1.000000000000000000e+00,2.600102245110681443e-01,1.336525837480703194e-01,1.958696803247660656e-01,2.453164285739923289e-01,1.762974540594542949e-01,1.150703468750742808e-01,1.177847782488487122e-01,1.320643980590499311e-01,-2.316966509414132569e-02,1.007089470324658981e-01,1.818295069856602220e-01,-2.050809920230023051e-02,-1.146919562183292413e-01,5.126282964665356684e-02,6.710178861657752980e-04,-1.280485948569787258e-01,-5.260500670791343203e-02,9.151896767327574733e-02,-6.281422729628097223e-02,-1.482024382430678633e-01,6.926281312236065406e-03,4.316884569026653573e-02,-1.019257963469409195e-01,-8.590949768939017128e-02,-3.889061373219171794e-03,-1.821566681025854617e-02,-1.220129261981372781e-01,6.065663160046422947e-02,-6.426372727711832100e-02,1.003190507538337389e-04,1.267146048152910376e-01,6.003385414009171361e-02,1.347586771129015148e-01,1.115901638930777984e-01,-8.753371868420829413e-03,5.567552466812829629e-03,8.622164051668643192e-02,1.106826863114183657e-01,1.032315852704361559e-03,-2.215035281040007506e-02,-2.757149056056443226e-02,1.515851200859197855e-02,1.505853448716884709e-02,1.383120522443572961e-02,6.125309056986941170e-02,2.731683109548015131e-02,-5.600435603570590171e-03,-2.027170237862088026e-02,-4.438352671561108381e-03,1.957516778244959219e-02,-1.952120851268812976e-02,2.025886763911969798e-02,1.264842262708561031e-02,-2.376524395969149134e-02,-1.869807172426170630e-02,-1.909993634798349063e-02,5.247346334157380540e-03,-9.718260983917634266e-02,-1.553572826929313505e-02,-3.620316226469043330e-02,-5.154882655139526176e-02,-9.062727564072232955e-02,-4.078541686346485312e-02,9.277990540589014373e-03,-3.796970711278255250e-02,-8.694816916777040744e-03,-2.907178314329508795e-02,6.459215893641191697e-02,2.483896559134304502e-02,1.091592265615768872e-02,4.332963857538519453e-02,-4.367093910513358997e-03,7.712990615544691037e-03,-2.217618414101089550e-02,-9.977930377161102569e-04,9.680209312289146315e-03,-5.417168563354739924e-02,-7.147869733951543909e-03,3.328621727510765876e-02,-3.721188171964830149e-02,-6.166906702603984491e-02,2.388450257921947290e-02,1.380262918581959090e-02,-8.877814220365606857e-02,-1.457685200636912003e-02,2.822588481120820100e-02,4.718251176126251299e-03,-1.414175407307673334e-02,7.639182134293917570e-03,2.214366974491454795e-02,9.434418852604103609e-03,1.774387988947208686e-02,2.994323493693349172e-02,6.029523634808795635e-02,8.436602420223036913e-02,6.475981980498035639e-02,5.711832933083540315e-02,1.243157949171218996e-02,4.403455866052846668e-02,7.749391510085988644e-02,4.171241715436031783e-02,7.876687454514928743e-02,-1.179762314904412440e-02,-4.529115973015018087e-02,-3.733505697278430291e-02,-4.294342307764510702e-02,-4.221809069994659352e-02,-5.601477125870986395e-02,-1.260102950799100452e-01,-7.306588967398100487e-02,-9.287851524195762931e-02,-5.868257441984597866e-02,-1.112431369032261946e-01,-1.161610336787064213e-01,-9.382478281045456003e-02,-7.527006361152396852e-02,-9.740939431686630734e-02,-9.773100049323307781e-02,-5.264819617677482522e-02,-8.779697722984318442e-02,-3.678491692775575500e-02,2.383383040750890539e-02,-3.853366695298114653e-02,1.342774031872661089e-01,6.356426144539724377e-02,-6.596916961348814334e-02,1.036879290383138641e-01,3.477668962773339256e-02,-5.261756536663400596e-02,-1.859885995206322362e-01,-1.737213165160525763e-01,-4.276754436278293325e-02,-1.035314931659564869e-01,-2.623240533139141115e-02,-8.966539507264681408e-02,-2.270374432813635629e-02,-5.795746668070615726e-02,-7.133793225213094780e-02
2.600102245110681443e-01,1.000000000000000000e+00,2.973226096454281708e-01,3.100306073899761206e-01,4.006719980413173121e-01,3.213237550916578922e-01,2.137848033678264315e-01,1.065406156465881632e-01,2.314783863427585242e-01,1.817246413770866598e-01,1.216690490771750038e-01,1.584297689904536899e-01,1.696280961768046880e-01,-5.697869592672220873e-02,-3.811534004061563341e-02,-1.553265260754818633e-02,-3.042345754161666221e-02,-5.493466275471717286e-02,8.048216276128563121e-03,-1.239983324377398784e-02,-1.065153826820804950e-01,-6.815657844277417388e-02,8.005617092219183273e-02,-4.042865411568500461e-02,-1.852225058134412128e-01,-7.215738926827754141e-02,-3.104296489822178096e-02,-1.780234402847175323e-01,7.583886064554574979e-02,-4.454423341284215188e-02,-4.605518602388949945e-02,1.632719895081332639e-01,2.435450643935898468e-02,1.409087255245308019e-03,2.165098611046143429e-01,7.922096267753160614e-02,-1.302502630629741864e-01,1.021456074969425698e-01,2.415453316421967145e-01,1.111622629088941661e-01,2.426614705399363428e-02,-8.394430736651657676e-02,3.409006232927833807e-02,-6.195424341541339724e-02,-8.340379809636770669e-02,6.498393957275552801e-02,8.378324863016056723e-02,7.008363828771489723e-02,7.618583591466970839e-02,1.255514545086505208e-02,-5.843417822556778302e-02,-1.481988703597609813e-01,2.871965161700565719e-02,-3.378759745417472121e-02,-1.216895884556393748e-01,1.998214724179573493e-02,-2.792569616638171381e-02,-5.105771912089276249e-02,-1.026828089811319539e-01,-2.081725957839252600e-02,3.118007478838337454e-02,-2.779945798390635534e-02,6.176078392655041244e-02,1.546442468361095002e-02,4.163292963830758642e-02,4.334452134622071573e-02,7.341984702793670232e-04,-4.110263401982505033e-02,2.051530514535254701e-02,1.059098869783425302e-02,-8.400479558716961170e-02,-1.171989684244850900e-02,-8.676593999099456618e-04,6.386452545987107016e-03,-7.126922154196457804e-02,3.701586417638089155e-02,3.019968897625027043e-02,-9.417154213669370888e-02,3.876450268631439350e-02,8.643031316309836287e-02,-6.588114689630036880e-02,-7.041390126885296863e-02,6.351067400941257102e-02,-8.553702131512722420e-03,-1.331204831812535516e-01,-2.786638187481370668e-02,6.003228941356764103e-02,3.889619853342466977e-03,2.146286212769772032e-04,4.180769938978044081e-02,4.454743428125049892e-02,1.142877587929332431e-03,3.217618858133167170e-02,5.828723464372331797e-02,6.722747738949005902e-02,8.745116537448396898e-02,7.293333224028000772e-02,1.796454727510130543e-03,-2.484695284762932985e-02,8.261585906276032454e-02,4.924210758155294493e-02,-4.714525711169270661e-02,2.223527477411629122e-02,2.334591925109832239e-02,-1.299697778953743570e-03,2.934257192260203428e-02,-1.283172934949514295e-02,-2.175319444744444608e-02,4.363741802075436771e-02,-5.672501462069603345e-02,3.534975707311796556e-02,-8.672651523805691154e-02,-4.684651487516876961e-02,-9.997122050345805255e-02,-1.889585260568122649e-01,-1.762078844382561627e-01,-8.576657933891880525e-02,-1.962428365841906441e-01,-1.063701067361867841e-01,-6.691589698102048955e-02,-2.155414370649667011e-01,-4.047024447433955618e-02,-1.019850036612090505e-01,-1.009543729295107189e-01,1.592342279603722877e-01,-7.424071894197575849e-02,-1.981836525878219735e-01,9.857139860919286733e-02,-1.365481315312171706e-01,-3.704566473526668680e-02,-2.572002608397946366e-01,-1.779574946553428572e-01,3.071594608653191102e-02,-2.428780081188615658e-01,-1.057664462442847314e-01,-1.678476871075235966e-01,-8.371715908244022064e-02,-1.162135615953259898e-01,-1.381754093852268495e-01
1.336525837480703194e-01,2.973226096454281708e-01,1.000000000000000000e+00,3.046730475242659941e-01,3.367277863458042475e-01,3.799328953944920428e-01,2.864462629274642236e-01,8.009203109121897091e-02,1.025340000795854634e-01,1.382788349949839457e-01,1.862196019952574721e-01,1.750263640483095962e-01,6.336535450498478926e-04,-1.943873351674520536e-02,9.339029473364030692e-03,-1.254398730186242206e-01,-4.513073793740196571e-02,3.778655497515980011e-02,-6.497625442866210299e-02,-1.476276614246640195e-01,-2.216315084482697872e-02,-2.134078265403359723e-02,-1.314357881098233150e-01,-1.235185552000738901e-01,-1.363714314669252081e-01,-9.907231498681931536e-02,5.406609293045519862e-03,-1.232386308951137488e-01,8.521631470635980532e-02,-1.095552984778388195e-01,-5.109191910511684184e-03,2.328851937884576784e-01,5.217309564085171464e-02,8.394634172654728832e-02,2.286800677235912294e-01,9.468962383482307232e-02,-9.971482743513929159e-02,1.320652067656965800e-01,2.382173671444121621e-01,5.847924597137070524e-02,5.551609884599574551e-02,-6.296852415466902553e-02,2.344772378680113137e-02,2.203979007063088663e-02,-1.984057546984990469e-02,-4.715679589939405017e-03,-1.811477639974140574e-02,-7.399737136318901287e-02,-2.780409549364779975e-03,-4.620455975828073603e-02,-7.758797844880480250e-03,-7.739594945749198041e-02,3.704873078647746842e-02,-2.731628793022235213e-02,2.159736925845383315e-04,1.083096869389907485e-01,-2.752273665224028165e-02,1.076317362138009930e-02,-3.641136875264258665e-02,-1.098276205194984173e-01,-7.011871506932225440e-02,-7.987936428961939228e-02,3.963933260934753011e-02,-1.066933573762129661e-01,8.891065134063728947e-03,-5.792821011902855172e-02,-3.271785353895109022e-02,-4.771553317655117393e-02,5.843185990517846262e-02,1.358666060525512420e-02,1.198199868062381317e-02,7.750998831178967929e-02,4.437687881300834275e-02,4.327894070607072458e-02,-1.451411749538227165e-02,9.281075844980243850e-02,9.809712952743084025e-03,-8.934262206472796952e-02,1.787533442658696403e-01,5.175981910545088965e-02,-1.722843473936093994e-01,2.084701803809881071e-02,1.588682688822914690e-01,-5.985670629054344605e-02,-1.832559267198398401e-01,-7.502928716867159065e-02,-1.282226421569310909e-02,-8.331992637854453154e-03,1.267264680111293840e-01,5.532905153439829360e-02,-2.391597939863506980e-02,8.486730922033675073e-02,8.811924262708557831e-02,2.660939657683649914e-02,1.111070065418045261e-01,1.839794519345630888e-02,1.100099050221711033e-01,4.144583626431477819e-02,-3.359200980094195765e-02,2.744863509605442731e-02,7.666613678707764890e-02,1.596854907658425398e-03,8.348756832108690518e-02,3.836186173387860776e-02,-3.587727930659406761e-02,-1.006300442449106075e-02,-7.861338840312585841e-02,-9.664970454210945749e-02,1.120287187028759643e-03,-1.381426170515137331e-01,-3.055845185830186744e-02,-1.064610092673623221e-01,-7.124004129003616570e-02,-1.980058322625366241e-01,-2.321241044311432855e-01,-1.915913648819908277e-01,-7.863586995713375827e-02,-1.660227513215305484e-01,-9.058044018711926271e-02,3.501440318918749850e-02,-1.427540684058639653e-01,-4.023518281083544694e-03,3.900114121079834018e-02,-7.363834515651009049e-02,2.150726121736715180e-01,1.102663164575602428e-01,-1.401300154415516808e-01,1.406941355493349366e-01,7.602374583559926360e-03,-1.133811605191274025e-01,-2.386085188598708606e-01,-1.882323845136176232e-01,-1.540307084315362951e-01,-1.533482235837129726e-01,-1.005580142100557101e-01,-1.923471709021306597e-01,-9.096667296108797152e-02,-9.157932021750724016e-02,-1.441175805757008155e-01
1.958696803247660656e-01,3.100306073899761206e-01,3.046730475242659941e-01,1.000000000000000000e+00,3.309312719669254554e-01,2.653924243151579154e-01,2.375773839293710554e-01,2.765569458957011784e-01,1.725912502985590125e-01,9.424480744670807320e-02,3.420738335102475602e-01,3.577102845943668785e-01,1.545462259043937914e-01,1.027130083446837483e-01,2.281098212812115444e-01,6.622789860248021188e-02,3.255848381144230141e-02,1.129226893314190100e-01,1.120358634790985797e-01,-1.974608557968705880e-01,-7.726540860517147613e-02,7.058184768196759662e-02,-1.918009786993396179e-02,-2.666881750989663069e-01,-3.549271117068668047e-01,-3.224762564522223318e-01,-2.326370818375906591e-01,-4.643547484455567420e-01,-2.231354911048591128e-01,-2.289646127760828209e-01,-1.820728835382721678e-01,2.008923183345245611e-01,-4.333561610626771032e-02,-6.061215882267302624e-02,2.716917169907646645e-01,2.320829467362412191e-01,-1.765744756000954541e-01,-8.657512029662634001e-02,2.286664208809393306e-01,-1.804249447260587377e-02,5.025752285867123720e-02,-1.149838637973189630e-02,9.947667516281501199e-02,4.090301910294220217e-02,8.739250850524303560e-02,1.972062104697037271e-02,-8.783533624744301049e-03,5.655189266125475178e-02,-5.120341893628740058e-03,-2.579041479257063868e-02,-1.071908101705653336e-02,-9.588149047792599022e-02,-9.053883983624248788e-02,-3.885625830104087741e-02,-3.023443553637332817e-02,-4.105439804078530458e-02,-1.121196402677527848e-01,-2.238090935564917769e-02,-6.794967275398020035e-02,-1.214840038758246421e-01,-4.865021493565991478e-02,-1.070222017297882688e-01,3.884694239706058816e-02,-7.595528421906923289e-02,-2.780843642152042508e-02,-1.847333985787552937e-02,-3.187350578390346634e-02,-6.632471351996706288e-02,-7.339194193981206371e-02,-9.033822881496895996e-02,-7.238441951546384368e-02,-8.383165686842293518e-02,-7.929998481330331750e-02,2.124561940230263596e-02,-1.082635460911115927e-01,-1.562113555944128276e-02,8.908051353781851200e-03,-1.702895579392572634e-01,4.559662482180308618e-02,2.880514605110529036e-02,-1.610496350077781635e-01,-8.819583942131221932e-02,5.459569729347320266e-02,-8.000065620117038923e-02,-1.782088581830258422e-01,-4.344466635186471082e-02,7.225212806975646329e-02,-2.351904400123197222e-02,2.109049606039736444e-02,8.589490552709384830e-02,3.988387758263117755e-02,-3.853161299038550345e-03,8.196029817998727596e-02,1.106377745019339748e-01,1.105452830941319325e-01,5.603171711049610704e-02,1.063820497698426126e-01,5.936246930758396628e-03,-8.364548783906852747e-02,-1.976177116161242052e-03,-9.464500133278681262e-05,-7.736936799371811613e-02,-4.930677563150350634e-03,7.774977180958103640e-02,6.360576665266175211e-02,9.942971245954350390e-02,6.203248540596017352e-02,-3.467566062851942799e-02,1.084421334931241626e-01,-6.570448658629206296e-02,-3.280424190347742963e-02,5.229573342525815904e-02,5.057672334315061607e-02,1.054802063984604417e-02,-1.101169775158863107e-01,-1.391005978067366700e-01,-1.995382443810479745e-02,-9.420275677831060901e-02,-5.475202258990592707e-02,1.021545195191281147e-01,-1.955579037178288571e-01,1.285843790964608657e-01,2.463446816035001069e-02,6.918778350623361328e-02,2.909069140491758465e-01,1.309051740493065777e-04,-2.402449933487042950e-03,3.341284864235687935e-01,-1.262632071139223322e-01,2.126077137567226327e-01,-1.509564792490343810e-01,-5.513963700062844697e-02,1.601855674249810235e-01,-1.014423294516215435e-01,1.817885795258456991e-02,-2.457114320122714274e-02,-4.236594680326254830e-02,-7.751355746435873752e-03,-3.086151827799950981e-02
2.453164285739923289e-01,4.006719980413173121e-01,3.367277863458042475e-01,3.309312719669254554e-01,1.000000000000000000e+00,3.370570188874085216e-01,1.263233411814554674e-01,2.549054391013867438e-01,1.682365479324713087e-01,6.428788914757012363e-02,1.940780849346947778e-01,2.289756566598630805e-01,-3.228877125085033439e-02,-2.109590284611672362e-01,4.443046904349425182e-03,-6.928825292949380987e-02,-2.370220480484375447e-01,-1.600745385244009000e-01,5.874272269299709442e-02,-8.389280896766281026e-02,-2.334115633420367764e-01,-6.835686385072131666e-02,8.571655893196389320e-02,-1.443219214089594693e-01,-1.784024207158324826e-01,-2.277831691164887776e-02,-5.337154466928569624e-02,-1.878935216475431103e-01,1.706939907076888696e-01,1.113343852951747676e-01,2.021628520867355949e-01,4.002525415397945041e-01,2.030900542490844396e-01,1.704902857837744534e-01,3.583308027834967713e-01,-4.112107016872756926e-02,-1.282972373663789356e-01,2.534596898204687920e-01,3.137568084622632258e-01,1.558473379920793378e-01,8.423708177808481717e-03,-1.755983033078978017e-01,1.114818592718576640e-01,4.661478669056636631e-02,-1.065522833382779727e-01,6.727614765244339934e-02,1.360262322268828705e-01,2.782712739116196404e-02,1.264875627414120685e-01,1.137493540560674254e-01,-1.254298525214344977e-02,-1.355418532599219905e-01,1.781529488157544139e-01,2.111723179178496071e-03,-1.918579640892301499e-02,1.258327319096002317e-01,-6.521248733148948991e-03,-1.126809965890854769e-02,-6.411983808057171441e-02,-1.359802113029432713e-01,-6.143717627001524934e-02,-9.326554584277195470e-02,-1.664808732020171128e-02,-1.064966075191115247e-01,-2.809818519657018843e-02,-5.732030185259098798e-02,-1.057058634253274787e-01,1.290494769738875780e-02,9.907531253752972777e-02,4.707666501198979475e-02,7.924684364478408460e-02,1.235756687743435472e-01,1.025310408562185860e-01,4.808020242448241693e-02,-1.134109265204098077e-02,1.352536273628719143e-01,3.324717537105468385e-02,-5.513576318473086685e-02,1.530022021174113900e-01,1.255401694690778391e-01,-1.085918430514642569e-01,-1.803721591717983089e-02,1.784592582620657675e-01,4.467650020483136808e-02,-1.391361608576504039e-01,-5.988086033464145447e-02,-8.361819708944591770e-03,5.673282273581554264e-02,1.300225481003700612e-01,8.636673154467632355e-03,-5.583406177061478936e-04,8.354634265407677451e-02,5.937663427914320613e-02,9.419662550627920516e-03,6.847982980058218982e-02,-1.836153293351312082e-02,4.520728901313056380e-02,-3.358222673028970345e-02,-7.527727113593926656e-02,7.171340659887489276e-03,2.545336632506664878e-02,-3.869786949280559600e-03,4.323503791541341568e-02,2.250367222461821526e-02,-5.064288355089525961e-02,1.006631772637056263e-02,-1.216437377568231892e-01,-1.279696984943420324e-01,3.281109684525146397e-02,-1.991292497771420256e-01,-4.631917482250250129e-02,-1.817029234079929334e-01,-6.863126104860044208e-02,-3.048898567057599651e-01,-3.033041778549150913e-01,-3.388598818521154632e-01,-1.411295692065076823e-01,-3.406713893190761455e-01,-2.816425840688393523e-01,-9.276460329131280824e-02,-3.376676155855549144e-01,-2.129351378535521144e-01,-1.260921772556777842e-01,-2.507700470971861995e-01,1.701928074020787607e-01,-4.854498669465601157e-02,-3.414151545066486659e-01,3.133591799044879722e-02,-1.532095918457865025e-01,-1.583813873588370835e-01,-1.575359142098871346e-01,-1.062839319953505501e-01,-9.200630594786646244e-02,-2.245799644604616896e-01,3.240141184157419030e-02,-4.881982853863291172e-02,3.123146581324607804e-02,-2.051695841298933204e-02,-3.744947181290424892e-02
1.762974540594542949e-01,3.213237550916578922e-01,3.799328953944920428e-01,2.653924243151579154e-01,3.370570188874085216e-01,1.000000000000000000e+00,2.936596499018267470e-01,1.611975880368230751e-01,4.825813080497437513e-01,1.885648379405421293e-01,2.869710392421867193e-02,2.404397825150851042e-01,1.666555985775769466e-01,-1.599316599626303403e-01,-8.467770052068092357e-02,7.819046119614918300e-02,-3.943634829922747914e-02,-1.499223356119563366e-01,-5.765609455169921904e-02,1.431403742840712569e-02,-7.078183217689258677e-02,-1.667323903914413319e-01,-3.734835312782682631e-02,-1.103602898413793693e-01,-1.584088082537082054e-01,-1.192869965460004039e-01,-1.975262668468997507e-01,-1.641459078833942820e-01,8.864787749715326293e-02,-3.042551828944538017e-01,-1.200212903970425404e-01,2.177779031062978821e-01,-2.852244898528601830e-02,1.719180147366350109e-01,2.091160795676021422e-01,1.720692389912186482e-01,9.088877080549230894e-03,3.080320260416175571e-01,3.109939865592079022e-01,1.041129592473263726e-01,6.259940180727670278e-02,-3.465129734987362070e-02,-7.298292549925479433e-02,1.478083970688094401e-03,-2.890108132425254009e-02,4.585136485154190332e-03,-7.207479920027407005e-02,-6.790823880330987272e-02,1.676585776159523339e-02,-4.202628108490364528e-02,-3.179132907412694081e-02,-2.074429503714169884e-02,6.804439500744345615e-02,8.376418582274791635e-02,4.531443927822048634e-02,7.385222816083278352e-02,2.147074360734591708e-02,7.945100357227356802e-02,1.662839253443768386e-02,-6.113951320765527268e-03,-1.043198730504332587e-02,-9.017369592645760323e-02,4.651291747706879504e-02,-1.103275285659545933e-02,3.041399875097239303e-02,-4.923886579874928171e-02,2.309829964488552267e-02,-4.176573882973939195e-02,2.208044533537793092e-02,-4.737046935464592906e-02,3.543068686472296974e-02,2.303070684878049182e-02,-5.232247680215438429e-02,-4.711946749054151534e-02,-1.224204847400779533e-01,-9.487072632585644150e-02,-1.381870513840373349e-01,-1.640835994102841922e-01,-2.927321602762443173e-02,1.194018022176748933e-01,-6.276978145190428848e-02,-1.743138632341886263e-01,6.354253126962139397e-02,1.182228651800198010e-01,-1.232133684403481921e-01,1.671641812677755468e-01,1.777041426538423230e-01,3.497771797546986999e-02,-1.009442954199235992e-01,6.045901647208023338e-02,1.615007904692662144e-01,1.785490434003757926e-02,-1.438388834263536475e-01,8.429850602041505381e-02,1.060481776965982448e-01,2.151832522462418518e-01,1.312824591064559177e-01,1.090519320663788233e-01,7.087201915541324615e-02,6.101932427222376415e-02,5.117025755295533107e-02,7.239984189334373876e-02,1.127373429117895232e-01,-1.884999887356801906e-01,-5.175884985793970106e-02,-2.055188331902138288e-01,-1.705998806464814055e-01,-1.485890669976224765e-01,-1.613718538762368981e-01,-2.547694955018127150e-01,-2.190064194426905309e-01,-1.201666806725654041e-01,-1.396478144832163648e-01,-1.349203812733968111e-01,-1.106137081964375518e-01,-1.642081131623663315e-01,-8.680147019360678895e-02,-1.091183717853995705e-01,-2.195122927534112756e-01,-2.881328256945172445e-02,-1.126447696627126960e-01,3.062969396338083034e-03,1.238504070280535829e-01,-8.000245748858762773e-02,2.098650449158934173e-01,2.452571272757291809e-01,-1.263087760921473568e-01,2.894778361126840172e-01,1.175576916314772374e-01,-1.100706853048934730e-01,-3.707835610896361156e-01,-3.362210636909675476e-01,-1.787713396370632646e-01,-2.036756815475601889e-01,-1.588184436855218928e-01,-2.003095291408950873e-01,-1.412292727766437661e-01,-1.337502505594182212e-01,-1.542359565387375064e-01
1.150703468750742808e-01,2.137848033678264315e-01,2.864462629274642236e-01,2.375773839293710554e-01,1.263233411814554674e-01,2.936596499018267470e-01,1.000000000000000000e+00,2.018129158118474320e-01,7.329067161360339200e-02,3.624191308606040107e-01,2.962080653680234654e-01,-2.806740121829197007e-02,9.332413950155887816e-02,1.180399337109272334e-01,-1.749224749745705576e-01,-2.288545483192807317e-01,3.279438728810978032e-02,-2.541720217900377693e-02,-2.147454142293279966e-01,-1.239763196126067585e-01,2.476870046444425155e-02,-1.041347765694251443e-01,-1.859912133778782450e-01,-4.102400757478190385e-02,-1.171912377824863571e-01,-3.125696885930873224e-03,8.667557636248943154e-02,-2.385150820834737798e-02,2.152025573975066275e-01,-4.533722638575513227e-03,-2.118455400964620872e-02,1.345648340802936826e-01,7.461206919974942842e-02,3.022149982881905395e-02,1.349614060506703628e-01,3.302536560797356829e-02,-1.361009755965497670e-01,4.306532798218332125e-02,1.668592205189159960e-01,5.196718995138045055e-02,3.522855489988896329e-03,-9.471735628730493239e-02,-3.055028406935007823e-02,-1.079199310640198556e-01,-1.535693070677731642e-01,-4.643704832606004342e-03,5.337707529383475813e-02,1.201756566618695787e-01,2.492965578076801469e-02,-9.070432882410170558e-04,1.097732243589903678e-01,-3.519955233135849820e-02,-1.692042108382188492e-02,-1.771262387508582004e-02,-1.669953708566488670e-01,8.856968353721794696e-03,-1.410749895938484266e-01,-1.225909913819932529e-01,-3.483935348221255807e-02,-4.264261974445762715e-02,-9.329030607289123811e-03,-5.582801575012587281e-02,1.342986659454657554e-02,-5.030300317193815707e-02,-3.248513091783584300e-02,2.406922549649853291e-02,-8.510215358241871725e-03,-4.648565850709820979e-02,8.528951276003653159e-02,-5.422775975016508841e-03,-5.800892600289104389e-02,2.864021500065397352e-02,6.007603066982243611e-02,7.263073322527932411e-03,4.015880901693235500e-02,4.507477483558733344e-02,-2.130092885775751455e-02,1.389531931831380386e-02,-1.377215502429282590e-02,-1.326494285923913823e-02,2.386027776247478388e-02,-5.983691488019552904e-03,-3.040449386254205633e-02,-1.494497321094800067e-02,-1.014344569489550492e-02,1.105498048369789321e-02,4.066994835965945937e-02,-1.381008205357469720e-03,-7.344387937523871868e-02,-7.902489390958002471e-03,4.630035352897860640e-02,-2.567256331832275251e-02,-5.133628406574457237e-02,9.217333609724803062e-03,6.054761713706385828e-02,4.305687724338589512e-02,1.756090500098414497e-02,8.040059768332180612e-02,7.445534104041026668e-02,9.266487016637557639e-02,1.282662687239789767e-01,4.635469796769552814e-02,4.749975145203676197e-02,-1.485281095443872351e-02,-7.156615301437933840e-02,2.341819934553204807e-02,5.461532184971728404e-02,-3.963376210720179378e-03,1.015656028112537149e-02,-3.957885353901903491e-02,-2.916589508006795645e-02,-1.043419171733575984e-01,-2.536310788823079379e-02,-3.219317071912271983e-02,-7.872254990566912580e-02,-4.767411355063827516e-02,-3.740670166522182954e-02,-5.715388288639060288e-02,6.213519218075305890e-03,1.600823883593588404e-02,-5.604686497920016719e-02,1.190914839101122474e-02,-2.979384195377810310e-02,-4.306507725606882608e-02,1.564267273959074889e-01,-4.751827310134768001e-02,-2.486398307648020611e-01,7.726236689172018279e-02,-6.737787931648285544e-02,-2.091148583647030601e-01,-2.577444303738463116e-01,-1.818787746777655312e-01,-1.126605009365102272e-01,-1.908587788096980653e-01,-1.494471215281018006e-01,-2.137195590142132728e-01,-1.567746908342118883e-01,-1.574060433551396909e-01,-1.605146182895668405e-01
1.177847782488487122e-01,1.065406156465881632e-01,8.009203109121897091e-02,2.765569458957011784e-01,2.549054391013867438e-01,1.611975880368230751e-01,2.018129158118474320e-01,1.000000000000000000e+00,2.387119154272365762e-01,4.655114761966651360e-02,7.403657123494133963e-02,1.895886572923586311e-01,5.948745701214175341e-03,-1.568416605350867743e-01,1.301428615992258203e-02,1.702008729477349699e-02,-1.796652498893281102e-01,-9.730837658635600740e-02,7.063359939810891219e-02,-3.819459940463353076e-02,-1.444433318916118758e-01,-6.402940789744870909e-02,-1.968168557107764088e-02,-2.503579169106230906e-01,-1.187971501226649101e-01,-1.575663558148955590e-01,-1.607691598650210496e-01,-2.305444506510271330e-01,-5.319096490026423846e-02,-7.293305864699618779e-02,7.889532965261283892e-02,2.185921619015039341e-01,7.557495557872846714e-02,2.000522194786330532e-01,1.770218687245405098e-01,3.489777439971167034e-03,2.369870101504607460e-02,1.433315508958696582e-01,1.237024041685993586e-01,1.203739707037351780e-01,4.666117854888914701e-02,-1.618123994130565846e-01,-6.249223922250391437e-03,3.520443328481485945e-02,-3.888401729589257422e-02,-7.871926425631788071e-02,-3.446099613400434997e-02,-6.041601064802512577e-02,-7.686460380478077857e-03,7.584125933550124599e-02,1.406684944699361506e-01,1.752279613084746501e-02,1.182953899100827877e-01,1.570808441546637235e-01,5.811516420079263640e-02,1.329661461556275737e-01,-7.589153145956764601e-02,-6.136565468025818176e-02,-5.275627724594520417e-03,-7.317893074160942979e-02,-1.917435303108853614e-02,-1.215459456259136289e-01,-2.548472642868757077e-02,-1.567622331211355469e-01,-7.073137411996274770e-02,-7.707171887823233147e-02,2.864298796556355442e-02,3.284483498656577682e-02,6.893899282097264158e-02,2.544989901534912974e-02,6.599216590977065658e-03,4.331377273502623471e-02,1.830614791419662296e-02,3.422729103140478846e-02,1.702639098105473286e-02,1.307960657508285517e-02,3.844014221847831536e-02,-7.779492278834987048e-03,-2.135585124905728382e-02,2.866388570492147195e-02,3.062019772257995251e-02,-3.401646859576177434e-02,-1.391357650177701619e-02,1.139255054204205489e-02,1.812191661228736844e-02,1.982403340780249101e-02,3.179212433718309194e-02,-5.182269590486348471e-02,-5.992477279933900586e-02,3.023527758717175010e-02,7.766526044161484958e-04,-6.421769401641902464e-02,-2.477835470234819940e-02,1.706195992060630454e-02,-1.616828333994931380e-02,2.845532015367384718e-02,5.542269778425739507e-03,1.746783244177269392e-02,9.647167717262504494e-03,-2.189437923831116795e-02,7.725665437656977115e-03,-5.359928149045849188e-02,-3.926792155664014100e-02,-3.395095959625189785e-02,-7.909535097698540407e-02,4.281136645583796113e-02,-6.984018040771855507e-02,-1.089588397385138074e-01,8.062860128284086991e-02,-1.483772693857568215e-01,-9.608992812688284257e-02,-1.298395419126235906e-01,-1.329028721847385630e-01,-1.708662749474612885e-01,-1.888671607782409223e-01,-1.756631977830695468e-01,-5.744659793835516642e-02,-1.593625019340328686e-01,-6.019769277911661554e-02,8.941559795959445889e-02,-8.053149554973010327e-02,-1.591801480195897261e-02,8.140467366077565325e-02,-5.450530844207470554e-02,1.387837546722982263e-01,9.860870717833319921e-02,-2.725394790356085173e-02,1.248873662321307448e-01,2.805119829752127807e-04,1.677169949161327195e-02,3.841368750858009662e-02,4.715630407476756173e-04,7.971049511852106029e-02,-7.950388262715371579e-02,-2.777020172538826465e-02,-2.424649405926384768e-02,-9.533434578456274899e-02,-8.039267206986094871e-02,-2.923058697440141310e-02
1.320643980590499311e-01,2.314783863427585242e-01,1.025340000795854634e-01,1.725912502985590125e-01,1.682365479324713087e-01,4.825813080497437513e-01,7.329067161360339200e-02,2.387119154272365762e-01,1.000000000000000000e+00,8.259443507643612903e-02,-2.438598441176739462e-01,3.700330335217591471e-01,2.930536009333770675e-01,-3.237784918559630798e-01,-1.216685508713154368e-01,3.699039134566207143e-01,-1.991894024720240741e-02,-2.742980975421306922e-01,1.132782503439633548e-01,1.998289956018770852e-01,-1.612563381717692923e-01,-1.458159091549403041e-01,1.616168902713845390e-01,-6.540122795267479250e-02,-5.784117618121645266e-02,-1.853689254403654285e-01,-1.910527631318881536e-01,-3.149402715443548884e-01,-5.155817507084874129e-02,-3.180847496044661438e-01,-1.630055509053074392e-01,1.565755423287341630e-01,4.022347318045960823e-02,1.391462353739369717e-01,2.271580653638362313e-01,5.739374885281119804e-02,-3.385329330899274070e-02,2.937174207063250053e-01,3.143427503588981375e-01,1.201743754696431993e-01,1.489238718940475714e-01,6.694901183374893372e-02,-4.279861576601658385e-04,1.079107107137309701e-01,2.353502388497610148e-02,-2.334367217040882181e-02,-3.724702180711083471e-02,-2.056115960498382592e-02,2.885609440362341474e-02,-3.736418638990827989e-02,-7.619546916082543808e-02,-6.200043237674698199e-03,7.293648826362365833e-02,6.456513117443592187e-02,1.092548285862469382e-01,3.015324311777171223e-02,3.636312679038816026e-02,1.265610791456537321e-01,6.163171595609330533e-02,-1.075660426881479281e-02,6.063929417125771271e-02,-2.309054921936848099e-03,2.256059499705823437e-02,3.616462477749358972e-02,1.049023876070583200e-01,-5.029723202719569436e-02,7.622470017428119304e-02,-2.642051632615973790e-03,-5.530914950261049678e-02,-6.435984523437247862e-02,1.589251271715853842e-02,-2.894181033976336945e-03,-9.907090596878670441e-02,-5.477800763323756317e-02,-1.355569210088156118e-01,-1.374534106684377477e-01,-1.602489341045693072e-01,-1.563349075061631899e-01,-1.411160774016019803e-01,9.414567435034044973e-02,3.494794910793896318e-03,-2.045018172890346042e-01,-2.656447329671593124e-02,1.536433165760982267e-01,-2.029908587726332939e-02,1.604409270387695818e-01,1.373814213513510907e-01,4.317525294381593937e-02,-1.737854066521206942e-01,-5.010631015541488868e-03,1.542318010738220058e-01,-2.104759463937419528e-02,-1.068219976134635596e-01,2.640231352042155324e-02,6.673905035129237828e-02,1.589297204077041170e-01,1.042953613853424694e-01,7.236235179865907474e-02,8.626195639797670789e-02,1.384321868210031947e-01,4.450890162972867548e-02,3.308224448512754601e-02,9.980727329853308905e-02,-1.392788210888053213e-01,-7.125973917903373478e-02,-1.500726644203211890e-01,-1.472707250162764436e-01,-5.957037052007290584e-02,-1.045957512137457718e-01,-1.711107144751943809e-01,-1.527470098450930402e-01,-7.635480698731904325e-02,-1.741842518806189510e-01,-8.861919433032496018e-02,-1.625383733999391234e-01,-2.450233124044417787e-01,-2.216003678804496779e-01,-2.057813766729504890e-01,-2.638930440135955346e-01,-1.488094906929989247e-01,-2.098741955078118060e-01,-1.273341954821932132e-01,-6.662139588702452320e-03,-1.564495729142204861e-01,1.050483389690909375e-02,9.975976049590482009e-02,-1.186826052872152482e-01,1.556402481804376181e-01,2.157646788017311690e-02,-7.771686126554812335e-02,-2.140166550610378138e-01,-1.675422495814684887e-01,-5.145814716222157220e-02,-1.209818881436141164e-01,-1.110977700525977857e-01,-7.247685320853945734e-02,-1.038071315952330265e-01,-9.300237770779762325e-02,-6.841392545321495211e-02
-2.316966509414132569e-02,1.817246413770866598e-01,1.382788349949839457e-01,9.424480744670807320e-02,6.428788914757012363e-02,1.885648379405421293e-01,3.624191308606040107e-01,4.655114761966651360e-02,8.259443507643612903e-02,1.000000000000000000e+00,1.000561314115941125e-01,-2.756144951836118628e-01,2.843262975304083895e-01,2.784736125839454846e-01,-3.460876850173162378e-01,-2.138729098405301454e-01,2.517632106124963465e-01,-8.796474168751888811e-02,-3.322993206287072621e-01,7.594120674298895923e-02,2.003704902160603762e-01,-2.383046270828954039e-01,-2.054335738903738662e-01,2.010174204654574248e-01,-7.234562682710517223e-02,9.955335645102628139e-02,1.873876718078025527e-01,6.417512392233869212e-02,2.913010762797278441e-01,1.033003870338346369e-01,-3.037837073494732004e-02,3.410913723248120560e-02,8.832534059142253813e-02,-1.675871519904063578e-01,1.427389245561246911e-01,-6.698905782905557015e-03,-3.276651285424899140e-01,1.644809686108768959e-02,2.377998944488016464e-01,1.285324741291586637e-01,1.599871812608102128e-01,2.222490844436113971e-02,-1.399459280010754113e-02,7.854105719021384213e-03,-1.442175056398543043e-01,-2.771636462701705661e-02,1.965071710016376514e-03,1.360506203132268166e-01,1.656681411272001997e-02,-1.405130636890747076e-01,-6.233482872019562027e-02,-7.058302458426876647e-02,-4.256653327305406735e-03,-1.058027816934817428e-01,-8.789786313915853855e-02,3.780795500250106606e-02,-1.352654287382759890e-01,2.673600720350001458e-02,3.289171653415846192e-02,8.151198537666441701e-02,4.165838790091651311e-02,-6.268636299327257078e-02,-6.811153965329210143e-03,1.670794983424001359e-02,-1.204765429420520395e-01,-2.127025953703773689e-02,-9.492075173994422854e-02,-4.477706520367874532e-02,-5.904384842446839220e-03,8.096840219129219224e-03,-1.858182284283824842e-02,3.724503904342470195e-02,-4.542005415344568635e-03,1.395878891187340813e-02,-8.848662281583964673e-02,1.844880415699941961e-02,-6.138230735503893282e-02,-9.834793094070409802e-02,3.153503172136853244e-02,7.281248910024561496e-03,-1.070726001118819104e-01,-4.617415203815354585e-02,5.225050164338040926e-02,-3.324868776970053841e-02,-1.142263323611242554e-01,-2.988830110882584670e-02,5.623848376237230995e-02,3.940373983570453348e-02,-1.166572673181824962e-02,1.474029560922468333e-02,7.288721920069844706e-02,3.643883736949233426e-02,3.880345507521855419e-02,3.843072263122669641e-02,1.208515531464727094e-01,7.883484098843410171e-02,1.620407704827033502e-01,1.072748335913207424e-01,-3.558673777034838861e-03,1.165214115215238710e-01,6.877414027747193181e-02,-1.094243299598977696e-02,7.429034660008837498e-02,6.292141013957851248e-02,2.016768555267785604e-02,3.296948654647859078e-02,2.690289023226368967e-02,-2.874178453419598891e-02,2.036357390972167586e-02,5.171992322969444500e-02,3.875232085180725650e-02,4.265812969115649611e-02,1.455957813524430822e-01,4.478073227480780516e-02,-4.923338796138569673e-02,-9.039077409252270490e-02,-5.914254354926503504e-02,-1.273385217163085781e-01,-9.111838581758489874e-02,-8.411391308696850033e-03,-1.830392635736141360e-01,-8.336761950204496507e-02,-2.813357659407705880e-01,-1.107974325274798111e-01,1.079016448122502858e-01,-2.304771430934661469e-01,-1.917101136828919250e-01,-5.539780849820727035e-03,-2.290133879247654436e-01,-1.737083177424449398e-01,-2.040064770218523449e-01,-1.792694174410509600e-01,-1.373400674244431574e-01,-1.862351030798111984e-01,-7.125276830444927934e-02,-1.980969476395501028e-01,-3.092991379134906599e-02,-1.056996933764686591e-01,-1.380580954045099729e-01
1.007089470324658981e-01,1.216690490771750038e-01,1.862196019952574721e-01,3.420738335102475602e-01,1.940780849346947778e-01,2.869710392421867193e-02,2.962080653680234654e-01,7.403657123494133963e-02,-2.438598441176739462e-01,1.000561314115941125e-01,1.000000000000000000e+00,1.450937112658123862e-01,-1.484783168014910393e-01,3.253707877989355235e-01,3.072168538363875823e-01,-3.211255768135189426e-01,-8.655871381577000256e-02,3.071625973394740972e-01,3.448006990717092379e-02,-4.504656599319780685e-01,-3.550055927834766534e-02,2.532619129227170474e-01,-1.969196874920171592e-01,-2.613291879555417196e-01,-3.919623209575675560e-01,-1.465702718919859315e-01,-1.000363789446925972e-01,-7.477803067873349530e-02,-1.198054798120716247e-01,-8.117107425310803037e-02,-6.831917450119205648e-02,1.041021595652644460e-01,-1.126120466195047187e-01,-7.877992907994396665e-02,1.217715330699133125e-01,2.088997786365628384e-01,-9.292327019889251583e-02,-1.757494550045515247e-01,4.814482095485617813e-02,-8.694133282307208582e-03,-9.646069032977698521e-02,-1.441271085211143776e-01,-4.359704643316055644e-02,-6.496705055308626964e-02,-7.515624852207902773e-02,8.862113078904720886e-03,-2.032826837867116043e-02,1.086120592760661946e-01,-9.686278086710331525e-02,5.443427511177411499e-02,1.305623434401668725e-01,-1.457229630066536781e-02,-5.818685000166314535e-03,6.215784080289200181e-02,-8.850823869168879254e-02,4.970754623216472323e-02,-3.597417360123352642e-02,-6.695961064331137913e-02,-1.403504542726637973e-02,6.525469780445576976e-03,-8.947771941078395963e-03,-1.046454361454928761e-01,-5.957151230506236433e-02,-1.314114244874112769e-01,-1.022934039679796320e-01,-1.060182751070725404e-01,-1.903952518182442100e-01,-1.261021068414855950e-01,-5.183006306208801789e-02,-7.027171849637678380e-02,-9.680285551145720313e-02,-7.288348511188574852e-02,-8.112581332933808953e-02,-1.006602790405875941e-01,-1.314942007437168714e-01,1.417176472574206789e-03,-1.671316157869465191e-02,-8.233912187373683411e-02,1.284243444701534398e-01,1.178748576313013718e-01,-1.056395275636244774e-01,-1.637882848368938174e-02,1.500962154779463820e-01,-2.539236903821978988e-02,-1.504978547839143088e-01,-6.903637749205515650e-02,2.257852838997427558e-02,7.295295244381413968e-02,7.180653623960527032e-02,8.992679792164491939e-03,3.787301744313990165e-02,7.262941169612620318e-02,5.676964821907781039e-02,7.604096846378717578e-02,1.043683406737368480e-01,1.879603000945664557e-02,5.796913516539117794e-02,8.413808193988948914e-02,-2.447593355489217914e-02,1.221551951120449127e-02,2.346581485522210905e-03,-1.332712896973276342e-02,-6.326060853254839023e-02,7.713641414513373873e-02,5.161075663021412463e-02,1.248381710800170463e-01,5.481812449856120206e-02,-6.656057177376763223e-02,8.497979868020022476e-02,-7.844391007003594096e-02,-3.977991114364286263e-02,-4.095310563700715195e-02,2.778616183955984892e-02,4.758817098298009224e-02,3.666099442064228026e-02,-2.508772695810546766e-02,4.166684242306361446e-02,5.933886950760684093e-02,3.616780577494928262e-02,9.439038092427716464e-02,-6.362369452824920280e-02,2.059269912971039840e-01,7.403613269592976276e-02,8.565600306818808851e-02,3.347086988101952709e-01,3.386520612351218845e-02,5.237278853160117625e-02,2.735617262778775594e-01,2.277265770895852033e-03,1.374201390664940847e-01,-1.411294320519257406e-01,2.050032741946317821e-02,1.384977077231330234e-01,3.477850714313632935e-02,4.663505517385586191e-02,-2.800359674086655079e-02,-2.105051005274567386e-02,1.371197592278348455e-02,-2.751213558519830654e-02
