1.000000000000000000e+00,4.410449097143814279e-01,2.323885042135746259e-01,-8.749190454529222859e-04,1.893148950382234075e-02,7.650922844953161883e-02,-2.492646561844908543e-02,-3.887398954657116795e-02,-2.243612703418943963e-02,-5.477165080800963128e-03,2.505429782815834366e-02,6.273838557775631569e-03,1.981708762309372998e-02,-2.712130393965100569e-02,4.896291043184235366e-03,8.874911000027012331e-03,-2.237657512084882845e-03,-2.103660119355369590e-02,-3.961016899933390151e-02,-9.317347224496371275e-03,-2.395284095869154931e-02,-6.085703417748266134e-03,1.326256041561089949e-02,9.236643446591561585e-03,-7.707871586974892122e-03,-7.100840718095391933e-03,-6.108207980457429701e-03,-3.268287450384636111e-02,-3.942792964354684127e-02,-2.254979537635654410e-02,-6.683465924882674332e-03,-4.408136074898354184e-02,-6.504417006294036657e-03,-1.404600332118785544e-02,4.496697027491486755e-04,-1.211424738909241267e-02,1.300445791342376076e-02,6.217552871843490953e-03,-1.565044996739943430e-03,-2.848279668091764985e-02,1.033476975126988197e-02,1.109156282173290840e-02,3.306305346287417152e-02,3.254912002348840649e-02,3.353205677765568049e-02,2.599956776571292830e-02,-6.718400549306619528e-03,3.779289514746475391e-03,3.156368339226464648e-02,2.444815329888152047e-02,1.920304100447536204e-03,5.143635446662461926e-03,9.739959561835332888e-03,-8.287929657196045283e-03,1.532406377325830002e-02,9.360694105637639610e-04,1.805430082931926312e-03,-7.042154887878338682e-03,-7.771439958079402917e-03,-1.283684480364233153e-02,2.402350493371742737e-02,1.779363880232015180e-02,1.432938940186838719e-02,8.062586249905013408e-03,6.522413800556114798e-03,1.250573859893834051e-02,2.665146577304495189e-03,-1.156349563291815367e-02,-1.646002558201091134e-02,2.334324807792721636e-03,-1.557188354713710636e-02
4.410449097143814279e-01,1.000000000000000000e+00,2.093149780677817928e-01,1.123658557610903441e-01,1.601899883351515785e-01,1.516882742610335122e-01,-1.023551674461479523e-02,3.523872558240390140e-02,2.103368434866127387e-02,4.581630013760337738e-02,5.844206957438804334e-02,2.837423315792987275e-02,4.193641993454117617e-02,-5.872353728561294055e-03,6.103230091573519020e-03,-1.125414412453951823e-02,-1.790752119128692296e-02,-2.991004807464633583e-02,-3.280485260427131594e-02,-1.474696623305062418e-02,-3.153073164270794870e-02,1.994234868747437120e-02,2.491151182384481258e-02,1.649501696873330661e-02,8.057949967836833260e-03,1.828835891947614214e-02,1.099960822356480655e-02,-3.006529156445920947e-02,-2.128108071740210730e-02,-1.286612322452246500e-02,-5.295279995243335619e-03,-2.887260499999926358e-02,2.360656722727633421e-03,-1.845029662907504003e-02,-1.293561455973619122e-02,4.774304381305163707e-03,-1.413108793771695321e-02,-1.331488556052735949e-04,-1.715306939229865879e-02,1.410647522094558891e-03,1.484346049057381524e-03,1.517971989823899484e-02,4.938478237548050293e-02,3.112501125794984655e-02,2.320862824450888040e-02,4.379833631084995710e-02,1.134291005161149925e-02,1.119314874122016683e-02,3.316509946315575330e-02,5.517182158902089045e-02,2.999658997925997578e-02,-6.595329026286313005e-03,-6.046322280351151823e-03,-2.024876521770756568e-02,1.391192265481287077e-02,-3.920725635876707964e-03,1.213735435597035513e-02,-1.224476003446394942e-02,-7.799483162033545502e-04,1.294326325937856397e-04,1.914637662908629748e-03,1.272037509246536167e-03,-3.214744754406801547e-02,5.597862787665521672e-03,-1.483986558044812255e-02,-8.417580694835060176e-03,3.434770243694288457e-03,-8.989379626246766716e-03,5.397040839193723710e-03,-5.056547262621338516e-03,3.040941253142550888e-03
2.323885042135746259e-01,2.093149780677817928e-01,1.000000000000000000e+00,2.216729441119428268e-01,-1.072004909853470217e-01,1.345417086878216983e-01,7.891362758511077935e-02,1.595745996594433169e-02,2.516215024148527393e-02,-1.448345814628700795e-02,-1.602601093934620177e-02,5.514913774479084790e-03,4.844832598136473989e-02,-1.568955391390203583e-02,-3.422185799930921313e-02,-2.278703267680233513e-02,-6.576355992088535329e-03,1.628720171440566425e-02,-1.700883734540808295e-02,3.808278325079525461e-02,-2.312546341578229202e-03,3.511058438022635758e-02,2.813250070900657346e-02,5.331065913228976577e-02,4.661008154959531830e-02,3.173498224983709731e-02,1.003281757090783953e-02,-3.872155029315436318e-03,5.129160250439012206e-03,5.051713694450278569e-02,2.319139887410565440e-02,3.069401111079003990e-04,6.574479732169496299e-03,2.468947469831732095e-03,6.898519032583985688e-02,4.435343287367882192e-02,2.621412474282161856e-02,-2.785869589402853192e-03,1.364332892945744127e-02,5.049538901215066405e-02,5.189071476227970908e-02,1.403071526524722439e-02,1.544710346092344894e-02,1.190371485010139653e-02,-1.290009334897918546e-02,9.249955591859072845e-03,2.105468446432867680e-02,4.130006963425630374e-03,3.242872484866457690e-03,-2.360428533598362463e-03,-2.168160597564153594e-02,-2.424365097308426448e-02,1.519960980779796892e-03,-6.171196205783723021e-02,-3.201328339746650070e-02,-2.931495075536321923e-02,-5.902274687460480618e-02,-2.213891875390443589e-02,-9.895037583179021323e-03,-4.104575907111340100e-02,-3.035585926990509026e-02,-1.401098649307931134e-02,-1.393537206089531452e-02,-1.994862943817584527e-02,-3.964214026113801331e-02,-7.825956560819266258e-03,-2.095209837244180542e-02,2.896249412515396020e-03,-3.130199568466129206e-02,-2.270513946324096907e-02,-6.567330882749413193e-03
-8.749190454529222859e-04,1.123658557610903441e-01,2.216729441119428268e-01,1.000000000000000000e+00,2.646087820861710571e-01,2.557613969382380170e-01,1.832346065042619321e-01,1.450376719219185762e-01,8.653991758241830201e-02,1.151964303180388755e-01,4.519175752307934973e-02,7.567717709166972562e-02,1.356153178999694453e-01,3.581991572696607840e-02,5.793163825794882260e-02,-4.485367709861796948e-02,6.180779430225964016e-02,3.584453645003627537e-02,-2.314002831592402651e-02,4.855722108910669882e-02,4.232643988645687361e-02,7.333217448628434609e-02,6.020310810235260379e-02,1.870640765478131726e-02,7.946568348494889578e-02,7.942922351908955625e-02,4.671215716207577362e-02,-3.390221034294605036e-03,5.483614968993993921e-02,7.252033896580231676e-02,2.218091309162279617e-02,-1.352127374915790790e-02,-2.098269289829555670e-02,-3.377085254736069547e-02,-2.786846668090798076e-02,-1.548444406886593377e-02,-4.181814778578104436e-02,-1.036271021962886958e-02,-4.613479789733718889e-02,8.567622789415573056e-04,-2.779715463821630372e-02,3.472662749687171341e-03,5.110630284411352836e-02,2.977729918550064969e-02,-1.099873650939361611e-02,1.520069207213901527e-02,-1.104638302030989602e-02,2.369938723801875893e-03,-8.350128379739286955e-03,3.840848067634269891e-02,-2.169731299242745864e-03,-1.880705894438823925e-02,-9.566674025397069918e-04,-2.433400378326893918e-02,3.570820297446049285e-03,-1.020030555685612177e-02,2.056521616363107124e-02,-9.479168620540578613e-03,-1.553971436818348765e-03,2.431098237196461023e-02,-2.322172690382920922e-03,-1.863002658896878092e-02,-3.058995641512635838e-02,1.264276716346086340e-03,-2.059216268895621912e-02,-3.221426859044715374e-02,-2.554929817570364067e-02,-1.524982848671463040e-02,4.064536455976522702e-03,-3.346047144884462671e-02,-1.323693563072560371e-02
1.893148950382234075e-02,1.601899883351515785e-01,-1.072004909853470217e-01,2.646087820861710571e-01,1.000000000000000000e+00,3.243456145293333037e-01,1.547892553604892363e-01,8.656651124277815745e-02,2.462435930399047707e-02,1.364573181442559069e-01,5.434283718595448592e-02,8.730119587243470591e-02,5.686763781566068349e-02,2.998814151227128383e-02,4.405935540933122313e-02,-1.815784043367600631e-02,4.506711888641496550e-02,5.223068279556915793e-03,-4.453375833960545455e-03,2.599309619929853713e-03,1.300769852534002999e-02,2.251025395679948082e-02,1.253621624763618346e-02,-3.658470984003552723e-02,3.233026032944565087e-02,3.440035006337183177e-02,1.844492603020922677e-04,-2.684264079503248870e-02,2.810301447787321230e-02,1.388425074713952462e-02,3.454952518473863865e-02,-3.664163178166497670e-02,4.358498679036269634e-03,-4.818223190002982048e-02,-2.859388802104152055e-02,-5.916194824397604662e-02,-2.492099135183862765e-02,-7.475838317849441486e-03,-7.100595307441807946e-02,-3.090379978177293027e-02,5.219103698987205900e-03,4.576390263024696786e-02,7.475543661155491237e-02,7.532042554382147037e-02,3.806505735571661525e-02,4.887496384297750074e-02,-8.640078801761142541e-03,1.527297349777072613e-02,9.323134031201864291e-03,5.617234703937991347e-02,2.077544324339214085e-02,4.698892200238320369e-03,3.561199721119678104e-04,-5.874906640242739952e-03,1.525168360099141661e-02,2.838929016489947880e-03,3.439789508764921205e-02,-4.459290207049596520e-03,-3.071817905460329928e-02,2.493104811673035187e-02,2.511667028815386254e-03,-2.542076619940077109e-02,-1.402918304904273578e-02,-6.895323824605632118e-03,-1.003252914863709752e-02,-2.346176311036946710e-02,-4.581191451271426560e-03,-2.314714272597036271e-02,1.926254331709066972e-02,2.035877104277823701e-02,-1.113634547396202649e-02
7.650922844953161883e-02,1.516882742610335122e-01,1.345417086878216983e-01,2.557613969382380170e-01,3.243456145293333037e-01,1.000000000000000000e+00,2.631051937706158639e-01,1.065526686172615783e-01,1.350723276974180320e-01,1.858489351472007722e-01,8.714709933647635243e-02,1.383661104649753781e-01,1.211119744215448102e-01,6.839610991029242137e-02,8.069706835937237588e-02,-2.103343078148057696e-02,7.134195647631469406e-02,7.792935754915684618e-03,-9.210121709401310197e-03,6.025703848576552391e-02,3.291569609584941991e-02,3.497651677326243935e-02,3.477348193565225898e-02,-8.302601141564898424e-03,4.391594073092840167e-02,5.998525656308853482e-02,-1.636096481894191513e-03,-2.199925512582054030e-02,-3.968311503860391318e-03,5.303240715139346390e-02,2.083968203355104215e-02,-1.993812152278340646e-02,8.847250356519993295e-03,-2.565738246595712733e-03,1.316224934865474830e-02,2.713537473636890365e-02,2.520217456894135750e-03,-3.642333058177345956e-02,-3.870548931349512140e-02,4.258770617826196370e-02,-9.667404293204080040e-03,1.343930951999578426e-02,3.681455647674300447e-02,4.422380794248632202e-02,1.500373605999267418e-02,1.131408497406015574e-02,-2.467315136905421508e-02,-1.745918598079505488e-02,-1.342787310356764220e-02,6.039628876514087884e-03,-1.780707817811038110e-02,-7.198712667865213993e-03,1.724569846896236575e-02,-1.725628073788932140e-02,-1.008513434284680731e-02,-1.254841890020493879e-02,1.414479520306205496e-02,-1.531513443070966519e-02,-2.160161628982600057e-02,1.215738002056292351e-02,-1.644930381460636346e-02,-2.777602767523580651e-02,-3.841684131921608344e-03,6.537799157877396440e-03,-3.151794984613449230e-03,-1.244909718319465661e-02,1.325165061019614818e-03,-7.349005525169764914e-03,1.959100427678853520e-02,-2.242960387684197684e-03,-3.881791214757707165e-02
-2.492646561844908543e-02,-1.023551674461479523e-02,7.891362758511077935e-02,1.832346065042619321e-01,1.547892553604892363e-01,2.631051937706158639e-01,1.000000000000000000e+00,1.544088232864628818e-01,9.780172585614825553e-02,5.889991462921471965e-02,-2.984427920777052087e-02,-6.368336417582436126e-03,6.234677244093093929e-02,2.517771049420306634e-02,-1.665056834989111362e-02,-7.001831623377086089e-02,6.061645514923540493e-03,6.566878088389260792e-02,1.874454880690456030e-02,3.978927007940399885e-02,6.168553539485163023e-02,5.501188140886659889e-02,-1.324065941794504500e-02,-7.818909646827819360e-03,3.493061092586841748e-02,7.362249404886454796e-02,-2.210211136551221492e-02,-1.464500477326488581e-02,6.798042898469212891e-02,6.480092181655522365e-02,1.405524583006251358e-03,3.787416999587775879e-03,-1.916283769326268885e-02,-5.489060584604679716e-02,3.720962798845012937e-02,5.303458887560500573e-02,-5.823713764999297743e-02,-1.084241235910222839e-01,-8.208397500506406375e-02,3.953151768596923493e-02,-3.252315530900562468e-02,-4.327360049843294310e-02,-4.064749938098706494e-02,-2.072826432719303974e-02,-5.437258383883333129e-02,-6.217030565983187526e-03,3.582407276027887999e-02,-3.575318806498316987e-02,-6.584600349770000638e-02,-3.001703349310213056e-02,-2.131379415898342067e-02,-2.304609349501405245e-03,-4.066210376155353357e-02,-1.632040316672511704e-02,2.340979315272693692e-02,3.407467096841784032e-02,2.830092217554211823e-02,2.395197881262173256e-02,3.799788497206938592e-02,-3.755121921541242774e-03,3.198392201942022554e-03,8.519512772299024997e-03,8.064701244766742973e-04,2.513675460460677163e-02,-3.993764871684673569e-04,-4.080499916013100720e-02,3.687481564389665650e-02,8.067478750792889119e-02,4.023948798979037206e-02,4.546633788581368185e-02,7.134986466053606924e-02
-3.887398954657116795e-02,3.523872558240390140e-02,1.595745996594433169e-02,1.450376719219185762e-01,8.656651124277815745e-02,1.065526686172615783e-01,1.544088232864628818e-01,1.000000000000000000e+00,2.660889923359517351e-01,2.740969353924860852e-01,2.972579717253041598e-01,7.317864607749420547e-02,1.249052950631788089e-01,5.059680427408634606e-02,7.162973994696870961e-02,-8.780273345640449145e-02,4.643816623616716516e-02,2.304709455044820152e-02,-1.932292754530096079e-02,4.955140370352838219e-02,-2.462829903826079664e-02,9.326815358815135348e-02,9.724895835594896121e-02,-1.221264522896999515e-02,1.283402632977364288e-01,1.039934941331064344e-01,8.427754224982303421e-02,-3.976364826776117994e-02,4.982664902205046625e-02,4.343621298142945342e-02,3.948822909270667536e-02,-3.437285500014518325e-02,-8.995103880342593047e-03,-7.650152091387303621e-02,-6.456796903204554960e-02,-2.593753028644572162e-02,-5.890440571091015709e-02,2.172480931236296913e-03,-1.056341490750563050e-01,-5.086128921028348904e-02,-3.965853337426881314e-02,5.663740765489461843e-02,1.030731178315362762e-01,1.004861116481937378e-01,3.678300063943856085e-02,6.442076655189023227e-02,1.250605595454284263e-02,-4.304551042353357143e-02,-5.527687342509546298e-02,6.376892751027452011e-02,1.165508315160467163e-02,-6.771158565196827572e-02,-3.141159123337199793e-02,2.498448610813744711e-02,7.951243600360019537e-02,7.850329801605768210e-02,7.466628936048273768e-02,3.106468157595127996e-02,-4.292778598171688442e-02,2.778908109884309623e-03,-5.858911861581755226e-03,-3.075241642126926717e-02,-4.260143632760712146e-02,9.517184651780828675e-03,-4.091187567050003082e-02,-8.344548950285224365e-02,-2.439191716036421750e-02,-2.829249360024501791e-03,2.681517214016100256e-02,-4.973431205178614929e-03,8.754842834505642199e-03
-2.243612703418943963e-02,2.103368434866127387e-02,2.516215024148527393e-02,8.653991758241830201e-02,2.462435930399047707e-02,1.350723276974180320e-01,9.780172585614825553e-02,2.660889923359517351e-01,1.000000000000000000e+00,2.986132886004738141e-01,3.945288021700140701e-01,2.057100642422320380e-01,1.551322717244505156e-01,1.814175975766375570e-01,1.265318283744030770e-01,-2.312389933256902078e-03,1.616941198388951451e-01,1.046588015543285233e-01,3.302791885998650201e-02,1.502766471990531483e-01,5.648873601971698272e-02,4.739513220150058659e-02,7.906327453013052521e-04,-5.637032998626986813e-02,4.359799459150377060e-02,9.059791495474754652e-02,-2.119410468354504182e-02,-4.482780972352760213e-02,5.214759424599962385e-05,8.706800747402039520e-02,-9.541602764258996089e-03,1.934617811034877038e-02,-5.678402592198204119e-02,-2.804600818383977748e-02,1.287504260278211736e-02,8.741548853532660202e-02,-4.688474126975399059e-02,-1.722274467592131361e-02,-3.697270904935755220e-02,5.135717703818715174e-02,-4.754078179982051955e-02,-4.665153952960120198e-02,-9.658656141431564215e-03,-1.719289978048417142e-02,-8.637763838876028055e-02,-4.208778907692597299e-02,3.802346393300984340e-02,2.090380803724054513e-03,-8.093468087512399600e-02,-1.137959137050001401e-02,5.197311979367116516e-03,-1.784198330171014521e-02,-4.816409194370386421e-02,-1.017675941074361844e-02,-7.354094944983661022e-03,2.411503982198115459e-02,2.298169566123870258e-02,4.130849282311246234e-02,1.671712804268633487e-02,4.560158541447465776e-03,2.403355357089285646e-02,-1.867062133651262515e-02,-5.040589048510723917e-03,3.773486674516068895e-02,1.134217768041823797e-03,-3.950592750123875507e-02,4.050711457000898130e-02,5.224929177687943904e-02,4.978026533279850813e-03,3.271879299810239675e-03,2.606191870278983663e-02
-5.477165080800963128e-03,4.581630013760337738e-02,-1.448345814628700795e-02,1.151964303180388755e-01,1.364573181442559069e-01,1.858489351472007722e-01,5.889991462921471965e-02,2.740969353924860852e-01,2.986132886004738141e-01,1.000000000000000000e+00,3.808386595063210645e-01,3.603462855622415750e-01,2.121679870109314248e-01,1.849347021967820970e-01,1.823048922612192091e-01,9.509359399020866910e-04,1.572984976792883016e-01,1.912296607247335190e-02,-2.453019980943970443e-03,3.729985383471198096e-02,-6.108014595016519194e-02,6.208212119656699585e-02,7.114826354855649515e-02,-8.917025056554687967e-02,4.343242087877543373e-02,5.577519120921760332e-02,3.636754090988083415e-02,-6.740057957603014238e-02,-1.958804067042543839e-02,-2.539854793703927652e-02,-5.777531786353476417e-02,-9.911892676263366064e-02,-6.882441039575133701e-02,-7.622916130633770881e-02,-8.404296772205933908e-02,-1.481849320738369384e-02,-4.764084754224537366e-02,4.005970830968063473e-02,-1.701512308155806591e-02,-6.738166552828941946e-02,-7.576583069881379084e-02,5.162796849322227877e-02,1.499389267743556631e-01,7.346653858123920744e-02,6.296805581098600946e-02,5.809050910909806936e-02,-3.125012531858085973e-02,8.228241605486101215e-03,-4.527267461912959021e-03,1.010391068298191058e-01,5.702977034707931714e-02,9.231341788309531046e-03,-1.133947666566655771e-02,6.770683864666797447e-02,8.111010792819023374e-02,-1.938028848051916858e-02,6.644123747656174861e-02,-4.547186801295238084e-02,-1.138324103163143759e-02,5.838918090349610318e-02,4.946749835623471397e-02,3.163604241976103459e-02,-5.086956692403515933e-04,4.167995147008798917e-02,3.968488014032004602e-02,-6.908335863943205861e-03,2.464432513179740797e-02,-3.424484319102530372e-02,7.097399591823824738e-02,2.063209856588881300e-03,-2.136714388456744176e-02
2.505429782815834366e-02,5.844206957438804334e-02,-1.602601093934620177e-02,4.519175752307934973e-02,5.434283718595448592e-02,8.714709933647635243e-02,-2.984427920777052087e-02,2.972579717253041598e-01,3.945288021700140701e-01,3.808386595063210645e-01,1.000000000000000000e+00,2.174458844459716822e-01,1.524868515720529116e-01,9.977422609271249798e-02,1.339535697831208405e-01,1.736005092990792684e-02,1.097736714984071243e-01,5.321709003648486883e-03,-6.413408364039094312e-02,3.876720526712294085e-02,-1.841849682220878318e-02,4.067672216426290038e-02,1.198496150394520177e-01,-1.602538415837117744e-02,1.238655547891521075e-01,6.240012972398248370e-02,9.810147777636309130e-02,-4.760544327459849401e-02,4.935805142662424982e-03,3.603624712895464599e-02,1.870653257070929026e-02,-5.800523269010419980e-02,1.841725757549031450e-02,-3.612617730574278763e-02,-4.610502364953193016e-02,-4.193594591594264342e-02,7.158273326824515954e-03,6.610135234184107145e-02,-4.011198347234608969e-02,-4.093320158215996846e-02,2.137960414948636076e-02,1.223362613396562215e-01,1.365642812691464925e-01,1.291381082321999274e-01,6.275764939827763178e-02,8.316738855568765743e-02,-2.361435960881980156e-02,1.105802791565737089e-02,-1.743288834570755688e-02,3.933624056556219578e-02,2.716514077482031376e-03,-4.423073668126686897e-02,-3.181545425079500972e-02,1.655505615063803749e-03,8.272265292962399652e-02,4.933364855844036417e-02,3.734241710188323377e-02,1.063237532937138900e-02,-4.695801320664896861e-02,7.767857898197069212e-03,1.913613334247244932e-02,-6.213049969569092029e-02,-7.287924768579387425e-02,-3.971228692686508410e-02,-6.537668455720127558e-02,-9.558155973127110960e-02,-6.710237973140675827e-02,-6.345790419048211173e-02,-2.354888078613157076e-03,-3.686962931707134239e-02,-5.269806677172809289e-02
6.273838557775631569e-03,2.837423315792987275e-02,5.514913774479084790e-03,7.567717709166972562e-02,8.730119587243470591e-02,1.383661104649753781e-01,-6.368336417582436126e-03,7.317864607749420547e-02,2.057100642422320380e-01,3.603462855622415750e-01,2.174458844459716822e-01,1.000000000000000000e+00,3.041596774610620946e-01,2.740060846884679324e-01,2.386397742344044393e-01,2.835134743535507387e-02,2.144724144904451568e-01,-2.889535497102642403e-02,-1.277234502513967772e-02,1.986825491470837687e-02,-5.454772095639510293e-02,-6.554354442671200820e-02,2.744724316957077373e-02,-8.731741043165318350e-02,-1.148673127333387292e-02,-4.403737126795368578e-02,5.891849139212401373e-03,-4.702204862124505225e-02,-5.134568027075683827e-02,2.101967707073347947e-03,-4.789135633169116363e-02,-1.080904660202183509e-01,-5.618467784518192849e-03,3.432735184580378018e-02,-3.115969710351985250e-02,3.820871671738952646e-02,4.514838760164700121e-02,1.140526592950271978e-01,1.102153744222029996e-01,2.621631790368135484e-02,-4.404445518093517628e-03,2.665971561946226323e-02,1.206548044615365356e-01,4.991112791277607652e-02,9.286303257595975025e-02,5.426313468609612195e-02,-5.300722969183001287e-02,-2.553610958070330963e-03,2.315343163602107471e-02,3.350632903437533033e-02,4.260787636526727068e-02,5.894008410507514673e-02,6.197185799543317858e-03,2.497446043643188063e-02,-9.989312591487449489e-03,-7.490641924920640737e-02,1.704582281238147413e-03,-7.595849176098888600e-02,-6.704532251302357249e-02,2.521922918333192529e-02,4.053299554013976153e-02,4.756472078622986377e-02,1.039257185990044574e-02,-3.049809436338532867e-02,5.102004306448947729e-02,7.181532313245822530e-02,-1.717969736786325100e-02,-1.098213179508069348e-01,3.745425095257736304e-03,-6.199625658443915638e-02,-1.072962076579991042e-01
1.981708762309372998e-02,4.193641993454117617e-02,4.844832598136473989e-02,1.356153178999694453e-01,5.686763781566068349e-02,1.211119744215448102e-01,6.234677244093093929e-02,1.249052950631788089e-01,1.551322717244505156e-01,2.121679870109314248e-01,1.524868515720529116e-01,3.041596774610620946e-01,1.000000000000000000e+00,2.323384135813501561e-01,1.697270919438566006e-01,-1.438395364579108104e-01,1.934209064316394222e-01,3.943009032623055743e-02,-1.262862815878409983e-02,9.224496247691890694e-02,-4.587369457011577362e-02,3.039417493251332994e-02,1.005347278662598043e-01,-4.416375419698278376e-02,6.302653233467676863e-02,8.079979877201412530e-02,6.108895689014590125e-02,-4.785500169172408891e-02,2.390784364121383780e-04,2.572359991647553065e-02,4.464356409103520211e-03,6.846141410906406155e-03,-4.488787078271497255e-02,-6.086658454367456506e-02,-7.053048532048213082e-02,1.521753517579638258e-03,-4.204744684372023478e-02,9.045957774654199424e-02,-1.625546288435290865e-02,-2.807161949823842179e-02,-7.175602862050604880e-02,4.257729732114758775e-02,8.043406399060464007e-02,4.995978425734901029e-02,-1.191914493670981692e-02,3.223994155840575332e-02,2.768201479281552982e-02,-1.185659458379261346e-03,-5.580165107442217054e-02,1.350703667082735898e-02,-4.892776925229590235e-02,-3.656064416328599215e-02,-2.935163119121052266e-02,6.238296705801331388e-02,6.230629947406923774e-02,-2.794696772880578620e-02,7.176972943415840800e-02,-6.274442714786630793e-02,4.573524566995341989e-03,5.735270201004440127e-02,-3.953455765957979151e-03,1.382451031516862723e-02,-1.393987983549358628e-02,4.734983433959984167e-02,3.610287272128826636e-02,-1.548619690279284117e-02,5.102029856954155319e-03,1.223151816172942611e-03,7.901404591574068270e-02,-2.813917843828610960e-02,1.378000402589395950e-03
-2.712130393965100569e-02,-5.872353728561294055e-03,-1.568955391390203583e-02,3.581991572696607840e-02,2.998814151227128383e-02,6.839610991029242137e-02,2.517771049420306634e-02,5.059680427408634606e-02,1.814175975766375570e-01,1.849347021967820970e-01,9.977422609271249798e-02,2.740060846884679324e-01,2.323384135813501561e-01,1.000000000000000000e+00,4.711196229330468221e-01,3.204978843438887615e-01,5.609831946577905626e-01,2.544693390273506939e-01,9.334196862176127873e-02,2.233406632739586561e-01,1.133167054963985926e-01,4.090536515854735489e-02,-1.976264058841320417e-03,-1.191881430364059441e-01,2.000988909567031054e-03,8.057916296200030859e-02,-3.510713606239723727e-02,-1.024502595723060794e-01,-1.045836130793489777e-01,4.741225372696156876e-02,-6.841697688683653911e-02,-6.654351802160138329e-02,-6.864327159567980285e-02,2.352480328144947175e-02,-3.947712467357460120e-02,9.835959958616853627e-02,-6.224238770610072274e-03,7.957355031300135384e-02,5.990693702831306061e-02,2.492914061541248727e-02,-8.778651748246459052e-02,-3.637428885641724730e-02,7.374947424542396823e-02,-7.676401540552059075e-03,-1.332409064737812444e-03,-3.524549309459567431e-02,-1.312318486769500393e-02,1.937174487949827606e-02,-8.969448898360984218e-03,8.632563506303439493e-03,1.642685202522605262e-02,5.058937077618812228e-02,1.229132643761087634e-02,1.314821579456732815e-02,-7.379550771354673189e-02,-8.260627461863276344e-02,3.500089110553634888e-03,-3.592424859267938364e-02,2.755100034073724308e-02,4.443529094354656955e-02,1.222502551356860652e-02,5.281803776158270486e-02,2.366294253154781549e-02,3.821259497967687685e-02,6.179590368283288671e-02,3.600275357201380283e-02,5.268489230391534828e-02,-1.425828911677379240e-02,1.543248873508176224e-02,1.255647604463956245e-03,-5.651364141470673758e-02
4.896291043184235366e-03,6.103230091573519020e-03,-3.422185799930921313e-02,5.793163825794882260e-02,4.405935540933122313e-02,8.069706835937237588e-02,-1.665056834989111362e-02,7.162973994696870961e-02,1.265318283744030770e-01,1.823048922612192091e-01,1.339535697831208405e-01,2.386397742344044393e-01,1.697270919438566006e-01,4.711196229330468221e-01,1.000000000000000000e+00,3.813660923827552063e-01,4.359370202865832100e-01,1.317113547107749139e-01,4.360892249939766346e-02,1.729117281384811300e-01,-1.006666149383192779e-02,-1.350611847267921620e-02,1.381002368773597000e-01,-6.490438852721029661e-02,5.635992947289462929e-02,8.082272941525950327e-02,6.676484842228548600e-02,-1.070610671527936902e-01,-7.637560699009871001e-02,-1.769475028973572367e-02,-1.291527200992606539e-02,-7.221773366275636985e-02,-5.500371260482146002e-02,8.232912221473299985e-03,-9.612310345101215958e-02,3.980366338390277370e-02,3.769108997159728580e-02,1.488364571157628491e-01,9.289952813198469606e-02,-2.786445635356237047e-03,-4.061989387891129510e-02,-2.544876459421108097e-03,1.296968242543516392e-01,3.781977641622221581e-02,8.115456112745340900e-02,1.763979413782689604e-02,-4.794393958030956915e-02,4.902711426469250067e-02,5.778668335539825784e-02,1.015304212961016805e-01,7.242275640271403359e-02,5.387437471116923726e-02,6.276840392868053564e-02,8.450039527147720775e-02,2.267057671375891786e-03,-8.295925113430040188e-02,1.537258075156865134e-02,-8.825220111604539786e-02,-4.192291934426000538e-02,8.887615224816412807e-02,1.135434494613590632e-02,8.451294533256033248e-02,3.383729299949029407e-02,-4.900999707479426759e-02,-3.911628096304874992e-03,2.369963187809658381e-02,-4.542695817622811882e-02,-1.372073858177168815e-01,-4.458132673569938781e-02,-1.209660026176935521e-01,-1.677010144220146826e-01
8.874911000027012331e-03,-1.125414412453951823e-02,-2.278703267680233513e-02,-4.485367709861796948e-02,-1.815784043367600631e-02,-2.103343078148057696e-02,-7.001831623377086089e-02,-8.780273345640449145e-02,-2.312389933256902078e-03,9.509359399020866910e-04,1.736005092990792684e-02,2.835134743535507387e-02,-1.438395364579108104e-01,3.204978843438887615e-01,3.813660923827552063e-01,1.000000000000000000e+00,2.394025288989097833e-01,1.700484520203517647e-01,1.308734073457724079e-01,1.432308699660033990e-01,6.660673002324864200e-02,-8.828944715010946312e-03,6.249633759144878481e-02,2.016663480746206175e-02,-1.803972263738618659e-02,4.941707675655611365e-02,5.815548684278312210e-03,-8.063252537182277746e-02,-1.753183172125332978e-01,-4.058064188739611555e-02,-3.087995896702044885e-02,-4.722791999406504571e-02,-2.631534193026668911e-02,1.194576592131063042e-01,-1.511636783523334984e-02,2.889555624396177719e-02,7.190616570724729650e-02,8.959748696499754417e-02,1.029647767277304393e-01,2.387088756302744447e-02,1.204468169403078229e-02,-3.907357854947890452e-02,5.941880013520418891e-02,-4.255763878347718077e-02,3.881624156743901377e-02,-3.626447669172117722e-02,-2.687499950174920479e-02,8.679949954210483543e-02,9.792579281217744791e-02,3.180653944981397252e-02,4.930911842137867401e-02,7.720151253910902123e-02,8.190028420025076417e-02,2.721529019224852228e-02,-6.732669531281942898e-02,-5.108675586152534170e-02,-5.047117679059397871e-02,-1.612719054124715432e-02,8.906914252765216894e-03,-1.944990041401593178e-02,1.043169512728253992e-02,7.293255803230921930e-02,1.095269688348334512e-02,-3.029966566090840085e-02,-1.411033042919947536e-02,7.532390859312490528e-02,-1.234779192655671883e-02,-5.916046513438161236e-02,-1.513751425112207782e-01,-9.030516940315874708e-02,-1.480287419114171832e-01
-2.237657512084882845e-03,-1.790752119128692296e-02,-6.576355992088535329e-03,6.180779430225964016e-02,4.506711888641496550e-02,7.134195647631469406e-02,6.061645514923540493e-03,4.643816623616716516e-02,1.616941198388951451e-01,1.572984976792883016e-01,1.097736714984071243e-01,2.144724144904451568e-01,1.934209064316394222e-01,5.609831946577905626e-01,4.359370202865832100e-01,2.394025288989097833e-01,1.000000000000000000e+00,3.335157343814557640e-01,4.219870732014218556e-02,2.683576529820059231e-01,1.946707999350995311e-01,2.977429929189698982e-02,1.569937787090953593e-02,-1.201133900667802901e-01,6.145507086250093925e-02,5.910757733238674455e-02,3.270079235887587976e-02,-3.702693441037511329e-02,-6.109966870849634774e-02,1.241210647284194807e-01,3.194346048048171682e-02,-7.251294556695890570e-02,-5.107536513381046028e-02,5.855214401746335062e-02,-2.076080562015938241e-02,2.142072585407614818e-02,6.028704143479733484e-03,1.023796194725795916e-01,6.873701664724192473e-02,2.808517494586560553e-02,-7.285449886728116720e-02,-1.177652412274867583e-02,7.415657297278396842e-02,8.703062022915585352e-03,-4.248430434105083392e-02,-7.787556192398605026e-02,-2.835143186796326275e-03,-2.922379180941371557e-02,-4.661549854992939890e-02,-1.587399478471390735e-02,3.573608440042765066e-02,3.714203009703070935e-02,-4.126303590731328352e-02,-2.349238762401788250e-02,-6.175813916622514832e-02,-4.390218339805095071e-02,-4.383846752147138245e-03,-2.020101680891692175e-02,2.143247489864272617e-02,1.733692139744946042e-02,-2.562221327401958959e-02,3.143997205464908740e-02,6.108753906273619270e-04,-2.716202972656424006e-02,3.688206073385329187e-02,5.952379989188983506e-02,3.264063600954326266e-02,-7.978525540446018693e-02,2.074767029441385718e-02,-1.039068231498925174e-02,-1.243895815242629793e-01
-2.103660119355369590e-02,-2.991004807464633583e-02,1.628720171440566425e-02,3.584453645003627537e-02,5.223068279556915793e-03,7.792935754915684618e-03,6.566878088389260792e-02,2.304709455044820152e-02,1.046588015543285233e-01,1.912296607247335190e-02,5.321709003648486883e-03,-2.889535497102642403e-02,3.943009032623055743e-02,2.544693390273506939e-01,1.317113547107749139e-01,1.700484520203517647e-01,3.335157343814557640e-01,1.000000000000000000e+00,2.018029060146364628e-01,2.338088495141701639e-01,2.587531980627173489e-01,1.784314266029673468e-01,3.621905725875310816e-02,2.397127951206199162e-02,1.480748476115153756e-01,1.536129734854105033e-01,4.768878438367356309e-02,-2.008128237859475862e-02,-3.678810246071556166e-03,1.074735063775345834e-01,1.864173854562411331e-02,3.137682191335378068e-02,-4.384619593938000881e-02,-3.723202202259510291e-02,-7.331943595754658767e-03,6.900805616971049210e-03,-5.277339425981850823e-02,9.104712918173246683e-03,-6.747751811094791774e-02,-5.598933107471191183e-04,-3.984907733965629972e-02,-1.686915690699530151e-02,-1.246019735269350906e-02,6.631333656169216724e-03,-1.357284084249683609e-01,-7.084272559808497960e-02,4.297135371249072300e-02,4.770253517530908226e-03,-1.010462224034712614e-01,-5.035830539274746553e-02,-2.040697752635866821e-02,1.890066911474249517e-02,-3.941934983450064850e-02,1.004732065649443021e-02,-4.722014962841441371e-02,3.386554731322293649e-02,6.454587562711991411e-02,6.223886199192761592e-02,6.635519786173108003e-02,1.235450455114672948e-02,-1.231909097019628051e-02,-5.405639152081446672e-03,-6.032147247783758992e-02,-1.066379972384472359e-02,-1.072817316250461173e-01,-8.263655898771793407e-02,-2.363426929483838229e-02,1.275435559687291241e-02,-6.850326820512941950e-02,4.316657696702114189e-02,-1.641603342242713495e-02
-3.961016899933390151e-02,-3.280485260427131594e-02,-1.700883734540808295e-02,-2.314002831592402651e-02,-4.453375833960545455e-03,-9.210121709401310197e-03,1.874454880690456030e-02,-1.932292754530096079e-02,3.302791885998650201e-02,-2.453019980943970443e-03,-6.413408364039094312e-02,-1.277234502513967772e-02,-1.262862815878409983e-02,9.334196862176127873e-02,4.360892249939766346e-02,1.308734073457724079e-01,4.219870732014218556e-02,2.018029060146364628e-01,1.000000000000000000e+00,2.076217239922536761e-01,1.584401063682308042e-01,2.254324284629193875e-01,1.243421312983503252e-01,8.198956473291342528e-02,5.061231469476529937e-02,1.598320600651257917e-01,-3.408122230639760997e-02,-9.708184922315130083e-02,-5.226062620454363650e-02,9.242413261779360012e-03,2.395595991305533249e-03,2.001656726898154090e-02,2.918009050019764600e-02,3.355585932158634821e-02,2.027050853324720639e-03,1.618488375943160154e-02,-3.467429419834765214e-02,-5.206372387324822992e-02,2.436917164581686637e-03,6.013178436372934588e-02,1.928458501453518201e-02,-5.115520716909053439e-02,1.228845824510862907e-03,-2.097074664248362377e-02,-5.805934723484258708e-02,2.646953141361045592e-02,4.943599040089177027e-02,6.150692229064505523e-02,-7.756523479928422934e-03,2.924273210139663806e-02,2.144575718884191365e-02,4.701867713320730113e-02,-3.091266965368930433e-02,5.843662041897758168e-03,-5.639111096614000257e-02,-2.393150571389288106e-02,4.346344412544641406e-02,1.421738204925112464e-02,1.212906183962606139e-02,5.194477819799738633e-02,4.657963561574789135e-02,1.478957566354642712e-02,-3.458682171545233996e-02,-4.278787339260500117e-02,-1.640174385742452223e-01,-7.403133823536052482e-02,-5.921377837880291428e-02,3.489007012333600333e-02,-1.700946691618933637e-01,4.241444203292946136e-02,4.155797897333650404e-02
-9.317347224496371275e-03,-1.474696623305062418e-02,3.808278325079525461e-02,4.855722108910669882e-02,2.599309619929853713e-03,6.025703848576552391e-02,3.978927007940399885e-02,4.955140370352838219e-02,1.502766471990531483e-01,3.729985383471198096e-02,3.876720526712294085e-02,1.986825491470837687e-02,9.224496247691890694e-02,2.233406632739586561e-01,1.729117281384811300e-01,1.432308699660033990e-01,2.683576529820059231e-01,2.338088495141701639e-01,2.076217239922536761e-01,1.000000000000000000e+00,2.601687865590113224e-01,1.145350409528117785e-01,1.174714118415132458e-01,-2.441434286974287354e-02,1.515796870532508389e-01,1.373372331096122112e-01,4.118779105618199099e-02,-5.202479236731050172e-02,-9.559515052783349939e-03,1.483661120464297434e-01,5.402663499033835692e-02,7.295290435912042681e-02,-2.217536259747016070e-02,2.695774868488940920e-02,-8.039131148531691862e-03,1.899066663781612610e-02,-3.909840345951633850e-02,4.383566977255572150e-02,-4.130595295921316024e-02,8.414836249776284915e-02,4.464998121299674702e-03,-3.803305768420785216e-02,-3.511988083291871926e-02,-4.097246267196496400e-02,-1.148660513490201290e-01,-3.568839847169655299e-02,6.557526876144588457e-02,3.336646708782797181e-03,-1.024220649713402376e-01,-1.466825989538010980e-02,-5.003913716670468914e-02,-2.835032799543191206e-02,-1.115481759629230983e-02,-1.340563363148807030e-02,-7.191771272840194462e-02,4.687325613922631307e-02,6.239921651676473904e-03,7.292246603356852819e-02,-2.171969474858692628e-02,-2.855586767442664514e-02,-3.671316945966793255e-02,-1.284392568388138117e-02,-4.353833930737636276e-02,-1.761339401300453938e-02,-1.103725696127504097e-01,-1.336344842830931579e-01,-3.481100913527984675e-02,2.369855969684028091e-03,-6.730697702107649172e-02,-1.015275178518375565e-01,-5.418303154771378360e-02
-2.395284095869154931e-02,-3.153073164270794870e-02,-2.312546341578229202e-03,4.232643988645687361e-02,1.300769852534002999e-02,3.291569609584941991e-02,6.168553539485163023e-02,-2.462829903826079664e-02,5.648873601971698272e-02,-6.108014595016519194e-02,-1.841849682220878318e-02,-5.454772095639510293e-02,-4.587369457011577362e-02,1.133167054963985926e-01,-1.006666149383192779e-02,6.660673002324864200e-02,1.946707999350995311e-01,2.587531980627173489e-01,1.584401063682308042e-01,2.601687865590113224e-01,1.000000000000000000e+00,1.774483611372625891e-01,-5.791366580756880135e-03,1.437176891778654542e-01,1.862035257531494681e-01,2.714497037355603770e-02,8.349927875504609132e-02,1.493038030123960969e-01,1.158058215673716945e-01,2.395481269080426689e-01,1.377246061966866941e-01,1.090766682367240309e-01,4.557212807073195149e-02,1.068429199789009687e-01,1.047335985681859122e-01,2.774912172574632574e-02,5.643927668799343655e-02,-2.085174721578143125e-02,-4.326064668058032109e-02,8.846515501890311883e-02,4.848300915911314679e-02,-1.389726111551034017e-02,-1.162663180058541856e-01,-4.750471131635534278e-02,-1.660965880140381490e-01,-1.086967372192422648e-01,9.629088051183537500e-03,-4.159159287524296506e-02,-1.236337954925520038e-01,-1.720468800621638428e-01,-5.457144230595455114e-02,-3.550800759928084832e-02,-9.697436027770883760e-02,-1.501139219286823645e-01,-1.216203075632691089e-01,7.739439486245050515e-02,-6.388681023407065396e-02,5.834657355799138800e-02,2.116196583662277586e-02,-2.753452785077497439e-02,-3.111410539801988742e-02,-1.121929401835117246e-01,-1.169921502272965874e-01,-1.438089135851297606e-01,-1.793091859489010509e-01,-2.789576513047151152e-02,-1.766574035080902272e-01,-1.235967111817765363e-01,-1.968330066124391875e-01,-3.807953071017929157e-03,-1.543067667422637346e-01
-6.085703417748266134e-03,1.994234868747437120e-02,3.511058438022635758e-02,7.333217448628434609e-02,2.251025395679948082e-02,3.497651677326243935e-02,5.501188140886659889e-02,9.326815358815135348e-02,4.739513220150058659e-02,6.208212119656699585e-02,4.067672216426290038e-02,-6.554354442671200820e-02,3.039417493251332994e-02,4.090536515854735489e-02,-1.350611847267921620e-02,-8.828944715010946312e-03,2.977429929189698982e-02,1.784314266029673468e-01,2.254324284629193875e-01,1.145350409528117785e-01,1.774483611372625891e-01,1.000000000000000000e+00,1.564040474626233468e-01,5.030546733897058725e-02,1.478287900554531575e-01,3.217206430429094266e-01,7.045667133172830998e-02,-1.748813440687827514e-01,-5.746460492345842330e-02,1.518909382985054318e-02,-5.016285609770237269e-02,-1.064190575955975965e-01,-1.815434539994089103e-01,-1.737169035375414061e-01,-9.480177732009935354e-02,-2.594031111608543008e-02,-1.680645605649176422e-01,-8.809277043989185985e-02,-1.265256247460397332e-01,-9.237057292848052659e-02,-7.790371166606978315e-02,-2.736755589643418210e-02,3.177999104878194425e-02,2.765305811942201167e-02,2.288503907186981243e-03,1.852200131320880586e-02,8.933419355454960686e-02,8.079624783628347462e-02,-7.252953184129228015e-02,8.449238445665974151e-02,6.030528630676208063e-02,3.717202791358975578e-02,2.717410812632079301e-02,8.525745408401405601e-02,8.612693975136315183e-02,4.748444540423368831e-02,1.299865544227561398e-01,1.533902197173618240e-02,5.969205736957847175e-02,9.887928854568160675e-02,-3.246292873283770919e-02,4.059928764101639748e-02,-4.995495482800701298e-02,7.197527777040226005e-02,-7.015470696721791410e-02,-1.689572992192644174e-01,4.106891729807043284e-02,1.307149212128466964e-01,3.752588879807320504e-02,1.617688163849359539e-01,4.178803661866475200e-02
