1.000000000000000000e+00,4.019228721512649871e-01,3.749269855033016130e-01,2.814047305460575243e-01,3.381753527139934601e-01,3.261415534674069194e-01,2.446599368720799028e-01,3.372318168128654037e-01,1.719514201530176201e-01,2.882547616131121426e-01,1.092953348746619618e-01,2.513234780910028054e-01,1.697937702625258727e-01,-7.922217848156494491e-02,-2.432359522896076764e-01,-2.167131501202035071e-01,-2.825599225062347952e-01,-2.150797005553018726e-01,-2.616853388848678352e-01,-2.613240737228035848e-01,-3.045688940073689177e-01,-4.296291897277227378e-01,-2.371555110459008797e-01,-3.893680418667744281e-01,-2.062230028617694222e-01,-2.953530721631701314e-02,-2.240288771816491969e-02,-2.742495538733691895e-01,-8.183491153572172716e-02,2.291141683034299617e-02,-1.758067078416277462e-01,-5.912414462022997502e-03,-1.754488398836645535e-02,1.397327468035614029e-01,1.588805581468620554e-01,1.807240717491108706e-01,1.253481322361045813e-01,1.877762453925879149e-01,9.571595741132296609e-02,1.353365700083061229e-01,1.748412045058723718e-01,9.220670577489818720e-02,1.333447335840457493e-01,1.496789685817174753e-01,1.191260620695191313e-01,-1.623068894164342857e-01,2.042996196711693163e-02,-1.521439171457550088e-01,-3.470956757244032104e-02,-1.340479490746009639e-01,-7.198942909276921653e-02,-1.131313836154449748e-01,-1.216976277206248819e-01,-6.126676565984839201e-02,-7.804758840234525541e-02,-1.105536812406557462e-01,-1.609358134245629235e-01,-1.086349664247995561e-01,-1.521937223323726052e-01,8.302903034879152711e-02,7.554319664488121089e-02,2.694358603199104030e-01,-1.017497263039809224e-01,-2.136445579628359556e-02,-1.421838004189817928e-01,-1.259219260508994132e-01,1.862743185287214498e-01,-4.688370134272386996e-02,1.813063494371490100e-03,1.865684937429853696e-01,4.740533904578136948e-02
4.019228721512649871e-01,1.000000000000000000e+00,3.461629772216451295e-01,2.486775711543740830e-01,4.395649015897933332e-01,1.616136045223067474e-01,1.038073626051299048e-01,2.515258862925364713e-01,-6.740296990326938298e-02,1.342517463951737045e-01,-8.763561000624472963e-02,1.002947920096631668e-01,2.023179749670117600e-01,3.131099122751042352e-02,-8.747051360096648465e-02,-1.672859585475011401e-01,-1.244590468209019751e-01,-2.399338474207867999e-01,-1.668137455983743078e-01,-1.458218695802777909e-01,-3.337845593469081495e-01,-3.047052560752619432e-01,-1.477163723350217173e-01,-3.907412169001751034e-01,-6.569170902485027552e-02,8.497074449785786687e-02,-1.215560276948261520e-01,-1.387962685479073588e-01,5.866072816373642251e-02,-6.421771940915048382e-02,-1.283231077781831486e-01,1.245691261971024373e-02,3.543773927634144560e-02,8.345680137672308041e-02,1.270371728103616704e-01,1.151979242022541094e-01,7.541616952933287432e-02,1.095355413976026177e-01,6.006305218498893261e-02,7.458196958861997017e-02,1.603113396253572631e-01,7.684942119608585698e-02,1.503812106560606654e-01,1.486138953752494385e-01,9.739037585221198279e-02,-1.638552198228738210e-01,1.283799064282347031e-02,-6.006994430889921188e-02,6.659406335942458233e-02,-1.109994093801723869e-01,-1.269175765851009996e-01,-1.124542893618769163e-01,-1.328070222057143868e-01,-1.733333210182834705e-01,-1.128265950193614447e-01,-8.270647506691571060e-02,-1.493591916464013791e-01,-8.794409127071114995e-02,-7.656855842476682772e-02,1.553557153983773087e-01,1.217876482278032815e-02,1.380144419449695348e-01,-2.441987632031743516e-01,-1.975263224009282947e-01,-1.276571592884208628e-01,5.287979173746162886e-02,1.185834576054750900e-01,-1.321523496965114862e-02,1.412273877434387648e-01,1.219212654289134889e-01,7.952443212154267083e-02
3.749269855033016130e-01,3.461629772216451295e-01,1.000000000000000000e+00,1.853077704062852382e-01,3.621214178738788592e-01,4.109833867851671041e-01,1.588546306136968678e-01,3.535601507851532377e-01,1.286208533591384484e-01,2.877017851263066750e-01,8.510688808744629186e-02,2.047597089265259518e-01,1.249640762770250629e-01,-1.059274546228606596e-02,-2.086743872420991075e-01,-1.117590853893953295e-01,-2.885491020693537467e-01,-3.151944795602544258e-01,-3.077586718889847028e-01,-3.377603318351709016e-01,-3.881031230876086924e-01,-4.321287487276198047e-01,-3.344237546894275881e-01,-4.008589522274282890e-01,-2.427400192684225910e-01,-7.542050207486450386e-02,-9.421287490730036185e-02,-2.893448141561572595e-01,-8.574990563487135120e-02,-2.783036777106416212e-02,-1.886048439177663849e-01,7.121319062936505573e-02,8.823836070553375821e-02,1.999735602174634030e-01,1.965293098298712404e-01,2.757336680359449566e-01,2.032475204432410421e-01,2.065925631014569885e-01,1.938542617856178207e-01,1.898146917283196899e-01,2.246582879051295667e-01,1.949977407684018449e-01,2.627942835872388860e-01,2.423589685390575010e-01,1.238484877516798366e-01,-1.977125643591625404e-01,6.755114763740628636e-02,-2.211630478772628750e-01,5.035327931376949728e-02,-1.108348655415819922e-01,-5.330280556172364154e-02,-1.101681449126376139e-01,-2.209759286035281878e-01,-4.527150014757232166e-02,-1.304736079584190578e-01,-1.489135499941708907e-01,-1.370794308650781224e-01,-2.067223456956085725e-01,-2.348231405411537465e-01,-3.593803363963832265e-02,-6.527590978051367454e-02,1.312760093042436849e-01,-1.814013150187281653e-01,-1.728765869639309616e-01,-1.635848915210492971e-01,-5.743537936104908814e-02,9.676943460715375922e-02,-4.589030093811465039e-02,3.187613992239343025e-02,1.109398475991274641e-01,6.670241320864965517e-02
2.814047305460575243e-01,2.486775711543740830e-01,1.853077704062852382e-01,1.000000000000000000e+00,3.563299543134361702e-01,1.256230275983537259e-01,4.395915922950590082e-01,2.728661146660434911e-01,1.448223054553551270e-01,2.732100564228167605e-01,-1.086671967525904281e-01,2.755900087960185263e-01,3.082371741592644376e-01,-2.694750502409847814e-01,-1.740394822600210556e-01,-4.452702816112881212e-01,-3.429720007020148898e-01,-2.995383893428611444e-01,-3.719725092229279606e-01,-8.451316636857293674e-02,-3.117679561888870299e-01,-3.452324260474872175e-01,3.708279402416927301e-02,-3.480357760084976659e-01,9.254153619532964892e-02,1.938951905576958012e-01,1.561195136312583387e-01,-3.000566312847548905e-02,1.360010381710476390e-01,1.560275018030177208e-01,4.669933018337407704e-02,9.739729085282790300e-02,9.994508257885632851e-02,1.124611891874525010e-01,7.869405250686584141e-02,1.001870376885320886e-02,2.033423257993995439e-02,5.599886577416212513e-02,-8.181321048740529400e-02,2.366261473926238937e-02,9.761003178954465176e-02,-1.015783594324718292e-01,4.669720274595048903e-02,-3.130393735941228855e-02,6.881194104026810976e-02,-2.443438526911753117e-01,-2.383028313650696894e-01,-1.122022516754629523e-01,-1.712468704734782243e-01,-2.804823669239867590e-01,-2.379885350721659409e-01,-2.993200130668117742e-01,-9.417407380482502310e-02,-1.888304319008300147e-01,-1.684631417715692636e-01,-8.019509513115194443e-02,-9.304200438541747331e-02,-6.671279664173301004e-03,-1.732844177872234354e-02,2.535076359285703962e-01,2.262397696245432022e-01,3.306799808799646967e-01,-2.239512343089383739e-02,1.599252443956794556e-01,9.172485115137818390e-02,-1.166605532416410337e-02,1.795553458189798612e-01,1.501546942911717308e-01,7.635304936951393950e-02,1.843032643901655887e-01,1.533811494867270975e-01
3.381753527139934601e-01,4.395649015897933332e-01,3.621214178738788592e-01,3.563299543134361702e-01,1.000000000000000000e+00,3.696795476912008160e-01,3.816618845594937914e-01,4.663713121834813791e-01,1.316131372959169488e-01,3.269861097767231550e-01,5.600752729544777875e-02,3.208888698831774411e-01,1.998809239157515183e-01,-1.799263926733161434e-01,-2.980600495495220326e-01,-3.107327216348459986e-01,-3.442330767074288644e-01,-2.809364222514865173e-01,-3.284682078502974001e-01,-3.105142994301264836e-01,-3.740012452589036029e-01,-5.368337273825003475e-01,-1.794673017571271068e-01,-4.462677386196540197e-01,-1.390819005426869315e-01,4.058294594344260056e-03,8.347978828676291818e-02,-1.236926075404972958e-01,-1.765322729398726212e-02,1.183401239426967178e-01,-8.310921244885660641e-02,1.550464554282949062e-02,-6.442089103341509804e-02,5.110410874138485160e-02,4.470463076899238580e-02,8.163367205476927679e-02,-4.113276080125385405e-03,1.610170666620058810e-01,3.584430722952806903e-02,1.757045699801820238e-01,1.802382134396173230e-01,1.831060006888472758e-01,3.063626165113634281e-01,2.273526958994226688e-01,2.937057912393439274e-01,-1.577584654422875265e-01,-1.005888385806502638e-01,-1.349736954906458619e-01,-1.667803047358228374e-01,-2.665545730377796851e-01,-6.732525088721713624e-02,-2.707191555255042958e-01,-1.266755614459028345e-01,-8.939128841014296056e-02,-1.759739168307154766e-01,-2.893474514840620876e-02,-1.646208431200701372e-01,-3.599087751194067486e-02,-1.382278840582681079e-01,2.027858069516353390e-01,2.291236652761659623e-02,2.818187898815460168e-01,-1.924346056372982020e-02,-3.733061208722631558e-02,-1.629292826756075230e-01,-1.241326543596408538e-01,1.608236963745005021e-01,4.173503452340705105e-03,2.915968028666599335e-02,1.922213705194667499e-01,1.031624015848936898e-01
3.261415534674069194e-01,1.616136045223067474e-01,4.109833867851671041e-01,1.256230275983537259e-01,3.696795476912008160e-01,1.000000000000000000e+00,3.719415762656567703e-01,4.737464024220816583e-01,4.799552110885462741e-01,4.644012337662767886e-01,3.405405496190522241e-01,4.505554529692489263e-01,3.749420742221023367e-02,-2.594116990037024784e-01,-4.385230149042562142e-01,-1.969344230766696957e-01,-4.667930796310453267e-01,-1.479872439889988178e-01,-3.800586854121299485e-01,-5.355446662618057463e-01,-2.321756553776325449e-01,-5.547874991578736203e-01,-3.204929069243880324e-01,-3.135090965775636507e-01,-3.002560884519603901e-01,-2.610900856988998542e-01,4.432422403111466874e-02,-2.889318557895765860e-01,-2.740168791465824594e-01,1.019952337247083535e-01,-1.104355549356879629e-01,-4.784055975740441474e-02,-1.375545333660354586e-01,8.994227059137287206e-02,7.451069632139308008e-02,1.260430647907278823e-01,1.278165459901439982e-01,2.777055664386937073e-01,1.346124365795896838e-01,3.124357227850461105e-01,1.602684695663374459e-01,2.328129580500480078e-01,2.569311993981577835e-01,1.681250615513179558e-01,2.474921275198627146e-01,-9.312666049346991770e-02,2.143259688891063428e-02,-1.740923686381941338e-01,-9.568257374985274233e-02,-1.323982595728534217e-01,1.289802830853629123e-01,-1.076826823922111404e-01,-2.797731678255344079e-02,9.505226979716681346e-02,-5.795423891788249043e-02,-3.796654957188901058e-03,-9.760964042048997369e-02,-5.101855093541561581e-02,-1.853452620403876761e-01,4.652393221992554007e-03,-2.009235725325975164e-02,2.340416527792593959e-01,9.886885641887235843e-02,-4.056596024476775281e-02,-3.012642583645478433e-01,-3.065375722963691874e-01,7.442455782421289467e-02,-1.470465088198736892e-01,-1.637145015546116744e-01,9.467220866525462297e-02,-4.876179262654215668e-02
2.446599368720799028e-01,1.038073626051299048e-01,1.588546306136968678e-01,4.395915922950590082e-01,3.816618845594937914e-01,3.719415762656567703e-01,1.000000000000000000e+00,4.080349191156436572e-01,4.896870283000708812e-01,4.762121609721512994e-01,8.601115818327090268e-02,4.522619243898257646e-01,1.676809954455920348e-01,-4.636691132143382910e-01,-3.330184818929625701e-01,-5.052571347352949882e-01,-5.520788733535828552e-01,-2.267070261454431079e-01,-5.284629609537372374e-01,-3.142718957165141491e-01,-1.595843406652824037e-01,-4.510535355359779341e-01,4.144763278510911475e-02,-2.338549068924418717e-01,4.018746692807530219e-02,8.679706007844964488e-02,2.828208830459436607e-01,-1.133479694432322320e-02,1.486746328333387289e-02,2.334152838273124420e-01,5.670168472277667404e-02,4.170708085429979117e-02,-7.593833970193641925e-02,2.961770688583593211e-03,2.846386793012539024e-02,-3.872513871110833117e-02,-5.673637558758548582e-02,1.021280764570845628e-01,-4.922416721936522660e-02,1.461600251142344542e-01,6.717157897001597988e-02,6.468359881533125057e-03,1.290194917653796902e-01,-1.280858565520252672e-02,1.525221161191123165e-01,-1.545515739106100295e-01,-2.919421440169580606e-01,-2.567407901870793485e-01,-3.587644046945382970e-01,-3.588036090368929565e-01,-5.071769667992215638e-03,-2.139102864496820744e-01,-1.268742587625143817e-02,1.181762673735158725e-02,-1.305659272857411790e-01,3.692511988668321227e-02,-7.833373001646154465e-02,7.772959550807950757e-02,-5.376140187647592689e-02,1.559031753812988585e-01,1.845959288019958511e-01,4.008471010369840659e-01,2.539221924779593298e-01,2.420731642693523811e-01,-1.776556492661654149e-02,-1.979370476362005693e-01,1.805352657064220046e-01,4.657139834315332516e-02,-1.797661018286581674e-02,1.539321114483272745e-01,8.590699276713489874e-02
3.372318168128654037e-01,2.515258862925364713e-01,3.535601507851532377e-01,2.728661146660434911e-01,4.663713121834813791e-01,4.737464024220816583e-01,4.080349191156436572e-01,1.000000000000000000e+00,3.254188386900357388e-01,6.439562687263955532e-01,3.909356635687523118e-01,4.939538281443882628e-01,1.974458799064016945e-01,-2.086994891611268499e-01,-4.888669163194327982e-01,-3.274357104382105699e-01,-5.522274056775716700e-01,-3.961568909351173562e-01,-3.829971335901895535e-01,-5.057795268435136826e-01,-3.549602727577242378e-01,-5.747909477925865485e-01,-3.192481009905392408e-01,-4.019854427262692931e-01,-2.298268935679025904e-01,-1.276525965187729206e-01,9.378136361545216793e-02,-2.845819250434244441e-01,-1.422186872400313662e-01,1.659221389242507838e-01,-1.335136673351193792e-01,5.237572221597436989e-02,-1.953794169819816559e-02,1.652877534229735268e-01,1.388141161643674792e-01,1.748698126181914003e-01,1.486180866673041667e-01,2.692994143495410775e-01,1.503463032796416576e-01,2.755475655891638787e-01,2.541170509208346973e-01,2.129781374511187653e-01,3.114822159950353941e-01,1.991196309279067156e-01,2.783911331495301789e-01,-2.373729086436910107e-01,-7.222438558917446128e-02,-1.906577608222937148e-01,-1.336808072427381477e-01,-2.466738534119072568e-01,3.137120878817498126e-02,-2.464690081112885234e-01,-1.121278045252778188e-01,-4.823620272659115589e-03,-1.476687348756099138e-01,-9.190181018798557200e-02,-2.145276024465219145e-01,-1.044489247226829259e-01,-2.533753144300845417e-01,-2.947820547146670980e-02,-5.795056863209719494e-02,2.780043269447600163e-01,6.567400580835767998e-02,-2.075313808398489973e-02,-2.227244458343049238e-01,-2.145097700447633482e-01,1.664564974786540419e-01,-2.703906243745757276e-02,-2.779397621757034170e-02,1.770524936035003660e-01,9.423775077982046722e-02
1.719514201530176201e-01,-6.740296990326938298e-02,1.286208533591384484e-01,1.448223054553551270e-01,1.316131372959169488e-01,4.799552110885462741e-01,4.896870283000708812e-01,3.254188386900357388e-01,1.000000000000000000e+00,4.658072790231301830e-01,4.794193229706245063e-01,5.392565058982884407e-01,-7.410081843925746259e-02,-5.131136105880440557e-01,-4.971524079011512831e-01,-2.590741150346952404e-01,-5.025039179565622405e-01,2.734621466991080455e-02,-3.594675253799395898e-01,-3.724052271863396713e-01,1.639881309927936417e-02,-3.565021124753721682e-01,-7.219576088680063064e-02,-6.166755451935511390e-02,-6.654325520782224113e-02,-1.371231506743663953e-01,2.463646562622821001e-01,-1.119534757639805145e-01,-2.094831837693122700e-01,1.634576306682304081e-01,5.838854840704570288e-04,-3.601737256731900316e-02,-1.220843144867371916e-01,1.678864758422900227e-02,4.703127480220004042e-02,-1.595661473869996669e-02,1.031808112115432073e-02,1.114801006832258495e-01,-2.256383960020682741e-02,1.198735056924794817e-01,-8.565375154415671294e-03,3.686211316246207348e-02,-8.965797194021093638e-03,-6.266630387850898043e-02,6.957338974852962654e-02,-5.609947428631756328e-02,-1.014405338721678929e-01,-2.530197896289440584e-01,-2.105251635156587531e-01,-1.125363851545543858e-01,1.591801999385543398e-01,-4.083584202985827277e-03,8.341994674709567181e-02,1.908761563548104778e-01,4.605865282911568437e-02,8.134677497237510768e-02,-1.778452796797642954e-02,9.583437511454104274e-02,-6.296161660462010201e-02,2.119667599227356702e-02,1.788760226977179069e-01,2.976996683174957803e-01,2.780455488322794433e-01,2.396198304591218853e-01,-8.217472017515969895e-02,-3.102480172677655190e-01,1.147720813644322185e-01,-6.358020285670297478e-02,-1.785501130961782423e-01,7.280317753496616529e-02,-5.777588113666382724e-02
2.882547616131121426e-01,1.342517463951737045e-01,2.877017851263066750e-01,2.732100564228167605e-01,3.269861097767231550e-01,4.644012337662767886e-01,4.762121609721512994e-01,6.439562687263955532e-01,4.658072790231301830e-01,1.000000000000000000e+00,3.901345378257912166e-01,5.869185609113770630e-01,2.411304052765936567e-01,-2.757252950503223388e-01,-5.120372389501129939e-01,-4.507408692299134656e-01,-7.371634994312938893e-01,-4.245133994966722724e-01,-4.747485766338573332e-01,-5.496895168885371774e-01,-3.045426866254364318e-01,-4.978847167283771413e-01,-2.477081041170723086e-01,-3.117079546947983393e-01,-1.286953593421224507e-01,-4.696688978047657004e-02,2.290770115725344336e-01,-2.058410359759286490e-01,-7.874427869500104371e-02,2.761289319554340316e-01,-3.243121832715126218e-02,1.585610982555152315e-01,8.439003616823297083e-02,2.076300076924613436e-01,1.336651451313058958e-01,1.795411300509232311e-01,1.479335524847101568e-01,2.179393490892019003e-01,9.570510963303979768e-02,2.956263839163162377e-01,2.070388322923163993e-01,1.112695769696172426e-01,2.655692185328163424e-01,5.537735971355300241e-02,2.083647579799308702e-01,-2.349548436796751183e-01,-2.009530981027527197e-01,-2.491950247072556579e-01,-1.565731597066443992e-01,-3.201147808691870433e-01,-5.075312756440197165e-02,-2.786702700254553022e-01,-1.456443709949811760e-01,-6.758855657560487729e-02,-2.146005172950931350e-01,-1.424140716102284543e-01,-2.448442396504544594e-01,-1.198286580874744489e-01,-2.399946853251755663e-01,-6.403185316839132835e-02,1.465358022372831477e-02,3.509700636718957045e-01,1.852695604137302721e-01,1.437742390941524062e-01,-5.962742874601838217e-02,-1.677940577360267915e-01,2.146349674128797125e-01,8.047690641309740434e-02,1.043662840266622142e-02,1.692205335870369809e-01,1.558214349532349996e-01
1.092953348746619618e-01,-8.763561000624472963e-02,8.510688808744629186e-02,-1.086671967525904281e-01,5.600752729544777875e-02,3.405405496190522241e-01,8.601115818327090268e-02,3.909356635687523118e-01,4.794193229706245063e-01,3.901345378257912166e-01,1.000000000000000000e+00,4.067956526092819103e-01,-2.642882511889451114e-01,-2.655093806150098934e-01,-6.072857805831246569e-01,1.286102968592447438e-01,-2.988532548654733723e-01,1.580387684494133083e-01,5.065791088730926817e-02,-3.230954133887815605e-01,1.132175819272470824e-01,-2.482851298713479316e-01,-2.542021015363745695e-01,5.911108493258820928e-02,-2.859393578246743894e-01,-3.358938755342200100e-01,3.961302169172865872e-02,-2.875098069830547831e-01,-3.687278766684018994e-01,5.880184111750524911e-02,-1.495597553823375114e-01,-8.795334042867475333e-02,-1.624682794314707412e-01,9.301234356502315753e-03,-1.274345994582606239e-03,3.298548158162904059e-02,9.724827398338224682e-02,1.463789629071269027e-01,5.446536589661100936e-02,1.292397575517757469e-01,-4.778025819294477033e-02,1.394891524194059040e-01,9.203892551290566992e-02,2.366124283578163040e-02,2.827571310622629119e-01,7.307370474493417312e-02,7.418084143856279455e-02,-5.612897726532163623e-02,2.736490582575209704e-02,7.529926757887336897e-02,2.929612939046480902e-01,4.554609212804410640e-02,1.143776977427678337e-01,2.707708640248703280e-01,7.903347466360639839e-02,1.186117580729119242e-01,-1.032577346611725060e-02,4.732726535613154817e-02,-6.863047664644057744e-02,-9.207202016866765371e-02,-7.896523529494961502e-02,1.023704242838440331e-01,2.082255518868225685e-01,6.498221558940434073e-02,-2.524624618183040625e-01,-3.315821064644736693e-01,4.430933858754613174e-03,-1.645936078449136142e-01,-2.713621654987116161e-01,1.380592758356734805e-02,-9.316450129916863110e-02
2.513234780910028054e-01,1.002947920096631668e-01,2.047597089265259518e-01,2.755900087960185263e-01,3.208888698831774411e-01,4.505554529692489263e-01,4.522619243898257646e-01,4.939538281443882628e-01,5.392565058982884407e-01,5.869185609113770630e-01,4.067956526092819103e-01,1.000000000000000000e+00,2.309604984847408449e-01,-4.642378120962455390e-01,-6.371484169113794671e-01,-4.887777128408373750e-01,-5.574691893751501093e-01,-2.275382971834043755e-01,-4.535449621934889430e-01,-4.045674665330112330e-01,-1.789747571135903714e-01,-5.069288100519969698e-01,-9.194244511978755252e-02,-2.297617524099605235e-01,-3.960419583954464390e-02,1.597162367429644236e-02,3.023103660214651600e-01,-1.386477227816239055e-01,-2.813188288512284696e-02,3.424335341344203476e-01,3.682920449944957625e-02,1.867957767476918218e-01,8.370837822501092304e-03,1.467110264098362982e-01,9.525792855346723598e-02,3.550881860169866067e-02,5.852858120180930157e-02,1.398728565892970177e-01,-4.837660466680024363e-02,2.015076444866116534e-01,7.933235224872370317e-02,-1.044712836500958329e-02,1.822287724647065899e-01,-4.479830381533257688e-02,2.351877886179057631e-01,-2.088408686695659988e-01,-1.912677004315954943e-01,-2.197955636993662865e-01,-2.056219229244745095e-01,-2.707425643555657069e-01,-4.336043584184692823e-02,-2.836187317342735437e-01,-1.046195954682276608e-01,-4.747168095943247318e-02,-2.079877269497821535e-01,-6.409034359032604600e-02,-1.787224121201459459e-01,-2.902783517012191838e-02,-1.475910036339668496e-01,5.228663020916993198e-02,7.880552376150640193e-02,4.269044719658384723e-01,2.438608341325793349e-01,2.264339226829276686e-01,-2.034355195837104710e-02,-1.888467015703302887e-01,2.178593383499023983e-01,1.389955182185676763e-01,-2.108878064833630273e-02,2.202497809065455114e-01,1.472432203690758890e-01
1.697937702625258727e-01,2.023179749670117600e-01,1.249640762770250629e-01,3.082371741592644376e-01,1.998809239157515183e-01,3.749420742221023367e-02,1.676809954455920348e-01,1.974458799064016945e-01,-7.410081843925746259e-02,2.411304052765936567e-01,-2.642882511889451114e-01,2.309604984847408449e-01,1.000000000000000000e+00,9.986443545125370247e-02,3.065455217019173815e-03,-4.940574431491281948e-01,-2.625526175650579885e-01,-4.625914159391804614e-01,-2.739491045169544781e-01,-1.303472606667306910e-01,-4.192540287598633952e-01,-2.432696876171099865e-01,-1.189656971794535723e-01,-3.713913193363280740e-01,1.554513799196131918e-02,2.611503414877359153e-01,1.286953209843414991e-01,-5.518656176590409218e-02,2.385639956128795536e-01,1.833818516211450367e-01,-4.907065180489294381e-02,1.880198860354229951e-01,1.935229755385971251e-01,2.573413440243988437e-01,1.439306723334496108e-01,1.765110279193739806e-01,1.374496212017409791e-01,1.508093354103473283e-01,1.424541665457051409e-01,1.573666503787026494e-01,3.126056750491719716e-01,5.990330229893797015e-02,1.268323693188362911e-01,9.352204846303117936e-02,-7.827221349183338672e-02,-2.770080543651141647e-01,-1.734368229219725721e-01,-1.022647697395804994e-01,-1.373146355613433234e-01,-3.198175677186985699e-01,-3.733135447201519908e-01,-3.558494082035433270e-01,-3.217967093253658040e-01,-4.008471749309622800e-01,-3.266091064650398779e-01,-2.967295416687227849e-01,-2.680438460489814045e-01,-1.748977358771008073e-01,-1.990122597534191573e-01,7.605832120281008635e-02,-2.627452334598662231e-02,2.330244981703306906e-01,-6.159770133617391979e-02,4.197948954530965338e-02,1.550248601982286145e-01,2.017764637707738784e-01,2.699096557351842174e-01,2.852253177204168155e-01,2.574811483114538557e-01,2.627595600321204206e-01,3.100815106809247101e-01
-7.922217848156494491e-02,3.131099122751042352e-02,-1.059274546228606596e-02,-2.694750502409847814e-01,-1.799263926733161434e-01,-2.594116990037024784e-01,-4.636691132143382910e-01,-2.086994891611268499e-01,-5.131136105880440557e-01,-2.757252950503223388e-01,-2.655093806150098934e-01,-4.642378120962455390e-01,9.986443545125370247e-02,1.000000000000000000e+00,4.613532112400355323e-01,3.434378646810417601e-01,3.632314674192886894e-01,-1.395876541775614432e-01,3.349201775018305072e-01,4.429547611019133552e-02,-1.499648349911815448e-01,2.159244707691568843e-01,-2.403839632105766455e-01,-4.373484772534372983e-02,-1.946494577265910630e-01,2.689673267034478361e-03,-3.333939373329297684e-01,-1.625699989495747178e-01,5.202819321778003048e-02,-2.222880319458398757e-01,-2.382343851666691159e-01,-2.334481473502090371e-02,1.213355586638288075e-01,1.303029557007988337e-01,9.930887470678953499e-02,2.510562395672817915e-01,1.788338682980943062e-01,1.082447814249481999e-01,2.556988738827002394e-01,8.247820723091568718e-02,2.178103188998652406e-01,1.945525747872523525e-01,8.265516453120722029e-02,2.412559210529777731e-01,-1.363705082138489399e-01,-7.661473730437174529e-03,2.374689757111789479e-01,9.262848106321627806e-02,2.578572857761587955e-01,1.712912781302476928e-01,-1.397865003871291978e-01,5.168536209016116184e-02,-2.328160157111833217e-01,-1.803321655204216389e-01,-5.222336594119238867e-02,-2.123329865762179081e-01,-1.195648471659750411e-01,-2.382795630923073560e-01,-1.425462525319571572e-01,-2.008734803719097739e-01,-3.321705957905610740e-01,-3.121715204745625361e-01,-2.800129493107453849e-01,-3.319171792401386933e-01,-4.559890288816620396e-02,3.016434034840864697e-01,2.133401263962619171e-02,-2.767175667102672598e-02,1.898277153347329715e-01,2.004497697178134197e-02,6.197791383283789146e-02
-2.432359522896076764e-01,-8.747051360096648465e-02,-2.086743872420991075e-01,-1.740394822600210556e-01,-2.980600495495220326e-01,-4.385230149042562142e-01,-3.330184818929625701e-01,-4.888669163194327982e-01,-4.971524079011512831e-01,-5.120372389501129939e-01,-6.072857805831246569e-01,-6.371484169113794671e-01,3.065455217019173815e-03,4.613532112400355323e-01,1.000000000000000000e+00,1.921331631451071442e-01,5.179560200515183066e-01,2.364034222944853825e-02,2.395979092480758077e-01,3.559465629457960745e-01,4.559032096118851435e-02,4.335316632984059781e-01,1.686243294794837200e-01,1.442758906802989183e-01,1.443061570411036110e-01,1.982981048719878181e-01,-2.003899308034000626e-01,1.942387626824893243e-01,2.273432382037081922e-01,-2.083419507619587996e-01,1.372751764926865951e-02,-4.049894162822173516e-02,6.646012586119744159e-02,-5.538853979015193746e-02,-4.726589353199529830e-02,-1.632975282326284625e-02,-6.154292831747701364e-02,-1.106183360183005532e-01,2.765300585820770068e-02,-1.391667121749131097e-01,6.425833839376738840e-03,-5.391050924393137045e-02,-2.035364654020973829e-01,-1.457303445513426915e-02,-3.231510626347955939e-01,8.531383602213937767e-02,9.680575787622607009e-02,1.164452522912186178e-01,1.081145640022698889e-01,1.348761861175732102e-01,-1.264238308612435358e-01,1.601555607817523874e-01,-2.437255165889848016e-02,-1.261545239175120847e-01,7.537830731901830339e-02,-5.566244152319694410e-02,9.121648101584270418e-02,-8.239995166404086649e-03,9.213652666022545401e-02,-3.624362514025111087e-02,-5.257229364727856319e-02,-3.145629030458590436e-01,-2.192998134557825329e-01,-1.579446194950218652e-01,1.563161617024324546e-01,3.305003291050655490e-01,-7.990412557224615964e-02,6.671795251965995273e-03,1.802786003027433692e-01,-1.007384648852716474e-01,-1.665322129089780515e-02
-2.167131501202035071e-01,-1.672859585475011401e-01,-1.117590853893953295e-01,-4.452702816112881212e-01,-3.107327216348459986e-01,-1.969344230766696957e-01,-5.052571347352949882e-01,-3.274357104382105699e-01,-2.590741150346952404e-01,-4.507408692299134656e-01,1.286102968592447438e-01,-4.887777128408373750e-01,-4.940574431491281948e-01,3.434378646810417601e-01,1.921331631451071442e-01,1.000000000000000000e+00,4.836549230978445801e-01,4.155166216257301648e-01,5.637151194783847075e-01,1.821579586411738449e-01,3.317636966390238307e-01,3.685318111700647270e-01,-7.537445950018618890e-02,3.346510288909136377e-01,-1.892924852149867332e-01,-2.955152323908229461e-01,-3.420299708151446905e-01,-9.285098790269243063e-02,-2.470264078313229028e-01,-3.331018008736761349e-01,-1.301241506785374424e-01,-2.355520354373846215e-01,-1.175343559746703237e-01,-1.275647618676353234e-01,-6.989230416517257238e-02,-2.555520454028846564e-03,2.212622587319218806e-02,-4.655110520132342555e-02,5.440762997252558686e-02,-1.271574516365192031e-01,-1.541015071684281590e-01,9.523569822379716887e-02,-1.138854941798470438e-01,7.146612644720518048e-02,-3.080668321691195852e-02,2.696065092550119502e-01,3.388349422987485537e-01,1.912423399531863466e-01,2.975198835793229635e-01,4.225707446313891058e-01,2.823520313959233530e-01,3.407709161253730246e-01,1.647422007076327910e-01,2.608979940313713719e-01,2.632858272517006881e-01,1.449403367813896226e-01,2.111839340728312864e-01,2.778799432545842746e-02,1.105086904561931871e-01,-1.429079394247164958e-01,-2.293684120265172266e-01,-4.240268101908498122e-01,-8.588323271841902251e-02,-2.701388807226819955e-01,-2.084346612391212994e-01,-2.237868494822737100e-02,-2.517692791612906600e-01,-2.862052373152152440e-01,-1.627356031355749189e-01,-2.256970855309355373e-01,-2.445069033532468461e-01
-2.825599225062347952e-01,-1.244590468209019751e-01,-2.885491020693537467e-01,-3.429720007020148898e-01,-3.442330767074288644e-01,-4.667930796310453267e-01,-5.520788733535828552e-01,-5.522274056775716700e-01,-5.025039179565622405e-01,-7.371634994312938893e-01,-2.988532548654733723e-01,-5.574691893751501093e-01,-2.625526175650579885e-01,3.632314674192886894e-01,5.179560200515183066e-01,4.836549230978445801e-01,1.000000000000000000e+00,3.769476581583849906e-01,4.960990828540894348e-01,4.914521176532944957e-01,2.845413612516888846e-01,4.695840270730414212e-01,1.999994574079081988e-01,3.061109511657487126e-01,7.895985354046981819e-02,6.001724289538747092e-02,-2.424573342084238858e-01,1.394331426826438958e-01,8.680133946410635570e-02,-2.634982465853520917e-01,-2.382641937455376793e-02,-1.320927643931825990e-01,-8.065544117348713571e-02,-1.450125409297495227e-01,-1.016203548182374183e-01,-1.374563388459945634e-01,-8.812012917380411536e-02,-1.534092170932862265e-01,-5.488413054097360244e-02,-2.278083644644281203e-01,-1.266225422398732092e-01,-8.453929312011294883e-02,-2.202257217159120650e-01,-2.497038925671177939e-02,-2.047419695537964768e-01,1.530421065001535130e-01,2.153395654303428552e-01,1.865605117454922079e-01,1.993559313768013264e-01,3.357328260982551105e-01,3.891662711298109895e-02,2.618616692666522194e-01,8.590071617050380748e-02,4.721597418246453737e-02,2.078720110410541277e-01,7.158940699056054457e-02,1.793408843729775159e-01,8.087658670718365916e-02,1.828161433407899938e-01,-4.763637347075747736e-03,-1.222290057497318894e-01,-3.494710165231987298e-01,-1.696113818018774866e-01,-1.807325903155865832e-01,3.701241657886577413e-02,2.170698993909622454e-01,-1.375974437069722722e-01,-7.419427885800587708e-02,3.668373958269880580e-02,-1.008381312246511285e-01,-1.270401454519144435e-01
-2.150797005553018726e-01,-2.399338474207867999e-01,-3.151944795602544258e-01,-2.995383893428611444e-01,-2.809364222514865173e-01,-1.479872439889988178e-01,-2.267070261454431079e-01,-3.961568909351173562e-01,2.734621466991080455e-02,-4.245133994966722724e-01,1.580387684494133083e-01,-2.275382971834043755e-01,-4.625914159391804614e-01,-1.395876541775614432e-01,2.364034222944853825e-02,4.155166216257301648e-01,3.769476581583849906e-01,1.000000000000000000e+00,4.412082497979058493e-01,3.246499785270385852e-01,5.948942065665697720e-01,3.209796460021245856e-01,2.799073998849094802e-01,4.697280739903746394e-01,8.167257973800175208e-02,-1.811415536634233270e-01,-6.258690290932587830e-02,1.622654755589540698e-01,-1.896150362101458042e-01,-1.582436298281560405e-01,1.041493797867817095e-01,-2.515901721959727388e-01,-2.376561381603484457e-01,-2.721064458907764827e-01,-2.310499687586086426e-01,-3.042923701013700022e-01,-2.023719369790594469e-01,-2.400558307629501731e-01,-2.124582582591272029e-01,-2.448734377650920446e-01,-3.780345759546771545e-01,-1.703958996589267638e-01,-3.103328375209235546e-01,-2.343015580708418810e-01,-6.799608735678633331e-02,3.169511983310902004e-01,7.532108001433336641e-02,1.744657011005243397e-01,7.542582700348349212e-02,2.634645295860639225e-01,3.344276874902346597e-01,3.676111927816661518e-01,3.841493788964315814e-01,3.181385382975821519e-01,3.446425786634479405e-01,3.462311977007657138e-01,3.223569485015424507e-01,3.406779563564971136e-01,3.293804450329509970e-01,1.041390701531910989e-01,1.132321294408213802e-01,-1.505892484893825434e-01,1.584382985197390625e-01,8.163237571946117821e-02,-5.924108676129317963e-02,-1.744407960327754858e-01,-2.303328203163945986e-01,-2.327063570358859357e-01,-2.440265015986561314e-01,-2.149709663200926046e-01,-3.101315388284979768e-01
-2.616853388848678352e-01,-1.668137455983743078e-01,-3.077586718889847028e-01,-3.719725092229279606e-01,-3.284682078502974001e-01,-3.800586854121299485e-01,-5.284629609537372374e-01,-3.829971335901895535e-01,-3.594675253799395898e-01,-4.747485766338573332e-01,5.065791088730926817e-02,-4.535449621934889430e-01,-2.739491045169544781e-01,3.349201775018305072e-01,2.395979092480758077e-01,5.637151194783847075e-01,4.960990828540894348e-01,4.412082497979058493e-01,1.000000000000000000e+00,3.709116867973137333e-01,3.726665067826843702e-01,4.819833451455682316e-01,-2.576836417081458316e-02,3.929583913737872969e-01,-1.139105103057063972e-01,-2.106215413457099561e-01,-3.122992850789609309e-01,-2.103083553446434897e-02,-1.680940234718726056e-01,-2.970911121572796243e-01,-1.042828837647308826e-01,-2.542537015817718515e-01,-1.240259044597987192e-01,-1.567339254403158078e-01,-1.666353190563547859e-01,-8.282994974192200988e-02,-2.514016705396669455e-03,-1.081077056398580122e-01,3.393257162717432107e-02,-1.630480487722206218e-01,-1.690620831630209597e-01,2.226215176467277734e-02,-1.980271148150751781e-01,-2.274338014539654951e-02,-7.197296573823987187e-02,2.830409596136732597e-01,2.400108972505624882e-01,3.116294866916409778e-01,2.849826554764048891e-01,3.634014837351636773e-01,2.047177232803449598e-01,3.417263067126540266e-01,2.281065765644713639e-01,1.617312378797362005e-01,2.472098953973374813e-01,1.890284318108453043e-01,1.922572633116314822e-01,7.271573863554986472e-02,1.658077558492277170e-01,-8.348157244344309169e-02,-1.660842190560553322e-01,-3.884928603669782765e-01,-1.101028891904007601e-01,-1.796048079941875431e-01,-9.098743231463921055e-02,5.065095345335932780e-02,-2.443608685498518396e-01,-2.083869303281623564e-01,-1.348141930357176499e-01,-2.320311597196919040e-01,-1.826518832036872486e-01
-2.613240737228035848e-01,-1.458218695802777909e-01,-3.377603318351709016e-01,-8.451316636857293674e-02,-3.105142994301264836e-01,-5.355446662618057463e-01,-3.142718957165141491e-01,-5.057795268435136826e-01,-3.724052271863396713e-01,-5.496895168885371774e-01,-3.230954133887815605e-01,-4.045674665330112330e-01,-1.303472606667306910e-01,4.429547611019133552e-02,3.559465629457960745e-01,1.821579586411738449e-01,4.914521176532944957e-01,3.246499785270385852e-01,3.709116867973137333e-01,1.000000000000000000e+00,3.074067194816691995e-01,5.288336023076211090e-01,4.412560087514226792e-01,3.665522837858369853e-01,3.286676427701145098e-01,2.060778491756949660e-01,8.715790858781327687e-04,3.474412345829884230e-01,2.051994824006264928e-01,-7.689264900009272485e-02,1.555661125993083593e-01,-5.667019271828870053e-02,-2.949544122117895781e-03,-2.464015915455508021e-01,-2.509091933152309273e-01,-3.166482367773390538e-01,-1.984014070323246171e-01,-3.416848927884507670e-01,-2.485117899898836580e-01,-3.398360812236175255e-01,-2.828000517618676768e-01,-2.917198386774264018e-01,-2.831372502140953595e-01,-1.982896003040620636e-01,-1.742275462441841560e-01,1.164997541420507848e-01,-4.163998530146754279e-02,2.026345040254287078e-01,4.023353210680976483e-02,9.810509669630836094e-02,1.972546028793498857e-02,1.640126120093578777e-01,2.078720758427471116e-01,6.368645545393937513e-02,1.566701555382222777e-01,1.522672451305452923e-01,2.212378260664462915e-01,2.007930114044920167e-01,2.797602026477687964e-01,1.476040881283627038e-01,9.426708192620901483e-02,-1.576397404918295775e-01,-5.023908324794997687e-02,1.050675358737401671e-01,2.720562806288315816e-01,1.934034455354109172e-01,-1.016943241551874072e-01,1.053186367905261517e-01,4.304718880974636036e-02,-9.721875369173868520e-02,-4.384472125404904885e-02
-3.045688940073689177e-01,-3.337845593469081495e-01,-3.881031230876086924e-01,-3.117679561888870299e-01,-3.740012452589036029e-01,-2.321756553776325449e-01,-1.595843406652824037e-01,-3.549602727577242378e-01,1.639881309927936417e-02,-3.045426866254364318e-01,1.132175819272470824e-01,-1.789747571135903714e-01,-4.192540287598633952e-01,-1.499648349911815448e-01,4.559032096118851435e-02,3.317636966390238307e-01,2.845413612516888846e-01,5.948942065665697720e-01,3.726665067826843702e-01,3.074067194816691995e-01,1.000000000000000000e+00,4.082446482441781099e-01,4.114153015853483919e-01,6.395035843728342773e-01,1.954012629749751762e-01,-8.642439821011047019e-02,4.919024898106266752e-02,2.338510339865873255e-01,-8.430258110450662701e-02,-4.999192328063948448e-02,2.051675412029719814e-01,-1.199451124788004502e-01,-1.931060089109167266e-01,-2.845788890252017311e-01,-2.412006475518052306e-01,-3.668364413415989289e-01,-2.157944296684239649e-01,-2.798400090378426186e-01,-2.784945450137305545e-01,-2.308050857262014532e-01,-4.292991203895952235e-01,-2.633257604247504213e-01,-3.161990531803514637e-01,-3.483531354414020620e-01,-6.129619433491103470e-02,2.903114431582735078e-01,-4.788120352627749099e-02,1.342987299689974434e-01,9.617410930865917182e-03,1.897949551171644322e-01,3.027934244816369302e-01,2.613787099946793813e-01,3.572415439617832034e-01,3.515966726002778264e-01,2.728021105650563216e-01,3.405871478094176230e-01,3.136708763476550588e-01,3.497933271499872876e-01,3.580312218378854938e-01,1.416841570980467875e-02,9.569957135651961655e-02,-8.576131218705725090e-02,3.023178348425946682e-01,1.771149129490519336e-01,2.538193413926478903e-02,-1.382687261076994134e-01,-2.209167515988942065e-01,-1.291446922742710557e-01,-1.997895007765184694e-01,-2.366842843993798295e-01,-2.184481990317837796e-01
-4.296291897277227378e-01,-3.047052560752619432e-01,-4.321287487276198047e-01,-3.452324260474872175e-01,-5.368337273825003475e-01,-5.547874991578736203e-01,-4.510535355359779341e-01,-5.747909477925865485e-01,-3.565021124753721682e-01,-4.978847167283771413e-01,-2.482851298713479316e-01,-5.069288100519969698e-01,-2.432696876171099865e-01,2.159244707691568843e-01,4.335316632984059781e-01,3.685318111700647270e-01,4.695840270730414212e-01,3.209796460021245856e-01,4.819833451455682316e-01,5.288336023076211090e-01,4.082446482441781099e-01,1.000000000000000000e+00,3.027539567234583395e-01,5.506773947988881091e-01,2.674981667283873876e-01,6.386514545393696951e-02,-1.250507893923684111e-01,3.127694609967001660e-01,1.051560475692993463e-01,-1.921432242041822003e-01,1.412360036445801659e-01,-7.200415379838688568e-02,2.779913379435074508e-02,-2.186653155356981793e-01,-1.995095277555437308e-01,-1.935376727962865862e-01,-1.336520186113760722e-01,-2.762747637010386503e-01,-1.394657238495484730e-01,-2.946680298181952318e-01,-2.799734040650293521e-01,-1.922340846592838215e-01,-3.217030836781953340e-01,-2.072146742648677820e-01,-2.437795129870408417e-01,2.189869645375976948e-01,5.035972720450860446e-02,2.258913284225414209e-01,1.844367101256782493e-01,2.675756649122867370e-01,6.868163449414597943e-02,2.835856204844451334e-01,1.824269514909675483e-01,1.015532591322875211e-01,2.183219048129648454e-01,1.395177476797057337e-01,2.571013883247205700e-01,1.312844144388406742e-01,2.499489909849134939e-01,-7.045558122781775401e-02,-5.443713637456708970e-02,-3.839464478905598166e-01,-3.352322391854010292e-02,-8.530028221596569482e-03,2.091322252235314483e-01,2.192867180109531744e-01,-2.422332197715371394e-01,-2.165952023703408141e-02,1.440340670799590030e-02,-2.683502255190932106e-01,-1.298036470577976498e-01
