1.000000000000000000e+00,3.839045733426659779e-01,6.219734345833914935e-01,-3.758007711461618106e-02,3.678445663995538739e-02,3.401321614241173963e-01,3.190073204567562826e-01,9.173500258073252756e-02,2.302888628929803394e-01,9.503685848513047929e-02,1.079290356890325736e-01,1.673959440052108505e-01,1.464190348588867707e-01,1.148514418808923090e-02,4.417492442346027809e-02,8.282020754924911132e-02,3.318505881952572845e-02,9.858708823311962410e-02,1.009806742080826686e-01,3.275117776260848268e-02,1.859998661104212136e-01,7.187987252014751971e-02,6.603147874424236674e-02,4.995347534783572269e-02,-9.180691053889489250e-02,-2.598394215501682591e-01,-2.119464182732563595e-01,-1.416341072730835093e-01,-2.823572261191846788e-01,-1.458084350517542815e-01,5.162802048399236371e-02,8.458230902380291238e-02,1.563854978452904887e-01,-1.259994069339832878e-02,-1.471824725741601447e-01,7.559638894019903022e-02,-1.199062977530261087e-01,4.950115456180181027e-03,5.511969739577823185e-02,-1.359652490187399608e-02,1.201095474137735541e-01,5.503963834642421060e-02,1.605241171776378983e-01,1.764607757209489258e-01,1.268647579110129819e-01,1.886272166666461969e-01,1.891466421379016383e-01,7.947669773950059857e-02,7.327680749548932948e-02,8.977671612466490980e-02,1.594910536099766740e-02,-1.356889595049527442e-01,-6.945498033376808211e-02,1.953577266483322653e-02,-8.408216131236917468e-02,-2.385153703454062912e-01,-5.957836976774864846e-02,-2.384064244100456420e-01,-2.219163654607912706e-01,-6.575756204102703451e-02,-2.910847868774770753e-01,-8.424492605145177115e-02,-2.519340989441712919e-01,-1.501076081412435759e-01,-5.954481669866971277e-02,-1.417365296314958001e-01,-1.176674285345298415e-01,-6.318611498912374280e-02,-1.761208357812421924e-02,4.985301028213407447e-03,-3.624272378316131110e-02,5.498857981294281994e-02,7.563373989838081263e-03,-1.760491075788422552e-02,9.400595551806485359e-03,3.654368921738920112e-02,-1.369535412178325140e-01,-6.008202198941596517e-02,2.917102828097260098e-02,-1.122646399861509520e-01,-1.005645789600116830e-01,-1.758168769459006117e-02,-1.543482248719806049e-01,-1.213474463851812457e-01,-1.039155298759290511e-02,2.579166784976860693e-02,5.127319100557704845e-02,-7.722553092218732707e-02,9.115101941049015555e-02,-3.409013991584129016e-02,1.221394511479473727e-01,2.207302728890208621e-01,7.344684005864558773e-02,1.626281251502142700e-01,2.710633337295650369e-01,2.140527645895314371e-02,3.251571887730727028e-01,1.690369772789226677e-01,1.004071492235028423e-01,-4.165612300457981892e-02,-9.282627514023641252e-03,-2.616290544474364488e-01,-2.056608865902600225e-01,-1.991887383727335842e-03,-2.450049331297901936e-02,-3.262511097862881571e-02,4.033313413286571114e-02,-2.238500967134508454e-02,-1.308997744071214130e-02,2.472806369653678463e-02,7.701581534574840349e-02,1.232203480881184920e-01,2.799750507888519938e-02,9.952147458592396079e-02,6.196583414865604322e-02,2.976998835235166938e-02,1.738832419273675656e-01,6.870987879682030619e-02,8.430418904407634140e-02,1.750503891017225755e-03,1.081993623791917963e-01,5.425289340278574568e-02,1.128856996337679374e-03,6.355269671569820089e-02,-5.939630315014703121e-03,-1.659129748184735506e-02,4.739533827190979542e-02,-3.591178746158101703e-02,4.483769141767927555e-03,7.166065683475163726e-03,-2.896904287273535314e-02,-3.036073911198857930e-02,-1.079699126991133795e-01,-2.831756986006636959e-02,-8.932776451266376261e-02,-6.005086078168756641e-02,-9.227443550482292145e-02,-9.523217854732676790e-02,-2.515266192605759496e-02
3.839045733426659779e-01,1.000000000000000000e+00,1.711977536945122613e-01,-1.805335884835138904e-01,2.785408334111337814e-01,3.248702218768045324e-01,4.019019163128271233e-01,2.291650832192358156e-01,2.196247552498450384e-01,5.616577630954821404e-02,5.090070421986445798e-02,2.068412766267110348e-01,1.112595554333551534e-01,-4.831002227334430660e-02,-3.220516021679799973e-02,-4.940062516501193129e-02,-6.300807749604517283e-02,-2.798221523772690192e-02,-7.638937287084522632e-02,-8.113696827075229934e-02,2.122449876608709790e-02,-9.908400958930001223e-02,-6.556022853661720717e-02,-9.201575131277048292e-02,-2.311063640181535983e-01,-1.463086102641435737e-01,-1.127832901421781664e-01,1.173835902294937880e-02,-2.168144989107231857e-01,-8.995436748273015481e-02,1.915208534648617233e-01,2.437005919981966376e-03,7.777610607209785309e-02,1.272067059660272614e-01,1.308945120427372211e-01,1.862271610789773268e-01,-4.779028541691575371e-02,-1.788868122211716150e-01,1.767227265181483820e-01,-1.942838658696295628e-01,8.103800167031142976e-02,2.167597105418127557e-01,2.382246782022923448e-01,3.093410109704704536e-01,2.703205877205065999e-01,2.812725701569375736e-01,3.268475851733251281e-01,1.438723492035463847e-01,3.644041457528061911e-02,2.111527318414361393e-02,-1.059762931711594469e-01,-3.975479672414333754e-02,-9.489010921193970216e-02,-4.219372811119516918e-03,-2.527178553165604913e-01,-1.558876168643293925e-01,-1.204133370629536792e-01,-3.676193854032779873e-01,-8.003617948307789609e-02,-2.109822387900398555e-01,-3.020869623140253757e-01,-2.121722196568900376e-01,-2.429008206223549626e-01,-2.883931906349113117e-01,-3.057466560614071627e-01,-1.697995941083051130e-01,-1.444764811636332080e-01,-7.307946826555987430e-02,-7.662544232574556267e-03,2.854688227332942418e-02,1.419581743620004777e-02,1.037655932578119972e-01,5.019632806855326562e-02,1.202297580760013224e-01,5.858234368393634012e-02,4.196655139154480130e-03,-7.089808276618392302e-02,-9.294655125567866105e-02,8.978802383463838077e-02,-5.507163209158275757e-02,4.266212345079469642e-02,9.168682382903128869e-02,-3.375755178918912053e-02,-1.430467526064813644e-01,2.098124586868216606e-03,6.886680406877490612e-02,3.244698847619065241e-02,1.708469609777797105e-01,1.967654143707593117e-01,6.016261568995869002e-02,3.332770698729577985e-01,2.145878580154066406e-01,2.306163233145961944e-01,3.785908284111956790e-01,2.112082814485889415e-01,2.937139130113038954e-01,3.560116049629487023e-01,-2.029359809903939493e-01,-1.222152662458229379e-02,-2.468503020293543737e-01,-2.445475666454456354e-01,-1.230285457120875586e-01,-2.590236996608147324e-01,-1.659575806522798624e-01,-2.125543115382142467e-01,-1.897259454584273863e-01,-1.666241739798307864e-01,-1.845674997190107081e-01,-1.676516043532847722e-01,-1.500320543303791665e-01,3.134233150780490335e-02,-5.761245024995270692e-02,-5.899221779181644532e-02,-2.936029443281565907e-04,-1.240305318605676582e-01,-3.182135143249879145e-02,-2.471636617309912881e-02,-7.021766132651746650e-02,-1.041451258646899636e-01,-8.548994127675210719e-02,-6.854521345895785156e-02,-1.156075397481420991e-01,-6.485527797448321918e-02,-5.646933930823778286e-02,-1.265358497388674730e-01,-1.330949032101640395e-01,-9.451468747575933471e-02,-1.798901476798388799e-01,-1.105162409725643224e-01,-1.033644777368195877e-01,-5.689915411299444059e-02,-8.103599173263007632e-03,-1.675178040051008427e-02,-3.028719123455782258e-02,6.370164589412180556e-02,-6.137826330436644412e-02,-1.449670857196186033e-02,2.246510635480560014e-02,-6.783724539827051814e-02
6.219734345833914935e-01,1.711977536945122613e-01,1.000000000000000000e+00,2.362748813294576755e-01,7.578785881643529398e-02,4.655179629421006271e-01,2.134338026299326674e-01,7.887158144341004096e-02,1.943916772780917568e-01,1.748926811443109741e-01,1.019994499794647097e-01,1.315243544317732938e-01,2.026174410627110123e-01,1.248923910179915303e-01,1.541653652787751128e-01,1.590935309822567589e-01,1.682165446818178756e-01,1.948818788357561393e-01,1.553297568105009296e-01,1.935674713973915273e-01,2.091793773356647734e-01,1.415191580184652909e-01,1.857948224356035516e-01,4.472741329438967989e-02,-1.515828180182632323e-02,-2.671877212041569583e-01,-7.903194375806116279e-02,-1.374751930316517046e-01,-2.597823167547386181e-01,-2.299625319962423330e-03,1.126489017563842010e-02,1.295546075774155481e-01,9.527227831300009997e-02,-5.453572608359413820e-02,-1.965229248491432712e-01,6.197390256797435937e-02,-5.224360989288823198e-02,1.408919836844499951e-01,3.091297944666058020e-02,1.318256029024290898e-01,1.738864546831145330e-01,-6.751519017719222193e-02,1.049794202553624434e-01,2.595338299978405816e-02,6.999507833361573450e-02,6.033354562191604875e-02,9.618126757584809228e-02,-2.279491164137986345e-02,2.570890131424695066e-02,9.382999047931880887e-02,6.679834433277785644e-02,-2.038454422615591510e-01,-5.132287160055710312e-02,2.039642146814733478e-02,-8.143023698548802758e-02,-2.146691243552788508e-01,-1.128108756871271101e-01,-1.244707320835632403e-01,-2.555011100277866376e-01,-9.694154339505998974e-02,-1.852667809551781786e-01,-8.755920189226669426e-03,-1.050381240103012426e-01,-7.230347495232021526e-02,1.160014142068007820e-01,-5.105583859773591554e-02,-9.649967523579273954e-02,-1.201493609922070077e-01,-1.050475026303186454e-01,-1.241840902565085752e-01,-1.229035011037047237e-01,-7.609205604038406234e-02,-7.769173923746652832e-02,-5.906355117602076626e-02,-8.563584037294143247e-02,-1.725255928504301067e-02,-6.884235069270813745e-02,-9.041173934155787018e-02,1.818273626750979699e-02,-8.487693790132039284e-02,-1.708433191663742412e-01,-3.626412949808069386e-02,-1.080003895495661864e-01,-6.521929573265421165e-02,-2.361643393915955833e-02,-1.080720798986834971e-02,-1.336123274882571599e-01,-2.690745208757316931e-01,-1.141382351817053081e-01,-2.397239076984295780e-01,-1.128486217458827268e-01,-3.299166242550830019e-02,-1.428653282482203468e-01,1.246405248646163533e-01,5.192633284268730054e-02,-9.943325158926266671e-02,2.630023356073211138e-01,1.743269387000195569e-01,-6.344114475509346485e-02,-1.114471178422446473e-01,-8.875564122712606419e-03,-9.470677999223481303e-02,-1.029220697890539382e-01,-3.236803247837332503e-02,7.393062350796898718e-02,-5.275833084339232038e-02,2.520670988906845850e-02,-1.804905463076142760e-02,-6.612427340761152517e-02,1.943789537119417279e-02,6.715414140207962013e-02,1.663420302952975105e-01,4.494561336996877321e-02,1.396591731269307413e-01,1.645570473141118040e-01,5.340653999294399379e-02,2.121905069375876474e-01,1.313384050441992190e-01,1.515582869205834293e-01,5.130673114364916326e-02,2.149809335323183690e-01,1.485779546366388648e-01,8.751440712554314771e-02,1.401232603741659200e-01,9.817406686639017221e-02,3.824168541105854580e-02,1.307900207448676744e-01,7.729324987178136375e-02,5.143834522220655514e-02,1.312941287681049229e-01,7.749722251608405499e-02,7.118702719082023456e-02,3.341775928857382977e-02,8.431344312073242586e-02,-2.059112141049115538e-02,1.525803705809962788e-02,-4.075687903728027889e-03,-5.136391864727273687e-02,3.624021520034814009e-02
-3.758007711461618106e-02,-1.805335884835138904e-01,2.362748813294576755e-01,1.000000000000000000e+00,2.857378283785303452e-01,4.954291705245375543e-01,1.185191949437558873e-01,1.482919124275217382e-01,-4.649122926476880607e-02,5.293294942422047816e-02,-1.630541478232693312e-02,2.383082402521716908e-02,9.066254462661983704e-02,1.720203819534180389e-01,2.216158151286855837e-01,2.455631186157438139e-01,2.323398650583830272e-01,3.080512110136504611e-01,2.718331722637193359e-01,3.297371487681581281e-01,3.079528110023890819e-01,3.117139405311476485e-01,2.956631558361111356e-01,1.551102406851062598e-01,9.343300294053157387e-03,-1.774661396059796364e-02,-7.476406249914355207e-02,9.374673528200712369e-02,-6.790799959776368244e-02,-1.766209657793687757e-02,-2.081898902203605239e-01,-6.573542901541731820e-02,-9.147723529623567884e-02,-1.304479484505928211e-01,-4.207121528099123930e-02,5.658278215933883193e-02,6.541620993952701468e-02,1.084863791370751784e-01,-1.079782170447319417e-02,1.284722267530497286e-01,1.154769666638026243e-01,-5.718216953976609784e-02,1.530027376988027724e-02,-8.662925299471430085e-02,7.389402291449911724e-03,-6.327732941892756646e-02,8.491327513822503545e-03,-9.036298617540163003e-02,2.956948090205067936e-02,-9.086866705830597135e-02,-5.235913500558255634e-02,-1.822861845071956644e-01,5.813855680128410947e-02,2.416390571293132450e-02,3.156786706588738441e-03,2.990078681758466528e-02,1.653098254461811759e-02,5.548291281620191390e-02,-2.803492346699589660e-02,-3.337343256862174146e-02,1.762556509998079377e-02,2.966016795006688397e-02,5.218998053197683451e-02,1.011536405771306657e-01,5.983079279637518871e-02,6.434642072055675455e-02,-5.892831930746015440e-02,-9.031874550642145227e-02,-1.013631337420655837e-01,-1.922303695925416944e-01,-7.522553751993689419e-02,-2.000963174666182398e-01,-1.122084237440556242e-01,-1.318641584578059134e-02,-1.956583593054873893e-01,2.238436938334747300e-02,2.685724041674403522e-03,-1.427541140296867683e-01,-5.370222371961898278e-02,-1.139544108142351714e-01,-1.358068465425025795e-01,3.651956169295450527e-02,-6.186266969367013252e-05,-4.956986256299661386e-02,-6.437319459622674496e-03,-7.257246824313608180e-02,-3.750771623618340267e-01,-2.746310623437945853e-01,-3.896948431059105156e-01,-2.673672352983722522e-01,-2.266684516330458588e-01,-3.497608361983471914e-01,-2.229161817718384730e-01,-3.229901215480065341e-02,-2.449364572730819145e-01,6.823272002397189062e-02,6.452597017581977734e-02,-1.180602540785106042e-01,-1.716669821238477334e-01,-1.381478809896108106e-01,-3.788287716553738471e-02,2.052536987241231348e-01,9.259027739001039758e-02,-1.567490939220148038e-01,7.248061211376945201e-02,-7.592755182578948825e-02,-1.376342531897184751e-01,-1.422839164593245678e-02,-1.303947627242613427e-01,-1.166442768469398011e-01,-1.044990691773665381e-01,-2.337523934906679188e-02,-4.701594934203802423e-02,-6.104050112250276883e-02,2.833276214161384310e-02,-9.509502594980814849e-02,-3.271389275782743411e-03,2.131573304839863570e-02,8.583094649961078848e-02,-4.958448484973568271e-02,-2.344146169988840789e-03,5.612331692698084573e-02,-2.913286889447198533e-02,1.520818012725864282e-02,2.625271265934297008e-02,-7.713468514436058743e-02,2.660952061859723355e-02,1.889285232430711059e-02,-8.792708106889914055e-02,1.283279670830985743e-02,-3.013998013220319308e-02,-6.692929948086567826e-02,-6.248215989245433505e-02,-5.479758424195001199e-02,-9.131624973532063982e-02,-5.491431230490932680e-02,8.764133835577671630e-03,-8.969977018438052285e-02,-1.196148577484613257e-02
3.678445663995538739e-02,2.785408334111337814e-01,7.578785881643529398e-02,2.857378283785303452e-01,1.000000000000000000e+00,4.646733515720230523e-01,5.088474251381800428e-01,3.947567058381042937e-01,9.166513490072036863e-02,5.679550764092648751e-02,-1.651957104472916438e-01,9.433860573796819249e-02,2.040631707253902794e-03,-1.247058073357193292e-01,1.195829919129370346e-02,-6.516557230482367125e-02,-5.899309510664417500e-02,7.923529595230546785e-02,-4.547339502575237224e-02,3.584482165697646522e-02,1.075023165295842659e-01,-6.448862563610044396e-02,9.471122699176028059e-02,-1.317409041410305681e-01,-2.119058659442501213e-01,-1.063606154656841080e-01,-1.689812654213862786e-01,1.071775247667038494e-01,-2.244347104899335477e-01,-1.554206362297760047e-01,-2.463552462146987795e-02,-1.434466206177567871e-01,-1.524330399497969037e-02,-3.811793727505924378e-02,1.059589943389210448e-01,2.476139888747485446e-02,-1.381743441634155668e-02,-2.077838732410633993e-01,-1.497406251277153769e-03,-1.702134380244725020e-01,-5.224864070625262480e-02,9.946119722245271022e-02,2.478432565300074317e-02,1.822344769250438534e-01,5.656275488081850822e-02,-1.712946757389489927e-02,1.273070316452049600e-01,8.533901797617292340e-02,-1.035914589930684165e-01,-1.020868074829796718e-01,-1.569074417036959435e-01,1.162130242643434064e-01,1.299492012639925087e-01,1.522114604182091546e-01,-1.024171538224936812e-01,9.438313943015819163e-02,6.639031783165276479e-02,-1.154986729960401082e-01,1.207278605472927452e-01,-6.879327036332691381e-02,-1.197135856767343326e-01,-1.106229799055865187e-01,-1.373699538681595056e-01,-8.084766833353308757e-02,-2.379542438262298998e-01,-9.635274087906260665e-02,-1.251260106331476551e-01,-5.898894506236265073e-02,4.062029741917554809e-02,-6.238333423334092159e-02,5.469934983990901861e-02,3.540378936481251154e-02,6.217239429020755132e-02,2.642571186281594819e-01,4.030621829562103936e-02,3.527217556142533267e-02,3.033854086005055573e-02,-1.339823204677157709e-01,4.172548950538098461e-02,-3.119154278816627796e-02,-8.869058647496229353e-02,1.316035123351640690e-01,1.375344962763147827e-01,7.548438983878406894e-02,2.616185013608260945e-01,2.283131535189177053e-01,-6.051188515778992139e-02,1.828158001457548532e-02,-5.180045073001277728e-02,7.628836191863834493e-02,1.509393618174692253e-01,-4.822759648135949151e-02,2.624150088239018963e-01,3.759178397306418562e-01,1.021156938898531014e-01,3.933884748081873384e-01,1.951767040725821134e-01,-4.231453605653935357e-01,-4.565767069845463877e-02,-2.882580583663329477e-01,-4.081019544599497340e-01,-6.113122040677448910e-02,-2.472125429865940360e-01,-2.773429059613643499e-01,-3.116643272694333833e-01,-2.310632883841461094e-01,-3.401575869807189068e-01,-2.844847758587384368e-01,-2.007499862912195954e-01,-3.274361953692759286e-01,-1.814770954706765860e-01,-1.702756509970276555e-01,-2.611724081521265561e-01,-1.289968189431450474e-01,-1.778474007262438594e-01,-1.835020394327963322e-01,-1.541891933853626606e-01,-2.276412669623122387e-01,-1.500246195592605525e-01,-2.542517172155092098e-01,-1.961809126642574397e-01,-2.280460076146489101e-01,-1.947488176506950164e-01,-2.325262843546188063e-01,-2.546430206701184029e-01,-2.117704381263748326e-01,-1.820856096038434846e-01,-2.287850938505493203e-01,-1.923999814532211527e-01,-1.810033738539548742e-01,-1.211350434539681387e-01,-8.849504652653604475e-02,-1.087793901987826606e-01,-9.875052295772880628e-02,-7.152272565577692809e-02,-1.354744643328560649e-01,-8.029598468098315955e-02,-7.596969177545594143e-02,-9.123698259154038037e-02
3.401321614241173963e-01,3.248702218768045324e-01,4.655179629421006271e-01,4.954291705245375543e-01,4.646733515720230523e-01,1.000000000000000000e+00,5.443421763557648729e-01,4.714067531062449135e-01,3.550189159398610128e-01,3.234396872150812063e-01,1.806275041342716714e-01,2.782463417576193088e-01,3.060682143123638066e-01,1.837650995263265252e-01,2.307019471298091540e-01,2.390266765393991022e-01,1.916048109288920331e-01,2.530122370851834446e-01,2.126284822573610844e-01,1.702423697490146326e-01,2.448153526677107061e-01,1.945680959823758438e-01,7.221275999944386237e-02,-4.969786900875384356e-02,-1.852986826914637675e-01,-1.897389094273646548e-01,-1.319357222903639049e-01,6.141303185039589246e-02,-2.659901018713090592e-01,-9.888992794129410069e-02,8.518991568128150838e-02,1.387435418639364725e-03,-2.187058314018401270e-02,1.157372728526336741e-01,5.467532760043238016e-02,2.935530896168411785e-01,7.079999980592351083e-02,-2.801404041338455188e-03,2.436799948307760144e-01,-1.901224227040649445e-02,2.389441729102929901e-01,2.759048567208665093e-01,2.206382360599613845e-01,2.247266551930262313e-01,2.926564172997891400e-01,1.691857248614670184e-01,2.480698075941904224e-01,-2.480371719220083541e-03,-3.887585160011115121e-02,-4.818868555744283688e-02,-1.614969946275375268e-01,-1.757640831775278689e-01,-4.138098785818084858e-03,1.919429299326463195e-02,-2.448707970944752343e-01,-1.509018201886690169e-01,-1.467434919290930284e-01,-2.964665986764303818e-01,-1.762863999294911888e-01,-2.744756796541115151e-01,-3.232491789471405030e-01,-2.952925061033424003e-01,-2.506734828202750176e-01,-2.443103357412873267e-01,-2.709909397702967015e-01,-2.241760122520049525e-01,-2.732547494709699487e-01,-2.327468155445326092e-01,-1.551154085696351825e-01,-2.524773086231734687e-01,-1.655782790965541484e-01,-1.719893268130177622e-01,-1.336935518481373597e-01,2.490362263039066354e-02,-1.513791749702084743e-01,-2.838228065617955792e-02,-8.440119468775640621e-02,-2.740439593783873806e-01,8.830933757819192653e-02,-1.884311277473184887e-01,-1.167096502136313330e-01,1.911991982100379184e-01,-5.082162799918232138e-02,-1.964643443793863964e-01,4.696788917735119501e-02,4.829937306482390280e-02,-3.534807437646441119e-01,-2.230301786199504199e-01,-2.409705405612889706e-01,-3.274031870129809896e-01,5.153539684785499175e-02,-1.831208147951952914e-01,-3.525979924316667569e-02,3.343263082161994082e-01,2.298008894745929079e-02,2.469519736303328328e-01,4.405479241379301469e-01,-1.215292017489199572e-01,-1.986795201145622469e-01,-3.869537296353782185e-01,-2.816732712959164053e-01,1.102266563349089436e-02,-3.005025773502452702e-01,-4.114397589306060810e-01,-1.993407635536036948e-01,-3.574995335119309225e-01,-2.756572273636100356e-01,-2.272057983550855309e-01,-3.702049159927710553e-01,-2.636442821867955311e-01,-1.108001584036961557e-01,-7.866668739958823653e-02,-1.149301343054534297e-01,-7.162793179056531345e-02,-3.308888799608732806e-02,-1.115845748174300323e-01,-2.495103011739750049e-02,-5.921252304267407562e-02,5.934016745228538892e-02,-6.525952345559868362e-02,-1.213531914280056856e-02,4.202678352430074676e-02,-5.610015856987481120e-02,-2.301679162248311192e-03,-4.292989072273156737e-02,-9.724813821583404294e-02,-4.813273877865918704e-03,-7.920658586865085560e-02,-7.765181300914118789e-02,-2.579836343611749752e-02,-3.873589454705759355e-02,-8.155935453243789990e-02,-1.412123657522045828e-01,-5.623239960911950025e-02,-1.069813723026280250e-01,-1.359612349379363538e-01,-7.816748966837006041e-02,-1.461948837735893292e-01,-5.755660668993807516e-02
3.190073204567562826e-01,4.019019163128271233e-01,2.134338026299326674e-01,1.185191949437558873e-01,5.088474251381800428e-01,5.443421763557648729e-01,1.000000000000000000e+00,4.392742318297605530e-01,4.792457212477613804e-01,2.257130416161640951e-01,3.607340069325432053e-02,3.586094629344850349e-01,1.983790573679925229e-01,3.327937141498387569e-02,1.438352827998197470e-01,2.193763092772972600e-02,2.890439008586796754e-02,1.114376750482039130e-01,-4.091582354117839770e-02,-1.905639276958832201e-02,1.239495773840175452e-01,-8.190101387833349789e-02,-9.745647869412857323e-03,-1.593483409711248522e-01,-3.845642702547407143e-01,-3.440913573832797279e-01,-3.306478943759175171e-01,-1.248427060672617911e-01,-4.296609602729053456e-01,-2.489788890583339021e-01,5.032324808835503260e-02,8.430589639817546652e-03,8.893144253550622214e-02,2.351632970693889185e-02,-3.792536533261350873e-02,6.033963911599246610e-02,-1.830573024824677097e-01,-2.050935669448042398e-01,5.737320632891696609e-02,-1.689120735454923972e-01,9.110405614937967800e-02,1.746982884271200132e-01,1.783149409699789356e-01,2.993892510163047027e-01,1.268604938324781328e-01,2.042421032253166624e-01,1.689092905258234301e-01,1.268870061597955623e-01,1.772899209427418812e-02,5.868512663362920184e-02,-6.774743108727680763e-02,4.237707644994847395e-02,-2.401158755306848774e-03,8.260065233905911075e-02,-8.568679103985998857e-02,-1.352459994684752087e-01,4.273875879200678823e-02,-2.516452521089584393e-01,-9.506910957612764446e-02,-3.426922695940926716e-02,-3.349232042726789094e-01,-1.650690151876115785e-01,-3.026283773732926785e-01,-1.934220683658165463e-01,-2.240946970603154009e-01,-2.649499109141862374e-01,-2.283103586167298249e-01,-1.582628377525273355e-01,-5.947302811057696842e-02,-1.084318024186118473e-01,-7.206797380796153840e-02,-2.106511368031664319e-02,-9.346443989740249245e-03,9.708126086314414205e-02,9.894498187927405763e-02,-6.104898610202744332e-03,-6.987494855426899798e-02,-1.870947346280596724e-01,-5.350363329115804395e-02,-1.411310422753433713e-01,-1.200375747570250895e-01,9.817950677458500697e-02,7.110898038295008702e-03,-1.248913069859599288e-02,1.847778906373233332e-01,2.423626439188056036e-01,6.846643392229292968e-02,7.144846034650806366e-02,1.497552473551117258e-01,1.552034351996814387e-01,3.212675413509564759e-01,2.545395328349424058e-01,4.055069438794184911e-01,4.725983664875305079e-01,4.206111814808880522e-01,4.500862502425242995e-01,4.293046137378770388e-01,-1.981521239230685794e-01,1.689601779183429464e-01,-2.341712451813724727e-01,-2.931788491243408901e-01,-3.009064665149036033e-01,-4.097567736528853755e-01,-2.273118252220085733e-01,-3.260789941658862046e-01,-2.141242311135671816e-01,-2.206323362559522439e-01,-3.327979838819125624e-01,-1.746440845008697951e-01,-2.434479312349432933e-01,-6.492514073629197802e-02,-3.592059131167649189e-02,-1.573958378529597135e-01,-3.993487549357610522e-02,-6.404970645694990639e-02,-7.083802361777778722e-02,-2.156788962417349742e-02,-8.080782390915279556e-02,-2.723455532402480755e-02,-5.389366799622286042e-02,-3.255139690063860169e-02,-6.156285932038835229e-02,-6.758729751675011943e-02,-6.022738967167730328e-02,-1.472046959782758180e-01,-2.652718104684213471e-02,-5.484659455488542085e-02,-1.327175960477573746e-01,1.185810257777546693e-02,-8.558555320857476334e-02,-9.664279720925345041e-03,-6.756021760114769292e-02,-2.288304292983220356e-01,-5.752670386412161302e-02,-1.215507155060480682e-01,-1.836440480296314681e-01,-1.294189490787051866e-01,-1.794879280342128736e-01,-1.103048401608160839e-01
9.173500258073252756e-02,2.291650832192358156e-01,7.887158144341004096e-02,1.482919124275217382e-01,3.947567058381042937e-01,4.714067531062449135e-01,4.392742318297605530e-01,1.000000000000000000e+00,2.794106293686487441e-01,4.463696853122360864e-01,2.487752557349002386e-02,1.370034071155025179e-01,2.539102316516270164e-01,9.675931461295576852e-02,1.754820120959215968e-01,1.682359308209131488e-01,5.987387845863205438e-02,2.008647632529011184e-01,8.179340452864498900e-02,4.479519791934133237e-03,2.302000715563687627e-01,-4.032586983286647747e-03,2.501008646044843020e-02,-1.422472839080025364e-01,-3.149418607219970911e-01,-4.752755935480192095e-02,-3.070889190644393932e-02,1.273258987519616109e-02,-7.136466053965836998e-02,-9.156302489998048577e-02,2.321693800724890580e-02,-1.743772351617928484e-01,-1.228100935999358045e-01,3.143345004411309679e-02,2.350339856953775064e-01,1.918379916345210046e-01,1.264250340354040325e-01,-1.272719489039651208e-01,2.001492470835307402e-01,-1.315634453629727918e-01,4.806874254674985830e-02,2.270748018047845929e-01,2.412538518509253424e-02,1.509640419320777138e-01,2.239231921647573953e-01,7.660475196294923295e-02,1.705841663535763997e-01,8.759745300605857599e-02,-2.037030815098433423e-01,-2.411222388849054710e-01,-2.308803915846996402e-01,-3.186859280294796620e-02,1.565012456095968285e-01,1.242297954967248041e-01,-1.141218468447222079e-01,1.406177715232709013e-01,9.089966302079451402e-03,-1.456387945343706747e-01,7.878510644510904048e-02,-1.781646020091630367e-01,-8.077539817745357786e-02,-2.190460127797382583e-01,-9.350128466733333144e-02,-1.067159131720870069e-01,-3.657576655823540079e-01,-1.896690628951894775e-01,-1.967070473481561388e-01,-1.548453149451858302e-01,-5.785216997766657460e-02,-9.696615366728107699e-02,-7.181404886251595288e-02,-7.237196391241612625e-02,-9.137622789703557513e-02,9.527017790897997218e-02,-8.396160619784445722e-02,1.572879605486836568e-03,-2.591600123360550054e-02,-2.400903272521495713e-01,3.987986439732444516e-02,-1.074133168074432598e-01,-9.612130013970691944e-02,1.919229118194349382e-01,1.283124185710950160e-01,-1.820391694985324382e-01,1.272602033922869691e-01,9.249332396399804340e-03,-2.357873236882327417e-01,-2.275665726713095860e-01,-2.037002281419727778e-01,-2.583324931860266349e-01,6.382687398188591210e-02,-2.021308331696440586e-01,1.148662103261660766e-01,3.522946024286593425e-01,-5.482785603892720294e-02,2.906880199029411860e-01,1.599132799629082724e-01,-2.610512203592215696e-01,-2.429744644752626914e-01,-3.224772107260822085e-01,-2.830435407948185822e-01,1.621569927165743830e-01,-1.838115189622790413e-01,-4.754252582082412193e-01,-2.465383187508059515e-01,-2.838072349191233523e-01,-3.506409600928860337e-01,-1.753837509988148968e-01,-2.591001096737007292e-01,-3.225911509303336366e-01,-1.829341144867995261e-01,-1.851490817816978107e-01,-2.587672554467265185e-01,-1.573588214775054339e-01,-1.764798088514437369e-01,-1.789547648857495732e-01,-1.239236107236404427e-01,-1.977575993375608743e-01,-2.108544000626009218e-01,-1.588920275059129972e-01,-1.636457689881272437e-01,-2.169648699901713385e-01,-1.566423313001236717e-01,-2.562526681914164550e-01,-2.834951488463690050e-01,-1.948351839793666107e-01,-2.581080409013418175e-01,-3.028477855867481305e-01,-1.810579570642554814e-01,-2.525885527153678423e-01,-1.385317572816283371e-01,-1.328584230394540266e-01,-2.526077775961284022e-01,-1.471091749561029005e-01,-2.066309866159968534e-01,-2.683017341068661965e-01,-1.694017165766140975e-01,-2.141187783453006310e-01,-1.777609218889445175e-01
2.302888628929803394e-01,2.196247552498450384e-01,1.943916772780917568e-01,-4.649122926476880607e-02,9.166513490072036863e-02,3.550189159398610128e-01,4.792457212477613804e-01,2.794106293686487441e-01,1.000000000000000000e+00,5.909898341523872611e-01,4.311568299006778848e-01,7.130171005815879592e-01,5.160769415282372430e-01,2.890352223836959999e-01,2.796418322143529034e-01,1.155866311058321577e-01,2.001154445196787757e-01,1.140798034659023102e-01,7.492051689277265912e-03,9.292505769147153816e-02,3.166293538705379496e-02,-5.822287283784889633e-02,3.917212049206814789e-02,1.163677945314917084e-02,-1.276333603940822403e-01,-1.719502140474109542e-01,-1.266247234866735294e-01,7.950865581198533760e-02,-2.066687638476482625e-01,3.258244700477196804e-02,3.263951425764959335e-01,3.382297670500741815e-01,2.913865030436539882e-01,2.844804546786124932e-01,3.582938097634593561e-02,3.600012319848719944e-01,2.305753850742040673e-02,1.506405088163569328e-01,3.456833860210034026e-01,1.226527725086130755e-01,3.067964965137192079e-01,2.574241515876053987e-01,3.009933037355664864e-01,2.248322983085818128e-01,2.012204167005810784e-01,2.305449296098847911e-01,7.518682991926861625e-02,-8.858830423284062838e-02,-1.544351333974430807e-03,1.343037952416526459e-01,-4.433081405589257840e-02,-4.754275251361528287e-02,-1.596422347451015300e-01,-1.099287586621729429e-01,-2.344775260482780121e-01,-2.969146308691911762e-01,-1.943802716884616977e-01,-3.627984160705249317e-01,-3.393052017802012377e-01,-2.990491190665328092e-01,-4.060791174464050135e-01,-3.167094787659225363e-01,-3.684760896179704592e-01,-4.418327427962056575e-01,-1.367010756282110995e-01,-3.346216370201762214e-01,-2.434013238337155438e-01,-2.194375999855545656e-01,-3.275380604188151690e-01,-2.361101586022676668e-01,-3.382579719203194779e-01,-2.739958201142574379e-01,-3.334521586700204265e-01,-2.472120799163785299e-01,-2.440877085809161351e-01,-3.422376306275058400e-01,-3.157173748310338479e-01,-4.931925876850030699e-01,-2.266299249244721759e-01,-4.485202688823393125e-01,-3.191345938810934979e-01,-6.925453296696804095e-02,-2.800862210940633368e-01,-9.870300268604617622e-02,9.589086348852872421e-02,3.562444561750861549e-01,-1.207040235839000053e-01,7.656758390726897505e-03,-1.191964700428637530e-01,4.055383412742758625e-02,1.583475411112493236e-01,1.184723538595021941e-01,1.646540629594637206e-01,2.525465752546771636e-01,2.764340100088871766e-01,2.207087378545898593e-01,3.828041336991676036e-01,-4.213597494138962563e-02,-7.537904089349961589e-02,-3.240391653883940570e-01,-2.379811435790457341e-01,-2.157784688954197116e-01,-4.155412092056127715e-01,-2.425427586458401008e-01,-3.247057215430811938e-01,-2.838675570108972757e-01,-1.090893569487548509e-01,-3.049001419359149700e-01,-2.632117053570625087e-01,-1.585842451395300667e-01,-4.687215307494208699e-02,-4.997503186988522944e-02,-5.266885051982577587e-02,-1.030648657597037915e-01,-7.346765747375519351e-02,-8.080264979967324845e-02,-8.548132972229516291e-02,-6.866020717699744536e-02,3.226620621518364040e-02,-2.357079024446042184e-03,-5.216606971617023664e-02,-7.388389954830991598e-03,-4.322609383565943764e-02,-1.810304092734959028e-02,-7.360414072092344440e-02,2.124733342203237452e-02,-3.218589639462727386e-02,-2.334381546540200206e-02,8.426529370750669712e-02,-1.991839062324857971e-03,6.297102571165683060e-02,-1.853012158885024643e-02,-1.015264611622845176e-01,1.430514242392146550e-02,-6.533190057448193255e-02,-1.451484547168036543e-01,-4.957186464250907393e-02,-1.602560903662746672e-01,-6.666727638616677665e-02
9.503685848513047929e-02,5.616577630954821404e-02,1.748926811443109741e-01,5.293294942422047816e-02,5.679550764092648751e-02,3.234396872150812063e-01,2.257130416161640951e-01,4.463696853122360864e-01,5.909898341523872611e-01,1.000000000000000000e+00,4.110641167746892921e-01,3.836742548240497652e-01,6.425436701704639875e-01,3.364739456596373413e-01,2.625358658724892824e-01,3.293615818192618394e-01,2.313805402149255730e-01,1.485579238382685741e-01,1.733445891981393594e-01,8.099776819051929255e-02,6.079419529703964514e-02,6.116774941564397799e-02,-2.431990348261307486e-02,-1.011587599525423514e-01,-1.394147995533203954e-01,-1.017118876708952430e-01,-1.421416455730194033e-02,-9.773544997557656600e-02,-5.853320142000128373e-02,3.877631885119044164e-02,2.455185173463442505e-01,2.115214053925520143e-01,1.573608346242008904e-01,1.955112184613183035e-01,6.585634010172904118e-02,3.160533943040126359e-01,6.353865633038575933e-02,1.823384077135091486e-01,3.039091023551609982e-01,1.218610796445433880e-01,2.548947509521649613e-01,2.061366811890586459e-01,2.126288098214318134e-01,1.092877386292201852e-01,1.662811491391992802e-01,1.223860369408709126e-01,-1.215954443389455526e-02,-9.089444926220467680e-02,-6.201597939414245364e-02,-5.231962804129884625e-02,-1.141077235994675254e-01,-8.621665850142171128e-02,-3.444068561212369761e-02,-3.748559326766372907e-02,-2.451650507780264443e-01,-1.583895277435735660e-01,-1.686462993320081150e-01,-2.474471289311941102e-01,-2.474734356138669211e-01,-2.759336719294834817e-01,-2.557452301811729001e-01,-2.505338662494240864e-01,-2.024928296088422952e-01,-2.354719827360725604e-01,-1.115704062353967962e-01,-2.342923736110718580e-01,-1.635994105747973770e-01,-1.841916084678556775e-01,-2.275389424127748639e-01,-1.686252269745792121e-01,-3.373234937501448094e-01,-2.188882011230623426e-01,-3.208196417646202447e-01,-2.160369155767454807e-01,-2.738987082626404557e-01,-3.085461423943259285e-01,-1.523762142167563449e-01,-4.452840283557454870e-01,-8.866766850081986284e-02,-2.563672623439968157e-01,-2.177290093042273667e-01,9.348402787002685344e-02,-3.319129371045995841e-02,-2.357793466492033585e-01,1.409272337490644900e-01,1.622524233044748687e-01,-3.164535096267884207e-01,-3.091404171326899708e-01,-2.923317389519073384e-01,-2.791756227556315695e-01,-8.205367246296407790e-02,-2.319993528634964886e-01,-1.439855281471658643e-01,1.296333294677005643e-01,-8.510069503996958717e-02,1.895392522436167761e-03,1.521007209779185465e-01,-3.808088208995705909e-02,-2.975087174759179498e-01,-3.089134326798313457e-01,-1.697509519179969395e-01,7.791806732882336495e-02,-1.786682452744818017e-01,-2.865899876644069089e-01,-2.052508649019121889e-01,-3.067345918683587747e-01,-8.706335596510325625e-02,-1.536813677004264245e-01,-3.201505572736121907e-01,-1.036014545707495266e-01,-2.578080788564163922e-02,-8.466313335737001011e-02,-1.506684580658163020e-02,-8.496424874187297194e-02,-1.511420093499673233e-02,-5.794564496716468616e-03,-6.241715179941169367e-02,-4.059009250013462938e-02,3.885025583626110918e-02,3.330215081742459587e-02,-1.360524585992789644e-02,1.777255021940538082e-02,1.293745912588506811e-02,-5.213474054858280304e-02,-6.189434763378304227e-02,1.738061992226687391e-02,-5.436144449932910766e-02,-5.135633975194156542e-02,4.759179649596036871e-02,-3.250843713984213207e-02,5.687456829236730432e-02,3.015191976038830018e-02,-1.360324101176721145e-01,4.464674264177263818e-02,-1.448725954988168696e-01,-1.188359448447974531e-01,-2.416649303571540008e-02,-1.891465079057065013e-01,-3.588599546058682949e-02
1.079290356890325736e-01,5.090070421986445798e-02,1.019994499794647097e-01,-1.630541478232693312e-02,-1.651957104472916438e-01,1.806275041342716714e-01,3.607340069325432053e-02,2.487752557349002386e-02,4.311568299006778848e-01,4.110641167746892921e-01,1.000000000000000000e+00,4.696836726952968166e-01,6.313905979224366805e-01,5.226840296048315126e-01,1.120148072895865710e-01,3.601441287561926163e-01,3.953558294462382050e-01,1.079469194722146169e-01,3.063721440150499187e-01,2.681168941317033649e-01,8.515979528532717502e-02,2.947735610045977839e-01,7.414415105737336142e-02,1.165472565794481302e-01,6.080942318505103139e-02,-1.786510939201475245e-01,-1.260793761273531766e-01,1.505598190552844906e-03,-2.122691264540817468e-01,3.601859057490820748e-02,3.453870311092095968e-01,3.579160622636756162e-01,1.851882273805597334e-01,3.843021634610795378e-01,8.543338716541856726e-02,4.374163450827845967e-01,9.923254357818045435e-02,2.346313223836948847e-01,4.458248794601626375e-01,1.307132435133937509e-01,3.773120042576006972e-01,3.495325803435592738e-01,4.158096946224907886e-01,2.087950529026619262e-01,3.195048213480287114e-01,3.453730517921902443e-01,1.289572217725412639e-01,-1.125352918013555747e-01,1.285636193957509221e-01,1.100919843795107045e-01,2.581031990316392925e-04,-2.392838996821109454e-01,-2.346688510745169043e-01,-2.142146723121963192e-01,-2.981928270291783756e-01,-3.520859662848688232e-01,-2.938779612226006255e-01,-4.015603684657489403e-01,-3.989928447003027734e-01,-3.475523491208896143e-01,-4.367935120938500337e-01,-4.290832981372642019e-01,-3.868724250339165005e-01,-4.793768644428597070e-01,-2.158970672575767635e-01,-3.626126550596263654e-01,-3.181668647067530387e-01,-2.565948442736817325e-01,-2.660391543821983840e-01,-1.926566726725511547e-01,-3.340637856350136548e-01,-2.101179822026492117e-01,-2.444853425471680275e-01,-2.849966944948734704e-01,-2.736599583755639498e-01,-1.389760707601190581e-01,-1.772740067582852241e-01,-2.062503750315114182e-01,4.680676822469256870e-02,-3.153144470265120680e-01,-5.595046422670115621e-02,1.868717304003033458e-02,-3.980402382916499726e-01,-4.372072406206154449e-01,-2.943512230986630174e-01,-9.413605600597788059e-02,-3.069027503905196741e-01,5.874731549905826827e-03,-1.563381504313490211e-01,-1.062944827841002388e-01,1.344720414794254304e-01,4.755514684049916979e-02,-1.368345589102400693e-02,-5.770078553982696534e-02,9.642430418042001461e-02,-5.777781835240707736e-02,2.307346810537819759e-01,2.486298161069925849e-01,-4.221362908273279535e-02,-4.903534816311191230e-02,1.653964188125255086e-01,2.245260891985706442e-02,-3.903916304317691516e-02,-9.135890811973658432e-02,7.132464431414546613e-02,-3.427933006086743978e-02,1.213623696319923728e-01,3.497106320608720648e-02,-6.558142578429231040e-02,1.368400399143553936e-01,1.367498821175340828e-01,6.723959828990852539e-02,1.618977760220517703e-01,2.676501968469900683e-02,9.570316268973007301e-02,1.123439863785461734e-01,6.662883116024675978e-02,1.432846269303984510e-01,2.205934951521914822e-01,7.001988920373949932e-02,9.044698714255669514e-02,1.739998574620760796e-01,2.225087203225029064e-02,1.210183672034441799e-01,1.104072996912468102e-01,5.064659590977325238e-02,2.057102144472332528e-01,3.411048291546674160e-02,5.663716978092612347e-02,1.887737503145915374e-01,5.253194958439799667e-02,9.057632216138346293e-02,3.711836846142674284e-02,1.050308075220824366e-01,2.062453219186693651e-02,6.015570981327097999e-02,4.732738998985588919e-02,-1.935631746120474936e-02,7.582771855606341982e-02
