1.000000000000000000e+00,4.045029056433087078e-01,4.639633035604810440e-01,-4.335383523602555356e-02,-1.414549860462765429e-01,4.238800690385846059e-01,2.839951420354789868e-01,-2.397493002051991895e-01,4.821330004343537395e-02,5.025015430027307550e-01,6.812608658133838258e-02,-2.778275024869498733e-01,2.935586598849026507e-01,4.387828482143286690e-01,-1.154817228737301804e-01,1.765052719584125351e-01,-3.761791874910608291e-02,4.413274019825684236e-01,1.537047174653204118e-01,1.223445279983518680e-01,-4.675958150627383403e-01,-1.858725587390374356e-01,2.776673978587039793e-01,-1.467814223682010755e-01,-4.795278555043482327e-01,-3.380819928307824546e-02,-3.881866338609741840e-01,-1.455167039230984560e-01,-1.311775468795348398e-01,2.581199299665143387e-01,-1.155792931467057721e-01,3.582364948425202367e-01,2.643766767724022373e-02,2.883394632521683043e-01,4.016817361145100934e-02,6.155209091361206822e-03,2.193686263729112129e-01,-1.023334307556031109e-01,4.174522588211054264e-01,-1.539353256247742996e-01,3.127855483191770425e-01,-1.600435488637151071e-01,1.249271513095711883e-01,-1.276074962284011460e-01,-1.010197488712884784e-01,-1.399760279848000777e-01,-2.942120094797407437e-01,-4.060124621644868315e-01,-1.993063678016226137e-01,2.906280426633136016e-01,-5.769506343199857362e-02,2.166105108283357672e-01,3.672609443063755141e-01,3.627314681768100679e-01,6.066106840164477848e-02,-4.500331992691588012e-01,6.771343093182743966e-02,4.342966218617798635e-01,-2.338047800995545766e-01,-3.652433120499173347e-01,3.522312675575978158e-01,2.457813512296610492e-01,-4.353907984082436844e-01,-2.156320771271678580e-02,4.974774287873855450e-01,-4.152227490192249987e-02,-4.016495021664881482e-01,1.529272946212087425e-01,1.552035241828362278e-01,-4.567917717539087819e-01,-2.782062126158190152e-01,-2.188825305519405129e-01,1.793400118340514604e-01,-2.798001895198802824e-01,-7.246954093913629547e-02,8.872723902276052899e-02,2.051567352330947447e-01,-3.146047713456850969e-01,8.846899094136781785e-03,-2.111524576821258437e-01,-9.459693186349088512e-02,-5.784166935124688408e-02,-1.275031487105616479e-01,2.799527773493646343e-01,-1.157832774857621427e-01,2.322536226716393204e-01,-1.967002829061412494e-01,1.498391648670080734e-01,-3.002022251452532431e-01,2.530462017477099618e-02,-7.810758084336097418e-02
4.045029056433087078e-01,1.000000000000000000e+00,1.254572443015458949e-01,-3.062950597005448805e-01,4.867854082880219146e-01,7.419902295600281361e-01,-2.033094299947338368e-01,-1.841611583099674876e-01,7.524366808810671881e-01,4.726550635616840745e-01,-3.671299163265891452e-01,1.188612059649591518e-01,8.489713015749991154e-01,1.280070883568441009e-01,-5.285753867576551412e-01,3.723625616984608255e-01,-2.785826184307066966e-01,3.186356739809480532e-01,5.377856026839213932e-01,-4.080273200372769304e-01,-7.263956850302488721e-01,4.021098666505125707e-01,3.171608472619963370e-01,-7.771663609237821069e-01,-3.957550357166290667e-01,-5.422523323185053368e-01,-4.556737391171562512e-01,-6.257649268232043926e-01,-3.366519584159514689e-01,-6.214544424734332051e-02,-3.841520255427531283e-01,4.093626850547524287e-01,-2.205491679455487131e-01,4.550970019713704851e-01,-7.954186619905942793e-03,5.561727240823465257e-01,8.794468787584573677e-02,1.388926012491870365e-01,8.280694666433677797e-01,1.341689077570984434e-01,-1.777573506513888818e-02,-4.404625348848951183e-01,-5.122881943450119380e-01,-6.394565145445924026e-01,3.317745764480467541e-01,-5.330531521163055508e-01,-3.174592568930395542e-01,-8.455341858943221656e-01,-8.098421267708999505e-02,5.412730139312806887e-01,2.379610903050085047e-01,1.337809248771319459e-01,7.883680283670484457e-01,3.664032889633521139e-01,7.480239114425492053e-01,-3.657937964289025845e-01,-4.532615091976502364e-01,7.551778404959156310e-01,3.796211791651838419e-01,-6.511442238974172181e-01,9.982120408015146551e-02,8.689286747044450143e-01,-1.241211934083438773e-01,-3.808398027522366114e-01,6.101932700388710273e-01,6.440687031358721670e-01,-3.599758888793707090e-01,-2.570720975662386665e-01,6.899622957778203114e-01,-1.618365407701811420e-01,-8.330499510925054585e-01,-2.257666210413147578e-01,-2.273856760964292900e-01,-8.482450539570183246e-01,-3.717664416444840803e-01,-5.462676482677162326e-01,-3.962467653258092137e-02,-3.662754008227637748e-01,-1.851439545227428762e-01,1.931834397872355114e-01,-1.111451066319524145e-01,4.988064098058015983e-01,-5.446394581859440726e-02,7.302054149649392922e-01,9.397427312619124895e-02,6.003234161828698845e-01,1.457929692199859129e-01,5.865876989376072048e-01,1.595864437112839984e-01,3.504252157156117486e-01,1.764476763322881114e-01
4.639633035604810440e-01,1.254572443015458949e-01,1.000000000000000000e+00,6.389505761818441154e-02,-7.013200735136760899e-01,5.076537997870937957e-01,7.969106567012618214e-01,-4.900520991728277709e-01,-4.211087121835742630e-01,8.715978420978791608e-01,3.788372566222271143e-01,-7.782768115610203541e-01,9.917192979676485443e-02,9.350013550244536953e-01,5.957782438751621501e-02,1.047683600849444729e-01,5.609527259324677967e-02,7.842092701240462871e-01,-7.417497482537908915e-02,5.651636648255410345e-01,-5.894876416998292568e-01,-7.484649369538541874e-01,3.919992035068658454e-01,1.924978902837116423e-01,-8.472957091087058856e-01,3.492876052362726691e-01,-5.639378078939193406e-01,1.155758497605793994e-01,-1.113798212307567578e-02,6.975840555687612410e-01,4.849714809605702032e-02,6.030968301548639277e-01,2.739982623366351011e-01,4.093024723729610237e-01,1.604439297142645771e-01,-3.351713116855406516e-01,5.076130569572344653e-01,-2.778896930023473377e-01,3.844606311218522476e-01,-5.130136120769195340e-01,7.159357352768800364e-01,-1.115874638770895655e-01,6.414054623468050664e-01,1.085066751784238837e-01,-5.163265380622225065e-01,-1.069646291788520567e-02,-5.259538508380838806e-01,-3.567654319286638898e-01,-4.794137804386163215e-01,2.012311219961300524e-01,-3.686947401195481699e-01,4.484806963723791950e-01,3.439886599883064666e-01,6.396949992812894781e-01,-3.754004775928850290e-01,-7.796377279794350912e-01,5.115192403881662075e-01,5.144791261612716715e-01,-8.124449840217050633e-01,-3.737654269821773512e-01,7.990977190000267960e-01,-2.767593485647022733e-02,-9.277400356216500832e-01,2.655328555773528443e-01,7.606584504638430611e-01,-5.540875064099498593e-01,-6.641865923971219665e-01,5.787090475945940726e-01,-7.859884576236113307e-02,-9.675614749846151996e-01,-5.722153115926659206e-02,-3.088876981049654136e-01,6.199906426487441502e-01,-7.233096031236113665e-02,8.668732210957950934e-02,5.578275891399719910e-01,5.071294969684767562e-01,-5.270915840940384456e-01,1.086589398439155585e-01,-6.438561640233165795e-01,-2.058577516651327877e-01,-5.234387509737307154e-01,-3.171558125207717405e-01,1.197973606155748050e-01,-3.963017349070395157e-01,8.555475606883027051e-02,-6.134881285623661196e-01,-8.932308052907850238e-02,-7.564965851483975712e-01,-1.611829343773373835e-01,-2.418152614678374945e-01
-4.335383523602555356e-02,-3.062950597005448805e-01,6.389505761818441154e-02,1.000000000000000000e+00,2.377349861213236965e-02,-5.787348420930578108e-01,6.205156700334122366e-01,8.100637168805747690e-01,-3.869933773710888536e-01,-2.327882393721746601e-01,9.213889359961993097e-01,3.858371239851774992e-01,-5.560395208161056368e-01,2.890453190636396164e-01,9.344454658355666465e-01,6.865662699171517502e-01,9.663847306717148200e-01,3.876135426154708741e-01,4.694071502540169694e-01,7.458097549041866614e-01,1.218285312417604488e-01,-3.317513470005673676e-02,6.880288347352978562e-01,5.733131551874958154e-01,-1.954377280062884470e-01,-3.371444947591507035e-01,-4.973162995524246233e-01,-3.528507746930085176e-01,-7.158364096068319249e-01,-5.238343215931198227e-01,-6.707433456938920457e-01,-7.201470408052450534e-01,-7.299528121122236257e-01,-8.487406631313312300e-01,-8.901273297922952521e-01,-8.504883881552397495e-01,-7.651265675554471679e-01,-9.448715358133034092e-01,-2.460756155024542979e-01,6.414891789198600147e-01,6.864881099311024304e-01,9.506251728893924113e-01,5.906680347397599284e-01,8.609783462119416919e-01,4.819973852804130821e-01,9.359086014336521764e-01,7.902284484676055376e-01,2.336892783857884570e-01,7.726920024848152879e-01,5.011388858923305767e-01,6.378116387557899447e-01,7.108743250852959106e-01,-2.695203234050268515e-01,-6.722096181690888628e-01,-3.692022655753545157e-01,-3.710452256499420787e-01,-3.397509463031131438e-01,-4.891512318132811288e-01,-3.453410781228854476e-01,-3.409652184573458422e-01,-4.798741765294247119e-01,-3.533433585733947724e-01,-3.238360908511244141e-01,-5.984348674439132765e-01,-3.020688519783680248e-01,-1.798746475936216505e-01,-5.230893879518401235e-01,-4.951899645160148244e-01,-8.183802680446740085e-01,-2.658741144622877098e-02,2.185935097367302377e-02,-7.968579858356843459e-01,-4.748921812800371844e-01,1.393064162642639048e-01,-6.457122590749578839e-01,6.277037228530041313e-01,8.302387512066434772e-01,7.845866532940374283e-01,9.728587132283471606e-01,4.744588295931491673e-01,9.153179200215496580e-01,2.597929629895087134e-01,8.567419251904274669e-01,2.418692561837483823e-01,7.492786409618600318e-01,4.468941392210778463e-01,5.479872222495689726e-01,4.072764502023338840e-01,-3.149683703861054229e-01,-5.740370520119856268e-01,-3.275318295477362973e-01
-1.414549860462765429e-01,4.867854082880219146e-01,-7.013200735136760899e-01,2.377349861213236965e-02,1.000000000000000000e+00,2.583154739993440488e-03,-6.231754607075253860e-01,5.241066556894882211e-01,8.499850608011255693e-01,-4.065574991216062140e-01,-3.148412908664074972e-01,8.749178543622186943e-01,4.442800222348859962e-01,-5.743964078368388737e-01,-1.832571166330617396e-01,4.517703430025843958e-01,3.981319891303108927e-02,-2.573409363796206883e-01,6.692304575191775351e-01,-5.676379172181723609e-01,-7.798818900979936908e-02,9.515913230137679202e-01,1.675928563236612212e-01,-6.239617039864778780e-01,3.078118281770779174e-01,-8.574523163108322965e-01,-7.782829262984035379e-02,-7.391842606219574119e-01,-5.097481819007235737e-01,-8.053244822307513706e-01,-5.847343939556377546e-01,-3.966935196672884967e-01,-6.547810773602023016e-01,-2.386963460534461401e-01,-4.342301527992964982e-01,4.653092623508532921e-01,-6.000585348825751009e-01,3.640881752478345584e-02,2.945383439578110329e-01,7.494020778479292266e-01,-3.832983208581186574e-01,3.624654286631933536e-02,-7.688604042349743706e-01,-3.436833274658496196e-01,8.678004506605795365e-01,-1.289454619236416189e-01,4.332268125832856587e-01,-3.357621266540907756e-01,5.853225841743300295e-01,4.515013366704899167e-01,7.168882053357182871e-01,-2.219172761585301579e-02,2.862469396158475177e-01,-4.465641967516721378e-01,8.201495218070452564e-01,2.169600044514357617e-01,-9.184134394898570974e-01,4.397708335650447192e-02,8.806584513369636324e-01,-3.483042485445307368e-01,-7.402373126494803390e-01,6.361113568091172343e-01,5.611580742714872283e-01,-7.389667634561440934e-01,-2.208935433931900061e-01,9.423741777355930660e-01,7.667292115708393418e-02,-8.587451106259818001e-01,3.719473335757872978e-01,6.601808993467982445e-01,-6.433025669983707395e-01,-1.946757846194600017e-01,-8.648554284547632642e-01,-6.077291111786552458e-01,-6.012973829875747356e-01,-7.160195744350974500e-01,-1.798825426803895011e-01,3.900157287182599575e-01,7.683083347225756754e-02,8.566567183733987401e-01,3.810207237372630895e-01,9.406448902538560031e-01,5.016715546630416966e-01,5.934404316980997907e-01,6.563755892828210259e-01,5.806897504670507359e-01,8.151182679088402327e-01,7.015764495698150194e-01,6.624516835116688318e-01,2.324853257652250149e-01,2.455376516912370077e-01
4.238800690385846059e-01,7.419902295600281361e-01,5.076537997870937957e-01,-5.787348420930578108e-01,2.583154739993440488e-03,1.000000000000000000e+00,-1.619833265623213045e-02,-6.847791823328163163e-01,4.902977480443180269e-01,8.403143029988062729e-01,-4.493829688412359635e-01,-4.352439461856412728e-01,8.738011622360770669e-01,4.155810303263697825e-01,-7.184620754872856896e-01,4.485857096425785451e-02,-5.530306566724910722e-01,4.418753824740635494e-01,1.647689011420321870e-01,-3.221117604128259648e-01,-8.426835544958373170e-01,-4.914541298027363253e-02,1.390550988509709207e-01,-6.921522621912038487e-01,-6.048998367553154454e-01,-9.004289753960098563e-02,-3.949116487623332006e-01,-2.540174930054710511e-01,3.708822730926090300e-02,4.914407199997249398e-01,1.344996576057390369e-02,8.607022897686628093e-01,2.591560658411817819e-01,8.528909691588095754e-01,4.201313214511905314e-01,5.745798126647488901e-01,6.029832435679747249e-01,3.402447002720950797e-01,8.697023441396380949e-01,-3.992776213962085929e-01,5.520063901466585460e-02,-7.409658819103427385e-01,-2.964841301419670616e-01,-7.455175026074473132e-01,-1.958509425795014747e-01,-7.556046357069743369e-01,-7.866422991404886655e-01,-8.645689392361491921e-01,-5.895263601923814711e-01,2.824222231668396255e-01,-2.532723206598478938e-01,2.596222662402954129e-02,8.335663252763304554e-01,8.280063333167910766e-01,5.056989036191333886e-01,-4.837675503623367068e-01,5.092379661556431514e-02,9.746222234448570498e-01,2.593527065631326400e-02,-5.065484796423660452e-01,6.362296784147769557e-01,7.481503120850840904e-01,-3.966155680480783485e-01,8.835143802361332399e-02,9.125304254443648011e-01,2.716290366219781816e-01,-3.635817882846499316e-01,2.835522492042222287e-01,7.772600954817130425e-01,-5.600811045557100298e-01,-6.298000493771302999e-01,7.972760742248194074e-03,3.164019779470734761e-01,-7.000953149721234059e-01,2.670328254391296161e-02,-3.744014064087861082e-01,-1.131537347647971758e-01,-8.182099156842588261e-01,-4.647992311060670234e-01,-3.518400865599200511e-01,-5.373478295520188741e-01,8.293596847346889137e-03,-5.267810692708689846e-01,4.823329217777788669e-01,-4.157096617659976623e-01,2.926591470056895683e-01,-4.001888593251123893e-01,2.162735613791674782e-01,-1.122463916258615579e-01,3.959634826868202451e-01,1.444606578979177880e-01
2.839951420354789868e-01,-2.033094299947338368e-01,7.969106567012618214e-01,6.205156700334122366e-01,-6.231754607075253860e-01,-1.619833265623213045e-02,1.000000000000000000e+00,6.244828873506814287e-02,-6.592085648193540814e-01,5.012594034719173308e-01,8.463042013905937022e-01,-4.383379789253466496e-01,-3.463351781400820784e-01,8.806631962001014724e-01,6.226487651088470354e-01,3.887482343345356472e-01,5.981041530931100469e-01,7.811529839610323878e-01,1.047083346264447434e-01,9.084028911298036579e-01,-2.934751670823576575e-01,-6.783548671649428652e-01,6.269102515810673903e-01,5.775458386246983267e-01,-7.189639561154074210e-01,1.858293604342848571e-01,-6.425746674763022082e-01,3.496222585994139282e-03,-3.345119393466958191e-01,2.910592309090329066e-01,-2.552886882526669843e-01,3.842350829527880346e-02,-1.316765626503098585e-01,-1.917508747086838494e-01,-3.405250594760952931e-01,-8.033383202350730112e-01,-1.221382765536863611e-02,-7.426331494754617735e-01,4.865939420843470170e-02,-9.164963882060191136e-02,9.372142582140088329e-01,4.813852355691414231e-01,9.039392072357369523e-01,6.405958101344971789e-01,-2.097217879725019329e-01,5.680346865119872968e-01,4.569347056693927323e-02,-3.039339932239453271e-02,3.715165236763975226e-02,3.406603052488705874e-01,5.110925534530647713e-03,7.125436873227948276e-01,1.105964588603547578e-02,9.989566502067070974e-02,-6.113353658341235120e-01,-7.620760442392471301e-01,2.997851633912103630e-01,3.549782871645922044e-02,-8.903205219908831847e-01,-3.774177437376644018e-01,3.699281271673625082e-01,-3.435668592555624623e-01,-8.928159712702453676e-01,-4.416949695370702561e-02,3.536115015661506766e-01,-6.381388024095985267e-01,-7.503798482889800781e-01,2.401318543643650438e-01,-6.025093327490508299e-01,-7.624133172724849583e-01,9.572211888672704783e-02,-6.333765616463531423e-01,2.803445130462756674e-01,1.476227295745750345e-01,-2.143827253293619506e-01,8.620017064346557900e-01,8.498070525852325918e-01,5.044559671685378693e-02,6.297261518582812911e-01,-2.942163936458322415e-01,3.359474684489170415e-01,-3.580941892074857580e-01,2.068409878754304265e-01,1.092612491041510120e-01,6.394681117367183310e-02,2.107522186740536929e-01,-2.241430378709198257e-01,5.235784821235445891e-02,-7.931238899643180407e-01,-4.847992662877864678e-01,-3.945803982601864268e-01
-2.397493002051991895e-01,-1.841611583099674876e-01,-4.900520991728277709e-01,8.100637168805747690e-01,5.241066556894882211e-01,-6.847791823328163163e-01,6.244828873506814287e-02,1.000000000000000000e+00,3.516997592022445829e-02,-6.368062147946832452e-01,5.532062505256919449e-01,8.346093083287361436e-01,-4.070465355921715767e-01,-2.601717344952380606e-01,7.175782224266735732e-01,6.351869821709030806e-01,7.961117058066237151e-01,-4.458945152882403534e-02,5.747735959849241683e-01,2.717365714477684713e-01,3.182040714348411958e-01,4.853222556465467963e-01,4.587138576296190817e-01,2.622323772905738593e-01,2.432020837145071335e-01,-6.162611343757700144e-01,-2.103786476320164134e-01,-5.097996466223065903e-01,-7.113975875303651941e-01,-8.997044948377626028e-01,-7.144512044500962444e-01,-9.330755518677995575e-01,-8.692223359899872159e-01,-9.270470521463995972e-01,-9.067826309458125733e-01,-4.719310299191554758e-01,-9.773300873222748875e-01,-6.711284624303337498e-01,-2.909080198347550605e-01,9.100524276827697268e-01,2.023884413794685699e-01,8.467377874977315422e-01,6.421420887812399891e-02,5.987169300185718468e-01,8.056542787088877278e-01,7.585682450062067872e-01,9.697004302801262021e-01,2.609551134103079706e-01,9.711015770359486821e-01,4.426139716006177172e-01,8.429498109545525697e-01,4.134775085340208767e-01,-2.976201710108438703e-01,-9.187243589066304006e-01,2.617933702878516219e-02,4.806975451295946583e-02,-6.968585636559478935e-01,-6.040407602615741611e-01,2.334860783167973797e-01,-2.163696586937200184e-01,-8.877453810825089997e-01,-1.403257036933761026e-01,2.246723806151342817e-01,-7.746389434614135983e-01,-6.052537887548559148e-01,2.831904652312784432e-01,-1.572593934629675227e-01,-8.370165156059612421e-01,-5.693190000200315515e-01,5.119458005523471744e-01,-1.054971548629383832e-01,-5.878038572019619323e-01,-8.396030956238375031e-01,8.795200668521654247e-03,-7.112261096014735884e-01,1.402105024890610008e-01,4.513406022082278590e-01,9.529199554160503460e-01,7.876941972602994335e-01,8.479491110941305143e-01,9.347304347126096369e-01,6.391898347687530180e-01,9.579065859341522327e-01,2.905930613874043722e-01,9.347229954311522260e-01,4.727612257936849027e-01,8.884037081599618357e-01,5.363155940962013313e-01,1.877431939958408291e-01,-3.632838325337237606e-01,-1.203358659159814992e-01
4.821330004343537395e-02,7.524366808810671881e-01,-4.211087121835742630e-01,-3.869933773710888536e-01,8.499850608011255693e-01,4.902977480443180269e-01,-6.592085648193540814e-01,3.516997592022445829e-02,1.000000000000000000e+00,1.260589080410288131e-02,-6.219075386629332458e-01,5.163350551352325901e-01,8.241915016990073450e-01,-3.953495405093018777e-01,-6.111993124576725611e-01,2.729948284806408276e-01,-3.614733741098125064e-01,-1.284569035034503204e-01,5.488367264328674056e-01,-7.543170861104090408e-01,-4.105947337860429425e-01,8.069810532917466306e-01,6.477004632202090773e-02,-9.100579471327675529e-01,7.327723651969048069e-02,-7.078860085362921328e-01,-1.207567303794722796e-01,-6.645256491633085849e-01,-2.872724334299650017e-01,-4.065704719714481885e-01,-3.692441054947099288e-01,1.234149853001543229e-01,-3.250633498579122427e-01,2.811740124252304351e-01,-4.318754290489811715e-02,7.814752433779813545e-01,-1.407916435762564533e-01,3.413828528298371023e-01,6.304302046869533216e-01,3.700931977615753987e-01,-4.400493726953372819e-01,-4.322174949257481802e-01,-8.873468127040012865e-01,-7.438550593069548356e-01,5.796441459367271953e-01,-5.776225376842847314e-01,-7.742365817886567858e-02,-6.621009132800600439e-01,1.317613027964154859e-01,3.999808630982982227e-01,3.989687943218724331e-01,-1.476625082329672267e-01,6.144605549434313252e-01,5.882503443395051962e-02,9.695766112796625480e-01,7.458008557861618704e-02,-7.062717549384710525e-01,5.013513762083989800e-01,8.347932312367926100e-01,-4.259861954085709113e-01,-3.038954598189273493e-01,8.995439328631701370e-01,3.951958704387936727e-01,-4.878449855724539264e-01,2.140842750340092304e-01,9.497258270840090999e-01,2.811003702370688806e-02,-5.362815517917584041e-01,7.715703784777703245e-01,3.600554962762351208e-01,-7.978675591378215914e-01,-1.237201299749102201e-02,-5.327632795661031428e-01,-8.142635989679430919e-01,-3.827726258954189387e-01,-8.776158384388846878e-01,-3.570439740975568377e-01,-1.254196305158467306e-01,-2.972885817834327593e-01,5.124285010406181007e-01,-5.182465863118802807e-02,7.624197264331300516e-01,6.743539631433993764e-02,6.476785554348983842e-01,2.633891257350217674e-01,5.252948613794162780e-01,4.448980889131484151e-01,6.079037978296886191e-01,5.905175202666400613e-01,4.601596143955729579e-01,3.305185151999009974e-01
5.025015430027307550e-01,4.726550635616840745e-01,8.715978420978791608e-01,-2.327882393721746601e-01,-4.065574991216062140e-01,8.403143029988062729e-01,5.012594034719173308e-01,-6.368062147946832452e-01,1.260589080410288131e-02,1.000000000000000000e+00,1.967810044216485033e-02,-6.910287147598306312e-01,5.385109715662509400e-01,8.166499825265068901e-01,-3.235598529141960888e-01,1.381630516905577033e-01,-2.248700558895835588e-01,7.492046013082517275e-01,8.824772897018968998e-02,1.939655919878914558e-01,-8.362642118215111164e-01,-4.700791315844690121e-01,3.623138227617854201e-01,-2.561151140447551211e-01,-8.703067509086246378e-01,1.275541488586443284e-01,-6.009200073122907826e-01,-1.081715589503585845e-01,-3.629264254179444260e-02,6.634797424476647221e-01,-1.187045941055275833e-02,8.121643382101922937e-01,2.617188076161579002e-01,6.838877263892167990e-01,2.781346596318435282e-01,8.174597680472917016e-02,5.989222128331888051e-01,-3.083591753563401025e-02,7.229595933716201905e-01,-4.902906356679910815e-01,5.032386811699527396e-01,-4.347567906881080191e-01,2.438542872419266760e-01,-3.153000336361688194e-01,-3.840369204804359171e-01,-3.863500096503872938e-01,-7.181535062012082138e-01,-7.049310337486511813e-01,-5.753741602640732866e-01,3.212672724471316021e-01,-3.196312969682271188e-01,3.282215784065593556e-01,6.778283232543287351e-01,8.181988608284500586e-01,5.307115649798591073e-02,-7.713958635849683665e-01,3.059379363353359471e-01,8.441947621271521651e-01,-4.861795636646219498e-01,-5.442851818538684272e-01,8.114959805874559784e-01,4.018769084277952208e-01,-8.028861825893978121e-01,1.650583661279676484e-01,9.657175348963504824e-01,-1.771310405313754333e-01,-6.431871235041120016e-01,4.704026157323785706e-01,3.543188223443469731e-01,-9.017624461490135745e-01,-4.048292960383736427e-01,-2.353727324530603959e-01,5.165711881605401512e-01,-4.472209078717079289e-01,1.938108883536517404e-02,1.515773252899654255e-01,2.917146255029425816e-01,-7.359000729224672854e-01,-1.408354399639202004e-01,-5.528655863552521810e-01,-3.730615191782797324e-01,-2.830702290596311399e-01,-4.367046568890268210e-01,3.731553756704978353e-01,-4.252037757351936897e-01,2.558121929570632558e-01,-5.578699273554919014e-01,1.054236205779142121e-01,-5.317508903313220570e-01,9.864754354896591859e-02,-8.083698298225885925e-02
6.812608658133838258e-02,-3.671299163265891452e-01,3.788372566222271143e-01,9.213889359961993097e-01,-3.148412908664074972e-01,-4.493829688412359635e-01,8.463042013905937022e-01,5.532062505256919449e-01,-6.219075386629332458e-01,1.967810044216485033e-02,1.000000000000000000e+00,3.157112248029592116e-02,-6.037352473313801760e-01,5.586882312995430366e-01,9.192591115006090163e-01,5.561425263544421682e-01,8.987833213343050520e-01,5.506155562818517701e-01,2.747114781520360594e-01,9.153901051846373704e-01,3.090265983628973090e-02,-3.696046099644673122e-01,6.686592973547631491e-01,7.046604210882634334e-01,-3.937918161565685526e-01,-6.354270192488425950e-02,-5.413498877457165737e-01,-1.447847771648976822e-01,-5.546123367641723201e-01,-1.899522324467556034e-01,-4.858724500940309055e-01,-4.792687859607076550e-01,-4.869264926619836786e-01,-6.661181716370413453e-01,-7.030958826874894596e-01,-9.487001016013856258e-01,-4.907432375226060128e-01,-9.319875716208456673e-01,-2.274900912901533234e-01,3.422476455106136517e-01,8.432288201076681977e-01,8.545630832361413853e-01,8.270883190201574475e-01,8.935805231965013862e-01,1.680318216597497805e-01,8.968572645674144361e-01,5.493664437155711955e-01,2.310404974140889411e-01,5.077497184064507785e-01,4.002865361392313193e-01,3.718901343426741501e-01,7.421629004132910268e-01,-2.555061664755457485e-01,-4.172902046839994106e-01,-5.894231431812502198e-01,-5.262253260732137061e-01,-2.537479525082188617e-02,-3.769777294134828427e-01,-6.545856700947582096e-01,-3.035403314699192112e-01,-1.461194776414300456e-01,-4.741774977406795766e-01,-5.831152517271721569e-01,-3.470374525805429156e-01,-1.023210590562624311e-01,-4.713079171453132266e-01,-6.159262188621731360e-01,-1.698443745051791132e-01,-8.557660071886620257e-01,-3.355160733970667386e-01,1.542787676746982806e-01,-7.480893213725338109e-01,-1.432075261520786569e-01,2.519152226078102408e-01,-4.511710352718962813e-01,8.354486871782459412e-01,8.957895475253467854e-01,5.513422592898197250e-01,9.038915315604099110e-01,1.411015208216072347e-01,7.311114154613203020e-01,-5.543517261744035363e-02,6.312181945406747374e-01,1.133793621490317566e-01,4.840250604096250631e-01,3.012685657342241696e-01,2.246492820735292439e-01,2.079044093462364129e-01,-5.678297408781447508e-01,-6.106720398137921446e-01,-3.996209980843444809e-01
-2.778275024869498733e-01,1.188612059649591518e-01,-7.782768115610203541e-01,3.858371239851774992e-01,8.749178543622186943e-01,-4.352439461856412728e-01,-4.383379789253466496e-01,8.346093083287361436e-01,5.163350551352325901e-01,-6.910287147598306312e-01,3.157112248029592116e-02,1.000000000000000000e+00,-6.611646727157804125e-03,-6.101504342241110823e-01,2.437185647444491676e-01,4.956691051236348233e-01,3.882157519630513032e-01,-3.174118409865597235e-01,6.103490038445692489e-01,-2.647046749264181376e-01,2.458116456973903907e-01,8.507130322042580906e-01,2.124907900959398244e-01,-2.133269383808351627e-01,4.513602105604390680e-01,-7.812419935972013674e-01,-1.255778076342903282e-02,-6.217861751111717350e-01,-5.814790405912660942e-01,-9.703104478621547013e-01,-6.320588237138197174e-01,-7.699770506208171161e-01,-7.889732668329899612e-01,-6.483409891716274132e-01,-6.758424143884670388e-01,6.909453593255469872e-02,-8.651836135340142953e-01,-2.424180788799114583e-01,-8.498690031503187969e-02,9.049424095197539097e-01,-2.438354574589473023e-01,4.471866723660309906e-01,-4.764641753545240666e-01,9.974612601978047333e-02,9.124910790635614166e-01,3.045574431051900621e-01,7.877811995437634662e-01,4.463326325095685887e-02,8.508077366775341766e-01,3.830751030155964965e-01,8.249501361294744317e-01,9.270623598241334307e-02,-8.594174348049063439e-02,-7.953927448210487139e-01,4.858205385777454866e-01,3.000439165719151480e-01,-8.851144033033621072e-01,-3.831960287434527657e-01,7.112326781974109835e-01,-1.864965498760010609e-01,-9.556030993606625668e-01,2.414055177379357819e-01,5.802335468293294829e-01,-7.821648542681444161e-01,-5.635285146131345790e-01,7.069387213612389198e-01,1.075634393490546015e-01,-9.359646200709675901e-01,-7.869246563205740952e-02,7.717227785100714277e-01,-3.440587926169557664e-01,-3.056023599318886119e-01,-9.502828316859133206e-01,-2.680505841378581500e-01,-6.454586840935562231e-01,-3.962147786639308444e-01,1.779294778290108417e-02,7.576740758089929306e-01,3.900661636033991297e-01,9.570693519934160287e-01,6.748024956068144897e-01,8.688313288287806690e-01,7.694668365541970090e-01,3.960830466812909623e-01,8.489352949039459251e-01,4.844760985422441046e-01,9.500052040125269714e-01,6.106339277153357559e-01,5.726573176891305295e-01,-2.839542186216594336e-02,1.121560767039048723e-01
2.935586598849026507e-01,8.489713015749991154e-01,9.917192979676485443e-02,-5.560395208161056368e-01,4.442800222348859962e-01,8.738011622360770669e-01,-3.463351781400820784e-01,-4.070465355921715767e-01,8.241915016990073450e-01,5.385109715662509400e-01,-6.037352473313801760e-01,-6.611646727157804125e-03,1.000000000000000000e+00,5.468223419924022471e-02,-7.726139477530841182e-01,1.747783108646227823e-01,-5.349906354189206681e-01,2.174885060028680095e-01,3.976985514946157485e-01,-5.944091931526761519e-01,-7.496778686409578674e-01,3.922957579966583896e-01,1.290432478162481800e-01,-9.125719457859000627e-01,-3.472319489337016285e-01,-4.309106427957843932e-01,-3.172865629800205034e-01,-5.124126722314209514e-01,-1.320356800068371583e-01,9.521408267997095998e-02,-1.897371904503055429e-01,6.049263401041450328e-01,-1.058507078460048031e-02,6.808669264884499306e-01,2.372068679115097445e-01,7.661096903278726833e-01,3.021901049979029419e-01,3.871425513318637601e-01,8.775258392725991952e-01,-5.443966844748675954e-02,-1.901284619041124224e-01,-6.875269467277790314e-01,-6.474651010908388793e-01,-8.546463383685833914e-01,1.822016420215308852e-01,-7.737068363804918691e-01,-5.333542238952940773e-01,-8.924315667591657952e-01,-3.001007235297498132e-01,3.891822684355952244e-01,5.316313799843465360e-02,-5.447341639318833278e-02,8.499763489205452993e-01,5.504766143893613517e-01,8.261411545719042904e-01,-2.697924836360986456e-01,-3.405174476790237548e-01,8.771518050387209220e-01,4.515291186357019981e-01,-5.468817704732603646e-01,2.405819971095409515e-01,9.432133215758385925e-01,-4.701110751639599877e-02,-2.048340781215643724e-01,6.885487067952725804e-01,6.686562859327230823e-01,-2.224213264723555183e-01,-1.053321820645456708e-01,8.866185451603266765e-01,-1.670257165903153429e-01,-8.144734446681631823e-01,-7.463924645922956867e-03,-8.236566854013002703e-02,-8.662163374393181403e-01,-1.894455064696859981e-01,-6.920455127241955662e-01,-2.516144253212312942e-01,-5.764236373312107142e-01,-4.416238556931901260e-01,4.899817512491640159e-02,-3.611311819164231829e-01,4.054817156673388157e-01,-2.922424067382192181e-01,6.470393264336117278e-01,-1.203143795725927501e-01,4.637741094149955834e-01,-1.643175417679966152e-02,4.589015951473618959e-01,2.346896970478786482e-01,4.906936213795565771e-01,2.585022052737986908e-01
4.387828482143286690e-01,1.280070883568441009e-01,9.350013550244536953e-01,2.890453190636396164e-01,-5.743964078368388737e-01,4.155810303263697825e-01,8.806631962001014724e-01,-2.601717344952380606e-01,-3.953495405093018777e-01,8.166499825265068901e-01,5.586882312995430366e-01,-6.101504342241110823e-01,5.468223419924022471e-02,1.000000000000000000e+00,2.378202806841793748e-01,3.473032881830362406e-01,2.802140047658095434e-01,8.920975707107667851e-01,1.424798540065801422e-01,6.793271918346136529e-01,-6.263324400466379061e-01,-6.509251232736675830e-01,6.085722766051693267e-01,2.259317236666311679e-01,-9.082345975077729117e-01,1.524833357597149552e-01,-7.364431553468651082e-01,-8.356249243681067307e-02,-2.617392853090151350e-01,4.979256012360175343e-01,-1.994507454346349795e-01,4.228750763086257525e-01,1.932795965298825594e-02,2.115918162515989243e-01,-1.016817912169989124e-01,-4.709039655419333670e-01,2.720387149026962104e-01,-5.060514413611362228e-01,4.129133312361575325e-01,-2.789504819994017559e-01,8.606865708155262418e-01,9.858146414603650987e-02,6.912776597158123426e-01,2.496732199617911485e-01,-2.990679079209392355e-01,1.751871391343055862e-01,-3.179106947600983113e-01,-3.930128519407893317e-01,-2.443738280053419643e-01,4.083375429360447395e-01,-1.274210369592466974e-01,6.346775625488173533e-01,3.670814302929684692e-01,4.646693286539501089e-01,-3.449127757903844294e-01,-8.909439728482446696e-01,3.169764694289102236e-01,4.563328916094311349e-01,-8.025234476273083173e-01,-5.426791037801491635e-01,6.294384819310532286e-01,2.736935894329252817e-03,-9.796980476421192074e-01,2.608802804229363309e-02,7.183580524449025839e-01,-4.773475383137608108e-01,-8.227043136352210073e-01,3.649823214280534245e-01,-2.032999823901118219e-01,-9.362936054934482000e-01,-1.684322181945600849e-01,-5.450311635411231315e-01,4.140967968459779991e-01,-1.536637392312246442e-01,-1.545980809972041792e-01,6.182554819159736814e-01,7.027236133530072593e-01,-3.254104847202158313e-01,3.467954874414753696e-01,-4.437262517070253987e-01,4.704372104892436124e-02,-3.434157281988520771e-01,-6.523338269314235549e-02,2.871313818831622844e-01,-1.470122979010910214e-01,2.940377059970040730e-01,-3.989416813079018631e-01,1.179197856770512753e-01,-7.739205737670706853e-01,-2.676657655418439030e-01,-2.944705181254737014e-01
-1.154817228737301804e-01,-5.285753867576551412e-01,5.957782438751621501e-02,9.344454658355666465e-01,-1.832571166330617396e-01,-7.184620754872856896e-01,6.226487651088470354e-01,7.175782224266735732e-01,-6.111993124576725611e-01,-3.235598529141960888e-01,9.192591115006090163e-01,2.437185647444491676e-01,-7.726139477530841182e-01,2.378202806841793748e-01,1.000000000000000000e+00,4.529133807308457493e-01,9.192355684247894843e-01,2.452202342509990363e-01,1.968730211620241810e-01,8.014253622464393434e-01,3.380856616628906686e-01,-2.078255578533958203e-01,4.810217547483159328e-01,7.725271341464423625e-01,-5.996840783496631272e-02,-7.164445847673542311e-02,-2.807031434214433130e-01,-6.607548517622269246e-02,-4.821999393893698915e-01,-3.865372710474027640e-01,-4.242201824382971220e-01,-7.264629162461427869e-01,-5.220449768558987902e-01,-8.604343980922827262e-01,-7.381585081853659913e-01,-9.323737147756917532e-01,-6.520817180511794264e-01,-8.575783596782835527e-01,-4.889427489965086360e-01,4.676823014072110096e-01,6.151717447440956388e-01,9.534433868084337682e-01,7.121799046226642282e-01,9.617396355244968165e-01,2.615731547435042881e-01,9.803144555287305328e-01,7.561015313585237596e-01,4.858314378398119748e-01,6.591871903860723192e-01,2.369608147105004836e-01,4.341424748325889982e-01,5.697345873186441256e-01,-4.961716441045881942e-01,-6.686527980190477560e-01,-5.994040709547076018e-01,-2.152283679744839695e-01,-9.915070302246721534e-02,-6.608433082165329209e-01,-4.656018252327233653e-01,-6.939600704181159152e-02,-4.036889784747642596e-01,-6.148891456229377273e-01,-2.720750989573647027e-01,-3.540940944157746073e-01,-4.408322644777853960e-01,-4.139668973464105117e-01,-3.418577679553123638e-01,-2.949192616695326952e-01,-9.405209697929590718e-01,-8.796426479076843719e-03,3.193711124405722579e-01,-5.994870349497234407e-01,-2.866036133738049108e-01,4.234865961360971265e-01,-4.008519150189029934e-01,7.516462127782697067e-01,7.337782506627116286e-01,7.663582165119776635e-01,8.880010751174018946e-01,2.985521910396108369e-01,8.005435627386032760e-01,1.350280639136979335e-02,7.273602758396844337e-01,-5.417715355526114135e-02,5.787989705771675597e-01,1.643568481505073842e-01,3.797974887684017475e-01,1.267371539090737242e-01,-3.592226768700726991e-01,-6.124783257567762984e-01,-3.524833444227375434e-01
1.765052719584125351e-01,3.723625616984608255e-01,1.047683600849444729e-01,6.865662699171517502e-01,4.517703430025843958e-01,4.485857096425785451e-02,3.887482343345356472e-01,6.351869821709030806e-01,2.729948284806408276e-01,1.381630516905577033e-01,5.561425263544421682e-01,4.956691051236348233e-01,1.747783108646227823e-01,3.473032881830362406e-01,4.529133807308457493e-01,1.000000000000000000e+00,6.920167540964574648e-01,5.966374060950281333e-01,8.972775858216136546e-01,3.392810112938923761e-01,-4.640000701822557527e-01,3.390903326499040693e-01,9.024461222517675685e-01,-1.114702564917038619e-01,-4.862105546571074965e-01,-7.920665731618300454e-01,-8.389427014545689509e-01,-8.702135678948867969e-01,-9.690523674067423876e-01,-5.801994213252218424e-01,-9.666992914871346265e-01,-3.688658513884481849e-01,-8.943025306373740824e-01,-4.452991901202773550e-01,-8.641978355406690904e-01,-3.317546947830410931e-01,-6.789125481263433848e-01,-7.755011373336287983e-01,4.462272607595473839e-01,7.462229444083567920e-01,6.122739160836877526e-01,5.430320025474139056e-01,1.080483813632884815e-01,2.814835187466170896e-01,7.606925496317972213e-01,4.476915903050584511e-01,5.103382375381344538e-01,-4.737538594879907583e-01,6.897080133418570513e-01,9.279562105379597359e-01,8.300738391438955421e-01,7.701755894542287040e-01,3.973447914206733045e-01,-3.610372776759088187e-01,2.957458434893384669e-01,-6.366658656197425881e-01,-7.286070662541010989e-01,1.465434081642409681e-01,2.166091546150233915e-02,-8.608763728283859162e-01,-4.080347897370793508e-01,3.928107591285801004e-01,-3.771976281528212627e-01,-9.044133469875331732e-01,1.917733461176332199e-01,3.891399416698020919e-01,-7.772439576622012236e-01,-7.077995988796951243e-01,-2.021755877096990117e-01,-1.219879955309593617e-01,-6.711784837224487044e-01,-9.329911539661842612e-01,-6.699725314714432001e-01,-5.778113166907786757e-01,-9.339606933094138919e-01,1.187467595877461368e-01,7.396894968892460120e-01,4.634919917569850778e-01,7.668989060124806745e-01,6.397197302674705321e-01,7.889054901700328637e-01,6.893324762853539900e-01,7.848505180918664559e-01,8.402437850159393262e-01,8.122463223805158616e-01,9.296906570484237964e-01,6.732071151494242178e-01,8.849494588051736166e-01,-1.276611045523158294e-01,-2.548086415081336487e-01,-1.509090394812599711e-01
-3.761791874910608291e-02,-2.785826184307066966e-01,5.609527259324677967e-02,9.663847306717148200e-01,3.981319891303108927e-02,-5.530306566724910722e-01,5.981041530931100469e-01,7.961117058066237151e-01,-3.614733741098125064e-01,-2.248700558895835588e-01,8.987833213343050520e-01,3.882157519630513032e-01,-5.349906354189206681e-01,2.802140047658095434e-01,9.192355684247894843e-01,6.920167540964574648e-01,1.000000000000000000e+00,3.719741358062554348e-01,4.572330036549287491e-01,7.355731107310738981e-01,1.296589099233108888e-01,-3.136162158677001377e-02,6.786260618474531103e-01,5.690810992454987671e-01,-1.964366165596289626e-01,-3.453407688619488658e-01,-5.039648844035753417e-01,-3.677383070601316084e-01,-7.218264141931222122e-01,-5.293516001900672174e-01,-6.754085413924689751e-01,-7.138230173758091102e-01,-7.326103287286647170e-01,-8.393086965373964814e-01,-8.864858820837899778e-01,-8.330705288483566395e-01,-7.637510994349883120e-01,-9.350654049861901740e-01,-2.303215956518919472e-01,6.455130276803759948e-01,6.752928421686533733e-01,9.373746185088220884e-01,5.730132988061682475e-01,8.439375656311201013e-01,4.898080701525460157e-01,9.220793382951044670e-01,7.846258796692030524e-01,2.196504916304947708e-01,7.718603972443732752e-01,5.093698558456369874e-01,6.449919678082265406e-01,7.026560379479362961e-01,-2.503752326070654011e-01,-6.681803781245487794e-01,-3.516701493768331077e-01,-3.720923715269229826e-01,-3.497569002446320185e-01,-4.779774039950245301e-01,-3.328964722592738790e-01,-3.489840737987032759e-01,-4.811378478870739772e-01,-3.375579785415566136e-01,-3.201987082584754618e-01,-6.036706927603531225e-01,-2.934927290741244366e-01,-1.658906016874774902e-01,-5.240763713640779198e-01,-4.964254929699737917e-01,-7.987252683810984744e-01,-2.345295235333118636e-02,9.007800152327483795e-03,-7.899335654514173521e-01,-4.800442610282735223e-01,1.217410124694227602e-01,-6.464039673712771439e-01,6.111154075188443002e-01,8.199029418383982915e-01,7.747810034999925710e-01,9.591586757918397765e-01,4.781264261757441347e-01,9.094446421821943405e-01,2.711367584901012706e-01,8.523401939835738572e-01,2.533834467216997122e-01,7.537297169108180261e-01,4.596800285238067385e-01,5.550330733364952085e-01,4.157082351893259808e-01,-3.138821522953877952e-01,-5.553537121178986347e-01,-3.195248031572080483e-01
