1.000000000000000000e+00,4.432423452285166876e-01,3.303777349462113655e-01,3.317143983134697161e-01,1.250860331623298571e-01,1.255260666983084306e-01,9.961095420324255975e-03,6.682272740044306603e-02,1.114116983593275850e-01,-1.878483051517218158e-02,7.616424380525654847e-02,-2.381108815178273677e-02,-5.251995526667174036e-02,-2.051501443085936016e-02,-5.947576125102990025e-02,-2.341745307099935350e-02,9.264499625947350200e-03,-3.592551830595146212e-02,-2.227809174996938507e-02,-8.633012161249146998e-02,-6.439981919895620618e-03,-2.153420920726141843e-02,-1.680740790360478118e-02,5.286092118310532773e-02,-1.423037887292751338e-02,3.444191177369999163e-02,6.465845406352678515e-02,9.729946819071252917e-02,9.122883372584501827e-02,1.128923883664746247e-01,1.216174131985971740e-01,5.606533466653215725e-02,9.226400253375441340e-02,6.137198570583327073e-02,-2.632225364547468791e-02,-3.131467919123916144e-02,1.115222664245092352e-02,1.423552071776394007e-02,-2.077747017977647076e-02,-4.705659768630988948e-02,1.052732661364686427e-02,-5.331516652132934492e-02,-1.033601794236374376e-02,-1.485002057606453485e-02,-9.499776397239333148e-02,-2.962478273413890126e-02,3.773510942543076979e-02,-8.462676442781109920e-02,-1.215014565314304074e-01,-1.090990219172674885e-01,-8.405337696864159658e-02,-1.436218922450835100e-01,7.116918496356297585e-02,-6.519438189161854379e-03,4.104806500886883786e-02,6.304953226394133248e-02,-1.241147558461008944e-03,-1.232899045321536602e-01,7.794762914325588377e-02,-4.699086727503765104e-02,5.323091964402396070e-02,-3.408134421338152725e-02,-3.016363225557561201e-02,-4.679631437889331114e-02,-5.790133975062769500e-02,2.783443377490960827e-03,3.230909406056371030e-02,-5.091484561955355453e-02,4.538291560011954023e-02,5.227017981130728519e-02,5.468422409468522150e-02
4.432423452285166876e-01,1.000000000000000000e+00,3.460883312436497938e-01,2.653917726196409199e-01,4.004346116733148997e-01,3.030905534632534759e-01,1.279287564352050988e-01,2.114214260400967549e-01,2.414094529813360090e-01,6.968640855815501356e-02,1.885479989411205370e-01,1.761612176634119731e-02,-6.495666507681591151e-02,-9.878831232352497382e-02,-1.129238868715829042e-01,-1.150215517757308126e-01,-9.761169505136359226e-02,-1.574691280398830273e-01,-1.580041706313613237e-01,-1.386527756611042328e-01,-1.564432221040903959e-01,-1.130747836499099573e-01,-1.235977849274605134e-01,-7.678861722516018562e-02,-1.134116127591926065e-01,-1.184849561965603815e-01,-4.561575531603762057e-02,2.900830756675200697e-02,-3.510742469781624048e-02,1.443467148931739047e-03,7.117736325910140049e-02,-4.102490322274048029e-02,1.769144270948587450e-02,9.108160809336753039e-02,6.519057025420924023e-03,7.769071793197286635e-02,7.253144670106417835e-02,7.901386782334229864e-02,9.436857763286481127e-02,3.956830927107526930e-02,6.013470122217114827e-02,7.976974734349283336e-02,-1.320045074077287606e-02,1.181755719656886194e-01,-9.691584722751821201e-02,-1.797502471030070284e-03,1.772783247539228835e-01,1.628955870979923934e-02,4.944878768205235309e-02,-9.631476027288174424e-02,-4.293999062315981968e-02,-1.155017081251084876e-01,-3.626743828882306175e-02,-1.435792061459457702e-01,-6.604773043622273743e-02,4.682081660146828091e-03,-1.677273333778274422e-01,-1.530830344748967953e-01,6.042614404258943132e-03,-2.036827356092019981e-01,8.502082144321373991e-02,-4.717012108280151800e-03,4.997424622270608963e-02,-3.408808503032134674e-02,4.108396314266125893e-02,1.024951552727007831e-01,-4.033178481313634892e-03,-1.272332175732895573e-02,4.913480038877039713e-02,6.156293960410468002e-02,7.474777825184687752e-02
3.303777349462113655e-01,3.460883312436497938e-01,1.000000000000000000e+00,3.129236134562127791e-01,1.704701245271098564e-01,2.091856298458994734e-01,-1.153858759978967745e-02,1.984463323838594750e-01,9.693567951589936171e-02,2.625213488514319821e-02,1.448072404126886092e-01,-3.167069048803063114e-02,-2.710280317137146386e-02,-8.466371657474726364e-02,-9.122542352686804912e-02,-1.104185692837940796e-01,-8.723957829301484668e-02,-9.034898267706194253e-02,-8.500848028364151043e-02,-8.740236414204252680e-02,-8.673999092562169333e-02,-5.268657731037681285e-02,-1.373730793203450373e-01,-2.928191934141013801e-03,-6.321638849330643226e-03,-6.943028767247698407e-02,8.798297025704357455e-02,9.428258353527059488e-02,3.698736889262313476e-02,1.774114804293917824e-02,1.289940482820491063e-01,5.723356501663806606e-02,3.765924260869277229e-02,1.308898507586415128e-01,1.393648425145566361e-01,9.860474366955314374e-02,9.338672001233916387e-02,1.733100040752419413e-01,1.366368580086961548e-01,1.000619153248761828e-01,1.374982325549810869e-01,8.692945980960985197e-02,1.131833891880013737e-01,1.077262148152657861e-01,-5.430080440788232626e-02,-1.130999179231982898e-01,6.908968518853388086e-02,6.591672542857685002e-02,-6.443552342692686341e-02,-1.306051798831185662e-01,2.526509784235593178e-02,-1.356859415557963577e-01,8.541082788074166876e-02,-1.095782696159255387e-01,-6.679585218433499449e-02,-1.042733433098102930e-01,-1.800966113838480265e-01,-3.241475001031885461e-01,-1.442914744523096093e-01,-1.687889821671210711e-01,-7.299537265126573859e-02,-1.161987876404459302e-01,-5.722818330178544577e-02,-1.523778602516300262e-01,-9.573584976734805796e-02,-1.503233789014715195e-02,-9.254243023429743753e-02,-1.272312696425188516e-01,-3.424399491138381546e-02,1.422459648113056675e-02,-2.185150020401690693e-02
3.317143983134697161e-01,2.653917726196409199e-01,3.129236134562127791e-01,1.000000000000000000e+00,2.299724635224394409e-01,2.206686696585087315e-01,2.139181440442886398e-02,7.500919180621640203e-02,1.399549758063695915e-01,-5.008941682213239460e-02,7.782466559503524450e-02,-8.693717526924236993e-03,6.687405425288288525e-03,2.231421830069590939e-02,2.845101343764481344e-02,5.644316329674645832e-02,7.884367495670689674e-02,6.744888109530622344e-02,6.589296033532783536e-02,3.951798985375754719e-02,3.134254454092689612e-03,7.073979102170149802e-02,2.377932790296912249e-02,8.335751282292359898e-02,4.090185103230599417e-02,6.379782364288931473e-02,8.556158150180125099e-02,1.413392643038875740e-01,1.244415965500007132e-01,1.919135830551438326e-01,1.700352930201133039e-01,1.320950863351666726e-01,1.477105552908707931e-01,1.158875442832685565e-01,-9.635564379155810155e-03,-3.069673129033800851e-02,-1.313707132850336357e-02,6.754007509471615656e-02,-9.211980332139980271e-03,-6.187943366856347299e-02,3.026675611235195990e-02,-1.009082900637648106e-01,1.377468799173923314e-02,-5.383582465420515967e-02,-1.481710815294821071e-01,-5.849260064893511274e-02,2.430784112833871483e-02,-1.418441541329366062e-01,-2.037132684819160378e-01,-2.283143346010220176e-01,-1.355515423830686850e-01,-2.119949573260024589e-01,3.897220797958397820e-02,1.320787879243045561e-02,3.531338647556103022e-02,1.070370790541958911e-01,2.217271815528887996e-02,-1.419000131960069522e-01,1.835704899661638745e-01,-1.427450346833619016e-02,3.621125414268300258e-02,-6.932592137342313832e-02,-3.295599234111470238e-02,-6.166369390726352678e-02,-8.340114937124332162e-02,-3.272496380487652234e-02,1.446206148930872029e-02,-6.984641997409971048e-02,-5.043410303664538907e-02,2.207917403784645863e-02,-4.504839726910105091e-03
1.250860331623298571e-01,4.004346116733148997e-01,1.704701245271098564e-01,2.299724635224394409e-01,1.000000000000000000e+00,3.996923342762105369e-01,3.621614290931489122e-01,4.162589809883590064e-01,3.248975681623096357e-01,2.065816955442864589e-01,3.356536590249490359e-01,7.150103846021189924e-02,-6.706381469608065082e-02,-1.310487013477217855e-01,-1.187570068180928140e-01,-1.449278440402636259e-01,-1.259555709201227169e-01,-1.532115852194312899e-01,-1.843414306171120287e-01,-1.381005211685415457e-01,-1.713316245274918159e-01,-1.096877928260884399e-01,-1.546002805339738995e-01,-1.097171212216113689e-01,-1.156171724037591692e-01,-1.524338405189166745e-01,-6.834422315594364250e-02,-1.623762467546618557e-02,-9.643236602137664204e-02,-8.188308879926661787e-02,-3.217924924469275048e-03,-8.645848266489036815e-02,-2.696381633844234516e-02,1.203925976647363810e-01,7.833197176469204603e-02,1.353159432444568933e-01,1.210751982794514153e-01,1.496588596396604687e-01,1.428792330534841282e-01,1.042403787645543728e-01,1.132736055530293301e-01,1.449368685058994299e-01,8.266746175868210089e-02,2.076239504259734803e-01,-6.250564520728874029e-02,-7.648554507964915039e-02,1.885289818331983280e-01,1.243741901193926858e-01,1.038093630068656625e-01,-5.522089107560342047e-02,5.777755461988869079e-02,-2.912714997884408713e-02,-5.114314971582249042e-02,-2.364478561397231338e-01,-1.378166066579968874e-01,-8.083022786789881287e-02,-2.626423892409197602e-01,-1.850419192639384258e-01,-9.340273050823259815e-02,-2.582559974931310509e-01,3.026911491769677248e-03,-1.992320804760009528e-02,7.738669584528047596e-02,-4.535568036564629341e-02,6.276129129396254558e-02,1.102476753044715346e-01,-5.216551792388523373e-02,-7.509126511284494425e-03,-8.043767390830448578e-04,4.117754317577707740e-02,9.840498355978413020e-03
1.255260666983084306e-01,3.030905534632534759e-01,2.091856298458994734e-01,2.206686696585087315e-01,3.996923342762105369e-01,1.000000000000000000e+00,4.066541066483656541e-01,3.369419700395108186e-01,4.379964802917721833e-01,2.181318566915389501e-01,3.690700430990367931e-01,1.966153469949956933e-01,6.087547186377437886e-02,8.015636080971828880e-04,-7.526397920339649751e-03,-3.570684893302815584e-03,-8.438738587272755914e-03,-9.737705341235680656e-02,-7.538821925616548403e-02,-8.525185774858012877e-02,-1.420724243690754396e-01,-1.026398614492413097e-01,-1.355037845091423554e-01,-1.167348392076770769e-01,-2.166829807472358815e-01,-1.605097593428543301e-01,-1.103738612009391301e-01,1.996725248903710552e-03,-9.669194721681916016e-02,2.831840382364781902e-02,1.297682356769915522e-02,-7.273748196287489753e-02,4.099359829628272667e-02,1.121532533171327312e-01,-3.580323924722585843e-02,9.152483608107439550e-02,9.121242426678169424e-02,2.205036379164345556e-02,8.456203250768341839e-02,3.996451464220646815e-02,-2.853971072080841581e-03,4.600461230010840369e-02,-7.791828697469438403e-02,6.458991071018042873e-02,-9.243571665392845416e-02,8.352992938655344479e-02,1.619476350315421087e-01,-4.448177822234720274e-02,1.172470883783785084e-01,-1.184059123240931294e-01,-9.912575751514095257e-02,-1.313187992158535711e-01,-1.663342355324584632e-01,-1.768717925727868456e-01,-1.609988598238291102e-01,6.085382417761020513e-02,-1.621133459180831571e-01,-6.244116415023410332e-02,1.812459264541158716e-02,-1.319437819484683694e-01,1.776911623450240230e-01,1.133547516024997898e-01,1.931418736958031290e-01,6.609338113792036749e-03,1.121550631381994650e-01,2.192525291013432964e-01,6.850352028420565731e-02,6.433453689070828263e-02,8.481362599250814871e-02,9.840702254800687276e-02,7.321308138135179666e-02
9.961095420324255975e-03,1.279287564352050988e-01,-1.153858759978967745e-02,2.139181440442886398e-02,3.621614290931489122e-01,4.066541066483656541e-01,1.000000000000000000e+00,2.912390057252198239e-01,3.496829292599881178e-01,3.584779983856951624e-01,2.985851183595611968e-01,2.398955225326711571e-01,5.618208371669401041e-02,1.219361229530417645e-02,2.258482201807062231e-02,2.011767694371487461e-02,1.489320360367481048e-02,-6.136966507025869849e-02,-6.324024669521292885e-02,-9.468758669212087864e-02,-1.130494648499439647e-01,-7.069373009369847582e-02,-1.328003609439721289e-01,-2.056723236510549224e-01,-2.024204315854308267e-01,-1.800079956748247834e-01,-2.112812510134894350e-01,-1.134335646029245442e-01,-1.724792332062545508e-01,-1.241253226964043332e-01,-1.536496729959062058e-01,-1.816106661496935670e-01,-1.038419911226669545e-01,-4.778808034609597147e-03,-2.891318765433890936e-02,8.400952069733572114e-02,6.686763900330992827e-02,3.522842549852619326e-02,5.815473052768910245e-02,6.707883259062670522e-02,3.363669025169549291e-03,1.189008468530872442e-01,-2.746874308851586857e-02,1.022320421030785548e-01,7.046580727774892638e-02,5.961966128064254133e-02,7.076320748833407615e-02,1.081517666228685032e-01,2.130097690778932074e-01,9.233402776909663268e-02,4.521952257275214937e-02,8.545312598547168126e-02,-9.755885662073356113e-02,-1.602716855966246912e-01,-1.763295061138732966e-01,-2.366554855344770239e-02,-1.553226852961825111e-01,6.518128640925834744e-03,-6.131893900730665814e-02,-9.199867630079545944e-02,6.553000330689474906e-02,1.590827160030620913e-01,1.739700951060285661e-01,6.028299071201299181e-02,1.838502767508591595e-01,2.164495148434235905e-01,3.125488299351512206e-02,1.360174783276852373e-01,4.517072303318462462e-02,6.036989270260034735e-02,-1.144903157845369871e-03
6.682272740044306603e-02,2.114214260400967549e-01,1.984463323838594750e-01,7.500919180621640203e-02,4.162589809883590064e-01,3.369419700395108186e-01,2.912390057252198239e-01,1.000000000000000000e+00,3.701599928643673487e-01,4.917434155595618583e-01,5.119630518659267215e-01,1.618931394698292781e-01,-1.370648107622364671e-02,-6.081760565307017807e-02,-8.264786554221952020e-02,-7.512710833069484451e-02,-6.261128830402158674e-02,-1.262468021148129005e-01,-1.284752961350963951e-01,-1.180417418479466768e-01,-1.862542457118138428e-01,-9.027849614723097715e-02,-1.814116573278216071e-01,-1.693086359456120737e-01,-1.365024631376264841e-01,-2.164431548335934985e-01,-9.426416810587606721e-02,-3.157293683701983822e-02,-6.161108421028910209e-02,-1.098304326246127144e-01,5.839352336621201310e-03,-1.109564358186645450e-01,-5.643432980140117988e-02,1.123324538218529040e-01,6.860524848213454818e-02,1.203282454924520378e-01,1.278926045247924248e-01,1.324648722046802007e-01,1.299233779746291062e-01,9.924297767528712788e-02,8.875559829509394039e-02,1.307770863883778445e-01,5.686533975232518218e-02,1.844698469901515370e-01,-3.572476710745017825e-02,-4.302441782771358747e-02,1.528328000344837678e-01,1.318943534401153805e-01,1.102576971056236921e-01,3.737191579672072446e-04,1.147902627488299604e-01,3.159195917489534405e-02,-1.582037203867342479e-02,-2.045238794818629580e-01,-1.405808517715030626e-01,-1.395689305623683540e-01,-2.176316598177866490e-01,-1.290151048769068165e-01,-1.599741497534040435e-01,-2.471007760352800231e-01,-1.713022055459563139e-02,-2.631587394077446879e-02,1.085209324376640305e-01,-5.399382354589857269e-02,8.708382640880263370e-02,1.347993000815292941e-01,-8.401402009470701482e-02,-4.896621247398803140e-03,1.541152908620419502e-02,2.858078733867306168e-02,7.149626365850714378e-03
1.114116983593275850e-01,2.414094529813360090e-01,9.693567951589936171e-02,1.399549758063695915e-01,3.248975681623096357e-01,4.379964802917721833e-01,3.496829292599881178e-01,3.701599928643673487e-01,1.000000000000000000e+00,3.875658326904367623e-01,5.043051517281477159e-01,3.129204977829370127e-01,8.605879264910486215e-02,2.994686746634679653e-02,-1.865417715478520644e-02,-4.080165437267531392e-02,-3.040064234993852281e-05,-1.081610205356873383e-01,-1.154725462039316169e-01,-7.896213756032532949e-02,-1.477528262089603250e-01,-9.129732330258873152e-02,-8.904068069167679622e-02,-1.045425976118015965e-01,-1.762894012221706275e-01,-1.161984266322273474e-01,-9.116759515072288267e-02,-4.953060371392530893e-03,-4.846468212706136341e-02,5.057180909121695989e-02,1.069041662204455075e-03,-7.729662938769725489e-02,2.394204611219798509e-02,9.965688582340569146e-02,-6.884656751638353056e-02,4.981924255189604939e-02,5.449736309377750665e-02,1.372089834712286044e-02,2.290962382826261870e-02,-5.853219980336939665e-04,-5.314555436735871746e-03,1.287408376896994472e-02,-5.423763170317594251e-02,5.595415952083489936e-02,-1.286336803886934665e-01,6.036898672326400372e-02,1.612728325781319083e-01,-4.726278100327274689e-02,6.804091773343215466e-02,-5.786890298765937080e-02,-3.845631911535957875e-02,-5.918850082041596239e-02,-9.278060789697890887e-02,-1.426408644033883288e-01,-1.304881083270905406e-01,4.300074295117560508e-02,-1.190013701353849068e-01,-1.146379345956489125e-02,6.553054750995969402e-02,-6.926072430850639672e-02,1.346731129273383842e-01,5.563833841455723128e-02,1.317459765040463471e-01,2.181539085156837879e-02,9.472339485682747251e-02,1.737342429365226482e-01,6.095584987998889370e-02,5.507051775108120356e-02,9.078856025907468263e-02,8.157614722246885053e-02,6.881775450819110906e-02
-1.878483051517218158e-02,6.968640855815501356e-02,2.625213488514319821e-02,-5.008941682213239460e-02,2.065816955442864589e-01,2.181318566915389501e-01,3.584779983856951624e-01,4.917434155595618583e-01,3.875658326904367623e-01,1.000000000000000000e+00,3.637365041122838649e-01,2.772445458357217785e-01,6.205484016929430080e-02,5.125938634186440190e-02,1.697154022200279486e-02,1.779626991333332214e-02,2.684999289005244455e-02,-8.190583758281461124e-02,-7.844339316655717098e-02,-5.169881847142490661e-02,-1.140948405448787562e-01,-5.562691498132707468e-02,-1.166212892538792539e-01,-1.606162466258005406e-01,-1.412590184265425930e-01,-1.553556264943592446e-01,-1.640996053519810927e-01,-8.333987746362885030e-02,-9.699953923258917976e-02,-1.147287811860372014e-01,-7.135270435480528528e-02,-1.400813538766109145e-01,-7.267296659617518417e-02,3.867835000642518700e-02,-4.174942113190455856e-02,7.410856889149684823e-02,5.750369098162595033e-02,1.732095708768585304e-02,4.938594842804484158e-02,5.711974871969181106e-02,9.887359199631856263e-03,1.065241911322767909e-01,-2.170273740970872674e-03,1.086838940170585799e-01,2.873284691993303885e-02,1.960756498738371739e-02,7.945857726857115388e-02,1.103110359112324107e-01,1.518747349480248920e-01,6.255345856728578013e-02,6.914123752538774148e-02,7.335737857684634933e-02,-6.254059033235806475e-02,-1.447682963933195066e-01,-1.011362726878937551e-01,-6.377383719761207936e-02,-1.336176811488700156e-01,3.966210063693002830e-02,-9.428080622417084333e-02,-8.294373429772622375e-02,2.883296760444383280e-02,4.940115979479656888e-02,1.323774420455876843e-01,2.517281980347823786e-02,1.331935306013654619e-01,1.537995027330710252e-01,-9.856683653140217022e-03,6.465169139308529767e-02,5.729516188774010782e-02,5.679935944310918194e-02,1.160436800806747236e-02
7.616424380525654847e-02,1.885479989411205370e-01,1.448072404126886092e-01,7.782466559503524450e-02,3.356536590249490359e-01,3.690700430990367931e-01,2.985851183595611968e-01,5.119630518659267215e-01,5.043051517281477159e-01,3.637365041122838649e-01,1.000000000000000000e+00,2.591675803232330599e-01,4.588262984255404853e-02,-1.589698410168619361e-02,-5.153024713943966245e-02,-2.536327704019473300e-02,-1.128223474630505804e-02,-1.034414339040980457e-01,-8.990760913255375908e-02,-9.366613912183140156e-02,-1.680195890231392930e-01,-7.805311936782829974e-02,-1.525528943975757445e-01,-1.367863117388484206e-01,-1.866211019689727191e-01,-1.712008798060581372e-01,-9.203108217249197920e-02,-4.053262261584728021e-02,-4.090814423360472629e-02,-4.462539205148687710e-02,1.789789515109611873e-02,-7.286005049023094871e-02,-1.593942795749619945e-02,1.017844992011005256e-01,-2.453553525116112296e-03,6.919382300844312272e-02,9.529818258644486006e-02,5.442392745161079431e-02,7.458546839888302582e-02,3.875644440541540364e-02,2.639158023321697480e-02,6.251756249245118968e-02,-4.742578586912766549e-03,1.014369583856441076e-01,-7.381805377141927027e-02,2.379662265993645609e-02,1.406237710197662805e-01,2.254580482393422902e-02,7.974063795066854698e-02,-3.091040741106792361e-02,4.511294704868835242e-02,-3.435840984187627650e-02,-3.564358944438549004e-02,-1.761730342796023197e-01,-1.544101888916468157e-01,-6.664227462353682074e-02,-1.522295237006303925e-01,-6.876703507491020717e-02,-6.056185457737894851e-02,-1.480438998152731334e-01,9.599653058621943069e-02,2.291630924548329271e-02,1.566577088401308326e-01,-2.851561829011522650e-02,9.194650975689799832e-02,1.838420521377824579e-01,3.190874666670729266e-03,7.585192499995880785e-03,7.703247669564095013e-02,7.802243235446079672e-02,5.817701639820137965e-02
-2.381108815178273677e-02,1.761612176634119731e-02,-3.167069048803063114e-02,-8.693717526924236993e-03,7.150103846021189924e-02,1.966153469949956933e-01,2.398955225326711571e-01,1.618931394698292781e-01,3.129204977829370127e-01,2.772445458357217785e-01,2.591675803232330599e-01,1.000000000000000000e+00,3.257693757938168178e-01,2.327728769150224641e-01,1.106963741048173494e-01,1.325074849773737184e-01,1.844268465929356227e-01,1.443247233123848630e-02,2.403041778351402979e-02,2.726971015060567285e-02,-2.086753819778077237e-03,2.936213405528483728e-02,-6.332899874645522842e-02,-3.024653796377179196e-02,-1.236227029185848481e-01,-4.881273011865521622e-02,-6.068493420724498100e-02,-2.034614841105695723e-02,2.306671938797058910e-02,2.027679960494278150e-02,-4.210184558307887570e-02,-4.009238866186753264e-02,-1.483577251410108169e-02,5.028600129221725418e-02,-4.684463475782420921e-02,9.498845591981228478e-03,2.656889513965155630e-02,-4.967889287315960939e-02,-4.834916602026631538e-03,-1.566704790022494659e-02,-6.087386269316322207e-02,-3.338058623016554316e-02,-7.516800929224987105e-02,-2.243804811548738912e-02,-1.968867054736251482e-02,9.002878720420670611e-02,3.870090238829759083e-02,-3.732069222874088293e-02,7.043125278030636094e-02,1.066231385286415222e-02,-3.180859907433697398e-02,-2.619171047295305865e-02,-9.176311676245070548e-02,-6.734060348027620657e-02,-1.050378469122746627e-01,3.921582513044106176e-03,-5.163270389844233643e-02,5.338640772714675631e-02,3.915376353244681695e-02,3.376403638188003875e-02,1.024641638722270792e-01,8.007676220088016938e-02,1.125034256517092740e-01,-3.331596743147149930e-02,2.632661142737911450e-02,1.376912425804533990e-01,5.083360624491311403e-02,1.625162465382406357e-02,9.628792904171987188e-02,5.411714233870935920e-02,9.266243598539558590e-02
-5.251995526667174036e-02,-6.495666507681591151e-02,-2.710280317137146386e-02,6.687405425288288525e-03,-6.706381469608065082e-02,6.087547186377437886e-02,5.618208371669401041e-02,-1.370648107622364671e-02,8.605879264910486215e-02,6.205484016929430080e-02,4.588262984255404853e-02,3.257693757938168178e-01,1.000000000000000000e+00,3.359794562569887177e-01,2.719233360933567267e-01,2.879486284467968060e-01,3.152440040636175222e-01,1.264690793575245775e-01,1.529826212857586798e-01,1.389801933844269921e-01,2.250742350666820948e-02,1.203177336688310423e-01,-4.065693289870874610e-02,1.168368388536811589e-02,-1.041503488276704879e-02,6.040866213477069126e-03,-2.376136721039148400e-02,-1.898181629859674313e-02,3.922931031048094291e-02,5.790068214768989696e-02,-1.280959447218915463e-02,4.686359726199948450e-03,1.825153421671403889e-02,5.178136570260514354e-02,-2.730646384085671716e-02,-1.371687224112982852e-03,-2.156586868532758827e-02,-3.190523450969950242e-02,2.589449397180691725e-02,1.238869775045352457e-02,-1.551539727505615515e-02,8.352210215490946804e-03,-1.931100171651163599e-02,-4.446644628872351013e-02,1.247288901033068685e-02,3.675602276933252061e-02,-2.677624467812636869e-02,-3.573575825277242740e-02,6.360190294753981797e-04,-3.010930545218805029e-02,-6.091548968599140579e-02,-4.406339956643530453e-02,-5.365633094645634593e-02,-3.167370193170566950e-02,-5.287072001376856567e-02,-1.473768185391978111e-03,-1.453718246392890663e-02,1.938825284994940765e-02,3.995204608496571996e-02,8.017717939363368240e-02,6.540857874360841984e-02,1.885129649227574103e-02,4.734751722451378819e-02,-6.871878679712135896e-02,-3.240922524538662058e-02,3.509349647998386001e-02,-1.093586298261331989e-02,-7.759067465666627354e-03,-2.547412806494422921e-02,2.647405413069379293e-02,1.486306825213373935e-02
-2.051501443085936016e-02,-9.878831232352497382e-02,-8.466371657474726364e-02,2.231421830069590939e-02,-1.310487013477217855e-01,8.015636080971828880e-04,1.219361229530417645e-02,-6.081760565307017807e-02,2.994686746634679653e-02,5.125938634186440190e-02,-1.589698410168619361e-02,2.327728769150224641e-01,3.359794562569887177e-01,1.000000000000000000e+00,4.258129469346889628e-01,3.593211805286377070e-01,6.463587115996207721e-01,2.050078070863276536e-01,2.253169802157541091e-01,2.486649591910931045e-01,1.399502720920600962e-01,2.110544422833669775e-01,3.110643080146731441e-03,9.743039787231397297e-02,8.243454918587114766e-02,9.994631153765314024e-02,1.309892538339995326e-02,9.196197890902498007e-02,1.359932729950390773e-01,1.000442905764384882e-01,-2.630640219865243781e-02,7.354254597023254791e-02,6.214783085569695886e-02,-1.419807985396838619e-02,-7.354949726418960609e-02,-1.329035025971067041e-01,-6.004958876545032909e-02,-7.733255410158605681e-02,-7.572998289088725410e-02,-8.380810603322358388e-02,-4.942247823714697452e-02,-9.542339891555512432e-02,-9.599868975551528738e-02,-1.165859665182370497e-01,-7.697648524036810984e-03,8.016177698205911861e-02,-5.821347992456641501e-02,-8.861297918906141380e-02,-4.184504889763127761e-02,1.455198467948357402e-02,-5.789971525503510158e-02,9.364235131422635194e-03,-1.725047261245958585e-02,5.952291117868482861e-02,-5.126907573762083670e-02,7.491624283945412521e-02,7.426586865283828220e-02,1.107597204680325076e-01,1.199723980830148251e-01,1.283921699500120972e-01,4.352001954888368163e-02,-1.112096471367234746e-02,5.964447672954237799e-03,-8.754319489943396260e-02,-9.052065250356731985e-02,-3.830524230416817999e-02,-6.107679596371921871e-02,-5.609430807888696885e-02,-1.072040646410770542e-02,2.048756107662529427e-02,7.710200262637928459e-02
-5.947576125102990025e-02,-1.129238868715829042e-01,-9.122542352686804912e-02,2.845101343764481344e-02,-1.187570068180928140e-01,-7.526397920339649751e-03,2.258482201807062231e-02,-8.264786554221952020e-02,-1.865417715478520644e-02,1.697154022200279486e-02,-5.153024713943966245e-02,1.106963741048173494e-01,2.719233360933567267e-01,4.258129469346889628e-01,1.000000000000000000e+00,4.022016452362158212e-01,4.389873079685724933e-01,4.061311794494604777e-01,1.684880385444007533e-01,2.065379192828583343e-01,8.477599471743306470e-02,7.040941238242666433e-02,-2.295759827287841004e-02,4.175604877123458014e-02,-1.417802581185188988e-02,8.138052696240172246e-02,-4.188448809186926663e-02,5.954761905750827894e-03,5.905162513040123490e-02,9.368699077336370418e-02,-8.868718742365723495e-02,-4.947921743538795727e-03,1.559281883862558525e-02,-6.225701072840671146e-02,-5.775296599252487811e-02,-7.270183229511362200e-02,-1.168280290683659794e-02,-6.087065997315147664e-02,-1.325650803775705461e-02,-3.451727827363020723e-02,-3.337895322285990007e-02,-6.009051674757377726e-02,-1.471206680594485880e-02,-6.938502123384124309e-02,-1.739916629952324018e-02,2.294903733997739198e-02,-4.598444021088397143e-02,-5.665196304645850334e-02,-2.151054641957205610e-02,-3.930067591545419181e-02,-4.226268439693733892e-02,-1.037624599144515089e-02,-3.593013640758670885e-02,2.958732660564637740e-02,-7.170416904924556412e-02,3.769619498711363620e-02,7.140126145898242904e-02,7.496377670157641782e-02,7.973498457362672431e-02,1.224433639367785986e-01,5.362719556667142062e-02,6.758659515057534317e-02,5.518966103662369116e-02,-4.447013712567096655e-02,-1.612084140447310812e-02,6.593429564104935636e-02,3.466412396402909768e-02,7.433146993316541717e-02,-6.729552701313019913e-02,5.532249832467343864e-02,-1.669450579306738444e-02
-2.341745307099935350e-02,-1.150215517757308126e-01,-1.104185692837940796e-01,5.644316329674645832e-02,-1.449278440402636259e-01,-3.570684893302815584e-03,2.011767694371487461e-02,-7.512710833069484451e-02,-4.080165437267531392e-02,1.779626991333332214e-02,-2.536327704019473300e-02,1.325074849773737184e-01,2.879486284467968060e-01,3.593211805286377070e-01,4.022016452362158212e-01,1.000000000000000000e+00,4.064517882812553329e-01,3.000440164779076824e-01,4.130529866272567574e-01,2.670249644022424373e-01,1.421434164046717630e-01,1.939001427468782512e-01,1.127345422361173966e-01,6.318952680228176466e-02,9.885976890091469071e-02,9.627987501231344281e-02,-5.855113544486965221e-02,-7.067500778061187872e-02,6.219866069539922021e-02,5.417319129731726357e-02,-3.210574753031623235e-02,3.618336907888314302e-02,3.335625023407426393e-02,-5.993733032675834654e-02,-5.869840972839693305e-02,-8.360665006979690894e-02,-8.091122740506384581e-02,-6.787381727402004572e-02,-2.825399179945149025e-02,-7.099292286952306463e-02,-3.027341622703745572e-02,-5.850110456218108462e-02,-1.763866645598065330e-02,-6.521025557340454082e-02,9.647173908866352177e-03,1.295245739573296605e-02,-6.255263645273204109e-02,-5.113148287141425219e-02,-8.124346262454663903e-02,-5.462268355037284973e-02,-6.420977143299845535e-02,-2.422825559778489599e-04,-5.035465235571424253e-02,5.511753713869916443e-02,4.019710851062896495e-02,9.732015144043619503e-02,1.174705914874353274e-01,1.350246473899391897e-01,9.327293700365631157e-02,1.020273915938615106e-01,6.550429513723687869e-02,5.007046669845762604e-02,6.463336538834187073e-02,4.714446291789719384e-02,1.557406147993525315e-02,-2.431256020233868095e-02,1.653982228923213046e-02,1.730366562696394189e-02,-1.245782425592684706e-01,-3.398276493667338333e-02,-2.070568324367804899e-02
9.264499625947350200e-03,-9.761169505136359226e-02,-8.723957829301484668e-02,7.884367495670689674e-02,-1.259555709201227169e-01,-8.438738587272755914e-03,1.489320360367481048e-02,-6.261128830402158674e-02,-3.040064234993852281e-05,2.684999289005244455e-02,-1.128223474630505804e-02,1.844268465929356227e-01,3.152440040636175222e-01,6.463587115996207721e-01,4.389873079685724933e-01,4.064517882812553329e-01,1.000000000000000000e+00,3.334061691650483938e-01,3.402835347813049638e-01,2.854121429283879574e-01,9.961247390316056716e-02,2.231992768574782848e-01,-6.629735654951174340e-02,3.130191462958543253e-02,5.998761274027326201e-02,6.394022299953011634e-02,-3.458539172976540788e-02,7.504157177140434454e-02,8.026259021869069921e-02,9.922508937793031447e-02,-4.486291528105860321e-02,6.503641598977645544e-02,7.570833923208171445e-02,-2.342229987115635945e-02,-8.270348837754848415e-02,-1.280879395632936457e-01,-8.657360664039769060e-02,-6.911090708974598762e-02,-5.651687469040241746e-02,-7.530351265260445959e-02,-3.701737326134415390e-02,-7.079822625223516908e-02,-7.617366538771545847e-02,-1.019708080718937787e-01,6.116888807000615651e-03,6.287481386616169954e-02,-6.927166509680415807e-02,-6.583950489432116582e-02,-5.440849051422369520e-02,-1.559248263792586096e-02,-7.746518856172207590e-02,1.089173430657141423e-02,6.271273865233015395e-03,6.109068172945655156e-02,-4.330669886446763400e-02,9.624090910054716730e-02,7.166320169439484300e-02,1.107843724247469241e-01,1.576713378425492751e-01,1.344994516970703102e-01,2.882593548184620574e-02,-3.148725068061870597e-03,5.393719800007324566e-02,-9.280405912052050454e-02,-5.628415879784870457e-02,8.132431040537490760e-03,-7.265178840369183877e-02,-1.119203411831819032e-02,-7.235752410241612365e-02,1.292149295504455182e-02,2.636879497337851416e-02
-3.592551830595146212e-02,-1.574691280398830273e-01,-9.034898267706194253e-02,6.744888109530622344e-02,-1.532115852194312899e-01,-9.737705341235680656e-02,-6.136966507025869849e-02,-1.262468021148129005e-01,-1.081610205356873383e-01,-8.190583758281461124e-02,-1.034414339040980457e-01,1.443247233123848630e-02,1.264690793575245775e-01,2.050078070863276536e-01,4.061311794494604777e-01,3.000440164779076824e-01,3.334061691650483938e-01,1.000000000000000000e+00,3.269998848222704924e-01,2.063079630472459958e-01,1.491118011006467570e-01,1.187827314485726538e-01,4.131409355803425387e-02,7.300738455774218039e-02,3.823161366529114619e-02,1.014846273401563276e-01,3.719731307937650111e-02,2.690141347781879744e-02,4.257887785620385196e-02,1.490815953513771053e-01,-1.018931598974217867e-01,3.240246674756004641e-02,-9.246153792369921423e-03,-8.596920646055324078e-02,-6.567233113618113627e-02,-1.235849514228150869e-01,-1.071225399828971275e-01,-4.745785937220459855e-02,-6.218866289399432173e-02,-6.161999749379108715e-02,2.379343466194008133e-02,-7.489003266591555408e-02,7.987912301367675397e-03,-9.919885153540111689e-02,1.575601656935029420e-03,-7.122732424573377866e-03,-9.750455759396270405e-02,-6.875987395145306824e-02,-9.056419920161785930e-02,1.175432227697973536e-02,-2.107729973981569901e-02,9.075440143060933482e-03,4.695661034322346633e-02,8.961385422006663826e-02,3.510541849192164165e-02,3.380081582229390452e-02,1.470011498852367149e-01,7.862614904998060927e-02,1.053281543541113308e-01,1.425962737237319311e-01,-3.114996285909669635e-02,3.698611102454496535e-02,1.582187656718343077e-02,-8.389613433872651974e-03,-3.814598119595083436e-02,-6.665270070416230187e-04,5.214949893506989897e-02,5.359886920665587334e-02,-1.273251564234006428e-01,-2.549089660442736827e-02,-1.212860571424668327e-01
-2.227809174996938507e-02,-1.580041706313613237e-01,-8.500848028364151043e-02,6.589296033532783536e-02,-1.843414306171120287e-01,-7.538821925616548403e-02,-6.324024669521292885e-02,-1.284752961350963951e-01,-1.154725462039316169e-01,-7.844339316655717098e-02,-8.990760913255375908e-02,2.403041778351402979e-02,1.529826212857586798e-01,2.253169802157541091e-01,1.684880385444007533e-01,4.130529866272567574e-01,3.402835347813049638e-01,3.269998848222704924e-01,1.000000000000000000e+00,3.452680537177508224e-01,1.841196573134891712e-01,2.044872324266837627e-01,1.153613993588750858e-01,9.428249114395359509e-02,2.098634911216503141e-01,9.191187603327566347e-02,7.978722595432394260e-02,3.347627176679727340e-02,7.108280922969499593e-02,1.064705678010050005e-01,2.762208375680449621e-02,7.648432001226035393e-02,5.056207331032067792e-02,-6.444804031672564902e-03,-3.677271380166822340e-02,-8.713922071100740907e-02,-4.202543843414204006e-02,-2.970561819838400675e-02,-1.796583757953306923e-02,-3.775813598254119247e-02,3.518676779455456871e-02,-4.521329869311451616e-02,1.616542406412733654e-02,-8.107046915303287027e-02,4.100550502155379806e-02,-3.613571012457392206e-02,-1.278103193132041626e-01,-4.023666199588847581e-02,-1.433624583549598097e-01,-6.698109022667901591e-02,-6.283364106731925691e-02,-3.678623548514662472e-02,-2.838332657848423313e-02,1.115877985784128196e-01,3.181336593907736071e-02,3.866625122428843375e-02,1.245171539903345143e-01,8.604775417665357085e-02,7.654049635808909957e-02,1.265049517701398452e-01,-5.682837122848181932e-02,-2.223027517506908843e-02,5.084305967858261319e-03,1.722897539640265083e-02,-5.596695140174849648e-02,-1.553837709963999669e-01,-7.202882992761561187e-02,-5.789408524731968347e-02,-2.252261130113633048e-01,-2.114440692184257897e-01,-1.842420260801393705e-01
-8.633012161249146998e-02,-1.386527756611042328e-01,-8.740236414204252680e-02,3.951798985375754719e-02,-1.381005211685415457e-01,-8.525185774858012877e-02,-9.468758669212087864e-02,-1.180417418479466768e-01,-7.896213756032532949e-02,-5.169881847142490661e-02,-9.366613912183140156e-02,2.726971015060567285e-02,1.389801933844269921e-01,2.486649591910931045e-01,2.065379192828583343e-01,2.670249644022424373e-01,2.854121429283879574e-01,2.063079630472459958e-01,3.452680537177508224e-01,1.000000000000000000e+00,2.914994172039223619e-01,2.617626307130342944e-01,1.714663917298474838e-01,2.123401152391115876e-01,3.802370351927748526e-01,2.473758912770622764e-01,1.130121271127539628e-01,4.758661018211406829e-02,1.483782350916712789e-01,6.480558901206151523e-02,-4.526796198548376643e-02,1.201279427048759507e-01,9.391263176556753980e-03,3.383331128396797893e-02,4.116095901692447961e-02,-3.848019792140634776e-02,-2.091174245768124759e-02,4.910574521622135952e-02,4.904545481066070745e-02,1.489779952743517343e-02,1.133688758446625422e-01,-1.812602711463610905e-02,9.178614673184405659e-02,-3.092624415092276938e-02,5.460928412979811075e-02,-9.562186477248202365e-02,-1.236980125502633726e-01,1.562241633485434399e-02,-1.119770068263401808e-01,-8.666564149769523384e-02,-5.833985383295019894e-02,8.023530111199269482e-03,-3.948963110306717705e-02,1.901667515693253319e-02,2.598777602948630291e-02,2.858187038899545271e-02,6.751146417119704979e-02,2.672341377749138519e-02,5.997813392115016601e-02,9.535347305543678820e-02,-1.122870493031811884e-01,-7.769846835888484515e-02,-1.563213909427575155e-01,-7.593790044269965733e-02,-1.991550672735771244e-01,-3.047022698946101338e-01,-1.900678120259148840e-01,-1.612294646110415119e-01,-2.535893180006765779e-01,-1.088412040663594010e-01,-8.410230574716365259e-02
-6.439981919895620618e-03,-1.564432221040903959e-01,-8.673999092562169333e-02,3.134254454092689612e-03,-1.713316245274918159e-01,-1.420724243690754396e-01,-1.130494648499439647e-01,-1.862542457118138428e-01,-1.477528262089603250e-01,-1.140948405448787562e-01,-1.680195890231392930e-01,-2.086753819778077237e-03,2.250742350666820948e-02,1.399502720920600962e-01,8.477599471743306470e-02,1.421434164046717630e-01,9.961247390316056716e-02,1.491118011006467570e-01,1.841196573134891712e-01,2.914994172039223619e-01,1.000000000000000000e+00,3.419537383515939832e-01,4.132337623006350769e-01,5.346677403863193678e-01,3.552907149940614517e-01,5.321782669298820156e-01,3.368473568055054268e-01,1.202710689628334606e-01,3.000218875670622731e-01,1.436036148037494464e-01,1.196592493663105154e-02,5.064965228952782172e-02,7.158248461837003751e-02,1.542162932912496780e-02,-4.854738738203490805e-02,-1.303391389199071160e-01,-1.402524349686036786e-01,-1.239596138991852087e-01,-1.663590980830897403e-01,-1.248783363763639326e-01,-7.178559162436513874e-02,-1.721677577760387379e-01,-2.859068129957121479e-02,-2.208352126899977841e-01,5.134461154216186582e-03,1.627728636725151237e-02,-1.897155208132310089e-01,-1.769085197155310651e-01,-1.435780463109720684e-01,2.556577571137342089e-02,-5.957430678181536987e-02,-5.081108644114582830e-03,1.944447391494122379e-02,8.124991174902877755e-02,1.403565680829678142e-01,6.475921437972613492e-02,1.606570651107638859e-01,1.032950089078152334e-01,9.675219847498540970e-02,1.719600322956740812e-01,-2.209190612591897460e-02,-5.380875707338910602e-02,-2.285328194726810314e-01,7.195033764406886731e-03,-3.297248060174700623e-01,-3.337797186068315880e-01,1.318773681420193633e-01,-1.503221502769490070e-01,-2.261060512179801155e-02,-2.567496432326638392e-02,3.482508672128712540e-02
-2.153420920726141843e-02,-1.130747836499099573e-01,-5.268657731037681285e-02,7.073979102170149802e-02,-1.096877928260884399e-01,-1.026398614492413097e-01,-7.069373009369847582e-02,-9.027849614723097715e-02,-9.129732330258873152e-02,-5.562691498132707468e-02,-7.805311936782829974e-02,2.936213405528483728e-02,1.203177336688310423e-01,2.110544422833669775e-01,7.040941238242666433e-02,1.939001427468782512e-01,2.231992768574782848e-01,1.187827314485726538e-01,2.044872324266837627e-01,2.617626307130342944e-01,3.419537383515939832e-01,1.000000000000000000e+00,3.469570899204598713e-01,3.401173731730568472e-01,5.250206327225865888e-01,3.673876442790583452e-01,2.317736534553573313e-01,1.352011995813038603e-01,2.403765493258785413e-01,1.468753750928637469e-01,3.261598232677351966e-02,1.020889698633253850e-01,1.253462911040857941e-01,1.273338605556510739e-01,2.098820299704341578e-03,3.451286982361979200e-02,-1.519713635545223429e-01,-4.101870463755814128e-02,-2.481297807901598415e-02,2.580382490941321091e-02,1.286634959034285187e-02,-2.395623517190912863e-02,4.055085670829738920e-02,-5.462942728016991628e-02,5.660268883104796478e-02,-9.692670917159529331e-03,-9.984128655228183269e-02,1.218535321605672579e-02,-1.150446793828018704e-01,-3.632378986289328676e-02,-6.116122034297623300e-02,-4.489000303553732779e-02,-2.633028550558369138e-02,4.822790041714070976e-03,1.114003577114616381e-02,2.463740452384245369e-02,6.025131747876198013e-02,-2.423572437290848550e-02,3.230521838728914186e-02,1.405595665671323727e-02,-1.665346786329117423e-01,-1.701688195854506036e-01,-1.864709131165218914e-01,3.065426040465574903e-02,-2.448747888454114729e-01,-4.601505302463134162e-01,-1.641640888934014497e-01,-2.041879625436200663e-01,-1.943801817225072615e-01,-1.729107572341381793e-01,-3.884744544887582668e-02
