1.000000000000000000e+00,3.536966498790466429e-01,4.314921416125281906e-01,2.792722835987339058e-01,2.422242617703406209e-01,2.158114811927673571e-01,2.374509570405238523e-01,1.326330957926324383e-01,1.750395368246506489e-01,2.182560740799932286e-01,2.540856772741231784e-02,1.337906794097412921e-01,2.945103202048350924e-02,-2.861046051656757072e-02,1.163710833792430677e-01,3.385786685976618221e-02,4.759392084329113620e-02,7.411920221777287821e-02,5.121513600449895814e-02,6.348996741894975815e-02,2.360077567933866263e-02,6.601553336941373695e-02,3.953508648153607197e-02,2.262827937017669946e-02,-5.756167633875220076e-03,1.308164680844610406e-02,2.191207958113339238e-02,2.788596995128007905e-02,3.888502385366221503e-02,2.670407877734207180e-02,1.485085462661382867e-02,1.249427420061636693e-02,1.639922549187058237e-02,5.041333877234958211e-02,1.920921078963127096e-02,2.765257502518513044e-02,-2.509562469679190843e-03,-5.207055191405800948e-02,-3.383017129993973887e-02,-8.512971050216006086e-03,-5.336287002621097758e-02,-2.107221769045250492e-02,1.257992343805926401e-02,2.233068064890169485e-02,-7.802233690398963258e-03,-1.816787666614835470e-02,-2.268402331013115100e-02,-1.758817359093091393e-02,-9.820333168640817123e-03,8.255638081127940342e-03,6.373799335840074805e-03,6.169385056263060330e-02,1.615360620440885533e-02,-7.324480769928768710e-03,-2.853785991235752162e-02,1.480817452342318924e-03,1.524978600795236922e-02,-1.232008575886766460e-02,-4.162433094203668582e-02,-1.818777608575717492e-02,1.965057282668267874e-02,-2.450852232737544059e-02,-3.378455832299304823e-02,-3.300110388619932871e-03,-9.183897536319617083e-03,-1.902779023187888691e-02
3.536966498790466429e-01,1.000000000000000000e+00,2.795050428915245577e-01,2.731721752935215575e-01,3.222656242496887979e-01,1.620226258621893511e-01,2.660906947932535349e-01,1.678947813268352185e-01,1.425315655171368601e-01,2.387360914702641723e-01,5.480690048856828173e-02,1.257023127627364956e-01,-4.945818715589228760e-03,-6.815697386168314241e-03,1.089000493261703534e-01,-2.292237749618641386e-03,5.616430152427313166e-02,3.235019192365254370e-02,4.884134017308890824e-02,6.850669318124165408e-02,3.072334766488837854e-02,5.845205956667078040e-02,3.381404768264900662e-02,3.115905253278132558e-02,6.629555590073164459e-03,3.851858473880934164e-02,2.021898833980305399e-02,1.705095319742741880e-02,3.399588270153180297e-02,3.325304972542234005e-02,6.639554597874338347e-03,2.550013105451746573e-03,1.549756406479515201e-02,5.393926915839369896e-02,1.601394446959205839e-02,7.738822729472436251e-04,1.221710457753408599e-02,-1.996163693509311193e-02,-2.523464966954057018e-02,-9.127955900735352721e-03,-5.388681205545938629e-02,-4.236691990665692603e-03,2.804789901137380581e-02,4.039954390292752745e-02,-2.847801176051952161e-03,-1.765862359537017159e-02,2.120678441763754890e-03,-1.319784239279065199e-02,-2.857223320783107423e-03,3.069440242736039617e-02,1.517992024635673141e-02,6.378624261284396302e-02,1.872236310433370021e-02,3.371774351496631406e-03,-1.311786481428225959e-02,-1.905368393339993208e-02,1.346948120999723331e-02,-1.083153878211333236e-02,-3.642620027497816410e-02,-1.221616232941133071e-02,-2.212349131286510916e-03,-1.092098791725540710e-02,-3.879069053495612200e-03,-3.536725943132520110e-03,-1.120572113510730103e-04,-1.385890361022175214e-02
4.314921416125281906e-01,2.795050428915245577e-01,1.000000000000000000e+00,3.029700374011899400e-01,4.227902995070617620e-01,3.632262236613130191e-01,2.804443248586160897e-01,2.527664578572137999e-01,2.723093190666021624e-01,2.305048629426729723e-01,-5.721662862765899971e-02,9.352247052056392174e-02,-5.151561723564126311e-02,-8.925484325222800275e-02,7.981913899452895700e-02,-4.497181207766753896e-02,1.205943546397256032e-02,4.017043537090466548e-02,1.953431204145706854e-02,5.552241659470370794e-02,3.260912390273313505e-02,6.475483470099722971e-02,4.041517952349152343e-02,2.176701272525012609e-02,5.706651448872078480e-03,3.573240571326150028e-02,3.599522572144639790e-03,-1.295662991508781184e-02,-1.143523101098743062e-06,-1.716357851421371206e-02,-3.442756333651028622e-03,-1.770271219472049559e-02,-2.848789220921387269e-02,1.954718902785875650e-02,-8.222042644859815438e-03,-1.264114465292038615e-02,-1.285045917694960238e-02,-1.610629881997789961e-02,-3.765650138402402546e-03,1.453752218330959427e-03,-1.892465775878527864e-02,-2.536864665698317783e-02,-1.398176331843969944e-02,-1.524962127767566337e-02,-3.277751652237492069e-02,-1.746782117206134924e-02,-1.506148592044780944e-02,-3.413239821196210194e-02,1.091782308673555591e-03,6.738626523565126748e-04,-1.468865973714324029e-02,4.755196416935916770e-02,-4.811558707119561323e-03,-1.523064010301906045e-02,-3.908712111612020618e-02,-2.881388154409832928e-03,1.898688102164582114e-02,-3.468942810626916839e-02,-4.244442204538834834e-02,-2.768968694641826475e-02,-7.654231559636993053e-03,-7.951997720276370377e-03,-1.048567357895326818e-02,-1.385072424566442459e-02,4.075418927670287732e-03,-2.257337973299399295e-03
2.792722835987339058e-01,2.731721752935215575e-01,3.029700374011899400e-01,1.000000000000000000e+00,3.730790886469946832e-01,4.130590430135946400e-01,5.533581286224739104e-01,2.670594523306748513e-01,3.604335070153620868e-01,4.886748398519378256e-01,6.050150668349506267e-02,2.742689057784366558e-01,2.172361940472192568e-02,-4.473224376738121899e-02,2.030302492236656098e-01,3.313973134820012711e-02,7.884152722677371938e-02,1.016010831832504097e-01,6.444144769990334254e-02,1.055639321725199420e-01,3.106188414641356671e-02,1.285475922446533970e-01,2.309261820392592701e-02,1.285424631906151652e-02,-1.577074633556375689e-03,1.501263063183516829e-02,7.952579577571863845e-02,8.959578150920816109e-02,1.109385121601215857e-01,5.605629394138630234e-02,8.834957606249987938e-02,6.128432419720495489e-02,2.042429630080038264e-02,5.832374647949692403e-02,9.836483771695358688e-03,3.041810186656436141e-02,-4.292639275361601059e-02,-8.564997878439731260e-02,-8.712842331433305609e-02,-2.109265396114329630e-02,-8.144539202710784909e-02,-6.282945452677714260e-02,-4.486946148772749665e-03,-5.550259565631990126e-03,-5.106753030962733753e-02,-4.715947032105172534e-03,-3.638574727267308850e-02,-5.303303046676896559e-02,-1.770367405407741873e-02,6.459451730125654115e-03,-2.448498833083886592e-02,5.747192170614846829e-02,-1.569732905111966351e-02,-3.788786645251455976e-02,-1.748594699465378516e-02,1.296990494642579275e-02,-1.687768946305895704e-02,-3.772424958783052434e-03,-3.087581617310798665e-02,-1.658162623800444463e-02,2.015241271259058872e-02,-1.800276095864863533e-03,-2.445657199296631321e-02,-1.959741844894154900e-02,-4.216242992205793474e-03,-6.036252435996287448e-03
2.422242617703406209e-01,3.222656242496887979e-01,4.227902995070617620e-01,3.730790886469946832e-01,1.000000000000000000e+00,3.348648652731495146e-01,3.607782456014581585e-01,4.208134724093829937e-01,2.300495494403758667e-01,2.628475867527839682e-01,-5.165553262787675112e-03,2.640708984151998381e-02,-1.439552482724903437e-01,-5.209448179747128843e-02,3.275370835280720649e-02,-1.230009335068042303e-01,-1.764635774896172260e-03,-3.773984237477224363e-02,-6.007998457312936288e-03,4.773044145938917793e-02,8.151417369794324019e-02,7.880947439615788863e-02,6.924336144553017158e-02,6.479138648492664687e-02,1.757007193396346173e-02,3.847950644164818690e-02,3.867279399719521921e-02,1.475822916584910820e-02,2.667180243669173972e-02,-2.303644906035214740e-02,1.302517536432936870e-02,6.164756895945742695e-04,-4.960823917526144960e-02,3.134603944537910688e-03,1.425330710551705354e-04,-3.292574394448822411e-02,-3.204440941046115404e-02,-1.423157919905676527e-02,-8.418094694300643985e-03,-1.346247551542445117e-02,-3.556572928685123453e-02,-3.493206530647395558e-02,-7.022470373857939673e-03,-9.401687636065319056e-03,-1.814662262424722797e-02,-2.448919300452230899e-02,2.878357380244737224e-02,-2.172602228037303143e-02,3.192802872730462344e-02,4.032239578323835311e-02,7.376391808323187402e-03,8.925146598258189290e-02,7.581899924033541974e-03,-2.798242791689328421e-02,-3.909508879790306313e-02,-1.175155189647380735e-02,6.200186262580650691e-03,-4.508439666303343946e-02,-6.690873336665226212e-02,-4.442316864888452149e-02,-1.372334838965264328e-02,-2.391488811386160290e-02,-8.746307207608383649e-03,-3.080590367076945142e-04,7.551175819223718624e-03,-2.029938117214244095e-02
2.158114811927673571e-01,1.620226258621893511e-01,3.632262236613130191e-01,4.130590430135946400e-01,3.348648652731495146e-01,1.000000000000000000e+00,3.246032701562511225e-01,3.875730751347749581e-01,5.072407136498285896e-01,2.425539930841295322e-01,-1.586517704034100529e-01,8.057549571864808247e-02,-1.121824405869956132e-01,-1.657311024707904257e-01,4.588526719308889945e-02,-8.373886479338160660e-02,-1.986196681986552789e-02,3.653641589001907497e-02,-1.186673781928139840e-02,3.129627862786205084e-02,2.299375362428043162e-02,8.136037132458244503e-02,1.555421650092483551e-02,-9.046877826498588362e-03,5.023755876584566626e-03,2.336167006990830242e-02,-9.192163954036457196e-03,1.758085136938797310e-02,1.130039704128950502e-02,-3.182561279002276127e-03,6.297392680846451880e-03,-3.150270838348501450e-03,-2.385939805959201576e-02,3.786345012847262131e-02,-1.021931821197302401e-02,-2.003325379626158184e-02,-2.108718057312388913e-02,-6.126165118042154432e-03,-3.322002202851541408e-02,-5.184199829396973769e-02,-3.960976739868664331e-02,-6.558492778919657040e-02,-2.374291350198790701e-02,-2.455871499522096352e-02,-4.275175709482390007e-02,1.842911418797300903e-03,-1.792042557099274291e-02,-6.794663678697367148e-02,-1.077213607958949458e-02,-4.519185714146686100e-02,-3.856274613965392228e-02,2.239533946252775243e-02,-4.042220073701097149e-02,-5.531827149872806798e-02,-1.179845934277593857e-02,1.331484693566870221e-02,-3.283233421302672594e-02,-4.402870505637845183e-02,-4.868913143519891518e-02,-2.136766288388106463e-02,2.439147788248733663e-03,1.821344212335925666e-02,5.812671905101180793e-03,1.575185408335540854e-02,2.518107210621001527e-02,1.430842446437735442e-02
2.374509570405238523e-01,2.660906947932535349e-01,2.804443248586160897e-01,5.533581286224739104e-01,3.607782456014581585e-01,3.246032701562511225e-01,1.000000000000000000e+00,3.579729983196016097e-01,4.291680133105439388e-01,6.998315744632488400e-01,1.114214633807520810e-01,3.639832269105031659e-01,-1.389552244915302943e-02,-3.093129189556518416e-02,2.618532300763285470e-01,1.333657322849809979e-02,1.039921897578085092e-01,1.121244213782367632e-01,8.710199684634897799e-02,1.473280342960381628e-01,5.563425257386074574e-02,1.431679353017902556e-01,6.777320903669652175e-02,5.061749177674744471e-02,-1.735637712450241454e-02,4.603022353991894494e-02,1.096046307062282232e-01,7.330895747055836409e-02,1.290528794762376419e-01,4.737090810219368731e-02,7.292083309943749037e-02,8.394273279515440667e-02,-2.879398837567866652e-03,6.209162636281933406e-02,-1.018721476127342970e-02,1.111444240319429781e-02,-3.908278670890386053e-02,-5.330344017071923096e-02,-5.848938840496752112e-02,8.537047185089163479e-03,-8.099884587941826031e-02,-2.945458778633423466e-02,3.476234632678689741e-03,2.215670903018517393e-02,-3.979642156440149625e-02,-1.704452736545697053e-02,-1.511840090797849506e-02,-3.973917792495604978e-02,-1.945671128084656282e-02,4.644913936731025900e-02,1.504216488618492602e-02,9.620799184322408049e-02,2.448100964541020247e-02,-6.666551859098094474e-03,-2.149985981075461933e-02,1.177599522184420711e-02,2.477819866981529826e-02,-5.804188701295005630e-03,-3.366372698022255389e-02,-2.398287361800040263e-02,1.438868547883143632e-02,-1.700889407828790056e-02,-4.555775500339111911e-02,-1.010815261759534685e-02,-1.582949052899148071e-02,-2.291693276106232524e-02
1.326330957926324383e-01,1.678947813268352185e-01,2.527664578572137999e-01,2.670594523306748513e-01,4.208134724093829937e-01,3.875730751347749581e-01,3.579729983196016097e-01,1.000000000000000000e+00,3.930648987383417725e-01,1.593158735529462688e-01,-1.646124000972197798e-01,-1.694376970397322157e-01,-3.972500820326955173e-01,-1.231147118902775478e-01,-1.329084424421057842e-01,-2.932961048248113878e-01,-7.139950547401463510e-02,-1.269219639149673229e-01,-6.792674225432432378e-02,-1.156745606107520072e-02,1.172537085753961178e-01,6.970930173888810477e-02,1.013259943659045453e-01,6.341180677606267357e-02,1.773444718406248788e-02,8.073150379789753583e-02,9.864678374058537605e-03,-4.016643171761913322e-02,-6.539106708222773220e-03,-5.940757955649299954e-02,-3.749664012126046470e-02,-2.264848274313326082e-02,-7.664201409276448496e-02,4.306784234567494034e-03,-3.233008623964495065e-02,-6.941511577263023702e-02,-5.723138118300272886e-02,2.205430487958372210e-02,-7.737003948970944470e-03,-4.781067036437461337e-02,3.909236090776237182e-03,-3.685763445995158399e-02,-4.932819438243644244e-02,-6.127936846733358228e-02,-6.789389385340348360e-02,-5.642801214028181356e-02,2.514363925693753263e-02,-8.405341772524753396e-02,8.696422361805025703e-03,-2.550634697965865894e-02,-3.114143270285346307e-02,5.162350714731498563e-02,-4.521763993573005291e-02,-9.566420611151578435e-02,-4.464249364426558370e-02,1.703346182634528014e-02,-3.306947183497962323e-02,-9.233409924586868933e-02,-8.507013487090772652e-02,-6.940553978530912549e-02,-2.284029965743140586e-02,-1.666144825844735958e-02,1.857700459212129063e-02,6.614803186887532882e-02,2.306757341358775873e-02,-1.114853332758443220e-02
1.750395368246506489e-01,1.425315655171368601e-01,2.723093190666021624e-01,3.604335070153620868e-01,2.300495494403758667e-01,5.072407136498285896e-01,4.291680133105439388e-01,3.930648987383417725e-01,1.000000000000000000e+00,3.544088003374000206e-01,-2.864270987699563120e-01,1.940564330030404849e-01,-1.259766090564804764e-01,-2.996682046690424261e-01,9.535962893468945267e-02,-7.499186660025450313e-02,-7.112111416351783733e-02,5.664351665660580931e-02,-7.621623627724559424e-02,-2.099080344195664374e-02,4.203269228600752666e-02,7.763943636774409129e-02,6.925599926124305881e-03,-4.985841362606296262e-02,-4.993083660412882957e-02,5.589907166133213819e-03,-2.881481374807028789e-02,1.312362721676064124e-02,3.151355786623056404e-02,3.682247306312511764e-02,-2.929302412215083196e-03,2.691393063731912366e-02,2.673096831501060866e-02,4.613039098123220688e-02,-8.822503436782723474e-03,-1.573158987327889086e-02,-5.093126376064255334e-02,-3.491131649622324779e-02,-7.900848617423623932e-02,-8.983862823452201662e-02,-6.763064175547518764e-02,-7.621191521505617239e-02,-2.940899052794984300e-02,-2.567009177331958103e-02,-7.578570852533562940e-02,2.020785261089880908e-02,-5.733171341014963590e-02,-8.892796305980325833e-02,-2.073425280883579858e-02,-8.523910979939598731e-02,-6.314625232734881466e-02,7.339078101600319051e-03,-6.000356000621920316e-02,-7.727107949157065170e-02,-2.897142153318789382e-02,-7.330255739969692222e-03,-5.894513569338499792e-02,-6.373475880059639720e-02,-6.107382460830498155e-02,-2.554213237963005867e-02,6.138516267306104446e-03,2.836154707604644776e-02,-6.960573490977104739e-03,1.105592255171011784e-02,3.968098972537623115e-03,6.579279920676332424e-03
2.182560740799932286e-01,2.387360914702641723e-01,2.305048629426729723e-01,4.886748398519378256e-01,2.628475867527839682e-01,2.425539930841295322e-01,6.998315744632488400e-01,1.593158735529462688e-01,3.544088003374000206e-01,1.000000000000000000e+00,1.676205627121704900e-01,5.261578511253247603e-01,1.137360950949912325e-01,2.017987538370819359e-02,3.897549899922712613e-01,1.370724780609311466e-01,1.669231823659927394e-01,1.998633174691474834e-01,1.434666262175224305e-01,1.965437949904495496e-01,2.690157267689479229e-02,1.616394536560901984e-01,5.524432538583396585e-02,4.195236398081206297e-02,-2.665424298525054594e-02,3.040071264620757344e-02,1.359492539640931308e-01,1.085481312643445106e-01,1.673765436899649073e-01,7.675308902786656673e-02,1.069984310525829985e-01,1.160865594899761627e-01,2.870752594308378924e-02,8.032159828378547528e-02,-1.912456865008321360e-03,4.045788360557012187e-02,-3.453368405376897737e-02,-8.407590020737816527e-02,-7.162424365618050293e-02,2.556550384641739088e-02,-1.014435720077768582e-01,-3.837841593304294752e-02,4.726710256619291207e-03,3.801013717205823511e-02,-3.168514727496853783e-02,-2.202373339793098350e-02,-3.494074120680042139e-02,-1.518817966089207501e-02,-3.720273038726214232e-02,5.849976021728928860e-02,9.078783922356345806e-03,9.739037375322430468e-02,2.973372557397476607e-02,-1.526002875083103030e-03,-2.189056650657867850e-02,9.275904528617125513e-03,2.488633895249961481e-02,9.232911425571400932e-03,-1.280432515934805046e-02,-6.348642284549739501e-03,2.400171251902642397e-02,-2.118139092550276603e-02,-6.215206303126143833e-02,-4.091452602089426516e-02,-3.535224042481776435e-02,-3.911836838749658402e-02
2.540856772741231784e-02,5.480690048856828173e-02,-5.721662862765899971e-02,6.050150668349506267e-02,-5.165553262787675112e-03,-1.586517704034100529e-01,1.114214633807520810e-01,-1.646124000972197798e-01,-2.864270987699563120e-01,1.676205627121704900e-01,1.000000000000000000e+00,4.234926186208621268e-01,4.082023322657687414e-01,6.382244790825061243e-01,4.763006984915541531e-01,3.712021567058485516e-01,4.715476516634434789e-01,2.776850092890594257e-01,3.082433186520682766e-01,2.885499370933252705e-01,1.610731487223046252e-02,1.527052437961095577e-01,1.072124762301105566e-01,1.564304795896288569e-01,8.228066943261395927e-02,1.085086522662456060e-01,1.946429691156918163e-01,1.033764612816902018e-01,1.339207885238835605e-01,-4.300857815028874195e-03,1.174594682105111754e-01,4.298320102403252463e-02,-3.932879958078051158e-02,6.626685999420035833e-02,3.905709745777325576e-02,2.513414600077875163e-02,7.366233918264354988e-04,-5.593431343886523521e-02,-5.579183560002331545e-03,-5.240262854093586525e-03,-2.360148655531973602e-02,-4.937371714452352262e-02,-5.579230074373762310e-02,1.812796289249679312e-03,-1.049821759679554767e-02,-5.990058669032866795e-02,8.267640663511358415e-03,1.585953433334092930e-02,-1.550908206077775478e-02,1.234768252241255776e-01,3.218101844107033177e-02,1.282249871778398942e-01,5.517631960244063355e-02,6.739081076538907221e-03,1.071000710076988084e-02,1.738783617053608899e-02,3.336075528148890745e-02,4.533222319356972063e-02,-2.376363384543372665e-03,6.860588036938143619e-02,9.172877207350915718e-02,-3.789429167536292192e-02,-4.185882789778774121e-02,1.206262833254706859e-02,-1.973139812759817230e-02,-3.846163688158520111e-02
1.337906794097412921e-01,1.257023127627364956e-01,9.352247052056392174e-02,2.742689057784366558e-01,2.640708984151998381e-02,8.057549571864808247e-02,3.639832269105031659e-01,-1.694376970397322157e-01,1.940564330030404849e-01,5.261578511253247603e-01,4.234926186208621268e-01,1.000000000000000000e+00,3.592922242136482036e-01,2.174330215473902483e-01,6.471921210930020596e-01,3.610857375279862280e-01,3.407014101223322378e-01,3.464700979025103211e-01,2.140341950704884311e-01,2.354122952559203619e-01,-1.629468013646039048e-02,1.657207306498650889e-01,3.445300328743403778e-02,5.672627392004360447e-02,-7.959307552069103857e-04,3.084247808460014242e-02,1.803942279894954759e-01,1.435611789852305475e-01,1.877202049038153298e-01,7.091014535770007177e-02,1.404060674591074143e-01,1.232516217380738438e-01,2.714916216809962202e-02,9.152494768145991166e-02,-1.417067623405406226e-03,4.498160041602614068e-02,-4.711374505827590348e-02,-9.573226409865984166e-02,-8.066357005245997081e-02,-1.459894356339402552e-02,-9.103033543299154928e-02,-6.979584710880812337e-02,-4.087334430448318762e-02,3.647697015051765829e-02,-6.236140423041489772e-02,-3.923436339571736986e-02,-7.738363649049552484e-02,-3.579621740784760808e-02,-8.330766678759538024e-02,4.966572021569795603e-02,-1.831129946052390337e-02,8.775924539988863571e-02,1.284142851702555627e-02,-1.029922937009210282e-02,3.010538795092796826e-03,-5.193608693315959930e-03,-9.621221249604745840e-03,1.770370642150538576e-02,-1.116918118487560813e-02,6.931403884531435466e-02,9.532826397230449722e-02,1.064712011390631270e-02,-5.716568868514766699e-02,-2.684003288890957767e-02,-5.076823649538445699e-02,-3.158482967338870767e-02
2.945103202048350924e-02,-4.945818715589228760e-03,-5.151561723564126311e-02,2.172361940472192568e-02,-1.439552482724903437e-01,-1.121824405869956132e-01,-1.389552244915302943e-02,-3.972500820326955173e-01,-1.259766090564804764e-01,1.137360950949912325e-01,4.082023322657687414e-01,3.592922242136482036e-01,1.000000000000000000e+00,3.272633091378887582e-01,3.534122747011978483e-01,6.514926670573611966e-01,2.470860688319755361e-01,4.066957230823175506e-01,2.289578886550323045e-01,1.459748732775954516e-01,-1.760421749498979893e-01,3.212135383736707678e-02,-5.959720513870635922e-02,-1.169899279496235296e-02,6.445434367395616593e-02,-2.052096343416404470e-02,3.476873228874750865e-02,1.522007390419404527e-01,6.423625521723455578e-02,9.816873970234975266e-02,1.384960983193113671e-01,2.903102164634536672e-02,7.157003810998885385e-02,1.170170599800237909e-01,8.601193555080466346e-02,9.732536229554954177e-02,3.657454908208800093e-02,-9.195270267183436319e-02,-7.110679155332325085e-02,3.183085391942634592e-03,-1.074198039300934410e-01,-8.427167057551283869e-02,4.434052966158136266e-02,4.126838519723406706e-02,1.467308519749645733e-02,-5.807963925417099910e-02,-5.256193547602094202e-02,4.422356410511250543e-03,-3.838278608738501102e-02,7.600561697097821257e-02,-6.467304282921325365e-03,5.829979404525618969e-02,4.524275559402501229e-02,1.639291477016478066e-02,2.429132373237423426e-02,6.107975161867428004e-02,5.358178935250235142e-02,2.860402370668367611e-02,3.218860653616547468e-02,4.795490201777969502e-02,8.199881688879562258e-02,-3.672429927461377808e-02,-6.311943939596917352e-02,-6.136806216980877915e-02,-3.550709019385892007e-02,-6.444807000358002136e-02
-2.861046051656757072e-02,-6.815697386168314241e-03,-8.925484325222800275e-02,-4.473224376738121899e-02,-5.209448179747128843e-02,-1.657311024707904257e-01,-3.093129189556518416e-02,-1.231147118902775478e-01,-2.996682046690424261e-01,2.017987538370819359e-02,6.382244790825061243e-01,2.174330215473902483e-01,3.272633091378887582e-01,1.000000000000000000e+00,3.483669127016211231e-01,3.316258336014102914e-01,5.003086273333073875e-01,2.148415223247515105e-01,2.877109368839345094e-01,2.361209597748899214e-01,1.553967016395372408e-02,9.239027564547461213e-02,1.051360456694345885e-01,1.614419239397557604e-01,1.329864012278134111e-01,1.415311885507090084e-01,1.491975221381253991e-01,5.186657514401306346e-02,4.791940808613931457e-02,-8.266822634120175872e-02,5.686137247070061074e-02,-2.388163220211267368e-02,-1.075309734242861914e-01,1.753993441520253563e-02,1.838548345044610510e-02,-1.949277701123739923e-02,-8.147646332593515804e-04,-2.888036313758303702e-03,5.220916523894154893e-02,1.096393216507333609e-02,4.876741563210870017e-02,-1.330169939804203699e-02,-7.910344721970705151e-02,-3.929926186032530605e-02,-3.278556288647663242e-02,-9.572717823590304320e-02,3.182886569007654931e-02,-1.873248270725542258e-02,-2.765383794182752278e-02,9.829798971562964116e-02,5.992290232795975148e-03,1.047881101142940224e-01,2.144854703896571790e-02,-1.404888235136399384e-02,1.048751397161517933e-02,2.877306947075379193e-02,2.497787358539870287e-02,3.429260895882631915e-02,6.891551987906491955e-03,5.089552077050241152e-02,7.091765406534064620e-02,-3.952458057467311825e-02,-2.844671666915457586e-02,3.536391126252450695e-02,2.417336572784645199e-03,-3.113345707539013490e-02
1.163710833792430677e-01,1.089000493261703534e-01,7.981913899452895700e-02,2.030302492236656098e-01,3.275370835280720649e-02,4.588526719308889945e-02,2.618532300763285470e-01,-1.329084424421057842e-01,9.535962893468945267e-02,3.897549899922712613e-01,4.763006984915541531e-01,6.471921210930020596e-01,3.534122747011978483e-01,3.483669127016211231e-01,1.000000000000000000e+00,3.390193493492129062e-01,4.986225705912514239e-01,3.697596421808268530e-01,2.789148539863445242e-01,3.056145967356304061e-01,3.030867841366473303e-02,2.108836086248750685e-01,6.263356202035851028e-02,1.054429690188103119e-01,3.423334647098514455e-02,5.766191592871780514e-02,2.013911811747171599e-01,1.490504723857416225e-01,1.930063051414264985e-01,4.560246000759041185e-02,1.432225374860069400e-01,1.247933242885599786e-01,2.659476755868348842e-03,7.215124838481214165e-02,-1.208112415112809652e-02,2.150686992274658191e-02,-5.649129848855204139e-02,-8.277107770495484296e-02,-6.172970001843421095e-02,-2.953160759522944004e-02,-6.559503366860704177e-02,-7.301041661164918428e-02,-6.879038051300405410e-02,2.370317907923345790e-02,-6.317024873440765798e-02,-4.664625970527556953e-02,-7.520745000431677818e-02,-3.405572843917270554e-02,-9.386239569826250462e-02,4.658044679521164411e-02,-2.591087668454170045e-02,8.162301138749865348e-02,-4.220520676003184160e-03,-2.786771831863720655e-02,2.830763000883997332e-03,7.307036996358475152e-03,-1.604660616572920959e-02,2.638961694360233284e-02,-8.077667734086092441e-03,8.333236084408113253e-02,1.009961885208979643e-01,1.148112545002034912e-02,-4.429333633371548840e-02,-7.421143596985897185e-03,-4.489593364430510825e-02,-2.424990777154955104e-02
3.385786685976618221e-02,-2.292237749618641386e-03,-4.497181207766753896e-02,3.313973134820012711e-02,-1.230009335068042303e-01,-8.373886479338160660e-02,1.333657322849809979e-02,-2.932961048248113878e-01,-7.499186660025450313e-02,1.370724780609311466e-01,3.712021567058485516e-01,3.610857375279862280e-01,6.514926670573611966e-01,3.316258336014102914e-01,3.390193493492129062e-01,1.000000000000000000e+00,2.672624888832449419e-01,5.131483766242525002e-01,2.827061261220982225e-01,1.726905644433976705e-01,-2.331157258475144711e-01,2.460541655051237328e-02,-8.424415181483138615e-02,-2.343768543578790900e-02,5.907234471842855161e-02,-2.765593337386282324e-02,5.238392728462386988e-02,1.715992661479537607e-01,7.694985472219573186e-02,9.521670875852208948e-02,1.427416333991537167e-01,3.580388989907797720e-02,6.614063464491351518e-02,1.228841613997546378e-01,8.213785156901030893e-02,9.361044667803822272e-02,2.865104412387009872e-02,-9.374848527614217109e-02,-6.774687214468312624e-02,1.105844919732752556e-02,-1.063878560169011084e-01,-8.462407649042107127e-02,4.227833127981726891e-02,4.329356976915463978e-02,5.568017252592423298e-03,-6.957959106329955623e-02,-6.895238690171788531e-02,-3.814520175958438855e-03,-5.784902983669559795e-02,6.559584413625904609e-02,-2.426799475060568631e-02,5.152527914226080752e-02,2.979174164105599654e-02,6.478851179256878319e-03,7.360369817811893145e-03,6.115548026248748825e-02,3.352101033974440314e-02,1.985685156264470341e-02,2.420902466039137266e-02,4.000119139983916716e-02,8.465937937229801868e-02,-2.679783016091824913e-02,-5.708204945046860962e-02,-4.391186440358515325e-02,-2.794237474479592878e-02,-5.782520273773820302e-02
4.759392084329113620e-02,5.616430152427313166e-02,1.205943546397256032e-02,7.884152722677371938e-02,-1.764635774896172260e-03,-1.986196681986552789e-02,1.039921897578085092e-01,-7.139950547401463510e-02,-7.112111416351783733e-02,1.669231823659927394e-01,4.715476516634434789e-01,3.407014101223322378e-01,2.470860688319755361e-01,5.003086273333073875e-01,4.986225705912514239e-01,2.672624888832449419e-01,1.000000000000000000e+00,3.032218352386520377e-01,4.599505376428674741e-01,4.430016508994740199e-01,2.736899434002772885e-02,2.382569498572004452e-01,1.282094378183175898e-01,1.671038709238794329e-01,8.860630726657420242e-02,1.311453074781757100e-01,1.931002232875757563e-01,8.422996199549856455e-02,1.086701445225524421e-01,-3.808127832402993795e-02,5.991845755882444641e-02,1.514277773083677961e-02,-5.861991273043852535e-02,3.022820297789783131e-02,3.618773045149926981e-02,1.822243793940872547e-02,-1.217836641442090855e-02,-6.927593263053048733e-02,-1.875263117594384854e-02,-1.580471695199401130e-02,-2.831630238938809187e-03,-9.511892778282400596e-02,-1.190391228722185585e-01,-7.704790752039830659e-02,-5.449817507717726744e-02,-5.509801760290194278e-02,1.563686193907634983e-02,-4.502939964579809329e-02,-2.140198318397047370e-02,6.804379865562079632e-02,3.062711863748140279e-02,1.174826579199610005e-01,2.533787663946278010e-02,3.639078265427391889e-03,-1.131950859387366882e-03,-5.302416797050806332e-03,1.015359472367007715e-02,5.975532799709463300e-02,1.399198982911110251e-02,8.140377120890561480e-02,1.152823554990921040e-01,3.027967258769924657e-03,-2.217189012406855370e-02,3.892130164815092719e-03,-1.366536438138823799e-02,-2.415131505593444070e-02
7.411920221777287821e-02,3.235019192365254370e-02,4.017043537090466548e-02,1.016010831832504097e-01,-3.773984237477224363e-02,3.653641589001907497e-02,1.121244213782367632e-01,-1.269219639149673229e-01,5.664351665660580931e-02,1.998633174691474834e-01,2.776850092890594257e-01,3.464700979025103211e-01,4.066957230823175506e-01,2.148415223247515105e-01,3.697596421808268530e-01,5.131483766242525002e-01,3.032218352386520377e-01,1.000000000000000000e+00,3.565252823321539699e-01,3.276306252443028644e-01,-2.722567392932048191e-01,2.159655803542989139e-01,-3.700145119962982426e-02,-4.384445070065264190e-03,1.882011372311038003e-02,-5.393549963171583028e-02,8.007399728574646214e-02,2.176509791854597531e-01,1.690122478459160915e-01,1.225071502610618757e-01,1.745823564362757874e-01,8.276915686999739008e-02,6.668137186336921263e-02,1.895027287500342938e-01,6.971394783236734005e-02,1.023028365826451208e-01,7.631562463520290447e-03,-1.276320342620261561e-01,-1.235099427544273654e-01,-5.441194166456814196e-02,-1.818196154101393014e-01,-1.460208996568763407e-01,3.033422489690036292e-02,2.098651557937361578e-02,-3.552036854303485675e-02,-9.012449761777975576e-02,-8.539952798101381470e-02,-8.073934716694360081e-02,-6.780223244926333881e-02,9.760943881774978778e-03,-6.364084401597597251e-02,4.190085634546730081e-02,-2.161169713768761394e-02,-4.699223961251966508e-02,-2.250611395987400440e-02,6.962328499441068630e-02,-3.412401506694212865e-03,-2.383194021536223783e-02,1.795845028196078625e-03,2.842758132208395710e-02,7.370530647921566536e-02,-3.463368590490725069e-02,-1.828434188039589417e-02,-1.506911768281336307e-02,-5.737157015978247045e-03,-1.127270312344341198e-02
5.121513600449895814e-02,4.884134017308890824e-02,1.953431204145706854e-02,6.444144769990334254e-02,-6.007998457312936288e-03,-1.186673781928139840e-02,8.710199684634897799e-02,-6.792674225432432378e-02,-7.621623627724559424e-02,1.434666262175224305e-01,3.082433186520682766e-01,2.140341950704884311e-01,2.289578886550323045e-01,2.877109368839345094e-01,2.789148539863445242e-01,2.827061261220982225e-01,4.599505376428674741e-01,3.565252823321539699e-01,1.000000000000000000e+00,6.867232197324719678e-01,-1.253747806758959138e-01,3.188360541586797714e-01,1.182509411708455166e-01,1.161234565925886447e-01,1.424812015789543064e-02,6.768397444250630335e-02,1.450565816708659361e-01,1.241159632545181246e-01,1.323998359844353601e-01,5.331713082672550480e-02,6.008689114306536155e-02,3.331392709180731881e-02,1.272089660864040087e-02,7.654015271593078706e-02,6.912446652183937279e-02,1.268499145790794869e-01,7.509073013940932573e-02,-1.046435705360049123e-01,4.722924712266604944e-03,1.126303808597400868e-01,-6.745788301490250605e-02,-1.118554679711141198e-01,-3.787874962943078849e-02,-6.528599784565718156e-02,4.126207384350291663e-02,-3.052918307194403894e-02,9.396740818875130852e-02,1.726246587004596350e-02,1.516553562739453992e-02,1.490786655689968487e-01,8.778205987686479861e-02,1.451095073837548322e-01,1.089839051354030003e-01,6.869896747085352251e-02,-4.717527720012051895e-02,2.462280591363429430e-02,1.054518144890931874e-01,2.742938441404074723e-02,2.741491374461194411e-02,1.709975608503891062e-02,8.530514368431235672e-02,-6.660937684499299016e-02,-6.266573243108918001e-02,-6.513241784921477984e-02,-1.966695973059297969e-02,-7.166647285459501471e-02
6.348996741894975815e-02,6.850669318124165408e-02,5.552241659470370794e-02,1.055639321725199420e-01,4.773044145938917793e-02,3.129627862786205084e-02,1.473280342960381628e-01,-1.156745606107520072e-02,-2.099080344195664374e-02,1.965437949904495496e-01,2.885499370933252705e-01,2.354122952559203619e-01,1.459748732775954516e-01,2.361209597748899214e-01,3.056145967356304061e-01,1.726905644433976705e-01,4.430016508994740199e-01,3.276306252443028644e-01,6.867232197324719678e-01,1.000000000000000000e+00,-1.865331006498763267e-02,5.140183249608336613e-01,2.466951782184925723e-01,1.809835728683232836e-01,-1.121841945779553096e-02,1.118344735019389108e-01,1.799557041436898319e-01,9.058787924530671554e-02,1.741202027325894353e-01,3.961842774720406718e-02,5.084036180205211974e-02,9.355904826599632795e-02,-9.392217145478094428e-03,6.568972504533372725e-02,3.756339354396541659e-03,1.091865902424057067e-01,4.735319378422791353e-02,-8.844682718837283686e-02,2.283879434296319164e-02,1.466031053069511703e-01,-3.790265699942541727e-02,-9.502844276691650716e-02,-9.231144260925053247e-02,-6.348979645581147302e-02,3.793939244415814316e-02,-9.196451909499315722e-03,1.365860283450719970e-01,1.139555436251926852e-02,4.663441905241957203e-02,1.725114295716260182e-01,7.728459310620236500e-02,1.749125399899541244e-01,1.018934489996751458e-01,4.788965580832123953e-02,-5.911183963264080715e-02,2.081212104016339978e-02,1.113238342894974087e-01,2.175158821050656235e-02,3.997297854949129203e-03,6.495370141701963841e-03,7.015459081141928177e-02,-7.632622784901618718e-02,-6.172894192812770214e-02,-3.870479350863588464e-02,-1.509849340487840266e-02,-5.903804324912636375e-02
2.360077567933866263e-02,3.072334766488837854e-02,3.260912390273313505e-02,3.106188414641356671e-02,8.151417369794324019e-02,2.299375362428043162e-02,5.563425257386074574e-02,1.172537085753961178e-01,4.203269228600752666e-02,2.690157267689479229e-02,1.610731487223046252e-02,-1.629468013646039048e-02,-1.760421749498979893e-01,1.553967016395372408e-02,3.030867841366473303e-02,-2.331157258475144711e-01,2.736899434002772885e-02,-2.722567392932048191e-01,-1.253747806758959138e-01,-1.865331006498763267e-02,1.000000000000000000e+00,2.909074482216142954e-01,3.293615176795373078e-01,2.651356050416651677e-01,2.477021971746680776e-02,1.854311391277901622e-01,1.180569843526114299e-01,-1.381105170116413428e-01,-1.023296701947774834e-02,-1.260754242660071800e-01,-1.396690088417604780e-01,-5.119984016096798540e-03,-1.231505065367107660e-01,-1.415408112429855925e-01,-6.899026599865394627e-02,-1.371356766445169240e-01,-4.553492291631741629e-02,8.769669997788390181e-02,6.208567195798446459e-02,-5.701713897245058726e-02,1.092886114214159099e-01,3.056357890966970511e-02,-1.299929711768626484e-01,-2.257717037171622088e-02,-1.075014719458395815e-02,9.634795832016525285e-02,1.099665177944877531e-01,3.428408655135438410e-02,8.751933962312979931e-02,3.238005640156866455e-02,3.292672452676616290e-02,6.637197609918367436e-02,-5.538340946884940351e-03,-2.811388957922181242e-02,8.352710984355230309e-03,-8.109308889150662614e-02,-4.914913334082052915e-02,2.881968495672238353e-02,-5.329150611976951613e-02,2.329773462791008901e-02,1.685593563919368261e-05,3.805698306482670906e-02,4.262769126647620449e-02,6.338757226694594071e-02,1.291011870315471842e-02,3.934023664738094811e-02
6.601553336941373695e-02,5.845205956667078040e-02,6.475483470099722971e-02,1.285475922446533970e-01,7.880947439615788863e-02,8.136037132458244503e-02,1.431679353017902556e-01,6.970930173888810477e-02,7.763943636774409129e-02,1.616394536560901984e-01,1.527052437961095577e-01,1.657207306498650889e-01,3.212135383736707678e-02,9.239027564547461213e-02,2.108836086248750685e-01,2.460541655051237328e-02,2.382569498572004452e-01,2.159655803542989139e-01,3.188360541586797714e-01,5.140183249608336613e-01,2.909074482216142954e-01,1.000000000000000000e+00,2.851922400077691044e-01,2.310361017922724081e-01,-6.339541423751950816e-03,1.153888613758457665e-01,1.770875676945305177e-01,5.347138319215486574e-02,2.229678556787976773e-01,6.755459647834032022e-02,4.431756452979213751e-02,1.379739286506226903e-01,5.801931174570141084e-03,9.987790455754055885e-02,-3.214060700683540883e-02,4.398020917790305961e-02,-6.044296860425806342e-03,-6.604411403121769608e-02,-7.564704467507282759e-02,-1.691733944578301119e-02,-8.747601495399996707e-02,-1.321354804741426414e-01,-1.040420647077703875e-01,-2.461725902227611396e-02,-3.195047987948901325e-02,3.609748845527255973e-02,1.134384123205055966e-01,-4.297540018127433969e-02,9.198832882208911321e-02,8.323881395090640400e-02,1.734499177933135003e-02,1.378867407930506328e-01,1.914659383423384514e-02,-3.747660784331306727e-02,-3.912051866892993918e-02,8.964740849240688744e-03,-7.050128838738036613e-04,-8.069492758305143012e-04,-3.291271636409126566e-02,5.177537906994912620e-02,6.445536368634792457e-02,-2.850742651894671784e-02,1.290189708400148834e-04,9.082357481653100320e-03,-2.672704706584093023e-02,-6.912699736616003884e-03
3.953508648153607197e-02,3.381404768264900662e-02,4.041517952349152343e-02,2.309261820392592701e-02,6.924336144553017158e-02,1.555421650092483551e-02,6.777320903669652175e-02,1.013259943659045453e-01,6.925599926124305881e-03,5.524432538583396585e-02,1.072124762301105566e-01,3.445300328743403778e-02,-5.959720513870635922e-02,1.051360456694345885e-01,6.263356202035851028e-02,-8.424415181483138615e-02,1.282094378183175898e-01,-3.700145119962982426e-02,1.182509411708455166e-01,2.466951782184925723e-01,3.293615176795373078e-01,2.851922400077691044e-01,1.000000000000000000e+00,5.290793237036960361e-01,2.802587124693082729e-02,4.174195487074857658e-01,1.924006627980621720e-01,-3.035759327280278530e-01,-1.053467469385825639e-02,-2.417556838531079721e-01,-2.476805598351650428e-01,-4.617012309796014041e-02,-2.514834974301142778e-01,-5.090996698154669209e-02,-1.178985525741471918e-01,-1.649507014539171867e-01,1.334965955232215486e-02,1.910409202576786314e-01,1.953296694983442106e-01,1.481678025803760679e-02,1.198738060870757488e-01,1.076068141260516642e-01,-7.610810148221536231e-02,2.914859340793174089e-02,2.139130645695905102e-03,-3.756244542448090862e-02,1.209734645600932662e-01,-3.777269030490301022e-03,5.946696683366443220e-02,7.981560097442130797e-02,-8.267706026270723110e-03,9.951617184419510320e-02,-4.181482302935228372e-03,-2.905894525143559379e-02,-2.148548530786981506e-02,-4.586722625390231983e-02,-1.644559701077593500e-02,7.309677511381627683e-03,-6.004738268560987774e-02,-1.194297306879310789e-03,4.259153343204662157e-02,-2.197215478287447774e-02,-1.220328131323705724e-03,5.241378417853532340e-02,4.297492406386821395e-02,1.330300176110845584e-02
