1.000000000000000000e+00,3.515505186519486958e-01,4.047344520712675697e-01,1.264093825191155152e-01,6.506941787815953004e-01,1.333929978066930588e-01,6.696093908597423594e-01,2.140960374118897891e-01,2.797374500217847948e-01,3.710098731735499422e-01,7.982450104649878586e-01,1.832189884742103370e-01,6.905841499395423133e-01,-9.715098889169448970e-02,7.622512701500907539e-01,2.383027519456111243e-01,6.237491616850076026e-01,-3.345215677914463188e-03,-6.808217641605029957e-01,-3.012112041793940653e-01,-5.109609252195858042e-01,-2.512651236984722591e-01,-5.136423057309098539e-01,-6.449704153989512800e-01,-7.628865713843461238e-01,-5.528924491615488934e-01,-6.107389097547869516e-01,-6.212834492633182437e-01,-6.061358290700356033e-01,-4.242554485001312492e-01,-3.630399381044220886e-01,-5.120228552031187430e-01,2.272440754416348851e-01,-3.279990243847689113e-01,5.554872929494977241e-01,3.248355130328706708e-01,-2.850850147859979589e-01,-3.950544705336329065e-01,-6.081624992712501010e-01,2.590266221287537141e-01,2.752018104582469316e-01,6.859914738632028053e-01,6.187346307554422026e-02,5.195756083616526189e-01,3.872996258556587468e-01,6.533630005328250334e-01,3.502834207480135520e-01,5.354683197603172795e-01,6.200707233901721072e-01,4.043893713833526249e-01,-3.396668706997303944e-01,-4.137239569030328745e-01,-3.065099479595105314e-01,1.086619947151494653e-01,1.177272781603126012e-01,3.958513249427691449e-01,2.924077937122223636e-01,-4.177154010775721571e-01,-7.752204034458039239e-02,-2.147458641014683423e-01,-3.980813887850496724e-01,1.201497938366827695e-01,4.659506818627024982e-01,1.732978495512212114e-01,2.079025881594497305e-01,9.029877667367429417e-02,2.327841839759501597e-01,-7.536858003795908478e-02,3.071125710283358901e-01,3.404980719889476592e-01,1.090337318613090190e-01,2.746535164851393596e-01,-1.856965219790968902e-01,-3.001542104027058455e-01,-1.632549182060706594e-01,2.679973222334563476e-01,1.962468214363331520e-01,1.950852426754531854e-01
3.515505186519486958e-01,1.000000000000000000e+00,5.035787673432133849e-01,7.125457045432390668e-01,5.604356370334644399e-01,6.991970260530170345e-01,6.376441207309517800e-01,6.449803302790588777e-01,5.309974939551411754e-01,3.980082714330164806e-01,2.244372242595458755e-01,-1.324047869443204239e-01,6.317679964073926735e-01,6.137175836487381853e-01,6.566152677355494571e-01,3.910772343970665421e-01,6.773397709418140789e-01,6.470878598717654251e-01,-3.732038889423046069e-01,-2.599473253119669036e-01,-2.914767082228398865e-01,-2.049329196055679758e-01,1.675380048091884566e-01,-5.335327473593081127e-01,-1.480086319018077690e-01,-4.546484271184276227e-01,-5.178200126353638133e-01,-6.245184465924351613e-01,-5.838489753804726456e-01,-8.116973368800276534e-01,-3.263045016504225182e-01,-8.177506691680856976e-01,-4.314405788910473660e-01,1.199716027838130528e-01,9.006383491956371223e-02,4.513349022346467843e-01,-4.861496232746975732e-01,9.163830868300387733e-02,-5.964594420549786946e-01,-4.992961455402510351e-01,-6.990064876772338065e-02,-2.657635719159837789e-02,-4.962157236065972143e-01,1.237888522745694969e-01,-2.682631135175650439e-01,6.775284386186666841e-02,1.452552239327892514e-01,-2.187584911474229621e-01,2.385175011728306871e-01,-2.138944017443595441e-02,-3.488624335427024659e-01,-6.348135911993999514e-01,-2.946773098102155597e-01,-1.361210092143235739e-01,-4.083494288274988615e-02,-1.498566761102240463e-01,-4.874799828711845473e-01,-6.576795925655418706e-01,-8.676005656993292237e-02,-6.614530273109548997e-01,-9.974356154624128279e-02,-4.603591478893678257e-01,-2.714675639448594358e-01,2.223581785558501889e-01,-1.070846708503792322e-01,-2.481865760338489990e-01,1.918276894059864901e-01,-3.430435513455363239e-01,-2.785336340830336099e-01,-2.773211196817108593e-01,-2.906193207334332729e-01,-2.655469760481269370e-01,-4.153473774141232533e-01,-7.004244677688471477e-01,-4.682400489387750775e-01,-5.393833711489987026e-01,-4.602898074723900668e-01,-1.527685576637029252e-02
4.047344520712675697e-01,5.035787673432133849e-01,1.000000000000000000e+00,4.837323952671609417e-01,7.818876168888583278e-01,4.724260910606805086e-01,6.404665434382125211e-01,7.286773754427470218e-01,1.752085331960919756e-01,7.707985821471007304e-01,4.398265086970637450e-01,5.318074325170230043e-01,6.084331217715664986e-01,2.454145430471967593e-01,6.216798205568417890e-01,-2.734899045916841520e-01,4.781133151503169088e-01,3.949243272489275647e-01,-5.288373543075003402e-01,1.578103920084256429e-01,-7.099023001451861825e-01,-7.150710578021816088e-01,-3.203458497766568103e-01,-7.110544746152883677e-01,-4.948270767804464620e-01,-2.912373438993456215e-02,-7.697712091473856155e-01,-2.426756498033102172e-01,-8.170086414844820455e-01,-5.701216854798167866e-01,-8.501841021223229822e-01,-6.888885513172181563e-01,-4.474373463868896450e-01,-6.197488603628149573e-01,-7.908092726021177798e-02,-1.035501599471531781e-01,-8.312937374129831802e-01,-4.794144859313696494e-01,-5.060096306457522175e-01,-2.580035746243549144e-01,5.288488561906254937e-01,2.003828043483458499e-01,-1.140806726473386420e-02,6.464704926379006844e-01,-1.987063740728586270e-01,2.731412663494864335e-01,-2.164565223527155080e-01,2.166117842897413437e-01,4.386344840386993127e-01,4.309241076834382511e-01,1.027252243067619253e-01,-1.234869894547655084e-01,3.010592242383700601e-01,5.083714904293361592e-01,2.859763100075148334e-01,2.761978929459576321e-02,-9.028136638215618348e-02,-3.336792722814349577e-01,1.292755923645737826e-01,-2.741417997152060249e-01,1.201237497359989581e-01,1.536824361983020748e-01,1.913014213343756376e-01,4.602081936762343339e-01,3.301912242960323707e-01,1.507300365806151510e-01,7.076243347803814476e-01,3.831386446775092991e-01,4.059239155400108934e-01,-1.937876038733047923e-01,4.075009479983833505e-02,1.804944728784259322e-01,2.540971888230004749e-01,-2.420973842162685852e-01,1.722997484913759425e-01,1.057476550013373984e-01,1.270040809479549004e-01,4.042583540754268179e-01
1.264093825191155152e-01,7.125457045432390668e-01,4.837323952671609417e-01,1.000000000000000000e+00,4.347362606027099785e-01,8.417300599567827391e-01,4.809300315141857296e-01,7.008023121361258712e-01,6.045661668909757536e-01,2.881747828039384340e-01,-2.885132688041433524e-02,-3.271042889135830078e-01,5.061741505000735275e-01,7.730605365638161253e-01,4.669087143021681818e-01,3.987803595664524692e-01,5.831578493603907232e-01,7.944490059562997475e-01,-1.576412253058923629e-01,-1.949511297180837044e-01,-9.647358006067022207e-02,-1.629924151041662814e-02,4.691848259602318660e-01,-4.412082758843573482e-01,1.261110550885159998e-01,-4.248522004490170034e-01,-3.769235196265282584e-01,-5.179623601048962689e-01,-4.138927910067267124e-01,-7.429632557145540162e-01,-2.629220079105338281e-01,-6.654058612955520147e-01,-5.139603558510240644e-01,1.989989133887016259e-01,-1.500110689033784250e-01,4.089610964414412964e-01,-3.580441177438611899e-01,3.611621865866212477e-01,-4.765444916708616585e-01,-6.491472300617684432e-01,-3.245843026459794278e-01,-3.161428973682126609e-01,-7.453599459429193219e-01,-8.635234630332466743e-02,-5.186317697119375847e-01,-1.118780982779961075e-01,1.977231242896134999e-01,-4.014767585187294929e-01,8.140596563447542733e-02,-2.936790914592409818e-01,-3.775343984103194384e-01,-4.882570736564623148e-01,-1.767769199478017306e-01,-2.748288053387707430e-01,-3.080952316371092792e-01,-3.039723288050933947e-01,-6.839913806190393020e-01,-7.537167760983017883e-01,-3.541461505641544383e-01,-7.857964986267315100e-01,-1.808003298400723824e-01,-5.444964891050861899e-01,-4.407896813499969091e-01,-8.551583080595981032e-03,-3.598433141574256533e-01,-4.571343189260303475e-01,1.029483889916952138e-01,-3.433077942468296673e-01,-4.578818536678621043e-01,-5.666887221532170837e-01,-5.896013304419535084e-01,-4.279535352559938888e-01,-3.056768987557504924e-01,-5.949380685245609923e-01,-2.325725328643820367e-01,-5.672586727428994280e-01,-2.663354152024676735e-01,8.479234558486358278e-03
6.506941787815953004e-01,5.604356370334644399e-01,7.818876168888583278e-01,4.347362606027099785e-01,1.000000000000000000e+00,4.600793867134724824e-01,8.814496070979922493e-01,5.820041362088365089e-01,3.268896585418661349e-01,7.237640321378635555e-01,7.484435376375796478e-01,3.834783255167159011e-01,8.144272580624183355e-01,1.295064664785111341e-01,8.352896199325422488e-01,7.035470577465691155e-02,7.686997007211151534e-01,2.156714601731465342e-01,-8.268144490021511750e-01,-2.604179396995648932e-01,-8.278142734026429084e-01,-5.101873576546005484e-01,-4.855970810058841125e-01,-8.201596477896336834e-01,-7.287545423321084570e-01,-4.210529080034633997e-01,-8.938604604177657897e-01,-5.714471813641771591e-01,-9.091837468774104369e-01,-7.493428716717711602e-01,-5.981355342489653726e-01,-7.307482967965718279e-01,-1.398430375843714435e-01,-3.446638771549071500e-01,3.596546937977525560e-01,2.950466066203459303e-01,-5.968627247151615522e-01,-4.459247982927322385e-01,-7.067014914217667476e-01,-4.323077693270913069e-02,4.178977418362020968e-01,5.041958295385353672e-01,9.956221328848822646e-03,7.063802158318477353e-01,1.410663614591241011e-01,6.354307208692604458e-01,1.523509373425898095e-01,4.059135179637997082e-01,5.954317044238821577e-01,4.819569449117795945e-01,-2.178999606817669799e-01,-4.844748256410477127e-01,-1.273657456207120675e-01,3.489303059367831472e-01,2.766909160901265263e-01,1.813108109226338194e-01,-8.978667364145830054e-02,-5.550358662409076160e-01,-5.789612010488100202e-02,-3.491089965798112593e-01,-1.538380106054000607e-01,-2.322554503952100821e-02,2.747547089336090376e-01,3.339275839307707661e-01,3.195905809634566053e-01,3.076997702930277592e-02,4.774673731243661012e-01,8.313926280435161853e-02,2.991576614962526137e-01,1.050430047695886798e-01,2.358545475914673381e-02,2.525056243633949649e-01,-1.210870806814977746e-01,-5.389714228622644043e-01,-2.279553989661569913e-01,1.562245598027875784e-02,1.773424962031926871e-02,2.710688955337869355e-01
1.333929978066930588e-01,6.991970260530170345e-01,4.724260910606805086e-01,8.417300599567827391e-01,4.600793867134724824e-01,1.000000000000000000e+00,5.039736376746630775e-01,7.735108467159629297e-01,5.982737447807094933e-01,3.737126617978511200e-01,6.364192432246096320e-02,-2.321814611640739268e-01,5.921892884015611536e-01,7.576150683720086487e-01,5.237330999138908316e-01,4.217962431397959122e-01,5.933821214704123603e-01,7.801186829493154118e-01,-2.128100771035309757e-01,-1.403237939108655796e-01,-1.854394535646290976e-01,-1.633094445858175869e-01,3.667384957339905882e-01,-5.393678789323833600e-01,3.431305591658810605e-02,-4.379423964336433550e-01,-4.497848029133089121e-01,-4.876131131161885457e-01,-4.857230197274691186e-01,-7.661112233540482430e-01,-3.476816669809186799e-01,-7.424400533406859681e-01,-5.960663690609890875e-01,1.409427952602273493e-01,-2.134551807247968280e-01,3.273237939009853159e-01,-4.548614662986250057e-01,2.818775857544197905e-01,-5.313306268191532178e-01,-7.158096394853339373e-01,-2.285045944175689570e-01,-2.913404830659010458e-01,-7.335261099516193761e-01,7.624092694572526079e-03,-5.433623761938704000e-01,-6.793652590458562623e-02,8.519601953377231585e-02,-3.915640219254518661e-01,1.183063574530944934e-01,-1.805136121049716880e-01,-3.340566013249867683e-01,-4.248450358331484211e-01,-1.080337586178112125e-01,-2.410335297002287047e-01,-1.417979417347393634e-01,-1.918105319993706204e-01,-5.770149061838124593e-01,-7.150828437175911212e-01,-2.758423813853105311e-01,-7.429504920931498946e-01,-1.816100210574910223e-01,-5.161128002901312906e-01,-3.985714942024800589e-01,2.282863539003560788e-02,-2.359245379199173820e-01,-2.779698283552126115e-01,2.532025859282565072e-01,-2.707729362057206268e-01,-4.324064272190723535e-01,-5.947677178804819942e-01,-6.085979583229933487e-01,-3.918284666278494810e-01,-2.409353118683232875e-01,-5.772237935457280589e-01,-2.422630289256381686e-01,-4.940711508868371737e-01,-2.556916590459627492e-01,-1.073067682967292769e-01
6.696093908597423594e-01,6.376441207309517800e-01,6.404665434382125211e-01,4.809300315141857296e-01,8.814496070979922493e-01,5.039736376746630775e-01,1.000000000000000000e+00,5.726549620906195015e-01,5.042309455288976894e-01,6.196641764993263690e-01,7.290917946704786878e-01,1.681818098860414501e-01,8.198176872673798021e-01,2.530922358076658218e-01,8.110370807389299941e-01,2.380160529643664535e-01,8.099265195387099769e-01,1.979267957190806171e-01,-8.381602505836005523e-01,-4.539858274384225845e-01,-7.105845157557805214e-01,-3.210233828393715405e-01,-4.064290560040829114e-01,-7.933763202327260844e-01,-6.880774280399116760e-01,-5.921947131804783382e-01,-8.400023936231811872e-01,-7.343559879126640988e-01,-8.252863193894528493e-01,-7.873591960136059331e-01,-4.150544286670749816e-01,-7.266175552946698701e-01,-6.429127226409948881e-02,-1.406207868481585688e-01,4.623193384240222858e-01,4.761519497647873633e-01,-4.872379967670514289e-01,-3.431574258521052911e-01,-7.182446249604569344e-01,-3.283756193354739339e-02,2.600978940675556794e-01,5.008730867673041320e-01,-1.042652140383272114e-01,5.434770402447708371e-01,1.816132165429269474e-01,6.483903568831496100e-01,3.170262634007390279e-01,3.567702449591553249e-01,5.956730151385125627e-01,3.882045854995529455e-01,-3.679400503621729768e-01,-6.237682277045760726e-01,-2.876890746392211096e-01,2.011621838141439689e-01,1.653429583080642251e-01,2.150481792308603091e-01,-1.567097405138634658e-01,-6.845127134394132229e-01,-1.601310263266155776e-01,-5.184250333798331445e-01,-3.023080317026016206e-01,-1.501532140507974844e-01,1.835393488535504436e-01,2.300964146687890233e-01,2.141568715018756508e-01,-1.227756352900382375e-01,2.697125602372568154e-01,-1.719458007723746462e-01,9.774379189207849095e-02,8.013048084298730889e-02,-8.568068320096795809e-02,1.424826767518865278e-01,-2.528032293219550919e-01,-5.434337041458545681e-01,-3.201858999892546187e-01,-1.233018240220706274e-01,3.395407747474507576e-02,1.137828396655265473e-01
2.140960374118897891e-01,6.449803302790588777e-01,7.286773754427470218e-01,7.008023121361258712e-01,5.820041362088365089e-01,7.735108467159629297e-01,5.726549620906195015e-01,1.000000000000000000e+00,5.189990339707931666e-01,7.102957318176742474e-01,1.815624074047293979e-01,1.349616582405715470e-01,6.802964064306218361e-01,6.658967323678701700e-01,5.820587834522125137e-01,8.584583836312852101e-02,5.552562777291452090e-01,7.095239783270649303e-01,-3.826126738948908423e-01,6.211443652943261090e-02,-4.909594462026563022e-01,-5.495061139300738695e-01,3.868419653532836205e-02,-7.349268072090437975e-01,-1.916145715524360249e-01,-2.301186671461410149e-01,-6.690294374242301556e-01,-4.100872278214697242e-01,-7.186812253680540108e-01,-6.986081243747684910e-01,-6.247723041635768748e-01,-7.742584993286117934e-01,-6.379578487404028442e-01,-2.251474092686404083e-01,-2.329517031446712017e-01,1.002116512628451889e-01,-7.595799790674755414e-01,-1.164716916117971984e-01,-5.999663310121867710e-01,-6.104052356119358258e-01,1.507044608354904114e-01,-1.526684551350131480e-01,-5.119673625911802528e-01,3.013207442716157036e-01,-4.988217384857600023e-01,6.755930778816109095e-02,-1.329265146864953562e-01,-1.482769184864945466e-01,3.914039342097909158e-01,1.155786079969812474e-01,-1.407132426402873393e-01,-2.299695950304801451e-01,1.539483229096438310e-01,1.090662752276493619e-01,1.512332627455252598e-01,-2.255701295911988896e-02,-3.437347724716925401e-01,-5.901153081697382285e-01,-5.193079432589993438e-02,-5.964193294729221995e-01,-2.827665949860216563e-02,-2.451439355004033371e-01,-1.684607202632573963e-01,2.511536972180957727e-01,9.735459478159838587e-02,-1.380715864475365318e-02,4.880728499806644693e-01,5.041077881191419197e-02,-5.455935280856023112e-02,-4.268616620874877143e-01,-4.029400602289903710e-01,-2.177059449470304664e-01,1.224741354064482271e-05,-3.563806351484003487e-01,-4.298745112369928290e-02,-2.881462192362836405e-01,-1.174704660571715131e-01,-3.316111370410717435e-02
2.797374500217847948e-01,5.309974939551411754e-01,1.752085331960919756e-01,6.045661668909757536e-01,3.268896585418661349e-01,5.982737447807094933e-01,5.042309455288976894e-01,5.189990339707931666e-01,1.000000000000000000e+00,1.415966041518398888e-01,2.295412378472074244e-01,-4.932352819774465935e-01,5.828817010325338943e-01,4.933587158141400919e-01,4.781972997473742382e-01,6.057351473639828177e-01,7.205191084689309688e-01,4.868448361262729396e-01,-3.975339641650553757e-01,-6.018024028977115858e-01,-1.259515964060634874e-01,2.115929693647716214e-01,2.364366014764344437e-01,-4.589144639128460157e-01,-1.102360661351136084e-01,-7.702526817569773643e-01,-3.568398156778352925e-01,-7.839240264450688667e-01,-3.604005637434348208e-01,-6.685009977399851699e-01,5.625783810043204908e-02,-4.168481007922519299e-01,1.203053617724316599e-02,3.423663501736297632e-01,2.961540324262574853e-01,7.144340835561486802e-01,-1.019865849113678058e-01,3.279292513060243497e-01,-6.270501752730803791e-01,-3.101696152205447032e-01,-4.105326446171019272e-01,7.417810838559159292e-02,-6.403581032550031971e-01,-4.103120572606626382e-02,-5.326089754644666024e-02,2.604214791323585243e-01,6.106713299134558515e-01,-8.527368259938339357e-02,2.819477791337973716e-01,-2.487849896261530580e-01,-7.355520809804978466e-01,-5.782877360621092588e-01,-4.034702066920401453e-01,-4.067130313476418624e-01,-3.704905316663861248e-01,3.510177646096013238e-02,-5.165126983506939107e-01,-7.849466802375851815e-01,-6.199242813535870145e-01,-8.278439187537928179e-01,-6.493667469149546623e-01,-6.535576824931699225e-01,-2.422107745783276533e-01,-1.726443692483567716e-01,-4.333095583951826479e-01,-5.951154020646826082e-01,-2.223410011155004251e-01,-5.742239282881023144e-01,-4.306109158426948968e-01,-1.830719844247443162e-01,-3.948360345100631608e-01,-2.302786018061835360e-01,-4.311078258047621459e-01,-4.564872966013235334e-01,-4.897663778368141485e-01,-4.107244888573107211e-01,-8.915397094832029634e-02,-5.318335402832882058e-02
3.710098731735499422e-01,3.980082714330164806e-01,7.707985821471007304e-01,2.881747828039384340e-01,7.237640321378635555e-01,3.737126617978511200e-01,6.196641764993263690e-01,7.102957318176742474e-01,1.415966041518398888e-01,1.000000000000000000e+00,5.012969822373926077e-01,6.158394121564719770e-01,6.549048267314503402e-01,1.917156240484725882e-01,6.178813146033840242e-01,-2.746496044156707672e-01,4.619810512645250444e-01,2.483058356929893351e-01,-6.546909397428272159e-01,6.573842721742681472e-02,-8.257494035549696187e-01,-7.900001985633051671e-01,-4.959323069256281191e-01,-8.133147803652812646e-01,-5.833426300832722511e-01,-2.510714637479848771e-02,-8.381451416029110923e-01,-2.704779455456877146e-01,-8.418513103409607234e-01,-5.104186231322441758e-01,-7.136808320641337966e-01,-6.057688960191908167e-01,-3.828159604127600035e-01,-4.919692313320057075e-01,2.531329404483552772e-02,-8.314273895082996413e-02,-8.255663944875639704e-01,-6.415310207508588825e-01,-6.061787291951213907e-01,-1.503516034495117337e-01,6.573256065512710355e-01,2.668528417008200759e-01,4.594800500186573683e-02,7.309727500392277921e-01,-1.222404475470094953e-01,4.002528285409553410e-01,-2.500789046044493147e-01,3.282682495238107290e-01,6.227232955566203154e-01,5.802615255938259331e-01,7.513836046217393927e-02,-1.195609247386774238e-01,2.000024003093504588e-01,5.272180233103208602e-01,4.742109867207094931e-01,3.143179476051201071e-01,3.556597471210926759e-02,-2.983226212576701175e-01,1.881232411762044920e-01,-1.978075581744981881e-01,7.660847248310061197e-02,2.224911501531894598e-01,3.234339393882497693e-01,5.212154583368229233e-01,5.953738035054377820e-01,3.213780696996815234e-01,6.427995738591743002e-01,3.890043828323397346e-01,4.093548506550877542e-01,2.817538177386789272e-02,-5.996768364363077447e-02,1.665910802642676380e-01,1.746867688155051557e-01,-1.724834830210243974e-01,1.007907052478003440e-01,7.898661975133536295e-02,4.356037728299099604e-02,1.346540550833855432e-01
7.982450104649878586e-01,2.244372242595458755e-01,4.398265086970637450e-01,-2.885132688041433524e-02,7.484435376375796478e-01,6.364192432246096320e-02,7.290917946704786878e-01,1.815624074047293979e-01,2.295412378472074244e-01,5.012969822373926077e-01,1.000000000000000000e+00,3.861495239879599861e-01,7.019624239945748689e-01,-2.968470864597012593e-01,7.448192396239792235e-01,1.202962226940672563e-01,6.484980269376776629e-01,-2.417073712657054063e-01,-8.729101457894412608e-01,-3.856868628960977152e-01,-7.279123713081476765e-01,-3.184393576609768628e-01,-7.437175983655409661e-01,-6.794073061592980078e-01,-9.165851940564784250e-01,-5.043207939521623384e-01,-7.298491098954945633e-01,-5.569015602479756577e-01,-7.015792558720177485e-01,-4.321014719267891047e-01,-3.542900946092703007e-01,-4.125584127832084280e-01,3.299562056748427952e-01,-3.597840349041833141e-01,6.383075422087415296e-01,2.943141636728988653e-01,-2.868418871894407585e-01,-5.450218129547140800e-01,-5.878697979661294815e-01,3.945911546428882977e-01,4.279030515963009318e-01,8.393849875299084218e-01,2.931168119024115670e-01,7.241802735790119350e-01,5.667814523798284654e-01,8.568768141873462918e-01,3.381962043509854077e-01,6.835871687528912721e-01,6.386606409131371231e-01,5.782464081611430329e-01,-2.874129868550261979e-01,-3.723486482516249474e-01,-2.125506874667562884e-01,3.299496844914174831e-01,2.777537129177696240e-01,4.822840344036359306e-01,2.848907791103478804e-01,-3.306507972366448667e-01,-1.002179921849979394e-01,-1.144259600578939051e-01,-3.835060082113260216e-01,1.555704231738231358e-01,5.426405108395784271e-01,1.866947311233709272e-01,3.613384621939622621e-01,1.435469970935720208e-01,2.723806169772047814e-01,4.640852867261252568e-02,4.713684765001147081e-01,4.972750898123142194e-01,2.749926627093703391e-01,4.876250990707124422e-01,-1.262551490126621323e-01,-2.400480089304000142e-01,-1.876677556523173307e-01,3.752359429900049559e-01,3.094338363655441682e-01,2.414451008796362763e-01
1.832189884742103370e-01,-1.324047869443204239e-01,5.318074325170230043e-01,-3.271042889135830078e-01,3.834783255167159011e-01,-2.321814611640739268e-01,1.681818098860414501e-01,1.349616582405715470e-01,-4.932352819774465935e-01,6.158394121564719770e-01,3.861495239879599861e-01,1.000000000000000000e+00,8.955525888510891541e-02,-4.085080861537802033e-01,1.570974933452908562e-01,-7.278561209488766393e-01,-1.243918012848691662e-01,-2.763284214047897480e-01,-3.437689808065375052e-01,4.646189011021928383e-01,-6.354906606065952035e-01,-8.136770895546886484e-01,-7.280449111734896839e-01,-3.111068043074259326e-01,-5.373050135228999435e-01,5.004319077766590240e-01,-4.537928101669598258e-01,3.272014301597510610e-01,-4.604841625852731379e-01,7.195327592084949098e-02,-6.374517587112228378e-01,-1.149190724962216442e-01,-1.231069520725733279e-01,-7.870239364050828357e-01,-8.187886630469466687e-02,-5.518273196196916697e-01,-5.683364182837656875e-01,-8.016991528183468052e-01,-4.394174975215819900e-02,2.210440032772379437e-01,8.528000490473094386e-01,3.549641811087870247e-01,6.434863493959342984e-01,7.079968622732235595e-01,1.097634969949600608e-01,2.713542092191608135e-01,-5.369862179121233092e-01,5.028669285783972098e-01,3.694306012944531536e-01,7.380430383576700448e-01,5.412799586325119927e-01,3.712313010481499975e-01,5.372156038104179965e-01,8.184245191864983893e-01,5.864484884183600588e-01,2.585419278580628477e-01,4.530646958520336831e-01,3.844212873944560238e-01,4.667592648177316117e-01,4.474925628162861324e-01,3.924725856272351932e-01,6.939100432986236022e-01,5.186619899501807573e-01,5.645582417255287089e-01,7.204786538904527360e-01,6.665598675902847381e-01,6.851571242866580924e-01,7.594338594751163241e-01,8.069529023610636509e-01,2.957432358684272677e-01,4.373713461954757409e-01,4.420599186164523298e-01,5.677401216329120981e-01,2.879811711982471212e-01,4.681824706002926662e-01,5.256230831059457431e-01,2.937495512195875680e-01,3.360776678383645133e-01
6.905841499395423133e-01,6.317679964073926735e-01,6.084331217715664986e-01,5.061741505000735275e-01,8.144272580624183355e-01,5.921892884015611536e-01,8.198176872673798021e-01,6.802964064306218361e-01,5.828817010325338943e-01,6.549048267314503402e-01,7.019624239945748689e-01,8.955525888510891541e-02,1.000000000000000000e+00,3.477990819144335388e-01,9.142881295383660234e-01,3.537281308617173936e-01,8.589368710783562566e-01,3.607222001184841598e-01,-7.844661597791404706e-01,-3.596606640062910976e-01,-6.713046828308840697e-01,-3.911966656020431921e-01,-3.031256954395682990e-01,-8.881617110396559100e-01,-6.119241878274469526e-01,-6.495212225515036852e-01,-8.349357408262526592e-01,-7.444168841261683545e-01,-8.447710689347247559e-01,-7.628019032577595393e-01,-5.040699624136074641e-01,-7.963855836619450068e-01,-1.833001791819425519e-01,-1.910221735264161502e-01,3.443819235683643898e-01,4.007121769874542605e-01,-5.535727354101919184e-01,-2.721648343322504715e-01,-8.385721487753629022e-01,-1.654772141337913782e-01,2.133970553686292959e-01,4.034704300504454721e-01,-2.812066345457536753e-01,5.566679802309668634e-01,2.882135267958828295e-02,5.579759005919477932e-01,2.571549206147206168e-01,2.463539697947561835e-01,6.403244019056664182e-01,2.936022775541709540e-01,-4.267711509590132457e-01,-5.341990157365861247e-01,-2.652263980628963846e-01,3.145130711286439618e-02,1.888243842353954649e-01,3.037794414592295822e-01,-1.089015705049483640e-01,-7.148166654928070907e-01,-1.250163899101138787e-01,-5.180747767946863869e-01,-3.491888368974664925e-01,-1.982971642226705744e-01,1.730414417848441799e-01,1.832750533795932668e-01,1.708451500676442525e-01,-1.994492780478639149e-02,3.611376232959887522e-01,-1.145361400681427083e-01,9.330349471485738233e-02,-6.805622372440135043e-03,-2.239686487998026332e-01,6.643351216965849571e-02,-2.725158245228307408e-01,-5.476592122124805950e-01,-2.908405260964533334e-01,-8.485658195956724548e-02,-4.996454688737433231e-02,3.791238147126447904e-03
-9.715098889169448970e-02,6.137175836487381853e-01,2.454145430471967593e-01,7.730605365638161253e-01,1.295064664785111341e-01,7.576150683720086487e-01,2.530922358076658218e-01,6.658967323678701700e-01,4.933587158141400919e-01,1.917156240484725882e-01,-2.968470864597012593e-01,-4.085080861537802033e-01,3.477990819144335388e-01,1.000000000000000000e+00,2.091492189243057964e-01,3.834165798073050913e-01,3.149357294172882571e-01,8.201001044368257942e-01,9.850819840476666978e-02,-5.880409881352187049e-03,8.802645374214193574e-02,-3.413099666237735808e-02,5.634251499856345324e-01,-2.711972974887270071e-01,3.558539794619917651e-01,-2.722866798314114711e-01,-1.623934213933324322e-01,-3.252403035427443578e-01,-2.025856633877402557e-01,-5.270129108092836967e-01,-1.660169088238304946e-01,-5.637744843254540728e-01,-6.928729318366788625e-01,2.848536252018590287e-01,-3.781356346292662485e-01,2.000003977266995581e-01,-3.316223091858753746e-01,4.071005202464635930e-01,-2.981927561204877897e-01,-7.813241958605354753e-01,-3.693561124136311991e-01,-5.783273940394925150e-01,-7.782457256116526167e-01,-2.726486089412405445e-01,-6.862321106918307656e-01,-3.496941522708677530e-01,-6.156567606222124872e-02,-6.227278836391000327e-01,-6.634344051360258065e-02,-4.172026118577763509e-01,-2.371475572334929283e-01,-2.979454449423440399e-01,-1.011092444894825249e-01,-3.717443368726627839e-01,-8.683829750958758920e-02,-3.341914115950345154e-01,-5.742944409886083790e-01,-5.713496243639525352e-01,-9.871915695665033075e-02,-6.514651687786855438e-01,3.268643745027906278e-02,-5.445757711026985026e-01,-5.797971480222863239e-01,-8.000133597377818984e-02,-2.618759032793862573e-01,-2.847776548146995768e-01,7.014749273777083627e-02,-3.122407483924198868e-01,-5.837234066432853696e-01,-6.638768088687813096e-01,-6.852877229038633056e-01,-5.774822327115940457e-01,-2.584857302124254907e-01,-4.602081853122937938e-01,-2.154307578314464122e-01,-6.982334468167166186e-01,-4.331833955967301364e-01,-3.181550369559364988e-01
7.622512701500907539e-01,6.566152677355494571e-01,6.216798205568417890e-01,4.669087143021681818e-01,8.352896199325422488e-01,5.237330999138908316e-01,8.110370807389299941e-01,5.820587834522125137e-01,4.781972997473742382e-01,6.178813146033840242e-01,7.448192396239792235e-01,1.570974933452908562e-01,9.142881295383660234e-01,2.091492189243057964e-01,1.000000000000000000e+00,3.427603579499889364e-01,8.684150314294090123e-01,3.290723307862705727e-01,-7.755496672058463936e-01,-3.634492159016320945e-01,-6.889844443000276986e-01,-3.854757415544085020e-01,-3.303475675980858117e-01,-8.479194353071350942e-01,-6.640808726678547602e-01,-6.161401261879848601e-01,-8.109452031190753640e-01,-7.415872870052918620e-01,-8.366572761790056489e-01,-7.762613260211022048e-01,-5.165143357218333620e-01,-8.028847534096213989e-01,-1.012869087163877080e-01,-2.109657679623685722e-01,4.130504592028245159e-01,4.046280716206950290e-01,-5.320695029137731957e-01,-3.078192497474933065e-01,-8.131809910037860467e-01,-7.546871832792884094e-02,2.470348624603019572e-01,4.832391920089697535e-01,-1.849049887123381808e-01,5.802739667416728642e-01,1.230672228087166947e-01,5.650760146756138580e-01,2.780713719323658628e-01,2.953974967039628696e-01,6.259134019773741064e-01,3.378503896981785437e-01,-4.050023754763295569e-01,-5.786264993852124894e-01,-2.876893002924917342e-01,8.556473300341835286e-02,1.532760145853793721e-01,2.182007952232652426e-01,-8.011090933247265455e-02,-6.361084461470860596e-01,-1.295326119193791203e-01,-4.740609331524264780e-01,-3.325432245710954748e-01,-1.520958683195770822e-01,2.284376435111029335e-01,2.040229208467854161e-01,1.875997469344119761e-01,-4.380457810213553987e-02,3.600391684775434697e-01,-1.088173550662281941e-01,1.702897276025363560e-01,1.014746924965249791e-01,-6.684521679675428651e-02,1.469987910754420035e-01,-3.178204673217878695e-01,-5.837711040536514018e-01,-3.377235219417685230e-01,-4.154906608791950062e-02,-7.442889805129276892e-02,1.557460115323114069e-01
2.383027519456111243e-01,3.910772343970665421e-01,-2.734899045916841520e-01,3.987803595664524692e-01,7.035470577465691155e-02,4.217962431397959122e-01,2.380160529643664535e-01,8.584583836312852101e-02,6.057351473639828177e-01,-2.746496044156707672e-01,1.202962226940672563e-01,-7.278561209488766393e-01,3.537281308617173936e-01,3.834165798073050913e-01,3.427603579499889364e-01,1.000000000000000000e+00,5.619458188957677791e-01,3.187078910824939770e-01,-1.269442424941740755e-01,-5.987168142684418104e-01,2.057496377739307103e-01,5.273512978322577593e-01,3.555440388866239476e-01,-1.639275980253101228e-01,4.725189153942690318e-02,-7.962436954259326516e-01,-3.497540609574566195e-02,-6.583314144100661514e-01,1.388296495653302924e-03,-4.488770395738204688e-01,3.720234048674561089e-01,-2.836677937330013832e-01,1.389759460250177825e-01,6.397987011123654755e-01,3.392159982471131263e-01,7.161380780147943437e-01,3.248595758895650998e-01,5.780700348343721373e-01,-4.039104350655973730e-01,-1.816019854106960818e-01,-6.623513566570111699e-01,7.851892486734363824e-03,-6.030923965487625660e-01,-3.226070482969466968e-01,6.838640241247545548e-02,1.315509335151645864e-01,6.521751220161319251e-01,-2.742174861796654595e-01,2.781804143722672179e-02,-4.419981177048546428e-01,-7.381249089232578831e-01,-6.151321360217651968e-01,-6.671379512897838149e-01,-6.947737555335836701e-01,-3.119202822794861496e-01,-9.571914829729777363e-02,-3.628472626854997718e-01,-6.035210261537559129e-01,-5.504640458713419005e-01,-5.954316169959201765e-01,-5.705722626963565247e-01,-7.241886438100539891e-01,-3.446691362691964300e-01,-4.690400260188597459e-01,-5.180516537928416820e-01,-5.220679544086369583e-01,-4.300991628277853196e-01,-7.411914585021958102e-01,-6.088819840067454248e-01,-3.972213990704425574e-02,-3.758664556118913036e-01,-3.270797507373946478e-01,-7.297627528138155295e-01,-5.613613758113216168e-01,-6.916552809399385549e-01,-4.525991402295572175e-01,-3.443731437295802222e-01,-3.492001520073977350e-01
6.237491616850076026e-01,6.773397709418140789e-01,4.781133151503169088e-01,5.831578493603907232e-01,7.686997007211151534e-01,5.933821214704123603e-01,8.099265195387099769e-01,5.552562777291452090e-01,7.205191084689309688e-01,4.619810512645250444e-01,6.484980269376776629e-01,-1.243918012848691662e-01,8.589368710783562566e-01,3.149357294172882571e-01,8.684150314294090123e-01,5.619458188957677791e-01,1.000000000000000000e+00,3.861142772699819870e-01,-7.701465251576211646e-01,-6.158225398327039635e-01,-5.490033364678051919e-01,-9.487715559200621263e-02,-1.411803605632973024e-01,-7.706554595369768945e-01,-5.314798638137957498e-01,-7.987462726085737819e-01,-7.205183634495484490e-01,-8.820178603394953631e-01,-7.162812146732648877e-01,-8.621210489754884687e-01,-2.469212893805298736e-01,-7.129169872361686977e-01,1.475258040310313719e-02,1.066407761883054889e-01,5.210662890147258475e-01,6.864910429459287755e-01,-3.092154821601138526e-01,-3.336751559235500569e-02,-8.321819285580929204e-01,-1.415876878801823613e-01,-4.087810135931477934e-02,4.127707884795080995e-01,-3.638100869700464091e-01,3.960516687196393160e-01,1.488844049588007590e-01,5.652900357885622951e-01,5.517999925342736978e-01,1.851746855454088070e-01,5.208540317650759421e-01,1.186251274922736354e-01,-6.309545040835462526e-01,-7.478448478380147479e-01,-4.927906868997753986e-01,-1.177953300431923839e-01,-5.666064017744659731e-02,1.638587916573504000e-01,-3.305308803663409845e-01,-8.140966198213639426e-01,-4.204264039342373027e-01,-6.833873147174823748e-01,-5.135983588432291302e-01,-4.384738567588590819e-01,3.269302218329720594e-02,1.345448708464406368e-02,-3.922438768695591521e-02,-3.557873800832439537e-01,6.427156842147097038e-02,-3.991601073904862407e-01,-1.087484652693126580e-01,7.436675284746373238e-02,-1.749304050372132713e-01,1.856856494821054054e-02,-5.292847638114073217e-01,-6.711124893676504444e-01,-5.485544428653047477e-01,-2.513282683515446481e-01,-1.784668844379205255e-01,6.694493637760783045e-02
-3.345215677914463188e-03,6.470878598717654251e-01,3.949243272489275647e-01,7.944490059562997475e-01,2.156714601731465342e-01,7.801186829493154118e-01,1.979267957190806171e-01,7.095239783270649303e-01,4.868448361262729396e-01,2.483058356929893351e-01,-2.417073712657054063e-01,-2.763284214047897480e-01,3.607222001184841598e-01,8.201001044368257942e-01,3.290723307862705727e-01,3.187078910824939770e-01,3.861142772699819870e-01,1.000000000000000000e+00,1.073426082555488520e-01,1.064441396084453290e-01,1.644068535089947963e-02,-1.650875269692367586e-01,5.652053886491060775e-01,-3.393887948842103652e-01,2.909005499388096494e-01,-2.206285431370023364e-01,-2.203585465388964992e-01,-2.995069099950850577e-01,-2.982449661142722586e-01,-5.732967369766776011e-01,-3.410841783254529025e-01,-6.191151664839852353e-01,-7.045669447334659274e-01,1.107862637943108214e-01,-4.021769620265532308e-01,1.635507479079886251e-01,-4.358020117327898180e-01,3.906488832401767142e-01,-3.681779943820238099e-01,-8.311928436343227755e-01,-3.183145540895878645e-01,-5.399024533551188831e-01,-7.579123656519130003e-01,-1.582994172961129098e-01,-7.196415694086983894e-01,-3.768768420494310045e-01,-9.353978624878166170e-02,-5.943470738188378899e-01,-4.865183941792205341e-02,-4.060044113408324273e-01,-2.479463481749119846e-01,-2.261224178097436810e-01,2.451222206373339374e-02,-2.836522261137756074e-01,-1.751721774055922387e-01,-4.235185004771611639e-01,-5.529874043780045323e-01,-5.018482681271505541e-01,-1.526074906363170391e-01,-6.450983918186631305e-01,4.840015754605370840e-03,-5.238275258528662937e-01,-5.275832490506321415e-01,1.816799386780284728e-02,-3.127086924631961584e-01,-2.922254334416073962e-01,1.956337176181320581e-01,-1.900033408851934946e-01,-4.087231178446478763e-01,-6.165877117976078514e-01,-5.431994166739206875e-01,-5.196198620415072300e-01,-1.852925745624125764e-01,-4.629443133789796772e-01,-1.724445562864152237e-01,-5.856240601943685231e-01,-4.179122751076305708e-01,-6.875405053321161086e-02
-6.808217641605029957e-01,-3.732038889423046069e-01,-5.288373543075003402e-01,-1.576412253058923629e-01,-8.268144490021511750e-01,-2.128100771035309757e-01,-8.381602505836005523e-01,-3.826126738948908423e-01,-3.975339641650553757e-01,-6.546909397428272159e-01,-8.729101457894412608e-01,-3.437689808065375052e-01,-7.844661597791404706e-01,9.850819840476666978e-02,-7.755496672058463936e-01,-1.269442424941740755e-01,-7.701465251576211646e-01,1.073426082555488520e-01,1.000000000000000000e+00,5.017342517172224126e-01,8.174617853197615469e-01,3.650325502178821679e-01,6.581783457881080768e-01,7.789702805523247564e-01,8.442201929482923140e-01,5.290034146608921795e-01,8.401098649836122867e-01,6.537780910616350916e-01,8.035689135692060114e-01,6.081768346465287189e-01,3.634097660798879526e-01,5.138341113308597663e-01,-2.164026694602342871e-01,2.437520277967658855e-01,-6.374221304371117114e-01,-4.079275084706416865e-01,4.036042297931353717e-01,5.426467898715254812e-01,7.302067010992367990e-01,-2.695091836757529946e-01,-4.490231314249147898e-01,-7.544246975460515703e-01,-1.545618514131630317e-01,-7.191079431132892941e-01,-4.541605746039896752e-01,-8.368060440751835527e-01,-3.632084306511127458e-01,-6.452797973834948353e-01,-7.602230024974584444e-01,-5.983788425914496889e-01,3.299628971561802682e-01,5.030523848061936310e-01,2.832533722957362721e-01,-3.074715242051433983e-01,-2.588346159935707158e-01,-4.802873063281448696e-01,-6.702595597491270429e-02,4.946864913215657245e-01,1.648800991247977299e-01,2.828641023056392978e-01,3.862001928490076952e-01,-5.682531460384312311e-02,-4.677580131086599424e-01,-2.773163091354863274e-01,-3.832016292023226467e-01,-2.984272384155693333e-02,-2.608048212579390790e-01,2.564359681062281654e-02,-3.287375476238426075e-01,-3.798933743731142121e-01,-1.295610327820741758e-01,-3.980512228827407517e-01,1.799542355420231110e-01,3.528073400335500764e-01,2.755176798221818379e-01,-1.565697175904983418e-01,-1.321559591770550546e-01,-1.684139709723260769e-01
-3.012112041793940653e-01,-2.599473253119669036e-01,1.578103920084256429e-01,-1.949511297180837044e-01,-2.604179396995648932e-01,-1.403237939108655796e-01,-4.539858274384225845e-01,6.211443652943261090e-02,-6.018024028977115858e-01,6.573842721742681472e-02,-3.856868628960977152e-01,4.646189011021928383e-01,-3.596606640062910976e-01,-5.880409881352187049e-03,-3.634492159016320945e-01,-5.987168142684418104e-01,-6.158225398327039635e-01,1.064441396084453290e-01,5.017342517172224126e-01,1.000000000000000000e+00,1.359202112012488362e-01,-5.141143158349089637e-01,1.156353246860539197e-02,2.212770223823269378e-01,2.739826842811100560e-01,7.433735996455437256e-01,1.987316950487900413e-01,7.338621764950614690e-01,1.288668725814627602e-01,4.533707008298199503e-01,-4.402737556763371973e-01,8.641871153239037706e-02,-5.391062667787788198e-01,-5.584891641405065332e-01,-7.596838428737440196e-01,-8.415781385764156131e-01,-3.077307838921954364e-01,-1.517497507408790136e-01,4.701162087446261184e-01,-2.748421301092852653e-01,2.873379937661976191e-01,-4.558008018533220573e-01,1.603818336457811244e-01,-3.344128508329760607e-02,-5.030659016762926150e-01,-5.399471565427274022e-01,-7.899004445163267940e-01,-2.366400330656704687e-01,-2.663119912325647154e-01,5.422689985584699252e-02,7.004130429076427244e-01,7.374315674373632667e-01,7.357425849507539528e-01,3.184840727065293975e-01,3.252653888694345685e-01,-1.635598893960077682e-01,3.328264217615136689e-01,5.591965807053300708e-01,5.920336866568784995e-01,4.673904296206957132e-01,6.766282771857212719e-01,4.372554709307133747e-01,-6.870620752459932756e-02,2.169605898913411490e-01,2.311243503681991995e-01,6.391544858024472697e-01,5.520125436686283971e-01,6.957081268686835518e-01,3.572753282353732796e-01,-3.089617496606033020e-01,1.096317260928663245e-01,-1.143822826626725436e-01,5.816598107987757116e-01,4.607468445620511166e-01,6.544999921982291857e-01,2.630322021719102010e-01,1.026396866374170574e-01,7.250691420611788535e-03
