1.000000000000000000e+00,3.853085263346113787e-01,2.425798787237001541e-01,3.257725991376342334e-01,1.480474283091750276e-01,-3.826537899097688933e-01,-1.565642521316346070e-01,-2.669567140732720945e-01,-1.697823344834281933e-01,-3.472749123341138666e-02,1.163875615927026236e-01,-4.632433433343748075e-03,3.824527766712249033e-02,1.070060211899461072e-01,1.218376218451410475e-01,6.223014432402271950e-02,-1.646276346988775063e-01,-4.950944079914880447e-02,-2.810564466213764587e-02,1.688717024454177915e-02,4.823563299897459800e-02,-1.583280933074348584e-01,-2.679198601783717160e-01,-2.316781114505458705e-01,-7.949226339090027793e-02,-2.737273364438600476e-01,-1.263947658730958136e-02,-1.677127364459394809e-01,9.862769488814693286e-02,1.151759928317121207e-02,3.072801668198011358e-04,1.336992636040574278e-01,-6.953396637735020924e-02,-7.369247150604868457e-02,-8.837391015862926247e-02,9.184873215801302171e-02,8.097451175625856867e-02,1.170467197227887529e-01,3.922897099623062246e-03,2.338240898645698937e-02,-7.817777770185740938e-02,-6.676952397090539504e-02,7.639182240782992073e-02,1.285943085440935107e-01,3.518056038427004872e-01,2.742294615597360985e-01,1.906468140591367211e-01,2.950731832040727198e-01,-1.353880836015109168e-01,-1.359186628116441087e-01,-7.928296926594938232e-02,-2.702040659573965442e-01,-5.357650901619416539e-02,-1.542238484657637576e-01,-7.768676360490068752e-03,7.993520038482232470e-02,1.896916227971325586e-01,-6.682761601224490589e-02,3.376696438286288376e-02,1.704073332286593356e-01,1.620553311949376463e-01,1.097166045797281775e-01,1.119052213245977229e-01,9.762189219546768895e-03,-5.553996912563429617e-02,5.196796292982898413e-03
3.853085263346113787e-01,1.000000000000000000e+00,2.565229547938145394e-01,1.791018782214216509e-01,4.333006446228956365e-01,-6.892961397372167343e-02,-1.848453745513516794e-02,-2.773142255573930459e-01,7.486885121161794554e-02,2.042593428551338006e-02,-1.092777359127753700e-01,-6.094940247299208275e-02,3.542197651169234213e-02,9.779655980832566153e-02,4.071557129653671087e-02,2.184790219528895058e-02,-8.970698637515632512e-02,-7.064086315244526293e-02,5.618191297709222536e-03,-8.749944172926449326e-02,-1.883808708938804546e-02,-1.916466953110006199e-02,-2.085865254109120492e-01,-3.319438129889440425e-01,-1.525559234820846322e-01,-3.382645745827411732e-01,-7.474782649308836513e-02,-1.905230174894745609e-01,8.953850910288550791e-02,-1.214913447497669857e-01,-1.670960559343111496e-01,1.911366263072488691e-01,6.617227713044179782e-02,-4.872740116466053872e-02,8.735531056168757691e-02,1.237778210373955828e-01,1.714074877417415266e-01,8.368859935749299594e-02,4.828039672457031667e-02,-7.652827353869937066e-02,-8.235709638232174834e-02,-8.059364412386151337e-04,2.993870067745723479e-02,1.805313988385900915e-03,1.237633469229665328e-01,3.200214788887164458e-02,1.977794625801715042e-02,5.246592202564783619e-02,-1.005189837561240723e-01,-1.669691364650765786e-01,-2.269387812436123308e-01,-3.779326331761546642e-01,-2.021749115197689628e-01,-2.246607787456390837e-01,-9.685675647409146272e-02,-1.635883591550887084e-01,8.809855968912266855e-02,2.259031205808879547e-02,8.498173831042550586e-02,8.246116647762058438e-02,2.676934653790681296e-01,2.963790354272458627e-01,3.131759685306854668e-01,1.829817546249740134e-01,-1.791191086784506281e-02,5.541687521763575923e-03
2.425798787237001541e-01,2.565229547938145394e-01,1.000000000000000000e+00,3.132915709548597660e-01,1.410322727846845536e-01,-2.532741594060718970e-01,1.068067385845055117e-01,-2.274315321466568451e-01,-1.284688476648694899e-01,1.651167441237197664e-01,1.363251494609329373e-01,1.027511359367139498e-01,1.930688247643840838e-01,1.289082623220685342e-01,1.400908296596773198e-02,1.697592430002826114e-01,1.186083102430404712e-02,-3.411072799023636554e-02,6.042521427690837610e-02,-1.265162757517107606e-01,-3.721109824880463463e-02,1.326443052880439122e-01,-1.720117878937710010e-01,-1.697545200610953986e-01,-1.545358893235577735e-01,-3.223740068303164175e-01,-2.159630351001559090e-01,-6.838998871128125490e-02,1.762021283039628683e-01,-2.342346148317762944e-01,-3.739300815846133275e-02,7.727765743787282093e-02,1.361219621013544726e-02,-1.103849893568828733e-01,-4.357070251392238837e-03,-1.771355963579273078e-03,1.167927784284359186e-02,-1.084807825630495909e-01,1.368760918811275096e-01,-4.181116782312976204e-02,-2.774339685678497425e-01,-9.959289502713948236e-03,6.562748395760921449e-02,1.605077145473453870e-01,1.659279058410840779e-01,9.493047177561390881e-02,5.825924341972090609e-02,1.412070701204987677e-01,-2.199219894293490130e-02,1.353030919033811064e-01,-2.244925029100363623e-01,-1.662368385252435410e-01,-1.762263890004477640e-01,-2.469755792404645101e-01,-1.390462486435020684e-01,-1.138348138973239859e-01,-1.053998355094080269e-01,-2.446395665418791554e-01,7.354610544117570758e-02,2.321642125148777949e-02,2.266361170187040364e-01,3.446504510804329069e-01,1.569716851443256345e-01,1.602107013396466551e-01,-1.275281533105630805e-01,2.831444163383452922e-02
3.257725991376342334e-01,1.791018782214216509e-01,3.132915709548597660e-01,1.000000000000000000e+00,6.862106408577296757e-02,-4.820141558031188489e-01,2.402104267579361074e-01,-3.299065579837128226e-01,-2.189840521282712671e-01,2.657842586852915412e-01,5.156413300571797975e-02,7.934005423147420799e-02,1.091355485500708350e-01,-2.975409730425885788e-02,1.825946597920413139e-01,-6.824106023880741057e-02,-7.227108620558986285e-02,1.684922559561351507e-01,2.558067587619388197e-02,5.676468298511425786e-02,5.797939811990620446e-02,3.885111411219414109e-03,-1.184078716945734938e-01,-5.751919558608134531e-02,-6.948304955550696493e-02,-1.244891794621253295e-01,-8.780078036431253341e-02,3.989456629755962214e-02,2.235941003634703550e-01,-3.711810403933994001e-02,5.953649127930112084e-02,3.496711206373513681e-02,-1.442972631648250792e-01,-2.314993243226727004e-01,-1.018378018764231896e-01,-1.095268032067935327e-01,4.645206354250738107e-02,1.288750579354947835e-02,-1.030583431018873425e-01,-1.780722423144950051e-01,-1.516760617941961264e-01,-1.882026892560519915e-01,-7.404730444391496857e-02,5.910557217580478945e-02,1.386002497671751654e-01,1.612939545803587504e-01,1.516795522432699272e-01,6.851257537391916563e-02,-1.602473414392010242e-01,-3.108627953946978273e-02,-9.815894575644158737e-02,-2.169243507188329811e-01,-5.605386156541992265e-02,-2.017464772579170562e-01,-1.632300375532470538e-01,3.693912296051068272e-02,1.071309121988886642e-01,-2.297451760784998132e-01,-1.267720079950264700e-01,-1.026709056651724239e-01,2.228036697556440293e-02,4.130631959664280567e-02,1.807419528358489118e-03,1.467827524513527215e-01,8.140494780704615740e-02,1.447599568345013243e-01
1.480474283091750276e-01,4.333006446228956365e-01,1.410322727846845536e-01,6.862106408577296757e-02,1.000000000000000000e+00,1.672198008213265094e-03,-1.468947242819746979e-01,-3.984729769127225429e-01,2.013594923639787093e-01,-3.444481644111570956e-02,-1.573631330647247140e-01,-1.773777562023673982e-01,1.041598507765567963e-02,7.673706185396410306e-02,4.574343882958519653e-02,4.793081150813871538e-02,5.886609652464110803e-02,-1.070076167803758922e-02,-1.275347703465581559e-02,-1.332155554950262555e-01,5.888647881687711664e-04,3.403606068752536296e-02,-1.340376515603464991e-01,-2.979028725388465082e-01,-1.371525686409065803e-01,-1.392324930559888096e-01,-1.018932149180902524e-01,-2.638684812753784859e-01,6.227646613742911230e-02,-2.226931004686810711e-02,-1.170376099225767935e-01,1.935712454926684090e-01,1.441177595404848355e-01,1.346114199060352568e-01,1.515691199184983351e-01,9.291440555632385356e-02,3.151139526392510853e-02,1.595514702529758910e-01,4.601525283532936772e-02,-5.912347076826797443e-02,-9.883917105389000701e-02,2.921279536041545503e-03,-2.873598298118512293e-02,1.348265096122724070e-02,9.160751029268379697e-02,-9.091629804505450829e-02,-2.544226670185264702e-02,6.021646752334239294e-02,1.039895083406121475e-02,-1.526561008162131972e-01,-1.786718747361140114e-01,-3.706050517005803346e-01,-6.015638009414099596e-02,6.311906680905224505e-03,-1.871090293621678960e-02,-7.016032534806000698e-02,1.629212501331961105e-01,3.040183341388352431e-02,1.031929315121425245e-01,-8.041399003955979063e-03,1.851235792225190968e-01,1.254732068010244450e-01,2.115041328996428438e-01,2.315027579574797378e-01,2.526456099810205080e-02,1.584448193550841433e-01
-3.826537899097688933e-01,-6.892961397372167343e-02,-2.532741594060718970e-01,-4.820141558031188489e-01,1.672198008213265094e-03,1.000000000000000000e+00,3.991241406549476678e-01,5.189559855151585355e-01,6.656239615248987773e-01,2.755006960865601373e-01,-8.554059508201414253e-02,1.040072399399477078e-02,-1.738121258367726352e-01,9.698247111410861210e-02,5.704000209823213707e-02,-1.063834688765469966e-01,-1.832620906861176791e-01,5.669258866797003554e-02,-6.864680689436632177e-02,2.310785895769161546e-02,-1.283261111204457572e-01,3.202477780558215525e-01,3.700025671945423311e-01,5.782976430890304775e-02,-2.968848601651829511e-01,1.446145602931246110e-01,-2.242887963771374726e-01,-1.582007108932393102e-01,-3.795745732134804262e-01,-2.107997156318061061e-01,-1.925360478289693256e-01,-2.433854758262630202e-01,1.042856500349463450e-01,-1.023391882283121862e-01,1.251859634678077369e-03,-2.612040354157058042e-01,-9.605454291873581629e-02,3.179609080896925871e-02,-2.347396791669450755e-01,-1.608811309981350579e-01,2.913924319158265330e-01,-3.707234441565396971e-02,-2.377786282150624042e-01,-3.263734756631371248e-01,-3.776794909549656132e-01,-2.032795470620910316e-01,-1.059112261074107858e-01,-3.658288127850498062e-01,-4.924881047231435827e-02,-1.009106050358280077e-01,7.029463376566687238e-02,-2.612804731897132304e-02,-1.707325979004706840e-01,-7.067314702147461936e-02,-7.703987176860241370e-02,-2.083968020000239729e-01,-1.401352169162798367e-01,-4.212001412744038886e-02,-8.341175089752733696e-02,-2.645498771072583022e-01,-2.397419193897971368e-01,-6.794217054627424424e-02,-1.010412973376215995e-01,5.156326492817094737e-02,6.869338140310882190e-02,1.847091415090509892e-01
-1.565642521316346070e-01,-1.848453745513516794e-02,1.068067385845055117e-01,2.402104267579361074e-01,-1.468947242819746979e-01,3.991241406549476678e-01,1.000000000000000000e+00,2.845771325522252204e-01,4.060171951771178733e-01,5.428930881767798367e-01,7.152497947083488739e-02,1.861530142295171053e-01,-2.582235609620931252e-02,1.277415401941867090e-01,2.388246080240347957e-01,-9.432410486680649353e-02,-2.761877213995425073e-01,1.967254642971282552e-01,-8.280159548987090640e-03,9.085485896074459167e-02,-9.859591304004303169e-02,3.119658530129129637e-01,3.073741335892488102e-01,9.062341948002165803e-02,-3.151120548549617428e-01,2.632712104253671567e-02,-3.130196011868555672e-01,-5.487001467700772239e-02,-2.059306313511777564e-01,-2.292894011832511403e-01,-8.625522712724430219e-02,-2.257747095719601360e-01,-3.674790887469902515e-03,-3.168244892651780331e-01,-7.485942054687856617e-02,-4.069843348102784586e-01,-4.371654013333333560e-02,-2.582095747929102209e-02,-3.332612501043461517e-01,-3.701319434166239208e-01,1.574676209198623278e-01,-1.899364024416068109e-01,-3.316930042382050248e-01,-2.778068128419912131e-01,-2.933301936045902281e-01,-2.003111589829683140e-02,2.986570616004463261e-02,-3.452050389894074645e-01,-2.232038755763566251e-01,-1.158541620820027485e-01,3.701900185628621137e-02,-1.324801522779873175e-01,-1.869308269321953431e-01,-2.811803805730198613e-01,-2.449244778263657552e-01,-2.359118459577112525e-01,-1.786654072312174324e-01,-3.694553360909914597e-01,-2.779503087200378419e-01,-4.078260386510903501e-01,-2.674898885157351858e-01,-1.067879921281038313e-01,-2.277807784492080490e-01,1.419610235696111000e-01,1.441477101028479091e-01,3.088324503537391297e-01
-2.669567140732720945e-01,-2.773142255573930459e-01,-2.274315321466568451e-01,-3.299065579837128226e-01,-3.984729769127225429e-01,5.189559855151585355e-01,2.845771325522252204e-01,1.000000000000000000e+00,3.907312585606840805e-01,1.841050944931146571e-01,1.440850463675125148e-02,1.428581897493269581e-01,-1.318222752225060301e-01,7.404691839701188494e-02,1.785484391279392249e-02,-8.320138774714122554e-02,-1.869120367821161255e-01,3.104142014778977707e-02,-4.996795335437824448e-02,3.586542234406678298e-02,-1.161320912595357330e-01,2.739162846674593199e-01,4.288531454379930219e-01,2.680379695153742303e-01,-1.241229479166035682e-01,2.105327691729119155e-01,-1.527562715600248866e-01,6.991031209918553702e-02,-4.083158939736915571e-01,-1.627829498090950511e-01,-4.966077404080590507e-02,-3.044183196530366176e-01,-1.899862822209219104e-03,-1.420053231469713129e-01,-1.123050312024841679e-01,-2.844956929170581739e-01,-1.529273118021198530e-01,-9.020068991689429716e-02,-2.707829335502548451e-01,-7.125456185460143921e-02,3.087585541016750201e-01,-2.326406990170356431e-02,-1.738144992254030963e-01,-2.084767230593380927e-01,-3.386892797167456171e-01,-8.656667476504412151e-02,-1.407022836424329792e-01,-3.237366994591968639e-01,-5.682829675089656057e-02,-6.413101127452899841e-02,1.445402967148723683e-01,1.926599385915522822e-01,-8.980420455691905113e-02,-8.320967940654323824e-02,-5.659452818717300437e-02,-1.654878259235155746e-01,-2.893815444836433937e-01,9.861501028064457389e-04,-1.132890631993896807e-01,-1.444448740462588587e-01,-2.568440889793205950e-01,-1.405966958932280408e-01,-2.048864964085993223e-01,-6.509370971404852824e-03,4.271501130655446996e-03,1.219645308487199986e-01
-1.697823344834281933e-01,7.486885121161794554e-02,-1.284688476648694899e-01,-2.189840521282712671e-01,2.013594923639787093e-01,6.656239615248987773e-01,4.060171951771178733e-01,3.907312585606840805e-01,1.000000000000000000e+00,3.135044188778300378e-01,-1.178918877282824212e-01,2.678225491648968115e-02,-1.232046119340141355e-01,2.151484468600556588e-01,2.009375101791869844e-01,-2.185753880964856968e-02,-2.738586914433925323e-01,8.792765270475524919e-02,-8.894789555236026768e-02,-6.034524870411123870e-02,-1.621736591791448356e-01,3.427538706957166115e-01,2.997733053858815389e-01,-7.504313181878520533e-02,-3.782057011284274406e-01,2.265887732121857345e-02,-3.495714459382741612e-01,-3.261292828527295184e-01,-4.279559126345103826e-01,-2.395578622492353926e-01,-2.267198065707274890e-01,-1.668782172129555930e-01,1.373677324394446675e-01,-1.272513142633244776e-01,3.332468138141693459e-02,-2.381573861613899834e-01,-9.114198018492020159e-02,1.022731720982910097e-01,-2.817382989800996107e-01,-2.737671447498932209e-01,2.807174486145435077e-01,-4.870696593466711244e-02,-3.614806922861783511e-01,-2.643856958484168129e-01,-3.214988649107297647e-01,-1.553664844705307246e-01,-1.026364851865343847e-01,-3.297168959538082644e-01,-1.291343811134778863e-01,-2.199882591461521653e-01,4.023349186119717230e-02,-1.988717207820803468e-01,-2.000954628699399551e-01,-1.822712577814532831e-01,-1.381324083793295521e-01,-2.725210167460846433e-01,-1.169210899576272056e-01,-1.438433793444041653e-01,-7.531706088087462836e-02,-3.245014329214600535e-01,-2.183024217323645821e-01,-5.828601181386921376e-02,-1.061351960346909040e-01,2.050777497293236051e-01,1.312919739108719397e-01,3.133012112022801055e-01
-3.472749123341138666e-02,2.042593428551338006e-02,1.651167441237197664e-01,2.657842586852915412e-01,-3.444481644111570956e-02,2.755006960865601373e-01,5.428930881767798367e-01,1.841050944931146571e-01,3.135044188778300378e-01,1.000000000000000000e+00,1.467995920175818314e-01,3.938730563467144896e-01,-5.264215752056275455e-02,2.044704630900751052e-01,3.590608491472822017e-01,-8.565215876719325938e-02,-2.981463402257482076e-01,2.818155207305269583e-01,9.247404070092427042e-02,1.400134442133716128e-01,-2.009864108152474849e-01,2.055791124694206495e-01,2.826453297915023088e-01,1.616723468981921125e-02,-3.136170692183511965e-01,2.707783173028985996e-02,-2.795541462632259444e-01,-1.494791422123286362e-01,-2.073343708483379455e-01,-3.207758066893411919e-01,-2.802526240533286250e-01,-3.103006381237557454e-01,-1.294313383511518645e-01,-5.324258399807378916e-01,-2.485847047077408556e-01,-4.533622728466932261e-01,3.899087000091187166e-02,-1.915302616361360538e-02,-3.953287743037812163e-01,-3.781409474885811806e-01,1.661657601525507455e-01,-2.696259549010025514e-01,-3.335103409564451060e-01,-2.897977642881902072e-01,-2.131815839809654278e-01,1.091288563221041175e-01,1.613208861846899267e-01,-3.356221643728262150e-01,-3.776868936060998050e-01,-1.392863527871563423e-01,-1.166264932463564608e-01,-2.111031108253826616e-01,-2.246347740984482033e-01,-3.914832718662066835e-01,-3.216267726817877426e-01,-1.154611226835125376e-01,1.190013956240730704e-02,-3.536551536158061282e-01,-2.212572490464666253e-01,-2.497677475436722860e-01,-2.064180774470651958e-01,-2.538561530632025415e-02,-1.404066429049058706e-01,1.495134131424887824e-01,1.066710993189841222e-01,3.301158879725006323e-01
1.163875615927026236e-01,-1.092777359127753700e-01,1.363251494609329373e-01,5.156413300571797975e-02,-1.573631330647247140e-01,-8.554059508201414253e-02,7.152497947083488739e-02,1.440850463675125148e-02,-1.178918877282824212e-01,1.467995920175818314e-01,1.000000000000000000e+00,4.282627022580120513e-01,4.135510662817453720e-01,5.351277136750505203e-01,3.270851216989990595e-01,4.725948447477418268e-01,-1.701128539361063119e-01,-5.561924046848731179e-02,3.669132092121440425e-01,2.338309613102339812e-01,-3.616056963117217360e-01,-3.083624658352102643e-01,1.566807367710097709e-01,4.645378214759433855e-02,4.393665467838200195e-02,1.696042339813150501e-01,5.227974540417860971e-02,-1.221158196108365346e-01,-1.137722991937685640e-01,-2.030558862079251681e-01,-7.150469011070359482e-02,-1.637926800503089475e-01,-3.318130291948190314e-01,-2.592203212675402990e-01,-2.746749007991595715e-01,-2.519266288481291638e-01,-2.152614951697547629e-01,-6.405100682218724251e-02,-1.759609443465105227e-01,5.158948960320883237e-02,9.267345253855495402e-02,-4.800050280249378715e-02,-1.364298766513340477e-01,3.807648510875680931e-02,2.193657799229604410e-01,2.261611751939695547e-01,4.917360409756258988e-01,7.958294956586484808e-03,-1.415513032562386864e-01,4.009038930361095709e-01,2.585697976695514599e-01,2.107945402321773354e-01,3.838313629988843734e-01,5.480391671248700108e-02,1.882251217238671559e-01,3.289006730970212011e-01,-9.767556270120862638e-02,-4.744467558437743815e-01,-1.807123450166966960e-01,-6.416205101390207166e-02,-2.125122228496731935e-01,-1.175335835047379984e-01,-3.289900595581331522e-01,-1.951057945138064964e-01,-2.396595177301105717e-01,1.247260711290985313e-01
-4.632433433343748075e-03,-6.094940247299208275e-02,1.027511359367139498e-01,7.934005423147420799e-02,-1.773777562023673982e-01,1.040072399399477078e-02,1.861530142295171053e-01,1.428581897493269581e-01,2.678225491648968115e-02,3.938730563467144896e-01,4.282627022580120513e-01,1.000000000000000000e+00,2.991720350038605258e-01,2.620301421228682925e-01,4.201845936613535781e-01,8.162753686113936868e-02,-1.728592686934940503e-01,3.711308264894719322e-01,5.732376287058698061e-01,4.975407891586264841e-01,-2.020898718864636845e-01,-3.543518414522673909e-01,2.686150726947481027e-01,1.937149964934772595e-01,1.921876814318919102e-01,3.043833985855434188e-01,2.077854333494231487e-01,7.446323116625550020e-02,-8.555289906538082745e-02,-7.900936033641881018e-02,-2.038061986101376288e-01,-9.613469820736256222e-02,-1.723697945779475299e-02,-3.109089943699159253e-01,5.033890746387990542e-03,-3.869351520709899406e-01,-6.874627453251037912e-02,-2.994922311567039808e-01,-2.517732617504686021e-01,-1.672468723619295605e-01,4.833505600856373430e-02,-2.681928061285395737e-01,-1.538158155606178523e-01,-2.282838736218322506e-01,-2.025507572573459480e-01,-4.913558408142379430e-02,2.108207748903609124e-01,-3.546544237309917635e-01,-1.814950492009305971e-01,1.213144167163590914e-01,3.410467184655525952e-02,1.423444470763028658e-01,7.478176612532466683e-02,-1.411436090024661416e-01,-1.736604638065058492e-01,2.756115855246155100e-02,-1.058381437664574348e-01,-2.290067099361634551e-01,-3.708419602173391172e-01,-1.094614671509628601e-01,-3.172673789096726593e-01,-1.301462835233191950e-01,-2.056744730157352707e-01,-1.514455519195944400e-01,-8.681156531052418301e-02,1.336005005791209288e-01
3.824527766712249033e-02,3.542197651169234213e-02,1.930688247643840838e-01,1.091355485500708350e-01,1.041598507765567963e-02,-1.738121258367726352e-01,-2.582235609620931252e-02,-1.318222752225060301e-01,-1.232046119340141355e-01,-5.264215752056275455e-02,4.135510662817453720e-01,2.991720350038605258e-01,1.000000000000000000e+00,3.486383158295380258e-01,2.671511860337217326e-01,4.275227074401727334e-01,1.250651708588672306e-01,1.514484926087544536e-01,5.266077171776044619e-01,1.796235602819991617e-01,-1.918140929141030349e-01,-2.714340590333590431e-01,1.426043940576935676e-01,7.047885376797910495e-02,1.700428831908578353e-01,1.304169750005098605e-01,1.410183386440869713e-01,5.837086244165223814e-02,1.280591971972433185e-01,3.131048694233547897e-02,9.736559065804641089e-02,9.733415980103338194e-02,-7.039428059027114278e-03,6.417557581567096513e-04,1.651765241058990585e-01,-1.429604215458647742e-01,-2.772846034263827253e-01,-2.590517333884448936e-01,9.008173379560384386e-03,-1.863322348392395167e-03,-2.082785060633522978e-01,-1.144639063179487409e-01,-9.413886488154860066e-03,1.099053452655062990e-01,1.148532455111515721e-01,-1.451621689571567786e-01,2.116840604960746886e-01,3.490415518217486468e-02,2.167040507412803796e-01,3.992406914588420008e-01,1.141125033549090922e-01,9.650134114694204623e-02,1.882345897418559733e-01,9.280866631571310643e-02,-1.656029937140473043e-02,4.801284014887586410e-02,-9.094759127050658365e-02,-2.431137330251398332e-01,-2.605928131166612705e-01,-1.051273463544056819e-01,-1.130276392220115889e-01,-9.712553453902218747e-02,-1.522778162121230794e-01,-1.111708176853963698e-01,-1.953177068294043861e-01,-3.042713677363171471e-03
1.070060211899461072e-01,9.779655980832566153e-02,1.289082623220685342e-01,-2.975409730425885788e-02,7.673706185396410306e-02,9.698247111410861210e-02,1.277415401941867090e-01,7.404691839701188494e-02,2.151484468600556588e-01,2.044704630900751052e-01,5.351277136750505203e-01,2.620301421228682925e-01,3.486383158295380258e-01,1.000000000000000000e+00,3.827316999534751685e-01,6.271556370090685117e-01,-3.526317108473976947e-01,-1.753774061775835724e-01,3.049615108296676036e-01,-1.291951252285352889e-02,-5.491801350754673683e-01,-1.931258864499035277e-01,7.222352566511396066e-02,-3.037651783427430807e-01,-2.734963441716413146e-01,-1.143516459574364513e-01,-1.747257819204948159e-01,-4.237662994498661018e-01,-3.405767712934751335e-01,-2.946100778833113942e-01,-2.184271513982315172e-01,-1.367131260207443688e-01,-1.328028358052769642e-01,-1.566353010968073722e-01,-1.080995318804654909e-01,-2.526548936963900482e-01,-2.764012139214388486e-01,-9.498103191338115592e-02,-2.787243346512219833e-01,-8.037805130898000028e-02,1.658460191625155955e-01,-1.085479334412709496e-01,-1.965676904668597624e-01,-1.093858597988090903e-01,2.048144012654635471e-01,1.484790772539344994e-01,3.546035721378235639e-01,5.632221983195382503e-02,-8.791078365187283972e-02,2.218399363025012894e-01,-4.005621556232878341e-03,-4.049424915781057316e-02,1.356820583306601880e-01,-1.403935160558701378e-01,9.581809902241159027e-02,2.019083477452552899e-01,-4.209412458963540660e-02,-4.431871002041817831e-01,-8.232645186904791190e-02,4.701351011627017545e-02,-7.404776351658509670e-02,5.483715604766289942e-02,-2.099011568474205280e-01,-4.950146459441986946e-03,-1.886012931722689800e-01,2.157155990134501933e-01
1.218376218451410475e-01,4.071557129653671087e-02,1.400908296596773198e-02,1.825946597920413139e-01,4.574343882958519653e-02,5.704000209823213707e-02,2.388246080240347957e-01,1.785484391279392249e-02,2.009375101791869844e-01,3.590608491472822017e-01,3.270851216989990595e-01,4.201845936613535781e-01,2.671511860337217326e-01,3.827316999534751685e-01,1.000000000000000000e+00,9.091675907550855751e-02,-3.802410990589593642e-01,3.365178763728314815e-01,3.138882973478619443e-01,3.674315663396352516e-01,-1.689434459714816705e-01,-1.275121037197573803e-01,2.770224908055922142e-01,1.045894989910603340e-01,-7.397320286502243047e-02,1.527439922671924022e-01,-5.128071870962728346e-02,-1.109503805902135459e-01,-8.668387981208763859e-02,-7.494529083310803343e-03,1.688605601350193219e-02,-2.915467245481463687e-02,-8.020859850696801172e-03,-2.595871843056382633e-01,3.293263210947594295e-03,-4.115403768678257967e-01,-1.895097754803254098e-01,-1.218536816728890138e-01,-3.688357022094986837e-01,-3.724215030932714887e-01,2.905380908987319558e-02,-3.263721444406152972e-01,-3.637497285256920398e-01,-2.552784876413127790e-01,-1.209405478700087688e-01,-5.363276811593255256e-02,2.115598605474145744e-01,-2.362531760711790163e-01,-1.410258424286694456e-01,-2.866744122830237190e-02,9.109586687335992361e-02,-1.161348382803828183e-01,3.766771666539772689e-02,-9.644941719654498424e-02,-1.239043649601714175e-01,6.353785786547461178e-02,6.862688379560112628e-02,-3.617530061623553950e-01,-3.699070289687000357e-01,-2.226441366600531713e-01,-2.678683280119616428e-01,-2.611834308745157873e-01,-2.303527991549289278e-01,3.577325218344374821e-03,1.299310111172364834e-01,2.925068868343795314e-01
6.223014432402271950e-02,2.184790219528895058e-02,1.697592430002826114e-01,-6.824106023880741057e-02,4.793081150813871538e-02,-1.063834688765469966e-01,-9.432410486680649353e-02,-8.320138774714122554e-02,-2.185753880964856968e-02,-8.565215876719325938e-02,4.725948447477418268e-01,8.162753686113936868e-02,4.275227074401727334e-01,6.271556370090685117e-01,9.091675907550855751e-02,1.000000000000000000e+00,-1.068913726213399293e-02,-3.858993192297857089e-01,3.109573462833798430e-01,-1.401023846522419236e-01,-5.022707419843732701e-01,-2.421961399630312706e-01,-3.496545274186854679e-02,-2.360424428638567829e-01,-6.218787863443962782e-02,-1.241604449072121891e-01,-6.287309770750632021e-02,-2.037326868701794524e-01,-1.982504382455045344e-01,-2.314008455257134667e-01,-8.483148419454530909e-02,-7.465673197916158910e-02,-1.738098316488867479e-01,-1.608763082690954985e-02,-4.655548129915502986e-02,-4.336969066821728946e-02,-2.844820746631078201e-01,-1.204697452717999606e-01,-5.339813578266834615e-02,1.607349893995169143e-01,3.959054609380516926e-02,3.351666612063474229e-03,-1.176777709906070765e-02,1.385543698677164370e-01,3.161718964653159603e-01,9.612620217133006906e-02,3.545521065756427892e-01,2.125650226211805438e-01,1.084955728772032668e-01,4.625457500327216365e-01,8.198649717335013132e-02,1.270017456663035671e-01,3.292387831348792537e-01,6.168229539109832543e-02,2.798324000950689894e-01,2.918594120906022327e-01,-1.256665183856353063e-01,-3.598079633141881284e-01,6.164815395841602430e-02,1.163643074342032707e-01,9.718973191676408274e-02,6.945457620113797137e-02,-1.471615312481299176e-01,-1.048409807646712155e-01,-2.961746741151359275e-01,1.733678038443609709e-02
-1.646276346988775063e-01,-8.970698637515632512e-02,1.186083102430404712e-02,-7.227108620558986285e-02,5.886609652464110803e-02,-1.832620906861176791e-01,-2.761877213995425073e-01,-1.869120367821161255e-01,-2.738586914433925323e-01,-2.981463402257482076e-01,-1.701128539361063119e-01,-1.728592686934940503e-01,1.250651708588672306e-01,-3.526317108473976947e-01,-3.802410990589593642e-01,-1.068913726213399293e-02,1.000000000000000000e+00,5.427172746524728392e-02,2.073637419007407223e-01,-3.379169110419390915e-02,2.288467344768054523e-01,-1.243828558554283120e-01,-9.459626100522913750e-02,1.188950495166887500e-01,3.280316474266759541e-01,1.241427431043090751e-01,3.599852077350449986e-01,3.379380864942969631e-01,3.611227254782472529e-01,2.812721614833353367e-01,2.259314780910151310e-01,1.992431959267220165e-01,1.307319916562489914e-01,2.707491978317884684e-01,2.162295669094771444e-01,2.007921340784230291e-01,-4.923915180403728303e-02,-7.316732054726068912e-02,3.228037760746903517e-01,2.988369209827169137e-01,-2.322683856050003770e-01,1.095487952652072633e-01,3.389860356114309248e-01,2.977266766071957615e-01,8.345564813291338202e-02,-2.375583454821573459e-01,-7.196003301429641785e-02,1.480105967910877451e-01,3.251271375430068722e-01,2.247597550209898543e-01,9.251760938646741428e-02,1.436518089009335142e-01,7.926551183864664896e-02,3.021051853105150009e-01,2.336898031312936025e-02,-8.202605803094688286e-02,-1.559513404731917123e-02,3.060889674033291374e-01,4.573003706440331717e-02,4.753037219421581486e-03,7.657822614365093761e-02,-1.536918710391150904e-02,5.160636224664497118e-02,-1.900035095355217252e-01,-1.453394973455578443e-01,-3.279864525056973013e-01
-4.950944079914880447e-02,-7.064086315244526293e-02,-3.411072799023636554e-02,1.684922559561351507e-01,-1.070076167803758922e-02,5.669258866797003554e-02,1.967254642971282552e-01,3.104142014778977707e-02,8.792765270475524919e-02,2.818155207305269583e-01,-5.561924046848731179e-02,3.711308264894719322e-01,1.514484926087544536e-01,-1.753774061775835724e-01,3.365178763728314815e-01,-3.858993192297857089e-01,5.427172746524728392e-02,1.000000000000000000e+00,3.872249792089943465e-01,4.893478454661870369e-01,2.890008707722406256e-01,-5.571877844884989828e-02,2.659155394713592635e-01,3.565661006599911143e-01,1.342794449323360395e-01,3.703606269867576462e-01,1.738258981477247556e-01,2.340115882636095990e-01,2.016083842898082346e-01,2.659717752404928137e-01,1.333794058355710355e-01,1.175437874781336822e-01,2.165416312976114477e-01,-1.023727678226189902e-01,1.591991389239408305e-01,-3.503849769547937032e-01,-1.308317339753316266e-01,-1.719969879204824303e-01,-1.618846314051786417e-01,-2.925300106778960796e-01,-1.281996760182763651e-01,-2.866808680579388535e-01,-1.448699833084742261e-01,-2.367367983112493579e-01,-3.854767240666390760e-01,-3.411682045816785691e-01,-8.379607654220211366e-02,-3.565743094842417915e-01,4.455192971093906856e-02,-1.858845139143155967e-01,5.139389169252751854e-02,-9.316626111530137977e-02,-2.099498081259077720e-01,-5.739102953171751342e-02,-4.116050356493873297e-01,-2.304267791112565300e-01,8.013837264348491751e-02,5.959751172928320212e-02,-3.972275917772803977e-01,-2.739294616160781182e-01,-3.021329785856476380e-01,-2.607428466397915257e-01,-1.471725957035281140e-01,-9.676210606997408259e-02,1.723984978039380112e-01,1.279414448296217477e-01
-2.810564466213764587e-02,5.618191297709222536e-03,6.042521427690837610e-02,2.558067587619388197e-02,-1.275347703465581559e-02,-6.864680689436632177e-02,-8.280159548987090640e-03,-4.996795335437824448e-02,-8.894789555236026768e-02,9.247404070092427042e-02,3.669132092121440425e-01,5.732376287058698061e-01,5.266077171776044619e-01,3.049615108296676036e-01,3.138882973478619443e-01,3.109573462833798430e-01,2.073637419007407223e-01,3.872249792089943465e-01,1.000000000000000000e+00,5.774531345979264652e-01,-2.399769320954727170e-01,-6.426888773140798650e-01,1.822207634193815373e-01,1.180675505008032117e-01,3.254840540372017088e-01,3.263111123744220077e-01,4.816080721653840935e-01,2.288193218674544893e-01,1.901533650408810117e-01,1.692433404368030025e-01,6.290329610868573493e-03,1.464235570400140019e-01,1.278538503815392635e-01,-3.582853903541694668e-02,2.551101660269750604e-01,-2.903017533696626296e-01,-2.480282011573941015e-01,-3.018351564333079384e-01,-1.582688289137412496e-01,-1.541248162015456356e-02,-6.042714080596461174e-02,-2.970955467444108544e-01,-7.844970633177521246e-02,-1.000951041758902094e-01,-1.175061152987598306e-01,-2.854678484453761489e-01,2.868032708654281171e-01,-2.487764838438143722e-01,1.310158898014336104e-01,3.490881071811426373e-01,1.099672038030294063e-01,1.686259093672775045e-01,1.863206170446568555e-01,7.749870996954628943e-02,-1.318812618434346828e-01,3.555459149398488422e-02,-6.501793080136429592e-02,-1.313000697293928987e-01,-3.837366518314596076e-01,-7.844985507789031809e-02,-2.064181501117617890e-01,-1.326488095425794600e-01,-2.195411179271692936e-01,-3.522130913008022501e-01,-2.392940633404932183e-01,-3.621487033420558999e-02
1.688717024454177915e-02,-8.749944172926449326e-02,-1.265162757517107606e-01,5.676468298511425786e-02,-1.332155554950262555e-01,2.310785895769161546e-02,9.085485896074459167e-02,3.586542234406678298e-02,-6.034524870411123870e-02,1.400134442133716128e-01,2.338309613102339812e-01,4.975407891586264841e-01,1.796235602819991617e-01,-1.291951252285352889e-02,3.674315663396352516e-01,-1.401023846522419236e-01,-3.379169110419390915e-02,4.893478454661870369e-01,5.774531345979264652e-01,1.000000000000000000e+00,6.642079007295252635e-02,-5.299116194125612633e-01,4.078346448586072648e-01,4.869875889937254065e-01,3.397458237551287397e-01,5.731024073638695260e-01,4.389914197969294052e-01,3.231007641540128428e-01,1.219553332054125055e-01,2.267612728207817341e-01,5.991999014246202765e-02,6.264222758865403695e-02,9.588715850207198133e-02,-1.187263521693055490e-01,1.216039343321863170e-01,-3.916432169668006003e-01,-1.101359646242025120e-01,-1.725789656307877562e-01,-3.032485923375539127e-01,-1.740979187479659573e-01,4.314897253127156912e-02,-3.803896931078041277e-01,-2.581306842356779208e-01,-3.278185590204277244e-01,-3.712558794206894941e-01,-2.896504638374033380e-01,2.069126750988168895e-01,-4.923386365128196718e-01,-2.180174864662882267e-02,1.098792730416347369e-01,2.680933469894785093e-01,1.559095801893453093e-01,1.819697423393142055e-01,1.172803987793357844e-01,-1.759758116147015217e-01,-1.418245435758503509e-02,-2.425715950052735256e-02,-9.109368182232706335e-02,-5.031034400893831249e-01,-2.860207244245062674e-01,-3.809193714021462673e-01,-3.854530789786869693e-01,-2.451082061476529128e-01,-3.009639876841282424e-01,7.063998497996470949e-02,8.108068188586739500e-02
4.823563299897459800e-02,-1.883808708938804546e-02,-3.721109824880463463e-02,5.797939811990620446e-02,5.888647881687711664e-04,-1.283261111204457572e-01,-9.859591304004303169e-02,-1.161320912595357330e-01,-1.621736591791448356e-01,-2.009864108152474849e-01,-3.616056963117217360e-01,-2.020898718864636845e-01,-1.918140929141030349e-01,-5.491801350754673683e-01,-1.689434459714816705e-01,-5.022707419843732701e-01,2.288467344768054523e-01,2.890008707722406256e-01,-2.399769320954727170e-01,6.642079007295252635e-02,1.000000000000000000e+00,9.032776362550599958e-02,-2.251554852671736329e-01,1.774358867972191944e-01,3.293018631180901767e-01,-1.646050568765430183e-02,2.781187311227246162e-01,3.946121636616815032e-01,5.037638752504441930e-01,4.940274192309399570e-01,3.928081626437188723e-01,5.022627146938160037e-01,3.860132357607147791e-01,4.035534145448368415e-01,3.734235013877299503e-01,2.976697950736538756e-01,1.821498278069981769e-01,4.759400655393897922e-02,4.197927875407774789e-01,-7.112039223883469263e-02,-3.368914437013602048e-01,1.748548773411538471e-01,2.294125562374511040e-01,1.553141924480327951e-01,-6.125945772119020805e-02,-3.021230989952436996e-01,-4.254716658094598869e-01,6.614771525951419762e-02,2.476153106488341582e-01,-1.955164756220169608e-01,2.009232427506249807e-01,-1.699292037443651815e-02,-7.962137890706783017e-02,2.037244845655379888e-01,-1.246991238283698816e-01,-3.487167260433585714e-01,-1.111182914160636220e-02,2.871847794862331660e-01,-5.762079709250300663e-02,-1.019956515323192786e-01,3.632924714005771050e-02,-6.034459740455323101e-02,1.961939601927755739e-01,-6.562410397018093866e-02,1.842791852245115602e-01,-2.270525909476756032e-01
-1.583280933074348584e-01,-1.916466953110006199e-02,1.326443052880439122e-01,3.885111411219414109e-03,3.403606068752536296e-02,3.202477780558215525e-01,3.119658530129129637e-01,2.739162846674593199e-01,3.427538706957166115e-01,2.055791124694206495e-01,-3.083624658352102643e-01,-3.543518414522673909e-01,-2.714340590333590431e-01,-1.931258864499035277e-01,-1.275121037197573803e-01,-2.421961399630312706e-01,-1.243828558554283120e-01,-5.571877844884989828e-02,-6.426888773140798650e-01,-5.299116194125612633e-01,9.032776362550599958e-02,1.000000000000000000e+00,2.146802882427262249e-01,6.085133339410639386e-02,-4.441320922423074302e-01,-1.881444924720352407e-01,-6.200868484791882684e-01,-1.218051660294805633e-01,-2.178058160876714666e-01,-2.592775116815487224e-01,1.139457370846686801e-01,-2.303301051775440145e-01,-4.077527446094100783e-02,-7.953981881694434375e-02,-1.522343836371471415e-01,1.365960673516083274e-02,2.588354085535861729e-02,1.600010572100201700e-01,3.573659148538068514e-02,-1.877386676141481192e-01,4.861211510196273081e-03,1.272966307030708732e-01,-1.143082301320127864e-01,4.388672014180970693e-02,-1.557629388977211371e-01,1.972870536267071206e-02,-3.151293656530259057e-01,-3.807539662271259423e-02,-6.095080824440533146e-02,-2.231736172493053727e-01,-1.100012068669921766e-01,-1.962525284849368779e-01,-3.629763541105358038e-01,-2.046834146654496756e-01,-1.245115259178374567e-01,-2.863428350805904965e-01,-1.095032124220835790e-01,4.576504644328351426e-03,1.546465541949370581e-01,-2.048526151660010897e-01,4.007760482162630450e-02,8.762777610361018044e-02,1.305311771675844446e-01,3.161512918007483020e-01,1.696695077165560339e-01,1.429742612762126552e-01
-2.679198601783717160e-01,-2.085865254109120492e-01,-1.720117878937710010e-01,-1.184078716945734938e-01,-1.340376515603464991e-01,3.700025671945423311e-01,3.073741335892488102e-01,4.288531454379930219e-01,2.997733053858815389e-01,2.826453297915023088e-01,1.566807367710097709e-01,2.686150726947481027e-01,1.426043940576935676e-01,7.222352566511396066e-02,2.770224908055922142e-01,-3.496545274186854679e-02,-9.459626100522913750e-02,2.659155394713592635e-01,1.822207634193815373e-01,4.078346448586072648e-01,-2.251554852671736329e-01,2.146802882427262249e-01,1.000000000000000000e+00,6.520053505536060889e-01,3.239053094152576084e-02,6.132246484231166361e-01,-5.255719245675095214e-02,1.926164575179115934e-01,-3.163237768928259808e-01,-1.074687479961436293e-01,2.791926014974389220e-02,-3.919160720402453113e-01,-7.358601989565730084e-02,-2.928872109549499059e-01,-1.463584927503948641e-01,-5.163024871582240216e-01,-2.065840759896498957e-01,-6.976279825898790143e-02,-4.575602269751272710e-01,-2.218178359391530796e-01,2.565482732406253463e-01,-3.352570002436152663e-01,-3.800889248835085388e-01,-2.580853448420921681e-01,-4.866055777578134345e-01,-2.458836970276381539e-01,9.530240325975403159e-02,-5.881583586414697029e-01,-9.245738950610911389e-02,8.783695704699516493e-02,2.648929936519806572e-01,1.018294521381426093e-01,5.772593075780594468e-02,1.963461761390654717e-02,-1.748698093010639110e-01,-1.683607480577013205e-01,-1.138239641019697518e-01,-1.485042844628201020e-01,-4.706360714219148811e-01,-3.979542031950508152e-01,-4.302947298940960619e-01,-3.579427937322562370e-01,-2.313170290515922378e-01,-1.075551327891719339e-01,7.665313164433201765e-02,2.161236133589971575e-01
