1.000000000000000000e+00,3.702894773457112709e-01,2.943494444282924172e-01,2.405635403712501896e-01,2.418863221999558444e-01,2.738008167978742136e-01,2.576322509860031751e-01,1.414863779782659092e-01,1.585760007296983243e-01,-4.459153617447104978e-02,-1.164119411701852874e-01,-1.100199773110389634e-01,-1.041461614221148718e-01,-2.326184573590367455e-02,-1.115679275635390322e-01,5.174504098438059002e-02,-3.156939050832914540e-02,-2.480558541872141670e-02,3.316431699536006444e-02,4.801129131136083750e-02,-6.262420912515498372e-02,-1.364201093261922515e-01,-4.055384792484312967e-02,-2.663056771507790396e-02,-6.622789773753877396e-02,-1.331253516032395064e-02,-3.993196030976284977e-02,-3.759580548334937738e-02,-5.848921739490733386e-03,-1.555174925499522125e-02,5.005628625235477441e-02,6.717893722817699746e-03,-1.702301972105383851e-03,2.946102458453565484e-02,4.322359592734576622e-02,3.175990113687959110e-02,2.009073249056284038e-02,5.504993459526005828e-02,-2.852824520084010565e-02,4.371605501330804583e-02,5.247881058346771238e-02,7.086776634629646243e-02,-8.312135856411287382e-03,8.551947482610468276e-02,8.253799417286619353e-03,1.082195639586711403e-02,-5.929873892906197333e-03,4.470282079794695926e-03,-9.549002418509498769e-03,4.641685754084266813e-02,4.040604271710156875e-02,7.900925149956236626e-02,-9.044860304246879479e-03,1.947860514117531056e-02,1.105560571117852539e-02,-3.279648942736632794e-02,-4.064649862519378876e-02,-1.427241553958500699e-02,-3.061703569829649779e-02,4.448044711918647254e-02,-2.759695078603053089e-02,2.100528442006095037e-02,9.598842518517463132e-03,3.644735685801796504e-03,1.063532032125594773e-01,5.522617886102885315e-02,3.363155199949817604e-03,-3.686037855235837959e-03,-7.502836174949268321e-03,2.012154792072655754e-02,-4.776199242721042987e-02,4.204389185671592033e-02,-8.472922343416156021e-02,-1.337290066275747535e-01,-6.592399180447996998e-02,-1.764298046164295558e-02,-1.751862820129685555e-02,-1.861178363357711765e-02,-2.871708726581608667e-02,-1.844087552110992151e-02,-3.622677990216098542e-02,-1.175545924115652292e-02,-2.816323655891893318e-02,-7.249564392690647369e-03,1.704109444314113458e-02,1.331100499991001197e-02,-1.997508097472523031e-02,-2.424544346311947266e-03,-7.608888477097691672e-02,-2.143375102625062062e-02,-1.640067698760552112e-02,4.376391799700203589e-02,9.161332684486942282e-03,5.719351048396507410e-03,2.398693540837549404e-02,6.282324060372554420e-02,-1.320572104826904340e-02,-1.808822287851262478e-02,3.737092188908948398e-02,2.269104361288431029e-02,-3.369959843323637981e-03,2.923599056664189302e-02,3.532047673915424124e-02,5.002583445314681514e-03,5.507357551237399094e-04,-7.721150798730205649e-03,3.360794920027003474e-02,-2.650915613510376398e-02,1.024154397062619756e-03,-5.560587467180608257e-02,-2.880712881109658008e-02,-4.895366622733159090e-02,2.353749649244287617e-02,-1.293571701743524531e-02,-4.914797239268142715e-02,-4.826644954829414219e-02,1.066840230879944826e-02,-5.531802640230307905e-02,-3.653082690829059787e-02,9.137296439623038974e-03,1.075266059506165550e-01,3.687376305955778616e-02,-6.637837137494620454e-02,8.436045918466240912e-02,5.930607266419268137e-02,2.660792287544559015e-02,1.223693977644565861e-01,-8.509484733199425971e-03,3.025312948142989261e-02,-5.673797057293750168e-02,-4.297760937220507227e-03,-9.463594268410896460e-03,-7.138587953472971814e-02,5.015526559852165681e-03,-5.365305178048580120e-02,-5.903365209787887757e-02,-5.950082969258864429e-02,-1.252458687723466239e-02,-4.966425476817219048e-02
3.702894773457112709e-01,1.000000000000000000e+00,4.777372945916569802e-01,5.251608664314805219e-01,1.906381613602834424e-01,3.177039873366115375e-01,1.856456227444775176e-01,1.685595995287693660e-01,1.826053780646005043e-01,7.747107644882790523e-02,2.980608097344573850e-03,-1.414797211282338985e-01,-2.513206589555523895e-01,-7.741397706973222881e-02,-1.562878901891626149e-01,-1.369873451899224770e-01,-1.939765192364091839e-01,-1.328357282447690246e-01,-7.166411565950775745e-04,2.082093779350465204e-02,-1.213396070583234038e-01,-1.056846422243578054e-01,-1.846459305760406178e-01,-1.174945271472889047e-01,-1.586618128362607405e-01,-6.492118993225944046e-02,-8.144672412541663353e-02,-3.615121431431388144e-02,-2.215981835679406084e-02,6.144582567373738265e-03,-7.242337778794777532e-03,-3.781118183847985426e-02,-1.049573892480861331e-01,2.311032526239299376e-02,1.278438556714858731e-01,1.710937379787970669e-01,1.405241401391490730e-01,1.951026841731283157e-01,1.117245787434083676e-01,2.074968842959095117e-01,1.431367209133224405e-01,1.501149348813978490e-01,1.077435786171544868e-01,7.378450742613307245e-02,4.111354018306074762e-03,1.075978713981981354e-02,-2.071302399396002941e-02,-6.918133976826336407e-02,1.989953503122876294e-03,1.194989136096733830e-02,-1.121626106539479195e-02,3.638793000958088358e-02,2.474458573730675681e-02,1.128929077047662044e-01,9.200574306527886659e-02,1.236943228262766571e-02,4.887845128838178010e-02,-8.697208671149781259e-03,5.459253301799740082e-02,8.354710295923666041e-02,3.843522142248666923e-02,8.129792366104186818e-02,3.153337391948111100e-03,6.791003209527719797e-02,3.579582396140322531e-02,5.405867598672228075e-03,-2.026345316312522932e-02,-8.256174145610499504e-02,-1.019287985606426444e-01,-5.166395897324113640e-02,-9.699625190358458771e-02,-5.653592123022488369e-02,-1.020734005600378858e-01,-1.321641835972573731e-01,-5.973677468252845506e-03,-3.595581083126685173e-02,2.304194869002239299e-02,-1.139593345283183984e-01,-1.009206419354845841e-01,-8.156343620223754920e-02,1.590059228277020337e-03,-7.027278837652509158e-02,-4.063226600988355947e-02,-2.405288338300435452e-02,-1.605855860336725949e-02,5.070697657500750077e-02,-8.159567746520243747e-02,7.377059856306966701e-02,-2.250098841683211698e-02,2.839446227763835207e-02,7.876584497117761208e-02,7.189915695109377891e-02,7.813527271814305064e-02,1.094398300902360571e-04,5.506453700721619660e-02,5.073969635234567861e-04,-7.973550277647576193e-03,1.216032361488612185e-02,2.397867042849188834e-02,-1.250239321073713487e-02,-5.525545139799169399e-03,-4.142923416353078842e-02,-1.102296227614981729e-02,1.905256911419168225e-02,-3.373163281622046372e-02,-1.954541664736711079e-02,2.124583101810941649e-02,-1.100162612593350540e-02,-1.876590874144070872e-02,-2.152984183774510341e-02,-1.795123858307265050e-02,3.478909953593475185e-02,3.419167425223477302e-02,2.670300486985043714e-02,-2.255092942441887932e-02,9.115526635715330561e-02,1.086751736958179310e-01,1.946033970022165160e-02,6.340316615789090560e-02,-6.054631084991361073e-02,1.633102803115363613e-02,1.413460350663290066e-01,-6.723884311155033100e-02,1.030389682080880137e-01,-1.209040051499225138e-01,-3.037099071196660768e-02,1.854264348145559169e-02,-1.444331952741784719e-01,9.747959148832831267e-02,-1.641955392915191506e-02,1.814975308138793153e-01,9.084156600871026721e-02,2.488749576059403907e-03,6.934199709588576011e-02,-3.584265443911403837e-03,-4.986396534656475921e-02,1.985162874270721828e-02,-3.244646315816091930e-03,-4.179302335803454505e-02
2.943494444282924172e-01,4.777372945916569802e-01,1.000000000000000000e+00,4.385367857785861800e-01,1.829632877332155183e-01,3.771578006801608041e-01,9.916492815796820737e-02,2.282042787679824103e-01,1.152692501740306824e-01,1.234611881683609913e-01,1.463018461273410675e-01,-2.019868434068681495e-01,-2.822609196643851570e-01,-2.518200303674488216e-01,-1.447010113789415631e-01,-1.825888257363490752e-01,-1.905992164143839318e-01,-3.317429015349959015e-02,-1.806484396497489431e-01,-1.248295740129022197e-01,-1.380356321683132437e-01,-1.442139523399134649e-01,-1.179799258277114266e-01,-1.560102837360866634e-01,-1.083967115811629994e-01,-1.563517986604610055e-01,-7.944089055809366862e-02,8.286912292652940520e-03,2.883778314369238316e-02,8.561868753324024250e-02,1.422064027392691277e-01,1.820008239673224365e-02,-3.405336695879165876e-02,1.739743294759670336e-02,3.328728719701914279e-02,4.703995036394471169e-02,-7.122002303379620924e-02,7.184176388633288501e-02,-2.726469578044870418e-02,6.573475300489226014e-02,1.075775400530346870e-01,9.542129233648576070e-02,5.769052253795600715e-02,2.798632366615217554e-02,-4.106070948951475591e-02,4.939951187805582435e-03,-3.785305115089705047e-02,-7.099807677513533810e-02,-4.429833425625891163e-02,-7.172999430116779040e-02,-6.983819280895388337e-02,-5.630184217899800864e-02,-9.314188173214773409e-03,1.113455896116142402e-01,7.001811656405711182e-02,9.662622092405476204e-02,9.483777983865789019e-02,8.542157155548024683e-02,1.022809181801885708e-01,4.808011836079884721e-02,9.056563978259199454e-02,6.727512727593243369e-02,5.163717620248504947e-02,9.551764092848279153e-02,1.476818484009319137e-02,-7.099845347655903138e-02,-3.407319346198966342e-02,-4.291041985139172621e-02,-4.439608532021811771e-02,-4.168643136120014914e-02,3.095335269731482389e-02,-8.546112426344242702e-03,-6.891778640851753401e-02,-1.055314629245958230e-01,-2.825326254250356064e-02,-1.012502015125915367e-01,-2.615104946034406668e-03,-7.771146204300219407e-02,-6.944088480670854158e-02,3.860116899638789401e-02,9.150336222254232266e-02,9.461143298725982476e-02,7.359043349712467152e-02,1.147581385133583515e-01,-1.120910655183248936e-02,3.482088019416821386e-03,-1.599087158104271766e-01,-1.140817703636139574e-01,-8.688608204645442701e-02,-1.195414038475745705e-01,-2.330298045732692377e-02,-1.031188836584877484e-02,1.744369608900546431e-02,-4.984038377757696314e-02,2.383140766383579079e-02,-1.066567839464660841e-02,-1.837474766208895688e-02,8.504299371877716007e-03,8.282061603443897566e-03,-7.290780279851694079e-02,-2.709492481201167605e-02,-3.760407040673201251e-02,-4.604060864524682495e-02,-9.340621371810067450e-03,-3.558856955474364731e-02,-3.167428610992638338e-02,2.741923783234158363e-02,4.567720982434134852e-03,1.413112646761051708e-02,2.777532799126798354e-04,1.448024164655358631e-02,1.670007080945185018e-02,3.340294003575427356e-02,1.058858583984383650e-01,1.046644394474243733e-01,1.420168255951376746e-01,1.276779521929318761e-01,1.417290997710552169e-01,1.555735045956745943e-01,2.138441790227662079e-02,-1.100481629751719342e-01,1.433027943265817450e-01,8.092522475973862317e-02,1.106887808922964872e-01,-1.282426957214100882e-01,9.182829526893858396e-02,-3.490687496953650409e-02,-1.014693278456232223e-01,1.669456352359087459e-01,1.529804689367926240e-01,2.245730926989699394e-01,-2.249319824981791185e-02,1.107526934636249571e-01,1.754651968511136972e-01,7.703472227151909879e-02,6.229228854554316047e-02,1.024781343675414819e-01,9.127437648210674770e-02,5.284678714172035691e-02
2.405635403712501896e-01,5.251608664314805219e-01,4.385367857785861800e-01,1.000000000000000000e+00,3.556777816692761052e-01,4.743505689951149074e-01,2.819268255860019612e-01,2.816896756292474602e-01,1.952146499391408385e-01,8.015634448762397335e-02,3.389293517531525440e-02,-2.047694129901265758e-01,-2.651465400216556079e-01,-2.102192760377616099e-01,-2.308099652269924029e-01,-1.595532335092094689e-01,-1.958917069821597967e-01,-7.827850725955658173e-02,-6.416059681476550536e-02,-4.055903688190371642e-02,-1.683234559561873345e-01,-2.094704276476183069e-01,-1.969478956564571226e-01,-1.689266282774395944e-01,-1.867566329383975599e-01,-1.500824868229047315e-01,-9.970829543343093238e-02,-2.520309784607179665e-02,-3.116119197905515073e-02,1.721098471941452310e-02,8.816265270382521446e-02,-1.560331728107069993e-02,-2.661770733376629672e-02,2.726370605951914522e-02,1.179133220879442639e-01,1.533327744243072333e-01,5.398599351033430555e-02,1.879406794990556295e-01,5.281386249799523147e-02,1.911131018740303833e-01,1.295388470365736455e-01,1.249007743608668008e-01,1.011490630452703127e-01,4.456754249064710793e-02,-1.797523314872755129e-02,-7.329066822827510520e-03,-3.452290076867422369e-02,-1.028174844897170731e-01,-3.783895350118135492e-02,-8.277694948368259642e-02,-7.821050277278544793e-02,-2.377272494240351489e-02,-2.155628707017694795e-02,1.247029781928876147e-01,9.958856306130035863e-02,5.578224117590167147e-02,6.061665528419696997e-02,5.097628699332777680e-02,7.766098407824456595e-02,8.889329306850714263e-02,8.996634674608644522e-02,1.123534042081547057e-01,5.272846619020173792e-02,1.410874080447546697e-01,3.097066718399472604e-02,-1.462853162935244533e-02,-2.186511624208173007e-02,-6.783663707884098060e-02,-7.108599797073639204e-02,-5.342528385863826862e-02,-2.421649828554618689e-02,-4.852609213137019234e-02,-1.050590573972663699e-01,-1.268029597217093796e-01,-1.834231094615251453e-02,-8.752041600492234397e-02,8.813949867494021021e-04,-8.476196379994919983e-02,-7.321962383197121171e-02,-8.793038799789702764e-03,3.753113821771113939e-02,1.870159057565546484e-02,4.878086470148448178e-03,1.889200802640028610e-03,-3.203948651551479648e-02,2.615805881118071774e-02,-1.133830771474032828e-01,-5.637160719018721462e-05,-8.869149192167236073e-02,-3.402993007922878316e-02,2.750481538131198042e-02,3.443104918808593401e-02,4.147529239925912964e-02,-1.196893107899745998e-02,4.782866942709389918e-02,-1.006610489499823631e-02,8.328452562051868666e-03,2.667872622659395523e-02,-1.127287815236908963e-02,-1.536200193087509068e-02,5.876127063138125023e-03,-1.027283113045789759e-02,-2.974270600846835866e-02,-1.848186978513770284e-02,-4.008824905227480195e-02,-4.356330538494317117e-02,3.007025114029916041e-02,-4.324351197266992214e-02,3.041891680049384206e-02,2.400348726391480364e-02,4.541884223701235859e-03,2.239067879186448090e-02,6.562295225527034481e-02,1.090180596149598197e-01,4.630308270757518829e-02,1.158789002574745347e-01,1.360522640323460208e-01,9.723967812179291903e-02,7.751858216780593835e-02,-8.340622763826939642e-04,-2.607818771645843171e-03,1.429242846464408578e-01,4.148311227197530766e-03,1.314887939195361344e-01,-1.428269394356992961e-01,2.401022167638636531e-02,1.970235210957451549e-02,-1.312376866589974878e-01,1.151605083574230581e-01,3.312806315404333291e-02,1.653405790799709063e-01,3.569809706555444190e-02,1.914346244438841060e-03,1.487303180304472838e-01,2.711838939620080102e-02,-9.179130739058934466e-03,3.118526641024796722e-02,1.044059805733094613e-02,-1.463307285027589354e-02
2.418863221999558444e-01,1.906381613602834424e-01,1.829632877332155183e-01,3.556777816692761052e-01,1.000000000000000000e+00,4.385733120052204281e-01,3.441314009782734940e-01,2.909925423040405912e-01,6.975578981554096669e-02,-2.179450198487540014e-01,-1.926935452643687430e-01,-3.104901790643498360e-01,-4.479164835498723046e-02,-9.284687257775035840e-02,-1.505671502257206196e-01,2.202432926509237110e-01,9.764231220659735921e-02,2.828668966142869334e-01,1.583726817218464034e-01,7.210565335450187796e-02,5.173008941840655933e-02,-1.190879826799479541e-01,-8.222218307258644110e-02,-1.499527553247508582e-01,-1.266993969118838936e-01,7.967197752721082160e-02,-4.761850667404420728e-02,3.015882480520088588e-02,6.209371592508022841e-02,1.511408773764103333e-02,1.044114820740655106e-02,-3.728231426273059812e-02,-4.697354485916283712e-02,7.090166427862083787e-02,1.412997714952250183e-01,2.323247946947187836e-02,1.136921520972710709e-01,1.072372172630580850e-01,-1.324128641954520902e-02,1.395009981496033169e-01,7.782537946992328093e-02,1.712962860063413362e-01,1.575287218850776050e-01,1.694382201734479509e-01,1.608352322196427431e-01,1.510579500753506665e-01,1.677585618487574814e-01,4.584087377965463672e-02,1.405714943524055127e-01,5.342050991970379026e-02,-3.278302393715149671e-02,2.080678253076340134e-02,-3.898102098478321148e-02,7.147359465800826039e-02,9.582585097201433422e-02,9.012444544359561605e-02,1.892872008998387062e-02,1.028264656610809596e-01,6.525860359339018257e-02,9.895632331700356110e-02,2.665199533529937631e-02,6.485527487171510730e-02,9.274974127341151231e-02,2.950296847289258714e-02,8.577803648762899469e-02,-3.602170048822316700e-02,-9.662287049083630175e-02,-1.268654101965657754e-01,-7.301819172278026238e-02,-1.322454122006680444e-01,-9.863700953975534924e-02,-8.113431641999567512e-02,-1.822124506955915824e-01,-7.612077542426222421e-02,-7.198913424913006009e-02,-1.490202740663882641e-01,-8.499628442651663285e-02,-1.865483332121373461e-01,-1.407464293851656556e-01,-1.695774481291860147e-01,-1.798947401002442270e-01,-1.154049865535237140e-01,-1.664631889042433310e-01,-8.505102742859207976e-02,-3.878191248323709789e-02,-1.334624598577713039e-01,-8.526618836473261187e-02,-2.646360183999740129e-02,-7.170294161245728548e-02,1.769090604790235499e-02,-7.509542797267476123e-03,6.113162943099050700e-02,4.449614194469682371e-02,-1.315884911728440812e-02,7.193903917607084864e-02,2.055759304217491187e-02,-4.306378295665588287e-04,2.877637078239786428e-02,7.827370728577622006e-02,4.657129717946951325e-03,1.090735832962722376e-02,3.348572394232776639e-02,1.734132998499765890e-02,-3.732803979469863365e-02,7.474221206630630651e-04,-9.030436948756775939e-02,-5.962717037411623816e-02,-8.410568939558114854e-02,-9.077268483411640720e-02,-9.428695410884042893e-02,-6.488756025652675508e-02,1.664869786395724305e-02,-2.622152815792615568e-02,-9.229118046677375897e-02,3.022979946216180352e-02,-4.769561040791506917e-02,1.164337097273928784e-01,2.225058578658426628e-02,1.260980435806951030e-02,7.291840338792160425e-02,7.087220366836478880e-02,6.803903212300851933e-02,5.555720409447036795e-02,2.517255447754785380e-01,2.043778756413109632e-01,2.255238017321365973e-01,2.203751711404683400e-01,1.576420562525114311e-01,1.775484623736270084e-01,8.658381765962280818e-02,7.483837656362951965e-03,-1.548640325077997038e-01,-1.105346668841420826e-01,1.114083463271112462e-01,-1.541673221310906235e-02,4.890107446279119870e-03,-6.591870597162434453e-02,1.935496680186557864e-02,-1.508228452252485634e-02
2.738008167978742136e-01,3.177039873366115375e-01,3.771578006801608041e-01,4.743505689951149074e-01,4.385733120052204281e-01,1.000000000000000000e+00,5.430809396359961294e-01,4.500996248240102249e-01,3.259914332953503524e-01,-2.964231129267555324e-03,-4.819721329954933242e-02,-2.721267560942097208e-01,-2.847149321233832797e-01,-2.338404434228331663e-01,-3.133446134326468568e-01,-4.282276713116814348e-02,-1.460656993971772011e-01,3.957254096631793866e-02,-4.677730493478288870e-02,-4.473197559429668846e-02,-1.107575096165939882e-01,-2.171876618790323510e-01,-1.245977261253637669e-01,-1.724747219505612661e-01,-1.530258700879485179e-01,-1.041679730252664110e-01,-8.874549660408624641e-02,-8.908894304207461839e-03,-3.366333778442994525e-03,2.352758380029131013e-02,1.132786581295743972e-01,1.209437919007633720e-02,-1.310200795450457319e-02,6.750532570557209178e-02,1.038107695106472578e-01,7.205324741707244685e-02,7.378489403606144394e-03,1.365919047172434175e-01,-2.961151625939858339e-02,1.236313596811035587e-01,8.014854722095321460e-02,1.052417713695165680e-01,8.295681174908872690e-02,8.182037356789514937e-02,1.952655412872689525e-02,2.736699185672861190e-02,-9.718754831694256455e-03,-4.884460358542610375e-02,-1.383182520030955785e-02,-4.921408836104385065e-02,-5.880843893544761974e-02,1.548925312229361244e-02,-2.758713379232762344e-02,6.373366456460612117e-02,7.726401194612549095e-02,3.641939123966013436e-02,4.406473925659393220e-02,4.273180090134088421e-02,4.181006911853878821e-02,7.460036795710134339e-02,2.716167618370991105e-02,6.268442006588455240e-02,2.051341049243749284e-02,6.511417307587977210e-02,6.356161830099876786e-02,6.855230693476914265e-03,-2.808808101808239754e-02,-5.712954492769567461e-02,-3.639039947156685190e-02,-4.852888870040902164e-02,-1.617463238505861822e-02,-3.358479745891093399e-03,-1.259379464207172894e-01,-1.281021686936842652e-01,-4.409608824582920972e-02,-9.995080624571549277e-02,-3.889607056913313432e-02,-9.712496067585581205e-02,-7.561238333391578914e-02,-6.855056392446397251e-02,-4.099265381877277570e-02,-2.470441174201554960e-03,-4.821930971651607056e-02,6.391835722332906387e-03,-9.958193382194991533e-03,-5.562947717614543514e-02,-5.434177053498750326e-02,-5.283396417687830776e-02,-1.142912370285329715e-01,-5.492946282623425991e-02,-2.448869633911673546e-02,3.210299361014804648e-02,4.425673523874655568e-02,3.213207518100171661e-02,7.953520208275377534e-02,6.747898297124992062e-02,6.272627945268470506e-02,3.380122276887072980e-02,4.240247902432853905e-02,-2.016944954106520034e-03,1.622336028233435298e-02,-1.612156858457300043e-02,-2.761731019099971166e-02,-4.603568687971479334e-02,-3.312439972458511989e-02,-7.155651259046880153e-02,1.107409968646311943e-02,-4.246043773312826314e-02,-3.363191607708364717e-03,-2.420309061053337041e-02,-7.914406783052104627e-03,-8.752941314475674861e-03,3.225735820165963330e-02,3.906422992980226189e-02,1.243919615733433785e-02,3.622186677235036956e-02,1.481696328135226060e-01,2.838373074888298625e-02,6.787776879176696254e-02,2.343261001658254283e-04,1.051660468944807941e-01,1.890741617719855217e-01,4.134867379232039925e-02,1.987754059860179501e-01,1.152847208383063482e-02,1.334665918113981109e-01,1.052236741156520466e-01,-1.119936267298490308e-02,1.688853324139603929e-01,2.784161045220055059e-02,1.237856974835206125e-01,-6.829093107669917395e-02,-7.367797360902923753e-02,1.094281403273407033e-01,2.213575865014267771e-02,6.069867229061070516e-04,1.184836491843025211e-02,2.316233277315690731e-02,3.903716593525342806e-03
2.576322509860031751e-01,1.856456227444775176e-01,9.916492815796820737e-02,2.819268255860019612e-01,3.441314009782734940e-01,5.430809396359961294e-01,1.000000000000000000e+00,4.350920073895463425e-01,3.224483342199100377e-01,-1.197250258895126429e-01,-1.794561820513222994e-01,-2.009000369764830651e-01,-1.871955866499872834e-01,-9.560495476869212972e-02,-2.071262660421679669e-01,6.785943846042694072e-02,-2.322939090402538487e-02,4.156716256485656208e-02,7.635526192715143268e-02,8.560726133478148078e-03,-4.617638380189038189e-02,-1.952934091806280970e-01,-1.060302243623982843e-01,-6.438395611757981307e-02,-1.259883477170837263e-01,-3.640361370167165961e-02,-7.329294837489380710e-02,-2.459609236081475303e-02,-5.263974210837169682e-02,-5.795194666049862525e-02,4.464185686435991757e-02,6.183857263798115474e-05,-4.015730843907293346e-02,9.585895384683143505e-02,1.122447505188407940e-01,8.762817937626704579e-02,7.685965586161230823e-02,1.362668556551479560e-01,2.085949162976301341e-02,1.121188714747916176e-01,8.483625078148766818e-02,5.659193882775699624e-02,1.918021599062286892e-02,9.291884964461935570e-02,1.863622967467962535e-02,2.796291272371545164e-02,-2.306716657941817669e-02,-1.626897443590644143e-02,1.302155898207881142e-02,-1.964345456469450066e-02,-1.268443168567511307e-04,7.458086918283778066e-02,-1.981088315782400175e-02,1.391522180735928552e-02,1.634420117130637104e-02,-4.116702079541126325e-02,-2.373477497370814898e-02,1.946652150701320885e-03,1.038091762186925913e-02,6.145072190208476087e-02,-1.449965323047534317e-02,2.317613526736026636e-02,-1.282341999700200609e-02,1.355414908738095982e-02,8.129056801182460434e-02,5.757341117503859268e-02,4.929950691862147218e-03,-1.967921308130180652e-02,1.074003974115599579e-02,4.387861382790348569e-02,-3.189496773902367101e-03,4.763031464763337053e-02,-7.085290866772023244e-02,-7.814021849582887536e-02,-3.760600172500522947e-02,-2.133860938967310165e-03,-2.078804773485985052e-02,-1.886761132500869992e-02,-4.210717819093812847e-02,-6.627077905107099653e-02,-7.533656393230488135e-02,-3.518817849093873462e-02,-7.868000584366054151e-02,-6.275708792642349654e-02,-3.063713497926067592e-02,-5.463700702864192349e-02,1.290015762441277559e-02,1.186106169853372609e-03,-7.641526382814139984e-02,-4.354213776282145343e-03,-2.415891845552458825e-02,2.156621312090838127e-02,1.594265429458700811e-02,5.028080699506455586e-02,1.590075109148788787e-02,5.162234440620670772e-02,7.147954348458837592e-02,7.395728660546753430e-03,4.316117456592912655e-02,1.394944199815126643e-02,4.287353884694609062e-03,-1.958640642474055241e-02,-2.289743617369242520e-02,-4.903026489384215009e-02,-4.326005094409518525e-02,-1.916319891929085806e-02,-6.252723737257351484e-03,-5.154831496139608560e-02,-1.183686200163202966e-02,-1.170689197832018233e-02,7.770845338101401226e-03,-3.833572212462539597e-02,2.876253186117968402e-02,6.933792313053416777e-04,-9.261131157676397163e-02,-4.728042832019098418e-02,3.538068817160076873e-02,-9.487569853163302369e-02,-2.697658359300241816e-03,-5.851381524234815917e-02,1.599644927444270892e-01,1.246887634329042760e-01,-4.724580898794957656e-02,1.345857760233554190e-01,9.423227047766308262e-02,2.907863352369589177e-02,2.238912850538663790e-01,2.673522111817999355e-02,8.242080003190352389e-02,-9.413586134395857119e-02,-3.720462054067344426e-02,-7.013369200960986594e-02,-1.517108995750096889e-01,-3.860533382508923861e-02,-6.668977864289286905e-02,-4.191228204398497748e-02,-8.822700858890530906e-02,-7.147366953625307329e-02,-3.734121822068862256e-02
1.414863779782659092e-01,1.685595995287693660e-01,2.282042787679824103e-01,2.816896756292474602e-01,2.909925423040405912e-01,4.500996248240102249e-01,4.350920073895463425e-01,1.000000000000000000e+00,3.221098274840191178e-01,1.198668791420054586e-01,1.072457642212596429e-01,-3.608840169379485818e-01,-4.100110634841958035e-01,-3.219254723289928788e-01,-3.475753506459344222e-01,-1.542526152235807468e-01,-9.216063880552226306e-02,4.570398844882651856e-02,-3.729298725387123620e-02,-9.115554212161711134e-02,-1.314191311527675987e-01,-1.673073489869223440e-01,-1.997382870638399477e-01,-2.156344669109791223e-01,-2.079290308065376569e-01,-1.060850706867755011e-01,-1.638773618139246768e-01,-8.042419445894478935e-02,-5.649276742185058153e-02,-1.000243292411794917e-02,1.165672619867369891e-01,1.136362319284552475e-01,4.248676367623607786e-02,1.307845187524924180e-01,1.318019663058225543e-01,1.079090987421865849e-01,5.630037333964141993e-02,1.709180866368100182e-01,4.492457125952135921e-02,1.826396660610195288e-01,2.109473698419190302e-01,1.762292475852686724e-01,2.078428365400404598e-01,1.633015314759067582e-01,6.342985528683615926e-02,3.475567522024951284e-02,1.486617789530525480e-02,-5.548724172685282757e-02,4.803377444136198993e-02,-5.716205727308853318e-02,-5.144407963809650985e-02,3.962025071988090064e-03,4.628923904203671204e-03,6.796130250500266590e-02,7.287605516692406693e-02,2.972253766399704164e-02,5.374760934530595224e-02,1.121408763037120837e-01,9.556903343801285977e-02,9.105648416710068749e-02,2.666680286460759372e-02,1.026881303487194169e-01,5.389805393374502707e-02,8.984400330941944013e-02,6.211939229944824642e-02,-3.149355989972401487e-02,-1.054421184783437271e-01,-1.161812627507900625e-01,-4.302638092735471681e-02,-1.229090691650559786e-01,-4.662875385792149274e-02,-9.882675874319882259e-02,-1.728433584175173565e-01,-9.309502818144051173e-02,-1.373787543317151749e-01,-1.724122490998355461e-01,-1.222869229293842147e-01,-1.718656775444211693e-01,-1.320062182475655876e-01,-1.066436368402163271e-01,-2.105853098952763930e-02,-4.285229356183473809e-02,-1.760745591240777536e-02,3.911511181140386179e-02,1.459936167988440912e-02,-8.244567075070824425e-02,-9.857584673413642695e-02,-1.913412921774824971e-02,-8.347049834223600751e-02,-4.841160905856674995e-02,3.042424118499926361e-02,1.157057138937496801e-02,1.086064295653266579e-02,-2.963851239101400470e-02,2.261080605414758291e-02,-2.974670583121087619e-02,1.470315179232848345e-02,-2.446074707104698570e-02,-4.610677255346925379e-02,-4.550045329392762156e-02,-4.962918983913454374e-02,-3.479559594526107635e-02,-4.747820409503027833e-02,-4.734175493071633711e-02,-2.435929156774176846e-02,-2.829796465366754554e-02,1.125953148191957860e-02,9.452082811173287066e-03,8.208574016568165896e-05,1.920057949105091408e-02,2.521786423199613714e-02,1.013411798085825793e-01,8.256630977561536799e-02,1.134900408203998526e-02,7.515643223282687801e-02,1.189329508284321796e-01,2.312475553603207112e-01,7.952831998137739611e-02,1.836034644223653589e-01,4.244102615406250556e-02,2.859458122688791903e-02,1.548441068899900352e-01,1.301391096071453646e-01,2.528162571860094743e-01,7.542451875727976263e-02,2.021986976189499574e-01,1.681359884575496233e-01,5.408060317051430199e-02,2.248356692954360803e-01,8.350838216499703592e-02,1.035878046279791326e-01,-8.008440529559404664e-02,-6.949920603968932908e-02,1.231570426937948770e-01,-2.835298697341855426e-02,-9.085172866854585375e-03,-5.133032726121951328e-02,-2.282353777044505115e-03,-1.144754051251779640e-02
1.585760007296983243e-01,1.826053780646005043e-01,1.152692501740306824e-01,1.952146499391408385e-01,6.975578981554096669e-02,3.259914332953503524e-01,3.224483342199100377e-01,3.221098274840191178e-01,1.000000000000000000e+00,1.772904072304361534e-01,9.236329920024220763e-02,-1.188673728241890770e-01,-3.880696644582601884e-01,-2.385295965611778091e-01,-3.084043404875639327e-01,-2.592072694513830045e-01,-2.171934624814768344e-01,-1.741598248091525414e-01,-1.191136627422523936e-02,-7.752977479760893298e-02,-9.988360725145882524e-02,-1.268780608622914752e-01,-1.344588603286740736e-01,-1.051534234704237097e-01,-1.085629793325833398e-01,-1.091061014182393429e-01,-9.235264895633291116e-02,-1.414716361359842330e-03,-5.287000337456399662e-02,-6.920770224370424717e-02,4.879141976479470233e-02,-4.411820610850181179e-02,-5.083859368759153369e-02,4.937550327422041141e-02,8.856522990650522731e-02,1.640083642936536190e-01,4.530479552220272044e-02,1.582289968418805204e-01,2.713434039038364540e-02,1.087454268223286280e-01,7.404051202975472923e-02,-3.678650541706603855e-02,1.590206557704652857e-02,-8.533693616337240107e-03,-1.176964132640648114e-01,-3.685111060721510401e-02,-8.513495762794306976e-02,-2.659243734019273858e-02,-6.622420153091552845e-03,-2.419726554042499547e-02,-6.696037816538063028e-03,2.577923515811496660e-02,-9.264928621455168758e-04,-6.240008342658771162e-03,-1.901976680904001599e-02,-2.743480013798526781e-02,2.040308396558522183e-02,5.805740715241787010e-03,3.874123419227277609e-03,1.332024757538023858e-02,7.696007125264174836e-04,8.390228300424081020e-03,2.698011871900905800e-02,-4.244768103842753841e-04,5.671379625398768193e-02,4.223189633283380012e-02,7.286294523570728023e-03,1.163900340667818264e-02,6.442881801089336835e-02,7.106760230638348164e-02,2.857448107533577808e-02,6.288344406802234832e-02,1.451936823210204890e-02,-1.900059369146831628e-02,-1.392865652372777619e-03,3.564903609693777925e-02,2.507917161119257998e-02,-7.824872091291660073e-03,-6.780402501073880261e-02,4.640008447606445291e-02,1.006000265278289701e-01,3.650081781884181170e-02,6.703674087407872351e-02,1.872219726388101718e-02,-2.896780628108477917e-02,-8.291926719498533480e-03,-2.658478031597540786e-02,-3.100094441882530333e-02,-1.195922071274525128e-01,-4.526106970167977778e-02,-4.865102766140060042e-02,-2.634434484368262941e-02,3.031452743752317130e-02,-3.069331899537542860e-02,1.797111167451503205e-02,7.792416290258075313e-03,-2.229142438108909149e-02,-1.006657904215103351e-02,1.515498911953547419e-02,2.746324067404676272e-02,4.100472080082478987e-02,4.386322106970293178e-02,5.468515022448922069e-02,5.317201831628931563e-02,5.220778978248113988e-02,1.966178570542714485e-02,8.286363744574272439e-02,2.940689936269290199e-03,5.985577484942338627e-02,6.476555827959933065e-02,-3.951525829953839858e-02,2.633056735433513332e-02,6.512011331855507845e-02,5.172924375317365653e-02,-2.783583267669359484e-02,4.371046417184566019e-02,7.476059697013870409e-03,-2.030762751735181587e-02,1.002261062280974816e-03,-7.099998274071589455e-02,4.053769224376641001e-02,2.858031757349904084e-02,-1.133138742355799811e-01,1.020726249225258411e-02,-7.991384419909015879e-02,-1.021556298192320827e-01,-1.078481066314106868e-02,-1.402704019077348208e-01,6.543169639738582576e-04,-9.832541069835756820e-02,6.527331009054991584e-02,1.616643643681208165e-01,-1.110693206308790149e-01,-3.300291269806415739e-02,1.220023456655791420e-02,7.147347657939521516e-03,-2.816515796295023660e-02,-4.287895617648103570e-03,9.467824296162826424e-05
-4.459153617447104978e-02,7.747107644882790523e-02,1.234611881683609913e-01,8.015634448762397335e-02,-2.179450198487540014e-01,-2.964231129267555324e-03,-1.197250258895126429e-01,1.198668791420054586e-01,1.772904072304361534e-01,1.000000000000000000e+00,5.311430900742557526e-01,2.125275008199783155e-01,-1.721718006933344591e-01,-1.356909948653974574e-01,-6.139682379779317495e-02,-3.518960370425193163e-01,-2.045602123917574511e-01,-3.164728881101641078e-01,-2.027537042519010346e-01,-9.567582349322498181e-02,-2.472868291497925530e-01,-1.353064947667185700e-02,-9.430412798835191568e-02,-2.966277537044251927e-02,-7.900752849572471870e-02,-1.668580689763434488e-01,-5.180054787495402130e-02,-3.074649167288461341e-03,-6.605487336206651572e-02,-6.219288559975701819e-02,1.496075918736979038e-02,1.875435294326351782e-02,1.594037254506068535e-02,-1.924651206945261414e-02,-6.006231393865100370e-04,1.126481003836047462e-01,-3.186638392677061671e-02,4.729417770512581165e-02,4.374870969536222981e-02,1.196562423374018976e-02,8.846246417457022393e-02,4.221938498573932913e-02,-5.745459370967494900e-02,-7.075563599415650787e-03,-1.882377460013550940e-01,-1.614774445667123137e-01,-2.077018117102864270e-01,-1.371815203187119192e-01,-1.686477449799577699e-01,-1.164253948587764959e-01,-4.735780390615492580e-02,-2.285175866626934504e-02,3.923741662356267090e-02,-8.048975416896574434e-03,-5.094914498508635453e-02,-6.745905671240061408e-02,4.010652494078128377e-02,3.485110453007298371e-03,2.098568719592979262e-02,1.710702957667006516e-02,3.487807261080299454e-02,2.453505143409107775e-02,5.879577183724683451e-03,5.611761637827995114e-02,-8.602921015997662749e-04,1.123067846404619471e-02,4.268630517722166173e-02,1.122560084812023323e-01,7.678428532672754159e-02,5.777387984722159170e-02,9.203509046423172246e-02,5.584685963761551464e-02,-6.400536345192842482e-04,-8.896746768661754901e-02,-1.731435702401271093e-02,-4.665820497040242508e-03,2.150977785325353456e-02,2.327147797955393671e-02,4.725075727922125463e-02,9.065083616444279124e-02,1.478435470904265747e-01,8.953067399876812882e-02,1.578586940993723098e-01,1.539579478858960904e-01,5.650626298001833192e-02,1.333944008502049861e-01,3.026281408139754742e-02,1.100841224735593649e-02,8.311233663254471646e-03,-8.198423922670680652e-02,2.921592278813943400e-02,-1.302832430038871649e-02,-2.102955514664071532e-02,-2.743838455397033804e-02,2.591143092442657267e-02,-9.785503712491112199e-03,-1.789006874741694286e-02,7.070240745963399243e-02,-3.834279671504912945e-02,3.507773495278740383e-02,2.833180500404175461e-02,3.519445891902532597e-02,2.212408223261943044e-02,7.471300939945929587e-02,3.807131177709117270e-02,7.219215584902170801e-02,7.897914965363693474e-02,9.321989286854522050e-02,7.464417291744263050e-02,6.255772693773116455e-02,1.990055421890728551e-02,2.149559241885942718e-02,6.435853950974375348e-02,1.330906251885229374e-01,-8.499328360085026471e-03,8.755814961138121133e-02,-6.304943869968918091e-02,6.446972858351462422e-03,-2.506177993935315360e-02,-6.878436381191084525e-02,-8.083718751447774298e-02,-4.199441693806153786e-02,-1.237994424493544104e-01,-2.338605964595497078e-01,-3.041809949369102539e-01,-1.779430883203559077e-01,-2.888716633984471094e-01,-2.664740333944071726e-01,-1.336527346341425115e-01,-4.674537777374855596e-02,9.488480945285630852e-02,9.214716940827369362e-02,7.951649369129575040e-02,1.672208525429368792e-02,2.922919602439355904e-02,4.136849574144275954e-02,7.127464091289946457e-02,4.387265291508678743e-03,2.691272939267319933e-02
-1.164119411701852874e-01,2.980608097344573850e-03,1.463018461273410675e-01,3.389293517531525440e-02,-1.926935452643687430e-01,-4.819721329954933242e-02,-1.794561820513222994e-01,1.072457642212596429e-01,9.236329920024220763e-02,5.311430900742557526e-01,1.000000000000000000e+00,1.835656197609740192e-01,-1.833708750507281882e-01,-4.311021215748850888e-01,-2.523099303409634397e-01,-5.000479937984679824e-01,-3.054727874339722149e-01,-2.640348806879197485e-01,-3.050596492033036400e-01,-2.739400065175035537e-01,-2.421011801800445618e-01,-1.074867686816988466e-01,-9.478306313486473123e-02,-8.301528236492651536e-02,-8.481397504167188794e-02,-1.876253202387640207e-01,-1.273651089314423168e-01,-6.278232703024069772e-02,-6.725412312574108320e-02,-5.472629840917860727e-02,1.033648836854031000e-01,1.344306648418077121e-01,1.030803857336329288e-01,6.142178874386777787e-02,-2.765478570062250216e-02,7.182037271996866146e-02,-9.011077171314632595e-02,2.129205611495773795e-02,-1.380341933056660267e-02,-2.060709582438783466e-02,9.368853789185214997e-02,-5.838165153937749895e-03,-3.141171881702416874e-02,-3.667297799376863926e-02,-1.985553686491897118e-01,-1.733204367074919483e-01,-1.936887724596235427e-01,-1.498925765742059324e-01,-1.631696859398638344e-01,-1.632086035227487131e-01,-1.329764206862225628e-01,-1.022186398431920301e-01,-1.492028115460575753e-02,1.343923994936287343e-02,-7.731039044635190823e-03,-1.732649234512505937e-02,7.092292892271202798e-02,9.199765425296385635e-02,7.620514339588628505e-02,1.063268785170006642e-02,5.746680894557239239e-02,5.148062522069106473e-02,3.737770015501175325e-02,8.406650005310582763e-02,-2.995068629915844174e-02,-1.452776606263411589e-02,2.809767609278306447e-02,6.076541354102178716e-02,8.475281709104501293e-02,2.834292410799048312e-02,1.620431581390174014e-01,2.990836049254148171e-02,3.901144671829708671e-02,-3.178215862985334095e-02,-4.705479502176700829e-02,-2.823747607735666021e-02,-1.851167665632737561e-02,2.223731182255307692e-02,-1.800454339891649838e-02,1.524923271948508408e-01,2.236139226518883416e-01,1.450119980089058236e-01,1.911206595826790422e-01,1.417187624915997868e-01,3.565716274991285323e-02,1.049208021254764978e-01,3.164835313877577966e-03,-6.891764286164626940e-02,-7.090000499226992159e-02,-1.081621750143845900e-01,-3.591214250026387739e-03,-5.255765798003013411e-02,-2.763456361285671417e-02,-9.023444113177322978e-02,-2.978478340329838644e-02,-4.100578334617396153e-02,-9.294538552023598466e-02,1.650526491516831229e-04,-4.246532331421137840e-02,-1.603185260825546301e-03,2.253846569708113645e-02,-1.684194198619954654e-03,-2.089222066948951111e-03,6.313735726951974492e-02,6.095747914603145273e-02,2.463799664966922695e-02,5.633804417331381847e-02,5.453628124154227819e-02,6.934473882150957169e-02,7.825246912592899451e-02,3.120237163332931045e-03,1.851268920065214998e-02,1.142909506933528913e-01,1.637748252844618002e-01,8.310582419723788750e-02,1.646900081537554517e-01,4.069320637903336979e-02,1.534322340832652287e-01,1.020925766825627745e-01,1.758237531365865539e-02,-1.584252944719706790e-01,1.167126874391619107e-03,1.018467021714455356e-01,-1.545177711491581285e-01,-2.588681317546037142e-01,-7.277778988074229405e-02,-2.422261658629493442e-01,-1.474380169692110498e-01,-3.080511722096815688e-02,8.493994947600791434e-02,1.061390544084761522e-01,-3.786111994598727153e-03,9.964578879923392807e-02,6.630731630231814777e-02,5.118308629544450483e-02,9.718639211017957025e-02,1.057786612576751273e-01,5.422599338122516266e-02,8.839757367227783769e-02
