1.000000000000000000e+00,1.883117227286761342e-01,-3.563842090715774180e-01,-3.811096234888100009e-01,-1.204722463614356712e-02,-2.951738226638001006e-01,2.432773616037284606e-02,9.897741477904428709e-02,-1.074461632193887822e-01,-1.055465334536349019e-02,7.546597756732913165e-02,1.400657478725000210e-02,6.030304501938776873e-02,6.033911474939109010e-02,-1.260468421088698117e-02,2.767030184727681252e-03,4.619008288400228840e-02,-7.127049862542983102e-03,3.795947137281194955e-02,-4.642388931649691318e-03,1.530047767669403831e-03,1.291919352805008005e-02,1.789530718701224515e-02,1.217368432855991597e-02,-1.841884803675827289e-03,1.916732353394371563e-02,5.163107354234160347e-03,3.896048297960908596e-02,5.105257970981427751e-02,4.176365185327789165e-02,1.170328125228357538e-02,-2.291190740284370503e-02,-2.760497847203469135e-02,-1.681043265904292455e-02,3.225715859701892146e-02,4.345560199739047919e-02,1.301052462020871499e-02,2.042723578014727856e-02,3.818974376902489060e-02,2.249765753570283789e-03,1.342505494901596007e-02,4.806467065857214505e-02,4.631743891806857499e-02,5.093486809245597463e-02,-2.498023157484446206e-04,-1.972686042349319074e-02,3.322104745393730796e-02,3.239717846035793797e-02,-4.119415897347791095e-03,-2.046300364246439463e-02,1.321214452498077445e-02,-2.020374222110038129e-02,-2.903043945312672874e-02,-1.326061860128546072e-02,-3.224796250075798176e-02,-4.239510635425011720e-02,-6.427806075969372257e-02,-7.111485996442355739e-02,-5.706264250613367339e-02,1.346309641441973716e-02,7.897787350832756806e-03,-4.131655889159858291e-02,-1.445299448697503868e-02,1.839026594529982739e-02,2.588828870302899154e-02,1.545344693575745332e-02,4.834280131245597550e-02,1.952424572599489871e-02,-8.813262383264604607e-03,-1.974543135294040339e-02,-3.078930728888270088e-02,3.125921723039131860e-03,-1.377924357072945853e-02,-3.993020195613854184e-02,-1.405116356278724235e-02,-2.194480970877667886e-02,6.328616639203165674e-03,3.078506588616568632e-02,1.852664369866780306e-02,2.399096916017904799e-02,-6.280914137125912476e-03,-1.082754999290025041e-02,2.850323740695909214e-02,3.382955397264932051e-02,8.525029045982897985e-03,1.492013018658561001e-02,2.998316952179823271e-03,-3.352967341384816696e-02,-2.535654862617347724e-02,-3.878704768769896446e-03,-1.088211929837967600e-02,-3.595116817225072533e-03,-8.405086493229945582e-03,-1.207802027640739097e-03,-3.293225677138217344e-02,3.777622543300893435e-03,-8.690353528249825446e-03,4.302583606407443806e-03,1.004801468702424920e-02
1.883117227286761342e-01,1.000000000000000000e+00,4.020738732736698351e-01,4.149674115702083332e-01,1.735311672818875273e-01,3.346981557468172719e-01,-2.142325580533713247e-02,-4.243375585212220275e-02,4.793418775427386175e-02,2.622831417229651643e-02,-1.028052996373608752e-01,-1.828819217261274110e-01,-1.496966554138935424e-01,-1.667450801595050935e-01,-1.940003270508934008e-01,-1.388037444474744253e-01,-1.410245106598884690e-01,-7.399669047344349659e-02,-7.564189207207136501e-02,-4.152218964145480695e-02,-3.010644547232470963e-02,-3.450542448708099341e-02,7.280231511179077741e-02,4.448409022973223714e-02,2.093756736242476796e-02,-6.234095668377347133e-02,1.636168521313087834e-02,6.879977439821292895e-02,3.072535333706813421e-02,4.007640907375309425e-02,3.930273675539780465e-02,1.339803267620981453e-02,2.476477861440088898e-03,-1.424587508919284567e-02,1.033057922670459206e-02,3.187607560910802034e-03,1.986262915239328866e-02,6.153086909697915406e-03,-4.062142704838839560e-03,-1.973477889869500873e-02,3.465423759155367850e-02,1.580209648626805172e-02,5.146436445466659980e-03,1.688097722988477281e-02,1.182189862585908066e-02,-1.368204922748562057e-02,1.365152278683791527e-02,9.958698257693611444e-03,-5.901146865018551407e-05,3.907659744518065387e-02,4.497575657706521374e-03,4.451787196251386254e-03,3.390006869480358814e-02,1.997053826465053708e-02,-1.886880647350097640e-02,2.187944349689249779e-02,2.494883238416895077e-02,2.946964187747568194e-03,3.002047196143892496e-02,1.217542266223341565e-02,1.980029132463978145e-02,-1.114649785798128498e-02,-8.328481896635972492e-03,9.135371470907304239e-03,1.323704182374120519e-02,2.516969287784625101e-02,-1.692342723285871625e-03,4.574256528194988358e-04,6.490715516831249698e-02,2.692942157351218418e-02,1.769069630114020880e-02,1.987217153904883432e-02,3.114053372745977100e-02,4.685043686533198193e-03,5.172456668289880655e-02,3.482679943516421572e-02,7.033222700750159373e-02,5.542347498070857720e-02,4.451107331483427493e-02,7.095463417479574986e-02,1.211564376729461733e-02,3.816193830243486129e-02,3.661915083305927743e-02,-1.388088721319042339e-02,-2.786162502955954329e-02,-3.178575104841202016e-03,-2.675638019156241412e-03,1.527975906893476454e-02,6.819027346723335013e-03,5.240024290921202086e-04,7.726333908893049524e-03,-2.541753685240059901e-02,-1.317026459616493957e-02,-2.308279947104150895e-02,-3.355065794408979962e-03,3.036899834479291679e-03,5.918973032145760996e-03,9.411806299969006223e-03,2.809157085628672876e-02
-3.563842090715774180e-01,4.020738732736698351e-01,1.000000000000000000e+00,8.030138392008014936e-01,1.067810595710992488e-01,6.472528725807191741e-01,-5.681910149295154450e-02,-1.647276403540992584e-01,9.817547320852039461e-02,-4.622000828301069120e-02,-1.704072519931895402e-01,-1.836158962569084119e-01,-1.335952052237765753e-01,-1.899072657871783976e-01,-1.631300636554805505e-01,-6.658157142240891946e-02,-1.624763350035307585e-01,-6.491413178585703214e-02,-8.599050044768744017e-02,-3.297679450639716403e-02,-4.977648070700102512e-02,-7.100955736476628755e-02,5.446773721757430797e-02,7.496569544837573817e-02,4.010212697871516629e-02,-2.828124480708237715e-02,2.455803325136123386e-02,5.184605647232322367e-02,1.266689257461934767e-02,3.228943342087905316e-02,3.378500714608383831e-02,3.252841363300732619e-02,7.817309021822444609e-03,2.125343836835085279e-02,-1.057040200639290835e-02,-2.112975499203834529e-03,2.719831722020202291e-02,-1.145179539020133898e-02,-1.019176988177808441e-02,-3.858562042894587291e-02,-6.882908020119727147e-03,-1.521960106166109043e-02,9.514820142989162399e-04,-1.445482199800614742e-03,2.045386388061679744e-02,-2.085623527489053122e-02,-3.994118913398702481e-02,2.610643696009024711e-02,4.196436771590990322e-02,5.344189835056317728e-02,3.607677322483743981e-02,5.343599534638097254e-02,5.031912490978086849e-02,3.550188982715560965e-02,6.521882995442836346e-03,4.145123078599124294e-02,3.627187431568153902e-02,3.977707691622575648e-02,2.442276182656612574e-02,1.002172903024224583e-03,-1.323716957560091244e-02,1.641131104608464092e-02,-6.792220337924523288e-03,-1.311743520385033959e-02,-7.173186776739125074e-03,3.070214043311066468e-02,-4.112549431058636074e-02,-1.512325144942109440e-03,6.809280860214707298e-02,3.532707351908517118e-02,2.972149178460128591e-02,-1.615587170604674194e-03,4.018794378062207767e-02,2.281748865065528695e-02,4.734706659523500727e-02,2.986631985169821771e-02,6.146316575428921458e-02,-8.912823176021683830e-04,3.813838211917257998e-02,3.694917488181669735e-02,2.558279439499760652e-02,2.829553768165571706e-02,6.491456126140344313e-03,-4.276996528535997877e-02,-4.017572183084783949e-02,-2.594122232631908970e-02,-6.196531924444482684e-03,2.891163737426408545e-02,3.483890782630636590e-02,1.952068583941479404e-02,5.399244952582545921e-03,4.892909564487634561e-03,1.205639753881589116e-02,-5.649949396384515085e-03,2.901138437797668498e-03,-2.264913101728024958e-02,9.245205136420388270e-03,-4.162822629913004620e-03,2.454372961313432133e-02
-3.811096234888100009e-01,4.149674115702083332e-01,8.030138392008014936e-01,1.000000000000000000e+00,3.612957931541357220e-02,7.006613139438074844e-01,-6.430680387438179879e-02,-2.089123213787833222e-01,9.739410719994043286e-02,-2.625159401288770095e-02,-1.828186149710534780e-01,-1.691264091279191806e-01,-1.256808626733075251e-01,-1.999413687899275760e-01,-1.431437293767115482e-01,-5.877660626077677725e-02,-1.514892371400937687e-01,-4.294035621883086906e-02,-1.025969370658906255e-01,-4.786512884887054314e-02,-3.167773367002895551e-02,-6.141181737381466027e-02,3.355426842273098037e-02,6.170350100352588185e-02,1.233993633991233713e-02,-4.224753789330878972e-02,1.361834656663731165e-02,3.492198899768549775e-02,-1.781931093586442208e-02,3.627280605608104551e-03,3.361744916535076150e-02,3.323068249150891440e-02,2.757435652077149142e-03,2.173412432751600440e-02,-1.729135982930057880e-02,-1.244314737009663899e-02,3.380346379118202849e-02,-1.392346788932162169e-02,-2.846919584682681623e-02,-3.523820053319932921e-02,-2.747013459439531964e-03,-2.592717342801060046e-02,-5.763577408410251561e-03,-2.106906773168112836e-03,1.195854223022334989e-02,-2.277277457881850611e-02,-3.726101154045915326e-02,1.647905584938532536e-02,3.443233335280083268e-02,4.435292007813099180e-02,3.317977920972037947e-02,4.604111044769019362e-02,4.109259023974853181e-02,3.793079905497030724e-02,8.980676471440062272e-03,3.770579838467950917e-02,3.703674458833992184e-02,3.997592963695534990e-02,3.457773178179077839e-02,-1.264561902607000236e-02,-2.175217836182624306e-02,7.158286244798920533e-03,-3.074068364275749435e-03,-5.860831067332372690e-03,-2.336074491210470006e-02,1.941633416644307497e-02,-3.891314158280316515e-02,-6.771893882006266817e-03,7.474420221777412776e-02,4.298653610758065846e-02,3.701537254776744029e-02,1.237055753671478624e-02,4.758515899098283292e-02,3.044683132223440294e-02,4.700105349856342762e-02,3.953333867880507585e-02,6.705352566073936871e-02,-3.732450598688558802e-03,4.060966475969245149e-02,3.975610499835673800e-02,3.019263698548021665e-02,2.428823910879324838e-02,1.093990412532232746e-02,-3.501167227289454092e-02,-2.924354944561507672e-02,-1.502951089181418440e-02,4.725227323100986317e-03,4.162068359826152919e-02,4.133245376600543780e-02,1.097548884034405155e-02,1.176176766110822135e-02,5.741913425369614063e-03,5.866047585591969982e-03,-1.804919476287557278e-02,1.174734077784020739e-02,-2.174460441142138031e-02,8.835707847674824367e-03,-7.909468053640135096e-03,1.760433282394219603e-02
-1.204722463614356712e-02,1.735311672818875273e-01,1.067810595710992488e-01,3.612957931541357220e-02,1.000000000000000000e+00,2.469143962909856882e-01,3.519857195599572497e-02,2.523472774319361345e-01,3.315618635264147573e-01,2.044051303167719602e-01,-7.038910799640797807e-03,-3.735963391587772409e-02,-2.032424993445220707e-01,-4.501222834443183163e-02,-1.063939573463063837e-01,-1.531010097673245196e-01,-4.849009025091367137e-02,-3.250094037152852916e-02,-9.155784050464542412e-02,-4.652560762779760911e-02,2.788650163666977003e-02,2.083167774595989785e-02,1.545035772281688627e-03,-1.230680392503410991e-02,-3.322609747147854675e-02,-2.766558591658453345e-02,1.616527682649439995e-02,-1.331910305501941318e-02,-3.600677349405387306e-02,7.009970650861341301e-02,6.389576295125450056e-02,7.315813958911213111e-02,4.404344400752265021e-02,-3.863071972314833721e-03,4.263328644554593289e-02,-5.033686723879821079e-02,-1.802069628105787413e-02,-6.212837942235346737e-03,-1.538676233382965837e-02,2.029625926814994288e-03,1.513881518540032174e-02,3.271588280308277558e-02,-1.866835635596444899e-03,-1.456147138928346428e-02,3.443650987351044163e-02,3.714671931994384391e-02,2.471363949685835212e-02,-6.479418953543489637e-03,-2.327687181919629172e-02,-2.598277172687318143e-02,-2.114539212154244868e-02,-1.822771487879602803e-02,-2.006137325732048823e-02,4.845451036773734525e-04,-3.620917454587267714e-02,-2.319109031739824932e-03,2.773570827747068313e-02,2.296585376273032122e-03,2.189167185724039122e-02,3.184778287112244310e-02,9.085898019478302889e-03,1.727894681061363860e-02,5.848876113702069710e-03,1.737546374979478947e-02,2.034606339189448318e-02,3.374222087458426857e-03,4.760463896649046178e-03,3.259401571261830253e-03,6.924333384349851128e-02,5.775769203549135922e-03,-1.516248122172820893e-02,2.382090232323955462e-02,1.207223526587984262e-03,3.596076017644901299e-03,-3.979850213999373831e-03,3.842195357481513213e-03,4.424019458859756310e-02,-8.142264665111419251e-04,-1.582503754691447218e-02,2.711130706861532638e-02,-1.861152385558359490e-02,5.175360792650140346e-02,4.182945474774649175e-02,2.801708857620201915e-02,1.573953834123707068e-02,4.189742150247714736e-02,5.558381093152183622e-02,3.478858560865123739e-02,4.109188861182107994e-02,-2.160631850109812069e-02,1.255069326658533012e-02,2.614571089208534219e-02,2.699197493308343188e-02,-1.783983636609309809e-02,1.705127397275949669e-02,1.502245709957333083e-03,1.146655196655283100e-02,2.221042440311653959e-02,3.600505483006162522e-02
-2.951738226638001006e-01,3.346981557468172719e-01,6.472528725807191741e-01,7.006613139438074844e-01,2.469143962909856882e-01,1.000000000000000000e+00,2.073499072580152203e-01,-1.288520966002480728e-01,1.247384316027034118e-01,2.593895957290660512e-02,-1.012162034521889714e-01,-1.860113658823891458e-01,-1.835369621155636677e-01,-1.497305202395190216e-01,-1.856427403695216638e-01,-9.696775097872439853e-02,-1.490868955943385477e-01,-6.135625089742484384e-02,-9.996330139035319862e-02,-8.462867748928595141e-03,-8.537879780744165453e-03,-2.110116557905376486e-02,8.461199490476080387e-02,4.273509043740147950e-02,2.206714775800907094e-02,-2.425806572210838577e-02,-1.270353693444155330e-02,2.868681379721438850e-03,-4.224769678175422792e-04,5.037584636984981587e-03,1.977240378006185281e-03,3.848407172505263762e-02,2.511489400815353906e-02,6.100751258787245196e-02,2.708924232843538601e-02,-2.262213292073596629e-02,1.830986634110304614e-02,-1.115355659074125476e-02,-1.526913634627918674e-02,-3.648284503581519789e-02,-1.672085642827951524e-02,-2.447015870424886635e-02,-2.056073747389973103e-02,-3.631945217507689255e-02,1.032413221765656960e-02,1.037347100829887070e-02,-5.205734713915341483e-02,2.852944216378847618e-03,3.675057949649195022e-03,3.539095935641965035e-02,2.816214955798743147e-02,3.833904427021894712e-02,2.805656030519457569e-02,3.921696391249401142e-02,1.818702934279436273e-02,4.115771582723551369e-02,3.982983655619021929e-02,3.823702635456231042e-02,3.633864702776789558e-03,1.716004035334582406e-03,-2.665634741997242787e-03,-1.506546160893891539e-02,-3.455032057322084127e-02,-1.842282745757314400e-03,-5.457370683877375318e-03,-3.031584610795647495e-03,-6.941821024018844655e-02,-8.904907361070029878e-03,1.139554520681188426e-01,4.277654203604340510e-02,1.479136545220045840e-02,4.067647702193202645e-03,2.860835273048845454e-02,1.360054937101740254e-02,5.358575282022653291e-02,4.058536448232860638e-02,5.825670118874805292e-02,7.177968205918264059e-03,1.900700985655228228e-02,4.777695112594617516e-02,1.562878468006669019e-02,3.697073851319541971e-02,1.818446005337946009e-02,-2.918122873792585240e-02,-2.766476872435655321e-02,1.034919967648174725e-02,2.272356060218678336e-02,3.225216861080931752e-02,4.221251125567052065e-02,1.151767834378959743e-03,5.780369650339911743e-03,1.452322580632320163e-02,1.995576236453161165e-02,-2.726104305155952964e-02,-1.868421816509013714e-03,-3.725077759321012566e-02,8.458547471025390854e-03,5.374727254809204269e-03,-8.043363646654451762e-03
2.432773616037284606e-02,-2.142325580533713247e-02,-5.681910149295154450e-02,-6.430680387438179879e-02,3.519857195599572497e-02,2.073499072580152203e-01,1.000000000000000000e+00,3.190209873068461377e-01,2.290723047526074113e-02,1.771301899974034588e-01,1.437315006297401609e-01,4.045463533241204501e-02,-6.524830923305588448e-02,8.604410428070703720e-02,-2.126893542703703344e-02,-5.821572840483817124e-02,2.183652175990925121e-02,1.307995774775204227e-02,5.031599060058358081e-02,3.596074385572044230e-02,3.009044787719014624e-02,3.966648016267813881e-02,5.970457921059164029e-03,-2.641262075682799387e-02,-1.496215926254955593e-02,-3.849163404767961399e-02,-3.087034043281400991e-02,-5.401753269981859895e-02,-6.677025404486580662e-02,-1.646930859544237791e-02,-7.262678749782923091e-03,5.458864343741889891e-03,9.055719490950299780e-03,6.297386825974536639e-02,2.613890517189055782e-02,-5.591813139249946635e-02,-2.521166760171923704e-02,-1.079645517084445831e-02,-3.502279895260054093e-02,-3.349386805387895988e-02,-1.491482436892621610e-02,-2.931141650233930196e-02,-3.843129603258974708e-02,-7.745671863336665852e-02,-1.581449867125364270e-02,3.748326128637240184e-02,-4.112159592619164111e-02,-1.535542852902292699e-02,-2.448000279326629711e-02,3.199310653700705026e-02,1.157437901598660709e-02,1.725363917569185460e-02,4.227853227744481079e-02,5.853002061853899984e-02,5.241203376702932570e-02,5.236119234271317119e-02,2.991187116020445000e-02,3.784826070126303538e-02,4.125672565491814332e-03,2.433321024338529204e-02,4.140002306532484383e-02,4.456527172376206249e-03,-2.954339055940485501e-02,6.622373245877024445e-03,4.465955086590563117e-02,1.801138876452188647e-02,-1.512739858685987517e-02,3.366193486082252884e-02,9.248684750737848348e-02,4.177032910755224676e-02,2.864001001431049423e-02,2.610249197604991647e-02,4.552234576551907400e-03,5.868846903335965537e-03,-1.645915420106599386e-02,3.045111671878722448e-02,3.689235109187471301e-02,3.660757654585546778e-02,3.195517371936330842e-02,4.182884598487233985e-02,-4.962354893969263617e-03,1.144634247125401669e-02,-1.255620441081307243e-02,-1.616653372158373056e-02,1.266453399274056549e-02,5.882722978341289009e-03,3.028462660036518317e-02,2.095831699593458507e-03,2.000253511090032549e-02,1.938533786518829762e-03,-6.638601625107893450e-03,1.921887724661819341e-02,3.219970010859419390e-02,-2.576036882253630866e-02,1.418203260752832172e-02,-3.784852827215977322e-02,-7.775104490776397516e-03,-2.151093822695512858e-02,-3.053073957830274715e-02
9.897741477904428709e-02,-4.243375585212220275e-02,-1.647276403540992584e-01,-2.089123213787833222e-01,2.523472774319361345e-01,-1.288520966002480728e-01,3.190209873068461377e-01,1.000000000000000000e+00,2.070634464405720354e-01,3.557176829501065840e-01,1.490082661532001751e-01,1.782347131080963265e-01,-1.259977711967976421e-01,1.314082664039286363e-01,5.186279897727345822e-02,-1.579891207596218206e-01,6.538091141667216888e-02,3.873953819436059404e-02,-1.443761130043683463e-02,-3.537369951932346074e-02,7.747189737190691983e-02,6.096387076588936915e-02,-8.935577692361527935e-02,-8.088580124315442044e-02,-8.549087585148820723e-02,-1.463482077360890761e-02,-3.610958338887394065e-02,-5.049865532742557617e-02,-7.748566892346982204e-02,1.004716179838178666e-02,1.685201966425364101e-02,1.885109098680695303e-02,-4.168125275519637442e-03,-4.063078581654187144e-02,-2.836358191497334244e-02,-6.495163329580001810e-02,-8.368851420427411703e-02,-4.827948717230302195e-02,-2.731482983068587653e-02,-1.704691844242161788e-02,1.941698200877016098e-02,1.560064215882141572e-02,-1.542788549953205517e-02,-2.420265864676066428e-02,3.132175017783282289e-03,1.043115880224627402e-02,8.768771443742745531e-03,-4.774821547730006589e-03,-3.241709055106386204e-04,1.951735085675239748e-02,2.960240070095506923e-02,3.001776061756625605e-02,2.858347045301387612e-02,7.539285999529447835e-02,1.895093046286975419e-02,9.909477695993811064e-03,1.376542962176069244e-02,2.168367008246477670e-02,1.187813696755039665e-02,3.316049349487480008e-02,4.137257164490423800e-02,3.211441390223006981e-02,-1.988826195726112189e-02,4.085177907962006527e-02,4.037691100721825521e-02,4.023251493791616534e-02,2.054927930513990655e-02,1.735814545978859105e-02,1.971045756927431586e-02,1.745394035897803332e-03,-1.322947375952951768e-02,-2.551044927323312117e-02,-5.529243497002269553e-02,-6.470961978036368807e-03,-2.831185748670768387e-02,-3.427725265567975986e-03,4.492681659799251104e-02,4.415214136716785059e-02,3.681727124666706041e-02,3.814289807700000506e-02,1.614744453385497797e-02,5.332635963235521359e-02,1.498606797056832932e-02,4.639188605719934966e-03,-2.757695615456033644e-02,2.260220497781413942e-02,2.508702056063883204e-02,-2.131317134877290867e-02,-5.395273386698706819e-03,1.193213209340679426e-02,2.694517232909458826e-02,-5.991373321538952940e-03,1.718710506005648869e-02,-8.282927173315503266e-03,5.072445472768111197e-02,1.477942702713071731e-02,2.192244118911009301e-02,7.334664143873177548e-03,4.068393327219266276e-02
-1.074461632193887822e-01,4.793418775427386175e-02,9.817547320852039461e-02,9.739410719994043286e-02,3.315618635264147573e-01,1.247384316027034118e-01,2.290723047526074113e-02,2.070634464405720354e-01,1.000000000000000000e+00,3.227423169657251401e-01,4.963286036689502218e-02,5.312963978006542826e-02,-1.925852082233678042e-01,4.612525956501004054e-02,-2.873309330168258638e-02,-1.924544700227615313e-01,1.633288450783881504e-02,1.208235887993763975e-02,-7.876469650972710290e-02,-5.686914238693614732e-02,-1.173567011382584688e-03,-1.081456777368011192e-02,-8.322854387775530105e-02,-2.966980667919957848e-02,-7.521043620126001417e-02,-2.484580394958165600e-02,-3.772028856237601840e-02,-5.271065486577745929e-02,-8.283185441186960429e-02,-8.841219848296692427e-03,2.605825853701774705e-02,7.139276957503162650e-03,3.048071601413439649e-02,-3.402411106096846216e-02,-9.400984872693335381e-03,-5.835240650650701244e-02,-3.539367777105172780e-02,-7.190622838122307479e-03,-3.024261815584359039e-02,1.055213284420977206e-02,1.950310188770002298e-02,5.622809091127283637e-02,9.852674560786497601e-03,1.431143198821021451e-02,2.721390029974513070e-02,8.026318460171998764e-03,4.126152045349762432e-02,-1.718829827190212697e-02,-2.568943117071530169e-02,-5.171612305430294682e-02,-4.188950764704195417e-02,-2.395911344705868237e-02,-2.629573653520276763e-02,-7.234891929226870168e-03,-1.039667093533928020e-02,2.954591391027120220e-02,5.178124831656154975e-02,5.534641730580954627e-02,7.227669549653789605e-02,2.726005272695617918e-02,4.548363212172567421e-02,5.174958025302965614e-02,3.268356436501755613e-02,1.557829615637299284e-02,-1.021166238370607021e-02,1.447877647893775280e-02,2.685622486855862925e-02,-1.429703223145299858e-02,1.162105643505836547e-02,1.736006399179636922e-02,-2.665308938649004963e-02,-8.563934120483326267e-04,-2.204579142059982441e-02,-2.782119840084613244e-02,-3.713694743312947327e-02,7.770526272707162230e-03,1.365821809370719106e-02,-1.057703348249200252e-02,-4.021614774190376829e-02,-9.672886940275881792e-03,-2.319798363973359437e-02,1.424715332844124147e-02,1.324230055370036359e-02,3.381852221282122262e-02,3.756200592570747843e-02,3.300540883849437807e-02,6.557381192799566216e-02,4.023772079439763560e-02,5.474426714596006965e-02,-3.485626759749393261e-02,4.245936972844627233e-02,5.563202725935798010e-02,-5.856135093918437423e-03,1.796902497574089097e-03,6.344799245100607443e-02,4.006196835201576018e-02,3.127408729854894154e-02,3.611988963550680914e-02,4.828904953214001317e-02
-1.055465334536349019e-02,2.622831417229651643e-02,-4.622000828301069120e-02,-2.625159401288770095e-02,2.044051303167719602e-01,2.593895957290660512e-02,1.771301899974034588e-01,3.557176829501065840e-01,3.227423169657251401e-01,1.000000000000000000e+00,1.551616501750558708e-01,1.086713231409006941e-01,-3.694566015622403055e-01,2.293339821111300969e-02,-9.283418849611510537e-02,-3.485832184038715198e-01,-1.929650639806631401e-02,3.097044041287674160e-02,-1.196487830301195682e-01,-5.931263564390017173e-02,8.879702307102174674e-02,5.625996707778466860e-02,-6.659017413051135370e-02,-5.140114306010410555e-02,-9.543233681696233761e-02,-9.855101855530991328e-02,-1.025694640997421372e-02,-4.122578525293886520e-02,-1.222301258548091490e-01,-1.703881054659346986e-02,4.562855269463800961e-02,-1.757424899541378330e-02,-5.710475868635112029e-02,-7.104517655425234002e-02,-1.120521706413597079e-01,-1.180075574186890131e-01,-1.129755224770907784e-01,-5.344106515950425296e-02,-6.143067603956375855e-02,-8.184699776269603599e-02,-2.917961346892845517e-02,-4.690353180928328453e-02,-4.800073556184869528e-02,-2.938613580459796190e-02,-7.030355314359490460e-02,2.297890294433277414e-02,2.791141666266162141e-02,-2.085354949781713721e-02,5.022529720901803933e-04,-6.448960072199520777e-03,2.111129350010239325e-02,1.683921033492873781e-02,1.517612534932895330e-02,6.492944609794708277e-02,6.186603963916038895e-02,1.845016554235585568e-02,4.754425534499236161e-02,5.633128710277037626e-02,8.731385408693481676e-02,7.715407762919894441e-02,3.002649171469458020e-02,6.407629009628831862e-02,2.703591044353858761e-02,7.799997092981256208e-02,5.344817776598646819e-02,8.495710999729046142e-02,4.410293135652647994e-02,3.563978633438018295e-02,2.655856379730460459e-02,3.704840599821275504e-02,3.085749689799151957e-02,7.765508993627658063e-02,6.148887478141636977e-03,5.348252798150011228e-02,-3.558741099265613078e-02,-2.723763827888791775e-02,4.962773594738542626e-02,4.584545622564308726e-02,1.794518496345175185e-02,6.491089279579559390e-02,-3.858800442720142221e-02,5.388334183629114177e-02,5.164333565499892864e-02,2.115460720044463894e-02,3.355672699906725454e-02,6.242319949969690751e-02,3.273736375408593802e-02,2.811837466819192000e-02,3.013231131247726818e-02,1.489798696010723005e-02,8.183822550600169943e-03,1.106707794881754518e-02,6.760197758333218176e-03,-3.341819323536847353e-02,1.198310116148060961e-02,-1.701256881107240243e-02,-1.580860730768788441e-02,-5.483500527726445362e-02,9.843312864495601736e-03
7.546597756732913165e-02,-1.028052996373608752e-01,-1.704072519931895402e-01,-1.828186149710534780e-01,-7.038910799640797807e-03,-1.012162034521889714e-01,1.437315006297401609e-01,1.490082661532001751e-01,4.963286036689502218e-02,1.551616501750558708e-01,1.000000000000000000e+00,4.871129292651677489e-01,3.518908558954959576e-01,6.088285742256492883e-01,1.361382734468705447e-01,8.865906496018811922e-02,2.922109666415081408e-01,2.065579829935170753e-01,1.173277733131602441e-01,1.721653988837846053e-02,5.614446006696091618e-02,6.737841916643712292e-02,-1.070006197414109655e-01,-7.040599463070466857e-02,-6.287020455935367347e-02,3.042289075388296404e-02,-1.584175710850790064e-01,-1.715111094755562837e-01,-8.863599472005127822e-02,-5.795250780628058429e-02,-6.243808382035801602e-02,-5.318797223115276362e-02,-3.159195342399143819e-02,-3.506549617949417195e-03,5.844870650943626011e-02,1.486350318157239614e-02,-6.045270812491213008e-02,5.710472253424715532e-03,3.935859901869723232e-02,4.429054134610961591e-02,3.992160724840820851e-02,4.195082398440604099e-02,5.139778528828017196e-02,-1.773328327145357736e-02,-1.677734130970517934e-02,1.325612677538181433e-02,1.337745723973252261e-02,-2.836070786659713062e-03,-8.377252142869004783e-03,-3.630821389494099521e-02,-1.111612557222084290e-02,-4.306184772025386555e-03,-2.925818187082567662e-02,-6.838289145696375970e-03,-1.659344151692095440e-02,-2.354186321819954492e-02,2.108024739873576650e-02,4.906269250360505325e-03,-1.715375204587259519e-02,-6.411426118394078846e-03,1.551392935887075004e-02,2.664431007113143846e-02,-3.421498778499903332e-02,-1.076389034814436915e-02,3.939199730687615447e-02,-3.719010398927888317e-02,8.845509290252750317e-03,2.853799675430539196e-02,7.294456504871459079e-02,-6.264646053955534935e-03,2.674194848054969181e-02,-1.077616016951342447e-03,3.102645465182324314e-03,2.512036740113462313e-02,-4.154459418445549668e-02,2.155370864658743071e-02,1.247687722044524793e-02,4.491043906901275723e-02,-4.096112435591541673e-02,4.355019214291387664e-02,-3.354436675972884835e-02,4.563766957750594461e-02,-1.327635550123243760e-02,-2.696803600959706351e-02,9.173202673150866737e-03,-2.043167102115379333e-03,-1.218038973009963159e-02,-7.451659436373146705e-02,-1.913028380070415368e-02,-2.561480473444782344e-02,-8.561541564956677564e-03,1.042102576695023985e-02,-5.305739429036847310e-02,1.419274369948449795e-03,-3.392992331186057368e-03,1.204081647162859141e-02,4.963081851452698541e-03,9.086844895633472072e-03,-8.015012633685427226e-03
1.400657478725000210e-02,-1.828819217261274110e-01,-1.836158962569084119e-01,-1.691264091279191806e-01,-3.735963391587772409e-02,-1.860113658823891458e-01,4.045463533241204501e-02,1.782347131080963265e-01,5.312963978006542826e-02,1.086713231409006941e-01,4.871129292651677489e-01,1.000000000000000000e+00,4.243858896270399916e-01,6.332374405405366558e-01,4.825801398257154595e-01,1.509074594243093592e-01,4.915525357240230209e-01,2.055095580273250400e-01,1.482399925897956161e-01,3.944796387931794740e-02,4.351408737660794612e-02,4.152686890611030635e-02,-1.255561914187117989e-01,-9.927999068017707984e-02,-6.635089310565156495e-02,4.135132921562541947e-02,-1.850824354213387313e-01,-1.385600383331863084e-01,-6.967739539185659192e-02,-1.075534207331495240e-01,-1.090942200106251730e-01,-9.771796498067823744e-02,-6.164099825491978213e-02,9.160954148057426361e-03,4.863175004659756745e-02,6.170381086386283326e-02,-2.076796536779548091e-02,4.849953259441564662e-02,7.078806901736105217e-02,4.618304880831014536e-02,6.792577344582327592e-02,6.153259259657316294e-02,6.637634697851528542e-02,-3.308442173423772892e-02,2.567496608691487853e-02,-1.754978789024911126e-02,1.780895984826283418e-02,-1.986080767846524521e-03,1.096730286941657168e-02,-1.700347519618816694e-02,1.278305723418126337e-02,1.567642179309871805e-02,-1.252792968504226438e-02,7.577462614508998461e-03,-3.029696915404176544e-02,-4.250464856523443469e-02,5.495170028917356966e-03,-2.068338935654633927e-03,-5.905195199302969850e-02,-2.286136581905132484e-02,3.679528699008245869e-03,4.421387936848875794e-02,-1.675595587775466008e-02,-1.517800559431399347e-02,-8.096355309710298598e-03,-6.919203050482572448e-02,-3.815598646873360339e-02,-1.831355584322750737e-02,1.647361166631989768e-02,-2.161670332910349893e-02,-1.730221595288457259e-02,-2.719344440861760914e-02,-3.593512031430255022e-02,-1.221959857902604404e-02,-9.416275477946640937e-02,-4.490340418657693539e-02,-6.668070241828497058e-02,-5.632811261816448450e-02,-6.256675351940531316e-02,-4.929181533142681232e-02,-3.632308732274765889e-02,-1.380839401498893011e-02,-3.508058229333749223e-02,-2.074834193041857899e-02,1.420041607493807007e-02,-1.305126184811093021e-02,-1.693312695892637554e-03,-6.029917364501560795e-02,-3.181116876896025736e-02,-2.941530259666900321e-02,-2.617024279451360055e-02,-1.022879381131327516e-02,-3.029163308670489857e-02,2.690538845310919483e-02,-2.757430322313079063e-04,1.507325674404434192e-02,2.634397910623680322e-03,1.246906059256923383e-02,2.372708763411936379e-03
6.030304501938776873e-02,-1.496966554138935424e-01,-1.335952052237765753e-01,-1.256808626733075251e-01,-2.032424993445220707e-01,-1.835369621155636677e-01,-6.524830923305588448e-02,-1.259977711967976421e-01,-1.925852082233678042e-01,-3.694566015622403055e-01,3.518908558954959576e-01,4.243858896270399916e-01,1.000000000000000000e+00,5.375827406310609291e-01,4.031803201110011892e-01,5.361351181844764557e-01,3.713313049326469328e-01,1.127517769437779288e-01,2.595799877500410968e-01,7.930676804433856031e-02,-3.549333426889909274e-03,1.831196276674880788e-02,-7.210071570232692850e-02,-8.506273545954019799e-02,3.238832644798479710e-02,1.272439509169306648e-01,-1.443048340565534493e-01,-1.087642870798058436e-01,5.574738530582456358e-02,-3.116246036608987316e-02,-7.706518283038901740e-02,-4.407736844353109945e-02,1.766968286163890815e-03,5.715306629565411467e-02,1.209857729832532897e-01,1.377261097793363309e-01,9.497844904535335253e-02,1.173930885304624305e-01,1.157160180429010893e-01,1.010475478388646459e-01,9.151272627379179736e-02,1.029010244550780107e-01,1.183470243887641826e-01,3.180478703879374008e-02,5.985639236744823982e-02,-2.635729917198877462e-02,2.090574746955942836e-02,1.753305046129104844e-02,1.599825357203378540e-02,-3.658621656955046014e-02,-1.191501303424594149e-02,-3.867499730002327621e-03,-4.183413710510519579e-02,-4.563851051671368592e-02,-8.081520662632206420e-02,-8.197019988839228388e-02,-2.209552399242796852e-02,-6.273054687758838899e-02,-1.025377900935241365e-01,-7.686814719427084719e-02,-3.311313435747109679e-02,-2.580430190060862758e-02,-2.291324392686119871e-02,-9.652266861448743906e-02,-4.903472193690132375e-02,-1.236154556046119013e-01,-3.806855573192571146e-02,-2.569001680438318808e-02,4.025470586010517632e-02,-4.287919913417113232e-02,-5.566971155023120628e-03,-4.359803971339445278e-02,2.064574732326715512e-02,-8.776913504350473613e-03,-3.864161332032012980e-02,-1.172144053430110647e-02,-7.166490946585971078e-02,-4.026403300483632347e-02,-5.252384753267239081e-02,-6.189024181703133010e-02,7.845407553595567379e-03,-1.338446276826345087e-02,-8.003872981775866924e-02,-6.655208366088334604e-02,-3.978034679257175937e-02,-8.415987951746600748e-02,-8.884392821370418192e-02,-8.541574922198234832e-02,-5.604282779226650579e-02,-2.031955165305748129e-02,-1.651218400204403081e-02,-7.457915236459839413e-03,-3.134487883181107104e-02,4.604376379053998908e-02,-1.070698553987942114e-02,2.177245182127932402e-02,2.627252245998644084e-02,5.360639271969781100e-02,-3.998916270694241257e-03
6.033911474939109010e-02,-1.667450801595050935e-01,-1.899072657871783976e-01,-1.999413687899275760e-01,-4.501222834443183163e-02,-1.497305202395190216e-01,8.604410428070703720e-02,1.314082664039286363e-01,4.612525956501004054e-02,2.293339821111300969e-02,6.088285742256492883e-01,6.332374405405366558e-01,5.375827406310609291e-01,1.000000000000000000e+00,4.642095614130158365e-01,2.984635985778766321e-01,5.712637589382596470e-01,2.452421476623753704e-01,2.519790486567360377e-01,7.201201202656415390e-02,4.266901579457880317e-02,6.785300037307119558e-02,-9.242051142321477952e-02,-1.128016888371735776e-01,-4.806749570169276120e-02,1.186120267003948348e-01,-2.021639860357151153e-01,-1.875329955749474031e-01,-2.171115964948313465e-02,-1.025338979777559861e-01,-1.362009947777320373e-01,-9.280078976139206903e-02,-2.080035492463936514e-02,5.183700905451480573e-02,1.189808483170577552e-01,9.130241378138438668e-02,6.249673880329350076e-03,9.546722879713777365e-02,9.279266580488204630e-02,9.891499496927978752e-02,1.123892221153640625e-01,1.038811064043423937e-01,9.357000381737717865e-02,-4.044560573270882670e-02,3.429978659599932506e-02,-2.967082802728154573e-03,3.889659447865913364e-03,-8.332665686842995190e-03,-1.268670531122180478e-02,-2.096559183352715572e-02,-6.970427976188794256e-03,-2.917638754828142875e-04,-2.342219836669504063e-02,-1.446791430349303464e-02,-4.521280000552408557e-02,-4.918417758237773885e-02,1.323912122068344153e-02,1.323420060091314585e-03,-6.966868915648279093e-02,-3.607343323952187653e-02,1.701521848467961798e-02,1.603724065553216449e-02,-2.980427585625012102e-02,-2.611447761170024653e-02,3.219335852990418828e-02,-6.385986887406605583e-02,-4.079087570042692207e-03,-1.542642726113512572e-04,4.676570499059581887e-02,-1.740518570694839229e-02,-4.944715421384531136e-03,-1.279066895802522148e-02,-1.333563590635716833e-02,-7.336963363187150658e-03,-9.447324304577248144e-02,-5.724240499010833233e-02,-7.336547562085046770e-02,-4.034913445148780031e-02,-8.381045473754444863e-02,-5.574086075594855694e-02,-3.169950271614049853e-02,1.401254242832308122e-02,-5.733358181481593846e-02,-4.422015247005885857e-02,-3.168028024151274113e-03,-1.196410624038968425e-02,-3.627200553731623617e-02,-8.787752238095167256e-02,-3.853737716323049622e-02,-1.642882969123990802e-02,-1.818774208737956822e-03,-1.873795637782121534e-02,-3.746677100557815193e-02,3.421103680814682052e-02,-1.522316796896721041e-03,1.008572533445915333e-02,1.762951150137334957e-02,3.345382695393251532e-02,1.047548575025179091e-02
-1.260468421088698117e-02,-1.940003270508934008e-01,-1.631300636554805505e-01,-1.431437293767115482e-01,-1.063939573463063837e-01,-1.856427403695216638e-01,-2.126893542703703344e-02,5.186279897727345822e-02,-2.873309330168258638e-02,-9.283418849611510537e-02,1.361382734468705447e-01,4.825801398257154595e-01,4.031803201110011892e-01,4.642095614130158365e-01,1.000000000000000000e+00,4.347019749857838899e-01,6.285384287145836524e-01,1.615809009824670517e-01,2.911099242684893618e-01,1.472280910022142897e-01,5.423997950508988204e-03,5.265196378014268264e-02,-9.057487595315331930e-02,-1.112050947107051102e-01,-2.123136241303256316e-02,1.406886208468902111e-02,-2.376681557825275903e-01,-1.176886767713128806e-01,9.207057147258029817e-03,-1.206489848036299412e-01,-1.678178880063507794e-01,-1.177731373447899049e-01,-7.328644096989109236e-02,4.403264334438193595e-02,2.415106916051610111e-02,7.427391451230125341e-02,-3.027138075806931877e-03,5.880240363150470578e-02,3.476373127673584168e-02,3.499153976586585196e-02,4.811427707517462043e-02,2.010468317112018566e-02,1.816918825355405553e-02,-5.722310020311963813e-02,1.462695364523587671e-02,-1.288752007625287681e-02,3.130361873440799803e-02,-3.999605566197981382e-02,1.318712059854144913e-02,-9.271182618636845951e-03,1.546303801685974290e-03,3.773076929028318371e-02,-9.193072191737972770e-03,-2.695042119252725674e-03,-2.024147966744618138e-02,2.688060628632295886e-03,6.625233212685707751e-02,3.241383902149978097e-02,-2.983320661579440605e-02,-2.484980308274619548e-02,2.649761799156357886e-02,4.721556883473013860e-02,9.669125408246581274e-03,-4.881540513594588571e-02,-3.226253059230758252e-02,-9.257104501375824912e-02,-5.907498172226141597e-02,-3.364809634519164150e-02,-2.563612957756412642e-03,-6.066907768384657146e-02,-4.490597504736631301e-02,-4.352042319677466159e-02,-3.931073661961054233e-02,-1.114904167394789765e-02,-1.011629913345340609e-01,-8.963933827804061727e-02,-9.112159393816610109e-02,-8.403818893023898284e-02,-7.543638951879592935e-02,-8.737024069414434102e-02,-1.941357743622896051e-02,-2.328413070932478651e-02,-3.217090453413651296e-02,-2.051021540844384303e-02,1.210431986052948328e-02,-1.199200588441798679e-02,-4.453676459884753358e-02,-6.345338382117074461e-02,-4.085458684183979061e-02,-3.522107457863554725e-02,-2.682285217447172299e-02,-3.461755294433914443e-02,6.215048424686940923e-03,6.109281835106245007e-02,1.566141278191982358e-02,2.169982365077674849e-02,2.227358114524454619e-02,4.747576335925343671e-02,2.642818224321234755e-02
