1.000000000000000000e+00,4.515074827737293184e-01,3.959061562833003922e-01,4.209619630090982167e-01,2.561504169052406521e-01,2.951584107111957511e-01,1.341744863736648308e-01,1.219631808042515864e-01,7.758487650033218941e-02,4.294007170369939369e-02,2.768259271540193453e-02,1.865160420040936143e-02,-1.026278287993197674e-01,-9.501567436274327427e-02,-1.560568123122389184e-01,-7.807629494811894888e-02,-1.124424163082667488e-01,-1.286302489546402028e-01,-7.178449898129868334e-02,-1.361262834520301501e-01,-4.723894222637530990e-03,7.206057764720981418e-02,-3.877022406828935230e-02,7.602843317405889867e-02,-2.612632197387577352e-03,5.116618819842912169e-02,-6.300620193772224010e-04,4.718290803209853473e-02,-5.944273833773586896e-02,-3.931367728103563053e-02,-4.933678725596860742e-02,-6.520906384472799355e-02,-8.538816409948073172e-02,-1.106029365412736359e-01,-9.329222994862382268e-02,-1.613731743290448134e-02,-6.883519868126553032e-02,-1.027108589619080137e-01,2.604194471775867718e-03,-6.864125974699435140e-02,2.907965364785193921e-02,1.584697879215080877e-03,1.032942266697797207e-01,8.989133720747195799e-02,8.283124432581466523e-02,1.073396548381492788e-01,6.079754507325607626e-02,9.689485031270828053e-02,2.695858312290241518e-02,3.301780959015866712e-02,9.162404553046378519e-02,5.626130255615943015e-02,8.057164473755334955e-02,6.833133371567491621e-02,2.535812045550299779e-02,1.047634709004012510e-02,-4.773665126010454007e-02,-6.103249208234954280e-03,-8.854054571905531357e-02,-9.534920259290617650e-02,-9.531477569350980950e-02,-1.780964088981518145e-01,-1.390257754516501520e-01,-8.951762678846818255e-02,-1.776311055321837945e-02,4.748969637277704325e-02,-1.109523961247854407e-01,-8.028419485533221100e-02,6.473676175132558885e-02,-4.016811974049323830e-02,-8.016893160776271399e-02
4.515074827737293184e-01,1.000000000000000000e+00,3.583000584881305683e-01,3.057781292634935699e-01,3.745238075806925915e-01,2.356043721920152989e-01,1.455172430144107132e-01,1.427672084482451420e-01,8.344882949327014909e-02,6.283333773131870303e-02,5.317968277981593300e-02,3.421597025539292042e-02,-7.472451372509258949e-02,-7.702242490678719300e-02,-1.305189302443739152e-01,-9.699349960029692019e-02,-1.096576904182034046e-01,-1.108536754364697341e-01,-7.446854069670962029e-02,-1.238350296416624308e-01,3.736401244124323839e-02,6.968467862944849323e-02,9.146143663900319076e-03,1.068818783192484329e-01,3.916337702682077399e-02,7.782751960110971534e-02,3.000318720493994062e-02,5.781156260063036179e-02,-1.742049731596137518e-02,-2.229719278178620562e-02,-3.168301029106075639e-02,-3.491253001377984250e-02,-7.331000212546934236e-02,-1.058865786238263051e-01,-1.166870146374801992e-01,-5.992193154786099041e-02,-8.122818491439488808e-02,-1.114415787336763691e-01,-3.567873468137552212e-02,-6.439879619766961105e-02,-1.626011438013828109e-02,-2.314144638487124206e-02,5.626259723705685084e-02,6.491673150997223640e-02,3.056774042669178557e-02,9.277844873145815741e-02,6.414542207359712200e-02,1.054594232496889883e-01,8.107974126388881042e-02,6.218547772402508583e-02,6.890307122423149078e-02,7.165482308004114675e-02,2.276053594410356110e-02,1.367399320552872832e-02,5.494287952374042952e-03,-4.135116682024168183e-02,-2.320502207261527020e-02,-1.496817942392252021e-03,-3.913369325590360798e-02,-6.439469040110240572e-02,-1.683485526750068753e-02,-1.403979664035514552e-01,-1.036488129500296590e-01,-3.440236775711976586e-02,1.249196218948239213e-02,2.768848652693048709e-02,-1.176649175888849486e-01,-4.551218284083355381e-02,5.929103796957996275e-02,-5.352053522552733394e-02,-5.907821463775243115e-02
3.959061562833003922e-01,3.583000584881305683e-01,1.000000000000000000e+00,3.676675030652118426e-01,4.946941400371890896e-01,4.961956220362266912e-01,2.011968331232853735e-01,1.840407268626403914e-01,1.293882778645050191e-01,9.575962613767499687e-02,5.067351742747904647e-02,4.934215524050025725e-02,-7.728471094635519512e-02,-2.383968602968541614e-02,-1.278508346509221461e-01,-9.091615693099504292e-02,-7.821295347577077173e-02,-1.577506279552207402e-01,-5.127887111330352299e-02,-1.375665058728561541e-01,1.654423787109254168e-02,6.730641855762109493e-02,-5.158662659695226888e-02,4.442946227718738011e-02,-1.570351475219228937e-02,1.261996654441921960e-02,-5.886814783086454644e-02,-2.370941546671070065e-03,-8.890528637778170873e-02,-1.152571566380304890e-01,-1.010324938533877503e-01,-1.134928838239676469e-01,-3.873008111205818865e-02,-6.359349043643817978e-02,-8.024852038594720849e-02,1.054382117332018122e-02,-2.608863152313639893e-03,-7.864506826883733981e-02,4.548337015702533931e-02,-1.160064028606929386e-02,4.956829990392140617e-02,-1.066195846860185092e-02,8.090220900625681721e-02,7.923936863981072276e-02,1.110874423535484351e-01,9.138562567927174807e-02,3.160061739489526678e-02,1.140087358661732442e-01,7.737473055193171134e-02,1.171211015679488321e-01,1.094632962882287619e-01,9.512281321952210933e-02,1.056474670651485481e-01,8.217300944245248262e-02,3.695574439347183021e-02,1.012610692071281952e-02,-7.070262720867760697e-02,-3.589376001900387858e-02,-1.116930359126000055e-01,-9.769912094181124051e-02,-1.087411825319942044e-01,-1.686044101310278653e-01,-1.006039267299284473e-01,-9.545196162870203671e-02,-7.121457902824648856e-02,-1.183057583125584136e-02,-1.262468330247996928e-01,-1.331025733234629249e-01,-1.897291751504880108e-02,-9.476027491462665764e-02,-1.108215854442538700e-01
4.209619630090982167e-01,3.057781292634935699e-01,3.676675030652118426e-01,1.000000000000000000e+00,3.763223958525462320e-01,3.791142777238267203e-01,3.617289295945761984e-01,2.025672604222020501e-01,1.701601262611813492e-01,1.558292933134804992e-01,8.208158229631901115e-02,8.819274466970869475e-02,-4.391038402410327168e-02,-4.070322793149124679e-02,-1.201216078600923082e-01,-9.331865282901118108e-02,-8.224238310115575268e-02,-1.497211639493084279e-01,-7.624611383954545130e-02,-1.419419800684106892e-01,1.778645472743142775e-02,9.205630077263325661e-02,5.705312587634693219e-03,5.953733466832149962e-02,-6.440209053229445715e-03,8.762283343591492635e-02,-4.687641580369970168e-02,5.646517246151499386e-02,-5.990770474582660099e-02,-9.359526380994644124e-02,-4.534414338661444527e-02,-8.992917354209513381e-02,-6.113482788950203028e-02,-7.045141322585610211e-02,-1.048195817377516326e-01,1.274729212772489177e-02,-4.706934460568933803e-02,-1.234768468355140897e-01,1.596811255450289457e-03,-5.473114283925989421e-02,5.039728742181121511e-03,-2.877053455758483286e-02,6.560800083851608955e-02,7.266704223163855669e-02,1.230578562452767921e-01,1.114311504087027449e-01,3.877712393955082271e-02,8.329299546502985652e-02,5.924119202323236549e-02,5.198120473531857993e-02,1.082215461916893745e-01,7.822164123634985089e-02,7.538015674469743244e-02,8.444676641182527477e-02,-7.488117132115597371e-06,1.462986172657836613e-02,-4.814943470660897062e-02,2.742629342403630956e-03,-7.785613509877885308e-02,-8.738539645292422997e-02,-1.077800009209747556e-01,-1.640865705253636009e-01,-1.463748731198385444e-01,-1.097294302368903157e-01,-2.694651297199443171e-02,5.121214272581919857e-02,-9.813829397844209268e-02,-5.848246912676167975e-02,3.831243897193428033e-02,-9.450868155580911811e-02,-9.772431653718216538e-02
2.561504169052406521e-01,3.745238075806925915e-01,4.946941400371890896e-01,3.763223958525462320e-01,1.000000000000000000e+00,4.088494462611421687e-01,3.673347875843263055e-01,3.000302502221568468e-01,1.494858079624273861e-01,2.151470025479315928e-01,1.235637697523462586e-01,1.076943852230353438e-01,-4.630722716445481030e-02,-1.349037479628564622e-02,-1.025504792094497630e-01,-6.340053081934558799e-02,-6.319903515334035493e-02,-1.483657801754300343e-01,-1.079065156539900927e-01,-1.043509298109801253e-01,4.122218247842789757e-02,1.060288638062403394e-01,2.042202754467130343e-02,6.351320836861261421e-02,4.319129753781841136e-02,7.157860409884425623e-02,-4.749479402033460196e-02,4.386844474764383522e-02,-5.869785088834433839e-02,-1.616698552408930012e-01,-1.232270084696550499e-01,-1.379263072697366199e-01,-7.058787136024406716e-02,-8.062034777384441409e-02,-1.304517214558985894e-01,-1.471712643977553941e-02,-2.360369728212843507e-02,-7.763003886995929748e-02,-5.768849969127689062e-03,-4.604648612804007612e-02,1.070340800913259331e-02,-3.291468525240167503e-02,6.492849067894100601e-02,7.446316918342373026e-02,1.099444798863579431e-01,1.074504766820061491e-01,7.761798351854351519e-02,1.229342968017622523e-01,1.340761337546893528e-01,7.049748103154473977e-02,1.135429160629495005e-01,1.105782966998101330e-01,6.079864212727924266e-02,8.180010087030223365e-02,1.739162655920720862e-02,2.161930611849792461e-02,-6.301051767770260437e-02,-2.927386274659178264e-02,-8.128114777225337040e-02,-1.011964919148809761e-01,-8.494134169187156358e-02,-1.693795503646509382e-01,-1.427633689998027422e-01,-9.755703427748196876e-02,-2.847379326037125652e-02,4.197855204621697006e-02,-1.048770227499922353e-01,-8.188571869254113178e-02,-2.241956740849196036e-02,-1.033101863420447519e-01,-1.236991443804132534e-01
2.951584107111957511e-01,2.356043721920152989e-01,4.961956220362266912e-01,3.791142777238267203e-01,4.088494462611421687e-01,1.000000000000000000e+00,3.596082449042347640e-01,2.752305240668134201e-01,3.178616520820753411e-01,2.065029778803717797e-01,1.513329730263041073e-01,1.411006642435072844e-01,-4.404020041425163456e-03,-8.390958313475707642e-02,-1.438811701247140473e-01,-1.291071199731023966e-01,-1.336208376222053351e-01,-1.471837464750953006e-01,-7.258195144062440374e-02,-1.274985991178048395e-01,3.620562612509209410e-02,8.199721925610421736e-02,-3.395345598110509344e-02,4.879234618716837835e-02,-1.661062099554085070e-02,1.751485630683661740e-02,-5.417036444082676955e-02,3.456114681151462031e-02,-1.018027997154717368e-01,-1.519541608412848799e-01,-1.455563273092802257e-01,-1.575559637796718204e-01,-6.574030676510886351e-02,-6.218159174786953153e-02,-8.424436399418620824e-02,1.768061864615989853e-02,7.923180153028898734e-03,-6.447266194054424027e-02,3.595987742937018644e-02,-1.217985708810482258e-02,5.049252175462280723e-02,-2.582612063919185671e-02,9.056662590774852695e-02,1.027372593895938546e-01,1.562373441923765871e-01,7.351245251555892091e-02,-2.379846772631213220e-02,1.045131035073978559e-01,6.622374176811131330e-02,1.028174812524507292e-01,1.345286040092169011e-01,1.697524390592333177e-01,1.398054769297057964e-01,1.285601981316218667e-01,3.564675857695262517e-02,4.735166956725753162e-02,-6.518550916821630459e-02,-3.123728666367239087e-02,-9.639311267834764496e-02,-7.950739211322074840e-02,-1.379060261807938670e-01,-1.911151362699688161e-01,-7.019863473255875952e-02,-9.800081082938424948e-02,-1.005329023522279347e-01,-4.495439687018383534e-02,-1.517149790613063487e-01,-1.497811429960480278e-01,-7.102970065504146668e-02,-1.154817815017459143e-01,-1.340367320778037552e-01
1.341744863736648308e-01,1.455172430144107132e-01,2.011968331232853735e-01,3.617289295945761984e-01,3.673347875843263055e-01,3.596082449042347640e-01,1.000000000000000000e+00,3.537162093912803451e-01,4.063329877322724992e-01,4.357271963502183931e-01,1.983843461992486623e-01,2.519986593541738151e-01,1.270231699500954936e-01,1.082069650086297553e-02,-2.846462950701617381e-02,-1.185182574242938380e-01,-3.906824074788915052e-02,-1.318286472168656021e-01,-1.215795795461663137e-01,-5.212447970934240560e-02,5.779264084731539075e-02,1.152623034940019470e-01,2.723964534521891925e-02,-3.027895836410188918e-02,-2.849407395822416839e-02,2.151153960192708076e-02,-1.399470342002354928e-01,-2.647926616259764672e-03,-1.175571079507850697e-01,-1.891833925531994920e-01,-1.157496145496780121e-01,-1.476975056377849982e-01,-3.890734443566681161e-02,3.828751874040240560e-02,-6.168553561875783631e-02,5.755827644157866102e-02,8.591097858917882968e-02,-3.634868422299738361e-02,3.677880101153636894e-02,5.033593665827888752e-02,-1.798575064361723416e-02,-9.025977306661772670e-02,4.351558055659396351e-02,3.011446001682317394e-02,1.771774993002025456e-01,3.633498255928227505e-02,-1.183281411194548119e-02,8.787816329976146090e-02,1.280663571222588337e-01,1.231513716446743650e-01,1.644973607740869981e-01,1.662879395038584784e-01,1.492012795510312684e-01,1.046530373164413774e-01,-2.328874080896727386e-02,5.552935021182241887e-02,-8.697307438250218015e-02,-3.016735846676411870e-02,-1.241892045546833107e-01,-4.129780001010150553e-02,-1.534219037235532712e-01,-1.129707187836851978e-01,-5.631838417081882348e-02,-1.318016221790810627e-01,-1.266182522329297178e-01,-3.640310120812408762e-02,-1.085192543768519341e-01,-1.130593390458453501e-01,-9.678267662233448754e-02,-1.307423824043739691e-01,-8.719762216117267484e-02
1.219631808042515864e-01,1.427672084482451420e-01,1.840407268626403914e-01,2.025672604222020501e-01,3.000302502221568468e-01,2.752305240668134201e-01,3.537162093912803451e-01,1.000000000000000000e+00,3.552371036464990195e-01,5.373926432905479222e-01,4.614791865221947731e-01,2.369019865563088134e-01,8.906595560376460996e-02,-1.575965940406387836e-02,-3.441065847824414242e-02,-1.800749505138233009e-01,-7.389426264717323389e-02,-1.950644714255568013e-01,-1.059226996674811350e-01,-1.898276270081402928e-01,2.016737705257847131e-03,8.331311556316563227e-02,-4.020130610551122391e-02,-2.533702254277706359e-02,1.338886182096077002e-02,7.771385861640755718e-03,-1.265845831928412712e-01,-1.777220449015406989e-02,-1.329370739987213446e-01,-1.537294834927004639e-01,-1.247156092345308026e-01,-1.848477290133110351e-01,-8.467829059508831524e-02,-2.016532549650251055e-02,-8.811833500751874160e-02,2.202194536826469415e-02,9.784550653295093214e-02,-4.243247938773999847e-03,5.394140227675369575e-02,7.036783004566310451e-02,7.875303676179629814e-03,6.767074972792969101e-03,5.312017411850619708e-02,4.725438164238460886e-02,1.308673303504586105e-01,-4.024670398562616228e-03,4.732156658943493382e-02,1.285641690740583210e-01,1.457787810706742959e-01,1.295188142046373725e-01,1.642644452383471010e-01,2.125348404507099165e-01,1.244573776717676356e-01,1.117690738575613102e-01,-3.217219830735816837e-03,-4.471652822047404545e-03,-7.085724291870941494e-02,-4.153510778353840249e-02,-1.111523496579162745e-01,-5.281093912584008954e-02,-1.652717433670677638e-01,-1.774757256007379602e-01,-9.660380674856430816e-02,-1.415817807935715045e-01,-1.257927507355625640e-01,-3.310975221431616822e-02,-1.304714691081583500e-01,-1.324368853801411172e-01,-8.563437593372134893e-02,-9.006724819879766142e-02,-6.702708229554579789e-02
7.758487650033218941e-02,8.344882949327014909e-02,1.293882778645050191e-01,1.701601262611813492e-01,1.494858079624273861e-01,3.178616520820753411e-01,4.063329877322724992e-01,3.552371036464990195e-01,1.000000000000000000e+00,4.055529529749490880e-01,4.273617556950660701e-01,3.650226435721012908e-01,2.244807509380275512e-01,3.407387242918863413e-02,7.934272437030026603e-02,-1.465819143192809704e-01,-6.467215244091598612e-03,-7.920541950130277620e-02,-3.769966831981754612e-02,-6.842687649988643539e-02,-4.878775601366569514e-02,-4.195181135764022851e-02,-9.647822014279797131e-02,-1.776741962755575832e-01,-1.275789770454488214e-01,-1.203280238953541859e-01,-2.150985818257185322e-01,-1.422221367811932480e-01,-1.547273734348370844e-01,-1.391056892124934719e-01,-1.130031661606645810e-01,-5.996740156988409481e-02,4.585153017306618783e-02,1.352224537879478938e-01,7.975906736298431221e-02,1.396316351187684712e-01,2.304284257027397476e-01,9.772287764706277802e-02,1.533223769590819074e-01,1.629562990566841563e-01,7.809616310148329021e-02,-2.350492930750283996e-02,7.743001685382874810e-02,8.765264544511069955e-03,1.137584187415354997e-01,8.162539906929873121e-03,-3.109684318076811130e-02,7.781951471683451471e-02,6.665644448975464875e-02,1.099307509238823394e-01,7.883526747085162212e-02,1.240970191737351680e-01,8.489367918361806487e-02,6.855493599408450656e-02,-3.366052083186157201e-02,-2.540596308367400885e-02,-6.257891367242218728e-02,-6.735218963286607186e-02,-5.023771861944369144e-02,-3.088381590978214741e-02,-1.856317306429506875e-01,-3.853849866382320910e-02,7.346151628701332037e-02,-1.536424047117299352e-01,-2.527973315266124343e-01,-1.384807262259102612e-01,-5.819173043347222046e-02,-1.893099447725060391e-01,-1.335407143750151349e-01,-9.249778490660677532e-02,-5.212542376025462720e-02
4.294007170369939369e-02,6.283333773131870303e-02,9.575962613767499687e-02,1.558292933134804992e-01,2.151470025479315928e-01,2.065029778803717797e-01,4.357271963502183931e-01,5.373926432905479222e-01,4.055529529749490880e-01,1.000000000000000000e+00,3.747040235419477616e-01,3.582925585097531118e-01,2.484255684680750365e-01,1.022898806640990671e-01,1.906067791265379785e-02,-1.047781392210819507e-01,4.758072465153390801e-02,-1.095053398553339774e-01,-7.467293125013090005e-02,-7.432682563321502123e-02,-4.794675159453845592e-02,3.648348060101207213e-02,-6.477082461608439645e-02,-1.676646127024616628e-01,-5.565277386766711437e-02,-8.058979972275231995e-02,-1.880339194413766513e-01,-9.159043575973208062e-02,-1.174147901659014087e-01,-1.293189170335875549e-01,-7.036782891150386576e-02,-8.721332200726467088e-02,5.549509760602995556e-02,8.624148687385949086e-02,4.045998383224291145e-02,1.226595015978077380e-01,1.672248386970051903e-01,8.382734501119235015e-02,9.391556004147408321e-02,1.040668662720240500e-01,1.674276259365630945e-02,-5.023702608548626103e-02,1.559541865589465998e-03,-7.027560683198423586e-02,1.156992077817823317e-01,-1.016173463116296256e-02,-8.020936825663998321e-03,7.566862198744978008e-02,1.449366941279432164e-01,1.086727381166426032e-01,1.197151675761765066e-01,1.422424109138792359e-01,5.703323718748493087e-02,5.196222933006122008e-02,-8.748313000762562852e-02,-8.981276402297302952e-03,-1.439279875263995701e-01,-6.118209492893237483e-02,-9.663370757802902666e-02,-5.585420132850599240e-02,-1.439266486771828002e-01,-1.241746003246331151e-02,-2.103873031736218022e-02,-1.409287408509501127e-01,-1.425546478592989996e-01,-2.108673942373540458e-03,1.836828337923218993e-02,-8.656617376693601096e-02,-8.604498339902384718e-02,-4.263943942966157835e-02,-3.873016275801719616e-02
2.768259271540193453e-02,5.317968277981593300e-02,5.067351742747904647e-02,8.208158229631901115e-02,1.235637697523462586e-01,1.513329730263041073e-01,1.983843461992486623e-01,4.614791865221947731e-01,4.273617556950660701e-01,3.747040235419477616e-01,1.000000000000000000e+00,3.504139595639553240e-01,7.889376298600010717e-02,1.326160595770610462e-01,1.131963679359674832e-02,-1.473026250499343826e-01,5.278120040602963560e-03,-1.318411531299071293e-01,4.265388360771889091e-03,-1.176922100474612626e-01,-7.002500897255792278e-02,6.740105981502475530e-02,-1.633231028927473460e-01,-1.714603856890136446e-01,-6.528821111551630363e-02,-1.274740586878416182e-01,-1.611736356910854762e-01,-1.454409779493165689e-01,-1.221520481174769024e-01,-1.417385513052636936e-01,-9.870151044137544238e-02,-1.241310516817667603e-01,4.179046257437391346e-03,3.999702903377010121e-02,3.642307682641840461e-02,1.135493385030068442e-01,1.489972205882713618e-01,1.007110492288583320e-01,1.334563546336961504e-01,1.314291226554113456e-01,2.751654042670078834e-02,1.304444538337297052e-02,3.357429176062293186e-02,-6.569140064635267673e-02,9.213983099085820694e-02,-5.115302644660076753e-02,3.005731486569949290e-02,3.418892968032283958e-02,1.260887141744096718e-01,1.272307529203385856e-01,7.391216739282335801e-02,1.341404192403397588e-01,7.168415829935895212e-02,1.264121346218914643e-01,5.724764123327456128e-02,2.920073135407648054e-02,-6.371620397319280316e-02,-8.200365478013349474e-02,-6.906606365238948664e-02,-6.367633353505165739e-02,-1.899468031221767661e-01,-6.800851177516710477e-02,-4.690910218964143563e-02,-1.799198315993905950e-01,-1.784333729227580989e-01,-1.385992190218052200e-02,-2.861115798194556123e-02,-1.429936459038780305e-01,-8.546432302173614937e-02,-1.428694579883021606e-02,-5.572250533665680516e-02
1.865160420040936143e-02,3.421597025539292042e-02,4.934215524050025725e-02,8.819274466970869475e-02,1.076943852230353438e-01,1.411006642435072844e-01,2.519986593541738151e-01,2.369019865563088134e-01,3.650226435721012908e-01,3.582925585097531118e-01,3.504139595639553240e-01,1.000000000000000000e+00,3.941445887104689239e-01,1.935042329324155319e-01,6.653434438257108119e-02,-2.151873299587946098e-01,8.259930934400766533e-02,-1.016794015330784451e-01,-6.842376001124716479e-03,7.419107330162614568e-03,5.233986341508431450e-02,1.290425740537596844e-01,-1.235086871542855069e-01,-1.815493063106842220e-01,-1.878166757468001380e-01,-1.515125163891011817e-01,-2.659014484897115893e-01,-1.487149733225475723e-01,-1.947187288373446457e-01,-1.721596387052155563e-01,-1.524140453110550686e-01,-9.701216133364226613e-02,3.694729024299203690e-02,1.276638155244961825e-01,7.120511761196798850e-02,2.112414376434579577e-01,2.093833359133589200e-01,8.480166490838804416e-02,2.156398941114027468e-01,1.821642215488387950e-01,1.502086055058934888e-01,-1.611722728285849490e-02,1.180325869349980183e-01,-1.566700380688685126e-02,1.816301392162117945e-01,4.305320810734206832e-02,-3.623114331526013088e-02,8.934298375211813248e-02,1.056401198054360419e-01,1.090265335332427782e-01,8.599320371143633068e-02,1.120166128387954235e-01,7.817130933845396756e-02,1.002092687186783848e-01,-6.857683902258797023e-03,2.597514069389753738e-02,-4.842260500224862541e-02,-1.610958369704888204e-01,-1.488861337417267672e-01,-7.142920469234538550e-02,-2.815677535793073005e-01,-5.020737061145894020e-02,2.287610224925789443e-02,-1.992005603347157261e-01,-2.718512889117489228e-01,-9.747403314292588106e-02,-5.674238466574520190e-02,-2.216633427182680693e-01,-1.379057688701558204e-01,-3.824547802172203331e-02,-1.222941997876532821e-01
-1.026278287993197674e-01,-7.472451372509258949e-02,-7.728471094635519512e-02,-4.391038402410327168e-02,-4.630722716445481030e-02,-4.404020041425163456e-03,1.270231699500954936e-01,8.906595560376460996e-02,2.244807509380275512e-01,2.484255684680750365e-01,7.889376298600010717e-02,3.941445887104689239e-01,1.000000000000000000e+00,2.965998692084379496e-01,3.689579670828074254e-01,4.638536002948506765e-02,2.615282065804953593e-01,1.759411867189795142e-01,1.561831705941557069e-01,1.409667632245663882e-01,-4.659504006367226614e-02,-7.713091425488298458e-02,-1.186153215317811704e-01,-2.826156481827282740e-01,-1.186378528960026907e-01,-2.107954696181943977e-01,-2.023722468804719510e-01,-1.866055051066479453e-01,-1.028008554210875780e-01,-6.728463523837320548e-02,-3.168591362399557354e-02,5.856517411916040139e-02,1.761369378750021752e-01,2.268947447381673976e-01,2.137896630473830883e-01,1.696301983131961177e-01,2.482312959698269594e-01,2.214030973257716806e-01,1.860094396396269056e-01,2.364716892135384774e-01,1.286188031105352791e-01,-4.146475217402742670e-03,-3.543128917729852084e-02,-1.618424769077413949e-01,2.308234218873834141e-03,-8.794961957956576315e-02,-1.355212072250630284e-01,-9.905442648245492421e-03,3.065486788927058656e-02,6.505300605434999328e-02,-2.123918537020162006e-02,6.897568033531279938e-03,-1.182867192342264805e-02,-2.526893830503440866e-02,-6.004896973597100007e-02,7.492760647387775551e-03,-5.648154258836532438e-02,-1.268551898904792530e-01,-6.594535432594948732e-02,1.773841754722616307e-02,-1.152084908716820982e-01,1.864923765597675254e-01,1.947398429973741518e-01,-1.737347507631306631e-02,-1.737548803641198181e-01,-1.240138806323072412e-01,1.268585362126629368e-01,-8.748997161491402219e-02,-2.031463901041067333e-01,2.661602316087807035e-02,2.620570296590963091e-02
-9.501567436274327427e-02,-7.702242490678719300e-02,-2.383968602968541614e-02,-4.070322793149124679e-02,-1.349037479628564622e-02,-8.390958313475707642e-02,1.082069650086297553e-02,-1.575965940406387836e-02,3.407387242918863413e-02,1.022898806640990671e-01,1.326160595770610462e-01,1.935042329324155319e-01,2.965998692084379496e-01,1.000000000000000000e+00,4.549853041455371172e-01,2.839691755180883681e-01,6.128373221299144857e-01,1.407406342662797794e-01,2.703475214013705274e-01,1.422299076310349353e-01,-1.333652532050372819e-01,8.680783110873971364e-02,-3.045552136034448409e-01,-3.707943413124572540e-01,-3.000803759020473915e-01,-2.947647818835303357e-01,-2.758902880537229541e-01,-3.304833532853382327e-01,-6.800896879939287432e-02,-8.012591680166403219e-02,3.055746245231207719e-02,6.636045897358572310e-02,3.128011138699737237e-01,2.649731601858926755e-01,3.026376494571714204e-01,3.541807271146976133e-01,1.784463874306059239e-01,2.551620227242874517e-01,3.625509536953660517e-01,2.202036101120658229e-01,2.930759502870037836e-01,1.332011746538288022e-01,8.394537777885402452e-02,-1.730806656468860949e-01,-2.376142398754491764e-02,2.448615303673547586e-02,1.606137603095052560e-02,-1.353992481980690644e-02,3.411785565829979910e-02,3.032096656981808289e-02,-7.498377304465876636e-02,-8.075822611448610355e-02,-8.839585078619323355e-02,-6.590581559393050848e-02,-5.776157010326512381e-02,-8.012879921911104930e-02,-1.503135199428219104e-01,-2.880220163226981933e-01,-1.319279926812819415e-01,-2.031590040992790891e-01,-2.776024868134810974e-01,1.242728722729827817e-01,-7.162705507503198954e-02,-2.467075042926918094e-01,-1.720526914603210944e-01,1.351300754304986806e-01,2.682980873931357091e-01,-1.331831914602302769e-01,-6.942728934631010873e-02,1.597499610347652699e-01,-6.380463509172336345e-02
-1.560568123122389184e-01,-1.305189302443739152e-01,-1.278508346509221461e-01,-1.201216078600923082e-01,-1.025504792094497630e-01,-1.438811701247140473e-01,-2.846462950701617381e-02,-3.441065847824414242e-02,7.934272437030026603e-02,1.906067791265379785e-02,1.131963679359674832e-02,6.653434438257108119e-02,3.689579670828074254e-01,4.549853041455371172e-01,1.000000000000000000e+00,2.936208460210851801e-01,5.970196781652815643e-01,4.245686222432220602e-01,3.410621225431907377e-01,3.134090031553097844e-01,-1.503637668180244635e-01,-2.006243823869660048e-01,-1.752589083610660015e-01,-3.808311608799916370e-01,-1.204382987985206099e-01,-2.871578016764869123e-01,-1.596134692630381824e-01,-3.026333663014765807e-01,-1.051119385045267904e-02,-2.964955146923369325e-02,1.140714960615960422e-01,8.810836398459263863e-02,2.960380860249389179e-01,2.926487256492771860e-01,3.499177006388294320e-01,2.137112527610193213e-01,2.711883393581756563e-01,3.398765352751012547e-01,1.850720505255341042e-01,2.776530545218012791e-01,1.539342499907347117e-01,4.807067305096706517e-02,-6.117787337222736072e-02,-2.629196698542412003e-01,-9.687258132203141470e-02,-1.525162052829275028e-01,-1.121674776078010888e-01,-1.534910751662237893e-01,-9.185215802938850871e-02,-5.871559971152420570e-04,-1.357265824240445895e-01,-1.238164144998459837e-01,-9.538837553946412362e-02,-1.571081707409316963e-01,-7.788549306811433370e-02,-1.901273213334375711e-02,-6.701766933858013114e-03,-1.201852523101870213e-01,2.413083798330538723e-02,6.516322858274767316e-02,-6.573535989863642237e-02,3.398210444696180277e-01,2.077044403208453127e-01,7.281850936819182427e-03,-1.103481767456580692e-01,-5.884862209897820384e-02,2.923394973244841655e-01,-1.827084166166727600e-02,-1.625317932962308531e-01,1.506671551891754224e-01,1.298858250069630238e-01
-7.807629494811894888e-02,-9.699349960029692019e-02,-9.091615693099504292e-02,-9.331865282901118108e-02,-6.340053081934558799e-02,-1.291071199731023966e-01,-1.185182574242938380e-01,-1.800749505138233009e-01,-1.465819143192809704e-01,-1.047781392210819507e-01,-1.473026250499343826e-01,-2.151873299587946098e-01,4.638536002948506765e-02,2.839691755180883681e-01,2.936208460210851801e-01,1.000000000000000000e+00,4.213787819202073903e-01,4.273824495951465963e-01,3.633080001814204540e-01,1.872334908002850073e-01,-3.373276075439867183e-01,-2.455738278278621622e-01,-1.966328293589982013e-01,-5.420893751977743508e-02,2.003167595305069271e-02,-1.319275374550180902e-01,2.155763655797456324e-01,-1.172153255580762471e-01,2.815004487413286793e-01,2.308256562902439302e-01,3.286264583101066172e-01,2.647539573553566172e-01,3.210407273182743770e-01,1.814102623321677335e-02,2.616162656265204611e-01,6.847104016755644305e-03,-1.674005594028339372e-01,1.982646474566073791e-01,-2.048039751737896000e-02,-1.052854845818546603e-01,2.419205451531678333e-02,1.704942046199670602e-01,-2.299093550245770445e-01,-2.978071071229894673e-01,-3.272993669229732894e-01,-1.683309945721520595e-01,-1.026972050652612684e-01,-2.523974431048515155e-01,-1.913360679011921195e-01,-2.013509525009676837e-01,-2.419696996829873714e-01,-2.798444790795438508e-01,-2.212880586685170015e-01,-1.593658795621658852e-01,-1.679310894010193830e-02,2.068164207528636056e-02,1.290715786701148587e-02,7.732774966061424851e-03,1.211775236659553417e-01,6.275448532430821791e-02,1.716826904971378298e-01,3.250035118956772218e-01,-5.895906607274248312e-02,1.073702902588728747e-01,2.948474809233766480e-01,3.244690343833369073e-01,4.476939229414510502e-01,2.871284825503891969e-01,1.770556250589957747e-01,3.550799800960758312e-01,2.081014147873871678e-01
-1.124424163082667488e-01,-1.096576904182034046e-01,-7.821295347577077173e-02,-8.224238310115575268e-02,-6.319903515334035493e-02,-1.336208376222053351e-01,-3.906824074788915052e-02,-7.389426264717323389e-02,-6.467215244091598612e-03,4.758072465153390801e-02,5.278120040602963560e-03,8.259930934400766533e-02,2.615282065804953593e-01,6.128373221299144857e-01,5.970196781652815643e-01,4.213787819202073903e-01,1.000000000000000000e+00,3.523101630003925289e-01,4.547437564798866849e-01,1.906860273602059008e-01,-2.397146397956531894e-01,-9.617966488846436957e-02,-3.721323991375385942e-01,-4.348362031777240899e-01,-3.068036773815658314e-01,-3.940707360018906869e-01,-2.141606458452176565e-01,-3.991148546525982166e-01,-4.877149598219650273e-02,-1.328224285951853934e-02,1.343671172956229232e-01,1.599969428881294065e-01,4.392219641568436139e-01,2.992289184328632556e-01,4.309245520029165166e-01,3.431363357329498265e-01,1.768607028857523689e-01,4.109787966843863605e-01,3.700392296256431734e-01,2.724777691934126000e-01,3.232508937091813639e-01,2.073000614046230372e-01,-2.409500653058474842e-02,-2.699739155265796220e-01,-1.451483628766576384e-01,-4.952033883983395640e-02,2.021402645716465635e-02,-9.125830932263759299e-02,-4.066574425775107415e-02,-5.431787131918973388e-02,-1.724889994816693750e-01,-1.958551207772633029e-01,-1.804678186482344959e-01,-1.781046282794815361e-01,-9.547732221416382892e-02,-1.212884589463503054e-01,-1.141664923420626226e-01,-2.614631975397988528e-01,-6.348517918926903369e-02,-1.224133521974895417e-01,-1.745299408445611378e-01,2.979614184032124968e-01,1.134066593317965832e-02,-1.956008362578521564e-01,-1.403724620005944168e-01,1.379560551823074965e-01,3.848416504320709697e-01,-1.013069449283055118e-01,-7.642967138530533389e-02,2.508227590566746157e-01,-1.661744787416802663e-02
-1.286302489546402028e-01,-1.108536754364697341e-01,-1.577506279552207402e-01,-1.497211639493084279e-01,-1.483657801754300343e-01,-1.471837464750953006e-01,-1.318286472168656021e-01,-1.950644714255568013e-01,-7.920541950130277620e-02,-1.095053398553339774e-01,-1.318411531299071293e-01,-1.016794015330784451e-01,1.759411867189795142e-01,1.407406342662797794e-01,4.245686222432220602e-01,4.273824495951465963e-01,3.523101630003925289e-01,1.000000000000000000e+00,4.993090946187828671e-01,5.083223393190685613e-01,-1.578714169544152279e-01,-3.239075204651751250e-01,-3.005772726085288032e-02,-1.410943423990748125e-01,1.275482649561516246e-01,-1.478013279765770516e-01,1.981520116119029062e-01,-5.624957217155699546e-02,2.046870136923561456e-01,1.978819763005032484e-01,2.879844948166098706e-01,2.186159634968156962e-01,2.488588637850324969e-01,1.522633435693013793e-01,2.779770634129380968e-01,-4.011761761857794706e-02,2.736741892425149578e-02,2.714660727951183627e-01,-8.134029936033783381e-02,9.741396736934496148e-02,2.760320838405966315e-02,-2.309943175946585492e-02,-2.830355759675228788e-01,-3.297683607791611626e-01,-3.165249459194566795e-01,-3.022347066872327348e-01,-2.668550122246139411e-01,-3.367167294712481440e-01,-3.048713013906499958e-01,-1.846993323967920653e-01,-2.622666440630537221e-01,-2.612036443299981525e-01,-1.991185828972175942e-01,-2.161603224599430162e-01,-3.524888355198073104e-03,5.946916445356174863e-02,1.534548499775490460e-01,1.234965108136782119e-01,2.025191775355967283e-01,2.324739731381036956e-01,3.259325466994146270e-01,4.686315136096243505e-01,2.570790493021823941e-01,3.348470716681216097e-01,2.413364590677544164e-01,7.818393156753858028e-03,3.624001996389628055e-01,2.588941547260376619e-01,-8.491688761546047071e-02,2.207960808534509822e-01,2.453874405519482771e-01
-7.178449898129868334e-02,-7.446854069670962029e-02,-5.127887111330352299e-02,-7.624611383954545130e-02,-1.079065156539900927e-01,-7.258195144062440374e-02,-1.215795795461663137e-01,-1.059226996674811350e-01,-3.769966831981754612e-02,-7.467293125013090005e-02,4.265388360771889091e-03,-6.842376001124716479e-03,1.561831705941557069e-01,2.703475214013705274e-01,3.410621225431907377e-01,3.633080001814204540e-01,4.547437564798866849e-01,4.993090946187828671e-01,1.000000000000000000e+00,1.383847152213693588e-01,-2.543986113732608634e-01,-1.534492356429845994e-01,-4.049419354788587055e-01,-2.535189417710602133e-01,-2.500101448897450451e-01,-3.816361735295065727e-01,1.951007592427155338e-02,-2.911058340869509542e-01,6.839377927510470467e-02,1.401544147644543659e-01,1.922510261160288725e-01,1.861017329315355073e-01,4.017107741049466552e-01,1.702708461141239360e-01,3.831857928175771422e-01,1.397039207506446667e-01,1.382895272995124554e-02,3.542096817317623159e-01,2.608164369270324912e-01,1.935671882793310039e-01,2.212016504067911282e-01,2.246098822188431765e-01,-1.479244392671789643e-01,-3.127898012916037196e-01,-2.689370821074240636e-01,-1.827769507174963892e-01,-8.796966470108308345e-02,-1.811189141611834197e-01,-1.558553856285169736e-01,-1.375204970500765178e-01,-1.836050940180181112e-01,-1.814763696790756276e-01,-2.038449516558263619e-01,-1.506164271492428930e-01,-4.707118198065991105e-02,-4.975843121706823025e-02,6.837571542124547264e-03,-7.403206531915001998e-02,3.270567854424995258e-02,4.712461988217339637e-02,5.086753022932294366e-02,3.253697145968726945e-01,8.592068895960493224e-02,3.327419335352598678e-02,2.935981591518484549e-02,8.649117162929564895e-02,3.390488715459034075e-01,-3.561231599373271706e-03,-5.482674381779555767e-02,3.145034895176321843e-01,5.713123582769568526e-02
-1.361262834520301501e-01,-1.238350296416624308e-01,-1.375665058728561541e-01,-1.419419800684106892e-01,-1.043509298109801253e-01,-1.274985991178048395e-01,-5.212447970934240560e-02,-1.898276270081402928e-01,-6.842687649988643539e-02,-7.432682563321502123e-02,-1.176922100474612626e-01,7.419107330162614568e-03,1.409667632245663882e-01,1.422299076310349353e-01,3.134090031553097844e-01,1.872334908002850073e-01,1.906860273602059008e-01,5.083223393190685613e-01,1.383847152213693588e-01,1.000000000000000000e+00,2.599893374167567273e-01,4.417761225177744416e-02,2.615187531553483380e-01,-1.339480479159506354e-01,1.079162915236736714e-01,-1.536321996636292285e-02,9.008601320678719451e-03,-1.146162028121554613e-03,2.110699671799231431e-02,-7.367850044696803991e-02,2.864396199124443626e-02,-2.625372837436449822e-02,5.470920281301330096e-02,2.615856863549995137e-01,1.160348298122581001e-01,6.704780306431872006e-02,2.161707572406145750e-01,1.394551830219321054e-01,-6.285713492423679327e-02,2.101580576607121886e-01,-4.908618559887432953e-02,-3.103619497932169624e-01,-2.302250775771431945e-01,-1.862375376456126830e-01,2.306020015592772504e-02,-2.728117602383543505e-01,-3.158902364671297702e-01,-3.195017900216006179e-01,-3.328025541430690293e-01,-7.811731239116168068e-02,-1.669099562745691434e-01,-1.518954644086574768e-01,1.364171097203638501e-02,-3.314989204695282382e-02,1.383924188562503932e-01,2.256855916041961008e-01,2.705082710565382964e-01,1.527248639549677600e-01,1.856907938256741886e-01,2.858648215585741781e-01,1.973399585844144988e-01,3.249241727134693503e-01,3.552424755427999736e-01,2.443557718180437710e-01,9.460250418872016842e-03,-1.956227227054088968e-01,1.102790578634946506e-01,8.348408094557885351e-02,-2.944143293773853753e-01,-5.543240646973612157e-02,6.142054354654789133e-02
-4.723894222637530990e-03,3.736401244124323839e-02,1.654423787109254168e-02,1.778645472743142775e-02,4.122218247842789757e-02,3.620562612509209410e-02,5.779264084731539075e-02,2.016737705257847131e-03,-4.878775601366569514e-02,-4.794675159453845592e-02,-7.002500897255792278e-02,5.233986341508431450e-02,-4.659504006367226614e-02,-1.333652532050372819e-01,-1.503637668180244635e-01,-3.373276075439867183e-01,-2.397146397956531894e-01,-1.578714169544152279e-01,-2.543986113732608634e-01,2.599893374167567273e-01,1.000000000000000000e+00,5.065153976317827711e-01,5.332185324167125762e-01,2.855007723927884267e-01,1.848650267827665894e-02,3.273493233464350172e-01,-7.989070977149385910e-02,2.139194618576136797e-01,-1.804908296423048120e-01,-2.270294510043005531e-01,-2.898146619841265315e-01,-2.884779106161775575e-01,-2.535294750608481085e-01,1.012665808651374982e-01,-3.118707868987765086e-01,-4.393021362427339260e-02,6.724748415301402826e-02,-3.050268617716375141e-01,-1.826085240752500088e-02,8.763824062781086499e-02,-4.477061364588264675e-02,-3.372651941548920340e-01,-1.600577385886825174e-02,1.849436577737815779e-01,2.817693567000659760e-01,-1.333664629768758700e-02,-9.156432441417876322e-02,6.482234404414373430e-02,-4.925698200786170211e-02,9.316006208244911879e-02,1.600132325444204862e-01,1.961105273350721434e-01,1.833012255463523088e-01,1.703551162962731458e-01,1.297784413069771603e-01,1.320541263395683396e-01,2.664145345878934923e-01,1.498607476496645052e-01,-4.143697151390539346e-02,2.202403311098388439e-01,3.961793840689256663e-02,-2.255059163332453764e-01,1.837289403743891103e-01,9.018425380272232506e-02,-1.564489821250496793e-01,-3.485812837057155056e-01,-4.093132324983550507e-01,-2.384014615613537225e-01,-3.740082794902706009e-01,-4.483582503395281971e-01,-3.519798135247749205e-01
7.206057764720981418e-02,6.968467862944849323e-02,6.730641855762109493e-02,9.205630077263325661e-02,1.060288638062403394e-01,8.199721925610421736e-02,1.152623034940019470e-01,8.331311556316563227e-02,-4.195181135764022851e-02,3.648348060101207213e-02,6.740105981502475530e-02,1.290425740537596844e-01,-7.713091425488298458e-02,8.680783110873971364e-02,-2.006243823869660048e-01,-2.455738278278621622e-01,-9.617966488846436957e-02,-3.239075204651751250e-01,-1.534492356429845994e-01,4.417761225177744416e-02,5.065153976317827711e-01,1.000000000000000000e+00,1.669789052778803684e-01,1.886828987388920464e-01,-9.162527487894418787e-02,2.255118229715418476e-01,-2.729284570969660040e-01,1.156819746197618459e-01,-2.840599237525726073e-01,-3.733233337601641333e-01,-3.467956423800755417e-01,-4.253512809393819594e-01,-2.573432192184285650e-01,-2.939272729669733727e-02,-3.216198951426808006e-01,1.160208081351035980e-01,-2.427854760327705433e-02,-2.744836280031386910e-01,1.149316722275815356e-01,-4.677880332235249267e-02,7.673868735785641104e-02,-1.843916208625056008e-01,1.164487572998890441e-01,1.699562250381703721e-01,3.905278272772209069e-01,1.420175256072882530e-01,5.205156675082654727e-02,2.368234727102247750e-01,1.397906525396160615e-01,1.248552623908814885e-01,2.842806902665084290e-01,2.885327621997509917e-01,2.311336359365559756e-01,2.576969608467425399e-01,1.775504394876774028e-01,1.773314685553010750e-01,9.926676854492479107e-02,2.192093450917016392e-03,-1.736471060167964764e-01,-5.258125098933875974e-02,-2.706814314680380251e-01,-4.933546309475719260e-01,-2.791291763434886608e-01,-3.326942397134733942e-01,-2.322124929164246510e-01,7.199368971740108779e-03,-4.203715407142800675e-01,-3.435659006885302125e-01,-1.542464777778453644e-01,-3.067374405845428864e-01,-4.049096185445901219e-01
