0.000000000000000000e+00,2.674987426129317794e-02,3.851149596598309882e-02,1.859955511475160431e-02,1.626971996183202394e-03,1.432758355531729005e-02,1.048627036179461229e-02,5.999746148505858898e-04,4.312457242479456228e-03,3.026572099037470442e-03,3.226425556137760622e-04,2.725805370594590587e-03,1.494217516703172160e-03,2.657775125592953271e-04,1.249912125835234101e-03,4.634501002383457219e-03,5.116842203032160447e-03,2.127911641133770765e-03,1.056588244232600088e-03,4.629908354010326766e-04,3.440967274879043426e-04,1.904536465840145614e-03,6.959925419069661187e-04,8.525696790866237008e-04,4.428395589855351963e-03,5.872586583224391043e-04,2.562851656117782280e-04,3.312711461900677296e-03,9.806417494999334489e-04,1.394354013327595422e-04,2.406665997836815452e-04,1.905630765474004449e-03,5.958117832954367777e-04,3.212176799611564642e-03,1.180105250579024413e-03,5.894209599505911357e-04,9.166757775258960314e-04,2.887319410041918125e-03,2.660271633427042232e-03,5.362283168643551187e-03,3.380123634753472075e-03,1.223650697011821479e-03,3.096166009238942207e-04,9.604293810698145408e-04,1.155198308508477087e-03,2.638528491805029546e-04,5.654064828979711360e-04,1.259593863144279182e-03,6.228627012744512295e-04,2.762993580511155360e-04,6.004798118129170284e-04,5.811336403846530281e-04,5.824531740693700580e-04,2.686674071223247359e-03,1.380028784355845188e-03,9.436683153706469608e-04,8.340228109147498643e-04,5.562311636477284193e-04,1.891552370193969133e-03,7.464597352135492105e-04,1.374081297274488316e-03,1.952015550367914199e-04,2.349522474098125497e-04,7.767138280542593316e-04,4.628924586659699091e-04,1.333796822550068417e-04
2.674987426129317794e-02,0.000000000000000000e+00,3.874236707663622492e-02,1.028960415720205947e-02,4.379506710378401960e-03,3.264289253653513204e-03,7.689832316000025370e-03,4.734078390507479722e-03,4.807760871665753689e-04,5.556256989658156509e-03,7.095530807801226367e-04,8.726857001680691367e-04,5.448117215125870827e-03,1.943486858856795815e-04,3.296699768752320639e-04,7.501031661735062597e-03,7.795703009380285792e-03,5.277260456412853021e-04,4.625573420721927793e-04,2.571188412488876899e-04,3.920200507350868986e-04,2.503451873315163095e-03,3.722844850462995818e-04,9.868537057804922016e-04,2.817464945435189331e-03,2.742106009078669688e-04,4.503917851887272606e-04,2.109181290406836502e-03,2.608977770076597712e-03,1.151930788268707264e-03,5.333841647784527381e-04,4.678085784180007617e-03,5.607382127605124115e-04,5.684842711590248811e-04,1.726707627219009004e-03,4.957383531180781970e-04,1.265319611591266121e-03,2.159614771892949970e-03,2.326183854441582488e-03,1.412533410903570171e-03,2.150597485966228815e-03,1.672544134258412965e-03,2.013855692044666794e-04,1.062099908097338371e-03,8.097860970448634123e-04,4.117816715145929075e-04,6.333756832302814190e-04,1.159314819728087973e-03,5.017598042092605510e-04,1.151801013060565473e-03,6.070612718728598308e-04,2.988452318282378700e-04,6.206754317099129380e-04,2.586244450153556921e-03,1.410411284757640080e-03,8.871378059513057752e-04,4.157584765483382928e-04,7.506516591464820450e-04,1.403951925379301252e-03,4.970475202202060240e-04,5.248472766691943342e-04,4.406765077093777205e-04,2.903801293468648379e-04,3.879745815617118964e-04,3.663758866439204486e-04,4.723293798434145450e-04
3.851149596598309882e-02,3.874236707663622492e-02,0.000000000000000000e+00,2.200860898500110741e-02,3.249966404954362544e-03,4.883835198578951459e-03,1.746331818945472125e-02,1.227313790344032899e-03,5.210594864532386468e-03,9.260610966213368711e-03,4.842464237578576053e-03,4.563802772833115695e-03,9.699367497544027217e-03,2.369454487439407852e-03,1.728930622196723230e-03,1.485102726985596498e-02,6.457730634582861153e-03,9.783691966154311678e-03,3.677365856776484976e-03,1.795362442224416103e-04,4.420057740023357828e-04,7.895159535108952492e-03,1.464449035643693338e-03,5.222821102405120295e-04,3.936702705231104674e-03,3.082712470704423286e-04,1.148090042864088629e-03,2.207442930077090429e-03,4.662988110767454959e-03,7.041698601238707139e-04,7.250092119327526891e-04,6.031552593155122162e-03,2.323630482294805741e-04,2.235263034046243175e-03,1.413837610952720742e-03,1.507694241193735735e-03,2.024180041869375578e-03,1.720827379395904527e-03,3.367009909315509843e-03,2.774988530435651066e-03,3.977292993287282613e-03,3.314799106702475198e-03,2.330954820642828368e-04,1.529660027783991214e-03,2.139386651669769428e-03,3.465438618148499448e-04,4.180858289502471553e-04,1.509558666135944836e-03,3.726401094009085626e-04,7.947568013826464186e-04,1.257405727205354378e-03,4.953706785030877755e-04,2.947351417242039494e-04,2.685019701349225085e-03,1.292991325349710343e-03,7.178362126243945616e-04,1.818554248997564108e-03,1.480728191695071007e-03,2.190142258310043451e-03,9.111343300952035257e-04,1.855769408130820758e-03,2.631197109100400638e-04,1.520518578700193885e-03,4.189365131921266136e-04,1.009944388295899590e-03,7.482397900449344651e-04
1.859955511475160431e-02,1.028960415720205947e-02,2.200860898500110741e-02,0.000000000000000000e+00,8.298108627591664621e-03,1.882147529673184813e-02,4.638880638078390906e-02,2.337628106749763124e-02,7.441839352540799944e-03,1.248974964602058563e-02,1.654388817189219847e-03,9.917888454517980248e-03,1.770595386786345815e-02,1.822179672756537704e-03,5.418525189144911963e-03,2.986729437646306468e-02,1.808619139683801877e-02,8.169858316990847094e-03,2.212057292930443703e-03,4.503920667427263429e-03,9.936174614486581718e-04,1.091808142033505935e-03,3.605547992534924003e-04,3.420274195815298495e-03,6.993357799640648360e-03,1.135718509613178016e-03,4.073142848321926459e-04,8.669442270623162194e-03,1.851927543772941128e-03,4.059456945258139797e-04,1.592698190387840940e-03,4.526748329293867057e-03,1.277971990184385799e-03,5.989338939883336391e-03,2.283975847968943481e-03,8.573262097159160171e-04,2.413808986407409672e-03,2.106959230400037419e-03,2.602095013511982347e-03,1.943796281191972723e-03,2.981504410417561320e-03,2.018251242471489487e-03,1.100514991657354025e-03,3.810223777930263670e-04,1.158382225814727712e-03,4.601407405170144030e-04,2.043333846664446059e-03,8.283615984371411022e-04,2.357452151393937649e-03,1.014673978275643876e-03,1.043797511483645322e-03,1.246124122238502236e-03,5.801284318447752844e-04,3.130345029173293644e-03,9.052576317270524201e-04,8.391979768345464875e-04,2.046282005152623082e-03,9.705551114923817403e-04,1.489618187426852963e-03,5.582982354098026947e-04,9.924230074347007314e-04,5.483914073639524272e-04,1.129013057245425089e-03,3.694402040383963810e-04,4.485270035574447545e-04,1.101313845236750631e-03
1.626971996183202394e-03,4.379506710378401960e-03,3.249966404954362544e-03,8.298108627591664621e-03,0.000000000000000000e+00,1.837958593667925189e-02,9.208693862198945312e-02,5.751307779437584561e-02,1.001062207671454471e-02,5.264208753468975488e-02,2.735291366284631903e-02,2.922075810086448115e-03,4.624813868222871910e-02,1.538129823469890772e-02,2.454471620958444556e-03,3.984864493618588133e-02,8.796068296053194749e-03,1.387992964440245593e-02,1.812250874057109735e-03,1.144333171987004481e-03,2.054077866731235900e-03,2.494336127026746102e-03,4.012078869406228302e-04,1.052291432580340809e-03,3.196983598947893915e-03,4.102103003197452458e-04,4.763456891367449909e-04,4.154261082418605165e-03,2.607600173613461129e-03,1.066213209918278389e-03,1.415328167397768809e-03,7.107948869734868544e-03,6.302076726527311825e-04,1.988966235193711726e-03,7.597184943202066679e-04,2.279783738330884782e-03,3.917402111635890152e-03,2.686720072539838366e-03,4.211195484146414841e-03,3.458782558018654377e-03,3.224958889190357187e-03,2.256596589709595427e-03,3.277652860949063166e-03,1.026055145515530941e-03,9.371744314014299150e-04,6.664985408604326813e-04,1.354374404967714947e-03,6.180906151203062124e-04,1.539659669648865302e-03,5.161639280859542638e-04,2.302967844694407684e-03,3.354156150349684156e-04,1.319249387739062848e-03,3.433787185384906421e-03,2.755358383350306646e-03,2.388626703042480599e-03,1.407584276814247224e-03,1.165520701958623574e-03,2.055331434921045010e-03,8.514903989398668127e-04,1.483354347681564408e-03,4.792179659763901750e-04,5.691996498469292483e-04,6.377466672266486223e-04,4.720748051528553106e-04,1.816638118572826447e-03
1.432758355531729005e-02,3.264289253653513204e-03,4.883835198578951459e-03,1.882147529673184813e-02,1.837958593667925189e-02,0.000000000000000000e+00,9.239335308853595385e-02,1.064191709637694883e-02,1.597406629607765402e-02,1.655662387433492685e-02,1.662831215464966386e-02,2.611772598998099437e-03,1.038212605059597726e-02,9.392155410214580308e-03,4.195596204889466725e-03,3.170308407850071231e-02,7.926188211865916114e-03,9.042536528488380118e-03,4.399863939274763387e-03,8.915408226039492779e-04,5.551141376465293722e-04,7.720842689363094716e-03,4.299578033718808208e-03,1.219283232516430631e-03,5.673119276756792735e-03,1.171039868792694274e-03,2.981254166189029574e-03,4.249215688206789063e-03,5.394720737736771396e-03,1.798954435596804681e-03,1.794720719225264280e-03,7.901947775705683158e-03,1.996491248196617316e-03,4.183748199305978993e-03,3.062182199494878181e-03,2.815338900612267183e-03,4.468491829052309225e-03,5.258441846604661359e-03,5.673650349882148128e-03,5.962081708664866524e-03,1.149996950806847495e-02,5.981482621737490256e-03,3.477921966130421787e-04,1.091009843638541393e-03,2.456059235221389695e-03,3.996147443278716491e-04,1.002856296548392933e-03,1.414320532326553657e-03,1.060323262889011509e-03,9.406384694719183062e-04,9.232887275587232023e-04,1.302507235530514854e-03,3.459545936669934825e-04,1.187281478088521563e-03,1.772385776701580892e-03,1.344610666176292721e-03,3.342410665370867864e-03,1.596245054953391489e-03,2.328417462639158480e-03,1.035260881668822889e-03,1.109848258097989680e-03,5.437659012691536909e-04,3.616317573888673423e-04,1.114529116961292384e-03,8.152371926550450350e-04,9.309876353844947832e-04
1.048627036179461229e-02,7.689832316000025370e-03,1.746331818945472125e-02,4.638880638078390906e-02,9.208693862198945312e-02,9.239335308853595385e-02,0.000000000000000000e+00,2.411056012622978320e-02,4.725270675382263301e-03,6.322402894856098479e-03,2.311179748762466277e-02,7.592623984168119129e-03,4.444965628676841862e-02,1.267698837605250352e-02,2.574059643623133158e-03,8.249813042787890183e-02,3.299896508601293799e-02,1.746327288648119938e-02,9.042326092529254927e-03,6.511020127897778481e-03,3.693253147468510567e-03,3.584917861022662421e-04,8.998835866276082285e-04,5.701930857943534811e-03,9.407437584764746438e-03,3.500660404501359114e-03,5.197050432883065047e-04,1.206704117317836111e-02,4.374035199118838681e-03,2.025496360954661020e-03,1.544056434304709414e-03,1.803326875638188581e-02,1.416004279718229919e-03,5.979093646703756079e-03,2.357903432405452759e-03,9.127600867189235821e-04,6.667847512151751747e-03,3.691807725098071938e-03,8.549986529499297577e-03,8.157322395917255414e-03,4.992453766240554508e-03,5.210265793628202600e-03,1.275732529324141067e-03,2.880620154229558780e-03,2.338187457781563342e-03,7.906213146797471357e-04,2.424225616592400739e-03,7.504540126844094121e-04,2.828188891046743911e-03,1.823699120114411062e-03,1.845909234292758983e-03,7.200879752870004711e-04,9.350898071594475206e-04,4.564676503494857936e-03,3.445966505139904691e-03,2.089449701404211355e-03,1.188395496597396961e-03,8.325059093291853948e-04,6.740586436997714941e-04,3.992350426931150567e-04,1.002647078565438183e-03,6.365513066047162908e-04,7.169230460257921796e-04,9.432934736335666075e-04,6.190833256902047131e-04,9.550162790905814209e-04
5.999746148505858898e-04,4.734078390507479722e-03,1.227313790344032899e-03,2.337628106749763124e-02,5.751307779437584561e-02,1.064191709637694883e-02,2.411056012622978320e-02,0.000000000000000000e+00,3.310294589963902901e-03,4.707247620513171568e-03,5.917591593530278915e-02,4.888211500121388692e-03,1.453766650588587256e-02,3.643276625207848840e-02,1.343508999887916763e-02,5.700345057808813010e-02,8.609198490936685599e-03,1.666576963734243619e-02,1.942187623032031732e-03,9.456811392166844868e-04,3.124963713041245972e-04,7.478842163039023990e-04,1.538078111815401137e-03,5.108050498142050876e-04,2.340120933840083607e-03,3.675701707480095309e-03,3.177774704284932420e-03,2.225787509586804516e-03,4.016269489879722120e-03,2.055157116934889453e-03,1.080417559041425965e-03,9.892565842204607135e-03,6.266362842165140723e-03,4.338237398644373584e-03,1.285022311338779874e-03,3.029841524591191798e-04,9.542634902780014732e-04,6.571916530813307067e-03,5.638429413305679101e-03,8.925475863226737042e-03,1.080789752518552388e-02,1.518330493018492594e-03,5.749119189750850033e-03,3.253970520784974950e-04,2.590614839210326863e-03,1.671657331446427166e-03,1.159496948006738743e-03,1.422303468144584925e-03,1.489886484063015527e-03,9.907773350444841042e-04,3.066448545800089416e-03,3.522576276039490880e-04,4.671701282154661723e-04,1.468787864214350734e-03,6.285987734059637986e-04,4.802257030136749204e-04,6.995464782905117971e-04,5.394979676919736461e-04,6.115598894920434066e-04,6.831540135324999348e-04,5.762689922796086382e-04,7.931272003999331093e-04,1.469835440697637736e-03,6.808616340182802040e-04,7.505647284342517253e-04,1.585021339266531794e-03
4.312457242479456228e-03,4.807760871665753689e-04,5.210594864532386468e-03,7.441839352540799944e-03,1.001062207671454471e-02,1.597406629607765402e-02,4.725270675382263301e-03,3.310294589963902901e-03,0.000000000000000000e+00,4.138298111221311998e-02,5.889315551384512182e-02,1.407203182917254880e-02,8.543809017721315166e-03,2.213595156209976350e-02,6.008644075977080147e-03,3.046224248215077465e-02,4.490999409495595278e-03,4.681558576553006452e-03,3.377479279003619324e-03,6.987485437320099281e-03,2.569442619791373296e-04,7.582174405995584926e-03,5.180212022213418616e-03,8.034423157272712820e-04,1.575543600338443623e-02,1.353363045746166842e-03,1.313377483869846004e-03,6.995624973318592156e-03,2.625323464333475902e-03,4.531966686511536974e-03,3.867146741130712048e-03,1.322456139967459476e-02,7.890035488412491110e-03,3.624616877295893692e-03,9.112454925311900752e-03,1.072506658258956655e-03,3.739836307329782138e-03,1.104411264305219485e-02,4.468765166517715826e-03,1.077684890830171542e-02,6.472965774832892955e-03,2.647678011042722390e-03,5.906768816303744393e-04,5.855369790131626818e-03,8.677558456491898248e-03,1.056120256184440651e-03,1.130318015329437754e-03,5.092447044657035828e-03,1.603113019098584236e-03,3.581843172972964864e-03,8.999152339021205919e-04,4.763068052697561126e-04,1.049281799846067415e-03,2.148826156208617603e-03,7.509615580465195525e-04,1.202599383560187677e-03,1.220292061255062212e-03,4.955272831849692359e-04,6.818208671345695263e-04,6.517816793506322126e-04,1.649607308899917130e-03,3.717348238309089569e-03,1.263444124619377169e-03,6.967970028264056440e-04,1.494633905187548167e-03,8.034479274642108938e-04
3.026572099037470442e-03,5.556256989658156509e-03,9.260610966213368711e-03,1.248974964602058563e-02,5.264208753468975488e-02,1.655662387433492685e-02,6.322402894856098479e-03,4.707247620513171568e-03,4.138298111221311998e-02,0.000000000000000000e+00,7.384802346067889656e-02,3.291551319368100914e-02,4.646265281612407816e-02,1.784378014050589517e-02,1.370359972766514202e-02,8.442853201200314905e-02,5.111297087842701925e-02,2.411838926020770657e-02,1.755802365798858275e-02,5.273406668775080033e-03,4.533916660230247024e-03,1.667376554573483417e-03,1.503060290470405614e-03,1.020640080348546135e-02,1.266369928791257968e-02,5.942415060709893213e-03,1.453256777339653359e-03,1.498453332527985814e-02,4.732771000233354335e-03,2.461243373934632502e-03,9.325183423040330107e-04,1.569718884450663904e-02,2.032181022982239467e-03,7.539067913234238222e-03,4.180584451279279780e-03,2.986164539215516341e-03,1.009121032980759940e-02,3.776165072638205510e-03,1.191010576870722530e-02,7.619341811432063863e-03,4.687990228697183105e-03,7.196962849480329286e-03,3.148217193916396425e-04,5.967576858043299216e-03,1.902739968478454414e-03,7.994273806552314177e-04,1.594291547682497728e-03,3.107472653761380547e-04,3.838435881870309700e-03,2.481925946867908142e-03,8.811949081197797528e-04,5.117376955015185292e-04,5.001726606169474383e-04,3.069113376547335896e-03,4.481655950791434487e-03,3.605844712653191644e-03,8.330122807195776283e-04,7.103731751072500265e-04,3.367506145045980038e-04,7.903357043980652414e-04,1.373220206872590972e-03,2.556849248755989584e-04,8.807347774872017771e-04,5.012971525629393273e-04,1.999907795441101591e-04,9.905234253202055850e-04
3.226425556137760622e-04,7.095530807801226367e-04,4.842464237578576053e-03,1.654388817189219847e-03,2.735291366284631903e-02,1.662831215464966386e-02,2.311179748762466277e-02,5.917591593530278915e-02,5.889315551384512182e-02,7.384802346067889656e-02,0.000000000000000000e+00,3.602443894807730394e-03,4.179140467166038084e-03,6.785530048944746380e-03,8.235810267018453534e-02,2.540393482573632955e-01,6.690361418470998356e-02,7.843880650481266370e-02,3.461935205380948372e-02,1.197909719177198302e-02,1.259529445092961997e-02,1.816537581849289942e-02,4.539575662320570471e-03,7.366356912806415642e-03,6.285986204896457791e-03,4.063092636644461894e-03,3.313995468627522339e-03,4.796084933591480970e-03,2.000611563153550237e-02,2.087503346700866902e-03,6.222783415160250756e-04,2.214856920752277664e-02,1.246446429018850189e-03,4.178516785992804870e-03,1.823486895372544801e-03,6.491469346872345662e-03,2.700401004851353537e-03,8.107327499736877857e-03,9.419901157316518808e-03,5.869796984351853542e-03,1.106866075401960817e-02,5.230671040309387010e-03,2.409673798454476344e-03,1.760051446721426667e-03,2.506342432922935726e-03,5.523625382213123887e-04,2.100137448757690480e-03,3.948830482192277821e-03,2.043720039345296724e-03,2.900030889078150241e-04,1.194930518598775766e-03,3.271237414557680041e-03,1.000248484238945188e-03,2.527332538292005994e-04,6.812205069452593846e-04,5.894856939087120100e-04,4.786349629958889487e-04,7.325170283515128897e-04,3.841806175660684585e-04,1.197974413437543186e-03,3.534947292471951694e-04,1.199532128345862916e-03,1.849940057646335193e-04,1.668742693013608273e-03,1.132619069856818971e-03,4.571740868377402022e-04
2.725805370594590587e-03,8.726857001680691367e-04,4.563802772833115695e-03,9.917888454517980248e-03,2.922075810086448115e-03,2.611772598998099437e-03,7.592623984168119129e-03,4.888211500121388692e-03,1.407203182917254880e-02,3.291551319368100914e-02,3.602443894807730394e-03,0.000000000000000000e+00,4.568475303950767126e-03,1.507493357693171984e-02,1.326690240886758271e-02,2.074542697113909706e-01,8.835988727112041585e-02,3.391080721415751925e-02,3.345089217234472473e-02,2.757716705914185946e-03,2.243934839088759358e-03,3.176659028491015530e-02,9.048888383799302826e-03,4.271225525980539527e-03,4.930792565945692207e-02,3.744324048821571181e-03,1.805479373759814529e-02,6.319942849869210864e-03,1.267045119992844977e-02,1.025791814911826243e-02,2.125849277439559575e-03,2.576861044790226471e-02,2.564265761683973740e-03,1.140677732217737668e-02,1.130238274159483559e-02,1.005895213137949877e-02,6.127619207272992988e-03,5.165153510016218079e-03,1.089110093819970967e-02,1.405908049510303480e-02,1.233129102474701984e-02,5.554128575420044268e-03,1.630198597823826270e-03,7.398399300469963094e-03,6.265113526053025031e-03,2.375664013294385979e-03,3.349088005293343519e-03,5.391598752299920326e-03,6.491751159341195001e-04,4.237218553175799499e-04,6.166255207968789152e-04,7.952701741450228859e-04,8.824909711570186159e-04,2.651985781278327122e-03,2.182061787886920099e-03,1.144056639704377426e-03,3.915274992954567799e-04,1.218427560966524542e-03,4.583806992249681673e-04,6.382329947126819851e-04,1.111067358140410645e-03,1.693574693745807591e-04,3.449940804191627000e-04,2.809438836194219809e-03,3.076887954255876946e-03,4.579259334592119222e-04
1.494217516703172160e-03,5.448117215125870827e-03,9.699367497544027217e-03,1.770595386786345815e-02,4.624813868222871910e-02,1.038212605059597726e-02,4.444965628676841862e-02,1.453766650588587256e-02,8.543809017721315166e-03,4.646265281612407816e-02,4.179140467166038084e-03,4.568475303950767126e-03,0.000000000000000000e+00,2.925987021245518571e-02,9.428684808402243434e-02,3.623953736796619585e-01,1.998452071712754630e-01,3.487312869426346940e-02,5.189177048420749727e-02,1.363717747761353585e-02,6.881878968856626781e-04,1.952685946946007903e-02,8.445664391422658904e-04,4.585546851281619221e-03,1.100752116810604399e-02,4.787137169257552755e-03,1.178688278277072697e-02,3.386998711574430352e-04,1.670464819314449248e-02,4.583633804853235426e-03,1.480757932866794743e-03,1.990124925909339190e-02,4.924519212204772449e-03,4.980227014055706516e-03,2.874831700320121339e-03,3.438165210295554813e-03,7.028075355434563239e-04,4.557629537604332252e-03,3.678662288402226224e-03,6.517916046197592961e-03,2.887369314115022061e-03,7.673098755429208061e-04,4.868802369020523648e-04,1.986079160362933405e-03,4.401082920809065019e-03,2.336761340801271451e-03,3.196360296105781908e-03,3.927176281371970099e-03,2.731589287941934164e-03,7.838611434399494343e-04,1.446728708809556611e-03,6.773279285105120173e-03,8.745177433943679846e-04,1.915216305665158082e-03,5.636067997276072951e-04,8.859027484839351397e-04,2.191223578736470161e-03,3.827266725421102269e-04,1.606419908710149868e-03,1.048880489177095397e-03,9.064454631879633253e-04,2.034703035176192373e-03,6.484850208497525571e-04,3.400543126974441173e-04,2.623573040445205482e-03,2.906988516038156649e-04
2.657775125592953271e-04,1.943486858856795815e-04,2.369454487439407852e-03,1.822179672756537704e-03,1.538129823469890772e-02,9.392155410214580308e-03,1.267698837605250352e-02,3.643276625207848840e-02,2.213595156209976350e-02,1.784378014050589517e-02,6.785530048944746380e-03,1.507493357693171984e-02,2.925987021245518571e-02,0.000000000000000000e+00,4.018003410183002555e-01,3.656743912188790135e-01,1.663026970911102576e-01,1.847234012146318771e-01,5.972809854518541794e-02,3.503501642449931980e-02,3.562774619595397013e-02,2.338522264641033910e-02,3.585410258849262583e-03,9.229827205505426388e-03,6.186619374240634114e-03,9.748219937588819758e-03,1.485924000480314585e-03,7.491996647422189542e-03,2.093787886084492317e-02,2.399170219251033076e-03,4.906098369609272454e-04,1.978469565900007818e-02,4.895874756170626695e-03,4.266363699467542493e-03,2.384936970646713006e-03,5.319906013707791960e-03,3.556098499536426271e-03,1.412418755072226972e-02,1.135961485748162962e-02,9.130977177196590924e-03,1.105621992954479958e-02,6.879501805239108571e-03,1.993522301300621781e-03,9.949714682884382849e-04,1.329986685660713768e-03,4.346846014910544609e-04,3.534662927246464987e-03,2.339210646249409876e-03,1.204340696976109347e-03,2.968506110836443852e-04,1.548026427890645531e-03,3.557528036040925792e-03,1.247639620236089091e-03,3.569250167331650537e-04,3.410274438810415552e-04,2.839349490365422331e-04,7.278808001021550792e-04,6.020439387931526137e-04,5.869719115390197636e-04,2.566727227924804015e-03,4.840682763437673011e-04,1.616609117411454228e-03,3.169542615464001939e-04,2.041751618575484740e-03,1.240646247682145173e-03,3.693700166576755059e-04
1.249912125835234101e-03,3.296699768752320639e-04,1.728930622196723230e-03,5.418525189144911963e-03,2.454471620958444556e-03,4.195596204889466725e-03,2.574059643623133158e-03,1.343508999887916763e-02,6.008644075977080147e-03,1.370359972766514202e-02,8.235810267018453534e-02,1.326690240886758271e-02,9.428684808402243434e-02,4.018003410183002555e-01,0.000000000000000000e+00,3.730434260990613815e-01,4.126372039316962836e-01,1.187370387246484971e-01,1.557476569937174191e-02,8.355412648835085915e-03,4.771122164883199145e-03,3.268240456826709134e-02,6.286208251139017295e-03,8.597295615487221543e-03,5.239577094089958864e-02,3.285242484506827737e-03,1.542786610359772777e-02,4.193412243153620163e-03,1.311162500120034193e-02,1.150050744962478888e-02,6.646104717255384544e-04,2.179191668456449682e-02,3.429320691791480462e-03,4.927879444298122191e-03,1.095303615705616254e-02,5.063443859249730332e-03,5.907095919846805723e-03,3.131440442683981577e-03,8.409681903153142998e-03,1.809152997260489795e-02,5.913375263551770046e-03,4.971737972481858440e-03,3.246121864907401157e-04,3.577858957688020199e-03,2.063094567375365132e-03,2.866660164686837559e-03,3.436625881593151789e-03,3.051795207344057664e-03,7.509438859734227827e-04,9.235768632123680759e-04,8.627249581640012007e-04,1.053480236614356882e-03,1.023109797210768447e-03,4.464895264280439521e-03,3.647214547996314310e-03,1.383704519365977232e-03,1.992088606907392329e-03,2.010974569777457862e-03,9.874806693831001628e-04,1.691812049328100202e-03,2.428851912788835936e-03,2.137395808847705498e-04,2.244368454472867004e-04,2.215238792105347042e-03,1.608941241439370250e-03,2.913200021944568788e-04
4.634501002383457219e-03,7.501031661735062597e-03,1.485102726985596498e-02,2.986729437646306468e-02,3.984864493618588133e-02,3.170308407850071231e-02,8.249813042787890183e-02,5.700345057808813010e-02,3.046224248215077465e-02,8.442853201200314905e-02,2.540393482573632955e-01,2.074542697113909706e-01,3.623953736796619585e-01,3.656743912188790135e-01,3.730434260990613815e-01,0.000000000000000000e+00,1.993636525800367154e-01,2.226085395937693612e-01,3.775272387924673984e-02,5.888125594871916613e-02,1.195643480491313457e-02,3.935393783834754966e-02,4.255966084396738125e-02,3.596277528356840725e-02,2.588769919394556026e-03,6.772854960696601291e-03,1.440602884058585264e-03,3.365753891215821168e-03,1.869031653152012024e-03,1.718659408953189180e-02,1.018852185466081074e-03,6.507299566387450204e-03,1.289477739971915671e-02,3.099161097418231484e-03,2.197819260409141027e-03,5.710765280555613922e-03,3.670269534971606819e-03,1.427051426101590571e-03,2.482199784584363227e-03,1.720799704802770252e-03,9.456178154552773553e-04,2.927815743384931148e-03,3.155628393171963902e-03,2.884559496601445377e-03,1.605429000951394793e-03,1.248781119946424994e-03,2.216817576053134713e-03,1.018259710451979889e-03,2.641767745932243651e-03,5.421552920152472935e-03,3.487658418377189914e-03,8.950036006533951954e-03,4.267224402029445342e-03,1.035239078905420256e-03,3.802236229406608364e-03,3.541148483658977490e-03,8.095853564539975391e-04,2.029956107825568214e-03,1.161322268317670605e-03,2.884670293363206760e-03,1.864894896869950238e-03,6.494912405658765514e-04,7.678567642902884216e-04,9.203168376136980355e-04,2.591708704121399934e-03,5.776455411224550073e-04
5.116842203032160447e-03,7.795703009380285792e-03,6.457730634582861153e-03,1.808619139683801877e-02,8.796068296053194749e-03,7.926188211865916114e-03,3.299896508601293799e-02,8.609198490936685599e-03,4.490999409495595278e-03,5.111297087842701925e-02,6.690361418470998356e-02,8.835988727112041585e-02,1.998452071712754630e-01,1.663026970911102576e-01,4.126372039316962836e-01,1.993636525800367154e-01,0.000000000000000000e+00,2.888322551153916021e-02,3.685668881573318095e-02,4.645198529145415367e-02,2.860209101330100836e-03,1.633876052009728894e-02,3.369445879873027728e-03,1.516356946715567656e-03,5.646047684196431674e-03,1.033114095596691755e-02,4.157036443014319911e-03,2.247379461955243459e-03,9.157260328731053195e-03,4.183277836748955716e-03,1.809837953158332981e-03,3.062954983216217755e-03,6.807420037867228241e-03,2.431359780106171625e-03,9.700545297640628378e-04,3.178172742588420818e-03,1.237467557848633080e-03,1.618276021586762632e-03,3.353161958868918846e-04,2.765634059448105614e-03,2.344668683839707789e-03,1.468570323102675245e-03,2.795691860421190347e-03,6.731039311748065156e-04,8.315396512346779007e-04,2.004047653893969473e-03,5.028645171229103802e-03,1.831696304024628451e-03,1.165005842233642844e-03,1.103845151457152592e-03,3.248509829895056874e-03,1.642474568711610895e-03,2.412186149913208774e-03,6.582674402550552084e-03,1.682792559225520287e-03,3.752321463146472214e-04,5.369515727622873897e-04,2.745571634334693749e-04,2.142441921063829293e-04,2.686027339430734507e-03,5.471839766750512084e-03,5.841901356008758969e-03,2.590686639958903609e-03,2.997637476095547145e-03,1.062506184443929701e-03,3.408490533657942078e-04
2.127911641133770765e-03,5.277260456412853021e-04,9.783691966154311678e-03,8.169858316990847094e-03,1.387992964440245593e-02,9.042536528488380118e-03,1.746327288648119938e-02,1.666576963734243619e-02,4.681558576553006452e-03,2.411838926020770657e-02,7.843880650481266370e-02,3.391080721415751925e-02,3.487312869426346940e-02,1.847234012146318771e-01,1.187370387246484971e-01,2.226085395937693612e-01,2.888322551153916021e-02,0.000000000000000000e+00,3.115563805912207121e-02,1.800929271316263069e-01,5.103696430127845247e-03,2.353817944529090420e-02,1.452976324477929689e-02,9.006292966161066893e-03,2.315631501050197452e-02,8.903058441163813966e-03,9.652318690483899233e-03,2.776016257033886783e-02,2.015464966402626470e-02,2.734274717080746857e-03,1.686169244587202437e-02,7.768777064374949963e-03,1.433206805892141235e-03,2.413218646990608271e-02,8.505077387761952531e-03,5.958848059939656633e-03,2.085559707212689736e-03,1.587061613822507780e-02,4.260720536750983896e-03,6.000528462478052147e-03,6.273101901833362873e-03,1.567325309791899003e-03,1.004520707206216831e-03,2.352144397045350614e-03,1.164748277802186158e-03,5.194244044469879373e-04,1.783006011525096373e-03,2.040284186245472017e-03,1.786095569383524184e-03,6.776563909749210631e-04,1.139790574401892921e-03,3.818918767958719976e-04,1.111689530409047102e-03,1.567604242324262005e-03,2.572801182082250313e-03,5.272087959968192782e-04,9.419243934093185933e-04,1.104214054275749974e-03,1.093661338352722471e-03,2.641251868459988878e-04,8.193289032064139839e-04,1.487320920354404542e-03,4.592419897067901444e-04,3.091310374030020389e-03,2.026440236089521209e-03,5.936446252774697178e-04
1.056588244232600088e-03,4.625573420721927793e-04,3.677365856776484976e-03,2.212057292930443703e-03,1.812250874057109735e-03,4.399863939274763387e-03,9.042326092529254927e-03,1.942187623032031732e-03,3.377479279003619324e-03,1.755802365798858275e-02,3.461935205380948372e-02,3.345089217234472473e-02,5.189177048420749727e-02,5.972809854518541794e-02,1.557476569937174191e-02,3.775272387924673984e-02,3.685668881573318095e-02,3.115563805912207121e-02,0.000000000000000000e+00,5.520099700989518077e-01,4.128248569098250109e-02,1.931519329591814549e-02,1.710361964696500287e-02,1.130569664210840791e-01,8.320298788781173294e-02,1.100510238960958065e-01,1.568574201261319079e-02,5.369145826662774512e-02,2.394263948406110884e-02,2.356633371073662414e-02,1.088716682941499522e-02,4.119123665758503416e-02,3.346567102819303797e-03,1.161212273074231638e-02,3.573781455392138068e-02,1.234674698837083008e-02,1.315845193634941103e-02,2.389784514584258890e-02,2.231986924282937726e-02,1.055646185923825829e-02,1.638497736456826642e-02,6.243487794100421526e-03,5.260444952616046346e-03,1.002840222665375702e-02,5.908650126936553816e-03,4.521519680427847415e-04,1.370403999102011699e-03,5.853427654954528568e-03,5.805500408335855260e-04,8.432097909800480989e-03,9.739549265197931446e-03,5.598833458499063477e-03,6.155306785725932379e-03,2.956675930836900369e-03,1.731793382785472291e-03,1.034170736528597931e-03,8.095850078489312844e-04,2.150889899173082358e-03,1.461300075422542139e-03,4.189040037530188370e-04,7.785384564840731490e-04,9.046435252959843416e-04,7.152819070457805102e-04,6.665808806837861559e-04,1.493218701431247219e-03,5.154451519788300290e-04
4.629908354010326766e-04,2.571188412488876899e-04,1.795362442224416103e-04,4.503920667427263429e-03,1.144333171987004481e-03,8.915408226039492779e-04,6.511020127897778481e-03,9.456811392166844868e-04,6.987485437320099281e-03,5.273406668775080033e-03,1.197909719177198302e-02,2.757716705914185946e-03,1.363717747761353585e-02,3.503501642449931980e-02,8.355412648835085915e-03,5.888125594871916613e-02,4.645198529145415367e-02,1.800929271316263069e-01,5.520099700989518077e-01,0.000000000000000000e+00,6.940458453235797132e-01,1.108821413285393381e-01,3.091020335658683713e-02,8.557397708308134288e-02,7.233716672842382955e-02,1.294690308864337724e-01,1.848043762044061789e-02,1.022383636761448750e-01,1.258644002902642271e-02,2.667192737458480220e-02,9.555175965271238761e-03,9.906288715662099967e-03,2.155878211501348340e-02,3.675364945743726797e-03,1.227962788927404285e-02,6.537845857330427165e-04,9.797736945346320354e-04,7.168428238206796428e-03,3.003124103277065530e-03,5.288527326388301267e-03,3.226392035947620550e-03,3.721855335240933146e-04,4.516803573577362696e-04,2.829791440797640480e-03,2.744935383732405765e-04,3.404431373821956326e-03,1.090276843005804101e-03,8.207478547941046742e-04,3.169535205137981922e-03,2.264686159933553510e-03,2.727267599331422397e-03,8.499875644340001545e-04,6.411502645941369099e-04,1.036087262617032710e-03,3.147733164518967675e-04,9.464193503164571508e-04,1.035527090448947656e-03,3.552264484942193462e-04,1.071294916471081946e-03,2.381773187796463770e-04,2.697914446420982253e-04,1.216827248889534602e-03,8.492711079160600611e-04,1.331082431811334010e-03,1.176290352276243957e-03,9.590844275719679788e-04
3.440967274879043426e-04,3.920200507350868986e-04,4.420057740023357828e-04,9.936174614486581718e-04,2.054077866731235900e-03,5.551141376465293722e-04,3.693253147468510567e-03,3.124963713041245972e-04,2.569442619791373296e-04,4.533916660230247024e-03,1.259529445092961997e-02,2.243934839088759358e-03,6.881878968856626781e-04,3.562774619595397013e-02,4.771122164883199145e-03,1.195643480491313457e-02,2.860209101330100836e-03,5.103696430127845247e-03,4.128248569098250109e-02,6.940458453235797132e-01,0.000000000000000000e+00,3.114705576603350040e-02,4.159776223779248355e-02,5.095046359780896345e-02,2.659312123092175822e-02,3.430254476801367775e-02,1.455888689112535758e-02,7.859391404743756859e-02,3.177088560282766844e-02,1.366220427648601014e-02,1.781975722426686060e-02,7.548119692615377213e-03,5.168808641272970919e-03,6.359366222741817589e-04,5.621277308048297852e-03,5.611866748164162644e-04,7.828616431298084533e-04,9.040176451724960633e-04,6.881085726890072115e-04,5.442662371433904921e-04,9.518188329429010672e-04,4.890736059770433089e-04,4.668936911474901139e-04,1.031027575076091029e-03,1.408482684826099004e-03,4.018076728843090681e-03,1.399297608018626416e-03,1.480405524758783044e-03,4.549053329055602378e-04,4.389888097406709102e-04,8.188150092280679351e-04,3.572043744654944918e-04,1.681786601930528426e-03,4.047482630556101940e-04,5.976553715856750947e-04,7.117281324978401869e-04,3.085570899553525571e-03,7.436322559412339569e-04,3.118728070407906366e-03,3.796340066320997133e-04,2.668655524482022295e-04,5.050806720491496024e-04,4.663888863263600509e-04,4.562959955612323109e-04,5.291438510753765541e-04,2.474351517174952345e-04
1.904536465840145614e-03,2.503451873315163095e-03,7.895159535108952492e-03,1.091808142033505935e-03,2.494336127026746102e-03,7.720842689363094716e-03,3.584917861022662421e-04,7.478842163039023990e-04,7.582174405995584926e-03,1.667376554573483417e-03,1.816537581849289942e-02,3.176659028491015530e-02,1.952685946946007903e-02,2.338522264641033910e-02,3.268240456826709134e-02,3.935393783834754966e-02,1.633876052009728894e-02,2.353817944529090420e-02,1.931519329591814549e-02,1.108821413285393381e-01,3.114705576603350040e-02,0.000000000000000000e+00,3.389932831730869262e-02,1.170478367293285027e-01,1.651010426164180034e-01,8.490909069312731206e-02,2.513392235046767523e-02,1.023402642335255741e-01,4.473339241267054039e-02,2.544766851743992739e-02,3.201195785017407064e-02,2.686566849436322624e-02,3.844969424455529482e-03,2.136533890399512636e-02,4.098834421854035542e-02,1.171909117412564018e-02,1.268903997293200497e-02,2.902082258859742595e-02,2.502831658576181242e-02,1.433929839326244030e-02,2.106012329401159636e-02,6.992285587339182491e-03,1.788109139721843870e-03,7.454980469443270655e-03,2.854263340363247681e-03,2.027357043446279157e-03,3.625384377654171115e-03,2.789478175273154247e-03,4.150395268141740014e-03,3.615492533721268668e-03,8.237634935897226660e-03,2.563117506664933272e-03,3.451647583280152438e-03,6.753240699031141762e-03,2.943201302941220177e-03,1.140851700745646857e-03,6.809007848341413777e-04,1.169349266603364468e-03,4.139109804055826451e-03,1.081027152132496300e-03,3.714669497632380919e-04,4.524345651198579581e-04,3.827909458062085657e-04,1.423901336401826954e-03,1.603182378940287657e-03,3.576374373629791713e-04
6.959925419069661187e-04,3.722844850462995818e-04,1.464449035643693338e-03,3.605547992534924003e-04,4.012078869406228302e-04,4.299578033718808208e-03,8.998835866276082285e-04,1.538078111815401137e-03,5.180212022213418616e-03,1.503060290470405614e-03,4.539575662320570471e-03,9.048888383799302826e-03,8.445664391422658904e-04,3.585410258849262583e-03,6.286208251139017295e-03,4.255966084396738125e-02,3.369445879873027728e-03,1.452976324477929689e-02,1.710361964696500287e-02,3.091020335658683713e-02,4.159776223779248355e-02,3.389932831730869262e-02,0.000000000000000000e+00,2.817342628163355470e-02,3.430378143904758842e-02,3.701041418803362182e-02,8.304740807527596913e-02,1.336095164653271217e-01,7.682700412777407339e-02,2.310455001250646609e-02,6.517735368033501786e-02,1.464470619335785616e-02,1.787257690761898804e-02,6.118397053500070938e-03,3.680628171743278478e-03,2.476678175305773322e-03,5.761895518103911720e-04,5.200618361429899632e-03,2.084084491034342897e-03,4.890431928581483829e-04,1.481860419507312560e-03,1.712458179853065636e-03,4.780919427750109866e-04,1.553928735071053498e-03,2.282114765178795452e-04,1.014522038961327343e-03,1.308855719802691020e-03,5.160050641243570189e-04,2.218957608249665179e-03,9.847653348582976335e-04,5.488317833402754078e-04,5.257238480749714359e-04,6.093899400408983157e-04,5.491172369309824369e-04,1.259700740095254495e-03,5.000178213613999624e-04,7.776762923407449677e-04,2.670573907119066798e-03,1.168783825843272952e-03,2.558941061385893237e-03,1.608776881974146840e-03,3.008806971094532632e-03,2.028584551566665114e-03,5.375845593200730263e-04,4.996727933954249294e-04,4.330493304417550884e-04
8.525696790866237008e-04,9.868537057804922016e-04,5.222821102405120295e-04,3.420274195815298495e-03,1.052291432580340809e-03,1.219283232516430631e-03,5.701930857943534811e-03,5.108050498142050876e-04,8.034423157272712820e-04,1.020640080348546135e-02,7.366356912806415642e-03,4.271225525980539527e-03,4.585546851281619221e-03,9.229827205505426388e-03,8.597295615487221543e-03,3.596277528356840725e-02,1.516356946715567656e-03,9.006292966161066893e-03,1.130569664210840791e-01,8.557397708308134288e-02,5.095046359780896345e-02,1.170478367293285027e-01,2.817342628163355470e-02,0.000000000000000000e+00,7.554607760444076447e-02,6.631969804668154389e-02,2.160639678251890516e-01,1.122572998976435754e-01,1.970949099768311286e-01,5.522769737118243816e-02,4.392655878362747984e-02,6.302490668372102978e-02,2.892243916541524171e-02,1.571073813799159224e-03,1.369736041496032002e-02,2.610656730503792267e-02,6.235612966683709395e-03,9.426052445320225659e-04,2.379666580775438491e-03,1.718722274789054143e-03,2.709614473124821385e-03,5.685992880549559005e-04,2.936947767937771615e-03,2.952673967530771598e-04,3.169136065661244585e-03,5.741900698570334693e-03,6.032829104238626380e-03,6.771139624568656146e-03,1.180627742157126098e-02,8.043797613423563780e-03,4.147933513916033342e-03,1.534068672172309977e-03,1.802732986466770281e-03,2.134526342447626117e-03,1.903435021071598655e-03,3.739670309568748192e-04,1.769942625295795003e-03,4.344562319307353725e-03,4.073651789687484856e-03,3.768679933273960756e-03,2.479892591718837590e-03,1.273569254306813241e-03,1.852202116504743194e-03,3.856068369378919092e-04,5.197950666154231179e-04,6.107883246977193620e-04
