0.000000000000000000e+00,9.299601771963107721e-02,1.748366336792071818e-01,1.619965758113670606e-01,1.235677356994706044e-01,5.608967088354840924e-02,3.396419747927569011e-02,9.643644174835781790e-02,3.770385308237646921e-02,3.902993401304616361e-02,7.392997670263710963e-02,3.322410863960301164e-02,7.239227737322689871e-02,8.369026126499105878e-02,1.036305401058289222e-01,1.570414360588417713e-01,8.280625432233590377e-02,5.729397854628903719e-02,3.764558981562109163e-02,6.714093355811480424e-02,9.168997121083505286e-02,6.336422472338376632e-02,6.651375087788956308e-02,4.209669482735335644e-02,3.227081333676339731e-02,1.199155306677500768e-02,7.659650091942987564e-03,1.261352690478895720e-02,2.226016785974446743e-02,6.871279505315115721e-02,1.509505125022572551e-02,9.287486431182469249e-02,6.855350518968239548e-02,5.011320330995756855e-02,4.746043277085299633e-02,2.883766922132143667e-02,9.550306726305989036e-03,1.507533181002529594e-02,4.057883242282927377e-02,1.524667177127332976e-02,2.222535212526002141e-02,3.494383471743685299e-02,1.279103079425697453e-02,3.865498716030896925e-02,7.039682807221472882e-02,9.256881765489594072e-02,1.606482600423362606e-01,4.445623971572244815e-02,3.887660599260884392e-02,8.801594779478270902e-02,3.228681964255260273e-02,3.250078695690178376e-02,2.052773979324579515e-02,5.171915003209189010e-02,6.669058175579184455e-02,3.218761175179605388e-02,3.444818014262165939e-02,9.030269877909112564e-02,5.590858627172657497e-02,7.579530097322792481e-02,6.320271874479550800e-02,6.640537783257406679e-02,1.052326248241656631e-01,2.348184926833753530e-02,6.796810521423461704e-02,1.842902478461369911e-02,1.599197406490898005e-02,3.147529569045582482e-02,2.924174070946642182e-02,1.077008343931668260e-03,8.041126854355410206e-03,1.600048892184975820e-03,1.207452900715229142e-02,6.857142691922067483e-03,9.779315340708574431e-03,1.949699905894477321e-03,3.581812681642619275e-03,6.057458464171315907e-03,1.208581477365905724e-02,7.508122385116130712e-03,1.690429074066683926e-02,2.802972502172415125e-03,5.180080932485780359e-02,8.918168579223124948e-03,1.308906001145391379e-02,3.488714042518577946e-02,3.513005996202587383e-02,8.779488056184940603e-02,4.159362937028811963e-02,5.250282985920536050e-02,1.250301251861336282e-01,1.231550722565108585e-01,1.126542873802180295e-01,1.269109570124960507e-01,1.436503032236650934e-01,5.072350471506968661e-02,1.000531115449188879e-01,7.293196083286272724e-02,6.891431047500759521e-02,2.788061515401717844e-02,6.334879757355468821e-02,9.865680633520277840e-03,9.857871510734941140e-03,5.869079305466348533e-03,2.583368084424141238e-03,2.255142077287492636e-02,2.068355501513225586e-02,8.197893073324273236e-03,7.842780715457313770e-03,3.127932553949986511e-02,2.736717426179206131e-02,2.715582707420086291e-03,3.761952706841064243e-03,3.073095390196153506e-02,2.487669648109558720e-03,4.857976072121272457e-03,7.058251010423277627e-02,1.257101543545340906e-02,1.227727709466003014e-01,2.738019987781220230e-02,1.950192239455493179e-02,1.272846312936862512e-01,8.479464032974319554e-02,6.368716557225570507e-02,1.881959017601546325e-01,8.004781626527844585e-02,7.185014320400351373e-02,2.337600512962860477e-01,1.032036593287330162e-01,6.608868629513901805e-02,1.862852427625629748e-01,5.362155065667049969e-02,2.743796590477492331e-02,6.069789935883539156e-02,2.745297700035667643e-02,4.145204268975144490e-02,2.034625250275727201e-02,2.770166749459021440e-03,2.131862291370615822e-02
9.299601771963107721e-02,0.000000000000000000e+00,3.064929159544392268e-01,1.476985326507798402e-01,4.539338853775973931e-02,1.157508974339850477e-01,1.336564093167424416e-01,1.060865294343858595e-01,9.736368117625010532e-02,9.959230590021760088e-02,7.387716652639930714e-02,2.274207463754371675e-02,1.729266147084300431e-02,1.122949162529471301e-01,2.366781424841283843e-01,1.096642412841915132e-01,1.335976837248341320e-01,6.208184336974237327e-02,2.993219131330818183e-02,2.974941370986673717e-02,1.435179183394486579e-01,5.970808399600952693e-02,4.733680417632257775e-02,1.008375730965388184e-01,2.498060417707580541e-02,1.351016802931437506e-02,2.151415481187807319e-03,9.928968349008866767e-03,4.259545242045705699e-02,8.935763551945393249e-03,5.467873880653889053e-03,1.460036648205214303e-02,3.450857926946526016e-02,1.245306337563908267e-02,9.973157298799353171e-03,1.189593774263372414e-02,2.244584048014597495e-03,6.602034918571755666e-03,1.043027374865467677e-02,1.066026164149169037e-02,1.290607167384925057e-02,3.672410215559052810e-02,8.192108718773495613e-03,2.435230901545516399e-02,2.991087036428814738e-02,9.272438973586659416e-02,6.826142793571392253e-02,3.975015361732468083e-02,8.800259520625901277e-02,4.299014529699876630e-02,2.695785876093752600e-02,3.388238144007540281e-02,5.760858783749613771e-02,1.401111993559535362e-01,3.947703719705619729e-02,1.255510985696235149e-01,4.419028886698189024e-02,9.809649695131354707e-02,5.251145681681419763e-02,1.527918309330288382e-01,6.339257413856981549e-02,4.232198145758241797e-02,4.074777763169746408e-02,1.119668668050561033e-01,8.638987080948448347e-03,1.603425280710867734e-02,3.450160856444170476e-02,7.076896775044674327e-03,2.328942080976173154e-02,2.853573381943927401e-02,1.237353248774816436e-02,2.654667592252442018e-02,6.461238305274870711e-03,1.016834327936858712e-02,4.446916850552924509e-03,7.956731676671126990e-03,5.519817043595439537e-03,3.565116126768965582e-02,2.598279872383556666e-03,1.921991826007254586e-02,1.881826215958081611e-02,2.500561535541128561e-02,5.893531619171647577e-03,5.748871375436999213e-03,1.586602623032582621e-02,4.985985584960900968e-02,1.118893032189156728e-01,8.525220553837198345e-02,8.748887415232188547e-02,1.202918296929530589e-01,1.658815718561061914e-01,2.312970772517173867e-01,8.239594005389061504e-02,5.844863219557987905e-02,1.499185035801088028e-01,4.880170613908536847e-02,6.922911432419280586e-02,5.011049863957331429e-02,3.239242368990512960e-02,7.212873667079520816e-03,2.082896469917511553e-02,4.590782367019983698e-03,2.877394229896360067e-02,3.197888547037050500e-02,4.420726060780854477e-02,6.003970558740668456e-02,3.648923254249762660e-02,1.335757810158725960e-02,6.558062467734682155e-02,1.597050795185805602e-02,8.918466116859549708e-03,1.684762965883434410e-02,5.117084769702036524e-03,1.221666043709129096e-02,1.192570718130164797e-01,4.173215484472139747e-02,1.802137803263730020e-02,1.942285212112438153e-01,3.051918581906280098e-02,5.931390036360403850e-02,2.508017426402345609e-02,8.449865672786890936e-02,2.068351632070302981e-01,8.321926801503512494e-02,1.257252984257196671e-01,5.589171557382711930e-02,2.542375627947454642e-01,1.171111535281538080e-01,1.749654694320840753e-01,2.273234102211322549e-01,1.546994828098502417e-01,6.569314687793141594e-02,6.314672100426929613e-02,3.591577045918747935e-02,3.679015036280722933e-02,3.737254840510287335e-02,2.456312175165942593e-02,6.149239845248329062e-02,6.350859754425702830e-03
1.748366336792071818e-01,3.064929159544392268e-01,0.000000000000000000e+00,1.605978769526930361e-01,1.833115972229528434e-01,2.561625381990417227e-01,6.503601596540568852e-02,1.528063585841990812e-01,2.312162590384177208e-02,4.665708741956699213e-02,1.942830022527614747e-02,7.839906876171916228e-02,1.079471815418744651e-01,8.812341255128616768e-02,1.768100685402791972e-01,1.300174107234530474e-01,9.554357447180299168e-02,8.752831489859239089e-02,6.082860916303436255e-02,1.239035151626192571e-01,1.676012381529136952e-01,8.805032924130060112e-02,8.731770309331057800e-02,5.372222078320616767e-02,4.621913445751261486e-03,1.707544611158330269e-02,1.496223962159437537e-02,4.287728438960235200e-02,6.951694251997224405e-02,5.917809056324699335e-02,2.540576024185608323e-02,3.999658463116431695e-02,8.869154535039097675e-02,2.993299849178249206e-02,2.114881582618237041e-02,2.547051519262407554e-02,1.234780222610526966e-02,1.540623804642339556e-02,1.354875559618221037e-02,3.878398056802164623e-02,2.969044016567455591e-02,1.537665528627771283e-02,8.855308218394168651e-02,1.443932382447381257e-02,2.931007090967972448e-02,8.135468476562221496e-02,6.062072472397820461e-02,5.919179413775350201e-02,1.160593345807465482e-01,1.594919648491678610e-02,7.293366727941033578e-02,3.196122586232121726e-02,4.535684788668650769e-02,1.075553289813965946e-01,1.089111618752810762e-01,8.368838547065531042e-02,5.380036482633070855e-02,1.028617369760878447e-01,5.303432113299409029e-02,8.272464235181768710e-02,6.460188601836558409e-02,5.931119110608199657e-02,4.351987329462503329e-02,4.286692187786417946e-02,1.894216539674903679e-02,1.782040613171998952e-02,9.821563567406252360e-03,1.206274860176131426e-02,4.852936179519923982e-02,1.931416810345510868e-02,3.319004073873675631e-02,1.811823959402274545e-02,1.280912801960732740e-02,5.086798843893190585e-03,8.269642883897650176e-03,5.339706882165957957e-03,8.266678560371215970e-03,2.069563443440605374e-02,1.138895091640049553e-02,1.935090469205546365e-02,2.058636645996372687e-03,3.709194763866529351e-03,3.884883405514839849e-02,8.099827443771174737e-03,9.127662968154027362e-03,6.641420058886002287e-02,6.759844681959936707e-02,7.284811107112386386e-02,1.210656973479834753e-01,9.315034783861321499e-02,1.171645952811614377e-01,9.031512031544866592e-02,1.305539055522813019e-01,8.135728020516844183e-02,9.771271844247819693e-02,3.295258236467252938e-02,3.453980310180327501e-02,5.925030950708935068e-02,3.285957025729346979e-03,1.764810619369631614e-02,3.313348788845512510e-02,1.254731205748692638e-02,1.958805810068979525e-02,8.832825777643188436e-03,7.920668391848793496e-03,1.150214322532728921e-02,1.494879601608252798e-02,1.198886009426527316e-02,4.004504899543781353e-03,8.153106762354036044e-03,2.634201953215701414e-02,3.880741262354657495e-02,1.625066468376062945e-02,4.708582356566829580e-02,8.205420780043712337e-02,8.502331581444641517e-02,3.418663938388406820e-02,1.248743209773604396e-01,2.494891465492988028e-02,4.104647103207192255e-02,9.266863741867518989e-02,1.540498134484663550e-01,1.192660435034345323e-01,4.492634926880485075e-02,6.735974827397063491e-02,1.785010971648201272e-01,6.108616968462624031e-02,8.175242346398661764e-02,9.526612154963497170e-02,1.435614341123753468e-01,2.233131449343004893e-01,8.054153339699703096e-02,6.041690008957129737e-02,4.213014755443089676e-02,3.687955755508619954e-02,1.895132880708592232e-02,3.568091272147592280e-02,3.701038395652431201e-03,9.611026967697252135e-03
1.619965758113670606e-01,1.476985326507798402e-01,1.605978769526930361e-01,0.000000000000000000e+00,2.466584706673806693e-01,6.212347683850415192e-02,8.731804638855716894e-02,1.586213958117773382e-01,7.751613382957786569e-02,5.588119641454945136e-02,7.509851466385356056e-02,4.340661495952353316e-02,3.176683131533646065e-02,4.352735246608267078e-02,1.824680281280012251e-01,7.380420090589585869e-02,1.764851746053611170e-01,1.060321725350913541e-01,1.030977541887296983e-01,1.179491057926272124e-01,1.905549361868729974e-01,1.079462724375541555e-01,1.651454177350944741e-01,1.360340846179975971e-01,8.372213648859913593e-02,4.948236518409164508e-02,6.284014255415951503e-03,1.448889021024754239e-02,3.325809345501423014e-02,1.090773531738814528e-02,5.130856985300496186e-03,5.809495601939259485e-02,3.300366883587282918e-02,1.836861749615179701e-02,2.618336376777558386e-02,4.108821487168324432e-02,1.630105982168261053e-02,2.430489926593782171e-02,4.707480484473473142e-02,7.967663401806851509e-03,2.357187374622601167e-02,3.780379781344721940e-02,2.695007520826985664e-02,7.939975400368735892e-02,7.839196712208774953e-02,8.287552638988651688e-02,5.927992331733878545e-02,1.106361758567192370e-02,4.938541448366318143e-02,9.765323004349268921e-02,1.116965047465766497e-01,5.143524592092416081e-02,1.891950361207394085e-02,6.466354516063721469e-02,1.052203665321094356e-01,7.354192764271053062e-02,6.271052144948267848e-02,1.848899414882159142e-01,9.201221831093728265e-02,2.252488608504139567e-01,1.968811280303705835e-01,1.737792889876489943e-01,1.569174942419896968e-01,6.222858429816847947e-02,5.194350851614244063e-02,3.799174534203341586e-02,2.998969566283998106e-02,7.565334060292657099e-03,1.798153311342312946e-02,2.093848555122055158e-02,8.836442683066440124e-03,8.486016502216517376e-03,7.545573500243715238e-03,5.746755397299245678e-03,1.241537205184573174e-02,1.322569674681674072e-02,2.553596798262667764e-02,3.694750824262925393e-02,2.783721030404166102e-02,3.236297240224143140e-02,1.862195558569414849e-02,2.837734463356723913e-02,8.849527785652821707e-03,1.087817790953816630e-02,1.301750698392181195e-02,8.160587486109847910e-02,9.366260432962889015e-02,1.359022993880034669e-01,1.056007520465020166e-01,1.103277469146704548e-01,2.062254853461471804e-01,1.952441350770163508e-01,9.315944338488880982e-02,7.066468329683514571e-02,2.036448564201921163e-01,3.770223911465860750e-02,7.273838079863567674e-02,9.969577022995669557e-02,9.001657646921626399e-02,5.784715623567045911e-02,1.943534963521625220e-02,1.130750426973533077e-02,3.487579334334222486e-02,1.189807735896826826e-02,6.772405850417773099e-02,9.957466136940890111e-02,8.187101346412020697e-02,1.666539919041688453e-02,6.883886094274214995e-02,4.989436244157895856e-02,1.613362255331746847e-02,1.575750709920497455e-02,1.329371259708215028e-02,1.743172273714371084e-02,4.319173502571591050e-02,6.278699776113462472e-02,1.641684825385708937e-02,1.433705429670504572e-01,4.882265538263653309e-02,9.614082391500647362e-02,8.821853091072481834e-02,6.474922225150818444e-02,1.543199823986124708e-01,5.005487688754026165e-02,1.675704834186580727e-01,4.564933220010992249e-02,1.239546996314175309e-01,1.411850412762410967e-01,2.042714929105396149e-01,2.295377912865864678e-01,1.560617933125352519e-01,6.712642077605121549e-02,8.139380751079676457e-02,6.311953532367578501e-02,3.629652461383441747e-02,4.192556630298038128e-02,1.650593940979111496e-02,4.307125260792313975e-02,6.290201507156339966e-03
1.235677356994706044e-01,4.539338853775973931e-02,1.833115972229528434e-01,2.466584706673806693e-01,0.000000000000000000e+00,1.340534907003517462e-01,2.003315821212131587e-01,6.664799176764006627e-02,3.784868286364398426e-02,2.275468111966173768e-02,8.143764052453801583e-02,4.261854328530823716e-02,3.436956748840924031e-02,6.597525917415957009e-02,1.382207701226263741e-01,7.744325901362927866e-02,1.778481252839048954e-01,4.004395818848801442e-02,1.556465391824785049e-01,1.622948206449905881e-02,1.288090083645068717e-01,1.030389397122466189e-01,9.217294374409411295e-02,8.510447331493797840e-02,9.401359075586821282e-03,3.892460519580587947e-02,3.274351104339309759e-02,1.882534736088584820e-02,1.693490081536426495e-02,1.244228928725547162e-02,4.250169988942569151e-03,3.829883374417831360e-02,1.632647195914325305e-02,4.497410723465344873e-02,2.094094843434668105e-02,9.933251868673387275e-03,2.033515788042468755e-02,1.316202801763136782e-02,3.350018510289816398e-02,1.051895108781691901e-02,3.370081158501967572e-02,1.437847764272202900e-02,6.252307567060604032e-02,4.664990883290599799e-02,5.059325513269987556e-02,1.656682985780544293e-01,1.341335868276713195e-01,7.927734703567176910e-02,1.892713313848093937e-01,1.199868218824557686e-01,3.007950058130415619e-02,1.094407460635250795e-01,6.673596001400414202e-02,1.866544692383227400e-01,7.547978434122745717e-02,1.167935674303662852e-01,7.780706560825829954e-02,8.584318759495916662e-02,4.360265797724290765e-02,1.124701112882915549e-01,3.383630800535786937e-02,2.838450800542459060e-02,3.084174069024711931e-02,1.275227988660414535e-01,5.153283072278465327e-02,6.720466660284714344e-02,4.586595594137266030e-02,4.443073158861234051e-02,2.858613417078231453e-02,3.428775524046537987e-02,2.452632686603315945e-02,1.742856922045750434e-02,1.039590729237268273e-02,1.248605000874521143e-02,6.702309195076115896e-03,5.808437281689663410e-03,6.522963894592894232e-03,1.979262899950934990e-02,8.182051448357575973e-03,4.589692168879863643e-02,7.523729500219761279e-02,2.970068889711229357e-02,1.132449515879003187e-02,1.313597016945424606e-02,1.439304045860097768e-02,4.426859112617639869e-02,7.718011266236185497e-02,8.653958597332628289e-02,9.238979160183520556e-02,1.661449829877635898e-01,8.787388786917819938e-02,8.860173284843222974e-02,6.222782163847456055e-02,1.209126935232628930e-01,8.985466679931793099e-02,5.502775620366839177e-02,8.117482863031508233e-02,2.862333077399830186e-02,1.805222989156795438e-02,3.264972801105830297e-02,1.330641499322856962e-03,1.133601715619296166e-02,1.236995902962595949e-02,9.968336737089680474e-03,2.332871637257076525e-02,2.513280570141579462e-02,8.802978471260158866e-03,2.590523189720851834e-03,2.830376676497577473e-02,7.542497665572247059e-03,3.631284452000492491e-02,3.557297877848436540e-02,1.054734517785329423e-02,6.018596167434350774e-02,2.161237551449692595e-01,1.875213768612662701e-01,7.313225724313926479e-02,3.067106933156817927e-01,7.617098334713919006e-02,3.270311458812415195e-02,9.944713906798945124e-02,4.497516219199313575e-02,1.408720088471737686e-01,1.700024630108213503e-02,1.101257219189594877e-01,1.342468023406182542e-01,6.913568067507204484e-02,1.204261580832442918e-01,7.776767313340346433e-02,2.101876298767834106e-01,8.338868104131684500e-02,1.266928511093121101e-01,2.317751491889297188e-01,8.692485665806383432e-02,6.749308510104355674e-02,8.041802101945660919e-02,2.681666204714548002e-02,9.483472892865693615e-02,4.547861439939249184e-02
5.608967088354840924e-02,1.157508974339850477e-01,2.561625381990417227e-01,6.212347683850415192e-02,1.340534907003517462e-01,0.000000000000000000e+00,1.500952901524299221e-01,7.897735789445953225e-02,3.238647214752915504e-02,7.262068371682792178e-02,2.284904519010732410e-02,5.637765281393859046e-02,6.783418279952915797e-02,2.000527485829678709e-01,7.519077413510898145e-02,9.826901329734566426e-02,2.786040338410014083e-01,4.292158290686308442e-02,9.113826499085175836e-02,1.232207096298381516e-01,2.272772075842316719e-01,8.088381597310509430e-02,1.992902868091101787e-01,9.742921335774731850e-02,3.568313425147557477e-02,2.114681662415916416e-02,1.597428572906619193e-03,1.002735409953810740e-02,3.088400903026352826e-02,2.227513363179668346e-02,9.476321206240838650e-04,2.903042835895500162e-02,4.770772055577998660e-02,5.090940925026730957e-03,3.205676854145615706e-02,5.152710555826788691e-02,3.440251514924690113e-02,4.050989173325852261e-02,1.788934535464064071e-02,2.850884617863036832e-02,3.276869791479882638e-02,1.018121968430282971e-02,8.034610022640195637e-02,2.221280880808280608e-02,4.288727882766624894e-02,3.666118987278874780e-02,5.785767929661835007e-02,5.328144743125665106e-02,6.862616172195108721e-02,4.888860116438698000e-02,1.280448561159842902e-01,5.395997317615526534e-02,6.417004375818852191e-02,9.843971776547369434e-02,1.265202654022027640e-01,7.699915085254732672e-02,3.128645522462391443e-02,9.299919911974882658e-02,4.836327853077460742e-02,1.125173321763773687e-01,1.293944104206430357e-01,4.733116562522943216e-02,8.976708746206767120e-02,8.322594002850849937e-02,1.619605910367919246e-02,8.037287092878722672e-02,3.912707763129116140e-02,4.201617719611343282e-02,4.168205582735998171e-02,6.805253716472292602e-02,6.037431476273426995e-02,1.256383117001063504e-02,1.001305202334927882e-02,9.953939829788120350e-03,1.086729539775983626e-02,1.167229002429899694e-02,5.425815320471167463e-03,1.537991057189503318e-02,5.827135837067041330e-03,8.518650770201455572e-03,8.562516536415449436e-03,8.200641113813890437e-03,2.525950324246464124e-02,6.250951060497491815e-03,9.603238823380740377e-03,1.098135722203309461e-01,1.437200940009644989e-01,6.209643486799376610e-02,1.209958351610106592e-01,1.410676044219333347e-01,9.541374978707324594e-02,1.217677859913963295e-01,4.973487701713443648e-02,7.065979884758225027e-02,1.076851550650492068e-01,3.808677602757206543e-02,2.885779930605162150e-02,6.568477131013286674e-02,2.167059270747238517e-02,6.140713611889754564e-02,5.698237767610019044e-02,2.529325262643069422e-02,1.541212463676115696e-02,6.338741534003179516e-03,4.924612361059730811e-03,4.276449072046304561e-02,4.211380702921445340e-02,2.007456933990548874e-03,2.508311928159056778e-02,1.464791908481087677e-03,6.397055017556343114e-03,1.316851940261077811e-02,1.894882806215472497e-03,1.422044672156990049e-02,2.642164953074743056e-02,4.178291271770993159e-02,2.245919751149649118e-02,5.235896332867501224e-02,2.052134243419298856e-02,2.497146362558723756e-02,1.081305315424517799e-01,1.061952576737910520e-01,6.298224591690426699e-02,4.254839611935089250e-02,8.067767691885095738e-02,2.241420196701502388e-01,1.021238543221980183e-01,1.227744294158144844e-01,3.602171141899786905e-02,1.191450146186034953e-01,1.763268231386376783e-01,5.431315788684174667e-02,6.741349926870281173e-02,1.557902061160615012e-02,2.297597264192141608e-02,5.649005172328072297e-03,1.448146454611921527e-02,1.806950977273786771e-02,6.837801332684510271e-03
3.396419747927569011e-02,1.336564093167424416e-01,6.503601596540568852e-02,8.731804638855716894e-02,2.003315821212131587e-01,1.500952901524299221e-01,0.000000000000000000e+00,1.422600477252387689e-02,5.593128886279013362e-02,1.066115752498839886e-01,9.280809537528485198e-02,6.528129164457005529e-02,7.939899794423660451e-02,8.279078624924238183e-02,6.932679523180114434e-02,6.528184131945463653e-02,1.356222143423768123e-01,5.864117405610805994e-02,2.652514344540119612e-02,1.110498081283309429e-01,1.080829866870264833e-01,8.488346712956311435e-02,3.143025580803493479e-02,1.838376643585747485e-03,2.156111017707351262e-03,9.709277936490807309e-03,8.977123044345497807e-03,6.024159377696568750e-03,1.177503424068299803e-02,2.986038386637663786e-02,5.282218347361314174e-03,3.246395401229691842e-03,2.001536138984899224e-02,2.237364462668462936e-02,1.605371130958978612e-02,2.592923718167246608e-02,1.460726127301005366e-02,1.234808491359309923e-02,2.864261568289713355e-03,5.001768064671526133e-03,1.671434847340888541e-02,1.881343987472700735e-02,1.597099682764956813e-02,7.909624758760612148e-03,6.708879952624142995e-02,4.809499613977549076e-02,9.767765206442246412e-03,7.508283390572703664e-02,6.234461437502186038e-02,4.807111181340198436e-02,1.083857439095092939e-01,5.473518957793017947e-02,5.959126251358509707e-02,9.100278211588540278e-02,1.175889061119541890e-01,4.861470233725511542e-02,3.060123468081763984e-02,6.597381042496705539e-02,7.833502373175095512e-02,3.286218722880460130e-02,9.328530679068137987e-02,1.203698495142805497e-01,7.417001928980471170e-02,7.742971963491436516e-02,5.279904423834369531e-02,3.077428109162210282e-02,6.318989276058116500e-02,4.614413359057975561e-02,3.389995202892756576e-02,3.446184114013462613e-02,4.793668178059688062e-02,1.398139801726083938e-02,9.895545985236361627e-03,1.852703908111522427e-02,2.425628956511112141e-02,5.775085730623642430e-03,4.570151982070149756e-03,1.133568558048822159e-02,3.157670094495977631e-02,1.788787345607466620e-02,4.141536831626245647e-03,2.209972022038252885e-03,7.729040050957969137e-03,6.579291940918023315e-03,1.009672794508400737e-02,6.175842670124318673e-02,5.476725914759782848e-02,1.499964612609441805e-01,3.112097664208700321e-02,1.281161162648589147e-01,7.676897329949980420e-02,3.740754012032055514e-02,3.342144597939657874e-02,5.064696195510275806e-02,2.908243767182071976e-02,4.600710855232519048e-02,1.810699969323114472e-02,2.336612994084992859e-02,2.227108074476551527e-02,4.796143519790622284e-02,2.814969487864377867e-02,1.873489982418381078e-02,4.671987507965193187e-03,5.600271125041940759e-03,1.413937711806172517e-02,3.953511993960213272e-02,3.276712439917728314e-02,4.103691344527064452e-03,2.138840133362351903e-02,9.753239602683226595e-03,1.142279128126442306e-02,4.997455891263868737e-03,8.267168400871001410e-03,2.425357662255475666e-02,3.610807654094709551e-02,1.156389646680331101e-03,2.250483807292999808e-02,5.476055518144712364e-02,8.540690826953994952e-03,2.203623946725773511e-02,1.783993492799099134e-02,1.527165088865904859e-02,5.624642573598158564e-03,4.976696270104135483e-02,7.404033025637767051e-02,1.391740824674166932e-01,6.820100730824803226e-02,1.097359528103774712e-01,4.631695642865684553e-02,4.215264035594592368e-02,1.009260181783517007e-01,1.064762537823681632e-01,6.945836101837767063e-02,3.193663507802073365e-02,6.444226257037570516e-02,1.723344206411200202e-02,2.255808521063327327e-02,4.527787719633079300e-02,1.239753453888786661e-02
9.643644174835781790e-02,1.060865294343858595e-01,1.528063585841990812e-01,1.586213958117773382e-01,6.664799176764006627e-02,7.897735789445953225e-02,1.422600477252387689e-02,0.000000000000000000e+00,1.542949889092926075e-01,1.858029606030947023e-01,5.251112242574421107e-02,1.048863283324068391e-01,8.977362738428408540e-02,6.352469731379822848e-02,1.974948911085924741e-01,1.190459436600683485e-01,1.751023139957479380e-01,1.811426549555033572e-01,5.985482149838870780e-02,7.135906768640208619e-02,6.403657446089739032e-03,1.679875801245799688e-02,1.544938262627846941e-02,3.954825123162045847e-02,8.127483250792473524e-02,1.596699585259893708e-02,6.376377359893800438e-03,2.224937063270784540e-02,1.388285200363465269e-02,1.287244712909530082e-02,1.376408292561634265e-02,3.301785002699805793e-02,1.660473409862668268e-02,3.599431253673424872e-03,2.667768491806846165e-02,3.812256971511696069e-02,2.967008610534826313e-02,2.889398581908490110e-02,6.047814554532156620e-03,1.301692775123112003e-02,1.304032547126888174e-02,4.346213039893175728e-02,4.232876508715543995e-02,5.340597374340894793e-02,1.899415279619275088e-01,4.453278633667331898e-02,9.160242498956697177e-02,1.412388884929836053e-01,7.615703195487606714e-02,1.290591305460893623e-01,3.088556068405011457e-02,4.130517110771381173e-02,8.809843962773340753e-02,3.769691580338325326e-02,9.491507299478464318e-03,3.807331733039871768e-02,8.331338883284038210e-02,3.796952549596087356e-02,1.855584373735564424e-02,6.680902412325012696e-02,5.120728340813957002e-02,2.954896735768873170e-02,1.224998360760546773e-01,2.466702768461733267e-02,9.734761389161053491e-02,7.655628730077104760e-02,1.301073619032438837e-02,5.659660863874840797e-02,1.118395177997059120e-01,2.011624073544027169e-02,7.310146065438984098e-02,3.040519127713448358e-02,5.170860178175144123e-03,1.003120534726229668e-02,1.672059900109169189e-02,2.395870598039728794e-02,5.229967794043412915e-03,1.129445016836281949e-02,1.573443060763871776e-02,1.383506674564717771e-02,1.848830196698580952e-02,1.160921661244565355e-02,1.287036885293137319e-02,8.454308389322248707e-03,1.652331686711238853e-02,2.058729844579154644e-02,4.047932120259922079e-02,7.447372788982066158e-03,7.655642811096306788e-02,4.724467386631425042e-02,3.341189225559517556e-02,1.357611335359226457e-01,1.868585619829028766e-01,5.341136353999162423e-02,6.954465980289979699e-02,1.417351936771937271e-01,4.812621216021051307e-02,3.835030691659029045e-02,5.173716972714344914e-02,7.653288003844130154e-03,2.074014028018913471e-03,4.251182203462120467e-03,5.661678239444034762e-03,1.123022629445122149e-02,1.604731869191378807e-02,1.357239153647971965e-02,4.228685776482989100e-02,4.875015164467452061e-02,1.291146164463733391e-02,4.243456314097279747e-02,5.571568717794507519e-02,2.954381166810678833e-02,3.617028047512595851e-02,6.467467514867550338e-02,6.675716771990548859e-02,6.064731424061099024e-02,6.158348741193860748e-02,2.229038990172096252e-02,1.253115572470301642e-01,2.027005716454412243e-02,6.729413309163236045e-02,5.822901166105241832e-02,4.128858189226738279e-02,9.168333292819341729e-02,1.852021499352952127e-01,1.777242578265916528e-01,1.436873241290107794e-01,1.492217596094425613e-01,1.128201069834906395e-01,8.705170658005577378e-02,7.334790509704941508e-02,3.551795909300176080e-02,1.021841701699409410e-02,1.062976473178096071e-01,5.598042079470450655e-02,3.250952199954882521e-02,2.243501238840326165e-02,2.412215189461955345e-02,9.768571971416640035e-03
3.770385308237646921e-02,9.736368117625010532e-02,2.312162590384177208e-02,7.751613382957786569e-02,3.784868286364398426e-02,3.238647214752915504e-02,5.593128886279013362e-02,1.542949889092926075e-01,0.000000000000000000e+00,5.428193606037391011e-02,6.851139458143827576e-02,4.341039141524938305e-02,4.248589241103585545e-02,4.966458346402763402e-02,8.933015694055360112e-02,4.246701976518143379e-02,4.416084343076968899e-02,8.818760594505080375e-02,4.150290845141223900e-02,3.127723135084296835e-02,4.784597172606239006e-03,3.069961022240113441e-02,1.271836706059134396e-02,3.525025820127200560e-02,6.121129164038639769e-02,7.279576183663539514e-03,3.227356556846818457e-03,4.740765474093492846e-03,7.315705143879598811e-03,1.585961613710788060e-02,2.100030052049815105e-02,1.028842582711993539e-02,4.179321395453487742e-02,1.633513247070770072e-02,6.310762349117013219e-03,3.091458009604465540e-02,1.183538875039729689e-02,2.476821539131814076e-02,4.566789066497428141e-03,1.286084139248653072e-02,4.990654287622685835e-03,1.113933230014224791e-02,2.268908925621086412e-02,1.334139276254917364e-02,4.515236785437649197e-02,1.776047219133511032e-02,4.404809293609392856e-02,4.677690888702061567e-02,5.501466221244675353e-02,3.138039908088267882e-02,2.654953912017627912e-02,8.113882726845686455e-02,4.069155878863112835e-02,2.644989330886367979e-02,2.502934694655957124e-02,5.608647772193571523e-02,6.211998323756690726e-02,2.644553324372200809e-02,1.121031781777774919e-02,4.360255604673500540e-02,2.566705703102119610e-02,7.855194718087191164e-02,3.388139285356719238e-02,1.297686313661229433e-02,5.274161160855265346e-02,2.405327007078669754e-02,3.037264138323991086e-02,1.077176853711899612e-02,1.260639580789015279e-01,1.141498322121418246e-02,4.807008105393936748e-02,3.525910873050280142e-02,9.570440505480198867e-03,1.205444497250494212e-02,2.398939208702461669e-03,6.745956176230491139e-03,9.170052061447324376e-03,6.068327286047436701e-03,4.222374041884119356e-02,7.126860427297943175e-03,1.071024438592599673e-02,8.000865558399475330e-03,1.326957114010557555e-02,1.372016591992283874e-02,6.793444473670275791e-03,2.086544833134539034e-02,4.442032491216679757e-02,1.788145884779974645e-02,6.871873800807015015e-03,2.635389224993876095e-02,3.579186242709910676e-02,5.662575988309172942e-02,1.054428204636346789e-01,4.769697286960638410e-02,3.476680154673165990e-02,7.682162422351269948e-02,5.196060632397832973e-02,4.227834034090426768e-02,4.728322230973457108e-02,8.633984933046543603e-03,4.060074939608359322e-03,4.989916803027362111e-03,6.459216982450321880e-03,1.118582122812203199e-02,1.682742396655384151e-02,1.786732032795294162e-02,4.955792134230311424e-02,3.461794898188386843e-02,2.486532475960769040e-02,7.619943598136427743e-02,3.842002599702940002e-02,4.681265208349175144e-02,7.602892032456991245e-02,7.711211133134346363e-02,4.228964166549002701e-02,1.325862292794034170e-01,5.075080166042668373e-02,3.036363048358358199e-02,8.368960607659763073e-02,5.192444380307095070e-02,5.870798666379555691e-02,3.012067298174894020e-02,1.479730661392048528e-02,6.423861878568919159e-02,8.333342540895424810e-02,8.463607466791719935e-02,9.503260704303052864e-02,3.001053596105734619e-02,4.374467456045692815e-02,1.575187051896327975e-02,1.069501318624496364e-02,2.767354369746694021e-02,1.349938295436694732e-02,1.480396246423647602e-02,7.327540203311933009e-02,6.576967921280565260e-03,5.036185782288114809e-02,3.196861728014041559e-02,4.147280055263275443e-03
3.902993401304616361e-02,9.959230590021760088e-02,4.665708741956699213e-02,5.588119641454945136e-02,2.275468111966173768e-02,7.262068371682792178e-02,1.066115752498839886e-01,1.858029606030947023e-01,5.428193606037391011e-02,0.000000000000000000e+00,8.209197027300645100e-02,1.430898707786648627e-01,2.930025899127888453e-02,1.171540335181462528e-01,3.112934660792416319e-01,4.737972502170691158e-02,8.014991679082884846e-02,1.298630426700836116e-01,2.514929364209158788e-02,6.035397978386571050e-02,5.860969771887417079e-02,1.799192949096594177e-02,2.556559608628546781e-02,5.204046917796462807e-02,4.728888538405224412e-02,3.914013789261863024e-02,5.177154130803151080e-03,3.142113870340115800e-02,8.930695915370271548e-03,1.472236432204532784e-02,1.135077151508283311e-02,1.615917997324886959e-02,1.169793493930499848e-02,8.125662922919748080e-03,2.893636944228928764e-03,1.259931067745218708e-02,4.820638185786722298e-03,1.180264312615615478e-02,1.667444619301734765e-02,1.426716536484683162e-02,6.165771782815015513e-03,2.393400908405655947e-02,3.133554901047651969e-02,8.476960985645789343e-03,1.536289603314921759e-01,3.194586119676602609e-02,2.350330088507265880e-02,7.897730695593950523e-02,5.664810170415733766e-03,4.619393381937401261e-02,3.933366659449064051e-02,3.195856414009124596e-02,1.381714904576721303e-01,4.437712624167815950e-02,7.905817823859899451e-02,2.517835224875386926e-02,1.900856594941214076e-02,2.990337923096431441e-02,2.352492028000167240e-02,8.820308851281341567e-02,5.172536809510652756e-02,1.294145316041039537e-02,7.732821234851719461e-02,3.323770752758193475e-02,6.661630657626310681e-02,2.458132887218524021e-02,2.294274221902456792e-02,5.548752014372887453e-02,6.005457329722703463e-02,3.347083460516316750e-02,2.290837350390643665e-02,2.461501813703759547e-02,2.281034483531381094e-02,1.309460684094823114e-02,1.324954492708369652e-02,3.498390592793645861e-03,2.078530731741129109e-02,3.050991584232396261e-02,3.393428900794227820e-02,6.533977907795721074e-02,1.800588092128205253e-02,6.182331967341218870e-02,3.460977912994232103e-02,1.275233250720477982e-02,8.065255462477291179e-03,5.462266403479237864e-02,6.162778820503940491e-02,3.902414295740126021e-02,1.561662576950719437e-02,5.101804969957442204e-02,8.096235469616058777e-02,2.206453660280086604e-01,1.298632703514293052e-01,6.585392077446365622e-02,9.339484491850658099e-02,1.207456396035294782e-01,5.238960073503988457e-02,4.982820981574200003e-02,8.263981906351768048e-02,1.135508970002453884e-02,5.515486979518202659e-03,1.416521618652968363e-02,1.928488368694847299e-02,4.148427486615974269e-02,6.178129353883639319e-02,6.429797813863390166e-02,7.864540198678755811e-02,7.089529473772031298e-02,3.617481228096645907e-02,8.321943850852746294e-02,5.830430376614708504e-02,2.012106080080531059e-02,7.840493594253936105e-02,3.098873643595871641e-02,1.532040788931367421e-02,1.383494773062328258e-02,1.236964350622846848e-02,1.576171605620362709e-02,5.981374755052202424e-02,7.810333812594390246e-02,9.997555874835285794e-02,2.591565723374114963e-02,6.422381960320662497e-02,8.450411878079874817e-02,8.050589398643896721e-02,9.767518119228107976e-02,1.039064929777163276e-01,1.011610037754879510e-01,8.237307057301611335e-02,7.620223600630370020e-02,6.804358769703010290e-02,5.807791250260430083e-02,2.636934977037620753e-02,7.573567668633944538e-02,5.066241869839901296e-02,5.984664773447680858e-02,1.983541407232252557e-02,4.048908025070245553e-02,2.016723503154935898e-02
7.392997670263710963e-02,7.387716652639930714e-02,1.942830022527614747e-02,7.509851466385356056e-02,8.143764052453801583e-02,2.284904519010732410e-02,9.280809537528485198e-02,5.251112242574421107e-02,6.851139458143827576e-02,8.209197027300645100e-02,0.000000000000000000e+00,3.613647632670765383e-03,1.051216112813686404e-01,7.847440465654106911e-02,2.080785312425443012e-01,9.249915404928368834e-02,3.731556379489928826e-02,1.396283734748639260e-01,3.296092088051847530e-02,1.245017796865229183e-02,6.102709216121681574e-02,3.590344599115176394e-02,3.999649552591479779e-02,9.951035469733697514e-02,1.062580599655857938e-01,2.688208879125142739e-02,1.981082579102412186e-02,4.438522365318655488e-02,4.706790095394100364e-03,1.133314077212245474e-02,3.429690207733211271e-03,8.583428037948169498e-02,1.091265943733551319e-02,1.117732646893826107e-02,2.962967893942703226e-02,7.690032528782846100e-02,9.921903972871900373e-03,6.298243596652178256e-02,6.921891346700653758e-02,5.010923033154753015e-02,7.883619533846102437e-03,1.588490772766483830e-02,4.159415688006982276e-02,1.565738649801008339e-02,1.408979220451404557e-01,1.276707929529393437e-01,1.157034235132688577e-01,9.708236648353074649e-02,3.648835228682743848e-02,1.289005018567753458e-01,7.805207551061894844e-02,1.023257661481660891e-01,3.922678801536955834e-02,5.704062917281548656e-02,8.506604727487475370e-02,2.383922006608137772e-02,2.814315608149814754e-02,5.518297295392134844e-02,2.891478936399148950e-02,4.693783688026279682e-02,1.160743951311948158e-01,7.567609565646721270e-02,1.626454514749546831e-01,6.480118259366952904e-02,7.925006805477888272e-02,4.671032462999958473e-02,2.302204280605125997e-02,3.517606310219562223e-03,6.697253709123694894e-03,3.927248309899736972e-02,4.967145919869813200e-03,1.099756209126388773e-02,6.337543730379297142e-03,1.346352918650744329e-02,2.663833659666957343e-02,1.074175809599656368e-02,5.836244353200970188e-03,4.494093511950077169e-03,3.026350356889986448e-03,1.514776123881318715e-02,2.517180756699798419e-02,2.707220078741141844e-03,1.151560653520873091e-02,4.560320070406045229e-03,9.799569449936672283e-03,6.085001729679592047e-02,2.872386976922114421e-02,6.526583540619049217e-02,1.727370588187188138e-02,3.247665238840617696e-02,1.029219203882171946e-01,1.018553882727451232e-01,1.327812751853995055e-01,1.126222319816323203e-01,8.981996704624639616e-02,1.241227508739698171e-01,6.960846520937719051e-02,8.506120295283799149e-02,7.306811559005291223e-02,1.979720129613975893e-02,1.205738563374137047e-02,1.836548609321259073e-02,2.036554435969204629e-02,3.568142009143974048e-03,2.911729230896498502e-02,7.241389992614943871e-02,9.873731158756463011e-02,3.534345810027061940e-02,3.592669002351128044e-02,5.927388820460103430e-02,5.483122743772060603e-02,3.582264898615834109e-02,6.749904464167152951e-02,6.129691549644952081e-02,8.198201128047691300e-02,5.643758134223141043e-02,8.094566117406096217e-02,1.573076258148667361e-02,1.661248091951256778e-01,4.320084551481541066e-03,6.657649672496941673e-02,1.304752782960285663e-02,3.365612542119821721e-02,3.233266413487875801e-02,1.603603904436705918e-01,5.355196641915009603e-02,1.007677253139224044e-01,1.341681661694447691e-01,7.283057488055361128e-02,5.382252744972487735e-02,4.966579894187354849e-02,5.138988976016239246e-02,1.971866028348112296e-02,5.677385723426168346e-02,3.634072578018564259e-02,5.534360123122950524e-03,1.805726524879602835e-02,5.891974910255014936e-02,4.798931724921049607e-03
