0.000000000000000000e+00,2.381241069111301664e-02,2.902683472862674710e-02,6.460717076088334787e-02,1.591818452430213138e-02,1.409045860279010444e-02,4.566637425841256481e-03,2.537891154982195824e-04,1.467217763002549857e-03,2.732362932447416053e-03,2.408210580686048763e-03,1.130948085762920096e-03,1.967194213336182342e-04,2.879020443294474300e-04,1.754807993131445834e-04,1.226580639886680219e-03,5.287515031675666874e-04,1.893678848120233099e-04,1.256714716902162556e-03,4.721119332339320201e-04,2.827327183750827301e-04,1.000306574380825089e-03,4.260549810908446705e-04,1.128721087983005955e-04,6.863259475784486488e-04,2.941971330517299116e-03,5.324574881207196943e-04,6.398024835003782683e-04,1.865832551873373925e-04,1.673272692043891764e-03,7.827763600857470284e-04,9.779193810274485789e-04,5.914074225091971821e-04,1.511221267641304502e-04,6.182495254690818440e-04,4.092055391874862679e-04,2.945448943680623478e-04,5.347515665299130191e-04,2.096719367857675074e-04,1.789674469423039498e-04,2.095086450922895233e-04,7.428812293790281731e-04,3.454232014825644949e-04,9.935351261136768277e-04,4.385874307345722441e-04,5.833347931170115418e-04,1.393310001391083897e-03,7.153711112086131923e-04,2.233274325600835618e-04,5.710164472523181168e-04,7.896611309494629572e-04,4.573846071522634396e-04,1.783762510577316797e-04,6.040896043489902677e-04,4.364541142111554722e-04,8.832534593616990374e-04,5.010942201188795008e-04,3.910805794136248785e-03,7.840980211401513697e-04,1.985102016428311167e-04,3.330102781498163640e-03,2.495471268640979227e-04,1.889262423160995019e-03,1.521616466396600101e-03,3.318442879946560068e-03,1.103332474509208672e-03,1.946867805987632450e-03,2.783183824270929235e-04,1.064883137340522827e-03,4.665866121176654824e-04,6.465758466014468603e-04
2.381241069111301664e-02,0.000000000000000000e+00,8.133832403585944393e-02,6.509327358136229869e-02,1.351341090524207401e-02,1.104813210655089875e-02,6.700065505447201294e-03,1.905639197489823527e-03,2.476931363862635693e-03,1.284989462855539756e-03,7.606424167390834134e-04,7.305698812529763317e-04,6.859793479861689327e-04,2.553609851988952566e-03,6.967663984968533843e-04,3.473010427393608684e-03,2.484648589427580637e-04,4.038232347107472970e-04,1.867777581507309688e-03,5.653308121633523683e-04,2.044464459277404804e-04,7.599355243540114853e-04,4.841781909823174562e-04,8.098413532942301887e-04,4.064190001305833014e-04,1.849377343707767031e-03,6.186133000409754171e-04,3.830946654224537395e-03,3.262229566574499076e-04,6.454304848683595523e-04,3.743921393024226543e-04,7.918611913387171549e-04,7.379008330555132363e-04,1.519271727908154802e-04,7.657329794236559812e-04,9.338692581904317483e-04,1.458458892445478562e-03,5.562071148414038249e-04,2.757401912436059795e-04,8.376839972159553019e-04,7.212642620814525667e-04,3.595163593870452884e-04,1.860419218982542315e-04,5.444820552078779782e-04,5.668195161165387030e-04,2.478515437148298825e-04,4.617637413429702647e-04,5.413233336485775374e-04,2.126590158733950985e-04,3.805884523320021587e-04,6.068572889945367775e-04,1.589532227750234524e-03,1.824289131163573969e-04,2.310965867279648762e-04,2.629749541396180293e-04,9.535206499472368910e-04,2.802662899666311536e-04,1.285547332336577260e-03,2.480006452456803021e-04,3.153493638057294443e-04,3.266764725402112202e-03,5.562642610082695754e-04,1.386490704544391783e-03,2.070204365785882834e-04,1.284836185378775836e-03,1.144012356424123963e-03,1.308871175190066743e-03,4.467727824195782483e-04,2.067806866093097138e-03,2.599844959359157571e-04,4.518776825243667737e-04
2.902683472862674710e-02,8.133832403585944393e-02,0.000000000000000000e+00,1.928044291407117750e-01,1.960837794184134286e-01,3.683019665054280967e-02,1.344559798537716538e-02,8.954276923086767342e-03,9.024612267879237454e-03,4.614191539251316469e-03,3.319335263221852815e-03,1.666202021165207048e-03,6.021608592216544592e-04,2.176554152574962462e-03,2.573821435350624807e-04,1.799325038690132101e-03,3.835983849816889659e-04,2.393277142701558113e-03,5.059008383653695873e-03,1.100960637075068483e-03,2.379627211542596093e-04,8.684111396441856773e-04,6.287058027645365046e-04,1.792597248549848720e-04,4.777738456632151486e-04,8.532528993295628418e-04,9.687466325922854506e-04,9.646233833654316954e-04,1.625181539537963037e-04,1.776265258513589620e-03,1.230483208736727870e-03,6.214958107133622314e-04,9.065756191728328644e-04,2.038026142395678439e-04,1.764019970363299558e-04,1.500532820377969935e-03,1.369692584058708343e-04,8.994287940426845453e-04,7.738216495178036397e-04,3.601346377374586719e-04,2.528629105803560369e-04,2.476439472633009211e-04,9.387276162035050912e-04,1.809252003452858134e-03,1.956739220115787450e-03,1.832823823611515494e-03,9.704344967439397637e-04,3.319069181774363369e-03,7.840435391141405922e-04,6.042561769837416366e-04,7.686045809814096713e-04,1.246854527387281780e-03,1.694533798198417213e-04,7.865375383253256358e-04,2.365502773621029880e-04,3.139673995482132867e-03,1.522810413214952582e-03,2.610753206843128508e-03,9.711020956315962295e-04,1.158057420515279243e-04,5.295330064271725964e-04,6.962915210715492223e-04,2.105893430105202496e-03,9.326140155469300752e-04,3.134293825871905387e-03,6.655995310232826461e-04,1.736079691527219349e-03,8.096452974518053786e-04,2.128890708855718408e-04,2.629661844851516046e-04,5.289115999821480214e-04
6.460717076088334787e-02,6.509327358136229869e-02,1.928044291407117750e-01,0.000000000000000000e+00,1.479247668600571289e-02,1.991002962542348306e-02,9.984742222422680544e-03,5.006770175854336966e-03,7.320100907631921401e-03,8.448171753267794473e-03,3.590189538373359922e-03,2.503208231048627969e-03,1.743121323149547522e-03,4.811911038824868980e-03,1.078132601748082444e-03,3.895279689886730831e-03,3.100739802483573767e-04,7.349047391412617423e-04,4.352422877391229111e-04,1.906813861928780994e-03,6.427897396256022477e-04,1.331983515122439621e-03,3.692633435938911558e-03,3.607053686245768908e-04,3.110485800430465471e-03,2.820165774415058033e-03,9.466663017547628659e-04,1.581493429063115987e-03,1.911587524593208736e-04,5.533351241372331131e-04,2.499162544619180568e-03,6.529705838945320130e-04,4.086031253949775548e-04,2.719308557676761032e-04,1.109163217040875539e-03,8.768737516878358012e-04,7.681394544309331357e-04,3.245684042810805230e-04,6.148470717069945803e-04,1.954974760955608586e-04,3.270225712218571422e-04,5.920103499073265481e-04,4.314410380557852126e-04,1.077456332437754048e-03,1.893863145178471428e-04,6.679927923521453322e-04,3.159093473932338223e-04,3.298202109594350708e-04,1.129462409359283798e-03,9.936328947191467968e-04,1.051374757195212015e-03,1.377882922376366020e-03,3.032958135473876895e-04,1.534353890690387133e-03,4.534644215885668393e-04,3.015653791365097668e-03,7.908365395592610418e-04,1.090246130251307146e-03,6.154180003859617250e-04,1.175744295734827520e-03,2.845729305929159143e-03,5.145330058055165101e-04,7.699261575526152555e-04,7.650048073302469350e-04,9.596788791807158011e-04,1.278691585770024052e-03,4.235956238488804040e-04,4.769094218037338382e-04,3.379914665113845323e-04,2.960411890129920325e-04,7.184941582389632424e-04
1.591818452430213138e-02,1.351341090524207401e-02,1.960837794184134286e-01,1.479247668600571289e-02,0.000000000000000000e+00,2.494035494678974174e-02,1.950363207126165274e-03,1.722705836393216561e-02,1.668630821493775201e-02,1.785738048832657271e-02,7.320756268858120974e-03,4.165483146927972599e-03,8.621319573810243145e-04,1.261585998598542015e-02,9.187320200184142388e-03,1.348980287948556636e-02,1.523933774459569927e-03,2.358209665458362025e-03,5.667653894674153266e-03,2.032593147087007144e-03,7.281201087933337861e-04,1.979439459726916033e-04,8.422113642621442556e-04,7.578419074977451198e-04,5.401940461577097764e-03,1.840017719587042294e-03,5.249927235596196133e-04,3.621534868266202897e-03,2.484781744957549241e-04,5.956796492254455393e-04,4.986070704998164446e-03,9.058561233374375077e-04,1.259018787329449452e-03,2.027221751361241511e-03,6.667440506164574619e-04,3.297061250958214823e-04,6.372713112363029156e-04,5.478981825039839354e-04,3.459584229686354278e-04,7.405622666112296774e-04,2.022515563591245191e-03,5.495048959150519198e-04,1.015683148993367854e-03,5.603383516740784902e-04,1.535548730298026123e-03,2.591325187643302597e-03,4.227467949570428416e-04,6.886585903218396748e-04,1.493280308671862851e-03,7.476970869746607301e-04,2.886253342066429518e-03,2.513479065398542805e-03,1.466068247267158630e-03,2.506138228960838338e-03,3.211129205403501349e-04,3.100865120935787384e-03,3.701670410376256852e-04,1.308029036713142124e-03,3.464013278791372311e-04,1.923900155437406308e-04,1.907798563044416041e-03,8.703874256748928223e-04,1.329351667186145190e-03,5.367097034840192073e-04,2.521369968630974776e-03,7.845286787127043592e-04,5.554747486415156704e-04,1.798547371811450555e-04,2.078111655662200964e-04,8.451257405826460541e-04,6.519582132525323943e-04
1.409045860279010444e-02,1.104813210655089875e-02,3.683019665054280967e-02,1.991002962542348306e-02,2.494035494678974174e-02,0.000000000000000000e+00,3.361169688498524821e-02,5.314687887221531543e-02,5.491210655225853970e-02,2.755696838615406818e-02,1.249316896750846811e-02,4.324922432571502197e-03,4.075815349640386298e-04,9.760722907792002481e-03,2.796386233129727426e-03,6.289711912074690860e-03,3.780460780995191505e-03,4.911143280686347187e-03,6.815105452331855253e-03,2.307929911664903088e-03,2.683859413044142428e-04,6.874041621913230555e-04,1.890603303550374321e-03,1.274471649519568883e-03,6.391173130523434935e-03,4.044028354819480947e-03,1.225043044388079028e-03,1.894977494021200630e-03,5.779380725721783643e-04,3.951991344265827618e-04,1.748291801213036796e-03,1.091456532350225297e-03,3.278374304791572972e-04,3.753501581727154202e-04,3.780735946363208522e-04,8.027983103129900056e-04,5.914066244480946279e-04,5.362741455063641145e-04,6.351624459533890049e-04,1.229182183928015501e-03,4.389201695936592444e-04,4.292221983088129384e-04,1.950739541108457574e-04,1.087113546563829147e-03,7.457591700978673504e-04,8.154596253807007162e-04,4.835336029899150729e-04,6.400918639083847924e-04,1.074930333427444274e-03,4.272029495474569463e-04,1.883241426599729625e-03,5.912333640461384316e-04,7.389554383139180539e-04,7.963104463685289963e-04,3.624213426295378382e-04,9.236344164464401580e-04,2.041089119874299831e-04,1.994496701742620292e-03,1.717377768305457849e-03,2.457762779510789955e-04,1.555774913740120896e-03,1.315680737548530124e-03,3.260209585838681518e-04,1.374177915155113446e-03,2.175222520658083580e-03,5.522139338140355036e-04,4.462555498292292405e-04,4.322731021863022256e-04,1.607023864578142978e-03,3.184681315552096250e-04,3.563286753369557854e-04
4.566637425841256481e-03,6.700065505447201294e-03,1.344559798537716538e-02,9.984742222422680544e-03,1.950363207126165274e-03,3.361169688498524821e-02,0.000000000000000000e+00,1.855889136042464249e-01,1.089663685362464718e-01,8.441848862499184980e-02,2.513707980794908231e-02,1.452648346709298037e-02,3.172107120292542819e-03,9.807118338366740962e-03,3.587259132390807279e-03,4.241878170420464340e-03,1.564188345328909342e-03,4.871491624245203635e-03,5.865699686416298193e-03,6.129289893186845237e-03,1.266106402982309980e-03,1.860499552949715363e-03,8.753063163559992102e-03,1.313682208450065846e-03,7.856683652784643770e-03,5.211519623518090852e-03,3.421638240337111607e-03,4.366006982895825027e-03,2.438553548085226389e-04,6.528342136644595291e-04,4.804293553306639500e-03,2.269871900835450146e-04,4.176437820048083116e-03,1.368657761660143496e-03,3.375747550298449510e-04,9.131755148461236440e-04,1.793584388727108639e-03,2.092877440713005897e-04,3.832241850394361819e-04,8.340948163189670266e-04,1.070038382802820194e-03,5.574557724207149494e-04,6.490852694935475781e-04,8.506113628715275630e-04,5.486278927144059691e-04,9.064670600066563211e-04,2.543532658991530873e-04,4.724886588735397320e-04,4.522941302257928804e-04,1.144030060603869236e-03,1.284688664086594068e-03,2.484584098154309084e-03,8.804617093374463369e-04,2.010815019834587530e-03,4.331816227927651522e-04,5.802892731810171956e-04,6.798530378674413985e-04,2.174313345308081374e-03,1.426619537755947041e-03,8.207811980963133610e-04,3.797589872797543743e-04,8.292613514377793508e-04,8.405983889775790058e-04,2.317897642539023910e-04,4.307752799874097708e-04,4.970347611523268615e-04,1.861261937762308466e-04,3.012814574139681162e-04,4.987602587634177046e-04,1.074813399132590894e-03,9.754199796583758447e-04
2.537891154982195824e-04,1.905639197489823527e-03,8.954276923086767342e-03,5.006770175854336966e-03,1.722705836393216561e-02,5.314687887221531543e-02,1.855889136042464249e-01,0.000000000000000000e+00,6.048297111255959702e-02,4.173750538666728266e-02,2.504124121347069479e-02,1.131341264986379311e-02,1.893377347841956101e-03,9.510739879902649699e-03,4.624906579486273879e-03,2.485636762744349287e-03,1.920266353128778506e-03,5.359180161368019488e-03,7.913587539048843461e-03,5.158153991170411762e-03,5.692297618165275720e-03,2.196670828788966669e-03,3.845035748529837191e-03,1.563890487360126069e-03,5.614501969334857213e-03,4.167501842614591487e-03,2.737731373724984637e-04,5.816465534629086491e-03,9.474199022508702790e-04,2.704127608069341478e-04,9.863341316143374362e-04,1.593299539623141154e-03,3.889866762059314919e-04,8.557308784633729749e-04,1.309887310756702086e-03,1.255174585819191944e-03,1.999867762333403063e-04,1.373344968954716026e-03,3.799311938574403621e-03,2.466668105383194778e-03,1.452709945752607467e-03,5.888842114432514931e-04,1.983241287583907813e-03,3.677703751551124984e-04,4.476601878439597404e-04,1.554103665250116534e-03,5.691302474312805908e-04,7.342276154699017713e-04,3.185971961278998899e-04,6.181476230023245227e-04,1.783660280501959614e-03,2.380265264104017471e-04,1.703331316584659190e-04,2.545966791945982952e-04,3.834420852769531915e-03,4.335513715966426811e-04,7.916339183491290839e-04,2.673064120406066363e-03,9.497401777749070158e-04,3.923281630367633451e-04,9.822666158448714949e-04,8.965966811918901595e-04,3.922724588274753500e-04,1.681459305116540814e-04,4.196132567918369220e-04,9.312871235306281531e-04,7.465456336635129799e-04,9.725064691500514245e-04,1.035815470725769171e-03,2.661141730123430253e-04,1.705388702423062813e-03
1.467217763002549857e-03,2.476931363862635693e-03,9.024612267879237454e-03,7.320100907631921401e-03,1.668630821493775201e-02,5.491210655225853970e-02,1.089663685362464718e-01,6.048297111255959702e-02,0.000000000000000000e+00,8.093866309154280209e-03,3.050171168596959789e-02,1.027455564458253263e-02,1.278176479298563303e-03,3.551287311381424311e-02,1.317025983089916384e-02,8.588831878367017905e-03,5.607774507296434292e-03,9.203835973685636079e-03,3.763644043756301117e-03,4.656065507864409411e-03,1.805826560461840525e-03,1.046933732294897529e-02,9.196912383419058451e-03,1.957782520520841632e-03,3.023186813051649199e-03,2.402417219803915094e-03,1.345657057202412398e-03,3.774929328307998627e-03,1.446692779780541643e-03,7.549202113493009778e-04,1.304547151574597143e-03,2.428885862228818114e-04,4.405628829478652406e-03,6.597205208798348486e-04,2.441170377935484226e-04,5.691317939438538670e-04,9.619267763932756168e-04,8.849724783979808808e-04,1.544048807961159037e-03,1.517060572804601907e-03,1.248822329301791691e-03,1.078006176066934529e-03,1.729569489764272569e-03,2.312404260921149379e-03,2.171074526808904927e-03,2.117688839597833047e-03,8.019693983393436391e-04,6.655561347850281724e-04,5.180699445847404116e-04,8.685220760774407236e-04,2.976923829510598907e-03,1.487906862279245396e-03,5.352036655355858893e-04,1.697763269837347698e-03,2.807651157443663992e-03,9.684260699325281802e-04,1.448398480574618992e-03,1.784624277413007559e-03,1.695387297879840174e-03,3.994558970298472695e-04,1.085013969098139750e-03,5.177558912008715149e-04,5.378909554351763572e-04,3.087894352320444294e-04,5.711583502531541665e-04,2.501747168359741316e-04,2.775430802273514503e-04,9.293080832571008667e-04,3.838325462275506139e-03,7.480580221427851227e-04,2.427655225458642558e-03
2.732362932447416053e-03,1.284989462855539756e-03,4.614191539251316469e-03,8.448171753267794473e-03,1.785738048832657271e-02,2.755696838615406818e-02,8.441848862499184980e-02,4.173750538666728266e-02,8.093866309154280209e-03,0.000000000000000000e+00,6.559952780556951857e-02,4.949952422178176270e-02,6.842120701564697108e-03,1.442520951469166215e-02,1.030165015688819068e-02,4.785598969428324356e-03,3.889406413163448966e-03,8.933358873867827676e-03,4.157903070153825577e-03,2.186576055762053800e-03,4.039745872501109849e-04,3.855421157507299672e-03,6.475465574603832958e-03,9.976060478399633846e-04,6.954319281045625396e-04,1.619845495559271101e-03,4.675117994575424740e-04,3.953496013372939828e-03,7.710816793426852542e-04,4.871682696303135276e-04,2.360561098735482796e-04,1.152944912789846026e-03,1.501603832713648912e-03,3.735170602752803295e-03,5.708589321597344265e-04,3.563138189254198016e-04,5.014899663054386966e-04,9.750449323308660451e-04,1.489372432921913904e-03,1.088526812565739771e-03,2.018903737612697165e-04,5.194310261974521880e-04,6.391508457512975593e-04,3.092266080831352335e-04,7.579567362732478331e-04,3.107096301845435420e-04,6.076357388165692626e-04,7.520216147136006210e-04,2.601351450329784541e-04,2.826229958284248809e-04,6.739461610441640355e-04,4.487016126519574578e-04,2.847196598114181852e-04,5.607914773566876438e-04,2.061346207103085474e-03,1.074549713023567870e-03,4.168337310574050675e-04,2.544431320530025041e-03,1.630795682348008162e-03,2.979996924151396198e-04,1.065763256464606666e-03,1.645902484189433424e-03,2.318484869781535420e-03,1.078911402781013293e-03,1.280912552469751740e-03,1.186757740657927874e-03,1.349319920627580112e-03,3.632963186764363536e-04,3.401504066790647196e-04,2.313877849184358022e-03,9.120081903641702415e-04
2.408210580686048763e-03,7.606424167390834134e-04,3.319335263221852815e-03,3.590189538373359922e-03,7.320756268858120974e-03,1.249316896750846811e-02,2.513707980794908231e-02,2.504124121347069479e-02,3.050171168596959789e-02,6.559952780556951857e-02,0.000000000000000000e+00,3.553714999492400134e-02,2.901826292353539005e-02,3.424912250605804953e-02,1.260336838190102837e-02,4.265178973840732558e-03,8.696561753296975367e-03,1.680647984861794592e-02,1.593205918854481967e-03,4.817902599487536644e-03,1.552810842424174644e-03,9.189708217970481499e-03,5.222462818783588437e-03,1.807154264928933661e-03,2.198344036872556303e-03,1.561589323138012821e-03,1.355024685891396225e-03,6.162368028634075678e-03,6.339399076469064490e-04,9.170117217223091059e-04,1.774255718694611175e-03,1.070661050852500257e-03,1.408417130763857774e-03,3.200290001255310691e-03,1.164611228002112491e-03,9.690037625425124970e-04,1.514450234230627166e-03,9.357354957636723411e-04,5.941299488250041238e-04,2.693367459287470582e-04,1.815152364769370957e-03,2.970136105925717807e-04,2.245084952012797752e-04,1.115544351510069096e-03,9.887046210327007142e-04,2.900268075979237341e-03,1.748332989067953635e-03,1.027964175983243520e-03,5.645157536608076156e-04,8.257196239960589660e-04,2.615763820280426165e-03,4.917637158588424604e-04,7.980496329391593112e-04,6.309175296828921017e-04,3.098976209120179754e-03,8.736291419228185565e-04,1.326751465228054793e-03,1.092422933538138513e-03,1.885414940381955002e-03,1.036393244633013319e-03,3.073431296471096862e-04,2.956315248734402591e-04,2.784738082490767724e-04,4.088959810568985821e-04,1.479813671479520169e-03,2.238558562439366649e-04,1.788180423576486277e-03,1.015884250598867930e-03,2.484624531233930490e-04,5.423183972747314162e-04,3.981377506974661715e-04
1.130948085762920096e-03,7.305698812529763317e-04,1.666202021165207048e-03,2.503208231048627969e-03,4.165483146927972599e-03,4.324922432571502197e-03,1.452648346709298037e-02,1.131341264986379311e-02,1.027455564458253263e-02,4.949952422178176270e-02,3.553714999492400134e-02,0.000000000000000000e+00,6.268404497919537188e-02,4.424022755091942816e-02,1.024371079178314388e-02,8.087941721368180868e-04,7.246483449703659471e-03,1.289175109712341035e-03,2.139281834424334571e-03,2.597423781923817541e-03,1.795035571105358697e-03,6.209628110072747597e-04,5.298511964178967242e-03,3.950290715811611772e-03,1.924454772495762375e-03,1.858984958067707791e-03,9.324947474510512143e-04,4.224178694177620208e-03,2.412135860603185650e-03,1.631159924585390427e-04,1.060596493809521940e-03,5.331932167785426342e-03,1.601441916738029127e-03,1.845113152648755186e-03,2.780995582029522750e-03,4.702802058128736050e-03,1.189869875132036582e-03,1.141466054719001083e-03,6.090159273063808047e-03,3.869178582054773764e-03,9.828123877691486137e-04,4.847205839942475536e-04,3.093939063849233603e-03,6.683002474789417804e-04,6.323844029374445274e-04,1.592415812796104096e-03,9.183592100430986848e-04,8.067844810831371460e-04,3.464572962257880329e-04,3.761932970574948486e-04,3.972910480537010752e-04,2.844980321250573877e-04,1.173729809338347734e-03,1.536118590515240384e-03,2.525909292411629425e-03,4.891878531889500220e-04,9.071216836329020145e-04,4.629527568652713927e-04,8.908118053558949619e-04,1.083171517016633242e-03,2.045011557017761567e-03,2.086107919382827053e-03,5.390223415840063315e-03,2.254500884202193228e-03,3.489822161151807239e-03,1.775137627323544656e-03,4.750716058976632052e-03,4.724077432155181569e-03,1.282896496197001622e-03,2.468833485235591863e-03,3.405491212763516514e-03
1.967194213336182342e-04,6.859793479861689327e-04,6.021608592216544592e-04,1.743121323149547522e-03,8.621319573810243145e-04,4.075815349640386298e-04,3.172107120292542819e-03,1.893377347841956101e-03,1.278176479298563303e-03,6.842120701564697108e-03,2.901826292353539005e-02,6.268404497919537188e-02,0.000000000000000000e+00,1.325589117984940675e-02,9.150292634662592420e-03,7.635216642697117105e-03,7.547037027252510855e-02,1.180858504169918395e-02,4.755538670199447281e-03,8.778455010032557362e-03,2.711375561156200960e-04,1.807752334003714370e-03,2.241779114290521225e-03,5.918552357276994982e-03,2.531484271853852008e-03,3.912522357470093332e-03,1.106635612609648683e-03,7.471935674575922760e-03,6.003512467394613809e-04,8.303514345776113158e-04,1.358882292152702696e-03,4.640360290413717112e-04,7.665983023974567469e-04,9.273809158669219085e-04,3.870393806821087988e-03,3.536377841540996880e-03,3.970323360874187081e-04,2.685252262303811869e-03,3.123752624081821416e-03,1.842128259059720892e-03,8.128800665610031112e-04,3.026781621411006509e-03,3.028069323142375691e-03,1.114323350116750008e-03,1.400253300508383760e-03,7.379007724732461471e-03,8.399102875586093300e-04,8.150934264165601807e-04,2.831879166938490195e-03,3.771458301435139972e-04,8.009654523733333994e-04,7.456875347837098062e-04,2.995966138340382958e-04,9.037798325274091615e-04,4.090059460899561627e-03,2.294539408167236942e-03,4.007358653319217229e-03,3.267051822463046436e-03,6.016083902279478323e-04,2.212055113172068602e-03,1.643545166331743896e-03,1.116132191924062295e-03,1.664257733463532897e-03,2.396253500688921411e-03,2.281094758954999979e-03,1.646009031516197131e-03,5.195124923395500437e-03,1.832551931073577800e-03,5.942452633695227780e-04,8.365823961452825870e-04,1.295476732801241829e-03
2.879020443294474300e-04,2.553609851988952566e-03,2.176554152574962462e-03,4.811911038824868980e-03,1.261585998598542015e-02,9.760722907792002481e-03,9.807118338366740962e-03,9.510739879902649699e-03,3.551287311381424311e-02,1.442520951469166215e-02,3.424912250605804953e-02,4.424022755091942816e-02,1.325589117984940675e-02,0.000000000000000000e+00,8.375115579699415891e-03,1.979863958412312469e-02,8.406062267495725826e-02,3.738170762390068819e-02,1.155347138510839054e-02,3.193912687273615242e-02,1.913990151077459706e-02,9.784405983853307343e-03,3.699940872086917524e-03,1.806415584110527542e-03,1.473073512415285424e-03,3.690164019063666995e-03,1.083448093150891824e-03,3.498987291459201236e-03,2.775160909078840023e-03,1.589207923828237033e-03,6.423633229649661474e-04,1.089651712982263473e-04,9.957195626160127502e-04,5.721188381844472372e-04,1.279146506608686311e-03,3.214765334116089033e-03,8.823760175155017814e-04,6.409561531172334450e-04,2.353517103905385446e-03,2.254033216960546222e-03,1.982821811042189254e-04,1.413274149953452821e-03,5.692839340910835905e-03,1.016625505808471880e-03,8.101759664624227876e-04,3.719633124616603895e-03,1.034804980145025968e-03,2.287889122298956968e-03,1.368538025366941276e-03,1.483235434174860843e-03,5.428690161782313579e-04,6.851159018113765807e-04,4.046725412877726080e-03,2.013502098090516580e-04,7.048708345922416896e-04,1.954680006837510465e-03,8.797718742738023373e-04,6.846505150536001108e-04,3.540657713800269982e-04,4.525352929146064188e-04,2.463207834741928167e-03,6.828045113698846813e-03,5.686582085350897278e-03,1.285157497649643162e-03,5.366361097611709128e-04,6.706983109826979888e-04,5.890223820803168475e-03,9.127166783895683533e-03,1.964946246869882576e-03,3.600128176274607506e-03,5.378650299445538255e-03
1.754807993131445834e-04,6.967663984968533843e-04,2.573821435350624807e-04,1.078132601748082444e-03,9.187320200184142388e-03,2.796386233129727426e-03,3.587259132390807279e-03,4.624906579486273879e-03,1.317025983089916384e-02,1.030165015688819068e-02,1.260336838190102837e-02,1.024371079178314388e-02,9.150292634662592420e-03,8.375115579699415891e-03,0.000000000000000000e+00,2.267657136625341602e-02,1.278872753175032684e-01,5.555886361722758848e-02,2.491863146742706592e-02,9.709855734356629200e-03,1.164408334223628570e-02,9.216190486300613466e-03,6.020772194375122524e-03,4.088929276277578767e-03,3.051200084522337052e-03,3.976364558687434450e-03,5.177675879314078654e-03,8.365974947911606393e-04,6.904199615598184160e-03,1.552334277603932512e-03,3.781002689566213804e-04,8.500274188302806228e-04,1.137555178461999248e-03,1.853606098936241842e-03,3.182937050458886251e-04,6.753186526856609119e-03,1.382430409243683676e-03,5.838326756910181686e-04,3.667967928571747331e-04,5.582448714333218716e-03,2.834698843830414151e-04,1.737378318634199680e-03,1.635922106495682872e-03,1.261881685172434918e-03,3.814031726830647271e-04,8.493059951839301239e-04,2.033584504547685055e-03,5.298544543671074823e-03,4.626603290954027763e-04,3.072054488708873127e-03,5.406849944244331409e-04,4.542480621705030988e-04,2.343390838636404182e-04,1.675003858335718035e-03,4.028826638868134719e-03,1.873664889021102648e-04,1.235500710433901214e-03,1.293971375425727061e-03,1.446541383085171197e-04,2.198991849405943552e-03,1.438037217404736657e-03,1.280976776769773796e-03,1.362745370212114495e-03,2.465152320732453585e-03,1.027295225975327977e-03,5.467706575947231659e-04,2.844582344973365859e-03,4.468713902537049462e-03,1.307894363741997010e-03,3.993331914214303356e-03,3.537739933170310803e-03
1.226580639886680219e-03,3.473010427393608684e-03,1.799325038690132101e-03,3.895279689886730831e-03,1.348980287948556636e-02,6.289711912074690860e-03,4.241878170420464340e-03,2.485636762744349287e-03,8.588831878367017905e-03,4.785598969428324356e-03,4.265178973840732558e-03,8.087941721368180868e-04,7.635216642697117105e-03,1.979863958412312469e-02,2.267657136625341602e-02,0.000000000000000000e+00,3.986555025101799071e-02,6.849428202113838626e-02,7.962623974431648488e-03,1.066661442428776772e-02,2.160930827864429062e-03,3.128139921186146293e-03,2.973579388511835616e-03,2.904085694570982153e-03,2.141520040759974011e-03,1.489857815610129812e-03,3.809715539180391175e-04,2.382688009745155197e-03,9.406196573183198519e-04,1.556893909441140617e-03,3.055719674406485661e-03,7.289962955409091125e-04,7.324258288859006533e-04,2.038794482559772546e-03,7.143678548159092864e-04,1.429993705079385998e-03,1.695972576224975738e-03,2.130052043674032173e-03,1.023675976501435851e-03,8.050366977576926299e-04,1.759725566476698843e-03,2.024008045783423052e-04,1.939227055757503397e-03,1.714772236902416128e-03,5.172149080057968518e-04,3.933249916594690762e-04,2.350057621416134276e-03,2.833687960707895279e-03,1.787864513958228527e-03,5.134817255045021414e-03,4.076592289146092137e-04,2.462920751523161363e-03,1.646359007060582387e-03,4.430990975371716114e-04,8.470228792034624303e-04,1.756180902022853093e-03,1.901983385373105925e-03,5.151205226986242799e-04,2.157076347316446449e-04,8.999471602293893351e-04,8.363702002155084690e-04,5.960045992387978187e-04,3.429590250142477200e-04,2.217208249522433286e-04,1.375727936777263165e-03,8.438892518425354433e-04,9.523777755064791488e-04,7.314871544272126200e-03,3.762036318704434223e-03,1.584108184703716385e-03,4.213365630281770517e-03
5.287515031675666874e-04,2.484648589427580637e-04,3.835983849816889659e-04,3.100739802483573767e-04,1.523933774459569927e-03,3.780460780995191505e-03,1.564188345328909342e-03,1.920266353128778506e-03,5.607774507296434292e-03,3.889406413163448966e-03,8.696561753296975367e-03,7.246483449703659471e-03,7.547037027252510855e-02,8.406062267495725826e-02,1.278872753175032684e-01,3.986555025101799071e-02,0.000000000000000000e+00,3.047179774117593498e-02,6.683214639558061713e-03,1.141077041632290560e-02,2.258614254355372983e-02,1.212964579662070266e-03,2.092692435395205296e-03,2.412692147345763764e-03,3.894941218258325764e-03,1.023615152481513121e-02,5.224424105352399629e-03,2.977444301265867385e-03,1.146236362914037710e-03,5.177385803867210054e-04,3.877195972360687141e-03,9.050240887094290580e-04,7.399474119236562966e-03,4.885202196045248775e-04,4.380453627895396457e-04,4.539060607483180656e-04,1.189979016621261739e-03,8.757441464975956533e-04,4.806167768001591437e-04,2.719482778170846508e-04,9.049658510671790583e-04,2.564337441507415129e-03,5.727718109399366868e-03,4.363485550659581256e-04,4.164200035877131082e-04,4.389474307297538090e-03,1.827884574928504216e-03,6.730834304548093767e-04,4.268224092022597916e-04,5.352789925348924380e-03,6.815680073097390946e-04,4.998931408277331942e-03,9.145999550175025472e-03,2.459398234672195097e-03,7.851432702975694568e-04,5.020460463174441536e-03,9.755666251129448911e-04,1.060265502759563487e-03,6.153443006405784951e-04,1.951830765421115480e-03,1.110074016681094657e-02,3.921154579911143891e-03,7.980307317563856574e-04,5.659342039269558674e-04,6.403463013055351802e-04,2.056455138434306988e-03,1.779943673266465342e-03,6.203774667204653079e-03,4.277190794060225718e-03,4.210037861871530548e-03,1.742693439273720283e-03
1.893678848120233099e-04,4.038232347107472970e-04,2.393277142701558113e-03,7.349047391412617423e-04,2.358209665458362025e-03,4.911143280686347187e-03,4.871491624245203635e-03,5.359180161368019488e-03,9.203835973685636079e-03,8.933358873867827676e-03,1.680647984861794592e-02,1.289175109712341035e-03,1.180858504169918395e-02,3.738170762390068819e-02,5.555886361722758848e-02,6.849428202113838626e-02,3.047179774117593498e-02,0.000000000000000000e+00,3.373115072554993404e-02,3.147742442887143527e-02,1.615441480388417339e-02,5.962632516273619170e-03,8.278227809144951543e-03,1.197198866552266240e-02,5.067440994382744861e-03,5.462725104409235470e-03,5.718136086363777640e-03,2.419296241897381065e-03,3.095967287637297477e-03,1.263167712299231036e-03,4.166217310173908964e-03,3.493178711622904695e-03,8.291945824703293721e-03,1.032575623343812100e-03,1.050984498456206681e-03,3.036302175088999127e-03,1.357872239818427038e-03,5.074875621699782543e-04,1.221239132937035126e-03,3.387733117834240606e-03,7.563359912134688494e-04,3.713038584270070145e-04,5.059392957312634342e-04,5.999176207433213779e-04,2.853387134891563178e-04,7.775324621632484761e-04,2.153947743242451765e-03,3.609173956162890426e-03,1.318012848347341727e-03,4.678427677627299518e-03,1.556276636733440162e-03,5.176503255759425624e-03,3.672775333466981543e-03,4.887469964074006796e-04,2.134849459902288856e-03,5.980468431480731421e-04,2.287749727069451032e-03,1.661731410578421581e-03,3.872304739692784912e-03,6.228836361575994371e-04,1.486287306169924898e-03,2.629849869265618654e-04,1.133700084161390386e-03,3.042578566807431603e-04,6.121339355887583239e-03,5.179934816094033251e-03,1.340808827357515805e-03,3.007412773117199055e-04,1.618909695339067548e-03,8.708670260771510241e-03,2.363922453841013887e-03
1.256714716902162556e-03,1.867777581507309688e-03,5.059008383653695873e-03,4.352422877391229111e-04,5.667653894674153266e-03,6.815105452331855253e-03,5.865699686416298193e-03,7.913587539048843461e-03,3.763644043756301117e-03,4.157903070153825577e-03,1.593205918854481967e-03,2.139281834424334571e-03,4.755538670199447281e-03,1.155347138510839054e-02,2.491863146742706592e-02,7.962623974431648488e-03,6.683214639558061713e-03,3.373115072554993404e-02,0.000000000000000000e+00,3.970739102945085308e-02,6.833023467141342844e-02,3.426219827236024612e-02,7.187773774301970363e-03,3.800662653711569475e-03,5.358372927553757895e-03,9.040891605268824328e-04,4.135885148143492000e-03,4.316824190977151983e-03,3.779658818111095555e-04,5.095577019651562067e-03,9.172269401627066929e-03,4.338494737800224158e-04,5.043466510372408319e-03,7.522473035694130384e-04,3.052765857218920991e-04,1.223802902237178161e-03,2.761241971339940121e-03,7.730022801417812560e-04,3.776182034842586062e-04,2.958833669862478001e-04,3.518105486208840003e-04,6.540415597525120906e-04,2.038474179160649612e-03,5.028529635283791833e-04,7.225382097168984693e-04,1.604734243981096632e-03,5.852365188267400799e-04,1.085135092673597838e-03,1.640890109616705353e-03,3.099840169776229941e-04,5.330326839300895524e-04,6.887591382132087240e-04,3.751232853285662357e-03,2.071355541038707743e-03,2.718471982054944717e-04,5.991563005859338285e-03,5.322529166826653509e-03,2.959348997701560791e-03,1.631853955185127124e-03,1.166710453838987064e-03,1.217293886700529558e-03,6.068005751911644506e-04,1.640916846115478538e-03,2.906822987796879327e-03,7.580214792185699900e-04,2.657988259924443965e-03,9.522842010221044175e-04,1.897701750539706675e-03,4.451925641602863526e-03,2.845268017724052016e-03,4.610016888174083851e-04
4.721119332339320201e-04,5.653308121633523683e-04,1.100960637075068483e-03,1.906813861928780994e-03,2.032593147087007144e-03,2.307929911664903088e-03,6.129289893186845237e-03,5.158153991170411762e-03,4.656065507864409411e-03,2.186576055762053800e-03,4.817902599487536644e-03,2.597423781923817541e-03,8.778455010032557362e-03,3.193912687273615242e-02,9.709855734356629200e-03,1.066661442428776772e-02,1.141077041632290560e-02,3.147742442887143527e-02,3.970739102945085308e-02,0.000000000000000000e+00,2.438314305691614559e-01,2.102097521796095492e-01,2.433816558224875803e-02,3.532423958152604293e-02,1.148448002822322414e-02,1.221487933676250514e-03,1.139003066875142640e-02,1.171092822533558592e-02,6.259025611526615462e-03,1.216919043440333262e-03,5.090099851906071567e-03,2.077009615273692558e-03,3.983682832060156560e-03,1.046231923867681907e-03,3.468539418606369270e-03,1.941787312413801583e-03,4.275140124473932220e-03,5.541838077357171335e-03,6.279656126979765024e-03,3.335673350515623407e-04,2.134139185197510714e-03,1.021659454982937545e-02,7.333745101359816394e-03,4.386119549059841385e-04,5.144717861941010793e-03,7.407839968968011127e-03,1.151232796326562930e-03,5.347784173849893857e-04,3.364358267758565772e-03,6.195515148014947050e-03,1.430627712751447777e-03,8.121970316505946509e-04,6.800361592932550924e-04,3.111181103356735686e-03,7.395611178030146900e-03,4.509371002365613972e-04,5.694321556983733892e-04,8.924388956442941452e-04,1.645293946499321340e-03,6.336178257337744899e-04,7.513691506675372524e-04,1.516611531110580386e-03,3.493548957729932219e-03,8.429432941510139540e-03,6.150877570993973364e-03,3.895363121686494425e-03,7.373209788567311636e-03,6.746659877778038092e-03,1.444026664579149168e-02,2.058116895180076792e-03,2.658411413242885938e-03
2.827327183750827301e-04,2.044464459277404804e-04,2.379627211542596093e-04,6.427897396256022477e-04,7.281201087933337861e-04,2.683859413044142428e-04,1.266106402982309980e-03,5.692297618165275720e-03,1.805826560461840525e-03,4.039745872501109849e-04,1.552810842424174644e-03,1.795035571105358697e-03,2.711375561156200960e-04,1.913990151077459706e-02,1.164408334223628570e-02,2.160930827864429062e-03,2.258614254355372983e-02,1.615441480388417339e-02,6.833023467141342844e-02,2.438314305691614559e-01,0.000000000000000000e+00,1.190300140099340431e-01,5.571915305953457215e-02,5.392977430429756608e-02,1.212524739465956763e-02,1.421324213180623700e-02,1.443632851703272740e-02,1.213736804972618058e-02,1.435159169134896801e-02,8.200426292084639704e-04,4.470224371028725177e-03,6.345994825521652540e-03,4.038886136013798093e-04,8.068927995411263659e-04,1.335541504562523692e-03,1.567171779497727666e-04,5.359172907503329149e-03,1.439028501468299359e-03,6.501815982625392711e-03,1.299030522542544237e-03,6.526096779750962043e-03,4.721585332565908337e-03,1.199047967457021052e-02,1.571989649772730178e-03,5.448437974282661477e-04,4.084833644169771731e-03,6.418832024546077594e-04,4.257074250304486787e-03,4.398605158798122097e-03,8.922512200587435181e-04,1.381145976737030738e-03,1.620922753710533773e-03,3.753430014744732002e-04,3.104601586277945698e-03,8.955672692375489866e-03,6.054059331570487736e-03,2.631731951318726052e-03,5.448534490625919768e-03,2.799873001240329486e-03,6.904131456679158015e-03,4.553973438245716848e-03,1.027526935965844069e-03,1.043349363984909977e-03,5.728016393729931958e-04,6.743981400673857395e-04,3.044716900498511524e-03,1.852788240556890557e-03,6.629067111365428804e-03,5.147802199007977565e-03,1.231851357417509387e-03,3.721325734293347309e-04
1.000306574380825089e-03,7.599355243540114853e-04,8.684111396441856773e-04,1.331983515122439621e-03,1.979439459726916033e-04,6.874041621913230555e-04,1.860499552949715363e-03,2.196670828788966669e-03,1.046933732294897529e-02,3.855421157507299672e-03,9.189708217970481499e-03,6.209628110072747597e-04,1.807752334003714370e-03,9.784405983853307343e-03,9.216190486300613466e-03,3.128139921186146293e-03,1.212964579662070266e-03,5.962632516273619170e-03,3.426219827236024612e-02,2.102097521796095492e-01,1.190300140099340431e-01,0.000000000000000000e+00,1.232554908705698060e-01,1.345422140422415092e-01,8.001560641896138248e-02,3.204920922297932462e-02,2.959789742800229828e-02,3.546200565457706400e-02,2.996197897892611053e-02,1.576151143835391802e-02,8.865450105248220275e-03,2.724848072270132787e-02,4.751179392538253977e-03,1.773616632948820521e-02,1.164295386585039761e-02,3.307381065887213950e-03,2.310871721221923695e-03,1.601887467802294920e-02,7.373302779270984528e-03,6.288783842394582088e-03,7.619465224575023253e-03,9.168379851116703963e-03,5.602858331040138501e-03,1.416784027269192255e-03,6.243668196186594058e-04,2.567809648322907402e-03,2.946639810951608412e-03,2.485977433966856699e-03,2.405466725851048738e-03,3.401613574891561385e-03,2.453956739652220307e-03,2.637296542742744755e-03,4.719590613688742255e-03,1.333995110202358322e-02,1.045598630331224903e-02,8.682217009919055914e-03,8.997401668461517399e-03,2.811750771533766055e-02,1.254183748002277686e-02,1.284540921120876653e-03,2.032999390712215276e-02,9.381327171453280461e-03,5.122071680624437628e-03,4.885870395910367481e-03,1.328144473848367731e-03,2.030973486572710662e-03,8.378821792283724576e-03,2.210557895199998998e-02,6.772034737402286494e-03,6.421295237637176904e-03,3.099966296016408874e-03
