0.000000000000000000e+00,5.540991368787216015e-02,3.482931852476345291e-02,1.037126420385344472e-01,3.693244964089592575e-02,4.809022464634397226e-02,1.171544962739250358e-02,3.895288220463080306e-03,2.928598459701634103e-03,7.498843491418872437e-03,5.996805633651422149e-03,2.419077628768599199e-03,5.846064281768030557e-03,5.166653622282204282e-03,1.739764280993092577e-02,6.456555790134123167e-03,5.203537287602492435e-03,7.104854206660621632e-03,4.154558342288176137e-03,6.712685286300235608e-03,1.455771416750329360e-03,9.316521748285316873e-03,1.167386072488670523e-03,3.117471929334631082e-03,3.416090429373431873e-03,2.372797750231350842e-03,4.878095068470787894e-03,1.057762838089653301e-03,2.960030684813382863e-03,5.143424630530854481e-04,2.490617788594114146e-03,1.197562585412005219e-03,2.482961073247501489e-03,7.851074726418433639e-03,3.587149519103945573e-03,2.392813695631940216e-03,6.105277703787152788e-03,5.070264001677896211e-03,4.017175630299922931e-03,2.390489248636119488e-03,3.268520690073430275e-03,7.305150851610980574e-04,1.040051964514240521e-02,8.365073850307797043e-03,8.996991456721689304e-03,8.338663091035718525e-03,2.882495990976997619e-03,1.026074541258478919e-02,1.408248131202561801e-03,5.733534431928762488e-04,9.002813744092133530e-03,3.042491707844509168e-03,2.425175352002614023e-03,3.484251371280424215e-03,3.650335665144983574e-04,5.286254037190296845e-04,2.093849226988320125e-03,1.597219980959383584e-03,5.278965367036821121e-03,5.322932754911137779e-03,7.233523242409331706e-03,2.288004487945001497e-02,1.928741068301515968e-02,1.112563553282306696e-02,5.335734012156731314e-03,1.009805780715584966e-03,1.703049958685691131e-02,4.825178410365235995e-03,8.352661597137898963e-03,4.203233531895804974e-03,3.362266048209134640e-03
5.540991368787216015e-02,0.000000000000000000e+00,8.957308681972574183e-02,7.237269645626903669e-02,8.958417345013675037e-02,3.725688125737311451e-02,1.359810642127957415e-02,9.160032003252001342e-03,8.688114558758690611e-03,2.662646070644299721e-03,2.265397712730875777e-03,7.635879783190891845e-04,5.162844598276157548e-03,7.180082612203147509e-03,1.237219517211233903e-02,1.292602249810276098e-02,6.205606122746593067e-03,6.061596151913015845e-03,4.981778938734003799e-03,4.696962073030204986e-03,2.281247957474378564e-03,5.431619358174557231e-03,1.748728483011088115e-03,1.403055500974368340e-02,1.869212678789397173e-03,4.707351312989002147e-03,1.280700803101469725e-03,1.278721631245319712e-03,8.935695890647623370e-04,2.539940236876198857e-03,2.148527222443679264e-03,1.690593896952433117e-03,2.518029417094331916e-03,7.711926677225826657e-03,4.996059090506311390e-03,2.071655814992561222e-03,8.504297297158519217e-03,7.151746042156374369e-03,1.559236359944463426e-03,6.337606443375876780e-03,4.992774968277230701e-04,1.313768872853342652e-03,4.061275989456362805e-03,3.386602892753798680e-03,3.404395233895254457e-03,6.755554561963102340e-03,3.695944098189900273e-03,1.210140973298777685e-02,3.889226877240706259e-03,1.202638424306964795e-03,3.928084999479107206e-03,3.603992618422569971e-03,4.408285627852092650e-04,4.078004265299179851e-04,1.701163212045894192e-03,7.130794389527110198e-04,6.652824058479199455e-04,6.579596413550039971e-04,1.269610398144001067e-03,4.391671857820769916e-03,1.122181563947610271e-03,1.434929667110168214e-02,9.608610962901800029e-03,1.746695297448575468e-03,5.045910937149574328e-04,2.461550929814051124e-03,1.362674463252869575e-02,1.968728369690319908e-03,6.644899202665982205e-03,1.827692980708459222e-03,4.050617354625372750e-03
3.482931852476345291e-02,8.957308681972574183e-02,0.000000000000000000e+00,2.125271037688793718e-01,1.566089197623468932e-01,1.175908875507412910e-01,2.151789370408219160e-02,8.892447627650955019e-03,5.427958634775454511e-03,7.110576895350219709e-03,5.570042302226053087e-03,1.215411972350953019e-03,5.072076679429215161e-03,7.422100974894999632e-04,7.222854893501066444e-03,4.127926300895124433e-03,2.350045860029713503e-03,8.876992568924161470e-03,4.229271505880330406e-03,8.595051183658324045e-03,5.375642198659516709e-03,9.181445676646813117e-03,1.781489641197957175e-03,1.522958576086103988e-03,2.690195778358571432e-03,4.205867018608244246e-04,1.905642605080336022e-03,9.662467261105522507e-04,3.786807160666877912e-03,2.686881601166738257e-03,6.530360354606403947e-03,7.782757930368968888e-03,6.749330514348231540e-04,1.560889105816115185e-03,2.293191101540389357e-03,2.839708934564804266e-03,2.393276640356224380e-03,8.623507822832284387e-04,2.888901477853836504e-03,2.155121599544401398e-03,4.839571436875037859e-03,8.696008119159437605e-04,3.455392518546715822e-03,7.870806532802100339e-03,1.470969533350742486e-02,5.375901735173222416e-03,2.008961928985232570e-03,1.359895292669017867e-02,4.192342488339618686e-03,4.021648232100940960e-03,7.520575016369676277e-03,6.526243542680937662e-03,3.785300980735071402e-03,3.927702349243778791e-03,7.211215052058501593e-04,1.843985969448208584e-03,1.572241067173832732e-03,1.021192605196973458e-03,6.760672388229698078e-03,5.933296810598790577e-03,8.319888976322676460e-03,2.336483343475881380e-02,1.025760296009036593e-02,9.611400884249199014e-03,6.153834213289614656e-03,1.925060294088242179e-03,1.895882882969668337e-02,1.142472238690660225e-02,1.575893175936189097e-03,9.699143880986596522e-03,9.362545234797035876e-03
1.037126420385344472e-01,7.237269645626903669e-02,2.125271037688793718e-01,0.000000000000000000e+00,7.030281305059975228e-02,3.691048120996847509e-02,3.190423381091734428e-02,6.450132011874199454e-03,3.595737369066488633e-03,1.585368689185402344e-02,1.567612895484464487e-03,2.315738444917756194e-03,4.599801814038561101e-03,2.746636363269730485e-03,1.150346353535330012e-02,9.212624454688027667e-03,2.969750012214417579e-03,1.235062111010651852e-02,2.255953995917860978e-03,1.197827100049594917e-02,1.348698847895928987e-03,8.529618932002096254e-03,1.760821329956587097e-03,2.785250429677753412e-03,3.473698086951462413e-03,4.523917143715351814e-03,6.241095025514864850e-03,2.255351794547141679e-03,2.399693963233782285e-03,4.101620125066507763e-03,5.032110848757488999e-03,5.843247249734974218e-03,3.814434436060201196e-03,5.197470091021145523e-03,3.066323057793567380e-03,2.624871382055235080e-03,1.927155989303718214e-03,7.716031616311467070e-03,4.298916463839454541e-03,2.347456159727681537e-03,5.805706286876268938e-04,4.453526557130470524e-04,4.215086578418537726e-03,7.168127436790099581e-03,1.151554562614868008e-02,1.102161779358344293e-02,2.483850113409432573e-03,7.099516519468792794e-03,4.498547897937079168e-03,1.156725807738647393e-03,7.822819192608156808e-03,4.003027528866321544e-03,2.999231939819806386e-03,6.964763274481510121e-03,3.896800693709838339e-04,2.338275665602461504e-03,3.508015614221680640e-03,2.352598020496399732e-03,9.851994402245101146e-03,6.431062491831703379e-03,8.086674539524576349e-03,2.094969767594702728e-02,1.327461917524057865e-02,4.851121728320041335e-03,1.957144402561324624e-03,1.778601901132301688e-03,7.430273041866291076e-03,2.816482255425497520e-03,2.295934045868714551e-03,6.455696846183393671e-03,7.485216950075561891e-03
3.693244964089592575e-02,8.958417345013675037e-02,1.566089197623468932e-01,7.030281305059975228e-02,0.000000000000000000e+00,8.004602258658337355e-02,1.015717563771286608e-02,2.568498716389780445e-02,7.048419046244247359e-03,2.442950642854372842e-02,8.652922793954969868e-03,2.932719702256867973e-03,3.102240881671852312e-03,3.748880512385903679e-03,1.852334055787354175e-02,1.599275733431379173e-02,2.951171301985534932e-03,1.509320252881110255e-02,1.167439381984401378e-02,7.365172934155282333e-03,2.563140908073479034e-03,1.334863683967375814e-02,5.658143976692874173e-03,4.483628169369551289e-03,4.974112232420731250e-03,2.048007520695303407e-03,6.052570257115912067e-03,1.544063052830216796e-03,2.869395589123951724e-03,1.567538165501463840e-02,1.500700226864421644e-02,1.236420564888277354e-02,4.114720025086884489e-03,9.893401484431685322e-03,6.315119048002495322e-03,3.141345175236326132e-03,1.572297124716571983e-03,4.060152042740840413e-03,5.274547556723756594e-03,1.797468732290507729e-03,9.814676438465903818e-04,1.353883184814199487e-03,7.552820497115360181e-03,3.557385378548908079e-03,1.304608198103151921e-02,1.819654531311641274e-02,1.213297296017973488e-02,9.378404160844821744e-03,1.650870648073146305e-02,6.213783223585891621e-03,1.223477339188068849e-02,1.188870410266268905e-02,6.607520221611914990e-03,9.746742898134857364e-03,1.275678286741498959e-03,1.881921321443140059e-03,2.572830050587132048e-03,2.493233038257898233e-03,7.888436096835836631e-03,7.331062475862867509e-03,6.488934469137466743e-03,2.181687418295386732e-02,1.682845534842932270e-02,1.042724693201926324e-02,5.986706475583376125e-03,4.884374803021493405e-03,1.432961706781228466e-02,5.073193994138994363e-03,1.322459672795186537e-03,1.125760067706448563e-02,1.229821453025575079e-02
4.809022464634397226e-02,3.725688125737311451e-02,1.175908875507412910e-01,3.691048120996847509e-02,8.004602258658337355e-02,0.000000000000000000e+00,3.314795524502293228e-02,6.685604321278387774e-02,1.027232759436134679e-01,4.575087298409964698e-02,1.585571419489305647e-02,5.333742723725659086e-03,6.304323878512144673e-03,1.631414592018887166e-02,2.067469310739806013e-02,1.825183796308552098e-02,1.787010973251280249e-02,1.702862058848907817e-02,7.407525742124804191e-03,1.265657294998875568e-02,2.231707253177003109e-03,9.120524631754740180e-03,3.142994398019198846e-03,2.093854992676558169e-03,4.082714403903018978e-03,5.217791686736991327e-04,4.807426657083418986e-03,1.589179437300633014e-03,1.771886046050003948e-03,9.508482929923409502e-03,1.177102835739668972e-02,7.390218566535729401e-03,1.929459179528653784e-03,2.083633077014664277e-03,2.626267161875256960e-03,2.736459575862800701e-03,1.209143933427566557e-03,1.585139970442170365e-03,1.877756010033764574e-03,1.497152861963081715e-03,4.789743443108272249e-03,8.198152731833107136e-04,5.392821614888534953e-03,1.188042701265657440e-02,1.972684294058185683e-02,8.065783659938692216e-03,5.620298598023380733e-04,7.331815222201601076e-03,5.089355154582780871e-03,5.878634910158753689e-03,1.127573159305554629e-02,1.581936475912354770e-02,1.213179701689371531e-02,1.224514259763208150e-02,1.913571302294410619e-03,1.286660441354274976e-03,3.867223136032249195e-03,1.375814880761435733e-03,6.106878002186229976e-03,4.864148281679178676e-03,1.433400350285968065e-02,3.147106070548084944e-02,4.157410380232332871e-03,1.157894031598572133e-02,1.036983713820100253e-02,2.579482573295820234e-03,2.100135797036666724e-02,1.697328515058074694e-02,1.820859549192462750e-03,1.207178151430909202e-02,1.270679712330101581e-02
1.171544962739250358e-02,1.359810642127957415e-02,2.151789370408219160e-02,3.190423381091734428e-02,1.015717563771286608e-02,3.314795524502293228e-02,0.000000000000000000e+00,1.422990046971427669e-01,1.084159892073165432e-01,1.256103127565661171e-01,3.236849974563079518e-02,1.992503746910451873e-02,4.750894140004755482e-03,3.942654383568604259e-03,7.214433163745917130e-03,1.492696595401866479e-02,3.572850174727096317e-03,1.700715950992506831e-02,1.787294346037253054e-02,8.579729985003796758e-03,1.940384984723194338e-03,1.134154237000425426e-02,5.654144248642742517e-03,1.050978527536641262e-02,1.086965703101785627e-02,4.795215358572250258e-03,2.965287801384210511e-02,1.069760518442533590e-03,9.288743780008648296e-03,2.714349296701845660e-02,1.845665302514467448e-02,1.635581068491059539e-02,3.600193990908825276e-03,8.051219141629616972e-04,7.103801004792662226e-04,3.912902779799284393e-03,5.126602447856876653e-03,2.119655770775164417e-03,8.684752490673644520e-03,2.738202486285164824e-03,8.956672474440540181e-04,8.771840281006227768e-04,5.085681882469951162e-03,2.515351599274538285e-03,2.707655054336418482e-02,4.071673689016893499e-03,2.348398316794717434e-03,6.311694202688179246e-03,1.355641861041946040e-02,1.107458014429158095e-02,1.601576726965053127e-02,2.437790821128135721e-02,2.149290522611140702e-02,1.144039053843279655e-02,8.582722752789469743e-04,1.913018292526205352e-03,5.529165033316379985e-03,8.678299345546951074e-04,1.421740544251473212e-02,2.829907385905859780e-03,2.090410148368443757e-02,8.829604988897900644e-03,2.694205466525618348e-03,1.253926202175754262e-02,7.051125946451532699e-03,3.544175795650052890e-03,9.955036914545918603e-03,8.340745357299686469e-03,6.977632648030035988e-03,1.913433023637634359e-02,1.027782339228789331e-02
3.895288220463080306e-03,9.160032003252001342e-03,8.892447627650955019e-03,6.450132011874199454e-03,2.568498716389780445e-02,6.685604321278387774e-02,1.422990046971427669e-01,0.000000000000000000e+00,1.622714778487215903e-01,7.662519561508771004e-02,8.649868934468611659e-02,5.080483667483014221e-02,6.244561859371603428e-03,9.210995640310477850e-03,9.622534894068470596e-03,2.942439859473659769e-02,1.756570057044702995e-03,2.749806437732983666e-02,1.524907086321254830e-02,2.968660833789261988e-02,5.133037915067755960e-03,4.518719613731292384e-03,4.275889558329853436e-03,5.559422474780035227e-03,3.000709130426974618e-03,1.353787080737503448e-03,1.133554796821028242e-02,4.961749628877803672e-03,1.119436373008580489e-02,1.253506144360158094e-02,1.010910509766860602e-02,1.514362030389188908e-02,2.970200734186381926e-03,3.567257682189451957e-03,1.030042673012553566e-03,3.650129664110995584e-03,1.614528465570204754e-02,1.602950991446152511e-03,1.379531485307619772e-02,1.941222436906613405e-02,1.357615912659854108e-03,2.870752339612762678e-03,6.174755161419160678e-03,1.913333741774151135e-03,1.035835486474420523e-02,1.816633340307911414e-03,6.306191747651195348e-03,1.264384189070590601e-02,1.454035573258669924e-02,1.072118545612530012e-02,1.900008857761049247e-02,2.114275071686518709e-02,1.042821327342266166e-02,7.111439212797942243e-03,6.242929782589763318e-03,2.450781764459049848e-03,5.577057439052684681e-03,1.432781130542088149e-03,9.641910182875097074e-03,5.113502745779518674e-03,2.012579176357035676e-02,2.815350952180633096e-02,6.376180488232526845e-03,1.439053730847548139e-02,1.243262928984618411e-02,3.887580016168249754e-03,1.926424950241036396e-02,1.171380719718736162e-02,7.467127179286998928e-03,6.286961020813256265e-03,4.052480280430232652e-03
2.928598459701634103e-03,8.688114558758690611e-03,5.427958634775454511e-03,3.595737369066488633e-03,7.048419046244247359e-03,1.027232759436134679e-01,1.084159892073165432e-01,1.622714778487215903e-01,0.000000000000000000e+00,4.463189843919646016e-02,6.719664467246758144e-02,1.031956942270983724e-01,1.286906299812849361e-02,8.161744984075885306e-03,3.397697509594824541e-03,2.050510410470109124e-02,2.227293885219594656e-03,1.281692574164317380e-02,3.294631313876094508e-03,5.631842145901211003e-03,1.190168211199438275e-02,1.034868271097166316e-02,1.528358214519768936e-02,3.377125956433064957e-02,1.730235462587536785e-02,1.701444921974186453e-02,4.027339395609252221e-02,1.793415370674424428e-02,1.785053451739030198e-02,8.297122599886502109e-03,9.466143743137022185e-03,4.585505751789887424e-03,1.131355442518546016e-03,1.566715755328798934e-02,1.542906579581191685e-02,1.254677910380159848e-02,3.082146540475024302e-02,2.798413196615697277e-02,2.516473091845483276e-02,1.633554040285103634e-02,5.662980609822846484e-03,5.658265458235740147e-04,2.697812685035539965e-03,2.624605845144490756e-03,1.528670706354186108e-02,3.626898219252752166e-03,1.076370004613062424e-03,6.296930811184402697e-03,5.438498826261374368e-03,9.492724658352245243e-03,9.536164612200458482e-03,1.500754832530611961e-02,6.665388037878460306e-03,7.513426758977603120e-03,9.205441048730125808e-03,2.778680719075634926e-03,2.259740761779613881e-03,7.304231184528632397e-03,4.494975502421603465e-03,3.933510998273518841e-03,2.507098569789927359e-02,8.903318045070544862e-03,3.622730947789493377e-03,1.764264515883599144e-02,4.076320816169156508e-02,1.331828368001903261e-02,7.692281468429859603e-03,2.143217527216776525e-02,7.706129513552385443e-03,6.978244379920719651e-03,1.352574186844483295e-03
7.498843491418872437e-03,2.662646070644299721e-03,7.110576895350219709e-03,1.585368689185402344e-02,2.442950642854372842e-02,4.575087298409964698e-02,1.256103127565661171e-01,7.662519561508771004e-02,4.463189843919646016e-02,0.000000000000000000e+00,2.020769818001045826e-01,7.239147504975126934e-02,2.640417845129924487e-02,3.227835061518658736e-03,1.452622067415735609e-02,1.890887702208636501e-02,6.900012335255511359e-03,2.474751579046103461e-02,1.311943538569342732e-02,1.631648813389732083e-02,7.110489584314761725e-03,1.125142895062428020e-03,9.378769364218806498e-03,2.567790664299812384e-02,6.497508073010008559e-03,1.334157393678030157e-02,2.682154106049712203e-02,8.966145817771706272e-03,6.752154101764949561e-03,7.611906169182042388e-03,1.184417568396062964e-03,2.518604313094931733e-03,7.485194902953406192e-03,1.469434576722903306e-02,6.678324162726124481e-03,1.282722840894518629e-02,2.325299338390987569e-02,1.035451195487703362e-02,9.133358455623911271e-03,9.685681756440881959e-03,9.680406540717961632e-04,3.905959234364056020e-03,4.416860558231144136e-04,5.917258771191705874e-03,1.068930085443634513e-02,5.443349171293245751e-04,1.187854635527379327e-03,2.430192528852298615e-03,1.581080111987727063e-02,9.269097860894463803e-03,1.136605177671825423e-02,7.180372429298534191e-03,5.185778219221460691e-03,2.053892989403203334e-03,1.271480507325717380e-02,9.202127654854954167e-03,1.216878355923789456e-02,1.482062593284679116e-03,5.445147938684858149e-03,4.390811718959330111e-03,1.761529637463626202e-02,4.820688443026759432e-03,5.806568070537697877e-03,2.066104756885360841e-02,1.535454958472654875e-02,1.101579212568472906e-03,1.887152632780662517e-03,5.153545938457122604e-03,7.085211756553634090e-03,3.953002789502088436e-03,2.439900267288234136e-03
5.996805633651422149e-03,2.265397712730875777e-03,5.570042302226053087e-03,1.567612895484464487e-03,8.652922793954969868e-03,1.585571419489305647e-02,3.236849974563079518e-02,8.649868934468611659e-02,6.719664467246758144e-02,2.020769818001045826e-01,0.000000000000000000e+00,1.922749371606207180e-01,1.797784776701189663e-02,4.974170038832455461e-03,6.166474701969190154e-03,4.223881259041306624e-02,3.537015894368842998e-03,2.742336189671142413e-02,2.414308347674719735e-03,1.177435239693224410e-02,1.254995453365657584e-02,9.343177491127832232e-03,3.225017236596658399e-02,2.934496342989160317e-02,5.451974405954237296e-03,1.953791567812787275e-02,3.392150908429252681e-02,2.693819947253489264e-02,9.832547557572729816e-03,8.794909407054386785e-03,9.303896730081180275e-03,6.659580638618533069e-03,4.693068730566436449e-04,7.047274007710291679e-03,4.962885061701123590e-03,4.919197810851244808e-03,1.205619112812957895e-02,1.507144442099247680e-02,1.815200521739271725e-02,8.992367759895685680e-03,9.983083711608312875e-04,1.533323758114958028e-03,1.582200875756189975e-03,9.025431258160519429e-03,1.636734424281877098e-02,2.002146211185353714e-03,1.239196164311276958e-03,2.610707338324519747e-03,1.720128058788400124e-02,1.053019243285165801e-02,9.065633720621758471e-03,1.756142023108162378e-02,4.310968844753398400e-03,1.254784186353307546e-02,2.214247374981306393e-04,1.370280205283001731e-03,5.436963196862378347e-03,5.681837670833526227e-03,4.310242979082329687e-03,2.542841424583676922e-03,3.269445638273388299e-02,8.978908556656247861e-03,5.454051538286934682e-03,2.661686125065207409e-02,3.014508207614458729e-02,2.928000094563901028e-03,6.534085918760762154e-03,2.346177907333731397e-02,7.563016225573810161e-03,1.490712552542652631e-03,6.175875501491390890e-03
2.419077628768599199e-03,7.635879783190891845e-04,1.215411972350953019e-03,2.315738444917756194e-03,2.932719702256867973e-03,5.333742723725659086e-03,1.992503746910451873e-02,5.080483667483014221e-02,1.031956942270983724e-01,7.239147504975126934e-02,1.922749371606207180e-01,0.000000000000000000e+00,5.060636814238764214e-02,1.682695684583846579e-02,1.853473982869996775e-02,6.904966871592617406e-02,1.289148167818764297e-02,8.559606543704724457e-03,1.409604777196215219e-03,6.624128021614945905e-03,8.665993670479456984e-03,1.260442085708392626e-02,2.309857561041561702e-02,3.431799580191603055e-02,2.313987315686636542e-02,3.536711501543186864e-02,6.513423653168814997e-02,2.961696318715743154e-02,1.576715353888399548e-02,2.154599189075197957e-02,1.560987982895115436e-02,5.126273583175041011e-03,6.519446400081085370e-03,9.299045250598094933e-03,1.844422629972584243e-02,4.450726362390591134e-02,2.963304817318850037e-02,2.259576587916877974e-02,4.593610894749818735e-02,2.538330623765737773e-02,9.675562638422688377e-03,4.127415580734985438e-04,1.989621716964592654e-02,8.527530429974719203e-03,2.659936570709245732e-02,9.239038995278250205e-03,1.562822578648370491e-03,7.342790101961211256e-03,8.512691818743502864e-03,9.396423336519795638e-03,3.976725526050019048e-03,5.711888518129056187e-03,3.872965367852115436e-03,4.196671728062794857e-03,4.433568813513436881e-03,2.300093426082125327e-03,3.731982111534504730e-03,1.584299188669907599e-02,1.852061303488902397e-02,5.689314884160513036e-03,6.631460548741233141e-02,1.887297003548750463e-02,6.748469636406934091e-03,3.308834691239412318e-02,5.323379410088523167e-02,8.494992488531699290e-03,1.666024260544692395e-02,4.163358798237760949e-02,2.379305645359422114e-02,5.828455187367721779e-03,1.918283907045846559e-02
5.846064281768030557e-03,5.162844598276157548e-03,5.072076679429215161e-03,4.599801814038561101e-03,3.102240881671852312e-03,6.304323878512144673e-03,4.750894140004755482e-03,6.244561859371603428e-03,1.286906299812849361e-02,2.640417845129924487e-02,1.797784776701189663e-02,5.060636814238764214e-02,0.000000000000000000e+00,3.917080030484264980e-02,4.426650250253526958e-02,2.054599767628318904e-02,7.133405044491782088e-02,3.242360326392720177e-02,2.261735937607507740e-02,2.804420715397542771e-02,7.552557931564142339e-03,1.457368621403839354e-02,1.364503677197926104e-02,7.354072965292879349e-02,9.526160298519376415e-03,4.515814934650419499e-02,3.361463041705065047e-02,3.789055644809197904e-02,1.584666144392262582e-02,3.061376608863645467e-03,4.509622922447463489e-03,4.576411293270774699e-03,2.467094851316324264e-02,2.936169066816976536e-02,5.280860055909335909e-02,3.922689305214168559e-02,3.312626978346205203e-02,3.289930637814113962e-02,3.400667833588266048e-02,3.800007597900238038e-02,8.707371578707557777e-03,2.723448287906175304e-03,1.294347944682004876e-03,1.500837162224458871e-02,4.406655351367753243e-03,1.232841481953000874e-03,9.496117165571827182e-03,4.330666710575517206e-03,3.688052195177641667e-03,1.906114341726870094e-03,6.997907620734446525e-04,6.847815088039403610e-04,5.823163649373266004e-04,4.341467763074740877e-04,7.871772000892134427e-03,3.253681933319479448e-03,4.540474150212062479e-03,1.939666677246756551e-02,4.848399958601103642e-03,6.532880035409025128e-03,2.570911660728117734e-02,2.132760062910122115e-02,1.727136369189753717e-02,1.083839882302632673e-02,2.460782002925252301e-02,8.731488623124788670e-03,3.501613110590942862e-03,2.307840557154949845e-02,2.389848780572084372e-02,3.253659911297653224e-04,1.161610642963996354e-02
5.166653622282204282e-03,7.180082612203147509e-03,7.422100974894999632e-04,2.746636363269730485e-03,3.748880512385903679e-03,1.631414592018887166e-02,3.942654383568604259e-03,9.210995640310477850e-03,8.161744984075885306e-03,3.227835061518658736e-03,4.974170038832455461e-03,1.682695684583846579e-02,3.917080030484264980e-02,0.000000000000000000e+00,4.208188383684577372e-02,2.090745282564008059e-02,1.039061919500642306e-01,2.593489734079883202e-02,7.620893204017426328e-03,2.687121006051210181e-02,2.409152917867034976e-02,3.426022958368512422e-02,7.057199997238357281e-02,9.145685228347852358e-02,7.310122178398931192e-02,7.591315661359124278e-02,7.233602816899352417e-02,9.501584788179842644e-02,1.647417094139600954e-02,9.879969096264715547e-03,1.548372369199785617e-02,3.164901356899729300e-03,4.815175124991281225e-02,3.188006477381832848e-02,6.378951341244053219e-02,9.472228355500587893e-02,1.987927287675873150e-02,4.380723182879502076e-02,8.983682735636364103e-02,3.715632254546519242e-02,4.807364285905622175e-02,1.003344768685209346e-02,2.399450802434617211e-02,2.037528203654467504e-02,1.059329238978533837e-02,5.789908615997294700e-03,8.769009992219300997e-03,6.250773150678898445e-03,1.806175481671387596e-03,7.429667571466439316e-03,5.993259580907335168e-03,6.352792147959613646e-03,3.939452788943310392e-03,1.886395924901172055e-03,7.207270377136280534e-03,7.279557583763670951e-03,1.556432881427127768e-02,5.376089474908347238e-02,1.715208181748216834e-02,3.277734704558886436e-02,5.883064022930122733e-02,3.949155405515990952e-02,1.569662536274691114e-02,4.049393107377223522e-02,2.769545622784292185e-02,3.143140172895020346e-02,3.795200173736121285e-02,3.933146883936328858e-02,9.548612777959155154e-03,8.370391335291571880e-03,2.023329162479163557e-02
1.739764280993092577e-02,1.237219517211233903e-02,7.222854893501066444e-03,1.150346353535330012e-02,1.852334055787354175e-02,2.067469310739806013e-02,7.214433163745917130e-03,9.622534894068470596e-03,3.397697509594824541e-03,1.452622067415735609e-02,6.166474701969190154e-03,1.853473982869996775e-02,4.426650250253526958e-02,4.208188383684577372e-02,0.000000000000000000e+00,1.186572909730150699e-01,1.453814552162021601e-01,5.684862869634801225e-02,3.608260446749893963e-02,5.267882276650829448e-02,6.804198490668487975e-02,3.019632966206573996e-02,4.350582055451853586e-02,1.184274515990165894e-01,2.521937100697941789e-02,7.599819798248257097e-02,3.386216640383871851e-02,7.241038370657336409e-02,7.523801505803126913e-03,1.138823232470742748e-02,4.813297173022739600e-03,6.191270389300045779e-03,4.770074230846729074e-02,4.069329893095231798e-02,6.739779191470858521e-02,4.512998382517952045e-02,4.705433336803167832e-02,6.043368320281609918e-02,2.431091610640609413e-02,6.618680155299125345e-02,1.622055168165424666e-02,1.278622444432184549e-02,8.144336393407867331e-03,4.693346376840475120e-02,2.291352364173437212e-02,1.483934158204040961e-02,1.158134097623769038e-02,2.785226359277966079e-02,4.226110214636747547e-03,3.279219807912237428e-03,1.116879374136889660e-02,8.567064942022971016e-03,3.639129542329059760e-03,1.148483777277280182e-02,8.199143994042222550e-03,3.006688107986222810e-03,2.134438098858246029e-03,9.340797013916693828e-03,6.270694494424280431e-03,3.072445245149516349e-02,2.916563279271006115e-02,7.353794039820486794e-02,4.822466688833594584e-02,6.174735482714388199e-03,1.114362391632871263e-02,4.615359912354564942e-02,5.308831560427661883e-02,1.217346247571367626e-02,3.398132407684940903e-02,2.671864052567547027e-02,1.101589482476226893e-02
6.456555790134123167e-03,1.292602249810276098e-02,4.127926300895124433e-03,9.212624454688027667e-03,1.599275733431379173e-02,1.825183796308552098e-02,1.492696595401866479e-02,2.942439859473659769e-02,2.050510410470109124e-02,1.890887702208636501e-02,4.223881259041306624e-02,6.904966871592617406e-02,2.054599767628318904e-02,2.090745282564008059e-02,1.186572909730150699e-01,0.000000000000000000e+00,1.408452344161124914e-01,6.951507362061309925e-02,3.419989490052385839e-02,4.125299706436728192e-02,1.522992633023162734e-01,5.609404792961089625e-02,6.918109462399027465e-02,5.802454051853839223e-02,5.517406960061503607e-02,3.945313576797763316e-02,4.385748223746412100e-02,4.537590478591113641e-02,3.934129062591500831e-02,2.100596339184885100e-02,4.507989128664541267e-02,3.847465440200784070e-02,3.874079216196753273e-02,2.992361734969358616e-02,3.276106167232577943e-02,3.196681985672437248e-02,4.205908963818175833e-02,2.388218396130169924e-02,3.600213633620707315e-02,2.249647346189560457e-02,2.079840988444215527e-02,1.898038227818882318e-02,1.996808528841459082e-02,5.212335750317922262e-02,6.908291050047389581e-02,2.432088985881497231e-02,1.092443134280121977e-02,5.198012323376001442e-02,1.088061063560810844e-02,1.374422720080688970e-02,2.305514363485122731e-02,3.768245163381991891e-02,1.267206382384711630e-02,1.229051079453610459e-02,2.746414197681255887e-03,4.019528349590893203e-03,1.249370314823116182e-02,7.500559646049417481e-03,1.102678956949067722e-02,4.138545825134514085e-03,3.142503468401062344e-02,7.320175543609294677e-02,1.549396096761660943e-02,2.440813090389475776e-02,9.379846354011701914e-02,8.293337286275899445e-02,1.435499225311468452e-01,3.890243872428126443e-02,2.808939599011784152e-02,7.485666238115547266e-02,1.688823847139346926e-02
5.203537287602492435e-03,6.205606122746593067e-03,2.350045860029713503e-03,2.969750012214417579e-03,2.951171301985534932e-03,1.787010973251280249e-02,3.572850174727096317e-03,1.756570057044702995e-03,2.227293885219594656e-03,6.900012335255511359e-03,3.537015894368842998e-03,1.289148167818764297e-02,7.133405044491782088e-02,1.039061919500642306e-01,1.453814552162021601e-01,1.408452344161124914e-01,0.000000000000000000e+00,1.009483665754625642e-01,3.913001572059638528e-02,2.919307214491009828e-02,6.083103007689127928e-02,5.280797848760137442e-02,1.192794244024690670e-01,1.249117699637311008e-01,7.362019178316071832e-02,1.361501417831867400e-01,6.788486798160461855e-02,1.306944381804326372e-01,2.851675522274593061e-02,9.562850085899785024e-03,1.330390320784930608e-02,2.472451207222026506e-02,8.523113220044745142e-02,5.334413732270101155e-02,1.151315793372255092e-01,6.764777987083125943e-02,4.537912910845115499e-02,1.139826554865960989e-01,9.346957502731868817e-02,6.022069288687083299e-02,7.570959447068065229e-02,4.298698214515235538e-02,2.069743121734022445e-02,4.609448538147849911e-02,3.477633597119335340e-02,1.052608205204137552e-02,1.012532408300727271e-02,1.337864847951495545e-02,1.849523637229484726e-03,3.556822753576858748e-03,1.864381242809746639e-02,1.570056711948718611e-02,5.516487393611516250e-03,9.008156495772419448e-03,3.360103478856841901e-03,2.666506329934512781e-03,8.115366992484442446e-03,4.890449158030058668e-02,1.763609391049190261e-02,3.448942186069624966e-02,7.044685732057480443e-02,7.141568898831390788e-02,4.304648716729913421e-02,4.359979510655456053e-02,4.208221979277641106e-02,4.864362187122916320e-02,8.564274500030531756e-02,5.310706784124270136e-02,6.071056955504876979e-02,3.286301945162254518e-02,3.166330907739275252e-02
7.104854206660621632e-03,6.061596151913015845e-03,8.876992568924161470e-03,1.235062111010651852e-02,1.509320252881110255e-02,1.702862058848907817e-02,1.700715950992506831e-02,2.749806437732983666e-02,1.281692574164317380e-02,2.474751579046103461e-02,2.742336189671142413e-02,8.559606543704724457e-03,3.242360326392720177e-02,2.593489734079883202e-02,5.684862869634801225e-02,6.951507362061309925e-02,1.009483665754625642e-01,0.000000000000000000e+00,3.827883068022984170e-01,9.840006123602673682e-02,9.154189243815816224e-02,1.100406497244645065e-01,3.024235499814548894e-02,5.467513786462379483e-02,5.668220317560039578e-02,4.676320556830933228e-02,3.475125455880077180e-02,1.387424781001203068e-02,1.720940926184207076e-02,3.175132658252053514e-02,3.297306668626592135e-02,3.856057890767284474e-02,3.129899833627537015e-02,2.010646747429653200e-02,5.105267538939350230e-02,3.220692367075671941e-02,1.045028850728876336e-02,5.961354270127870725e-02,3.576377126473469226e-02,2.592535461581520206e-02,9.641350978803106195e-03,1.113314603741759855e-02,5.692138369422170691e-02,6.899000630447314764e-02,5.798222965561915243e-02,5.223349137707172796e-02,4.334386187740166957e-02,5.300311813056731575e-02,4.525993603765221529e-02,1.143655194398673740e-02,2.963546660075307843e-02,2.112599160659885469e-02,1.440008419960765902e-02,2.283441278691299148e-02,1.979341800710300928e-03,9.527600089549986134e-03,1.609398293797893037e-02,1.873983673524668575e-02,3.285807459496720845e-02,4.142516039082086432e-02,8.778190183101362842e-02,1.442109126003670305e-01,5.773479666717686032e-02,7.693071034724670298e-02,6.567125399560411192e-02,9.211292643482303297e-03,7.928180961518024872e-02,3.165442324423189957e-02,2.059921820986501673e-02,4.378723031610642219e-02,3.463141921972439502e-02
4.154558342288176137e-03,4.981778938734003799e-03,4.229271505880330406e-03,2.255953995917860978e-03,1.167439381984401378e-02,7.407525742124804191e-03,1.787294346037253054e-02,1.524907086321254830e-02,3.294631313876094508e-03,1.311943538569342732e-02,2.414308347674719735e-03,1.409604777196215219e-03,2.261735937607507740e-02,7.620893204017426328e-03,3.608260446749893963e-02,3.419989490052385839e-02,3.913001572059638528e-02,3.827883068022984170e-01,0.000000000000000000e+00,2.737881012631608602e-02,6.289734180698348942e-02,1.029499606387445226e-01,1.571651617888671637e-01,1.237656432252238481e-01,1.181094289849975443e-01,1.282768660525631377e-01,1.661677622209929359e-02,7.845300456931017519e-02,3.584270618669771480e-02,3.938981591183643959e-03,7.486343658559472050e-03,2.074965892490943792e-02,6.976166953473156296e-02,2.691729939393658344e-02,9.459068583508105366e-02,2.652328034662789630e-02,2.375857248833991575e-02,7.885478138835258499e-02,6.984586441070615714e-02,2.448552671107751683e-02,3.697198152671118954e-02,4.121409094066843387e-02,3.662312128375506959e-02,6.670568172033629339e-02,6.667757792147660512e-02,2.509516797139593747e-02,1.565785528117335026e-02,1.991340663397691418e-02,8.319114323386339258e-03,5.581364558057202128e-03,2.166216390628624908e-02,1.109968083182589701e-02,9.981148107690289428e-03,5.624604226573217715e-03,2.662799217750950499e-03,6.460357440276572050e-03,9.398190180078451125e-03,3.545031284116275782e-03,1.409259063742875941e-02,1.213691210457421531e-02,3.752681949384324700e-02,7.414540874079875166e-02,3.199070881048559495e-02,2.048196404688159417e-02,3.793931225746964564e-02,1.760049731908679485e-02,1.001489652216947801e-01,3.420390323185395348e-02,3.102672627465359947e-02,5.062925894984622588e-02,2.683622331672707792e-02
6.712685286300235608e-03,4.696962073030204986e-03,8.595051183658324045e-03,1.197827100049594917e-02,7.365172934155282333e-03,1.265657294998875568e-02,8.579729985003796758e-03,2.968660833789261988e-02,5.631842145901211003e-03,1.631648813389732083e-02,1.177435239693224410e-02,6.624128021614945905e-03,2.804420715397542771e-02,2.687121006051210181e-02,5.267882276650829448e-02,4.125299706436728192e-02,2.919307214491009828e-02,9.840006123602673682e-02,2.737881012631608602e-02,0.000000000000000000e+00,4.473657911661368947e-02,9.465009573126244302e-02,5.351750396503288099e-02,7.140403714514412248e-02,2.627781757517079833e-02,4.166065540015670421e-02,3.210687012839431170e-02,4.947446993469844026e-03,7.757662147020082978e-03,1.464638011395307839e-02,8.736456704011059601e-03,1.430016169942862833e-02,1.866971375317416637e-02,3.203610814624738290e-02,1.550110941358469503e-02,5.013436716302294843e-03,4.273239905287026102e-02,2.280833746761418493e-02,6.387635549693962238e-03,2.430080278476310501e-02,1.388419380433255322e-02,5.469239730053272741e-02,4.408878081598541221e-02,2.420078881741373131e-02,2.401287184478989589e-02,2.720150866486080107e-02,5.780830651509480389e-02,4.543097768236457890e-02,3.909941067130356940e-02,4.908606497107294818e-03,1.839065610644581572e-02,1.137965001737389729e-02,8.812575234642966091e-03,1.006507744175881309e-03,7.681792905063424166e-03,4.823392235721045418e-02,6.670267846584193583e-02,2.934509068769926288e-02,3.978315094450009248e-02,6.522692171638082292e-02,5.851788632599588119e-02,1.021443283168506772e-01,9.053676356576453865e-02,6.634963483416049523e-02,3.178622147214864302e-02,2.274662444370790029e-02,3.093887147237793164e-02,2.824153815733674439e-02,9.536246607049371493e-02,2.112679494647854567e-02,2.554187873217474494e-02
1.455771416750329360e-03,2.281247957474378564e-03,5.375642198659516709e-03,1.348698847895928987e-03,2.563140908073479034e-03,2.231707253177003109e-03,1.940384984723194338e-03,5.133037915067755960e-03,1.190168211199438275e-02,7.110489584314761725e-03,1.254995453365657584e-02,8.665993670479456984e-03,7.552557931564142339e-03,2.409152917867034976e-02,6.804198490668487975e-02,1.522992633023162734e-01,6.083103007689127928e-02,9.154189243815816224e-02,6.289734180698348942e-02,4.473657911661368947e-02,0.000000000000000000e+00,3.646837667463307953e-01,2.443530925292152767e-01,1.162130212749874769e-01,1.101909117803617361e-01,5.673629549993457200e-02,9.639164208451199423e-02,3.260957281998306395e-02,4.291987411922794371e-02,4.674275073293775173e-02,1.001319559889311678e-01,4.995029165099880430e-02,5.389037070703042720e-02,2.900790210783141254e-02,9.492744508922087987e-02,2.925339862810890854e-02,3.136190877410588440e-02,9.715760860731807724e-02,6.253059449910626511e-02,1.855758192531329828e-02,4.504719063206808621e-02,4.236873542033936513e-02,2.329940680838792424e-02,3.996632548658701767e-02,9.032810983482514322e-02,1.853533518674008521e-02,1.284863721939264423e-02,2.754765452333835310e-02,3.468055678010600190e-03,1.576808929615070715e-02,3.856553677414058939e-02,4.026964333486343639e-02,3.623380050902721278e-02,2.261454646305337268e-02,5.802320737985451095e-03,1.643259816088041281e-02,3.715247414533762865e-02,9.928930467171597288e-03,2.601666591217115243e-02,2.971388094102654642e-02,1.625996639907279287e-02,2.658876858332833229e-02,1.088351236719974913e-01,4.994514593524460727e-02,3.244131734495508956e-02,8.868987966984399895e-02,8.003832828605567107e-02,6.670834882432605251e-02,1.124938149703922086e-01,1.468521468600086921e-01,1.099147284713537648e-01
9.316521748285316873e-03,5.431619358174557231e-03,9.181445676646813117e-03,8.529618932002096254e-03,1.334863683967375814e-02,9.120524631754740180e-03,1.134154237000425426e-02,4.518719613731292384e-03,1.034868271097166316e-02,1.125142895062428020e-03,9.343177491127832232e-03,1.260442085708392626e-02,1.457368621403839354e-02,3.426022958368512422e-02,3.019632966206573996e-02,5.609404792961089625e-02,5.280797848760137442e-02,1.100406497244645065e-01,1.029499606387445226e-01,9.465009573126244302e-02,3.646837667463307953e-01,0.000000000000000000e+00,4.345566728440348331e-02,2.138711111858872804e-01,2.188922052122650452e-01,9.098729530972447799e-02,6.475075377059677506e-02,2.805791401584718098e-02,6.636940777252271773e-02,7.248787377197178639e-02,7.764176345260602463e-02,7.519975731821043619e-02,5.525863714142224825e-02,1.228124897976773378e-02,4.832490653680364401e-02,4.157240950013824099e-02,3.842711057757575849e-02,6.265216929634204179e-02,5.859795344046928728e-02,3.639522963147952955e-02,3.559618642837170110e-02,3.613580703320725535e-02,2.561235047457450370e-02,3.280030289400964055e-02,9.022779066361702460e-02,3.561762688603599403e-02,1.002702137878910479e-02,5.847482204030537284e-02,1.081933708197517496e-02,1.129718493217806569e-02,5.643026461940281457e-02,5.463486117500374051e-02,3.079416014286290304e-02,3.029498660938104507e-02,2.339570396859943710e-02,2.136303720143865534e-02,3.422519163447826623e-03,1.358163552113644985e-02,3.375167244544674539e-02,2.494731858448957437e-02,9.475057174257790760e-02,1.584310185415421512e-01,8.177811569618730070e-02,6.053839142591768002e-02,3.920469530722311968e-02,7.655573475951603368e-02,1.093868974023642776e-01,1.093688192483190935e-01,6.362746959712886619e-02,7.206966307041565156e-02,1.601902985164472826e-01
