0.000000000000000000e+00,2.774993114044474289e-03,2.961983098964499420e-03,3.092993794468114170e-03,3.829861206310793912e-03,6.163133472736502180e-03,2.635902149726661488e-03,3.919277172489173643e-03,4.598583382211067212e-04,2.815716422948437133e-04,5.198114049103388879e-04,7.864231826003897398e-04,7.535890072322452230e-04,3.933992721903383080e-04,7.848099298886659870e-04,2.509890667221948454e-04,2.952637241743712756e-04,4.011253616789682910e-03,7.618150753726884473e-04,1.226986466778066075e-03,6.109475092491524267e-04,1.347282114621534480e-03,1.765917671557942163e-04,3.196344292361645795e-04,5.949892092219021510e-03,2.814457389232557670e-04,3.660621091586702819e-03,3.578716712652462231e-03,3.837469118303036240e-03,2.105706750094637602e-03,4.961750183263861566e-03,1.800627946604718178e-03,1.909570419313623511e-03,2.549208206173630975e-03,5.888383465299220016e-04,2.846351837654770528e-04,4.307139518603520889e-04,6.987208188421792886e-04,3.454818301254720730e-04,3.894054311551436542e-04,4.185665638605791492e-04,3.075966856037950451e-03,4.584518292858925253e-04,1.072020582532296623e-03,2.919561309203739206e-03,2.160980522105098584e-04,9.475789842428980394e-04,2.311535198742697625e-03,8.212655176636757650e-04,4.175694402696141275e-04,7.118065411503925579e-04,3.875923401890761532e-04,1.627800181526350856e-04,2.802078901208308664e-04,1.095916536602119240e-03,8.750891015575826661e-04,8.245004300601598305e-04,3.452237394416662886e-03,3.691280855802642094e-04,4.392963020524336191e-04,7.026092552652722254e-04,2.546100447376931542e-04,3.799262379162419317e-04,8.877099775988645794e-04,1.409283258511290389e-03,2.164052835071282599e-03,2.232500615373448868e-04,9.350062954831899441e-04,2.248825806295389699e-03,6.408629517877693308e-04,7.244464709915408081e-04
2.774993114044474289e-03,0.000000000000000000e+00,4.618896276931612997e-03,6.231370848588786877e-03,9.303712972793779998e-03,1.002397472663648856e-02,3.703702948175728593e-03,2.671392150059768728e-03,8.624583460878319785e-04,9.077929726230175378e-04,2.538141391573129225e-03,9.177687620261623441e-04,1.296898827779004951e-03,1.074670151533204830e-03,4.747739981380804373e-04,5.412473928665440014e-04,7.092935640208807273e-04,1.425765810467802090e-03,4.931720443496313356e-04,1.206002745543361928e-03,1.003754675846082805e-03,5.249487522685846808e-04,8.103602135288920372e-04,8.798804527175664364e-04,3.101393037311315961e-03,3.772583454202340270e-04,5.180215999412852122e-03,5.056796349175154623e-03,5.556322172464780995e-03,3.387860126779823101e-03,7.341494473636422241e-03,5.420397620407418340e-04,2.664503775527686264e-03,1.806836892125458609e-03,2.759105696400711381e-03,1.096567744166081085e-03,8.750446945602995260e-04,9.977643942099456622e-04,1.285929790469823820e-03,3.065326015730594723e-04,1.302903891292106963e-03,1.274506704480493375e-03,1.229227924771936599e-03,2.337431122136586492e-03,2.273834255406655212e-03,4.403816759454749915e-04,9.028629790568553802e-04,1.263722772385747917e-03,1.406371090508295259e-04,5.517054275254902607e-04,8.183949967921437920e-04,3.411284855785279117e-03,5.686263191181472991e-04,6.124979529482805487e-04,4.858219250262666811e-04,5.701098271971285700e-04,3.080642123951918038e-04,1.153409472177099925e-03,8.014462347961763544e-04,8.312505448371759840e-04,6.626399502158683607e-04,3.209102776462756964e-04,4.178379617690135012e-04,2.715956561326511587e-04,9.422928215214455535e-04,6.066912458627872918e-04,6.699482089237939180e-04,1.870950077722311573e-03,4.408424708131355942e-04,1.540538502140128239e-03,3.078612063358338209e-04
2.961983098964499420e-03,4.618896276931612997e-03,0.000000000000000000e+00,4.605326134203939492e-03,1.278860665300501735e-02,1.313412368211061207e-02,5.648829690737405818e-03,7.144592912791773547e-03,3.356509774914814750e-03,1.513336443619276188e-03,4.476907836495103675e-03,2.854273597439198427e-03,2.748839585638378821e-03,2.619779762680236055e-04,9.373920345050060568e-04,6.693639006837504230e-04,5.143771655932645763e-04,2.919442029722421530e-03,1.895513493861083034e-04,7.391491188497643743e-04,3.045594197902854686e-04,1.342583675895801841e-03,1.360457998607127791e-03,6.325120779921341316e-04,2.615797285165622887e-03,2.022016136500705882e-03,5.048780094818351195e-03,5.660406807441275938e-03,5.648465138721014793e-03,1.269312968089993240e-03,5.301585382866996071e-03,1.687315183481402376e-03,1.654050104193349486e-03,3.312038425895370407e-03,6.361340934588275960e-04,4.667867704429998297e-04,5.729198806968989477e-04,2.162767025058273500e-03,1.337237073671543493e-03,8.010165720648048044e-04,6.876337410075096870e-04,3.542192089136816414e-03,5.825678252249754654e-04,6.199503640666180785e-04,2.007222215436689234e-03,1.857274248376771311e-03,1.023903732405817470e-03,9.369494556444613606e-04,1.709526803782472062e-03,2.517571786278678908e-04,1.108344977375737891e-03,3.508743894718767214e-04,6.831420173303254066e-04,6.599329121056683473e-04,2.110329551543987329e-03,1.559489686326004116e-03,6.368849641453059067e-04,1.098341334202917801e-03,9.609278599645280656e-04,6.151642175922819415e-04,2.217894994104524595e-03,1.985771704018677447e-03,8.980931242817646572e-04,2.260544597634976465e-04,2.066995240604206120e-03,2.902365571443893573e-03,7.232914553397129130e-04,1.944500539089344556e-04,8.537409884360803482e-04,7.571331720832824141e-04,1.230164850464706154e-04
3.092993794468114170e-03,6.231370848588786877e-03,4.605326134203939492e-03,0.000000000000000000e+00,1.123642547120371968e-02,1.714975819592261946e-02,2.572120757706483282e-03,1.309267531990963461e-03,4.142912462699198731e-03,1.682763388871750653e-03,1.269196126721186188e-02,2.177541975517153020e-03,2.655216216471355771e-03,3.154022594201927928e-03,9.900643029397120792e-04,1.017007622907848460e-03,1.002097741687653105e-03,2.165841578855063222e-03,5.390061722416962433e-04,3.524297346027513086e-03,9.668333636312587348e-04,6.306308824890915175e-03,3.654636578950913313e-04,8.812861263125668565e-04,5.538921241810104527e-03,9.658106227984411801e-04,4.143643079298572722e-03,3.520797876566167731e-03,4.921963258482763524e-03,7.264377834644196669e-04,2.063610657337504317e-03,1.074933581176847671e-03,6.582359636793352941e-04,6.729429194169835688e-04,4.907182175406547744e-04,4.564225011240860769e-04,6.741464448965826068e-04,2.768352351235600032e-03,1.318642465605900701e-03,1.077371344200453874e-03,1.264878510838573144e-03,3.462224068481144224e-03,2.449370565639301649e-04,7.528690349548910641e-04,8.723187079195532379e-04,3.304290704885503032e-04,5.321619170978506399e-04,2.746854246474514697e-04,2.201817112953970406e-03,2.571279567917176927e-04,1.414708749539554536e-03,6.818203642452062363e-04,1.086327393431302290e-03,1.850869374327947757e-03,4.084951930667368443e-04,9.734692714124627356e-04,1.457376076019269899e-03,1.214468387338184328e-03,1.166909678972481799e-03,5.344299608145933623e-04,1.273732594942048610e-03,8.719963803748834912e-04,5.018817639252202024e-04,4.229839968207420374e-04,5.531163060001697369e-04,1.836810927620553206e-03,9.102219781459855528e-04,3.128150351821254102e-03,6.077140607763535434e-04,1.641690725834668747e-03,1.488578166350473602e-04
3.829861206310793912e-03,9.303712972793779998e-03,1.278860665300501735e-02,1.123642547120371968e-02,0.000000000000000000e+00,1.567770033460004139e-02,8.372654224280391341e-03,2.726448391276184869e-03,4.019054401959997608e-03,1.840904452793269697e-02,3.165384760666295396e-03,3.223628253744776143e-03,8.865341583381617860e-03,4.510378483249833162e-03,8.317929621569202523e-04,3.420455204112354819e-03,2.136664086654187222e-03,5.609055639523751391e-04,5.544753791761731186e-04,6.877449412304853776e-04,5.209717725432879776e-04,4.062374730459603609e-04,1.140391866038596019e-03,1.480312353763404325e-03,7.345348132638034261e-04,1.542681831616910491e-03,2.142763236163260608e-03,1.909003005755180882e-03,1.386014552768915576e-03,3.881722524325661116e-04,2.333620691978856819e-03,2.608343964666966913e-03,7.804065568535431844e-04,2.725010055292024472e-04,7.369726245660794279e-04,6.046023786396266878e-04,2.411497258808023483e-03,3.900558837233333159e-03,1.454274933006782485e-03,1.144103631193769607e-03,1.912793473706168130e-03,2.939951962985005648e-03,2.793178695219675992e-03,1.488436708817560735e-03,2.552395400646550062e-03,5.412309131043824360e-04,3.635094631864723910e-04,1.316865309404231365e-04,1.084344713220838832e-03,2.445347936541675325e-04,1.530844198286590878e-04,7.425992740125665799e-04,4.654269626845136069e-04,8.335974031256309074e-04,1.705506897838308337e-03,4.597909379617138789e-03,1.368944960594384395e-03,6.922965876969219574e-04,7.591733245322987433e-04,2.639260451817630228e-03,1.067793158951785152e-03,4.706719622107689849e-03,7.899123787428687007e-04,1.093823571426424035e-03,2.788440126040671058e-03,2.818772895980742061e-03,3.181080425218350740e-03,2.743756873262901200e-03,4.961268586818177615e-04,3.087790554144881003e-03,6.862052182370904614e-04
6.163133472736502180e-03,1.002397472663648856e-02,1.313412368211061207e-02,1.714975819592261946e-02,1.567770033460004139e-02,0.000000000000000000e+00,1.038976931490669456e-02,4.837623776095030352e-03,2.971122327114080700e-03,6.012228036728684867e-03,4.363817462370572255e-03,6.288556913131928411e-03,2.445119750956919417e-03,1.600681371461459097e-03,2.504929658705446014e-03,5.568855595728052117e-04,4.964270317970687985e-04,3.830560263470193468e-04,1.297155097604144741e-03,3.192410259182283942e-04,6.168632787752802507e-04,1.396438460626814532e-03,1.165585883589439478e-03,1.273045256281706570e-03,1.196977877899914116e-03,5.503054670451079482e-04,6.469947927357846962e-03,3.189288019524087834e-03,5.612650272491751663e-04,1.868005228944214988e-03,2.041193742095783002e-03,5.738333840289460384e-03,7.357252515412286090e-04,1.098436073646792818e-03,5.056968004566131337e-04,1.650144854765673696e-03,1.589115322874754162e-03,2.987654560829855498e-04,4.172082674972945183e-04,6.921776671914833595e-04,1.505279779057701588e-03,5.167472565342209672e-04,2.579449239944913482e-04,3.543745234076638010e-04,3.255838893218981358e-04,6.933602161833011483e-04,8.571425211506357488e-04,1.131413288192178405e-03,5.145694496428065891e-04,8.160807618494912144e-04,3.921756724510790646e-04,4.380407518620118320e-04,3.270381769998111652e-04,2.605227063340308799e-04,3.877469381986912186e-04,7.564874747235871780e-04,1.540862885487388973e-03,4.586250445447220716e-04,3.781207809009410974e-04,1.892733179306931674e-03,2.060683354254223831e-03,2.760136420635732357e-04,5.801584009845344196e-04,1.289732723206383699e-03,1.706956002680961497e-03,5.184095727731100316e-04,1.956439896827870135e-03,5.144427548512102953e-03,2.179551335096115410e-03,3.513005292745257106e-04,8.657402119671541579e-04
2.635902149726661488e-03,3.703702948175728593e-03,5.648829690737405818e-03,2.572120757706483282e-03,8.372654224280391341e-03,1.038976931490669456e-02,0.000000000000000000e+00,8.637505953632159533e-03,1.090652028557324328e-02,1.299120555409994000e-02,2.422656196625673497e-02,2.664720289337366762e-03,1.699335640558018255e-03,2.830388063868720730e-03,1.692117610087237383e-03,3.216815178428439597e-03,1.098830982726029535e-03,1.815327635285698005e-03,2.318035822314044522e-03,1.655658702607927741e-03,2.362046232238152344e-03,1.243144682140113338e-03,8.819191716108050992e-04,2.040742204679237004e-03,1.713548273807623560e-03,8.351893479584546545e-04,3.579661684300265798e-03,2.382907245465117931e-03,5.479302424871880864e-03,2.631274121888135722e-03,9.895774049095635086e-04,2.609514801024088049e-03,2.023860372323659906e-03,3.468694991516668063e-04,7.233679402278246759e-04,3.812082090481298943e-04,5.451295533104174402e-04,2.124800096867772090e-03,8.542339598396900746e-04,4.404764849436188737e-04,3.717938000126546293e-04,2.440603027826295911e-03,1.581463222240637101e-03,1.386908935363400080e-03,7.503401391045793657e-04,8.768876743904222178e-04,1.502155025593331300e-03,1.923577166860081624e-03,1.301160581156232936e-03,6.007651729769589947e-04,2.975838566232616965e-03,4.166171515791798575e-04,7.985948531337599444e-04,1.055627992031327915e-03,6.481940859993047315e-04,2.770194298641987462e-04,1.438492263176723235e-03,4.232148662723495686e-03,2.827320087707757643e-03,2.158740732309671374e-03,3.478660035154319298e-04,1.159472068567572777e-03,1.206415078164693646e-03,2.653161768853799438e-03,7.760829294841406836e-04,2.026743024882854145e-03,3.098227139450693019e-03,4.993765602690799013e-03,1.302272006628997416e-03,5.177872365313479150e-03,7.714031652678174844e-04
3.919277172489173643e-03,2.671392150059768728e-03,7.144592912791773547e-03,1.309267531990963461e-03,2.726448391276184869e-03,4.837623776095030352e-03,8.637505953632159533e-03,0.000000000000000000e+00,8.765199236856159246e-03,4.615404474144525759e-03,4.079589253631625903e-03,2.234447418272624084e-03,9.993614555592450141e-03,2.682446554582667338e-03,1.571745526905037223e-03,8.819881827652519338e-03,1.035915723713356704e-03,4.105996597832114537e-04,3.278114340322049996e-03,2.414058107468665219e-03,2.356252445880588939e-04,1.239638370013655504e-03,3.485208121471586751e-03,4.887515113989552434e-03,2.451173684861316163e-03,3.309531307338578737e-03,7.359612707419128236e-03,6.100046649302805777e-04,2.332739096857802067e-03,2.043987745620699011e-03,5.139572694105563628e-04,1.194264625386933648e-03,1.719753417236177979e-03,1.518757018934716561e-03,1.971476873284782596e-04,2.021743478986137591e-04,4.833429998521320513e-03,3.354861080814493333e-03,1.444118067838028692e-03,7.904475041280030175e-04,7.598890841426220438e-04,6.669307113856060617e-04,2.532683872402367452e-04,5.291648996560659440e-04,8.829224116208467428e-04,2.729551270568344404e-03,9.796984769945402041e-04,3.116431554199834805e-04,3.695407623088349525e-03,1.764832634968296508e-03,1.327916040316114762e-03,8.446187743567554716e-04,2.161711174357109234e-03,3.658205518122677451e-03,1.850108722325029265e-03,1.224893248660737302e-03,8.152453889351879077e-03,9.836980892002705149e-04,2.912021368223722336e-04,7.602545875850859770e-04,5.900485546284193897e-04,7.214550806234045150e-04,5.385680998721656051e-03,3.957916293344183704e-03,2.334645442626790898e-03,2.347083295467600281e-03,4.117904048940385087e-03,7.170740951606596573e-03,4.508655409099461206e-03,4.239331009974832420e-03,1.759534556549829975e-03
4.598583382211067212e-04,8.624583460878319785e-04,3.356509774914814750e-03,4.142912462699198731e-03,4.019054401959997608e-03,2.971122327114080700e-03,1.090652028557324328e-02,8.765199236856159246e-03,0.000000000000000000e+00,1.274867440846668212e-02,6.926093013665253310e-03,1.017747443931609624e-02,3.420242480524418854e-03,1.839250397413351315e-03,4.588229307813714714e-04,3.611401912024333419e-03,4.464488058062767990e-04,1.874800394181523611e-03,3.615287185914426555e-04,2.902479871321288468e-03,5.853972565030316844e-04,1.240568803919736823e-03,5.904373551913715337e-03,3.427414675545740596e-03,7.264145106527834794e-03,8.022517202941133359e-04,1.275307401152825891e-02,3.620041839265516516e-03,2.899666387847487162e-03,3.131943018259798501e-03,1.158400778146863753e-03,5.553369691944033161e-03,1.765363951188896139e-03,6.689438024104473000e-04,3.273256129231713000e-03,8.270444833943764798e-04,3.282177104426630809e-03,7.918211077627444272e-04,2.317490903290006607e-04,2.044268747808958113e-03,2.524952950279358253e-04,1.447293015028674155e-03,1.835611672965516443e-03,1.553617834391518527e-03,4.715992325359706313e-04,7.730516946467624970e-04,6.663472011548514243e-04,9.060094574345582685e-04,3.041982316974916408e-04,1.392023018597162592e-04,1.712941185248506798e-03,8.669912800556450229e-04,1.515018363665727227e-03,4.005082598050900338e-04,2.795274573638287306e-04,3.028419179311769068e-04,3.372431751783574582e-03,4.205753558591786767e-04,2.217632894741363662e-03,2.944628185519749652e-03,1.011554036737545527e-03,1.535784651238230117e-03,3.945785121484838079e-03,7.737954708417572013e-03,3.782293248723467109e-03,8.200243256348262134e-04,4.715687168186252776e-03,2.578165276904445437e-03,4.609969926323203909e-04,1.064060156968172103e-03,3.048242586314566177e-04
2.815716422948437133e-04,9.077929726230175378e-04,1.513336443619276188e-03,1.682763388871750653e-03,1.840904452793269697e-02,6.012228036728684867e-03,1.299120555409994000e-02,4.615404474144525759e-03,1.274867440846668212e-02,0.000000000000000000e+00,1.927113930383873505e-03,8.433362808910931097e-03,8.470687064635629496e-03,1.430145170143634278e-03,3.300676386347220492e-03,1.421998650502873801e-02,4.361432762618922161e-04,1.287002038583075518e-03,8.560602206685029606e-04,5.653335104470326271e-03,3.906496511038846952e-04,4.855297141947168167e-03,3.180749186608048534e-03,6.966406188869062391e-03,9.855112904999945717e-03,1.868888473740541994e-03,1.046543731913476306e-02,1.146178509395084791e-03,1.989967501471274266e-03,3.939356879039459906e-03,1.189977796664824653e-03,1.507668044291468916e-03,6.874777459707667434e-04,3.156245052415887833e-03,3.124116688337125278e-03,1.484813396365996857e-03,3.827112043492447626e-03,4.866932362647720910e-03,3.430106671677134091e-03,3.160933164739623304e-03,5.369290071605677204e-04,2.610338174088717208e-03,1.331146138510153499e-03,2.459825947859606027e-03,5.319152933654819641e-04,1.095669578647402416e-03,6.873632882876069741e-04,6.513560744358526259e-04,1.886850284204097785e-03,4.735023946657201293e-04,1.632078705666832391e-03,7.353872035199320251e-04,7.798640431791046190e-04,4.059861567267672618e-03,9.979912022910204621e-04,8.010569084018292043e-04,3.337855709992790503e-03,1.998994911483831152e-03,6.964339378235015737e-04,8.279830234737935645e-04,2.054447340252933945e-03,2.894638060542932372e-03,7.158807310940568103e-03,1.018060520102996407e-02,5.165227112667233715e-03,1.092169399846892614e-03,3.141026480585366095e-03,3.488937378030693669e-03,3.041468659691123639e-03,2.258609385613137305e-03,3.033418371066837812e-03
5.198114049103388879e-04,2.538141391573129225e-03,4.476907836495103675e-03,1.269196126721186188e-02,3.165384760666295396e-03,4.363817462370572255e-03,2.422656196625673497e-02,4.079589253631625903e-03,6.926093013665253310e-03,1.927113930383873505e-03,0.000000000000000000e+00,3.550462743074472068e-03,3.861379329697482276e-03,2.978069409861132302e-03,1.613731359366849839e-03,1.245948843187208097e-02,2.438744462391087293e-03,5.288071016881921082e-04,5.403305261040318441e-03,1.237838904655723599e-03,1.595724062321243622e-03,2.510685423382401967e-03,8.372377187355003764e-04,5.345506977026923644e-03,1.125686471192209256e-02,2.269651684878807012e-03,6.988743033279868830e-03,1.929343160031840240e-03,1.179098688704337001e-03,2.002357416672046007e-03,2.368774979439887407e-03,3.501827472198905736e-03,2.894307678010056995e-03,8.061901641065453332e-04,1.000066594426053277e-03,3.897016860174960665e-04,3.017234216756039915e-03,1.735179994100845583e-03,4.414118569506292789e-04,1.138553721406140818e-03,1.722234203264518611e-04,2.528970232254600711e-03,1.406512080247067408e-03,2.018672987618650490e-03,2.025424393994500660e-04,3.243868176710452706e-03,6.961568873597122602e-04,4.587814363896873635e-04,1.511499459640472734e-03,8.756642398031865959e-04,3.653597054941448707e-04,8.934327754226521886e-04,1.018054131219005070e-03,4.378137707094098378e-03,4.005482544990707715e-04,3.688585925850428960e-04,1.522599799799700558e-03,1.377580484683560208e-03,1.251277339579573520e-03,4.496279181990380934e-04,5.284576139621695963e-04,4.447156759127454109e-04,5.239031950933229625e-03,4.672155180620725726e-03,4.632472060050065073e-03,2.121980557723176109e-03,2.919601124880029461e-03,2.715280670044774910e-03,5.508723410996024415e-04,9.940305650482364128e-04,9.978072825518439787e-04
7.864231826003897398e-04,9.177687620261623441e-04,2.854273597439198427e-03,2.177541975517153020e-03,3.223628253744776143e-03,6.288556913131928411e-03,2.664720289337366762e-03,2.234447418272624084e-03,1.017747443931609624e-02,8.433362808910931097e-03,3.550462743074472068e-03,0.000000000000000000e+00,2.217356243273156148e-03,1.668170834135517455e-03,5.965794998345373343e-03,5.203020423602415338e-03,5.063370438654733610e-04,1.765977051748367698e-03,1.248102763998809595e-03,5.433401250635891411e-03,4.167564295852649141e-03,4.922272857028274842e-03,1.555397325314959722e-02,5.185958095803017490e-03,1.695835335175044020e-02,1.524588991290562988e-03,2.832827244108400769e-02,5.229339390245177702e-03,6.552011011284985045e-03,6.970601697162819542e-03,8.363235515926320659e-04,1.353197208365609699e-03,2.028946129364969046e-03,2.532039684457976442e-04,3.018312712489339654e-03,9.475976568920187540e-04,6.467785108532251963e-03,2.215715768579008533e-04,4.673274235117437503e-03,1.121118311572558059e-03,1.625309510297673170e-03,1.382516677798945525e-03,1.231203366985169842e-03,6.366019498808304445e-04,1.238478084471219187e-03,1.125336608921902268e-03,2.386592626271186266e-03,9.800297184675722112e-04,2.018021143826679784e-03,1.213553325060085430e-03,6.413727924899809444e-04,5.949698316773924158e-04,9.483931381586311942e-04,1.269685667560038062e-03,1.574641127164940358e-03,7.141304571804924601e-04,9.201377290400967546e-04,1.316967058582774099e-03,1.404944342258908048e-03,1.105310289057275267e-03,1.141854706062643337e-03,6.376467948995405942e-03,1.181095326977515958e-02,1.292960897861582768e-02,9.618660009568539768e-03,3.893725168411106899e-03,9.046429900319593112e-03,2.822326160807748629e-03,8.287552734868761876e-04,1.197488576899626185e-03,6.405461178056004283e-04
7.535890072322452230e-04,1.296898827779004951e-03,2.748839585638378821e-03,2.655216216471355771e-03,8.865341583381617860e-03,2.445119750956919417e-03,1.699335640558018255e-03,9.993614555592450141e-03,3.420242480524418854e-03,8.470687064635629496e-03,3.861379329697482276e-03,2.217356243273156148e-03,0.000000000000000000e+00,9.354340322209786680e-04,2.078520480942561317e-03,1.046158716447909403e-03,1.095374864940236708e-03,2.017231551967409251e-03,6.483097973121686695e-03,1.063545382714427279e-02,3.973316173177306176e-02,1.536029242941702559e-02,1.697415018280969481e-02,6.186986448506801364e-03,5.510966891202297852e-02,6.876241321800548832e-03,2.065877955836754182e-02,1.897510405604852304e-02,2.666014624349199915e-03,8.092350501564316012e-03,4.780190169650435326e-03,1.411608376884224310e-03,3.934349514759322153e-03,5.657005520287398124e-04,1.284532500222553822e-03,7.169900029639373956e-04,4.548498199452946124e-03,6.266335572585510737e-04,1.433312284691593821e-03,1.392412762864419845e-03,8.457293351992369989e-04,6.466720468262437743e-04,4.185480988213571623e-04,2.718043512098766126e-04,1.424091471859282709e-03,2.471425220973316760e-04,3.458723154811837097e-04,7.850426072466095600e-04,2.321396419211239708e-04,7.653483563200627615e-04,9.250494231708956223e-04,4.253101347822091350e-04,8.316838739550721019e-04,1.060757948166057667e-03,1.023990401929384102e-03,1.676253498842121634e-03,9.443589900820012831e-03,8.249229668747214139e-04,4.529354350712297937e-03,4.694384467213303866e-03,5.029450114006323025e-03,1.185524390712130137e-02,5.250490513709496834e-03,6.331438835560251194e-03,1.311264267773713625e-02,1.655410278519641116e-03,2.707345095265279063e-03,1.413260404157130456e-03,5.282709746043603646e-03,2.037918877866808868e-03,6.830844857558942022e-04
3.933992721903383080e-04,1.074670151533204830e-03,2.619779762680236055e-04,3.154022594201927928e-03,4.510378483249833162e-03,1.600681371461459097e-03,2.830388063868720730e-03,2.682446554582667338e-03,1.839250397413351315e-03,1.430145170143634278e-03,2.978069409861132302e-03,1.668170834135517455e-03,9.354340322209786680e-04,0.000000000000000000e+00,8.082271935925409902e-04,1.534560052015756907e-04,3.382585282129583169e-03,2.515084490539832435e-02,2.348926945267005781e-02,5.590225698733241461e-02,7.513867533456115855e-02,5.786991575775097402e-02,1.279209490083397793e-01,4.190125999370002824e-02,1.210803491144546440e-01,1.721444015980856668e-02,1.202529934648945142e-01,4.034884763174740457e-02,8.071524549842716556e-03,3.973301729789591868e-02,1.082069461494605464e-02,4.105312560792001228e-03,1.088647007211173724e-02,5.462568561282187289e-04,1.416088559137668916e-03,6.416021235989830592e-04,1.076388479057163380e-02,1.209444553494596133e-03,7.639964703368917753e-03,1.806089878621333546e-03,1.023975794125343668e-02,1.754228870118713013e-03,2.271812000548590043e-03,1.680359936503034385e-03,9.041690395685485476e-04,1.329060931424711628e-03,1.028658591841145322e-03,3.862301943704433992e-04,1.649923588979330556e-03,7.771686918386967475e-04,2.797547593964385868e-04,1.213404427804923172e-03,1.014001747971279496e-02,2.561782236168756721e-03,3.563539008053808171e-03,7.160099316074020970e-04,3.095626017690581832e-03,4.373424223096012038e-03,4.376703646035926161e-03,2.090589121211902657e-02,1.707365673340799968e-03,2.364565828772241529e-02,1.996043617716796587e-02,4.144544656826366913e-02,3.596399593205148321e-02,6.377018667017154540e-04,1.458815172159807876e-02,1.145405180846553912e-02,4.477291124594583345e-03,7.192834773060578606e-03,7.578942043050461387e-04
7.848099298886659870e-04,4.747739981380804373e-04,9.373920345050060568e-04,9.900643029397120792e-04,8.317929621569202523e-04,2.504929658705446014e-03,1.692117610087237383e-03,1.571745526905037223e-03,4.588229307813714714e-04,3.300676386347220492e-03,1.613731359366849839e-03,5.965794998345373343e-03,2.078520480942561317e-03,8.082271935925409902e-04,0.000000000000000000e+00,6.383123155604512010e-03,3.361638833404813169e-03,4.077101050877099918e-03,5.915446421854918604e-03,3.241491598393030082e-02,1.156280723412277528e-01,8.950576569422620532e-02,5.646143197556149906e-02,1.858173975605684897e-02,2.060256248008620894e-01,4.139430792195528119e-02,2.538693397293634302e-02,1.830895597041073963e-02,1.353842577242794776e-02,4.859578755228897463e-03,8.124104508927159143e-04,1.566130732678469237e-02,2.005570547964802362e-03,3.091720103056530599e-04,3.356511129423586605e-04,4.896215586173842740e-03,1.538387423605370140e-02,8.958894563823031247e-04,7.335225393207166818e-04,3.474638582255866297e-04,5.437553399659204520e-03,5.802441313435663904e-03,8.301275129987808815e-04,2.263638106767820821e-03,1.084418523769368516e-02,1.003522393124955297e-03,1.539136340683301858e-03,1.075340133085156413e-02,8.358078864858623641e-03,3.489083313363939860e-03,2.335426642668202765e-03,7.191780360962694678e-03,1.813798074121378626e-02,2.659919405092339185e-03,6.962236823511331295e-03,1.744720490681525224e-02,2.422231752296534479e-03,1.167218051147430810e-02,1.363468863977843754e-03,1.132983175476924217e-02,3.577348534997007792e-03,4.924394908670502464e-04,6.060233983076657345e-03,5.237940433297028076e-02,3.134753520265459031e-02,2.360350587505796825e-03,2.511458516721395279e-02,1.879035777948232649e-02,2.752526605892197890e-03,3.087345349344721573e-03,2.120034552676002861e-03
2.509890667221948454e-04,5.412473928665440014e-04,6.693639006837504230e-04,1.017007622907848460e-03,3.420455204112354819e-03,5.568855595728052117e-04,3.216815178428439597e-03,8.819881827652519338e-03,3.611401912024333419e-03,1.421998650502873801e-02,1.245948843187208097e-02,5.203020423602415338e-03,1.046158716447909403e-03,1.534560052015756907e-04,6.383123155604512010e-03,0.000000000000000000e+00,1.362514910408571664e-03,2.077588350213945695e-02,3.795375142723483169e-02,3.779338919951356901e-02,1.126756176091100875e-01,3.052401508541466302e-02,6.128831308014039830e-02,8.847014050799781315e-02,1.401643443414980206e-01,5.138202151453118149e-02,3.107342492794377270e-02,2.737569739200472821e-02,1.410827772481045624e-03,1.001654507612828766e-02,8.860114466268545139e-03,3.358970029005709911e-03,9.770436885995037284e-04,1.741066648540443235e-03,4.508860989073131724e-04,1.691711753628120669e-03,2.188550069116034988e-03,2.238645561603811677e-03,1.635246413863727282e-03,6.554450233328793646e-03,1.572111078295520192e-03,2.630365257068873960e-03,6.688974816329883773e-04,2.605231346494188329e-03,8.561424250570537397e-04,2.227077029134903741e-03,3.848062403794170593e-03,2.593954917786589660e-03,8.058603897037788354e-04,5.692268612288659338e-04,9.731726143976661110e-04,2.303794634804759173e-03,4.377251655111023126e-03,4.280686243182287368e-03,5.620994418177597185e-04,5.952195111742288568e-03,1.491664768863118669e-02,1.151644860582809937e-03,6.375632094291824349e-03,1.503883770571778217e-02,3.673275905183063204e-03,9.875022929535058960e-03,3.634392198077152948e-03,5.809445638933937762e-03,1.687463573885742210e-02,4.905202586929367954e-03,1.769295631768736657e-03,3.366934406715097177e-03,4.620912310623916802e-03,2.246651837046984360e-03,3.041492683766234845e-03
2.952637241743712756e-04,7.092935640208807273e-04,5.143771655932645763e-04,1.002097741687653105e-03,2.136664086654187222e-03,4.964270317970687985e-04,1.098830982726029535e-03,1.035915723713356704e-03,4.464488058062767990e-04,4.361432762618922161e-04,2.438744462391087293e-03,5.063370438654733610e-04,1.095374864940236708e-03,3.382585282129583169e-03,3.361638833404813169e-03,1.362514910408571664e-03,0.000000000000000000e+00,1.440413304506712455e-01,1.044797430853883907e-01,9.202005874961396992e-02,1.618969357162695910e-01,1.037718696785723260e-01,2.720094468952074518e-01,1.106798276749542120e-01,2.383178734131384258e-01,7.022836008699234744e-02,2.082097684675893179e-01,6.526120179085372064e-02,2.942799237895031214e-02,6.444315609380917020e-02,1.238237446655825712e-02,7.531626952658241822e-03,1.743351987641593090e-02,7.981202299951300734e-04,4.208343714584675960e-03,4.168225405468044785e-03,1.545819852528065169e-02,4.207087735691188504e-03,1.634223990839203319e-02,6.533088843420938388e-03,1.349113853781225975e-02,2.400748393491003961e-03,5.233928644095066016e-03,8.882848400195737923e-04,3.193719670972844371e-03,1.610285186910705157e-03,1.195942543207137660e-03,6.120273192974721565e-04,1.656443669967102043e-03,9.611560582749377295e-04,3.042316948119877518e-04,3.739315958411417503e-03,1.499627709239210668e-02,1.041130181940898639e-02,1.179268314103805795e-02,3.549909245487858737e-03,4.150137080795685170e-03,1.202026077298428211e-02,5.008510445598289042e-03,3.405467895118945154e-02,1.228951066099463058e-02,4.512510491906202709e-02,3.260289408696567803e-02,5.651550755351876509e-02,6.336718127542624590e-02,3.978940375919174516e-03,3.382557844330780911e-02,1.510717740271763296e-02,7.524950447637420055e-03,9.863440525001668235e-03,1.565535392991740122e-03
4.011253616789682910e-03,1.425765810467802090e-03,2.919442029722421530e-03,2.165841578855063222e-03,5.609055639523751391e-04,3.830560263470193468e-04,1.815327635285698005e-03,4.105996597832114537e-04,1.874800394181523611e-03,1.287002038583075518e-03,5.288071016881921082e-04,1.765977051748367698e-03,2.017231551967409251e-03,2.515084490539832435e-02,4.077101050877099918e-03,2.077588350213945695e-02,1.440413304506712455e-01,0.000000000000000000e+00,2.240760573518090215e-01,1.745665846187764714e-01,3.963425887388595248e-01,3.629258606884933624e-01,2.927073030309782498e-01,2.536518440156428356e-01,4.530836781714313588e-01,1.796631266882581235e-01,9.155021763717197114e-02,7.302301729747330550e-02,5.324502904552143312e-02,1.755192114908667514e-02,1.021646470923530739e-02,1.635006892889248956e-02,2.658154478000108057e-03,3.714960472770619752e-03,2.768795904369858191e-03,2.109713994821875525e-03,6.379938994115766848e-04,5.085955615492811742e-03,1.290725627471279828e-02,5.184953962483983096e-03,1.087136292043570582e-03,1.339372027941572799e-02,4.242494590965195482e-03,5.320742032259143973e-04,8.306741696846357825e-03,5.168135557693275157e-03,8.470611456756515709e-03,1.752372534906239399e-02,7.981490025217191989e-03,1.044548012751333674e-02,3.903211623680487644e-03,2.715884103528917043e-02,2.012021424113219839e-02,9.901651439737802624e-03,2.074259450437362234e-02,1.068915399789371022e-02,3.633236913165927007e-02,8.482730556021878671e-03,6.810778298933492514e-03,6.038557257784928078e-02,9.177629278106532243e-03,2.499070944709869471e-02,1.455334024841452301e-02,4.330547580864801960e-02,3.166968661632819926e-02,1.783729738149945204e-02,1.823039609329475674e-02,1.369088555524554732e-02,1.342309612012641123e-02,9.082243038540311827e-03,1.594914979235779323e-02
7.618150753726884473e-04,4.931720443496313356e-04,1.895513493861083034e-04,5.390061722416962433e-04,5.544753791761731186e-04,1.297155097604144741e-03,2.318035822314044522e-03,3.278114340322049996e-03,3.615287185914426555e-04,8.560602206685029606e-04,5.403305261040318441e-03,1.248102763998809595e-03,6.483097973121686695e-03,2.348926945267005781e-02,5.915446421854918604e-03,3.795375142723483169e-02,1.044797430853883907e-01,2.240760573518090215e-01,0.000000000000000000e+00,2.485572200330856407e-01,3.001252485920443136e-01,2.577235008451238540e-01,2.920553277710511431e-01,3.722445584256096063e-01,2.772596719075197114e-01,3.866713740760658324e-01,1.393847979632811818e-01,1.593071384092208942e-01,4.978460037453148052e-02,2.136139888626280292e-02,3.682978514307139184e-02,6.189025037051900519e-03,7.619683177152621924e-03,5.260339384195743088e-03,3.047844696941741371e-03,1.783764185881142605e-02,7.230012814653297148e-03,2.704501617317767431e-03,1.385020872135987215e-02,2.910382497911086479e-03,7.246585290531274218e-03,1.699634464789279154e-02,1.358735321100284013e-02,7.458374390273413666e-03,2.409460601627412199e-02,4.514195374926191148e-03,4.804484167567863589e-03,5.270155858591270455e-03,2.146143850742774500e-02,3.031397072333763456e-03,7.366874374305313992e-03,7.728614784077107031e-03,7.585439330500159602e-03,1.454395309174976066e-02,2.046651330954758416e-02,2.041570286670499682e-02,4.725651939708202381e-02,1.370799732649467285e-02,1.700031238671137479e-02,3.596391575723834055e-02,1.668133072132261044e-02,8.054985699779254604e-02,5.744881829445824817e-02,1.509703677825284876e-02,3.400849845706085950e-02,4.356421880180375017e-02,2.224408494964253552e-02,1.592783180383449196e-02,1.017443019000091251e-02,8.434706874306906535e-03,4.319570370896801993e-03
1.226986466778066075e-03,1.206002745543361928e-03,7.391491188497643743e-04,3.524297346027513086e-03,6.877449412304853776e-04,3.192410259182283942e-04,1.655658702607927741e-03,2.414058107468665219e-03,2.902479871321288468e-03,5.653335104470326271e-03,1.237838904655723599e-03,5.433401250635891411e-03,1.063545382714427279e-02,5.590225698733241461e-02,3.241491598393030082e-02,3.779338919951356901e-02,9.202005874961396992e-02,1.745665846187764714e-01,2.485572200330856407e-01,0.000000000000000000e+00,2.901452503050431231e-01,3.420504619800406321e-01,3.044862113981696705e-01,3.437987441137393407e-01,4.249642767936935295e-01,2.520326411423781110e-01,1.317492563739760814e-01,6.604926013531307871e-02,1.831917823777955492e-02,2.491685505600351944e-02,1.482864692742838324e-02,8.664233093233525418e-03,1.221816633009275080e-02,1.325829388382929012e-02,3.686058906733534046e-03,8.722341894731422407e-03,6.458807388015944118e-02,3.174206174833829608e-02,3.461749276316557905e-02,2.277896469092772352e-02,2.375242270047312962e-02,1.770089479454657914e-03,1.310618643365964869e-02,4.360612236561155035e-03,1.526643437916472236e-03,1.506247615476150785e-03,2.534821579288856503e-03,2.612317602986822217e-03,5.880161069762523951e-03,3.554393046504240438e-03,5.873557672681379953e-03,1.014160714253331021e-02,5.081087977010727980e-02,3.515710156413943965e-02,1.344948689560931075e-02,3.658068123572361802e-02,2.887369464933163543e-02,2.023598028175263228e-02,4.391605213094609134e-02,2.071556449458610699e-02,2.499471795710369107e-02,5.101724913380442650e-02,9.498055304404512400e-02,1.289866313341191395e-01,8.544368902037140223e-02,1.167577045691198072e-02,8.470570583783647300e-02,8.702684804310314992e-02,2.201285653533876022e-02,3.913078456473839672e-02,3.688210519083699127e-03
6.109475092491524267e-04,1.003754675846082805e-03,3.045594197902854686e-04,9.668333636312587348e-04,5.209717725432879776e-04,6.168632787752802507e-04,2.362046232238152344e-03,2.356252445880588939e-04,5.853972565030316844e-04,3.906496511038846952e-04,1.595724062321243622e-03,4.167564295852649141e-03,3.973316173177306176e-02,7.513867533456115855e-02,1.156280723412277528e-01,1.126756176091100875e-01,1.618969357162695910e-01,3.963425887388595248e-01,3.001252485920443136e-01,2.901452503050431231e-01,0.000000000000000000e+00,2.469723169920411410e-01,4.662892727346208965e-01,3.186871269756998415e-01,3.285559373615104528e-01,3.423782528098849309e-01,1.572471174767547941e-01,1.019756053429652642e-01,2.124968673063261024e-02,4.264134567322802605e-02,9.026670457122198260e-03,5.962584594757517481e-03,4.125555454844499238e-03,5.435819560820869499e-03,9.637806138748920837e-03,6.171796059326294104e-03,1.566242450119034388e-02,2.231138933058403329e-02,6.014895495379034285e-02,9.977882194213119962e-03,3.321230389798876439e-03,1.998611569450276654e-02,5.020644842580432830e-03,1.571107304282365552e-03,1.125047308156648315e-03,2.987354958583625462e-03,7.336024871225807660e-03,2.669300910232147786e-03,1.803018262362470489e-03,3.953305113346051135e-03,2.379821948355383653e-03,1.114746996686128561e-02,1.006438981357902530e-02,3.459574308262665376e-02,1.611166197244543255e-02,8.069326244010478419e-03,4.215739986520258831e-02,2.430200347079899265e-02,8.749167836942928558e-03,2.565688363819131415e-02,1.937053117351995868e-02,2.527330875649041672e-02,4.548375356849086032e-02,2.771681238767799080e-02,2.955670150852921299e-02,3.161045711488212617e-02,4.792179476345405365e-02,2.206328083330992909e-02,1.555208059773269778e-02,5.774158062739551123e-02,1.444417440512233211e-02
1.347282114621534480e-03,5.249487522685846808e-04,1.342583675895801841e-03,6.306308824890915175e-03,4.062374730459603609e-04,1.396438460626814532e-03,1.243144682140113338e-03,1.239638370013655504e-03,1.240568803919736823e-03,4.855297141947168167e-03,2.510685423382401967e-03,4.922272857028274842e-03,1.536029242941702559e-02,5.786991575775097402e-02,8.950576569422620532e-02,3.052401508541466302e-02,1.037718696785723260e-01,3.629258606884933624e-01,2.577235008451238540e-01,3.420504619800406321e-01,2.469723169920411410e-01,0.000000000000000000e+00,3.552003264646096392e-01,4.904051520803963116e-01,2.317124966460892554e-01,2.913953783360864747e-01,1.657838078389756997e-01,3.998414514594132718e-02,5.358299818456131042e-02,2.694402101400987862e-02,5.418642477131196955e-03,1.239644519779718734e-02,7.999708572956861982e-03,4.939914070758181543e-03,2.023373318796728437e-02,1.838789684854591835e-02,2.499883523907595051e-02,6.074326531440295100e-03,5.338129759388761560e-03,6.131814505302130187e-03,3.759885209853379602e-03,2.684149621288365109e-02,1.343582946901092324e-03,3.453134616360870827e-03,2.912916175619379225e-02,5.174277364158812826e-04,2.497229741879750022e-03,1.697774751966603379e-02,2.888824343253985211e-02,8.328966381988472251e-03,6.431501191343409925e-03,1.823819741440554573e-02,1.963078206946324358e-02,3.621437493133492641e-02,2.576381647596628563e-02,6.622348272538444713e-02,1.336664713597144998e-02,3.254479506523446503e-02,1.402865197772067835e-02,2.426465895491534963e-02,6.911032188556882894e-02,6.996302783057957442e-02,6.394416588299405013e-02,5.373973210501794412e-02,5.183749140169943009e-02,5.925428926651449268e-02,2.365086917486826021e-02,2.753563558697966554e-02,6.751079943237934915e-03,7.985975018323092367e-03,9.727539500557637331e-03
