0.000000000000000000e+00,2.722723280920647665e-02,8.143061914852364747e-02,1.142265050679169662e-02,5.545406872085451716e-02,4.360209810560018717e-03,1.376723896864271400e-02,3.448609609830856435e-03,8.527836497583506092e-03,3.105728273456954958e-02,2.635843719032334581e-02,4.995236693267321448e-02,7.203844462196594411e-02,4.561640511543312709e-02,5.892612723206348824e-02,4.146950653477896043e-02,5.810898026360363650e-02,2.199328105150581344e-02,2.075001263051162032e-02,2.627182411574251718e-03,7.820271033710534531e-03,1.397704835381583834e-02,6.479354148885323877e-03,9.767282091607753028e-03,2.242655712424249017e-03,1.510006783188200426e-03,7.350626216945155278e-03,1.779884063018349200e-02,1.231808079471092285e-03,2.024246108613040815e-02,2.196712234978641983e-03,1.145858874155966656e-02,2.476656773987796767e-02,7.205945997762469059e-03,4.463230333301280994e-03,3.550247424097209472e-03,1.456502932305333599e-02,1.799826225483022474e-03,7.396239916480969873e-03,5.948435098036282398e-03,3.406407330609408524e-03,2.510529448288735619e-03,1.375303138384025839e-03,5.758016578176399468e-03,6.637035140221726921e-03,1.311069931049759201e-03,1.641523931493160801e-03,1.800060882770087960e-03,5.797190517882065165e-03,8.629951562908274101e-03,4.300523446184754614e-03,6.058812787712519136e-04,1.310155711487818488e-02,2.513940596490678563e-03,1.905635863193843801e-03,2.670610978559535397e-03,7.827812370431811925e-03,7.130000483840345012e-04,2.231250187963859915e-03,8.480393314800101917e-03,1.110330941989118823e-02,1.201906166289001647e-03,1.008218790966000124e-02,2.195709396645725495e-02,1.370488012917044605e-03,1.242404787329638716e-02,6.234549456517361928e-03,3.154954168453462729e-03,3.391390845768975457e-03,3.222720302970881988e-03,1.819234489816431207e-03,5.292661568867190053e-03,5.976488534493306672e-03,4.801438057644876606e-03,7.113755117024641098e-03,2.396981601742520680e-03,2.919334401054399317e-03,2.898267884545500592e-03,7.018392335391748262e-03,8.668171751256211225e-04,2.336891210385591122e-03,1.926120755013793805e-03,1.577831827931516426e-02,3.112555214853522916e-03,1.175782747901097389e-03,2.817283961507069563e-03,2.677730559862493732e-03,2.302143428250517064e-03,1.780067404765561540e-03,7.403726662521387808e-03,1.000127134506889268e-02,1.854871341566786611e-02,2.448895337137907760e-02,1.193767225361609674e-02,1.625932431726869951e-02,6.122455408784826907e-03,7.966927264556514232e-03,1.319834449150100210e-02,2.898589740453996321e-03,2.321178230630428947e-03,1.833679647432272936e-02,8.187598716193757870e-03,5.249245350856197000e-03,5.515490585055427344e-03,6.351485511507540781e-03,4.404242755782380959e-04,1.907410782388124348e-03,1.112973789775446171e-02,1.217314322393458223e-03,7.089755954365693780e-03,5.062460010690817552e-03,1.139157932289825044e-02,5.874196899879751375e-03,2.408860024651993115e-02,2.331208983822342148e-03,7.681935245767363904e-03,3.207443778134135698e-02,6.948502187629271992e-03,2.251725970707774138e-02,4.665959095255453604e-02,6.516772787824617712e-03,2.536934701137555023e-02,1.039250081021345085e-02,9.750890500804947764e-03,7.489432759123000431e-03,2.149906654134514997e-02,7.978530321825145696e-03,5.348705373185090074e-03,3.402699921312685345e-03,2.357131122201589282e-03,8.202145487847322530e-03,8.202982367518943385e-03,4.905312531050090401e-03,3.923269699532080761e-03,5.566481552232647491e-03,8.315646096562535200e-03,4.238701678246922268e-03,7.303774838892901182e-03,1.296418946454706411e-03
2.722723280920647665e-02,0.000000000000000000e+00,2.118748917874151982e-01,7.421769668844380163e-02,4.555733243136323579e-02,3.351370682425088704e-02,9.476744440672122544e-03,1.284260122076716533e-02,1.699661945824364195e-02,1.043782068129739393e-02,2.318728181903509118e-03,3.258210582255099269e-02,3.711784409573332805e-02,7.129011313536787187e-02,5.601646940758094051e-02,3.323706694425269947e-02,3.845354850661832080e-02,2.964084147413627301e-02,2.108993839632350084e-02,1.002111100417032996e-02,4.678225015472255686e-03,4.050393628685698341e-03,4.871603697057316773e-03,2.668277254970522708e-03,8.317690332156169736e-03,3.755622644521866126e-03,2.438151695832500073e-03,4.798027176400271841e-03,7.589913016659994779e-03,1.177994039199114357e-03,6.019901708102536921e-03,1.225109787322889443e-02,9.091715397400512017e-03,4.965120224133965678e-03,7.836986975218758825e-03,1.744616399495190623e-02,9.121887835890402432e-03,1.196366162315989391e-02,7.124447651119802938e-03,8.711219386163744291e-03,4.646517086608873900e-03,1.868444912831658490e-03,4.103919013693286232e-03,1.193987279023478671e-03,8.200156637725373706e-04,1.266254964125887710e-03,1.034610568798195046e-02,7.447447666214803211e-03,1.721144701597930940e-02,2.832077140939679317e-03,4.612893039254473658e-03,2.799385283312369379e-03,7.706146788109506781e-04,6.033504923641782930e-04,1.097484306414889255e-03,2.381611561092740470e-03,4.537104535573982002e-03,1.798203079192082750e-03,3.236110105486821042e-03,1.229043409211603814e-03,1.851789470952534128e-02,3.292173025615646124e-03,1.098106755574274583e-02,1.905479944691660515e-02,7.805454964594535187e-03,8.635651063300541289e-03,8.049195594353830349e-03,4.510556158890084884e-03,3.056722187849913574e-03,4.455606267771264339e-03,2.201206092575724686e-03,1.666414542159338000e-03,2.832536311161933974e-03,5.735588779394524411e-03,1.826479222771674798e-03,9.090820579783972025e-03,1.410577914423366119e-03,5.665642325504414469e-03,2.430067910284515898e-03,3.118246025592530998e-03,1.986568031884823095e-03,7.317092213503511178e-04,1.311091436926602443e-03,4.977178293360500893e-04,3.626009679977488295e-03,7.007077957694593344e-03,1.056080913693911586e-03,4.637399961364117168e-03,9.888652073344866150e-04,8.988549295050975163e-03,3.219031353990659504e-03,1.355515870072502085e-02,6.183727084356412454e-03,7.513805868613140752e-03,5.631221807707542833e-03,1.218289053875241295e-03,1.327661691562101801e-02,3.308421831137803738e-03,4.538268143352008899e-03,1.719287650645699760e-03,1.002597811208706148e-03,2.741998659277448437e-03,1.132905898880100367e-03,8.550129828949011926e-03,8.789409317961851707e-04,9.930735691829283528e-04,7.101420173217395070e-04,2.131414868758824740e-03,9.660951996041859755e-04,2.263467522657889534e-03,1.413150605069242926e-03,5.899013277189484733e-03,3.878665716624921621e-03,4.325060226652265027e-03,1.598673322061731211e-02,6.009505709005583465e-03,9.073923395112877544e-03,2.749330674418773782e-02,1.312021042660066993e-02,8.899060295659925665e-03,2.068473381323009119e-02,1.130284568231862234e-02,2.102234293313713295e-03,1.575679495544161229e-02,1.411932312376967466e-02,6.249417781356367795e-03,2.470888749417056267e-03,1.727315235447040437e-02,9.346701578789577691e-03,1.136751029556795287e-02,1.313258693784088212e-03,5.743251992742348828e-03,3.717774892021863571e-03,5.054232958835619058e-03,1.678752395308442599e-03,3.522430683935620383e-03,3.614213859510494696e-03,2.080547815157822184e-03,3.856311151794846511e-03
8.143061914852364747e-02,2.118748917874151982e-01,0.000000000000000000e+00,3.683338795501654023e-02,1.364764338219652262e-01,2.971333566644892080e-03,1.993917416433617709e-02,1.426659323078315403e-02,4.864205884155470977e-03,3.547484560820940436e-02,5.272925652023415649e-03,1.515112365666304237e-02,4.703258531505451895e-02,3.370619337279882194e-02,7.425817186646112289e-02,3.062488742005552503e-02,3.460732022662458413e-02,1.810221747498917330e-02,3.484386459879169201e-02,1.818379720700705453e-03,2.358238681363760900e-03,7.696471853887196062e-03,6.852431895749766869e-03,6.445612339224662986e-03,5.178254629750739593e-03,3.892051562445998734e-03,2.700590555895060127e-03,1.814254443080711571e-02,4.185195548829232122e-03,6.835299081349840468e-03,5.123319985679097681e-03,1.593387191896017407e-02,6.125468913722646389e-03,1.001942910308755048e-02,3.323584779531166267e-03,9.054324799621021186e-03,1.316908082342591914e-02,1.590411296089570738e-03,4.379148706434914280e-03,6.481201063478076764e-03,2.970340430415920920e-03,1.953709386467535579e-03,5.920068405263811777e-03,6.747674127682124802e-03,1.563473952253586347e-02,9.672263530719225899e-03,6.255188046497147346e-03,4.696966149255703618e-03,1.887107722401271115e-02,8.295415548306326117e-03,2.110552335095964346e-03,6.078935421179660313e-03,9.399650115100001424e-03,1.647207519990683032e-03,7.581148685961337438e-03,7.179282901377497103e-04,7.608397420379689642e-03,1.177515420331294582e-03,3.404658528766028110e-04,6.070441107620738914e-03,1.207575212598411760e-02,6.692366136729942412e-03,8.229939248057776061e-03,1.499971631085101134e-02,7.771580320640051991e-03,1.363782860771388904e-02,1.208162254502248394e-02,2.070176500786812153e-03,8.200312054341119677e-03,4.763282066221415263e-03,1.822295994484188176e-03,4.646205110926817684e-03,1.744664063184266783e-03,1.839288574009048313e-03,6.708454862100964380e-03,1.114295712345823993e-03,2.018818979778662630e-03,4.747170138464215997e-03,1.777358102598698567e-03,1.821057053743461345e-03,9.384939019332528979e-04,1.161464829351423764e-03,4.895566674560594515e-03,8.981728611960067277e-03,3.778049037622289736e-03,8.361773396611180825e-03,1.924742685422530701e-03,2.207723814007312487e-03,7.593601237104713637e-03,3.519097516814980679e-03,1.001961846062876006e-02,8.717627339304164988e-03,3.537663470253173820e-02,1.350704470160079759e-02,1.138618618901658837e-02,4.627441081840559869e-03,8.842271176987838086e-03,1.304809506599452842e-02,5.485438261352691691e-03,2.654047357353068667e-03,1.056030148857595163e-02,2.603292300749193017e-03,2.804960147686109007e-03,3.756312461708498623e-03,6.739384174802546959e-04,8.858877679990960919e-04,1.265592870286035791e-03,7.340782217086546345e-03,9.886777339839700456e-04,2.147985624751267038e-03,1.676653558622532300e-03,7.408726517233590403e-04,1.408289953537442650e-03,3.150740644674379816e-03,1.051753886448876865e-02,5.892078770859287239e-03,1.510559089429725638e-02,1.263486386653708826e-02,1.025877478713125429e-02,5.734233917869397540e-02,8.478815611738889368e-03,2.047021816954593815e-02,6.187961819900745890e-03,2.836382289833454945e-02,2.158031539384338074e-02,1.765273049511739689e-02,7.104356576027657903e-03,5.867352607880967942e-03,2.179394157252439665e-03,3.208261645592165243e-03,3.962599863183113337e-03,7.434002750111920813e-03,2.088068534805467922e-03,7.658269560022944351e-03,2.571394914565460973e-03,1.148851781307540579e-03,2.093819720474464612e-03,2.696065967792952208e-03,7.591608424622487685e-04
1.142265050679169662e-02,7.421769668844380163e-02,3.683338795501654023e-02,0.000000000000000000e+00,1.404177990096910356e-01,3.943753746467353050e-02,6.298679374242174833e-02,6.767541306444674505e-03,9.553612972461903927e-03,2.361034221864645802e-02,2.043697437394683195e-02,5.898140500595754586e-03,1.589085941174643926e-02,2.838560406500277924e-02,5.891245662735154071e-02,3.286897682008085159e-02,3.178926092830364897e-02,1.640515156141949746e-02,1.863892809994463842e-02,6.298506776391094367e-03,3.378836468956738365e-02,1.322631715428669759e-02,1.631195058132062919e-02,1.065998574548747586e-02,8.190913586121964518e-03,8.558046753348490937e-03,4.037463310343511989e-03,9.103188684541997644e-03,2.853647714944803401e-03,2.224662562254593658e-03,2.031463843192032534e-03,3.161803909599548382e-03,2.355515910763310988e-03,8.374025456190137967e-03,1.810055424767490623e-02,6.762892446311230543e-03,1.235673596374785473e-02,2.926801352157509459e-03,3.131209692153430306e-03,2.209221016756651116e-03,6.371845641280424709e-03,6.676878983372420626e-03,8.647878752574756538e-04,4.339777412159915096e-03,9.426673215219424310e-04,6.078985759335468926e-03,1.836769910490560972e-02,1.123507608657880151e-02,1.128065115695779143e-02,3.864837246857802302e-03,8.968609461049468351e-03,3.377384970285116344e-03,9.368413079087874185e-03,1.095194295699254694e-02,1.426442982936628433e-02,3.734425829335663496e-03,6.425205908674442787e-03,3.044220218046894493e-04,1.573497015416994811e-03,6.489931261411475798e-03,4.184522193925124638e-03,3.359755089800707094e-03,4.995541331654728898e-03,2.878266375825649231e-03,3.437652240127958558e-03,1.747561046832355391e-03,2.513297845019078856e-03,7.219584149405668637e-03,3.006035413666519659e-03,8.576071770059395805e-03,6.129833998930351961e-03,1.926101994833028658e-02,1.529369874493814209e-02,1.941009437923983151e-03,7.403051082755979923e-03,1.241824384271356801e-02,5.246452432317529405e-03,5.787128051605264223e-03,1.122386171084988407e-02,1.869143543031674681e-02,3.422611904007740596e-02,1.953262405562978740e-02,1.230365934408141418e-02,6.844536807543516455e-03,4.048110834801828956e-03,5.083934455577359714e-03,1.417766206498546335e-03,1.440651136157113793e-02,9.042958295043276515e-03,3.147882800175882435e-03,2.750317102000058526e-03,2.574845127635299810e-02,7.236828791023470521e-03,3.006983618662530024e-03,9.936734069626007235e-03,4.758501159227556537e-03,6.450356873060921273e-03,5.451471175662396355e-03,9.735242268007981981e-03,3.563769863831206270e-03,8.033289507584098765e-03,6.238365681495110400e-03,6.106399465946017215e-03,1.791164518687840329e-03,5.205725038841365476e-03,3.835349587545261625e-03,4.406019419123240188e-03,7.491582167962297818e-03,1.063358901616034621e-02,4.025555200842806033e-03,1.889016249906533707e-03,9.215839243282730742e-03,2.660636783718701125e-03,5.145160354071163199e-03,2.831398478862389139e-03,1.534109876152919653e-02,7.897671520474993170e-03,2.393357198777002620e-02,6.234886461522887863e-03,1.368564575496286108e-02,3.037305274489701667e-02,1.068636890566341743e-02,1.023679522122478841e-02,3.775459850687201691e-02,3.151164950553402705e-02,1.159824056132941796e-02,1.499710130036717784e-02,3.038284950755234387e-02,6.585742584973894309e-03,6.764653850567697684e-03,1.070139971884768136e-02,1.060268728963078590e-02,8.094821919522343992e-03,3.192371483058489313e-03,7.994367036633566459e-03,4.876044802448686009e-03,1.016335104440898793e-02,6.061959614362304530e-03,2.807456449877643225e-03
5.545406872085451716e-02,4.555733243136323579e-02,1.364764338219652262e-01,1.404177990096910356e-01,0.000000000000000000e+00,2.399209548889024227e-02,4.807633831334853780e-02,1.580198641137407767e-02,2.115460805375311837e-02,3.440496341045156531e-02,2.209449103734870828e-02,1.463697359141565360e-02,2.241707366488280770e-02,3.476265712222421922e-02,7.099793320478943459e-02,2.562946667211821183e-02,3.704213000805126055e-02,1.965669724359778506e-02,5.364005131329788005e-03,1.214614089988070612e-02,2.066261113332714533e-02,1.922805362888449499e-02,1.966329979126776178e-02,2.593670354543877246e-02,1.169994666454046185e-02,1.464057944231991239e-02,2.538690503179357252e-02,5.322676855672742874e-03,6.334803912214159206e-03,2.751026749065537194e-03,9.980776230184677106e-03,1.878054882859193572e-02,1.694789726877718797e-02,1.663852453362623871e-03,7.819736539554885887e-03,2.634311461257557180e-03,1.557145377802779222e-02,1.927853118189407685e-03,7.445781881156957570e-03,5.440259543108102135e-03,3.486103930826609746e-03,3.495142350400398060e-03,8.711175150709862813e-03,3.562938189345614143e-03,2.814123436782965237e-03,2.782833643871308014e-03,2.900736129271607941e-02,1.761267384219567314e-02,1.468870179596664695e-02,3.630057290711604864e-03,2.622568064810266997e-03,4.848528984383032939e-03,9.295100552368962569e-04,5.686307984590467136e-03,4.441786428081506526e-03,6.873917507403471891e-03,2.613358034048331082e-03,2.624194728165299157e-03,8.745618232749460905e-04,1.149285621798657592e-03,4.151296587442177000e-03,6.807589547500982659e-04,5.231129763704961411e-03,2.812543643074384789e-03,1.654100586125015551e-02,1.021135827319645875e-02,6.583880611316419648e-03,1.359527520811735883e-02,1.531043609418929717e-02,6.891763794551490976e-03,2.166596688081151578e-02,1.262861260996710547e-02,5.589108941582180898e-03,5.309266224836793266e-03,1.135824500051880147e-02,6.996928452080384761e-03,2.051459967114030187e-03,3.993633573191251313e-03,6.382793760072193005e-03,5.807798461570977920e-03,6.578363088613640129e-03,5.645947850601286573e-03,3.086141583065725620e-03,2.447408335263385505e-03,3.361067087437872181e-03,3.649394415492203392e-03,7.052298736861327411e-03,1.638128901722973527e-02,6.818397862674749690e-03,5.157775288727365660e-03,3.228697780814959121e-03,9.026309238834861332e-03,9.627505769229089891e-03,6.452794286346455639e-03,1.240580682467537152e-02,8.852450246169469780e-03,1.580422223085673795e-03,5.358741477789497401e-03,1.221486120365231597e-02,4.071918291863527162e-03,5.537399693438434418e-03,4.469185955273373076e-03,6.516218353374593313e-03,2.132593968475914384e-03,2.913683583351416029e-03,5.732820389645927085e-03,3.154405816499908366e-03,9.727022611707224903e-03,3.178246423988611603e-03,2.554748045129178087e-03,7.801866935250640137e-03,9.094034679836761510e-04,1.435141404893547964e-03,6.680662171312653705e-03,8.597288126595818702e-03,5.865122163400779409e-03,3.468952463886384140e-03,2.546591247103151961e-02,2.376175951775424001e-03,1.230946218079730960e-02,1.475097816544012133e-02,2.101209771770479705e-03,5.909562911203061937e-03,1.790211585677900161e-02,2.636823754225436911e-02,8.392623374457173699e-03,3.664851918608935232e-03,9.528133447415897128e-03,8.019241866491508622e-03,7.783942612519096499e-03,1.084029096491628515e-03,5.864348619879027578e-03,1.340667978533643685e-03,1.125433905922003375e-02,5.712104302131899326e-03,4.831641867828271285e-03,7.866540559132348051e-03,3.083543812030812171e-03,1.619466275756860450e-03
4.360209810560018717e-03,3.351370682425088704e-02,2.971333566644892080e-03,3.943753746467353050e-02,2.399209548889024227e-02,0.000000000000000000e+00,8.241706822590230685e-02,2.345997079041761690e-02,9.586557277729066198e-03,7.493115175069424948e-03,3.586500795545955605e-02,6.353874981043832783e-03,1.462705919500487985e-02,1.472144944617342216e-02,7.437197966663229055e-03,1.996349987060528144e-02,1.013010114980128495e-02,1.196661107563451627e-02,2.307631081396529366e-03,3.814126776539250151e-03,1.026815982603519056e-02,4.971507966117049218e-03,1.128403139902700927e-02,1.430349961791175205e-02,1.178708380434296925e-02,1.285413061291724481e-02,2.627327797108055044e-02,3.135281349556034904e-03,6.054446223119886936e-03,8.795526584057314357e-03,2.915189817146920763e-03,1.261507777090491861e-02,9.730453163945568945e-03,4.266511340707200041e-03,4.298687649873483840e-03,1.090558368152520427e-02,3.739331627547614820e-03,6.401997074485665448e-03,1.308687109354473958e-02,1.243137516393598950e-02,2.804507507647877648e-03,2.184963879217191509e-03,7.783217048836439493e-03,4.624573200814907116e-03,2.246673896451155741e-03,1.612350666234159229e-03,1.100937472213786399e-02,4.401770331758361396e-03,1.113722639299475053e-03,1.472067443769756873e-02,1.776453450998183650e-02,1.742112063737729592e-03,7.262607714318510509e-03,1.003257672506763405e-02,1.624774080222865296e-03,1.351454340318620009e-02,2.109521318575237423e-03,1.028860720269819153e-02,1.885082732052004682e-03,2.231180945552336224e-03,3.113269494563153557e-03,3.808726531257792657e-03,2.614768139877197018e-03,5.986034439893992212e-03,9.465262974587537737e-03,8.115169205831171753e-03,3.524469704195246512e-03,1.659365609417950624e-02,4.494683345896754133e-03,9.458384862122587097e-03,2.138233442772114606e-02,3.990821026798724996e-03,1.427459489515716003e-03,1.565461208301529780e-02,3.698652372746593763e-03,6.171360276210970629e-03,2.983605236199059728e-03,2.874422238304248905e-03,3.684572925545040022e-03,2.721865322237547805e-03,4.388357978256614451e-03,5.171406699282854631e-03,4.552230718442499928e-03,5.184992561939852536e-03,5.676323602246168346e-03,1.046634573685027367e-02,5.841794011560322124e-03,1.702771724929457017e-03,8.486071664829228541e-04,4.576219995422535491e-03,1.068635928719958474e-02,2.135819545013056125e-03,1.584395056054579629e-02,6.620389346822820424e-03,6.295522448632583784e-03,9.119256990363720783e-03,6.359024049159530192e-03,3.055267212961165161e-03,3.358278915957840956e-03,9.990950538078822996e-03,6.816512353178818054e-03,1.594048157410435373e-02,9.957482941777319463e-04,9.205806619170760208e-03,2.100903453468675689e-03,9.877498673520758443e-03,8.564237506396461808e-03,1.979786641967269320e-02,1.692918277313788106e-02,1.545457199956087359e-02,8.917990088304430379e-03,1.014061745745688595e-02,6.567118665573791654e-03,2.206143660943209878e-02,1.088624873930762495e-02,8.245117546650908291e-03,2.949700566503826032e-02,7.022044105917574913e-03,5.853250023249377196e-03,1.510038649593793865e-02,1.358051198283768794e-02,8.009151945562006242e-03,8.102810208892119101e-03,1.292610133104722843e-02,2.733327261488780260e-02,2.107495443469716359e-02,1.154066026927932920e-02,1.694340167302921252e-02,1.088032763197343405e-02,3.124751420909868422e-03,1.111530898597075379e-02,7.369591513735508984e-03,1.031329251340560443e-02,1.388608821958039682e-02,1.209365966972015226e-02,1.938421462267321538e-02,6.375171685707005723e-03,8.035422366778958297e-03,5.293745400913439474e-03
1.376723896864271400e-02,9.476744440672122544e-03,1.993917416433617709e-02,6.298679374242174833e-02,4.807633831334853780e-02,8.241706822590230685e-02,0.000000000000000000e+00,3.544400628251084817e-02,1.996701678320507781e-02,7.692923725474953844e-02,5.118349220891773091e-03,1.621010649009644840e-03,8.716890195787255907e-03,1.400593389926000319e-02,1.930720425044272701e-02,1.307427136634633363e-02,9.532621062671145853e-03,1.791529699913945632e-03,1.885870117823609457e-02,1.114996557685885015e-02,1.463300499148117995e-02,1.314634112954458402e-02,6.889822567982936165e-03,4.641544615293496760e-03,1.225973181178164652e-02,4.488696923736145220e-03,4.631296012781511984e-03,1.817631679602997596e-02,4.282460664472771163e-03,1.250151533611072990e-03,5.848715647841768285e-04,6.496067035574256982e-04,4.946870487754818219e-03,7.669656955830745672e-03,2.157084847025236927e-03,4.534555016432816922e-03,5.309503784252325546e-03,2.041569425698912341e-03,9.920590702994626017e-03,6.053575407766256800e-03,2.705464537389746290e-03,2.635622229561776150e-02,1.029065995373194820e-02,2.260365745081730111e-03,1.581429504096934502e-02,1.665995118291018276e-02,4.725364791118806876e-03,7.765865857657432321e-03,4.839586373045476342e-03,2.087062657866886172e-03,9.940300344916446970e-03,1.338355576996022199e-03,4.002458755973698108e-03,4.244161900394650098e-03,1.783264967273449388e-03,5.537647886143386676e-03,3.026138859643157271e-03,1.601591698820114705e-03,2.175242270231857265e-03,1.858428441564490994e-03,3.321438021843327402e-03,1.016920404609096378e-02,2.233311526035879329e-03,1.432238627614531700e-03,3.822445918495621410e-03,4.741898294777225666e-03,5.069442389892502357e-03,1.384335840065377410e-02,9.256877520821882310e-03,1.785755526756496736e-02,2.321211109758340024e-02,8.202876666827681185e-03,2.983441033787079342e-03,1.039668695185726709e-02,1.654493538884786339e-03,5.075138854584872357e-03,3.485552416395710281e-03,2.068177134241738855e-03,3.514174417247003558e-03,1.004689285497206621e-03,1.061771343303507132e-03,1.230260292001341023e-03,1.234172210874270263e-03,6.440827436927101801e-03,1.566905875770323656e-02,1.442362867053999416e-02,1.689357292195439774e-03,3.919436449044140514e-03,2.456335341991893600e-03,6.594715865255305030e-03,1.600256877240207546e-03,1.048138047331163662e-02,1.034906694256601360e-02,9.974706343731126745e-03,5.660163968105807498e-03,1.233428878244930034e-02,5.707956221268328453e-03,4.142127416993992943e-03,2.888214335577047980e-03,4.452448791547316750e-03,5.715198075381510822e-04,3.785583791387771204e-03,3.942351268424700191e-03,2.640973729314528059e-03,4.775958646323580012e-03,7.232217879944524350e-03,1.028601319118373734e-02,8.954597086580787582e-03,1.607509499033932254e-02,1.867099737914665325e-02,3.015276911200862053e-03,5.484392670057247794e-04,8.666923140242347237e-03,7.634762896931876659e-03,2.966210318215513342e-03,2.633479713025227171e-03,8.810413293068451029e-03,5.266351290162048747e-03,9.213594549647100701e-03,5.761185646373201755e-03,1.560897642578213187e-02,1.495536623924912821e-03,4.336026720453477028e-03,1.302087665413129711e-03,2.532317357714794145e-02,2.755120397647210090e-02,1.021731233470451160e-02,3.393626068897913350e-02,1.610132412667740834e-02,9.046138546059361366e-03,1.715812413583078094e-02,7.804588076381869036e-03,2.398334436754451932e-02,3.279576111459700603e-03,9.934635615562677907e-03,1.735142803464174294e-02,1.051952312056109347e-02,5.628986239044196649e-03,5.815990059566534913e-03
3.448609609830856435e-03,1.284260122076716533e-02,1.426659323078315403e-02,6.767541306444674505e-03,1.580198641137407767e-02,2.345997079041761690e-02,3.544400628251084817e-02,0.000000000000000000e+00,5.876456315541280645e-02,1.058256692728369308e-01,8.249830448893071683e-03,4.988733861899741218e-02,2.415418411502546006e-02,1.204471977347269449e-03,8.897127953892703875e-03,2.716207151795185792e-03,1.215238006290927236e-02,5.657299661332356247e-03,1.022049618700692289e-02,1.923290091870476920e-02,1.377140044104347046e-02,1.155128915151844814e-02,5.194574068043966708e-03,6.271758716035938548e-03,3.629917520017217087e-03,4.659263786313910978e-03,1.971009448620217059e-03,1.227912354209253869e-02,2.873675189922548188e-03,1.546209824816226165e-03,1.074842371788128177e-03,4.156005199139153894e-03,6.087753575470203175e-03,5.224816002884668381e-03,6.728928034683443089e-03,3.336050345404724914e-03,6.143239238125510621e-03,6.936244970138573905e-03,2.203972149730634798e-03,1.939452230719931197e-02,3.516405470043317428e-03,3.349168271313364593e-03,2.583266313142017819e-03,3.509783445810259195e-03,1.683220496612137943e-03,9.028522694382423285e-04,5.068683712492726319e-03,3.434822186334747247e-03,2.150775549191380476e-03,8.269102354041129059e-04,2.787288751562182892e-03,1.723367631535570538e-03,8.929594332806416873e-03,1.310740984789209723e-02,1.077504972303152666e-03,9.671310979274663549e-04,7.233789016271715763e-03,1.617349467233265880e-03,4.382602052080908036e-04,9.358848619632598176e-03,7.546863410068471376e-03,1.407927794569948689e-03,2.745409898607586649e-03,5.615190000972145913e-03,6.127665036095321632e-04,1.925508307211589972e-03,6.222874382335610854e-03,2.034319923377504811e-03,8.458656223745197877e-03,6.590267289196361650e-03,6.836681822995332308e-03,3.229193416217403852e-03,2.778321495426307013e-03,1.768035068491541481e-03,1.722148852717001561e-03,7.413250558776889043e-03,3.662877094924076992e-03,4.656070950115331029e-03,2.716758113261935961e-03,4.770322066934996191e-03,3.504008856655270346e-04,7.370553620855809646e-03,1.953509165775834007e-03,1.299638569889587873e-03,1.948896412537940532e-03,5.443186874694084555e-04,3.424936599451350924e-03,4.449236745990169453e-03,6.000528382861841821e-03,2.915015008791427189e-03,5.317432663935867630e-03,3.256320829606917065e-03,6.568195716480068613e-03,1.007447296807879780e-03,5.667494505305280608e-03,7.486468143448873902e-03,2.279811194291121897e-03,6.651830505006862786e-03,9.434336385845070935e-03,3.740200451450303738e-03,5.631909355752138732e-03,7.746737527439574722e-03,3.056253861692018615e-03,4.438271495906771086e-03,4.279454798516857264e-04,8.224363385412918753e-03,4.178950071358249890e-03,1.121261344925940373e-02,4.271414662371604901e-03,1.229559385830570652e-02,8.545802161018325321e-03,1.385470296869205191e-02,4.273916262180727649e-03,6.847276250989350194e-03,5.284341756240180411e-03,3.099834141484042026e-03,1.087588042841341812e-03,4.921648516185089285e-03,2.304120838130428121e-03,2.478003753980539785e-03,6.046093435113541331e-03,2.311431831094056671e-02,2.862143222434946916e-03,3.668296169938953678e-03,5.323896520598251844e-03,9.614219294020395074e-03,4.409277213453829773e-03,6.476957594060299417e-03,2.285944875322868265e-03,6.005320810746677881e-03,2.259481408201714867e-03,1.114890988071331156e-02,2.031210295522564192e-03,6.126434186337346641e-03,3.227362839419780759e-03,1.433447140466516476e-03,2.258509790331570278e-03,8.771612030666443372e-04,4.839758783838779359e-04
8.527836497583506092e-03,1.699661945824364195e-02,4.864205884155470977e-03,9.553612972461903927e-03,2.115460805375311837e-02,9.586557277729066198e-03,1.996701678320507781e-02,5.876456315541280645e-02,0.000000000000000000e+00,2.641529597441054020e-02,5.981413868286708513e-02,1.225336047336633184e-02,7.785780744912219539e-03,1.349643257484250264e-02,3.245660157054164330e-02,1.106732744491166660e-02,9.234257602006752663e-03,9.394748615389459517e-03,1.852252664282206737e-02,1.508434657280502238e-02,5.919622352164791504e-03,5.970876501137621813e-03,1.064943742033909978e-02,1.835318426002418082e-02,3.007618491292151156e-03,1.852056005500269656e-03,1.813791724466845600e-03,1.513386193469662194e-03,4.063240427841213927e-03,4.937595565961529730e-03,7.712126331304846975e-03,5.289109519246702230e-03,2.688330135710636365e-03,2.040982596146915466e-03,3.395528095358785192e-03,2.833221876277733017e-03,7.858944457048884502e-03,1.067635175649096768e-02,6.519589926316395230e-03,4.903922626937906766e-03,2.473765770400809718e-03,1.897145133807866301e-03,6.668367862092992393e-04,6.067763349967315867e-03,4.660171259446180096e-03,4.870824414295456609e-03,1.967045403540361101e-02,2.789483254260815247e-03,6.001481650547518983e-03,6.298571485981776510e-04,9.981420130662974326e-04,1.141146863097326075e-02,9.465695385470422607e-03,9.682656557984326701e-03,4.206511123739889446e-03,2.185007732958415844e-03,3.187360659339058804e-03,8.640050192795805826e-04,9.422258345052661119e-03,1.632401303579434845e-02,2.314399968068498945e-02,6.361592326261301077e-03,1.796532444948088780e-03,1.400782178709559546e-02,7.403115867441730467e-03,1.397826032425701463e-02,9.239535705877672395e-03,9.216905245674105254e-04,2.224636280000694827e-03,6.018676582210872976e-04,3.831035213006136596e-03,4.751370877497877732e-03,5.479030999611617624e-03,1.985790257739742607e-03,7.454584726905688630e-03,1.005862338537155676e-02,8.580779597930359923e-03,3.047488263841771454e-03,4.610627868858013269e-03,1.895206715109857155e-03,1.315838631506704298e-02,1.189434612372416294e-03,2.309704212431391856e-04,3.603521018945151592e-03,1.349691391353456454e-03,6.919440467196395078e-03,1.204540911228773031e-03,1.400425210068473965e-03,3.043392628774605532e-03,4.463073761831891535e-03,6.588147230120188456e-03,5.995164889039742741e-03,2.585092634801485888e-03,8.307921997528758176e-04,1.228818382164531195e-02,1.210392669181341828e-02,4.409383351092355935e-03,4.735971755259277272e-03,9.207673436432013128e-04,3.185395179928807250e-03,1.607033708127776368e-03,4.265995692895750181e-03,4.657088033207083116e-03,9.142529887236219106e-04,6.666081678903293091e-04,3.057063661402372162e-03,1.506469527966744406e-03,2.645147551254147401e-03,2.737803062565314065e-03,4.668782740265198434e-04,9.371302198064293890e-03,7.564531239578564659e-03,1.150509028838660880e-02,3.747128509783037575e-03,8.973460139168156977e-03,8.729425479358335002e-03,2.339937139315192462e-03,1.466532080160736287e-02,6.091777857052491085e-03,4.289193924581573801e-03,2.733117344555792937e-03,4.295696833514156890e-03,5.223116300997798604e-03,2.084239051023928889e-03,2.973343801228722511e-03,1.597304679387228895e-03,3.223001164397170867e-03,7.929903256080677795e-03,9.631945312314828559e-04,9.201660354680021858e-03,5.542452052140251981e-03,4.882983822929345789e-03,1.625759485817509760e-03,2.584909842845697567e-03,1.036600713909546431e-02,3.171809121348740778e-03,4.880189125068764427e-03,2.608019224634590058e-03,1.785376224550078812e-03
3.105728273456954958e-02,1.043782068129739393e-02,3.547484560820940436e-02,2.361034221864645802e-02,3.440496341045156531e-02,7.493115175069424948e-03,7.692923725474953844e-02,1.058256692728369308e-01,2.641529597441054020e-02,0.000000000000000000e+00,9.930752399872046221e-03,4.413529116099101923e-02,7.238999025022517346e-03,1.799428505230809064e-02,1.872613816590128558e-02,1.118072655126471464e-02,1.448499346953423424e-02,5.443904241336217781e-03,7.244811040275969498e-03,4.169933960639956270e-03,2.616128764163175649e-02,6.069600027304187205e-03,4.492901155076388028e-03,1.181595350912298479e-03,4.331200844997534077e-03,4.219286074727445629e-03,5.091823719741596713e-03,1.853624072593805646e-03,5.292596206769388176e-03,3.029934750182632346e-03,1.372698881539106616e-02,4.130053744096339949e-03,6.694521500168524805e-03,6.255573211908834613e-03,1.016142664945764162e-02,3.388553063751320073e-03,3.183142687987027940e-03,2.546628633852307533e-02,2.324649894262632854e-02,2.136509090246776002e-02,1.461572166650504335e-03,2.930889625167363514e-03,1.609486304236502994e-03,5.175896290613321744e-03,9.892229321406636328e-03,5.922607603099798272e-03,3.721795702029771953e-03,2.557865573159553985e-03,5.493489108667883557e-03,4.352844507920573466e-03,3.928830501509621501e-03,4.527990054870516083e-03,2.197691747836977554e-03,3.901339962720787400e-03,5.282471850454373979e-03,6.309426958446811423e-03,2.207309787413699528e-02,3.062194443128224072e-03,4.432018659766645205e-03,1.305974507929538557e-02,8.005127700753523687e-03,1.570822282817812068e-03,2.514892841152617520e-03,8.662136231833086550e-03,1.516699992204031001e-03,5.704971465058905969e-03,1.288642128563232889e-02,1.089657431051486471e-02,1.151848887543791000e-02,2.467853695034010267e-02,1.217492039104884835e-02,9.068061390387131132e-03,9.273545334415163321e-03,1.208966942988943562e-03,1.143188018119743613e-03,1.390527626193450517e-03,1.147225668880036409e-02,3.162134425841434636e-03,1.024959561750320852e-02,1.366389063309585324e-02,2.189488401470375024e-03,1.006618947953236143e-02,7.843318439822418234e-03,4.880960396440144761e-03,7.395068086022258194e-03,1.108351552646666058e-02,2.332907013123347844e-03,4.522105447058956916e-03,1.612611943176637174e-03,2.411156156174494147e-03,2.291158244542114593e-03,5.992986046780230357e-03,2.858717793049267951e-03,1.501829170608351936e-02,1.143320909571977559e-02,4.131023360755037115e-03,3.888746247566127190e-02,7.207825567580442884e-03,3.179666002845758181e-03,5.033547309264673961e-03,1.026926623064768063e-02,3.168075216753885905e-03,7.841730364130395856e-03,3.552973826528149810e-03,4.372853006876452862e-03,1.291739556201651441e-03,2.158132609848784425e-03,3.640872553453864627e-03,2.645830185086235024e-03,5.191414129155550068e-03,1.110154662992512975e-02,1.983304917893192673e-02,8.948235208987236717e-04,9.512118332555273212e-03,3.110046070429493825e-03,3.178062553279459995e-02,1.582187998364820505e-02,1.475005373589786430e-02,4.101506335492850763e-02,1.772043120795209134e-02,3.449338558673191446e-02,8.744435952843550644e-03,5.768127166428472195e-03,4.815265399586692724e-03,2.433023824024088330e-02,8.613694774393974157e-03,5.340628916981684203e-03,1.268217597009556677e-02,5.963965260296944480e-03,6.379575146570255241e-03,9.454352832938587095e-03,1.392170978248533260e-02,5.159467830222175776e-03,4.201985326041863741e-03,1.683657051374134192e-03,2.291395414150142890e-03,7.992612111721234111e-04,1.037636209404892281e-03,2.000226816146363513e-03
2.635843719032334581e-02,2.318728181903509118e-03,5.272925652023415649e-03,2.043697437394683195e-02,2.209449103734870828e-02,3.586500795545955605e-02,5.118349220891773091e-03,8.249830448893071683e-03,5.981413868286708513e-02,9.930752399872046221e-03,0.000000000000000000e+00,1.550499889273642892e-02,6.129413483300786419e-02,8.564627489067989236e-03,3.827134544763619028e-03,7.785519848246978160e-03,1.223098139524905889e-03,9.241713701176643798e-04,5.729247525804512589e-03,2.948504578275144578e-03,3.425628916722855966e-02,4.848276484839126634e-03,5.958098735004883559e-03,1.093842571087499937e-02,6.831823064344507909e-03,4.044022071042933236e-03,4.741589533804746980e-03,9.524934480821693750e-03,1.059347879551725616e-02,2.763189650887156769e-03,5.056017787713753056e-03,2.414402682697214600e-02,7.296134296881194234e-03,1.648031334395740066e-02,1.337798375227325365e-02,1.908836115673846062e-02,2.269214482387494833e-03,3.164038307858902527e-02,2.174156540502365093e-02,1.822544508059087756e-02,3.819084593731714335e-03,7.276842688401558359e-03,2.054379775853285538e-03,3.747837249993893598e-03,1.655945052360876385e-02,1.988505176123787910e-02,7.252968786934005201e-03,3.373891838782860832e-03,2.847533430687035263e-03,1.483059506725505419e-02,4.854918156645587728e-03,1.451556344551144673e-03,1.946672923056419697e-03,6.065515259748481026e-03,4.907764710610012897e-03,3.747088908210203639e-03,1.733523323513327941e-02,9.885457898144900304e-04,1.606044761729768719e-02,2.646488271755734895e-02,1.084258480848556035e-02,1.625759080515403214e-03,7.044978011743234340e-03,1.046021127175499749e-02,4.215229096739049088e-03,1.009554792239009818e-02,7.064248693476160579e-03,8.252206989386227237e-03,6.980316719942128781e-03,2.242748306715797862e-02,9.537559124568011429e-03,3.881753379814072494e-03,5.136512447221253282e-04,5.753474738714036731e-03,5.481733115591936115e-03,6.678407711992241994e-03,7.308795263722273061e-03,5.842860298923164067e-03,4.355338229562849030e-03,1.306844715830483795e-03,5.922194613917385227e-03,2.282692977262081816e-03,2.520283125978635842e-03,3.788263568748054342e-03,2.697622210390777497e-03,2.982425020494182660e-03,4.707594435539279179e-04,9.777118932202543029e-04,5.009274620369350700e-03,3.117788101501359644e-03,6.694318007699002343e-03,9.728452514371304510e-03,3.859420949926869494e-03,5.585027396663473122e-03,7.139677258263389496e-03,5.596594748905563306e-03,1.763805669959098155e-02,5.205868491458620975e-03,5.658194639376948158e-03,5.352809727397158171e-03,3.224145562864884785e-03,1.708021165355869944e-03,1.761091612388432934e-03,5.515293501225216168e-04,4.246221645887960847e-03,5.433643513912610537e-03,5.116419858930063881e-03,2.798733596503988862e-03,7.613858202439675524e-03,5.466250225289023303e-03,2.040662957617617960e-03,1.835363606253238378e-03,1.596420723182534127e-02,1.841873139563461213e-03,8.851523929414113409e-04,6.841943093716690294e-03,5.332284248277318478e-03,5.984141910003953381e-03,4.478308994285432922e-03,8.136291221716629787e-03,1.863177712397976610e-02,1.940899296933020629e-02,1.035507942992491132e-02,6.728636985656820564e-03,2.102689205671583877e-02,1.114978525824848569e-02,7.238212416297373254e-03,1.091839652884695269e-02,1.774763872374177445e-02,1.554968378982840224e-02,1.165822336451992000e-02,3.110115366716301871e-02,1.553955948692644935e-03,3.786605705708679173e-03,4.198053696349975279e-03,1.281628750424425485e-02,4.861450223684933222e-03,4.583810955652326165e-03,3.365867324402004642e-03
