0.000000000000000000e+00,1.007531900109991455e-02,3.742667475051912607e-02,9.665627380727070950e-03,9.214544567853102941e-03,2.395033169572103812e-02,3.876402377754095945e-03,3.716936892153702154e-02,1.342037386779746863e-02,2.669357850200427748e-02,3.664599624420086538e-03,1.949075159819932054e-02,1.107473059393635634e-02,8.164752146981993364e-03,3.232019572392211965e-02,3.049178632023729490e-02,4.835531404214556822e-02,2.305837131091047557e-02,5.003659162567553054e-02,3.707172029237518901e-02,7.412551695196240020e-02,1.263889238626299816e-01,3.005622725816048044e-02,9.756173421705011117e-02,4.134472489326702915e-02,7.494946159793668475e-03,5.901680554022555557e-03,5.423544941693974469e-02,1.295768125302570149e-02,2.359257994026674795e-03,3.529229723505190874e-02,7.813875048477806479e-03,1.306965564607342339e-02,5.718377172971567807e-03,1.041672116572495317e-02,1.699734898868246122e-02,6.337147463823703843e-03,2.206403753274839910e-02,7.562861595693307765e-03,1.386035348859733507e-02,1.994458866083984733e-02,1.282512698782489573e-02,1.483972949844571294e-02,2.285845407120123268e-02,1.704964559682070960e-02,1.327809566082964465e-02,2.694067230380179419e-03,5.515783876890542614e-03,2.941456928956274596e-03,9.455453442878207146e-03,4.470404498398048397e-03,4.321379502705053124e-03,8.006736289630988004e-03,5.216048167651924500e-03,1.616767904338573501e-03,4.306593936813675298e-03,1.037147529065222430e-02,7.222408433012496992e-03,1.489872235614546868e-02,1.522643489360849152e-02,2.312037872718057663e-02,3.558600348548315168e-02,1.089251241861732312e-02,8.039912578510777230e-03,1.944135961496587170e-02,2.082023441149752699e-02,2.009990101811370139e-02,6.448343968359243096e-03,2.101602231694723894e-03,1.857933859829673587e-02,3.878166683483240222e-03
1.007531900109991455e-02,0.000000000000000000e+00,3.325991892069544292e-02,1.178970281752955880e-02,8.648632393619151010e-03,2.095216950765986866e-02,2.202784499280119324e-02,2.819271986053665732e-02,2.463149094975235903e-02,3.653124417615606634e-02,2.318378284813244275e-02,1.903333933438896425e-02,1.369062729576494587e-02,7.047847266622489157e-03,1.712802904446304036e-02,2.029512674779643949e-02,4.780986533926612214e-02,4.518216621161139784e-02,3.407781718735983234e-02,4.733272094575552424e-02,7.895789643677707248e-02,8.730460481898860703e-02,3.381817338890368702e-02,1.088721965098492228e-01,1.000717389055886045e-02,1.712948108466289324e-02,2.988766955413760598e-02,3.364713478952169323e-02,1.028433719741268272e-02,2.136868550253677099e-02,2.708432944476102389e-02,1.585216886964340224e-02,1.591870451672299826e-03,2.231554608264527464e-03,4.338554589939037399e-03,6.142978944874102031e-03,4.396123558388885522e-03,1.205884096578672439e-02,7.415023553858308795e-03,6.509343063700870000e-03,2.297227062078210577e-02,1.233758891570262486e-02,2.049299087471239539e-02,2.818127979097940355e-02,1.483062050200156107e-02,1.808196466272980751e-02,8.228075168555155569e-03,2.832265632208175610e-03,6.995317775774534050e-03,8.077300234021327421e-03,2.633892218274386590e-02,6.728467045982711690e-03,2.695421408432803478e-02,2.947643782288907055e-02,1.341622118342801484e-02,1.480234234156078965e-02,1.015380239979499048e-02,2.109326547335225663e-03,1.067540337360918350e-02,3.543743957768660108e-02,6.800284949440365927e-03,2.721019973279949905e-02,4.220737661081781084e-02,2.476112400043021383e-02,2.851206733654135239e-02,4.032226542661814656e-03,1.181260870944317830e-02,2.378600416717533209e-02,1.539998097440532787e-02,6.951804909237538355e-03,1.123553583177900467e-02
3.742667475051912607e-02,3.325991892069544292e-02,0.000000000000000000e+00,8.145080983639921279e-02,3.125754255330542158e-02,1.179247967414985727e-02,2.048601112117525228e-02,3.674017081409392677e-02,2.372537669677030753e-02,2.532800577685349538e-02,7.094767410133607718e-03,2.235661797561912592e-02,5.527407686654216799e-03,2.028771024245019233e-02,2.358188753544957633e-02,2.726207782470740915e-02,7.376983798894451438e-02,6.072161025166655790e-02,7.814811652462587410e-02,8.438821806461312136e-02,1.042422451760785379e-01,1.394800090368304157e-01,1.122658636475743765e-01,1.018509520064911078e-01,9.487913211872968378e-02,2.563086821744546898e-02,2.647779207864884438e-02,8.867228849894588649e-02,3.298228757772207059e-02,1.741694516035772328e-02,5.061458492295341921e-02,1.016432554273215792e-02,4.358234073094160825e-03,1.268607312772555840e-02,1.605719553811011877e-02,3.564864827700819916e-02,2.317037312521276482e-02,2.672638893743694427e-02,4.024470725460117804e-02,2.167599706337747234e-02,3.075503892487661123e-02,4.125061846897762341e-02,5.072378836657644857e-02,4.407568701139093215e-02,1.879098973225919872e-02,1.704077801309011528e-02,1.646696463674860930e-02,3.468682873807612393e-02,2.471813624819104230e-02,7.854739397924288477e-03,1.615166929693582359e-02,1.430018543561641445e-02,2.376600444402670112e-02,8.595711657567433467e-03,1.739809372139979049e-02,1.094631287367476766e-02,1.258222031256496336e-02,2.637617777652520590e-02,4.040917799978158143e-02,2.114923224011942566e-03,1.777332237449632049e-02,1.087693463962762126e-02,2.788565985243596917e-02,3.021626678005926228e-02,2.905220205770235944e-02,1.049638127119027244e-02,2.728120727114738756e-02,6.502942393999371594e-03,3.252670863290222768e-03,1.274610643501171946e-02,1.356414815370907481e-02
9.665627380727070950e-03,1.178970281752955880e-02,8.145080983639921279e-02,0.000000000000000000e+00,3.279849239617634027e-02,6.180053677867426015e-02,5.050291383208803386e-02,2.863711737476225261e-02,1.937922075494380447e-02,3.745532931890274003e-02,4.609424783925094443e-02,4.366865498360678749e-02,3.675837677471225501e-02,4.862386308684605446e-02,3.743127889503568978e-02,1.257450440357213706e-01,7.715826479225955381e-02,5.257376087633371109e-02,1.061574301344581500e-01,3.642039911894778131e-02,9.968850834753845147e-02,1.213710960251345727e-01,3.099954649646316160e-02,8.934309949140301077e-02,5.578819649075864723e-02,2.806021782632347333e-02,1.287523564582933842e-02,1.204872660273829943e-02,2.297649924624952864e-02,1.346035872941499581e-02,7.614671156925963483e-03,4.486116558767317200e-03,2.184831498839186464e-03,1.255197212691490025e-02,2.229886910076236094e-03,4.622447516835282919e-03,2.626192977924722820e-03,9.043208928386371748e-03,1.437070030964775810e-03,4.316871750047711342e-03,1.083718648976917352e-02,5.428698200296254439e-03,2.189645997817444428e-02,6.467242836913143604e-03,2.113912902532756599e-02,2.322146266950115071e-02,2.262320320262248968e-02,1.272691710249597777e-02,9.894715857730787545e-03,3.935916059659445854e-02,2.174920895982086072e-02,4.646171255455389115e-02,1.397847918577530511e-02,2.834737021325148265e-02,2.049990638236678236e-02,7.903762064768964438e-03,1.536441645066491911e-02,4.289245795036867627e-03,7.075210523369850242e-03,4.863502430938202586e-02,2.444851017873202886e-02,5.850872877134600386e-02,1.475912931443561747e-02,2.021651621815341235e-02,4.488878202388174588e-02,1.062226928659753579e-02,2.726150858898925000e-02,2.292571700976148152e-02,3.120805755793703597e-03,1.164644218601667593e-02,1.009989803179777053e-02
9.214544567853102941e-03,8.648632393619151010e-03,3.125754255330542158e-02,3.279849239617634027e-02,0.000000000000000000e+00,2.506852116452674625e-02,2.426022415316732989e-02,4.078725832120257827e-02,2.163906995610917830e-02,3.595892726192191635e-02,1.301938989488907877e-02,3.112990383838013311e-02,1.712149013561039754e-02,6.468878132193936481e-02,5.762149547582816334e-02,7.274791446888238811e-02,1.028377635153663039e-01,6.546273469352444085e-02,7.523940736350050174e-02,1.062697870311593296e-01,8.217224641558699971e-02,1.851860494688186698e-01,6.885802837935475762e-02,1.302792476024774992e-01,3.227048062010582502e-02,6.670385987566521645e-03,1.838441690959755417e-02,3.897732531003494233e-02,6.939742811352821346e-03,1.397994290475320853e-02,3.061397237682635455e-02,1.897677392957523163e-02,1.346735838051955382e-02,8.320615200482890661e-03,8.631923099207688618e-03,8.997166725155542402e-03,1.434149611655162731e-03,2.250081711159499648e-02,9.698256050579754511e-03,3.281777150327403608e-02,2.872487713600991102e-02,4.671381934730112206e-02,7.917312068992711505e-02,5.192484064070061744e-02,7.189467041582478513e-02,2.309958645882819600e-02,6.425950710195879254e-03,1.555089706302454494e-02,1.847303902059442560e-02,3.707272905265434487e-02,1.635982839075744016e-02,5.039192555891357228e-02,2.490364563791889335e-02,1.622065159340145210e-02,2.830603909367855955e-02,1.968209881635398645e-03,1.485444583454246029e-02,9.827906060537003764e-04,9.218842681394607066e-03,4.342696605399919835e-02,7.628434840260016857e-03,2.902581020473636586e-02,7.431112713677822702e-03,1.537657329634427653e-02,3.596523710504260368e-02,3.754773081996610334e-02,1.634626045909760503e-02,9.826436634372822526e-03,6.878979038807716065e-03,1.270989986001050918e-02,1.042135511597330234e-02
2.395033169572103812e-02,2.095216950765986866e-02,1.179247967414985727e-02,6.180053677867426015e-02,2.506852116452674625e-02,0.000000000000000000e+00,4.897324284016310592e-02,9.187795349613743501e-02,8.862743132899950776e-03,7.649445181796112048e-02,1.837185882133514706e-02,6.865076295885884361e-02,1.263608654658350886e-02,8.431515473473130684e-02,1.428145539029584965e-01,6.250143705726630972e-02,1.963709472375277099e-01,5.792633527435819135e-02,1.132150927118437400e-01,2.058356389887456284e-01,7.378346256945136905e-02,1.994478161634225255e-01,1.167663361013796114e-01,7.893823721361287182e-02,6.048603877598933420e-02,8.488527658467893977e-02,1.522607029011006224e-02,7.791674915698382220e-02,7.075289410134420753e-02,1.322658404148672681e-02,2.532632986735735073e-02,2.124651606814140139e-03,2.343357381424243310e-02,5.799652549444240732e-03,6.908001652759843125e-03,4.591078914874212151e-03,1.275076220796827163e-02,3.918601111589806174e-02,1.091816492183257659e-02,6.139156053312531947e-02,2.552397567788173421e-02,3.775265501354994196e-02,4.665206382101502042e-02,2.175655865446971329e-02,4.287113424658799132e-02,1.290445540477513399e-02,1.262728523210716013e-02,2.604190538333010785e-02,8.738027763748879018e-03,3.296662509350752057e-02,2.889825151340454437e-02,1.496488989596024555e-02,4.065228173335029560e-02,2.453408331019624536e-02,1.171702519549155767e-02,2.182053059149567393e-03,2.267558502349515965e-03,2.561964270358300325e-03,1.290074651670518324e-02,2.724223791048517238e-02,5.832646551237584583e-03,3.617566989189113097e-02,5.009010118151081305e-03,5.946766842568155034e-03,6.758529204333682538e-02,7.178406996596463363e-02,1.437901810947881352e-02,3.608252055961184979e-02,2.516528708941203826e-02,7.596820604374478203e-03,8.766082886991674247e-03
3.876402377754095945e-03,2.202784499280119324e-02,2.048601112117525228e-02,5.050291383208803386e-02,2.426022415316732989e-02,4.897324284016310592e-02,0.000000000000000000e+00,1.272591587789622947e-01,9.640226400877793811e-02,8.045427065684232493e-02,9.104746433420231322e-02,8.822595398847879467e-02,1.356944099071798367e-02,1.422317005140629476e-01,9.593444136476428352e-02,1.621712234604783254e-01,2.179703991630405346e-01,8.987059050938371596e-02,1.829103140276744921e-01,1.009327022794472006e-01,5.437495749584132787e-02,1.386303989270217529e-01,3.121945368399608664e-02,6.751255418161186683e-02,9.178284212170992676e-03,3.475862904606238230e-02,4.080717011936232930e-02,1.842596938380806166e-03,2.445579689738928281e-02,1.972086065184650017e-02,2.906836728978919645e-03,1.156051544543950683e-02,1.538747059733247199e-02,7.024653915637783536e-04,2.231599566689813473e-03,1.894631227817237867e-03,5.070218380312328105e-03,1.266058359985593011e-02,3.550340829361378105e-03,1.874924545110112292e-02,1.499848821375415753e-02,2.549645836768601667e-02,2.352708093601831030e-02,1.367563378499512400e-02,3.652758486129577958e-02,2.902934134661044191e-02,3.682660377503046978e-02,4.345761588401848841e-02,5.910912488347046939e-02,7.450138840829853559e-02,2.376351483582175503e-02,3.696372453100617295e-02,1.540626282366579919e-02,1.081462955385350394e-02,1.807761827319914402e-02,4.922528564293609035e-03,4.691969546407008008e-03,1.216661437383105386e-02,4.118802882111183977e-03,3.202127880073516591e-02,2.257699298531918100e-02,8.945589820494902200e-02,2.447947849038663998e-02,2.101748653204939254e-02,8.718011365306286425e-03,3.962233937066900885e-02,1.986819645159813505e-02,8.611232607857614851e-03,8.549658269299037841e-03,6.487494365614891560e-03,1.458733303683468728e-02
3.716936892153702154e-02,2.819271986053665732e-02,3.674017081409392677e-02,2.863711737476225261e-02,4.078725832120257827e-02,9.187795349613743501e-02,1.272591587789622947e-01,0.000000000000000000e+00,5.547471522976066272e-02,1.081002340191267036e-01,2.294142032912204962e-02,9.553599370479880226e-02,6.848835420428267540e-02,9.939283069844662144e-02,1.972197244596252674e-01,1.074374934487895422e-01,2.334487109374560054e-01,1.275928552334636978e-01,9.574733932623473442e-02,2.355782044831896960e-01,1.134527990906747386e-01,1.744041714706200397e-01,1.062965722037036154e-01,1.492500719998041958e-01,3.489106015921208254e-02,1.314282862752494743e-02,8.520129721192258240e-03,5.988457863502992529e-02,2.143716282889311306e-02,1.053286934918091708e-02,1.763997611046260600e-02,1.593125120528777680e-02,2.237694512357437868e-02,2.565857932476490674e-02,1.942221801031788347e-02,3.007879148090492755e-02,2.384778773635115243e-02,6.539244119364359675e-02,3.160849660117073801e-02,6.306037274921993951e-02,4.723467485732992660e-02,4.250145547582610817e-02,6.335096583894979372e-02,3.439881587941844704e-02,4.783280190102811441e-02,3.229844006563657027e-02,1.546422377691409819e-02,4.315066688102341813e-02,3.970203163668727803e-02,5.853083528624179743e-02,2.635248742210171899e-02,6.544049587438439952e-02,1.717915014634350049e-02,1.838015222150870057e-02,2.056613758334785436e-02,8.816227362833453651e-03,4.622577499373421023e-02,6.500060121176499603e-03,3.501300435925544519e-02,3.680063296413926301e-03,6.734715774820641300e-03,4.317185819823352727e-02,9.979128924126542954e-03,1.929029134867808748e-02,4.767797966751435162e-02,5.891972304567002355e-02,8.238861000913831611e-03,6.014763161477030759e-03,2.096926150559721980e-02,7.564033365720842020e-03,1.259067512892642852e-03
1.342037386779746863e-02,2.463149094975235903e-02,2.372537669677030753e-02,1.937922075494380447e-02,2.163906995610917830e-02,8.862743132899950776e-03,9.640226400877793811e-02,5.547471522976066272e-02,0.000000000000000000e+00,1.071300705940112785e-01,4.188163222298060123e-02,4.743855988946377167e-02,6.287885618179368807e-02,2.546252685118364223e-01,2.390183554521436438e-01,9.390743012360412700e-02,2.929534520104575268e-01,1.091339351107783601e-01,1.460028797085026198e-01,1.512172000391968363e-01,4.044036794434954785e-02,6.827078852595430680e-02,3.519743928878814321e-02,3.869985752899383902e-02,1.455415226881594509e-03,1.893328033058924026e-02,1.446140192381662089e-02,4.765096538974307461e-02,3.509698992615587626e-02,8.923103747547277489e-03,7.442823240280537107e-03,4.034244013631570897e-03,2.002214606778213168e-02,1.246562957638755291e-03,5.764821496514745819e-03,9.614743311438953000e-03,5.353214828387019807e-03,2.129396058048462284e-02,2.604382903694031637e-03,1.780262918528001392e-02,2.030495306963572485e-02,1.127114006595037951e-02,2.386510061732978125e-02,1.482778646036041030e-02,1.275731867346818933e-02,1.501514247684400394e-02,1.564573312182413259e-02,4.278090184082902758e-02,2.819025736727017242e-02,2.315284220383851538e-02,4.340130819007243651e-02,3.354254370159994586e-02,1.929282190101812289e-02,2.005626395156970623e-02,1.841938547091144171e-02,9.524349929779742444e-03,4.435567836703149108e-03,2.500531242314533303e-02,1.222764833487229030e-02,8.509867246082164147e-03,2.233248296270744920e-02,4.509330298486688426e-02,3.053636388958545084e-02,1.450780144246848098e-02,1.724124095423612210e-02,5.042914741899505449e-02,7.141987849516768377e-03,7.234106672450382400e-03,2.664671277729554685e-02,3.497032779876880701e-03,7.249996706070271565e-03
2.669357850200427748e-02,3.653124417615606634e-02,2.532800577685349538e-02,3.745532931890274003e-02,3.595892726192191635e-02,7.649445181796112048e-02,8.045427065684232493e-02,1.081002340191267036e-01,1.071300705940112785e-01,0.000000000000000000e+00,7.673806548666529947e-02,1.022812898995259789e-01,5.015855965904245789e-02,1.806583590274498941e-01,2.256142560802929242e-01,2.106648099007952246e-01,4.758910230620163606e-01,2.533267291782482777e-01,1.711335220212862607e-01,2.845109728168491170e-01,8.860860673245225805e-02,1.027537489335204196e-01,8.806149826763377819e-02,1.224595042053848032e-01,1.368764794724607915e-02,2.611548341107716720e-02,1.088611828588380119e-02,5.146318835125356789e-02,2.863938321591686514e-02,2.013088710371531420e-02,2.629059005190257509e-03,1.350081017947667508e-02,4.230534577049588005e-03,3.370441369866367110e-02,2.082266442519989380e-02,2.232276215236388139e-02,2.469998287104292409e-02,5.865926590432880838e-02,1.891210356333616546e-02,8.890347804565518208e-02,4.105941968168600603e-02,1.798851792583866169e-02,4.333057631033549600e-02,1.518753054645107826e-02,3.308467474917864415e-02,3.067752883405529610e-02,2.145091186564017025e-02,5.847268647447189521e-02,2.842404442723622110e-02,6.196965555709271073e-02,1.955560367744412290e-02,6.323437259679963451e-02,2.819421890276996995e-02,5.092037448274520234e-02,3.147689960635212392e-02,2.282238411952064103e-02,5.146415857427724672e-02,9.897733948226348707e-03,2.835679490911558256e-02,5.383252450671849494e-03,1.526599462538989066e-02,7.393529664335939111e-02,1.082304915248303440e-02,8.306752388910732324e-03,1.920964706121067525e-02,3.255144817492543891e-02,1.593256425831057407e-02,1.251369539640528536e-02,1.004031119474774886e-02,1.089092804153412967e-02,1.677509777000853533e-02
3.664599624420086538e-03,2.318378284813244275e-02,7.094767410133607718e-03,4.609424783925094443e-02,1.301938989488907877e-02,1.837185882133514706e-02,9.104746433420231322e-02,2.294142032912204962e-02,4.188163222298060123e-02,7.673806548666529947e-02,0.000000000000000000e+00,1.003215341670572885e-01,1.097046825064394576e-01,2.271940876447910984e-01,3.259161682258703285e-01,1.369416250922677603e-01,2.562190019691829579e-01,6.240685970503078578e-02,6.720633067204229150e-02,1.323083283150258416e-01,2.542738280255965599e-02,2.765132431413288433e-02,9.166940372552671856e-02,1.068882661443886807e-02,3.189657725009212297e-02,5.652115595169264484e-02,1.439831183198132976e-02,8.381410332475658365e-02,8.373461069797419332e-02,1.270485913522509738e-02,3.269375329486227943e-02,3.270886485230919006e-03,2.977346698224449945e-02,2.072161127552796332e-03,9.820756873700910161e-03,2.833230847351527869e-03,2.139652609696182650e-02,1.903348361426129842e-02,6.519326252646511118e-03,2.644508297946275219e-02,9.242887214974643967e-03,3.531848875799256660e-02,3.381767036719103559e-02,1.274881892625328618e-02,5.382465715789519489e-02,4.002514725540435442e-02,1.299365448625955377e-02,1.947458341526177653e-02,3.085966409673981253e-02,2.118500720754154173e-02,6.188339104781481748e-02,2.824657877307564999e-02,2.094743785994523932e-02,3.610194050468774202e-02,1.461037057164277404e-02,1.193989607520340099e-02,8.248383171542984435e-03,1.262588165554815768e-02,3.758367774326026780e-03,4.948978837538153992e-03,1.460141916693505348e-02,1.119764666585768877e-02,1.146770217473929397e-02,6.641999990485064620e-03,6.442247551859130172e-02,6.440885684158349778e-02,1.638659656382176338e-02,2.271738401523793957e-02,5.182896742622993685e-02,1.267041496674268901e-02,9.381112471733673436e-03
1.949075159819932054e-02,1.903333933438896425e-02,2.235661797561912592e-02,4.366865498360678749e-02,3.112990383838013311e-02,6.865076295885884361e-02,8.822595398847879467e-02,9.553599370479880226e-02,4.743855988946377167e-02,1.022812898995259789e-01,1.003215341670572885e-01,0.000000000000000000e+00,8.722564587960118798e-02,3.837238626059814028e-01,3.024142521134078332e-01,2.799263257211986322e-01,3.649318904383566653e-01,1.030394262281020407e-01,1.846959165478874176e-01,2.061857406346750410e-01,6.492151965767656296e-02,1.324028380191315801e-01,8.443671837789729073e-02,8.591849058798570193e-02,2.240273278775059898e-02,7.866800549815594276e-03,1.025354296579585565e-02,5.465575365038590622e-02,2.293494072764867830e-02,2.327529975912744423e-02,5.182214318959578458e-03,1.363663769542456349e-02,7.546480330333421582e-03,1.568133650947335644e-02,4.753547812398397146e-03,8.962840451250002338e-03,1.263338595507890703e-02,1.758463655598101194e-02,1.002489295557575967e-02,4.323459246734479705e-02,2.803340783650861909e-02,1.243817208387392077e-02,3.176599221491492597e-02,5.438809455569843312e-03,3.401428888264952655e-02,3.254751659672697889e-02,1.192821784883955731e-02,3.815528194325776279e-02,2.623352778531841054e-02,3.598461987884899599e-02,1.466490803627905175e-02,4.958677537713015310e-02,3.703636027853049462e-02,2.241790796684969139e-02,2.052016536484209397e-02,1.423224471728540275e-02,1.591714011492490963e-02,1.883057459948472151e-02,1.836139014839573494e-02,1.602456863521500158e-02,9.876653142135542046e-03,7.466843688226093567e-02,1.790077214311307230e-02,1.282041786606667212e-02,1.446400267098345814e-02,5.035186375931053476e-02,2.010971731242795768e-02,2.105459679754381058e-02,1.727982442089952969e-02,2.540777659531604296e-02,1.908620325738311085e-02
1.107473059393635634e-02,1.369062729576494587e-02,5.527407686654216799e-03,3.675837677471225501e-02,1.712149013561039754e-02,1.263608654658350886e-02,1.356944099071798367e-02,6.848835420428267540e-02,6.287885618179368807e-02,5.015855965904245789e-02,1.097046825064394576e-01,8.722564587960118798e-02,0.000000000000000000e+00,2.001958859591209394e-01,1.364206454162044391e-01,2.598626378920703139e-01,2.201221716719324040e-01,2.741518203910429663e-01,1.392113271422939225e-01,8.775090517756146957e-02,4.596865887142077833e-02,4.989334616634821806e-02,1.085145339595913194e-01,1.004199352096496328e-01,2.906942404195484927e-02,1.010289576935570130e-02,9.849396682237568368e-03,5.523068112075052438e-02,1.972418244807174620e-02,3.748350685187478055e-03,2.141317035403314181e-02,1.823074189925455099e-02,4.905315210769926187e-03,4.461980441828901356e-02,1.318526376562452473e-02,1.476702174841823534e-02,2.992054600326618519e-02,8.850138048678591121e-03,2.919063361765541001e-02,2.249505287107546325e-02,7.926588066682883904e-02,9.343372045000493745e-03,2.494444506337397185e-02,1.484834348756543070e-02,1.785177231888144742e-02,5.675953687009229615e-02,2.205247196277744168e-02,2.484820615276555483e-02,1.755588909014629134e-02,5.604437121458395732e-02,6.224885100847425690e-02,8.005275301985241565e-02,8.240046406336268281e-02,9.315653210832749997e-02,5.868474015402470878e-02,4.322065622368413684e-02,1.902210227573841034e-02,2.073480295242713378e-02,2.461534021398902039e-02,2.502203931933318776e-02,3.404333467007683665e-03,1.795896929039605266e-02,1.531254360439457569e-02,5.208595966658348744e-03,6.843335518097026088e-03,3.058822044254625935e-02,3.396407508781697226e-02,6.172699062988180885e-02,3.036008227581431240e-02,4.658436393389250169e-02,6.058458860613485930e-02
8.164752146981993364e-03,7.047847266622489157e-03,2.028771024245019233e-02,4.862386308684605446e-02,6.468878132193936481e-02,8.431515473473130684e-02,1.422317005140629476e-01,9.939283069844662144e-02,2.546252685118364223e-01,1.806583590274498941e-01,2.271940876447910984e-01,3.837238626059814028e-01,2.001958859591209394e-01,0.000000000000000000e+00,5.219536760561316324e-02,6.152679841992110023e-03,1.490178109637654014e-01,2.362077366926706445e-01,1.864961581971056118e-02,2.015320059323039981e-01,6.856476685925611686e-03,1.641841696660313599e-01,3.258726154034893852e-01,8.977101349252794571e-02,1.403266980558259824e-02,1.219488031924516672e-02,3.518220393112427846e-01,1.461637112376284742e-01,3.510440313569520698e-03,1.267407710532688636e-01,9.595068432361841815e-02,7.671063507027905438e-03,3.778056247484788861e-03,9.821643324115411286e-03,7.042101389124784741e-03,3.327429798405313888e-02,5.233821854615026276e-02,1.522557026574868251e-02,8.268733069602261787e-02,2.566644193446561070e-02,6.742467126673318267e-02,3.493175658188258509e-02,2.798703957953830798e-02,5.713490634715371469e-02,1.824992548051718871e-02,1.392320220466588925e-02,3.815370186763995114e-02,2.174328858909229528e-02,3.842319632682705821e-02,2.234168754183181796e-02,1.878481162049277717e-02,1.126699788271016620e-02,7.041231389080933323e-02,3.520437375879589131e-02,1.262352360359352867e-02,2.401613472445916428e-02,2.720817001899342169e-03,2.751270789426445845e-02,1.823348036000513664e-02,5.704617253588364217e-03,6.617587806359113978e-02,1.187928361542855277e-01,1.129128361465808472e-01,1.654567882912593990e-01,6.316779862068665208e-02,4.910423052047626497e-02,7.673103136100883730e-03,2.637999334056798442e-02,1.174131414942244760e-02,2.143426882486045536e-03,4.170102853683226724e-03
3.232019572392211965e-02,1.712802904446304036e-02,2.358188753544957633e-02,3.743127889503568978e-02,5.762149547582816334e-02,1.428145539029584965e-01,9.593444136476428352e-02,1.972197244596252674e-01,2.390183554521436438e-01,2.256142560802929242e-01,3.259161682258703285e-01,3.024142521134078332e-01,1.364206454162044391e-01,5.219536760561316324e-02,0.000000000000000000e+00,2.982136313459134436e-01,7.101325559050601643e-02,1.757422125482305808e-01,5.218822265381348885e-02,1.618665736929379012e-02,1.297502444757448747e-01,3.287630965925423254e-01,4.970100862140070658e-02,1.617448738613575659e-02,2.736080315321716694e-01,4.124570013409320501e-02,1.144119366425662282e-01,4.122436692754501489e-03,5.830559755980582043e-02,7.903928265843464251e-02,4.650769853938871781e-03,8.468633003779278690e-03,1.744371395750520014e-03,5.698237579678862297e-03,7.269759798026933367e-04,5.307575948933721671e-03,7.993407767722325282e-04,2.201844783930078167e-02,3.869311120379867377e-03,1.464813937875256850e-02,3.261768554186948027e-02,2.980251380769841432e-02,3.575036098327324940e-02,1.268045899652790222e-02,1.110178780753255517e-01,9.732488568326791087e-03,1.191234962602913568e-02,1.845023189049553591e-02,1.907261775290355552e-02,1.223818284297874780e-02,1.892044584627371184e-02,2.179569963259616466e-02,5.066719818616393506e-02,2.851867901017661813e-02,1.471970807620527275e-02,2.215989586582833501e-02,1.426121022843578577e-02,7.653514766189353433e-03,2.693000330628103622e-02,5.625812941119693461e-03,6.811232523422764730e-03,5.016357909407157672e-02,4.093716808794079648e-02,7.602679997925543276e-02,1.353404747651713869e-03,9.069179232627774812e-02,1.757668210793346050e-02,2.388795154818682161e-03,1.710501419736887296e-02,6.385266065125039595e-03,7.978078419357907116e-04
3.049178632023729490e-02,2.029512674779643949e-02,2.726207782470740915e-02,1.257450440357213706e-01,7.274791446888238811e-02,6.250143705726630972e-02,1.621712234604783254e-01,1.074374934487895422e-01,9.390743012360412700e-02,2.106648099007952246e-01,1.369416250922677603e-01,2.799263257211986322e-01,2.598626378920703139e-01,6.152679841992110023e-03,2.982136313459134436e-01,0.000000000000000000e+00,1.737531672334840238e-01,6.976242943771157612e-02,2.409536254548942311e-02,7.127318443093383360e-02,3.256238999981885263e-01,7.283525205985821871e-02,1.809326401081360891e-01,2.068333092159079234e-01,2.375483990835299333e-02,1.865839619419834838e-01,2.308826393986034009e-01,1.092237231310162482e-01,5.745008873252321208e-02,1.504596796322181518e-01,3.438630386506350695e-02,3.458207409041662989e-02,3.376286902173820936e-02,3.808150290042345426e-02,8.614605965465763765e-03,9.113961148112529470e-03,1.499367598419044283e-03,1.621153303461424222e-02,1.818154941240351062e-03,2.180552476753961841e-02,1.729869861600618480e-02,1.766772333423167682e-02,3.771401577077534290e-02,1.554620212992745450e-02,1.201213098428432872e-02,3.994709253435515389e-02,5.457361930847740017e-02,3.288660867744407079e-02,7.255912235644208785e-02,1.256039100806097819e-01,6.216930051234990928e-02,5.195386002644700185e-02,1.663192142769074136e-02,9.381581244564260458e-02,4.817013464258437794e-02,3.539248767327481116e-02,8.195848626521294589e-02,8.331017511331558281e-03,1.220992463965739870e-02,8.336311467883623233e-04,5.277395555420252155e-02,1.357419995164171056e-01,8.244771724128560630e-03,6.018976835545378212e-02,7.957736357982100883e-02,1.388738836926118811e-02,3.705234781249528569e-02,5.158636972977492102e-02,2.499300241117646815e-02,2.024325415131625686e-02,3.001760971556957994e-02
4.835531404214556822e-02,4.780986533926612214e-02,7.376983798894451438e-02,7.715826479225955381e-02,1.028377635153663039e-01,1.963709472375277099e-01,2.179703991630405346e-01,2.334487109374560054e-01,2.929534520104575268e-01,4.758910230620163606e-01,2.562190019691829579e-01,3.649318904383566653e-01,2.201221716719324040e-01,1.490178109637654014e-01,7.101325559050601643e-02,1.737531672334840238e-01,0.000000000000000000e+00,4.942938447620928710e-02,5.313275867826246918e-02,1.065538175663040543e-01,3.057321241735211359e-01,4.038358410672661658e-01,2.427746798989556254e-01,8.062690020276289116e-02,1.826449284965719344e-01,6.816803328783356541e-02,4.469341766568589724e-01,7.066554412593184509e-02,6.623520046639726731e-03,2.130193101130675448e-01,3.906400329642405189e-02,2.237135000907164439e-02,6.602199652636539517e-02,2.973234045934296937e-02,1.513963948730475718e-02,2.116550406635875001e-02,7.284170154066189028e-03,1.120928572792572950e-02,9.531098225561199927e-03,8.379391926717326064e-03,1.680239174527061027e-03,8.451738066918427703e-03,8.024922562352704639e-03,3.182060558091590052e-02,2.903798298631687230e-02,2.589490696690942284e-02,4.172649395035860770e-02,5.461419883353163529e-02,4.104598537062199154e-02,7.715824540106112905e-02,2.826008215557351128e-02,5.595393360285292467e-02,3.853602447639655620e-02,1.024026140566590241e-02,6.475217544783848367e-02,8.557738783280048958e-03,5.304937959330361524e-02,2.857552322221861701e-02,4.398290035567659767e-02,3.154803355057874542e-02,1.401355757465309881e-02,1.598044316854719815e-01,8.504456321888993753e-02,1.110209053112280464e-01,8.620688251400905611e-02,1.937309359996475244e-02,4.803601686381409747e-02,3.014709013488798064e-02,6.234807685284531574e-03,2.316422388774556917e-02,1.053359709698412604e-02
2.305837131091047557e-02,4.518216621161139784e-02,6.072161025166655790e-02,5.257376087633371109e-02,6.546273469352444085e-02,5.792633527435819135e-02,8.987059050938371596e-02,1.275928552334636978e-01,1.091339351107783601e-01,2.533267291782482777e-01,6.240685970503078578e-02,1.030394262281020407e-01,2.741518203910429663e-01,2.362077366926706445e-01,1.757422125482305808e-01,6.976242943771157612e-02,4.942938447620928710e-02,0.000000000000000000e+00,8.508655870499719220e-02,9.725367891556764566e-02,6.662199703159575881e-01,4.560920077498715197e-01,2.631821124409258195e-01,4.300329020427756110e-01,5.941722262348961836e-01,3.345923745132214355e-01,1.066176017741091442e-01,6.181269997779813979e-02,1.570298795487776525e-02,7.650025242959117289e-02,3.615521519043342347e-02,1.720741273149264602e-02,6.736796127699154479e-02,5.948417524453525340e-02,2.564080515138528887e-02,6.985980855675018308e-02,2.850993996594874957e-02,8.714515044796093679e-02,9.190414276223095313e-02,5.964518174938513578e-02,9.308565936694072895e-02,8.905196325312966787e-02,9.281837756365800274e-02,5.140706068903139886e-02,2.879874468313351962e-02,5.054430338825368491e-02,1.775763363432329017e-02,2.332503960068706486e-02,3.473179877860859549e-02,4.070663895776290703e-02,7.246474395972184179e-02,4.578256844677316972e-02,4.688239045836613966e-02,1.252344783875401213e-01,4.678026796158120393e-02,7.324388649454859068e-02,1.711652312963237166e-01,2.990321101020879807e-02,9.225126953115998785e-02,1.151457857272066149e-01,1.630280674921490494e-02,2.378139943661391684e-02,4.339498309435117773e-02,9.450355820027584591e-03,5.427958726288286545e-02,2.208585442773379134e-02,7.675200971663337368e-02,4.908235244240241602e-02,5.083608052480363682e-02,8.554468898350583994e-03,6.261850787987822964e-02
5.003659162567553054e-02,3.407781718735983234e-02,7.814811652462587410e-02,1.061574301344581500e-01,7.523940736350050174e-02,1.132150927118437400e-01,1.829103140276744921e-01,9.574733932623473442e-02,1.460028797085026198e-01,1.711335220212862607e-01,6.720633067204229150e-02,1.846959165478874176e-01,1.392113271422939225e-01,1.864961581971056118e-02,5.218822265381348885e-02,2.409536254548942311e-02,5.313275867826246918e-02,8.508655870499719220e-02,0.000000000000000000e+00,6.344915823997731019e-01,7.047733330716323685e-01,3.988443397185281736e-01,6.360324729351300999e-01,6.412399039748684082e-01,1.634150960898897165e-01,5.134804229556383381e-01,3.562564849943802847e-01,2.673613626294158996e-01,1.328661940870695946e-01,1.840531801332049855e-01,1.013400677232694502e-01,7.914469224884283782e-02,7.166005207694232937e-02,6.050574560244659228e-02,3.444056931575402436e-02,4.814562282653477715e-02,7.991016993202235824e-03,3.682441939699340056e-02,1.056659177710217792e-02,2.634034165374355210e-02,1.337766812436892890e-02,4.143817800853433903e-02,1.078900947335480025e-02,1.686271028504222891e-02,3.810430002285914580e-02,5.975192532615477420e-02,2.858636110966977090e-02,1.323656776802661361e-01,1.244983846738813016e-01,1.251918635361173870e-01,6.843685674089117210e-02,1.158894358753739806e-01,4.923287270588777575e-02,1.040493629046670560e-01,1.113484891632984253e-01,1.006527609412929541e-01,1.348664314427815702e-01,2.548133721096299681e-02,1.752765988081403728e-02,1.535013904969325868e-02,8.148676911392485622e-02,2.066650654799063458e-01,6.441708370121554394e-02,1.538507367810106399e-02,6.061719504344256076e-02,1.921683975557214250e-02,3.357953857684491117e-02,3.362399534953870034e-02,3.102667241420368344e-02,2.465821018127773573e-02,2.498906145919365523e-02
3.707172029237518901e-02,4.733272094575552424e-02,8.438821806461312136e-02,3.642039911894778131e-02,1.062697870311593296e-01,2.058356389887456284e-01,1.009327022794472006e-01,2.355782044831896960e-01,1.512172000391968363e-01,2.845109728168491170e-01,1.323083283150258416e-01,2.061857406346750410e-01,8.775090517756146957e-02,2.015320059323039981e-01,1.618665736929379012e-02,7.127318443093383360e-02,1.065538175663040543e-01,9.725367891556764566e-02,6.344915823997731019e-01,0.000000000000000000e+00,6.606914386757291036e-01,6.966539445657242702e-01,4.356624215111224441e-01,3.642973003944042776e-01,5.070559249031318938e-01,2.412033140067288695e-01,2.765455754580406489e-01,1.263542002342839532e-01,3.636782776155600416e-02,1.170995147424510607e-01,2.367673962849604907e-02,3.565018024551145064e-03,2.290810508998130518e-02,1.707374246840652823e-02,3.102052860307443968e-02,3.915808809756856496e-02,2.321118558688934578e-03,2.735419903952593726e-02,3.588481429339827281e-03,1.698670693667512360e-02,1.170513851926086556e-02,5.567709217120278553e-02,3.007571237107098741e-02,3.378950205189663880e-02,4.398311265941724779e-02,2.844753126820651068e-02,2.396350204046586788e-02,3.604987648664914612e-02,2.839902714439005577e-02,9.923692711723971008e-03,2.502822401012713693e-02,3.886729339739007638e-02,9.380807998591829400e-02,4.390961869267702433e-02,2.632591883258188215e-02,1.120472419619462749e-02,3.097388724001169311e-02,4.970130697698328659e-02,9.377532213357843427e-02,4.236055196649807925e-02,4.082626762843095253e-02,5.009651659503176063e-02,9.164347760915721175e-02,7.106343424503226702e-02,4.191963768227562059e-02,3.142231662052670516e-02,4.776261920019329171e-02,7.395870770303737685e-02,1.738620765335820075e-03,2.159777992192385421e-02,5.841711862446767080e-03
7.412551695196240020e-02,7.895789643677707248e-02,1.042422451760785379e-01,9.968850834753845147e-02,8.217224641558699971e-02,7.378346256945136905e-02,5.437495749584132787e-02,1.134527990906747386e-01,4.044036794434954785e-02,8.860860673245225805e-02,2.542738280255965599e-02,6.492151965767656296e-02,4.596865887142077833e-02,6.856476685925611686e-03,1.297502444757448747e-01,3.256238999981885263e-01,3.057321241735211359e-01,6.662199703159575881e-01,7.047733330716323685e-01,6.606914386757291036e-01,0.000000000000000000e+00,6.682008431810099180e-01,7.148493227069043776e-01,4.713364810999877696e-01,3.844656954161834173e-01,1.977581417575195732e-01,9.309769872647200017e-02,2.729552955057805708e-01,6.095300478978588760e-02,3.695349345580474509e-02,1.035699643363502120e-01,3.447350455918476997e-02,2.004572989919492162e-02,2.538341169243548898e-02,5.537567178722745814e-02,5.611377314366259444e-02,1.713313596044641410e-02,6.780870599869139211e-03,2.169412806936177069e-03,9.148271180235211658e-03,7.039011416771290275e-02,1.505831608215720506e-02,5.391625969334187807e-02,6.897553453795882139e-02,1.271690394003550072e-02,7.344559147505161367e-02,2.166086209655868761e-02,3.267198454035410982e-02,7.587856733122999402e-03,3.759697979834876469e-02,5.787484458900440248e-02,1.238321642917114135e-01,1.460991804662201965e-01,8.231446176346311761e-02,9.730052144896791932e-02,9.164668995208338775e-02,2.535705775965786668e-02,1.116857045986490854e-01,8.580028550201457271e-02,9.796740725225311364e-02,3.248531748416971093e-02,4.739679785631412817e-02,2.413519466791619675e-02,2.252656672475840047e-02,4.039714354584406086e-02,6.305606119645561225e-02,1.180315046984542898e-01,7.385374056960833378e-02,6.381954931121323893e-02,8.233655936124051333e-02,7.842197215347233852e-02
1.263889238626299816e-01,8.730460481898860703e-02,1.394800090368304157e-01,1.213710960251345727e-01,1.851860494688186698e-01,1.994478161634225255e-01,1.386303989270217529e-01,1.744041714706200397e-01,6.827078852595430680e-02,1.027537489335204196e-01,2.765132431413288433e-02,1.324028380191315801e-01,4.989334616634821806e-02,1.641841696660313599e-01,3.287630965925423254e-01,7.283525205985821871e-02,4.038358410672661658e-01,4.560920077498715197e-01,3.988443397185281736e-01,6.966539445657242702e-01,6.682008431810099180e-01,0.000000000000000000e+00,6.809153787001327451e-01,7.048244474525999781e-01,3.355630354601439880e-01,3.823931671025671553e-01,1.595996214062419538e-01,3.347216104017441962e-02,7.819092877319117063e-02,7.280214724582340091e-02,3.257988315081142890e-03,3.472597765366537692e-02,2.309093690792454745e-02,7.602311503578361440e-02,5.359866632394053726e-02,8.914527202926593452e-02,5.790156197419914219e-02,6.766190823347822958e-02,2.934994951227605162e-02,7.627285260338705075e-02,5.794509946416946666e-02,2.021268874037103133e-02,5.497401139383358004e-02,1.942341807715403448e-02,4.203814133859951931e-03,4.117350000957627904e-02,5.820601649418761722e-03,1.059348591861962868e-01,1.056761523024798283e-01,1.003179111244292959e-01,6.082975416258622897e-02,1.246297681406207530e-01,8.500168840889235633e-02,1.026189674811837371e-01,1.012980636970103598e-01,1.226679367243822538e-01,1.059691250231486331e-01,7.322935679154443656e-02,1.528999095313881597e-02,3.862483735965802079e-02,7.703730791936402866e-02,1.717037152278564627e-01,4.717799389875891591e-02,1.106487885898793933e-01,1.125123009190424350e-01,1.374084844292663109e-02,1.807385512671947150e-02,1.778434157923079739e-02,3.585118225089210103e-02,4.400499703967864634e-02,2.891855350937984695e-02
