0.000000000000000000e+00,4.508051589583289553e-02,2.803184809877576344e-02,3.924135875404986123e-02,2.228875389029619670e-03,1.870841623870813167e-02,5.231645879629715640e-02,8.026927825363914040e-04,1.309273763119042644e-02,5.023112888423390821e-02,3.819950061075959996e-02,5.554208197415720638e-02,3.512479829339307941e-02,2.808745101257848972e-02,4.491148999552060234e-02,2.314941964672321759e-02,8.528501075570439627e-03,2.904540710939527981e-02,7.135625888716506243e-03,4.784355663562559619e-03,6.197214957388854327e-03,4.701077023980034658e-03,1.266040498478459599e-02,1.220695465324599105e-02,2.448375487703505649e-03,5.564050617995640845e-03,1.233334816108851715e-03,2.129607837158189933e-03,9.093680593845831052e-04,1.004476885871533054e-02,4.190740768860683543e-03,1.642753629684693328e-03,1.710401768206318935e-03,1.387228158414178722e-02,2.056482661942225527e-03,4.432148610318378638e-03,4.070581194130550376e-03,1.789645031768647473e-03,8.861049406928582159e-04,1.956332858951679177e-03,6.624154715094459495e-03,2.020114146863271915e-03,1.159918207924403276e-02,9.643910460608769988e-04,6.927220583173183781e-03,9.395390934731922064e-03,2.113764771383212695e-03,9.624851976361072092e-03,6.544201949165665694e-03,2.211286343519340818e-03,9.126635982967871291e-03,4.452425531063471283e-03,6.234800905755765940e-04,2.523173555307941206e-03,1.595825229151662857e-03,2.214963365638161156e-03,7.445518897115381909e-03,1.335191609549408499e-02,2.207641238258690759e-03,7.561395735730327625e-03,4.622642783304159973e-03,1.051353686657876272e-03,1.881510251252275362e-03,5.439173690667657886e-03,1.249180759511307054e-03,5.609680177551074239e-03
4.508051589583289553e-02,0.000000000000000000e+00,1.620875590118606852e-02,2.862998978720884824e-02,1.911879993673286718e-02,1.192068145563431915e-02,5.808973092360052159e-02,1.011775473280181019e-02,5.255254390160969506e-03,6.508369112259294875e-02,8.522119097183059044e-02,6.925877921940505610e-02,3.912122065848560454e-02,7.034210894136566639e-02,4.472512157961843621e-02,4.556844486344256012e-02,1.901581002885059657e-02,3.470553528194184750e-02,1.760297801406784761e-03,1.424588562559989113e-03,3.359391357318542142e-03,1.083437504116101105e-03,8.688576358158159318e-03,4.453141885929296807e-03,2.149459629531461514e-03,2.451346845931888507e-02,2.962830847070382218e-03,6.173785926229614918e-03,2.828935694246943224e-03,1.579095555623498751e-02,1.101211923579754545e-02,5.984461201094730225e-03,3.890458097373498871e-03,2.059706287234094879e-02,1.585359953777092795e-02,9.922134578080818446e-03,7.102293077989713620e-03,5.878731842960761844e-03,4.680265058039388693e-03,4.928527451490698381e-03,4.107936690662759155e-03,3.870665011093895463e-03,5.845460525649780886e-03,6.821091269151639824e-03,9.433179852085865277e-03,4.018206867093079490e-03,8.268204646513130709e-03,1.019066868640425977e-02,5.754477407223366169e-03,8.911989615055172093e-03,9.442247609889698606e-03,4.109715792911862800e-03,5.246240183794823216e-03,1.443009243150587990e-02,2.647500200235484123e-03,3.023964780786352752e-03,1.307941347569598935e-02,2.003871443983994138e-02,3.054470244969557328e-03,4.937232908038775847e-03,2.727919976103460303e-03,4.510005044487274198e-03,9.374406001210123423e-04,8.888509547489927692e-03,1.598955527968663791e-03,1.903544572092506684e-03
2.803184809877576344e-02,1.620875590118606852e-02,0.000000000000000000e+00,8.797328098570206256e-02,3.480804098968127980e-02,3.278948392744030632e-02,3.096135903099216796e-02,6.706141682006782311e-03,2.304843224847286792e-02,2.448118735429692661e-02,9.097526929872104540e-02,6.445094720487461182e-02,8.219769244662891716e-02,7.010349521752338997e-02,3.973947592134745299e-02,5.411055335730693971e-02,5.009182128779860604e-02,4.779493175496023899e-02,1.630233407591956743e-02,2.407125008072878367e-02,6.552064517749823722e-03,2.164455508933080946e-02,1.846441572528242925e-02,6.678121371736444115e-03,1.255957272753387838e-02,1.027619815926215756e-02,1.321864206776726886e-03,3.435858780138527097e-03,3.466478068977342768e-03,1.088399924907307303e-02,2.207208437432901793e-02,6.472458517535747274e-03,6.521022531763665669e-03,3.178198844830640302e-02,7.695461505976757682e-03,9.770599211629335187e-03,1.310267312082507435e-02,4.790666208263670914e-03,6.490628866190385066e-03,1.068918483575064145e-02,7.012818525414110530e-04,7.838304480027225365e-03,1.902427566247627891e-02,3.994380111566939347e-03,2.152558641725306129e-02,2.049547702468807950e-02,5.014330995965276400e-03,1.819038705538210746e-02,6.367492397284362296e-03,5.430454496021417873e-03,1.936646975025074421e-02,6.860413017002708370e-03,8.368098886100214934e-03,1.218037197534724454e-02,5.248271100713215211e-03,6.263850091021949153e-03,1.675210578013217695e-03,1.878117591119769086e-02,1.328219982437140768e-02,1.552133251341791115e-02,9.060389471283522914e-03,2.787881891810006785e-03,1.635763181502649863e-03,1.723072355006560578e-03,6.702751619161927306e-03,4.534958305909591453e-03
3.924135875404986123e-02,2.862998978720884824e-02,8.797328098570206256e-02,0.000000000000000000e+00,4.322603221257995676e-01,2.851689825868548578e-01,3.533152342131999357e-01,3.821197622444567205e-02,6.379034523752488695e-02,2.335518468491446786e-01,8.451825742724533574e-02,9.810718483607902551e-02,7.491002836056318004e-02,5.403502743808828723e-02,7.296115661001124908e-02,5.722731393837806463e-02,3.219527737222507846e-02,2.343822062964688244e-02,1.578701468602113772e-02,1.170388342471377283e-02,1.773777285686637360e-03,6.793659897276373497e-03,1.384610989979959475e-02,1.409397799870083443e-02,9.695549261570011665e-03,2.359973336325005971e-02,1.980406910573758849e-03,1.165356817956432305e-02,3.722369439554675322e-03,1.366507986813397454e-02,1.814815600040483798e-02,8.239524355821509216e-03,1.369418521278100570e-02,1.684793075541382232e-02,1.296856182962090667e-02,3.367826453827597009e-03,3.318105451604371099e-03,1.124514771545411136e-02,4.897166396974492880e-03,1.140169036592064873e-02,6.147225143230150048e-03,8.798575887766927131e-03,1.181560545995528552e-02,6.593334603656661290e-03,9.325064171076065736e-03,1.521459960677710131e-02,6.809785534243777312e-03,3.876438729369843881e-03,4.716708882942904912e-02,8.743239715674262780e-03,2.012578278022474076e-02,1.786536859822706116e-02,1.500091791971473743e-02,7.911929716471009094e-03,2.521833384683563536e-02,1.461023843647423111e-02,6.840957552104516559e-02,2.820723560057939241e-02,1.698520561880119059e-02,1.125585592792827105e-02,1.253386486057622012e-02,1.677090547611843549e-02,9.629557342163117678e-03,4.881254568384917059e-03,7.870920901852105148e-03,7.296314834262083819e-03
2.228875389029619670e-03,1.911879993673286718e-02,3.480804098968127980e-02,4.322603221257995676e-01,0.000000000000000000e+00,1.826362669557468066e-01,5.889274504221683054e-02,2.038055613097091573e-02,6.777506427035852321e-02,8.407022496779126275e-02,1.094944504430496734e-01,1.069801926478421150e-01,1.379437848108463205e-01,7.977607153206575652e-02,8.051684711570421260e-02,4.712379883255570640e-02,5.742057423607472080e-03,4.852130519486217569e-02,1.755922305111821610e-02,7.719204041665340792e-03,1.287701747253659377e-03,3.944277337420793068e-03,4.129195488894466144e-03,1.185887489535133663e-02,7.274238567990851112e-03,6.538034397240409697e-03,1.892327474397132933e-02,3.918359059005777426e-03,4.673896066226858499e-03,9.120433473486186729e-03,6.280332078616831376e-03,2.657385654959550786e-02,5.459575321975463150e-03,2.899689975039292100e-02,3.449086594889199525e-02,1.736881438598061531e-02,5.238180485623517013e-02,1.711334823405116085e-02,2.810406741758158904e-03,9.527906242352316216e-03,1.127613002817008658e-02,1.203114187435664999e-02,1.059160081158994765e-02,1.970763734476663892e-02,5.874004348437483758e-02,1.356955499890171064e-02,2.657047577691434501e-02,2.751950032713403049e-02,1.293876560910579149e-02,5.325242829137921512e-03,1.494950892642714184e-02,1.220140032366194213e-02,1.900101539360144962e-02,9.137933334027266777e-03,1.128245253596262335e-02,8.413422630218388154e-03,1.239619712537206805e-02,4.066798731718756360e-02,6.265838764763484448e-03,3.868574846119775951e-02,1.337786130250576480e-02,1.501136108772086787e-02,5.652528591565851405e-03,4.651515117973775010e-03,1.358689822768406087e-03,4.794229273495404821e-03
1.870841623870813167e-02,1.192068145563431915e-02,3.278948392744030632e-02,2.851689825868548578e-01,1.826362669557468066e-01,0.000000000000000000e+00,4.536974366830279909e-02,5.608570647489208305e-02,5.373132124704114998e-02,4.414432180463406102e-02,1.729728509841890471e-01,1.343838586305482474e-01,1.379246453738114664e-01,1.476580436308236877e-01,9.761366561885286008e-02,9.675334260065715508e-02,4.887784905117124185e-02,5.940877468784128840e-02,2.156937144567722467e-02,4.319605458830420158e-02,1.369752575679454923e-02,3.457940917306299988e-02,1.839633342884003028e-02,9.702498696929476307e-03,2.734950565277477832e-02,1.487007067571035138e-02,9.392508298295923486e-03,1.254206782440839274e-02,1.710184601760082745e-02,9.961478461758457165e-03,2.698957483415747108e-02,3.577415002524230846e-03,4.613169210016592088e-03,3.605663772387233956e-02,2.795506680207065012e-02,1.194763554475811868e-02,2.519732899465037396e-02,8.017288424516853113e-03,6.194144207476645625e-03,1.149471979009448856e-02,4.899105678977304021e-03,1.748844533174757562e-02,3.281380871587038367e-02,1.019842509858207361e-02,2.289125071497840475e-02,1.035321260071414388e-02,1.127398692199428794e-02,1.890266997577273039e-02,2.213741342448587515e-02,2.646558611233146632e-02,1.725093928801441426e-02,1.206391492391848709e-02,8.897342041613328159e-03,3.397126251441531797e-02,2.204053536157945734e-02,2.307825981831867698e-02,1.346046614164243468e-02,1.738182007028283779e-02,1.536598571590491215e-02,1.785675921275450828e-02,1.052369655091749991e-02,2.435333356066356550e-02,3.015714595495493436e-02,3.772565044052410450e-03,1.009725835363829184e-02,3.742172005052632131e-03
5.231645879629715640e-02,5.808973092360052159e-02,3.096135903099216796e-02,3.533152342131999357e-01,5.889274504221683054e-02,4.536974366830279909e-02,0.000000000000000000e+00,7.552401450555364104e-02,2.754940326914467885e-02,2.997832460900560700e-02,8.155479061203914359e-02,3.821786234331155802e-02,1.327233357912111500e-01,5.813138997811765490e-02,1.780342142012832432e-02,6.484621391772016352e-02,4.018548393200473828e-02,3.945624970484403610e-02,5.116335758092561276e-02,1.027793504852745482e-01,1.361652382547560644e-02,6.385646631522340355e-02,2.319380841626177830e-02,1.707135088164813200e-02,3.298625147941393332e-02,1.882653088851983514e-02,5.633231449666410706e-03,8.511904859679753424e-03,1.132247854205589363e-02,4.162128950052111816e-03,1.157117835622029946e-02,4.727435683730423291e-03,1.412565751744114008e-02,1.388244817274641128e-02,1.691552762845880895e-02,1.827508803259841191e-02,1.304087200409545684e-02,8.206984975509607622e-03,1.244285081247669539e-02,7.646849445198299067e-03,8.777833384415534637e-03,1.718809751466894228e-02,1.031311709281218687e-02,8.634474246563777697e-03,3.270677659419644195e-02,2.837964154531383981e-02,2.418029675980873719e-02,4.759966025496696618e-02,3.943479533763796785e-02,1.175635747025494289e-02,3.945161329611627382e-02,1.980441272493516439e-02,2.735313837481009522e-02,4.820523258114958742e-02,2.715939789358227593e-02,1.078981499429880822e-02,2.273044898503881819e-02,8.137114954945340664e-03,1.782801086615381364e-02,1.807368462870711026e-02,1.860346907598766156e-02,1.234222110797959446e-02,3.281046052132314400e-02,1.486583942878520054e-02,2.850651285469938540e-02,7.072705756127873299e-03
8.026927825363914040e-04,1.011775473280181019e-02,6.706141682006782311e-03,3.821197622444567205e-02,2.038055613097091573e-02,5.608570647489208305e-02,7.552401450555364104e-02,0.000000000000000000e+00,1.027988140414716201e-01,6.381934182945510348e-02,1.662305731791086372e-01,1.790221871223507122e-01,2.845627098115801612e-01,1.352134214501689580e-01,1.200306152049125247e-01,1.509738237842381259e-01,5.530465875428992178e-02,7.948456592985915503e-02,3.118804533664360987e-02,2.580551596483553201e-02,5.064250842100345359e-03,2.785393654786538428e-02,5.916447772457571891e-03,9.778654944012938471e-03,2.227333832423465405e-03,8.115307674062419152e-03,1.047270450445471693e-02,5.948548374927935603e-03,2.993087856785702459e-03,4.264368726762600773e-03,2.354342308779471329e-03,1.191987876597489469e-02,3.524370059276628938e-03,4.916916736447352054e-02,2.614619914768654199e-02,1.228740411008841064e-02,1.849573519569367233e-02,1.343519306473493942e-02,5.507250236067621173e-03,5.102539918901988908e-03,7.210099421395721464e-03,1.439618989643223247e-02,2.896168825368198446e-02,1.752175051258592076e-02,4.674279687328216498e-02,6.101681809974299729e-03,1.229851869477662993e-02,2.656930191708177166e-02,1.930973935361504287e-02,2.284302364736993246e-02,1.039529863355100926e-02,6.198788127362886945e-03,2.310010711428801475e-02,2.459515138727341732e-02,8.541287269427565165e-03,4.053695559941969916e-03,3.984839982447637569e-02,5.033631732208705689e-02,1.373625059218150368e-02,4.314845377110725078e-02,2.623658219857365539e-02,1.817946502191539193e-02,6.289965697023830807e-03,4.948154182771592746e-03,9.281691445608350466e-03,1.250175923093894623e-02
1.309273763119042644e-02,5.255254390160969506e-03,2.304843224847286792e-02,6.379034523752488695e-02,6.777506427035852321e-02,5.373132124704114998e-02,2.754940326914467885e-02,1.027988140414716201e-01,0.000000000000000000e+00,1.051450172974292552e-01,2.887572065920932518e-01,1.314377379455136663e-01,1.063684495519383599e-01,1.835405874683442573e-01,4.490693363949558453e-02,7.558575191405049465e-02,5.105646114665036289e-02,3.950909765609522672e-02,2.124163807402564691e-02,5.843846013456650140e-02,2.239258969249618286e-02,2.992881470572448036e-02,3.923281354547583817e-03,3.068693916113464544e-03,2.344246976078345757e-02,1.685228236444259731e-02,1.782533023247446276e-03,1.403908787803946796e-03,1.077961818245892420e-02,1.007408309512377968e-03,1.421100787126189542e-03,1.143868868078466022e-03,3.319780862586955983e-02,5.218635212930226516e-03,2.006937851196496925e-02,1.428755313927849296e-02,1.360470477982137459e-02,5.038433422070451653e-03,2.985331030522918316e-03,1.257149122605485773e-02,2.660401028942866938e-03,1.069983521667249894e-02,1.205007486934279136e-02,8.113822098053532009e-03,1.448038336384297603e-02,9.072483443240932782e-03,1.654643547409653109e-02,1.336294448935713627e-02,1.719186064794270274e-02,1.813161445111493436e-02,2.511159846860802625e-02,3.260158855717642384e-02,1.636603317498596527e-02,3.686303697714423538e-02,2.954075717852540015e-02,2.094889163049764094e-02,9.605677819092351202e-03,1.388547850386940771e-02,2.516975865422942452e-02,1.214150040264376333e-02,1.930100279131144805e-02,3.509233934582337011e-02,2.645189134745441761e-02,1.154460078757167142e-02,2.125085157408615477e-02,6.623053554716896822e-03
5.023112888423390821e-02,6.508369112259294875e-02,2.448118735429692661e-02,2.335518468491446786e-01,8.407022496779126275e-02,4.414432180463406102e-02,2.997832460900560700e-02,6.381934182945510348e-02,1.051450172974292552e-01,0.000000000000000000e+00,1.496654699479649797e-01,5.768606768068874208e-02,1.265197683229581649e-01,3.657166509725157805e-02,4.463821995975476853e-02,5.339870868793094444e-02,5.805765081151430945e-02,2.016427599116359451e-02,4.176169143299479636e-02,1.026892275198883209e-01,2.285103805251764014e-02,5.545382381486890083e-02,1.148715074101933943e-02,2.362771925778149595e-02,4.466560451351513084e-02,4.222575242924374306e-02,6.521546721535362301e-03,2.013577064782898912e-02,3.815738363338763532e-03,7.433772888547294502e-04,4.928973451233359393e-03,3.606482257862710615e-03,3.543628782641709309e-03,9.517844042006515584e-03,2.670944567593709629e-03,2.181037869095751782e-03,7.433167816681617371e-03,2.082486882550759616e-02,5.512768346570527840e-03,5.186322369412959578e-03,4.333123123289751161e-03,3.035706169041072367e-03,6.468122598715001816e-03,7.489820781573003697e-03,1.147073762145458913e-02,1.626475998786814162e-02,1.526092554711686380e-02,1.895345137458044962e-02,4.983595032115820112e-02,3.281007660380784192e-03,4.027102315754160083e-02,2.359445233541734507e-02,1.545469247351282174e-02,2.889646589982151209e-02,3.763524197301159474e-02,9.086360675416831761e-03,8.235280477493422957e-02,1.476899934086406581e-02,1.479326858898028819e-02,6.638228330594949343e-03,1.772142883378769948e-02,3.157308204304047627e-02,3.773216007181372234e-02,2.210642074207277291e-02,3.193552298848703619e-02,1.385848541221951225e-02
3.819950061075959996e-02,8.522119097183059044e-02,9.097526929872104540e-02,8.451825742724533574e-02,1.094944504430496734e-01,1.729728509841890471e-01,8.155479061203914359e-02,1.662305731791086372e-01,2.887572065920932518e-01,1.496654699479649797e-01,0.000000000000000000e+00,1.200671631265007137e-02,5.126232618494484458e-03,1.130555082895506359e-02,2.732115337550105466e-02,1.038241629702067043e-02,5.610934184354032100e-02,9.855884767229775023e-03,9.258472835526292480e-03,6.524729697376456007e-03,1.147312668999439164e-02,1.849518217368902734e-02,2.653578424710775849e-03,1.597875410335089508e-02,1.168020883254518305e-02,7.864874487948189663e-03,6.312844953477755698e-03,1.173841453406994535e-02,1.611819875933582710e-02,1.977756207193008195e-03,1.033825064023474911e-02,9.128361074176019260e-03,1.980666034944407461e-03,4.476332710240007312e-02,3.498987922521322458e-02,2.135332413058435921e-02,2.373908389939641955e-02,8.683998319154655893e-03,1.774845588540715016e-02,3.854121260449250297e-02,1.062878618942164448e-02,1.655113764040694324e-02,1.167549948782998885e-02,1.229252800075934446e-02,8.063791238862989125e-03,5.746867561939583528e-03,2.473483436558274531e-02,7.118921875414487704e-03,7.507153996804154759e-03,2.337465592906183554e-02,1.101836652371814516e-02,1.088534652174002158e-02,2.146828432742565670e-02,4.059037577446221456e-02,2.273790942363546064e-02,2.085518383446820570e-02,1.984177815617576765e-02,2.376682893817449321e-02,2.673936869709516231e-02,2.808882315746168146e-02,7.013782304434110389e-03,1.753983976714139706e-02,1.255792831518405279e-03,1.024296324392473360e-02,4.620092942373625437e-03,6.880663061577109267e-03
5.554208197415720638e-02,6.925877921940505610e-02,6.445094720487461182e-02,9.810718483607902551e-02,1.069801926478421150e-01,1.343838586305482474e-01,3.821786234331155802e-02,1.790221871223507122e-01,1.314377379455136663e-01,5.768606768068874208e-02,1.200671631265007137e-02,0.000000000000000000e+00,9.445541646603586305e-02,1.139830951753165178e-02,6.326189205457081327e-03,1.247902929371606275e-02,6.699322495089779506e-02,3.323621098433501061e-03,5.944128123462193505e-03,7.723375390121003936e-02,2.119541237066892639e-02,1.312804941693740055e-02,8.515175124891659342e-03,3.418837941006947628e-02,3.530254104201324683e-02,7.147508511178003732e-02,1.193919619479547577e-02,6.444000626927390285e-03,6.253659461868377699e-03,8.911946244874145717e-03,8.902781274211330961e-03,4.289111332647575249e-03,2.544002286134773583e-02,3.799977780403152733e-02,1.520781867971295227e-02,3.312017071953782255e-02,1.836600272897989661e-02,1.357894291676169790e-02,6.782860954902808666e-03,1.484415487187612168e-02,1.269532320150690112e-02,7.256827469562716383e-03,2.056109279386390126e-02,7.427360957890274951e-03,2.407683810013890383e-02,1.036722490220678451e-02,9.659060408438753867e-03,2.050046377518147805e-02,6.473407341692542782e-02,1.183666794410340520e-02,1.912613539221066569e-02,1.611950134519084948e-02,6.791196210505676470e-03,4.339979787266257279e-03,1.856134732182551650e-02,7.965144809260159275e-03,7.008353122982091676e-02,9.228408025105448720e-02,2.414862142677956514e-02,4.710918707734001315e-02,7.238902644164458069e-03,3.678237412789227972e-02,2.971830395445860737e-02,4.402986931630181733e-02,3.984183526030606048e-02,4.724036891413502248e-02
3.512479829339307941e-02,3.912122065848560454e-02,8.219769244662891716e-02,7.491002836056318004e-02,1.379437848108463205e-01,1.379246453738114664e-01,1.327233357912111500e-01,2.845627098115801612e-01,1.063684495519383599e-01,1.265197683229581649e-01,5.126232618494484458e-03,9.445541646603586305e-02,0.000000000000000000e+00,1.228780133063969542e-02,1.673545333355201670e-02,3.935892644907344751e-02,2.571656952294175402e-02,2.335418376263578150e-02,3.161434406948189502e-02,9.067234853096706529e-03,8.914237048091723514e-03,3.072269479238210615e-02,1.391906523462206960e-02,3.838458787477951745e-02,4.749973810118883651e-03,9.867286679561507179e-03,2.991603225960457607e-02,1.665001082497050144e-02,2.204825709753810772e-02,5.011004122345517724e-03,7.327497152176844566e-03,1.885941667155707074e-02,1.219184715495902696e-02,7.274295188307637605e-02,4.275408481941678218e-02,4.002766908713143584e-02,6.166213343493056470e-02,2.779367975901169373e-03,1.635242484680499847e-02,3.328974907182405407e-02,2.438996810437122492e-03,1.743433528164258298e-02,9.173219949908125934e-03,1.740583695224149491e-02,6.303611856629845467e-02,2.788149892782475908e-02,1.635464259230700115e-02,4.309011400728179203e-02,2.152913531586623033e-02,2.098212120878166498e-02,3.749479231446305183e-02,4.813767767194496866e-02,4.268568443085400677e-02,6.643397763928865496e-02,3.460690759586259463e-02,1.201044360088693308e-02,3.916113560137787081e-02,5.557178154060696956e-02,3.120835993536153277e-02,8.525971760340997352e-02,4.684037196587514940e-02,2.259421183235953146e-02,9.903799628137232788e-03,1.515224938653901392e-02,6.817839626131594506e-03,2.053608768458535863e-02
2.808745101257848972e-02,7.034210894136566639e-02,7.010349521752338997e-02,5.403502743808828723e-02,7.977607153206575652e-02,1.476580436308236877e-01,5.813138997811765490e-02,1.352134214501689580e-01,1.835405874683442573e-01,3.657166509725157805e-02,1.130555082895506359e-02,1.139830951753165178e-02,1.228780133063969542e-02,0.000000000000000000e+00,1.515441620252208910e-01,3.186985631234857258e-02,1.071911367653715363e-01,1.440842340470990454e-02,1.585644950685546894e-02,6.867436145769691656e-03,1.321200348573659325e-02,2.378717960392542907e-02,3.574435172083336235e-03,1.632707158323429275e-02,1.433540124485594910e-02,1.674504017375670270e-02,7.697752484828531035e-03,1.664787191682346942e-02,1.585748177987768640e-02,6.094371930333845888e-03,1.603601881103109209e-02,7.101776279378562567e-03,1.850754773517128632e-03,4.861755511133424024e-02,4.769406000414055241e-02,2.419813413805676355e-02,3.384951257272780789e-02,4.018327848609276089e-03,1.840475419034806950e-02,4.742153410051431345e-02,1.017431334107981103e-02,2.643646740610115786e-02,1.142894069503101392e-02,1.102530371425979559e-02,1.234345206709183511e-02,7.206295175579936589e-03,2.678598509290602142e-02,1.704248850215751843e-02,1.072470237244976116e-02,2.185752758376925328e-02,1.347236365457894595e-02,1.221960722228861498e-02,3.357463419634960922e-02,6.372245772134840780e-02,2.102943746891974830e-02,2.070073341497265240e-02,2.012424583783642765e-02,3.053338865513985020e-02,3.832543726514235638e-02,3.527399093669605218e-02,8.076077259988970539e-03,3.088229461666566061e-02,7.449678226087308106e-03,1.062352409443957819e-02,5.248182056366445039e-03,1.038311378291578019e-02
4.491148999552060234e-02,4.472512157961843621e-02,3.973947592134745299e-02,7.296115661001124908e-02,8.051684711570421260e-02,9.761366561885286008e-02,1.780342142012832432e-02,1.200306152049125247e-01,4.490693363949558453e-02,4.463821995975476853e-02,2.732115337550105466e-02,6.326189205457081327e-03,1.673545333355201670e-02,1.515441620252208910e-01,0.000000000000000000e+00,3.546214054413651673e-02,1.966604382560521724e-01,6.620664439534935421e-03,2.117728158308036443e-02,1.156819476100400396e-01,3.127718699839073663e-02,2.721137394756731331e-02,7.389694330521774483e-03,2.543390511752460781e-02,4.380770771668218710e-02,6.104739805348365772e-02,7.713612534022305442e-03,1.253791383029293112e-02,8.337804138343018340e-03,5.795049166485955264e-03,6.193685083663989788e-03,2.428429661850088801e-03,2.054797497534313969e-02,2.692353838999394025e-02,1.064315466288763209e-02,2.387146126328612561e-02,1.190086921633804438e-02,8.309206484777452092e-03,8.706782731094932573e-03,8.323929953549245517e-03,1.112408319758833621e-02,2.803228248292916232e-03,1.640270188755569084e-02,8.537346041311920375e-03,1.256785008505550971e-02,6.778573050188261076e-03,1.760426209679457829e-02,1.971544382128810960e-02,7.056896359691124110e-02,1.174708989464345356e-02,1.080411027206578875e-02,2.012524197940882692e-02,7.060880235592550958e-03,9.574928999729014761e-03,1.852691559016702086e-02,3.391746488656856035e-03,8.196407319620530041e-02,7.783105400917818273e-02,2.489350218927798009e-02,4.041667356011755668e-02,4.594151609182629131e-03,4.682974843889959465e-02,3.620776611483426249e-02,4.962403877585194745e-02,3.833286112817782532e-02,4.761671092537726746e-02
2.314941964672321759e-02,4.556844486344256012e-02,5.411055335730693971e-02,5.722731393837806463e-02,4.712379883255570640e-02,9.675334260065715508e-02,6.484621391772016352e-02,1.509738237842381259e-01,7.558575191405049465e-02,5.339870868793094444e-02,1.038241629702067043e-02,1.247902929371606275e-02,3.935892644907344751e-02,3.186985631234857258e-02,3.546214054413651673e-02,0.000000000000000000e+00,1.096463092192374866e-02,2.132582353978159512e-02,6.836526544344589951e-02,8.889533921275448100e-03,8.199422490544215972e-03,6.032602981308828743e-02,2.676519545162411862e-02,4.142913883545514681e-02,2.247463114257782987e-02,3.756384757193326901e-02,1.299556277943998521e-02,1.260304739316549238e-02,1.477362922664364822e-02,1.463284413110988412e-02,1.674303627676289449e-03,1.081204039362156782e-02,1.497456780296631956e-02,5.192088291012644102e-02,6.192510508605909153e-02,1.590038027410809601e-02,1.501101939209235035e-02,1.622681939933652909e-02,2.429839980912108788e-02,1.649354814992972512e-02,2.642478829729078688e-02,1.911676845310087075e-03,5.649968075610593311e-03,5.387514678373713645e-02,6.926782451267446405e-02,1.315252767030787411e-02,1.875425002576003308e-02,4.372646709924412484e-02,7.543143367233681382e-03,3.625457066954781288e-02,4.372200656520595224e-02,2.777973925825170248e-02,5.345366130141500360e-02,2.933918069660423900e-02,1.790793916156265680e-02,1.306643113033672046e-02,1.521278591782432646e-02,6.309106105722901703e-02,2.507695529486717381e-02,6.353135099170953426e-02,2.260969625506698000e-02,1.724057704172187941e-02,6.490392110961141527e-03,1.812809702728630790e-02,9.428444465743215930e-03,1.747808309151260842e-02
8.528501075570439627e-03,1.901581002885059657e-02,5.009182128779860604e-02,3.219527737222507846e-02,5.742057423607472080e-03,4.887784905117124185e-02,4.018548393200473828e-02,5.530465875428992178e-02,5.105646114665036289e-02,5.805765081151430945e-02,5.610934184354032100e-02,6.699322495089779506e-02,2.571656952294175402e-02,1.071911367653715363e-01,1.966604382560521724e-01,1.096463092192374866e-02,0.000000000000000000e+00,6.518551367902594706e-02,2.532728353395448037e-02,2.964217567697099640e-02,2.022032850205849122e-02,7.494803733505532584e-02,3.576080735323456522e-02,4.633593888351012630e-02,5.326479651780650915e-02,2.911122571473807874e-02,3.105098575044972636e-02,5.341321798309111961e-03,1.018962837814353130e-02,5.072029217531814210e-02,2.114334504889071181e-02,7.893736708878570582e-03,2.612659189986289709e-02,3.768454562805410163e-02,9.160956233615203184e-03,3.090834401027985762e-02,2.008532612871911927e-02,4.489204325956726305e-02,2.707307848019006868e-02,1.969024902947630329e-02,2.901291828955547894e-02,2.417983983585626773e-02,8.663429088292106534e-03,3.506994130670645915e-02,4.332892647352761667e-02,1.648067005682130742e-02,2.745625944570570173e-02,3.839887825633829521e-02,6.989558248006079964e-03,2.566185104806803161e-02,4.806164614364678150e-02,6.011720266923936858e-03,1.676594520096282709e-02,1.048286092786048819e-02,2.664630934306201279e-02,2.876478009170336039e-02,3.035575553037132140e-02,1.036140885160287232e-02,5.032195281361039746e-02,3.236759693547226757e-02,2.580487131596748140e-02,3.286978925076590279e-03,1.005498264972130157e-02,8.370009957225754693e-03,1.876579675059101421e-02,6.645364882848375961e-03
2.904540710939527981e-02,3.470553528194184750e-02,4.779493175496023899e-02,2.343822062964688244e-02,4.852130519486217569e-02,5.940877468784128840e-02,3.945624970484403610e-02,7.948456592985915503e-02,3.950909765609522672e-02,2.016427599116359451e-02,9.855884767229775023e-03,3.323621098433501061e-03,2.335418376263578150e-02,1.440842340470990454e-02,6.620664439534935421e-03,2.132582353978159512e-02,6.518551367902594706e-02,0.000000000000000000e+00,1.147471267141189494e-01,2.049235484706836141e-01,7.191748145521319191e-02,5.964914943160633254e-02,7.572150210318587260e-02,1.480524377158179694e-01,3.154763662202810653e-02,5.888919994171442490e-02,4.329218173340167869e-02,1.292236407870264898e-02,3.893423262763598403e-02,3.567967495909463160e-02,2.570772280020189315e-02,4.720428122940272669e-02,6.687590316495875542e-02,1.251364849671864898e-01,6.931827597420825438e-02,8.282831402096627049e-02,4.543271649775178916e-02,2.309447359226682317e-02,5.588589765131764947e-02,2.902874701203422836e-02,7.019306955776797446e-03,9.302848021958335170e-03,2.837845048005421117e-02,2.794985067506088397e-02,1.215050136011242843e-01,8.581136605406432249e-02,6.591263568096785742e-03,1.104303556012971449e-01,2.148792584697077276e-02,3.288874286406306968e-02,7.599530364159635953e-02,4.501581772974170420e-02,5.527046872635411195e-02,4.137473996673257659e-02,3.429049583831296488e-02,9.428975236120896303e-03,1.077003617818636169e-02,4.449400571639197666e-02,3.431066740878133819e-02,9.374196153980257629e-02,4.566054459078652122e-02,1.697116437392329202e-02,8.869824900051288818e-03,1.613863647362876949e-02,8.894115227855159400e-03,1.669763535998940868e-02
7.135625888716506243e-03,1.760297801406784761e-03,1.630233407591956743e-02,1.578701468602113772e-02,1.755922305111821610e-02,2.156937144567722467e-02,5.116335758092561276e-02,3.118804533664360987e-02,2.124163807402564691e-02,4.176169143299479636e-02,9.258472835526292480e-03,5.944128123462193505e-03,3.161434406948189502e-02,1.585644950685546894e-02,2.117728158308036443e-02,6.836526544344589951e-02,2.532728353395448037e-02,1.147471267141189494e-01,0.000000000000000000e+00,6.180640141448104918e-01,1.961270556604242932e-01,1.346728834155089781e-02,6.035748354484137858e-03,1.716378827054206024e-02,9.107449272555546982e-02,5.013422867467032251e-02,6.397445512745507379e-02,7.681686131101169053e-03,2.241724792052266629e-02,3.577052277493257548e-02,2.519284928731765558e-02,3.640787761549961477e-03,3.226619881828556025e-02,2.866145180221010488e-02,1.003997974854372449e-01,3.013968324410623914e-02,8.510560232850142293e-03,6.732438481064613456e-02,1.030510195786491640e-01,2.204797672536554232e-02,2.937891240451864783e-02,1.531070238206072229e-02,2.320732232320952410e-02,9.952271646544839923e-02,2.072494964661580341e-01,9.482499567408210484e-02,7.086127636502806415e-02,2.090435877256584252e-01,4.841658251576130834e-02,2.465036472974195189e-02,7.716895978604910999e-02,5.127305589604714414e-02,6.374478662772184445e-02,2.559321436014071194e-02,1.830721044774041156e-02,1.020858530778866180e-02,7.992264808417196692e-03,3.208829217411749563e-02,6.882022972789021698e-02,8.045866863056609641e-02,5.568846573847144321e-02,1.155177293551110790e-02,1.992799584952363937e-02,6.859587830291446163e-03,3.602051616836200038e-02,2.278552781446587221e-03
4.784355663562559619e-03,1.424588562559989113e-03,2.407125008072878367e-02,1.170388342471377283e-02,7.719204041665340792e-03,4.319605458830420158e-02,1.027793504852745482e-01,2.580551596483553201e-02,5.843846013456650140e-02,1.026892275198883209e-01,6.524729697376456007e-03,7.723375390121003936e-02,9.067234853096706529e-03,6.867436145769691656e-03,1.156819476100400396e-01,8.889533921275448100e-03,2.964217567697099640e-02,2.049235484706836141e-01,6.180640141448104918e-01,0.000000000000000000e+00,5.447086594701073814e-01,1.990870193888284387e-02,1.644103236939628565e-02,2.573951696366600164e-02,6.297870152647236375e-02,1.529740403870739202e-02,1.028533638092320179e-01,9.410200326414101812e-02,7.028923920100826894e-02,5.475444956431320398e-02,1.918913136533068747e-02,3.246185166722651699e-02,1.061215001117680502e-02,2.271683036938285799e-02,4.574543291791340061e-02,4.948890954755760796e-02,2.528445230224725393e-03,4.985737827559901664e-02,6.316668751388224146e-02,3.821888663519037999e-02,1.613165812836003452e-02,8.681544521191467828e-03,3.511910067912735883e-02,7.495910174648601210e-02,1.294427981273805206e-01,5.562052745648719820e-02,4.324841958085924587e-02,1.797563145627414372e-01,5.732658224732260777e-02,4.278785951344601240e-02,5.632740120793994915e-02,2.640803879621592826e-02,4.580285627090968648e-02,3.224483448702326893e-02,1.431280349771223322e-02,1.419781047000487524e-02,1.439114388136045371e-02,1.787574367644572879e-02,3.307411839839968087e-02,4.603588540925963174e-02,3.784902437926455920e-02,3.336309745883293126e-02,6.355149959449653274e-02,3.111478751985954222e-02,7.267540852437802401e-02,4.414911988511406593e-02
6.197214957388854327e-03,3.359391357318542142e-03,6.552064517749823722e-03,1.773777285686637360e-03,1.287701747253659377e-03,1.369752575679454923e-02,1.361652382547560644e-02,5.064250842100345359e-03,2.239258969249618286e-02,2.285103805251764014e-02,1.147312668999439164e-02,2.119541237066892639e-02,8.914237048091723514e-03,1.321200348573659325e-02,3.127718699839073663e-02,8.199422490544215972e-03,2.022032850205849122e-02,7.191748145521319191e-02,1.961270556604242932e-01,5.447086594701073814e-01,0.000000000000000000e+00,1.039919737458397803e-01,1.542480843168295146e-01,1.222907446699129930e-01,2.795127384639166379e-02,3.582912962424616987e-02,1.297315826931267346e-01,1.172369336567596065e-01,1.310203362717118070e-01,4.268253841274320670e-02,5.033409627843560968e-02,3.913279680911464081e-02,2.668081054836576871e-02,5.900386180269088371e-02,5.144437107229826028e-02,6.231759437581298189e-02,4.115970973940522720e-02,4.145549122448600327e-02,2.546523872519808329e-02,5.079178241253538145e-03,1.472450256104682401e-02,8.530423033858753126e-03,3.665054614855106641e-02,1.015867842107813154e-02,1.525265804907394857e-02,3.088635093891179892e-02,4.190560805968890877e-03,4.246543213239966502e-02,1.932951695047726778e-02,1.969045193800550778e-02,1.037821721576042550e-02,3.630112773665148534e-02,1.083348664686770678e-02,4.537648624655954595e-03,8.653003906343156165e-03,1.093687108190438250e-03,5.595698878433429807e-03,5.191484091922738200e-03,1.055225698198599890e-02,1.295266936823378373e-02,4.604414279827566750e-03,1.883487219946395480e-02,6.090906459621690111e-02,7.718559984687138609e-02,4.507600013962717589e-02,2.639477260705917760e-02
4.701077023980034658e-03,1.083437504116101105e-03,2.164455508933080946e-02,6.793659897276373497e-03,3.944277337420793068e-03,3.457940917306299988e-02,6.385646631522340355e-02,2.785393654786538428e-02,2.992881470572448036e-02,5.545382381486890083e-02,1.849518217368902734e-02,1.312804941693740055e-02,3.072269479238210615e-02,2.378717960392542907e-02,2.721137394756731331e-02,6.032602981308828743e-02,7.494803733505532584e-02,5.964914943160633254e-02,1.346728834155089781e-02,1.990870193888284387e-02,1.039919737458397803e-01,0.000000000000000000e+00,2.631464666596690094e-01,9.777337357905678539e-02,1.640930036043690976e-01,1.935782286156122189e-01,1.723839233740757371e-01,1.184222529804992291e-01,9.484093362142116679e-02,1.124708263568456601e-01,9.104162330817790194e-02,2.309756517558769762e-03,2.820004620117615157e-02,3.727164185361491605e-02,5.014584189684226367e-02,1.685851652271319612e-02,1.144936182888871452e-02,9.645914925968225584e-02,1.054854770792760105e-01,4.155369986576922664e-02,2.838811610458483528e-02,1.877320383117472152e-02,1.001702880792299834e-02,9.382825210283343709e-02,1.642883144465202283e-01,9.121039728140066527e-02,4.238334305654935935e-02,1.805624727316686440e-01,4.794259962547420262e-02,1.209294171124172639e-02,5.396959066524744525e-02,1.154839504515358002e-02,4.076991614838628569e-02,4.054502197860594681e-02,1.711715108793126702e-02,2.227861765613903602e-02,5.671215838459684778e-03,3.258199423972259895e-02,6.724966873005659707e-02,6.543059006784095188e-02,6.771794612498932553e-02,4.887882053848503078e-02,5.312315904060491839e-02,1.244469862794291524e-02,4.903306372225556264e-02,3.324975892805262512e-02
1.266040498478459599e-02,8.688576358158159318e-03,1.846441572528242925e-02,1.384610989979959475e-02,4.129195488894466144e-03,1.839633342884003028e-02,2.319380841626177830e-02,5.916447772457571891e-03,3.923281354547583817e-03,1.148715074101933943e-02,2.653578424710775849e-03,8.515175124891659342e-03,1.391906523462206960e-02,3.574435172083336235e-03,7.389694330521774483e-03,2.676519545162411862e-02,3.576080735323456522e-02,7.572150210318587260e-02,6.035748354484137858e-03,1.644103236939628565e-02,1.542480843168295146e-01,2.631464666596690094e-01,0.000000000000000000e+00,1.456309561003601150e-01,8.629497077310158137e-02,2.765218226245348410e-01,1.763064213070674180e-01,2.047837335787823232e-01,7.197703362594770615e-02,1.091204645098403092e-01,1.220849908528368194e-01,1.999103279687224413e-02,3.114291472362252719e-02,2.045466821117857339e-02,5.542115654983389289e-02,1.497068026736980348e-02,5.864851836855948519e-02,7.697347493177639222e-02,7.445438746874163960e-02,2.698326806125436392e-02,3.543582160117159791e-02,3.748002471556351189e-02,7.822001660208407342e-03,1.646993235745130429e-02,5.262470468471634050e-02,6.287583170620471285e-02,3.960648249349221772e-02,4.051039937217745107e-02,2.837657459706652893e-03,1.773345912517446110e-02,4.894652568258667930e-02,6.274609594621875612e-03,7.978249136348423629e-03,2.381313417494657688e-03,2.327279089910270007e-02,4.053276205490607270e-02,6.785299057279241264e-02,5.914312733339025657e-02,9.316669588130380847e-03,8.467524320542117733e-03,2.023167994463045266e-02,4.314477902808925430e-02,7.841756107505020584e-03,1.156249274111174029e-02,1.562024900736890334e-02,1.190602771003471984e-02
1.220695465324599105e-02,4.453141885929296807e-03,6.678121371736444115e-03,1.409397799870083443e-02,1.185887489535133663e-02,9.702498696929476307e-03,1.707135088164813200e-02,9.778654944012938471e-03,3.068693916113464544e-03,2.362771925778149595e-02,1.597875410335089508e-02,3.418837941006947628e-02,3.838458787477951745e-02,1.632707158323429275e-02,2.543390511752460781e-02,4.142913883545514681e-02,4.633593888351012630e-02,1.480524377158179694e-01,1.716378827054206024e-02,2.573951696366600164e-02,1.222907446699129930e-01,9.777337357905678539e-02,1.456309561003601150e-01,0.000000000000000000e+00,2.629489764911654426e-01,2.230690119231567570e-01,1.165635775289124432e-01,6.659483623338591229e-02,1.213529747323736571e-02,3.505187966238920705e-02,2.981932871999625617e-02,5.257436620642157860e-02,3.912564049853307913e-02,9.473168415151078658e-02,6.314796842599959548e-02,6.973118850491888399e-02,4.225359218321375621e-02,1.072056859436334858e-01,1.637006839314041062e-01,3.109392064767884170e-02,1.910059364230191209e-02,4.991959697540032659e-02,3.265453526549959296e-02,6.103163451165045418e-03,5.463356909317179655e-02,8.418492191886121911e-02,2.320332882839742580e-02,7.919654279307672406e-02,3.629466639510645076e-02,5.349829250215562201e-03,8.460323379984580061e-02,4.680924190369465526e-02,3.794164307045377882e-02,1.404364804570055331e-02,6.606869991157751816e-03,2.162303192056593340e-02,1.668091307158206527e-02,2.462778653603069426e-02,2.237992153488814820e-02,3.057558798169014019e-02,1.093933399966472673e-02,2.845316332520449187e-02,1.057499095887727558e-02,1.870416091791327409e-02,3.349699304389526424e-03,9.660154121535131574e-03
