0.000000000000000000e+00,4.128195310490609393e-02,2.739571899330816088e-02,7.209380126552648871e-02,1.386162541616307517e-02,2.508515657022663756e-02,1.696248491116261053e-02,2.667248305371190350e-04,2.183615369662121955e-03,4.151198403237563173e-03,1.445434000767089298e-03,2.710811307365883650e-03,2.401506484000400388e-03,6.911948372907110580e-04,6.604396293753735103e-04,3.350633799291981014e-04,2.119194842170197754e-03,2.062373139766787711e-03,3.077637521386847362e-04,4.026491600693862805e-03,7.006996659656382614e-04,1.639546829337542840e-03,4.919713552738004059e-04,4.107836392051364264e-04,2.277448974370825403e-03,8.170663279639903565e-04,4.179358702038773023e-04,6.252592996176941243e-04,1.084406167205270244e-03,2.223693246083212186e-04,5.228521583105044364e-04,1.957456831624352928e-03,1.503793501118316344e-03,2.622510631032435712e-04,9.913303072795096819e-04,8.281980986133249045e-04,8.956776464948588371e-04,3.922837177695328811e-04,4.585944592602242994e-04,1.539296554447750843e-04,4.001311135697514440e-04,1.281418076427554486e-03,5.619560260563368414e-04,1.171668090990690301e-03,2.060848449498851008e-03,1.831925862526338582e-04,8.115042482595438917e-04,2.380684651596365938e-03,7.983926487003168608e-04,1.013422158559383005e-03,4.977188956684654685e-04,6.241891386094573909e-04,7.497250613828631161e-04,3.093298291086674155e-04,2.898593607668011485e-04,4.137394725048270305e-04,2.455535639580831123e-04,5.825337192673554071e-04,1.416280483507968918e-03,8.018555109971332515e-04,2.872385049924363123e-04,9.716676009351871970e-04,5.760074686509618043e-04,2.654019147165403211e-04,1.800134382439858049e-04,3.328194687682433923e-04,5.130224176612303844e-04,4.598945128078614671e-04,3.917319201680299033e-03,3.872456946308409486e-04,2.172672132710497651e-04
4.128195310490609393e-02,0.000000000000000000e+00,8.428813994420158995e-02,5.229068404411327947e-02,5.319637490139194486e-02,1.825715936886617916e-02,9.975609467634328695e-03,6.138154876509344104e-03,4.512603000556534433e-03,3.508905635583279246e-03,1.768533212925408726e-03,1.359960919980244013e-03,1.092295959228819060e-03,3.228477284140659565e-04,7.668425618704007929e-04,2.178580615583686187e-04,1.518922702720449346e-03,3.692821968542694608e-03,3.343194684553996566e-04,4.445877576744154160e-03,1.946213803214732595e-03,8.415107623614848792e-04,1.399104201299807525e-03,4.648854265959705763e-04,2.104155185465759852e-03,2.924294052199566851e-04,3.359027715458301109e-04,1.186998338544316585e-03,1.505333542253113914e-03,3.928125753449287420e-04,6.057044434407305193e-04,4.832599694556681189e-03,2.905649840849535998e-03,7.494996693698988523e-04,2.310503129714832835e-03,9.635069640343374257e-04,2.532814778714298758e-03,2.750068699657228898e-04,1.428220216349720051e-03,8.820154936213418177e-04,1.636200118531028072e-03,2.083285815647139497e-03,3.429462536692047341e-04,5.669028611927820049e-04,3.204577258188794249e-03,4.505856120558273900e-04,1.447129326803535529e-03,1.321509130995250246e-03,1.629674913906907410e-03,1.986654436827253647e-03,1.127021279704537929e-03,7.129215235848121576e-04,3.822198793566165429e-04,2.450009770171847042e-04,4.418826945391904782e-04,9.574815948601119505e-04,3.246189086713527762e-04,1.518349340927539455e-03,2.025424224339523148e-03,1.118710162327431635e-03,6.953008067816813251e-04,5.626332079796045587e-04,8.097435365570559767e-04,2.503741787474441315e-04,3.548610659629017425e-04,4.796702162219784391e-04,2.597029726962784505e-04,3.578972674298465839e-04,2.004371258043920884e-03,2.246573972957177688e-04,1.148832732531725404e-03
2.739571899330816088e-02,8.428813994420158995e-02,0.000000000000000000e+00,9.973320710515372334e-02,8.366870311360402601e-02,8.215787249488618049e-02,1.151026541231629438e-02,1.069250598933396256e-03,2.573672170496805849e-03,7.164128330344395361e-04,2.124897486031393674e-03,7.188032884242555711e-04,7.798171432483416059e-04,1.266765377388464437e-03,2.998658093310680329e-03,2.133806986660638418e-03,1.312401818693722340e-03,5.815499421730088367e-03,6.203486151783799748e-04,7.122326615687240778e-03,3.257221893057471972e-03,2.209607100614252757e-03,2.215883209480930087e-03,1.810607643086780327e-03,5.583527089568508447e-03,1.348604060719792901e-03,1.108493518987790135e-03,3.253588644270275984e-03,6.554616443888086966e-03,6.059979134773355947e-04,1.078453993612879308e-03,3.664462568016007334e-03,3.624661301978750541e-03,3.557011147027956980e-04,6.913775734417816968e-03,2.125846994159448153e-03,5.058534503859419412e-03,5.067634718219869976e-04,6.364435651927658442e-04,7.885289613705088454e-04,9.113537744354443214e-04,5.655159786283114019e-03,1.602657308721571264e-03,6.195095573649201347e-04,8.236390218348443176e-03,1.782375224950944912e-03,1.381086925817873873e-03,3.666664744226354623e-03,3.173452197394341975e-03,1.590494581909839781e-03,1.024666879330582555e-03,1.766736526631872313e-03,7.028090024144932873e-04,8.829872860667852853e-04,6.956321405828414395e-04,1.499077192811750208e-03,3.072245671379769194e-04,1.704933863543629888e-03,5.265091109431855026e-04,9.562820930090244493e-04,3.693091284774241423e-03,5.693550525851374944e-03,3.337189730591115771e-03,2.284363243716237054e-03,1.312338780443623055e-03,4.597333220929473497e-04,3.208325258511157511e-03,9.437143722319556649e-04,2.949896424790510304e-04,8.733935547534446564e-04,2.108247881214098379e-03
7.209380126552648871e-02,5.229068404411327947e-02,9.973320710515372334e-02,0.000000000000000000e+00,3.562759290441883803e-02,2.850018957261345187e-02,4.600967614343794143e-02,7.565797452101873273e-03,1.507510564077333987e-03,7.033517946484720874e-03,9.601607201978706830e-04,1.081388708002942482e-03,4.719688663132542788e-04,9.867813519967517846e-04,2.006117045730556464e-03,1.235988341587024655e-03,4.563386510653188143e-03,6.243917540792964099e-03,4.471103427623609843e-03,3.708637132156237214e-03,2.075736773555631343e-03,2.477098942923497589e-03,2.266780915483468037e-03,7.081282135447397597e-04,3.864008490309619234e-03,2.042342634494389263e-03,2.896378221639975270e-03,1.010525169254126955e-03,6.166432761758251432e-03,2.967510144756034442e-03,1.527708451725656681e-03,4.268540525264169321e-03,6.097718020826992276e-03,1.536541338995653589e-03,3.086682370393948899e-03,5.034456056502163712e-03,1.140633426840892547e-03,8.937979421570662253e-04,2.049936041350937030e-03,5.823591005953309601e-04,1.198390125379181562e-03,7.460849117612119129e-03,2.504290900927832607e-04,3.342027273121076446e-04,4.488032546424307150e-03,3.383409250186765818e-03,5.806330297967798393e-04,8.016318814436521403e-04,6.609401719701960345e-03,6.837816950293746070e-04,1.081891902500503990e-03,9.025148000282753836e-04,3.999493501117863800e-04,2.995725781240116733e-03,4.409249853053592025e-04,4.986335519495520112e-03,8.709526252483826151e-04,7.292828006802354150e-03,6.985730422965521873e-03,6.936992457042084198e-03,2.654197741634099252e-03,3.174914832730368203e-03,4.201140805152339349e-04,1.069042120460453977e-03,3.278456448678666283e-04,2.116192647950693292e-04,1.245758724219749080e-03,7.827730060280312183e-04,6.927948068225541281e-04,5.758927844573663015e-04,8.504265011523972967e-04
1.386162541616307517e-02,5.319637490139194486e-02,8.366870311360402601e-02,3.562759290441883803e-02,0.000000000000000000e+00,3.888323489098564206e-02,1.027457622791446215e-02,3.744791910762765991e-02,1.015876434404850218e-02,1.879138377754256684e-02,1.500640100231981876e-02,1.697710052465166604e-03,6.257070740036117015e-04,3.318863528033655450e-03,1.525802086725613601e-03,1.469576949334876767e-03,1.177262570645780078e-03,3.349510590545989267e-03,1.463191724204699869e-03,9.879981499266246320e-04,4.488775755779169686e-03,2.230176315491573351e-03,3.750896249211206450e-03,6.889216489794858407e-03,1.473924215236066364e-02,4.536617385418890112e-03,9.814841442424130681e-04,8.193664323251152433e-04,2.869685947096672213e-03,5.882821861932317070e-04,2.551103252324245577e-03,4.178727467811530101e-03,2.889119150950214022e-03,2.335818369919047139e-03,1.090786441722383510e-02,3.256598625625881701e-03,6.569730996436076199e-03,1.003287738035929522e-03,5.327795084056525382e-03,1.940226075149692649e-03,1.915140892025084945e-03,5.013389685709305349e-03,2.629394126149031501e-03,3.935640291841826870e-04,7.777935831837741627e-03,2.598615948054608209e-03,8.318867608110341785e-04,2.042484781202055961e-03,6.913787115767571975e-03,2.868506187237433724e-03,3.073605380019299102e-04,5.851658110144200217e-03,4.888001824029891522e-03,2.929235263823979241e-03,5.053507941085158203e-04,2.074863491448517439e-03,3.633499516032098666e-04,9.161573302696542423e-03,2.900096531244752626e-03,1.414570148919010997e-03,2.530976119908406007e-03,4.074057978611204077e-03,1.072224573122713010e-03,1.464125214578959134e-03,5.457210632515669497e-04,7.887800378246990953e-04,2.166575601580472514e-03,5.748639660031538805e-04,1.240867966981269461e-03,3.104598219694716926e-03,3.134257117458894275e-03
2.508515657022663756e-02,1.825715936886617916e-02,8.215787249488618049e-02,2.850018957261345187e-02,3.888323489098564206e-02,0.000000000000000000e+00,4.995745583335935852e-02,2.902719865536249749e-02,3.224099536955274403e-02,2.132894876492645933e-02,5.805287351802234166e-03,3.730618699136343652e-03,1.221231384085560588e-03,5.836849717509017335e-03,2.295377304742296422e-03,2.041252532613373021e-03,3.507897645946227334e-03,1.418647861103308977e-03,1.906579667689779593e-03,1.241888627996886501e-03,8.056524375439442359e-04,8.629277618397658469e-04,3.602233420444609507e-03,1.808557110711807043e-03,8.329339348115577871e-03,5.350593025136331227e-04,7.940902554170507993e-04,3.928830301122355692e-03,5.108918120934610903e-03,1.232842345825697341e-03,9.476900014554644940e-04,6.980636069522781761e-03,2.221663320344058595e-03,9.002924954662262259e-04,5.021731516391300144e-03,7.645084037469181745e-04,1.287359289147565989e-03,6.299066088016942342e-04,3.200463634200619717e-03,1.086477773246836108e-03,8.187438259082350633e-04,1.419073855725105655e-03,4.743389507879810997e-04,6.183697677683703793e-04,1.620390358234527310e-03,1.296727361801002041e-03,3.776362517365871837e-04,6.046432951800419535e-04,1.429438266771134152e-03,6.339463264539645874e-04,2.863413760201250456e-04,1.747010661064191464e-03,1.143307182688106920e-03,8.021343787453316752e-04,3.102915548774195392e-04,6.561910913034185808e-04,7.313369262258464197e-04,2.640303711253694924e-03,1.604929173561087542e-03,5.037721255512465782e-04,2.883687229019772993e-03,9.603329637327700022e-03,2.517717830683309076e-04,1.204854057634194070e-03,5.170435790187664351e-04,6.766681430596283324e-04,9.739789502939875075e-04,4.410347205635042423e-04,1.598181482231653214e-03,1.577641652102205203e-03,7.037876639071324924e-04
1.696248491116261053e-02,9.975609467634328695e-03,1.151026541231629438e-02,4.600967614343794143e-02,1.027457622791446215e-02,4.995745583335935852e-02,0.000000000000000000e+00,1.976890159335656372e-02,4.508082010539090495e-02,3.913564574221743697e-02,1.544649791114378889e-02,4.979385465175904975e-03,9.501349147253249387e-04,6.831271276844592261e-03,1.055651373225676912e-02,3.508169785862201052e-03,5.880886671544772147e-03,1.492253220940888223e-03,3.656310546293331607e-03,2.938683617847278207e-03,3.169963784242104017e-03,3.184334062993408269e-03,7.684126866032330375e-03,5.913350396662169633e-03,9.846817415502270507e-03,2.135139104117526540e-03,2.093924412556077887e-03,5.752029713124814274e-04,2.355461387710593331e-03,1.696714009014069213e-03,4.303107482016876634e-04,5.329041856835330625e-04,1.680122437017095727e-03,2.866114545755589493e-03,1.907093564338915338e-03,2.478154688373034129e-03,1.486928555449016200e-03,1.257659265643190985e-03,3.783865581395108244e-04,1.156957480785624545e-03,1.386754475704446562e-03,7.915573265349823461e-04,7.499985926468253706e-04,1.384702965613871005e-03,9.132485732375680582e-04,5.246042321138319735e-04,5.103765120988720903e-04,1.196341410584510039e-03,4.208031823394774770e-04,8.904850854337951257e-04,1.604710354825428014e-03,1.227941992387025826e-03,2.612965263253255645e-03,1.181815377511392278e-03,2.393774187094573330e-03,9.561289047848133601e-04,3.568244796471729428e-04,6.654221644739480648e-04,3.074007346783909876e-03,7.263835416511107241e-04,7.121914087890551630e-04,1.194979248536452796e-03,4.753039603827086991e-03,1.084274959894904319e-03,2.353706903041253434e-03,1.907871468117625395e-03,8.326057119206203708e-04,7.648966990445933050e-04,8.832358213647099800e-04,1.413076878634035409e-03,2.073135697685065792e-03
2.667248305371190350e-04,6.138154876509344104e-03,1.069250598933396256e-03,7.565797452101873273e-03,3.744791910762765991e-02,2.902719865536249749e-02,1.976890159335656372e-02,0.000000000000000000e+00,8.477321588531283592e-02,6.130353516982288420e-02,9.969315276925247438e-02,3.054754259148939610e-02,5.475278013944253827e-03,1.409453445842141772e-02,7.656116548891889542e-03,2.493482457679578688e-03,5.293009391868561250e-04,3.838486433782986856e-03,2.604101452986331330e-03,3.238479784921245025e-03,1.310038372268102543e-03,5.084956911283976082e-03,1.819926386013834101e-03,1.662248849756304755e-02,6.718350801488357123e-03,1.040962841582762644e-02,1.718944268846306139e-03,2.739052401263539389e-03,1.068176829338724106e-03,1.001906172144888946e-02,1.371352438093165422e-03,2.305502611880058846e-03,8.080533241360580380e-04,6.380359623359194068e-04,2.457702601487026395e-03,3.415814313176057226e-03,2.819829912866410760e-03,3.042730453707918458e-04,6.441865566900715351e-03,1.044754397646885640e-03,6.076271110735604122e-03,2.869924962618117205e-04,1.099418831608068225e-03,1.221707049891640343e-03,4.126226748942302472e-03,7.563910532801550570e-04,1.988011800441492633e-04,7.358248550936615298e-03,1.725240809560247245e-03,2.953915997436837651e-03,4.468119653662593993e-04,3.086470056216757390e-03,3.249763569386331184e-03,3.744890219104542086e-03,7.558671117534415890e-04,1.215489827962625913e-03,2.061300305594527399e-03,2.653966366211975899e-04,2.564426167361996624e-04,1.045745665852199817e-03,1.235201713298953331e-03,2.963066755137882657e-03,2.646000183940693971e-04,1.916761823498479376e-03,6.083532457180002625e-04,4.322900496701433202e-04,7.301465508632649058e-03,7.644260760451858979e-04,7.209922579973386059e-04,3.266853176676536366e-03,1.186658550733584762e-03
2.183615369662121955e-03,4.512603000556534433e-03,2.573672170496805849e-03,1.507510564077333987e-03,1.015876434404850218e-02,3.224099536955274403e-02,4.508082010539090495e-02,8.477321588531283592e-02,0.000000000000000000e+00,2.936575084663026539e-02,3.586259344590284753e-02,6.542184526661255772e-02,3.039154851724955829e-03,1.613854962788007635e-02,5.107411845816886217e-03,7.522511672183447747e-03,3.605816064500533356e-03,7.158277878016283376e-04,2.231201960418691555e-03,2.867171468189560427e-03,1.746099455698702386e-03,1.071012327608722101e-02,6.542587493394683498e-03,7.834832653134431862e-03,3.375918075247639604e-03,2.860381692152243888e-03,6.922976841826236714e-04,1.700373050217609183e-03,4.308059047983036423e-04,2.923887230300928081e-03,1.069915210721073028e-03,1.748328978131461408e-03,3.969802967269727562e-03,2.829752410329539059e-03,3.619362050798032981e-03,2.032560182060447543e-03,4.635898464764946205e-04,3.801241752885882452e-03,1.655875958648383777e-03,2.335704220065033658e-04,2.210776181520433901e-03,1.382245711106083134e-03,4.089810338994568674e-03,2.254021538997734615e-03,8.403660556471886228e-03,2.041875724369419769e-03,1.084795983346142955e-03,3.125527596589284390e-03,2.562149427865216458e-03,6.781869748281006216e-04,4.490321534945021682e-03,4.719153907608093085e-03,4.878671698995620289e-03,5.035091510201965964e-03,3.059343354187688793e-04,3.774724760143718613e-04,3.734876411897251804e-03,1.649672100893648718e-03,1.758910886038660007e-03,1.043854996781190016e-03,3.379913576524499162e-03,4.264951785472893657e-03,2.607898204681944557e-04,7.977175551759694118e-04,1.335301985856578123e-03,5.077518574168599216e-04,3.556739035345666666e-03,9.371292155221667150e-04,4.907493676714620723e-03,1.342590788785704130e-03,3.035145523095928062e-03
4.151198403237563173e-03,3.508905635583279246e-03,7.164128330344395361e-04,7.033517946484720874e-03,1.879138377754256684e-02,2.132894876492645933e-02,3.913564574221743697e-02,6.130353516982288420e-02,2.936575084663026539e-02,0.000000000000000000e+00,6.901877299708818192e-02,4.676460581364944719e-02,5.747215646445153446e-03,2.906595013768194929e-02,1.234177125171492112e-02,3.970588864085492983e-03,2.526861563320128862e-03,2.461430084347266279e-03,2.903770923846484518e-03,4.202212441873432250e-03,3.891699224024752508e-03,9.808929940412517909e-03,7.250321190819117995e-03,8.658790703286506699e-03,2.434754539128250201e-03,5.323477692885144295e-03,5.281405102098081809e-04,3.597612470537473058e-04,6.793081020288941826e-03,6.981240847895246737e-03,4.174977640585538462e-03,2.408926091813489139e-03,2.279193686154407702e-03,4.535327952568982482e-03,7.497221024363836563e-03,4.836893644173059607e-03,6.018783233963039036e-04,2.844825980101055481e-03,7.239242055863314091e-04,2.897365290393865366e-04,8.964253142889467120e-04,9.130579326165265365e-04,5.674394904632952888e-03,1.810807435695241385e-03,3.137883981525519880e-03,1.441339889571443883e-03,3.018202701178727271e-03,1.487381637538678393e-03,1.439404538003063571e-03,1.431823465984330586e-03,2.089178924057365910e-03,1.929734514951282414e-04,2.146002690565229284e-03,1.876220693640173135e-03,1.118360295797435691e-03,3.748338022676540372e-04,3.960460904174668145e-03,7.489134077737049158e-04,1.231872566406589558e-03,2.049168714691177416e-03,3.416159702919909554e-03,4.870935307780412983e-03,3.706007873835991291e-03,9.579699237636234155e-03,2.623935204822572080e-03,7.328276201680149031e-03,4.543815793601636323e-03,1.554404360261555946e-03,8.285689886050805154e-04,1.097404658445023723e-03,1.732056460342514372e-04
1.445434000767089298e-03,1.768533212925408726e-03,2.124897486031393674e-03,9.601607201978706830e-04,1.500640100231981876e-02,5.805287351802234166e-03,1.544649791114378889e-02,9.969315276925247438e-02,3.586259344590284753e-02,6.901877299708818192e-02,0.000000000000000000e+00,6.084374099858644303e-02,1.870670416146542892e-02,2.162532166803912345e-02,2.666078178781083538e-02,8.046516740835516282e-03,3.113551204414166142e-03,1.477062902717020615e-03,2.057096676197089653e-03,4.946913855430038268e-03,6.733973285723464722e-03,2.066402104873336920e-02,4.988881287354336204e-03,1.714683080135340904e-02,3.518676383776650745e-03,9.807410048954048193e-03,1.304519540876505337e-03,9.164641276684560092e-03,3.162724441765897739e-03,1.849243692353344862e-02,2.180939717647603030e-03,1.366256008450936503e-03,3.174158219853122961e-03,3.396946295019080860e-03,9.671110392926650324e-04,4.460583754693435410e-04,1.699659544211510340e-03,3.162214612240847969e-04,8.448877623787448814e-04,5.569760679334438518e-04,7.672727331676239271e-03,3.884618439559492267e-04,3.996709457348737206e-03,1.958536951312998733e-03,7.486574746535407457e-03,1.933157214751296408e-03,2.234910001137780516e-03,6.786749035561588303e-03,2.938982205686810172e-03,2.242427306886123246e-03,3.780903971130511031e-03,6.935329200184968922e-03,4.863957547633057307e-03,6.776746283005285164e-03,4.151976893914431448e-04,2.537242771616327140e-03,8.010582146907944609e-03,1.026139888466010095e-03,2.098077185101475655e-03,3.889931789177191596e-03,8.431783343873577386e-04,2.019489914335670724e-03,4.254206182365600120e-04,2.776920123826360186e-03,3.520551095352338240e-03,3.985868280500714719e-04,1.052112027988139423e-02,1.984149406607323921e-03,3.901435205364296287e-04,1.805628836966811923e-03,1.889412849828275062e-03
2.710811307365883650e-03,1.359960919980244013e-03,7.188032884242555711e-04,1.081388708002942482e-03,1.697710052465166604e-03,3.730618699136343652e-03,4.979385465175904975e-03,3.054754259148939610e-02,6.542184526661255772e-02,4.676460581364944719e-02,6.084374099858644303e-02,0.000000000000000000e+00,2.706869325547154106e-02,7.068117830456409866e-03,1.586479322138329220e-02,1.155226711406827367e-02,2.250244708666915630e-02,6.167259694118228629e-03,6.886760235199284978e-03,8.112099756657992558e-03,6.544035067010646294e-03,3.467081201531284178e-03,2.049883835346796249e-03,6.250956204964582853e-03,2.050860525596276407e-03,1.186901959932468165e-02,5.492309346045431799e-03,1.023677276134823955e-02,4.322726747744734012e-03,1.154562361455780057e-03,8.627892717342273976e-03,1.241688573380670757e-03,1.982062112342313116e-03,2.750459531573737956e-03,1.620913758939362612e-03,1.292141914793588225e-02,1.721236895326829072e-03,1.514313606287781252e-03,3.566202307263368915e-03,8.604776895087321714e-03,2.094776499878942943e-03,1.418621522993195961e-03,5.885728635865485059e-03,2.640677676724129553e-03,1.426608551011803241e-03,6.961266150684735331e-03,5.367535702385649310e-03,1.279348732617650603e-03,6.613233965972633958e-04,3.203621889309408912e-03,2.298984085019803707e-03,4.674431559282593487e-04,3.877754386353779448e-03,2.567162418817796202e-04,8.307808640773241618e-04,8.547803976869168974e-04,2.478158118071402535e-04,4.178343833778199422e-03,3.440607312988096852e-04,4.424475064572621968e-04,1.274156953589014639e-03,1.409861581461793962e-03,2.270073249458844263e-03,2.426210625207913044e-03,1.942627769766329827e-03,2.114918334417118916e-03,1.385502237593935759e-02,3.683538882499794035e-04,1.914968446803459864e-03,1.126068043444903612e-02,4.756404357772961097e-03
2.401506484000400388e-03,1.092295959228819060e-03,7.798171432483416059e-04,4.719688663132542788e-04,6.257070740036117015e-04,1.221231384085560588e-03,9.501349147253249387e-04,5.475278013944253827e-03,3.039154851724955829e-03,5.747215646445153446e-03,1.870670416146542892e-02,2.706869325547154106e-02,0.000000000000000000e+00,1.277023261068071514e-01,7.093438210890060103e-02,1.611670889583428079e-01,1.121693886037471999e-01,6.794611649235965389e-02,3.468241830024483552e-02,4.207444089674115123e-02,2.211489532444394987e-02,1.515605273056491557e-02,1.148834840152968689e-02,2.740362099646225305e-02,2.042164076141135022e-03,4.233040454124240015e-02,3.231459255105469802e-02,2.303766270154852108e-02,2.206867756396980323e-02,1.376526947977798482e-02,2.528339176017399548e-02,1.501468565455726023e-03,2.312357545108672413e-04,1.069776151969554882e-02,1.921970857003061457e-03,3.854638985304692077e-03,9.362095431176975166e-03,2.209770967773963188e-03,3.037890733008658320e-02,1.817629120114933050e-02,4.657227508614454267e-03,1.718913983023550446e-02,5.758348452458271309e-03,5.885854842383569409e-03,2.785080269342073058e-03,2.951306481010008628e-02,5.174466495804999231e-04,2.624193034933631000e-03,1.494148389434343284e-02,5.079904832874529430e-03,3.502873416994569181e-03,2.432719231602156794e-04,5.090650946662885618e-03,1.335671175751960591e-03,4.132144256573947773e-03,3.827220481316375746e-03,3.782877011309135513e-03,3.159287879618182318e-03,1.528073137983916412e-03,3.734674354242446467e-03,4.416811331982493341e-04,6.897607273566393107e-04,1.737511843050596957e-03,5.193002908070665051e-03,3.946366155553844741e-03,7.970303181057123484e-04,1.509787171863616675e-02,1.611067616201560578e-03,1.122756896266802716e-02,1.498305538981659774e-02,7.838963978927221410e-03
6.911948372907110580e-04,3.228477284140659565e-04,1.266765377388464437e-03,9.867813519967517846e-04,3.318863528033655450e-03,5.836849717509017335e-03,6.831271276844592261e-03,1.409453445842141772e-02,1.613854962788007635e-02,2.906595013768194929e-02,2.162532166803912345e-02,7.068117830456409866e-03,1.277023261068071514e-01,0.000000000000000000e+00,5.920785702359381009e-02,4.096958748005688142e-03,1.392905264450569891e-01,8.109050609461461445e-02,2.358199755554683114e-02,9.164977111840032220e-02,1.899246266619464968e-02,7.071825271456931572e-02,2.250236573996946751e-02,1.131060082001171530e-02,9.506547517796169397e-03,4.618996564957966039e-02,9.827931512308173134e-02,2.717366056396414500e-02,2.737676505793965737e-02,1.537758365780421584e-02,6.719038837504767714e-02,2.782903178435906441e-03,1.307475929642134410e-02,1.189366052995242777e-02,2.762350897990917091e-03,2.292349086736461886e-02,2.316340552252883073e-02,7.278997857858917307e-03,5.340889382730091423e-02,3.279619571675955469e-02,1.841473066020090851e-02,3.752966181004448176e-02,2.124177195602343013e-02,1.949193322175190451e-02,3.908265464712233281e-03,5.991533571302889993e-02,6.396291485536313758e-04,2.366192021877097304e-02,2.999660108823635693e-02,3.113988945860932112e-02,1.406648080904729196e-02,1.466014598146799528e-03,2.377907019254203030e-02,8.106394536446511617e-03,2.860062894324724974e-03,6.036707815780743835e-03,5.120532463312429776e-03,7.010745308514758313e-04,3.385499130599725626e-03,2.903658044856805270e-03,9.104912310727988423e-04,6.861230889210686050e-04,4.520456484772867743e-04,5.838158104884195489e-03,3.324599607645166953e-03,1.239131932125569742e-03,2.849501039649430037e-02,4.656938879022067164e-03,1.666231599464631716e-02,3.424715497661399294e-02,2.833472969107913089e-02
6.604396293753735103e-04,7.668425618704007929e-04,2.998658093310680329e-03,2.006117045730556464e-03,1.525802086725613601e-03,2.295377304742296422e-03,1.055651373225676912e-02,7.656116548891889542e-03,5.107411845816886217e-03,1.234177125171492112e-02,2.666078178781083538e-02,1.586479322138329220e-02,7.093438210890060103e-02,5.920785702359381009e-02,0.000000000000000000e+00,4.413024606597009541e-02,1.667279423167416785e-01,9.143359421391963893e-02,3.381465315982732506e-02,6.305804697540969006e-02,3.417587070008593075e-02,4.763213409593776426e-02,9.572228252803770005e-04,1.502839476441121536e-02,2.003012375043140836e-02,3.564846404111281231e-02,8.994291134936148457e-02,6.363583135709454004e-03,7.306363314918346008e-02,1.986824579386835959e-02,2.876304901433916761e-02,2.197181391040822773e-02,5.877604026786028071e-03,4.747793038692139228e-02,3.445359263399748028e-03,4.841248313188889463e-04,1.019444742963924316e-02,2.229800245777059306e-02,7.039050090104972957e-02,4.800834495411195058e-02,5.206628757884928377e-02,3.634910575028234975e-02,1.091995418879099233e-02,5.120953726133562617e-02,2.655544724285653722e-03,5.894035376243841884e-02,1.276309186231555821e-02,5.332677784407541949e-02,3.947983779559619683e-02,2.984637533717259331e-02,4.183630032164133150e-02,6.108025643909686421e-03,2.928230347776840294e-03,9.468926386385250523e-04,1.739395815635667863e-02,1.664414986429841800e-02,1.716734127779938682e-02,1.393530223603139939e-02,9.863151633528457682e-03,2.525144567510891405e-02,2.860352205705410204e-03,2.309783465799230065e-03,2.245221644228178985e-03,1.594213986089192819e-02,4.312132941667661153e-03,4.479780716243084854e-03,1.070265695153624352e-02,8.156167016566582498e-04,2.167611918724061081e-03,2.087825818940274372e-02,2.759966089062980497e-03
3.350633799291981014e-04,2.178580615583686187e-04,2.133806986660638418e-03,1.235988341587024655e-03,1.469576949334876767e-03,2.041252532613373021e-03,3.508169785862201052e-03,2.493482457679578688e-03,7.522511672183447747e-03,3.970588864085492983e-03,8.046516740835516282e-03,1.155226711406827367e-02,1.611670889583428079e-01,4.096958748005688142e-03,4.413024606597009541e-02,0.000000000000000000e+00,1.006624284613346076e-01,6.096803965955938098e-02,3.660614944592327502e-02,3.462734760593610267e-02,3.822985101254867957e-02,1.705975067116689142e-02,1.039890695400400369e-02,5.962122706528896754e-02,2.853338606490784732e-02,1.081414546807307059e-01,7.147501007943590778e-02,8.203697454138476897e-02,3.606679487601129053e-02,1.037576966921948014e-02,8.345539911367606811e-02,1.600214085779802162e-02,6.913249284837380895e-03,9.364667071582294042e-03,4.294331644384644792e-02,2.243250446514935287e-03,3.410867387987447791e-02,3.765008880959313554e-03,5.121260289115774078e-02,1.009904546235089635e-02,9.818733186256162898e-03,3.329114644511230875e-02,4.527319075527158447e-03,9.733376439386917656e-03,1.284847543834663312e-02,2.399613326489544521e-02,5.183997885230575559e-03,2.500135015071476736e-03,4.670793248442831058e-02,1.245218555057027443e-02,8.636567256778299520e-03,8.058708908772260066e-03,1.913471567833442688e-02,8.984181384856416638e-03,4.086011964418739817e-03,1.978431422201193390e-03,1.877527540202887776e-03,2.122438353822537604e-03,2.813976357730399707e-03,1.938307850408002705e-03,1.499549045134877150e-03,4.167013257789455374e-03,1.533445228684761005e-02,1.095823957084716494e-03,5.653675714505982525e-03,2.768190289167041240e-03,6.567583778661953593e-03,5.179623492615995257e-03,1.997801989297788572e-02,1.163973937256007792e-02,2.673255455082339596e-02
2.119194842170197754e-03,1.518922702720449346e-03,1.312401818693722340e-03,4.563386510653188143e-03,1.177262570645780078e-03,3.507897645946227334e-03,5.880886671544772147e-03,5.293009391868561250e-04,3.605816064500533356e-03,2.526861563320128862e-03,3.113551204414166142e-03,2.250244708666915630e-02,1.121693886037471999e-01,1.392905264450569891e-01,1.667279423167416785e-01,1.006624284613346076e-01,0.000000000000000000e+00,8.707802397022890162e-02,5.552982150804478684e-02,1.293153476462826912e-01,5.678278975950175333e-02,1.087217130940798110e-01,4.722401120381038153e-02,4.805068643696705499e-02,3.481239501600470743e-02,4.017365952237780119e-02,1.255521625868001312e-01,2.662550753590884819e-02,4.697281460764259065e-02,3.435945351591701558e-02,1.428697909169144853e-01,2.481993565000949892e-02,3.499302696170431687e-02,2.392385276792678706e-02,7.501190754266265359e-03,2.632578876775887658e-02,2.899133362164987848e-02,1.969248041119232850e-02,6.901743560666238897e-02,3.368255767783980004e-02,4.276976711163808786e-02,7.139741749559400108e-02,3.335614461957451399e-02,3.872613797894383647e-02,3.231262524667240579e-03,9.327307677476689984e-02,1.752934270685279359e-03,2.489825281669835050e-02,4.068732245038363809e-02,5.595981316574590025e-02,2.420159538005146188e-02,2.702529035532851356e-03,3.756833533297958272e-02,1.951633911245982331e-02,1.294508912933648153e-03,6.042649566152838783e-03,5.643607566528040763e-03,1.631231424144439536e-03,5.299334792319750770e-03,7.609952868907574920e-03,3.223329961538938786e-03,2.899082887879552307e-03,2.130653854515002308e-03,5.751742139451361709e-03,5.959183918087916296e-03,4.536958136646541961e-03,3.042776468084541774e-02,6.820766557234972383e-03,2.467164686871073723e-02,4.583496329237966849e-02,2.161537866874507080e-02
2.062373139766787711e-03,3.692821968542694608e-03,5.815499421730088367e-03,6.243917540792964099e-03,3.349510590545989267e-03,1.418647861103308977e-03,1.492253220940888223e-03,3.838486433782986856e-03,7.158277878016283376e-04,2.461430084347266279e-03,1.477062902717020615e-03,6.167259694118228629e-03,6.794611649235965389e-02,8.109050609461461445e-02,9.143359421391963893e-02,6.096803965955938098e-02,8.707802397022890162e-02,0.000000000000000000e+00,2.039537713796176210e-01,7.398388352970847182e-02,1.806369658923860089e-01,1.000853574173207056e-01,4.097331031101814069e-02,1.190347325833807646e-01,1.104949614122243684e-01,1.849118854890073049e-01,1.475303300056817202e-01,3.859572141201360329e-02,1.245691058933692669e-01,2.921672691403280273e-02,1.237711932199065390e-01,4.706654051114685794e-02,3.845735606419141417e-02,9.898508514583301277e-02,4.560242851529058838e-02,2.734229213300650579e-02,4.615436559334833155e-02,4.410294586406841161e-02,1.087900356693548426e-01,3.747925444657395494e-02,4.108796898609282794e-02,7.896548626216153000e-02,7.866789303951838425e-03,5.783414555812502883e-02,3.446129580022155858e-02,4.986494582920579510e-02,3.938321652580113741e-02,1.677911780015915039e-02,8.653831033765012337e-02,1.566940363026968208e-02,4.759956427726426409e-02,1.181961614813614898e-02,8.075134103371064617e-03,8.666101445015237173e-03,1.754763100420803426e-02,7.171906284818467883e-03,1.017338042918104757e-02,8.583131530240612622e-03,2.427265806598515908e-03,1.015409046241219290e-02,3.617708494133069826e-03,5.234315963072957122e-03,1.821803779711213440e-03,1.199605808129517934e-02,4.190638313025043388e-03,1.868905953788464356e-03,1.207619654025600571e-02,1.257069792914746083e-02,1.691030157168590259e-02,2.089060588500453453e-03,1.365066161468599104e-02
3.077637521386847362e-04,3.343194684553996566e-04,6.203486151783799748e-04,4.471103427623609843e-03,1.463191724204699869e-03,1.906579667689779593e-03,3.656310546293331607e-03,2.604101452986331330e-03,2.231201960418691555e-03,2.903770923846484518e-03,2.057096676197089653e-03,6.886760235199284978e-03,3.468241830024483552e-02,2.358199755554683114e-02,3.381465315982732506e-02,3.660614944592327502e-02,5.552982150804478684e-02,2.039537713796176210e-01,0.000000000000000000e+00,2.560769373825178552e-01,1.760678374369408217e-01,1.367957228115659341e-01,9.331665884598670802e-02,1.590264842261136513e-01,1.153892152779008445e-01,2.291493997043476671e-01,1.766280926870795465e-01,1.698148391472939778e-01,1.118691982128926649e-01,9.592935638635258222e-02,3.639621646380292175e-01,1.164887382597614152e-01,1.085841179834154263e-01,3.048644687283893692e-02,5.780004167643798541e-02,4.441036801767123121e-02,5.339227784236051655e-02,4.336487036613653062e-02,7.701778732252852200e-02,1.122061432638349517e-02,2.511291800861556803e-02,8.253135530486976901e-02,1.614830328795028441e-02,5.412843436755628707e-02,3.312122050887456731e-02,6.721333643528246138e-02,1.842250894751670115e-02,1.325513356557709438e-02,9.954461873627815094e-02,4.427246066780416572e-02,4.681545534070263165e-02,3.045932487669437277e-02,6.659935392266010112e-02,3.195990073880359411e-02,9.104354656297958953e-03,2.478157102873558126e-03,1.066528061478804953e-02,3.290451376191795563e-02,3.043345929636054326e-02,2.472651685637474936e-03,1.549227107894384121e-02,7.119275988154218603e-03,1.381716885663011700e-02,3.665429766765993577e-03,9.613830261383076716e-04,1.145312085537806071e-02,3.656417238695066491e-02,1.192807583366528937e-02,3.343656232758950020e-02,5.012391625250293969e-02,7.801177378648471716e-02
4.026491600693862805e-03,4.445877576744154160e-03,7.122326615687240778e-03,3.708637132156237214e-03,9.879981499266246320e-04,1.241888627996886501e-03,2.938683617847278207e-03,3.238479784921245025e-03,2.867171468189560427e-03,4.202212441873432250e-03,4.946913855430038268e-03,8.112099756657992558e-03,4.207444089674115123e-02,9.164977111840032220e-02,6.305804697540969006e-02,3.462734760593610267e-02,1.293153476462826912e-01,7.398388352970847182e-02,2.560769373825178552e-01,0.000000000000000000e+00,2.236717661017887382e-01,2.591156957153508134e-01,1.961955800929632010e-01,2.670049729606261968e-01,1.568818103152249399e-01,2.287164570771485772e-01,3.496789860480792322e-01,1.250430635616700259e-01,2.088932431230090536e-01,2.232651321366345143e-01,2.255785417782650015e-01,1.510160043077926617e-01,5.705413368023878884e-02,5.436204333184555676e-02,4.201547170418501453e-02,8.791738936020600248e-02,4.142476316958382948e-02,7.167153879622310819e-02,1.334196524680776874e-01,3.165031189501183589e-02,7.392495058293135912e-02,1.194084882610112475e-01,1.250200170189128338e-02,8.402258856549819910e-02,2.629633519404407302e-02,1.520423630962307870e-01,1.365351460533809243e-02,4.096538561940455542e-02,1.066061556423977680e-01,7.706883406508258094e-02,6.248250657302689692e-02,8.308407997937665088e-03,1.812530298412776478e-02,3.901307352885994423e-03,2.840562054686028917e-02,2.992254382198045182e-02,3.098684540568056103e-02,1.872991416557191757e-02,1.931731412274918791e-02,2.384810447991522059e-02,9.780394969241585842e-03,1.068215869972624979e-02,3.985291123517377930e-03,2.575759725019307125e-02,2.944408872820468773e-02,9.772434949198787260e-03,1.538388544375094910e-02,5.933550461811899594e-03,3.208070716338175254e-02,2.314021604621306974e-02,1.550326701477532966e-02
7.006996659656382614e-04,1.946213803214732595e-03,3.257221893057471972e-03,2.075736773555631343e-03,4.488775755779169686e-03,8.056524375439442359e-04,3.169963784242104017e-03,1.310038372268102543e-03,1.746099455698702386e-03,3.891699224024752508e-03,6.733973285723464722e-03,6.544035067010646294e-03,2.211489532444394987e-02,1.899246266619464968e-02,3.417587070008593075e-02,3.822985101254867957e-02,5.678278975950175333e-02,1.806369658923860089e-01,1.760678374369408217e-01,2.236717661017887382e-01,0.000000000000000000e+00,9.945038346959320097e-02,2.369561956325723640e-01,4.932071900983798218e-01,2.672801759158736079e-01,4.097604714331637421e-01,2.521107571994744556e-01,2.226453147314008674e-01,2.970214896754677092e-01,2.037359997590781069e-01,2.283648975783774682e-01,1.632248913576949123e-01,4.592520974545483831e-02,3.438010284612134232e-02,8.457270058341900820e-02,1.911968345488681761e-02,2.074580943008560302e-02,1.650590887817486585e-02,1.112925305122979408e-01,2.880704126840809981e-02,6.331509697369845820e-03,1.044787359018323064e-01,1.791280169385628049e-02,1.106440655599490348e-02,5.791519883802328378e-02,6.595561203644198511e-02,1.666889814515176010e-02,1.729204091605218013e-02,1.285148380027601733e-01,2.716934392785938859e-02,1.191559043679733809e-02,4.217011704840078340e-02,4.103985369227682034e-02,4.201043416416212067e-02,1.597553999605666117e-02,1.633927479677629857e-02,2.890352854620915207e-02,1.951840533990649440e-02,1.231989938476064396e-02,9.709254880787308167e-03,3.392548364683816136e-03,3.476745343121115991e-03,1.460736691788437755e-03,1.843189980047356055e-02,8.650975071037696543e-03,5.496761807638556041e-03,2.524968710913292128e-02,3.176120111512268501e-02,3.670372789907832417e-02,2.544453576872640621e-02,3.955148397930206144e-02
1.639546829337542840e-03,8.415107623614848792e-04,2.209607100614252757e-03,2.477098942923497589e-03,2.230176315491573351e-03,8.629277618397658469e-04,3.184334062993408269e-03,5.084956911283976082e-03,1.071012327608722101e-02,9.808929940412517909e-03,2.066402104873336920e-02,3.467081201531284178e-03,1.515605273056491557e-02,7.071825271456931572e-02,4.763213409593776426e-02,1.705975067116689142e-02,1.087217130940798110e-01,1.000853574173207056e-01,1.367957228115659341e-01,2.591156957153508134e-01,9.945038346959320097e-02,0.000000000000000000e+00,4.039445514598901665e-01,4.241737491752303746e-01,1.208522925815012083e-01,2.628913905038513521e-01,3.945783390135674251e-01,1.262604854379299479e-01,2.353243869211543160e-01,1.606158945268892912e-01,2.283264747882154666e-01,1.154279440930040118e-01,3.749191477012039919e-02,4.780014184614777423e-02,2.526552587439454683e-02,2.566261304026931298e-02,3.044133672239343266e-02,4.774249699436783345e-02,1.169243418151597602e-01,6.184524467495729899e-02,7.092802017486711519e-02,1.422246138901296642e-01,7.008799955088407252e-02,5.589909885566912706e-02,1.694757897699671403e-02,1.668263834278071456e-01,2.212572605966509065e-02,2.234775916703266377e-02,4.951660928953717511e-02,7.978182525347018994e-02,3.438671408057560747e-02,7.679700202027464444e-03,1.241090363325070452e-02,3.337090759924915551e-03,4.483547135827584476e-03,4.412455958424557623e-02,8.552671283877258390e-02,4.438371268118573854e-02,3.946937292685411686e-02,1.339493420985913771e-02,1.660380597135384037e-02,3.733409884559395816e-03,5.867070668356113780e-03,9.210110337311091036e-03,1.345340136549975397e-02,1.633494034448417301e-02,1.249908277311940520e-02,9.731693035619640511e-03,7.495346844157627433e-03,1.438296002926602556e-02,1.629369590949727650e-02
