0.000000000000000000e+00,1.301395923334994209e-02,6.101104430991443478e-02,3.140566100071658789e-02,3.211071457133383902e-03,1.140486499766271353e-02,1.288902120211667633e-03,6.141034180687796398e-03,4.130261596338787033e-03,4.074420295719932521e-03,1.478002899745988613e-03,1.354964767371493774e-02,1.857222578767688329e-02,1.853695048411782911e-02,4.292180471144244752e-03,7.095818846192790581e-03,3.546178889361657066e-02,1.062457318342874095e-02,3.312720473091506496e-02,1.312298282760350834e-02,3.237820166381137621e-02,3.393660885925108006e-02,5.401318168420087343e-03,1.718689925696404580e-02,1.526829128404033273e-02,6.373209993247430823e-03,1.657854253490929908e-02,1.157927460937328151e-02,1.555236165890805725e-02,1.569418028444765495e-02,1.060177225187716558e-02,7.158746181194754199e-03,6.641491182987580184e-03,4.495430366872641228e-04,3.302892794444374416e-03,1.515402843932170136e-03,8.013588752290414299e-04,1.572636542825332241e-04,1.491791104761834965e-03,2.405260314728692103e-03,3.300531866237842085e-04,9.664586020334308206e-03,1.082022390836399461e-03,1.613204068321522078e-02,8.351226487636916745e-03,6.600161388518120675e-03,8.181344380814522393e-03,5.420210898943863750e-03,7.004597829783011827e-04,2.348082540123264778e-04,2.874227725254432605e-04,1.038203938025806681e-03,6.144763040345459964e-04,5.679276496497453206e-04,3.854074441580394405e-04,2.329589026324826832e-03,1.970780083345545844e-03,1.770205970335327235e-03,1.606915320868603381e-03,1.504132101539444426e-03,9.613120517015729012e-04,4.762565789973186112e-04,1.037521953572557738e-03,2.214778560472431632e-03,4.170945288564417708e-03,5.123139032221547991e-03,4.545352096730069166e-03,7.177296394781401039e-04,3.577916832807302282e-03,5.669448150271431041e-04,1.119564246914558437e-03
1.301395923334994209e-02,0.000000000000000000e+00,5.008811792469117230e-02,1.931582964618784592e-02,7.689574137814059011e-03,9.329815343920072959e-03,5.287140488551674879e-03,1.452156442293672106e-02,6.154079117565383443e-03,2.168406912409103892e-03,4.411102895511954600e-03,7.860629630223081241e-03,2.224411694426225647e-02,2.488922694335879079e-02,1.053853975485209531e-02,1.706811522756803562e-02,3.365602113133941975e-02,2.410115168347396961e-02,3.265195916888879307e-02,1.722405749032708197e-02,1.887407477410190867e-02,1.567448664910611050e-02,9.791873708624212677e-03,1.444576305600339845e-02,9.959276859521226308e-03,8.027902474389421797e-03,1.149661319882962912e-02,1.352593808701512898e-02,1.989372795871058655e-02,1.530302173375906911e-02,6.217577792337584605e-03,1.163592496696348733e-02,2.787767549704060072e-03,4.937305171649424397e-04,8.512835960214678449e-03,8.367249434887126741e-04,2.600091739952237625e-03,2.762924623174516266e-03,4.503183255603206148e-03,7.689201729209749550e-03,4.858743553027799339e-03,1.700124057692649696e-02,5.109771590043912966e-03,1.943837564956812924e-02,1.105028117606828356e-02,8.121842202337265643e-03,1.011825596022693403e-02,4.940590104983327499e-03,1.096775968676258484e-03,4.926625424376178744e-04,5.422482874532139584e-04,1.588750143558445181e-03,2.377953006318638950e-04,2.195551543285371564e-03,1.676835791422252387e-03,1.245184171385224680e-03,7.928858128796916274e-04,1.604201555435752925e-03,6.997823690818567952e-04,3.047486931945756644e-04,2.368669054739124587e-03,5.070770424429932224e-04,3.424045167443561639e-04,1.550395662319472906e-03,6.843575632740241457e-03,1.940892440699711584e-03,1.215396844120666692e-03,4.408601781499333835e-03,9.122428728939493536e-04,2.169924468380105258e-03,2.204629694935131192e-03
6.101104430991443478e-02,5.008811792469117230e-02,0.000000000000000000e+00,6.510141910487654560e-02,5.708740121778075466e-02,1.231595214051392148e-02,3.573315199393597638e-03,4.008897013961329470e-02,1.108447692008322251e-02,1.411966579338628201e-02,5.796915566363651864e-03,2.374831130456599854e-02,5.151226504760499092e-02,6.091431290957761285e-02,2.331254653204618832e-02,3.358328576655227743e-02,8.659233618505889074e-02,4.503404285745540858e-02,1.064860917168480164e-01,5.460031498187244842e-02,4.671927812322792389e-02,5.404538675101065032e-02,2.084255955074278133e-02,3.440251341117995382e-02,3.484307383077060033e-02,2.625926345403573406e-02,4.776717352451387288e-02,2.424905232555436829e-02,2.686866207157309963e-02,2.945686813104932134e-02,1.451765705586050524e-02,2.046583440543705765e-02,1.742947871389816106e-02,3.348907075670368768e-04,5.966010373780234084e-03,3.655415574855960543e-03,1.295376106935964633e-03,4.324360791476793684e-04,3.824843693832087783e-03,3.968392584250038380e-03,1.111436293552166233e-03,1.039355426462855794e-02,3.366260928110573897e-03,1.661294149869843584e-02,1.420022342149304673e-02,1.399345997960726486e-02,1.552124649141872932e-02,4.071472250896070004e-03,4.366024633839970452e-04,1.890992196790601152e-03,1.185623360215422393e-03,1.262827027182895044e-03,1.414873475163871443e-03,3.626266069281837705e-04,5.588413531466231892e-04,4.803599181757147070e-03,3.132948606803753495e-03,7.603514822392293824e-04,4.172293510280554452e-04,4.616780769369954371e-04,1.579527200796044997e-03,1.027004843602418154e-03,1.317890498932403152e-03,5.373751375683165311e-04,1.872393914164487356e-03,2.200515054322496698e-03,7.129558956685014227e-04,3.685878578415335664e-04,5.532462736340751103e-04,1.459450824561703145e-03,1.415067215434888566e-03
3.140566100071658789e-02,1.931582964618784592e-02,6.510141910487654560e-02,0.000000000000000000e+00,5.622143990993114931e-02,2.274970443661206501e-02,6.198894408250659772e-03,2.151914819039893456e-02,5.091134093499754577e-03,6.858207231274492457e-03,1.629877980646149069e-02,6.776081964574769134e-02,7.400626231839414759e-02,4.707954838959732546e-02,1.248729628595173988e-02,4.888035657546840884e-02,5.700273084054166550e-02,2.439433556166293107e-02,5.684522452278879118e-02,2.044428353568963214e-02,2.193275508554562436e-02,1.493823908209884581e-02,1.491988636597260881e-03,1.311460837906164474e-02,6.283833502064651091e-03,6.799950510000905141e-03,1.019157776689453600e-02,9.174790294925761272e-03,1.945153887195056469e-02,2.826839479930480861e-02,5.573247507476480032e-03,1.765253631903044435e-02,6.142013553831714850e-03,4.364037524536004339e-04,4.900595777269304253e-03,8.928384300317272065e-04,7.596406003411136816e-03,5.889821203422166210e-03,1.222902932970405289e-02,1.379888158253588480e-02,4.946425213800408754e-03,1.958816113173240947e-02,3.374028194403988403e-03,1.287315928587505834e-02,1.379823261634196413e-02,9.182393505628725153e-03,1.543276395459722977e-02,3.723595728813487542e-03,1.050228674986891956e-03,6.130382584854671829e-04,1.351549607316607227e-03,1.006805591258428225e-03,1.033121468311775336e-03,3.756267730454200364e-03,5.455091042230164264e-03,3.544401312997125155e-03,1.889254722575791235e-03,1.816260617799559871e-03,2.528524031165746942e-03,4.862837540884487001e-04,2.431647978145563133e-03,4.292472213094769887e-04,1.731829527421112043e-03,6.121214999567173862e-04,5.554192400257822008e-03,6.244253318770787500e-03,1.320324307154890388e-03,8.203078399639865403e-03,5.303654943495643252e-03,6.108184589937634343e-03,6.699912149009944716e-03
3.211071457133383902e-03,7.689574137814059011e-03,5.708740121778075466e-02,5.622143990993114931e-02,0.000000000000000000e+00,4.212575363719217592e-02,3.166629988398381862e-02,5.359878555222130636e-02,2.163893539776993655e-02,2.714193610567397497e-02,9.469780188947377400e-03,4.322779366130888312e-02,7.948846744651057172e-02,1.070834342410084267e-01,3.771903814996338533e-02,5.271084874657825520e-02,1.121084686059103802e-01,5.163146468450079130e-02,8.696634457632185233e-02,2.950649512637561200e-02,3.133447884643786319e-02,2.514027135938103064e-02,1.436525496210900796e-02,3.191998457484415685e-02,1.540398036460134505e-02,1.615513482941978787e-02,3.731110442707711444e-02,1.108977014825785791e-02,2.544702156261621426e-02,2.833201936826907838e-02,1.526678534827554702e-02,1.458088324776877012e-02,1.331699651120473414e-02,4.344624404123725208e-04,8.861589939753437839e-03,5.192800922388873634e-03,2.105254120252506717e-03,1.827995393468641143e-03,3.244935888025916263e-03,9.041821851670310897e-03,1.176178478746646222e-03,1.544304928919159811e-02,1.371159728100559971e-02,1.973020383016073007e-02,1.926221088507232282e-02,4.845944386256020690e-03,8.817476026003337811e-03,2.852832074292176601e-03,2.750992523118537592e-04,2.097536060759804411e-04,2.088638506452647806e-04,5.381298137257082724e-04,4.129994774923516419e-04,9.047325176991216330e-04,8.646972938522157724e-04,8.055217080677483290e-04,6.765244509242877803e-04,8.344244402784066744e-04,1.391354279660496612e-03,1.358996471097504224e-03,1.418745362448966358e-03,7.771952807328671303e-04,1.347544973247724164e-03,5.763954052979513958e-04,2.395734554596162889e-03,1.190161125594168222e-03,1.464762455739644252e-03,2.433655272389500124e-03,2.962507950226965329e-03,1.004881971080113894e-03,3.645772333740965234e-03
1.140486499766271353e-02,9.329815343920072959e-03,1.231595214051392148e-02,2.274970443661206501e-02,4.212575363719217592e-02,0.000000000000000000e+00,6.931277302099292381e-02,5.306679417659454501e-02,2.628950866136053541e-02,6.883064505179841037e-03,2.262752725737366202e-02,8.443057815827592627e-02,6.459922615052689221e-02,6.865786150922571773e-02,2.273083322725346148e-02,1.522041459052233398e-02,7.302048394430700473e-02,1.413738529919988246e-02,3.838656655580265087e-02,1.438832665186454834e-02,3.166280611174638725e-03,1.795535470991000901e-02,2.903766959329646870e-03,9.495708045161777369e-03,3.260707391581867468e-03,9.769890241095135867e-04,2.028560793624455474e-02,1.133855924620718637e-02,2.793195925029064684e-03,2.254955168796950529e-02,7.752671948725343119e-03,9.957937022401068018e-04,9.879343668002566956e-03,1.276756457236906525e-03,1.257000372394418992e-03,4.788672895176079858e-03,1.902688455362687480e-03,1.942123091062290764e-03,5.727028985350906447e-04,4.843961300124924839e-03,2.311302289485756868e-03,1.354495378851540465e-03,4.741177679208166446e-04,2.176513474027545660e-03,6.496281912106359425e-04,8.991200643060982042e-04,6.437020812742036326e-04,2.952567466805484150e-03,2.667201716033102289e-03,1.322202708097845519e-03,1.060978287075566408e-03,4.942404351891912379e-03,1.221184569444750193e-03,8.955979821654722539e-04,8.493765169870740213e-04,2.673483911732642878e-03,7.133204172583308515e-03,5.274743849091184655e-04,9.799213582254318738e-04,3.083855578539732977e-03,8.751026086632050132e-04,2.910493543240487858e-03,1.687840751689310536e-03,1.468827115816108463e-03,1.079960098767227721e-03,5.981248253729898844e-03,1.023918535679526308e-03,2.367866186027719859e-04,6.581005879463179380e-03,1.780042178786634278e-03,2.440985448331780671e-03
1.288902120211667633e-03,5.287140488551674879e-03,3.573315199393597638e-03,6.198894408250659772e-03,3.166629988398381862e-02,6.931277302099292381e-02,0.000000000000000000e+00,2.713446862316920560e-02,1.558905968520485526e-02,1.526730979559608528e-02,3.840150453030548305e-02,8.397052579259328686e-02,6.743624378746966574e-02,6.297647824282277818e-02,2.278533404090504755e-02,2.516447317830896105e-02,4.649043110102202975e-02,1.406087113613018434e-02,2.999466095186137035e-02,1.157099684266938008e-03,9.326580647937470284e-03,3.581081698159487101e-03,3.779408097609610658e-03,1.596019615386583615e-02,2.231744281921900670e-03,1.618863936206816180e-03,1.772754925202037896e-02,5.546324800245329249e-03,9.286341782822019053e-03,2.485787948555127566e-02,5.971895968018520878e-03,9.305763614747580847e-03,6.856041715992479933e-03,5.759202168590039006e-04,2.613818206575506224e-03,1.943670086384416754e-03,5.594314112272579659e-03,3.818293430059147529e-03,6.566531766985404459e-03,9.927724785761829485e-03,4.016552364110573779e-03,1.005706147484083240e-02,2.676172906610646898e-03,7.654372034311326782e-03,3.000792363529409222e-03,4.426580959868225973e-03,1.026044602625353006e-02,5.511876597355152077e-04,1.082342290588143418e-03,9.138605334709845726e-04,1.859265234996778033e-03,1.007816494652045806e-03,1.260087859713934820e-03,2.720743506197133982e-03,2.458058400138467443e-03,8.373126776595385054e-04,1.311741744899553013e-03,1.982653044534530163e-03,3.001204908022348655e-03,8.712466159266626453e-04,7.245954081784209376e-04,7.264727016937004653e-04,1.628110093505046475e-03,3.987988716255233546e-03,3.774223496557918642e-03,1.083083929583860067e-03,1.539270032210424567e-03,5.166637537529007382e-03,1.851212688844397188e-03,7.338406381858395174e-03,1.474254345644779654e-03
6.141034180687796398e-03,1.452156442293672106e-02,4.008897013961329470e-02,2.151914819039893456e-02,5.359878555222130636e-02,5.306679417659454501e-02,2.713446862316920560e-02,0.000000000000000000e+00,3.082766522319080674e-02,4.523383359763301359e-03,1.373213864488436256e-02,7.960751060019984060e-02,6.927483619240079604e-02,1.154822156169771491e-01,7.235058403842287156e-02,3.081263904836439166e-02,1.057846636801372947e-01,4.245580239977743420e-02,3.872360996953082279e-02,8.694734637589947301e-02,2.778414083785710198e-02,1.379935067622764175e-02,2.280292741501630319e-02,4.646210549713181842e-02,1.587644262679393029e-02,4.375596120688982071e-03,4.786834151589518943e-02,3.092059758456553505e-03,9.807603882476916002e-03,1.332628792331565400e-02,3.427394388293814910e-03,3.497115982512051611e-03,9.062864749557560454e-03,8.990242607865692095e-04,1.611786470498819627e-03,5.147438694653157752e-03,1.311847554649455804e-03,7.250335943006600437e-04,3.721202836638333976e-03,1.372328595854190557e-03,2.877285014797765703e-03,3.013196471940794274e-03,9.573070881753515836e-04,7.526361766818759173e-03,2.332703275816033848e-03,5.630008912177270931e-03,5.827385280936820712e-03,5.726445260883794314e-04,3.143418645614650536e-04,6.678899509104556983e-04,1.417040895035021628e-03,5.751731360501513568e-03,7.529127309913320309e-04,4.181470837940979256e-03,2.774684799991479663e-03,6.778438977932550171e-04,9.771077905601980966e-04,1.086381183755787908e-03,4.944939907640099122e-03,1.618119190500667218e-03,2.243194121509640895e-03,3.266933066787920757e-03,2.075288688695879624e-03,5.401882291822149122e-04,1.025497014666014927e-03,6.525979369086839761e-04,1.823393984408163467e-03,8.642561413440944017e-04,2.228037585148682533e-03,9.618885731500236881e-04,2.109876416028501258e-03
4.130261596338787033e-03,6.154079117565383443e-03,1.108447692008322251e-02,5.091134093499754577e-03,2.163893539776993655e-02,2.628950866136053541e-02,1.558905968520485526e-02,3.082766522319080674e-02,0.000000000000000000e+00,1.960523152526796181e-02,2.328741787581773900e-02,9.624602527781524197e-02,7.797825578715701644e-02,1.088535623724441320e-01,1.145078179734616702e-01,2.863437558113119882e-02,6.441996522192609820e-02,4.834337183721428705e-02,5.033250456666926720e-02,5.180332419151491286e-02,1.357050680909724361e-02,6.761796671111571302e-03,3.305362985418153210e-02,2.550113366665781450e-02,6.837395326889607848e-03,6.510570337556757098e-03,4.405619053502907861e-02,1.914163916750096645e-02,1.883184339446068029e-02,2.894674763216426722e-02,1.181603306404768045e-02,6.051010932594020134e-03,1.623542267201572367e-02,2.737615142397798514e-04,2.211753952468779958e-03,8.954996780930665409e-03,7.410973715042727672e-03,3.154793342960146314e-03,3.321826181174286456e-03,2.350158142820019894e-03,2.883846991961212304e-04,2.488504076658020966e-03,2.256509011162346513e-03,2.345692893316036511e-03,5.063394057006675129e-03,9.238845045493934011e-03,8.743472960606972835e-03,6.738229911125634668e-04,5.232289589666581833e-04,5.470820471867723434e-04,1.795356359590171130e-03,6.112783753284161715e-03,2.790139380839384408e-03,2.947512545920847812e-03,2.609802464224037291e-03,3.038644130747097894e-04,1.408124026613131801e-03,4.724496918920023528e-04,3.606634301968759948e-03,1.685188652795549177e-03,1.212730580347527601e-03,4.577065265182440196e-03,2.907907743912514428e-03,3.097713667435390578e-03,1.349086043079710147e-03,7.552839229486062525e-03,9.626263276309358994e-04,3.733275407761140700e-03,8.449683117267133220e-04,1.732155545911385087e-03,3.405850826202356510e-04
4.074420295719932521e-03,2.168406912409103892e-03,1.411966579338628201e-02,6.858207231274492457e-03,2.714193610567397497e-02,6.883064505179841037e-03,1.526730979559608528e-02,4.523383359763301359e-03,1.960523152526796181e-02,0.000000000000000000e+00,3.114868138212320559e-02,1.676883280964241718e-01,9.512212899033466174e-02,1.635828390249449704e-01,7.305202192185451804e-02,5.105442688191556139e-02,8.919114707246854346e-02,6.188210691652309969e-02,2.349762044772822633e-02,8.798536029006097381e-02,1.837952491480944126e-02,5.253412007032978205e-03,4.050091521616883822e-02,3.605890335678826192e-02,2.702696987999948439e-03,7.477034142809214565e-03,3.747080454312952391e-02,6.618372752467286367e-03,8.209882342800537899e-03,1.451233336425174734e-02,1.482232854792242625e-03,1.993954414530589581e-03,1.082952488985198343e-03,2.219348134049207392e-03,4.497500454721788631e-03,1.629890839564509435e-03,3.295519807780400087e-03,7.902024220642724691e-04,5.956688967751986100e-03,6.679141332943973157e-03,5.330437516811234585e-04,2.640125970883043776e-03,3.394335425978129133e-03,4.202034900880649917e-03,3.767988100612692116e-03,1.083250070123129710e-02,3.503337269101756534e-03,1.559586857579507583e-03,2.284882690986769337e-03,7.644002720273323408e-04,2.535973992807412630e-03,1.071862995043818163e-02,1.374425065680687100e-03,1.261416714284868505e-02,2.697885501464560975e-03,2.253445591073819851e-03,2.089979190867159373e-03,2.470338375716096130e-03,1.774232904379394226e-03,1.631692365357049427e-03,4.461645903636095832e-03,1.540031392894998952e-03,9.632230087393349157e-04,9.176317107058721070e-04,1.978957145738958600e-03,1.472616178098851364e-03,1.692998921500106068e-03,5.570938984745484913e-04,5.426041739388719025e-03,9.055839346685401079e-04,1.455243285508864975e-03
1.478002899745988613e-03,4.411102895511954600e-03,5.796915566363651864e-03,1.629877980646149069e-02,9.469780188947377400e-03,2.262752725737366202e-02,3.840150453030548305e-02,1.373213864488436256e-02,2.328741787581773900e-02,3.114868138212320559e-02,0.000000000000000000e+00,5.942862341911584606e-02,7.569780252627621164e-02,1.136967076066017351e-01,1.324545600425100222e-01,5.146824355275637225e-02,6.524569905728756780e-02,5.262538057244624257e-02,3.669951479516380538e-02,5.919098188451563103e-02,2.027132155160411842e-02,3.439047233673408078e-03,3.305371297759183979e-02,3.071326677306357097e-02,7.901879012256023127e-03,7.392468318164533911e-03,3.671864925494973397e-02,1.612189752543197532e-02,1.162681290521446441e-02,1.582753617263703977e-02,6.899746701690991774e-03,7.808810257031304457e-03,1.040482643109877023e-02,8.927945958058781896e-04,1.023109020167643725e-03,4.055993992673790315e-03,7.342099223550998394e-03,8.529469337160938518e-04,5.043577232161976752e-03,2.147411972850441376e-03,2.287165749332459655e-03,2.344717782891803538e-03,1.433937690353310904e-03,1.731135131286751184e-03,1.101808938003547012e-02,1.635854562672941701e-02,8.842902809396589389e-03,1.186950829693824696e-03,2.147600708233156526e-03,3.578814111708808151e-04,1.231985515399449359e-03,5.400138191518908011e-03,3.068336021819547104e-03,9.700909475825926151e-03,7.435716927992348096e-04,8.090503455504341468e-04,1.669982806533052994e-03,1.114719666775422762e-03,5.448783637682093339e-03,4.208541410575670138e-04,5.022019799084260529e-03,2.597855353354207048e-03,7.117239396302872494e-04,1.755219837151110939e-03,7.770216198123018787e-04,1.641190133562516786e-03,2.496378915034499287e-04,7.644317060882959564e-03,8.228734119729349400e-04,3.270846681708056754e-03,4.110900744790911576e-04
1.354964767371493774e-02,7.860629630223081241e-03,2.374831130456599854e-02,6.776081964574769134e-02,4.322779366130888312e-02,8.443057815827592627e-02,8.397052579259328686e-02,7.960751060019984060e-02,9.624602527781524197e-02,1.676883280964241718e-01,5.942862341911584606e-02,0.000000000000000000e+00,3.072174511915417780e-02,1.506904284415978151e-02,5.129756192583417168e-02,5.054251274269541162e-03,1.578107120954662032e-02,1.379701560883266238e-02,1.011830038368640577e-02,4.569096187909685997e-02,4.149797577437575394e-03,3.348022322514950487e-03,3.135785366439580724e-02,1.515495250900427207e-02,6.460382411625733255e-03,2.299955180740112341e-03,3.484530552085104288e-02,3.156112366069604731e-03,5.173279973376135148e-03,8.422481472608307415e-03,4.316764495766799853e-03,2.984900705491894905e-03,1.010281386582411595e-02,4.413413498753887944e-04,2.276663587618158943e-03,3.164741586272082959e-03,2.555354266980788738e-04,8.580297000537705481e-04,3.406781117396585293e-03,3.437175823157917476e-03,1.452544659931356147e-03,6.909028115885452494e-04,7.911810168128771128e-04,2.454245376808726880e-03,1.265224462503579395e-03,1.821840365584207356e-04,4.114909317462723463e-04,2.818239622814322411e-03,3.905466965600713335e-03,1.656028637015558068e-03,3.437366865115607916e-03,3.135845463602729942e-03,1.111721457370651095e-03,4.690805837309731463e-04,1.684984392436450788e-03,1.649631946678898665e-04,1.141393520941315354e-03,1.149282665665721931e-02,4.595228846830708667e-03,6.731178303893211798e-03,2.278768285814063415e-03,1.718451102174831709e-03,3.860631041027831525e-03,6.852887140879491447e-03,3.570645069919396123e-03,2.260881248143783474e-03,1.015016507649817244e-03,2.264080686114135037e-03,6.820908736662324549e-04,3.728352065493239402e-04,1.261798954863038421e-03
1.857222578767688329e-02,2.224411694426225647e-02,5.151226504760499092e-02,7.400626231839414759e-02,7.948846744651057172e-02,6.459922615052689221e-02,6.743624378746966574e-02,6.927483619240079604e-02,7.797825578715701644e-02,9.512212899033466174e-02,7.569780252627621164e-02,3.072174511915417780e-02,0.000000000000000000e+00,4.140326966870852554e-02,1.961229941050931375e-02,1.649182259132491585e-02,8.086165592382859105e-03,1.474980456125099147e-03,3.103746386503751162e-02,9.770460768383610120e-03,7.387828193465410809e-02,1.379363599807771450e-02,1.577445816446150506e-02,1.122180401946315693e-02,5.928041817324949947e-02,6.880051857310365802e-03,1.489225602864836275e-02,8.609387094806802629e-03,2.016399070540233693e-03,7.347299103890195769e-03,3.071958856398286988e-03,3.446395142931090675e-03,8.178893983557469424e-03,1.213491726304270768e-03,1.347000682896597017e-03,1.444997205829435909e-03,4.529049708863463206e-04,1.618163425164918399e-03,1.134057542848432168e-03,4.248540709892589459e-03,1.151893564357845800e-03,4.623913307696034779e-03,2.588834766759946261e-03,7.668713496325293977e-03,8.286628084683727788e-03,5.344779152752164239e-03,7.153354323791901934e-03,2.581296307153950129e-03,1.112658765097849535e-03,3.981875710473758772e-04,2.071933898463838245e-03,5.386046107974289468e-04,1.370054451904264984e-03,4.173874388605961806e-03,5.012635671642788138e-04,5.095943023332934240e-04,5.340402821361111239e-03,7.735793235892847496e-04,3.672918292700591471e-04,5.095669563729098711e-03,2.177141355364121001e-03,3.319703482295366642e-03,1.351773179010370887e-03,2.854037673369418191e-03,1.467242007555912388e-03,8.845903117226192741e-03,1.709016175524200694e-03,7.027153633951338865e-03,6.391873418526859175e-03,1.281612521923837381e-03,4.884208717566346745e-03
1.853695048411782911e-02,2.488922694335879079e-02,6.091431290957761285e-02,4.707954838959732546e-02,1.070834342410084267e-01,6.865786150922571773e-02,6.297647824282277818e-02,1.154822156169771491e-01,1.088535623724441320e-01,1.635828390249449704e-01,1.136967076066017351e-01,1.506904284415978151e-02,4.140326966870852554e-02,0.000000000000000000e+00,8.558626425608581098e-03,4.912648039921543169e-02,3.042947870579933850e-02,1.623120824898048251e-02,6.857372880514173152e-02,1.173214646254674004e-01,1.486398558361316513e-01,1.083856417001232558e-01,1.398778913799295642e-01,3.616476158768027610e-02,1.350963350796932916e-01,1.898801771224419010e-02,6.636718791301385312e-02,4.350064070506337588e-02,1.050036368296276140e-02,2.553085819592693789e-02,1.019935573290375527e-02,2.690336830049323748e-03,1.309851583733203338e-02,2.026696225946303474e-03,3.433753867361585225e-03,4.448380371706158083e-03,5.297678750856013759e-03,6.036699939989143351e-03,6.394095009760542014e-03,3.871953371087847435e-04,1.185093504889547268e-02,2.820119832641059237e-03,1.525978925929687624e-03,5.361477092981436696e-03,1.008401755781999920e-02,7.753222573717217549e-03,7.460666981277800681e-03,7.728612362870934194e-04,1.575625312834473372e-03,1.963884574889417263e-03,2.058836101069510052e-03,1.711174266408793231e-03,5.765350294919510503e-03,4.573750219435246574e-03,3.651678265568193086e-03,2.689663111846880405e-03,5.763144357443498837e-03,1.061813603567526680e-02,3.458012474218691550e-03,1.595299362489228934e-02,3.364361285387940451e-03,1.878936364174338056e-02,2.457563172629288056e-02,3.228242028718221468e-02,4.067782981210468080e-02,1.839802340947913539e-03,3.448396109676794830e-03,6.776332726045639770e-03,1.121059312360120179e-03,1.833074063444578876e-03,5.004591636045632903e-03
4.292180471144244752e-03,1.053853975485209531e-02,2.331254653204618832e-02,1.248729628595173988e-02,3.771903814996338533e-02,2.273083322725346148e-02,2.278533404090504755e-02,7.235058403842287156e-02,1.145078179734616702e-01,7.305202192185451804e-02,1.324545600425100222e-01,5.129756192583417168e-02,1.961229941050931375e-02,8.558626425608581098e-03,0.000000000000000000e+00,7.947902049811823855e-02,2.331696644749435901e-02,8.589791667957612231e-03,4.655550738834907804e-02,2.183088411800896203e-02,1.867546945341648779e-01,1.705802326073155295e-01,3.860054068215269113e-02,3.226471305913811843e-02,2.199876331911202187e-01,5.335170516435706195e-02,1.305404451629453740e-02,9.406691495160610442e-03,3.102374349921881852e-02,6.310838478737555712e-03,1.689711250047042958e-03,2.450730499147802527e-02,5.231020896655671874e-04,9.397246318740871962e-04,2.152534375882721868e-03,6.067473842338943699e-03,1.453738532745771101e-03,5.158323727011235749e-04,7.538892117128707937e-03,1.753186102759474218e-03,2.220523671638524599e-03,3.060652111528204197e-02,4.626910725557388179e-03,1.397741647704226278e-02,3.612637288101146205e-02,1.388689689683818805e-02,9.626681823916700270e-03,2.876765828363264665e-02,4.824886022948343331e-03,2.759812459549490851e-03,1.188580875779510606e-03,5.113952366091098142e-03,8.141090615096092248e-03,6.249823539008168014e-04,2.520498199808197688e-03,3.684934763629090903e-03,2.885666235131230297e-03,4.705041987820792262e-03,1.295783836296978070e-03,9.621609855353681698e-03,1.918620928173956968e-03,2.806448011745296157e-03,6.025307621866263057e-03,3.235732215295793190e-02,1.951082822002616138e-02,1.977827244655853880e-03,1.104099451449888289e-02,3.208457497368693168e-03,2.332321413041272672e-03,2.323218537433455373e-04,8.298815037698808669e-03
7.095818846192790581e-03,1.706811522756803562e-02,3.358328576655227743e-02,4.888035657546840884e-02,5.271084874657825520e-02,1.522041459052233398e-02,2.516447317830896105e-02,3.081263904836439166e-02,2.863437558113119882e-02,5.105442688191556139e-02,5.146824355275637225e-02,5.054251274269541162e-03,1.649182259132491585e-02,4.912648039921543169e-02,7.947902049811823855e-02,0.000000000000000000e+00,2.211310307646062109e-02,1.194214964637602475e-02,1.135861111723116823e-01,5.123599298643076450e-02,2.641476188516357348e-01,2.731547720685282080e-02,4.381085193919305454e-02,1.359662176419928481e-01,1.374039191611899358e-01,3.488714051173984892e-02,2.315039691465577143e-02,2.579554544891358644e-02,3.815953628415133699e-03,9.358637684162294038e-03,1.404027495620717783e-02,5.148934582316421621e-03,1.425694065054552810e-02,8.323774625551304263e-03,1.103579049430031180e-03,2.484041372462939164e-03,1.953226294519654418e-02,2.022842524200694700e-02,1.975283911669571679e-02,2.364779641960525897e-02,1.466092506995746820e-03,1.469005798581924337e-02,7.503543195814791136e-03,1.176702979605460074e-02,1.470234919660077209e-02,1.106747133588145693e-02,2.363325802832262276e-02,1.133553070555036804e-02,3.402463044148499195e-03,2.299472842166622351e-04,3.398830065209125246e-03,3.351929338508756635e-03,6.533283415614450813e-03,3.145532477215218919e-02,3.437083022810059462e-03,7.798777807669679193e-03,4.291972469239642429e-02,1.309450887182411717e-03,1.814293443816247233e-03,2.873027423324444468e-02,5.331363787346889496e-03,8.903411949917487732e-04,9.637892186142833035e-04,6.119657088426285092e-03,3.809262015837329603e-03,8.236110453224821867e-03,1.296713228025765056e-03,1.669324898669885884e-02,1.265242528117103450e-02,8.397892509071417516e-03,2.334305401047651052e-02
3.546178889361657066e-02,3.365602113133941975e-02,8.659233618505889074e-02,5.700273084054166550e-02,1.121084686059103802e-01,7.302048394430700473e-02,4.649043110102202975e-02,1.057846636801372947e-01,6.441996522192609820e-02,8.919114707246854346e-02,6.524569905728756780e-02,1.578107120954662032e-02,8.086165592382859105e-03,3.042947870579933850e-02,2.331696644749435901e-02,2.211310307646062109e-02,0.000000000000000000e+00,9.709829873056691207e-02,2.192292902773226859e-01,2.147287164860459674e-01,3.156713620553476263e-01,2.193486342828252500e-01,3.443144083116438936e-01,1.176946647396369533e-01,2.143874526841762218e-01,4.363686831624079276e-02,1.397016884107639967e-01,1.019660955423767335e-01,3.235239093512384118e-02,7.411667540300713453e-02,1.929155173493100894e-02,6.404840224664992525e-03,2.827373915984480318e-02,4.015115724605607811e-03,2.426844588737724420e-03,8.556105710389925317e-03,4.204825392519494047e-03,4.787716192304589807e-03,1.283716328102486350e-02,2.557124325457430132e-03,2.219528558560400142e-02,1.187012214334745358e-03,9.599249487626677554e-03,4.183720901373613917e-03,2.692081967606661276e-03,9.405610305026103346e-03,1.419501112695442831e-02,8.250353161585009679e-04,3.061796760469620311e-03,1.621504656985023850e-03,5.099319473842230804e-03,4.410140855164371501e-03,1.446580380175619025e-02,1.242281949896262283e-02,1.288576695930972703e-02,5.815207213207438004e-03,1.031928147392563444e-02,1.643019988703926446e-02,4.564010881269232357e-03,1.705767697536760691e-02,1.155834903039649510e-02,3.445719411831271034e-02,3.424806888435422136e-02,3.754564074772840515e-02,5.047650121237844817e-02,2.557003388150268404e-03,1.378362415379936513e-02,6.001221559116302895e-03,2.176184504179324002e-03,3.837436927505552889e-03,8.278106837540325641e-03
1.062457318342874095e-02,2.410115168347396961e-02,4.503404285745540858e-02,2.439433556166293107e-02,5.163146468450079130e-02,1.413738529919988246e-02,1.406087113613018434e-02,4.245580239977743420e-02,4.834337183721428705e-02,6.188210691652309969e-02,5.262538057244624257e-02,1.379701560883266238e-02,1.474980456125099147e-03,1.623120824898048251e-02,8.589791667957612231e-03,1.194214964637602475e-02,9.709829873056691207e-02,0.000000000000000000e+00,2.410955775687808611e-01,1.694750312440026496e-01,6.364739641880957643e-01,4.058216703451397178e-01,2.108966385155665590e-01,3.363927680327642444e-01,5.336442553594643590e-01,1.843663518080294328e-01,7.290946967670564050e-02,1.998944623162791923e-02,7.742449538265547271e-02,2.181590125196164465e-02,6.808698561748180271e-03,2.495160778604204460e-02,8.777833628856731088e-03,6.604948219065015502e-03,1.638031268460285548e-03,1.046637976450329882e-03,1.702788959315426273e-02,2.863446022208550323e-02,7.166730242112365201e-02,2.932988259685229485e-02,5.582324010570969934e-03,7.362082922321423750e-02,2.814959552731727266e-02,1.961810820385974374e-02,5.747593937335952752e-02,3.016298903057096012e-02,2.300351202063647543e-02,4.093564926141733673e-02,4.127874034506064799e-03,5.218440374122044513e-03,2.852590767401117378e-03,1.010339894786958445e-02,1.281222147968600830e-02,2.979779163879315781e-02,1.528530138098099442e-02,4.108945719279682822e-03,6.309270020266612156e-02,4.698420003173839690e-03,3.296116381061360394e-03,7.971432082765742000e-02,7.513074137112523386e-03,2.812479032505220411e-02,2.249905592204253998e-02,4.673626086640451927e-02,2.227125104371597761e-02,2.068031702699867427e-02,1.918824957787631028e-02,3.449154097140295656e-03,2.492410480722606972e-02,1.934202642848258796e-02,4.613995466786860455e-02
3.312720473091506496e-02,3.265195916888879307e-02,1.064860917168480164e-01,5.684522452278879118e-02,8.696634457632185233e-02,3.838656655580265087e-02,2.999466095186137035e-02,3.872360996953082279e-02,5.033250456666926720e-02,2.349762044772822633e-02,3.669951479516380538e-02,1.011830038368640577e-02,3.103746386503751162e-02,6.857372880514173152e-02,4.655550738834907804e-02,1.135861111723116823e-01,2.192292902773226859e-01,2.410955775687808611e-01,0.000000000000000000e+00,5.941458569826363334e-01,6.085838569625555694e-01,3.743729124058971514e-01,4.307795058192673832e-01,5.624900951305077390e-01,3.018016296511036867e-01,3.524914856814089226e-01,8.436924506610682384e-02,1.557361978357499899e-01,2.081133005775696529e-02,1.822653275958037097e-02,3.543745809370067029e-02,8.884047109550666232e-03,1.175767088053320843e-02,1.028273935066547837e-02,3.111593598562137960e-03,2.469973704836809884e-03,1.527507073978450446e-02,8.400611594204316496e-03,2.713697033973925827e-03,1.931806853734840262e-02,4.972845010808480022e-03,9.580614920753866915e-04,5.593614352959973973e-03,6.792751140799471558e-03,6.243525514920991682e-04,1.898398619707580837e-02,4.978790533691483666e-02,4.147430337000165314e-03,2.602599109045836134e-02,3.616284138279286884e-03,6.882118993044090104e-03,8.282505595236581281e-03,1.451948026150198627e-02,4.058334360710134925e-02,2.392303615217368853e-02,2.217642774912034764e-02,7.562633734522472562e-02,3.475424410861793767e-02,1.814750611948287920e-02,2.512307228480824273e-02,2.008102234707550768e-02,5.295738650376336648e-02,7.050646063981476364e-02,1.596632216648622565e-02,3.701698169056913401e-02,4.356615996207156838e-02,2.073113969158192627e-02,1.798191282390201179e-02,1.885044196829786800e-02,1.679830914371573808e-02,1.035481191297878308e-02
1.312298282760350834e-02,1.722405749032708197e-02,5.460031498187244842e-02,2.044428353568963214e-02,2.950649512637561200e-02,1.438832665186454834e-02,1.157099684266938008e-03,8.694734637589947301e-02,5.180332419151491286e-02,8.798536029006097381e-02,5.919098188451563103e-02,4.569096187909685997e-02,9.770460768383610120e-03,1.173214646254674004e-01,2.183088411800896203e-02,5.123599298643076450e-02,2.147287164860459674e-01,1.694750312440026496e-01,5.941458569826363334e-01,0.000000000000000000e+00,6.433053612591945747e-01,7.157568888431319332e-01,4.428811405995903283e-01,3.473807481335262071e-01,5.550175384663686984e-01,2.851456716954609005e-01,7.655097913443260904e-02,1.185623608876360535e-01,2.070448202832406853e-02,3.810443713007099359e-02,1.544190918362178984e-02,8.727797305682221535e-03,1.476509466803672954e-02,5.043896396322186844e-03,6.439385676655045958e-03,1.168045700752025698e-02,1.015729145294991080e-02,6.327965281651773584e-03,6.277243535753717490e-03,4.741890471480816535e-03,1.008883653080506343e-02,1.884496984545618037e-02,1.579517127109112415e-03,1.463286726684355846e-02,1.172281227272456428e-02,1.519485610011274239e-02,5.308009944032315679e-03,1.161982513117114542e-02,6.594485739314506290e-04,2.998824630919214203e-03,3.990668884940400639e-03,1.394609386772063461e-02,1.766864637219714082e-02,1.233391798317715754e-02,1.751655852284256243e-02,1.304183596145119632e-02,1.931355646322556810e-02,2.461838373309346156e-02,3.685520965344117605e-02,9.041628930688699189e-03,1.400900815709484916e-02,3.366214296349418628e-02,1.037511181685949468e-01,1.457153778408111222e-01,1.064214546422704161e-01,3.575927187329591521e-03,8.419641945410800965e-02,7.489475534948059066e-02,1.852437519609391112e-02,1.775268634484935062e-02,2.249057532466786774e-02
3.237820166381137621e-02,1.887407477410190867e-02,4.671927812322792389e-02,2.193275508554562436e-02,3.133447884643786319e-02,3.166280611174638725e-03,9.326580647937470284e-03,2.778414083785710198e-02,1.357050680909724361e-02,1.837952491480944126e-02,2.027132155160411842e-02,4.149797577437575394e-03,7.387828193465410809e-02,1.486398558361316513e-01,1.867546945341648779e-01,2.641476188516357348e-01,3.156713620553476263e-01,6.364739641880957643e-01,6.085838569625555694e-01,6.433053612591945747e-01,0.000000000000000000e+00,7.231199028677924856e-01,7.019974182734821655e-01,3.546077669381008657e-01,2.346041297498074885e-01,5.743324591846935556e-01,2.423399426964686632e-01,2.116741316587178734e-01,2.642226704888124209e-02,3.945002774381631966e-02,7.627097180140585825e-03,3.211538652508944339e-03,3.914817287260609520e-03,6.919086880922359871e-03,2.035181104946630001e-02,1.965867192406908163e-03,7.276975789252859879e-03,6.698005391344175746e-03,9.845331204130867292e-03,2.590566101194138882e-03,4.542268039535603437e-03,4.609275329641756951e-03,1.392857137466309465e-02,1.999813884531690539e-02,3.267781433169426181e-02,1.046997085515661424e-02,1.167011706251902710e-02,1.764281136481501630e-02,2.886591869047611635e-03,4.596710072098756164e-03,1.079310080797387652e-03,3.239494325830651056e-02,8.225462557853401718e-03,9.023768761523635537e-03,3.200669926392071124e-02,1.128327531397140676e-02,1.799947149224553899e-02,2.244400687827031657e-02,7.105089492755400048e-03,4.203168180545131805e-02,1.222088184301563761e-02,3.999301382403353672e-02,4.174228351587814384e-02,1.798595198943318124e-02,2.661973779318925482e-02,2.444885416976583584e-02,1.936372229571280482e-02,4.689779122011405142e-03,7.123132802607992642e-02,7.307290172083313017e-03,8.544468085737495777e-02
3.393660885925108006e-02,1.567448664910611050e-02,5.404538675101065032e-02,1.493823908209884581e-02,2.514027135938103064e-02,1.795535470991000901e-02,3.581081698159487101e-03,1.379935067622764175e-02,6.761796671111571302e-03,5.253412007032978205e-03,3.439047233673408078e-03,3.348022322514950487e-03,1.379363599807771450e-02,1.083856417001232558e-01,1.705802326073155295e-01,2.731547720685282080e-02,2.193486342828252500e-01,4.058216703451397178e-01,3.743729124058971514e-01,7.157568888431319332e-01,7.231199028677924856e-01,0.000000000000000000e+00,7.282570109330941399e-01,6.922875423218636248e-01,1.967169039558901433e-01,2.912982796161552312e-01,3.559132469314770231e-01,2.023863894317434395e-02,3.095289353807986060e-02,5.373473189940664724e-02,5.263494186845516995e-03,5.982931587799339077e-03,1.795930184426223000e-02,1.467512531437198918e-02,2.219787214349102158e-02,3.810252107524773890e-03,4.099263545738174308e-02,3.337390169217753066e-03,1.947492470853779030e-03,1.814204023356831910e-02,4.660157280835917730e-03,1.965227103264488920e-03,2.369510930696218463e-03,1.984342512897985245e-02,2.003859355054019020e-02,8.343531412779008408e-03,7.531931162699197387e-03,1.927840778799793167e-02,8.910641573690983308e-02,3.300237201659715625e-02,2.144366701128879588e-02,7.676476997358591681e-02,2.985824373977126120e-02,6.630973240864428131e-02,2.688203345809033612e-02,4.501734653980028755e-02,1.022662737389458572e-02,2.827778873809500340e-02,5.634526765864891762e-02,2.133587429131952526e-02,7.586846075306545589e-02,6.273873631269533124e-02,5.626582904550136988e-02,3.495930655003231385e-02,4.897584802224095452e-02,6.427150959990239609e-02,1.514281486624459265e-02,8.881013323645717966e-03,2.063585405988400262e-02,1.615379646257610741e-02,2.132128881996951317e-02
