0.000000000000000000e+00,3.546969553145009474e-02,1.892437261096439893e-02,2.619658643899118802e-02,2.639282270910081867e-03,1.911540053553066956e-02,1.772383454581338141e-02,2.726461333176827609e-03,6.828044820950666298e-04,9.079719858261696072e-03,1.911284419635868662e-03,1.181772495355276099e-02,5.794762805057713378e-03,3.452840993651996719e-04,1.651045154753586972e-03,4.050880192544132306e-04,4.135032783782582855e-04,2.746922170654892727e-03,1.552234966007392234e-04,1.552600113491791169e-03,4.265212390924486030e-04,4.373475325225179293e-04,1.280164180612417902e-03,5.791925689502643634e-04,2.562345079914132981e-04,2.729276463504809068e-04,2.319905870568629807e-04,5.685318584758854805e-04,9.896286397033748992e-04,2.474649232531429648e-03,3.070265272360825706e-03,3.669736563656632918e-03,5.333139702559643903e-03,7.112322475545291428e-03,3.123471104823455097e-03,3.218833207954751446e-03,3.661501989415555727e-03,1.315082457151884026e-03,1.593408775055442936e-03,3.987923696801142924e-04,1.058935333895578068e-03,5.237363856882165138e-04,5.883680683943985721e-04,9.455893193601625987e-04,1.108620544124216001e-03,7.123421627608741459e-04,9.305828218216260529e-04,3.363945732317050554e-04,1.661474871006695829e-03,4.360073318018365231e-04,9.681309081134187615e-04,1.608620216898735359e-03,2.787917322345135392e-03,1.867551193514778267e-03,1.685254439985953015e-03,5.719074904208407140e-03,1.374897850085935597e-03,4.246991959421379456e-03,1.715451549010354971e-03,2.728880932424233787e-04,2.217053352211384269e-03,6.672163679309397197e-04,1.145842357037703220e-03,9.324106671142513717e-04,1.104168670528742980e-03,1.918214642581686545e-03,3.676753472671796179e-04,2.611163619655489793e-03,2.013370248512950673e-03,6.630450989818795693e-04,1.033417096354911696e-03
3.546969553145009474e-02,0.000000000000000000e+00,2.514584127411095132e-02,3.901751101577541347e-02,4.554732117682394610e-02,2.650158384503130057e-02,3.960627635878326974e-02,7.564279869293579969e-03,3.533797133154799232e-03,1.364475232317857896e-02,1.992377569190170727e-03,7.554404156185572962e-03,9.372917319373459677e-03,3.510791333148184038e-03,1.433807149239898484e-03,1.615378797398933988e-03,4.858178387162363256e-03,2.821988803912776293e-03,8.056881513380094407e-04,1.164034185100437354e-03,6.644557112606841323e-04,1.653740471944871318e-03,1.319211060231844290e-03,1.669798812218700398e-04,2.412373902536425144e-03,7.074581376050234063e-04,4.742176340929017513e-04,2.946187401572947380e-04,3.638650637933999246e-03,4.426468409893925468e-03,4.516898065011909144e-03,1.823088913447604500e-03,5.801165115033194396e-03,8.025179562867397129e-03,5.623530840669405464e-03,7.774521875429172245e-03,3.555819930278185208e-03,5.841690777108791239e-04,1.200315894780401007e-03,2.561959828356661197e-04,6.426152761777020449e-04,9.281291569874837531e-04,4.909816705608729221e-04,3.077521964678923277e-03,8.759673419440573358e-04,2.812036727318686902e-04,6.436703129379009024e-04,1.602986376410653986e-03,2.502515509453656205e-03,4.285100631900779552e-04,2.215716690213628826e-03,6.163230196816712678e-03,2.621948644921935981e-03,9.422050884583495819e-04,6.276701741062684289e-03,4.656825870116780564e-03,3.712635255229331747e-03,1.418718062167208249e-02,2.344832331933765016e-03,2.011530478797595844e-03,8.812642868225294482e-03,2.725712393543798170e-03,1.110751556723384072e-03,4.683368843052089438e-04,2.082117904950582434e-03,2.971354125930333271e-03,1.141977418888550982e-03,4.188561478796004080e-03,1.169156461186962722e-03,1.664350284401414949e-03,1.495584273091861947e-03
1.892437261096439893e-02,2.514584127411095132e-02,0.000000000000000000e+00,1.277232767721038775e-01,7.322999187200490701e-02,5.890526256450423492e-02,5.390670117739921469e-02,7.578613392924364589e-03,1.431882481813449501e-02,1.420569371146232669e-02,2.772362259423456678e-03,2.788371095432322713e-02,3.124619846505269014e-02,2.179482241123617981e-03,6.201946609191635353e-03,1.489649959910114944e-03,3.347150406716959282e-03,5.828340789598106080e-03,2.354922794999426278e-03,4.900439731896103109e-03,6.930360823507731834e-04,1.851745881988813057e-03,1.483690230553365861e-03,1.269223199058511740e-03,3.136675219487964923e-03,2.998919289403081424e-03,1.239287024580364377e-03,8.374369287013295939e-04,8.348896782316282683e-03,1.067177551907862870e-02,1.322771403827142402e-02,1.570338976545410797e-02,2.461451457833932835e-02,2.153151642800561760e-02,8.950701937152407903e-03,1.428555092060000524e-02,6.623790846781684762e-03,4.806100669384752271e-03,2.154833494962187651e-03,2.348712325662629004e-03,4.831409395218195027e-03,2.772021026126752943e-04,3.637137206975270178e-03,1.898216771102473853e-04,1.419720774473945011e-03,1.747956593171373944e-04,2.261700898444035050e-03,1.017867808500930475e-03,5.546390295102864021e-03,3.719344044928800993e-03,6.917720137760987979e-03,7.548986012596951845e-03,9.607288335629675380e-03,1.149601833740525672e-02,1.371184467608220839e-02,3.348485323296167271e-02,8.959482695891113346e-03,2.489610770995904707e-02,1.262055158966192067e-02,5.375837958991781448e-03,1.633262663961368433e-02,3.674564022362086096e-03,9.158884304440116078e-04,5.234468969891687730e-03,8.378247451568025068e-04,3.873362107962817925e-03,1.027276511545027618e-03,3.758542550005329174e-03,3.187213585585301975e-04,5.953110873530419178e-03,4.718564546917503326e-04
2.619658643899118802e-02,3.901751101577541347e-02,1.277232767721038775e-01,0.000000000000000000e+00,2.939496548782521979e-02,4.405707087522663101e-02,8.369932560449708236e-02,5.762015766159763602e-02,2.925820393835722871e-02,4.588426494576296200e-02,2.217627571200803810e-02,2.621563632618023609e-02,2.482578486958538985e-02,4.657542172430097736e-03,2.298120834530382149e-03,7.197125883301036878e-03,3.978111887295411077e-03,6.616421713592844471e-03,2.901734190714007951e-03,6.677309428432330607e-03,4.633079813858546545e-03,2.607382275986176289e-03,3.985021086566866897e-04,5.427901658341262314e-03,9.402685455105856682e-04,4.226259950390407437e-03,2.591886913721485469e-03,1.215390277928363053e-03,5.477796941953077224e-03,5.991103378417936970e-03,8.281804506360538817e-03,1.335046677714170869e-02,1.339015985547964069e-02,1.346606179009775944e-02,7.611736044149429795e-03,1.152910538180223522e-02,1.027989454754903512e-02,2.966948179541601272e-03,3.759565674094770323e-03,1.941023952252991574e-03,4.700742452702108380e-03,1.292453913564772057e-03,3.747046296168561001e-03,2.988323586964838257e-04,1.755965224774666501e-03,2.688701235351369733e-04,2.177860123961736488e-03,4.753345166705866091e-03,6.110745362426374394e-03,1.362403441864257951e-03,1.339476153951357600e-02,1.833637876546625675e-02,8.582895613336926494e-03,4.798054918963567950e-03,2.383771191349182139e-02,4.576148974094453037e-02,3.001736853353394879e-02,6.361330881390039882e-02,2.341488360825364282e-02,1.502345199919586337e-02,1.888468983949191313e-02,9.986020722648727282e-03,5.910835025248655297e-03,4.951682751120845861e-03,4.617838451474750791e-03,1.365298136224002076e-02,6.826736896614852591e-03,1.304821979323062507e-02,1.078302597438545243e-02,1.354382979980859984e-02,1.927901055844178767e-03
2.639282270910081867e-03,4.554732117682394610e-02,7.322999187200490701e-02,2.939496548782521979e-02,0.000000000000000000e+00,1.437889661198674673e-01,1.679906450309999189e-01,1.571786094311597992e-01,7.574182149546172804e-02,6.886719203960488256e-02,1.435299147019870880e-02,1.995842203439121554e-02,3.995353538205272115e-02,1.084551183652076624e-02,9.407942361448234925e-03,1.134423317458946312e-02,5.414855828981262643e-03,4.735031272491570763e-03,3.338092674161007370e-03,1.649559455678390515e-03,6.409548806883540607e-04,4.837669209372170813e-03,6.374688878948660264e-03,6.860230509151653278e-03,5.596728558387279590e-03,4.270989470083599859e-03,2.561305017870500484e-03,4.815922636102840798e-03,1.354705584080016269e-02,1.595954657384478226e-02,2.079148970848074610e-02,1.199438264730566181e-02,2.665426032949129789e-02,1.074708117480447679e-02,8.005892308506026844e-03,1.307019614340831394e-02,3.710908507964512642e-03,3.155785848743624354e-03,1.118992845546982117e-03,1.345141786925320914e-03,2.699879001386970047e-03,6.619747312686362090e-04,3.488423528338220874e-04,1.864179367343741459e-03,3.263688993748972700e-03,1.242858528210994155e-03,3.410572278426759682e-03,1.713743988347393504e-03,3.937619067893102440e-03,2.891141274912118961e-03,9.821307127961018124e-03,1.175891686937771512e-02,9.389581741609892562e-03,1.934118964094867082e-02,1.871111094750760317e-02,2.914412689116359367e-02,2.397438961233380392e-02,5.118856895163968745e-02,2.986838493292985619e-02,1.513578181234034176e-02,3.885091858550310945e-02,1.411715876636317549e-02,3.830335637250854332e-03,8.900094617593197824e-03,4.610994472204249864e-03,6.496303556175626534e-03,4.700287210805616928e-03,9.273484682537443471e-03,1.163263514469816025e-03,1.383239410056983330e-02,6.567476429107142223e-03
1.911540053553066956e-02,2.650158384503130057e-02,5.890526256450423492e-02,4.405707087522663101e-02,1.437889661198674673e-01,0.000000000000000000e+00,7.084761063705576067e-02,1.851439728198156220e-01,1.087168472024219873e-01,1.483641854935960069e-01,1.159946774530016128e-01,3.918372941654514607e-02,1.231588863470669572e-02,4.165705204787137350e-03,7.115288857776888359e-04,7.781027274853235046e-03,4.320993484872096869e-03,6.119061419574675642e-03,1.928292613694618631e-03,1.459457162169221743e-02,8.082378969641496741e-03,4.102857177645339443e-02,6.163681958664453224e-03,1.905687295412041363e-02,2.733656955543146971e-02,5.945415533555884272e-03,3.376449322005647957e-03,1.476196001970656859e-03,5.324776597810605737e-04,3.910334187593033674e-03,6.071010372500189496e-03,7.545842774636913296e-04,8.779089256648546502e-03,1.557847396016687549e-03,3.812413203009564194e-03,1.508615770636151029e-02,5.117766834047200383e-03,7.332468652501933533e-03,7.565155739990640435e-03,1.539246186735032575e-03,4.982318001284343628e-03,1.112830354249175549e-02,3.050805275467095498e-03,1.804440410417985441e-03,4.859981888726724571e-04,1.117519665549893170e-03,1.106488196017855899e-03,1.479247719168086351e-03,4.657130583494985612e-03,1.952326068368160847e-03,4.296343023937825023e-03,4.392188232712162903e-03,6.448732384918554918e-03,1.113541890563827120e-03,1.710386369066314166e-02,2.289394431499505722e-02,7.360314890749880545e-02,3.763969345534231431e-02,5.611317893084592084e-02,3.442469547030037325e-02,1.266118438756064050e-02,8.101171328686738310e-03,7.171063018866270615e-03,1.052862284613874724e-02,2.700931289417395076e-02,1.392276839177319404e-02,1.955157025753860231e-02,4.797762565281470798e-02,3.922246167099673400e-03,1.431364123561225908e-02,5.887631365061663131e-03
1.772383454581338141e-02,3.960627635878326974e-02,5.390670117739921469e-02,8.369932560449708236e-02,1.679906450309999189e-01,7.084761063705576067e-02,0.000000000000000000e+00,1.361258067372018432e-01,1.209725331024667783e-01,4.689808757953864427e-02,6.569533262760639258e-02,1.006532518140102611e-02,4.822561568872990763e-03,1.220583326274529527e-02,4.108439254514139986e-03,5.432427943830114847e-03,1.619381388056832793e-02,6.239840306633979462e-03,4.241525540057702881e-03,7.643575160307509997e-03,9.188608149112469786e-03,1.618759435733536228e-02,1.320713508399166784e-02,5.165617569302807105e-03,5.642060288391159001e-03,1.641102844731097410e-02,9.778358179029359495e-04,5.646005554610681980e-03,6.922172159029476093e-04,3.217951511436627134e-03,6.353300634737707583e-04,9.956988750213348425e-04,1.608080019810027112e-03,9.384562511175435903e-04,8.381884149951629275e-04,4.684380707169175139e-04,1.042075580078538318e-03,9.309963976986923529e-04,1.575687231462645152e-03,1.263592228933794678e-03,2.752032548922855155e-04,6.890982850617249520e-04,4.866244995479777533e-04,1.940918710271731431e-03,1.221548662996786412e-03,6.501843527449491841e-04,6.167448323250936289e-04,4.374759970341912489e-03,1.366890245834802330e-03,1.256068849948795965e-03,1.617808917190336794e-03,4.969648800303834608e-03,2.813854540851367780e-03,1.112726477326689972e-02,5.732828830986240465e-02,1.732811316936233928e-02,3.381685363232830865e-02,4.697488909953895925e-02,3.384570943423227674e-02,1.466457644855878768e-02,2.429823709961761308e-02,1.548067298440763961e-02,2.931838498722227557e-03,7.534181995011704144e-03,4.390744233388203972e-03,2.612808639640010113e-03,7.276073051011903124e-04,5.723251986610874108e-03,2.654542861790581791e-03,2.311695028029958892e-03,1.007679270997846946e-02
2.726461333176827609e-03,7.564279869293579969e-03,7.578613392924364589e-03,5.762015766159763602e-02,1.571786094311597992e-01,1.851439728198156220e-01,1.361258067372018432e-01,0.000000000000000000e+00,2.461950546234624726e-01,4.274846399408719494e-02,2.010071775392200527e-02,5.448079840477032358e-03,6.636526018917720919e-03,5.901193112942438278e-03,1.545796775823593192e-03,1.039396911016641535e-02,3.900060901414200126e-03,2.165034718546004523e-03,3.504393694442101657e-03,1.581305221191082674e-02,5.741211539650474885e-03,7.581191739783949522e-03,7.559972227145784693e-03,2.993650020713884558e-02,4.615696291305939301e-03,2.664002199347920933e-03,1.684149252882490011e-02,8.353212853087092554e-04,3.520129572318835866e-03,7.129482156368728216e-03,1.548182855623371143e-03,4.004736132664060352e-03,3.285464505763483704e-03,1.106210032985947790e-03,1.940492968772012739e-03,1.451163805786000530e-03,4.318470421201164693e-03,3.158016673156334095e-03,8.019124685536317687e-03,1.762579084290456788e-03,4.147403508334335698e-04,2.975231820493422826e-03,4.208696251042998507e-04,7.524384549399568221e-04,8.843587593089815950e-04,9.869654992144343518e-04,3.044404300033402323e-03,2.440040260550786766e-03,5.117332370408017020e-04,3.045751625634592931e-03,1.563622698498192852e-03,7.135138860626242217e-03,2.392611081906844805e-03,1.148721471228537384e-02,1.517798865508700711e-02,1.773558278630299120e-02,1.108105444063794964e-01,3.333643768817451392e-02,2.574696722788580305e-02,3.998062498277458326e-02,1.579021552030064612e-02,1.090265362123374153e-02,1.356764613731147907e-02,6.330074064061141578e-03,1.204845973536527656e-02,1.042111854878169722e-02,8.176780412134560666e-03,4.715280712510211934e-03,1.601790028359007705e-03,2.060208133691137592e-03,2.178592210067425289e-03
6.828044820950666298e-04,3.533797133154799232e-03,1.431882481813449501e-02,2.925820393835722871e-02,7.574182149546172804e-02,1.087168472024219873e-01,1.209725331024667783e-01,2.461950546234624726e-01,0.000000000000000000e+00,2.795941605241691885e-02,7.050846284004910758e-02,7.958189222477150826e-02,5.901947164478443808e-02,1.951278877025155664e-02,1.203911824964243316e-02,1.015688561649655090e-02,1.243616859106756213e-02,3.369256766051102053e-03,1.656496021917892338e-03,1.330472698305514186e-02,4.203914435581728240e-03,2.282161402112513858e-03,3.384496348568491464e-02,2.140256893496411683e-02,5.171775139712914832e-03,8.138082294449722892e-03,1.953642003480852984e-02,1.325464601995580104e-02,1.230822919258672127e-02,1.889525985069259381e-02,1.567021886798718525e-02,1.579050702124605013e-03,1.862510198148586982e-02,1.888990791507034507e-03,2.871938709799367597e-04,3.476387831002927115e-03,2.900450334361404613e-03,1.363214942024436284e-03,1.912193486732666941e-03,1.780850649336580003e-03,5.744499543545199868e-04,1.889935459143011511e-03,1.319546325086204917e-03,3.441287814841299266e-04,1.211896085130124805e-03,3.492311695865611340e-03,1.277994773140012259e-02,1.824355626255005696e-03,1.458006537931896048e-03,3.641031693972899847e-03,7.041718220627526427e-03,2.964302874776548330e-03,8.811068378319181996e-04,4.527264875034387424e-03,1.864863261078550730e-02,1.731852987885991804e-02,3.592250026100064081e-02,3.903484938625135375e-02,1.728736150698224547e-02,1.722890253611786618e-02,2.297600795698427623e-02,1.320288121118025348e-02,2.646500147007750138e-03,5.482612543760982844e-03,1.107138630006187195e-02,8.071509526649745664e-03,1.599943014186042036e-03,2.792821474993353696e-03,2.273096017105369696e-03,4.940892299512048523e-03,6.002622692866240069e-03
9.079719858261696072e-03,1.364475232317857896e-02,1.420569371146232669e-02,4.588426494576296200e-02,6.886719203960488256e-02,1.483641854935960069e-01,4.689808757953864427e-02,4.274846399408719494e-02,2.795941605241691885e-02,0.000000000000000000e+00,8.874013791779138127e-02,4.550778183629568957e-02,2.483827043933863402e-02,3.080763588386344412e-02,2.842745148963720520e-02,1.992513768830839541e-02,2.382675223663196021e-02,3.098150175836285672e-02,1.143049578795735793e-02,6.972695230642689257e-02,9.002172573427334387e-03,1.532689400516506519e-02,3.083198878614299213e-02,3.937415565502462578e-02,2.263806512983518662e-02,5.809204047685209184e-03,3.717588600078242100e-02,1.908716303390646518e-02,7.031395453125140887e-03,1.711530315339581179e-02,1.581981953230964097e-03,7.245485066447289804e-04,3.751101046598564158e-04,3.199665443897002897e-03,4.962032860817418983e-03,5.545419196715421079e-03,1.221978748909273611e-02,1.292307416960364677e-02,2.080371699770419691e-02,2.190100123464527870e-02,1.155052554841391223e-02,5.330095928863022060e-03,3.922301849448473800e-03,1.087751212627944847e-03,4.075778264131635353e-03,9.124759978272811364e-03,5.119869296618556088e-03,1.267497607452370981e-03,3.298052811988058924e-03,2.575562904719302937e-03,4.586993026155713159e-03,1.497453092469296261e-03,4.383541543177825114e-03,1.320247438512183076e-02,7.893288760193717044e-03,1.774460365464018696e-02,3.792846059028844724e-02,1.717059781685809777e-02,2.942938713643493409e-02,1.022254954995301113e-02,1.744981846155986560e-02,2.508830859324729171e-02,1.344895044153312548e-02,1.674388435357779259e-02,3.501075731173457477e-03,9.004951107476126494e-04,8.034904194535043287e-03,8.443068891372928347e-03,1.312250987547054076e-02,2.150866800022140958e-03,1.369442262223790653e-02
1.911284419635868662e-03,1.992377569190170727e-03,2.772362259423456678e-03,2.217627571200803810e-02,1.435299147019870880e-02,1.159946774530016128e-01,6.569533262760639258e-02,2.010071775392200527e-02,7.050846284004910758e-02,8.874013791779138127e-02,0.000000000000000000e+00,9.182102025802734227e-03,1.438363334545821742e-02,2.837105285212767475e-02,2.387363847857099791e-02,3.069341009670827243e-03,2.555635947135968464e-02,1.243940198506513287e-02,8.706080981237710598e-03,4.152279262115027986e-02,9.183501284053411165e-04,3.921380927972571533e-03,4.288480379161245526e-02,3.863133648911320356e-02,4.112610451975023430e-03,8.910888430336522115e-03,2.942015851738927559e-02,2.695740011902815828e-02,9.047749246854983399e-03,2.504086698542060466e-02,1.359720581135166924e-02,2.468411069286301305e-03,1.494150893016565201e-02,1.237354806065836229e-03,1.343431161770670609e-03,1.414472820181825402e-03,4.986144545967662219e-03,1.680000552007644525e-03,3.938398428204237765e-03,6.015076010810905399e-03,1.746476509592135695e-03,2.170885469979663696e-03,1.294774837445742148e-03,1.261210469182868577e-03,2.778910716324222048e-03,1.083895094789255782e-02,7.901388240365552623e-03,1.475357910772881866e-03,4.506275905896915332e-03,3.392863824846758473e-03,6.092874863056278213e-03,3.042427910026863219e-03,9.015111110842563991e-04,3.179884451515241437e-03,1.403797079204520924e-02,8.900541644230769087e-03,6.375003674898324472e-03,2.390393064678442495e-02,1.134444836907848309e-02,2.330058546099754695e-03,7.512224132448662786e-03,7.857735935493392193e-03,4.797748524892417842e-03,2.368614919281332703e-03,4.378823577675333353e-03,2.728693531734353514e-03,1.184310105967663731e-03,5.468682121536188982e-03,5.487620317568921158e-03,4.226610911815868905e-03,1.117368039113991567e-02
1.181772495355276099e-02,7.554404156185572962e-03,2.788371095432322713e-02,2.621563632618023609e-02,1.995842203439121554e-02,3.918372941654514607e-02,1.006532518140102611e-02,5.448079840477032358e-03,7.958189222477150826e-02,4.550778183629568957e-02,9.182102025802734227e-03,0.000000000000000000e+00,7.641594758976127423e-03,4.006295510801782117e-02,2.256276245086760723e-02,1.223024628387607560e-02,2.777695515395710996e-02,3.220313977321171556e-02,1.356435413021902028e-02,5.757956470468433841e-02,4.677263246976988420e-03,8.870007955770932082e-03,3.323743649733777727e-02,2.199636575234896821e-02,3.496262224420650881e-03,3.907706842132020741e-03,4.843599907340977173e-02,2.098737082970136836e-02,6.787555268937118906e-03,1.742531934633599622e-02,1.294423076830176393e-03,3.495414973594987798e-04,2.159605332967851413e-03,3.427625242406671675e-03,8.069737426124129693e-04,2.147181667082655784e-03,1.274345996647793453e-02,3.112136526186035004e-03,1.849421445437220146e-02,8.598544338073438667e-03,1.285459702722165087e-02,6.592093932193630705e-03,1.207009512721344234e-02,4.304473296964962670e-03,3.363648233109456549e-03,3.421645285091577584e-03,5.339179977485288345e-03,1.033267364748067726e-03,3.300322682360311115e-04,3.901042165950686317e-03,4.402527538867318652e-03,6.043604336154453829e-04,2.094963668174450264e-03,6.704219456326701229e-03,5.731845619539936883e-03,8.136549383491063422e-03,9.673808510581211094e-04,9.233031010229932403e-03,1.980257377187363138e-02,4.989356762665539576e-03,6.882350136269538808e-03,3.261336673493588773e-02,2.542154847180175259e-02,2.402026088022166106e-02,1.182613113098711539e-02,9.146016579399293385e-04,3.465729969311860670e-03,1.120838945846837874e-02,2.823768426977824996e-03,2.309797873002165068e-03,7.811132946116322367e-04
5.794762805057713378e-03,9.372917319373459677e-03,3.124619846505269014e-02,2.482578486958538985e-02,3.995353538205272115e-02,1.231588863470669572e-02,4.822561568872990763e-03,6.636526018917720919e-03,5.901947164478443808e-02,2.483827043933863402e-02,1.438363334545821742e-02,7.641594758976127423e-03,0.000000000000000000e+00,6.514620862450555550e-02,4.846721630163747241e-02,5.671299274711082139e-02,1.788233253003132864e-02,4.252754740260353966e-02,2.956129032745002244e-02,3.121464851718685346e-02,2.768686138392591548e-02,1.400452852256883589e-02,2.449948299316608361e-02,5.809886152204650142e-03,2.300201328531306308e-02,1.561771815037459217e-02,3.707263251784308905e-02,2.766746584472038958e-02,7.593504575984246462e-04,1.031504527052471212e-02,1.698841489896493577e-03,1.918484703199937981e-03,2.419237434347762481e-03,4.732822516787735245e-03,2.636373369952919117e-04,1.231904667435686608e-03,1.163180959487170388e-02,3.566432128762720235e-04,5.518780978976015744e-03,2.348038851571849703e-03,8.222197158314436746e-03,5.796001207042433606e-04,7.676796568057572823e-03,1.262228132009202185e-03,5.418888483459958008e-04,3.091107132057855592e-03,1.068427796204501467e-03,2.207984744032462452e-03,1.310601518818368689e-03,5.368917175754588577e-04,1.202315002400487385e-03,5.139462107834538848e-04,5.115196674197968092e-03,8.633050535026430897e-03,3.237284532924376932e-03,6.628397727460870470e-03,9.330092153825157372e-03,6.151941453741673754e-03,9.114902665980613786e-03,1.721770394869126530e-02,5.766279061741367250e-03,2.283542920793808773e-02,6.946991705425828445e-03,2.315234267534853341e-02,1.710258186665706073e-02,1.129665871423089687e-03,6.475718864996173095e-04,2.874490532880982774e-03,2.673187281658265767e-03,8.050544635885413525e-03,6.581482802398454582e-03
3.452840993651996719e-04,3.510791333148184038e-03,2.179482241123617981e-03,4.657542172430097736e-03,1.084551183652076624e-02,4.165705204787137350e-03,1.220583326274529527e-02,5.901193112942438278e-03,1.951278877025155664e-02,3.080763588386344412e-02,2.837105285212767475e-02,4.006295510801782117e-02,6.514620862450555550e-02,0.000000000000000000e+00,4.966915512071030242e-02,2.071721205864883800e-02,3.960314685271418278e-02,3.037465772610001627e-02,1.635365547495639879e-02,6.378178802782613621e-02,1.480367206865494945e-01,1.013633311010788823e-01,1.180954819654386201e-01,6.906131288720342154e-02,1.675211980706904635e-01,1.287411558408474953e-02,1.455630763102642999e-01,3.904549515786764208e-02,8.255261087108983070e-03,4.031473343013540489e-02,1.515309941363103194e-02,4.772977752503632619e-03,3.247292994730197058e-02,2.144323548493243074e-03,3.334674142637044682e-03,2.819646732441141029e-03,4.007865333156441882e-03,1.231277404470891698e-03,6.232923792073550434e-03,6.936035035825414367e-04,6.234355207720758581e-03,8.352529588927065348e-04,6.044984803794683365e-03,1.722723278005452432e-03,2.837660957283207660e-03,1.948563398808871071e-03,1.101899858927041622e-03,2.850103746167998581e-03,2.424890434249234519e-03,1.954263886407345014e-03,2.012593187346142527e-03,4.965182207727903731e-03,6.944433653595207326e-03,5.766265070722515970e-03,1.470504889091849531e-02,4.178202951415755859e-03,4.992657492012534184e-03,1.891704815003321036e-02,1.286956848772264315e-02,8.812529031434358090e-03,1.183443810313340033e-02,1.082052270308453412e-02,1.010672053592195918e-02,2.361051569602106229e-02,3.246764506284267882e-02,3.257907205364026990e-03,5.814364165246069249e-03,1.644992113268238521e-02,7.678687141351596239e-03,7.172376156487684194e-04,1.809980087551535388e-02
1.651045154753586972e-03,1.433807149239898484e-03,6.201946609191635353e-03,2.298120834530382149e-03,9.407942361448234925e-03,7.115288857776888359e-04,4.108439254514139986e-03,1.545796775823593192e-03,1.203911824964243316e-02,2.842745148963720520e-02,2.387363847857099791e-02,2.256276245086760723e-02,4.846721630163747241e-02,4.966915512071030242e-02,0.000000000000000000e+00,2.596750211633328323e-02,2.311248744808639538e-02,6.169946635864814038e-02,2.813303575624260047e-02,1.582575473679757871e-02,1.664067503417729077e-01,2.012467629739529418e-01,4.180377379381051278e-02,1.854016786625006449e-02,2.687069437596543708e-01,3.018298993336011871e-02,3.051701869736847192e-02,9.249514643404961600e-03,5.858374411443859411e-03,1.347019039432710737e-02,2.526781433345475902e-03,1.829904463673939123e-03,9.298351208666561299e-03,2.773396106188809503e-03,2.690883518203844669e-03,3.603065043846002697e-03,1.436482721452980900e-03,7.963517747299314262e-03,9.090411774250775970e-03,4.560862746791433109e-03,3.178395661022667793e-04,2.362121910643181708e-02,2.703836882365730655e-03,4.297997800630227495e-03,9.869243830172843429e-03,6.011915765315341102e-03,1.889131889121996354e-03,1.534545110052973338e-02,2.081961523089438746e-03,1.141287626516335500e-03,9.761316677388273211e-04,8.211805137919962749e-03,3.786388051925493759e-03,1.308326277529492506e-03,1.521227691766048606e-02,2.511051365723605301e-03,3.974010478666054752e-03,1.552361400555316712e-02,8.693364777322850484e-03,2.661438358870768951e-03,3.609953144948955563e-03,1.856083709942451740e-02,2.900159102550495683e-03,1.415782676192755066e-02,2.144580476657118734e-02,6.479301430991571235e-03,3.169649788420465710e-03,2.938546448914187287e-02,5.596989942247557887e-03,5.638575909928738965e-03,1.603081375363824695e-02
4.050880192544132306e-04,1.615378797398933988e-03,1.489649959910114944e-03,7.197125883301036878e-03,1.134423317458946312e-02,7.781027274853235046e-03,5.432427943830114847e-03,1.039396911016641535e-02,1.015688561649655090e-02,1.992513768830839541e-02,3.069341009670827243e-03,1.223024628387607560e-02,5.671299274711082139e-02,2.071721205864883800e-02,2.596750211633328323e-02,0.000000000000000000e+00,8.290742818408602943e-02,7.254643475672820085e-02,6.898461526801998034e-02,8.401647843559832685e-02,1.887093673119153714e-01,2.201084116828132958e-02,9.687534153103515011e-02,3.666637219783231566e-02,1.298449376562492152e-01,8.503098936094126425e-02,6.383997291368880000e-02,5.103407322730829643e-02,7.196075244359535772e-03,2.998920166342359389e-02,1.617569423151320879e-02,2.642778062914554783e-03,2.076847036477916936e-02,1.528162859332062376e-02,5.176591820982981602e-03,7.038780311394097697e-03,4.213365685530583854e-03,1.319046046670440883e-02,2.750514292268856596e-03,9.300104694357134300e-03,4.723689868727549306e-04,5.395071951866281957e-04,1.505547774503988596e-03,4.226158296285391987e-04,2.444246665814334401e-03,1.662816450188406639e-03,4.568903458674358070e-03,1.213275260942629904e-03,1.300794478500404529e-03,4.971712429439259853e-03,1.256080216547356999e-03,9.089316318697372374e-03,1.892631971537083509e-03,1.026088504849744648e-02,4.432810959451003591e-03,6.063796553612032722e-03,2.872539397303170306e-03,7.646848101711991620e-03,1.186364055771005300e-03,1.026852385488487111e-02,1.455480855262539230e-02,9.679584391935559719e-04,2.164688043602137207e-02,1.278126671317516769e-02,1.917841054035802559e-02,5.938781906874739981e-03,4.891464961083852141e-03,4.544601402786186892e-03,8.745961589614570722e-03,1.084697197249101519e-03,4.991536390517825952e-03
4.135032783782582855e-04,4.858178387162363256e-03,3.347150406716959282e-03,3.978111887295411077e-03,5.414855828981262643e-03,4.320993484872096869e-03,1.619381388056832793e-02,3.900060901414200126e-03,1.243616859106756213e-02,2.382675223663196021e-02,2.555635947135968464e-02,2.777695515395710996e-02,1.788233253003132864e-02,3.960314685271418278e-02,2.311248744808639538e-02,8.290742818408602943e-02,0.000000000000000000e+00,1.199428219650798405e-01,1.560743935708531760e-01,1.664942041777249526e-01,2.901481026319723822e-01,1.680445215511936485e-01,2.815720680836371614e-01,1.610394852407761590e-01,2.665720865082585878e-01,5.245733787627311628e-02,2.452900618250761500e-01,8.319992508262503972e-02,2.607217102606985276e-02,7.358483887662846390e-02,3.253171627632400753e-02,5.091954626919920589e-03,4.027665367925373913e-02,2.204930862850577791e-03,1.846534488723920861e-03,5.780718388869329760e-03,4.689341344602370593e-03,1.777814236813104456e-03,1.343567133284007467e-02,3.017139800774491700e-03,1.116336559366663990e-02,2.288182507115035878e-03,1.479695391036527086e-02,1.659192357964912141e-03,3.704808147077251826e-03,7.579056534252509884e-04,3.172123385887316675e-03,9.753284947547800291e-04,2.140689647262134822e-03,3.557795926234811387e-03,1.496625634164901273e-03,5.127809448659152031e-03,1.050642087208749666e-02,5.585061557946469080e-03,2.292847247837917143e-02,4.650681028894431378e-03,3.833245556407445607e-03,3.106789641355356402e-02,1.507405242289201752e-02,1.183942393236163404e-02,1.871301783217450138e-02,2.186417925321555711e-02,2.108226795499673623e-02,4.424801245202238803e-02,6.723543644646799711e-02,4.179369395550499634e-04,1.696189845389765166e-02,2.438938548369529516e-02,2.556607740913164825e-03,2.117471232300474973e-03,1.438756396004751796e-02
2.746922170654892727e-03,2.821988803912776293e-03,5.828340789598106080e-03,6.616421713592844471e-03,4.735031272491570763e-03,6.119061419574675642e-03,6.239840306633979462e-03,2.165034718546004523e-03,3.369256766051102053e-03,3.098150175836285672e-02,1.243940198506513287e-02,3.220313977321171556e-02,4.252754740260353966e-02,3.037465772610001627e-02,6.169946635864814038e-02,7.254643475672820085e-02,1.199428219650798405e-01,0.000000000000000000e+00,2.412472400462343236e-01,1.995169941921304257e-01,5.424430292025422817e-01,4.657611194805680310e-01,2.756370756537470657e-01,1.999547007838063939e-01,5.334458540483638656e-01,1.626760852239082233e-01,7.643477965088447956e-02,3.065792466069392277e-02,3.960670320716746379e-02,2.661651698380970016e-02,6.468465261627889991e-03,2.514821516220155147e-03,2.244835300496069927e-02,1.392473433995551971e-02,2.475223556832905226e-03,1.266737210102204456e-02,8.105855090246692415e-03,3.020610951483728920e-02,4.580514283976200307e-02,1.698101887773398669e-02,3.868798334899190526e-03,3.087122576170597821e-02,9.670240648076946360e-03,4.938074273028884853e-03,6.503331640607563739e-03,1.000068546876438542e-02,3.107290051614781858e-03,1.029961575732502368e-02,2.544599944318867279e-03,3.060698913112671563e-03,1.165301043016624214e-03,2.504137780141943784e-02,9.071475684106520415e-03,1.595636700981919315e-02,3.009240180549472427e-02,7.786996766440267177e-03,2.584549438681269309e-02,1.513002860071121364e-02,2.283189956635968063e-02,4.099613205302560237e-02,2.158274537646219602e-03,4.804444602148988386e-02,3.222554188901100014e-02,4.982663853848583180e-02,3.116266612664414515e-02,1.241673349609894242e-02,1.405471096807283347e-02,2.497852114044367758e-02,1.966793620618163818e-02,4.677170474572357566e-03,2.568183862973259790e-02
1.552234966007392234e-04,8.056881513380094407e-04,2.354922794999426278e-03,2.901734190714007951e-03,3.338092674161007370e-03,1.928292613694618631e-03,4.241525540057702881e-03,3.504393694442101657e-03,1.656496021917892338e-03,1.143049578795735793e-02,8.706080981237710598e-03,1.356435413021902028e-02,2.956129032745002244e-02,1.635365547495639879e-02,2.813303575624260047e-02,6.898461526801998034e-02,1.560743935708531760e-01,2.412472400462343236e-01,0.000000000000000000e+00,4.002610102317540330e-01,6.155172117076265215e-01,3.229016434778786415e-01,3.467710557357950862e-01,4.334756621305038138e-01,3.275987651620044239e-01,2.128236128057382770e-01,1.371627237108478947e-01,1.515607235250357732e-01,4.761055046265132151e-02,4.616837605673021483e-02,5.194151777582741575e-02,2.206249940383217881e-02,3.376170288133577974e-02,2.548198837146706947e-02,1.148584675726710587e-02,3.009967095161826880e-02,1.842461740457369129e-02,2.471771128406012943e-02,5.873183483792736477e-03,1.203365901567409954e-02,6.908297032727165471e-04,2.509977722426399126e-03,6.011971572144113839e-03,1.129355330094718125e-03,1.025508834596015710e-02,4.764840360662212990e-03,5.723803380637339754e-03,2.563769148289807547e-03,8.977260637943030794e-03,1.080142217742735902e-02,4.310426840722967820e-03,2.948634542836850881e-03,8.032235750959527618e-03,2.606281712609290896e-02,1.272723405100756496e-02,4.289813634576107593e-02,5.153826051837480382e-02,1.612660820431852798e-02,3.989141155152210391e-03,3.108164366478745680e-02,1.592185387976914612e-02,3.034428866969311397e-02,5.951930859728225831e-02,2.108589945060616866e-02,4.708680681779606886e-02,1.465823684825155564e-02,1.181951169808678238e-02,7.818236218105839921e-03,3.685134032795922554e-02,3.140003875709224818e-02,5.256747983975137983e-02
1.552600113491791169e-03,1.164034185100437354e-03,4.900439731896103109e-03,6.677309428432330607e-03,1.649559455678390515e-03,1.459457162169221743e-02,7.643575160307509997e-03,1.581305221191082674e-02,1.330472698305514186e-02,6.972695230642689257e-02,4.152279262115027986e-02,5.757956470468433841e-02,3.121464851718685346e-02,6.378178802782613621e-02,1.582575473679757871e-02,8.401647843559832685e-02,1.664942041777249526e-01,1.995169941921304257e-01,4.002610102317540330e-01,0.000000000000000000e+00,7.922605183971432874e-01,7.262402659999173116e-01,2.026666134452344836e-01,3.866712427374510708e-01,6.248528880704975474e-01,4.040442776380894774e-01,1.160314664595255840e-01,1.492473907903546226e-01,2.776392276712420087e-02,3.662033089553495824e-02,1.672047820298876164e-02,2.864512908377826565e-03,2.637052027445906457e-02,6.816150253245379514e-03,2.685836084832216811e-03,7.529362798126278990e-03,9.252025213390045744e-03,1.915890421332359797e-03,7.378703879878040564e-03,3.437674986847521173e-03,2.896572680947195368e-03,1.085626799811372986e-02,1.391353707623721458e-03,5.190987218214795397e-03,1.055080980064411304e-02,1.233583507244110852e-02,5.198282202463011016e-03,9.564514098059334613e-03,1.235309839626590710e-02,8.975951334335367793e-03,9.431553773399690282e-03,1.159569169889945218e-02,2.333631364453812862e-02,4.005382798692380675e-02,8.601806106763868615e-03,7.604535029596532630e-03,1.008363761479201016e-02,7.852026965768022643e-03,4.071135374186769101e-02,8.194855630060806501e-03,6.717475368590872763e-03,6.106805767809433960e-02,9.942884615153510519e-02,1.160873262444582915e-01,1.793253696426531096e-01,1.758815291590670737e-02,1.143154822461429215e-01,2.216864865130721285e-01,1.049420772643665511e-01,1.449106090327181295e-01,1.111689417529189428e-01
4.265212390924486030e-04,6.644557112606841323e-04,6.930360823507731834e-04,4.633079813858546545e-03,6.409548806883540607e-04,8.082378969641496741e-03,9.188608149112469786e-03,5.741211539650474885e-03,4.203914435581728240e-03,9.002172573427334387e-03,9.183501284053411165e-04,4.677263246976988420e-03,2.768686138392591548e-02,1.480367206865494945e-01,1.664067503417729077e-01,1.887093673119153714e-01,2.901481026319723822e-01,5.424430292025422817e-01,6.155172117076265215e-01,7.922605183971432874e-01,0.000000000000000000e+00,5.742049124133038474e-01,6.466907455903744273e-01,5.554086190914084842e-01,3.421295821306801210e-01,4.765030809845334780e-01,9.903070586977592848e-02,1.756797926630671580e-01,9.562543344247069824e-03,4.582061188595401569e-02,8.858117187467880183e-03,8.514117261267847500e-03,2.639474551012120206e-03,9.483358506827258005e-03,1.179559614240681398e-02,1.542119475965853101e-03,1.344755582466689459e-03,6.730171991282945555e-03,1.564753585687946730e-02,1.139326630376873931e-03,3.883452182738098002e-03,2.880615594863200580e-04,6.936325212180825123e-03,1.057814408046438975e-02,1.242001272135370531e-02,1.298954459810421243e-02,4.023298572637336659e-03,1.040777687752340343e-02,1.535996332429199161e-03,3.306489783978780895e-03,1.176481658688250873e-02,3.365310664990715534e-03,1.129355263644540516e-02,4.020447018318280136e-02,2.307999029117168213e-02,5.182102643043906380e-03,7.624196824653700633e-02,1.215930726088720361e-02,3.493280186083632093e-03,7.133743304904792415e-02,1.516737928865697672e-02,2.786069809746506698e-02,2.569702986573634690e-02,1.792163651720218159e-02,2.301064825288823626e-02,2.365129169187850378e-02,3.117055221358492473e-02,6.352856085485091009e-02,2.299204887337886194e-01,1.763577177303729815e-01,1.391083637162399411e-01
4.373475325225179293e-04,1.653740471944871318e-03,1.851745881988813057e-03,2.607382275986176289e-03,4.837669209372170813e-03,4.102857177645339443e-02,1.618759435733536228e-02,7.581191739783949522e-03,2.282161402112513858e-03,1.532689400516506519e-02,3.921380927972571533e-03,8.870007955770932082e-03,1.400452852256883589e-02,1.013633311010788823e-01,2.012467629739529418e-01,2.201084116828132958e-02,1.680445215511936485e-01,4.657611194805680310e-01,3.229016434778786415e-01,7.262402659999173116e-01,5.742049124133038474e-01,0.000000000000000000e+00,6.626938966365172323e-01,6.112824598265655940e-01,4.499918788252834090e-01,2.418188149692709898e-01,1.926012011189248141e-01,8.225028946215826031e-02,3.622640360596927900e-02,3.733104685828558117e-02,7.143143156985916689e-03,1.833000833309355454e-02,2.270811617129991824e-03,1.688153188969013230e-02,2.038494956315157688e-02,2.858812412161802069e-02,3.614060772496960339e-02,1.376940964772678175e-02,5.356024936029191684e-03,8.917998553509840290e-03,7.714936661851756056e-03,1.227545409164247994e-02,4.173102898046268140e-03,1.395731618446423511e-03,2.883077934333725528e-02,3.276644882176851098e-03,2.092837797265348961e-03,1.765710895358283197e-02,3.302574430958827439e-02,6.021072452707488393e-03,1.216660808091383356e-02,1.625807518795519338e-02,3.086191733711677807e-02,5.526479677847569161e-02,2.698118626285381585e-02,8.200177605852479457e-02,2.674999844624187384e-02,1.873001024473059176e-02,1.122483821783697849e-02,7.342832714575836528e-03,9.385268337032802444e-02,4.331248524193470617e-02,4.700315546231843139e-02,3.839854993123600901e-02,7.551467359731292572e-02,1.102212572004225011e-01,5.441941084125544170e-02,1.574994502371329375e-01,2.084892306583938093e-01,2.405852488564731717e-01,2.064893496451150889e-01
