0.000000000000000000e+00,1.220688889218585205e-01,2.538957650248365727e-01,1.620430578588883674e-01,5.727905908969322529e-02,8.270283843465348061e-02,1.078226314338213421e-01,1.370840818151780327e-01,1.571217570844234412e-01,3.557634524424472394e-02,6.862700238902996741e-02,1.474877037614181485e-01,1.505097305202356128e-01,4.261637464278439369e-02,3.921683422219937598e-02,4.332739614006895362e-02,6.932076157556946172e-02,2.162747764207939224e-02,4.667625942931212524e-02,4.095311863095077096e-03,1.795364440445110232e-02,1.537822274812676061e-02,4.144346128533701185e-03,2.886298749673886499e-02,2.000161777755347578e-02,1.903987406860108839e-02,3.739968159993563995e-02,8.909114124116382372e-02,2.974899981621264775e-03,4.285056721392667585e-03,2.151374139943593861e-02,3.584604537500190452e-02,3.191462007452440519e-02,5.485670704130322234e-02,6.116021098819411118e-03,6.492931265186441779e-03,2.484360920169099290e-02,2.460574366862352050e-02,4.292624154734892006e-02,1.106349930850199182e-03,7.006528866169660016e-03,3.850398629730854370e-03,1.785983494654998704e-03,1.005866612827245078e-02,2.271994812620964713e-02,4.379116747424272385e-03,3.604519358392987093e-04,3.785862979365641617e-03,1.015928994857607679e-03,6.712662120728849109e-03,7.778760817595159992e-03,5.907577378757988308e-03,4.264413321351658709e-03,4.799467233433559778e-03,1.316863853576833235e-02,9.150691806747300767e-04,3.934931381504616112e-03,2.956217526008408838e-03,2.904395040546154695e-03,2.053477904986039833e-03,1.708562175145035208e-02,9.483031694925585231e-03,4.596277384458604884e-03,1.010649510372562537e-02,3.060822441972853650e-03,1.075351216414039378e-02,7.476894270041892047e-03,4.059043661686475603e-03,1.042825269985884519e-02,5.103748693729395075e-03,4.299146530700796026e-03,4.724341919702180798e-04,1.241020983018380382e-02,1.815862505334510033e-02,2.770619892000243407e-03,6.144659034124632171e-03,3.699261363566489543e-03,5.158872440168830314e-03,4.181663835010568896e-03,1.836066769101335049e-03,6.073793463653950377e-03,1.786310650342958981e-02,8.034467434886399459e-03,1.187369751008648033e-03,1.475113106905652635e-03,3.868467494276826499e-03,5.148950652400746501e-03,3.630088222803994936e-03,5.113429833394874009e-03,4.972547607379803475e-03,2.509304662322375725e-03,1.311677472912052902e-02,3.415811113769676166e-02,8.086405508915470164e-03,1.178068332227011870e-02,4.485162470408114374e-03,5.064459245840285950e-03,1.397715295922381459e-02,1.342762817578748791e-03,2.853866714599942109e-02,6.515220495859559528e-03,9.634618152817962453e-03,1.271303373177887913e-02,2.286409277560675930e-03,3.267100904396359230e-03,2.321223750830814486e-03,1.259640328943761574e-03,8.670160752809238230e-03,8.690977740191966000e-04,3.044058518905668961e-03,2.954029406091895731e-03,2.244873110019457614e-03,1.326393346592731875e-03,2.057502135063871227e-03,2.333091210905868101e-02,9.812905247973431958e-03,9.149525986123879101e-03,1.130483286100512560e-02,1.900566376627555766e-03,2.526810975213629809e-02,1.126727546661001472e-02,5.059485898568498105e-03,4.421341990397400015e-03,1.425474445203940912e-02,2.247520841514341963e-02,1.654585157279140489e-02,1.273899875926720431e-02,1.973548188440345241e-02,1.629575236967021820e-02,6.036505030134706185e-02,2.867375195328212417e-02,1.011784047653258890e-02,3.928975412549997985e-03,6.464412550783785009e-03,1.474642067754142194e-02,3.714383940887857564e-03,4.208026862271977905e-03,1.129947438896342603e-02,7.213520496775057897e-04
1.220688889218585205e-01,0.000000000000000000e+00,6.969712652439721268e-01,6.411876724601449640e-01,2.278594165558726070e-01,2.972976188452723378e-01,3.870204826498169215e-01,2.931124071528627417e-01,3.355711956364936799e-01,2.146485197955161350e-01,2.260232717370574407e-01,2.598103781974985260e-01,3.288907288375043647e-01,1.207201062545417841e-01,9.177820655888989376e-02,1.207222414503631436e-01,1.238874999824815942e-01,5.263314169057959485e-02,5.124952931611215234e-02,6.454666931587391132e-02,1.250054111442745232e-02,4.793915555457113620e-02,1.007286924659513486e-02,4.300451545944570207e-03,3.034140563783590400e-02,5.576656737259620689e-02,1.843573698600738803e-02,5.822749177736073062e-02,7.754536273495290025e-03,3.340289571352923065e-02,1.185659582112866609e-02,1.426266847476312036e-02,1.596928280543190998e-02,3.718576231546028010e-02,1.788006272210182490e-02,6.327767566815596656e-02,1.974582783177096165e-02,8.937826838385554140e-02,1.851275113159048941e-02,5.184671717640278177e-02,3.024320970314643350e-02,9.778583114342060539e-03,8.331442530754866807e-03,2.425616569775384743e-02,7.275593624464624445e-03,1.688473369457563211e-02,3.307691939895991955e-03,2.577663209374148057e-02,1.580597536800422247e-03,7.133422907241542682e-03,1.383544846363294820e-02,4.146725867614235207e-03,4.339547719506045911e-03,7.535580302839164175e-04,5.009601929452913750e-03,2.685927157588374053e-03,1.528922202911438787e-02,5.180124996507387385e-04,3.389695397976316259e-03,1.553284146355778800e-02,2.642719753553222917e-02,2.033739472582143937e-02,1.294625870980769047e-03,3.085991900965411386e-02,2.232305404511739783e-02,1.548811689284579525e-02,1.969501367154211091e-02,1.541126682190333691e-02,7.548365528031081122e-03,2.862111855049806648e-03,1.187903934643273589e-02,4.348939048032665101e-03,2.783009767759173862e-03,1.552456810035068120e-03,2.650397283451396118e-03,1.157928686472057579e-02,9.972274853378497797e-03,6.223428327932048303e-03,2.665847118663003737e-03,4.979932377277143836e-03,3.211535820457377989e-03,1.725830817015240647e-03,4.451003822007194334e-03,2.702247514257803511e-03,1.045437393308823850e-03,4.740447741971934477e-03,4.232055390508491187e-03,1.742381790149583661e-03,1.077766307787739923e-03,8.430113352316843597e-03,6.587050204654479671e-03,1.276884550457099872e-02,2.078254916574544860e-03,1.286262200020776153e-02,1.993760469241384267e-02,9.999073293618054165e-03,1.272298885838419116e-02,6.576528707727793792e-03,2.347622865647066778e-03,3.063522354271664208e-02,1.195890928734789568e-02,6.345890715329404082e-03,1.127650005015727076e-02,1.599945907214316704e-02,1.674290695971683432e-03,1.497422898428013615e-03,4.571355418167768678e-03,2.076077123277613335e-03,2.740341695961117600e-03,9.271921852094248268e-03,1.876600789966526624e-03,4.204402109367082110e-04,4.245249944309506876e-03,7.043119503304083769e-03,2.308489869135336298e-02,5.123810169256769534e-03,1.031062716891278409e-02,5.081462588412820336e-02,2.110976912368556571e-02,1.372329514096987634e-02,8.304528711703621641e-03,1.624378604294300296e-02,5.415548779532991172e-03,9.257279578983954732e-03,3.071129042997659125e-02,9.457907194444580001e-03,3.060568672098685009e-02,8.444320722988481187e-02,3.382319972892655624e-02,2.308986486031860616e-02,1.007102108505959631e-01,2.965795179448154142e-02,3.863885355443531094e-02,1.547685723015188378e-02,8.337247950341780678e-02,2.050459265112654361e-02,1.017687432581887430e-02,4.862271859812277580e-02,1.581633464970930505e-02
2.538957650248365727e-01,6.969712652439721268e-01,0.000000000000000000e+00,4.380089318081384908e-01,4.922052122645353411e-01,2.687590605669678001e-01,2.759506180381011697e-01,2.729787368027610794e-01,2.649184379321725125e-01,4.578845010525262604e-01,1.895717686922021028e-01,1.122627977915318515e-01,2.309384523900746555e-01,1.028506132487585767e-01,1.367242353344175487e-01,2.669015802420908121e-02,9.801429470687145207e-02,6.523242363749584549e-02,1.309207084255861221e-02,1.358063344469308611e-02,9.892671796038984833e-02,5.976093524694722076e-02,6.749805354860838325e-02,2.914481357103397910e-02,1.236143558641057683e-02,3.806456936994358567e-03,7.814047448256530165e-03,2.898944038079243057e-02,4.404624798082852621e-02,1.582758304102319102e-02,3.804618927633068165e-02,3.064272530881963566e-02,2.490463341141375964e-02,2.897985830194788059e-02,1.285038661873629494e-02,2.297500882305636774e-02,2.497393845457143019e-02,2.591164201372301093e-02,1.966903457305814104e-02,4.523548703127198978e-02,2.610313517610347855e-02,1.836688554419450142e-02,5.988401945754439140e-03,8.223848892482857331e-03,2.362865206498481613e-02,2.522265850220272321e-03,1.023158516570299090e-02,6.461242915872636265e-03,2.524363185582832909e-03,2.912274740964618507e-03,7.118987632412861893e-03,1.565423815685146412e-03,1.395360117079120707e-02,3.655983665353501697e-03,2.959715169135498057e-03,5.017344150854007208e-03,1.216937061088629781e-03,1.217709877003171886e-03,1.533169441066054798e-03,1.234789917741515837e-03,3.055235360441807806e-03,6.715885630610762824e-03,9.728327827675841213e-03,2.885211975813532781e-03,4.605891289550403597e-03,2.680115447249336799e-03,6.386285365462928375e-03,9.914089587516215427e-03,1.054252621111389024e-02,1.867825734125495851e-02,3.448782528608881556e-03,8.734649164435025204e-03,1.362873153639688160e-02,5.624258896943153466e-03,9.567197001017421765e-03,5.370780904857199063e-03,7.721996477170787326e-03,2.525272003878172803e-03,1.684972207765378718e-02,5.162619488161406499e-03,3.988920532843057837e-03,3.405541110699866585e-03,6.719694277130035080e-03,2.317677020686666114e-03,2.511984593286002449e-03,7.616290000939171002e-03,3.706232010411416363e-03,2.691248849935317690e-03,4.234292643778399257e-03,1.143600634943696837e-03,1.365342840591764716e-02,1.488748530669116443e-02,3.712349813914055108e-02,2.052413519482237936e-02,2.617477597253694763e-02,2.323462704674740097e-03,1.912622735241470071e-02,2.173173858427136437e-02,8.222972631078795391e-03,1.230013129148317111e-03,5.868302059512461519e-03,2.970820746704378335e-03,6.355905260378314631e-03,9.825849515872548887e-03,2.149033594738597192e-03,2.007838984342998415e-02,6.262603983194968416e-03,1.409315376091469472e-02,1.185378129048499096e-02,2.648788566251990967e-02,1.318611564318153580e-02,5.065686618079239673e-02,3.598126330196934567e-03,6.376637988145142204e-03,1.622509612494080211e-02,1.539366662675054065e-03,1.475044388025695784e-02,3.534315895944208086e-02,6.361426565230774398e-03,1.859539428078228057e-02,3.394990193057510763e-02,4.506311245449105135e-02,2.455413306267865622e-02,2.425801183564801899e-02,3.210342993983929943e-02,8.202535276873036685e-02,4.067217895869756211e-02,2.952134637128186329e-02,5.748224324528811852e-02,2.028121882218302668e-02,9.549346376334850658e-03,1.451217913128317535e-02,2.963998253073760539e-02,2.818672124402277213e-02,1.435608142187321835e-02,1.706958274272050990e-02,2.452199342482884892e-03,4.943095909519547131e-03,3.802449430756849741e-03
1.620430578588883674e-01,6.411876724601449640e-01,4.380089318081384908e-01,0.000000000000000000e+00,5.814387892763325238e-01,4.996485339602524944e-01,3.068364356198888254e-01,2.990698938711604526e-01,2.968190657219779705e-01,2.625194109715168755e-01,4.345095010426441862e-01,2.255160417072182288e-01,1.208116147288158526e-01,6.005170645479986774e-02,1.105285006995593289e-01,4.954603196761328543e-02,1.138068145002295133e-02,7.379210770565172717e-02,1.190378124170451968e-02,7.094331658850219768e-02,5.195308227431011394e-02,1.731202019643654499e-02,6.289949024884383157e-03,4.621069685804758687e-03,1.141120936206415672e-02,1.093583546883667920e-02,1.315436904616139151e-02,1.908015386500627394e-02,2.915144079073983541e-02,1.269269320283820772e-02,2.658807505570049204e-02,7.559558396212635867e-02,2.013153409676633754e-02,3.197007312221401137e-02,1.309376983568601681e-02,4.658529035158264636e-02,4.156421105751888917e-02,7.183570028906408056e-02,4.449229741821046635e-02,8.752174821595615911e-03,1.488405635685883556e-02,1.081809816318908893e-02,5.714259278910522460e-03,7.988151004034094865e-03,8.228472978604399034e-04,1.242001759147582512e-02,1.056263538550521706e-02,1.229283089740150665e-02,1.961803306994929982e-02,6.061755715684314164e-03,2.177287078630269629e-02,9.043838092791134375e-03,5.039886499373987840e-03,1.797190354542772817e-02,1.745039780160033416e-02,3.677281277104705193e-03,3.308253350699295273e-03,5.054018144116214153e-03,4.032313518129199310e-03,1.904262319124419220e-02,1.867030484481278438e-03,1.419560630828867187e-02,8.070958817462819263e-03,6.701153431347519826e-03,1.093592525377197651e-02,3.718268101714460906e-03,4.483304051405214742e-03,8.079057403928929099e-03,8.324722115857238411e-03,1.338422115210679457e-03,4.232374206170375595e-03,1.376946821974294258e-02,1.040850230530183072e-02,4.890002735873177561e-03,2.789539299646516101e-03,1.762233539864028467e-03,2.173883050514039718e-03,5.077555664474943907e-03,5.174233621486076448e-03,1.214115785653088406e-02,1.629941970181268338e-02,5.949477179716116011e-03,2.771110850603710624e-02,7.255486902297847776e-03,9.681614822272576262e-03,3.083945187058268443e-03,4.157382106109544159e-03,1.935911484864722906e-02,2.278744515777499438e-02,4.011560469150760727e-03,5.367336744615775618e-03,3.380491867034422782e-02,1.031420876603673757e-02,7.219593160683645053e-03,1.134281706574897207e-02,3.462407737299283503e-03,3.745338670503922749e-03,1.109704881164681224e-02,6.565629670479490414e-03,2.142303082242571176e-03,1.975491833370801933e-02,5.138708398382666777e-03,6.851696768248296578e-03,1.472703312771114770e-02,2.520183316234373902e-02,1.969776240935808276e-02,1.091574223854882911e-02,1.370669037203955942e-02,1.127949658063323070e-02,5.331995673180811406e-03,4.982020092993003253e-03,1.165153520713956871e-02,2.111292190106381708e-02,1.834438483711470225e-02,6.361751371794038823e-02,1.131632498935716408e-01,3.185531633630966225e-02,1.116314078170627666e-01,8.992088334236049418e-02,5.690797428369467892e-02,1.251371673851760513e-01,4.845966877607187778e-02,2.327036739530495557e-02,9.309337610091383830e-02,8.092571943259506406e-02,3.447055349298950438e-02,8.716663800572203857e-02,9.885154218491964961e-02,4.004650628143937435e-02,3.351931934396917834e-02,2.839459143040712688e-02,2.909556983717434542e-02,2.264358531612065129e-02,6.379746624976207446e-03,4.358794321028450214e-02,2.865678430488293946e-02,1.974618735461025620e-02,3.810818735290684434e-02,2.770782958479480265e-02
5.727905908969322529e-02,2.278594165558726070e-01,4.922052122645353411e-01,5.814387892763325238e-01,0.000000000000000000e+00,4.550530648947864187e-01,4.928374744671223384e-01,2.506735772872554224e-01,3.166522804386204260e-01,1.942481980347184611e-01,2.053868547958644097e-01,4.314402910666347846e-01,2.403694732275168944e-01,2.933597314306226472e-02,1.598436833536450441e-01,7.100049034302848006e-02,6.496003301579937605e-02,5.373964092901578095e-03,7.286003694943607445e-02,7.328924464344189517e-03,9.499846283260127144e-02,6.691490448015020853e-02,1.218718541239285393e-02,4.817275744730309395e-02,5.631300756155384335e-02,5.100880443154322263e-02,6.278390500604763558e-02,1.285028068926294398e-01,1.532838814969518688e-02,1.082131995749326982e-02,8.618551352896804130e-03,3.954007043382182229e-02,1.142850010882590431e-02,5.837818927175829342e-02,1.515309680664212941e-02,7.621612898049682193e-03,4.645466933186057079e-02,9.678278577853716494e-03,3.421941816143231341e-02,6.421238029222286169e-03,5.635970878233474354e-03,3.025634552087165530e-02,1.059433235138476474e-02,8.180601985136841045e-03,3.109003320069073095e-02,3.256387195371636747e-03,1.296731045843768984e-02,6.687255383614268411e-02,7.499163879376296270e-03,8.506368802647311725e-03,1.300990597725954368e-03,5.123847288577995651e-03,2.236511036318610327e-02,2.143239967073932647e-02,1.773726628643252897e-03,1.443803189014539190e-02,3.914316755209728410e-02,4.161726047200842334e-03,3.439823395542156159e-03,2.145874872976313852e-02,4.111842207691122908e-02,3.870644054573091613e-03,5.356155689312029795e-03,7.281712148729594693e-03,7.575822329943149476e-03,1.096451206201680927e-02,4.878819788484099577e-03,4.671009540274929234e-03,1.866390116732890778e-02,2.253218154898029707e-02,5.270537749670468550e-03,5.512039208138953816e-03,4.319630146762655498e-03,1.162233555893999078e-02,1.067980931536428521e-02,5.831021410777945113e-03,1.289774130095459014e-02,2.031020085067004790e-03,9.507155829552556628e-03,9.930303086902353069e-03,3.391635214837492897e-03,1.453060631549859009e-03,5.043356141808183826e-03,6.802979256833122275e-03,1.239932530579948046e-03,9.244624521406933151e-03,3.467371957815945389e-03,1.320909247567694789e-02,1.460068485550037980e-02,1.247903139461073278e-02,6.827108613702191631e-03,1.377324974749994171e-02,3.278557858276840743e-03,4.825932884303970119e-03,9.417429076140076613e-03,9.851555830294071031e-03,2.546528215600167219e-02,3.013084333627471731e-02,3.016583502470388412e-03,2.978505491754920506e-02,3.513000503172691164e-02,5.533939091879236730e-03,3.800079794916574188e-02,1.249152538431643270e-02,1.033331877989905091e-02,1.343110135824805620e-03,1.081372241401052509e-03,2.958911098944839134e-03,1.392287774039151866e-03,1.306387151266016552e-02,1.581604299694292295e-02,1.904591077927419995e-02,1.620306352798037836e-02,9.431479263599919227e-03,3.481314432426756839e-02,2.382204103303681153e-02,3.240141566989144205e-03,3.501498898562310780e-02,3.515388053410996045e-03,1.065419429275778380e-02,1.251995773598956266e-02,7.171139877416668820e-03,1.520516386012103760e-02,2.571467886685680285e-02,8.022109253321266231e-02,6.332071273712731874e-02,5.016678375966082681e-02,1.612820484767450990e-01,4.602505954187511433e-02,1.977183417632796120e-02,8.187526992209327725e-02,9.169458447061802631e-03,6.744477413078256954e-03,1.270231648856237627e-02,1.350693452900550082e-02,1.646074290017777650e-02,2.653854309538011477e-02,7.005114994653190326e-03,6.387001728527119497e-03
8.270283843465348061e-02,2.972976188452723378e-01,2.687590605669678001e-01,4.996485339602524944e-01,4.550530648947864187e-01,0.000000000000000000e+00,6.521293806152719252e-01,4.562178781949772777e-01,3.165770335499941690e-01,4.006599135353856034e-01,2.595127852892701870e-01,1.728356671416657608e-01,3.355419152830564911e-01,8.645876854535920752e-02,4.817543490188117700e-02,8.907258068616434946e-03,5.740981962657160792e-02,2.663070514470966890e-02,1.734047933045903059e-02,2.403840480872588767e-02,1.743845387378483922e-02,2.341404621391170171e-02,5.270397595534160630e-03,2.144055543185639442e-02,6.415465694770719485e-02,4.564728678416161284e-02,4.417735125189401618e-02,2.083499881129092027e-02,1.875008277258426170e-02,8.520302991495969092e-03,2.988670230178539292e-02,2.542218519463559923e-02,2.988112095709674274e-02,3.378293714311505352e-02,6.649123789648216445e-03,7.705718588456133070e-03,9.243309615931982401e-03,2.888301284180430292e-02,1.768896239459279152e-02,2.878743599500164022e-02,2.268312813734906647e-02,1.853975815602826706e-03,1.540658729972324559e-02,8.704137465738110216e-03,7.699249935451625906e-03,3.891195601253800984e-02,1.683605575322603271e-02,2.025633233557528994e-03,1.054974849797077341e-02,1.681309647700796744e-02,8.966146165758901755e-04,6.675352368436361129e-03,1.492233307839002480e-02,4.253920795165397513e-03,6.940461782141097748e-03,1.033699402776963421e-02,7.718234003173205654e-03,6.541600023255039233e-03,1.145738578672452282e-03,3.447770798052646277e-03,2.690621191401281788e-03,2.300278013490626369e-03,7.310959817329535336e-03,3.356716055072372050e-03,3.133015067555404692e-03,6.928528026911133682e-03,7.235378617210949659e-03,1.533296125469743717e-03,3.803018028855262387e-03,2.039146356701677671e-03,1.426106815769546433e-03,7.494627680143447872e-03,2.084992541948483061e-02,1.409586121572991256e-02,2.255368201756812428e-03,2.406917465567066233e-02,2.979612214512032675e-03,4.458952637330169076e-03,3.264460530125446423e-03,1.401621719703702914e-03,1.052030870240519382e-02,1.474846816267174439e-03,1.027442109743141423e-02,7.177918638949429969e-03,4.561796671598127711e-03,4.660436755679252252e-03,5.524931019465927420e-03,6.646920303343215736e-03,8.352972289466064140e-03,4.183892479537343681e-03,9.735792899268862557e-03,5.811617224019753961e-03,1.229620464081518545e-02,6.872391577741885846e-03,6.082081300823914856e-03,3.827096242923474362e-02,9.338504426908388056e-03,6.838685868287096683e-04,9.316766882188104448e-03,2.141822699842730899e-03,1.912729021193166311e-03,6.495213326564859037e-03,2.588667353964163760e-03,8.949452629377482524e-03,2.405286938612880964e-03,1.850408474942647277e-02,6.201937203826368358e-03,8.319808187121054480e-03,2.280792752543430238e-02,1.275039731229259295e-02,1.800404947869283304e-02,5.484167027604824884e-02,1.923322083400442681e-02,1.860215067143451695e-02,1.134163380703491139e-02,2.224968168288924894e-02,2.572537773760730923e-02,9.670895745176492225e-03,7.954622428744541340e-03,1.482504929051849801e-02,3.761618031241640778e-03,7.414142454436172154e-03,2.803044279260643451e-02,1.049968344243237643e-02,3.320764077176145690e-02,7.656478493019559795e-02,3.872040187308391224e-02,4.440280122901912874e-02,1.011887857339973107e-01,1.161278680240434430e-02,1.852548534151218090e-02,3.471992111369924701e-03,7.198044256698000326e-03,7.328757844594654611e-03,1.449456259621095464e-02,7.813827683139939334e-03,1.217395328616464358e-02,1.214927674279272542e-02,2.372637009655582680e-03
1.078226314338213421e-01,3.870204826498169215e-01,2.759506180381011697e-01,3.068364356198888254e-01,4.928374744671223384e-01,6.521293806152719252e-01,0.000000000000000000e+00,3.727460258181676811e-01,4.241927231551244071e-01,4.351696007861466375e-01,4.271371046308265473e-01,2.830613349254225697e-01,1.030662768239733879e-01,3.166799786424154828e-01,5.067102511595854286e-02,1.212912125602758073e-01,6.585756175844330318e-02,3.859956486692032313e-02,9.446457436605747160e-02,4.765712961064599157e-02,1.600902858800101747e-02,2.531197021151570387e-02,4.470475317091958389e-03,1.201345263821454630e-02,9.970654616395981801e-03,2.061128112704734353e-02,8.354495474569576322e-03,1.335210446260578013e-02,3.540117698489998049e-02,3.830503783099729019e-03,2.676818519507985147e-02,4.029365316466302499e-02,1.222968629966444780e-02,6.275500229440757020e-03,6.172646496757425508e-03,1.814220200284668086e-02,1.337328735462822542e-02,3.194578455887910756e-02,2.029268582017652520e-02,3.389602236477017461e-03,4.921922862273439732e-03,2.525573756798008343e-02,1.291215939407121260e-02,3.808629523986573322e-03,2.304853916419862675e-02,7.884100604807360232e-03,1.477642146692731678e-03,1.957243122788015696e-02,2.344196473100771880e-03,6.661351194754260713e-03,5.201645315210403318e-03,5.510643717024163099e-03,3.274886320874829601e-03,1.932151989307491404e-03,1.823498747020315530e-02,6.686667159282014099e-03,1.042687349399178814e-02,3.637917873373856803e-03,7.420407714005287578e-03,2.175893980695451160e-02,4.171871524434630010e-03,1.993605478114015422e-02,6.959255603349749630e-03,1.543031915515442887e-02,1.133333472976935999e-02,4.843536644859509389e-03,4.469320052136433775e-03,1.193498396808429125e-02,8.420661749198966178e-03,6.359150622175051108e-03,1.163415236261823409e-02,4.371657398391542992e-03,4.584312724874061926e-03,1.559447849540076744e-02,3.811755674708379449e-03,6.339224617814852303e-03,6.344141288778467475e-03,1.433426889883423691e-03,9.584576102654460486e-03,1.185904738509956525e-03,9.209919571896162810e-03,2.574725801470151895e-03,1.940257880260970458e-02,8.094201271178914914e-03,4.816536787458825311e-03,2.247162609505580153e-03,3.198156899365397435e-03,6.559664174718507663e-03,6.020274136852050463e-03,1.427536074683161647e-02,2.406767806687818301e-03,1.153004426684997065e-02,1.025174926787932213e-02,8.301904650003105735e-03,1.817710255708845576e-02,4.099160015593203074e-03,4.768762043305481771e-03,3.318477686389821948e-03,4.427086013430641363e-03,9.481828941789298762e-03,1.105088368405792798e-03,1.489045693573723232e-02,8.137241106183546249e-03,7.597178904308112555e-04,2.310541825061223058e-03,2.833910080880550422e-02,1.337504730905949429e-02,1.092274769135992071e-02,1.474686258901901532e-02,2.846225051089751323e-02,5.434760945862693142e-03,2.188186816581979416e-02,3.062958475764261061e-03,2.785728735307347898e-03,2.650501118618347682e-02,2.905730312268276633e-02,5.708700034692445677e-03,4.402884091464105004e-02,3.378847853166540988e-02,7.009966171638564759e-03,7.554381515802990887e-02,1.639810348910736293e-02,3.153688296566547339e-02,4.765017933133883221e-02,2.543363721125753082e-02,1.098132599190551895e-01,6.422485475302151803e-02,3.137072531644672507e-02,6.299769718292345944e-02,2.164965528013455820e-02,5.864937927412596647e-02,1.555377242248990981e-02,4.168847616046919557e-02,1.563342603448614893e-02,4.943074236707360042e-02,2.213940758637645070e-02,2.735938192503020727e-02,4.108993622488527758e-02,1.691577028246000688e-02
1.370840818151780327e-01,2.931124071528627417e-01,2.729787368027610794e-01,2.990698938711604526e-01,2.506735772872554224e-01,4.562178781949772777e-01,3.727460258181676811e-01,0.000000000000000000e+00,3.517194724133129169e-01,4.597575680556243993e-01,2.891351635012455179e-01,3.150033971881148753e-01,2.555929396842709367e-01,1.478141348579627978e-01,9.502777384028041063e-02,7.637574183995712862e-02,3.406196657282335727e-02,1.005448538931794089e-02,2.673011348336804330e-02,2.651703710519213997e-02,3.737294744795988111e-02,1.242405876156399760e-02,8.834862426410679953e-03,1.454810049643755383e-02,2.269296229361184719e-02,2.096592026290656705e-02,2.594571259553094672e-02,4.217854041250415631e-02,1.856898936294911276e-02,1.607434731654836663e-02,2.073771329572730165e-02,3.404355584821495972e-02,3.315628705944956289e-02,2.084166822551894449e-02,9.387169801109349759e-03,2.398894723685656219e-02,1.777671328136837606e-02,3.593655986563114302e-02,4.326824771218455712e-02,4.572133555139935683e-03,9.970422296548108604e-03,9.583028389483197809e-03,4.630863125868899324e-03,1.028297252730078770e-02,2.183632871399772413e-02,1.900603385725702435e-02,5.014601186083425186e-03,1.394010249236585230e-02,1.168618345535752008e-02,3.014054031539273315e-03,1.047743628943559671e-02,6.050924078543778312e-03,1.534016532444079824e-02,1.046563886754582617e-02,9.758441238618820526e-03,7.788989683803228519e-04,1.008092303127254216e-02,6.263523704304571268e-03,1.413731214014650288e-03,7.753427860224527263e-03,1.581803297558117063e-02,9.363021862295728545e-04,6.617130209369918685e-03,1.747110793673744200e-03,4.198725354035647526e-03,6.875866160647895603e-03,2.213402930585706748e-03,9.863149088023229205e-03,2.722248769404023855e-02,4.540118457546896309e-03,4.905820135167170831e-03,6.297686841820473828e-03,3.287400190152245730e-03,8.609911513275551875e-03,3.316354230308130296e-03,4.729709942940783091e-03,2.372183220029828055e-03,1.068605066297758982e-03,1.318858587684541665e-03,5.835651002964849579e-03,2.472385991641795275e-03,2.938208991575429283e-03,3.339359477625019473e-03,4.963255899830831125e-03,3.128543289389211935e-03,1.113476121314860290e-02,1.212543188408653390e-02,1.215198559959843700e-03,8.719198229475125586e-03,2.836458823303290161e-03,5.345911381437027862e-03,2.922395764138636422e-03,6.941287359730986296e-03,1.042140600584861958e-02,1.821730787417296651e-03,6.787313209375631096e-03,6.585137254832807222e-03,1.458897150519273579e-02,8.063943898500378765e-04,5.576158153525718293e-04,1.353725451635178628e-02,2.159471363572105021e-02,1.226918859895161779e-02,4.642273358313228626e-03,4.757151699779038796e-03,5.638671452529186480e-03,3.464839061661467972e-03,2.547977422198003002e-03,5.083102538839568384e-03,6.515783023487399343e-03,1.062734406820888336e-02,1.318361574246557262e-02,2.555982282700791988e-02,6.084162466675716030e-03,4.057280047284760743e-02,4.690165327598338346e-02,1.907448571614051361e-02,3.265513111917391770e-02,4.103388425121328592e-02,1.902587887413017056e-02,3.777321960488509711e-02,1.107846230624363708e-02,1.971335612313782765e-02,4.025551575962728335e-02,6.363377623698644736e-02,3.440137593108478359e-02,3.221359988216873638e-02,9.620201704748385096e-02,2.653268073043908021e-02,3.656304838299739846e-02,3.262789537545837670e-02,1.200379783492852570e-02,1.444995405009965109e-02,3.824636371905788812e-02,1.428527705211734937e-02,2.515477899313907362e-02,7.343340641458937466e-03,8.625549854816835088e-03,1.281796544407888365e-02
1.571217570844234412e-01,3.355711956364936799e-01,2.649184379321725125e-01,2.968190657219779705e-01,3.166522804386204260e-01,3.165770335499941690e-01,4.241927231551244071e-01,3.517194724133129169e-01,0.000000000000000000e+00,1.668904304953270357e-01,3.583741369765108820e-01,3.351614047343686731e-01,2.190966134013210553e-01,1.000258949771651307e-01,7.039697003940040276e-02,5.963261156479786329e-02,4.073563624233973723e-02,1.479397995378470450e-02,6.259279947948467870e-02,5.858982248230566042e-02,3.681480597089845097e-02,2.847201984484123635e-02,1.373843434338139526e-02,1.224468971026337893e-02,5.263497550155218224e-02,4.667048533185967629e-02,3.331293843995078441e-02,6.953393357629883420e-02,1.365327989665174324e-02,1.643478799225774750e-02,2.989114857836562902e-02,1.100540753608656060e-02,2.184566639260297413e-02,3.494867324069667741e-02,7.020783534457560732e-03,2.316598732145131248e-02,4.532129015629871721e-02,4.103757334003818591e-02,1.393379939471117365e-02,1.661088116714353261e-02,1.965819604812462859e-02,2.235051808499808126e-02,3.997675445200191829e-03,2.235645803278559288e-02,8.614436127151309935e-03,8.751067841963611205e-03,4.183198659439389330e-03,2.487580540756221051e-02,2.031083930603379880e-03,3.979239995776116812e-03,1.415434181016084203e-02,9.418129393179510561e-03,3.424592881011905964e-03,4.246180102182119109e-03,1.388988097779122674e-02,1.759172523359843780e-03,5.141525174745140321e-03,6.421193657243595655e-04,1.009862883465539483e-03,3.227625724660186657e-02,2.663538455962376553e-02,2.422486146357054337e-02,5.579825497641714141e-04,2.940431798538151176e-02,1.886249191686077339e-02,1.737828820869961183e-02,7.465713876041582715e-03,7.112458588485786465e-03,4.337900238080454225e-03,6.947639992716300034e-03,5.881994655359903262e-03,6.546451848426096745e-03,8.018359258201129824e-03,2.103149273884699980e-03,1.992738035236870167e-02,6.681435193981053768e-03,2.671259697414983449e-03,4.502899598878219029e-03,1.848779614336982157e-03,5.210029326321388016e-03,3.378656842144694538e-03,1.311450811952714294e-03,1.714253557391921898e-03,1.180798513492986243e-03,2.771108788751473848e-03,2.974900852957454607e-03,1.860019115458300771e-03,3.816229268918250057e-03,1.184674230647005545e-03,9.034009769769674181e-03,4.532158304724917715e-03,9.425648182717741991e-03,1.359398110899045879e-02,1.230027247725049011e-02,3.775035242633074939e-02,2.512159338955170795e-02,3.007780153015785982e-02,1.626732702865460456e-02,3.214175615643044895e-03,1.153099692785254995e-02,1.087504795700887546e-02,5.831094301502826385e-03,2.004632319203508706e-02,3.572248933733835133e-03,1.964618702718515762e-03,4.422919655002975452e-03,8.330830603302448803e-03,1.183551189150229728e-02,4.415712868466768574e-03,2.262340469275651855e-02,2.902821017661188358e-03,1.044435514976633714e-02,1.361512740080846745e-02,1.487592690652879933e-02,1.536008786053079909e-02,5.062705225253561273e-03,1.530687523123668015e-02,3.343561467158960576e-02,3.076425034224991150e-03,1.006449483883571985e-02,5.186599158443805889e-03,4.823040161530391286e-03,7.932853809756614319e-03,1.092935750958352881e-02,5.191702168208293944e-02,4.701536555635966314e-02,1.157077311690538415e-02,9.483089581958298320e-02,2.959568544147241076e-02,9.253275032903417879e-03,1.562694574147723559e-01,4.277918312038823251e-02,2.759431084954550029e-02,2.319263222189786242e-02,8.631078912849611540e-02,2.949322095465157709e-02,3.714270237078057257e-02,7.863052679787209398e-02,1.335601944365436174e-02
3.557634524424472394e-02,2.146485197955161350e-01,4.578845010525262604e-01,2.625194109715168755e-01,1.942481980347184611e-01,4.006599135353856034e-01,4.351696007861466375e-01,4.597575680556243993e-01,1.668904304953270357e-01,0.000000000000000000e+00,4.647103954227128630e-01,3.878369146768070874e-01,2.324983025464291697e-01,1.449104358538864934e-01,5.253680270295648519e-02,1.716062451787478405e-02,1.127435895543696665e-01,5.459375303941617352e-02,2.648328942630177527e-02,3.020302053095826750e-02,1.101996636148631498e-01,3.166215093716250734e-02,6.728964721974545204e-02,4.432493554440004868e-02,7.594799166618568069e-03,1.081202724514321832e-02,2.240391501357568566e-02,3.407981822302214026e-02,2.684150020537944686e-02,1.581889071283296838e-02,1.010165626814149217e-02,1.562044951696853548e-02,2.069597301608612841e-02,9.873661470797793702e-03,7.906188284899313967e-03,1.936088625716089751e-02,1.318882560334828750e-02,4.420228225892659790e-02,2.520191832597169432e-02,5.945961529260799378e-02,1.345855150114625212e-02,3.799972021155958047e-03,5.333855164038761934e-03,2.786978199837976747e-02,7.606220835740449410e-03,3.453533016985943851e-03,2.000088960474902602e-02,2.010897164767847314e-02,5.756896748589647797e-03,4.557328204874460525e-03,1.339657340258224201e-02,1.619091954954697890e-02,1.443933558579272788e-02,1.797685310951914819e-02,7.687733930572542181e-03,8.424354520083911918e-03,5.601549202073907024e-03,5.809751241859310508e-03,2.471282744005914595e-03,8.337764346512097774e-03,3.602045563586685033e-03,4.838014009769458536e-03,3.329023540631040768e-03,8.085882801305078679e-03,1.621692806343074224e-03,7.638053412967116783e-03,1.703945988091276880e-03,1.000786859365630256e-02,8.774377506214745340e-03,2.635988614423079301e-02,1.236094093879541375e-02,1.963118929580414881e-02,1.789969977839108925e-02,6.987431408105099955e-04,1.356146109969946691e-03,1.061932577823696683e-03,8.361591688118058877e-03,4.268611084288951099e-03,9.291912851903113418e-03,2.418170219555711153e-03,2.320141971331733319e-03,1.283352736815199973e-03,1.744780013238213722e-03,6.898033221225317825e-04,8.132621068513458396e-03,3.657085101777848325e-03,3.436227260133596119e-03,1.171238550921229957e-02,9.455069779958660131e-03,6.760251526318439459e-03,3.701795149259510913e-03,7.102174028352745659e-03,7.889101161746670671e-03,1.154591008539603524e-02,1.575891683301135562e-02,3.798578068667485697e-03,2.563537586087522024e-02,3.605517844575238662e-03,1.590943741930675795e-02,1.200558326707735178e-02,3.990090398052312248e-02,6.782439918939197655e-03,1.134884093685727645e-02,2.969274084006153641e-03,2.448553288388471971e-02,3.320806266206769667e-03,3.338751933557267126e-03,2.968845360269371531e-03,1.229879772995770559e-02,6.547374259585701795e-03,2.026017228184171654e-02,7.244027817175915929e-02,6.673987048546090907e-03,5.106640701748298324e-03,1.901120268736032192e-03,1.791129661774176068e-02,5.007492916816765408e-03,1.889033143741793673e-03,4.337231443197377134e-02,1.911106070112879350e-03,1.125278262649307727e-02,3.080898667324572220e-03,3.051680154451918980e-02,6.134133272401410403e-03,3.373173243486921741e-02,9.738727672818286996e-02,3.520587364237810074e-02,5.796273365241726150e-02,2.982788905261082868e-02,1.454531800340599750e-02,3.588513102520742015e-02,4.829241516569385967e-02,3.404069577849792166e-02,3.301145050736753461e-02,3.487268616693374717e-03,1.115728207428508603e-02,1.159173244540330581e-03,4.648550448659265547e-03,4.453474617851048770e-03
6.862700238902996741e-02,2.260232717370574407e-01,1.895717686922021028e-01,4.345095010426441862e-01,2.053868547958644097e-01,2.595127852892701870e-01,4.271371046308265473e-01,2.891351635012455179e-01,3.583741369765108820e-01,4.647103954227128630e-01,0.000000000000000000e+00,2.612447928260469010e-01,2.212134764241499019e-01,1.368706810362537440e-01,1.200435794011131541e-01,3.317444146987885700e-02,5.239828829651208691e-02,1.051501423545960073e-01,2.713329936628438785e-02,3.056800412343547296e-02,5.205822158457665966e-02,7.065525781540206440e-02,3.465220997243122214e-02,5.082317840999110020e-02,6.427972031559729682e-02,7.839210952535823063e-02,4.541829575844163330e-02,3.671360411098233134e-02,5.401780679410597696e-02,1.088765158337350915e-02,2.212806098665627552e-02,1.988177758706591650e-02,3.464956886882348402e-02,1.693696461829911210e-02,2.751722867227433811e-03,1.938436582114669293e-02,2.670791027207190110e-02,3.102607330307038946e-02,1.424627344350199235e-02,8.505756843419070429e-03,2.201134004476238901e-02,1.424349437819652162e-02,1.760459868514105061e-02,1.886743275110397064e-02,3.495682695665957955e-03,4.420801051407642623e-02,1.127976755876502167e-02,9.595900797417320632e-04,5.366231029195546974e-03,2.513629362380766230e-02,2.468612465559990969e-03,1.043599814928124030e-02,1.172168695547887163e-02,5.955973276707339156e-03,9.302048350288508747e-04,1.866709360056509684e-02,4.014555201723653786e-03,5.949584130487946786e-03,9.775436297492095389e-03,1.096392680885514143e-02,9.256553382417791491e-04,8.652643530639618843e-03,7.241555273278456502e-03,6.203084856223410951e-03,4.569524434641689982e-03,1.801611694069122976e-03,4.700404247826772165e-03,2.882420329381222071e-03,4.170067386081253297e-03,1.675592424724638846e-02,3.129400517889570701e-03,1.669786491299414272e-03,2.939908366498988467e-03,2.592574209500034341e-03,4.006778819131181189e-03,1.426841910499300134e-02,2.167331431252696172e-02,1.090351400105045096e-02,1.844073393933475793e-03,3.841483112111401463e-03,7.653376712625955787e-04,1.915808157104127414e-03,4.729970040630704538e-03,1.798304055552926110e-03,1.625263670923862312e-03,2.514512711800774569e-03,1.268591320988616579e-02,1.504474454453692562e-03,9.842255368141018812e-03,2.450559776187207547e-03,8.029541099235714546e-03,3.728459461750674529e-03,2.836833682706661579e-03,2.031322432640043224e-02,1.991905229104970476e-02,1.770445403418447351e-03,2.575920563263807764e-02,1.627694697766390516e-03,3.332646239906309534e-03,2.034388123941066953e-02,2.117027497310445486e-03,8.255877500025392626e-03,2.253966968687296218e-03,9.078181154379491233e-03,5.115844305334894121e-03,3.855193401543180031e-03,1.966817153749620545e-02,5.107776188320960024e-03,8.617045882857658767e-03,1.881307733416787403e-03,2.434394342690607109e-03,2.828655066894526175e-03,2.796447641366611031e-02,2.283841874463814897e-02,7.234642760548050389e-02,5.877849740587432620e-02,7.223589561419284377e-02,8.002745065647683120e-02,4.685189529384328755e-02,5.022699880267255529e-02,4.451225189405159932e-02,1.816774884195695300e-02,1.628552018331760193e-02,1.881182994308414416e-02,2.589209457880148682e-02,2.168295802318929641e-02,4.193311635077186239e-02,4.618857279721774040e-02,3.167025212774044612e-02,2.208328043477413363e-02,1.088642179235884896e-02,1.983822236272804115e-02,2.081007020124689411e-02,9.671622939645197967e-03,3.222555826177241067e-02,1.063759982629751757e-02,8.788874218222955670e-03,1.475548660245211072e-02,1.083845564886121680e-02
