0.000000000000000000e+00,1.474705697086004241e-01,1.334088634941819340e-01,1.473466630577081882e-01,5.308297649807625779e-02,2.442459174044439921e-02,1.101241079793644495e-01,1.270604339209070732e-01,4.895281677105797757e-02,3.540752421555281443e-02,4.124086834350352421e-02,2.011986322744796843e-02,5.169987407822060343e-02,2.707369571694118876e-02,4.514700330512483317e-02,5.188173321866316329e-02,4.106724615373515824e-02,3.123609480355977325e-02,1.878840441909069431e-02,1.008171792381352128e-01,4.653871411219642068e-02,4.005642662678646909e-02,5.130117164821566822e-02,1.611645509210024585e-02,1.527887768124225332e-02,1.291937876711285980e-02,2.200925413598557936e-02,4.713030081154347128e-03,2.085675588052783580e-02,3.297983625641990463e-02,5.437046275968670725e-03,4.982793011979071152e-02,2.090708665647959472e-02,1.032479801352623183e-02,3.064597316217080106e-02,2.092949850277537813e-02,1.720085639737639269e-02,1.543394274889257640e-03,1.654997039108527593e-02,1.577108395593377829e-02,1.818079751234653527e-02,3.867128761992941199e-02,1.665591345040400711e-02,7.632497038121599520e-02,6.477369423363629752e-02,9.227197914457439809e-02,1.378351715220479390e-01,4.738189367766527244e-02,4.821422757590133890e-02,8.724363664181204736e-02,4.466377672396772136e-02,4.825840917465810259e-02,1.485054509362479687e-02,4.571895730397840252e-02,7.636329678926498388e-02,3.681961003719034370e-02,2.340179421025789450e-02,8.756785637234044961e-02,6.728616347669602593e-02,5.855939112532728558e-02,1.046801766324718802e-01,7.148916697810475673e-02,1.347637728911220412e-01,4.886726524660413296e-02,3.855553456323503742e-02,2.309283445024657225e-02,1.060413206184845046e-02,3.167140992241534309e-02,1.541370843617122406e-02,4.168216712065436758e-03,7.343099061227811516e-03,7.349304610884315435e-03,6.365475847956698560e-03,2.044297633726224056e-02,1.180270397660382678e-02,1.624940009830232396e-03,2.792154498688839605e-03,3.419742747704300305e-03,1.181925917853076866e-02,1.108089341717474231e-02,1.026483478258668515e-02,4.242139620722816702e-03,2.828453206604547576e-02,6.081091088633572977e-03,1.840749991744625169e-02,3.973264513865396030e-02,3.444841461177133163e-02,6.111675133460435505e-02,1.732704616539666384e-02,4.036680653982735456e-02,7.226596607699342645e-02,8.464494425592430926e-02,8.562613202332530760e-02,9.079541965527564151e-02,1.162322488730397063e-01,7.229945594956428689e-02,7.380718362189135628e-02,6.675969730998172758e-02,7.224128977294781706e-02,6.269674974441277748e-02,2.981429971311370247e-02,3.801779211926095952e-03,5.071627928965882944e-03,1.004619793634909351e-02,7.292219279125777137e-03,2.349795154956121207e-02,1.252907311941713064e-02,3.852642064431368099e-03,7.068554224390783194e-03,2.326457425058983675e-02,2.369518426517842197e-02,2.329987059146118502e-03,1.327335720804557117e-03,1.821505997062657783e-02,1.608542918487918666e-02,7.882737100273084010e-03,1.780255997272655807e-02,1.661384319358228875e-02,8.803785604321079372e-02,8.678856852924009616e-03,2.522595278816350955e-02,4.397811033665037506e-02,8.865073101202460004e-02,2.086392783452617472e-02,1.868828876859483512e-01,4.001055465070653405e-02,6.055012622639710518e-02,2.497095299452606609e-01,1.181616403941809917e-01,1.309462601589445885e-01,1.404109010891853582e-01,5.194317875244742339e-02,4.904511707230767986e-02,8.029999879904772819e-02,4.918550379050284915e-02,7.353889780250855157e-02,3.564957459345814011e-02,1.279077301531176061e-02,3.746295306253243779e-02
1.474705697086004241e-01,0.000000000000000000e+00,1.698626071347737743e-01,7.175107901541563638e-02,1.183874738397191484e-01,4.950562194786481407e-02,1.242600294729895444e-01,1.434577007903837520e-01,1.021482814929606797e-01,1.573047038358018068e-01,1.139593664969727610e-01,4.144389629932695995e-02,5.366651677591576658e-02,2.277054724987861989e-02,1.734972087059822310e-01,9.926172463354830666e-02,2.293085935839794254e-01,1.290839374338856593e-01,6.589991425208749365e-02,6.495289356896977173e-02,9.857157550812005453e-02,2.822196858886166781e-02,2.715892146713241861e-02,7.610714942284768636e-02,1.245934097562745833e-02,8.043681280309647463e-03,2.006250239415382271e-03,9.131322412853045897e-03,1.988857984540119694e-02,1.126790259899493676e-02,9.785748104757170315e-03,5.476528258698772078e-03,2.643472497070167154e-02,4.401204468248103019e-02,1.029557697198081948e-02,9.391802950514447842e-03,1.784827249676461912e-03,4.719506563619232063e-03,1.465380798284235918e-02,2.443261019063472719e-02,1.336867746508241424e-02,4.713463506927802887e-02,1.251075743736728210e-02,1.371775371351198827e-02,4.539054492676450336e-02,9.307023964540679650e-02,5.010241514365884608e-02,3.745689591635260191e-02,5.599254716378813945e-02,4.942984573888648675e-02,3.968824557975123707e-02,2.998476752168550280e-02,4.505244499976785583e-02,8.625238285403012684e-02,6.208483732708889452e-02,1.318079690124554226e-01,3.273534090696206267e-02,9.602056366782793506e-02,4.611143024293953840e-02,1.002714141931068254e-01,8.082941421865251497e-02,5.100945011095940618e-02,7.983402832371790103e-02,9.617714010337845287e-02,1.363493828807146521e-02,1.186658892369820729e-02,2.868430557845400714e-02,1.819533297570613897e-02,1.260191371276086179e-02,2.562452773224865518e-02,1.438820652679399618e-02,2.100894277265987972e-02,1.771452566375499417e-03,5.802638439256054860e-03,1.193015385180454593e-02,9.843691989581454874e-03,7.117282517748354555e-03,7.007984843698825128e-02,3.548280086707714109e-02,4.483185445898332094e-02,7.734510677630742313e-03,4.585275756772203004e-02,2.956384104204853348e-03,7.435877514730957101e-03,1.986220571021760431e-02,6.134955921470736789e-02,7.045737730716726543e-02,7.725322488271227361e-02,6.418906811445539151e-02,1.559048922064706355e-01,1.543374511135518490e-01,1.893977578700801467e-01,7.689187797177282624e-02,5.780917028826672299e-02,1.322002478037667406e-01,3.977399238896108663e-02,4.148955830655464555e-02,4.268229717228837206e-02,2.271370376007605246e-02,1.542179349769752690e-02,2.265514936782583172e-02,4.092831994239375625e-03,2.990962161742647188e-02,7.376115889519749454e-03,4.107164015703456544e-02,4.800883867161240964e-02,2.013600632884063324e-02,7.221642734576225707e-03,4.894273766537991094e-02,1.641495857307358544e-02,8.263284992396389972e-03,1.647789296074670187e-02,7.515767880056825612e-03,1.373436593580585133e-02,3.742312078607022696e-02,3.415849233910540905e-02,2.814964478656361777e-02,1.282633588407160186e-01,3.884553999024735471e-02,4.530569471747872279e-02,2.641512140419626647e-02,4.643929993974194037e-02,2.188969996021891962e-01,6.707105639904464844e-02,2.789565514274300329e-01,7.631179694413342540e-02,2.634475386564898991e-01,2.476615803597781995e-01,8.938800824080982144e-02,2.584621439388592457e-01,8.939786629257888417e-02,8.747228068770604437e-02,6.487454565717903909e-02,2.697246547559332616e-02,4.940610492552635624e-02,5.979515262416386367e-02,2.556417947042702310e-02,5.590899273671062070e-02,1.765258088111558085e-02
1.334088634941819340e-01,1.698626071347737743e-01,0.000000000000000000e+00,1.056654224848517093e-01,1.469972064532855671e-01,2.588143838221108051e-01,9.647494152956639923e-02,1.313093215463513319e-01,1.823254204909309506e-02,8.709486839930627444e-02,5.236960033960019051e-02,8.518737730605945024e-02,1.087070370428955685e-01,1.126310049709545874e-01,1.786763523631680894e-01,1.346692976218625548e-01,2.539902215552205522e-01,1.407554873560356579e-01,5.920293095434928099e-02,8.876387788913495114e-02,1.207206875004602498e-01,2.758648885450471974e-02,7.174418333943212434e-02,1.717191392806453887e-02,3.524920288437434056e-03,5.480660543584254911e-03,2.509557688358733663e-02,1.227182971197479135e-02,5.053176118250896770e-02,1.521437340049416019e-02,3.938729453488979196e-03,1.625220439397354402e-02,7.402068908309603068e-02,1.047479838738887663e-02,1.721032084388949418e-02,3.145565555203258534e-02,8.593533636048175661e-02,1.324609448824009758e-02,1.607442756239446657e-02,4.070607002820580966e-02,2.074298121637634454e-02,1.727286661595559339e-02,7.567188892925222343e-02,2.631706208620839330e-02,4.867254126733449454e-02,8.098171978521309655e-02,7.361347247182035980e-02,4.881334103189527429e-02,1.082537931105018170e-01,2.347715854940208430e-02,6.596929635141518533e-02,3.907418889590347916e-02,3.837716305287246915e-02,9.064761686447678213e-02,1.485760345297032214e-01,5.672733488579383143e-02,4.292995643119367627e-02,7.335667229194152428e-02,7.232052870584472493e-02,8.406968071182062407e-02,6.128923258297943460e-02,6.899581998109023673e-02,4.807165867163128159e-02,4.355939379535515160e-02,7.059071906864739648e-03,5.980728947896851028e-02,1.015823597925697395e-02,2.941539319619426718e-02,4.893963453515565859e-02,3.293081212867139673e-02,4.521983173573036752e-02,1.980840780575433141e-02,2.785027415877173659e-02,1.825251140527500357e-02,1.526862025178427062e-02,6.562618650321452168e-03,3.277270034386525407e-03,1.125918048811436721e-02,5.848514001524370010e-03,1.379399141582453303e-02,1.925006351303623284e-02,3.339530280546303045e-03,7.521021986584625063e-02,3.375086049341122219e-02,1.208096481589081457e-02,9.429271218985633973e-02,4.982924584932396650e-02,2.459565790709709182e-02,1.051626592102903185e-01,7.458798086230157554e-02,8.398282958729864911e-02,4.768378508869444005e-02,4.883261252649416517e-02,4.749120124270805182e-02,7.716986796409659732e-02,3.027673142890507929e-02,1.413622921618266394e-02,3.716993716389089403e-02,6.333729822296933418e-03,1.362932814727599480e-02,1.552531035903104498e-02,5.425416841337800389e-03,2.114540780384171689e-02,4.720094233316527756e-03,6.596673157869884646e-03,5.652737678795513414e-03,1.326218676301258240e-02,3.435169277096121465e-02,2.246274600616516952e-03,2.565758252756883753e-02,3.539404331731484804e-02,5.463400371151831691e-02,2.459119541230955081e-02,8.961596043004599332e-02,8.382260714970311832e-02,1.425763453399640224e-01,4.996685460137898632e-02,1.522460916071080028e-01,7.079017483384583698e-02,5.999463902079634967e-03,1.712167835110021963e-01,1.075553722807265217e-01,9.636556438438388661e-02,3.214330704820807239e-02,1.906695322890590572e-01,1.407772599928604762e-01,6.069772580314362898e-02,2.336137509673815171e-01,1.156533800807296869e-01,1.103611227978133769e-01,7.778911969361339274e-02,1.264140134016333572e-01,7.137829919983386395e-02,4.023912371570666918e-02,3.561578372762162770e-02,2.224773025855148953e-02,3.051666299564108342e-02,4.836516562181364734e-03,3.455516770006452753e-03
1.473466630577081882e-01,7.175107901541563638e-02,1.056654224848517093e-01,0.000000000000000000e+00,1.282498322267478230e-01,2.895787350885227832e-02,1.055581622816895299e-01,2.316243160862354600e-01,1.179987356001532400e-01,1.718921902837001192e-01,1.432433494822653863e-01,3.703225609292699894e-02,1.337187068097190623e-01,1.078888283581889707e-01,1.872112515982335690e-01,1.988146891298250840e-01,2.610772682560371094e-01,2.054336822621918579e-01,5.303829247662257551e-02,6.905376103328175752e-02,5.902814490713141626e-02,3.504791814214174017e-02,5.290435527073448357e-02,3.192130449654899393e-02,2.222719059594064836e-02,1.004999599490126808e-02,1.737305008510632923e-02,1.580246772076579096e-03,3.700024001038575844e-02,9.529449115631203129e-03,1.203368847927618196e-02,2.860946152616395191e-02,3.074363037181944078e-02,1.529390076594225323e-02,1.712143948137238511e-02,1.587506605122519787e-02,1.534810959824246986e-02,9.681595551034739844e-03,2.527935432811436248e-02,2.807979158720992283e-02,2.661538791201157814e-02,4.686071926054884845e-02,3.660141460137559394e-02,8.089474694588726089e-02,3.478043470949587074e-02,4.747606243794885023e-02,6.284922351522341522e-02,1.555670711597147669e-02,6.327250364024523954e-02,4.341309363421971823e-02,5.593365702565412934e-02,3.566614107230439007e-02,2.955491082872450936e-02,8.192578061556859970e-02,1.316221321177574455e-01,6.354583408347132256e-02,6.171764122366277944e-02,1.486099272646398683e-01,6.852786689892012562e-02,1.298005208722088633e-01,1.244477277002171978e-01,9.291082804216563296e-02,1.275035644344398034e-01,5.691383172420731024e-02,3.423356984503202888e-02,3.463766216085113064e-02,1.747447064916916176e-02,7.622136823482453943e-03,1.021953356290351313e-02,2.801338643204797502e-02,9.050497424087996720e-03,1.263729739114649413e-02,3.552967934671065128e-03,1.285625378165610073e-02,2.339156218314899713e-02,3.152973906450459024e-02,2.049749646182275412e-02,5.014271577187430495e-02,3.845357177819281463e-02,1.974150098050395444e-02,1.329068388340378694e-02,9.367862815869515414e-03,2.396923370918761093e-02,7.029159466955629647e-03,1.090180285784232185e-02,8.855895960351103935e-02,4.161102931044057679e-02,9.252597591757116824e-02,5.870681059903112148e-02,1.098563285102653886e-01,1.989682956444329132e-01,1.486524063975538379e-01,9.063206574861130960e-02,1.119351218064913861e-01,2.438454894163552544e-01,6.358682143273497456e-02,8.837223124705156918e-02,1.096155766992843589e-01,4.409733548816858334e-02,5.973512661511290456e-02,4.623832447438277343e-02,5.642471954685516870e-03,3.738238662429343301e-02,1.851067635119301238e-02,3.741082514906634432e-02,6.590528396029585179e-02,3.711047454601096307e-02,1.155833605751007027e-02,1.865028417073410355e-02,1.787381485565213424e-02,1.126698843772295199e-02,1.770740532566325229e-02,2.177938389936419014e-03,2.016448496439410612e-02,2.172579932770155389e-02,3.279969183761190232e-02,3.045643059498858926e-02,8.843953321047151594e-02,8.095657915880315192e-02,4.494936701384737859e-02,3.768811215969412876e-02,7.346515905466080576e-02,1.740070067876380855e-01,6.338690647934133726e-02,4.004884559718719927e-01,6.905798023551887321e-02,2.146400611835070082e-01,3.557463618856278043e-01,1.759734203748992698e-01,2.160023762132155523e-01,1.075972315136096147e-01,5.410180738081417362e-02,5.318940290603844240e-02,4.911442705910230161e-02,4.768139553597403046e-02,6.697307358635669339e-02,1.725546215648285364e-02,3.012891122351711581e-02,1.882838287935804933e-02
5.308297649807625779e-02,1.183874738397191484e-01,1.469972064532855671e-01,1.282498322267478230e-01,0.000000000000000000e+00,1.960084356876338474e-01,2.435618216550279325e-01,7.682389804610630091e-02,3.333771003596313481e-02,4.301633367284804499e-02,1.065231372206316834e-01,1.182551807754905412e-02,1.264959465219431256e-01,9.547371354743369731e-02,1.763934382010325930e-01,2.812056768016559238e-01,2.475549520325570629e-01,1.756715600927905019e-01,2.976424674914678326e-01,2.313905621715735272e-02,1.214943043250854837e-01,5.812007763111236985e-02,4.428765783715787191e-02,1.298300736432266532e-02,2.184728118715281719e-02,2.785611941818228951e-02,1.333429843344446572e-02,1.524811993846670981e-02,1.390573131945497740e-02,1.567868926734383717e-02,1.090742546568586498e-02,2.527441978409565582e-02,3.543892253040609869e-02,1.032013299853861144e-01,4.029661785745437819e-02,6.053305649310436291e-03,1.826185146483151264e-02,1.067945240853259391e-02,1.555661906028652647e-02,2.533199475087625011e-02,3.101505151612101580e-02,2.877825882990351844e-02,4.255399865398722115e-02,6.890754788864839053e-02,1.869025765412447512e-02,1.110848497227322762e-01,4.077161256155324015e-02,4.349257825979435665e-02,1.229835275711871484e-01,8.826096451079368244e-02,3.649653996563857750e-02,1.126230039612356182e-01,8.331526820125068067e-02,1.872235780568629049e-01,6.557319856558162241e-02,1.178463552726193714e-01,8.151526304027199854e-02,4.802515333577984241e-02,5.544879324166392121e-02,7.470104779952133067e-02,3.384395755119344595e-02,3.606349039933046119e-02,3.164152848696394349e-02,1.294830814210886361e-01,9.376349954853056834e-02,5.667038968387610315e-02,2.886387474943435255e-02,4.848940450282265141e-02,1.936301926810191781e-02,2.417748584217447108e-02,1.193363849516245953e-02,9.747191452426393760e-03,2.030535219662253643e-02,1.661568784403127941e-02,1.256805449711658612e-02,2.477112072152842098e-02,1.603673142775358107e-02,8.550354144149213687e-02,3.214128641319888291e-02,9.502089971027223581e-02,1.217263692105534784e-01,7.045290337213813703e-02,4.030051852782431249e-02,1.498250890244806448e-02,1.476527298004465423e-02,2.046003080671524726e-02,4.667724142390147074e-02,5.173386783934422889e-02,4.922316157544779497e-02,1.644552185209153805e-01,8.343939916328960149e-02,6.904459048669366050e-02,4.914847322110833111e-02,1.294073998916623891e-01,8.067178568595961830e-02,4.521346906308081753e-02,5.756911650056679985e-02,1.661619428333267409e-02,2.551255349293062372e-02,1.203898326418721861e-02,3.968714564424512259e-03,1.085115395898257618e-02,2.846465218168904229e-03,8.821065886910046602e-03,1.237932250040420928e-02,3.029861260574739923e-02,8.584507217660335837e-03,2.783175204941312330e-03,3.451153959342837668e-02,6.240880977326376811e-03,3.510268193967417544e-02,3.943835780828547355e-02,8.988276685010971462e-03,3.789241101306869974e-02,1.599151737373176729e-01,1.029290421643456188e-01,1.419912748084642684e-01,2.162658997352249479e-01,8.324121981839910367e-02,5.518126692311349502e-02,1.054454549559716570e-01,1.482828888106789249e-02,7.600410275306662689e-02,9.459050368476702372e-03,1.167777757969481744e-01,2.211470477512376964e-01,3.847279578008347412e-02,1.103095779631586698e-01,6.990465189682619485e-02,1.984319881774944117e-01,6.619607518352882414e-02,1.253308129852403197e-01,1.239469149124849401e-01,8.700341118454171796e-02,6.028036640113688255e-02,5.460456753538666524e-02,1.253695196753641487e-02,7.154495159626118872e-02,2.750007094032369190e-02
2.442459174044439921e-02,4.950562194786481407e-02,2.588143838221108051e-01,2.895787350885227832e-02,1.960084356876338474e-01,0.000000000000000000e+00,1.989813712690851888e-01,2.712737665509797336e-01,3.149017911946290493e-02,4.123732295716500684e-02,7.282526562874304388e-02,1.862527802220491357e-01,1.383043950482425177e-01,4.399326618580028103e-02,2.185196253755511409e-01,7.592540102184375250e-02,2.421011540184803135e-01,8.152253476869551763e-02,7.448891320492527501e-02,8.108251528353288551e-02,1.132493751052703751e-01,3.798011140118389556e-02,6.545803901101478195e-02,1.132957656298399368e-02,2.006107675679250427e-02,1.281960460447753580e-02,1.556345812960055822e-02,2.821768732680738148e-02,5.039149479332908493e-02,1.180357714820649828e-02,6.947479686461253620e-03,6.850065072520654212e-03,2.769782168736071790e-02,1.709895602838734305e-02,6.664998047859867214e-03,1.627062036341343429e-02,4.974616661468305584e-02,1.238455651607303816e-02,4.944534866418838145e-03,2.974508539906377952e-02,1.634606174463784992e-02,4.638790023286736529e-03,7.058912752584328709e-02,1.280044963264237966e-02,6.902067170637352089e-02,5.830688560812790494e-02,6.544023309156160595e-02,7.300323275867144635e-02,8.276983285366355803e-02,3.146394919225641018e-02,8.749238255556263111e-02,4.197422212407253550e-02,3.756983900621305855e-02,1.189647216895940857e-01,1.200102198120394509e-01,8.889632648385764613e-02,2.769149870423785395e-02,8.218403646949851149e-02,5.198614494284332921e-02,7.398082260546688660e-02,9.639371503702860722e-02,2.238037559910507901e-02,7.015888381350883496e-02,4.700121570761717216e-02,1.645196780271401815e-02,4.804705618695103569e-02,1.852363881168484980e-02,2.808662662283952297e-02,3.573806202748099070e-02,6.176461608160111610e-02,3.353991612724454424e-02,2.286976555197818214e-02,5.676518027595586074e-02,1.609769844348640441e-02,1.872816742167950424e-02,6.375057205100608318e-03,4.241172396571416849e-03,2.100361526213010560e-02,8.623534950493835088e-03,7.026741229138073509e-03,7.934946562134687770e-03,6.836451522967440519e-03,2.614432796989030888e-02,8.558083351510164041e-03,1.454492116166553224e-02,7.276708185438984788e-02,9.286600953326960839e-02,4.533314255509703766e-02,7.058211191750957125e-02,1.058801881850569282e-01,9.973364297194395323e-02,1.251776466120074760e-01,7.478648543502747215e-02,7.413966727721757466e-02,1.353634368784474018e-01,4.277641884472247608e-02,4.412006872541343605e-02,7.698480124621734366e-02,1.070391301421718365e-02,3.663843001804432259e-02,4.173430991882359775e-02,6.459704440996322933e-03,2.743397754260347085e-02,8.758448957956474837e-03,4.785765445537022190e-03,2.351360757022589662e-02,1.982321743482762591e-02,1.591505017942472511e-02,3.849225950232178055e-03,1.557879516808960765e-02,1.968620215509072138e-02,3.120672393253617893e-02,1.014622443325709049e-02,3.273605534909370535e-02,4.799490220690752484e-02,6.007841110063254220e-02,5.068200558123633903e-02,7.519629105424231741e-02,3.090326151799272641e-02,1.163805927004447557e-02,6.611424233517659843e-02,5.721925158777396714e-02,1.357516136909884263e-01,9.234660331743084483e-02,1.296298372520859332e-01,1.883134558862882835e-01,7.883611339869492363e-02,1.905298276248268141e-01,5.375667005381543767e-02,1.493029491098774308e-01,1.789087004654895119e-01,1.208224944118651972e-01,3.489283123365109762e-02,4.399119370314818339e-02,3.620059466201010212e-02,3.165168697403943077e-02,3.126200973599478627e-02,7.419920003873407659e-03,7.626927432268063717e-03
1.101241079793644495e-01,1.242600294729895444e-01,9.647494152956639923e-02,1.055581622816895299e-01,2.435618216550279325e-01,1.989813712690851888e-01,0.000000000000000000e+00,4.544107120307427916e-02,1.016268974689455984e-01,1.282892556980668453e-01,1.773951587606596714e-01,1.095247447392481421e-01,7.594348127786869351e-02,2.810471434191386814e-02,5.727415775140153043e-02,8.794871165815390524e-02,1.598373507252242587e-01,6.363271007272422453e-02,3.849773864077186969e-02,9.395391427292332232e-02,3.812086772397679790e-02,2.077044294319827650e-02,4.797083236696125103e-03,1.627346757076666636e-02,3.926106693281600918e-02,2.504086891537600848e-02,3.519601538402393481e-02,1.624123493109790040e-02,2.426537359789307513e-02,3.710558286767599162e-02,7.276003074121042274e-03,3.515815135650311989e-03,3.254660909382328660e-02,1.166792266134389702e-02,1.989374974548687933e-02,3.095702174205314239e-02,1.146291500407795559e-02,2.490849564911336994e-02,1.548949525981224706e-02,2.555323952616287905e-02,4.108494840161707427e-03,2.808432338818911064e-02,2.180628613250880365e-02,8.804422800750749678e-03,1.130025411041272326e-01,6.812858758484315047e-02,1.492781536767045364e-02,8.368223216861057911e-02,5.755233131048915346e-02,3.359826732119875620e-02,9.181768412963300929e-02,6.777199392019878088e-02,3.620846548908428914e-02,9.528155653245656831e-02,1.034573118820473481e-01,4.847022478583806748e-02,3.896155111763187351e-02,7.009241388420819896e-02,7.127334915578989460e-02,3.148553614099923459e-02,9.738991844998989844e-02,8.030514674649211204e-02,6.801924057593138062e-02,5.864198934758325238e-02,3.975944064212626194e-02,1.377873584579609838e-02,5.307896223133930225e-02,1.968926401574363355e-02,2.401851523463871194e-02,3.599897410068355480e-03,3.576894497998359124e-02,2.616354617091114741e-03,2.303379983892514526e-02,3.618413840119224373e-02,2.725795330385508142e-02,3.536157433428765377e-03,7.054130311269670231e-03,8.742815743493111830e-03,1.628573854972513793e-02,1.607032443763565729e-02,7.883554792860710328e-03,3.382838441866659572e-03,1.313858046908846465e-02,7.848125306417633520e-03,1.791003867775214572e-02,6.914793924448842111e-02,5.673408631076289760e-02,9.400332533964760040e-02,3.971272837585653609e-02,9.233292326326715538e-02,6.131061788914440175e-02,3.087700548499890466e-02,3.986350845146260924e-02,7.812142101452798637e-02,2.656168355201637618e-02,4.845651736545043831e-02,5.169827279110030677e-02,2.742038095477666859e-02,2.192427364970052361e-02,4.507757306121221857e-02,3.389920240719144356e-02,6.467462532472914929e-03,2.706946367990351737e-03,7.395510401107805928e-03,1.146103181619841788e-02,2.547694417297994771e-02,1.171635763793861529e-02,9.741199865909258224e-03,5.299579806105382540e-03,5.011626007545962047e-03,1.957049955613229808e-02,2.546164548371020533e-03,3.324642101599793731e-03,1.784617104651980632e-02,2.558901352845850685e-02,8.891021250194310402e-03,2.180885628679976249e-02,6.327036570982826069e-02,5.408692064585520626e-03,1.256763639518246149e-02,1.582039077827584322e-02,1.113830898889967003e-02,1.702465422562234043e-02,5.874179880457568864e-02,7.209631105733106671e-02,8.142654863474643734e-02,8.505161993502977080e-02,9.181473974801629412e-02,6.184554328842602894e-02,3.035205219073496691e-02,1.124969154713375136e-01,1.468465241059839776e-01,1.598698439851239661e-01,5.369840468795036154e-02,4.890153283413531393e-02,5.457173042547477926e-02,3.057527443713657644e-02,7.667479404878942140e-02,3.053403543458607997e-02
1.270604339209070732e-01,1.434577007903837520e-01,1.313093215463513319e-01,2.316243160862354600e-01,7.682389804610630091e-02,2.712737665509797336e-01,4.544107120307427916e-02,0.000000000000000000e+00,1.771826433091729658e-01,2.015394780014002629e-01,1.205459893728103582e-01,2.603358673654288524e-01,6.947315671188671049e-02,3.017453547279682832e-02,9.611677331967767579e-02,1.327987917791558781e-01,1.116609246362569030e-01,2.435688703610403572e-01,4.943161047830189198e-02,4.095125981557244665e-02,4.343114988536617843e-02,3.350805587612977476e-02,4.826150613641221748e-02,1.308767368082021376e-01,1.712281538047007723e-01,4.305178436114622670e-02,2.917168834906576011e-02,4.845527737768230703e-02,2.075398323742368503e-02,1.409245855272498078e-02,9.156855755636472000e-03,5.740538241766483807e-02,5.336760209637195912e-03,6.005810508681066334e-03,5.885162934412348917e-02,6.368919716118974506e-02,2.230797236325883157e-02,6.555065032514063861e-02,1.074185494966580293e-02,1.793306400228948314e-02,1.764018575711215342e-02,2.502222082763878169e-02,1.836638571788183974e-02,3.495508684896263263e-02,1.686408684548041659e-01,4.028674841259043821e-02,7.823410206512476650e-02,1.407536962057667207e-01,6.215004706431048742e-02,1.232654510830032274e-01,1.702624881255044090e-02,3.931962003850213161e-02,7.455294142828632065e-02,4.147120911051181691e-02,1.508139959661679297e-02,3.357074918043987527e-02,7.375375340827092230e-02,5.163694777285528226e-02,2.580508805081098422e-02,7.582950680230876594e-02,5.200222798759300546e-02,4.214135652003599131e-02,1.210371186338347477e-01,2.340264563803324052e-02,1.333496139021047022e-01,8.856081031640856971e-02,1.069038498346605755e-02,8.063235720935207906e-02,6.106026507158610755e-02,3.497753051618464337e-02,4.661092836185689453e-02,4.219345316769080451e-02,3.989534600899274225e-02,3.589474390234533019e-02,5.000645027663428582e-02,2.877840455618120574e-02,1.408244325996579026e-02,4.601682651484802038e-03,2.947505321558888461e-03,5.806126420380211539e-03,5.622182134154619579e-03,8.397432163562599042e-03,1.729650359546729479e-02,2.127704909288892499e-02,1.825081955015993990e-02,1.830067638210216077e-02,4.196005428995341208e-02,7.590512811967343836e-03,5.746151637967731457e-02,5.113570768116406512e-02,2.942262611152315910e-02,1.166250483953911871e-01,1.996990431096845597e-01,6.459766865383073653e-02,6.670325193927111040e-02,1.718090486840430364e-01,4.805196450696185007e-02,3.970518249145045531e-02,7.851353795664121893e-02,2.216797717155068528e-02,8.294662755913810234e-03,6.896486578616333081e-03,2.107024079351140118e-03,8.991904708040237768e-03,3.191219554983747240e-03,1.285553552126608018e-02,3.968002003087062191e-02,5.314179065557729509e-02,1.592071959494660224e-02,7.404287085235612687e-02,8.528096499958512378e-02,7.145486707066518728e-02,6.853786800925072697e-02,8.686418381558007329e-02,7.060690087825405303e-02,8.830272823349850919e-02,1.478278229987112780e-01,2.667090401025057692e-02,1.928894038139218892e-01,1.160386556652830831e-02,7.197105833366307381e-02,1.487511448099386978e-02,9.426835835471672476e-02,1.776126680318066420e-01,1.719240498334813627e-01,2.142006051839125125e-01,1.803924963779711121e-01,1.286066475172695511e-01,1.851884128125221851e-01,9.344733422423857905e-02,8.913132351017666322e-02,6.219210938904609631e-02,3.500960867184956665e-02,1.232224774397520511e-01,7.194144876591164472e-02,5.643937468826597248e-02,3.395721306869261408e-02,2.942178954845630495e-02,1.548694675618099079e-02
4.895281677105797757e-02,1.021482814929606797e-01,1.823254204909309506e-02,1.179987356001532400e-01,3.333771003596313481e-02,3.149017911946290493e-02,1.016268974689455984e-01,1.771826433091729658e-01,0.000000000000000000e+00,4.840573988519027843e-02,1.263955610104348093e-01,4.429211674818316069e-02,6.335925924651505947e-02,4.214619031133647054e-02,4.633455875545267749e-02,4.792454622777366641e-02,2.641266088008829491e-02,3.932019681697305341e-02,7.104366472540372957e-02,2.389823238106879993e-02,1.134085137396581913e-02,4.561844582491551142e-02,2.336280524111745971e-02,5.414997231365591829e-02,7.791841537471683177e-02,2.636350773954075979e-02,8.646149237252877609e-03,5.515989531707344608e-03,8.965501749472606224e-03,1.664182692542022154e-02,2.014714109322958586e-03,7.517977084393111763e-03,2.416472378883875033e-02,8.771414047856883334e-03,9.832329804188773628e-03,6.729931871054604942e-02,9.779110234440595989e-03,6.089279582540781111e-02,5.802641784302578487e-03,2.665286014090521849e-02,6.637399549750875455e-03,1.689510802301882539e-02,1.548233384087469369e-02,8.732005319910054325e-03,9.464433870631988599e-02,1.540577171082075508e-02,3.506380110981392739e-02,3.813487441764957381e-02,4.185081172470800359e-02,3.183257587761819524e-02,9.796753942720309860e-03,4.657550545045988782e-02,4.444235640186515457e-02,2.711220489431867900e-02,2.344673143279712296e-02,5.487046201244419330e-02,3.015863485105223230e-02,3.678395507470080122e-02,2.313750745288920344e-02,4.371946191899421519e-02,1.731539795528521872e-02,6.215018513899692870e-02,2.944593026218336046e-02,1.641029455428150846e-02,5.123427324474384009e-02,1.673746143151092283e-02,2.307657412210560241e-02,1.390184646279432785e-02,6.306864942875411995e-02,7.415737441822422768e-03,2.673408903734084130e-02,1.291950006409686366e-02,1.119349112566828813e-02,1.150034953722669888e-02,7.864943762474338115e-03,3.493747262280885117e-03,8.780945100911699205e-03,5.315468580523685822e-03,1.489335109399119068e-02,1.660458682587822449e-02,3.048922876682216322e-03,1.337316174012883122e-02,2.496371690691414486e-02,1.247473767805273165e-02,8.699280589205908229e-03,1.865887159871084527e-02,4.280158171233433562e-02,3.583889684540540743e-02,1.398998323760898034e-02,2.262865316780618766e-02,4.203336776028775146e-02,6.232229726724923535e-02,7.747423072153461487e-02,4.114013980554988292e-02,3.402358452883778861e-02,7.655992779780690372e-02,4.964350806884781225e-02,3.349616055962641864e-02,5.181694879680628918e-02,1.293933952021824631e-02,5.343693446797297998e-03,1.510190495839350278e-03,1.379849475955746002e-02,9.787407048201114679e-03,2.047618648712087180e-02,2.275432160743588034e-02,7.257861209096175270e-02,3.414293427257799468e-02,3.982325335418923640e-02,1.066829779218675667e-01,3.622684031121943538e-02,2.736211789151952664e-02,7.319823251200024972e-02,8.208229603773926908e-02,1.312663451360824261e-02,9.466618348645886027e-02,4.546346459643303695e-02,1.513083647546528687e-02,7.926851307073816411e-02,8.334344043546854097e-02,5.007126284602624045e-02,1.534435031577018743e-02,2.342099409522259423e-02,3.726817540433288029e-02,2.880242576995884971e-02,5.346118124133995841e-02,7.794348380344601201e-02,5.558927993257803228e-03,5.625113454234961785e-02,4.025594937418656288e-02,1.319609060704757947e-02,1.047716528029370847e-02,2.597955900902709087e-02,1.859085384984406411e-02,5.022174915755330676e-02,1.189977377739689229e-02,2.675715014839663911e-02,1.825620842293501980e-02,1.139232199286471445e-03
3.540752421555281443e-02,1.573047038358018068e-01,8.709486839930627444e-02,1.718921902837001192e-01,4.301633367284804499e-02,4.123732295716500684e-02,1.282892556980668453e-01,2.015394780014002629e-01,4.840573988519027843e-02,0.000000000000000000e+00,6.943517671253147949e-02,1.803851125531417965e-01,7.496659270246130991e-02,2.025919575070337514e-02,3.427700925183168046e-01,4.063176119438865336e-02,6.854339641790137272e-02,5.216957204655451458e-02,2.006365136643786101e-02,4.160824474685110436e-02,7.189985619253418114e-02,8.102553245902905862e-03,2.061974006515041383e-02,4.031330990285748178e-02,5.752313514537693573e-02,5.744516476357629936e-02,1.201237325211909623e-02,2.582836958813076664e-02,7.063021324708694017e-03,2.925440510507317654e-02,6.679015871289215207e-03,1.185709917452505528e-02,6.113107663539258697e-03,1.943964433813374915e-02,2.965313519040723399e-03,1.968684919007443121e-02,2.374415855179001344e-03,4.076662365354088123e-03,1.344364075731536642e-02,1.038145741514060263e-02,4.698269402629445118e-03,1.297386951328306781e-02,4.832393058467309571e-02,1.458591416569389974e-02,2.474839166196150242e-01,2.634414775152648519e-02,8.215874708567243168e-02,1.546810220411145576e-01,3.132555581548183976e-02,6.473904656621151665e-02,2.971088261688844406e-02,1.946373231449024382e-02,1.764251388657100961e-01,6.182383284994982797e-02,6.813685412527108187e-02,2.363790050103698609e-02,1.191851909637455832e-02,4.217256188654141397e-02,2.490800868290482875e-02,9.023747689270945893e-02,5.442433814416005461e-02,2.083669854470023355e-02,9.575320193647945954e-02,3.213697448764708808e-02,7.565179695686491401e-02,2.602129357965483891e-02,1.249241524587957862e-02,3.172354466538125639e-02,4.056060667540135889e-02,3.731053831326425901e-02,1.402679520541442321e-02,2.487897338830384261e-02,3.003330435244896263e-02,2.962416265566515314e-02,1.249336882370076854e-02,4.087526381657082854e-03,2.584622013675102678e-02,4.350608591659198277e-02,4.114690157521235653e-02,9.337254768320399356e-02,3.418959149850102353e-02,8.275006059772929690e-02,6.478915401668319807e-02,4.454104487776158749e-02,4.839059612958615010e-03,4.155180394477323014e-02,4.018574155639444839e-02,2.893672172803495382e-02,9.457029103496805353e-03,9.205262396401323044e-02,5.656137736445485120e-02,1.979860998232789715e-01,1.422599079613807438e-01,7.978790586169666466e-02,1.077298583999739406e-01,1.309547938926354238e-01,5.016274349335719807e-02,2.464048371476895705e-02,6.437181256325485990e-02,1.373772697403321044e-02,5.948573625699567213e-03,6.212778555385209574e-03,7.989620976297713908e-03,4.605914318134345098e-02,3.356719645748856840e-02,6.908198322009119485e-02,9.148422115631459073e-02,9.859755683371038137e-02,5.659274703993744798e-02,1.127777891719912856e-01,8.052305301974882479e-02,4.095878630644106400e-02,1.080900860500153965e-01,8.911039054798458592e-02,2.129309396125172310e-02,3.968724754272700411e-02,4.304815086154242625e-03,5.860874501462041454e-03,5.212413134902574990e-02,6.746642536846066129e-02,7.569373109435156843e-02,4.592943729870314906e-02,8.988880172391303797e-03,1.963433840300353450e-02,4.350251246359313623e-02,2.852726184116776559e-02,3.192420493711527196e-02,6.596059310410976040e-02,8.448516994973945260e-02,6.773197730989614918e-02,1.048482197577793457e-01,3.646460562101611069e-02,2.537228156249050556e-02,9.466831486998114609e-02,4.172270932279979749e-02,3.741937520707844939e-02,6.789670671735767091e-03,3.657540536232289918e-02,1.027740249696839150e-02
4.124086834350352421e-02,1.139593664969727610e-01,5.236960033960019051e-02,1.432433494822653863e-01,1.065231372206316834e-01,7.282526562874304388e-02,1.773951587606596714e-01,1.205459893728103582e-01,1.263955610104348093e-01,6.943517671253147949e-02,0.000000000000000000e+00,4.910198948164517380e-02,4.693717591154896590e-02,2.796802753532980079e-02,4.486288738160602169e-02,4.054634547546257656e-02,7.254544662422125756e-02,4.249534073925630845e-02,2.428981129108892523e-02,4.176726188493502107e-02,1.096627129652431726e-01,6.683374871504597914e-02,4.104259878055965122e-02,8.633586031379905656e-02,1.162056533519169044e-01,6.232451867673585721e-02,2.765243415835196006e-02,3.718649235880785997e-02,3.542031669190511770e-03,1.699516513103505738e-02,2.660593078456863561e-03,6.766373864043247199e-02,1.205032799532166840e-02,2.183582541433238839e-03,1.050616501720361140e-02,6.239836522559125132e-02,2.357439054093687664e-03,2.545907016842833756e-02,3.035534608702600973e-02,1.774123473658001729e-02,2.361113416810681209e-03,2.404127920569355814e-02,4.202455322647862673e-02,2.476333465674132941e-02,2.247444593923424438e-01,1.306502713409151417e-01,1.860155577307798791e-01,1.444020469297278286e-01,9.726026659236430838e-02,1.419074293375807982e-01,8.933251983278042707e-02,1.128180199094431929e-01,4.800345545175480066e-02,5.867728651870150747e-02,5.847235701057866553e-02,1.813576148440293467e-02,2.299289946153666719e-02,8.364316786534446713e-02,3.632087507469977661e-02,3.086590219906541754e-02,1.090431958002657936e-01,8.060844273963790885e-02,1.531009687452324353e-01,8.450248847785557516e-02,6.796892417964023325e-02,3.813427835422103507e-02,1.789838397949771592e-02,4.207088658533996751e-03,6.156533195289497738e-03,1.366588435980015115e-02,2.334243629959181429e-02,4.856343167368492274e-03,4.684210977237545509e-03,1.231420968643730587e-02,1.635719534304765771e-02,1.540355770552007597e-03,2.609839896985644263e-03,1.266977648233115830e-02,6.423419156492210340e-03,2.077322764386135487e-02,5.315616642398193238e-03,2.354315718829100290e-02,1.405980504752976645e-02,7.311371242757446626e-03,1.798779557949115385e-02,5.543291472881460569e-02,1.847606200991284281e-02,8.525124076458787115e-02,2.489816392813065313e-02,6.480849486702647266e-02,9.445498699741693149e-02,1.048976351893829290e-01,1.307703840473456725e-01,1.629012220523733123e-01,1.148103474328495965e-01,1.423949179314458746e-01,1.338405468971634038e-01,7.127089025458793747e-02,7.623798680647185522e-02,3.902864580850642223e-02,1.661857212065355818e-02,9.201445451187189109e-03,1.392201008327831335e-02,1.189011377409218001e-02,2.305903845207910724e-02,3.426661502311435792e-02,7.060460215590363964e-02,1.989608410269653321e-02,2.116764445957716734e-02,6.097887500038696312e-02,5.627722989008868137e-02,2.386117316179912212e-02,8.131611146361561460e-02,9.386458654072978025e-02,6.856871062356363622e-02,9.197015008997015684e-02,3.153052653494714530e-02,5.162672500341621701e-02,2.186199370645089401e-01,1.614188074078522217e-02,1.277489609405342286e-01,1.773622573820492557e-02,8.441380568360441761e-02,1.561120726775928110e-03,7.051621750200232075e-02,5.107838030372854887e-02,4.171668394219359144e-02,1.115164253036440151e-01,1.271594789287871230e-01,1.051355475153061408e-01,8.804507941475611665e-02,1.668199639727265676e-02,6.199709972374419648e-02,9.950290910159423352e-02,3.381812939454179739e-02,5.446099150587885296e-02,1.560829601925857284e-02,2.528531820300890937e-02,3.309335136387427795e-02
