0.000000000000000000e+00,5.794090140057452099e-02,1.664371556686553011e-01,1.464283865928823203e-01,2.647968823978499309e-01,2.060097370909873826e-01,5.235835836464466236e-02,2.068968268874692429e-01,5.858873903844229875e-02,3.710631664624111647e-01,2.164149621166318663e-02,1.223639795961836974e-01,3.295229469267810241e-01,2.024162957893495540e-01,4.062355611186552889e-02,1.174057681884436294e-01,3.569279074786836370e-01,1.571498814936734753e-02,1.042788488047875911e-01,1.103371195875930133e-01,1.656948519370062822e-01,7.683336759413582351e-02,8.337405985442028489e-02,1.533058641148418444e-01,1.545494537481880738e-02,1.464676985207860049e-01,7.822581321248517350e-02,1.207247747612218841e-01,1.079863892569687782e-02,7.399720680727243927e-02,5.132100471998190389e-02,1.721487736702376758e-01,2.878263478546220708e-02,4.605881600780445395e-02,1.664377035509819955e-02,2.209542425805349763e-02,9.576145278231436297e-02,5.314495092873457172e-02,1.700426634611887644e-01,3.691936174082690453e-02,3.121949809801878584e-02,6.071591211100133695e-02,6.496894332735210498e-02,7.689486117580396525e-03,3.566422169428165589e-02,1.985434172314000101e-01,3.116972289326669018e-02,9.209308064265842031e-02,8.937837623553103461e-02,1.899198068546450735e-01,6.630702463734103325e-02,1.492710966117392068e-01,1.080543604817483239e-01,6.768849262670756373e-02,1.656878336892387282e-01,1.088997063591288089e-01,1.378301460371867682e-01,5.581630693469064042e-02,2.288754636666556486e-01,7.562347598651142366e-02,1.001953923778597377e-01,1.214921929995958771e-01,2.568282314049951665e-01,7.364293750830930296e-02,2.339868684313084479e-02,5.887205139220472866e-02,9.414628032060865653e-03,5.884997041820145408e-02,6.596134358529646968e-02,2.183026275525502546e-01,1.100228991689009422e-01,4.009430570649628184e-02,2.830340722316982971e-01,1.073260344612662065e-01,1.883737461646236566e-01,6.159778660444013149e-02,3.272467568042230490e-01,4.838251954535625898e-02,9.094952188673390003e-02,1.938010792362818147e-01,1.578168542498570026e-01,1.334651695807487215e-01,3.163141552651778377e-02,3.149788792580059393e-01,3.703625346041578004e-02,1.705509506073155102e-01,7.374587979521167458e-02,2.604138235267245971e-01,5.704603671525662612e-02,5.892355412681418020e-02,2.729185399140209856e-01,1.398326949508940931e-01,1.192760519952641429e-01,4.689961879672043671e-02,6.245094175757787136e-02,6.869910027537090569e-02,1.421557880703541721e-02,7.123086529453291627e-02,4.704972084784764252e-02,1.843411830601676335e-02,3.478351044009027337e-02,5.115108481904161869e-02,2.055471742057713574e-02,2.690360139322514263e-02,2.155825379021159005e-02,1.003456773057842359e-03,2.693522759668893173e-03,1.623036185089209594e-03,2.572960984815951882e-03,1.700642956629640212e-02,3.840137677798185177e-03,1.370651562743644379e-02,6.276726905823749869e-02,4.773136917899691717e-02,1.458836574696342585e-02,3.486924373249234571e-02,1.016748390567691340e-01,5.974805017141340130e-02,7.144303169922898433e-02,5.450015160891943239e-02,7.651190947876211623e-02,6.353048261834799704e-02,3.350249000760007617e-02,6.345188277214523775e-02,1.041690589716626897e-01,1.710076844155741516e-01,1.638977821508969257e-01,2.285411922431904719e-01,1.950013977524599484e-01,5.426464404748738285e-02,6.129537768014942101e-02,1.143053202362873944e-01,2.864705767885290452e-02,1.099820475063297415e-01,3.328074229695858477e-02,1.478668459252956320e-02,1.339264755027942851e-02,1.758448998977614128e-02,9.553637751090219773e-03
5.794090140057452099e-02,0.000000000000000000e+00,6.692305787923272797e-01,3.765895393499986143e-01,1.918605299823785970e-01,1.653067712017630697e-01,2.002066804838091296e-01,2.051701267918045191e-01,2.582450914157060629e-01,2.865022778783826163e-01,1.378528257900166476e-01,3.803428832842172813e-01,3.224542728251934554e-01,2.116387560821035296e-01,7.008898500572406653e-02,4.085293606863752425e-01,3.208452930951607995e-01,1.138499213128194160e-01,1.660399983286139081e-01,2.896687311098208317e-01,1.580132892028691116e-01,9.539849612444881166e-02,3.217339884530768246e-01,1.928950577205231776e-01,5.157263290953574553e-02,6.577594447660410626e-02,2.984460541519587395e-01,1.439278867126857486e-01,6.079378686741477439e-02,7.100418214273830630e-02,9.567892398393307296e-02,7.592284768625169600e-02,1.416603086062645685e-02,1.333175934597531365e-01,2.891579597301886101e-02,1.670223333223906925e-01,4.484118344218512159e-02,9.061034160944763521e-03,3.184560880619434486e-02,9.717493982208830205e-02,1.110868590197107292e-01,3.750604863725327115e-02,1.175664695729374404e-01,1.505462821559491390e-02,1.102403004230409073e-01,7.530852169076943103e-02,2.168088797559289960e-01,2.499386415550712559e-02,1.022898870755114820e-01,1.238840989147711319e-01,1.203220744944960702e-01,1.383820281679418174e-01,7.540607040062682898e-02,1.867947610615544041e-01,1.746131198467849033e-01,1.549298261304615787e-01,5.838999068580619928e-02,1.691476276955621305e-01,1.503757398119878463e-01,1.336604307988688289e-01,8.345004415540072107e-02,1.125016679223605764e-01,2.501882904392747076e-01,1.496464922107341722e-01,7.572830458285932653e-02,1.346528853955515082e-01,1.525443025701301858e-01,8.870838384114861086e-02,1.178272188778081014e-01,1.655599195237068832e-01,2.351335041014758487e-01,9.962862941851781395e-02,2.240381912087098526e-01,2.459711590472212495e-01,2.471863876812897265e-01,9.423345300436611338e-02,1.963440357311564410e-01,2.306422234607962141e-01,1.472953931151724793e-01,2.029017359173171664e-01,1.898993235837576343e-01,3.416304752057734428e-01,9.382721261459495143e-02,1.878881793681601575e-01,1.989729884024632467e-01,1.587578710252384728e-01,4.965567955762166530e-02,1.710625106195050316e-01,2.076164766878731138e-01,6.482350137093116638e-02,1.205714736521050628e-01,1.956614589219184130e-01,3.707460635601842608e-02,2.096465900110194847e-02,1.621176885746405602e-02,5.961538255385278456e-02,1.178166788893002803e-01,6.009427777949470813e-03,1.018920276080529375e-01,9.509986956612844280e-03,1.497969642923068639e-02,3.355455902599528695e-02,9.875325188267180393e-03,1.132421368727362133e-02,4.264907981422693187e-03,5.127979510651550082e-03,2.946104508705990697e-03,7.257375432565005453e-03,7.159203073054444706e-03,4.301525470746288965e-02,1.966843922222730190e-02,1.839153545319763272e-02,6.809485011767985041e-02,2.478388295287231938e-02,4.821029417933732353e-02,2.694763715151068245e-02,3.682611606113468661e-02,6.973006959889316292e-02,5.242058885106406357e-02,2.552217520486075100e-02,7.200589877485820411e-02,3.572016422039036437e-02,2.235251738778136141e-02,2.017669586375590851e-02,5.423869040729829144e-02,6.821238551217397028e-02,1.398596131648895402e-01,1.451194125129909862e-01,2.276401074627578958e-01,1.531233002932051168e-01,1.827861135598699283e-01,3.159497627498759065e-01,2.638105360181598469e-01,3.500730862791681663e-01,2.107692075739780180e-01,1.305040029586058692e-01,6.590922828715936599e-02,7.336914034659336448e-02,9.821666112594243381e-02
1.664371556686553011e-01,6.692305787923272797e-01,0.000000000000000000e+00,3.941722354310445708e-01,5.119361214397839532e-01,2.718834593250499254e-01,3.360985639047171514e-01,4.763050453000476359e-01,3.290596956961528430e-01,5.943901674934122248e-01,3.443260023856061225e-01,3.115236199995508048e-01,3.523678930106170504e-01,5.271538533980139052e-01,3.492738721927821643e-01,2.051946140509032235e-01,5.332866452208948616e-01,3.678057206643007282e-01,2.230911307511213582e-01,1.893641552000809580e-01,6.285387421016341847e-01,3.227259132835293420e-01,2.167345595100915734e-01,2.407858901997967094e-01,2.747865515009940696e-01,2.568801527117219874e-01,1.938621137718026244e-01,3.656073681978303513e-01,1.543653307180079814e-01,2.602266678006416312e-01,1.528099584130004907e-01,4.106915237191966495e-01,1.637969076596663964e-01,1.179766899322524654e-01,9.819967851267941139e-02,5.147994206381322629e-02,1.806985162431451741e-01,6.975653820333503619e-02,2.233386300288174031e-01,3.341219251376032623e-02,1.821459020383073973e-02,2.217673642914829713e-01,5.466107479928114521e-02,1.066487142339325456e-01,8.893610325021650276e-02,4.252104343475495707e-01,1.055623597808132003e-01,2.606619720326978085e-01,2.309190913867762707e-01,2.274395686988016085e-01,2.380058902124292108e-01,2.020825103766905051e-01,2.617952038062306142e-01,1.449510992990014624e-01,4.803037399011527708e-01,1.533598714976691646e-01,2.319123064888531094e-01,1.648432868706236898e-01,4.776911421582317185e-01,1.531698604522566398e-01,1.760169808309197392e-01,4.175344856178064279e-01,2.250560801784993736e-01,1.973741644494879655e-01,1.519664882255972183e-01,1.601344268169130058e-01,7.193383345169930554e-02,1.816380091529664065e-01,3.100199979003747108e-01,2.561535641995316137e-01,3.081147477779272448e-01,2.042138751518850215e-01,5.774107067501121904e-01,2.109059153539172005e-01,3.796432330234091324e-01,2.957532583822870542e-01,4.355636136485290244e-01,2.769137565608767448e-01,3.218859213594907898e-01,5.536834815945265165e-01,2.493365769200265036e-01,3.737976166854332649e-01,2.665492616822500715e-01,5.283409313477626101e-01,1.947159881259388492e-01,3.499205157002353572e-01,2.990856990436571716e-01,2.506086343669406968e-01,2.554189563056269430e-01,1.894032226728425972e-01,4.535933154288523950e-01,1.231405034770771539e-01,1.828298579822180137e-01,4.243574654227924570e-02,3.542391872841160055e-02,6.270107941620063630e-02,2.223633570110784829e-02,5.917523866454404285e-02,1.675783635568441760e-02,1.800622602751309614e-02,5.873228195322728780e-03,1.002414909583953205e-02,7.085744116680290153e-03,3.337101998158935150e-03,7.664360322976567635e-03,3.657790888870009888e-03,6.231133207917017615e-03,3.457660539315781691e-03,7.556398617335455953e-03,8.440929984232467889e-03,6.366208519916701641e-03,3.436887134921526657e-03,1.342009569446649640e-02,2.399946101462776052e-02,5.630428951767490163e-03,1.685340355628349440e-02,6.848595040528292210e-02,2.262032227485569896e-02,7.277540100667273526e-02,4.689358342144687303e-02,7.399308728043873726e-03,4.616540777840918292e-02,7.130086339389737557e-03,1.023330071300043304e-01,1.156545770893768477e-01,2.687588423528343151e-01,2.256138310738350916e-01,3.540893208109512913e-01,1.344118870584330994e-01,1.094847981591609426e-01,2.622627236202119128e-01,1.574609465675069764e-01,1.579823185191172319e-01,1.383147282668837075e-01,2.964442159936236248e-02,2.076673362881047841e-02,7.417883490303434253e-03,6.060376285085039560e-02,1.738266811725836664e-02
1.464283865928823203e-01,3.765895393499986143e-01,3.941722354310445708e-01,0.000000000000000000e+00,6.474127294924117981e-01,6.727520053489501883e-01,4.669680438205880968e-01,5.082778611700496940e-01,4.893025420292141936e-01,4.791214846436065433e-01,6.298622099751395309e-01,4.154383583148582026e-01,2.697314112843108846e-01,4.108001320821833557e-01,5.116802914202515096e-01,2.238249400540154865e-01,1.936090297847899155e-01,4.129779360566619983e-01,2.260947781177717608e-01,3.099203497842211164e-01,3.425808845356481114e-01,3.948523710261612196e-01,1.819707262347244059e-01,2.500732078094169974e-01,1.917612627202218423e-01,1.965428520557128689e-01,1.524894487752118943e-01,1.502674137526258114e-01,3.304717159006908545e-01,1.729254996481360829e-01,4.153814963270049954e-02,2.181326646375967293e-01,2.065526918164276027e-01,7.326293047120766011e-02,2.041791271106007111e-01,6.072538425783158278e-02,1.088771947857424538e-01,4.352894865132594937e-02,4.197336489279107630e-02,3.877875185392319624e-02,5.326751356072271376e-02,5.525807364600398425e-02,1.021371443007936530e-01,2.280257464412181467e-01,9.748258784570087987e-02,1.704330005295578987e-01,7.808067055326746442e-02,6.983325352077740522e-02,4.622233524249412528e-02,2.407305970635114367e-01,1.909428416558036634e-01,8.841273119004310066e-02,1.486316813951150673e-01,2.813849481873529901e-01,1.470523767155069161e-01,5.501166274995296368e-02,2.219460592879732852e-01,1.095120417645484845e-01,1.743999495584920845e-01,3.554789455824863137e-02,2.989476124420820113e-01,1.073660748607597193e-01,1.603259612254886446e-01,1.215958765233879774e-01,3.204070416592474935e-01,6.867380119484550738e-02,1.547512738057319759e-01,1.205452966700336359e-01,1.779555270997006944e-01,3.497268074790615966e-01,2.834995253914795454e-01,4.867232387146138706e-01,2.266591686995436672e-01,3.915357239710088311e-01,3.159194048680646905e-01,4.729215942721738397e-01,3.534509215800617499e-01,3.942079441835796283e-01,4.319005313742296792e-01,2.622350093918882075e-01,5.031200168102579751e-01,2.890725384271406462e-01,4.629836475505641480e-01,2.742510589681447786e-01,3.113170258640936550e-01,2.571104273583137978e-01,2.307027117663931759e-01,2.092238360009899822e-01,1.164156375541367389e-01,3.934259428937294523e-01,1.156224173770857150e-01,2.345559259552026099e-01,2.558894795550043511e-01,1.373138185048966842e-01,2.110426499987191340e-01,1.466154115667958613e-01,1.145462412418207093e-01,2.103820319162932051e-01,3.424978649228094252e-02,1.604304355550176253e-01,9.322630478413462818e-02,3.599579379528598799e-02,1.856158078307106052e-02,3.956646225723952498e-02,5.579926771418864534e-02,3.556816878046178965e-02,5.329174265972068392e-02,4.841987727943378172e-02,3.705224432364351977e-02,3.805120961011938807e-02,3.447794484693306877e-03,1.519027870047705156e-03,9.766919963222894449e-03,6.541367949899796162e-03,9.037420832348824762e-02,3.314375674716180803e-02,2.522052449536713037e-02,1.235182203604132112e-01,2.480071847261014484e-02,3.456436902699334263e-02,1.252994764645493364e-01,1.223821256941917401e-01,4.566586258437566048e-02,1.805763540278953472e-01,2.133232142840728873e-01,2.071261068545292849e-01,1.669814643504236584e-01,7.507426207667472484e-02,2.101079479454552312e-01,3.357415256808017334e-01,1.757699235595976406e-01,1.618097836704529280e-01,1.263193883912588911e-01,5.847613318081453654e-02,2.444483813655539406e-01,1.205478775939709257e-01,1.763811891870325776e-01,1.400295897547503832e-01,9.104914854424256410e-02
2.647968823978499309e-01,1.918605299823785970e-01,5.119361214397839532e-01,6.474127294924117981e-01,0.000000000000000000e+00,5.612937444887292626e-01,6.183522523902381662e-01,4.165611624319499051e-01,5.413178341719862008e-01,4.064016711518751435e-01,3.837237606321375893e-01,6.796471888506766534e-01,5.054910921370429078e-01,2.456739089799826747e-01,3.715801882417408830e-01,6.667576781431836519e-01,4.583395792465703167e-01,2.475595111487414735e-01,4.707872102136264614e-01,3.427086201748781313e-01,3.949271956638917835e-01,2.948631910238400655e-01,5.629547189597968737e-01,3.138793017083858494e-01,3.046558774899705280e-01,2.143117439556170845e-01,3.276911762360150138e-01,3.499642719098226551e-01,1.551988434540909068e-01,3.328469760902842967e-01,2.451126355165752224e-01,2.170297315909587577e-01,6.742949019612230754e-02,3.601187893581213606e-01,3.207845332956871243e-02,3.232395142177067471e-01,6.264817333635409879e-02,4.694058724738509741e-02,1.624168005771288725e-01,9.767458815790923399e-02,1.598681553753495410e-01,2.102030105395698012e-01,7.051218968311000201e-02,1.128056462590565495e-01,2.532353634009987808e-01,2.461322812283783801e-01,2.609894080950246331e-01,1.747366021617282050e-01,3.288570271763366359e-01,7.734377209208331827e-02,2.990365956666301561e-01,2.093521547056363397e-01,3.579062712078064368e-01,1.237939216715987639e-01,3.046665489850139963e-01,3.002331778643574367e-01,2.003826189274822422e-01,2.873503080559655087e-01,2.358068410929425041e-01,3.548925945526328896e-01,1.106492905378978348e-01,3.745497049017391666e-01,2.057154119516959312e-01,3.689367051558875565e-01,1.473340635345081195e-01,6.139828865545701730e-02,2.575171010599970889e-01,1.888494839503753742e-01,3.356042770625096705e-01,2.580786530066134232e-01,4.609687169726450762e-01,2.425767822686030473e-01,4.380164413292094161e-01,3.733082813322086690e-01,5.271749508510723548e-01,3.356360166785390953e-01,3.337061827940886460e-01,4.850453893263753646e-01,3.321842314234743077e-01,4.929874527470104462e-01,3.011212665117748988e-01,6.447416288691574238e-01,3.281347585463904037e-01,3.705630368676919306e-01,3.163948933499090010e-01,3.303770565464202447e-01,2.249000120370003852e-01,2.844722366344803466e-01,5.302104960851918847e-01,1.695991212962073280e-01,2.259395789156786183e-01,2.018541343136753263e-01,9.222372413669502333e-02,4.175375527294591244e-02,4.606728698630772195e-02,1.042387048176233490e-02,3.405615010848097451e-02,8.625094979076713964e-02,1.748346059385589776e-02,3.188952626752544761e-02,6.597238671115506978e-03,2.502470928707280218e-02,7.115819395775987294e-03,6.909796665338004476e-03,2.007519658685034264e-02,1.709053664186180321e-02,2.036274449440766271e-02,4.634395778200654098e-02,1.714457660472560804e-02,7.349598830357249868e-02,4.784101767828293633e-02,5.232614623624552014e-02,6.071122688277560270e-02,1.131633961271931790e-02,3.972861506683039549e-03,8.225997761024310059e-03,1.666827879676767779e-02,3.810032738046318593e-03,5.193734369568865292e-03,3.532815968420076336e-02,2.360434174498145590e-02,4.909826145747372972e-02,1.891551152501927055e-02,2.924655624898423595e-02,3.284158528373495867e-02,1.218724023695575143e-01,2.418224389022617382e-01,1.340712135744369926e-01,2.656352849137836869e-01,1.628445051134452537e-01,4.745135219093837842e-01,3.062103866399978336e-01,2.375809338928728531e-01,2.645508267620340637e-01,8.230981917502550038e-02,9.934418776864940848e-02,2.822356227320802283e-02,5.337885755963905215e-02,6.185751546515913524e-02
2.060097370909873826e-01,1.653067712017630697e-01,2.718834593250499254e-01,6.727520053489501883e-01,5.612937444887292626e-01,0.000000000000000000e+00,7.304868948609900547e-01,6.304200053785944391e-01,4.535454504276985599e-01,6.358693816787991393e-01,4.663007225114646492e-01,4.601384047485431728e-01,5.509412037604280998e-01,2.819584173460925602e-01,4.260998962360102449e-01,2.912529133582332230e-01,6.061226358125795244e-01,3.006347856399958496e-01,3.735546173807325898e-01,3.827182838816464705e-01,3.133282402177235415e-01,4.038188909537224758e-01,3.181986911536613394e-01,3.713958063539040677e-01,2.510137164132640875e-01,3.814792400114468407e-01,2.332255212329706617e-01,2.466071766882911576e-01,2.723494421640738627e-01,1.970450692119017633e-01,1.841780654948837193e-01,2.437040030592081408e-01,2.273986369509629624e-01,4.696030122466452600e-02,3.993251900025401174e-02,4.502471654431158821e-02,1.832349136280181923e-01,6.562649498378197999e-02,1.183243153349948923e-01,2.828069313378284502e-02,4.096044013869205858e-02,7.319831855371600193e-02,1.666908708043036702e-01,6.265990652651716453e-02,5.636646157362696502e-02,1.866873604754001881e-01,2.028653348655261590e-01,1.336090823462309229e-01,7.430685092568956041e-02,3.499799792841949420e-01,1.542571171110627137e-01,2.967715805069708890e-01,1.218841519144145680e-01,2.672393488579942189e-01,2.290691412100373525e-01,2.227895203645777755e-01,2.979380781414652235e-01,1.854976169575197897e-01,3.420110803026569779e-01,1.393430371536363288e-01,4.488936351037385863e-01,1.523185905287377795e-01,4.092545667090113914e-01,2.059830547079307683e-01,2.717778180963806300e-01,3.927395347788435048e-02,4.229377321401640161e-02,1.895962304665374520e-01,1.622082251951002807e-01,4.989271899615120298e-01,2.217337333974159497e-01,3.451930243083060068e-01,3.861458660617538841e-01,4.415139863883909555e-01,3.309927892347291345e-01,3.374716094592060678e-01,5.779741886317582011e-01,2.948384396557423015e-01,4.792786472970789746e-01,2.740200122437324026e-01,4.704553040038906286e-01,2.991794370301486539e-01,3.665941097860161424e-01,3.290770081973964922e-01,2.441102215005872267e-01,3.306327043955360478e-01,1.813511545153770610e-01,4.988141842092381761e-01,1.554706331275640396e-01,2.320576197320180778e-01,2.129005187788012288e-01,3.144923621345878106e-01,1.939857911619896347e-01,5.866250918147662696e-02,9.055028255870005427e-02,9.021831290576247386e-02,2.530662661191372675e-02,7.961952715514140910e-02,6.683523117207886000e-02,9.117375327073430624e-02,5.018755823950660222e-02,9.653794507577459494e-02,1.764178368338617520e-02,8.011295963455677960e-02,2.617764778624852295e-02,4.659586291197005160e-03,6.951201925397867444e-03,8.236966609221815436e-03,1.289109005028835769e-02,5.267319235314588816e-02,1.559601778572662287e-02,2.339061632870655452e-02,1.041523648947707270e-01,4.967414107938181861e-02,8.169438668075382215e-02,5.563020913806369927e-02,1.208901062720662972e-01,1.374516526824409446e-01,4.541348167840700278e-02,4.171006319975486404e-02,9.931979677327713862e-02,2.813788387570181210e-02,4.264513347737383664e-02,4.307226647018960047e-02,1.217130491030180839e-01,2.370341105100393642e-01,2.522363218532503448e-01,2.433094736966348037e-01,2.313165127062196680e-01,2.155475271477237664e-01,1.685736521048925296e-01,1.839749798916051338e-01,1.593292092351054345e-01,1.635572567643411579e-01,1.204307309860392222e-01,2.978406261740927652e-02,8.155552530046748794e-02,5.514935055827128313e-02,1.476753920794428299e-02
5.235835836464466236e-02,2.002066804838091296e-01,3.360985639047171514e-01,4.669680438205880968e-01,6.183522523902381662e-01,7.304868948609900547e-01,0.000000000000000000e+00,4.074454609317410547e-01,5.789064396444280058e-01,5.626724053768312750e-01,5.971287784132234266e-01,4.846909549801970418e-01,2.407979303640742086e-01,5.829976191678660769e-01,4.245665829505485545e-01,4.177935617551405412e-01,3.113653916625694351e-01,5.045143909941955940e-01,3.502889822844188483e-01,2.997578886779866947e-01,2.975480238708544389e-01,2.906446245250439708e-01,3.521410733989503994e-01,1.532370067336564223e-01,4.079324733724511431e-01,2.539762309180820243e-01,2.638228788069643116e-01,1.809926873384580526e-01,2.836951033869806738e-01,1.920086634629392941e-01,9.831725951151915055e-02,4.267033005737888018e-01,1.032697030683931011e-01,7.518794688272779914e-02,1.647560773445742033e-01,1.928127951698504206e-01,6.163397297053476581e-02,1.260979758329185685e-01,2.115984530321545209e-01,5.375091478872123796e-02,3.066224639981232625e-02,1.830449390781154206e-01,1.000886782673677255e-01,2.944877010924016325e-01,1.228902613964137497e-01,1.213664400186194453e-01,1.350262815485199497e-01,2.954937317120240325e-01,1.441350482442438352e-01,1.628352506005588674e-01,4.263460975045984536e-01,1.014638511655052144e-01,1.686234805519559177e-01,2.156096692502035839e-01,3.270821820584271511e-01,9.850599432069453987e-02,1.677730411383667186e-01,2.216211140670322488e-01,1.831290475343205215e-01,1.377005018910728573e-01,2.043622499971141371e-01,3.416850035356995829e-01,1.355415651617440931e-01,1.550807114054649216e-01,2.536459084719524526e-01,1.082507559481450943e-01,2.395032449112045880e-01,1.892244556995426596e-01,4.001815762296342949e-01,2.356459279464234724e-01,5.059179674320747333e-01,2.181635341739297240e-01,3.317997075823796438e-01,2.830549232432721940e-01,3.954844759093365525e-01,5.126179763744042051e-01,3.087981825694863791e-01,5.134164925719733041e-01,3.307494163767683015e-01,4.656537962564311628e-01,3.396908611389900523e-01,4.567911107434307061e-01,3.157645290962275419e-01,1.993538136834536456e-01,3.592161814628528904e-01,2.523540147144973100e-01,4.301468741709861265e-01,1.799170950244875777e-01,3.711885002867902905e-01,1.555862799730901302e-01,2.486945431191041611e-01,1.202905218893180334e-01,2.838696327052432980e-02,4.768361828268628116e-02,4.810850341247025624e-02,1.803362538112388003e-02,9.675283779472272638e-02,4.674194591173150976e-02,1.312760272250427379e-02,5.894125184822687769e-02,3.906359457878548491e-02,1.350817901320609284e-02,8.311637832350520297e-03,7.076926446057439125e-03,8.741624453620719035e-03,1.274582952426816206e-02,2.300831886494334247e-02,9.689041821957971104e-03,1.220977059676653202e-02,1.350691061204222811e-02,7.559245413878776763e-03,2.886046287432275648e-03,7.999367369941457959e-03,1.572387092038926223e-02,2.823897109909501851e-02,2.204780775986222782e-02,1.595382636124528103e-02,2.209021350095038624e-02,1.754935912807558188e-02,1.098792462652341609e-02,4.856188794993399060e-02,7.967294697718468877e-02,2.100005990622379193e-02,1.719522989621805886e-01,1.376157150297664389e-01,3.381429065548496871e-01,2.463194165268986491e-01,2.425049670516176703e-01,2.043870347771455098e-01,1.479126872336928300e-01,3.385137565946198523e-01,1.557784612512291000e-01,2.728880685109961735e-01,1.122717601421511779e-01,1.715300866760088583e-01,1.049703151005797752e-01,8.377279068110769777e-02,1.416081718915372101e-01,1.012221501218124320e-01
2.068968268874692429e-01,2.051701267918045191e-01,4.763050453000476359e-01,5.082778611700496940e-01,4.165611624319499051e-01,6.304200053785944391e-01,4.074454609317410547e-01,0.000000000000000000e+00,4.183438094659475137e-01,6.559856080458169592e-01,4.885503361134390654e-01,5.914208583847730960e-01,4.723860216664625966e-01,4.709380507231167856e-01,5.582510253705036396e-01,3.763776285527420384e-01,4.467853502026108981e-01,2.960708259406431564e-01,5.977179108737182833e-01,2.467886902225756018e-01,3.781046326337620389e-01,3.389330253240877000e-01,3.222557194981069961e-01,3.270337454120185172e-01,1.822719831617953812e-01,5.500692438930191441e-01,1.905666482773654691e-01,2.799501079367268663e-01,1.802225195551371839e-01,4.061727029641922782e-01,5.379048104054701129e-02,2.274255658956496617e-01,2.211246817306462276e-01,1.604732495454046504e-01,1.717216658487457914e-01,6.775726245820881677e-02,1.938423336737652714e-01,2.217447486027878528e-02,1.228603126919412397e-01,1.041712620857891958e-01,1.015828178670437065e-01,9.450555967398058255e-02,4.601262450999338283e-02,1.081874414302950727e-01,1.542990926026054088e-01,2.467758217463935921e-01,6.250897202903522853e-02,1.479246373046046725e-01,2.135784296260720971e-01,2.059533963778253096e-01,1.456148031082374894e-01,1.790201300639378268e-01,4.252676639772826062e-01,1.497951623671193166e-01,2.369699787384344503e-01,1.331248006754069957e-01,4.593168030375575084e-01,1.058594977750047655e-01,3.148141246301553453e-01,2.548966620363950497e-01,2.982437785126999530e-01,1.807394737506047844e-01,2.277640023811390302e-01,4.101008887562015981e-01,1.745003993902444483e-01,1.681726383369604172e-01,1.449855103407228230e-01,3.563840632938324871e-01,2.495622498727662064e-01,4.178989476082233256e-01,2.234058495483398354e-01,4.452181253755017609e-01,3.541728835455925650e-01,3.217660409320434733e-01,5.357442945217063546e-01,3.098327591040445084e-01,5.228512716930641124e-01,3.351800617496373258e-01,6.350900077741749028e-01,3.957290342122063986e-01,4.515412481096859332e-01,3.927601355600618405e-01,3.614471918697292896e-01,4.509536023552362938e-01,2.195585197726772353e-01,5.199021412593456404e-01,2.030843067389087042e-01,3.861643356201437949e-01,2.171810952247634485e-01,3.919246976731508014e-01,2.700320196823405849e-01,2.218246297849180981e-01,3.417911294415137413e-01,1.471634311732388234e-01,1.798378333030694609e-01,1.275875692530588634e-01,4.398020053194991175e-02,1.854723931784084956e-01,2.399747285548617728e-02,7.938141475517868084e-02,1.872903021611039415e-02,2.345090163106061318e-02,2.039318867053159772e-03,1.899768806141277633e-02,1.716241573552727481e-02,2.230033160648714138e-02,2.555395727334418277e-02,6.146164404330713843e-02,1.614274753549369695e-02,5.399078699302872070e-02,2.739345452167488842e-02,3.060713203169933977e-02,6.901723537969455674e-03,8.903077052089260549e-03,3.390327508140297819e-02,5.695212843454007870e-03,3.295327265120686494e-02,4.197785478920263574e-02,2.692191527842558579e-02,1.088931085012540337e-02,3.269062191567096570e-02,3.317936278597285321e-02,5.922367814069980779e-02,2.982557452931499167e-02,2.014498889659737946e-01,1.134946004398031671e-01,1.204216220650474872e-01,1.298562304408357737e-01,1.783835833234534707e-01,2.987288775766365756e-01,2.007297639699343328e-01,2.180933278857146995e-01,8.996953209412579533e-02,5.794489806252963587e-02,9.995735154631944785e-02,6.128330373509066620e-02,8.066795549590495551e-02,5.931861991606143109e-02,1.508400504782917567e-02
5.858873903844229875e-02,2.582450914157060629e-01,3.290596956961528430e-01,4.893025420292141936e-01,5.413178341719862008e-01,4.535454504276985599e-01,5.789064396444280058e-01,4.183438094659475137e-01,0.000000000000000000e+00,2.537293044872460102e-01,5.811959742994725620e-01,5.846022820186851376e-01,4.349593734693127933e-01,4.006549379955962054e-01,3.107418526973494965e-01,5.312848629090543007e-01,4.055609379080148957e-01,4.021680120009554771e-01,4.027377987654841562e-01,5.350774138229397181e-01,3.035972614745199860e-01,3.053254507817708130e-01,4.027839004746598395e-01,3.030885417017116779e-01,3.119884389727178298e-01,2.445316776284811311e-01,5.546371199794521978e-01,2.155886375409124811e-01,3.295878097600599133e-01,1.790523203864322621e-01,2.008644686149193004e-01,2.094101937615413522e-01,1.161770008961323236e-01,1.682690271153545192e-01,7.526256453567688187e-02,3.229345014388957380e-01,1.091987578075849091e-01,1.556349242954286304e-02,1.162122665366842333e-01,5.869639087782183018e-02,1.539440106082078097e-01,1.212308091688914652e-01,2.371170308718778541e-01,1.372829435382098284e-01,1.616480120282140498e-01,1.317272319551626436e-01,4.621920152259935133e-01,1.238076345660036603e-01,1.647975321287352413e-01,2.141446216948744985e-01,3.644638703134462365e-01,1.556213913071914368e-01,1.362843528190815778e-01,3.786910194475452407e-01,2.965208671894641324e-01,1.964176330184080888e-01,1.208603687806435872e-01,4.589006490929388171e-01,2.245456696124052132e-01,2.402906186023500701e-01,1.824278688982868823e-01,2.417836754446704151e-01,2.842707264594980243e-01,2.340541452899970731e-01,2.131538023214719635e-01,2.090313687905296092e-01,3.051685078716258048e-01,1.437910017269640461e-01,2.825958057478716867e-01,2.893127258388931700e-01,3.964905688024183417e-01,3.231903964011307306e-01,2.642157751840574775e-01,5.222158609388325434e-01,3.300076132490321612e-01,4.263613371463811919e-01,3.276668706291275268e-01,5.576122173746121957e-01,3.656410603655445568e-01,3.443060963399103835e-01,4.202695824684615777e-01,4.092462344232360993e-01,3.719623710681397855e-01,2.684189266864288603e-01,5.113709633810032962e-01,2.292772580642207791e-01,2.464008024838184319e-01,2.843803845902058702e-01,3.578596231925157967e-01,2.001619061027627711e-01,1.421744394068304995e-01,2.917982722306775578e-01,5.714801906458193831e-02,2.853991756352262585e-02,3.112060608969440673e-02,3.303846757068890083e-02,8.090003366999576340e-02,1.979900896814209416e-02,7.603181777541727360e-02,8.013490766548010680e-02,5.285257226324822921e-02,6.734157992477526888e-02,1.503127912228045988e-02,3.602771428469830201e-02,5.394963379299553587e-03,5.256472590458211719e-03,4.095201859858114100e-03,3.594338621193103340e-03,6.837001867738013057e-03,3.941038420164286876e-02,4.371025981364952406e-02,1.329645243142893105e-02,5.778274017880764835e-02,1.148053917236509930e-02,3.780690103204554370e-02,1.147680358421592460e-02,2.312527665477950509e-02,4.061639492727860123e-02,1.379594694954764701e-02,1.024288312926648244e-02,8.810816914237190600e-02,1.057814904986813936e-01,1.911409888881855645e-02,8.860116131975327713e-02,7.426155573261156162e-02,1.988341584494998648e-01,2.434441445302466533e-01,1.007054012522168723e-01,2.591900831492914836e-01,2.557158965062443778e-01,4.272283098198311202e-01,4.381937865393548126e-01,3.076851331049603733e-01,2.983468297121164570e-01,2.695318426039932658e-01,1.934827675855889384e-01,1.987168419444861611e-01,2.037702959953638371e-01,1.603190816579879996e-01
3.710631664624111647e-01,2.865022778783826163e-01,5.943901674934122248e-01,4.791214846436065433e-01,4.064016711518751435e-01,6.358693816787991393e-01,5.626724053768312750e-01,6.559856080458169592e-01,2.537293044872460102e-01,0.000000000000000000e+00,5.914841185371780830e-01,6.728485367456490396e-01,5.292979106840661752e-01,5.008287449316797257e-01,5.148068927432478681e-01,4.085381049394950503e-01,7.019236704294101736e-01,4.306424558238455269e-01,4.191531618434259920e-01,4.042552003495356039e-01,6.191932364196993666e-01,2.766656090647945931e-01,3.156670898322089247e-01,5.328143762385195714e-01,2.591346295179179360e-01,3.601318376973099977e-01,2.627195468824188307e-01,5.702071737373816118e-01,2.437696419150947313e-01,3.910642096863524153e-01,9.900754791388113873e-02,3.223417480400760926e-01,2.230877012507107848e-01,1.780647529555313968e-01,1.231324038760704259e-01,5.769876156858327193e-02,1.450010789467035821e-01,7.770700684756810805e-02,2.240964880925124525e-01,3.381372774618452565e-02,6.050890339508406546e-02,2.794649623612165956e-01,1.155833381398675419e-01,6.016895759217228551e-02,1.855449153466214030e-01,5.382654278157396055e-01,1.701383076825906115e-01,3.049538372033716027e-01,2.266277021417445470e-01,3.508246259231834752e-01,1.615194169670248758e-01,2.843850421875532275e-01,3.377482779631490462e-01,2.237815894164925934e-01,4.033791552670502045e-01,1.953503002580211367e-01,4.020130893941544215e-01,1.935971001007119607e-01,5.266750685156807998e-01,2.752729507573317691e-01,2.838133278092073719e-01,2.876979913651697141e-01,2.642959189434331280e-01,3.132371466336881238e-01,1.509317508656417284e-01,1.912172558148401702e-01,8.184838208339878518e-02,1.877164659021678672e-01,3.324549640957658592e-01,4.105236011512350403e-01,2.701514093612413236e-01,3.368780274425493548e-01,6.173880776827177508e-01,2.769821084394311073e-01,5.168737196189805427e-01,2.759449160905934617e-01,4.720582193843524954e-01,3.334770672277980186e-01,4.930317319124256081e-01,4.804905976120560362e-01,3.653499075449018751e-01,4.516196477575493695e-01,3.425280040480708221e-01,6.222869259184010682e-01,2.389666123171491907e-01,4.688701667380004712e-01,2.318196189762156134e-01,3.175449767388237032e-01,2.893075738642951755e-01,1.972487338130259338e-01,4.647495469629077114e-01,1.574189871318520950e-01,1.840243893255646690e-01,9.967657337063202949e-02,6.134248467444407965e-02,9.429593054787588358e-02,1.295502091390408894e-02,4.680243236899903764e-02,1.114353630477782180e-02,3.441645182167904493e-02,4.913961112153229782e-02,1.947074800585122528e-02,1.148219328564202557e-02,2.248163281105962710e-02,4.993615807996851924e-02,2.021327987551855762e-02,6.997705093003454661e-03,2.133890690118688677e-02,2.709930950875162961e-02,8.800700817109587950e-04,3.839279238336439255e-03,2.804063345420375331e-03,1.957449564315500573e-02,3.190830598543956120e-02,1.124008948609294019e-02,4.445169023996562579e-02,5.107491383937966256e-02,8.939880641579094067e-02,8.194761119541077443e-02,1.716631913919802396e-02,7.470500312288516631e-02,5.653312322803176297e-03,3.343835482449396962e-02,3.276527365345257431e-02,2.510029369226708384e-01,1.967042952475668016e-01,1.740022957928725189e-01,2.280759447768101744e-01,1.141482587034587798e-01,1.474795727531656719e-01,2.395545645464243756e-01,1.742692218857825048e-01,1.630172756807246326e-01,1.197084817563833642e-01,4.126374060038204977e-02,1.920280074921388094e-02,2.964927599549346815e-02,6.650458042550198845e-02,1.876722658505591140e-03
2.164149621166318663e-02,1.378528257900166476e-01,3.443260023856061225e-01,6.298622099751395309e-01,3.837237606321375893e-01,4.663007225114646492e-01,5.971287784132234266e-01,4.885503361134390654e-01,5.811959742994725620e-01,5.914841185371780830e-01,0.000000000000000000e+00,3.361626592960091919e-01,3.326154066914435714e-01,5.263675763726890500e-01,4.557184308623928315e-01,2.856436688902272425e-01,3.330542799612452032e-01,5.998214207589420699e-01,3.887128245415485406e-01,2.731173323171244838e-01,4.229687361562962100e-01,5.177790535974705621e-01,2.385778322612843172e-01,1.884905612007093390e-01,4.433763375491645564e-01,3.135362360467751630e-01,1.782947128206358312e-01,1.871992612901700326e-01,4.868404650741977036e-01,2.251058244266797848e-01,6.040280232954177431e-02,1.823384492626914377e-01,1.455254918321730040e-01,7.523128303318571408e-02,2.265397531021375588e-01,9.841949094683026533e-02,1.427882527793595535e-01,4.907305474952262936e-02,9.353887886662180795e-02,6.431330764334511341e-02,2.205612744300901318e-02,1.305740257328010245e-01,7.167858366444512797e-02,2.806026889430693338e-01,3.341401864975476754e-02,1.678124320449021489e-01,1.366178711689470526e-01,1.604426634128054141e-01,7.032526652488389762e-02,1.873408536836187466e-01,2.062159847169892923e-01,1.150906917971647181e-01,1.304587061687120797e-01,2.079504784547883678e-01,1.997005422683791054e-01,8.074160977670671868e-02,2.034298445045534531e-01,1.733679892735116024e-01,1.856377096829424367e-01,7.724309092244403818e-02,3.248331483136931985e-01,2.422264433711440179e-01,1.563975395767831233e-01,1.233631721973477008e-01,4.704348108880304635e-01,1.190715357760153970e-01,1.970426619893187181e-01,1.474635907249691735e-01,3.049041022567808845e-01,3.107068475278882413e-01,3.069798371386778246e-01,4.671095636661220518e-01,2.500991683932139442e-01,4.803570017761631950e-01,2.903997410561465764e-01,4.213977550009025963e-01,3.758332443246622523e-01,4.985863261303542515e-01,3.630810901837397964e-01,3.034299001572813848e-01,4.499926659450060873e-01,3.421607962457959284e-01,5.627466868601970207e-01,2.661139993913811952e-01,3.420701703511576652e-01,2.599706820691978781e-01,2.623626487200599877e-01,2.359412481147435126e-01,1.925544160701723739e-01,3.541841822468928536e-01,1.460228991579168578e-01,3.520181111417480246e-01,1.876170859462120699e-01,5.620786676050354425e-02,1.442931500789266241e-01,8.319155232446802384e-02,7.937966197312523731e-02,1.443593649708163340e-01,6.792896987852023449e-02,1.029743416398427452e-01,3.595637727162141750e-02,5.846409698496950885e-02,1.054142227453189889e-02,3.904670343394939930e-02,6.345618337369399696e-03,1.354168169767992411e-02,4.362374282262275645e-03,1.629643054665354772e-03,8.415456058884768567e-03,4.288000780357843593e-03,3.653898151528610014e-03,3.341680222910477921e-03,1.950486186322894153e-02,5.881857944731195068e-03,1.019432595908254247e-01,7.962358370721142262e-03,5.415830572197658649e-02,5.220656683331848652e-02,9.436370824645143318e-03,3.339137539428475854e-02,3.451477635552258061e-02,9.056042440644246350e-02,2.892198923434313035e-02,1.235900529197635767e-01,9.760018258448993622e-02,1.943013747134601787e-01,1.982300747340469682e-01,5.910885874892476272e-02,2.130650441894525737e-01,2.824886723150728529e-01,1.463694750279258827e-01,7.288039218985356560e-02,1.357777520181074893e-01,7.684961874582477148e-02,2.297465748324244716e-01,6.088080191550557935e-02,1.226181692963607406e-01,1.202067662080491539e-01,5.597664345246866624e-02
