0.000000000000000000e+00,7.491933941472359026e-02,8.006885064507164584e-02,9.147705951453337370e-02,1.089379319316244876e-01,3.291438653350441113e-02,2.970702568936799126e-02,6.705891284401065133e-02,1.030775864634861719e-02,1.111807032198289802e-01,7.748191033450040066e-02,2.576229360802216942e-02,6.141905806685955121e-02,5.296554599503312116e-02,2.092011972923947180e-02,1.290524038090277159e-01,3.050264347703275300e-02,6.374828323055621582e-02,2.303761324541125227e-02,2.012354041077932601e-02,3.760766288191308426e-02,3.614987799791368611e-02,2.051812287604116991e-02,1.800474639836560642e-02,1.279723984822184494e-03,6.433995664794518558e-03,1.999812516066451495e-02,4.427331303316581548e-03,6.817718536238307619e-03,1.789894846088053298e-02,2.153929467270200571e-02,4.151682752172130425e-03,1.075557271687245346e-02,2.443904286644248830e-02,3.787441353453917074e-03,4.266190742494267892e-03,6.234692538439247367e-02,1.642553939711121139e-02,2.539336085897563045e-02,2.283708585337088440e-02,2.244874448995519411e-02,3.712836139781849204e-02,2.011260486722625876e-02,4.570653602199936660e-02,4.340566457618258954e-03,7.903395836601835589e-02,1.629539166240916992e-01,2.261183856103715639e-02,6.000358065544886266e-02,5.312474277475821155e-02,1.205926339202265801e-02,4.168988580255297838e-02,8.411863277691774415e-03,6.148248464961239557e-02,1.181338941830996775e-01,1.899506385361288477e-02,7.394818671222271045e-02,5.888276925643824711e-02,1.911619821064009309e-02,3.566747371583812304e-02,1.035391697801910371e-01,4.463396346438166379e-02,8.152769727755861118e-02,4.032085121663118998e-02,6.993569882955621986e-02,2.244996689705912665e-02,1.369355129477771958e-02,3.712692361053891027e-02,1.958037768487669306e-02,3.646878255333734289e-03,6.459403446872659382e-03,9.226798418391763540e-03,7.542463180025203197e-03,1.626154007743241953e-02,5.366704230455337024e-03,4.538646022730206953e-03,4.878476996667743641e-03,1.632364300894376119e-02,7.413231930531391685e-03,1.486872699742527136e-02,7.213835825635189596e-03,1.101873923788631790e-02,2.489790415985325411e-02,6.795006016172768122e-03,1.095522106262063547e-02,3.586451903553427439e-02,6.537648947228931473e-02,7.793147082371704171e-02,2.386059242997373014e-02,5.581768618077412314e-02,7.723039787809118928e-02,6.854594196521569816e-02,1.014870122871215224e-01,4.488329529435115817e-02,1.070273360064965540e-01,2.851987716253943234e-02,5.010812335525835493e-02,7.206548239280242962e-02,2.081878597986487264e-02,5.568892887000150699e-02,5.698821177282789585e-02,3.307554370599734370e-03,4.623482457006737080e-03,6.542674128283426475e-03,1.133647211264084652e-02,2.181642683951028061e-02,3.756456721205821830e-02,1.800696472796940338e-03,1.193619657087903810e-02,1.848148144569765686e-02,4.539307975156402220e-02,4.558508876730094084e-03,1.092774677521104456e-03,4.420331195825636522e-02,4.864474738978587232e-03,8.282035871796997531e-03,5.435477135656154035e-03,8.639457059164591321e-03,3.385598455686904956e-02,2.600393320863757934e-02,2.701645711214476983e-02,1.957965588589152123e-02,1.138480970785249319e-01,3.264029564979336467e-02,3.032128976439463774e-01,8.715077860773490226e-02,7.934838767239185686e-02,3.582112131712556491e-01,1.854686758833764271e-01,1.718171380423124950e-01,6.586931340036812632e-02,8.353207391146683092e-02,3.663303003610967473e-02,1.368389287267243043e-02,7.436647492303903595e-02,2.091050349796584260e-02,6.517894747063772420e-02,1.482950014939469173e-02,7.594737306226416462e-03
7.491933941472359026e-02,0.000000000000000000e+00,1.871377541718378112e-01,1.428641123817790404e-01,9.856665877271839071e-02,4.750305317999650723e-02,1.019390988252479868e-01,1.141251326327077653e-01,4.687586577642095798e-02,1.215694125057216468e-01,6.890885499593768504e-02,1.227975865052729348e-01,8.853757706641986192e-02,5.918200815993437947e-02,9.617511097077983961e-02,3.283224396774707399e-02,1.258686442713362885e-01,6.402703071167555049e-02,8.112079300770821955e-02,7.682307718600986379e-02,7.403686753563334944e-02,9.041047848326115924e-03,5.858661102086105271e-02,6.727155494156672466e-02,1.398018126681042222e-02,1.252762671481390776e-02,2.807999362930412111e-03,8.890316740577209470e-03,1.503570811888933420e-02,1.493223859090058239e-02,3.688562605630663765e-02,1.010038037822113752e-02,1.860803058563206130e-02,4.964585880211407759e-02,9.793207640408774575e-03,1.322649030578413112e-02,3.350754042306781921e-02,4.708451556347723055e-02,1.748237205260393112e-02,5.232989818523318959e-02,1.429787392755168217e-02,5.395834579437534112e-02,2.379744087271350519e-02,1.851286291901512934e-02,1.028104184588170440e-02,9.407911507011312846e-02,7.715617515855606456e-02,4.641992445947335649e-02,4.239777062406886038e-02,6.515037764320887048e-02,3.650548562564770450e-02,3.007120287794648114e-02,4.480182449778390141e-02,9.863202898539678853e-02,7.542928485575259301e-02,8.944440240812996656e-02,3.866181049431376138e-02,4.720721087587005649e-02,3.842700017035456661e-02,8.954583708268021303e-02,1.306824804575917043e-01,6.858539931238671894e-02,4.581464755754536405e-02,8.843739244102599706e-02,1.549156679714338951e-02,9.979955655511300178e-03,2.479559668448977350e-02,9.441791784525891892e-03,1.954008953386403638e-02,1.651930722491274164e-02,1.080671046088564451e-02,2.978937717375964092e-02,3.425163235869879350e-03,6.916649261031636818e-03,6.116466744337707880e-03,5.914557314833804834e-03,8.050709518075868307e-03,3.773368310039063034e-02,2.227244080482373642e-02,1.921871590093017848e-02,9.171248737625578573e-03,3.600858550913903222e-02,4.347504356556563219e-03,3.817894997237105022e-03,9.885596062599732656e-03,6.362376593261888369e-02,1.186419244096506148e-01,7.111958892811461042e-02,6.754591723410197091e-02,1.743344548342414813e-01,9.860024483638434034e-02,1.585338364814820322e-01,6.637116339772061724e-02,6.416506643979294489e-02,1.016467452353328194e-01,5.242134963913420292e-02,3.440610246959123486e-02,1.661814828891407594e-02,3.567533081419963555e-03,5.465562580498814146e-03,2.660437722501216365e-02,3.470349441214850856e-03,5.481306266749911421e-02,2.352654320907769311e-02,4.429430779770385934e-02,3.453452638984967626e-02,2.748543778388193304e-02,4.067094915738435866e-03,3.926200719439003339e-02,4.520883729825340633e-03,4.850109883458523369e-03,1.114569933777741044e-02,1.003618725885553793e-02,5.404639110845797095e-03,7.707555385119664593e-02,2.933628508366441928e-02,1.855379609215813269e-02,1.213019328692410692e-01,4.406781777556102037e-02,8.534130387727471845e-02,6.942520861771922513e-02,4.867623705772362863e-02,1.995701218231379637e-01,1.142701819084917386e-01,3.187164046202130563e-01,1.470310615502362916e-01,3.077654297169799547e-01,3.036266815413254383e-01,1.831926431036089986e-01,2.288156357752109682e-01,1.141234515232504715e-01,8.224203480672882816e-02,9.099229983200624039e-02,3.941650864953855082e-02,8.076994096951271851e-02,3.500941472734239723e-02,3.961218319254067310e-02,5.991601361252778257e-02,5.615446220269680599e-03
8.006885064507164584e-02,1.871377541718378112e-01,0.000000000000000000e+00,9.006879672151330007e-02,2.657845112024393996e-01,1.229722797888721242e-01,1.110633919085112914e-01,8.506145547948426588e-02,8.519329478878355510e-02,7.147848517628133114e-02,3.844240401881914015e-02,1.248111779654542328e-02,6.470790728268875636e-02,1.333598542236975049e-01,1.941881426369968522e-01,6.359192192458634763e-02,1.840651003177632694e-01,6.818498316010374038e-02,1.201580870528527328e-01,7.904048853723028012e-02,2.681203436105850102e-02,1.522881163162801213e-02,8.375151799888314041e-02,5.603025944366229333e-02,1.419976734455779578e-02,3.154247749571961572e-03,1.356283988411785546e-02,2.614283066430487384e-02,6.155112938481779872e-02,1.209814245054201438e-02,1.071038219067254639e-02,3.409465386679660232e-02,2.059576119669517466e-02,1.237931595383840871e-01,1.503563451782675107e-02,9.820020900633748620e-03,1.398290670242900158e-01,1.848930938060515394e-02,2.539270393182719091e-02,9.978642021132962114e-02,4.888187762013008336e-02,1.395403054976096791e-01,2.194214177958279388e-01,3.483153064377015468e-02,1.582586259841432252e-01,1.559130431856618204e-01,9.469323948773009092e-02,7.580929639095003447e-02,6.221998848431447432e-02,1.943611025344213136e-02,5.631553359127365599e-02,3.020019444532371852e-02,7.823769876299922765e-02,7.434334156084643208e-02,1.808484926950771066e-01,4.312976308804357395e-02,2.583358737522764223e-02,6.385448120634179547e-02,6.275663234368378252e-02,5.638554461689208874e-02,9.703751554689100944e-02,4.963083421178918209e-02,2.890197661284956906e-02,4.345053447016115206e-02,1.361272380054949667e-02,2.530957032441680243e-02,1.803338226538016981e-02,1.449279937751172045e-02,3.999117931327465097e-02,2.149605209008736972e-02,2.284869966478278100e-02,1.166218435730244189e-02,3.011678960640574998e-02,3.168785142627213863e-02,1.832129663691456703e-02,5.805719258150284119e-03,6.178545748702555379e-03,9.342020438429210830e-03,7.124251009229916158e-03,1.988245383813311631e-02,3.719286168401975557e-03,9.984373065479845016e-03,3.397543873417302462e-02,5.686371663427781421e-03,1.698516841303015015e-02,1.163206160019759211e-01,1.090760408431020040e-01,4.406992092845348624e-02,1.599724125016343257e-01,1.270857753029422388e-01,8.678432122136912896e-02,5.857099523174167516e-02,6.017828733826294935e-02,3.102577827577573596e-02,7.276318327609120062e-02,4.405997761233871463e-02,1.228109782566621025e-02,4.167875094168521644e-02,1.427352927985258910e-02,2.350433469284582411e-02,2.610018526043609080e-02,3.988133240917578898e-03,7.526917871935061635e-03,5.707717063640641540e-03,5.087328381154154582e-03,9.406045520575223584e-03,2.530057765510336162e-02,2.371450982330611940e-02,4.797127930953572900e-03,1.115209131013577062e-02,1.202743591640068402e-02,2.547779807247501152e-02,2.762027152886579323e-02,2.597740666092285960e-02,6.108303011432156260e-02,1.050162838834880624e-01,4.724596220297096888e-02,4.618207012367998160e-02,2.428337038895836408e-02,2.431193291398377199e-02,1.024635013782147080e-01,1.384315514405199954e-01,2.510408504144218123e-01,3.763428340548836265e-02,2.791985110702712714e-01,2.814764404419132018e-02,3.358546506501713935e-02,3.226958378524173443e-01,1.599955261469561685e-01,2.847631435322979798e-01,8.959403578719798977e-02,3.644386981752014559e-02,1.634057244153835353e-01,2.329048657477434184e-02,2.075213992223366027e-02,3.733849048486594796e-02,1.564330156234456509e-02,1.692936538538255403e-02,3.279459166423076034e-03
9.147705951453337370e-02,1.428641123817790404e-01,9.006879672151330007e-02,0.000000000000000000e+00,1.272122677107207778e-01,5.128166787227948081e-02,8.703180155516167249e-02,2.720616799025531440e-01,8.621391706711588332e-02,1.625665963393728708e-01,5.627889905348929661e-02,1.217688258457708117e-01,6.706046033080026447e-02,3.215846218778375953e-02,1.014393278729071313e-01,5.313434466732901151e-02,2.498014495206822283e-01,8.016696798937787694e-02,1.686780564250988101e-01,4.425812377491113864e-02,6.448933185257414713e-02,3.861033852897735597e-02,9.040472992435406863e-02,2.451323629030842388e-02,3.053381835193664032e-02,3.264993197386278911e-02,4.084834630758790025e-02,3.400149735371812282e-02,8.952602721977061251e-02,4.056134867479465472e-02,1.840628968223549655e-02,2.579459650694919740e-02,1.003994317465694945e-02,2.560193667005744578e-02,1.405211178683790467e-02,9.478098768586054601e-02,2.217532114025731055e-02,9.839701745746205416e-03,9.959998355583578322e-02,2.928409546737335833e-02,5.993136577046920266e-02,2.671687759512354765e-02,4.526759085602857779e-02,1.194119094645532120e-01,4.675612847781849928e-03,2.720131899231842398e-02,2.002984133197965866e-01,6.270085941713908484e-02,7.806608166247197556e-02,1.136328825076702714e-01,1.075842748423175982e-01,5.339303192881414417e-02,2.980183029284898602e-02,8.563635903284698425e-02,1.379200465521226160e-01,3.617631081812410637e-02,7.936268809851709793e-02,1.197407892100186139e-01,5.262600059307813438e-02,8.082288553196968761e-02,1.991687762458191069e-01,1.450630231206153087e-01,1.240789625000880136e-01,5.079643786288506879e-02,3.169763818023910162e-02,3.709195701718945998e-02,1.894829256323421127e-02,1.998523854367047214e-02,2.123601549053297927e-02,3.539516528231204801e-02,7.967916535648759957e-03,1.227868568390616186e-02,1.274551483409262775e-03,1.463986400935981050e-02,1.136807096584140780e-02,1.464778298947287324e-02,2.417375268013791795e-02,2.688761933853622485e-02,1.880441813768672296e-02,1.442673123651782262e-02,8.403023255041986578e-03,2.763238580202572597e-02,1.345098527803607023e-02,1.019650612135627500e-02,1.113305514452322779e-02,9.566474734786112322e-02,9.197378784900155091e-02,7.353030152120661189e-02,5.954473768690734387e-02,1.425257941674141215e-01,1.621359235343199368e-01,1.238842448544765495e-01,9.387903120343336905e-02,1.028725375692502164e-01,1.689863742219694376e-01,5.789655220810129010e-02,6.208370447069792852e-02,7.869581875396310100e-02,3.553409809373188344e-02,6.868022243521543224e-02,5.291283870130923661e-02,1.480046038859856271e-02,2.157037209069687794e-02,1.378094027367843429e-02,3.176046269289611867e-02,3.619632000400624383e-02,6.289656418377641278e-02,6.285552053209048085e-03,2.334818588540850740e-02,2.270560533312548229e-02,2.374784002792268423e-02,8.748693476541216305e-03,7.018185306337690159e-03,1.954056869861030277e-02,2.197555135670339541e-02,2.025922632205682042e-02,1.372803710109363022e-02,2.510447050682486012e-02,5.612761762220765116e-02,5.729188448783140847e-02,8.301228081555050986e-02,1.361035400651897931e-01,3.187984637385670728e-01,3.048843771307450656e-01,4.444392517030547052e-01,2.784033334151537198e-01,3.997698674880280079e-01,4.671686989901485676e-01,3.959969593916687902e-01,3.188839415305882996e-01,1.619939975102780150e-01,6.330337862900407842e-02,1.050771470742075664e-01,1.516929131917681417e-01,1.574463469305838748e-01,3.054970137438333885e-02,1.220143783691551437e-01,5.979960284080894362e-02,2.931174215051563989e-02
1.089379319316244876e-01,9.856665877271839071e-02,2.657845112024393996e-01,1.272122677107207778e-01,0.000000000000000000e+00,7.174051558273060458e-02,1.344605403921123321e-01,5.225446329708352544e-02,1.023420987677823857e-01,8.518775533638071884e-02,1.769130253883462456e-01,1.677333498252841226e-01,4.401461177861382829e-02,5.758718211059099534e-02,6.422022271867573739e-02,7.204013473283819857e-02,1.470688159150664587e-01,1.422526256807770950e-01,1.697360553022201346e-01,3.152828331804967410e-02,4.011434867459318793e-02,4.359657236794081681e-02,6.571084720665514023e-02,1.958831375713789014e-02,2.488255863269250509e-02,3.241157998699738946e-03,7.691731736113420481e-03,2.255954324690588944e-02,1.440490086552132128e-02,3.177599733862828540e-02,6.524497896853127810e-02,1.154223955509695726e-01,1.150535174468222954e-01,1.944403937312391417e-01,7.053867569977281815e-02,3.535142696179312954e-02,8.412988294907228215e-02,8.900231978843108765e-03,1.670898692623115633e-02,1.626319328824022553e-02,6.796597772242048141e-02,3.908705576640543466e-02,2.266955731416747388e-01,2.226629027378126680e-01,1.540954718054146633e-01,2.787074724011797677e-01,9.892990946109780914e-02,6.873443351265831613e-02,1.723602661135320013e-01,1.738778544476649868e-01,3.695818200379419327e-02,1.067378386550069391e-01,5.854576591972487226e-02,1.573430582718519932e-01,4.835975054785968119e-02,9.631592406146809171e-02,3.647445846930875285e-02,3.922036287180728775e-02,1.006952376080005179e-01,4.751041533519832771e-02,5.984068595284341291e-02,4.711195146676346729e-02,5.093428225234948592e-02,1.491995141204909558e-01,8.378597538107371290e-02,9.811660761274977605e-02,5.633743482676445424e-02,2.609528587544150333e-02,1.654177051873735593e-02,2.867469930259837832e-02,8.193143824068710793e-03,2.763725500301288801e-02,5.344187260212081292e-03,7.654855244766878980e-03,9.378980603646317263e-03,1.429242914442899713e-02,5.712784918289210562e-03,7.924550066446500729e-02,7.465711833891386373e-03,3.175473311804459520e-02,6.026200702593127734e-02,3.842151558277392964e-02,1.224088022226669029e-02,1.335572010165025740e-02,1.585449267936326831e-02,3.961360967061849231e-02,1.189806024501954412e-01,4.384745716624013218e-02,6.639551123491647944e-02,1.773662200449881987e-01,6.505765765463188133e-02,4.803617222349557819e-02,8.582256773185781284e-02,1.786293422197502700e-01,4.890700630109217489e-02,7.620381744693442705e-02,1.157605279900578849e-01,1.386927364743224811e-02,5.648689042981284297e-02,2.798815779981616084e-02,8.616324373408347503e-03,4.871211670726869301e-03,3.210262838175925119e-03,4.374130528032500048e-03,9.795365854629268718e-03,1.704631047403595140e-02,1.341453232742070671e-02,5.370665308314674299e-03,1.845161349497991335e-02,1.327636649680476351e-02,3.078802550102669594e-02,9.613589831938858590e-03,3.796866123793915526e-02,4.097078325425370510e-02,1.973314301041638463e-01,1.640285436699817079e-01,1.747533123046917103e-01,2.103335847360420785e-01,1.010206784667085494e-01,1.623684981892339896e-01,1.455167618570459009e-01,2.664789029096632095e-02,1.725138358133487537e-01,4.340947592397146476e-02,8.346024521803874219e-02,7.027692543377271617e-02,4.998744576252854566e-02,1.021028514314218788e-01,6.348755685726135967e-02,2.827948717851564986e-01,9.385452745483682802e-02,1.890629238721321659e-01,3.128444149840698407e-01,1.953824975836155053e-01,2.175902338668522784e-01,2.257848692623848352e-01,9.864730542986530071e-02,1.838452195284550339e-01,1.190871399354439392e-01
3.291438653350441113e-02,4.750305317999650723e-02,1.229722797888721242e-01,5.128166787227948081e-02,7.174051558273060458e-02,0.000000000000000000e+00,7.185621708692928322e-02,1.874697674867305264e-01,8.728137621081004383e-02,1.708056368332005193e-01,3.613447551214608866e-02,7.477353655467883220e-02,4.552775443463429050e-02,2.442942874325586544e-01,1.253733058004107837e-01,8.148901347143031049e-02,2.337247913295342205e-01,8.162177374391203777e-02,1.453733831996426862e-01,4.819057892516977193e-02,5.288364587604863637e-02,2.867834994881166000e-02,1.012050194487879445e-01,1.157275753087529634e-02,9.737370235749526204e-02,2.328491191132176646e-02,4.808915572234200020e-02,7.184798223997625188e-02,1.242121091917360587e-01,4.445476811372624931e-02,1.741983511034560922e-02,1.543027074349245624e-02,2.321512322282013110e-02,4.451335179715525808e-02,3.992933660310233474e-02,6.195619527226592371e-02,2.911549342599402748e-02,9.535678791047398281e-03,7.653821985078411438e-02,3.715983042028899591e-02,1.529816358670693481e-02,6.088606832744505176e-02,1.221022489183877929e-01,4.143516788902031761e-02,1.640711805325245076e-01,6.304724896615951368e-02,1.215114916241680221e-01,5.771411236163671854e-02,5.743656592256198012e-02,2.266052227487434442e-02,9.639512527421285892e-02,4.696638266892790708e-02,6.231945187763890392e-02,8.911583699683903181e-02,1.557091111741630007e-01,5.309759008884670090e-02,4.609210728514594006e-03,3.808708996290473964e-02,5.116606224919375417e-02,3.462114098573153970e-02,1.451822318905771070e-01,1.543879994419545577e-02,4.190458756527759565e-02,5.521427282759426569e-02,1.110078034732239934e-02,5.152779223810467074e-02,2.098907615158907697e-02,1.888419353145683391e-02,2.358530220902160107e-02,4.040995644431792655e-02,2.493325160746681299e-02,1.457230260758914098e-02,2.506663125137375756e-02,2.926109963593805444e-02,8.435398443496128912e-03,3.676324681852044789e-03,8.103347203713131761e-03,9.405998560664020902e-03,2.016029666625340343e-03,1.496830133872863351e-02,5.666163644803129396e-03,8.548696556425396803e-03,2.541588269485451149e-02,8.731765417833476858e-03,1.812653757506227717e-02,1.180682403564145971e-01,1.574211016693662091e-01,5.728231262067838558e-02,1.153612095929912318e-01,1.575065258735654783e-01,7.593681348066146086e-02,1.110471521959498220e-01,8.056614350236165900e-02,7.183992797548378884e-02,9.590438705066949010e-02,7.204168615585032631e-02,2.545674807389199795e-02,4.178075568068208290e-02,1.230489544118866345e-02,4.127324419465071281e-02,4.144190770214299657e-02,9.674848629543351258e-03,1.868597387410393315e-02,6.992325058784822252e-03,8.669765034304631468e-03,1.351769038254563987e-02,2.907985825248290621e-02,2.952382496952810423e-02,1.879995712185681279e-03,9.768357725565569513e-03,6.831137390273461264e-03,1.168107257715521839e-02,1.189356618888083063e-02,1.353283850564834107e-02,2.892552633359493641e-02,6.288064071466697991e-02,1.100774902622650431e-02,2.220719889068790281e-02,2.127110903909964698e-02,3.496696321961922233e-02,1.575833849720670310e-01,2.226409211128637378e-01,2.910827843540028104e-01,6.494848352003600167e-02,3.553761105357000627e-01,9.541659008532281383e-02,1.752113591546453908e-01,4.194602354036979786e-01,2.183360282470077351e-01,2.716137798029940598e-01,1.347040883982417447e-01,4.418475601044431766e-02,9.774766704150071595e-02,5.377807588491706481e-02,4.287321250245023502e-02,6.521341497632840434e-02,4.816430334100196137e-02,1.407551931607985141e-02,3.814224849658048866e-02
2.970702568936799126e-02,1.019390988252479868e-01,1.110633919085112914e-01,8.703180155516167249e-02,1.344605403921123321e-01,7.185621708692928322e-02,0.000000000000000000e+00,4.990061692096327967e-02,1.456681513426292818e-01,4.654907512166956557e-02,8.942041433067052236e-02,4.780955439876019564e-02,9.582109342906756921e-02,2.389673152794843103e-01,1.997723320363267441e-01,2.171964322252633861e-01,2.566511134440650488e-01,2.709126616161294798e-01,6.720596216355062547e-02,3.898662100947634934e-02,2.448183022031466538e-02,4.218304451596806975e-02,2.520155701284989419e-02,2.075737903702798773e-02,6.255187826354668967e-02,7.416930009486694120e-02,9.814637882642322786e-02,5.381156689469945159e-02,6.468970399324990017e-02,9.028524480611892222e-02,2.945668989769107196e-02,1.128123426508346148e-02,1.356297673606002563e-01,2.467799963249392783e-02,6.319614860196905159e-02,9.369645238510672380e-02,1.429112599017279550e-01,6.224797165030267893e-02,1.454881736184713281e-01,3.122175503342331654e-02,3.020559122659834464e-02,3.687722517100831127e-02,8.970741602098339026e-03,1.537071387273123216e-02,6.811144233446295160e-02,1.592507434275627631e-01,5.636768139236238151e-02,9.104269983980400882e-02,6.363193833616329065e-02,6.513057989883645760e-02,1.003051713660958882e-01,6.853438317090541909e-02,7.332329670593670801e-02,8.485736336120408563e-02,1.482435198675144394e-01,5.162568291772004492e-02,2.944368941660412131e-02,7.356458958482720023e-02,6.399715774498809795e-02,3.000118801767122020e-02,1.070364422080964523e-01,1.106098337270412513e-01,8.695645079602483396e-02,6.874002555265526504e-02,5.141290075393022130e-02,2.930423536534911000e-02,9.669609427809545965e-02,1.952326440409445779e-02,2.042441660528580838e-02,9.502003165717925678e-03,2.101132739036609340e-02,8.533713497553855817e-03,1.172474691389617865e-02,3.494049985333683855e-02,3.656802136634081449e-03,9.794756705127966381e-03,7.538282223991993672e-03,2.728756092040210413e-02,2.065236569699263267e-02,2.947766649141159156e-02,2.388737638952906708e-02,1.015805125288027182e-02,3.674854361834466870e-02,2.449832214486003662e-02,5.625140551764377939e-02,1.073203067443528336e-01,5.775008701324954585e-02,8.883684774400900375e-02,5.141086896163361147e-02,7.921015398160440035e-02,6.404378623587345110e-02,2.934716706118380494e-02,4.926900807886763767e-02,5.855308232897812881e-02,2.959804731746632986e-02,3.715067080412197409e-02,5.934923474289315048e-02,2.133396802040784732e-02,2.150789159081357288e-02,6.072310313356417411e-02,2.818999532206913766e-02,1.653232846558379959e-02,3.213507583333412819e-03,6.023127876628747539e-03,1.680685074064354120e-02,3.671823408610906669e-02,2.065790737431801027e-02,6.587747897812845470e-03,7.321410036153623915e-03,5.823850570760884075e-03,1.091798322091063096e-02,6.470995901173312408e-03,4.798528680960643597e-03,1.932137488566749994e-02,4.383122982626732472e-02,1.797055266497103732e-02,4.502761010868227415e-02,1.172101492114894783e-01,4.357095368783368491e-03,6.245374209301811363e-02,3.532443011236623132e-02,9.637907492874819848e-02,1.212957372689554836e-01,4.707862085583607720e-02,2.319972231213919545e-01,1.097210073245211692e-01,7.440170091483554182e-02,2.567453203961359010e-01,2.927744364340929550e-01,4.684104449076323395e-02,1.063571654139640055e-01,1.899691531635528674e-01,1.903116651114517832e-01,5.186118024084038214e-02,1.391643681643959796e-01,1.927257863723532971e-01,5.900700825581410569e-02,2.233908205816852177e-01,9.869202443362740107e-02
6.705891284401065133e-02,1.141251326327077653e-01,8.506145547948426588e-02,2.720616799025531440e-01,5.225446329708352544e-02,1.874697674867305264e-01,4.990061692096327967e-02,0.000000000000000000e+00,3.018694885552641316e-01,1.824056125752196167e-01,1.306335665821211911e-01,3.934815468830314689e-02,1.040777949668987915e-02,1.574564430207902321e-01,2.168200393401445991e-01,2.380371364986382798e-01,2.028028824574456268e-01,3.345120469415222009e-01,1.609787576650491270e-01,7.788609632902819546e-02,3.472133756011933775e-02,2.499748634163799846e-02,2.713920498791304661e-02,6.032048845611698296e-02,1.570468905280907601e-01,5.360483589127830462e-02,7.864371163073491378e-02,1.035988080752745927e-01,3.685870594058816146e-02,6.351833835698747488e-02,1.546153774995262867e-02,2.720472572925559940e-02,1.728609310419617837e-02,8.223301470284648598e-03,1.408223932171656090e-01,1.131241040108875995e-01,9.463919245341816111e-02,6.996582846099154429e-02,1.008847383599100200e-01,1.701450344265469788e-02,2.281221167267635450e-02,4.841555434685297643e-02,2.930230047740120525e-02,2.268897513365198890e-02,1.952969174211982295e-01,3.786852755129397480e-02,3.640083689067320077e-02,1.191673983578167978e-01,4.367037188395938435e-02,1.002971342871856325e-01,6.467221820279259181e-02,2.196348493601445878e-02,1.186031620110079982e-01,7.485668748419388452e-02,3.177557185308271109e-02,4.744086926819806455e-02,6.197332689772638847e-02,4.536583851251053262e-02,3.307232965471073455e-02,6.082471986102248873e-02,3.825364080819906171e-02,1.943477603898666889e-02,6.809858518817699102e-02,2.102029027909049427e-02,9.602446998903912956e-02,6.150917004500473795e-02,1.141684314285027792e-02,4.984868014373076278e-02,5.202812044817005377e-02,1.363836119568967095e-02,3.989542738265994259e-02,4.757629948911290541e-02,2.119264914028449673e-02,5.803761810196231968e-02,2.405861297691987144e-02,4.990268050038547919e-03,1.579594549885764447e-03,1.698069777173327743e-02,1.959525314691533404e-02,2.677649748009445010e-02,7.876262771983716729e-03,7.347406887648466785e-03,2.122915545284133690e-02,1.664286664129666082e-02,1.798771132709366463e-02,3.230465894749010025e-02,5.423277949989530056e-02,2.280212337699117145e-02,6.547349443799643787e-02,2.805370854941244968e-02,4.364585052889863315e-02,1.051886033330769882e-01,1.583229900768095000e-01,6.118235998382199475e-02,7.617435249454233837e-02,1.175787645850307206e-01,2.445793890832638137e-02,6.248326107885934094e-02,4.482691554776394027e-02,9.418779854535177382e-03,6.563322048019184889e-03,1.659973797157042333e-03,9.905662348877046150e-03,1.083480834713501303e-02,7.834656388433723076e-04,1.091297684944919286e-02,3.410543995053407634e-02,4.299207156603736257e-02,1.413180108973527416e-02,5.482685810820172451e-02,6.651760126407103846e-02,3.391427539013625037e-02,3.591400181963923244e-02,6.843202542709962699e-02,4.525686493979337588e-02,3.154808987440147622e-02,1.939399910136275357e-02,2.557049310850060403e-02,8.567931142137706624e-02,7.824719440836691575e-02,1.580404082514332009e-01,5.674267237524701496e-02,6.048919664686801256e-02,4.997621821551290373e-03,5.053038412143547042e-02,3.808428670587202247e-02,8.061712403599427534e-02,7.860803186867477976e-02,5.313368349504139082e-02,8.142002229986292083e-02,6.551629271668225896e-02,3.506807453782705836e-02,2.305318320387347505e-02,7.335497722150166600e-02,6.776925258341563729e-02,2.557790714456641135e-02,1.217805757155888818e-01,4.390121546981311934e-02,7.675159304035540642e-03
1.030775864634861719e-02,4.687586577642095798e-02,8.519329478878355510e-02,8.621391706711588332e-02,1.023420987677823857e-01,8.728137621081004383e-02,1.456681513426292818e-01,3.018694885552641316e-01,0.000000000000000000e+00,3.454238886427990485e-02,5.589351454985932305e-02,5.150196057723679943e-02,1.224375628521263137e-01,2.177637122377535095e-01,2.146044236808410388e-01,1.467187499859987920e-01,1.742719418043225943e-01,2.149869309989533295e-01,4.470693232670940043e-02,2.227448027234872618e-02,2.917642052123026186e-02,9.679932867349536410e-03,6.200002085900952614e-03,3.054001334334846465e-03,3.813376362114460211e-03,6.588868684143933674e-03,5.559726617089730087e-03,3.807515481016384741e-03,4.715778834781423137e-03,5.362167725085282416e-02,9.546992045107177693e-02,5.933949128822292585e-02,1.866205008541129140e-01,9.463547915760173179e-02,2.735764210597394983e-02,2.081574163287294027e-02,6.864637830359404669e-02,8.122069451042969457e-03,3.898287717193456292e-02,3.079902513684163595e-02,3.154343538038588413e-02,1.846089646810388299e-02,1.934142510674835211e-02,8.269494602325232202e-02,3.223633199279908601e-02,6.241853812140186336e-02,3.466402637558555627e-02,4.376860055588402409e-02,6.370913728953546407e-02,2.326553840621864780e-02,2.180966940641741736e-02,8.103798584396290638e-02,4.558104366124349216e-02,2.968788654513406997e-02,1.630182780773103621e-02,3.715571105623629439e-02,3.754419666284709162e-02,4.149767813106312181e-02,2.193308416866457042e-02,5.778815901404179417e-02,4.615946493138673237e-03,3.815136263842378722e-02,3.082729138558164272e-02,1.943712190226082326e-02,3.382743163065187603e-02,1.291280797840600389e-02,7.529613584649396708e-03,2.993791535378055244e-02,1.499563628284473205e-01,1.632136401646639215e-02,8.578651640333084805e-02,4.763956547700381322e-02,1.350101271765548165e-02,8.397520024363096941e-03,2.892027387969477864e-02,7.714855498825884741e-03,1.502354092214540186e-02,4.716341238802061742e-02,3.636116081578776721e-02,2.972660350426928593e-03,2.487725170678828368e-03,4.683796967195721223e-02,4.820668663994139708e-02,9.057616813773140124e-03,6.387081842294872053e-03,4.343426113146710982e-02,2.596943402065322176e-02,2.072337130144380479e-02,1.189988892397758624e-02,9.684624666387968428e-03,2.810597911066849489e-02,3.741238467945483259e-02,6.515178146264094527e-02,1.713303207769118278e-02,1.714408421718256748e-02,5.545768470520939797e-02,6.897381015883084950e-03,8.888041917836091155e-03,1.290029582333835322e-02,1.474666379324791193e-02,2.273751330482917318e-02,9.059792760903469244e-03,5.502287113821404362e-03,8.784043377947393927e-03,6.210374503865637857e-03,4.758928369398427588e-03,2.720725060789823055e-02,4.346276542371933435e-03,1.179784413176838791e-02,3.677264735503028154e-02,2.554924243347093601e-02,4.965218226085275216e-02,2.077106243227008417e-02,5.849122451602784684e-02,1.868627160097390688e-02,6.047300464073323417e-02,3.916750037993951827e-02,2.003876097307548745e-02,7.739241886395134551e-02,1.430891092210912485e-01,6.126290104477839088e-02,7.466449086564798387e-02,2.939108255350003640e-02,1.982520373565480748e-02,5.137965413989167840e-02,5.779720960977701577e-02,5.269170737407218030e-02,3.348057106046029713e-02,1.056380729879462937e-02,4.068908497991566980e-02,6.770282140370929846e-02,6.831279979365108279e-02,5.447782284757236165e-02,4.252278178450351331e-02,1.935329679773452050e-01,5.622235213578663515e-02,9.307933019441479161e-02,1.328050727959084742e-01,2.371297956325050041e-02
1.111807032198289802e-01,1.215694125057216468e-01,7.147848517628133114e-02,1.625665963393728708e-01,8.518775533638071884e-02,1.708056368332005193e-01,4.654907512166956557e-02,1.824056125752196167e-01,3.454238886427990485e-02,0.000000000000000000e+00,8.793336674964372102e-02,1.281525556345985625e-02,1.566020984324098808e-01,3.170460988085669340e-01,4.795919655188082831e-01,1.637832818000907187e-01,6.779260728390761048e-02,2.800459432946318383e-01,3.104027822887713353e-02,3.327888539997047451e-02,2.613322864863359268e-02,1.410125108279025943e-02,4.909861161247391914e-02,5.993116660138589347e-02,3.703086603399283888e-02,4.472812053836115742e-03,5.605810305255981216e-03,2.249392336047975269e-02,1.066842117693465354e-02,4.835842783423236792e-03,1.526964921216748296e-02,1.310545830276015587e-02,4.006142793338666325e-02,2.754278215291839499e-02,1.790171821754196063e-02,3.588908839611527901e-02,4.707775052244256991e-02,7.938180821690415945e-02,7.867164680842644864e-02,1.235258871083728532e-01,5.647551846333712100e-02,4.093613343446582398e-02,1.238980346758035145e-01,1.500269700060989121e-02,1.510852904715692946e-01,9.231214994119893782e-03,7.708879335190824134e-02,2.144873796762354345e-01,4.403014220655407374e-02,8.067892038826157686e-02,4.561214281305689400e-02,1.598767255684770822e-02,1.038776372438531409e-01,3.375157118421492908e-02,8.617792089993690785e-02,1.801092049586987959e-02,2.478438715191557534e-02,3.038804617890615220e-02,2.438010760592465923e-02,9.951283861044780965e-02,4.205324014608259608e-02,3.012438480272200056e-02,1.008858599316470872e-01,4.487696908345530783e-02,3.724718996017692407e-02,2.561040626141362908e-02,2.324679724133419875e-02,9.933835144418479146e-02,1.162027295968212498e-01,6.803003143988005375e-02,6.421335069682922170e-02,5.932837086209392929e-02,5.430670846363564591e-02,2.860153747952273035e-02,4.799816239677039652e-03,4.131725630466263552e-03,2.886686937321720353e-02,7.101400570748929442e-02,4.172152893837770271e-02,3.766363008842026072e-02,2.128400514338458366e-02,9.955280912958433537e-02,5.477411855482247627e-02,2.195273338169210706e-02,7.895425446051922147e-03,4.458220055588737324e-02,5.093261365082469433e-02,2.479966976027672687e-02,1.285052202696022362e-02,3.828880385682544019e-02,4.611588222773958801e-02,1.257546753103521986e-01,8.545293065111592146e-02,3.987635561228949910e-02,4.275746619385298319e-02,5.407329658093332908e-02,1.954531649874895888e-02,3.978159799361107030e-02,3.023732149704586036e-02,3.099552718948146018e-02,1.462381802369010046e-02,3.677386889104256734e-02,7.663247333601752760e-03,3.693665078931147872e-02,1.168215697946678802e-02,9.716184686247436586e-03,3.151077814180215653e-02,3.867429175119260765e-02,6.662229423560104072e-03,6.328030452469696199e-02,1.052739411590975782e-01,8.208307123638551583e-02,8.413753305138806093e-02,3.512788406980987127e-02,9.145052532328852568e-02,8.515529508434679928e-02,3.026454753754032057e-02,2.817275968079079387e-02,1.779439345707929943e-01,8.891365793214833779e-02,8.929450176681319462e-02,1.674803587936700726e-03,8.880811677354809308e-02,1.700963040784298219e-01,5.196795790507081209e-02,1.536732214671258090e-01,1.167314261516504692e-01,1.178452226495904989e-02,1.065019454560850592e-01,1.373862881648608113e-02,2.543911654046465340e-02,3.226976640893581411e-02,9.016435138978198816e-02,1.371463491090788855e-01,2.002172124822686472e-01,2.486215492993543164e-02,7.143189410825938335e-02,2.084724598659757344e-01,3.014080351025037741e-03
7.748191033450040066e-02,6.890885499593768504e-02,3.844240401881914015e-02,5.627889905348929661e-02,1.769130253883462456e-01,3.613447551214608866e-02,8.942041433067052236e-02,1.306335665821211911e-01,5.589351454985932305e-02,8.793336674964372102e-02,0.000000000000000000e+00,1.140926539141813717e-01,3.300077063724470294e-01,3.741193733915941788e-01,1.861318621707743759e-01,2.593681785075251378e-01,4.698367631352303592e-02,3.191790858419138455e-01,5.670333788422855098e-02,3.875804670320766310e-02,4.242122241931527149e-02,3.924986838036953474e-02,2.780533583615503804e-02,9.078309363189996858e-03,4.933879384818038588e-02,4.901115178325021575e-03,3.235497698121234111e-02,3.781251928129347739e-02,1.091424149088351947e-02,4.049349099364554783e-02,8.407210691901469135e-02,2.026572430830679561e-02,8.371154621580520483e-02,5.130108556684406795e-02,3.490370681685955531e-03,3.647984042539532956e-02,1.000900430472055763e-01,1.686237500700963135e-02,1.082359301766336601e-01,2.137274030037406014e-02,3.431623053186765027e-02,1.691041508338251079e-02,3.056209993862206778e-02,4.032171264172367681e-02,5.891556927401904453e-02,1.057291010467976827e-01,1.682613167774965890e-01,1.356755478515405955e-01,1.389998893958607207e-01,8.256497085879004050e-02,6.190674749396333360e-02,7.329220111993961506e-02,2.827952502253529982e-02,7.732635511620118696e-02,1.126516644728750294e-01,3.413352946923904618e-02,8.924001463600653161e-02,7.528307558040704672e-02,3.037823950992871169e-02,2.096481324944988664e-02,1.005537613182860834e-01,6.463028199776985061e-02,8.608966489581776349e-02,4.652481442589238153e-02,2.757893368905758522e-02,8.555580180867002060e-03,2.167149623365274835e-02,5.322771724439756547e-02,4.386618649484615162e-02,2.325455625982078209e-02,1.681280542018195184e-02,2.565604217262038023e-02,2.012201240344450859e-03,1.419354167176568871e-02,8.086281071990154140e-03,4.919894448663892673e-03,1.353949023758280841e-03,3.361273562239468909e-02,1.257714882299086102e-02,3.074862245811882042e-02,1.612835314491544228e-02,7.304955852200686883e-02,8.577823956438039923e-03,1.218493647038311565e-03,2.674427591293970438e-02,7.059832173032697111e-02,2.434669983162712076e-02,6.298661663864199567e-02,1.417265034813033550e-02,5.914070650506988991e-02,7.478323236663197981e-02,5.349065222490107657e-02,6.719567518262310746e-02,2.884843948953098522e-02,6.997053308673932548e-02,4.363973473202686221e-02,1.375137786203030517e-02,4.788294852714384403e-02,1.541997740792481510e-02,2.453458434933314045e-02,5.409112944334919237e-02,3.701091827502565185e-02,2.378663385679499233e-03,1.832667449338318266e-02,5.389263392286102079e-03,1.087580069932384159e-02,4.825763635965524267e-02,4.078990589041123389e-03,1.992874973057746565e-02,2.205853931343714630e-02,9.282722108240942793e-02,5.485271975748202966e-02,4.923426812676023195e-02,7.632368724051888376e-02,7.255643053558370748e-02,5.578302112062256957e-02,2.543684820911980282e-02,4.322145760721926577e-02,2.056955482517510425e-01,5.563980607901526654e-02,3.084541776421818177e-02,7.378926798874552509e-03,1.269878353670941817e-01,1.974615198138908456e-02,1.643848541528720453e-01,1.144618896373172101e-01,4.637425979139475629e-02,2.178204508354605606e-01,7.093964401606973891e-02,2.739358769275648461e-02,3.754339853948995831e-02,3.325722770277698970e-02,9.451785268094591019e-02,5.134183241270474235e-02,1.795272884787876277e-01,5.560890979218872932e-02,9.160110282774205914e-02,2.068095992724065246e-01,7.737755417945899918e-03
