0.000000000000000000e+00,1.597630501413549800e-02,1.083827378576008721e-01,5.807861827141841404e-02,8.871598187341489528e-02,2.740044999239049650e-02,1.042068358254422816e-02,5.989047289816296082e-02,2.139889083124458732e-02,3.962215456947528608e-02,4.079427170917727941e-03,6.249057197989691184e-03,7.806902911146722246e-02,2.260901716966597086e-02,7.246604749981130911e-02,6.303200819362068941e-02,6.573985943791109399e-02,2.294161292883824602e-02,2.127935607510454685e-02,3.386874567505696303e-03,3.087201230714589628e-02,2.762422999911453778e-02,3.548815836699151238e-03,3.866713928812714335e-02,1.799010324446501108e-02,5.459985884989451178e-03,4.323924856015274980e-03,9.034333030739118142e-03,1.855765532473400634e-02,2.455143934225719263e-02,4.789651160551185866e-03,1.156578139733292938e-02,1.983845683542977568e-03,2.503445744176560628e-02,1.752730720259915165e-02,1.305389757828931060e-02,6.011753255921183439e-03,7.941543920539112511e-03,3.431953132113724214e-03,9.195041644918496362e-03,1.338628870441606854e-02,3.823394541438603945e-03,3.801539373414107408e-03,3.569798669994336121e-02,4.593302437719826159e-03,7.853988445550719047e-04,1.604450800305461762e-03,5.142283552295118590e-03,1.399045022072409675e-03,7.020755962478114620e-03,5.067501748551965501e-03,8.047231189927868747e-03,1.684776315523641224e-02,9.289758803049429428e-03,1.967379789088433487e-02,1.793470849681866666e-02,1.435963842176242629e-02,6.238861599436131000e-03,7.713085741932874245e-03,4.965396455725894047e-03,3.131915341840053879e-02,4.334999109744715889e-03,6.490851457174049224e-03,1.012587578081576914e-02,8.609918494694312682e-03,4.474669567112420955e-03,1.067511443052741524e-02,7.913889086094062775e-03,5.613897282539016993e-03,8.953333466962615228e-03,1.324416686567165755e-02,1.263506711044774800e-02,1.784125809670836227e-02,1.747729551831159927e-03,8.863259338738214629e-03,2.525002853723554846e-02,5.051440727384833712e-03,1.834372092474561991e-03,1.227127154482528758e-02,1.459647010383194853e-02,3.161291489319384591e-03,1.236530952786642776e-03,2.429168592147963601e-02,5.232248153815963546e-03,8.128081836763079290e-04,4.163514700866594032e-03,9.174126176808490921e-03,6.989816081566298245e-03,8.624454790945720525e-03,1.789955962050255841e-03,4.386151948224595656e-03,1.590217066943716215e-02,2.043107230007856767e-02,3.241964433885702063e-03,1.112101599962538566e-02,8.009574050176845525e-03,4.885181365807467375e-03,2.009084269602478059e-02,5.044816997088493946e-03,6.573349699718128956e-03,9.815119510026957053e-03,6.407794077810940493e-03,1.912577948116758655e-03,5.421481751991832215e-03,6.918924423659088621e-03,4.305805806091129832e-03,5.542203217929048392e-04,5.171100142854342593e-03,2.376840316570221715e-03,1.232625210411829450e-03,1.055513394576580071e-03,7.022633654712887551e-03,2.727958733439513929e-03,3.001476669746553239e-03,3.383090392347155254e-03,3.415561716834108249e-03,1.324441224745760703e-02,4.234439737122127657e-03,1.872005297552103986e-02,8.870475580724766079e-03,1.109305802272449702e-02,1.799698406932900147e-02,2.235282535671094528e-02,7.858946989494805871e-03,1.234807193068418463e-02,1.054639026714551328e-02,2.305224587911919656e-02,5.414029089559749264e-03,4.756568455273830001e-03,7.919990034479228516e-03,4.765282977000712995e-03,4.299313708387515233e-03,4.281754343171994756e-03,6.965232094048997777e-03,1.567138383457816536e-03,6.382515736861895349e-03,2.616570791509492851e-03,2.123378627907892766e-03,4.940811216176269408e-03
1.597630501413549800e-02,0.000000000000000000e+00,2.616327216853103210e-01,1.280175536932786351e-01,5.348885122928589281e-02,8.428111249242503655e-02,8.259997545347090575e-02,6.307186280937653045e-02,2.329820854101869246e-02,3.751306275397333495e-02,2.912063439458865977e-02,7.800163781084629155e-02,9.520946011977533818e-02,7.871934687462958657e-02,1.170949879695840773e-01,8.056608132779639886e-02,9.257815435800616222e-02,3.551627052112582561e-02,8.796781958707557830e-03,7.970361547499523608e-03,8.122989949509889715e-03,1.430488113695280519e-02,1.593361158402890540e-02,3.045165281980391579e-03,1.528902466438792317e-02,1.053250607321951342e-03,6.434041020895061441e-03,1.518278293300877367e-03,1.500637713176624852e-02,4.768989815519413672e-03,5.956076254291598447e-03,2.144170781022062058e-02,6.017529604351302269e-03,2.883354906422750524e-02,2.389196555685884574e-03,1.605286222763660162e-02,6.521846769391002711e-03,2.355033037332912235e-02,2.781028329449536721e-03,2.751528239705428036e-02,1.644889905076433664e-02,1.882036686476845286e-02,1.614927530995677318e-02,1.369324141116045647e-02,1.793764734908291983e-02,1.130801988973626632e-02,1.824330244545868457e-03,9.703498269319561949e-04,6.579136522388774784e-03,1.175396503262054852e-02,2.569482436740362294e-03,1.113399123845783397e-03,9.941354390987902547e-04,2.202924840964456260e-03,2.132691533576090356e-03,1.319135335377281601e-02,5.371315734120062904e-04,2.500177847295308696e-03,4.135248663185976843e-03,3.434138518556178674e-03,1.115832306695426802e-02,1.253809704729454827e-02,5.970637457117047332e-03,4.182929807130216990e-03,6.628095570147057684e-03,7.912997648042072868e-03,1.051571811618054724e-03,8.692036727019234951e-03,1.145751524654325601e-02,6.587708816881755226e-03,1.249376105797952476e-02,5.424591110066010651e-04,8.907316451094035581e-03,2.055201591126244037e-02,7.773003104458983681e-03,4.518027204006846986e-03,1.623993669444052587e-02,6.982519288574315017e-03,3.497358490967719061e-03,2.297232503241089172e-02,2.394456982049519931e-03,8.097098399814189190e-03,1.287173081612628944e-03,6.034032324751485189e-03,5.757972572577075253e-03,1.542044370876248863e-02,1.628098051289596183e-03,1.137899158416064149e-02,5.958504520909628684e-03,1.093462136267541775e-02,3.546919704282047118e-03,2.489240110819233506e-02,5.907171730615169182e-03,1.348301100908541258e-02,1.083049616668739328e-02,1.082697878573487572e-02,1.661036612850495461e-02,1.063868709666480200e-02,1.765771739628809248e-02,8.342777568940309800e-04,3.763532574803755363e-03,4.392200722570465017e-03,3.138122209196823626e-03,1.451766029896924860e-02,2.633803854538273575e-03,4.287954228867082475e-03,9.481167579242262425e-04,7.767525520788617910e-03,1.642073880192986826e-03,7.602200874064446619e-03,1.103606462616196033e-03,1.701129474354004653e-03,2.452468426291964584e-03,3.057961695740038163e-03,1.289521445425767868e-02,1.281891421596256797e-02,8.171523152466528966e-03,2.876310194845805787e-02,2.925871252073181106e-02,1.585038985621498725e-02,5.720950800181994270e-03,1.129520242438690307e-02,1.683871746393699256e-02,3.090690504223381034e-03,3.392884229585152629e-03,3.983914726529075474e-03,4.937802707114430194e-03,7.071209568994712633e-03,1.287737937894345777e-02,3.820224376199062889e-03,1.183614005356986056e-02,1.995136409694471882e-02,4.266569615012317553e-03,9.155957107573475459e-03,8.587932218555732050e-03,1.232120918439328500e-02,3.047265255566355361e-03,1.148300886940052841e-02,4.175074712988738335e-03
1.083827378576008721e-01,2.616327216853103210e-01,0.000000000000000000e+00,4.202722737398406627e-02,1.694080934643839575e-01,3.331581074855283209e-02,5.964435555743315825e-02,5.178186078363042344e-02,5.235827737086035105e-02,7.592008949147836805e-02,3.511256351996024094e-02,3.042493530693334697e-02,1.013986910557788251e-01,1.814389925196401715e-02,1.214908085317251418e-01,4.185338355775836128e-02,8.961939288355819100e-02,1.378066258765220722e-02,1.833273776151956788e-02,1.728904357544971959e-02,1.146875977418126621e-02,2.607261075463497557e-02,2.843987227997766057e-02,2.770538039691188698e-02,1.970922098491469793e-02,1.217346737620743358e-02,7.846586706240294556e-03,1.128996469374161406e-02,3.274963043045571454e-02,2.752740882343543069e-02,1.732828989868288871e-02,1.268489458962318919e-02,1.874852019929769626e-03,4.119486632055497505e-02,2.284174475231647017e-02,1.131003537012445666e-02,3.339858701940007918e-02,5.082067910754683483e-03,2.722785432348653889e-02,1.960593203938816934e-02,1.462298286077242347e-02,5.926665794836964707e-03,5.576973237980586452e-03,1.701125875798041240e-02,1.660065967630529370e-03,2.158558290393652358e-03,5.084106077009906827e-03,2.130636096345562593e-03,8.362305956980346094e-03,4.194700441505172690e-03,5.409340333185948778e-03,1.117645823109864565e-02,1.658758766873974846e-02,1.044396858103429325e-02,3.542014720218918111e-02,3.832554256913665164e-02,2.366685300799867969e-02,2.915493818788722491e-02,5.009325418202039207e-03,4.748568195621935203e-03,4.321511904181690039e-02,1.064572764023722327e-02,1.501296858803136819e-02,2.591253119709541718e-03,1.187617373156256428e-02,1.770360334490867285e-02,4.848142629774340913e-03,2.021067271669134760e-03,2.497185279439008768e-02,2.484243454112643450e-03,1.586576806605062562e-02,2.932587268227320604e-02,2.505865670394067865e-02,2.204920495586721804e-03,1.016922614107468661e-02,3.463213849263414162e-02,8.212250177154743064e-03,1.031059573864112969e-02,2.020035677219435277e-02,3.095418905190564299e-02,2.900258505141826981e-03,3.278937104568836226e-03,1.644206571660921171e-02,2.533656534070693068e-03,2.284446574790765638e-03,4.611532527725010176e-03,8.830837160341760720e-04,5.296493819816085018e-03,9.319547217094568958e-03,2.149118960125049552e-03,1.682345145368122422e-02,8.257822062035763411e-03,3.927598022164488500e-02,2.897235081268353767e-03,1.903176384885845590e-02,8.628796702628319451e-03,5.076317617365368358e-03,1.548928242487463032e-02,4.131859189129871365e-03,4.231696188458674082e-03,5.222791184245628368e-03,1.072146390415616019e-02,8.727886344414499328e-03,1.231722799134919895e-02,1.767562175756065600e-03,1.097236388456682143e-02,1.702502357338108244e-02,9.744204042709867994e-03,1.065359946728463951e-02,1.100219169658881065e-02,1.023920569194006159e-03,3.626040617715522909e-03,9.100262515937980728e-04,1.493368134565260623e-02,5.707350590250263520e-03,6.435770335193351753e-03,1.728453815350775025e-02,9.266187726831690702e-03,1.028334495852212434e-02,1.565064589244192367e-02,3.364393998154380575e-03,2.941143963993507124e-02,2.124257399980699831e-02,1.831007012890294681e-03,1.255602166962295485e-02,3.199983063290660467e-03,2.609965573793244023e-02,3.971989749339170130e-03,1.488185868859735750e-02,4.629465728079072001e-03,5.714376976555942192e-03,1.322629804998070625e-02,1.715577552519182217e-02,3.153177666045881705e-03,1.403034832478545525e-02,2.268467555213342368e-02,5.728322969886465513e-03,6.779447690929930534e-03,1.395168019334999503e-02
5.807861827141841404e-02,1.280175536932786351e-01,4.202722737398406627e-02,0.000000000000000000e+00,2.813050350641321806e-01,1.585375828700568979e-01,9.747893786030494001e-02,8.171407890201040636e-02,1.028527595145548590e-01,1.020935926261862386e-01,1.126342283333964384e-01,7.367829935704771349e-02,7.842963305344355374e-02,1.787040731123581971e-02,4.102581155164591875e-02,5.636832522463180312e-02,8.321525072604344167e-03,3.643475467509586091e-02,1.271082948305235667e-02,4.479787066078690094e-02,1.980522997064903049e-02,1.102927313388468895e-02,1.289315990525069337e-02,4.716476027989609590e-03,2.760717223829535841e-02,6.026909491390354534e-02,3.729251313662109574e-02,3.756539908351154422e-02,1.362420529545394117e-02,1.331258915889955638e-02,6.692746835786134163e-03,2.245324667612812186e-03,1.744331820886047338e-02,7.323119219695299609e-03,1.744602740957449088e-03,1.027120884958061635e-02,4.226023315267279923e-02,3.625321921350688377e-03,2.441894732130511086e-02,9.412109853229776862e-03,1.214070830286476978e-02,8.762746690233394822e-03,5.048171803860997814e-02,1.064687122905017512e-02,2.808401010142887698e-03,5.949747602429174970e-02,7.248123397879588196e-03,4.797197827589402830e-03,7.982581411466406832e-03,6.150877537245793766e-03,6.306099846834199892e-03,1.730210072089106857e-03,2.156301246278618383e-03,3.281253635654790665e-04,3.019241577155713178e-03,1.231948804487115016e-02,1.762860511882490683e-02,1.526515470348551937e-02,7.563679187618230215e-03,7.048176880556124291e-02,5.565786879202296337e-04,1.301050510127917809e-02,5.747742354945538368e-03,3.671500140065100254e-02,3.743516031855818188e-02,2.501346103925731947e-03,1.216523002028693616e-02,1.260261993995877468e-02,1.298115417753935644e-02,1.745558616195362969e-02,8.770143943805682255e-03,2.370231301750500008e-02,1.161189633284996463e-02,2.128749392525158823e-02,1.205512126585898611e-02,4.414182191708060886e-03,3.891475427291651856e-02,5.316085118042796799e-03,1.237328820680199878e-02,1.344563239184535901e-02,4.455342447687364767e-03,1.208115829025545838e-02,2.492009476533740484e-02,5.836934813169171975e-03,2.943268971901553781e-03,2.043365421506078070e-02,4.918160692135144750e-03,4.512902071051871911e-02,4.776000965783435727e-03,1.893920847951189104e-02,1.268887127160592786e-02,3.497960641395426312e-02,2.692915643915170382e-02,3.927433767791937980e-02,2.223495455458163877e-02,6.753293899219759040e-03,5.785870484690624690e-03,4.650915276286700373e-03,4.198348752796046690e-02,1.354729383986617852e-02,1.847444590787812244e-02,2.482227052148878142e-03,6.982095620225839232e-03,2.744242783758202037e-03,1.173341444754389361e-02,4.912685314253445457e-02,1.018900836236581904e-02,2.119341371933645187e-03,7.606982727968598359e-04,1.482809820888914172e-02,1.160275723001923456e-02,2.291347454458187577e-02,7.745987614293295236e-03,2.298710428190828964e-02,1.916420359021942660e-02,1.307979297972048857e-02,1.904381769103666994e-02,1.637627289601676500e-02,1.979140796760844173e-02,1.134431065911355695e-02,8.031799003816975438e-03,1.000062748538043528e-02,4.319718771628743709e-03,1.057054337901650737e-02,9.431409192010804798e-03,1.160754069299359259e-02,4.653679087392898622e-02,2.996002083250494732e-02,1.354732715707464112e-02,1.285292303393270261e-02,1.642068729392474891e-02,1.680369684765027974e-02,2.322812126643881200e-03,3.267133316135313603e-02,1.134939225367632629e-02,9.018011558536284319e-03,2.201073838273142139e-02,3.878618899328001302e-03,5.093067032225291613e-03
8.871598187341489528e-02,5.348885122928589281e-02,1.694080934643839575e-01,2.813050350641321806e-01,0.000000000000000000e+00,8.527455081500651124e-02,1.565745568992374104e-01,5.893249024004568876e-02,1.067394649595802270e-01,2.807114066528980725e-02,8.220831024843476553e-02,1.354437330040574872e-01,7.891811706424209372e-02,7.096067834840215360e-02,5.701710056726105869e-02,4.297730741911019725e-02,1.194073106553541902e-01,8.153261646182570488e-02,3.002608101537283716e-03,3.708608968385978394e-02,2.545828315550744889e-02,6.648926101378471037e-03,2.500475325301323992e-02,1.586318286701256242e-02,1.883902011390322512e-02,1.705031530568892201e-02,1.816411810492233464e-02,1.735349603343837310e-02,1.975517175774063952e-02,9.948378469041089731e-03,2.978330122225183313e-02,8.084763840992256756e-02,6.100832511202998465e-02,2.209402023562544518e-02,4.668440850122773655e-02,5.944296750534594498e-02,3.417424297350073886e-02,1.890205670951897871e-02,2.835919302912256329e-02,1.756040255559282101e-02,1.990237265665975239e-02,2.827046922508247989e-02,4.701845002486519653e-02,5.186201365218781612e-02,1.454010220003651606e-02,3.097380864381817436e-02,6.694849328252161676e-03,6.632827594038791241e-03,2.077793980747559641e-03,3.202086781223824168e-03,8.719826412544446487e-03,9.084477103282261740e-03,9.932440342333082733e-03,1.621982741386420943e-02,2.156079905906321120e-02,8.154355977441534245e-03,2.259916856863737611e-02,1.259281197345769876e-02,3.647427501452327105e-03,2.418205647189019050e-03,1.278235169386918862e-02,9.192494187500985930e-03,2.204412860880512054e-02,9.806564515702456686e-03,8.246942865942760367e-03,7.914100463596404622e-03,8.011304031333061487e-03,8.245635578352398382e-03,2.106026203702043853e-02,1.043647755363299491e-02,3.335477576664006016e-02,4.423219188743117425e-02,9.828921336595585617e-03,2.168346223357622490e-02,1.809678232937203535e-02,4.497943280709610844e-03,2.122429442229096033e-02,9.333422566114760177e-03,4.178972625857835937e-02,7.029341451874396990e-03,6.935187147728681493e-03,1.701629651408795296e-02,2.924941319942679988e-02,2.122621253495589420e-03,5.556293047382535738e-03,5.861370087483045409e-03,1.055431217221905948e-03,2.514354195177280482e-02,5.398219038007131404e-03,4.769459944883619462e-03,8.575724854320326135e-03,4.013772699208809774e-02,8.293062284867739123e-03,1.008813573707708494e-02,1.556289335808627369e-02,1.997614607517322893e-03,3.728140269706075195e-03,1.258805813779681655e-02,2.367022362968091570e-02,4.695029832463553689e-03,1.492949051527972699e-02,1.645071619847603486e-02,1.016713795235090617e-02,2.340643573243319023e-02,1.759667475987891378e-03,8.909284235501158458e-03,9.750136962154496226e-03,6.190353150273834176e-03,1.434622450034963269e-02,1.411778136394324038e-03,1.253617109271742448e-02,1.277666304241331652e-02,1.105571515790831905e-02,2.084861014666658172e-02,5.880695515986755079e-03,7.019477571483175547e-03,7.513909459254355071e-03,7.654328202165521476e-03,7.261653434841102220e-03,6.469298119354531529e-02,2.133553754583200450e-03,2.250265419982374823e-02,2.504495834082943670e-02,5.052503217279405434e-02,1.733858436796590838e-02,4.888785300594853528e-02,4.356106235235044505e-02,3.528159911631227608e-02,6.531184449632463848e-03,1.667989582283126160e-02,1.529227725348124116e-02,1.492830487656937426e-02,7.158733086585218619e-02,7.139843812647334725e-03,4.918943681205072832e-02,4.334130295834307672e-02,2.126145781240557087e-02,8.482508154421884716e-02,3.353459497031216485e-02
2.740044999239049650e-02,8.428111249242503655e-02,3.331581074855283209e-02,1.585375828700568979e-01,8.527455081500651124e-02,0.000000000000000000e+00,2.015567870333777600e-01,1.342482804238748217e-01,1.071543889392259641e-01,1.027350983543430518e-01,8.742057961363607077e-02,9.823374427823863830e-02,1.297775194204859039e-01,6.185699284277492577e-02,5.737393323175275089e-02,1.279551168764474049e-02,2.743082857877641306e-02,8.739022509031401167e-03,2.276360662467879353e-02,9.209030440827581029e-03,3.723005394891992087e-02,2.887051070903912109e-02,1.242735020943210728e-02,7.722777939774327916e-02,5.862995408578981771e-02,5.205833603594281489e-02,2.931521117007635999e-02,2.543856099380001692e-02,8.328877152536981465e-03,1.821856750254000415e-02,2.056885007989088521e-02,5.486358752920698911e-02,1.880973698453515877e-02,8.755038407079764051e-02,3.891538856572301919e-02,1.438342495040105008e-02,2.738923114513447041e-02,7.413901197066691609e-03,7.388931884731411888e-03,1.052184375640260669e-02,4.459552829887203536e-03,9.925305096348945033e-03,1.842281814004467430e-02,4.045664071085275371e-02,2.396237667276240185e-02,3.196800995316563532e-02,1.139322500706162894e-02,2.034739991826088959e-02,4.082921962610169299e-03,3.794519395430206304e-02,3.799327053776573038e-02,8.391723077759290564e-03,3.339546248218172586e-02,1.739857060955522089e-02,1.043800495007904221e-02,5.617821335400817462e-02,3.322627505686839931e-03,1.142887105087925063e-02,2.372994720262835630e-02,2.440139727069267836e-02,9.044813885963004854e-03,2.983917239830648910e-02,3.570066932693526790e-02,2.447004279534183147e-02,4.076147151446400663e-02,1.152232280469268379e-02,1.720681408784232452e-02,4.206127729683361953e-03,7.920834193740617160e-03,1.273389833784674928e-02,5.712915981515760688e-02,2.888108005458738404e-03,5.894295250153181592e-02,3.021703647202958476e-03,1.262589056597578432e-02,4.128260886925459033e-02,1.255793501722836034e-02,3.285482640217319422e-02,1.434116503842050583e-02,2.081524165175359722e-02,1.721385202525887656e-02,4.497583128562848698e-02,5.306567291858125222e-03,3.400463567596604102e-03,3.392498593579336159e-03,1.116112176367966245e-02,4.696752684648365997e-03,1.453721574142941703e-02,4.511416621081985184e-03,1.292709891008440512e-02,4.033770030572492345e-03,2.487003224676554575e-02,4.845654599067646638e-03,1.049287317542288780e-02,1.287310966025527470e-02,6.132655620513145951e-03,3.034020280005397460e-03,4.212207515271582797e-02,1.065876552498993407e-02,1.077754058808644971e-02,3.407979459852036441e-03,3.455746162911460789e-03,2.074596552450165207e-03,7.094550961672685743e-03,3.866087431823601872e-03,8.677652076860175451e-03,6.070780771909713679e-03,8.700724540673342861e-03,4.845332519431464792e-03,3.415653172711939200e-03,5.175056033824623584e-03,2.558726641458655693e-02,1.361804465531585122e-02,3.400158105954326215e-02,3.397894802146612936e-02,6.634295290596435926e-03,2.144989264331143355e-02,3.818415395621629904e-02,4.216303111187346547e-02,4.174648887628629873e-02,3.880029025334627568e-02,5.697942361019695586e-04,7.606563130767226254e-03,2.695348474044577218e-03,2.850366904329244139e-02,4.739027278379631669e-03,6.655861910311465859e-03,1.485343733245892035e-02,2.024717119242031363e-02,4.704324508101191682e-02,4.168707150734070332e-02,5.432246353856456933e-02,4.235931745094446282e-02,2.246507192873918243e-02,6.192115359631952809e-02,4.239182057515239466e-02,3.644112873112700240e-02,3.831987350676271942e-02,7.979644453641708546e-03
1.042068358254422816e-02,8.259997545347090575e-02,5.964435555743315825e-02,9.747893786030494001e-02,1.565745568992374104e-01,2.015567870333777600e-01,0.000000000000000000e+00,1.069989589495287940e-01,1.630454569726058067e-01,2.126446330188469236e-01,2.091076824373960530e-01,8.602212111048709864e-02,4.011947543288520157e-02,1.498234714853213523e-01,3.231841481580619707e-02,1.160918108714359132e-01,2.410225617005567339e-02,6.647614956300790766e-03,1.010246896375029263e-01,9.142492808877002164e-02,3.231953546236524671e-02,1.429099247073684249e-02,2.203886741396657994e-02,2.377802354113759883e-02,4.290734050337994404e-02,5.876651386682398004e-02,2.370636779549880474e-02,8.588709524339049883e-02,3.400881866715642094e-03,3.530949194808018915e-02,2.512766878609781068e-02,5.123878298426875338e-03,1.585341751367089907e-02,4.842323674858537569e-02,1.498285191829387686e-02,9.251233077873073640e-03,3.140759837840514934e-02,4.662122471866964220e-03,1.715450100020523075e-02,2.039939798689913153e-02,1.057970493555600994e-02,2.411096372262011220e-02,7.514345015095361124e-02,2.063343295732726623e-02,6.129881351078215329e-03,3.460294707255511665e-02,8.457334494118760176e-03,9.711548787021545559e-03,3.097080193320999285e-03,2.168996960650227540e-02,4.724288930695347971e-02,1.915335897311446281e-02,1.302295012541073230e-02,1.822559969374368261e-02,1.808292259758781384e-02,2.712294164782080158e-02,2.516558221314137058e-03,2.514935474689186656e-02,4.174200087777107243e-02,2.595053776562847997e-02,8.866592961663748163e-03,7.436367252875702299e-03,1.260638006474404903e-02,1.158414935041105799e-02,6.632663087531770474e-02,7.312259179129529559e-03,3.147137199298494746e-03,1.494789871811240574e-02,5.183736316228696427e-03,2.852210978422128548e-02,3.624787856518026097e-02,4.362614606243149333e-03,1.617964042900439312e-02,2.648317918310176197e-02,2.133504584303162321e-03,1.890472452496295280e-02,8.282883846428048744e-03,1.293902487362251150e-02,2.187417756994856216e-03,3.501808381298075930e-03,8.666417303156691634e-03,5.493835890639778806e-03,6.783874719324184920e-03,2.746448673665365537e-03,7.972932670622774609e-03,1.127954029699986850e-02,1.136761934771701732e-02,2.434271147921623218e-02,2.172722285494002245e-02,1.824425928565454307e-03,2.370922835504790487e-03,1.427344232643336548e-02,1.352562833114447430e-02,1.727013904710083397e-02,1.145082792224094356e-02,1.283281015641467553e-03,1.431220654221082925e-02,1.037473221718583118e-02,3.249587872004653342e-03,3.752894942496777346e-03,5.422955844471223988e-03,1.714510449372865300e-02,2.617155354388146435e-02,4.048105141293700110e-02,1.380927115349710578e-03,4.830523072149464983e-03,2.057937272246003133e-02,2.241698564826070245e-02,1.810655391279171467e-02,3.157580285392997538e-02,4.207112355520638801e-03,2.159970561256112712e-02,1.894279370337134671e-02,1.660721030180709740e-02,1.693831275598440753e-02,1.355375929269497749e-03,1.457316664284771801e-02,5.415163259086809913e-03,1.162289021365243979e-02,3.950429764369787176e-03,1.589642273712642967e-02,3.158800041920780018e-03,8.124178951664669940e-03,5.460393147442318788e-03,1.042305338442572893e-02,1.966197992487916588e-02,8.005556142874259776e-03,5.918617630995320379e-03,3.814446050372741551e-03,7.411635581211996684e-03,6.609794763673543239e-02,9.004396046856341304e-03,1.184749994310448432e-02,1.364750820213154157e-02,3.352275646567316747e-02,1.119032490319722337e-02,1.208001426433494112e-02,8.065917301438801576e-03,1.446584705529306092e-03
5.989047289816296082e-02,6.307186280937653045e-02,5.178186078363042344e-02,8.171407890201040636e-02,5.893249024004568876e-02,1.342482804238748217e-01,1.069989589495287940e-01,0.000000000000000000e+00,1.047229931477705045e-01,2.363165704306202652e-01,1.604959288688653785e-01,2.100431655764099792e-01,1.637469560580051553e-01,7.042499670531653100e-02,1.238943982497308499e-02,4.868834909289975615e-02,7.081639418845871170e-02,7.058781468502478562e-02,2.780605043057698955e-02,1.076260549570967444e-02,3.960863944795273844e-02,1.454622675070956807e-02,1.987979135041824472e-03,3.524129202308921849e-02,2.686106219125566907e-02,1.210341118357824083e-02,4.527480886601300582e-03,1.580987958924447850e-02,2.021087270880185527e-02,1.075694372706400941e-02,6.471852386161756378e-03,2.723660325993359707e-02,3.047359205799343024e-02,2.495225895239453970e-02,3.149509987369065317e-02,4.805665718405532222e-02,5.178532798937148657e-03,1.378556847616770747e-02,6.804176037850462669e-03,2.234124613061717543e-02,3.344648241138885314e-02,8.069616245089410514e-03,2.526919931393470029e-02,2.728029407701134876e-02,1.342638813183169577e-02,7.139670837596700202e-03,1.333774648426368226e-02,4.016320768556416732e-03,8.368506126676491727e-03,1.687124800772963262e-03,2.054156935061249648e-02,9.383575356088098146e-03,1.445579127073835443e-02,3.034931357231232876e-02,1.269998236328689911e-02,2.490827425851633789e-02,3.033429493463147067e-02,1.198771085744553162e-02,2.362355006642093830e-02,6.316861067551846932e-03,1.443683988641317195e-02,3.904455132349177182e-02,3.789704640006689995e-02,1.193552209559805601e-02,7.836407473853853820e-03,1.113132180044953956e-02,2.766340809388227392e-02,8.832851417907839481e-03,3.818483580606271688e-02,1.250107760865643361e-02,5.363043950712308855e-03,1.981995215416544956e-02,1.762720504817731973e-02,3.845021410062203493e-02,1.648392380008120934e-03,2.990080939139771327e-02,5.344408634548676769e-03,2.385906939737569496e-02,9.586146575763173500e-03,1.743288261848965209e-02,1.443035400864994822e-02,7.908319302979856941e-03,1.808271398596901156e-02,1.092285386525169814e-02,1.498176769392066746e-02,4.389572490164812824e-03,5.803830506054771278e-03,4.803772361401515041e-03,2.897755822147879759e-02,1.887531741538201954e-03,7.837178916282909122e-03,2.111782316504013518e-03,1.645693744119448160e-02,8.950440800623281692e-03,8.489492951923187369e-03,8.219098873609760256e-03,1.198853839357365801e-02,1.250167142664616697e-02,1.287500194335998958e-02,4.067809057238318954e-02,9.261096962981146125e-03,1.178181496178969459e-02,2.476293443870272639e-03,2.708910472738492586e-03,5.587255794854233820e-03,1.037131677964074454e-02,1.970554464285245895e-03,5.438466239444953755e-03,8.963816994333774490e-03,2.176347433817500676e-02,5.102210859789250985e-02,2.334333717546381928e-02,3.243611638966651528e-02,5.009141810173436266e-02,4.441226612315963933e-03,3.566257077877952458e-02,1.545939532358196755e-02,3.244938633876255901e-03,1.289461373350276122e-02,2.157941954604706419e-02,2.530264846901175441e-03,1.759025064111175915e-02,3.387058446875754886e-02,1.583556281588101994e-02,2.271903794866758988e-02,4.651571040471563084e-02,4.932737748975332681e-02,1.615400890266112735e-02,1.560971760515443389e-02,1.370152187572624622e-02,1.959927431626419178e-02,1.608656315754854182e-02,2.874690153879750840e-02,1.742041275508018905e-02,1.116845797638721036e-02,4.992664645636536724e-02,1.889231141896421939e-02,1.533214505175386697e-02,8.051037141810896830e-03
2.139889083124458732e-02,2.329820854101869246e-02,5.235827737086035105e-02,1.028527595145548590e-01,1.067394649595802270e-01,1.071543889392259641e-01,1.630454569726058067e-01,1.047229931477705045e-01,0.000000000000000000e+00,6.924893636623805082e-02,1.798500416236706867e-01,2.932757476946770137e-01,2.047317993558942506e-01,1.233191422441662216e-01,1.951647273056426046e-01,6.565843179912403405e-02,1.242135586232360894e-01,2.938519978063759697e-02,8.056985608620738371e-02,3.208118552231727094e-02,1.325523399512161526e-02,4.287647322475197226e-02,2.996842963871277840e-02,1.494521641294479196e-02,5.978827700698823022e-02,1.968034512105671860e-02,7.029160109689715219e-02,1.534362624010998481e-02,1.889367473111742621e-02,2.439359884444699048e-02,3.388309279070247926e-02,6.562821141101916889e-02,5.384481570425589565e-03,2.685213337190003532e-02,1.625652103509513113e-02,2.894941177754391769e-03,7.424510134675375503e-03,3.908442128421309170e-02,3.033827483540814732e-02,3.237015915353046863e-02,5.519326933110572930e-02,8.884943726431095146e-02,1.770061216999571294e-02,4.236654219543481426e-02,8.985133352639949889e-02,1.435913114746918337e-02,2.417764598992669031e-02,1.822069862566052731e-02,3.737286124509842794e-02,1.066219105791227535e-02,5.059724150442827285e-03,2.105025103703712236e-02,1.407666463559668381e-02,1.986107729428430394e-03,7.742209437311153332e-04,9.814052352820436254e-03,8.685310519121034259e-03,5.062585326130716705e-03,2.354301571221945749e-02,1.475941655263773508e-02,1.346406521492399429e-02,1.606865763817614048e-02,2.483017197925356783e-03,2.455163222700777748e-02,1.575561636345064812e-02,2.326036605455543069e-02,2.475942517455880995e-02,7.687503255435412450e-03,3.524038571796132314e-03,2.440485899897518532e-02,1.964195236209198558e-02,6.968846560394658524e-03,4.698109382779488453e-03,3.762710809913499127e-02,2.484995523708962220e-02,1.705866330549556456e-02,1.043859306918408850e-02,2.865554217800325362e-02,1.345735937381721536e-02,1.056685902858468633e-02,3.465942994853608849e-02,1.172641608847657495e-02,2.423669409319937143e-02,4.973482461952034341e-03,1.847738228032714484e-03,2.933765347394360484e-02,1.910459067999611960e-02,1.748879848691549735e-02,6.100361481615734598e-03,2.367077566675152966e-03,4.043949736903457159e-02,8.314275977498793158e-03,1.431671177785051423e-02,5.563364746975837417e-03,9.634867828172757886e-03,4.450454406730523782e-03,2.699808896546171053e-02,5.737601360270546194e-03,1.024230808200291172e-02,1.264744514059942294e-02,9.556804003519823662e-03,1.619645894730474458e-03,9.919109247239498578e-03,1.582492459556852221e-02,1.088030862138466767e-02,1.212250867533685127e-02,9.994740427293487273e-03,7.630424734144487624e-03,2.250231397773397226e-03,1.151166704468825804e-02,2.313981209148436788e-02,4.759717059565842651e-02,7.549983818980746629e-03,1.439893183469926306e-02,3.452840125030839230e-02,2.819246319582693894e-02,3.743835129554913543e-02,2.560958463793902920e-02,3.567702097536983117e-03,8.266820124963632568e-03,2.887997148843338829e-02,1.516289931552616300e-02,3.508962170865167346e-02,2.695248927848174075e-02,3.127990243859850306e-02,1.758539845507721758e-02,1.079816268344839514e-02,2.099588232856345119e-02,8.565384931995942766e-03,3.610144134563602475e-02,4.186756093134191836e-02,1.475582550588028924e-02,2.207034689359321789e-02,7.658597556070696928e-03,1.402614605381928559e-02,9.777621123332117317e-03,2.722492019877300468e-02,5.548418027863704673e-03,3.916189250575342201e-03
3.962215456947528608e-02,3.751306275397333495e-02,7.592008949147836805e-02,1.020935926261862386e-01,2.807114066528980725e-02,1.027350983543430518e-01,2.126446330188469236e-01,2.363165704306202652e-01,6.924893636623805082e-02,0.000000000000000000e+00,3.467217507486271555e-01,3.114252235445865713e-01,2.305178608711791477e-01,1.280264887418510744e-01,3.756546884211917764e-02,3.818420628167536884e-02,1.308483753544698557e-02,2.362088981103444701e-02,5.631228018643485989e-02,5.247291319775206769e-02,2.949202169557588876e-02,1.601611921677952022e-02,6.623196997770311456e-02,9.820954690361491726e-03,1.600237529775204795e-02,3.319204955556382536e-02,6.141318197436140131e-03,1.154220299729215131e-02,2.452811511849161200e-02,7.421994697049626166e-02,5.683713283613955891e-02,3.566912653609103506e-02,9.531426987664732078e-03,7.981327771076719702e-02,2.258536088929706878e-02,3.156688318907503732e-02,3.181958522706639092e-02,7.518541291136518478e-02,4.907398582966695372e-02,1.062644462480888952e-01,1.680529387021663379e-02,3.612030373649042364e-02,4.754957568358478270e-02,1.320051003465361021e-02,5.936379988261274859e-02,8.079087500656943407e-03,2.173506244447979269e-02,3.831046835994555977e-03,1.319409021467487890e-02,1.706909040134715547e-02,4.245281106827268613e-02,3.131070447402532764e-02,2.522063469508939448e-02,4.473480075639467424e-02,9.915473866537474756e-03,4.276469594518560180e-02,2.572423496640552712e-02,5.873182473180794255e-03,7.409211673761653683e-02,7.179529048646430232e-03,2.471463932692579898e-02,2.803973029657566216e-02,5.781873862641633000e-02,6.508653637221860008e-03,4.144539023238925229e-02,2.344048311352856656e-02,2.461514007427324444e-02,7.891236960898696806e-03,3.906631060639366437e-02,1.248462593258141060e-02,2.182669116488546168e-02,4.526734190885366160e-02,3.865997265657689086e-02,5.154523753298838329e-02,1.075341351759210619e-02,2.781599645487286068e-02,2.253524340752016339e-02,7.004415051938651937e-02,1.373272471951393972e-02,4.819757831896352707e-02,3.096184815163579088e-02,2.088042205843428090e-02,4.873029692909345428e-02,1.695367554794380976e-02,9.232409489439851943e-03,3.327372516482247043e-03,4.423010945756774767e-03,7.983222002753127475e-03,1.402440652133334076e-02,9.185532484131985961e-03,1.421114143535901798e-02,5.757625207810050140e-03,1.443115903198590767e-02,1.088885089821265383e-02,1.608049213469271363e-02,5.760714327194201533e-03,1.486359439338086341e-02,1.949018368409705798e-02,1.276859103415701503e-02,2.598983301080423289e-02,2.558926787549654219e-02,4.159566009445650817e-03,1.962429482026126215e-02,4.280668118998264687e-02,2.168378805668677231e-02,3.306657385094910473e-02,5.250727527950321653e-03,2.604975990695286483e-03,1.494001295609489327e-02,3.387837180488930105e-03,9.025109725889905385e-03,6.567387177705786769e-03,5.893871768929146229e-03,9.909187265943263795e-03,2.873556117670656839e-03,4.763595275917280152e-03,1.495606394147100740e-02,2.320561180938285686e-03,5.897745787783477411e-02,2.778754650243622868e-03,6.301335931004393986e-02,1.299066652062502020e-02,1.549968939812449223e-02,8.418766321381228324e-03,6.441384429643767784e-02,1.004672352225846055e-01,5.320297969531288113e-02,1.056781464045577629e-01,3.563157340785103044e-02,6.141746564643892417e-03,4.611466027614342239e-02,2.052938950435222176e-02,4.779567880156862514e-02,2.310253718615299171e-02,3.168783962378300678e-02,8.544658559894165173e-02,2.820448142420311707e-02,2.169320362574210168e-02,2.152616623557349410e-02
4.079427170917727941e-03,2.912063439458865977e-02,3.511256351996024094e-02,1.126342283333964384e-01,8.220831024843476553e-02,8.742057961363607077e-02,2.091076824373960530e-01,1.604959288688653785e-01,1.798500416236706867e-01,3.467217507486271555e-01,0.000000000000000000e+00,2.098103016261531617e-01,2.058892376033671923e-01,1.089504491576761130e-01,1.115955170928583373e-01,8.437005420102404452e-02,1.566360373999221151e-02,7.894532234291884443e-02,4.863354623313950048e-02,4.817982222058989766e-02,1.377431653786732046e-01,7.829195365138327811e-02,8.599660022725205688e-02,8.745105182803007693e-02,1.727734603382611450e-02,2.571293135505427901e-02,1.077567997995616984e-02,4.343256570772430908e-02,9.368823868957985510e-03,1.979113139154999035e-02,5.213203980516513056e-03,1.139113553422595355e-02,5.058570520193970271e-02,3.737503093839618373e-02,5.790466720869782286e-02,6.082905001248188614e-02,4.406461023706904206e-02,3.840956489964595516e-02,5.262960028989022154e-02,6.818305391980900021e-02,1.848676023149269099e-02,1.966228114967698976e-02,4.555970738175266904e-02,2.268023596530578667e-02,4.202255748246637446e-02,2.149440787384594709e-02,1.469501866145616177e-03,2.494602689401087189e-02,8.269830641563181636e-03,1.445688574480736514e-03,2.994919730899929175e-02,1.128249231689013206e-02,4.059919229420860115e-02,2.165400321108431128e-02,2.732388953729607273e-02,2.416305336089002651e-02,1.602879589954264369e-02,1.420015158365315992e-02,1.071892850582475444e-02,3.534088185151193755e-03,1.034434302636370873e-02,1.101344244370764010e-02,1.455231632682035467e-02,6.868233104134176606e-03,7.954615044538437124e-03,3.081723352707336008e-02,3.202322946505357232e-02,1.993940071485053936e-02,2.989523038741927208e-03,2.671324953856259524e-02,4.128571691137537109e-03,1.263311816220415856e-02,1.320153940376565457e-02,1.437169471305117796e-02,1.776913753817754502e-02,4.256904629113821004e-02,1.070978237376445270e-02,1.007041723643766970e-02,2.743954224912193221e-02,2.754918782323850443e-02,7.232522348516159418e-03,4.035566882131701866e-03,2.086693821753629954e-02,1.446557702012712075e-02,5.884093313503633606e-03,3.451372428018175537e-02,2.339658969867769792e-02,1.158681447286301694e-02,1.901704508863744439e-02,1.689122702540905158e-02,1.015663818202237889e-02,2.656123602550855816e-03,3.522208950998380068e-03,1.284967656633967219e-02,1.260355206088836083e-02,1.091035875456123141e-03,1.560372984284477856e-02,8.323138691823404878e-03,8.799680427699262120e-03,3.164587697008531403e-02,1.591155893059609944e-02,5.624545020431335335e-03,1.757860226728473127e-02,4.708414272394680772e-03,1.146789695833173861e-02,9.833985047113896066e-03,8.505439602298721369e-03,6.791539377225426326e-03,2.034691361186108383e-02,7.965070804357892234e-03,3.140242190293682928e-02,1.670559519978539673e-02,1.757281690245906039e-02,1.191842393195203381e-02,2.336582794468886753e-03,2.424178688739704601e-02,2.369877770663019346e-03,2.763928257260883734e-03,5.386079999600665476e-03,9.865146171521885221e-03,7.973141231557767314e-03,1.798078661428868796e-02,6.168801294430953375e-03,6.836917904577754362e-03,3.114373649530312316e-02,1.272364982486753025e-02,1.150622042211331582e-02,1.323519940939061126e-02,7.061546465945917408e-03,6.836992794997256463e-03,1.178796479017092495e-02,2.860181447018989714e-02,5.766430488529994403e-02,1.188047310395569899e-02,4.626735203543407005e-02,7.799664611176439742e-03,1.890407307319218536e-02,2.688002162536083303e-02,2.659338835290102083e-03
