0.000000000000000000e+00,2.602894208640762347e-02,8.973126807225755008e-02,2.628358945723816356e-02,3.229267087511729362e-02,5.860349905151958534e-03,2.590565468893172955e-03,6.076312074510674052e-03,1.809117520517704997e-02,1.682632465174619535e-02,5.377659876900794944e-02,3.181848783236569667e-02,5.175544831076761554e-02,8.952876169672342385e-03,4.236603806975330205e-02,3.203770490581570041e-02,6.424643731216725384e-02,7.843784182499997232e-03,1.798868264610690645e-02,6.934206507011506614e-03,1.230543220585001395e-02,3.641569041148434716e-02,5.978370431270659154e-03,8.749494816230000277e-03,2.169215582934711298e-03,3.297949435752547866e-03,6.556846481728911824e-03,1.132825802104112621e-02,2.603517150162302715e-02,3.606865737239171171e-02,9.530124310593418233e-03,6.134506714961787330e-03,1.356627448168639359e-03,1.092106383123899252e-02,4.606576986605661131e-03,4.520256235039691109e-03,2.929371615200603192e-03,7.469605788680431548e-03,3.091086145276733185e-02,9.913672002676858844e-03,2.073252812928558578e-02,9.722324852526420189e-03,3.227742156480821380e-03,3.238611981494578934e-02,4.762283297484810191e-03,1.512330855044194747e-02,2.565341967730969640e-03,7.084780240129572200e-04,1.404130173695028981e-02,5.237356317664446266e-03,1.734599429526139346e-03,1.952538173263619137e-03,7.543737258398691345e-03,2.507142117029183617e-03,4.482901046302360457e-03,1.448923042813664470e-03,1.358291452923264617e-03,1.678639640057545375e-03,8.595915040420109730e-04,6.988556850009621652e-04,7.728441296792338926e-03,8.777424260401648845e-04,2.726872182998853894e-03,1.587436565833744498e-02,6.178808556808758866e-04,9.580447629123103187e-03,2.682099649419953866e-03,3.270209332585442309e-03,6.313581099836348791e-03,5.493641891026538639e-03,3.753935720664537071e-03,3.569547460447757350e-03,7.101284873550352088e-03,3.931973610721854230e-03,4.099439279598785825e-03,1.549870254234706054e-03,3.983119489625636285e-03,1.117004488162028769e-02,5.967961694914942355e-03,3.500911404067387402e-03,4.204422925991205783e-03,8.984635965775243996e-03,1.950766623357148150e-02,4.939010102824344280e-03,5.569077914615550365e-03,6.921323193673217279e-03,1.997873664003277545e-03,3.089017533207112469e-03,1.468924895980454901e-03,6.342435812721497305e-03,4.357767796130055347e-03,1.323815995453611963e-02,3.133744344854876712e-02,2.234967740544194226e-02,1.460850540104279352e-02,4.215621862989227080e-03,2.062786797830157021e-03,7.155428222246897237e-03,5.729037495569490150e-03,3.774434851248257335e-03,1.697057354685452615e-02,4.872146184658920041e-03,2.658984675691612558e-03,1.588750420251044569e-03,1.175469156626454594e-03,1.305641287402303091e-03,5.797075771893614622e-04,5.828041778605986926e-03,1.101650422570871765e-03,1.604251231954063536e-02,6.369642918870821457e-03,3.430576903682651130e-03,9.864344017661591524e-03,8.919752902310354448e-03,2.227117967719304675e-03,1.828602456678186505e-03,5.261363823253033256e-02,8.360135341230196318e-03,1.451460925725992120e-02,6.413056807401147641e-02,9.511433415503258229e-03,3.409825789897649728e-02,4.310149066800445482e-03,1.645635506051148014e-02,9.662359887802425898e-03,2.461765180111298579e-02,4.894219147163767283e-03,5.814839245660565273e-03,7.340689883484714275e-03,7.536008959461214761e-03,1.243288040585854327e-02,1.772794147782041224e-02,3.657166688952581072e-03,2.735635635360344348e-03,1.519574537053854611e-02,4.283703404243514347e-03,5.263053127696017131e-03,1.989776212556956456e-02,4.719051402576134903e-03
2.602894208640762347e-02,0.000000000000000000e+00,1.390517000981988383e-01,2.651903949811749289e-02,5.052440116849019752e-02,4.669606785519982151e-02,4.820213870787656667e-03,2.883003305775392114e-02,5.332101283832284960e-02,7.029857284689314256e-03,2.460076503359810707e-02,1.079335843959110426e-02,1.068784334413540836e-02,6.783017869384098952e-02,8.365640378622073506e-03,2.304936500095928001e-02,2.829896119673369972e-02,6.617932623482193633e-02,4.890847223236096525e-03,2.137020653228749456e-02,4.847244669972534947e-02,9.471753248677069678e-03,5.774208607992614706e-02,4.192868023564395169e-02,7.561090853534696565e-02,6.782903741673458609e-02,2.517035487275913128e-02,1.800105348196393354e-02,2.040997632420102001e-02,3.359393393709292353e-02,2.628258872838083043e-02,1.895457743829323874e-02,3.149436246972542059e-03,2.283640192402736427e-02,2.287754076134217857e-02,1.868472700581179716e-02,3.853684508878647136e-02,7.725823587989717744e-02,2.786010973665100851e-02,6.960589478247569684e-02,5.416323332354546632e-02,1.486518811534789930e-02,2.788896417175163941e-02,2.917859626701190673e-02,6.259919737280209180e-03,6.898331179115289175e-03,7.752559142811308798e-03,1.495343981131355866e-02,2.838645036812032299e-02,9.312537443534657858e-03,4.875018638238905362e-03,1.546964640503226910e-03,3.609349612659647384e-03,1.014717477753012548e-03,1.104237520102605398e-03,6.468784904098022134e-03,4.133856435085284629e-03,2.607113128262321215e-03,1.096831962387319077e-03,8.155884906229844168e-04,4.554389927250893956e-03,6.563050034190102966e-03,1.258307241771645241e-02,1.937315458177922903e-02,3.319622041016774983e-03,1.386152746374247173e-02,9.637973323265882145e-03,7.182654542527946301e-03,2.049249186694506591e-03,2.542739111137756140e-03,9.504054865695492783e-04,1.689577553141947660e-03,1.877648474720009387e-03,3.967989886797259648e-03,1.452295124231081083e-03,3.650848554610573986e-03,7.216857328261932526e-03,1.309391886253585997e-02,1.863995715920170951e-02,1.259536232834815306e-02,2.124221728577952665e-03,8.202580434279647947e-03,1.891156173246741562e-03,1.275550729314095738e-03,8.403883681819563495e-04,4.420668802828376688e-03,4.282357092175301770e-03,1.062888465006478489e-02,7.550946958408506424e-04,1.185383618527613772e-02,8.526529520184993743e-03,1.688992720141069270e-02,1.559214801732112035e-02,7.347804029263867685e-03,3.463562025008064954e-03,1.181804560596902507e-03,7.181726688324611974e-03,1.846137300520562076e-03,1.073344983727973767e-02,6.368292058195531300e-04,3.646609083321200942e-03,1.747349097457176698e-03,1.486552281547929861e-03,1.694267630514176282e-02,2.368611868158383791e-03,5.062387348481077985e-03,1.209029895029959875e-02,7.247383730287745678e-03,1.332412214128469996e-02,6.605795068499769468e-03,1.096259635741718419e-03,3.538824225919133103e-03,1.217464224552360563e-03,3.254985659459658058e-03,1.948561439862198097e-02,1.118311772725810553e-02,5.661475892233816358e-03,2.343322510330938385e-02,1.627522066826600847e-02,1.408777063757767761e-02,4.127972443552624902e-03,5.809987139469646733e-03,1.602082255909835148e-02,2.507732732330901580e-03,9.734129615362497072e-04,3.609223748078867460e-03,1.130115923848877893e-02,1.980714885880024891e-03,1.439186671157715279e-02,3.667588085594594705e-02,1.921810619306335566e-02,1.339779111569305500e-02,1.400403577754058722e-02,5.760091850258320517e-02,2.421087182499401247e-02,3.114313595363107229e-02,1.480211953509417457e-02,4.366345238000250359e-03,2.860916756226882657e-02
8.973126807225755008e-02,1.390517000981988383e-01,0.000000000000000000e+00,3.902903979680649726e-02,5.733366050959488869e-02,1.748947370007139165e-02,6.037238811514818344e-03,3.597273869920317863e-02,2.794657994625169770e-02,5.076793478484202538e-02,4.100344103605342572e-02,1.254060167254091550e-02,4.732807599471541143e-02,5.402762469274649537e-02,6.802368501800970524e-02,6.362341143456567982e-02,1.003018593842506384e-01,8.742787055663493040e-03,4.806068989051834328e-02,8.125789657099813379e-03,1.711182283368835669e-02,2.607817612065268728e-02,5.503233940854380252e-02,6.974355601506496312e-03,5.009512668255738932e-02,3.584022958466863418e-02,1.111656054245485463e-02,2.185476438662687509e-02,1.695397643836555820e-02,9.141857874234353074e-03,2.389661310198210736e-02,2.773708570819300237e-02,2.678989645472442879e-02,3.381071433326257591e-02,1.447764627919633992e-02,2.473297344192370087e-02,8.952285052543021426e-02,2.743020563345391002e-02,2.332205365740823433e-02,4.506026296390326646e-02,2.060709705302778139e-02,3.887176220811028315e-02,2.734553290246756127e-02,8.077772112350164319e-03,1.670765039608028413e-02,9.357504270011290232e-03,1.035151837331700457e-02,1.750922474098418405e-02,2.206410969470806727e-02,1.293538576682505721e-02,5.479369055130660013e-03,3.108630017380140651e-04,4.320616016826847421e-03,2.961228351980314030e-03,6.902038048351185999e-03,2.172963113848833984e-03,2.429691808530229022e-02,2.511381638178091999e-03,1.427404515125570844e-02,1.405842418999409330e-02,1.153770816546262519e-02,1.029022828225079414e-02,9.548342184543546704e-03,1.034542718695556467e-02,5.137596348511012934e-03,1.019771802494896275e-02,5.165754572358059217e-03,5.064611393170836279e-03,5.414784072944375110e-03,3.752660448058878304e-03,2.412048829659552834e-03,7.424476134551924456e-03,4.182041031801803435e-03,1.000820038237263190e-02,8.031883909186030360e-03,2.680645609619405900e-03,9.703894605436332380e-03,1.650181770528231714e-02,1.106020797390412300e-02,1.496190627542246139e-02,1.579783441726500615e-03,3.548171333322428823e-03,1.210832658391314091e-02,5.399774038693443828e-03,3.521569568122916768e-03,2.918559477164460111e-03,6.955848781414643430e-04,3.316679802755402844e-03,3.635282491529345968e-03,1.973630004933571002e-03,1.371031158311936983e-02,2.904115297839970564e-02,5.998488430289348333e-02,1.488420681697938570e-02,1.071194452808738040e-02,4.690620785511373340e-03,1.040144636133691694e-02,1.235751579339454745e-02,1.325683118153546738e-02,2.298587229412982907e-03,4.747655546018925317e-03,4.295388443881628313e-03,2.384765328537120747e-03,4.136957844888485697e-03,1.244917195539606758e-03,1.209634969605899620e-02,1.789251944964937585e-02,7.775697466459638094e-03,1.299847501309997141e-02,9.675566729069327507e-03,2.420822862120103596e-03,1.250001376262381428e-03,1.206803530147634342e-03,2.580747822061613649e-03,4.183039694563032464e-03,2.990618462699549257e-03,1.168753369850906651e-02,1.334969101175972027e-02,8.751735475951627138e-03,3.710730079980142926e-02,9.106600697321144688e-03,3.094496373800505185e-02,4.625618686267485291e-03,1.209314128328259179e-02,2.086856760888322181e-03,5.953298094957775247e-03,5.662602314329428892e-03,3.294892383805013165e-03,1.040007399334351781e-02,1.152353777421559478e-02,4.439129062830132061e-02,1.644842168746103034e-02,2.189226333991863699e-02,1.545518035129742063e-02,1.245462183212271007e-02,1.457093212738093217e-02,4.577151936408330006e-03,1.749714564122608132e-02,6.028644186556793988e-03
2.628358945723816356e-02,2.651903949811749289e-02,3.902903979680649726e-02,0.000000000000000000e+00,4.387946242407185504e-02,1.988032678892717384e-02,8.268902365390122522e-03,2.646741009828424904e-02,2.360072082118312015e-02,3.898755658577497674e-02,1.078405889876112994e-01,3.584237137030319570e-02,3.974988537278754258e-02,2.880547812684794776e-02,2.416612072630065430e-02,4.575272061765522924e-02,6.995718406225021058e-02,6.659454737494560628e-02,6.861336957601953113e-02,7.095215945653059186e-02,2.924004908136653910e-02,4.174714650732154475e-02,1.629905094745475597e-02,6.978055618916369045e-03,2.043371256840830277e-02,2.257889492779271284e-02,1.275088913747233349e-02,3.923191179063231782e-02,2.291702906525185102e-02,1.819316597921915440e-02,1.330118717668361990e-02,1.632609332618240386e-02,1.231228030397834433e-02,4.413969953105185973e-02,4.843012760026632613e-03,5.731795188195337384e-03,2.288728762918266005e-02,6.547896663774525894e-02,1.107108840912584234e-02,1.339509945696385623e-02,3.918007534937666125e-02,3.006283548634390221e-02,1.263234234322808958e-02,3.151129766335915294e-02,4.069101977611200294e-02,1.357146452837191056e-02,9.871019262333325175e-03,1.402443745017076943e-02,9.241514469298717227e-03,1.816949269137074167e-03,1.383200960114859372e-02,1.134819453838988891e-02,5.163822908480852382e-03,6.559947157854050144e-03,3.978568966285824828e-03,2.238191424453078206e-03,3.334750393321775364e-03,1.357051887388399268e-03,3.238636318778552198e-03,2.984541611446816199e-03,5.221556740913171554e-03,6.635482191745090998e-03,4.441276869223627181e-03,1.498569680748483134e-03,2.143715160573914438e-03,9.839237629856000932e-04,1.979983451020477739e-03,6.302293769797917729e-03,3.923077333164985692e-03,7.895200045078411277e-03,1.433915677959307459e-02,1.210891127421400218e-02,1.051738334957822395e-02,1.108735343490254485e-03,2.985757456479151261e-03,3.243650780045255217e-03,2.922361733231309926e-03,4.344886962494576288e-03,4.376290504467726834e-03,2.816616086443730297e-03,3.599164119714031405e-03,1.682210474634923550e-03,2.089960763896412874e-02,2.759642191499668638e-03,3.162377468390922906e-03,2.261916836625591821e-03,4.652214054540149309e-03,9.153076124112022316e-03,1.275951747439224397e-02,4.740700856987883904e-03,6.972111511897985392e-03,1.403994350491442368e-02,8.494433562504233315e-03,7.507631206731556206e-03,1.037019755395912103e-02,1.797917289011471270e-02,1.271001396441156540e-02,6.441200626485725500e-03,1.734704252346073658e-02,4.287915040676693566e-03,4.687127003093343423e-03,5.962053995909184258e-03,1.749582826937217013e-03,1.344147121781299635e-03,8.829242569699399801e-03,1.681610520554989094e-02,1.383135110638372342e-02,3.118356478529859047e-03,1.969939463292898207e-02,9.368950454252202714e-03,2.829124047863498023e-03,2.638564781791382860e-03,3.810651096158627470e-03,1.880503107098798745e-03,1.893143076371538126e-03,2.494005323044691524e-02,1.110701988845458170e-02,8.936412898431595961e-03,8.816567655524036942e-03,1.713025139953944578e-02,1.018548281497452974e-02,7.423009096015435564e-03,6.280071239165956921e-03,2.056554402204681734e-02,1.928019835988635175e-02,1.785994314876168318e-02,4.728596791034730615e-03,1.405365287337105584e-02,1.297621048684921043e-02,4.527509851970343280e-02,6.302896527061931965e-03,1.592599953766709805e-02,2.141785681241855505e-02,5.879764415193883265e-02,4.964894828347948819e-02,7.608329893912108011e-02,1.976535787802631908e-02,8.113584439647918839e-03,6.098095091962389691e-02
3.229267087511729362e-02,5.052440116849019752e-02,5.733366050959488869e-02,4.387946242407185504e-02,0.000000000000000000e+00,6.223742041637470024e-02,2.107778523694825781e-02,4.071550875896853827e-02,1.255637558818370816e-02,5.164875542280906312e-02,1.636635654033999077e-01,1.129223842164528979e-01,6.520992632406105716e-02,3.265617138902905670e-02,7.583288105934375689e-02,5.000419699892118264e-02,1.955347677702697420e-02,1.988372603578978520e-02,5.285966056785471739e-02,8.215731978724696849e-02,8.909253268502089276e-03,7.634790426401122376e-02,9.050861352062967644e-03,2.058274258112863589e-02,1.932718664386933252e-02,1.026978639663788176e-02,2.357194725515476125e-02,1.962413883348597746e-02,3.453141587420603675e-02,1.591641971115106621e-02,2.347967915731268354e-02,1.458226834637835201e-02,5.151809745545304561e-03,4.434454185040650337e-02,7.524393929262735217e-03,6.372905950471861695e-03,1.569553500513960059e-02,4.031189687170352171e-02,3.303003046417107846e-02,1.468389150683851833e-02,2.227876825372455960e-02,2.876219821044389072e-02,2.710958973486627885e-02,1.081374062045844554e-02,3.286033672537703315e-02,3.192062493012983587e-03,6.353871591137241238e-03,8.502267915480475266e-03,1.709443681807192028e-02,3.006157744179634769e-03,1.174838340235016820e-02,6.095068792241148045e-03,2.349440628898804510e-03,9.491074068716132128e-03,5.657228212194225989e-03,1.379334011492445132e-02,1.471750506597186911e-02,2.526640885502004757e-03,9.746068952890306683e-03,6.594024458300785756e-03,4.240447942821498443e-03,9.018424339083543724e-04,6.604274910125474372e-03,2.931201746047956518e-03,2.333663742063420404e-03,3.877079606253296118e-03,1.228770054136684407e-03,3.987956949138587136e-03,1.286120086092098873e-02,8.852450382208597660e-03,2.355005477811921571e-02,2.655340793422800074e-03,7.158551665683025172e-03,3.327854423478326940e-03,9.854529720550163699e-03,4.612696157733570460e-03,1.026620078450685494e-02,1.063780925741879442e-02,8.232179400736477914e-03,3.929249109974955467e-03,3.153664370389804364e-03,2.075946123937367268e-03,1.269326230554176232e-02,5.282457721980213412e-03,1.339519547006341868e-03,1.392655677665921229e-03,6.411509850868588392e-03,9.833378347351208817e-03,4.428701642393346148e-03,4.637704476924670201e-03,3.652171812861120491e-03,1.485058569565842965e-02,4.747406517913183716e-03,1.914124175628261620e-03,1.435678519675303438e-02,2.411266119502830305e-02,8.614826588289286116e-03,4.894148103183780171e-03,2.220724793325874052e-03,2.071474011594159892e-03,5.958816009895065262e-03,3.370879207997454566e-03,4.155541014002995387e-03,9.952100245776984017e-03,1.717695682472395206e-03,2.028825582362782723e-03,1.245681996995243743e-03,2.313521427576231172e-03,4.742966709911428298e-04,6.010277776725012067e-03,6.331072131559752764e-03,9.105892398260805390e-03,3.854164327285785913e-03,7.845172654163548934e-03,1.341499988592124732e-03,5.232496609078094059e-03,1.286357234339059394e-02,3.366434818747312315e-03,6.659950427995971547e-03,2.651162656029116757e-02,2.716407722933508739e-03,1.185246068047317650e-02,7.269889332000950034e-03,2.621047401964980705e-02,1.754761831676253728e-02,5.243365181282930165e-02,3.203379438555283790e-03,1.213853578122310248e-02,2.922731779135986918e-02,5.250049666206360599e-03,1.020610617748060958e-02,1.190472672952799620e-02,3.422341460704825256e-02,3.766550351493495874e-02,9.461994818173108737e-03,2.514566172066173139e-02,1.439946513819074549e-02,2.299322308266200238e-02,2.682448126873220734e-02
5.860349905151958534e-03,4.669606785519982151e-02,1.748947370007139165e-02,1.988032678892717384e-02,6.223742041637470024e-02,0.000000000000000000e+00,1.214752214762863589e-02,3.021695018792643420e-02,2.793791397641742780e-02,2.145980411084071754e-02,1.407256389723855194e-01,1.106210184769329183e-02,2.562599709125535849e-02,6.890655832375143508e-02,4.121127468037899533e-02,6.968173383728282211e-02,2.433588235009351633e-02,1.805829661330839858e-02,4.254100829024441005e-02,3.889974774317717793e-02,7.446488686078066126e-03,1.772023762847111175e-02,6.914852482479203269e-03,9.632519428632338801e-03,2.694931712905279664e-02,1.405605124507475386e-02,8.339866980393424029e-03,2.947018664118884052e-02,1.453671000537130886e-02,1.982723571821974964e-02,1.248437160837803997e-02,4.527153867156851440e-03,4.339097641088181766e-03,3.183198030836710546e-02,5.125679338345804671e-03,1.548173948741400109e-02,2.955659454253167003e-03,2.045106889476180564e-02,1.785291561312654651e-02,3.406424646956107520e-03,1.473127857055731363e-02,8.112034084221352720e-03,1.576195873084953666e-02,1.589982058172451432e-02,7.155642604407203358e-03,9.421509533516628232e-03,1.119215953914913346e-02,5.897808381414142501e-03,2.598869609280498455e-02,4.595049923496269395e-03,4.600093289222890840e-03,3.771716785689305761e-04,6.507452980473419843e-03,2.037287343230619746e-03,8.579560811945654989e-04,1.868570539841107317e-03,2.009153220233861597e-03,6.447868349367892517e-04,1.511514986277057897e-03,6.673938661203158334e-04,2.240557460522170103e-03,5.644047178306765312e-03,2.625723793399517472e-03,9.822170917921893736e-04,7.233621959313134980e-03,9.260254367557811976e-04,4.093855178610873898e-03,8.582353832041200725e-03,5.136866084324518203e-03,4.681757296308811621e-03,6.520330451156402564e-03,3.484668302572550575e-03,9.649269684048611406e-03,1.930755021786352554e-02,5.485796266454165404e-03,1.047543805952981348e-02,2.459775704874542397e-03,1.380049211345832014e-02,1.357492333779419108e-03,4.863368329343966887e-03,5.786795812993294173e-03,2.218295379987361791e-03,4.059872415721639365e-03,1.878244344141959772e-03,5.398160342824719939e-03,7.736839927183301185e-03,2.188216682845008608e-03,1.533069428390325785e-03,1.031106748400862153e-02,2.524426695611840452e-03,8.733902955759178383e-03,1.258922399881892565e-03,8.141713326577752763e-03,9.771806577020734214e-03,3.677185137539443725e-03,1.390921376129286742e-02,1.597271527166791490e-03,4.446605669083758192e-03,5.068434284994944444e-03,1.207872530550632706e-02,1.000481998093701898e-02,3.285334539050099693e-03,4.199513522109597839e-04,8.421733479595105640e-03,1.713474416903333674e-03,1.044756223680540219e-02,3.350026235186519957e-02,1.318473893867070507e-02,3.696999653752601478e-02,3.610806578747193657e-02,1.624046227533444339e-02,9.761790100044222263e-03,1.019024624409189256e-02,1.580187342213752733e-02,1.555499272827732225e-02,5.179784068214220508e-03,3.170956785616541040e-02,1.666280518513333156e-02,8.931794842477115042e-04,3.493383535047128036e-02,6.461431107142767867e-03,5.828473091296423360e-03,9.061611755172022803e-03,2.478887503464650630e-02,2.116183491940567055e-02,4.733992035927546416e-02,6.104831915406371164e-03,1.384989823689141038e-02,4.905411355743593410e-02,1.147004843643185425e-02,1.526333350619545406e-02,5.094554613142367877e-02,6.235209140053868046e-03,3.529216011724153196e-02,2.228911381049467760e-02,5.489737493884820803e-03,1.392702369850488779e-02,2.618287212265552402e-02,7.938652430663739948e-03
2.590565468893172955e-03,4.820213870787656667e-03,6.037238811514818344e-03,8.268902365390122522e-03,2.107778523694825781e-02,1.214752214762863589e-02,0.000000000000000000e+00,7.336687070817045526e-03,3.144736037451432986e-02,3.473036519170363823e-02,1.383268876667673453e-01,8.412493976931663398e-02,4.508426102465754731e-02,5.764393993422758239e-02,5.962580106831757293e-03,6.585033296323576646e-02,6.701281408948754625e-02,1.483046663588296829e-02,5.809868694650095755e-02,8.623431619049262697e-02,4.430907671758569505e-02,9.496604470434220902e-02,8.423750529380892235e-03,2.607135694749442706e-02,2.844158682812691907e-02,3.162030358027899998e-03,1.267039814218949914e-02,2.019734562869160421e-02,4.504836943458156995e-03,2.832478399834641777e-03,2.570270657945336601e-03,7.317875728623519753e-03,1.547949683793172111e-02,2.491405422245086473e-02,8.040010941250164828e-03,4.299752110372189601e-02,7.228522288814312989e-03,1.335633602817189354e-02,1.276211163218234426e-02,1.253915479534824760e-02,1.545011718275562940e-02,1.513436751609583721e-02,5.700312906794891693e-03,2.045228636905971689e-02,5.556881950210456472e-02,1.616400416149748470e-02,6.590976276450393953e-03,2.994870243263050066e-03,5.313014590280181956e-03,3.999281444019931429e-03,2.769366219840168741e-03,4.787230531706742828e-03,1.282887961911297926e-03,1.880835852297116969e-03,3.183637277757574331e-03,1.390765627178083960e-03,2.943285353039727572e-03,2.660697471033496558e-03,2.436726044122074653e-03,3.790761871924914778e-03,4.781791452493121611e-03,7.517849405654398152e-03,4.380233604005795769e-03,2.225693146488994922e-03,6.989639031627897098e-04,4.278048465614008944e-04,2.609272161921862357e-03,1.504587180266783557e-02,2.073823336152768454e-02,2.507075467474255068e-02,2.615692750539717892e-02,1.901092608630717412e-02,1.249170819886694312e-03,9.865423072136862356e-03,8.120198605313190543e-03,3.566566945803911065e-03,7.193528718249504392e-03,1.167675072130695477e-03,8.092837585552388122e-03,1.843600928295026928e-03,9.697179599890266150e-03,6.407247026068081316e-03,3.103767755439095638e-02,1.230189666728957743e-02,4.594965900903124137e-03,2.750259597971483651e-03,2.511765883629434384e-03,1.162736750148257205e-02,1.258238823840331436e-02,3.899804728659977179e-03,1.973422107712383567e-03,4.237566546800748679e-03,4.146494191692265061e-03,6.659567684482984966e-03,1.001720355337841484e-02,1.054215217272766111e-02,1.359778351375956311e-02,3.390005684451002140e-03,8.187378227260219687e-03,5.313659617380475826e-03,6.084648680046019290e-03,8.569318709632022663e-03,1.589476495248036197e-03,3.755141287118976198e-03,2.348546000593231160e-03,6.463831205038564863e-03,1.703268382950186288e-02,2.223815688426147765e-03,1.589164466739873688e-02,1.017144402129874052e-02,4.571949033347345349e-03,7.623111375847324740e-03,1.192786093480041566e-03,5.268926781902405834e-03,1.457048707830438860e-03,5.666964235074437375e-03,3.684577481461680931e-03,5.314422685097988826e-03,5.477311096771358620e-03,1.319664889118329736e-02,9.542571628759613511e-03,9.659360185867882798e-04,7.210518551951931171e-03,2.161168152909325596e-02,4.703354435604102657e-02,7.545955482474935028e-02,1.369309477224471376e-02,2.481896328797564624e-02,6.622859392284639879e-02,1.597028879370768553e-02,1.493326931021190206e-02,2.117363069429964093e-02,2.299005502342251969e-02,1.037986153852901890e-02,5.520931653068089640e-02,3.358318241115010316e-02,9.510072403340506450e-03,2.955332332564217582e-02,2.965850027727466240e-02
6.076312074510674052e-03,2.883003305775392114e-02,3.597273869920317863e-02,2.646741009828424904e-02,4.071550875896853827e-02,3.021695018792643420e-02,7.336687070817045526e-03,0.000000000000000000e+00,1.561884684404046264e-01,1.526032530398208076e-01,2.015576487773540759e-01,1.479391384458403069e-01,1.678274324585891930e-01,4.340636403028212686e-02,4.952466478792713622e-02,6.293044506841215247e-02,7.146595448946729823e-02,2.491999815179762531e-02,9.673296416597154668e-02,1.191404551102966808e-02,1.534750392972250316e-03,1.258192610772005393e-01,3.004549123029353480e-02,6.998955172894795983e-03,1.246029495663174627e-02,8.621146109232726701e-03,4.906425495178445839e-03,2.985513931741741456e-02,6.745210657826096468e-02,2.771528975680395517e-03,1.078007703797492604e-02,3.632288774571094253e-02,2.602048946898613546e-02,7.221560388812362646e-03,7.962654330080982945e-03,1.256620516112409713e-02,4.906980542654570954e-02,6.225820117034985834e-03,7.053477961329854273e-02,1.088599762399246502e-02,4.386658928394827905e-02,1.023361216470590890e-01,1.399916041770870451e-02,6.801784833274966691e-02,1.639245630994917019e-02,4.516876298869096362e-02,1.938052547385675853e-02,7.116764768938883302e-03,1.875364721167241400e-02,1.099482805608406610e-02,6.292230504090848275e-03,1.368013784303892619e-03,3.638932923129533856e-03,7.077217365315895386e-04,2.081313828213035219e-02,4.800265970462999632e-03,4.682881410964147978e-03,1.142769182048843264e-02,3.011037019328688651e-03,4.246417823156155703e-04,4.950543053316344136e-04,8.967560477610587435e-04,2.831668866830118828e-03,6.628247295234805658e-03,8.554908682776244788e-04,2.307037100250658532e-03,3.189636494987609528e-03,2.429416400126774810e-03,4.399762911198450664e-03,2.327052486156019982e-03,3.894583045486873021e-03,3.472531667899691771e-03,3.249724077187741283e-03,2.703598412646529992e-03,7.609503423454475578e-03,4.085933005783218448e-03,3.696750252910224743e-02,8.703757273316743703e-03,3.306938129651703154e-03,1.257462773953346930e-03,2.619655515908855380e-03,6.801690537233454764e-03,1.059297782232682984e-02,7.187638973112104451e-03,3.758725010469228436e-03,1.794926991240315380e-03,1.810231547921215683e-02,2.198423731265208153e-02,1.387738622139728442e-02,1.244103447921079963e-02,1.693977915770778983e-02,3.125631038160634617e-03,4.454917695802908424e-03,2.733396638060466358e-03,6.354937106065557118e-03,6.809808944844590248e-03,2.730342227569268303e-03,7.995281946380239715e-03,6.202944244820589315e-03,1.309232261705048188e-02,1.175567702353250837e-02,3.948537030781414971e-03,3.195935709062490589e-03,1.891844934304067610e-02,3.695856481381136743e-03,4.656595710762689508e-03,1.997620798701610790e-03,7.513645136828673611e-03,2.201417929901755641e-03,8.724018709312809927e-03,1.423276529349917427e-02,2.613029845185966399e-02,1.154575743531735185e-02,1.398729585510384045e-02,7.861380446066643102e-03,1.945487335551338319e-03,2.194457876684121050e-03,7.837439606967059810e-03,2.055107435372588703e-03,1.603515734012926977e-02,8.832996529004833938e-03,2.595907110264714796e-02,3.321877177648851782e-03,4.471158236420372245e-02,3.889382383175259139e-02,9.425321764737804031e-02,6.587293591325821263e-02,2.801034944647873628e-02,7.461501571591624971e-02,6.782093920837610479e-02,4.890599788310311113e-02,6.443753999517516651e-02,3.629824435712413616e-02,4.144136959226255024e-02,1.125096671460389802e-01,3.399290241624281644e-02,1.304177420709682067e-01,1.227436781815707256e-01,3.684994648881238788e-02
1.809117520517704997e-02,5.332101283832284960e-02,2.794657994625169770e-02,2.360072082118312015e-02,1.255637558818370816e-02,2.793791397641742780e-02,3.144736037451432986e-02,1.561884684404046264e-01,0.000000000000000000e+00,3.619207276917639216e-01,1.922742138043818383e-01,3.450478154976278078e-01,1.593975597825935675e-01,9.524902398091435185e-02,1.043024749459912220e-01,4.247288017847074271e-02,4.492376458296765823e-02,6.219893524543573110e-02,2.055550919328926612e-02,2.633054483019754005e-02,6.347585404981942458e-02,1.116469989707824240e-01,4.907379629272409088e-02,7.117660969375701197e-02,5.153434252992367126e-02,4.393033606345825293e-02,6.814844118866281164e-02,2.542278121542429492e-02,1.609895446803303112e-02,3.379118440123256989e-02,3.327268112901872466e-02,1.853032345878168410e-02,4.006319531110925924e-02,1.262713613398726460e-02,3.928490312425621245e-02,4.270106005286700146e-02,6.071362079377140564e-02,1.096016497412791342e-02,5.167613162914896224e-02,6.445447535328331645e-02,2.336689786507143221e-02,6.209680784531618897e-02,7.923204625441805649e-02,2.938614080830803665e-02,3.264486058347037395e-02,2.472701581953281116e-02,3.391229353259338219e-02,6.255313810029129902e-03,3.256140646037115199e-02,8.677574406226004622e-03,2.568267147517633037e-03,8.410128235757412946e-03,1.078158549036394367e-02,3.672468702040938317e-03,3.043733415980248713e-02,9.764434631845746518e-03,9.454748938128856514e-03,4.133048536865970360e-03,9.632341854253136104e-03,3.489572679200013319e-03,1.711870642837828643e-03,2.838023135432809780e-03,3.698767233182264670e-03,8.974590424628912932e-03,1.229522455939776118e-02,1.638827906217226599e-02,5.091719205291611594e-03,5.011625546687509952e-03,3.207536228844018369e-03,4.541813410007236942e-03,1.678399105136884565e-03,3.788530346107518102e-03,1.004140427005396257e-03,3.555851840602159124e-03,4.867827078244170609e-03,1.061074609332974227e-02,6.058511452142327502e-02,9.104628194372060140e-03,1.198056688312219495e-02,3.449607380518218431e-03,1.639025618480893787e-02,1.852662895540927585e-02,1.668061880157821822e-02,2.336503116472894888e-03,9.306214654131752390e-03,3.264473667272391796e-03,3.187458884246911761e-02,6.470697648967708646e-03,1.130335709792663554e-02,1.900380071967472731e-02,1.860102417707155259e-02,1.357043904634533220e-02,7.342105756834930476e-03,1.085633109088461092e-02,8.294897098909854993e-03,7.952842653653565200e-03,6.968253652877175706e-03,5.895451689970696366e-03,2.729180322755845808e-03,1.836397574745447792e-02,6.398076981732019400e-03,1.682851964563000400e-03,7.901280246172253264e-04,1.389920851193464715e-02,1.183960236035988675e-03,1.187167677627105509e-03,3.680498729163482127e-03,1.558096227859624011e-02,3.532320564242639408e-03,4.499476067724638914e-03,3.464379116071649757e-03,1.815761659058491096e-03,1.883388117324948791e-02,1.963237432985143888e-03,4.694152659593250725e-03,1.915309909186888385e-02,8.326599096735585320e-03,1.736446554571133977e-02,6.140750277269402257e-03,2.148688061109239357e-03,1.365476837665866895e-02,8.770847857498941663e-04,8.638836791093543535e-03,6.033701998752351303e-02,5.128713940483561884e-02,8.342736501063834076e-02,5.163934589678446235e-02,5.947615439060427445e-02,6.005128711020423643e-02,2.699778840989016174e-02,2.166612232095029358e-02,5.076221122940454550e-02,8.895703405552113363e-02,1.311198341158244240e-01,1.543828777150607068e-01,1.371016906209995001e-01,1.331061407199403412e-01,6.733820070886570308e-02,5.493547172864494954e-02
1.682632465174619535e-02,7.029857284689314256e-03,5.076793478484202538e-02,3.898755658577497674e-02,5.164875542280906312e-02,2.145980411084071754e-02,3.473036519170363823e-02,1.526032530398208076e-01,3.619207276917639216e-01,0.000000000000000000e+00,2.150027311334288815e-01,1.238524749896631194e-01,3.379691545075759196e-01,4.319742235434872318e-02,4.414456129760403053e-02,1.087729297869816959e-02,5.111028960262107429e-02,1.066868458641174189e-01,1.022113944651477369e-02,7.160072139382743506e-02,2.693985201959565520e-02,1.582486316544884017e-02,5.812222629258403939e-02,1.257948690169936878e-02,2.152108244256099867e-02,2.644839800865273274e-02,1.922589123315767562e-02,2.398026364942054678e-02,4.120028825228070485e-02,1.450536458708334350e-02,2.876241307751224024e-02,6.475179663155603005e-02,1.679892680860122639e-02,4.438447570844715473e-02,2.467707567608556918e-02,5.148457638402263725e-03,8.230719545864624564e-02,3.054565866179030295e-02,1.104485770943125361e-01,3.315169540268672610e-02,7.363126246260831564e-02,1.281175572912071903e-01,2.577174910392772758e-02,1.507556424696756547e-01,7.250005309245778629e-02,1.152616944809150001e-01,4.995564701327881441e-02,1.447309005346418369e-02,2.417602969660223242e-02,1.588966765579988630e-02,8.170569814867764333e-03,2.225500586209661763e-02,1.313514397100240365e-02,1.250477292800504514e-02,6.697709708148513741e-02,2.067275414952735382e-02,2.162536332126631378e-02,3.165576249265179831e-02,6.127426607336170124e-03,7.887715688089743174e-03,1.303635025365316308e-02,4.384809558348390889e-03,1.432133981840061181e-02,4.098538999311440549e-03,3.759115508375968757e-04,5.944363366335187479e-04,9.611736936175474663e-04,6.399721308468876019e-03,1.097197138554369296e-02,3.285464614966901453e-02,2.364338291315856710e-02,2.064402543853073591e-02,1.042463737309629219e-02,1.879361398206798013e-03,7.970388788925680118e-03,1.229770125608033995e-03,4.737563546119138297e-02,6.327031461034637004e-03,2.895302913930248960e-03,1.018980061411648916e-02,1.039217171543593311e-02,1.129439892973798298e-03,5.545829855107121779e-03,2.462530602937721552e-03,2.157434000111685575e-03,5.818154055183272742e-03,1.382110253726979120e-02,2.822224290477763631e-02,4.962428882998312120e-03,9.896802982011551619e-03,1.158178812399029110e-02,4.113608889583723893e-03,1.424032375992887595e-02,1.249393461378734728e-02,3.071512665861245509e-02,3.802276140528078156e-03,1.762530716587909496e-02,1.286187483946056934e-02,2.368996982218391206e-03,2.838429005352370235e-02,3.569621218680491676e-02,1.116134416404414818e-02,3.228475847956585772e-03,1.364138076524028069e-02,5.770270425224766075e-03,1.179165149767062194e-02,3.172434324291386297e-03,3.306172806253464182e-03,5.924575853302786570e-03,4.130868106665678456e-04,2.037046219354586400e-03,2.751319640999587077e-02,3.647132202681595443e-03,2.881303385922629346e-03,6.338113207949867649e-03,9.584207439687533747e-03,1.746285192995096665e-03,7.154029485563781141e-03,9.416975037667424039e-03,4.606891791553874640e-03,3.967241700137974329e-03,4.639909255033341888e-03,5.010376681728289511e-02,9.635512532829319798e-02,1.569165090627962569e-02,7.557204633836958618e-02,1.211645401892445795e-01,4.241890839769298788e-02,8.872380430023732445e-02,1.420478288555498125e-01,9.036429248979040152e-02,1.500342578898524459e-01,9.148123748197087290e-02,1.611692575939245309e-01,4.107017108732565758e-01,2.397149327477449132e-01,2.119351352305077485e-01,1.876047566760300211e-01,1.149478911159765721e-01
5.377659876900794944e-02,2.460076503359810707e-02,4.100344103605342572e-02,1.078405889876112994e-01,1.636635654033999077e-01,1.407256389723855194e-01,1.383268876667673453e-01,2.015576487773540759e-01,1.922742138043818383e-01,2.150027311334288815e-01,0.000000000000000000e+00,2.547491472650520450e-01,1.136904119325870266e-01,1.034334041619500572e-01,1.417149472912614672e-01,1.791574022748322337e-01,1.303612085445218227e-01,6.614018298039234245e-02,1.501412085781275163e-01,3.131795198247195461e-02,8.240831353890590294e-02,6.929946856692825730e-02,3.014175606158431969e-02,3.207886397378482274e-02,3.748298750574624583e-02,3.057530767830378762e-02,5.653913516552448726e-02,5.517748056708608739e-02,1.042305340818955456e-01,1.759445276580587011e-02,3.160583232064537867e-02,7.533391016652034311e-02,5.955410471486455304e-02,2.619457414396834244e-02,4.164134445102946579e-03,7.558361694035268911e-03,3.647491249746111219e-02,7.311425160300537296e-02,2.931392364529636363e-02,2.804202585520037053e-02,1.449249886986921435e-02,8.632632489138707121e-02,2.539469263875495861e-02,6.442635020649106758e-02,2.118602020806284111e-02,1.067396040334260693e-01,3.842896800210699598e-02,1.835093691380804267e-03,2.131709144854097154e-02,2.413065821561466429e-02,8.730869833654355443e-04,6.928824686938211269e-03,1.471007037596461405e-02,1.071554516193340629e-03,1.936982101244505428e-02,5.347241740583903204e-03,5.686082828121869111e-03,2.572758724309980559e-03,2.486352022286370932e-03,1.363279061961249899e-02,4.984630461965117512e-03,6.605468287625617524e-03,3.602162312247432236e-03,8.274681722413938442e-03,6.823447322753492181e-03,1.253147701883133673e-02,1.733865607715125851e-03,9.075807540568980175e-03,8.040343711531028684e-03,1.244083120144111841e-02,4.653342783614763771e-03,9.176318248298677774e-03,7.568281203008501122e-03,7.522228827364874255e-03,4.681811384584820719e-03,2.614188565727593519e-02,4.334558804588645869e-02,3.010532100634510932e-03,2.518509933177082855e-03,1.007242757262354071e-02,9.341573118783058627e-03,4.694261299090472794e-03,4.408190194972332748e-03,1.867444614145000919e-03,4.909650614755430367e-03,4.953390472348633521e-03,4.870681057377801264e-03,1.820814545860199515e-02,7.915380234423625982e-03,3.025558632372703487e-03,1.241688159706394110e-02,1.472257630026234344e-03,4.645559250403675719e-03,1.137120047744335713e-02,7.916018660871328508e-03,7.337586239835631498e-03,5.876111400950534761e-03,4.026235531902784374e-03,2.401494429731441515e-03,2.588273658105037442e-02,8.299075053386032949e-03,4.923621169684373744e-03,5.342563144116269092e-03,4.084784849139721369e-03,5.066904986197476660e-03,2.236002986325020744e-02,7.540394902379982112e-03,1.933147927997121845e-02,1.643390190023166081e-02,9.028859046817205684e-04,1.383106020165370334e-02,6.903819480961885177e-03,3.077576438383122608e-03,1.589468266291304893e-03,6.028042842178298402e-03,2.521099448239419710e-03,3.220300041189397538e-03,2.437273640700146973e-02,4.217323269851665571e-03,6.454298963629330650e-03,8.482249460664339005e-03,1.776406920105759804e-02,6.663445986886936366e-03,7.294146661758196468e-03,4.201385660196825349e-03,1.228590952821462072e-02,3.647728395153715386e-02,1.911063307903902372e-02,8.063317167107930325e-03,2.030972862076228791e-02,1.216513687633563080e-02,7.887292035131740486e-02,7.094880668037228943e-02,1.279268447289296506e-01,2.194892796366580134e-01,2.395056253610935160e-01,8.527351764322518846e-02,7.028082988607593784e-02,8.642062390080822165e-02
