0.000000000000000000e+00,4.415781706098532294e-02,2.149907156157402841e-02,5.506650893204197844e-02,1.178522666795581153e-02,2.310742472422313773e-02,2.667289442232344612e-02,1.561700131257593186e-03,1.990245697743019473e-03,5.137244326114884241e-03,1.100206757702596036e-03,6.268470834150122401e-04,5.804321396886392113e-04,2.012595193787590844e-03,3.400013594998085864e-03,1.229064712544188347e-03,2.509536249629080247e-04,7.018644380488770797e-04,7.049052961458529857e-04,3.964694308983516017e-04,6.734258004387326134e-04,3.182744898966459370e-04,1.085841820046397040e-03,3.777288285072697609e-04,1.520476540963857899e-03,2.970399921261489707e-03,4.436643682522617188e-04,1.281815027769310023e-03,4.683243685899804746e-04,1.673845177599591423e-04,5.104938303075900368e-04,2.080137460436081321e-04,6.284415402967049279e-04,6.264098723444718039e-04,2.446172170980627047e-04,9.158531091588792026e-04,1.944643788631277871e-04,3.835052829804769638e-04,1.217078707131808530e-03,3.781123604401194840e-04,5.554875537674083558e-04,3.617969561101382222e-04,6.191793490943175559e-04,4.906410881897848957e-04,1.782432335932883317e-03,2.022482794316765879e-04,3.561052730161517392e-04,1.740754439890636459e-03,1.376420600043825552e-03,4.731730368207636870e-04,7.581271364431891452e-04,6.314853139798708463e-04,4.909153637786532222e-04,1.384321061513410674e-03,1.107966289395966551e-03,1.415629370192247362e-03,9.512283545527526430e-04,2.497387469373266600e-03,8.031912067550461094e-04,1.751008918633046175e-04,1.747913640420173029e-04,8.497260339665832106e-04,2.274467045177221841e-03,1.293767400149533871e-03,4.935868357237534199e-03,1.088877933752279087e-03,1.724310092349312824e-03,1.534711532618095154e-04,2.192755695021546183e-03,5.308050990817291198e-04,7.810931716951985968e-04
4.415781706098532294e-02,0.000000000000000000e+00,5.561371685751954896e-02,3.286851526634084614e-02,5.288729536721503699e-02,3.442612454905311092e-02,2.343262306043253709e-02,8.766492129233527386e-03,6.418963491228087473e-03,3.010437299863338075e-03,1.841124489912250714e-03,7.059590363987930861e-04,2.484586734054110898e-03,4.692281113153943216e-03,6.049047925443893498e-03,2.088666555395560145e-03,1.468766817305894659e-03,1.655811405492208259e-03,4.044320444630386015e-03,3.283848321689053235e-04,1.971820442510812711e-04,3.130899906463039859e-04,1.243469106031027142e-03,3.355082334541607206e-04,1.803854164026472660e-03,1.596448170767525649e-03,4.755838891876773902e-04,3.986560919300481329e-03,7.576681947911118129e-04,5.978092694554387916e-04,3.914768104835349713e-04,4.961082353449320064e-04,6.148217790309427151e-04,6.636141439253348453e-04,5.411308905627379385e-04,1.091621787847515609e-03,7.767807633185960748e-04,1.524479704708373712e-03,9.604271526417199273e-04,6.916568731585751939e-04,6.651191316458982157e-04,8.866860251164446509e-04,2.377241840393053639e-04,4.719386727321053538e-04,1.255505332021999380e-03,6.154361209300988553e-04,2.190401952481340296e-04,9.493060030374511713e-04,1.977755049241512058e-04,5.654209508298694469e-04,8.990292359180621865e-04,7.316517331491909255e-04,2.184631496305624882e-03,7.248471083247868922e-04,9.243492909420858352e-04,1.852724281656804254e-03,5.636802840432019335e-04,1.407354735687373201e-03,7.240735092797615825e-04,6.141223408156136184e-04,2.905090599776333671e-04,4.777689444453193652e-04,1.075118434767320360e-03,4.098818425728335672e-04,9.091498943482012292e-04,5.357281727308408790e-04,1.119745151846584250e-03,3.044391756549092278e-04,2.915113571234255203e-03,2.279207153060723492e-04,6.613908037457279405e-04
2.149907156157402841e-02,5.561371685751954896e-02,0.000000000000000000e+00,8.361042031318453860e-02,7.517094723427381053e-02,8.191955180217544430e-02,1.800358822930864591e-02,2.556351870608709800e-03,5.040820037564164129e-03,4.235485815305728950e-03,1.882966650529698926e-03,5.641022606194910768e-04,2.494926589055286061e-03,1.576050234231811311e-03,2.354936677743549398e-03,2.982582138818172892e-04,1.181067397949293798e-03,7.605314914323437663e-04,2.811800123913982524e-03,8.697771305446890628e-04,9.475726703821471877e-04,6.709661844393426501e-04,9.319120329045699289e-04,2.142600672639193948e-04,9.090532228896935170e-04,3.949481939275674728e-04,7.329307498140699012e-04,4.592207238529677298e-04,1.691878981865310586e-03,2.052427340754341308e-03,7.473511885010576932e-04,8.362992659937249678e-04,3.120182483339936207e-03,6.501900398125974806e-04,1.932470898582672452e-04,3.382457736869496148e-04,1.724441692872731580e-03,1.252034416755564480e-03,4.132542964906046890e-04,4.008369107997475345e-04,2.957716620986703890e-04,5.724388726719485763e-04,2.216567327363743226e-04,1.119400631315112379e-03,2.012100897017618344e-03,4.382796341369201354e-04,3.277174203938960115e-04,1.705341549629634532e-03,3.738585443466276395e-04,4.974872017368530417e-04,2.206584090619211232e-04,1.325097678381109440e-03,2.272336355043476027e-04,8.122374515736284755e-04,2.468715927119298666e-03,5.727543857446090779e-04,3.546939450713096223e-04,5.988884620106634535e-04,1.431826765395295079e-03,9.150660288994466075e-04,6.445456332734030664e-04,1.697783452033620405e-03,6.367448213495091993e-04,4.065642383185302669e-04,4.860921146712046410e-04,2.581401805089406044e-04,5.492664210304378479e-03,2.656774173388528129e-03,9.354697269734808416e-04,1.295635120336080352e-03,1.184959734622110291e-03
5.506650893204197844e-02,3.286851526634084614e-02,8.361042031318453860e-02,0.000000000000000000e+00,3.263148116070822141e-02,3.781853784579271294e-02,5.112642533392559169e-02,4.525079080146825368e-03,3.976869468497084940e-03,1.256372122853451241e-02,6.107252975699131378e-03,7.930752669590893479e-04,4.203347010125552813e-03,3.424626805955054056e-03,5.607039082548389425e-03,1.220278527769067369e-03,5.828050625489420876e-04,4.060280338037272965e-04,5.585699638434110876e-04,1.979054318516909952e-03,3.938026277400134617e-04,2.978654747553802131e-04,1.236812598023218296e-03,4.508290299522514297e-04,4.959911452646651071e-03,2.322134283788576084e-04,8.039674952602923535e-04,1.171769457347267068e-03,1.054565752869515141e-03,1.430516638344151792e-03,1.639600958426488952e-03,1.754942117105192517e-03,4.579074616181058469e-04,1.942034492011372650e-03,4.666597677099232127e-04,1.044466327136414499e-03,1.400253119749731139e-03,3.622770319627093222e-04,3.593116417289756934e-04,1.180761184371960414e-03,6.195383407515212817e-04,2.803094593872780278e-03,9.278696337364201151e-04,2.666031589721809818e-04,3.444832260804777183e-04,1.140135547072822610e-03,4.803843664592892244e-04,1.575183715436605540e-03,1.130797684973133994e-03,2.043112458891735948e-03,2.374463952054249507e-03,4.126703176028928208e-03,2.805758779931465108e-03,4.584442535547602129e-04,1.293217581452028387e-03,8.940139047549077464e-04,1.858170367130028335e-03,9.731499579609327773e-04,7.871989251561385681e-03,2.755078112691802718e-03,9.592763603096164616e-04,1.219543641662525863e-03,2.922978201869927146e-04,1.491138121754592444e-03,4.810770354448392315e-04,4.459467591204442009e-04,7.744464272952010985e-04,3.339539563367664894e-03,3.630426723484361470e-04,1.187909203546200091e-03,8.858015609396306536e-04
1.178522666795581153e-02,5.288729536721503699e-02,7.517094723427381053e-02,3.263148116070822141e-02,0.000000000000000000e+00,6.750091134148550331e-02,2.332423397309490304e-02,4.391364261298594945e-02,5.181482490333519722e-03,9.250919114375106417e-03,1.297330549240949260e-02,3.410981347325210255e-03,3.798035487045479421e-03,7.380118789548415978e-03,2.300476129528144370e-02,6.245765194864094823e-03,2.109784388051648505e-03,7.027637798867173574e-03,6.325967585298974266e-03,1.879394370815960563e-03,8.237706993657815772e-04,2.416170010641475910e-04,1.263408306540605118e-03,2.815653841173881844e-04,8.478571336127201444e-03,3.031244494936240100e-04,3.158959420582222398e-04,2.532305535665272007e-03,2.992576232055561662e-03,5.192402764631979519e-04,1.548740312753169339e-03,2.437259577518360171e-03,1.194841192425832085e-03,2.901729753448718373e-03,1.371503230306279518e-03,8.685986431558200991e-04,2.626170011571391568e-03,2.283556528691559236e-03,1.530939515612070008e-03,7.923481332413441838e-04,3.733934313652474170e-03,3.759806053977304049e-03,5.630099310941325159e-03,4.258030989378264533e-04,4.031237059178578285e-04,1.143119818500854933e-03,5.138842515284152172e-04,4.785203932553000342e-04,1.022723636826124508e-03,2.573092760109928472e-03,8.194229174966951440e-03,4.825547822117314672e-03,6.407864344170051928e-03,1.405059943770484892e-03,3.976452071566995497e-03,9.286533352663861466e-04,4.797347705881503622e-04,1.677497953185864673e-03,1.117304561653583057e-02,3.835372847124100121e-03,1.864734371364901340e-03,7.171468981684139864e-04,8.855333936285944346e-04,1.240454454598303871e-03,1.076244400377504226e-03,5.388667540719988946e-04,3.493115366472651032e-03,1.893144673646715266e-03,9.641888927510100992e-04,1.659670397382467669e-03,2.098139118773432663e-03
2.310742472422313773e-02,3.442612454905311092e-02,8.191955180217544430e-02,3.781853784579271294e-02,6.750091134148550331e-02,0.000000000000000000e+00,4.360548258706326008e-02,2.333731156174759930e-02,5.004626592959091069e-02,2.323339307087049846e-02,6.415021999510468233e-03,9.640616717118860894e-04,6.378479020269962191e-03,3.471146776902999873e-03,4.918952053696845454e-03,1.116254459549267464e-03,2.844534196376846333e-03,2.858176700840413080e-03,2.137156237738922163e-03,2.467741854214185356e-03,1.885776660813625639e-03,7.321923558940686633e-04,1.235539147263602642e-04,9.237270519500953223e-04,6.195787801237662498e-03,3.806807185448767505e-04,2.076832736414831702e-03,1.010960851916054611e-03,3.152303599621495214e-03,6.873817948774449361e-04,3.893837125031279311e-04,5.760770480660361032e-04,3.635117912915175522e-03,3.764453823938397289e-04,7.639483536879749289e-04,7.908320355621553189e-04,5.896544625295694437e-04,3.035223169016089298e-04,4.405603454318906620e-04,2.309081936379986724e-03,2.849127631745508571e-04,1.084513718151083796e-03,1.943617068775942104e-03,3.514022467583382062e-03,6.402363824062834788e-04,7.679756336181025982e-04,4.919798491543812781e-04,1.457970590994368246e-04,5.279396429553225023e-04,7.680139745399903800e-04,3.054145388343105366e-03,4.071482916731621569e-03,1.913657278712130880e-03,8.518317042730443392e-04,5.992918935924164848e-04,1.634253447948380220e-03,3.570817895874071543e-03,1.767341489987334308e-03,3.636756770666799143e-03,8.933430764211391668e-04,2.502666281434002583e-03,1.671814517849697567e-03,4.986605868247718804e-04,2.850497159710675904e-04,8.817969289112209588e-04,1.531789057591022643e-03,3.695887161807335456e-03,5.482824267000339230e-03,1.259877967354505052e-03,9.448663126959744090e-04,4.310172378590975545e-03
2.667289442232344612e-02,2.343262306043253709e-02,1.800358822930864591e-02,5.112642533392559169e-02,2.332423397309490304e-02,4.360548258706326008e-02,0.000000000000000000e+00,3.258189618233774815e-02,4.920505245785315729e-02,6.696760441220124538e-02,3.238160055520484387e-02,7.536653984832045704e-03,1.789629136648091326e-03,8.552949959765968752e-03,7.576773824566019819e-03,2.079629110173643585e-03,1.729921655005803001e-03,2.488524899146222526e-03,2.282576925034888234e-03,7.789635450864103479e-03,9.887942621435207372e-04,2.098152234492484287e-03,6.698768730694826604e-03,6.789413511001778437e-03,1.791761237860602790e-02,2.784669103677941265e-03,6.349065958398369437e-03,3.713326686640924107e-03,2.639592502268786308e-04,2.668139281446182693e-03,4.480164000216418051e-03,3.053145436339338090e-03,6.329190236833634464e-04,7.600586363483980215e-03,4.783519341994443798e-04,7.503424259206376056e-04,2.033787971711186783e-03,2.396775819375310517e-03,4.609598768129438869e-03,3.215125922108018081e-03,2.869263935785131611e-04,4.953328313698822892e-03,2.709084901459258427e-03,2.374073073079198328e-04,5.748213026615350395e-04,1.083676274933513452e-03,1.271567898812895128e-04,6.968429181953377221e-04,1.116365819573991811e-03,4.666267078905145423e-03,5.885078949716892986e-03,6.235944283310277357e-03,8.062704273091674673e-03,5.197080005632515043e-04,1.770002624416080811e-03,3.211114801356497266e-04,1.562888083547514517e-03,7.259378125796334211e-04,4.869094359636473406e-03,1.972508502682914812e-03,2.353290216008049624e-03,2.657394582184370146e-04,1.280850175216287270e-03,7.565832250360607662e-04,3.916798141920329961e-04,9.890825683849082187e-04,2.053233281226732234e-04,1.851401459627577449e-03,4.288291986029835428e-04,6.464046695584425980e-04,1.613136415770123231e-03
1.561700131257593186e-03,8.766492129233527386e-03,2.556351870608709800e-03,4.525079080146825368e-03,4.391364261298594945e-02,2.333731156174759930e-02,3.258189618233774815e-02,0.000000000000000000e+00,7.909594177751956556e-02,6.498369430442638151e-02,1.066674513190114665e-01,4.129185691050261259e-02,8.795744244354830078e-04,4.006179240189324496e-03,1.575766241398785655e-02,4.802965922788784807e-03,4.632337920047217492e-03,1.339712564568143818e-02,2.307345457514565004e-03,2.689300173597928938e-03,3.156340419976160286e-03,8.773822437056914879e-04,3.457783203121535080e-03,9.278317792875991326e-04,3.106333609280145184e-03,2.925676278122414631e-04,1.189661376656478203e-03,2.244542294503176598e-03,2.124312497202577015e-03,1.168744473914446087e-03,1.962394310618236545e-03,4.296189067830735882e-04,3.075431852715874905e-03,1.580676152972407354e-03,4.455760475848792785e-04,3.667248803021134953e-03,1.303138640119144882e-03,9.972269981540890418e-04,3.645927650157197372e-03,5.134793330073466298e-03,4.097502278447073820e-03,5.278284488107974886e-04,4.912764401582728029e-03,1.600620954094785896e-03,4.258151916479019361e-03,8.117104872529715782e-04,6.398830197338415673e-04,8.640758899284136860e-04,3.343952018127809228e-04,3.054991710974613774e-03,6.651443964177896316e-03,8.574905324015965821e-04,9.502723262471399245e-04,1.917875045595729975e-03,4.843067728776474443e-03,1.985008807709080954e-03,3.883029267054110244e-03,3.247171650070989311e-03,7.599843118101439442e-03,3.650546169674532410e-03,4.662759171404572112e-04,6.812702379613779120e-04,2.859945414455044525e-03,2.101214364036937433e-03,4.706359961874285319e-03,1.065122889017234772e-03,8.563873719045572708e-03,4.482613783322264567e-03,4.483211389543514599e-03,2.735838202690968595e-03,6.340218588188915871e-03
1.990245697743019473e-03,6.418963491228087473e-03,5.040820037564164129e-03,3.976869468497084940e-03,5.181482490333519722e-03,5.004626592959091069e-02,4.920505245785315729e-02,7.909594177751956556e-02,0.000000000000000000e+00,4.323007150374856555e-02,3.701199867909463204e-02,5.640627612553535813e-02,3.684186837866106068e-02,2.050595042402473395e-02,8.365860977324264189e-03,1.084628437837153667e-02,3.486507091763293379e-03,5.479211142602088665e-04,6.084088716748996609e-03,4.505410220740220864e-03,3.970070010034184443e-03,7.505657898937349685e-03,4.481889829123029100e-03,3.232711335746163601e-03,2.322474638337997631e-03,1.310462654181560570e-03,3.677724856850452407e-03,7.242437722012697900e-04,1.360636438165532260e-04,1.162798910396770601e-03,1.610362333903567070e-03,3.533369519719229421e-04,1.324314225362054152e-03,3.723100714417617967e-03,3.218715678616740198e-04,3.847403873768040342e-04,3.596242696934929400e-03,2.435088979256946982e-03,2.127870563409559480e-03,2.314524035088747975e-03,1.200617563001092321e-03,1.621597389673694800e-03,1.440472047592043304e-03,6.015975464208434074e-04,8.884407768610857667e-04,2.107148561381390686e-03,7.675518097120808021e-04,1.833547097108339640e-03,2.308813357320801257e-03,2.092090152702009032e-03,1.081305757734002913e-02,1.031962642660022925e-02,1.804989565837131172e-03,8.672668950488127354e-04,9.952048023903094578e-03,6.101063842993185125e-03,7.081610575515719617e-03,4.469573219079935739e-03,2.670393014674909797e-03,1.121507988273664829e-03,3.184409069176956722e-03,6.121640291427703391e-04,1.373510493561935775e-03,1.388084339839497404e-03,2.586285934743542785e-03,2.074843575934165636e-03,6.663313235075907226e-03,3.288930820895146802e-03,1.959181712657753500e-03,5.710297530030531647e-04,2.193546531154171204e-03
5.137244326114884241e-03,3.010437299863338075e-03,4.235485815305728950e-03,1.256372122853451241e-02,9.250919114375106417e-03,2.323339307087049846e-02,6.696760441220124538e-02,6.498369430442638151e-02,4.323007150374856555e-02,0.000000000000000000e+00,6.667127322701336956e-02,8.681277435943266993e-03,1.588653491412922447e-02,2.568624903544329194e-02,1.295398994683289243e-02,7.127085257224686013e-03,1.196393448779227257e-02,6.815099410859731463e-03,1.009999770287723286e-03,1.234783857361675813e-02,3.162328395048097807e-03,1.032147284876296263e-02,2.407069370368606406e-03,1.840662808288050060e-03,1.269477126880401993e-03,2.807501660645398637e-03,6.772192176197098590e-04,2.389308390202101676e-03,1.323366342345917105e-03,2.111809574457709782e-03,1.968113995561121890e-03,1.750225482147900382e-03,1.273158164306866218e-03,2.459828312486128828e-03,2.504710130207680845e-03,4.142254334272098444e-03,1.147166964042781612e-03,1.109673134089907403e-03,1.229829086045664292e-03,5.678659938554174230e-04,1.444133670338390704e-03,5.546939278590776396e-04,2.518194231160969781e-03,2.774369158892847718e-03,7.565775640228263044e-04,2.197471311185764109e-03,1.189449021353891287e-03,4.601639907141707271e-04,5.469262144397828672e-04,3.062893903986689450e-03,4.635562391534142970e-03,6.458267132011275566e-04,1.774844377352185988e-03,1.061635318784234262e-03,1.916820884793805782e-03,3.064798909126383855e-04,2.448786819140138637e-03,9.708447225102235286e-04,5.258779901109967778e-04,2.316865433068885098e-04,1.698282300372746818e-03,2.262056896960149086e-03,1.111534305295803788e-03,4.720039189649296251e-04,4.583447749954025030e-04,1.877923658429937618e-03,6.444717742602292139e-03,5.861523631475905848e-03,5.524224745468703582e-03,2.093988255145827829e-03,7.049283706376563083e-03
1.100206757702596036e-03,1.841124489912250714e-03,1.882966650529698926e-03,6.107252975699131378e-03,1.297330549240949260e-02,6.415021999510468233e-03,3.238160055520484387e-02,1.066674513190114665e-01,3.701199867909463204e-02,6.667127322701336956e-02,0.000000000000000000e+00,5.693836427655715737e-02,3.411231926088358068e-02,1.749615729431909170e-02,1.254376395061997281e-02,6.302193306701571462e-03,2.817391241178660195e-03,2.948785850806422918e-03,1.000232312230004642e-03,2.176257227239466845e-03,6.501642953922425611e-03,3.320372379769153445e-03,3.539342449307466675e-03,1.194961944598823449e-03,2.337078695733705268e-03,2.674195637579378920e-03,4.260660717483354728e-04,1.644721413401723908e-03,7.598479503748739768e-03,4.435538031662510441e-03,2.016665488280786848e-03,9.237448437525288885e-04,4.093074109985062221e-03,2.126149018460494772e-03,1.642960732525226624e-03,9.088447199689282403e-04,5.927915435859086417e-03,2.940499525203002138e-04,1.599985597834551777e-03,1.948448372624839381e-03,1.653003189706436652e-03,7.085238470139918962e-04,3.360224653602535572e-03,1.452248564730496041e-03,1.734527341858998388e-03,3.973573933946020881e-04,5.587064797025088382e-03,2.021583884274721563e-03,5.540730949478572809e-04,2.465194330147326557e-03,7.497032327165999849e-03,2.296908215082999870e-03,2.684207771162020178e-03,3.640475100771877609e-03,6.817231619067574099e-03,8.329719958668664603e-03,1.517960210932722516e-03,4.302277415957892447e-03,7.286743629944577444e-03,9.127325011872469522e-04,1.812405843570534612e-03,1.633539857235610879e-03,2.631423226278589537e-03,3.095606477420870077e-03,2.697200414995057274e-03,2.404048088744646389e-03,1.169078329865839115e-02,7.557125032904338582e-03,5.023146333313139276e-03,9.604475815563341375e-04,3.207368684093401656e-03
6.268470834150122401e-04,7.059590363987930861e-04,5.641022606194910768e-04,7.930752669590893479e-04,3.410981347325210255e-03,9.640616717118860894e-04,7.536653984832045704e-03,4.129185691050261259e-02,5.640627612553535813e-02,8.681277435943266993e-03,5.693836427655715737e-02,0.000000000000000000e+00,1.347578444293256669e-02,1.399991039604298049e-02,7.747692705147364578e-03,2.710528904195645683e-02,1.286402550076481272e-02,2.339384222772734542e-02,4.877001165685946465e-03,1.280678812822658164e-02,1.801231123617606095e-02,1.010880451470414290e-02,1.099828497164741757e-02,5.539050816751144371e-03,1.106909295566373130e-02,2.479058945059335172e-03,2.290672008528254599e-03,3.483115535499224126e-03,8.151141742672389501e-03,4.268615278755908890e-03,7.590799654700408107e-03,4.909656310934581991e-03,2.043226039891889861e-02,1.056391809667419322e-02,1.841067695926761148e-04,2.124659446338752946e-03,4.168570651969154793e-03,5.563006054503535913e-03,2.247478841180166990e-03,6.668235056574252015e-04,8.722113954218303419e-03,3.011243132889562888e-03,5.056472586011964004e-03,9.377336844393183201e-04,4.501428144311726766e-04,2.937095177650165330e-04,7.185681271682360606e-04,6.156419597903738453e-03,1.639800512886337256e-04,7.650380419147461558e-03,2.790229736265731515e-03,1.367633650673162745e-03,1.717204212306935526e-02,7.042246982816569717e-03,1.378831558493310780e-02,1.463283483303517638e-02,4.472965465678262198e-03,1.500283106482493828e-02,2.084722367199174503e-03,1.870039100998214555e-03,3.637955615389250850e-03,3.445536846401845658e-03,3.474641233607221342e-03,6.260383300436238828e-03,1.612063071469076181e-02,1.874506619726705459e-03,3.535754984315296612e-02,1.056514246363820207e-02,1.666559478127660823e-02,6.063540560351189136e-03,6.209439600553057562e-03
5.804321396886392113e-04,2.484586734054110898e-03,2.494926589055286061e-03,4.203347010125552813e-03,3.798035487045479421e-03,6.378479020269962191e-03,1.789629136648091326e-03,8.795744244354830078e-04,3.684186837866106068e-02,1.588653491412922447e-02,3.411231926088358068e-02,1.347578444293256669e-02,0.000000000000000000e+00,5.488142598566077279e-02,5.750331189344319582e-02,6.911875716214685439e-02,6.443435570601981077e-02,5.341717293655281334e-02,1.342016736443501709e-02,1.567512354365872135e-02,3.437647302231320538e-03,3.300571976899939822e-03,1.403403359788796094e-02,1.665274353532759499e-03,1.049092805299069349e-02,3.127262937577227671e-03,1.257109314857147043e-03,2.779299011221170092e-03,1.393114187786695900e-03,3.174917125271059341e-03,5.250420096132554608e-03,3.443001238234210792e-03,1.154812332348521646e-02,1.679392645534097048e-02,2.269417680204476213e-03,1.471190960121768589e-03,7.585646594272303601e-04,3.271529989638382544e-03,8.495630282407351736e-04,1.982272025215952357e-03,9.411517899597428988e-03,4.016668827010429037e-03,6.208505957941425849e-04,2.399407587825305027e-03,8.564079817705719591e-04,9.540456975789959144e-04,1.205083964478462395e-03,5.260133374644296658e-03,1.008898374647403421e-03,7.571071067991890294e-03,2.870903300784552817e-03,1.107866266448768967e-03,1.587662659669511825e-02,1.894769213938108689e-03,1.777881939340199627e-02,1.507801334466632275e-02,6.890428599165531083e-03,1.761479472614505340e-02,1.792047990849005880e-03,4.723097922025137549e-03,3.464681652609825826e-03,4.017273539850168933e-03,5.005999924224568964e-03,1.864566170762681999e-03,1.314120533503303559e-02,2.983312137790896865e-03,1.997491623920629594e-02,4.501356000022451419e-03,4.106831486021344721e-03,5.666261345604638785e-04,1.756906619120973592e-03
2.012595193787590844e-03,4.692281113153943216e-03,1.576050234231811311e-03,3.424626805955054056e-03,7.380118789548415978e-03,3.471146776902999873e-03,8.552949959765968752e-03,4.006179240189324496e-03,2.050595042402473395e-02,2.568624903544329194e-02,1.749615729431909170e-02,1.399991039604298049e-02,5.488142598566077279e-02,0.000000000000000000e+00,5.364488321140061661e-02,1.682611606898613051e-03,6.038398316372715208e-02,4.650131198341962702e-02,1.104989656517537701e-02,2.191373140493874452e-02,1.974163165073206799e-02,4.615596039658453192e-03,4.257863930170443373e-02,4.086361764650750864e-03,1.065216348989944661e-02,6.763149478697858680e-03,1.798299786584760382e-03,4.343883250129148069e-03,1.093799932577620149e-02,1.222957615706223543e-02,5.584783038288723168e-03,1.224513381467509134e-02,1.586561565866059786e-02,1.050453899208634440e-02,3.820363427583925529e-03,1.528569022084843741e-03,8.632905048399386674e-03,1.859737339846971507e-03,5.226678656752926574e-03,1.038208110021367333e-03,4.341565438724554219e-04,2.539652150843457832e-03,1.095825269406715437e-02,6.229119945751699153e-03,1.022256196601594195e-03,3.869013813042687568e-03,1.117574842349716106e-03,4.089402436031756155e-02,1.275356053841872513e-02,1.240320018069555191e-02,1.366637874894283296e-02,1.601200607147563234e-03,2.661374846226314053e-02,1.248486850501789175e-02,4.607262210499100952e-02,2.418268736048050094e-02,2.054671677673022834e-02,5.381931765180773819e-02,1.450096708530337159e-03,7.792739657183207075e-03,1.243379304832232211e-02,2.015874643032779245e-02,1.095048768283350508e-02,8.474647213387797098e-03,4.341231196589780822e-02,6.727330063708731114e-03,1.819273725774226552e-02,1.031317151320936595e-03,1.805596549979757853e-02,9.013896182992587420e-04,4.458898571025889102e-03
3.400013594998085864e-03,6.049047925443893498e-03,2.354936677743549398e-03,5.607039082548389425e-03,2.300476129528144370e-02,4.918952053696845454e-03,7.576773824566019819e-03,1.575766241398785655e-02,8.365860977324264189e-03,1.295398994683289243e-02,1.254376395061997281e-02,7.747692705147364578e-03,5.750331189344319582e-02,5.364488321140061661e-02,0.000000000000000000e+00,4.868890304255360513e-02,8.006924640071512445e-02,1.312861193068119436e-01,3.611532306684576976e-02,9.790995019473339861e-03,1.576046966684387790e-02,5.926496804898017876e-03,4.922260743847688830e-02,1.722821898939216933e-03,1.171117296702378976e-02,3.110429625144048998e-03,1.559197470547032342e-03,6.353568904756033524e-03,1.942929204260363104e-03,2.191160637111981384e-03,5.590257688559333200e-03,9.022710977037086411e-03,8.423808447624936760e-03,1.015565631352043779e-02,7.995680471982059140e-04,6.813127533245421762e-04,1.255084067674134369e-03,6.835065624489823112e-03,1.112029969484290559e-02,8.569137911597342425e-04,6.236988547397808022e-04,1.749934376033798755e-02,1.061134573783210650e-03,7.345219767768677464e-04,8.900920038637752819e-04,1.077274119131641861e-03,1.535308490001822306e-03,3.152113560863152586e-02,5.702874907175809437e-03,6.219696443215808924e-03,1.249920044696386200e-02,8.811263860998664460e-03,4.090547796109609419e-02,1.020335013929822565e-02,5.240769574107293632e-02,3.127142739201340532e-02,1.191561353153920179e-02,4.233235591412731758e-02,1.314613913801924473e-02,2.032369771276958462e-02,3.364411249253747294e-02,1.518606095234154019e-02,2.294787333232978579e-02,1.376646991143603942e-02,4.498188479331616946e-02,4.149912362136840005e-03,1.682572082883275824e-02,8.659314405794607322e-04,1.999408883160058020e-02,4.253501025283612687e-03,6.157308729821588805e-03
1.229064712544188347e-03,2.088666555395560145e-03,2.982582138818172892e-04,1.220278527769067369e-03,6.245765194864094823e-03,1.116254459549267464e-03,2.079629110173643585e-03,4.802965922788784807e-03,1.084628437837153667e-02,7.127085257224686013e-03,6.302193306701571462e-03,2.710528904195645683e-02,6.911875716214685439e-02,1.682611606898613051e-03,4.868890304255360513e-02,0.000000000000000000e+00,9.217927723921252869e-02,6.308249811820069997e-02,5.867294008516443782e-02,1.605579946565454871e-02,4.155325044954762646e-03,2.992183315444482423e-03,3.439211510764240975e-02,1.629953994917136047e-03,1.138104778180774705e-02,6.840612644646848310e-03,5.864753347412305848e-03,1.386882116030553093e-02,4.950948239596148631e-03,1.131640039361814058e-02,2.694257794050065966e-03,1.141664439426555433e-02,9.698514815099940761e-03,2.172501654414165078e-03,2.355798947655301546e-03,2.790230358020831178e-03,7.230179767182529950e-03,3.886366771120300899e-03,6.423020116843211093e-03,1.876150778444435254e-03,4.080807773058552166e-04,3.403891545692135177e-03,2.180582969152376760e-03,3.276060985268053685e-03,5.557605966119426831e-03,4.729291290224324658e-03,3.753456250965705315e-03,3.488012617499259421e-02,9.902966950474245342e-03,9.756606077978065977e-03,1.132639496820805718e-02,2.427196809510534514e-03,2.444826225443329920e-02,1.518979952508055405e-02,6.440402343367632176e-02,2.218148178450098790e-02,2.190401168299881823e-02,7.377099509632426000e-02,2.127242923455509999e-02,3.485041174606848952e-02,3.636189339535295106e-02,1.485255787481976585e-02,3.176329674177754553e-02,2.716112329961852326e-02,5.979595959718764231e-02,1.416831039803395642e-02,1.222072353302513549e-02,2.555068994849100418e-03,1.960675097941763645e-02,4.506721222591087914e-03,3.570588492086574587e-03
2.509536249629080247e-04,1.468766817305894659e-03,1.181067397949293798e-03,5.828050625489420876e-04,2.109784388051648505e-03,2.844534196376846333e-03,1.729921655005803001e-03,4.632337920047217492e-03,3.486507091763293379e-03,1.196393448779227257e-02,2.817391241178660195e-03,1.286402550076481272e-02,6.443435570601981077e-02,6.038398316372715208e-02,8.006924640071512445e-02,9.217927723921252869e-02,0.000000000000000000e+00,5.540212794065863672e-02,3.701045189048363104e-02,2.909567003813182118e-02,1.801141595573632972e-02,5.007337712103441044e-03,3.627329152527424688e-02,2.537555206944985473e-02,1.834522889821232211e-02,6.877325357926316295e-03,1.024707166223556669e-02,5.091465161758189188e-03,3.561144304642467964e-03,1.203958546780457481e-02,8.952694672010963126e-03,7.378411308136822132e-03,8.628616121762345409e-03,1.188559724608109248e-02,6.265260316352045181e-03,9.413783070656059349e-03,8.811081572375695573e-03,6.583528888635824163e-04,2.258139344691880660e-03,2.235608301506420131e-03,1.785887994208447665e-03,1.037190792015948602e-03,1.200402465686521876e-02,3.101533414817325956e-03,1.476153359935085873e-03,5.198140052143317841e-03,3.439955365424886714e-03,1.492528532783075380e-02,1.110531792691834760e-02,2.706570393260381447e-03,2.950662209443515385e-02,9.226062737725845841e-03,1.785341444250826068e-02,1.959757938820895495e-02,2.976432131751008403e-02,2.065894530152807482e-02,1.511005356928203126e-02,5.025700835836033331e-02,1.732628880627848367e-02,2.213438236076784374e-02,2.749747432108526693e-02,1.655356817925282553e-02,1.928992104954407871e-02,2.300553285584589977e-02,2.092060770991196680e-02,9.323073958412100848e-03,1.175198990821086677e-02,3.707006156608085544e-03,2.427804430466226279e-02,5.444869704157448897e-04,5.310467302817595140e-04
7.018644380488770797e-04,1.655811405492208259e-03,7.605314914323437663e-04,4.060280338037272965e-04,7.027637798867173574e-03,2.858176700840413080e-03,2.488524899146222526e-03,1.339712564568143818e-02,5.479211142602088665e-04,6.815099410859731463e-03,2.948785850806422918e-03,2.339384222772734542e-02,5.341717293655281334e-02,4.650131198341962702e-02,1.312861193068119436e-01,6.308249811820069997e-02,5.540212794065863672e-02,0.000000000000000000e+00,1.477280636531601854e-01,2.995463068108069130e-02,4.568458261541043230e-02,2.259430224614194724e-02,2.179963326259664463e-02,9.665688213226724876e-03,1.693850019447011232e-02,5.587594560571266904e-03,4.258511584664208954e-03,1.739592891663442262e-02,2.514738344117904180e-03,1.433226934142436265e-02,4.688612473326836047e-03,1.909022072711058504e-02,1.004690326564901433e-02,1.945880297560727279e-02,9.659411438815961991e-04,8.251028745798770492e-03,6.225668726547095230e-03,4.196273420342639749e-04,1.218236324883249788e-02,5.657766796832435809e-03,1.840036078209125129e-03,1.350205851922281312e-02,7.471715903407521184e-04,1.725112505676490698e-03,1.545810467319280171e-03,4.201079307209153006e-03,4.968394819537683485e-03,1.396864953785374903e-02,3.821004904364784689e-03,8.600161987981094769e-03,1.005639263945874370e-02,5.564964907272974132e-03,4.361682747532905080e-02,1.331003410609645290e-02,9.166926621728059554e-02,3.848004274613840009e-02,2.573975562794387009e-02,8.878052336590484817e-02,2.888968458598011393e-02,2.223999881420256342e-02,3.990379339189549512e-02,1.363608422513745873e-02,4.465001255500623129e-02,2.838672927556952150e-02,5.636130987509015144e-02,4.065564096122012937e-03,1.132676620443504902e-02,2.064376184470633792e-03,2.402279864440985679e-02,4.001590533136346883e-03,8.902542903470770470e-04
7.049052961458529857e-04,4.044320444630386015e-03,2.811800123913982524e-03,5.585699638434110876e-04,6.325967585298974266e-03,2.137156237738922163e-03,2.282576925034888234e-03,2.307345457514565004e-03,6.084088716748996609e-03,1.009999770287723286e-03,1.000232312230004642e-03,4.877001165685946465e-03,1.342016736443501709e-02,1.104989656517537701e-02,3.611532306684576976e-02,5.867294008516443782e-02,3.701045189048363104e-02,1.477280636531601854e-01,0.000000000000000000e+00,1.625779711542345990e-02,1.255150065011385319e-01,4.735174557903863712e-02,3.792726884091949385e-02,2.245051116098831234e-02,7.043890990737150005e-03,1.375835963056873910e-02,9.346321397925147142e-03,1.138489247445014993e-02,2.412842033617036783e-03,5.189691908475988630e-03,9.014607168037961152e-03,2.374917083943039412e-03,9.338629155181948222e-03,1.337740015513150032e-03,6.353463100818177757e-03,6.616772816131680397e-03,1.778797064328090094e-02,1.527505431151467141e-02,3.496922617330615411e-03,2.714329564471069413e-03,8.885459000353557527e-03,4.601596018837873434e-03,4.211570245509324226e-03,1.011997423005495155e-03,3.059012338805764970e-03,2.623066711081501693e-03,3.393564903839607714e-03,2.128673078908950578e-02,5.856478581200309265e-03,6.931339373907306929e-03,1.737831100456375608e-02,9.750413925963253431e-03,3.112053562327523476e-02,4.082238955366929156e-02,5.614878820101722873e-02,2.806763739515675746e-02,1.087755860888398388e-02,4.530331770524584356e-02,4.299016690904389898e-02,4.431392159135899567e-02,4.375735733483818862e-02,1.980659914849585909e-02,3.201237868607149234e-02,3.033683340288715821e-02,5.503182586787761649e-02,1.684928208253691842e-02,3.890720537764751769e-02,5.731135048362979469e-03,4.306609976381076815e-02,7.756239348191817234e-03,1.892097339964583097e-02
3.964694308983516017e-04,3.283848321689053235e-04,8.697771305446890628e-04,1.979054318516909952e-03,1.879394370815960563e-03,2.467741854214185356e-03,7.789635450864103479e-03,2.689300173597928938e-03,4.505410220740220864e-03,1.234783857361675813e-02,2.176257227239466845e-03,1.280678812822658164e-02,1.567512354365872135e-02,2.191373140493874452e-02,9.790995019473339861e-03,1.605579946565454871e-02,2.909567003813182118e-02,2.995463068108069130e-02,1.625779711542345990e-02,0.000000000000000000e+00,1.315039467177868959e-01,2.358819922629299404e-01,3.077940847951655956e-02,5.771350503816902872e-02,1.102794516346238540e-01,3.093713675965119661e-02,6.261780166318625662e-02,1.127388577884042564e-01,4.567925722645119896e-02,4.116965470177948172e-02,2.460755807100563700e-02,8.791907994158824555e-03,1.957963231982617902e-02,1.337320604475498130e-02,1.050400771889415351e-02,3.746985568184504900e-02,6.497753540557131557e-02,4.016385404275858717e-02,5.138116793386735687e-02,1.479529158747366901e-02,2.730457500071630308e-02,4.021059377645880978e-02,9.031602627769332731e-03,9.120925425531117500e-03,2.103960255115446768e-03,2.926488733247993926e-02,2.948986616645099187e-02,3.227982870475515353e-02,5.712083869331245622e-03,4.310151474442180941e-02,3.814019180719958879e-02,2.901869897367762019e-02,5.942235719450291581e-02,5.095572356205269743e-02,5.315789609651363351e-02,8.253049990799199431e-02,9.736212366489752079e-02,3.255568409779960315e-02,7.813097725363302160e-02,2.974713177321997026e-02,2.059689723963139818e-01,8.898019996287884203e-02,1.093192680913705195e-01,5.477481022748961065e-02,6.987421337201629723e-02,3.288930012760819116e-02,1.869842203672093806e-02,6.650765819178360884e-03,4.116656510089307386e-02,7.526825152049347947e-03,9.013555035688283409e-03
6.734258004387326134e-04,1.971820442510812711e-04,9.475726703821471877e-04,3.938026277400134617e-04,8.237706993657815772e-04,1.885776660813625639e-03,9.887942621435207372e-04,3.156340419976160286e-03,3.970070010034184443e-03,3.162328395048097807e-03,6.501642953922425611e-03,1.801231123617606095e-02,3.437647302231320538e-03,1.974163165073206799e-02,1.576046966684387790e-02,4.155325044954762646e-03,1.801141595573632972e-02,4.568458261541043230e-02,1.255150065011385319e-01,1.315039467177868959e-01,0.000000000000000000e+00,3.349464998748439837e-01,2.606372545112943251e-01,3.158573744143903378e-02,7.844277627167874078e-02,2.519598465735065074e-01,5.190121812892928288e-02,4.561448086901270099e-02,1.567454921331595252e-01,6.309373293445849629e-02,1.179253317774703672e-02,1.370325716416159918e-02,5.616182073871457681e-02,5.090870199325466666e-03,4.621323146227730022e-02,3.171066242833227994e-02,1.276746811168132933e-01,2.412403525710423921e-02,1.597604610085085614e-02,3.995366642383556960e-02,1.947912687755336617e-02,2.228418959103765570e-02,1.167623288272625209e-01,2.920767015247932585e-02,2.066699415370190640e-02,9.208593499208340624e-03,2.558810321224622153e-02,8.814407810443393443e-02,2.104729399781270910e-02,6.220588411338202894e-02,5.269907804934646084e-02,3.971198126936049261e-02,1.274713395723579556e-01,1.556713603489462694e-01,2.124563660679158750e-01,4.088743242953841728e-01,1.932729992535280050e-01,2.054496522716768858e-01,9.316426584397309585e-02,8.816272924072847406e-02,1.067625964692002632e-01,1.406159871888859325e-01,1.876455338779319248e-01,1.033033858285398038e-01,1.713386739930319591e-01,1.289370064786241610e-01,5.910832158790389756e-02,1.657591110023533265e-02,7.325753487704607381e-02,7.180148845804713853e-02,1.427704838454895049e-02
3.182744898966459370e-04,3.130899906463039859e-04,6.709661844393426501e-04,2.978654747553802131e-04,2.416170010641475910e-04,7.321923558940686633e-04,2.098152234492484287e-03,8.773822437056914879e-04,7.505657898937349685e-03,1.032147284876296263e-02,3.320372379769153445e-03,1.010880451470414290e-02,3.300571976899939822e-03,4.615596039658453192e-03,5.926496804898017876e-03,2.992183315444482423e-03,5.007337712103441044e-03,2.259430224614194724e-02,4.735174557903863712e-02,2.358819922629299404e-01,3.349464998748439837e-01,0.000000000000000000e+00,2.224890291635910899e-01,3.409543069376219093e-01,1.464514400039930164e-01,1.079862674324195138e-01,1.889735786078218793e-01,1.506551715363486643e-01,1.015878650265256977e-01,6.769090476552500069e-02,1.025999017650414957e-01,2.690424540890152053e-02,4.710453303262405328e-02,6.064667204572868342e-02,7.328278073815065741e-03,2.209191059925438155e-02,1.921945500756938943e-02,4.889411210431932053e-02,7.576176934350165038e-02,1.030996531820617054e-02,4.123410808582175791e-02,8.010641747018826253e-02,1.362783409900811260e-02,6.370701747262710879e-02,7.121357665118821512e-02,4.182258791170695433e-02,7.539477184622396522e-02,3.863991036174733995e-02,1.974086323945641389e-02,6.081374901523608351e-02,2.017979461225142060e-02,8.859109986739668874e-02,1.185822482403341427e-01,9.907106069857289643e-02,1.148465052560537769e-01,2.235527529554798554e-01,1.862751006347179994e-01,1.427849924509237978e-01,5.455171036122411637e-02,4.586594277917836054e-02,1.592471049780994630e-01,7.583572359594108192e-02,1.598536811941846936e-01,9.422290920893472421e-02,1.411777849319128253e-01,7.022235193043592505e-02,6.130919846285951685e-02,5.264745409910447788e-02,9.716043245649952365e-02,5.449745599792196749e-02,2.804537229406665194e-02
