0.000000000000000000e+00,4.484770553722572384e-02,8.436945866256066739e-02,7.506673228567754298e-03,1.670869132816856645e-02,9.938727338940640810e-03,1.533216060980989144e-03,3.314964414206267047e-03,2.088769832985050597e-03,1.092280792604547086e-02,2.971204523499251793e-02,7.250179166966515265e-02,4.525658107384641915e-02,9.202197800172427083e-03,5.511183894637933928e-02,4.063559870811719182e-02,5.122925986706666074e-02,1.560837687116118332e-02,3.681226230398463445e-02,4.644294744975593567e-03,3.083349516874446528e-02,6.606419625860762181e-03,3.033790474338567741e-03,2.261137305950737184e-02,9.900443762832529873e-03,3.534592617637198359e-03,3.199121239081961776e-03,3.315159578194497997e-02,5.506095734164807853e-03,1.526445933278018814e-02,2.312130682453366736e-03,4.141310993879687014e-02,3.078355003086166372e-02,3.952752973870472808e-02,1.142203745720304052e-02,2.577707998875293938e-03,5.291534105395595544e-03,1.706224218787500899e-02,3.159943632408231118e-02,8.129304067887595242e-03,5.792193049618743310e-03,6.807286869467496331e-03,1.413539445216650987e-03,1.704839966133749399e-02,8.436615039608214017e-03,3.086773502907925928e-03,4.427946309888819779e-03,9.574525995912421287e-04,9.680055045881963936e-04,9.955454006748182608e-03,1.231544926698087405e-03,2.275695927877292250e-03,6.001980902190515513e-03,6.613737180732800211e-04,6.611224303832933386e-04,7.424264375589687904e-04,3.850434264594073015e-03,8.609493774297431257e-04,5.272364945937194763e-03,4.307413599066741805e-04,7.497601102929206396e-03,5.605027822962226416e-03,1.535929782099666567e-02,1.257138030182925435e-02,1.320726387577984178e-03,1.232581729611778067e-02,2.041536684173551625e-03,3.542834153077282534e-03,1.718447355607646831e-02,9.042598987657957804e-03,7.330098509521390526e-03,2.779976490768784961e-03,3.135680239607396055e-03,6.535148407567426161e-03,8.156255986989371584e-03,3.124523956473387182e-03,1.282962002365554922e-03,9.638162054656753547e-03,9.661805927755088771e-03,1.947059727108691948e-03,1.927277207035956331e-03,1.170776402714390242e-02,2.339503071292109958e-03,9.411205384875719580e-04,6.449141396868126284e-03,1.094900883175083627e-03,1.378237616724419835e-03,2.481135440481853013e-03,2.673053287156430466e-03,6.202647975915551865e-03,8.374106034193940298e-03,8.437314498968166709e-03,1.631157736933899066e-02,3.419147953275878359e-03,3.996811283300026087e-03,5.152789391157538285e-03,7.156588033503000906e-03,1.154512139974826594e-02,2.109754281618029387e-03,1.455573741227449494e-02,1.489940850496695134e-03,2.599691929221473533e-03,4.140795689830311863e-03,3.022098922898126816e-03,8.088007089723885795e-03,8.190207976191518809e-04,8.393292591225996659e-04,3.069585234977684988e-03,2.352623886003953231e-03,1.010336252553690551e-03,1.405628971564585640e-03,1.054475742374444283e-03,7.478217228135764297e-04,2.142903020845425902e-03,1.919377771608603983e-02,6.846437785513592895e-03,7.371893921326711126e-03,9.354937823197056329e-03,4.995308612118659099e-03,1.580114308730515282e-02,9.208900243467474378e-03,1.519620376144087577e-02,7.100146133585599068e-03,1.924407133468459402e-02,1.401359559458256569e-02,2.217961947262458294e-02,4.282975457178624448e-03,1.933300822465579619e-02,2.648451236830957640e-03,1.350468140667819734e-02,1.453853202556250335e-02,3.462551583944955408e-02,2.619990627719078532e-03,2.244410029442437532e-02,3.732961154724647075e-03,1.311352946352992502e-02,6.103336498860446012e-03,6.721350910111292820e-03,5.933197848668864648e-03
4.484770553722572384e-02,0.000000000000000000e+00,1.937612975965651296e-01,9.264654751520803866e-02,1.216895236130552047e-02,4.870586866520580649e-02,4.942059770259110696e-02,1.951555659939954029e-02,1.165797457055243840e-02,4.231682050313370635e-02,2.558162324304076932e-02,6.229349666231218108e-02,7.074381568688532795e-02,6.482602306265058956e-02,5.689700577245583590e-02,3.916361686400701703e-02,3.656294503427980763e-02,2.246862516077792124e-02,2.171526792705629275e-02,1.656889536137072169e-02,9.072043555354110042e-03,4.904095744541148161e-03,2.598152577217501674e-02,2.099542306610564877e-03,7.249544975767934461e-03,1.489556231988704502e-02,1.303873132935374395e-03,4.031018630310395645e-02,2.337974280559255644e-02,5.138605653269309390e-03,1.019407588129503557e-02,4.794600869823058276e-02,1.414219221146729294e-02,1.400764637967454734e-02,2.517404255130599802e-02,9.451117096824137448e-03,3.940464088155951755e-02,8.205597880990707707e-03,3.313129448988592213e-02,8.459322435281815388e-04,4.454029936775474006e-03,1.283826035678536058e-02,4.505964518738124827e-03,1.335506745729859480e-02,4.766326716156821762e-03,3.785086529662923336e-03,1.463664532328313138e-02,2.038823990867349653e-02,1.842684863980283486e-02,2.513827769161958679e-03,1.093637748085128517e-03,1.100866533877066164e-02,3.773045445145336001e-03,6.885532067034096570e-04,9.300897304733027685e-03,8.277754622284583252e-03,2.789131283294836623e-03,2.537842380899084198e-03,7.907146516252350210e-03,3.996356576813501864e-03,3.282355272135894803e-03,1.403399728577949673e-02,3.305475720078660321e-03,4.061932808743210291e-03,1.729162144039454209e-03,6.426156883565354271e-03,5.105133828359363288e-03,4.310983358234530584e-03,2.940479294858760854e-03,1.238861606494924333e-03,5.480105525952356192e-03,1.426966380563886175e-03,8.162377563097836112e-04,8.303350636368020052e-03,1.362949257667177456e-02,4.506464203255022144e-03,9.820307092643083650e-04,7.991813546094052312e-03,3.923071814496574550e-03,8.049208369038310731e-03,7.490117590206073813e-04,9.850347429888963585e-03,7.990094423324907782e-03,1.550428459592453900e-03,5.948276117766627784e-03,1.091958842350341727e-02,3.352546328768553265e-03,7.572949659922649339e-03,3.907349247238556082e-03,4.801683764638696277e-03,3.142675458347007206e-03,1.316733324632927103e-02,7.438388887402978128e-03,1.168288959722496925e-02,2.255758542292396387e-03,2.764002682977297325e-03,1.037576692115237467e-02,4.382228496702922881e-03,5.572343533058088556e-03,1.563470243323795625e-02,3.070112973459152104e-03,2.149346831817379629e-03,2.876159286429167371e-03,1.536834446195779920e-02,1.729910242278517429e-03,3.177328360931993157e-03,9.648109917748676082e-04,1.027031585982333484e-03,7.606505612473530610e-03,1.107225140166889039e-03,3.858552450937606602e-03,1.018543448306599014e-02,4.409903225072375407e-03,1.916239721759718795e-02,7.368875074890632315e-02,4.848898068720090132e-02,1.404160132981366500e-02,8.404893088480083763e-02,1.143054843255709996e-02,1.275347923522670082e-02,5.959065289156125628e-02,1.314830827570299433e-02,1.282775443722162546e-02,1.712225731352842034e-02,5.408795368011079172e-03,1.615341976147227979e-02,2.042003914404906528e-02,2.784371577614015020e-02,1.448315003668233097e-02,1.913197273516054758e-02,2.258459415412580190e-02,2.338437819806006221e-02,1.336069020358411109e-02,2.702985150695387875e-02,7.224692798282204668e-03,1.591739843957441433e-02,6.624896365192531507e-03,1.258059129781038087e-02,6.746759252418435722e-03
8.436945866256066739e-02,1.937612975965651296e-01,0.000000000000000000e+00,1.528104120234465881e-02,6.781955748443943555e-02,7.696368895331910653e-02,1.320019758968311169e-02,1.684556064059060040e-02,4.345234992848331229e-03,1.321097193131006917e-02,4.122544307673204483e-02,5.772245055544772407e-02,4.848644442913083163e-02,4.042568829893887494e-02,8.539605624955641516e-02,2.893751948656892933e-02,6.255444122404812957e-02,3.707537005965434729e-02,1.986613473867226975e-02,1.520784895168685209e-02,1.774183629752123723e-02,7.634187279197724579e-03,2.172523068520156985e-03,1.105370023931840848e-02,6.681642695021412608e-03,1.161089168725962240e-02,3.866800664066226152e-03,4.251497107138648562e-02,1.457658910376254113e-02,1.213903526389520544e-02,3.016482809081056163e-02,7.488246157939359993e-02,3.074562387681616105e-02,2.838419867166081315e-02,3.738873472401146869e-02,4.509693729727207862e-03,4.647654259793310150e-02,9.273276872526268685e-03,4.363026038558463771e-02,9.115838594670251649e-03,1.112216231101869832e-02,1.025236164886402304e-02,1.051341625828884933e-03,1.130836503832712697e-02,1.540199774261501175e-02,2.261261451821330436e-03,3.351704115773008856e-03,3.638692393171934908e-03,9.832822953112189610e-03,2.648878723914845079e-03,3.312936225148339908e-03,4.614622631218008933e-03,8.935705234548903253e-03,7.039515651273128621e-04,1.169311652188060636e-03,5.559434458302932314e-03,5.247569139723179746e-03,1.472727369400627121e-03,6.774939268011741060e-03,1.491276033710642671e-02,1.253629485742125196e-02,1.925513008799475609e-02,3.809111743822106780e-03,1.707810100456422925e-02,2.707168166257468110e-03,1.255846051548216782e-02,6.683964746963584440e-03,8.064471865983909721e-03,1.927755059906187743e-02,1.058829863844992130e-03,5.281137971103570805e-03,9.849020953519107419e-03,9.596190473195537543e-04,8.784791163327226871e-04,8.435219468952868602e-03,5.532150893588035599e-03,8.275399267446878135e-03,1.325034442806539113e-02,1.251124243933962772e-02,3.054880459867689770e-03,1.153740404513270250e-02,2.666365604567132001e-03,2.287542631457867293e-02,3.333534475625872864e-03,1.609110325574023698e-02,2.500249162437166543e-03,1.040608744838742491e-03,6.981922830828588000e-03,1.295085698060130866e-02,3.495897661603219672e-03,1.663647113222842255e-02,9.783133877151154942e-03,4.059296120399711466e-02,8.067948023883447436e-03,1.711649514161934019e-02,4.634413984604015060e-03,3.020034557259154619e-03,1.186790422265402052e-02,4.768977092083598324e-03,6.019933986156206923e-03,7.013126885202053754e-03,4.023875934231188611e-03,1.415745512722375865e-02,6.402840377377516309e-03,1.255577331546817469e-03,6.155109500517902052e-03,8.525971372989346684e-04,1.886764361318569007e-03,7.316151408858257051e-03,1.676671412648216182e-03,1.806302786642204148e-03,3.721750458902689952e-03,2.780520468886023625e-03,2.880742192064218721e-02,5.910653083337982089e-02,3.347294937768297701e-02,2.079481871965218817e-02,4.636004411030061889e-02,2.142564555380785211e-03,5.328503168941232937e-02,2.926629079164456276e-02,3.124667774177882981e-02,1.968109567325249457e-02,6.103153043169932263e-02,8.142035435763427670e-03,3.264059511526697099e-02,2.525691700304769430e-02,7.121893255200279112e-03,7.111061415654497050e-03,2.104015448861564982e-02,4.028225324579482597e-02,5.302515051782346472e-02,1.605134392954031194e-02,2.557012538777578281e-02,6.302013903906489127e-03,3.242912581595133736e-02,8.370064092554444987e-03,1.471893124645609098e-02,1.686435305173377558e-02
7.506673228567754298e-03,9.264654751520803866e-02,1.528104120234465881e-02,0.000000000000000000e+00,1.115931540872220629e-01,1.780317924030924703e-02,4.195804394447850971e-02,4.698348455411592572e-02,1.833689218169734167e-02,7.030621379670894122e-02,1.093832226968557142e-01,1.243665922828904036e-01,4.093553933658419797e-02,4.630651748542059104e-02,1.027871549696666442e-01,3.611571660140134449e-02,2.102135350876017592e-02,2.077976484116659736e-02,8.919469870830596184e-03,5.210799570059711922e-02,4.866354430543387566e-02,5.717249528531509993e-03,1.604471617665250566e-02,8.016077085678606495e-02,1.089504085941532252e-01,1.160758092349498949e-01,6.095492236551473125e-02,1.897243737060813062e-01,8.344673536763784483e-02,5.239927361585096366e-02,1.669947966972335288e-02,5.593350201898462937e-02,3.639224124548813468e-03,6.727190709138260345e-03,3.647024471187464839e-02,2.612747764816266902e-02,5.194766169557846897e-02,9.201376866502805965e-03,4.377550132785009568e-02,3.914962915494681929e-03,6.765875617258622875e-03,1.880438152516838990e-02,2.635538861699872250e-03,6.209159573738390683e-03,5.941761994860294237e-03,1.948082973665672679e-02,3.588844504975508779e-03,1.609489398702639018e-02,6.123753536921394507e-03,6.574082500104234256e-03,9.342716626209337030e-03,1.676940127805763223e-02,1.826497879878535152e-02,6.790394064328328198e-03,8.840233607192455462e-03,4.245323045287888522e-03,1.411845660593509522e-02,1.071546500719355172e-02,2.207986301510150937e-03,2.129677950535889975e-03,4.212206565290835432e-03,4.722487307185032658e-03,8.089075086488844990e-03,2.346659074376904446e-03,4.841487309499082833e-03,4.453322894016419065e-03,6.905166417710080842e-03,1.714359300163535889e-03,4.139445297113987336e-03,1.181865101664692332e-03,2.725877446670283040e-03,4.969110463494371896e-03,2.130120398030538754e-03,2.966706447692238693e-03,9.217029078007204709e-03,3.861053926297598662e-03,7.401495990950159726e-03,8.644623445552357746e-03,1.122726418925041637e-02,1.355851529700115125e-02,9.409036437957002223e-04,7.299615020492199050e-04,2.881499170385236688e-02,3.460441896996467419e-03,7.451894230909536856e-03,8.320319782816316609e-03,4.161858621045101680e-03,2.061174353976972726e-02,2.902083898101109720e-03,1.231291253895013850e-02,1.951480186342181497e-03,1.764799748196529613e-02,5.804023798545652514e-03,3.455312611576631665e-02,1.425936665267991781e-02,1.279662023050233410e-02,2.131431257067084237e-02,1.162779236769001003e-02,2.130774570023587222e-02,4.694355128601255395e-03,1.063915465030453728e-02,9.979653604703334069e-03,4.851480665282566045e-03,3.541083200662051202e-03,1.829267174177258079e-02,3.403851998191979866e-02,1.871859271347177389e-02,1.892014871776775357e-03,3.727827505651195444e-02,3.635383233715137365e-03,1.416973782384300549e-03,8.197412862199360143e-04,6.385506471484812992e-03,6.446077700785283679e-03,3.187167454131779182e-02,5.928624423663691329e-02,1.980387551646409922e-02,5.869455321103175804e-02,3.121738156682831236e-02,2.493601769113017869e-02,9.043804813008049504e-02,3.549108814594423202e-03,2.201473269381954215e-02,2.291337384548225095e-02,2.669673895014583812e-02,2.486202128662635957e-02,7.223228621451144305e-02,3.273589811400109267e-02,5.310603411730926288e-02,5.856532624656140412e-02,3.395972016052981046e-02,2.224326680817367494e-02,1.946924344513211239e-02,1.743693534922778274e-02,1.018729960797635798e-03,5.718252530599211327e-03,5.035967849442956647e-03,4.849562061011490101e-03,2.853879195893012886e-03
1.670869132816856645e-02,1.216895236130552047e-02,6.781955748443943555e-02,1.115931540872220629e-01,0.000000000000000000e+00,4.986554606241190568e-02,3.787712596166998430e-02,1.499556452383952500e-02,6.510014301164834122e-03,4.686015191300734600e-02,6.863376652023785163e-02,8.289686108560320732e-02,2.762711368448983462e-02,3.452695202523419025e-03,5.607216655220676610e-02,1.961346398299957869e-02,1.595329505462314557e-02,1.321872336706289737e-02,2.982521367013968652e-02,2.856205349841101776e-02,5.822080815456417979e-02,3.486643704941916333e-02,6.195253069972408468e-03,3.978081736311120387e-02,3.312457526597854807e-02,2.290487615136157021e-02,2.883845151643157911e-02,1.124375321156505930e-01,8.200722625590566028e-02,5.032018640961900130e-02,4.190172900513866594e-02,1.305376308289374898e-01,5.322022215134992323e-02,5.301141819712224673e-02,7.156653686070441056e-02,1.940580847344984886e-02,4.151299756647845035e-02,4.495183685764406883e-02,7.179858365530233932e-02,1.116993609239129263e-02,2.702090747371079394e-03,3.364828139683556651e-02,7.596782154751629754e-03,4.133250125512950499e-03,1.177896001196412218e-02,6.465665250305743794e-03,2.566698490906790114e-02,1.747434154059041359e-02,3.202499005595303705e-02,1.480095178349552683e-02,2.288141224784817976e-03,1.664447966117745675e-02,1.555371571933810912e-02,2.838991658996409869e-03,3.581603424803695736e-03,3.713600918485408884e-03,2.324028954828344547e-03,5.749206853034637479e-03,4.559460573408636100e-03,1.226245689106265392e-02,1.251461681935603192e-02,7.913271291610776692e-03,9.718187180559849717e-03,9.303533782095601071e-03,4.510782174880329475e-03,3.162810312229663405e-03,1.085940306951557223e-02,6.187990684032341170e-03,2.946757667340729053e-02,1.314340308942847126e-02,2.402186778042922355e-02,1.907072522567054493e-02,1.535239254207312193e-02,2.367653234233681875e-03,1.573757441026302564e-02,4.178728074568579219e-03,3.650226610953401490e-03,1.280414542997805084e-02,2.031031249149688883e-02,1.860456995501805905e-02,3.040807299441098625e-03,1.337957043600366451e-03,3.159496226314939538e-02,4.942799311631359063e-03,1.239870874356813896e-02,1.030138973539758245e-02,2.846398699583467962e-03,4.465456670652452435e-03,6.092943463247619054e-03,4.997800503994383713e-03,7.810288395760103808e-03,7.396339185184863142e-03,6.692420024076536043e-03,1.076679166823580301e-02,1.058526770490501347e-02,4.095983278609516623e-03,1.045815531154498622e-02,7.171693153297521196e-03,6.068192235994726395e-03,5.140233301779166888e-03,7.155691403670034513e-03,9.557664738053807743e-03,6.730792412622350548e-03,7.477735576669939342e-03,2.013833822185586570e-03,5.949562904789198678e-03,3.197530558213577002e-03,2.145492772365751363e-03,1.107394526365502660e-02,7.513307609442191476e-03,8.936676181796965671e-03,2.328664255401282149e-02,3.556085689526835431e-03,5.313397582969364707e-02,1.139890861650453974e-01,1.191189397059649879e-01,1.520566632733757334e-02,1.527323280334982880e-01,5.552472594970322972e-02,2.951336371949496787e-02,1.164575683058661215e-01,1.505643469970617196e-02,1.516186982172507136e-02,8.077483546348830645e-02,1.644658106416353738e-02,4.467448291152813222e-02,9.903131931548778133e-02,8.167915211367084150e-02,5.106935748336116632e-02,3.574852347797966706e-02,2.172681189779072583e-02,2.267293615941737631e-02,2.311885312677616766e-02,4.213542803764313421e-02,2.609113050230276679e-03,1.386345380352710203e-02,6.556798273840521406e-03,6.941938838482076234e-03,4.300595165349549096e-03
9.938727338940640810e-03,4.870586866520580649e-02,7.696368895331910653e-02,1.780317924030924703e-02,4.986554606241190568e-02,0.000000000000000000e+00,1.487433685402665684e-01,3.571476575916986140e-02,9.947831519255349864e-02,4.659370272366310239e-02,4.891087096440334403e-02,3.460079568687407514e-02,2.105316541172374753e-02,4.357297070569288860e-02,3.691136962579240517e-03,4.947867366868218854e-03,1.640411571270420157e-02,1.087802707321834997e-02,1.003800171728155659e-02,1.868503783082599724e-03,2.023221313003819091e-02,2.134315878269514230e-02,3.386523041079126523e-02,3.800710365783532829e-02,6.276108299910164445e-02,2.589701854466088318e-02,5.043513286096370368e-02,5.702131495048397974e-02,2.323869245607797229e-02,9.709936270785943235e-02,5.009548038117628971e-02,9.004052831344128149e-02,4.264138772240694958e-02,6.852725019121129468e-02,7.477336677748974703e-02,6.951971413415793111e-02,9.253964803263192013e-03,9.466624132285904325e-02,9.261102726919469286e-02,2.224687424830364482e-02,4.651051243728622150e-03,4.886477155649283574e-03,9.193109452994180017e-03,1.773284801929433246e-02,1.249191258179171461e-02,6.393737155640115410e-03,6.401525554917154685e-03,5.942287049932958899e-03,9.454499672119233422e-03,2.051587017847094838e-02,1.092684921670812950e-02,7.209605452569455009e-03,3.445748079043093031e-03,2.794805047569305732e-03,7.699826164494641759e-04,4.204153608936119814e-03,5.372890566191419227e-03,4.344337472801241933e-03,3.317151903671352545e-03,4.150413520757899842e-03,1.472355660771297332e-03,8.327362587303223027e-03,3.928853532511338356e-03,5.798478248097719591e-03,2.305832754691848271e-02,3.600314625487646344e-03,1.019786775290955523e-02,5.358063177331472138e-03,9.678592101357054445e-03,4.131760292444860809e-03,1.449715116880866475e-02,2.016002532402559350e-03,1.222655200205799604e-02,2.006708197428999987e-02,1.886260203641476618e-02,3.271200131704152247e-02,2.200092263307056040e-02,1.852037998142962161e-02,5.513622348136332403e-03,2.460379910568575093e-02,2.224494302293461567e-03,1.390621195872542536e-02,1.070107247157279368e-02,2.612815512489240904e-02,8.301164893335532050e-03,2.728826454170811544e-02,1.200616089910880313e-02,2.873813850300855569e-03,6.263101816556435400e-03,9.596374245590096400e-03,1.937936122087719620e-02,1.791359965241881395e-03,1.713098350587188498e-02,7.446777901517214956e-03,5.999382752847471148e-03,6.442732119000375846e-02,1.256316885189363852e-02,7.314787666279340406e-03,8.484663061688742583e-03,4.873309541725436358e-03,3.274419845011851057e-03,4.985597150793062531e-03,6.247298038910244038e-03,5.700908652378920694e-02,2.167589075014131339e-03,2.691484506310691353e-03,5.244077491575380428e-04,3.757052421911089273e-03,1.128488784954268225e-03,2.667992429113700843e-03,1.378768438306360485e-02,3.558724787192087645e-03,2.841525272526664991e-03,9.962413199305637790e-03,1.744618924645146554e-03,2.101684938435327207e-02,1.375491134768315818e-02,3.504025739495616326e-02,3.249410785362906451e-02,9.401020292805054024e-03,2.052849101913753471e-02,2.756798992452928060e-02,3.291997616790902359e-02,7.140719588574184762e-02,1.765114941459787132e-02,1.431182775529695785e-02,8.539387277007572108e-02,3.434567368299473039e-02,4.838293948656163801e-02,3.010132992464535986e-02,1.274873598303158662e-01,1.247090151850951262e-01,4.752739840867428733e-02,5.020148839395627977e-02,4.188915046055463609e-02,6.079020347402708940e-02,3.229814020460030494e-02,3.110315027057453802e-02,3.716008664523152288e-02
1.533216060980989144e-03,4.942059770259110696e-02,1.320019758968311169e-02,4.195804394447850971e-02,3.787712596166998430e-02,1.487433685402665684e-01,0.000000000000000000e+00,2.122126453206964539e-02,1.999171708556562663e-02,1.409652638960831039e-01,1.172100112150573636e-01,2.421688098512076587e-02,8.192557539546630949e-03,2.777872856620571332e-02,1.450684198845503259e-02,7.416705121737569850e-02,1.637061403286248565e-02,1.964813883537406755e-02,6.984692642942191831e-02,3.272461766399924893e-02,1.659272193326776640e-02,6.601908961943926679e-02,5.855302379762154785e-02,2.108314594674296286e-02,3.820694481849810920e-02,7.846104341075809535e-03,2.552877537277281530e-03,1.718935911187037188e-02,2.658143008122779150e-02,1.884708129231132609e-02,9.349481647221543484e-03,2.336268018241145772e-02,1.638012904740586764e-02,1.641947952537283276e-02,1.967227418419466994e-02,6.686984256371734589e-03,3.681152336560525318e-02,9.615133916935657277e-03,3.900756519090304436e-02,1.251057890739657244e-02,1.897531664237923606e-03,1.764467513772722054e-02,9.168920835551546897e-03,1.525246297365736615e-02,3.712633130068617587e-02,1.916027563226468597e-02,6.294652169616775893e-03,2.498848768686476665e-02,1.190124232248643363e-03,2.470208546072172936e-03,4.199599081126517870e-03,3.937191237463492054e-03,3.869951676760820941e-03,3.617834180224411677e-03,2.656688985862624974e-02,2.880578787969603153e-04,9.007659252771256508e-03,5.659866454341990621e-03,4.696579507781726702e-04,3.696286095200528900e-03,3.163838556141447978e-03,3.071287988149517308e-03,1.247575652548611833e-03,5.360733458341679185e-03,4.527237888784618747e-03,4.675911133089160829e-03,2.548468233387810727e-03,8.285873087251550625e-03,2.353765052687501608e-02,1.263972528234029100e-02,6.568489139033786492e-03,1.082905961348185064e-02,5.959031202354725040e-03,6.516236275589062758e-03,7.359510041032097521e-03,3.740696584804779640e-03,2.460800592483458962e-03,2.096562878148318116e-03,9.152864664261985833e-03,3.740346637611885895e-03,1.187792558673989723e-02,4.117637833281425144e-03,1.049919492724268703e-02,8.012284297607698627e-03,3.391878968459419944e-03,7.028535766231246672e-03,2.689065964938033154e-03,7.313674812484482514e-03,3.715812060418299898e-03,2.125249030574255862e-02,2.732396815198013910e-03,1.216316517019487044e-02,9.776442175377706920e-03,2.225154925150893068e-02,6.744672882773641680e-03,7.607478670319186426e-03,9.904307717692090868e-03,9.873652828444417356e-03,5.629982642841513049e-03,6.189396455713225623e-03,2.038983974746963121e-02,2.452506814526637675e-03,3.228522321782561263e-03,4.312968363005739540e-03,1.997382939989736025e-03,1.562364885647320699e-02,1.644425471083031318e-02,4.589522384188682996e-03,1.692349747858896969e-02,4.881976243097880044e-03,4.494471562058450012e-03,5.872655420487047154e-03,2.813643359696364494e-03,3.411088577429179395e-04,4.272473036041160230e-03,1.049010061697619456e-02,5.483279896029146470e-03,8.769119213451132336e-03,6.299113193896630804e-03,1.353098659112492684e-02,2.635518751792430628e-02,3.595389858474827734e-03,1.321175309247664756e-02,3.000042108585056905e-02,1.349958518389429533e-02,4.949771115897584617e-02,7.770344622897101816e-02,3.473858986593778009e-02,3.616884783493663075e-02,5.727109059452935996e-02,7.691267211350975852e-02,4.540334331759678793e-02,5.515166536400666064e-02,4.129014615404993233e-02,3.316235167578721055e-02,4.920617838627677071e-02,2.722778690460648729e-02,2.637962713395887795e-02,2.481420336776000990e-02
3.314964414206267047e-03,1.951555659939954029e-02,1.684556064059060040e-02,4.698348455411592572e-02,1.499556452383952500e-02,3.571476575916986140e-02,2.122126453206964539e-02,0.000000000000000000e+00,3.497275598291071236e-02,7.597093661740457471e-02,1.016484644551326061e-01,7.415706521534699835e-02,5.176917638798673310e-02,5.853247525040631422e-02,5.768997701041462395e-02,8.550535138582107675e-02,2.032631645006320945e-02,1.856816320522897135e-02,1.340252570765506496e-02,2.333322185399746077e-02,2.452394679230093799e-02,6.090160115227673254e-02,1.681547598003381785e-02,4.422506615017508108e-02,2.054299209780437521e-02,1.727475042547867851e-02,2.844751507756062073e-02,5.438860395657478530e-02,2.115005585182207909e-02,1.335371694821812887e-02,1.549191572743255883e-02,3.414928018228470530e-02,1.640686274314446733e-02,5.023614964951422790e-02,2.073957220758333025e-02,1.155823273915802980e-02,2.404688278167278152e-03,1.370439845964450780e-02,1.212498392302088952e-02,6.885932280908150030e-03,2.729397548622086288e-03,2.269820727407957303e-02,5.247093401328743224e-03,3.363728943376628842e-03,4.652596146236691321e-03,1.283234119971896200e-03,3.496634918803042530e-03,5.291456863243371687e-03,3.468641240596453956e-03,7.811401068468305613e-03,1.424524138048606677e-02,5.370923225655084565e-03,7.055230759646598238e-03,2.162452349951049860e-02,3.343263446189094750e-03,1.989669454257980349e-02,3.808478309198675901e-03,1.963123002306120350e-03,1.350836352558597558e-03,7.181774844003343053e-03,4.401200715022366046e-03,1.488304974993014118e-02,8.023478965769640162e-03,2.362020109991224553e-02,1.468984242447499578e-03,4.634960453081735793e-03,3.648948069293471517e-03,4.790879236088330800e-03,3.165005762750073420e-02,5.646119204975565825e-03,1.477651346225228139e-02,7.910931582133870141e-03,3.397815038619533563e-03,2.100236759722165069e-03,2.931577036959040743e-03,3.702639467162727530e-03,7.620090487315800930e-03,1.764622165983996275e-03,6.701130438984426738e-04,6.148199833287975972e-03,8.116155241867381923e-03,1.036397917817051539e-02,2.219373331915742899e-03,5.849133049881112545e-03,6.526039682038052960e-04,5.440497498700131405e-03,1.143533958257460410e-02,5.440552735679871597e-03,2.411525043354544214e-03,3.492733174889041219e-03,4.656780571471731169e-03,6.937813239052331021e-03,5.972269062966075598e-03,2.722866253293172462e-03,4.791290751648613275e-03,4.748872538253952162e-03,5.222359197457492400e-03,5.716233263384210526e-03,1.793309699967233139e-03,5.610403540813653327e-03,1.691367400943880354e-03,1.374988857984549111e-02,5.555035817819388433e-03,1.001524089398065503e-02,1.439868757972735148e-02,6.884083358591925293e-03,7.804637086227642767e-03,5.855921412643693563e-03,5.959622193450967408e-03,5.109787250528688256e-03,6.237476294014617818e-03,4.926733883632056395e-03,6.818169408663888979e-03,9.827761940361837839e-03,3.978089059172154607e-02,2.369639473364642743e-02,5.505512643109026702e-03,2.912083922451873252e-02,7.880019600241797498e-03,9.635400778238663311e-03,1.172462510412643905e-02,1.449858026995997154e-02,9.965623315514954284e-03,1.122359074094682330e-02,5.602333608071164740e-03,6.478437489516027624e-03,1.370522879157605282e-02,9.431503833627775252e-03,9.299402970020619399e-03,1.281372023607853412e-02,6.794318226454969939e-03,8.030347591846714178e-03,5.594852535779558725e-03,2.332318685144066372e-02,7.699982861069282897e-03,1.063730015835085904e-02,1.090543020477389990e-02,8.847968611761666824e-03,3.113503326916624517e-03
2.088769832985050597e-03,1.165797457055243840e-02,4.345234992848331229e-03,1.833689218169734167e-02,6.510014301164834122e-03,9.947831519255349864e-02,1.999171708556562663e-02,3.497275598291071236e-02,0.000000000000000000e+00,2.130934919134801903e-02,8.581474336070722686e-02,1.270551173446126392e-01,7.608374788100037700e-02,1.129005967623889078e-01,4.634174796491453974e-02,1.007483606322007591e-01,4.288188657350773536e-02,6.796548511680207405e-02,3.320681727088625745e-02,4.749432802203314846e-02,4.694433046338741811e-02,2.019090002472788067e-02,4.892221378854395841e-02,1.387366256262113733e-02,1.915183178977804615e-02,2.102102510643579641e-02,2.333036370847706847e-02,5.498351435427027700e-02,6.705185668236591720e-03,4.702012778496567069e-02,1.650310626197528524e-02,2.960726676357499504e-02,1.783844087360466485e-02,2.148272572762437854e-02,2.001676591589599680e-02,4.396191109847346311e-03,1.099295274972943680e-02,4.786436173652348219e-02,7.249416899541144543e-02,8.907451652781924259e-03,5.601099134096493466e-03,4.558711927574644711e-03,3.399094108373089222e-03,6.589949113444544884e-03,3.460703975185962667e-03,4.353195380060981626e-03,3.133277090190316003e-03,3.838135145274450787e-03,1.169474387563016957e-02,3.577623311751621307e-03,1.027417228234980308e-02,8.079325805886734130e-03,1.096782151571304952e-02,1.087076341431711390e-02,2.807814301961716191e-02,6.217455731263030368e-03,1.065761941050577186e-02,1.750348011971997186e-02,1.048579710628083465e-02,3.175558966516832480e-03,1.909844237542011186e-03,9.127458609089339481e-03,5.501990920098990059e-03,4.060593069018178687e-03,5.650693558875146717e-03,1.260149511111386018e-02,3.074418511234563132e-03,8.528861647068484942e-04,2.352152946160141270e-03,2.603856750382322997e-03,3.421758452462967705e-03,2.279261601322524634e-03,1.321304011986793904e-02,2.470638569368164422e-03,1.765100422816816977e-02,7.423729516006452415e-03,9.566148880825613848e-03,1.680386812321783482e-02,1.806462588837746269e-02,1.018471565224407689e-02,3.098433972059440582e-03,2.526175837741650651e-02,2.671739008368930780e-03,1.139961565304488042e-02,2.226135891321143374e-03,1.775447510993475794e-02,1.703959337262494697e-02,1.009133079232510258e-03,2.010781740868961345e-02,7.842590639761505902e-03,2.435497258031623161e-02,2.628163337548239126e-03,3.244575753268035597e-03,5.227199688391359622e-03,9.631108769377758755e-03,2.736606104781734092e-02,1.098456024285809560e-02,1.392257468732836269e-02,3.938889722628761622e-03,6.662667299300708071e-03,7.194887660689805019e-04,1.539664660783414797e-03,8.107806085728122905e-03,1.904771324343346173e-02,6.608726130405691117e-03,1.197138421968683628e-02,1.643365477855986134e-02,3.191652298822176756e-03,8.176226425097812833e-03,1.519417360430736462e-02,6.642456786187642473e-03,1.813258557397955453e-02,4.359771786374811581e-02,1.039929566680285883e-02,4.243483833927524235e-02,7.522717445510977707e-02,3.596270071578611810e-02,6.514227115144731461e-02,4.997930164623907295e-02,1.927506038106053740e-02,6.131225157619976662e-02,7.646333144395187596e-03,8.017851950958606450e-03,4.510924154853208912e-02,2.675373918905648088e-02,4.247485051041283675e-03,2.623644225783436368e-02,7.586997473753172815e-03,1.931409387001813225e-03,4.685628994249980799e-03,1.039233684604116102e-02,8.364192165672322543e-03,1.435575852089892614e-02,1.575017874128121012e-02,1.169958277908562418e-02,1.687190853963169363e-03,3.566685050716237627e-03,1.546673399339048953e-03,4.954456198911074772e-04
1.092280792604547086e-02,4.231682050313370635e-02,1.321097193131006917e-02,7.030621379670894122e-02,4.686015191300734600e-02,4.659370272366310239e-02,1.409652638960831039e-01,7.597093661740457471e-02,2.130934919134801903e-02,0.000000000000000000e+00,2.363037152173132482e-01,1.573024323512551004e-01,8.176991987387349781e-02,9.560575861222703198e-02,1.283327646013518730e-01,3.960097266445031933e-02,1.281870269894173353e-01,4.891596416713939882e-02,2.231108321166555900e-02,3.701794768196003949e-02,8.384342827149779409e-02,1.684399729449838345e-02,3.047119590024528063e-02,5.925309921874603175e-02,7.973351909445524147e-03,2.717772565165831045e-02,2.843567662702517831e-02,1.823509887151108719e-02,4.011765985264510032e-02,1.731013542398250268e-02,1.629497843130172513e-02,4.329203850511972179e-02,1.952613584847006853e-02,4.083002655811921594e-02,2.193221715820972695e-02,6.042092890866556515e-03,6.346630231425097468e-02,5.761791024539730105e-03,2.358809922046580659e-02,2.549138731761671061e-03,1.747810962181881381e-02,3.586124982551196216e-03,6.603995141727412449e-03,7.023281856308427086e-03,1.475883331657591203e-02,9.686784047654602853e-03,3.193165354801385733e-03,1.252926562141399268e-02,7.108453309518565980e-03,6.189217922291606264e-03,4.161155518431234289e-03,1.405636836424612119e-03,3.454584229965277850e-03,1.970799316775715977e-03,1.896445783965116207e-03,8.269666660444789305e-03,1.154412768907677085e-02,3.832411741157792234e-03,1.768372714607733490e-03,2.084095016951582717e-03,2.719977236037579831e-03,1.465250708359965275e-03,1.099027534353970263e-02,1.355293043443616188e-02,8.628410702759260059e-03,2.231444670828095986e-02,3.658292554813136893e-03,3.647783638031086659e-03,3.497418356885010661e-03,3.441282189189654762e-03,4.818058499974042265e-03,3.532922047735825247e-03,2.747637160105967369e-03,1.197558565833181784e-03,5.893114966989868031e-03,9.884792009095829876e-03,6.580539303100460362e-03,3.629571572944820766e-03,1.117031044079176173e-02,9.231318743881181121e-04,1.132103869950053417e-02,6.029583692268566941e-03,2.871074775118917771e-03,2.337018101582023343e-03,2.228937470440203739e-02,8.334320048915047890e-04,7.441791062229928359e-03,5.982980000642005268e-03,6.653031798126513886e-03,4.708019453289085006e-03,7.338790873830109383e-03,1.063241980773995364e-02,9.369584984832648620e-04,5.671216270301009631e-03,4.815493013918681862e-03,5.577305683713603378e-03,1.886744161009830563e-03,1.619726120778208420e-02,7.803920847173886378e-03,3.742606110665843994e-03,8.924730929145301139e-03,2.239066922733431823e-03,6.615389926674535015e-03,3.591388506257247974e-03,7.185941457649685019e-03,1.096045423569234943e-03,1.205238867292504276e-02,5.044637825447012211e-03,7.201072339585760321e-04,1.715903403801632282e-02,5.150865533731921637e-03,7.801601038670547689e-03,1.195148626092121073e-02,7.226474005117825526e-03,1.554336693403762272e-03,1.890089752915950902e-03,4.883660136031445394e-03,1.200416698233147499e-02,2.009364155698699708e-02,5.122397097614046074e-03,4.224398192066519675e-02,1.297470322434485235e-02,8.432022166361607951e-02,1.582001367661950431e-02,3.784660425891980817e-02,3.925623554667891091e-02,1.793004683529859228e-02,1.178605155280973253e-02,2.321048225260486167e-02,2.083619319219386784e-02,1.871450058981874789e-02,1.100314411571582003e-02,1.347532937464214833e-02,3.210407335255394123e-02,5.456995337767590881e-03,1.375217582818257823e-02,4.523998000984658097e-03,6.523835382012803732e-03,4.725615453645426629e-03
2.971204523499251793e-02,2.558162324304076932e-02,4.122544307673204483e-02,1.093832226968557142e-01,6.863376652023785163e-02,4.891087096440334403e-02,1.172100112150573636e-01,1.016484644551326061e-01,8.581474336070722686e-02,2.363037152173132482e-01,0.000000000000000000e+00,4.314710672664020391e-02,6.393240246759902823e-02,1.105557657088868939e-01,6.951328609756253496e-02,6.286698775772171788e-02,5.953080857712816920e-02,1.219868035935264272e-01,5.084800985049995475e-02,8.777620458240131818e-02,4.742561787244175403e-02,7.282138958367143089e-02,2.417640721308642049e-02,2.121392822616328597e-02,5.665111284194333796e-02,2.886183634596843628e-02,5.729521657571048400e-03,4.572003077682700381e-03,1.210237154391982824e-02,7.891135086577821811e-03,2.437231601580159765e-02,1.242953406033527226e-02,4.054208036675276822e-02,4.354889504014520379e-02,7.633257939177556101e-03,6.509627153463908716e-03,6.664577228752215608e-03,5.663615277813967286e-02,2.112003942990767213e-02,2.713868085172321462e-02,8.317752347866367094e-03,1.823617709333064107e-02,7.424744238006287037e-03,5.358105799085681464e-03,1.297290445909416758e-02,2.192516544251795624e-02,2.940025954185856386e-03,1.304714721625871605e-02,6.520996449773519034e-03,2.608436572753322288e-02,3.241136175104736977e-02,7.226156282504237957e-03,5.649910013373750199e-03,1.912576010630391218e-02,1.271307267594070332e-03,1.299761397320300070e-02,1.873197687504926092e-03,2.233592244433437422e-03,6.451905112783760596e-03,5.504646737996944997e-03,2.294946512663793327e-03,1.471629683030842815e-02,8.234104256197020966e-03,2.315506541152119804e-02,1.098905304131155697e-02,1.231378973238511296e-02,2.123740062842689041e-02,2.053109309578925526e-02,5.885270281938286691e-03,2.048311351384442952e-02,1.274891019799315010e-02,4.291889313295316893e-03,3.506999730019410601e-04,4.274524419690430878e-03,1.373387384678593018e-03,1.523035678322289671e-02,9.922834059175211774e-03,1.859879780364869992e-03,1.719434571629037747e-02,2.052624497831849817e-02,5.241177132233191920e-03,2.137954052628002720e-03,1.964204969390202435e-02,1.647646708687395666e-03,2.066526194428740595e-02,7.554792099131157554e-03,5.343503128939042918e-03,3.823801389010803107e-03,2.932027240743320488e-03,2.481917913189367157e-03,3.421312188849731564e-03,1.068068346683416665e-02,5.723226429146838386e-03,2.567669429094490696e-03,3.775722671711563127e-03,1.389703887759296142e-03,1.814057660077688467e-03,8.804058784064696871e-03,1.939232997473411529e-03,6.432441159078994448e-03,4.982523626857116548e-03,1.319964434042380673e-03,3.268011003825432945e-03,4.989041359970827066e-03,3.493841039079419088e-03,2.411681101147445175e-03,4.595595761634425729e-03,2.213849500740811688e-02,5.152306037807877215e-03,1.397966415671530495e-02,9.317065420089050160e-04,7.970715116228327055e-03,8.069862139046566490e-03,1.212839626001560762e-03,6.395746670986438183e-03,9.936827088916137113e-03,1.710079873770759679e-02,7.698056546053585157e-03,4.102748911758003977e-03,4.771604196771945562e-03,7.803220963059327199e-03,4.924293662383034953e-02,2.039027945176755813e-02,3.377521061120409424e-02,9.561450021945670785e-02,1.064333418465006689e-02,1.402176656247191601e-02,7.297652497780132697e-02,8.538887093130975367e-03,2.360589150594548727e-02,5.220387517231334963e-03,2.634678109806945154e-02,2.004140333565784457e-02,1.735800500929762444e-02,8.563864465181862673e-03,8.806424959868091457e-03,2.886248489420753603e-03,1.108871544497137644e-02,3.850204390555493628e-03
