0.000000000000000000e+00,1.739368951580846645e-01,1.269529417592897280e-01,1.337365171370953343e-01,6.739466794811180272e-02,9.776576415983677382e-02,6.702792255419617873e-02,6.726534664356904891e-02,2.032578457547706136e-02,5.811954782980765372e-02,1.083364249020137005e-01,2.804058516636790885e-02,2.332386898594147190e-02,3.402138209646567157e-02,1.887391415812656598e-02,7.286381332761808494e-02,6.942332994119122802e-02,2.834697713403357827e-02,2.564485665316129995e-02,9.587485123903465023e-02,6.661952172882652790e-02,7.318364266720443767e-02,9.576698408268501106e-02,2.532606311713802433e-02,2.561396487022055135e-02,8.927136373577206074e-03,1.577900005655670512e-02,1.417423448118172030e-03,1.385719300987062370e-02,3.529971766770185343e-02,6.803923390866162269e-03,4.462761691138780740e-02,4.176909306220492196e-02,1.941489000605337023e-02,3.851104627992767149e-02,3.439215889348336275e-02,1.904629216936021968e-02,1.032863891478986648e-02,1.718139741726473768e-02,5.981739016269728426e-03,1.076931182271267939e-02,1.826532020466233724e-02,1.044770360593143439e-02,4.751433824421904401e-02,6.052241663474141470e-02,8.466626367349835980e-02,1.305942632424154926e-01,3.761166472731063831e-02,5.234952564807261038e-02,8.031262483587867096e-02,3.278016207816795285e-02,2.805096612764626865e-02,9.445890286846617828e-03,6.226114053891323302e-02,4.916972542839475463e-02,4.289110615236460533e-02,2.397745721178213413e-02,8.412657664102919652e-02,6.802447527352740997e-02,7.603689444706450418e-02,7.668956524832733213e-02,8.025590008638319728e-02,1.225539994194694282e-01,5.220420936027887759e-02,6.678070962757996776e-02,3.709199544358462997e-02,1.556073312847448820e-02,3.365726583696053431e-02,1.819176997776161819e-02,7.219489864754151907e-03,7.711266219548878684e-03,6.462479730992731763e-03,4.336063528298579606e-03,7.929795420025281816e-03,1.941817689416587599e-03,2.609148133587926247e-03,2.877059124671069862e-03,4.828533662388871488e-03,8.187172210558328958e-03,8.319797981259466346e-03,7.635000618432658676e-03,3.568046345548349547e-03,2.143556189932986286e-02,4.086532350803873288e-03,4.442174363069721979e-03,2.356339855740457317e-02,3.838741230774691399e-02,7.204268758206035239e-02,1.760689130945282052e-02,3.482156347477108338e-02,6.595731375525196172e-02,6.859184989381443553e-02,7.394886989579846359e-02,9.209880674759425567e-02,8.606948496490156308e-02,3.391787527295814925e-02,5.515384160442169531e-02,5.374592078782090138e-02,5.332396409015744548e-02,2.993288668336060304e-02,1.919496794247899443e-02,7.130409214589270277e-04,2.197336068528083289e-02,1.736455493693646324e-02,1.244866964134187792e-02,1.048117213170403524e-02,1.657514012209258467e-02,6.673625207802783531e-03,1.054467449117790778e-02,2.928144246956913138e-02,2.760682613818384382e-02,1.154563048179753750e-03,4.411505143030317218e-03,1.948818394704802601e-02,1.288635945700557575e-02,8.861821893157475691e-03,2.967787518961823717e-02,1.801928939853052886e-02,9.077747994435070300e-02,5.881219522488064129e-03,1.181596427600439814e-02,6.125550013392046245e-02,6.964709583901201873e-02,3.830794041808777139e-02,1.990288957021460470e-01,6.994622327033513109e-02,9.734861910758274561e-02,2.127634241628061085e-01,1.306937108037030670e-01,1.186218121586411212e-01,1.770623209889160832e-01,7.437468228158118644e-02,3.700079700800872756e-02,1.180506980246693732e-01,3.744488292243407929e-02,9.472614259240307033e-02,3.611864631304535084e-02,6.187550347141930647e-03,4.986091656441141856e-02
1.739368951580846645e-01,0.000000000000000000e+00,2.997873828909858873e-01,1.770165411624972651e-01,1.240508575279291037e-01,6.224185744082328525e-02,5.818295659624105748e-02,6.874498984737750784e-02,4.809217872682339939e-02,9.897333417592101001e-02,8.549971472883265144e-02,7.765103134600080670e-02,3.563811653289808423e-02,4.617407715103392235e-02,9.249559763440615145e-02,6.463241914716401360e-02,1.747398828837014029e-01,6.300486734456137161e-02,1.037576163313908145e-01,5.950758958440620361e-02,2.373055642355320627e-01,6.465424632433994234e-02,6.986862465757821827e-02,1.366618229428022968e-01,8.386249645764667915e-02,2.828157047286944739e-02,8.039514337762893384e-03,5.753464764968403526e-03,1.594963169735556796e-02,2.572516607949111925e-02,6.415772432663561370e-03,5.392616659996875977e-03,2.403671512165560242e-02,2.681192055968135632e-02,4.305673564227312754e-03,3.246604341265755395e-02,1.315693877123463168e-02,1.231232728282643553e-02,1.239105261998065324e-02,1.676469372612614944e-02,1.121236358149711038e-02,2.810946187392572224e-02,1.294626108862541314e-02,1.493960491951798301e-02,3.684239274484991250e-02,1.014352312929333172e-01,6.712390246598017030e-02,4.052937619154226706e-02,6.123994299039389050e-02,6.459378785439988391e-02,3.797537331467040062e-02,2.681787110486016923e-02,4.197461246040339045e-02,1.271454382778549885e-01,5.042339946523641259e-02,1.243825623899933314e-01,4.580042958124183605e-02,8.281409659602567697e-02,5.513877529388006710e-02,1.728806319600686148e-01,9.984517119612813796e-02,6.431579414380933502e-02,8.843770343719588312e-02,7.756546817983119013e-02,1.998795759516593801e-02,7.705404126484400110e-03,1.919144526081252231e-02,1.409388829578233152e-02,2.125660817921548942e-02,3.938358652355591211e-02,1.589168559729909821e-02,2.514898391375374603e-02,3.050467569516952544e-03,5.075140406671757587e-03,4.075208340280212296e-03,6.511404139512183206e-03,2.473146045407235982e-02,3.030619187725065375e-02,9.004693737538677079e-03,2.981021520732429070e-02,1.929068605136028541e-02,2.952951120601516113e-02,2.674179853830205376e-03,5.038862101406666773e-03,1.136925172551947125e-02,3.169184210672633395e-02,8.600763099218911023e-02,3.844989100282905636e-02,5.551113206742397388e-02,1.314036119938228053e-01,9.774613165349503585e-02,1.615104177506588301e-01,5.688479658641364817e-02,5.375916960659783694e-02,9.444772732702327867e-02,2.992247952016751852e-02,3.499713009491268317e-02,2.631299843764054250e-02,1.213658352318720650e-02,1.185023728766768612e-02,1.866318875331941796e-02,2.501831441465696398e-03,4.713231865486416927e-02,2.040254104062800417e-02,3.763012697509324905e-02,3.403934722062917917e-02,1.527908033650639784e-02,5.946270592929483317e-03,3.413269764046424765e-02,6.744626644297253663e-03,3.878712139259986227e-03,1.007114291430444286e-02,1.296831323207089069e-02,1.012548040240290707e-02,4.422371115448751194e-02,6.887573134421106323e-03,3.147302218984246447e-02,8.872223581610086396e-02,3.813001978426522331e-02,5.275762529203659873e-02,4.506290376246819412e-02,4.961634279448525614e-02,1.455917765431146982e-01,6.377354868358918460e-02,1.503543355477663934e-01,8.614676199790970157e-02,2.483918650160425734e-01,1.603806376788715349e-01,1.504937234534425849e-01,2.075275852562091794e-01,1.266445926930971355e-01,5.829924632853505234e-02,7.607313599664909665e-02,4.806947193137056651e-02,2.712161449981903213e-02,5.627464104532415440e-02,1.476992298106939543e-02,5.462718791145027009e-02,1.192521441354633949e-02
1.269529417592897280e-01,2.997873828909858873e-01,0.000000000000000000e+00,1.406783738462967781e-01,2.453441946705267329e-01,2.431865460339676377e-01,1.307459998437246751e-01,9.124721724437162562e-02,3.495411531585630727e-02,1.080371446564552529e-01,5.246506076134748592e-02,7.849030158687794745e-02,8.926661856037593212e-02,8.924601089211682547e-02,1.283137858933010578e-01,1.146821420603187092e-01,3.333845578526736797e-01,2.006399999315557625e-01,1.561773720257939313e-01,1.367029781477775985e-01,2.456828923408708731e-01,7.634784688147953913e-02,1.083127321074823374e-01,6.664064839355578196e-02,1.550318911704363749e-02,1.268025107340010026e-02,2.102874029228563382e-03,1.610683295629829204e-02,7.283530027250925687e-02,5.151863553221463360e-02,3.661028122854705080e-02,6.499255251086606157e-03,5.776724879195434953e-02,2.178761654758173266e-02,3.852795474299076928e-02,6.260652298013584527e-02,5.634972890451891980e-02,2.107089475629252487e-02,1.249528480874945169e-02,5.464200602980410354e-02,6.145600859972819019e-02,2.885958381996986746e-02,8.807993520180473768e-02,2.377828235857170139e-02,5.671124428451417010e-02,9.648329775448502565e-02,8.588043809477144408e-02,4.503883172903720700e-02,9.697408281493059834e-02,2.104800242819503120e-02,8.958787697668657568e-02,4.269944138344566181e-02,4.001617161739778883e-02,1.241765125150832844e-01,9.205578513692651288e-02,9.748530291898921396e-02,6.086716630067800365e-02,1.181104990907152069e-01,7.050659883077273204e-02,1.168482350740501080e-01,1.057823692318829167e-01,8.569098034850551604e-02,6.700619568733455489e-02,3.804513318964712620e-02,1.253927280790144427e-02,5.024485814219931817e-02,1.530453112758125775e-02,2.612627814679203617e-02,4.952198110977448775e-02,1.666385460106163327e-02,3.072810347491757368e-02,2.165483617740332836e-02,2.995835950707682535e-02,1.017969845391476259e-02,3.616995175946699937e-03,4.143360435206293324e-03,2.152558026063312695e-03,1.223508547633444382e-02,4.768299544999591612e-03,1.171862144194138304e-02,3.900485991775700170e-03,7.591137440491863876e-03,3.035385229593393075e-02,1.020512234738201948e-02,1.239297722692973315e-02,7.388218064417605146e-02,9.702045293840622087e-02,4.448099648924706828e-02,1.219777515649413946e-01,8.913428917613830382e-02,8.329849097144122194e-02,6.368508585976308256e-02,5.425930102879095163e-02,5.854163536290158537e-02,5.180142559812474928e-02,2.688282959444618370e-02,1.917083131083090544e-02,4.074057228479108228e-02,7.151542838343401959e-03,2.346787150227370652e-02,1.743116365019179922e-02,4.748366627465845299e-03,1.960455075707680586e-02,2.397317967119413570e-03,8.477400855079565700e-03,2.650430978811428237e-03,8.182680503600086447e-03,3.487020327673529679e-02,1.932467136737679118e-03,2.196218754524449646e-02,2.459394108634067530e-02,6.402512748054429992e-02,1.001706031833597861e-02,3.125801802095161397e-02,1.977992397549375309e-02,5.077847275274136735e-02,1.583915937631334009e-02,5.451845945920427705e-02,3.316828544869906276e-02,1.125931205815980558e-02,1.016149389517758961e-01,1.566612194816440762e-01,1.447237987096068323e-01,2.223070574523443657e-02,1.002337680495310052e-01,1.057970810054595229e-01,8.174094085476460436e-02,1.658939685748798964e-01,1.535815421558387461e-01,1.504797687294388564e-01,1.884480210632101527e-01,1.105622875703617530e-01,7.248311298796418500e-02,5.908719133779908456e-02,3.639453980756658658e-02,2.631039153452454510e-02,3.240995962272948117e-02,3.047470093286564277e-03,6.671001944140476057e-03
1.337365171370953343e-01,1.770165411624972651e-01,1.406783738462967781e-01,0.000000000000000000e+00,2.593617664300306158e-01,1.165379246900436483e-01,6.242058932010222105e-02,1.954268834353428963e-01,1.047768819761618203e-01,1.659462693759848340e-01,1.782423061510775286e-01,1.033148109411019533e-01,7.278821031950184761e-02,4.117035538278928514e-02,9.314617600286184684e-02,9.975779016013062994e-02,2.544267369209781138e-01,1.464147335871882893e-01,7.961430068624537892e-02,9.381570517360798833e-02,1.794563801070571119e-01,7.988158971452212487e-02,8.424713240290299110e-02,9.306110528034741702e-02,4.748681919481096553e-02,2.648383661251634685e-02,4.422810944160447851e-03,5.154331931997533679e-03,3.608379800513440011e-02,2.883701433747877171e-02,2.746653352179047585e-03,1.828346865074194014e-02,4.014173794687378449e-02,9.034356566047166068e-03,4.270712497481707337e-02,4.879468602238620084e-02,1.899746103950143358e-02,1.664985824005367487e-02,3.469341222251669937e-02,1.621215052462590678e-02,1.225066150056982640e-02,3.107692481729775608e-02,3.733260428486200738e-02,5.694978898955349589e-02,6.563034636697163970e-02,6.359548684716542777e-02,9.453219387607848800e-02,2.991593262654954760e-02,4.983488383874831035e-02,8.943753271993748477e-02,8.460284763555021847e-02,4.166228088070338120e-02,2.680117253598597940e-02,8.885607290963548621e-02,9.222250194293146741e-02,7.365270747227638248e-02,4.195612647551064112e-02,1.612823576289848515e-01,9.880151021877431328e-02,1.799098597111811471e-01,1.465629919788509761e-01,1.258812446295903553e-01,1.378720161727699234e-01,7.790225699381737867e-02,4.173947008910299655e-02,5.035922132915215954e-02,1.994436632146050561e-02,2.334862219191678398e-02,3.442457878038893831e-02,4.628210055473105239e-02,3.713670765962919906e-03,1.357944830856586300e-02,3.062181391606166089e-03,2.235688915478226645e-03,9.638713723346013437e-03,2.028467481439665335e-02,3.183826053492901792e-02,1.199764948847387852e-02,1.293682303166968951e-02,1.346538685663331049e-02,9.887353177311002453e-03,1.097800999798471434e-02,2.756059741783360717e-02,1.507332566705956930e-02,6.024814710849331519e-03,8.788101453863432500e-02,9.129575440317691526e-02,8.942725671741727500e-02,5.164863989343321249e-02,9.222729119995508318e-02,1.658985413123645059e-01,1.174172482042655508e-01,9.161539078941609293e-02,1.392898712496003777e-01,1.995405416470616977e-01,5.322254865769429633e-02,9.016664408686567156e-02,8.608058004726013013e-02,5.013732067288546174e-02,5.536663273475526947e-02,3.137356490437565038e-02,3.944414397074775223e-03,4.520937713948432884e-02,1.694796781876663563e-02,2.595379633040946488e-02,2.064193553515048310e-02,2.743251714438806749e-02,7.474329077983696799e-03,1.783050241319635368e-02,1.794489097706990222e-02,4.563246162893800847e-03,2.506834354781957777e-02,8.641386756776194694e-03,1.534318228151155226e-02,8.816148204755843570e-03,1.369407600686215788e-02,2.824899357320553861e-02,2.736769814241734114e-02,8.856293177961151175e-02,2.232365610376435550e-02,5.535244945006891765e-02,7.940254646089175972e-02,1.438439937296308868e-01,1.279763560174503878e-01,3.427146096019438315e-01,1.271305847749684137e-01,2.214892794234411821e-01,3.016655920042511374e-01,3.379251550016574290e-01,2.112888641107040222e-01,1.729192296505404902e-01,8.158414381378853442e-02,6.528425574385082752e-02,6.711196856867039651e-02,2.827468814396883606e-02,5.647731464791139883e-02,1.512848560455051436e-02,4.902490615182834854e-02,2.495082961709303368e-02
6.739466794811180272e-02,1.240508575279291037e-01,2.453441946705267329e-01,2.593617664300306158e-01,0.000000000000000000e+00,2.691522260857523996e-01,1.395297874516621961e-01,2.005888061452490434e-02,2.082798647981550649e-02,1.514750351577470178e-01,8.103908111450947027e-02,9.242850414179215601e-02,1.043481449974589803e-01,1.338424518057623469e-01,9.177227478548395656e-02,1.580538304033745345e-01,2.118587177537329946e-01,9.671212363013428903e-02,1.617909595395034261e-01,2.424478295609495612e-02,1.806569969843438150e-01,6.944937155856573119e-02,3.103919035881989863e-02,4.251387212290480555e-02,3.635107073820348540e-03,1.263688274314938610e-02,8.654316026505929835e-03,4.073252517737013800e-02,2.130696436170700578e-02,1.061438190388881708e-02,2.948604070584847931e-03,3.996465663525287926e-02,2.087908779946193172e-02,3.765069617633676896e-02,9.867977618566496634e-03,1.112469019417239822e-02,2.823517039707264253e-02,8.713786260986049886e-03,2.346571666005268716e-02,2.558304910684264938e-02,3.204943793921995882e-02,1.655248217824837470e-02,9.722385531361213418e-02,5.304903950275451779e-02,3.969587546407011419e-02,1.837188999773476938e-01,1.001791493716220616e-01,5.245976747772243542e-02,1.835821072675808963e-01,9.635243184935972371e-02,4.591678107882907894e-02,1.613213503395736215e-01,7.094536013890864745e-02,1.528449047181156262e-01,8.854959980256524310e-02,1.883424377916218528e-01,6.502938432404829772e-02,6.319222276376286473e-02,4.368014968070690895e-02,1.122451780915087877e-01,4.335347775777478874e-02,3.779814530926521587e-02,3.434413415630929028e-02,1.302995379961840450e-01,8.191299535239461582e-02,5.196995897966168870e-02,5.439694413521406480e-02,1.763936208526553986e-02,1.129738457675242246e-02,3.216234601077185007e-02,4.548360355421243208e-03,2.933574445430381719e-02,5.757768800024580351e-03,7.286186061479862919e-03,2.802578198271632633e-03,4.405391571804295574e-03,7.626722816596007669e-03,2.088335092498166262e-02,1.778874383567658922e-03,3.637345773312775782e-02,7.721311685973916705e-02,2.894582519722794373e-02,2.462520909091314974e-03,4.013384411068960170e-03,1.152706820444159008e-02,5.163209738464392962e-02,9.854620431148815307e-02,5.964785401481972199e-02,8.366472012178807760e-02,1.430717338135993610e-01,7.938560707936229144e-02,5.180472633734996279e-02,4.841344458336728496e-02,9.732624057038900822e-02,6.786252041109261390e-02,4.445447945894120262e-02,4.747940472757393449e-02,1.596965121290186765e-02,2.639239051608296624e-02,1.674321935373994374e-02,2.351772788056209068e-03,7.687371947997173952e-03,7.406381585554092269e-03,4.596847281109811903e-03,1.121327873627566557e-02,4.703767601507228766e-03,1.539219019622894979e-02,7.800163962590411608e-03,4.860178569429889246e-03,4.261262915668106305e-02,9.111715631748401600e-02,8.026515858869266717e-02,2.917213075412590159e-02,1.221304822186089767e-01,1.403430879737988801e-01,1.613235056755975283e-01,1.227648260718777334e-01,2.518278319440764856e-01,1.198207907249855125e-01,2.513271669238330980e-02,1.946284620514864006e-01,1.749587868954636388e-02,8.528504616902286839e-02,5.778652675173729519e-02,9.411526903213907058e-02,7.663627595073281562e-02,8.856419390453068585e-02,9.548280352182764164e-02,1.100729125354673460e-01,2.274127573151364101e-01,1.069740590170025207e-01,1.077220753828888045e-01,1.876963591918799912e-01,6.055303697861136314e-02,6.748746207500030958e-02,4.553524916415890855e-02,2.076562682598367265e-02,5.936009784261490896e-02,2.190616789862506394e-02
9.776576415983677382e-02,6.224185744082328525e-02,2.431865460339676377e-01,1.165379246900436483e-01,2.691522260857523996e-01,0.000000000000000000e+00,8.052625219557539571e-02,1.498642553599878746e-01,2.555873643657783148e-02,1.420826220101528148e-01,6.593123430604413970e-02,5.627105797980260643e-02,1.327792050332552987e-01,9.550421591288008050e-02,9.105530173652474912e-02,1.067233907135682613e-01,2.855441873947360820e-01,9.491525160534851346e-02,1.187779634960985514e-01,1.317835447984832542e-01,2.454068584521530427e-01,3.890617492631481822e-02,9.732294482879150221e-02,4.750684099913272951e-02,1.782062429453836264e-02,7.745544750578611456e-03,8.292433392257948441e-03,2.688069255787867845e-02,6.062066213454476993e-02,1.909397534438049548e-02,1.003329448906924506e-02,5.140468406479290799e-03,1.503855805254281780e-02,5.346189819960847807e-03,3.493050115187099763e-02,4.555903042499295091e-02,8.540971505094016591e-02,8.699423656510859096e-03,6.211445750555069818e-03,1.681555448532166125e-02,4.405289144372255550e-02,1.125158664431583945e-02,1.031187057799282103e-01,2.104770465588014575e-02,6.502714906845696863e-02,5.900719282643658581e-02,7.358908466907364276e-02,5.877472101025908724e-02,6.312482276371907119e-02,3.151494680822808370e-02,1.154126858631775027e-01,4.927816078697400820e-02,3.696107535481697043e-02,1.220484180616105696e-01,1.062073745865847879e-01,1.086521730476380510e-01,4.847789916850604730e-02,1.012641519942140272e-01,6.336331063341393843e-02,8.539133118227205943e-02,1.054541510232693963e-01,3.458120641455041805e-02,8.549694942507869710e-02,4.314176495328558153e-02,1.396978496349827147e-02,5.586219420754177239e-02,2.028319881529614885e-02,2.363055152400523121e-02,3.447838944080094947e-02,2.885390997257365753e-02,2.588366790177698204e-02,3.205304293479656341e-02,5.147639846370922340e-02,5.126509766093299489e-03,1.186246337495981858e-02,2.731529442939387327e-03,5.232963065128546851e-03,1.296096425113953295e-02,2.017922706184204981e-03,5.433445491690612993e-03,2.903519785601855075e-03,1.421456142307888845e-02,2.048723834375568500e-02,7.576022605993784631e-03,9.511467276688150702e-03,7.382919058679654478e-02,1.310075005211836230e-01,4.923396580242095366e-02,1.102711922091460101e-01,1.176127135477521429e-01,1.048941046545029399e-01,1.245312941617373742e-01,9.890633979295758438e-02,7.065106264333827213e-02,6.624367845417891698e-02,4.625300425111199265e-02,2.036458840892621525e-02,4.225551132803519183e-02,6.824800643033181180e-03,1.498971693352884813e-02,1.816973257731937727e-02,1.310350137819367260e-02,2.711507389181625621e-02,1.045011253713032037e-02,1.305805716100563339e-03,9.538407556857357583e-03,2.976370099240222347e-02,1.195702214765369600e-02,1.027451695914148068e-02,9.780335817677090343e-03,1.555498109120740345e-02,3.072771734070647853e-02,8.246770571337505573e-03,2.236026305692097663e-02,3.037449824775360560e-02,2.912711617359075092e-02,7.490727236401889359e-03,2.969814212385537069e-02,3.530085516799300049e-02,2.268224022530552358e-02,1.007852426697712078e-01,1.245366726581750572e-01,1.426634375113385311e-01,4.164097033285391741e-02,1.092007101949365594e-01,1.124784029906540361e-01,9.506192756150519396e-02,2.124450609652529520e-01,8.161373554855543000e-02,1.420464528773675850e-01,2.098059084091630777e-01,1.047045684446883534e-01,6.066511818770205927e-02,4.587559187705868291e-02,5.203504158243126704e-02,2.872197735460499737e-02,3.604023166025403790e-02,5.514520347019052568e-03,2.051007142394357247e-02
6.702792255419617873e-02,5.818295659624105748e-02,1.307459998437246751e-01,6.242058932010222105e-02,1.395297874516621961e-01,8.052625219557539571e-02,0.000000000000000000e+00,5.798472885688676914e-02,6.150985207893844287e-02,3.585265518131316997e-02,8.284594168427243666e-02,8.076571759175631138e-02,6.888209352013335840e-02,7.744248266864968422e-02,9.075031311002278167e-02,4.395349605462135767e-02,1.735789008748327977e-01,5.647624953575960255e-02,2.600524639679101246e-02,7.182128004115248543e-02,4.033535050790100496e-02,2.434612882227519398e-02,1.036213185856708734e-02,5.155309851319904609e-03,3.902425210433540376e-02,3.392466344332364242e-02,2.752452773646579462e-02,2.528283362926312880e-02,3.597716927230786704e-02,5.803203580068365397e-02,1.862988682989216715e-02,5.421365254534149872e-03,2.449175330536489809e-02,2.137212934824476648e-02,1.891191671935165547e-02,1.411434242413596787e-02,5.579762917055561960e-03,2.805654387205640254e-03,9.856320796762857092e-03,1.333245477932014540e-02,3.273386524747039922e-02,3.796038405859659265e-02,6.252918112376608384e-02,1.674249491124493380e-02,9.523436729734276185e-02,4.879058776870374287e-02,2.679759907297084645e-02,8.780919064559157550e-02,3.973220041590876106e-02,2.874145778004479415e-02,8.368238082201842620e-02,3.936378826957368654e-02,5.215556606454824218e-02,7.897543414221692981e-02,8.508925292054678180e-02,4.778928553241124089e-02,3.945866697785536947e-02,7.406286706012640830e-02,5.868400057273653880e-02,3.904320849090452128e-02,1.099129845149504348e-01,1.086372774592936491e-01,7.711781537349116089e-02,6.166841920383794168e-02,4.301284472233372208e-02,2.136151022819772483e-02,6.014241702206971074e-02,2.676675571901604433e-02,3.102408347275804543e-02,3.689951473421176735e-03,2.649388932661057502e-02,1.232984750792414340e-02,2.914106940053114159e-02,1.529736916383154025e-02,1.271686658498259390e-02,9.719981674729609791e-03,8.578652283376521012e-03,1.224450686323310007e-02,1.735059154135817211e-02,1.685200083176322666e-02,1.235394283379831308e-02,2.865140395805431360e-03,1.092275983125195679e-02,1.035930994495510953e-02,1.118097944265333127e-02,6.773337519978046839e-02,5.597314293980916455e-02,9.718690262103589494e-02,3.558605388893873456e-02,9.452795187578393044e-02,6.225933757427474374e-02,2.868202909384550206e-02,6.021866004255320426e-02,5.638349406579040712e-02,1.517082654638458525e-02,7.648544352624842002e-02,3.233735724053031502e-02,2.891308341635200063e-02,1.738284493421908897e-02,2.961989578630488951e-02,1.889006884119063395e-02,8.693613429784552774e-03,3.611755555541062285e-03,6.568699245731110699e-03,3.412855038903143522e-03,1.934301275051537525e-02,1.866923283994180449e-02,4.964211928980707088e-03,4.509303144018821270e-03,5.818766133254575298e-03,1.716904295443848899e-02,1.342131828351535335e-02,9.099596030636980526e-03,6.056280912291113483e-02,2.880554336935850154e-02,2.345410610927698217e-02,8.401399940837327163e-02,5.466834641652753429e-02,2.176730847498429058e-02,1.420808932473191857e-02,1.456737092909019329e-02,3.465388530336325351e-02,1.527820085675710669e-02,2.747463619598897525e-02,8.902251348599403424e-02,7.206451049962162014e-02,2.489870416131823375e-02,1.171540430187904269e-01,7.482756945596399922e-02,3.336215648878413514e-02,9.647632147699231053e-02,8.485631738483612185e-02,9.057443736350920260e-02,1.353128685010968925e-02,5.059291875744967304e-02,5.323977341522125040e-02,1.403989399494837143e-02,5.179060975829596208e-02,2.212519932902880238e-02
6.726534664356904891e-02,6.874498984737750784e-02,9.124721724437162562e-02,1.954268834353428963e-01,2.005888061452490434e-02,1.498642553599878746e-01,5.798472885688676914e-02,0.000000000000000000e+00,1.235290022358406514e-01,1.352506824582737077e-01,4.849719447581312542e-02,3.861883152994682183e-02,1.929331127830231918e-01,2.290747523266501995e-01,3.149106272126965811e-01,1.754692569322679474e-01,1.576247484784161768e-01,1.815669682680831898e-01,3.628798189374248667e-02,3.527491164116818012e-02,2.349751708233624448e-02,2.185686923381423979e-02,9.525539384538768417e-03,5.868093088448750327e-02,7.199141749688428571e-02,1.835991684574402732e-02,9.961639562025568009e-03,5.002363424270422215e-02,2.832705182445108619e-02,3.435876588370546936e-02,3.430526036469434825e-02,2.342197799610200304e-02,2.278189741085090772e-02,6.818825257694004736e-03,1.814931991971080461e-02,2.569902544065508915e-02,1.110741061440256860e-02,2.345611886944489952e-02,6.904491776778777165e-03,1.373978334007827824e-02,1.430558403677321608e-02,5.342632905966493428e-02,7.941255865061165597e-02,4.498227749453573288e-02,1.686277012103982453e-01,3.482208378088783030e-02,6.446520467429169010e-02,1.194985812679736220e-01,7.929516552797867546e-02,8.087060983059293773e-02,4.039989320495726566e-02,4.253681888658181198e-02,8.621295016435155667e-02,4.038214226717442429e-02,9.825964754237867874e-03,3.334995978288128604e-02,8.661416232787708114e-02,4.179437054885181552e-02,1.363032375863647630e-02,8.542110839897162911e-02,6.887246700174326497e-02,2.906826906519847931e-02,1.111183487731157715e-01,1.576530219090187951e-02,8.681718679910369052e-02,8.631023127788274574e-02,1.360701606835479707e-02,2.752527734070189455e-02,4.010883989068558808e-02,1.477829583148238153e-02,3.040631009131346957e-02,1.657319166341294711e-02,5.573505229700238296e-03,1.132222448422229473e-02,1.456299282573018765e-02,1.024743649560758314e-02,1.374679396944048339e-03,1.805269216506208765e-02,2.350600086361241681e-02,2.574385756339095041e-02,5.977242128744175709e-03,2.212899999057020561e-02,2.457134085232965531e-02,2.645560270768573460e-02,2.691457345263096115e-02,3.184388527203622921e-02,1.100376399557354175e-02,9.508348654848914477e-03,6.656098287166804794e-02,2.331198270374643458e-02,4.036458126355875475e-02,1.024738799264762606e-01,1.680063613910395548e-01,3.726893257380902574e-02,6.886042943463528687e-02,1.371824093840864900e-01,4.909374380094372325e-02,2.901965633388208649e-02,4.544310880150691928e-02,5.098219474700429327e-03,8.381148415788234945e-04,1.640111501724958324e-03,7.516397777163194224e-03,2.146817723019080193e-02,3.568342085574857051e-03,1.448746875913419808e-02,3.772633821156140543e-02,6.403805362129252887e-02,1.157920219046488543e-02,8.803419621263185169e-02,1.076365596872250613e-01,6.249788166538622347e-02,4.310609946162988898e-02,7.582831337200043875e-02,3.740220028031159688e-02,1.055413846490419333e-01,5.244122870384443358e-02,9.179390411991429632e-03,1.592710540406155617e-01,6.028422074603734249e-02,1.219875933998130213e-01,2.733768335943475777e-02,3.588875937073408157e-02,6.877410158783342498e-02,1.062636945480320283e-01,7.722254999666908204e-02,1.287963547369622985e-01,1.439320667303732315e-01,7.214967437345211343e-02,4.604235453555353963e-02,1.001358774529968465e-01,5.708303770503551228e-02,1.248259174763170949e-02,1.057053318718208929e-01,5.523558312445777524e-02,4.799999044212881899e-02,2.268233312384769149e-02,6.049929738023046219e-03,1.424627690034765796e-02
2.032578457547706136e-02,4.809217872682339939e-02,3.495411531585630727e-02,1.047768819761618203e-01,2.082798647981550649e-02,2.555873643657783148e-02,6.150985207893844287e-02,1.235290022358406514e-01,0.000000000000000000e+00,2.797622659660926880e-02,1.255219689755653623e-01,9.469820502602913082e-02,1.367366334546025464e-01,1.150073891563396650e-01,1.536372124118457472e-01,5.068271519198890018e-02,3.472379045008809617e-02,7.839833692886173655e-02,6.201146990977065426e-02,2.679610057533976519e-02,5.062955557666348923e-03,1.033234365573912523e-02,9.238993927689233623e-03,2.957402353204950304e-02,3.520580640113445126e-02,7.007651171819200518e-03,2.725947227221731280e-03,8.210038641572162815e-03,1.673410882419256937e-02,2.886936098714270801e-02,3.748705409923561854e-02,7.101733054521815712e-03,1.359480424843654590e-02,1.484093282435407050e-02,1.323478124941099635e-02,2.830752449162115755e-02,7.525822968912800406e-03,4.924650208758303560e-02,8.030398688658318962e-03,9.442418503588720369e-03,8.219608169298510750e-03,2.160962692626504714e-02,1.638858907305822815e-02,1.767075865146746846e-02,2.405631540262996235e-02,1.581200528251275675e-02,6.888070280798043281e-03,2.588053923823601180e-02,4.142053650307040563e-02,1.972101686612889523e-02,1.920518673980492474e-02,4.581464987166380259e-02,4.883555443232896059e-02,4.845837979362856845e-02,2.601618100063897432e-02,3.981915163963495319e-02,2.983126671199550980e-02,4.463375402220907257e-02,2.421201528505512526e-02,5.562027900830773114e-02,5.100775432706912416e-02,7.013205150257406650e-02,2.836222613303186757e-02,1.564292993794675832e-02,4.837595659161524758e-02,1.393312510215733574e-02,4.290910394973718872e-02,7.953245553812387722e-03,8.281837747879561284e-02,1.285863937816772787e-02,2.784386663346086199e-02,1.522832449843246685e-02,6.437498436227071658e-03,2.752018229999604604e-03,1.324236783897970830e-02,8.552729919362690378e-03,1.624539522708034686e-02,1.443396211766043852e-02,3.830692611298321809e-02,1.933964317168387209e-02,3.447065657868752988e-03,7.987830204320124639e-03,2.497703362290764825e-02,2.843656390530624814e-02,7.496482563875704434e-03,3.208776252011549812e-02,4.463515842381950843e-02,2.763422559826522740e-02,5.755997682839240556e-03,1.309969022532227710e-02,4.290087774674490595e-02,4.581630547166509054e-02,7.838701781716186923e-02,3.077205698089472211e-02,2.931740568463092611e-02,8.078258489870729364e-02,3.239825641993054894e-02,2.236415041249161656e-02,5.949625152958591678e-02,2.461744643034902147e-02,1.159073410226992354e-02,3.654782922585626034e-03,8.674710533869256501e-03,9.324965807379714464e-03,3.114728759712102543e-02,2.807659241252953228e-02,7.176525773732297941e-02,5.921296918028444434e-02,4.762862960941376123e-02,1.185526977457738024e-01,1.014268903109968589e-01,6.583519198496934344e-02,7.665373649484834295e-02,1.220614579034524222e-01,3.135324051425215225e-02,2.135758204178244690e-01,8.013758811718052488e-02,1.916567965872817761e-02,1.677724450616734642e-01,7.663370298163814376e-02,9.471902173923182899e-02,9.921652849359256093e-03,5.310505562337743124e-02,4.991346192665126191e-02,4.440709700877287086e-02,5.699557368747334291e-02,1.014923102237181018e-01,2.222315774434121746e-02,3.316223793979234530e-02,3.688065334342523205e-02,1.882761989060239421e-02,1.226582450715491511e-02,2.471354193898756685e-02,1.396810299997329127e-02,1.553922147250048555e-02,1.095030520796205949e-02,1.475474138060682908e-02,1.906422759638255358e-03,1.323034419897450202e-03
5.811954782980765372e-02,9.897333417592101001e-02,1.080371446564552529e-01,1.659462693759848340e-01,1.514750351577470178e-01,1.420826220101528148e-01,3.585265518131316997e-02,1.352506824582737077e-01,2.797622659660926880e-02,0.000000000000000000e+00,1.253258219060915113e-01,1.276550394967652935e-01,7.818691228030567875e-02,2.056014415517962157e-01,3.227690529763691529e-01,1.234800965537397738e-01,1.407804930838924551e-01,2.212690678772043229e-01,1.822492620223072068e-02,9.019878635832025149e-02,1.591537665390169512e-02,1.554057598695045631e-02,9.728482878183097524e-03,2.895592082730717026e-02,2.024099627840529950e-02,1.340918812882390537e-02,5.677814030716452597e-03,2.077340784585337066e-02,1.893364160267805565e-03,3.895685636068468155e-02,1.862511725051756162e-02,9.660922829905729814e-03,1.044032229456363751e-02,1.274137488640002258e-02,2.201069081604385951e-03,2.145755245964789740e-02,1.256359282243097028e-03,1.681278117228665603e-02,1.182709711274490538e-02,5.364592203116933487e-03,6.666409717832954412e-03,5.292712142844087017e-03,3.689226212762874990e-02,8.353193779303033639e-03,6.728102293422033586e-02,3.515875650801712771e-02,2.498896264062515013e-02,5.470124599401671867e-02,1.003778668737815086e-02,1.457232192930244322e-02,5.956041067863043076e-02,2.712732137522602671e-02,1.865903417974582312e-01,1.156300154220011450e-01,9.611830319076751505e-02,4.563696607074359951e-02,1.050867525588470262e-02,6.842388030953489020e-02,3.607658510968698301e-02,9.705223420535095957e-02,8.876185923518208065e-02,3.955245524004818991e-02,1.398222272037973613e-01,3.654770393041316401e-02,1.231472996134825998e-01,3.996246218145329404e-02,1.754309371777579632e-02,2.537389980399009509e-02,3.930785258755902650e-02,4.770141087459025403e-02,1.790157514023484053e-02,1.886150021435150162e-02,1.219523790630611636e-02,2.377019172509156446e-03,1.263776909203641330e-02,1.416047960586437268e-02,5.468439097099191820e-02,8.001357410827973637e-02,6.189487543344787679e-02,9.735780477189479032e-02,1.852302089122531345e-02,5.344127642748534163e-02,4.166690453987278303e-02,2.640725448418706003e-02,9.580154711527111983e-03,3.178071414671389955e-02,4.438100291758798749e-02,1.227621539688349660e-02,8.004362190016097584e-03,3.987097836006807394e-02,5.108420373293732358e-02,1.609354125508681288e-01,1.181553059047232845e-01,6.355059299856687105e-02,6.394161466645434388e-02,6.254307897681908590e-02,3.477119059033218634e-02,2.159508525414029212e-02,3.298758857336409056e-02,9.401590183773974804e-03,3.179621711939194760e-03,6.322213182899795274e-03,1.919058115443615306e-02,4.455535032791919925e-02,5.401528123579595053e-02,7.356825083851767366e-02,1.136495337684060442e-01,1.038754574348283582e-01,7.796226225133157106e-02,1.671383206100334196e-01,1.856474115565308614e-01,1.114458997839425924e-01,2.192697451539066811e-01,1.504228802446973823e-01,8.416036776858409896e-02,1.763713446988686429e-01,4.376317732786672021e-02,3.751654653926558142e-02,1.440484121286932651e-01,8.746090479411625096e-02,8.931121004488364046e-02,9.030177865888848812e-03,1.117132318210863756e-01,7.459325235629693518e-02,1.452274858297659954e-01,9.844842170010688343e-02,1.807751516348754806e-01,1.611252201762350955e-01,1.177057753778325416e-01,1.091626020946355191e-01,6.273433443253896569e-02,5.084567278512207994e-02,2.984448273786150657e-02,9.364958088740647779e-02,2.042166223129503536e-02,5.323891605725616233e-02,9.364609297177564975e-03,1.668457021127505921e-02,1.635262438173091040e-02
1.083364249020137005e-01,8.549971472883265144e-02,5.246506076134748592e-02,1.782423061510775286e-01,8.103908111450947027e-02,6.593123430604413970e-02,8.284594168427243666e-02,4.849719447581312542e-02,1.255219689755653623e-01,1.253258219060915113e-01,0.000000000000000000e+00,6.761175383381591575e-02,2.145987466914328068e-01,1.902045115988537649e-01,2.289982731269903926e-01,1.280056147186735827e-01,3.297171189003450520e-02,1.725027610965198521e-01,2.989496794111492356e-02,1.959568130453505364e-02,1.509835032044387279e-02,1.573411026146516803e-02,2.854228459814301538e-02,7.654253726661498780e-02,8.464387827953058496e-02,2.519188940715258451e-02,1.382509866297951251e-02,3.245928886761904886e-02,5.971831314284010636e-03,3.606017810039323368e-02,3.918755490018663301e-02,1.806869123629280260e-02,4.701922338295737649e-03,1.247469147808844339e-02,6.457798498458026427e-03,2.395908607183092412e-02,2.944008547847449826e-03,2.340046036114353661e-02,3.011115740708780047e-02,3.418654800185274081e-03,1.383447478613235651e-02,1.144728093193510612e-02,5.981698366696316937e-02,2.783586248988881642e-02,8.147995654213772976e-02,1.103004236696656648e-01,9.388797346543112377e-02,6.508611946500242329e-02,5.007032637011996773e-02,5.751653960938418048e-02,2.035820290746718705e-02,8.457741686200011266e-02,4.450356976222030053e-02,4.524952098200046152e-02,4.962283442879988210e-02,2.687631302000280387e-02,1.255121607174402437e-02,7.163630942750025266e-02,3.881717109066040033e-02,3.300594256326688097e-02,1.155487767781216146e-01,6.958064284083831375e-02,1.608490498038209759e-01,7.402409789921718386e-02,9.855100412183868952e-02,6.612150350578195612e-02,2.628126581837026549e-02,3.273310817572951375e-03,8.800788606641686898e-03,1.499140887120681796e-02,6.765058068314034126e-03,5.378772021976430638e-03,2.532626447573101906e-03,8.255532277834728636e-03,5.310923152343039605e-03,2.231823660141194279e-03,6.631476330419654175e-03,1.918640420396912696e-02,8.150762587212466784e-03,1.031552829926962386e-02,1.769083891824958440e-02,2.432755469918933180e-03,8.543909609779290135e-03,7.535255826279378720e-04,1.825248067621459275e-02,6.119776092870694156e-02,2.370538505715536620e-02,6.422990631431653441e-02,1.608286637656567569e-02,3.665496751573005252e-02,1.052700109337701695e-01,6.560206049019533248e-02,6.142467166661109979e-02,8.538777540410590061e-02,8.794059452852265313e-02,7.128314934736967867e-02,9.348408994227451474e-02,6.377822016209282185e-02,5.378892087478935602e-02,3.582283843769147602e-02,1.207121470772606203e-02,8.042932595475352220e-03,2.526683895522028114e-02,1.489092269260235309e-02,1.370799909815338148e-02,2.965491309842278878e-02,6.790366898438029986e-02,3.393179186925766866e-02,2.225610600369232889e-02,6.759766217270626876e-02,1.020497003658297486e-01,7.107808084303994522e-02,8.173685161928420650e-02,6.003693129601567896e-02,5.755507267934778515e-02,1.097678064918351792e-01,8.588767744532778067e-03,8.454518877237596208e-03,1.729131869750991368e-01,6.685103458294065770e-02,1.042728512926830997e-01,1.883485448200726900e-02,7.231565958135038885e-02,3.789108693348812451e-02,1.533233649322027214e-01,5.411415139058229490e-02,1.152088887414488144e-01,1.661571369200272041e-01,9.855725174160009927e-02,4.051162440112630186e-02,1.000846376946857991e-01,3.553760908784201616e-02,4.059856139909483186e-02,1.020544358986302247e-01,2.234912598789570021e-02,4.848070540503056358e-02,1.457272767910744102e-02,1.962656732004971691e-02,3.244145066935836402e-02
