0.000000000000000000e+00,3.901938067525770326e-02,7.418747047044600695e-03,4.135214313648896689e-02,4.046887182431044110e-03,7.530264145943661724e-03,5.982144145931159174e-02,1.415627581944560107e-02,1.826556814691549261e-03,6.196563464812425079e-03,9.299933607733669623e-04,2.870872317239162898e-03,2.339123604994173492e-03,2.661829498104160020e-03,2.231702263714125962e-03,1.322221267824861624e-03,3.111151357777442589e-03,1.290208847593158790e-03,2.887999037586457310e-04,3.939694139123129345e-04,1.869823609862588656e-03,3.415562358178355490e-03,1.217858347326236125e-04,2.641770987882735566e-04,4.296688855499644112e-03,1.015683424294984861e-03,1.530743437964089465e-03,6.346952214029543543e-04,1.286747887678379131e-03,2.319954607537901004e-03,1.542515957055788081e-03,3.734188572537561353e-04,1.088459328505968232e-04,3.427802923848429482e-04,1.044475387593974932e-03,1.729558867413969988e-04,2.439880401868522682e-04,3.201442291865675273e-04,1.961805873756146271e-04,4.689479189369732222e-04,2.773887971124053189e-04,4.097135131809989152e-03,1.593980893081083094e-03,4.033792934954348770e-03,4.777594532377119410e-03,7.055298674146071427e-04,4.482481919040658645e-03,2.773412173777186056e-03,4.922095664110028067e-04,4.551766656131907654e-04,9.702280385815969643e-04,1.242741563751381358e-04,5.182332310906896580e-04,2.652979100766839939e-04,2.131602220084173182e-04,2.831704016588908407e-04,4.289228557220632881e-04,4.215531255142581334e-04,1.537272256389486148e-03,1.365000266547110287e-04,2.046695943990526224e-03,3.289560436560253626e-03,2.195541944712198299e-03,6.536849925850556770e-04,5.142928776182076681e-03,1.504683915624540746e-03,6.359559555923270614e-04,8.059298936425573481e-04,9.517645277445867637e-04,6.356043113617169081e-04,2.578437116738846501e-04
3.901938067525770326e-02,0.000000000000000000e+00,2.503963253926359822e-02,5.941487789736867725e-02,4.921274131789207806e-02,3.127842382937016247e-02,6.422702238715623235e-02,2.332978235461705477e-02,1.359198784490912686e-02,4.005930069743822257e-03,6.260299792678765927e-03,3.465099494059756344e-03,4.664735050139017652e-03,3.934767257883458984e-03,7.908221187418145023e-04,2.608472329686258463e-03,8.512714881192170666e-03,7.354058784004268963e-04,6.140781397735560086e-04,1.124767897777521853e-03,1.811454524515908457e-03,2.979864444802903748e-03,9.457173030219328484e-04,2.040948164939597465e-03,3.491435622388560159e-03,3.506474158294591720e-03,4.458225946485080103e-03,1.012162081860371390e-03,3.706121565671609101e-03,3.480040424741040733e-03,2.306827072783972435e-03,5.869616820917985091e-04,5.691951219190130671e-04,2.953164285310573220e-04,4.459336062198408475e-04,1.393522834970457478e-03,1.612759340774363602e-04,2.245547057728914287e-04,7.496673348868188817e-04,1.494396426691865483e-04,1.044352612969027660e-03,2.988397799588892335e-03,1.124363914142967238e-03,3.018677804918832534e-03,3.423566270248934625e-03,6.704585080196776188e-04,1.793019410405760888e-03,3.041015793745412490e-03,3.006616151284803519e-04,2.469801190594943024e-04,3.691304990069187511e-04,1.202475652401779215e-04,4.624218527111153914e-04,4.269764868909191563e-04,1.893590854363926890e-04,3.663146621793671284e-04,3.026330789726387185e-04,2.569032890558440425e-04,2.724939419481746221e-03,5.292661738256421644e-04,3.586885787239714549e-03,1.774691459194391394e-03,4.332957135663702080e-04,4.153826972254026856e-04,1.531037408888512525e-03,3.861552137501965301e-04,4.505620889486721043e-04,4.272846795593167476e-04,4.426655014736774344e-04,3.198884802886603484e-04,5.447097462645248854e-04
7.418747047044600695e-03,2.503963253926359822e-02,0.000000000000000000e+00,4.142072516463055770e-02,2.945953660723384798e-02,5.966384290463946916e-02,2.877277241271533961e-02,6.373887870058931975e-03,1.604507007119373996e-02,3.186424728902343632e-03,7.113274408425579107e-03,4.260828880856219920e-03,1.247677248039442272e-02,3.061777314331458333e-03,1.307430988850425205e-03,7.565606167034996839e-03,7.135029387272332456e-03,1.367667495422735533e-03,2.755406722705630758e-03,3.055849233206201984e-03,2.420800963496155984e-03,7.736037630660075673e-03,6.710652203827611149e-03,3.769361173702340424e-03,8.274364156895603478e-03,7.501666791134039940e-03,1.410828656937633541e-02,6.637274520706150371e-03,6.611983532707621167e-03,1.370249810506344278e-02,7.666104807087963276e-03,3.120133443213177725e-03,4.061863960455470990e-03,2.631866474928874940e-03,3.092567424433624265e-04,1.321473656161525163e-03,4.497230142186472187e-04,4.630751893311457258e-04,2.047250528432066196e-04,9.551960851683958349e-04,2.321019208180027590e-04,1.509918180601761261e-03,5.121111624999556472e-04,1.377443973801695427e-03,5.053088510879786242e-03,1.433118081346469643e-03,2.485049963180883600e-03,6.331315355628324218e-03,4.563478727965094607e-03,3.711251688474023931e-03,4.378152778706226843e-03,9.654421881744646751e-04,1.941995897293215820e-03,1.135859087181822656e-03,9.800731998938693942e-04,1.174958438981637968e-03,1.034207728782705719e-03,3.021794164508601467e-04,2.472199406671163769e-03,3.431164219630018384e-04,2.231970172013045088e-03,3.699003276331005573e-03,2.373399826221984487e-03,1.457065233324073613e-03,3.506588332563921433e-03,1.463911153125139336e-03,3.027452327721748965e-04,6.898120527568863585e-04,1.861019087302747982e-04,1.866140398356840805e-04,2.875843487357868469e-04
4.135214313648896689e-02,5.941487789736867725e-02,4.142072516463055770e-02,0.000000000000000000e+00,7.128125417540207009e-02,7.081752469863508703e-02,5.029068448230153421e-02,3.461880223404786155e-02,3.327401155781403719e-02,1.647221924247341610e-02,1.311398693188491407e-02,4.794514806722658014e-03,1.446101469775817362e-02,2.837029570996164440e-03,3.226371037903348442e-03,3.842187749292585823e-03,8.328463985044818425e-04,3.406797266829094013e-03,2.681838711001548626e-03,1.202320934995422010e-03,2.959949330484467830e-03,7.516303477746778122e-03,2.730110611599218754e-03,2.623740810560672241e-03,1.492988270020704014e-02,7.104622580206292407e-03,9.820985204104921290e-03,2.239446986187805869e-03,4.827938250618579209e-03,1.123102483827646131e-02,5.304654744152939583e-03,6.283800879550724763e-03,3.999624192653225205e-03,6.245204339407905720e-04,3.927162350640327313e-04,3.926515658591319497e-04,1.338358364068105303e-03,4.584506606659256162e-04,1.104277178018994591e-03,8.897448020593174377e-04,5.120576896596293250e-04,6.978554869987474733e-04,1.043897174855574908e-03,4.198169528708522026e-04,1.052304080911394338e-03,3.960589341713370418e-04,2.612971113523524305e-03,1.942283926365992973e-03,1.068917942549568387e-02,3.756804064601350183e-03,5.446785858195427911e-03,1.465546156920246625e-03,3.815270901170800255e-03,7.936955723894360566e-04,1.261803293920357163e-04,2.151750759156728383e-03,1.491086333759402468e-04,2.156889354293721472e-03,1.679827998573138242e-04,8.712399675147921305e-04,1.361020931897398119e-03,7.082103448513031368e-04,2.493084751856513258e-03,1.959952518189505676e-03,2.543497820944286107e-03,2.095966397856754374e-03,3.468699911322006466e-04,7.794111350821297628e-04,5.887646515848737059e-04,6.158648272133706485e-04,7.273495289337708787e-04
4.046887182431044110e-03,4.921274131789207806e-02,2.945953660723384798e-02,7.128125417540207009e-02,0.000000000000000000e+00,1.560568821095302816e-01,1.516759183956337131e-01,1.637949440745421759e-01,6.850758446688187675e-02,5.627203390759012019e-02,9.662046649784625935e-03,5.377710180950405656e-03,1.741261653858179603e-02,5.803719709603088681e-03,3.104522545910857936e-03,6.546183093017548214e-03,5.830571901862769031e-03,1.083991410907969620e-03,6.313179115668252246e-04,1.498517236096687981e-03,1.271552934558654001e-03,1.098550475253586706e-03,3.287718504645141884e-03,8.577594787677491174e-04,1.111254570942322387e-03,1.984134644076321601e-03,2.420849820341933797e-03,3.078853725968671781e-03,3.631662181320462462e-03,3.879104924417782745e-03,7.214871928907582235e-03,9.730117158991369265e-04,2.796279969496042513e-03,7.158332991071858801e-04,4.589131798752146872e-04,5.232265833696736479e-04,9.179501716958409809e-04,3.004018461224474204e-03,1.212741872305462057e-03,7.329854762001768555e-04,2.210454398832298068e-03,3.680901947386797796e-03,3.899384522746990756e-03,3.793173095093296029e-03,7.530430417454469713e-03,1.407834336985082152e-04,6.180187242624266344e-04,5.356548680512257694e-03,7.889971879913676390e-04,4.449498588357390558e-04,8.170751545669778211e-04,6.129171079813604392e-04,3.554579616536910811e-04,9.752322053279766567e-04,2.505969754481213218e-04,8.384405257906068836e-04,6.277173377052196581e-04,1.846059787957863771e-04,3.025329635425451184e-04,1.312641413924761028e-03,2.136113189913658832e-03,5.412581532480863732e-03,4.536493194438989164e-03,2.031920271701318555e-03,7.122694091839782901e-03,2.836576008054952046e-03,6.711087964461352924e-04,1.094699758059825391e-03,5.727129593132878390e-04,1.424771559457639744e-03,8.038663218895493890e-04
7.530264145943661724e-03,3.127842382937016247e-02,5.966384290463946916e-02,7.081752469863508703e-02,1.560568821095302816e-01,0.000000000000000000e+00,6.400852839778617409e-02,1.890418148942461241e-01,1.183823591328871522e-01,1.372180158606276512e-01,1.276492585830848736e-01,3.212883350525801845e-02,1.505063871698022158e-02,2.983683608215336597e-03,5.059767203550685592e-03,1.181931258718813514e-02,7.658776101466435900e-04,3.117359902529278845e-03,1.267787339164411871e-03,2.047999399028490805e-03,1.243959457582867424e-03,2.679473484673528232e-03,4.949907988432440849e-03,2.759690257455264546e-03,4.439980496971245895e-04,4.905025878294734173e-03,5.557989928655361102e-03,9.208390295813039320e-03,2.980794228415701110e-04,7.223038837702796221e-03,8.616507678122322864e-03,3.702422924860493880e-04,3.462048535325711832e-03,3.621777745125586735e-04,4.459101223495970249e-04,3.108939834518316229e-03,5.580739326460661381e-04,3.065066266332104454e-04,2.482295319261349593e-04,2.008543823691951672e-03,1.493795538913794034e-03,1.447146776866889244e-03,1.772663130786668447e-03,1.111145297372766400e-03,1.884578820680694660e-03,1.028968319559694358e-03,4.209158376712966547e-03,1.579824539982396434e-04,2.028415582740475875e-04,1.033016352297776337e-03,2.634803948052683899e-03,6.088851192034946047e-04,3.294505646467923879e-04,8.755425432379183946e-04,1.424365921975189039e-03,4.181031846039726975e-04,7.142813942763615465e-04,5.948134899557944947e-04,3.510056246411080347e-04,8.446314315489634322e-04,3.441512399280144841e-03,7.012372258521714459e-04,7.712723463864533044e-04,7.467827879457704593e-04,2.744317442711207995e-03,3.873224249124252892e-04,1.259416145446288875e-03,3.774765787934379439e-03,1.037347631678561984e-03,3.901778157829038636e-04,8.516531429509835828e-04
5.982144145931159174e-02,6.422702238715623235e-02,2.877277241271533961e-02,5.029068448230153421e-02,1.516759183956337131e-01,6.400852839778617409e-02,0.000000000000000000e+00,1.012150195304732658e-01,8.255065634789984785e-02,3.843310651527124394e-02,4.207391855629428329e-02,7.542138823810793334e-03,5.222838184148961317e-03,6.716130597807632233e-03,2.437895437468954978e-03,4.541395924499701774e-03,5.819804810223784368e-03,1.592474841714550679e-03,2.403526281592410861e-03,4.884703263972669032e-03,2.184457969256721650e-03,2.414405566479363094e-03,3.988931306753840458e-03,3.414201385965389378e-03,1.845100042244395607e-03,1.701083159092035488e-03,4.660940930653547851e-03,4.002240547980715282e-03,1.398352726851227268e-03,1.200322395816664015e-02,4.483537889315557072e-03,8.889991947424564014e-03,5.765552395392760376e-03,3.343316256896335190e-03,5.818590408883595388e-04,4.835988753809173442e-04,9.291979428908913284e-04,5.514816332041554917e-04,8.080947679359658806e-04,7.555579551950873229e-04,2.332039840802680353e-04,4.073587292774956772e-04,4.497913639334710908e-04,2.688905004098081906e-04,1.816890224542771137e-04,1.225871512599952407e-03,1.622865233993393917e-03,1.413892806522371818e-03,4.505488581915383269e-03,1.358905272360499700e-03,3.610434095670518855e-03,1.099389422877204269e-03,1.496681430723566545e-03,1.301565403566863057e-03,7.808364389435822495e-04,1.569064255199216799e-03,1.490329219083249244e-03,3.069369731426949133e-03,1.330361881631585618e-03,1.411838446594341481e-03,4.992295423537657529e-04,3.279593801436470383e-04,3.728072200278548763e-03,2.874497844572257779e-03,1.105142467157322955e-03,9.753148856297288614e-04,1.466317739084246679e-03,9.998560622568458678e-04,5.218324309649906506e-04,8.942360947181380313e-04,6.119272639680238286e-04
1.415627581944560107e-02,2.332978235461705477e-02,6.373887870058931975e-03,3.461880223404786155e-02,1.637949440745421759e-01,1.890418148942461241e-01,1.012150195304732658e-01,0.000000000000000000e+00,1.841344423320520063e-01,1.766805801023324518e-02,2.347016477960979161e-02,1.434166348457911917e-02,7.156809780980837379e-03,1.531669362905423507e-02,1.103763351215725566e-03,8.797478992480447721e-03,1.181204666117882142e-02,2.205389938223061615e-03,3.644306514472920797e-03,1.283136504748535849e-02,1.604391033283037934e-03,3.572016808724718176e-03,4.360919985773851863e-03,9.521949129364871284e-03,3.237797325687927956e-04,5.683405336460383523e-04,5.306418877363206638e-03,6.718735527618670093e-04,4.445504826330006127e-04,4.623817960084637343e-03,6.642420273620931693e-04,8.856031932126797943e-04,3.559869707528931938e-03,1.132218737967363590e-03,1.749780559664825593e-03,2.948218061852922044e-04,5.840988928285454880e-04,2.885451117946637081e-03,1.480758066473141432e-03,7.952600194856384707e-04,4.484037115832676746e-04,8.024702943146840668e-04,1.225188148622613667e-03,5.071908774702339794e-04,7.907552099540593200e-04,1.306506798674575724e-03,3.346842277308792078e-04,2.337781901851871975e-03,2.556425854885123385e-03,4.961884568334401632e-04,1.009263803297785322e-03,1.913503508961749474e-03,5.800047603861726046e-04,3.458938376658579703e-03,5.742284477548638714e-04,1.080277714153415154e-03,5.489175446307394471e-03,1.524375444326448153e-03,6.168518259048204116e-04,1.375146456400691162e-03,7.773982773177608770e-04,2.859297128054888210e-04,6.280041035210336478e-03,5.630979733326470227e-03,1.828546712360398221e-03,8.382073479878223614e-04,4.541407968856344237e-04,5.702045998928212270e-04,1.059195672317553381e-03,7.739595307743805637e-04,1.125233124501640774e-03
1.826556814691549261e-03,1.359198784490912686e-02,1.604507007119373996e-02,3.327401155781403719e-02,6.850758446688187675e-02,1.183823591328871522e-01,8.255065634789984785e-02,1.841344423320520063e-01,0.000000000000000000e+00,3.214159146159836083e-02,1.302913969541250883e-01,7.881107670529048648e-02,3.325379559692490106e-02,1.995648416086190369e-02,1.336405263209590986e-02,1.911253427647555472e-02,2.132014806028506917e-02,5.392954186662048816e-03,8.405189796687806414e-03,2.095759436270608345e-02,1.536541176165075358e-03,9.864612415460009744e-04,1.339393134798584628e-02,6.435716399203397081e-03,2.062990080251356564e-03,1.024619152303450284e-03,7.939318728057337404e-03,5.407640251815210193e-03,1.688381303367623640e-03,5.870684642324719600e-03,2.799764399561580595e-03,9.956263899744783805e-04,2.440074809597534387e-03,1.194118272630282371e-03,3.215631607420810310e-03,1.986337711185737816e-03,2.354664208170538769e-03,4.365622324563400236e-04,4.035164350427999924e-04,7.285566011931239247e-04,9.801338656322919774e-04,3.052715629961779147e-04,5.197675435885384118e-04,1.169953442861902801e-03,1.080295556556413582e-03,2.756088687284343440e-03,1.928074509810282638e-03,1.964934822085994109e-03,1.159894763811077827e-03,2.823642609466801802e-04,2.707198546672992534e-03,1.085540267905772075e-03,1.523533020932966824e-03,3.093589707813838244e-03,5.783666763922670371e-04,2.323513911136430984e-04,4.883410101626687672e-04,5.914910274959947175e-04,1.864748563375466994e-03,4.689934741144354859e-03,8.183830242679442091e-04,1.932447419274720525e-03,4.839772475527516667e-03,1.214804556325285549e-02,6.958486581763116685e-03,4.631393702328207994e-04,4.033441687620882674e-04,2.921455348498484404e-04,7.611840014888172435e-04,4.415620848538903513e-04,1.318628214257540170e-03
6.196563464812425079e-03,4.005930069743822257e-03,3.186424728902343632e-03,1.647221924247341610e-02,5.627203390759012019e-02,1.372180158606276512e-01,3.843310651527124394e-02,1.766805801023324518e-02,3.214159146159836083e-02,0.000000000000000000e+00,8.045352107175449130e-02,5.147297355129719365e-02,2.308544352356013338e-02,2.077845152668681208e-02,1.554649071323812269e-03,7.812843596768231924e-03,1.111435001241709714e-02,2.444438129301341068e-03,1.424844654173204953e-03,2.183727768753048262e-02,7.058111974955473501e-04,7.618702540577713435e-04,1.404756468212502683e-02,1.153197902109505055e-02,1.340107709021254138e-03,1.186185651045890566e-03,1.869941652202216503e-02,2.263576786623905986e-03,2.562503053483626645e-03,1.583274673941163432e-02,4.862620855019798459e-04,7.597820790776625742e-04,9.919402775960398707e-04,5.824661480944121842e-04,2.279815706335372710e-03,2.994283506572797959e-03,2.485071343756501717e-04,1.136833552904194721e-03,1.569496648663053912e-03,1.289468431247313461e-03,1.143752563733286013e-03,2.638505001985837466e-03,2.137783521297304673e-03,2.194865255415962522e-03,1.155926360326140281e-03,6.462894576635928737e-04,8.041920279504959903e-04,9.740222505318748203e-04,1.012456301152534453e-03,7.981859405935972339e-04,3.924206588690671259e-03,7.447430677462800160e-04,6.135397711801567023e-04,4.023135311040379816e-03,1.269399835843845140e-03,5.020415872193667193e-04,2.183567580354671411e-03,2.594229661475420425e-03,1.333948751386292327e-03,4.621426899507860325e-04,3.029700806917493515e-03,1.116487422678652704e-03,4.351157979191160041e-03,6.642788002316215960e-03,1.308481442321324326e-03,5.973838383529231572e-04,6.688738849263464519e-04,1.577122553950852015e-03,1.659812721246512043e-03,6.360576362856187969e-04,1.597150562039556260e-03
9.299933607733669623e-04,6.260299792678765927e-03,7.113274408425579107e-03,1.311398693188491407e-02,9.662046649784625935e-03,1.276492585830848736e-01,4.207391855629428329e-02,2.347016477960979161e-02,1.302913969541250883e-01,8.045352107175449130e-02,0.000000000000000000e+00,1.303805561979021893e-02,5.542064299831330962e-03,4.969222274081167706e-02,2.426335990211982499e-02,2.424584627753050350e-02,2.426199909338013980e-02,2.328558901617353797e-03,4.412750730180946962e-03,2.524952896581803691e-02,2.915442435909315448e-03,9.171159420865525715e-04,1.474433727397561796e-02,1.195904998202785077e-02,2.235654265963249801e-03,2.600301093360546465e-03,1.482970548505209082e-02,2.922332253282151036e-03,3.508950296471126992e-03,1.615625599136319770e-02,7.743077498532686823e-04,2.094429181034461376e-03,2.300528050663568427e-03,2.128324798034198634e-03,3.370092776516234005e-03,1.046122713008639351e-03,5.839948311954041779e-03,2.771647462471978161e-04,1.661105845882695879e-03,3.964609837234144875e-03,5.190986944162861473e-04,8.465111114471988952e-04,1.096146817264103930e-03,1.118642146528163938e-03,8.136948539396108692e-04,7.858287836754724144e-04,9.891933685315748050e-04,8.253767815000509316e-04,1.259517466396200885e-03,6.284849309579596021e-04,3.174592622452999903e-04,3.175937929937247203e-03,3.281143020118632817e-04,5.180838493214112023e-03,1.776997591515301525e-04,5.833900925554537896e-04,1.539765750234786635e-03,1.082765353541014029e-03,1.031279566378476851e-03,1.590279102826441804e-03,1.135145287391034746e-03,9.571993097154052809e-04,2.917332033423136999e-03,5.160669030337626181e-03,2.113415723675717874e-03,4.077656047419670436e-03,2.000946348480397779e-04,6.569072000247998689e-04,1.570071607858858223e-03,5.276372800922981676e-04,1.615292207779617023e-03
2.870872317239162898e-03,3.465099494059756344e-03,4.260828880856219920e-03,4.794514806722658014e-03,5.377710180950405656e-03,3.212883350525801845e-02,7.542138823810793334e-03,1.434166348457911917e-02,7.881107670529048648e-02,5.147297355129719365e-02,1.303805561979021893e-02,0.000000000000000000e+00,4.849716340769683054e-02,5.202327986163429036e-02,1.117569243814256312e-02,2.482160252816280679e-02,3.390753592531370320e-02,1.325212179859382037e-03,6.407722511658539566e-03,3.959805819360482509e-02,1.574970432960141452e-03,2.889990256960900308e-03,3.007859302471972002e-02,1.096467244047745655e-02,3.796715941901177265e-03,1.303362189019078568e-03,3.841840662849890092e-02,7.295258393898506472e-03,1.179885581954731068e-02,2.461088441184041894e-02,3.704374360902750254e-03,1.919490949368247469e-03,8.515723505321148856e-03,8.155161189865936522e-04,1.108484284559974834e-03,3.101857684883770321e-03,8.680492745842136254e-04,1.431505975254856056e-03,1.923694618230963917e-03,9.496421698325459206e-04,1.407058745419129293e-03,9.321373438679147029e-04,4.917892094273920581e-04,5.505822770000695643e-04,2.160569290039611023e-03,4.879109007629319991e-04,8.186258125777210555e-04,2.236445165896854947e-03,5.079572018611393106e-04,6.369961099771328942e-04,4.519809726588923209e-03,1.384218902979167344e-03,5.816651968613322302e-04,2.877691503731241653e-04,3.599782312486050212e-03,1.507996081538684171e-03,2.039198767077843397e-03,6.125522876846501222e-03,2.187530445503372070e-03,2.373358520647276919e-03,5.961057422853954617e-04,2.513266757079205427e-03,8.321665426029812782e-03,4.098092295014514781e-03,4.039736098529422836e-03,1.409739943861991300e-03,5.138584096877664171e-04,7.230234480587622962e-03,8.674192211635841070e-04,7.194967514222777236e-04,2.474086949668096455e-04
2.339123604994173492e-03,4.664735050139017652e-03,1.247677248039442272e-02,1.446101469775817362e-02,1.741261653858179603e-02,1.505063871698022158e-02,5.222838184148961317e-03,7.156809780980837379e-03,3.325379559692490106e-02,2.308544352356013338e-02,5.542064299831330962e-03,4.849716340769683054e-02,0.000000000000000000e+00,9.301727106128009070e-02,5.035976654576387185e-02,8.449524315812612096e-02,3.774463494312155221e-02,3.061897005556401402e-02,3.057232954545913844e-02,3.336103084531790580e-02,1.892333178800075649e-02,6.484521672432959176e-03,5.105575337339789133e-02,1.064577030324685702e-02,2.366571010027654007e-02,1.695069865416719973e-02,3.684013794052579810e-02,2.635988156068579114e-02,1.886765372780522913e-03,1.046924804855777630e-02,5.090199207309795311e-03,7.851105177944893562e-04,7.674495107760095046e-03,7.646956673661610545e-04,4.641854215335061143e-04,1.121360615226311584e-03,6.584367421014925004e-03,2.049687519431780697e-03,1.603411589717947767e-03,1.039315061891467936e-03,5.995198069171059048e-04,7.594780524289827675e-04,6.014683989457515105e-04,6.823570219041713743e-04,5.152729226608583016e-04,2.116540041179605820e-03,1.268538833657126448e-03,9.562241534246172878e-04,3.087339939326049485e-04,5.004601932275981905e-04,1.196264498802326100e-03,1.355202576163126336e-03,2.411302430549350662e-03,7.712565722483569934e-04,6.232491270018542190e-04,4.094890577171794201e-04,5.869422010286860780e-03,9.289940893381455405e-04,1.066486772022783979e-03,3.125983938516469114e-03,3.449872415650573516e-03,4.158890934764001603e-03,2.130241061156710070e-03,2.192430166188271898e-03,2.670182030342941378e-03,1.866700276136359438e-03,6.873214200560351633e-04,9.516973536448453119e-03,2.248930351968996596e-03,2.456361507133489937e-03,1.687701611721307508e-03
2.661829498104160020e-03,3.934767257883458984e-03,3.061777314331458333e-03,2.837029570996164440e-03,5.803719709603088681e-03,2.983683608215336597e-03,6.716130597807632233e-03,1.531669362905423507e-02,1.995648416086190369e-02,2.077845152668681208e-02,4.969222274081167706e-02,5.202327986163429036e-02,9.301727106128009070e-02,0.000000000000000000e+00,3.758381919125501625e-02,2.660527610302153984e-02,5.365090385120334371e-02,4.374316656088243771e-02,2.399519496871320434e-02,1.065674282578804866e-01,9.295208287788381263e-02,7.375461947881763181e-02,1.612710139330543746e-01,5.741278013586831319e-02,1.051176986068337732e-01,2.311097746098252775e-02,1.232930895205303773e-01,5.997030002596404064e-02,1.207150154131280545e-02,2.572010886104038677e-02,2.240616820026907277e-02,6.164157702611716173e-03,3.102083475220988526e-02,4.859297169402453272e-03,7.006386043734894693e-04,5.838232375799040164e-04,1.240520496335005725e-02,1.398562358499898283e-03,6.883156726715640439e-03,4.840512108466405936e-03,8.057049558902538988e-03,3.291205941174775874e-03,7.798055721671629491e-03,2.750327524826371925e-03,1.572445702229712102e-03,8.162169478525044177e-04,1.239280222973019327e-03,9.304751687809109575e-04,1.625075457413135494e-03,4.729878995936714903e-04,1.616512075999232585e-03,8.498418433323734955e-04,6.428574376719778903e-03,2.300144342606398173e-03,4.327114443859683343e-03,2.292832231722578482e-03,7.524759963558416871e-03,5.878600667027336461e-03,8.419058774253147803e-03,1.885892129038135162e-02,1.147622566203253822e-03,1.386476356075656662e-02,1.814337713090652393e-02,1.935350258497368567e-02,2.708230717364460555e-02,3.667695034458152807e-03,3.689095365548806810e-03,3.257554512587531627e-03,3.879566791853627464e-03,2.279513223600377302e-03,8.408287504177544731e-04
2.231702263714125962e-03,7.908221187418145023e-04,1.307430988850425205e-03,3.226371037903348442e-03,3.104522545910857936e-03,5.059767203550685592e-03,2.437895437468954978e-03,1.103763351215725566e-03,1.336405263209590986e-02,1.554649071323812269e-03,2.426335990211982499e-02,1.117569243814256312e-02,5.035976654576387185e-02,3.758381919125501625e-02,0.000000000000000000e+00,3.486536261907076384e-02,3.546526926643774752e-02,1.089812546089285877e-01,2.403726949572267471e-02,7.264707912813968271e-02,1.056589232365369169e-01,7.510093517395367846e-02,1.007670266128880693e-01,1.126892826308738965e-02,1.387896801578538952e-01,3.236368513835917449e-02,3.423541352298845042e-02,1.844334133148980287e-02,4.539970559543541652e-03,1.321898442399844532e-02,2.937876826320351409e-03,6.266524595143815185e-03,3.520126642411039019e-03,8.632085006816231885e-04,7.323996110971180097e-04,3.244278500725090368e-04,1.841143881364363600e-03,3.673579467219583936e-03,7.322691881879797582e-03,2.010727323429851825e-03,5.146786804641039761e-04,1.121724825742512199e-02,1.964971633582938536e-03,7.409294344267508027e-03,1.116589990290760281e-02,4.495510482174915751e-03,4.642285184322466479e-03,6.459453401890761538e-03,3.098425994902419701e-03,2.905915739324561441e-03,6.268984166824084943e-04,3.929027709708831501e-03,1.051241691064028205e-02,2.061766776056380649e-03,1.446652555170647829e-03,1.449961102167856035e-03,4.740006196591312407e-03,2.804472242871911512e-03,6.314373031072786566e-03,1.327902738757250761e-02,3.013006140842025039e-03,1.676147656070051378e-03,2.911772536487687146e-03,1.528611077091180000e-02,8.682985168098185380e-03,3.757305482259391555e-03,4.363202604389998171e-03,5.877551818552152665e-04,1.000936920001114366e-03,1.257395900294352867e-03,1.415153747845311226e-03
1.322221267824861624e-03,2.608472329686258463e-03,7.565606167034996839e-03,3.842187749292585823e-03,6.546183093017548214e-03,1.181931258718813514e-02,4.541395924499701774e-03,8.797478992480447721e-03,1.911253427647555472e-02,7.812843596768231924e-03,2.424584627753050350e-02,2.482160252816280679e-02,8.449524315812612096e-02,2.660527610302153984e-02,3.486536261907076384e-02,0.000000000000000000e+00,1.166304392466857298e-01,8.703812569093949403e-02,1.251593221787002941e-01,6.635310630953605848e-02,1.582597560706416606e-01,2.435955166924192589e-02,7.100445273535561930e-02,6.740734501846903926e-02,1.030284884485892644e-01,8.307969227903076737e-02,3.638068156905853445e-02,4.892040773183368302e-02,3.829336434388144837e-03,5.508098803666897254e-03,9.513988660143194581e-03,6.543974309451943815e-04,9.191026444627310374e-03,6.820933692238614898e-03,1.250912864839705133e-03,7.215138896855783713e-04,1.025464887801881726e-03,2.562574690067719301e-03,1.730273998543494255e-03,3.603688556783707321e-04,2.327660398082793351e-03,1.698557780323050161e-03,1.090816760053361055e-03,3.977072390890546176e-04,7.084141844751660295e-04,6.643321636528095198e-04,3.760047588042693834e-03,6.004298576496501722e-04,9.689067056625108023e-04,9.921318883641316519e-04,1.254746652192545355e-03,1.181589165036355926e-03,3.267661622931506554e-03,1.375981858930750736e-02,2.233869527542531666e-03,3.410327129362117696e-03,1.080559491558228183e-02,2.047689536401977629e-03,1.531296409983915873e-03,1.298243575719902794e-02,4.621117879230941632e-03,4.349196488803141677e-03,2.410623893781292659e-03,4.410245014320101666e-03,1.281254458342086233e-02,6.747815419932370017e-03,1.499609033097517186e-03,8.603383816165573530e-03,4.134420237767295198e-03,3.572792007484461383e-03,1.490688530966988038e-03
3.111151357777442589e-03,8.512714881192170666e-03,7.135029387272332456e-03,8.328463985044818425e-04,5.830571901862769031e-03,7.658776101466435900e-04,5.819804810223784368e-03,1.181204666117882142e-02,2.132014806028506917e-02,1.111435001241709714e-02,2.426199909338013980e-02,3.390753592531370320e-02,3.774463494312155221e-02,5.365090385120334371e-02,3.546526926643774752e-02,1.166304392466857298e-01,0.000000000000000000e+00,1.242929637541239363e-01,1.456231399462727116e-01,1.909596761052882175e-01,2.450345115524958373e-01,1.609916604400198070e-01,3.465953692661256635e-01,1.386936723393081827e-01,2.141939914511576948e-01,7.452888666065912715e-02,2.209671909316245908e-01,1.204855884912167802e-01,2.600155295500021155e-02,6.351332942341560150e-02,3.689796367494885959e-02,7.035262806934016594e-03,4.365521636831560387e-02,6.593332715421620742e-03,2.145127981768581073e-03,4.467124358039474205e-03,6.003156856037905435e-03,1.494539377727332075e-03,1.112173519978242042e-02,7.601662529327371347e-03,6.862876916879413064e-03,3.118724091667677157e-03,1.150381652009241189e-02,4.552925268398612564e-03,4.468175429508880296e-03,1.599157449108935293e-03,1.287990742885249118e-03,3.068159438526292093e-03,1.731474920624783646e-03,1.368267971274843590e-03,3.522813842530748800e-03,1.719902965813778278e-03,1.235395442475442293e-02,1.043027028015437556e-02,1.589069125031125629e-02,1.003448839677313284e-02,1.687486913059753693e-02,1.639680933348138664e-02,1.683657134292804516e-02,3.433544270959686812e-02,9.955542770819324552e-03,3.219203697617129684e-02,3.660413584062758435e-02,2.650790334351718625e-02,4.620230334546508721e-02,5.611327077899851655e-03,1.206630351389144026e-02,5.041641455587984356e-03,6.881762546668370763e-03,2.493103071282121250e-03,1.972011362707642643e-03
1.290208847593158790e-03,7.354058784004268963e-04,1.367667495422735533e-03,3.406797266829094013e-03,1.083991410907969620e-03,3.117359902529278845e-03,1.592474841714550679e-03,2.205389938223061615e-03,5.392954186662048816e-03,2.444438129301341068e-03,2.328558901617353797e-03,1.325212179859382037e-03,3.061897005556401402e-02,4.374316656088243771e-02,1.089812546089285877e-01,8.703812569093949403e-02,1.242929637541239363e-01,0.000000000000000000e+00,2.980147166401611591e-01,2.077027659839499885e-01,5.478004498407748057e-01,3.963193043830983142e-01,3.128065434016574220e-01,2.797905137863971881e-01,4.876785642414315225e-01,1.960568714289723791e-01,8.882029765703346180e-02,4.332836377136327355e-02,4.919548509674688541e-02,2.204340264926664059e-02,3.602455634197661901e-03,7.716350527235254879e-03,8.624692001703957930e-03,5.445504242134883641e-03,3.083093131090766138e-03,4.302460197686710890e-03,1.139962680266066574e-03,1.523126313497550656e-02,2.786217812947974423e-02,6.717765101318074264e-03,8.908240580492121597e-04,1.440391783524620946e-02,3.036099067209324480e-03,6.827110646792689018e-04,3.154196865508026096e-03,4.598884176641077765e-03,3.284507983547337636e-03,2.284291131359202521e-03,5.115605221892543034e-03,3.654145097525765377e-03,1.705191266663593766e-03,1.521465825975268880e-02,1.575287297312981047e-02,1.632337181696377065e-02,1.718182496087503758e-02,6.829965422917441860e-03,3.082206235831142990e-02,1.392797403283980995e-02,4.975972359514224327e-03,5.731551710188390741e-02,1.114759532490872465e-02,2.287946147292055019e-02,1.659631801984924604e-02,2.613308349361207969e-02,1.858560543519098898e-02,1.164341781049993245e-02,2.332995723013512809e-02,8.943739342351047714e-03,8.036309701302939493e-03,6.638920824904583420e-03,4.563003914452139383e-03
2.887999037586457310e-04,6.140781397735560086e-04,2.755406722705630758e-03,2.681838711001548626e-03,6.313179115668252246e-04,1.267787339164411871e-03,2.403526281592410861e-03,3.644306514472920797e-03,8.405189796687806414e-03,1.424844654173204953e-03,4.412750730180946962e-03,6.407722511658539566e-03,3.057232954545913844e-02,2.399519496871320434e-02,2.403726949572267471e-02,1.251593221787002941e-01,1.456231399462727116e-01,2.980147166401611591e-01,0.000000000000000000e+00,3.602223793261706275e-01,5.768609239960942325e-01,3.731516592074126670e-01,4.414431548877508771e-01,4.499918419898723543e-01,2.629836134773150258e-01,3.771550896278011988e-01,1.199346398664745128e-01,1.575933946122895779e-01,4.766853618566650741e-02,3.040165269075779941e-02,4.889134300516324860e-02,1.140771282667834771e-02,1.184470153615616896e-02,5.453604460535534972e-03,2.198617946365771705e-03,1.379629327511265428e-02,5.824168661510308563e-03,1.291277795521339478e-02,5.606539545061128837e-03,3.362081725607805882e-03,2.797636313104186721e-03,5.280775887454612974e-03,1.240444842900537310e-02,2.918795418148062686e-03,1.833291886185866096e-02,3.182372032312363874e-03,6.406920571163095962e-03,1.835193613328117701e-02,9.746081672799843804e-03,3.004413736606751338e-03,6.197342330437603276e-03,2.610290975894179188e-03,1.017353933954551377e-02,3.075707308590103911e-02,2.716025998412461076e-02,2.506509698650393608e-02,6.872202574433326772e-02,1.721302845158309558e-02,6.793051484556217670e-03,3.382693580308035464e-02,2.204657868740800622e-02,5.315594358966529986e-02,4.420270781118844361e-02,2.190869467556207095e-02,2.989033881724805636e-02,3.525321187310386656e-02,1.794604888998449499e-02,2.594709337609781008e-02,1.854218606716285384e-02,6.348197762374955568e-03,5.152761625363508000e-03
3.939694139123129345e-04,1.124767897777521853e-03,3.055849233206201984e-03,1.202320934995422010e-03,1.498517236096687981e-03,2.047999399028490805e-03,4.884703263972669032e-03,1.283136504748535849e-02,2.095759436270608345e-02,2.183727768753048262e-02,2.524952896581803691e-02,3.959805819360482509e-02,3.336103084531790580e-02,1.065674282578804866e-01,7.264707912813968271e-02,6.635310630953605848e-02,1.909596761052882175e-01,2.077027659839499885e-01,3.602223793261706275e-01,0.000000000000000000e+00,7.435768976469322444e-01,7.152759630957601367e-01,3.837769535435618939e-01,3.865079574358049608e-01,4.072367328258646446e-01,2.280921374269369029e-01,1.385328070257474398e-01,9.834935862572072307e-02,1.560977334040515412e-02,3.871031762875364046e-02,2.059013082694808802e-02,4.826139567241482208e-03,1.290609953829758953e-02,8.954094948714960006e-03,3.304837405953090727e-03,9.437809561372174569e-03,1.624342534562396925e-02,1.221739029747106499e-02,2.039497279617816933e-02,1.713604396580305916e-02,1.099352086500620870e-02,1.101181181815064428e-03,8.287679231614289432e-03,2.831412592046740357e-03,6.463614372581009786e-03,2.319250442281809398e-03,3.072487170371501677e-03,2.698383658400784358e-03,4.464752992445941183e-03,7.550027526297607879e-03,1.264151935888278150e-03,8.022748411895964937e-03,3.013362607006126251e-02,2.622730109961506420e-02,1.366152819251676906e-02,2.110075984104370708e-02,2.019741858953141497e-02,2.061238537190353270e-02,4.210449326524649816e-02,8.642271222402705608e-03,1.275667987555989015e-02,2.851289879627927001e-02,8.455236659624423834e-02,7.101598918920877523e-02,5.841677554107163606e-02,7.511660820329202001e-03,2.886511733576749977e-02,3.347098119059407212e-02,1.022407323689530391e-02,9.898685514210038214e-03,9.205491294773620985e-04
1.869823609862588656e-03,1.811454524515908457e-03,2.420800963496155984e-03,2.959949330484467830e-03,1.271552934558654001e-03,1.243959457582867424e-03,2.184457969256721650e-03,1.604391033283037934e-03,1.536541176165075358e-03,7.058111974955473501e-04,2.915442435909315448e-03,1.574970432960141452e-03,1.892333178800075649e-02,9.295208287788381263e-02,1.056589232365369169e-01,1.582597560706416606e-01,2.450345115524958373e-01,5.478004498407748057e-01,5.768609239960942325e-01,7.435768976469322444e-01,0.000000000000000000e+00,6.688220936857639520e-01,6.343799635406990323e-01,3.328844230766204726e-01,2.818723645226938745e-01,3.752559545269463226e-01,1.801697917376741953e-01,1.375029396285381011e-01,2.683675154040613894e-02,5.096042004923520552e-02,1.179750348937834946e-02,6.652608314187366187e-03,6.450602963611874914e-03,1.067725715853027994e-02,2.865415763777525229e-03,8.553150316835801334e-03,9.190732741774697290e-03,3.578183643054527741e-02,4.543279755468595388e-02,9.079057629277628022e-03,4.605176416544808950e-03,9.834141655361741674e-03,9.131837365380519531e-03,1.030976759436737309e-03,1.370553327132466781e-03,3.296568994356089809e-03,5.035272822178622418e-03,5.197538978737284605e-03,1.802688435400781174e-03,2.156983089728858796e-03,1.169728274006926394e-03,1.683774352792168083e-02,1.103048165198541007e-02,2.959555952049433905e-02,2.090536085787917178e-02,1.113433721052661633e-02,4.780514012768938281e-02,1.477369704657264735e-02,9.133191961067889039e-03,4.827471978517293427e-02,1.482793917909130087e-02,2.989484640990525827e-02,4.168153442683506654e-02,2.310259822006005201e-02,3.857961408708406731e-02,3.739009180697237117e-02,1.325565929930552951e-02,8.148448755150635575e-03,1.266692870205727434e-02,3.214861626511959780e-02,1.184361734591496060e-02
3.415562358178355490e-03,2.979864444802903748e-03,7.736037630660075673e-03,7.516303477746778122e-03,1.098550475253586706e-03,2.679473484673528232e-03,2.414405566479363094e-03,3.572016808724718176e-03,9.864612415460009744e-04,7.618702540577713435e-04,9.171159420865525715e-04,2.889990256960900308e-03,6.484521672432959176e-03,7.375461947881763181e-02,7.510093517395367846e-02,2.435955166924192589e-02,1.609916604400198070e-01,3.963193043830983142e-01,3.731516592074126670e-01,7.152759630957601367e-01,6.688220936857639520e-01,0.000000000000000000e+00,4.982042715641226693e-01,5.384119896092663948e-01,2.535633904689150731e-01,3.125632405690099702e-01,1.843270664339482223e-01,5.296899838999055005e-02,4.510117273364488283e-02,4.519900542465013493e-02,1.064164069545698449e-02,1.132037181968325451e-02,5.243938865342809633e-03,7.988384676074006957e-03,8.497645605824215298e-03,4.259614505623730493e-03,1.820136459942294643e-02,8.416859987167272681e-04,3.658604909759057781e-03,3.236777857937614758e-03,3.023327620985393881e-03,2.316136753845882135e-02,5.997939248994573098e-03,1.391122580127391282e-03,1.845509136236198056e-02,1.739908983241531459e-03,2.159708790508612329e-03,2.412030354730345522e-02,3.529311398095263952e-02,5.927339382745413707e-03,6.758112340863380203e-03,2.416840921989179061e-02,1.964564340517368363e-02,4.230620147063950814e-02,2.047763795969693296e-02,4.956838320679550491e-02,1.495027804333102714e-02,1.677729575047049240e-02,2.542534133064981716e-02,2.243649148178310238e-02,6.959922504265543541e-02,3.966281830834265248e-02,4.592935854038714127e-02,8.028344829334146948e-02,6.266585792447799952e-02,6.464834372049117761e-02,2.418555180236829985e-02,1.794513528257886056e-02,1.291249949207440295e-02,7.300019482532491867e-03,1.722104420675257125e-02
