0.000000000000000000e+00,4.893080606362491120e-02,4.330832000668310977e-02,9.723252090045260421e-02,1.723869204452173690e-02,4.650880469314191273e-02,3.951384097197820772e-02,8.670782812868798456e-03,2.617429514861731484e-03,1.695096798046328429e-02,4.596175686814068378e-03,8.401994897107680979e-03,4.448578909916709595e-03,8.869247231449833499e-03,9.816487820511331230e-03,5.110184073730902714e-03,1.326953276485365665e-02,3.624434028723018918e-03,2.759484471833174510e-03,2.830708013596930361e-03,2.954118523570798197e-03,1.568081197688032599e-02,6.370981782765610529e-03,9.094480730126244458e-03,1.843746045847021115e-03,6.110268160658079151e-03,3.309602805087110289e-03,3.722954164558574339e-03,5.904308562380448239e-03,4.502527857930653694e-03,2.185048373004217122e-03,2.321324453435232981e-03,9.530090653976305577e-04,3.069214175681212321e-04,2.776419289620046717e-04,1.072428844516104453e-03,1.594186182258536429e-03,1.298468211898485191e-03,2.559722523981179036e-04,6.632296302341699618e-03,2.971497585771254880e-03,3.162405157725612921e-04,2.189357871162392506e-03,3.603430437114298231e-03,5.018809065335134165e-04,4.630288736438554326e-04,2.069972184697827129e-03,2.263254965194273652e-04,1.991426814577090375e-03,1.819342156718559405e-03,2.457206519643943734e-03,1.380517098644009353e-03,1.316110117195900446e-03,1.374291615518938043e-03,1.635927272846794331e-03,2.272918793230955387e-03,2.239625621892848278e-03,6.060629787321838253e-04,2.458550416576053268e-04,4.151764140620345617e-04,3.424006374664453271e-04,1.484557234078662767e-03,5.132757632126638304e-03,3.381429290533763746e-03,9.602238006346857854e-03,2.488218385447859334e-03,2.544863759499343264e-03,2.418419691100361611e-03,5.391279341896638294e-03,2.615481624408668229e-03,4.686079210504862785e-03
4.893080606362491120e-02,0.000000000000000000e+00,1.117806510448834251e-01,8.071820215483549443e-02,5.206954746539858847e-02,4.004025365015443511e-02,3.509095818879225115e-02,7.143912648134606407e-03,5.416953245700455166e-03,1.353357929965479621e-02,6.660655364693172063e-03,7.440441296750550243e-03,7.416343526155696857e-03,1.487168593780517634e-02,8.299171959292814607e-03,8.251717264563534701e-03,6.469643975748786205e-03,6.595177904521254582e-03,4.766774312938498563e-03,7.697986716829859771e-03,2.215855968655731228e-03,6.314352249046595485e-03,8.169871449260249219e-03,6.568137958468570070e-03,6.330484591647159154e-03,4.848213478437548782e-03,5.671939119868353932e-03,6.747717123328884729e-03,1.613777946700805689e-03,2.468404212277695853e-03,1.349376844587633559e-03,1.877219163578857774e-03,1.444202558868232841e-03,2.131589129818582673e-03,7.441766547508089479e-04,2.639154291593496203e-03,1.981218982226483176e-03,1.269715650525891871e-03,1.978273500280328893e-03,6.888886176387266436e-04,1.038854976200301880e-03,1.018438909033900219e-03,4.141752230961693627e-03,4.040612385379123970e-04,1.428169195226723209e-03,1.458852613007688079e-03,3.450245958053195050e-04,1.040027225342456943e-03,1.989620897938730582e-04,1.475285311270018666e-03,1.208417501022345615e-03,2.922374403379017840e-03,4.349021621635816397e-04,1.984839546381167430e-04,2.952726043494979455e-03,3.770294665751675240e-04,4.587436969755928629e-03,3.843008427670851937e-04,1.019078935600535715e-03,1.741185611169737777e-03,8.617091374884520462e-04,5.695520466545056417e-04,2.810156195631928477e-03,1.052317225479743913e-03,5.168666417000578744e-03,7.387930779478938011e-03,4.256627001945339529e-03,7.528015353314648252e-03,9.398323202889118794e-03,5.895204302966731806e-03,1.454491795583498677e-02
4.330832000668310977e-02,1.117806510448834251e-01,0.000000000000000000e+00,1.072304787927172848e-01,8.484842453738684898e-02,8.382847924594408195e-02,3.330337595296994913e-02,6.909011399009947103e-03,4.424965537051888526e-03,8.919181506427785108e-03,1.167593792128400997e-02,1.041557905663023122e-02,9.192239592320548131e-03,2.113902885533020665e-02,1.105346152304826322e-02,7.130468873758232483e-03,1.972029287785954585e-02,8.681827195406782369e-03,3.297752734110879005e-03,5.501218270246939837e-03,6.427718444746948053e-04,1.843872685018267329e-02,1.200740305865155566e-02,8.191147061003458546e-03,3.984971224332067158e-03,7.638781490784360938e-03,5.084057510739687855e-03,5.469661844445444787e-03,6.976540337508706571e-03,3.177060984704968387e-03,5.422641454839892058e-03,2.068315121645501655e-03,2.026336150221711048e-03,6.864777773910964902e-04,2.476241458590397113e-03,3.517573956114830938e-03,1.403461957207220116e-03,3.349832667959938733e-03,3.655407274230222355e-04,1.708010750736409710e-03,3.596315817124872208e-03,1.950291140265245429e-03,6.241268401600090759e-04,5.211624488541918496e-03,4.642347623871659855e-03,1.204369296756897540e-03,1.711513791786150327e-03,1.356138835315959202e-03,1.252108459745612063e-03,4.647839731428346673e-03,5.560628172225745569e-03,2.025185579984628993e-03,8.652391827230149560e-04,1.118127969561745353e-03,5.088899225100330980e-04,3.945051732900231589e-03,7.332702473313202837e-03,1.132839653709425743e-04,1.147868700250218943e-03,2.155645485478842110e-04,1.096480087625306687e-03,2.538813140948495504e-03,6.608840938652730569e-03,7.745989084719536073e-03,1.032608815461124978e-02,7.101623401225881128e-03,6.747545110816295134e-03,5.982452622779601409e-03,5.207825977695139386e-03,3.829168967361150366e-03,6.977214781567975081e-03
9.723252090045260421e-02,8.071820215483549443e-02,1.072304787927172848e-01,0.000000000000000000e+00,6.088893147037502396e-02,4.326867755293994922e-02,1.958496819688285151e-02,2.017546980135807161e-02,1.912496876508562940e-02,2.901799406907880352e-02,1.625762677357470154e-02,7.214241317596935439e-03,1.349330533941173020e-02,9.174370358185975072e-03,1.561527908673709594e-02,1.285411098081786808e-02,1.108426679390944053e-02,5.492395274187551746e-03,1.352145481007454089e-02,1.032987648448237088e-02,3.313935193818983924e-03,1.229336762106399139e-02,5.432064798024122815e-03,7.226975247928374077e-03,1.104702023975881464e-02,6.606191555449643718e-03,1.196717715137216552e-02,3.432052073831572906e-03,2.142729084799711425e-03,6.126954782691588185e-03,1.405760425519615242e-03,1.002888485169321341e-03,2.830744842206410570e-03,4.967479712115040885e-04,1.520325354600815613e-03,4.998030034838094743e-03,1.298604887521882020e-03,3.348205821589260965e-03,2.601763295307813785e-03,6.900661051383869156e-03,8.878200610522974344e-04,1.684919094422506272e-03,4.127137297258832473e-03,3.838564173270462253e-03,1.101220489820560608e-03,8.101817872521840025e-04,2.233430762990382904e-03,2.899325384670387463e-03,4.490040620739005708e-04,1.557329491004112677e-03,1.990317072228654609e-03,3.691009761269276220e-03,1.152785662360061684e-03,4.371010277074302564e-03,3.645028785730809653e-03,1.167412205659900618e-03,2.224006497507247798e-04,3.434119319961995067e-03,1.089194604731985334e-03,1.845008437073373132e-03,3.156693765282539074e-03,2.229003287998498548e-03,3.639315955443403385e-03,4.632141220990824808e-03,4.002514294822459399e-03,4.096128300846649771e-03,1.658607682274979012e-02,9.405251961589283782e-03,1.564668211656858321e-02,7.410113476328961807e-03,2.060608335159212247e-03
1.723869204452173690e-02,5.206954746539858847e-02,8.484842453738684898e-02,6.088893147037502396e-02,0.000000000000000000e+00,2.808584250038389726e-02,1.265503666620893322e-02,4.556508826352975022e-02,2.905451770254656799e-02,1.831083747748549206e-02,3.443041690445608483e-02,8.792423173931066330e-03,2.300514785145400115e-02,1.081390237568410559e-02,8.191309828547623656e-03,5.407853312998837578e-03,5.513307839787794269e-03,1.508342884448124477e-02,4.875855256466585068e-03,1.056792595011572453e-02,4.477133323209888868e-03,5.696053303599942462e-03,1.144739529105950893e-02,6.715126105448579637e-03,2.226969760007268401e-02,5.838052427372008267e-03,2.142045735546809285e-02,5.382805162926876039e-03,2.483350527231651186e-03,7.800558631207136009e-03,4.789872130358010550e-03,6.542458899944767273e-03,1.212904555744850421e-03,3.397983905526034184e-03,2.382644021288351079e-04,2.018103061605426747e-03,2.910941600086068733e-03,1.228884127369674019e-03,5.488479162821188057e-03,1.107752029199876283e-03,9.811174931525733917e-03,2.664656614990336490e-03,9.100030511303144193e-03,1.990427981578872779e-03,1.093456461651859564e-03,2.344974276008853463e-03,1.712822336215747646e-03,3.730204422910087252e-04,1.347643010452771392e-03,3.319073324023784875e-03,2.692135127600926584e-04,3.524733471781601145e-03,4.017328682499862746e-03,7.707559952243835111e-04,9.593735654397370430e-03,1.343505055986488278e-03,1.483935665996501249e-03,6.017280011420903787e-04,9.441206567360962846e-04,3.591848269564520794e-03,3.801073419262811833e-03,7.046582717663283420e-04,4.687004950571059189e-03,7.683860390106224490e-04,6.722967817016516773e-03,1.650677618139836933e-02,5.379496374542620980e-03,1.618463021867934046e-02,9.037562831841110603e-03,1.819212179557515296e-02,5.464974569398548324e-03
4.650880469314191273e-02,4.004025365015443511e-02,8.382847924594408195e-02,4.326867755293994922e-02,2.808584250038389726e-02,0.000000000000000000e+00,3.881566903313300732e-02,4.632976165674984603e-02,7.497973362332996383e-02,5.386592062173387041e-02,2.407580674248268118e-02,1.390048915192280271e-02,1.064960979259887974e-02,1.127328465844729989e-02,1.156779478777412822e-02,6.004873724269052700e-03,6.158141875573498042e-03,2.742911023262727468e-03,4.216618693505080721e-03,4.976369680508603913e-03,3.443096001425619262e-03,1.490718166553075055e-02,2.615752189655158599e-03,7.394864636999358767e-03,7.485469169264867551e-03,6.643664605674583050e-03,6.237673672907557802e-03,2.955048795481871830e-03,1.373159347559620505e-02,4.398058550895179129e-03,1.784417208570204891e-03,2.359427204011154203e-03,1.381081109869493860e-03,1.312776942060723791e-03,1.632282896325337610e-03,2.703605322617314141e-04,5.758637792248530278e-03,7.231110973737473260e-04,5.878851817645207659e-04,1.271515408526404690e-02,2.279463185904247961e-03,1.943073087024868670e-03,1.617601552834576923e-03,6.550998383793363126e-03,5.806869112788951882e-04,1.308938611468599654e-03,3.996534310747774238e-03,1.061965248554217790e-03,2.706276551436721453e-03,1.246699709599421307e-03,2.327694536055663344e-03,5.018947816910030672e-04,4.488121211527567570e-04,1.795645146554233820e-03,7.323227944466275015e-04,2.724062947875017485e-04,6.386810428960434808e-04,1.993688007558665470e-03,1.491321811115489324e-03,8.167925137287327265e-04,4.064703052467573169e-04,3.760932216602698268e-03,3.361290919594963397e-03,5.233941794991112638e-04,2.514291183796534077e-03,7.206539747270509014e-03,2.040281961620553711e-03,7.053797423514582450e-03,8.239366095236832013e-03,6.008093331223949250e-03,2.315029766061448349e-03
3.951384097197820772e-02,3.509095818879225115e-02,3.330337595296994913e-02,1.958496819688285151e-02,1.265503666620893322e-02,3.881566903313300732e-02,0.000000000000000000e+00,4.210093296296593679e-02,2.286244025909968045e-02,5.789987331204725363e-02,3.960066670672521272e-02,2.582248652942729927e-02,1.437847340623949616e-02,1.817936548040604075e-02,1.994275350854168849e-02,4.349132036627686472e-03,2.777528983189624448e-02,5.419605904483062314e-03,8.825595143816184970e-03,5.498477264685846903e-03,2.870026624013541708e-03,8.056838076487998421e-03,7.383679613621498862e-03,3.006585006476747510e-03,9.281873293417380183e-03,4.784651954310015567e-03,7.183178151527459983e-03,4.257921149626540773e-03,7.100995003916878677e-03,6.085764136722844435e-03,8.731423540747029061e-03,2.482124534521495257e-03,8.582916084764800977e-04,4.885429550804790176e-04,3.164973585932518395e-03,1.269579454769574492e-03,1.208233075814170226e-03,3.310898018409074231e-03,7.196508059772798805e-04,3.024179742620546757e-03,1.285615835077682503e-03,3.826579804832977265e-03,1.814994017389137985e-03,1.787867607100717413e-03,6.229400077887297695e-03,3.937612212921822591e-03,1.682563275049974534e-03,2.983522878783402446e-04,5.423134218032581166e-04,1.485240197748600565e-03,8.461713011830048273e-03,2.141166398279061597e-04,4.447845047464436320e-04,1.568549162053393519e-03,9.351653477094543912e-04,4.489271080153102987e-04,1.265742708693774277e-03,2.942328124414719109e-04,6.575777130956640161e-03,2.223437101885456218e-03,2.144902145187536652e-03,3.002774251072736541e-03,3.556057865920888433e-03,7.810664779918317577e-03,7.364605855099897770e-03,4.746489976006258021e-03,2.552769435707525052e-03,5.390686511027877569e-03,4.442651269948414035e-03,6.198025350875844240e-03,2.709669062248536240e-03
8.670782812868798456e-03,7.143912648134606407e-03,6.909011399009947103e-03,2.017546980135807161e-02,4.556508826352975022e-02,4.632976165674984603e-02,4.210093296296593679e-02,0.000000000000000000e+00,6.514859774919661006e-02,6.987598842186414083e-02,6.806564406098969400e-02,3.716269111872578385e-02,3.445359390194267096e-02,1.309269314350879065e-02,1.316167015860944707e-02,3.976985759796711380e-03,6.083483437995534579e-03,8.034782464234668797e-03,1.915053336632062831e-03,2.808250485616255090e-03,9.849200334388671929e-03,9.313287923860451636e-03,1.007016839508573756e-02,5.096033891090498945e-03,3.420225218669708470e-03,8.583570919160702847e-03,3.055972146864005014e-03,1.068914851265351240e-02,3.269807406880381826e-03,1.687595884096658103e-02,3.996673544278810455e-03,4.599765312435780823e-03,2.362747999264374048e-03,2.950573103710172132e-03,5.698928866046238002e-03,2.672276148750611559e-03,5.355428601875353127e-03,1.024314171287167953e-03,1.326561033756503642e-03,8.886406802796760832e-03,8.444103901635124747e-04,3.547783137760084689e-03,1.845985223511158657e-03,7.938153508602161998e-03,2.514339048741233689e-03,3.329854824334731699e-03,7.355887581001880043e-04,2.197017912742805709e-03,2.649821166616173236e-03,2.182616403756173964e-03,2.887755291886765071e-04,9.525505070634229668e-04,1.106056475673404104e-03,1.267827852474884970e-03,2.556689944109674130e-03,1.996731138132325743e-03,4.890010493937093673e-03,1.477173466971443095e-03,3.356023560347830281e-03,1.097241628964204171e-03,6.549247669221721236e-04,5.745619446156231304e-03,5.685588346024355103e-03,2.067214007753651831e-03,6.541552897990649679e-03,1.601745065102410867e-02,4.983031904168764778e-03,1.021450148383539445e-02,5.980588622300903739e-03,8.014458354331685866e-03,1.046194166833829681e-02
2.617429514861731484e-03,5.416953245700455166e-03,4.424965537051888526e-03,1.912496876508562940e-02,2.905451770254656799e-02,7.497973362332996383e-02,2.286244025909968045e-02,6.514859774919661006e-02,0.000000000000000000e+00,4.088721989625473258e-02,9.834400298136702911e-03,1.303168179000112857e-02,1.019427173444579886e-02,1.153281579855118533e-02,1.053848807618183378e-02,1.916750136462966325e-02,1.742100241637602534e-02,4.605010504776811155e-03,9.818122540664652245e-03,1.937194637871645850e-03,4.733572556610999606e-03,1.327188189057623008e-02,2.359893955413890076e-02,9.909688528563121920e-03,4.436199807221566545e-03,7.587935906514524549e-03,3.368261282736457508e-03,3.483977704146572294e-03,8.985875114417776408e-03,6.919948622890324808e-03,1.415158968517770018e-03,4.045533364091409394e-03,3.892462431992161297e-04,1.145833718237318152e-02,1.324486507556407039e-02,9.951182452183782862e-03,3.699790965975457285e-03,8.040061980862007324e-03,3.595732584633224891e-04,4.054079192674242159e-04,2.084234165391574481e-03,2.364879620430057443e-03,8.149841794853639187e-03,3.208186962378367559e-03,5.796469343502571279e-03,5.738141093002590209e-04,1.000004228140657925e-03,1.134812449517741189e-03,4.453244888327945357e-04,1.954550862807856188e-03,5.595089546920565399e-03,7.623733460147788955e-04,1.594440454519641245e-03,3.832500147594280191e-04,6.777291757209440506e-04,5.023101274236866157e-03,1.465493879316740085e-03,2.149770081595504291e-03,1.093874534752563949e-03,4.173565151448378318e-04,2.231514747245796470e-03,2.458355067530867358e-03,4.302255124218575151e-03,2.415386768827753033e-03,2.504200821328339370e-03,1.349304424551612570e-02,1.133286533160321463e-02,6.175180872772923976e-03,4.961784272669144541e-03,1.095963877221155063e-02,1.276331216575549501e-02
1.695096798046328429e-02,1.353357929965479621e-02,8.919181506427785108e-03,2.901799406907880352e-02,1.831083747748549206e-02,5.386592062173387041e-02,5.789987331204725363e-02,6.987598842186414083e-02,4.088721989625473258e-02,0.000000000000000000e+00,2.660720139387717786e-02,5.375876418131694118e-02,2.428987914317990923e-02,1.832941920670989530e-02,1.811982079331252507e-02,1.518108909006342551e-02,1.091472392428998774e-02,1.407758969392292753e-02,4.778220287660030034e-03,6.482148016315289474e-03,1.016860154970574380e-02,4.654805170116032079e-03,2.189611184888590190e-02,5.072476633573213232e-03,6.757298911847901997e-03,5.704688330720911887e-03,5.473730806628743402e-03,4.295840650923106636e-03,2.345683249788435912e-03,1.670053327103291838e-02,2.476016066225150952e-03,3.108871671811814109e-03,3.012430251779784057e-03,1.880126728244638917e-02,6.299745618700581043e-03,3.985519229653145326e-03,4.038379107703358312e-03,1.578970266536267302e-03,2.825651387559019369e-03,4.328161533195123978e-03,2.722312253004049304e-03,3.770909210886721520e-03,1.114438886772613603e-03,8.635046790512251533e-04,1.665817981863506074e-03,5.766726952273256573e-03,7.042503623215492538e-03,1.373056775108124142e-02,2.966326420968227323e-03,2.993375485174593585e-03,8.005812035604554632e-04,3.421421885852630844e-03,1.175599315643643646e-03,1.119018760048130605e-03,9.938602243350839853e-04,4.085514468372961668e-04,3.305992938204950580e-03,1.946807337303727101e-03,6.808583670191585601e-04,1.882097688534143222e-03,1.775556398814121667e-03,3.006374253325984347e-03,4.050876035133830870e-03,3.082395516442099515e-03,3.675009914271852585e-03,5.223922959062535752e-03,3.732521774024001506e-03,1.062313923673567292e-02,7.354521420756075095e-03,5.052447556274135970e-03,2.016591251935091061e-02
4.596175686814068378e-03,6.660655364693172063e-03,1.167593792128400997e-02,1.625762677357470154e-02,3.443041690445608483e-02,2.407580674248268118e-02,3.960066670672521272e-02,6.806564406098969400e-02,9.834400298136702911e-03,2.660720139387717786e-02,0.000000000000000000e+00,3.494506745467833991e-02,8.492644587313909199e-02,4.088175862319098214e-02,3.975612829912147234e-02,2.034302960773780658e-02,1.013459995351079744e-02,2.312175968195681261e-02,2.881536199342486608e-03,1.250690912445303130e-02,1.270639813463565922e-02,1.135346377552295082e-02,1.180954955399012192e-02,1.107304475428774748e-02,2.492924027994167235e-02,1.132869841240919870e-02,1.728798333778367585e-02,4.938764950900077430e-03,8.492535151428556167e-03,2.756630696994744403e-02,5.775967873652606763e-03,1.507612050710435171e-02,2.518741722089249194e-03,1.887532291904753592e-02,8.133927865342253580e-03,3.441731058225093974e-03,5.900255406248481119e-03,4.614858717589773521e-03,4.281749378894923741e-03,7.089930341423719739e-04,6.940641120062552780e-03,1.904680161410739333e-03,4.609748016727811294e-03,1.601318471849112962e-03,8.796295581477677622e-03,2.533902409035761194e-03,5.769403162764711202e-04,1.658866519317640700e-03,2.386823416220930708e-04,8.344590843770463258e-04,8.121264596631267178e-04,1.170027108085643650e-03,7.655406806432605606e-03,7.040864392120928369e-04,8.259765864968646046e-04,3.953952815440760216e-03,1.539704150971680282e-03,8.871412417158484366e-04,3.133952667716204555e-03,1.272834230039519583e-03,3.926621017310681465e-03,3.637985570935779386e-03,1.160452381796877111e-02,4.104164641643536469e-03,1.518007037807998089e-02,2.052788764291083728e-02,1.290923486631965350e-02,1.906371493791402666e-02,1.711489249146277980e-02,1.749244650313599644e-02,1.661629525282249525e-02
8.401994897107680979e-03,7.440441296750550243e-03,1.041557905663023122e-02,7.214241317596935439e-03,8.792423173931066330e-03,1.390048915192280271e-02,2.582248652942729927e-02,3.716269111872578385e-02,1.303168179000112857e-02,5.375876418131694118e-02,3.494506745467833991e-02,0.000000000000000000e+00,3.597879686271941713e-02,4.521810964020438889e-02,3.505639392952213801e-02,6.838302747660288117e-02,1.117782402614619745e-02,7.835873034986170355e-03,2.351238491329647046e-02,4.275970884072133674e-03,8.368787722757453640e-03,1.373769929191764015e-02,1.887685190329522339e-02,1.190948762083857485e-02,9.334246673408366432e-03,1.263983207453893594e-02,6.213039725087777208e-03,1.483214888359078026e-02,1.302868307274595953e-02,2.650975416195804242e-03,1.607492897395806832e-03,7.602078608101620234e-03,1.963773360291602363e-03,7.756787633440288517e-04,1.290386652237998470e-02,6.490946745515894720e-03,1.938756563942409510e-03,9.622820505968280105e-03,7.546880266861125813e-03,7.981252060423202560e-04,2.701727190477467254e-03,6.219650640472683747e-03,2.402127868907098177e-03,3.756134259586349760e-03,8.049790275633666309e-03,1.101385422719472311e-02,1.388846462537976674e-02,6.071734270588233749e-03,3.025316060211787495e-04,2.818480138472610926e-03,6.403177842052175731e-03,3.971960143342502005e-03,2.700260950585278361e-03,1.555570753587696628e-03,1.748330471738219864e-03,4.327499257203441980e-04,1.576496475315494576e-03,2.362439298780931451e-03,1.205251369690406478e-02,6.990857978497881306e-03,2.057460716865435607e-02,8.937048349277066858e-03,2.325399426786958074e-02,2.143176323244115611e-02,2.380960635369873402e-02,7.005156579295626455e-03,2.756889906572903767e-02,1.201893345865938725e-02,8.223368762364541285e-03,4.682650303660197688e-03,4.757448449514768349e-03
4.448578909916709595e-03,7.416343526155696857e-03,9.192239592320548131e-03,1.349330533941173020e-02,2.300514785145400115e-02,1.064960979259887974e-02,1.437847340623949616e-02,3.445359390194267096e-02,1.019427173444579886e-02,2.428987914317990923e-02,8.492644587313909199e-02,3.597879686271941713e-02,0.000000000000000000e+00,3.425849801314205523e-02,7.500028652227255788e-02,9.580913757446291035e-02,1.085156065984353435e-01,7.454213292853638373e-02,2.984497825356973930e-02,4.909232375630412371e-02,1.520128610991929204e-02,2.065099932868835753e-02,2.132052203730380388e-02,3.407981283448834053e-02,1.358684716577354332e-02,2.543166153583505812e-02,2.079277372559009546e-02,2.949407942685586259e-02,7.022411145350924977e-03,2.308900632236894623e-02,4.907244183754965079e-03,7.744393282797679828e-03,8.266204380269022087e-04,4.588732340931578313e-04,4.346912375566338096e-03,2.440497807086031926e-03,9.681131765401768813e-03,8.999745110795716319e-03,1.296446193617986284e-02,1.217378963185812655e-03,1.809239097354007481e-02,3.403683917020530053e-03,4.353133836473290288e-03,1.210514741888603363e-02,4.262942545058401658e-03,7.469217560783842540e-04,4.177192103744842289e-03,6.868250802589883665e-03,6.071557436726359065e-03,1.141725879296523298e-03,2.798081436138488611e-03,3.515528171815605982e-03,2.928911891643101988e-03,7.170002025960368159e-04,1.183239898781559239e-02,7.477531346262999111e-03,8.709476958883300953e-04,9.854690178177280806e-04,2.471413673953870137e-03,5.897033378589274823e-03,5.115696052717963547e-04,3.172744432287446202e-03,9.164755973551607510e-03,3.671111006122279672e-03,4.847491730339522145e-03,3.032755013163210972e-02,1.034522577354055062e-02,2.169660726669534259e-02,1.055276688143807519e-02,1.875267039950511208e-02,9.057007823384338741e-03
8.869247231449833499e-03,1.487168593780517634e-02,2.113902885533020665e-02,9.174370358185975072e-03,1.081390237568410559e-02,1.127328465844729989e-02,1.817936548040604075e-02,1.309269314350879065e-02,1.153281579855118533e-02,1.832941920670989530e-02,4.088175862319098214e-02,4.521810964020438889e-02,3.425849801314205523e-02,0.000000000000000000e+00,7.137372505143618762e-02,1.634273799353614526e-02,9.379832184488536007e-02,4.050212924435370870e-02,2.684578027425895547e-02,3.079460743331741482e-02,1.396466922935978537e-02,1.805895592674693767e-02,3.154741253968403047e-02,1.883965570839202935e-02,7.794933715577379019e-03,1.374167384919846788e-02,9.035612123057958078e-03,1.036129411595753530e-02,3.738723252733888291e-03,6.328967512455680768e-03,2.709516552690421128e-03,2.876357209287468283e-04,3.292299745206515253e-03,3.883619399899368441e-03,4.963379080956840592e-03,1.439709647152258819e-02,6.782256944672825820e-04,1.260162272458402195e-03,1.285910384874970570e-03,1.146903161080158658e-03,1.784871340458176782e-03,2.526686633626281861e-03,4.631791180938201824e-04,5.126987519386910601e-03,7.436612080746341901e-04,3.939555860634810780e-03,3.768969348769143825e-03,2.342098909107399526e-03,2.300654848811769636e-03,1.627209084508373293e-03,2.931186722485145182e-03,8.705276441728572630e-04,5.875711731844591263e-04,1.995130660475586456e-03,1.260161543374347347e-03,3.891986531922027748e-03,4.892525274567623844e-03,7.488887927299501136e-04,5.517790468325339077e-04,1.794640307824212208e-03,3.420552889877156218e-03,4.096942411478590902e-03,4.728762607055253357e-03,4.073219313627550464e-03,8.310230703923369294e-03,1.157441215369258737e-02,7.108611563054968892e-03,1.407873992099378628e-02,1.071730914614271377e-02,8.637879249281020522e-03,3.756299323984157307e-02
9.816487820511331230e-03,8.299171959292814607e-03,1.105346152304826322e-02,1.561527908673709594e-02,8.191309828547623656e-03,1.156779478777412822e-02,1.994275350854168849e-02,1.316167015860944707e-02,1.053848807618183378e-02,1.811982079331252507e-02,3.975612829912147234e-02,3.505639392952213801e-02,7.500028652227255788e-02,7.137372505143618762e-02,0.000000000000000000e+00,2.396020575822235821e-02,1.336804772191211022e-01,1.258691202158101208e-01,4.489464585088800280e-02,2.406781574823191674e-02,8.699905186430963513e-03,4.721657845628256245e-02,1.174834409283259141e-02,6.653059968256858081e-02,1.792175141996150620e-02,5.078788460668252902e-02,1.940089791226737304e-02,1.973320556890298047e-02,2.884670871329930719e-02,2.395377505976044319e-02,9.752289329232843168e-03,9.467813556755673085e-03,1.922262937639802492e-03,1.719402428092366326e-03,1.565388798675215612e-03,8.864703454114145412e-03,7.286550297519613258e-03,2.553968213719557453e-03,3.318374860296956740e-03,1.001612790052093440e-03,6.497749972611913463e-03,1.392537067776087158e-03,3.323676011439196179e-03,1.396235440492355623e-02,4.595034379059739771e-03,5.223130242494481400e-03,1.192110319053163361e-03,3.538728084050573458e-03,4.020759969205612086e-03,4.579458723688333011e-03,4.454299437957941719e-03,1.416481711710801004e-03,3.425087328133570932e-03,8.902257721862729539e-04,7.257619874331030195e-03,9.622147234364166260e-03,1.560773371223949475e-03,7.077072987130025514e-03,1.112019006758923310e-02,6.922369881362538772e-03,8.415885141322096072e-03,1.235001952588656027e-02,2.977613019807598405e-02,6.252815107982277743e-03,3.316707995067664366e-02,1.311274059192127708e-02,1.085388102321114927e-02,2.269135119279576049e-02,5.480968380566768328e-03,1.225233793967355281e-02,7.615973917705833908e-03
5.110184073730902714e-03,8.251717264563534701e-03,7.130468873758232483e-03,1.285411098081786808e-02,5.407853312998837578e-03,6.004873724269052700e-03,4.349132036627686472e-03,3.976985759796711380e-03,1.916750136462966325e-02,1.518108909006342551e-02,2.034302960773780658e-02,6.838302747660288117e-02,9.580913757446291035e-02,1.634273799353614526e-02,2.396020575822235821e-02,0.000000000000000000e+00,1.962463139327310369e-01,7.998321905656242958e-02,8.288128300995960263e-02,2.564192559008443215e-02,9.841165698003301668e-03,2.294559856336223641e-02,2.564772073456793658e-02,5.965623836055700124e-03,1.864659273868962339e-02,1.132728612731304964e-02,8.559601391050794192e-03,1.327676473593362820e-02,9.389074820713752892e-03,1.067350729995245398e-02,1.939482306988128679e-03,4.115275121811900680e-03,2.886710974750610319e-03,1.361216777313566974e-03,4.358886736113557446e-03,9.870301743114138961e-04,3.099333620302219434e-03,7.604388734773823502e-03,2.094611338130134264e-03,1.554957461198594546e-03,3.942617794264602696e-03,3.332696747739862658e-03,9.481173925869869346e-03,2.299090210125012603e-03,1.079163709291720147e-02,1.115007003988592073e-02,4.292605498814851088e-03,1.033410662445129018e-02,2.962474365959643328e-03,6.783858217653099786e-03,2.789968799765701023e-03,6.998607086144744555e-03,9.606310455550827812e-03,1.874080650026662461e-03,7.341599296867372566e-03,2.423968063277707596e-03,1.069342259982768856e-03,4.964960844806006000e-04,5.476960360902479244e-03,1.005408975625701924e-02,1.559263890325643734e-02,3.450051408827075261e-04,1.706329313513190588e-02,2.526375254523818489e-02,1.202941596049354571e-02,1.729193841200625525e-02,2.974888185447003425e-02,1.633093478124768294e-02,5.997628498582115338e-03,9.611712004161939576e-03,1.488486232534770755e-02
1.326953276485365665e-02,6.469643975748786205e-03,1.972029287785954585e-02,1.108426679390944053e-02,5.513307839787794269e-03,6.158141875573498042e-03,2.777528983189624448e-02,6.083483437995534579e-03,1.742100241637602534e-02,1.091472392428998774e-02,1.013459995351079744e-02,1.117782402614619745e-02,1.085156065984353435e-01,9.379832184488536007e-02,1.336804772191211022e-01,1.962463139327310369e-01,0.000000000000000000e+00,1.044571614822449451e-01,5.303490315559399731e-02,3.733592092535480828e-02,1.782180477153811476e-02,1.648286741353881604e-02,3.101884585879373726e-02,1.711155254563772807e-02,1.292034399528708098e-02,1.951894647413881384e-02,1.676766422753178665e-02,1.018547052333973295e-02,6.229008520616090457e-03,6.225257749700913862e-03,4.171735208450770734e-03,4.406348744670740038e-03,2.332101241652521830e-03,3.112876840594129123e-03,1.621001492497344291e-03,4.106939637001191801e-03,4.196438185458869000e-03,6.417747062998285313e-04,4.422926867080049888e-03,1.378986845433684662e-03,3.603392763151211462e-03,3.531133037560447475e-03,2.889374217801290567e-03,8.763129050117913002e-03,3.841099751377931824e-03,2.279397191960890606e-03,1.898006562978913746e-03,1.122265780727673161e-03,1.250424865467112236e-03,3.762031503131704584e-03,8.404831028478299340e-03,4.742982400849862605e-03,1.261524418591666689e-02,2.035456952464464661e-03,2.263259064469924295e-03,7.220634564383976049e-04,2.809139245632213348e-03,6.250253940759503387e-04,2.763185041211642205e-03,1.339223079306232434e-03,1.110983252724202959e-03,8.901619245996208150e-04,4.130516522361880188e-03,1.175257638540366280e-02,1.536476918429223806e-02,8.072761018090906723e-03,3.118123190254088514e-03,1.085200520655152379e-02,1.147954079250689506e-02,6.262124573984912540e-03,2.491628750698815856e-02
3.624434028723018918e-03,6.595177904521254582e-03,8.681827195406782369e-03,5.492395274187551746e-03,1.508342884448124477e-02,2.742911023262727468e-03,5.419605904483062314e-03,8.034782464234668797e-03,4.605010504776811155e-03,1.407758969392292753e-02,2.312175968195681261e-02,7.835873034986170355e-03,7.454213292853638373e-02,4.050212924435370870e-02,1.258691202158101208e-01,7.998321905656242958e-02,1.044571614822449451e-01,0.000000000000000000e+00,7.348485960113558535e-02,3.263520824446231733e-02,6.243442179607774228e-02,2.283725268742183706e-02,1.839353432463641455e-02,3.922702746418413322e-02,2.299584367127368092e-02,4.563426755566297316e-02,4.175452547450551888e-02,1.380997987882008268e-02,1.189337356012780574e-02,2.187703417983373477e-02,9.505137007313615299e-03,2.339483742352273590e-02,1.125173387949109788e-02,8.903543588102336885e-04,2.134424747790401866e-03,8.467219481396900645e-04,1.148069190822104645e-02,3.136095915950695701e-03,1.911698066203526558e-02,3.263199404137490881e-03,6.815987955199912136e-03,3.263068429040754791e-03,1.017728774430994368e-02,7.926452076880034087e-03,1.773376403252051444e-03,2.099204825448548403e-03,5.468888891537894816e-04,7.978687791389087874e-03,9.843789513165725549e-04,5.114402713920420708e-03,2.776977554965916022e-03,8.693691494442880655e-03,1.892529994095509815e-02,3.847814509972853191e-03,1.253429229337573933e-02,1.044072125954427282e-03,3.408499532032745714e-03,2.625800384085852715e-03,1.551602678034816329e-02,1.063498871162794901e-02,5.184150140770116266e-03,2.758880683564966362e-03,2.665458198591295208e-02,3.872048820236214349e-03,1.051465688657363985e-02,2.697873238839589016e-02,9.899063212209822243e-03,3.356334632688455499e-02,7.455213451833966540e-03,2.701070884576970560e-02,2.417747321930557337e-03
2.759484471833174510e-03,4.766774312938498563e-03,3.297752734110879005e-03,1.352145481007454089e-02,4.875855256466585068e-03,4.216618693505080721e-03,8.825595143816184970e-03,1.915053336632062831e-03,9.818122540664652245e-03,4.778220287660030034e-03,2.881536199342486608e-03,2.351238491329647046e-02,2.984497825356973930e-02,2.684578027425895547e-02,4.489464585088800280e-02,8.288128300995960263e-02,5.303490315559399731e-02,7.348485960113558535e-02,0.000000000000000000e+00,2.002450974893836833e-01,1.119943648277559600e-01,5.203234337437089019e-02,6.088335030839214790e-02,1.878416034841224463e-02,2.021875552413766874e-02,7.330846071816471410e-03,7.339096950949930594e-03,8.104430884042107888e-03,4.654054107113134685e-03,1.158654376054515239e-02,2.255156782434440503e-03,7.730437993455031506e-03,1.629066784137144950e-03,3.086667344766338386e-04,3.280791048551046345e-04,2.980382587388118350e-03,8.758304522805512166e-03,8.012516650698686682e-03,1.435149557880315875e-03,1.662118376281473183e-03,4.397224202508803054e-03,4.054530157915308200e-03,3.185405809517321760e-03,2.032673376585179305e-03,3.798481987207204258e-03,1.309514171685521172e-03,1.411488136727345180e-03,3.755058440224608423e-03,3.319886025096592096e-03,6.949744004562037267e-03,6.287715999470859518e-03,9.016645200244439301e-03,1.388447027685901086e-02,1.657686588744468770e-03,2.753077430597285300e-03,1.403639192166289970e-03,2.167163711132159398e-03,1.168421621803194003e-03,8.138287317772540178e-03,2.440395044810915546e-03,1.080642077709618142e-02,3.875781504574643804e-03,3.940661720727462770e-03,1.657165691308846306e-02,8.855864828106898776e-03,2.509377955915295666e-02,1.672187264022323080e-02,1.393740789064021671e-02,1.837134404272565413e-02,5.289950529129622790e-03,2.516926871324044399e-02
2.830708013596930361e-03,7.697986716829859771e-03,5.501218270246939837e-03,1.032987648448237088e-02,1.056792595011572453e-02,4.976369680508603913e-03,5.498477264685846903e-03,2.808250485616255090e-03,1.937194637871645850e-03,6.482148016315289474e-03,1.250690912445303130e-02,4.275970884072133674e-03,4.909232375630412371e-02,3.079460743331741482e-02,2.406781574823191674e-02,2.564192559008443215e-02,3.733592092535480828e-02,3.263520824446231733e-02,2.002450974893836833e-01,0.000000000000000000e+00,1.804840115134131312e-02,8.019682119512092089e-02,8.611769578918040957e-02,6.115001741436224686e-02,4.876165117349132855e-02,2.336038584851132111e-02,1.307305959130159421e-02,5.071080588977129600e-03,2.882686347973095406e-03,1.212207343272463447e-02,7.468312036179845965e-03,1.452126981268569116e-02,1.212195423572072495e-02,4.951281003222289924e-04,1.342579543669476837e-03,3.859416441710970379e-03,1.583527276445847315e-02,2.191899771692644005e-03,2.722570203584202819e-02,6.745607090375424844e-03,1.513535581211782922e-02,4.206947822249857555e-03,1.018642178574876572e-02,1.454850881315654376e-02,1.079797518029835222e-02,8.530979061552547080e-03,1.269881893943030108e-03,1.662184117138138743e-03,4.947538306317058980e-03,1.048145520366822528e-02,3.154874532503172419e-03,2.062194151144266033e-02,2.135538715723707057e-02,4.909359971432224884e-03,1.783075975163738239e-02,2.206123246543005567e-03,1.032461595196055779e-03,1.512391017906684898e-03,9.308122361133564296e-03,1.213473349322820652e-02,5.834292347281734223e-03,4.449613301171364589e-03,3.657118683124188727e-03,3.336288062058754156e-03,4.898733540673267176e-03,2.056998328878601595e-02,3.615241097910225354e-02,1.896122785528098556e-02,5.175768465104178123e-02,3.165046741660086649e-02,7.993458906021428181e-03
2.954118523570798197e-03,2.215855968655731228e-03,6.427718444746948053e-04,3.313935193818983924e-03,4.477133323209888868e-03,3.443096001425619262e-03,2.870026624013541708e-03,9.849200334388671929e-03,4.733572556610999606e-03,1.016860154970574380e-02,1.270639813463565922e-02,8.368787722757453640e-03,1.520128610991929204e-02,1.396466922935978537e-02,8.699905186430963513e-03,9.841165698003301668e-03,1.782180477153811476e-02,6.243442179607774228e-02,1.119943648277559600e-01,1.804840115134131312e-02,0.000000000000000000e+00,1.469803854860360082e-01,2.020790142224354255e-02,9.840307818320570554e-02,6.255290958041870297e-02,2.685445141323023963e-02,3.422090987279565594e-02,6.966181275696197751e-03,3.033973234115432127e-02,2.318547083046921739e-02,1.367662414212120897e-02,2.146959467519037393e-02,1.745862707068833453e-02,3.642881839418361475e-04,6.351586604542324398e-03,1.765631818646174215e-03,1.914301494832193213e-03,2.214226515399106074e-02,3.444565177984352643e-03,8.825345088986403380e-03,1.253575392624082206e-02,1.685823611179438795e-03,2.528895659182583272e-03,1.073729047955879548e-02,6.822324135534914291e-03,9.525878616836212093e-03,7.304817368097664236e-03,2.066224821640398699e-03,6.928113051191354607e-03,2.862497204845055286e-03,1.082313894868108632e-02,1.280504176712834140e-02,1.477862758133963736e-03,1.990910550145618112e-03,8.670047612949972199e-03,8.679583214780600686e-03,2.131055054411050073e-02,1.367327495985111094e-02,4.185488191420546310e-03,8.647965408179482047e-03,1.205662077914841385e-03,1.601396435726645459e-02,2.215724917671392166e-02,4.887086246173955907e-03,2.845988453676264254e-02,3.488191385431779756e-02,2.920538580746229185e-02,2.700143816707761130e-02,3.285995223347113608e-02,2.375145915330162047e-02,2.576400998179611407e-02
1.568081197688032599e-02,6.314352249046595485e-03,1.843872685018267329e-02,1.229336762106399139e-02,5.696053303599942462e-03,1.490718166553075055e-02,8.056838076487998421e-03,9.313287923860451636e-03,1.327188189057623008e-02,4.654805170116032079e-03,1.135346377552295082e-02,1.373769929191764015e-02,2.065099932868835753e-02,1.805895592674693767e-02,4.721657845628256245e-02,2.294559856336223641e-02,1.648286741353881604e-02,2.283725268742183706e-02,5.203234337437089019e-02,8.019682119512092089e-02,1.469803854860360082e-01,0.000000000000000000e+00,6.345701565989494974e-02,3.149189797525228096e-01,1.373695617001788882e-01,6.654735645437957758e-02,1.585319430039766608e-01,3.788219176642195624e-02,9.451283642367519500e-02,5.965399882852687186e-02,1.450740530249077821e-02,9.066162003620939491e-02,6.734907067940326154e-03,3.708438728529824674e-02,2.010534853070131481e-02,1.393128239419396709e-02,2.029468315594571554e-02,1.012396835231583157e-02,1.250982826453363693e-02,3.548531655162839860e-02,2.649867442706140171e-03,1.595155739093127422e-03,2.064348446155309016e-03,5.322364325430603040e-03,8.740074495113346609e-03,2.816324808408067308e-03,1.393525318431190329e-03,2.726451849172735562e-03,4.690296282581175522e-03,3.410527866489902055e-02,1.038597863632257680e-02,6.477876265958887325e-03,2.267906576780507472e-02,4.710487301401308606e-03,3.565307411236103095e-03,5.137159204688814375e-04,1.017839205326556869e-02,1.556377128305059393e-02,1.878247931417449668e-02,8.483724695378813338e-03,3.030873402006387801e-02,4.959751669651319556e-02,4.685863819219625998e-02,1.789562431220795974e-02,6.634482402064295625e-02,1.671895599187791376e-02,5.843517821247815741e-02,6.788414830346893580e-02,1.656541230500903003e-02,3.820998248802807279e-02,1.595849226710531477e-02
