0.000000000000000000e+00,4.335156223560285293e-02,5.074948233221578120e-02,5.992214808246822122e-02,1.938047200991602215e-01,6.796893779851753692e-02,6.336539516387817983e-02,8.258648118674442873e-02,9.329012526261801219e-02,1.767162375994432710e-01,3.675333464489288771e-02,4.512516304180306387e-02,2.008611154833864210e-01,1.485212107434711881e-01,1.522406122771711653e-02,5.433299219126502128e-02,1.882335293647749153e-01,3.836605928773131197e-02,2.858386153365261376e-02,6.020868331851021715e-02,9.206098159348220789e-02,3.762837095968738638e-02,1.749937290049904601e-02,5.111685470054437574e-02,3.076927966475200699e-02,6.254114709700143993e-02,5.776474773084595143e-02,7.185110558687371474e-02,1.314940450214552477e-02,8.149492328326698662e-03,6.845067411092088661e-02,3.138543889730904812e-02,2.618847223529411142e-02,1.836609827160312625e-02,1.374871279654767305e-02,4.430794179982772835e-02,3.555584482307570793e-02,3.191143604496649022e-02,6.171581450946339933e-03,7.304362940702659873e-03,1.020851178941159162e-02,7.891116330443695079e-03,1.087869576202065217e-02,4.959616356638260615e-02,9.813448678300324551e-03,6.871988407403553482e-03,2.059066672517450170e-03,1.104891778375759540e-02,9.660541727431042405e-03,1.423603253641224364e-02,5.133427031265384854e-02,4.232812929145423481e-02,4.758603654505921821e-02,5.533667868430249513e-03,1.272107702898263859e-01,3.584491870920542694e-02,7.715634092950238165e-02,3.587512178406122854e-02,9.325074159443628996e-02,4.549375660809301669e-02,3.873454549663465224e-02,7.498108578148929282e-02,2.257704411326975913e-02,1.042787953730604372e-01,4.708864453882461235e-03,8.179385912406254844e-02,2.796611743490660246e-02,1.809653799515800743e-02,4.174286195972511104e-02,1.036266950245471469e-02,7.320648615790488478e-02,1.168780960425178442e-02,8.171059935081223524e-02,5.299582816392389012e-02,2.678861085687313584e-02,8.963028354854081503e-03,9.534010150878026446e-02,1.777196479463914389e-02,9.192087303854446639e-03,3.603072773966941450e-02,6.366203274843847126e-02,1.176704707615679364e-02,3.055986245899982093e-02,8.854099755850429465e-02,2.426765699953458560e-02,9.068528930263997090e-03,3.999670708010921727e-02,4.044489511862322390e-02,1.496055210816566415e-02,3.813139054386648769e-02,9.583114955640981147e-02,7.247048095834007775e-02,3.879572466865521124e-02,2.827569434356469805e-02,5.082471304061120243e-02,1.255967230761087169e-02,2.184940194283866571e-02,5.336741126600776097e-02,2.292368179851257508e-03,3.290075348491801333e-02,1.742177967854755677e-02,2.036697337757728543e-02,2.659376951876363075e-03,1.552431051993581612e-02,5.089623571313336634e-03,3.472041485383000649e-03,1.326534233248312725e-02,4.615563090681791547e-03,1.603719216864433941e-03,1.097889622524661490e-02,5.381797704890389777e-03,5.224377896677288163e-02,6.139693755985669785e-03,3.621799283627393645e-02,8.757172771849246543e-03,1.037531746177380344e-02,7.771105441939518341e-03,1.203351293774847057e-02,7.455321472943108284e-03,1.505367406726089256e-02,6.953509310724823034e-02,7.024966269239787953e-02,8.941919433241213300e-02,4.360949607065136430e-02,6.673391691989982721e-02,2.167248912328165189e-02,8.012031815949743896e-02,4.885596078714510293e-02,3.316041169554627410e-02,6.964169016897563125e-02,1.559307153855598281e-02,4.302962067911527549e-02,8.626475436166665400e-02,2.011857922309678859e-02,2.212009271014985651e-02,1.512063024525110710e-02,2.050757361393974049e-02,6.502865568205341319e-03,1.901512672182865266e-02
4.335156223560285293e-02,0.000000000000000000e+00,4.662219191645221583e-01,3.744959419254380029e-01,1.488442047393104539e-01,2.005213907861248812e-01,2.198541240244308859e-01,1.939378302013862465e-01,1.653044612399411084e-01,1.898888746224822177e-01,1.460132282112582280e-01,1.636951639694710914e-01,2.756739818069361414e-01,1.537487419226410690e-01,3.232246611734272690e-02,1.905241830145530113e-01,2.190901089060532381e-01,1.066966365903989217e-01,3.216731528205080126e-02,2.193387240464914345e-01,3.575585133392793907e-02,1.088291974763360564e-01,8.066402362454018482e-02,1.401136465287735056e-01,2.462977438222619872e-02,6.411645486996622734e-02,1.371616201072205499e-01,3.298744058976257193e-02,7.823978001317373476e-02,3.335934702923528533e-02,3.275613755965220419e-02,1.463646151871116768e-02,9.153057330434149694e-03,3.712093448797918610e-02,3.385524107052068771e-02,2.472154291261515965e-02,3.533774199996037035e-02,4.628866900300222798e-02,9.337080718738769228e-03,9.448335330604636095e-03,9.781924578768863565e-03,2.802641858771437108e-02,9.740181662376483362e-02,4.184539402606152897e-02,3.822963980119636895e-02,2.924916247205579939e-02,2.370086601503767782e-03,2.468870917488337827e-02,1.988762381997627102e-02,2.554973854491461929e-02,4.392732386143426149e-02,7.587353278683184321e-02,3.094906197703593126e-02,3.688258737951109062e-02,4.058109770144167211e-02,7.835777277174908739e-02,1.228250102017066497e-02,7.680514260560743212e-02,4.594228701685272587e-02,4.145190523067836252e-02,3.677061189388727142e-02,3.757840285044466294e-02,2.987969124508371710e-02,1.890609864591457495e-02,3.707621355543608277e-02,1.486524758773439918e-02,3.011366621712755973e-02,5.003013984993022467e-02,5.265700480115149268e-02,1.455036180620724318e-01,4.023856429820492353e-02,3.485200462459803888e-02,2.638216177743363949e-02,8.424530474209636355e-02,1.715941873658617667e-02,2.413678953895414050e-02,5.540909313639392347e-02,6.270439743061799465e-02,3.367722295027807816e-02,2.440491478304022618e-02,5.747691552407077631e-02,2.989214232291493439e-02,1.326445744234032789e-02,2.285531176989710408e-02,4.287761838741371151e-02,3.133185846394186819e-02,1.497953037700532931e-02,7.511123701030746058e-02,6.733794213659203588e-03,4.849332394720885092e-02,7.214304117513724302e-02,4.775367152925353437e-02,3.918781279496466596e-02,1.487487139393429622e-02,1.229340824664872621e-02,8.610607921631156098e-03,4.302588352878033290e-02,1.805170395115068133e-02,2.887092115893737793e-02,7.637737200339194364e-03,1.670603523065163423e-02,3.213837153102736682e-02,7.432185414857231040e-03,9.936531940986315092e-03,3.291865938735813457e-02,4.503028152504417146e-03,2.068865744671809920e-02,1.089089971189435846e-02,2.238299694008299978e-02,3.196081190746543482e-02,7.034017187202983197e-03,3.356745474084255054e-02,2.893883901675668377e-02,7.258315965854438521e-03,3.814461867227732228e-02,4.563000906211289731e-02,5.466464246051060127e-02,7.194690386675889338e-02,9.013183956370714525e-03,3.968569224521721443e-03,2.327648318260390828e-02,5.463234395083125909e-03,2.834734839243073165e-02,1.356381025609713215e-02,3.194821455569125251e-02,2.542108580490750475e-02,4.411382246316668948e-02,2.112725176822527820e-02,3.235522611752127825e-02,9.967945301564457017e-02,2.105757325760528390e-02,6.109816891731051358e-02,7.817333894342665124e-02,1.474628587807640286e-02,7.438055761987071024e-02,9.867954421578187252e-02,5.973800989167002418e-02,3.791192530401282096e-02,7.768337847952787312e-02
5.074948233221578120e-02,4.662219191645221583e-01,0.000000000000000000e+00,2.560352491933209906e-01,3.794880994665962293e-01,2.166059830192351709e-01,2.627916980908691635e-01,2.685084762976797101e-01,2.316095133972667364e-01,3.415013797694324005e-01,1.789994588955979848e-01,1.615435163553269882e-01,2.307163815615027314e-01,3.279096621457170402e-01,1.346025705526818494e-01,9.922071503713425500e-02,2.953517146584614395e-01,2.019093838636422389e-01,4.456540353080318956e-02,1.186768618651764112e-01,2.913054519106905160e-01,7.613837895017509794e-02,2.235642526789342888e-02,9.309231179354192365e-02,1.565419549695896140e-01,4.164480383022163557e-02,1.125713493603928278e-01,1.193253725336802656e-01,7.478236784806141513e-02,3.322828902983195054e-02,5.661052584666086823e-02,1.794722223922113821e-02,4.016466627215527219e-02,2.206946386136285007e-02,1.537152960953623755e-02,1.841902989660246931e-02,3.924656882729264662e-02,1.494322910187378430e-02,4.567006461399864686e-03,1.547337379929385193e-02,1.592308024177266010e-02,5.132299859767600753e-02,2.888863025952296062e-03,6.032373443092210047e-02,1.196072793542539599e-02,7.183904818012272139e-03,9.692307900622143535e-03,5.062572845038472436e-02,3.238608587652489629e-02,1.985889431819194348e-02,5.472510092206068349e-02,6.729199714429230650e-02,8.973813571810033973e-02,1.808135272770340640e-02,1.459068037802806750e-01,4.237643915938350131e-02,1.728563485935337984e-01,9.566907718555155843e-03,9.848452271216347198e-02,8.118243773477053227e-02,1.013420334962344682e-01,6.114895890016900509e-02,4.225960182066852006e-02,1.401979293128222115e-01,2.608617490424177190e-02,8.377043508445634890e-02,4.515337012782564413e-02,1.078005970887786769e-02,9.916036643896711245e-02,2.850755709833203977e-02,8.852243912347593224e-02,3.771900068838048709e-02,1.136746734736118203e-01,1.178120624643515593e-02,5.995416175028685929e-02,3.087351224990516479e-02,1.242818708559544766e-01,3.907442106653449820e-02,2.137707690548493536e-02,9.650482774881860570e-02,2.946751295077809987e-02,7.555950411379172560e-02,2.143848676336289685e-02,8.694083501403181147e-02,9.048646724202798891e-03,5.099431011077763809e-02,3.095944733456397133e-02,4.064055157209312680e-02,1.854255534391435756e-02,1.997848747171600270e-02,1.028282725980067119e-01,8.329114178105692656e-02,7.305611473325868133e-02,6.655916956161521403e-02,8.892017292518276939e-02,2.863501804619198593e-02,4.493342506902035099e-02,4.285693232378361139e-02,1.178850285647429184e-02,3.154786151504210268e-02,1.877990275880995694e-02,1.335345820618759859e-02,2.255514624550607541e-02,9.878339185982645820e-03,4.559193102177257553e-03,3.571154760877417057e-03,3.482089264483182595e-02,5.716956484928772085e-03,4.834050125376402295e-03,1.869994079981917787e-02,7.798233408333161455e-03,4.447834448523707573e-02,2.096132833236305504e-02,5.633422780382810885e-02,3.884003627793529857e-03,3.810774723991635499e-02,2.359414914267530042e-02,2.801813399450098219e-02,7.532493303593274132e-03,3.080030304973315619e-02,8.011482875048210606e-02,8.558429852250799830e-02,1.027265961579709036e-01,5.466303276347232037e-02,6.340103594265743270e-02,3.985495904344240475e-02,1.047886670173407836e-01,3.674853349921437806e-02,1.040262758086947931e-01,1.085190961883684829e-01,1.965752173614009057e-02,4.167952964761120066e-02,8.200262485528213297e-02,6.766777077048366507e-02,5.091723703757326802e-02,2.324776923074636098e-02,3.753142257491447892e-02,6.201829917850325107e-03,1.545999451635624369e-02
5.992214808246822122e-02,3.744959419254380029e-01,2.560352491933209906e-01,0.000000000000000000e+00,4.448107698399557108e-01,4.355124468191387543e-01,3.155171937829074902e-01,3.054116903350692080e-01,2.869974038896659363e-01,2.473956920077817756e-01,3.927557608097453912e-01,1.967353664777954647e-01,1.029567254061281162e-01,2.174471161798255670e-01,2.648816900609609615e-01,9.140833212181001532e-02,5.393421225865509261e-02,1.806428269718531043e-01,5.794141475958196341e-02,1.068024385547945709e-01,9.057689196394094755e-02,1.025053042027606193e-01,3.596220002944430089e-02,8.142001186765192300e-02,2.974781849853714091e-02,8.737016803372174567e-02,2.451879440941527946e-02,2.841059541459226359e-02,1.227674305585332998e-01,7.152055683777119865e-02,3.945413626362623966e-02,7.086030671889489985e-02,2.480684013240698829e-02,1.606020695198363823e-01,4.881369993876914087e-02,2.304829756768777410e-02,2.479613967106657907e-02,1.960543340547320212e-02,3.135182397063597092e-03,4.693256006932805535e-02,7.327125189246555537e-02,3.056702105157482405e-02,4.109943988599092102e-02,9.936207657452515024e-03,3.720412557677720694e-02,3.850802739208039616e-02,1.102343113593705522e-02,4.043239519331308547e-03,3.207637198525465499e-02,1.000063224525591932e-01,9.625239309502650609e-02,2.886485382369848376e-02,4.488620300220690779e-02,2.127624196717186889e-01,2.319309717917881000e-02,7.396169065826922739e-02,6.394825154711521187e-02,1.056907229900286432e-01,4.300080337150997273e-02,3.760632225751886493e-02,1.473949080574143977e-01,3.493321089642352495e-02,6.282861749861978762e-02,2.099598943621438715e-02,1.404548545000408044e-01,2.517052991737495082e-02,1.502258461251585776e-02,8.007378013678678741e-02,2.352898656743975317e-02,1.070361611171541105e-01,1.869918614887037048e-02,6.240537678033694635e-02,2.232528835869751482e-02,5.766039195608933798e-02,8.423865513773508978e-03,1.098119225833398133e-01,1.472077943798457550e-02,7.156871609789398903e-02,3.983592951056273701e-02,4.583272588221623534e-02,1.009112996875648760e-01,2.596492027412255349e-02,3.971242658954665661e-02,9.858390184959271718e-03,8.868111608795714584e-02,2.049327869327277271e-02,3.639796763467134655e-02,2.070220888289762626e-02,4.249365244362768995e-02,1.546386176791051358e-02,2.776082043650199976e-02,6.136614500710547287e-02,4.168297592830643578e-02,2.450838016090803664e-02,1.525670117029272708e-02,3.738725952123718443e-02,3.104157334342956542e-02,8.428793602492224910e-03,1.133325435602546005e-01,4.186866307848826491e-02,1.176031832548020233e-02,7.076439120422280127e-02,1.620273741223361708e-02,1.061015338592875487e-02,8.243574023911311166e-02,2.390303822075789605e-02,5.535617327146125782e-02,7.335208302269934089e-03,2.000906145268177908e-02,1.237580210431919736e-02,3.714945077634815296e-02,2.331055829285592559e-02,1.115548898659998733e-02,2.680933641557341901e-02,3.351455522592700076e-02,1.225861034956048437e-02,6.795181085550131006e-02,1.864930894076510803e-02,1.559544732557580950e-02,7.365775776359076432e-02,2.498151239825940548e-02,3.470655858505724417e-02,4.014837986645625190e-02,2.935155191146781098e-02,6.432579372035317211e-02,2.996091890302629568e-02,2.950864642223634607e-02,2.768145824982133629e-02,2.781935385895914492e-02,1.182170758817993085e-02,5.111313474320260120e-02,3.265251404641981298e-02,6.530883501543463532e-02,7.200398310400842050e-02,2.368872057783273644e-02,1.839324728323184915e-02,2.160347247427832351e-02,5.750717225290809254e-02,2.766762264175345095e-03
1.938047200991602215e-01,1.488442047393104539e-01,3.794880994665962293e-01,4.448107698399557108e-01,0.000000000000000000e+00,3.102319229886421059e-01,4.189126287121048842e-01,2.274568099687106770e-01,3.161260128560599569e-01,1.318158312497062779e-01,2.086788321256255185e-01,3.540851656931284230e-01,2.314597864347827105e-01,7.616252084845596959e-02,1.776060397267185398e-01,3.692422426300766558e-01,1.791705701260938866e-01,1.429110808747883765e-01,1.794194866364591523e-01,9.182928300273972277e-02,1.543435801147841901e-01,1.104710248770707920e-01,1.360456911635693489e-01,7.561183214395865437e-02,1.959900855091853411e-01,5.929899686291928429e-02,1.043922947086685371e-01,1.455171078004266205e-01,8.808852448325843465e-02,1.022374641212571711e-01,6.649772314467142231e-02,1.156533021292016350e-01,5.636695444959283208e-02,2.796753562757755759e-02,1.783145878355917383e-02,6.131073160296191156e-03,9.296449044839223685e-02,2.068937061773079567e-02,5.001665374925606117e-02,2.386385046680380290e-02,5.317319404721693697e-03,8.180850355056475121e-02,4.327111426385287646e-02,1.060842099171679792e-01,3.724673128776417180e-02,5.614152057400014634e-02,1.841514415577296532e-02,8.746153380590163118e-03,1.037047028789162689e-02,6.025353220318647660e-03,5.636396047202163473e-02,2.363187480235356963e-02,1.571017208721540714e-01,3.775330753932174682e-02,8.531472755084273940e-02,6.909887576283420263e-02,7.595670129899392831e-02,6.130658823579266531e-02,3.578560980818764475e-02,1.861718895253587913e-01,3.264162968176478191e-02,8.139588583937171218e-02,3.055598565803561636e-02,1.291801374903545352e-01,2.563393330965115999e-02,7.242831340178226829e-02,1.510010547104072842e-01,2.465584747866742671e-02,9.160602475480578155e-02,5.969501518325869005e-02,6.237597963900310544e-02,3.352564335970457943e-02,5.384653014880567273e-02,4.927685236441507050e-02,1.546462800529413706e-01,2.400414012397833127e-02,2.608108514515497176e-02,8.157229650040749569e-02,7.287591011280844522e-02,5.781351648128935788e-02,2.415980093065208528e-02,1.380283792602917670e-01,2.759807027221067993e-02,7.464141109264132989e-02,2.498120855365494261e-02,9.523950789913127046e-02,2.589908914407412777e-02,4.334846267401779030e-02,5.497942778435783995e-02,1.112395036679181964e-02,1.118774637496867952e-02,1.858185583052377951e-02,2.489908765233723661e-02,8.864138070430861369e-03,3.610693159403504521e-02,1.838230396794771765e-02,2.381428888429370713e-02,3.517949050288496360e-02,2.376082820344316282e-02,1.453766349527784406e-02,1.925157895718538487e-02,2.885118977807081542e-02,2.949444353254093362e-02,8.365667883291386456e-03,2.962649710429613933e-02,3.417591941070046574e-02,4.214408153930561396e-02,2.211213671582386991e-02,5.654573835809213744e-02,7.309914366462340329e-02,2.065276195749634822e-02,2.248057255802521359e-02,6.491910783500422222e-02,1.314954110345714633e-02,4.366738079153946461e-02,1.963935827222523106e-02,4.480620037405224493e-02,5.103051993113609519e-02,1.456689570749467207e-02,2.525804126767795810e-02,4.427386904470038964e-02,1.082121805521684028e-02,1.713653366180816276e-02,8.493374517018895120e-02,7.094944396905172868e-02,5.558102129003059805e-02,5.259193239017645460e-02,6.044537967129325062e-02,3.633577263203740387e-02,7.482044906672813411e-02,3.184323581846024848e-02,4.708965290760434158e-02,9.442278674257688353e-02,4.113269634023947879e-02,7.906586698094415777e-02,3.370811793793827837e-02,1.075830099264970391e-01,1.249753461478189318e-02,3.625020083637423701e-02
6.796893779851753692e-02,2.005213907861248812e-01,2.166059830192351709e-01,4.355124468191387543e-01,3.102319229886421059e-01,0.000000000000000000e+00,4.742497649899717893e-01,3.943889767389361922e-01,2.722947430157667825e-01,3.142061564926480477e-01,2.064934074290964705e-01,2.317611324522836358e-01,3.150162719614906237e-01,6.853576901276071942e-02,2.087291463201536301e-01,7.941551902819042608e-02,2.750987293419361324e-01,7.034038711229924357e-02,1.289565805095608253e-01,1.548341443382982296e-01,6.697903172996071131e-02,1.287735619420869726e-01,1.140995099361085674e-01,1.108184523463877913e-01,1.036015964681755025e-01,1.511995665557072099e-01,6.220841889957295923e-02,7.478744275439283551e-02,1.379234354811485486e-01,7.393239728740436112e-02,1.302442131105199519e-01,1.426309329394370197e-02,3.327997995861359942e-02,7.066133055013074094e-02,4.020598982297970622e-03,1.458507026229184655e-01,1.325313373581668563e-02,6.203787243485626296e-02,1.653172135838528248e-02,1.339379861707230661e-02,1.409157283014046518e-02,1.467828435726538892e-02,7.461836767873934739e-02,3.835316935915755732e-02,4.461564241168858996e-02,5.499649457016454746e-02,1.104380142220653775e-02,1.564544780334976848e-02,1.794681888695812133e-02,1.688135804708977908e-02,4.539107054436655048e-02,7.991997170613474033e-02,4.132010726796406935e-02,2.870557561847064676e-02,6.703166803019068587e-02,4.826397940546058724e-02,2.629195707628537507e-02,4.154247438709306878e-02,9.516474080299427984e-02,5.339183067209767042e-02,1.565993085485542502e-02,1.348505672098286867e-01,9.016635787642270083e-02,8.792384917597729013e-03,4.609334553574647581e-02,8.961051830394349549e-02,3.611427877509131718e-02,1.082619901211159946e-01,7.076674724819574658e-02,5.712047138150463943e-02,1.153071742661191668e-01,3.511809606677233214e-02,7.791826002278125218e-02,1.556607308121592814e-01,3.843812543951460881e-02,1.391577138482228901e-02,9.690659513122393265e-02,6.232907083512081309e-02,7.151588666644063952e-02,1.483904359243814683e-02,8.862653331494804720e-02,2.778145332643161894e-02,1.446170651171763306e-02,3.372192856384054888e-02,9.015148638659525870e-02,4.211580913117594915e-02,3.757175723181185867e-02,8.291538823192033669e-02,1.956093302825293728e-02,3.496333675307528033e-02,6.682063220291944994e-02,4.824093699231657428e-02,1.997973148345920380e-02,1.152202071432361502e-02,2.256455840625784179e-02,2.441461354712781695e-02,3.340885469277878744e-02,3.521299837542834349e-02,6.918288273517497755e-02,4.626993544067791592e-02,2.200965446692432215e-02,3.441633871801780958e-02,2.092605253893035921e-02,4.974517386300479627e-02,1.078123269685179325e-02,1.607322344915260159e-02,2.826370506633616234e-02,2.525455679006830337e-02,5.011004882645344466e-02,4.403188342736512328e-02,1.339926019601225295e-02,1.207914820891668878e-01,3.105500361316865937e-02,5.069330055803203394e-02,3.248365329492933912e-02,5.901560837822958372e-02,5.195675852716005738e-02,4.359760032059049883e-02,2.936468367277431102e-02,1.553936450701116391e-02,1.785724375391583088e-02,9.978771471929499814e-03,9.766601359185424214e-03,2.022727624944211863e-02,3.880202443590041045e-02,3.942422913855322258e-02,4.523981867434368614e-02,3.711872861060973305e-02,4.827124988218279428e-02,1.008533368000101155e-01,2.086678295792976714e-02,6.104111428065443767e-02,5.342075796597593046e-02,3.664712849953678103e-02,2.159230752602422226e-02,2.329728793357172326e-02,3.967264349722310346e-02,1.877214897336467597e-02,2.365289433711180792e-02
6.336539516387817983e-02,2.198541240244308859e-01,2.627916980908691635e-01,3.155171937829074902e-01,4.189126287121048842e-01,4.742497649899717893e-01,0.000000000000000000e+00,3.094861905959799264e-01,4.306489570643903253e-01,4.033985334453096816e-01,3.657945054128818874e-01,2.535502922031630524e-01,1.470657116077661586e-01,3.841903797220703742e-01,1.969183719109698916e-01,2.279294623088192195e-01,1.399208804398696937e-01,3.100103222388554958e-01,9.280856797030473393e-02,1.942490863569751591e-01,9.180121599673676802e-02,8.471423474782886764e-02,7.816716125407843774e-02,1.043411051948414381e-01,1.335086437191231323e-01,3.611790084659559363e-02,8.248274374270125886e-02,5.042857119426187584e-02,1.230981413439134475e-01,1.101733419272192364e-02,3.007756748445699485e-02,1.670798064918458444e-03,3.067327695462340742e-02,4.459691444370821045e-02,8.969893850813896383e-03,2.794281326959043368e-02,9.401072836911847364e-02,4.186883809543632401e-02,1.761089252110157113e-02,2.952977905760579072e-02,6.578833191715850737e-02,8.779447059694517330e-02,3.270206193726231392e-02,6.804614879012843565e-02,2.644392295021562658e-02,1.547563349614062937e-02,1.406431457033920605e-02,4.527588034637353848e-02,1.548242345721373425e-02,2.171852852430944392e-02,5.280021681574492351e-03,5.764249382060932653e-02,1.453011836989602512e-01,1.114187084169470376e-01,4.482755884745660141e-02,6.432959240648532251e-02,2.089916500499203467e-01,2.022365306699570528e-02,1.296373915497523177e-01,3.741153138283744711e-02,1.748623562807316845e-01,3.543390942681082234e-02,1.091187560584649802e-01,1.187112610681398117e-01,6.280875175402916843e-02,5.437599194091869564e-02,7.053567839394289662e-02,3.152342531669809211e-02,5.520032910960086941e-02,1.801012245733702721e-01,9.087750761687732326e-02,6.901164306442177099e-02,1.036491892237639684e-01,3.141655188954984440e-02,5.056492712098609871e-02,1.030300214551655991e-01,4.850795423534293160e-02,9.948090959863704896e-02,1.760900188293304872e-02,1.129840876677794259e-01,4.104643669137490736e-02,1.196724005911269928e-01,4.700133162523095071e-02,3.349551188057259266e-02,7.632723190483023390e-02,2.192783196415074715e-02,3.533865177441126992e-02,4.247276761831689229e-02,5.452753472215398495e-02,2.035540738410343206e-02,5.780988683834883263e-02,7.125849194969746669e-02,7.390150595749053752e-02,3.768729204999148735e-02,5.964902694516448917e-02,5.723759421909170586e-02,4.553845454534593412e-02,4.300302398692122663e-02,9.817993437314420646e-02,3.104113416354821117e-02,8.873505381673564563e-03,5.345980828402735474e-02,7.560781630575504932e-03,2.593316635374067619e-02,3.290291878391313207e-02,5.739753121395510180e-03,4.152106162224161734e-02,5.571839768818472732e-02,2.641879784804472553e-02,1.327093298460910870e-02,2.775750057891731779e-02,2.699256566195384899e-02,2.196192818733446253e-02,3.500504346863358984e-02,7.733938019403173436e-02,3.860664384011022049e-02,3.593863425725718486e-02,7.988746771223835530e-02,5.035483766142796053e-02,6.480773235301953705e-02,5.894966583273356792e-02,1.028615051656030649e-01,1.058486469526753460e-01,7.634911300626957831e-02,4.531724430378350488e-02,7.444185683709343693e-02,4.581264564974704689e-02,6.505375397314507036e-02,9.565342367299084492e-02,7.129347253895924885e-02,1.560580062353740874e-02,3.163852174833861608e-02,2.148300514073725812e-02,1.052659995750579031e-01,3.327956958991343250e-02,6.559343417128192522e-02,4.266684811316014125e-02,1.881162889949718545e-02,2.164722992938375098e-02
8.258648118674442873e-02,1.939378302013862465e-01,2.685084762976797101e-01,3.054116903350692080e-01,2.274568099687106770e-01,3.943889767389361922e-01,3.094861905959799264e-01,0.000000000000000000e+00,3.166521512473193245e-01,3.811889548046029641e-01,3.211037370328725937e-01,3.597513030776722243e-01,2.949500313248212269e-01,1.965114893621077718e-01,2.982581818186617606e-01,2.360763050376492866e-01,1.595680775242499239e-01,1.320992386318729228e-01,2.821229420271403887e-01,8.513840806065674227e-02,1.056972505833297521e-01,8.648989204870437264e-02,1.896192417710773903e-01,1.044271244816405153e-01,4.381343338311158991e-02,2.260244228239214614e-01,9.445287577960176373e-02,1.313133448389431912e-01,7.532667884767391131e-02,1.954714913308280844e-01,4.776693088673335252e-02,1.064482157455667183e-01,6.893307898943074052e-02,4.285188440550136840e-02,8.836897559702099059e-02,2.917136873063264774e-02,1.268890141730227329e-02,1.856587500779513381e-03,1.751360566625743964e-02,1.789271352299572418e-02,2.462878875299192444e-02,8.229176763782536722e-03,4.606258994442523347e-02,1.401299360734967712e-02,3.313479690786311910e-02,1.949165210705369397e-02,2.139314826853538562e-02,2.772617206438739851e-02,2.810136442661509762e-02,7.052998774122193337e-02,1.462183773350023974e-01,2.136191158516514282e-02,3.633485162759585857e-02,8.228412531903275817e-02,9.222435285475807931e-02,9.137684950180395560e-02,2.077625009135030190e-02,1.543173432368234455e-01,2.976781270397119844e-02,8.053289567764483625e-02,5.906088522626468801e-02,1.782458863283253592e-01,2.781181479971948228e-02,3.567405703409829570e-02,9.852813049957007130e-02,4.187599197590555905e-02,8.083534677567391635e-02,7.395770712696660143e-02,5.928556386583216237e-02,2.964371086703217889e-02,6.036114010385409956e-02,3.262145804365615409e-02,2.409656731190964671e-02,3.575519254877992242e-02,9.599277509400751252e-02,5.856470833919486668e-02,9.156720540692521448e-02,2.046520359294659933e-02,1.529041515376592664e-01,1.043679656967761056e-02,1.100058903876860172e-01,5.697193839359827872e-02,3.876303486135693893e-02,6.697812799583703625e-02,2.220833541978664213e-02,1.212853023642257791e-02,5.654587100669820898e-02,1.862073089857527522e-02,1.865080458561673912e-02,1.295701368683194708e-02,2.493747507059587004e-02,6.743454641539661093e-03,1.454171231889592533e-02,5.279304009853678925e-02,4.885204770547010508e-03,3.637456969664249612e-02,2.600631454342032869e-02,6.424292487688346154e-02,6.380467019155421082e-02,2.397664555498597513e-02,2.023345858807440792e-02,4.934163165858379552e-02,3.140007628519997374e-02,8.660865938885766238e-03,3.320182226475021370e-02,1.706757677679776597e-02,3.374504884918601288e-02,1.108517946948539556e-02,7.417196086943346651e-03,2.383442038173069766e-02,5.457886776817592357e-03,2.561786367229610360e-03,2.791549855048651441e-02,2.017994748337816405e-02,4.380218138769030600e-02,1.090357312098792220e-01,1.239236406253824002e-01,5.015268376420162905e-02,4.778251446125739155e-02,8.606724470805583727e-02,1.116974101932892947e-02,5.395968472227113955e-02,1.868123491274172737e-02,6.841426206718945191e-02,6.597590959664388632e-02,4.343546696534895946e-02,3.192810862358099605e-02,2.043294751437009504e-02,2.575072811410871951e-02,8.065647346517690330e-02,6.011911232691293655e-02,5.028316675208990838e-02,1.397908254080661716e-01,8.968268914715221696e-03,5.460034521589077899e-02,8.907652602155716193e-03,4.731147121059520178e-02,5.277207029546979872e-02,4.945223834094349472e-03
9.329012526261801219e-02,1.653044612399411084e-01,2.316095133972667364e-01,2.869974038896659363e-01,3.161260128560599569e-01,2.722947430157667825e-01,4.306489570643903253e-01,3.166521512473193245e-01,0.000000000000000000e+00,1.708573019070421806e-01,4.342941963215327661e-01,4.340883124497417755e-01,2.978901879055357305e-01,2.413633116146286783e-01,1.897391886064873634e-01,3.516325789200857033e-01,1.860929623844733427e-01,2.914851996426401914e-01,2.002844633059258084e-01,3.539252974477183900e-01,1.292510179873033738e-01,2.147500017376912373e-01,1.944620784698749272e-01,1.390105137559621284e-01,2.004449467028276977e-01,1.285545415141215175e-01,2.918632223832809958e-01,8.283850672205796128e-02,2.609833297232752591e-01,8.913021271281221236e-02,2.574505926320013946e-02,2.456958994756526862e-02,1.902255250378018583e-02,7.164925215822356974e-02,3.592211475422740080e-02,4.826266561358494300e-02,8.409067874822347133e-02,2.039900391081244518e-02,3.637936606884443341e-02,1.229867182823249187e-02,4.471396196764051978e-02,8.097820553786094777e-02,9.848497270828514283e-02,1.190536491406005565e-01,9.558581729334686417e-02,6.140707149346300714e-02,3.908486601795047900e-03,2.338225136064276538e-02,2.223735324118759557e-02,2.455819445310413601e-02,5.137639494889965214e-02,1.009769511814922055e-01,1.987053464822904902e-01,1.140495002545459935e-01,6.444328650002729975e-02,1.751699725036497124e-01,1.577714277418671152e-01,9.894433372751852696e-02,8.941265659853656067e-02,1.603988934507092623e-01,9.667568348932746580e-02,9.426694551057213101e-02,9.033727914633722655e-02,8.636708345033577983e-02,1.064714874390015609e-01,7.355937542046517286e-02,1.141530685535714490e-01,8.368482617215493302e-02,4.727531022725203758e-02,2.918626598473059164e-01,4.293741637093635016e-02,1.474090718426971647e-01,5.498301425289675581e-02,1.230846118422636998e-01,1.190869730790966585e-01,1.122813847315411590e-01,2.053845045044165596e-02,1.915371828158865530e-01,8.527542037911681194e-02,7.048021589963808509e-02,7.300442806846636767e-02,1.835609451230930667e-01,5.700638807788903362e-02,1.379416255506825048e-02,1.509988229320085029e-01,1.168802997368614260e-01,5.454475457736676115e-03,1.087033378357886437e-01,4.774255102026284114e-02,6.723913462822449227e-02,4.422188464787389639e-02,2.463852602011238485e-02,1.766354139936010884e-02,6.671319480626753881e-03,7.661733349286849008e-03,4.756585127237421273e-02,4.371353740514641317e-02,1.330305062862083970e-02,7.414424620522279408e-02,2.542980862730831459e-02,2.420987136301331125e-02,4.395025425203633040e-02,1.514796415074691135e-02,3.028920418500901518e-02,4.491376872254045777e-02,2.273975593212758731e-02,2.338286717228934761e-02,2.607710253157729044e-02,5.020534941161285125e-02,7.937168540890886248e-02,3.700644165759274518e-02,3.183057597907509167e-02,6.160202494375215110e-02,3.773494458445454669e-02,7.191622871174208065e-02,3.842451318615845018e-02,6.579665694541621257e-02,4.609435951905058171e-02,2.635943341599370979e-02,3.685308194932426090e-02,2.704724973260344556e-02,4.095724418440647996e-02,3.358265387749279074e-02,4.520464769781602776e-02,4.929592038882516652e-02,5.155059335031077911e-02,1.479140510067995275e-02,6.713091980695289063e-02,4.413482585749668730e-02,5.117812430507300697e-02,4.571954154216683469e-02,8.858622219176252865e-02,5.103254655398402340e-02,4.161563910530650251e-02,1.000617573388744852e-01,9.603944415143901570e-02,1.543327569247339159e-01,3.378224914974029686e-02,8.036901680075278498e-02
1.767162375994432710e-01,1.898888746224822177e-01,3.415013797694324005e-01,2.473956920077817756e-01,1.318158312497062779e-01,3.142061564926480477e-01,4.033985334453096816e-01,3.811889548046029641e-01,1.708573019070421806e-01,0.000000000000000000e+00,5.454037584904755098e-01,5.118796662931343056e-01,3.849006425661313235e-01,3.337900797409636966e-01,2.601065027029664245e-01,2.528800706004731835e-01,4.374682309295155891e-01,2.379946025034714308e-01,1.258891336825499474e-01,2.474873539912278708e-01,3.740648006498986100e-01,7.250395050080794823e-02,7.472752716836544851e-02,3.005319880205972183e-01,2.031532039177050553e-01,6.309247370068450655e-02,1.391166845939226793e-01,3.435712616958908061e-01,1.781938479966074240e-01,4.320087648031628591e-02,1.414532979111401134e-01,7.467972869594778629e-02,1.123212967063091233e-01,4.348472983515087181e-02,1.431432322764674553e-02,7.866536026761349054e-02,1.007078991735889800e-01,2.019865198015454930e-02,8.882005463090396000e-03,3.131523265582080578e-02,2.300964369387236211e-02,7.771950210282112248e-02,1.619952165383656273e-02,4.645665410834260572e-02,6.063281463279120154e-03,1.529222125116644002e-02,7.284756968438325063e-03,2.410784509401886141e-02,2.253043876769712101e-02,1.545017062990253383e-02,7.139775066731930686e-02,1.327996773699485211e-01,6.772892480172612584e-02,1.276506911445635627e-02,2.165361644912419947e-01,5.089723643719701318e-02,1.135997218640061451e-01,2.779395560550501978e-02,1.996912655851225959e-01,9.162971806639955141e-02,7.441282236123579474e-02,1.336869591458590689e-01,1.158943880547799316e-01,8.639132656767903318e-02,1.323046481625560211e-02,1.632763832175870566e-01,8.621542586166386357e-02,2.102079949862223004e-02,1.981536174350525259e-01,7.076818438741415418e-02,9.123158812926214500e-02,3.597933371255827850e-02,1.722094915626840306e-01,4.977447756230914816e-02,1.088292849965452891e-01,3.744633073996932876e-02,9.987385267635719155e-02,3.149926160854519402e-02,4.671924317979288255e-02,1.248111486545757653e-01,1.038829081857584186e-01,9.226663633779903784e-02,7.541100491549118656e-02,1.519931992740727045e-01,3.521176044573322977e-02,3.169011578111456673e-02,1.549958982591269872e-02,6.136314523485594807e-02,4.880888104220693080e-02,2.570429109615989666e-02,6.580061602845600766e-02,4.209321318874129081e-02,5.921258025881873110e-02,7.622688868154407771e-02,1.277548385448978030e-01,2.532889445947603471e-02,9.473756568719299276e-02,5.800738067091892186e-02,2.564561576840627966e-02,6.938510612495565888e-02,6.208988764831132462e-02,2.153986456987357426e-02,1.135167742720501714e-02,2.640217292614481862e-02,2.178365684704019686e-02,2.850085288178660567e-02,3.214627082174054736e-03,1.364203875270831624e-02,1.913750309201361910e-02,1.584161774752524884e-02,8.446532945025052655e-03,8.230303281667104842e-02,4.959204953026753911e-03,6.699926239199155420e-02,4.075640348183863504e-02,4.449913026908058206e-02,8.919800001710277704e-02,2.441552919237012162e-02,1.798759303668823195e-02,6.788826299154683205e-03,1.233935027362199760e-01,4.631990731806075873e-02,9.379919735513493617e-02,1.921511172190406291e-01,2.567212399826532265e-01,1.409759573852029380e-01,2.038041276599606988e-01,1.720184744026657941e-01,1.925303463517625824e-01,2.029931509218577124e-01,5.629204436067586359e-02,9.597954629591509690e-02,1.127264323561080056e-01,9.611566117614665783e-02,3.670140318323063255e-02,9.947559242095800613e-02,4.184782338546456926e-02,3.613803310809539371e-02,8.186139375710189958e-02
3.675333464489288771e-02,1.460132282112582280e-01,1.789994588955979848e-01,3.927557608097453912e-01,2.086788321256255185e-01,2.064934074290964705e-01,3.657945054128818874e-01,3.211037370328725937e-01,4.342941963215327661e-01,5.454037584904755098e-01,0.000000000000000000e+00,2.695496529639683780e-01,2.431138834201300725e-01,3.486816658289570992e-01,2.730899848496752824e-01,1.587274239027559875e-01,1.607068729353735292e-01,3.364957503593805077e-01,2.158739307673850083e-01,1.460734851133207723e-01,2.148938797689232127e-01,3.099911961665276494e-01,1.214662955229049990e-01,1.057731671528594763e-01,1.620150297460342947e-01,2.045343343794734092e-01,5.878352104148063667e-02,5.241311383682409342e-02,2.379270570409742769e-01,1.063561200822732700e-01,1.396736307401618901e-02,1.220177126775233434e-02,1.201110961562193089e-02,4.348685987411241016e-02,5.874663938466483798e-02,3.680936255153691161e-02,6.185434913711166521e-02,6.733114001968997127e-03,7.833203424208588783e-03,1.501750077404311566e-02,7.828520819462524150e-02,5.520847646863610153e-02,1.287698790872627841e-01,5.548952482148494791e-02,1.021238437348880174e-01,6.093269780640345884e-02,8.966997110623089670e-03,1.588943445106767369e-02,6.098368946151280778e-02,1.982099325858928396e-02,3.539507517701302036e-02,5.712078533602598512e-02,4.802878054157925375e-02,1.330763782218490898e-01,2.987859783419924073e-02,1.422806131261454832e-01,9.239727895899872701e-02,9.869789712684498562e-02,3.811261989235718156e-02,7.136442061642266077e-02,1.986449846441759037e-01,7.159789823796197661e-02,8.379418088552499644e-02,7.205618890079258654e-02,2.396881059577995465e-01,1.847665468249831341e-02,1.532361905779135690e-02,1.907364343711621113e-01,4.796732056236197722e-02,1.718751597676927700e-01,3.303973426910350453e-02,1.911227946146570877e-01,3.281389183841400964e-02,1.725117691152491251e-01,2.545320590070461811e-02,9.726489741247439091e-02,5.170320945725902229e-02,1.843383411016240869e-01,5.717349526289419726e-02,9.226911730089812358e-02,1.209129375446852533e-01,4.944500803428749508e-02,1.222865617764204021e-01,1.162653401697165932e-02,9.595705203191114141e-02,3.474631945709357600e-02,4.147428401501869477e-02,3.767818447998140530e-02,4.558332006678305487e-02,2.533427543082629810e-02,3.844830174849767079e-02,2.973862745281510844e-02,5.360348634034992066e-02,6.722057973222157756e-02,3.616547811882369484e-02,8.087249971213815447e-02,6.193123595549277632e-02,1.695715331339494106e-02,1.017059713055481207e-01,9.137418104512730344e-02,3.201297119732116753e-02,4.618288465117606489e-02,1.195561128218644228e-02,1.502742568594617537e-02,1.668888822239249226e-02,2.766467207683127177e-02,1.348640153343327354e-02,4.377248637350972249e-02,3.262884462491488086e-02,3.524545540080593203e-02,3.134466077396108608e-02,2.470110175869866254e-02,2.569770574757822626e-02,4.925611860780394757e-02,7.010830358971369136e-02,4.357890265126283802e-02,7.026582612775515713e-02,1.008415949680663559e-01,7.229641631046426764e-02,9.402640618878572998e-02,7.628116073065410729e-02,1.260803894216857568e-01,7.023031424555645219e-02,4.966103511223721872e-02,9.581734168158097253e-02,1.188018383473887218e-01,4.536850807535565411e-02,6.811913413026413067e-02,1.304131519851889909e-01,4.819670421891224937e-02,1.093521645606778808e-01,1.320747400543108019e-01,1.639387379652721202e-02,1.087628321158866235e-01,4.317457018363193844e-02,6.852107150556518977e-02,4.233295852936115600e-02,1.121951855400120518e-01,1.767717036194304051e-02
