0.000000000000000000e+00,2.114474324650951823e-02,4.979855496817395255e-02,2.249388594806055880e-02,3.417659039204006769e-03,2.336789573036178111e-02,9.831609873225259297e-03,7.336671777256708118e-03,4.649308471310267116e-02,2.252821211588178565e-02,1.197008512613864477e-02,5.412548366683885004e-02,5.913629554944299649e-02,3.915407072197118338e-02,9.227352857996870550e-02,2.412058828794160642e-02,3.352033703384649233e-02,1.322464003975061357e-02,1.412624932367506810e-02,1.953274663916769807e-02,1.217014827800038668e-01,6.029269627328723291e-02,1.645836850100593565e-02,8.253714713951655624e-02,2.756811139838215644e-02,7.008997449934037394e-03,1.346519918581408001e-02,1.478175152205949555e-02,6.713437615843646962e-03,4.502021296808255552e-02,5.115995685547671673e-02,7.232171983528355719e-02,9.741474302170752275e-02,9.063090715489380278e-02,2.774443106133393094e-02,1.272555283378484260e-02,5.382526697594057496e-02,2.964019317108247675e-02,1.420900294796771136e-02,9.213329937483260429e-03,2.088314970014049088e-02,6.334384496503954465e-02,2.852322768613105644e-02,1.193432656482458325e-02,5.206974572869556284e-02,1.885809134327236583e-02,2.738245672620865084e-03,6.044008605088921696e-03,3.250746589530083275e-03,5.508920970091863226e-03,7.341266414612640165e-03,4.793712408157162035e-03,7.219155560295086038e-03,5.030144213343757005e-03,8.291536120934429530e-03,1.230546071553784496e-02,1.110460698879370788e-02,1.454319239934291803e-02,2.113451643580812125e-02,9.148708168633473692e-03,6.160257089048385565e-03,2.900550361589487522e-03,3.200477816285656873e-03,3.488164277135525661e-03,7.382631176646463258e-04,6.150661400793917995e-03,4.448595299996834299e-03,8.304017929886860563e-03,9.213643742726968996e-03,5.146691454907805115e-03,9.659873631661810775e-03,4.636212684143434411e-03,4.990944393473199098e-03,2.175672394044299643e-02,6.141598857995540783e-03,1.591875272411400052e-03,4.988467837351270688e-03,2.061395563441716441e-02,4.867807852331556932e-03,2.066114979131955173e-03,4.742829684397652755e-03,1.617419915483177262e-02,8.580179662842593591e-03,1.062839044578944587e-03,1.943349577459715710e-03,2.696727143990834772e-03,6.807530656252521947e-03,3.249448834823500960e-03,4.442588625250486721e-03,2.064305487475966063e-03,2.590235251102113168e-02,1.164871576256964504e-02,3.054097235502924862e-02,2.515626278564354196e-02,8.457006541791422041e-03,8.827794405930438487e-03,9.843712902937229448e-03,9.961869225592523761e-03,1.569777576461015012e-02,7.681309069725208126e-03,8.334293003881483239e-03,5.455337433002120477e-03,5.035085729387065411e-03,1.506917862313576209e-03,5.026186878359638691e-03,3.412884542817272286e-04,2.791263528310497337e-03,6.212775169389433277e-03,1.456549076609215841e-03,2.120330567538149854e-03,4.768999652886226313e-03,8.483709375245097233e-04,2.691939109592343844e-03,4.150762666610070643e-03,3.027742977646012256e-03,8.338005235483695807e-03,4.015438169019536901e-02,6.011297606948838058e-03,5.950169410438817946e-02,7.951762709186502298e-02,1.038869570370886189e-02,5.408041391334292985e-02,9.643563409447433385e-03,2.492879649638639686e-02,3.953003980807692080e-02,5.636260366709802683e-02,6.231980243257288256e-03,8.487462514491196652e-02,1.878185071567099046e-02,3.155061179305574531e-02,3.958007772285468406e-02,2.571272830783403324e-02,3.401731108016598643e-02,2.412987933575325844e-02,2.136082490914669937e-02,8.375445740624987145e-03,2.165665127209191049e-02,7.261092364575779529e-03,4.744179230112892560e-03
2.114474324650951823e-02,0.000000000000000000e+00,1.955051169606618622e-01,1.374865530494448207e-01,2.176402193793198353e-02,4.046657794990709406e-02,1.212258072860273629e-02,1.943058042509528474e-02,3.322048908116043142e-02,2.380711764393727767e-02,4.692638648481753383e-03,5.171820257636281642e-02,5.159502047961451315e-02,9.071934619590049653e-02,8.264121901088676558e-02,3.722999193098312787e-02,2.572579932459096580e-02,1.731469965319326967e-02,1.792012778696223593e-02,1.649226342722404787e-02,2.031171830659995667e-02,2.768237960357693150e-02,1.022443354586881001e-02,1.437619031660639958e-02,6.734283993218895779e-03,7.088183811118799367e-03,1.562988713471148228e-03,1.700782175543564395e-02,8.414192622617460218e-03,9.097691729402473948e-03,2.771806835476270728e-02,3.772123231138453658e-02,3.478811445389124596e-02,3.266910283354501621e-02,2.106694134261100429e-02,1.229066646271115108e-02,3.123839049315512220e-02,6.151032814537703286e-02,7.567325731328473221e-03,3.407801585392298410e-02,4.952629181626169025e-03,2.069948978136964060e-02,9.754282142157838856e-03,1.602354211463663525e-02,1.161050700100089463e-02,5.902193474473581107e-04,1.354460404791951560e-02,1.129041441402480785e-02,1.489433791875021708e-02,3.861243438160933631e-03,2.911912379691869099e-03,3.167857743166660207e-03,1.003341214342184928e-02,8.121601202929616681e-03,7.404438614204340331e-03,1.928888742539519585e-02,4.447879596818786301e-03,1.279616049780963639e-02,8.530268849209633741e-03,1.008707920887450850e-02,1.848514330523697707e-02,5.768661163704750725e-03,1.307586140677105286e-03,7.192593122239103118e-03,5.440198513127035909e-03,6.776678340650251452e-03,4.681372278174863837e-03,4.112162198185323123e-03,3.564595315593910210e-03,4.047523445289686987e-03,1.316307910153527482e-03,1.359655604887832075e-03,1.339596565255624615e-03,1.320947075547842338e-03,2.582272982226622125e-03,3.476251826606953973e-03,1.241693400109941149e-03,7.624667227548293479e-03,1.122272460842070087e-02,3.098715943042453739e-03,3.175510770723461058e-03,2.527776749328439817e-03,3.532728196815277354e-03,3.303481936390626969e-03,1.890171251677540088e-03,6.348976185139399570e-03,6.144030581447640013e-03,2.528255478561303518e-03,2.555048266995887506e-03,9.845008395110356469e-03,1.263623775520602600e-02,1.152668098410796794e-02,3.025795041144431138e-03,6.629377162597999834e-03,9.450913544805029237e-03,3.352363228082254603e-03,9.944065377266664285e-03,1.266243732088270617e-02,1.773843097016850751e-02,4.755570070531524828e-03,4.435341624042658457e-03,4.156881171270953440e-03,5.363965881097327963e-03,4.245324028119083423e-03,4.182576500415737409e-04,4.483750663851903025e-03,2.957731413450923573e-03,7.377526267251454176e-03,4.837252908347039297e-03,4.128371487139735271e-03,9.220124573419798738e-04,3.318361702992906649e-03,6.907475725410476206e-03,3.213228213117732927e-03,1.216483430148957746e-02,8.059490356448430551e-03,5.814134233274609147e-03,4.135422954669014384e-02,2.290836105567651756e-02,1.313270400686372338e-02,3.384826916979664924e-02,1.245038058700975378e-02,1.071523082244475039e-02,9.274894087501817097e-03,5.782758376229633901e-02,3.644541994015255970e-02,9.876603543730707452e-03,9.676582828286883764e-02,4.968711576772523626e-03,1.692280478879453626e-02,1.253434755364212817e-02,7.746632669757158411e-03,8.307333950279618962e-03,7.496381267106578053e-03,1.272629379296777961e-02,1.242825283053652268e-03,6.809500702523765304e-03,3.998227834544542877e-03,1.481993640318187170e-03
4.979855496817395255e-02,1.955051169606618622e-01,0.000000000000000000e+00,2.706794321208894419e-02,3.193465753559049380e-02,7.761472191740072246e-02,1.605489423511718625e-02,2.545094663059129653e-02,3.164187020256473137e-02,1.815413274842578306e-02,1.918444815005561008e-02,6.948232236656039229e-02,7.828912715141186918e-02,9.693196243487074704e-02,1.268405163776203659e-01,3.160839087290379795e-02,2.497187689308025954e-02,1.027828128586410518e-02,3.433719725281113994e-02,2.655163267399915025e-02,8.849210234159317345e-02,4.077905515836933309e-02,5.314342552693018633e-03,5.968163502172384172e-02,2.126172143039787438e-02,1.066049845340936303e-02,2.162708756115409858e-02,2.482102729431714255e-02,4.287184860538533968e-03,3.176489484232909721e-02,5.198483348817745792e-02,8.263223364826054185e-02,7.036317187010697471e-02,1.109930708898506507e-01,3.788854725933970408e-02,1.211990778266677261e-02,7.875059245869506230e-02,2.650655717653353435e-02,4.508863894477044276e-02,2.815809836017949680e-02,3.076657470328851215e-02,8.568644110964407368e-02,4.063906682783632179e-02,3.294238494346961310e-02,6.496721607897280870e-02,1.593011022392769316e-02,1.228215983199554273e-02,3.737881230892871418e-03,1.824380588604296652e-02,4.592376841691314313e-03,1.576949996219014416e-03,7.299125011402817116e-03,1.165343759982508109e-02,1.162128704122039960e-02,1.698768363782541743e-02,9.020606124370195156e-03,2.023948258286055110e-02,7.320169757144079706e-03,1.374703267951012803e-02,1.043964402343521870e-02,5.195059115492355398e-03,2.323863828779484074e-03,7.195804847066103981e-03,1.113149801474467866e-03,4.941314233680377602e-03,2.188934497033930091e-03,1.925918411845345792e-03,3.074495589874670382e-03,1.152499396917172625e-02,4.845939679680039310e-03,6.010829931812374308e-03,3.348331950989396569e-03,6.650731577034831379e-03,2.641929830541710905e-02,1.419659555197222596e-02,1.285134988669512203e-03,2.954399646553935738e-03,1.461949104804191428e-02,9.098512305475746700e-03,3.016538872631631049e-03,1.394311535898928390e-03,1.441827995132493115e-02,2.712714109326705859e-03,1.956505528791610635e-03,3.979264571015923499e-03,1.099268672176326178e-02,6.853714353965014751e-03,5.465953312253350738e-03,7.673280341189861291e-03,7.528147917665255207e-03,1.875340467886112833e-02,1.288355460458571154e-02,3.941071189214585824e-02,2.393265550180307538e-02,8.570791690458164080e-03,1.236381371858626468e-02,2.031001709883180698e-02,9.559263125157747149e-03,1.748342061811895831e-02,2.013032292484135104e-03,5.659742831771813476e-03,4.158650371377380084e-03,7.000510133416549229e-03,6.832192869866425371e-03,6.346562812770069383e-04,3.847826587265893838e-03,3.151402529060802309e-03,4.079083952963341760e-03,1.693041739959262647e-03,8.894554289176407041e-04,4.599886556442269077e-03,2.725079092848418233e-03,4.527350175388740287e-03,8.783532698092689703e-03,5.313498086959726578e-03,4.581044612924376445e-03,4.708492544121079676e-02,2.576434573015477444e-02,4.002611708504309751e-02,8.527512599467781951e-02,1.106091235528802383e-02,6.015930571261264570e-02,4.657943521289422545e-02,7.175508709222579162e-02,1.024563150197118772e-01,8.105011440586221139e-02,2.254509838121575641e-02,1.360771468668590389e-01,4.249040623925771226e-02,3.888610467442921159e-02,4.097178360773270911e-02,3.400375434948101072e-02,4.250671700866663627e-02,6.062737323120104271e-02,6.125130537476611986e-02,4.305387499315111582e-02,4.487183978736189460e-02,2.041122138093839564e-02,1.580296796753675320e-02
2.249388594806055880e-02,1.374865530494448207e-01,2.706794321208894419e-02,0.000000000000000000e+00,1.217464725935250014e-01,9.689852613755370325e-02,6.300292652719982622e-02,5.184813914644640503e-02,3.656095798845232503e-02,8.040583295327333180e-02,1.505760782900694705e-02,4.121667247153995572e-02,2.871721932783809911e-02,5.000546179644619477e-02,4.697620820967964017e-02,3.024930352358329647e-02,3.616747988403395259e-02,6.330545618439460155e-03,4.993836269527758553e-02,2.822353841776386457e-02,7.057630032298452261e-02,9.367516313722555610e-02,2.689514220089505442e-02,7.172993840958519218e-02,9.810026473109642597e-02,1.037153955633204200e-01,2.626666548080478988e-02,7.767558276844463427e-02,1.743877575927711351e-02,1.430790222151587417e-02,1.670393364582687876e-02,3.605782293572752650e-02,9.300715022987607675e-03,4.878895810773682673e-02,4.935333289079137792e-02,9.582099090900088323e-02,3.326609063893972568e-02,5.392783741329346126e-02,9.321070353088765914e-02,2.343225443756586507e-02,3.250140247434080143e-02,3.519504732446185336e-02,1.418180531975007236e-02,4.202662409759810869e-02,5.760240403855389213e-02,2.355782881832743300e-02,7.273743434227317173e-02,3.739155657387591147e-02,5.744803384907985755e-02,4.368111977122054318e-03,1.646280530717005681e-03,2.023590057419652390e-03,6.238975224258802403e-03,3.696372744960420894e-03,3.800489118991658317e-03,9.647746605366635739e-03,2.826303486585872785e-02,2.183583426943389375e-02,1.085991565435947930e-02,6.009926887269361612e-02,1.450778500132057737e-03,8.684476473239510080e-03,4.280409776967035625e-03,2.735117360981080981e-03,7.151975525658924027e-03,1.524720049837498086e-03,3.171853641105599250e-03,4.708787428776482070e-03,5.889619798116632263e-03,1.031760051477582062e-02,1.062978185967228782e-02,8.263855508264920241e-03,7.498556420466843606e-03,9.085013887007680269e-03,7.058408537964883100e-03,8.090543896665558163e-03,4.630558630013157859e-03,1.816682378273359487e-03,3.355039223456343037e-03,9.479847730138726836e-03,1.471066847634091429e-02,2.893106816681212997e-03,4.426238168789826607e-03,1.162929477042998466e-03,2.721779397197992070e-03,5.341848925506548738e-03,8.742362916418217186e-04,2.317315038264839561e-02,1.089344678600909569e-02,5.099569686627223805e-03,1.081953355197036969e-02,1.365922431617127078e-02,3.476413589249895218e-03,6.700304145926605677e-03,1.670934364212603440e-02,8.131496905485247756e-03,4.766950645825660145e-03,4.780033282701616829e-03,1.486743000835790036e-02,3.862950353906974450e-03,1.378048312789415322e-02,1.977767332064663593e-03,1.064173178145701344e-02,4.795834777979057599e-03,7.890612932348729444e-03,1.870977910301930072e-02,3.085244953269743098e-03,7.393410541301727833e-03,1.654810419567071325e-02,8.304807331247431382e-03,1.533459002777088492e-03,1.659316460751653413e-02,1.130973693494992036e-02,7.701720611438977147e-03,3.639685107803557196e-02,2.012291717676128328e-02,8.268727705245964080e-03,1.035316674621661742e-01,1.768082639962626629e-02,5.357033995662243558e-02,1.030745314009190727e-01,2.409713810335253198e-02,1.258098404664707848e-01,1.619296288639714976e-01,1.548731300239766517e-01,1.361577069244528648e-01,1.331035214636409614e-01,1.576403943541864472e-01,8.696435646382706663e-02,1.782972213831934480e-02,3.437741809807510346e-02,5.739546772050655929e-03,7.688747074915876570e-03,3.154372042642618335e-02,5.656208988344877536e-02,2.933511277535726450e-02,5.724805968185945476e-02,7.132803364463143753e-03,1.210320613894244612e-02
3.417659039204006769e-03,2.176402193793198353e-02,3.193465753559049380e-02,1.217464725935250014e-01,0.000000000000000000e+00,3.830650273466536943e-02,2.001519684023618795e-01,1.087941531844299758e-01,1.602727533750677447e-01,2.559810657444953202e-02,3.624396764909625784e-02,7.240310770795498063e-02,3.411863198338132598e-03,3.440619456406203425e-02,5.647532104957207755e-02,3.977546830615996676e-02,9.066467877784754534e-03,6.529707072152490799e-02,1.613692392804642536e-02,3.886257268053359276e-02,6.645848038916327138e-02,6.230820147442947543e-02,8.365567053931599606e-03,4.562531455554438842e-02,2.109760134700611883e-02,2.952872451899031525e-02,2.169381131142149657e-02,2.709301516028506107e-02,2.332987326356199351e-03,1.528247320940996981e-02,4.636244445117093660e-02,4.458122563373836250e-02,8.278454349525204981e-02,6.317626195594319705e-02,3.711665318087333659e-02,1.324510837046541378e-02,7.946463756366335673e-02,3.429428469278491404e-02,6.053071044561243036e-02,7.635446355424336390e-03,1.899044114280106291e-02,4.538493979672646172e-02,6.952454287011718137e-02,8.041597849497797434e-02,3.857619967699119079e-02,3.883490834655455026e-02,1.119822894761812390e-02,2.824682134351123777e-03,1.518792160071603947e-02,7.871605665650465572e-03,4.907711267166962529e-03,2.727487486676535996e-04,2.766810269928793482e-03,4.568438633965068128e-03,5.582804351322085377e-03,6.386080565896668643e-03,1.506649758724776418e-02,1.935185790120282079e-02,3.439570274307969522e-02,2.310616810077200170e-02,8.009453735534771690e-03,1.016131604959958669e-02,1.081322474816327588e-02,1.916985205144134058e-03,1.006918770360783200e-02,8.595494164320229696e-03,4.493729849781392949e-03,4.663583990688373142e-03,3.087436834877626407e-02,6.174823769122546324e-03,1.156182608160682967e-02,2.963946678981419555e-03,5.249320692948012367e-03,2.290304505552234055e-02,1.139805204025007464e-02,4.629962077615557697e-03,4.638634059974108999e-03,2.167389576903717974e-02,2.094225714052438611e-03,1.855844096307407431e-02,2.270112889102048406e-03,1.308336071932764653e-03,1.333317637708495915e-03,3.383978119822657598e-03,1.733945094915796984e-03,1.039283521071261880e-02,1.092351631380373764e-02,1.874485658357644483e-02,7.022019952262032252e-03,4.809656255612507550e-03,1.022309944170055052e-02,1.159536019080866127e-02,9.647008731062391498e-03,8.487975975337557280e-03,1.625087075630608086e-02,4.924667435269484278e-03,5.479644999116835800e-03,3.769149982618982993e-03,1.492470248441759087e-02,2.260866758714032837e-03,7.652635173307772293e-03,8.024139022698974222e-03,9.418281106683679821e-03,2.884779995522008221e-03,3.764790383862461412e-03,3.057999403725043027e-03,1.978601473679373474e-03,6.651433952373410168e-03,1.889297172508295911e-03,4.727970305694632544e-03,7.456040153923189015e-03,1.119188524551482586e-02,1.230101973193386058e-02,9.598115832022951349e-03,1.017717139255285008e-02,2.893839508973499678e-03,2.557594094937851517e-02,3.041104430283862736e-02,3.651392893829896649e-03,8.210451934880284852e-02,1.092252423752864028e-02,5.259160194728524501e-02,1.598860620380035055e-02,4.482416938329705780e-02,8.677394464147822339e-02,2.138254937419409654e-02,2.523094908714098444e-02,6.584434767529777355e-02,2.131983648558188893e-02,3.401804382318481673e-02,1.094004064646181620e-02,2.610544527296460374e-02,4.956573088419999329e-02,3.834915172371328174e-02,8.247093032629815301e-02,1.143049481140363116e-01,3.646509854386382338e-02,4.740561287423190190e-02,2.484793647294942023e-02
2.336789573036178111e-02,4.046657794990709406e-02,7.761472191740072246e-02,9.689852613755370325e-02,3.830650273466536943e-02,0.000000000000000000e+00,1.599500277040476759e-01,5.018686783168936627e-02,6.836126094689051746e-02,4.322585620312108245e-02,1.919752112781823727e-02,2.700231893513545603e-02,2.334180998732822768e-02,1.018824666772739224e-02,3.781781540778270112e-02,9.239630063810240490e-03,2.087952422492484611e-02,5.857433852519064454e-02,1.379954074399910614e-02,3.122908655222549068e-02,7.096472593443935162e-02,4.764608591822310640e-02,2.707592068405842781e-02,9.456670714633837183e-02,1.040619838114618945e-01,6.419244413109675973e-02,5.197341700464289810e-02,6.241397182876657485e-02,3.690207444346333548e-02,2.650690583741282733e-02,2.075849847249844685e-02,5.941418773851066953e-02,1.867960018111350373e-02,6.826468887499194393e-02,9.886834977932631996e-02,1.227349093201136748e-01,2.665162468608429924e-02,5.210705885776212992e-02,7.969539480144136046e-02,2.331485552328798824e-02,2.373561262500871807e-02,2.777684766172449846e-02,2.457548349417417941e-02,3.554747586498853418e-02,5.506500443491884472e-02,1.666409678079164985e-02,1.741352115876265705e-02,4.410440105675784810e-03,1.240692977233910123e-02,1.031473105119567676e-02,1.126261725996514224e-02,3.911050328495977065e-03,2.923899960606718071e-03,1.072089413947778860e-03,4.886697394292707601e-03,6.460747335952283545e-03,1.824934578547852612e-02,1.619033257205403087e-02,2.047655653565159939e-02,3.242654008110013725e-02,1.795090882198650340e-03,1.403060841347512390e-02,2.265928647569513329e-02,6.993286216513447395e-03,8.122607017727757200e-03,8.702537186703973235e-03,4.348203304254826332e-03,1.373566353335298369e-02,6.306242837927979704e-03,5.100529882067535679e-03,1.263852954161221419e-02,2.042902563067379267e-03,6.425553455853861250e-03,5.662180224669517009e-02,5.598414304759199989e-03,9.033902221763152884e-03,3.985511096581567138e-03,2.625973246303898046e-03,3.222069239717126506e-03,8.002655244649834257e-03,1.084505201042131571e-02,4.090744338740869013e-03,4.835784067958702123e-03,7.107159626908722896e-03,3.178766459740225894e-03,7.869055965472538522e-03,1.775071918463727843e-03,4.319734173400409903e-03,4.729490378186613033e-04,5.463203028011089785e-03,8.923180898061143854e-03,2.558922081812870213e-03,6.881421938369963742e-03,5.602561504160597644e-03,6.981467270540065058e-03,1.497613530992115624e-02,6.648608545694082664e-04,3.706566662497810197e-03,4.624104591259324895e-03,1.834604908528343625e-02,2.405345970266219505e-03,8.055661893765797901e-03,1.043386910162063218e-03,6.145676909191631794e-03,3.887982099507628596e-03,9.836078780593894913e-03,2.167647930183828810e-03,1.841621088733522843e-02,1.773802615000905081e-02,1.139122788791811260e-02,6.331623985212689841e-04,1.076412431788241562e-03,9.592098161822534830e-03,3.731652808326119380e-03,2.227726625718883576e-03,6.165034803051405547e-03,4.013298932301841843e-02,9.425769398789333661e-03,6.917896141675271976e-03,4.612139607231106886e-02,9.155684423068145492e-03,2.757866662715610304e-02,1.213409488804220171e-01,1.242717986887710291e-01,1.957570329197285686e-01,1.575726356101898040e-01,1.156748184230721732e-01,1.821511027288149898e-01,1.254572581029873291e-01,4.447080167412755664e-02,2.895738505843521368e-02,3.354149383790601575e-03,1.103619947555372661e-02,2.860578299038045794e-02,3.095035509455780487e-02,5.071774805742659820e-02,7.944308690981138898e-02,2.266535510471734752e-02,2.172617158824287700e-02
9.831609873225259297e-03,1.212258072860273629e-02,1.605489423511718625e-02,6.300292652719982622e-02,2.001519684023618795e-01,1.599500277040476759e-01,0.000000000000000000e+00,2.617693363319416322e-02,7.719364085982134693e-02,1.503291993103199886e-01,1.183073004538229833e-01,7.430614331936985506e-02,2.430733740184066322e-02,6.453170457187427933e-02,4.964161029587994822e-02,5.515183032875552172e-02,2.847641993443893876e-02,1.060835771015093687e-01,1.112225332274415293e-02,4.633329324750281447e-02,4.727273267974019949e-02,6.305861573668856968e-02,2.190375599473004531e-02,2.728524354112158226e-02,5.343097415316523657e-02,4.510137568626005483e-02,5.353973921245996220e-02,5.698241293102200566e-02,2.267333052391966308e-02,2.135295250598987296e-02,1.362062461027647477e-02,8.186170820176490517e-03,6.555700125208677176e-02,7.402806117818848917e-03,1.766676390869587401e-02,5.836059900361510733e-02,7.671262445734564062e-02,2.716804753885248072e-02,1.586605473816665723e-01,3.772989072352121026e-02,7.697679535884847934e-02,1.588028600767952062e-02,1.162568688440117001e-02,1.762088132828058470e-02,2.191879164047879150e-02,3.646882281447688667e-02,3.335124990276027573e-02,1.003013932732695068e-02,6.857328750172827711e-03,4.668973855659729576e-03,8.964295235933062095e-04,1.305368476286698776e-03,2.662515791495577260e-03,1.082387374022290762e-03,3.289117760103049768e-03,1.228138038811666700e-03,5.169150616337508768e-03,1.165825584539816225e-02,9.869352243561801009e-04,1.048069514299162543e-02,4.427958490587742373e-03,1.316037402826825218e-03,2.339915917538279867e-03,1.511492134128750988e-03,5.903238563439092146e-03,9.345511740589470965e-04,1.006571748578976785e-02,7.542375125070137007e-03,3.930064083313460771e-03,1.261987028299520718e-02,1.410665676263713440e-02,3.433235623911140393e-03,1.714331421832286477e-03,2.476040187181088523e-02,1.250959777552101797e-02,1.051449628128803618e-02,4.374686697212983554e-03,8.269456350248727272e-03,8.137939286109016970e-03,2.668192749171583496e-03,1.598597960123348052e-02,5.298888783869873387e-03,1.364872382327948254e-02,1.140977436447904690e-02,2.231832330525563776e-02,2.003201433667718342e-02,1.483011810446645783e-03,1.498184556967857399e-02,1.079966670677644409e-02,1.069885547690471034e-02,2.939049278161097456e-03,6.777812831216328653e-03,1.177934686949188951e-02,1.118232505216444107e-02,1.307890042769336778e-02,4.961526683194430673e-03,1.905555784706536651e-02,2.704122551510060486e-03,3.122532812650332789e-03,5.247073635460082659e-03,5.809132117893204151e-04,3.761703137181394638e-03,1.173842623677925088e-03,2.309750137845511652e-03,7.498833409592554206e-04,1.044500687722590103e-02,5.249046813576691527e-03,1.986751615418977206e-03,1.321292218144993688e-02,3.641531264871305813e-03,1.058834669542477701e-03,8.025905754976444054e-03,3.245698310193333679e-03,3.507607041883061081e-03,1.499581393074804134e-02,1.805839660357007326e-02,1.302867292682522403e-02,4.210473344658888228e-02,1.381564697152561257e-02,6.851705655828037311e-02,6.473822764781021755e-02,4.988700605119315845e-02,9.735854600539509129e-02,1.651228272942602271e-01,2.074300817747080639e-01,1.885608475169669174e-01,1.962011678168451290e-01,1.728621582144266589e-01,2.110208186456699886e-01,6.558617380016161513e-02,7.178234123873265295e-03,2.154649756448886316e-02,7.726766888809762091e-02,4.712481760558917543e-02,3.375196534268262716e-02,1.232823617843308711e-01,3.104386086371642775e-02,9.188760194111615653e-02,4.743701126624823294e-02
7.336671777256708118e-03,1.943058042509528474e-02,2.545094663059129653e-02,5.184813914644640503e-02,1.087941531844299758e-01,5.018686783168936627e-02,2.617693363319416322e-02,0.000000000000000000e+00,5.127679597850055143e-02,4.632908515319347775e-02,5.414594689827337964e-02,5.243940096839713044e-02,6.885314175379846080e-02,3.952210953262574877e-02,1.240677910099450762e-02,4.710849910911739380e-02,2.675904700790481330e-02,3.634422075202285024e-02,3.666744795483728447e-02,5.534063457460236882e-03,1.964820742975642229e-02,1.962999886558666751e-02,3.739410490917650931e-02,6.635892673887065947e-03,4.010386061335454583e-02,1.801303628134159548e-02,7.918658667900871362e-02,6.220665472499226079e-02,1.259799979478615911e-02,3.174475188965789757e-02,4.308808934719510902e-03,1.523568875762372661e-02,1.563390073030107227e-02,7.105997626741594568e-03,5.254407513990030226e-02,3.127361558780254736e-02,4.034026614029764118e-02,2.542248016745013786e-02,6.896862205052897710e-02,1.825708407573121972e-02,4.289332526459198325e-02,1.549455552306740419e-03,6.475700519328546345e-03,1.591344652213916300e-02,8.352653656564391210e-03,1.328304674168779079e-02,2.674722631469668432e-02,3.249663080391642853e-03,2.017809720806098758e-02,1.886495097146232910e-02,1.802852562132904388e-02,2.176381994616135088e-02,5.154383689326808536e-03,2.384022543060879476e-02,1.681410377391661173e-02,2.120428568267747685e-02,9.782643799756391909e-03,1.528791143206750976e-02,8.233978958774031826e-03,1.406828728597824159e-03,3.915683207051100755e-03,5.725007126194232854e-03,1.022987989052652653e-02,1.109311092659475903e-02,3.710157308915109807e-04,2.086197880445663129e-03,6.462927329329628927e-03,2.222859532870206500e-03,1.602185258190452766e-02,2.034723626610691286e-03,6.093255700583560461e-03,5.667922396629519743e-03,8.832058683995183679e-03,2.202511636563214692e-02,2.452276434001476879e-03,1.496331809422962386e-02,2.165938873230118921e-03,1.670716388967505815e-03,1.730661059213927256e-03,3.605138878631248840e-03,4.159235487292750263e-03,2.103430239209188798e-03,3.557937762156542470e-03,2.062296201038660032e-03,4.568760528907904288e-03,2.223824813531139703e-03,1.999535114799771019e-03,1.923561040574572195e-02,3.940090928891699928e-03,3.857437571097008244e-03,3.660911390744973903e-03,3.035154017797674336e-03,1.253956894053774758e-02,3.446262610064237258e-03,6.407519908399610283e-03,4.233627956198737601e-03,5.986502631077983590e-03,1.429439491982473047e-02,3.616679761154785715e-03,1.192734548033069211e-03,7.599129764260316965e-03,8.209378109545287586e-03,2.071820028547812376e-03,1.667415434462917248e-03,1.837414942630019588e-02,1.248183502753727470e-03,8.459517218203199381e-04,2.235284319883083706e-03,7.735100729506374324e-04,1.303234570733712797e-03,2.173773785713998142e-03,1.141614075965442440e-02,1.359754661834571172e-02,3.771253848871166953e-03,1.713709608823301561e-02,6.463310713615105264e-03,1.485354996199896201e-02,2.786656045306083046e-02,5.696437514004074054e-03,2.518573288886541764e-02,3.185951176300119703e-02,3.372405519282824834e-03,3.026182607291666091e-02,9.480574692379478696e-02,7.951582104824748976e-02,1.033982536963834603e-01,6.603964405535948934e-02,4.853096624281887789e-02,6.128115594634576946e-02,2.879957995793710340e-03,3.437954035331597033e-03,9.207298554184511694e-03,5.742543709621729560e-03,5.662231652972912754e-02,1.030534815652638450e-02,2.489174225741384860e-02,5.982022056828550233e-02,2.245618111085290886e-02,1.261991237801648319e-02
4.649308471310267116e-02,3.322048908116043142e-02,3.164187020256473137e-02,3.656095798845232503e-02,1.602727533750677447e-01,6.836126094689051746e-02,7.719364085982134693e-02,5.127679597850055143e-02,0.000000000000000000e+00,9.855435454365037151e-02,1.055138377155414586e-01,5.594454392468019982e-02,4.059856572620441223e-02,1.108841629530322170e-01,4.525334828914923807e-02,5.080424100847912711e-02,6.685434455704190870e-02,5.623604277036030330e-02,3.479410435224669293e-03,1.138247694109181980e-02,4.174932761848301060e-02,3.459533589063046310e-02,2.143086521371207614e-02,4.036686163527775095e-02,4.566094010159042066e-02,1.652730281454608055e-02,5.930974987722895109e-03,4.847568549292693811e-03,7.299693691861808623e-03,1.678191475865696905e-02,3.212269456054069050e-02,3.631496830050207764e-02,5.812005119443032497e-02,3.777619941563969269e-02,4.191311738989181301e-02,1.853189410361780198e-02,5.650544130433160506e-02,2.948546358463012551e-02,3.484080710194143587e-02,1.462932417917205651e-02,2.150895265890540378e-02,2.432839747204016551e-02,1.407627769117044195e-02,3.385053230778886646e-02,3.358976341563781748e-02,2.633950063889832494e-02,7.738448555694734353e-03,3.285194630500682007e-03,2.651438290258404003e-03,9.379524550104403847e-04,3.003308488173474407e-03,5.381995641547281974e-04,1.968248814784625319e-03,6.351985660023361582e-03,8.226874789516676334e-03,3.255316829257626395e-03,6.322785717509283795e-03,2.979034269202519847e-03,3.295285444172344098e-03,1.625636773885338893e-02,1.258414962972682037e-02,2.293542195547620260e-02,4.085179768130786822e-03,1.903344941812401547e-02,1.821327596291442627e-02,1.866065966682917826e-02,1.200706343045440661e-02,9.770353888428541522e-03,3.469319233336095459e-03,2.605628186339276932e-03,9.876442064152340591e-03,2.035321754947396790e-03,3.166565567905359549e-03,6.138187497765659230e-03,2.620054176121652464e-02,2.335028885674517510e-03,8.348330236358718348e-03,2.197921882010205052e-02,1.261054050714031233e-03,2.784322324107971897e-03,1.960978982630363562e-02,2.086232139608516778e-02,1.623766082046890560e-02,1.398564086685453664e-03,4.216048249324592673e-04,1.291047267523504072e-02,6.591280699903432662e-03,6.217297419844368574e-03,4.287565584195222705e-03,6.309487288479287241e-03,9.260475423398584205e-03,2.945447731440199116e-03,7.516641792370266743e-03,2.112599604576817502e-02,4.260329611681739487e-02,2.111993860343972657e-02,4.968206861443771882e-02,1.692121537313703850e-02,2.094061467928348338e-02,6.756427783760456454e-03,1.091456295381252987e-02,6.734404202700934421e-03,1.354360217122409400e-02,4.310631811277079034e-03,4.936614752409096592e-03,1.040089017701059312e-02,5.810490028539662573e-03,2.175016879927575350e-02,8.281167437768839276e-03,2.029722090641692192e-02,7.685364797203905404e-03,1.785667456121244187e-03,2.818715274324846282e-02,4.805038292155969747e-03,1.624223198021893660e-02,2.054623750570240895e-02,2.233818010557687278e-02,7.494371513740493394e-03,6.143777051152346687e-03,4.977541967241922577e-02,4.408300501889637901e-03,4.055894477776930684e-02,1.196352076485202205e-02,3.843540423353276198e-02,4.489340469168425635e-02,1.153625185094100600e-02,7.593414865877538833e-02,2.118755326862721208e-02,2.805385807227316758e-02,2.909914330211373426e-02,3.535175446986155157e-02,2.553351449368364279e-02,7.764571623224429675e-02,4.380684079422560162e-02,3.550269189688422256e-02,3.190246929801388714e-02,2.613469513175461362e-02,4.145299677753432055e-02,9.329700774505648650e-03
2.252821211588178565e-02,2.380711764393727767e-02,1.815413274842578306e-02,8.040583295327333180e-02,2.559810657444953202e-02,4.322585620312108245e-02,1.503291993103199886e-01,4.632908515319347775e-02,9.855435454365037151e-02,0.000000000000000000e+00,7.251008942945780245e-02,8.981470912680643293e-02,1.084649690927878274e-01,8.155353634713195798e-02,9.146913234241760282e-02,4.594515421067708189e-02,8.082738853255059391e-03,4.166793861961575612e-02,4.801854046541748251e-03,5.900737493240820752e-02,1.695419438901567960e-02,6.749073053790393545e-03,6.349890736274663161e-03,1.463288898325914179e-03,3.085241113561199358e-03,4.477204288074099897e-02,1.382010741896896010e-02,1.596675881408298261e-02,1.472550957642654312e-02,1.274878981304847052e-02,8.808574976214046670e-03,3.991369450811591002e-03,1.385418098867827012e-02,1.253980222309175434e-02,1.642005296333997472e-02,2.157410999038564606e-02,5.068406187565471094e-02,9.693352382697376091e-02,4.015613521101866340e-02,1.037928559870634065e-01,4.575819767491775408e-02,4.796816987981324977e-03,3.654550553574842375e-02,2.999963128009894633e-02,8.570350874099175870e-03,1.251011722636288098e-02,2.981047904514077043e-02,5.437345859212870669e-02,3.741148460297503975e-02,7.333155763532033661e-03,1.191412086607582764e-02,7.330697825536408065e-03,6.757921621859655850e-03,1.641373377725190326e-03,2.067780559623640796e-03,5.278397613071832660e-03,3.115345269979087096e-03,1.559906215082259521e-03,2.233763486360087775e-03,8.235568684755783728e-03,2.593285461749408969e-03,7.806315800597376890e-03,8.535442283523405130e-03,1.823913963818139155e-03,1.345513921271460599e-02,2.052138976377059290e-03,1.521862515079002581e-03,8.357068796733552879e-03,2.196767587020368590e-02,9.061471893516680545e-03,1.334162592960119395e-02,1.335741780190355561e-02,1.159309976146914896e-02,4.916268508630524531e-03,6.818904211893793942e-03,3.800448257571433473e-03,2.436528208795090463e-03,9.418015091588937890e-03,4.473212382668508708e-03,5.638181561292220957e-03,4.467454025388698999e-03,9.005791778286368482e-03,4.986434476238001817e-03,2.221670713848015229e-03,3.984390607313167618e-03,8.514899052701661863e-03,1.793062571026335372e-02,5.008373117527270893e-03,4.355588908367580454e-03,7.943476448918617219e-03,7.345810940757594582e-03,3.181625183380135807e-02,1.104269570451294619e-02,9.041249395708149741e-03,2.414116734142608342e-02,2.290245731897978462e-02,1.719064494364678369e-02,3.506181631010295979e-02,1.510202211961355657e-02,1.161903884500463911e-02,2.666252935737293758e-02,1.010660346133634979e-02,2.077953460010559250e-02,7.212337309135261531e-04,4.281706844156035058e-02,3.947432508339991653e-02,1.191875800391983299e-02,6.906599490854760728e-03,3.722389366881710682e-02,1.944545331903377392e-03,1.018996226166782489e-02,2.466360665702746480e-02,4.067379756383831743e-03,2.044719674495259955e-03,3.679635920882995404e-02,5.653525189005826485e-02,2.089104646224326442e-02,4.414480764869196244e-02,6.716422807576294396e-02,2.795390468553416927e-02,4.807721608254211798e-02,3.088150680086643868e-02,1.828955508401744479e-02,3.834693895269133956e-02,3.150928491213703803e-02,1.888897503813614584e-02,5.011080249571956552e-02,6.326657669216648183e-02,3.145741407242847593e-02,1.228310635813017609e-01,2.597857460348396152e-02,1.541069762844398186e-02,5.006205162299912081e-02,3.765143809801996255e-02,5.938405768781520461e-02,3.961254586416178280e-02,2.375813366098807750e-02,8.117640178069578105e-02,1.084055041984815192e-02
1.197008512613864477e-02,4.692638648481753383e-03,1.918444815005561008e-02,1.505760782900694705e-02,3.624396764909625784e-02,1.919752112781823727e-02,1.183073004538229833e-01,5.414594689827337964e-02,1.055138377155414586e-01,7.251008942945780245e-02,0.000000000000000000e+00,1.314206388221590416e-01,1.000120410252324649e-01,1.574162103396928025e-01,1.809486879844132701e-02,7.554797324618169052e-02,1.430677025786411191e-02,6.059093916843970307e-02,1.188407424013375631e-02,3.416136932974611629e-02,1.309546069979503347e-01,3.136785236647440106e-02,3.369731149324733943e-02,7.509953015175806212e-02,1.997119245034163423e-02,1.879745661997570677e-02,1.078879590941717211e-02,7.817017487826087574e-03,9.600959275231638751e-03,2.304533392222243848e-02,9.735779772068939297e-02,6.298194396054217215e-02,1.391753119602678057e-01,9.079904698801676000e-02,2.858482673741835969e-02,1.579707436649914129e-02,7.158206438216659084e-02,9.024792640240245079e-02,2.417901636024912329e-02,4.866920077035007813e-02,2.689184510145734702e-02,1.025563340574170250e-02,6.376989525806141257e-03,7.480446551650479781e-02,2.706987107024726863e-02,1.827896533638617357e-02,6.881695113348062012e-03,7.929823091849471511e-03,4.785393288967304537e-02,1.372051145676354660e-02,1.278722848403343257e-02,1.125386923170767703e-02,8.738874107684100126e-03,5.121387725007509571e-03,2.530374618998913489e-03,5.983369644017507392e-03,2.248697977306325646e-02,7.284639448024227831e-03,6.066626800057174466e-03,5.794032790199354910e-02,2.414333400122140559e-03,6.065244840267242088e-03,2.694436486904765171e-02,4.038210435340543886e-02,1.596436383027247108e-02,2.958645323274470065e-02,2.216258578822589281e-02,3.997159401517599853e-02,2.595388445098412850e-02,1.609125013669018486e-02,2.995069446342988814e-02,1.169704495428239115e-02,5.074314981820385317e-03,1.171070939684281005e-02,4.253975572331743921e-02,5.655528041428031956e-03,5.421496548790129266e-03,3.094060028106512816e-02,7.233774142486649322e-03,8.365917675367822923e-03,2.138957066095823617e-03,7.063833297857764759e-02,2.671940568959374485e-02,1.816151823748637234e-03,6.565919203572041958e-03,6.189274478800439218e-03,2.182596353481440054e-03,3.144321400787575271e-03,1.365419373535125451e-03,7.943370542333037798e-03,1.057948029260078089e-02,1.902323305330958295e-02,1.626360378536147872e-02,5.572922135886302503e-02,2.418882840666575565e-02,2.913108114804485380e-02,3.116548175148753722e-02,1.527868593796005703e-02,4.903543090741896426e-02,6.622179652729739789e-03,4.122961312930125549e-02,1.112047405462190941e-02,1.942947987286967187e-02,1.379966237037157616e-02,3.113614000064312062e-02,5.907853713550943742e-02,2.211795106159247792e-02,2.568292820309741459e-02,5.088861784913002728e-02,1.110515958703250060e-02,1.409203664378470139e-02,9.804421183618385049e-03,2.818692557421161992e-03,4.979031732693805015e-03,5.117029712324683982e-03,3.901825331735399392e-03,2.560932152075499901e-02,8.960184695883454536e-03,4.778548691999978670e-03,4.257696394575763432e-02,1.964923009957968494e-02,5.397521253312927668e-03,5.251807743309976073e-02,1.262182515250082418e-02,2.602002950798120579e-02,2.540159727208119583e-02,4.248616892013547947e-02,3.772985728251936760e-02,1.351745756699969554e-02,1.410288644483238645e-02,2.003698867596799202e-02,5.397508275226050450e-02,9.195857850633419595e-02,3.902256309844555349e-02,8.637227193470727038e-02,5.001095785895577628e-02,5.099235060360317318e-02,5.819268602667451024e-02,1.041791276234755453e-02
