0.000000000000000000e+00,5.526186963458808166e-02,4.789545171812450292e-02,7.051745432483703946e-02,2.406262467459849286e-02,4.779059505610588204e-02,2.080126516281322405e-02,1.405095456742468454e-02,9.190378487795981474e-03,1.832656131354291548e-02,6.552215942758570118e-03,2.990980780773040259e-03,1.088703365005091496e-02,1.465346986602051801e-02,6.871444616168479076e-03,7.771322701754546612e-03,2.741974109386478842e-02,1.061846654234702841e-02,3.302710419118758123e-02,1.006589808501847164e-02,2.391997238884962379e-02,1.725922038063523734e-02,5.373410083597861611e-03,1.504642948918331544e-02,9.057040524038559651e-03,9.707788025837845933e-03,7.558940735372329973e-03,9.021613427044139141e-03,7.718527330589209853e-03,2.605586646222762381e-03,1.831969848173487956e-03,1.413989168480774298e-03,9.066682759210352742e-04,4.661151293782674499e-04,3.778321193941091118e-04,7.363320405866034379e-04,9.573595919357642597e-04,4.141211621751990932e-04,2.179840205672907687e-03,3.453747375337556241e-03,4.536777627345071591e-04,5.408223435278347417e-03,4.444801091143197659e-04,1.394475080346163458e-02,4.048463889094496351e-03,5.152215417783762366e-03,2.828974415225401530e-03,3.189083547595442623e-03,9.324919947630101649e-04,7.957072885142639019e-04,4.928419953282549759e-04,3.474757796460371372e-03,5.349191140720621455e-04,1.372648677491492344e-03,1.052743990250833888e-03,1.327930075673019236e-03,1.025001032329528371e-03,1.576720774479665717e-03,2.598324521592125340e-03,4.657720644493525781e-04,1.354567643131769292e-03,7.285131999817495534e-04,1.170736708099469814e-03,5.325667666119427920e-03,3.600024942678832843e-03,4.199963654113710379e-03,1.030739517207576381e-02,1.733045657751858520e-03,3.924047123689544669e-03,4.805935857934981524e-04,1.434907562761132856e-03
5.526186963458808166e-02,0.000000000000000000e+00,8.712683693388874329e-02,6.198420201321986484e-02,3.932297947613948297e-02,3.171714012582197567e-02,3.459634733221019637e-02,1.927562618266376315e-02,1.820707295998830536e-02,9.161560705226994006e-03,5.239893478409304167e-03,3.243701839475897960e-03,1.465203087656415104e-02,2.608740380153258542e-02,1.188717270919554224e-02,2.284628323227257118e-02,2.626319614738402419e-02,2.416936822253626729e-02,3.130996105700203924e-02,1.133156563645204562e-02,1.452914079534687285e-02,9.153600955390032295e-03,9.977983597079102471e-03,9.309007889506745390e-03,4.726409899910772629e-03,8.338247402938099573e-03,4.272265978686566601e-03,1.290878774356505297e-02,7.000359573340593153e-03,3.267522998558139956e-03,8.595188282096459173e-04,4.636819018802773931e-03,3.191545272178038521e-04,1.607411762087089394e-03,1.136830373649301736e-03,7.095504374414778785e-04,9.204370143231828004e-04,1.717197553039172785e-03,2.572694123192310455e-03,4.554465611515031917e-03,1.808563262872375788e-03,1.009057105575587171e-02,3.401456755837316964e-03,1.069124382548604021e-02,1.120175420019396337e-02,7.564017085901307037e-03,5.404505058768143549e-03,2.975286960258923755e-03,7.452999663002689073e-04,1.038481385635693036e-03,4.738770788203296473e-04,2.710315573816030315e-03,1.269869089933602741e-03,3.966498216526499580e-03,3.981158283859840413e-03,1.131480788630139954e-03,6.218645122884583661e-04,3.417376597492049074e-03,3.136785200844270367e-04,7.553850965649548362e-04,9.308220241693076005e-04,5.496535718221572152e-04,2.544574857173737448e-04,1.348964527458922048e-03,2.262807135528447332e-03,7.703042016315878125e-04,2.370832270469963501e-03,2.046164898718745746e-03,1.475204059756638798e-03,1.320465989210836992e-03,1.998469290578551352e-03
4.789545171812450292e-02,8.712683693388874329e-02,0.000000000000000000e+00,1.249804266898426469e-01,1.699158535112118840e-01,7.567601920187738695e-02,2.588720971662450063e-02,6.501566902232849832e-02,2.883839308494301826e-02,3.388642109751180409e-02,2.150661206772679426e-02,1.033172592630605263e-02,3.100619195719658480e-02,4.201744280227345807e-02,2.107384131362056295e-02,2.020230048634551190e-02,6.374665773573287564e-02,3.818407837379472758e-02,1.062514109161012271e-01,5.138403742932198121e-02,3.669432059325786200e-02,2.790113475089064932e-02,1.346604700766131091e-02,3.351720402571389812e-02,2.578945802369670900e-02,1.493972875180572639e-02,2.157876333275673617e-02,1.000763352683893721e-02,9.121749520834070493e-03,3.522732010883060285e-03,2.766123521315422360e-03,9.956480002448864219e-03,3.009166893721431681e-03,2.558715368599541549e-03,9.713271986433147072e-04,2.738828938108002313e-03,2.008135647222127756e-03,2.913202362372894864e-03,1.234822620866811091e-03,3.651797161038036234e-03,1.444887526842137141e-03,1.051598782563003577e-02,2.774910390903095273e-03,1.862986032244017334e-02,1.668212415899564954e-02,7.550843869232506077e-03,6.781028967851252844e-03,3.555321516989339535e-03,1.371341080777732906e-03,2.683804104428048377e-03,8.885714297752848054e-04,3.384865219328719171e-03,1.025035813155713432e-03,1.426825933102546023e-03,1.997791293917865370e-03,2.052884673703878754e-03,1.439833942577545701e-03,6.506979789582868247e-04,1.299481685674042184e-03,4.354083073200234631e-04,1.228296873913681904e-03,7.482496231317301190e-04,9.748048978875938249e-04,1.450214941080539034e-03,6.577584485572190781e-04,1.455578451530594071e-03,6.911759362030586891e-04,5.926698182573014208e-04,1.297617742798466223e-03,2.012166657107565104e-03,2.903322816296454757e-03
7.051745432483703946e-02,6.198420201321986484e-02,1.249804266898426469e-01,0.000000000000000000e+00,4.383105161771654740e-02,5.606541785068127476e-02,9.129784551588281116e-02,3.454508253511444360e-02,5.720203575923600570e-03,1.035594232938711473e-02,8.918166119615465043e-03,4.710046882570739779e-02,5.650194901143604231e-02,5.301422553810627297e-02,1.885964399219269144e-02,5.164176435242275043e-02,5.024793848726831491e-02,2.945900368257914695e-02,4.038034291349051202e-02,2.261366691924359199e-02,1.943506880312226986e-02,5.441165906887328665e-03,2.254643769979632322e-03,1.141279245264330625e-02,2.662956599491837426e-03,4.565496294997940623e-03,6.921567314671617753e-03,4.759887159700879229e-03,8.209765964745537742e-03,1.345717015336950727e-02,1.481543558765167478e-03,7.149031262668606619e-03,1.759987729475409081e-03,6.919002903566567539e-04,1.045241006211585638e-03,5.256829978952727881e-04,9.268074881759017641e-03,5.086411877389279169e-03,6.848323395717191564e-03,1.527932446828935732e-02,5.217473046929542099e-03,1.826793466631138757e-02,4.188266562843012165e-03,1.327581670780617236e-02,9.847930620588331990e-03,6.477100668749896997e-03,8.439731227283621406e-03,3.054244381570511528e-03,2.087128369505102294e-04,1.678748970251005062e-03,1.196487178593339321e-03,2.384466373492924104e-03,2.160812023375152744e-03,2.669233841817121675e-03,7.658315809250656678e-03,3.495470491979286391e-03,1.297157993657387662e-03,8.503721041267854261e-03,6.269781560386063386e-03,2.876613167136997037e-03,4.658656563229543576e-04,2.156463043822670058e-04,2.088815404788005141e-03,5.155109886094913106e-04,2.727308689857034247e-03,3.956999755452456774e-03,1.178375991821965221e-03,2.807906748574514645e-03,1.848462387082205850e-03,1.921729098524530823e-03,4.467288074697250803e-03
2.406262467459849286e-02,3.932297947613948297e-02,1.699158535112118840e-01,4.383105161771654740e-02,0.000000000000000000e+00,9.479428113573731829e-02,2.542212129410301516e-02,7.809294482746760580e-02,4.266256849914354388e-02,3.719767682761527389e-02,2.650655754055239108e-02,3.775436105977853646e-02,5.950412471114863849e-02,9.542591262051881851e-02,5.684270158190413841e-02,7.054527152475092988e-02,9.022935691243114120e-02,5.288418969446752327e-02,8.952481438348053322e-02,2.722631175299870809e-02,3.423905540819193599e-02,1.781362070962184962e-02,7.786144010006103636e-03,3.351359349678747351e-02,2.430996153364778020e-02,1.773012837544076306e-02,2.667080360485978713e-02,5.691385114044299372e-03,1.150240651307434143e-02,1.026996409434226265e-02,7.524507769763300567e-03,1.082300674134266047e-02,3.816210748706967519e-03,1.228092306566390185e-03,3.854078320184018986e-03,1.332706348485786143e-03,4.887798039552827215e-04,5.717567877094554760e-04,3.816394236606577076e-03,5.713617240240742925e-03,2.251266870095086289e-03,1.301221950094773143e-02,1.146966909507922752e-02,8.992708467596928490e-03,1.346146040782144303e-02,1.525936030485517715e-02,1.340448507270352793e-02,5.754340994266125527e-04,2.628662761367965887e-04,6.742556824736570297e-04,4.929676322802465770e-04,3.488989044426087983e-04,6.456356571719253654e-04,4.089390316493935916e-04,2.130648628729327459e-03,1.751026352030213068e-03,4.516051008560128827e-04,3.966188183929037631e-03,9.329868150481747998e-04,2.254983719529871566e-04,3.345738995547950295e-04,4.986260734567278486e-04,3.475237411630012572e-03,4.786951417942400967e-04,3.222256493868325415e-04,1.347822348633031337e-03,9.457388089529027153e-04,1.784240046002435239e-03,9.349177557854822197e-04,2.750412975841404466e-04,2.759571229068030328e-03
4.779059505610588204e-02,3.171714012582197567e-02,7.567601920187738695e-02,5.606541785068127476e-02,9.479428113573731829e-02,0.000000000000000000e+00,9.174344662759231772e-02,7.801823586346223749e-02,3.830386169695805532e-02,1.761503964000954436e-02,6.262885152112115592e-03,7.451540423198291241e-02,4.457242523911841836e-02,6.943292551403629220e-02,1.585404706299654506e-02,1.276361063792403640e-02,5.938197770595646241e-02,1.193039116265164762e-02,3.841925116602571549e-02,5.157909103916251056e-03,2.683459087022700262e-03,1.394463208351007059e-02,7.067433488166985269e-04,6.762560717875039720e-03,1.116849967530715755e-02,1.072534930050959628e-03,8.557753537406896302e-03,2.226893034568801135e-03,1.493500083722553882e-03,3.695097475620277155e-03,1.044476105981203325e-03,4.359243156527520062e-04,9.247620514707991738e-04,9.987251827471062965e-04,8.148732386973946704e-04,5.597871180060246150e-04,2.112103845528484625e-03,9.222398495340184809e-04,1.588412417745137511e-03,4.863385788958995808e-03,1.006212645505787096e-03,5.674019753865704868e-04,1.489199202039749375e-03,4.895376157743365139e-03,5.978335502797457951e-04,7.763318315557101454e-04,2.616670495766536416e-04,3.049164324668270608e-03,2.734094158036174706e-03,1.781162177029665863e-03,1.787255911401301614e-03,4.424042863667630027e-03,5.242719926009338288e-04,2.581254546101459141e-04,2.478669211464511885e-03,1.915709225520115201e-03,2.623425544538455969e-03,3.771002847408819734e-04,9.102716811730252522e-04,5.444732859333029302e-04,3.407694956218202667e-04,8.274280127745116528e-04,1.190554228946396047e-03,1.519487784579070687e-03,1.824695560527859247e-03,3.814301849396386536e-03,5.423476548171749737e-04,1.686409736042287057e-03,8.240020800544929636e-03,1.859313946267748428e-03,1.451696892593503816e-03
2.080126516281322405e-02,3.459634733221019637e-02,2.588720971662450063e-02,9.129784551588281116e-02,2.542212129410301516e-02,9.174344662759231772e-02,0.000000000000000000e+00,2.988538700429838046e-02,5.658899269109458202e-02,2.713310603936397794e-02,3.021510007765639341e-02,7.197414994251946641e-02,5.223297597617305305e-02,7.982085246299058801e-02,2.689726861913064107e-02,3.244611141816217126e-02,4.873169829622016336e-02,2.264595369694636165e-02,4.300478424242905329e-02,3.953000879205243357e-04,9.959390040100964472e-03,4.193546960660239978e-03,2.917719234718723232e-03,1.947868565897605680e-02,1.023873605988195705e-02,5.816700545160966886e-03,2.417607422773382711e-02,5.747559976691259294e-03,3.433354544993128324e-03,9.972768357007340267e-03,5.163930431810196710e-03,4.037810295428960125e-03,2.087226819239553118e-03,6.930584234260347715e-04,4.146941477937436172e-04,1.426159993752190757e-03,3.780023445120408825e-03,5.969703451978352129e-03,7.440833483605275613e-03,1.173237803440632318e-02,2.014649700993467133e-03,1.409528568681021020e-02,3.982083891686813773e-03,5.848598204935996983e-03,4.680057642701622445e-03,3.370732242723942923e-03,4.327466045960643576e-03,4.933590361146705707e-04,1.463387766784861321e-03,3.762381897633924844e-04,1.946155187784545269e-03,1.107458077484014831e-03,1.104382049128189687e-03,1.180655981428132412e-03,3.372111543621833865e-03,1.233353653697245606e-03,1.430475683764785306e-03,4.542412259544589825e-03,5.430159530650754615e-03,1.809714252849503298e-03,1.425245408099811871e-03,1.099738733228474742e-03,2.258354639421056645e-03,1.289514456442765813e-03,6.343859748450455128e-04,2.064587774783733804e-03,6.957201609679886534e-04,1.481419983583023283e-03,2.260286336261125954e-03,4.490421665613557843e-03,2.795805351049942319e-03
1.405095456742468454e-02,1.927562618266376315e-02,6.501566902232849832e-02,3.454508253511444360e-02,7.809294482746760580e-02,7.801823586346223749e-02,2.988538700429838046e-02,0.000000000000000000e+00,4.190600997005279604e-02,5.212449193569457934e-02,2.852012247975352008e-02,6.247313932966784555e-02,8.321124585877399948e-02,1.350976967075775137e-01,7.246988693525284464e-02,3.916683431299498169e-02,6.285141011578011805e-02,4.220118699119359412e-02,6.452111030651590251e-02,5.642453584890284868e-02,3.890786376468009095e-02,3.117764411231149432e-02,2.067941164806660209e-02,3.290625338619689727e-02,3.279070013881586060e-02,1.679286785583416000e-02,2.704654648094675928e-02,4.098724343355670055e-03,5.651073918878456344e-03,3.912026235969084421e-03,1.763555950602680973e-03,2.557981943160599070e-03,1.890449427769311285e-03,6.116796304420664540e-04,1.248616205263353325e-03,2.914265872399068435e-03,2.720054855082569382e-04,8.896785945206549034e-04,6.099214431653144156e-03,3.336279147663088508e-03,5.713216872250501122e-03,1.973731234740182423e-03,5.772094364189675128e-03,9.371344254546746730e-03,1.885119589753090534e-03,7.349110635546169355e-03,5.954957479129886246e-03,6.203837302658987089e-04,4.656252026630276373e-04,4.356438936806263443e-04,1.481638908649143089e-03,4.047947065719534505e-03,4.182168471291716695e-04,7.728822142359936549e-04,1.027266644612646017e-02,3.543454432366133157e-04,2.197052127876720183e-03,6.230516767252276215e-04,2.085668497514064825e-03,4.072898853276397274e-04,6.253715882626719727e-04,7.929890712618310918e-04,3.832416455622386121e-03,1.607751197022343247e-03,4.083958245104366003e-03,1.760090523010505959e-03,2.679973204325419855e-03,3.056808899677246599e-03,1.791366549895655668e-03,4.071346026626141389e-03,2.378414402620707526e-04
9.190378487795981474e-03,1.820707295998830536e-02,2.883839308494301826e-02,5.720203575923600570e-03,4.266256849914354388e-02,3.830386169695805532e-02,5.658899269109458202e-02,4.190600997005279604e-02,0.000000000000000000e+00,4.025792847412801995e-02,7.483211133434169125e-03,1.816776881434747914e-02,6.279390107042805147e-02,1.065060318136819700e-01,1.127286964575307665e-01,3.697264430246394867e-02,3.147174087565917516e-02,4.613799016138703940e-02,3.426651799764660750e-02,1.898997259633554077e-02,2.643806341965378170e-02,2.794511075796457175e-02,1.974911060537531959e-02,2.710727394167750451e-02,2.249902031860661830e-02,1.085286906734830685e-02,2.733135976770184952e-02,8.555735514639627864e-03,1.614619246285734638e-02,5.273216543005071304e-03,4.555130844312312022e-03,9.730293912898349898e-03,1.164346773805755020e-02,2.581102297602550291e-03,2.237427724368080875e-03,3.912747126713650263e-03,2.410576870571759425e-03,1.090308395442634052e-03,7.056619873003067492e-03,1.216574706493811584e-03,1.378631567192495399e-03,6.182068963967352754e-03,1.947536073135037885e-03,7.094657633503511892e-04,1.280117541379965397e-02,1.333599437464930496e-02,2.257897114712528568e-03,1.299308519793008435e-03,2.489500618832995440e-04,5.447776529765840231e-04,2.350890214636687774e-03,1.418752527118683025e-03,1.399925772131323286e-03,5.500443305205534933e-04,8.034460616203279587e-03,1.488146224751512843e-03,2.147512449573220957e-03,1.619779565900438282e-03,1.239370651178827061e-03,6.516953750953945104e-04,7.370523434059241159e-04,3.908975812361130918e-03,4.946660354899346315e-03,5.858309373904904997e-04,4.932850294868799425e-03,4.867100750333345875e-03,1.330649032788511427e-03,7.525642638036184572e-03,3.766959954823471870e-03,4.009687749748112179e-03,1.523943212674269731e-03
1.832656131354291548e-02,9.161560705226994006e-03,3.388642109751180409e-02,1.035594232938711473e-02,3.719767682761527389e-02,1.761503964000954436e-02,2.713310603936397794e-02,5.212449193569457934e-02,4.025792847412801995e-02,0.000000000000000000e+00,2.375578783160071233e-02,9.147986825286184842e-02,9.552524991205391114e-02,1.683571924285370558e-01,9.572049645604117918e-02,6.202707867322437146e-02,3.346032380538278839e-02,6.868157396362574441e-02,2.966909478891542953e-02,4.458028756314215413e-02,1.955659445440473265e-02,2.392519197226053440e-02,2.755366109521641474e-02,2.169413656125794218e-02,1.150543365775075211e-02,2.016710249888121684e-02,1.148836231314467882e-02,3.253584032069459404e-03,2.204587789055923776e-04,1.637665631419973986e-03,3.686909646612833522e-03,8.138948396154992073e-04,1.664105499940718522e-03,4.533711670246536388e-03,1.213779932654755192e-03,1.088656872398903680e-03,1.728105720818845330e-03,3.891782731565793393e-04,1.969264173322655357e-03,1.326023702248204207e-03,5.905597692100620147e-04,2.280527740135608692e-03,3.197280070288063391e-03,6.216491268066163221e-03,6.945355939506703616e-03,7.142803144079660181e-03,1.585743525859378529e-03,5.897077257179528242e-04,9.055965988287962773e-04,7.024247390436592735e-04,3.498870339263092724e-03,9.880609909663941662e-03,6.060978386557390333e-04,2.392807497455603886e-03,7.247035524914618478e-03,2.172139467314934159e-03,3.780762453062604697e-04,1.310575329997474029e-03,7.869616118911229238e-04,1.470776129063751251e-03,5.154332240884455362e-04,7.904584120270210764e-04,3.083869159046213090e-04,7.250296313395597058e-04,1.453764606170558161e-03,9.087959177424933307e-04,3.474783042419389025e-04,1.154220464401152372e-03,1.392967043532770651e-03,6.313787921962750460e-03,4.871435227827983282e-04
6.552215942758570118e-03,5.239893478409304167e-03,2.150661206772679426e-02,8.918166119615465043e-03,2.650655754055239108e-02,6.262885152112115592e-03,3.021510007765639341e-02,2.852012247975352008e-02,7.483211133434169125e-03,2.375578783160071233e-02,0.000000000000000000e+00,6.538490492065165971e-02,1.165692902422899163e-01,1.320260910162684154e-01,1.096009351407065124e-01,6.749790131522589998e-02,3.948273598153315828e-02,5.274322035030951789e-02,3.443948695648106628e-02,2.286194741920606968e-02,2.677149865380596544e-02,3.368201376476177150e-02,2.662108452513039375e-02,2.079660535705275121e-02,1.976733470820149496e-02,1.810702416018969418e-02,1.954567128278786314e-02,1.275489621422200640e-02,6.644813193431666799e-03,8.744390681793594777e-04,1.736172925166580084e-03,6.329823529018125360e-03,3.493597897755628713e-03,1.670916818409630368e-03,1.173923984419529510e-03,5.426162322256827125e-03,7.432218045481680689e-04,6.248269228362962960e-04,5.523301864883801288e-03,1.087852844490781821e-03,5.375110594392777837e-03,4.720973374388193027e-03,2.207654603300634576e-03,1.312711633835874237e-03,1.671871454750910660e-02,1.921876243846579874e-02,4.572308652734466058e-03,3.413928157449306732e-03,1.184826835882297341e-03,2.863626722619851410e-04,1.281097525651304523e-03,6.108463167091367392e-04,1.560475030610365341e-03,1.618163222860793124e-03,6.659988463640608911e-03,2.691554913493305386e-03,1.891708680653478812e-04,2.874963153579615949e-03,2.241564497196155484e-03,5.429066467043128317e-04,9.099502651674165350e-04,2.576315995143311968e-03,3.892400415168625026e-03,2.778242059960137327e-04,3.363006724892242134e-03,1.110028614683076457e-03,8.403188016915918556e-04,4.991686253392003947e-03,7.943399850523764991e-04,6.772423789147719031e-03,8.419634288786231966e-04
2.990980780773040259e-03,3.243701839475897960e-03,1.033172592630605263e-02,4.710046882570739779e-02,3.775436105977853646e-02,7.451540423198291241e-02,7.197414994251946641e-02,6.247313932966784555e-02,1.816776881434747914e-02,9.147986825286184842e-02,6.538490492065165971e-02,0.000000000000000000e+00,6.015370847622745348e-02,3.315749530794783601e-02,8.786914349610795705e-02,9.016125927266058909e-03,4.670525667042535467e-02,9.888431189121497586e-03,1.044163744659787167e-02,8.060343567392914965e-04,4.675559159163010167e-03,3.470310633317970871e-03,4.697638275634229491e-03,4.445904055605843369e-03,5.732700604069638356e-03,3.662720154305360541e-03,2.111368391684346167e-03,1.237327124567837036e-03,2.701270637087069704e-03,3.548396736806858575e-04,1.067019291018679854e-03,3.997547421249508424e-04,4.597001780333974928e-04,7.013924588171377211e-04,1.744204052586203254e-03,3.502540528787116475e-04,3.296365489862286471e-03,6.466996422155911819e-04,2.206897673493610473e-03,4.522178314002448136e-03,7.897377709964225126e-03,8.420512064197985909e-04,8.161086929182341434e-04,8.966458629110155964e-04,1.779381883436117681e-03,2.933758167833211590e-03,7.785734151074942370e-04,1.842379042278583521e-03,2.985902162752613383e-03,8.240849333283099213e-04,9.596050636563429855e-04,1.017593818321291385e-03,6.508390628131358307e-04,5.217050998462782925e-04,1.340198599131186847e-03,1.343112276311087330e-03,1.919886846289813878e-04,2.020293586288228298e-03,2.054475430824574417e-03,1.963403708045061667e-03,8.603227075391280424e-04,3.457027014534618621e-04,1.349795882628479406e-03,3.067438886629923582e-03,4.014017777890929663e-04,6.026043326933752664e-03,1.249366586038201925e-03,8.952872996443559132e-04,1.913364180737813359e-04,2.868816675734249099e-03,1.618170418202603128e-03
1.088703365005091496e-02,1.465203087656415104e-02,3.100619195719658480e-02,5.650194901143604231e-02,5.950412471114863849e-02,4.457242523911841836e-02,5.223297597617305305e-02,8.321124585877399948e-02,6.279390107042805147e-02,9.552524991205391114e-02,1.165692902422899163e-01,6.015370847622745348e-02,0.000000000000000000e+00,1.357972411425040216e-01,6.408126154053433998e-02,1.520869288087181859e-01,1.281809254288852340e-01,5.745623321655803778e-02,4.965397089563891586e-02,2.651552370551904861e-02,1.271822338735761199e-02,3.526710641589859106e-03,1.434974391722146185e-02,4.196045613492600281e-03,1.284655900139892830e-02,4.582389163102984324e-03,4.107329150243894424e-03,4.372616034147324901e-03,1.219178534508839548e-02,3.342122903404673440e-03,6.219906119689261629e-04,1.731823296650416644e-03,7.974151146064589746e-04,7.526834478333589143e-04,1.026977098661369103e-03,7.473123325133974350e-03,6.484838818327144476e-03,6.203297363397393752e-04,7.236364080857069859e-04,5.348348746659328280e-03,2.515372431114278919e-03,5.947901778249497194e-03,3.846625823558318114e-03,1.124801690705526901e-02,6.654804206549188618e-03,5.793761769379625901e-04,8.741427607179625553e-03,2.082769575352212427e-03,3.139786046694419261e-04,4.265580843293838667e-04,1.366695638509906425e-03,1.078255390344961401e-03,5.527286565051834927e-04,3.615632506921662766e-03,3.227971594961128593e-03,3.100287465632795957e-03,8.019773845954848495e-04,8.482159825946076039e-04,3.258304421312872455e-04,6.683522806398949903e-04,1.716902120036898575e-03,4.697630159392788629e-04,1.468114103442085807e-03,5.971879452116684835e-04,1.808577596973297199e-03,8.311132744650591778e-03,8.911674372788612334e-04,8.055792328410638732e-04,4.887057990020747013e-03,2.360025475762140158e-03,3.370227989018834223e-03
1.465346986602051801e-02,2.608740380153258542e-02,4.201744280227345807e-02,5.301422553810627297e-02,9.542591262051881851e-02,6.943292551403629220e-02,7.982085246299058801e-02,1.350976967075775137e-01,1.065060318136819700e-01,1.683571924285370558e-01,1.320260910162684154e-01,3.315749530794783601e-02,1.357972411425040216e-01,0.000000000000000000e+00,8.093008537850578110e-02,4.695852648933913909e-02,5.026203778237978148e-02,5.467035652120248723e-02,1.804616909247358514e-02,1.853977746734172469e-02,2.235463512091398139e-02,1.473333810400723545e-02,5.601926309935135843e-03,2.625893257926985649e-02,5.797932996695887714e-03,8.142150667694870655e-03,1.385382880138416942e-02,3.238686776447204443e-04,1.664513256522659815e-02,2.734056789413722224e-03,4.017337912001036270e-04,2.766217859493230128e-03,4.632902511675596148e-04,8.849583413798638642e-04,3.431577453659789313e-03,1.391437440827565479e-02,6.369025449351630938e-03,1.475525373136069886e-03,6.115816265875667016e-04,3.469989991904895172e-03,5.003357359305994189e-04,6.033029509576496967e-03,1.265653805906408278e-03,1.519624827339755360e-02,8.799784051563310644e-03,1.634325267187318118e-03,5.401710620211675959e-03,7.087868143022121696e-03,1.314116506610701679e-04,7.198560395031039678e-04,2.590443633662099462e-04,6.312284661218952675e-04,2.969296349944014046e-03,6.609646737697023530e-03,1.476306788780452342e-03,1.308743484037608405e-03,2.293092186296296687e-04,1.301849135354096092e-03,3.190655172521096941e-03,4.312445466973934168e-04,2.291639054796144447e-03,2.368108812514288335e-03,1.804350548429944391e-03,1.788334933269789288e-03,2.361686968164626154e-03,3.848089092282931147e-03,7.436729218167156428e-04,2.396568579714150778e-03,1.609425303562894054e-03,5.156121928880792217e-03,2.386450352225713903e-03
6.871444616168479076e-03,1.188717270919554224e-02,2.107384131362056295e-02,1.885964399219269144e-02,5.684270158190413841e-02,1.585404706299654506e-02,2.689726861913064107e-02,7.246988693525284464e-02,1.127286964575307665e-01,9.572049645604117918e-02,1.096009351407065124e-01,8.786914349610795705e-02,6.408126154053433998e-02,8.093008537850578110e-02,0.000000000000000000e+00,5.709028206289673384e-03,9.953321216375181357e-02,8.425950142111726660e-02,1.868148363607256487e-02,3.785673584354544430e-02,3.379254800674658110e-02,2.370225516038498847e-02,2.841677248851846860e-02,2.624885982168465720e-02,1.079000697330732318e-02,1.993328913502725314e-02,1.679790504701172971e-02,1.103538528733550260e-03,2.042470954540313507e-02,2.091753558940445592e-03,3.159746979881499786e-04,2.520339357285115902e-03,1.656910710471352043e-03,2.585502934662198271e-03,4.304028820704963189e-04,9.719571069045834788e-03,2.643150211643398480e-03,1.588797562592804240e-03,5.608576837560714894e-03,7.064817428934837230e-04,2.135031761176647662e-03,1.669728148689530317e-02,3.054714993553486486e-03,7.085099087535049606e-03,1.440076804846994983e-02,5.361523013918431495e-03,9.111116712597849485e-03,1.677793089380664321e-02,4.785568449126751875e-04,1.817377166922900210e-03,2.749261946042074779e-03,1.048215299654449168e-03,1.722549894579223934e-03,2.300801077240874608e-03,9.424844919815987413e-04,4.532478056667881591e-04,1.017086713392864475e-03,6.210170990383367430e-04,3.562587225141188117e-03,6.618783752092725816e-04,6.073346447349010566e-04,1.031323426217518966e-03,2.178091427455969113e-03,1.642031401998650690e-03,1.098096194908863149e-03,3.667576696424713553e-04,2.736525818272805485e-03,1.288871797049247810e-03,4.771933851686531967e-03,3.239798333420165939e-03,4.241554434547437774e-03
7.771322701754546612e-03,2.284628323227257118e-02,2.020230048634551190e-02,5.164176435242275043e-02,7.054527152475092988e-02,1.276361063792403640e-02,3.244611141816217126e-02,3.916683431299498169e-02,3.697264430246394867e-02,6.202707867322437146e-02,6.749790131522589998e-02,9.016125927266058909e-03,1.520869288087181859e-01,4.695852648933913909e-02,5.709028206289673384e-03,0.000000000000000000e+00,1.364400153127595938e-01,7.641163706598987082e-02,1.823726322747339437e-02,5.953684508320389139e-03,1.944259023348038351e-02,4.050119616504032315e-03,1.011690201973569798e-02,2.931268983668970998e-02,2.633017104110868447e-03,2.354848072433276401e-02,4.610246003891197396e-03,3.244543303980312182e-03,7.060096712560776956e-03,2.986910177801540157e-03,7.378156498469230599e-03,1.163301496078090547e-03,7.563151611347717837e-03,8.802562774469705267e-03,2.270043825083575915e-03,8.372516958452289959e-04,1.973513910009865382e-02,1.298519267423126761e-02,1.355619359731361287e-02,1.474801569029021188e-02,4.435953275279609295e-03,1.315605392098739834e-02,2.487934261150222346e-03,9.488189673283691991e-03,2.240806181546554920e-02,6.084502878426815108e-03,1.012159387569259994e-02,1.566906928407795288e-02,1.599140196646447369e-03,8.232681047581104361e-04,4.852984243401394816e-03,2.205647551340231532e-03,5.830318313050230836e-03,1.201929202799512271e-02,1.996836592974104811e-03,2.589806784987655659e-03,1.067705257606011739e-02,1.914605281167194124e-03,2.263875766246664038e-04,3.484513009643963426e-03,1.994121944835593782e-04,2.317690592983777387e-03,3.182584322994886934e-03,4.902453171218546478e-04,1.276304014685627000e-02,9.013506109600196228e-03,2.402681884180083577e-03,3.937949471881431115e-03,9.763445746373842007e-03,3.332117308534767071e-03,1.087955549760507255e-02
2.741974109386478842e-02,2.626319614738402419e-02,6.374665773573287564e-02,5.024793848726831491e-02,9.022935691243114120e-02,5.938197770595646241e-02,4.873169829622016336e-02,6.285141011578011805e-02,3.147174087565917516e-02,3.346032380538278839e-02,3.948273598153315828e-02,4.670525667042535467e-02,1.281809254288852340e-01,5.026203778237978148e-02,9.953321216375181357e-02,1.364400153127595938e-01,0.000000000000000000e+00,6.343484370894704460e-02,3.212883640333620561e-02,6.153683453733726008e-03,4.108492247694932320e-02,1.648922459556343909e-02,1.585141640640616231e-02,4.799692684589776381e-02,6.744541202957223675e-03,2.370915333181930831e-02,2.966873094239948910e-02,1.976371610758671273e-03,1.649630545743203600e-02,1.120675169423606017e-03,1.129845205246554976e-03,3.023232625125225718e-03,3.471050436883728676e-03,4.803664694716661067e-04,4.486171595812902982e-04,5.880529433974265169e-03,4.509157566677246542e-03,3.586721292075135958e-03,2.912865701629930204e-04,1.871918128269919402e-03,2.899280634010284984e-03,4.804235971304039385e-03,1.421572411725157510e-03,1.538951968559439804e-02,1.215695214348080401e-02,2.632142072705583816e-03,8.471023432968020211e-03,6.780494721419530642e-03,6.834026398793403238e-04,5.766567962932660696e-04,1.184002340089398237e-03,3.108151884262878601e-03,2.824510578317734107e-03,1.362386942080101408e-02,3.917855995296397635e-04,1.326348342098997114e-03,6.237519824342795160e-04,9.933707151421936575e-04,6.495457161237704231e-03,4.679208755199232815e-03,6.272507912023229590e-03,2.927838399634654244e-03,1.812226038331667599e-03,2.127477604201546448e-03,3.742298129716625267e-03,3.808670347179933351e-03,7.153141734145692602e-04,3.099463180090943244e-03,2.404247263547835013e-03,2.252768262045213698e-03,1.832005038648510005e-03
1.061846654234702841e-02,2.416936822253626729e-02,3.818407837379472758e-02,2.945900368257914695e-02,5.288418969446752327e-02,1.193039116265164762e-02,2.264595369694636165e-02,4.220118699119359412e-02,4.613799016138703940e-02,6.868157396362574441e-02,5.274322035030951789e-02,9.888431189121497586e-03,5.745623321655803778e-02,5.467035652120248723e-02,8.425950142111726660e-02,7.641163706598987082e-02,6.343484370894704460e-02,0.000000000000000000e+00,1.689599621860159162e-01,5.205508900132549410e-02,1.046404014362018187e-01,2.100706626627833751e-02,3.746509138225707219e-02,3.708822187792024105e-02,1.854149879659267031e-02,3.090948715228769919e-02,1.384728554419436750e-02,1.464781560464272457e-02,1.333578782668915289e-02,1.886277238765985721e-03,2.495798213775919303e-03,6.926799458793295866e-03,2.542306919083935947e-03,1.483599791101050495e-03,3.494659941079740831e-04,6.436168186125239710e-04,1.750223830388066698e-02,2.451165334960377952e-03,1.618603694329320830e-02,1.481452789207321832e-02,2.195142728403032956e-03,2.237635959546631706e-02,2.114459705901139408e-02,2.191906745685980734e-02,2.202793665043541183e-02,1.273799902651313182e-02,9.796020175778519246e-03,1.179055437012143694e-02,9.408315167284375365e-04,9.378500945160441350e-04,4.814891223803045503e-03,9.267437915008794325e-03,3.341323408746089269e-03,1.018473070128926052e-02,5.487962958271083019e-04,2.363883498619870436e-03,8.105799288389149704e-03,2.395196515903821443e-03,6.908356747159511823e-04,5.706345545704829235e-03,7.984356647060974642e-04,2.535500721654424579e-03,1.205048143182982194e-03,2.349343570999610706e-03,4.223043697770702438e-03,6.560798123209716365e-03,2.894110787808131316e-03,1.467903556258104902e-03,9.443976286398104644e-03,7.110938953623666819e-03,2.109824927138069864e-02
3.302710419118758123e-02,3.130996105700203924e-02,1.062514109161012271e-01,4.038034291349051202e-02,8.952481438348053322e-02,3.841925116602571549e-02,4.300478424242905329e-02,6.452111030651590251e-02,3.426651799764660750e-02,2.966909478891542953e-02,3.443948695648106628e-02,1.044163744659787167e-02,4.965397089563891586e-02,1.804616909247358514e-02,1.868148363607256487e-02,1.823726322747339437e-02,3.212883640333620561e-02,1.689599621860159162e-01,0.000000000000000000e+00,1.800786196959195395e-01,9.237077220644891729e-02,7.024011823853468228e-02,3.238084082831774874e-02,3.376107214312013688e-02,6.504525493473742488e-03,1.306428082492135621e-02,3.734056353691676822e-02,1.045674614466721164e-02,1.418547892270762001e-02,1.312329906109201876e-03,3.460223482469455131e-03,4.144816654831093815e-03,5.079519520844947688e-04,1.352379938903511053e-03,1.334900754855010722e-03,5.600107811824715960e-03,1.274779809458819260e-02,6.103715487181497626e-04,2.052762902602298968e-03,1.605134834153202836e-02,1.747306021436508721e-03,9.452395984203595947e-03,3.574991170582731553e-03,2.149748964376090032e-02,3.016287487573295414e-02,1.129183914625654477e-02,2.787943464419423770e-02,3.755801356060682692e-03,5.823419187544691400e-03,2.728567433363608121e-04,6.886249260568468597e-04,2.956800428286116087e-03,2.904576790650988116e-03,6.712730667459754219e-03,7.912583386434374894e-04,7.473523985865627994e-04,4.654515604602654094e-03,1.161586057498553357e-02,8.388654068723512937e-04,1.677135889449058847e-03,7.847483844919581715e-04,1.298927487552114417e-03,2.302781267451319176e-03,7.084147554819555156e-04,1.915100282631595954e-03,7.448482507349724925e-04,2.124549329637270487e-03,4.686393263219295713e-04,6.837750984096387791e-03,4.146337050646324747e-03,6.124374562932014508e-03
1.006589808501847164e-02,1.133156563645204562e-02,5.138403742932198121e-02,2.261366691924359199e-02,2.722631175299870809e-02,5.157909103916251056e-03,3.953000879205243357e-04,5.642453584890284868e-02,1.898997259633554077e-02,4.458028756314215413e-02,2.286194741920606968e-02,8.060343567392914965e-04,2.651552370551904861e-02,1.853977746734172469e-02,3.785673584354544430e-02,5.953684508320389139e-03,6.153683453733726008e-03,5.205508900132549410e-02,1.800786196959195395e-01,0.000000000000000000e+00,1.368824325304024980e-01,1.899495546552009695e-01,9.660930921631394330e-02,5.589987904647589212e-02,6.370527523023176986e-02,6.162934515487526049e-03,4.104887654482859000e-02,3.729853512242709002e-02,1.107217669989367381e-02,2.223362297317397259e-03,4.446268654807175244e-03,3.346586993970129646e-03,4.268890053283936302e-03,8.454176114257173913e-03,9.608131431477736142e-03,6.272417740749925558e-03,2.343075431286271645e-02,5.357610405171829744e-04,4.144857572272073534e-03,1.004897876212119956e-02,3.121854591623850466e-03,1.073111732716947736e-02,1.095562189708787493e-02,2.392852564930561879e-02,1.363314966807447704e-03,1.222540683433409299e-03,2.723829615089433907e-03,2.768693617735887205e-03,1.516179850101620138e-02,2.438027755442139649e-02,8.157288821332056572e-03,2.115348426743475854e-02,1.761047028954333335e-02,8.070248707999798030e-03,1.221838404871658816e-03,7.944762417835581417e-03,1.882037206651833265e-03,3.885609093041654180e-03,3.500083109783459854e-03,1.642148507712909216e-03,1.338606540126418849e-03,1.120530685929487262e-03,3.382276540297859003e-03,1.369846071378587153e-02,3.256502888128802366e-03,3.101875099385555806e-03,1.928661810272844224e-02,1.208526242668048548e-02,5.995755596387063180e-03,1.093025929775756806e-02,8.409465235538577874e-03
2.391997238884962379e-02,1.452914079534687285e-02,3.669432059325786200e-02,1.943506880312226986e-02,3.423905540819193599e-02,2.683459087022700262e-03,9.959390040100964472e-03,3.890786376468009095e-02,2.643806341965378170e-02,1.955659445440473265e-02,2.677149865380596544e-02,4.675559159163010167e-03,1.271822338735761199e-02,2.235463512091398139e-02,3.379254800674658110e-02,1.944259023348038351e-02,4.108492247694932320e-02,1.046404014362018187e-01,9.237077220644891729e-02,1.368824325304024980e-01,0.000000000000000000e+00,2.665899527201937014e-01,1.768569708818056585e-01,2.240267430340385779e-01,2.825808107257457916e-02,9.474239474430637409e-02,5.551326695430830460e-02,1.932710883899350224e-02,2.321192856298097407e-02,1.806832567209240700e-03,1.935149721826025584e-02,4.984463114041040241e-03,2.585553591955517139e-03,1.996368596825684461e-02,1.114192041819254617e-02,7.654916771600771231e-04,3.651590326930037600e-02,9.767664596083395004e-03,5.668783911074165918e-03,1.250601200088622203e-02,2.170914745294085305e-02,9.690277066224380759e-03,2.804822518330710168e-03,1.498960717741524770e-02,3.210639301901498099e-02,1.805154869258586989e-03,1.639384602382398803e-02,7.000900264756939467e-03,5.810846909832372356e-03,3.569281514979770736e-03,7.568243108733494970e-03,1.069363774452901372e-02,2.018026639135206152e-03,1.122263167907076864e-02,6.631077776090107305e-04,2.268068814245152677e-04,7.522463296341154806e-03,1.109861244917849203e-03,1.656605089499073096e-03,2.532934113456699905e-03,1.382291988440132379e-03,7.700714300264834694e-03,6.397516884115088225e-03,5.780175550660563398e-03,1.944123918630976527e-02,1.021454176354317546e-02,2.800193027556074042e-03,8.476525093162377497e-03,4.991798541596816075e-02,1.529274327755451163e-02,6.964399688590899862e-02
1.725922038063523734e-02,9.153600955390032295e-03,2.790113475089064932e-02,5.441165906887328665e-03,1.781362070962184962e-02,1.394463208351007059e-02,4.193546960660239978e-03,3.117764411231149432e-02,2.794511075796457175e-02,2.392519197226053440e-02,3.368201376476177150e-02,3.470310633317970871e-03,3.526710641589859106e-03,1.473333810400723545e-02,2.370225516038498847e-02,4.050119616504032315e-03,1.648922459556343909e-02,2.100706626627833751e-02,7.024011823853468228e-02,1.899495546552009695e-01,2.665899527201937014e-01,0.000000000000000000e+00,2.992838049590164085e-01,2.950346475772687715e-01,1.961853107790193229e-01,4.362385932501874203e-02,1.365107510696478288e-01,3.964934676128360064e-02,1.235478802559083697e-02,3.919636104272993665e-02,7.895576488735185638e-03,2.582104746038304047e-02,1.547198215555567469e-02,4.557249696899224288e-03,1.018550131217798964e-02,4.627993852585652636e-03,3.203111535838565598e-03,5.700547742836462733e-03,6.341445155462510945e-04,3.975044931259785058e-03,4.640729306813103257e-03,8.166768950126810159e-03,1.314242677684446074e-03,4.262728835400719785e-02,4.052053139481364731e-03,7.967292211285425738e-03,7.649901031371982886e-03,1.920445875180628063e-03,1.801146391038331920e-02,1.989290274386052836e-03,6.385067027242910531e-03,2.373422588858772539e-02,3.492877304340706850e-03,9.863215899414406063e-04,3.438448212452551410e-03,3.334427217145922388e-03,1.074036373176288223e-02,4.414672477465924998e-03,2.534845803891722094e-02,6.672178969518285062e-03,2.129446003957724196e-02,1.490293351235268821e-02,8.159163851189827482e-03,3.622965388968748830e-03,4.109948972904031196e-03,1.002953680162922863e-02,1.398756814342913372e-02,3.025286360512876443e-02,6.044328746399402208e-03,2.114224428102086731e-02,2.161988459132902635e-02
