0.000000000000000000e+00,4.177556270635961189e-02,2.525970449216353303e-02,6.261029560608949440e-02,3.233648720233375795e-02,1.763770999111755403e-02,2.855599179957428110e-02,1.077239632635574457e-02,3.144038623469080657e-03,3.327773491487640966e-03,7.129166733187445801e-04,2.331991047789117120e-03,5.048053271526596608e-04,1.538025122655716035e-03,5.382615718868558529e-04,3.461271082135846332e-04,3.837561283873957294e-04,3.356508833613810051e-04,2.242667402086377052e-03,3.734673240245526258e-04,2.733147220410975936e-03,1.339085521053648637e-03,3.637138170714113898e-04,4.699128744766552690e-04,2.565812141550101282e-03,7.416973202169858861e-04,2.518192063874625033e-03,3.260768890992323584e-03,5.625504219062618660e-03,5.714496607073373674e-03,4.299660624671153633e-03,5.238088557478826242e-03,2.369040025158674831e-03,1.944643124235961168e-03,1.424014038511411213e-03,5.402724995015601838e-04,1.306576806642167823e-04,3.048655781878803071e-04,2.302981771612564322e-04,3.654279945169502204e-04,5.822745221258247015e-04,3.198919995814261067e-03,2.225299009408730332e-03,3.072507505217622441e-03,5.008891632556195482e-03,1.056906964633669852e-03,7.704789100598149467e-04,2.254094103137011841e-03,2.567236326537882755e-03,7.030708171496299463e-04,7.037365752726434855e-04,8.113149446075520544e-04,4.608347863851761875e-04,2.947179610888528748e-04,1.191168603046683814e-03,1.075653827234350881e-03,1.323130428607668290e-03,1.776294295076306581e-03,1.455975711640181494e-04,3.803212236820651998e-04,1.643939210059916695e-04,3.847335319570535520e-04,3.898588006586359961e-04,4.311963292205942639e-04,1.621977839451581738e-03,1.538167774475579378e-03,1.867849777853604430e-04,1.208582346314024045e-03,3.601996705471657650e-04,3.160500864792658172e-04,1.568819018018610147e-04
4.177556270635961189e-02,0.000000000000000000e+00,6.605654263512689139e-02,3.187486001364757404e-02,6.380604444878454351e-02,1.574701422593694985e-02,2.722873345877016224e-02,1.099453633516184886e-02,4.390458980429279290e-03,1.603240783382340034e-03,7.571843532299575921e-04,1.084839888380747640e-03,1.384197450949988277e-03,1.328856548964810680e-03,1.484652916829810952e-04,5.572472296355790791e-04,1.436538389610667954e-03,4.248604278485146953e-04,1.520835551037165011e-03,4.726191569955960712e-04,2.033466201374853691e-03,1.357170775433195456e-04,1.516422831151447706e-03,1.212590348359317050e-04,9.646026048867250777e-04,3.137423719399158161e-04,1.818195234646510870e-03,3.652201425160152195e-03,5.691967069922821906e-03,4.631067410033163669e-03,2.799945263012925539e-03,2.239228779006097701e-03,1.779739717825435611e-03,1.622950005152595755e-03,2.414701943573354000e-03,9.459939722328595483e-04,4.197541949554705427e-04,6.527775319374960056e-04,3.895167570150184495e-04,3.537231420571923589e-04,1.573101891493601523e-03,2.618563193209443203e-03,4.435617042131173755e-03,4.626844408839499330e-03,2.163706161218862962e-03,1.745641660709878551e-03,1.603962625011485718e-03,1.866893299217539095e-03,2.225002603094925358e-03,2.176255039062299605e-03,2.151434392000035976e-03,1.582570581869491115e-03,5.516832068328197209e-04,9.487240668651443542e-04,9.615215668663980178e-04,2.412442829264945660e-04,1.164667460315687566e-03,7.267732175350335002e-04,6.804385955922262605e-04,9.676935838690925527e-04,2.110374392688535265e-03,7.150275383643115963e-04,1.330304043787563671e-03,2.852895482893793243e-04,3.086904602259547478e-03,2.377674138373999085e-03,2.378656897378796857e-04,1.558194919623201967e-03,7.104576492524291133e-04,9.726035447035662673e-04,1.286775219180744882e-04
2.525970449216353303e-02,6.605654263512689139e-02,0.000000000000000000e+00,7.093845759766123638e-02,8.016700431582900188e-02,6.769053370015541693e-02,3.164551023703236071e-02,1.239068159241922713e-02,1.340120494047317319e-02,9.005657240363328445e-03,1.636656015975047895e-02,8.082138086753341485e-03,1.683719804810298237e-03,1.933039406046182900e-03,7.513665021734701813e-04,3.623586497164128697e-03,2.070129068949913467e-03,8.390897721120713299e-04,3.261802617178343865e-03,1.341851326943139253e-03,4.880413293063969688e-04,5.800761328673395339e-04,4.053289477902356102e-04,1.565150223676447334e-03,1.578424880737924795e-03,7.288583638033389964e-04,2.963111249084175638e-03,3.361494402181928846e-03,2.974948360974956352e-03,1.483262658201477645e-03,2.755211218642453132e-03,1.719993493974651070e-03,3.539751473896080199e-03,2.822094385362288339e-03,1.167620444398205590e-03,3.008842946626252607e-04,3.107257120168770213e-04,6.462894723677474343e-04,1.312272706125359968e-03,1.561342526583676471e-03,2.032455505087312538e-03,1.674467752896818904e-03,4.196941132668235703e-04,7.450925145395436095e-04,9.961019514894316196e-04,1.892130293959679412e-03,3.088229476938873872e-03,1.709078136640933103e-03,2.154240491274786885e-03,1.427260413966573551e-03,1.361737296009926006e-03,2.698168481604760766e-04,1.648723726247091487e-03,3.241479503436568493e-04,2.744581198768963263e-04,6.931896506161678000e-04,3.088891365337459146e-04,3.479738720836458138e-04,1.037566737153106317e-03,5.697689302629623757e-04,5.177628360496117424e-03,4.033146792362452167e-03,1.694602708983611533e-03,8.172426373047248687e-04,4.148882640145947973e-03,3.071618295286631436e-03,1.806937621771572593e-03,8.879048735939005762e-04,1.044689094589908510e-03,1.206479917898568887e-03,2.660485831261590788e-04
6.261029560608949440e-02,3.187486001364757404e-02,7.093845759766123638e-02,0.000000000000000000e+00,4.612821817143916703e-02,2.507127312086921203e-02,5.987040669011908789e-02,4.511931655215290285e-03,3.426340250647205189e-03,3.739370831590537424e-03,6.808016565023513288e-03,1.782489801211736445e-03,2.283329002045163692e-03,2.460888728469130989e-03,2.757994703550011809e-03,3.690472010597110192e-03,2.255693287957781339e-03,3.314791285698221249e-03,1.583684454040519508e-03,3.793963053810323841e-03,9.533417835521343277e-04,1.453390291695336655e-03,3.918074847696948783e-03,4.359599419132365126e-04,1.143554600310612603e-03,1.694694992235278811e-03,2.563979197502508464e-04,1.439832101409480904e-03,8.095524426104785997e-04,5.527717558609901959e-04,1.849311297485996741e-03,3.320089312071403901e-03,3.657640832309702692e-03,2.397767229312250913e-03,1.624883480970709801e-03,6.007432568122315734e-04,1.745251486957016124e-03,3.785016063908708934e-04,7.114556234085854395e-04,5.379151410463249312e-04,4.047765347504481072e-04,3.596352774875871509e-03,2.219383652143604863e-03,1.847589982003679720e-03,1.472255968903639183e-03,2.471060109875541574e-03,2.529129728248322075e-03,1.164582578046777271e-03,2.033764897986676309e-03,3.163019473242336798e-03,3.404370820462173774e-03,8.462579685563311653e-04,1.605476133478667567e-03,5.029114373952808933e-04,2.623068678374647247e-04,1.743116729840250801e-03,8.438484761155979176e-04,1.538966503910373183e-03,5.943058615353973267e-04,2.629940456746474725e-03,1.242395308446037246e-03,7.961876621588278354e-04,2.994961928373245878e-03,9.847237390880724927e-04,1.962465224345066872e-03,4.997874855447947094e-03,1.279633730069020285e-03,4.299237561767397381e-03,1.687239343082959061e-03,5.528691578531910386e-03,1.653039455609954089e-03
3.233648720233375795e-02,6.380604444878454351e-02,8.016700431582900188e-02,4.612821817143916703e-02,0.000000000000000000e+00,4.574078997206768027e-02,3.235184110885930275e-02,4.295379969057021990e-02,3.103498117073695550e-02,2.222693987941159327e-02,9.540904298737629477e-03,2.834049427137262135e-03,1.092148625720200210e-02,3.461795556031156598e-03,2.100251483293978649e-03,3.189904852465896400e-03,7.191196174265880982e-04,8.094629182481938951e-04,2.438618318477461452e-03,9.396435364559160277e-04,7.884295460224089239e-04,4.562232728345751490e-04,9.755782282007020986e-04,1.850684986382829375e-03,9.030263752597788955e-04,7.602141592704913771e-04,4.056003661680666721e-03,5.907636879554312159e-03,1.172587366179539707e-03,3.764950996943825651e-03,2.144396142320186254e-03,1.935454260900671590e-03,2.760075079673483811e-03,1.822468018192155296e-03,1.739568425045392042e-03,4.321014292811393813e-03,4.371658678752319053e-04,1.149767555988655179e-03,1.913660262020640181e-03,7.851833444364106612e-04,2.537193142623151657e-03,7.644873109762436066e-03,1.111238819943009479e-02,1.129440659081256716e-02,5.776913454500451871e-03,1.321268636323113350e-03,4.588559395533060707e-04,2.895124613799895247e-03,1.304344253991758431e-03,3.517002343842941508e-03,1.668761346572827453e-03,1.567323617053775504e-03,5.213324826461357333e-04,8.220924842296347583e-04,5.359320269719477104e-04,1.020921907905132306e-03,1.776960750365027012e-03,9.093033005374830070e-04,6.298560774897115147e-04,3.481581076615773273e-03,1.406618843273674735e-03,4.184606173901381579e-03,1.968436689933194400e-03,1.727526249077455554e-03,4.701683724878072401e-03,4.041545944255612623e-03,5.645751646631080129e-04,3.630302390341781215e-03,9.064718358653158208e-04,1.002882673971072823e-03,1.046693357495241542e-03
1.763770999111755403e-02,1.574701422593694985e-02,6.769053370015541693e-02,2.507127312086921203e-02,4.574078997206768027e-02,0.000000000000000000e+00,3.732584775110460440e-02,2.126984658214098670e-02,7.295918700163944726e-02,1.674698307241877238e-02,2.888983733692291819e-02,5.467746718580326210e-03,4.757165672759629087e-03,1.430429586530160150e-03,3.054842940875429538e-03,2.886599999787177202e-03,3.114247554003020759e-04,7.657933479024809850e-04,2.521636323887707729e-03,3.968843599687521431e-04,2.193338251034826578e-03,5.950759675656592217e-03,1.355452061062570410e-03,2.247739885845835821e-03,2.428966846566624812e-03,3.222487109043378935e-03,4.354245691350712433e-03,5.458950206526974082e-03,6.195681657808226918e-04,2.056155964998053736e-03,3.777987492257659126e-03,9.791083817054233637e-04,2.347229340669175317e-03,1.737565112214587175e-03,1.032399792760440877e-03,1.047487519465811453e-03,2.713644744756900547e-03,2.689407795362686732e-03,3.414787076590522844e-03,4.004820863716983433e-03,2.680054206431480707e-03,2.432032169913060388e-03,4.389869353469948859e-03,1.571234658022832532e-03,8.152724991678744846e-04,8.642989748882663574e-04,3.171052236837883774e-04,2.900495857762245243e-04,7.873459667670088457e-04,7.179286900087745657e-04,3.037021417460760721e-04,3.741500986035497644e-04,1.222307705393105856e-03,2.163955025084233694e-03,7.705629013137931579e-04,4.264812363930335507e-04,2.831484406374810536e-03,4.658679732679156592e-04,4.052426126629325872e-04,4.651346444805398023e-03,1.398170288142392120e-03,9.176908039225918851e-04,1.805721317431446078e-03,8.601077598828202244e-04,1.530667639335730502e-03,2.423891906609277301e-03,2.068011726174202175e-03,2.934165278579287540e-03,2.973216417385785969e-03,1.142619108929648604e-03,9.791473516119122023e-04
2.855599179957428110e-02,2.722873345877016224e-02,3.164551023703236071e-02,5.987040669011908789e-02,3.235184110885930275e-02,3.732584775110460440e-02,0.000000000000000000e+00,5.256761067288020367e-02,2.833261917386196982e-02,5.297136804185451769e-02,3.342193349404297409e-02,1.010619353589271852e-02,2.405626095008526772e-03,2.145526404511257420e-03,1.746698006759242125e-03,3.245007460674670125e-03,5.708966547407631157e-04,5.288189125468151924e-03,1.042791428862193314e-03,4.300574938860014513e-04,9.841797411930912343e-04,3.288450069155741517e-03,1.227622031796718515e-03,3.119027050093683886e-03,9.721773878222985396e-04,4.987453510146032387e-03,3.641542772642100256e-03,1.808279567401921764e-03,2.947832815528194294e-04,2.112839407253483577e-03,2.745739850547558245e-03,2.078602023238494169e-03,4.534214297374026398e-03,4.928249323151469991e-03,1.476338729671669656e-03,2.505212096909250740e-03,3.592067411609937977e-03,5.218477658872151294e-03,2.824414968625818360e-03,2.273014936005023773e-03,8.147616865863630681e-04,2.289628423020403144e-03,1.344724973223917737e-03,7.500948376276368257e-04,1.331731689526268825e-03,1.167766658886894683e-03,7.054706011966046207e-03,6.839211071137557855e-04,8.877362858919282673e-04,1.387026016082397754e-03,2.010052993588342263e-03,8.152076763837209266e-04,7.419874542128832842e-04,3.223909463782231866e-03,7.017074671522010188e-04,3.001123818362861056e-03,1.709319035057229198e-03,3.887314481349793144e-03,2.760417212467240668e-03,1.994237501016385763e-03,6.649724917674613902e-04,4.086333401195793536e-04,1.768551897435028135e-03,9.344556534591132602e-04,1.024749683314053923e-03,3.996581104995411589e-03,9.220491944410058116e-04,8.596688977377787109e-04,3.925858491591455428e-04,1.774201765154701524e-03,2.530652320925082070e-03
1.077239632635574457e-02,1.099453633516184886e-02,1.239068159241922713e-02,4.511931655215290285e-03,4.295379969057021990e-02,2.126984658214098670e-02,5.256761067288020367e-02,0.000000000000000000e+00,5.285471758315001684e-02,3.193444639194451679e-02,1.875341832911766107e-02,3.577383818903369372e-02,9.241822645316942475e-03,4.189216662654462499e-03,1.103620265422058933e-03,4.624142293497393412e-03,1.673915764758131166e-03,5.474914404747210353e-04,1.325483066625395001e-03,2.968919869070137888e-03,1.982485387680621523e-03,1.901128247581180750e-02,3.564759075092452899e-03,6.733949575873483806e-03,1.666238916469540629e-02,1.373799873868587068e-02,4.376512848236907842e-04,2.103396200394357790e-03,7.936695305644080479e-04,1.702571858016895976e-03,1.886580898234841005e-03,1.443198720345077561e-03,3.928158196052510334e-03,4.857584906063667531e-03,1.474847101468522870e-03,9.054122442616093901e-04,1.413270817779161770e-03,3.218214568686840298e-03,1.356599765575507502e-03,1.204631284986402810e-03,2.575422487677522885e-03,3.713682601213076986e-03,5.126771384100025676e-03,5.156238772401905944e-03,2.529886616788663400e-03,6.902717356043753562e-03,3.338604381740059926e-03,1.423627627368762418e-03,5.938343533729637099e-04,2.736335682777393113e-03,1.326026286716238973e-03,6.889710072311597960e-03,7.169217362700520089e-04,1.205819621807011381e-03,3.340957438549644817e-03,3.351546325247660787e-03,4.964015275223162410e-04,1.825874175913681959e-03,1.330167352413613420e-03,7.359392635328493130e-04,1.061524037883258918e-03,8.415041699983082622e-04,9.825864491303676687e-03,2.783890066145225384e-03,6.491372036397025612e-03,9.771729930915589238e-03,4.712543121487147192e-03,3.501078972830902990e-03,2.567969291315812860e-03,3.077044510814325434e-03,2.134316885881624819e-03
3.144038623469080657e-03,4.390458980429279290e-03,1.340120494047317319e-02,3.426340250647205189e-03,3.103498117073695550e-02,7.295918700163944726e-02,2.833261917386196982e-02,5.285471758315001684e-02,0.000000000000000000e+00,4.150210865378577141e-02,8.185527015802758488e-02,5.953255969626877753e-02,3.678465575448988060e-03,3.557872510859521036e-03,2.592758052811239017e-03,3.973511656526772934e-03,1.282784647451243364e-03,4.979495810545949818e-04,8.271066192039113222e-04,5.294440995441959197e-04,6.942474353759379123e-03,9.032557119822781991e-03,9.454640964414971760e-03,8.341414117108206933e-03,9.800840527473243802e-03,5.894478070802932831e-03,1.002571880424929333e-02,1.203672945475089788e-02,1.389196133508718714e-03,9.519578627023853523e-04,4.150237977742841748e-03,2.578843791086822285e-03,8.789020569221248080e-03,1.158465381505664965e-03,3.998024502424351451e-03,2.561989900875988151e-03,3.509983568863516562e-03,1.652676407653708157e-03,1.693242221716376563e-03,6.311473033101358196e-03,2.558086057851262189e-03,1.884128248873573113e-03,2.463320904984634286e-03,2.357683898321390539e-03,6.270385324409218954e-03,4.496309560630024917e-04,7.181714454194135060e-03,1.137350928711423816e-03,2.496837424559253654e-03,2.401941229384518210e-03,3.615645666105265360e-03,1.675139616294175167e-03,3.852804061072232378e-03,2.271684204504004819e-03,1.371283347903330761e-03,1.483786439207823932e-03,1.988598469766761356e-03,3.243037569141459051e-03,3.526374245848231184e-03,5.554584722809307630e-03,6.881964931916075305e-04,2.196931828566671494e-03,2.390497413814871800e-03,4.327130394287969674e-03,2.654097449058826375e-03,1.454796971757975040e-03,2.220359663546443360e-03,1.478755392014692843e-03,9.145728621889899056e-04,1.476508788338091061e-03,3.523680346206990331e-04
3.327773491487640966e-03,1.603240783382340034e-03,9.005657240363328445e-03,3.739370831590537424e-03,2.222693987941159327e-02,1.674698307241877238e-02,5.297136804185451769e-02,3.193444639194451679e-02,4.150210865378577141e-02,0.000000000000000000e+00,4.131391167085730204e-02,4.950304778336512418e-03,1.486608672320049486e-02,1.073979803193076364e-02,5.819970975148204204e-03,4.762528746758464340e-03,1.699984248188272321e-03,2.338390486840974305e-03,9.811702685958727157e-04,1.040061463900449935e-02,2.345118915953606133e-03,1.410341117872665993e-02,1.616711856651704710e-03,2.085796481391803681e-02,1.064880660786135351e-02,4.458746273989999502e-03,7.471665851443761580e-03,9.859378898955694845e-03,5.330070426363628551e-03,1.096419380749501932e-02,2.733055683646317801e-03,6.711638585329986542e-03,6.281316101163207481e-03,1.808402145930965198e-03,2.517219028267194368e-03,5.936611273027371386e-04,2.386762311335368682e-03,8.640126315950225760e-03,3.479592150654992489e-03,3.809973200500687152e-03,6.172488960609213114e-03,2.637138329425791142e-03,1.167035001850195985e-02,2.035154214344408498e-03,3.270864030096813993e-03,6.722063523134542973e-03,1.725112795325262245e-03,2.448199754992996802e-03,3.133969929062137456e-03,6.654281545579633292e-03,6.444358879259410797e-03,9.649293853312895580e-04,2.927152289682640861e-04,2.661424482592298930e-03,6.145191377178392186e-03,2.217317703392706393e-03,3.627371046716569960e-04,1.244313629695962403e-03,5.688954646634350422e-04,4.300401373114380241e-03,5.874172450167186067e-03,1.305904871791499977e-03,3.643568041509575098e-03,1.980454332480017024e-03,8.861682162689702921e-04,6.916004102772687614e-04,2.186416679201702747e-03,6.515095471539389393e-03,6.179489355959756928e-04,2.809445802713605479e-03,4.161487710901521850e-03
7.129166733187445801e-04,7.571843532299575921e-04,1.636656015975047895e-02,6.808016565023513288e-03,9.540904298737629477e-03,2.888983733692291819e-02,3.342193349404297409e-02,1.875341832911766107e-02,8.185527015802758488e-02,4.131391167085730204e-02,0.000000000000000000e+00,6.197064396951268428e-02,1.614486349622504258e-02,1.279823385618741004e-02,2.611641508460706314e-03,1.436758674431047903e-03,1.865734487650931106e-03,2.391491983820022774e-03,5.765132836503016230e-03,7.652794963593946044e-03,2.385592615072090229e-03,7.924279777216897830e-03,8.784529515097051723e-04,7.887781270085787028e-03,2.278397805244355284e-02,5.246422941894365172e-03,2.054211309674932196e-03,8.325282023065695008e-03,1.268337087335725481e-03,3.730179628541317651e-03,1.251723735754484189e-03,3.591321213208571641e-03,4.275858936592401294e-03,6.477659046669801248e-04,6.472074570671061807e-04,3.081131147526206503e-03,5.844631854819888790e-03,5.410050527167521023e-03,1.278030271570220616e-03,5.241979663922200113e-03,4.698451985894841650e-03,9.313535418325972343e-03,9.120034352727585808e-03,6.650682325248302891e-03,4.284024487517486442e-03,1.078619642871637453e-02,2.465563419908380679e-03,1.328537617694199036e-03,1.706709869324533413e-03,3.167325337450335818e-03,8.429137304206287505e-04,5.065444489863696158e-03,2.383701933760994096e-03,3.042308041742280283e-03,6.479866537289597286e-03,2.529170990538622335e-03,6.569900530637856617e-04,3.039253884101025469e-03,4.030346192880596124e-04,8.619016132434261868e-04,1.414918600100560208e-03,6.244460144806149131e-03,1.308227207314076150e-02,9.054711744921423167e-03,1.161883980943506124e-02,6.517087641835919015e-03,6.110066795016174356e-03,4.998276051836864076e-03,1.422150812487580750e-03,2.346158041695209015e-03,2.751812824336894066e-03
2.331991047789117120e-03,1.084839888380747640e-03,8.082138086753341485e-03,1.782489801211736445e-03,2.834049427137262135e-03,5.467746718580326210e-03,1.010619353589271852e-02,3.577383818903369372e-02,5.953255969626877753e-02,4.950304778336512418e-03,6.197064396951268428e-02,0.000000000000000000e+00,1.249804929723708283e-02,1.304680196570329881e-02,1.342542327384395849e-02,6.256778118313339326e-03,1.654201700314994472e-03,1.133987991391409780e-02,8.903388803895758916e-03,2.068983829590361617e-02,5.949976335887447246e-04,1.359888124962459286e-03,1.895423237624504348e-02,2.315055752247048917e-02,4.444383066918645639e-03,4.044949270521669242e-03,2.605932110270829313e-02,1.798966654571563031e-02,1.423780769938164971e-02,1.259601899288201148e-02,8.144755703612805223e-03,1.270594553574162615e-02,7.710851458691480968e-03,3.251082787394201246e-03,2.088147727980733254e-03,8.261078162060955191e-04,1.100581062141186076e-02,9.690851542587470072e-03,2.611718485962142428e-02,4.420587984936390387e-03,3.184072256663939698e-03,5.085081733039321060e-03,1.588163650810275537e-02,3.976065287898477608e-03,6.187542243221925108e-03,3.487082818365076949e-03,1.240814001339121762e-03,2.481955416961594257e-03,1.739423516749873718e-03,4.106513114153101038e-03,4.624882674926516016e-03,4.036047552038415920e-03,5.261689286951725568e-04,9.971118605097146603e-04,3.201820113764848423e-03,1.169899576951252034e-03,1.051947700419194557e-03,1.395880287218571577e-03,3.074833912004587642e-03,4.300733068902197476e-03,1.330690859320447089e-03,7.265161855354322542e-04,6.536357899370223712e-03,8.597327163215141149e-03,2.944385371588964344e-03,8.291558352342965873e-04,4.402287759779678795e-03,5.600475160723239997e-03,1.774635070198639321e-03,4.150730377811670015e-03,4.611652337534063138e-03
5.048053271526596608e-04,1.384197450949988277e-03,1.683719804810298237e-03,2.283329002045163692e-03,1.092148625720200210e-02,4.757165672759629087e-03,2.405626095008526772e-03,9.241822645316942475e-03,3.678465575448988060e-03,1.486608672320049486e-02,1.614486349622504258e-02,1.249804929723708283e-02,0.000000000000000000e+00,7.215521338579240773e-02,3.476408331176696065e-02,8.708838088503738362e-02,1.561649755811406540e-02,2.270629945186272355e-02,4.518339212812329947e-02,2.407818542179859453e-02,1.025710894967177787e-02,8.355075742990401844e-03,2.611314244122312292e-02,7.286956002320368539e-03,4.137793492316408500e-02,1.165379154175356230e-02,2.141337881978690530e-02,3.769912090577789976e-02,5.241733263668627019e-03,1.044038998317410767e-02,7.204708408206712128e-03,2.195778319407980760e-03,1.344740877612304354e-02,2.071508259154598939e-03,5.253401891885303016e-03,1.207965040028059290e-03,2.434694612871502947e-03,2.595649275379997237e-03,2.112197318040403594e-03,2.221154322865021968e-03,1.549072360411690372e-03,3.730178986136314760e-03,9.139498530307559390e-03,3.685394494185962374e-03,8.700868106549265995e-04,1.096725590908675723e-03,1.801187948554128357e-03,3.041083678611130377e-03,4.680135418877143239e-03,2.421041090935892141e-03,8.697481670912074556e-04,1.676980507003497569e-03,4.596904832945872613e-03,3.713407668703821649e-03,6.328802868770900397e-03,1.303449627764157641e-03,1.387972936479349786e-02,3.380659763476797676e-03,1.021185971817217385e-03,1.316602852179748866e-02,2.265596219112317629e-03,6.026256025003807852e-03,3.843833412052152874e-03,1.668761134682788302e-03,4.045204142304197233e-03,9.416323275567881979e-04,3.382457735147103846e-04,2.630377628636909170e-03,2.440455031712839614e-03,1.249297815415619482e-03,1.090674639822525717e-03
1.538025122655716035e-03,1.328856548964810680e-03,1.933039406046182900e-03,2.460888728469130989e-03,3.461795556031156598e-03,1.430429586530160150e-03,2.145526404511257420e-03,4.189216662654462499e-03,3.557872510859521036e-03,1.073979803193076364e-02,1.279823385618741004e-02,1.304680196570329881e-02,7.215521338579240773e-02,0.000000000000000000e+00,5.674533278238478445e-02,2.599469601855696008e-03,1.739145243438068936e-02,2.565191448570304511e-02,6.787194723086678594e-02,8.711492647684203339e-02,8.179543473045634838e-02,5.148697069815027366e-02,2.008199768120141615e-01,1.289940811984514324e-01,6.716896854923529170e-02,1.952256585796964886e-02,1.743167863839223952e-01,1.190525588636820870e-01,2.778262182394935012e-02,2.824035986166672021e-02,3.426274861049648929e-02,5.765859862213813282e-03,3.816908679505867652e-02,5.324740400726175448e-04,1.622068199507285422e-03,4.823030452406835804e-03,8.691978228986390123e-03,9.561354689538019772e-03,2.181982091239156873e-02,9.290460984978885298e-03,2.667604410655366118e-03,1.683319347059322431e-03,2.176284536268206435e-02,8.860052930759103676e-03,1.414884789874228240e-03,2.390932397011965964e-03,2.363453178487935971e-03,2.737010808860086339e-03,1.739808979776097950e-03,9.700760811622259746e-04,2.728065332315016654e-03,6.665578647868458662e-03,4.068398045393909965e-03,1.794283589153657966e-03,1.730615163654952238e-03,1.338812334662451559e-02,6.093391522531521609e-03,1.142137539169027841e-02,1.156740994768114435e-02,2.082988913026916078e-02,1.254292934981141505e-03,1.671248439038221928e-02,1.584541277300962822e-02,2.367807299435919013e-02,1.902987609097783750e-02,1.151650912532874941e-03,1.092363664801198481e-02,6.634017766245256346e-03,5.115222055676402722e-03,4.283169081087564480e-03,2.381027724249857973e-03
5.382615718868558529e-04,1.484652916829810952e-04,7.513665021734701813e-04,2.757994703550011809e-03,2.100251483293978649e-03,3.054842940875429538e-03,1.746698006759242125e-03,1.103620265422058933e-03,2.592758052811239017e-03,5.819970975148204204e-03,2.611641508460706314e-03,1.342542327384395849e-02,3.476408331176696065e-02,5.674533278238478445e-02,0.000000000000000000e+00,7.368129506883317609e-03,5.246440966820831858e-02,9.846972386482336081e-02,4.598097311105631135e-02,3.825740997247981112e-02,6.763236144075668310e-02,7.211988300762417481e-02,5.008029559589489976e-02,3.368633524859702272e-02,1.701755369520833450e-01,3.096096706016102790e-02,1.941309542511774483e-02,5.652348799707219290e-02,6.185662430922952461e-03,1.876078676542466961e-02,7.724443844187981779e-03,4.626210908552201746e-03,7.677718945393638417e-03,8.284585844748396360e-04,2.696419493419523802e-03,2.673642250341621510e-03,9.159930750838301411e-03,8.003449919914588234e-03,2.553217748920133794e-03,1.970275808824259803e-03,1.037659955101480781e-03,8.368663416003804464e-03,1.198137409969984336e-02,4.779363874614636805e-03,2.905234945705400303e-03,8.321095575062473692e-04,3.256516169494519213e-03,4.586783139819927864e-03,6.828631183707155978e-04,4.400338915191131378e-03,4.042893715787439397e-03,2.674081231659241296e-03,6.583616911719923984e-03,2.594689883650577039e-03,3.838428794310065704e-03,1.814196915461396831e-02,5.601231312385074324e-03,1.658170820823833685e-02,2.063921823829083322e-03,2.314840158278578738e-02,2.520571681991401816e-03,9.059253064910387579e-03,2.753020520319766126e-03,3.308655610798354185e-02,2.469593896573442013e-02,6.404600735631093243e-03,9.361293898801052379e-03,2.707491332051244204e-02,4.186500583877947844e-03,7.242400531836446810e-03,1.328302269450395458e-02
3.461271082135846332e-04,5.572472296355790791e-04,3.623586497164128697e-03,3.690472010597110192e-03,3.189904852465896400e-03,2.886599999787177202e-03,3.245007460674670125e-03,4.624142293497393412e-03,3.973511656526772934e-03,4.762528746758464340e-03,1.436758674431047903e-03,6.256778118313339326e-03,8.708838088503738362e-02,2.599469601855696008e-03,7.368129506883317609e-03,0.000000000000000000e+00,6.515870159231527958e-02,6.818238838831255921e-02,1.428556231660564058e-01,1.061672200700314872e-01,1.139270904019012987e-01,2.791075420590317935e-02,8.710562757393704170e-02,5.582418997445976611e-02,7.507577393849637626e-02,7.934537565265158132e-02,5.855829406345230970e-02,9.725798172412457310e-02,3.348182864979322437e-02,2.729018335604378731e-02,1.131292782711128785e-02,3.502196281502794120e-03,1.323444502964563410e-02,2.915772711785859055e-03,3.276685046802773563e-03,3.940776933840051295e-03,1.631062619178855937e-03,4.570302460241035757e-04,8.186490101387016230e-03,1.088396266929618755e-03,2.506253667339673492e-03,1.562149695569341147e-03,5.473670559361386127e-03,2.267401804114494660e-03,3.588351748750749810e-03,4.311030563402518632e-03,7.174758431815067908e-03,4.673568631504378644e-03,8.617736129710880030e-03,5.185203338512143004e-03,4.393199991256148754e-03,2.727324338201958780e-03,4.699108697923503296e-03,1.356006193409496803e-02,3.662389519616248302e-03,3.461549598570707285e-03,8.397381805158464843e-03,1.144873778334975275e-03,4.379659831901612857e-03,1.125059525800450010e-02,2.361531074665973104e-03,4.124981414506678225e-04,3.029437859802518087e-03,7.991691239638188185e-03,1.580832807376973681e-02,9.568034973385772593e-03,2.660946211079018818e-03,1.176990714533576732e-02,2.337305209097197481e-02,9.795805803234308370e-03,1.003267847032804014e-02
3.837561283873957294e-04,1.436538389610667954e-03,2.070129068949913467e-03,2.255693287957781339e-03,7.191196174265880982e-04,3.114247554003020759e-04,5.708966547407631157e-04,1.673915764758131166e-03,1.282784647451243364e-03,1.699984248188272321e-03,1.865734487650931106e-03,1.654201700314994472e-03,1.561649755811406540e-02,1.739145243438068936e-02,5.246440966820831858e-02,6.515870159231527958e-02,0.000000000000000000e+00,1.358611989089918703e-01,2.405224709530580374e-01,1.739367756808774534e-01,2.463473240707219902e-01,1.203657735579237997e-01,3.802725869579631213e-01,2.195365728179040354e-01,1.843655427243236500e-01,9.645504153469865172e-02,2.795058356181646109e-01,1.481515920856275315e-01,4.381705664013554880e-02,3.987282200712968100e-02,3.129629733328993801e-02,1.181805817970546513e-02,5.493639798321272444e-02,6.994219667136558106e-03,2.474249818919637377e-03,2.951264552340383818e-03,1.000730721795382513e-02,1.099549234786142797e-02,3.598387043864459400e-02,1.485630808409104352e-02,4.979467112819962148e-03,3.669255122037591577e-03,2.821398212167882530e-02,6.599348903728321017e-03,1.428636209971321201e-03,4.642670795002879283e-03,2.259468725866973452e-03,1.770275296887742662e-03,1.995705566565241732e-03,5.720134620094144634e-04,6.577344575657908220e-03,4.866859788390166808e-03,2.216649260967134411e-02,1.105768821028066569e-02,8.294504574732335794e-03,1.140049993027349336e-02,9.718144816349237949e-03,1.443001121434515574e-02,1.436567009995480711e-02,2.536433880472122038e-02,4.115338328588992456e-03,3.020603715872122869e-02,3.007497493634175498e-02,5.147704855365535515e-02,4.965809080268351883e-02,1.293832090101219639e-03,1.063061280973636585e-02,2.197793955359757245e-02,4.489037605933024651e-03,4.168376472571567494e-03,9.095476882015399861e-03
3.356508833613810051e-04,4.248604278485146953e-04,8.390897721120713299e-04,3.314791285698221249e-03,8.094629182481938951e-04,7.657933479024809850e-04,5.288189125468151924e-03,5.474914404747210353e-04,4.979495810545949818e-04,2.338390486840974305e-03,2.391491983820022774e-03,1.133987991391409780e-02,2.270629945186272355e-02,2.565191448570304511e-02,9.846972386482336081e-02,6.818238838831255921e-02,1.358611989089918703e-01,0.000000000000000000e+00,3.737624012811904262e-01,2.887839769340714846e-01,5.397320611988586370e-01,3.623969323858965419e-01,3.587862573968647051e-01,1.987998101643785043e-01,5.215519844946631123e-01,1.632904247060742442e-01,1.115216189613658371e-01,7.349658485972214439e-02,3.526535694070614957e-02,1.298329437947332542e-02,8.159586559247821586e-03,1.459800714357021439e-02,1.387922436652371319e-02,9.348254307631620116e-03,1.212658199933092139e-03,2.009072614646126298e-03,4.150297282254643109e-03,1.344691954316291557e-02,4.076903939570728636e-02,3.606871971857888211e-03,3.085008851160848595e-03,1.894837039759547301e-02,4.664361565090252917e-03,7.857796674221360174e-04,2.857681228599694839e-02,1.311990605899050234e-02,7.206726616048593319e-04,3.652057360425817016e-03,1.426623500191147483e-02,5.972180517976980428e-03,2.393573190564384119e-03,1.501995974752670486e-02,2.192000815966367241e-02,1.506991547508571352e-02,2.284235590149493941e-02,7.574393737247268020e-03,4.694365004277316344e-02,3.407346358377722362e-03,1.094639565056594252e-02,5.106440850722766822e-02,7.814761210949960554e-03,1.751361518564955796e-02,1.637353367006015928e-02,3.901657989104386631e-02,5.705053296879569052e-02,2.021523856791831997e-02,2.446394232275855840e-02,2.197063605257563654e-02,8.562062921486568098e-03,1.635513459346056575e-02,5.766181332371271562e-03
2.242667402086377052e-03,1.520835551037165011e-03,3.261802617178343865e-03,1.583684454040519508e-03,2.438618318477461452e-03,2.521636323887707729e-03,1.042791428862193314e-03,1.325483066625395001e-03,8.271066192039113222e-04,9.811702685958727157e-04,5.765132836503016230e-03,8.903388803895758916e-03,4.518339212812329947e-02,6.787194723086678594e-02,4.598097311105631135e-02,1.428556231660564058e-01,2.405224709530580374e-01,3.737624012811904262e-01,0.000000000000000000e+00,2.835752680237339507e-01,4.059052296534425008e-01,3.072364804408517225e-01,3.553488965993110704e-01,4.219786887391206442e-01,2.529849046659423117e-01,2.819264743725907740e-01,1.795312215609717321e-01,2.741893180029997268e-01,7.654685068199401643e-02,4.980798785797742323e-02,5.313626921873457892e-02,1.966837343222905751e-02,1.687806399473415833e-02,7.874819962888152808e-03,7.064241163447045578e-03,1.147270682774356211e-02,8.665794995211407309e-03,2.640744869489320551e-02,4.632070642428908099e-03,4.324699836615218500e-03,3.795995100955056305e-03,4.775039693719784761e-03,9.266577990520125790e-03,2.234388733479499706e-03,1.298101099929016393e-02,3.997421189889232944e-03,1.717928364607501602e-03,2.873281401512110117e-02,1.567260054638771466e-02,1.035480486305050303e-02,1.217799542723499266e-02,9.953846539926626547e-03,1.434685922555763160e-02,2.988844099884395075e-02,1.936790909179290573e-02,2.528318840982333310e-02,7.927115259990652474e-02,2.349230774137877134e-02,5.127355613124897314e-03,4.734912297872260339e-02,8.976501274961372692e-03,4.558910402373206328e-02,4.757709578352772861e-02,8.845608037179462230e-03,9.236399916590457004e-02,3.527080666398284270e-02,1.288502049992770217e-02,2.089490550140319855e-02,2.543634422788762506e-02,9.572308526484914551e-03,8.688534733218717873e-03
3.734673240245526258e-04,4.726191569955960712e-04,1.341851326943139253e-03,3.793963053810323841e-03,9.396435364559160277e-04,3.968843599687521431e-04,4.300574938860014513e-04,2.968919869070137888e-03,5.294440995441959197e-04,1.040061463900449935e-02,7.652794963593946044e-03,2.068983829590361617e-02,2.407818542179859453e-02,8.711492647684203339e-02,3.825740997247981112e-02,1.061672200700314872e-01,1.739367756808774534e-01,2.887839769340714846e-01,2.835752680237339507e-01,0.000000000000000000e+00,3.837862479231882729e-01,4.221079353906708742e-01,4.060324104251455402e-01,4.467487966190751836e-01,4.160934471717502858e-01,2.121217282422485639e-01,1.954158463153019276e-01,1.221143944039398965e-01,8.912481868578401786e-03,2.391723201374880078e-02,1.501184555026843608e-02,6.914143718367437783e-03,3.462838631001202705e-02,1.109730058652041475e-02,3.331031607385549764e-03,6.690827006403264957e-03,1.871186585835129743e-02,1.870615374436319922e-02,1.658689735646896174e-02,3.806324565864722953e-02,1.664890491586973331e-02,3.396890470839276054e-03,4.123571059547902554e-03,3.547166579704164914e-03,1.855547550200944279e-02,2.402700333033996015e-03,6.246403593777111879e-03,2.151204841964982420e-03,2.072251139291083830e-02,7.281091326091500109e-03,2.949847173550945115e-03,1.241497883487792386e-02,3.083353922542537637e-02,2.953720739819243671e-02,1.550365972430779032e-02,1.171033694136894981e-02,8.379865171760009224e-03,3.635333860588901150e-02,4.231300947216147523e-02,7.641874477786170759e-03,1.505075231369516590e-02,2.257074899952246638e-02,8.146632161921800452e-02,9.276044707439710935e-02,1.362404910219480181e-01,1.777782555808349318e-02,3.935330325997053735e-02,2.557921583345000929e-02,1.675396889195873013e-02,4.588859374193651752e-02,1.410738173677189740e-03
2.733147220410975936e-03,2.033466201374853691e-03,4.880413293063969688e-04,9.533417835521343277e-04,7.884295460224089239e-04,2.193338251034826578e-03,9.841797411930912343e-04,1.982485387680621523e-03,6.942474353759379123e-03,2.345118915953606133e-03,2.385592615072090229e-03,5.949976335887447246e-04,1.025710894967177787e-02,8.179543473045634838e-02,6.763236144075668310e-02,1.139270904019012987e-01,2.463473240707219902e-01,5.397320611988586370e-01,4.059052296534425008e-01,3.837862479231882729e-01,0.000000000000000000e+00,2.986843865320112923e-01,3.582416337874058110e-01,3.981423755286661037e-01,2.850319071512475988e-01,2.746871199298845379e-01,1.586433841837313896e-01,1.628082205522641546e-01,1.970323413767359130e-02,9.854745686316310205e-02,4.070154040628323061e-02,5.124615709700484911e-03,8.536195621622357649e-03,3.060875262309634137e-02,2.228104305455818907e-03,6.015396835732295978e-03,1.441988469288654241e-02,2.269282155447318108e-02,4.549940920847907189e-02,3.009162657468212113e-02,1.259552474836507160e-02,1.176778108673436768e-02,8.365600386098662536e-03,6.472707274765353118e-04,1.108319016513076467e-02,4.525494934177431289e-03,6.347423790959365320e-03,1.047566543935580380e-03,8.413763022731597305e-03,1.056540679200709473e-02,5.056076580869001830e-03,1.366417483979909947e-02,7.557482116155444553e-03,6.622276399477607101e-02,1.666929077566017478e-02,7.122515231747610955e-03,6.120881457470148806e-02,3.546137835615656431e-02,7.700577216474652556e-03,4.339207130959709530e-02,1.139672821005469246e-02,3.989344760317159455e-02,6.785583696378461038e-02,3.512655175907610644e-02,3.402574713445015442e-02,2.036259818489999374e-02,4.976560873430502935e-02,2.487428789313740271e-02,4.348493340682885872e-02,1.645693645235318456e-02,3.467704366291061990e-02
1.339085521053648637e-03,1.357170775433195456e-04,5.800761328673395339e-04,1.453390291695336655e-03,4.562232728345751490e-04,5.950759675656592217e-03,3.288450069155741517e-03,1.901128247581180750e-02,9.032557119822781991e-03,1.410341117872665993e-02,7.924279777216897830e-03,1.359888124962459286e-03,8.355075742990401844e-03,5.148697069815027366e-02,7.211988300762417481e-02,2.791075420590317935e-02,1.203657735579237997e-01,3.623969323858965419e-01,3.072364804408517225e-01,4.221079353906708742e-01,2.986843865320112923e-01,0.000000000000000000e+00,2.886975238003734456e-01,3.252670736283600483e-01,3.383276146455356792e-01,2.263135792677931912e-01,8.374483196673121466e-02,1.318498021800680597e-01,9.988285005079146350e-02,2.597526168683738854e-02,3.588843856503163426e-02,4.775367874048879607e-02,2.739570745268418012e-02,5.659261852737677845e-02,2.694107796303004537e-02,2.454769119313877576e-02,6.835209346692294741e-02,1.703665192632193917e-02,7.619855877674509489e-03,1.426307674094136509e-02,7.911979743771753795e-03,2.049314630523774508e-02,7.578481187290682722e-03,4.203284337045376691e-03,3.626490446631932402e-02,3.443915089216921695e-03,6.374403551527674933e-03,4.612441196416845052e-02,1.348334165294657119e-02,3.117424648805846091e-02,1.597293627796526547e-02,3.045423956339795082e-02,2.894615489095097444e-02,7.930905591091681750e-02,4.632500888431190234e-02,7.523943438583360899e-02,5.613833493099007477e-02,2.861269460030152131e-02,2.504052204507091831e-02,4.105130626330878024e-02,6.575098478679959613e-02,2.960384688403159062e-02,6.571511872516919150e-02,9.693336126138926701e-02,1.234714516444578199e-02,8.396352288701110222e-02,7.099227815614046755e-02,6.852266644373547488e-02,1.072478562786457340e-02,2.165132190954852792e-02,2.702331238497375845e-02
