0.000000000000000000e+00,3.880687888560278159e-03,9.346167889320805555e-02,7.428369079867656877e-02,9.628171098021046093e-02,1.953778855559035882e-02,3.650636040531068938e-02,4.110036805836358303e-02,8.070578262733656139e-03,1.772421869721689525e-02,6.200518411476653446e-03,6.766993775578558634e-02,5.985375059246130641e-02,4.944263245772975018e-02,7.913507424223541198e-02,4.425724209841785939e-02,6.896234798142375499e-02,1.173347499825416751e-02,1.723615139259123547e-02,6.349321580848502761e-03,1.093166165731504144e-02,1.532891409462457284e-02,1.845763575272047494e-03,3.604274219686165459e-02,5.505577263286896839e-03,2.042744696389794598e-02,1.346780144555032206e-02,5.573581368483179928e-03,4.055484525728032807e-02,5.768371435659369606e-02,5.978718296786403666e-03,1.476990932783494616e-02,3.454066462313567371e-02,3.832009076851782686e-02,1.721827800157513591e-02,2.287872691955232518e-02,1.089811343056935715e-02,1.349588503648637382e-02,6.148527263272338811e-03,3.324020513883662459e-02,3.386106279182125173e-02,2.354601460464044588e-02,1.603919395225135783e-02,2.532566125817434233e-02,1.254240567970616935e-02,7.781682320050467734e-03,2.407622440051475354e-02,1.217147777031054798e-02,6.702887093868434114e-03,1.408499921721151522e-02,2.365887860855551278e-02,2.075219734699652353e-03,1.013945303694094476e-02,6.304222972181491511e-03,2.607920645448557999e-03,2.289669569136480818e-03,9.158956870941593583e-04,1.751544328035938534e-03,3.738943770229815038e-03,5.088562240479723407e-03,9.303172777540910524e-04,1.321337301868189679e-02,1.726171113071986798e-02,2.615037653684728052e-03,2.696344122267991996e-03,1.128235648568365855e-02,7.387385368868498248e-04,6.944622931775720071e-03,1.480703644303340595e-02,6.131952131340052958e-03,7.387240696889973458e-03,1.137081513636875509e-03,7.795027230626046418e-03,5.201043418482876636e-03,1.199343030393041146e-02,6.083605669464807984e-03,2.489846645533794808e-03,6.839300340220025309e-03,3.619085928708221621e-03,1.788345268454608148e-03,8.955501352424392663e-04,3.198976612039108273e-03,5.992246260028892199e-03,7.184446504433876762e-04,1.221932335669679561e-03,2.930302531562420029e-03,1.102997273667996559e-03,3.325635946093133052e-03,4.603210825221544684e-03,7.087904591388897828e-03,1.148773410437009881e-02,1.263413388668186733e-02,2.227476979550916877e-02,8.230500582225217659e-03,1.592002739251760501e-02,3.937794689298015904e-03,5.823537674283720163e-03,1.365810073406421854e-02,5.009909463633946229e-03,5.240340429141068616e-03,1.290280305895031773e-02,1.088867782884987007e-02,3.869383471077005639e-03,5.391872350931493744e-03,7.941593250518911434e-03,5.745467829651152662e-04,4.812619573266425726e-04,8.977490127650920512e-03,3.669530931420758612e-04,9.737446634492576830e-03,9.092281426018226573e-03,8.260190963125718655e-03,1.021060078525309368e-02,1.028090399159270474e-02,4.505754915403383139e-03,3.129405351199768086e-03,1.979308876018516863e-02,7.939269427243971639e-03,4.530128331419371567e-03,3.289796718541604381e-02,8.481302285673066391e-03,2.673076844009833475e-02,1.942664008144652857e-02,1.842565390914793419e-02,1.004204699933259302e-02,2.457290590916466969e-02,1.393004512523331358e-02,7.028816317446965646e-03,4.806718486164647357e-03,1.143057229924323431e-02,6.575672746148532137e-03,1.066252049781316394e-02,7.685460543544175675e-03,1.449453839422424999e-02,3.519051987940916611e-03,9.767551988107260694e-04,1.576722732377985534e-03,6.292153288785014981e-04,2.942439364623614974e-03
3.880687888560278159e-03,0.000000000000000000e+00,1.272803683035939326e-01,1.390405568371812506e-01,2.770375594251734894e-02,7.150652296721449197e-02,8.613979431757623484e-02,4.969895514717046631e-02,2.448200619977182815e-02,1.956342148567306871e-02,8.513867423361326514e-03,3.970876169373908915e-02,2.185061996462934336e-02,6.872813398343362301e-02,2.598318745472820435e-02,3.936030769087693615e-02,3.612644831923903649e-02,4.246665388410662823e-02,1.436336600585073377e-02,3.035537090700996671e-02,7.634926066692418294e-03,5.404799863975051286e-03,1.331431040861171151e-02,1.028047516091399466e-02,3.476142840868384765e-02,6.496397564074111314e-03,1.971629866864236386e-02,8.408898650427151095e-03,1.519339261843880191e-02,6.690433075672103103e-03,2.220491103386762824e-02,2.432428316248858025e-02,2.522231386944092171e-02,5.708079705110993135e-02,6.851632863371504359e-03,3.812437350917907697e-02,3.058875853645834017e-02,5.335835620478463631e-02,2.245516817585012717e-02,3.804778316806240596e-02,1.706245669000318321e-02,1.348091186507693710e-02,4.918903814290442877e-03,1.574573940199428326e-02,1.400698620848274054e-02,2.487721769173750069e-02,7.176129138295571017e-03,1.981141972415499317e-02,7.569208170971458358e-03,4.131615105143762560e-03,7.084433465862069630e-03,1.140172134180059138e-02,1.584252317990351251e-03,3.030301509394604190e-03,4.511679661701960796e-03,4.415839967512360555e-03,1.144341462154973774e-02,2.890729302972980339e-03,5.739939966736507145e-03,2.980505808661754359e-03,7.059828014098316028e-03,1.086992974091564347e-02,2.598027491400415126e-02,1.083345343123177061e-02,1.434294151964955180e-03,2.983213809056940551e-03,8.878189263975890281e-04,3.130150439492977547e-03,4.103725254931842037e-03,7.037874278936097697e-03,6.524127797544979068e-03,1.451045105687305894e-03,1.820477248192627507e-03,7.599835223003607865e-03,8.351799469311258287e-03,7.320915172516991899e-03,2.509150342598039703e-03,9.097019199124643449e-03,1.614260697863130131e-02,9.043853637890723884e-03,8.877466854462766691e-03,6.819853120903798110e-03,4.867863846418687794e-03,1.792372364397882287e-03,2.619323340886057887e-03,6.465027872075881053e-03,6.388097362471702526e-03,8.240092187138425492e-03,3.002952479773136289e-03,1.621873360321842567e-02,4.936986166757210449e-03,6.721072905412473104e-03,1.487407927323427387e-02,1.056222638457597097e-02,7.540921105056223178e-03,5.663559851905144819e-03,1.134934451694246359e-02,1.853013986733038519e-03,4.690756225352279291e-03,2.999480804162273345e-03,2.778603912510784965e-03,1.357275276320835805e-03,1.881234294611981370e-03,1.502939651984475794e-02,2.134104082779047888e-03,8.369443809060123432e-03,8.246522269277448483e-03,5.272452428955255385e-03,8.319690930540505139e-03,2.949092880751289121e-03,3.123852361254718076e-04,1.013742163265718204e-03,4.485302054344904484e-03,6.928098979215870437e-03,3.491176048656377540e-02,1.059493322705799476e-02,2.159035642510639605e-02,4.175334398112664352e-02,5.604119641992932194e-03,1.085949922510246607e-02,1.863933062628988016e-02,1.135064531655772570e-02,2.361851489047177635e-02,5.119236346932913920e-03,1.363250576944938577e-02,7.087529315592446671e-03,8.732667482983260537e-03,3.865303182858253334e-02,2.115434546459295240e-02,1.759690583498570854e-02,1.899426813090551031e-02,1.042578870701007208e-02,5.642078127553842512e-03,1.492237864027128394e-02,2.226789704962621550e-03,1.709908746662130649e-02,3.257205382252700409e-03,2.687415532130864402e-03,7.453944280618879370e-03
9.346167889320805555e-02,1.272803683035939326e-01,0.000000000000000000e+00,1.005872908390814946e-01,9.623630637352829920e-02,3.867143021449759993e-02,3.257354743952056014e-02,4.117876634322121393e-02,7.002586049132145281e-03,1.042325533592254432e-02,2.461434610056013883e-02,3.139775040209243778e-02,2.762687839129138179e-02,2.639911841544425805e-02,4.587685406736290855e-02,5.151594168921721367e-02,9.398737785405290868e-02,2.317282580718848725e-02,4.139033453509843863e-02,4.351162284216411255e-03,7.179462551999291932e-03,1.733100344030965440e-02,1.823637096182844156e-02,1.516823704051361438e-02,9.982740787817230219e-03,6.856593229138141857e-03,2.796116531450143147e-02,1.019588675777430460e-02,2.734157379789393244e-02,1.148667451288520186e-02,3.819732682200071422e-02,2.028615317609062593e-02,1.257327994450162419e-02,3.663969835296489869e-02,2.158994347754399773e-02,7.490282170276973094e-03,3.725117283575921784e-02,1.214920490353846132e-02,7.893254651096557467e-03,5.547276875773549457e-03,1.606410465621239611e-02,2.347562751225816188e-02,7.550059912823733725e-03,5.158774124204831835e-03,9.336978213506453086e-03,2.386684163635370906e-02,1.525784634176264622e-02,7.580269868694347948e-03,8.510602079772749962e-03,9.380221496201924386e-03,3.092544654408083734e-03,1.217331923403647612e-02,3.901167935719415669e-03,1.429896843478069626e-02,3.819723870310811828e-03,1.384566303683308804e-03,2.543574188281047185e-02,2.180732287083695861e-02,1.158633746036798542e-02,1.894944142047739208e-03,3.498924926497311988e-02,3.625267103730968332e-02,4.812857796213044527e-03,1.663079065802661183e-02,3.074851766035284137e-02,2.157463949736025330e-02,7.035633653598827308e-03,1.293243283376494142e-02,1.140742879288825402e-02,2.210719019987972961e-03,3.067466726069958093e-03,4.556861426707325448e-03,1.699813138945991883e-02,6.568603160074065229e-03,1.146701803843279410e-02,9.984868425236142347e-03,2.844841851642521471e-02,1.446900008994001820e-02,4.048993020854710356e-02,1.038825308274910104e-02,1.712814999748882988e-02,1.596291657270529785e-03,6.049421007409529726e-03,9.625752766343714621e-04,3.443786095850040474e-03,3.292672784324260880e-03,1.098499667909997668e-03,6.660570168312025113e-03,7.974611047893421373e-03,4.337900131147427556e-03,1.467811952828446294e-02,1.014980561871848923e-02,5.477793203817223761e-02,6.919674895367775372e-03,2.262173759702981735e-02,6.315774621988112618e-03,1.949370133455384860e-02,1.947348988450317911e-02,7.394285744434550903e-03,4.723631570401809823e-03,6.551477679093987636e-03,1.673304345611048701e-03,5.571549479199676760e-03,1.795638306364393498e-03,2.149845900247236621e-03,1.092955741886198276e-02,1.071616407083771094e-02,1.516408734918033192e-02,1.141749083718900971e-02,7.412194843745691791e-03,2.472701999032361070e-03,5.622370630777057121e-03,8.146458437896814814e-04,6.548781402376186236e-03,1.944717008598603400e-02,8.107581584538062908e-03,3.151369521926254691e-02,2.583350668347947354e-02,6.090576720409281164e-03,3.559921425853865978e-02,1.426946597144761533e-02,2.249545846232234650e-02,8.701610463466107753e-03,1.244467817512985748e-02,2.830799193088527968e-02,1.230380033459563434e-02,8.859469707859213977e-03,3.780358896510541827e-02,2.664125139425565711e-02,2.662987059509430016e-02,2.004385625345279920e-02,6.409800117349978045e-03,5.361300650059896804e-03,1.674729899761728119e-02,7.364858201573717088e-03,5.367440610208299920e-03,1.824704265180820961e-02,3.598313021668000846e-03,6.487555784748129210e-03
7.428369079867656877e-02,1.390405568371812506e-01,1.005872908390814946e-01,0.000000000000000000e+00,8.134290280036943210e-02,6.245512026915699122e-02,7.986488919719578194e-02,2.950408370987632131e-02,4.045240142847392889e-02,6.260996373573347873e-02,7.809745686030965250e-02,1.497203741645401938e-02,1.337688665312210777e-02,1.012346951143331363e-02,1.977155683776117903e-02,3.258144595681958244e-02,2.417908600144007963e-02,2.942617627873886366e-02,5.398373848968265193e-02,3.295584845966898629e-02,6.882472020420400682e-02,2.421734850399240302e-02,9.643838918286190207e-03,1.510648093700839474e-03,7.001905584552364087e-03,5.954120949518476591e-02,7.792890157593051689e-03,2.060206097279060344e-02,1.448445162527065011e-02,1.501444587867646271e-02,3.627347880922823092e-02,5.754076415735031452e-02,6.569038271169614675e-03,4.514728181042718114e-02,2.128530512480736325e-02,1.214302872887825131e-02,2.848065218729339126e-02,1.035480591495180520e-02,2.480682043995615163e-02,3.428006869974097731e-02,3.189600648161204643e-02,2.349548775753683080e-02,1.253141492096398156e-02,4.677291732903500476e-02,4.023931087273998480e-02,2.736921874672017599e-02,3.663084650076521738e-03,2.438001852785127641e-02,2.641145930949460874e-03,3.575819081473378437e-03,5.553211974392575044e-03,1.017201501791846919e-03,1.023135056533023418e-02,1.072073536933607248e-02,5.789533152750126269e-03,9.119216707407973646e-03,1.472508341434159915e-02,3.756480025351163418e-03,1.153975759288131467e-02,2.297288176449723083e-03,1.303548800627633147e-02,1.786560272619933804e-02,3.706421733352084462e-03,1.263830228541016308e-02,4.366587205642894973e-03,1.114006504855538648e-02,1.021499577973366581e-03,5.538624510703804571e-03,9.456886975675038443e-03,1.698815216431649386e-02,3.151769540347301203e-03,2.082894040813910302e-02,1.018713057887419074e-02,5.212471418407670261e-03,7.343284545681006727e-03,8.659215050905945746e-03,9.616916918221828092e-03,2.608461320771970470e-03,1.459982131929454634e-02,9.476866761622106117e-03,1.939976644636842371e-02,1.750670148026991883e-03,7.942122829462192751e-03,4.543550085645244735e-03,8.395151508747164624e-04,8.720312574778261690e-04,1.466540871308157903e-03,1.593256330894106745e-02,1.318533103092984007e-02,9.440647753886435845e-04,1.165963675573649348e-02,8.920519016652826705e-03,4.514344846626515417e-03,1.751141376227037527e-02,5.335616965287048701e-03,6.065512274211097739e-03,4.256955215655337972e-03,7.169467166654115535e-03,8.196435692677127641e-03,2.774024602347195060e-03,1.157992336594670588e-02,2.246382105258530517e-03,2.577459832629445686e-03,4.932319555654498004e-04,1.510320748090508876e-02,1.583621077051769813e-02,9.745190207981606692e-03,3.852848520773372205e-03,1.555865312966842051e-02,4.599567595177858105e-03,1.061129872569998526e-03,2.293840881557316844e-03,3.526790676208182464e-03,2.754200138042944314e-03,9.474434704132294466e-03,8.809950352187890382e-03,7.158260630239732421e-03,1.674802097722627794e-02,1.259421980322915531e-02,2.048007398637793214e-02,8.159981837156462386e-03,8.617296203251877118e-03,9.121505486300293675e-03,1.799277805031832683e-02,2.812659114054825646e-02,1.763177461881937705e-02,1.223911552098017747e-02,2.992115573077705135e-02,1.947602906292780420e-02,1.164351762897022219e-02,4.389765024368566526e-03,7.027608176890533763e-03,2.430501757293495463e-02,8.898249585037971629e-03,2.385306532937543633e-02,3.686351865317359471e-03,1.892943781915767953e-02,8.901416234088500856e-03,6.202413541626738622e-03
9.628171098021046093e-02,2.770375594251734894e-02,9.623630637352829920e-02,8.134290280036943210e-02,0.000000000000000000e+00,4.626730550118458157e-02,2.025899223082106848e-01,4.592697702326856840e-02,5.719251326148389741e-02,2.517786968881688403e-02,2.941061058218271199e-02,2.277887374012935867e-02,1.461521592795931614e-03,2.333130875460918616e-02,3.942605868124383212e-02,7.232359153065217455e-03,2.092267760055403422e-02,2.972737615641903031e-02,4.390383071548274035e-02,6.138421575820775938e-02,2.028658154793144472e-02,1.509183953471439008e-02,4.229814483928760922e-03,1.747723825718532423e-02,2.590669664095420627e-02,2.814370039094189757e-02,1.012453493676266324e-02,4.466291381007761463e-02,1.630617324542830635e-02,8.293832901961539425e-03,2.449696359215594588e-02,2.400045675962582045e-02,2.944586116845133994e-02,3.164617422766198562e-02,7.567921688865149842e-03,8.243814304961160841e-03,2.628146767741592130e-02,2.772341363591748417e-02,9.060831380096515120e-03,3.613091813215348752e-02,8.673364003949492890e-03,4.296403681836266641e-02,3.060034637023966581e-02,2.657662269069954730e-02,8.686519499964226454e-03,2.860885915757831188e-02,5.571665228719282180e-03,1.420471262877960258e-02,5.200774287582360725e-03,1.128185451370494925e-02,7.250695375015185282e-03,1.233210319497866567e-02,6.274455042330297216e-03,4.228950009990461133e-03,4.671080465950757342e-03,5.005463568692539167e-03,9.722538362153853100e-03,1.007038659642898668e-02,1.419278861462543694e-02,7.482098200367178105e-03,1.381096625547237984e-03,7.558505554046823262e-03,1.659063589378047265e-02,9.481016965930448787e-04,2.442182786273434242e-02,2.017271761400030519e-02,1.674473333420535559e-02,1.689354017946097936e-02,3.884703090175434161e-03,1.298786954883973145e-02,6.008988046493196275e-03,6.206008894406201716e-03,2.173588862019117454e-02,5.536436648713025620e-03,9.489056424058847986e-03,2.345626199151889732e-02,1.960454752219180016e-02,1.023130106753696728e-03,2.525564239340014061e-03,6.880819418689509970e-03,8.479648313784690292e-03,7.976576207977250851e-03,3.717802404945614019e-03,4.367715685765740513e-03,8.615754417216340460e-04,4.632557911119280537e-03,2.432544670016412169e-03,1.616269692293382382e-02,2.522985461785187070e-03,4.875233903845337634e-03,2.925027359416807696e-03,2.596648468120688058e-03,3.959981501133058232e-03,5.011327138732968138e-03,1.090955220598842715e-02,6.890449439462346601e-03,2.767496428697573032e-03,1.108012785730957440e-02,4.284112113328740999e-03,4.724615023111956510e-03,3.686620207618690730e-03,2.028799979765337838e-03,9.753432918921115663e-03,4.814626928520866767e-03,6.210677025409189894e-03,1.500403253109530884e-02,7.543783176150658382e-03,5.366668374123619023e-03,1.009311427216508239e-02,6.562052583886078885e-03,1.024827267813189884e-03,2.167705267892149242e-03,1.549905785418426336e-03,1.670801931132225330e-03,1.344378364785269418e-02,5.248415577217713929e-03,1.512428561115361156e-02,2.082494934512780713e-02,5.455726331193192814e-03,2.233521494239792612e-02,1.066344443922949761e-02,1.928339957021843465e-02,8.511768666862805713e-03,9.357589268850075373e-03,1.913213162606130710e-02,6.418153940041121559e-03,1.272424519546903887e-02,1.256255536227427264e-02,1.059137078414071169e-02,7.064397449174103331e-03,1.621593996603832785e-02,2.401410708292176996e-02,3.937078218449171184e-03,9.891250214290756015e-03,5.062084852297697377e-03,5.932557466897031215e-03,2.430779050763794309e-03,5.607461686939099570e-03,2.193359740166187215e-03
1.953778855559035882e-02,7.150652296721449197e-02,3.867143021449759993e-02,6.245512026915699122e-02,4.626730550118458157e-02,0.000000000000000000e+00,2.448627346887276568e-01,1.771692160613503805e-02,2.489649298045595871e-02,2.017283176255063593e-02,9.186279662704362192e-02,8.557662986343155323e-03,2.237830601905588593e-02,6.324885829690889139e-02,1.323231657320614318e-02,4.200320003260688689e-02,2.090578799985733441e-02,2.346400219443878568e-02,3.475730649425029604e-03,2.794885770308396314e-02,1.151556607388555184e-02,5.036541976013342477e-03,3.751905409950827275e-02,3.247889554594658723e-02,4.545979699156320331e-02,2.915228781607819702e-02,2.100967365245737239e-02,1.057474917511670373e-02,4.063533557496731147e-02,1.117508790373011526e-02,1.291775523245175875e-02,4.182991885079929972e-02,1.445248299073704536e-02,2.479168719748401153e-02,3.693876847160879051e-02,1.475803379670866805e-02,2.597712544893055267e-02,2.770758815721315396e-02,3.528363414160723410e-02,2.491697677545471126e-02,2.568671419924492896e-02,1.746004307850973838e-02,1.099405117684402328e-02,1.083034826119620535e-02,5.669306020245489137e-03,3.644141574040564435e-02,7.919632697512854133e-03,8.184713805276605525e-03,2.882793292319273636e-03,1.805882215754886846e-02,2.477538153145014688e-02,3.056081647155686233e-03,2.496017024992293332e-02,5.557162353081439993e-02,1.003395140162735392e-02,1.861225441479914464e-02,3.562211038198610791e-02,1.195194955937598294e-02,3.636673295196626680e-03,2.266931197220472399e-03,8.056441724020372425e-03,3.527491111148792213e-03,1.720676201915403644e-03,2.367574682458847141e-03,8.944182642355833629e-03,1.065372058199138411e-03,2.267021576664888724e-03,4.505785565576497960e-03,5.196307535726894973e-03,2.735268139323562483e-02,1.844460699102924012e-02,2.417988537663928392e-03,2.182682995504379043e-03,1.298404050518615514e-03,8.276560700698048709e-03,1.432709711249876942e-02,8.606415874317520365e-03,1.359040730131071649e-02,7.957864451441674231e-03,4.398147096398130618e-03,3.103175769376043808e-02,3.521316912189967688e-03,1.039524933255582713e-02,1.110987960314515841e-02,2.891003308438897315e-03,4.207973831026412884e-03,3.195270210140146224e-03,1.003275858339007596e-03,5.144247277873261956e-03,5.811685580452969138e-03,5.758681339136231120e-03,7.317928872192439385e-03,2.881507414092580269e-03,1.773008573947741986e-02,2.201753500547995283e-03,3.003287601532427312e-02,2.581454109229394146e-03,1.536263310073919183e-03,5.141806019714548204e-03,4.936178165207365416e-03,5.457156389672944419e-03,6.397331129106944778e-03,1.406652879395486541e-03,6.292487859651066731e-03,1.449550829625880334e-03,1.611703650007233202e-02,1.602165999758727727e-02,1.251870873205705552e-02,1.826270913148304864e-02,1.500858706651180159e-02,2.799189492064149947e-03,1.418242003326759988e-02,6.395291736022322947e-03,3.427774921480893511e-03,1.554591821761020691e-03,4.247010388981261111e-03,2.285332327375476282e-03,2.586163752887215509e-03,1.370412852702256393e-02,3.854325381247591682e-03,8.422262737216516804e-03,1.149083950766833194e-02,9.537767269846546964e-03,2.408362551273955307e-02,5.252504396222869992e-02,1.157903747634173551e-02,2.530821434119280566e-02,5.923604519480103747e-02,5.106028339010862220e-03,1.533052550698491175e-02,1.334929962954255374e-02,2.518897026199988769e-03,5.669637142002368138e-03,9.143521525434624569e-03,2.674676920611787287e-02,2.302199371337914496e-02,1.875145023009879355e-02,1.718603938813896212e-02,1.442022407781750129e-02
3.650636040531068938e-02,8.613979431757623484e-02,3.257354743952056014e-02,7.986488919719578194e-02,2.025899223082106848e-01,2.448627346887276568e-01,0.000000000000000000e+00,4.090701197411010515e-02,5.080587457698077652e-02,7.423338039882493300e-02,8.842686277051539645e-02,2.590385390473163088e-02,1.409545443641616221e-02,6.400252311797977565e-03,3.108049434658841786e-02,1.199928004445114521e-02,6.177335432463108671e-03,1.024113692824469429e-02,2.654197107444182871e-02,3.319401757002121613e-03,5.349929716385745659e-02,3.642051653496224117e-02,6.707999254952641544e-02,5.887183040479017360e-02,1.031107044556584668e-01,4.820259970621556395e-02,6.901745675080285525e-02,1.874965404335193417e-02,1.662697865586734366e-02,1.504472682363934381e-02,2.124250426933473740e-02,3.250947420301523311e-02,7.341506899451548385e-02,8.554560536201872081e-03,3.667228181783663971e-02,1.816395124344137579e-02,3.851114869146043951e-02,9.528238975263003674e-02,1.146421863607427483e-01,7.470134102229999962e-02,2.315416290990389772e-02,2.988573882484126323e-02,1.274694311122190164e-02,8.680790503607026601e-03,2.456411150962696521e-02,2.675233308009206806e-02,4.731225533973317660e-02,1.951603874308300776e-02,2.834481529308052403e-02,5.600846651082362539e-04,5.058168296562871522e-03,3.193672096357896839e-02,1.789654272812325145e-03,1.406537075394936366e-02,1.877045278878036261e-03,1.609783656534005680e-02,1.209046540551761764e-02,3.620094401754708410e-03,7.421637172834279900e-03,3.157941694019967410e-03,1.142543306496111161e-02,5.364968193469679854e-03,1.407871154800965008e-03,6.325953307520375095e-03,2.325717008182415831e-03,8.064290930656635090e-03,2.242628677791017044e-02,1.492385957594462471e-02,2.433499863336211280e-02,2.574804466180205531e-02,3.725468202000641049e-02,2.725513493466025922e-02,1.365353233700773716e-02,2.296998868703362898e-03,4.513596403734998486e-03,1.848465432574237588e-03,1.240170553679883179e-02,1.630869285817950626e-02,6.604092924231524421e-03,8.467602983524115737e-03,2.164334323968948245e-02,5.421503544203942586e-03,2.811232443573489365e-02,1.777703672534260149e-02,1.030393602436559253e-02,2.762591596960592508e-03,4.077211981443104594e-03,1.832347868250198963e-02,7.079785961500506064e-04,5.784735852199362344e-03,4.581302661914550718e-03,1.474924130183515730e-02,5.143466949409020335e-03,3.394228990813114022e-02,7.071247148447610230e-03,2.441355500625117317e-02,1.484703103682023968e-02,4.566646387270657977e-03,4.283627415342203260e-03,2.976451975816419172e-03,1.456694254014294539e-03,6.201898151755114511e-03,2.407838998208315304e-03,2.875436433845516247e-03,1.234155931894256441e-03,2.278613923059914174e-03,9.391874399929562049e-04,2.864902583104470424e-03,2.888997880259939512e-03,1.215744001505835543e-03,1.305268649905412526e-03,2.896216198861802527e-03,1.797134790356952122e-03,1.073382970502034317e-03,6.392140744947953299e-03,9.310683331420479755e-03,1.822389480220184795e-03,9.789343679874624310e-03,5.010274997801626370e-03,1.160915225416329043e-02,1.167063855941982697e-02,8.928011280147798642e-03,1.182485289169114481e-02,3.230002077750687012e-02,5.236611872189868289e-02,4.732692400884120493e-02,2.593483157736573008e-02,4.797160852212949134e-02,1.779985536785871902e-02,7.048515536691803834e-03,5.282666180788010528e-03,7.265219953844198782e-03,5.148201244481200728e-02,1.083336640865825706e-02,5.707407862455816244e-02,6.318337269265873746e-02,4.437420076535199959e-02,4.059956572846758899e-02,3.860119881961676658e-02
4.110036805836358303e-02,4.969895514717046631e-02,4.117876634322121393e-02,2.950408370987632131e-02,4.592697702326856840e-02,1.771692160613503805e-02,4.090701197411010515e-02,0.000000000000000000e+00,3.668282975477231422e-02,8.321793938937228907e-02,2.185530210259943248e-02,7.328939873746777647e-03,6.302648886203454648e-02,1.624606358055900174e-02,2.255329241128521331e-02,2.441562841261393432e-02,9.086176882795274010e-03,1.060608423883073990e-02,8.528942943691155895e-03,6.382328340403059519e-03,4.094720789107070963e-02,1.223999108934890022e-02,1.034360457111214299e-02,8.685995478884140633e-04,8.085231604129154703e-03,2.273808045367327335e-02,1.910113451029472539e-02,2.358286708084524758e-02,1.699058841918405297e-02,1.579582236432194170e-02,2.810395672009773776e-02,2.241581832216113165e-02,1.506189064689041589e-02,1.537833634551381140e-02,1.461165678891085049e-02,2.318919688351811850e-02,4.941462384304178695e-02,9.377339035791533092e-03,2.134980406272811437e-02,8.912955673316569349e-03,2.432003861190485186e-02,1.501522606099764748e-02,6.734817283276346538e-03,1.060866938013893881e-02,4.762580431755589379e-03,2.078211452319644187e-02,1.122939095955935961e-02,1.544328366842480198e-02,7.140740752152092800e-03,8.382742377297650038e-03,7.183418207200383161e-03,7.125612933288790786e-03,7.280744992624942763e-03,8.886745227193203200e-03,4.460489716172553326e-03,1.344759668250711769e-03,3.587574745909866917e-03,6.055478769267384591e-03,2.716704425414181653e-03,9.419381969258552867e-03,1.786575093714573093e-03,6.812249050862768246e-03,5.637055759355867439e-03,6.842869588111826287e-03,5.548148764239308264e-03,3.313605622644202105e-03,7.807609802708346050e-03,9.651569918164942113e-03,1.420949664361205629e-02,1.543290789759112604e-03,1.198839928823825993e-02,5.909605299742074977e-03,1.103545669315837523e-02,5.861376263509072808e-03,1.025044370961815561e-02,2.343863020796301596e-03,2.267526126944881867e-03,2.940941936598756752e-03,1.280190622193885016e-03,4.395995020380567657e-03,1.537458076770144115e-02,2.223897254495459715e-03,9.431898739476510599e-03,7.732935949247244853e-03,3.024831723753714473e-03,6.641098873950136011e-03,6.005052034824161222e-03,3.594601963895932908e-03,1.903374525495614466e-03,6.320467576648716376e-03,4.371823092743639533e-03,3.341063069827969381e-03,1.875170853439035159e-03,9.639090105665641065e-04,3.302756089957463361e-03,5.841196775602343523e-03,1.591809708216509111e-03,7.701925645497387403e-03,2.490384027677566402e-03,4.306573415214448933e-03,7.399646843126347559e-03,5.054383698677880274e-03,1.726180277519574063e-03,2.917757330472581147e-03,1.394350014186085179e-03,7.088311277431833500e-03,1.354078049969515384e-03,1.997805448309361055e-03,5.330081870420119196e-03,2.559907533000672832e-03,1.221470584466714283e-03,2.679461138780563599e-03,4.511206445975190181e-03,4.558660563958032153e-03,7.374953590403397242e-03,3.454205547603831326e-03,1.045986542577021644e-02,6.939638792587962852e-03,4.063400920058965644e-03,6.908733628385685735e-03,4.094976410121476881e-03,3.026531232882703412e-02,2.070692121889530432e-03,1.530078446913136873e-02,1.474112163214873726e-02,3.963875433907635554e-02,1.064878103061580802e-02,1.641502875615714202e-02,2.083556925662230497e-02,1.175832543790699888e-02,1.045058299516967402e-02,1.767324405647201224e-02,1.970381299789713755e-02,4.516685802500841271e-03,2.027773493396962685e-03,6.759926578841212244e-03,5.600384127404459296e-03,2.547255181160648120e-03,5.440737268498019134e-03
8.070578262733656139e-03,2.448200619977182815e-02,7.002586049132145281e-03,4.045240142847392889e-02,5.719251326148389741e-02,2.489649298045595871e-02,5.080587457698077652e-02,3.668282975477231422e-02,0.000000000000000000e+00,2.626883027332822459e-02,6.769420264821027038e-03,3.215499191573045756e-02,1.905662330749285233e-02,2.274572745733648149e-02,1.141999864662891946e-02,1.968610526606884292e-02,1.246472680726945677e-02,2.486504053252537247e-02,9.097528623310310175e-03,1.379006507140053198e-02,1.087138736517279450e-02,1.665849290232664787e-03,1.264488799447645133e-02,6.630693882410305419e-03,9.817605010598029480e-03,7.805914569698516395e-03,7.121904009112198924e-03,1.355599600380243824e-02,1.864671338367103123e-02,1.945361022756345731e-02,4.405051457612503552e-02,1.214954871689885238e-02,5.166885966339584274e-03,2.004349161587743247e-02,1.031409543361850147e-03,2.538174325043030324e-02,4.997171380846134048e-02,1.625002267756948254e-02,6.457603867447678052e-03,1.288188361877055758e-02,1.321266360907834801e-02,3.873228142251051043e-03,2.408655094564370221e-03,3.101061195483327190e-02,1.508703740559652964e-02,2.511811706813539546e-02,6.629618225020420148e-03,7.825135793983729882e-03,4.446230849765530312e-03,1.181413278174052667e-03,4.412850948731807804e-03,8.439222264360750000e-03,3.141262845017847062e-03,1.643626665728813033e-03,1.319670737651049402e-03,3.117043508848895209e-03,7.198704292439913645e-03,4.391093283172674104e-03,1.222395075951089203e-03,1.327461789715201311e-02,2.240444769542439610e-03,4.142289266464651946e-03,1.402297992200586887e-02,6.835760603006260129e-03,4.521718354825655060e-03,3.585866260930113507e-03,4.082060473852768857e-03,1.000433262778855324e-03,5.416994335646398324e-03,2.014713212678343607e-02,7.521637620713369880e-03,2.238482960177310029e-03,1.012005419738403258e-02,3.333454601854266095e-03,1.119741376319879911e-02,3.381143142573498229e-03,9.181220467985527203e-04,2.901265422474727171e-03,1.028789820760778184e-02,3.352260342586014814e-03,4.580540753278638383e-03,2.893795816408468828e-03,2.941953185525614158e-03,4.390657343032119270e-03,3.324768921894173061e-03,1.604205410279647102e-03,5.716436144147781472e-03,1.139210148660390514e-03,2.133316695267828671e-03,8.372703230091758583e-03,1.388644529450243359e-02,1.516729769187987430e-02,9.498655983854402407e-03,1.075261351155861952e-02,3.342228294606805136e-03,2.076289322077664104e-02,5.250601025477366450e-03,3.807662299752283611e-03,2.100150724118172822e-03,9.531542904829800114e-03,4.613041331427621475e-03,9.996703685927383915e-04,7.621400840689596026e-04,1.065565452868989576e-03,5.047821579625785164e-04,1.123844598243419791e-03,7.599477470955818713e-04,8.891884908867538377e-04,1.262138629417063279e-03,1.011327006532697576e-03,3.502490536768721081e-03,1.927660251675988520e-03,4.333227274335983660e-04,9.557430343906322696e-04,6.619965958554412284e-03,5.023351338961051619e-04,5.199220165771333349e-03,5.342641163531363334e-03,2.703807568267879713e-03,1.467409684411368539e-03,6.352313531484908224e-03,1.309863051357168517e-02,1.763209109101368868e-02,3.678576008675043130e-03,2.362399037321225807e-03,2.682735126621528261e-03,1.554644170777382851e-02,9.916486805464863608e-03,2.343045503645148700e-02,1.051341517322557616e-02,3.479683674943970240e-02,2.992479442890470798e-02,1.811624602823529856e-02,1.048032510520573342e-02,1.877239614495950296e-02,9.031850145634016253e-03,1.007932334491443323e-02,5.177863985926489318e-03,5.231669469142034672e-03
1.772421869721689525e-02,1.956342148567306871e-02,1.042325533592254432e-02,6.260996373573347873e-02,2.517786968881688403e-02,2.017283176255063593e-02,7.423338039882493300e-02,8.321793938937228907e-02,2.626883027332822459e-02,0.000000000000000000e+00,5.815550372461908597e-03,1.695339478525577023e-02,1.779081288229352950e-02,2.226981691623861406e-02,1.289711856636433125e-02,7.222070565001411681e-03,4.741426452850646539e-02,1.723393621000303194e-03,1.583521801672072710e-02,6.438797081475224580e-03,6.938662991090908082e-03,4.698712650713230549e-03,2.825917108771130830e-03,3.198927719206084291e-03,1.171796914415794595e-02,6.535325596533431841e-03,1.261630489812891678e-02,3.218588594401763925e-02,1.137699645584867685e-02,1.528924632044355476e-02,1.632369931605283722e-02,7.322971416769998021e-03,1.850662194702884164e-02,1.105449772949231198e-02,1.203982675419387922e-02,2.099198356786481645e-02,2.919619083218795083e-02,1.498593490401341037e-02,5.020457089400368923e-03,2.459567251489813700e-02,1.380677739717183980e-02,4.143793646338582264e-03,6.121921861940327926e-03,4.019137234700843712e-03,8.102931997615893389e-03,1.116776434653333171e-02,8.690544827091237212e-03,2.631360689946959496e-03,8.137532712177651326e-03,2.534597129507454218e-03,5.035253366084081403e-03,3.449579173942503556e-03,1.893471463990728304e-03,5.978267664509660621e-03,1.765654380175785826e-02,1.621718470089914335e-02,6.767058090735952880e-03,5.250713301295513447e-03,1.347462456256522112e-02,1.738243447042845877e-02,4.884257600533058533e-03,4.150620128830282210e-03,1.042040138327967984e-02,3.020407903705820372e-03,1.710713616266456780e-02,9.937434786244998125e-03,3.605467410675519853e-03,6.721153084210252163e-03,1.200948127931070024e-02,3.983075494232980913e-03,6.326878257625119344e-03,1.245543730219222760e-03,3.062414352186819053e-03,4.048194051608236532e-03,5.087922200846196376e-03,2.999446004541489810e-03,1.609684958248015427e-02,1.422973178727800041e-02,5.417752800198161710e-03,3.933229021230857242e-03,2.827716300474079729e-03,6.087154234065862181e-03,1.301075654530661763e-02,2.134357044459596461e-04,6.813684464591726608e-03,4.263443901389438358e-03,7.286404897058602545e-03,5.597545907512288185e-03,1.672107953419525988e-03,7.547770925905275714e-03,5.456470220597452354e-03,1.383894128590069245e-02,1.713261383665282828e-02,1.659693532036915888e-03,1.427323311200838843e-02,6.155401707343805505e-03,1.336423568366409097e-02,1.567139412707064736e-02,8.410047942646161137e-03,1.530985585459622607e-02,3.333213198999778609e-02,2.507152518676289323e-03,6.924001886306384995e-03,3.497624993826920891e-03,1.228883405346792128e-02,9.781838754173955222e-03,8.182743356130289455e-03,2.200998331808900251e-03,6.279582636542616926e-03,1.059357850507211454e-03,5.195855109099625259e-03,3.521409928092409866e-03,6.953778812147221305e-04,1.466485705856875911e-02,6.868602817475512540e-04,2.446770911382394401e-02,1.987158673195038583e-02,1.738108764866343192e-02,3.115433999776259441e-02,2.673196018233131230e-02,2.731065364436890963e-02,7.287281330454360977e-04,9.729800250744545824e-04,9.356259732450775829e-03,3.374016811030353113e-02,4.466876638293251420e-03,4.247467319145598053e-02,2.221243312040718787e-02,1.941314855903757824e-02,8.187640917975315055e-03,4.052423962277097030e-02,1.050479552634352685e-02,9.028440338888691838e-03,2.210029434453939044e-03,3.238014526171534985e-02,9.317306729226832590e-03,5.940188714731361661e-03,1.404819756404941666e-02,5.540869001035660622e-03
6.200518411476653446e-03,8.513867423361326514e-03,2.461434610056013883e-02,7.809745686030965250e-02,2.941061058218271199e-02,9.186279662704362192e-02,8.842686277051539645e-02,2.185530210259943248e-02,6.769420264821027038e-03,5.815550372461908597e-03,0.000000000000000000e+00,4.577115969959163339e-02,5.555661130138252191e-02,6.629232259115065695e-02,5.084304967858516155e-02,4.013447550386389090e-02,5.613961264688580727e-02,4.650323075478316782e-03,1.847773413279083649e-02,6.531312275166671621e-03,8.754705557038420377e-03,6.080738142304749176e-03,3.037630417144362820e-03,1.028457981494729917e-02,8.707632502405714126e-03,1.173539009213492475e-02,7.825768147870766286e-03,8.018971085282456182e-03,4.245975064950642010e-03,1.697667649846861145e-03,8.362867604887467762e-03,4.413178863848760125e-03,2.956636429819203132e-02,2.595990340923882284e-02,1.953187526657949522e-02,1.033709088270014578e-02,1.049435832443596471e-02,2.798539622258762807e-03,1.290624346133192012e-02,6.426917407246691971e-03,1.821734775490006092e-02,7.323294012558243665e-03,2.959135579576905803e-02,8.800922917179430580e-03,8.783979024793053814e-03,1.741957723763392155e-02,1.093005010161588082e-02,1.327763550690299818e-02,4.435803805494319997e-03,1.787774021380572620e-02,2.073665310227374922e-02,1.375299669833136319e-02,2.410183087477444502e-02,1.936310887982160573e-03,2.584793857553510134e-03,5.934515450046627151e-03,4.408411259830496629e-03,1.828244013314946721e-03,8.738433440123508479e-04,2.431863175478691380e-02,1.216055149328792648e-02,1.173981022311514338e-03,3.090928023514691661e-03,6.644269902335264190e-03,1.675012084526907854e-03,4.115265832146217280e-03,1.162192305804338882e-02,1.512199643003062262e-02,2.787960040996983503e-03,3.770371391175697962e-03,2.563900739668985816e-03,8.493718668187127951e-03,1.210674740377455302e-02,7.278530150432603943e-03,8.650564091995684851e-03,1.325385021138486379e-02,2.949308242613791001e-02,2.238068254471185445e-02,2.702611262130794664e-03,6.329195267900363485e-03,7.724147978324076916e-03,5.396205206913080692e-03,7.895112622773554217e-03,5.709354410772425441e-03,1.118199569509010323e-03,2.834554664166653078e-03,4.800465865746329948e-03,3.346594746352769996e-04,9.092138693061526181e-03,1.071296546471842831e-02,3.205269745666144022e-03,4.808223175528562529e-03,4.696757084935706227e-03,1.129913752616999549e-02,1.335398505584094566e-03,1.547816811327959105e-02,6.199778549713673426e-03,2.297701123948007323e-03,2.004999066869929663e-03,7.172649302721247067e-03,7.637966241490472090e-03,1.192161898029451975e-03,4.850694637381523441e-04,1.136046251445197927e-03,6.043481219968045368e-03,2.008701728029676017e-02,1.447199864935904551e-02,9.365312699791961126e-03,1.677353506739489089e-02,5.947775765867082190e-03,1.286031752095173663e-03,3.132709197614688083e-03,2.990832212235464138e-03,2.493030977693127658e-03,1.785596824636260030e-02,3.532009151047860000e-03,1.964126280455214674e-02,6.097500556183689871e-03,5.949071530906050245e-03,3.892095930853602028e-03,6.081783660620043372e-03,1.288091809050275231e-03,1.022941629150475075e-02,4.519501817834542697e-03,5.050590144001896979e-03,7.607714697294482367e-03,2.651032382084599417e-02,2.669983970285634296e-03,4.371876393956088819e-02,1.765045291498828009e-02,6.886880374103249158e-02,7.781412084302612164e-02,2.112960460337705987e-02,1.736797638959930445e-02,6.384287597213143296e-03,1.345408410551768774e-03,1.155176944991021491e-02,3.058511954947499417e-03,1.551696651596985114e-03
