0.000000000000000000e+00,5.211125602343610365e-03,2.009571809609910636e-02,1.454142315100631633e-02,1.022520942379991776e-02,1.418007880520971188e-02,3.847510085380147129e-03,2.381162147343214922e-03,1.043093466402284777e-03,1.506112614538874638e-03,5.002066037695867586e-03,3.105339298559570659e-03,1.149476269647279128e-02,7.678567248946851706e-03,1.277108529596965129e-02,4.681709337999437510e-03,9.637272293012892274e-03,6.176218749807754760e-03,5.660371608275765673e-03,9.619838137061334851e-03,2.272993173783670676e-03,2.398257166633925401e-03,1.485391816375514033e-03,2.304915280283077392e-03,4.037297782703084224e-03,1.045801191722392585e-03,8.238603897560313125e-03,9.208317611236477166e-04,8.317131836713424417e-03,8.017615451699652146e-03,9.739536878747992801e-03,7.579223977229851243e-03,1.032143965234340842e-02,1.290002766710638023e-02,7.096766934420438606e-03,2.477244083591591522e-03,7.397915145631074607e-03,7.105010630378653068e-03,3.904621391112137081e-03,2.985769365819837626e-03,2.486570969364910837e-03,3.774263241610331492e-03,9.598857628462640137e-03,1.119417182525804869e-02,1.436280577819741035e-02,9.439062834242915867e-03,6.817005415952140032e-03,1.386236257940411110e-02,2.636209303363399106e-03,1.357627221917638268e-03,7.315015873526171768e-03,5.443910855864196943e-03,5.951661907450387853e-03,5.534607395499255289e-03,1.706714781330348962e-03,1.372406128888955558e-03,1.176015236404531240e-03,2.015050406389955542e-03,6.430013462255726800e-03,2.867517132741963671e-03,1.125814918101608608e-02,2.668750787954959208e-02,1.703257283089660776e-02,6.951197423757621112e-03,6.319085377808781982e-03,7.499249179111408797e-04,8.815194103131245018e-03,9.156305327809675237e-03,8.641979208495799772e-03,4.602717292785761007e-03,3.774704451470174867e-03
5.211125602343610365e-03,0.000000000000000000e+00,1.391403824000511831e-02,1.565832694249294499e-02,1.691825277576473538e-02,3.507724487929867341e-03,3.663399980709833997e-03,1.495821567068748338e-03,3.105332495242088368e-03,3.534810918021421677e-04,4.032565501977490932e-03,9.751404032997549112e-04,9.803459252453659151e-03,6.745779369901078008e-03,1.084450747990909313e-02,8.863700180492279507e-03,1.089118552063235261e-02,6.405340509666053971e-03,5.546340244944277832e-03,1.006126456877156315e-02,1.558762035940363310e-03,2.025934518040479505e-03,1.687935669071336095e-03,8.248338204406261906e-03,1.434891776889743063e-03,2.976015068338170450e-03,1.034150550355195184e-03,5.442937356038456869e-04,6.324635021574051899e-03,7.617651539990747886e-03,6.906712760636158840e-03,3.243250920217085730e-03,9.936364318051260289e-03,1.188690651858887934e-02,1.615876585577723581e-02,5.984304913142820224e-03,5.219314961418046808e-03,6.298889839051679054e-03,1.714476904194508914e-03,5.926582840523900164e-03,1.590399749419220844e-03,1.673988960338311429e-03,5.721276904850327444e-03,8.678257804501753395e-03,3.093502885135764307e-03,7.031845272369325987e-03,7.617627769126413678e-03,1.418076032371456095e-02,6.537995507748735856e-03,2.625497852262922635e-03,6.183772695471680819e-03,7.708655698634105449e-03,1.795977949084696067e-03,7.169802612852732397e-04,1.760774606548200878e-03,1.292511547093791371e-03,5.833762503603644178e-04,1.874434347402959824e-03,1.238414349792213171e-03,2.192733969894067065e-03,3.450011826978500225e-03,1.578083489646002480e-02,9.124796621174147832e-03,1.895793292977265062e-03,2.158969043453279335e-03,3.017003761115990852e-03,8.870088109675237573e-03,4.758093387927778140e-03,2.922916992389825927e-03,4.611391248502755974e-03,3.393677453413715753e-03
2.009571809609910636e-02,1.391403824000511831e-02,0.000000000000000000e+00,5.882802682029578817e-02,3.664115893722168227e-02,1.312070255254734093e-02,3.401526367507564947e-03,1.695443332719748708e-03,5.169153060347508356e-03,1.655538894185082117e-03,1.371099666614774247e-02,2.898456412276108861e-03,1.540100588110287008e-02,2.273288625201468332e-03,7.996596291244592591e-03,1.284593850654537801e-02,9.688526323550822675e-03,1.213021658548960047e-02,6.658200553413971302e-03,1.149364558385190631e-02,5.799191966284135587e-03,1.737932913098706213e-03,4.128109258447689063e-03,1.055493307827826393e-03,4.060071976628256731e-03,1.590533547122781203e-03,1.173319330620713717e-02,3.960689479637007071e-03,1.516908843415728202e-02,2.545315293560189776e-02,2.194073005590032460e-02,1.650949763022004774e-02,8.310663530194483187e-03,8.987120798245725947e-03,7.496805298383681093e-03,2.325029319488779340e-03,1.545489759077858663e-03,3.033854379121217384e-03,4.871631755127140036e-03,3.283308595425003112e-03,2.326525158450591484e-03,6.412828787155903801e-04,4.265016329548646130e-03,7.211874307011660080e-03,1.241460060896769531e-02,1.045522724877849356e-02,6.146442234594875868e-03,1.506846462046078881e-02,1.099968732996538592e-02,1.530609862715816977e-02,1.817859600260311043e-02,1.016514972329419716e-02,1.379391770728706328e-02,1.017300678361958595e-02,4.074541477198080630e-03,3.588798585613997214e-03,7.230332586174850534e-04,4.746201712778673021e-04,1.145939129115873707e-02,3.440293160852478122e-03,1.707214775472293972e-02,3.079609630937933315e-02,1.142179356162920101e-02,5.983618048945409801e-03,7.315770549008640718e-03,4.412109548519263860e-03,1.280803147030220787e-02,1.265159528053546104e-02,1.225790499396477986e-03,8.616392221791021808e-03,5.670703773401611879e-03
1.454142315100631633e-02,1.565832694249294499e-02,5.882802682029578817e-02,0.000000000000000000e+00,2.298480362284790329e-02,1.427661184197249501e-02,1.001514325337010680e-02,9.165079193812363315e-03,6.037182942017165974e-03,4.212713226181711255e-03,3.107894358202265093e-03,1.437609734423349675e-03,1.184856724986298182e-02,5.566510980313235310e-03,9.820947666296002757e-03,8.889551086249284501e-03,5.569773969361021225e-03,1.033294266301214813e-02,6.205251561276446497e-03,8.921472784110012766e-03,8.323572327174317371e-04,2.003972064703807548e-03,7.616538511047183258e-04,2.653288996348291805e-03,4.620646655000774060e-03,1.842449750948597703e-03,7.436552256246615859e-03,1.041422029167895710e-03,1.236881460128614642e-02,1.546420818714132166e-02,1.039752416058074315e-02,1.390107629865689268e-02,8.588830046874834298e-03,6.337670765269937806e-03,8.160662857387509031e-03,6.116301667240762194e-04,2.351728567438169347e-03,6.438885946486883755e-03,3.109477725260295210e-03,3.214778856305588236e-03,6.165507831172530083e-04,2.783085800722905328e-03,3.677994242075222249e-03,7.098600300955809801e-03,1.609096948910250513e-02,1.440089614782930245e-02,7.372857481173954002e-03,7.936560204357229545e-03,9.699799797805745347e-03,4.528682712585141087e-03,1.910244844110510140e-02,7.398816171529521389e-03,9.117799912766495415e-03,4.996394461351555405e-03,3.887293631520655863e-04,3.123880677762543891e-03,3.625651040132162918e-03,4.296668829435926207e-03,5.639836786319539497e-03,2.086849433733601114e-03,1.452510878824384878e-02,1.751792013338077797e-02,2.058078250931429098e-02,1.009113560341629370e-02,3.627828280877207819e-03,1.341325794768941397e-03,8.457400844955104482e-03,7.909584729339946829e-03,3.191702714287393810e-03,1.431626403344061702e-02,1.011828136145588586e-02
1.022520942379991776e-02,1.691825277576473538e-02,3.664115893722168227e-02,2.298480362284790329e-02,0.000000000000000000e+00,1.481804169602604117e-02,2.006254792465948789e-02,3.378753554060911352e-02,5.537677815034599237e-03,1.489646703939810808e-02,2.818227927366952299e-03,2.446076190046883331e-03,1.856747030350566416e-02,7.597565725522690237e-03,8.631947528653824767e-03,1.569530956226002430e-02,8.894114106307426243e-03,1.561220929510326663e-02,1.454337947713259596e-02,1.096232984872325990e-02,2.498514267555514926e-03,8.777325845772532623e-03,4.669008627203605558e-03,6.357970356996269466e-03,5.995045859753266038e-03,2.222606104809835958e-03,1.140065961223749383e-02,1.904082529574687788e-03,1.053072632445755871e-02,3.803920161594210453e-02,2.607253594729250917e-02,1.600587755571682494e-02,1.361270014759150514e-02,5.393202695584143821e-03,1.157652832430587815e-02,2.622686085807217609e-03,5.103650461957599284e-04,1.437652389427000830e-03,4.926890634602287128e-03,1.388574534223767929e-03,1.971183948862725421e-03,2.048040049975440122e-03,9.657369660875284034e-03,1.057287074650531226e-02,1.648220311304659028e-02,6.269523668062449914e-03,8.090623236274407937e-03,1.797810345485011466e-02,1.532636523747058638e-02,5.914010049090936104e-03,1.203778851307290079e-02,1.289257203449713056e-02,4.311543826918660428e-03,6.633520677574051942e-03,1.081954979650580264e-03,7.429165503560656659e-04,2.210379291084575443e-03,6.312403504703344289e-04,2.803582449905097328e-03,4.403996916318218650e-03,1.342791319854388932e-02,2.892466343732463113e-02,2.289633286703822088e-02,1.158720326597487832e-02,1.049127084472402903e-02,5.122404536070645879e-03,8.592533769095011056e-03,1.176066396320471497e-02,3.053391856713643087e-03,1.453610738546994886e-02,1.393786391499310731e-02
1.418007880520971188e-02,3.507724487929867341e-03,1.312070255254734093e-02,1.427661184197249501e-02,1.481804169602604117e-02,0.000000000000000000e+00,1.888347981764222638e-02,2.210075325132876065e-02,2.076495628779819261e-02,8.353647081349894338e-03,2.076660855661584953e-02,7.809172171743611161e-03,9.853377664526020985e-03,1.730388978832989033e-02,2.515296642086882126e-02,1.631170616583365110e-02,2.518191684126004290e-02,1.782263624237695812e-02,9.790552924336063528e-03,2.147277714222100425e-02,2.342872851464315037e-03,7.467343862897572390e-03,6.349157465794850845e-03,3.924539675779767540e-03,2.783767217745866402e-03,1.241274022016487701e-03,1.319290601502081869e-02,1.068021451073736684e-03,9.224709065626165300e-03,3.494781941485684135e-02,3.305238478027234389e-02,1.068011496398908397e-02,1.124888182701603949e-02,2.215196285826420263e-03,3.059564403262097186e-03,1.958352242413346350e-03,9.662552385230914259e-04,4.559720720856997103e-03,2.838903991553729141e-03,3.222782461527537098e-03,4.700597925798317284e-03,6.069740861681863350e-04,6.600617073425840524e-03,8.995460242576183360e-03,1.787292103498831428e-02,6.213740039843840615e-03,3.445072085997622738e-04,7.253003871631075530e-03,5.541566964969642760e-03,6.733437033512461138e-03,1.607666920762713947e-02,1.673716260401448067e-02,9.505199440619251788e-03,7.634474676878420102e-03,7.882477092498663606e-04,1.043226388750089374e-03,2.773385093346432753e-03,4.545076444759067681e-04,2.868719880478206447e-03,1.776959971027898761e-03,1.661465724906677904e-02,2.401479825579536445e-02,6.968175858181561468e-03,1.042020979832763636e-02,1.294389202127702032e-02,4.028610402443666243e-03,2.216639504828969015e-02,2.727463952326097257e-02,4.337816655663965376e-03,1.347349420212419144e-02,1.002032419416446461e-02
3.847510085380147129e-03,3.663399980709833997e-03,3.401526367507564947e-03,1.001514325337010680e-02,2.006254792465948789e-02,1.888347981764222638e-02,0.000000000000000000e+00,6.668658172056465827e-02,4.450206956048913948e-02,3.600284081141309073e-02,2.121133713412844124e-02,1.429282406207770667e-02,3.508762308758892490e-03,4.576831310853803590e-03,4.452026342950876452e-03,1.054022905924972310e-02,3.606133212490890416e-03,7.740933062533220978e-03,9.373252804482841774e-03,1.105563311947759149e-02,2.705309688719239117e-03,1.105447380215475277e-02,3.643132247637040529e-03,1.293069084555279434e-02,2.776476825381658364e-03,3.912012674795880933e-03,2.244880253548825130e-02,1.022748551806658933e-03,1.990253698439299612e-02,5.437959882993063931e-02,1.944979390691675691e-02,2.431056513445657707e-02,8.575189367763746962e-03,8.731120873501822073e-04,3.656885205096503492e-03,2.009690647062667510e-03,5.234140735912123747e-03,1.851136587568751653e-03,4.738433458069794130e-03,2.233918352011769227e-03,6.102628065408704193e-04,2.255976893195457949e-03,3.882266398745290795e-03,2.532118120700725325e-03,2.115294476277170335e-02,5.128718939534955036e-03,5.555885346693430898e-03,5.511543870356523656e-03,1.892681376210957403e-02,1.028488403097195004e-02,3.155765181054134838e-02,2.179165460487913000e-02,1.492882390578525661e-02,4.811680036276640149e-03,1.264173588771886443e-03,4.988948791123601519e-03,3.971878770076034057e-03,9.715647013703290671e-04,1.098996002148490761e-02,1.068805824594643798e-03,1.711675280792962148e-02,9.255805002253387342e-03,8.464060107700422178e-03,2.088852814439936742e-02,1.711032553404499834e-02,6.265413129797134904e-03,1.258373235959751521e-02,1.524463254605312214e-02,1.099539925148524527e-02,2.453551310514493627e-02,5.710478121371690211e-03
2.381162147343214922e-03,1.495821567068748338e-03,1.695443332719748708e-03,9.165079193812363315e-03,3.378753554060911352e-02,2.210075325132876065e-02,6.668658172056465827e-02,0.000000000000000000e+00,5.796583081388220760e-02,1.615927698527399800e-02,7.122119526192300341e-03,6.765345469261285077e-03,1.315527121892214046e-02,8.500499392607965138e-03,5.720200311367070953e-03,1.647168645888117192e-02,1.435739760127766225e-02,2.707627467925059414e-02,5.624834892360182706e-03,5.302540431584599340e-02,3.601622493413306376e-03,1.680418709942356134e-02,6.310501688118383065e-03,9.973485310364783168e-03,3.217415773023779482e-03,2.354299940147186031e-03,2.587070859667339393e-02,5.155876247149062709e-03,1.626001279361568783e-02,2.889547450364337439e-02,1.425600086199344842e-02,2.148621951391290266e-02,9.369897056522049489e-03,2.411088060149938015e-03,2.311640963353244621e-03,2.390523990830919349e-03,2.133699879296300367e-02,2.860411070900623683e-03,8.346200306594209889e-03,1.152489423224983475e-02,1.555153631593554240e-03,1.567757533671630676e-03,1.148432613965320219e-03,1.082234587845143717e-03,8.653201132994656208e-03,9.322905175927899239e-04,6.520456214502868587e-03,1.025046195314144142e-02,1.910113124806051693e-02,1.011500007620003659e-02,1.989603425051405042e-02,1.678320325251488054e-02,1.257089330346861621e-02,2.303603125948692869e-03,7.735869106890410404e-04,2.177520644347674672e-03,1.211989581930809912e-02,9.903130913385392066e-04,6.734356528414256297e-03,2.615004158865288312e-03,1.268233503821547883e-02,2.422880264542347922e-02,1.817625278632926944e-02,2.714913569245662461e-02,2.578577313151823522e-02,5.913022249117779773e-03,2.418807675440573512e-02,2.311152009173511601e-02,2.176034033464167156e-02,1.360576484622197727e-02,1.083249074559446135e-02
1.043093466402284777e-03,3.105332495242088368e-03,5.169153060347508356e-03,6.037182942017165974e-03,5.537677815034599237e-03,2.076495628779819261e-02,4.450206956048913948e-02,5.796583081388220760e-02,0.000000000000000000e+00,1.358207116038916140e-02,2.692083995671672170e-02,2.160820381432451351e-02,1.106406078994854984e-02,9.985385936127138748e-03,9.787260212856031295e-04,2.614732561034512071e-02,1.191505290951757473e-02,1.702519234485105545e-02,7.046675972357118074e-03,2.595072683266951702e-02,1.050152742984162592e-02,2.347654650528776914e-03,3.001481932195155730e-02,3.474171116702779588e-02,3.115511199238198050e-03,1.109129522431000388e-02,5.839111725231543176e-02,3.207235009047401664e-02,2.054184505955708104e-02,3.434364172443397922e-02,1.757499965197304934e-02,3.083992151286686981e-03,2.099749845569193370e-03,1.499396344450081367e-02,1.556293930095117503e-02,5.612785800850367268e-03,5.195653609797067085e-02,1.174374851191372499e-02,1.835961782897150424e-02,2.046244232684961764e-02,8.945342996521856577e-03,1.804279181133563656e-03,4.020175925827265510e-03,1.495803086671699958e-03,7.868753631438352159e-03,4.308959609262597197e-03,1.279104782229631854e-03,3.740534827593885135e-03,4.694466772825709247e-03,8.982619434011462900e-03,1.132467430165379207e-02,5.869201002814019089e-03,1.537404378615736880e-03,6.422301514601986942e-04,4.044428649839189489e-03,2.340617500618917979e-03,3.109935909311146215e-03,3.943810147507826117e-03,2.703663561075464114e-03,6.933639527683345058e-03,1.900931647079255257e-02,1.691624039783826833e-02,4.149227317223135904e-03,3.593504401846508989e-02,5.642353182448086452e-02,8.444105850083047718e-03,1.023238595118175324e-02,2.900285983659580888e-02,1.857042130655935444e-02,1.095844045328104276e-02,3.560412047009001071e-03
1.506112614538874638e-03,3.534810918021421677e-04,1.655538894185082117e-03,4.212713226181711255e-03,1.489646703939810808e-02,8.353647081349894338e-03,3.600284081141309073e-02,1.615927698527399800e-02,1.358207116038916140e-02,0.000000000000000000e+00,4.764562140660982825e-02,2.409093154011960128e-02,2.557504930866564760e-02,5.479986167441110514e-03,1.527829262244652896e-02,1.094845314079297832e-02,9.725241935720626771e-03,2.006748483920776580e-02,9.685002250688953818e-03,3.952439099501791481e-02,8.749708232732803653e-03,1.146784563693560230e-02,1.717325838202395788e-02,4.594460601541211497e-02,4.545817917436070429e-03,6.910746399950784026e-03,5.828905494860263381e-02,1.376580115112612662e-02,1.970137874962143640e-02,3.383855064518295763e-02,3.865612461578673328e-03,5.615587061436291827e-03,1.398492065568274862e-03,1.018535944147704389e-02,6.872290448923935868e-03,1.114985386748343181e-02,2.815026777554656065e-02,1.521839990149210543e-02,1.583338278591377851e-02,1.878312733823365305e-02,1.241511637006863754e-03,4.411317181991479715e-03,1.047723510331290435e-03,7.046694620997568520e-03,6.233946426868782267e-03,9.401872586800066574e-04,1.743610745737083235e-03,4.172902570976045993e-03,1.861980500951679676e-02,7.293365095186511021e-03,1.391224328047077803e-02,7.144753446399201673e-03,3.318142717907759769e-03,4.774307569736322560e-03,4.806865387410669092e-03,7.971970826975129099e-03,2.221768984141152953e-02,1.211059203091590210e-03,3.273866127587343744e-03,4.791695612359201002e-03,9.552663064496634895e-03,2.763168051563175045e-03,7.904700274626320564e-03,3.005126012878389305e-02,2.396477312980125132e-02,2.700557555870712004e-03,3.369355294090135584e-03,1.074742436012333761e-02,1.341050646462285494e-02,7.407843862407468248e-03,4.150601317048280281e-03
5.002066037695867586e-03,4.032565501977490932e-03,1.371099666614774247e-02,3.107894358202265093e-03,2.818227927366952299e-03,2.076660855661584953e-02,2.121133713412844124e-02,7.122119526192300341e-03,2.692083995671672170e-02,4.764562140660982825e-02,0.000000000000000000e+00,4.692885482921077545e-02,1.320852906472120419e-02,9.511327413664101213e-03,1.749992019815831482e-02,2.847695353449454167e-02,1.200488562727627766e-02,2.404571301330812177e-02,1.640648985976008497e-03,3.983530691374317229e-02,4.287677517281219750e-03,2.227902952974933001e-02,4.105141183750648376e-02,3.964065440400203061e-02,8.762627137267225193e-04,8.436813205245405345e-03,5.323485461904849808e-02,3.212803483795433068e-02,1.534750336865171698e-02,3.653582427284979284e-02,2.035004712437714011e-02,8.396172740618572036e-03,3.360466462741630057e-03,4.683473698498808770e-03,6.010904035596672385e-03,5.889060592887579090e-03,3.196633194255012189e-02,9.546956508653097612e-03,1.718335634526883121e-02,1.780950123098494139e-02,2.298841501890034993e-03,5.679106811605240650e-04,7.969986139233802740e-04,6.399154378083250251e-03,1.125520076009252357e-02,1.450808379409086876e-03,2.798940551328747174e-03,1.219861340389446049e-03,1.316769951490554501e-02,1.065954940172658509e-02,4.819748862441076455e-03,8.601673981102189726e-03,3.083863800524052051e-03,3.427212504287445363e-03,2.975937182006643811e-03,2.374867976050835765e-03,5.905722341680818589e-03,2.955662264066766676e-03,2.329867164734926877e-03,3.634114255781223379e-03,1.796530562046600235e-02,1.175569806885494797e-02,1.219733463380685140e-02,4.167731598499512663e-02,4.126399156639787291e-02,4.277714258735671946e-03,4.109479277104755024e-03,1.851080850558787724e-02,1.259452460467619384e-02,1.739700144454210586e-03,7.318404936358567647e-03
3.105339298559570659e-03,9.751404032997549112e-04,2.898456412276108861e-03,1.437609734423349675e-03,2.446076190046883331e-03,7.809172171743611161e-03,1.429282406207770667e-02,6.765345469261285077e-03,2.160820381432451351e-02,2.409093154011960128e-02,4.692885482921077545e-02,0.000000000000000000e+00,5.500813415403697088e-02,1.039943643555821945e-02,1.751676977678268479e-02,8.456422459216464405e-02,1.808636554888401471e-02,2.397364919764257557e-02,7.699344362218381484e-03,2.502369257940769906e-02,6.889473922220971588e-03,2.291778685831901904e-02,6.104206282984529774e-02,5.482286948873604793e-02,6.485456989981268523e-03,2.430483053610042049e-02,1.331306086801110899e-01,4.520749673084754894e-02,5.043684868469338473e-02,5.533846276562642830e-02,2.716401663046428758e-02,1.261967801140750564e-02,6.565657506756118755e-03,1.361300914938996104e-02,2.012751283096269120e-02,2.230905734975749052e-02,4.910086999219011317e-02,1.700384062485182576e-02,5.514432240668776242e-02,3.067653969340222025e-02,2.496668132819745631e-02,1.483728855645806508e-03,1.451361658075342800e-02,6.950035904418317388e-03,1.977448254961693130e-02,4.799914215885311974e-03,1.458349946104714598e-03,7.813154961352408376e-03,1.014728422813605813e-02,1.117629725124678203e-02,9.719685062449457541e-03,8.940111352127109307e-03,3.345960771972997499e-03,3.420372019944894777e-03,4.060830923308792785e-03,4.696573296709951641e-03,8.649699671444550627e-04,4.843654451979430633e-03,1.349612283442497285e-02,9.108983692528843917e-04,5.274200361184634700e-02,2.269163993597017245e-02,1.107584248842322268e-02,4.465021247043650388e-02,7.608537947274705837e-02,1.460672325842931468e-02,1.473635496647439196e-02,1.861274925875694083e-02,2.207498053465142135e-02,3.805843067502774364e-03,7.260649915303057401e-03
1.149476269647279128e-02,9.803459252453659151e-03,1.540100588110287008e-02,1.184856724986298182e-02,1.856747030350566416e-02,9.853377664526020985e-03,3.508762308758892490e-03,1.315527121892214046e-02,1.106406078994854984e-02,2.557504930866564760e-02,1.320852906472120419e-02,5.500813415403697088e-02,0.000000000000000000e+00,2.623812675897378363e-02,2.247870356343551965e-02,5.856757699410257423e-02,1.666769924387549728e-02,6.823086193216690819e-03,1.336290018245505154e-02,1.562366266321166090e-02,1.371691962751641833e-02,1.351543530075370592e-02,9.998839080716778738e-02,6.339811824749135016e-02,7.256858955176494035e-03,5.974624848069615135e-02,1.186674539429246056e-01,9.379689096793181191e-02,3.043253278601035228e-02,2.991283598264432575e-02,1.433318610377762488e-02,2.296099211444556538e-03,3.980097687994933742e-03,3.423235866827855495e-02,3.067887519158100235e-02,1.743976871278230326e-02,6.741478822169005847e-02,2.653104831175597325e-02,3.867861164642720506e-02,4.234198123458088325e-02,1.978316663777262771e-02,5.713722757617964096e-03,9.051268112663269239e-04,1.053397166113013636e-02,3.265172319915045189e-03,7.046220822901256425e-03,7.392524141338513953e-03,7.028505280617065171e-03,1.786168528325639401e-03,4.760710689132828521e-03,8.062097750262484791e-04,6.749704299823093036e-04,2.577267000239290198e-03,1.464291459449154013e-03,1.575451527832889657e-03,1.826037126169202662e-03,1.697483624128512175e-03,1.637751183285947321e-02,5.191563870045384430e-03,1.187674954244229662e-02,2.636422941032838876e-02,1.080103044621977433e-02,1.365240278187412545e-02,1.061716186787282738e-02,4.533354464376280341e-02,8.021868526807255512e-03,6.849102547962681448e-03,9.849593926163269578e-03,3.393618783520954696e-02,1.317676340593547770e-03,1.179926749673237268e-02
7.678567248946851706e-03,6.745779369901078008e-03,2.273288625201468332e-03,5.566510980313235310e-03,7.597565725522690237e-03,1.730388978832989033e-02,4.576831310853803590e-03,8.500499392607965138e-03,9.985385936127138748e-03,5.479986167441110514e-03,9.511327413664101213e-03,1.039943643555821945e-02,2.623812675897378363e-02,0.000000000000000000e+00,1.622096074975020938e-02,1.939269842502408525e-02,2.979651069480145770e-02,6.831669873910520274e-02,2.819479078856359719e-02,1.284534863916741432e-01,2.832754871467456359e-02,7.899994712007608888e-02,3.618297554577276642e-01,2.711311826356166410e-01,7.617846929410781141e-03,1.577560235579053005e-01,3.563720121085704462e-01,2.513536921283869296e-01,2.134829798702610887e-02,7.465104154370702516e-02,1.687111464025146251e-02,2.504643488291500956e-03,1.519199737808882983e-02,4.221814481931933372e-02,6.352696344085934088e-02,7.031266119867692066e-02,5.791743179963683430e-02,5.447640328648192809e-02,1.335175738543212254e-01,5.802715858643332086e-02,9.790833825805952961e-02,2.038873912432543831e-02,3.361630075426820519e-02,8.525897091738786002e-03,5.428892962939099384e-03,1.976109059880216002e-03,1.045417314563500295e-02,4.587935087167534925e-03,1.367148639094241174e-03,7.117176451060310861e-03,2.758841963546720868e-03,5.266424215318660923e-03,2.805464243258367490e-02,9.489996948887392814e-03,9.330214871035939425e-03,1.131246327749423769e-02,7.599361704381140011e-03,4.080895039100749383e-02,1.383234050191637851e-02,1.897405351302213633e-02,4.990168093554782358e-02,2.012134330322068454e-02,4.762423724842510669e-02,1.273714474378534467e-01,1.176364364862402395e-01,2.191432396069532482e-02,3.104493486426474630e-02,4.769137292303213954e-02,1.208767302241645254e-02,1.497215686437178978e-02,1.084709337992016860e-02
1.277108529596965129e-02,1.084450747990909313e-02,7.996596291244592591e-03,9.820947666296002757e-03,8.631947528653824767e-03,2.515296642086882126e-02,4.452026342950876452e-03,5.720200311367070953e-03,9.787260212856031295e-04,1.527829262244652896e-02,1.749992019815831482e-02,1.751676977678268479e-02,2.247870356343551965e-02,1.622096074975020938e-02,0.000000000000000000e+00,1.618723990994143103e-01,1.108312600404215975e-01,2.998531525490643820e-02,7.327082698022781282e-02,2.068734649529776690e-02,1.005433617494149029e-01,1.473795394300939435e-02,2.288389424092116542e-01,1.667653465041900041e-01,9.967503874754964077e-02,1.308539269542459971e-01,9.939586395912299033e-02,1.373422570248720165e-01,8.815202680169978780e-03,2.305131349375069347e-02,7.031624467604727716e-03,2.433241929291690350e-02,4.153023430705922447e-02,5.739042029318142807e-02,8.796265506292978709e-02,3.465619211446187981e-02,8.241577616394768491e-02,6.550147243324457025e-02,1.711376026213000737e-02,4.581322174079340004e-02,2.803438833304126854e-02,1.420634675792599791e-02,6.554293633737892123e-03,5.228214639896825583e-02,4.007068275743488200e-02,2.644147247119356392e-02,1.305126665530313701e-02,4.198645755221575709e-02,1.779331461139613962e-02,2.548494697012930552e-03,1.615994799600151827e-02,3.288974050881081357e-02,3.055007247073067769e-02,2.071004088618667166e-02,1.275096415276130539e-02,7.970605379240448471e-03,1.341048279314490700e-02,2.959603666656855300e-02,7.914857981004155482e-03,6.063442723099994602e-02,1.793216967061064815e-02,7.759336630420687886e-02,3.944511727085815017e-02,2.091907408029008986e-02,4.886199938441936758e-02,4.536557990167851273e-02,3.635753172292058993e-02,1.745873817204224993e-02,3.776190291177673741e-02,2.661984674874913123e-02,1.909017530851335465e-02
4.681709337999437510e-03,8.863700180492279507e-03,1.284593850654537801e-02,8.889551086249284501e-03,1.569530956226002430e-02,1.631170616583365110e-02,1.054022905924972310e-02,1.647168645888117192e-02,2.614732561034512071e-02,1.094845314079297832e-02,2.847695353449454167e-02,8.456422459216464405e-02,5.856757699410257423e-02,1.939269842502408525e-02,1.618723990994143103e-01,0.000000000000000000e+00,4.086218072321587402e-02,8.417896553729964024e-03,4.727080985221923659e-02,2.349895651248236697e-02,2.167276726360308978e-02,1.030030738595576340e-01,2.037615011333956394e-01,8.101585682420706092e-02,8.325760841720619698e-02,1.435619258677970911e-01,3.331284195680510318e-02,1.191904774524288058e-01,2.655577021052950987e-02,1.584348067406507812e-02,3.293566577533314083e-02,3.890187431250169414e-02,2.550325633092633340e-02,4.120197457318918594e-02,3.718313109873296052e-02,3.201616100749940519e-02,4.817661049002920637e-02,1.585448450681086960e-02,2.472162581345928659e-02,2.696559364747154464e-02,2.154031695124428852e-02,1.897800133083154747e-02,3.078092195207434573e-02,5.872879309972703354e-02,5.548313482569400268e-02,3.135499010288298610e-02,2.364913989327655994e-02,4.467971985712460015e-02,1.576035116622648974e-02,2.033699542581756878e-02,2.628215017574380905e-02,5.512152911006908823e-02,3.795327992746867773e-02,4.180143934179562579e-03,2.120305172972030208e-03,7.695045882195637905e-03,4.261241753775311947e-02,7.144751488831012527e-03,9.165391365864181128e-03,2.670239586895183787e-02,2.538123113336753292e-02,4.942629473544786489e-02,9.316397399100484131e-03,1.329665684776304944e-02,3.536303900304645087e-02,7.254489229195021371e-02,1.275900589073209468e-01,8.276822357435270616e-02,3.706890322290060102e-02,1.082029832004068742e-01,3.070206854136853583e-02
9.637272293012892274e-03,1.089118552063235261e-02,9.688526323550822675e-03,5.569773969361021225e-03,8.894114106307426243e-03,2.518191684126004290e-02,3.606133212490890416e-03,1.435739760127766225e-02,1.191505290951757473e-02,9.725241935720626771e-03,1.200488562727627766e-02,1.808636554888401471e-02,1.666769924387549728e-02,2.979651069480145770e-02,1.108312600404215975e-01,4.086218072321587402e-02,0.000000000000000000e+00,7.552878534293162860e-02,2.451516745594660707e-01,2.603191349261731458e-01,9.159989205839585980e-02,3.997237146691062781e-02,5.302249793388641441e-01,4.098612019258959238e-01,4.951532280411337361e-02,2.919393051055384491e-01,4.784327114013187110e-01,3.569218297253546890e-01,3.289802733505656218e-02,1.338560729122250659e-01,7.587048563032040144e-03,1.672427599468705520e-02,6.623132309631127312e-02,5.904105810274919153e-02,1.228365018506110129e-01,7.351492190854858055e-02,8.144918280220900253e-02,1.274712995759356982e-01,1.664090353487245044e-01,1.045375126246981951e-01,1.356524863640087564e-01,6.101042101740834778e-02,3.225790222502640525e-02,2.370854069641776737e-02,2.286611215930418189e-02,1.076417728585382823e-02,1.324806688597583541e-02,5.004178114706491452e-03,1.522967672736565093e-03,4.457379670546150752e-03,1.406383154487221045e-02,2.078396630657951619e-02,5.361818194550738853e-02,3.599583784285122906e-02,1.127257228650276923e-02,1.654762127818677764e-02,6.090226706896152524e-03,2.955720417553985013e-02,3.083817950203412289e-02,5.103151474099188595e-02,3.157355319082623402e-02,1.638842978058685160e-02,7.306259493767598701e-02,1.408661765707398261e-01,1.873880955590020436e-01,4.262476212114118396e-02,8.634123272573510088e-02,7.227178193380576210e-02,4.811584396075708342e-02,4.971677272421020505e-02,1.763449344362197357e-02
6.176218749807754760e-03,6.405340509666053971e-03,1.213021658548960047e-02,1.033294266301214813e-02,1.561220929510326663e-02,1.782263624237695812e-02,7.740933062533220978e-03,2.707627467925059414e-02,1.702519234485105545e-02,2.006748483920776580e-02,2.404571301330812177e-02,2.397364919764257557e-02,6.823086193216690819e-03,6.831669873910520274e-02,2.998531525490643820e-02,8.417896553729964024e-03,7.552878534293162860e-02,0.000000000000000000e+00,1.342085352289096867e-01,3.285505910450202127e-01,5.088112238359178141e-01,4.028214177178831568e-01,4.016401881830053977e-01,1.926214375057720141e-01,5.821438950824585623e-01,3.228500503563572765e-01,2.897660806792948934e-02,9.338913832152140326e-02,8.623427487263429780e-02,4.382155286494392003e-03,3.386009744162504081e-02,6.197349350569366505e-02,2.568932250725088767e-02,1.669800764396280751e-02,5.726714203288484073e-02,2.356436429467920896e-02,8.547244074281423742e-03,2.869371826439832615e-02,5.648982679080413738e-02,8.796855601880692113e-03,1.300676811437788058e-02,2.896817216818296098e-02,6.479400680910762933e-02,6.791506803138681880e-02,1.058657864847076246e-01,7.305175514516690227e-02,6.170230810846309699e-02,1.034430208803883006e-01,7.910461713184853416e-02,3.683586893417885311e-02,4.584790918416758315e-02,1.054590923518120421e-01,6.596608180910071284e-02,1.862596025712056486e-02,1.756495131093685838e-02,1.227021735183925731e-02,8.216006629010884355e-02,1.272295360122050432e-02,4.263533640263945934e-02,1.441199079113947568e-01,1.042106101844508109e-01,1.757255544991229990e-01,7.926053861798537659e-02,5.702717402330075014e-02,6.687506263208401434e-03,2.010813395229935421e-02,1.229294270204518147e-01,5.254038733899907276e-02,1.109781555221035255e-02,6.220843454079456186e-02,6.519440654920398426e-02
5.660371608275765673e-03,5.546340244944277832e-03,6.658200553413971302e-03,6.205251561276446497e-03,1.454337947713259596e-02,9.790552924336063528e-03,9.373252804482841774e-03,5.624834892360182706e-03,7.046675972357118074e-03,9.685002250688953818e-03,1.640648985976008497e-03,7.699344362218381484e-03,1.336290018245505154e-02,2.819479078856359719e-02,7.327082698022781282e-02,4.727080985221923659e-02,2.451516745594660707e-01,1.342085352289096867e-01,0.000000000000000000e+00,1.675786587012672024e-01,2.117321986006332757e-01,5.967582195686065294e-01,6.359068594305483657e-01,2.681879995949403850e-01,1.424703146029866752e-01,5.655907172273731964e-01,1.698193309172073839e-01,3.578866274172358142e-01,6.404801555011742364e-02,1.637078679938815118e-02,3.052653229257872719e-02,6.269958433607772039e-03,2.819133696489566424e-02,2.293619188702956252e-02,7.676056517568702331e-02,1.186341971583847014e-02,1.457379406425740424e-02,5.200320064255795072e-02,7.365310075167767756e-02,2.658928809615644998e-02,5.118922909321690223e-02,8.878211254985403367e-02,3.785315928907517780e-02,4.307267156378613571e-02,2.581751787670181694e-02,2.964825605245701920e-02,1.946006018400323404e-02,1.883616607908819920e-03,1.021200278128138288e-02,3.457512376128395615e-03,1.580064480722732576e-02,9.917023574548619255e-03,2.892545291479882430e-02,9.064314364800946794e-03,1.941548374282216910e-02,2.262173601716455443e-02,5.186178332282496278e-02,2.108619868301266423e-02,1.178539613400453843e-02,5.021567984157795234e-02,7.462836359103770800e-02,1.685479672037605917e-02,2.115869736178304511e-02,3.168731520460603412e-02,2.467507693130345167e-02,3.082209202184614180e-02,1.041744571836549921e-01,2.159853429364653674e-02,5.217333964741813213e-02,9.378112009012128103e-02,3.189653475989250031e-02
9.619838137061334851e-03,1.006126456877156315e-02,1.149364558385190631e-02,8.921472784110012766e-03,1.096232984872325990e-02,2.147277714222100425e-02,1.105563311947759149e-02,5.302540431584599340e-02,2.595072683266951702e-02,3.952439099501791481e-02,3.983530691374317229e-02,2.502369257940769906e-02,1.562366266321166090e-02,1.284534863916741432e-01,2.068734649529776690e-02,2.349895651248236697e-02,2.603191349261731458e-01,3.285505910450202127e-01,1.675786587012672024e-01,0.000000000000000000e+00,4.891552941198651361e-01,6.206970399196604093e-01,4.711446266503057645e-01,4.354224195766476790e-01,4.258159909798110987e-01,1.816592141457686049e-01,2.567240541353819072e-01,1.113506367144699305e-01,1.890521474651777820e-02,1.051875453526267545e-01,9.069010986579783759e-03,7.614771124566421627e-03,1.389529231691053780e-02,7.631950047319599473e-02,1.534753706834582343e-02,1.645103970034798510e-02,1.071558321534527847e-01,4.273459120529417288e-02,1.882715824946533043e-02,7.923971484761609119e-02,1.973870108290132902e-02,6.911937521933476936e-02,2.934069995314673301e-02,1.729034618859508904e-02,1.452494082153880407e-02,5.683038804337694344e-02,5.044013650756481310e-02,7.534297027388010826e-02,1.076354260010495417e-01,1.565704226663532789e-02,2.643156633350050161e-02,4.034455635052178885e-02,3.383156327779577449e-02,3.261207613505442970e-02,2.025039293686567085e-02,2.485408098107540903e-02,6.796962586114337068e-02,4.251638197015325527e-02,7.269031476439090367e-02,9.425694428020109372e-02,7.907974853583833730e-02,7.176507318799847657e-02,7.605204991251346414e-02,1.198834272030400022e-01,7.104392359534296431e-02,3.174546027654705227e-02,7.612616756050036293e-02,8.110066410084901256e-02,1.140211400368349864e-01,2.423195818662703116e-02,2.382659273133768546e-02
2.272993173783670676e-03,1.558762035940363310e-03,5.799191966284135587e-03,8.323572327174317371e-04,2.498514267555514926e-03,2.342872851464315037e-03,2.705309688719239117e-03,3.601622493413306376e-03,1.050152742984162592e-02,8.749708232732803653e-03,4.287677517281219750e-03,6.889473922220971588e-03,1.371691962751641833e-02,2.832754871467456359e-02,1.005433617494149029e-01,2.167276726360308978e-02,9.159989205839585980e-02,5.088112238359178141e-01,2.117321986006332757e-01,4.891552941198651361e-01,0.000000000000000000e+00,7.925998743930563473e-01,7.482175094488487943e-01,4.950589201503391990e-01,5.241255160179960626e-01,5.041835795107634244e-01,2.907856252899397864e-01,1.900985546458128783e-01,7.742781861121302012e-02,7.860520856618385954e-02,3.733502050939678518e-02,9.160308985421491967e-02,3.395730361426825550e-02,7.459418950382351587e-02,1.201775221898626483e-01,2.282561839507999193e-02,5.220590322524271826e-02,3.846336172690185962e-02,6.453626402089923664e-02,3.580245514669721379e-02,4.367446749442398940e-02,3.148678440658989053e-02,2.219271778211384313e-02,3.645151414920991956e-02,9.118549179355288359e-02,1.961992549051174914e-02,4.155053919423479757e-03,1.474729134477379550e-02,6.826696753385024657e-03,2.339420081156859746e-02,1.909326213570461742e-02,7.822840493331882639e-02,4.958942929532351301e-02,1.028833574627329578e-02,5.212301211058009698e-02,1.872386455864697222e-02,1.206681304984667628e-02,6.374297594463587679e-02,1.264688632705117041e-02,2.255677071988437116e-02,8.876561205095737095e-03,7.214622255841132703e-02,9.679539238381022759e-02,5.876549271683187414e-02,9.879731464743884972e-02,1.282236197868104333e-01,1.726132094594148014e-01,9.199510026192313228e-02,1.174025479901300156e-01,1.954981208195288589e-01,1.154675592504523368e-01
2.398257166633925401e-03,2.025934518040479505e-03,1.737932913098706213e-03,2.003972064703807548e-03,8.777325845772532623e-03,7.467343862897572390e-03,1.105447380215475277e-02,1.680418709942356134e-02,2.347654650528776914e-03,1.146784563693560230e-02,2.227902952974933001e-02,2.291778685831901904e-02,1.351543530075370592e-02,7.899994712007608888e-02,1.473795394300939435e-02,1.030030738595576340e-01,3.997237146691062781e-02,4.028214177178831568e-01,5.967582195686065294e-01,6.206970399196604093e-01,7.925998743930563473e-01,0.000000000000000000e+00,2.793101319241575453e-01,6.163177196669904490e-01,4.896790638393453410e-01,3.605041878418045465e-01,2.416813776056443430e-01,5.500436178745985588e-02,2.313861938905329985e-01,1.439756603457248707e-01,1.504948542269905210e-01,1.820942153486214410e-01,6.861397652851869422e-02,3.184958490644897861e-02,1.363285244449317923e-01,2.914663133647333801e-02,5.839156502139832006e-02,1.175199680658837453e-01,4.986948454040476819e-02,3.982437988201663337e-02,3.831958750249493673e-02,1.986172255536106795e-02,3.772671594007634410e-02,5.073927794583367457e-02,2.155146008783131728e-01,3.078645738668859405e-02,5.737753021171582667e-03,1.087349834234544316e-01,7.338721178379792320e-02,5.029451928240601111e-02,8.435215504264595432e-02,1.218070897544803743e-01,9.700436920419275300e-02,1.439812324709376645e-01,7.163412861717347035e-02,1.014720670156254723e-01,4.761303514826664002e-02,3.721175797230411031e-02,5.679967195787885559e-02,3.496087003173198315e-02,1.114422317255087669e-01,2.355404430300311602e-01,8.567826032623399035e-02,1.367744529401829050e-02,1.507392397041234511e-01,3.402237701103351386e-02,9.898301876062845506e-02,7.829234696046927233e-02,8.198830024101685932e-02,8.071223203646887834e-02,1.265271159518288890e-01
