0.000000000000000000e+00,1.028007049398419193e-01,8.787051016238422996e-02,1.570802056061203211e-01,3.559605196451644249e-02,3.695369409863599047e-02,5.286178314425727526e-02,8.427917878716756350e-02,1.285810388673669022e-02,3.843163200334542146e-02,1.226149042096676411e-01,2.439276687462272816e-02,1.306811828819254805e-02,3.274436850054283921e-02,1.929013029880516372e-02,5.702968148543632182e-02,6.539260357267204227e-02,2.709120700985369681e-02,2.664013325001200402e-02,7.631226907028018647e-02,6.975802217988318066e-02,5.755224508014843143e-02,8.682297882269739142e-02,3.331088472652665722e-02,2.939638399527040938e-02,1.046877461905434611e-02,1.592525439562848463e-02,2.672588113700324376e-03,1.883347512454905046e-02,3.230135587405144615e-02,9.864154597190305865e-03,6.278702496201746253e-02,2.780511122734993096e-02,2.720353570689452646e-02,6.997536987365637895e-02,3.123550070118698632e-02,2.085862630310265572e-02,6.948207628349874383e-03,1.758416569179884620e-02,7.415920383611302770e-03,8.445904102347075865e-03,1.885875451889095986e-02,1.466060278677952522e-02,5.593251518121331034e-02,7.226252206114625043e-02,8.330555945275879004e-02,1.501492839267655754e-01,5.415891033964725931e-02,5.027451577821341611e-02,7.406112966844533019e-02,3.727589306437878447e-02,2.610429828147618758e-02,2.050674667985052588e-02,6.643518904093381749e-02,8.890646521575698569e-02,3.404397856872881656e-02,1.805484641707357993e-02,1.303680845019035139e-01,6.990230328891695877e-02,8.056388581791279480e-02,1.174127702398816975e-01,8.911356811860009219e-02,1.382141179852330870e-01,5.145820324739411311e-02,7.771028597551460360e-02,3.701736420459780103e-02,1.170906973875692446e-02,2.176511455798226316e-02,1.314806098325161689e-02,4.308039962262870566e-03,5.915883509961574957e-03,5.600770461967169954e-03,7.076470409565237263e-03,3.920312407083089909e-03,1.033008844870382005e-02,4.324225400757902675e-03,2.914665274891724712e-03,7.013388465226731011e-03,1.482141162362075881e-02,6.200318118693670146e-03,7.485352005174833456e-03,2.466286489358682308e-03,3.092021462549733590e-02,9.596281494779326793e-03,1.430270625358344601e-02,4.785870785886419537e-02,4.993386225427581815e-02,7.567173010348782203e-02,3.879787465483894998e-02,4.031116448412757486e-02,8.410202889827349260e-02,8.202972531022265090e-02,9.872846413283671574e-02,9.525481949220644673e-02,1.290149356682986914e-01,3.619246713767189372e-02,7.633824993708285267e-02,5.516731633080385749e-02,5.306150365011094022e-02,4.868427001985087266e-02,3.020611305556979501e-02,1.659499064725519259e-03,7.103066772299990346e-03,1.000544803207684824e-02,5.323500776219657234e-03,1.871640486527337277e-02,3.094712064619142139e-02,2.778731063036976243e-03,1.085864717727577471e-02,1.222127298034611856e-02,8.133412648763171243e-03,3.256192492282765100e-03,5.181246593750105968e-03,1.814977885969442165e-02,6.051518124067237041e-03,3.807789690480076986e-03,1.204935978640085843e-02,2.161152016405416473e-02,8.346777519393092093e-02,1.085226643629809765e-02,1.366877012060919647e-02,6.336122291746149049e-02,5.323818031282476215e-02,3.726424386478789652e-02,2.032577852187635037e-01,3.477366996367210750e-02,8.744996504048527242e-02,2.345717736237955542e-01,1.138864145033494230e-01,9.506252434866674372e-02,1.246727915910823825e-01,5.605780312204573790e-02,3.185089578081805317e-02,8.370994711643320318e-02,2.585074848250136503e-02,5.294914680047586170e-02,2.040245968773388152e-02,8.233530376253878069e-03,2.139955334452037575e-02
1.028007049398419193e-01,0.000000000000000000e+00,2.570104939530318822e-01,1.040787252465709412e-01,6.758768473346685179e-02,4.901829443220671184e-02,1.227207447642230803e-01,1.570114887794522573e-01,7.398823042815624862e-02,1.340862956631246605e-01,1.584695969673879379e-01,1.087367286641871822e-01,5.767825856473939028e-02,6.190405023723216660e-02,1.102624269826720932e-01,6.904869223209092466e-02,1.779174955454155271e-01,6.162416087959330518e-02,8.915094537744008840e-02,6.470034411929262430e-02,1.440578640545855382e-01,4.083792901729516728e-02,9.683022643803650131e-02,1.465475256550405891e-01,5.707589511700940366e-02,1.887848591215880376e-02,4.310364687183952659e-03,5.890317956629115281e-03,1.649979233316262173e-02,1.700351215994816423e-02,4.072661597360434545e-03,5.785550619824129936e-03,2.756246935427545536e-02,2.961967305888712348e-02,1.322150173707261830e-02,2.992609365153504897e-02,1.189052607618074769e-02,2.261792664798453062e-02,1.259630613856167064e-02,1.596384171404901381e-02,7.490310987264015355e-03,2.262963710112337115e-02,1.254267528487718747e-02,1.238037113234500934e-02,4.433541681392889205e-02,1.077738356906746270e-01,4.681129395992413705e-02,3.542020185807568528e-02,5.738261372701772278e-02,7.004711185921544403e-02,3.315762864084775829e-02,3.214773579788500479e-02,7.865277338180187705e-02,1.649443419865765925e-01,5.053206610276068933e-02,1.838740140723401362e-01,4.967292230375303791e-02,1.646574924639770954e-01,5.821909551939590671e-02,1.098528803993893688e-01,1.283903623545029349e-01,5.750081058255263056e-02,7.832150174085245053e-02,9.870344348508358623e-02,1.288387594492112348e-02,9.202444252504363500e-03,2.495219203181802889e-02,2.066996844422376578e-02,2.559264238789685925e-02,2.813345490680460928e-02,1.020557143945985921e-02,2.826947210978838360e-02,3.414964608511807283e-03,1.040562299327715823e-02,7.618044111753726096e-03,3.941278150234811019e-03,1.253087318139088115e-02,3.905957789120348411e-02,1.943468905565252924e-02,3.829998784008185192e-02,2.933795520288987047e-02,4.333990761875100572e-02,3.927339910836186165e-03,2.643892900698465581e-03,1.559910074962589724e-02,6.624242657973893056e-02,9.833294161264780064e-02,6.203741054739222993e-02,8.415024578097179964e-02,1.721361283302984546e-01,1.177045950944183711e-01,1.724681732905093690e-01,5.895100497315087368e-02,7.038952816687085723e-02,1.437353515577545759e-01,3.014553555856461578e-02,3.417575654994221140e-02,2.988161434904643837e-02,1.215512948694951606e-02,1.864357764255509045e-02,2.731188780307580721e-02,3.422166318836344836e-03,2.477139618296755191e-02,1.151883612323281909e-02,2.814243626045600036e-02,3.296169946588948380e-02,2.563317157271742877e-02,7.809078749981154983e-03,3.877829545763868818e-02,5.034548693008842821e-03,9.445669034803485034e-03,3.364321896471645507e-02,7.895669947138889144e-03,1.947323071069183634e-02,6.623909901393586208e-02,1.609941572307591745e-02,2.909250863383697552e-02,1.375393812351666800e-01,4.012511001448969966e-02,7.436148010118732998e-02,3.342636320139637240e-02,5.865761798804119964e-02,1.466767802297854195e-01,1.027568037693231406e-01,1.821785211608825950e-01,6.785872543627102793e-02,2.655856413914218228e-01,1.381075524452580194e-01,1.489481427671088265e-01,2.446322987828134787e-01,1.415704234466317324e-01,5.956609654914208490e-02,5.571868995471306041e-02,6.421167152129517164e-02,3.834642000196922945e-02,4.891830442173367155e-02,2.081912891486621675e-02,4.982928312204332189e-02,1.481875291753420414e-02
8.787051016238422996e-02,2.570104939530318822e-01,0.000000000000000000e+00,1.496792282609432645e-01,1.725058494846754276e-01,2.169902845210023301e-01,8.875889565963131222e-02,7.259255532468741889e-02,2.655536022815637234e-02,8.667395225322657715e-02,4.643324409893506699e-02,4.567291341595117876e-02,1.045300250855846491e-01,1.331741567425266393e-01,1.308265100121985547e-01,1.281738979302389225e-01,3.291643574139939132e-01,1.524012867678502803e-01,1.394836713609496071e-01,1.215798882566318934e-01,1.780107522430930123e-01,5.532266043183705490e-02,1.288078106739288520e-01,4.434946341793293001e-02,7.501750352671541014e-03,7.867683358262224022e-03,1.395348367137742851e-02,2.310066903304258679e-02,6.452655719859430594e-02,3.855272507841798341e-02,1.644696234069774332e-02,1.552769337935328182e-02,6.712569956090777556e-02,9.553827783109231087e-03,3.216512041795413501e-02,4.429186580158905873e-02,4.792567603890565686e-02,2.054100193325071946e-02,1.083856946586686867e-02,3.278269067970036171e-02,3.561350886473654137e-02,2.105262375306968942e-02,1.050643230373906334e-01,2.570607515420332209e-02,3.957748037996861729e-02,8.180356335363224429e-02,9.933431869997419450e-02,3.901600290781279123e-02,1.105125710145161699e-01,2.089020442533467276e-02,6.392083741039128464e-02,3.942813538630154935e-02,1.732409220712549311e-02,1.012898405263369106e-01,1.182110396873950753e-01,8.615700770261265629e-02,5.118774672072713000e-02,1.625188435340626514e-01,7.601750648904866126e-02,7.895313661070262057e-02,1.110948537275988218e-01,7.568656094684028668e-02,6.524539222548594863e-02,4.510450709693530208e-02,2.025310362558618502e-02,4.069005280127885316e-02,1.453634875728340367e-02,1.945358135170841690e-02,3.932322008023265980e-02,2.720861388159178523e-02,3.846618282587612597e-02,1.805072324813180792e-02,1.777427760956980934e-02,6.584780615619488693e-03,1.101367217211421910e-02,3.510378595788322953e-03,3.076867896482492030e-03,1.625877810963764422e-02,6.071849512651866093e-03,1.308875386649128308e-02,2.772993412218268706e-03,2.540707378129034716e-03,4.687498182790809931e-02,1.341557779423021603e-02,1.493898079854855121e-02,1.082160480387547863e-01,7.001153863578528369e-02,6.084186136023378433e-02,1.358596023840938916e-01,1.039661586140843141e-01,7.805453441433327089e-02,4.720892801678515383e-02,5.867458008663545971e-02,4.945842706011612661e-02,6.382455527077313118e-02,3.767120454167623839e-02,1.198819899272594684e-02,1.737892093993517392e-02,4.093781572327258832e-03,2.647974415886345662e-02,2.708872181331735754e-02,7.132774741840866226e-03,6.599429929971113544e-03,3.286210579961391324e-03,2.181217341097713494e-03,1.134705259514854877e-03,9.809610815555888305e-03,2.871870498355169263e-02,1.201064599641647052e-03,2.275297581302204719e-02,4.921111053330926022e-02,6.243178198138168988e-02,2.082983770904638099e-02,5.604881178595396557e-02,6.355591412977097676e-02,7.554550008560084740e-02,2.392287003537544102e-02,9.862932580890360068e-02,1.871563349237772081e-02,1.056982003420314786e-02,1.460138277537237073e-01,1.954298441098259176e-01,1.576988676120752442e-01,1.658236592373385151e-02,1.717060856433839655e-01,8.000865805164739109e-02,1.237172632845692372e-01,2.025719517911225009e-01,1.194760745262906515e-01,1.899921625924667901e-01,2.280489164097356802e-01,1.204753889188037302e-01,6.449016956926420518e-02,7.141605946955789652e-02,4.819501280220019751e-02,2.799800571076194525e-02,3.426469845105857559e-02,6.329109047908993042e-03,9.751740400963571434e-03
1.570802056061203211e-01,1.040787252465709412e-01,1.496792282609432645e-01,0.000000000000000000e+00,1.610124058323891827e-01,4.458878298548273056e-02,1.053978729868936953e-01,2.226587566474242386e-01,1.415780752651895347e-01,1.646071940133448375e-01,1.868252215144518003e-01,9.502464860045621575e-02,7.609643642035186784e-02,4.019062184338811211e-02,1.136868526937325208e-01,1.195989356342525151e-01,2.251526077894041022e-01,1.584605609195434417e-01,6.257463863932075099e-02,8.441247295595852296e-02,9.721352901463209406e-02,5.089861629804091209e-02,6.996800494668842241e-02,6.393380671199000442e-02,3.134052084524017318e-02,1.193726336565610092e-02,1.544405486891154908e-02,1.000111940329255359e-03,3.522466595329198230e-02,2.937493027876825202e-02,5.549048669715425479e-03,3.960696916175582977e-02,5.187401542715008168e-02,7.429178119351160722e-03,3.537011885812661044e-02,3.178433530106544724e-02,1.087287810040840630e-02,1.432351916740392216e-02,2.686485717466048292e-02,1.045369017741600015e-02,2.090604325604209293e-02,2.876954216406819517e-02,2.348942327273676259e-02,8.578030819924971351e-02,6.678922861471224548e-02,5.236568327990893251e-02,9.453622905109267116e-02,2.085732388148072922e-02,3.163828964090460022e-02,7.144099572091527905e-02,9.107936031278945910e-02,4.153206733385534505e-02,4.652502702204566049e-02,1.182156024714202669e-01,8.442490657574393265e-02,1.291299371978548993e-01,4.555829537102980969e-02,2.287571317849304564e-01,9.076698678794858921e-02,1.299813493075781257e-01,1.549645516692464975e-01,1.138430439939459304e-01,1.227546588796709776e-01,4.750303266799220381e-02,3.200141466063936846e-02,3.010712312061612425e-02,2.145750623851386610e-02,2.112155703686335873e-02,1.531528620823238186e-02,2.665057575688094954e-02,4.266440574006315385e-03,1.041125551008280359e-02,6.418501881212206571e-03,3.267462568398166699e-03,1.070590407855574570e-02,7.529239977212353642e-03,1.000750365394052939e-02,1.033417883260361048e-02,9.248364281387332075e-03,1.199764310989896894e-02,1.168265145188358833e-02,1.150636589755021574e-02,2.306861502840498040e-02,8.886418160653886122e-03,1.254537805931457521e-02,9.173615962133686852e-02,5.818772269823672960e-02,9.164463467980205058e-02,6.642841311317788933e-02,1.245450330495144614e-01,1.697568719691314454e-01,1.088440658634517999e-01,6.284320340282123496e-02,1.257389375905666462e-01,2.055624626714095127e-01,7.271782450982461343e-02,1.021913683769996029e-01,1.122050443801165115e-01,5.392883749374705743e-02,6.369922781102008158e-02,5.598773515880511864e-02,3.678038639306326855e-03,2.760103480072740451e-02,2.203054918093982559e-02,3.314770853906546383e-02,6.449390383800619742e-02,4.225175535743144750e-02,5.632181679499577258e-03,2.884393699924733476e-02,1.820786482154922517e-02,1.781967052625271775e-02,1.741484712245362429e-02,7.319516001595110198e-03,3.287367802739470102e-02,2.434647086386782996e-02,2.945367826830898664e-02,2.286748164238775263e-02,6.580890659498271622e-02,6.846348943570083889e-02,3.930831966709792680e-02,6.061538172013731379e-02,6.682101374312300612e-02,1.261401536429042070e-01,9.411170454526701645e-02,3.051176850884706471e-01,1.008011239667583464e-01,2.019505537490285663e-01,2.634126661340925879e-01,2.688010513919052991e-01,2.416276808411498001e-01,2.181812792489885855e-01,7.787991307744222824e-02,7.991023900253821366e-02,1.058813387518685173e-01,2.876768210705955495e-02,5.760359088762683627e-02,2.140822198211661878e-02,1.761178812185284354e-02,1.493034939698593272e-02
3.559605196451644249e-02,6.758768473346685179e-02,1.725058494846754276e-01,1.610124058323891827e-01,0.000000000000000000e+00,2.257535452676733556e-01,2.339493891307911910e-01,6.677688718564564474e-02,3.156849788060301504e-02,1.151340583411691598e-01,1.274588824030564171e-01,1.231411737068093815e-01,1.199907928661739231e-01,2.008230161418499971e-01,9.098004331772309439e-02,1.552259236206283699e-01,2.185591101926431523e-01,9.305041453368445570e-02,1.798586384973143992e-01,1.395253686985304352e-02,1.144837929552611211e-01,5.195546203014184822e-02,6.163098389813230493e-02,6.020725892204620289e-02,3.105850995115468170e-03,9.050838364540248968e-03,1.297419837628974171e-02,2.973256318824519379e-02,1.843135658520620931e-02,2.167843529851892076e-02,1.054132141107039840e-03,1.969526395441317454e-02,2.408658548752655101e-02,6.093905482779128635e-02,8.311705871956088024e-03,7.076453477120115028e-03,2.231966645073264061e-02,1.166327811884984404e-02,1.974982258269920160e-02,3.049281725021987105e-02,3.289005561420138557e-02,1.557181623977809889e-02,8.482343539025664902e-02,4.469609959681822980e-02,5.234937844519162164e-02,1.564262768215454458e-01,1.078629539094556888e-01,8.602482223598775790e-02,1.822939186087014218e-01,1.605711694011497936e-01,3.102030562964159383e-02,1.094342423068723480e-01,8.134333804819680880e-02,2.221894096331367974e-01,8.429586838273714355e-02,1.852126485836707026e-01,1.070361184918830477e-01,1.226956572400341589e-01,4.973648018786017838e-02,6.600378701846298934e-02,4.615301298982010109e-02,2.980255977573572149e-02,2.033559172318062658e-02,1.127340256728693313e-01,5.262837724830588676e-02,4.435609945915447438e-02,2.972444727661280664e-02,2.029425345331363484e-02,1.362260249847364706e-02,3.458209189109133497e-02,6.123226276656860458e-03,3.520780780564067292e-02,4.730539464637399487e-03,8.583056145063326300e-03,5.756742877972176320e-03,3.119145065145780948e-03,2.997325223997036967e-03,3.010799287019671686e-02,6.889047195770767358e-03,4.277187469632026673e-02,6.621706296217375054e-02,3.687909913608473922e-02,6.675862104823345605e-03,3.436071013990398861e-03,1.032033131780655394e-02,5.265671027400489757e-02,8.289239438470932808e-02,4.246266422482668917e-02,7.802656716444401896e-02,1.400955307112805859e-01,7.795704487484633738e-02,5.479811074443768915e-02,6.475010864468404292e-02,9.422818017435320714e-02,8.822460113467087139e-02,3.233722217647180125e-02,5.120790520253691580e-02,1.233472668308519156e-02,2.905661906490801527e-02,1.780411412964244544e-02,5.981767948268398513e-03,4.346308771687062457e-03,7.809586795348526060e-03,8.936369345764460029e-03,1.227479909030261551e-02,1.145470682174088914e-02,1.111925074084015030e-02,1.197959327495574672e-03,1.822280945153656809e-02,1.858426008613089236e-02,5.623638132911207288e-02,3.259278625879134805e-02,1.454269363461129470e-02,7.345056601120091011e-02,1.389373272778293145e-01,9.347131185251031371e-02,9.306670626370995569e-02,1.993519700817568130e-01,5.858814476467958526e-02,4.751013582442596694e-02,9.413175163525354383e-02,2.549593544719953864e-02,9.931004650902268416e-02,4.039072838810563865e-02,1.000989275329260547e-01,9.393517679892160466e-02,7.827507909379786966e-02,9.712603033434193123e-02,8.045700442086309301e-02,2.293392833213523940e-01,9.788416242773904929e-02,9.159841419354887437e-02,1.429570053106548333e-01,6.064408977307356174e-02,4.442432650730210320e-02,3.059551207647943916e-02,1.430113690971948105e-02,3.818065577232036129e-02,1.805343057556655501e-02
3.695369409863599047e-02,4.901829443220671184e-02,2.169902845210023301e-01,4.458878298548273056e-02,2.257535452676733556e-01,0.000000000000000000e+00,1.771089316321811380e-01,1.644973650893655770e-01,3.842830709590180915e-02,1.020244177825206516e-01,8.425863738878192066e-02,8.000162527998913586e-02,1.189484861677932714e-01,1.180744571617756561e-01,9.188523092904345158e-02,9.141552546334620610e-02,2.904617283070819456e-01,9.156984772257295568e-02,9.878276294769688937e-02,1.127908833185664456e-01,1.822851387308478399e-01,5.535267551731460484e-02,1.000853138361912364e-01,3.172071082401645842e-02,1.390656677360493747e-02,6.957227838259033223e-03,1.220142027570737808e-02,2.085015878610333925e-02,7.758364655424399015e-02,3.619654435834001455e-02,1.173281702059768457e-02,1.526282167737336333e-02,5.465066746190060110e-02,3.612144081576348399e-03,2.179415198239230411e-02,1.356741452871373411e-02,4.341356380271005344e-02,9.275709832210625103e-03,5.573981299545420140e-03,2.582545336396982125e-02,4.098340346420004110e-02,2.188380127922867971e-02,6.446532742145330563e-02,1.342891987184270837e-02,4.138322959569815801e-02,6.580809171642117150e-02,4.801243752443618007e-02,6.829821591703384709e-02,5.132372258165779355e-02,4.119752374015719226e-02,7.263537264244313008e-02,4.911075685220005899e-02,2.008353875959262985e-02,9.954955693148359597e-02,1.082860294957114916e-01,1.547706827216867864e-01,4.053613798198516666e-02,1.950157487142870905e-01,6.347419603613033146e-02,7.472166376407200772e-02,1.628273916983264402e-01,2.301952772141004425e-02,9.993420216797579969e-02,4.723780069995375808e-02,9.884772371204157693e-03,5.581396990134411540e-02,2.690785010044463924e-02,2.167897881792107614e-02,2.448679597252032339e-02,4.074421601264092974e-02,2.840008159809295080e-02,1.824451147037317242e-02,3.737285007934221942e-02,5.402250401664736995e-03,1.460717266872328494e-02,1.842759952544429855e-03,2.661107308866217120e-03,1.809113488130003472e-02,4.625497720481556475e-03,5.288977909920450880e-03,2.158922575230021353e-03,6.866928647457513392e-03,3.191671057233109315e-02,1.152680263844012461e-02,1.781676775086260892e-02,1.089382477273654198e-01,1.456640627167981039e-01,6.704889052135175331e-02,1.598267045320536928e-01,1.395833013790603316e-01,1.058518321979845384e-01,1.278088149514121363e-01,6.496966724137939742e-02,9.111142873380251306e-02,1.439408693753775059e-01,4.778625858925995840e-02,2.280606615754284666e-02,3.625591532312364557e-02,5.316302829180069404e-03,2.952233431718181630e-02,3.904149587678292649e-02,1.045128857174533812e-02,1.168856929293082304e-02,4.920617904577235559e-03,2.863781180159797810e-03,7.429376912223316538e-03,1.913125187345784614e-02,2.795174178255285455e-02,4.062310601641834842e-03,3.185506252357535317e-02,5.213805019743429636e-02,7.219231740185821922e-02,2.765426899081400644e-02,4.546604440335196701e-02,6.777015029353478104e-02,6.867886800547581827e-02,3.694259378816178163e-02,9.493262085124493099e-02,1.883025667565167011e-02,2.011020948975664191e-02,1.377753208415997133e-01,1.422134263885162786e-01,9.145047753455334827e-02,1.553463739543041629e-02,8.340901694149650825e-02,1.625110083757354829e-01,6.301159256005815779e-02,1.274464044938578289e-01,5.416764457673756833e-02,1.591720808815176580e-01,2.339227431590143458e-01,9.815397704123911271e-02,4.545118201106124189e-02,5.873077475861998575e-02,5.199886768589502550e-02,3.476564355727898570e-02,3.441377481244974057e-02,2.656514044014679932e-03,1.512000892383849604e-02
5.286178314425727526e-02,1.227207447642230803e-01,8.875889565963131222e-02,1.053978729868936953e-01,2.339493891307911910e-01,1.771089316321811380e-01,0.000000000000000000e+00,1.260320827075329941e-02,7.163879503773185053e-02,4.396802593176954432e-02,3.813444240607384572e-02,4.766234891185498757e-02,6.893085734328249781e-02,6.710035522601742741e-02,9.414508248140390778e-02,4.734495596584745170e-02,1.626331207573520343e-01,6.638931721133296826e-02,3.288015896625463147e-02,7.759082587142207554e-02,4.914145219711078816e-02,3.000464390614370966e-02,9.212320902949624329e-03,2.955940629621637162e-03,1.339842196043194295e-02,1.998867870090935764e-02,2.799481450166384222e-02,2.249466150011712393e-02,2.620897703497167275e-02,4.109681064187541144e-02,5.629510540143067322e-03,4.533773583824456284e-03,3.179866438232040876e-02,7.969699248475568473e-03,1.324060694172816965e-02,2.405417152880792372e-02,1.537499746240262623e-02,1.013447204245923258e-02,7.134151981656099324e-03,1.398150568621509167e-02,1.667132550478687275e-02,3.182458219722485854e-02,1.438087895109387698e-02,7.677037741593389399e-03,9.147171133414740141e-02,5.141720194966873519e-02,2.789105549253089594e-02,1.258766960359958276e-01,4.247629447669794278e-02,5.913649448716794266e-02,7.341947013117647303e-02,5.265519811231986202e-02,3.152906491411878315e-02,1.076473656918160160e-01,1.166746796627625288e-01,4.560959034218605573e-02,6.346128623420042858e-02,1.020619111755222685e-01,6.304079070185186762e-02,2.572758100765431752e-02,1.536898166573669178e-01,1.031251520529311988e-01,6.782076942375445117e-02,7.064660716241619176e-02,4.150447348109763401e-02,3.230295257433186962e-02,6.088351373755299806e-02,1.887802381516369074e-02,2.448948022323949383e-02,5.240658763508913680e-03,2.588448151782903398e-02,1.951683738746874718e-03,1.052824329543605719e-02,1.026938412582512408e-02,1.531396150474636023e-02,2.205996441685439090e-03,9.621380841116418392e-03,9.241794846142386416e-03,1.696291635050378027e-02,1.962619786104402575e-02,9.095701496170274444e-03,4.626848629543735096e-03,3.112973627912369798e-02,2.039732567209954009e-02,3.087732758357756083e-02,7.110117891524077305e-02,4.877060137306927362e-02,8.448897757363742211e-02,4.346806455066149627e-02,9.344066191509571573e-02,5.832616934593568697e-02,2.873204553293019770e-02,6.408309802213521533e-02,5.540228024251799693e-02,4.586535107859319310e-02,5.956055561028422707e-02,2.918036840773130178e-02,1.820073684195718314e-02,6.336215475620739050e-03,2.672113034936552528e-02,2.747321923687775017e-02,3.237235025430821710e-03,1.447606305486620311e-03,2.969242219281449744e-03,3.780048103956770537e-03,9.216431109934910756e-03,1.410333543686257893e-02,1.250496342228616005e-02,4.263330855119097131e-03,1.035635592725202498e-03,2.388505475847739479e-02,2.820539156504557957e-02,1.521100749605550084e-02,4.461470521664182010e-02,1.960627722884547217e-02,1.152343970014184978e-03,6.669321096773214719e-02,3.732632433686160212e-02,3.544865829389792430e-03,2.498477935637345368e-02,1.499178689225787175e-02,8.696994897399125055e-03,1.552292150578262267e-02,4.071358073916761522e-02,6.660377931524401329e-02,1.369515310333190294e-01,4.442829372150658429e-02,1.122962344930014539e-01,5.569422850069503245e-02,3.631795492855415669e-02,1.203157816303651179e-01,1.070863985574063981e-01,1.336402661736247610e-01,2.403399651040853680e-02,6.234915018139660509e-02,7.381458256515212313e-02,1.837405588936036685e-02,7.584860710048636767e-02,3.747093720351971080e-02
8.427917878716756350e-02,1.570114887794522573e-01,7.259255532468741889e-02,2.226587566474242386e-01,6.677688718564564474e-02,1.644973650893655770e-01,1.260320827075329941e-02,0.000000000000000000e+00,1.534017695175868834e-01,1.346229086281029996e-01,3.973677655968764488e-02,4.397225881700715655e-02,9.286968906410257574e-02,1.151641988256789928e-01,2.706050858634120315e-01,1.635585539116803377e-01,1.581304772127629932e-01,1.994562347159947180e-01,7.238730695354093914e-02,8.116102072243723542e-02,1.994350856835428940e-02,2.093115338747241969e-02,8.626434914503405826e-03,3.669937146101791975e-02,7.699431309649687472e-02,2.761465205395358807e-02,1.360460527257953411e-02,4.599802211384412115e-02,2.111315470172068706e-02,2.538331246834409430e-02,2.225263936099493994e-02,2.244331211404438503e-02,1.538338183249851610e-02,9.373132556127844461e-03,1.626950275110485358e-02,2.237466779897297198e-02,1.252910710831232032e-02,2.066487886315390710e-02,4.101256912824447279e-03,1.484951842689426725e-02,2.784531787753919893e-02,4.025062715742724201e-02,3.741191540234328761e-02,4.975836579790454683e-02,1.552807740074851339e-01,4.120635650197605054e-02,9.417371551046745115e-02,1.351087160646367580e-01,5.756817146169506544e-02,1.024544217497800891e-01,2.483492781724202722e-02,3.575277495233981223e-02,3.769390038652530028e-02,4.061757846811006600e-02,1.176968318772131025e-02,3.334641000583189741e-02,7.750802457471117624e-02,5.858368457851666905e-02,2.721109689474064328e-02,6.701515694682233515e-02,3.541017778519844894e-02,2.698695942788797639e-02,8.513222830776663586e-02,1.745786990742137501e-02,8.016414021136843149e-02,7.796255768176370282e-02,9.696819313988544117e-03,6.129013903658776102e-02,6.508439921354057522e-02,1.499235582010382747e-02,2.602751068354026628e-02,3.156061070667291052e-02,1.533411400945473325e-02,1.927477997607345353e-02,1.994190857059621388e-02,8.229282486798550345e-03,4.547832529240005035e-03,8.822225594758304618e-03,1.437331153138884585e-02,1.042092870381492418e-02,1.374016740514674879e-02,9.623504212732445981e-03,1.695404834283518666e-02,1.540801374237794896e-02,1.306821484382830051e-02,3.055861791251727674e-02,1.451288241288435643e-02,1.155919682460258315e-02,7.610063912925026097e-02,1.939810906570830704e-02,4.998100584867778279e-02,9.120083849662855013e-02,1.979725784230111363e-01,5.376776837119808666e-02,5.431414713542904310e-02,1.609318094193191440e-01,5.779338847557283915e-02,4.243457921314426617e-02,7.472790002400828135e-02,2.189617989486748392e-02,5.436109326123612223e-03,7.994191743064833072e-03,2.458542684333022300e-03,8.027853231379255758e-03,7.343464526644281204e-03,3.061351647675600654e-02,4.284451011902936507e-02,6.884678139430806809e-02,2.208426611612924334e-02,9.234685092667188622e-02,1.229340778471897794e-01,6.973264025513990771e-02,7.300123383431503243e-02,1.080396128306221060e-01,4.877387585878818071e-02,4.430540989322508810e-02,6.638369947020876516e-02,1.061104306714518754e-02,1.137915520032897615e-01,1.207649657704294201e-02,7.836816819226283259e-02,2.659996944784451603e-02,5.900686817157609759e-02,5.180450686135223276e-02,1.685521188458811159e-01,1.565830564055734342e-01,1.257689422781264055e-01,1.410303588531796326e-01,9.918603604421698250e-02,6.778054868424827906e-02,5.898760475254732905e-02,3.556131579519664770e-02,1.536168727373947440e-02,5.535277286247513445e-02,7.322254947366182987e-02,4.284032509306776038e-02,2.877485102036127576e-02,3.321177537921159856e-02,1.141752515946402313e-02
1.285810388673669022e-02,7.398823042815624862e-02,2.655536022815637234e-02,1.415780752651895347e-01,3.156849788060301504e-02,3.842830709590180915e-02,7.163879503773185053e-02,1.534017695175868834e-01,0.000000000000000000e+00,2.427058791534003959e-02,4.653331152002548182e-02,5.862454548508040653e-02,5.507149268152584931e-02,7.417959790114041219e-02,1.274730837605807798e-01,3.640739535611773464e-02,4.912289868111093666e-02,1.059946175839173305e-01,7.789124955310627874e-02,4.331485316246855288e-02,3.971765856238740865e-03,2.688962959494923394e-02,5.353970973039975413e-03,3.017215827735214573e-02,4.727218108902185578e-02,1.563802637098896803e-02,3.013072952910837796e-03,8.319405687354003778e-03,6.965607692432986345e-03,1.546347484812136790e-02,1.310395786185559672e-02,8.210109480021751671e-03,1.644721399237294990e-02,1.831601939928609313e-02,6.399425366241581585e-03,1.899872494558611444e-02,1.090203218343474730e-02,1.258532598765670085e-02,2.705366998848628222e-03,4.725666094164954374e-03,7.063392597118537709e-03,1.011465784065754096e-02,1.035357334598931145e-02,1.411194093270074466e-02,3.721579444141064758e-02,9.761823787724980064e-03,1.885423793121230110e-02,6.110557454923037923e-02,4.839289327665216578e-02,2.859401794498940899e-02,1.846832149032658424e-02,3.365957676728935366e-02,1.995871938703145873e-02,2.958743806290119183e-02,2.732219109568293988e-02,7.175273603737238048e-02,4.031074570280523267e-02,4.339638012983532134e-02,3.859103640714470207e-02,6.842361918448643110e-02,2.358952575644153449e-02,6.924197152642019848e-02,3.313780603951082399e-02,1.434074751550357477e-02,3.709479439614213336e-02,1.209768270096195190e-02,1.523943161589429336e-02,1.036586788112460467e-02,8.395314042985906056e-02,9.889345051443692095e-03,2.451629663037670562e-02,2.102208371021754840e-02,6.893336801717199480e-03,2.415585121551743972e-03,1.777400653613163753e-02,8.634667456386092496e-03,1.721793730050391949e-02,6.740955764635405204e-03,4.382134864303317834e-02,3.200599430478885329e-03,1.068793466941609684e-02,2.327360311505635194e-03,4.663710691481453424e-03,5.586949203921469896e-03,4.481982034912409575e-03,2.082526754738025718e-02,3.193290254002160294e-02,2.134645671169627459e-02,9.085525624014814325e-03,1.029056266084897066e-02,2.699716597835514001e-02,4.505592465548864667e-02,8.556575371984906364e-02,1.866151920864878716e-02,2.680590006061446887e-02,5.148580175230777628e-02,3.780222100612445207e-02,2.864627877016171636e-02,5.909014716916789062e-02,1.878741992278979561e-02,5.610629977445082128e-03,1.999780595924459999e-03,8.679706846816634749e-03,7.255152251710513499e-03,1.147004319190743880e-02,1.810007005423010587e-02,4.165772678602820689e-02,3.125011767460170176e-02,2.218979297591927927e-02,8.289924471863463484e-02,3.955612115089035541e-02,2.466728656798910721e-02,3.795944245307005666e-02,6.283426817550585852e-02,1.427598291388186211e-02,5.957793168741705447e-02,4.608159353669027264e-02,8.385456546784221532e-03,7.928491800480153007e-02,5.765276745916081413e-02,7.137776957467456551e-02,2.302435999479109444e-02,1.792200524102476739e-02,2.625451017372409240e-02,4.111443697007823722e-02,5.727106854026930982e-02,8.243997731843683008e-02,1.096731158279315617e-02,3.642109815945440005e-02,2.349815103416930812e-02,4.642004915185537518e-03,1.739007530982487892e-02,1.263798957089649379e-02,1.062589195577279093e-02,5.760305245217831743e-02,5.731435723759600864e-03,3.295744739340066704e-02,2.293260467022800037e-02,2.174659101481873913e-03
3.843163200334542146e-02,1.340862956631246605e-01,8.667395225322657715e-02,1.646071940133448375e-01,1.151340583411691598e-01,1.020244177825206516e-01,4.396802593176954432e-02,1.346229086281029996e-01,2.427058791534003959e-02,0.000000000000000000e+00,4.539918743743903695e-02,9.269551944569841273e-02,3.785493413907326660e-02,8.871209353883292847e-02,2.280755478498880107e-01,8.720545726049373780e-02,1.268286998399645038e-01,1.543773961792132554e-01,2.450970891089439968e-02,5.136278182969725853e-02,2.208803153351228399e-02,7.387952102312782959e-03,1.372440726367514519e-02,5.168653012266268693e-02,5.766645043948264576e-02,3.233233736478999948e-02,1.620443167619830052e-02,2.979392338089992612e-02,9.102477826818340667e-03,3.029067600397238741e-02,1.435832964163673460e-02,1.154342780906025129e-02,1.140097338134221996e-02,2.508805492219660579e-02,1.353467378486432511e-02,3.627008908926547450e-03,3.411990855679614566e-03,1.438390505708544813e-02,2.131758706787939897e-03,1.629931030746524512e-02,9.272782073902936101e-03,1.385852443321439718e-02,4.569962602561919440e-02,1.910134154260943046e-02,1.155407628563145106e-01,3.423743864609260501e-02,2.460327420356550263e-02,8.572774816696621114e-02,9.871253288607263060e-03,2.867835812106944021e-02,3.984158327479777467e-02,3.781017024074812688e-02,1.370002564425869818e-01,5.347162040757791335e-02,9.461647560681278601e-02,3.554905228651830673e-02,9.653301523393159958e-03,3.000262015859809367e-02,2.673201447424837160e-02,1.021074641438495523e-01,5.334352021913290470e-02,2.666584328932133235e-02,1.029738040432308654e-01,2.968377557247030285e-02,6.546965711941012123e-02,1.894715228065255858e-02,2.121037032083578078e-02,6.400645116178241278e-02,6.541279532753939419e-02,3.878008092227456377e-02,3.465915565677712279e-02,3.814949158318541728e-02,2.600103044588634310e-02,1.655382799769064203e-02,1.073822170134834317e-02,8.708126493794935558e-03,2.837597694643249208e-02,6.571436207004049956e-02,5.271381133565539168e-02,4.942648404104005994e-02,1.698101896990852899e-02,4.766869617733940356e-02,2.292848684529848885e-02,8.963269351896906850e-03,3.805508249081733085e-03,3.721123432127719510e-02,6.240970692174658413e-02,3.874730254024919690e-02,1.583084858454662097e-02,6.788893269664561525e-02,6.460112529699700568e-02,2.158191906848539732e-01,1.857641214112135675e-01,9.790695889833951615e-02,1.607511201737316098e-01,1.572570827745951305e-01,4.176861054120400291e-02,3.840460420423477683e-02,4.810639082727174304e-02,2.771200932894846841e-02,6.540662212084057819e-03,1.224936389527975580e-02,3.464849749066412510e-03,3.145105267728801057e-02,2.154775033671218684e-02,5.869243192532783149e-02,6.502250627312355924e-02,6.421599797899996132e-02,4.540517443366932221e-02,1.026720804171606799e-01,8.742427333435377756e-02,3.251185730952599329e-02,8.380205081660123401e-02,3.914611693721588292e-02,3.916586156554036774e-02,1.169502285744544734e-02,9.858823597761041252e-03,7.373009982257901565e-03,4.140693220510644618e-02,5.796170708275385358e-02,9.080733516548317175e-02,6.500364985224404979e-02,3.496369192589587199e-02,6.785687312773960866e-02,9.310168343517351286e-02,6.097327571394332152e-02,1.021204361335008859e-01,7.171687947261264073e-02,7.433914457389695363e-02,8.083936806833523503e-02,5.354059929833999282e-02,5.375862289350642059e-02,1.368360055122361252e-02,7.633515403549857858e-02,6.591994319633856514e-02,4.336346908693702873e-02,2.258260441461830761e-02,3.361056684817116669e-02,1.163843066372164184e-02
1.226149042096676411e-01,1.584695969673879379e-01,4.643324409893506699e-02,1.868252215144518003e-01,1.274588824030564171e-01,8.425863738878192066e-02,3.813444240607384572e-02,3.973677655968764488e-02,4.653331152002548182e-02,4.539918743743903695e-02,0.000000000000000000e+00,1.354648812447110766e-02,1.267425559430197246e-01,1.001238432254529659e-01,1.783925545677398639e-01,1.561476532005030560e-01,4.031130440814325450e-02,1.284181884963172537e-01,3.843526543916086363e-02,1.173948037487541896e-02,2.558423559710442177e-02,4.456905444418749612e-02,2.140087368368990065e-02,6.253916606504215936e-02,9.242923731122153208e-02,2.401836065681128840e-02,1.256844124685856275e-02,4.643775450656113801e-02,3.566155807078962795e-03,2.887003264653320578e-02,1.482777740259192539e-02,2.200340138531022699e-02,7.666583064154089411e-03,1.041342395934640591e-02,1.947338155546956238e-03,2.300546584555851481e-02,4.755661958028217090e-03,7.356917920172904163e-03,2.160444021028221431e-02,2.964693654554346504e-03,9.217563261284740170e-03,1.532990633388722247e-02,4.913905650606222031e-02,2.324444103050856553e-02,7.501113839632490843e-02,6.180862494177308264e-02,1.035315755210377414e-01,9.189189022834823306e-02,3.844108790386267793e-02,8.600594964429368605e-02,5.131791459072315015e-02,6.944736396721200300e-02,4.391146386148247344e-02,5.137504919564980094e-02,6.114102527275818572e-02,2.184822674855556313e-02,2.537561286173057457e-02,3.861635085276921703e-02,3.353892205336789223e-02,4.368004469062809758e-02,8.409685159536912924e-02,7.715765327125125028e-02,1.169221717108819558e-01,6.920416172533939980e-02,5.283408510231936417e-02,3.365558461026491033e-02,1.476657073518422222e-02,9.270695677831435749e-03,9.240527006596086640e-03,2.080638341144520551e-02,6.644510533216190125e-03,9.428411634848641795e-03,7.508564248382841762e-03,1.010662383045914450e-02,9.078562957794156577e-03,6.228979436122832232e-03,3.191498856095026111e-03,1.887354646895822788e-02,6.998662639283629618e-03,6.035398359815050996e-03,2.196787935495197672e-02,2.017812926138372494e-03,5.882438862611723621e-03,3.830730033388427078e-03,1.455371195529790718e-02,5.825662525186581231e-02,2.353324430666971917e-02,6.449971672363591368e-02,1.582086145788666465e-02,4.264979398437064584e-02,9.149270801997538838e-02,8.423874820334778524e-02,1.208445418593701165e-01,1.218472431289603641e-01,9.937244350956678240e-02,1.318082606694573056e-01,1.139984296844292061e-01,7.658813499997038643e-02,6.002323164891047030e-02,3.990842018582216322e-02,1.270433270984716416e-02,1.188930170862832758e-02,1.478061282912524442e-02,7.361841963390667633e-03,1.320574107868222394e-02,4.319166990150028612e-02,6.356260549051019615e-02,1.579423737587427531e-02,2.447082130607311848e-02,6.044470442427454099e-02,7.752016163850920794e-02,1.959230355632570267e-02,6.243355861792013184e-02,3.834896767550145802e-02,4.919710812987835441e-02,2.334999496874615166e-02,2.306634865352065814e-02,1.488963517939301089e-02,9.254295228862813305e-02,1.717016271982265210e-02,5.675937203877254311e-02,1.684508589322124619e-02,4.702648660365831706e-02,3.183955550958959130e-02,1.851041400047643559e-01,7.406959471552229668e-02,1.095327896685063668e-01,1.723393369315645018e-01,9.350496191555968117e-02,5.168670745027446889e-02,5.173508167930820217e-02,2.065549929267744209e-02,9.056928706634244722e-03,4.916977218871646654e-02,4.096773991814049720e-02,1.503716608130412254e-02,1.634348084367669846e-02,4.177996454338529092e-02,9.084375333019974880e-03
