0.000000000000000000e+00,1.675820497080613980e-01,1.322872297769077943e-01,1.328790200603426341e-01,7.794744072683219838e-02,7.330511477077092386e-02,7.434551814102838274e-02,8.355718836024460250e-02,1.362926731237153709e-02,1.046974542465315128e-01,1.416286114133475660e-01,4.918825440198795057e-02,8.284641168123772423e-03,2.416678996242332608e-02,2.053251553753794936e-02,5.696978520279885605e-02,8.074119234673175771e-02,3.099718774188138862e-02,2.384121031445714939e-02,6.264784499876843715e-02,6.791307142909806804e-02,6.344041148594453672e-02,5.846530642659267252e-02,1.619267356690226936e-02,2.170313441454380793e-02,1.652369824572265042e-02,1.733060080563358571e-02,3.586065244146703981e-03,2.087041805088488133e-02,1.883937337355601205e-02,1.011951659178774582e-02,6.834411253692793120e-02,1.338595928008407682e-02,2.449520817007191584e-02,6.949388375292687992e-02,4.514379312648413717e-02,2.303615993534793502e-02,1.194198377266279289e-02,1.985689739382300381e-02,5.063694337765965899e-03,1.113494735228572584e-02,2.201030341112582625e-02,1.166589461781939070e-02,4.802941649975361882e-02,6.961148112620343942e-02,9.253413925541416341e-02,1.451048423248055552e-01,4.658818381953053894e-02,6.736125095175463096e-02,8.583220575957249687e-02,4.875910909339174065e-02,2.833687562413518546e-02,2.735945069487244821e-02,4.973999905085296769e-02,6.702842314502378829e-02,2.978146968794254806e-02,1.820230320689492087e-02,9.644303863838146751e-02,5.643045665129208660e-02,1.080151349766636237e-01,1.152604551992577331e-01,6.659614312561676353e-02,1.646023195014862661e-01,8.399096948249659689e-02,7.934138950751207231e-02,4.092615354070956030e-02,1.880043660613444495e-02,2.514030300505483081e-02,2.180741581271453122e-02,2.126324916509085821e-03,8.225437010915409575e-03,7.606219803487955858e-03,2.622526443641452591e-03,4.056201023614812093e-03,7.380532130846080910e-03,1.837360953707203393e-03,4.372734086943871890e-03,3.728619408311153842e-03,8.967308375802987910e-03,5.799683178685255749e-03,8.128687157882929712e-03,1.524969743756634339e-03,1.422867976446213351e-02,3.106574786939174816e-03,1.216673010434853909e-02,3.822088038107787633e-02,3.500302820773732587e-02,7.563836474885722583e-02,2.971247588091997446e-02,3.686229336834937614e-02,8.511273815544027899e-02,5.230548135578150237e-02,1.019787278886720855e-01,6.540140605494522419e-02,7.827677532502588797e-02,3.582146322618101619e-02,6.396103918463727500e-02,6.171003262100935999e-02,5.255633411799926630e-02,4.418074587177755336e-02,1.520313390445018377e-02,6.586227577336220334e-04,2.093402912777114766e-02,1.268405743411765360e-02,1.271258999872283170e-02,2.079277487182324205e-02,1.183464081031401424e-02,4.524623178893227675e-03,4.785609127604878617e-03,1.281900070131543855e-02,1.117390653126002463e-02,5.045132389759164095e-03,1.348530417735625516e-03,5.659275413422884538e-03,1.733676720000585595e-03,4.499011271445791001e-03,9.568407497442527401e-03,2.228174564783654693e-02,6.784469126110284631e-02,1.419436426756416104e-02,1.812825541963432666e-02,5.602886160977467445e-02,3.927387595718321439e-02,4.078414153567957307e-02,1.766353947464334440e-01,5.533407584506237764e-02,8.074903543699157860e-02,2.281868444024031661e-01,1.315122795831956681e-01,8.069184191427307418e-02,1.294683683114245254e-01,6.114740708770782102e-02,3.646452935017596708e-02,7.185162110936697821e-02,3.728649632351773574e-02,7.040375369435167285e-02,2.399954761551826785e-02,1.142605116190340518e-02,2.902431161922926217e-02
1.675820497080613980e-01,0.000000000000000000e+00,2.880475174315140774e-01,1.664565061641598287e-01,1.523216092347714767e-01,5.183911366390196035e-02,9.595076218885477404e-02,1.054812765084183895e-01,5.832220405749927172e-02,1.511247481759410705e-01,8.636456337511114190e-02,9.560203550763786418e-02,5.546267694188146413e-02,5.735602724401076685e-02,1.119279845104575316e-01,5.738468960136675762e-02,1.492930835173874038e-01,9.199369318232855641e-02,9.065127061477365467e-02,6.391799711618167956e-02,1.298362737320938598e-01,4.088222541887990419e-02,6.564239063031833410e-02,1.170434523449078446e-01,5.900653138654166074e-02,2.122541807351665047e-02,2.357870130493939630e-03,5.507311460912342124e-03,1.710469096012196336e-02,9.414578269275820227e-03,1.060797030200893304e-02,3.135908883965418843e-03,2.207864760411162863e-02,2.519552160852326847e-02,1.094874309491748743e-02,4.346552052893143392e-02,1.100006755852216828e-02,2.285117512957638222e-02,1.974497009016824844e-02,9.321697959485231166e-03,1.268856847032819382e-02,3.307068275193725260e-02,1.312914475323022356e-02,1.784470929177653375e-02,3.932610923447771301e-02,8.300827167574338639e-02,5.519895693178205470e-02,3.924768308050365778e-02,3.948342359159433268e-02,5.020054942822047006e-02,3.906999906293922437e-02,2.982523013884444754e-02,4.776404519995584852e-02,1.377711387324349057e-01,5.022867954229964099e-02,1.423950553985461054e-01,6.068704985540458036e-02,1.107901833147163367e-01,6.077257660466944822e-02,1.513444126784949939e-01,1.271224148640570373e-01,5.688804350494414824e-02,8.957949648750355987e-02,7.207002996213290880e-02,2.212489182250082162e-02,8.979180049169564054e-03,2.115849251918801299e-02,1.555925997410472286e-02,1.666736813126502154e-02,2.599317009720782806e-02,1.252399742833611510e-02,3.941862502331185125e-02,1.093771525754918574e-02,7.956815207121699027e-03,3.755965265421416614e-03,9.797287359526176635e-04,2.864485077993498760e-03,1.476938126106828487e-02,6.910708029256033141e-03,1.553378986248909674e-02,1.451558787357177908e-02,2.440433901386181853e-02,4.881987631941218930e-03,4.569877250965194773e-03,8.598135138913038863e-03,5.948539138834722101e-02,1.045016511860590580e-01,6.141246062845222287e-02,8.043546014611539785e-02,1.589476821779015614e-01,1.335751004620647497e-01,1.588313133622494266e-01,5.078068398036473391e-02,5.422283825400280033e-02,1.097467791078512028e-01,4.367894485608338900e-02,4.285979760375008968e-02,3.518096296722306865e-02,1.641974354699482844e-02,1.286527867089937507e-02,2.440009265570022498e-02,3.007827209149850460e-03,2.673527865026715383e-02,1.038814468034126443e-02,4.342731403348336350e-02,6.436739820168285720e-02,3.439633320714642617e-02,5.468893114970526867e-03,7.158798598035623351e-02,2.751033594741301297e-02,7.150652691346646127e-03,7.792164164480924402e-03,1.153682478816026036e-02,1.853844423792130533e-02,6.635703891688722600e-02,2.742419667539595235e-02,3.001584675167863134e-02,1.341701850388293538e-01,5.995124037857384874e-02,6.538050451979440791e-02,5.032616089584950048e-02,4.936701603367733837e-02,1.797560138204344626e-01,1.362189029643648130e-01,2.051917502941031368e-01,8.802674940292838646e-02,2.427088455552209867e-01,1.713802246836664545e-01,1.336148863803136855e-01,2.278277719670898649e-01,1.433796009419205653e-01,4.940580499093504691e-02,6.286456977118436151e-02,5.978368192433870104e-02,3.385760979956570216e-02,4.765363631342181550e-02,2.090573597722226659e-02,5.085087790145666198e-02,1.804491487707627836e-02
1.322872297769077943e-01,2.880475174315140774e-01,0.000000000000000000e+00,2.035823169494431761e-01,2.984071559139332419e-01,2.804189785029312376e-01,1.353227112225416362e-01,8.337794249574259631e-02,1.969034290906905918e-02,1.365138914223652522e-01,2.402015920125816911e-02,9.416889925041982412e-02,8.954795560534954679e-02,1.088381936693480490e-01,1.427268289956772906e-01,1.119366947141888502e-01,2.303405698159073089e-01,1.379223096758631639e-01,1.446737360817960116e-01,1.286001493333664980e-01,1.547940351704788497e-01,6.173328221686529005e-02,8.913095649898820916e-02,3.122376637008827602e-02,1.416557122715766254e-02,9.148618285289974658e-03,7.152181683012485622e-03,1.410316728686318404e-02,6.867470238688122564e-02,3.316025724205141911e-02,1.301761770270114076e-02,1.683409613055908069e-02,5.150045188714769823e-02,1.419062520893531187e-02,2.505295423357078652e-02,4.667814737785574986e-02,4.563160050681071278e-02,2.167627524726048471e-02,9.051774213305443031e-03,2.616723159548723157e-02,2.787531088072951399e-02,1.677166135571002761e-02,1.206837617211745928e-01,3.075036393721117603e-02,2.927526320823012340e-02,8.012663508784231836e-02,7.880347735042965429e-02,3.734223158589848601e-02,8.069971446589369046e-02,1.775159473780700201e-02,8.032967155549179672e-02,3.438352931540607227e-02,4.550475028835290064e-02,9.258631049250351519e-02,1.134801904277953077e-01,8.123184437928931967e-02,6.863193820443394544e-02,1.166118827120157242e-01,5.831328634997153676e-02,1.218128414784375307e-01,1.214470177943745982e-01,6.542353325047896295e-02,7.217932860137894757e-02,8.043083256425273553e-02,1.066053716693571296e-02,5.271339314503047796e-02,1.986599229925268759e-02,1.691940974150241486e-02,4.323229881155993964e-02,2.920148815137564927e-02,3.777206315742398512e-02,2.493452967300633510e-02,8.157928698671757656e-03,5.142827476735302265e-03,8.018843539230224166e-03,6.996764481905779973e-03,7.363681196949248969e-03,2.599419482198666448e-02,5.178904168393849879e-03,1.732911767452689072e-02,3.792859281272088941e-03,4.643106958440342859e-03,6.045692857189765429e-02,2.277965170755028024e-02,1.554554380896221687e-02,1.051498779582843990e-01,8.444878101482149180e-02,6.513491664285808724e-02,1.670492796664107549e-01,1.026576490665693647e-01,1.004318794682495936e-01,6.259418612855000008e-02,6.185118345981745897e-02,4.155635186288565014e-02,7.172168896620326195e-02,2.591985963069338636e-02,1.814359625671537607e-02,3.291167786164309050e-02,7.490419713359335908e-03,1.236879086827527043e-02,1.153661320565314667e-02,7.923514073140370054e-03,1.555002231491924188e-02,3.783581415615409112e-03,1.014311601400294700e-02,7.834644120823104976e-03,9.127527066656065946e-03,3.194497764524463490e-02,2.824865840971354375e-03,1.512526874197386156e-02,3.392258927497874416e-02,3.124163501471357782e-02,9.019632865246610121e-03,5.003578084401944653e-02,3.828613326742592859e-02,6.735413553063258896e-02,1.924197167730970146e-02,8.015663629810601543e-02,2.409703482515201250e-02,1.224863918828552126e-02,1.093781329362089466e-01,1.473301191638246022e-01,1.318445112534919195e-01,2.028346213187842695e-02,1.374774476022015968e-01,1.008922521829774821e-01,8.146786608968197008e-02,1.167343124082862726e-01,9.651408920850956807e-02,1.469449926575188969e-01,1.894596420721516294e-01,1.120459429841629273e-01,7.404792033884365077e-02,5.913255505464837247e-02,4.210172421132866299e-02,2.276875259119181052e-02,4.375984580137514540e-02,3.659878585111069928e-03,7.236091422569805587e-03
1.328790200603426341e-01,1.664565061641598287e-01,2.035823169494431761e-01,0.000000000000000000e+00,3.083865077951046807e-01,1.164737084084782465e-01,5.076278354940369497e-02,1.629824141610596855e-01,1.197018941058780317e-01,1.187524598538887838e-01,1.455209446502350734e-01,6.436177213754429305e-02,7.400732746889253366e-02,5.609746421433630531e-02,8.668111980005742401e-02,1.154149020325370978e-01,2.475205801707288655e-01,1.820794189279719977e-01,1.238615426076356690e-01,8.710307041069723089e-02,1.215684005067119849e-01,7.418336213329541906e-02,8.956798700762691468e-02,7.882837569480258266e-02,4.629157326376036330e-02,3.556765116195360205e-02,1.004113480722150856e-02,2.026806144929029201e-03,3.220727284890860520e-02,1.663722375448627513e-02,4.550155146866330033e-03,5.130312903470451991e-02,2.371177574140187830e-02,1.212237956356046996e-02,6.044279028477152205e-02,6.551798296600075400e-02,2.845637815607262450e-02,3.286774875335558843e-02,2.999821854050841591e-02,1.080497454530152286e-02,1.258609187262118081e-02,2.179616091690355847e-02,2.758573690111616739e-02,5.611499482434684910e-02,6.691903554887926320e-02,5.270224740442170513e-02,1.178685031884935813e-01,2.735837872941810842e-02,4.148111340699469490e-02,8.116340578700879937e-02,7.259521410258513996e-02,4.682354172346709503e-02,3.143483037346331971e-02,1.092288928996117681e-01,6.582351247774460845e-02,9.821893331991872478e-02,4.197242546157119863e-02,1.835520166388605878e-01,8.275994926463940693e-02,1.748356866703080215e-01,1.918966128979734675e-01,1.554193073680754933e-01,1.465047557416666313e-01,5.642548226047634785e-02,5.003723973259945057e-02,3.644869457947780972e-02,2.330915455072703896e-02,1.898889811467381963e-02,1.999659423324757698e-02,2.812471222282986183e-02,5.933808173873738809e-03,2.523339842614986256e-02,8.167970282000853316e-03,2.011135224344135983e-03,6.045453414478925251e-03,5.733565272332565715e-03,9.497824014452323216e-03,1.826931272766711689e-02,8.127028482507075643e-03,1.115437559593501771e-02,1.990621679486246492e-02,2.445520289872719650e-03,2.361532212267787242e-02,6.444142712584094088e-03,1.232496913741237300e-02,1.019714753731860574e-01,7.847541639645375100e-02,9.514658446393067792e-02,7.512276204917862910e-02,1.166118454825094408e-01,2.065841606448533541e-01,9.812569184467501149e-02,6.626531285884619538e-02,7.233525927628810248e-02,1.748733458354410908e-01,5.357267363518426750e-02,5.475222082596007539e-02,7.588843687691199102e-02,4.496558269505027822e-02,3.877778492050967113e-02,2.408756833075844858e-02,4.678322482003150450e-03,2.763111947022104525e-02,1.151050400223009584e-02,3.756884617365716106e-02,7.244777021608825307e-02,5.071265298015167206e-02,7.244988392648222912e-03,3.439033863223803222e-02,4.947507928896753560e-02,1.725563927723354138e-02,5.877501040313072578e-03,7.773259821903077092e-03,2.334056973014173031e-02,2.682497253480755836e-02,2.606260089152225012e-02,1.232671865846515086e-02,6.549098606147117640e-02,6.223772375058104350e-02,5.861640408168763972e-02,6.470895939780585415e-02,7.557311266558860985e-02,1.197852171016599299e-01,1.228083893714963098e-01,3.034515916635678878e-01,8.033013671093384989e-02,1.756311448464162317e-01,2.652216289960083184e-01,2.321840209446290326e-01,1.864846075804950654e-01,2.209664056088343764e-01,8.553176421341765479e-02,7.800227072116852622e-02,6.929577498804191660e-02,4.587543733754358144e-02,5.468556900254915171e-02,2.703078177515303923e-02,1.874176556427508550e-02,1.446808260060153221e-02
7.794744072683219838e-02,1.523216092347714767e-01,2.984071559139332419e-01,3.083865077951046807e-01,0.000000000000000000e+00,2.109027789031924782e-01,1.532261879851184450e-01,3.197898975102420049e-02,2.372791087977743282e-02,8.374706709656583314e-02,1.109445055543770015e-01,8.044050334046871920e-02,8.187500619563078952e-02,1.529580187593379548e-01,8.670122341397883126e-02,1.430915318098656686e-01,2.117732515575225793e-01,7.777168512844372106e-02,1.922741847636751378e-01,2.456484884885219364e-02,6.624166421695511231e-02,4.909391157872348976e-02,3.557815226440774747e-02,2.030775393678068905e-02,1.132784430802549931e-02,6.803300774666222635e-03,2.735553765197009865e-03,1.565055958286660012e-02,4.377937122815946797e-03,1.847535937648551313e-02,7.997517411307560053e-03,4.618288132775197341e-02,3.319806437163051044e-02,5.190508440484071367e-02,1.030281282906100535e-02,5.132416518739944984e-03,3.156060277831419791e-02,8.512446887674874479e-03,1.854545269784654490e-02,1.638314246594850879e-02,4.124554737976474789e-02,1.187810686822176470e-02,7.854969019381308204e-02,5.827773109419596975e-02,7.141193148791882828e-02,1.491281820279369286e-01,5.476811572372922154e-02,4.182166447083275618e-02,1.470750036953052953e-01,9.763944430517922102e-02,4.463574906607103293e-02,1.295682615095657686e-01,7.342927798153568719e-02,2.290165305444341881e-01,9.029278373632738941e-02,1.622715841067258191e-01,8.919638345791509881e-02,9.360022985501866011e-02,4.203932497752865122e-02,9.648341939642948728e-02,4.596033281957382505e-02,2.445595930909084600e-02,3.954664242596669238e-02,1.531287323287826574e-01,8.828613645073560279e-02,9.151495730832634456e-02,5.929532501100166775e-02,1.438129457374769105e-02,1.368024149640013724e-02,2.979926223517928574e-02,8.761529290817072352e-03,4.214096654113626272e-02,5.994927965321109227e-03,3.971348956515118392e-03,1.771570992028958418e-03,6.837697955541470821e-03,2.250441474577093495e-03,2.352963337145198147e-02,7.537994223217046527e-03,3.585432990849377749e-02,4.277316848747662187e-02,1.564493555428760410e-02,1.145553634502328132e-02,1.331711303179967769e-02,6.593008154166280464e-03,4.321687979956752995e-02,5.961504661614566020e-02,4.628919839458062874e-02,5.803153370825252233e-02,1.421586389943184092e-01,8.349042934405719041e-02,4.925878739090960162e-02,6.936254314367741591e-02,1.456428554706540313e-01,5.755908971259374174e-02,5.119761676170773990e-02,8.916067573585105543e-02,1.335687007869195211e-02,5.244588371754928952e-02,2.129781043961403650e-02,5.485963471946069848e-03,4.118896854704641626e-03,4.167718164355231625e-03,3.419800964555296061e-03,1.122201235582280521e-02,1.084382856377712895e-02,1.897985745853100065e-02,4.388612167790877615e-03,1.726557872381778713e-02,9.189189204857294707e-03,7.029868880151397825e-02,4.301952752749393233e-02,9.592292925957762381e-03,8.951976656618759742e-02,1.633542685446105203e-01,1.403296307231725604e-01,1.006581594638623900e-01,1.961416527296249157e-01,7.495681932729304775e-02,2.312836141372866944e-02,1.627506279454244975e-01,3.090516799649572002e-02,1.014647587270854912e-01,5.510657128606170213e-02,1.126587082902424097e-01,1.323935020434166554e-01,6.763012199417141324e-02,9.619842571487879912e-02,5.563997045365512428e-02,2.227393841526628115e-01,8.668294937012399615e-02,1.291225269502377648e-01,2.218721930910220741e-01,8.356610266374357721e-02,6.706433417901430660e-02,5.580438046262268387e-02,1.988757192353131018e-02,7.308010359669352141e-02,3.353091326407580536e-02
7.330511477077092386e-02,5.183911366390196035e-02,2.804189785029312376e-01,1.164737084084782465e-01,2.109027789031924782e-01,0.000000000000000000e+00,8.041377767854766823e-02,1.662806851510298389e-01,2.127251006234958872e-02,1.193108024709960274e-01,6.954100790802336673e-02,8.621102110917590322e-02,1.196064804097358714e-01,1.247888554623407115e-01,1.033774746485418422e-01,8.172580820291434900e-02,2.942431425243187126e-01,7.221488888298871478e-02,7.171627232560824627e-02,1.090318481479577856e-01,1.503655177326757020e-01,6.581404286631845069e-02,1.478797793701206176e-01,4.270022783024324253e-02,1.099783668254062687e-02,7.103709998926383169e-03,2.385802148124675781e-02,1.117069511005425175e-02,5.687450723220244253e-02,2.887408145744395360e-02,5.927970311622483314e-03,6.001136317869601097e-03,1.986909500712897778e-02,3.603542579118549499e-03,2.581867361348602272e-02,2.501131084444366964e-02,5.631705092502986565e-02,1.840456635792345544e-02,5.272231567175214399e-03,1.624148873465656659e-02,3.015996361650176427e-02,1.689521565922060334e-02,1.196326700727051717e-01,1.317536674180749476e-02,5.153436572285435835e-02,4.023351263348707435e-02,1.054858375718083219e-01,6.943893795870328955e-02,6.336030577758844373e-02,3.115273283136357763e-02,6.653901354020579084e-02,4.827207401408694504e-02,4.686112381876128552e-02,1.382412344677601546e-01,1.039778673382207586e-01,1.198411962731474184e-01,4.654298308977889570e-02,1.580132637892138203e-01,5.295329055549176378e-02,1.018318712601025411e-01,1.255112782437295127e-01,2.856101715476307493e-02,8.934873329006819132e-02,5.245432585026019862e-02,1.172794890811307798e-02,5.215966420655568370e-02,2.753674658849769932e-02,9.507531926874398034e-03,3.032672278894193996e-02,2.960240281295727083e-02,2.127831727788908819e-02,4.223947503738316282e-03,1.281450926527834787e-02,6.118475914262912728e-03,1.157856328868126297e-02,1.403910047773774226e-02,6.234550329630446364e-03,1.480061972876927506e-02,1.745762828833616635e-03,4.889717835871699135e-03,2.169533207855573863e-03,6.280167810671333575e-03,1.549554397671702895e-02,9.327580671730459697e-03,2.272342034064016997e-02,1.391682093714849966e-01,1.140005576945144899e-01,7.015376515341670283e-02,1.198458366928950858e-01,1.434954659171230607e-01,1.321155223219427910e-01,1.094343849049282946e-01,1.057487916034798581e-01,5.053824021562479396e-02,6.922791444146662865e-02,3.160675850142802973e-02,1.777551250062741478e-02,5.100773858317857179e-02,9.890719794479196914e-03,2.339284116106987374e-02,2.809091563324293481e-02,9.846229235789103265e-03,2.268632922857128156e-02,5.424309652672012344e-03,3.561530443045404001e-03,1.403990128485600730e-02,2.450764387406378572e-02,3.204075898863043698e-02,6.755609132706980047e-03,1.473057494940999308e-02,2.386106902504668906e-02,3.755929044309724851e-02,6.523506032233695844e-03,4.520549571913250880e-02,6.087586759221612354e-02,7.240572471978390379e-02,3.071294706669173979e-02,7.356559212900254385e-02,3.691900409097476771e-02,7.354599496550108181e-03,1.465361432571372913e-01,1.386330941220380308e-01,1.033036084056470488e-01,3.534707148781118802e-02,1.453631899571904418e-01,1.232239749014207297e-01,7.829539852699968216e-02,1.455369145557776633e-01,5.009083417332503563e-02,1.170399739929691152e-01,2.438364441049258591e-01,7.722126596030674806e-02,3.995873395305949566e-02,5.053324796518659373e-02,4.754428603489423144e-02,3.244900605825957324e-02,3.389380239844531212e-02,3.391392656780641609e-03,1.349788317092475917e-02
7.434551814102838274e-02,9.595076218885477404e-02,1.353227112225416362e-01,5.076278354940369497e-02,1.532261879851184450e-01,8.041377767854766823e-02,0.000000000000000000e+00,7.425206561765752833e-02,4.668609720296128252e-02,9.691475603767349400e-02,1.087703686919546109e-01,5.497066854195064439e-02,5.513712737747985398e-02,4.383754426953925115e-02,1.367237385454277976e-01,4.961588839686068009e-02,1.719259489811447439e-01,5.388568476223700582e-02,3.524766619719615912e-02,1.043325297637884980e-01,5.807738861084275200e-02,3.908165512903357536e-02,1.295911939821094670e-02,1.477537961163659201e-03,1.419640881918944955e-02,1.416378604361511438e-02,2.058376229130085000e-02,2.020139295565808943e-02,1.985431002617209922e-02,2.309802507725769102e-02,7.027948451682635746e-03,4.940977821794982801e-03,1.406597985355035121e-02,8.042049896617543131e-03,1.611781603367565957e-02,2.149193253757980190e-02,9.628210704591947180e-03,1.240967806953625387e-02,1.302768244805049824e-02,8.761181457646953150e-03,8.818575283287766881e-03,7.591317672678953021e-02,3.956519742103501575e-02,4.137202378077011952e-03,1.181263557814546256e-01,5.749797028214399808e-02,2.204231016702937543e-02,1.055329235811514887e-01,4.603324523914231053e-02,4.083720527840994236e-02,6.577685853365096424e-02,4.410582434454066170e-02,3.789378166885314092e-02,9.453984136541701555e-02,1.060208393525109843e-01,5.112722863571851628e-02,4.997093034155720981e-02,8.325327895797117461e-02,8.088077183348360566e-02,4.037441007038738983e-02,1.063318691766579061e-01,6.757139084655111594e-02,5.710155796603542250e-02,6.735755920179496703e-02,4.502986547595468070e-02,1.497727346416593587e-02,6.990403976264412955e-02,1.461953849489769017e-02,2.752547124493298636e-02,4.836433743568924540e-03,2.142178856006910284e-02,2.978954030940070188e-03,3.107016869621242409e-03,1.312749025403846768e-02,2.116889117027732914e-02,3.265516596477979414e-03,3.193818063760560811e-03,1.114996632162375267e-02,1.668364609647724969e-02,1.908580405189392454e-02,3.328644961519795168e-03,3.434060221482885915e-03,1.281823560960228085e-02,1.668321889017529425e-02,4.553260368378814205e-02,1.073773073907980519e-01,6.539873121458926464e-02,1.258968914158591079e-01,3.235025910347778116e-02,8.978784894523576809e-02,7.033873810535498650e-02,3.187219734127196002e-02,6.981158950424906640e-02,4.653160605071095246e-02,3.670245163903241431e-02,8.261106728651941566e-02,3.505198079673275263e-02,3.057314889706708172e-02,1.605894895624787252e-02,2.971650428855006007e-02,2.338007848270419464e-02,1.040897607755508943e-02,2.731740865594204249e-03,1.000033468903022311e-02,4.344929771901665828e-03,1.847824397270678154e-02,8.627205063114026795e-03,1.716633824219373702e-02,2.302914855975190557e-03,1.036181393527578314e-02,1.525175531730709952e-02,6.015569807437058311e-03,5.749954227870368237e-03,2.966561409500565946e-02,2.087647607979286474e-02,2.000455303715361829e-03,4.141711527908150531e-02,5.252507498760457250e-02,8.536917718380016701e-03,1.507305541705641558e-02,1.132021286128773695e-02,1.328585347350741235e-02,8.427712341773495319e-03,4.022582528309411737e-02,6.209171929084644076e-02,9.004524999703428234e-02,3.490791858726818853e-02,1.260783659675677737e-01,8.199399784662099455e-02,2.848944954088741821e-02,1.378672895162331435e-01,1.077946501295657944e-01,1.383387308761828971e-01,2.291524302167435856e-02,6.688349885495997738e-02,6.314249099614968608e-02,2.301403790602066929e-02,7.769021113761141739e-02,2.996834620923572237e-02
8.355718836024460250e-02,1.054812765084183895e-01,8.337794249574259631e-02,1.629824141610596855e-01,3.197898975102420049e-02,1.662806851510298389e-01,7.425206561765752833e-02,0.000000000000000000e+00,2.770297773467301772e-01,2.492694609082178603e-02,6.216023332957088671e-02,2.869133392547990741e-02,3.550893483197274658e-02,5.364463634758750293e-02,2.664723779554671323e-01,1.382928085734073387e-01,1.238542419945639211e-01,1.644711816256196335e-01,3.481318398299393380e-02,5.041018245408124265e-02,3.152486112136316382e-02,1.463690378503957647e-02,2.136953767105113922e-02,7.022243348287832143e-02,7.756166510584333595e-02,1.208497264196711253e-02,6.653616616793034400e-03,5.079649200255360181e-02,6.883522642123728746e-03,8.875937236313038992e-03,1.479441454319690118e-02,1.802124092264452762e-02,7.439577789913606916e-03,1.003840841416575418e-02,1.163036254285119628e-02,3.838135253878319914e-02,1.427341804305766980e-02,1.145912674631670465e-02,3.479520832809578513e-03,1.179381631412858983e-02,1.547607327856018872e-02,5.720957313471235206e-02,6.171971596999057535e-02,5.861260534365690666e-02,2.135034191937161263e-01,4.130867798033342059e-02,6.307031809099081232e-02,1.208653175883901004e-01,8.241590432289296053e-02,1.206860766658188061e-01,1.905911242028669392e-02,4.913531160827523669e-02,4.505328642801682826e-02,1.835628192752483678e-02,7.302202912290207612e-03,3.424973792356841157e-02,1.288163258273842815e-01,3.865137000791955824e-02,2.071987862923426252e-02,5.664791173615163489e-02,4.212320857140659791e-02,2.072580751015315123e-02,1.018131366632999135e-01,1.633790227774095313e-02,8.700834912574452462e-02,6.841618660463501256e-02,1.237712232724336690e-02,6.320816486537604584e-02,6.777467992713238909e-02,1.967381841685974381e-02,3.856649505109655679e-02,1.761385779979510180e-02,7.759059671589502334e-03,1.552902670206385977e-02,2.146655137084471296e-02,6.625280497144241457e-03,1.389523597633513137e-03,9.530197150287080324e-03,1.430856610335396947e-02,6.754840907697099578e-03,1.749989782119177120e-02,1.016893598225161385e-02,2.201904022603973915e-02,9.222747642759035122e-03,2.334071013450219473e-02,2.345353743017160666e-02,2.407656080507865337e-02,8.979722201766526107e-03,5.023472314184930509e-02,3.179493248961011431e-02,3.983938625895960123e-02,1.058003994191685782e-01,2.000752272688356148e-01,5.880156314654085697e-02,6.318501018743975794e-02,1.168010625608125741e-01,5.686784024131747578e-02,2.450224992285168768e-02,8.954220517921206157e-02,1.775308802388543203e-02,3.072967612924061565e-03,4.207567236383813296e-03,2.496990066849941094e-03,1.680347535336223011e-02,1.561475618207116070e-02,3.778427383531364481e-02,6.780872652053258898e-02,9.677646708357977301e-02,3.009733692691494295e-02,9.587027487813382098e-02,9.732526950837146196e-02,7.973852138325904226e-02,4.823687957064982934e-02,1.042570572159032677e-01,6.392248297300166804e-02,6.349537810231137280e-02,6.229828710202912900e-02,2.196448809757777995e-02,1.449682295103970620e-01,1.411283153668610631e-02,4.952270812244492088e-02,1.971690594588935280e-02,5.679435713467616970e-02,7.700136481448335846e-02,1.376564968419758672e-01,1.284540056935510877e-01,1.200514993607685599e-01,1.155383491612301805e-01,1.028475381170545350e-01,8.510622065411321824e-02,7.178132092567393596e-02,4.934082664368599769e-02,1.102767935507744518e-02,8.246411281388929537e-02,7.374860717945902477e-02,4.154713662701758209e-02,2.476728429632741799e-02,2.981394568763643185e-02,1.064167820694580067e-02
1.362926731237153709e-02,5.832220405749927172e-02,1.969034290906905918e-02,1.197018941058780317e-01,2.372791087977743282e-02,2.127251006234958872e-02,4.668609720296128252e-02,2.770297773467301772e-01,0.000000000000000000e+00,5.938625848284095204e-02,6.301467585860995313e-02,1.803820504196620989e-02,4.762877684651112276e-02,6.560879253113129084e-02,2.004243338643736938e-01,4.287276590674521382e-02,7.635574170936890170e-02,1.091421662807596227e-01,1.096382704977626188e-01,6.364084858853262527e-02,4.342665785409849030e-03,1.668672093421191480e-02,4.798037198321230754e-03,3.933271405799676317e-03,3.990928127697215833e-02,8.948807047380892207e-03,2.567235239775444901e-03,6.953593120060335038e-03,5.828749768582941471e-03,2.605320648654854340e-02,4.162349340891249340e-03,9.686253984755014215e-03,2.762675335571168622e-02,1.480799353078207301e-02,5.106589877038368933e-03,1.812277245718547578e-02,4.023406328864287569e-03,4.358401032361200987e-03,2.617303418129902307e-03,1.527584982134236845e-02,2.412255122939191247e-03,1.691763891614167861e-02,2.421540579472935065e-02,3.189514754016077504e-03,7.201600125342010050e-02,2.247973957337251125e-02,8.523349441749802913e-03,4.471038360690967467e-02,4.251743014601110093e-02,2.942567387148773556e-02,2.216709696437176372e-02,9.656815423220849182e-02,3.247188097705272503e-02,3.495299285432722919e-02,2.404160648159444844e-02,3.873069360431706520e-02,7.326914867051245728e-02,2.619773383025451874e-02,2.828006440655394735e-02,4.967849606768720561e-02,5.887995877343532060e-03,5.909637567416535509e-02,2.485632742171881709e-02,2.102956221872006454e-02,4.227462141118029648e-02,1.098233520918410686e-02,1.290258445019206064e-02,8.055814484418621219e-03,1.052918611053540593e-01,1.028722529493255461e-02,2.987763151969500403e-02,1.551878516598964586e-02,1.685899846535777319e-02,1.728904127174133235e-02,8.585188960142774856e-03,5.114165256049824949e-03,1.897064562989413464e-02,1.153860699071970405e-02,2.601385176750048780e-02,7.776010018260235204e-03,2.480143603273141269e-03,7.701150080487527590e-03,1.346931203365058990e-02,8.919936653952877798e-03,9.516541409303500704e-03,2.855301428987002191e-02,4.062534767814609399e-02,2.085485238909879843e-02,9.267940499681737512e-03,1.207114120467151636e-02,2.748700581708264992e-02,3.997310389125774410e-02,9.622815979107691986e-02,5.100545226215986300e-02,5.237377481400115609e-02,7.166013779901217462e-02,6.178002787360684089e-02,2.944282455835928528e-02,5.233953929436682001e-02,1.519294600149868543e-02,9.818547886174176093e-03,4.599482808314225672e-03,8.641850649449764332e-03,1.446546116951630961e-02,2.134652155721066674e-02,3.081944318196508381e-02,5.588832566669763025e-02,4.856364117776088701e-02,3.107689575490265102e-02,6.941768987625979159e-02,3.444168520250349280e-02,2.025919688553222062e-02,3.035368094928025257e-02,5.025981507061569320e-02,1.391297188516132065e-02,7.811083863047847686e-02,6.892136099077983413e-02,4.717337074452384628e-03,7.528568144106810578e-02,3.694728433526704020e-02,6.944958370677260795e-02,1.244393238746770679e-02,2.437404923791537323e-02,6.194802901578255055e-02,6.716150754047070515e-02,7.997754875592950896e-02,1.105770483714469954e-01,1.841627152507884987e-02,4.866336495433141313e-02,4.190434157825203426e-02,7.359646105194747080e-03,2.314601782169972699e-02,1.796009239302229915e-02,1.050574676133910097e-02,4.515208028755962610e-02,1.050092307711673195e-02,3.137728543341573167e-02,2.155381957809850840e-02,4.036359547320097878e-03
1.046974542465315128e-01,1.511247481759410705e-01,1.365138914223652522e-01,1.187524598538887838e-01,8.374706709656583314e-02,1.193108024709960274e-01,9.691475603767349400e-02,2.492694609082178603e-02,5.938625848284095204e-02,0.000000000000000000e+00,6.030145566889454772e-02,3.899767533040852246e-02,1.911419064306897966e-02,1.245650146468542802e-01,2.757850391842691651e-01,9.086497965254486386e-02,1.362778448162082767e-01,1.692289390470515242e-01,1.386629720437059302e-02,4.750046915058667163e-02,1.509571061478568940e-02,3.963004474231903752e-03,2.011542805200092557e-02,5.189664453658862642e-02,2.639462937744389143e-02,1.862936674365290451e-02,1.577521211744951565e-02,4.012087677695284904e-02,3.191540073895027339e-03,2.882124569325528185e-02,2.043792858096558918e-02,5.678284913469862707e-03,6.826437191712548917e-03,1.993572974207330831e-02,1.288574410389165849e-02,5.655379757490247919e-03,4.860538807964177518e-03,1.635308427892011654e-02,3.813744832557241886e-03,2.785024708362884502e-02,6.739166145727187689e-03,2.235099583249918268e-02,3.528399298565432912e-02,7.074521610279120923e-03,1.131322700445532015e-01,4.380881605211162794e-02,9.917507316314270668e-03,5.957116549289150076e-02,1.626252997279273652e-02,2.546893423246234661e-02,4.140652902016760811e-02,2.318501207744766077e-02,1.123516521946413826e-01,3.364250029833051187e-02,7.496087992560909741e-02,3.551111465747630591e-02,5.413200275898619879e-02,1.630098839202656982e-02,2.921333589376132536e-02,7.198994561621614718e-02,4.034347916839389758e-02,1.307361587166048014e-02,7.045691694556623086e-02,5.983722653152433874e-02,5.162176731513224565e-02,2.251474310250514005e-02,5.996628418695421764e-02,1.113788304973304388e-01,1.002704266121672710e-01,1.081323394774918178e-01,5.154075014857598114e-02,5.276224940483781323e-02,5.239458057303684330e-02,1.754393733708871014e-02,1.899638940385306105e-02,3.100157182162851296e-03,1.274521066476635815e-02,1.682491988350640760e-02,8.304473500700983862e-03,2.100451066653742996e-02,1.647234764771766599e-02,2.400083586901157612e-02,1.255409201685761186e-02,5.522450961834284890e-03,1.734829615951080303e-03,2.773211764827192283e-02,5.587409235673742453e-02,2.628915902585729839e-02,1.872759145826757149e-02,6.561202874304356003e-02,6.082039289451125763e-02,1.934282886909027555e-01,1.392306641010860324e-01,7.328296488002344899e-02,1.430618492333132208e-01,9.748928357080985374e-02,7.092955053630124740e-02,3.065817850746683365e-02,9.033158916591668697e-02,1.415512938019175895e-02,2.167852922989501729e-03,1.089072253694593068e-02,2.841036695708557078e-03,3.183695069845578207e-02,4.076229660488296658e-02,7.278780226555792154e-02,9.326968661742837674e-02,9.940680434563005374e-02,4.722278199467027510e-02,1.249432863506607372e-01,9.094309137198407222e-02,6.807359854658477649e-02,8.810997136957050835e-02,6.596576833181835853e-02,2.879364132273343896e-02,4.735725832376048300e-02,1.932866999368476266e-02,2.165658192915100120e-03,1.162803419868631144e-01,3.243339437072231130e-02,2.305675776722035386e-02,1.028269085159498088e-02,4.317745810863532485e-02,9.137988870134693131e-02,1.794010377130312861e-01,1.059297356889555564e-01,1.472470541210636474e-01,1.276490944565549790e-01,1.113463745996481069e-01,1.183530736701769170e-01,8.587628037008261661e-02,5.797205053569910033e-02,1.220297151697231908e-02,8.486598576552524531e-02,6.414374764987125499e-02,6.036380993100039921e-02,2.249933242476425885e-02,3.864354886090166225e-02,1.413308635247872633e-02
1.416286114133475660e-01,8.636456337511114190e-02,2.402015920125816911e-02,1.455209446502350734e-01,1.109445055543770015e-01,6.954100790802336673e-02,1.087703686919546109e-01,6.216023332957088671e-02,6.301467585860995313e-02,6.030145566889454772e-02,0.000000000000000000e+00,9.509299133709668908e-03,1.708238950632123831e-01,1.159684419796312566e-01,2.020255393640875974e-01,1.280179145500290883e-01,3.956738071803484608e-02,1.348674898045226778e-01,5.337617582980517389e-02,1.930529988571383360e-02,1.531400259516823431e-02,1.908668530623367984e-02,2.555604380873566922e-02,4.918323813587256732e-02,7.291252905181712374e-02,1.889169147259201278e-02,6.893683707078331925e-03,1.540716439093329539e-02,6.529461117820893959e-03,2.263891609276547784e-02,6.523981830893105932e-03,2.451829106285944096e-02,1.972267537868358997e-03,4.598060524534008410e-03,4.809627499112706372e-03,2.265691021299761493e-02,5.395941712638122577e-03,9.429775366566526748e-03,1.793505173162539268e-02,1.025464879791371242e-02,5.068223557488290079e-03,2.932566129650430661e-02,3.437980194458765959e-02,1.658289678666049344e-02,8.523175814171976561e-02,6.713126552765462385e-02,7.202530649862684542e-02,7.073275781062832168e-02,4.334922327816004978e-02,7.264687171265761523e-02,5.910831089831518337e-02,1.181249626269883918e-01,2.949099147841671015e-02,4.289938580557587505e-02,6.494873407923586195e-02,1.699770733252917859e-02,7.714504981208469836e-02,6.044598859476124630e-02,5.333997111463027740e-02,1.766673521023845103e-02,6.608725197715475952e-02,6.694681912813087166e-02,1.156461415335454934e-01,3.873013603929128384e-02,5.341322627480330626e-02,1.783623515824024619e-02,1.296000402432265393e-02,1.108576999284617906e-02,1.706438634521171421e-02,2.793734517843384293e-02,5.404154170924629907e-03,5.968944427812727417e-03,6.480229231616835631e-03,2.042794636890601576e-02,1.240400402781436685e-02,2.841652997533533273e-03,1.808186141133753594e-03,5.272739017742640068e-03,2.094269619622863600e-03,1.184211623019344739e-02,9.684395361849961609e-03,1.175522089942400341e-03,1.440904328298647091e-02,8.407524188743220259e-03,1.963901031325262017e-02,6.132234028674433957e-02,2.548104469647286680e-02,6.850175726000275189e-02,1.145190253046400250e-02,4.817020130979924458e-02,7.987921905156129820e-02,6.436343226637214476e-02,1.012922066551042444e-01,1.598667248641384708e-01,1.230863858813220912e-01,1.075128887104259134e-01,1.511409658139603041e-01,5.942279135885799451e-02,9.299138288504306404e-02,2.887475466660127665e-02,1.622044910152175071e-02,2.049895755882000584e-02,1.331930533303633812e-02,6.104879517153696290e-03,1.671016134702838982e-02,4.185079388542377321e-02,6.173526011610509096e-02,1.930075833708785882e-02,1.382902286477855590e-02,3.127701427219446023e-02,4.954756100179618511e-02,2.581619388801900325e-02,1.953234728947412374e-02,4.624760105670103205e-02,7.246674639893584124e-02,7.047088461065391385e-02,6.219816090413878007e-02,3.731029722247784786e-02,2.124095071012430391e-01,1.404993526396154831e-02,1.957385447765000799e-02,2.967371061942451760e-02,5.843859262291321160e-02,4.456323885381722333e-02,2.159664868222761491e-01,1.035447489944558430e-01,1.217018469152763849e-01,1.623775342175975689e-01,1.479027042351614141e-01,1.098966014180280115e-01,7.600631940602160797e-02,2.239190340620745776e-02,2.066360755008933223e-02,6.064652264158056777e-02,3.669067881496216460e-02,2.856630745094443716e-02,1.630421109991061698e-02,4.235450644513649721e-02,8.809629161620386589e-03
