0.000000000000000000e+00,1.050901668242920466e-02,2.748804496921406285e-02,1.076982481303646010e-02,2.107786458397697266e-02,9.643745989661963933e-03,3.865685309103676637e-02,1.424325118710524640e-02,1.353417182243661339e-03,7.532465372697481724e-03,8.635892027664406403e-03,3.515431330008168646e-03,4.147770873380151463e-02,3.235227939975979933e-02,5.350997824018653704e-02,5.619369996833662589e-02,7.041018571962132100e-02,1.875458985474285842e-02,2.603040771176702572e-02,7.094857749786231786e-03,1.094340485195713537e-02,2.688734055751756946e-02,2.132312745420499554e-03,1.078339759024923850e-02,6.255168652200607075e-03,5.172704910449101717e-03,1.257820798612774467e-02,1.750988615281028407e-02,1.812028066231214122e-03,8.515899201653100853e-03,5.170179628359241816e-03,2.142999450704638140e-02,1.609455595381436774e-02,2.011641028790746299e-02,2.325292253516189449e-03,9.374924438772118439e-04,1.092341938577893329e-02,1.203884016200782586e-02,8.746055129794328906e-03,5.913238448796234899e-03,8.754385339320342602e-03,1.863681598742971931e-03,2.297380189829248583e-03,1.847123007833859076e-02,8.924178363600546865e-03,7.503076791057983674e-04,1.302407589433894272e-03,6.378246797812560766e-04,2.198096372949201547e-03,8.609319898210855346e-03,1.696901247559852183e-03,6.434769626336209365e-03,2.406559756085177929e-03,5.281397436827075988e-04,9.258278386145945942e-04,1.464155313785282884e-03,6.396326393256344077e-03,6.155276969804269766e-04,1.254911239833314930e-03,1.502283680803057683e-03,6.512542014875219616e-03,8.434493537238999103e-04,2.811983769354835152e-03,6.295963913630477603e-03,7.520803823124749300e-03,3.466719197700972831e-03,2.350050575756342137e-03,4.486287080635445630e-03,6.745621873044290763e-03,5.013449421700267271e-03,1.382100220385917453e-03,3.652972868267380727e-03,1.483939695674113546e-02,2.792198801352197696e-02,1.317614765367980216e-02,4.068682223655223362e-03,2.597790930826116267e-03,6.197033631760034272e-03,8.424194723852728925e-03,2.095387526307471767e-03,3.167224508287309545e-03,6.150117306045092130e-03,6.230986536161818926e-03,2.343138812401445413e-03,1.708102711156915662e-03,2.201504401675103296e-03,1.049658967509905930e-03,3.848583268821811204e-03,1.090799976813721164e-02,6.720347355980895582e-03,1.585847955460982853e-02,5.593371821336963479e-03,1.898664681837533563e-02,5.621970581665323118e-03,8.229552804743347702e-03,4.928381371210019228e-03,3.647847100111053630e-03,1.080714583958413029e-02,5.175174409247797376e-03,9.224634658001754431e-03,7.804897048494253628e-03,4.153443995128155812e-03,2.328923103610404215e-03,2.217400018118049609e-03,2.466344770907496348e-03,3.357752520838160233e-04,1.286649230571517994e-03,4.490891371929077273e-03,1.222058375243786172e-03,7.842835751021228104e-04,5.672468390302749276e-04,3.008680987202864282e-04,4.534726509259348441e-03,3.740017096700286228e-03,8.827959892046750509e-03,2.851628169634541805e-03,2.126189918358412090e-02,9.032600868937248548e-03,3.631175917092406731e-03,2.931997696092510444e-02,2.378824828219845006e-02,3.036019030464376725e-02,6.393957195953795317e-03,2.170463755433963554e-02,3.881838995369333266e-03,3.704629753713808288e-02,1.942751836310512709e-02,5.738619261187356824e-03,3.247119769609763205e-03,1.608264665382608608e-02,6.179543752656288871e-03,1.046112860413211422e-02,1.136968985038896464e-02,5.379125562033217067e-03,8.729163699965436160e-03,7.786122504531343275e-03,1.040979640912394200e-02,6.286120801065417200e-03,3.312784927470722660e-03
1.050901668242920466e-02,0.000000000000000000e+00,3.834246052737207838e-02,2.536315618898773994e-02,4.173647560672628931e-02,3.264818931966594756e-02,6.012014872399356301e-03,1.307340289436059039e-02,1.095258900468032426e-02,1.899783745670156551e-02,7.933816091447812649e-03,1.224723255983324946e-02,2.412858344719423856e-02,8.947648686782183614e-02,4.386788669123952572e-02,2.166779603109998675e-02,7.585097611432038700e-02,4.147419193848594920e-02,1.390079305492812785e-02,1.106708354835396826e-02,1.030626476607482585e-02,9.847872206130106609e-03,1.029870290243877287e-02,3.624343429388697264e-03,3.463224081283023271e-03,4.440271746508061938e-03,2.886510392685212156e-03,8.150729327643824185e-03,5.603821199114715317e-03,1.507162100192010329e-03,8.426111804975867231e-03,5.407822016249553415e-03,1.892447803300532222e-03,1.800384291251886856e-02,3.690147713514773699e-03,2.011166369124974072e-03,3.476288792272114354e-03,1.260315404795340176e-02,5.781744157964968482e-03,9.666274927963057831e-03,6.994783911870148044e-03,6.819470935776983031e-03,8.988344207273856606e-03,2.641253807030583510e-03,2.921668729642322784e-03,1.700088904379891495e-03,4.274335966311378771e-03,2.137987510346445272e-03,1.043718317914190188e-02,1.991094102472232199e-03,3.251307790640730559e-03,1.865205936669732433e-03,3.318189962866623273e-03,1.353854530751023681e-02,8.134972351468330864e-03,4.567339744174002056e-03,2.843980849767722627e-03,2.667392859038627325e-03,1.379695334421599581e-03,6.972277640294426669e-03,2.513724150702265070e-03,9.405900753680817216e-04,7.772084244143209406e-03,5.889402737231979636e-03,2.325555353486614529e-03,1.221363262276515919e-02,8.635223889800362762e-03,1.142784829283329320e-02,4.962578243356779648e-03,6.257591680026758710e-03,5.353069863241828943e-03,3.024682028590487941e-03,6.022953879261474554e-03,1.355018622869273541e-02,4.691782503346642388e-03,3.224982548438429589e-03,2.192849924479360006e-03,8.960332907499361788e-03,2.094118204571900413e-02,1.162908224313296927e-02,3.991357773559099653e-03,8.558011264348144853e-03,1.053312823649590630e-03,2.954344143875076590e-03,2.354737516757372112e-03,6.076544817479020803e-03,7.167631305728387747e-03,2.272713447279141666e-03,3.245509432465391777e-03,6.719177983483815009e-03,1.756708360311652747e-03,6.943826301758312079e-03,2.965268901076198536e-03,6.000462661112365183e-03,4.159704257602747472e-03,1.462182763928148192e-03,7.100970017933003024e-03,4.585405223893950985e-03,2.499128929665969407e-03,1.946992748327995527e-03,1.441893780781454545e-03,1.501340408661627204e-03,2.405063427109753633e-03,1.136002065455883787e-02,6.365855917460141187e-04,1.952045316661376283e-03,3.035792333150560789e-03,1.320901257946237480e-03,3.597159917958703788e-03,1.379588325977131524e-03,9.606389538677099571e-04,4.053770537287239815e-03,3.631590849624446397e-03,5.637185645070043674e-03,3.885744488649936490e-02,2.934029114802819051e-03,8.163764099160877863e-03,3.771753275874231010e-02,1.436413122246263212e-02,6.606511068295562589e-03,7.604547596242187263e-03,1.969564606022937078e-02,4.497780739023285110e-03,3.951140770482854288e-03,4.171439095999314450e-02,4.186714187572600047e-03,6.505497402400256188e-03,5.814828717808952913e-02,2.387952764368562672e-02,1.796036970598780674e-02,3.270391402400814329e-02,8.420793100272987164e-03,6.867048843530705951e-03,9.348341050559851040e-03,3.712502548018014551e-03,5.860161451048362738e-03,6.366804931940890123e-04,4.217822480175707225e-04,3.820871677722775025e-03
2.748804496921406285e-02,3.834246052737207838e-02,0.000000000000000000e+00,1.029978845008445998e-01,5.537502409783345847e-02,3.835595520286126658e-02,1.264828098271402954e-02,3.023213624462631546e-02,7.672726609281040056e-03,2.136701675194399921e-02,4.076449633641324871e-02,6.886626987139224387e-03,4.117194366041049963e-02,4.164884497543105968e-02,1.052980512257182533e-01,9.390485727900261398e-03,6.739152473762990980e-02,1.677452009408165329e-02,1.492525067241756709e-02,2.180642819357948500e-02,8.464014171299967873e-03,2.608455747932838381e-02,6.825756601523503414e-03,1.980410300208899563e-02,2.599425113988856808e-03,2.291900071590242949e-02,7.347366150801793068e-03,1.692208967337123157e-02,7.537033729821264461e-03,1.659602669284339013e-02,1.929623442684311879e-02,1.451555403501875001e-02,8.936668772867618904e-03,1.845066124953715150e-02,1.377158631219098329e-03,4.173714521003132373e-03,3.612872125888024616e-02,3.028375561325431699e-03,5.536694261520943780e-03,2.798978372045506525e-03,3.508326765602700573e-03,2.977185353338544001e-03,2.940470078280198445e-03,3.964997854580851883e-03,5.654823970470942984e-03,1.442282405670521073e-03,1.833671866029025661e-03,5.138876955836628284e-03,4.327704229294042880e-03,1.263670636084516727e-02,2.993090469142679899e-03,1.535573345160259244e-03,3.285206066439886295e-03,9.234886286738916775e-03,5.654879717775459537e-03,4.617760428403653097e-03,8.187016404646352968e-03,3.944820610564045427e-03,2.834553325303012898e-03,6.176340340783762319e-04,1.851022477408405037e-03,1.060909760933658602e-03,9.126463834432970009e-04,1.587011508018420017e-03,3.803933975893620048e-03,1.743987070142601417e-02,5.786337291784842719e-03,5.479125766906312381e-03,9.129758333610123872e-03,7.058311775232008201e-03,1.035073797419711235e-02,1.262678711405954175e-02,9.054738740433122476e-03,1.492993373017030903e-02,1.393232848836350318e-02,9.793036021191327961e-03,2.782184374393040487e-03,6.937601586197220810e-03,1.200764167504887216e-02,3.574988781886270870e-03,1.186712486120867528e-02,1.929509554711804744e-03,7.190481064002132890e-03,1.646637431111634686e-02,3.266333089436314861e-03,5.565353948098913060e-03,1.588672499289892071e-02,2.310537663470601730e-02,8.316988571192857754e-03,1.081120005342869894e-02,2.010500018385343382e-02,1.453070445371716125e-02,4.419667355929079305e-02,1.607992635044330071e-02,1.618234931857256975e-02,5.213379812873773257e-03,9.558566034543584250e-03,1.127017643667101686e-02,4.277201909331949589e-03,1.096471595640936218e-03,4.507926703010170684e-03,2.580421120522017123e-03,2.048758129942492880e-03,1.699898553074498993e-03,5.351105014577259202e-04,2.188037493822143648e-03,7.230807463159199915e-03,1.168543938481672768e-02,8.401435286244996956e-03,7.439145864048664521e-03,4.115395914461143952e-03,3.227444655199344318e-03,2.515564025481847182e-03,1.555513912020234889e-02,6.237594431456426960e-03,1.424040522834925729e-02,6.416481398155944593e-02,1.501457998790909319e-02,5.293648679058077927e-02,3.166334402328857545e-02,2.806415390969791909e-02,3.709335670528117468e-02,1.212516522254331909e-02,2.812986968301191965e-02,5.312474196528665926e-02,2.163732634222421264e-02,1.645816941899225574e-02,4.853795423583171648e-02,1.033217763043164060e-02,2.054721481629874849e-02,4.724674554880297500e-02,1.589055387713834283e-02,1.353464256461404946e-02,1.907584454430951565e-02,9.486425018781630483e-03,8.524898308340770822e-03,7.426958335507315503e-03,1.760542984051116340e-03,2.506477872452448838e-03
1.076982481303646010e-02,2.536315618898773994e-02,1.029978845008445998e-01,0.000000000000000000e+00,9.224109615853680333e-02,6.110349900023346464e-02,2.873669563727288684e-02,4.339504424460232518e-02,1.486702205879114440e-02,5.121894095734311203e-02,3.577739110760588814e-02,1.549504322371757919e-02,8.000081670094916220e-02,8.205642647870636797e-02,1.147785394055979569e-01,7.003118484277456868e-02,6.205289683105330578e-02,3.652649571909668408e-02,1.899351750479768425e-02,1.594736115739186361e-02,5.784205396298809643e-02,6.774497104110219214e-02,6.205412191717640108e-02,4.410360411288147264e-02,4.266820954282646988e-02,4.794940446565194858e-02,7.056909646356458038e-03,9.272919844312601731e-03,1.945674513793351932e-03,4.611759866267028376e-04,1.021481001319165909e-02,7.771857430458336581e-03,2.426934455506598101e-03,1.839087925143947228e-02,4.053750005602858517e-03,1.082680121284996036e-02,2.926375025689349676e-03,3.339485705063544030e-02,8.612311824133501992e-03,2.574876613165132111e-02,1.493332932127370595e-02,5.422925403693938835e-03,3.449185810581738895e-03,1.716644277232799460e-03,1.036274407858775795e-02,1.584758750558094148e-02,4.797265429420326764e-03,9.037838471681590782e-03,4.371898539074890559e-03,1.690357912717645530e-02,1.508147750026734429e-02,7.090642009836264047e-03,6.537263197382501591e-03,7.928259808103103531e-03,2.100875984104210326e-03,8.368989019532717096e-04,4.637432244123886396e-03,5.513057720021547620e-03,5.969634595044412753e-03,2.270638313435483294e-02,1.189101819318286873e-02,2.145300240290787600e-02,3.185775203748989100e-03,1.610192310062537324e-02,6.914197977475645095e-03,1.082579148174476558e-03,5.065946799210509395e-03,1.021650767681678458e-03,3.696761621231525654e-03,1.199107725482399236e-03,4.508114949077152503e-03,4.582426386369037145e-03,7.713454197217491266e-03,1.374233493009583036e-02,9.999038008257379179e-03,1.231387319264778783e-02,8.025396551017097146e-03,3.728883433445461925e-03,4.731974047695795133e-03,7.851909966026740170e-03,2.763308450987500900e-02,7.085032691088019065e-03,2.158591055310987716e-02,7.001586483124781247e-03,3.963563272886432877e-03,3.328422505524754153e-03,1.353275109100425706e-02,1.588958317382603222e-02,1.522381022636043121e-02,4.658587012416355762e-03,7.633906842433446117e-03,9.476188300213074858e-03,5.733932022486723165e-03,9.445114362158094426e-03,6.582003404818933916e-03,6.666069067319381133e-03,1.050753388836493489e-02,9.177747244263663104e-03,1.040422145299489502e-02,1.487307934019583677e-03,9.972354747317418999e-03,3.021726296447287911e-03,5.325859664711878050e-03,1.463871534582669850e-03,5.774205532307210599e-03,6.138779130005993408e-03,1.276742239827822166e-02,2.131912927718557921e-03,1.782463893082966017e-02,1.091059764308569685e-02,7.757562940994766013e-04,5.881422172915901948e-03,5.949072625602861743e-03,3.071514835192058323e-03,4.963847173729681213e-03,1.360793660431575472e-02,2.315551717652295297e-02,1.347638615307776219e-02,7.482056394380418897e-03,2.074384756482000602e-02,3.522104184345951211e-02,1.194855005859339452e-02,1.060820907744812816e-02,3.266032862089499056e-03,7.613161871898135868e-02,5.158971405138380352e-03,4.219678693620000642e-02,7.150632096630241130e-02,1.816347505525671077e-02,9.084345621204423585e-03,7.833782270036095119e-03,7.480514743435537697e-03,1.587978873717710293e-02,1.243872429288178996e-02,7.382227577719817184e-03,6.287474675493526059e-03,7.415017717201802597e-04,2.183017748209140248e-03,5.785231167797325567e-03
2.107786458397697266e-02,4.173647560672628931e-02,5.537502409783345847e-02,9.224109615853680333e-02,0.000000000000000000e+00,5.854726574031483832e-02,9.547948403167774017e-03,1.973877801136689897e-02,1.076852599070288706e-02,4.964099598884077341e-02,9.233837088197830931e-03,2.134623011330338480e-02,6.130165273996126402e-02,4.281320985382060934e-02,1.088747935785360499e-01,1.079708416555708733e-01,8.648896708693033786e-02,9.883880328542285487e-02,3.241602203140891980e-02,8.547269733894408486e-03,2.748902139634472070e-03,4.016709246674064065e-02,2.103252672875232515e-02,3.600458071375529923e-02,1.854854637021857017e-02,8.332704223329203894e-03,1.067447530770240967e-02,7.272474279569444110e-03,4.736540818403689457e-03,2.282682786077443876e-03,6.886106314590293397e-03,1.346290108362788521e-02,6.682208389727078979e-03,2.015048732493089634e-02,1.187397481577939437e-02,3.638592382075465405e-03,6.129033538617299944e-04,1.092025284847672473e-02,8.118664135724894260e-03,1.299158407927944979e-02,4.541806625707177705e-03,7.837647471323386239e-03,1.385020923680489041e-02,2.461419957635347863e-02,1.755817792495695251e-02,8.179721349874049044e-03,3.928685423814731736e-02,1.620906927980234405e-02,3.126541412645557350e-02,5.606542340966478959e-03,1.890645617779084008e-03,3.018695430296740355e-04,2.493030322923552294e-03,1.946634247263331376e-03,3.408564892586403439e-03,1.755053214134875972e-03,1.433495426619193222e-03,9.281275980228249553e-03,2.637818132636370310e-03,7.326511560499648391e-03,1.993896190858868416e-03,3.828577348191873446e-03,1.001051660222051706e-03,4.959142025662237460e-04,1.482959105049223500e-02,1.628712516923298478e-03,8.938722351644199510e-03,3.096357927296700032e-03,1.472070987460599896e-02,3.413166256031691104e-03,7.171476788007125243e-03,2.223608789117343266e-03,2.128013788446806581e-02,2.267958015533978397e-02,1.774144224797931380e-02,2.599952266912626195e-02,9.818683479997534699e-03,2.807602367355325687e-02,1.134658916558086393e-02,1.167455983968121447e-02,7.722755620011249357e-03,1.113419565834454505e-02,1.146356150425947330e-02,2.973697090957432097e-03,1.526093860159565170e-03,7.402688992709906615e-03,7.105393753877113291e-03,1.572885949187832755e-02,1.052969800705415293e-02,1.317583705505961586e-03,6.574213401322118525e-03,3.013050705525315877e-03,3.085028056977214255e-03,3.936345467595181273e-03,5.517362849706562537e-03,3.874838009109134260e-03,3.345606897265093055e-03,7.681415615868595302e-03,7.013865545424421109e-03,6.160272552672521086e-03,2.853078549236999408e-03,1.969133516136724153e-03,6.672489810247121331e-03,2.204124674157605188e-03,2.179872945129629307e-03,1.554554764473046807e-03,7.804216595865462978e-04,3.084002598948744627e-04,5.448095343042834828e-04,2.301258524441558142e-04,3.064629979357368778e-03,5.846544910344904020e-04,3.405101558871839978e-04,6.127680124346707342e-03,1.237885235357446927e-02,1.769013615723576821e-02,1.377551612168149454e-02,1.769413426995023256e-02,1.759429974256364456e-03,1.577474971528106812e-02,3.989275988223497417e-03,1.223690176874041476e-02,2.420164964916770786e-02,1.830681822849119719e-02,9.593359073042418556e-03,1.804147534906756084e-02,3.817574228418114946e-02,2.991106839747594264e-03,1.334625352611720599e-02,9.394996486533331928e-03,6.055180899427797282e-03,2.766044800497056283e-02,2.378104330270456451e-02,1.590720518873414702e-02,1.096809545547956441e-02,7.489104808077661976e-03,1.705325928792921983e-02,4.704140085535960143e-03,3.295391470665546847e-03
9.643745989661963933e-03,3.264818931966594756e-02,3.835595520286126658e-02,6.110349900023346464e-02,5.854726574031483832e-02,0.000000000000000000e+00,8.743119163352073772e-03,1.059250643692091765e-01,4.574409347550668914e-02,1.156670199542923945e-02,3.121090847270207441e-02,8.575209836938958718e-02,9.344967265408951618e-02,7.847665547621818227e-02,9.297541597714781281e-02,1.362675247306358202e-02,1.067186975015733258e-02,3.899100041472249728e-02,2.004667094378428157e-03,1.141234397492950532e-02,2.510639161468767103e-02,3.251881526940043898e-02,5.224984921832531715e-02,6.183641410064985577e-02,3.761347544416315802e-02,2.231524790456895779e-02,1.850811977607366710e-02,1.378664194629186136e-02,2.937426500925782117e-03,3.352988505396416012e-03,8.366016992594770690e-03,1.631182530896987254e-02,4.560887230877198883e-03,2.988107403184796576e-02,2.816642699367024119e-02,2.004330196173531586e-02,2.300805887671184772e-03,3.187753191874408837e-02,1.766577454149106594e-02,2.665503520630586182e-02,4.020903098920056325e-03,3.514862321045676263e-03,4.412397051638384735e-03,1.014514775939926762e-02,7.596332713775717262e-03,5.627281830848650766e-03,1.274200811384895759e-03,5.343583033780075799e-03,1.820232927016068696e-03,1.193209118641322397e-02,1.126736943446616374e-02,1.710976806299958995e-03,1.652055111035188872e-02,2.017185556936121251e-03,1.673190223673585910e-03,2.215841339810469771e-03,4.439950483711017546e-04,1.790333145332032938e-03,8.123004722162471825e-04,9.904506697122667305e-03,4.547148753314563495e-03,1.045538837937518700e-02,2.832203984712060307e-03,1.542722874825113583e-02,1.940737685294153039e-02,6.353449434387791958e-03,6.815368362630112170e-03,3.961501695378668794e-03,3.048470133033336690e-03,1.822106470480899017e-03,5.222315848416428201e-03,6.731503131538634811e-03,2.590244416764215032e-02,3.797709009327585733e-02,8.068943499072096445e-03,2.705377305572323129e-02,3.307971365517515822e-03,8.443191877851315141e-03,1.806614703804098774e-03,2.454133810999666564e-03,3.963141123042143200e-03,3.984483377054631043e-03,1.606872174922633094e-03,8.322023896007302649e-03,1.181588265769261759e-03,1.000699664136464086e-02,7.262409461642963492e-03,5.087391783780814691e-03,8.661230561202760275e-03,4.287910056776924987e-03,6.429225772079755381e-03,1.475036665036822152e-03,6.093416153787820956e-03,3.579406513986341590e-03,4.568692073732408265e-03,2.051568037376389278e-02,4.875780990234857351e-03,1.126766781675854001e-03,5.778827538544618891e-03,8.993111753475413819e-03,2.427542727808707813e-03,1.038115716425139223e-02,2.767591714533075738e-03,1.703946617582320286e-02,4.672005021690074124e-04,4.383127582824180961e-03,1.496884428902229246e-02,7.744084709600033284e-03,2.115177379949074316e-02,1.657686854325332929e-02,5.992352690946246667e-03,6.213911308836543926e-03,1.108747353407173002e-02,1.223185381633716193e-02,7.869782650516955053e-03,7.380615901082825635e-03,5.728303515058116163e-02,1.213258282953899939e-02,6.259809757528881496e-03,1.376256080872517717e-02,8.560309802950716654e-03,1.245397342778491179e-02,1.865885961275102339e-02,3.806793501432697430e-02,1.995333578852840142e-02,4.517263453026626289e-03,8.999106410485433610e-03,1.409063929119435017e-02,5.414239105781324182e-03,1.408999093217204977e-02,5.288453149357954207e-03,3.245940504389176195e-02,2.599234040712731370e-02,1.925091530456118222e-02,1.096114621901897630e-02,2.080084529075092517e-02,8.065116313742150961e-03,5.288404427302717536e-03,8.872288434434430146e-03
3.865685309103676637e-02,6.012014872399356301e-03,1.264828098271402954e-02,2.873669563727288684e-02,9.547948403167774017e-03,8.743119163352073772e-03,0.000000000000000000e+00,6.897199411760751575e-02,4.220297361662865565e-02,4.210897854577950322e-02,2.621431344311898198e-02,1.293554100219345727e-02,3.071086071575563486e-02,2.982536259645143795e-02,2.865449239086536801e-02,1.605315232399377734e-02,1.234420086461066914e-02,6.688813287022041601e-03,9.159483057474715473e-03,1.258189238581994100e-02,3.111435063677660956e-02,6.822362006216116381e-02,3.032035824363136026e-02,2.237781502029008440e-02,3.350543822104808805e-02,1.103736620161258064e-02,1.157437884010808354e-02,1.234271690985184501e-02,4.398339475531816423e-03,1.142020552574241456e-03,4.709389499269970442e-03,3.246918579082871178e-03,1.220500304633199973e-02,2.251614042637032839e-02,9.184942065691717450e-03,6.192356584463182267e-03,1.335022576830913925e-03,2.304435080408826289e-02,1.003611048487969976e-02,1.912085300437738403e-02,5.480789045794545906e-03,5.399417024990619922e-03,4.509080830646648198e-03,1.988195011240760819e-03,1.188679829872821801e-02,1.197475622892889453e-02,1.054087416310945128e-03,3.097813328548104563e-03,1.827654538702404253e-03,2.670467889842775572e-03,1.729748478717720982e-03,5.260122461976280035e-03,5.352052402896810036e-03,4.086494780849438363e-04,9.298369066745499657e-04,2.608307969062110317e-03,1.397751560405025798e-03,3.981624135847742357e-03,4.363211396605455594e-03,1.235636937520558434e-02,9.152699722665813943e-04,5.223147954144055465e-03,6.356285223032469376e-04,3.007538666725491795e-03,1.669405379757145369e-02,7.543936836535904134e-03,2.902586938016535074e-03,1.030384315046199359e-02,1.135092827948741730e-02,2.117650190536355531e-02,1.513246414870328231e-02,1.251569705224758570e-02,4.595738844165702004e-03,1.924632230071438715e-02,3.536347706860277357e-03,5.047405854490059907e-03,3.288639277581210073e-03,5.633379147853261742e-04,4.624396596721700066e-03,1.645276508827488160e-03,1.645548684746146002e-03,1.406876304365107600e-03,2.780359229747698772e-03,4.508336520273380742e-03,2.840503967550853971e-03,7.127186785446012465e-04,2.069968460966033728e-03,1.093470103088242142e-02,6.014997658744344021e-03,5.555918057348572907e-03,1.761602934393336276e-03,6.477499034879159734e-03,1.731438310950401353e-03,1.316763991999482519e-02,3.071774774889864286e-03,8.752023652506659215e-03,1.858947181679985322e-02,2.601925750121703192e-03,2.413488057673204411e-03,2.978937205520094510e-03,1.066281944027262047e-03,8.511818171748690778e-03,1.004114462385452588e-03,6.632367850422215411e-03,8.332963497242559282e-04,7.502976898315656847e-03,7.343288362333353324e-03,2.022782722890895026e-03,1.013532439072056465e-02,9.700213012551795605e-03,3.072960261361936448e-03,2.246142250192912412e-03,7.133971371812928772e-03,1.926663990767822502e-03,8.715046598850544404e-03,9.237148004794226361e-03,8.498249091187340051e-03,1.565424028686868835e-02,7.764493952018330404e-03,3.350542616652452382e-03,3.630281143598120767e-03,9.097197292980221256e-03,7.189455462293672938e-03,5.124280961836930569e-03,1.532069347985161485e-02,2.680853816175111232e-02,9.847489011945291179e-03,2.186419878516747406e-02,2.221801126855659989e-02,2.641974747540030630e-02,1.847821950723505316e-02,1.551664153405245966e-02,5.974547133627589046e-02,1.845507883397801835e-02,3.562709191674362508e-02,1.529984392932367751e-02,2.102859680508329179e-02,8.596794215149495058e-03,5.555517323619051095e-03
1.424325118710524640e-02,1.307340289436059039e-02,3.023213624462631546e-02,4.339504424460232518e-02,1.973877801136689897e-02,1.059250643692091765e-01,6.897199411760751575e-02,0.000000000000000000e+00,8.623781117492006210e-03,1.769846258355230531e-02,2.140421091655745137e-02,6.834351490901602322e-02,6.512022953174465001e-02,4.411070943372660119e-02,5.235931556033000811e-02,2.378865650982220706e-02,1.684319820467194972e-02,8.614220793395355180e-03,1.246656666729029431e-02,1.244143993402901417e-02,2.133741319950347229e-02,3.317699453603240728e-02,2.344148424993818328e-02,3.297559986886807598e-02,2.696038573054909335e-02,1.056066379605738806e-02,2.273498698392692821e-02,1.028311154395432012e-02,2.993393352981084908e-03,1.150173989078397737e-03,1.306158951712330964e-02,9.853162802876147888e-03,8.111408137394608350e-03,1.081857038030474213e-02,8.089181123113289504e-03,5.461287392010417616e-03,4.093961070702006877e-03,1.474307892589602799e-02,3.194735627592107819e-03,5.966755574237789066e-03,2.702990288820140280e-02,1.403328279232934211e-02,1.611620304436132620e-02,2.194515258083686721e-02,2.722193408091475898e-03,4.771654484669205984e-03,9.751642118427143128e-04,6.817745483395427041e-03,2.900722895391527525e-03,2.153331492252014839e-03,4.221371588014872708e-03,7.434853707987625722e-04,1.994977697509625354e-03,7.194401253728575051e-03,5.371315816734507052e-03,3.973248099653980785e-03,4.209508984727949182e-03,1.851987448927947325e-02,7.289361805734509772e-03,1.810253124144589956e-03,1.262585875915090555e-03,3.121064002033176795e-03,2.970792516702871772e-03,1.962406664779224597e-03,4.945271718550098977e-03,1.132058004470997596e-03,1.017697923343570919e-02,6.029333738853666184e-03,9.709649637327805866e-03,8.674974618883937380e-03,3.812235312012289025e-03,5.779156863523348883e-03,2.004921274335777145e-02,1.047573090816718115e-02,1.723985172944055705e-02,1.837731069819487778e-02,3.459049593063419619e-03,1.737201855299630449e-02,1.153768571291279195e-02,4.049295717627922862e-03,5.857465676922986482e-03,5.951476268999805752e-03,1.229117190980116977e-03,4.830579461219899721e-03,1.485266250764212190e-03,8.830010855570792280e-04,8.976048116950491535e-04,5.539508158902728711e-04,4.778821310256767263e-03,2.575136412588446486e-03,5.215553016469871850e-03,1.623210253346108562e-03,7.833719091287610556e-03,1.168427040893452997e-03,2.957161087111514434e-03,4.274003459250150239e-03,4.329945968015245193e-03,5.520783219679417479e-03,5.841073535595467728e-03,6.121522255125253290e-03,7.699596252464599097e-03,1.040941776050281764e-02,4.587002366058364790e-03,9.742205364243529744e-03,6.327535479326619645e-03,1.138273676900609325e-03,1.284615294634228709e-03,6.951986399221311884e-04,2.205199465625109351e-03,5.983750114669745407e-03,4.929341561220985761e-03,1.365464764336472847e-02,9.419619728309991044e-03,3.328345669181649244e-03,5.684578018047288083e-04,8.836127617903938997e-03,2.828812686633774831e-02,1.323178771120504848e-03,1.091674095615688400e-02,3.268701679177190341e-03,2.049034329475891807e-03,5.538217869364479157e-02,1.470192302008696029e-02,4.063014138642079970e-02,1.231199354823332183e-02,4.388647656654079930e-03,2.396714750592825530e-02,1.061958543377065391e-02,2.636369740750047624e-02,7.958394252099067895e-03,1.859864300176992599e-02,1.340251671371477625e-02,1.821603622634106884e-02,7.092128481946848376e-03,4.013789446393589873e-03,1.265151838345530098e-02,4.090672524415132905e-03,1.458845843430089939e-03,2.504675254348055248e-03
1.353417182243661339e-03,1.095258900468032426e-02,7.672726609281040056e-03,1.486702205879114440e-02,1.076852599070288706e-02,4.574409347550668914e-02,4.220297361662865565e-02,8.623781117492006210e-03,0.000000000000000000e+00,1.082510986532185006e-02,3.847025427016863286e-02,3.913366936103161026e-02,7.551700200937984386e-02,3.922813539184721171e-02,2.529955281336389306e-02,5.154088125105097534e-02,2.568811953847521118e-02,1.351198267317246619e-02,1.046706015737646975e-02,1.287393051455475255e-03,5.361312124447715176e-03,2.319647249338008775e-03,1.610945644614422689e-02,3.850061265988558110e-03,6.477636603095636089e-03,1.001575431554555147e-02,6.769097250750821977e-03,9.086560141159814776e-04,3.308238452878949423e-03,1.740007809600917135e-03,1.139571807507958057e-02,2.176349338628425379e-03,3.169741583485182704e-03,4.020372353134617389e-03,7.618520121751163124e-04,8.976179591351812065e-03,2.242484156560809773e-03,9.823328324676959891e-03,8.367951867449844802e-03,7.015532861931197961e-03,1.421148685253195449e-03,1.651163034348739761e-03,4.706940051066654113e-03,3.684138022419541914e-03,1.724511784141140314e-02,1.829919316081744275e-03,3.033557238459076363e-03,2.723032467810017083e-03,7.141287361859523751e-03,2.281267194050955009e-03,7.299615685455711905e-03,7.371424055940713552e-03,2.517855984870586827e-03,2.696472792195396193e-03,3.943101435757895117e-03,1.553076873301018545e-03,7.781950761754196332e-03,1.806016142346349249e-03,6.725222718269245614e-03,1.187194602781431896e-03,2.642816578191032467e-03,5.409870555833945494e-03,1.920916816524173955e-03,7.130882891432947270e-03,3.604286766670079366e-03,3.059808341804078329e-03,3.031346035589273149e-03,5.220461515306318691e-04,1.527207379196378854e-02,4.960380643064681710e-03,4.002085179145405819e-03,1.005606049535041902e-02,4.819292868873945208e-03,5.405341564346061124e-04,6.663486112023238490e-03,8.480674251635685057e-03,3.256179823143745978e-03,4.756044408481133537e-03,8.754809877082722971e-03,4.300554902631165827e-03,1.553822334224480399e-02,1.386914735546052610e-03,4.337518840692975580e-03,1.304736329777865956e-03,3.277456237727054394e-03,1.634118689803158329e-03,2.199944493300598405e-03,1.517030597632273298e-02,1.052382891442590375e-02,4.899409413194380156e-03,1.057661146430853658e-03,9.862057469574800079e-04,4.178913460853413836e-03,1.861360453130412587e-03,8.427354660254319715e-03,8.399988573885875179e-03,1.789465180046504464e-03,4.914674069741747052e-03,4.658526220720197075e-04,1.659717591010975192e-03,4.686657978958418992e-04,2.115186287176709732e-03,3.781683436826392426e-03,7.778403832538522853e-04,5.325843744299452827e-04,9.071938717928469372e-04,4.056525656072416941e-03,3.547811292284461173e-04,3.238377142552754072e-03,3.997444998350279353e-03,1.188337320920773710e-03,3.204127965611636847e-03,1.321294033094044633e-03,7.490087123124177177e-04,1.084813546062186537e-02,5.017752403328796899e-03,5.831723553443996823e-03,1.273929341798364645e-02,1.359499075216888614e-03,5.119022680375785207e-03,1.484662597191045708e-02,8.926381355927994268e-03,1.208522660841846418e-02,7.978807008597861225e-03,3.447222347180178142e-02,2.167782937167498508e-02,5.067376400336204463e-03,3.235672850172342102e-02,7.691801546467676512e-03,1.164975481185486633e-02,2.147745890279302919e-02,2.482965376547487460e-02,1.667491188860301468e-02,1.725543633513330552e-02,8.124479151821446463e-03,4.801320815236238305e-03,6.269029161449009291e-03,1.206424632908779243e-02,2.932248344266520819e-03
7.532465372697481724e-03,1.899783745670156551e-02,2.136701675194399921e-02,5.121894095734311203e-02,4.964099598884077341e-02,1.156670199542923945e-02,4.210897854577950322e-02,1.769846258355230531e-02,1.082510986532185006e-02,0.000000000000000000e+00,4.593110570755542382e-02,2.844825784636669658e-02,5.133793924590897284e-02,5.646022801448927902e-02,4.959173669969960119e-02,4.317925696484754827e-02,3.570314529596384234e-02,2.697982343657749638e-02,4.008134428750896767e-03,3.541047160139377311e-03,9.413032748046038303e-03,1.473129497730271339e-02,5.426859967504560865e-03,4.524530512395121690e-03,1.403387304116880414e-03,4.244074882761425180e-03,4.103187752495091739e-03,2.734446145043116158e-03,9.322831219348556853e-03,3.837350088601759399e-03,5.061874113068339474e-03,2.664081645293114517e-03,3.257937314455016959e-03,5.900717767327297823e-03,1.274888566920880963e-03,8.437883953199554199e-03,4.387930704130414521e-03,4.267087144252556218e-03,1.090473609528645228e-03,6.343793085598957958e-03,7.546684544347666453e-03,6.645265918649733566e-03,3.744979354820664012e-03,5.123624508293301780e-03,1.412469700131111817e-02,3.293587573072146325e-03,2.688358103739553820e-02,1.936056724955608280e-02,2.333594509889138496e-02,3.140196848861524521e-03,2.448762201030441586e-03,4.377522457372043894e-03,3.299137198177622913e-03,2.500743199906151678e-03,1.557669708389873260e-03,1.509885719495160589e-03,2.125429274211216527e-03,2.881990054961916601e-03,1.224580759465742534e-03,1.345998545980471280e-03,1.312541243616088208e-03,2.351559029161181744e-03,4.182316596326132729e-03,4.724578062692340145e-03,2.172299252087226459e-03,2.418076130450958969e-03,3.439477430359707752e-03,6.811499708015549340e-03,3.937157531712698333e-03,2.020044294283050972e-03,2.098300699193556343e-03,2.656516225708627395e-03,2.702493045934024202e-03,5.070074035451540076e-03,1.312374186571147253e-03,4.582066386787695712e-03,1.202213566896006766e-02,3.656972134023179360e-03,3.579016171512517264e-03,3.806796244053395426e-03,1.171593699170515000e-02,3.878098039346891159e-03,8.187796270552211500e-03,1.088194871083300076e-02,1.122089941863160757e-03,1.472622872438491409e-02,5.813623970778037352e-03,8.931468325167819453e-03,3.472802406926665201e-03,1.137819880062687465e-02,2.965751349320478771e-03,3.892689263920010370e-03,1.013681023324219076e-02,1.430877929438872237e-02,6.318963489600070912e-03,3.531679263129660663e-03,2.374736924431609594e-02,7.137348133853319877e-03,3.106026351044079235e-03,5.795141062380110807e-03,1.300846346832778416e-02,2.148273337806269525e-03,6.178333616275867406e-03,4.176410800914315963e-03,6.626585960269867903e-03,6.257425137725731914e-04,2.032793029915299157e-03,3.061517468227929663e-03,3.560068099088443180e-03,3.324961242693669390e-03,5.481794726364000100e-03,7.081787964379144228e-03,2.855577677313465932e-03,1.743634088035001320e-02,1.698899152617103442e-03,2.255098330452100577e-02,3.751673884106036718e-03,5.903310173749586921e-03,1.794624666355582737e-02,5.737467240310149819e-03,3.110807644320689666e-02,4.984409794785154765e-03,3.994579055983590171e-02,2.877577076915868726e-02,2.498177962038645311e-02,2.650510453080748979e-02,2.736505866030862488e-02,1.708269796733174681e-02,1.812034657983191063e-02,1.470773119702916722e-02,1.410763640622086576e-02,1.736148018216690514e-02,1.324981291080437086e-02,1.093691248402584547e-02,5.141155860681773798e-03,1.328079695547661372e-02,6.338330988768585764e-03,8.142884134381797763e-04,6.607465384853584631e-03
8.635892027664406403e-03,7.933816091447812649e-03,4.076449633641324871e-02,3.577739110760588814e-02,9.233837088197830931e-03,3.121090847270207441e-02,2.621431344311898198e-02,2.140421091655745137e-02,3.847025427016863286e-02,4.593110570755542382e-02,0.000000000000000000e+00,4.201388461906040844e-02,7.204199853360936101e-02,1.311511858771761407e-01,9.305255558238434421e-02,1.257413442768208212e-01,9.845490026055704613e-02,5.636917673706626913e-02,4.850734614984134052e-02,2.551285812996020863e-02,1.337741513026455276e-02,7.380437825378755035e-03,4.454797953420204688e-03,1.142169843702869891e-03,9.013240263999194521e-03,9.326815847440361393e-03,3.249621640617792167e-03,5.442240343719732028e-04,2.016070228283363148e-03,1.454995564860693102e-03,1.433485432327394555e-03,2.834365916151134705e-03,1.821549248534181514e-03,5.617734969443611420e-03,6.636193636064398500e-03,8.499898826251874734e-03,7.141862281521817700e-03,2.175826124042524665e-02,1.490136383987577043e-02,3.332608002654132567e-02,9.199774943588322901e-03,4.440373105419117075e-03,2.175148253506690912e-03,4.711321984892660568e-03,2.619559386419723426e-02,4.029430888789945582e-04,1.292837199205870008e-02,7.210775648572845600e-03,2.039270958431290207e-02,2.932091488827447655e-03,1.967806698797559643e-03,5.519690832746757024e-04,5.013379804175801570e-03,9.412675119663298923e-03,7.394284411262989909e-03,4.644120592023035475e-03,8.398524393495592974e-03,1.467140014300259178e-02,1.274335935581127899e-02,3.602186275219674584e-03,2.572181630985171871e-03,1.193054724768550763e-03,1.417412322344104806e-03,2.492237289949932565e-03,1.408626058061824724e-03,4.785589223474454902e-03,3.806462119835991430e-03,5.855359818758602668e-03,3.796340446397467646e-03,8.791074798125055045e-03,1.024891708400174281e-02,5.110376952218390750e-03,7.715070466226087338e-03,4.948607482791433400e-03,2.588569821575836642e-03,1.115583118316338003e-02,9.380468344577482312e-03,1.572988219622554334e-02,1.375861173820985090e-03,3.373209740230231901e-02,3.503189998041462278e-02,2.431730184908790365e-02,3.210569654678614715e-02,1.161500874586647407e-02,2.218935023956445339e-03,7.639793720908076048e-03,2.316389131972710833e-03,5.910312798592533279e-03,9.237790874553848675e-03,1.385719444464876896e-02,2.338875016583611029e-03,2.876906245986886063e-03,1.251676886167516064e-03,6.570272305032177733e-03,4.601446197277839385e-03,1.053018741026649514e-03,1.257486376914262842e-02,1.588759343378487888e-03,1.638175322189800625e-03,7.987489124250436723e-03,2.996574252191470944e-03,2.145661743411576318e-03,2.120906180949237892e-03,3.202122440136475831e-03,1.807295541367089390e-03,1.069505613866547807e-02,2.951495350102963707e-03,2.526364667243543530e-03,2.496342487633429214e-03,1.931199929730542371e-04,8.583495448553060594e-04,1.894198365566635055e-03,1.741723286415345576e-03,4.276869251629391785e-03,2.266808109647321968e-03,1.477991353522335044e-02,1.559515146077737439e-02,1.373917199248361753e-02,6.433949251101565327e-03,6.099815781898275044e-03,1.570331823758040757e-02,3.865523937350952115e-03,2.570765207966921664e-02,2.389796295102846607e-02,2.725743942288122793e-02,5.269733229137657168e-03,1.792960481140298129e-02,4.969546963879788518e-03,1.800093577698737637e-02,2.174133434264597514e-02,2.566196546653677635e-02,2.873785414211165942e-02,1.761103208146871588e-02,1.866330636234345142e-02,7.345877810871846020e-03,3.153563373485244320e-02,1.859023283848185160e-02,1.414280981136823226e-02,2.130746260747693605e-02
