0.000000000000000000e+00,4.277886905953036389e-02,4.136659271017042311e-02,1.068042167314057211e-01,3.556253738010015097e-02,4.676157428059049548e-02,2.612984561951347748e-02,5.689353077718921868e-03,1.061777484387522660e-02,1.939998311985279347e-02,4.657510196867858075e-03,3.125492004408393903e-03,4.580421925643203898e-03,2.335256858046151976e-02,2.514206821681147855e-02,2.002227633635675352e-02,1.672969806916068877e-02,1.170568078748808298e-02,8.810455526829019668e-03,1.397394344393729747e-02,1.167521957009804920e-02,1.957657837513820942e-02,1.385197365466829880e-02,1.049758318155217737e-02,3.905782182744357844e-02,6.874248752342501136e-03,1.858902914272109533e-02,2.761579246900849535e-02,1.030043664562938985e-02,1.377314300967377725e-02,5.104458940625966092e-03,6.077816322247335578e-04,7.052455208787477767e-03,5.304383328286919538e-03,1.180455798481899266e-03,5.657205432443568154e-03,7.178400811388604454e-03,1.850471715977413875e-02,1.558407560725457927e-02,1.050974541632912658e-02,2.931387572622618301e-02,7.932791546147901010e-03,1.751570349845794905e-02,3.268432738020324042e-03,5.050234965248923125e-03,3.741290908088652865e-03,1.067906600538206380e-02,1.739993595430596590e-02,1.103893107584243832e-02,6.032669490637699791e-03,2.891411938924290381e-02,1.919705362583823752e-02,4.102884072804875715e-02,4.521027733675437622e-03,1.923236815093138513e-02,1.735728865575783889e-02,2.569639863819523154e-02,1.143322605471562559e-02,2.001426517614203829e-02,6.951142942636636714e-03,4.207470376008637901e-03,2.500503046576637092e-02,4.300843607293364235e-02,2.686399784825290252e-02,3.126789304763323563e-02,9.734062225225091972e-03,6.233692636462065222e-03,2.626073206715132894e-03,6.419284968258692770e-03,2.247423366521265724e-03,3.630998836633614682e-03
4.277886905953036389e-02,0.000000000000000000e+00,7.966268069277095132e-02,6.007845723149232015e-02,7.452401430947867833e-02,2.063561728065873083e-02,1.202352631215716783e-02,8.185258501356418998e-03,3.829888820790747911e-03,5.984917661929651904e-03,1.594073726677473725e-03,3.162480259072212967e-03,2.135873551307693533e-02,2.742558653898512222e-02,2.687191625858600594e-02,2.057961322369088880e-02,2.211423694445780949e-02,1.956774692965770543e-02,1.432747421631601521e-02,8.395296462800384829e-03,3.123851862375818383e-02,5.986489017978518200e-03,2.456395416114076288e-02,1.821027798186261896e-03,1.738064107165513891e-02,4.662065338690539983e-03,7.682140335323095308e-03,1.833637199408992557e-02,1.645968966268234303e-03,1.559514744277287063e-02,4.067722752425912552e-03,5.327144566379117888e-03,1.175222072590277785e-02,2.055192496830623473e-03,1.882953607241937433e-03,4.567982254886082671e-03,2.980659024964082970e-03,1.152427903444465905e-02,8.682179004996126064e-04,1.023291534753745756e-02,1.696822431257724237e-02,8.665436165086592285e-03,1.843191198873555744e-02,5.801850864805626305e-03,1.064950941096175392e-02,7.525849388208022406e-03,1.886954831557537127e-02,1.476347633679031893e-02,1.506939115894767416e-02,2.567603676544814861e-02,1.570057534222102716e-02,3.863048499889749215e-02,1.287908532468407669e-02,1.695290394170981610e-02,7.627964180071506416e-03,2.017293319343598998e-02,1.247146047967072520e-02,2.214220044359652487e-02,1.187195812946801633e-02,1.715026220216856259e-02,2.795503549422601562e-03,1.919265013088541916e-02,3.366685790060662542e-02,1.764055328226026356e-02,2.051774148349261306e-02,9.954150412866926562e-03,1.310198502290553860e-02,1.009946866228543516e-02,6.893010939802733661e-03,1.552619915825828763e-02,5.868001580880619940e-03
4.136659271017042311e-02,7.966268069277095132e-02,0.000000000000000000e+00,2.683372057998676952e-01,1.604229159305773367e-01,1.140150601966732902e-01,2.262459300722951747e-02,1.101365262986516574e-02,9.084566829496626417e-03,1.199553938498544407e-02,3.379497489291267195e-03,9.580239901248177592e-04,2.150167150862693569e-02,4.478027937468780778e-02,4.009821396524569648e-02,2.779526410611642129e-02,4.801373019374133994e-02,2.993606497080109757e-02,1.860484699688715396e-02,3.170758243464797538e-02,2.513945941881698051e-02,1.889954153230722841e-02,5.828542452452939449e-02,1.621076418433779753e-02,3.320654018685711278e-02,5.015169026407407388e-03,3.349160068730030332e-02,1.587250597874638458e-02,9.798015136000294556e-03,4.158432025406929439e-02,8.179308024752562564e-03,2.352596581405264065e-02,2.289004211593425372e-03,3.911344010620552807e-03,3.266694120743770993e-03,1.827433178905237465e-03,6.277811939617346064e-03,4.395264197704734643e-02,1.529203564011435111e-02,2.695749457089521503e-03,5.220903141506328532e-02,1.129057158563441521e-02,8.461985146717403844e-03,4.052200349747688869e-03,1.531621841885112863e-02,1.013156052924897750e-02,1.334039883307642886e-02,2.180133560952379063e-02,1.770559259816226194e-02,6.170318583962335242e-03,8.492298521807153597e-03,2.126443657862476730e-02,1.274186232574085059e-02,2.758264598122360869e-02,2.051894069727902906e-02,9.492363944369608744e-03,1.507115620102690177e-03,1.293797745570783239e-02,7.191707093091146211e-03,7.456749768054700064e-03,2.604076265812276664e-02,6.918690046749786937e-02,5.511519607521906533e-02,2.136528575016662448e-02,5.122415509270923650e-02,2.473092335433616992e-02,8.470920118126456372e-03,1.797410448908979370e-03,2.250524124070786905e-02,5.281495943379090757e-03,5.750550602154386355e-04
1.068042167314057211e-01,6.007845723149232015e-02,2.683372057998676952e-01,0.000000000000000000e+00,5.927794559820275672e-02,4.126906266161273901e-02,3.612174482347349502e-02,1.723959203648872326e-02,1.394143250318766007e-02,3.006318535985857965e-02,2.548450557966762484e-03,5.702986685107237818e-04,1.121496311487409601e-02,4.997851112298486859e-02,3.866657883310335719e-02,3.196236162444301976e-02,3.106722174768084335e-02,1.434744647607885844e-02,1.098988797848466335e-02,3.614343189378663168e-02,5.500532515012543713e-03,2.115392626035249996e-02,2.601976338388065427e-02,9.895553938236214056e-03,3.940491363682030457e-02,7.324288499571882972e-03,2.440002746094025593e-02,1.788876784181433685e-02,6.986778296931282425e-03,2.627165620039785543e-02,8.776214603206806616e-03,5.917893900437202689e-03,1.784803872746589795e-03,1.474429945758651706e-03,1.534371632707362716e-03,4.012286554673686429e-04,8.829429468313339247e-03,2.254385973596678000e-02,1.447491432638317067e-02,6.572667382122453390e-03,3.241371411322923474e-02,1.801377656637150743e-02,1.332765759224186289e-02,5.021900139716484190e-03,6.842719460940389735e-03,1.348809039463202747e-03,1.076577328212410811e-02,1.197083776594094762e-02,9.343240189253445432e-03,3.223282134411106867e-03,1.887529269217510380e-02,7.690459214213596698e-03,1.786762503938444865e-02,9.443619771941594299e-03,1.460617054225696668e-02,1.643840396486902916e-03,1.587086305572045150e-02,3.870526851453013131e-03,5.069827619156279906e-03,2.982273550831625558e-04,1.134165047388062137e-03,3.307709152120331952e-02,3.257789641137417286e-02,1.181640144195118119e-02,2.282469171029774188e-02,1.312603697547836366e-02,3.528842328762514524e-03,7.930083672643850222e-04,1.722454044754194447e-02,4.856618761098839381e-03,3.059105289860409443e-03
3.556253738010015097e-02,7.452401430947867833e-02,1.604229159305773367e-01,5.927794559820275672e-02,0.000000000000000000e+00,7.473038049401835303e-02,9.085982127340332115e-03,2.582639876652603056e-02,1.849736828142864442e-02,2.325083194750610441e-02,1.118820108054027936e-03,9.113246252384981164e-03,4.844589605257437759e-02,7.939750414530195866e-02,6.557324919643404970e-02,6.068407536732954577e-02,4.921976019476365788e-02,3.810697267508331848e-02,2.432015025904033997e-02,4.269239384230033574e-02,2.058662226415259797e-02,1.679457403314950359e-02,3.281698453822267519e-02,9.125446232190276286e-03,4.446386882723978723e-02,3.777622884218895163e-03,2.911553420614008958e-02,1.951578462211764342e-02,7.273382626099409408e-03,3.572216690315236504e-02,1.181105280966589927e-02,1.773180700530817971e-02,8.456947303861385304e-04,8.261025283992719280e-04,3.849540585928466156e-03,3.585032160056528510e-04,2.380826725484151869e-03,2.355509876744351153e-02,1.508249879505005678e-02,2.162325520096389231e-03,2.159147130193361797e-02,1.024553289469239993e-02,2.750100961449045839e-02,3.061133298577257272e-03,2.027775360191905879e-02,2.333279206508147643e-02,2.948411217405295937e-02,1.178494964526241411e-02,2.075856713706747403e-02,2.227109809866506529e-02,9.518430970809003966e-03,1.930926395271926818e-02,2.703544457451309904e-03,1.663260849798856023e-02,3.224993616220639403e-03,1.012506888951143248e-02,3.000202928379538600e-03,2.524960653138331665e-02,4.495047863001645251e-03,9.324550695785041587e-03,5.742170315808633151e-03,3.149879281225934080e-02,2.246682569745778874e-02,1.118625637209381095e-02,2.492385430272150981e-02,2.021668004612112504e-02,7.260662547428853308e-03,6.986155758277820278e-04,2.209081027283927787e-02,1.097546968867247480e-02,1.759789436363030013e-03
4.676157428059049548e-02,2.063561728065873083e-02,1.140150601966732902e-01,4.126906266161273901e-02,7.473038049401835303e-02,0.000000000000000000e+00,4.365469589909131559e-02,3.708544071554374655e-02,9.492636176081852006e-02,2.802365436083815303e-02,8.595165962720299410e-03,2.607951196721789745e-03,2.627761258392140656e-02,6.333760659245844804e-02,4.905505866949268906e-02,4.391598392704087334e-02,5.185652332787581836e-02,3.404426763286407670e-02,1.759219556896602157e-02,4.710040770977487468e-02,1.134638511964002061e-02,2.912250872416331099e-02,4.060130264934570798e-02,2.642813749151918037e-02,5.963891175932489047e-02,6.423914822930166038e-03,2.912636513384853423e-02,1.891375310452527228e-02,6.364994010902728927e-03,3.156718424051862398e-02,5.703165470899579370e-03,5.459469515998861475e-03,5.936432240276184533e-03,7.248682404699717530e-03,2.204816431734703177e-03,7.024376259024243821e-04,2.144562350842480966e-02,2.574795353924390698e-02,3.043857721250050816e-02,8.849472845059342535e-03,4.251031439140399992e-02,7.830864872567372403e-03,1.071554377010770429e-02,3.042792948132317342e-03,3.757987039458916129e-03,3.720614034650216850e-03,2.438973304631824636e-03,4.348419751692718556e-03,3.667774659531424647e-03,2.359908152071925769e-03,2.217926340970039802e-03,2.894668655768408740e-03,2.034364676567397470e-03,8.766544997621411942e-03,2.469853290722895042e-02,7.711831480034803295e-03,2.449943434326760754e-03,1.063053435117169120e-02,2.313703462418551654e-03,4.506594144977148393e-03,1.315759500172237507e-02,4.919414100495540787e-02,3.728139185101305569e-02,2.617848905255967112e-02,4.312379660762968164e-02,9.294417531228860510e-03,8.512237997156599234e-04,1.389450678551030658e-03,1.137287949365170352e-02,1.171443565517113266e-03,2.679235519187353129e-03
2.612984561951347748e-02,1.202352631215716783e-02,2.262459300722951747e-02,3.612174482347349502e-02,9.085982127340332115e-03,4.365469589909131559e-02,0.000000000000000000e+00,1.628476540818078189e-01,1.009167899673682617e-01,1.072026751982670389e-01,1.616311623869371231e-02,1.387124737705150955e-02,1.968934606990737843e-02,6.367676431566979267e-02,5.682961202973343257e-02,2.739927959992345327e-02,4.213336659246415955e-02,1.923007853726186461e-02,2.250352951338534593e-02,6.120038394026643125e-02,8.731575006755722818e-03,2.493810241789389676e-02,3.269095898867886707e-02,3.643832273859817783e-02,5.047755550808950831e-02,1.898382692454288548e-02,3.453127180386066780e-02,1.212907460785994825e-02,7.579241596484100410e-03,2.328629750942087795e-02,1.191752117977038644e-02,5.661097616360240108e-03,1.704089884898244084e-03,1.886043711680177688e-03,3.812698427842514236e-03,9.778432078019127713e-04,6.865662587385992083e-03,2.579711003039225625e-02,2.242124113582318751e-02,1.197954252246775236e-02,2.275205383036961113e-02,2.886861116609646186e-02,2.292814926107343901e-02,4.729662809334172525e-03,8.654889504577715359e-03,6.568736834402772069e-03,4.847846786017571616e-03,7.330757975468028646e-03,4.829721226892247539e-03,3.464388008819183767e-03,1.363481486620170963e-02,7.007236999964227761e-03,8.923342856447984486e-03,5.230142818011505011e-03,4.674731689051993960e-03,4.968051456333614363e-03,1.261913564904078950e-03,5.144192167092895632e-03,7.588476287304251819e-03,1.847983285155701443e-03,1.867747308512687516e-03,1.400926644748749957e-02,1.487808022210108418e-02,1.050465973425355332e-02,6.777221302947267906e-03,7.655129760811968213e-03,2.694393013658967842e-03,1.753022969421332185e-03,1.585132407191836013e-02,8.593659234331869901e-03,7.623685570476164408e-03
5.689353077718921868e-03,8.185258501356418998e-03,1.101365262986516574e-02,1.723959203648872326e-02,2.582639876652603056e-02,3.708544071554374655e-02,1.628476540818078189e-01,0.000000000000000000e+00,1.608922847390508448e-01,1.274477156656547983e-01,2.290459354840124195e-02,4.223311744600530965e-02,4.303696075195460186e-02,6.868389133771855837e-02,4.989710721007209471e-02,4.703779892649731509e-02,1.761187333310213279e-02,2.098444883798043781e-02,3.170258490605520202e-02,5.823842380863829271e-02,1.454145645344270821e-02,2.710402860391096860e-02,2.693965122807951904e-02,2.710342934932838052e-02,3.783244638843327734e-02,5.776622416887702664e-03,1.252409949271800042e-02,1.456306043542344650e-02,7.838100846313622236e-03,1.891723407323324738e-02,2.001592679025063996e-03,6.929110999148550831e-03,3.296278530240680064e-03,6.368087860770325383e-03,2.987642641086917482e-03,1.080197551162583860e-03,9.491253317888801930e-03,1.748260794930633910e-02,3.598363413579055287e-02,6.339549264418558108e-03,8.209144350958924932e-03,4.745300633474205422e-03,9.896168531935345056e-03,9.629209796635331605e-04,5.810824936794924860e-04,6.243486049170359972e-04,1.453304314446457468e-03,1.157048182244611477e-03,1.887411913138404380e-03,8.018813234297478840e-04,2.050582843072392726e-03,1.541848508230860785e-03,6.778637945948108590e-04,9.303604878418279128e-03,7.092398543715830797e-03,3.695844487905918137e-03,7.090790245022238637e-04,1.637842984824440995e-03,2.164718757556930752e-03,1.512550940363940671e-03,5.095851054844040100e-03,2.152839316581327614e-02,1.523525836788778252e-02,1.055802918451529543e-02,1.403106800690342125e-02,9.157212852264749736e-03,4.675025648357109833e-04,1.860477740141470169e-03,6.041943611454276240e-03,1.568396319357603843e-03,1.060778901077450570e-03
1.061777484387522660e-02,3.829888820790747911e-03,9.084566829496626417e-03,1.394143250318766007e-02,1.849736828142864442e-02,9.492636176081852006e-02,1.009167899673682617e-01,1.608922847390508448e-01,0.000000000000000000e+00,2.833706542339868226e-02,5.096096677180218804e-02,6.951254486368477203e-02,2.081612824360526762e-02,6.025056574717949087e-02,4.977375244493471851e-02,2.600187862068879460e-02,2.066495801929871950e-02,1.981468539062733458e-02,8.512353907282332877e-03,3.828179854252862502e-02,4.936559066846458142e-03,5.549689580255294519e-02,2.018928622750991442e-02,3.977807538864842896e-02,2.810546452145868193e-02,1.426385173047215599e-02,1.569841212515449280e-02,1.180883608063070141e-02,1.206996991372152363e-02,5.142763562555824688e-03,2.986499966379260566e-03,8.469545637609355269e-04,3.129231447874490646e-03,9.555943310918349129e-03,1.777517587209538966e-02,1.604437294507662839e-03,2.224939733476971951e-02,2.210577931373734067e-02,3.448660037508664150e-02,1.055915090043293460e-02,1.639442021302228020e-02,1.920124135868701148e-02,1.987249183707288491e-03,1.406467765370058567e-03,1.740377627862055082e-03,1.310098114972358882e-03,9.672118123505884721e-03,1.777000037424029955e-03,5.925717733981004931e-03,9.698163662946713247e-04,5.431101910233669498e-03,6.430516246500516883e-03,1.020313723272592461e-02,2.808237316684561707e-03,3.325615087737533466e-03,8.931986262729459331e-04,6.060056221553823327e-03,4.338534321804577570e-03,2.213163254345824980e-03,3.189736467801808448e-03,2.203930036306300192e-03,8.820149458250910526e-03,1.429201950158404642e-02,1.718188148384665326e-02,1.236532496436828187e-02,3.312704600531728594e-03,3.986592109291218176e-03,1.861643991999428196e-03,3.096743707729889342e-03,2.267611687311181599e-03,2.824781678712763242e-03
1.939998311985279347e-02,5.984917661929651904e-03,1.199553938498544407e-02,3.006318535985857965e-02,2.325083194750610441e-02,2.802365436083815303e-02,1.072026751982670389e-01,1.274477156656547983e-01,2.833706542339868226e-02,0.000000000000000000e+00,1.347368508425668687e-01,4.774072882738317203e-02,5.836016230667879362e-02,7.892083408621911045e-02,8.640253944935008534e-02,5.000416287213106659e-02,2.717890094097372838e-02,3.754573524651720617e-02,2.428010468620428464e-02,5.337728473871306695e-02,1.112415450232427487e-02,4.548645459650266926e-02,2.603291815359029884e-02,2.920877128565508435e-02,2.163550229536408132e-02,9.000732524598840933e-03,1.514019554349101820e-02,1.948966752626431556e-02,3.139428979292930265e-03,1.415309618006562083e-02,8.616987308355784046e-04,3.258537667716849412e-03,9.169476244265641757e-03,1.070159626818106835e-02,3.540339647580360849e-03,1.899320515284511372e-03,1.618881974290753076e-02,1.530035369120489111e-02,2.166271217401192356e-02,2.772624885715944173e-03,1.712174821391147447e-02,5.628458998271583698e-03,2.276855630291973499e-03,1.579386837779964007e-03,2.273073355810907234e-03,3.643745874819552619e-03,2.581410626349112461e-03,3.590746352412743213e-03,3.951309769221465241e-03,3.668966354241249249e-03,2.739977203718190965e-03,9.297817035097591387e-03,2.939366666887490657e-03,4.578329649800882278e-03,1.221285120983116139e-02,4.804007630025498680e-03,3.645838812590298638e-03,4.595272058067639311e-03,3.608875328656111110e-03,2.509328339785744152e-03,2.687982025430234526e-03,1.671789226812389617e-02,2.145008487954975368e-02,1.696814017171180758e-02,2.010292501206321913e-02,1.715917343445534128e-03,1.551168121913273868e-03,4.391168589850668290e-03,6.114391008099677449e-03,1.946140829005988488e-03,8.041991004536434666e-04
4.657510196867858075e-03,1.594073726677473725e-03,3.379497489291267195e-03,2.548450557966762484e-03,1.118820108054027936e-03,8.595165962720299410e-03,1.616311623869371231e-02,2.290459354840124195e-02,5.096096677180218804e-02,1.347368508425668687e-01,0.000000000000000000e+00,1.880492196182722842e-01,6.495069078910763183e-02,2.562279326666944135e-02,3.250114053837509231e-02,3.520136972097169525e-02,1.091462909407382026e-02,3.067958777233129042e-02,2.035827401920677765e-02,3.224633287767229156e-02,1.223794717872823089e-02,5.365208324408216045e-02,2.282227438032216615e-02,1.908870554790759524e-02,2.883817951404682792e-02,7.104179324703302836e-03,2.162322737606537856e-02,1.466797307527088756e-02,2.641180252749028221e-03,7.865821548201763769e-03,2.932763717420185882e-03,1.511518354302338659e-03,1.865745445137696485e-03,1.325244157505368892e-02,6.975420023362107792e-03,4.458401033994929125e-03,1.265404128194431120e-02,1.801476572532108647e-02,2.812959372477039435e-02,1.259699682994096801e-03,8.342731371197818074e-03,8.160335986879369355e-03,1.591966963876261573e-03,5.844265909826179203e-03,1.602550079710537978e-03,6.628041424184236445e-04,3.699619907161967852e-03,9.080837750017045889e-04,8.718372291874696561e-04,2.207598284683809798e-03,1.112827680304563594e-03,6.366378502862615491e-04,1.708475668690070210e-03,2.574108730420072381e-03,1.689380744030382102e-03,3.746214810377830259e-03,7.533103956923860658e-04,5.927958297051015395e-03,1.139712970300314678e-03,5.293834349088032652e-03,6.169273005717693971e-03,9.212484633106867229e-03,7.127384141513137643e-03,5.958133475409572825e-03,1.300831430575589975e-02,5.515766103613090401e-03,2.334732511757255883e-03,2.607722201136565120e-03,5.410505657192097098e-03,3.918605357477769960e-03,1.269515258555545386e-03
3.125492004408393903e-03,3.162480259072212967e-03,9.580239901248177592e-04,5.702986685107237818e-04,9.113246252384981164e-03,2.607951196721789745e-03,1.387124737705150955e-02,4.223311744600530965e-02,6.951254486368477203e-02,4.774072882738317203e-02,1.880492196182722842e-01,0.000000000000000000e+00,5.069318864404458169e-02,1.934133529108548327e-02,3.465194282286953448e-02,1.517596697703910147e-02,7.601141732458721774e-03,2.536350657670044181e-02,1.802790616567430393e-02,5.579722439833269265e-03,2.083654838310549772e-03,5.355064560298323020e-03,7.571998811008359351e-03,4.216300368996159231e-03,1.247445200720511370e-02,5.009876206774459013e-04,3.685841203468164223e-03,1.870473656120119621e-02,1.528108566612480107e-04,4.869240385098211506e-03,5.502501404888974915e-04,2.976364273872501506e-03,7.327717776682853533e-04,7.773011642586312095e-04,4.584825425115889377e-03,6.410061131703350366e-04,3.265157454119466292e-03,1.200636089460719149e-03,1.287573473122872320e-02,1.058802012371642953e-03,1.172850815939418699e-03,1.810568578310812679e-03,4.358888756764801105e-04,4.148767484694905450e-04,8.594296487107468911e-04,3.899674364335156988e-04,7.553753533025855081e-04,6.437407685539890722e-04,1.006740462711661196e-03,4.485157314386859027e-04,2.929444771457471921e-03,8.663071462082556516e-04,3.707329200137615449e-04,2.906461442413115631e-03,6.181760187369681522e-04,7.708328833426644723e-04,8.120928283504261647e-04,5.390233524086250443e-03,1.779634950233655423e-03,7.448396329303886166e-04,7.998419372523615789e-03,6.043216965723975306e-03,4.345811991897991465e-03,2.469894663250814769e-03,5.843691069578191982e-03,4.735815900521407108e-04,1.329599845569232356e-03,2.867739369363428957e-03,1.955624161528827522e-04,4.482706385579391696e-03,1.374445086952063352e-03
4.580421925643203898e-03,2.135873551307693533e-02,2.150167150862693569e-02,1.121496311487409601e-02,4.844589605257437759e-02,2.627761258392140656e-02,1.968934606990737843e-02,4.303696075195460186e-02,2.081612824360526762e-02,5.836016230667879362e-02,6.495069078910763183e-02,5.069318864404458169e-02,0.000000000000000000e+00,1.064130049563388331e-01,5.498218857391899000e-02,9.681799433826861201e-02,7.950136006206186268e-02,1.840712076529039606e-02,1.678851955080862268e-02,2.593436105408181841e-02,4.926833881797243117e-03,3.040335801249565307e-03,1.574657628870602608e-02,2.102687332017098062e-03,8.574356757363611053e-03,3.865001928570821216e-03,4.782170317324080724e-03,7.975180431607861329e-04,5.125513363812703865e-03,1.073681653129414902e-02,6.813914334131207636e-04,7.701664394147063504e-03,1.349901816028910165e-04,2.452430444641244198e-03,4.759383876810546754e-03,6.512458449248787092e-03,3.216698818298765160e-03,3.589185077188642575e-03,4.913665283748619005e-04,1.055598618011819277e-03,1.428311755187478167e-02,1.536781743354314602e-03,3.244006302146220603e-03,1.872870811214814510e-03,1.014597821371789749e-02,1.945472647124481778e-03,1.188905942636174842e-02,1.199299863770967450e-02,9.400935078865009162e-03,1.490472688127040396e-02,1.883989618788346060e-03,9.261878144095901308e-03,1.816993710810119352e-03,1.768287470364970828e-03,7.278128584288130060e-03,1.515199251929291073e-03,6.508277670383292093e-03,1.752785684301646010e-02,7.997872033896938695e-03,1.539373964788731501e-02,1.421032494039139917e-03,1.830562062094660825e-02,1.613271202929559764e-02,7.900936737705248998e-04,1.053215809539812670e-02,6.658871345406081575e-03,2.212531447068217735e-03,5.676502950085818983e-03,3.345596681516501379e-03,1.890103347098963252e-03,6.511541756521041155e-04
2.335256858046151976e-02,2.742558653898512222e-02,4.478027937468780778e-02,4.997851112298486859e-02,7.939750414530195866e-02,6.333760659245844804e-02,6.367676431566979267e-02,6.868389133771855837e-02,6.025056574717949087e-02,7.892083408621911045e-02,2.562279326666944135e-02,1.934133529108548327e-02,1.064130049563388331e-01,0.000000000000000000e+00,6.992304664079161680e-02,2.526341399237147164e-02,4.434865445073595674e-02,2.138882162637847570e-02,1.516234051795379081e-02,3.238319301124957528e-02,4.336954549505719209e-03,8.100600649970543868e-03,1.702330487022527331e-02,4.008861505708506169e-03,5.706213430014299252e-03,1.525129151252372891e-03,6.887756751778784277e-03,1.440560506706552819e-03,1.181168529333596375e-02,7.383283541044360389e-03,2.766693447171798478e-03,4.770903975606271934e-03,3.670082827514331222e-03,4.594622119519557908e-03,5.372757793735083659e-04,5.409146009274469957e-04,6.004762196602879236e-03,1.557577486355174977e-02,2.816996605115121202e-03,1.515573784181741121e-03,2.787295630579395694e-02,8.848771337247667360e-03,7.711055615700385286e-03,4.486652281635919275e-03,6.242079873657015859e-03,2.835860612826195115e-03,7.800657715242878716e-03,2.055211650781703370e-02,6.879761653950031142e-03,9.409692832550409572e-03,1.400588210045781469e-03,2.460714027994457577e-03,2.585967767286085142e-03,4.174894707116746408e-03,5.949677975547055034e-03,4.370409575047145764e-03,3.471378943807370589e-03,1.405172121288396879e-02,3.455597706548887028e-03,1.528430407315205242e-02,1.195874109684211782e-03,2.004578388732713295e-02,2.756951530091586444e-02,3.989883894078080293e-03,2.619992501618671407e-02,1.654886712577827851e-02,1.060012701315367475e-03,7.629931633195533068e-04,5.952484551307704423e-03,7.718023801913297339e-04,1.790342107551798952e-03
2.514206821681147855e-02,2.687191625858600594e-02,4.009821396524569648e-02,3.866657883310335719e-02,6.557324919643404970e-02,4.905505866949268906e-02,5.682961202973343257e-02,4.989710721007209471e-02,4.977375244493471851e-02,8.640253944935008534e-02,3.250114053837509231e-02,3.465194282286953448e-02,5.498218857391899000e-02,6.992304664079161680e-02,0.000000000000000000e+00,9.132962294478373655e-02,6.670923360578837058e-02,3.989824692946488532e-02,2.506889274741297760e-02,2.076415501423645171e-02,7.518459901896604181e-03,8.390711726914034524e-03,2.853809429492664210e-02,8.541716248703500481e-04,1.316027787824380381e-02,1.991139787531596636e-03,9.096239129339213705e-03,7.874041189857908934e-03,1.122160159745366759e-02,1.330382105706033949e-02,1.482611948647712249e-03,3.517854263241814144e-03,2.724666013962593822e-03,8.548079182461849543e-03,1.281981583465913567e-03,6.568365015626680776e-04,8.133225172190819766e-03,2.665858568881423682e-02,1.067346837814595571e-02,5.013228305556822681e-03,2.683293917783582602e-02,1.110037519895104054e-02,9.205884999967897664e-03,4.109951033693392403e-03,1.700001490308176988e-02,5.633346039206248504e-03,2.553608402644371930e-02,2.823585885816384811e-02,9.696122488776107856e-03,8.712504987460111330e-03,2.026938256570077947e-03,4.687340361575862910e-03,8.863344912387241927e-04,1.540832727168486458e-03,5.151844339885761070e-03,2.190639425387418734e-03,1.188097718575332508e-02,2.008008971662373840e-02,6.291200166527220229e-03,1.926265746403059420e-02,8.824980930302206428e-03,4.873315799046368940e-02,5.293562090771838924e-02,8.973917791824919526e-03,4.067546056352712436e-02,1.425848822949110292e-02,3.001924984879380306e-03,1.099300796328284233e-03,9.575934253381448991e-03,7.502866458763691711e-04,6.154639986232373922e-04
2.002227633635675352e-02,2.057961322369088880e-02,2.779526410611642129e-02,3.196236162444301976e-02,6.068407536732954577e-02,4.391598392704087334e-02,2.739927959992345327e-02,4.703779892649731509e-02,2.600187862068879460e-02,5.000416287213106659e-02,3.520136972097169525e-02,1.517596697703910147e-02,9.681799433826861201e-02,2.526341399237147164e-02,9.132962294478373655e-02,0.000000000000000000e+00,5.777729622655156799e-02,3.803185251760164698e-02,4.291218964326980190e-02,1.065262585135793097e-02,2.877840347363187258e-03,6.061412588427137274e-03,9.299622648439155245e-03,4.717603173720700269e-04,5.875359654726527471e-03,2.763889611610399755e-03,1.337456976408471325e-03,6.120166564207672570e-03,1.208542314813983859e-03,5.514401858192954572e-03,4.483341407979057718e-03,4.738389606298919567e-04,1.075349106226800022e-02,1.466465629988477834e-02,1.663005365571567761e-03,8.589318859195588240e-03,4.943496258487624882e-03,1.232542842527307655e-02,4.826792163487663399e-03,8.637042971990102711e-04,1.489502408393691447e-02,7.545378596777599714e-04,1.282238367135477832e-03,1.534701183091642836e-03,7.202705478104031410e-03,3.261370880483940946e-03,8.599013875188131137e-03,1.312204957361259687e-02,2.796234773375601279e-03,2.807350894836613351e-03,2.410127776333397930e-03,1.443596016149273874e-03,5.313353050649780203e-03,1.152748885139614262e-03,4.951123669629237459e-03,4.426563205514248527e-03,5.155992215596455486e-03,8.962090536650202388e-03,9.699930397892253487e-04,5.376675588577716977e-03,7.466849609686246163e-03,3.388393803590052100e-02,4.038312832238990374e-02,4.356320448266151960e-03,3.782406732102941427e-02,7.985451571360664691e-03,3.475864754194912202e-03,4.307544926423340775e-03,4.554787727900595946e-03,7.137881785905424506e-03,4.323973412039178871e-03
1.672969806916068877e-02,2.211423694445780949e-02,4.801373019374133994e-02,3.106722174768084335e-02,4.921976019476365788e-02,5.185652332787581836e-02,4.213336659246415955e-02,1.761187333310213279e-02,2.066495801929871950e-02,2.717890094097372838e-02,1.091462909407382026e-02,7.601141732458721774e-03,7.950136006206186268e-02,4.434865445073595674e-02,6.670923360578837058e-02,5.777729622655156799e-02,0.000000000000000000e+00,1.220969047936771995e-01,4.036675637274628192e-02,7.176455415471559574e-02,3.603610203621786245e-02,8.547838421035763856e-03,2.345842296573994248e-02,9.089599527116050751e-03,1.716606371935740921e-02,4.015541976038605049e-03,2.404335402437067157e-02,2.429443092763617848e-02,2.003233428339292951e-02,2.533487942557582223e-02,4.744253314986823442e-03,1.236625610560517299e-02,1.651316067752614872e-02,5.334182819324178627e-03,3.627807311790229197e-04,1.646215526083449508e-03,1.286817452438656501e-02,1.267780137621784577e-02,9.426419475200609882e-03,2.983409889027859377e-03,2.415457899811926032e-02,5.978708657694681815e-03,7.183577884787693650e-03,4.735594792425077901e-03,1.255996432899128025e-02,3.050274883303181854e-03,9.861302486817909510e-03,2.381491317890930409e-02,2.442528642863521504e-02,9.589423442900793862e-03,2.640578040926244794e-03,9.029273471431065179e-03,2.320434657814796249e-03,4.512579562452758266e-04,3.433004959973050187e-03,1.439700878558849116e-02,7.718176706234825164e-03,2.109140400950700739e-02,3.378167357534106116e-03,1.806337651864302687e-02,4.636162229791527048e-03,4.265784150501501087e-02,5.218324981198611823e-02,1.714010552344255936e-02,5.013027619328635359e-02,6.298417938838133702e-03,2.979393802862600939e-03,7.147803658725539709e-03,6.636650649649474855e-03,6.281632385178188491e-03,6.035922711188779080e-04
1.170568078748808298e-02,1.956774692965770543e-02,2.993606497080109757e-02,1.434744647607885844e-02,3.810697267508331848e-02,3.404426763286407670e-02,1.923007853726186461e-02,2.098444883798043781e-02,1.981468539062733458e-02,3.754573524651720617e-02,3.067958777233129042e-02,2.536350657670044181e-02,1.840712076529039606e-02,2.138882162637847570e-02,3.989824692946488532e-02,3.803185251760164698e-02,1.220969047936771995e-01,0.000000000000000000e+00,2.585154478344237061e-01,4.582746042624225025e-02,7.537967018743223224e-02,4.408411245965254688e-02,2.193462353636390499e-02,1.143003397199485703e-02,1.693752917340970998e-02,1.627503569980171677e-02,3.365485234948546820e-03,2.985241972485103146e-02,3.678725649546447755e-03,1.963947271485488519e-02,2.004798793403556739e-03,5.457168503708336414e-03,1.369240875910652903e-02,5.804647610540530044e-03,4.689526149068349963e-03,8.369463020501882039e-03,3.766426618092428170e-03,6.130317164305343347e-03,5.717854470356955286e-03,7.255895936905781309e-03,1.026721138297347242e-02,4.032467211466005813e-03,1.445309236244195911e-02,6.687018290391974658e-03,8.875082743839754831e-03,4.421443595237434590e-03,2.311835924593569000e-02,1.171843052600383440e-02,1.207953792929711972e-02,7.861339572977799062e-03,4.244186319545599669e-03,7.581563046922585973e-03,2.197004701377799820e-03,4.469781705669092532e-03,5.529978360676772800e-03,1.033012905418096566e-02,1.209675679667415911e-02,1.440712075910546841e-02,8.881240452155408915e-03,2.809592956071274572e-02,1.688959311915239070e-02,3.939734611243855128e-02,3.045582419603673832e-02,1.617549189758505854e-02,3.289957155857414772e-02,3.361329824941310714e-03,1.355628387737984296e-03,4.132215788457482310e-03,4.502544123743636682e-03,3.739393123304538599e-03,4.344036097828020762e-03
8.810455526829019668e-03,1.432747421631601521e-02,1.860484699688715396e-02,1.098988797848466335e-02,2.432015025904033997e-02,1.759219556896602157e-02,2.250352951338534593e-02,3.170258490605520202e-02,8.512353907282332877e-03,2.428010468620428464e-02,2.035827401920677765e-02,1.802790616567430393e-02,1.678851955080862268e-02,1.516234051795379081e-02,2.506889274741297760e-02,4.291218964326980190e-02,4.036675637274628192e-02,2.585154478344237061e-01,0.000000000000000000e+00,1.292846588230986693e-01,9.453124499988865836e-02,4.641818094914046400e-02,2.938800433487923081e-02,9.803507742016350640e-03,1.008356330766409410e-02,1.075953988734969571e-02,6.346106453125489183e-03,2.033289768076155385e-02,1.849240395809917219e-03,6.639314922631339710e-03,1.468598347011719485e-02,1.320725005316531527e-03,2.175024344348244071e-02,9.652236654847504149e-03,9.042907281476822087e-04,5.403706155749181221e-03,9.725701945533571369e-03,8.015035456946971795e-03,2.096780675876379948e-03,4.021980793336070968e-03,1.138007545251909503e-02,1.730890204758706854e-03,7.092066960026613062e-03,4.260189969886955634e-03,7.322677651564335130e-03,5.811467802260710837e-03,1.466374238223782343e-02,5.128387664465311642e-03,8.072165629402603890e-03,6.789854644682035735e-03,4.647062492869024654e-03,4.300105102967945181e-03,4.471842794075936260e-03,7.264005948274055227e-03,3.121808684647517720e-03,1.686094432517877550e-02,7.087534878368538863e-03,1.546782887823424865e-02,5.634312907644976366e-03,2.567867255347703118e-02,2.704508064913463752e-02,2.041630813949132928e-02,2.995137559666022700e-02,1.183904803474900014e-02,2.714711833693594922e-02,5.360479942603966694e-03,8.180500606405308184e-03,3.728800715525887668e-03,1.251309788228537404e-02,8.108259611205264825e-03,6.832611767034395354e-04
1.397394344393729747e-02,8.395296462800384829e-03,3.170758243464797538e-02,3.614343189378663168e-02,4.269239384230033574e-02,4.710040770977487468e-02,6.120038394026643125e-02,5.823842380863829271e-02,3.828179854252862502e-02,5.337728473871306695e-02,3.224633287767229156e-02,5.579722439833269265e-03,2.593436105408181841e-02,3.238319301124957528e-02,2.076415501423645171e-02,1.065262585135793097e-02,7.176455415471559574e-02,4.582746042624225025e-02,1.292846588230986693e-01,0.000000000000000000e+00,1.303047710059093423e-01,1.477015068874201198e-01,5.371122068621189682e-02,8.343970184368046383e-02,5.121976190132696005e-02,2.031162041288582867e-02,1.384858094031068618e-02,5.507884008018092137e-02,3.138154266197544506e-02,3.078435429218246214e-02,2.236455982795839976e-03,7.203551876501450291e-03,4.678053130980472374e-02,2.505416001080338489e-02,3.109627575946611808e-02,2.440291227601712812e-02,6.360078658459195067e-02,1.769402832926813759e-02,1.541345820357075194e-02,3.243172744517364842e-02,6.046590866629156236e-02,1.308059187624120365e-02,2.584630664988164447e-02,7.451241863241631330e-04,3.543345231739068735e-03,1.078798558260921255e-02,5.032796097295949046e-03,6.579606427857175900e-03,1.315161530572998318e-02,1.542430394658539589e-03,4.221226695769643086e-03,3.693756281403718766e-03,7.363762628673682815e-03,8.506056658931830661e-03,2.596613809121142355e-02,4.491205542800255981e-03,7.654416014640749374e-03,2.687622398005327234e-02,9.687012296792925359e-03,1.081634226879047735e-02,3.604297364730250919e-02,7.231043939480540084e-02,6.640806056101868082e-02,6.813399803194086779e-02,7.642893318569843331e-02,9.427283487255756420e-03,5.326643457469235066e-03,8.568390066895237994e-03,1.211657475051944495e-02,1.618916508607953688e-03,5.403213347201336718e-03
1.167521957009804920e-02,3.123851862375818383e-02,2.513945941881698051e-02,5.500532515012543713e-03,2.058662226415259797e-02,1.134638511964002061e-02,8.731575006755722818e-03,1.454145645344270821e-02,4.936559066846458142e-03,1.112415450232427487e-02,1.223794717872823089e-02,2.083654838310549772e-03,4.926833881797243117e-03,4.336954549505719209e-03,7.518459901896604181e-03,2.877840347363187258e-03,3.603610203621786245e-02,7.537967018743223224e-02,9.453124499988865836e-02,1.303047710059093423e-01,0.000000000000000000e+00,1.071783481726100024e-01,1.753652693676699126e-01,1.535242807634504270e-01,3.221198153570883210e-02,1.429257558668250647e-02,5.940019296120251091e-03,2.930385099667275756e-02,4.047069441352208613e-02,2.844152404074620777e-02,1.390623542054933090e-02,1.259210917060344000e-02,2.764718166049226489e-02,4.775253957571056612e-02,9.105251630727152767e-03,2.536979660162854908e-02,2.858482485783383695e-02,3.656849303811317980e-02,3.596200210270055625e-03,1.723092453464722049e-02,6.954665397166097385e-02,2.661506034454330129e-03,1.417575820303672643e-02,5.275772751657100031e-03,1.583282182685366232e-02,9.255357879116219572e-03,1.381744864554013651e-02,1.429519797292402861e-02,6.488630079698232828e-03,3.282824633142088222e-02,6.914283178735871824e-03,1.068029759806276430e-02,4.644503439313702083e-03,5.465527373094828008e-03,1.499987620249275747e-02,8.654745948246051271e-03,1.372407866619873573e-02,2.488575988117995921e-02,1.696331347447477961e-02,5.288070087338878761e-02,4.334418212809912352e-02,6.882285206054576665e-02,9.781007649073437948e-02,6.579583355721152493e-02,7.697239146656197073e-02,1.967206847222601959e-02,1.931646845421825399e-03,1.920107369212758000e-02,3.003062406534136308e-02,4.353969405629955040e-03,2.406410660472020277e-02
1.957657837513820942e-02,5.986489017978518200e-03,1.889954153230722841e-02,2.115392626035249996e-02,1.679457403314950359e-02,2.912250872416331099e-02,2.493810241789389676e-02,2.710402860391096860e-02,5.549689580255294519e-02,4.548645459650266926e-02,5.365208324408216045e-02,5.355064560298323020e-03,3.040335801249565307e-03,8.100600649970543868e-03,8.390711726914034524e-03,6.061412588427137274e-03,8.547838421035763856e-03,4.408411245965254688e-02,4.641818094914046400e-02,1.477015068874201198e-01,1.071783481726100024e-01,0.000000000000000000e+00,2.593204128648521900e-01,3.367000446684579873e-01,6.679463846712603570e-02,3.822210961838878873e-02,2.620915518038779632e-02,1.121374784737425440e-01,8.309750327146654680e-02,6.389284184034528524e-02,1.625731982386294239e-02,1.933823648580226817e-02,4.466600336080171763e-02,4.663672412828815533e-02,1.417947875616322982e-02,1.195280001203584408e-02,7.603553292827282262e-02,3.007643511899048619e-02,5.593309395240993881e-02,3.914443126247049015e-02,4.551758434075202364e-02,3.400998337056137383e-02,6.066308810442615218e-03,5.893143135141559394e-03,5.033490885186979111e-03,7.762291755389688457e-03,1.688002480478895118e-02,1.743574401363874246e-02,8.328008669198749825e-03,1.083010080857594627e-02,1.241952912549167294e-02,4.055714723116794936e-03,2.136526877564026358e-02,1.204259995272093965e-02,5.033920529782601183e-02,1.050549376272582290e-02,2.235239356781192413e-02,3.691692440192496927e-02,1.705945217382813517e-02,8.658525572465432946e-03,2.946218048181015528e-02,5.778287000000626589e-02,6.607677795745474369e-02,1.430244302450459914e-01,1.548516055125567503e-01,1.049063203233321917e-02,6.410025639525310237e-02,3.013304869040613065e-02,1.725230692640030566e-02,5.421304328393680705e-02,8.852083808578128238e-03
