0.000000000000000000e+00,1.938694808355638510e-01,1.183773766141821282e-01,1.252764952260467801e-01,6.224897519845117716e-02,1.012703257842340748e-01,4.357383402225408625e-02,7.887546638521464315e-02,2.043665917915851032e-02,4.318673624594946553e-02,1.101622493054044416e-01,3.900288566980399801e-02,1.988334473080930614e-02,4.131789204852059222e-02,2.072104461266944739e-02,6.265092465374014208e-02,6.734503386366820499e-02,4.809934372249577428e-02,3.172194698008011515e-02,8.049070342034793379e-02,5.644941283811667071e-02,5.422599089640265518e-02,6.432208748617812555e-02,1.103939806202479910e-02,1.902326323251163007e-02,8.818527747072382739e-03,2.304335291966222096e-02,4.824496079634875249e-03,1.555163281284965837e-02,4.624245369054164750e-02,1.078584231093860334e-02,5.747439575506743670e-02,3.034329902838269269e-02,2.455897245871990070e-02,6.158121128856070686e-02,3.668552761868380113e-02,2.602005095840932009e-02,1.652017917300610886e-02,1.206302019033459426e-02,8.602991108698132897e-03,8.511125138296405171e-03,3.259080618355886944e-02,2.785708079363082013e-02,5.586024327271246065e-02,7.716736199291211740e-02,1.089660666160060659e-01,1.292774017614046755e-01,2.779642887419406586e-02,4.063514466011891590e-02,9.990911551511658106e-02,5.908117359391047707e-02,3.036130796576615859e-02,2.924126229186484530e-02,5.665138832492717241e-02,7.767199427702635439e-02,3.463805337103424697e-02,2.492735152134123097e-02,8.937906521594968234e-02,7.249716709754049082e-02,6.730536502678551025e-02,9.919793567766711784e-02,1.216074513421331604e-01,1.349413215326306648e-01,4.211979751545023160e-02,5.787417853226138609e-02,2.739297195264035756e-02,1.173198270566199949e-02,3.099306601727084068e-02,1.864945975500499620e-02,3.629181781735836641e-03,6.581671365109979452e-03,2.509715953745819770e-03,3.619335460618247971e-03,8.542675181202994891e-03,9.916196998652477071e-03,3.242250547067518363e-03,3.178625316645019693e-03,6.879441251909384873e-03,1.392153273347408564e-02,1.174821439105255827e-02,1.048913571564510754e-02,3.440770753427293323e-03,2.410104255720796687e-02,3.960082334119922019e-03,1.624233209154482896e-02,4.815248961663583238e-02,3.870798837606626713e-02,6.522478568986435354e-02,3.000112408774720588e-02,4.223720216869632921e-02,8.417700415302729888e-02,7.192714317904967680e-02,1.126324426435315190e-01,9.585061293466738686e-02,1.230637293146250033e-01,6.169016518123981302e-02,8.843760349022954104e-02,1.038693444340994948e-01,8.171040833398589276e-02,7.042780129488633578e-02,3.734698837012426914e-02,8.088146953168246639e-03,6.088967080240661155e-03,1.008214327885015998e-02,1.379495904034122589e-02,2.412914441547526351e-02,2.622759064821194794e-02,3.962395365362325964e-03,1.067216565385220063e-02,1.546814923262552870e-02,2.510056029803911862e-02,2.381129539682193957e-03,9.878637577805163533e-04,1.297443412198426814e-02,7.818767410945011431e-03,1.136509191745721341e-02,2.407305840277498485e-02,1.089868506911162091e-02,7.877131234219525435e-02,1.215172365455626305e-02,9.743223220398314691e-03,4.811056215941046654e-02,6.476412067288891961e-02,6.060089078560714632e-02,2.331112984259016141e-01,5.700340993980466953e-02,8.264265261537867557e-02,2.024368591684184704e-01,1.328597156546731106e-01,9.000208552199752410e-02,1.484461070339778421e-01,6.037659885959366368e-02,3.916993224780569022e-02,8.890359843789098770e-02,2.503052277358725625e-02,6.512478456193417087e-02,2.547705398076240829e-02,6.148482238685218544e-03,2.635890257213481525e-02
1.938694808355638510e-01,0.000000000000000000e+00,3.243963097127845474e-01,1.806828869332317566e-01,1.223945045970548512e-01,7.695603239331033629e-02,9.187584939949246243e-02,1.189950604131845280e-01,6.204410470291983615e-02,1.147260952132385103e-01,1.197922240635554136e-01,1.158575596364090771e-01,6.751496973172464722e-02,5.522288577140063714e-02,1.157649351401822263e-01,6.893464088980594262e-02,1.741650191369098488e-01,7.082490313247150060e-02,7.870571704160730930e-02,6.252785130656909884e-02,1.928503317289135544e-01,4.703368485980276292e-02,1.242679556383927408e-01,1.370044326417726444e-01,4.900427138445218739e-02,1.182163965896307865e-02,9.604340064242875615e-04,4.648539244378505422e-03,1.277725687312464622e-02,1.629682365957206211e-02,7.403555268994820374e-03,6.014019789283621756e-03,2.444262557979622053e-02,2.916573987094315049e-02,1.222207841919236912e-02,3.727549674223116366e-02,1.799296175501420569e-02,2.917143151136424722e-02,6.390305523783808631e-03,1.743757753872401256e-02,5.966106470897606165e-03,3.239711352361673152e-02,2.373741715244078940e-02,1.671407988073285791e-02,4.001495199058278940e-02,9.948619943904414564e-02,6.401636237208541136e-02,2.941279552947160744e-02,7.606911494153277553e-02,5.491594435881681779e-02,3.046537816153146658e-02,4.061003602655140904e-02,6.836575871190019027e-02,1.573928997545862851e-01,5.856684768075210573e-02,1.399573335067685609e-01,5.291876870442569630e-02,7.344003289481371155e-02,5.999789559259614130e-02,1.727652487376697132e-01,1.325577909514364106e-01,8.249516424517570889e-02,6.467804824484225945e-02,7.580372317617496691e-02,2.058019714288500390e-02,1.158600823096019201e-02,3.831481565962836094e-02,1.817536714774911979e-02,4.015102991730445936e-02,3.349797201738714120e-02,1.130581189898400077e-02,3.494340742315327208e-02,3.251383426397697150e-03,3.287084473878621252e-03,7.887285420381362488e-03,5.028125682288022563e-03,4.141635981348985862e-03,5.164397287464174424e-02,1.099767806120205069e-02,3.344628731551634038e-02,1.252290150150252822e-02,3.378825336406812707e-02,4.201785596803613888e-03,3.837432789694466065e-03,1.636092223908221580e-02,5.876097796941347207e-02,9.876555429452420209e-02,5.590146836105289174e-02,7.280161900435493105e-02,1.582656763347487228e-01,1.136936171455615319e-01,1.714872617952824807e-01,4.848806746360474762e-02,6.518024011329648371e-02,1.256036251356837385e-01,6.009555844665457475e-02,6.323531925022810030e-02,4.140801395978228189e-02,3.547075757249346095e-02,2.382207905770563489e-02,2.449627744125119563e-02,1.241313883645472904e-02,2.210808153323614092e-02,1.171757138647174304e-02,4.339361364527920262e-02,5.227375576244205208e-02,4.705568501242524820e-02,1.805251469050216107e-02,5.305483137925993964e-02,1.357894544954544452e-02,1.098735186498445669e-02,1.390860224231890187e-02,7.323884740263322118e-03,2.215094421891823651e-02,6.058787629651485318e-02,2.403595393463886509e-02,1.544524648650083890e-02,1.235046687229846007e-01,5.437628546348445557e-02,6.738648639519465022e-02,4.788698207924504957e-02,4.350869778197894583e-02,1.332837670895796189e-01,9.764393614548150246e-02,1.930863412559984671e-01,8.876840131880003870e-02,2.400712085343070790e-01,1.695985687952060450e-01,1.739766883333669634e-01,1.918598180490181937e-01,1.201077035296633511e-01,6.726503228848561278e-02,6.335103515527912288e-02,4.773588903267714234e-02,5.712635943806204653e-02,4.942070423103567256e-02,1.497214251820233426e-02,6.568819082414527333e-02,1.748949421769959225e-02
1.183773766141821282e-01,3.243963097127845474e-01,0.000000000000000000e+00,1.947602315358069880e-01,2.551782168674817664e-01,3.174982466940182158e-01,1.648607041447607835e-01,8.225765206374140159e-02,4.122034418799200989e-02,1.141525050954540904e-01,2.913261599851834846e-02,6.149362980272971707e-02,1.291470454574313032e-01,1.891686432040807497e-01,1.430544254009897820e-01,1.421539959986798385e-01,3.709579697465631432e-01,1.439111881423754680e-01,1.546153257814215920e-01,1.861078289098341554e-01,2.212162467349192141e-01,6.960585839216584803e-02,1.627352077395829433e-01,6.920218299049582522e-02,1.405568966429860712e-02,1.172534833520091392e-02,1.090348473366269978e-02,3.407648803415122551e-02,7.943796788835690015e-02,7.549875916774277662e-02,2.922152810833606243e-02,2.505546532020155176e-02,8.080735894792799578e-02,8.211524495013057881e-03,4.494356386579038964e-02,7.407663128749433779e-02,7.607209856778114621e-02,4.765243106508861709e-02,1.627309858937231457e-02,4.578325247132624537e-02,4.436660982774554701e-02,1.897043232706584204e-02,9.757566012081909934e-02,1.518752061430085794e-02,3.553421823476973079e-02,7.493685420124909791e-02,8.877931420848042543e-02,5.456117528527679866e-02,1.048989741901810158e-01,1.407723050255223901e-02,7.708058880525872625e-02,3.571061617646689029e-02,2.385693082662002432e-02,1.373900991967205443e-01,1.039502531101942490e-01,1.009629680176574867e-01,6.939901152551945784e-02,8.776132415804481501e-02,5.831641325082385918e-02,1.059059702711301204e-01,9.175459853609525818e-02,7.941043665043362454e-02,6.206724406083391488e-02,5.466966199480784161e-02,1.600125598661901807e-02,4.113228905464072493e-02,1.405339776962101668e-02,1.698472961442715548e-02,2.945051332247832290e-02,1.871192631642589269e-02,5.076295077045895471e-02,2.224910112643803742e-02,1.194958473149611809e-02,7.643266912217738969e-03,1.602750086765141954e-02,2.080785274279745543e-03,8.322491672538141066e-03,2.057067998029785821e-02,3.858383754132645605e-03,1.086952498541373519e-02,6.136418118211750539e-03,1.193240497566174126e-02,3.636693733816413060e-02,6.982447921010286399e-03,9.745441074196262501e-03,8.851865498860413128e-02,6.881099790457975707e-02,4.526565911263911307e-02,1.436455434402268971e-01,1.075833224307585351e-01,1.031571367366656833e-01,7.831280322946532202e-02,5.106435472433105971e-02,5.006605297068320720e-02,5.373176151890059898e-02,3.197422130083574232e-02,1.590664596130504649e-02,3.134129477773060085e-02,3.827702111095032580e-03,4.640025678647152069e-02,2.213093686044884448e-02,1.043569544397975925e-02,1.549506332505057662e-02,4.944860103978606682e-03,7.668896050952924738e-03,4.036961247746337703e-03,1.134540571088001916e-02,3.258224034893369980e-02,1.225721674315742278e-03,4.231212183016810208e-02,3.185681945691414690e-02,6.178172485545174036e-02,2.426686081752240515e-02,5.693137610870774301e-02,5.998356944332454421e-02,6.666577691942154882e-02,1.492112105791399551e-02,8.616774332752583088e-02,2.868996877999013470e-02,6.732744645282457384e-03,1.320939146255749874e-01,1.543805528695375018e-01,1.346609875423484537e-01,1.805592290595171151e-02,1.083428256785393812e-01,1.018543686171719809e-01,7.638549104364895925e-02,1.396659878831111590e-01,1.076756942992660587e-01,1.083991143854324685e-01,1.681625366288168888e-01,6.660038541418819569e-02,7.419207239507792651e-02,3.582272335605218155e-02,3.518844280344333303e-02,2.099521376139509496e-02,3.572393466533107381e-02,5.158492588042204105e-03,1.096221470113903015e-02
1.252764952260467801e-01,1.806828869332317566e-01,1.947602315358069880e-01,0.000000000000000000e+00,2.363583778994588491e-01,1.537115701475084972e-01,6.699262860648906581e-02,1.971221769834778370e-01,9.144079795740471528e-02,1.218396279684995642e-01,1.407616673243630434e-01,1.272834448182451894e-01,7.205283522606932556e-02,6.034608551311642505e-02,8.561306129921894548e-02,1.117001259012751213e-01,2.541638941209162783e-01,1.801688557721417283e-01,7.755683449860723000e-02,1.031245626782010261e-01,1.386546903457764601e-01,5.899599881611954783e-02,9.976453318699242401e-02,1.080835137039188321e-01,7.386147060969570910e-02,4.602586019048959809e-02,5.598456739803187379e-03,3.237355714132791017e-03,2.958767882693639356e-02,1.237550491116560548e-02,6.639658003935583301e-03,2.399812098414117953e-02,2.915215914450984894e-02,8.613208647154145178e-03,2.693481874623311970e-02,4.675352490442187536e-02,1.634216092991532324e-02,3.187095972864917998e-02,3.300497631036326818e-02,1.577985772581677257e-02,9.171997648890060917e-03,3.199076447595522454e-02,2.695034544039628943e-02,6.956982240290124353e-02,5.650046490041533281e-02,5.927179115122279546e-02,7.278816350654826461e-02,1.257407911934878622e-02,3.983101395605809225e-02,8.665531410925413069e-02,8.496933128653069711e-02,5.484206492700567648e-02,3.542281518426757675e-02,8.588032994912392359e-02,8.704655625428477095e-02,9.984176031617858493e-02,5.877827035305158154e-02,1.645283504709992850e-01,1.320148392811980598e-01,1.909394288148408281e-01,2.258563223711117784e-01,2.368596161612791517e-01,1.646173563391561678e-01,4.706959355262654160e-02,3.777804482592560936e-02,3.361017798484215724e-02,1.591047840480831407e-02,1.707360232386689880e-02,3.555189689547275100e-02,2.884807613702537743e-02,1.180638293423538591e-02,8.871834465385822210e-03,6.558898398319429161e-04,4.797170460955722283e-03,8.768779212945793794e-03,2.076718692610890482e-02,2.107588858681792854e-02,3.310467684438293118e-02,3.439007771953264680e-02,1.318023967531978084e-02,3.678025082552102004e-03,1.972737284793735571e-02,2.035287465057112125e-02,1.135169760167761659e-02,9.990849820566159722e-03,7.933837285139676287e-02,6.320225815342586650e-02,1.009362012031272404e-01,9.058410784424412998e-02,1.072091193739282272e-01,2.155100340833100148e-01,1.383274908667400660e-01,7.460014848980649205e-02,6.580205938723195092e-02,1.820352135892588652e-01,3.311785417851132590e-02,6.704275900193570892e-02,9.675934397678113974e-02,3.098380818263701819e-02,4.861465835686464010e-02,4.678174889310968837e-02,3.036598683673996050e-03,4.307562278051440402e-02,1.367782196823925239e-02,2.710328932263195156e-02,4.444898500971268540e-02,2.875514371330322241e-02,1.838961925951867679e-02,2.263559494572285613e-02,3.480921515594657956e-02,3.197769884758997622e-02,1.891037438428362985e-02,7.728440977793750097e-03,1.720881224236247078e-02,4.083543800309716310e-02,2.253422468638839604e-02,1.457126053003902043e-02,8.910097950943353384e-02,5.467732245267064445e-02,5.903779111801749080e-02,5.264132004745707832e-02,6.779403640482570270e-02,1.367602822590383571e-01,9.922778568206008787e-02,2.811082070343401407e-01,6.938036641180113373e-02,1.851376678771035622e-01,2.133883605970789410e-01,2.564032667269995902e-01,1.639377350380372966e-01,2.050075896322450519e-01,6.955775637338443285e-02,7.320157790547619781e-02,7.413387410643890174e-02,4.503739310253517675e-02,4.052420642550635943e-02,2.048561905278547049e-02,2.745977704789928989e-02,7.265796762776050369e-03
6.224897519845117716e-02,1.223945045970548512e-01,2.551782168674817664e-01,2.363583778994588491e-01,0.000000000000000000e+00,2.795015563684747351e-01,2.069654673385463717e-01,5.644854179205695266e-02,1.979121424073892674e-02,6.293255662100488701e-02,1.003686169986037768e-01,1.131689868990390507e-01,7.378896590995795424e-02,1.650788588274050006e-01,8.916514444826481589e-02,1.376138651828893722e-01,1.968854276632779066e-01,7.647056457020118270e-02,1.724601794198218074e-01,1.205155240797572275e-02,1.048665493452232977e-01,5.191413785069780990e-02,6.804541642390923850e-02,4.273522663496670537e-02,1.005944878943400116e-02,1.281823939213631858e-02,1.024150099291043503e-02,1.525477661274821616e-02,1.674800326451664212e-02,1.945318422163791819e-02,1.812131372776720067e-02,4.134463280201516183e-02,3.226586105693439455e-02,6.994796868264920031e-02,2.057299342840805678e-02,5.166903012544534456e-03,2.320452969506093047e-02,1.038500483533678215e-02,3.053546610011703341e-02,2.569913928039632353e-02,1.381944313680927815e-02,2.536932048566769432e-02,6.676409743450235912e-02,2.537903445744340430e-02,5.088392391227017364e-02,1.518538937971664060e-01,9.891496698534900378e-02,6.728938284231053557e-02,1.886175672347223942e-01,8.018091721057026000e-02,4.997777887159679522e-02,1.304649589146413824e-01,8.159012353916327009e-02,2.008136152058138668e-01,7.557898042439584185e-02,1.684783720353040803e-01,9.510640180020689394e-02,7.769953042134654375e-02,4.482098048597600581e-02,1.066301289409846975e-01,6.255541889526530785e-02,2.551219264827783370e-02,3.078156134706038285e-02,1.191373757904791303e-01,6.147160982123105188e-02,7.037198158544420712e-02,4.610713527553327723e-02,1.887199611878103561e-02,1.362995930612298338e-02,4.119908415293807580e-02,5.806800554136207389e-03,2.355502877986007798e-02,6.514290453999452453e-03,6.295403260239336787e-03,2.063705801026923491e-03,3.439912259014111205e-03,3.237611030924994384e-03,3.905447576358692108e-02,4.596676386736062506e-03,4.738749455594776228e-02,6.000785039960286615e-02,3.380068615321341757e-02,5.978330640934529858e-03,4.822786879709222048e-03,7.856656967093738481e-03,4.870228613286942121e-02,7.659662634936381664e-02,6.441874254083290730e-02,7.151897733451043071e-02,1.337823297207789142e-01,7.954013771322099302e-02,4.868827238775642885e-02,8.452562947906018531e-02,1.410868764399612341e-01,5.447346658259183405e-02,6.814408054765480616e-02,8.465461646006684771e-02,1.438064531847406922e-02,2.027528311488555751e-02,2.175965061167066394e-02,8.940953561861406107e-03,1.586584442281014588e-03,5.372318495391832649e-03,6.808309507058562041e-03,1.594229675444006067e-02,1.552859625331733454e-02,1.037594625023278289e-02,2.586217435676141894e-03,1.896149569703015417e-02,1.962148865453990088e-02,3.396887603838086994e-02,3.938858669785171712e-02,1.516242821963937476e-02,6.631545217650991475e-02,1.848155786696535630e-01,1.389189686284018621e-01,1.104666159665239761e-01,2.125284861695179162e-01,9.220655366289405575e-02,3.818610980035954533e-02,1.200025607495952412e-01,1.498828270434273205e-02,1.020940195927251548e-01,4.247622221568912032e-02,9.162583136538475503e-02,1.244508460809988087e-01,6.650265517276365834e-02,9.623035281975388100e-02,8.143871567781192644e-02,1.785365038296326534e-01,9.758788413954749830e-02,1.338360102277759978e-01,1.967344567818764822e-01,8.202414894120509115e-02,6.731403458005535967e-02,5.248264458842013397e-02,1.305933547875771754e-02,5.747717358707040564e-02,3.612024932375730579e-02
1.012703257842340748e-01,7.695603239331033629e-02,3.174982466940182158e-01,1.537115701475084972e-01,2.795015563684747351e-01,0.000000000000000000e+00,1.017249131410564028e-01,1.556625975796260830e-01,4.395088388517211925e-02,1.516799638765982394e-01,7.100586462691148293e-02,7.317162235152825656e-02,1.483675344468549373e-01,1.708597834056124198e-01,1.223324077269464377e-01,8.717461156785900889e-02,2.811894505926663679e-01,8.046271419527549484e-02,7.605084290051944418e-02,9.867830017954887234e-02,2.299870610766771017e-01,7.728140240390764248e-02,1.496115262440540494e-01,5.428706186033158132e-02,2.272623848369961438e-02,3.844878051306194894e-03,2.214206540210842539e-02,1.520872065371644405e-02,4.367804296758233396e-02,3.249744942664264946e-02,3.438183143473127080e-03,8.966123993581065835e-03,3.681432716794851706e-02,1.030673751080581936e-02,1.429668479467905914e-02,2.192506339114150618e-02,5.729900397091089448e-02,2.072828744863202191e-02,3.585676128270435820e-03,1.516665137524707274e-02,3.655769027993947817e-02,1.117839787599402002e-02,1.095683802440094723e-01,1.541517311863137285e-02,5.494589837222450812e-02,6.290663230000724526e-02,6.769564925087150076e-02,7.789761102262852954e-02,9.650855857608986454e-02,2.933095056420598548e-02,7.529486060900336675e-02,4.669581527279342142e-02,2.542537716342498436e-02,1.418959087630633775e-01,9.786268037700189548e-02,1.296758487894973666e-01,7.700752601147874132e-02,1.221974728531406706e-01,6.109565358277731228e-02,1.372333658081393848e-01,1.433383152076837252e-01,5.434486970877167034e-02,9.581511739543406569e-02,6.614312442521549928e-02,8.438967706912631206e-03,5.298612924510021777e-02,1.768334569063561429e-02,9.069061904070413807e-03,1.802116550701662184e-02,4.312542948040689467e-02,5.590553221415542340e-02,2.021797714152455752e-02,1.997213029205517978e-02,4.444841142290549725e-03,1.169828561876001295e-02,2.519413213320837851e-03,1.121828842361694174e-02,1.301857940534188740e-02,1.119761780125577569e-03,8.986418176233555016e-03,2.013051442127936335e-03,4.383390700439867595e-03,3.886771662902711172e-02,1.389977681032844060e-02,1.606844135319118044e-02,1.085078609768433816e-01,1.524884546828024767e-01,6.145585352204725044e-02,1.414608563069710834e-01,1.511167243807118032e-01,1.141952962476321803e-01,1.019505692824775739e-01,7.339097854935044962e-02,5.323532425067524498e-02,8.695403566825539443e-02,2.892340175927714252e-02,2.348334371002579191e-02,4.844220466320815766e-02,1.160878750792851237e-02,3.855939902415127934e-02,2.137946680333424262e-02,1.468868071692960679e-02,2.068198156759567044e-02,4.557653902346716496e-03,6.484225505801090826e-03,1.848309546912344989e-02,2.533040723429989469e-02,2.822609784730446478e-02,2.636594443681665109e-03,2.581859978124508015e-02,4.216339983639683098e-02,4.404709732636739178e-02,1.387937932442785682e-02,2.324990096418932256e-02,8.079154678042342608e-02,6.179275119326129578e-02,1.447766862626711712e-02,9.194712744199531884e-02,4.489919854933158844e-02,1.408961454373054874e-02,1.001123775767175234e-01,1.152219203437266914e-01,1.183356516367534833e-01,3.269076348427678302e-02,1.108387021948206153e-01,1.110899595998615652e-01,8.257556738214560932e-02,1.743206524530714896e-01,7.576656841043166724e-02,1.460620657330277405e-01,2.335694616384407785e-01,8.408660177100164834e-02,4.452486877640104285e-02,3.059459246010610631e-02,4.869818060851308084e-02,1.978506652428818624e-02,2.876516745641005332e-02,9.704314905578206515e-03,1.155391311130802255e-02
4.357383402225408625e-02,9.187584939949246243e-02,1.648607041447607835e-01,6.699262860648906581e-02,2.069654673385463717e-01,1.017249131410564028e-01,0.000000000000000000e+00,5.027465844998894179e-02,6.993272499984842794e-02,3.004316764921724156e-02,8.775133298492961142e-02,5.087806502874066272e-02,4.878389530855059553e-02,6.171278809670185939e-02,1.065505912244056053e-01,2.641598775890369871e-02,1.625127352989865492e-01,4.255792247505441744e-02,2.741086008803321830e-02,5.543395658681853078e-02,3.493988407897845316e-02,3.406055883272126467e-02,1.648239719708101750e-02,2.213389608771230543e-03,6.960497289190632764e-03,2.105039566085961308e-02,3.228505847170588805e-02,1.027768530886136525e-02,2.621303596244430392e-02,3.433853346717937599e-02,5.908993641628182414e-03,3.596253954175211709e-03,1.461806429491462750e-02,5.225375775613368655e-03,1.521798728283789773e-02,2.497749995457500261e-02,8.026015983413464436e-03,1.878981588326406743e-02,1.102499905226234610e-02,6.024900355211566458e-03,1.070315170157932691e-02,1.090135137962520637e-02,2.515177110224704402e-02,5.240489111951526259e-03,7.330459649020129587e-02,5.800623801821513936e-02,1.711597423158143366e-02,1.136098470744815875e-01,5.820257019076217203e-02,3.745889314525818053e-02,9.689480359267008125e-02,4.095032431276644097e-02,3.330050903735783802e-02,8.790703714945038993e-02,9.065712279302545751e-02,5.528591558092942060e-02,4.918273675176867282e-02,8.224176421948110882e-02,1.058873129473547892e-01,3.877034212091533955e-02,1.105895805161517947e-01,1.390676885747242075e-01,8.649899602263737275e-02,7.333481571158563528e-02,3.592923000488904006e-02,1.446568387805739764e-02,5.255586651851553576e-02,1.355616022898695379e-02,3.734823861532222955e-02,3.396111797128347973e-03,2.090913576671857288e-02,4.992512050232189233e-03,6.912286482740591549e-03,1.122931458462007870e-02,7.685960229171591787e-03,3.145632869161437469e-03,3.242127412677069630e-03,6.637886738073847659e-03,1.704532743626679947e-02,1.859480685598984342e-02,1.430065838560856499e-02,5.178426826944466758e-03,1.903337157379413058e-02,1.449394815171421887e-02,2.193012420971146917e-02,7.236446934286160093e-02,5.014292177975103459e-02,8.935492639262200554e-02,4.474329604374054775e-02,9.869705346382172395e-02,7.297461366366567170e-02,3.187035413550803886e-02,7.790496196768686987e-02,3.106138817312502354e-02,3.282645931714464616e-02,7.509056019448344388e-02,1.388080372403400001e-02,2.859412661819129772e-02,2.189014111155407685e-02,3.723258237333317011e-02,1.570941021930110856e-02,5.720589389911498804e-03,2.918116893657207375e-03,1.726010124567671847e-02,9.755546822885843156e-03,2.904625629148734414e-02,1.927292412736450813e-02,8.414024762905220750e-03,8.316726417352832829e-03,6.486416265287655615e-03,1.729469286014937920e-02,2.074191327701600113e-02,9.875376626649489190e-03,2.185636866023544025e-02,3.830485999563031096e-02,1.777545093028862558e-03,3.197392334276400599e-02,7.374126934405313138e-02,5.645183952717828905e-03,1.431294191293446677e-02,3.464098422531171600e-03,2.269046424339307005e-02,5.044893392853578608e-03,3.636763641468893776e-02,8.917700191624067241e-02,1.095656235467543232e-01,6.447340760593994746e-02,1.145340158046826984e-01,6.235832409197248488e-02,4.574024131287304090e-02,1.089572331337013006e-01,9.437742841373233937e-02,1.005059044644296684e-01,1.990991186023730389e-02,5.819067701502215334e-02,3.617147860523897002e-02,1.218297207752875796e-02,6.110397322921081592e-02,1.862074401723676567e-02
7.887546638521464315e-02,1.189950604131845280e-01,8.225765206374140159e-02,1.971221769834778370e-01,5.644854179205695266e-02,1.556625975796260830e-01,5.027465844998894179e-02,0.000000000000000000e+00,2.568412431343261582e-01,2.141285506100570335e-01,1.108124613201552366e-01,4.943876730861091612e-02,5.059206595782100857e-02,1.379505463161313505e-01,3.091393257889753499e-01,1.578258912753814358e-01,1.623464990048922030e-01,1.754227175623518098e-01,3.738621778065074480e-02,7.444553404393652873e-02,2.438288768362271638e-02,1.773917553501370634e-02,1.091634782212519070e-02,4.066802993621910361e-02,6.914527730511056680e-02,1.041043290936028744e-02,5.746786896614588386e-03,5.176193951632759166e-02,6.179555283633732590e-03,6.029440441745207747e-03,1.431361877546129084e-02,3.936932876232986794e-02,9.730138759852430264e-03,3.072274893974561317e-03,3.536841885800298679e-02,3.809751310555544584e-02,2.442185574893702624e-02,1.185295842166937327e-02,1.174246421612678767e-02,1.555365309020038077e-02,8.311344705688571838e-03,2.497594839042209872e-02,3.782866713269500414e-02,4.077380224992969981e-02,1.812901698194749889e-01,5.173702453746453767e-02,8.139315911799503700e-02,1.604553743711958913e-01,7.723225712934009279e-02,9.949836991465720037e-02,2.796792689473039106e-02,4.488865932446519519e-02,6.108834159984777995e-02,2.483830092723300284e-02,9.265729893817515120e-03,3.498681443401500946e-02,1.102074649070648865e-01,6.036103056872716560e-02,1.922767391060354117e-02,5.649213059981641333e-02,3.653101313150314278e-02,1.255498009524879700e-02,1.037686788962761120e-01,1.562535308390656380e-02,1.193580666581505051e-01,8.696850150061204154e-02,1.219682100933630435e-02,3.873509808962094514e-02,3.227175475639008917e-02,1.037382425864689407e-02,3.829560584852356731e-02,2.200296726273485298e-02,8.209067874099964732e-03,1.621731316505886991e-02,1.730584522390610919e-02,9.503515183203968195e-03,1.286851327431971174e-03,5.044399898943755997e-03,1.549587387864739298e-02,1.571210321659308878e-02,8.868192205699235858e-03,2.377631181873341576e-02,3.085462327294870646e-02,1.919861519891334287e-02,1.863720372068735504e-02,2.558858638008772168e-02,1.837068862089460616e-02,6.701689124056881344e-03,6.365910806339009076e-02,4.899442644369697564e-02,3.409874439434284338e-02,1.473220035042082376e-01,2.468637831757702628e-01,1.016982949251707402e-01,7.576730912515067251e-02,1.706875864431315615e-01,6.794212175957975441e-02,3.425368500223806983e-02,7.270173653101212607e-02,3.175133809461266193e-02,6.705909841779390465e-03,3.526280363664484069e-03,4.750570463940707866e-03,1.661743494645805119e-02,3.808426668435815118e-03,1.491592206348552399e-02,4.412800274573853987e-02,6.727689058843097647e-02,1.333478590675202941e-02,4.698263707453641247e-02,7.881610470567301796e-02,3.996617700983310512e-02,8.996101081296345447e-02,1.203089480299552455e-01,8.461301694376630045e-02,5.629060201901051746e-02,5.586605383163231742e-02,4.701872334232720663e-02,1.430800031949839568e-01,1.635492283172344102e-02,4.508265873880207275e-02,2.218910316446174105e-02,5.089507713246121251e-02,9.049313817860768494e-02,1.519827353618497801e-01,1.794368414775420195e-01,1.242551376670775753e-01,1.114946214243665440e-01,1.233999643087729386e-01,6.424673120617756250e-02,4.729451054494416412e-02,3.723231755886135391e-02,1.739395119209004997e-02,5.354589518068381127e-02,7.728147436351008592e-02,4.517613903679960213e-02,2.896113040173810965e-02,3.608076459064327168e-02,9.069738374954030430e-03
2.043665917915851032e-02,6.204410470291983615e-02,4.122034418799200989e-02,9.144079795740471528e-02,1.979121424073892674e-02,4.395088388517211925e-02,6.993272499984842794e-02,2.568412431343261582e-01,0.000000000000000000e+00,4.839014120566342142e-02,5.550854932225199323e-02,8.551479777726997411e-02,8.036860413563545746e-02,9.930056754663306451e-02,1.777428518731909157e-01,5.905691912851366437e-02,7.943488144851740262e-02,7.265983982539653274e-02,5.991392938953411795e-02,6.400016757513998789e-02,3.260674707374482638e-03,2.673681076128025733e-02,3.704889435342929079e-03,4.916776561136946416e-02,5.669799538781417764e-02,7.163549119530456671e-03,5.996764762585575330e-03,4.424338743118088647e-03,3.800534946882003738e-03,2.068324881071150617e-02,2.246038046307121446e-03,3.689467941795147171e-03,1.885974678974313562e-02,2.025526580027506643e-02,1.763458247259942768e-02,2.202864244967634236e-02,8.738150806258069073e-03,2.385103182293265775e-02,7.993106441189066005e-03,1.335990336224814404e-02,3.753913544947157926e-03,1.180313459471232264e-02,1.089115585077143553e-02,7.844155971893475646e-03,6.242251283551798757e-02,1.860781288517584717e-02,1.621804961617103955e-02,4.513192478933775870e-02,5.350076707419103988e-02,2.683556654197670824e-02,1.311427160512199097e-02,5.080749238311533383e-02,4.906311908537031030e-02,4.824937102369303982e-02,2.128170995870960064e-02,3.708007163040150794e-02,2.916425001188552302e-02,3.588058840975440894e-02,1.319069644866694389e-02,4.822705946928634857e-02,1.976319099156430975e-02,4.520338154299643335e-02,2.138223474212630829e-02,6.890913910723649519e-03,5.231126691553274893e-02,1.289605644303644209e-02,2.689339028540379747e-02,1.209717230731546106e-02,7.387649035370937034e-02,1.092332481383835596e-02,3.467451697722202103e-02,1.846705601139808986e-02,1.263102595414187547e-02,5.561380357402855024e-03,1.475081895583747575e-02,4.306341910247903082e-03,4.176586486641718603e-03,1.841588959789949029e-03,1.428690318531759297e-02,2.648964950708202013e-03,5.721861890616869277e-03,7.903300514658390813e-03,7.713052926580107535e-03,1.299300963733817163e-02,4.628717444363459298e-03,1.821563582443601337e-02,3.601550157136441943e-02,2.818267719432116999e-02,5.960381953214268641e-03,1.798086269027330750e-02,5.391756470807865242e-02,8.213832737963953912e-02,1.299684837847562557e-01,4.386628128184004438e-02,2.825032149520377220e-02,5.332798096487574580e-02,3.892328237949584796e-02,3.229764085397352630e-02,6.036967243128842087e-02,1.880883881408479744e-02,9.696717555563810764e-03,4.226762088854587110e-03,1.488112123851700365e-02,6.656903320428990238e-03,4.404775500620987903e-03,6.064042600576682526e-03,2.803268945308441326e-02,5.881924254092548571e-02,3.184907572963542599e-02,6.320176228494656101e-02,2.043929301091390940e-02,9.380638622786383399e-03,2.803447527535370479e-02,6.715956665927007296e-02,2.589895441800868850e-02,9.203214135445415833e-02,4.974190090015349897e-02,1.242600772320277998e-02,1.092669005113651448e-01,4.982927920614279443e-02,5.310176477551002694e-02,1.659634744640572229e-02,3.578914650412870491e-02,5.740165442861134421e-02,7.392271543913431220e-02,8.436858368383512441e-02,1.360296091732809687e-01,1.074856234830463136e-02,6.418027243804741433e-02,4.034664804521642667e-02,6.462462905811468782e-03,2.663466607506196140e-02,2.022794030802103210e-02,1.440965021250296615e-02,7.844886729744231235e-02,6.433268569730752826e-03,3.329665039689987810e-02,2.274296419296330946e-02,1.530910679019624725e-03
4.318673624594946553e-02,1.147260952132385103e-01,1.141525050954540904e-01,1.218396279684995642e-01,6.293255662100488701e-02,1.516799638765982394e-01,3.004316764921724156e-02,2.141285506100570335e-01,4.839014120566342142e-02,0.000000000000000000e+00,7.131093594012008485e-02,7.476540476476539743e-02,3.496513969030642238e-02,1.166924967952529119e-01,2.912967185504273804e-01,8.840466497903931575e-02,1.644076531806054065e-01,1.723020456440102488e-01,3.045663318967122002e-02,1.121485713901854558e-01,4.445642728533424209e-02,8.126497214765313060e-03,8.792086506726245337e-03,6.989239295194543677e-02,8.850596749211775416e-02,1.940433442458089006e-02,1.775307388019184765e-02,3.144383176451916867e-02,2.022567553717244046e-02,2.922709422035457694e-02,8.289771608898209229e-03,1.199490975574605926e-02,1.739213423332794037e-02,2.912338687201181109e-02,4.128663637668032391e-03,9.667501272040711358e-03,1.586164618592646441e-03,1.520210116213606757e-02,1.075620976187703290e-02,1.548347037575723700e-02,5.701386042637018176e-03,1.209422066499530289e-02,2.605511613558965725e-02,1.214204116096653102e-02,1.511885558218443171e-01,2.401011916283811096e-02,2.687356440010524664e-02,1.153640582477424847e-01,1.549945410034414550e-02,3.544353587913391668e-02,3.486542839094187302e-02,2.875117752401436244e-02,1.596908269518137746e-01,7.710404468558579305e-02,8.615130236407823883e-02,4.963914416288064263e-02,1.366090753641355064e-02,3.320283647836808766e-02,2.572301264906790355e-02,9.530601074067049372e-02,3.682335433491280841e-02,1.499924200078410486e-02,5.270459785716481715e-02,4.188001678005768419e-02,7.009283743283556412e-02,2.395589966416325489e-02,2.982151846380615839e-02,6.727053917389995419e-02,6.890164206796739466e-02,2.989462653344580195e-02,2.179774410041061122e-02,4.381594957279789232e-02,2.799036941283661317e-02,8.860560528423861923e-03,9.700496642523735030e-03,6.211520340528840257e-03,2.131725936536305044e-02,2.068634866257795454e-02,1.413596713617156289e-02,3.333398040731481299e-02,1.008630269421767651e-02,4.671522144860008191e-02,1.192847159800195823e-02,1.120649118397503384e-02,4.113500610997400213e-03,4.820271632755335212e-02,4.874141007922059426e-02,3.073424349957189911e-02,1.234099329947663248e-02,4.557169658579887650e-02,7.423993257037403426e-02,1.553566407714293274e-01,1.194912363085615520e-01,7.528833374130861067e-02,1.200971107719261827e-01,1.059674038737058316e-01,5.172522754422668317e-02,5.990386230885551277e-02,4.433947401210722172e-02,2.142607560254774710e-02,1.573119188381386091e-02,1.509741379447442598e-02,1.290049773358341659e-02,2.057043488179195745e-02,1.717337514032531848e-02,2.736992395079890575e-02,4.769581179354135531e-02,8.626741489998462908e-02,2.607504436578355136e-02,1.176348272485671920e-01,6.557135286588239298e-02,1.678244974510879547e-02,3.548852593995968641e-02,3.187502451611375770e-02,3.313352821146520188e-02,2.847908191986772697e-02,8.708851068675525428e-03,1.298583368265447159e-02,8.508060459448210655e-02,6.497434887417516403e-02,6.125152315073485731e-02,2.110466895635001311e-02,5.262517112998327251e-02,1.027704087331907379e-01,1.321203522370240080e-01,1.038759979934743283e-01,1.586431236351112106e-01,1.034708290388206414e-01,1.114029650034171343e-01,8.933577461938616016e-02,6.299397750763469084e-02,4.495175206016764624e-02,2.014612202157455012e-02,6.870568960978511164e-02,7.730582672163704983e-02,7.498227400404186560e-02,1.975002056865055033e-02,3.350483969571838028e-02,1.910869480606986262e-02
1.101622493054044416e-01,1.197922240635554136e-01,2.913261599851834846e-02,1.407616673243630434e-01,1.003686169986037768e-01,7.100586462691148293e-02,8.775133298492961142e-02,1.108124613201552366e-01,5.550854932225199323e-02,7.131093594012008485e-02,0.000000000000000000e+00,2.091108124723120923e-02,1.513999110428303763e-01,1.578931170671632189e-01,1.548264806938231819e-01,8.883345430133872400e-02,3.458581601893194468e-02,1.453457093404003087e-01,2.343800280345677278e-02,1.652357157801557716e-02,1.448329793907756832e-02,3.764876678220147044e-02,1.358195979395480403e-02,6.785099660647860020e-02,1.582292743054508621e-01,3.710691570660519523e-02,1.145070948913001589e-02,3.415503758133847656e-02,4.275123796312391491e-03,1.829527602229114383e-02,2.544415224908063485e-03,3.235321401719141315e-02,4.057394520798599316e-03,7.802159415535725971e-03,1.999106526309141207e-02,6.159335844328856641e-02,1.534980331612202653e-02,2.909030170962712686e-02,5.298051130429837219e-02,2.047890571400977008e-02,7.206292585093796756e-03,1.821226456568264887e-02,2.241114506625057831e-02,1.375071736428873717e-02,1.601721360943840766e-01,1.011150180132441151e-01,9.201912432355688343e-02,1.252307431458046516e-01,8.378956987938299128e-02,9.301638612991047772e-02,6.190480287491600259e-02,7.172619619498163401e-02,4.006152464851439610e-02,5.533882204914709890e-02,4.259208772413748678e-02,1.836882109847317451e-02,2.644663756598891746e-02,5.619611369157246489e-02,2.134864967428485097e-02,2.838315360918059610e-02,7.653613910806987553e-02,4.292271475670520614e-02,1.010232521258007110e-01,4.405955714336753232e-02,9.328682814079812535e-02,4.594471518820139599e-02,2.076151004124135446e-02,3.003188000710675827e-03,8.093869990047944732e-03,2.651317928143794023e-02,1.050716484424206454e-02,4.770162500393490199e-03,1.309243895117317286e-02,9.530399307063919592e-03,5.460304629574005801e-03,1.378736479402145566e-03,9.723425390598897794e-03,2.036378384044801749e-03,5.226490488273118420e-03,8.627057845871205152e-03,2.488961849994672168e-02,3.444311070783786632e-03,1.199874093567505733e-02,3.321638023722959816e-03,1.822221895281918649e-02,5.913363183382048388e-02,2.533758133193729847e-02,5.740859731321759640e-02,7.842948490290765212e-03,3.596769605971281147e-02,7.811656423918884873e-02,7.151076067707946848e-02,1.209350384186698574e-01,1.244832494017530794e-01,1.185053941256881682e-01,9.803585092337376017e-02,1.196060203117034482e-01,7.013091451800958220e-02,4.670387961514337050e-02,4.850344253974957220e-02,2.319208249299754138e-02,1.349691263840023872e-02,1.967613858736273758e-02,3.913345642038773206e-03,4.062093071807402166e-03,1.748538728617164695e-02,3.089750348303658273e-02,3.844244719536405418e-03,9.749449888728041122e-03,5.796955295766617611e-02,9.688120043743905785e-02,1.062426431929553924e-02,2.133791703194574257e-02,2.699121500770532492e-02,4.366010481442104268e-02,4.580620716320926017e-02,3.202670078302471274e-02,1.879012856760152797e-02,1.637020966296933999e-01,1.612784596743469315e-02,5.668074801984460120e-02,3.389010205661538433e-02,5.731625437545111862e-02,4.947715457807949635e-02,1.599191139706445108e-01,7.870748274845319747e-02,1.231951479063893296e-01,1.293377914580800259e-01,1.244547861189531507e-01,8.305924587839672024e-02,6.926233508688736662e-02,2.234664961770358588e-02,1.309137235699380647e-02,6.969912451692131250e-02,3.273734637800744529e-02,3.352085845642418377e-02,1.198746950871376615e-02,3.759499719823965885e-02,2.526875540728076505e-02
