0.000000000000000000e+00,5.130077143647463617e-02,2.546849631322990401e-02,6.569847519339390429e-02,2.602621969728887916e-02,1.210234626212995657e-02,1.756536638173432363e-02,1.846356977638430449e-03,2.437341778343687124e-04,9.255978237414140639e-04,9.051011822239247041e-04,3.572623363728464480e-03,2.623337931680700362e-03,1.448946085604759177e-03,3.307879917420942931e-04,3.987218002231414870e-04,1.102880804461668163e-03,7.900592691459130956e-04,1.809767070675892542e-03,6.942755343034989627e-04,7.312059580650454461e-04,3.089554784033848259e-03,3.428228244896748349e-04,1.146456093364445856e-03,5.364711457253027414e-03,3.086567513896826048e-04,1.350659144562239931e-03,1.273498324242676406e-03,1.867257837469892467e-03,3.606123919976637546e-03,6.624946948094774177e-03,2.697262101627200329e-03,4.834812612941768485e-03,1.688113777690453685e-03,8.769771531291314752e-04,2.499160119940264154e-04,7.737951149696351309e-04,8.325405860975294446e-04,1.054907226939508745e-03,3.541373878878748428e-04,1.415128526912268680e-03,2.698333210470466384e-03,3.130418606383828938e-04,9.479573454456118172e-04,1.865972573711482431e-03,3.674491771947052503e-04,3.962329836353608767e-04,1.603712073126554267e-03,6.399094732931953546e-04,2.994791772293901909e-04,2.069388984343921119e-04,3.367388585218177651e-04,4.256374990483846794e-04,1.425124422919540315e-04,2.749223198863489986e-04,2.598475936055128421e-04,8.491196288630524112e-04,1.265494251605357679e-03,1.873643324887397236e-04,9.189499644721288571e-04,2.380273516808749086e-04,3.242969555019670040e-04,2.185776409961294302e-04,6.446902704526593546e-04,3.591714789451989649e-04,1.042209124601150899e-03,3.288615397647551980e-04,2.344895489855856451e-03,1.224794105992767484e-03,2.780088567297876972e-04,4.970146495893812497e-04
5.130077143647463617e-02,0.000000000000000000e+00,4.207886961489451516e-02,4.443598252144129873e-02,7.741085060428534725e-02,2.872290205784662140e-02,2.098410939389781446e-02,1.562590898155076166e-02,3.536287177304042045e-03,2.271669252552028801e-03,6.060719809722155647e-03,6.400045075742399371e-03,6.523983236318219026e-03,1.869016137070275306e-03,2.485660700067229443e-04,1.093941103383135570e-03,1.157172741020129738e-03,7.761460873177374780e-04,4.747232633256548754e-04,2.676701764375700294e-04,8.466413794820253124e-04,6.639858795199980301e-04,5.791165745016661455e-04,3.902538856880722728e-04,2.713287268384833445e-03,7.311385454833771013e-04,2.194195900100691377e-03,1.491917385465680148e-03,3.119541337252330643e-03,3.825465620447103966e-03,3.816256765579119706e-03,5.580753321203688576e-04,4.056546554003530834e-03,8.613548105419343995e-04,1.495063480575501086e-03,8.791221772961107118e-04,1.022327638049625462e-03,1.399179951638916501e-03,3.793362239850778771e-03,3.587641991074536920e-04,2.805766256401724407e-03,4.778925220442139209e-03,1.467516354574929403e-03,1.302402770255196461e-03,1.278157530104093035e-03,1.310780844276843637e-03,8.302532625264591026e-04,8.133777368541407482e-04,1.580238673641434603e-03,2.337468296172694215e-04,5.310139938499486203e-04,1.649243506328069639e-03,2.124326107581853476e-04,6.410594079430076376e-04,1.779429686946060922e-03,1.557083373381349832e-03,8.457492944407322358e-04,1.053750515507807664e-03,7.778302315791728013e-04,9.917361399215940659e-04,1.012598684558136276e-03,3.164043497143363757e-04,1.388826277930286656e-04,2.630989377938575103e-04,1.130463342883144141e-03,7.506455053772914275e-04,7.352339993043324924e-04,2.899693331542741240e-03,2.569214326722432640e-04,8.564172285998594703e-04,4.275627238381170324e-04
2.546849631322990401e-02,4.207886961489451516e-02,0.000000000000000000e+00,6.539248622975185610e-02,6.282093126955649864e-02,8.452006633217376552e-02,3.829787717282978621e-02,4.345098841734314557e-03,7.356025008105644171e-03,1.798046993854045044e-03,7.450285029693636506e-03,1.099302275430068254e-02,1.256077185713818690e-02,5.586455029164567182e-03,6.380561280656359135e-04,1.912321141001862342e-03,6.095304308559742167e-03,3.154535468743831163e-04,2.412989588643276416e-03,7.052539204451843506e-04,3.660712232742095989e-04,4.505960925009155904e-03,3.189804248413397460e-04,2.002372410336431593e-03,4.474331379955925024e-03,5.645210816227199876e-04,4.028043422592267851e-03,5.131848039407423991e-03,5.968384981102624678e-03,6.894207159724130909e-03,9.641041080421106774e-03,3.625839413908692101e-03,7.911068030751025257e-03,2.662412733267999557e-03,8.859249400247719546e-04,1.140723072915589319e-03,5.276557490149179352e-04,1.797964216897433810e-03,2.445562224337954112e-03,6.019954341981775467e-04,1.679394304788712567e-03,1.716152597426902739e-03,4.281077102507988745e-04,5.332216013760755205e-04,2.263406187180681903e-03,1.418210033061714868e-03,5.487291884135838587e-04,2.402561494897880595e-03,1.924623860512505958e-03,7.371234920570288130e-04,2.826049171566993867e-03,7.575006190955638034e-04,7.384838444459105060e-04,2.919847998901093072e-03,7.298238360847924319e-04,6.204640843775586926e-04,6.529058084210180189e-04,3.514346548122581509e-04,9.066195729804229836e-04,5.802591792536415140e-04,2.180235901770284732e-03,3.121903775135356166e-03,1.385082830733738030e-03,3.573215553141215802e-04,6.414709355318304936e-04,8.223007289541982030e-04,3.879772315653299696e-04,4.320792675868731589e-04,5.716406113671929773e-04,6.866069181543151424e-04,4.221437187057947883e-04
6.569847519339390429e-02,4.443598252144129873e-02,6.539248622975185610e-02,0.000000000000000000e+00,3.093897067623952238e-02,2.018509480813548973e-02,6.968751579803302010e-02,2.077667441094725037e-02,4.780115290131263343e-03,5.562275147565133929e-03,5.738521349408547134e-03,2.992747495268152473e-03,2.394418964916611176e-03,1.178721685311752638e-03,1.264209641420755781e-03,1.005687041185768672e-03,2.183091541950962799e-04,1.864236038000160979e-03,4.520550550621828755e-04,2.208389696015672452e-03,4.007355327176635382e-04,8.535700167959110176e-04,2.691178637292513266e-03,6.520638504063001016e-04,4.787947571873973386e-03,7.438993021465748097e-04,1.134354380078105668e-03,4.617683197175337395e-04,1.244471026194398245e-03,2.424643066702938075e-03,1.461504015501375762e-03,9.271669900637963474e-04,2.692726036766308201e-03,2.346801874088783155e-04,1.008280467901388495e-03,1.203362294240192679e-03,5.347640699954363860e-04,1.737225072648252008e-03,1.593290280248460533e-04,1.708978371767483221e-04,2.868959749010200028e-04,2.580630802453773992e-04,5.108877635385738547e-04,5.635845451391544155e-04,1.653913181040454240e-03,2.984962627403315357e-04,1.431160835999248891e-03,1.755414525821525490e-03,8.508788376277007150e-04,1.845212976228739819e-04,1.804426908546346263e-03,5.965070796862451509e-04,6.565139963935340403e-04,8.281464449129083633e-04,2.974178737815994997e-04,5.028495691194258309e-04,4.359756732009409689e-04,1.173038606558281845e-03,2.374706370452815587e-04,1.054084035521921396e-03,1.253042984902959104e-03,5.481942935183484102e-04,2.488043404936803385e-03,2.120723581097631145e-04,4.399021316616504853e-04,1.274764506453539975e-03,7.351553913309178973e-04,2.001991814080269615e-03,5.210849959790025054e-04,1.081005159150790103e-03,4.068099767497659761e-04
2.602621969728887916e-02,7.741085060428534725e-02,6.282093126955649864e-02,3.093897067623952238e-02,0.000000000000000000e+00,4.090562085061213299e-02,2.165548264145132629e-02,4.033399818139875304e-02,1.471276111881513783e-02,2.580338794516097434e-02,5.037104082286351925e-03,2.142423919570334012e-03,1.237597470619493205e-02,2.123024884322180419e-03,1.397212717906024665e-03,2.648725398829334353e-03,1.119256663609811964e-03,1.294967957722641377e-03,1.547101295969832355e-03,7.614434319337214227e-04,8.398863947821525811e-04,4.588886761745766319e-04,3.886070026947225525e-04,4.168109539269578673e-04,4.600952430022864706e-04,1.462564466106647818e-03,1.532098455616681936e-03,4.104800497620339169e-04,6.116673458362800611e-04,1.353074941375311153e-03,1.193230755016439328e-03,4.558400605546939627e-04,1.539481097904524210e-03,2.260612039756808853e-04,6.521451502470551652e-04,7.892243849793647301e-04,3.692673536207405458e-04,1.322001317960695265e-03,1.993839670047911541e-04,6.793943618406168708e-04,1.041122767788195663e-03,1.348136607299793132e-03,1.590492107689226668e-03,2.924967833177473733e-03,2.419360512133597856e-03,1.245159178373833088e-03,3.213611794512431872e-04,1.760856035114527051e-03,2.555140373286008022e-04,5.260483070853439044e-04,6.179906134495725088e-04,5.180382568249195831e-04,3.773911296169698594e-04,1.794634489491439598e-04,8.588930798596549178e-04,1.186303588661975165e-03,1.042724074087688106e-03,3.396851856139492302e-04,7.833725952123846495e-04,2.530436726362419488e-03,1.573751945243222639e-03,2.186882938572363294e-03,9.705560260297288510e-04,8.107886079109149699e-04,4.298348262077594448e-03,3.714002968873362284e-03,1.197194552420949212e-03,3.282858419391610459e-03,7.359732932947536188e-04,2.530854732276230454e-03,2.752166402739840076e-04
1.210234626212995657e-02,2.872290205784662140e-02,8.452006633217376552e-02,2.018509480813548973e-02,4.090562085061213299e-02,0.000000000000000000e+00,3.606925324916727266e-02,1.750135837436620975e-02,6.554116368547159566e-02,1.094863154564993529e-02,1.202136283361665038e-02,3.904101420401439888e-03,6.629542469817108381e-03,2.134257995239806447e-03,4.462696928379503852e-03,2.505240849064846367e-03,2.485397401240028916e-03,1.392391933427541192e-03,1.345465318775793638e-03,6.974927312875307166e-04,1.988580311586620429e-03,2.903126337051510630e-03,5.932118997179166610e-04,5.385808837201255979e-04,4.210362458917230109e-04,1.751869238576500652e-03,1.900360431645847130e-03,1.367999728119899611e-03,4.244350995481798372e-04,3.306812273972059568e-03,1.580604892933803064e-03,2.238893177705876970e-03,2.629720529851426077e-03,9.029183452925087280e-04,9.379883679219870986e-04,4.274222806508379442e-03,4.699669845299546248e-04,4.130180365171248497e-04,5.631602304528312382e-04,4.053934891043675616e-04,1.268290846841900032e-03,3.931008482668971139e-04,2.828816282830628006e-04,6.474799115599779581e-04,2.929196145618750144e-04,5.020680822999614877e-04,3.101205699087650832e-04,3.445648606522899444e-04,9.598494398701360071e-04,9.463714052535942417e-04,3.053121336680594431e-04,9.460394288717924359e-04,1.359428801836126991e-03,2.063314765394251571e-03,2.651662602691391528e-03,1.049585216110821961e-03,8.179886378191986770e-04,2.899053890066877800e-04,1.770955684792810620e-03,4.331219521936478280e-03,1.279245824048232680e-03,3.832820079967174179e-04,2.315651493319477016e-03,4.318472665948547675e-04,5.805435930981584641e-04,1.187736778681807185e-03,3.414182782014088448e-03,2.992165745095044446e-03,2.430055943778633345e-03,3.427668288868722163e-04,1.449248120013164106e-03
1.756536638173432363e-02,2.098410939389781446e-02,3.829787717282978621e-02,6.968751579803302010e-02,2.165548264145132629e-02,3.606925324916727266e-02,0.000000000000000000e+00,4.162154557852746489e-02,3.336676529880320402e-02,4.490474263928275617e-02,2.161328138707723640e-02,4.233030557583020159e-03,4.363739548921239352e-03,2.575795660676208267e-03,8.190086788549814272e-04,1.260837188463495573e-03,1.132972124693513646e-03,1.668629853032981957e-03,2.883865287090424563e-03,2.324503411728555662e-03,4.225308576431053599e-03,2.776242134311676744e-03,2.563347305878121551e-03,2.443777013991254177e-03,3.165412918516983978e-04,8.295621569679656948e-04,3.449878430098823282e-03,5.227143189456511093e-04,4.944935704137743034e-04,2.999413815218026150e-03,1.697597569787157902e-03,7.209577335129262231e-04,2.998123598845312422e-03,1.012542454736404954e-03,1.700057886237104363e-03,8.861344118651020381e-04,1.228459175110481342e-03,4.506727316848292047e-04,5.696909752064901892e-04,9.957983550528269785e-04,9.029576647862593746e-04,4.454596176311281992e-04,2.059279219360749848e-03,2.911225094690732067e-04,1.898971647372454258e-04,1.593269338647277126e-03,1.437193853079664222e-03,3.996657537137779707e-04,1.105299834208140408e-03,1.096598624192630586e-03,1.282979386283175215e-03,4.959312319425239089e-04,4.058161577771689666e-04,1.308030678668032753e-03,1.031481259735442897e-03,5.502879166876971026e-04,1.946548504397582714e-04,2.820011505452094547e-03,8.382712048565569814e-04,3.075403392678205915e-03,1.243104765120233530e-03,4.219575014411397896e-04,6.519738344218388350e-04,1.084475142758540992e-03,1.089691897053236651e-03,3.458799520905914571e-03,1.408891647096686571e-03,4.292046639605189007e-03,2.070894550401350138e-03,7.356308645331184094e-03,3.075370155567545404e-04
1.846356977638430449e-03,1.562590898155076166e-02,4.345098841734314557e-03,2.077667441094725037e-02,4.033399818139875304e-02,1.750135837436620975e-02,4.162154557852746489e-02,0.000000000000000000e+00,4.707705859140962068e-02,1.725446282777116577e-02,3.150530534598921378e-02,2.231326649911983054e-02,1.014938949962167908e-02,1.996932478926251829e-03,1.444862307540186342e-03,1.748474798269579206e-03,1.157813788482185734e-03,8.065760816312318683e-04,9.716392871517185803e-04,1.044128545676065861e-02,2.199625069939922968e-03,3.443770817728082807e-03,2.648785030580499793e-03,5.788551443281737124e-03,2.448365240470901961e-03,7.083003076994555738e-03,3.915687215139370021e-03,1.089867922334021664e-03,2.923235603987515865e-04,1.943462240104356720e-03,3.213374471509380654e-04,8.176847352977715091e-04,8.610387504006150779e-04,1.047362073203483238e-03,1.018886246953586584e-03,1.606598885270338686e-03,2.992828361698824432e-03,3.081850626701849397e-03,1.635804295154449093e-03,1.169242959275949931e-03,2.233275074157316633e-04,4.222875697225709091e-04,2.747320248428297500e-04,9.022040057413791437e-04,1.621611154495965950e-03,7.233013374421472285e-04,3.700113550568101301e-04,5.931810981896021989e-04,4.259773480014188238e-04,5.483780777853248124e-04,4.343421703513883738e-04,5.054183195059046459e-03,4.454623344030457120e-04,6.814139212058799864e-04,6.954889495604933518e-04,1.123271315772418752e-03,5.937569176701225880e-03,1.656941982191872855e-03,7.217301401667840666e-04,1.541742604253808257e-03,2.634308330840673135e-03,1.318307837428649328e-03,2.877355988183681861e-03,2.982201164101737269e-03,1.461801022150038517e-03,8.081578243186079416e-04,2.135149538822746218e-03,2.306014366546420280e-03,3.382873165663678738e-03,2.899897711953664230e-03,2.008921484007340167e-03
2.437341778343687124e-04,3.536287177304042045e-03,7.356025008105644171e-03,4.780115290131263343e-03,1.471276111881513783e-02,6.554116368547159566e-02,3.336676529880320402e-02,4.707705859140962068e-02,0.000000000000000000e+00,9.296360009074942227e-03,5.121663417399495433e-02,4.571218940687918342e-02,2.276963237608141399e-03,3.790382657407614150e-03,1.558352378486750666e-03,1.608932209939909624e-03,9.565371271000596776e-04,1.220826952943527416e-03,1.912618850691076870e-03,2.876303935078723412e-03,4.046597980444225674e-03,2.693171825465269335e-03,1.115933733876138187e-02,1.747291933298491216e-03,3.526273781539013101e-03,1.308962121682066219e-03,2.054299703856526330e-03,1.086147308529850086e-03,1.192728286659264138e-03,1.854605709100067999e-03,2.060184063818862365e-04,2.631626458881549703e-03,1.097056973331730001e-03,2.043982726026050221e-03,2.289028212317205293e-03,1.054539595582896106e-03,7.261116086245373441e-03,2.578084393651186102e-04,4.991324407883994917e-04,6.904803513978600722e-04,7.331071126973942630e-04,6.008921742886850527e-04,1.406449014774373285e-03,3.570549348639329439e-04,4.817720651918887742e-04,1.164802785893329735e-03,8.344075184944853112e-04,1.418405717996876062e-04,7.077004102164485009e-04,6.376816590042774400e-04,1.011903447807248509e-03,1.341765572343922444e-03,7.443283686288690131e-04,6.049987707499861374e-03,1.165387967988145519e-03,7.458540428825341170e-04,1.242862083164499335e-03,7.755738888687063910e-04,1.324190373122446180e-03,5.316149934839283289e-03,3.929413088514747271e-04,1.730442283557833685e-03,2.193314542689081634e-03,1.086147158973889762e-02,5.764694629882719662e-03,2.119569085048660356e-03,5.100895784893594818e-03,4.237812241246758770e-04,3.313018497079116081e-04,9.529101580149538326e-04,9.505140577138805093e-04
9.255978237414140639e-04,2.271669252552028801e-03,1.798046993854045044e-03,5.562275147565133929e-03,2.580338794516097434e-02,1.094863154564993529e-02,4.490474263928275617e-02,1.725446282777116577e-02,9.296360009074942227e-03,0.000000000000000000e+00,8.025840861695245076e-02,4.182731089799732183e-02,2.190259845710624403e-02,1.342580786960332132e-02,5.352008466423461598e-03,3.090211835608442509e-03,8.063669898490173626e-03,2.463959182672824724e-03,7.542838287228091415e-04,6.816983204955958872e-03,9.512304154556416348e-04,9.184958240703562996e-03,8.376292900818767262e-03,5.728201627904278524e-03,4.049466121573954726e-03,6.070850860164455319e-03,5.940149863780625622e-03,1.264239716211626799e-03,9.844164017905269581e-04,9.321943430826623578e-03,1.421424255881676649e-03,6.347338418531352265e-04,1.670923403224171006e-03,1.416914226252434777e-03,1.909936076469907762e-03,2.259352233664958158e-04,1.426432441305477234e-03,4.463938959021120957e-03,2.662437407739181097e-03,2.614110396322909605e-03,6.251326039478785016e-04,1.302465154354904772e-03,7.266559937043294212e-04,2.319360257088359627e-03,2.217432387903020118e-03,5.207918326673809497e-04,1.159587772361608598e-03,7.145113864574106997e-04,1.369202036350581969e-03,6.182895186249311430e-04,1.787497835097363961e-03,1.231126209250070318e-03,9.552844632440061264e-04,8.257030396333618974e-03,1.483582525810231726e-03,1.315172013521640274e-03,6.533465252650588403e-03,1.398067109980935183e-03,1.012448295290481947e-03,3.652146674390896637e-04,3.509960123826354455e-03,1.315198004948587174e-03,4.026428902987856662e-03,5.913360605931954235e-03,2.491414638144611327e-03,1.548937127974511427e-03,4.587832855909436229e-03,3.895872077741042647e-03,2.099098404564527474e-03,1.269832108107043969e-03,1.246838352873683295e-03
9.051011822239247041e-04,6.060719809722155647e-03,7.450285029693636506e-03,5.738521349408547134e-03,5.037104082286351925e-03,1.202136283361665038e-02,2.161328138707723640e-02,3.150530534598921378e-02,5.121663417399495433e-02,8.025840861695245076e-02,0.000000000000000000e+00,4.537047528628324750e-02,3.200157207118510538e-02,1.074572029328883967e-02,5.259223750535634880e-03,4.192185690921413146e-03,1.347249225866381170e-03,3.878977639947200841e-04,4.788830185552032611e-04,3.280059277696075869e-03,1.637303390880909129e-03,2.546811356219155689e-03,8.684116051026686753e-03,7.710311064009668517e-04,5.624183705664961841e-03,2.821301773432230604e-03,3.534746999786478935e-03,9.357928264312904412e-04,1.325383078454602263e-03,1.586585364302667408e-03,8.276597030864757702e-04,6.047859200998560508e-04,3.129676731769156627e-03,1.828644580129326885e-03,1.841195721413772801e-03,2.067718216381159320e-04,1.141072671432007829e-02,8.685629018387172259e-04,1.257288623558501343e-03,6.275878632321226988e-04,1.022503135918776361e-03,3.185937659784693365e-04,1.735807489353254551e-03,2.276969440922509223e-03,2.948018085198897908e-04,2.403876359621139828e-03,1.762069033320088447e-03,1.446964582859065719e-03,1.956861768408544103e-03,1.164108428001319568e-03,2.175918605209656471e-03,1.602741749095440817e-03,3.826400885641407850e-04,6.511355588888451812e-03,5.050897548235445044e-04,5.433424375847305384e-04,1.326066584780020074e-03,2.363434491317768348e-03,2.122002200652618655e-03,3.372511483753627779e-04,1.671678010154613271e-03,2.407008453451323342e-03,6.847891502312391382e-03,1.180116629849643425e-02,9.243615817833219714e-03,2.598701874743068914e-03,4.997865541846408660e-03,6.987337725868929999e-04,1.251052744548664586e-03,1.129544593370418676e-03,1.505464804281481887e-03
3.572623363728464480e-03,6.400045075742399371e-03,1.099302275430068254e-02,2.992747495268152473e-03,2.142423919570334012e-03,3.904101420401439888e-03,4.233030557583020159e-03,2.231326649911983054e-02,4.571218940687918342e-02,4.182731089799732183e-02,4.537047528628324750e-02,0.000000000000000000e+00,7.752972504362676091e-03,8.530878264153335042e-03,5.594223585061316832e-03,1.018689743771773910e-02,5.209337935850359529e-03,1.579091698635824671e-03,2.610843361053900163e-03,1.635432971954190948e-02,1.670765176665636167e-03,1.202806283439214821e-02,1.501414061395955207e-02,1.788691380481349140e-03,9.832134080767190865e-03,1.008498307992571801e-03,1.095524990649241956e-02,1.184978331619049871e-03,5.635202925827047802e-04,6.314253897332662742e-03,2.466013653211587223e-03,5.687314592119601785e-04,3.840438602249060789e-03,9.120548932704724892e-04,1.650999361317804668e-03,3.280218941948996668e-04,1.092344110882023135e-02,8.331945125365791422e-04,7.561850732156697417e-03,3.800226790894766426e-04,2.272632478826884517e-03,1.477378440457705793e-03,1.631369188334208390e-03,6.107260548090871939e-04,2.036329614398620872e-03,8.758263003913424561e-04,8.642585080195420337e-04,3.514949455250587405e-04,4.636415016910270886e-04,2.455501308081451967e-03,5.228654206543923572e-04,5.689430258087064401e-04,6.506006574218107684e-04,1.600154495424497550e-03,1.299619715244645099e-03,2.473257798723982217e-04,3.152541224291065670e-04,5.482405180564536070e-04,3.025296163515910249e-04,4.435124571532111926e-03,1.939122588027763138e-03,9.001925954409068301e-03,6.734212364063400791e-03,1.294974338486873378e-02,1.486214338788431968e-02,3.140578362120016905e-03,1.376473446408876637e-02,5.060579464583760513e-04,1.408928178542524399e-04,1.626253387455195128e-03,4.903794641649900261e-03
2.623337931680700362e-03,6.523983236318219026e-03,1.256077185713818690e-02,2.394418964916611176e-03,1.237597470619493205e-02,6.629542469817108381e-03,4.363739548921239352e-03,1.014938949962167908e-02,2.276963237608141399e-03,2.190259845710624403e-02,3.200157207118510538e-02,7.752972504362676091e-03,0.000000000000000000e+00,4.358270387657461192e-02,2.423112740438591178e-02,5.020719525803847560e-02,7.231270931510086659e-03,1.365507260756569467e-02,4.400219003352034280e-02,4.707146673108959789e-02,1.401747551576245157e-02,7.896352851267739170e-03,4.912168901599463233e-02,2.599481277143593071e-03,2.732479867983038033e-02,2.443546300090748344e-02,3.898595966124206169e-02,2.174128915350815455e-02,1.239188692957719643e-03,8.055731189877885987e-03,4.256930240154323426e-03,1.246816380973194381e-03,2.314749286375494992e-03,7.093390491108401974e-04,1.781976042181512409e-03,3.953745395837599832e-04,1.841032524233183337e-02,8.973499930460676621e-04,5.606022093073431342e-03,2.151275541080620649e-03,4.641190556749510976e-03,2.276310950345108736e-03,3.510034509078471636e-03,3.580626498894998828e-04,6.308629067318616236e-04,3.756562797102044166e-04,9.162950737933064482e-04,6.141344972291816690e-04,2.235161410275273493e-04,9.606977940621358632e-04,8.529629307534905254e-04,4.328460005623341105e-04,2.864509311953185831e-03,2.088261982739373496e-03,2.516060101225465486e-04,1.117116478327207082e-03,4.505193751115603093e-03,3.520548774269838537e-04,1.293710712622688505e-03,1.475420213070716960e-03,1.972909030249318796e-03,3.059112791211700006e-03,6.251061538969940540e-04,8.244102356962114062e-03,1.518277161926201609e-02,7.164405929109742693e-04,2.208952713410091123e-03,5.388899962358793296e-03,5.580159502320748699e-03,2.988452485031970265e-04,4.191179903540980922e-04
1.448946085604759177e-03,1.869016137070275306e-03,5.586455029164567182e-03,1.178721685311752638e-03,2.123024884322180419e-03,2.134257995239806447e-03,2.575795660676208267e-03,1.996932478926251829e-03,3.790382657407614150e-03,1.342580786960332132e-02,1.074572029328883967e-02,8.530878264153335042e-03,4.358270387657461192e-02,0.000000000000000000e+00,4.362776614242824119e-02,2.664714203151607834e-03,2.022995629086340660e-02,1.798172676260897246e-02,6.594309455121971641e-02,1.268443535542837786e-01,6.012636078680999585e-02,5.214762380700625755e-02,1.893032817813662116e-01,3.398392230178780976e-02,8.980662515799925361e-02,5.954176206143971251e-02,1.028173300617313407e-01,3.907990485843160916e-02,9.215486440820345668e-03,2.085042655849345464e-02,4.396234568597549852e-03,2.501130094768466792e-03,9.369625013756146745e-03,4.395909994054983221e-03,2.626617883376852064e-03,1.277958227790987073e-03,2.308693146775307736e-02,3.420147106828962894e-03,1.515518164918707583e-02,5.044245041153196454e-03,8.563966153491722050e-03,3.578040747733208897e-03,1.703919460674794065e-02,2.806699982816152419e-03,1.054147133393576637e-03,7.327667331283443117e-04,1.443331140346746982e-03,1.388900354172793511e-03,6.287415209274681976e-04,4.415042995701010456e-03,1.266545084241269773e-03,6.240842678959837055e-03,5.047229140326401839e-03,3.580842112918953147e-03,3.064889723157221933e-03,3.608687999149310776e-03,4.248955879928246158e-03,3.229079210088346610e-03,7.605516483328417753e-03,1.157640403504616236e-02,1.608797492768479368e-03,1.265416986972763697e-02,8.327504595916392083e-03,4.981924731525988470e-02,5.817414441392503716e-02,5.844954661829860308e-03,1.910419395456485619e-02,3.521070073006050266e-03,7.431455875902377543e-03,1.554420300308732850e-02,1.273670063452009239e-03
3.307879917420942931e-04,2.485660700067229443e-04,6.380561280656359135e-04,1.264209641420755781e-03,1.397212717906024665e-03,4.462696928379503852e-03,8.190086788549814272e-04,1.444862307540186342e-03,1.558352378486750666e-03,5.352008466423461598e-03,5.259223750535634880e-03,5.594223585061316832e-03,2.423112740438591178e-02,4.362776614242824119e-02,0.000000000000000000e+00,1.170746607837855856e-02,5.993863326042685180e-02,1.269194780428477831e-01,4.634685285668792287e-02,8.051300365154057115e-02,8.488519757418558354e-02,7.099727505444013154e-02,9.047074197177736032e-02,1.003058737084262970e-02,2.049664490680947471e-01,2.419154864782635528e-02,3.379027563876607632e-02,1.239281762098145417e-02,1.032054175367564178e-02,6.541178822612377661e-04,5.290544548628277680e-03,2.165342278644915436e-02,3.125301455575324461e-03,1.350570505657096819e-02,4.420656848191384554e-03,7.164556262004159563e-03,1.853108892778662295e-02,1.602450592669814539e-03,2.673195351501588858e-03,7.505381214569169278e-04,4.523796478630918820e-03,2.950232643162032427e-03,3.311638804288800919e-03,3.046038593998197028e-03,8.033821126285563621e-03,1.107448563992581830e-03,1.493496778432333106e-03,1.588277391071240066e-02,2.695228268468709103e-03,3.869767618017509975e-04,2.362254364036387236e-03,1.197068162631807937e-02,1.168151366094300793e-02,4.135384904777600693e-03,1.411584282936162969e-02,1.114310884191324451e-02,3.876806315740347064e-03,7.565744338832203729e-03,3.333112009167264224e-03,2.013518832962020704e-03,2.686814549071344423e-03,4.723766713954882963e-03,2.668705929703773551e-03,3.736516290618303177e-02,5.632535550747483355e-02,1.557306775944805209e-03,1.068302237110633698e-02,7.527069211583834168e-04,1.317088739501613009e-02,9.652502158148853692e-03,2.877581497257713453e-03
3.987218002231414870e-04,1.093941103383135570e-03,1.912321141001862342e-03,1.005687041185768672e-03,2.648725398829334353e-03,2.505240849064846367e-03,1.260837188463495573e-03,1.748474798269579206e-03,1.608932209939909624e-03,3.090211835608442509e-03,4.192185690921413146e-03,1.018689743771773910e-02,5.020719525803847560e-02,2.664714203151607834e-03,1.170746607837855856e-02,0.000000000000000000e+00,8.901980261839058384e-02,9.979801465234341973e-02,1.537037906623963668e-01,1.108913671391534156e-01,1.780328321494898114e-01,3.272284901719185041e-02,1.251194387717073364e-01,9.077052158753584621e-02,5.830923966133430558e-02,1.159882696536992663e-01,2.761639442214270865e-02,6.126732280516263007e-02,1.431337866335701285e-03,6.464965089159946388e-03,3.444250389699687713e-03,2.247894780085402371e-03,6.789142127818916872e-04,1.299832422947437387e-03,1.441018059276603014e-03,2.232527361775892493e-04,9.792844664816811612e-04,3.993049799609882031e-03,4.068358726444764044e-04,3.118212314666899722e-03,2.532514015147020389e-03,3.671608602671991121e-03,3.819289427926619070e-03,1.280634012545954405e-03,4.462456930289106878e-04,9.678663496020536387e-04,1.837056650217243434e-03,2.474928964596621265e-03,1.149413346197954156e-03,4.321942608414079158e-03,1.905849054845149730e-03,6.749837425682096194e-03,3.353250424063407981e-03,5.696408572119810755e-03,1.957105130813031630e-03,2.219894173355778551e-03,1.149951626994829938e-02,5.633644330671908410e-04,8.689618514570266253e-03,5.779935800896348307e-03,6.798895921043846338e-03,6.067361070127559423e-03,5.012103753438152537e-03,1.464717272336714046e-02,3.782851965669464800e-02,1.438906872863835460e-03,3.023961773594990073e-03,2.741714004957441705e-02,1.002927145068448732e-02,2.131262697685801580e-03,2.285138431671789819e-03
1.102880804461668163e-03,1.157172741020129738e-03,6.095304308559742167e-03,2.183091541950962799e-04,1.119256663609811964e-03,2.485397401240028916e-03,1.132972124693513646e-03,1.157813788482185734e-03,9.565371271000596776e-04,8.063669898490173626e-03,1.347249225866381170e-03,5.209337935850359529e-03,7.231270931510086659e-03,2.022995629086340660e-02,5.993863326042685180e-02,8.901980261839058384e-02,0.000000000000000000e+00,2.035447921355210965e-01,2.706976063171548930e-01,2.930346967783208911e-01,2.417248626170398207e-01,8.225049516771655578e-02,3.622735486905157565e-01,1.220939681723161446e-01,1.789855488013191442e-01,1.205889097313700559e-01,2.221831338871770589e-01,8.805000374910322558e-02,3.492764969476268300e-02,6.037984608139389253e-02,1.795710903636771674e-02,3.105294633313342937e-03,3.191771733106155140e-02,4.914935128549595932e-03,3.757569471004411788e-03,2.646010822655891180e-03,1.873248643323531873e-02,1.943879477407646755e-03,2.774729695743492416e-02,9.985658930682582771e-03,9.684441960381593925e-03,4.497081498792489945e-03,2.504542414108041140e-02,3.031172305225911766e-03,2.320868738630421386e-03,2.029405038286492434e-04,1.215687830305598816e-03,2.549341502370525711e-04,2.894959881319407978e-03,5.049657980343996017e-03,2.756410022948018856e-03,5.257628483353009828e-03,1.401880520349226174e-02,1.003286986064683313e-02,9.197149728931593854e-03,6.802800638847578477e-03,9.945417611780133296e-03,1.424183599775586187e-02,1.550696201466916953e-02,1.461580167760284654e-02,9.189234479721739013e-03,2.046459511611819701e-02,1.876393428679285630e-02,4.728640881568343252e-02,8.583361997434586776e-02,1.625688281190811046e-02,2.077652351351465254e-02,8.968682238436198259e-03,2.145053124706191097e-02,2.485926215958945626e-02,7.059341835788440420e-04
7.900592691459130956e-04,7.761460873177374780e-04,3.154535468743831163e-04,1.864236038000160979e-03,1.294967957722641377e-03,1.392391933427541192e-03,1.668629853032981957e-03,8.065760816312318683e-04,1.220826952943527416e-03,2.463959182672824724e-03,3.878977639947200841e-04,1.579091698635824671e-03,1.365507260756569467e-02,1.798172676260897246e-02,1.269194780428477831e-01,9.979801465234341973e-02,2.035447921355210965e-01,0.000000000000000000e+00,4.753768493298332620e-01,2.421960201593470197e-01,5.321275664513255288e-01,4.221823132987443938e-01,3.301573751435837312e-01,2.655400932833721916e-01,4.848663622100078396e-01,1.988089550283248519e-01,6.832857600747818672e-02,2.981641545835289966e-02,5.003413805096176836e-02,1.319106626149721059e-02,2.557726705852296500e-03,1.494907247122119129e-02,1.191243656128878475e-02,3.260614471180001920e-03,2.533785023444219860e-03,3.613570561840403605e-03,3.030113337537083864e-03,2.739430836211217968e-02,2.067620969921844451e-02,1.251545419631559276e-02,8.794793431486629814e-03,1.300461095483597743e-02,3.695975828376072379e-03,1.947383938381291955e-03,2.661772210961245097e-02,3.362201883590672843e-03,2.112418251405820228e-03,1.959060142315545427e-02,1.010145136180410491e-02,4.076823114910107506e-04,4.152338945440814388e-03,4.564874080786776589e-02,9.498746877217174520e-03,9.769936487484452009e-03,3.095908198301359354e-02,4.624063629394846442e-03,3.181582267421734223e-02,4.247579310544943518e-03,9.449444722665734098e-03,5.812184868554710893e-02,9.318422136078202342e-03,1.524334063758438738e-02,2.030315802285067098e-02,4.625135114491241151e-02,2.293537531268587115e-02,2.109411367991938582e-02,2.969646462482264035e-02,9.540407579773781815e-03,5.046245357152344575e-03,9.112981212948238069e-03,2.354584024497055963e-02
1.809767070675892542e-03,4.747232633256548754e-04,2.412989588643276416e-03,4.520550550621828755e-04,1.547101295969832355e-03,1.345465318775793638e-03,2.883865287090424563e-03,9.716392871517185803e-04,1.912618850691076870e-03,7.542838287228091415e-04,4.788830185552032611e-04,2.610843361053900163e-03,4.400219003352034280e-02,6.594309455121971641e-02,4.634685285668792287e-02,1.537037906623963668e-01,2.706976063171548930e-01,4.753768493298332620e-01,0.000000000000000000e+00,3.738462106200461377e-01,5.088619632092514777e-01,3.305701911952877992e-01,4.728033909594660522e-01,4.966041356372838389e-01,2.262867314946277464e-01,3.908656645421729747e-01,1.404764516827371745e-01,1.739778046783444498e-01,6.439746267577797778e-02,4.611162986089283738e-02,3.036899003786104959e-02,9.677282269454275457e-03,1.342666718077102118e-02,7.460006593726638963e-03,2.120727527503835086e-03,5.297878160871734125e-03,1.251994164755575699e-02,5.666127181428735719e-03,6.042834478521653258e-03,2.267692686520448100e-03,1.129794641797550372e-03,1.388330182429384739e-02,2.449486277641257231e-02,9.358335009518081379e-03,1.805396548441085339e-02,5.795959111601948002e-03,6.787512870678818859e-03,1.096109122904671829e-02,1.140723066613772915e-02,1.449454132196282413e-02,4.257997147703296119e-03,2.851525866117715028e-03,6.657916765389443499e-03,2.609687894234537231e-02,2.303180876808902378e-02,2.215187571930751775e-02,4.843188247044859923e-02,1.334739101727815298e-02,1.247435231637167297e-02,6.459223940090572103e-02,2.993595148815691304e-02,9.820378432979262606e-02,8.536818946071032810e-02,3.373848260026983403e-02,5.284070555076930686e-02,2.539803200000572553e-02,5.364884239798278082e-02,5.893392545724496744e-03,9.776517008613821655e-03,1.503994856560626238e-02,1.048777016749993969e-02
6.942755343034989627e-04,2.676701764375700294e-04,7.052539204451843506e-04,2.208389696015672452e-03,7.614434319337214227e-04,6.974927312875307166e-04,2.324503411728555662e-03,1.044128545676065861e-02,2.876303935078723412e-03,6.816983204955958872e-03,3.280059277696075869e-03,1.635432971954190948e-02,4.707146673108959789e-02,1.268443535542837786e-01,8.051300365154057115e-02,1.108913671391534156e-01,2.930346967783208911e-01,2.421960201593470197e-01,3.738462106200461377e-01,0.000000000000000000e+00,4.200011935506310357e-01,5.101150061024968263e-01,3.969297658899196279e-01,2.339794323975639412e-01,2.967056028468612050e-01,1.264062432690876980e-01,1.074130600511787603e-01,6.678429886077216771e-02,1.666100872488937221e-02,2.344754806780216527e-02,1.907587435224752589e-02,1.401204382460971391e-02,1.046756329874898132e-02,3.348719539246623744e-02,5.877512552698348561e-03,6.514507498122344697e-03,1.865580887041426092e-02,1.305189990904829546e-02,3.195528170785760791e-02,1.092191610619205368e-02,8.785664947673502492e-03,5.928822248458852709e-03,4.283559402011154552e-03,6.428806906582954991e-03,7.278805231902879883e-03,1.793670229203313910e-03,4.774944141776172116e-03,6.579038023102990601e-03,1.179894651165715007e-02,4.030216218081884676e-03,6.447173994178099707e-03,1.677168727011549287e-02,3.426126534726143397e-02,4.347401185504640858e-02,1.613796019933930181e-02,1.801555327945258272e-02,1.440565166685471750e-02,1.968104803384228968e-02,6.219792909451669904e-02,1.413974420370167802e-02,1.714062708690585260e-02,7.763055094094484243e-02,1.255858671879601096e-01,1.473494601177164909e-01,8.942326785536347522e-02,1.041752535198050937e-02,8.240726798374052586e-02,4.549562655927956445e-02,2.823939465871297752e-02,1.943080655810976512e-02,2.771304949438709378e-02
7.312059580650454461e-04,8.466413794820253124e-04,3.660712232742095989e-04,4.007355327176635382e-04,8.398863947821525811e-04,1.988580311586620429e-03,4.225308576431053599e-03,2.199625069939922968e-03,4.046597980444225674e-03,9.512304154556416348e-04,1.637303390880909129e-03,1.670765176665636167e-03,1.401747551576245157e-02,6.012636078680999585e-02,8.488519757418558354e-02,1.780328321494898114e-01,2.417248626170398207e-01,5.321275664513255288e-01,5.088619632092514777e-01,4.200011935506310357e-01,0.000000000000000000e+00,2.472309408628015348e-01,2.700774707323007062e-01,4.264492110529684576e-01,3.519515240110867582e-01,2.924193342657844807e-01,1.935021918266934537e-01,4.701126573143390996e-02,2.783703095151604870e-02,3.750432021837886432e-02,1.386327133724529759e-02,4.699249187824872803e-03,3.853705711431466060e-03,9.832551087461267533e-03,3.401008925281910188e-03,9.013950730177261277e-04,2.164736310491383910e-03,2.890406748886092947e-02,4.637321416615918651e-02,6.402224005982301222e-03,3.518391366054816286e-03,2.858215134595550391e-02,2.547185998598018933e-03,2.480985156708480615e-03,1.646844712175788350e-03,5.716231388201446252e-03,2.157337656345255372e-02,8.657331954717449509e-04,7.754180801070399524e-03,5.619635042813590775e-03,2.851268831688041471e-03,1.515249110270558940e-02,1.353300182561547639e-02,4.106178815554666073e-02,2.262372724193802490e-02,8.944542255021132454e-03,4.005533939123220172e-02,2.128776141533969893e-02,9.561328178651278681e-03,1.883691808261372946e-02,1.533539558119839490e-02,6.293437396586690213e-02,9.005119949602227725e-02,5.336265115716828239e-02,1.219329250457456236e-02,1.580777951699486109e-02,3.751765668983959162e-02,1.917211430861655644e-02,2.085437475635854368e-02,1.221050722214441636e-02,1.492243040602789401e-02
3.089554784033848259e-03,6.639858795199980301e-04,4.505960925009155904e-03,8.535700167959110176e-04,4.588886761745766319e-04,2.903126337051510630e-03,2.776242134311676744e-03,3.443770817728082807e-03,2.693171825465269335e-03,9.184958240703562996e-03,2.546811356219155689e-03,1.202806283439214821e-02,7.896352851267739170e-03,5.214762380700625755e-02,7.099727505444013154e-02,3.272284901719185041e-02,8.225049516771655578e-02,4.221823132987443938e-01,3.305701911952877992e-01,5.101150061024968263e-01,2.472309408628015348e-01,0.000000000000000000e+00,1.998031735062882064e-01,4.169859222254789777e-01,3.558768650507268538e-01,3.094557317091938264e-01,1.323094850720682447e-01,5.056601735335197051e-02,4.269693318808305549e-02,1.618701268123108605e-02,2.936875586962157513e-03,1.807330138214390241e-03,8.616288396350139933e-03,3.818539811863767754e-03,9.452961891982119419e-03,1.180448875881572220e-02,2.854673059109206698e-02,2.905176804063947568e-03,8.826344551173514671e-03,1.145051226881566887e-02,3.157394731835717460e-03,3.656783423337701261e-02,2.971303275364764202e-03,8.274912579166050341e-04,3.293901543192742642e-02,5.723131159319262001e-03,3.292962219266415760e-03,1.203975252056150441e-02,1.357308812989384619e-02,1.340331658333375302e-02,7.027500079771890375e-03,9.207606399546233028e-03,1.599832393750156775e-02,2.491676274744258207e-02,1.150303598966359066e-02,6.052255019529302615e-02,1.566385093932216518e-02,2.391391933070877857e-02,4.469820744484814812e-02,5.292958887533790770e-03,6.575568980848466027e-02,4.447284849089436914e-02,3.822101802813234611e-02,1.720030199711876026e-02,6.617839302504088805e-02,7.534024727461004212e-02,8.342437282460443346e-03,1.941567412714905599e-02,2.043071223884170701e-02,2.811202234319581245e-02,1.596865188045272152e-02
