0.000000000000000000e+00,4.968555554287964852e-03,4.462471640294459786e-03,1.629818699210561304e-03,2.386102240570975221e-03,5.950425457925533068e-03,1.360404367640209462e-03,4.642942248563211409e-03,8.044234927224492866e-04,1.485836797539049270e-03,6.906478399988732640e-04,5.148603166159427874e-04,5.316024249647431340e-04,6.832539767966434472e-04,2.872994721192914441e-04,4.110669110350594828e-04,4.727445892193706542e-04,2.840662513885276437e-04,1.261059430161508548e-03,3.510109526996151225e-04,2.313735734092471088e-04,6.289814104707422762e-04,4.491633226940557034e-04,1.966364260973617458e-04,7.984625077055508861e-04,2.063481983081069497e-03,4.999647637495794076e-04,2.192836556934947903e-03,1.410691185859621255e-03,3.438268876562468844e-04,8.113914894197447056e-04,5.709879169342715801e-04,2.810175808604296844e-04,4.219979122722282102e-04,5.854858941416596482e-04,1.796496174502176509e-04,1.731956288534633730e-04,8.438251845303213405e-04,5.054715445649646949e-04,1.268430482818215662e-04,1.177072771701023974e-03,5.706629497048005791e-04,1.814077556015836765e-03,2.401166313980177946e-03,2.093940825130935230e-03,7.064176712668716060e-04,3.561921593019094670e-04,1.130097985645473922e-03,9.032498136833113332e-04,2.615425412808823906e-04,8.127487892378572158e-04,2.413524245617004824e-04,3.775244791456291104e-04,1.418544957169365079e-04,2.381998616080712946e-04,6.392814426663293807e-04,4.443381752118701457e-04,1.113948272489820009e-03,2.613070139663471866e-04,1.434003036956952898e-04,1.925842767459223651e-03,1.510402400984570299e-04,8.087384241190544729e-04,1.094550977394102842e-03,1.275553010399153777e-03,1.135852310092793586e-03,2.132282172013535027e-03,2.559243669453142877e-04,6.548634430011431419e-04,3.508032678324649826e-04,3.483761943894422733e-04
4.968555554287964852e-03,0.000000000000000000e+00,3.185283800690887849e-03,1.115623606706035286e-03,3.084970862919827854e-03,8.433792055694779369e-03,4.723398220603784877e-04,8.465867461495855603e-04,1.563903055971627024e-03,2.067208063050471160e-03,1.653354128231100109e-03,7.474111290414885578e-04,5.030082393870908717e-04,1.130430740697156581e-03,1.089874624676165485e-04,1.598706328452311008e-03,2.380240155622691484e-04,4.138338580047256515e-04,1.468269909146488039e-03,5.204311153246950162e-04,4.044256794381048225e-04,1.248380816106105760e-03,1.183552898229246883e-03,1.070481998115763080e-03,1.022969686478333471e-03,1.181051715374580773e-03,4.180647713959233756e-04,3.121743935973999868e-03,3.781238719868822888e-04,2.934511194551195357e-04,2.743871930915780057e-04,2.958366031274454523e-04,7.151081490159591839e-04,4.040904373768894960e-04,5.179576270955573271e-04,1.953220718105971258e-04,1.547123214227242357e-03,3.099507062869428023e-04,2.419251298142520792e-04,4.694038580933136543e-04,1.072338657791434540e-03,6.055235989744460609e-04,3.326882448710375469e-03,1.035141604381976162e-03,1.937543567841050777e-03,1.491278308118975174e-03,3.646658086019432350e-04,7.332595174453977217e-04,7.085315583810209827e-04,1.298732314473023501e-03,7.778574452979542886e-04,1.266674069667226600e-03,1.125826463927108011e-03,1.339483730281135513e-03,7.647761152326647705e-04,4.683443618102941684e-04,9.314336942507165512e-04,1.855343511636303223e-04,2.392791499632936384e-04,2.897343406084631340e-04,8.150218505670440722e-04,7.531962674250421022e-04,1.649856999534738723e-03,2.351398117067730984e-04,5.326189189289188544e-04,9.655890260959964447e-04,1.067840107993360587e-03,3.816783324795468648e-04,2.228090709186293303e-03,1.832539873265391585e-04,2.680828205239170936e-04
4.462471640294459786e-03,3.185283800690887849e-03,0.000000000000000000e+00,5.087517638896798915e-03,1.736117366161365333e-02,4.085102542865787223e-03,3.651949626608060398e-03,2.998918320705907300e-03,3.476711676558149732e-03,2.181597401833878201e-03,3.358095124083285057e-03,1.691331493036044194e-03,7.286330125372117352e-04,5.239820217123896838e-04,5.372592687947732237e-04,2.131430810557178581e-04,2.531547263157128236e-04,1.818991512114360521e-03,1.467963543456134341e-03,1.961046109869471737e-03,6.445957449131349505e-04,4.624140638817520257e-03,1.187102467517342540e-03,1.256622035880001218e-03,2.095497802169323572e-03,6.197507627082462448e-04,7.817745037621790525e-04,1.646131556880896219e-04,5.463121063496620107e-04,6.453871151980568668e-03,1.021909382935223994e-03,1.346946469871272928e-04,1.438358034853976300e-03,6.764750824030120978e-04,6.201371409655197578e-03,4.982902168546057527e-04,1.678349572852693219e-03,2.325161304354800978e-03,3.942880530326398200e-04,1.687155072830915422e-03,5.166692208499489014e-03,1.286688745347404047e-03,2.681611341669935377e-04,1.772499168303656465e-03,1.219001573139367718e-03,1.113323032813963182e-03,3.021208841644113506e-04,1.838636968027944091e-03,1.673458125371874404e-04,1.605113462945665552e-03,8.719037052762260284e-04,4.428398968829490323e-04,7.027300879855391449e-04,2.164970749573968869e-03,1.610295919683908542e-03,5.127435932841419410e-04,1.269639627989474582e-03,2.432242650363199859e-04,2.420062706650402532e-04,9.798045894432003307e-04,9.871893109064859648e-04,1.551072333859990779e-03,1.831223345829985404e-03,1.790254207160445719e-03,2.940679530982848698e-03,6.694981753465016746e-04,3.861650891486614456e-03,4.879298027676132448e-04,6.457748352421112609e-04,1.244241802807219670e-03,6.588159801993636114e-04
1.629818699210561304e-03,1.115623606706035286e-03,5.087517638896798915e-03,0.000000000000000000e+00,2.755834143638441827e-02,5.652531427539324825e-03,2.015450323863667449e-03,2.680685480945966571e-03,1.988784853621955191e-03,7.321902766515481220e-03,5.487508193092508445e-04,1.276325239590195152e-03,5.739355184377916384e-03,4.039215364875241212e-04,1.594855216398793256e-03,3.759117318554811623e-03,5.461677943011689421e-03,1.647055564404053792e-03,2.833355217443170315e-04,1.774162186174363387e-03,1.380640270254007576e-03,5.589427126685688092e-03,2.627318568335782964e-03,4.336953486599827217e-04,1.785213664924126080e-03,2.366140530921005593e-03,1.518518401873054100e-03,1.773608459426720277e-04,2.349848804392774045e-03,3.745060984064174040e-03,3.194310806942393883e-04,7.025079973673317366e-04,1.084910869645127523e-03,1.729723120309462981e-03,1.807186346264415538e-04,1.252401318929507578e-03,2.014082118405085588e-03,2.536291467182476386e-04,1.551668442271970320e-03,2.879861917757603148e-04,2.967556167411175409e-04,1.243795655457792223e-03,2.838423581674118235e-03,2.235627654763292210e-03,5.539202165773005363e-04,1.371578710679828821e-03,5.355800317086012582e-04,6.128834604479797051e-04,4.605670766094399800e-04,2.760705548878524679e-04,1.014425987091857476e-03,4.603862377446544412e-04,1.180944260015621354e-04,4.573440747084668340e-04,2.973965729993382546e-04,1.458739205892812911e-03,8.095485276846886916e-04,5.864102986391382579e-04,1.600801609159182735e-03,3.556257824904694308e-04,1.006246260215994505e-03,1.294281433014007670e-03,6.349142114373230398e-04,8.184278450416726395e-04,3.981194597727705838e-04,2.448932764934807788e-03,5.980659692347985949e-04,1.751943239725045100e-03,3.600612611411872408e-04,1.328654078343801358e-03,8.805521190482903720e-04
2.386102240570975221e-03,3.084970862919827854e-03,1.736117366161365333e-02,2.755834143638441827e-02,0.000000000000000000e+00,1.707900951805973056e-03,1.564062175648464961e-02,1.061932542148521195e-02,7.493863825272440576e-03,9.007721281122451490e-03,2.556607802800675566e-03,1.617167445963924076e-03,9.631708116019065125e-04,8.739196492124319884e-04,9.856128495344302926e-04,5.323621408677752832e-03,1.531898750691315387e-03,2.580188154257241715e-04,1.015758152077913049e-03,3.219696081463050905e-04,1.604529713361388561e-04,1.485783397528426695e-03,3.185872533279107905e-04,2.371113755868211985e-03,1.198781532666709894e-03,5.341804769176071704e-04,1.282479426045476023e-03,2.319835063062496757e-03,7.985249302842545782e-04,4.200994255398319459e-04,4.694787895517022911e-04,1.134315418919811056e-03,2.560598666086874218e-04,5.289839058970286292e-03,1.853201002437035233e-04,1.526508299937462659e-03,1.706993913188801452e-03,4.207341204253658875e-04,1.286425051710207625e-03,1.161140422891090160e-03,1.903065841940849729e-03,6.863349368522612091e-03,8.896451885166930737e-03,3.664869914155079612e-03,3.294446935599564322e-03,8.678873847206709444e-03,1.519985383108144556e-03,3.752609033841190116e-04,1.640442463486051824e-03,4.510629698879710554e-03,1.586974834397741549e-03,1.150632955106179432e-03,1.422313436126124283e-03,1.631409362140446217e-03,2.344359572985420736e-04,1.270766454033585031e-03,1.086046101137493796e-03,5.199867535166906177e-04,3.571639135803059920e-03,5.174013842552144683e-04,8.881326797659472262e-04,1.768498452731976766e-03,3.194473154841647182e-04,1.678926419812174897e-03,9.555703460047474101e-04,1.967637334775696693e-03,1.684453980624277345e-03,7.005825833178813515e-04,5.143359275697167695e-04,5.633315082332812293e-04,8.176571106317796246e-04
5.950425457925533068e-03,8.433792055694779369e-03,4.085102542865787223e-03,5.652531427539324825e-03,1.707900951805973056e-03,0.000000000000000000e+00,1.374692572675701580e-02,6.470920880916548705e-03,7.336372009250661727e-03,1.151755414389086032e-02,2.229721447364865685e-03,3.904550072178908805e-03,3.000692523262209720e-03,4.876718131074779549e-04,1.999114176078225537e-03,2.978520579392603465e-03,6.722490340233514992e-04,2.338290484592536918e-03,2.513747171455781200e-03,3.312557330801022253e-03,2.040307159312131947e-03,4.023029125472585461e-03,6.869666756933498052e-04,1.127515648395037906e-03,2.761008527322580583e-04,1.976032870282871338e-03,4.499523965650475011e-04,2.876640305446865470e-04,1.919532061433205147e-03,3.963427061736647314e-03,9.442905307168957506e-04,1.119711882866387649e-03,1.175028571752567219e-03,8.830775233258971726e-04,1.524211790130462285e-03,1.333859344488506470e-03,2.998219136065871562e-03,1.225196430688981234e-03,8.774454141665595812e-04,3.558659618398503019e-03,1.305876624476293678e-03,9.188157525458510652e-04,1.748836840340555311e-03,4.409039529481787421e-03,1.264065650494308355e-03,1.973927078594318006e-03,3.657021531373544441e-04,3.679600922125472436e-04,1.280315867919650397e-03,6.743988143685647604e-04,5.493898012835048876e-04,3.201745723582322080e-04,6.709707599927189391e-04,1.599958767904805781e-03,2.133455470338379602e-03,1.285199237616638061e-03,2.568578086514059118e-04,6.040308316246501951e-04,1.120925617646611853e-03,2.605206410672566584e-04,1.034709443994964468e-03,2.967033588661447275e-03,4.402012045013262826e-04,9.917580722626927105e-04,1.147738404446919241e-03,1.178725177767613605e-03,1.383835528101272925e-03,4.565911363207635488e-04,1.643349706876996285e-03,1.015766716707584101e-03,1.784308313447738109e-03
1.360404367640209462e-03,4.723398220603784877e-04,3.651949626608060398e-03,2.015450323863667449e-03,1.564062175648464961e-02,1.374692572675701580e-02,0.000000000000000000e+00,1.592271572106901054e-02,4.701493386555731166e-03,4.340230047088210544e-03,7.452930956661670860e-03,6.770279492340948099e-03,7.880574941530201459e-04,1.912846591858234462e-03,4.580227757582815140e-03,6.110561985355648235e-03,7.060712273988313829e-04,7.451269162330847714e-04,2.551156424876510013e-03,1.283013535743073768e-03,5.433266154809173257e-04,1.627293197364798475e-03,5.050371413691507813e-03,5.026474469733495549e-03,3.302059664864065696e-03,2.684489266083284393e-04,6.978490600480448738e-03,1.518230195208638503e-03,2.529750387049418438e-03,1.561133558358905908e-03,1.841449879677875025e-03,1.322511378961838428e-03,1.011327168692971500e-03,5.377516331452994978e-03,3.503237565063663152e-03,5.808279336798683953e-03,3.662948173299911819e-03,2.549627539115704826e-03,8.718789019523051371e-04,2.173693424367908415e-03,1.761608989334458334e-03,1.934160443630407889e-03,8.723823079345348558e-04,7.565053529317349252e-04,8.625656518863096143e-04,1.098220568352937425e-03,2.645940702850279550e-03,3.115380974836925976e-04,1.168139935950939694e-03,5.045088593586742566e-04,1.167185517184382614e-03,1.301715027671316791e-03,4.453486549741943797e-04,9.049843536851082809e-04,5.917628193443831564e-04,6.849175102488451851e-04,9.893280545565014995e-04,1.335063887900683798e-03,4.036413597289125041e-04,5.825287818804423525e-04,2.524497684796817129e-04,4.107516091745950430e-04,1.634106009314283039e-03,2.420671438591432648e-04,1.070805426404608431e-03,1.840913805963451805e-03,5.701178932637971080e-04,3.389152865431981163e-03,9.722945385716559802e-04,4.116691389964750609e-04,6.153350291251268468e-04
4.642942248563211409e-03,8.465867461495855603e-04,2.998918320705907300e-03,2.680685480945966571e-03,1.061932542148521195e-02,6.470920880916548705e-03,1.592271572106901054e-02,0.000000000000000000e+00,1.068345057440160499e-02,8.153730140129317530e-03,1.330159180486817881e-02,1.572460340127160945e-03,2.612723728018069829e-03,2.054088332266632965e-03,2.713391722414016521e-03,8.780248554860462309e-03,5.023503022366109308e-03,3.916933877533148407e-04,3.744518349724284319e-03,3.624037315463631654e-04,5.291484625497395143e-03,6.148369738222452668e-03,3.044116157324291971e-03,2.505615832477221805e-03,4.914709454657386137e-03,2.290287996107268943e-03,3.463865115047972450e-03,3.091588382684348334e-03,1.888528232959343217e-03,1.791751119172078303e-03,2.214865991442513046e-03,1.282179713317571504e-03,4.096288982334688215e-04,3.831518631574798873e-03,9.854142671927928424e-04,1.045647626587875578e-03,2.807951558603882704e-03,2.092322174044866385e-03,8.551557759173241194e-04,8.662928614355872026e-04,5.452754742539115893e-03,4.727209309948033830e-03,1.391115808387446279e-02,6.667809137399572858e-03,1.749650323411016664e-03,8.472315356407059475e-03,3.205707756729677532e-03,6.831310981995439985e-04,1.137771338511471986e-03,3.352234373360327840e-03,1.012106496033482765e-03,5.056545199843301593e-03,8.141207452360275021e-04,7.062808511011726053e-04,1.057490611051556265e-03,2.208551184112510831e-03,1.948700720187586909e-03,1.476814190695384084e-03,2.186917676503667349e-03,3.458347327852714773e-04,7.623724780387627475e-04,3.129617515382022552e-03,1.786805314513794816e-03,2.509693364555757233e-04,9.948087340426446136e-04,5.689873498720723378e-03,2.786027278061779279e-03,9.148423027087236679e-04,2.113821308527299297e-03,1.106822644634283814e-03,1.414822937685509575e-03
8.044234927224492866e-04,1.563903055971627024e-03,3.476711676558149732e-03,1.988784853621955191e-03,7.493863825272440576e-03,7.336372009250661727e-03,4.701493386555731166e-03,1.068345057440160499e-02,0.000000000000000000e+00,4.578470520982689564e-03,2.616281928111501703e-02,4.272342741842238834e-03,5.477896041118827204e-04,8.917253681749528343e-03,1.217720878177651084e-03,4.172221588121529171e-03,1.157058886028469909e-02,1.318055257318106761e-03,8.155572267386323841e-04,1.241214024353668767e-02,1.544375064477002471e-03,8.460568012711773165e-04,3.167713786077343795e-03,8.045547986859979267e-03,4.685957169653167417e-04,3.162994212519208963e-03,2.848083289245001599e-03,4.666143880455376342e-03,1.124556683007131184e-03,6.680901651836603297e-03,5.830410091469555084e-04,8.910315267079638385e-04,5.516804172607660088e-03,1.768709539433164840e-03,3.883468675306310600e-03,6.296976848702917975e-03,3.136124891254930217e-03,4.262648964130814205e-03,2.419748321696633085e-03,4.227606201622309198e-03,5.162228286559753833e-03,1.899196373842300346e-03,4.020561255672304261e-03,2.417530790007075582e-03,1.577158880398883949e-03,1.373190548677755618e-03,1.191984584106902268e-03,6.067425721780320179e-04,1.821942880524082906e-03,3.040137505237976503e-03,3.785312628715611135e-03,1.468358309426265329e-03,1.159996138315966697e-03,2.045492718405637379e-03,4.601304038052234611e-03,2.561679007378559001e-04,1.696082439778743602e-03,2.220349916941206057e-03,4.499052971862494690e-04,7.035487559235556508e-04,6.376439716761245647e-04,9.930948181836565976e-04,1.019043312255608381e-03,5.274309480193822451e-04,3.655975177873421939e-04,1.978470763180621966e-03,2.049925835186199898e-03,3.506272713056965418e-03,1.302912377060388375e-03,3.157701520989902974e-04,1.696565920507187974e-03
1.485836797539049270e-03,2.067208063050471160e-03,2.181597401833878201e-03,7.321902766515481220e-03,9.007721281122451490e-03,1.151755414389086032e-02,4.340230047088210544e-03,8.153730140129317530e-03,4.578470520982689564e-03,0.000000000000000000e+00,1.267019700439189940e-02,2.647085162800918642e-02,7.437845702022507187e-03,3.680489232278922121e-03,1.719528141053859897e-03,6.000182513120149407e-03,1.719841943185572430e-02,4.635108708799910888e-03,2.738856773030387114e-03,1.693207173851853662e-03,2.554378569955214479e-03,1.201515819364167448e-03,6.400690193844595869e-04,9.409954611841893010e-03,6.483360399530811724e-03,1.286680076632677533e-03,1.346528259706828356e-03,5.679468392730650100e-03,1.569392013621523797e-03,1.470792687809506028e-03,7.110074204785627123e-04,3.789209457780226466e-03,5.399955656672963521e-04,1.536791805338757512e-03,5.319112646560170826e-03,1.319351557240134318e-03,2.499411100811388745e-03,6.407443422350511848e-03,2.027040899826605940e-03,5.360134919121460270e-03,5.410860281971277899e-03,5.492166558645123799e-03,1.255852629978256724e-02,3.632068686427639137e-03,4.055791965528653988e-03,4.529352883386247343e-03,1.857959136221586918e-03,2.185619820341969024e-03,1.516264033085714747e-03,7.945678122451570874e-03,2.603192841172663474e-03,7.004311306154150252e-04,2.820081508268694817e-04,3.804429332623299360e-03,1.823378185906727143e-03,2.909275286361623011e-03,3.262620108056436992e-03,1.030260552610835203e-03,1.017897752670186406e-03,1.852092871372360179e-03,1.353377701281813445e-03,1.106617185580602378e-03,1.864243102311900508e-03,8.814216453350416603e-04,4.629967489809241801e-04,9.916194009762760615e-04,5.404900527006436780e-04,2.098189140383259141e-03,2.649513950895224582e-03,3.975638122922164831e-04,8.611922736300527429e-04
6.906478399988732640e-04,1.653354128231100109e-03,3.358095124083285057e-03,5.487508193092508445e-04,2.556607802800675566e-03,2.229721447364865685e-03,7.452930956661670860e-03,1.330159180486817881e-02,2.616281928111501703e-02,1.267019700439189940e-02,0.000000000000000000e+00,9.803839318792258173e-03,3.394655921339166313e-03,9.436383637830773885e-03,8.188621800250666175e-03,3.866683655122392198e-03,6.285072605584316255e-03,3.816775113874131160e-03,5.407977015970589010e-03,2.530731778526694106e-03,4.021229383077147557e-03,2.059913626135370136e-03,1.396611682069069270e-03,4.470593076953056910e-03,5.662494859915405063e-03,3.642286841110811213e-04,2.614372008021551529e-03,6.998948431876316455e-03,1.802142432107509780e-03,3.146159406160813684e-03,1.088934263968657215e-03,2.483455611328083072e-03,9.112922451636426037e-04,1.101424614619702291e-03,7.208592787182104217e-04,4.733232430465366021e-03,1.369240995362126789e-03,9.807400583158367921e-03,1.454412294839678476e-03,5.154845372139674892e-03,2.866088999119063233e-03,1.525138578076001318e-02,1.151868941269943922e-02,8.516264035387188791e-03,8.557052029090496392e-03,1.351935029849734606e-02,3.129155215904891405e-03,1.690126568938413003e-03,1.295890392515424089e-03,2.887271653635513618e-03,2.073835074746121186e-03,1.357883577665092026e-03,2.203409027192071434e-03,1.333667221555881032e-03,1.856675705878756610e-03,7.887919422963952671e-04,3.136108236048290587e-03,1.264603672537041026e-03,1.690613613970436005e-03,2.052521374406320910e-03,1.577696295531672661e-03,4.142352719981193775e-03,4.876988857723496898e-03,2.947139488719729278e-03,5.402491373027198257e-03,6.884040255753485354e-03,8.920222657084871110e-03,7.728796177559611562e-03,1.842770952866186268e-04,1.078815520760049128e-03,3.066453061312246313e-03
5.148603166159427874e-04,7.474111290414885578e-04,1.691331493036044194e-03,1.276325239590195152e-03,1.617167445963924076e-03,3.904550072178908805e-03,6.770279492340948099e-03,1.572460340127160945e-03,4.272342741842238834e-03,2.647085162800918642e-02,9.803839318792258173e-03,0.000000000000000000e+00,1.052167598160940604e-02,1.799078958461574609e-03,4.816656760819649358e-03,1.533728924630319403e-03,2.632089586277254825e-02,5.697157986481731808e-03,1.441757331110838942e-03,4.124341231988265521e-03,2.390610969585264551e-03,4.326690573873037855e-03,3.485870481725435004e-03,1.179597992096382761e-02,1.014927667823691199e-03,6.847151415062331832e-03,6.566281500434696487e-04,7.677071656776836631e-03,1.670354289136025431e-03,1.319026687436745818e-03,2.720474633806883782e-03,6.455912880203207478e-03,1.689903835680037518e-03,1.862777591015769016e-03,8.823340917680677804e-04,7.384333067308602137e-03,2.582280275716522695e-03,1.069573377687696447e-02,2.002066982735034237e-02,2.970824443528997331e-03,1.792197625397533170e-03,2.722069124241681317e-03,2.110571531460114780e-02,5.961413697991251211e-03,9.929234649982800545e-03,9.633223527790311241e-03,1.669713312846181873e-03,1.325634561588673582e-03,1.018340285912513023e-03,2.992131817016801306e-03,1.854031330860252298e-03,1.806760995643833358e-03,5.433378937959347987e-04,1.323377065941590443e-03,4.037123385411217798e-03,4.126493007938335927e-03,7.660648219625110786e-04,4.111631877975126768e-03,3.653284795054768681e-03,4.445859005653911397e-04,7.287048914299082370e-04,2.387608180947518519e-04,2.744542330377211688e-03,5.081696676957627237e-03,1.632549608631937233e-03,1.419696028009920143e-03,5.512396044195966467e-03,1.758163664845502003e-02,1.120196014157086696e-03,7.552116915130486358e-03,1.380825261624583564e-02
5.316024249647431340e-04,5.030082393870908717e-04,7.286330125372117352e-04,5.739355184377916384e-03,9.631708116019065125e-04,3.000692523262209720e-03,7.880574941530201459e-04,2.612723728018069829e-03,5.477896041118827204e-04,7.437845702022507187e-03,3.394655921339166313e-03,1.052167598160940604e-02,0.000000000000000000e+00,2.187894588211690416e-03,4.318424317511647577e-03,9.721502335223725436e-03,5.410762338650057512e-02,5.071494898013183088e-03,1.265407653388594391e-03,1.600817204323024684e-02,5.481917612326229865e-03,1.533878707136326945e-03,7.890523658773896526e-03,9.333265879247732225e-03,4.707100770621258298e-03,2.763169545352699846e-03,1.691559098253712923e-03,6.252889050976597266e-03,2.730421841975919778e-03,2.460023681298896189e-03,8.198288686376934429e-04,6.546811565383019085e-04,7.878082192760650550e-04,2.777534275726003133e-03,3.152080223414577016e-03,4.499083469716606831e-03,2.890562798065077297e-03,6.712997715573656814e-03,1.268818287387390477e-03,1.691175049262300242e-03,8.921622374397239486e-03,4.055068755958970116e-03,6.402814075696240670e-03,2.964854600867157953e-03,6.132176001429500865e-04,5.241889028128694263e-03,1.347630336537942747e-03,1.202307115588990751e-03,1.965978529188281473e-03,2.195908057717640451e-03,1.515987936536005755e-03,1.668319617015030353e-03,1.725982306919695642e-03,5.270607646063315763e-03,3.385001600594099956e-03,2.908522017723593617e-03,2.485233021494490969e-03,5.576709393027378878e-03,6.241390458432301541e-04,2.695696799872513306e-03,1.517082422834999545e-03,1.890748845679637250e-03,1.888033058548084899e-03,5.325917462009563961e-04,1.124931576114941364e-03,9.135590065950757082e-04,1.792807965985046504e-03,2.515630820456282810e-03,5.646333604933726283e-03,1.823788700050900727e-03,6.278235224854903209e-04
6.832539767966434472e-04,1.130430740697156581e-03,5.239820217123896838e-04,4.039215364875241212e-04,8.739196492124319884e-04,4.876718131074779549e-04,1.912846591858234462e-03,2.054088332266632965e-03,8.917253681749528343e-03,3.680489232278922121e-03,9.436383637830773885e-03,1.799078958461574609e-03,2.187894588211690416e-03,0.000000000000000000e+00,9.043954348511450050e-04,2.679405506629352340e-03,6.364311266695012181e-02,4.939556356422968725e-02,8.058973773083713890e-03,3.721487502701336519e-02,6.749163748053496614e-03,4.061714082984682617e-03,1.277816091185623917e-03,1.626595374636066738e-02,3.066467797299078559e-03,1.737186633791553032e-03,4.003897444887266968e-03,2.182250540364020358e-02,1.919833381574510400e-03,2.906943746270106849e-03,6.962602782244773324e-03,3.870636316672850050e-03,4.812505052448185459e-03,1.614291529148964349e-03,1.100639305078892965e-03,1.417410371313177452e-02,8.773046009115918363e-04,4.755274923109224783e-03,6.339262335520799534e-03,2.515611957268070430e-03,1.056309933304552459e-02,1.906403613014977846e-03,1.185053397668535749e-02,7.760708352367121435e-03,3.854983485503398963e-03,8.972339541874141877e-04,1.320504362293640089e-03,2.019036189965422393e-03,1.505141785605764674e-03,2.168879572346546318e-03,9.564716152775320189e-04,4.167771813795538571e-03,3.244036040979390509e-03,2.117012163968902839e-03,1.137006760086775765e-02,9.249256047516408313e-03,7.766211911783202620e-04,4.783625319759018425e-03,9.575207730464394777e-04,1.613272551826125389e-03,4.050048667132331685e-03,5.929989686776906271e-03,1.701589767633494843e-03,1.832508813697854375e-03,8.712538759253351736e-03,3.930250292764199752e-03,3.303508512232816198e-03,5.117326982742823049e-03,1.329201622349698592e-03,4.712679146613310034e-03,9.818938630550529470e-03
2.872994721192914441e-04,1.089874624676165485e-04,5.372592687947732237e-04,1.594855216398793256e-03,9.856128495344302926e-04,1.999114176078225537e-03,4.580227757582815140e-03,2.713391722414016521e-03,1.217720878177651084e-03,1.719528141053859897e-03,8.188621800250666175e-03,4.816656760819649358e-03,4.318424317511647577e-03,9.043954348511450050e-04,0.000000000000000000e+00,3.738516369172530801e-02,7.124555896326527360e-02,6.718303352640564441e-03,7.062082347429394190e-03,1.080868566079676470e-02,5.143525209881585555e-03,1.030447220462110246e-03,1.839582045782608630e-02,1.269174278102599106e-02,2.783428462024535501e-03,4.222967210671719866e-03,2.694875103733030200e-03,1.584771650310020166e-02,4.804557534775524309e-03,5.615370081624024116e-03,7.334065692531291716e-03,8.128244878413704369e-03,5.355454901258886909e-03,1.323298351930578525e-03,9.239715302075478254e-03,5.965547364844786191e-03,9.900474047723597029e-04,5.678519809455493880e-03,5.006994318899462247e-03,3.001974836157605096e-03,2.587830154814780518e-03,2.552583822118147626e-03,1.404433521332218611e-02,1.963155440018638995e-03,3.398254216935380975e-03,1.634139529407690160e-03,3.784111303553740462e-03,1.510682884632261712e-03,5.232230032636966954e-03,1.503102512305635324e-02,6.167429965573685557e-03,4.782515985592357063e-03,5.878191720763280281e-03,6.882140477443619495e-03,1.299360548094973108e-03,6.579470220787046221e-03,1.213774823696619305e-03,4.528849360425975246e-03,1.324926765645492461e-03,2.919048068294434386e-03,2.560843024508922816e-03,6.930243815308564578e-03,3.231397290081359976e-03,3.806382458628551884e-03,5.818500736044802252e-03,5.039523846007509453e-03,1.814659956620681041e-03,1.439996319600987500e-02,1.486407522154973475e-03,1.641728321149584641e-02,2.409260912168807028e-02
4.110669110350594828e-04,1.598706328452311008e-03,2.131430810557178581e-04,3.759117318554811623e-03,5.323621408677752832e-03,2.978520579392603465e-03,6.110561985355648235e-03,8.780248554860462309e-03,4.172221588121529171e-03,6.000182513120149407e-03,3.866683655122392198e-03,1.533728924630319403e-03,9.721502335223725436e-03,2.679405506629352340e-03,3.738516369172530801e-02,0.000000000000000000e+00,1.251778803404058477e-02,1.849984745800020702e-02,2.495767590573393004e-03,3.761010266832502235e-03,7.130410002541253886e-03,4.874801540584582961e-03,2.889837562460341892e-03,5.120135759860101540e-03,1.311030021123068233e-02,1.791252172748982775e-03,3.975679498550782447e-03,2.711306492793026310e-02,2.485898220824985308e-02,1.321094729683847460e-02,9.978792405799309304e-03,4.355249437579971662e-03,6.018418243673609273e-03,6.859998946590481960e-04,4.075651175348388167e-03,4.508442823898254834e-03,2.974696818042046626e-03,1.892496854964159170e-03,7.223684661363517084e-03,7.120765060513214702e-04,1.547068111876772137e-03,8.176091327906417211e-04,1.093597613957511885e-02,2.054814774384808307e-03,2.018001025740263823e-03,2.225097708817985742e-03,1.003050106538025052e-03,3.049250533832549223e-03,1.278032014364261122e-02,8.419069042797780456e-03,5.869440371847357667e-03,7.643305572268867254e-03,1.380776525622963956e-02,3.319278789740850132e-03,4.736090428272198179e-03,2.136889702553205171e-03,2.633177707249872383e-03,1.150113642289829312e-03,8.620760708967993135e-04,2.034269865553007747e-03,8.237745308606624940e-04,4.645500729832670317e-03,3.415205580658525319e-03,1.492956790648991084e-03,3.809450321750851038e-03,1.039511235763068697e-02,3.449153211968650472e-03,8.336957110237151747e-03,2.229443531664848654e-02,8.576251874245289022e-03,2.216773265403771884e-02
4.727445892193706542e-04,2.380240155622691484e-04,2.531547263157128236e-04,5.461677943011689421e-03,1.531898750691315387e-03,6.722490340233514992e-04,7.060712273988313829e-04,5.023503022366109308e-03,1.157058886028469909e-02,1.719841943185572430e-02,6.285072605584316255e-03,2.632089586277254825e-02,5.410762338650057512e-02,6.364311266695012181e-02,7.124555896326527360e-02,1.251778803404058477e-02,0.000000000000000000e+00,3.078035402830420555e-02,2.351541142458218187e-02,2.022720674700891064e-02,2.259881671033663053e-02,6.508917012910596551e-03,1.179217400119581330e-02,1.273525180734823639e-02,5.520655845660399526e-03,1.311851264721354549e-02,1.445153847772219502e-02,1.695884169722015541e-02,4.550850264288237509e-03,1.039514026524845751e-02,4.519864214219390663e-03,2.893758680141975473e-03,1.206782650155119319e-02,1.807519729501696733e-03,1.242287918536330018e-03,5.837891510135606284e-04,1.317460027151111553e-03,9.158430443512997551e-03,5.179131778379750424e-03,2.202186643926754873e-03,3.110092452051456662e-03,2.589500269303162457e-04,1.142159340671620137e-02,2.169441654720011964e-03,1.675223633550694102e-03,8.173303988711109547e-04,1.538450154033689683e-03,2.262931288246619425e-03,2.312103587642855632e-03,2.688966360212859206e-03,1.864062971910941799e-03,3.672084879080506677e-03,3.483144110628492995e-03,4.000275267314530071e-03,2.384722813507661118e-03,1.874624524206159682e-03,9.649562431411196463e-04,1.114580142477254818e-03,4.202551930352590222e-04,1.817665576769340397e-03,9.384917924967480646e-03,3.556172454872669284e-03,1.788727986157985289e-03,3.298010598418933854e-04,3.847109862810296765e-03,3.389791768468807757e-03,1.746630616182853540e-03,1.522586547175921838e-02,2.369578056298553715e-03,6.261304977500658196e-03,1.769905090290437369e-02
2.840662513885276437e-04,4.138338580047256515e-04,1.818991512114360521e-03,1.647055564404053792e-03,2.580188154257241715e-04,2.338290484592536918e-03,7.451269162330847714e-04,3.916933877533148407e-04,1.318055257318106761e-03,4.635108708799910888e-03,3.816775113874131160e-03,5.697157986481731808e-03,5.071494898013183088e-03,4.939556356422968725e-02,6.718303352640564441e-03,1.849984745800020702e-02,3.078035402830420555e-02,0.000000000000000000e+00,3.077863741281462381e-02,3.701161231687543404e-03,2.479567863207951875e-02,4.163276477523128287e-03,1.081645985929069291e-02,6.575430762030804940e-03,1.101983878988847636e-02,4.462831547919584273e-03,2.128450971858293107e-03,2.078489503917285708e-03,2.213050254182574554e-03,7.578501550806217985e-03,2.382766960316426777e-03,1.461073518490296069e-03,4.568878990935538661e-03,3.043877608647548982e-03,9.503963457265821816e-04,9.296308591565091489e-04,3.504629015094923132e-03,2.584882906116451121e-03,3.104348135071391835e-03,3.797155793495334518e-03,4.844873793291296017e-04,4.256103237749784391e-04,8.561415561079419641e-04,1.711055664854575211e-03,5.875741644152047104e-03,3.287092413550086675e-03,2.286834528030766422e-03,2.059893014040272557e-03,2.851930118939770276e-03,9.517770684842905091e-04,8.346787226726636207e-04,4.806553363345421326e-03,1.205407975618288550e-03,1.337612046585276394e-03,5.440013644228671764e-03,3.076564250430642751e-03,4.844476154211198836e-03,2.057137310015035459e-03,5.408881523705223217e-03,9.665256309257373073e-04,6.020925917614702643e-04,1.068489555864565038e-03,4.412935261971625590e-03,8.451153132255201893e-04,5.999998149987684909e-03,1.070098246579258977e-02,1.393198859307519244e-03,8.263147476625844895e-03,1.010192231063979963e-02,1.089333087328207481e-02,2.889952021480077585e-03
1.261059430161508548e-03,1.468269909146488039e-03,1.467963543456134341e-03,2.833355217443170315e-04,1.015758152077913049e-03,2.513747171455781200e-03,2.551156424876510013e-03,3.744518349724284319e-03,8.155572267386323841e-04,2.738856773030387114e-03,5.407977015970589010e-03,1.441757331110838942e-03,1.265407653388594391e-03,8.058973773083713890e-03,7.062082347429394190e-03,2.495767590573393004e-03,2.351541142458218187e-02,3.077863741281462381e-02,0.000000000000000000e+00,1.548590599732413420e-02,1.642113534344274636e-02,2.301741100174661825e-02,6.295579609920909717e-03,9.755319800832209717e-03,1.466992079172286384e-02,1.191689629311645966e-02,6.175860692338350742e-03,2.381164652858108396e-02,6.498710644022907476e-03,7.530176973403567356e-03,1.187239081834761886e-02,3.052354196167237580e-03,2.303521896254286279e-03,9.386423272121608525e-04,9.404850781366950498e-04,2.096609305593880208e-03,6.921706858388699223e-03,4.251551685723675873e-03,6.861807723733780303e-04,2.686088518658347711e-03,3.180145050310204027e-04,2.128182462339257754e-03,1.016495091486077033e-03,2.082625305387337655e-03,3.372717628292124827e-03,2.314694005978358820e-03,3.552965194257158479e-03,3.168339332692571460e-03,3.048507556986559085e-03,3.544687371277288786e-03,1.201422835311383814e-03,5.048250482661655221e-03,3.477224450408595083e-03,2.983441168035515928e-03,1.454969674501951221e-03,2.520611020572302834e-03,9.413387275782295061e-03,4.403168310529380694e-03,4.908608030448797198e-03,2.768872239750568703e-03,2.818178374399155518e-03,8.473581777455334481e-04,2.809157032257818438e-03,3.812161887330689503e-03,1.901664180857658842e-02,1.071607610753734161e-02,9.486452401920133712e-03,1.358894085410438865e-02,2.347061564762760108e-02,4.107090141155992150e-03,2.839463318637098881e-03
3.510109526996151225e-04,5.204311153246950162e-04,1.961046109869471737e-03,1.774162186174363387e-03,3.219696081463050905e-04,3.312557330801022253e-03,1.283013535743073768e-03,3.624037315463631654e-04,1.241214024353668767e-02,1.693207173851853662e-03,2.530731778526694106e-03,4.124341231988265521e-03,1.600817204323024684e-02,3.721487502701336519e-02,1.080868566079676470e-02,3.761010266832502235e-03,2.022720674700891064e-02,3.701161231687543404e-03,1.548590599732413420e-02,0.000000000000000000e+00,2.674494764336467906e-02,2.079785204525322340e-02,3.324658320761766928e-02,3.984191031808011901e-02,2.709551452507487357e-03,1.194128062368270300e-02,2.990917709581372881e-03,7.235016420277138975e-03,1.741507764210437547e-03,1.105631119669495122e-02,4.133190151190963522e-03,1.392185588898557950e-03,1.325944761178907312e-02,1.842373322091879441e-03,3.727027451148361235e-03,2.299354709311561724e-03,1.588520001506296686e-02,4.293747990183629203e-03,1.153950641785050609e-03,1.923536752358133038e-03,3.897373746704531632e-04,2.484079121635820488e-03,1.064807686438902111e-03,1.764865601774056811e-03,1.574617017317514554e-03,2.560515595478958864e-03,5.111974133390331798e-03,1.582972048933757201e-03,8.694885746628629435e-04,7.883006339537685855e-03,1.362311836397377303e-03,2.410270329585292165e-03,4.586203733124400231e-03,1.424014559193547292e-03,5.773494911489067058e-03,7.682305224286451774e-03,6.666068102309772453e-03,9.578447377231584861e-03,2.874104485253894514e-03,8.284581881206061309e-04,1.211870341632012484e-03,1.551026558472949146e-03,1.147923502084861663e-03,3.071530325539368732e-03,1.540065716570830114e-02,1.391995819682268279e-02,2.632499433896321600e-03,2.062260302164530337e-02,1.452100654635664345e-02,1.863898304242586623e-02,9.936201466017056949e-03
2.313735734092471088e-04,4.044256794381048225e-04,6.445957449131349505e-04,1.380640270254007576e-03,1.604529713361388561e-04,2.040307159312131947e-03,5.433266154809173257e-04,5.291484625497395143e-03,1.544375064477002471e-03,2.554378569955214479e-03,4.021229383077147557e-03,2.390610969585264551e-03,5.481917612326229865e-03,6.749163748053496614e-03,5.143525209881585555e-03,7.130410002541253886e-03,2.259881671033663053e-02,2.479567863207951875e-02,1.642113534344274636e-02,2.674494764336467906e-02,0.000000000000000000e+00,9.541696378243466614e-03,6.692393712432256891e-03,1.894549685084704130e-02,6.165161992620025837e-03,1.390614368548836154e-02,1.307389188350514472e-02,1.717346544446694823e-02,1.493384731032130174e-02,2.153741580821810428e-02,1.040134728717330079e-02,9.103069580811688766e-03,9.363175078139048674e-03,3.985709638336908979e-03,7.449906288714416153e-03,3.185983900183637137e-03,1.029771171323601211e-03,1.432076855978469320e-03,7.850882264943136873e-03,1.104308468199294638e-02,1.423854792204795041e-03,4.547367798176452959e-03,1.149469702770930394e-03,6.774229491148819633e-04,1.184251170753797787e-02,1.627532568382336967e-03,5.025675893598613789e-03,2.757201345777138182e-03,1.860097846679513185e-03,1.067135222187725122e-02,1.377506328298117337e-03,2.892590795038316002e-03,6.332041632064143704e-04,9.955239638411985878e-03,1.681759114553366477e-02,1.998180970248288404e-03,5.165314094815025465e-03,7.976475901899976375e-04,1.065325403916440221e-03,2.148126857388426517e-03,1.115277712921254605e-03,1.722613953675421411e-03,8.938648690782151742e-04,7.805267050661559430e-03,1.033304589848699391e-02,3.944650869081307853e-03,1.392665371694193181e-02,1.934733561405933139e-02,5.590791591837517699e-02,2.417046507586355711e-03,3.090261615686958410e-02
6.289814104707422762e-04,1.248380816106105760e-03,4.624140638817520257e-03,5.589427126685688092e-03,1.485783397528426695e-03,4.023029125472585461e-03,1.627293197364798475e-03,6.148369738222452668e-03,8.460568012711773165e-04,1.201515819364167448e-03,2.059913626135370136e-03,4.326690573873037855e-03,1.533878707136326945e-03,4.061714082984682617e-03,1.030447220462110246e-03,4.874801540584582961e-03,6.508917012910596551e-03,4.163276477523128287e-03,2.301741100174661825e-02,2.079785204525322340e-02,9.541696378243466614e-03,0.000000000000000000e+00,8.481874800308824777e-03,4.450432639262823925e-02,3.612999299319856472e-02,3.104184213490066360e-02,1.458387454428595326e-02,3.115323756637421865e-02,1.343502724988482333e-02,2.440673732493101739e-03,5.407978947332478872e-03,1.461611963226106762e-03,2.412396438818950606e-02,6.986307880268168881e-03,9.368456177798894797e-04,5.757323640532876693e-03,1.226212932972774172e-02,2.842807181402192025e-03,1.959152721015299144e-03,3.798740185502409543e-03,2.085543249583598178e-03,1.668865438467997215e-03,2.209770002769181809e-03,1.014520911166767562e-03,3.536224841035029084e-03,6.034254003519372474e-03,7.750763278100055928e-03,1.373187085372884995e-02,5.373810144967852524e-03,2.445752092376626569e-03,4.535443550866502700e-03,2.295990446764922723e-03,1.459531823885638121e-03,2.520321486170128307e-03,4.159801079329253533e-03,1.622925127968827480e-03,4.845373783687655610e-03,4.595121374939433422e-03,1.510009624954683147e-03,1.094884380460699365e-02,7.897531704469501132e-03,4.429371587540260023e-03,1.370587600070521635e-03,1.293126375553109095e-02,2.978006348861824207e-02,1.461273127721895125e-02,3.178530643094393260e-02,1.742106167917993956e-02,9.734219318867313314e-03,2.743328279559109281e-02,7.059394770287565589e-03
