0.000000000000000000e+00,8.296006808779111258e-03,1.982804990710666793e-02,2.463130908404205163e-02,1.964197053960376610e-02,5.756641787117103976e-03,1.256262529217719130e-02,1.285106778547432348e-02,1.768146148664360073e-03,2.411304636520143416e-03,7.166034921255864075e-03,1.435405374716290303e-02,2.837720225071604929e-02,4.627881569837077186e-02,3.006736039506343466e-02,1.873723531398999165e-02,4.072133138467460417e-02,5.064387289832044704e-03,4.736877999658556902e-03,1.606719316733491157e-03,3.821358307907071067e-02,9.416420966728455966e-03,1.079262979166235523e-02,4.645124488744611924e-02,9.354647048011708113e-03,5.172020729982466231e-03,5.158697237335194141e-02,1.101827391639804456e-02,8.020131252666101371e-03,5.579525049992152541e-02,1.904898723216834691e-02,2.952815662093524404e-02,1.013768953114434906e-02,1.484737429395287765e-02,1.672624953669624853e-02,2.351169775966055475e-03,5.341643060938502593e-03,4.024253718347275965e-03,1.522016158467332479e-02,1.770516393346995010e-02,1.715360287725264596e-02,1.647831181378883736e-02,3.197242370109327353e-02,3.111111390413276098e-02,4.025365300831301729e-02,1.487145895138867330e-02,4.633810312542157445e-02,6.454913344094902368e-03,3.492120542401516703e-02,7.958555701971950155e-03,1.475714457222756723e-02,9.420874631487937551e-03,1.557143579557884912e-02,2.285855216114480656e-02,1.072655729854604147e-02,6.103016015833425019e-03,2.235341837923050801e-02,3.719041332916141890e-03,2.879309045951589444e-02,3.586934280519715919e-03,3.172176130232307652e-03,6.764548092613136346e-03,1.397064572035320966e-02,3.355901292665411373e-02,2.664367347228096747e-02,7.880947192499562423e-03,2.107065365821910591e-02,2.639289955758200579e-02,5.260085346860268220e-03,6.348889425669046807e-03,5.293305522698057465e-03
8.296006808779111258e-03,0.000000000000000000e+00,3.167391109893295115e-02,3.188350507247052906e-02,2.146389394407113849e-02,1.037065488276584131e-02,6.527314922333192666e-03,1.493898069054838901e-03,5.672501335375400994e-03,1.358748412018136956e-03,4.097467693527328918e-03,9.290075198250254823e-03,5.433480960169829316e-02,4.489082329350146255e-02,5.155161821101766906e-02,3.557377796421614530e-02,6.302587813433213615e-02,2.925236874063971357e-02,2.102664916195786521e-02,6.638230520167865550e-03,4.307988765563906808e-02,1.413566619443351081e-02,1.661809577444382444e-02,6.552180841776165943e-02,2.650089442182421151e-02,2.104955865021200523e-02,5.488812718413048353e-02,1.620585255636517244e-02,2.855643206802044656e-02,4.843342874648251528e-02,2.477940303718647805e-02,1.944010925747463939e-02,1.125322711524020559e-02,7.566556236416416281e-03,6.788618764445409487e-03,4.589299140603235461e-03,6.804369462151267124e-03,7.239514412877282555e-03,2.729091582904422109e-02,1.771936076241337893e-02,1.105206335436895865e-02,3.022342602148721941e-02,3.090172327802249291e-02,7.908309310891226476e-03,4.866983130707849131e-02,1.186060500212780290e-02,3.758087471501790622e-02,1.818458710810691784e-02,2.671318969099504767e-02,1.797171361652409594e-02,3.980022037936965101e-02,4.896274979551133028e-02,9.264960361961890184e-03,4.309879130818744693e-03,1.909906683225706669e-02,1.702859970664204973e-03,3.846196116925578671e-03,1.581781037817155122e-02,2.623546806052833372e-02,1.317867411896132129e-02,2.258934402722676676e-02,8.266843085138140743e-03,4.405425286341162899e-02,4.552602596878230906e-02,2.750317013043929518e-02,1.245553363309088654e-02,4.070687265840514102e-02,2.138933803730446587e-02,7.294662569423598919e-03,1.327111053913759657e-02,8.105972275070814567e-03
1.982804990710666793e-02,3.167391109893295115e-02,0.000000000000000000e+00,7.694472656728079674e-02,5.689782472321953943e-02,1.366610557783476398e-02,8.340136659211627723e-03,1.599933968774706894e-02,7.445908803757355157e-03,9.717829755067979372e-03,8.550494758001734794e-03,6.394098616655843545e-03,5.175459659607857532e-02,6.765994144912912400e-02,6.521371747143545061e-02,4.234164788793733092e-02,8.491092169156420899e-02,3.246005350587458094e-02,6.902884771201509007e-02,1.765410835245405374e-02,2.932319144837038788e-02,3.968464766773394797e-02,9.022425436243840247e-03,5.360137756986954605e-02,2.099846516347292358e-02,1.129588574249473093e-02,7.439936461067329920e-02,4.280418528319961807e-02,1.073318400757742631e-02,5.841648225824672136e-02,1.950707726863703043e-02,2.972072840731615137e-02,1.939795992381358747e-02,3.572864472996716001e-02,6.881198827155583439e-03,1.580547139714948146e-02,4.773822606906842105e-03,2.270844088390861631e-03,9.528326652190893462e-03,1.202351857797986576e-02,3.582025734496037742e-03,6.123384676093465012e-03,1.961225356628340868e-02,2.270195413560507219e-02,1.845181352695488344e-02,2.067548841213482855e-02,7.394560362335175774e-02,3.217690768473910334e-02,7.176626375603885333e-02,3.903277623575007738e-02,6.868771005457974255e-02,2.907811267225686447e-02,2.869604788563272224e-02,2.267013364708266206e-03,1.596800284988993471e-02,2.163835240343651468e-03,1.188639220929589395e-02,6.121862508917557018e-03,3.431419839250834936e-02,3.357547662247211545e-02,6.599541213567936340e-03,6.511695690974446567e-03,3.836542394104282272e-02,3.391581365869436593e-02,3.091936349571751744e-02,2.463042588975625918e-02,2.990062863126873374e-02,2.694283824635994654e-02,1.798211329789086918e-02,1.292802573062958038e-02,1.044772482128038249e-02
2.463130908404205163e-02,3.188350507247052906e-02,7.694472656728079674e-02,0.000000000000000000e+00,2.842046310607658499e-02,1.409958058933881604e-02,1.333661784918285624e-02,5.650142406649592830e-03,4.430248124790529818e-03,3.638392175760233466e-03,2.108340058905120232e-02,1.557710214702936503e-02,5.703353180333863015e-02,5.926409703749722924e-02,5.148464660887526467e-02,5.588780357952788380e-02,6.159688504910600798e-02,2.533206103132515027e-02,2.114995891485596871e-02,9.711197196165454945e-03,4.456474284439913142e-02,1.654069443411440576e-02,5.589134712127908668e-03,3.818662251812082742e-02,9.336780769504988628e-03,6.120401078277330938e-03,5.592598229654409392e-02,7.691414364814493435e-03,1.217401353078337474e-02,4.830943710965567711e-02,1.082365847945386886e-02,3.973220602062801921e-02,1.440280639317756926e-02,2.950262780695311893e-02,1.440904910605223313e-02,3.293667197828885774e-03,2.475603624915703217e-03,5.893479272569151356e-03,1.637510215987711751e-02,2.508770309288537240e-02,1.997447563906411261e-02,1.239974773702376409e-02,3.249282357608383742e-02,1.711785167831908136e-02,3.348788097783777368e-02,1.353992141718499999e-02,8.259963268793450719e-02,1.814931015629829558e-02,5.487672584988950025e-02,2.517111732569240340e-02,5.198860415711866606e-02,3.725407018734681885e-02,1.767881718439943961e-02,2.055851080412489373e-02,2.192249022958853502e-02,1.207444403481844168e-02,1.400368714294170959e-02,1.659152140384138191e-02,5.785751972551852335e-02,9.603673521678377650e-03,1.626811756387478575e-02,7.855768014995833520e-03,5.785049467663119782e-02,4.249538739097514367e-02,3.482372131203863297e-02,2.002976908934982203e-02,3.515465811251740347e-02,5.282423547980628215e-02,2.043062980595563086e-02,1.122425639513539332e-02,5.602939894819535666e-03
1.964197053960376610e-02,2.146389394407113849e-02,5.689782472321953943e-02,2.842046310607658499e-02,0.000000000000000000e+00,7.813406943320154799e-03,1.407386488609525983e-02,1.862703994272845581e-02,1.477102144239849160e-02,2.562036047500799649e-02,5.562604976586661872e-03,9.463081730337052910e-03,6.376039677649589232e-02,7.584642773445947339e-02,9.834889563648849253e-02,6.841632823175790301e-02,1.085654871525981724e-01,7.576003203508499539e-02,8.727435043579259699e-02,3.603552186368336185e-02,4.252460006083139815e-02,6.036599293447592746e-02,1.530139997364432861e-02,6.919165778561013613e-02,2.033874205143628919e-02,1.913204548984335368e-02,6.511365476882885472e-02,2.891702486263626748e-02,2.412786346512553470e-02,5.339157609951065281e-02,2.422283530114141895e-02,2.189204711572344947e-02,9.232670348976228236e-03,1.024724658257412067e-02,1.719946340899709044e-03,6.618452656840396672e-03,1.650419597730848299e-03,5.616750857263361207e-03,7.353221526177980590e-03,1.056522919438117325e-02,1.887969994565350841e-03,2.519607983245157959e-02,1.909827586330363133e-02,2.082557212798114704e-02,3.637531038144553586e-02,1.464119381666113134e-02,4.956435257252878035e-02,1.937166679000925859e-02,4.952140463505582541e-02,3.431093128510852991e-02,1.055047340686257329e-01,9.184185456734189623e-02,4.866420742033428226e-02,1.719691433429200098e-02,5.231421225477324299e-02,9.599897907566663779e-03,4.067874400019844475e-03,2.976348444901243465e-02,4.103776708510206706e-02,2.118264999048843911e-02,3.662907770352722553e-02,1.443971885420640942e-02,7.201337464296105051e-02,5.465510769358297716e-02,4.515805973424738551e-02,2.469698621225509261e-02,3.940134498681775732e-02,3.714236920433460626e-02,2.560908143250998151e-02,2.338933558229744705e-02,2.006628085353478336e-02
5.756641787117103976e-03,1.037065488276584131e-02,1.366610557783476398e-02,1.409958058933881604e-02,7.813406943320154799e-03,0.000000000000000000e+00,1.005495776536982772e-01,6.247823429668979828e-02,1.216216859726206023e-02,1.573842214305638809e-02,5.467417392264574579e-03,1.068481518760794682e-02,1.734361893971301041e-02,4.365915917245517808e-02,5.590039845922462752e-02,1.338771035144176863e-02,4.703741314274095114e-02,4.375202361672712870e-02,8.477314383021071487e-02,5.852193710190328746e-02,4.024303454693688165e-02,6.665427272694506022e-02,3.937820039387236737e-02,7.827803012062613253e-02,3.053399941729153383e-02,1.669028305743498752e-02,7.735357179488566715e-02,4.462125953467264289e-02,1.278918450231327462e-02,6.127674838399485568e-02,3.203751096790233982e-02,1.831196086909767096e-02,1.306572398269686616e-02,5.552926266747960221e-03,3.909505507887999637e-03,8.613239701619658170e-03,1.792394249883306860e-03,2.132604777761411448e-03,1.422012688267379130e-03,8.133954032671497983e-03,1.513309513878612848e-03,6.141118246005728906e-03,2.044645753714790376e-02,1.462786376517397069e-02,1.576755426940150417e-02,2.514435220374976535e-02,5.427641257945210046e-02,2.882656341565752525e-02,8.322215645602726308e-02,3.291817320226382571e-02,9.583145137936356639e-02,4.626578433702615428e-02,3.849740642361791643e-02,1.704479865700044353e-02,2.906535794847229029e-02,1.488369282090479598e-02,8.397210277219671268e-03,7.340796713155921596e-03,2.947087484110384389e-02,1.860446549384538184e-02,3.832483185764522064e-03,6.333821172515169580e-03,3.398165728399067664e-02,4.327572287557736319e-02,4.705568262089003528e-02,1.056132959505850025e-02,1.966674000240125827e-02,6.257587830746735857e-02,4.225306212571027474e-03,1.529361849596390767e-03,1.209508973563115306e-03
1.256262529217719130e-02,6.527314922333192666e-03,8.340136659211627723e-03,1.333661784918285624e-02,1.407386488609525983e-02,1.005495776536982772e-01,0.000000000000000000e+00,3.100146223927078074e-02,3.115772557826803138e-02,1.244697213896705026e-02,3.686198989947262611e-02,3.289549472526751787e-03,2.322124293862835517e-02,5.365425025527814640e-02,5.526410197996705492e-02,4.013595786901076601e-02,5.765422315162025552e-02,3.413716131887149091e-02,4.335076276151711427e-02,2.430946576660935818e-02,6.015430916865491945e-02,3.123074598211263847e-02,5.889827702381065892e-03,6.926950817707887287e-02,2.437051935525522475e-02,2.215469386537519299e-03,6.189268309813706487e-02,4.555374257577743044e-03,1.220212664943191166e-02,7.133017438584943193e-02,1.027306637054364868e-02,5.029951545309981759e-02,1.527031312152399983e-02,2.486102129466960520e-02,1.464998417668528403e-02,3.123919822948582718e-03,9.893384449668005814e-04,2.351873606365792631e-03,7.160509908639423916e-03,7.600933719228724142e-03,9.056333768108116786e-03,8.549617033284185111e-03,3.809701569671086752e-02,2.255643434602108352e-02,2.397008418654436590e-02,1.520577807031690994e-02,6.897537323322970593e-02,1.643404319174730788e-02,6.373485459135123932e-02,2.525038711678012637e-02,5.012407809798564290e-02,4.971391663994105536e-02,1.032117820275611428e-02,1.154130412874418074e-02,2.865054263048122385e-02,9.645701470085431967e-03,6.212535270333502911e-03,2.126168305527502758e-02,5.259488105247123874e-02,4.646222459214205923e-03,6.254978397692506978e-03,7.112932896910352173e-03,5.478934807942680701e-02,5.367399882848693932e-02,3.746376150019710416e-02,7.063847381030951417e-03,3.213522358096249781e-02,4.830500789797736311e-02,8.562219521109032047e-03,5.157534873959146449e-03,7.609203421649522953e-04
1.285106778547432348e-02,1.493898069054838901e-03,1.599933968774706894e-02,5.650142406649592830e-03,1.862703994272845581e-02,6.247823429668979828e-02,3.100146223927078074e-02,0.000000000000000000e+00,1.052105826478248740e-01,4.867823078793213909e-02,2.525458992427520588e-02,1.607524571939275213e-02,8.419116832132500852e-03,1.767317043498079637e-02,2.439679060454002721e-02,1.300685829303096890e-02,2.515697580632319727e-02,5.228717070969929326e-02,6.593047937807092196e-02,1.108789502734593563e-01,7.847790886390326737e-02,3.539330194075723801e-02,6.207779728243156131e-02,1.203472565860955745e-01,3.201450481121111136e-02,2.334407220400181240e-02,8.631749513752261238e-02,2.827396090297362372e-02,3.903773563893297993e-02,5.362518475709814048e-02,1.621254482412795572e-02,5.375486224207621372e-02,2.488292211468907944e-02,1.252627504717278642e-02,6.136326105146287617e-03,3.096410663400181104e-03,1.709434739796144610e-03,1.496202910972648653e-02,4.737937935099751328e-03,2.383937320990708875e-02,1.908498258238077415e-03,1.686979686441275605e-02,1.707071491594545562e-02,8.517380688662064617e-03,2.000437627182885189e-02,3.165858650462670398e-02,6.585870328890734704e-02,4.057267703718459712e-02,5.537766755037085847e-02,3.180340753456380870e-02,5.323841349191121147e-02,3.501668198862725040e-02,4.235524396128517721e-02,3.587185923824107170e-03,3.980537035256437317e-02,1.268250732002826255e-03,1.505528327907412062e-03,9.923525315287133955e-03,1.620464752145623494e-02,6.720085990983780920e-03,1.680783141703023204e-02,2.092432879315070729e-02,5.048478939842156177e-02,7.063169576360023294e-02,7.285057458795865526e-02,2.572093885928315032e-02,3.729578108338742204e-02,7.916163245902518852e-02,1.488263782866538869e-02,2.062499667247456522e-02,5.353763848198518464e-03
1.768146148664360073e-03,5.672501335375400994e-03,7.445908803757355157e-03,4.430248124790529818e-03,1.477102144239849160e-02,1.216216859726206023e-02,3.115772557826803138e-02,1.052105826478248740e-01,0.000000000000000000e+00,1.864600710887048124e-02,2.043750713831897492e-02,3.066355267728660544e-02,9.236361907241039462e-03,1.396200038657737993e-02,6.013917774555981727e-02,2.252414284936705979e-02,3.451181538276915789e-02,9.903147759322766808e-02,1.068593439376059467e-01,1.121625896319861232e-01,4.502234150745484248e-02,3.216524466198189547e-02,6.159297776325715901e-02,6.647329952660899210e-02,5.946441198962017227e-03,1.424266654172926666e-02,7.080726469533878131e-02,2.222282927777354672e-02,1.644450527405579704e-02,5.197400277045452488e-02,7.549889181843504396e-03,1.553662054761589112e-02,1.816738634046910494e-02,8.811069517202656937e-03,4.013757821061121611e-03,9.120052127739608841e-03,9.487136168425339827e-04,5.651432534509958066e-04,1.338943140640657965e-03,4.598258016599154376e-03,9.666817728463649720e-04,2.066314996371249480e-03,6.817562387988145185e-03,3.276077082252122716e-03,6.304371068678970083e-03,1.905930686299052088e-02,5.242140354952267572e-02,3.359602388048211347e-02,4.676351833076189402e-02,4.493976655469213155e-02,6.767693734793323035e-02,2.634416466391063458e-02,1.444791094013736510e-02,4.288542925941874612e-03,2.461231484179336043e-02,1.227409770839247953e-03,6.246406263051637250e-03,1.039033872283249725e-03,8.105635076403461606e-03,1.070485058123350763e-02,1.373255305028712146e-02,1.698316008174615560e-02,3.813788782479787809e-02,4.061362826417388300e-02,4.433640238048354443e-02,1.342922474699323118e-02,2.259277742865245173e-02,4.041989681598517903e-02,8.804065866004524843e-03,1.341521844319673411e-02,2.095654372384042185e-03
2.411304636520143416e-03,1.358748412018136956e-03,9.717829755067979372e-03,3.638392175760233466e-03,2.562036047500799649e-02,1.573842214305638809e-02,1.244697213896705026e-02,4.867823078793213909e-02,1.864600710887048124e-02,0.000000000000000000e+00,6.712094206330751489e-02,2.625007254307479276e-02,4.046400579099330985e-02,3.066816619310491765e-02,2.748803495981503447e-02,1.190867662013634157e-02,3.023838690936478737e-02,7.181130185410247724e-02,5.532429075987555650e-02,1.543620252634648193e-01,7.688666437292188127e-02,2.460382044016006312e-02,1.106026636720731232e-01,8.662449269863085888e-02,1.593221558661041259e-02,3.747514477523895132e-02,1.037829721580043607e-01,3.216891982687297702e-02,5.513174737557546140e-02,6.306862286232513271e-02,1.281442124171320099e-02,4.418604468206112357e-02,1.558374294216387061e-02,1.271628302900671206e-02,6.968958832864992174e-03,2.805018787095973735e-03,1.372160460732870998e-03,2.072104844687638892e-02,6.616810868246733937e-03,3.312242633414132914e-02,2.153260602616931772e-03,9.028261598279454722e-03,7.727047870376382854e-03,2.570474835637024096e-03,1.657768317632785787e-02,3.768559855015519988e-02,4.496677559087159520e-02,4.339429062401412018e-02,5.221962814549908904e-02,3.700725092264274541e-02,3.875278680381830793e-02,2.033082548986205051e-02,1.916712603080150332e-02,9.712521650453822750e-03,5.066108595121622538e-02,2.238074922465642987e-03,6.602496338214477491e-03,1.124472540544694046e-02,2.169301448961759912e-03,7.511664405530613792e-03,6.898895656963902924e-03,3.676964435519306656e-02,5.011673831057880668e-02,3.860732580357967986e-02,6.478225662763140158e-02,3.926372508083948026e-02,2.759159499972717658e-02,5.405525281569056179e-02,1.520669332635363538e-02,1.835349511773110009e-02,5.290777828983161393e-04
7.166034921255864075e-03,4.097467693527328918e-03,8.550494758001734794e-03,2.108340058905120232e-02,5.562604976586661872e-03,5.467417392264574579e-03,3.686198989947262611e-02,2.525458992427520588e-02,2.043750713831897492e-02,6.712094206330751489e-02,0.000000000000000000e+00,1.086764357540357245e-01,3.704034638853892503e-02,3.216375462970470778e-02,3.618408024355159597e-02,1.891402800007198695e-02,2.145909304535494749e-02,6.282888536533859369e-02,8.401407189166928968e-02,1.410899508182670847e-01,5.270898423702559399e-02,2.746409382337832925e-02,9.290906062643977670e-02,1.027391899117314350e-01,1.740283210014291482e-02,2.599564324404510587e-02,8.289091754559643754e-02,2.945755151988184092e-02,3.021249529138132772e-02,4.930982622347216543e-02,8.823741193243103340e-03,2.392209344443850527e-02,2.768902186880473765e-02,2.826494957659590225e-03,9.503712297337365764e-04,8.774718743381166664e-04,2.429361989872020830e-03,5.016935356851735806e-03,5.305962980433053325e-03,1.232843547817050710e-02,2.917503077504502058e-03,1.113287387694624452e-02,8.593261378200114931e-03,2.956945419472952353e-03,4.359712038689965256e-03,1.293939120513852223e-02,2.459371186323725325e-02,1.655760183165734881e-02,2.231097345183857480e-02,1.902086196752609051e-02,3.738590787769893037e-02,2.177298864954278768e-02,3.795524167673303140e-02,1.325412980665583232e-02,3.163021539712468355e-02,2.723200655765580132e-03,2.442347403416855137e-03,3.185640816351752690e-03,4.655859452411023613e-03,5.087444108439654819e-03,8.807410894008224980e-03,1.741737035798183314e-02,5.185621740352629877e-02,5.636500173254806179e-02,4.846028819942614640e-02,7.483212648376509103e-03,2.657833024460873675e-02,4.349816091674535423e-02,5.351549528638387121e-03,6.932003371883484893e-03,4.507929838625206534e-03
1.435405374716290303e-02,9.290075198250254823e-03,6.394098616655843545e-03,1.557710214702936503e-02,9.463081730337052910e-03,1.068481518760794682e-02,3.289549472526751787e-03,1.607524571939275213e-02,3.066355267728660544e-02,2.625007254307479276e-02,1.086764357540357245e-01,0.000000000000000000e+00,4.825840941626018815e-02,9.175461526882897761e-03,2.601635554907123435e-02,7.811026415699155213e-03,2.015515877745825343e-02,7.671616852000125164e-02,6.213606976761424511e-02,1.582435759200350456e-01,1.581924497115614475e-02,1.593545796916131727e-02,1.202926496064172651e-01,4.415443802270965779e-02,9.037527558023738389e-03,3.850231930199603941e-02,8.794537476923720842e-02,3.088891139593174032e-02,3.793065814159624072e-02,4.128542709184696707e-02,1.141175282095821877e-02,2.586192825182932059e-02,1.783992510918702701e-02,8.965532464146401233e-04,7.366997217244869792e-03,4.630763600113947664e-03,4.676142380243825461e-03,3.277114046424479087e-03,7.864517143678292910e-03,6.592579006650653439e-03,1.264257205574828178e-03,6.053502996093721063e-03,3.491125001389213268e-03,5.695397633008997262e-03,5.443513904958471525e-03,2.914583407637324174e-03,1.684386841707554219e-02,3.373699018400468791e-02,2.058434144887529016e-02,4.027563034403337794e-02,3.227103957224401742e-02,1.632672181496596514e-02,2.260164681200617712e-02,2.157379466791854022e-02,4.097099756102162704e-02,8.042459815019085273e-03,2.439345398545042162e-02,2.017585997316692983e-02,5.564822390570171341e-03,9.337965745410375940e-03,1.274434375348442415e-02,6.579303266316849363e-02,5.434848371062181438e-02,7.452818954957481958e-03,3.719117161370088381e-02,4.650510946482162844e-02,9.946506675230195466e-03,9.585944718530027900e-03,1.662734504105898778e-02,4.326223297469736911e-03,1.358031665689224659e-03
2.837720225071604929e-02,5.433480960169829316e-02,5.175459659607857532e-02,5.703353180333863015e-02,6.376039677649589232e-02,1.734361893971301041e-02,2.322124293862835517e-02,8.419116832132500852e-03,9.236361907241039462e-03,4.046400579099330985e-02,3.704034638853892503e-02,4.825840941626018815e-02,0.000000000000000000e+00,1.331530485491056424e-02,8.045586868608964673e-03,1.080783538391270546e-02,2.008338583869088978e-02,1.371590671352383370e-02,1.745222337194244147e-02,7.156034426465994469e-02,3.180716399135051498e-02,6.325127484819102232e-03,8.481749633550514367e-02,1.749567362696535094e-02,2.214337697597074800e-02,4.941387537447185230e-02,2.509461278530622508e-02,2.656528455589465820e-02,2.515360930567533265e-02,4.950343734612844791e-03,5.626235425321399024e-03,1.647714354426206475e-03,8.219293506555062565e-03,1.492082808149507861e-03,2.872508691328496365e-03,1.708413422592263038e-03,3.363275409636107358e-03,1.455721438076878907e-03,1.575693766800358208e-03,1.599991372363098949e-03,3.378753914889855246e-03,6.237826803113508990e-03,6.014649246339986988e-03,1.988466031838682230e-03,2.503904173244451969e-02,1.902410516706592655e-03,1.908848462682387944e-03,1.687185419618113594e-02,2.287051322617911133e-03,6.081698664504370765e-03,6.650265651836237586e-03,5.095208129913525626e-03,1.906516579729597254e-03,6.837414813812933700e-03,6.112259992558399281e-03,9.809051871641572343e-04,1.819092037601749076e-02,2.847552649538431097e-02,1.810369735310627184e-02,5.152198703795125151e-02,4.030945084146323777e-03,4.938146924384621828e-02,6.608124754243897316e-03,8.036386757216183382e-03,1.239185477551597164e-02,1.247338490194995451e-02,4.875115641919208938e-03,3.295991880558055143e-03,1.519180956757340377e-02,9.598892665403981625e-04,6.414257252066001350e-03
4.627881569837077186e-02,4.489082329350146255e-02,6.765994144912912400e-02,5.926409703749722924e-02,7.584642773445947339e-02,4.365915917245517808e-02,5.365425025527814640e-02,1.767317043498079637e-02,1.396200038657737993e-02,3.066816619310491765e-02,3.216375462970470778e-02,9.175461526882897761e-03,1.331530485491056424e-02,0.000000000000000000e+00,2.321145581643962313e-02,2.429841762382286066e-02,1.831729860515144553e-02,8.871516720089916985e-02,4.821140414801720897e-02,1.941921308885825592e-01,4.931997138612051468e-02,4.601763390126645953e-02,2.721316676138936796e-01,4.094604195875566066e-02,6.456501641474442221e-02,7.047683712450049376e-02,1.053464633839951842e-01,6.189901855301908895e-02,3.417286141361652874e-02,1.844888229399051574e-02,1.369039818898484459e-02,1.468201517323618546e-03,2.203409898462276376e-02,6.123501196057973620e-03,4.862507519869004036e-04,8.779775808332048294e-04,9.120113805340447979e-03,1.502244189385777478e-03,5.856673272026693446e-03,7.213787850517625879e-04,4.538852432816016004e-03,8.309678801949075752e-03,4.935849259506282748e-03,2.247675256316638680e-03,1.861448588573977325e-02,5.614826095737783865e-03,1.231990642108850287e-02,5.971467611214103036e-03,2.358233537338469670e-03,2.581767371690428005e-03,5.020401490376470190e-03,1.188198090478733912e-02,5.748673374144643369e-03,7.283662101081945540e-03,4.899145330384596132e-03,4.094452053612608437e-03,4.191719056488667910e-02,3.913590072550917481e-02,3.961194032751767791e-02,7.474279890932267190e-02,8.760040952361205710e-03,4.024178360420645889e-02,2.359237657824531098e-02,1.792825656081625113e-02,2.972371738987007739e-02,2.065950413100449759e-02,1.522527985182955262e-03,2.927789011162155487e-03,8.480490090118931665e-03,6.695541902070675268e-03,1.714555413237813311e-03
3.006736039506343466e-02,5.155161821101766906e-02,6.521371747143545061e-02,5.148464660887526467e-02,9.834889563648849253e-02,5.590039845922462752e-02,5.526410197996705492e-02,2.439679060454002721e-02,6.013917774555981727e-02,2.748803495981503447e-02,3.618408024355159597e-02,2.601635554907123435e-02,8.045586868608964673e-03,2.321145581643962313e-02,0.000000000000000000e+00,1.438151848843988723e-01,7.741897474603967599e-02,4.069387211213127548e-02,2.046584641092344045e-02,5.116375136327988571e-02,1.008933697312024980e-01,1.441184008332388189e-01,1.352179600398392967e-01,2.250953757404123082e-02,1.319857082938364345e-01,3.012580778596510647e-02,5.112292162424350930e-03,1.621243504190873416e-02,3.638729474876948797e-03,2.701414123899180918e-03,9.844780482891673720e-04,2.393510834573059354e-02,5.133179004057728412e-04,1.281295189464716662e-02,2.819094856000588407e-03,4.189028740458520042e-03,3.543711349251675059e-03,2.163499902741311976e-03,6.469518399232420183e-03,5.974771967511543352e-03,3.172208985456775356e-03,1.477291349322665433e-02,9.790882536889018370e-03,1.063312060440247883e-02,3.065571708856642749e-02,9.686072925908414608e-03,2.822799660063599059e-02,1.481581760665946421e-02,2.660911814636865783e-02,2.041932791939313208e-02,4.990866376291519524e-02,8.400177201133696148e-02,4.534561437910996501e-02,3.379496299038328884e-03,2.643073675182642385e-02,1.900266641662310546e-02,1.187643633748208978e-02,1.395726530843595034e-02,4.835353235330788757e-02,6.917344603244289514e-02,3.572594417322424304e-02,4.725318144710937730e-03,3.121470932112506425e-02,2.828670770528361311e-03,2.165347165836289250e-02,3.119279012141481372e-02,1.100447880410482249e-02,7.457530489032080864e-03,1.106014886654309130e-02,9.012314644293382970e-03,1.312676367752474774e-02
1.873723531398999165e-02,3.557377796421614530e-02,4.234164788793733092e-02,5.588780357952788380e-02,6.841632823175790301e-02,1.338771035144176863e-02,4.013595786901076601e-02,1.300685829303096890e-02,2.252414284936705979e-02,1.190867662013634157e-02,1.891402800007198695e-02,7.811026415699155213e-03,1.080783538391270546e-02,2.429841762382286066e-02,1.438151848843988723e-01,0.000000000000000000e+00,2.970452059445677362e-02,7.983496752331150151e-03,7.213449645848600544e-02,5.492418661067882679e-02,1.585102469153865934e-01,3.630111371047697183e-02,1.515809282862326801e-01,7.968223435683492728e-02,3.615158446967452893e-02,1.441676191267568519e-01,4.848831518727526185e-02,9.686853409952171645e-02,2.206851468299906444e-02,1.154236718556654780e-02,1.884391472603647380e-02,4.856748522523492173e-04,1.012546003351185407e-02,1.249528833908523364e-03,3.335306253495004623e-03,3.677528898638863196e-03,3.580710748494233576e-03,2.066264123428605392e-03,5.304353648194342317e-03,7.622340300924426888e-03,6.366128800459066412e-04,6.570020997893523005e-04,4.170076856824296400e-03,3.476169564508752117e-03,3.131120940669370346e-03,1.135214520944170021e-03,3.068154941553366197e-02,3.029513877551931900e-03,2.904061557391416758e-03,4.950109716432620106e-03,9.612313143658922365e-03,4.745711642337260144e-02,9.340910948870373128e-04,9.321134802330576993e-03,4.640620285502407988e-03,6.340146294948272032e-03,3.693101951861838678e-02,4.691023832477220906e-02,3.255565967859409826e-02,1.030998424012720405e-01,1.570451196201060398e-02,1.280204719164132650e-02,1.673953259240779090e-02,1.574242291486499176e-02,1.549648702174746991e-02,6.133452636798598402e-03,1.428970422389421076e-02,1.561375048976569764e-02,1.181554916094671760e-02,7.161567517051773551e-03,7.076938384647899101e-03
4.072133138467460417e-02,6.302587813433213615e-02,8.491092169156420899e-02,6.159688504910600798e-02,1.085654871525981724e-01,4.703741314274095114e-02,5.765422315162025552e-02,2.515697580632319727e-02,3.451181538276915789e-02,3.023838690936478737e-02,2.145909304535494749e-02,2.015515877745825343e-02,2.008338583869088978e-02,1.831729860515144553e-02,7.741897474603967599e-02,2.970452059445677362e-02,0.000000000000000000e+00,1.544421435185056590e-01,1.536673983419221123e-01,2.360514585406619792e-01,2.379599356023065770e-01,1.023750455992115116e-01,3.923178986168521232e-01,1.117555345425718244e-01,1.579134994355684274e-01,1.552925993094811385e-01,2.330333558200312905e-01,1.129614469741862109e-01,5.929372917446955327e-02,6.639272380214027158e-02,3.017884737552298940e-02,5.387267345989894991e-03,4.175122165585749140e-02,4.708075428298547603e-03,3.458951048885725368e-03,1.316238339259452736e-03,8.056470822367454987e-03,2.799507968885804610e-03,1.433897300705276948e-02,3.641292943685276156e-03,8.679694733370919499e-03,4.136479713222142134e-03,2.327299588181494516e-03,3.431414867941225220e-03,8.995601932989460633e-03,4.423015421314774494e-03,1.754832979943819066e-02,6.114122941559343993e-03,6.688377229952365000e-03,3.391805215446175997e-03,1.346833949859083286e-02,3.599778721020596012e-02,2.234895407275335963e-02,7.581169007406855093e-03,8.005329433279376183e-03,4.947448516679401644e-03,3.775170714750451101e-02,7.934990003904782152e-02,5.263744124492431703e-02,1.218755289997470181e-01,3.221759870085828814e-02,4.341842898718593219e-02,1.683846726271652841e-02,3.266407500426211225e-02,3.632302516415434473e-02,1.450643714959495151e-02,1.829385266681748728e-03,5.508997129186189376e-03,4.398624398320282423e-03,3.753109860980863560e-03,8.558684712190777269e-03
5.064387289832044704e-03,2.925236874063971357e-02,3.246005350587458094e-02,2.533206103132515027e-02,7.576003203508499539e-02,4.375202361672712870e-02,3.413716131887149091e-02,5.228717070969929326e-02,9.903147759322766808e-02,7.181130185410247724e-02,6.282888536533859369e-02,7.671616852000125164e-02,1.371590671352383370e-02,8.871516720089916985e-02,4.069387211213127548e-02,7.983496752331150151e-03,1.544421435185056590e-01,0.000000000000000000e+00,5.343016264613899280e-02,1.992994929056153830e-01,5.695559876149423051e-01,3.603114391676401906e-01,2.502686492693229070e-01,3.484843882753094757e-01,4.022231960223642822e-01,1.776233113233465222e-01,8.173049529250435430e-02,6.179194462529552512e-02,3.701563027436299141e-02,1.941164681255409460e-02,2.303049971532804448e-03,2.458386677307260182e-02,2.700658996259621986e-03,2.863820938244670752e-03,4.142346171759469370e-03,1.919992295370862674e-03,7.402609311823309677e-04,1.802710162289039575e-02,5.321547236740763881e-02,1.812793385771381202e-02,2.586516297982057507e-03,2.817483954466576401e-02,1.593456154305291500e-02,3.220159781728078210e-04,1.743925959979629459e-02,2.347772985370538690e-02,4.390248185741640191e-02,4.195788822631154463e-02,2.983211748213424400e-02,6.303658979235989002e-02,4.633448838814297616e-02,1.272336446771053786e-01,5.447276987723721764e-02,2.413738582662425247e-02,6.817984051105635546e-02,2.814214109014924817e-02,2.920764515008007767e-02,1.673080508271388572e-02,4.615165069856514563e-02,1.019207224089965502e-01,7.104629157026551289e-02,4.556888152577601853e-02,1.219209465860196101e-01,2.111832245795115109e-02,1.117751097521647516e-02,5.973155087484229714e-02,7.277797557556224539e-02,2.699520138317241386e-02,2.667274268398074286e-02,4.207879847129908368e-02,1.890924968815651391e-02
4.736877999658556902e-03,2.102664916195786521e-02,6.902884771201509007e-02,2.114995891485596871e-02,8.727435043579259699e-02,8.477314383021071487e-02,4.335076276151711427e-02,6.593047937807092196e-02,1.068593439376059467e-01,5.532429075987555650e-02,8.401407189166928968e-02,6.213606976761424511e-02,1.745222337194244147e-02,4.821140414801720897e-02,2.046584641092344045e-02,7.213449645848600544e-02,1.536673983419221123e-01,5.343016264613899280e-02,0.000000000000000000e+00,4.829276031723981344e-01,4.962205250967520187e-01,3.823585454005850037e-01,4.861115559800224806e-01,5.111700336228506281e-01,3.097115102786500151e-01,4.310462265392249193e-01,9.240165139206371614e-02,1.724190867461153076e-01,5.306985058141900496e-02,1.014915121653869358e-02,5.035120795467502158e-02,6.571431605907719804e-03,1.465691125391128079e-02,5.034549403275803518e-03,3.049201916345123126e-03,1.892700088405750020e-02,1.236139835262629535e-02,1.251532381834995905e-02,1.351494952448598075e-02,5.213733437805884337e-03,2.296201575290842192e-03,8.787092491489718535e-03,9.211694112714288729e-03,1.207354205987930815e-03,3.236677935959124744e-03,2.281598179438399862e-02,4.757927014591888104e-02,2.606968081835595464e-03,6.065572086966014229e-03,2.249179284776487223e-02,3.581441778193691916e-02,2.190964997844953993e-02,2.558491979552616688e-02,2.657808160093254324e-02,1.229295717033663041e-02,6.273859672039495960e-02,8.244140773755899432e-02,6.050724610497214967e-02,5.075525521425631320e-02,5.265538831753231730e-02,3.603042248791661628e-02,3.443705311201097213e-02,1.251546145957242173e-01,4.481996045613073631e-02,1.360763838522426744e-02,7.826206879375562087e-02,5.782056932193822829e-02,7.708146743647632804e-02,1.650916766762278859e-02,2.624095190723935156e-02,7.196094033197542039e-03
1.606719316733491157e-03,6.638230520167865550e-03,1.765410835245405374e-02,9.711197196165454945e-03,3.603552186368336185e-02,5.852193710190328746e-02,2.430946576660935818e-02,1.108789502734593563e-01,1.121625896319861232e-01,1.543620252634648193e-01,1.410899508182670847e-01,1.582435759200350456e-01,7.156034426465994469e-02,1.941921308885825592e-01,5.116375136327988571e-02,5.492418661067882679e-02,2.360514585406619792e-01,1.992994929056153830e-01,4.829276031723981344e-01,0.000000000000000000e+00,5.893350472471411416e-01,6.998191932403328153e-01,5.022841712825166782e-01,3.547588772438583504e-01,4.511112608643036426e-01,3.257713269195250394e-01,8.008390871567698521e-02,7.697117824280803877e-02,6.647011195535987294e-02,1.012420977246083521e-02,2.736148041702237549e-02,2.857524429820807940e-02,7.376720682384837677e-03,7.270172098413243793e-03,2.770295297635428765e-03,6.064099637540519387e-03,1.600490115240077102e-02,4.192306426043470279e-03,2.578781092005252417e-03,2.221240593792900894e-03,3.534822274509847109e-03,1.758595817995142405e-02,6.988306677954276604e-03,8.164548079664936744e-03,1.009988797316237544e-02,3.703227889786539495e-02,3.091762016067011246e-02,5.965943368243837447e-02,5.353559228258680108e-02,6.044704801424582996e-02,3.999381730160082860e-02,3.179573311368086297e-02,9.303599033470104362e-02,7.248613427937800058e-02,5.647413739764337026e-02,2.637158111553949275e-02,6.512878502172594897e-02,1.316230986348510164e-02,6.779419082375967576e-02,1.775950749192027611e-02,6.708579016022338248e-02,5.161907687763247349e-02,1.269542574613301972e-02,6.583248214578632518e-02,2.376496174009986445e-02,4.059488046945231715e-02,3.135330936523578887e-02,4.471012979428302947e-02,2.239945316006625858e-02,1.326488234122242225e-02,1.434575605227638058e-02
3.821358307907071067e-02,4.307988765563906808e-02,2.932319144837038788e-02,4.456474284439913142e-02,4.252460006083139815e-02,4.024303454693688165e-02,6.015430916865491945e-02,7.847790886390326737e-02,4.502234150745484248e-02,7.688666437292188127e-02,5.270898423702559399e-02,1.581924497115614475e-02,3.180716399135051498e-02,4.931997138612051468e-02,1.008933697312024980e-01,1.585102469153865934e-01,2.379599356023065770e-01,5.695559876149423051e-01,4.962205250967520187e-01,5.893350472471411416e-01,0.000000000000000000e+00,6.588128099142258609e-01,7.326882954552076388e-01,3.306694986644737044e-01,2.037616119817959870e-01,3.970613025002924790e-01,2.680411467178431817e-01,2.255768093487331982e-01,2.914724440613184961e-02,1.273021020054053709e-01,4.491438671478912431e-02,6.728719990908566331e-03,9.726316002250212644e-03,1.609914892095315811e-02,5.483367746337845967e-03,1.422685026252528719e-03,3.381813416145401131e-03,3.421014634716997710e-03,1.438626896192081624e-02,7.384181181773937126e-03,7.350943275243836811e-03,3.966331121716131121e-03,3.563291286499090105e-02,3.435492411675566526e-03,3.443966146265465406e-02,4.054861260952526830e-02,2.748662727200162220e-02,1.140079807615148114e-02,4.716134717474553678e-02,1.214435309098066927e-02,4.054222889813906966e-02,2.164356281188826656e-02,1.267975111081791513e-02,6.093026707902043232e-02,4.396262200956749244e-02,2.140654977008723744e-02,8.495446628459941973e-02,4.173894771357768152e-02,2.002865186320419363e-02,1.861673328784611142e-02,6.252033214140625961e-02,5.063841445623146892e-02,5.994432432125482851e-02,1.401577164663764530e-01,1.551431077333363107e-01,6.739467500029132536e-03,1.921607662306899778e-02,1.080794917298689012e-01,1.333510898949295462e-02,1.061136615357692603e-02,1.064415901879780905e-02
9.416420966728455966e-03,1.413566619443351081e-02,3.968464766773394797e-02,1.654069443411440576e-02,6.036599293447592746e-02,6.665427272694506022e-02,3.123074598211263847e-02,3.539330194075723801e-02,3.216524466198189547e-02,2.460382044016006312e-02,2.746409382337832925e-02,1.593545796916131727e-02,6.325127484819102232e-03,4.601763390126645953e-02,1.441184008332388189e-01,3.630111371047697183e-02,1.023750455992115116e-01,3.603114391676401906e-01,3.823585454005850037e-01,6.998191932403328153e-01,6.588128099142258609e-01,0.000000000000000000e+00,6.735491574909734380e-01,6.764808351106824658e-01,2.483563240267217254e-01,2.685956943705385958e-01,2.435551471910023524e-01,9.927105338786861022e-02,3.045446122642093620e-02,8.514805123880805904e-02,1.771804495726976569e-02,5.089087925812739790e-03,3.692459599994906555e-03,3.400645684218790016e-02,2.509278154687361734e-02,6.205754930324612617e-02,5.164339470390744147e-02,4.091431964831294260e-02,2.106687723671083964e-02,2.579886471300930559e-02,1.087982650630697420e-02,1.125539490501759705e-03,1.288676960143501395e-02,8.033539119250227012e-03,1.398207059620380950e-02,3.981625412171076878e-02,3.373149228310273057e-02,1.039614043333084333e-02,7.278420493757913751e-03,1.124046995477635813e-02,1.843088339389618163e-02,1.498638590060865673e-02,2.513464243867115366e-02,7.601410953923098957e-02,5.845574518403322956e-03,1.477202840252937188e-01,1.732543645517752376e-02,2.174942472868436616e-02,2.980720293263334347e-02,1.708242129220570449e-02,5.332072382339753114e-02,3.170566246366414431e-02,1.358312750541908753e-01,2.066471996529529453e-01,1.582098393730177188e-01,8.997250071239296099e-02,7.282146801071399944e-02,1.594002339321428097e-01,1.746535754655159645e-02,1.359769974561321829e-02,1.466436149415514464e-02
