0.000000000000000000e+00,3.130401657416994471e-02,5.781188211436950886e-02,1.017095548831287860e-02,4.993456325932486145e-02,1.747898426606433022e-03,5.566866019299395590e-03,2.712125383055301580e-03,4.101702016616620011e-03,2.731013499404975897e-02,2.208335912920550426e-02,4.380594349818334871e-02,4.414558488587254359e-02,2.707013381292439069e-02,3.436744531903011129e-02,3.949884251376600819e-02,5.022729481456353340e-02,2.416001795221915660e-02,1.418191011939360334e-02,9.069265342929941354e-03,8.540713990031846559e-03,1.058961138467540315e-02,6.059685900972625050e-03,1.934351253059645240e-02,2.713743386585302196e-03,1.970053875157538274e-03,2.336308514363024010e-03,1.132010199739211069e-02,1.849208724571189478e-03,1.066650093907305780e-02,1.539774368678236425e-03,2.488580040129436191e-02,1.625411785473328610e-02,7.897016029547319210e-03,1.307422730027222191e-03,1.196881541023666305e-03,6.099400762281019170e-03,2.912361408446811992e-03,8.276670851896650305e-03,2.953812712332527703e-03,4.666126198655227292e-03,1.529517972398652037e-03,1.671316784142794915e-03,1.338974276768557792e-02,8.640725035049534597e-03,2.065245642667786451e-03,2.601769211211859070e-03,1.297602485873401972e-03,2.579252416585885339e-03,6.714494404832561242e-03,2.289625288857912843e-03,5.213594091476201828e-03,4.360190717429448214e-03,2.220899405382285169e-03,6.549591706581241006e-03,7.404207807517609527e-03,8.864110009323019485e-03,1.701168935861446796e-03,6.942121660819450257e-03,3.437401326714086425e-03,3.889577088558521050e-04,2.337521053190812388e-03,8.467514118009158205e-04,4.743941986672327825e-03,1.361874153191068451e-03,1.183144752510706214e-02,4.992334802690824580e-03,2.360872009680548434e-03,4.234148997557352773e-03,5.614545771624687188e-03,7.683191009926797037e-03,1.105578230400310058e-02,4.013119668055628933e-03,6.675367500888800681e-03,5.732654868981819883e-03,6.099892939754066219e-03,2.084323741087639511e-03,1.033536392427160258e-03,5.221694368163749302e-03,2.941103927683810879e-03,3.565464752536213534e-04,1.451323564066672733e-03,7.283680359445997114e-03,2.214619045130419069e-03,2.393510532359654358e-03,4.739422563181119007e-03,1.804218395931310101e-03,7.305552539057084439e-03,9.837902257682294704e-03,6.928568784192302640e-03,1.328258173823414212e-02,1.212177112533098684e-02,1.007880955217010932e-02,2.869778865182550515e-03,6.244365876558148967e-03,1.341001475358957577e-03,4.083144687473187241e-03,1.050254051747022063e-02,4.118226594080213847e-03,9.048851952396500323e-03,6.350088424445711477e-03,6.198244492405015522e-03,3.746466685169586378e-03,2.581493097207320127e-03,2.037922548304478207e-02,4.937072885163235059e-03,7.564517947837937246e-03,6.272744454704159978e-03,7.928177912793113458e-03,7.129821398887805977e-04,4.806143775214935347e-03,9.332055597920914727e-04,1.850269507015086037e-03,1.804807648360995604e-03,7.210389863265793259e-03,3.165021181774702996e-03,2.105585167703235422e-02,8.548125577702089459e-03,3.722243602581728518e-03,1.319376599543940244e-02,9.686822702638063498e-03,2.264033410783551636e-02,3.540900309832035065e-03,1.086283101322117924e-02,8.693035011993182487e-03,2.667340513926763634e-02,6.282729427273980871e-03,5.029024628735552331e-03,4.966738424108469753e-03,3.391604369015003770e-03,1.067053950245822752e-02,4.644615968707211176e-03,1.698725511432891584e-03,1.447068555048653532e-02,2.191476176197516574e-03,1.331415981464076316e-03,3.366029508681576445e-03,1.439631704776193379e-03,1.697135626544396883e-03
3.130401657416994471e-02,0.000000000000000000e+00,2.499476594036257049e-01,1.286538315301493374e-01,2.524423665364596350e-02,5.287788612184648324e-02,1.714748842372550847e-02,7.123660410492204005e-03,4.301016401533319135e-03,9.539968861151807214e-03,1.003257243529136200e-02,2.803018653389311235e-02,2.413971946083446479e-02,8.124040366293545923e-02,4.549670936897048240e-02,3.185635565191968083e-02,4.460013071028539472e-02,1.860223426047709697e-02,2.713190457784388221e-02,4.961730888453549579e-03,7.298417110543882827e-03,1.391627064852702950e-03,8.844447743628608416e-03,6.128910282280071280e-03,1.066233967780472539e-02,3.509054865518789184e-03,8.802436961499652103e-04,9.335991321762454435e-04,1.866995297285363453e-02,8.541929966476969824e-03,7.303113999042818924e-03,2.004708929447178087e-02,1.151601853194054483e-02,4.441210016264063136e-03,3.207902912461130848e-03,4.590230114001885020e-03,5.271489561586691942e-03,1.330918820056555853e-02,4.687678599873802351e-03,9.472480856813094569e-03,6.434566761349290107e-03,1.461655459936221559e-03,5.618832651841062717e-03,5.421651134885520709e-03,1.235007984487343415e-03,4.970374777630492610e-03,1.862663058405556729e-03,8.689775021272447622e-03,1.537038176447708994e-02,5.174282675254694708e-03,4.372494853503425261e-03,4.095211947788481022e-03,4.886277419542953832e-03,2.843143399443888355e-03,6.136610346189994881e-03,1.680064215490454857e-02,8.191318713013481106e-03,1.844437567359863504e-03,6.668960551217078744e-03,1.340681811049008370e-03,2.585898279925257122e-03,6.177063278680129318e-03,2.882527278225834044e-03,3.619532556926213871e-03,2.214761546591315165e-03,2.235682053499262953e-02,8.006125425905917525e-03,4.627827413824676071e-03,3.864097589223266464e-03,5.224416939455943550e-03,1.212665727804738709e-03,4.346730599956825578e-03,1.057048092328992427e-03,1.373625754575452836e-02,6.943498165672966002e-03,3.573876007339305515e-03,8.649893154412438209e-03,1.753050304330663238e-03,1.014943487713334397e-02,3.544286632458275646e-03,9.760268687011874368e-04,1.346759034941066640e-03,1.500122398585452621e-03,2.509762279280249551e-03,4.329457388047457979e-03,4.870538118050926450e-03,1.977657210920323160e-03,4.748836767905909202e-03,2.421470706891771033e-03,5.713986646855761554e-03,4.755628299383839359e-03,9.993956269094772527e-03,2.324126208683805189e-03,7.442510738698225256e-03,2.502736188930701575e-03,6.870927068697933390e-03,7.564464204176951298e-03,3.710889090012861515e-03,4.744690941274885485e-03,5.617242052699716708e-03,3.833499770996678588e-03,7.163017727831328015e-03,8.949170267925989119e-04,7.767625491577490743e-03,1.031535079988456271e-03,1.782007940637642595e-03,4.920047925556968182e-03,4.762330956776686039e-03,1.765786238007305579e-03,3.020089041868420296e-03,7.483128501425832628e-03,7.835542177945607062e-03,1.236914370033120013e-02,1.287825153727785443e-02,1.895750118086814498e-02,8.501992617414315737e-03,5.541515019763568715e-03,3.074012773270318188e-02,2.301308528597096822e-02,5.861866052780016767e-03,1.417618624692819698e-02,1.004205554260205989e-02,4.094622122780102944e-03,2.760233594486804793e-03,6.132167027874594993e-03,5.166370527746743865e-03,5.546624254036860123e-03,7.011070414877089603e-03,1.189381653413639287e-02,2.324515928724179767e-02,9.521856719747232717e-03,3.356924685097336779e-03,4.170390474460593591e-03,2.070838386840950958e-03,6.082026654039423240e-03,9.579402695096451634e-03,1.077532986730595638e-03,3.451840068626281597e-03,6.556714301007827983e-03
5.781188211436950886e-02,2.499476594036257049e-01,0.000000000000000000e+00,6.990441287860763020e-02,1.087224212067775114e-01,3.483440403799639099e-03,1.588680304410440211e-02,7.532930041337761520e-03,1.342151922297457438e-02,1.355193372966973127e-02,1.260095936153126338e-02,4.039482214319806141e-02,5.133446361688173004e-02,6.703248703417657994e-02,9.885265688094865832e-02,6.149671787756354202e-02,1.036179066520342418e-01,4.114760518817150992e-02,4.720528148671388619e-02,2.455125779627176028e-03,4.683805417279438520e-03,1.439364834018117337e-02,3.214503506591107757e-02,8.832381474503206084e-03,1.607947237686273637e-02,5.247903299412667345e-03,7.897649580617491227e-03,8.494107031442089256e-03,8.014223135005788673e-03,1.224359445644195542e-02,5.101890924595382446e-03,1.241490578634039423e-02,2.000581600795711332e-02,1.551742095973039290e-02,2.057833143223958099e-03,2.546816576460546756e-03,1.580128580196421550e-02,6.456953695220583878e-03,3.356674771411033171e-03,9.697423968587328552e-03,1.290507862056538765e-02,3.945946722391385948e-03,4.870483518857557717e-03,4.965889771815477222e-03,4.405091795295147314e-03,1.170046410704087859e-02,2.738134456226262205e-03,1.515634513691757179e-03,5.354408775356541729e-03,1.133537705522997922e-02,4.966550932049452506e-03,1.250785492135665991e-02,8.720928689458493088e-03,6.435119318658088193e-03,4.270291529409901178e-03,5.878584943727030616e-03,5.549646800825420827e-03,1.887755868773338327e-02,4.890638602744069169e-03,1.127295354436777183e-03,5.161529363976340157e-03,1.157930142459952065e-02,2.900749606277728751e-03,1.631883529257286856e-03,8.136052436245492375e-03,2.166224363969679670e-02,2.848223851484446741e-03,7.694582120531353285e-03,5.186695886585662371e-03,4.791979176807947653e-03,7.796322641215455360e-03,3.060388898536100383e-03,4.841664295228130868e-03,5.938255983162752522e-03,5.407515235407086077e-03,6.694771339048675822e-03,1.167713620699438286e-02,1.383708925964081656e-03,2.593658769126522008e-03,3.901806568894315187e-03,3.694184536129717974e-03,1.999823277441064445e-03,2.466238136318487251e-03,3.180824599117616260e-03,6.760938635934970672e-03,7.528626288640482243e-03,5.096214454874186013e-03,3.714902210775144261e-03,3.984592657592612649e-03,3.499020510643973542e-03,3.724929518382937010e-02,1.565431577358540952e-02,2.331712278177451927e-02,1.307140110458396634e-02,1.280933655593035486e-02,2.018057343383514515e-03,8.371292650311475472e-03,1.986086225965495375e-02,4.250514277200924916e-03,6.779450898943880505e-03,1.080716587377507018e-02,3.731173727994291974e-03,2.197343551638372607e-03,5.933336699682194987e-03,2.290553035054012504e-03,1.262224035691619957e-02,4.173986945171704113e-03,7.755539773766207887e-03,6.009222427736479744e-03,8.599103664577444376e-04,2.613316025479543465e-03,7.921875930359634915e-03,5.725024630070530036e-03,3.870264012437392258e-03,6.925536807077267362e-03,5.750415791776881079e-03,3.078164283155472580e-02,1.227195871082520200e-02,2.248178590800150450e-02,3.175100032485110579e-02,8.805306960582204648e-03,3.667397907253321099e-02,5.366388576590760962e-03,7.888148000927651393e-03,4.759533947560299141e-03,9.731597321208868348e-03,1.604962799230465198e-02,2.043812527307134475e-03,4.721220303880907347e-03,8.797514701902719308e-03,1.782109750407193799e-02,1.530755413453027637e-03,7.931007980564045226e-03,2.650113867234729723e-03,4.974457640928907874e-03,4.241860921438057874e-03,9.092665352960536225e-04,1.706833642275560475e-03,2.187656242523143991e-03
1.017095548831287860e-02,1.286538315301493374e-01,6.990441287860763020e-02,0.000000000000000000e+00,9.093333119121468910e-02,8.346334485458598018e-02,3.982214252642277130e-02,2.531223883427435178e-02,6.058895862897134728e-03,5.942364164946753458e-02,3.916059399043043260e-02,4.788888185689189891e-02,3.262191003322785499e-02,5.303434166430465863e-02,3.218224187491514759e-02,2.614484256017266667e-02,2.460979220094960257e-02,1.620293944975345624e-02,1.730571350018766594e-02,2.791749488065500828e-02,1.019858685247125411e-02,8.637239350111236558e-03,2.002825290668142424e-02,5.263441929996695752e-03,2.574162656713109738e-03,7.193156229239855426e-03,5.429929777480862682e-03,9.147950001066745829e-03,3.985807001944340587e-04,3.828855305425088798e-03,2.158617071228859010e-03,2.667391353787845667e-03,8.828141244776038917e-04,2.014865803826023163e-02,1.639065326222527604e-03,1.422567273541347358e-03,9.429066126408515436e-03,6.275512847972460929e-03,3.360898387007782775e-03,2.653729412624616837e-03,7.654255645304946197e-03,1.033689818740908366e-02,1.078465223734270673e-02,9.592030199748181191e-03,9.447328709237172092e-03,1.465700196702578693e-02,4.614235963441196998e-03,6.224960006996906395e-03,8.029163434707607336e-03,1.914393151468395116e-02,5.962545941582582387e-03,4.402602888838363406e-03,4.953699736266728784e-03,3.285901879471643441e-03,2.411753536975135351e-03,2.411670487032821150e-02,2.456841272804854634e-03,3.076778511889320493e-03,1.475859127507413160e-02,3.505869367906879613e-02,2.158961298699979721e-03,1.047615026157284850e-02,8.407374529319047371e-03,2.825716778176790185e-03,1.668326224984128256e-03,5.804748111906581423e-03,2.021966852719364778e-03,7.860622659685549294e-04,3.732066582779150921e-03,7.766753014130508767e-03,4.380232975233511530e-03,2.871135358765379737e-03,4.332176762601826388e-03,3.639038902268194008e-03,2.249764980378373119e-03,1.138012386857270401e-02,2.282671527151650809e-02,2.473777468538433232e-03,5.546679398317845393e-03,5.774344121009257133e-03,1.330177149001486375e-03,1.571575557175160578e-03,1.133109278585759045e-03,1.256883049524561190e-03,9.906667232444628726e-04,2.444624531466538155e-03,3.983790978438558547e-03,2.598295419613083981e-02,7.145279264186503443e-03,6.825623455360350618e-04,6.859561615245962814e-03,5.760782161159226471e-03,2.073249449002618344e-02,4.401601196969374963e-02,2.232348027408286376e-02,4.268426322082247842e-02,1.543145135455597020e-02,8.524021256082890685e-03,2.566515655036926292e-03,4.005507970021907581e-03,1.411887986950426978e-02,5.695084267747548522e-03,5.851120167798042407e-03,3.049674288976882402e-03,1.608193050656966851e-03,1.091265398934476889e-02,3.835139773362550211e-03,3.756543147557580512e-03,4.851201550399430323e-03,4.184984375108953547e-03,5.782947726293868884e-03,4.603077477828039846e-03,9.081312739863596842e-03,5.674889857157995425e-03,2.874905942035627972e-03,1.075107602656067210e-02,6.392938946076976228e-03,2.626255076658510004e-02,7.146495780353193626e-03,1.668905923797405974e-02,2.432990233576437511e-02,3.650973015244471116e-03,5.173246598456530260e-03,1.188300245873889424e-02,1.254970190829999936e-02,1.664104793573117913e-02,2.074304862179432440e-02,1.762427019626151142e-02,1.201036037320757713e-02,2.784429961506421081e-03,1.036302936959650070e-03,4.372463863681327889e-03,9.225085150231628409e-03,1.229697849358329757e-02,2.487890988994926732e-03,3.150227191841185968e-03,2.323703405046505330e-03,2.776449393960637394e-03,4.007209377531066380e-04
4.993456325932486145e-02,2.524423665364596350e-02,1.087224212067775114e-01,9.093333119121468910e-02,0.000000000000000000e+00,3.074288007692407149e-02,1.944088844575000280e-02,2.861317649262320323e-02,1.458284979763580305e-02,4.016890132480725739e-02,6.067091703279774845e-02,5.467290012682979317e-02,5.896370245531856735e-02,7.352936028807918745e-02,6.685240126470155808e-02,2.467156771421800954e-02,4.020922645087859904e-02,1.932012718669696635e-02,1.200453707587404925e-02,7.296464881085549907e-03,1.124027540858469308e-02,1.692715870485439478e-02,3.355573521077127343e-03,1.451272945847811077e-03,4.322400254956125336e-03,2.959716017886413093e-03,7.610025777315352138e-03,1.017911672811790298e-02,5.122803346073166210e-03,4.031719000132305206e-03,2.453658642191247283e-03,1.096745685565381732e-02,2.594227990414074269e-03,1.593081666260692114e-03,7.066588207465806203e-03,1.192265649586243641e-02,1.068437117796632724e-02,1.759096599736878572e-03,7.394699366708758215e-03,6.105633335272997800e-03,7.048322153824440259e-03,6.889400897756822392e-03,1.318239220133688924e-02,2.221330440018205992e-03,9.828748914101717062e-04,4.314931078315773286e-03,2.585718614387145196e-03,1.327639135187052080e-02,4.527206564531907965e-03,8.367475345578669066e-03,7.222370945165539242e-03,7.847335382591092909e-03,1.942331443458645418e-02,5.264204307798371618e-03,1.231888888991399325e-02,1.658695698919596812e-02,2.553974424270493392e-03,7.973679017652947690e-03,3.250857761107380905e-03,2.819089728326207821e-03,5.758165261504193284e-03,3.775309202968253879e-03,6.553356904091835015e-03,4.419830300388500124e-03,4.111413508895198944e-03,4.275669744090176798e-03,1.061043794046866683e-03,8.561799954276159974e-03,2.188945280673683380e-03,5.933124772821626695e-03,1.722026220435587951e-02,3.087447137681758897e-03,5.924441830395453697e-03,1.179608754259360397e-02,1.595474187103374311e-02,1.530064046101970929e-02,2.480845425404942448e-02,2.128003684153010819e-02,1.895227242958965122e-02,4.732016433053975839e-03,7.299520878776172804e-03,6.028310649632992631e-03,5.212642434457512471e-03,9.201331963479194307e-04,3.641271496417330597e-03,2.629244371445000391e-03,7.497738643716475408e-03,6.987849411998365082e-03,1.209832158027521545e-02,1.121302798994909316e-03,9.930999162665597388e-03,3.041981328596534990e-03,2.028517439399296282e-02,1.541994886389401812e-02,2.608250571701519957e-02,4.759857706724696796e-02,4.441634473905890085e-03,1.432165361674278721e-02,9.030766317409127594e-03,8.291099100703459152e-03,6.095326317869986278e-03,2.461659648263595304e-03,1.175207341370626719e-02,7.876671732668590747e-03,2.508718629489776770e-03,6.657972524109581104e-03,5.187978025686174749e-03,4.750970438907006418e-03,2.567252078122464996e-03,4.858547998746487809e-03,1.424340552525418064e-03,2.734304636905337399e-03,1.614724756558670853e-03,2.331756596034495997e-03,4.653410038581930371e-03,5.777824757073347570e-03,1.098855583538324229e-02,1.427093608038835539e-02,7.278056618468827996e-03,1.183149349270110409e-02,1.294303139207120083e-02,3.422540479004365210e-03,9.550227587325946232e-03,7.593055107465851786e-03,8.707535350802550825e-03,1.248794771949341548e-02,3.941787503163279686e-03,2.255034161619439911e-02,6.752552727451485541e-03,5.803241360427510535e-03,8.812309099517244212e-03,1.869016999133890893e-03,7.645638751217778695e-03,1.359088630361193935e-02,6.648727093002292608e-03,9.436197688766478214e-03,5.323260434486361617e-03,4.668184798108024683e-03,6.296755712676845290e-04
1.747898426606433022e-03,5.287788612184648324e-02,3.483440403799639099e-03,8.346334485458598018e-02,3.074288007692407149e-02,0.000000000000000000e+00,7.219549584054475722e-02,6.151697403586155188e-02,3.193256939151411372e-02,3.963486182859407569e-02,8.194427698372393210e-02,6.526992968057468078e-03,2.909716543393467414e-02,1.196696745389261990e-02,2.209312434743524942e-02,1.102648852861992310e-02,1.184965187468738426e-02,1.961578343208515013e-02,6.021082636993644981e-03,1.507203100213891540e-02,1.984722492158804124e-03,8.049415944377587284e-03,1.705150741970211381e-02,2.067962183119773090e-02,7.972514335917930614e-03,3.060329253510665239e-03,7.773226856347923396e-03,6.631668466586801598e-03,5.202230191625509259e-03,7.438460670964049115e-03,2.128393698197671245e-03,1.267320085466650502e-02,1.284561206268597291e-03,1.130515009782151990e-02,1.017930759911670272e-02,3.060962120705089558e-03,5.897367854680403421e-03,1.829071112162609534e-03,1.099289123166456543e-02,2.157483638321112517e-03,7.743483972760128314e-03,1.595011471234876119e-02,1.531269150130267973e-02,1.482584145920548199e-02,1.309823715664268189e-02,3.454053819542626802e-02,1.023477795666643403e-02,1.046521487475740933e-02,1.701001993505242647e-03,1.654599173247909769e-02,4.481206748984003889e-03,8.936105957506381217e-03,6.281897039304332186e-03,1.085773223318341370e-02,8.402491847733057143e-03,1.096859988909133256e-02,3.482825343843488995e-03,1.373228274521688143e-02,3.009062936381207230e-03,6.164544458679977780e-03,2.640755051349276666e-03,7.657669631953624607e-03,1.105588527250053223e-02,3.223632133308865916e-02,8.704996579934516643e-03,9.618282081422839525e-03,3.270802428740845948e-03,6.173270943051248870e-03,1.481663969753873157e-03,1.426519337310810411e-02,1.119848997367843546e-02,1.062964633688776202e-02,1.983184590079249687e-02,1.931412626718136821e-02,2.595540280924483675e-03,1.282023936511398655e-02,5.199310899204880217e-03,5.089877614193808256e-03,1.487547092884610898e-03,1.283078472005132024e-03,7.109684721394005959e-03,3.255536666788986719e-03,5.741929577947711173e-03,1.370263878727870019e-02,3.189863288143118120e-03,5.954124892223709720e-03,5.420540842239848778e-03,3.851364141427976017e-03,1.738732354616202066e-03,4.213237417383307488e-03,7.070144049094588198e-03,8.874966453107377765e-03,1.439784726989743260e-02,3.035100358940590135e-03,6.990192431464624552e-03,3.050220550735201555e-02,7.101141420811442166e-03,2.767825088062281225e-03,3.028560834765416099e-03,1.086807568029524856e-02,5.928796741589569333e-03,1.007082355955116713e-02,2.337299280193075052e-03,1.351353285671808187e-02,9.053585959144155870e-03,1.329987154368655021e-02,4.184752331809990858e-03,3.598356891454872631e-03,1.737221067797835652e-02,1.628914192579144007e-02,3.477185173184830884e-03,5.820726056879806445e-03,1.290271367518015322e-03,2.036526664199940495e-02,3.525826950442914609e-02,1.850559997392471623e-02,5.111971263874031529e-02,2.172324516161846381e-02,6.810658444303474904e-03,2.236243294297532089e-02,1.606046580339422908e-02,1.509432452356027641e-03,3.751625778918201565e-02,1.018579896511251359e-02,1.410111985248854553e-02,1.576540013502763030e-02,1.700977230213025770e-02,6.475936034252702950e-03,1.468655603143951410e-02,8.032382435823385430e-03,5.282217640965381107e-03,3.850675979265767712e-02,9.206054242422944539e-03,2.592908440070442952e-02,1.343075789516409366e-02,2.280016176222596225e-02,5.599517629140378719e-03,2.265705533558027424e-02,7.715837342956723480e-03
5.566866019299395590e-03,1.714748842372550847e-02,1.588680304410440211e-02,3.982214252642277130e-02,1.944088844575000280e-02,7.219549584054475722e-02,0.000000000000000000e+00,1.752247559931066970e-02,3.284891397573964228e-02,1.083908550351972006e-01,5.862393165492300884e-02,2.493279270399794204e-02,2.872130849631140612e-02,1.228675177793772492e-02,1.808320664720823590e-02,1.287310143909768494e-02,1.560651312643057849e-02,2.168707168847120066e-03,1.767879971628941171e-02,3.819476059638135523e-02,7.127592628515954862e-03,6.001392377359947468e-03,8.882798566261869769e-03,1.527953061675260899e-03,1.220870602441002754e-02,2.450638628632585431e-03,1.901814052557821311e-03,1.845061743588406397e-02,8.921245029810955310e-03,3.849030163796170884e-03,4.282977505206627712e-03,1.340127359221134377e-03,1.489407018271390187e-02,3.579403838102924833e-03,3.672767047005344454e-03,2.317683994906337072e-03,8.701549371295587421e-03,8.483525841677408766e-03,7.811152754073891896e-03,4.056759346692245284e-03,4.227981046270362989e-03,5.138442776547297829e-03,1.005202287022556075e-02,2.896388952223339849e-03,2.082786121464176576e-02,1.921233444379411015e-02,1.480193658809014811e-03,2.116259008925762755e-02,3.963634265216359892e-03,2.131753072378860664e-02,4.111556600861463601e-03,3.049805601140876711e-03,5.274170359817656473e-03,1.930282053377139258e-03,1.474765078287826325e-02,5.111998475232568118e-03,7.656445294710293933e-03,8.723586660722657329e-03,1.630429896913934695e-02,1.638514311179454022e-02,1.572004733907678880e-03,2.762833680261217711e-03,8.593773646677294042e-03,2.151550521450702053e-02,4.160546421828589629e-03,8.653369070993581838e-03,1.424068836954709653e-03,1.077634068495656426e-02,1.318802772439465251e-03,2.314778662780812846e-02,2.095600373670594360e-02,1.104547847854613334e-03,8.119329212360760703e-03,1.943170960800109232e-02,9.433197456901777633e-03,1.598422019351838919e-02,2.881182221847100947e-02,1.386843850390459716e-02,9.091801488182980201e-03,6.318502053861174347e-03,1.199717954677476280e-02,9.176893075759347349e-04,7.812229337458813892e-03,1.009403967101752883e-02,9.049860971137777682e-03,5.843857798309339685e-03,1.400414932257899999e-03,1.665882803820818020e-02,2.037303972056286536e-02,1.400005004874732562e-02,1.153798764916959350e-03,4.655774832500902093e-03,1.602273689907302359e-02,1.866638316352138560e-02,1.193635301284714893e-02,3.376619674841110919e-02,9.746549102876406580e-04,9.320146558391908739e-03,1.834462408372185965e-02,8.697290507934992559e-03,5.527306976601122079e-03,8.034202033247448901e-03,4.341110775012889389e-03,1.850688057868304405e-03,4.201023464222189245e-03,1.620689352129784169e-02,1.351220195055405013e-02,1.620401851541510355e-02,1.062804674568985745e-02,7.619363932816699408e-03,3.252816023519738194e-03,7.763201532315567449e-03,2.526446841615990774e-03,2.731025888670229190e-02,1.403923494348383906e-02,3.165736175381705410e-03,8.683729326685582506e-03,9.619680215381476787e-03,1.530347197136727126e-03,1.893475846493739359e-02,1.578685830912148272e-02,1.040608844831442982e-02,2.129071195911195861e-03,2.985653761764378578e-04,7.506834083382930324e-03,8.566817715640202488e-03,1.478125053441023060e-02,1.527959942977998378e-02,6.539968787562447719e-03,5.935740509154549364e-03,1.133752745180388252e-02,8.543401761354063942e-03,1.124720792560516235e-02,7.398260446545505686e-03,8.376805794919763015e-03,9.454607096711803785e-03,8.353505754795461161e-03,1.902416441687649219e-03,1.582511666320522399e-03
2.712125383055301580e-03,7.123660410492204005e-03,7.532930041337761520e-03,2.531223883427435178e-02,2.861317649262320323e-02,6.151697403586155188e-02,1.752247559931066970e-02,0.000000000000000000e+00,3.899393921098535248e-02,2.987785104779744697e-02,4.470668194137644713e-02,6.574535133007025633e-02,6.363138263144201001e-02,5.417389236583821516e-02,1.357481649986620915e-02,1.441800049436619928e-02,2.228168938940637556e-02,1.838517363182386524e-02,1.121205084757272846e-02,1.283912096192588344e-02,1.574782833882678798e-02,8.531084773334720456e-03,3.289230125898308030e-03,1.504702629563808326e-03,2.805160578585718517e-03,4.250118800646004134e-03,1.883774719995907031e-03,3.807907317201336076e-03,5.708707235113337150e-03,1.414394476326624912e-02,5.490075294480199417e-03,4.774493029297806682e-03,9.360583036477939170e-03,2.399671370094860496e-03,3.312433016429728715e-03,1.305797084482812620e-02,1.064728492894343251e-02,2.777672886495754102e-03,8.700299306093598264e-03,6.876149515170093887e-03,4.959266265022207673e-03,3.439220787099893286e-03,1.619805940555252592e-03,1.115318730697448593e-02,1.215788128484275501e-03,2.884251131441105398e-03,7.236366115816116398e-03,1.734423860734582478e-03,1.251590880560984019e-02,3.177177784044998843e-03,5.942342751090276542e-03,3.075360304878141382e-02,9.817076094956078691e-03,3.781228987809745219e-03,1.030121733434467618e-03,5.901281846661259739e-02,3.762358386353764021e-03,1.463417807325943136e-03,4.988228408996596419e-02,1.682626922046236498e-02,9.714355468444506314e-03,2.753206931783581078e-03,1.453066451337812169e-02,4.098377665685320505e-03,2.319276849489967842e-03,2.157012779934143129e-02,1.399061313330079992e-02,6.002592270337028107e-03,1.901555738024346149e-03,3.235625501337110500e-03,4.988105719288915378e-03,2.003770597275110824e-02,1.850615571833439874e-02,1.590707736444180523e-02,3.345918577424517731e-03,7.415019183037426485e-03,6.689135741331929570e-03,1.323676581393220218e-02,9.160125063858918018e-03,1.107750485795893107e-03,6.642126657176568305e-03,5.705406314890999232e-03,3.107016655884066447e-03,3.690956480336955552e-03,1.024100310206621468e-03,5.015079177038965930e-04,1.137491410690280244e-02,1.017795348384764554e-03,6.860670651616898597e-03,4.999523835649975941e-03,3.516369207227604959e-03,1.479196152365639533e-02,3.250686850818983870e-02,5.575412839441717602e-03,4.448829974047940894e-03,2.701659851352844477e-02,3.187213698702374108e-03,6.681119949430974932e-03,1.074000750169206743e-02,5.130682092164800222e-03,3.689701835167419688e-03,2.267117834440281112e-03,4.380197694115435872e-03,1.213635708442698143e-02,2.142975821013195017e-02,5.285386272950540199e-03,4.542003667114741239e-03,3.138677050269025794e-03,7.808851570580197139e-03,1.810535310966243910e-03,6.870619945906797886e-03,1.374329379225979484e-03,9.652956120842383705e-03,6.027257445339387169e-03,9.297480545744609554e-03,7.810503117623263450e-03,8.055577042344483352e-03,1.736290163332428887e-02,3.828244915951057366e-03,1.203288727359579958e-03,7.517996771824060273e-03,4.302131206831782267e-02,6.089356399800184907e-03,1.323997866738418558e-02,6.440997827432915976e-03,1.584058734534869728e-02,5.452345348960913052e-03,9.207161032108139229e-03,3.577520220216090421e-03,6.659032698036654145e-03,8.380346296614767793e-03,1.226316190567324459e-02,3.666098918707262622e-03,9.327421271014156232e-03,1.651369242720522905e-03,5.937898365503142990e-03,9.912925243566888828e-04,1.180299682087161380e-03,7.486370671455262488e-04
4.101702016616620011e-03,4.301016401533319135e-03,1.342151922297457438e-02,6.058895862897134728e-03,1.458284979763580305e-02,3.193256939151411372e-02,3.284891397573964228e-02,3.899393921098535248e-02,0.000000000000000000e+00,5.603068174531608547e-02,8.100400296172554152e-03,3.155199687612050136e-02,4.586645871243427708e-02,3.676932103705470023e-02,3.799065943575276327e-02,9.998972603190421291e-03,7.235584789527246298e-03,1.109343266677081594e-02,5.503416677946650765e-03,4.560509400415323211e-03,1.638185106139279992e-02,3.190066498132177516e-03,5.916932068869306706e-03,1.069274101333174539e-03,1.140144028508490110e-03,1.592629658671394256e-03,1.118726220133928455e-03,8.734055820513822802e-03,5.761921201985103699e-03,1.509764516376061079e-02,1.868114032709532061e-03,5.541338024106778892e-03,4.558522837061426865e-03,2.743909214662340959e-03,7.944343631439093265e-03,2.559553693934327537e-02,1.129010391798199002e-02,5.220512163122371582e-03,2.806977288974012857e-02,9.830965959667089388e-03,2.925332686932387814e-03,1.513687346032912499e-03,3.174679792850941713e-03,1.945927232818397664e-03,3.627530265916526549e-03,2.295710778201256758e-03,8.825432919409742808e-04,7.515379029463995463e-03,2.419192903505027956e-02,3.436002806209268248e-03,5.787754440159515595e-03,1.199336656660207265e-02,3.329840140054154268e-02,1.041737482163650023e-02,7.054063817288455836e-03,2.807387701965611063e-02,2.391666164918162737e-02,9.472455381541436317e-04,3.220745542638211306e-02,8.959540824948332514e-04,1.473800858899645136e-03,3.804770018045745307e-03,4.919653677487539553e-03,1.465445564786376810e-02,1.126353163038251726e-02,1.863791688928191637e-02,1.399088498736434684e-02,3.960234404206876280e-03,2.431121097594461655e-03,1.263159731603654898e-02,1.267079998382083551e-02,5.078176655675080420e-03,4.553096082742337687e-03,3.291774323581295354e-03,1.961218346493320830e-03,7.191799758073149848e-03,4.403898550518770168e-03,1.357794886335906767e-02,2.839629387363269350e-02,1.852504148513764437e-02,7.179374640955910394e-03,1.285097190684700123e-02,9.081148605382043798e-03,5.732522581906959562e-03,5.341293043335464119e-03,4.931713610947711587e-03,7.953916656514880765e-03,3.105027636829584946e-03,6.947242954132437512e-04,8.052890415598848786e-03,1.146642376513383466e-02,8.533335391611640217e-03,1.892653158140628761e-02,4.366410698144920603e-03,4.125540019462849324e-03,3.562641427881474421e-02,6.834644413337696497e-03,1.779715562420551567e-02,1.082353734453401356e-02,2.896309523176614133e-03,3.190134741340370454e-03,3.912326932378094695e-03,3.011126051350736417e-03,2.580828204077377248e-03,5.444025050263385374e-03,7.887134739595482802e-04,2.626646775413314129e-03,2.629017394982323744e-03,2.524768677855547018e-03,7.893728116523113236e-04,8.805515020215252953e-03,2.558206551737045743e-03,9.241266954072936690e-03,6.057021470285654276e-03,4.667775642121551986e-03,1.164499118372477708e-02,3.444297097857482778e-03,1.052314067963094554e-02,1.846486915945711686e-03,1.477128318011920369e-04,7.811663285760509813e-03,4.791063421193854019e-03,5.096129647110166907e-04,4.820324580092205137e-03,1.143412755658977480e-02,7.785401275990343380e-03,1.233953732191036753e-02,1.042668439591596351e-02,5.362735636597194648e-03,4.169162425955959435e-03,9.506939066345204562e-04,1.466819682430714001e-03,6.220136570328562396e-03,4.817104270657534583e-03,8.042081660441806681e-03,9.975584331634022341e-04,8.039967014798529016e-03,1.960803651935480538e-03,6.216647068089927418e-03
2.731013499404975897e-02,9.539968861151807214e-03,1.355193372966973127e-02,5.942364164946753458e-02,4.016890132480725739e-02,3.963486182859407569e-02,1.083908550351972006e-01,2.987785104779744697e-02,5.603068174531608547e-02,0.000000000000000000e+00,5.017150282724838067e-02,2.176217449885269398e-02,3.524258558526099233e-02,2.770732649816227619e-02,1.910546026942805745e-02,2.142074848152897976e-02,1.057582971670973336e-02,1.551678297185187655e-02,2.362454472129183608e-02,1.956451885959393025e-02,1.641565777308832616e-02,5.545234225889877563e-03,4.393339688413492455e-03,9.100062165045670615e-03,1.437839200008075640e-03,7.533356518527320640e-03,4.571062198912500055e-03,8.851503269501790824e-04,2.883058968404431446e-02,1.675938654557092983e-02,2.256164139054735868e-02,1.629801748915297652e-02,1.120950626372039377e-02,1.898215194374104891e-03,4.870885282499747698e-03,1.393883954471352229e-02,8.648754028588747506e-03,7.001837206236633145e-03,9.001615608743148908e-03,1.088400826786183918e-02,1.801393969178866159e-03,1.680106904026998013e-02,1.299052126940817078e-02,3.126166402941617933e-02,2.077617706202460751e-02,1.579170419125115396e-02,6.484827948387844251e-03,2.250770817554825082e-03,3.365459322845953949e-02,3.260600020833919442e-03,8.559726463109785036e-03,4.511020965797970378e-02,2.039610622620341776e-02,5.085055299473893384e-03,9.385904630351476347e-03,5.403463246616150434e-02,5.852013321377651581e-03,1.819667322752511422e-03,1.537935895456301640e-02,6.209351376720731105e-03,1.716532474420315963e-03,6.661248102122469157e-03,2.081383385291281363e-02,9.214306872119482766e-03,2.716869379591411050e-03,8.223844686168046980e-03,1.070353146640904037e-02,1.822594518896281796e-02,6.438350980047594964e-03,1.251759996518786618e-03,1.327956639427155423e-02,2.827953462306503560e-02,3.966172143596014867e-03,1.532258246092983332e-03,4.633489160667515934e-03,7.181859976945420901e-03,2.076354753086419053e-03,2.878633223001472122e-03,8.701174474595715913e-03,7.059038910514705417e-03,5.162899587335140032e-03,6.464935903511614262e-03,1.131281284032677019e-02,6.129515457948889190e-03,2.093419299570509207e-02,1.429019314881672768e-02,1.355437063921283332e-03,2.024882758031976149e-03,4.640333341396383343e-03,4.341507105499090892e-03,4.135405066116670282e-03,2.121793337217488945e-02,6.237576097040383426e-03,2.294074650863906720e-03,2.085184734139642650e-03,5.863994782623958672e-03,1.825581427093448880e-02,1.078654991017332504e-02,1.432644240906275589e-02,4.999329279122159686e-03,1.405125396467972985e-02,2.195873789788690272e-03,6.572250445470112154e-03,1.718489058169980245e-03,4.840473782836256927e-02,4.732740981895797866e-02,2.461646440608412575e-02,9.658339295688956119e-03,4.335593514740877785e-02,1.094081665564902717e-02,1.333280381722066164e-02,1.698895914325681405e-02,6.069533646919568481e-03,5.170303777460079180e-03,2.098249872183443471e-03,4.689111671984439703e-04,9.470225689586912396e-03,5.710426340258849091e-03,1.290799461853797854e-02,2.027958489566703427e-03,2.307196119993660741e-02,5.827231233818441596e-03,3.978257240964193711e-03,5.217449377128687525e-03,1.938507475924135942e-02,8.082523806675684028e-03,7.902749366837184472e-03,2.671566687183689077e-03,9.059758078018160729e-03,3.833592338755922868e-03,3.414992038165764760e-03,6.408218006399008307e-03,8.999589877174991176e-03,5.429596405343821083e-03,7.240896801146958807e-03,5.343929142088865063e-04,1.354927670178141842e-03,3.475133026688536839e-03,3.269816143251767261e-03
2.208335912920550426e-02,1.003257243529136200e-02,1.260095936153126338e-02,3.916059399043043260e-02,6.067091703279774845e-02,8.194427698372393210e-02,5.862393165492300884e-02,4.470668194137644713e-02,8.100400296172554152e-03,5.017150282724838067e-02,0.000000000000000000e+00,2.910034715524040597e-02,8.466053540232021390e-02,2.307143676998779994e-02,6.757200836127601716e-03,3.486410314498775143e-02,1.704069214136056439e-03,1.665945478258321674e-03,6.065806663257362419e-04,3.585484489898777254e-03,1.057768330263066277e-02,7.236144261408150244e-03,1.233434766846839246e-02,3.666791082749350315e-03,5.191460187485310435e-03,3.700363123519025653e-03,2.835745788136176306e-03,1.198867476604534429e-03,2.024041025863024257e-03,2.063798473703716899e-02,3.836048308122003148e-02,6.285138249703588198e-02,4.686455447313075950e-02,8.587304725446972056e-03,4.569002510990341145e-03,3.748715959320413071e-02,1.262158728497507834e-02,3.357085342458185351e-02,5.508448960205968720e-02,3.087951972351322266e-02,5.971888271710856788e-03,4.331603976136638376e-03,2.459589549060779354e-03,6.949638532541111205e-03,6.154299626056676346e-03,9.167480069640632223e-03,9.568334255106998414e-04,3.670117529070374401e-03,1.840581021846263501e-03,3.719845818251801654e-03,8.937073007415153800e-03,2.823715203649170696e-02,3.465276377418628068e-02,4.661186959480970692e-03,7.937533480967757030e-03,3.667635767353486648e-02,4.339843828341111327e-03,9.526344285226367005e-04,8.630666993686005387e-03,1.420823567614110973e-03,1.188427279613328731e-02,7.240924005031922940e-03,2.073365701462506760e-03,5.413566451599701075e-03,3.116093948753654534e-03,5.486384912799482233e-03,2.985063370323702732e-03,1.119079378376913909e-02,5.233054301606653719e-03,9.881812569384142500e-03,5.509311285960218421e-03,5.413862949359240714e-03,9.858508278961317789e-04,3.900606613268813808e-03,7.095392193127742810e-03,1.399627807173742071e-02,7.480403465595198732e-03,1.557005083776639466e-02,8.084141461603323474e-04,1.633860787102094222e-03,2.799236866263435635e-03,2.361480583818513935e-03,1.514528620373576740e-03,9.194571264660826582e-04,1.207123863951264746e-03,3.942713688256511279e-03,2.887302180397130404e-03,4.833583901836604330e-03,2.624585610910652386e-03,9.766604514736430473e-03,1.247019433802463821e-03,1.854094424320890805e-02,1.604948615092134309e-02,1.655383501230183515e-03,1.404033349532233079e-03,1.654387080413060804e-02,1.057196359686046402e-02,7.854526742580711027e-04,6.473246320426205742e-03,1.674071011219682150e-03,2.254468168088366066e-03,4.476193566324618983e-03,2.310307213491134219e-03,9.455909436126715660e-04,1.281944482847377498e-02,3.324955031829789076e-02,3.737872786562047162e-02,2.257828648483951178e-02,4.668217825276774202e-02,1.780875942903401704e-02,7.347507956524200641e-03,3.259231020516808758e-03,7.699221000755820769e-03,5.095640943275956498e-04,6.102491278779896555e-03,7.372912563381559849e-03,2.755893014519252351e-02,1.337402245041457993e-02,3.356267732158203440e-03,2.566760537287644892e-03,2.410034771225178472e-03,2.847532776399458107e-02,3.902926886108079411e-03,3.163822934193825931e-02,1.029630750120687221e-02,3.687549508898244760e-03,6.181502816715932040e-03,5.670684365784506471e-03,9.074589544849286440e-03,1.074538138261851156e-02,8.101262616506578126e-03,2.569902847074927166e-02,3.663954773372880142e-03,4.037774294523451685e-03,3.598924493733154494e-03,1.316461116358484500e-02,4.202842618737082439e-03,8.329309666432775303e-03,4.387687851655100099e-03
