0.000000000000000000e+00,3.957084649941977617e-02,2.642823606454259081e-02,5.094940814421844433e-02,4.772912117194753889e-02,5.968403229897495388e-02,3.826569999176800130e-02,5.096719304572550763e-02,2.170573010837155772e-02,5.678419501482555309e-02,8.894043027150039943e-03,4.087580620292755040e-02,1.822550230158895973e-02,5.816460400766401695e-03,3.922422925738928978e-02,3.491196727090527946e-02,3.845254349210904671e-02,2.545123319988563948e-02,4.476153965689699810e-02,3.093746739307304955e-02,5.447046030285042362e-02,9.333286788563213698e-02,3.086240926480585817e-02,9.093663991636019572e-02,3.027796064383744129e-02,7.710917785949665884e-03,3.689280741890718640e-03,4.954247364274657478e-02,6.309988853352845734e-03,2.372418987786355151e-03,1.568157488598409879e-02,7.739655829465411953e-03,7.557822971863773116e-03,9.566521056192024697e-03,1.837004380075619309e-02,2.275402752105905313e-02,8.308856287652790357e-03,2.604968916333788576e-02,9.122910403509456451e-03,1.724481240130094212e-02,2.518852408806114204e-02,7.466380315846073146e-03,1.527721900222582183e-02,2.190969410311019439e-02,1.177732306628457432e-02,1.509332103403497778e-02,7.907094973728205634e-04,7.915035059841608184e-03,4.850848690872326847e-03,1.330992697429054031e-02,5.860801893628091348e-03,7.942133289391363829e-03,1.307710485233118218e-02,6.635703943864010128e-03,4.505227231574750364e-03,8.650580054208613021e-03,1.264932005080062795e-02,9.054862369164928121e-03,1.280151957191170108e-02,1.230354455684633946e-02,2.240701306571678264e-02,4.117091500146492083e-02,1.337003299932733313e-02,8.533913434292217381e-03,2.221758282644283738e-02,1.944859088609977166e-02,1.152239921097636920e-02,3.727117835985851134e-03,2.819995312791277308e-03,1.848456595613885700e-02,4.881102494922867456e-03
3.957084649941977617e-02,0.000000000000000000e+00,8.806890599150754562e-02,5.154754239837051888e-02,6.680151875055184707e-02,5.583161608868442150e-02,3.759359916398368612e-02,4.392137126825415572e-02,2.180918596776362448e-02,4.213258758979695345e-02,1.007950158114048061e-02,2.606974317203952438e-02,2.343381586961889446e-02,1.018391325867619435e-02,1.702987626955724046e-02,2.724906389742382667e-02,4.217684731087036759e-02,4.538166605060064279e-02,3.512857741311994214e-02,4.210479058612588005e-02,7.374755503556476577e-02,7.313200833768673803e-02,3.310305940792800106e-02,9.794556707374951765e-02,5.352764047062260645e-03,2.192612962154661185e-02,2.231921651424034411e-02,2.832570491121430556e-02,1.297313025628473240e-02,1.216413418446363887e-02,1.407940082954892494e-02,1.655622833945986222e-02,3.090455883409761774e-03,4.389629533258275138e-03,1.475715828842128971e-02,1.219585241209719499e-02,2.430563350468929219e-03,9.877555710526623317e-03,5.510560417981944480e-03,4.995135417291819528e-03,1.807957437157075783e-02,6.936718141405740987e-03,1.705977213748711280e-02,1.734478479427798564e-02,1.352605824965159853e-02,1.983680710884123261e-02,6.851071861949561449e-03,4.014520904753457638e-03,5.023192311151948065e-03,1.082401826798748759e-02,3.019430017743290201e-02,9.133335278582174060e-03,3.361699809753142948e-02,3.353732956349234073e-02,1.723178186517186627e-02,1.362335342499810566e-02,1.048905023675828982e-02,4.063529271230079815e-03,9.359546223336881812e-03,2.836811220000544018e-02,6.416899086026272257e-03,2.769120907825763089e-02,4.364536026034043087e-02,2.369892498058580321e-02,1.875062427388144576e-02,4.725565101394449408e-03,9.508639051078893872e-03,2.697750970837342263e-02,2.225233616562295041e-02,1.115956025194490484e-02,9.730739144844664443e-03
2.642823606454259081e-02,8.806890599150754562e-02,0.000000000000000000e+00,7.052166668965458018e-02,1.039595166343733612e-01,1.009231269356128807e-01,4.710964530058420197e-02,5.780492038170174235e-02,2.635797516403558596e-02,4.850246706238702660e-02,6.515761529594748386e-03,3.392393963612472252e-02,1.263668343983704451e-02,2.397282822206286274e-02,2.202600611296777824e-02,1.859135828049255160e-02,5.022898662307485190e-02,5.190678239444838915e-02,7.300429940378812266e-02,7.492108906514227673e-02,9.140317519276484892e-02,1.068077210478615702e-01,9.425981164697475045e-02,9.820907927733411868e-02,7.017851152927223612e-02,1.948847131456451706e-02,1.121934124066599481e-02,6.344630273767012940e-02,1.720840135341465682e-02,8.664642692361905832e-03,2.422538118614447553e-02,1.172078249780065910e-02,1.012127747925143512e-02,2.739435409451521433e-02,3.017873460548624320e-02,3.989563884659156484e-02,2.711655521249683662e-02,3.853149169269152324e-02,3.037870701576303456e-02,2.359386539984257083e-02,4.017439163666672308e-02,4.225755567993173117e-02,4.878495506778143809e-02,4.915362491568160686e-02,2.079818219689084577e-02,2.419960149785243056e-02,8.920482965485308433e-03,2.997575366879376771e-02,1.623401573180016308e-02,1.685028717504812382e-02,2.060176508949022184e-02,1.666033842317686184e-02,4.034210731510276537e-02,9.927976930732598446e-03,2.492343528923331164e-02,1.375860155814379558e-02,1.856283812648228462e-02,3.153426629627716776e-02,3.113585994824125125e-02,2.240600229028106953e-03,1.152654342462634124e-02,1.494973194964532848e-02,2.673704681412465006e-02,3.432170057600626017e-02,2.810240922261752344e-02,6.071330796889428359e-03,2.677420487998364781e-02,6.855646544303247401e-03,3.316650326699941385e-03,1.310626107795618243e-02,1.269491586374516673e-02
5.094940814421844433e-02,5.154754239837051888e-02,7.052166668965458018e-02,0.000000000000000000e+00,9.426466729805320355e-02,6.442326729590149015e-02,6.233941961420799704e-02,3.055957064109077539e-02,1.466228533671903693e-02,5.450403266309006289e-02,2.586381768632489697e-02,5.484319018561027020e-02,4.372350026104486476e-02,5.174810577407634726e-02,4.303572642891757144e-02,1.291189288431417170e-01,6.641191576592338219e-02,6.093557408721202162e-02,8.075670430219911156e-02,4.109021973133054201e-02,8.964017878757178648e-02,8.519430265775565503e-02,2.651834153716216974e-02,8.686904867352143733e-02,4.431778907858135996e-02,3.682172168614656488e-02,1.651285112595823196e-02,1.035784763831291456e-02,3.349465114899172896e-02,1.912452907412328512e-02,6.145570419510758969e-03,1.153749779331567082e-02,6.678202968890387461e-03,1.510719927280185747e-02,7.590139617760081892e-03,9.189139478089448920e-03,3.086152927381758185e-03,9.095502235543742597e-03,5.058609081280467101e-03,1.549865778227227115e-03,1.070914347574222075e-02,7.332869114456443994e-03,2.195664783000611867e-02,6.843973924439258373e-03,1.661143622429665095e-02,3.115618819469705147e-02,2.810950330226698324e-02,1.153791345780486727e-02,1.593623341570587007e-02,6.005785220257353618e-02,3.267633417188579859e-02,5.720518796738669615e-02,1.842705677194384981e-02,2.421234793446245398e-02,2.291575553635551502e-02,7.922853346997976026e-03,1.441031203863585297e-02,3.653952890707575212e-03,9.216127625119162337e-03,3.376167387912398093e-02,3.294612116370967958e-02,5.389804853535046930e-02,1.190306735589135960e-02,2.529149994794696599e-02,4.650719919175944073e-02,1.014913835885674319e-02,3.213596082269384174e-02,2.916933314557758339e-02,6.001398929029263911e-03,2.080329793780397174e-02,1.219220422170238724e-02
4.772912117194753889e-02,6.680151875055184707e-02,1.039595166343733612e-01,9.426466729805320355e-02,0.000000000000000000e+00,1.196296588238379976e-01,2.581752096975665003e-02,7.968619186545923549e-02,3.979056062757276024e-02,5.713189075328990035e-02,6.243128158994156081e-03,4.924494123734105694e-02,2.055802213934848632e-02,6.420562285690785409e-02,8.114304312067345537e-02,8.972828363820951891e-02,7.861916555637400716e-02,6.932444420454074441e-02,7.608627509829107849e-02,1.032769490602058887e-01,8.858317473888957516e-02,1.698228355526634481e-01,5.585121783293965636e-02,1.349219111777933411e-01,4.445632958010307945e-02,8.063311747860060427e-03,1.734051941105037645e-02,3.090440390259866638e-02,5.035832441203560300e-03,1.745722155725821026e-02,2.048957598340898564e-02,1.968716340001048365e-02,4.789828988651633097e-03,7.878027112612222618e-03,7.295823502514743250e-03,1.147532580252831960e-02,1.756183413175076754e-03,1.555601748344673067e-02,1.012580823663078791e-02,2.716627292824922574e-02,1.369851023387495467e-02,4.190814827270260279e-02,7.304005566653870574e-02,3.593434378409956359e-02,6.353124552911899869e-02,1.238367962439713629e-02,5.041089243541318522e-03,2.068680138642979213e-02,1.765838011897236798e-02,3.776092695710289021e-02,1.716901655486618994e-02,5.137973746986049944e-02,2.417833838745034672e-02,1.628343055306163967e-02,3.283684270195167537e-02,1.272027423008129619e-03,1.699691160137210486e-02,3.557789365710810597e-03,1.806510910205439899e-02,2.867988217951495528e-02,1.230709330019416625e-02,3.648502627292243145e-02,6.020379953071751042e-03,1.340323722783583714e-02,2.288751685240453942e-02,3.214590400372453055e-02,1.094876779559545571e-02,8.221006980028928990e-03,6.120173776140700773e-03,1.463480160312194411e-02,1.116103169711967283e-02
5.968403229897495388e-02,5.583161608868442150e-02,1.009231269356128807e-01,6.442326729590149015e-02,1.196296588238379976e-01,0.000000000000000000e+00,7.947421727199367736e-02,8.607860679473713916e-02,1.216018153133742036e-01,9.878530132025711841e-02,5.116193191872361878e-02,8.271747805236127904e-02,1.566237406918179892e-02,8.623810572905039884e-02,1.337554951144997728e-01,6.075499339966523166e-02,1.734377756160541406e-01,4.597439334580576825e-02,1.084918958147145090e-01,1.795850100923782611e-01,7.040297577587366351e-02,1.797114983479769501e-01,9.313317626037551089e-02,7.929971685719272578e-02,8.326847911483102604e-02,9.156277680219905568e-02,1.357365661163468205e-02,5.029520764075672695e-02,4.640152214930869101e-02,1.858241503328579569e-02,9.848205308469354727e-03,1.521123102536333467e-03,7.358645953045910015e-03,5.479927957000271452e-03,8.902397569956586529e-03,1.491315928551112911e-02,1.388332021824561016e-02,5.165672878952678321e-02,1.243411692259031344e-02,6.723141638095563033e-02,2.634931092909094039e-02,3.481639001220090263e-02,4.695379102475581712e-02,2.920143628890969206e-02,4.522575801951170954e-02,1.183001310422868158e-02,1.242007610801570613e-02,2.581825899714758690e-02,1.054943838128988808e-02,3.427237576181872691e-02,2.492260640936258195e-02,1.800329851878790244e-02,3.411245273593103977e-02,3.025792972997676938e-02,1.002133063368867635e-02,4.607647764233255110e-03,7.031755463721220054e-03,4.700682569026447787e-03,1.921854447279972011e-02,1.937460751268149303e-02,5.508839431682759601e-03,2.854899087422364118e-02,6.879037815597479483e-03,7.055214623045203727e-03,5.906534852787498346e-02,6.887098500812294244e-02,1.359058532653213865e-02,2.480735736181048645e-02,2.597380931635803747e-02,7.419319172450544037e-03,9.241958584396811963e-03
3.826569999176800130e-02,3.759359916398368612e-02,4.710964530058420197e-02,6.233941961420799704e-02,2.581752096975665003e-02,7.947421727199367736e-02,0.000000000000000000e+00,2.006428292488615095e-01,1.675800435203621819e-01,1.673040453554994200e-01,1.059412993426198657e-01,9.799893818616375873e-02,1.401471168282060822e-02,1.527478803553105335e-01,1.132117780633472987e-01,1.795238774468960741e-01,2.126858875505220070e-01,1.115833260315454017e-01,2.058104761790307546e-01,9.883683510759198876e-02,5.552836568614685775e-02,1.492516203585907975e-01,3.327247372028631356e-02,7.397614120434073404e-02,1.019664497588552120e-02,2.458681299320549310e-02,3.337685449079639405e-02,2.587122081181899170e-03,2.038059689272811101e-02,2.820999196445108867e-02,4.089622710098875756e-03,9.689711357911613698e-03,9.868518351726036919e-03,1.585225139890194916e-03,5.403068113905740329e-03,1.985583193275023122e-03,1.007312023981776078e-02,1.966267765060674896e-02,5.729702819368058357e-03,1.794825820044224779e-02,1.476448052288657081e-02,2.625284374847176860e-02,2.422870637767541788e-02,1.629825148263632298e-02,4.283204589264767020e-02,2.905944181972200391e-02,5.026016153661782421e-02,4.114621000459641603e-02,6.981074363857925347e-02,7.591860136056041708e-02,2.506417244053158258e-02,3.410242785014785255e-02,1.526283004012188999e-02,1.047117809601156267e-02,2.012980753643534015e-02,2.777062111067818851e-03,5.483202887730896126e-03,7.893404883476937139e-03,5.137587925658153309e-03,1.893489045597077439e-02,1.803531360509991882e-02,9.079952885959348408e-02,4.200866535548668929e-02,2.957043966079297981e-02,9.254319028386928658e-03,3.334983490714010790e-02,2.140208626484555593e-02,9.989736573242107356e-03,7.333675745526220188e-03,7.649128689528978883e-03,1.060993823814183022e-02
5.096719304572550763e-02,4.392137126825415572e-02,5.780492038170174235e-02,3.055957064109077539e-02,7.968619186545923549e-02,8.607860679473713916e-02,2.006428292488615095e-01,0.000000000000000000e+00,1.648907646975777685e-01,1.678239500495376235e-01,7.779627455044542395e-02,1.042910196901511571e-01,5.578206918335472386e-02,9.966712714127662354e-02,1.885402739127829130e-01,1.106439846839227387e-01,1.666022358839112094e-01,1.278846767459550782e-01,1.232108004087635877e-01,1.915605234089842734e-01,1.311958648895409640e-01,2.151347929234731227e-01,9.595480602422079563e-02,1.237757387539407117e-01,5.869265471677327650e-02,2.556987120511542907e-02,1.115948776498035082e-02,6.554149020462068931e-02,1.556545492428503159e-02,2.122856381220298780e-02,1.451534208597288385e-02,1.127305907253909299e-02,1.240845562946008701e-02,2.020412540414814884e-02,2.539595115047384860e-02,3.751750693488837413e-02,1.675295703095495622e-02,5.758331538661014271e-02,3.972343871679841903e-02,6.541949685159789696e-02,3.929183585702212406e-02,4.097398379441342248e-02,8.169348466906642403e-02,3.937768677770245307e-02,5.163400531369121554e-02,2.955319164375870902e-02,1.475704045138893222e-02,4.263490013427169434e-02,4.264451163086899893e-02,5.816838884594839609e-02,2.828574442283930679e-02,6.358098888894260503e-02,1.656358322538698663e-02,2.185271910401335310e-02,3.763878151103323272e-02,9.940026507736380093e-03,3.192668957829562087e-02,6.620306500356094512e-03,4.151538274723076682e-02,3.332424456773462433e-03,1.360571965584556064e-02,3.317503780398250307e-02,9.603058262585983593e-03,1.511393142618129570e-02,2.703697108269578764e-02,4.956259002350836551e-02,1.096234610976284420e-02,1.706760743965042007e-03,1.127546059120514491e-02,1.476501528772625194e-02,4.602057021408355666e-03
2.170573010837155772e-02,2.180918596776362448e-02,2.635797516403558596e-02,1.466228533671903693e-02,3.979056062757276024e-02,1.216018153133742036e-01,1.675800435203621819e-01,1.648907646975777685e-01,0.000000000000000000e+00,1.396155485255550777e-01,1.162612911884948058e-01,1.637468432049347389e-01,5.057044539743886513e-02,2.268221684225639745e-01,2.380794053935604282e-01,9.387822384439981072e-02,2.395685257219301589e-01,1.058388198398837882e-01,1.240077247655321097e-01,9.447245767160912522e-02,3.797849609489021422e-02,1.290982318444936772e-01,3.381592119550588804e-02,3.323630916679415348e-02,6.749175879109910355e-03,2.565594111971971486e-02,2.613323282317740054e-02,3.647267705359374945e-02,3.255098446109112170e-02,2.391576715045924673e-02,2.987905101869128919e-03,3.733381311240566765e-03,1.655264426907306075e-02,3.301213373860699234e-03,5.764672172207306773e-03,5.756921444173852126e-03,1.741869345283851480e-03,3.926124215764098535e-02,2.251627644007738599e-03,1.448992086824166768e-02,1.835680072059942686e-02,9.896874107352659697e-03,2.192904014960636930e-02,1.771976885979913152e-02,1.905506505378707846e-02,1.338663110880032071e-02,2.103924399331141143e-02,3.796542115514429938e-02,2.717608737774571473e-02,2.265584186146213375e-02,4.611770983727232764e-02,3.346434449160259200e-02,2.212831791068194803e-02,3.493204798840830738e-02,1.847095665656966687e-02,4.867053228745062479e-03,5.422206497763498549e-03,2.044196023644735336e-02,1.582409553203324021e-02,2.913915571301823985e-03,1.572069255476496452e-02,4.703496368311724934e-02,3.518424251885732268e-02,3.208268817153441671e-02,9.509976283595466401e-03,6.072915089326511029e-02,8.725042232503902109e-03,3.422111587312378668e-03,1.395125898580678279e-02,4.326774159834748112e-03,5.570177255968965582e-03
5.678419501482555309e-02,4.213258758979695345e-02,4.850246706238702660e-02,5.450403266309006289e-02,5.713189075328990035e-02,9.878530132025711841e-02,1.673040453554994200e-01,1.678239500495376235e-01,1.396155485255550777e-01,0.000000000000000000e+00,2.447732876968978510e-01,1.226633479613826599e-01,4.189760405671179994e-02,1.751185927998217817e-01,2.516597530949170047e-01,2.338067378314028499e-01,4.066244327179729390e-01,2.601838815454118881e-01,1.870483086035246711e-01,2.149235579902445958e-01,9.736437283782646557e-02,1.875727211371144565e-01,7.091131949208547003e-02,9.093807430283705473e-02,3.030175876384241795e-02,2.648410086810334269e-02,3.156297582597372697e-02,4.021408275125699233e-02,1.658880867628180489e-02,5.707895325633043776e-02,2.696634356678018988e-03,1.875751184412028857e-02,1.390261259726636132e-02,3.827537583173275942e-02,2.200775867179214848e-02,2.416604611311675907e-02,1.948096231209896223e-02,4.720399155938449082e-02,1.250942334508883466e-02,6.846296126036753582e-02,3.971702541937673081e-02,2.153345535667344074e-02,4.374912404495294449e-02,1.928949802140841191e-02,4.258254797529685554e-02,3.721385451720608112e-02,2.701196135797646197e-02,6.432625605334435503e-02,2.755797593453084698e-02,5.804885925075632669e-02,1.783656074928370930e-02,6.119548833942663885e-02,2.477810455961594258e-02,2.996193949039779522e-02,4.819283084803541173e-02,2.294881788164668951e-02,3.455547351770435482e-02,1.270583956690741513e-02,3.253002456520473484e-02,6.148846532145891067e-03,6.698186946100631069e-03,5.903667304039655200e-02,1.441037263035981064e-02,1.338738829435463448e-02,1.836712794392792933e-02,2.759968830069289489e-02,2.163840855100156516e-02,1.303267147740691870e-02,4.422679875050539514e-03,2.442810408500596317e-02,1.773836332133611748e-02
8.894043027150039943e-03,1.007950158114048061e-02,6.515761529594748386e-03,2.586381768632489697e-02,6.243128158994156081e-03,5.116193191872361878e-02,1.059412993426198657e-01,7.779627455044542395e-02,1.162612911884948058e-01,2.447732876968978510e-01,0.000000000000000000e+00,2.499000580712601449e-01,1.368560513295369874e-01,2.128559887416451302e-01,2.751389724201953602e-01,1.458577571584332155e-01,2.258499132656233144e-01,7.284274519566383277e-02,6.572813315983180860e-02,7.752490577850185138e-02,2.889311796265633253e-02,7.826646229508804620e-02,8.503037121147295763e-02,1.275588150291305338e-02,6.198661878439466061e-02,8.635532953659037780e-02,1.129339180945041973e-02,7.924062176616568365e-02,6.655765834920390756e-02,1.213991172040880182e-02,1.749531565176086836e-02,3.569059370101260262e-03,2.141160251860416142e-02,3.822023527856907837e-03,8.744039862296196577e-03,1.628594121303719375e-03,6.269365246439059965e-03,2.698778549158982812e-02,6.627101550157317097e-03,1.839446353063991374e-02,8.852994001988558070e-03,3.818243795894982195e-02,2.873710644969659084e-02,1.510631658184917459e-02,6.592524906139088370e-02,4.031483989775068444e-02,8.774410679904033963e-03,1.792392910712132387e-02,2.645375048653908490e-02,2.050271285288144188e-02,7.441172670937881706e-02,2.967393539554809279e-02,2.451565202386311870e-02,5.317442916271326175e-02,8.907026658973995342e-03,7.121543294886449604e-03,5.853267112653252717e-03,8.567421244612023756e-03,6.691173479740381014e-03,2.937387707325653848e-03,2.420173213690670136e-02,8.233587186481733378e-03,2.240508768657214350e-02,9.248458806535839183e-03,4.860711419218845253e-02,6.735756884586741045e-02,1.510981321128453125e-02,2.851734974630543845e-02,4.519063752682090512e-02,1.611669491512479624e-02,1.126836285704357031e-02
4.087580620292755040e-02,2.606974317203952438e-02,3.392393963612472252e-02,5.484319018561027020e-02,4.924494123734105694e-02,8.271747805236127904e-02,9.799893818616375873e-02,1.042910196901511571e-01,1.637468432049347389e-01,1.226633479613826599e-01,2.499000580712601449e-01,0.000000000000000000e+00,7.564415792974688024e-02,3.529586039045997659e-01,3.499246122344195076e-01,2.388560919736210653e-01,1.984781108627387824e-01,7.653825121891486005e-02,1.417101891213843334e-01,7.623766022855447966e-02,5.882251466908239995e-02,1.501441553949541541e-01,6.442910329581598428e-02,5.992193901946977347e-02,3.946124191793346642e-02,1.220850719968867397e-02,4.275910112348510483e-02,4.232265640149392161e-02,1.257110282930545483e-02,5.684625357584542626e-02,6.783186708917710202e-03,2.572578376753692150e-02,2.720188345724069718e-03,1.075917004555296957e-02,1.547543942072467267e-02,1.710448582097154682e-02,4.000905525329564484e-03,2.179611518983497545e-02,6.676220163134143418e-03,3.565102844839711932e-02,2.066494818014493612e-02,9.567019683418966775e-03,3.988213496502570482e-02,6.236676516832920236e-03,4.366966642748992822e-02,1.806377238738223270e-02,1.144587740403649537e-02,4.257887529954113015e-02,2.699135823047540961e-02,3.897799201085060811e-02,1.295675398366776497e-02,5.672455678950376334e-02,2.925540356071534148e-02,2.488504508015011371e-02,3.889186179797345100e-02,1.578456138188367303e-02,2.514073263338417741e-02,1.045354220658932000e-02,2.562342965535159209e-02,9.178287029532571084e-03,5.206033602763065690e-03,8.794779720402395862e-02,2.369896011428749769e-02,2.023325345977227546e-02,6.416248745712819883e-03,4.563773418601278775e-02,1.700918501906958230e-02,6.127578430681030613e-03,1.391360749575415445e-02,2.238833651575459008e-02,7.505226639850201727e-03
1.822550230158895973e-02,2.343381586961889446e-02,1.263668343983704451e-02,4.372350026104486476e-02,2.055802213934848632e-02,1.566237406918179892e-02,1.401471168282060822e-02,5.578206918335472386e-02,5.057044539743886513e-02,4.189760405671179994e-02,1.368560513295369874e-01,7.564415792974688024e-02,0.000000000000000000e+00,9.569425798977486408e-02,1.475875412450926294e-01,1.121637419623053022e-01,4.447776933253938525e-02,1.340948245294679986e-01,5.189361072808471725e-02,1.030705208289296911e-02,1.305008058842200280e-01,6.309265882470314890e-02,1.990570774951132618e-02,1.118885836261100386e-01,5.813799305344844598e-03,2.963029760843016724e-02,1.707406764071429245e-02,7.963884545923650971e-03,3.749539040416449698e-02,2.558308863035956351e-02,8.386617569015783133e-03,1.782681825773924089e-02,2.680171725417096820e-02,3.869351154970763346e-02,2.603434377739594421e-02,3.535158082139699259e-02,8.879276717407005512e-03,1.641641820148478925e-02,2.768718620646469508e-02,1.906760872036255411e-02,4.485391592075601425e-02,1.301738415027995505e-02,2.225694048363970404e-02,1.219390161635375627e-02,1.755147323327762091e-02,3.927488468826140222e-02,2.360690906643791304e-02,2.300549313183192571e-02,1.420956061784037910e-02,6.695604134682527075e-02,6.870255265799178612e-02,7.873898964348340079e-02,6.733756348645232592e-02,9.159432646718984605e-02,8.162597900979366716e-02,6.202345282648925179e-02,4.558196521638365611e-02,2.675448634922009475e-02,2.499522611014161691e-02,9.473821463227786316e-03,2.978394525096630767e-03,3.365350324830415629e-02,1.419572096714209232e-02,6.405670363716003957e-03,1.359452485393639228e-02,3.031269237261761604e-02,2.613572749978129717e-02,3.207144121079476967e-02,4.348444803954380072e-02,3.790667309961379822e-02,5.348926930381086436e-02
5.816460400766401695e-03,1.018391325867619435e-02,2.397282822206286274e-02,5.174810577407634726e-02,6.420562285690785409e-02,8.623810572905039884e-02,1.527478803553105335e-01,9.966712714127662354e-02,2.268221684225639745e-01,1.751185927998217817e-01,2.128559887416451302e-01,3.529586039045997659e-01,9.569425798977486408e-02,0.000000000000000000e+00,1.158657735678650207e-02,9.658403236666848746e-03,1.051286406818280200e-01,4.565953831710502925e-02,8.649484526461789780e-02,2.411732321637335974e-02,4.707430213099134120e-02,7.661523591181172710e-02,5.681425256555198283e-02,4.193681970145713561e-02,3.631628508272087552e-02,1.592873194117966698e-02,7.875624577092396605e-02,3.097539535671750555e-02,2.480453873549092955e-02,4.163349965811650316e-02,4.303167629354582441e-02,1.375667905424501208e-02,6.686969924737057834e-03,5.884166103417312610e-03,7.430034826632791155e-03,5.341356389944813821e-02,1.491529588531765628e-02,7.113657753223668993e-03,4.743535936044224882e-02,1.701671062164835865e-02,2.489953988992815379e-02,2.345141675874441375e-02,1.833240259504728686e-02,3.388888339923425141e-02,1.747538612155187174e-02,1.418254510276848249e-02,4.234433600341161452e-02,1.682991009096223428e-02,4.909155943726720844e-02,2.730998536764791401e-02,2.572162650181171809e-02,1.575176142585619707e-02,2.503575686644036666e-02,2.507605198427051776e-02,2.857537796057803628e-02,2.076791123109077847e-02,1.405282781420763398e-02,3.946687957244679468e-02,1.916066855625564447e-02,2.612934776162920136e-02,7.489576655058438615e-02,6.690540765340896590e-02,5.409352420464020456e-02,6.233947958543621659e-02,1.319567858102085704e-02,6.967034060763975523e-02,1.143687453068170483e-02,1.616017037249297891e-02,1.540645913823869562e-02,5.652317181504179326e-03,2.019889715877077642e-03
3.922422925738928978e-02,1.702987626955724046e-02,2.202600611296777824e-02,4.303572642891757144e-02,8.114304312067345537e-02,1.337554951144997728e-01,1.132117780633472987e-01,1.885402739127829130e-01,2.380794053935604282e-01,2.516597530949170047e-01,2.751389724201953602e-01,3.499246122344195076e-01,1.475875412450926294e-01,1.158657735678650207e-02,0.000000000000000000e+00,1.531961728504407372e-01,1.434050383279872054e-01,3.410354087506549392e-02,3.604423639076508729e-02,7.123606188003839268e-02,2.405548059029511201e-02,1.129032049989003028e-01,6.193872261342496521e-02,1.750015900315345790e-02,2.477940828750967162e-02,2.565246995593541482e-02,3.382248748591049764e-02,2.709980303333532625e-02,4.344239255218003415e-02,4.966609147603148061e-02,5.569305074473109192e-03,6.062887780495547843e-03,3.048579148198333859e-03,1.319450301302486743e-02,3.314677682764807613e-03,7.334405591375841096e-03,4.134171878225715961e-03,2.716667774659208001e-02,7.147874443984485703e-03,6.596295694377742221e-03,2.561641913094386824e-02,2.020364182192608063e-02,2.921831255841762440e-02,7.862711589104506155e-03,6.865173988790450321e-02,1.889366853811464547e-02,1.116418997992866396e-02,2.212033167034258008e-02,2.791730087550791869e-02,3.181155831267970524e-02,1.410403350856954952e-02,3.002314930589542602e-02,2.147372385047508284e-02,2.087902741410891522e-02,1.459818189528574311e-02,1.374009509209758034e-02,1.334746712691338953e-02,1.415149514404948419e-03,1.669980287403179456e-02,7.979325925000203823e-03,1.257362403963477836e-02,4.847302143968843652e-02,2.414557175623401400e-02,3.059326221750820890e-02,3.006456192305147213e-02,7.807910163391611202e-02,8.642619963903433455e-03,1.510437233386711974e-03,2.391179405183931420e-02,1.359769473787893201e-02,1.906686653886330816e-03
3.491196727090527946e-02,2.724906389742382667e-02,1.859135828049255160e-02,1.291189288431417170e-01,8.972828363820951891e-02,6.075499339966523166e-02,1.795238774468960741e-01,1.106439846839227387e-01,9.387822384439981072e-02,2.338067378314028499e-01,1.458577571584332155e-01,2.388560919736210653e-01,1.121637419623053022e-01,9.658403236666848746e-03,1.531961728504407372e-01,0.000000000000000000e+00,2.270423183537176315e-01,1.518682491424740433e-01,1.754244820957333306e-01,2.704403082938823533e-02,5.816290330179245405e-02,7.182467095515929212e-02,2.785780264363006339e-02,6.557833367294337024e-02,5.784445766586061854e-02,6.265073245647422018e-02,9.990905343436744246e-02,4.374719425742058798e-02,4.769116599613228147e-02,1.028159458739435483e-01,2.822138324964442238e-02,4.375777129267491294e-02,2.204041545354385942e-02,3.378704305059691826e-02,1.135593668739656552e-02,7.459930019099638571e-03,1.156679620326390165e-03,7.974120952672103871e-03,6.399045312491981850e-03,1.479476500558410575e-02,2.400860273248280399e-02,2.162289792693291787e-02,3.322387940759240904e-02,1.727414069091111684e-02,1.286420068862753271e-02,5.040842068636776363e-02,7.096546392148581073e-02,2.571750683732912726e-02,8.530179434950546646e-02,1.351912754528928340e-01,6.711221688474890146e-02,8.740803436569395679e-02,4.433029603534469759e-02,5.878128714846025948e-02,3.507033334947125269e-02,2.492733667797597877e-02,3.281602783171452126e-02,9.385245023471678119e-03,9.581703128279746642e-03,1.608070120486858323e-02,3.273201085180732495e-02,9.650368597595106179e-02,8.258305480007856886e-03,3.379623178073443840e-02,2.198280699610422745e-02,1.197935857938242990e-02,2.947084124926987667e-02,6.306235155724405905e-02,2.532579591020136731e-02,3.609061583282906910e-02,4.779845307070249016e-02
3.845254349210904671e-02,4.217684731087036759e-02,5.022898662307485190e-02,6.641191576592338219e-02,7.861916555637400716e-02,1.734377756160541406e-01,2.126858875505220070e-01,1.666022358839112094e-01,2.395685257219301589e-01,4.066244327179729390e-01,2.258499132656233144e-01,1.984781108627387824e-01,4.447776933253938525e-02,1.051286406818280200e-01,1.434050383279872054e-01,2.270423183537176315e-01,0.000000000000000000e+00,2.094718730570301335e-01,8.257597237088111497e-02,1.440140524551810908e-01,6.578829067383386298e-02,1.077574469970514620e-01,3.248139756846037812e-02,6.284556179613925986e-02,1.494829482384055740e-02,2.052035861058076546e-02,3.517196107134149680e-02,1.143816005713181073e-02,2.927499459046001284e-02,4.580882014466928359e-02,1.242302972547251749e-02,1.190749302179092486e-02,1.962773808388333305e-02,2.315549989555872046e-02,6.727647242511541892e-03,1.303598029492192799e-02,1.336923629508429689e-02,1.401053414194838517e-02,2.083824097451462444e-03,2.984759862154111668e-02,1.064126479167825171e-02,1.538231480470632524e-02,1.975352093924774566e-02,2.973554449164353408e-02,4.296557375844256566e-02,3.846587218818651316e-02,4.863256316512711008e-02,3.681594043869924893e-02,3.335871299675782081e-02,9.647792896337342716e-02,2.677905912222212567e-02,6.169547826560713155e-02,3.756697744548948004e-02,3.339635747223308054e-02,3.758861030097671724e-02,1.993552052405891603e-02,2.316822582942901221e-02,2.712917378612916212e-03,1.640862070191612468e-02,6.469448463683593296e-03,2.366722139918919776e-02,7.829147993081356227e-02,1.675542596929889896e-02,2.019024231676677661e-02,2.015503076931954643e-02,3.232910102245975525e-02,1.456010305988723538e-02,1.892027826384202333e-02,3.169166834811439765e-03,2.537932268696250354e-02,1.966209186569723225e-02
2.545123319988563948e-02,4.538166605060064279e-02,5.190678239444838915e-02,6.093557408721202162e-02,6.932444420454074441e-02,4.597439334580576825e-02,1.115833260315454017e-01,1.278846767459550782e-01,1.058388198398837882e-01,2.601838815454118881e-01,7.284274519566383277e-02,7.653825121891486005e-02,1.340948245294679986e-01,4.565953831710502925e-02,3.410354087506549392e-02,1.518682491424740433e-01,2.094718730570301335e-01,0.000000000000000000e+00,3.177626801770335185e-01,9.222087801746768621e-02,2.140891936755247582e-01,2.623594153309888322e-02,4.739087489067898840e-02,1.087241543709434044e-01,5.736319325613098430e-02,5.768409137082999155e-02,1.709911772242763209e-02,5.565331462941509877e-02,3.869862748595392921e-02,1.882792394001869124e-02,2.957230127960153512e-02,4.168289269860955132e-02,4.342938257821243181e-02,4.370563327496834738e-02,2.913390499895101432e-02,6.423602416945266291e-02,2.981119015422843341e-02,2.703118082839269312e-02,3.230298405300271319e-02,3.088711918450323321e-02,7.535539717683878425e-02,4.700750673274598640e-02,6.956807647884027945e-02,5.164004988928529161e-02,1.838091213884092759e-02,6.750608030588643726e-02,1.589197469620084666e-02,4.218265230745651267e-02,3.776716909316816390e-02,8.183821946260677604e-02,9.267959334151196216e-02,1.171879652404039795e-01,1.170987804872744564e-01,8.019443043507419600e-02,6.443524177350143378e-02,8.093709884794814124e-02,6.443516059949715158e-02,6.294720344097341769e-02,7.640420760503188746e-02,1.761349021890486893e-02,1.088650668966899965e-02,2.245393103433477797e-02,2.680759502703727176e-02,1.302855323309270140e-02,1.579183796243221333e-02,2.469735654809903855e-02,3.290915786633291651e-02,5.069652105247593465e-02,5.437392661182026410e-02,2.026390922862297828e-02,7.745666669876688504e-02
4.476153965689699810e-02,3.512857741311994214e-02,7.300429940378812266e-02,8.075670430219911156e-02,7.608627509829107849e-02,1.084918958147145090e-01,2.058104761790307546e-01,1.232108004087635877e-01,1.240077247655321097e-01,1.870483086035246711e-01,6.572813315983180860e-02,1.417101891213843334e-01,5.189361072808471725e-02,8.649484526461789780e-02,3.604423639076508729e-02,1.754244820957333306e-01,8.257597237088111497e-02,3.177626801770335185e-01,0.000000000000000000e+00,2.479946112696011506e-01,2.000914487480588977e-01,1.501179816553684931e-01,9.597689264899646189e-02,5.139070754737202346e-02,5.721971075811493890e-02,5.420863808082675844e-02,9.022831989541575670e-02,3.772171001969857468e-02,2.365915215820300552e-02,1.080340183552017108e-01,4.573418846030730817e-02,5.289360547776979921e-02,2.972066652734819264e-02,3.061574967027726538e-02,1.743763924431662379e-02,3.547990962019845207e-02,5.389565629397847016e-03,7.488025464775057566e-03,2.146304434358307575e-02,2.037644255152648576e-02,2.599071773520839415e-02,2.893888707352090806e-02,2.331028516105878440e-02,2.165807113150820806e-02,2.742951941778802583e-02,6.491995410777566533e-02,4.463614004932911494e-02,7.404109241976661315e-02,8.957439044471805778e-02,9.760946895720734595e-02,4.189170676474732874e-02,9.671179993966004529e-02,6.265760567937912751e-02,4.513231650886177782e-02,5.058989912694063923e-02,4.399550566366026289e-02,4.377472951571020204e-02,1.939392381996090861e-02,3.364322509682842605e-02,7.499138865244126158e-03,2.247411349042942666e-02,9.340712043993966429e-02,6.471784532110084684e-03,3.090190745383087148e-02,1.095112106364659957e-02,1.518021720946264794e-02,4.285996735171547500e-02,3.152738780060214407e-02,2.183105168901931098e-02,5.495335485539455667e-02,2.826240945642014002e-02
3.093746739307304955e-02,4.210479058612588005e-02,7.492108906514227673e-02,4.109021973133054201e-02,1.032769490602058887e-01,1.795850100923782611e-01,9.883683510759198876e-02,1.915605234089842734e-01,9.447245767160912522e-02,2.149235579902445958e-01,7.752490577850185138e-02,7.623766022855447966e-02,1.030705208289296911e-02,2.411732321637335974e-02,7.123606188003839268e-02,2.704403082938823533e-02,1.440140524551810908e-01,9.222087801746768621e-02,2.479946112696011506e-01,0.000000000000000000e+00,1.906011168176879600e-01,1.923381332453119597e-01,6.375257392034244797e-02,8.002443410106369059e-02,3.149791198165101391e-02,2.285848861385143121e-02,4.643950372776237123e-02,7.001489089856693937e-02,3.813382151701327077e-02,2.324375023159400838e-02,2.475010104790524058e-03,1.326310851898439454e-02,1.503079684627858618e-02,5.158933882640908547e-02,3.263184415331971122e-02,8.820784519003117830e-02,5.416790097286627859e-02,5.356740324053650693e-02,2.573824982958794819e-02,7.983284776563702445e-02,5.176505397308690803e-02,3.688659892881972907e-02,4.997852146052557398e-02,3.434121401003879109e-02,2.522626251147318602e-02,4.806363148852704770e-02,1.589894728422878989e-02,4.386749266829674532e-02,3.578057974224074095e-02,4.245796491382528015e-02,2.426123834055013417e-02,5.777427377246453777e-02,8.629820721906425462e-02,4.679136508970847125e-02,1.964503981978463210e-02,2.993835201673685290e-02,4.882609983177609719e-02,4.126946468297382903e-02,6.390649114476563974e-02,2.010929638769869479e-02,1.967149075214824280e-02,9.519996197687598249e-03,5.953370432685765185e-03,1.189348545246975315e-02,6.237934269014416139e-02,4.707572788359296739e-02,1.396647485936490865e-02,2.354533520963138574e-02,1.268353733898871377e-02,8.098698040798440675e-03,1.465641724960857137e-02
5.447046030285042362e-02,7.374755503556476577e-02,9.140317519276484892e-02,8.964017878757178648e-02,8.858317473888957516e-02,7.040297577587366351e-02,5.552836568614685775e-02,1.311958648895409640e-01,3.797849609489021422e-02,9.736437283782646557e-02,2.889311796265633253e-02,5.882251466908239995e-02,1.305008058842200280e-01,4.707430213099134120e-02,2.405548059029511201e-02,5.816290330179245405e-02,6.578829067383386298e-02,2.140891936755247582e-01,2.000914487480588977e-01,1.906011168176879600e-01,0.000000000000000000e+00,2.906383885435012693e-01,2.166864015226035445e-01,2.974510520372239397e-01,6.719123924740953713e-02,5.874601189566810294e-02,1.175731074991613959e-02,8.434427217362588936e-02,2.920606528839072430e-02,1.777741085351682016e-02,4.811703669818763462e-02,1.163146075661061589e-02,3.147564510051043679e-02,6.990827510296807046e-02,3.953554813520442079e-02,7.546659607016692473e-02,4.570462236879724305e-02,5.464489684209927756e-02,2.133237771684587392e-02,1.974685543866554899e-02,1.455002802599154321e-01,3.055432650962632002e-02,2.891532676802087420e-02,6.079979132791209218e-02,1.440614028971684037e-02,9.695407896922367263e-02,1.304519035257526577e-02,4.327477025579992004e-02,2.040680862069402593e-02,3.753501507895877498e-02,9.323764920887329943e-02,7.611271571370266387e-02,1.249649788127634303e-01,9.435043322812552979e-02,4.264772818362781714e-02,6.340519344673416213e-02,5.098978184456422896e-02,6.826445399743669151e-02,8.038089437480494537e-02,2.586784411233500683e-02,1.335147098769574013e-02,3.423231881380063568e-02,8.879910100335963730e-02,5.266508417514142310e-02,2.902992369375871629e-02,3.600390655369990756e-02,4.584711587335648514e-02,4.466213726970340303e-02,4.775534304143826819e-02,4.398124952679577371e-02,6.768983338501957658e-02
9.333286788563213698e-02,7.313200833768673803e-02,1.068077210478615702e-01,8.519430265775565503e-02,1.698228355526634481e-01,1.797114983479769501e-01,1.492516203585907975e-01,2.151347929234731227e-01,1.290982318444936772e-01,1.875727211371144565e-01,7.826646229508804620e-02,1.501441553949541541e-01,6.309265882470314890e-02,7.661523591181172710e-02,1.129032049989003028e-01,7.182467095515929212e-02,1.077574469970514620e-01,2.623594153309888322e-02,1.501179816553684931e-01,1.923381332453119597e-01,2.906383885435012693e-01,0.000000000000000000e+00,2.987853899649912659e-01,3.308624302460606570e-01,6.636695470275064124e-02,5.551221266859261011e-02,2.089050984731648242e-02,7.062878216037278556e-02,4.480093512905240077e-02,2.412537899840960093e-02,1.503871581793371666e-02,1.450902045420120537e-02,1.539602505785596029e-02,1.394251277305653958e-02,8.114806035446604435e-03,3.720497250609620943e-02,9.815445717959206742e-03,2.137753929417379045e-02,2.348003079633378259e-02,4.026055223801962291e-02,3.783115843876147522e-02,2.908881984123881312e-02,6.878656769012958527e-02,4.529715322889919099e-02,4.066027820852989583e-02,5.104635225099159873e-02,1.116207381401259323e-02,6.534994287780707123e-02,2.925699180009659270e-02,3.365232655301957782e-02,3.390351221070106447e-02,5.820467120322032895e-02,2.502811514200747184e-02,1.759382170324760852e-02,3.582904739974356739e-02,1.785941214313972389e-02,2.771849757410897383e-02,1.759204715489398607e-02,2.571430012171505367e-02,9.013591899018865913e-03,1.518836167883850542e-02,1.006921718636387408e-01,6.365208460018268073e-03,2.053924657555662725e-02,5.854774170305588471e-02,7.134869537546950635e-02,2.425848513082590197e-02,5.192258925397902347e-03,1.472251266907937707e-02,3.903721663829781696e-02,1.848871967100517918e-02
