0.000000000000000000e+00,5.567883281549360769e-02,4.637771998710703975e-02,5.741827907897550931e-02,3.140207176120781568e-02,1.277805528743637675e-01,5.202573005410029983e-02,3.612084899899622309e-02,1.191966306300167554e-02,4.893768899136414358e-02,9.409115717897839626e-02,4.780745827262220665e-02,1.880268767271759539e-02,2.413874162964041448e-02,2.820346389644751151e-02,6.267916609630423685e-02,8.648171886883804227e-02,2.826736945909759380e-02,2.501838850976716502e-02,6.454492173583002701e-02,6.682624446548079966e-02,7.940943436505359943e-02,1.030842373289572317e-01,2.609281693153884044e-02,3.257251408432410011e-02,1.053610927258777710e-02,1.813392140272855960e-02,3.527294947961424031e-03,1.933823394698415757e-02,3.912911228667012575e-02,5.939562873858261587e-03,4.672053613003401135e-02,3.017681593568368598e-02,1.988558218895901397e-02,4.727083673413679660e-02,2.744436289927139339e-02,1.480498540493898132e-02,8.701191876751302248e-03,1.001793517240689817e-02,1.030197719703702247e-02,1.639685945541626000e-02,2.469949651191391191e-02,1.958895037564740288e-02,5.086775316222802434e-02,8.676434712646759195e-02,9.934206964454650457e-02,1.575888304532232498e-01,4.506087176197279276e-02,7.563197118899853133e-02,8.123210392258536916e-02,3.783643131442140928e-02,4.136206125313318660e-02,7.658855092099878074e-03,6.519313609108101648e-02,7.227412363940440010e-02,2.062176354340932924e-02,2.440384741029702140e-02,1.197329901033375305e-01,6.566161633377506912e-02,6.290906695330809872e-02,1.096443079020019834e-01,7.129850493371381326e-02,1.388155229573340421e-01,6.693597761327450824e-02,5.433017853411763187e-02,2.388252948238740042e-02,9.967871306338516729e-03,3.289388952465507887e-02,1.656459666586861806e-02,2.451201502208857474e-03,1.212519899069568544e-02,4.318385479167442809e-03,6.715996097365133435e-03,7.914018055211963568e-03,5.046936902940986000e-03,3.680730095086682998e-03,2.710662508409309411e-03,1.252351500594341485e-02,1.360446214531305445e-02,1.222755836772110132e-02,1.838798704934172662e-02,3.701859156001712468e-03,3.166344223411257652e-02,2.953486793267699750e-03,8.701262803361822784e-03,3.677704964377594837e-02,3.012861054429254865e-02,6.210329445251893538e-02,2.559018478043898967e-02,3.831756665549857638e-02,8.488425723006144674e-02,7.555686726936594599e-02,7.661534899121723308e-02,7.507825748009040734e-02,1.152399151216235290e-01,3.552504423669460010e-02,8.884596677815723154e-02,8.519215293115876830e-02,4.499822353033507832e-02,4.017657222491208963e-02,1.369290072375582701e-02,9.085451181857843702e-04,1.176151544887538321e-02,7.183043167133739207e-03,2.357498950754900128e-03,2.504538238238133291e-02,1.058470928640730876e-02,5.024750229429071798e-03,7.862243584603774774e-03,8.076966062339261884e-03,1.015134724113846490e-02,2.915977503404896046e-03,3.821103732021061995e-03,8.948951820098425061e-03,9.668337192449225764e-03,4.060190049697284462e-03,2.821855248300174715e-02,1.684630691644693756e-02,7.715625632029055048e-02,1.108108570030763226e-02,1.674963259859586426e-02,7.455798646725506074e-02,5.760545826825522187e-02,3.635182180974985688e-02,2.332083098693162604e-01,4.148971373329776724e-02,8.260841770253489480e-02,2.607941404532980734e-01,1.286101242677351042e-01,1.223974096150064195e-01,1.513291404157723619e-01,5.541786402174869036e-02,3.871223035139493424e-02,9.348552581253660732e-02,3.693704349398538311e-02,6.819445350253260096e-02,2.941612677599094589e-02,1.052738862097699589e-02,2.977837338040749404e-02
5.567883281549360769e-02,0.000000000000000000e+00,1.108243164199077535e-01,8.394031405721549821e-02,4.049596511464998577e-02,1.175034787617088294e-01,1.042660826331117951e-01,5.105739715526197431e-02,5.245862597636606617e-02,6.781498868219060228e-02,5.029953264614767799e-02,3.048987719493661402e-02,2.820087815984498314e-02,3.790868208900581571e-02,1.166686140791863696e-01,7.624947278939599171e-02,1.538115541713082624e-01,5.880773941125008036e-02,1.318727354528197171e-01,5.439981359065534233e-02,1.398459763749780593e-01,7.594590345811196019e-02,1.081863161196013057e-01,1.582066996549129356e-01,7.590829989493602659e-02,1.990187446417286676e-02,1.243191976559063737e-02,5.327252648860773473e-03,3.113575953977364141e-02,1.161869158225126153e-02,1.081523178685786686e-02,1.759639633829465644e-02,3.567092673717629780e-02,4.823846535080101444e-02,1.230508476516118700e-02,8.015586115790764021e-03,1.512096139054890619e-02,9.420017055377280166e-03,1.368740134575384577e-02,1.115632998528203607e-02,8.260078204667736443e-03,2.585616576552461979e-02,1.645141498468848454e-02,1.368556848929795150e-02,5.108223740680430808e-02,7.832152196235643571e-02,5.625047080519822440e-02,4.255626909922034101e-02,3.665729019477283190e-02,6.604104802277742381e-02,5.273842522777823227e-02,2.826112309398757724e-02,6.411445038955945752e-02,1.199620308524720624e-01,5.647324449561633153e-02,1.388533053597829359e-01,4.649983594333525344e-02,1.227954990575300248e-01,5.685605311110177029e-02,1.552700232655952195e-01,1.174712291467656516e-01,6.237432394495500548e-02,8.553965252175320388e-02,7.886206719738253490e-02,2.137571687215021610e-02,1.164859589160201735e-02,2.670797879170904582e-02,1.957152012871260158e-02,1.445113290470529180e-02,2.426565257845764156e-02,1.730265468382716568e-02,1.579800713793049621e-02,2.347277090756573308e-03,3.507355455527855648e-03,1.217080719895959756e-02,5.580736110256764859e-03,2.922408510983210903e-02,5.019632658521438334e-02,1.289029067915677118e-02,1.112567828674794132e-02,9.097922028072764206e-03,2.833090747857782907e-02,9.273127195531956010e-03,2.993639781308277386e-03,8.881016863705586475e-03,4.544398611597545712e-02,6.805399227952867169e-02,5.197124191259094167e-02,6.495581349059005583e-02,1.345600668766391561e-01,1.416570573176665071e-01,1.665241494160517866e-01,5.032801439163103741e-02,5.408770361222025452e-02,1.218144506896111923e-01,3.220957619305973851e-02,4.856264001873688424e-02,4.154143720371111792e-02,1.153690381548594206e-02,1.711267115708086164e-02,1.789313966885069593e-02,4.666288227803742222e-03,1.788563138354538201e-02,5.710509726139010797e-03,2.378459205311804839e-02,5.691510578383442848e-02,1.750171832955998291e-02,3.894844294134641293e-03,2.699610215680375847e-02,3.135898350301976473e-03,1.425331129237308696e-02,2.075090239031995160e-02,1.331145404400932257e-02,2.066732534239728442e-02,7.224208457440862985e-02,3.388223217402319687e-02,2.756924188114507485e-02,1.482176705859475918e-01,4.623716002541430892e-02,7.433158140046214335e-02,3.406595720026123209e-02,4.799619011027092541e-02,1.096824456047346130e-01,7.612375683703755114e-02,1.776948570712795772e-01,9.226851792414453302e-02,2.241977230268521193e-01,1.444676451315213273e-01,1.216322998554000417e-01,2.369586596500962983e-01,1.330922825472641013e-01,7.605873233725962690e-02,8.145215271659878020e-02,4.991823516586534060e-02,5.184617943143355473e-02,5.750680095367214500e-02,2.452760281491166844e-02,5.899413711725035037e-02,2.094033096482918535e-02
4.637771998710703975e-02,1.108243164199077535e-01,0.000000000000000000e+00,7.723286343920456043e-02,1.381907365791212039e-01,2.167595257169038225e-01,9.970442138634343088e-02,1.122161429171129321e-01,6.396875643257195210e-02,5.258658692525651490e-02,2.206757163866533700e-02,7.649546553021101258e-02,7.444196554023230217e-02,1.442486497960394631e-01,1.613643893528589890e-01,1.549289178749134743e-01,3.767457055994513082e-01,1.719265044736131842e-01,1.878343302820905669e-01,1.452750973269636703e-01,1.750917693564778554e-01,8.188617978573696499e-02,1.565319535619862645e-01,6.721312199004998711e-02,1.953857066029343614e-02,7.521465429870497453e-03,4.175250906680306497e-03,9.355129311613996981e-03,7.808249648559231759e-02,2.664280155262951574e-02,8.125454883761007788e-03,2.783553767605206897e-02,5.609670342841083235e-02,1.116094592577324997e-02,2.612837227923663422e-02,5.295125999849364246e-02,5.747407877258954578e-02,2.525661638939356857e-02,1.417934283138889452e-02,3.235866328683238702e-02,2.798508926233762156e-02,1.659231352795028161e-02,9.988334021543021635e-02,2.379081008727681329e-02,3.521083759683438924e-02,8.052899890108501657e-02,1.045026346521143873e-01,3.694530302113116504e-02,9.769301363450770548e-02,2.537657310439385416e-02,1.075284735212536230e-01,4.174500487900569684e-02,3.384269599173537341e-02,7.254336288237324404e-02,1.199611513675745283e-01,7.121429313952513940e-02,7.458379615764290649e-02,1.620308416377322647e-01,7.269432667424229055e-02,1.111564271236582802e-01,1.401706586363370699e-01,8.596488764971899066e-02,6.452755446632491010e-02,5.271818116945391208e-02,1.264336444020252095e-02,5.892772341479767667e-02,1.232871449673481057e-02,3.409436996534100095e-02,4.896595085012517279e-02,2.871857298936755787e-02,4.866113431719661098e-02,4.701548263095323837e-02,3.038383770138875645e-02,2.211476799678610203e-02,3.366852515702516840e-02,1.995030781216520360e-03,3.521878893553950438e-03,1.044398234892397227e-02,3.124943430779113154e-03,1.522472981186732272e-02,5.832944451010761353e-03,1.826659310528171544e-03,8.489201512938564231e-02,1.995441078337989796e-02,1.944798664945858457e-02,9.675407597865845477e-02,5.264017348230125987e-02,4.483242143291688020e-02,1.289334669619254525e-01,7.325975746581660231e-02,8.762538266091823846e-02,4.890871078151507595e-02,6.274431163928771704e-02,3.753386563240418416e-02,5.526957442205384513e-02,5.004770811612697240e-02,2.228860066299245823e-02,4.763997856383332674e-02,1.226686187650609904e-02,1.368113905211518558e-02,1.401772263693203818e-02,4.880745337094890765e-03,1.154904182308281145e-02,3.803830030412052882e-03,2.392032374418417377e-03,3.375354402497359775e-03,1.611277397579707893e-02,5.516387298730506678e-02,3.565580232687991756e-03,6.129639333523961842e-02,8.303478408211167894e-02,1.033086371342970822e-01,4.997470035851932918e-02,1.141313459703526684e-01,7.763627900213231070e-02,1.329412067992177815e-01,3.563364694807035632e-02,1.165788537023924043e-01,2.272756133501404457e-02,5.199280326329256720e-03,6.618727306583120640e-02,1.309405459390245441e-01,8.777595379747664406e-02,1.347833501020726313e-02,1.114261525977465472e-01,1.216330294995688066e-01,8.886228805763496386e-02,1.497273369055159564e-01,1.111737661771430435e-01,1.790912254671051251e-01,2.335044852319015651e-01,1.015886769704855835e-01,7.391231215911482633e-02,5.900659626892243437e-02,4.002697367102120429e-02,2.903397726042067362e-02,4.271079080443068721e-02,5.549821371540557789e-03,1.259476452522812796e-02
5.741827907897550931e-02,8.394031405721549821e-02,7.723286343920456043e-02,0.000000000000000000e+00,1.142812993754576956e-01,1.134034577578409975e-01,4.861463427186715064e-02,1.481401527403251039e-01,9.544753039658554483e-02,9.600902191797520968e-02,6.515807487838258527e-02,5.399767208069225499e-02,4.470287495519889576e-02,3.881600990188973505e-02,8.915341188652096960e-02,1.096690404169925193e-01,2.544027537192247168e-01,1.647539790846037633e-01,7.563337229181686661e-02,1.052805191139033480e-01,1.423384644810951061e-01,8.827070813808236827e-02,1.344561844112732996e-01,1.252415994122005327e-01,6.935422981385759578e-02,2.441501885184072657e-02,9.771274273818596201e-03,1.747369064294912845e-03,4.722792969547740666e-02,3.525168880594310977e-03,9.857548495569945154e-03,4.453460122362370988e-02,2.951096608075115882e-02,1.382350515425829346e-02,4.655827390225638490e-02,1.990556621130171872e-02,3.470593284847078852e-02,1.352387003863427493e-02,2.653234577947366502e-02,1.252492675596832659e-02,1.120560267604348015e-02,2.203299724361597323e-02,3.193434182356543610e-02,6.453288829267124493e-02,5.477764379266316513e-02,5.720555762024623347e-02,6.528559037333672710e-02,2.763813738119497154e-02,4.033380431780907854e-02,7.000258747825877093e-02,7.132603955096568360e-02,3.766783642213917399e-02,3.221754913249447183e-02,8.601683186215990096e-02,8.320814046812692599e-02,7.417023108554003652e-02,4.867995979658874123e-02,1.958435064702828132e-01,1.067467195398720675e-01,1.574515731463910495e-01,1.779913324185366796e-01,1.393591504624538124e-01,1.342094268634133059e-01,4.591060790707241629e-02,4.293658571946046276e-02,4.634252504982097620e-02,1.983130984569700384e-02,1.323763536305201660e-02,1.411952146425082821e-02,1.978110631795826010e-02,3.832521292629234837e-03,4.022227398892649561e-03,5.351784386616120033e-04,3.465333403753546350e-03,1.495196271792930721e-02,1.696146329562741792e-02,2.626593783213399674e-02,2.544178998969724020e-02,2.781108739324952839e-02,8.009715065073934673e-03,1.063660598605921381e-02,1.009849299800229770e-02,3.791206540523801849e-02,1.473153917665972513e-02,1.592779569434414969e-02,9.959283235990996908e-02,7.338421159077405942e-02,1.198510562385575878e-01,8.935296183497902500e-02,1.308879935068426870e-01,2.129393989488387318e-01,1.175003435433144977e-01,6.537949651822842767e-02,1.022435910801530040e-01,1.915287755963355765e-01,4.955375315639748424e-02,7.741854621597937802e-02,1.003158723939433089e-01,4.098720533795877780e-02,4.227870683151782605e-02,4.329679270913613931e-02,5.275700831863423985e-03,1.355323354737430520e-02,1.079719474435765492e-02,4.080329406087814664e-02,8.267958237207052863e-02,6.978069564947365910e-02,6.331177501226635182e-03,3.929907340107807734e-02,1.960373644935997639e-02,1.497582751000281140e-02,5.705573685921817850e-03,3.715021495976809311e-03,1.416092719579400798e-02,3.205670809888890027e-02,3.784079348775180873e-02,1.486785129602486225e-02,9.063306651578605100e-02,7.950571767005674972e-02,5.233640871451935433e-02,5.873872580018692224e-02,7.904684201243715458e-02,1.028085916666234695e-01,6.940729580260630860e-02,2.777191892910395032e-01,7.291536733708876838e-02,1.783752596747599228e-01,2.225048435542988090e-01,2.463009439293873393e-01,2.058263683153229717e-01,2.574289717292228552e-01,7.212402824199354301e-02,7.317200389277883632e-02,8.473831970519093981e-02,3.677762835833651989e-02,5.308318394289427561e-02,2.141836159908314802e-02,2.125816001709933054e-02,1.568853942508583593e-02
3.140207176120781568e-02,4.049596511464998577e-02,1.381907365791212039e-01,1.142812993754576956e-01,0.000000000000000000e+00,1.910397386184645718e-01,1.448545595174118295e-01,3.837545898421125534e-02,3.824004894954960432e-02,6.965729999678686724e-02,8.859071708387820931e-02,8.621748133745579801e-02,4.760830734586592172e-02,1.320067516912378780e-01,8.701311868449400355e-02,1.307431051022749369e-01,1.821234469926831245e-01,9.254318256471837090e-02,1.722857396810923702e-01,1.338673049978037106e-02,8.272174845621792227e-02,5.410474394706063506e-02,5.339827937409918207e-02,3.797506399925078269e-02,2.850297736869298118e-03,1.484530604723499105e-02,2.944360197049793876e-02,1.641084059796374395e-02,2.665885630453309132e-02,1.993265897775362352e-02,1.508213726175170431e-02,2.105334867969856083e-02,2.765253820890384642e-02,9.349023397341649222e-02,1.072945032168594326e-02,6.794731285194565915e-03,2.933157431259308945e-02,8.820337249368077545e-03,2.243654172471194058e-02,2.430082461879832373e-02,2.824161239558124412e-02,1.608977796148886724e-02,1.217420590764142635e-01,5.415089188048642643e-02,4.419456380444940907e-02,1.848445877793380709e-01,1.137944376035906480e-01,4.460269963538420618e-02,1.486782544933243910e-01,1.161307536628657933e-01,5.691018404769444122e-02,1.305732968069573952e-01,8.160927910595668078e-02,1.885102772738928012e-01,1.101834935126313336e-01,1.394419185349825563e-01,8.881718289200146721e-02,1.248843193326706347e-01,5.365170233780761078e-02,9.114371833109055632e-02,5.296582553770058654e-02,2.553453224106198849e-02,1.865956629107329984e-02,1.372651693472600187e-01,5.551030017677260203e-02,6.852577228661961561e-02,3.999297370811448482e-02,2.916875801082675218e-02,1.228529331070208654e-02,2.475783085483036425e-02,6.419483124245564491e-03,1.948168293028477993e-02,5.848945663196436495e-03,4.505669591523834595e-03,1.060231901737614287e-02,5.365890699509851848e-03,1.379293121708422519e-02,4.825359742876039748e-02,1.276337552137150021e-02,2.614951558504921211e-02,4.468848513463685029e-02,3.797269185828820032e-02,3.122183942989503486e-03,1.934098590440530866e-03,9.267109331530061153e-03,5.775777496851240700e-02,6.630439882178269795e-02,7.940782490425701834e-02,8.547558997259757652e-02,1.128834345339125439e-01,9.972149450812953231e-02,3.410026963152179569e-02,7.288612733701273216e-02,1.428656927783154562e-01,6.285350632773722968e-02,6.408747204778529605e-02,7.292312261379835236e-02,1.311833363944036983e-02,2.745529956624895643e-02,3.118244086926651518e-02,9.762997835287832212e-04,2.474180145845577671e-03,9.018928356227958430e-04,5.387314177245270362e-03,1.720427190902227427e-02,3.518704990827257323e-02,1.455641469007591497e-02,1.995380372217291781e-02,8.108420830257336703e-03,3.885201755439229854e-02,6.418800731679086269e-02,4.345362422629726190e-02,1.793358620752528304e-02,1.085937184052460092e-01,1.783569285356874368e-01,1.636549559391514419e-01,1.019462709953009860e-01,2.526208639040753434e-01,1.105032427373558446e-01,3.919013892778407809e-02,7.484036783241958257e-02,2.281150969548744259e-02,6.778696048566967836e-02,3.060657402230393745e-02,1.088118394434556407e-01,1.353163343690778619e-01,8.308519028587323108e-02,8.643946747124560404e-02,8.029591393476473438e-02,2.348929871364224820e-01,9.481998918017808808e-02,1.173816433132702786e-01,2.020223630989208263e-01,5.899173802003506578e-02,6.190655390608523073e-02,5.981447402672272068e-02,1.577419897032988211e-02,5.947747311440532841e-02,3.730263898551624407e-02
1.277805528743637675e-01,1.175034787617088294e-01,2.167595257169038225e-01,1.134034577578409975e-01,1.910397386184645718e-01,0.000000000000000000e+00,8.205972113290921355e-02,1.135906355104334131e-01,2.813733194727776818e-02,1.597793038130367882e-01,8.116888310215576718e-02,1.134578664483922861e-01,1.083439176877337845e-01,1.466668705748871426e-01,1.152295754755392337e-01,1.065946539239600449e-01,2.718884853133976542e-01,5.162235845981121007e-02,6.265376463465884005e-02,1.215924633229508306e-01,1.319529312388467435e-01,3.838593138629098345e-02,1.131386651521072428e-01,2.417088728904666015e-02,1.212690039022590663e-02,1.997271350442687138e-02,6.725094058830568275e-04,1.372836957492583505e-02,5.280996671662824271e-02,5.241647398780641641e-03,3.441380769847060192e-03,1.122307163800598424e-02,1.938154024049567117e-02,1.201897705210136329e-02,1.829331872937593403e-02,3.339993452595201029e-02,8.603778460375537118e-02,3.138545622738311142e-02,1.289007056862306357e-02,3.775503932880983071e-02,6.925160724192210016e-02,1.901359305400076097e-02,1.322290705090042040e-01,3.005301866333815949e-02,6.081166378728161681e-02,8.595161696526736061e-02,6.376398823476962796e-02,6.808136820866009242e-02,7.339454715692585174e-02,4.416819329681545558e-02,1.191720033270532442e-01,3.823902742184483172e-02,6.875742895942549282e-02,1.084413777954128383e-01,1.181499607140994029e-01,7.974771698161486899e-02,4.360636248576647139e-02,9.157423560524620421e-02,5.796237669504103462e-02,7.897470575852610919e-02,1.010668922875152254e-01,3.864127376127842600e-02,7.410139761432367467e-02,5.188999651899074694e-02,8.646747021327109983e-03,6.277127233187922151e-02,1.629262636842043754e-02,1.832238132591811758e-02,1.465111174385886825e-02,3.537190236675857857e-02,2.446251065829354449e-02,3.439979301138054724e-02,4.869788851054534379e-02,1.050500103688930750e-02,1.960117033964111147e-02,2.234930865849202222e-03,5.927958896275504000e-03,1.008900510476665353e-02,7.170921037978362014e-03,1.173275150363998522e-02,3.487675246896885291e-03,1.398586666247342639e-02,4.788982927471865936e-02,2.054994487927775879e-02,1.941462897701610665e-02,1.294556150441472375e-01,1.355789760662977350e-01,1.065961244632992327e-01,1.770478361107997167e-01,1.446856845573021300e-01,1.505641542053270665e-01,1.166488624164953025e-01,7.517723014284613536e-02,7.482536887309010343e-02,1.237137672524903503e-01,4.373697592145592977e-02,3.277334481052456699e-02,3.971795854545445703e-02,6.267761412110461373e-03,3.241475219147232217e-02,2.697226901285019671e-02,1.148607589399468221e-02,1.443966278137139535e-02,3.505058469781667258e-03,2.981225189773568929e-03,2.870524980466038906e-02,1.849912865183025654e-02,5.953775732333431436e-02,1.522094694904206104e-02,4.373200107115659402e-02,1.705693320992547959e-02,3.653018298457934299e-02,1.514868745987330879e-02,5.380502447561695545e-02,5.206214311938513195e-02,4.806050549259144322e-02,9.656293769470232144e-03,7.244399368967080477e-02,3.110716545695717608e-02,1.827661377792827793e-02,1.143195875425044722e-01,1.825276035594625146e-01,1.396240322707761328e-01,2.443782026962780518e-02,1.825825010223791622e-01,9.686220947522522495e-02,1.082254525412108814e-01,1.960533705065364007e-01,8.452243582886913298e-02,1.869028432580779608e-01,3.068257427542961935e-01,1.257183888696544738e-01,4.553265412833479298e-02,6.111565784130898460e-02,5.172522066721550738e-02,4.402673606783399918e-02,5.031908577015401646e-02,3.168342863067476201e-03,2.796119361193221201e-02
5.202573005410029983e-02,1.042660826331117951e-01,9.970442138634343088e-02,4.861463427186715064e-02,1.448545595174118295e-01,8.205972113290921355e-02,0.000000000000000000e+00,1.165806231951437358e-02,8.572420393998415877e-02,1.047817701090400094e-01,5.637690234801959188e-02,7.181773814478389917e-02,4.671964956000547453e-02,6.191637029576333578e-02,1.000886662297371388e-01,5.420815500164544165e-02,1.395685174129736583e-01,5.737031494006494120e-02,2.478031538996375641e-02,6.921784032080435800e-02,3.203666667236420434e-02,2.267389070024859385e-02,8.914200997602362425e-03,1.076617414252485465e-02,3.785690084981456482e-02,2.614195821090522370e-02,3.420947884444395896e-03,1.073028508642222961e-02,3.769193188509906145e-02,1.970360196598774580e-02,9.370270065604544354e-03,5.035944110322996062e-03,2.884356255498819743e-02,8.275770244961894520e-03,1.211535723997592129e-02,2.532686677987074433e-02,7.845015581768619711e-03,8.472848643737679319e-03,1.145267998565411768e-02,9.597821186113434863e-03,2.440406420756003128e-02,3.726273215453561327e-02,3.708115962205001115e-02,1.057322939532000759e-02,8.122951707005990341e-02,5.154342296211446295e-02,2.005703572022480077e-02,1.267693809104336322e-01,4.650307856651895305e-02,3.277068169899752248e-02,8.749604791728302078e-02,4.079903034172760456e-02,5.590257452159261981e-02,1.143299439790868011e-01,1.284518098760021321e-01,5.936154747926671027e-02,5.614945902543026779e-02,7.432129597899050921e-02,1.006517128394810168e-01,4.328313945980372807e-02,1.061714271409800597e-01,1.091566171339012070e-01,9.508961382591830935e-02,7.747438279874041545e-02,3.484009407159741056e-02,2.435769841673847066e-02,4.344771609138756152e-02,2.753218770725995163e-02,2.828455915655176886e-02,7.624958235138853090e-03,2.506172742996775477e-02,1.657751432071248587e-02,2.393744293410579940e-02,3.282017806593766351e-02,3.050513978961496078e-02,9.573802727171253080e-03,5.126383109695512204e-03,9.771117536212115678e-03,2.997317007662778435e-02,2.930285961013853399e-02,2.175953291281663635e-02,3.152942979724511745e-03,3.982089857330227411e-02,2.422992498744097958e-02,2.886225017209669008e-02,9.258817901824319130e-02,5.455775419270603860e-02,1.332957410606772364e-01,5.326232196002775310e-02,1.122005495508774375e-01,1.066760373080467283e-01,3.107963442132063991e-02,6.755309544874599226e-02,5.049143677777026551e-02,2.979992705693385383e-02,7.568151267143001515e-02,3.355159803407386371e-02,1.419370077195915812e-02,1.569862724380161750e-02,2.874605676116331540e-02,3.148949880447733662e-02,1.057764986702171631e-02,1.046000587419040548e-03,1.590541886904481630e-02,3.296509884899131385e-03,3.731680050034005824e-02,6.619063957666098882e-03,3.860316450581928460e-02,2.729192136621225260e-03,1.725188801335034855e-02,1.747395721157529030e-02,1.454741317161714100e-02,1.481205942687227432e-02,4.118655762916872271e-02,3.194844544333822617e-02,3.072610077281703097e-03,3.168239190345844419e-02,6.306434182790622567e-02,1.237541219791935855e-02,9.713306193587923146e-03,3.794537876533335668e-03,3.608999046139687444e-02,1.016295175626065299e-02,2.193877991469479413e-02,7.850220393298051880e-02,1.034985276246954966e-01,2.883665841067904398e-02,1.260766574458477562e-01,6.637874295807362490e-02,3.231412441975526489e-02,1.349176141629972736e-01,1.161814800683848570e-01,1.046779051507214231e-01,2.906427396439427782e-02,5.278504869489739071e-02,6.259626198870126002e-02,2.479330121627212544e-02,7.205230226531579574e-02,3.649934151344869093e-02
3.612084899899622309e-02,5.105739715526197431e-02,1.122161429171129321e-01,1.481401527403251039e-01,3.837545898421125534e-02,1.135906355104334131e-01,1.165806231951437358e-02,0.000000000000000000e+00,3.703687731023348056e-02,9.812669684759089961e-02,1.167783249882799190e-01,4.126863060734992095e-02,1.020712035520516814e-01,1.215495014471350971e-01,2.536557140971122393e-01,1.610310897722839474e-01,1.343747618334177607e-01,1.347905440774496977e-01,1.809465564018002473e-02,6.909144253126800472e-02,5.148580838996461018e-02,4.618392145478554534e-02,2.643804685443863073e-02,8.000310011538296073e-02,1.609628390327696168e-01,2.250301566150366556e-02,6.715735649303497708e-03,4.673238504867612692e-02,1.427970052776533771e-02,6.730908143479286468e-03,1.056756688723236616e-02,4.007860429384394602e-02,2.697733409974445353e-03,3.661116793970991667e-03,1.455449102392173018e-02,2.564814925181956723e-02,5.940073623659513496e-03,8.258501611722014746e-03,6.156195691869127684e-03,8.203294869970016029e-03,1.793000759272770847e-02,8.024596104701697818e-02,6.560066201735495484e-02,5.802181918607074440e-02,2.234186418157624865e-01,5.411044475211315014e-02,8.316750938162266460e-02,1.332909907162906915e-01,7.064382806982968943e-02,1.059276284841964566e-01,2.416331805426674695e-02,5.481306696539369611e-02,9.481486311234393893e-02,3.853613873272263013e-02,1.205433246353103741e-02,2.921819460450090014e-02,6.362876254211137506e-02,5.813032524787856842e-02,2.529676330029312706e-02,8.934753065221805179e-02,5.414120004879096476e-02,3.163896351553369818e-02,1.117151633041103542e-01,1.736025173793790538e-02,1.364718196633409319e-01,9.852007866209314124e-02,9.825737414546379181e-03,5.020869299823154525e-02,4.404299754902687991e-02,9.735312716499579591e-03,2.128682827054853913e-02,4.117691069034561113e-02,1.617676870530835448e-02,3.698269508559494378e-02,2.437992674024788003e-02,1.061856514221888072e-02,3.394069309361032877e-03,1.845451450650138422e-02,9.268183346837637754e-03,2.823239532511240268e-02,5.375018603952674834e-03,1.387036527571530384e-02,3.225584832844679423e-02,2.522300724640167552e-02,1.822673388340340442e-02,2.917752172546370440e-02,2.363466611628139633e-02,7.364782684921153920e-03,6.253389852765035839e-02,3.881243243402389409e-02,3.768508923456321408e-02,1.422094446993574512e-01,2.023543237215877089e-01,5.078818077054957775e-02,7.115855434045724459e-02,1.691221600094149069e-01,4.179600107239285489e-02,3.780444505299830615e-02,6.725857798336071225e-02,1.245072655372228380e-02,5.774242604155406869e-03,2.538659135802507662e-03,6.994837397850472462e-03,1.338811081032018936e-02,7.692918310918757732e-03,1.004918078523051733e-02,3.971789120891915797e-02,7.445939498256200217e-02,3.081301519639462541e-02,9.333046551682976089e-02,6.213289759908902088e-02,4.592170577708192675e-02,8.045461725472087544e-02,9.997843261452410424e-02,2.514025952570626832e-02,3.829124997144580517e-02,2.430673038264806116e-02,5.817526540499455036e-03,8.951009082397512473e-02,3.850483626487773148e-02,1.123187968749123078e-01,2.859464294999132516e-02,4.544016128784716946e-02,6.092446294752377339e-02,9.351221205698696803e-02,1.143879769636672733e-01,1.038340550771758714e-01,1.081716950805923366e-01,8.420889981326265539e-02,3.498309776229953372e-02,5.252808220269877815e-02,3.312833328622771800e-02,1.144881999722309994e-02,7.728671357568647760e-02,7.365943424124925254e-02,3.659895777552259893e-02,2.421023515698268389e-02,1.965713320154567970e-02,6.318336123092055563e-03
1.191966306300167554e-02,5.245862597636606617e-02,6.396875643257195210e-02,9.544753039658554483e-02,3.824004894954960432e-02,2.813733194727776818e-02,8.572420393998415877e-02,3.703687731023348056e-02,0.000000000000000000e+00,1.249814085443683720e-01,8.282561898796128586e-02,1.766544431760488643e-01,1.083461159078518005e-01,8.825657310171215741e-02,1.816594914364442481e-01,3.483557457745538322e-02,5.505730461880351673e-02,8.718163741077199214e-02,1.359039108943584269e-02,3.886561446758272920e-02,1.259663657416382719e-02,4.770288310124459752e-02,9.637647805477815577e-03,5.449424380412736663e-02,1.126056393208789419e-01,2.946220658563480053e-03,1.147447875076240166e-02,8.585840816061276679e-03,1.064156868305653376e-02,1.338341139561138177e-02,8.022242578041634264e-03,4.727774079967804639e-03,3.517709136904977746e-03,7.932431025126307489e-03,2.446113144460402601e-03,3.242189633730789555e-02,2.109080173869026104e-02,3.208760012084064389e-03,2.668130069247240735e-02,7.597829912420374886e-03,1.030940412186998924e-02,2.661056732537555453e-02,5.350447674147762456e-02,5.176654889171945426e-03,7.218272810063422473e-02,2.264626747823913003e-02,5.414394521333738136e-02,6.106454902486321140e-02,4.979778313746281021e-02,6.345863669304173393e-02,2.172157056247014592e-02,5.100385521010726564e-02,7.618951474047895578e-02,3.904298850795538678e-02,3.777844446089342889e-02,6.693572442347263396e-02,2.442545957909162541e-02,3.453088038708335139e-02,1.313329984889528498e-02,6.422700771707527678e-02,2.649280758669439115e-02,6.060192896513248717e-02,2.569020672632456662e-02,1.388328315708022530e-02,3.466163456766545997e-02,1.311957319406822399e-02,3.890076902648792467e-02,8.333408850774739335e-03,4.732792844287254247e-02,6.116481129517677834e-03,9.736842820355072828e-03,3.096935886894563658e-02,1.568957479659510365e-02,1.424110434294528424e-02,9.382663950432948777e-03,2.572200723817850022e-03,2.431343897058303380e-02,1.092214510490726979e-02,1.862363839255203393e-02,8.831823829550992933e-03,5.788350672870150489e-03,1.478509652435921508e-03,5.803075709641565549e-03,1.430282239009156471e-02,6.634142097357643639e-03,1.999132960364752992e-02,3.300372615308002494e-02,3.372543699855706095e-02,1.510602622986046556e-02,1.297256105606132449e-02,2.379301930823890521e-02,6.438532392742821187e-02,9.946822940866474616e-02,5.608456848218805468e-02,3.693806183536287036e-02,7.281057397748788573e-02,6.272809898808173745e-02,4.006434350575105441e-02,3.617905198087555813e-02,3.059830737736856168e-02,1.455798943357181942e-02,2.364200965948440921e-03,1.944825514502075345e-02,1.214161435186865770e-02,1.303772491143680504e-02,4.410272831358147058e-03,3.224092580213456377e-02,3.512835364700081509e-02,2.494808888324232324e-02,7.259277513912323898e-02,2.102144767926932001e-02,1.603024770204204696e-02,7.847745657446364431e-02,6.272308846931391735e-02,1.247500950899599163e-02,5.431506587489371568e-02,1.965254869530346643e-02,4.749657316537854099e-03,6.067125239992046670e-02,1.162032550467287928e-01,7.814864142740100827e-02,5.081808129460838735e-02,1.537849553321007749e-02,1.361119743164948374e-02,9.529664288430640673e-03,5.349601263603329798e-02,5.020203062613637357e-02,6.091063905189847416e-03,2.849207024184617632e-02,1.825785531741237408e-02,6.547401347466325246e-03,3.300319100398661082e-02,1.387823807100205600e-02,1.091871321455504390e-02,4.652985605457774648e-02,6.353098892834046878e-03,3.230119682140696058e-02,1.619326876599574624e-02,4.607418101888705216e-03
4.893768899136414358e-02,6.781498868219060228e-02,5.258658692525651490e-02,9.600902191797520968e-02,6.965729999678686724e-02,1.597793038130367882e-01,1.047817701090400094e-01,9.812669684759089961e-02,1.249814085443683720e-01,0.000000000000000000e+00,7.672626166770449285e-02,1.358295995912139897e-01,1.296366744938144133e-01,1.497995039114186078e-01,3.166156563689646042e-01,1.334928857502725441e-01,1.280128144774784205e-01,2.199920511516597066e-01,2.901648854202142427e-02,8.230332676809812287e-02,2.435727135710154603e-02,2.058003233040647459e-02,1.378020166041075273e-02,5.170000850203738951e-02,9.771079737351860695e-02,2.345563875993774902e-02,4.846330548641432888e-03,4.113335738769592631e-02,1.540327545797537216e-02,9.846552925637517759e-03,1.714752346764943439e-02,1.266358067178683690e-02,6.347118940281962218e-03,3.563000863973036364e-02,7.046266948643379810e-03,8.219004185516819161e-03,4.189638732950487499e-03,1.837017810377627666e-02,1.713389212346147494e-02,6.207011103369604668e-03,9.423835871375758205e-03,1.320488610250085751e-02,8.254926072153946637e-02,2.108144245408120898e-02,1.171364422241652770e-01,1.872220607117121988e-02,4.220192153879154945e-02,1.275055176579722171e-01,7.079775632056098389e-03,8.646753699164186346e-02,4.064556902903677937e-02,1.812080638591719028e-02,2.438892419321793681e-01,1.320172553531520909e-01,1.413742384009466502e-01,5.744567009304343830e-02,2.256269563540462889e-02,3.459161213761891007e-02,2.112792646872182351e-02,1.004852016053747604e-01,7.019924972478382152e-02,2.028042338183877816e-02,7.739267510626254842e-02,4.617976946524163934e-02,7.610198748736693442e-02,2.378105864858066909e-02,1.151466734565280425e-02,5.470130702422418278e-02,2.410325473257139001e-02,3.132175790691481276e-02,1.894407442770865146e-02,3.733428669758736412e-02,5.427948078875699522e-02,2.603588063657055751e-02,1.437038020698750383e-02,1.891033776431813888e-03,3.878881513379872636e-02,4.417160778746465760e-02,1.002263497823141503e-02,5.608849182197844785e-02,2.337621813679211652e-02,4.110389760479342403e-02,1.553463253509854494e-02,1.159145486713179622e-02,4.149988241962663735e-03,4.953583633378932233e-02,5.242123790921984078e-02,2.081878999498396401e-02,6.682654530407850998e-03,6.143939629130477920e-02,6.764575753361658228e-02,2.442614818447687575e-01,1.476610893089731757e-01,8.670955391704929238e-02,1.086588593482923082e-01,1.227375578486864238e-01,4.296902130227187727e-02,4.548934445148499622e-02,4.966294610032447043e-02,2.317011836754307927e-02,1.707151161500129397e-02,1.209077260796651704e-02,1.480301068954324728e-03,3.183048856854016340e-02,3.816292990667213142e-02,4.200187945454950111e-02,8.063283465049650434e-02,6.315473933681131635e-02,5.321648879242882324e-02,9.305779668153213446e-02,7.959105796992947679e-02,4.564521248534085529e-02,1.455983893280000385e-01,5.599446352774844343e-02,3.372886472535945729e-02,6.768070411368747388e-03,6.976156188773209588e-03,1.882228641898878174e-02,5.026486830476172007e-02,9.153398528797511424e-02,6.066325956659320701e-02,5.135793241479499893e-02,3.810814183971793917e-02,4.705474595874815924e-02,6.162085084808166524e-02,4.675267963052422843e-02,9.619683734783662787e-02,6.641778469327570822e-02,5.796880561890100508e-02,5.535551010074957201e-02,4.410948069974725966e-02,5.627490504534388149e-02,1.954718883323466883e-02,9.062243819734776273e-02,4.618598707508765611e-02,4.665353191887310763e-02,1.695222552642387109e-02,2.848868995632359430e-02,1.225649373915957061e-02
9.409115717897839626e-02,5.029953264614767799e-02,2.206757163866533700e-02,6.515807487838258527e-02,8.859071708387820931e-02,8.116888310215576718e-02,5.637690234801959188e-02,1.167783249882799190e-01,8.282561898796128586e-02,7.672626166770449285e-02,0.000000000000000000e+00,8.642656689584206353e-02,2.911369597245161422e-01,1.072750070362090136e-01,1.676576476395868487e-01,1.652477421613519348e-01,4.225793874158848690e-02,1.389972715036994488e-01,1.229412730386832131e-02,1.601200110270637259e-02,5.082394168918834276e-02,4.851487313707115306e-02,2.255519490691058893e-02,8.888075904285573647e-02,1.495965877684479195e-01,2.367129937282578048e-02,1.461009518172319034e-02,2.053211628531702651e-02,4.604054487889511563e-03,1.296727118113779123e-02,7.518672499948406140e-03,4.394591858792937233e-02,8.790660451119295185e-03,8.218274883751071694e-03,1.267566641006201596e-02,3.743626163277223584e-02,9.697631511242556929e-03,1.369079524735452441e-02,1.518329944987616142e-02,4.850989691240412127e-03,1.140704026327078562e-02,2.940971318907398616e-02,8.723648553073341805e-02,3.156529794019161117e-02,1.101605605163266111e-01,8.869260319358979183e-02,1.352986972534514221e-01,1.221196338221523514e-01,4.356092571704376498e-02,1.341884875210129779e-01,4.712078611153187185e-02,6.826676301799308733e-02,6.629226827054958415e-02,6.829412528841123653e-02,4.023531481102498447e-02,2.414632970413552182e-02,2.554838535632060828e-02,7.493348586179510162e-02,2.341490899623512728e-02,3.123232004893768468e-02,1.145759221846760073e-01,6.442520472700752343e-02,1.188773416513998343e-01,4.242939048456359497e-02,8.594547067913904659e-02,5.477433296757471676e-02,2.520225398449800480e-02,7.318060543759091069e-03,3.398668897733997472e-03,3.444677748585945470e-02,6.178099517898505595e-03,1.479093809576403559e-02,1.502888752002452637e-02,1.874989598332340787e-02,9.250035290803563723e-03,1.634560405220450690e-03,5.942898986315049877e-03,7.610340726654646337e-03,3.766747855829350074e-03,8.244795238985937885e-03,1.852283129483966312e-02,1.522905813942113324e-03,9.281371286881537688e-03,2.376667761488026123e-03,1.622880323227297167e-02,7.633976992325207378e-02,2.683126542136414147e-02,7.014277537104549043e-02,2.532937088850571380e-02,3.437298657347653136e-02,8.843871584185802881e-02,8.336129928486693541e-02,1.105704317859232122e-01,1.161124866663783423e-01,8.094499718275882660e-02,1.111906557691914460e-01,8.648123507635127605e-02,8.458787129679126715e-02,6.933659852334306262e-02,4.703045051050679104e-02,2.895060418794615648e-02,7.819380439029506233e-03,1.719080124342045254e-02,9.902105431483071082e-03,1.996618144546433854e-02,2.387824267841550177e-02,6.842633880921776546e-02,1.987971044148935384e-02,2.932519317188017963e-02,5.538655199409774077e-02,3.100226109355252654e-02,2.520954056087559500e-02,5.733562672152060780e-02,4.715912377762476043e-02,2.502566135180781318e-02,3.202905748788803519e-02,1.448240619225417067e-02,1.710304745538617638e-02,1.079549682161516228e-01,5.581488679684332155e-02,7.390943545426820194e-02,2.757123781414992300e-02,3.486718018334632185e-02,2.557323317536186816e-02,1.141369439612256592e-01,7.171746263310023461e-02,7.928335879141400200e-02,9.805015205781182630e-02,1.214479790735906312e-01,5.021120289937042180e-02,6.253533435898865622e-02,2.281018103122613161e-02,1.603325106802820643e-02,6.547079182470359748e-02,3.493253826299354270e-02,1.447545620206238184e-02,1.217269234603098570e-02,3.460389411941285770e-02,6.035631141401380691e-03
