0.000000000000000000e+00,7.220000454760837350e-02,3.362343008670507644e-02,1.138451992522830497e-01,1.581278237732959904e-02,4.017163635253368642e-02,2.978635718501610602e-02,5.506037894804949838e-03,8.844296738457012308e-03,3.920261860580418097e-03,3.079921076179207261e-03,2.654603815107967838e-03,4.497810918121120127e-04,7.998843819747464843e-04,3.579057070259646697e-03,4.625715433854314857e-04,2.413254352454219549e-03,5.583134263564618061e-04,3.252953654203326328e-03,1.322447098249758188e-03,3.692423898265049381e-04,4.735368490927698883e-03,2.821906385027721405e-03,1.436070685933475775e-04,4.542170549922736576e-03,2.000972644127655027e-03,1.074161156524156826e-03,1.468303126450048578e-03,2.959966083014161590e-04,1.772928883595930151e-03,1.838594628133951951e-04,1.306027989483322287e-03,6.338212467883080122e-04,9.207404173751411458e-04,1.678970933615143155e-04,1.195089548456038922e-04,3.420736064440605805e-04,2.222387319565244206e-03,6.516926808890466903e-04,9.768360575404368487e-04,3.471309289035675715e-03,1.147629345944362186e-03,5.273643649474038953e-04,9.232009358386305447e-04,6.790801571501716566e-04,2.583879295618427062e-04,1.086339233269867149e-03,1.608745956001306080e-03,6.315784214695444217e-04,2.764297385006883015e-04,3.577703140397842877e-04,2.368083072439265517e-03,8.126302263907394380e-04,3.771812137321796658e-04,8.634469277827299012e-04,1.997942665668188920e-03,1.219450144130337184e-03,2.023092109338409409e-04,1.352079426872275763e-03,2.046719146553406087e-04,9.562124331380576596e-04,1.069024074852580096e-03,1.453068870127956951e-03,1.370317340285366094e-03,6.208028877015231255e-04,6.091571831500278405e-04,4.583857910494730601e-04,2.441672778076828428e-03,4.250697026093241612e-03,6.744738803158905824e-04,1.829607580461475999e-03
7.220000454760837350e-02,0.000000000000000000e+00,1.210714509367578073e-01,9.605061404728033880e-02,5.727611869809287604e-02,3.581398012499201200e-02,3.325843071520705185e-02,1.056414245132825634e-02,2.424809491181172550e-03,3.143436186569907847e-03,8.984198578135737731e-04,4.555630740863576291e-04,9.607675016438783043e-04,5.466803038121868623e-03,3.209755634178526433e-03,3.629475559820217155e-03,3.231622932924688857e-03,2.037388456499432659e-03,8.696787311777994358e-04,1.737501255234427146e-03,1.014275411960034040e-03,5.283929834480226816e-03,2.420675263400433579e-03,3.975515915080208434e-04,2.462414157912305203e-03,1.060163258138134383e-03,3.474691604439360130e-04,2.060730634913907240e-03,1.309521545210949860e-03,1.612908337374842392e-03,9.363879978214048258e-04,1.290292274835743748e-03,5.104500752039571772e-04,2.195899187218433536e-04,9.747162481037461353e-04,4.459486551891633332e-04,4.192461259088725383e-04,2.317085585136596272e-03,4.578420638774015491e-04,8.021819319870780165e-04,2.729888792836031395e-03,1.042244149687940541e-03,8.989433985749957371e-04,2.273526614319801244e-04,7.130965440700940761e-04,4.712621052437844602e-04,1.899516196187509129e-03,6.858689363541601832e-04,3.881766779864289935e-04,1.082918455254852468e-03,1.065781754308252815e-03,1.217557085166085093e-03,1.407937578176928807e-04,1.376271551998944475e-03,1.521752372631642253e-03,2.165968534399685414e-03,1.611578338816653131e-03,1.325682491409742878e-03,2.158684457734565652e-03,4.680102490391121269e-04,1.578318070904910844e-03,4.835452845844480678e-04,3.486352239918699453e-04,4.653337125735678174e-04,8.666096004977041434e-04,8.222593073414943658e-04,1.021629802322601178e-03,5.569252949576204356e-03,7.080767188195672551e-03,2.630617848904476253e-03,2.859401646255032257e-03
3.362343008670507644e-02,1.210714509367578073e-01,0.000000000000000000e+00,1.056969561861441920e-01,1.372309616534802823e-01,1.007179323756597217e-01,4.578246311607295227e-02,1.538556286619443408e-02,7.378330737999215343e-03,4.475858064149484429e-03,4.501226948248056997e-03,1.048256044651617270e-03,4.376848786863599475e-03,3.256166846126925477e-03,1.699553323092308638e-02,4.118348202843833718e-03,2.112854513296538467e-03,9.237296330905185723e-04,1.718152004034891479e-03,2.574556620285065479e-03,2.439141525207630130e-03,2.328229442269999939e-03,5.399907184423211742e-03,1.769336645811428249e-03,7.689658070688800556e-03,2.673010922699448934e-03,8.341056007090239975e-04,1.851477769724566014e-03,5.046634984649237725e-04,3.375271345155181780e-03,1.005749689616940602e-03,4.557729758644047053e-04,6.107910907794211579e-04,5.705646379008996044e-04,6.147964353447779411e-04,1.112316709452781374e-03,9.276026882935760245e-04,9.113736742195281682e-03,4.384517545090693929e-04,2.229050217178985514e-03,3.639499469433430095e-03,2.136322587953051223e-04,2.524620807062866179e-03,3.093768551062187847e-04,8.969840101503453837e-04,8.989328968439298144e-04,1.901979523834654946e-03,7.990471958001652475e-04,1.072566730848480100e-03,1.182863456117600864e-03,6.981957933048091921e-04,4.930715442550797885e-04,2.766736193562290436e-03,5.448670802271668012e-04,4.762770548011525419e-04,2.366804349799202321e-03,2.828115394428009754e-04,2.461309480272331628e-04,4.222735385889401301e-04,8.666961882768675369e-04,1.307009473815334876e-03,2.855932439681367098e-04,1.220502119849049567e-03,2.381588416225361544e-04,1.339659485263638289e-03,1.624664387071059505e-03,2.247089086961550828e-04,5.312563414826235175e-03,1.721438538751376892e-03,3.124103734219249237e-03,2.224491595446443661e-04
1.138451992522830497e-01,9.605061404728033880e-02,1.056969561861441920e-01,0.000000000000000000e+00,7.176747444832894118e-02,4.675422592353818685e-02,5.985753573583223186e-02,2.008474851873216435e-02,1.306668261345282980e-02,1.520098124500741422e-02,3.038820281202683771e-03,2.144025554983643167e-03,2.352728427980105893e-03,2.907319040556433434e-03,1.101712545280929788e-02,9.192929872997765081e-03,8.654651445486495750e-04,9.221302992027820798e-04,2.812895101262276494e-03,1.215490806342703171e-03,9.813579045078583453e-04,4.580627518737383219e-03,1.042190102402578214e-02,6.612530914558840912e-04,8.473177235192835832e-03,2.107393382730900731e-03,1.494586399305248810e-03,4.614641588444958506e-04,2.111888126108886054e-03,2.041657697826197108e-03,7.889443662662652288e-04,1.599182709165466358e-03,7.043614282657680373e-04,1.108602052486537017e-03,8.098066082402383863e-04,1.213778626966654069e-04,1.302108736806964354e-03,1.406425872639991510e-03,2.709048770634599787e-04,1.230436038661416199e-03,1.692172506551597793e-03,1.715010547402625067e-03,2.105930541683382392e-03,8.040091716395409652e-04,8.356107968901689553e-04,1.023372628286534818e-03,1.459360370200788251e-03,4.462096413592657007e-04,9.643600837607964110e-04,4.212531990836952678e-03,1.373088945861308504e-03,4.873838893345336745e-04,1.808363614760139394e-03,4.861589328522744201e-04,1.417510008967251501e-03,2.033373488245459465e-03,2.392832621469147530e-03,4.933321432317625335e-03,4.019112769019464459e-03,6.650632883409018535e-04,3.871972565006031545e-03,3.486789902743615875e-04,2.924045300301269645e-03,3.188993534914998790e-03,4.003198313584208426e-03,1.507710245464276289e-03,3.593686462299852495e-03,7.849560685100915453e-03,1.771527964089589366e-03,1.523123914297708431e-03,3.548911756849377629e-04
1.581278237732959904e-02,5.727611869809287604e-02,1.372309616534802823e-01,7.176747444832894118e-02,0.000000000000000000e+00,4.775345546628530224e-02,1.196434415648057852e-02,3.097873061576569484e-02,5.377760820051640835e-03,1.821559313015176651e-02,1.516318379994394637e-02,1.533353877431516653e-03,4.543942561513515839e-03,1.995533764584025288e-02,1.717146294928275155e-02,5.870565476332943039e-03,6.209973756866008811e-03,1.726294853596633660e-03,3.737220222323729170e-03,1.059149892791439633e-03,3.379054490412630035e-03,1.658297037475674239e-03,2.925888108893547578e-03,2.019588824896338848e-03,1.178653402033697298e-02,6.336615291717938303e-03,2.534989263942282172e-03,5.581344614572068819e-03,7.323943690258611196e-04,1.310429589147182102e-03,7.003112234239735820e-03,8.160740929088167823e-04,1.374276918922320845e-03,3.286495371029214251e-03,1.200099066479900188e-03,2.141035862859271780e-03,2.413646021071354057e-04,1.898483934165923290e-03,2.802030693999895371e-03,1.050356359877432878e-03,3.027633395528480254e-04,9.866113482298183301e-04,5.584407295696806016e-04,5.629047251452050891e-04,1.392816933567622793e-03,1.803255740515877052e-03,9.715477944643374298e-04,3.624823576954767706e-04,1.519898364973637462e-03,9.277148384771045355e-04,9.782532704033974815e-04,1.013361785287092464e-03,1.158722019840396520e-03,2.446220454987517098e-03,9.412342645029318127e-04,2.108229684950215128e-03,8.228472734062133908e-04,8.413072837414473440e-04,1.755879477793474176e-03,7.871833727133003287e-04,2.248425194285203887e-03,5.027744526812702843e-04,1.731769652177395829e-03,8.392064650092660120e-04,1.196424964610628321e-03,1.968780712080035831e-03,6.797638573105838555e-04,6.788788057590660133e-03,1.503999911071334699e-03,9.219570585259913948e-04,6.483092423281834691e-04
4.017163635253368642e-02,3.581398012499201200e-02,1.007179323756597217e-01,4.675422592353818685e-02,4.775345546628530224e-02,0.000000000000000000e+00,7.530132075703789563e-02,7.823473210393937227e-02,5.065109960598321998e-02,3.292022234375074213e-02,2.128396987818925723e-02,2.106686125815753624e-03,9.107121377497470055e-03,1.112520961142216512e-02,1.617206273716390377e-02,2.183689747524049114e-03,6.437920439260511399e-03,3.372717731628160735e-03,3.996079984720880829e-03,7.252714581408567290e-04,3.734243602407693111e-03,9.755158152223696857e-04,8.420944917647950334e-03,1.580046706999820765e-03,1.694784113794777988e-02,3.216937540320786385e-03,1.918256506394255215e-03,7.068641411042660486e-04,6.788398145781416844e-04,1.202822722367925118e-03,1.176983871297798603e-03,2.034294242862208068e-03,5.687118955963079000e-04,5.072715109128355868e-04,9.364586507797803636e-04,1.095385332043462973e-03,8.305603749652849940e-04,2.345891449075851280e-03,1.736719665327588445e-03,2.252819006183983536e-03,1.260438107009415011e-03,1.516470297456463121e-03,3.543547750706400011e-03,4.604246717101503059e-04,2.815412783257399579e-04,7.347587594498787046e-04,6.293555266273453096e-04,3.247325505138549820e-04,2.153829974030838903e-04,2.087015807655172132e-04,1.557458348786687312e-03,8.611337307595774530e-04,8.963960695648749526e-04,7.084804466687498860e-04,1.108930885178762262e-03,2.438576603630700571e-03,5.779915831212396925e-04,8.101130137271082094e-04,6.639831188483158887e-04,1.643690778102090740e-03,4.217688293724601860e-04,4.365660701143632568e-04,1.470976879416791049e-03,5.996910840903749238e-04,1.063227985816641999e-03,3.861643921425489834e-03,1.031074692722177026e-03,3.086241058871884782e-03,1.352273568681229251e-03,1.831888446903305210e-03,9.381605715097792288e-04
2.978635718501610602e-02,3.325843071520705185e-02,4.578246311607295227e-02,5.985753573583223186e-02,1.196434415648057852e-02,7.530132075703789563e-02,0.000000000000000000e+00,7.235942432690356529e-02,7.333638986170598617e-02,9.286968480523019598e-02,1.954941131434570489e-02,1.355002538294988561e-02,4.237991316759487544e-03,1.394079316518527685e-02,1.360708434643504577e-02,1.670591966072055819e-03,5.098457736624464366e-03,4.205894293294653273e-03,3.854136696940951325e-03,2.709515195178102969e-04,8.780790399232473592e-03,6.206714300693822817e-04,1.848608284299432108e-02,3.985471474238128781e-03,1.974649117016116437e-02,1.257334344309944500e-02,4.905590044417056442e-03,1.981329478199766667e-03,4.286208007833513037e-04,4.160498955778271627e-04,2.848000752647682297e-03,7.690328901753647412e-04,8.243689699244207466e-04,3.398908419800387992e-03,1.262278936129711433e-03,4.532208914305544279e-04,8.883833606051565971e-04,2.086616630816009142e-03,1.271995412998525076e-03,6.108000388789360880e-04,3.400374761159787929e-04,7.798110088588603057e-04,6.466823898971167488e-04,2.110854981331614989e-04,1.956484861880572641e-03,1.783442680075339893e-03,4.559920003064177677e-04,1.118397941346924596e-03,1.653391728284105914e-03,9.166549925821525745e-04,7.349547742962927836e-04,3.474173796461032648e-03,1.707141990535974985e-03,1.013773724583151873e-03,1.987739895608351456e-03,3.824247824309249134e-03,2.244919014348482206e-03,4.339736097688037635e-03,1.254045161087583666e-03,6.378979080309195608e-04,1.056008647857592866e-03,1.508650269217493402e-03,2.653750589604552106e-03,9.143344128976587087e-04,2.823249718270244828e-03,4.061603902693580910e-03,8.455334625950893879e-04,3.061428240161329778e-03,2.106121099591239630e-03,2.966514541430855943e-04,1.487697815900492198e-03
5.506037894804949838e-03,1.056414245132825634e-02,1.538556286619443408e-02,2.008474851873216435e-02,3.097873061576569484e-02,7.823473210393937227e-02,7.235942432690356529e-02,0.000000000000000000e+00,4.688636292884076906e-02,4.428578121901826509e-02,5.825650937646982552e-02,2.552015932074524693e-02,8.176397592811152776e-03,1.113208341652931373e-02,1.555342356378285398e-02,2.123980611097585000e-03,1.162492397347503204e-03,6.633700154602899246e-03,4.048672633668023123e-03,2.826339377301794603e-03,1.573735863515406466e-02,1.592850938182269974e-03,6.129551697956824724e-03,2.256452480518708528e-03,1.101486649972287409e-02,5.376171995398131009e-03,4.820512593721876238e-03,2.566347259569556460e-03,2.923585141778350157e-03,1.710523690041597464e-03,1.838856455521400805e-03,1.622238966217632943e-04,2.003705673685474695e-04,4.059192968173173347e-04,7.425473757203825825e-03,4.355192306035217051e-03,1.152426413055822633e-03,8.953708785294247491e-03,6.182311365887948641e-03,8.631199128480910795e-03,6.871924483978260204e-04,1.520125323818813119e-03,2.261256789331174757e-03,1.231223320097903084e-03,7.532881472711259194e-04,6.497362429918022856e-04,9.467721159533525185e-04,7.078909572625710503e-04,1.686488711136187573e-03,3.577645857391523188e-03,2.087990735375112438e-03,4.712613700654177083e-03,1.167170238939630161e-03,4.607410311534658465e-04,5.728464554444714918e-03,8.804773130748075674e-03,2.195436931471389866e-03,1.342473890958254716e-03,1.656845112801796872e-03,1.902664274377507568e-03,5.085625446519886038e-04,2.445081045789277091e-04,1.202618895215813721e-03,8.184411179502503082e-04,3.648961621604095932e-03,3.360786117868568360e-03,7.297157476600970574e-04,3.554173694449195512e-03,4.618914273220507097e-04,3.110552923069236000e-03,1.887262082123109539e-03
8.844296738457012308e-03,2.424809491181172550e-03,7.378330737999215343e-03,1.306668261345282980e-02,5.377760820051640835e-03,5.065109960598321998e-02,7.333638986170598617e-02,4.688636292884076906e-02,0.000000000000000000e+00,6.198110955613821138e-02,2.112360179290478923e-02,1.886566053612608734e-02,8.723598411135959421e-03,1.886997114113143567e-02,8.408692115318231255e-03,5.018213917651911590e-03,5.449417796133598953e-03,2.666968109206457709e-03,1.921747252373673517e-03,8.332079856868491790e-04,7.638368798557997920e-03,1.074125022950728203e-02,1.715320481500121758e-02,8.589619296254452988e-03,9.881457768127413846e-03,7.479060661271443901e-03,7.920125882923395935e-03,2.710795804975026958e-03,4.478354026295650048e-03,6.905459727587109128e-04,7.678322406151230715e-04,9.574216193500937472e-04,1.138007031069690998e-03,3.042849761660678352e-03,3.904871228744921739e-03,1.181692928819281499e-03,6.369459149856388858e-04,5.382985066408988405e-03,2.796950664260995038e-03,1.080139385931858011e-03,4.689063236821355645e-04,7.581640372490842158e-04,2.428255777129872429e-03,1.425722273978462674e-03,2.508541483219131792e-03,1.010045703012724854e-03,3.926023389290268588e-04,7.930317600192858182e-04,9.482093265619755823e-04,7.579263885494171623e-04,6.917097784006000401e-03,2.005195678787111135e-03,1.510792693503617981e-03,2.890660365814378546e-03,7.323391534831782436e-04,3.574952745844480959e-03,2.915791397236959948e-03,8.226081776772326904e-04,4.986585914555401004e-03,5.429573133911999583e-03,5.014481439712284265e-04,5.553178724838836932e-04,7.514912366098218692e-04,8.359311733874062560e-04,2.893398298846601804e-04,4.019178958882617392e-03,1.602338100016142313e-03,1.335640079101790357e-03,2.881673584823700712e-03,1.296265152255599842e-03,5.505713116312882906e-04
3.920261860580418097e-03,3.143436186569907847e-03,4.475858064149484429e-03,1.520098124500741422e-02,1.821559313015176651e-02,3.292022234375074213e-02,9.286968480523019598e-02,4.428578121901826509e-02,6.198110955613821138e-02,0.000000000000000000e+00,2.348270042257750295e-02,2.107629601263729877e-02,7.839644404717642859e-03,4.562046356338955028e-02,1.537927505830487263e-02,4.977582702481039845e-03,1.226287321395284902e-02,1.029698504056782843e-02,2.517382736169698852e-03,1.139578637687801467e-03,5.178184843805977954e-03,9.498319090534286524e-03,1.833752554790078412e-02,4.264190647794374733e-03,7.022804689219810242e-03,1.274265444022890451e-02,5.351647803962762857e-03,5.059516938179619942e-03,3.272710623142156003e-04,4.499554245237896407e-04,5.574534461653258936e-04,5.621038028012931027e-04,1.810270830191713009e-03,5.730549204480522504e-03,4.801427480834686776e-03,2.387932915563932990e-03,2.068668681077137032e-03,2.663548513333414362e-03,1.453163052774049608e-03,9.108188929027677622e-04,4.862720115226636238e-04,6.912075754470526365e-04,2.095640323726302452e-03,9.264534495071210206e-04,1.503178242732439813e-03,3.888645481413091935e-04,5.398025822238815535e-04,4.741397213882482314e-04,2.741287678145822287e-03,4.208211249669292081e-03,2.355477442806650206e-03,2.981313446166819394e-03,2.456816995195977398e-03,9.387819133926853486e-04,1.174755167554940825e-03,4.867729906395684529e-03,1.236157981011664795e-03,4.570709891272701749e-04,2.656325260878872069e-03,3.312225085954398351e-03,5.398031051747492759e-03,7.690126113342050625e-04,5.681851479175695999e-04,3.079463330723838238e-03,2.547836764832850961e-04,9.860838794196708640e-03,2.488821800796623459e-03,1.547387043801982769e-03,5.925301493796162819e-04,3.119225988314475607e-03,8.241362074716241347e-04
3.079921076179207261e-03,8.984198578135737731e-04,4.501226948248056997e-03,3.038820281202683771e-03,1.516318379994394637e-02,2.128396987818925723e-02,1.954941131434570489e-02,5.825650937646982552e-02,2.112360179290478923e-02,2.348270042257750295e-02,0.000000000000000000e+00,2.761979422330407621e-02,2.388177919821181730e-02,1.480063572783947221e-02,5.433600696297747994e-03,1.352553939284434174e-02,4.573226872566619333e-03,2.718842281656112022e-03,4.539142998906515146e-03,7.236750225488336897e-04,5.406950963410349538e-03,1.065134114988801686e-02,7.649824771485314381e-03,5.077614546625672069e-03,3.062783856646730026e-03,5.555705995618879199e-03,1.157222509528667634e-02,4.583744942701336970e-03,1.997472585480815008e-03,1.123399835415143933e-03,9.087477582312393021e-04,9.088009864377670543e-04,5.645594877077954408e-04,4.189670059515187422e-03,6.287093942364092684e-03,9.815872000042173088e-04,2.831160310394837537e-03,5.653921261165872902e-03,2.858393763748018693e-03,1.040351856502100270e-03,5.402351846757883543e-04,8.641777300055334971e-04,1.819635054705783959e-03,3.396755299663128946e-03,1.801814299527312781e-03,8.981411446994486906e-04,1.365691316488492572e-03,6.097426367965326369e-04,3.823666768563350094e-04,7.614521639633416291e-04,6.270804961696121657e-03,3.860608554890100088e-04,2.346465818152052452e-03,1.927711262314249236e-03,2.306012764235428059e-03,6.294303574380748917e-03,3.997010652246707984e-04,1.404344437223554098e-03,1.567179669959232330e-03,2.915556108657203598e-03,9.951996146863142153e-04,3.362368791250284822e-04,7.550056095413915352e-04,1.631629166245807594e-03,1.248140319849031172e-03,2.646489223274754721e-03,1.460547307330128768e-03,3.779483941261545308e-04,9.748848091883379439e-04,1.930211007685671580e-03,1.369462336699305916e-03
2.654603815107967838e-03,4.555630740863576291e-04,1.048256044651617270e-03,2.144025554983643167e-03,1.533353877431516653e-03,2.106686125815753624e-03,1.355002538294988561e-02,2.552015932074524693e-02,1.886566053612608734e-02,2.107629601263729877e-02,2.761979422330407621e-02,0.000000000000000000e+00,2.598619940433958761e-02,9.184190772561795849e-03,4.090786529259434791e-03,4.656924115383368618e-02,2.974784031776142937e-02,1.517379390316748490e-02,1.057158429301240099e-02,1.595856187738981316e-02,1.493643213106244684e-03,6.429210825943042999e-04,1.038449158596947870e-02,2.445067246241002835e-03,3.704223017079739944e-03,9.463224698845440833e-03,5.665004409748365622e-04,7.588123030345794891e-03,3.561302591994343434e-03,5.496012914714693953e-04,1.084215452993854585e-03,2.397507632724014785e-03,1.787091234057723924e-03,5.143352340239061441e-04,9.391368320275244458e-03,4.173029464567713266e-03,6.089692481481829948e-04,5.449799842847906231e-04,1.361091026359499906e-03,8.259269844050128474e-04,2.279500366339698436e-03,4.616304395719607366e-04,2.212334170526743162e-03,3.987573129149090084e-04,1.393939554340905933e-03,3.361555634589377586e-03,7.312600090538404294e-04,1.344735160602114187e-03,6.476585119894799581e-04,3.097746320346303484e-03,9.237329466672032034e-04,1.602331761655679089e-03,5.935811677735330569e-03,3.040105549230673505e-03,5.191962561322054862e-04,9.705715429868824956e-04,1.745525836667693835e-03,2.733939153958231047e-03,2.519864601623074516e-04,7.182155232674197580e-04,1.585732282075675171e-03,5.099930224984134319e-04,3.058101738616876130e-03,3.806077126181384184e-04,2.263315914766419958e-04,4.530960578986296841e-04,4.170475030459925366e-04,2.028787665521548998e-04,6.479372321793572427e-04,7.349884375149424651e-04,1.586786353687742908e-03
4.497810918121120127e-04,9.607675016438783043e-04,4.376848786863599475e-03,2.352728427980105893e-03,4.543942561513515839e-03,9.107121377497470055e-03,4.237991316759487544e-03,8.176397592811152776e-03,8.723598411135959421e-03,7.839644404717642859e-03,2.388177919821181730e-02,2.598619940433958761e-02,0.000000000000000000e+00,1.179715480956073509e-01,8.661003627968558161e-02,1.724579161895981316e-01,1.322234030076811506e-01,1.074811699625538575e-01,4.833214463390820420e-02,4.147509029705510886e-02,4.976041293827155806e-03,6.002814315815190385e-03,1.408779639450180501e-03,1.996594197909976574e-03,8.507766978638021255e-03,5.200025309345109037e-03,8.664435977171359299e-03,1.566136507406271387e-03,1.010088146690671720e-02,1.053972650431937285e-03,1.607068704729925799e-03,5.017012724496317704e-04,1.007212615413678085e-03,1.096042037041314657e-03,4.193779803224217950e-03,4.223869807185449661e-04,3.689508889081835694e-03,2.217629407816175402e-03,1.901003308757648639e-03,9.296532907569002302e-04,1.990332726341267986e-03,1.689999632837049662e-03,1.988378186130392630e-03,1.744356870439246147e-03,1.703250954795881801e-03,9.020237135737282919e-03,9.342604393582063004e-04,2.174267208592275957e-03,2.091481762161092987e-03,7.731530595426043019e-03,1.711506045524603843e-03,3.074483249165091154e-03,2.481151441509550724e-03,6.436453473855741937e-03,8.248067564627472367e-04,5.946447401188193881e-04,3.410855335838865795e-03,9.678017620769486726e-03,2.865679144429613117e-03,3.993450118705912238e-03,3.770141701725981433e-03,1.143050962750538635e-03,2.499649904926792843e-03,1.768962042730409063e-03,9.336627813985679545e-04,3.500024196332166579e-04,4.352577162036275833e-04,4.365940233558533203e-03,2.306590743107666836e-03,3.423723465956700351e-03,4.929984131283518881e-03
7.998843819747464843e-04,5.466803038121868623e-03,3.256166846126925477e-03,2.907319040556433434e-03,1.995533764584025288e-02,1.112520961142216512e-02,1.394079316518527685e-02,1.113208341652931373e-02,1.886997114113143567e-02,4.562046356338955028e-02,1.480063572783947221e-02,9.184190772561795849e-03,1.179715480956073509e-01,0.000000000000000000e+00,5.982288652686655606e-02,4.254798002098243020e-02,1.525327107633783208e-01,1.012129462248034933e-01,2.747735596971907085e-02,3.247673923307119875e-02,1.133171713822310467e-02,3.463283974528707024e-03,4.332103060989751786e-03,5.668500668627003084e-04,3.871907877367064370e-03,4.199345913813472969e-03,1.041142387143265471e-03,6.752367180480662104e-03,1.400369868649081230e-02,6.673146163102807761e-03,7.077757586629745707e-04,8.699589272519307227e-04,4.691555818149792411e-04,7.725250659476978581e-04,5.249473336500325160e-03,6.160781978840284374e-04,1.212768611472949748e-04,1.183033132823858684e-03,1.784604248813080997e-03,2.365759009439649576e-04,1.411491979201473339e-03,4.067260340406312139e-03,1.306734566197575304e-03,1.302013985188389504e-03,1.085080775621334506e-03,4.122989318405854281e-03,1.288835267966956678e-03,4.792499032255022849e-03,5.198599380031516167e-04,6.268468332465475202e-04,4.217541869995389964e-04,1.394883881887869562e-03,6.096276693413414226e-04,1.550191117895954309e-03,7.275839884647008950e-04,5.549806485184801850e-04,1.373978915686600855e-03,5.675221306551184001e-03,2.333156126407533604e-03,1.515998113914068671e-03,5.295753730141130114e-03,4.884656683901420545e-04,1.438885733355336300e-03,4.012720176812064991e-03,3.641675647532151196e-03,2.006898502343411675e-03,2.967702518400748557e-04,1.659956517784841020e-03,1.976514949660650427e-03,4.416062831128718912e-03,8.113666871381720967e-04
3.579057070259646697e-03,3.209755634178526433e-03,1.699553323092308638e-02,1.101712545280929788e-02,1.717146294928275155e-02,1.617206273716390377e-02,1.360708434643504577e-02,1.555342356378285398e-02,8.408692115318231255e-03,1.537927505830487263e-02,5.433600696297747994e-03,4.090786529259434791e-03,8.661003627968558161e-02,5.982288652686655606e-02,0.000000000000000000e+00,2.706201140157673754e-02,1.738148562155604482e-01,1.612798471131666744e-01,3.134102964390411000e-02,1.578801437785824768e-02,3.547125386884389907e-03,1.186109734760928264e-02,6.848673669273027190e-03,5.869735094598618492e-04,4.736159227780068447e-03,2.641421271342786047e-03,5.351995162962395330e-03,1.231928969620721360e-03,8.556760062687870580e-03,1.033537538954857476e-02,4.253555497368264639e-04,1.512339205589659577e-03,1.801941856172988889e-03,3.368115484119757821e-03,8.284125228015333433e-04,5.092788482816953738e-04,3.977558462997507482e-03,4.313853131433919609e-03,9.938754043736276484e-04,3.378801734729031375e-03,1.233391749537253359e-03,2.071772851821519507e-03,3.539131759089490532e-03,1.465284622096129242e-03,1.964554717815170885e-03,1.957991717064391009e-03,1.837490442885286604e-03,1.205477692278809562e-02,1.091643574602650397e-03,1.048585755387002614e-03,1.081226216731758860e-03,4.691630483158673245e-03,3.255101936160574236e-04,1.990423187718176352e-03,6.154139776754405898e-04,3.206726534685494685e-03,1.234814949455560491e-03,1.334426914612828717e-03,9.298797695235294170e-04,5.324175504853584720e-03,3.732429880788969753e-03,7.228155419844693730e-04,1.832098120025206674e-03,3.374010626509517646e-03,2.533944419928285934e-03,2.234245953468508728e-03,1.536314949905571731e-03,2.622195152626349401e-03,1.110287407218581287e-03,6.763593547546082295e-03,2.445277423674862161e-03
4.625715433854314857e-04,3.629475559820217155e-03,4.118348202843833718e-03,9.192929872997765081e-03,5.870565476332943039e-03,2.183689747524049114e-03,1.670591966072055819e-03,2.123980611097585000e-03,5.018213917651911590e-03,4.977582702481039845e-03,1.352553939284434174e-02,4.656924115383368618e-02,1.724579161895981316e-01,4.254798002098243020e-02,2.706201140157673754e-02,0.000000000000000000e+00,2.050348544166709086e-01,1.082386908072326820e-01,4.214159796051338003e-02,1.918000591161841961e-02,3.028161793707448424e-03,1.586602876918742633e-02,6.162233391038660253e-03,8.513491855182717810e-03,2.793325135363844414e-03,3.545516088830804984e-04,6.264700780917729570e-03,3.663872259635645324e-03,9.549816781693051468e-03,6.902296715777475958e-03,1.572613086861569852e-03,6.508331477735508500e-04,3.442773280397052466e-03,5.461593814416279037e-03,1.264412326932132756e-03,2.430593811458653733e-03,3.272218911751691856e-03,6.247883902605723752e-03,2.844906802067988325e-03,1.272244832356649816e-03,2.680497111233034395e-04,2.561785714814032201e-03,3.725866007668393685e-03,3.292517307623631009e-03,4.325034569086025869e-03,3.329947675727749131e-03,2.955444104525890327e-03,3.123316915639234252e-03,3.362119619475827190e-03,2.404853704775638656e-03,9.521998526216440047e-04,3.483268481311277160e-03,5.882879565608225766e-04,8.160505941903968205e-03,1.180119431611074011e-03,5.461320770992503324e-04,1.245186288410823992e-03,1.048905227699013093e-02,5.840016001921328505e-03,6.203635721431184635e-03,1.314092160387800691e-03,1.136519351964408253e-03,4.150139320065433964e-03,1.816102610100889594e-02,1.543829800528557367e-02,3.852376555031594707e-03,1.542981059705190311e-02,2.736202483699859758e-03,2.022277280174931708e-03,2.278307192136281526e-03,6.701520293384753864e-03
2.413254352454219549e-03,3.231622932924688857e-03,2.112854513296538467e-03,8.654651445486495750e-04,6.209973756866008811e-03,6.437920439260511399e-03,5.098457736624464366e-03,1.162492397347503204e-03,5.449417796133598953e-03,1.226287321395284902e-02,4.573226872566619333e-03,2.974784031776142937e-02,1.322234030076811506e-01,1.525327107633783208e-01,1.738148562155604482e-01,2.050348544166709086e-01,0.000000000000000000e+00,1.024011404406397902e-01,5.021737092375996164e-02,2.137513632186937781e-02,1.867850385933946325e-02,3.644166115630221442e-03,1.044212380513460242e-02,5.075633288483593318e-03,5.280164196823391304e-03,1.027373707741996954e-02,6.799172431580208231e-03,6.710732621958927571e-03,1.630547637243212264e-02,2.156240847727892030e-03,1.686935394244630298e-03,6.061100395733794513e-03,1.707568255898579690e-03,7.631606322722613803e-04,6.176529177644607405e-03,1.581479289464828844e-03,8.129250993904194381e-04,7.801992160094640884e-04,2.605132692392397777e-03,1.170285958416829915e-03,9.198603248305832134e-04,4.794099981802255397e-03,3.448107493317812224e-04,3.439051043355728123e-03,2.647038639373686369e-03,5.412531566956362873e-03,2.325482941218080281e-03,1.614694681503257975e-03,1.187479273502332943e-03,5.517372220516748513e-04,5.365150002583750225e-04,3.810948393330853765e-03,1.355941347481243045e-03,6.307931336314898151e-04,1.239923432190066918e-03,2.096387096035785998e-03,1.919384870849744204e-03,3.766993394610030146e-03,2.926591688138242223e-03,3.874432655205826796e-03,1.460551562890573078e-02,8.032692347005923042e-04,9.945952338963842763e-04,7.550628958628693987e-03,3.204513710642433334e-03,5.552023831657539391e-03,1.994197117472851395e-03,1.582349635524636861e-03,5.726708939861390813e-04,4.470674440952495006e-03,1.562585676053439808e-03
5.583134263564618061e-04,2.037388456499432659e-03,9.237296330905185723e-04,9.221302992027820798e-04,1.726294853596633660e-03,3.372717731628160735e-03,4.205894293294653273e-03,6.633700154602899246e-03,2.666968109206457709e-03,1.029698504056782843e-02,2.718842281656112022e-03,1.517379390316748490e-02,1.074811699625538575e-01,1.012129462248034933e-01,1.612798471131666744e-01,1.082386908072326820e-01,1.024011404406397902e-01,0.000000000000000000e+00,8.371947206692584298e-02,2.770371054922392273e-02,4.635435152909476997e-02,1.735255728533174890e-02,7.526237616018856443e-03,5.608223222493087176e-03,4.316737536635612861e-03,3.038525738286082696e-03,6.683311399122085147e-03,4.785320661369441876e-03,5.036788123337822103e-03,1.861232630344492522e-03,5.358786186204633891e-04,6.120784043676211726e-03,2.480533145372638450e-03,2.040216902801358922e-03,1.297040289115606627e-03,1.035740552639722971e-02,3.382378339076333972e-03,1.019819138184116644e-03,4.247514145865531436e-03,2.130742819732174640e-03,2.450084816507287072e-03,8.267438307582122316e-04,9.307802440268871059e-04,9.320948854722695739e-04,1.814495306691006962e-03,8.217182951275390015e-03,2.407171944850997405e-03,3.751148459787580994e-03,6.796912928199085741e-03,5.079370960066218951e-03,1.540817984394853490e-03,1.581837414312362369e-02,4.338251833469653645e-04,7.622467074632540557e-03,1.045804493600001805e-03,5.402177576757975774e-03,9.537482002801359309e-04,6.489809671684646300e-03,5.172294486635436181e-04,7.222165721542796873e-03,6.099143046216041857e-03,4.215065358815153415e-03,6.090828578491546070e-04,7.376271439773989143e-03,4.458749824309387808e-03,1.226693012761202305e-03,3.950581808732109811e-03,8.865782798029761200e-03,6.088668603428552123e-03,7.268785456848799939e-03,2.827611076151043644e-03
3.252953654203326328e-03,8.696787311777994358e-04,1.718152004034891479e-03,2.812895101262276494e-03,3.737220222323729170e-03,3.996079984720880829e-03,3.854136696940951325e-03,4.048672633668023123e-03,1.921747252373673517e-03,2.517382736169698852e-03,4.539142998906515146e-03,1.057158429301240099e-02,4.833214463390820420e-02,2.747735596971907085e-02,3.134102964390411000e-02,4.214159796051338003e-02,5.021737092375996164e-02,8.371947206692584298e-02,0.000000000000000000e+00,1.165039464657444956e-01,3.547256807698422054e-02,1.067300934925429282e-02,2.772375801155054290e-02,1.074058145642989119e-02,2.505357243540349763e-02,2.319563453593237370e-03,7.168404758048592396e-03,5.315336515673161656e-03,1.939405765882351237e-02,2.845174065553172926e-03,1.252470470689501583e-03,7.975639822209543150e-03,3.179314429796228046e-03,5.676535726648381788e-04,7.434376061130507259e-03,7.320046217662519276e-03,6.435649841986522705e-04,2.981462693615718508e-03,7.096156067478196806e-03,9.559156260626229876e-03,5.638819085653467601e-03,1.344845984475500147e-02,2.659811011611090768e-03,4.466742014640100872e-03,4.019151620288021788e-03,9.631542410403089866e-03,6.638917009693746929e-03,1.507287026242678770e-03,4.916649809273670145e-03,6.279515610836283734e-03,2.408557171155933582e-03,4.972389745228655497e-03,1.179468570560143759e-03,1.022869044330659664e-02,1.109189654159068285e-03,5.799693340234123940e-04,7.563941463454314012e-04,5.171625179946988740e-03,2.794903628394824948e-03,8.002168234716548756e-03,5.099108398439588380e-03,1.079534627143265537e-03,2.329898835349778451e-03,5.796362503767369181e-03,4.854273445877621378e-03,2.383129553501416465e-03,7.931083357835070832e-03,4.426955729410192615e-03,4.088728449122390127e-03,1.157288660608460536e-02,6.262980540842558695e-03
1.322447098249758188e-03,1.737501255234427146e-03,2.574556620285065479e-03,1.215490806342703171e-03,1.059149892791439633e-03,7.252714581408567290e-04,2.709515195178102969e-04,2.826339377301794603e-03,8.332079856868491790e-04,1.139578637687801467e-03,7.236750225488336897e-04,1.595856187738981316e-02,4.147509029705510886e-02,3.247673923307119875e-02,1.578801437785824768e-02,1.918000591161841961e-02,2.137513632186937781e-02,2.770371054922392273e-02,1.165039464657444956e-01,0.000000000000000000e+00,1.995958901374319736e-02,1.076120772033571094e-01,6.704129609142285562e-02,4.753499019328897429e-02,9.242675691773734326e-03,2.278542721012859554e-02,8.022556897717218402e-03,7.473553780405969849e-04,3.475013286811831983e-03,5.802822899832934742e-03,1.864069108859561785e-02,4.758583938807246609e-03,3.241619939924140353e-02,2.585916727264699413e-02,8.660703574162220003e-03,3.469388856207469146e-02,3.724978637762656891e-02,5.037136986577952363e-03,5.834123018628838142e-03,3.269488669857332878e-03,6.972653229903066734e-04,1.407262820029838791e-03,2.836869649797931717e-03,1.417325437642782352e-03,1.924489895550922716e-02,2.839522279370233424e-02,1.203026989355598930e-02,4.605208815292429446e-03,2.238131112209984508e-02,4.598239053178976472e-03,3.330529799427015079e-03,2.267077934640182243e-02,7.759250387538720387e-03,2.170929587246740646e-03,5.446141398993012937e-03,1.280216712890284818e-02,8.640455154359703849e-03,9.573249229989336424e-04,8.200512507266177059e-03,1.333161786707914333e-03,1.047012046470805228e-03,1.606839004889590783e-03,1.062266796196789567e-03,6.934126137437792575e-03,2.539441092032606716e-03,3.663552948635670926e-03,1.388101921070415690e-02,6.229168119012068634e-03,3.620838672439541384e-02,1.334428153880023830e-02,2.234188243127669879e-02
3.692423898265049381e-04,1.014275411960034040e-03,2.439141525207630130e-03,9.813579045078583453e-04,3.379054490412630035e-03,3.734243602407693111e-03,8.780790399232473592e-03,1.573735863515406466e-02,7.638368798557997920e-03,5.178184843805977954e-03,5.406950963410349538e-03,1.493643213106244684e-03,4.976041293827155806e-03,1.133171713822310467e-02,3.547125386884389907e-03,3.028161793707448424e-03,1.867850385933946325e-02,4.635435152909476997e-02,3.547256807698422054e-02,1.995958901374319736e-02,0.000000000000000000e+00,1.347485539416032607e-01,1.325224789458352426e-01,5.926694027808718235e-02,2.461933444745431285e-02,1.270459369796730562e-02,3.177250560806653412e-02,1.529825008598750466e-02,2.407915759561092550e-02,8.051337516749017265e-03,6.383203448062236239e-03,1.045954743530334331e-02,1.727434804216621163e-03,6.190134946623426261e-04,2.142164774848884928e-03,5.861723359187775984e-03,1.343421765246009987e-02,1.457509932817925569e-02,6.941927347121637721e-04,5.850103176829067608e-03,1.125587239624680283e-02,1.719903537722808611e-03,9.452416203777012568e-03,1.085657904185355523e-02,6.677301985185317944e-03,5.404542083488920318e-02,1.230231657211747556e-02,1.567391771836823544e-02,4.086214339754373065e-02,5.028285882505058139e-03,8.281007562813748682e-03,8.666053978904077540e-03,7.891962003868466941e-03,2.350435316137286512e-02,9.919924586520242199e-03,4.908046682579820033e-03,4.290149926257492627e-03,9.129403073988087702e-03,5.800029210140699061e-03,2.877463024685076708e-03,4.858598002672263015e-03,2.947385548046186406e-03,9.839454532916853957e-04,4.689413459991973246e-03,3.218724106671557936e-03,2.074453112966671148e-02,1.103284601849405938e-02,3.202218508285250426e-02,1.445078834934770441e-02,2.867624188113427480e-02,5.937468055428036726e-03
4.735368490927698883e-03,5.283929834480226816e-03,2.328229442269999939e-03,4.580627518737383219e-03,1.658297037475674239e-03,9.755158152223696857e-04,6.206714300693822817e-04,1.592850938182269974e-03,1.074125022950728203e-02,9.498319090534286524e-03,1.065134114988801686e-02,6.429210825943042999e-04,6.002814315815190385e-03,3.463283974528707024e-03,1.186109734760928264e-02,1.586602876918742633e-02,3.644166115630221442e-03,1.735255728533174890e-02,1.067300934925429282e-02,1.076120772033571094e-01,1.347485539416032607e-01,0.000000000000000000e+00,9.582286142419718655e-02,1.708029811112999619e-01,7.808461323404682075e-02,7.546457591704078260e-02,2.432632341497302161e-02,3.106986604481709255e-02,2.494063471761284387e-02,6.744386214179515920e-03,2.764209578241324725e-03,8.743712000854070993e-03,1.396179565115999305e-02,2.355307914688790916e-03,1.432970764313845928e-03,1.858888121194125082e-02,1.081258533402419848e-02,4.521581993575175579e-04,2.904883229153304436e-03,1.452331594334137308e-03,2.229860099491044918e-03,2.441411645245764907e-03,7.349273739292120494e-04,1.173203302581726001e-03,1.620285284336721223e-03,5.465740082488830531e-02,1.057789494339144744e-02,1.154466996949923309e-02,2.731697237054007271e-02,1.209940658862981161e-02,1.177401493345558124e-02,1.034908221357612977e-02,4.132500410448143244e-03,3.446087063220255875e-02,9.810347811175805424e-04,1.111223417430604217e-02,5.177259854543388336e-03,3.848478753118524109e-02,1.738976013144674301e-02,8.570222865808031776e-03,2.118038907564701728e-02,6.572496864912851129e-03,1.241302843200948200e-03,8.162168594344406183e-03,5.914176157816110162e-03,1.241244956736859729e-02,1.385611213058136372e-02,1.590231191033104549e-02,3.236516150933605590e-02,2.775457491385751457e-02,6.319551707394501991e-03
