0.000000000000000000e+00,2.191693626056133160e-01,7.355296514215324544e-02,3.553982555044311598e-01,7.912742814019757542e-02,1.436602623605377216e-01,5.910388710182060135e-02,7.289022516256181417e-02,1.145600862420966259e-01,5.071932006089461265e-01,1.190626995854346809e-01,1.189675800368443642e-01,1.502635169126292913e-01,1.012471557538556360e-01,1.714999249873150056e-01,1.578038259562569157e-01,5.086732047311574023e-01,3.636361297346744903e-02,2.420040087550176799e-01,3.028219051567695441e-01,4.125047999812876953e-01,1.031830754973833870e-02,6.986488136830565354e-02,3.142851792298289593e-01,7.476921571133951505e-02,1.378190052616920513e-01,8.296142215253944630e-02,1.860088184806282241e-01,5.646014405764484406e-02,2.228689247587975486e-01,2.922004653693703602e-02,2.281164303754621217e-02,1.619518584859662713e-01,1.119900755755554311e-01,5.477492383407389642e-02,3.053998063767753360e-02,1.199869029238497670e-01,2.059885838084820481e-02,6.729073319445723345e-02,2.916918837322194855e-02,1.976559051512096626e-02,1.724775786822887735e-01,1.036592727701051431e-01,2.589158963433942084e-02,1.370259561832548878e-01,4.174629502258740410e-01,2.847917741005697168e-01,3.121649828233689916e-02,1.815778965219349839e-01,3.857753926049234394e-01,1.409631377320707396e-02,1.066334748711031816e-01,1.122789380050301794e-01,1.098219832118962069e-01,2.838125451137775423e-02,1.773686466220772140e-01,2.653075526344126356e-01,1.827566578780754902e-01,4.011606721498311434e-01,1.803404573470473449e-01,1.441429537197309874e-02,3.327110256600226967e-01,4.862093998011352003e-01,3.804931200100566263e-02,5.702783730307348087e-02,1.225847241716997160e-01,1.604006010427730736e-02,1.243801503553606524e-01,9.337602971514588623e-02,2.104809055542233021e-01,1.050825948854507003e-01,4.286206727319237519e-02,2.843069097316318072e-01,9.258380532746683655e-02,1.423686678716496179e-01,4.560255495639137235e-02,3.129983233047171076e-01,2.818888303575936213e-02,9.411197419702159450e-02,1.764315330343271260e-01,1.027808279252666601e-01,1.345236814542006831e-01,5.147117779436504587e-02,2.464427560111504545e-01,2.427551263467093989e-02,2.975180296525856138e-01,3.555136111376194785e-02,8.505709910230364879e-02,6.397129858449038253e-02,1.179190569292119239e-01,7.505321724486570256e-02,2.153740102516911795e-02,8.958230626874308378e-02,4.974493374450419947e-02,1.276873807671498051e-01,8.050803758096325771e-03,4.835348158693130588e-02,5.325774768780318358e-02,8.063330992905621067e-03,3.014993180883275212e-02,1.247963670806673774e-02,2.404686545928245295e-02,4.366495344402217260e-02,4.033707828130046746e-02,3.266416366912838071e-02,2.235393632928380642e-02,2.128026397620784091e-02,7.955957105612551303e-03,5.380463220449306638e-03,5.897969793070752600e-03,1.424708184599509340e-02,6.788582954231232695e-03,3.938963663390230435e-02,3.022168758483136965e-03,8.840989465694937960e-03,2.777422768186037574e-02,5.912305581815021152e-03,8.733642032642080499e-02,4.566273993289787086e-02,8.421772501761265461e-03,9.836509359535183794e-02,2.204154057705273728e-02,2.277263124846172146e-02,5.448222850918620075e-02,7.322302835763501438e-02,2.677545526013272448e-01,3.698070194948441247e-01,5.222554294350278958e-01,4.486916258614448427e-01,1.533214358366193075e-02,3.691156774933061491e-01,6.551608943505761451e-02,3.390974122319032752e-02,1.239863355021934982e-01,7.628659721533616322e-02,3.204579479828410793e-02,3.583127806745444593e-02,2.524327969329188959e-02,6.087251836865601243e-03
2.191693626056133160e-01,0.000000000000000000e+00,6.814939384505814823e-01,5.378545220039947505e-01,1.959412187862603905e-01,9.235734490280340936e-02,2.187861923317695190e-01,2.798949619394406896e-01,5.121423226082909563e-01,5.267595065314012448e-01,6.583765492374128725e-02,5.100473422230711318e-01,3.765405501781030617e-01,5.447671397548542460e-02,2.414410123701858646e-01,3.196887663677963065e-01,4.359956774585037609e-01,2.569174858642887527e-01,1.887647816093278030e-01,3.610153536368024829e-01,3.279245103983627896e-01,3.137533277686917893e-02,5.270070890121296703e-01,4.734328241967190043e-01,1.733893508490437149e-02,9.522144210309502199e-02,3.099595893344642139e-01,1.740167707868487679e-01,1.517358102755042293e-01,5.615912295131388066e-02,1.151238672718164768e-01,1.112198534149051177e-01,7.855726139086018078e-02,1.856263398057126646e-01,1.760421163482307066e-02,2.187409049095306590e-01,5.329574139902648611e-02,2.515655394500172434e-03,4.455656053873000705e-02,1.012827651954173735e-01,1.069608694286875161e-01,7.705135515644562227e-02,1.047319136292449021e-01,1.888353509149677881e-02,8.787915062222895202e-02,1.100166672796435291e-01,3.132035481618059003e-01,1.068734882338521000e-02,3.091216077619363123e-01,1.584051412756536659e-01,2.002833126882567760e-01,1.984248127318364030e-01,1.315654186162179551e-01,3.404422537926901637e-02,8.973936887231800941e-02,4.064781908935328203e-01,5.105059937223966476e-02,1.689078720314420023e-02,1.703728016483744279e-01,4.471651211545921156e-01,1.000218083017808263e-01,5.135868968496704046e-02,4.338432641181382277e-01,3.876680131942092378e-02,1.212884852554968751e-01,1.252109832964468927e-01,8.475524004448498072e-02,8.405407556750799092e-02,1.007938158764637160e-01,1.145848675816042578e-01,2.416272005575411941e-01,1.192047927609979768e-01,2.110063852287175357e-01,2.043083648135600172e-01,2.739798317547334494e-01,1.036481942688739777e-01,2.242383428153855440e-01,3.896434266160772597e-01,1.605359535977240459e-01,2.401861122314327690e-01,2.788049406962112564e-01,3.870996776310529630e-01,7.866164929352828517e-02,2.066371122228031487e-01,2.642890734474617198e-01,1.162082854592688674e-01,2.135478932201613222e-01,4.802931689111530900e-02,6.542543733973779641e-02,1.974544764341319425e-01,2.356620183222244425e-01,3.805995343909483047e-02,4.582870637792955948e-02,4.181716166451143052e-02,1.731869778380784319e-01,1.648500843601895943e-02,2.973316086579844836e-02,8.126850455255595074e-02,2.865104259526915498e-02,4.284721567058977047e-03,1.933740190728611705e-03,1.641098368364255627e-02,6.745183895695898435e-02,5.828833007026797824e-02,5.550871296763486284e-02,5.923769436145702449e-02,2.246787929741785039e-02,2.134612823363020700e-03,4.794168255944020185e-02,8.539548838835973876e-03,2.221333169297490945e-02,6.133878038356843643e-02,5.515778848331738538e-02,4.608090947181366775e-02,2.075489719252146259e-01,1.147135488429809613e-01,5.969852684537351600e-02,3.753263178243798626e-01,3.737678439501818800e-02,1.057158033037727540e-01,7.963069717928814018e-02,7.299300255237244073e-02,1.162971584296517980e-01,7.146065882820921977e-02,5.853056131738305912e-02,6.216051208528926286e-02,5.196969760291931806e-01,3.236926682664859056e-01,5.306764273882857985e-01,2.367124442933511430e-01,4.163091572495905557e-02,4.612024409707839445e-01,3.806578058117157104e-01,3.759234938558151939e-01,3.568002757921779899e-01,2.035459372568921010e-01,1.469030017453963055e-01,2.483398056719741676e-01,1.304303958900404070e-01
7.355296514215324544e-02,6.814939384505814823e-01,0.000000000000000000e+00,7.081760578256280914e-01,7.050794401863420546e-01,4.428062198645011383e-01,5.018454983811135861e-01,5.175682760368053303e-01,3.152260921892123258e-01,7.662340050603093644e-01,3.953477178247370438e-01,4.951713224704321070e-01,4.352858688908208262e-01,7.161477423173967516e-01,9.107216477214072348e-02,7.597250259299456743e-02,7.196102954841372412e-01,5.860812239858108619e-01,1.878846286404593502e-01,4.035001775919707101e-01,7.398846801523943917e-01,1.950473268521805970e-01,1.313057954210764544e-01,4.655630683854464213e-01,3.236472115425488849e-01,2.229204862457876968e-01,1.685410781473124231e-01,5.583936869332971620e-01,1.135186352266601972e-01,4.545593199726362110e-01,8.088992066951598836e-02,3.362521105059848026e-01,3.384192783289208806e-01,1.347357877429051776e-01,4.695776113746884944e-02,1.243342059007703296e-02,2.500556738712739202e-01,5.219216240596438044e-02,1.983727357575014727e-01,1.261938310814189612e-01,5.087545999949433934e-02,2.299458771549676428e-01,4.049083468737825486e-02,1.146859170836864172e-01,6.212463497055573797e-02,4.906834369131183871e-01,3.259803965425207145e-02,3.561127840567749336e-01,1.114937116422748675e-01,1.930485944196216608e-01,7.205111112202701451e-02,2.387804696743255628e-01,3.944666670221654292e-01,4.095303500991676754e-02,5.244427939042618503e-01,3.264627574595167503e-01,1.120915290103648293e-01,4.185825200321253159e-01,6.451983291306082613e-01,6.228897656405343181e-02,2.196125312809962538e-01,5.800662305224454363e-01,3.731789596221888328e-01,7.552397635770921602e-02,1.142426963685522073e-01,1.956106572177949143e-01,1.046982799819823201e-01,1.685269791882496315e-01,4.804745214454543278e-01,3.602175588456634769e-01,2.188279401452586648e-01,2.678615804755203333e-01,6.496983126130949637e-01,2.573365593843703891e-01,3.602784387163192603e-01,3.000538260348625252e-01,3.584178364850900134e-01,3.349946256928117982e-01,3.822959040864020719e-01,5.414952274208103544e-01,2.289089690029249002e-01,4.062514082419658723e-01,2.017188309164895110e-01,4.811609654479813702e-01,2.250660272474242218e-01,5.377333035682556606e-01,2.279709277855580807e-01,1.039784538369637745e-01,4.758010334363506066e-01,1.461754324662521420e-01,3.472621465251141126e-01,3.792089624926723440e-02,1.231783179533999795e-01,7.299867560196997285e-02,6.652397461084487429e-02,1.105246340916094805e-01,6.724425016633948926e-02,4.114003368536482685e-02,1.499982386493840109e-02,3.777056165296698020e-02,4.303285532715191153e-02,7.987700263041153451e-03,8.519225608241918699e-03,1.026837322318256869e-02,2.298186406791901878e-02,1.281840082485884852e-02,1.051489491992787725e-02,1.011135801599647929e-02,8.201136581958746313e-03,2.937935159749046482e-02,2.179603914886665827e-02,4.858228040638813694e-02,4.884432596303432683e-02,1.209010804771801090e-01,5.614433422018627606e-02,1.560996239243229167e-01,9.164020717849041819e-02,1.831754617266516116e-01,5.442123944621301418e-02,1.617037730302128135e-02,5.606467826252377329e-02,2.359496668070506786e-01,1.028399264898798432e-01,5.608026356674417068e-02,1.001352067807669971e-01,2.057705191050301641e-01,3.294363720764347803e-01,5.479505737181838976e-01,1.055052680349355537e-01,2.893726493148586765e-01,5.832058609584165332e-01,2.986118074297072766e-01,2.243269487355441516e-01,2.571956584745064278e-01,1.069091775158542840e-01,3.161939727675390499e-02,5.494002867508385873e-02,5.496962998314370435e-02,3.449608137237351879e-02
3.553982555044311598e-01,5.378545220039947505e-01,7.081760578256280914e-01,0.000000000000000000e+00,8.346933839307018044e-01,7.913206496539829660e-01,5.508789027377387626e-01,6.963985926975102547e-01,5.448084885911121944e-01,5.200999163981177009e-01,7.689580123906234466e-01,5.552201524516304776e-01,2.566223301769738341e-01,3.288990436943060036e-01,5.994990351923424887e-01,2.822759171351437169e-01,9.127196172499610349e-02,5.409899703209404276e-01,5.053975903293339567e-01,1.867573371308172692e-01,4.615910978207185544e-01,5.471916861863629356e-01,2.577715955618195554e-01,1.821391791377818259e-01,4.664726991607766604e-01,3.745579574120137534e-01,1.686928201762143142e-01,1.469512461153084371e-01,1.820138866022001645e-01,1.151962661566343638e-01,3.220902000724475828e-02,2.515247608339310492e-01,1.583818724296033043e-01,4.924528048667548702e-02,1.341049818208325251e-01,3.029562724709474603e-02,1.478212902972352860e-01,1.298557602633091529e-02,3.872050679443243132e-02,5.813420438437115478e-02,5.941049138086645920e-02,1.057151229067724019e-01,7.607115264095842821e-02,1.663399636619131150e-01,2.448271978277183000e-02,8.429594551189661944e-02,4.656441119877317153e-02,6.242474954646363289e-02,1.117198690029462260e-01,7.338325468872086699e-02,1.496000616771801239e-01,5.718382137554560429e-02,1.627097737758227969e-01,4.741551367924841109e-01,9.824742401586268603e-02,1.639526745171169531e-01,3.283337826286893968e-01,4.259219379275441253e-01,2.009849786675375061e-01,3.520698045158221490e-01,6.059008098101015261e-01,4.126513664569881334e-01,2.494168415460405186e-01,2.250699942071688886e-01,4.243559829183643495e-01,1.767089792952408756e-01,1.260145806244460653e-01,8.083116123513345297e-02,1.722626699727361488e-01,4.619961213400631261e-01,2.751496677628199050e-01,5.234367837607052376e-01,2.559178518351194476e-01,3.776913617067226836e-01,3.914598699931740033e-01,5.271355358504932198e-01,2.675450314933688900e-01,2.806431353647873550e-01,5.338242628930285338e-01,3.240118221712832147e-01,5.022237165176426377e-01,3.369024322936180482e-01,5.264886542301545624e-01,2.158107199220251349e-01,3.346015252406233098e-01,2.239241357634420837e-01,1.056391604961555292e-01,4.829745279750644049e-01,3.510523934768945975e-01,2.842343713966348218e-01,3.809827851324001924e-01,5.614806288666621681e-01,4.463141837082688634e-01,3.245168996499213088e-01,4.805085874823195047e-01,2.781033502868047735e-01,3.055525084272151526e-01,3.883235778587323939e-01,2.015251607179252558e-01,3.475719216884204377e-01,1.726554252412695056e-01,8.114729615396391871e-02,8.727033692664183315e-03,1.885249849796891489e-02,6.065138254125660051e-03,2.473794604534444719e-02,7.355135479965415994e-03,2.172389791008255688e-02,1.560929900101375861e-02,5.107858691115656734e-03,1.321495968358867013e-02,1.542232544045458661e-02,2.732154571990052030e-02,6.521331962002107317e-03,2.676104749402762051e-02,9.468656868935164048e-03,3.759752482134230689e-02,1.277708425244459232e-02,9.049243220474254001e-02,5.656502208508497331e-02,8.798101376811434671e-02,2.751776779691716968e-01,2.992362290676168213e-01,3.055986354071990596e-01,5.297636551996967036e-01,2.645914019222401214e-01,3.823897972192092376e-01,2.364757124819583112e-01,5.842652407481829790e-01,5.736602660433720580e-01,4.869064979126861425e-01,1.464984796154959745e-01,1.560295063868590015e-01,1.761570949418788945e-01,1.954848940249845346e-01,2.233457173158515940e-01,1.559548742019509771e-01,5.731686005688594460e-02,1.356621016420467563e-01
7.912742814019757542e-02,1.959412187862603905e-01,7.050794401863420546e-01,8.346933839307018044e-01,0.000000000000000000e+00,8.733167266063260881e-01,4.713970559460055609e-01,5.632444049647880036e-01,4.559189535869313525e-01,3.772484433359513112e-01,2.755073138789911336e-01,7.591733439227528191e-01,5.899068699173012353e-01,1.454858165925471958e-01,1.208432053006471552e-01,8.354853176514187574e-01,1.109019574398770747e-01,2.834043398096781630e-01,7.620626231641587367e-01,2.830799525704869590e-01,1.608570564341284537e-01,1.917060461866048893e-01,7.762437920173642647e-01,2.727855633181511252e-01,3.196197979307198733e-01,3.645786088436638317e-01,4.976260414760025341e-01,3.531461079071722131e-01,2.500615307366487738e-01,4.193738954147476772e-01,2.670107681741080707e-01,2.278242016249073520e-01,2.789999964801087237e-02,5.710948343116618586e-01,5.510848683429980105e-02,2.758848391271755962e-01,1.220647981705314522e-01,5.732635790258190644e-02,1.632563997679094825e-01,9.907073285844190946e-02,2.611873634051844473e-01,1.961036608119351154e-01,2.530750813431356661e-02,5.554715194662510763e-02,4.398943182163529975e-01,5.723850134574002269e-01,7.910996593467128912e-02,9.844658280494429647e-02,6.884616852388579789e-01,1.592296345330531382e-01,3.979857051878263330e-01,4.372753363198582099e-01,5.271819345244556088e-01,3.032804070151329245e-01,1.894069558111547980e-01,5.428678465751458626e-01,4.346112523927015414e-01,1.973265719926419748e-01,3.364927698364328368e-01,6.383196893792265625e-01,5.666126740669275019e-02,4.148153250336709119e-01,1.281897896938651027e-01,1.895987904925596212e-01,2.599626943218369957e-01,9.632802465649556445e-02,1.104096553616857879e-01,3.532747552776936972e-01,2.343480039153071903e-01,1.422908326731097406e-01,6.185306686770737361e-01,1.650872188528134943e-01,4.422864811681016528e-01,3.407581922164600874e-01,5.424486933923202692e-01,3.688774956164873609e-01,2.867423324650082983e-01,5.917243541435340815e-01,3.698171507400272451e-01,3.879626061952237692e-01,3.687644779829949981e-01,7.058847861470843865e-01,3.281566173504805173e-01,3.414941215857079659e-01,3.826575486835277484e-01,2.265068962880928682e-01,4.281583235382615538e-01,2.623933103963159152e-01,3.254508217827483119e-01,2.637258843110207862e-01,4.967682504243688402e-01,1.249505020083277879e-01,6.436295113033273230e-02,6.433006385225216450e-02,1.128493138545104552e-01,3.295326362537459586e-02,1.685971763654605382e-01,7.513688689868780468e-02,6.206554901946128439e-02,1.075765025346903797e-02,4.048341389822139418e-03,1.802573418537290958e-02,1.852853963390475520e-02,9.575119621571877293e-03,2.028046701702213017e-02,1.029042988023153374e-02,2.534097496190363535e-02,3.773038880955811858e-02,9.962043427461875211e-03,1.043630106053381190e-01,1.460610961844521494e-01,1.625594488953821803e-01,1.027718242676235322e-01,1.128108336792806171e-01,2.592071351816078173e-01,2.295892129935986625e-01,9.272341781769999347e-02,3.072249967006006610e-01,9.716476238132741583e-02,6.006912860481505856e-02,4.064842466188351572e-02,1.227662861418563067e-02,1.398297707904646303e-01,2.068253118315508884e-02,8.742546919005229900e-02,2.903976211133334484e-01,3.900965098205195769e-01,1.788639657805429217e-01,4.402740863359986823e-01,4.470315963551929062e-01,5.882553120348320563e-01,5.973391615545272648e-01,6.843097547975125483e-01,4.890122666178048361e-01,1.951850491548680622e-01,2.600149832091000479e-01,8.264319150704020622e-02,2.563299282693725090e-01,1.763968662176847169e-01
1.436602623605377216e-01,9.235734490280340936e-02,4.428062198645011383e-01,7.913206496539829660e-01,8.733167266063260881e-01,0.000000000000000000e+00,4.894326401478596433e-01,7.460908284033355153e-01,4.487611453870319900e-01,7.794851751280282848e-01,4.736195930509403129e-01,3.343916797729853396e-01,7.930255230808814781e-01,6.142836024871207723e-01,5.451669247517966221e-01,4.665438144543652133e-01,8.163665970646207803e-01,1.631510673931553246e-01,2.191871740273467761e-01,7.236544088090677285e-01,6.596346807835947734e-01,2.764977894206305797e-01,3.556370044571839917e-01,6.822442734587224056e-01,1.277061853658174040e-01,2.634650307159839833e-01,2.538587769770841995e-01,3.193982547936513039e-01,4.077644865094037785e-01,2.622378326234022783e-01,1.870872261479279430e-01,1.706270210684688593e-01,3.950488759079767709e-01,4.252371694650588368e-02,7.562252533160558621e-02,1.086118934035793515e-01,3.490094906678913311e-01,3.693046351590530824e-02,9.536258675082172342e-02,2.276852628766281444e-02,1.209019885541178924e-01,3.281802191107573846e-02,5.631679238819824185e-02,7.762863901040958914e-02,6.153044642392924840e-02,2.064291380060987724e-01,3.582753741791852020e-01,2.497475434164868335e-01,3.233089990595363478e-02,5.680259076323491696e-01,3.098277917140395687e-01,3.780775164433859414e-01,2.514745152035706144e-01,2.636861139328371406e-01,4.356652175963019596e-02,4.502783098702951570e-01,1.807206214089039642e-01,1.123024926833656872e-01,4.799584202881135298e-01,1.858853624499950674e-01,1.440632170862276573e-01,1.565357438053785188e-01,6.658834610861883441e-01,9.050939376444259998e-02,2.397858390425401942e-01,1.437905713829496779e-01,1.095107554965133595e-01,1.880829395016617445e-01,1.993170636111978034e-01,7.106408265244179567e-01,2.875848591133151055e-01,2.644003356346254496e-01,4.524652525640460166e-01,3.944740332918428849e-01,3.078003842621100383e-01,2.876279791770098293e-01,6.241126045873103267e-01,2.115694164773239128e-01,4.498175571469960055e-01,2.812217255668208460e-01,4.679529611687834323e-01,2.548927623730827818e-01,4.327917334645843828e-01,3.679958067591457271e-01,2.178262675829360784e-01,5.497050845744416714e-01,5.369894734417358234e-02,2.822678955258001721e-01,3.273311690104757088e-01,5.798265905961672573e-01,3.856034745147085552e-02,2.591321244531639145e-01,2.623253377059276414e-01,6.474390959902874554e-02,7.880546972125049288e-02,2.206820715314481984e-01,2.235756636968817476e-02,3.469893178709997777e-02,8.346823885360089845e-02,5.924072380642005607e-03,1.582321745727941669e-03,4.401332745592602402e-02,5.667986314912409201e-02,6.235018423146174854e-02,4.151078157235782440e-02,2.655773965618336493e-02,2.615932552916233611e-02,1.109837303594907176e-02,1.332709212606056348e-02,4.922543132378259106e-02,2.852499864982880814e-02,5.897573507000426762e-02,1.006820614691764509e-01,8.672354668897216956e-02,1.561330375530955716e-01,1.678951592624599864e-01,9.764523013198557477e-02,3.212386468910412018e-01,4.561052972253061555e-02,2.222961371350842472e-02,7.983405740431314193e-03,4.234695233382992224e-02,7.442416871697013492e-02,1.853220850603490982e-02,3.415269451538984619e-02,3.277104004667218129e-02,3.640352010485412571e-01,4.822116182734810796e-01,3.093332433760662137e-01,7.328086851366485965e-02,4.988898608478538610e-01,1.220691993436590211e-01,1.115558953001176273e-01,1.780533734918743616e-01,1.138265268890417126e-01,4.266513744165911087e-02,4.582144746701522636e-02,9.922392802755147789e-02,2.372764683917447451e-02
5.910388710182060135e-02,2.187861923317695190e-01,5.018454983811135861e-01,5.508789027377387626e-01,4.713970559460055609e-01,4.894326401478596433e-01,0.000000000000000000e+00,4.445534838165975389e-01,4.339945582777897104e-01,3.590338840828214972e-01,6.704484831604732298e-01,5.556267601405278089e-01,4.357754954119223423e-01,7.974372884326008659e-01,4.786062004800455960e-01,2.559671113042272239e-01,6.206277933428211435e-01,7.160616170653064660e-01,2.404134317365334284e-01,2.922655941719944361e-01,6.294761363210275018e-01,4.094528252931819434e-01,2.504577016493482189e-01,1.653549393417541868e-01,4.066098768124322138e-01,2.723439634504045137e-01,3.165703787410885650e-01,2.160873889733946340e-01,1.949276898945243863e-01,2.373980272835235772e-01,1.230169153043087493e-01,4.052042142779659351e-01,1.138317240879727493e-01,1.521228499597783168e-01,1.865573365773483538e-01,2.291066167908436535e-01,7.672810476496701171e-02,1.438485323041509278e-01,2.070913737168370017e-01,3.669084430028530380e-02,3.168800018165136845e-02,1.073583820252414223e-01,1.561501583852835662e-01,3.467027978901425223e-01,5.695154856985931713e-02,2.845435441475471783e-01,1.251518846515475292e-01,5.392466263867747855e-01,2.717631097093982095e-01,5.879496699507686525e-02,2.566128793609452341e-01,1.397059087136333089e-01,2.453464570368630859e-01,3.254154615953794849e-01,1.058979815394809065e-01,1.585625624234894837e-01,8.454094820481361516e-02,4.374265325895262957e-01,4.059910400848496526e-01,1.316180499142547422e-01,3.089244759266280282e-01,6.184854459424866668e-01,6.662110353286809783e-02,2.815992689195606635e-01,3.737131764900633590e-01,1.778315047158223472e-01,1.028310928060254814e-01,9.398326462053831210e-02,4.702909142733798786e-01,2.038873779613710746e-01,4.686523279529269392e-01,2.913056816018449457e-01,4.194717627754375733e-01,2.747580238866860758e-01,2.778564435297389834e-01,5.493736591291187299e-01,3.008997002444665503e-01,5.317011528046449165e-01,2.396238102033659556e-01,3.427528434688575376e-01,3.669573061311598994e-01,4.587237088343153468e-01,2.631352147074974557e-01,1.874613342420256012e-01,4.226780895569020591e-01,2.165185665199068077e-01,3.643906171967813412e-01,1.280875622843861139e-01,5.048924924575646234e-01,3.074834327961038505e-01,1.786298999588976366e-01,1.093738335174143095e-01,1.642805646389028026e-02,1.037513386520045461e-01,1.098063363407385251e-01,8.257960601162679659e-02,1.821917686393281222e-01,1.033069161543210129e-01,6.049544235854542595e-02,1.965799676394853479e-01,1.162948867038455514e-01,4.967350667560308658e-02,1.071602830448607421e-02,1.218804562264359098e-02,8.120273532979857198e-03,1.941501534149389294e-02,5.148075882311163587e-03,1.898593817040706080e-02,5.542239336078869615e-03,2.037196349433547000e-03,2.166512216128255262e-03,3.878543209340772503e-03,1.732055499097182386e-02,2.047342083221455680e-02,4.004862483228602971e-02,2.088679728712371231e-02,5.623117863618475043e-02,1.122527515025914246e-01,3.771306505598012032e-02,1.352905015178232015e-02,2.652212569698786035e-02,1.332900254842087073e-01,3.300557682874546289e-02,4.712612331358907725e-02,1.573727812795528980e-01,3.369359840183979715e-01,2.414666861789598051e-01,2.699107031515667332e-01,1.435061345481641326e-01,5.520678610955676024e-02,5.714758854081561923e-01,3.233561077417356211e-01,3.986081297693144232e-01,8.077836791800659111e-02,2.271319891701792104e-01,1.934672694730340259e-01,1.089516976885434307e-01,2.693071101002281198e-01,1.719388687796043202e-01
7.289022516256181417e-02,2.798949619394406896e-01,5.175682760368053303e-01,6.963985926975102547e-01,5.632444049647880036e-01,7.460908284033355153e-01,4.445534838165975389e-01,0.000000000000000000e+00,8.041052730375052304e-01,8.350885314792868552e-01,4.138303938438452900e-01,6.360631722163057056e-01,2.548127168645826224e-01,5.372282248242233882e-01,7.986804097357567134e-01,5.722132227793744752e-01,2.666686438961161087e-01,6.386877805100792393e-01,8.166957666480385569e-01,1.791620835248835808e-01,4.127744476688499642e-01,2.976556478953725215e-01,3.135451880398834601e-01,4.718075308780668164e-01,2.645399579979621496e-01,5.176939775943460997e-01,2.347637165017865124e-01,3.341591471736104491e-01,1.610940156717866611e-01,3.405117716744618939e-01,4.817539590193053306e-02,1.221008704829631697e-01,2.021373588478080352e-01,1.440987821954664849e-01,2.779916989819855022e-01,4.970306696100912358e-02,2.503646736791989014e-01,9.100635751407376572e-02,1.000987399239377795e-01,7.357920086679112237e-02,1.525816314813520091e-01,2.299237852636575874e-01,1.148326236485611856e-01,9.964988038611949372e-02,5.223191648966966083e-01,3.955697038844530611e-01,1.993176833539009041e-01,3.783462975816254681e-01,4.118782400151501655e-01,3.705650022480261319e-01,1.025952169638553735e-01,2.850150597825244492e-01,2.149996047465226046e-01,8.030893155435138431e-02,2.653713267528518549e-01,7.455969063423507903e-02,6.887846462050426499e-01,1.981461651231296306e-01,3.901858580873313054e-01,1.473682517203922515e-01,2.392541643096967596e-01,2.592250542303711214e-01,4.929738171725361329e-01,4.223778081895970260e-01,3.346319554813466379e-02,1.354463081108159550e-01,1.180141055498773461e-01,4.393795162925454578e-01,2.479532616616074714e-01,3.681533514032744869e-01,3.875949369608824857e-01,5.360445812298413326e-01,3.384723729554702798e-01,3.113398490784572425e-01,5.303266588976082163e-01,3.584170571281364293e-01,4.937181147821131932e-01,3.620035765153616358e-01,5.831986193178398947e-01,4.152087561505845570e-01,3.629378496033952017e-01,3.366226918105054700e-01,3.380612286589889659e-01,5.113413715880689159e-01,2.833442414123458208e-01,4.655329712663200947e-01,2.597411141845900606e-01,3.630605189936770283e-01,1.779721919264888874e-01,5.573052308862889159e-01,1.503921116541207526e-01,1.293721587117913630e-01,4.359969861701706167e-02,7.514930892997843948e-02,8.681289877252641729e-02,4.925693247510699868e-02,5.919204653369698581e-03,1.103847140990523723e-01,2.067476272003772667e-02,6.707375791010901367e-02,1.757789911792934437e-02,1.862792407074272474e-02,1.040649249592942235e-02,5.420678926419815469e-02,6.295910487564747304e-02,6.394912559372542549e-02,1.173093059571428259e-01,1.973961045382682244e-01,5.121439913698544455e-02,1.815319391284598016e-01,1.420254472977748872e-01,1.091305490232793995e-01,6.203722602899741645e-02,9.681839528259918171e-02,2.001649169896697888e-02,6.617768006917074119e-02,2.057653125271407396e-02,7.629189418366205157e-03,7.739940642625516010e-02,4.620263769263764642e-02,1.755805605861293917e-01,6.238512440475002530e-02,3.642177258438671072e-02,7.350071164030326509e-02,1.062898156872863625e-02,2.451468325709560692e-01,2.596957317922275466e-01,4.087768762545016532e-01,2.165712457175603955e-01,1.265322499848535731e-01,3.381503177055696363e-01,3.086670074243000883e-01,1.100847914076024114e-01,2.092200340109900691e-01,2.415259549251937143e-01,1.324583613779032470e-02,1.230633562844868356e-01,1.255196714641566569e-01,5.743198545091881928e-03
1.145600862420966259e-01,5.121423226082909563e-01,3.152260921892123258e-01,5.448084885911121944e-01,4.559189535869313525e-01,4.487611453870319900e-01,4.339945582777897104e-01,8.041052730375052304e-01,0.000000000000000000e+00,4.101568077066043982e-01,8.167586223513648713e-01,6.223656447372248879e-01,5.391606063661292803e-01,4.487875196707039049e-01,1.395772633746164282e-01,7.045900857631499647e-01,4.407702959906916185e-01,2.818356092130142043e-01,4.756510914035849136e-01,7.080413729029144676e-01,2.908625910798230407e-01,4.262842127164369055e-01,4.031744973917399943e-01,2.265097801557057200e-01,5.483040590852387153e-01,2.496037677125801657e-01,5.050243986963073306e-01,2.210589254622387090e-01,3.833478936813456417e-01,1.991350029468039462e-01,1.444174112294617507e-01,2.678193958802822516e-01,2.317088615005358787e-01,9.787251455433854108e-02,4.648568269688922033e-02,2.397594591741140646e-01,6.732526650056996909e-02,5.086290339466956884e-02,1.041701749505470204e-01,2.032534935287811165e-02,1.210548360788741978e-01,1.541237398136338921e-01,1.463217945288762256e-01,2.101328414355026208e-01,3.333100892398167536e-01,1.978207863995574689e-01,3.035821074260729446e-01,8.440792321228932082e-02,2.539445801708121730e-01,1.363211599688886333e-01,3.197504774116147752e-01,3.713149818673708302e-01,7.476761767293868544e-02,4.453388395272684930e-01,3.063715024181735691e-01,2.867745178829532726e-01,1.846742521411564031e-01,5.647541937414123359e-01,2.359503941018448736e-01,1.909945445740275360e-01,2.932018766350483752e-01,3.906673897334526080e-01,1.623331063040846234e-01,2.120155174429102507e-01,3.708839820413447064e-01,2.032044922769656314e-01,2.807032476380223462e-01,1.612315113202504868e-01,2.293934209376189415e-01,3.302535403064669750e-01,5.644764270584321508e-01,2.822856900780485456e-01,2.193458975534651745e-01,5.874364486824446008e-01,3.161957328206675966e-01,3.823714444426057346e-01,3.486577298363894295e-01,5.403864976629065842e-01,3.541715567451300117e-01,3.936219549713184662e-01,4.930270767285221956e-01,3.482666723618166316e-01,4.160851330225203148e-01,2.649594553463450741e-01,4.668790344482852683e-01,1.677834593778474159e-01,2.007062483496520056e-01,2.203294280901814950e-01,3.368090035337515942e-01,1.844598053750582389e-01,7.451345597149684752e-02,4.868107239309579781e-01,1.860797050953816312e-01,5.069881664334337928e-02,8.875534587447982127e-02,1.904149752833571851e-01,2.182484854003166885e-01,5.081618828366180757e-02,1.615669264712805142e-01,1.230984152910595403e-01,7.715474438450925510e-02,6.914023662975472828e-02,3.316827452593525214e-03,2.090307864127056645e-02,9.949425981070656594e-03,1.916179190529283469e-02,6.262070631835868484e-02,4.742948688798024476e-02,2.585244211612195211e-02,2.050071767508205578e-01,1.440179154757564028e-01,1.054178055024450472e-01,2.455934531494846085e-01,1.394872808896733540e-01,1.482457451325950581e-01,2.064355465480274265e-01,1.052595299433428389e-01,1.344631312896910069e-01,1.478119067862894986e-01,5.320308382251368734e-02,5.434680724635702030e-03,5.421682155628250455e-02,6.048725061883113152e-02,2.314464488372487694e-01,2.335841781885552026e-01,2.877477025939996214e-01,1.094680107299978722e-01,1.521045471335676358e-01,1.228426965544241883e-01,2.201206811253323958e-01,3.724717184510752399e-01,3.473528829127395245e-01,3.692079006631517335e-01,3.330254166848407582e-01,1.028559599259564888e-01,1.731555972374924368e-01,8.888190773755010043e-02,1.075247752324749728e-01,1.272444780853699831e-01
5.071932006089461265e-01,5.267595065314012448e-01,7.662340050603093644e-01,5.200999163981177009e-01,3.772484433359513112e-01,7.794851751280282848e-01,3.590338840828214972e-01,8.350885314792868552e-01,4.101568077066043982e-01,0.000000000000000000e+00,8.735781340110314597e-01,8.610068408860680478e-01,5.017373047033697464e-01,7.589668991131018894e-01,3.319545770495140324e-01,3.305074104383046718e-01,8.945479572532792911e-01,7.004630826086518658e-01,5.499885647350348794e-01,5.473209151861497812e-01,6.520059519311257601e-01,3.851273169390236895e-01,4.048296252841404042e-01,3.204458803332391192e-01,1.520425368895224616e-01,5.546521487553247587e-01,2.217142535890749555e-01,4.337545017129644243e-01,1.829988673065777449e-01,4.917355658243460770e-01,1.305777752120535762e-01,4.285571678992243227e-01,3.160166692075299100e-01,1.765390370839853562e-01,1.283895588889675254e-01,1.148947026465071547e-01,1.731188295299636026e-01,8.704027439539241406e-02,2.490625648143832138e-01,2.106427792051310949e-02,5.085254878884982316e-02,1.708014349009133181e-01,5.296911471774323754e-02,1.004302165148703851e-01,3.326414706365178331e-01,6.644823705753643006e-01,1.200269523230673707e-01,5.242575558938330493e-01,2.626610195175092533e-01,2.210108879447884866e-01,2.442676718979886474e-01,3.935439223736926784e-01,6.739209454907179042e-01,3.840454348423531505e-01,5.647321710755655033e-01,2.050048773008196212e-01,3.642325673733366465e-01,2.983013900819663777e-01,4.486904784876624142e-01,4.129948317705960936e-01,4.724949697266507265e-01,2.772756316763896889e-01,7.672550536409827870e-02,2.459673280451855903e-01,2.079638819891510004e-01,1.652385639680715168e-01,2.731514354665904448e-02,1.575896917922819385e-01,5.276930124085674745e-01,5.871785052962545937e-01,2.347894547537105470e-01,3.049142914946414984e-01,6.705955039903837012e-01,3.148597058320617981e-01,4.384713920824068190e-01,2.806916768669484030e-01,5.278000633112037709e-01,4.275564346101600188e-01,5.511350777048789062e-01,3.108602557801072308e-01,3.261880225327352112e-01,6.470127343530468478e-01,3.231422459548755621e-01,6.200367269975777251e-01,2.147586462199421176e-01,3.529957120694842687e-01,3.077811850669713301e-01,4.845713584835519283e-01,2.290143910708562769e-01,1.879342328264416162e-01,5.839080652225477897e-01,5.518061122300139676e-01,4.888281420776082742e-01,1.200853899885004072e-01,2.675783970594527439e-01,3.680211955900172804e-01,6.443820695109109264e-02,1.774290145785835104e-01,1.412602881139779498e-01,2.668276068412315724e-02,4.177321748520314987e-02,4.674323770518361981e-02,5.491286250339610757e-03,5.457845442853857983e-03,3.646865286199062715e-03,3.653003211818831031e-02,4.660699161824311682e-02,1.913843255237038590e-02,3.788050785443008300e-02,9.232824589058713505e-02,6.663890869814681484e-02,3.146895831874831073e-02,1.680583543990221418e-01,1.183256688265491435e-01,4.426241104516793340e-02,7.901727065017698226e-02,7.864623831158049083e-02,3.772068533459032452e-02,1.966518329309941415e-01,3.074523508452625328e-02,3.360523922542262443e-03,2.044327272291117381e-02,8.356106426116147179e-02,4.639166624462726096e-02,5.301437345837731741e-01,4.615766977174623475e-02,1.879233027271285661e-01,3.122848290191019283e-01,1.915065386982648110e-01,3.135134068376169147e-01,1.737029802193929551e-01,1.103675893993343038e-01,1.631619280823888851e-01,1.298983885732213073e-01,4.375915498119565400e-02,9.230961269974215233e-02,8.027543684302406238e-03,1.047373956711996901e-01,1.716515875202723890e-02
1.190626995854346809e-01,6.583765492374128725e-02,3.953477178247370438e-01,7.689580123906234466e-01,2.755073138789911336e-01,4.736195930509403129e-01,6.704484831604732298e-01,4.138303938438452900e-01,8.167586223513648713e-01,8.735781340110314597e-01,0.000000000000000000e+00,3.693543758454399528e-01,3.277128199783096996e-01,7.401687488217362221e-01,7.943344085326302650e-01,2.179756803363547824e-01,3.607747297024946342e-01,8.298722444859055747e-01,4.398394963970551075e-01,2.961925385581883896e-01,3.858424561236992179e-01,3.386072174998435713e-01,3.067219785368780482e-01,3.355065639823211487e-01,2.108762325429924533e-01,2.405585287758722490e-01,2.852214204587694701e-01,1.958276342198547737e-01,4.706649452407046796e-01,3.089963677943825537e-01,6.958465765557739213e-02,3.980779505645529737e-01,1.895641979234363173e-01,4.808499554855548419e-02,3.679025945968735223e-01,2.919871925117501488e-01,1.829267125160340679e-01,1.575320403314568740e-01,1.619923390525466744e-01,2.359295308430350152e-02,4.485097032252621102e-02,1.030227754656336814e-01,1.919793309141080984e-01,3.337743408476885332e-01,2.766045033571947753e-01,2.638714141126368568e-02,4.328850759174112106e-01,4.491515880558874518e-01,6.219626009360388480e-02,4.061198987095136492e-01,4.510157092730352479e-01,2.221860602479709124e-01,1.010222504512007513e-01,3.121569008489209485e-01,3.462339296990197823e-01,7.426206212380227767e-02,2.611107938253862115e-01,2.211264073297904142e-01,2.380534844536073558e-01,9.628665417811411997e-02,2.299503995403582024e-01,6.073247807381466912e-02,4.089358227771225929e-01,4.917211736165322256e-02,3.434066112353171274e-01,6.954994269023898057e-02,2.270521155468885610e-01,1.579476418778369973e-01,3.552063192753858734e-01,3.045939653317127349e-01,3.163567231511362210e-01,5.629344720000125646e-01,2.478181426566839762e-01,3.836675981070095665e-01,3.083890728489655508e-01,5.180916415563716626e-01,3.512820276526800178e-01,5.004677106154407085e-01,3.375540416206405103e-01,3.411361799329290512e-01,3.666586727018831815e-01,3.438728670954364630e-01,6.188207850525737630e-01,2.353296092099493864e-01,3.154086220988023270e-01,2.975984496706635674e-01,3.126136016362515702e-01,3.268394927910844294e-01,1.488937068935621277e-01,4.636523993282740119e-01,2.359998808933516101e-01,2.000873642692648224e-01,1.442573634559478346e-02,5.826982761362393959e-02,3.453161965905362368e-02,1.653868811888322549e-02,1.167702423278533727e-02,3.087151264195314021e-02,3.737332398264009339e-03,5.756764805396931417e-02,3.317456680195009222e-02,2.618856932990042477e-02,5.100501414789829213e-02,6.133507351839981303e-02,5.301917973779760734e-02,7.007742318257023650e-02,1.194113875599823460e-01,4.830546829759431449e-02,3.755513869216318273e-02,7.234837160657217603e-02,5.665304482320580176e-02,2.186396981743671253e-02,3.749530743235216651e-02,5.530787991342655391e-02,1.066115207277567971e-02,6.793099200417018757e-02,1.093457495564960184e-02,2.126544933049346123e-02,1.641249263402042025e-01,4.860869143906977607e-02,1.675038334480927482e-01,1.109341073237540276e-01,3.625841547618861155e-02,9.948497688822086071e-02,1.977756675086108501e-02,8.597870063456534984e-02,1.294671813460210597e-01,1.870587466122193565e-01,3.280944997547665665e-01,2.481016447801557001e-01,2.060165364988109094e-01,1.325069056573428827e-01,9.231246566394935016e-02,5.084880736947543917e-02,3.699828411933053784e-01,4.472277756422948780e-02,1.926155404730818255e-01,3.148567727561465412e-01,4.627550549686469672e-02
