0.000000000000000000e+00,5.520445266626056863e-02,2.900473001610597359e-02,5.975956735778954754e-02,2.074633057139019937e-02,2.175690992623245321e-02,2.426953572862916575e-02,2.534930368176488338e-03,1.388528418597739138e-03,7.545720522274285136e-03,2.397491567375614665e-03,4.249676270196715670e-03,1.337821274608043008e-03,3.799251228653913420e-04,4.897730528277177741e-04,3.276756965126097773e-04,1.221796189932833386e-03,7.445327337980701650e-04,5.337341476363151836e-04,6.358098268163738138e-04,2.627952611625984473e-03,3.397938227084277250e-03,2.289281568326187108e-04,3.656659664198711477e-04,1.049584475123104379e-03,1.081882301662947165e-03,2.116202359728309827e-03,8.835544744638138773e-04,1.502346588805392787e-03,7.011341465376326812e-03,4.231257548286982209e-03,3.834923850802176171e-03,2.994061417101630262e-03,9.261717654953348106e-04,1.670426942210766251e-03,5.364922010190074963e-04,3.198148023445433687e-04,3.397850804885893181e-04,2.020154279033030376e-04,3.493070057491683210e-04,7.919118405943533076e-04,1.598333823054026584e-03,4.481808553206281884e-04,6.582219738267422937e-04,9.404301439373362456e-04,2.279139077850974432e-04,1.574732361076604074e-03,3.890504568678307276e-04,8.010824047721075945e-04,7.311778755923672296e-04,7.150836963609677336e-04,8.890718202881198315e-04,1.016879615622798662e-03,3.835133311650758161e-04,9.417664988629820873e-04,1.102753811412584412e-03,3.696764197132377866e-04,4.083289055678638170e-04,2.688500627079317318e-04,5.741306923258462360e-04,1.871610779962340704e-03,4.301088543871187347e-04,2.372841394776720745e-04,1.044233890608596950e-03,4.413982512113927975e-04,1.845361860740692215e-04,1.480061059644622104e-03,1.169175443401836894e-03,3.605543808282141963e-04,2.193794883509597835e-04,1.376671167840615693e-04
5.520445266626056863e-02,0.000000000000000000e+00,5.214470361806750748e-02,3.316946983365748336e-02,5.886472197835874304e-02,4.235410932487664037e-02,2.733281154997916490e-02,9.211592425844810153e-03,4.031183101342445535e-03,3.045727109675927437e-03,3.323785781248694317e-03,1.573652381927787827e-03,1.753366052851348207e-03,5.062144990390704319e-04,1.789939277706339038e-04,7.636187898686399829e-04,9.183385942112540831e-04,2.022799017389686842e-04,2.048712620598388602e-04,1.174447406607578674e-03,1.105719664334545290e-03,1.291777105723615439e-03,3.777232885793612013e-04,1.035793574147099569e-03,1.144194241597079002e-03,5.208362959836894878e-04,3.039258409655307049e-03,7.081292059952274363e-04,4.560346409700705497e-03,5.426468861592282159e-03,2.843629378032213467e-03,1.997232869137628448e-03,4.057742511310773702e-03,7.047994852414304640e-04,3.719893757008422251e-03,1.317369978801069368e-03,8.466162238775707923e-04,5.678829709907074570e-04,4.159908858089862000e-04,5.976325552183873926e-04,1.015681145341939704e-03,1.247762402065118311e-03,4.587739042767600734e-04,1.573433053557610553e-03,2.561278497791041084e-04,1.685438468988618597e-04,9.533643271405050626e-04,4.518968148037871293e-04,6.916931445232175641e-04,6.794932339957876792e-04,5.069045112309788527e-04,9.783864364689748207e-04,8.314127373955591252e-04,5.547996041844155228e-04,9.197691755213703016e-04,3.636670691860793099e-04,2.313294286196830205e-04,7.913868697484678421e-04,3.345424121047975625e-04,9.605386332363155272e-04,2.696435161944653498e-03,3.739858448909980028e-04,1.288802961955689392e-04,1.230341876120015921e-04,1.521313562953613028e-03,5.916044085245605573e-04,7.958994740808958282e-04,1.104922589552365195e-03,1.194032794489433696e-03,1.026743586714556162e-03,2.831605024904408239e-04
2.900473001610597359e-02,5.214470361806750748e-02,0.000000000000000000e+00,6.456998365134694606e-02,5.158891664776940611e-02,8.820747865469666382e-02,2.645541915893169851e-02,5.688502288566429227e-03,6.247410568017977388e-03,5.828515038299359602e-03,9.351729300030709943e-03,4.892501909178281760e-03,3.193255852197367673e-03,2.041101614326540185e-03,4.887973620381749545e-04,2.718918316510131761e-03,2.882355224220156838e-03,5.138983031553280350e-04,8.384471792458266003e-04,7.865305577399034354e-04,1.244727864274338021e-03,7.003816060966357344e-03,1.044343461330482590e-03,2.397725701839210953e-04,2.517636592938080758e-03,1.791780731789711489e-03,5.774687300396768794e-03,3.593350501143444814e-03,5.219241814671254399e-03,1.309313944643583638e-02,6.250835374068682004e-03,2.209617300535688875e-03,6.589273884911930716e-03,3.569334918777789054e-03,2.478055856789345909e-03,4.727885932108596935e-04,7.081112128387224329e-04,1.513839660581049176e-03,8.405810505345234730e-04,3.097518227861630231e-04,1.252363466471109830e-03,2.147835319497335771e-04,1.497949132528845258e-04,7.069692408499394934e-04,2.378360842324082165e-04,1.662760401763999779e-03,2.017433811840270690e-03,1.496393300115122799e-03,1.810776889462282959e-03,4.448366633302726705e-03,2.770846750600600757e-03,7.429011505288734586e-04,3.537316960453569092e-03,1.586239157771796851e-03,2.230654911982549258e-03,1.178910062974801616e-03,9.750285897730318063e-04,6.616621540230767720e-04,9.303541937600251586e-04,6.462024729881943102e-04,2.208742279156095459e-03,7.631246747181567869e-04,5.246580935062038686e-04,8.657179788346807412e-04,6.766489970781806168e-04,1.096934563070312094e-03,8.971370225897520086e-04,3.003578186824551184e-04,3.981834892872233465e-04,3.398912544265231869e-04,6.053436863145453912e-04
5.975956735778954754e-02,3.316946983365748336e-02,6.456998365134694606e-02,0.000000000000000000e+00,2.535067499778757144e-02,3.523958604671036110e-02,5.512701085927798617e-02,1.029711473602728210e-02,1.881876175731665539e-03,6.784302683215188284e-03,5.364547721573445851e-03,3.642233509206393560e-03,2.316493308865719657e-03,1.794598536638077621e-03,1.198713133132511214e-03,4.463992925302700198e-04,1.351379105232163686e-03,8.583795220934072870e-04,2.258434396443057338e-03,8.931568893499283214e-04,1.145333084829612200e-03,4.233860572231264857e-03,7.779621340677749918e-04,3.754759548591955699e-04,2.165116877677336540e-03,1.158031406817749314e-03,1.182015389845368029e-03,8.882060389103127972e-04,4.321332670175026362e-03,4.290186426029268807e-03,1.786464677206042089e-03,3.022465583138566302e-03,1.646865151630379004e-03,2.889336886941219740e-04,2.123521523070207116e-03,1.088660351307304186e-03,1.070104198510789728e-03,3.282991177635923301e-04,1.454301249051672806e-03,1.064139775972535330e-03,4.118621712416622701e-04,1.783762028640041662e-03,1.726314714858575119e-04,2.245651430248524346e-04,5.263356680470999060e-04,8.916779377173480060e-04,1.977508328798617890e-03,2.960159941560223744e-04,1.313073605563277145e-03,2.648355796445883009e-03,3.235787007293511666e-03,7.888451358859648477e-04,1.846968223761073953e-03,7.585269374543081181e-04,4.193947636097640334e-04,2.433242447588122338e-04,3.757476975001300878e-04,3.480359823295673099e-03,1.087087832120526816e-03,1.889451915975163447e-03,1.591057599870739341e-03,4.550355367391033137e-04,1.354462466049221421e-03,1.346864389972155180e-03,9.064797889983661726e-04,7.146160899158445759e-04,8.391735684772629001e-04,1.884328439190645008e-03,2.096787958382794262e-03,1.783788309289609242e-03,4.646240982012580134e-04
2.074633057139019937e-02,5.886472197835874304e-02,5.158891664776940611e-02,2.535067499778757144e-02,0.000000000000000000e+00,5.134855570293231364e-02,1.778832695713913545e-02,5.544087109054070261e-02,1.113075767336841292e-02,2.784064306329208857e-02,1.003076782754669209e-02,6.152678997180933279e-03,1.282211456172217476e-02,2.318939077872181689e-03,2.602632439566183488e-03,4.115194389491545757e-03,2.538741673513195910e-03,4.470787281610217722e-04,7.959621163512143553e-04,1.425586371337644398e-03,4.855705457041367733e-04,8.610247540967551480e-04,1.696606411383791641e-03,4.740948613958744884e-04,2.190928934823020615e-03,5.708809363346558155e-04,1.194401673920444940e-03,1.184394033005443285e-03,3.351263711384548215e-03,5.498691162757441200e-03,1.743972101690233157e-03,5.016705786669575177e-04,3.221000489416683734e-03,1.136235542603644937e-03,1.734786371036632939e-03,1.949609421023175459e-03,1.363795491904273502e-03,1.313436356622068538e-03,1.711618439206468486e-04,5.919776661694370378e-04,3.357937012709987651e-03,3.303750865830438967e-04,2.748303128552086953e-04,2.387053682257769035e-03,1.337486983555748708e-03,3.727337305941816857e-03,6.212594064597244756e-04,1.741132301122283845e-03,1.798550093155883178e-04,7.407955521243437874e-04,3.871578011429765639e-04,1.985499574328534165e-04,1.009941517209526169e-03,1.022491893479140872e-03,4.643039129666799605e-04,9.571933572449317250e-04,1.798126385011728650e-04,1.774923247336831220e-03,1.962279869810326129e-03,1.836270154874918535e-03,1.857117765455210210e-03,1.006628735397719363e-03,1.103948126476115166e-03,1.543421589814303904e-04,1.720565922670306332e-03,6.172626939535994861e-04,1.000048423053406235e-03,2.001446803282414151e-03,9.822854971745864985e-04,4.748910461471214607e-04,1.899744811130902114e-04
2.175690992623245321e-02,4.235410932487664037e-02,8.820747865469666382e-02,3.523958604671036110e-02,5.134855570293231364e-02,0.000000000000000000e+00,3.311064941366429620e-02,3.434223869056825945e-02,7.546646311408065910e-02,2.457327755833125377e-02,2.085914941083395063e-02,2.075533631764641101e-03,4.841274688552897436e-03,1.346343245363494992e-03,1.364526962636091736e-03,1.053077779530275536e-03,9.719975800822305660e-04,1.739385324843621379e-03,1.668460302044433383e-03,2.834811207163162074e-03,2.702428947475660963e-04,1.109818715188048803e-03,2.331396301765247241e-03,8.472564705950253036e-04,2.816046067755565482e-03,4.325169821069352501e-04,3.044346751937504307e-03,4.022731773903762999e-03,3.926122605577423916e-03,8.929480714743783312e-03,6.536425511039513012e-03,5.125699517819475720e-04,5.449478112765404440e-03,3.706458392418313704e-04,2.646211557151518048e-04,3.633737861949220497e-03,2.488202816912339437e-04,1.327911643120150646e-03,1.773757305205681412e-03,1.014908094496904138e-03,5.732851668128568058e-04,9.354981454043021991e-04,9.305688979924331243e-04,1.033344636735389300e-03,1.959531955195567749e-04,1.001195787823593334e-03,4.458911656194871091e-04,1.198883346274871522e-04,2.837824496018281537e-04,1.343600020895391615e-04,9.134174069760906583e-04,5.990676262403363912e-04,6.329742505039305479e-04,8.578496929039235207e-04,7.948175778087543646e-04,6.802805091234520683e-04,1.827472512641868966e-03,6.437972055251753182e-04,1.063684350832625825e-03,3.201684161994393808e-03,5.442607145124804015e-04,1.120440883758154005e-03,7.888159336215740417e-04,1.881028406744212939e-04,4.916117132917984358e-04,5.010113972742598126e-04,8.468305746156386217e-04,1.376265761847064598e-03,1.198828035364304240e-03,3.109765627149598324e-04,4.147962059199125141e-04
2.426953572862916575e-02,2.733281154997916490e-02,2.645541915893169851e-02,5.512701085927798617e-02,1.778832695713913545e-02,3.311064941366429620e-02,0.000000000000000000e+00,3.385177225063901174e-02,2.287891427548240791e-02,5.382874751786350526e-02,1.593468273111474029e-02,2.758185742275139594e-03,2.345995973443347656e-03,4.249658215445217997e-03,1.525078849355688453e-03,1.135267182852909597e-03,4.290592973902040692e-04,2.549927028556229439e-03,3.241511212305509849e-03,7.921419636066883698e-04,3.517698591538156766e-04,9.595846520645383033e-04,3.384350156786766241e-03,2.658683130667774570e-03,3.221312562151740135e-03,5.820863876333092803e-03,7.127767772901293227e-04,4.544541821396215508e-04,2.480108932998054214e-03,5.636015163982162346e-03,3.395378745255111966e-04,2.130128496727628877e-03,1.924001475095121500e-03,1.615263103153654701e-03,1.751358901032037995e-03,1.596065808716176735e-03,2.253288746165577668e-03,9.568927840296843684e-04,1.017020306943992132e-03,5.666401424840115508e-04,5.361461753377956465e-04,7.174180251653054351e-04,6.262226518550357245e-04,4.502569426610214054e-04,5.785528633232180085e-04,3.351256057097030169e-04,1.638644465067949077e-03,2.350632961240275976e-04,8.287336826893887528e-04,5.250910602544284992e-04,3.595488065583123116e-03,2.880244520132841215e-04,7.620525822245424914e-04,2.737017562296105086e-03,7.643338932116912040e-04,1.874066004282982142e-03,3.954880024537701976e-04,9.065995289122100479e-04,1.351232188596058863e-03,3.472476267187152126e-03,6.480276023188120352e-04,5.269995351615538526e-04,3.468381180087129652e-03,1.441238184631925701e-03,2.905209632707404007e-03,7.593071658791381972e-04,4.099834019084243959e-04,1.740078060393326345e-03,6.456902632867486105e-04,7.819718502842904709e-04,1.027197030197648077e-03
2.534930368176488338e-03,9.211592425844810153e-03,5.688502288566429227e-03,1.029711473602728210e-02,5.544087109054070261e-02,3.434223869056825945e-02,3.385177225063901174e-02,0.000000000000000000e+00,5.150872044214728496e-02,4.899621909870593289e-02,5.328486379057287975e-02,3.176960085681515555e-02,3.808141798837066938e-03,3.124905107243861231e-03,3.265813012110083992e-03,4.526663863064148141e-03,7.757062095381821697e-03,9.323037351197214920e-04,4.518207502875970678e-03,3.793350524831560176e-03,1.196151253868392352e-03,4.726539430842288149e-03,1.304271540016352458e-03,1.817828715400510164e-03,4.299132936205776745e-03,5.540859680298510642e-03,3.267426535982779785e-03,4.580746342772238342e-04,8.002270143045692825e-04,4.158503491712728720e-03,6.612555032441948212e-04,1.867929106826502015e-03,3.199211956542770321e-03,8.183779168858325726e-04,5.439293901941243689e-04,7.912603981819676599e-04,1.756913976367566362e-03,5.641876846661371099e-04,1.097476154724590786e-03,1.273055054645086132e-03,1.069090834673519074e-03,8.087379363180495885e-04,2.482921180909561983e-03,3.733680014113989996e-04,7.498569170359632502e-04,3.111314802636643679e-04,1.673911624800712239e-04,4.193914872000655252e-04,4.628098427766087612e-04,1.764428846466578106e-04,1.662847644180458391e-04,5.951574993392776299e-04,5.344634216750908905e-04,2.936388870380156682e-03,3.852493183574806634e-03,2.926026056283710631e-04,1.761687732644669387e-03,3.082958222413006966e-04,1.255019161296735746e-03,9.643819020300291702e-04,1.981975332873594977e-03,1.133675903889571051e-03,3.956427843224179924e-03,2.542720062744880521e-03,3.321000490539072203e-03,1.069018112577232397e-03,4.182693198950666836e-04,2.230390901662535931e-03,5.634035389162047117e-03,1.639441888930104601e-03,2.219217653667109914e-03
1.388528418597739138e-03,4.031183101342445535e-03,6.247410568017977388e-03,1.881876175731665539e-03,1.113075767336841292e-02,7.546646311408065910e-02,2.287891427548240791e-02,5.150872044214728496e-02,0.000000000000000000e+00,2.441192186693780936e-02,3.183204369750870094e-02,6.461022955123191247e-02,2.947320875439643321e-03,8.546330914921631064e-03,3.453713822395439257e-03,6.045992074601045860e-03,6.938981948346983723e-03,7.168434607771176272e-04,2.349615401964922929e-03,9.458456137666819419e-03,3.661266428912442715e-03,1.203708781468220898e-02,3.531474171853566692e-03,7.153073141359399039e-04,8.515619299812527548e-03,7.452351052292135970e-04,2.652296234949013971e-03,2.447298136283687121e-03,2.504627936268885059e-04,1.003678494844906406e-02,2.125208813988676334e-03,6.635832043136996724e-04,6.073778027613257113e-04,2.871118781798351945e-03,2.318254475479528641e-04,1.876455675157978750e-03,3.265205318880619149e-03,6.414375223890776516e-03,8.715756028195423060e-04,3.657979566103783755e-04,8.475939493249460199e-04,1.051806445116719056e-03,9.442674670626308034e-04,7.282210234948088877e-04,2.186908452216864644e-03,1.799791958192910237e-03,3.039513798361297408e-03,7.196568774539691257e-04,1.821789433612820924e-04,7.348921116232494995e-04,6.493906382096431345e-04,2.285156016556909916e-03,2.030006254911329890e-03,4.246642443188320369e-03,1.700145473575105908e-03,1.085319834520758007e-03,3.292651727627370311e-04,7.361384881261894301e-04,3.331405360105917698e-03,3.248880496331942990e-03,1.208820777702388155e-03,1.882992521373510336e-03,5.229613763247282793e-04,4.885753268169761195e-03,1.697215900891421107e-03,9.811477337297793300e-04,4.236940025565593066e-04,9.195608475894504873e-04,2.941887875043762510e-03,8.790951991600323093e-04,1.020102140935344936e-03
7.545720522274285136e-03,3.045727109675927437e-03,5.828515038299359602e-03,6.784302683215188284e-03,2.784064306329208857e-02,2.457327755833125377e-02,5.382874751786350526e-02,4.899621909870593289e-02,2.441192186693780936e-02,0.000000000000000000e+00,6.760804337217428406e-02,4.095634595836476766e-02,1.106949158113239469e-02,4.207099557498370987e-03,3.629013304306365206e-03,1.421009541439482863e-03,1.444846785889074454e-02,1.430912719206194061e-03,9.320701193277099433e-04,9.261786509136747669e-03,5.636233391458189256e-04,1.518899047315823425e-02,1.537672381532493660e-03,4.536566977781616647e-03,5.295633438652534546e-03,5.049567900545898734e-03,8.369818757011638494e-03,1.194370155653939327e-03,6.558690056750455730e-03,1.048736641382324100e-02,1.798413855351938808e-03,8.845632835626427619e-04,4.169115933620999234e-03,8.225635070141690437e-04,1.846501039594403669e-03,4.179728351174112210e-04,4.553512271558831314e-04,9.807176301005659982e-04,1.241574984637695226e-03,3.300067897981989826e-03,3.812256936808196641e-04,1.465193137193486223e-03,4.873962521102492016e-04,6.433029484726679199e-04,1.529844247008475128e-03,5.560783081270028599e-04,6.622989936566662465e-04,4.538160783000293901e-04,6.301316956231932994e-04,5.453208776989029944e-04,1.528501681375748610e-03,6.265936462638027225e-04,7.010980399246038129e-04,5.002891126093453149e-03,2.583162044448828257e-03,3.377814427293610359e-04,2.507085264832496687e-03,5.731829084070123610e-04,5.211994883150787702e-04,8.907917850564455679e-04,4.307786944499851674e-03,1.755721675647018386e-03,8.646310942151368140e-04,1.193318846417255798e-03,1.515505886104219404e-03,2.611866229018655616e-03,2.085205552053362357e-03,1.698665927975214710e-03,2.827210296763865791e-03,3.309526941735813597e-03,1.913350837227610884e-03
2.397491567375614665e-03,3.323785781248694317e-03,9.351729300030709943e-03,5.364547721573445851e-03,1.003076782754669209e-02,2.085914941083395063e-02,1.593468273111474029e-02,5.328486379057287975e-02,3.183204369750870094e-02,6.760804337217428406e-02,0.000000000000000000e+00,6.253266043571581445e-02,2.317674255214833418e-02,1.384402002696668958e-02,1.305011915488339669e-02,2.964916994266070249e-03,4.855924466754503281e-03,1.889475967439759648e-03,1.020344391139186430e-03,8.972634510395668603e-03,3.101224066421299531e-03,1.673902771157077807e-02,1.161337476173361291e-03,2.043581168668687567e-03,7.064802672244787848e-03,4.173312943883869704e-03,3.009196645687097545e-03,8.620773065852614572e-04,1.851791952615476069e-03,1.063474523466837254e-02,2.819469363408066021e-03,7.523103921846319500e-04,2.372305104067091650e-03,8.028805138977647936e-04,3.221074231802804476e-04,4.408939858607106486e-04,5.411775642886296027e-03,8.702657998633673295e-04,2.483197613388320310e-04,1.912762319289789629e-03,9.402516716243078387e-04,1.146966237352480466e-03,8.924553719008170060e-04,1.436038566724819792e-03,9.424206294819017365e-04,5.397435340512487254e-04,1.186941555153249927e-03,8.582607809922473399e-04,1.408864362281492472e-03,2.232358411210221298e-04,9.108687456193647605e-04,2.728895487046319786e-03,5.558203861389344677e-04,4.184627839984128052e-03,3.516165494169591448e-03,8.796649426167062061e-04,1.797348673119686336e-03,1.779891409445022400e-03,1.316428090419903899e-03,4.253931737573896999e-04,2.815875022891623294e-03,9.303083857195975628e-04,2.230799571027449173e-03,2.097181708967531429e-03,1.426722625143040041e-03,4.960435630008216837e-04,6.442200798025604289e-04,4.677139559952375888e-04,9.935006246289653301e-04,1.052763738111036230e-03,5.769541829130153199e-04
4.249676270196715670e-03,1.573652381927787827e-03,4.892501909178281760e-03,3.642233509206393560e-03,6.152678997180933279e-03,2.075533631764641101e-03,2.758185742275139594e-03,3.176960085681515555e-02,6.461022955123191247e-02,4.095634595836476766e-02,6.253266043571581445e-02,0.000000000000000000e+00,1.033105127469108146e-02,8.006635520128277048e-03,6.401909250694377482e-03,8.193130809993207780e-03,3.742861143181078210e-02,1.001112222414063738e-02,3.655565508135546603e-03,3.749317569659874061e-02,1.283537810134874509e-03,2.141346692792712222e-03,1.535204121921150341e-02,3.678437361265122531e-03,7.473834996756561350e-03,1.296010538867065987e-03,2.039796019223994936e-02,2.680609402258085378e-03,1.183507111742234698e-02,8.487962458177518432e-03,2.210878771488626344e-03,2.286221850978142726e-03,9.861597294325051902e-03,6.646218612130917313e-04,4.439666035899454515e-03,4.131549455435045565e-03,3.497341380120194167e-03,5.735442283142226129e-04,1.044594386375940608e-03,5.520762769441541103e-04,4.570494014044358157e-03,1.549628584626171418e-03,7.701644518434181980e-04,5.734591466717134161e-04,7.869858412657859030e-04,2.622145710511773753e-03,2.499443456610069155e-04,3.869446329993898978e-04,3.353107693671103983e-04,3.442489487857640536e-04,2.731990465900131521e-03,7.742159164728226262e-04,6.162907806027741750e-04,3.859360327168206528e-04,4.986834558021841293e-03,1.311797863712576033e-03,1.556760507909130901e-03,5.591712822234268070e-03,1.290251164252624377e-03,3.170712449581176550e-03,1.446413926503282857e-03,9.441044073551602090e-04,1.444692580129016682e-03,1.127672230258611359e-03,3.140513456058737374e-03,1.077978630320759398e-03,4.301380695408477920e-04,5.281287609033838946e-03,4.393237857583811396e-04,2.312376600864209618e-03,3.095397338684422687e-03
1.337821274608043008e-03,1.753366052851348207e-03,3.193255852197367673e-03,2.316493308865719657e-03,1.282211456172217476e-02,4.841274688552897436e-03,2.345995973443347656e-03,3.808141798837066938e-03,2.947320875439643321e-03,1.106949158113239469e-02,2.317674255214833418e-02,1.033105127469108146e-02,0.000000000000000000e+00,7.315904266519633603e-02,4.310473709238758777e-02,9.640375034612047589e-02,9.723609744005191902e-02,4.333025039592732636e-02,4.729155396142731282e-02,5.784070116861974448e-02,2.689442554342861072e-02,1.109008562311529673e-02,5.361723471249654066e-02,5.057402608309477347e-03,2.037893021488030795e-02,9.820990312438358100e-03,3.241407730076023563e-02,2.310421398611743268e-02,6.188944784799140647e-03,1.640629201534197362e-02,3.955461201434218657e-03,1.222116925862976869e-03,1.001478810738063753e-02,7.898004336786423754e-04,3.650103486091267092e-03,5.004051753156681798e-03,7.187123207452913477e-03,2.401474557387219076e-03,5.344681215653357799e-04,9.644185803464616234e-04,6.554255511642344094e-03,2.764583737300508985e-03,4.442469225674447225e-04,7.083151186512676818e-04,5.642964297873445407e-04,3.202714612100300302e-03,5.743879068827624501e-04,7.915901007018029097e-04,1.086784694913462421e-03,1.097257986674034713e-03,5.015639230671914851e-04,4.949368559922970832e-04,1.159018759564042246e-03,5.984644378401890669e-04,3.204494482589584185e-03,2.657887352505189371e-03,6.250273455960419361e-03,6.817992631278601808e-04,3.492958909865911022e-04,4.824739839512463650e-03,3.659808759483284819e-04,3.431502310821895468e-03,7.776247680079037810e-04,1.883054004487247053e-03,6.113184780832562476e-03,2.068611201748959917e-04,8.145679287412893686e-04,5.312463621507962190e-03,2.881310913868111601e-03,7.715892276840644612e-04,3.361835672507415399e-04
3.799251228653913420e-04,5.062144990390704319e-04,2.041101614326540185e-03,1.794598536638077621e-03,2.318939077872181689e-03,1.346343245363494992e-03,4.249658215445217997e-03,3.124905107243861231e-03,8.546330914921631064e-03,4.207099557498370987e-03,1.384402002696668958e-02,8.006635520128277048e-03,7.315904266519633603e-02,0.000000000000000000e+00,5.041954728061358304e-02,3.118427449661046250e-03,1.309566157291607302e-01,1.106221709913297463e-01,4.345470768536817407e-02,1.857052316534007486e-01,6.826115592424418510e-02,6.248796559814593504e-02,1.877106647005319373e-01,6.369277404576621782e-02,8.981599253039432296e-02,1.991445330461931104e-02,1.337329846411801637e-01,4.728602497519111131e-02,2.239998411652352819e-02,3.498551464670408145e-02,1.151354299435299738e-02,2.578821419255657339e-03,1.679865120935238737e-02,2.245808210584602886e-03,7.162917847725845666e-04,2.857796921748362654e-03,1.264485734531793464e-02,2.217188201979607663e-03,5.577239914516698809e-03,2.874257133275211901e-03,1.197973875919688437e-02,2.480206315292014276e-03,1.873470190371233877e-03,3.499193874118634515e-03,1.265373801138408409e-03,2.705463000258047021e-03,5.376017993365655437e-04,4.593657709753792319e-03,1.470649158533346695e-03,6.531461906852906478e-04,1.245041226654754760e-03,1.089393410131031916e-03,1.390291041955806287e-02,3.823227817073714899e-03,5.951212630093956173e-03,1.195035806690060345e-03,5.934888800470826918e-03,6.304067959866278478e-03,7.105977131350835890e-03,1.526890089536514505e-02,4.502155164811792558e-03,8.589374128623976368e-03,1.466097108931660627e-02,2.799100905082175031e-02,4.597316358202040848e-02,2.691828170970020102e-03,4.067331516909438414e-03,3.264867786870013014e-03,1.505461641020653480e-03,4.145492320740415751e-03,3.128600402358924001e-03
4.897730528277177741e-04,1.789939277706339038e-04,4.887973620381749545e-04,1.198713133132511214e-03,2.602632439566183488e-03,1.364526962636091736e-03,1.525078849355688453e-03,3.265813012110083992e-03,3.453713822395439257e-03,3.629013304306365206e-03,1.305011915488339669e-02,6.401909250694377482e-03,4.310473709238758777e-02,5.041954728061358304e-02,0.000000000000000000e+00,6.153158901058116553e-02,1.607721352592848818e-01,1.132953816977401301e-01,5.728363821578155018e-02,7.765601149459695762e-02,8.473445913353874759e-02,7.287045260673105651e-02,1.169119933611660195e-01,7.434887651791190731e-03,1.596871930506077453e-01,2.147797449648313275e-02,3.112577438866114682e-02,1.332011241462820877e-02,1.720255666976007805e-03,5.109459388191252803e-03,1.346961725538710093e-03,1.412072372823161039e-02,1.028874464996719232e-03,3.090746535540563403e-03,2.729075832828337621e-03,1.007230587216937636e-03,6.268347171727714148e-03,7.034247734735974734e-04,1.413948208858882170e-03,3.013859566032843669e-03,2.365163066133953336e-03,2.635052747155733257e-03,3.345666372507041450e-03,3.197125638633790262e-03,6.534970454522111977e-03,2.681990597499366805e-03,7.896423990758690437e-04,1.963219407646919247e-03,6.492179717904685184e-03,7.037581389766336612e-03,8.122744333947771881e-04,9.551783070476077553e-03,1.613507848237933154e-02,1.911698457951705290e-03,9.814609249746118497e-04,3.631282737637713930e-03,6.775217010265754437e-03,6.656374072525340392e-03,1.479575833996018630e-03,1.117789112686444486e-02,2.987636464143235242e-03,6.282484416501139205e-04,4.215676018372722413e-03,2.294000591882881107e-02,2.623760094646390706e-02,1.108664223466109639e-03,3.530487784926626422e-03,3.123999877475169915e-03,1.034477356435852848e-03,3.433888048943744414e-03,1.780230512721159199e-03
3.276756965126097773e-04,7.636187898686399829e-04,2.718918316510131761e-03,4.463992925302700198e-04,4.115194389491545757e-03,1.053077779530275536e-03,1.135267182852909597e-03,4.526663863064148141e-03,6.045992074601045860e-03,1.421009541439482863e-03,2.964916994266070249e-03,8.193130809993207780e-03,9.640375034612047589e-02,3.118427449661046250e-03,6.153158901058116553e-02,0.000000000000000000e+00,7.774982572476210607e-02,5.901432622542187451e-02,1.210365425692846442e-01,8.599534123519396445e-02,1.677560072719038731e-01,2.723242163134782790e-02,8.647030197114492778e-02,5.413073750665149675e-02,1.126396709486514047e-01,7.653926739981072036e-02,3.417324904160428528e-02,2.658731403546477426e-02,2.623200751765751657e-03,6.428100529627212706e-03,1.304589130130656173e-02,2.694768549513110092e-03,2.201494774109887757e-03,1.687806175947454768e-03,4.823129307967066238e-04,3.166009347455543514e-03,1.231098794696491253e-03,2.840617795556778583e-03,2.129364306796404597e-03,1.318433954905232509e-03,1.308372476154602863e-03,6.369195747918086643e-04,1.961592593283424408e-03,2.091528201164961909e-03,1.358406727036738908e-03,1.042735555192261451e-03,3.402276082877274573e-03,1.038658957683386832e-03,9.748573626259801140e-04,1.017040674931729517e-03,2.666148117691857040e-04,5.770523008254605825e-03,8.514340646222964479e-03,5.973783639393284717e-03,1.764070671101456269e-03,1.828887410682580135e-03,1.347450636502936158e-02,3.601849386535401951e-04,1.897596435726174200e-03,1.535238087888555515e-02,5.187866382858709324e-03,4.029560511467053345e-03,4.826674592623866195e-03,5.800262309709984694e-03,2.722717067098960955e-02,3.674494138723499639e-03,1.065530187697607753e-03,1.435260688664592547e-02,2.766412594605236787e-03,5.572485884714943084e-03,2.828019459523292006e-03
1.221796189932833386e-03,9.183385942112540831e-04,2.882355224220156838e-03,1.351379105232163686e-03,2.538741673513195910e-03,9.719975800822305660e-04,4.290592973902040692e-04,7.757062095381821697e-03,6.938981948346983723e-03,1.444846785889074454e-02,4.855924466754503281e-03,3.742861143181078210e-02,9.723609744005191902e-02,1.309566157291607302e-01,1.607721352592848818e-01,7.774982572476210607e-02,0.000000000000000000e+00,2.478460281261886666e-01,1.874628922233634309e-01,2.530837274083076460e-01,2.013927084463648376e-01,1.326172657556210499e-01,3.218677596077553216e-01,1.530078991253757126e-01,1.576125550052427104e-01,9.545737522376217254e-02,2.685951785826733995e-01,1.153819513530334739e-01,4.795366604023881124e-02,8.779316893685625012e-02,1.469007460897724278e-02,9.374378417054966134e-03,1.831219036952055901e-02,2.419559037203737866e-03,3.237187256206456969e-03,2.775015799268914975e-03,1.572797820409583061e-02,1.138546398608317406e-03,1.467510405442229438e-02,7.110334182643510831e-03,1.106194693291628200e-02,3.792569986795582722e-03,4.490247608592769224e-03,4.553775667170692314e-03,4.728167832269855597e-03,2.383334168628289257e-03,1.511445400763407635e-03,4.458680553534551984e-03,1.187424017191463389e-03,1.843346495152442532e-03,2.026685883435906752e-03,1.487290242052306420e-03,2.616574742065389328e-02,1.453462575124681716e-02,9.932829987857770201e-03,8.704109028677206247e-03,7.692083939684070740e-03,2.029753982819736124e-02,1.157045108275426941e-02,3.107771762477786956e-02,1.738695200200746083e-02,2.095574853705044552e-02,3.573319249976748130e-02,4.567728168927424198e-02,7.502843735771247413e-02,3.643345673167592939e-03,1.744122323428005938e-02,6.556095618408728370e-03,5.152294816636674921e-03,3.631165068256251779e-03,3.643806647384613667e-03
7.445327337980701650e-04,2.022799017389686842e-04,5.138983031553280350e-04,8.583795220934072870e-04,4.470787281610217722e-04,1.739385324843621379e-03,2.549927028556229439e-03,9.323037351197214920e-04,7.168434607771176272e-04,1.430912719206194061e-03,1.889475967439759648e-03,1.001112222414063738e-02,4.333025039592732636e-02,1.106221709913297463e-01,1.132953816977401301e-01,5.901432622542187451e-02,2.478460281261886666e-01,0.000000000000000000e+00,4.435167639418524099e-01,3.071634203221722537e-01,5.670316352123595527e-01,3.798595888326298242e-01,3.177990206726564737e-01,2.149684096190757898e-01,4.262066350377368140e-01,1.824264076268862500e-01,8.983263606924954403e-02,6.009673441765469443e-02,3.887318436589301540e-02,3.145904869940663318e-02,2.295297968579162583e-03,7.961911546582234669e-03,5.311772570323424099e-03,2.111205619299410911e-03,1.532406550740910822e-03,1.554780037544948451e-03,5.673503735877394056e-04,1.853856432688849587e-02,2.246033706961710411e-02,9.805954942987285886e-03,2.092046578958295117e-03,1.697424472931415365e-02,3.961547773190907291e-03,1.125704599894988009e-03,9.159009354310316403e-03,7.017660116236997675e-03,4.105673609297510671e-03,9.952700572092987655e-03,5.737953950089694048e-03,9.345475898105732801e-03,2.760156388917514234e-03,3.471833087473746166e-02,2.259608939594495020e-02,9.013863608657891879e-03,1.554639804044860400e-02,5.215609461595491388e-03,2.922747637048668523e-02,7.951344785375916158e-03,2.128150085557519496e-03,4.706883102563493709e-02,6.450565482031932717e-03,2.357939243240366953e-02,1.657783411939359186e-02,3.539990169435259376e-02,4.171692880553397320e-02,1.221571431230575842e-02,2.858857986499858603e-02,6.311305739184374861e-03,5.814109236093073507e-03,7.494891588397106265e-03,5.287232796863082680e-03
5.337341476363151836e-04,2.048712620598388602e-04,8.384471792458266003e-04,2.258434396443057338e-03,7.959621163512143553e-04,1.668460302044433383e-03,3.241511212305509849e-03,4.518207502875970678e-03,2.349615401964922929e-03,9.320701193277099433e-04,1.020344391139186430e-03,3.655565508135546603e-03,4.729155396142731282e-02,4.345470768536817407e-02,5.728363821578155018e-02,1.210365425692846442e-01,1.874628922233634309e-01,4.435167639418524099e-01,0.000000000000000000e+00,1.940415648605165466e-01,3.713911814481887230e-01,3.650422339244585035e-01,3.789736115239007996e-01,4.670034121471159927e-01,2.574056541078165172e-01,3.779067804093754201e-01,1.397122923890715684e-01,1.516614713339915488e-01,5.066690593346356158e-02,2.250710739346510614e-02,1.911744888396092398e-02,9.878531859665364359e-03,1.104935355569869153e-02,6.149751367015419967e-03,5.561887280708674788e-03,1.175657699760151650e-02,3.504689450732305280e-03,1.203496707523396547e-02,5.954846841936746633e-03,1.568561003533369127e-03,2.904495739753282062e-03,1.208800710280017073e-02,9.278078911301890219e-03,6.569948820766703668e-03,2.468611639690055856e-02,5.099660709075642603e-03,6.728513990811691575e-03,1.373789467141714807e-02,9.381376270697417905e-03,2.825793062431336197e-03,6.820968545186463852e-03,2.026825747433905461e-03,1.292745497309374762e-02,1.519118657276106836e-02,1.856649517570690966e-02,1.927242278010920726e-02,4.705948206612963619e-02,1.334146720608874424e-02,1.555491918511348395e-02,3.066036725095397375e-02,2.037462268392223330e-02,4.165596815975468326e-02,5.511342702702882318e-02,2.007590566335898039e-02,4.058787199349339625e-02,4.783689300244346743e-02,1.527342960471769068e-02,2.279492050247562684e-02,7.200837931988535688e-03,2.009137805799973350e-02,3.282596353162306295e-03
6.358098268163738138e-04,1.174447406607578674e-03,7.865305577399034354e-04,8.931568893499283214e-04,1.425586371337644398e-03,2.834811207163162074e-03,7.921419636066883698e-04,3.793350524831560176e-03,9.458456137666819419e-03,9.261786509136747669e-03,8.972634510395668603e-03,3.749317569659874061e-02,5.784070116861974448e-02,1.857052316534007486e-01,7.765601149459695762e-02,8.599534123519396445e-02,2.530837274083076460e-01,3.071634203221722537e-01,1.940415648605165466e-01,0.000000000000000000e+00,2.958712966675001166e-01,4.107967624543807927e-01,3.102416721827227497e-01,2.916543609333131504e-01,3.997199015184806914e-01,2.423681147741048036e-01,1.585875585115809339e-01,8.065040594595533630e-02,1.029981733503182277e-02,5.086417277340542220e-02,1.243495827467646503e-02,6.496136559177259628e-03,1.031328997428089707e-02,1.476726118751115965e-02,2.128830043354894720e-03,1.557739568301240787e-02,6.117760071457291338e-02,6.043554058674290713e-03,1.444999756688929507e-02,2.605999586108730462e-02,1.860264650621139271e-02,1.020563717337268604e-02,5.822383659444444783e-03,3.232497021268786186e-03,1.224626550684234684e-02,8.771803552366707821e-03,3.277609023516077878e-03,4.947089723766676800e-03,1.882914931522551572e-02,1.843741028997878187e-02,1.160764137337473969e-03,1.111617142207870293e-02,4.925219638772550257e-02,3.539602047585756889e-02,1.118197515839495712e-02,2.964353693553771138e-02,2.501885264503769801e-02,2.690213602820244396e-02,5.248450232382029929e-02,5.660136238804500987e-03,9.669339835956903412e-03,3.368449070273804580e-02,7.785332470044849240e-02,1.030785988329724484e-01,8.323982598659265819e-02,5.481737832790788134e-03,4.352966097111432564e-02,4.222538491249342579e-02,1.416261995428700141e-02,9.098554028054090317e-03,5.079070190402554599e-03
2.627952611625984473e-03,1.105719664334545290e-03,1.244727864274338021e-03,1.145333084829612200e-03,4.855705457041367733e-04,2.702428947475660963e-04,3.517698591538156766e-04,1.196151253868392352e-03,3.661266428912442715e-03,5.636233391458189256e-04,3.101224066421299531e-03,1.283537810134874509e-03,2.689442554342861072e-02,6.826115592424418510e-02,8.473445913353874759e-02,1.677560072719038731e-01,2.013927084463648376e-01,5.670316352123595527e-01,3.713911814481887230e-01,2.958712966675001166e-01,0.000000000000000000e+00,2.392548843024344674e-01,3.736108433077515167e-01,2.982423551817127705e-01,2.496597028126095463e-01,3.302612115680895188e-01,1.012225315843721385e-01,1.437401669363754797e-01,1.058423872502844282e-02,4.272468227350970094e-02,2.003995196080340241e-02,8.630226856274967120e-03,6.797232164687175629e-03,2.014398008775863946e-02,2.755719845976215086e-03,3.169761025947401452e-03,1.398674021114180641e-02,3.050114502031912866e-02,1.743546451552290683e-02,5.367061093351088372e-03,1.496889862899666336e-02,4.085026340468513907e-03,5.537493210698354699e-03,1.058827434939285357e-03,8.660789395772502562e-04,4.897183718238989382e-03,4.687196322479576273e-03,3.216045349320708485e-03,7.698310954659066951e-03,3.314884400302124060e-03,6.204126510816579051e-03,7.456123549350870613e-03,6.836234373810652631e-03,2.847932354164466051e-02,2.906560062496258215e-02,9.562957556517310068e-03,3.994856561433688530e-02,2.941049966824577436e-02,1.062684578823535654e-02,3.814744582887769075e-02,1.434290259125482227e-02,3.653620769952835301e-02,6.308215343118334095e-02,2.719714671306154574e-02,3.137341083937748160e-02,1.663456938837962543e-02,2.295439486684959854e-02,7.936044483583796008e-03,7.577414555483822332e-03,1.476205557564572168e-02,3.291273576181836559e-03
3.397938227084277250e-03,1.291777105723615439e-03,7.003816060966357344e-03,4.233860572231264857e-03,8.610247540967551480e-04,1.109818715188048803e-03,9.595846520645383033e-04,4.726539430842288149e-03,1.203708781468220898e-02,1.518899047315823425e-02,1.673902771157077807e-02,2.141346692792712222e-03,1.109008562311529673e-02,6.248796559814593504e-02,7.287045260673105651e-02,2.723242163134782790e-02,1.326172657556210499e-01,3.798595888326298242e-01,3.650422339244585035e-01,4.107967624543807927e-01,2.392548843024344674e-01,0.000000000000000000e+00,2.485024462228680453e-01,2.131619165508708280e-01,2.613842947521382021e-01,2.320162601478924225e-01,1.346690080073147666e-01,6.880646808801567371e-02,6.347586636768338952e-02,3.287146677627765523e-02,1.935731054155663544e-02,4.181672586546286013e-02,5.899476692663951222e-03,2.676082695822517080e-02,2.655555286283797778e-02,1.441242723478006887e-02,2.569980526202826632e-02,1.498016691315259656e-02,3.538126132000904943e-03,7.356878166007777692e-03,2.718973684631602675e-03,1.111013370331753042e-02,3.825529635861257566e-03,8.258359166745693480e-03,3.730073286648909886e-02,1.745989318018085915e-03,3.913090846722747616e-03,1.041960491896359170e-02,3.111538215127298071e-02,2.007701878966592843e-02,5.760532058130006516e-03,1.777709739360298913e-02,2.612981180341019186e-02,5.638164634681797766e-02,2.853040863258815910e-02,6.118833484852929938e-02,3.102567228157687013e-02,4.616127475159675919e-02,1.935185498419805111e-02,1.402283490980640000e-02,5.314637313231757032e-02,3.082803642335671390e-02,5.536588674715768599e-02,4.572601888545601428e-02,5.722388345777155993e-02,4.492484434888679989e-02,1.382975250296234609e-02,2.814159847621601485e-02,1.218077500511628199e-02,5.655353328000751675e-03,1.098633598090844460e-02
