0.000000000000000000e+00,1.020573827259075861e-01,9.668615289136560376e-02,1.469487542170409000e-01,3.767159776280780414e-02,3.225937322736769503e-02,3.235583965488096625e-02,1.420509107670882287e-01,2.021902380112670927e-02,7.657345651269388542e-02,1.693823320226756357e-01,1.241711308225675221e-02,1.475004599836221043e-02,5.874295284129323058e-02,5.175884423093854436e-02,1.439087399248364929e-01,2.703207551775057421e-02,6.552383114398149799e-02,5.318192751079366121e-02,6.130208081205615334e-02,1.160346588272693907e-01,6.458318014910814642e-02,5.935261355083905344e-02,3.144119554588351018e-02,4.279889334080855257e-02,1.184978130495837473e-02,4.062012839245044381e-03,2.160386788753702880e-02,1.399653194937393319e-02,1.235374379347355632e-02,3.207597892016543495e-03,7.914551392423825604e-02,5.444246891280364598e-02,2.481533790870193643e-02,7.412173448350432847e-02,4.836053031621421333e-02,1.478362881714038839e-02,3.421618840994881949e-02,1.287587946502141006e-02,1.619955780679340623e-02,1.450411311129616403e-02,6.161735246945351796e-02,9.168980695448540955e-03,6.566416797015289797e-02,7.817577520018398340e-02,1.502049349743259654e-01,1.818174890425797163e-01,4.290915809591645119e-02,8.853317995539183860e-02,8.212354992291810707e-02,3.563426213487621425e-02,3.055314390829998866e-02,5.912349880248085263e-03,6.279654473323736941e-02,9.304601782581885250e-02,2.618935576779634830e-02,2.635319729401810335e-02,7.629859949244571782e-02,5.108696370560892458e-02,7.255695939048280307e-02,1.051025790617152039e-01,6.828715290568401763e-02,1.246311827919770326e-01,7.155463936571447581e-02,6.478638174107934078e-02,3.794573728234430093e-02,1.235059711425130942e-02,3.630834219621411479e-02,1.777706674012541690e-02,4.748484214467698673e-03,7.306596803110877551e-03,5.294394097161088213e-03,4.536634433181094619e-03,3.177867669538594290e-03,5.633718399177324240e-03,1.856334803433998216e-03,4.160939946626549500e-03,5.846293730247455189e-03,1.729432465088519971e-02,1.031844107334968334e-02,6.170521507675542222e-03,6.357322002657074533e-03,1.731767592366312974e-02,2.571282457119860448e-03,6.992038249096920940e-03,2.638732513484338266e-02,2.766309370726460770e-02,6.811947460007562738e-02,3.966818890801000058e-02,4.270335657707479554e-02,9.606351216585638786e-02,6.519879556649216257e-02,7.053057973338824893e-02,4.753902665546327205e-02,9.422184625807095149e-02,6.551312173707568576e-02,8.353588055445337890e-02,4.861198818981404823e-02,4.562670898023399313e-02,4.344805255224529206e-02,1.765786915497000523e-02,2.770951266533273113e-03,1.381058783849654567e-02,8.729726882432772839e-03,4.759639678772596694e-03,1.477736091216603001e-02,1.808581417910177375e-02,3.308446710754341710e-03,5.947885875573206797e-03,5.319511418644705565e-03,1.011919013144928561e-02,7.948862112540330035e-04,2.932039388509764290e-03,1.105426748304370183e-02,7.890297820497901718e-04,3.857276860543060182e-03,3.354922902146225544e-03,2.489753502701982577e-02,8.341238352094897113e-02,2.373545297579759267e-02,1.060580157095329309e-02,3.750724753130157962e-02,5.757974565640248260e-02,4.752847236517904889e-02,2.144481784372880007e-01,6.630358931616588125e-02,7.942937469835954778e-02,2.050125303070982896e-01,1.444506298311664660e-01,1.056757694613575660e-01,1.649050945617100972e-01,1.101556962676890211e-01,1.810508332387659666e-02,5.502386219373665843e-02,3.992325738358081660e-02,2.916383710740714369e-02,1.566357024355987532e-02,2.412289229442624722e-02,8.738492764762040635e-03
1.020573827259075861e-01,0.000000000000000000e+00,1.340116698445788235e-01,1.821786155242601513e-01,1.440762650377574172e-01,2.699370619469668164e-02,1.423174466518711545e-01,9.288824816869899192e-02,5.063583102964015759e-02,7.617513193871409960e-02,1.603607263491017842e-01,5.210685951442401570e-02,2.653063879792462790e-02,2.421533004898474353e-02,2.036606876585654313e-01,5.219093208078440932e-02,9.697823231710132885e-02,1.814796431127439491e-01,2.723719514579298756e-02,7.027481651674095942e-02,2.751959213626199441e-01,9.014658628445627875e-02,1.817971387727890520e-01,1.953295600828456047e-01,1.720274693355277884e-01,1.216381839911093166e-01,3.629384476799102366e-02,4.036934009238675458e-02,1.101933437179797824e-02,5.459841637292475736e-02,3.456884920930326094e-02,2.230508132907378215e-03,2.446123771747275508e-02,4.088901579070666065e-02,2.610314612281917218e-02,4.291087004360566448e-02,4.788434678989970245e-02,8.900353820543105421e-02,4.401763148400808512e-02,8.518107903119204183e-02,6.463257376004320764e-02,5.659190677965351274e-02,3.546131961903486313e-02,1.223572181909256436e-02,2.750653949517438066e-02,9.885673783418108540e-02,8.729040865118617432e-02,5.149358738798015533e-02,2.614343158041166834e-02,6.720534464978646094e-02,4.134999228076851469e-02,2.413842496971534135e-02,4.785818450683122088e-02,1.315021183874406085e-01,4.995482633774035730e-02,1.391371201028963334e-01,5.161983150661309666e-02,9.232075318552619703e-02,5.848178523450175970e-02,1.594462300444702552e-01,9.201043356947755103e-02,7.102430813455230807e-02,9.470008027342752266e-02,6.791094553528619071e-02,1.088155721583397399e-02,1.009348122733421706e-02,2.280492255301592650e-02,1.785834173014441695e-02,1.603851231692837026e-02,2.584763498749896235e-02,1.148200111842983748e-02,3.117727686634805956e-02,2.576619153240980280e-03,2.519254822186282883e-03,3.902492507257129123e-03,4.823872626363620575e-03,2.227429927740160950e-02,7.448189587325682037e-02,3.032588905479425070e-02,5.317648022489986082e-02,2.614345678745554763e-02,5.418777725824509839e-02,1.945547166877414393e-03,7.671091036769795216e-03,1.678392656663305407e-02,2.970341666043338838e-02,7.685404959748685927e-02,4.887146413793190536e-02,7.895160837068425363e-02,1.424350708684483657e-01,1.076022626323461517e-01,1.568511529834747120e-01,3.589222983035975784e-02,5.578640713383201111e-02,1.515086327597045257e-01,3.884473445484350196e-02,5.203918489234678202e-02,3.828539532455772082e-02,7.910971139710204492e-03,1.074085576532018450e-02,2.295620826477530810e-02,6.626312403839426830e-03,2.985779598886728614e-02,5.258878307153007706e-03,2.840072381166988333e-02,3.273254376087345735e-02,8.292124807051584959e-03,2.522263376266310492e-03,2.305030071514530335e-02,7.151189384263084529e-03,9.122360687776645896e-03,5.979128136282658990e-03,7.746629460474331944e-03,9.911431422108296294e-03,6.180340280045091422e-02,1.938065793694734168e-02,2.251392633648246697e-02,1.634551580026366024e-01,5.642697161390092253e-02,8.267538485360383105e-02,2.140938027062102775e-02,5.868539878541964572e-02,1.185200071274474104e-01,7.885112359473014920e-02,1.386507884902800081e-01,6.803623620341855971e-02,1.873423107737775262e-01,1.323950881638270571e-01,1.022501852661826111e-01,1.723297800618900921e-01,9.128029245755704679e-02,5.936341632576169758e-02,9.011965425133229568e-02,7.041573289039904093e-02,8.441209645864344857e-02,9.388259770695805972e-02,6.483880293868586608e-02,5.833185262518024439e-02,5.257523555528387932e-02
9.668615289136560376e-02,1.340116698445788235e-01,0.000000000000000000e+00,2.094712532482273792e-01,2.212970349684944549e-01,2.165457556251187132e-01,7.367651576467600105e-02,2.401795593757664882e-01,7.918051972700027030e-02,1.454507517719308973e-01,3.337118912416409122e-02,1.041224720534191933e-01,1.086342628893700174e-01,1.555167746621173297e-01,1.069427217210407177e-01,1.644560725704815873e-01,3.514551667548505565e-01,1.086505811489520273e-01,1.478089395969679753e-01,1.138060737313457138e-01,2.444542816631726789e-01,1.372295968636416397e-01,2.116121346120147240e-01,7.247372482531141968e-02,7.215289099331438638e-02,6.981398031771805790e-02,1.872436912758026692e-02,2.074252488999954458e-02,1.087297354713784442e-01,3.781433280103100453e-02,2.430826001103616844e-03,1.420882147124263688e-02,3.518109314982607871e-02,7.071032275439331598e-03,5.906526506746954952e-02,6.788135349303758836e-02,1.552112998307330072e-01,5.562353465386173784e-02,5.852255208228825806e-02,7.944438739622634860e-02,6.187250196072468372e-02,7.979507942275534949e-02,1.826335140547591940e-01,2.073534783063892689e-02,1.138292749760153391e-02,6.565039338859145202e-02,6.724062024280647032e-02,3.834429834811190624e-02,7.765421887900202103e-02,2.224591796258576851e-02,8.429619887947478740e-02,3.383674602798986825e-02,3.396623411378204421e-02,1.244144232254399546e-01,1.125112712562899298e-01,1.059355569163232952e-01,9.817657943827466649e-02,1.247652425105829077e-01,7.062409396272076312e-02,1.494514013697662014e-01,1.208115690515246948e-01,7.872405998152862128e-02,7.365923507272656434e-02,7.351157680342608469e-02,1.076058647987361561e-02,4.815671367244975937e-02,1.455802993520398901e-02,2.732526140380295981e-02,4.389814483794443611e-02,2.665277586674103319e-02,3.853603296143440216e-02,2.547365015470107186e-02,1.238053664254867847e-02,1.377780632218594814e-02,1.372104934340320770e-02,5.480465513932118553e-03,1.208759258829936005e-03,7.036976183867054736e-03,9.644167441329648538e-03,3.260680006778720122e-03,5.459529123417931548e-03,2.774664031612757587e-03,8.645656973625369390e-02,1.621152408556365485e-02,1.383567238059880099e-02,8.501393631909312520e-02,6.832528859748779326e-02,5.679358186953040177e-02,1.340271600887075754e-01,1.030955783751691252e-01,8.483298381906866081e-02,5.661466468980357047e-02,7.079013809932224732e-02,3.854810497204768510e-02,9.083216626379353453e-02,3.509712742357691539e-02,1.192273719128784416e-02,3.764932214403790556e-02,1.067406537122268968e-02,1.708806919623543155e-02,2.420099950782311424e-02,6.051415131597931429e-03,1.647925680569304469e-02,6.536594578880306275e-03,9.083741152044024283e-03,9.810203358213663571e-04,1.679804573789029157e-02,2.495524395395642969e-02,3.846169550228400579e-03,3.008250457336067094e-02,3.042532440531696067e-02,4.959238811653810669e-02,1.964374012289467689e-02,4.913615765432464977e-02,6.438779117443979572e-02,8.866559096142348495e-02,1.391939526377044926e-02,1.330955761615366661e-01,2.257487257312367976e-02,1.603592481129467381e-02,6.138749300025701100e-02,1.193443687936505127e-01,9.158780822722495385e-02,1.915279064014940164e-02,6.923385693906400351e-02,1.418840106734446938e-01,6.936719283559200644e-02,8.260392313271192055e-02,1.203085309852098550e-01,1.338168611985172118e-01,7.955713873421360605e-02,1.095926868235540114e-01,7.632092998102273096e-02,8.602764872979469513e-02,5.350690377940248155e-02,5.022780240859974626e-02,4.535110815081924707e-02,2.598038722005379525e-02,2.243717808435241601e-02
1.469487542170409000e-01,1.821786155242601513e-01,2.094712532482273792e-01,0.000000000000000000e+00,1.653542540865252375e-01,2.298988262540082456e-02,1.226688940850650944e-01,1.812680983236020227e-01,8.667175601341406410e-02,5.154183338955058147e-02,2.540184701508620413e-01,9.508365565784650253e-02,9.928963019017875147e-02,8.852261645910093624e-02,1.891647839347451177e-01,1.654689648230245891e-01,1.973077985326363304e-01,2.712804792094787865e-01,2.006599458825468127e-02,1.415665918666977607e-01,2.257877632636452747e-01,9.778311308298101578e-02,2.033403163642807654e-01,1.488358141069832663e-01,1.152766883176614549e-01,1.152276478656587416e-01,8.424683482615985888e-03,6.497099701855053866e-02,1.739176653609877943e-02,6.007178602004169775e-03,9.269483601012514298e-03,2.723059718557612613e-02,8.065764520316605346e-02,2.565088630266834993e-02,3.906334517413351248e-02,2.005719866225847553e-02,3.639447127833234097e-02,1.262155089928731766e-01,6.640969668616890365e-02,1.757480163151777658e-02,1.050712827431149986e-02,5.585263323322839368e-02,3.796161760804680346e-02,3.252330045430844307e-02,2.215889169075208054e-02,7.713053447233071680e-02,8.427723093462563542e-02,3.426355196258627084e-02,4.966287808570010731e-02,9.844565437043406586e-02,7.427405963591857119e-02,4.321856109055313699e-02,2.758936118759912348e-02,9.575366536821880437e-02,9.159748591621637293e-02,9.474390457836187607e-02,5.137738703754042568e-02,1.676695136083983240e-01,1.204947330803461530e-01,2.065859073683146419e-01,1.559829272794062416e-01,1.283077845967177111e-01,1.630098773412902713e-01,6.414350604238695797e-02,3.893295057705417617e-02,4.351538726217096809e-02,1.999560541285922560e-02,1.732963796595586581e-02,2.559242445348747230e-02,3.658577633545405383e-02,8.605156920104942847e-03,1.638955037857739785e-02,2.211150143612975513e-03,3.079553591969095335e-03,1.494780393296069911e-02,9.621104185753660831e-03,2.967138893899785163e-02,5.952355119731340960e-02,4.028542040449599460e-02,2.862354980404054061e-02,8.734085324146954876e-03,1.798961692494659495e-02,3.007654268735519831e-02,5.505850949435408398e-03,1.461168657345217857e-02,6.419732464748516276e-02,9.004893389550289173e-02,1.104913340055205251e-01,1.098220976768479323e-01,1.339180126105729562e-01,1.892558288775720299e-01,1.308259003198525283e-01,6.499659395671360251e-02,9.488237282188519139e-02,2.247673499724443524e-01,8.944963355163741692e-02,9.393863445694575209e-02,8.562494498779092689e-02,3.181783050824739389e-02,3.738695398801539921e-02,2.671017239020546941e-02,4.802809182454982444e-03,2.846901013899097097e-02,1.575020695109431365e-02,3.167500651648214732e-02,4.521231389246248983e-02,3.096947801374458353e-02,6.736098948316351920e-03,1.712973283183428022e-02,1.974409846521238410e-02,9.667938598937969585e-03,1.139147601907745597e-02,1.193726783644787244e-02,1.401254138106405867e-02,3.064104270067337030e-02,1.725000581427664145e-02,1.485817291646028028e-02,1.015185555036933612e-01,6.293705103318891769e-02,5.859607049256248396e-02,6.389855845800222756e-02,8.435015049739841286e-02,1.558470893410822122e-01,1.088825491990195737e-01,2.666689238321353073e-01,7.641556795440156147e-02,1.329249490152837887e-01,2.035603020036144406e-01,2.760373570057488291e-01,9.917279362406554444e-02,1.532338657892153844e-01,1.237288697927196035e-01,1.641972457012803865e-01,1.350124113562221027e-02,1.371031519702423096e-01,1.723885238848934243e-01,5.585395976551393166e-02,5.648392198838507461e-02,6.342905308124005548e-02
3.767159776280780414e-02,1.440762650377574172e-01,2.212970349684944549e-01,1.653542540865252375e-01,0.000000000000000000e+00,3.003652898365819293e-02,2.259335615743037762e-01,1.198895342187408508e-01,5.052349869300584023e-02,1.073432439525407595e-01,2.465665309796652160e-01,2.031065866125675023e-01,1.467655052949980998e-01,1.023666103756646906e-01,1.813114825261829821e-01,8.162949256292914568e-02,1.415398499622968764e-01,6.686758763295364005e-02,4.139189695439537270e-02,8.738342543951900521e-02,1.245170888327260528e-01,6.673187605823797941e-02,8.513368670540458205e-02,4.860660007368741709e-02,2.647283905778605867e-02,5.361312512367553962e-02,2.302528801829017979e-02,2.474008710806554698e-02,1.834242478831626597e-02,2.295569696537332061e-02,1.300773798834163261e-02,2.528069570151183013e-02,2.297332914139207927e-02,1.420583170339503043e-01,3.895881481784940065e-02,1.588031222691746805e-02,4.522598483354579174e-02,7.705142828980419967e-02,1.185240002939544172e-02,3.861523899910653673e-02,3.878541056280399718e-02,4.507922931599075284e-02,7.812310548627281193e-02,4.073820674427533484e-02,1.473870585208485462e-01,1.794913415816936642e-01,1.197619280781248158e-01,5.982151074856451728e-02,1.348171016015365375e-01,1.234019408533176682e-01,5.012100633830460922e-02,1.471928710397381324e-01,7.370586245428890904e-02,2.145258144037005543e-01,9.505025923004908894e-02,1.877846602321913139e-01,1.274928348995112981e-01,1.004807138200271704e-01,4.287511644166837332e-02,1.582688192137042260e-01,4.246478792103412087e-02,3.108054413139277675e-02,2.784403443724069865e-02,9.507826653414766516e-02,4.222563651997889717e-02,5.169916916984652194e-02,4.309178695600754394e-02,2.524352952576718739e-02,1.575263167902618208e-02,2.872724502144072267e-02,7.552000469945552644e-03,2.505059729551804490e-02,1.252785451219533969e-02,1.026210046427245524e-02,2.779431648222631564e-03,4.664977010118251562e-03,3.081948544099933664e-03,4.820478632144232362e-02,3.933801627134228020e-03,5.091615124143364368e-02,6.331746718274251784e-02,2.119517870715236993e-02,1.481385452338504971e-03,4.049621099155101440e-03,1.397930203671027272e-02,4.002714253973334302e-02,9.840881817689918487e-02,9.793665002625241700e-02,1.153082225846774334e-01,1.814847828917038053e-01,9.388719528355993216e-02,3.735330157554300062e-02,5.119129589829665705e-02,1.222126355431235462e-01,7.535247168444983434e-02,4.620096656340284130e-02,4.115385729093576361e-02,1.324267960826831098e-02,2.831147187874115054e-02,2.636540878900947224e-02,6.522534602733940853e-03,5.880332293422545209e-03,1.118117497241379391e-02,2.402888740794635949e-02,2.325628934414577034e-02,2.753137282849961801e-02,9.954463514878730129e-03,7.419761203425058460e-03,2.947540328322750119e-02,1.890035961564495715e-02,6.735661887312691110e-02,7.739131437337329333e-02,2.108718015034782844e-02,9.337555568415688290e-02,2.341384993973723294e-01,1.494361158344607865e-01,1.363990743652904736e-01,2.896225610132284745e-01,1.140855658934323974e-01,7.170381841421556712e-02,9.730176828829525948e-02,1.315888413655404501e-02,1.099341101664646075e-01,6.765801175137584056e-02,8.561323187521756306e-02,3.271989559750199811e-02,8.885195813763382966e-02,8.612799485065185390e-02,1.055846192499832470e-01,1.713004560217800953e-01,8.834818269168905058e-02,1.023909023899100129e-01,3.268393476250937568e-01,1.418266776624157732e-01,5.727139722770105412e-02,1.841617283098376245e-01,1.028518400362078006e-02,2.721261743110698489e-02,1.290129076760894999e-01
3.225937322736769503e-02,2.699370619469668164e-02,2.165457556251187132e-01,2.298988262540082456e-02,3.003652898365819293e-02,0.000000000000000000e+00,1.174843619062483219e-01,1.141535010642345666e-01,7.213078533843519935e-02,1.364484367953961441e-01,1.603667864254262054e-01,4.923181699102383707e-02,1.182112623067900353e-01,4.553320510326728382e-02,1.631233430483857993e-01,4.694350998870395336e-02,1.648702946175933381e-01,8.630358730412329704e-02,1.410280540885803895e-02,3.372488495822117266e-02,2.610449883505887581e-01,3.747610012443111649e-02,1.684325719026306678e-01,5.923219194251620745e-02,4.763066115712485948e-02,5.565779484862899695e-02,8.196311926714121635e-03,5.705269070406034093e-02,2.881090001126999922e-02,1.157470124316166069e-02,9.135544113370162866e-03,1.732524905748736299e-02,6.509550485566949207e-02,1.825970257900422222e-02,2.238946081747872699e-02,1.403007132657820878e-02,5.211464837376339476e-02,1.100974850737357624e-01,7.541736103225537766e-03,4.182624433254707175e-02,8.084570056007768513e-02,1.390235188514563243e-02,8.689534572600163265e-02,1.030035176105548872e-02,5.028888460675162708e-02,3.192929928173195847e-02,9.207584229683428434e-02,4.551072414839116981e-02,6.302705791885825082e-02,4.814470182592053837e-02,1.291604538172620165e-01,5.189709964329223407e-02,5.263882627434634393e-02,9.811160019104760155e-02,1.122793650415412486e-01,8.827462448733981726e-02,4.367406430007941820e-02,9.269044769359395530e-02,4.055642106210860520e-02,1.076778498725569910e-01,1.043837397980988541e-01,2.487684280834042208e-02,1.070987212606130251e-01,8.129822182285299792e-02,8.594934068800328536e-03,8.491728413270863141e-02,2.489954886456140909e-02,1.990723948699537130e-02,2.306171782456651470e-02,4.151568032285404136e-02,3.323626206684537204e-02,2.077325375599045273e-02,3.181523351590739151e-02,6.086119525189864765e-03,1.419428041840656469e-02,1.272919151672280381e-03,1.487868859048046286e-03,2.084805519025516654e-02,6.871754949569853187e-03,8.557092199848138556e-03,2.497017862465999473e-03,1.114796620021351291e-02,3.656994398383699163e-02,4.396804826421510902e-03,1.969796485043134524e-02,6.377146728085870964e-02,1.215101156829322959e-01,7.517445594219757110e-02,1.683310005209447124e-01,1.366543229072029186e-01,1.319665966180477157e-01,1.188597003280751213e-01,8.727376075988764470e-02,5.196443231190538137e-02,1.199661836274078797e-01,3.037078220472869822e-02,2.959894554958482360e-02,3.989287612861898424e-02,1.827342539747035463e-02,2.221259609489154713e-02,2.463992876996012188e-02,1.378635770865015327e-02,1.697212730170784278e-02,4.591512476821536098e-03,3.535364462177044073e-03,1.252616572679416881e-02,1.693674499336881439e-02,2.311773080418910720e-02,5.389891417439594996e-03,3.345025208490147450e-02,3.416855595884706054e-02,3.774955796088201587e-02,1.136925142512840679e-02,3.974230362487882195e-02,6.870404742343218241e-02,4.808444991985435374e-02,3.343651835958184187e-02,1.069366426091086647e-01,2.130103567139304127e-02,2.221116677754112617e-02,9.708824927269919802e-02,1.239128641423040827e-01,1.030588560528046954e-01,3.611303097115685368e-02,1.149363049875640475e-01,8.909616426819540191e-02,9.258028868963601166e-02,9.024315904866464511e-02,9.950741728864655189e-02,1.089594591070116858e-01,2.600549489347423471e-01,1.719060030455173138e-01,7.205096121183596214e-02,4.341216162917357207e-02,4.977199015091836320e-02,9.365619602150576303e-03,2.638241080213164780e-02,4.184973282130505408e-03,3.781788893341645353e-03
3.235583965488096625e-02,1.423174466518711545e-01,7.367651576467600105e-02,1.226688940850650944e-01,2.259335615743037762e-01,1.174843619062483219e-01,0.000000000000000000e+00,2.575477620043291685e-02,1.169217709794706656e-01,1.156079095465076811e-01,7.395367710741783396e-02,1.117602060266338765e-01,4.152010106670570022e-02,3.176616945814429022e-02,5.890288917016960751e-02,1.308162870637078791e-02,1.255247174556814171e-01,2.033712556371948532e-02,2.472178044266712046e-02,8.213856710213318993e-03,2.053728235547400138e-02,1.150656176965076001e-02,9.911516288768454017e-03,2.027694451544180196e-02,3.793537871597559008e-02,9.039621072071204327e-03,2.736033240904153091e-02,3.980078686565845930e-02,4.845893416887079967e-03,2.660206170515192967e-02,8.649307282022596424e-03,6.208467983283665927e-03,2.799216207686441513e-02,1.969512693331631689e-02,3.252926050608898750e-02,6.928132385935449611e-02,1.235606945644761138e-02,1.217427718031528078e-02,1.638793696952521584e-02,1.118950664931882798e-02,4.629884220206643974e-02,4.022414661473289188e-02,9.985075733362545544e-03,2.924505547210297721e-02,1.911251464675438883e-01,4.892351714895434855e-02,2.364038189812074989e-02,6.820603660384290390e-02,5.733308953818334885e-02,3.189642981375179903e-02,8.816815393362952002e-02,3.937861350499126389e-02,5.055162096587442755e-02,1.103722241882410388e-01,1.136052642250576089e-01,4.714270321138465392e-02,2.486520178252454860e-02,5.741986645180961746e-02,6.576093759309606379e-02,3.700596796022111168e-02,7.261928967987393846e-02,7.182006506956450931e-02,7.934160212080934582e-02,7.304812165833975135e-02,4.847455807349295570e-02,3.519585804243732102e-02,5.243972392888753692e-02,1.748192113209379867e-02,3.103729428619900893e-02,4.384731860009730316e-03,2.069901707198282953e-02,1.596893738293411052e-03,5.461702808014226411e-03,2.154978297755236194e-02,7.246988896551460023e-03,8.383616991185687331e-04,2.214991078603506438e-03,1.406808566540927556e-02,1.251058605579591539e-02,2.114241255854857476e-02,1.667718168391613479e-02,1.046228746561457534e-02,6.199967010123991901e-02,2.950921037707698522e-02,2.205718429019869892e-02,7.285816246887011349e-02,4.591294461834032059e-02,9.262511543877323394e-02,6.623169632134555396e-02,1.085420057133520688e-01,6.668752232421872039e-02,2.467659781082756978e-02,4.621416304516978713e-02,5.647948201939027163e-02,5.504112244750437866e-02,6.095080132684089352e-02,4.894647011217637816e-02,2.771719200697484592e-02,1.008186284686113897e-02,2.587270563489857400e-02,1.796650594153334848e-02,6.263325410794405579e-03,3.382401511771331200e-03,3.839565887538834606e-03,6.734173412577752760e-03,2.018690849206844495e-02,4.957359114160207053e-03,1.117789901219583791e-02,3.334201435562884550e-03,3.235948347329222017e-03,1.710452125293934755e-02,1.018426853881644265e-02,6.517338977552757616e-03,1.870620265610787800e-02,4.352850583733974821e-02,6.341563294740691636e-03,3.565209316371811821e-02,7.622392210710972338e-02,5.689651989895311117e-03,2.064374893092299837e-02,5.735788655481475866e-03,1.329232786728293952e-02,1.191208320174746635e-02,1.196130675222593399e-02,6.295760409343910402e-02,7.167823971335730848e-02,3.416746962401531751e-02,8.791925623161932213e-02,1.139857787824797436e-01,6.576114485719435077e-02,9.222295380044709390e-02,8.270476490386877155e-02,2.765185680771025875e-02,4.834899772629162873e-02,2.337507841025291203e-02,3.142144421111825459e-02,4.520381335800029154e-02,8.120873204268444501e-02,2.325882601615862980e-02
1.420509107670882287e-01,9.288824816869899192e-02,2.401795593757664882e-01,1.812680983236020227e-01,1.198895342187408508e-01,1.141535010642345666e-01,2.575477620043291685e-02,0.000000000000000000e+00,3.340622246689080310e-02,6.336950436795980857e-02,1.533723638769271536e-01,8.671247494502502817e-02,2.940302281702312226e-01,5.890750558785526336e-02,2.822541292706638449e-01,2.395817469849292197e-02,3.474657146270107577e-02,1.908537040544810159e-01,3.063120203451620213e-02,3.669093556123512873e-02,4.852659890973312108e-03,1.193011233888862793e-01,5.004471553380444165e-02,7.348173693093888736e-02,1.405870121397126693e-01,2.399731449764597874e-02,1.011923353179110252e-02,9.422095739873427578e-02,3.787612193384192610e-02,1.225921379825120096e-02,3.490405657358721520e-02,3.261714032872379404e-02,3.188924252657943798e-02,1.402953415726868741e-02,5.556780424397610163e-02,7.322604394837561870e-02,9.130407530105451308e-02,2.723880272438954780e-02,1.070541064922526653e-01,1.874706733617026444e-02,2.101740749609984707e-02,2.940961314264866136e-02,1.737550584085678640e-02,4.220395045966402608e-02,1.923416104001517413e-01,4.479394814667402719e-02,5.594136803157665622e-02,1.366599161465985868e-01,5.481761128491290103e-02,8.359180131362028976e-02,1.967937846442852773e-02,3.876926682511046968e-02,1.102584026717173954e-01,3.520088569641434406e-02,3.307846649276924289e-02,3.513078614082776330e-02,8.226606849037590430e-02,3.456389164172000983e-02,1.568819176988119068e-02,7.244954562577805846e-02,5.145573974165802700e-02,2.570361401744854224e-02,1.225495812833237719e-01,1.821953434572479505e-02,8.487083883455398547e-02,8.026214647780030575e-02,6.415597044640885052e-03,6.187767163955495975e-02,7.519184642998309742e-02,2.438041510478166501e-02,5.589777991611970254e-02,3.687180322661549187e-02,9.182764799330254274e-03,1.407937728740321984e-02,2.789638201124268468e-02,1.403962333057988572e-02,1.688756844487101019e-02,1.724309564821456184e-02,3.028826060207704535e-02,1.023318037864430485e-02,9.748583096540553231e-03,2.177153647728212460e-02,3.827158423349596300e-02,2.137711448960313149e-02,3.158248386710191952e-02,2.421410349369766679e-02,1.864660363910572785e-02,3.018955985715533058e-02,6.838929345715759334e-02,1.662475631142641685e-02,4.570210548248463539e-02,1.276232309984098312e-01,2.252874200600379073e-01,6.446393635890455831e-02,9.162418924362933370e-02,1.026229986941194217e-01,3.076895950217953951e-02,5.880172755943471191e-02,7.624634599273538704e-02,3.146857046956756665e-02,1.150383690052882504e-02,1.483492361546239662e-03,4.128714063891728188e-03,8.100415162117678355e-03,4.870997666408041771e-03,6.263394432999078686e-03,3.238223878077252371e-02,2.242605006107207741e-02,6.077207369027717507e-03,8.522245069255315886e-02,1.143290127310281623e-01,9.489344211758586611e-02,7.119710773103142543e-02,1.160540742572596651e-01,1.149218796393808167e-01,7.545404402950911527e-02,8.076108878696436344e-02,5.019824895983988899e-02,1.371628017753331596e-01,8.488450483274774180e-03,6.463136084437115514e-02,1.223594152188765133e-02,3.535641901978858748e-02,1.373689899669778766e-02,6.673417031196578197e-02,3.176793238270027298e-02,4.330513906396121077e-02,5.890388176101005874e-02,3.030310924462987013e-02,1.753629772784190757e-02,8.184810529387395728e-02,1.083131030456974397e-01,3.114449827259237191e-02,7.725674844056650004e-02,2.483540413118861256e-01,3.439891463529751170e-02,1.791622204011729391e-01,2.283181331804331471e-01,1.905558956851144750e-02
2.021902380112670927e-02,5.063583102964015759e-02,7.918051972700027030e-02,8.667175601341406410e-02,5.052349869300584023e-02,7.213078533843519935e-02,1.169217709794706656e-01,3.340622246689080310e-02,0.000000000000000000e+00,2.403900429713320963e-01,1.150714976388639982e-01,4.108262574119910249e-01,2.555491381799945283e-01,1.686495576490951998e-01,3.050357880006784317e-01,4.069138095257241600e-02,5.084574369216628836e-02,2.375458026363868880e-01,2.482936557625233312e-02,2.458651663081455954e-02,7.733702281063645212e-02,1.934519129383534819e-01,7.217745281054777085e-02,1.756270581509254414e-01,2.054508923088893546e-01,7.636966115237518726e-02,7.131639322657080948e-02,3.919473726470864422e-02,5.906622991485940485e-03,6.237864586512560650e-02,9.443607269202801413e-02,4.589955535246961760e-02,1.501312225926820310e-03,2.663616392470023395e-02,7.069601426383845255e-02,1.212106857762497159e-01,1.144151751369939379e-01,6.136016688737947616e-02,5.988573279980675262e-02,9.881327336698253472e-02,3.664331361303292678e-02,7.840132531945812056e-02,4.245742688498690964e-02,5.000764955108689958e-02,7.341067775520003502e-02,6.294060986070980357e-02,2.244435912788355497e-02,7.184137409856812539e-02,5.071358596003543856e-02,3.675496988146349092e-02,1.543313740950271774e-02,4.140571698814120294e-02,6.392539411399036919e-02,3.433305599482013026e-02,2.300986878088392279e-02,6.440414812211529838e-02,2.486543226539517093e-02,2.909195991623436325e-02,3.090742950729035918e-02,5.287866961405838367e-02,2.626596581970695385e-02,6.332176766649313948e-02,2.497101894467843378e-02,1.596252421853162906e-02,3.608736004165480349e-02,1.468108142701157574e-02,1.481550363197136656e-02,2.677998927659566014e-02,9.460236852958911480e-02,2.359616936193300110e-02,6.006182530948885739e-02,2.952833224133986217e-02,8.213372112387234969e-03,1.744509815723633769e-02,5.551314008216873264e-03,4.236892676544374257e-03,5.603726981168929283e-02,1.755082609208722874e-02,9.187227076620126109e-02,1.313691481062690368e-02,7.445867475045096252e-03,4.474051913439126837e-02,4.889570169653094378e-02,1.776219809868959110e-02,2.146553042549630835e-02,2.776677463722828851e-02,4.126407995935969797e-02,3.362399554184205414e-02,1.958558648745262198e-02,1.503942450088899437e-02,2.677813185092271439e-02,2.049572001950120126e-02,7.735159481178378871e-02,2.543074817825156583e-02,5.020871320304386848e-02,7.901978110549234824e-02,2.241766712611839227e-02,6.471284241971052287e-02,6.638961933590752096e-02,4.347983324797122240e-02,1.859791753630750041e-02,4.114955787907078125e-03,4.671320325739856602e-03,6.017451701146895801e-03,1.552083650304212498e-02,1.104693985160465873e-02,3.081193001645162952e-02,1.257957553905118646e-02,1.411421790562993918e-02,5.999194622574804264e-02,4.471989145529801229e-02,5.239175224657392771e-02,2.385670004279996301e-02,7.634610563142835149e-02,2.524873161814078157e-02,5.774539131345744064e-02,3.016460604697841080e-02,8.499816614181861935e-03,6.825476523470060120e-02,4.292620729701197152e-02,1.089142520426928107e-01,2.877949785932111537e-02,7.707016164108754057e-03,3.262259959894463907e-02,1.349619953043591954e-02,8.605783645306947297e-03,2.133675467891505903e-02,1.442002996560044423e-02,1.133104296608863221e-02,1.733149866252985810e-02,4.723160590776997320e-02,8.310677908593637475e-02,1.260359227037662344e-01,1.216295421528530568e-01,2.707650541635878705e-01,1.753783620974875557e-01,2.886785486261589928e-01,1.152396012664226171e-01,7.869077994500389694e-02
7.657345651269388542e-02,7.617513193871409960e-02,1.454507517719308973e-01,5.154183338955058147e-02,1.073432439525407595e-01,1.364484367953961441e-01,1.156079095465076811e-01,6.336950436795980857e-02,2.403900429713320963e-01,0.000000000000000000e+00,9.927479180402648540e-02,2.227486629944891994e-01,4.398395191370221835e-01,1.929854533271696537e-01,5.144492643719738023e-01,3.777774347649728165e-02,1.700529880516425674e-01,4.148995262092819991e-01,1.807656239710311169e-02,2.390737314644980904e-01,3.660763260771462968e-02,5.575072149066850197e-02,1.514675386209500263e-01,9.383847012949177169e-02,7.569378618132448222e-02,1.022077565402501470e-01,2.520005450599962366e-02,9.331439979017862318e-02,2.090362979660730439e-02,3.466997591127376349e-02,2.857411388727420024e-02,3.216800495526399295e-02,5.177427269199765848e-03,6.293986172655276212e-02,2.042757630942444030e-02,2.820315039466947046e-02,7.893538390324267295e-02,5.141595665661929937e-02,1.278025815666483933e-01,2.041932978563037668e-02,5.103866386943867878e-02,4.529802541262281657e-02,2.830266323054981756e-02,1.255913448128772314e-01,5.642121279905998321e-02,1.836958714238164092e-01,2.942176345988838787e-02,1.461788459407808161e-01,3.462815013848385276e-02,2.554676534808198243e-02,2.795744792765648967e-02,3.627857149749200150e-02,2.224346529317048349e-01,9.970258580565141693e-02,2.082550911210169775e-01,8.121416650304427720e-02,1.210422780851639485e-02,8.599215231636862800e-02,4.144287071056659139e-02,1.311991261199947911e-01,8.396459782572134045e-02,2.704819438347982191e-02,1.338913482538756916e-01,3.310592022818883290e-02,7.236975640348941585e-02,2.325408885271639664e-02,2.370862771189045926e-02,9.608130534714051652e-02,9.970966287766129532e-02,1.180160409675907879e-01,7.683935365289068509e-02,7.802363168627438061e-02,5.259886161585423936e-02,1.922879114002760612e-02,1.998583165368336689e-02,3.065173661461983307e-03,7.575275134463592408e-02,6.128847699348031336e-02,4.486401021742687095e-02,3.040918605400664068e-02,1.122230518875641167e-02,6.470779353820074742e-02,5.515495074883121351e-02,1.934540281196892378e-02,8.218640184498670828e-03,5.112770612341588361e-02,4.571243750182516635e-02,8.779252025310537930e-03,8.876385231529209524e-03,3.166346111098999883e-02,3.849258218926025071e-02,2.140288418841033713e-01,1.607567175350348432e-01,5.261582818087214009e-02,1.724514641759458122e-01,1.367381113886836363e-01,5.478351006184813826e-02,8.453359080581063223e-02,5.915396952754345405e-02,3.509736974268316823e-02,2.525415574153486511e-02,8.098075886625519249e-04,1.571573016706812390e-02,9.696560118652863478e-03,3.527151574837392167e-02,2.302183862208943485e-02,5.422963097287117340e-02,4.553231015223557082e-02,1.565675272794195966e-02,8.702267175441272262e-02,7.304183037367795173e-02,8.596148670822123528e-02,1.082458101347593821e-01,4.142399154850042592e-02,3.310504012720012768e-02,2.731754949428212911e-02,8.806441988299246182e-03,3.727429247791655235e-03,4.378934606400977647e-02,5.750979006130679805e-02,8.612895647160834223e-02,4.192910431826681744e-02,1.014073220281566483e-02,4.743641447701726216e-03,3.293690349805360185e-02,6.170797204313245576e-03,7.787876133460409390e-03,2.282847819813772078e-02,2.103101656638090705e-03,2.715348057356296516e-02,1.759644224739507767e-01,2.478102369655782733e-01,1.316849184872599943e-01,5.565971067295303470e-02,4.888390444888681685e-01,3.160056988518681886e-01,3.022278231696370332e-01,3.286453653377263140e-01,1.382735582384638784e-01
1.693823320226756357e-01,1.603607263491017842e-01,3.337118912416409122e-02,2.540184701508620413e-01,2.465665309796652160e-01,1.603667864254262054e-01,7.395367710741783396e-02,1.533723638769271536e-01,1.150714976388639982e-01,9.927479180402648540e-02,0.000000000000000000e+00,2.568870476183544582e-01,2.938982929326885429e-01,4.200797412810931830e-02,5.303691330878363558e-02,1.293649225035343742e-01,9.869431032523620639e-02,4.029302165955157139e-02,1.073843164099894387e-01,4.063905927620167780e-02,4.156969169161043448e-02,1.439433794579933756e-01,2.743151936489394635e-02,5.109075153378476314e-02,1.371219196905388571e-01,8.790735803140017207e-03,2.717840456029876547e-02,2.026943134786591411e-02,8.446693901361757018e-02,4.413608144137350781e-02,3.467837151213653407e-02,1.571046205734479353e-02,3.540223312010761653e-02,1.249796142952933585e-02,3.006240174080895486e-02,5.688770911502152861e-02,3.815255314862758124e-02,6.584319238235282132e-03,1.370380467821500914e-01,1.075461878358452590e-02,1.550043080114223669e-02,3.770446985913430971e-02,9.707323900536512021e-03,7.875907722768127339e-02,1.255828197364007304e-01,6.587521708778462659e-02,7.302125556842029019e-02,9.236138618444038328e-02,2.948242284822486653e-02,6.795695641030191636e-02,9.186301185126091728e-02,8.004459168004861291e-02,5.629391830930879220e-02,6.231052098946957690e-02,3.235208769605880941e-02,1.904773905761020583e-02,5.047613130164441825e-02,4.848740737414735519e-02,2.274351066720802991e-02,1.807986996415065703e-02,7.888032597558160275e-02,4.916726350657012884e-02,1.339475570497240531e-01,4.271256558322914648e-02,4.528899765697193269e-02,1.460425206515915397e-02,1.610914026859504647e-02,1.305364313824477693e-02,2.343201548305239718e-02,1.381448860903217689e-02,1.828676102765641265e-03,1.944181550989889165e-02,1.819465403146064419e-03,1.243445683139818639e-02,1.880507814583367091e-02,7.178178219280390189e-03,2.018461571160114904e-02,9.200799613306987618e-03,7.633947810045167530e-03,1.775988939233575509e-02,5.519774474642390183e-02,3.305879951848066794e-03,7.643467741163396424e-03,8.397416149257153073e-03,2.169252742384406019e-02,5.950040520825802814e-02,2.509927767635837526e-02,7.678310539738689156e-02,1.944006204187131298e-02,2.930587105309581317e-02,7.006542428243228704e-02,8.719007805845670200e-02,1.619688846758257916e-01,1.733016505943307528e-01,1.262905596236226780e-01,9.040020060811486402e-02,1.073316188920837300e-01,1.183863311289809900e-01,8.316191719753028566e-02,7.200100150267291221e-02,2.208955536811025785e-02,5.620827983562713161e-03,6.638455925581258042e-03,1.750966143871235522e-03,1.711462084869812272e-02,1.830908807854424517e-02,5.529750196006558843e-02,4.063549224224111134e-03,5.457073103198945702e-03,6.383611017746486371e-02,1.147358843319755406e-01,7.049350361421975741e-02,8.341014457980426566e-02,7.644121333708167598e-02,1.267305950259172143e-01,5.673587071567628981e-02,5.490504340354341456e-02,7.084548757929762242e-02,2.127857002651656337e-01,1.409612707845988785e-02,3.275854858231945499e-02,3.325083471765334642e-02,6.136908013847559157e-02,1.057481336216318027e-02,1.870589841606668524e-01,4.213532900912313889e-02,5.089945750510391220e-02,1.912676551072673981e-01,5.241224504102427739e-02,7.010440338329673726e-02,4.501681444721195718e-02,1.876020300686890088e-02,8.307612924115641284e-02,2.475624918891332626e-01,2.462973436256494508e-01,2.718283173419284160e-01,8.685085927865414390e-02,2.296826936765350158e-01,1.183303170409074484e-01
