0.000000000000000000e+00,5.788859501276329145e-02,3.237157812514151328e-02,8.649465678630632870e-02,8.478243672821713164e-03,1.161943148551106836e-02,4.328791129443025111e-03,2.595009498460768005e-03,7.731691306183434247e-03,1.052894097820406038e-03,4.174825339634194096e-03,3.460746485477248359e-04,1.506670976279955200e-03,5.449945099793955527e-04,3.385587952383020335e-03,2.261828680638658298e-03,9.554805687108378423e-04,1.045127882647802799e-03,6.857983136959736525e-04,1.985835233742896597e-03,5.569864416793711198e-04,7.599464409003179417e-04,3.495473132155946477e-04,2.034620827757381741e-03,1.117319399419785522e-03,1.112102701824631843e-03,3.412368385170708954e-03,5.743936485292537759e-03,4.126376511855578064e-03,1.209736617007013335e-02,9.588609601373166216e-03,4.439520609079679672e-03,7.096127797478777276e-03,1.811192801039606488e-03,5.383809643435870590e-04,4.527370061072438193e-04,3.285174542688604421e-04,2.244298898007231115e-03,3.709390896063900506e-04,7.872971981496988594e-04,2.175238315176080024e-03,8.691760657467111767e-04,2.987803556091438118e-04,4.042460803749789271e-03,5.562532677444130547e-03,7.599857606072345532e-04,8.195322026884930373e-04,1.896582129639953892e-03,7.769309561572900445e-03,1.504219440971220519e-02,2.207665778157362046e-03,1.330252487098252875e-02,2.639052755792779294e-03,1.105954911831900271e-03,2.429968700032939834e-03,2.260912273323751557e-03,4.231010422260984317e-03,8.452393351159638579e-03,1.037157404565321010e-02,2.503780273317318585e-03,5.658011712068142414e-03,4.860355627713435281e-03,3.360959730594742425e-03,5.890487566618102071e-03,7.216870021893053572e-03,1.274651234627248962e-03,1.060773293602689351e-03,2.052119110024563497e-03,4.588833450843268595e-03,9.169528650746851294e-04,3.779662436987457977e-03
5.788859501276329145e-02,0.000000000000000000e+00,7.066666520671245622e-02,4.566549343109977538e-02,5.804609258157555907e-02,4.195617189259866903e-02,1.795532868405664076e-02,2.131631772791760596e-02,3.434936235723348025e-02,2.939476026248957329e-03,1.685112030975881997e-02,6.673806669763923801e-04,4.776475210705269717e-03,1.037358770483112237e-02,8.524290164815692683e-03,1.314285622099082597e-02,4.408263434249046382e-03,1.109771362603453188e-02,1.711819737602132685e-02,6.687988928867545126e-03,1.510829797811252470e-02,4.747247370574182029e-03,8.416177798571263316e-03,4.635977970943595816e-03,8.992505269112450669e-03,1.447421513217394574e-02,1.095554628979559511e-03,2.546332335117423937e-03,5.842872167911152903e-04,2.735903564596083460e-03,4.115183296770217464e-03,1.434000467628366747e-03,1.751240765989814591e-03,4.648905878709356197e-03,1.351499120246239544e-03,3.962046441097732442e-03,1.931379314285027252e-03,4.961344882105372597e-03,6.887889097965335834e-03,6.129369756599922650e-04,3.033706729268549791e-03,4.997799179861108464e-03,2.112545030170118535e-03,9.955050981427992704e-03,3.401664048014256623e-03,2.332143498268165940e-03,2.220255083413019692e-02,4.085766861740482148e-03,3.847703107095855248e-03,9.793429827288343062e-03,4.189352055361589798e-03,6.720750325136416216e-03,2.238575023830219075e-03,1.390696372125444988e-02,4.483002011879745272e-03,6.456780296859589499e-03,1.276449833042106463e-02,2.770330337042682320e-02,1.274032749420611101e-02,2.658087640761224932e-02,1.591307685633448765e-02,1.897228347592921395e-03,3.212060943699946835e-03,2.359721170992379932e-03,7.278345232577077906e-04,5.448939403388035514e-03,1.463515202529022717e-03,1.095736834015449083e-03,5.239044808770083016e-03,2.761421978561150094e-03,3.860790925422993673e-03
3.237157812514151328e-02,7.066666520671245622e-02,0.000000000000000000e+00,8.061612221567104886e-02,6.170263044001168817e-02,2.414243263568395872e-02,4.103171812836849119e-03,1.642707992362359148e-02,5.817416326189128392e-03,4.263023745059881311e-03,6.817292276784925678e-03,1.915920561299597723e-03,2.215072844125699682e-03,4.276103605475272199e-03,5.238270496078958026e-03,5.594563475725865265e-03,4.265180611143603098e-03,4.820232383370504428e-03,8.039208825091606961e-03,4.339663259658416844e-03,3.207656197430602818e-03,5.270726097173457966e-04,9.372028620232219012e-03,1.832926593147269278e-03,2.275123664819057433e-03,5.650435601196231346e-03,7.099767829812186730e-03,5.818786037502053816e-03,5.125012501522753852e-03,4.837875246385058350e-03,1.152359838348093746e-02,7.633035692856215797e-03,2.658892973829572477e-03,1.209871388075734952e-02,1.692952249491951403e-02,4.067135033724195679e-03,1.023812872344533748e-02,3.047673759449643846e-02,1.010336855452896761e-02,6.569474814897958634e-03,1.740734493215767217e-02,1.029068669877333635e-02,7.593103508175844639e-03,1.398068656005290421e-02,3.499858080213862684e-03,8.020727542885165706e-03,3.779622846063114810e-03,1.249068179976747621e-02,3.895040127462527733e-03,2.143560777128082975e-02,2.700821493852817098e-03,1.407333780889762770e-02,2.560227517556593491e-03,7.638959964097141384e-03,6.232113865877290937e-03,1.032589472903650343e-02,2.803375591433018843e-02,1.027783960481288977e-01,3.493404913782563459e-02,2.272045208882605971e-02,8.085108226701193113e-03,1.349480109655965161e-02,7.895305737343864816e-03,1.979640555551897760e-02,9.375323552545828179e-03,3.578676943217041617e-03,1.321642714658007207e-02,1.045733462602382001e-02,1.126781050272362321e-03,3.111525236596037218e-04,1.096624775822091285e-03
8.649465678630632870e-02,4.566549343109977538e-02,8.061612221567104886e-02,0.000000000000000000e+00,6.917984279386622803e-02,3.343782033491931455e-02,3.892395530849736274e-02,1.049811152764670678e-02,2.834699150235093015e-03,5.723337077101765293e-03,1.490656067643356120e-03,2.339939798056056650e-03,1.989311872564537235e-03,9.588915905659026228e-04,8.202314126256570999e-04,3.691497093804528562e-03,7.763185546575883215e-03,3.904609463430274915e-03,6.618224889654310966e-03,1.438899134063062728e-03,6.475384038310002350e-04,5.767495118668231578e-03,3.527495456281861536e-04,4.447067035881538920e-03,1.159276243693557404e-03,2.059375964261213852e-03,3.464766870428416610e-03,1.024150361085673748e-02,1.055493705090944020e-02,2.282828035392281754e-02,1.317390950356833040e-02,1.185371446477195140e-02,1.078731746048912192e-02,5.660810282208394301e-03,2.052306208754559047e-03,2.531215365854751296e-03,5.622876742411003076e-04,6.482751047921304216e-03,1.688856083058884287e-03,2.716991548878025693e-03,2.771312187234423446e-03,2.911610108201923789e-03,2.681869583373390313e-03,8.199384526655346603e-03,1.470642734366284232e-02,3.086424012075740953e-03,1.035957169362729594e-02,1.301299638930449379e-02,1.849316340370521852e-02,4.818233157160860952e-02,1.499088203296210405e-02,3.279351970483372625e-02,3.057416172032356542e-03,4.476256205217021833e-03,4.677962777440941404e-03,1.622258877189339948e-02,1.591118930353409636e-02,4.275792584341479158e-02,3.580295971021526386e-02,1.436683449488740730e-02,7.499638760657127007e-03,8.391677097036131031e-03,2.361093996688249166e-03,2.723635950217881668e-03,4.245594433973380773e-03,2.676162041108857362e-03,6.991335313820763644e-04,3.635360376793451715e-03,2.202755758338431364e-03,4.781321647747647781e-04,5.387689935194336227e-04
8.478243672821713164e-03,5.804609258157555907e-02,6.170263044001168817e-02,6.917984279386622803e-02,0.000000000000000000e+00,4.190466167994313929e-02,3.080477685430888304e-02,7.194238565986110778e-02,3.845116281850450429e-02,2.030023453021547603e-02,4.449120491304948966e-02,4.405821212484264428e-03,5.451183501840282074e-03,1.947947750857648153e-02,2.150146331168558203e-02,2.763161256987362382e-02,9.086224799373579866e-03,1.554312682798845123e-02,2.657240089575463315e-02,1.134408198926398388e-02,1.930810419429471181e-02,5.926892547065510525e-03,1.233574428181770030e-02,1.200528870787091057e-02,2.303321899590871774e-02,2.174696166511005946e-02,6.111770776578118528e-03,2.599134548954852401e-03,4.944854523210459596e-03,9.119192167201582364e-03,4.988600174020943641e-03,4.357742151584988871e-03,8.081435246021947917e-04,4.560006614210153353e-03,6.813128676985043437e-03,1.560880922256878758e-02,6.906881216280143232e-03,1.459161289231084360e-02,1.990423268573772095e-02,6.385858834937157072e-03,5.030176234117948036e-03,2.257625960804779397e-02,1.416390756643195331e-02,3.252139303993110964e-02,9.727129042141636692e-03,3.627021125061156114e-03,3.697044685576626050e-02,2.117658418882578664e-02,2.100719497739415159e-02,1.708611737018742374e-02,1.324875585964234784e-02,1.416791920626073696e-02,4.350725780368700814e-03,2.913503232509767615e-02,1.878457012498667075e-02,1.746488158218529110e-02,5.046455744263508153e-02,2.970740285789848570e-02,1.539940577479914467e-02,4.453399154531841736e-02,9.460137062195332625e-03,2.733566304008431484e-03,8.280816744771579349e-03,4.918743811229997834e-03,2.915612981979730321e-03,7.335491257170914312e-03,5.673251166765453692e-03,3.499450705473184948e-03,6.422595108106092564e-04,6.987883782119304072e-04,3.039037641588590816e-04
1.161943148551106836e-02,4.195617189259866903e-02,2.414243263568395872e-02,3.343782033491931455e-02,4.190466167994313929e-02,0.000000000000000000e+00,9.096963163453385126e-02,1.025846848003888340e-01,1.188983431200451857e-01,4.530344991014039618e-02,4.756426233292642552e-02,7.124854456900249315e-03,1.634153390464667061e-03,4.705495501724486253e-03,2.684868423413356003e-03,1.997313463347617779e-03,3.212454298623638408e-03,1.000800996967071525e-02,7.358123021696955264e-03,5.670840985001398930e-03,8.533226887692722806e-03,5.107110347725015223e-03,1.248071803423152042e-02,1.239699029707802720e-02,4.078544690333409800e-02,2.158293880584391880e-02,8.337408745296925883e-03,1.516866028069274296e-03,2.006520578850858657e-03,6.526287724167454708e-03,9.438412698333069079e-04,8.670753905659500530e-04,3.310563659630329832e-03,7.828585477652135610e-03,9.814263343926438697e-04,6.766672826869694728e-03,7.757312119089901717e-03,1.866177469563970069e-03,6.384061525506724843e-03,3.914185250737418388e-03,4.815425655630531008e-04,2.604555844726026258e-03,8.797217387905632499e-03,1.170591735448755707e-02,1.059174567578089095e-02,1.225197657839285567e-02,2.143005657378341255e-02,9.895214092259524072e-03,2.137602893384154407e-02,1.418416840243687596e-02,1.638050995295017159e-02,1.259823855108072044e-02,1.915949389844975523e-02,1.409449920185193612e-02,2.090366962015724125e-02,1.246455000129426463e-02,3.199074737368046845e-02,1.523029170873889393e-02,9.834208322108448086e-03,1.298344699724384224e-02,1.927150676854693864e-02,7.182730927582398929e-03,2.457955655045094417e-02,3.657107594436427751e-03,5.890317289372027157e-03,2.667885462019336726e-02,1.787706991730662453e-03,2.929733357985936371e-03,7.634104383687691057e-03,3.011683850093405199e-03,2.033799483327508855e-03
4.328791129443025111e-03,1.795532868405664076e-02,4.103171812836849119e-03,3.892395530849736274e-02,3.080477685430888304e-02,9.096963163453385126e-02,0.000000000000000000e+00,7.180983743524228802e-02,8.451193998324653400e-02,1.237283663972757325e-01,4.662074162240427422e-02,1.468811943806840742e-02,7.364137751263043945e-04,3.464865490536583274e-03,2.176579640942480614e-03,6.500708621828340129e-04,7.462293410143619856e-04,5.765944796660696890e-03,8.355648676413807152e-03,1.124049143414724769e-02,1.343314043802827130e-02,6.121616012179531552e-03,2.612937802733994452e-02,4.738296715544359355e-02,5.117459129340052454e-02,3.818129359271184992e-02,5.049064501315906478e-02,1.300479038578169523e-02,1.791216244299797394e-02,1.301074747136967205e-02,2.434739792896557092e-02,2.086865819374367909e-02,8.668980901318932425e-03,1.470585750144926158e-03,3.509624912249694655e-04,6.367644711327568458e-03,2.565718952785619750e-03,6.607596294537918663e-03,8.042564211146857253e-03,4.467640126966050673e-03,1.014604749738763807e-03,1.904376033552148198e-02,4.244271874030096543e-03,1.275006761608651201e-02,1.160645237630433466e-02,9.604968300453884181e-03,1.392849481894779633e-02,1.390258478832684212e-02,4.336870945660488419e-02,1.527163625639857934e-02,5.430705946654164860e-03,1.033426366331565392e-02,2.458367379751575602e-03,1.104340850985526500e-02,1.751596970031614464e-02,1.333716523156688958e-03,1.454236577477732717e-02,5.819848087539593491e-03,4.417591928397998462e-03,6.793363590918153998e-03,7.110178827256163729e-03,1.567268404679670463e-02,2.053598537051967710e-02,1.589533966724742970e-03,2.478173770040807689e-02,2.361401367104989935e-02,5.119706003458288253e-03,9.542184595803871947e-03,7.198402271233197373e-04,3.387464363883912013e-04,1.392607224919840698e-03
2.595009498460768005e-03,2.131631772791760596e-02,1.642707992362359148e-02,1.049811152764670678e-02,7.194238565986110778e-02,1.025846848003888340e-01,7.180983743524228802e-02,0.000000000000000000e+00,1.117308051077596648e-01,8.241985808102443578e-02,1.140450612926470625e-01,2.910219269494515940e-02,5.197087400389117234e-03,1.579433162068833926e-02,1.309946225312337217e-02,9.001866625411934775e-03,6.879506873152005202e-04,1.280617933279143243e-02,1.995168674791306454e-02,1.390158851224292114e-02,3.349457079266316556e-02,5.597628555234204425e-03,2.437662747774531694e-02,2.771821896827239215e-02,1.986267703460467202e-02,3.926952057545102237e-02,7.289215542078755078e-03,2.459711656307110497e-03,2.541669739678779037e-03,6.432754674850815584e-03,9.218612514843063091e-04,5.548693900114953434e-03,1.678957859199241504e-03,1.191190914077819990e-02,9.662916079215220014e-03,1.515561042535394816e-02,1.122601180522212611e-02,1.705995978137944680e-02,3.105031411198642607e-02,1.475215571591993735e-02,1.844242505578059296e-03,1.356615428429152476e-02,9.438831342282761119e-03,2.944581736240462280e-02,4.449914479179931971e-03,2.723217144773805356e-03,2.547295349647325444e-02,1.477249467535288706e-02,1.312756852120885130e-02,1.149990645551581675e-02,1.241783548422380028e-02,2.531057133775156068e-03,5.955518236877096853e-03,3.083947328895270817e-02,3.148271155117288167e-02,1.617084326793478966e-02,3.976523466784715605e-02,1.027392356990489836e-02,1.872681329477536571e-02,4.348804427221798774e-02,6.696932002728814629e-03,4.417429091832102313e-03,1.113439494833012855e-02,5.580079509947555479e-03,7.470472451026895222e-03,1.256854946872109149e-02,1.186963198979260579e-02,5.631266039630875193e-03,8.058396855139683245e-04,4.649712693408222190e-04,3.726119603889096890e-04
7.731691306183434247e-03,3.434936235723348025e-02,5.817416326189128392e-03,2.834699150235093015e-03,3.845116281850450429e-02,1.188983431200451857e-01,8.451193998324653400e-02,1.117308051077596648e-01,0.000000000000000000e+00,5.835295658036541988e-02,3.195299542506165741e-02,4.537500705409195506e-02,8.380046922582729332e-03,1.624022520834900521e-02,9.054187028446607916e-03,5.025626836330085966e-03,5.166268318013739376e-03,1.752538755780717536e-02,1.032781110188767289e-02,4.524151336517193145e-03,1.797553101616853125e-02,1.524119796562669639e-02,1.421139933183706607e-02,1.607424610363791112e-02,2.477562808852657936e-02,1.340639047474193046e-02,1.091260554995227353e-02,2.578062798906433084e-03,3.333482059736987517e-03,5.728855994486034900e-03,1.775407716024525158e-03,3.053649543757658551e-03,7.074469846562071859e-04,1.139987591715318008e-02,2.692703933334817269e-03,1.907151628188953054e-03,1.972155146924521769e-03,6.638298079879006129e-03,5.958987930032924596e-03,6.592640767982828028e-04,6.994681797205011412e-04,3.700840554476184530e-03,5.599658707990234560e-03,4.458954312254566170e-03,6.090858440634535145e-03,1.087274917508014929e-02,1.637363520348136814e-02,7.822704513318189806e-03,6.935997561413504396e-03,2.090603003754707388e-03,4.325799551998711460e-03,1.898302579937462785e-03,6.082694114652445992e-03,9.704511328083777894e-03,2.178763052173976478e-02,2.006374997259355395e-03,1.335227633411960844e-02,3.213059420733884678e-03,7.424417919609967165e-03,3.844191881394302002e-03,6.573308578206089707e-03,1.461880919199192276e-03,7.461638719422229726e-03,3.123949624652496825e-03,3.973648951130238569e-03,1.670184672009886184e-02,2.808401347617253425e-03,1.910945617896416589e-03,8.598200347538872967e-03,3.225411547956114587e-03,4.605776592877943582e-03
1.052894097820406038e-03,2.939476026248957329e-03,4.263023745059881311e-03,5.723337077101765293e-03,2.030023453021547603e-02,4.530344991014039618e-02,1.237283663972757325e-01,8.241985808102443578e-02,5.835295658036541988e-02,0.000000000000000000e+00,6.999106848834579786e-02,3.467859572492476561e-02,8.489268458806377773e-03,6.536375937913744584e-03,1.320440329638793674e-02,3.914866495317978826e-03,1.150599507524963008e-03,1.877053013577207122e-02,1.033484163271726659e-02,4.873707792304921016e-03,7.638284540444859397e-03,1.048230692498631177e-02,1.765189090971019253e-02,2.357789959408330971e-02,1.024048387214194361e-02,2.574261015109108319e-02,1.976364929803194753e-02,7.526096088351561658e-03,3.663989976852287302e-03,5.530651338613276451e-03,1.098081075461513657e-03,9.072586296522473781e-03,6.159743475233454228e-04,6.724666219919146065e-03,1.192868053457290384e-03,4.623326741035208541e-03,4.235833664363451018e-03,4.504260828750273650e-03,3.413623880911648926e-03,4.463558607011688592e-03,1.432256797293329038e-03,6.767652081418651204e-03,2.483110677655674808e-03,5.370014817082742822e-03,1.608542037695149217e-03,1.829950006774652346e-03,5.163787904887500411e-03,5.603553029957379292e-03,1.979855323727063368e-02,4.613444613607888857e-03,4.201106205278367679e-03,1.547409293286411674e-03,1.504822237625697175e-03,1.266655146967813304e-02,1.501780806921546550e-02,4.223272578756014604e-03,1.109191809027250918e-02,6.935542562704213355e-03,5.006761817095395015e-03,4.262927400730014832e-03,1.497419966669529196e-03,6.508359439173467360e-04,5.293552282285445866e-03,1.474472037827275058e-03,6.666063760291944702e-03,1.842643548182174712e-02,2.442291394971162193e-03,2.525228714436794034e-03,2.318162206721013051e-03,2.929809685075556412e-03,1.797535881360382958e-04
4.174825339634194096e-03,1.685112030975881997e-02,6.817292276784925678e-03,1.490656067643356120e-03,4.449120491304948966e-02,4.756426233292642552e-02,4.662074162240427422e-02,1.140450612926470625e-01,3.195299542506165741e-02,6.999106848834579786e-02,0.000000000000000000e+00,5.666327300823949253e-02,2.136324715962899246e-02,2.456063089423340950e-02,1.741586180551962446e-02,5.518806004980517967e-03,2.929553403668291173e-03,1.921527701786064635e-02,8.472810465212301731e-03,7.330973359956626315e-03,2.353304246257771279e-02,1.744934202438953169e-02,2.807887350886173472e-02,1.959732858017065177e-02,2.584570940121210317e-02,3.157478255850697246e-02,1.227633833619693783e-02,8.650198167553749956e-03,1.503795964274148855e-03,5.452885151978813195e-04,1.834970380183582970e-03,2.855645368633325659e-03,9.506510256803335675e-04,1.568010883963866231e-02,1.907612587011641271e-03,2.046470436716398174e-03,4.502294793856346546e-03,8.992296309626205200e-03,7.904746499566940587e-03,1.646416175624757731e-03,7.076670954252137777e-04,6.220624003298793649e-03,1.007959042571229856e-03,3.854454021734902720e-03,2.112929425531414294e-03,6.210569381668007947e-03,9.674515682352141654e-03,1.944223919169584328e-03,9.780685575108907445e-03,1.308865799356072421e-03,5.013294681590947481e-03,8.595756404642251750e-04,1.172625755473817241e-03,1.264102918365379510e-02,2.547952172788212760e-02,5.323843800744793367e-03,8.265443568076080022e-03,4.392791943271691715e-03,2.315176639438473478e-03,6.228145748792018009e-03,3.590143520413978471e-03,3.261053184452652022e-04,1.083753013995802233e-02,4.818161992892779771e-03,2.226725962073934986e-03,1.649026998543826755e-02,3.819322536188701940e-03,5.416924892308746901e-03,3.532090417111865329e-03,3.371801960154637012e-03,1.452954055338024535e-03
3.460746485477248359e-04,6.673806669763923801e-04,1.915920561299597723e-03,2.339939798056056650e-03,4.405821212484264428e-03,7.124854456900249315e-03,1.468811943806840742e-02,2.910219269494515940e-02,4.537500705409195506e-02,3.467859572492476561e-02,5.666327300823949253e-02,0.000000000000000000e+00,1.464031394000013531e-02,6.928264139841458676e-03,4.201249002672212927e-03,1.111424032739251160e-02,2.439160483592143699e-02,1.162612168282819687e-03,4.414538198972684760e-04,4.725606747265305441e-03,8.933532344153446081e-04,2.478913830487515686e-03,1.078847882117776533e-02,5.591217691474126110e-03,8.819608771443339379e-03,6.502324608874945552e-03,7.598567572791846587e-03,5.740972788783854641e-03,2.809010076315126333e-03,3.634961866918180284e-04,3.938307449189703061e-03,1.856732532694748382e-03,1.268496982829347237e-03,1.431688453381918785e-03,4.981803500681854626e-04,4.195023393439700071e-03,9.649675444718496106e-04,7.440125461804118290e-04,2.942011483511361609e-03,6.246948643492218275e-04,6.372957145341222839e-03,6.285473558012693316e-04,1.243425172111701669e-03,2.117938531138166634e-03,1.587957036569657976e-03,1.742847127506146412e-02,7.220979315868014670e-03,7.276873255093474230e-04,4.137485111658928405e-03,8.787152652311377987e-04,1.508375767629062262e-03,1.400379491643131578e-03,6.193534066828947429e-03,6.128831061742310432e-03,1.195484745138544747e-02,4.174763391390993571e-04,5.470152134527312728e-03,1.798779400519645143e-03,1.622897293556361826e-03,1.441898806121133655e-03,1.346227845185613958e-03,2.387902781029636705e-03,6.125859187467184129e-03,5.514163364322052438e-03,9.986516112521659928e-04,9.903993807546720290e-03,1.410778125400390494e-03,1.107135757897407570e-03,4.251461883594711937e-03,3.281007842950137057e-04,1.535616211464614113e-03
1.506670976279955200e-03,4.776475210705269717e-03,2.215072844125699682e-03,1.989311872564537235e-03,5.451183501840282074e-03,1.634153390464667061e-03,7.364137751263043945e-04,5.197087400389117234e-03,8.380046922582729332e-03,8.489268458806377773e-03,2.136324715962899246e-02,1.464031394000013531e-02,0.000000000000000000e+00,6.047772908571982103e-02,3.976728622129675761e-02,8.221199254432690062e-02,9.190121410741484975e-02,1.712408201819374046e-02,2.028392499408647118e-02,2.892219295919805366e-02,2.708374348722333066e-03,6.666113538999257973e-03,2.960730705418950209e-03,3.546967318897630787e-03,4.083655644243730683e-03,6.552530637814185134e-03,1.046964909239743013e-03,2.731548774234714410e-03,5.485324670940483482e-03,7.053192233542385746e-03,1.345492617364982919e-03,1.975073193060384018e-04,1.074516591579198791e-03,1.399376726536832784e-03,1.670744473251257892e-03,4.408530652373726134e-03,1.539885747083812517e-03,6.996502633795474583e-04,3.507545718562684982e-03,1.598973834041743716e-03,2.187309097127515360e-03,3.956170671009087009e-03,2.107917681836878521e-04,2.411242725528754769e-03,1.062995058675332994e-03,6.920194715294883392e-03,6.108144464343814297e-04,6.209555127698255898e-04,6.425797480551623036e-04,1.807017140329391942e-03,1.063010133692276950e-03,1.765088573455404417e-03,2.692512098079400708e-03,6.526114482206023335e-04,6.838815063424067905e-03,2.092884925684509664e-03,2.021452566253247388e-03,4.429236078242254279e-03,1.203824110422960312e-03,5.509318858526920590e-03,2.894598575242283457e-03,4.753218212376495106e-04,1.066740652234404122e-03,8.713378422032994411e-03,6.238012054295472876e-03,1.393606642848137928e-03,6.130227442425769009e-03,2.941607264431663794e-03,1.338533778083232217e-03,7.253764979492208264e-04,1.276321501491624669e-03
5.449945099793955527e-04,1.037358770483112237e-02,4.276103605475272199e-03,9.588915905659026228e-04,1.947947750857648153e-02,4.705495501724486253e-03,3.464865490536583274e-03,1.579433162068833926e-02,1.624022520834900521e-02,6.536375937913744584e-03,2.456063089423340950e-02,6.928264139841458676e-03,6.047772908571982103e-02,0.000000000000000000e+00,5.414792570962399798e-02,2.845472447017959906e-03,1.015509043615082652e-01,3.604254177508465357e-02,1.033772157365467868e-02,4.053750918487043081e-02,1.090821942002717475e-02,2.185091353001965969e-02,8.326104518217479966e-04,7.355407906816176407e-03,4.497503552425888805e-03,3.650466153381816143e-03,2.115268568661826405e-03,2.412482305004464474e-03,2.299448548278884563e-02,2.153749471303117134e-03,3.703755786626107983e-03,4.017303707976529678e-03,1.834281835386717806e-03,1.460147577543720494e-03,2.949646553279586421e-03,2.884722112617885224e-03,3.956299045371950915e-03,4.590350709779102666e-03,1.314448998138439701e-03,2.408934270740425466e-03,3.494849174850394105e-03,6.217331096125195897e-03,2.491764824289254953e-03,9.258083319086630666e-03,5.222179814180041065e-04,8.237052010027331311e-03,1.376160436250706753e-03,1.216313997546949674e-02,1.275656230365447867e-03,1.998809435710755499e-03,3.544084545161077168e-03,5.328390659962420122e-04,1.815554623703617872e-03,4.633647745136134505e-03,4.764735892283214307e-03,6.425055424406873189e-03,3.648402044537336734e-03,7.356870916271392689e-03,6.833871970132494346e-03,8.717773868012491587e-03,1.282906686737674646e-03,1.646445045125069983e-03,9.467428276252502165e-04,1.007588365013289446e-02,2.456690953686149672e-03,4.374421153029397179e-03,7.831871174218029558e-03,8.657017805853097284e-03,4.200612972253407393e-03,3.337057065253697889e-03,1.693970733435035732e-03
3.385587952383020335e-03,8.524290164815692683e-03,5.238270496078958026e-03,8.202314126256570999e-04,2.150146331168558203e-02,2.684868423413356003e-03,2.176579640942480614e-03,1.309946225312337217e-02,9.054187028446607916e-03,1.320440329638793674e-02,1.741586180551962446e-02,4.201249002672212927e-03,3.976728622129675761e-02,5.414792570962399798e-02,0.000000000000000000e+00,3.168739802393278487e-02,1.241850229858210142e-01,8.170795951526590994e-02,2.716437337970630320e-02,2.054095443457678097e-02,1.361060440093481930e-03,4.237902371849993494e-03,7.490504735445806077e-03,3.345462525234466165e-03,5.854988890277191584e-03,4.093769236342451392e-03,9.573963523465688769e-03,2.793842359401433467e-03,6.082729199904549772e-03,1.674796326423981475e-03,1.048757161566257409e-02,1.619927322473694621e-03,8.365574037231942326e-04,9.565808312474237754e-03,4.135922459389979391e-03,5.087323994690724251e-04,7.454286617376575282e-04,9.212409936170232877e-03,5.054252800396010934e-04,1.196337728548547887e-03,1.593445032524414776e-03,7.649015973793906950e-03,6.452095478733691283e-03,2.608613526368274132e-03,1.147052109612332850e-03,2.971300031207246492e-03,3.132722044797965795e-03,9.814686694540287679e-03,2.581937104654279461e-03,7.533008948576111214e-04,6.403128710367167985e-04,5.440175544769224308e-04,2.141195128325484279e-04,2.112905895989078495e-03,6.913275845274012218e-03,1.170825545212882774e-03,4.685165568333959571e-03,6.863996694231933905e-03,5.667944390178567687e-03,6.440841961483013967e-03,3.631401207406227856e-03,4.693914416716600882e-03,4.463215965676354396e-03,2.126257497967304864e-03,1.297247106189640051e-03,7.432291922916708059e-03,3.794822575593430770e-03,5.076473562445064230e-03,6.389687938502343345e-03,1.073776288102655865e-02,2.432077558556733354e-03
2.261828680638658298e-03,1.314285622099082597e-02,5.594563475725865265e-03,3.691497093804528562e-03,2.763161256987362382e-02,1.997313463347617779e-03,6.500708621828340129e-04,9.001866625411934775e-03,5.025626836330085966e-03,3.914866495317978826e-03,5.518806004980517967e-03,1.111424032739251160e-02,8.221199254432690062e-02,2.845472447017959906e-03,3.168739802393278487e-02,0.000000000000000000e+00,1.187720209573389363e-01,3.941679802088435269e-02,5.044249538375170094e-02,9.470949756088765589e-03,3.126762500171572073e-03,2.368823330966811011e-02,9.286788406244536956e-03,6.403326852511963783e-03,7.214897335645588210e-03,8.071275901564070945e-03,1.229061834183073354e-02,1.828404065270403805e-02,2.330166813493998561e-03,3.972785837516251174e-03,7.873808760371418108e-03,2.302510474863774892e-04,1.290696463657443850e-03,1.315664138101665763e-02,7.394176151793829810e-03,2.500659820216161178e-03,6.704893174646723263e-03,7.657477082678168338e-03,9.308397150468825272e-04,3.605395416577087883e-03,1.604404887737903617e-03,3.153622761825623007e-03,1.362653143273240188e-03,6.066365683747133343e-03,8.493639372656212405e-04,2.766545894020563338e-04,4.409672763894219479e-03,7.877133703411106844e-03,3.623706135355384862e-03,2.517623571610371098e-03,4.034753996076772251e-04,1.154336898448142870e-03,8.293872141782878500e-04,5.145355026053260138e-03,6.619413731214059344e-04,9.638797935302102424e-03,1.126024413497001692e-02,1.190574110907603213e-02,6.009514122515968379e-03,5.001473687566271482e-03,6.075368710480465520e-03,2.570581153170384096e-03,1.372176183736075958e-02,6.048417150750205230e-03,1.165099753626677899e-02,8.935829758669064371e-03,1.856890244352436825e-02,7.374123045797160991e-03,2.244622759289928091e-02,1.058682807024622675e-02,8.527933000804848937e-03
9.554805687108378423e-04,4.408263434249046382e-03,4.265180611143603098e-03,7.763185546575883215e-03,9.086224799373579866e-03,3.212454298623638408e-03,7.462293410143619856e-04,6.879506873152005202e-04,5.166268318013739376e-03,1.150599507524963008e-03,2.929553403668291173e-03,2.439160483592143699e-02,9.190121410741484975e-02,1.015509043615082652e-01,1.241850229858210142e-01,1.187720209573389363e-01,0.000000000000000000e+00,8.413659002290305167e-02,5.656753214059907775e-02,5.835533579058109488e-02,2.983653934271628116e-02,1.943915318122128519e-02,1.361837949393107476e-02,1.621421790807396277e-02,1.386868203442395003e-02,1.402347465243095406e-02,1.623442330423180251e-03,1.793016423424255218e-03,1.137517070373039035e-02,6.733673824044232939e-03,1.192059426528179616e-02,5.403490547071563774e-03,9.856218587012499730e-04,2.158218895205749749e-03,4.367977300385935194e-03,1.133702865750369285e-02,9.680851105985498889e-03,1.925354872307501620e-03,2.766367011354161146e-03,2.065171087082910955e-03,2.229425363941816944e-03,2.490542298296428026e-03,1.099930453419248376e-03,8.203401754574785390e-03,3.591107462335810544e-04,7.754006665153348986e-03,1.485025533289971921e-03,5.078961164455891505e-03,3.419569785781978021e-03,3.161063903249675122e-03,3.314729591038444948e-03,1.426538338772563586e-03,8.692511396250683295e-03,1.809861509204530039e-02,6.188510634944058200e-04,1.786970156969937967e-02,5.888034026524095743e-03,5.564738290118807947e-03,1.134466515983121107e-02,7.294854193015616432e-03,1.879947522217697339e-03,1.080132121969027250e-03,4.455056984585972421e-03,1.182311973275193898e-02,2.535589296670514529e-03,5.502720654744406269e-03,1.144332869940284207e-02,7.933675247801622379e-03,1.718618007264592282e-02,8.474402959831275894e-03,6.648917322712473779e-03
1.045127882647802799e-03,1.109771362603453188e-02,4.820232383370504428e-03,3.904609463430274915e-03,1.554312682798845123e-02,1.000800996967071525e-02,5.765944796660696890e-03,1.280617933279143243e-02,1.752538755780717536e-02,1.877053013577207122e-02,1.921527701786064635e-02,1.162612168282819687e-03,1.712408201819374046e-02,3.604254177508465357e-02,8.170795951526590994e-02,3.941679802088435269e-02,8.413659002290305167e-02,0.000000000000000000e+00,1.130679014198455595e-01,5.185478578401339633e-02,7.105658138904942522e-02,2.472007384638484975e-02,3.807520125625904472e-02,3.364138723741753878e-02,1.004528994079692018e-02,6.725412980001106364e-03,7.425667227320274094e-03,1.296244729777249697e-03,1.629148486027021331e-03,1.554463046498780546e-02,1.579166842486524197e-02,4.152905331245029807e-03,2.505409038087866302e-03,4.398673774515735047e-03,1.896031246107181788e-03,1.191940262967474892e-02,8.490576936664478297e-03,2.522002105458625524e-03,2.200902661317899120e-03,6.071063315870884811e-03,2.481566152990051771e-03,3.530577874139411917e-03,1.880473326048635267e-03,9.808932879015106604e-03,1.011593413783037649e-03,2.172363125854959338e-03,5.350836749292316001e-03,2.314482968686981407e-03,2.365773075387259203e-03,4.658910071020709760e-03,1.154938414909811905e-03,5.120980801159422460e-03,6.051097749648804910e-03,7.752978100338463879e-03,5.108537251131928204e-04,2.282714893412831052e-03,1.395332938710800753e-02,5.247915584826986883e-03,1.054857391518990335e-02,1.139166630145838077e-02,1.173296887984385129e-03,1.721783887847564950e-03,3.394389018408484632e-03,6.215210817168618021e-03,1.226148987554678479e-03,1.406066621631327923e-02,1.751187444669795659e-02,5.879704527308914769e-03,1.891121175362918405e-02,5.462370841771590178e-03,1.197171105780393645e-02
6.857983136959736525e-04,1.711819737602132685e-02,8.039208825091606961e-03,6.618224889654310966e-03,2.657240089575463315e-02,7.358123021696955264e-03,8.355648676413807152e-03,1.995168674791306454e-02,1.032781110188767289e-02,1.033484163271726659e-02,8.472810465212301731e-03,4.414538198972684760e-04,2.028392499408647118e-02,1.033772157365467868e-02,2.716437337970630320e-02,5.044249538375170094e-02,5.656753214059907775e-02,1.130679014198455595e-01,0.000000000000000000e+00,1.367836649841018826e-01,8.888938199885798586e-02,6.356259600022508283e-02,1.718386017974855851e-02,1.298172031091743284e-02,3.151431186567439559e-03,9.110535833921774851e-03,6.408897626969457459e-03,7.158959642449928655e-03,2.160229759755695478e-03,1.418076018076706250e-03,8.616926460754037800e-03,1.221764261030525503e-03,8.276007218541343597e-04,2.841075001650135087e-03,7.315691940601497332e-04,1.109151747805404119e-02,6.377904622552083014e-03,9.648450831645348112e-04,2.666696355385841390e-04,1.962319075082400496e-03,1.314701799546578401e-03,3.287922632128935548e-03,1.051880794342872558e-03,9.046236821616584697e-03,1.247803889552987497e-03,2.384219179155893601e-03,7.678967245124625543e-03,4.934399194272623933e-03,5.442051560630637233e-03,8.858979021205339466e-04,1.583532196382518662e-03,4.069599701948434407e-04,3.571871002274251000e-03,1.690054648937622597e-02,3.601559790725282397e-03,9.138566016548806473e-03,2.522121792932724080e-02,1.379671311477000464e-02,1.023138553984537236e-02,1.092803732769949236e-02,1.509286772331948270e-03,1.307390224744904182e-03,7.653171172269033736e-04,3.494753265938870500e-03,6.417729265194898648e-03,1.196181408630517772e-02,6.400670627197123895e-03,1.025625343515521211e-02,4.435670863358183447e-02,4.989635739485238225e-02,2.757475222225270681e-02
1.985835233742896597e-03,6.687988928867545126e-03,4.339663259658416844e-03,1.438899134063062728e-03,1.134408198926398388e-02,5.670840985001398930e-03,1.124049143414724769e-02,1.390158851224292114e-02,4.524151336517193145e-03,4.873707792304921016e-03,7.330973359956626315e-03,4.725606747265305441e-03,2.892219295919805366e-02,4.053750918487043081e-02,2.054095443457678097e-02,9.470949756088765589e-03,5.835533579058109488e-02,5.185478578401339633e-02,1.367836649841018826e-01,0.000000000000000000e+00,6.196420184559938565e-02,1.078827431141156507e-01,5.655302911220004558e-02,5.242109797152447875e-02,4.643150030568054393e-02,1.501042621217250905e-02,3.391279288111635325e-03,4.273646697450740259e-03,1.195188490998378567e-02,2.721078085047413161e-03,1.766946049823538145e-02,3.305955340009439618e-03,1.098273282408548761e-02,1.008297994678986542e-03,2.979216918054819474e-03,1.048046684601940115e-02,1.107228240876818176e-02,3.958188471556018696e-03,5.303999051771399881e-03,1.163288566061263787e-03,1.109406422190374435e-02,2.852659891518478409e-03,6.072193099418380681e-03,1.665259478039084326e-03,1.697360942444208973e-02,2.559876988101229952e-04,6.267634981796096905e-03,2.382959021006885066e-03,7.940622416297951668e-04,1.923321065559055552e-03,2.630540873681013608e-03,3.491663899566980686e-03,3.036186908937546503e-03,3.235639339166301604e-03,9.339610431936931677e-04,5.308829024405943564e-03,1.003147511770098761e-02,5.181381666383966765e-03,6.243194492066276267e-03,1.080091874297920383e-02,2.027088380477036836e-03,3.530066863015998615e-03,1.139729570855568634e-02,1.271182416736904228e-02,1.896912808583354343e-02,6.302209097753087852e-02,2.689875403408695936e-02,2.485574440253920936e-02,6.028072300295959224e-02,1.651515540866369328e-02,1.773101391378260894e-02
5.569864416793711198e-04,1.510829797811252470e-02,3.207656197430602818e-03,6.475384038310002350e-04,1.930810419429471181e-02,8.533226887692722806e-03,1.343314043802827130e-02,3.349457079266316556e-02,1.797553101616853125e-02,7.638284540444859397e-03,2.353304246257771279e-02,8.933532344153446081e-04,2.708374348722333066e-03,1.090821942002717475e-02,1.361060440093481930e-03,3.126762500171572073e-03,2.983653934271628116e-02,7.105658138904942522e-02,8.888938199885798586e-02,6.196420184559938565e-02,0.000000000000000000e+00,1.190596072381549381e-01,1.580607041756376674e-01,1.924559729181077872e-01,5.697118394151537424e-02,1.057710256412224270e-01,4.285853734278091687e-02,1.500532827731930821e-02,4.781101821978166883e-02,1.943532444027021300e-02,9.524820284964118089e-03,3.854826054655360965e-03,5.097518871380874242e-03,2.248413178424358509e-03,5.874554169097803182e-03,9.624792539200290389e-03,1.981500796282720245e-02,1.209002931331191327e-02,2.450018314260268837e-03,3.926884606102504401e-03,1.524927833742773485e-02,3.402974316682229501e-03,5.340271034004079667e-03,1.862178927429792089e-02,1.416572579370763878e-03,1.075657253024677254e-02,1.059900329377125652e-02,5.007391261000504988e-03,3.222966198758230646e-03,2.989398446349885753e-03,1.057848486873968997e-03,3.932066689628196249e-03,5.183216227276984597e-03,6.155284331056881143e-03,6.809307064318875433e-03,3.359525338379999726e-03,1.484218865626054165e-02,3.940542828502739507e-03,8.936302027095143971e-03,1.279955799721807161e-02,8.763909070570292947e-03,4.090196227325863039e-04,9.509923200725453607e-03,2.548129824846940769e-02,3.410102126839266445e-02,1.063317569623989378e-01,4.433339123181293667e-02,2.708396899130091282e-02,1.032585391093631712e-02,4.269779549884257508e-03,1.812057809841549974e-02
7.599464409003179417e-04,4.747247370574182029e-03,5.270726097173457966e-04,5.767495118668231578e-03,5.926892547065510525e-03,5.107110347725015223e-03,6.121616012179531552e-03,5.597628555234204425e-03,1.524119796562669639e-02,1.048230692498631177e-02,1.744934202438953169e-02,2.478913830487515686e-03,6.666113538999257973e-03,2.185091353001965969e-02,4.237902371849993494e-03,2.368823330966811011e-02,1.943915318122128519e-02,2.472007384638484975e-02,6.356259600022508283e-02,1.078827431141156507e-01,1.190596072381549381e-01,0.000000000000000000e+00,2.145759832571329517e-01,2.189433684673893210e-01,3.204292567020991522e-01,7.417799630000627975e-02,3.349649478317142520e-02,2.732809848820692486e-02,4.416876930347299335e-02,1.789785575814263618e-02,1.058174227706200300e-03,2.099514738628861787e-02,7.109819783160518068e-03,2.255944327694896917e-02,4.887273887450562827e-03,2.492854628930618165e-03,1.089839124922115793e-02,4.798459262777323049e-03,1.887317142305263177e-03,6.903500093729132009e-03,6.479858398324937936e-03,3.237580450015905068e-03,1.651652476856183211e-03,7.777495052647922201e-03,2.158077268574448704e-03,2.775923314713553847e-03,4.476046485560876247e-03,8.100626980992935849e-03,1.009443343244783610e-02,4.115971458360508789e-03,8.420603034849850899e-03,2.404016551298227260e-03,6.156407227790648348e-03,3.267570647964733108e-03,2.426033211245982478e-04,1.464143969979054541e-03,2.151682932856955124e-03,1.456741170138686758e-02,7.575266148796750733e-04,8.656050498631154581e-04,3.561889628236258876e-02,2.506533137304366859e-02,3.197195140372034727e-02,2.974430075352436920e-02,2.035809512477733743e-02,1.988996601319841517e-01,5.546679539819452526e-02,3.919950299287466161e-02,4.625299686254264603e-02,1.534082311044821477e-02,1.190282875653742196e-02
