0.000000000000000000e+00,1.056202055301679044e-02,1.817947629283047858e-02,1.582257764595404459e-02,3.212134213332225319e-03,5.337439958739918430e-03,1.882086225959343512e-03,2.208282511420547184e-03,3.509312555302495067e-03,2.141275576527308308e-03,1.330004857003819771e-03,2.544329098242688954e-04,9.887289583073977615e-04,5.638164668132624943e-04,2.179327557340108256e-04,2.414799239250952137e-04,1.007813281513845853e-03,1.345689569247688440e-03,7.185594218267655911e-04,1.083321897896619189e-03,1.442022274363708671e-03,3.100687828122898788e-03,2.706332135469796825e-04,1.247385210009427110e-03,3.508126499040009703e-03,9.020597888660368156e-04,4.420122943836017441e-03,1.990931893734524793e-03,3.541581454923141935e-03,5.697910025891436171e-03,5.254295466737031808e-03,3.790200232815412427e-03,3.073578458319075387e-03,4.359399364013653334e-03,2.219154877861948916e-04,2.149008859860247994e-04,7.463524135515437440e-04,2.725816800071831966e-04,9.217378357786928369e-04,7.969900712222927367e-04,3.032066294845343598e-04,1.191885533383397078e-03,6.605790868053687797e-04,1.929015466822279687e-03,1.921171927786265513e-03,4.780322606036462268e-04,1.084892872751685436e-03,2.662996431591737115e-03,1.819289446878642790e-03,4.928383998330102336e-04,9.401240777972596011e-04,1.193306096044949869e-03,3.251811613924403895e-04,8.003375760638038955e-04,4.606449212911569867e-04,3.195581195489618706e-03,1.835911946315061543e-04,1.524120203341966214e-03,4.606245325491792070e-04,2.492604501097691379e-03,2.939346413827791712e-04,3.370536248340821363e-03,8.358061341525952826e-05,3.222057901960341444e-04,6.916788148045293358e-04,1.664500965866686291e-04,2.052984126606105693e-04,3.551259146662068419e-04,3.748061422029872435e-03,4.554591431794565359e-04,2.156351509753650676e-03
1.056202055301679044e-02,0.000000000000000000e+00,1.352046241099066556e-02,4.222645660480855295e-02,1.254452754199216619e-02,1.564567233206152347e-02,2.860190827754901816e-03,3.589799612430000231e-03,2.001881894770457873e-03,3.542035163728550051e-03,3.007251864047454527e-03,1.352119815409750722e-03,1.342775427840499835e-03,8.067791948227049335e-04,3.918315337715959704e-04,1.973856389811897566e-03,5.184475265190137232e-04,1.295604043540428754e-03,3.334043044043663324e-04,1.535185077998633919e-03,1.794637640854234665e-03,2.871554111462152562e-03,1.877986866466925010e-03,1.524622679030683244e-03,8.119463969163328090e-03,1.390129754655675337e-03,9.251927309657624263e-03,2.115991473134496651e-03,8.861466696055423503e-03,9.847739427232009637e-03,3.804602885730450166e-03,4.869245136416119196e-03,4.760838663468380805e-03,4.089398745321637038e-03,1.925567083004367476e-03,5.832161259526001370e-04,3.071712606299875528e-04,8.388362203376932167e-04,5.952307262995078186e-04,1.798240302491501026e-03,6.975428072153107588e-04,4.428224170227279240e-04,1.107277531635891821e-03,2.757450383195421840e-03,7.326082021644398550e-04,3.682727428928552513e-04,2.006035998060277416e-03,2.570671957493959620e-03,9.315729642135837365e-04,1.482249317689187176e-03,6.133645278653015228e-04,2.998496768576179063e-03,3.903882520627817562e-04,3.256760848771769593e-04,3.223231908990731439e-04,1.739295061645630301e-03,3.217085883678494807e-04,7.119912739608115363e-04,5.115462932948744825e-04,1.155175279165973363e-03,3.648989385430591900e-04,1.393333353890702621e-03,1.195376242017326916e-03,4.604658213881596541e-04,6.882123400742332087e-04,1.054461316745621512e-03,8.416322950118969998e-04,8.575599903496105127e-04,3.416475257542421397e-03,4.475483398105549980e-04,3.798144821621919631e-03
1.817947629283047858e-02,1.352046241099066556e-02,0.000000000000000000e+00,2.563985539203952196e-02,9.915643202187719718e-03,1.558542844968437840e-02,5.628264471208370076e-03,3.942253872227517372e-03,4.449895135540573275e-03,8.372173661070999489e-04,1.325550209250825860e-03,1.211059327229483317e-03,2.376648061022989481e-03,2.038250391734457937e-03,4.455021931426902276e-04,3.515276336282317435e-03,2.582629041705385153e-03,3.774693047532017465e-04,1.138721636619114286e-03,1.177276324750157858e-03,1.653503986021187620e-03,3.852941999164576515e-03,1.890404544542505097e-03,1.260230153454183159e-03,4.372426456758464822e-03,2.017587550521670724e-03,3.139992770078173408e-03,3.568761107089055877e-04,3.162709227693241091e-03,2.069005496722928911e-03,2.080483318515575185e-03,2.620788582280244618e-03,4.665446368898621028e-03,6.897081312101342385e-03,1.161700954113622196e-03,9.482237070598050106e-04,7.851968095129579096e-04,2.638141666609288265e-03,1.810684060042242946e-04,1.503445993925311150e-03,4.351278270450389496e-04,3.366798342762936038e-04,4.771825252011609761e-04,1.702095766033593369e-03,3.449713347327711382e-04,1.072430498110017076e-03,2.609821758029790863e-03,1.612515907388949263e-03,2.138269952856795570e-03,1.366549843363943023e-03,1.377208665108071474e-03,2.534287891848097194e-04,6.932195532430667200e-04,1.599643879856409720e-03,7.771773207323199239e-04,4.125259073507534305e-03,9.148641650858265612e-04,4.321143298622117540e-04,4.123028390809202644e-03,1.113995295823176721e-03,5.675704362866063318e-04,2.341590013357641980e-03,7.282318832095027944e-04,4.175055183725633339e-04,5.226553340489204858e-04,1.621010809757810270e-03,5.678556948088848283e-04,3.580267751264870342e-04,7.217996470562169486e-04,4.532062693125035019e-04,4.859601133370216957e-04
1.582257764595404459e-02,4.222645660480855295e-02,2.563985539203952196e-02,0.000000000000000000e+00,2.048162362262928582e-02,3.460364472846954448e-02,1.112791778277624766e-02,8.939433193543759246e-03,1.392900179469187816e-02,9.491007478172818271e-03,5.696182628436666576e-03,2.114655780279535435e-03,8.606114819536379509e-03,5.766452593713494203e-03,1.189745066216430641e-03,3.357911960885720266e-03,4.536534887896096109e-03,1.775168869781429317e-03,1.986888400127196155e-03,1.174658890759495815e-04,8.503436818702371806e-04,2.541973644711664152e-03,4.870027222334819689e-03,6.003314373797915410e-03,7.478996518204585921e-03,2.050936040275943336e-03,1.309656821121987433e-03,1.086704854173055823e-03,5.808900359764466136e-03,1.750276823496939955e-03,2.229016083591162101e-03,3.548035418983238026e-03,6.779122782075167270e-04,3.753990264579900975e-03,1.708413572437519901e-03,5.217668686069377917e-04,6.195645998801227548e-04,1.664573368969535835e-03,7.577568404719664920e-04,6.939379319814587433e-04,4.672568445063888729e-03,4.620088487886113079e-03,2.839150268265553355e-04,3.582753859171184437e-03,6.209592723004055820e-03,1.452084529735389639e-03,3.041802797357418507e-03,3.344790941535992230e-03,3.173881439220815892e-03,2.333933746305462149e-03,2.126499072396438247e-03,5.144833856994830267e-04,1.587561238538416153e-03,2.412092212753633516e-03,1.026518275625131361e-03,9.238295181663047119e-04,1.946845630896625306e-03,2.461168646858571496e-04,5.330052668656945838e-03,1.237115710692725809e-03,8.590236309252998435e-04,3.286373271174838646e-03,2.602758942327713411e-03,3.204403927833099071e-04,8.235956366186929743e-04,7.399250771948852508e-04,1.711215791709341620e-03,1.832681573902141372e-03,1.216326329522253880e-03,5.699232985308069115e-04,6.947179902750321920e-04
3.212134213332225319e-03,1.254452754199216619e-02,9.915643202187719718e-03,2.048162362262928582e-02,0.000000000000000000e+00,2.355610640567033440e-02,1.411974546881943765e-02,2.892534623659773901e-02,4.238532228078576575e-03,1.999154024959207826e-02,3.125080121293686165e-03,4.110717920224879647e-03,1.536143721515605826e-02,1.094593753853561995e-02,3.812852329869544695e-03,6.704549764030741203e-03,1.097954632347993356e-02,9.644092149782947706e-04,4.596208622495342663e-03,9.927194585718439324e-03,1.582034952002431705e-03,5.122697826023918377e-03,2.154708568827573990e-03,3.279842721917142212e-03,4.315033830875104198e-03,3.483922232119674150e-03,7.435452667808904910e-03,8.266030389954045349e-03,6.773813886596555776e-03,7.807205429607254506e-03,9.216754187820742211e-03,2.314887324219662250e-03,1.144964670558533924e-02,7.779458781198434446e-03,1.354261082445537860e-03,5.285664968180603862e-04,2.394464857477807303e-03,5.419198929076949126e-03,1.356218422817592533e-03,8.423254511669100997e-03,1.288089780968607349e-03,2.001334458236783600e-03,7.600900068609214508e-03,7.869775121687613839e-03,2.392876544523814004e-03,6.846302030689760051e-04,4.402124594817751792e-03,3.912904016089076287e-03,1.153462203062468380e-03,4.750085185636323181e-04,3.311331343082821090e-04,1.710433490875785901e-03,7.823412777739929174e-04,1.162418497585850042e-03,2.492888870063271283e-04,1.070592472399875062e-03,1.407750237112213474e-03,2.327137817757435670e-04,9.203750283270980149e-04,6.817273663283826730e-03,1.649989146440575087e-03,4.346120847618551927e-03,4.763707134930676820e-04,1.465053234785596470e-04,9.670391447723015099e-04,2.243787276704662780e-03,3.752818081795734353e-04,1.007594469448200259e-03,2.799430709876218025e-03,1.699411456387077499e-03,9.964820619531341694e-04
5.337439958739918430e-03,1.564567233206152347e-02,1.558542844968437840e-02,3.460364472846954448e-02,2.355610640567033440e-02,0.000000000000000000e+00,2.968912176109061996e-02,2.618979489167802543e-02,2.792922926217560747e-03,1.851459126914449874e-02,7.221444962620759619e-03,8.667808213811488416e-03,1.454661769145457889e-02,1.362998219927761753e-02,9.392243185930366361e-03,6.206326822143693259e-03,1.803739083566959292e-02,2.158062651237697971e-03,3.341880351328547615e-03,8.122962052469023114e-03,7.964106381978568877e-03,1.215881488302612357e-03,1.563485114725499158e-03,1.027424990918556803e-02,7.145018540236300515e-03,1.758458192922165292e-03,1.170591030928812802e-03,5.408379662191192989e-03,4.092722648557851547e-03,8.082425805736362032e-03,4.000039623631753381e-03,1.729945516899788040e-03,3.386140575872760659e-03,6.095463188983038169e-03,1.630716651274894844e-03,1.015717123227063501e-03,2.434279531854172379e-03,8.311932656510889446e-04,3.923012475307360446e-04,7.013062146524929805e-03,8.080426307196127839e-03,1.153549170655306967e-03,1.157903900305481048e-03,5.834363212017203669e-03,2.669147309640415924e-03,3.728789723780763770e-04,3.820997234116973659e-03,5.611550081203666926e-03,2.144117150486361291e-03,1.018758489869819438e-03,7.363330061835496971e-04,2.756257911430827316e-03,5.398521666900176451e-04,5.357028649697384006e-04,5.008293594109560626e-03,7.527480940785026076e-04,1.745780590623177263e-03,4.250366679461493359e-03,1.803390910162613664e-03,4.258609952446352695e-03,2.519424045675291383e-03,2.862177461300869502e-03,1.110628113430269957e-03,2.260841918652568491e-03,3.652966232752892159e-04,5.888084877020824046e-03,8.658250381352085041e-04,1.857418719751012916e-03,8.021594769474390402e-03,7.680221485252137614e-04,2.823432404125536272e-03
1.882086225959343512e-03,2.860190827754901816e-03,5.628264471208370076e-03,1.112791778277624766e-02,1.411974546881943765e-02,2.968912176109061996e-02,0.000000000000000000e+00,4.698425003945123218e-02,5.505240135166422633e-02,3.331036994684506009e-02,3.105686520260830460e-02,1.063614721137121945e-02,2.689276074983371501e-03,6.658556606435119506e-03,5.701982375529685010e-03,1.506510880758898290e-03,5.388628031391118345e-03,4.065788514789559806e-03,6.944569863573678324e-04,6.479983423955482623e-03,4.053346439366234573e-03,7.184472281391575095e-04,1.040144973605737488e-03,2.947631955816436885e-03,1.417643682019150255e-03,1.277886206524280095e-03,1.432444943470683471e-03,3.140860129092551412e-04,1.686696687938247282e-03,5.647061111152420695e-03,1.120078079507951484e-03,2.159712755965347009e-03,5.565058450177194464e-03,4.929157179713909535e-03,2.695463244422539439e-03,4.087462275097487039e-04,3.314865875570818495e-04,2.248835231810438113e-04,8.209665744422034537e-04,7.136700341365522166e-04,3.683970183827821841e-04,1.516726870783276357e-03,3.862609972587185622e-04,1.523616355127520045e-03,1.404658562456705161e-03,1.951828476799328171e-03,4.128747957618148293e-03,2.132844951549801686e-03,2.281007828110801546e-03,9.056753647528542140e-04,5.059481993489416823e-03,3.474059220389001039e-04,6.765038067617811434e-04,2.922174132914713562e-03,5.084744041064734061e-04,1.016615585411856804e-03,1.322048373539408753e-03,1.044615717717047509e-03,1.057020458186345513e-03,3.223109602672685672e-03,1.525238642691406112e-03,2.944316318966052129e-03,2.429267521050884875e-03,4.952123840113393897e-03,3.720333064249383955e-04,1.193046822420409676e-03,4.311155196423249736e-03,6.754088831198469534e-04,6.962045623460915312e-04,2.479610395378561202e-03,1.100014851399567915e-04
2.208282511420547184e-03,3.589799612430000231e-03,3.942253872227517372e-03,8.939433193543759246e-03,2.892534623659773901e-02,2.618979489167802543e-02,4.698425003945123218e-02,0.000000000000000000e+00,2.695436764252013076e-02,4.304137449745525090e-03,8.551563979827552300e-03,6.213729600756273154e-03,6.714633393850650243e-03,1.895482838883653931e-02,8.866006756931485433e-03,5.600901209844008416e-04,2.497951882158731471e-02,2.797759114874797531e-03,1.523664172994862670e-03,2.561690380207416740e-02,1.205354582028920997e-03,1.401626241608386510e-03,2.158200434449533082e-03,4.293184777285505294e-03,1.587651748497836014e-03,2.729289825961852059e-03,5.669098248391052537e-03,1.034694909788037940e-03,2.766353697155154827e-04,3.678805917346376648e-03,1.603644094509984463e-03,3.109004278852916733e-03,2.768226115019082299e-03,1.403474366915782737e-03,4.364190370297948117e-03,7.061278876807134102e-04,2.296143571628520615e-03,1.055357991148789601e-03,6.377669105790111787e-04,3.983677707409586342e-03,3.047594564608818290e-04,5.636183425151391861e-04,6.465387939671742284e-04,6.859075947321958142e-04,1.355279475688478657e-03,3.136638942667036522e-04,2.070189712489099460e-03,1.232201812374060859e-03,1.320298673198800005e-03,7.060019476212265428e-04,4.726045120632240207e-04,6.100211941810325389e-03,7.676189119898142559e-04,2.105961507973414144e-03,2.354023704787185003e-03,1.484440703090894598e-03,8.181399142681478401e-03,2.723606703994140271e-03,1.419684811710769179e-03,1.471024716754822190e-03,3.005580678285959834e-03,6.947804064581644201e-04,2.380093941029222653e-03,2.575716182071897085e-03,4.104664735759290246e-04,3.287714585209928434e-03,2.166957752854465138e-03,4.222262872288606969e-04,1.245646006575601168e-03,8.186666300447496738e-04,2.451511053413986743e-04
3.509312555302495067e-03,2.001881894770457873e-03,4.449895135540573275e-03,1.392900179469187816e-02,4.238532228078576575e-03,2.792922926217560747e-03,5.505240135166422633e-02,2.695436764252013076e-02,0.000000000000000000e+00,1.804163975506947737e-02,2.140624555697329123e-02,2.488077287261937498e-02,2.204358278490761019e-02,1.946492677485749112e-02,1.439096625122511519e-02,8.963961723292746334e-03,2.760282665713790357e-02,1.069444033732822909e-02,4.462459460601143381e-03,1.796260186413868934e-02,3.721341327838097353e-03,5.144421047455387426e-03,3.283004420837178430e-03,6.293981747758269291e-04,1.095420291776899244e-02,1.077463620565768552e-03,4.111141090326899620e-04,2.734877660108566040e-03,2.007140977450421956e-03,8.379183089884577329e-03,1.165720763545548483e-03,6.011225720566423401e-04,3.367836976273999496e-03,1.137670502716658797e-03,3.600097599703025539e-03,2.021986527400238855e-03,9.978724316088444929e-03,6.548801504980377971e-04,9.428356439930436197e-04,5.867140108079630170e-03,4.963138717282584642e-03,7.809303472617534162e-04,5.573728047360529576e-04,1.191393143038103290e-03,9.834163009680590463e-04,8.351515730744416477e-04,5.367552876244669098e-03,3.773915033880758524e-03,3.656835090066464910e-03,9.280021064356954721e-04,6.420809345438783242e-04,4.168375366475539356e-03,4.237882134460771400e-04,2.852483039921415407e-03,5.179465512325635325e-03,8.187186074070608097e-04,1.007041272447366069e-03,3.692760157127047711e-03,3.199087922142307807e-04,4.422780989651569315e-03,8.334090017973187119e-04,2.224150999824288290e-03,2.135027632012666439e-03,8.553512112783710417e-03,3.868694824073549195e-04,1.301691112383045884e-02,3.345133404460395865e-03,1.698212357117724223e-03,2.453259862783655886e-03,1.359450352823887188e-03,1.160003991633001786e-03
2.141275576527308308e-03,3.542035163728550051e-03,8.372173661070999489e-04,9.491007478172818271e-03,1.999154024959207826e-02,1.851459126914449874e-02,3.331036994684506009e-02,4.304137449745525090e-03,1.804163975506947737e-02,0.000000000000000000e+00,1.048180556765110696e-02,1.219352082241517525e-02,2.271191124794797594e-02,2.743167960375888711e-02,1.853471018670719075e-02,8.069221859314764864e-03,3.153313667215643795e-02,8.994284243031142045e-03,1.837052972183202040e-03,2.993363366273785880e-02,4.741874669493855083e-04,1.597147155547789209e-03,9.987651855477164969e-03,9.439877847681257816e-03,1.900086591321127529e-03,2.035933058774989403e-03,1.264048617008299916e-02,4.887963847623951440e-03,2.263743406963288941e-03,1.187232829494734056e-02,1.576385750224623770e-03,2.009183746810731634e-03,4.237192511368085765e-03,1.749407471263988035e-03,5.797275857206834332e-03,6.079372049981069401e-04,4.010228842268228483e-03,1.962537928347112166e-03,1.883612971646018638e-03,1.226542292262634837e-02,8.329094365822723453e-04,1.846530939059388282e-03,1.486202956345873856e-03,5.980744716915994963e-04,6.933104387045117790e-04,7.403858891743247527e-04,2.300949970343686528e-03,1.130282605911843517e-03,3.521117366907508105e-03,7.103700861147820705e-04,2.636535735894215970e-03,1.993732973397011662e-03,4.187154450004132596e-04,7.806737303543454486e-03,1.389327178834794726e-03,2.324004176878623901e-03,3.723234125362184354e-03,5.872447588148321535e-04,6.025119776793573046e-04,5.271183935575388026e-04,3.624640381745712018e-03,1.686961944651020878e-03,2.518249199552201768e-03,8.373983357717740619e-03,9.337675083587870925e-04,5.488743728851677717e-03,1.044193263884627808e-03,5.848806206424718478e-04,1.746013839207762345e-03,3.580386779466977797e-04,3.824839687087726574e-03
1.330004857003819771e-03,3.007251864047454527e-03,1.325550209250825860e-03,5.696182628436666576e-03,3.125080121293686165e-03,7.221444962620759619e-03,3.105686520260830460e-02,8.551563979827552300e-03,2.140624555697329123e-02,1.048180556765110696e-02,0.000000000000000000e+00,1.751999442417286751e-02,1.759677698161547441e-02,2.798307404742967838e-02,2.420017524616795146e-02,6.034087581638774081e-03,3.621832337590617790e-02,1.506846203875389541e-02,2.333511560601411565e-03,1.880866607261666434e-02,1.264406254809815212e-03,4.150341737905268238e-03,3.703799563358701075e-03,4.829682548072748499e-04,8.607204696860753373e-03,2.246898486801440515e-03,1.427697678431740164e-03,3.244464607521673014e-03,1.671318357889904106e-03,1.304590387770927784e-02,2.726718361704610970e-04,4.203627217961103738e-03,8.388887772618730532e-03,1.728472826157175435e-03,1.788813778304717324e-03,6.887041452714878168e-04,1.132876279330619074e-02,1.026979244981481411e-03,1.085877674352360043e-03,7.740424094061073255e-03,7.297796837518410150e-03,1.085116820655512631e-03,8.762024216917629676e-04,3.257316805475081282e-03,1.552487587292475249e-03,1.008906944253157387e-03,2.654582664757454327e-03,4.440216191788502915e-03,3.263893954109641036e-03,1.834881622924107274e-03,3.629329481608489349e-03,5.931784144346948298e-03,1.805954620023694735e-03,3.630528058881984411e-03,4.853107834710668374e-03,3.145636169534724849e-04,2.564298909228144609e-03,2.427381440694852729e-03,7.538089811480378323e-04,2.445751281689695356e-03,2.573219962375093532e-03,1.501658771458384270e-03,2.148293396489035952e-03,7.958536812819019118e-03,2.321998291038734376e-04,1.577788612229008222e-02,1.933012636119319557e-03,6.536817733738183381e-03,5.762468610636997321e-03,6.556928531281273377e-03,2.562127035920285390e-03
2.544329098242688954e-04,1.352119815409750722e-03,1.211059327229483317e-03,2.114655780279535435e-03,4.110717920224879647e-03,8.667808213811488416e-03,1.063614721137121945e-02,6.213729600756273154e-03,2.488077287261937498e-02,1.219352082241517525e-02,1.751999442417286751e-02,0.000000000000000000e+00,9.689772367432503836e-03,2.458504377754793403e-03,4.336315907879815905e-03,1.076765686533725369e-02,8.026914957417932706e-03,3.154268408686010817e-03,3.202932162270353861e-04,1.482470311983894416e-02,8.116551344299586732e-03,1.329388107311957334e-02,1.582421204162889200e-02,4.935297608270155763e-04,8.308887884232752166e-03,2.740663338272335877e-03,1.176497798935789880e-02,1.119216873700996234e-02,6.807509499152652153e-03,3.399386085130806645e-02,4.818180201547600690e-03,1.167490898433389164e-02,1.573252260904507704e-02,2.074448051759999068e-03,3.628856380146199857e-03,5.393844483138943852e-03,8.641410918547273376e-03,4.319357367810033529e-03,1.536087446748741168e-02,5.470646952652551478e-03,7.217878404841584356e-03,5.109169497886933281e-03,5.119130147427894059e-03,3.028922705210742531e-03,3.987050658418972784e-03,1.463082948820184194e-03,5.026655514867160723e-03,1.105778737840007291e-02,1.200080095463812099e-02,4.119530228641460519e-03,1.584748843703990976e-03,1.648398501400287096e-03,3.986219098356757681e-03,1.399992539944183625e-03,2.184984254176612108e-03,5.302250979808409426e-03,1.402945201285374713e-03,6.779471803576876936e-04,2.890709566094468164e-03,1.132254478474213882e-03,5.544235148549619008e-04,1.079398272984519354e-02,1.148855055380844196e-02,1.375662759755848751e-02,7.062565515579025469e-03,4.414274326605022690e-03,8.113008169119533810e-04,1.235016213399453035e-02,8.110586092966301031e-04,2.904842794510455184e-03,2.577554451975335326e-03
9.887289583073977615e-04,1.342775427840499835e-03,2.376648061022989481e-03,8.606114819536379509e-03,1.536143721515605826e-02,1.454661769145457889e-02,2.689276074983371501e-03,6.714633393850650243e-03,2.204358278490761019e-02,2.271191124794797594e-02,1.759677698161547441e-02,9.689772367432503836e-03,0.000000000000000000e+00,2.388741646725744960e-02,2.228416718178484815e-02,1.235880865465660040e-02,2.862219429445839181e-03,6.666398591069902686e-03,1.564786297324251632e-02,1.800024705310213080e-02,1.912193951518698087e-02,2.220983271026467920e-02,6.565511048021836771e-02,4.779003475345196782e-03,1.800113377447391111e-02,2.659309413350881626e-02,2.089500727397152272e-02,4.579448737390130059e-02,1.069861619932111797e-02,2.982975025028676216e-02,1.862159227977177450e-02,3.044967624261249450e-03,1.689785357622870451e-02,2.997683027773346675e-03,1.590680703652064916e-03,1.368120792392700080e-03,2.481642718780702542e-02,3.661999118923149523e-03,2.923965394185820341e-02,4.516569692023748861e-03,8.308312375054829196e-03,1.181171193069428978e-02,1.325366656125841203e-02,2.059524008106839495e-03,4.631896603822303719e-03,7.896499421635715457e-03,5.109743509878711225e-03,6.528584360593659569e-03,8.937631997757985308e-03,3.947759045949092091e-03,1.602201096179940460e-03,8.413974189225851413e-03,2.333252537072407883e-03,4.104586335031430028e-03,2.613522322465376951e-03,1.165153585094707428e-02,5.429699946841030564e-03,7.718065480706105645e-03,1.554152119149324572e-03,1.233575243599947802e-02,1.110941531430810871e-03,7.510335571737271169e-03,3.785037016259136175e-03,1.133011971900473036e-02,5.534392816710404124e-03,2.891689401623022838e-03,2.485056990463267203e-03,5.946305153137111318e-03,8.107814422783127598e-03,3.758975932303455260e-03,9.329301368599031852e-04
5.638164668132624943e-04,8.067791948227049335e-04,2.038250391734457937e-03,5.766452593713494203e-03,1.094593753853561995e-02,1.362998219927761753e-02,6.658556606435119506e-03,1.895482838883653931e-02,1.946492677485749112e-02,2.743167960375888711e-02,2.798307404742967838e-02,2.458504377754793403e-03,2.388741646725744960e-02,0.000000000000000000e+00,8.175047002477378935e-03,2.676017091732679071e-02,2.097055270022047876e-02,2.798230945017410667e-02,6.417600810548977630e-02,1.042764922813679274e-01,4.062176969888810218e-02,4.834722814306798011e-02,2.338958481617013918e-01,5.869213903956225359e-02,3.213498304280781870e-02,4.630913843587512735e-02,1.469342285975016593e-01,1.136016459730103817e-01,3.513040642984648770e-02,8.322794053849520701e-02,4.394268574801182825e-02,8.626941956748864979e-03,5.655280981419116143e-02,3.359427188424327798e-04,1.077155642192467386e-02,7.611909392922430739e-04,4.016465922630286373e-02,4.535048791211944777e-03,3.241395116189341868e-02,2.557219095814800350e-02,8.546798930809011013e-03,2.810088867545932310e-03,2.979999497013566950e-02,1.293543020394165993e-02,3.545087390423514416e-03,1.839842990383434721e-03,1.182219819402055734e-02,3.641528528846378360e-03,1.011957447171440809e-02,2.356094571757269118e-03,1.881696302041034087e-03,1.256636188747018053e-02,6.453881065790428515e-03,1.163440658499328810e-02,2.916825310769095413e-03,7.166506707781792815e-03,4.327880100228813191e-03,5.934613093127718252e-03,8.918109251721925007e-03,2.261356446097772740e-02,6.595246717052164961e-03,1.500825751597454835e-02,2.235955494522118975e-02,2.550575839961968447e-02,2.077333366629232833e-02,4.065510325767808172e-03,4.903191510310407099e-03,8.425972825910442790e-03,2.993711947280187913e-03,2.443641339950779201e-03,1.114154753630055726e-03
2.179327557340108256e-04,3.918315337715959704e-04,4.455021931426902276e-04,1.189745066216430641e-03,3.812852329869544695e-03,9.392243185930366361e-03,5.701982375529685010e-03,8.866006756931485433e-03,1.439096625122511519e-02,1.853471018670719075e-02,2.420017524616795146e-02,4.336315907879815905e-03,2.228416718178484815e-02,8.175047002477378935e-03,0.000000000000000000e+00,5.507976639952436027e-02,2.081116980205779260e-02,9.401329637592995697e-03,5.523174275407953873e-03,2.617402448237254181e-02,6.947685300470468617e-02,1.024513332708814201e-01,1.219085450556562089e-01,2.505346592023156155e-02,9.545353935783669475e-02,3.743728309969991674e-02,4.319463438407542683e-02,4.073203407420359495e-02,7.422813651819684493e-04,2.611355324798704525e-02,9.972270055459869428e-03,5.278792754239690702e-03,3.904123779840801972e-03,1.475325698128917510e-03,1.682008794471932496e-03,4.910323116081038303e-03,2.052187347479598328e-02,8.603272501741943482e-03,3.128080130611302686e-03,1.868038451968368797e-03,7.034805765033016849e-03,7.415043357961553262e-03,9.962399564622735973e-03,4.975880309631103976e-03,9.816398541175889308e-03,5.892657499440480005e-04,1.233737747360570290e-03,5.056022765322753382e-03,1.867298637034189163e-03,3.426007337331156942e-03,3.285603432205433990e-03,2.681234569291978797e-03,8.523374405505840939e-03,3.615580118757198702e-03,2.299458516738140442e-03,2.141080405021163809e-03,4.745038798362220984e-03,2.002257695091497203e-02,5.828936157949881312e-03,1.091261585307569219e-02,2.686332548712540291e-03,2.995600306727155132e-03,2.980855372805091188e-03,2.514493885320607386e-02,6.151069756665389528e-03,6.415640025780215000e-03,4.804429858472468277e-03,1.812045595213549213e-03,7.697133745394115455e-03,4.751800627864045078e-03,6.441848837572580321e-04
2.414799239250952137e-04,1.973856389811897566e-03,3.515276336282317435e-03,3.357911960885720266e-03,6.704549764030741203e-03,6.206326822143693259e-03,1.506510880758898290e-03,5.600901209844008416e-04,8.963961723292746334e-03,8.069221859314764864e-03,6.034087581638774081e-03,1.076765686533725369e-02,1.235880865465660040e-02,2.676017091732679071e-02,5.507976639952436027e-02,0.000000000000000000e+00,1.225568624063910067e-02,3.305696584121236084e-03,5.636060652186346970e-02,6.131112333886919175e-02,1.011615956893341661e-01,1.595898562784545116e-02,1.265230487639966150e-01,4.708520914416636921e-02,4.595235188450060015e-02,9.845023629640572982e-02,4.470442940275802524e-02,1.051187306797975035e-01,2.589773138488415255e-02,7.818329602313819904e-02,2.548162535343167362e-02,1.674088926629469648e-02,3.524320398621693523e-02,4.932276019768223711e-03,1.323734702203261185e-02,4.354470005957651081e-03,3.687577082754841216e-03,7.118990286685284406e-03,1.619050786507232956e-02,2.475543230421787307e-03,3.659516480594128974e-03,4.360978974344759118e-03,1.001114727244183100e-02,1.395924676156938592e-03,9.251611290192298873e-03,6.235721769532976029e-03,6.508577609321240798e-04,4.060092691889231192e-03,1.830500668892815277e-02,6.202129992704649188e-03,1.448197959942966505e-03,4.209906045324484855e-03,6.640290205991024666e-03,4.460363095957988258e-03,6.667490455198374745e-04,1.928233850419524414e-02,2.786477794291221041e-02,8.493690279368462312e-03,1.775856088065018304e-03,2.421491934296575096e-02,6.246683596717179411e-03,5.204166117503175246e-03,5.435256993426066524e-03,8.911040204321445460e-03,6.374052182927311162e-03,8.150594431807373433e-03,2.665413202285084240e-03,2.815709387539277672e-02,3.674218283505466861e-03,2.210242927632854928e-03,7.807475301919803096e-04
1.007813281513845853e-03,5.184475265190137232e-04,2.582629041705385153e-03,4.536534887896096109e-03,1.097954632347993356e-02,1.803739083566959292e-02,5.388628031391118345e-03,2.497951882158731471e-02,2.760282665713790357e-02,3.153313667215643795e-02,3.621832337590617790e-02,8.026914957417932706e-03,2.862219429445839181e-03,2.097055270022047876e-02,2.081116980205779260e-02,1.225568624063910067e-02,0.000000000000000000e+00,9.912107877606791961e-02,1.217676695200939213e-01,1.450343555032119758e-01,2.045623077176227655e-01,1.388385935637711788e-01,4.181267724398989305e-01,1.095186246042451073e-01,1.263676063321757526e-01,9.107442637948001685e-02,2.521228086682464897e-01,1.559355587954739664e-01,5.953679048649285210e-02,1.249296754734604276e-01,5.244427118456303216e-02,1.277884775362735266e-02,7.236783898053460173e-02,2.196517442157342685e-03,1.253932738121032314e-02,4.929670503881056383e-03,3.201583733377259822e-02,9.695747370199415613e-04,3.305444713740741947e-02,2.513222556864631169e-02,2.254203375465662837e-02,6.031773246470580746e-03,2.469776138572785107e-02,1.469101986981679112e-02,6.188163144642412627e-03,1.861052134086124774e-03,9.460257671204860483e-03,1.049007713283584865e-02,1.281941999588864442e-02,2.350962899953355605e-03,2.103697485429315960e-03,7.136098153453302589e-03,1.109819030049057423e-02,2.136176183038282148e-02,6.132313869517573741e-03,1.458345856218585743e-02,3.313155813792993849e-03,1.275852817374346915e-02,1.206617783924156598e-02,3.041206793143524240e-02,1.581496515012506543e-02,2.425717484210426420e-02,3.663461559923092414e-02,3.422168532417503573e-02,4.056535471304956175e-02,3.158897352436752445e-03,1.581584830000825476e-02,1.509832980846029585e-02,6.778033182697899492e-03,6.026618927896650220e-03,1.735442819006516270e-03
1.345689569247688440e-03,1.295604043540428754e-03,3.774693047532017465e-04,1.775168869781429317e-03,9.644092149782947706e-04,2.158062651237697971e-03,4.065788514789559806e-03,2.797759114874797531e-03,1.069444033732822909e-02,8.994284243031142045e-03,1.506846203875389541e-02,3.154268408686010817e-03,6.666398591069902686e-03,2.798230945017410667e-02,9.401329637592995697e-03,3.305696584121236084e-03,9.912107877606791961e-02,0.000000000000000000e+00,1.936009851675789539e-01,2.025358046924413957e-01,5.320424737728618458e-01,3.843424357243414025e-01,3.164819153851437528e-01,1.938278259508866286e-01,3.578480304570067494e-01,2.262091858339134731e-01,7.898472958770082208e-02,9.430622713678246671e-02,2.426359646424267741e-02,5.732741065637293743e-02,1.960972814461105565e-02,6.567951457617211310e-03,2.380654615793176623e-02,6.840391498918747815e-03,1.893587159531652606e-03,4.095073104474458345e-04,1.097631558414331743e-02,2.252489087071860366e-02,2.345572969238157376e-02,3.858834925416653686e-03,8.773572572775556466e-03,6.781290264561819214e-03,2.489926010181780364e-02,8.637463666667007794e-03,4.465927930524798452e-03,1.594647298370954931e-03,3.122576325063774246e-03,5.841495016711426881e-03,4.691087818519831809e-03,4.064591928808048045e-03,7.636107071998862218e-03,1.406489007416960972e-02,1.258191075472146238e-02,1.958686749032795618e-02,3.089754186768660024e-02,1.683846675236481266e-02,2.882999594971455415e-02,3.957855641971289723e-02,7.125993347501937553e-03,5.234915893507308127e-02,9.855691133261946374e-03,2.574052244999439770e-02,1.557913425065676587e-02,4.766276136777572447e-02,1.415163011526293473e-02,2.122465286837094817e-02,2.183662928147981144e-02,7.640572608298807147e-03,2.193709346811382847e-03,7.763511162012591560e-03,2.302542782113968945e-03
7.185594218267655911e-04,3.334043044043663324e-04,1.138721636619114286e-03,1.986888400127196155e-03,4.596208622495342663e-03,3.341880351328547615e-03,6.944569863573678324e-04,1.523664172994862670e-03,4.462459460601143381e-03,1.837052972183202040e-03,2.333511560601411565e-03,3.202932162270353861e-04,1.564786297324251632e-02,6.417600810548977630e-02,5.523174275407953873e-03,5.636060652186346970e-02,1.217676695200939213e-01,1.936009851675789539e-01,0.000000000000000000e+00,4.574759803609295128e-01,5.190546832352390672e-01,3.478262052756546652e-01,4.599080112950310606e-01,4.859027386716228136e-01,2.179459351912039489e-01,3.922595841803653838e-01,9.783385713658745986e-02,2.119647638523671496e-01,5.079190134574260856e-02,1.303589803681305392e-01,4.655518461072302716e-02,3.929453187928049623e-02,4.031461785058152586e-02,1.939386627835069932e-02,2.775470062970176316e-02,3.470892744261584728e-02,3.997386967607800649e-03,5.727133610680663206e-02,3.534916673690694736e-03,2.745409775312334603e-03,2.687534641753065029e-02,3.227484720515913508e-02,1.189315099862258383e-02,2.011909700043020346e-02,7.654816405488219788e-02,1.493498457123576626e-03,9.275023435921422301e-04,5.964446273792964326e-02,5.456086176527161907e-02,2.071336443119716278e-02,2.939188205623142341e-03,3.055325604936168660e-03,2.297249508058699444e-02,2.652364749779088926e-02,1.689950034046214938e-02,2.146966889547484436e-02,8.385136288647337954e-02,1.974910035482018572e-02,1.462975676359229947e-02,2.790499071421563212e-02,2.279994896924813358e-02,5.253377284179647916e-02,4.871440159944970955e-02,1.175716498399389034e-02,2.779161316579507532e-02,2.711224734664939573e-02,2.741399544312927636e-02,7.321726945555183386e-02,1.538348858028511235e-02,5.271963002387524376e-03,4.009741079400515502e-03
1.083321897896619189e-03,1.535185077998633919e-03,1.177276324750157858e-03,1.174658890759495815e-04,9.927194585718439324e-03,8.122962052469023114e-03,6.479983423955482623e-03,2.561690380207416740e-02,1.796260186413868934e-02,2.993363366273785880e-02,1.880866607261666434e-02,1.482470311983894416e-02,1.800024705310213080e-02,1.042764922813679274e-01,2.617402448237254181e-02,6.131112333886919175e-02,1.450343555032119758e-01,2.025358046924413957e-01,4.574759803609295128e-01,0.000000000000000000e+00,4.549479870024812356e-01,6.540754421518019113e-01,4.556995761835760383e-01,3.846330319877327986e-01,3.955271493808728556e-01,2.444331224681018377e-01,1.071462571379430129e-01,5.087496544717026725e-02,1.779047240791179277e-02,7.263586138472026554e-02,1.673610594298853560e-02,1.886660533578968192e-03,2.151729628464105898e-02,8.548450350562855626e-03,4.640703289118356355e-03,8.535255050115453726e-03,2.003662823241639940e-02,2.621278505143593510e-03,1.438299889132484306e-02,1.910815905557921093e-02,7.116205138587099188e-02,8.820990540677333541e-03,1.927832447989706079e-03,1.289677946415418094e-02,1.733148213457529410e-02,6.191475520422908864e-03,5.753403025438205177e-03,1.223720867265012599e-02,5.335720861210400262e-03,4.501883612419617549e-03,4.977314730943009288e-03,1.133178108444103833e-02,3.453247101351129833e-02,2.121734195820891913e-02,2.293161817203942868e-02,4.621555233893628184e-02,9.498967783737074025e-03,1.576547339411977361e-02,3.731962873685354398e-02,2.114270099316504798e-03,1.640856917310714452e-02,2.365904104077915307e-02,9.882735838409813234e-02,8.483156157588452040e-02,5.220171167505287951e-02,2.583334036904764899e-03,3.430615023006396147e-02,3.356799444710695940e-02,1.810554800902813150e-02,1.592685204040386604e-02,1.170347586797985170e-03
1.442022274363708671e-03,1.794637640854234665e-03,1.653503986021187620e-03,8.503436818702371806e-04,1.582034952002431705e-03,7.964106381978568877e-03,4.053346439366234573e-03,1.205354582028920997e-03,3.721341327838097353e-03,4.741874669493855083e-04,1.264406254809815212e-03,8.116551344299586732e-03,1.912193951518698087e-02,4.062176969888810218e-02,6.947685300470468617e-02,1.011615956893341661e-01,2.045623077176227655e-01,5.320424737728618458e-01,5.190546832352390672e-01,4.549479870024812356e-01,0.000000000000000000e+00,7.291144125427324596e-01,7.423734976083307124e-01,3.160865622569479783e-01,2.130927984831811339e-01,5.784623239625835689e-01,2.399641796056923571e-01,2.401108080503054076e-01,1.360109269781797740e-02,1.380766568512042589e-02,6.253071926257207369e-02,2.159799889807501039e-02,1.995235499431097931e-02,4.151416351407264185e-03,1.232025049361261740e-02,3.539853078474498090e-03,8.465297661463366818e-03,1.145516928525762597e-02,1.460021335312434304e-02,6.956736547850218139e-03,7.995681062278930940e-02,1.417452497289399191e-02,3.823236467493364155e-02,2.246706410962319780e-02,5.741626922825777968e-02,2.221411815615624563e-02,5.876454537053800442e-03,4.948543982072090008e-02,6.109668807012942973e-03,1.766504791007882103e-02,1.920637158160818855e-02,4.322232081158567350e-03,1.663082827198795327e-02,1.658917525409867380e-02,1.793770256801184571e-02,2.422640691007032013e-02,9.269196409625658772e-02,1.198125251422280275e-02,4.476580955840069043e-02,1.146174807403664009e-01,1.592413204703977542e-02,3.710870094545640901e-02,4.198175517531181622e-02,1.861435177196659602e-02,3.207876213002408550e-02,2.807909845681654665e-02,1.966250348597958081e-02,2.469622542676318255e-02,1.786617071450641303e-02,4.708800266191832430e-03,1.458851776043225933e-02
3.100687828122898788e-03,2.871554111462152562e-03,3.852941999164576515e-03,2.541973644711664152e-03,5.122697826023918377e-03,1.215881488302612357e-03,7.184472281391575095e-04,1.401626241608386510e-03,5.144421047455387426e-03,1.597147155547789209e-03,4.150341737905268238e-03,1.329388107311957334e-02,2.220983271026467920e-02,4.834722814306798011e-02,1.024513332708814201e-01,1.595898562784545116e-02,1.388385935637711788e-01,3.843424357243414025e-01,3.478262052756546652e-01,6.540754421518019113e-01,7.291144125427324596e-01,0.000000000000000000e+00,6.607339211619539521e-01,6.107130115293915029e-01,1.842654575137684658e-01,3.243494078993240382e-01,3.266146661290767472e-01,4.476747518344492693e-02,5.618672501023595778e-02,6.647198052410281666e-02,3.545678851015115172e-03,4.206753216120762834e-02,1.045782128907517608e-02,1.266696198065470416e-02,3.829065042517777046e-02,3.590978920794992563e-02,2.883888007874610068e-02,6.134754187138316550e-02,1.721497315739812031e-02,1.009572550280595470e-02,4.803152484100272485e-02,7.560652954771039658e-02,2.297830362155351552e-02,1.572197909966326773e-02,1.291002535601132040e-01,1.565565073064386845e-02,7.852707185254116304e-03,1.082827533068492082e-01,9.269137375976951865e-02,6.455196321759980316e-02,9.362155563447367365e-03,2.179377408042234426e-02,8.749042729940421925e-02,6.515349217821581052e-02,1.399711558088477525e-02,3.494699938816966250e-02,3.180691793460275335e-02,1.024281006408302337e-02,6.471247804750249188e-02,2.312623002568352931e-02,8.112903886074437909e-02,5.566169181897324958e-02,5.556744674759468011e-02,6.897496405915597151e-02,7.222544840915481879e-02,2.226430005445540622e-02,5.207839190023441645e-02,9.689940521232484616e-02,2.027764159023431531e-02,5.028097230259528927e-03,2.076434004145928311e-02
