0.000000000000000000e+00,1.455520425765631336e-02,8.031399424677784782e-02,3.998354194500674391e-02,1.733206635141776655e-02,2.870498098237099852e-02,2.275707391404802743e-02,2.436278063589458406e-02,4.637766806013966792e-02,1.256636989757787919e-02,5.043502150013495777e-02,2.551005155609664763e-03,1.060448789390132894e-02,4.311079280722233953e-02,3.215494490472912276e-02,2.219671998661448820e-02,4.391698507038553634e-02,4.704436558887988007e-02,2.728839713960066332e-02,7.960331340020405932e-02,2.496383326108169570e-02,7.950223522920163433e-02,1.243071844427836962e-02,9.363701529229724596e-03,8.592283861793825750e-02,1.596715554905069404e-02,5.616264104552678299e-02,1.713127655718986800e-02,2.934582059893011199e-02,3.883490667764039062e-02,9.412442880240776133e-03,2.702408715920087690e-02,3.660817520741282798e-03,8.113001033467378068e-03,1.105412177922252296e-03,1.095936007926436896e-03,2.528812277351620043e-03,1.133415937909679552e-02,2.714638820794321953e-03,3.998243241602407634e-04,1.029980443070003387e-02,9.345978665892789704e-04,5.855631203541736664e-04,3.884686875404591306e-04,6.300515564477496451e-03,6.306893010833817832e-04,1.922820508264007702e-03,1.095411127258552088e-02,2.939336590449099628e-03,2.871142525805528162e-04,2.219301147211359768e-03,2.045112088215056325e-03,2.849648122403025414e-04,2.718089784004742017e-04,3.609013129580131889e-04,1.227125505132322823e-03,1.953647619316543557e-03,2.994434507449438183e-03,2.794803335071745307e-03,9.671744228945404649e-04,5.795964643057560130e-03,1.304048889966805472e-03,1.560324360110862656e-03,2.859038066778376089e-02,2.811091618611469972e-02,3.399352389226751540e-03,5.112632088869846492e-02,2.026516584726612002e-02,7.387563405712599396e-02,3.694600921884936412e-02,7.407362928796902557e-02
1.455520425765631336e-02,0.000000000000000000e+00,4.513152288388887906e-02,4.638131812948884103e-02,2.351619951416492743e-02,7.967349837229109263e-03,1.814866463272749378e-02,1.460767047826205985e-02,2.099926841812044601e-02,3.598988155099795434e-03,2.859776961985571742e-02,1.974350512369954774e-03,2.808246036184730153e-04,1.796082075818180093e-02,1.236835441125985714e-03,1.848824138607304060e-02,3.879621447454929123e-02,5.066840554847620859e-02,6.149353491596226684e-02,7.533357534358330054e-02,2.851038566537380387e-02,6.663151022885378805e-02,8.138126125140329389e-03,2.048441798471842615e-02,5.412463927583764656e-02,1.341682109876542357e-02,4.276556340171212833e-02,5.385718953590690194e-03,1.878164157865125708e-02,1.269432918396268088e-02,1.150992766374083756e-03,1.233181187450327343e-02,3.710284176840641739e-04,4.506905559578279832e-03,1.754610418873585971e-03,4.907891792052301297e-04,2.393536538018559753e-03,7.943406096366831259e-03,3.261013210097380138e-03,2.679586103594751995e-03,1.127531838242076985e-02,5.865825773260556573e-04,1.229634897666051800e-03,2.656320893493083007e-04,5.121119613722223797e-04,1.336509148240557030e-03,1.624191098327737968e-03,1.848599228029988153e-03,8.304181282359665919e-03,1.178117543964247787e-03,3.838621167272434145e-03,4.597740300852834298e-03,2.349224600805812236e-03,3.082029060402847239e-03,7.967717363662226012e-04,2.013386817486561772e-03,2.798277438594751719e-03,1.397354562818944185e-03,3.658073098474992450e-03,1.540561755024129993e-03,9.234019607739484816e-04,1.177423349648749982e-03,5.529681398958236072e-03,1.354278136194112664e-02,2.707189079697252393e-02,6.874017023599392900e-03,2.334522070752883052e-02,3.074637356558227938e-02,4.974278604198263676e-02,2.476550751785319693e-02,5.154577469424410918e-02
8.031399424677784782e-02,4.513152288388887906e-02,0.000000000000000000e+00,8.535062754868452672e-02,1.199220752384072136e-01,4.025844104766779230e-02,1.129599503793439624e-01,3.052704129301400671e-02,4.045919439523596589e-02,2.528616571478805447e-02,5.238755051188490053e-02,3.501110900194956410e-02,1.732634624479809440e-02,4.850250212250693110e-02,3.971288930553731195e-02,1.106909662438991387e-01,6.803557048264224916e-02,1.357249773193139608e-01,8.561043604438826893e-02,1.772074118087832439e-01,1.183608941742489290e-01,2.506969755521654686e-01,1.326146964225184133e-01,7.345241589397009940e-02,1.752615413870917127e-01,9.760295457264989150e-02,1.635296576460236739e-01,6.200370243109300933e-02,8.504901970444908588e-02,3.716948331298809000e-02,2.897490296500727577e-02,5.150211846638520080e-02,1.266329185702286080e-02,1.436115184122803597e-02,1.623771079413860669e-03,2.895558660761228618e-03,2.641787692488586480e-03,4.559869971257731608e-03,6.437381981547692133e-04,3.897052427929606922e-03,9.393067885824732746e-03,1.547604327132796713e-03,1.105975465050104255e-03,1.465863312647367822e-03,1.134675822067573135e-02,6.031269857488069826e-03,4.126277502039019975e-03,2.044021237808381353e-02,5.923534926431260964e-03,5.935679605672503382e-04,1.575655276613937943e-03,5.454097852057767856e-03,1.334517258716942959e-03,9.641666892960375906e-04,1.384094496507206219e-03,7.754418454529289975e-04,1.856696817042980709e-03,5.381136371763071621e-03,7.734508642484771079e-04,3.827216737666097081e-03,1.230173959558808656e-02,8.184008772904441181e-04,9.955137371285966569e-03,1.835184046415427872e-02,4.210316961965699517e-02,4.131383739115739723e-02,9.294298315958145207e-02,6.389090190916182910e-02,1.582722858980726011e-01,4.049003282406032217e-02,1.070948337874570583e-01
3.998354194500674391e-02,4.638131812948884103e-02,8.535062754868452672e-02,0.000000000000000000e+00,9.938484519792126215e-02,4.704185687621202649e-02,4.395830194044761385e-02,2.618561106682902942e-02,6.617260152224586911e-02,2.411207655541928660e-02,5.179927496580407492e-02,5.558664330815893395e-03,8.114580461442044007e-03,7.289655530981210829e-02,9.734404256928000029e-03,3.748350824885113980e-02,1.454078893446401899e-01,8.896086848554703164e-02,1.454202137703484998e-01,1.539782411743957358e-01,8.620821378178093741e-02,1.829523898672027193e-01,9.751305034337483246e-02,8.480021327222261873e-02,8.286583507723092878e-02,6.058226957915038152e-02,5.708609265858214515e-02,7.861308959519360678e-03,2.762780692535105401e-02,2.999889873920751245e-03,6.245244830547222632e-03,1.041405981829837853e-02,5.816589566467416858e-03,3.163608593112691818e-03,6.387895293030610398e-03,8.171444583907815041e-04,6.937053318641518869e-03,1.449990851214421391e-03,8.148759289642978215e-03,1.699704641439611077e-03,1.004383385902254087e-02,1.474263030944375063e-03,4.600720082183712076e-03,3.816354344705140834e-03,2.203817609583899259e-03,7.215608859225349815e-04,3.596463680155993856e-03,8.630662558648092729e-04,4.948481058744870313e-03,2.115163807902901462e-03,1.678544542826573751e-03,5.305207138304152787e-04,4.842493107422930808e-04,2.983220079937318886e-03,1.738277194271385315e-03,8.666906048343499605e-04,5.402960501415603970e-04,1.099813420936948108e-03,2.029594743517830219e-03,2.189483442892554543e-03,7.029571044111755131e-03,3.220408150831426033e-03,5.153856792055970353e-03,1.789423922405225867e-02,5.215930808389291490e-02,2.650306185423561417e-02,1.691781384436092522e-02,7.107568135981749691e-02,3.942337310897945507e-02,7.403346217026623988e-02,7.219571999057664002e-02
1.733206635141776655e-02,2.351619951416492743e-02,1.199220752384072136e-01,9.938484519792126215e-02,0.000000000000000000e+00,4.654978049470943902e-02,1.764086235169665395e-01,9.816903801795184847e-02,6.012628824722202753e-02,3.602501440549036454e-02,5.599014677230658432e-02,5.521789071991509840e-02,4.314450061744548592e-02,1.094265555773314968e-01,3.912440813112409710e-02,1.131974500734141270e-01,1.383559645964123619e-01,1.707459675320512071e-01,1.684965985150057022e-01,2.847154116678395908e-01,1.404487823913427025e-01,2.536251228518509593e-01,9.528840512969852239e-02,6.948435077944635496e-02,1.277180779359840257e-01,6.977372118609807827e-02,1.282671893740997549e-01,3.947346644054528647e-02,5.759678025919171690e-02,1.461641691707980112e-02,1.478045921342398435e-02,1.922833522673790194e-02,6.247829716390038320e-03,8.216303469474229779e-03,4.267801861435329205e-03,1.616315674306628442e-03,1.349444389494362101e-03,1.900899340474083337e-03,9.359254355493227314e-04,1.242995245809739528e-03,3.716910522659313751e-03,1.605964122681735086e-03,2.944384708225603574e-04,8.131752063589471483e-04,9.248924105704251289e-03,1.489569421102536354e-03,9.220856743387908670e-04,1.255644031425995517e-02,2.114204809175874045e-03,4.276518352194476152e-04,5.435613062891859852e-04,3.806274452835730401e-03,2.551958070269736757e-04,1.971636601106995369e-04,1.950301138189066948e-03,3.893480828315945726e-03,1.171855273000412716e-03,2.426864653910845541e-03,1.038290035887296046e-03,5.148498926022214688e-04,6.688935100360860267e-03,8.649324565240669276e-04,6.778200181680248820e-03,7.993170799650905350e-03,2.110169773296731791e-02,4.722402064287369028e-02,6.402902365621687686e-02,5.576479766110151171e-02,1.247806430547407502e-01,3.742690064798533112e-02,7.165595710677441499e-02
2.870498098237099852e-02,7.967349837229109263e-03,4.025844104766779230e-02,4.704185687621202649e-02,4.654978049470943902e-02,0.000000000000000000e+00,1.403100363135837414e-01,6.438042343872685258e-02,3.609829570798697013e-02,4.598662234996905851e-02,9.005668497060397015e-02,1.083342733789923878e-01,1.453165457288321250e-01,1.421513084592709864e-01,1.049281963961813946e-01,6.884619551921958291e-02,1.415229125961567913e-01,1.109456192193914864e-01,7.164545712949467460e-02,1.637813374300566005e-01,8.404593495016635107e-02,4.945237688003700088e-02,3.926885918363857975e-02,5.750792071719083159e-02,5.359320537991491690e-02,2.414458042383256162e-02,4.411552306508324806e-02,1.167500855359298456e-02,2.655196992005719181e-03,2.502679372846051964e-02,9.799672996297374618e-04,1.002018496690226627e-03,8.205993492545855198e-04,1.972432755425561606e-03,6.123815885311263436e-04,7.456419747800786292e-03,9.564821444236246140e-03,2.879047787657629601e-02,1.221999319025543485e-02,2.934493641782096474e-03,1.376420828692787902e-02,1.035333573766269305e-02,5.880272570053092160e-03,5.490275139679835596e-03,1.389787020367406513e-03,1.363902407304204206e-03,9.894845750070884946e-04,5.506136386875552444e-04,1.237012904401973892e-03,2.611401738781535036e-04,7.951887902110950758e-04,2.415584626938571504e-03,9.916153402795813664e-04,8.894672958189614627e-04,3.739505551720555265e-04,1.061314611853720951e-03,1.829290037353423432e-03,5.032165456406246032e-04,6.471471718804189255e-03,4.274209268596683041e-04,1.035226350182801881e-02,2.338484107234054150e-03,9.104065589342879780e-03,4.145669708014602245e-02,2.772108253714378884e-02,2.557326710901221267e-02,2.564045967964159040e-02,1.810877601098297845e-02,4.266163428137758479e-02,6.935594936181488368e-02,4.777506687642738004e-02
2.275707391404802743e-02,1.814866463272749378e-02,1.129599503793439624e-01,4.395830194044761385e-02,1.764086235169665395e-01,1.403100363135837414e-01,0.000000000000000000e+00,1.373979315002056001e-01,1.642259067532242101e-01,7.875703352043396388e-02,1.107503608411417317e-01,3.243243180881696941e-02,5.840956797176701659e-02,1.582730401558127553e-01,1.222807575485186510e-01,9.112281343142844547e-02,2.141628252563604895e-01,1.987582572991239693e-01,1.202058324913633652e-01,2.459245623750971610e-01,9.649263987082490335e-02,1.521794067717407717e-01,3.809134696289554617e-02,5.100235856037985821e-02,1.057992530817913751e-01,2.875330135689466507e-02,9.116371376914336744e-02,1.420227082123826090e-02,3.272020236289520378e-02,2.783817721944720908e-02,7.271580630992232133e-03,2.655425545747776978e-02,4.912513754662623487e-03,1.077823792321157964e-02,2.032580658257588171e-03,9.125738280204406978e-04,1.181846597091132725e-02,1.085377320696007813e-02,3.483303268259334111e-03,9.541293047903728897e-03,9.018485373004047484e-03,5.664283074924898742e-03,3.951166597587413461e-03,4.843096519825487202e-04,2.283567273127916353e-03,5.292646513611613986e-03,3.091735813847131149e-03,2.560908693119531149e-03,1.578776471183214675e-03,9.775513459867853430e-04,2.012589849525802093e-03,3.560560496497775017e-04,2.732099318472697852e-03,2.607741275452337814e-03,3.272479162382094763e-03,1.796762163885662128e-03,3.103027640050885620e-04,2.989377151288650537e-03,3.310684962001004834e-03,5.445981386483215135e-03,3.473572088805218679e-03,5.301968573604049460e-03,1.934668209282355182e-03,1.459043900658349435e-02,4.067141263108874083e-02,2.340733369457858801e-02,3.942452306036480641e-02,4.525001018861763563e-02,8.542842292102467705e-02,2.976565460527999529e-02,7.825883302065310410e-02
2.436278063589458406e-02,1.460767047826205985e-02,3.052704129301400671e-02,2.618561106682902942e-02,9.816903801795184847e-02,6.438042343872685258e-02,1.373979315002056001e-01,0.000000000000000000e+00,1.629223224661970615e-01,3.418896528279089658e-02,3.335221217186521564e-02,5.148130236436612717e-02,8.350121294775250669e-02,1.658566056163448821e-01,3.393366705303313413e-01,1.480437795614677754e-01,1.839683697640197013e-01,2.567572131306686267e-01,6.025080749108079059e-02,1.862422226177300189e-01,1.925655498067136567e-02,3.089353900825317009e-02,1.068478564138534564e-01,2.133484036408791942e-03,2.031728733410626334e-02,1.257610929709448815e-02,3.283405380444649052e-02,4.343824123547174176e-02,1.591461056334156007e-02,3.748591098517603526e-02,1.553646614855473500e-02,7.093820615722515321e-03,1.742720718719663678e-02,1.220856062613217240e-02,1.050718837972593840e-03,4.018211515748867165e-04,8.820557974146128266e-04,9.556672679790960065e-03,5.142618370274276360e-04,1.593916772857585564e-03,4.765511356872825614e-03,5.655437338199753930e-03,2.860507420830730920e-03,8.527432105176551650e-04,4.409182406950460514e-03,5.645285770160816952e-03,7.634869464746553598e-03,7.339890207041658080e-03,5.427682306595486492e-04,1.097809809421072423e-03,3.025848274742383610e-03,7.275582928311438843e-04,2.015706010130191746e-03,1.900623797964960757e-03,2.965860178515174607e-04,4.773221763277182904e-04,1.559622088397265294e-03,3.906679939034619735e-03,4.579441200314972142e-03,5.646360164301449623e-03,8.116814518401013062e-03,1.172415878385355556e-03,6.427220807473355522e-03,6.619610360184789710e-03,1.317984608325259649e-03,2.827668766047478251e-03,1.851562151179574414e-02,1.214218912665061649e-02,1.248665764296422176e-02,5.383352877211256861e-03,3.566966739333089949e-03
4.637766806013966792e-02,2.099926841812044601e-02,4.045919439523596589e-02,6.617260152224586911e-02,6.012628824722202753e-02,3.609829570798697013e-02,1.642259067532242101e-01,1.629223224661970615e-01,0.000000000000000000e+00,1.181712700110762286e-02,2.392047835961264024e-02,1.159591450680437369e-01,1.886677653717868386e-01,3.040987539484461544e-01,2.584520636069562172e-01,1.051108679476471380e-01,2.673685462534058366e-01,2.172879101852464578e-01,7.417464214081515017e-02,2.262467816574927348e-01,3.043367833442071207e-02,4.965936016950240478e-02,2.857355467243165650e-02,1.210890797411922834e-02,2.157699975328694966e-02,9.104566043003126802e-03,4.993731162845794352e-02,1.755479719471396069e-02,5.506722852980561536e-03,2.355636605009671716e-02,3.726085038614704390e-03,2.133999766908689037e-03,3.631712231174675804e-03,5.835157423825760616e-03,1.031720470243700175e-03,1.012687313205141992e-02,5.723562310037060875e-03,2.327025550432878370e-02,6.271669196696346392e-03,4.782055292472235132e-03,1.187953139410103005e-02,1.260467046719182700e-02,8.284862242004918317e-03,3.277022138340772092e-03,6.351204922647437018e-04,1.646859219134051699e-03,1.359530595904209077e-03,8.858972854070328246e-04,2.699505396476935314e-04,1.290815114041075256e-03,3.340725650162507717e-03,2.133462425825659921e-03,6.332350388470496701e-03,6.837948283171977129e-03,1.053360030220237917e-03,6.113496963642177720e-04,2.846069989910467515e-04,2.039576379983885045e-03,7.039567161020803508e-03,2.252645019815295406e-03,8.311275568804055852e-03,4.649372168148203401e-03,1.019899306351949777e-03,1.514048217297354199e-02,1.816437524680180465e-02,7.370435982796633839e-03,1.459934692881818125e-02,1.863942033480289404e-02,3.545134423971915000e-02,3.648562678648769458e-02,3.903901998251293332e-02
1.256636989757787919e-02,3.598988155099795434e-03,2.528616571478805447e-02,2.411207655541928660e-02,3.602501440549036454e-02,4.598662234996905851e-02,7.875703352043396388e-02,3.418896528279089658e-02,1.181712700110762286e-02,0.000000000000000000e+00,5.008629252439117385e-02,2.560315476575313054e-02,1.054156755631855680e-01,2.564660166989658485e-01,2.799438520254765028e-01,1.798869440968305644e-01,1.728475777961721305e-01,2.624838137966295504e-01,3.064187466992780023e-02,2.059713101494783649e-01,2.266261683060844662e-02,4.518536048798676985e-02,1.388319663381314406e-01,3.984151446712208555e-02,1.818781398669286689e-02,2.347317361024532992e-02,6.223504030095970002e-02,5.271743104896241955e-02,4.048253927358561044e-02,4.563878912929763415e-02,2.500817251328105173e-02,1.152060510928620309e-02,2.788315303721490210e-02,1.190366363699851479e-02,2.678859046046101408e-03,1.126101561959125296e-03,2.700375065162652810e-04,3.772062836931078765e-03,2.125071646827256331e-03,1.521035998103082397e-03,1.372558880555060359e-03,6.127108229027607676e-03,6.937758749922500866e-04,9.948355730470443987e-04,7.391689355164905197e-03,5.618823047811077366e-03,7.915064261393142675e-03,1.075296806510130099e-02,6.457918293025757730e-04,5.557645397644341446e-04,5.254140846964525449e-03,1.089677993003447965e-03,2.679187696132449403e-03,8.114360741195734278e-03,6.147362455259289650e-04,1.366297891317177224e-03,8.799382460906008362e-04,3.616051527924634031e-03,5.411141133110782334e-03,1.235321993427438564e-03,5.172789249949850433e-04,3.851474019869264784e-03,7.223296376927881846e-03,3.360993993499840175e-03,2.165644665226668444e-03,1.272957558822311423e-02,3.124224247486341935e-02,4.137160467074924713e-03,3.688439782456612998e-02,5.875769430643090936e-03,2.051340301767592966e-02
5.043502150013495777e-02,2.859776961985571742e-02,5.238755051188490053e-02,5.179927496580407492e-02,5.599014677230658432e-02,9.005668497060397015e-02,1.107503608411417317e-01,3.335221217186521564e-02,2.392047835961264024e-02,5.008629252439117385e-02,0.000000000000000000e+00,4.748566045775713673e-02,1.562356924554309801e-01,1.965852079342325920e-01,2.613884193934666866e-01,1.798935901266339732e-01,1.664414297963442146e-01,2.711557180750010509e-01,6.077722452556382632e-02,2.074647569893241783e-01,1.230151615033092151e-02,4.232904441751927926e-02,3.987117077733912801e-02,1.026903370798239526e-02,3.910741842193579676e-02,2.040816544182008294e-02,8.210709473692624771e-02,3.591269840703398969e-02,1.768981695835002491e-02,3.356885500563502184e-02,6.673722489815644629e-03,7.174838063976916001e-03,4.814567403335871278e-03,4.931871634740726124e-03,1.493256430321415100e-03,4.182024548664744611e-04,6.674251469697506335e-04,1.154365047555225635e-02,1.603901413013672983e-03,7.466347212350310427e-04,8.788091754609867259e-03,8.513010406630204877e-03,7.484999882124619870e-03,3.444988655894508367e-03,4.900258032454594568e-04,6.088884219171526550e-03,8.879060438636046356e-04,1.536920540446475329e-03,7.420233225121459705e-04,6.506178798795452358e-04,9.899313094118816336e-04,1.125598677879706151e-03,1.045594615589033041e-03,5.371365821046822017e-03,2.841224071877759979e-04,7.914534180449852522e-04,5.386915026027914132e-04,2.961244719072858578e-03,3.527138414311199906e-03,2.159023467363958230e-03,3.471539208798541439e-03,2.453235843480843881e-04,1.511276443802877893e-03,8.292417306829646603e-03,9.915791068246056564e-03,1.314804740080006799e-02,2.940417238238785674e-02,8.473764524012017754e-03,3.636316560866945102e-02,2.424766333446413263e-02,3.275641576187964671e-02
2.551005155609664763e-03,1.974350512369954774e-03,3.501110900194956410e-02,5.558664330815893395e-03,5.521789071991509840e-02,1.083342733789923878e-01,3.243243180881696941e-02,5.148130236436612717e-02,1.159591450680437369e-01,2.560315476575313054e-02,4.748566045775713673e-02,0.000000000000000000e+00,3.044801839861843371e-02,1.558090230419098277e-01,1.689458726464191929e-01,3.805460502836809922e-01,1.084439240838791230e-01,1.421710292399217257e-01,9.875293407820621983e-02,1.290987951444867443e-01,6.068505530421079708e-02,5.899366188069468664e-02,1.152191192299345524e-01,1.160141999931133816e-01,2.961728952039929461e-02,9.484705036308525850e-02,1.664038008738516483e-01,7.674180488713247539e-02,1.010273299474728631e-01,2.168716766448307645e-02,3.024002333239471721e-02,1.778862091754402838e-02,1.640432454979275784e-02,1.625943941776813138e-03,2.767571361687936032e-03,8.418769066139879589e-03,8.683130648523610523e-03,1.618425451663632868e-03,1.603636525801870050e-02,2.519012549662230389e-03,1.439249019292127008e-03,1.355317860947916455e-03,5.728783647078286231e-03,1.985410022696786677e-03,9.725751697272192603e-03,7.244601736598107848e-03,7.511292191442863440e-03,1.853006118088059914e-02,2.744605620569968898e-03,1.508282181887147600e-03,7.584551136701495749e-03,8.705305924739661569e-03,1.069459390461887467e-03,4.034828508260876272e-04,1.106223945738897497e-03,3.736106952002128494e-04,2.791020900134444371e-03,9.204303197369090306e-03,1.918918705798744245e-03,2.337744021263105099e-03,6.149816998683396187e-04,5.334905304808943739e-03,7.108251249781855248e-03,4.511548809620818078e-03,4.349327478463056555e-03,4.206092475906286765e-02,2.811462485385115076e-02,2.660367670096579207e-02,3.986772789521307592e-02,2.524541303851395024e-02,2.714721785913790444e-02
1.060448789390132894e-02,2.808246036184730153e-04,1.732634624479809440e-02,8.114580461442044007e-03,4.314450061744548592e-02,1.453165457288321250e-01,5.840956797176701659e-02,8.350121294775250669e-02,1.886677653717868386e-01,1.054156755631855680e-01,1.562356924554309801e-01,3.044801839861843371e-02,0.000000000000000000e+00,2.715053177636876369e-01,1.951097287700912300e-02,3.105823506087195263e-01,8.566804839375746772e-02,6.227883131136787570e-02,1.255412708964165902e-01,5.708828603955621445e-02,4.863974061475768301e-02,3.137694895802006084e-02,1.292344997997130207e-01,1.365526467024993085e-01,5.008850657879220306e-03,1.249454360385838098e-01,1.108220484379953130e-01,6.891579327425456647e-02,6.214868284118862246e-02,6.644969649533778895e-03,3.041001595101969213e-02,8.926970327337911335e-03,1.235063895136272356e-02,2.842063879450418881e-03,3.077234698626929183e-03,3.872991609691680496e-03,1.377837002098107611e-02,7.404036389653903885e-03,1.371475286278863587e-02,4.502969986829452251e-03,1.238318766499217974e-02,3.567838439999311117e-03,8.195659535627928399e-03,2.266710634718873286e-03,5.441178438578549853e-03,7.624780764535335270e-04,1.275187753906469480e-03,2.285793305276086901e-03,1.598966077911702323e-03,1.565475243463425618e-03,1.297600586539149597e-03,9.652111899417222885e-04,2.491787613244192054e-03,1.067909782622004661e-03,2.930825248889622637e-03,4.663882224871354122e-04,4.651311579381390941e-03,8.015458204663669086e-04,1.974526676610874418e-03,7.584587895615634012e-03,1.611265020723503822e-03,8.975850048685830168e-03,2.270808538342490839e-03,2.682630131372861632e-02,5.709905353335440262e-03,6.009830745751378739e-02,6.077779875185486749e-03,2.687483431019859967e-02,1.312454090272992084e-02,1.481490055148245583e-02,4.426460880011307865e-03
4.311079280722233953e-02,1.796082075818180093e-02,4.850250212250693110e-02,7.289655530981210829e-02,1.094265555773314968e-01,1.421513084592709864e-01,1.582730401558127553e-01,1.658566056163448821e-01,3.040987539484461544e-01,2.564660166989658485e-01,1.965852079342325920e-01,1.558090230419098277e-01,2.715053177636876369e-01,0.000000000000000000e+00,1.213712097319981711e-02,2.524577218788090147e-02,6.206044276238657786e-03,1.516573819210874363e-02,7.285238356890942450e-03,1.099875945761582229e-02,4.276166685976354187e-02,1.947772922505640047e-01,2.479080218164729510e-01,1.002476107154353091e-01,1.626438347341380708e-01,2.446994444659877921e-02,7.961098399478562515e-02,7.749206180771740782e-02,5.292009571740673331e-03,1.971676798503281189e-02,2.256656088671289001e-02,1.605605681295498716e-03,1.534832043682550669e-02,6.804039985415770257e-03,2.383057538058191375e-03,1.972358509619361478e-03,3.340800159683086218e-02,1.733197132536908047e-02,3.208496720611882930e-02,1.494397620830177978e-02,3.093594400120256230e-02,1.726960888329525518e-02,1.842241359996990568e-02,8.306216645634521487e-03,2.340723209450132000e-03,3.226448582612662791e-04,3.419018925352771202e-03,8.730319000800004650e-04,7.046345682680637797e-04,2.378372398885722321e-03,3.297545725782993417e-03,2.611232595264486797e-03,7.660178964524854209e-03,2.857081135519767747e-03,8.049846082035532271e-03,2.279230302191318988e-03,4.866167066385413027e-03,1.055329625900287317e-02,4.881167969177009971e-03,2.387911461882348541e-02,3.973916560523566011e-03,3.859830267960529665e-02,4.286325251774241590e-02,1.185067659247439897e-01,1.201432296516443815e-01,1.069959636615913472e-02,5.568349580153254125e-02,2.849808763714328091e-02,5.237938083631840658e-02,7.784816664365790118e-02,5.790913348033904784e-02
3.215494490472912276e-02,1.236835441125985714e-03,3.971288930553731195e-02,9.734404256928000029e-03,3.912440813112409710e-02,1.049281963961813946e-01,1.222807575485186510e-01,3.393366705303313413e-01,2.584520636069562172e-01,2.799438520254765028e-01,2.613884193934666866e-01,1.689458726464191929e-01,1.951097287700912300e-02,1.213712097319981711e-02,0.000000000000000000e+00,1.548061839931705883e-03,2.736163146507998925e-02,2.423007303579866045e-02,4.916908677062077626e-02,5.610133921322465154e-03,6.648137315089441834e-02,1.898482837193586348e-01,1.720497956630257994e-02,2.001780664772476528e-02,2.270079874582630886e-01,1.422646732215525345e-02,1.424600318713449901e-02,5.349635619879648633e-03,2.355320452776825391e-02,8.116074806046949270e-04,7.764457053889786513e-03,1.965776651569619421e-02,3.272470309690704484e-03,1.529203468938685612e-02,4.659649602051216255e-03,6.488539147808036409e-04,7.715159182027536353e-03,8.732054877152287814e-03,1.449761961889587877e-03,1.749644621316436303e-03,7.005499085337082120e-03,1.700271569622453316e-03,6.004840467270310990e-03,1.775743785683029253e-03,1.780818607707137027e-02,5.923956969150006961e-03,2.268289977093485704e-03,2.595609746927432515e-02,1.417783477603244430e-03,1.285239175896623308e-03,1.252359753368483680e-03,7.611754008624971486e-03,8.302222075508508894e-03,6.825619605753533489e-04,4.254037317492441635e-03,3.649808012448018356e-03,5.783797115611262127e-03,9.616753474377631380e-03,8.136607153432461308e-04,1.864338381534431238e-02,1.378544792701389896e-02,9.570268049321081988e-04,1.695171864588748776e-03,7.777143243573159115e-02,4.300597447743890328e-02,4.990211516927522961e-03,4.896789941860291845e-02,4.433414243344443659e-03,3.958989858917776744e-02,6.810615563607122676e-03,1.276235468582656053e-02
2.219671998661448820e-02,1.848824138607304060e-02,1.106909662438991387e-01,3.748350824885113980e-02,1.131974500734141270e-01,6.884619551921958291e-02,9.112281343142844547e-02,1.480437795614677754e-01,1.051108679476471380e-01,1.798869440968305644e-01,1.798935901266339732e-01,3.805460502836809922e-01,3.105823506087195263e-01,2.524577218788090147e-02,1.548061839931705883e-03,0.000000000000000000e+00,4.564689500451642179e-02,4.240654896464403356e-02,7.971753679604248743e-02,2.008610898461422045e-01,2.633958988452836381e-01,1.165325591810924544e-01,1.804131069066713944e-02,1.617178102494362946e-01,2.181528693828394538e-01,2.517730463539623320e-02,3.868905740699819795e-02,1.057767162539564702e-02,2.886280338980697427e-02,5.968111726542010484e-03,1.058196740408454128e-02,6.236605547393579349e-03,1.135312491395988437e-03,3.039732163169876333e-03,6.521346403138058440e-03,1.394586357984034172e-02,1.167723574995527388e-03,1.895270612134185469e-03,1.438247854101090987e-03,3.234872785890961972e-04,3.460574520863868211e-03,2.742903525505552796e-03,1.656875773174035357e-03,9.364941004369217552e-04,2.576475686928452868e-03,7.945762701777277226e-03,1.007026907888346721e-02,9.588279835989048719e-03,6.145603736693436205e-04,1.167491634989844661e-03,3.055739637176210690e-04,8.069535739958734119e-03,6.426415970558686797e-03,1.315280895377234256e-02,1.566923867018950572e-03,9.267446928952307802e-03,1.523775637971820293e-02,2.448129014232517352e-03,2.833186217466532320e-03,1.912910777985363936e-02,5.083591705898659989e-03,7.583011487577191907e-03,9.217234546957797994e-03,8.450344482071339702e-03,3.629536900176835029e-02,4.249823132961925987e-02,4.889972395303932018e-02,1.205449717296353494e-02,6.487837644597287123e-02,1.440062765722959631e-02,3.317331686809087132e-02
4.391698507038553634e-02,3.879621447454929123e-02,6.803557048264224916e-02,1.454078893446401899e-01,1.383559645964123619e-01,1.415229125961567913e-01,2.141628252563604895e-01,1.839683697640197013e-01,2.673685462534058366e-01,1.728475777961721305e-01,1.664414297963442146e-01,1.084439240838791230e-01,8.566804839375746772e-02,6.206044276238657786e-03,2.736163146507998925e-02,4.564689500451642179e-02,0.000000000000000000e+00,2.965852645966713177e-02,6.910541925869503888e-02,2.238705492992810672e-02,1.957025372329730117e-01,3.262053334301373009e-01,4.844761109094014029e-01,1.402541907608429728e-01,2.891259511428980744e-01,8.227194085727081163e-02,1.456215654494421863e-01,1.576140180711549932e-01,1.415899855310327055e-02,6.494888879046349650e-02,4.796519330480900761e-02,3.365634355686867273e-03,3.265737618061006348e-02,1.014866636623115194e-02,4.955659818160217805e-03,2.621030168524967740e-03,2.633522781307095009e-02,1.200524332023406721e-02,4.096687115563751869e-02,1.539944193362890144e-02,3.855921345185966270e-02,1.951358160230021177e-02,3.092077511837254544e-02,1.261476355567990940e-02,1.401935430868002548e-02,6.953570579894438304e-04,7.617548844059569661e-03,4.334404716181519505e-03,1.415277463019155293e-03,8.830893834083591507e-03,7.539267296314895034e-03,7.399702696241415405e-03,1.397035079428732458e-02,1.290435109378503843e-02,2.354926889723863923e-02,1.298930087268213886e-02,1.188232864918079348e-02,2.772572174619089211e-02,1.187245915483894215e-02,3.575877561343138861e-02,7.193705126273351041e-03,4.753150422888721000e-02,6.765384576676768125e-02,1.414577059480170984e-01,1.745033036713705132e-01,2.229302957312330816e-02,7.472360610878636678e-02,5.087969155253097009e-02,8.067984497405888966e-02,1.119169797013258721e-01,8.424876670984045302e-02
4.704436558887988007e-02,5.066840554847620859e-02,1.357249773193139608e-01,8.896086848554703164e-02,1.707459675320512071e-01,1.109456192193914864e-01,1.987582572991239693e-01,2.567572131306686267e-01,2.172879101852464578e-01,2.624838137966295504e-01,2.711557180750010509e-01,1.421710292399217257e-01,6.227883131136787570e-02,1.516573819210874363e-02,2.423007303579866045e-02,4.240654896464403356e-02,2.965852645966713177e-02,0.000000000000000000e+00,1.578092635410499323e-01,3.760015111954065903e-01,6.364702943892863729e-01,6.000270601478125965e-01,2.343796149371482340e-01,2.801988769297697468e-01,5.607006533274122573e-01,1.645096596194046135e-01,1.374911285882863266e-01,9.689975170340935778e-03,1.148612327569256963e-01,7.696239235529381273e-03,6.347383519673724904e-03,3.569765816260733748e-02,2.463810230427784364e-03,1.536218243119869334e-02,4.365643202141226281e-03,2.915821964163916539e-03,4.706009027946918798e-03,8.398962090502529350e-04,1.072805062057418518e-02,6.949428355261221815e-04,5.553508352019430501e-03,2.731231930983987581e-03,8.918499176843956017e-03,6.203832067266934480e-04,1.792821145026479365e-02,1.353614125768676409e-02,6.432247289082166503e-03,2.219754980353554757e-02,9.821489512314295241e-04,9.407399111832434472e-04,2.693416185809905349e-03,1.716425092545186687e-02,9.468387266065199370e-03,1.742963957939448402e-02,1.259674112770082025e-02,4.577173073798120745e-03,3.265151584709319321e-02,1.224260418158814798e-02,2.474637846918529682e-03,6.982096288481558222e-02,2.077630308796337907e-02,2.579109294892703921e-02,2.716066959828886129e-02,8.739435996265776385e-02,1.048024960556769719e-01,1.620106304845468984e-02,1.139404089651898516e-01,3.318750097942741589e-02,1.091570583596858518e-01,2.984893562637105230e-02,3.794343033242933427e-02
2.728839713960066332e-02,6.149353491596226684e-02,8.561043604438826893e-02,1.454202137703484998e-01,1.684965985150057022e-01,7.164545712949467460e-02,1.202058324913633652e-01,6.025080749108079059e-02,7.417464214081515017e-02,3.064187466992780023e-02,6.077722452556382632e-02,9.875293407820621983e-02,1.255412708964165902e-01,7.285238356890942450e-03,4.916908677062077626e-02,7.971753679604248743e-02,6.910541925869503888e-02,1.578092635410499323e-01,0.000000000000000000e+00,6.859880136481625312e-01,6.600694174288054272e-01,2.917027788693240531e-01,5.911547525866449604e-01,5.803423764360201575e-01,3.492409049858838932e-01,4.524679516491070808e-01,5.994037955852190430e-02,2.921673118963361016e-01,3.236655916271914679e-02,6.289467190706718447e-02,7.840123876480642462e-02,1.335462319710046912e-02,3.277780006451833095e-02,5.607809378193575472e-03,2.299843645013262619e-02,1.671807752832741439e-02,1.358019448005473931e-02,1.362851357606023779e-02,1.086671222122218873e-02,2.226715084015336559e-03,1.368246848639366638e-02,1.922255812992968577e-02,2.775487052090618717e-02,1.222036727211855099e-02,5.304104590513707834e-02,2.484355121853406862e-03,1.753972998345877665e-03,2.033829214900240503e-02,1.391631108017512067e-02,1.870940089088943964e-02,2.057471839245777687e-02,8.854673423226206222e-03,1.066875570208734164e-02,4.921338941209543738e-02,3.272706555425206054e-02,6.719795735226519184e-02,6.921833576603128590e-02,2.553476479955735234e-02,1.075135841817745873e-02,3.924592623400277591e-02,2.453697607000978817e-02,4.983676744683257498e-02,6.989610154175009138e-02,1.435136995292189688e-02,1.113104077058137825e-01,1.352658641068016088e-01,2.443025355479917782e-02,1.040806912212517837e-01,7.133704047485629751e-02,2.570983939395946050e-02,5.724732492126182598e-02
7.960331340020405932e-02,7.533357534358330054e-02,1.772074118087832439e-01,1.539782411743957358e-01,2.847154116678395908e-01,1.637813374300566005e-01,2.459245623750971610e-01,1.862422226177300189e-01,2.262467816574927348e-01,2.059713101494783649e-01,2.074647569893241783e-01,1.290987951444867443e-01,5.708828603955621445e-02,1.099875945761582229e-02,5.610133921322465154e-03,2.008610898461422045e-01,2.238705492992810672e-02,3.760015111954065903e-01,6.859880136481625312e-01,0.000000000000000000e+00,6.551282517272954964e-01,7.419976485043594527e-01,3.773663948655861522e-01,4.552613933787988398e-01,5.216133181910674876e-01,2.748680673957964449e-01,7.396786709866239040e-02,1.012567819540129976e-01,6.363150439638295963e-02,2.605920773600253065e-02,1.630612478909451019e-02,2.822294892108438355e-02,9.672806258485062286e-03,4.789090371424701426e-02,4.012887971495331801e-03,1.339211881298230794e-02,7.521639779585347074e-02,4.404938816644757282e-02,5.794238281428978898e-02,4.718442788704762386e-02,5.788498410664222327e-02,1.340560430702681001e-02,1.713071592111929664e-02,8.409418026050467440e-03,3.853248829905832080e-03,7.911198868647752614e-04,4.632288211734231741e-03,5.534369705186991187e-03,7.559859040907824373e-03,1.806230160994411410e-03,1.139689709447640545e-03,6.600141428830893879e-03,2.427415124085689074e-02,1.728763832557304522e-02,1.978851562685313842e-02,1.590571072276729045e-02,2.002031571389462430e-02,2.812266120135696254e-02,5.374109218897461793e-02,1.924886578752202024e-02,3.244706239689124777e-02,4.290711885487927951e-02,9.684674149807172283e-02,2.026745124746524018e-01,2.037701847038762559e-01,4.380167151081462013e-02,1.549301496477062390e-01,1.479800113727854916e-01,1.878021552833992469e-01,6.871483781561989190e-02,9.692550060566842984e-02
2.496383326108169570e-02,2.851038566537380387e-02,1.183608941742489290e-01,8.620821378178093741e-02,1.404487823913427025e-01,8.404593495016635107e-02,9.649263987082490335e-02,1.925655498067136567e-02,3.043367833442071207e-02,2.266261683060844662e-02,1.230151615033092151e-02,6.068505530421079708e-02,4.863974061475768301e-02,4.276166685976354187e-02,6.648137315089441834e-02,2.633958988452836381e-01,1.957025372329730117e-01,6.364702943892863729e-01,6.600694174288054272e-01,6.551282517272954964e-01,0.000000000000000000e+00,7.832581537837742802e-01,7.215149177203007413e-01,4.544496518445046429e-01,2.563501454017063086e-01,5.959278567727784859e-01,2.536331893262254167e-01,1.532266942451026293e-01,3.469997301527501937e-02,4.663853407045037008e-02,5.236641404988234133e-02,7.641381270763780362e-03,1.230114731977061809e-02,2.213547747140646657e-02,1.052208720629593287e-02,1.276270754956211617e-03,9.015286192243638502e-03,8.314639727371363198e-03,3.935594384609412272e-02,2.012723864175523444e-02,3.765497748658966012e-03,1.657029743134006902e-02,3.235568348067251535e-03,1.677954513255063831e-03,1.802653967103419247e-03,2.980051559386032341e-03,8.342283357466263871e-03,1.130011660113221239e-03,2.875555689378963328e-03,1.451166869060617308e-02,7.311961337880450683e-03,1.447163120767352637e-02,1.971480326414313741e-02,1.801599266006256861e-02,3.254404670370152769e-02,1.022701721568326436e-02,3.458483896075843084e-02,2.376355028399850314e-02,1.699044958716949827e-02,3.302985397612515084e-02,1.437416268430308577e-02,2.969529242829513360e-02,5.409560685707916206e-02,1.209830979233664575e-02,3.586683075134077664e-02,1.972111767990941400e-01,7.070395788665997938e-02,1.236831309815792507e-01,9.100690796471844202e-02,4.993770765236058701e-02,5.494509857360760363e-02
7.950223522920163433e-02,6.663151022885378805e-02,2.506969755521654686e-01,1.829523898672027193e-01,2.536251228518509593e-01,4.945237688003700088e-02,1.521794067717407717e-01,3.089353900825317009e-02,4.965936016950240478e-02,4.518536048798676985e-02,4.232904441751927926e-02,5.899366188069468664e-02,3.137694895802006084e-02,1.947772922505640047e-01,1.898482837193586348e-01,1.165325591810924544e-01,3.262053334301373009e-01,6.000270601478125965e-01,2.917027788693240531e-01,7.419976485043594527e-01,7.832581537837742802e-01,0.000000000000000000e+00,7.165056046510390741e-01,6.947343923274842403e-01,3.701362319808993440e-01,1.236572663264566552e-01,3.984641467938002113e-01,1.260313698623426529e-02,7.519833361854800537e-03,3.364671534341728137e-02,1.944442588062197681e-03,2.038987073252627666e-02,1.400922406736715593e-02,2.145950991845478346e-03,1.850176684221617809e-02,2.545460853338153348e-02,5.470115347908189457e-03,1.485666410894586221e-03,9.745954374084254274e-03,2.431227049534938865e-03,1.215687119314294226e-02,5.987977831358016340e-02,1.256999557228945068e-02,8.258716057239365305e-03,1.928891117168620231e-02,7.791438505332849056e-04,1.217314924473987753e-03,6.633959862152663534e-03,1.854988762440192701e-02,3.329222495945201310e-02,1.770299582520606235e-02,1.725985727114465185e-02,3.561821962009357329e-02,6.224740857104226616e-02,2.922201348879968283e-02,8.626814686988007463e-02,2.066605328879276421e-02,1.702183265405262866e-02,2.599283959968890292e-02,2.978684194498372115e-02,6.093144681477333235e-02,5.240864409539500168e-02,9.206792763361561216e-02,3.558660305081681047e-02,9.474002318380132792e-02,2.172502674952493940e-01,3.949604098850116596e-02,6.643151832354994568e-02,1.857773111612413819e-01,6.795116520933901227e-02,1.370029407586167980e-01
