0.000000000000000000e+00,1.089523255378965945e-02,3.660890337485450674e-02,1.870257349102171993e-02,1.360968277643350571e-02,1.639987423689709053e-02,4.004374399276499664e-03,9.572007911628476265e-03,2.839231106947262030e-03,6.314543918795427480e-03,2.912194576826070743e-03,4.854275033833818469e-03,8.085508250105231595e-03,1.095654644126352328e-02,7.021712686692331735e-03,5.777930091825381198e-03,1.613064170965871832e-02,4.449815861407868840e-03,4.418467157138472948e-03,1.337565149082876013e-03,2.542548560325329481e-03,7.765580181796757561e-03,6.189405496967629629e-03,9.793551818762633379e-03,2.421554986009575878e-03,5.361314795898312370e-03,5.218779670581527586e-03,4.825815510188563931e-03,4.549979262514117218e-03,3.246662138193583298e-03,9.494566786935221270e-03,1.832092457925974058e-03,5.914665294351772497e-03,1.761870784013869033e-03,2.272430857791092693e-03,2.724116029602283249e-03,7.702946443674540695e-04,7.728080813786345621e-04,1.711204818378176122e-04,5.181271328965638898e-03,1.461446398425688851e-03,2.239913304049294916e-03,2.671657453120801756e-03,4.615199129727263171e-03,2.369460607934111354e-03,7.781293636305798740e-04,3.535597714009138838e-04,1.513531065127841468e-04,1.100213078680941379e-03,7.305777419504906785e-04,4.432632746873872362e-03,2.276646095604014297e-04,5.522707298594517348e-04,2.885867025484227435e-03,2.537542626717416080e-03,4.746986976528940090e-03,3.561341776508273466e-03,1.045807353907532346e-03,4.573129065324053780e-04,1.432306933089638268e-03,1.243713507854820287e-03,2.736651402678965360e-03,3.667127680639745146e-03,8.474774378945357537e-04,7.626621305298631089e-03,2.908155105434967556e-03,1.768411556309167250e-03,4.819905285847682526e-03,5.262173753974501086e-03,3.062212887846378368e-03,4.584157988639132528e-03
1.089523255378965945e-02,0.000000000000000000e+00,4.428765066183619481e-02,2.551511531543517244e-02,3.708606582279513376e-03,1.342219215804828399e-02,8.040845388589413709e-03,1.124485183568967386e-02,1.202359548153239185e-02,1.161962137144769043e-02,8.785580373448488578e-03,5.636898350830688714e-03,1.028220310559195029e-02,1.584063500095004781e-02,9.162334107955406176e-03,7.326562244235178961e-03,9.362457542361632412e-03,7.675583875332983759e-03,4.444842954667430242e-03,4.564124231879971953e-03,4.906560579379965793e-03,7.078008222733988587e-03,7.249148267510807306e-03,8.193875975678398954e-03,1.017441309092776899e-02,7.105627554278999211e-03,1.513682017785174250e-02,9.395587399480716251e-03,5.649494163726957036e-03,1.123767313276949689e-02,7.173953561666173047e-03,5.311061887512728841e-03,7.833321424423937696e-03,4.319716696630006639e-03,4.947542864539116597e-03,7.279707122524494735e-03,7.410468441942059470e-04,7.146065193121844093e-04,3.413098746003856172e-03,1.393095686089137336e-03,1.529334129160874519e-04,3.907186743451505212e-03,5.711797185909762639e-03,1.312813279549240224e-03,1.779714731411981060e-03,1.596806362512555441e-03,7.981435661335176341e-04,2.239001428365041801e-03,3.797503656394750652e-04,7.397168492537113714e-04,7.956312887844155289e-04,2.604509607995530301e-03,1.136348480832844376e-03,5.188595052042345532e-04,1.162244882652239920e-03,2.746051884545790134e-04,5.681584221749284673e-03,1.347541245537359602e-03,3.676888699481353057e-04,3.959473778274391793e-03,2.355481376397384596e-03,2.034378560087030726e-04,3.210710775555192416e-03,1.042952919937454107e-03,4.993177795540495144e-03,5.681699349502429726e-03,5.320389935752715786e-03,5.626252266983764946e-03,4.880582828993223522e-03,3.929529552839777611e-03,1.590132435344805001e-02
3.660890337485450674e-02,4.428765066183619481e-02,0.000000000000000000e+00,3.147095350441680289e-02,2.156065684474989599e-02,6.310945319630657975e-03,2.695923218634210458e-02,9.243503626108748317e-03,1.616714039548921775e-02,1.363599498429910600e-02,1.240367770360187652e-02,6.454736659460218184e-03,1.147717274107889172e-02,2.974270861201843905e-02,9.662241714329543665e-03,9.924269138437734686e-03,2.805601327550743054e-02,6.299970531512207733e-03,5.206823455151551178e-03,3.997971340684474024e-03,1.734179170973053612e-03,7.557588809684871733e-03,7.920274342753885755e-03,8.929840544799970414e-03,7.661353502523596606e-03,3.446907972484112691e-03,5.838131171213158110e-03,8.754450591982551946e-03,1.248433760422583156e-03,7.900727250355425377e-03,1.624069268367240096e-02,2.826393719138947571e-03,1.319458652887852725e-02,2.750877138225792887e-03,3.932280908642674685e-04,4.600231227371273483e-03,3.255431541334646958e-04,9.517587631684649779e-04,1.441461282073902865e-03,1.651383961392367383e-03,9.550236392178420089e-04,2.247156963428147743e-03,9.045878581420318176e-04,3.344729430546538804e-03,3.326874518678068441e-03,5.006211568886234989e-03,1.295702921199069855e-03,1.594797484352855578e-03,3.174445779436402704e-04,1.957079708034498513e-04,1.179067526745227737e-03,6.404079046690236768e-04,1.584851963075042209e-03,5.049674884781556704e-03,2.430296882989353702e-03,8.133245276030527313e-03,7.929615080228961596e-03,6.847022005020485897e-04,3.234624379778082860e-03,7.532228033300642596e-04,5.067954676548970874e-03,5.255329312972159030e-03,6.204883474375189750e-03,3.947026317221958951e-03,1.267138293806422539e-02,7.241238133715887856e-03,4.309409563062525581e-03,6.737738789091017415e-03,3.557863596091125329e-03,3.516114827570790413e-03,9.900058611332095831e-03
1.870257349102171993e-02,2.551511531543517244e-02,3.147095350441680289e-02,0.000000000000000000e+00,2.892607635367893185e-02,5.098179970355224550e-02,2.296161565996483050e-02,1.682470234974588197e-02,2.301949693022832880e-02,1.922613033127356166e-02,2.667512893650349562e-02,9.433509829270768018e-03,1.728360361411601306e-02,5.539880009184088884e-03,1.701669913818549401e-02,1.100632990502149570e-02,6.625189416266005250e-03,5.570766259138302395e-03,5.625590164697732640e-03,1.169723341992688452e-02,1.517886825782713885e-03,9.974394460052169245e-03,3.316724374872543658e-03,7.471406090052972772e-03,1.807705224893046275e-02,9.099546562245741307e-03,1.434476662552989189e-02,2.255577691210247388e-03,5.121549720867315907e-03,5.612497899473259041e-03,5.230078267642051734e-03,6.889377042498303835e-03,7.495373718906852938e-03,8.688350528518044066e-04,6.370177177122909526e-03,5.207632209112554762e-03,3.040807019954829427e-03,2.915342947227038146e-03,6.662054039237351802e-04,6.713070670188069772e-03,4.514847787048045661e-04,2.062190167521823223e-04,3.270831648726224301e-03,3.152076186933233399e-03,3.921553997026936745e-04,5.236667581409742587e-04,1.809886096817062530e-03,2.100661636130649219e-03,6.506009147826090225e-04,3.797618333270601221e-03,9.110876502194738442e-04,5.613458086765428165e-03,5.445020945925808237e-03,2.543568418962027788e-03,1.872259785339674401e-03,1.704954580137642414e-03,5.780748043556652258e-04,7.540412247388759460e-04,1.453418021730253605e-03,6.938839274031314598e-03,7.835392943474454863e-04,1.804278946857727295e-03,3.841313882457363972e-03,1.783175470485209944e-03,3.883215542416209361e-03,3.343480572309147792e-03,1.248625114162211364e-02,6.940655380123458319e-03,8.591869160883064058e-03,4.704383048794984028e-03,3.217603971124646713e-03
1.360968277643350571e-02,3.708606582279513376e-03,2.156065684474989599e-02,2.892607635367893185e-02,0.000000000000000000e+00,2.463583361868235816e-02,1.169174763476601465e-02,3.227508924735694729e-02,4.266325419102262595e-02,3.810519227629497602e-02,4.720138508923205772e-02,1.199900854590489358e-03,2.835164054662974928e-02,1.361462215581561892e-02,1.149950713905648590e-02,1.252815245363919812e-02,4.508399442648825320e-03,1.327383466980547495e-02,5.074995294394753914e-03,8.837148266562124335e-03,5.000294698592922839e-03,6.330048689097029016e-03,7.888019227595364016e-03,7.238685372927346033e-03,1.708786095690918369e-02,6.995882620363297333e-03,2.963290283400418779e-02,9.548900462927157468e-03,9.184607647425050217e-03,2.244230739216706433e-02,1.116143835859576341e-02,8.433464351313644733e-03,7.009908799909670210e-03,1.704662042830822457e-03,2.592534784299421486e-03,4.765933586776389605e-03,1.822517058702179896e-03,2.070433990765107538e-03,4.498575425202737052e-03,2.372240261909116209e-03,2.145472835242599741e-03,3.989399909188409699e-03,1.131207862518197882e-02,9.160468173492985989e-04,1.895126212466547843e-03,8.306108060926778143e-04,8.519532402030638397e-04,2.803737434410389761e-03,1.155715895804963712e-03,3.253926520841099283e-03,3.648824273284160548e-04,4.423584386164797558e-03,1.716444423301812785e-03,2.444492240966462319e-04,6.467989578911058357e-03,3.589484004431444785e-03,2.305666621530486852e-03,8.801265900184545134e-04,4.006152950249741544e-03,8.483851726308581573e-03,6.082404448999265958e-04,6.476266598355486090e-04,2.332939321093247063e-03,8.097977426487887233e-04,6.811641451147564842e-03,1.497587744099487979e-02,7.100451477149001545e-03,9.890587456439638853e-03,6.522730130125614298e-03,1.816989309704478139e-02,4.937162814102934519e-03
1.639987423689709053e-02,1.342219215804828399e-02,6.310945319630657975e-03,5.098179970355224550e-02,2.463583361868235816e-02,0.000000000000000000e+00,2.915586833974224273e-02,2.193328602904319469e-02,3.275574480716058473e-02,2.210586416001865048e-02,2.023641680923103300e-02,2.201046579397717209e-02,2.150796282938410506e-02,1.368274369643960285e-02,1.505858183022208870e-02,6.173869708232941275e-03,1.015544292893601729e-02,7.226473887505942620e-03,1.980696349835584652e-03,2.509703040681679660e-03,3.453891837056286863e-03,1.323889384067436677e-02,7.747998094361524535e-03,6.445412849518428015e-03,6.853637491599656045e-03,8.216156825307959627e-03,1.080367706270315628e-02,3.263733164141505941e-03,4.204944537537984132e-03,1.160773509317408921e-02,1.298898045907396701e-02,2.186480648672686940e-03,8.812807127676305918e-03,1.655942848744164451e-03,1.270504440150397674e-03,4.732335263635819612e-03,4.935377157782913811e-03,2.018737322157097488e-03,1.700641683831359942e-03,1.114882797449278685e-02,1.787671515030771945e-03,4.917462691421992408e-04,3.101545342125755500e-03,3.028306079314639198e-03,6.332345096852315088e-04,4.177309505728822353e-04,2.446265550441700885e-03,1.075380269208834390e-03,2.591215942098015063e-03,9.712859871354381780e-04,5.990641846824349900e-04,1.518959837172316561e-03,8.675235108627517679e-04,6.732460677945859831e-04,1.361493929033526186e-03,4.701285025575138287e-04,2.847624537595789488e-03,8.676972467771146497e-04,2.852571356608666784e-04,3.494034041673762560e-03,8.586743351719663790e-04,1.418513345591321121e-03,6.339320742634938638e-03,6.039773001203006895e-04,4.078255804464662668e-03,1.009737919219524764e-02,2.196226500393259722e-03,1.061270991314473312e-02,7.297705920024960546e-03,6.836368480163932705e-03,2.459421382158275340e-03
4.004374399276499664e-03,8.040845388589413709e-03,2.695923218634210458e-02,2.296161565996483050e-02,1.169174763476601465e-02,2.915586833974224273e-02,0.000000000000000000e+00,9.298222965890751146e-03,2.915456976048085708e-02,9.917440769976365242e-03,3.741759739321070394e-02,2.012978061569949476e-02,2.073444576833515657e-02,1.576221237784781667e-02,1.640932135674344830e-02,4.458381275797512408e-03,3.100628515213327968e-02,4.178557498099442179e-03,5.546078001403475718e-03,8.219732724237087396e-03,2.076351440203788503e-03,1.083058241409859922e-02,1.396533033698764761e-02,4.907797407367893959e-03,6.380003849921533736e-03,1.471925087914969198e-02,5.402513953812312399e-03,3.591314272679705169e-03,2.027787198919250942e-03,2.752585592232474100e-03,9.250549991888352974e-03,1.581007547648414840e-03,4.746992618511567709e-03,8.364340171822500294e-04,1.896020662373275366e-03,1.559351068313745989e-03,1.837271857209929037e-03,1.157850255047793630e-03,5.105784312338280820e-04,2.853084659893181420e-03,2.243431598012539819e-03,1.765338935231156384e-03,8.705223630749261195e-04,2.427067715945037830e-03,4.331130658399531819e-03,4.701082032360429964e-03,3.152588064516034013e-03,4.806417488569186087e-04,3.225085979737560109e-04,3.152832183574299802e-03,1.774674213302555696e-03,4.440537310299478104e-04,1.319974454638238098e-03,1.044227658726441885e-03,9.854767052827927750e-04,1.083757560932643296e-03,2.365346843906038742e-03,1.342003298213078830e-03,3.506159925586280809e-03,5.117576890228678951e-04,1.146366947136009820e-03,2.206810302208344308e-03,1.104455680211346297e-02,1.249750496310055373e-02,1.733956069499999197e-02,5.466317739176583708e-03,4.096336866971713939e-03,1.009017116254242938e-02,4.217642877774266212e-03,6.898244092366699783e-03,3.587304893869211649e-03
9.572007911628476265e-03,1.124485183568967386e-02,9.243503626108748317e-03,1.682470234974588197e-02,3.227508924735694729e-02,2.193328602904319469e-02,9.298222965890751146e-03,0.000000000000000000e+00,4.129687167191856828e-02,9.652130205742258384e-03,2.848123888351587057e-02,3.702262153997361999e-02,1.973827314065280947e-02,7.412798003622498959e-03,7.917534848814711604e-03,1.209644945250432438e-02,1.027638263970616882e-02,6.906663075486063966e-03,9.997510950786861819e-03,1.174476141556450061e-02,1.653422477364811793e-02,2.335921389884225777e-02,1.630701030234747717e-02,3.326607271411612023e-03,5.414749807266305837e-03,2.612304214709038411e-02,2.360265995219991766e-03,1.123932857346825707e-02,2.194145997695459444e-03,4.612634360581880331e-03,2.048300924045118928e-03,2.430229517306347828e-03,1.581069095984901718e-03,5.162175922292360289e-03,3.358558651337630301e-03,9.027348252469841183e-04,1.176835905541953088e-02,1.476083738481983243e-03,1.187929926821639512e-03,5.393471842349179500e-03,2.081182024731283425e-03,3.180356411942275065e-03,5.849693687450627667e-04,6.291322409382815208e-03,5.029787941252693816e-03,2.624073815802166476e-03,7.363267927659685776e-04,3.109275702236366165e-03,1.163170702480657241e-03,1.593363207946936998e-03,2.660603937587277014e-04,1.719503117955165430e-03,1.894130147418606131e-03,3.213307248418688714e-03,4.499284193088098341e-04,1.739273841636878844e-03,1.068317289161983125e-02,2.420564260420964356e-03,2.401832453734907297e-03,1.010778703326556220e-03,1.024892459829989527e-03,3.808091980948801782e-03,1.805542913862311777e-02,6.966420559997560553e-03,1.662711202627384713e-02,2.135317581339755966e-02,4.451110725881246045e-03,1.978455895896592820e-02,1.042017536228720571e-02,1.469320815870703636e-02,1.744970580869049936e-02
2.839231106947262030e-03,1.202359548153239185e-02,1.616714039548921775e-02,2.301949693022832880e-02,4.266325419102262595e-02,3.275574480716058473e-02,2.915456976048085708e-02,4.129687167191856828e-02,0.000000000000000000e+00,9.550740305054936444e-03,5.351678751154663460e-02,3.470890918819058424e-02,1.269900331919608660e-02,1.447479808332361069e-02,1.433848508357033445e-02,4.799346285511167133e-03,7.743199867625064764e-03,6.995927130453397959e-03,3.377160667100902007e-03,1.503791839328511362e-02,6.753347300472418470e-03,2.525958101565114848e-03,3.694295780411009644e-02,1.168593642044672525e-02,1.687027939997346598e-02,4.389018159195717979e-03,5.933754080012623548e-03,8.550475803690803234e-03,9.719948157544002973e-03,2.180761111735855622e-03,1.591814756388302242e-03,5.720106946008073068e-03,5.205264952171835546e-04,1.119224108471428628e-02,1.327764078135475201e-02,3.512352257857246241e-03,1.148761177538768115e-02,8.947680221011218181e-04,1.589367948625190720e-03,1.036640703973431762e-03,3.883516947068977113e-03,2.463583689064542063e-03,4.537698880809376556e-03,1.540716769410701951e-03,1.313414355317463113e-03,3.128263868229850045e-03,3.803962876834232100e-03,1.115658923118555829e-03,4.251465067127830591e-04,1.796376116931481127e-03,7.295811552286976705e-03,9.215703092328831432e-04,4.965428377908301903e-03,4.592178685727161397e-03,1.790962741844310266e-03,2.594216145101150162e-03,1.253946423125202984e-03,2.169593372101975143e-03,1.882611311704768513e-03,2.782620385651162886e-03,1.170481506658697110e-03,1.727589851061010371e-03,7.132779344807339481e-03,4.752536698222513574e-03,4.335861295618271931e-03,8.991788202579705305e-03,1.440164894638150742e-02,8.911481944626790594e-03,1.495051378063726351e-02,1.501700291306360194e-02,1.969668832773610948e-02
6.314543918795427480e-03,1.161962137144769043e-02,1.363599498429910600e-02,1.922613033127356166e-02,3.810519227629497602e-02,2.210586416001865048e-02,9.917440769976365242e-03,9.652130205742258384e-03,9.550740305054936444e-03,0.000000000000000000e+00,1.637940036814280673e-02,1.271220379308697357e-01,4.403502988340960572e-02,1.693706758033611953e-02,1.927831487038585492e-02,2.127052905368069513e-02,1.436192623596433543e-02,1.053892498970585880e-02,8.399978099220238581e-03,2.408873630212841552e-02,1.388096904983765305e-02,1.169575238425832331e-02,3.300598989086594298e-02,1.066906242939056997e-02,1.524175678952924967e-02,1.392682328397297498e-02,1.055223011187413247e-02,3.367981484659344701e-03,5.886452929929563392e-03,4.301052966016362909e-03,2.760011738989818705e-03,1.054491533539451834e-03,1.936837307788551220e-03,1.363072768136489553e-02,8.618706287441857058e-03,3.762011013661666417e-03,6.411721430292907642e-03,1.434082576304624183e-03,9.049823480059534034e-04,1.409374218915890493e-02,2.780936772656286086e-03,7.446634854996217641e-03,1.404892064076805310e-03,1.023550216944838637e-03,3.201913112870192601e-03,3.290740723659209711e-03,4.001983512235602648e-03,1.012260721042453245e-02,1.376268974925700869e-03,3.058238845368128379e-03,1.323877028476700812e-03,1.567810670466590226e-03,1.322603063643632134e-03,2.880484780716824084e-03,1.451721758394632685e-03,5.297235818780642426e-04,7.034146780885976342e-03,3.212270249902173316e-03,1.896690996248092407e-03,2.097750171446038144e-03,1.052646293307194468e-02,3.080507062628982419e-03,7.029695056623727276e-03,3.165056867095933542e-03,2.555280055086765496e-03,1.309701508367466967e-02,7.549460503089983759e-03,1.803753898185299701e-02,1.654778384915496503e-02,1.384380840324826896e-02,2.046283013114907207e-02
2.912194576826070743e-03,8.785580373448488578e-03,1.240367770360187652e-02,2.667512893650349562e-02,4.720138508923205772e-02,2.023641680923103300e-02,3.741759739321070394e-02,2.848123888351587057e-02,5.351678751154663460e-02,1.637940036814280673e-02,0.000000000000000000e+00,4.478555162280362101e-02,2.744323289157244924e-02,2.346970029850931755e-02,2.225332408898098718e-02,1.297504255182287819e-02,1.309725054726273291e-02,2.539710366100994543e-02,5.159937901672084944e-03,3.956609915136401201e-02,1.385332878339925675e-02,1.608096469908052578e-02,1.480332516234869611e-02,1.134564726957767999e-02,4.526432337867685590e-02,1.960108693527990234e-02,1.517891957705893614e-02,8.091690413351742064e-03,6.322100193906301374e-03,6.075037950080032154e-03,6.556951622247494949e-03,1.319214411716220642e-02,2.802408472056421886e-03,1.342107961196774973e-02,8.452259113513207675e-03,2.845318596501707296e-03,1.882399297195542706e-02,2.571208166069509880e-03,4.744497557715774035e-03,2.896166803995174621e-03,8.898925859114259138e-03,1.816010881627065686e-03,4.729883271561603764e-03,4.725981557599445108e-04,4.643286593243134246e-03,1.989423377442546548e-03,1.348435849146812585e-03,4.112107508163775210e-03,1.829644940829258746e-03,1.138023454851677749e-03,9.566887607004245526e-04,5.054502413187104103e-03,9.889067180037625082e-03,6.093679209309140615e-03,5.072006645525181483e-03,1.637585832015150565e-03,5.406591875083659703e-03,2.445405787271576377e-03,9.858781299055803613e-04,2.223279990798363373e-03,1.144267683680549267e-03,3.987915908039490684e-03,2.288368761155581618e-02,9.125644705835730605e-03,2.127831402720841217e-02,1.675802617550512311e-02,9.744774933122275079e-03,1.493695185084616302e-02,1.707572763634672766e-02,2.385472473416044847e-02,1.480527446397717460e-02
4.854275033833818469e-03,5.636898350830688714e-03,6.454736659460218184e-03,9.433509829270768018e-03,1.199900854590489358e-03,2.201046579397717209e-02,2.012978061569949476e-02,3.702262153997361999e-02,3.470890918819058424e-02,1.271220379308697357e-01,4.478555162280362101e-02,0.000000000000000000e+00,2.161294518213103741e-02,3.681628603649871045e-02,2.412359924337689754e-02,6.755199053059958436e-02,3.906083605048664420e-02,1.304292123960316963e-02,3.483441507912835716e-02,3.214622813818249214e-02,5.923286992276811762e-03,1.968383016374762248e-02,2.311947818933553569e-02,1.657775403231898440e-02,1.980878978141983882e-02,1.547434649856496008e-02,1.637538889785246018e-02,2.592885509871954014e-02,5.956004774248175107e-03,1.086473391391992727e-02,4.373992291731972938e-03,2.390712891747769075e-03,6.550995183671049285e-03,2.172000718373190246e-03,4.710360471226333369e-03,1.335219165034439359e-03,9.137103801342711523e-03,9.619482576417733369e-03,1.216409977411446290e-02,5.760613949545739278e-04,1.173385176894935862e-03,4.780899770925605384e-03,1.281954419884544097e-03,2.847517685912017218e-03,4.750052296619462766e-03,5.040279599502366960e-03,1.262522240843415647e-02,6.866285699807482545e-03,5.901965829284628500e-04,2.306810573877208191e-03,1.745619246339764679e-03,3.260344510035804479e-03,3.838380600504179112e-03,1.960422718031055479e-03,8.328337084350495231e-03,1.150456033805635162e-03,4.657145117426001769e-03,1.306752606193741818e-02,1.029560962050347396e-02,1.963476200073320781e-03,1.316238372655812068e-02,1.450003321559711206e-02,3.307875722681311720e-02,3.081504786819140931e-02,4.269006632584832622e-02,4.878663693491457065e-03,2.406828890294804291e-02,1.182327682748532741e-02,7.151004143125088038e-03,4.270369183398925808e-03,8.099031743253272755e-03
8.085508250105231595e-03,1.028220310559195029e-02,1.147717274107889172e-02,1.728360361411601306e-02,2.835164054662974928e-02,2.150796282938410506e-02,2.073444576833515657e-02,1.973827314065280947e-02,1.269900331919608660e-02,4.403502988340960572e-02,2.744323289157244924e-02,2.161294518213103741e-02,0.000000000000000000e+00,4.526903547552472290e-02,4.490705308465182261e-02,4.840367149505925976e-02,1.363115097305345712e-02,1.024687960648936781e-02,3.068379499946937913e-02,4.752017496230305851e-03,1.324762700898618473e-02,9.000543486325908102e-03,6.148731212583197908e-02,3.924681928688129179e-02,1.422734089171215702e-02,3.475651697475637403e-02,8.806575393047269551e-02,7.481110593405090881e-02,2.409131111161369118e-02,6.088937577387665973e-02,1.511757937796353972e-02,7.950584012901837708e-03,1.379634722333171991e-02,1.697731368782284291e-03,2.886049252846657580e-03,1.281144029046069489e-03,3.996241444513807042e-03,3.577670143889353366e-03,1.453278120395171298e-02,2.257026835473727611e-03,4.867575666015404139e-03,6.060804872159220209e-03,5.834026835451138794e-03,7.921527217221080788e-03,5.567897029114313862e-03,1.696204474091718341e-03,5.878216496420211705e-03,7.290900087476279157e-03,3.260853582091198348e-03,2.287619335722165196e-03,4.718961982315985314e-03,2.376184871898856434e-03,1.286225970857111283e-03,1.222976514955707817e-03,3.816594575258192186e-03,1.739230407150278799e-03,7.981704934697282303e-03,1.341692165716786445e-03,3.905566088504857161e-03,1.975271699901852418e-02,8.235638607984043739e-04,1.928093453917144404e-03,7.826559974961183261e-03,4.180106931934486451e-03,7.023169671275629813e-03,2.968931026986525515e-02,9.862189699998250708e-03,4.088833285680489038e-02,1.523980596632568997e-02,2.382826481600260754e-02,1.025513513366226384e-02
1.095654644126352328e-02,1.584063500095004781e-02,2.974270861201843905e-02,5.539880009184088884e-03,1.361462215581561892e-02,1.368274369643960285e-02,1.576221237784781667e-02,7.412798003622498959e-03,1.447479808332361069e-02,1.693706758033611953e-02,2.346970029850931755e-02,3.681628603649871045e-02,4.526903547552472290e-02,0.000000000000000000e+00,4.788871881215466149e-03,1.551207143084304234e-02,7.466009874985480785e-03,4.511624891200359533e-02,2.311253547025692717e-02,8.746655807276727812e-02,7.926382240227780596e-02,2.393383775160841040e-02,2.645796990645885582e-01,1.053863683909272847e-01,1.055496524784243495e-01,4.761003567457476604e-02,1.440892938356711783e-01,8.365102353896254617e-02,2.618984242668833881e-02,4.589575552388708984e-02,1.058451368352560790e-02,1.801600247736579721e-03,6.970124369873226949e-03,8.913845819559985950e-03,3.919329395942833250e-03,5.329271802032587921e-03,1.666400869361306034e-02,4.358405268654869276e-03,1.074768555184367307e-02,4.073756037896907392e-03,6.340398379168590316e-03,7.493570299302624530e-04,1.671896086372151591e-03,3.637783855806830686e-03,1.102459437821908797e-03,1.190606621845042429e-02,4.145049155085463177e-03,1.045962452531934775e-03,1.051298838252969414e-03,2.088315055718064587e-03,6.718855518660269387e-03,1.562739618986491242e-03,1.045623537621328224e-02,8.207535083685293248e-03,3.496273212386347487e-03,7.140249262410067188e-03,6.691327073395670353e-04,8.462553555573909189e-03,7.285606063034421459e-03,2.062237517501607637e-02,2.012593090009986031e-03,1.960518364078483317e-02,2.114067759116605022e-02,1.532594588109094901e-02,3.729979221146981216e-02,1.170970595397263607e-02,1.061910761337013509e-02,2.304386529659693816e-02,1.513672570385679421e-02,2.914676272182721399e-03,2.278602010118527602e-02
7.021712686692331735e-03,9.162334107955406176e-03,9.662241714329543665e-03,1.701669913818549401e-02,1.149950713905648590e-02,1.505858183022208870e-02,1.640932135674344830e-02,7.917534848814711604e-03,1.433848508357033445e-02,1.927831487038585492e-02,2.225332408898098718e-02,2.412359924337689754e-02,4.490705308465182261e-02,4.788871881215466149e-03,0.000000000000000000e+00,7.084008324026719317e-02,2.021127555725257818e-02,1.215554924574747432e-02,8.180017653630404506e-03,2.083064753073360018e-02,5.880610252587847170e-02,1.004238583913458494e-01,1.304496817377266416e-01,1.052885342351101566e-01,1.272790680194405555e-01,1.011412225331726616e-01,8.317868149273310863e-02,6.147609255637698916e-02,2.975122372046648186e-02,4.407861548984447903e-02,8.588281456403489347e-03,7.407507096940478672e-04,4.145719913880045390e-03,4.061775102056693933e-03,4.614156452211335552e-03,5.094868570357062587e-03,2.255271886297480818e-03,1.460732941069634722e-03,1.804106193519232305e-03,2.997484701975302018e-03,1.548143342775510538e-03,5.235520446326556027e-03,1.934075270810069625e-03,2.154345354004610913e-02,2.028067005896681124e-02,1.281634473103720681e-02,1.159913922100444875e-03,9.878561226319850994e-03,2.194556464008127344e-03,9.788526432035090079e-04,2.140248467368494143e-03,7.813442969939538713e-03,7.239485108353157540e-03,4.273982479458911764e-03,1.009200911712678471e-02,2.440045895271759219e-02,2.569827149705702484e-03,1.910613428551475798e-03,1.577064221106714778e-02,2.907699404540827967e-02,1.407667960724156946e-02,1.521410164021766431e-02,1.747588843539201603e-02,1.193433896116243183e-02,3.428026742277558159e-02,1.518207549017012992e-02,9.069256179274782018e-03,1.561370804814187115e-02,5.736645766906611418e-03,1.352145086516124903e-02,6.955256322217646600e-03
5.777930091825381198e-03,7.326562244235178961e-03,9.924269138437734686e-03,1.100632990502149570e-02,1.252815245363919812e-02,6.173869708232941275e-03,4.458381275797512408e-03,1.209644945250432438e-02,4.799346285511167133e-03,2.127052905368069513e-02,1.297504255182287819e-02,6.755199053059958436e-02,4.840367149505925976e-02,1.551207143084304234e-02,7.084008324026719317e-02,0.000000000000000000e+00,5.373767940523227482e-02,8.544667430117405815e-03,2.603219020863922761e-02,1.163205616944838899e-01,1.892693704926542153e-01,5.944013354593748188e-02,1.611453521420355972e-01,4.985101649415624864e-02,5.613103634801429320e-02,1.158352212927465374e-01,6.393099291404659434e-02,6.634800894151560158e-02,1.474718548652795107e-02,1.927325879605776629e-02,1.364141247247830681e-02,4.616475695604610463e-03,7.898206067856983550e-03,5.397634449773538621e-04,2.982052879859169257e-03,3.183948624078258502e-03,3.162404859159903547e-03,1.816180653309341225e-02,8.916032701066009666e-04,2.390551164212238245e-04,1.314916124536353410e-03,4.612512032957874313e-03,5.575820784922878859e-03,3.459964439932518201e-03,5.267697812578860973e-03,1.771194510256756532e-02,1.229466801295286266e-02,6.219945671645777351e-03,4.407159729545262646e-03,5.652381024278513820e-03,1.729212399149344806e-03,2.933052027474383023e-04,3.202180286496826480e-03,1.277324808045094719e-02,3.966897980728089496e-03,6.714813629028598121e-04,8.646173712774034292e-03,5.804697926058109692e-04,8.949002995121572990e-03,4.530034951175796604e-02,7.051945152111169582e-03,4.660412754610807062e-03,1.427395694489981201e-02,2.058545809887776801e-02,1.780113356632926150e-02,7.592079229264724234e-03,2.258729132240470255e-02,2.241472112677091524e-02,9.733488148527025957e-03,1.586761773675473067e-02,8.744636672704548391e-03
1.613064170965871832e-02,9.362457542361632412e-03,2.805601327550743054e-02,6.625189416266005250e-03,4.508399442648825320e-03,1.015544292893601729e-02,3.100628515213327968e-02,1.027638263970616882e-02,7.743199867625064764e-03,1.436192623596433543e-02,1.309725054726273291e-02,3.906083605048664420e-02,1.363115097305345712e-02,7.466009874985480785e-03,2.021127555725257818e-02,5.373767940523227482e-02,0.000000000000000000e+00,8.160211449624973912e-02,8.016889439484102542e-02,1.440728391053822111e-01,2.053463013263134851e-01,1.271469160447586677e-01,4.324293519602878666e-01,2.091339043054749880e-01,1.593439485910655429e-01,1.663434203003931466e-01,2.941709373881126743e-01,1.716563124029837351e-01,7.399679171882153628e-02,1.321732429735488767e-01,2.727889530451307887e-02,9.576986541947751438e-03,2.168925333628369742e-02,5.705370706534047820e-03,3.363017323291200931e-03,4.605687773127724836e-03,4.176282043117713304e-03,8.161656627625095764e-04,3.223658606837771085e-02,1.064249722183776940e-02,2.486010283793525875e-03,9.476601069494874777e-04,1.289849747092589559e-02,3.633786059337495381e-03,1.089510196872364679e-03,8.532589339040084347e-03,3.348397058594003266e-03,2.631018454809333582e-03,4.259038898685602210e-03,8.488203841615181563e-04,1.479003419777428531e-02,5.265567729208256789e-03,1.050534813408468549e-02,6.798425650902367896e-03,1.703028012885414097e-02,7.861025361305255463e-03,2.489081166447206905e-03,1.610693456052180242e-02,1.290982212179471282e-02,4.142199490528922223e-02,1.423666005211532762e-02,2.324027649275481333e-02,1.952248567023448511e-02,3.086763816029695212e-02,2.741711898591247046e-02,9.651789420383619436e-03,1.729842206108359384e-02,2.315397590943820902e-02,1.061830265558957702e-02,8.106865743209954941e-03,1.839625952642947454e-02
4.449815861407868840e-03,7.675583875332983759e-03,6.299970531512207733e-03,5.570766259138302395e-03,1.327383466980547495e-02,7.226473887505942620e-03,4.178557498099442179e-03,6.906663075486063966e-03,6.995927130453397959e-03,1.053892498970585880e-02,2.539710366100994543e-02,1.304292123960316963e-02,1.024687960648936781e-02,4.511624891200359533e-02,1.215554924574747432e-02,8.544667430117405815e-03,8.160211449624973912e-02,0.000000000000000000e+00,2.104122894931757803e-01,1.940838552093777647e-01,5.007549549639290776e-01,3.951558843363587314e-01,4.038319514631502627e-01,2.934603440132810825e-01,2.989970211290587376e-01,2.780597290218031481e-01,1.728087905959836412e-01,1.154697000605690582e-01,4.098173565967013626e-02,9.453413563781906670e-02,1.548308207433952803e-02,1.438003427300192823e-02,2.075425995543035695e-02,2.962105228575901295e-03,3.628413173091254475e-03,4.169572056066495058e-03,1.114907330024087102e-02,1.737686020221114805e-02,9.498284935380437236e-03,6.543452144895701289e-03,1.151786314843905763e-02,9.877883046791807037e-03,1.382454982529968124e-02,6.932855619005084957e-03,1.639848400223526542e-02,6.907017410051691925e-03,5.002434450550972446e-03,3.607884955521792336e-03,3.201782996403780904e-03,1.243346568203910346e-03,1.563754871743183381e-03,1.358632887771678635e-02,1.374861935208983831e-03,1.963579754745197956e-02,2.641948457561297051e-02,9.608240937634486209e-03,3.909544210319771534e-02,8.156446814221500474e-03,2.182476622229406749e-02,7.467586244684645824e-02,1.587565602532160433e-02,3.100352426196868044e-02,6.114870029418371239e-02,2.315738362838947600e-02,4.139694363352634798e-02,4.343063257844067410e-02,1.980319554788368547e-02,5.469091593736400553e-02,2.061840425401062840e-02,4.833835634943942083e-02,8.578298902422924407e-03
4.418467157138472948e-03,4.444842954667430242e-03,5.206823455151551178e-03,5.625590164697732640e-03,5.074995294394753914e-03,1.980696349835584652e-03,5.546078001403475718e-03,9.997510950786861819e-03,3.377160667100902007e-03,8.399978099220238581e-03,5.159937901672084944e-03,3.483441507912835716e-02,3.068379499946937913e-02,2.311253547025692717e-02,8.180017653630404506e-03,2.603219020863922761e-02,8.016889439484102542e-02,2.104122894931757803e-01,0.000000000000000000e+00,6.008978674576845869e-01,6.510683620535349103e-01,4.535906481373061516e-01,5.229239730869413849e-01,3.697214856459766219e-01,1.835113557673281326e-01,4.043398482457130072e-01,1.512359168111341023e-01,1.935960671241159226e-01,6.415920115588152894e-02,5.632031976767949005e-02,3.217157894229755177e-02,3.167669381152229957e-02,1.396778952382334710e-02,6.510754812545841916e-03,5.647199055596445298e-03,1.937246153327833870e-02,8.360999490512889890e-03,3.757346431946350512e-02,5.517746771235051972e-03,2.205652733560424864e-03,1.404109603576567805e-03,6.034475465479416378e-03,1.865079741463786592e-02,3.355609609268221227e-03,1.311028773340150270e-02,5.858991391412151847e-03,1.129917267769640216e-02,6.632487478482130931e-03,1.431462013432262259e-02,1.570367227323559572e-02,2.235420529446682791e-02,1.791449236332113767e-02,9.014869288476523926e-03,2.428908479259321920e-02,1.798633851667484976e-02,1.602698395239016138e-02,5.175521506276528627e-02,1.420877174545996831e-02,2.218428821204339665e-02,4.774662271411003051e-02,3.682349960794871306e-03,6.691396694010927348e-02,7.497492579479413111e-02,3.868682133273456530e-02,4.922692763305464014e-02,2.022748051626488061e-02,2.217033655701308031e-02,2.489464694088200716e-02,3.173024744648834938e-02,1.832122635160004717e-02,2.143889652854793007e-02
1.337565149082876013e-03,4.564124231879971953e-03,3.997971340684474024e-03,1.169723341992688452e-02,8.837148266562124335e-03,2.509703040681679660e-03,8.219732724237087396e-03,1.174476141556450061e-02,1.503791839328511362e-02,2.408873630212841552e-02,3.956609915136401201e-02,3.214622813818249214e-02,4.752017496230305851e-03,8.746655807276727812e-02,2.083064753073360018e-02,1.163205616944838899e-01,1.440728391053822111e-01,1.940838552093777647e-01,6.008978674576845869e-01,0.000000000000000000e+00,3.477029304188887782e-01,6.411863556322725533e-01,4.874983001591051135e-01,4.762333505289960689e-01,3.727921039399535452e-01,1.359074261685038476e-01,1.946694364809186950e-01,5.534791338223463836e-02,1.226676805575615571e-02,9.216469957498096832e-02,1.487238302390184869e-02,4.536086271535050458e-03,2.967986128255625106e-02,1.412650510964287218e-02,2.452595238199748676e-03,1.394115817299593219e-02,2.192736477755665228e-02,4.129726610250033896e-03,7.834398286830350500e-02,4.548457238573697797e-02,1.144197491489433796e-03,6.280190530623136307e-03,2.754742967833562900e-02,1.431269491620058149e-02,4.420129380257677154e-02,1.987389437178925522e-02,3.755957679847340188e-03,2.539002191143474585e-03,6.595611273470720383e-03,3.514459331691927122e-03,1.456252116786491612e-03,1.304166995739051461e-02,1.144503283550472525e-02,2.278740046510220607e-02,3.688815226551738630e-02,3.669320443467725262e-02,1.810798104504716607e-02,1.849205182979096057e-02,5.488637383969487138e-02,2.935204612597534443e-02,2.199854794565349325e-02,1.931949942090529712e-02,6.199691779543026887e-02,8.839367749883055014e-02,1.008882894083301257e-01,1.731445688197783689e-02,2.578537472737419192e-02,2.226960343834197970e-02,7.558271267585106590e-02,3.558135112419730239e-02,1.381284713170384884e-02
2.542548560325329481e-03,4.906560579379965793e-03,1.734179170973053612e-03,1.517886825782713885e-03,5.000294698592922839e-03,3.453891837056286863e-03,2.076351440203788503e-03,1.653422477364811793e-02,6.753347300472418470e-03,1.388096904983765305e-02,1.385332878339925675e-02,5.923286992276811762e-03,1.324762700898618473e-02,7.926382240227780596e-02,5.880610252587847170e-02,1.892693704926542153e-01,2.053463013263134851e-01,5.007549549639290776e-01,6.510683620535349103e-01,3.477029304188887782e-01,0.000000000000000000e+00,5.458187358657375921e-01,4.030426725569097868e-01,2.625298095626394379e-01,3.742726887902440014e-01,4.726427894689554932e-01,1.996164481432070315e-01,1.871080964815496905e-01,1.903018691604422066e-02,1.047569626236236201e-01,6.015968966709493021e-02,5.364500358596610216e-03,3.849758564476860739e-02,1.700073562943214822e-02,1.396617680706902995e-02,8.545590342185327426e-03,1.978496796102838934e-02,2.420505925448498095e-03,3.417391695579082705e-02,2.522657398541099452e-02,4.810554767129572411e-03,4.710292880941986497e-03,3.417834880698775429e-03,8.050967026749816791e-03,4.368650478468619723e-03,7.651882090956537048e-03,1.340953659639655682e-02,4.435314342090915588e-03,8.411437686361227743e-04,4.889317124401173185e-03,3.126564842046488605e-03,3.801308163986329841e-02,5.462202791775710303e-03,3.976353471411421536e-02,3.023213561174576888e-02,1.068123904269034988e-02,1.028148447902271223e-01,1.599999510803501446e-02,8.862324227162989357e-03,7.498929316325578243e-02,1.890023495377093216e-02,6.945615818491387983e-02,1.384679415170253780e-01,2.978995357808257236e-02,5.915521208002683107e-02,7.062028842420092767e-02,3.205715707422172878e-02,3.850536848436880710e-02,2.686903557545121737e-02,5.403155662152986372e-02,2.838145553331587745e-02
7.765580181796757561e-03,7.078008222733988587e-03,7.557588809684871733e-03,9.974394460052169245e-03,6.330048689097029016e-03,1.323889384067436677e-02,1.083058241409859922e-02,2.335921389884225777e-02,2.525958101565114848e-03,1.169575238425832331e-02,1.608096469908052578e-02,1.968383016374762248e-02,9.000543486325908102e-03,2.393383775160841040e-02,1.004238583913458494e-01,5.944013354593748188e-02,1.271469160447586677e-01,3.951558843363587314e-01,4.535906481373061516e-01,6.411863556322725533e-01,5.458187358657375921e-01,0.000000000000000000e+00,4.052291617638583143e-01,7.048197532098413598e-01,2.356968813521888861e-01,1.732381282696268121e-01,3.394014216566128006e-01,4.369608371071103531e-02,7.154955369746746410e-03,8.350921459862975516e-02,1.050629307021485291e-02,1.382894205916680719e-02,3.966828964138053616e-03,3.588588281590207943e-03,1.479648397357785465e-02,1.336181223841088114e-03,1.224142608890082130e-03,1.988697126041770458e-02,7.972912217353885292e-03,1.295025622548953009e-02,1.507194324874271693e-03,5.515259962024148498e-03,3.954845196352250666e-03,3.180724150329227590e-03,1.252139227342318265e-02,4.825212873698071954e-03,7.355510188627462607e-03,8.227842660454627588e-03,1.933223038070698910e-02,2.232669041487882200e-03,1.328689719998090747e-02,2.236910947870597230e-02,6.404956732706373716e-03,3.611368077067078630e-02,1.865330662718469104e-02,5.857961513240855789e-02,8.707780231171387622e-03,1.237975576927491904e-02,4.757294995450554731e-02,2.719018228873430060e-02,9.775346352260465277e-02,1.062809608573820619e-01,1.280059815380841515e-01,7.727769654366563323e-02,1.135494670921071703e-01,8.417380262229695598e-02,6.475289495351807534e-02,3.829973513066211449e-02,3.725125678353301273e-02,5.115783079126093313e-02,3.101733907401332466e-02
