0.000000000000000000e+00,4.515297061204771867e-02,1.108360599794998153e-01,1.383711479431464116e-02,1.760901357431879713e-02,1.585717046011057146e-02,5.127984794390530281e-03,1.407950259065941919e-03,5.807032564278812210e-03,3.483778877611156798e-03,9.713503389464337584e-03,3.145645101046180836e-02,4.287504165432454162e-02,2.131393909717036253e-02,4.906289150065483440e-02,4.014106988099858803e-02,6.402346648693026110e-02,1.866769926955004141e-02,1.185901169023847145e-02,2.548459866755481504e-03,1.334043413578283460e-02,1.277963294047615092e-02,5.813765438840855400e-03,1.639927271204239673e-02,2.433897516388525226e-03,2.876576883304298241e-03,8.553321877577213170e-03,1.686540905449094782e-02,6.641623934471366751e-03,4.759798011930114862e-03,9.362754692081660035e-04,1.363305183442015123e-02,9.895220946087192673e-03,6.728832695997153703e-03,1.515961419449265166e-03,1.182068513923828067e-03,1.509433332506044528e-02,2.320300728835960301e-03,1.030334418124776233e-02,5.042597792820640960e-03,5.123998440251329584e-03,8.060387584507518795e-04,5.917855680541597545e-03,1.122024253056076032e-02,5.804852652041494684e-03,2.403363484602346906e-03,4.136147869000850186e-03,3.485538077111496272e-03,4.685343226903591852e-04,7.454946672366634212e-03,4.934421928736694787e-03,1.584313250685370203e-03,8.773427592637347491e-03,1.110833231654599455e-03,8.429128718952588143e-04,5.259120076677042694e-04,4.952442086327725826e-03,7.488584353938434069e-04,1.452835533580974954e-03,5.038879181822372277e-04,5.663312124019373103e-03,1.084197661527681357e-02,4.082196753769968926e-03,3.520218433665660545e-03,9.433126266132483466e-04,4.247445955830929896e-03,2.232528415396780892e-03,4.701403105710748147e-03,7.819785115912681467e-03,4.733464006436856851e-03,1.721363382136427596e-03,9.748789949184989180e-04,8.270263774609626362e-03,1.264522514104481077e-02,1.019177383993390834e-02,3.722672784177501366e-03,2.066635617451786141e-03,8.355224152021301434e-03,1.282870642980972996e-02,6.476080913679657484e-03,1.272390270850975525e-03,4.769876838478460425e-03,7.806936912137229026e-03,1.340810321450432900e-03,1.486253557456630216e-03,2.380564349876795015e-03,9.866177200018959575e-04,6.294504433408276527e-03,3.012063257570644220e-03,4.438678243281127603e-03,1.555924558434337510e-02,9.800228480180736557e-03,2.754727005283587674e-02,4.482711180526691153e-03,1.086786541762908495e-02,2.739520669352255976e-03,4.923862676791618612e-03,1.299232075925499212e-02,8.330215660435451308e-03,1.398029765889019331e-02,1.101064138089640626e-02,3.578843626315680263e-03,1.151943863909196024e-03,3.409882096178937574e-03,6.700982035332368400e-03,1.146174137981233014e-03,7.832441384434457241e-04,5.095181877632842110e-03,2.217730312162401185e-03,4.676876170059962590e-03,3.554200479130894120e-04,1.985628015658542304e-03,4.538312619835293410e-03,5.554160055821977075e-03,4.093496567150155252e-03,4.440538039743639753e-03,1.585549275971093880e-02,3.232357944583773117e-03,6.701687777219479322e-03,2.984615922966638371e-02,8.846273452199713422e-03,2.402732348893774419e-02,7.102849489806742529e-03,2.050744774026863615e-02,1.155907414786238110e-02,2.224702421008974487e-02,5.213956341405812100e-03,4.396216367960086545e-03,4.356343241335386071e-03,2.578452356316945741e-03,4.267261169045790010e-03,8.515402769665229160e-03,2.929755189376502793e-03,3.970830864392266811e-03,2.117261115295233052e-03,5.797466663139156685e-03,6.332711164662948623e-03,2.586649342160868975e-03,7.791201900982700325e-04
4.515297061204771867e-02,0.000000000000000000e+00,1.809667188539592075e-01,1.246726950480331886e-01,3.671843910777895792e-02,3.763857532766091973e-02,7.241641467853433996e-03,1.536014794081039768e-02,6.577366255755375500e-03,6.346362252056048266e-03,1.338472371257795265e-02,4.267247979617518061e-02,5.476673388323360231e-02,7.375019126947726655e-02,5.786912050911127009e-02,2.733359046697262512e-02,5.161187778335542264e-02,2.693445753477810914e-02,1.528232473328311122e-02,9.655926327995867017e-03,7.238511539762867639e-03,3.458669557130714112e-03,2.330569360832196110e-02,7.119274587347218693e-03,5.827441162653773307e-03,4.526062756059314081e-03,1.630017149752701006e-03,7.855762089015260949e-03,1.490309264923521393e-02,5.371231688194557513e-03,5.911295710045942620e-03,5.447140498262038888e-03,4.947695137701280284e-03,8.045888285077247570e-03,6.881725295382602921e-03,1.109522251929027058e-02,1.285221253426688942e-02,1.659230652228534456e-02,3.391136646506999735e-03,1.028866899596460674e-02,4.062163102141410492e-03,2.437426241221447246e-03,1.136698335107344873e-02,3.793638463082860905e-03,1.475427116326443128e-03,4.517378529242175103e-03,7.785394505847035435e-03,4.059144094972749056e-03,4.986743412657331995e-03,1.075287683243160691e-03,5.792569902227076486e-04,8.003095976659626437e-04,1.637401764488574793e-03,2.168297779339554282e-03,3.040035336884644706e-03,1.698552063525247437e-03,2.469698672060354622e-03,3.661361902321891380e-03,1.813680280515993053e-03,1.021510959926300206e-02,1.925864960335584367e-02,1.263249129199436362e-02,3.360295473298796545e-03,2.064988952638827091e-02,6.803803658365359386e-03,6.518228577925197324e-03,3.356252692320390359e-03,4.612470650532796493e-03,9.170224054621232274e-03,7.734805228947062676e-04,1.424091739897969224e-03,1.644500832654103564e-03,2.781321796149981672e-03,3.290325780212487259e-03,2.897251705122045815e-03,1.774130836488342199e-03,7.894886289031645453e-04,4.432766539802201512e-03,5.268356608594867291e-03,5.010148769867000737e-03,1.229623129034761175e-03,3.757002464300186577e-03,2.141851871172419097e-03,1.969479926340597653e-03,7.714118945065913391e-03,8.900183659374293760e-03,5.172761854221010445e-03,7.270750415106760900e-03,2.277668140552425221e-03,9.436097105421819772e-03,6.610139662620602603e-03,1.152759518971439336e-02,7.902982046483274930e-03,8.911986993346858107e-03,3.897108533690524321e-03,2.792660663543503757e-03,6.794780850109024238e-03,2.274463913694805585e-03,2.193165478865416462e-03,5.748920327020842942e-03,1.914198151604153911e-03,3.477561365416550424e-03,1.417871103885248946e-03,9.392546323128374633e-03,6.704396763049996289e-04,4.498493980533059371e-03,4.636054097677437015e-03,1.549768781167576133e-03,3.992861543200445021e-03,6.029484229156552560e-04,6.439521157006190518e-04,4.029136541711548884e-03,1.565995470217167868e-03,9.613024755491006088e-03,1.781103987913151832e-02,7.214954919609986236e-03,7.207610307269012896e-03,3.205561007802504303e-02,1.401091355442767895e-02,8.483628019242142604e-03,1.376990707688612384e-02,1.091534121652385989e-02,1.111001776938435118e-02,5.999725656894341896e-03,1.039234727102487585e-02,5.689211839082600718e-03,1.231026309581500057e-03,2.400858101946020187e-02,3.572337990538805141e-03,1.326746083821366343e-02,5.591180778692038215e-03,1.488008396251944317e-03,2.230117043584254905e-03,5.023229500376916699e-03,2.963437387677497065e-03,6.592918391091278849e-03,2.710535012352102441e-03,9.876255716960737324e-04,3.565478330699538897e-03
1.108360599794998153e-01,1.809667188539592075e-01,0.000000000000000000e+00,6.192410545547418627e-02,9.308154985403156723e-02,8.868620591921809113e-03,3.558284682888784856e-02,3.283533057288824664e-02,6.727437953333419325e-03,2.102702497694404135e-02,1.127927381715929621e-02,2.991822154197895309e-02,7.269996624137270436e-02,6.462261818623962761e-02,8.858332750138581124e-02,6.306821949131385940e-02,1.123236557850827849e-01,3.196641834456119546e-02,3.581433282021290188e-02,9.358374604670314720e-03,1.688995023705715942e-02,6.920776132000393266e-03,2.561262557701956405e-02,8.371874010164278776e-03,5.017649614758880848e-03,4.437091012032627277e-03,3.174329160627443677e-03,2.101200069302501180e-02,4.223728624427863960e-03,9.163097298702115381e-03,5.766284022127081410e-03,7.013072916557693860e-03,3.381961616575602375e-03,2.126030420501184501e-02,7.360573279385699066e-03,1.884010512558464273e-02,3.041702084109431173e-02,1.400440982535228196e-02,4.347993221087225434e-03,1.436640733039938958e-02,1.681011838820308316e-02,1.580951220113658781e-03,3.987430205608327380e-03,1.359834722015812025e-03,4.375462875863348963e-03,2.494985884508151095e-03,5.769996990567654270e-03,1.659183685622894018e-03,2.366993060145173959e-03,6.343434327593687645e-03,1.439369451333516155e-03,2.380544208312237748e-03,6.615164698964667161e-03,4.352084373176178314e-03,3.076586374686971197e-03,2.526284641784208845e-03,8.407695109961022678e-03,1.796986392601443742e-03,8.900551287037761217e-03,2.556005031664196955e-03,3.372310810654308329e-03,1.374345933998164827e-02,4.112967259457350061e-03,2.431671879971122278e-03,5.218902487468441570e-03,7.037702975191723227e-03,4.889804221299803334e-03,2.507506642775651773e-03,1.768018017479369361e-02,2.658539006763300117e-03,3.443534912260506984e-03,2.135870403449528776e-03,3.027349877676303522e-03,6.429674462296735421e-03,1.020154765217853518e-02,2.092246499002623373e-03,6.844150319702715056e-03,2.349299914637832491e-03,1.119261025676448681e-02,5.233442621076105083e-03,2.167205610434068050e-03,9.902739496023549304e-03,2.085439292333356870e-03,1.151659027248178513e-03,2.049771041792654552e-03,4.375500095916279308e-03,1.557236552416211769e-03,6.119491581746045773e-03,5.513002270604657959e-03,2.675304510525480274e-03,6.759104048311733240e-03,8.190156491802012828e-03,3.744800010567461007e-02,8.055676203120828646e-03,1.645622258136127114e-02,3.873954750777025818e-03,6.917546284190429114e-03,1.255644732891792598e-02,2.357245813050309370e-03,1.057621904036034309e-02,4.105888667087101949e-03,1.004549090619693587e-03,3.685516680970315519e-03,1.921677255833517456e-03,6.689749385885287525e-04,6.617874057843355258e-03,2.318922109821131960e-03,7.417946045025435552e-03,6.454820201189424497e-03,1.515238899041995886e-02,1.257274737982811861e-03,4.940398039942356205e-03,2.626156986716669892e-03,3.939433544168749121e-03,5.516707581992578296e-03,5.838422733500948578e-03,1.634765613198223624e-02,1.607936057009883707e-02,1.851825961758909317e-02,3.986687209923153730e-02,1.552430222514565063e-02,1.755168135485145331e-02,7.111414797454440086e-03,3.060636642046691766e-02,9.257169403132705157e-03,2.371602092704333531e-02,6.154353877428562526e-03,9.747710725487022596e-03,6.680094552452506620e-03,8.423768164242010498e-03,6.357429166113929414e-03,2.700135415008328259e-03,6.796215131340444145e-03,2.219783808839520013e-03,2.357263755108045169e-03,4.580371501480068157e-03,1.319121781866822943e-03,2.657398223343571553e-03,1.416103131623424986e-03
1.383711479431464116e-02,1.246726950480331886e-01,6.192410545547418627e-02,0.000000000000000000e+00,7.318338806142433983e-02,1.005522777173980253e-01,3.846912792853032087e-02,1.904999596415840254e-02,8.126735211831090377e-03,2.417945652280863167e-02,1.599968919993684929e-02,3.206126691583722349e-02,1.982904120927569958e-02,3.123216826505697749e-02,5.105323471593518209e-02,3.297398310051710690e-02,2.968078523513548866e-02,1.462683770673304552e-02,9.308878186071348898e-03,3.302058536904213006e-03,9.541531924599205156e-03,1.858082194690450703e-02,1.036373002365576640e-02,4.524484664711040174e-03,8.981033665422055810e-04,2.702187596573897913e-03,3.860582203969404724e-03,6.160498302594259040e-03,3.715947190108889828e-03,1.139046080321544667e-03,2.229846912833669068e-03,1.543661749631123660e-02,1.608708156422440898e-03,1.586944578801028488e-02,3.331807550608342338e-03,4.003424003043157958e-03,4.899293981434769268e-03,4.017508915554628135e-03,1.758042868832576655e-03,3.953309614931148873e-03,1.136153753574493420e-02,1.650603480368282748e-03,1.986899140693734311e-03,2.296620752470073749e-03,3.860554695624195815e-03,3.507608956874835610e-03,2.965456236800380514e-03,4.593025396207222992e-03,4.687302900082609101e-03,2.209926684157929172e-03,7.617934354233148707e-03,3.377648627250433907e-03,1.035040604832854205e-02,3.941648095575445848e-03,8.255659931616202846e-03,3.941360314355542988e-03,6.696655552627447418e-03,3.250127206005885318e-03,6.261627878816898238e-03,3.656094618483040747e-03,6.477881164134357585e-03,1.149224340974942110e-02,5.419770669560119124e-03,2.764758836757883875e-03,2.762032895959250570e-03,2.614332901480437201e-03,4.079468351670280726e-03,1.037547032885117841e-02,1.194489818549391603e-02,5.369522703552635258e-03,1.217863153753257974e-03,6.255606331167882540e-03,5.721460127120829749e-03,3.178950649530845173e-03,1.992292017257040956e-03,3.381008917507606799e-03,2.171230265587961901e-03,9.834505937937510107e-04,2.765994620322076176e-03,4.845396993351470602e-03,7.126471164277872229e-03,1.663560539050961979e-03,1.296312764644234720e-02,3.549684575254502886e-03,1.504993623735959192e-03,5.239009415407417432e-04,4.664063557759979238e-03,1.106297877939849995e-02,6.278673074999907566e-03,2.067161593388686363e-03,6.496732849043557537e-03,1.092585425195441093e-02,3.686050539487333889e-03,5.258678222237194062e-03,8.774333241966367561e-03,3.512891588447431164e-03,4.285989226396228619e-03,9.093516664702639557e-03,1.889875459182055809e-02,3.348188879412909887e-03,1.016135959054797339e-02,7.110089980339530033e-03,2.077224928536916104e-03,1.439247096673052428e-03,1.311799510224494203e-02,1.799566499391195076e-02,1.697178032577313991e-02,7.843079268003476379e-03,1.830262258868459863e-02,6.492031240930969289e-03,1.058879867066200506e-02,3.424665734978424823e-03,9.468750738766112257e-03,1.868223937817305603e-03,2.088044700009530213e-03,1.381405639830729677e-02,5.279832182865655706e-03,1.304061583475113993e-02,2.691009412264450725e-03,1.254591721602582241e-02,2.629968139304057415e-02,5.868125957751424253e-03,5.503338120595011387e-03,1.961817012935987078e-02,2.120320687927049544e-02,1.067320328154854406e-02,2.049517337501784858e-02,1.372466581033176397e-02,8.587350043059363905e-03,8.743827336125897104e-03,5.651307438786199594e-03,3.243167378173626453e-03,1.345914008089681493e-02,1.637009041910263054e-03,2.853834651682254572e-03,1.696921327409930871e-03,3.188166799832547506e-03,2.408533690878247001e-03,4.612131506828868804e-04
1.760901357431879713e-02,3.671843910777895792e-02,9.308154985403156723e-02,7.318338806142433983e-02,0.000000000000000000e+00,3.902511997025472773e-02,5.920646782819609377e-03,2.434206653944957083e-02,2.465758622297718750e-02,2.944529858707319731e-02,3.029014873232377392e-02,3.166983092088673096e-02,1.944971829018381573e-02,3.972765254379867494e-02,7.284560451788203717e-02,1.943738730845380805e-02,3.765210334892047511e-02,1.888743830265700308e-02,5.620273473876533782e-03,4.429258829635448168e-03,7.671553210935079525e-03,1.785572230948418923e-02,3.201589101108661285e-03,1.018540976171515393e-02,1.571067501246524748e-03,9.811746996272317778e-03,8.854176763892324456e-03,8.568126089138377796e-03,2.114034990021753692e-03,2.661860446949090853e-03,1.423792162108610329e-02,1.662131848635447010e-02,6.847457184888760054e-03,1.298257094688018767e-02,3.762082684723102796e-03,5.550371780922564585e-03,5.334801509876726036e-03,8.194107980587288188e-04,5.763935468028218156e-03,1.082454304022074584e-02,6.401360772955303098e-03,6.792351227305970345e-03,7.335782917145217304e-03,5.015266033065774939e-03,2.616542851115271598e-04,1.178878943389978506e-03,5.445415940640196267e-03,2.254340317216744702e-03,4.354613273858862904e-03,1.291562178953898320e-02,4.477562126676984909e-03,2.833420631938834717e-03,2.984267140814516814e-03,1.629042406351518873e-03,2.476701651061554918e-03,7.279137013557485623e-03,3.410515087792951976e-03,7.922828330014972630e-04,2.201422755710117501e-03,1.405620667316839593e-03,1.524142171047416887e-02,5.550088456121809490e-03,1.030265062894185173e-02,2.403230543957799066e-03,1.017908576040041022e-02,5.527253580892088104e-03,2.323286125026181176e-03,8.544051437614752151e-03,1.492885390846386724e-02,1.442028631349225043e-02,1.302606400036918945e-02,3.985749786831239289e-03,3.958005668467379223e-03,9.639840875826550387e-03,1.060292773299523900e-02,1.862712002697908395e-03,3.191903249067172110e-03,4.846878865542898415e-03,5.028824955463736222e-03,1.747891545667962969e-03,1.578492560290265705e-03,3.196850843837573380e-03,1.880051481209499753e-03,6.274366822488251956e-03,3.514506959888492616e-03,6.915571642571601528e-03,2.958683633111238061e-03,9.103453602615454998e-03,6.037423695974272232e-03,6.495172017097127111e-03,6.550544285734995718e-03,1.375746194022513941e-02,6.598932994718488196e-03,7.315642246293604239e-03,1.449331677182347580e-02,2.494459173228887917e-03,3.855626009940815984e-03,6.086748385269753932e-03,4.802288372181579001e-03,5.628085957098352514e-03,1.043931667700354060e-02,7.404080307701473192e-03,8.648385709372465036e-03,2.648223739288814091e-03,3.265358168203073754e-03,6.583324076510892880e-03,4.583240081314635291e-03,4.991729559128773967e-03,4.897313663666441608e-03,4.533464389188947632e-03,1.744447052254519386e-03,1.236241815559369723e-03,1.342202210071520964e-03,2.799736490431737040e-03,5.376099985502935837e-03,7.932340183163402378e-03,5.441466169148967240e-03,1.879603880603554489e-02,3.397507813085497933e-03,9.792848135890239863e-03,5.699735620441025857e-03,1.005392636857047051e-02,1.522428446376989167e-02,1.277513718271831682e-02,9.229667071736967487e-03,6.576183322395686738e-03,4.762733028001759662e-03,1.704033413269317315e-02,2.025815087732713276e-03,6.810503299724811679e-03,2.069713386126830531e-03,4.773598450266076584e-03,2.487247091496829366e-03,3.312637388434967137e-03,8.225041385250589018e-03,5.305416316918750222e-03,6.668089237480143497e-03,6.656608576880495252e-03,1.517586918355403247e-03
1.585717046011057146e-02,3.763857532766091973e-02,8.868620591921809113e-03,1.005522777173980253e-01,3.902511997025472773e-02,0.000000000000000000e+00,3.646382330502440094e-02,2.086224595586525302e-02,9.828076794072613045e-03,1.724270607620644047e-02,4.797749683478780974e-02,3.067634202021308609e-03,1.992494366028054603e-02,8.131049410269907893e-03,1.417136508498500341e-02,1.929720891310839070e-02,1.044481139739157627e-02,1.876425701093493992e-02,2.160964585691575127e-03,3.463455398063252765e-03,1.714744177709052152e-03,1.858841218482125586e-03,6.561890256030027818e-03,7.643095085950721290e-03,4.256235990557085715e-03,1.316501781708480541e-02,2.508581790263420680e-02,8.046097437528659455e-03,2.003856736774032449e-03,4.924394050602956194e-03,1.829671342295943271e-03,9.633133604696716631e-03,1.311261852008413021e-03,2.016550567530118326e-02,6.280026081524288373e-03,1.193303639852300556e-02,3.936971442626118096e-03,4.213237598124759675e-03,1.093498879768942979e-02,5.124390285385796960e-03,4.128126981524956989e-03,2.738786331187965505e-03,6.756385424589259753e-03,1.522424016381237815e-03,1.298079313889954987e-03,1.079691421945932345e-02,3.888397082654267579e-03,9.076249693437773991e-03,5.903785003091817536e-03,1.546498599224265837e-02,1.180537094302623949e-02,1.077729704424176815e-02,1.574695412398551680e-02,1.344277698732090735e-02,3.144832808882733113e-03,1.565352461104338455e-02,1.248092893625150045e-02,3.482723258581639676e-03,1.167893008967130740e-02,2.155880225698065481e-03,1.504449434347063241e-03,2.506951930923490088e-03,3.765719885551132694e-03,1.910106807501226649e-03,1.292988980858031378e-02,5.524048515250466578e-03,1.070320567431870193e-02,1.725217723617903862e-02,1.343142076873122398e-02,7.032061640271636098e-03,3.889378479356829597e-03,3.506748843986476696e-03,3.859477370013368949e-03,1.456210822527166833e-02,1.922327147011610284e-03,1.050312391319295317e-02,6.720753450615261568e-03,2.756144981216640793e-03,5.449650964635491604e-03,1.340299636506711578e-03,7.678158074367518252e-03,2.747694448200155553e-03,3.494153686146978487e-03,9.512940980050545170e-03,2.275248150029486778e-03,7.484420298592629230e-03,2.211092899418342327e-03,5.258618496275775742e-04,2.308467682027747457e-03,3.112069615752891677e-03,6.702681907007265565e-03,2.747864443876868023e-03,5.068633282694046463e-03,6.134164465699838177e-03,4.421900182535249378e-03,1.774241716261609411e-02,7.312056070785171065e-03,3.207200358448254046e-03,1.559160261029553414e-02,4.872850669298832253e-03,1.278960460281873893e-02,1.053222393119420883e-02,3.129622208754728654e-03,7.495885799721073092e-03,1.725179569379166290e-03,1.028575981219739983e-02,1.038556652629971447e-02,1.655161703947827245e-02,2.405479103465547192e-02,2.964173225757763333e-02,1.791063399183759688e-02,1.461641796747852745e-02,1.118575228345874799e-02,1.412832654693854315e-02,2.276854275735222879e-02,7.183473788453567307e-03,2.470436581391211028e-02,1.182906792982317892e-02,8.560341476546716108e-03,1.099888015613129794e-02,9.351307133389189993e-03,1.042712539018400032e-02,1.287343349101230557e-02,1.474106159827420770e-02,1.513188957597264538e-02,2.534601853069815350e-02,1.141064774755099279e-02,1.872507588073233156e-02,3.391470267211955242e-02,7.614696381194179312e-03,5.546788475866923536e-03,1.214153103486772037e-02,5.822417257228396439e-03,4.031341721801025117e-03,7.911293360264526342e-03,1.007887601406633714e-02,4.829050673304150811e-03,1.648574074525651148e-03,4.476347411155507522e-03
5.127984794390530281e-03,7.241641467853433996e-03,3.558284682888784856e-02,3.846912792853032087e-02,5.920646782819609377e-03,3.646382330502440094e-02,0.000000000000000000e+00,2.156396203529260466e-02,2.823751579036116663e-02,6.954600345545031148e-02,4.677191932434618393e-02,1.909889668191030315e-02,1.300763792082299496e-02,8.261434490054569632e-03,7.574695502583172341e-03,2.067135875373092915e-02,1.349758858845435255e-02,3.205911577679665912e-03,1.777461131959423568e-02,1.694151621695265050e-02,2.573678579039953909e-02,2.274072683953296328e-02,9.083819273985042908e-03,3.638973247519183742e-03,4.002380945346612449e-03,9.526616917430211565e-03,8.956204287981382392e-03,7.424197090617278873e-03,4.366998172197466763e-03,1.313243417189483443e-03,1.711892565833073769e-03,5.533561619521935697e-03,7.257998018574849004e-03,7.231294661114258913e-03,2.950837875966850696e-03,3.978640465563437929e-03,2.001394788697750862e-03,2.165660192941917892e-03,9.145269157846219743e-03,1.664610216528183365e-03,1.399973873305362156e-03,6.444467013567938170e-03,5.848270127375628305e-03,1.302547567581374731e-03,6.074519291538816972e-03,1.354730085366352525e-02,2.875559245635936258e-03,8.895525934124426728e-03,3.052203243969498544e-03,3.901239225279303814e-03,8.918402033291853836e-04,2.090252446770411374e-03,6.149478162424077549e-03,2.452769856853160516e-03,4.208184183953635540e-03,3.259555243239830105e-03,5.793849224504350227e-03,2.474337491074198730e-03,3.911279491355408762e-03,1.123536560068336609e-03,2.789720516980441403e-03,6.002604413200438201e-03,4.778526398506698081e-03,2.187886546644994459e-03,5.949014077598200299e-03,6.208353797046925644e-03,3.263949859039090660e-03,2.053210650614958194e-02,1.291005607872306241e-02,2.432567554987092456e-02,1.967875329442887733e-02,9.846787545178753778e-03,2.357711770862137759e-03,7.831605760843038042e-03,6.692775778616690853e-03,6.119391849535373538e-03,4.775813754274972622e-03,2.353799585633193150e-03,6.658985515392569846e-03,1.288561372050020266e-03,6.869584891459832796e-03,2.068763796466685945e-03,3.095479918727519781e-03,6.978060121304030528e-03,5.271384583238720827e-03,1.426340795309696688e-03,1.558159665334003970e-03,1.224924456820031607e-02,5.253505680938167291e-03,5.680214483281293726e-03,8.866348199923178297e-04,1.365207648181494468e-02,1.208890732132393044e-02,6.313707179465984608e-03,4.972977007998036214e-03,1.091889512748616883e-02,7.172966970486804004e-03,6.545880307354203301e-03,1.669419370961027849e-03,2.995320930270434136e-03,2.534342296371669585e-03,1.376459699524361195e-02,2.054797862226659128e-03,1.337234143794536166e-02,2.653698533138946093e-03,3.785823339263953095e-03,3.912122941329151428e-03,3.589774269675176724e-03,8.852991852712223039e-03,9.677632174989009642e-03,4.163771714808270873e-03,7.184226844275287856e-03,3.912465583594328632e-03,8.383327575162571529e-03,7.233118271727224241e-03,1.608317622722168702e-03,4.260851719219369352e-03,4.301960268265125030e-03,3.128219177763219734e-03,3.129217264337816936e-03,8.916385333325079973e-03,3.836499299376847257e-03,5.354491588383497591e-03,3.596840133043196271e-03,1.957462881433510299e-02,6.046213697191003648e-03,7.066871878922692182e-03,1.741292147621536363e-02,1.017262888845923627e-02,2.210519359070312311e-03,8.174439334343273911e-03,2.146728206688016186e-03,8.989357673687588257e-03,6.452301868830092636e-03,4.830290369409417223e-03,7.425552758373237666e-03,7.484276460749803538e-03,2.391429705185984730e-03,2.134305290723990858e-03
1.407950259065941919e-03,1.536014794081039768e-02,3.283533057288824664e-02,1.904999596415840254e-02,2.434206653944957083e-02,2.086224595586525302e-02,2.156396203529260466e-02,0.000000000000000000e+00,6.560166813494676397e-02,6.081120238585142196e-02,2.136554414426643234e-02,2.326392851869539535e-02,4.831190440474215919e-02,1.945666260786165294e-02,1.969213699596734923e-02,9.866362232354158532e-03,1.916868798596024076e-02,8.756033222491504259e-03,9.357857187855089798e-03,8.186611855816048125e-03,1.300398922767860045e-02,8.064936501378934877e-03,5.036202822429294845e-03,4.827618278326632241e-03,1.870917174658541038e-03,3.015019550417370395e-03,2.581752499246462839e-03,7.023545660594225984e-03,5.210935589410635622e-03,2.347703360747216850e-03,8.946410817738314689e-03,4.039197564538022679e-03,1.181123076153722980e-02,1.250778869647617940e-03,1.486315843000903230e-03,7.602854962121157519e-04,2.113449872486675239e-03,7.548084499474715103e-03,2.079759267855679078e-03,1.040860141701420612e-02,2.408044822104215676e-03,5.441414172345762981e-03,1.074241987041236156e-03,5.145101348531595960e-03,6.519560485163551893e-04,1.241625202762990099e-03,3.485800235972716897e-03,7.767871292736486938e-03,5.608101440548390404e-04,4.557311632574823773e-03,2.141381685617072591e-03,6.176544692523221452e-04,6.570402985764479953e-03,3.740191297936091945e-03,5.009151230124008272e-03,5.560577750783735453e-04,4.046353964106393607e-03,1.498657934284481144e-02,2.185631771563374334e-03,1.429649714393609440e-03,8.972080783571959386e-03,7.847736369306421503e-03,2.913537536623182420e-03,2.514981452180005145e-03,3.100738450183878909e-03,1.859717582584667454e-03,3.388196784080631154e-03,1.308537941352211700e-02,2.877110908438484244e-02,5.027796057831521864e-03,6.617274384889400111e-03,5.421068082821970009e-03,3.227400861159408600e-03,3.226894502796785660e-03,2.355025226508678741e-03,6.694019482062545101e-03,4.423770333288736499e-03,3.718554861380353113e-03,1.552111704916112143e-03,1.602690946278294152e-03,2.167645988086342942e-03,6.196530041414629111e-03,5.034661821727575912e-03,3.927943408787824484e-03,2.228011410819382646e-03,2.281123780438997200e-03,1.008243225261236387e-02,2.069947170801080243e-03,4.224124630630144567e-03,6.236334717174241930e-04,2.452994103180578239e-03,1.023272756646555724e-02,1.293797916067777887e-02,1.469951682284951350e-02,6.024827902345189848e-03,6.419547721722674086e-03,3.575091615689350490e-03,1.536338377633207977e-02,1.354889881962711637e-02,1.191999472818809636e-02,8.171940177862539734e-03,6.547131725613335347e-03,1.363969583972854394e-02,8.208670954758882574e-03,5.284419645795549250e-03,5.577572249985337377e-03,3.468497993182083523e-03,1.006230200533814872e-02,1.360068507256362866e-03,4.600579858429266512e-04,7.305060441766948048e-03,1.774879376475635212e-03,2.794907402212355035e-02,2.225217168006990431e-02,2.731688158137960971e-03,7.223801680114422426e-03,1.194796767526747809e-03,8.796937126760171269e-03,1.548036991817049310e-03,2.184837563090109933e-03,9.662494398969200329e-03,1.760201251882221110e-02,2.043082391528692598e-03,5.466031516347434095e-03,2.502148449265842022e-03,8.553439106828790092e-03,3.371457838788800149e-03,5.732676175037578099e-03,1.253875268542237490e-03,5.228730541257652423e-03,4.573597253581348186e-03,4.159117893764378848e-03,8.555656940353401074e-03,1.696513245868993061e-02,2.965020647192396532e-03,5.358752516328876836e-03,4.958705907806389840e-03,2.555059004392372900e-03,5.114436185033598451e-04
5.807032564278812210e-03,6.577366255755375500e-03,6.727437953333419325e-03,8.126735211831090377e-03,2.465758622297718750e-02,9.828076794072613045e-03,2.823751579036116663e-02,6.560166813494676397e-02,0.000000000000000000e+00,1.103748574935553006e-01,2.786842823033590030e-02,6.722590481721783806e-02,1.682228137771524593e-02,2.884350619824219142e-02,2.313910369818691914e-02,1.206561298461442978e-02,1.081531498417938678e-02,2.397981131402811359e-03,2.864398467956380447e-03,1.714564396240337782e-02,2.998759924259172815e-03,1.981225731138910786e-03,1.296829757601540914e-02,2.314805570004255242e-03,1.362417583305948129e-03,2.773994952474897243e-03,1.254490002991676600e-03,1.903033855531774269e-03,1.343454968435796835e-03,3.615972698927738885e-03,1.976000412720336358e-02,8.349772860284964890e-03,8.971258907017607906e-03,2.947013034199696957e-03,7.199324074517843286e-03,1.897995469216662030e-03,6.654303040695213126e-03,1.329030737819420068e-03,8.068004314250153824e-03,1.703607599230095009e-03,1.085724751548024702e-03,7.056618405240142186e-04,3.303869143266705000e-03,2.140474308078667894e-03,2.912304751720231309e-03,1.215410653537042944e-03,8.069153204445672981e-03,4.427578699382053729e-03,3.644348989627110673e-03,1.612112394465328377e-02,1.779333789815164268e-02,5.943231869972892545e-03,1.159403370891906766e-02,1.393044089114720517e-02,1.693599553089593021e-02,5.056773444420670921e-03,8.171436268003222717e-03,2.045084555392628119e-03,3.801699376800717328e-03,1.249738413444813562e-03,5.122793943733593494e-03,2.238463378669987291e-02,1.151977822012521455e-02,4.809982597102890542e-03,1.529806683760454381e-03,4.987105225134397593e-03,4.564894475243487688e-03,7.527705331076045472e-04,9.621772547337394815e-03,4.158226321288868016e-03,2.118617194403784893e-03,3.578061800282554203e-03,4.397630676223352950e-03,3.841045873865690276e-03,1.298360061568884852e-02,5.392205595181148031e-03,1.480318890825259260e-03,4.840329781249816561e-03,9.216043171292603517e-03,4.019241210100173156e-03,2.427843232525743727e-03,1.095585309599323440e-03,2.273679049050913309e-03,3.962069628814357709e-03,1.449618561003371102e-03,5.524161303245222858e-03,1.574210005526436446e-03,1.362299456895094824e-02,1.933957665853786208e-03,2.752007638305733681e-03,4.683367821167579159e-03,5.587753552113414006e-03,6.547868948809658536e-03,1.655994328552407979e-03,9.373514096739154339e-03,1.339851217535934468e-02,1.958028175085489188e-03,3.815118490437499361e-03,2.284982542674429337e-03,3.885479762190352775e-03,2.231682458288830953e-03,1.538063345377444413e-03,3.747417066502454867e-03,8.822050002446242545e-03,1.378998273805906102e-02,1.299969322966497594e-02,5.829285778111289833e-03,7.954666147407364954e-03,1.228939591265385337e-02,2.702116042369179412e-03,4.867274423761405733e-03,4.773380134542248854e-02,1.570437482541458402e-02,2.000336995980262801e-03,2.962982866789090012e-03,5.517069517542451049e-03,1.785746446183841991e-03,5.373866015323637037e-03,4.067106743905031345e-03,7.690618494979191942e-04,2.875560233690667607e-03,3.531404994370380013e-03,8.541734335189716740e-03,3.766532408957162792e-03,5.042404344982622660e-03,3.035430948071243893e-03,1.026301952719640802e-02,9.845848651650151301e-03,3.739861819584880571e-03,7.274596381478187074e-03,3.621667909186460348e-03,6.177231772499467430e-04,1.233070085209536822e-02,7.179212603856633020e-03,4.780878758974373491e-03,1.628134505966784794e-03,2.149505372465365313e-03,3.228995962663681104e-03,3.944542068368818086e-03
3.483778877611156798e-03,6.346362252056048266e-03,2.102702497694404135e-02,2.417945652280863167e-02,2.944529858707319731e-02,1.724270607620644047e-02,6.954600345545031148e-02,6.081120238585142196e-02,1.103748574935553006e-01,0.000000000000000000e+00,1.307377593113478835e-02,1.886404378190515568e-02,2.899170508903274948e-02,1.744467801079649730e-02,6.143510438049210216e-03,9.757290797465303922e-03,2.204396127708166744e-02,4.212119549604226125e-03,1.547134709644243378e-02,1.010897316842683698e-02,1.378167760436409608e-02,8.456905132739106837e-03,7.556919726900424884e-03,4.356662797438666176e-03,8.085229164833111770e-03,6.855467435060798656e-03,5.976531072515925760e-03,2.800782549577255157e-03,1.972671522615903478e-02,4.574105096207628854e-03,5.125959623823486168e-03,7.491397487562469898e-03,1.705426984879792208e-03,1.224650902478384949e-02,4.124206692938834837e-03,1.658254555236904045e-03,2.065433734465869833e-03,8.956015947970677113e-04,4.077439097019694772e-03,6.662653440888404929e-03,5.063043902336309549e-03,3.230286266792909127e-03,1.025024874620051544e-03,3.210130085589484560e-03,3.038147091736458430e-03,5.230544858842171158e-03,1.663780777054412905e-03,7.438150362967547655e-03,7.983933441734585024e-03,1.497508897751485390e-03,5.826451790636510107e-03,1.727009826385399530e-02,1.603486176828845290e-03,6.958369397834156950e-03,1.043601741881691747e-02,1.395231981030268034e-02,2.869939207218047579e-03,2.624724922394590550e-03,4.916117682337260708e-04,1.012580057554627851e-03,4.416602611621679893e-03,4.083222622586155440e-03,4.311970798967526726e-03,2.438425478707256268e-03,5.497766087879816556e-03,1.450419994330723111e-03,1.256509745343327693e-03,1.247485261963038284e-03,3.434569472509420209e-03,1.164515658495576290e-03,1.672488765921717946e-03,6.424414005060425856e-03,1.868073660755620834e-03,1.107940269442142175e-03,1.246927716148803125e-03,1.290077386301018321e-02,7.244872593274285892e-03,1.696731103050628945e-03,1.065190975384376106e-02,5.878183470733073547e-03,3.334954688582602612e-03,1.348992051851978470e-03,9.081816171030990953e-03,1.672769169952642836e-03,8.251143878792221997e-03,2.156760351115724356e-03,4.159234113581777165e-03,1.418839606394212919e-03,2.434253317633409963e-03,3.434952681794941915e-03,5.202362451952730320e-04,1.211681228953324918e-02,2.826631323437803905e-03,2.492519186893780731e-03,7.327027554456649709e-03,1.750074526991134225e-03,1.856241348916631145e-02,6.441926341149224917e-03,9.561718223334561215e-03,1.036447806318737883e-02,2.681829866042840030e-02,2.970512121043327076e-03,4.308257267304185963e-03,9.143071255036843217e-03,2.220526732674648479e-02,9.010124028919210340e-03,5.754868830598404081e-03,5.004187591383162277e-03,3.561208103944008083e-03,5.841284300772578257e-03,2.306674753012464760e-03,3.295714836568503208e-03,1.069714931843467054e-02,1.871696583614936059e-03,4.789553815590651652e-03,5.608450520571378606e-03,9.354574992255362126e-03,2.438825177661306173e-03,3.298346538809558692e-02,9.830269536615100431e-03,1.367993363790397619e-02,2.607581211100776925e-03,1.871812639303745618e-03,2.263321379134534527e-03,8.095736810737497180e-03,3.208871009635443777e-03,7.925731546787393236e-03,8.739013191941381528e-03,5.910481475258172641e-03,1.832155110816203027e-03,4.036635840412916565e-03,7.593874917719468584e-03,1.638568453249944707e-03,2.410650430529897616e-03,8.373302491112033855e-03,3.870341355208774519e-03,2.249475547398648023e-04,2.124321095284935953e-03,1.418208906244169997e-03
9.713503389464337584e-03,1.338472371257795265e-02,1.127927381715929621e-02,1.599968919993684929e-02,3.029014873232377392e-02,4.797749683478780974e-02,4.677191932434618393e-02,2.136554414426643234e-02,2.786842823033590030e-02,1.307377593113478835e-02,0.000000000000000000e+00,2.441399364241929326e-02,5.261009198742975373e-02,2.270930653628294021e-02,9.381753826236197136e-03,6.639041161515284693e-03,7.453843615666822138e-03,7.251158985728958046e-04,5.780823108814090588e-03,3.886962059399452687e-03,2.107066120978076315e-02,4.844117033219880186e-03,1.078952267764261667e-02,4.759832064135751696e-03,7.868980228619990372e-03,3.233492527489410795e-03,4.844757055301234829e-03,1.119967091904478743e-03,4.023574124946373482e-04,2.497839896827143760e-03,2.092991993289410567e-03,1.486623744864863129e-02,3.204721601411187996e-03,2.461023294080535648e-02,3.360735190256591842e-03,3.315062409733721474e-03,2.908412939054188986e-03,9.808490722478921744e-03,4.931090940055255813e-03,9.402659062006123170e-03,8.480268825336780697e-03,1.981316248207196876e-03,6.732242427120915286e-03,3.989395674612869654e-03,1.060635692117161723e-02,3.233190047964974376e-03,3.310342875716832788e-03,5.789787726183611739e-03,1.687503215396876990e-02,6.509606016409439158e-03,1.766150970361477987e-03,3.993571668612582413e-03,6.698023608892778209e-03,1.184941616272059371e-02,1.740531559440976553e-02,5.584465631706373237e-03,1.938724919253856155e-03,4.326298008281066493e-04,1.314392436955265321e-03,4.549873927349735482e-03,5.785411419368559696e-03,1.065612521009966056e-02,1.447070444261279801e-02,3.186689179853127111e-03,2.252156421747744316e-03,3.476898078897655738e-03,1.566662202447607422e-03,2.889492528605442419e-03,1.715357770011197635e-03,4.760345237642663388e-03,2.834065888536009287e-03,5.371970217299009732e-03,2.046102401745943794e-02,2.049503882872237906e-02,9.498705670443571836e-03,1.564360339689281620e-02,2.495996660467939346e-02,2.615808290415081155e-03,1.470694069827860329e-03,1.902660148226981932e-03,7.075764422452212547e-04,3.386614865552184210e-03,5.331339316367020298e-03,1.754541686321650423e-03,3.086397632751453502e-03,1.404240656754044770e-03,1.133585673008828155e-02,1.986573151592381601e-03,3.929684735089815535e-03,1.784921536404577517e-03,4.069401520553438296e-03,4.728466958512053328e-03,1.240970197849535894e-03,1.754646150981468977e-03,6.140532640282275745e-03,2.413179811506759899e-03,9.399309191345139175e-03,2.994173987771853607e-03,4.533944509459736372e-03,9.880020617455270715e-03,7.437414371703781300e-03,2.029453306957618684e-03,1.330367523361518020e-03,2.021596491519782410e-03,1.400618721819481272e-02,2.313881259064169693e-02,2.091232056969462641e-02,2.318141945269578189e-02,1.286269195653000352e-02,3.848558844005648544e-04,8.572115032236654261e-03,2.629719882003328860e-02,1.670879280802677405e-02,8.577665295875150711e-03,7.789035930087727030e-03,8.775078634190367280e-03,1.327868699168050122e-02,1.119247019982134300e-02,2.873679699640045845e-04,1.051505330285025866e-02,1.790034724261517756e-03,1.752142234936965304e-02,1.123183211465797471e-02,6.803910715374446132e-03,1.929675941890245973e-03,3.033635620176452531e-03,9.846817572098627916e-03,4.179288489907026158e-03,9.029877078469302626e-03,7.901106318929358371e-03,7.702362353353270179e-03,3.242245849940669777e-02,3.640843508352233082e-03,2.695008513965457906e-03,3.164173757114114617e-03,1.639435773846084979e-02,5.774619897405611560e-03,1.456901802716814923e-02,1.421016403011049305e-02
