0.000000000000000000e+00,2.932842443893169792e-03,1.461024079336605691e-02,4.501942252283909485e-02,5.982373164407378541e-02,6.681463220521399737e-02,4.032599235272182198e-02,9.873267161509663437e-02,1.843483344696413007e-02,1.415090667734515972e-01,1.575336114320161074e-01,7.860165184681355832e-02,2.820630528581420660e-02,3.374737520938889818e-02,1.859584113087723450e-02,4.712176766009698592e-02,4.630589423425279794e-02,1.731090746954332821e-02,3.583792346257914929e-02,2.186898504410650368e-02,3.046637629381779636e-02,1.437983641894022557e-01,9.924978968568577697e-02,2.875518218798157888e-02,6.374965378648443128e-03,3.485593030873940235e-02,3.526536817297092757e-02,1.440588345943138483e-02,4.716848674179319190e-02,8.598706193268808307e-02,2.432789418253970826e-02,6.190438949395916934e-02,7.273481799435810302e-02,1.109672929072673397e-02,4.224949191174945384e-02,4.092658488426064584e-02,2.811759773923461214e-02,5.223468726767102437e-03,1.031756815424530495e-02,5.888270710078297859e-02,5.702697567519206256e-02,5.651826215331499925e-02,4.596366030901704453e-02,7.376851908725930163e-02,4.218734221188064765e-02,6.986446755139869014e-02,4.430058783143234202e-02,3.241303703516573188e-03,1.198484394734927391e-02,3.088993913112073400e-02,3.787567808662314905e-02,1.907900190467031604e-02,2.359098449593314412e-02,8.628998195169478025e-02,9.715462836394092583e-02,4.814659667350918576e-02,6.278262023670769243e-02,5.644813812783548712e-02,3.148162098784734741e-02,3.437372662227144993e-02,4.559978729037866829e-02,5.642958976817884914e-02,9.923045935253561878e-02,2.805930500880161535e-02,2.567789329964400777e-02,2.471209587877861921e-02,2.806870567801551808e-02,4.628970363202027788e-02,2.853648063558975045e-02,1.611407679772878035e-02,1.928552075319827155e-02,1.538993421155521180e-02,3.621131992478657941e-02,4.879348049776565527e-02,2.794867187253738394e-02,3.031539586421180127e-02,7.772685728151159691e-03,2.103425699805092086e-02,5.427938470301810897e-02,1.040237753704317640e-02,3.055726176675052294e-02,5.469809508366772072e-02,3.216625299388760351e-02,2.872347711124409713e-03,2.966356241513753295e-02,7.747869571477307427e-02,5.134300988008662359e-02,1.693216877476683702e-01,4.091250178525924347e-02,3.210273663160084778e-02,1.605707610258008677e-01,1.572092999869948160e-01,6.463485290814140194e-02,6.526470830302615045e-02,2.524427395325298251e-01,9.486486877875188739e-02,1.059113297327968772e-01,7.263941430899374663e-02,1.463514190250000957e-01,1.320629888042988975e-01,3.055267405533655320e-02,1.978785105927443125e-02,3.336397441457616270e-02,1.394548218879794466e-02,3.001333801913027774e-02,2.216597227551709778e-02,2.466951667119321109e-02,1.131397244362687161e-02,1.037156520005972499e-02,2.037912396480753147e-02,4.627421480314142938e-02,2.024874515423131724e-02,7.862842875267265011e-03,3.828608794371627516e-02,5.892567741461390840e-02,2.449295777191876772e-02,4.585218259317814377e-02,4.343576884478791283e-02,1.230550672361840764e-01,1.775608788792824855e-02,3.163938627447704377e-02,1.441906543721583819e-02,2.225955492375765107e-02,1.826274112067272776e-02,1.489017916267717789e-01,5.265814503924688694e-02,4.583258361701985500e-02,2.512847858455067307e-01,4.218737918595447112e-02,8.147152720497148615e-02,8.348570244829600639e-02,4.162980490359875774e-02,1.434041315450446975e-02,4.558690172596845808e-02,5.674377439307298071e-02,4.393865582309932488e-02,3.794648124616564061e-02,1.586090240251777223e-02,1.668965080239998358e-02
2.932842443893169792e-03,0.000000000000000000e+00,1.266736978855706637e-02,4.271903357913676286e-02,3.598619364126505460e-02,8.151281898107584634e-02,9.897653893427614535e-02,1.716245122743566831e-01,6.289916183705102082e-02,2.762527744570055788e-01,2.206237403375013451e-01,2.719236546758245776e-01,2.992896084037070803e-02,6.010776131716145249e-02,1.070293298292891021e-01,3.334495039474948824e-02,1.570060543998750280e-01,1.022273719875011755e-01,1.122948449793318704e-01,1.675684463099846588e-01,7.251567154511392999e-02,1.962249258370699356e-01,9.383637514741687002e-02,1.872359490720017575e-02,4.515795788148144890e-02,7.919301088751430628e-02,9.437130611456141099e-03,5.762052306420547068e-03,1.157827206860503055e-01,4.491369145740280872e-02,8.319874589342626456e-03,8.620944122116358868e-03,8.810813907343111040e-02,3.223369296053765071e-02,1.642556100453629667e-02,5.369704235587215158e-02,2.451926326499550071e-02,2.640278631269222468e-03,3.334862658841292182e-02,6.198380238422114552e-02,7.510457171880889626e-02,5.331998611598125215e-02,2.779743284950157364e-02,2.058698569048868915e-02,3.888014335355102769e-02,2.077829011874909038e-01,1.626929881845486925e-01,6.955968794896580376e-02,1.707500691170154850e-01,5.008096712914393567e-02,7.570895635235662391e-02,7.019632030894736030e-02,4.486525254819138248e-02,2.236658541107104936e-01,3.233072202543914309e-02,8.448856579708860504e-02,3.251998800827570618e-02,5.341952544219295829e-02,1.915120311259728078e-02,1.040238119373698977e-01,2.075172663894164771e-02,2.150285482741667517e-02,4.646724968242295362e-02,1.468583380912860947e-01,1.132783903647966578e-01,4.805875496685931697e-02,5.635376224254604050e-02,6.324894369424133300e-02,2.078590789388122528e-02,4.376573612785962519e-02,4.864409617347114495e-03,2.435784514431606901e-02,2.009885479301099995e-02,4.024671002608314063e-02,7.438858136389718545e-02,5.553580176757180048e-02,2.627622160389940509e-02,1.627418914915852999e-01,9.262257996275706506e-02,3.240850511006568985e-02,4.623434947605236517e-02,1.608618305411794736e-01,1.422689281261388730e-02,3.888675528468597820e-02,1.365387366468570965e-02,1.537530831617185956e-01,1.959268173942875779e-01,2.021813979857727539e-01,2.491653912684020297e-02,8.816108040858612604e-02,2.557762928704774286e-01,3.144068362844973374e-01,8.793676826026258775e-02,2.574495801637398731e-02,2.663574993020721982e-01,8.387715730310206508e-02,9.928524429106355687e-02,3.855535342339491689e-02,1.336156076039546892e-01,1.070519958040492686e-01,5.478400568639067714e-02,7.132594695686111930e-03,4.341830652707709404e-02,7.635089451478184117e-03,9.957919411215798711e-02,1.387399625553037974e-01,3.601061317631266967e-02,1.117376552768454580e-02,1.160066937048629537e-02,3.655101409776839727e-02,4.900675844612908255e-02,5.636648447766365311e-02,6.039662201749269183e-02,4.571099428116449925e-02,6.674635830851359530e-02,1.853696343095632623e-02,1.661928954229729277e-02,4.404184177562961433e-02,7.965339654645917089e-02,1.254073721723100721e-01,7.371525304158269010e-02,2.529922660999119055e-02,8.268829002140282158e-02,2.549896568203297367e-02,2.086910997445366456e-01,9.999234202117450454e-02,1.803906508078109705e-01,2.507524420541508703e-01,2.777291009927302518e-02,2.275743992070783650e-01,1.469959605376071066e-01,1.113421010053035481e-01,8.780757934188462843e-02,9.046271820194887181e-02,7.303540758173149294e-02,6.133349109778572089e-02,5.813281643533090709e-02,6.483526226314374752e-02,3.116640243225899179e-02
1.461024079336605691e-02,1.266736978855706637e-02,0.000000000000000000e+00,7.417415162334933809e-02,8.029050655850525353e-02,9.066283908650971113e-02,9.473314766685538013e-02,7.614224094768384798e-02,2.192525930515975760e-02,1.221892602240832321e-01,1.290381914644347927e-01,9.230741310917332798e-02,5.592003717391737239e-02,1.359515064344884450e-01,2.067571638843966053e-01,7.765831450266956482e-02,3.591058344271739200e-01,1.473775095998338391e-01,2.337542629360979951e-01,4.669981827714035638e-02,1.299964367252640918e-01,1.995927181112530924e-01,1.678675582101788466e-01,2.304334213226633121e-02,6.266319293729448979e-03,7.169663312081020479e-02,1.620198973714519555e-02,7.955364277725838346e-03,1.954518808989242074e-01,1.245984488447932359e-01,2.341782281189184328e-02,5.802784941392769708e-02,1.435259458987326042e-01,5.685296392599828788e-03,9.131654667028721306e-02,6.468533985226064542e-02,3.218606426489514089e-02,1.631735568271465084e-02,4.192924828514107971e-02,5.441188307945150210e-02,2.519770350800635411e-02,3.275836673187612624e-02,5.302213005975522919e-02,2.534531000343000912e-02,1.109882582386503974e-01,1.186558665481762531e-01,3.892403033268438534e-02,4.898173118938476539e-02,1.471146388947141559e-01,2.793299431404482058e-02,4.648674006531192809e-02,8.333910922566101220e-02,2.411794356928689126e-02,1.805395865108234132e-01,1.828520752046737530e-01,4.704168995580154666e-02,5.526881858155808375e-02,4.425316302503060073e-02,5.206620989418617174e-02,9.232129890102203085e-02,3.002498300716907598e-02,5.661374130583211872e-02,8.601874184101555854e-02,6.980823605010660904e-02,1.008140698389273504e-01,6.450944516547998941e-02,2.178304361242262149e-02,1.240109163873999443e-01,7.452231637340740733e-02,7.581178492498323596e-02,1.164337112547844527e-01,4.661031792859105655e-02,2.512987006655409764e-02,4.822545305083265205e-02,5.213136801239137003e-02,2.617521560344412968e-02,5.975359317387059221e-02,2.327289243260393520e-02,2.659167343918247134e-02,8.025813553499695774e-02,1.024164215768846170e-02,7.164477905302732430e-02,3.543492120879315060e-02,6.387908652753839130e-03,3.609561238075471856e-02,1.918129466844086806e-01,1.681810224619018912e-01,1.784982993154449471e-01,1.494332807730345825e-01,7.157409394080670173e-02,2.273926593461033652e-01,1.010963126085182850e-01,4.115161273507745437e-02,7.007264455368290845e-02,2.142926511893098185e-01,1.450932019599852560e-02,1.882147897260282726e-02,2.815587487469053615e-02,6.413815216968327126e-02,1.051954547750726804e-01,7.163065428969886406e-02,1.118633953228959955e-02,2.990754537590089787e-02,5.131674240843636832e-03,2.898284550027238615e-02,2.476993418787311330e-02,8.307038907295756502e-02,4.959077197054904268e-02,1.463981261238854296e-02,2.022199443965196075e-02,1.767496823521399682e-02,1.894361997434230657e-02,4.710704462755607030e-02,2.064583191096960521e-02,3.305676865267172942e-02,1.720704865928138899e-02,4.124032508883995751e-02,3.715234607424439117e-02,2.759718444982471597e-02,3.645224477593482504e-02,9.576931744854390305e-02,6.065968758090625745e-02,1.067537550528211143e-01,8.190220405938701542e-02,7.308092270793246914e-02,2.356341960925479873e-01,1.743261334872576729e-01,1.681798868912709466e-01,8.614224851202209599e-02,1.780402403702494030e-01,1.814584420287189692e-01,1.020202726819449124e-01,8.922285254041062430e-02,4.348390538765096319e-02,7.392564126461921570e-02,4.523322242757689404e-02,3.936835850610153481e-02,3.096441430651110036e-02,2.213838990041236410e-02
4.501942252283909485e-02,4.271903357913676286e-02,7.417415162334933809e-02,0.000000000000000000e+00,6.172045181779261397e-02,7.466394889262853440e-02,1.079661971885864519e-01,2.241203802482249485e-01,1.360130952423749540e-01,2.804314600020047510e-01,2.164866564554297212e-01,2.978342977797633906e-01,3.378892982064534561e-02,1.479383484827532236e-01,1.941756703557955821e-01,7.398461209463985666e-02,2.698136563710509805e-01,1.223467500716409612e-01,2.483914228000712321e-01,8.309066712163369617e-02,3.024837593054548884e-02,2.044307642235126399e-01,2.742958694126925168e-01,9.149844200536836128e-03,5.757223385308376379e-02,1.978564181823883328e-01,4.067176897685194359e-02,7.891092053280096552e-02,1.697802504622588915e-01,1.396900543774417802e-01,4.386930772289903552e-02,5.845524190368140555e-02,1.183194555414902038e-01,2.346222889886129259e-02,8.338024419608132398e-02,1.899952259190753612e-01,5.206403264274996751e-02,4.947350175718697590e-02,8.732255579613441843e-02,7.545952783824638743e-02,1.119685866189118750e-01,6.984522469567655545e-02,5.193784571564299263e-02,6.816279835657040875e-02,4.476426585866715574e-02,1.974089613709970603e-01,9.564361040472096898e-02,4.368410475257382408e-02,1.968171294538170191e-01,5.773853212104416988e-02,1.457247350893741689e-01,1.632600014245847164e-01,9.355535538488259084e-02,3.136026211693603294e-01,5.092605861499039516e-02,9.684549060659772279e-02,6.814215212351247553e-02,1.185953158372175520e-01,1.814382524648981421e-01,1.321842802893849755e-01,2.100553731737985624e-02,1.242481200229760552e-01,2.070881986388649620e-01,1.231976041962502127e-01,3.164375342093178611e-02,4.962417088626643047e-02,9.210421894715482838e-02,5.231983639444548473e-02,8.448927047509292854e-02,2.919154362095794167e-02,5.662193602374638451e-02,4.114529468631152043e-02,2.273178477914482992e-02,1.260934950743237692e-01,1.086887572730003415e-01,1.407662016446845354e-01,5.073019928640280785e-02,9.993550198789538652e-02,1.767454035472228457e-01,2.215907028365679543e-02,6.353783610175502139e-02,1.405870655533700553e-01,2.723580305895296344e-02,8.328735745048744532e-02,1.961729075354871898e-02,1.471902875893873752e-01,1.617385919635687674e-01,2.934581537413502583e-01,1.498849775049157507e-01,5.143792667964952603e-02,3.003085916488923424e-01,3.708628829730650223e-01,8.672766593517351741e-02,7.855397870219958667e-02,3.646763191322196507e-01,2.275702818349333301e-01,1.356578018094309057e-01,1.603897035169359331e-01,3.347125260921825496e-01,1.834851164465542694e-01,7.424017533087746978e-02,4.683853015504359923e-02,8.389955183539055117e-02,6.738019614696627579e-02,2.031373212323548116e-01,1.438562536562877081e-01,1.497394071706142082e-01,5.630910247553739395e-02,1.011015167276983623e-01,1.389738201574550192e-01,6.993520660834985636e-02,7.698938874256079645e-02,1.137398201260093333e-01,3.829531084523660894e-02,9.684601082102481384e-02,2.989775711694103374e-02,4.136902698484887925e-02,4.581692336648901520e-02,7.250410449626117082e-02,1.812529707510715238e-01,7.676296424961387421e-02,5.190062230610411470e-02,6.048013974076474342e-02,1.649878962501068191e-01,2.556689340403501820e-01,1.842081585846735425e-01,1.626882769511056939e-02,3.800957414617393004e-01,7.193139575463555757e-02,1.139420933026729921e-01,1.107776157229846542e-01,1.623566302377170423e-01,7.114260876451920790e-02,2.429069812781000162e-02,4.843872448396284447e-02,5.688755451156693455e-02,3.736454776509370856e-02,2.067143701186769170e-02,3.001469780601173989e-02
5.982373164407378541e-02,3.598619364126505460e-02,8.029050655850525353e-02,6.172045181779261397e-02,0.000000000000000000e+00,1.149103727603440275e-02,1.631768881829964157e-01,1.097317184082946401e-01,7.425490293090344918e-02,2.628201496850553487e-01,2.326070093906642267e-01,2.562890751091547181e-01,2.452789083739143061e-02,1.815644439138903721e-01,1.070942579489489732e-01,2.987601403419106599e-02,2.644557629135386168e-01,4.148460971989118007e-02,3.429228612176675184e-01,1.730628935859987449e-01,6.575279280103353552e-02,2.818198818124524885e-01,1.525855459752553656e-01,3.899369803526749750e-02,9.315839521268670653e-02,1.299982692449216104e-01,2.653439545728165233e-02,6.677442277483870703e-02,1.796005577130024011e-01,6.874551806061371395e-02,4.912265747468267524e-02,1.620623366691199135e-02,1.715520123461115043e-01,7.606903357140649968e-02,5.966572402627581817e-02,3.952407578964967083e-02,7.054886955008762839e-02,1.454730537865741302e-01,1.079136865794794592e-01,1.462918846958903007e-01,7.544915659110962292e-02,9.220084834588772316e-02,3.979958572290524105e-02,2.435972266638191178e-02,8.428744773141207125e-02,3.332304618349697378e-01,2.901613162999476248e-01,1.367699082304143221e-01,3.595400252365642535e-01,7.330992034162529813e-02,3.904916840381403298e-02,3.215458329590131226e-01,2.861499933302921045e-02,3.517379551795908887e-01,3.268786304468911802e-02,8.483631963588265934e-02,6.984023555858373533e-02,4.301470902678493358e-02,1.164968215340364127e-01,8.048079311993218410e-02,3.660329989999989292e-02,1.467282963003587459e-01,4.940241082018659996e-02,2.029756902077945457e-01,3.162420106602096825e-01,1.654517325413582263e-01,9.268879071018676363e-02,2.504086022494279584e-01,5.798318358297562675e-02,1.393700266659653186e-01,6.591798461833478506e-02,4.237155548506803260e-02,4.998907964031840123e-02,9.917430523275014287e-02,1.711816162187382584e-01,9.756615005944430097e-02,7.458674884824015305e-02,2.216048514504846134e-01,1.105624433679510271e-01,6.720779949056883418e-02,1.631442465317954615e-01,2.358572087703119380e-01,6.059583013777476018e-02,4.622564511960061684e-02,4.234473332677154978e-02,2.024536557939351777e-01,2.494375249240615711e-01,3.197080651076745772e-01,2.669527400979254325e-02,1.416059410848927724e-01,2.633613355157151670e-01,2.396195094766193912e-01,2.292519056191842097e-01,7.189556828974773273e-02,2.622850305152852890e-01,1.639596344398790498e-02,3.080402956015278193e-02,8.032019832945448690e-02,5.673751679672066339e-02,7.114302983082276821e-02,9.970759319077840410e-02,4.431946767135166998e-02,2.198282846521591380e-02,4.220284847120982924e-02,8.540046866611097909e-02,8.718722257882209614e-02,3.590798716041557898e-02,2.160164096674761433e-02,4.234278889272394958e-02,2.674906595480323890e-02,4.314191943262019741e-02,1.049141692098482098e-01,9.629882148211231507e-02,5.322713351787029812e-02,4.480570344879573202e-02,2.863452877490910847e-02,9.966463546425147202e-02,7.403310918723202128e-02,8.353385533625032333e-02,8.723272583519414702e-02,1.185785999813631780e-01,2.603043197270061074e-02,6.743208616052268067e-02,1.038502901736769457e-01,9.093133706180793474e-02,2.949967019892106301e-01,9.446562790477291624e-03,1.040109964311543012e-01,4.103021971496143699e-02,2.090228066781276983e-01,6.948270165560681277e-02,1.515833399641473289e-01,1.837860979208474355e-01,1.448502686939993900e-01,5.069445650693297362e-02,1.164181636751607241e-01,5.496712697786674401e-02,5.048060791999130908e-02,2.056900642177564992e-02
6.681463220521399737e-02,8.151281898107584634e-02,9.066283908650971113e-02,7.466394889262853440e-02,1.149103727603440275e-02,0.000000000000000000e+00,1.415806832860153908e-01,3.144573445721726701e-02,5.827488985261872895e-02,9.472292827304795715e-02,2.055772228655383671e-01,1.497414697326219513e-01,7.470201192499235920e-02,8.873259407643781238e-02,4.605115796406071549e-02,8.515604963909316483e-02,4.441454747850130391e-01,2.631558656400211776e-02,3.553944278206230822e-01,6.978563239476312519e-02,2.568250681489328002e-01,3.928766142176235432e-01,3.472724480597148555e-01,2.571670303265886220e-02,4.525570497185688046e-02,1.825171720547319743e-01,8.259229995249281475e-02,5.935387493904249745e-02,4.122391471284551079e-01,4.787101136467260959e-02,8.785585681711576000e-02,1.046705173396135502e-01,1.933993618325945962e-01,6.378392391088255620e-02,1.695359540942434906e-01,9.629242893530719216e-02,2.804578560146388580e-02,6.900563051150418459e-02,4.146225730676245808e-02,9.817524997820244181e-02,1.756332440823023255e-02,1.184234154346360118e-01,1.013831101539016954e-01,1.156379225928947790e-01,2.242830311609888827e-01,1.150843525559240577e-01,7.469424359411624276e-03,7.751669377462284960e-02,1.371509035607848259e-01,4.081647861573533403e-02,2.258749080477696555e-02,3.729143766383158365e-02,6.658881782835253393e-02,1.697567682132700984e-01,3.000884448348783429e-01,1.088430962595273860e-01,1.369010563252594410e-02,4.455719728672640628e-02,3.512417732873369253e-02,2.236751573426225825e-01,3.926482232143715251e-02,9.824836686092118521e-02,1.896179794719505818e-01,1.297920583745653111e-01,1.191601732950127723e-01,3.474604035977432032e-02,5.835271121599604899e-02,1.277384657193877115e-01,7.392438908427530209e-02,9.173640258611052978e-02,1.903751523250805100e-01,6.338831331566278926e-02,6.547793386724054532e-02,7.966488936308421809e-02,8.039139463786250384e-02,4.192664309613965828e-02,1.761971716073100214e-01,5.859262726130134297e-02,7.009767637802864770e-02,2.386677620339663630e-01,1.482425699003379338e-01,1.417012082643458737e-01,1.195794667376711279e-01,4.157668049596013882e-02,6.160223490658042061e-02,2.482026851633069575e-01,4.417601710469790111e-01,1.413134666457781796e-01,2.223428375296320481e-01,3.228593890913731834e-01,3.700117689076242722e-01,1.020593703332711849e-01,2.192352963425350798e-02,3.287116773797066349e-01,2.832021282759890624e-01,4.764345344263498649e-02,3.656036913046430831e-02,5.491761084414723687e-02,1.418730115549048376e-01,1.809477321292671526e-01,1.599435013877663903e-01,3.303641748836935038e-02,2.339333266806912712e-02,1.985029819744865004e-02,8.937613707972139054e-02,1.678375465945849687e-01,1.717036112542721926e-01,9.174792870306214265e-02,2.345853539824468287e-02,4.738414754165795606e-02,1.218123456906005792e-01,3.641330449403819280e-02,1.440215340655568166e-01,3.400951153213285783e-02,6.203789118372394357e-02,6.881273120454274583e-02,1.881126913957950619e-01,9.147941163439135548e-02,3.653282267533824318e-02,1.273702925386838714e-01,3.852106861040235225e-02,1.620473970967778454e-02,1.827837297293454510e-01,7.242141175517223528e-02,3.896565685960268199e-02,1.656813992046616557e-01,2.367473543971387595e-01,1.557193808220191933e-01,4.445867178538332604e-02,2.333852633648796915e-01,4.639058920707249123e-01,1.492194816262851220e-01,4.406523364189576797e-02,1.297377650856706421e-01,1.868604123611158629e-01,1.525448420327709109e-01,1.514512632948443738e-01,6.700733193581248637e-02,9.279798466788188871e-02
4.032599235272182198e-02,9.897653893427614535e-02,9.473314766685538013e-02,1.079661971885864519e-01,1.631768881829964157e-01,1.415806832860153908e-01,0.000000000000000000e+00,1.186429824926948512e-01,1.792510147931501707e-01,9.345111240202071123e-02,3.000896529403652702e-01,1.971221746799839969e-01,1.151289054656887412e-01,5.925493249450803496e-02,1.950855117507164782e-01,2.716319777545807626e-02,1.577641589901979946e-01,6.056309596099321291e-02,3.923214038587032049e-02,2.272543160173204693e-02,5.794374247268360006e-02,3.044616391380188802e-01,6.777761471822196793e-02,1.012659917306134999e-01,1.693187632084346694e-01,1.216137280009852162e-01,2.754257020606562176e-02,1.858658171857409391e-01,1.847475209961067788e-01,1.506650525374531903e-02,1.222211991116384233e-01,1.142572448583336897e-01,2.038528446217985068e-01,7.487875597566485963e-02,6.793573332912507257e-02,1.830369255368964609e-01,1.205417953404068071e-01,1.499353268269739692e-01,4.218352015284537043e-02,1.316300082636150115e-01,2.082895795761386878e-02,2.106494787821496795e-01,1.892535264676250759e-02,1.782027001850273323e-02,8.246756542012571856e-02,6.230392782676796859e-02,4.649963581016649389e-02,6.240087041727265804e-02,8.300171656826771382e-02,1.787271725813536702e-02,3.715979823767072421e-02,1.056068673427470669e-02,1.239855842848409384e-01,2.006122706766515496e-01,3.223935299080968875e-01,1.819327511499378713e-01,5.895664048131652596e-02,1.110022793482678127e-01,3.049689950102113176e-02,3.343537134281018841e-02,3.680068939087622476e-02,8.505904042013190391e-02,2.022900066628090937e-02,1.736320220447521157e-01,1.550366860274883796e-01,9.862640934494998346e-02,1.979519125605957997e-01,2.066411525623489676e-01,3.481923888295756359e-02,1.405012442948507800e-01,1.700725374841307869e-01,1.072928491568821557e-01,5.289005907761790831e-02,7.656917585972937423e-02,1.670286144263734840e-01,1.035240582631801257e-02,8.692819016632515050e-02,1.633478995370283016e-01,5.752718062066457944e-02,2.100460794207406612e-01,1.861736231058214522e-02,7.931516407267084900e-02,9.202007372458563539e-02,9.917806202798229442e-02,8.340269052958154683e-02,4.263085102000810922e-01,1.290537988284366777e-01,1.986294181739651221e-01,1.819735645271228774e-01,3.189405898673347561e-01,4.682304846315514246e-01,1.139671393193477378e-01,2.445819072754375489e-01,2.044576465493801176e-01,2.762074905899284949e-01,8.024912354943435078e-02,1.108422544306308655e-01,1.696238428506842699e-01,1.306424487292739134e-01,2.636170412964256027e-01,1.906874620608458581e-01,3.549181105257779439e-02,4.250278785463638964e-02,8.138185471013383021e-02,5.948802834061647088e-02,9.544275528208091830e-02,6.900084292034130984e-02,3.066588638136845055e-02,2.813483990660959819e-02,4.038076105433838908e-02,1.280725602191882806e-01,1.153928725477257750e-01,1.450204728612883021e-01,1.760946968878115138e-01,9.694577402353046769e-02,1.152590762364273380e-01,5.676256666158901315e-02,1.037315364053727207e-01,5.166001349989760710e-02,5.366093443275774671e-02,2.145166072691410616e-02,1.500015727223562995e-02,3.556350402001030170e-02,1.661431164264353111e-01,3.802915524164358907e-02,7.715799638883863443e-02,1.782778041175337447e-01,1.984527893767763784e-01,1.347144418584660108e-01,2.199676494092546453e-02,1.668859165906967368e-01,2.216216645628240611e-01,2.388790114921382490e-01,1.492482314534527427e-02,1.990274666517728996e-01,1.139232772185989756e-01,3.924516828107588173e-02,1.759123133383795057e-01,7.358941912548687403e-02
9.873267161509663437e-02,1.716245122743566831e-01,7.614224094768384798e-02,2.241203802482249485e-01,1.097317184082946401e-01,3.144573445721726701e-02,1.186429824926948512e-01,0.000000000000000000e+00,6.151160133470343766e-02,3.842552891928267128e-02,2.321642618531293348e-02,1.018687363275074947e-01,2.680477394444600314e-01,1.573427487237198108e-01,4.790763209053049976e-01,1.865618834841637763e-01,2.339092125221565732e-01,8.047463823938762195e-02,7.556169892700496937e-02,1.247174923885778358e-01,4.279893842489008310e-02,1.517595256532955350e-01,1.373149043369517042e-01,1.122726346868845038e-01,2.894416539364409457e-01,9.161938783528048025e-02,8.187928642617746389e-02,1.481441267556624919e-01,3.497701628022659159e-02,4.740082387405897962e-02,9.729139779949390332e-02,2.488100590732483103e-02,9.873652379153331771e-02,3.736602248304608798e-02,1.311873107279257489e-01,1.580662234543470102e-01,1.058791521526910306e-01,1.526598709373732099e-01,9.810216613099986827e-02,7.490594381424160730e-02,4.927765953722565428e-02,1.672252755486051679e-01,5.083795344099157482e-02,1.434890196577962851e-01,9.645339953904662200e-02,3.567562656722592790e-02,2.239865104136935514e-01,2.445528220301443623e-01,1.951731912853019169e-01,9.814272810919845436e-02,9.852107833385621849e-02,1.160794361808203112e-01,3.314407700119830769e-01,6.708283559260404261e-02,6.628679338356259498e-02,2.057402933978171311e-01,4.007657252582673413e-02,1.155210125928847475e-01,1.054192612849005062e-01,8.117595775279545789e-02,1.023653153830024649e-02,1.540084767939492727e-01,2.288439035091691665e-01,4.941350753041050953e-02,2.148643779302349954e-01,2.366509422463413115e-01,1.253493379053973455e-01,1.923999000632411749e-01,1.680848377169534280e-01,1.935822971791777147e-01,2.436344097098748496e-01,2.165885077364710920e-01,1.865546057962127469e-01,3.061998796917898835e-02,8.344340411328685092e-02,5.389391806339612762e-02,6.980578801861744842e-02,9.855392176218362443e-02,8.353694827541695289e-02,1.472005834065537588e-01,1.855198268707177467e-01,3.094210529032537585e-02,1.249689179427806301e-01,1.166756804176064671e-01,9.969437352723221901e-02,2.337094047791752338e-01,7.524581060597869409e-02,3.632537754241195460e-02,2.006373446078838774e-01,1.336674960593348394e-01,8.288742910732015134e-02,2.357763438031520997e-01,4.345395035157520458e-01,1.149988804704171336e-01,5.121238524618525190e-02,3.671858024082555461e-01,1.641536494732068752e-01,2.906193956120325939e-01,1.473820659711107539e-01,1.256464114322705487e-02,9.220465128839211433e-02,4.419175380753043170e-02,6.697832946382699382e-02,1.076376963223215910e-01,1.240652620613826446e-01,3.605758313371576484e-02,9.743095957130529228e-02,1.142388835126819380e-01,8.509100737675137638e-02,1.300296855421614328e-01,1.056485318146231783e-01,4.333227834034004272e-02,5.711027066226909837e-02,3.077248633562786051e-02,3.396455844648487571e-02,3.541716754769144021e-02,5.104744974033739724e-02,2.916212545123961219e-02,4.426993838412776605e-02,9.044723811019791948e-02,1.508467489307058762e-01,4.477932981285960568e-02,3.819733253274789492e-02,1.823334591396434112e-01,4.861911321057356405e-02,2.007856475231066251e-01,2.096332186568501399e-01,1.169694937629311288e-01,1.760735732379185847e-01,2.988668979480344975e-02,1.847838465070325564e-01,2.077157153106395926e-02,3.225471847330444591e-02,1.266270552739945654e-01,3.816776237885047968e-02,1.225005032112808923e-01,3.600989007294121136e-02,3.201709881343059449e-02,4.572007338430437995e-02
1.843483344696413007e-02,6.289916183705102082e-02,2.192525930515975760e-02,1.360130952423749540e-01,7.425490293090344918e-02,5.827488985261872895e-02,1.792510147931501707e-01,6.151160133470343766e-02,0.000000000000000000e+00,1.687641157551821730e-02,2.346654061761416221e-01,4.404361876514528706e-02,1.804548848283662188e-01,1.128127574013417372e-01,6.928928180593871278e-02,1.396565960233202008e-01,1.062227994966242206e-01,1.631129904264443375e-01,3.374090658190516401e-02,1.582608359638661422e-01,1.422773785913114819e-01,5.750925408393496585e-02,9.035508056501218022e-02,1.280463412429856396e-01,2.463503444133655906e-01,4.996188057326234749e-02,6.966199259893400553e-02,2.024428584312594204e-01,3.927265673014656427e-02,5.707354826940740783e-02,7.751534720321737182e-02,1.862538605735396535e-01,1.432679147802140007e-01,1.722247516384154686e-01,2.686385518880662210e-02,2.136345727150515406e-01,1.696304936261219531e-01,1.821926688132443073e-01,1.010269924721716450e-01,1.269263563396738348e-01,3.490657858945054454e-02,1.876447923715716948e-01,6.326556767570340467e-02,2.245947809542146734e-02,2.333089874709352168e-02,7.121336517222122409e-02,4.664327027395732961e-02,4.296279092148706791e-02,1.513615706024349084e-01,6.928006275844462991e-02,5.106953345365756319e-02,4.896345854266226372e-02,2.603104600838700988e-01,1.673702679464314502e-01,1.121159391303375441e-01,3.118401928243695886e-01,9.204772597488021513e-02,9.789544767286037508e-02,1.768951888393716365e-01,6.700882145838943371e-02,1.416184527848884760e-02,2.093972119000915844e-01,8.763784031006892350e-02,1.681083681816915865e-01,1.123920160489694092e-01,1.039378973759122332e-01,4.794603222966761780e-02,1.959526069774336354e-01,3.198894323638157289e-01,1.747314431381505884e-01,3.754053540101394137e-01,1.844356533313767643e-01,4.296340948369199719e-02,3.745792425500302225e-02,6.656085058265771848e-02,1.109130387768304110e-01,4.477431800208628299e-02,1.004837964043979320e-01,1.483804885006587138e-01,1.683344376800177400e-01,1.064894672573086232e-01,2.857656006565439250e-02,2.186043852905236451e-01,1.154677115037908847e-01,5.050425413713086759e-02,2.036509745891068868e-01,1.954140276981291002e-01,4.698845401545675288e-02,1.908235781337676018e-01,1.188827685677440738e-01,1.520378418637411688e-01,2.084568455992344971e-01,3.734544773334225742e-01,4.057799859351381155e-02,5.157892561600056769e-02,2.906961204838670598e-01,1.674491502053651881e-01,3.376023663202108449e-01,1.138581981707202928e-01,6.899309199711430030e-02,8.267033368290915840e-02,8.809573538904516554e-02,1.753741445267666954e-01,7.560674137476826318e-02,1.544851078418956192e-01,1.600468811344578010e-02,1.308315743655821539e-01,1.914622167851158796e-01,1.794474778320412356e-01,1.489732925269961206e-01,1.277003784135013163e-02,5.091737911750703061e-02,6.410035961273954919e-02,4.695928950771092319e-02,1.026526843236633679e-01,2.299938522971887306e-02,1.147753273604172480e-01,6.181279031261504436e-02,2.355481395558290877e-02,8.489657706709197171e-02,1.660972202725637947e-01,7.061499847919248951e-02,4.226365442216296897e-02,5.256160174087878140e-02,3.046761534911354707e-02,2.140883661080624639e-02,5.491336643592858308e-02,4.229670797082837191e-02,2.102375095765030358e-02,1.265319059590755135e-01,5.205304572604840113e-02,1.403957729703098622e-01,5.699999969536707900e-02,4.119158175472378836e-02,9.033274861479306805e-02,1.652423659132653752e-02,5.246895089534548556e-02,4.828628159390725011e-02,1.280277533906891418e-02
1.415090667734515972e-01,2.762527744570055788e-01,1.221892602240832321e-01,2.804314600020047510e-01,2.628201496850553487e-01,9.472292827304795715e-02,9.345111240202071123e-02,3.842552891928267128e-02,1.687641157551821730e-02,0.000000000000000000e+00,2.623392457304421152e-02,6.510212467367836042e-02,1.957607963216161095e-01,7.533088778445214129e-02,3.055209426884133439e-01,4.446908327857998500e-02,3.009417203751024728e-01,1.532590056061209627e-01,3.768117672701810916e-02,2.756932469364005156e-01,1.018122559431374197e-01,1.580662006079986970e-01,1.300060605853986528e-01,3.497222611786899860e-01,4.215351541295488946e-01,1.182447431442260888e-01,1.352595183931859513e-01,1.783452595276370511e-01,9.861273418916412237e-02,8.420097945729815292e-02,1.265990531434927069e-01,3.303371464231001642e-02,2.547829304809629547e-01,7.227158401834836432e-02,3.883952478663109387e-02,1.235164594577765756e-01,5.949117048310176292e-02,1.589946338450952956e-01,1.226488001990977406e-01,2.725641952458587869e-01,7.208663757322883447e-02,7.972588715586309549e-02,7.680044059272231327e-02,3.884833191933893815e-02,1.218688141317455925e-01,3.210799329068360353e-02,1.405381558389059982e-01,2.556379878034193420e-01,3.022956899029182257e-02,3.450813405304280213e-02,9.220966926716110679e-03,6.587992114665146282e-02,3.593742420781148028e-01,6.286439286396210135e-02,1.303074807809539715e-01,2.533493304562031700e-01,4.150134922938965992e-02,1.636806398588357414e-01,1.579052395074254656e-01,1.928822326940312359e-01,1.253248912175623231e-01,1.159529426748443642e-01,3.311246137222171315e-01,3.461851558422272823e-02,3.758798032571375458e-01,8.969299476392854353e-02,2.129017751210025844e-01,3.553454122281387573e-01,1.525884268716363734e-01,4.422812526617215245e-01,2.238242911632829513e-01,3.414780496620510863e-01,2.546640851165839492e-01,1.464239362718134096e-01,2.421448307493759833e-01,3.803810420816362836e-02,3.999948043680004450e-02,7.735300715393382542e-02,3.005599028399913789e-02,2.611373121042432910e-01,8.607226412085616785e-02,5.099830115433252181e-02,8.214693235384123993e-02,2.765536349255661233e-02,7.106143010605418808e-02,1.892870706754983257e-01,2.198843604842173616e-01,1.385237508150121144e-01,1.491337088346515738e-01,3.202823114257198345e-01,4.490564429715689782e-02,1.643080965527391746e-01,4.903444307682067183e-01,6.080923078107457191e-02,1.032876620151632896e-01,1.702724575588717981e-01,1.111102410649632832e-01,2.479640491949056391e-01,8.396680357949613815e-02,1.934455213742640733e-01,2.693704781850535593e-02,3.147383191701676186e-02,6.213698567807971612e-02,2.031446109670653477e-01,6.833163690151965175e-02,3.869486795829318870e-02,1.202451872324163673e-01,4.385070052795653206e-02,1.723468823022387408e-01,6.443005398942484863e-02,4.260821813241068984e-02,1.466192348209364449e-01,5.822692283877976827e-02,7.262769312583379488e-02,1.317379835585308356e-01,1.124384063624812857e-01,6.472530376355348225e-02,1.848545903287292236e-01,4.306507768727032420e-02,2.084534960615392341e-01,1.399023112918197365e-01,1.631740227148019765e-02,7.700330752634640397e-02,4.011402148661482592e-01,1.337437196831690045e-01,3.054788062266604598e-01,3.676791047465512996e-01,5.867934416359925354e-02,2.168677772630185074e-01,1.131116511786170731e-01,1.627303500667370562e-01,3.534785609507289095e-02,4.993189308181222169e-03,1.844325300661847356e-01,2.193681340112428949e-02,8.946308233541666599e-02,1.649497272152729635e-02,2.056195938668961901e-02,5.251128008728587343e-02
1.575336114320161074e-01,2.206237403375013451e-01,1.290381914644347927e-01,2.164866564554297212e-01,2.326070093906642267e-01,2.055772228655383671e-01,3.000896529403652702e-01,2.321642618531293348e-02,2.346654061761416221e-01,2.623392457304421152e-02,0.000000000000000000e+00,6.060619472045792461e-02,1.775011460533965357e-01,1.489848936878964691e-01,2.233980908987424630e-01,8.635184444703276896e-02,9.853889658459689949e-02,9.439577480052477321e-02,8.007326194361980010e-02,1.751877283074384783e-01,1.252128100971393598e-01,1.106481998770401237e-01,1.192991334824759081e-01,2.955514221884079640e-01,3.274182599242997926e-01,7.224898574458861467e-02,7.649342755682651818e-02,2.375680175363512336e-01,9.361175721066997135e-02,1.668926258891895720e-01,8.150177893203071344e-02,1.395669515934941096e-01,1.507916604758925416e-01,1.465554699753973678e-01,3.228396538867721322e-02,1.788163501695412827e-01,2.308894355997348491e-01,2.552035540290488180e-01,8.491084552656577578e-02,1.893018157384783740e-01,9.866790490471649688e-02,2.048015452157043725e-01,4.118443683268094291e-02,7.824290265618033535e-02,1.796902114482160362e-01,4.980406196518154943e-02,1.791918123529389062e-01,1.050880352941268858e-01,3.473255641412870132e-02,2.233007733052248117e-02,1.116686144335296421e-01,1.136771205998807349e-01,1.577786113680773039e-01,7.584129983305649969e-02,1.401382900260731146e-01,2.198072776645360882e-01,9.603220453585178951e-02,1.475214700107896071e-01,1.605207660029280836e-01,1.143934064370435988e-01,1.710288566533055554e-01,3.031676260048131177e-01,2.448777117486743704e-01,1.599974175870495438e-02,3.377118274951522170e-01,6.440457600219377798e-02,7.818233753382022866e-02,3.267497584531268151e-01,1.663655530135240701e-01,2.490667551827405457e-01,2.053641666566025925e-01,1.467021191004352909e-01,5.631677459119063811e-02,1.539033248699731293e-01,1.482069832637767648e-01,7.677952479908255190e-02,1.036851444879685474e-01,2.650774457903318226e-01,8.923551428485647363e-02,3.065802997683550468e-01,1.990698207285729049e-01,1.113279770592482537e-01,6.976100940043455934e-02,1.697609256248887658e-02,7.371058633722199493e-02,1.745278431143541809e-01,2.780864209021782774e-01,2.176012302321846947e-01,2.066968329186376907e-01,6.922526349242635879e-02,1.858651107309690353e-01,2.622490267797054631e-01,4.416272034668336510e-01,1.073085137623251695e-02,1.254084044317322066e-01,3.875068083935339081e-01,2.596307267229242544e-01,4.592749541170302319e-01,6.976146663713111984e-02,6.865671006007494082e-02,8.839243012683294098e-02,5.104630248409702808e-02,2.789063074375684459e-01,1.384041736793817368e-01,9.457551511358518181e-02,7.727718342762487924e-02,8.281088927290698731e-02,8.522913342445834206e-02,1.144367389777186661e-01,3.812593189783583525e-02,6.450210834928937764e-02,8.803807939651511760e-02,6.620964153197185509e-02,1.809810397380701430e-01,9.154170710967528268e-02,7.833305819808748793e-02,7.538265910476707465e-02,9.130161928925649428e-03,2.804470869385844792e-02,1.139646447210892338e-02,8.724149894587328313e-02,4.190950656937431074e-02,9.168554942214399150e-02,1.698420432623498344e-01,1.966128092277731609e-01,5.233587884609980367e-02,3.392975845256158696e-01,1.531839837696035711e-01,1.274002471218404486e-01,2.207761670343988056e-02,1.799187397014997622e-02,2.932917602068761675e-02,2.570574293818065834e-02,4.352674624690283656e-02,7.892450424171397472e-02,3.937757430648418377e-02,3.424753726523160208e-02,9.135103376314017420e-02,8.257598068768709151e-03
