0.000000000000000000e+00,3.549365674190720771e-02,1.526998426892209500e-02,2.662478175440156913e-02,1.417070252595770564e-03,7.066179988741918758e-03,1.408999947860044982e-02,6.091142319794445609e-04,4.150552227536061451e-04,1.208543982464769118e-03,9.383756788623988853e-04,1.335079605441269251e-03,2.731642160279246635e-04,2.556602309341096733e-04,1.805426655841471304e-04,3.946765956174713599e-04,6.194128291372314864e-04,2.348492602057391989e-03,7.694211072807434840e-04,1.929417797039580497e-04,3.027996889254393025e-03,1.456466407086562170e-03,2.128424268581181943e-04,2.820917731558709703e-04,9.323979590697645346e-04,4.142777359554250245e-04,1.135245472848189210e-03,1.060197182459031743e-03,3.501911576046257482e-03,4.118266888845275794e-03,2.608709199631172124e-03,2.235234171782378258e-03,1.856840435191517381e-03,6.265080977822060646e-04,3.705068899895683633e-04,3.295392911898036644e-04,7.333488850603887875e-04,3.161249488816612711e-04,5.691386947113255329e-04,2.528432114618794110e-04,3.439745960700866102e-04,1.890784312128010892e-03,2.077884450222486086e-04,1.727842503466890352e-04,1.418566539922755387e-03,8.920838448574142836e-04,1.318511434325723031e-03,2.398371907027008459e-03,1.481090130424732006e-03,2.828554976874575856e-04,1.157515682113393132e-03,1.185772659563857174e-03,9.912702795025398611e-04,9.061201273392965015e-04,4.987423603564193359e-04,1.354573074370535963e-03,9.231407441597256226e-04,1.778859276674738497e-03,4.298531161793861044e-04,1.725391201831616634e-04,6.932857051255580678e-04,1.129671026689990556e-03,6.340674491336159178e-04,6.728577696764616832e-04,2.929641789911471925e-03,1.558463412702903051e-03,3.408157289940380499e-04,8.326728415850845116e-04,9.948166321317548563e-04,7.003412663373788502e-04,4.474589067084981837e-04
3.549365674190720771e-02,0.000000000000000000e+00,1.776033951945809458e-02,6.344586293756310225e-02,5.285569855856300098e-02,1.845059738804746483e-02,1.823261064888061916e-02,4.522100722045124463e-03,1.703029287463936553e-03,6.751553968968039251e-04,1.388843909355118181e-03,2.246025192578710375e-03,1.660496634399363791e-03,1.984198080387930205e-03,5.414812340498912453e-04,1.164146350605637205e-03,9.640889603875938763e-04,1.940105441277326223e-03,1.256164961312378160e-03,1.152327478871572903e-03,1.933967073480580105e-03,9.338878859052335019e-04,7.880302513342741415e-04,3.573292273586092414e-04,1.127008104741101299e-03,7.235763445064044954e-04,1.455046689979332336e-03,1.144070277459589228e-03,4.544028260934108825e-03,4.470544900972606324e-03,1.307769865422033374e-03,1.343236325953563225e-03,2.015245718517480467e-03,6.560565359406111399e-04,1.792334775150137031e-03,2.361676468790228911e-03,6.281252258480115105e-04,4.364915853645551192e-04,3.018759550299947628e-04,6.456289136333388844e-04,4.115174010139399608e-04,1.323582576285462940e-03,3.804177672500105140e-04,2.189938648453936595e-03,7.028686306171930609e-04,1.078169594106449499e-03,5.917962815604813206e-04,9.636079943467341881e-04,9.679558798242911656e-04,4.919998803262428007e-04,9.483931955856927812e-04,3.187117747831054622e-03,1.218516147209428892e-03,1.286182630900636285e-03,1.638026988502408346e-04,6.816341418753973621e-04,5.666000684005133379e-04,9.176261369916967944e-04,7.753258029064896608e-04,7.789953708073732962e-04,1.132408439647515988e-03,5.052780137141852333e-04,3.128848900980815933e-04,5.006033799044784993e-04,2.343418351339914951e-03,1.752845848723893303e-03,4.492077995229839756e-04,7.407916629150153916e-04,3.437403372504788308e-04,3.721506664766185426e-04,5.073298616546395058e-04
1.526998426892209500e-02,1.776033951945809458e-02,0.000000000000000000e+00,1.413598656870675985e-01,1.018542527402302167e-01,3.188989589844597183e-02,8.180218050923926051e-03,4.999977788199076387e-03,5.812201917412616707e-03,1.229728860149109084e-03,5.979470732358345593e-03,2.712786934702217118e-03,3.316276000827812157e-03,1.518400582305816241e-03,5.401663847316780665e-04,2.764445831942041222e-03,1.463092292198493304e-03,1.623331869276493662e-03,1.274297065378409257e-03,5.589059126167048117e-04,1.876783012295893177e-03,1.472358215846941015e-03,2.325401087456355036e-03,1.128226830924234769e-03,5.099233426921670866e-04,2.491548409104419291e-03,1.922816180699140265e-03,9.095085945857449587e-04,3.544834680683259936e-03,5.708666596054329419e-03,2.805119060957936197e-03,3.985050049057970757e-04,4.141115900537395422e-03,1.182098102591396666e-03,2.311984843501091241e-04,3.073485249037597334e-03,1.306023477871806268e-03,2.963636634113257198e-04,5.392923957177620789e-04,9.217364393235594503e-04,9.425770422744547683e-04,1.629049258224198515e-04,1.318505728188222158e-03,5.696676176834881717e-04,2.258563843654418459e-04,1.201822021012564912e-03,8.441334831818798727e-04,8.524120541326353148e-04,1.560343213211021164e-03,1.396270411847175090e-03,2.935015645712592356e-03,1.972432502055882636e-03,2.800294192422560138e-03,3.235400239910390420e-03,8.343199515152388123e-04,5.216631304740239339e-03,1.714562034840414395e-03,8.793133998035822241e-04,1.875141400706788045e-04,1.397848337919724033e-03,1.399199136485472289e-03,3.837554397939427903e-03,9.560412953425201105e-04,6.482556496020798432e-04,3.985010905839037228e-03,7.899795770544846066e-04,1.422550356765175798e-04,4.711500204279484906e-04,3.436842374378147147e-04,2.336588694936042859e-03,2.408425088501733348e-03
2.662478175440156913e-02,6.344586293756310225e-02,1.413598656870675985e-01,0.000000000000000000e+00,5.977339910484055080e-02,3.045730037302729967e-02,3.470692344610575020e-02,9.725645183114356787e-03,8.623301622807191119e-03,1.267936693703269196e-03,5.663430592248440941e-03,2.876594410069748670e-03,2.446728329025515177e-03,9.754980699055264531e-04,7.405372001424969644e-04,1.060617026155181997e-03,4.929366806489615888e-04,3.231328019692495356e-03,5.240738483813556269e-04,3.255697329251874459e-04,4.199977177146128199e-03,1.733164888297279629e-03,8.414843634380370259e-04,1.680577543910462832e-03,1.084025344543063964e-03,6.705859671768762574e-04,2.475249062365711340e-04,2.807103631865231607e-04,2.689718438778433522e-03,2.701876411026121749e-03,4.157640790333505011e-04,1.379311967159544978e-03,1.067810395658613061e-03,5.873530142967433535e-04,4.147939371315982854e-04,7.085104345287744848e-04,6.420334123777235186e-04,2.534225281024822529e-03,2.493663201243271634e-04,9.452566297833892885e-04,5.891443035886093256e-04,7.434155736208735484e-04,7.048766551621158619e-04,1.027696774707130513e-03,3.516383517724425926e-04,2.790942696230755589e-03,2.127736486923776770e-03,2.201904319616601439e-04,2.445210703057547688e-03,7.934126703958088115e-04,3.775202113304876404e-03,1.918455302085881600e-03,2.563953429775194925e-03,5.853088646869800994e-04,2.540462929763412803e-04,4.034777110781248566e-03,9.381829518130322234e-04,8.510253912798001639e-04,6.077642008656936566e-04,1.561754059620196200e-03,1.902943827490641802e-03,1.164005699040202100e-03,4.076226833575434007e-03,2.116171641715415205e-03,4.835413270004559720e-03,2.539818715385480565e-03,1.608840088381986244e-03,1.634842327274329014e-03,2.975248719252424762e-03,7.854834293094741611e-04,3.735391329849114834e-04
1.417070252595770564e-03,5.285569855856300098e-02,1.018542527402302167e-01,5.977339910484055080e-02,0.000000000000000000e+00,3.788181678059651669e-02,2.843897304963892425e-02,4.015775726764033576e-02,3.570078467169293234e-03,1.860587695683606213e-02,9.068172418726306444e-03,3.939514435349348448e-03,1.169394525919571250e-02,2.777427216992468979e-03,1.091841569604919517e-03,4.342564809616270005e-03,9.200669202171361978e-04,1.203116217618757167e-03,2.175109699383832688e-03,3.843522128375210459e-03,1.117626579141286179e-03,4.904047122219103031e-04,3.743453243669639038e-03,1.179781229435624768e-03,5.921974271440894489e-04,6.064289675721287569e-04,1.071607385097361146e-03,1.298634060190553613e-03,2.719957844278238310e-03,4.910491696688936043e-03,3.313997863487982889e-03,6.461788637091005162e-04,4.709323792373066968e-03,5.129280948493564023e-04,4.410534013704555420e-04,2.927254766404257559e-03,6.529000792568016289e-04,1.208513592550818127e-03,1.260285649829269048e-04,6.396189809509296442e-04,2.082287363022399082e-04,1.493972121230491019e-03,5.190448945424718614e-04,9.056741952100382138e-04,1.430922649135068234e-03,4.116231497972274236e-04,5.809615187725350851e-04,7.671947210772547777e-04,4.482211207343667352e-04,1.034260119716232324e-03,1.160836966218632606e-03,2.155580634695524692e-03,3.487775418169952800e-04,1.893370880591712518e-03,2.644251128760122921e-04,7.730324991128481593e-04,3.533807567151788344e-04,7.821715852215756432e-04,8.107376711732437865e-04,2.190293843275960620e-03,1.517892310093807255e-03,2.394019742616605630e-03,9.234363036765691609e-04,2.350229891349109659e-03,6.475938078734070139e-03,8.529815003592983169e-04,2.691881618203947695e-04,4.348223123096188860e-04,1.107653552804294637e-03,9.322221151085084657e-04,9.292189301422463122e-04
7.066179988741918758e-03,1.845059738804746483e-02,3.188989589844597183e-02,3.045730037302729967e-02,3.788181678059651669e-02,0.000000000000000000e+00,5.420017096741044232e-02,3.004479725927238290e-02,4.191425864216193758e-03,4.744864358383869135e-03,2.868661967642602284e-02,5.859710794139051139e-03,5.813529723579802418e-03,1.309117169317226739e-03,1.276347907236103025e-03,9.443097900281079843e-04,6.980000942357207335e-04,4.128698607800839371e-04,6.356757850776458387e-04,2.302166449630983942e-03,7.072686063778869676e-04,2.036257334055176834e-03,9.895569186587904742e-04,1.719473383500974908e-03,3.247445882661671897e-03,3.885498993329180553e-04,3.396797278346848619e-03,4.780272315629051989e-04,6.180367755475722107e-04,4.907512905413056320e-03,2.027053352633781998e-03,5.504594773973975862e-03,1.282722003834027959e-03,5.552575989376524850e-03,5.614722300588820270e-03,1.453498849046165955e-03,6.510732553497145230e-04,8.339261555214534877e-04,5.124856799693528744e-04,2.121822223032939977e-03,7.135307904025113253e-04,2.091133314588788461e-04,4.407237580434871004e-04,5.872458397455292091e-04,5.041158429782936897e-04,5.429474859513699903e-03,3.445223235978581589e-03,3.600892711212913934e-04,2.615408796718539613e-04,1.142255606733658547e-03,1.784683695943441997e-03,4.837919336086307968e-04,3.542803048706569887e-04,3.561606400497739828e-04,3.714723471270657226e-04,8.628037585579614388e-04,4.104646073101426377e-04,6.536777969577845654e-04,6.806473669818860050e-04,8.239453817284630478e-04,9.961210645705877945e-04,1.624727044729884582e-03,1.984118510025219100e-03,4.577858867023190843e-03,6.198325832690866968e-03,1.918422811851587832e-03,3.899307974416868668e-03,5.240861845682364718e-03,1.792637618387047218e-03,6.209381488513614905e-04,6.413699969908357324e-04
1.408999947860044982e-02,1.823261064888061916e-02,8.180218050923926051e-03,3.470692344610575020e-02,2.843897304963892425e-02,5.420017096741044232e-02,0.000000000000000000e+00,1.602488445982060972e-01,1.077635544351962793e-01,5.665006336739590587e-02,3.028850595900355394e-02,8.107969597187207264e-03,2.119660866011835801e-03,6.017454702045101078e-03,1.389895572656612167e-03,1.459617176456004615e-03,1.958010775079651981e-03,2.155590777956262107e-03,9.683783196255110531e-04,8.228146965293668983e-04,2.049649070652853535e-03,4.248953264175789508e-03,1.189166686810345323e-03,1.671706019395498462e-03,6.392368194961644537e-04,2.186860054318261366e-03,2.257142402923416596e-03,1.391166000090683858e-03,3.715067667124032948e-03,5.321258523540993261e-03,5.364592165430108256e-04,4.855859517409080554e-04,1.242212571059321275e-03,2.038402584149902851e-03,2.794731055295022852e-03,1.316942700253965039e-03,5.475551396957269081e-04,4.119154485521287976e-03,5.539015266583459298e-04,9.491722583226589165e-04,3.219559205012624699e-04,4.202495972076802618e-04,8.389824020552442930e-04,3.766448123536273265e-04,6.093911686509688756e-04,7.081757395259642013e-03,4.458248124100685182e-03,1.172067690620101415e-03,1.396016536487299821e-03,1.430414386560502869e-03,3.626274600797332534e-03,1.586971732659986454e-03,1.782652602941972900e-04,1.676081099761144930e-03,1.047231330784776987e-03,1.839709018923011297e-03,1.186050011379323607e-03,1.584534399237937053e-04,2.544664462747621338e-03,1.137729758552073669e-03,1.002806841944027701e-03,1.762720742260385706e-03,8.748282391271223341e-03,1.029977360410997203e-02,5.855518837342848365e-03,1.143522788837423232e-03,5.261073486825908370e-03,2.862189466660982652e-03,3.602088137585820159e-03,9.408311857083317877e-04,8.941096728773265849e-04
6.091142319794445609e-04,4.522100722045124463e-03,4.999977788199076387e-03,9.725645183114356787e-03,4.015775726764033576e-02,3.004479725927238290e-02,1.602488445982060972e-01,0.000000000000000000e+00,6.748506602741714822e-02,1.054008775878076225e-02,2.661917527461532540e-02,1.315371612873749915e-02,5.316122249297742554e-03,6.170558700658463139e-03,3.209380587030838394e-03,1.319366365819218652e-03,2.344394269913981869e-03,2.853279618456291728e-04,3.737106602673117596e-03,5.525899952508373306e-03,1.903317387704063588e-03,1.167411776949844708e-02,1.915626111530496561e-03,3.211636963482992525e-03,6.884854589365795030e-03,3.407218488661212241e-03,1.975160175358875534e-03,2.500435547495247560e-03,5.757413790080479843e-04,1.222716485275856385e-03,1.000400823479971309e-03,2.789941250820882068e-03,2.461398068686436371e-03,7.115457282923803688e-03,5.519807116608760680e-03,5.586051273788048737e-04,2.606344413471468890e-03,5.581552611566379177e-03,1.014819474774753937e-03,5.529802811161139021e-04,1.044326044101344256e-03,3.567308136855286589e-04,5.924318174873225524e-04,7.245949894460591107e-04,2.549257453419686431e-03,4.133746870334480475e-03,1.361304582578003446e-03,7.296954943596320464e-04,9.250198190186840509e-04,2.020282729650456517e-04,3.794665639539734339e-04,8.946073326759600847e-04,3.318354532573572079e-04,4.055482387269928810e-03,3.015880204214797713e-03,4.272809669795741465e-04,7.071233363619221224e-03,9.994811078503512431e-04,7.757844490409415402e-04,2.149576965117523924e-03,2.376869190318696336e-03,9.206692205726851614e-04,4.391312353304701981e-03,8.264941712066632695e-03,6.064758796140190186e-03,5.555090415038024939e-04,2.465244790391394377e-03,3.553592722538267881e-03,8.685774140716815209e-03,7.318153755142170784e-04,6.304140094430231173e-04
4.150552227536061451e-04,1.703029287463936553e-03,5.812201917412616707e-03,8.623301622807191119e-03,3.570078467169293234e-03,4.191425864216193758e-03,1.077635544351962793e-01,6.748506602741714822e-02,0.000000000000000000e+00,5.079539634365948242e-02,1.410301320000090508e-01,5.557385443930105279e-02,1.137765066817361496e-02,3.116593497172201813e-03,2.659585146811834291e-03,4.010424232381098152e-03,3.797056029683712561e-03,1.694194009239567656e-03,3.176340322643886587e-04,6.111882161748359403e-03,7.032329845008450288e-04,9.198388408059901891e-03,8.496410804118358084e-03,2.179386534018731749e-03,8.204583756470811007e-03,2.264700721839343585e-04,8.137141201497931700e-03,2.327337899339773728e-03,1.102470914944670083e-03,6.816467157901350514e-03,2.342181714048886896e-03,3.686668323023470535e-03,1.096075671567510327e-03,4.566629287259336978e-03,5.445410775092991880e-03,4.299866159703319098e-04,4.363904653753049138e-03,1.233363149594818861e-03,2.443706133991659806e-04,2.354263402820199174e-03,3.747841580124352981e-04,2.221799686224226744e-03,7.454934310903067480e-04,2.205364274260066936e-03,2.919024681357341739e-03,3.539050879051285504e-03,6.200614874421656736e-03,1.194432948205042524e-03,4.506037799780053554e-04,1.004274312198276007e-03,3.268759330130286377e-03,8.523675270523968766e-04,4.776519456452898819e-04,4.536085377804850586e-04,2.768395808448488051e-04,5.394874005325441500e-04,5.137692497444771265e-04,3.245844854960261883e-04,2.612572104034501137e-03,3.364433023073916482e-03,2.848993385132024114e-04,2.796864397329511340e-03,6.651526918755163581e-03,1.361110322629944906e-02,8.647167453608052903e-03,1.831009113814103303e-03,5.732843423301389220e-03,2.718357414653665375e-03,4.222971816192924721e-03,3.632811481230267770e-04,2.701609720504112751e-04
1.208543982464769118e-03,6.751553968968039251e-04,1.229728860149109084e-03,1.267936693703269196e-03,1.860587695683606213e-02,4.744864358383869135e-03,5.665006336739590587e-02,1.054008775878076225e-02,5.079539634365948242e-02,0.000000000000000000e+00,3.868499002507566620e-02,3.560391421437483078e-02,1.537066962563091860e-02,3.126958839500312577e-03,3.926560435308719572e-03,1.014492238870788772e-02,1.127566787460718145e-03,6.241093169982568460e-03,2.069508180273626173e-03,9.446833313536687898e-03,2.017073104727121809e-03,1.429397561145946162e-02,7.546250823395135934e-03,7.457934242976802137e-03,7.594859259652030591e-03,3.306591592948276634e-03,1.406052922702567300e-02,2.656145362906210672e-03,3.639338081661268234e-03,4.136516755588516905e-03,2.943194967347557305e-04,9.299997912652319771e-04,6.846377102461855251e-04,4.457546268058659202e-03,4.533188314480071819e-03,6.939201602951175626e-04,1.599191514516311091e-03,5.609441980885516640e-03,2.608907112671522439e-03,2.833413250383702824e-03,4.032115098602802967e-04,2.715394745855996203e-03,1.021692032321703950e-03,1.907474524276171019e-03,7.337396197803229460e-04,3.983538388216247353e-03,6.391994967720194794e-04,2.365727361091465896e-04,3.182279208433378727e-03,5.725749068951266601e-04,1.486567616412938107e-03,1.417253750309410134e-03,7.725940873451887358e-04,8.837446778402379549e-03,1.444907486226145333e-03,5.328059197344802182e-04,3.074556540344073295e-03,1.293558784091736191e-03,1.010053608268824104e-03,1.158095996038396988e-03,3.806168630238034901e-03,3.108273914698347819e-03,4.623783171596343271e-03,8.193132036612394212e-03,4.744674760614731729e-03,1.463149817905360153e-03,2.763835435955150962e-03,2.171539955113505754e-03,4.339484056955076295e-03,7.034566429650545519e-04,2.024200537178139515e-03
9.383756788623988853e-04,1.388843909355118181e-03,5.979470732358345593e-03,5.663430592248440941e-03,9.068172418726306444e-03,2.868661967642602284e-02,3.028850595900355394e-02,2.661917527461532540e-02,1.410301320000090508e-01,3.868499002507566620e-02,0.000000000000000000e+00,1.327056332254997195e-02,5.310158860565714761e-03,6.024445941258914361e-03,5.070644141124945083e-03,6.359524180116813037e-03,8.364904881313117366e-03,3.449474322143284821e-03,1.031884589212232447e-03,1.407672427260354270e-02,4.098862336753940697e-03,6.160131224320613413e-03,6.189851707788715345e-03,7.275097279225098239e-03,6.086289269375154930e-03,9.621469964039739645e-04,1.667464664950481582e-02,3.065247377171456504e-03,3.331301562678982021e-03,1.129626208004054500e-02,1.648468702615371205e-03,1.537608557143009449e-03,2.499209237789123093e-03,2.825864461982699471e-03,4.912636889175422267e-03,6.492425142082890828e-04,3.938414314907824100e-03,2.035774065252094270e-03,2.863770969597951698e-03,1.961956802257977008e-03,8.416054272201655383e-04,4.297507207643582556e-04,4.278797558796706372e-04,1.774517584104905914e-03,4.108326020735420902e-04,5.930927338903843257e-03,1.107365954805489359e-03,4.893341656486572405e-04,2.491556373357794573e-03,5.978171217884100308e-04,1.231002594577028375e-03,8.779891061206441995e-04,4.696787227235148894e-04,2.187195622113842931e-03,3.336552242274680035e-04,2.910025154268679106e-04,1.270397213623314283e-03,7.814127932441987260e-04,2.072464489248250410e-03,3.485915005883239229e-04,6.130253948355185618e-04,1.071188782699401430e-03,2.365554328263656456e-03,7.301670426810371456e-03,6.225912772241100172e-03,1.004608007113083059e-03,1.709257768943711056e-03,8.296036360374595088e-04,2.590868048857570844e-03,3.062940425724217488e-04,6.538608393135240948e-04
1.335079605441269251e-03,2.246025192578710375e-03,2.712786934702217118e-03,2.876594410069748670e-03,3.939514435349348448e-03,5.859710794139051139e-03,8.107969597187207264e-03,1.315371612873749915e-02,5.557385443930105279e-02,3.560391421437483078e-02,1.327056332254997195e-02,0.000000000000000000e+00,2.310622382568391225e-02,1.971135294630347798e-02,7.829973281023135806e-03,9.884973053503392712e-03,4.303189637410822707e-03,6.652744520367082255e-03,1.072980184485166147e-02,1.967870730738898594e-02,9.644449479320027063e-04,9.185409289166212091e-03,1.817999392887853852e-02,5.962993564898869635e-03,1.140022235263274397e-02,3.869637926240102510e-04,2.224294997907604737e-02,2.765879121126638401e-03,4.455665746076135046e-03,4.608416048348346755e-03,1.199142271080208023e-03,4.782216599881319364e-04,1.376481739642704868e-03,2.873834040159597460e-03,1.449213370223102586e-03,1.543554526024921959e-04,2.911978244542058440e-03,1.595541678831267690e-03,3.891127124894262768e-03,1.482635502737440596e-03,1.388184173771814418e-03,6.637348430581943527e-04,3.022295599131328246e-03,5.656067570686945916e-04,6.751299881181966472e-04,1.893369209383764015e-03,1.928227244038064952e-03,1.332002541097918741e-03,6.462524745612104700e-04,1.144166710925065625e-03,3.543087909321601084e-04,6.910809740121356525e-04,1.734702070879752447e-03,2.103832568321447986e-03,1.111077725102839345e-03,2.547557249795161542e-04,4.635267735256758787e-04,1.550803965724591562e-03,4.712741710918068338e-04,3.073362832319472947e-03,2.434691276509962175e-03,7.239522441470642999e-03,8.020218958463007711e-03,7.547515218641900892e-03,8.168172141014107962e-03,1.005361675548791358e-03,1.538311353346635910e-03,1.072238891176441984e-03,1.105541855484002030e-03,9.738282298847075573e-04,1.795311273876820700e-03
2.731642160279246635e-04,1.660496634399363791e-03,3.316276000827812157e-03,2.446728329025515177e-03,1.169394525919571250e-02,5.813529723579802418e-03,2.119660866011835801e-03,5.316122249297742554e-03,1.137765066817361496e-02,1.537066962563091860e-02,5.310158860565714761e-03,2.310622382568391225e-02,0.000000000000000000e+00,7.879066497404632607e-02,4.611665479867972650e-02,8.537808070942859429e-02,7.179574344557148637e-03,1.360546153136889605e-02,5.580582989208003608e-02,3.694358533706022796e-02,1.148425480055634620e-02,6.122902376439861433e-03,5.147992503308229661e-02,6.017164458236310201e-03,3.321824136983106412e-02,1.374849719770031113e-02,3.157347871751534779e-02,1.715946592352868630e-02,1.966482650829538999e-03,4.778200213671075433e-03,2.213470404365124652e-03,9.340494588543633066e-04,1.112430818524509212e-03,4.374404705790774814e-04,9.231689432440529954e-04,3.325228369233881485e-04,3.082582236061252520e-03,1.552465570013429087e-03,6.599724108641132287e-04,3.389472917120672953e-04,6.794879037117806421e-04,8.022887652145368770e-04,3.495323613024134976e-04,1.391875023636184689e-03,2.669458077909577540e-04,4.092426656305141771e-04,5.431957791226120274e-04,6.974931236710247943e-04,1.022661662228023516e-03,1.261901435675291151e-03,2.051594363572323623e-04,2.889752015306738288e-03,2.599537395050911543e-03,4.737628493324315556e-04,6.705384210983895933e-04,1.238850195823358938e-03,4.161093730241564523e-03,6.876010040753850272e-04,2.207263146280252775e-03,8.425366440468481238e-03,9.509042455865187064e-04,1.067720235292036676e-02,4.892741871954616947e-03,1.275645863785751510e-02,9.643037639655259452e-03,2.882914947278613933e-03,6.590571569924396668e-04,2.331172895558686949e-03,3.187243677551453939e-03,5.572104500051702769e-03,5.675153139935850723e-03
2.556602309341096733e-04,1.984198080387930205e-03,1.518400582305816241e-03,9.754980699055264531e-04,2.777427216992468979e-03,1.309117169317226739e-03,6.017454702045101078e-03,6.170558700658463139e-03,3.116593497172201813e-03,3.126958839500312577e-03,6.024445941258914361e-03,1.971135294630347798e-02,7.879066497404632607e-02,0.000000000000000000e+00,2.643391799319240801e-02,2.203723993575416873e-02,2.509630858949020438e-02,6.300612940548977470e-02,4.478799517604183794e-02,5.787457315737644381e-02,1.331610753208324061e-01,1.136873882914828798e-01,1.319468038180052760e-01,5.206118244698167835e-02,1.351675201253426384e-01,2.601642834512213689e-02,1.135748214413385832e-01,3.397316085199159064e-02,6.272542417532325429e-03,2.596262081542985087e-02,3.526653055000832700e-03,5.777591214423954610e-03,4.599433532100355090e-03,3.482051816236420797e-03,4.196845776147836368e-03,2.546706557579502244e-03,1.447756725901454440e-02,4.864937700657628872e-03,1.295263717412868665e-02,8.421241080412098304e-03,1.516445693320890749e-02,2.537201606216877691e-03,1.165846885728077063e-02,2.805673031753273469e-03,1.303494473236429521e-03,9.492864495605414944e-04,1.609625197628833382e-03,6.122323949698243051e-04,9.622204836401469872e-04,3.109877730716080675e-04,5.552552471781265408e-04,1.040385577167752835e-03,1.120689340156729927e-02,6.579042318525039033e-03,2.529870519363926901e-03,1.781159062778234691e-03,1.053746660818580998e-03,4.097094349474608016e-03,1.640774060290612138e-03,1.492460731335106677e-02,2.625047839675118642e-03,3.242378408204671381e-02,3.643545616773725265e-02,5.863356772475340761e-02,5.659271865196350421e-02,1.360004243795297045e-03,2.040302349674873519e-02,6.921457472214348136e-03,1.086859351223927635e-02,2.477037189586794690e-03,4.225111647308481375e-04
1.805426655841471304e-04,5.414812340498912453e-04,5.401663847316780665e-04,7.405372001424969644e-04,1.091841569604919517e-03,1.276347907236103025e-03,1.389895572656612167e-03,3.209380587030838394e-03,2.659585146811834291e-03,3.926560435308719572e-03,5.070644141124945083e-03,7.829973281023135806e-03,4.611665479867972650e-02,2.643391799319240801e-02,0.000000000000000000e+00,7.726307879826790383e-03,6.289034628871361873e-03,1.980819436295272740e-01,3.181743270791555223e-02,6.411874883096514710e-02,1.162794220441085991e-01,1.177332264334201711e-01,8.307936902023689563e-02,7.772968565975854616e-03,1.884020774312593627e-01,3.689697219375825954e-02,2.441284009427104745e-02,1.125459311311898664e-02,1.328763140016650177e-02,3.478655975874845110e-03,4.450246405578002322e-03,1.991602540990962053e-02,2.158569276664087412e-03,5.682790204544723237e-03,6.064609487779691957e-03,3.365341542489446586e-03,8.203070762845304092e-03,1.051125838361500857e-03,1.041246570012799126e-03,4.486498487888103620e-04,2.995119261714600158e-03,8.550867343330865664e-03,7.635006397030195784e-04,2.878756850876929355e-03,8.186373536341254656e-03,8.615155998280315175e-04,3.457885544817179495e-04,1.108811279322190896e-02,2.573266905087862565e-03,2.083427665447469806e-03,1.524042064547937933e-03,9.662673880045515723e-03,1.935944107227130159e-02,5.774545261741166786e-03,6.695402385498453943e-03,1.117067728366271696e-02,2.483049214476976303e-03,1.057441323569728760e-02,7.368033417173243177e-04,9.862960948518944421e-03,9.285638358183490818e-04,1.414129657002468352e-03,6.320719053725555939e-03,3.324503871604726768e-02,2.204170678565176705e-02,2.842764269363555127e-03,1.238030981149598059e-02,5.071084090979138294e-03,1.939428788273084812e-03,2.361523278857804390e-03,5.987267359227259160e-04
3.946765956174713599e-04,1.164146350605637205e-03,2.764445831942041222e-03,1.060617026155181997e-03,4.342564809616270005e-03,9.443097900281079843e-04,1.459617176456004615e-03,1.319366365819218652e-03,4.010424232381098152e-03,1.014492238870788772e-02,6.359524180116813037e-03,9.884973053503392712e-03,8.537808070942859429e-02,2.203723993575416873e-02,7.726307879826790383e-03,0.000000000000000000e+00,1.594542672378419235e-01,1.347266309744851731e-01,8.194627190184966548e-02,1.129262385286254333e-01,1.681519944040248127e-01,3.644926968160634023e-02,6.375734071761809951e-02,6.235416870563560698e-02,1.097407229887967239e-01,5.664597645716359930e-02,4.280515587561386365e-02,3.639826192120291376e-02,1.278266278932604569e-03,7.312043169838046246e-03,5.622174126426362183e-03,7.110127491350000557e-03,8.539590568719978344e-04,2.864004498661034195e-03,7.591066854274713515e-04,2.498724489841413869e-03,3.213680750000855700e-03,5.757394778754125518e-04,2.802386665010865412e-03,6.556897875043068719e-04,7.653893536721851146e-03,1.021012155723497860e-03,3.663122369244087989e-03,3.931484406145741885e-04,3.797994627321125451e-03,8.549840895518047044e-04,3.062103661245927418e-03,5.288759876452217307e-04,1.260615190053049339e-03,1.316656507109747239e-03,6.096439385064180783e-04,1.813238324283270378e-03,6.482578115151586308e-03,4.072389568847799637e-03,3.371133178455028214e-03,1.449888644410519175e-03,7.293628169416787807e-03,1.030918686521218632e-02,1.074885110657396517e-02,4.485588189113216828e-03,1.327800507844300801e-02,1.113710757808104510e-02,4.116040310830512867e-03,1.206048242854580732e-02,2.504032404344627358e-02,3.352397468840275646e-03,9.353491660864359999e-03,2.831339442996053894e-03,9.466027983006001373e-03,5.541100368920605194e-03,1.989823059880014081e-03
6.194128291372314864e-04,9.640889603875938763e-04,1.463092292198493304e-03,4.929366806489615888e-04,9.200669202171361978e-04,6.980000942357207335e-04,1.958010775079651981e-03,2.344394269913981869e-03,3.797056029683712561e-03,1.127566787460718145e-03,8.364904881313117366e-03,4.303189637410822707e-03,7.179574344557148637e-03,2.509630858949020438e-02,6.289034628871361873e-03,1.594542672378419235e-01,0.000000000000000000e+00,2.278991527871707112e-01,2.419967576296551681e-01,1.907308677328801716e-01,2.492932542723545475e-01,1.581227599713737053e-01,3.276327526349198660e-01,1.444005351481572330e-01,2.281812168561675180e-01,7.650326889261467589e-02,2.269262407967874151e-01,8.834356129013394565e-02,2.959460033365965068e-02,6.874994212045304476e-02,1.875140277090448990e-02,2.522578936897674172e-03,1.902487297051949633e-02,8.092516035182361267e-04,3.202713954983297997e-03,1.824042336727643709e-03,9.420657270015602575e-03,5.632870921472759099e-03,1.500217590657475057e-02,9.640674402493441472e-03,1.698976035233927540e-02,6.366769726941272356e-03,1.637102862797171210e-02,2.804738774416796945e-03,6.382195129418431929e-03,5.556734256507311507e-04,2.039135232049430532e-03,9.455704469396295810e-04,9.092130013356593092e-04,1.407019321953450900e-03,3.875261654008425611e-04,4.083028305422634931e-03,1.879893345545597533e-02,8.809116249740650550e-03,7.961792306256676791e-03,4.937977817006565344e-03,5.205876763053005236e-03,1.315238156323659223e-02,5.211910627000302526e-03,3.020540490188967919e-02,6.314539199899836357e-03,4.409003213864944037e-02,4.333562283851391528e-02,7.167337588752860367e-02,8.730765315107717750e-02,3.006461882491372282e-03,2.321241330933816391e-02,7.410224710972491795e-03,1.320760385525951083e-02,3.165287527543031096e-03,2.459260299046737465e-03
2.348492602057391989e-03,1.940105441277326223e-03,1.623331869276493662e-03,3.231328019692495356e-03,1.203116217618757167e-03,4.128698607800839371e-04,2.155590777956262107e-03,2.853279618456291728e-04,1.694194009239567656e-03,6.241093169982568460e-03,3.449474322143284821e-03,6.652744520367082255e-03,1.360546153136889605e-02,6.300612940548977470e-02,1.980819436295272740e-01,1.347266309744851731e-01,2.278991527871707112e-01,0.000000000000000000e+00,3.392179465400637639e-01,2.335692499138286582e-01,5.305154759728025748e-01,3.986446641518751610e-01,2.915186045230400702e-01,2.464913168661414522e-01,4.703977582089440279e-01,2.050283479054174907e-01,1.018888886360870966e-01,5.375439688152309353e-02,3.061360560004795783e-02,2.843126177536610052e-02,3.754984010435790526e-03,9.304603059156981229e-03,7.210158890930295182e-03,8.845937824841701566e-04,1.743611364062795481e-03,2.812796278709342717e-03,1.061952600169123071e-03,9.505176504480909033e-03,2.063011631961388093e-02,3.988080984877214255e-03,1.019856278626749034e-03,1.263877104382989808e-02,3.237740282912817975e-03,8.711749066701504748e-04,2.939845389870290957e-03,3.947868544666577675e-03,1.249192851530915973e-03,3.645450623982627019e-03,1.636744799319292268e-03,1.421976443645167404e-03,1.318610786576712842e-03,2.405321859159931241e-02,1.609368139392616109e-02,1.736503071870041867e-02,2.426860393108424413e-02,6.711711146870391262e-03,2.597610324367060144e-02,1.366945728340409824e-02,3.987857705434402766e-03,4.096768772675978693e-02,1.111432034029240581e-02,1.853161581526888840e-02,1.895979467725553147e-02,4.550469068830864661e-02,5.007505790883955837e-02,7.497392215226695265e-03,2.203606165031989084e-02,1.140914696906100353e-02,5.479685562835129829e-03,1.495304022301235068e-02,1.435272346770976541e-03
7.694211072807434840e-04,1.256164961312378160e-03,1.274297065378409257e-03,5.240738483813556269e-04,2.175109699383832688e-03,6.356757850776458387e-04,9.683783196255110531e-04,3.737106602673117596e-03,3.176340322643886587e-04,2.069508180273626173e-03,1.031884589212232447e-03,1.072980184485166147e-02,5.580582989208003608e-02,4.478799517604183794e-02,3.181743270791555223e-02,8.194627190184966548e-02,2.419967576296551681e-01,3.392179465400637639e-01,0.000000000000000000e+00,3.140602519053745101e-01,5.640150933051746307e-01,3.345390543322007137e-01,4.043059356968615181e-01,4.297827555620309381e-01,2.777691429317745153e-01,3.743095288172190727e-01,1.517510260269459565e-01,1.641222170410377157e-01,4.411306151860874131e-02,4.206007953930083337e-02,4.003802694945594876e-02,1.058109978598637847e-02,1.492084607945505861e-02,4.489639301839413836e-03,3.190893299328757295e-03,4.209966200778127512e-03,1.595596817523615117e-03,5.343783040927623657e-03,7.067857300943001728e-03,2.480394274852138793e-03,7.224415655720076851e-03,1.162196269100808019e-02,1.766265100977244817e-02,8.143831422073007434e-03,2.793346171070093878e-02,3.264069135054818542e-03,1.817498158381774349e-03,1.604912359650029555e-02,1.078300572566473492e-02,8.522240753207812464e-03,9.548705449791618227e-03,4.759121889431642757e-03,9.106373035191005563e-03,3.468840494351337761e-02,1.979327137680768345e-02,2.212894442467399150e-02,6.618556014788201658e-02,1.728515097831122282e-02,5.839745139984879943e-03,2.960924952735836946e-02,1.813487068066085839e-02,5.726564506909538610e-02,6.103931698293482699e-02,1.478962995917633590e-02,4.256093791149161143e-02,5.138060365857235329e-02,2.266470121517964037e-02,1.458673314900843336e-02,2.257719479017118724e-02,9.984211789002519349e-03,7.531948497293849444e-03
1.929417797039580497e-04,1.152327478871572903e-03,5.589059126167048117e-04,3.255697329251874459e-04,3.843522128375210459e-03,2.302166449630983942e-03,8.228146965293668983e-04,5.525899952508373306e-03,6.111882161748359403e-03,9.446833313536687898e-03,1.407672427260354270e-02,1.967870730738898594e-02,3.694358533706022796e-02,5.787457315737644381e-02,6.411874883096514710e-02,1.129262385286254333e-01,1.907308677328801716e-01,2.335692499138286582e-01,3.140602519053745101e-01,0.000000000000000000e+00,7.315628931977717908e-01,7.122051101959949726e-01,4.406508691632213259e-01,4.270534477498240666e-01,4.317356240605914053e-01,2.799973186868353614e-01,1.704242943793538023e-01,8.584168942489503462e-02,1.901601523998314169e-02,5.091199773304940640e-02,1.768338199506478900e-02,5.141338471860660425e-03,2.193703667938951690e-02,1.831392236791870923e-02,1.925666871265993086e-03,1.191319046625227002e-02,2.227633295394797208e-02,1.796048075970203828e-02,1.644761062437575042e-02,1.131404274188616867e-02,1.914406880315938295e-02,3.839254420780872663e-03,7.835072238599824143e-03,1.545474200377622721e-03,2.160336682150277351e-03,5.029188507325424483e-04,2.663283626579013730e-03,2.780666590727073374e-03,6.979458213900163223e-03,3.766354670413919661e-03,9.250708053060688503e-04,1.074666752794985712e-02,4.426439153841842111e-02,3.652659568545318231e-02,1.280971634618547489e-02,2.991536142283012997e-02,2.903027385661361218e-02,1.729485886060022626e-02,3.928186875811880141e-02,9.130488225731481222e-03,1.540746882305913529e-02,3.914534887301086841e-02,7.812593293512835879e-02,1.318643634727761360e-01,1.048402925179094947e-01,1.392130030353876460e-02,6.934895500314390560e-02,6.866411706262823267e-02,1.737357614535289113e-02,9.803810117707544708e-03,1.228563770351179122e-03
3.027996889254393025e-03,1.933967073480580105e-03,1.876783012295893177e-03,4.199977177146128199e-03,1.117626579141286179e-03,7.072686063778869676e-04,2.049649070652853535e-03,1.903317387704063588e-03,7.032329845008450288e-04,2.017073104727121809e-03,4.098862336753940697e-03,9.644449479320027063e-04,1.148425480055634620e-02,1.331610753208324061e-01,1.162794220441085991e-01,1.681519944040248127e-01,2.492932542723545475e-01,5.305154759728025748e-01,5.640150933051746307e-01,7.315628931977717908e-01,0.000000000000000000e+00,5.668118459485858018e-01,5.033277865981989896e-01,3.178991764234387341e-01,2.704587853650409768e-01,4.337576347231730245e-01,1.773936392821655883e-01,1.875143735445674309e-01,2.500264668646037108e-02,5.074472353925373047e-02,2.665551320457501885e-02,2.201627697954040754e-03,1.125125572517583425e-02,2.611449670815249244e-02,2.210560150477827984e-03,1.367629432720965377e-02,9.410330689267576779e-03,3.740602293857370197e-02,5.243934576505723116e-02,1.340602290737857166e-02,1.810113275539648389e-02,1.517246971463983261e-02,3.175699858507379479e-03,1.219848015271239724e-03,1.910180808867440946e-03,1.872183319225654294e-03,4.551125804154745012e-03,1.061647444719829953e-03,2.473482540389809661e-03,2.875941854756295605e-03,3.804887007890270754e-03,6.149438388210891511e-03,9.502773132836086697e-03,4.095165248783588091e-02,1.438655336460813519e-02,1.531909645516587107e-02,5.672419766590974799e-02,1.766160614523790834e-02,1.003996770648267478e-02,4.539367089762717106e-02,1.468306190699791153e-02,4.620736293835081554e-02,5.590509564163029937e-02,3.881127567399864087e-02,3.431646630562601441e-02,2.952357938862203157e-02,6.304342847317466469e-02,2.050577187424534875e-02,9.895767248773917890e-03,5.107230459432710555e-03,5.147144352790064721e-03
1.456466407086562170e-03,9.338878859052335019e-04,1.472358215846941015e-03,1.733164888297279629e-03,4.904047122219103031e-04,2.036257334055176834e-03,4.248953264175789508e-03,1.167411776949844708e-02,9.198388408059901891e-03,1.429397561145946162e-02,6.160131224320613413e-03,9.185409289166212091e-03,6.122902376439861433e-03,1.136873882914828798e-01,1.177332264334201711e-01,3.644926968160634023e-02,1.581227599713737053e-01,3.986446641518751610e-01,3.345390543322007137e-01,7.122051101959949726e-01,5.668118459485858018e-01,0.000000000000000000e+00,4.017973795351243438e-01,4.362800961262374155e-01,2.195362797716385317e-01,2.453361381491618032e-01,1.138970121356972925e-01,3.653744255523895534e-02,4.259775790829915115e-02,5.096612242107972229e-02,7.710909738678170013e-03,7.506525099945109483e-03,4.082071722995915357e-03,3.841680444731028574e-03,7.800746098683147486e-03,6.232947051670261786e-03,1.947533244072245304e-02,1.936273404993414096e-03,3.388939702192971838e-03,4.207006091637712289e-03,1.781116531991497635e-03,2.748648275475738464e-02,2.635759654884886876e-03,1.532061399102166823e-03,3.482706014198087840e-02,8.814306645584101419e-04,1.105426698199139194e-03,2.161686002112973501e-02,2.562675564200293452e-02,1.102450369991010877e-02,8.570288911625987063e-03,1.205979646859037940e-02,1.361585075488324845e-02,3.710165066647132248e-02,1.030540648087561843e-02,5.242524901941575388e-02,1.139301579986788313e-02,1.138064053552689803e-02,2.370319723912714047e-02,1.653259015491831407e-02,7.060398829855632497e-02,4.567780146123828072e-02,6.181044325174101656e-02,4.313470349391396869e-02,5.190503694279951369e-02,6.564766152225522122e-02,1.374360530362721960e-02,7.429752361201975852e-03,2.265754137052493691e-02,1.407256539738097230e-02,1.569926388945066045e-02
