0.000000000000000000e+00,7.540295209961188003e-03,7.673835166155433540e-03,7.668686589211356000e-03,2.193225554328571362e-03,2.397659558762150599e-03,8.758757460888749518e-04,9.422310083799385330e-04,4.920797858098737440e-04,1.271949688036746367e-03,4.683588646169353840e-04,1.004380997333330968e-03,2.683274801811549913e-04,2.432509147309003771e-04,4.212172750489649839e-04,3.111131622683705757e-04,8.874273005132855743e-04,3.614660434503451673e-04,6.942655256601901886e-04,4.471138635141922932e-04,1.245986303107619875e-03,3.495828633424086923e-03,4.838507471113064388e-04,5.719998101520711985e-04,2.079920728450809027e-04,4.925214135409086529e-04,3.528689165873385774e-04,2.567968156135168063e-03,8.249975345321541647e-04,4.658971012824574117e-04,6.525757381333356687e-04,3.599393794298097666e-04,2.489993700063084349e-04,5.860990003333953939e-04,4.093455001890835979e-04,4.524574178124678592e-04,3.058363406596323157e-04,5.791223021225327776e-04,1.059600075500681830e-03,8.892627504433280690e-04,6.553680664055711773e-04,8.701239376632186528e-04,1.383570090405924482e-03,9.012891447398738371e-04,1.076887688377500948e-03,4.865021113771658841e-04,5.848926497390869112e-04,6.977747297653138971e-04,2.482581906383755357e-04,5.932753156916947780e-04,1.151933031193783834e-03,4.793767745825577614e-04,4.157284397633090756e-04,6.844716022346374572e-04,5.074554092846671107e-04,1.198459414987052777e-03,4.478825990811710427e-04,9.927330934077402934e-04,7.088627919795214508e-04,4.661470248706069651e-04,5.942150571008267138e-04,3.704929890116533250e-04,1.154769429259553618e-03,3.939158524050657474e-04,6.861051396145392270e-04,1.119569650797969714e-03,3.174560113672868743e-03,2.982481382940793484e-04,1.729604635161428264e-03,5.575389132516086685e-04,5.121147554052902237e-04
7.540295209961188003e-03,0.000000000000000000e+00,7.142275154629167122e-03,2.225017353879580294e-03,1.723894643942231039e-03,1.434583138734446149e-03,1.134831964527219803e-03,1.227721145810172724e-03,2.502466458588847951e-03,1.806867214842597033e-03,2.899783758176018998e-04,1.458209500598724390e-03,4.915332924809393683e-04,4.801700016039831464e-04,4.524280609961044879e-04,5.301689665119765959e-04,5.511258237117514424e-04,9.079355606201121960e-04,1.634221523605933614e-04,1.237995700258423277e-03,8.870961970027314890e-04,3.243580499589709693e-03,8.470654262527908037e-04,1.445934109313948149e-03,3.881624614746966733e-04,1.823729079684529273e-04,9.083729686652451934e-04,5.988381373923808669e-03,9.348681391565665270e-04,1.362437556986712591e-03,9.643812199521355471e-04,9.218088148715618095e-04,1.538997988313495777e-04,2.217937430443311648e-04,3.942705989740070082e-04,5.227524211361568975e-04,1.510097438603842657e-03,1.460941480127710915e-03,6.699700959062973192e-04,2.109044117591986356e-04,5.403714474254430432e-04,1.443151498158191503e-04,1.469756794931397414e-03,3.756489876523185639e-04,2.516840725500106395e-03,5.393780968451781154e-04,1.905385008198679148e-04,1.833846561888225922e-03,4.842694395215321333e-04,6.869647316630971652e-04,6.826668537174831672e-04,7.946847089347804918e-04,5.146882951105112396e-04,4.095361841419952755e-04,2.400673291162786134e-04,2.483794929940184534e-04,1.264478416812600580e-03,2.960430206052650642e-04,1.597457166758066546e-04,3.796960925540766038e-04,2.203143257446958029e-04,1.045729279550770136e-03,5.004932172084455323e-04,4.689835157311178786e-04,3.952202100276823666e-04,1.229884733386605884e-03,2.341309957912210676e-03,2.203843322076679326e-04,1.164049064879406651e-03,5.175643232280944432e-04,8.490259778047860298e-04
7.673835166155433540e-03,7.142275154629167122e-03,0.000000000000000000e+00,3.082906324847641683e-02,2.449080821439490047e-02,6.928293208366439852e-03,1.938172995782856938e-03,1.397564883932729323e-03,2.474662204041162307e-03,2.442158450748542486e-03,2.483166029541070520e-04,6.022941375697106860e-04,2.755135581157973010e-04,5.521707646575765849e-03,2.926398255617832216e-03,2.258419315961629481e-03,5.377935409645246030e-03,7.498311267024783920e-03,3.507153485339083642e-04,3.087247818426975491e-03,3.720040951943646718e-03,2.244470390274079259e-03,2.496390800262720481e-03,1.110584456645047693e-03,1.559154289393838416e-03,7.074286311102210125e-04,9.649913795908736033e-04,8.230988211302940486e-04,9.456067591680637936e-04,1.774712223512537918e-04,2.796499859950505045e-04,6.014749798857777245e-04,1.007712227116734291e-03,3.519989435189776962e-04,4.307552401700015130e-04,1.460788259410088436e-03,9.979037389212807880e-04,9.862539617052558816e-04,4.393013823927007433e-04,5.343301818348738337e-04,1.465495407949258177e-03,7.497581137276224800e-04,1.549533195622243575e-04,1.981327212862694226e-03,2.313912747467803364e-03,7.186337686437915080e-04,7.040529363816683175e-04,2.259976391905723497e-03,1.851219612781561743e-04,1.568298287180397172e-03,5.230832289691187634e-04,5.636354520263625687e-04,1.191717714386388005e-04,7.423366872892708671e-04,1.775119026885651065e-04,5.652161798179883029e-04,1.572308770379620899e-03,6.500403139897691389e-04,2.165302629587710116e-03,1.422111596360633990e-04,3.981058312733658407e-04,4.998463528446429058e-04,7.619006362647081634e-04,1.315184782335998125e-04,2.221177904990600377e-04,4.250523255443172340e-04,2.686608250107611756e-03,1.287974512375936490e-03,1.045702698775722531e-03,1.178976687726132318e-03,6.056658817744373438e-04
7.668686589211356000e-03,2.225017353879580294e-03,3.082906324847641683e-02,0.000000000000000000e+00,1.750554641103567108e-02,6.235746590738280686e-03,2.281246449297947600e-03,9.556471908474570938e-04,1.231093680427762906e-03,3.187934083529378199e-03,1.095909346848653911e-03,2.759997626082862782e-04,1.461866507593246548e-03,3.490170907054468332e-03,3.432397007712397353e-03,9.357572428137416127e-04,9.240205626628144805e-03,3.191461986530250757e-03,2.461441440028199618e-03,3.509933304589989969e-04,1.468979749817715327e-03,2.008651791439537791e-03,1.095320915313322636e-03,1.467499157077608663e-03,3.547158099556566458e-03,4.012837260748111689e-04,2.841046312546859770e-03,1.470128617908725288e-03,1.123806620771532466e-03,3.365482231935177596e-03,1.375402819733979659e-03,1.463359918882595895e-03,1.004105019823026178e-03,1.503998779589127291e-03,5.346603539346861996e-04,1.441221147915958470e-03,2.111536084503578842e-03,4.340054750296750492e-04,3.998783300902741204e-04,4.430033443184613570e-04,2.916586042380081849e-04,2.024022274079081366e-03,1.140556205204046065e-03,7.010083675873374481e-04,1.560630968811852056e-03,6.843247508306038972e-04,6.331204392918688686e-04,8.214438068420298628e-04,1.669990395918686827e-03,1.328333554740258405e-03,7.786498931711367333e-04,5.493654863504817071e-04,2.135616097499949424e-03,5.371778235819152413e-04,2.908456310684968005e-04,2.832362670920109127e-03,6.447101589921821032e-04,6.643389201878447531e-04,2.721744154744942996e-04,2.906870454232428347e-04,3.987240331403991023e-04,4.180968800076634902e-04,7.821115562423144093e-04,2.428155836121478461e-03,1.127679558424855757e-03,1.766759154170899045e-03,7.390620292859527516e-04,1.072433766783828079e-03,1.726396304326561180e-03,6.724220622880056931e-04,1.812822104766718479e-03
2.193225554328571362e-03,1.723894643942231039e-03,2.449080821439490047e-02,1.750554641103567108e-02,0.000000000000000000e+00,3.214222980173585178e-03,2.884612412157319498e-03,2.862064145796540740e-03,8.333567946207412827e-03,1.522124178717173398e-02,5.009528920041824047e-03,1.043635362133246355e-03,1.421685911410129014e-03,1.500009461190786363e-03,1.192255633639881154e-03,1.833383112983539469e-03,5.213951642917163606e-03,1.968501362001483582e-03,3.595797560947186890e-04,1.486527744606196653e-03,2.444893071175249354e-03,6.141511604209138123e-03,2.649955679942367446e-03,3.902243267965990227e-03,4.186619182192979384e-03,1.566647287493512942e-03,5.277963669575204408e-03,4.974555294092813766e-03,1.640961156674710991e-03,3.840125234164654469e-03,4.028840830032713247e-03,1.024314067468592689e-03,1.348098319086416192e-03,1.172498292679425951e-03,4.349938636299262545e-04,2.892103041777998413e-04,2.037984362627776394e-03,3.944103597180880394e-04,1.268221876022895865e-03,1.256052632544485664e-03,9.608294295048857171e-04,2.601698292126217258e-03,4.741868475748171538e-03,7.883169730544043645e-04,1.917658488257335423e-03,5.199948171910419303e-03,2.908179721979941863e-03,4.570157312751715623e-04,9.021658291798091440e-04,1.001042977670322034e-03,1.206217212776508965e-03,1.068147786075275161e-03,3.090633726509606563e-03,3.058240366602824317e-03,6.182905568911334316e-04,4.494428681063530081e-04,4.645747873437980563e-04,4.988479535694583834e-04,8.328291304988030526e-04,4.297191628788313094e-04,8.631636983121863038e-04,1.792755415338881386e-03,1.053641476048499575e-03,1.271963137384613972e-03,2.404487503184136684e-04,6.601414314056271333e-03,8.739134055957092223e-03,1.663419047835150086e-03,9.076099553689376915e-04,7.429711199140569136e-04,4.367660450728456066e-03
2.397659558762150599e-03,1.434583138734446149e-03,6.928293208366439852e-03,6.235746590738280686e-03,3.214222980173585178e-03,0.000000000000000000e+00,4.655774529023936313e-03,2.499417591251619844e-02,9.691917813328235903e-03,3.082660285774677447e-02,8.917898785133049344e-03,3.152366397914023108e-03,1.009403607831677041e-02,8.095236452912874317e-03,1.459700800258767819e-02,1.044547423370258653e-02,1.016882307123385606e-02,1.445016343843948245e-03,1.963132640647847951e-03,1.319020303500902103e-03,2.328697624988615347e-03,1.406262131108840588e-02,9.903020894714441216e-04,9.655403953386678534e-03,2.666690387590495495e-03,2.242130843594550282e-03,6.240738781823496582e-03,5.096959260050919899e-03,3.988052413553561798e-03,7.842634158704481218e-03,1.912631993559795775e-03,3.085712608516274699e-03,1.540889491566540658e-03,5.146993763480002624e-04,2.242801533793568804e-03,8.400275812527430120e-04,1.093577482231149634e-03,1.618696249305791269e-03,3.022822475614205667e-03,4.094103336458905095e-04,5.437352780194770665e-04,1.208175674664506904e-03,5.544088299231530147e-03,4.204317635606114566e-03,1.080111334937389591e-03,4.888485453071677103e-03,6.235408810519466223e-03,4.406523859111578833e-04,5.380632311495321066e-04,2.028919163397288443e-03,5.048902164503905367e-03,3.616678229824314217e-04,2.596002978771955443e-03,5.498147312265207719e-04,1.066963451466298790e-03,8.907544700271004690e-04,2.592450318404312948e-04,3.872767280352846565e-04,7.721834044283782273e-04,6.985229805253180893e-04,3.395900786609518714e-03,4.632376265165105700e-03,2.016531477755514629e-03,5.675082490008618013e-04,8.513597466723467734e-04,8.427000998022311090e-03,6.275036055416927452e-03,1.282325397062262584e-03,1.474657675342653856e-03,2.920545895606200290e-04,3.380796079804662159e-03
8.758757460888749518e-04,1.134831964527219803e-03,1.938172995782856938e-03,2.281246449297947600e-03,2.884612412157319498e-03,4.655774529023936313e-03,0.000000000000000000e+00,2.223944505085173953e-02,2.855831743051024177e-02,2.567032095029991856e-02,1.013569382519274864e-02,5.564295722579940678e-03,4.774238049702069810e-03,5.383786447210577378e-03,3.959893302721728572e-04,2.316035708040747702e-03,7.732125282107215475e-03,2.576368606229396431e-03,1.338711684445630405e-03,2.247619363504532643e-03,8.330016869352079023e-03,8.574355787954394958e-03,2.929909738610099370e-03,1.544178047421258457e-02,1.965858509491823919e-02,4.049535023710986240e-03,2.529579188545885704e-02,1.474545553482225005e-02,5.417611466138897575e-03,1.820581312191611387e-02,1.354985167405603139e-02,6.452835591051849472e-03,7.978170840715018142e-03,3.436593960210712530e-03,2.183782642538904025e-03,1.477947910356363715e-03,1.939986622987414791e-03,7.139692022598724324e-04,1.259561666467020865e-03,3.644715984548819836e-03,1.652775694109955918e-03,2.429349778825576865e-03,1.883264474995297380e-03,6.691550021676253993e-04,1.990924921508344710e-03,2.498869227883959883e-03,1.104423217687364655e-03,4.370113165361632821e-04,2.388656757548627630e-04,9.173748309380937388e-05,1.807448142597273960e-03,1.182525462642125807e-03,3.834230352522926752e-03,1.063278574007037614e-03,9.506362759163518696e-04,3.085863898309995829e-04,5.353861319831772084e-04,6.064849237663176877e-04,4.414003377883843359e-04,2.591416247029073010e-03,3.223597818424983304e-04,9.991238239066967553e-04,5.409905122589043526e-03,9.507360890319309019e-03,1.360296916686615579e-02,3.069294535317828448e-03,1.194808398892013672e-02,5.273239222736925136e-03,5.224130385143298553e-04,1.359696964436195050e-03,3.820204762908330914e-03
9.422310083799385330e-04,1.227721145810172724e-03,1.397564883932729323e-03,9.556471908474570938e-04,2.862064145796540740e-03,2.499417591251619844e-02,2.223944505085173953e-02,0.000000000000000000e+00,3.212204482160617436e-02,1.742309127810368063e-01,1.438517802359088812e-02,3.626381662055508381e-02,1.875089883180711472e-02,4.878371753347473215e-03,1.537116330380410879e-02,1.155762840416121005e-02,2.936131881115644146e-02,6.857312930187214536e-03,2.539555723143624173e-03,5.897506896778292526e-03,7.998584466497222351e-03,5.538828853586316193e-03,4.717079038624599936e-03,2.326395882078735253e-02,1.153024516789788630e-02,2.836681324858749027e-03,5.924317159298363687e-03,6.529394421683851028e-03,1.536772500083735671e-02,1.180373306840206207e-02,2.307415439153086886e-03,8.861271185868907496e-03,2.399081010179389894e-04,3.347144301335683216e-03,8.800038735186089785e-04,5.659161380227039099e-04,4.429181219338072795e-03,4.456957066524679968e-03,1.807229788463365558e-02,2.922076108495515103e-03,1.364336681990515124e-03,3.463231265989994128e-03,5.018974072327004460e-03,7.146010385517208817e-03,4.436450948216327274e-03,6.464454314171167934e-03,9.623043268727704547e-03,1.906087994636210085e-03,6.729863763131909869e-04,2.033054956898469601e-03,5.906784130658542138e-03,6.650916015152441140e-04,2.677383438968338868e-03,4.513632273841671947e-04,3.804624072296200216e-03,2.323464615245347201e-03,1.086705293405648828e-03,2.071608564801305508e-03,8.282258471132568529e-04,7.980444922381888266e-04,7.550744292948568907e-03,8.717865288719681832e-03,9.834209522233836043e-03,1.309652843183144308e-03,3.331706107523218444e-03,2.790884806104967572e-02,3.078965696140955992e-03,1.556738515612618142e-03,6.225671371323958023e-03,4.923841377443153103e-03,1.936758081321808458e-03
4.920797858098737440e-04,2.502466458588847951e-03,2.474662204041162307e-03,1.231093680427762906e-03,8.333567946207412827e-03,9.691917813328235903e-03,2.855831743051024177e-02,3.212204482160617436e-02,0.000000000000000000e+00,1.494105099250048196e-01,1.373776820658721524e-02,3.574003311751756257e-02,4.616966044689896007e-03,8.637461776867628310e-03,2.226600899985190646e-02,9.558792936737817506e-03,3.066223975237116969e-02,9.366429685089869284e-03,2.220969822149068684e-02,9.604301224674241869e-03,4.743930640381188550e-03,1.628420855735085090e-02,7.967816865587328337e-03,2.027797698547188429e-02,1.567624796653756952e-02,1.120148413774361279e-02,1.213609314246456503e-02,3.486216985580478222e-03,5.026504746720921422e-03,5.819291186063090156e-03,6.744414276319372556e-03,2.272099978083090294e-03,1.072394754223111217e-03,1.639909220537595289e-02,1.588606852629078454e-03,5.131895845101221024e-04,4.494997080953214326e-03,2.256464901745094606e-02,1.282831493702760520e-02,2.090856887907261482e-03,4.376823035212752157e-03,6.495109201655384877e-03,1.280821702657941943e-03,3.975934394767757091e-03,1.748938478479756479e-03,5.992894516612810168e-03,3.076484230626105008e-03,1.783553594906885694e-03,2.829162433125026596e-04,1.691323159692883268e-03,7.661706153081556878e-03,7.780340465098336752e-04,3.167381922095007050e-04,1.270172351457206188e-03,6.812120229145082750e-03,3.780239422874865675e-03,9.650161341988358187e-04,7.525115060278378832e-04,7.110191416818704632e-04,5.158956872815132150e-04,9.038696020958979921e-03,1.236653986550295507e-02,1.238736437367531258e-02,1.237115391188570038e-03,9.709178049910014222e-03,1.261005554319020137e-02,1.427888630876162279e-03,1.702577554990156866e-02,1.522330196585250199e-02,3.150753342886979721e-03,1.204832760146406882e-02
1.271949688036746367e-03,1.806867214842597033e-03,2.442158450748542486e-03,3.187934083529378199e-03,1.522124178717173398e-02,3.082660285774677447e-02,2.567032095029991856e-02,1.742309127810368063e-01,1.494105099250048196e-01,0.000000000000000000e+00,7.992534602294920631e-02,7.837428839378066114e-02,4.609004611397486684e-02,1.802095358306129644e-02,2.531677793656516087e-02,4.619177990599427491e-02,5.477150674106170264e-03,1.129236574806724569e-02,7.536805012481416662e-03,2.364674532130291509e-02,1.553119107538348392e-02,3.117289535257609934e-02,5.733411624194668064e-03,6.486657294228003780e-03,1.581869530854628642e-02,5.321798029125364426e-02,7.314814805285448779e-03,6.312593778775705405e-03,4.169920218438040449e-02,4.664238224851458871e-03,2.176346021643775844e-02,1.356569331726699239e-02,6.801779492039591347e-03,4.815856558703609722e-03,6.073185166075097292e-03,2.649679056513779170e-03,9.368848176614799975e-04,1.522525746655704762e-03,2.608995823248164755e-03,1.357289323320628321e-03,6.172551174912709829e-04,3.343103961911699212e-03,4.101425596095878943e-03,1.446060897833457200e-03,8.520821544517800245e-03,3.986046115876964308e-03,5.927484081173552697e-04,6.591877652068890529e-04,1.587475936274655329e-03,2.491987083932515647e-03,4.040299231954349517e-04,7.044561616309578424e-03,9.255855917218348697e-04,1.323875515933797386e-03,8.156260990308404971e-03,7.251760893037795946e-03,2.650946001589742172e-03,1.589615955045799557e-03,2.034089080337284344e-03,8.253721239099132525e-04,4.512144338753886538e-04,1.152055123461896225e-03,5.846038565495139012e-03,9.037496997936710595e-04,4.389520502660245946e-03,3.495493628141310011e-02,3.284357928633106511e-03,1.103936334246265021e-02,5.876858383999069083e-03,8.386730873851631907e-03,6.282320042839553177e-03
4.683588646169353840e-04,2.899783758176018998e-04,2.483166029541070520e-04,1.095909346848653911e-03,5.009528920041824047e-03,8.917898785133049344e-03,1.013569382519274864e-02,1.438517802359088812e-02,1.373776820658721524e-02,7.992534602294920631e-02,0.000000000000000000e+00,1.048309979768525212e-02,1.009156464450621134e-02,1.388492650546075194e-02,1.645339897814762642e-02,1.320114201237338608e-02,4.461359964804228334e-02,1.433320627231853689e-02,2.076886911332033459e-02,1.660856114177018672e-02,1.775804413371154938e-02,2.869287381823704911e-03,1.239068312932854396e-02,2.108911782759276612e-02,3.008018662971342211e-02,2.076413763004605201e-02,4.623735091547660769e-02,1.690009598106341840e-02,5.400990556614799001e-03,2.650083009579055557e-02,3.233418612960963726e-03,2.952295628781637180e-03,5.030432378290375199e-03,1.117545318236203185e-02,4.602055744149096371e-03,1.247949628978055336e-03,6.063538824888282941e-03,6.793989105505614072e-03,4.520126108829055321e-03,1.187527711357274371e-03,6.252949331239704336e-04,5.676712746898580735e-03,3.940466200513286638e-03,5.012779466948925683e-04,3.557584740106100782e-04,5.894295196428513128e-03,8.809002931378389798e-04,2.706989010317890996e-03,2.678146578974830491e-03,2.502245448057662642e-04,8.108734817776847362e-03,1.549072000132623375e-03,2.861665107248030117e-03,1.032662548666921304e-03,4.660047399555385800e-03,4.401921393819577255e-03,1.485869287558531579e-03,1.712184433261005907e-03,3.924672706940792615e-04,1.585752852171056328e-03,8.885432258465492464e-03,5.690786205181513902e-03,2.721240513950409345e-03,1.149707645162846049e-02,6.137810455120935350e-03,1.519445155866575373e-02,2.277945889766233231e-02,5.425503352362572723e-02,1.566979784209209317e-02,1.388570985676354681e-02,1.889334019687782806e-02
1.004380997333330968e-03,1.458209500598724390e-03,6.022941375697106860e-04,2.759997626082862782e-04,1.043635362133246355e-03,3.152366397914023108e-03,5.564295722579940678e-03,3.626381662055508381e-02,3.574003311751756257e-02,7.837428839378066114e-02,1.048309979768525212e-02,0.000000000000000000e+00,3.129643564755785201e-02,3.269493884360938699e-03,2.174217712089531254e-02,2.095012870958107634e-02,3.941179076627430306e-02,1.402841849922275425e-02,1.377216173135681343e-02,6.077813819665349102e-03,1.717718803136928513e-02,6.118505827354734847e-03,3.606282699211661724e-02,2.911955106511578822e-02,1.509871757114792518e-02,3.629423402958829609e-03,3.431362088028279845e-03,4.188962015794306035e-03,1.670703175436256266e-02,7.523875947383122653e-03,6.966616276233961180e-03,8.500861755141860682e-03,6.640526188063656556e-03,3.891919909305080645e-03,1.681061350607331983e-03,5.737828694938418815e-03,9.816268616927520743e-03,7.232505278076645228e-03,2.058957179256341863e-02,9.559814004266328422e-03,1.640344055279273523e-03,8.501382595089377117e-03,2.300966307385464774e-02,2.134354455634402889e-02,4.465555498848186242e-03,1.618539269377793424e-02,3.069321029599988634e-02,3.786498768894200166e-03,2.811449755369219584e-04,8.815485132905764160e-03,4.704322468496161501e-03,2.875329271001288286e-04,4.748836361278135649e-04,1.348363348618001863e-03,3.784854374000439382e-03,1.098351233242111837e-03,9.436457357467817591e-04,4.239942460322420172e-04,1.311070607113750666e-03,4.801424399049820414e-03,2.338340667402218770e-02,1.309820460704370915e-02,3.994047775812915868e-02,8.376884634440476957e-03,3.034013440401171768e-02,4.174869055232117987e-02,1.047221222774989344e-02,5.391004346546800392e-03,2.545276814427417655e-02,5.215839738257212199e-03,9.727346257087040454e-03
2.683274801811549913e-04,4.915332924809393683e-04,2.755135581157973010e-04,1.461866507593246548e-03,1.421685911410129014e-03,1.009403607831677041e-02,4.774238049702069810e-03,1.875089883180711472e-02,4.616966044689896007e-03,4.609004611397486684e-02,1.009156464450621134e-02,3.129643564755785201e-02,0.000000000000000000e+00,3.933829455662322949e-02,3.262396817056014559e-02,4.030971641317308840e-02,1.188244865687692331e-01,2.197239423888737095e-02,1.536447893283324727e-02,1.789184489599507030e-02,2.056895368869898072e-02,2.382760060468663149e-02,2.496362494105315230e-02,4.209762730148501608e-02,1.873453374054206283e-02,1.199058071369531533e-02,2.816031071803689126e-02,1.890408658362731711e-02,3.078597790592751959e-02,2.260973615617523774e-02,1.039459265249929182e-02,3.683932288367203212e-02,2.577481393210872239e-03,1.592839963749517014e-03,2.984853407354231061e-03,1.488586351678729399e-03,3.585510784616866790e-03,3.104776779850504549e-03,1.219354795379312163e-02,1.732920477712710525e-03,3.796742587284448588e-03,4.243306502714525030e-03,1.650083555743395852e-02,1.416722219770219678e-02,4.724936742076552010e-03,1.201157384054177095e-02,1.935796920052985232e-02,6.891845259462410500e-03,4.157164242650169574e-03,6.535513257983489345e-03,1.434460953971612024e-02,4.705656438563650575e-03,4.210703489145885790e-03,1.771465708945566160e-03,2.959031905069048340e-03,5.138633935610442509e-04,1.723846724886609954e-03,3.469276803315388472e-04,1.282056447077076916e-03,2.998345584519062409e-03,1.642006132205000440e-02,7.559174657382579030e-03,1.489356691345455549e-02,2.153803788845547618e-03,9.910279328199952595e-03,2.725610903061368925e-02,9.165085172743173830e-03,1.675247194579697688e-02,5.894977892675162118e-03,1.282276335864735405e-02,5.116103411296443401e-03
2.432509147309003771e-04,4.801700016039831464e-04,5.521707646575765849e-03,3.490170907054468332e-03,1.500009461190786363e-03,8.095236452912874317e-03,5.383786447210577378e-03,4.878371753347473215e-03,8.637461776867628310e-03,1.802095358306129644e-02,1.388492650546075194e-02,3.269493884360938699e-03,3.933829455662322949e-02,0.000000000000000000e+00,2.822480136857314151e-03,7.112440284713945383e-03,1.262162643081530256e-01,1.416515815240513843e-01,1.505950642828816737e-02,6.743342845858420198e-02,8.267596352722358932e-02,2.187906611421064004e-02,7.891784707905007135e-02,8.959614483019763542e-02,1.055338480935053835e-01,4.815119043236206625e-02,1.714177640331921160e-01,6.865017164396075566e-02,4.642577559156254446e-02,1.595325904863119926e-01,3.501477079014565785e-02,5.316499994895253212e-02,3.076890433791359264e-02,8.862521173836540589e-03,1.391299603908324918e-02,1.892611026142817284e-03,3.796110037348109090e-03,7.840088458304813853e-04,3.203212633989391787e-03,4.008708120683311150e-03,5.991350965351666114e-03,3.488536124340971961e-03,4.583638109349618024e-03,3.899190980635916081e-03,1.926956780487400905e-03,3.594727598805370992e-03,4.418498006282377266e-03,2.399357647382593679e-03,2.549280172438320256e-03,2.135884325560948645e-03,5.662731318058322576e-03,5.263889752377783234e-03,1.415508892557082628e-02,6.703998603489232620e-03,2.953084998860287151e-04,4.191395953554136362e-03,9.050211139758336477e-04,6.155262547120973629e-04,3.244044656455054992e-03,1.169752782927507796e-03,1.443409359178784643e-02,7.914200635122924446e-03,1.152173035083983894e-02,3.515269021953200401e-02,4.073832054220211107e-02,3.254668595474363713e-02,4.612087828428746566e-02,5.790395611596389075e-02,4.059451339086309757e-02,2.345421808053571588e-02,2.290650778682805019e-02
4.212172750489649839e-04,4.524280609961044879e-04,2.926398255617832216e-03,3.432397007712397353e-03,1.192255633639881154e-03,1.459700800258767819e-02,3.959893302721728572e-04,1.537116330380410879e-02,2.226600899985190646e-02,2.531677793656516087e-02,1.645339897814762642e-02,2.174217712089531254e-02,3.262396817056014559e-02,2.822480136857314151e-03,0.000000000000000000e+00,6.543009266457056050e-02,1.438776753297083821e-01,7.835522035943991159e-02,7.217476784820872626e-02,7.902608595537909120e-02,7.539420531225393685e-02,5.812327298322490093e-02,7.710377954585018179e-02,1.617607314876477187e-01,5.020880249681969332e-02,7.023381381686498448e-02,6.109223872289105961e-02,5.926979378489329042e-02,7.570957853376758528e-02,7.087757509328712624e-02,2.640935004436262626e-02,3.969112371640760861e-02,1.069066462827218504e-02,1.026291909355015256e-02,1.744274873213976689e-03,6.066171941517051365e-03,1.383657487382372077e-02,6.779655064646723621e-03,2.912928841385122730e-02,1.533378931485181521e-02,5.383579146885378308e-03,1.160485740398722355e-02,1.792415849972050015e-02,1.700623521807899038e-02,5.210059757321728290e-03,2.566841288931168835e-02,1.890559559308969267e-02,2.972027354606448504e-04,6.097267761557214824e-03,2.349154291239689135e-02,1.374498279565204185e-02,8.426328745431512814e-04,3.483533309635417161e-03,2.047326691140511929e-03,2.164606019281616143e-03,1.009962573643995686e-03,3.866072159135158955e-03,9.379375770495622291e-04,3.641474334857819437e-03,3.015232676289553507e-03,2.164219162953335412e-02,2.577644292100861670e-02,2.244707910812787643e-02,3.940319072213249035e-02,2.680568260962014684e-02,8.046610794729693039e-02,4.055583293386239713e-02,3.915696027674942653e-02,5.575685075771259075e-02,9.085027224962584011e-03,2.819988813836805247e-02
3.111131622683705757e-04,5.301689665119765959e-04,2.258419315961629481e-03,9.357572428137416127e-04,1.833383112983539469e-03,1.044547423370258653e-02,2.316035708040747702e-03,1.155762840416121005e-02,9.558792936737817506e-03,4.619177990599427491e-02,1.320114201237338608e-02,2.095012870958107634e-02,4.030971641317308840e-02,7.112440284713945383e-03,6.543009266457056050e-02,0.000000000000000000e+00,2.846713826712492235e-02,1.293876637448689859e-01,7.334560909448789578e-02,1.094580655080007459e-01,9.125401341642967734e-02,1.460848179707434358e-01,3.980337271260618592e-02,7.573087584380731874e-02,5.029346958813541574e-02,7.427281862753717934e-02,8.160901890366953348e-02,9.859547273076649243e-02,1.454465072938749270e-01,9.094084366983651302e-02,9.475887160235167694e-02,8.474727157308876990e-02,2.345370358168094235e-02,2.991379514079399102e-02,6.418468025431654268e-03,3.700290078131943799e-03,3.708546426253428452e-03,6.191641426409127957e-03,1.204212943664015843e-02,1.788977298564411447e-03,3.707673067222286636e-03,1.102252739713398613e-02,2.735269960623724211e-02,6.525747226396787747e-03,1.172172296364432618e-02,1.179974417220241815e-02,1.461337084732110964e-02,2.140140620341685583e-03,1.617237499383751900e-02,2.811835708103014794e-02,2.392742819268377577e-02,1.804094007989854795e-02,3.963578197648207069e-02,1.008592877694967048e-02,1.471565723671105662e-03,1.424808287728370967e-02,5.887667561067739218e-03,8.017224015876178722e-03,2.393915836700716889e-03,5.408871436531788139e-03,8.546122736936574010e-03,6.532122988414440154e-03,1.246514158009482884e-02,5.820970608091685476e-03,5.115621136042416278e-02,6.029564204237515546e-02,3.207175308237186079e-02,3.448640455269286892e-02,2.369336254518240523e-02,5.607592471481176455e-02,1.253147550674656163e-02
8.874273005132855743e-04,5.511258237117514424e-04,5.377935409645246030e-03,9.240205626628144805e-03,5.213951642917163606e-03,1.016882307123385606e-02,7.732125282107215475e-03,2.936131881115644146e-02,3.066223975237116969e-02,5.477150674106170264e-03,4.461359964804228334e-02,3.941179076627430306e-02,1.188244865687692331e-01,1.262162643081530256e-01,1.438776753297083821e-01,2.846713826712492235e-02,0.000000000000000000e+00,2.189840652215303829e-01,4.649354538828610189e-02,7.389832969226674264e-02,1.212124853545970826e-01,6.201416441362754550e-02,1.307586492346853591e-01,1.543489272591752892e-01,1.543210648019961162e-01,8.629662918913813541e-02,1.256625910795024226e-01,7.554386915412195092e-02,7.987165468806424473e-02,1.009857148365444490e-01,4.648349149888001547e-02,4.987102381043653776e-02,3.438724468365818993e-02,2.570013487667425871e-03,9.050530731154863423e-03,4.000151486515557842e-04,5.778961105848182643e-03,3.696376431216278312e-03,8.524207151861702692e-03,3.595102960600378948e-03,2.794679266764991607e-03,6.291654871222571339e-03,7.874254854422843911e-03,4.153245868919070230e-03,1.385795141468190456e-03,7.217716965560226280e-03,4.353767698286560225e-03,9.133718479318217150e-04,9.471574456963397642e-04,7.507211852458083035e-03,7.960828506320202433e-03,2.353191702672879221e-03,1.399745787763472839e-02,1.584044207025941606e-02,3.318164138239681170e-04,4.107288405244505225e-03,1.385624699934157955e-03,3.007746253328274968e-03,9.512377752921564967e-04,2.591028265135995618e-03,2.456920161853113488e-02,1.066288180413617337e-02,1.062075684691969439e-02,4.062336839779287501e-02,2.735494006121795205e-02,4.806546343393930387e-02,4.417777036932054452e-02,7.970718767508945535e-02,7.793972467845886043e-02,4.972052710647511392e-02,2.743269043927863693e-02
3.614660434503451673e-04,9.079355606201121960e-04,7.498311267024783920e-03,3.191461986530250757e-03,1.968501362001483582e-03,1.445016343843948245e-03,2.576368606229396431e-03,6.857312930187214536e-03,9.366429685089869284e-03,1.129236574806724569e-02,1.433320627231853689e-02,1.402841849922275425e-02,2.197239423888737095e-02,1.416515815240513843e-01,7.835522035943991159e-02,1.293876637448689859e-01,2.189840652215303829e-01,0.000000000000000000e+00,2.321314946490011244e-01,1.237533180957162554e-01,8.552683896483753712e-02,1.454182249337281629e-01,1.566244618822694168e-01,9.041288566677212202e-02,3.101072226522105235e-01,3.134866749390541885e-01,1.160620655149672414e-01,7.905320978764587836e-02,1.130667369713173331e-01,7.976761233665161099e-02,1.484462294822227156e-02,1.972362314434621122e-02,1.931234695559993358e-02,7.187643417661595917e-03,6.729076191590837447e-04,2.017058042944628281e-03,3.340043238956501293e-03,1.295507245586193304e-03,3.698864748186631198e-03,8.432005233747328146e-03,2.700738698983293391e-03,2.309030117862752220e-03,2.079832564631953814e-03,4.746045141599574031e-03,1.029874045453249738e-02,3.500193683666757288e-03,1.737353359647356892e-03,2.373047702216817770e-03,6.765287433658882929e-04,1.456919612899456760e-03,2.151532007711162275e-03,5.248592079425898208e-04,3.344180565970702578e-03,1.257548969448464907e-03,8.260339316039862906e-03,5.394576043127946412e-03,2.328207505301585403e-03,4.857975857652303830e-03,2.957271791141085509e-04,3.978006864115171855e-03,1.056175938385779146e-03,5.749649739228150820e-03,3.609464330408444083e-02,4.705036605313721310e-02,5.967842436486069102e-02,6.635922843951734540e-02,4.473823678274201077e-02,1.226028179874275176e-01,4.183040124732440718e-02,7.370985056485555853e-02,4.289615558555207042e-02
6.942655256601901886e-04,1.634221523605933614e-04,3.507153485339083642e-04,2.461441440028199618e-03,3.595797560947186890e-04,1.963132640647847951e-03,1.338711684445630405e-03,2.539555723143624173e-03,2.220969822149068684e-02,7.536805012481416662e-03,2.076886911332033459e-02,1.377216173135681343e-02,1.536447893283324727e-02,1.505950642828816737e-02,7.217476784820872626e-02,7.334560909448789578e-02,4.649354538828610189e-02,2.321314946490011244e-01,0.000000000000000000e+00,1.502003246464249930e-01,2.445405736748530456e-01,2.071839243535204822e-01,2.043877731078477811e-01,3.359910426030787711e-01,3.175046516790897555e-01,1.996126405100416834e-01,1.727613803709436568e-01,1.551484365974846180e-01,1.352287684254847022e-01,6.189587467905832002e-02,2.778009030518245950e-02,3.802276585933301450e-02,5.257175014292900413e-03,5.740614264260602770e-03,7.609144398238290629e-04,5.712327866812303909e-03,5.480575447177710342e-03,1.692430766127015276e-02,2.028933768878217817e-02,7.045713591437834794e-03,9.969153832434903689e-03,1.803272087305655969e-02,1.167296243916948056e-02,1.225763300778395966e-02,4.060866026242176616e-03,7.408555983750714398e-03,1.215168642912767792e-02,6.981498982878071510e-03,8.585767166980394147e-03,1.182128913369925177e-02,6.067997662398068141e-03,3.749372619740429062e-03,4.987164091238357674e-03,9.612338814319101518e-03,1.714215813528325921e-03,4.246794452844347223e-04,8.478726292914961398e-04,3.172143209102897313e-04,4.298077330040682258e-03,4.021037000218041606e-03,1.597261037144844919e-03,1.480753752862670573e-02,1.288815247619343012e-02,1.280302963276323119e-02,2.160557449534768193e-02,8.221414548632773045e-02,2.298388009219297715e-02,8.429543812760972865e-02,1.519766248562495203e-01,1.083984135196722487e-01,8.690050362016983609e-02
4.471138635141922932e-04,1.237995700258423277e-03,3.087247818426975491e-03,3.509933304589989969e-04,1.486527744606196653e-03,1.319020303500902103e-03,2.247619363504532643e-03,5.897506896778292526e-03,9.604301224674241869e-03,2.364674532130291509e-02,1.660856114177018672e-02,6.077813819665349102e-03,1.789184489599507030e-02,6.743342845858420198e-02,7.902608595537909120e-02,1.094580655080007459e-01,7.389832969226674264e-02,1.237533180957162554e-01,1.502003246464249930e-01,0.000000000000000000e+00,2.852457911059489981e-01,1.241319315869558321e-01,1.987084555449941392e-01,2.308665401560651143e-01,3.783241205055588585e-01,4.528964248310917706e-01,1.874548076074571135e-01,1.428489993557602589e-01,1.644355471473661623e-01,1.252426062416693020e-01,1.248768546546070307e-02,5.590762131643594451e-03,3.970991572051846275e-02,1.817537627112868074e-03,5.600044120810279517e-03,1.069637488174966095e-02,3.153314933063956771e-02,4.146088762305626639e-03,1.046661691658308524e-02,2.571009331701038653e-02,6.358100154642661733e-03,4.724725025503794321e-03,6.777007385169695440e-03,3.085606777547055674e-03,8.773783153680480076e-03,5.050656462170464815e-03,5.507091802345083151e-03,4.900407844641781717e-03,1.116067113721303742e-03,1.749019023349437279e-03,4.912537385287276716e-03,2.260365020324544422e-03,3.706167926691728790e-03,1.325896696039013337e-03,2.863717414260395951e-03,1.551127595309582463e-03,1.460553823630411988e-03,6.351968684314453347e-04,2.306934142123150556e-03,4.819276560118238191e-03,1.182254229889069010e-02,1.870698676529958249e-02,6.390559825847225150e-02,4.215354914923229168e-02,5.236267187528204081e-02,8.887701124276613240e-02,3.938476803600494958e-02,6.023050242967655649e-02,2.469571556315877311e-02,3.975347559733102137e-02,2.109593170331679549e-02
1.245986303107619875e-03,8.870961970027314890e-04,3.720040951943646718e-03,1.468979749817715327e-03,2.444893071175249354e-03,2.328697624988615347e-03,8.330016869352079023e-03,7.998584466497222351e-03,4.743930640381188550e-03,1.553119107538348392e-02,1.775804413371154938e-02,1.717718803136928513e-02,2.056895368869898072e-02,8.267596352722358932e-02,7.539420531225393685e-02,9.125401341642967734e-02,1.212124853545970826e-01,8.552683896483753712e-02,2.445405736748530456e-01,2.852457911059489981e-01,0.000000000000000000e+00,5.074875959848428736e-02,3.454866453348092170e-01,1.557646172497187120e-01,3.376216882059862590e-01,2.300428085811150603e-01,1.606950986015958094e-01,2.115047031351360851e-01,1.374131653615636162e-01,1.073711115640566122e-01,6.283170105519905735e-02,6.797203062933660812e-03,5.398117156458303451e-02,2.443411817308730610e-02,8.604692944423435880e-03,5.364823925072778263e-03,3.113977172210418559e-02,2.784458795741848181e-02,3.091363282430999778e-03,3.041683448182118041e-02,2.763117516444096172e-02,1.449302051433485478e-03,1.948700816378370762e-03,3.326483837978913560e-03,4.127093405745645496e-03,2.180445933301871156e-03,5.622522388333988687e-03,8.575967215957179318e-04,6.004200719930246613e-04,6.720154283118098294e-03,6.456528795517530762e-03,8.903362924616726451e-04,2.407197934179477507e-03,1.535142187024464465e-03,2.148289031686382959e-03,1.848175518106838760e-03,2.188223634469920603e-03,2.114266162170453777e-03,1.332628143223228007e-02,1.653442013786609417e-03,3.728490251686701748e-04,2.534338213477959831e-02,7.265754148923841971e-02,8.299564968247345742e-02,1.327452647403198072e-01,6.631368547375213196e-02,5.387868511842106717e-02,4.018003499067481638e-02,4.450285917767685118e-02,2.141971006934948255e-02,1.757160088045105900e-02
3.495828633424086923e-03,3.243580499589709693e-03,2.244470390274079259e-03,2.008651791439537791e-03,6.141511604209138123e-03,1.406262131108840588e-02,8.574355787954394958e-03,5.538828853586316193e-03,1.628420855735085090e-02,3.117289535257609934e-02,2.869287381823704911e-03,6.118505827354734847e-03,2.382760060468663149e-02,2.187906611421064004e-02,5.812327298322490093e-02,1.460848179707434358e-01,6.201416441362754550e-02,1.454182249337281629e-01,2.071839243535204822e-01,1.241319315869558321e-01,5.074875959848428736e-02,0.000000000000000000e+00,1.347894546650840464e-01,1.969886074265311815e-01,2.367334559226890733e-01,2.772246148549032396e-01,2.988766809869236041e-01,3.482596155344889199e-01,1.966821938307435624e-01,1.656695138472646378e-01,9.825227279389087132e-02,1.041692732148627315e-01,7.339604692989541712e-02,1.736533359196966095e-02,1.365539695136504771e-02,1.448604027197686415e-03,4.798454970817299554e-03,4.969098320982501781e-03,1.218214233432388278e-02,2.816021550118289179e-03,2.195157857323473162e-03,1.977212268621372088e-02,1.314317428564721214e-03,6.189692188083022358e-04,3.028214062131992512e-02,8.081021060701141026e-03,3.341605188498806937e-03,3.357476501680552866e-02,3.469641890236505911e-03,6.939201499061710236e-04,2.043365674030331661e-02,2.249110228702793507e-02,2.072954448587017995e-02,2.657659387682274454e-03,3.381342490575180160e-03,1.131076032133205081e-02,4.687479870666077034e-03,5.268501391373175925e-04,8.213868422159676178e-03,1.750250680122818203e-02,1.378881533327250969e-02,5.865373307182846115e-03,3.589621114799620202e-03,2.424302151092573923e-02,7.400893690847538953e-02,3.851459638261485463e-02,4.881380153608660261e-02,2.911292090053319015e-02,2.559429919488315566e-02,2.725804736138656356e-02,1.021207386423150440e-02
