0.000000000000000000e+00,4.810981219699281275e-02,3.086681882709466779e-02,6.184963261626088421e-02,1.022610282043566118e-02,1.065739890318467484e-02,1.936164896517425169e-02,2.660797961661698092e-03,9.357755211781803835e-04,6.221866061876741953e-03,2.304813575174270799e-03,1.832441960996763260e-03,5.669743697934326743e-04,7.392946248671327953e-04,3.330849174157918648e-04,7.586463271673904831e-04,1.963336921322732069e-03,2.825827092877432681e-03,9.680146653666921956e-04,2.480501987444733592e-03,1.359507484865145896e-03,6.742859626093770280e-04,9.343081635215038055e-05,2.880750544495895809e-04,2.314084590617150779e-03,9.244512739086405227e-04,5.550257604135416020e-04,2.509443318634400205e-03,6.911905298914975977e-04,1.584597167626146559e-03,4.910865151835069192e-04,5.448304047144960196e-04,2.889821006113426813e-04,6.418491900316930726e-04,6.369305346821057352e-04,5.838846581007399276e-04,3.937673264223375642e-04,1.284004290004592003e-03,6.618146545011498270e-04,7.395051261952351445e-04,5.875356604457136669e-04,6.889591080681412971e-04,8.351919318673486871e-04,8.068623425846984439e-04,8.694777970778766940e-04,4.902807600450747845e-04,2.553703740882825842e-04,1.011381211780871918e-03,1.913643894986712915e-04,1.569484489907884773e-03,8.901037440564651482e-04,9.908863625181204074e-04,1.421603653823341621e-03,5.926292077465072873e-04,4.373261985869548031e-04,6.951277799953773425e-04,6.757074536128712238e-04,2.070326445370926707e-03,7.125554064377857951e-04,5.035960624806207556e-04,1.224328046612815609e-03,6.964428627429176044e-04,8.098855631997740239e-04,2.405738637521424850e-04,8.926051925948901055e-04,1.398792065679561446e-03,1.461322820162734744e-03,5.489517000777659368e-04,2.700251748242899798e-03,4.234289864255767993e-04,1.152220787949807855e-03
4.810981219699281275e-02,0.000000000000000000e+00,7.081659494731580573e-02,3.480445176162957205e-02,3.700350554263384661e-02,2.264629011625255914e-02,1.434759553525515562e-02,2.834256585128078210e-03,2.935603144222842173e-03,6.583344938460503407e-03,2.738684038908683911e-03,6.526901315822057842e-04,2.552030808204400376e-04,1.206590240980478634e-03,2.703873127700378676e-04,1.279267714232672085e-03,2.231279119823113746e-03,1.319321363563487511e-03,5.339850055789360263e-04,4.141086248658399846e-03,1.821814378733678692e-03,3.647345818123211075e-04,7.360548799508143461e-04,2.502042816409316239e-04,1.141323246053731286e-03,1.199554016683398181e-03,1.435354096487018475e-03,5.815679799542709631e-03,4.316912011676498641e-04,4.534967429305589333e-04,1.313531378659871631e-03,9.028770543743098054e-04,4.921464123075024307e-04,6.746971399307389065e-04,6.698102394900893935e-04,1.128239539820050487e-03,8.762305254516604587e-04,8.250684792515463077e-04,4.522453067124506754e-04,4.028765625236992620e-04,1.109269720388854439e-03,1.388055661753175767e-04,5.981752955189479064e-04,3.268431224207954530e-04,2.008808166385966584e-03,3.178848410259879414e-04,2.023243240446117371e-04,4.762451091572759152e-04,5.858277044749363128e-04,1.840993672055058926e-03,1.717682962585953869e-04,1.339409726562580021e-03,2.216936061070871747e-04,2.659833468401036393e-04,1.287805993212678057e-03,3.491869224361239857e-04,4.089694039736362476e-04,3.008874802450364544e-04,5.054870882913125143e-04,5.454910059820521464e-04,1.391256254933107830e-03,6.113584146832869463e-04,3.854943361530548877e-04,2.893076267477426126e-04,3.145669145880912519e-04,1.408531785250773723e-04,2.122309683865930205e-03,3.895448227660749116e-04,1.860341402473516268e-03,5.281547863150116637e-04,5.591531287476257921e-04
3.086681882709466779e-02,7.081659494731580573e-02,0.000000000000000000e+00,7.585447347594671819e-02,7.752632897731362438e-02,5.910490178423383201e-02,1.298546978955374305e-02,2.752443778449254960e-03,1.640633551019518924e-03,3.478889329093604564e-03,1.781940970701625937e-03,9.128960469617521502e-04,2.920304087701280785e-04,1.260633968839699375e-03,9.772268337970792165e-04,1.117518935730622614e-03,1.477719752899768306e-03,4.843574685688898686e-03,6.269606700133451265e-04,1.501621196075010904e-03,9.494844350591838877e-04,2.613463414963290623e-03,1.038591482709945966e-03,2.994782878040193807e-04,4.542884348539977658e-04,2.573751806739672777e-04,2.847564327833630705e-04,8.487700415565626547e-04,3.213811372103614859e-04,7.212314506945359006e-03,3.719970111138614548e-04,6.499823794809468950e-04,2.147229836646716815e-03,4.033381229915262989e-04,1.154570331038027448e-03,3.014068957966516940e-04,1.952883837805714437e-03,5.811146184791731069e-03,4.566982138295439257e-04,4.532342257299024936e-04,2.902770434800541755e-03,2.924171302922164064e-03,5.537192883216648714e-04,1.187398520959646831e-03,3.073727072344654629e-03,6.730214749365007101e-04,2.822740376541074811e-04,5.831998226905023763e-04,1.771136971253451178e-04,5.893924437412657348e-03,6.047247996318974323e-04,4.333165139076888611e-04,1.915254542403902740e-03,4.626633921181183421e-04,2.233355079173723477e-04,1.596701363051201581e-03,6.168088460270494634e-04,3.099747298855664527e-04,1.568521908667775918e-04,4.595683701185304844e-04,2.813433326366328985e-04,4.488258871886628395e-04,9.340236376408762690e-04,9.730087351980892894e-04,8.617623237193270270e-04,6.714626467119811162e-04,2.471846039863389265e-03,2.582058812062739241e-04,1.476954118497764493e-03,5.213606113525808732e-04,7.493803221032501165e-04
6.184963261626088421e-02,3.480445176162957205e-02,7.585447347594671819e-02,0.000000000000000000e+00,4.322401165544784846e-02,4.054290108929350239e-02,5.773836650167835094e-02,1.153617289677139751e-02,2.744479674999552535e-03,1.157748115111451731e-02,5.248707187599191415e-03,8.307666786000846883e-04,2.370452360760084780e-04,5.390287615086056206e-04,3.074573875690857867e-04,7.537309532351289419e-04,1.408077202291464596e-03,5.744451075146880499e-04,1.575892413967779505e-03,2.057170015180840618e-03,3.108648718909838332e-04,4.227435038981396326e-04,1.194505224832670930e-03,5.250076597442509532e-04,2.079163857375327176e-03,4.216813295323738582e-04,2.204602331962109227e-03,1.255561783043672311e-03,3.672046720871022696e-04,1.984446516299500935e-03,5.256848390321433541e-04,1.694208141987916865e-03,6.355851358814791716e-04,4.370081311199593057e-04,1.261213224496589248e-03,8.502477487561094617e-04,1.381855149661299822e-03,2.086398951849539884e-03,8.299168892665039540e-04,3.795287429646131876e-04,7.072973656024716515e-04,2.452705411598102726e-03,3.588517240877042757e-04,9.899714352308915544e-04,2.946656699386284426e-04,7.326980247116283030e-04,6.997000649663220754e-04,3.376101457277903644e-04,3.219440102726755116e-04,2.367495756758589229e-03,1.127608323603796316e-03,3.103249450870716503e-04,1.007686444675418925e-03,8.374495798555637227e-04,1.090042265510940541e-03,1.192174440131794563e-03,1.693250260493378264e-03,8.789169676420620575e-04,2.791421716601122285e-03,1.430547863698131356e-03,4.939300246334454121e-04,5.152199148070477422e-04,3.524186601749084596e-04,6.904639968316666826e-04,2.985291732839072030e-04,5.582251488558947084e-04,3.000255284338224581e-04,6.380262822356063930e-04,7.434694849816775048e-04,3.163074912320409308e-04,3.963293523704049422e-04
1.022610282043566118e-02,3.700350554263384661e-02,7.752632897731362438e-02,4.322401165544784846e-02,0.000000000000000000e+00,7.652338820702482558e-02,2.562037576928043528e-02,5.578045683366179147e-02,4.943397085278241482e-03,9.756187666943699419e-03,6.706836555763580864e-03,1.588358887377763718e-03,1.641073329875338688e-03,1.824434115452002771e-03,3.288254881821064089e-03,3.606027228991328000e-03,4.092464167050588507e-04,1.549109679999035065e-04,2.493328889467745393e-04,1.493494449840647312e-03,2.984798065877672119e-04,5.488114404089824636e-04,9.700253954700597050e-04,5.310842021077342209e-04,1.034404639526432515e-03,6.772857341663324551e-04,4.468187275544934617e-04,3.349029455661046224e-04,8.664542241426854323e-04,6.297556618097431037e-03,7.439840530861217046e-04,4.365977637370641561e-03,1.460435545203517694e-03,5.395549561812143166e-04,9.753717852683855237e-04,8.566187241351854798e-04,3.841808525318869618e-04,1.226349932283613215e-03,1.928519312257643854e-03,5.797727021264853075e-04,5.693565699016959591e-04,2.388609795818388924e-03,1.658277218313694264e-03,3.191173545603245691e-04,1.059187613470444428e-03,2.079856975377988599e-03,6.324378489648242382e-04,1.554519764027811370e-03,1.387075484918981472e-03,9.065285854272937512e-04,3.011660767484501070e-04,5.852064568676839914e-04,5.050443797692376075e-04,1.921229753108967108e-03,3.254567328211673861e-03,2.116760898748666717e-03,2.012193756311478083e-03,8.704047808895445113e-04,6.310950641156772055e-04,4.573249030887694571e-04,9.348834413170974090e-04,2.005699015328834232e-03,2.846638391863187375e-04,8.083806536073140326e-04,3.789527842795799729e-04,1.169460220862233654e-03,6.749584196774799892e-03,7.410396501857942873e-04,1.186947390392455387e-03,1.846300205331022522e-03,5.846396322844884088e-04
1.065739890318467484e-02,2.264629011625255914e-02,5.910490178423383201e-02,4.054290108929350239e-02,7.652338820702482558e-02,0.000000000000000000e+00,3.584503015821718236e-02,4.939889451177200547e-02,7.604437623055576578e-02,3.336565205363965086e-02,1.563578624075079651e-02,8.693121221571035659e-03,1.307670952590663177e-03,8.842925042469010257e-04,6.019160649247869838e-04,6.303469648788767197e-04,3.042667961104231667e-04,9.052784544537020211e-04,5.638164832750271714e-04,2.112724164938863201e-03,3.459934285552846355e-04,3.127740981112193280e-04,7.980099155707654933e-04,6.622012204588680236e-04,1.196446781817768609e-03,2.118592464262333201e-04,8.143699903163603921e-04,2.029514019363449541e-04,2.349353909841244217e-03,7.088734201993355383e-03,1.612053015299221102e-03,8.806646010394348148e-03,3.321289801260695652e-03,7.122243621355103978e-04,5.185951994172455790e-04,1.953632733910680343e-03,2.087205736935548572e-03,1.739789705112431599e-03,7.805474004515083582e-04,1.299395437653083651e-04,4.934394124962730634e-04,4.283850773578155597e-04,9.094901800947435833e-04,9.693663227470982954e-04,4.160816932463680287e-04,2.728214662179217348e-03,1.486521436381036971e-03,1.122969267512619182e-03,2.126357516169954758e-04,1.052460096239457663e-03,4.779043847357310366e-04,4.895142926003043671e-04,3.580381442319240147e-04,4.819931973373584272e-04,1.563085021681429520e-03,6.548948705044299818e-04,1.402722249719055890e-03,2.927793347827171836e-04,1.294415030547293793e-03,6.124416304168661977e-04,1.323458083080322149e-03,9.248382805924739358e-04,1.766093477259925203e-04,1.913303670400326060e-03,7.905613088381520555e-04,1.979933144679840826e-04,2.546730149093279910e-03,1.447773021193690321e-03,2.373014854677959595e-03,1.710639792087476953e-04,4.762782743645345733e-04
1.936164896517425169e-02,1.434759553525515562e-02,1.298546978955374305e-02,5.773836650167835094e-02,2.562037576928043528e-02,3.584503015821718236e-02,0.000000000000000000e+00,5.148972905487812085e-02,5.127014503618733399e-02,7.058157844234543010e-02,2.234738974213304821e-02,4.115073406849657604e-03,2.170580305766300813e-03,9.586800066423299726e-04,7.525665217731976504e-04,1.674590917786361989e-03,7.645108235851870654e-04,4.409249061230740706e-04,3.667278264377523398e-04,4.818804725331658767e-04,1.891267375071116171e-03,9.584618568763092440e-04,1.780610630435673246e-03,2.462257528051391055e-03,7.556690374941590384e-03,3.661552377875561346e-03,6.658529810565019455e-03,1.468260359467454378e-03,7.930348375265947047e-04,1.318505961001005099e-03,1.202065883346206936e-03,5.189375210203409344e-04,2.646088086627015781e-04,1.770604312319381353e-03,1.570732328062252959e-03,1.241779575641737982e-03,1.727112030865932471e-03,4.164384593129861339e-03,1.467069762163129799e-03,4.045890659815098728e-04,3.689886468325109998e-04,4.484863474301719818e-03,2.317446743952134187e-03,7.698980688249681655e-04,1.809233049188410224e-03,9.575770403443704601e-04,3.884872188540074763e-04,1.293093704822626411e-03,5.984393706025222838e-04,1.937827747370110987e-04,4.177609685545577759e-04,9.853556215614503542e-04,5.952080675139819919e-04,6.620425296016078497e-04,2.527873010683670996e-04,1.975562487601589031e-03,2.432315866812328510e-03,1.621501021991936936e-03,5.777291377891618325e-04,4.588357213448344984e-04,3.029048073942914514e-04,7.984945719709138443e-04,1.753474348264951041e-03,7.189262653303163603e-04,9.133578061840362528e-04,7.642467534638487138e-04,1.813496268439273576e-03,1.550792188986075976e-03,6.879091556775756514e-04,3.644054406113337273e-03,2.313931412437215647e-04
2.660797961661698092e-03,2.834256585128078210e-03,2.752443778449254960e-03,1.153617289677139751e-02,5.578045683366179147e-02,4.939889451177200547e-02,5.148972905487812085e-02,0.000000000000000000e+00,6.462335212809348917e-02,4.595081210749568656e-02,7.886799625377732825e-02,2.726216479664892584e-02,3.522028702277967514e-03,8.223903322844471281e-04,1.352264386304574207e-03,3.890878397231516735e-03,1.145557500459311144e-02,5.283585165010255824e-04,3.093297259053295585e-04,2.036054601137580067e-03,1.607372851638735152e-03,1.584282448594422901e-03,1.654516756608976182e-03,1.662875147778314616e-03,6.704886877475902231e-04,1.336953442739065778e-03,1.042831928612992197e-03,3.844140353678578625e-04,7.147226793962076869e-04,5.970520769090201024e-04,4.246160682003722719e-04,1.833203409264951185e-03,6.682190754187484561e-04,3.739264222478963810e-04,7.999622497720690036e-04,1.341296278144053864e-03,1.281962839950514946e-03,1.593786625892291368e-03,4.507286895869010157e-03,4.593052513708849576e-04,2.104902427574624219e-03,1.154296513296735379e-03,1.961090198928790510e-03,1.907364044146787722e-04,2.707569036009325027e-04,4.004382212653180562e-03,8.977558062778486034e-04,5.483543970832685304e-04,1.892769702765148034e-03,2.068072928986161227e-03,1.089874563745206774e-03,4.237358466485349252e-04,1.297961682283193521e-03,3.860358701526089972e-04,9.543205397343018648e-03,2.020424306991617722e-03,3.606131299346828408e-03,5.421874375227313334e-04,8.608329846723743054e-04,1.031041399391086945e-03,1.689423542395179995e-03,1.012075049648324598e-03,3.436430779934114012e-04,5.181135877938858889e-04,4.446824149933899760e-04,1.003014760113508800e-03,2.415875841299441624e-03,1.677587506464891642e-03,1.134281260999177136e-03,9.734037657109474110e-04,7.773442242890637923e-04
9.357755211781803835e-04,2.935603144222842173e-03,1.640633551019518924e-03,2.744479674999552535e-03,4.943397085278241482e-03,7.604437623055576578e-02,5.127014503618733399e-02,6.462335212809348917e-02,0.000000000000000000e+00,3.303237831602585245e-02,3.921823699080446979e-02,8.543130080859474840e-02,3.494567865341408411e-03,9.566936761431952055e-03,2.389491717469889587e-03,5.774090253307198953e-03,7.959169142034526814e-03,1.426356591811220841e-03,2.294858120677489583e-03,2.650611557693114111e-03,2.601604802662044018e-03,7.905394895164707600e-03,2.771753079925289107e-03,4.118276220714344078e-03,3.113213070391272329e-04,3.866858817850523668e-04,4.436018160920306500e-03,5.565501071352938573e-04,2.271151388259588441e-03,2.477175779127210094e-03,8.588576051404580138e-04,3.006405994045163212e-03,5.692184114054659252e-04,2.347355808673939198e-03,3.290741881393382563e-03,6.269493110907097422e-04,2.038063175858982330e-04,4.284989136939351684e-03,8.171045943167492718e-04,3.612276281083256699e-03,7.457250415856394796e-04,1.008198753081805113e-03,3.943435339685988014e-03,2.708053954528543208e-03,1.177718364199692880e-03,4.235513160737633918e-03,1.213856595225977801e-03,1.613383949219710943e-04,3.775882820190568068e-04,6.830456161938783287e-04,1.551866721312164998e-03,1.202762835332312234e-03,3.764634067341493702e-03,3.832693696262563961e-03,2.123044895528900747e-03,9.853510775950954752e-04,2.723627886894998146e-03,6.564173748120406306e-04,4.907468142614694693e-04,7.566618505765069580e-04,2.864435647420385776e-03,2.977074829508630856e-04,2.539663759284294456e-03,9.355166201493076176e-04,7.463687499670105521e-04,8.686623459171261864e-04,2.698694986017846544e-03,9.839366650581935544e-04,2.557468991977448775e-03,3.355636575236498249e-04,1.588566645957331701e-03
6.221866061876741953e-03,6.583344938460503407e-03,3.478889329093604564e-03,1.157748115111451731e-02,9.756187666943699419e-03,3.336565205363965086e-02,7.058157844234543010e-02,4.595081210749568656e-02,3.303237831602585245e-02,0.000000000000000000e+00,7.171146305511015562e-02,4.357466331094084211e-02,5.724540982239971834e-03,2.642641185478756313e-03,2.045378962818095690e-03,8.714959166481449707e-03,1.298251890524421137e-02,1.659250005729246639e-03,3.255171056243314864e-04,1.042563691458720833e-03,1.111453610860234451e-03,3.829354587723971144e-03,5.588231401261244211e-04,1.388471824463459155e-03,2.536076868493150182e-03,1.091173203312862392e-03,9.193194687269879263e-04,5.461789582933314346e-04,2.102280027036270999e-03,1.740247929972877456e-03,4.340994693556867248e-03,3.422431789917860807e-03,2.159358271410433735e-03,5.566997399476873200e-03,1.928831330958524900e-03,1.754657309162824860e-03,2.023427778563519162e-03,2.177669198251317405e-03,1.354692038705406290e-03,1.934059459039455661e-03,5.287359206149499537e-04,1.296229454950359157e-03,1.190221748473933427e-03,1.425465244183881340e-03,7.054691517018199607e-04,3.427194329939845354e-04,1.775163671904293880e-03,7.138740019712201462e-04,9.487454070001438439e-04,2.992668285600424256e-04,5.470952145051805916e-04,2.167730211999962327e-04,2.121875600771232304e-03,2.995062693651993641e-04,2.043231483681187070e-03,6.838064376716761553e-04,4.962707782791943908e-04,6.859034271098359654e-04,1.474019828270497785e-03,8.019693820054871712e-04,2.058398065412064999e-03,9.546500650082978198e-04,3.961673742705645006e-03,5.100611763068140479e-03,2.384273642476500508e-03,1.608583333426686236e-03,2.798302375275962990e-03,1.123438985100855313e-03,4.678201861736624545e-04,2.671188406723629398e-04,4.965887257677289654e-04
2.304813575174270799e-03,2.738684038908683911e-03,1.781940970701625937e-03,5.248707187599191415e-03,6.706836555763580864e-03,1.563578624075079651e-02,2.234738974213304821e-02,7.886799625377732825e-02,3.921823699080446979e-02,7.171146305511015562e-02,0.000000000000000000e+00,8.227767245715914002e-02,1.888069943198681863e-02,1.086993242306858939e-02,1.155582286761571743e-02,1.402932200923141630e-02,1.230553166988472558e-02,1.951335261635606198e-03,6.480892572243391811e-03,5.003043557028109822e-03,2.694395196407540875e-03,7.070406095251324623e-03,1.053794107870896068e-03,2.120140712738925130e-03,8.794036823390753883e-04,6.169384705629725203e-04,1.025086710199263904e-03,7.690305053715168525e-04,1.501768212889138072e-03,4.093417262290184599e-03,4.439967740747107383e-04,4.591110326838574243e-03,2.527694448907755512e-04,2.559113049052462625e-03,5.695782583853032256e-04,1.161510566349200540e-03,7.165491711160507180e-04,3.712459989807570093e-03,5.713053066374153624e-04,5.102240618314015513e-03,7.300326673418465299e-04,6.564977429952567091e-04,1.744081081322065374e-03,3.621075578917087087e-03,9.294450137634301633e-04,4.599817424092687151e-03,7.183367805094497977e-04,4.198392141124659060e-04,3.431076526884129126e-03,6.392261028254314463e-04,1.851352606340807977e-03,2.043382622776270061e-03,1.382461857131573593e-03,4.386506060886843504e-04,5.500500934188472420e-03,5.790825631636452439e-04,4.412640256754866617e-04,3.389276664381976395e-04,9.937602860957215484e-04,2.436691680326644031e-04,3.086528624723076930e-03,6.112603632632846590e-04,7.924786951903066857e-04,8.744117382446273904e-04,1.390426404929789514e-03,1.202413911203746620e-03,4.246468176368839442e-03,5.001780505464318780e-03,3.663109189527283737e-04,2.037120057485337465e-04,9.072377923956267357e-04
1.832441960996763260e-03,6.526901315822057842e-04,9.128960469617521502e-04,8.307666786000846883e-04,1.588358887377763718e-03,8.693121221571035659e-03,4.115073406849657604e-03,2.726216479664892584e-02,8.543130080859474840e-02,4.357466331094084211e-02,8.227767245715914002e-02,0.000000000000000000e+00,9.731843090368072838e-03,7.781026999808529285e-03,1.843946859060980074e-03,2.390846529787063121e-02,3.485036223363267155e-02,1.037972179582613043e-02,1.531356529225919808e-03,1.894105389242566398e-02,3.092143690657138573e-03,9.545741487224947402e-04,1.516149267451779746e-03,9.454200913556938275e-04,7.652324455999932537e-03,9.826641800318098360e-04,1.012016857068640365e-03,1.141954734388268876e-03,1.101124632315820563e-03,3.551326386217808651e-04,1.015173459740491410e-03,3.477955738372980402e-03,3.605437522825091778e-03,2.713945610387531043e-04,2.029987488240008776e-03,8.182512946485427652e-03,6.661291590110200679e-04,4.177788857069295622e-04,2.240717358036394512e-03,6.692313906052528441e-04,1.062888723695866585e-03,4.825974401040548987e-04,2.348653154418014425e-03,1.450132659732684525e-03,3.203163685148965097e-03,6.068200527514298892e-03,3.238284477487122018e-03,9.712479875966025401e-04,1.382831401462078372e-03,5.712844456557474677e-04,1.176189098041463847e-03,3.957240781166239765e-04,7.867706596657972513e-04,6.636395914531829183e-04,2.529348390887923865e-03,2.417317665112622791e-04,1.897760120998084237e-03,2.193145813992581315e-03,1.719068882111408035e-03,8.084218458852233339e-04,2.580148928643556574e-03,2.790260385072618459e-03,6.849453560722475534e-03,7.103368582517722955e-03,2.002336766752231111e-03,1.065044529925935398e-03,1.205390764943088319e-02,1.310132410190144661e-02,1.510953257334954119e-03,4.689393194045462891e-03,1.749095212047000608e-03
5.669743697934326743e-04,2.552030808204400376e-04,2.920304087701280785e-04,2.370452360760084780e-04,1.641073329875338688e-03,1.307670952590663177e-03,2.170580305766300813e-03,3.522028702277967514e-03,3.494567865341408411e-03,5.724540982239971834e-03,1.888069943198681863e-02,9.731843090368072838e-03,0.000000000000000000e+00,6.209784483996994703e-02,5.383487743679877396e-02,8.226256909935163175e-02,8.283297611409946859e-02,2.885535609271354732e-02,2.394560140923158303e-02,4.070960613053026950e-02,2.211298592427613906e-03,1.696117966770896218e-03,1.201923645676284021e-02,1.268677156063318908e-03,1.183676143617644339e-02,2.948235389025926495e-03,1.631521095348553415e-03,5.621913532380121625e-04,1.311750937271429288e-03,2.645124152569270151e-03,1.517860462170631409e-03,1.813373662842664722e-03,2.783871192447045107e-03,1.091724832875250184e-03,1.112899856102466355e-03,4.833089211639587414e-03,6.874804214787440205e-04,2.045869963604837923e-03,7.575609833167190697e-04,1.714244200311995040e-03,3.840538221550266959e-03,3.451312095149991401e-03,2.087151553938313710e-04,2.883800584090139268e-04,1.330492864343746492e-03,3.028559168947207031e-03,5.345575316787016737e-04,5.431463687078559067e-04,1.175558473426470277e-03,1.977187656010136771e-04,5.118170259974136630e-04,7.280682207782165731e-04,2.130699947561253750e-04,1.121093615730770062e-03,1.514007381597676357e-03,1.338783971748512677e-03,1.339399960343362356e-03,2.242483914071261800e-03,3.140808959555410531e-03,1.082394518137621978e-03,4.700478060843665297e-03,2.900913958233411645e-03,2.914134883131843344e-03,2.864375455573441118e-03,2.219811816600191032e-03,1.903424774835785292e-03,5.002965720341704531e-03,1.004433471077565213e-02,8.788702726771211371e-04,3.415638100990912168e-03,1.181631777923168635e-03
7.392946248671327953e-04,1.206590240980478634e-03,1.260633968839699375e-03,5.390287615086056206e-04,1.824434115452002771e-03,8.842925042469010257e-04,9.586800066423299726e-04,8.223903322844471281e-04,9.566936761431952055e-03,2.642641185478756313e-03,1.086993242306858939e-02,7.781026999808529285e-03,6.209784483996994703e-02,0.000000000000000000e+00,5.924453273316381691e-02,2.858613506007474502e-03,1.027651776527046951e-01,5.002570279181891427e-02,7.167885553443228454e-03,4.498984162863149672e-02,9.313049585855690676e-03,4.453326276322719553e-03,7.554463212752628859e-03,4.898802867037416534e-03,4.059927625950103015e-03,6.785879743316266914e-03,1.664444419291746672e-03,6.382036504766260693e-04,7.525521639503215433e-03,1.350814895918634731e-03,1.031845324378228906e-03,3.053365167597123404e-03,7.969921743797510382e-04,1.708817067711104363e-03,5.916366377092680809e-04,3.418708758000886354e-03,4.133572426906091386e-04,6.570441671728803222e-04,6.418329851076742028e-04,4.302820542501475986e-04,4.716446636265493966e-04,1.497078262748208601e-03,6.186479478587852228e-04,3.780502267911733851e-03,2.692416045098711759e-04,7.456585580839404518e-04,5.360978913521190952e-04,3.909710207551782453e-03,3.949009186862287649e-04,1.699533203784145299e-04,1.246149449273778118e-03,3.836752085933677189e-04,9.463563801866797494e-04,3.810791750688072581e-04,9.069249693329587683e-04,1.079161170126333082e-03,6.285411753309392592e-04,9.888696755997361705e-04,6.514453469031537261e-04,6.522820805246484863e-04,1.652697419205438655e-03,4.224033721389659247e-03,6.576323967854234278e-04,1.791689856508884389e-03,1.203318645268220679e-03,2.105985496389556517e-03,4.920531140672363205e-03,1.255118981790198998e-02,2.074849295400247370e-03,1.141140618056406611e-02,3.998103382258537571e-03
3.330849174157918648e-04,2.703873127700378676e-04,9.772268337970792165e-04,3.074573875690857867e-04,3.288254881821064089e-03,6.019160649247869838e-04,7.525665217731976504e-04,1.352264386304574207e-03,2.389491717469889587e-03,2.045378962818095690e-03,1.155582286761571743e-02,1.843946859060980074e-03,5.383487743679877396e-02,5.924453273316381691e-02,0.000000000000000000e+00,3.124546924431713391e-02,1.325919479107646182e-01,9.435919118187742483e-02,3.292266920176198375e-02,1.372368920905394328e-02,3.517264688608505701e-03,3.286427680285197717e-03,1.333859417340396529e-02,6.994997063146801350e-03,4.315112227279321519e-03,1.081927623897676639e-02,1.458107047536566416e-03,5.935685920102564024e-04,6.840969732476552198e-03,7.853630076616179446e-04,1.299359812380110162e-03,5.120587668062428740e-04,3.516669041437559158e-03,2.099730243506634734e-03,1.754548573346995837e-03,8.681883087545593652e-03,2.229652009792819703e-03,5.491344445824449189e-04,1.856030679865418353e-03,3.692440070480966941e-03,2.065411164043399160e-03,9.451585868367325073e-04,2.229725312147037494e-03,6.886454638338664882e-04,9.132218339457806805e-04,1.237164367023903038e-03,1.410526438690795767e-03,4.059280930492644920e-03,3.783929710764131473e-04,9.343764595983239168e-04,1.065541703381369353e-03,1.068751678990697163e-03,3.691282449799313946e-04,3.015611651154426350e-04,3.325764213470219950e-03,5.786817225421613323e-03,1.404365769029477986e-03,3.032765809065997124e-03,2.709754058553978597e-04,4.700180831256753409e-04,1.450882512526140578e-03,3.283599991083482644e-04,7.721635197030944425e-04,7.666157950590535806e-03,5.666391886710697278e-04,1.308548449944510125e-03,1.028084298992901907e-02,7.688938543900999088e-03,1.603971123560126583e-03,1.051936298385008559e-02,4.574487378191149423e-04
7.586463271673904831e-04,1.279267714232672085e-03,1.117518935730622614e-03,7.537309532351289419e-04,3.606027228991328000e-03,6.303469648788767197e-04,1.674590917786361989e-03,3.890878397231516735e-03,5.774090253307198953e-03,8.714959166481449707e-03,1.402932200923141630e-02,2.390846529787063121e-02,8.226256909935163175e-02,2.858613506007474502e-03,3.124546924431713391e-02,0.000000000000000000e+00,9.092901917093175468e-02,3.147889076468751712e-02,4.466801979477803136e-02,1.330339953348485399e-02,9.812427101902786858e-03,1.726770509477778843e-03,5.307016139943820758e-03,7.757347768053507453e-03,2.679510684121518081e-03,9.920090301792125476e-03,1.147919499699539625e-03,2.045601195036917362e-03,3.761153592208043607e-03,2.892686228398310463e-03,6.756237727031495994e-04,1.344554702040311059e-03,5.849368780658642519e-04,8.721867890738231556e-04,6.415348190288870569e-04,7.277028440106314512e-04,1.559295227259982139e-03,2.512697187333259516e-03,7.003506188110341811e-04,2.471939958495708838e-03,9.818557976188472831e-04,1.855585207276892355e-03,8.010313750396874655e-04,1.152314036888403559e-03,2.646006682926177640e-03,6.224844005171121771e-04,9.796026020853787226e-04,5.715208052578675188e-03,5.747674670015651393e-04,1.597769225063651712e-03,6.597258252438108986e-04,1.232675023089075707e-03,2.940114605336990785e-03,4.923008943794146986e-04,1.058357419660945755e-03,2.794432965100322047e-03,2.318284099048230058e-04,6.590661298498112775e-04,1.873124952812889018e-03,3.837030629749370553e-04,7.710653513534075545e-04,1.457811741660027926e-03,1.452350485634437867e-03,7.919688923280654869e-04,2.163769844778846117e-03,2.284766163728787613e-03,1.086103045334123546e-03,1.079635707804509938e-02,1.071330051469093422e-03,7.884712845278380594e-03,8.516891992822392399e-04
1.963336921322732069e-03,2.231279119823113746e-03,1.477719752899768306e-03,1.408077202291464596e-03,4.092464167050588507e-04,3.042667961104231667e-04,7.645108235851870654e-04,1.145557500459311144e-02,7.959169142034526814e-03,1.298251890524421137e-02,1.230553166988472558e-02,3.485036223363267155e-02,8.283297611409946859e-02,1.027651776527046951e-01,1.325919479107646182e-01,9.092901917093175468e-02,0.000000000000000000e+00,4.573913147507626537e-02,3.087555810200343434e-02,6.879009915509400053e-02,2.398493659524551444e-02,6.097151150025440294e-03,7.458377320718734965e-03,8.675187100342223248e-03,1.439385725962771985e-02,2.031717947079631978e-02,1.679676191649518563e-02,8.161272403064891157e-03,6.466828376269931865e-03,2.554132624179515990e-03,1.364990976236392893e-03,3.767834900279199133e-03,1.085851882504099402e-03,9.549054402814362340e-04,5.294006553760798690e-04,6.089178742992516465e-04,3.020225049995836977e-04,2.851195437395799212e-03,3.339984628212873809e-04,2.575089453888316062e-04,7.225968201935669723e-04,1.527656026869684928e-03,2.984236713963213774e-04,4.456707057595262617e-03,2.551051425915248309e-03,7.249163320505060517e-04,4.650023696781287706e-04,3.769058148821988197e-03,1.529785379007712019e-03,4.064244011620245082e-04,1.115312830202007648e-03,1.920311627382901556e-03,3.563045381442705908e-03,2.202086698117637718e-03,5.780317608730289793e-04,4.152833256170615842e-03,1.061224198144217982e-03,1.526089780086393273e-03,1.750864406299435481e-03,6.633850659980925759e-04,7.261920439439656372e-03,6.592849357526396961e-03,3.542891891562615454e-04,1.016205777085365299e-03,1.098315170616947752e-03,5.853259367224137579e-04,5.096599689626076998e-03,1.261378092934229735e-02,5.258492237870677176e-03,1.498109662564089083e-02,2.578893997359278135e-03
2.825827092877432681e-03,1.319321363563487511e-03,4.843574685688898686e-03,5.744451075146880499e-04,1.549109679999035065e-04,9.052784544537020211e-04,4.409249061230740706e-04,5.283585165010255824e-04,1.426356591811220841e-03,1.659250005729246639e-03,1.951335261635606198e-03,1.037972179582613043e-02,2.885535609271354732e-02,5.002570279181891427e-02,9.435919118187742483e-02,3.147889076468751712e-02,4.573913147507626537e-02,0.000000000000000000e+00,7.072206418639806480e-02,4.825804783339951443e-02,7.889497214130254676e-02,5.466238532992552870e-03,4.540788185851640964e-03,3.158024227514921560e-03,3.954640835471587464e-03,6.182126900065472268e-03,1.979963324155621131e-03,2.845501831108084977e-03,2.004453046898272382e-03,2.699697617017568583e-03,8.420568033452884363e-03,3.571983604707078177e-03,2.091362166470977450e-03,4.906409162697989443e-04,6.079629352066485363e-04,4.281618100950414316e-04,9.091255290491096364e-04,5.126485640333344578e-03,2.266729080410325413e-03,2.179701770683814110e-03,4.615510298001355115e-03,1.143758588173421353e-03,4.289635601046675405e-04,1.292582805144840575e-03,6.055307098719800571e-04,9.501911918672409233e-04,1.384298859131899689e-03,1.887114208464424825e-03,8.761035373331377664e-04,2.074556434130491833e-04,4.403201755123233290e-04,9.729446900137153284e-04,2.739684148778727011e-04,4.164580041343465410e-04,4.788434487906556569e-03,1.565855212457989464e-03,1.549623707496535288e-03,7.659797955470719778e-04,2.861121720589227067e-03,1.214413072679094855e-03,1.221288875265844455e-03,9.888835376861491566e-04,2.890975588548467395e-03,1.633906897367389454e-03,1.082915826713253676e-03,2.494121751941856188e-03,4.900319642983275333e-03,1.397611643176529563e-02,2.176514237421417215e-03,2.310190397795930470e-03,3.817356961263297307e-03
9.680146653666921956e-04,5.339850055789360263e-04,6.269606700133451265e-04,1.575892413967779505e-03,2.493328889467745393e-04,5.638164832750271714e-04,3.667278264377523398e-04,3.093297259053295585e-04,2.294858120677489583e-03,3.255171056243314864e-04,6.480892572243391811e-03,1.531356529225919808e-03,2.394560140923158303e-02,7.167885553443228454e-03,3.292266920176198375e-02,4.466801979477803136e-02,3.087555810200343434e-02,7.072206418639806480e-02,0.000000000000000000e+00,4.650833845802176264e-02,1.872658234359346474e-02,7.263475253963067035e-02,3.150937203951495458e-02,1.244538742316915469e-02,5.638066936285789955e-03,1.457098345426497722e-03,2.444992999591420919e-03,2.751848234553122899e-03,2.024321462050386383e-04,6.882169317972049996e-04,4.060170621314542448e-03,7.132102535116311044e-04,6.409040081855056333e-04,6.864768559441975643e-04,6.536626274292768862e-04,2.067972771035720466e-03,1.354047178631919085e-03,4.772302218152535067e-03,3.545462922812477567e-03,4.476423169038643642e-04,2.554605610805883026e-03,1.952826700632955687e-03,8.431889920865259184e-04,5.985297615113062582e-04,2.145212992162654625e-03,1.369402262259985029e-03,1.628004556671039079e-03,3.056561801399350700e-03,4.079770903866887510e-03,4.810411313975050500e-04,3.881812983442028335e-04,2.599541544715377323e-03,2.167934449747085761e-03,2.451443933426731940e-04,2.775166391059963192e-04,1.224696701558811206e-03,7.164126356375147752e-04,3.418371271559114081e-03,1.154639342894360748e-03,3.932649577674136691e-03,1.077646098590318664e-03,8.508525416792225154e-03,6.422658839049129580e-04,1.561815301429239460e-03,4.816350265705487185e-04,2.169667693784609313e-03,1.585155089537132684e-03,4.553927703102172986e-03,9.689086815071948485e-04,1.095032988174175770e-02,2.266138203411953086e-03
2.480501987444733592e-03,4.141086248658399846e-03,1.501621196075010904e-03,2.057170015180840618e-03,1.493494449840647312e-03,2.112724164938863201e-03,4.818804725331658767e-04,2.036054601137580067e-03,2.650611557693114111e-03,1.042563691458720833e-03,5.003043557028109822e-03,1.894105389242566398e-02,4.070960613053026950e-02,4.498984162863149672e-02,1.372368920905394328e-02,1.330339953348485399e-02,6.879009915509400053e-02,4.825804783339951443e-02,4.650833845802176264e-02,0.000000000000000000e+00,4.259177823756882947e-02,2.386803935313101116e-02,1.340260841619014300e-02,2.033279181517153034e-02,1.093365728175599468e-02,8.781837299108394973e-04,7.793863407885899368e-03,5.135895853178313285e-03,2.234795410858542858e-03,6.535239320100612662e-03,4.485107536243105805e-03,1.419228498948283974e-03,1.089245176686278642e-03,5.786890405516582382e-04,4.683228287411164530e-03,4.116993426359755875e-03,3.292945092558913580e-04,1.105859568084060704e-02,4.929062936921293700e-03,1.469487466828652998e-03,2.841174613824700400e-03,6.356302633328356211e-03,2.005295646123096253e-03,1.148768838360613017e-03,1.456215677822259025e-02,8.879260011845264283e-03,1.626822638406662865e-04,8.583430946748572734e-04,4.623532427592010052e-03,7.063359757193026986e-03,2.250917707056770620e-03,2.227721805530105074e-03,6.754271416511991623e-04,6.159772309119674726e-04,4.671935130791015495e-03,1.003123227525079151e-03,7.657942809980526058e-04,2.962506896894462512e-03,1.489262832867317525e-03,5.640144746955751305e-03,6.414703475028047178e-03,4.288504286185919855e-03,3.331733713808758112e-03,8.421565723013777968e-03,2.860374294509858070e-03,7.103291170720638439e-03,1.786480350346800194e-02,2.788426737820291421e-02,1.283031974260509349e-02,1.952357630966131477e-02,1.516808836112666474e-02
1.359507484865145896e-03,1.821814378733678692e-03,9.494844350591838877e-04,3.108648718909838332e-04,2.984798065877672119e-04,3.459934285552846355e-04,1.891267375071116171e-03,1.607372851638735152e-03,2.601604802662044018e-03,1.111453610860234451e-03,2.694395196407540875e-03,3.092143690657138573e-03,2.211298592427613906e-03,9.313049585855690676e-03,3.517264688608505701e-03,9.812427101902786858e-03,2.398493659524551444e-02,7.889497214130254676e-02,1.872658234359346474e-02,4.259177823756882947e-02,0.000000000000000000e+00,1.656615175501524248e-02,4.307860332912255563e-02,2.520905954737404434e-02,2.358224375853899824e-02,2.233608783036242825e-03,7.907410280012145548e-03,2.320353820825130781e-02,1.486858365734735309e-02,1.716095451759520581e-03,1.786197395651508216e-02,3.863910648353668844e-03,6.957374528107510090e-04,7.566963385593952068e-03,3.537420138221257677e-03,1.248316613543896643e-03,1.078786933931401163e-03,3.748813722537729879e-03,1.722896575858897869e-02,1.749518970300205671e-03,5.028299805824275326e-03,9.054275683357804888e-03,5.704086673362367306e-03,2.591762502201775450e-03,6.076387941054149687e-04,5.938249672650112304e-03,3.612246547541399320e-03,6.204184017838113539e-03,4.726850921498529715e-03,1.469152124715549998e-03,1.255578633642432176e-03,1.057907571674828861e-03,1.232907099626934623e-03,6.870701337759986538e-04,1.024415661078095785e-02,1.506830559829548839e-03,2.530303280582765595e-03,2.110528072750949332e-03,1.966996841342283104e-03,4.378909136484330188e-03,1.248320085089974158e-03,2.659475925816522091e-03,3.600716797568301666e-03,9.684068600919941514e-04,1.032888114649327177e-03,5.364365975319146905e-03,8.836682899139422856e-03,1.115399268035841863e-02,1.769645942409523581e-02,1.948555838930889766e-02,1.810180393944723493e-02
6.742859626093770280e-04,3.647345818123211075e-04,2.613463414963290623e-03,4.227435038981396326e-04,5.488114404089824636e-04,3.127740981112193280e-04,9.584618568763092440e-04,1.584282448594422901e-03,7.905394895164707600e-03,3.829354587723971144e-03,7.070406095251324623e-03,9.545741487224947402e-04,1.696117966770896218e-03,4.453326276322719553e-03,3.286427680285197717e-03,1.726770509477778843e-03,6.097151150025440294e-03,5.466238532992552870e-03,7.263475253963067035e-02,2.386803935313101116e-02,1.656615175501524248e-02,0.000000000000000000e+00,7.300606304673180891e-02,1.253262495084966899e-01,4.583656160905227178e-02,3.135638062009855204e-02,2.220438082385308917e-02,1.412293054471801604e-02,2.313104632488538481e-02,1.179631620813664274e-02,5.952766275993408643e-03,1.258408720295152439e-02,4.568567598953847397e-03,1.154428415533567849e-02,1.624403648275334414e-03,1.459828427073556461e-03,4.814486577532910584e-04,4.690833009079268742e-03,8.141333801401785808e-03,2.337852425727645050e-03,4.368706953974157460e-03,4.590548362878321860e-03,2.337556770758475021e-03,1.251999434166242622e-03,2.760183403415353027e-03,1.039238874606813676e-03,8.805712850336834194e-04,1.597326248065521074e-03,2.363652408351214328e-03,2.924964531617989163e-03,4.628099963384304941e-04,2.425689130566486792e-04,1.195299858138932454e-03,6.457496698280744060e-03,1.500890003533721226e-03,1.734609718732669104e-03,6.034980512615288444e-03,1.784382572219493732e-03,1.294976599872857534e-03,6.928984367902368303e-03,8.388110603294973711e-03,1.887898815359261018e-02,1.059872274032052589e-03,1.145211341845398922e-03,2.945449772736620508e-03,2.254122497769031185e-03,2.008206161737996921e-03,2.357038567745780178e-03,3.974557454652030523e-03,4.482969350495275007e-03,1.098270131691448694e-02
