0.000000000000000000e+00,1.428785457786477808e-01,1.534314933428068961e-01,1.847667678969157068e-01,1.062681317209034082e-01,1.407216211596953037e-01,6.791302757770549536e-02,5.853846738354764184e-02,3.585863947553105668e-02,1.256997452140735938e-01,1.706600789421944264e-01,5.240278432363811717e-02,5.262337420710555547e-02,9.477817436780534843e-02,9.027629618770517672e-02,1.918144967259196032e-01,4.133283247046268261e-02,1.206356017391819607e-01,3.868247142435121688e-02,9.924499369831642215e-02,2.151811280332791704e-02,5.506243407459117389e-02,4.153186447208370019e-02,1.116394539778080112e-02,4.819762868798849187e-02,7.532985596871953626e-03,1.104986161297580836e-02,1.071846393458585067e-02,1.080543452077419204e-02,2.157494540224557875e-02,1.556554427131440167e-03,6.875956256742760640e-03,1.120952005578014672e-02,1.441190358290584880e-02,2.435745371368824158e-02,1.230876731078906633e-02,2.784535480781178546e-02,6.412693286044289509e-03,2.075248261648404008e-02,7.857040305346219694e-03,1.996854197135259495e-02,2.890941840657561962e-02,3.006218317299816367e-02,3.444509133299868131e-02,9.650933528104643777e-02,7.082044318647405523e-02,1.362791641392135933e-01,3.977404015672130616e-02,3.010532922363393787e-02,1.227146709158851018e-01,4.253731294729751200e-02,5.771683382435613408e-02,1.081137019521171555e-02,5.398726480020785146e-02,1.186146223189914473e-01,2.392351002071110844e-02,3.259935787629071602e-02,7.376467358869261137e-02,5.168375756468361615e-02,6.327405439059366477e-02,7.442106757969672859e-02,6.504298423906014481e-02,1.055678868113414520e-01,5.128967440713368131e-02,6.912340807847049129e-02,2.965092393470296003e-02,1.829554931524961583e-02,3.156685690931828464e-02,2.550280835709404711e-02,9.250812449714287261e-03,1.334795959299300318e-02,4.097874037164920408e-02,1.746014526689930110e-03,5.083778423247568672e-03,1.156096392123901612e-02,2.955928789284619895e-03,2.895015968400987353e-03,1.269851573095455780e-02,2.210120356719922144e-03,1.486077147887835195e-02,1.735250088876475957e-02,1.615740068182980804e-03,1.766851011107806180e-02,1.330282280788032704e-03,5.308748012727007234e-03,1.472999131215248225e-02,2.275867158793049363e-02,6.279007202359843109e-02,1.784833529115975245e-02,3.884319074853121584e-02,4.219218541410755391e-02,6.120393328409608896e-02,5.642343826778036670e-02,7.993103062406974046e-02,7.773502355549265219e-02,3.214940993505208816e-02,2.472493409260911185e-02,6.418900288749716798e-02,4.930935001213937463e-02,4.163789752293362706e-02,3.988669220855990682e-02,9.168153249585987360e-03,1.987248065616638477e-03,7.390390041705643433e-03,6.720826478522052118e-04,9.571323664033123263e-03,1.388042839546873783e-02,2.984972058182720159e-03,5.588120500916445715e-03,1.518983787601588947e-02,3.134190894773156155e-02,4.366659086932146543e-03,2.147642359696440642e-02,1.248144975092070792e-02,5.070202290854727671e-03,1.210513707192564445e-02,4.244435997354145673e-02,7.579369201117832321e-03,1.300927602558570872e-01,1.175449166785820163e-02,2.054755439964131916e-02,1.153066973582691640e-01,8.718446988836536793e-02,2.111969247953556991e-02,2.027053448699648874e-01,2.451649939283213550e-02,8.112869330511454646e-02,2.322906090575833360e-01,1.161602854610973568e-01,8.822536481971658684e-02,8.757773071138391652e-02,5.410309383694322100e-02,2.500766734624278176e-02,3.809265605474121408e-02,2.877047066376127796e-02,8.084249094593025375e-02,3.140339597548314626e-02,1.001905841543142793e-02,4.095678884510148277e-02
1.428785457786477808e-01,0.000000000000000000e+00,3.099291462946635045e-01,6.958357123281153078e-02,9.181148943500601345e-02,1.395367166725050012e-01,1.092080102219527560e-01,9.049491221996895651e-02,9.863638109343002280e-02,1.875047232312384571e-01,1.390777814639777288e-01,3.762933045086872680e-02,2.768799102209412721e-02,6.644838304026662312e-02,2.685149163858810972e-01,1.755025446251115562e-01,1.100914443480176114e-01,1.756978226396755660e-01,1.172939898010147974e-01,1.463717904237660794e-01,1.520760058099915879e-01,4.991785713961130466e-02,6.008901682551175127e-02,1.088573989158304473e-01,9.311384934399442870e-02,1.742810172306234057e-02,1.209611623403908029e-02,7.945502078317678851e-03,1.036402586533431269e-03,3.339033365553491922e-02,2.547977217022314236e-02,8.956498853759604917e-03,2.838058470586948476e-02,2.489290653073194387e-02,7.341009575492061894e-03,3.388122669865436393e-02,2.375244119675437235e-02,3.327607156228835211e-02,8.379163267739231369e-02,2.478095361993712040e-02,1.883149042453436187e-02,2.356303766836618727e-02,7.848027350078614142e-03,1.775600677116200357e-02,3.808985018534463002e-02,1.508299017474143411e-01,3.341936013307555964e-02,6.539234568173166173e-02,7.155916202753660749e-02,4.238520272206613287e-02,4.124191817282649858e-02,1.804917804375091167e-02,5.448928357510960524e-02,1.595157075192370211e-01,5.223370329384298405e-02,1.539652353542038943e-01,5.997121275940469481e-02,1.013187581076443328e-01,8.118162348947745299e-02,1.342318294752317398e-01,5.658674827021392684e-02,5.068708731312953492e-02,6.330496104294465465e-02,1.127858175524465156e-01,2.747830899104925992e-02,1.718219751356383357e-02,2.361393358958335797e-02,1.305064928868640561e-02,2.015749684039267950e-02,1.838278478653538814e-02,8.859825292217413453e-03,1.445163719808286243e-02,9.052544273088979424e-03,8.652778149894166382e-03,3.506373955451846675e-03,3.801588052467828535e-03,5.836638301138050156e-03,1.647199524221192035e-02,4.694744416878776985e-03,1.863450018159717309e-02,1.494102106818393644e-02,2.862751956342810336e-02,2.133705047996699994e-03,6.675406216599056447e-03,1.517262785282532007e-02,3.957902626842845634e-02,7.895718697599510283e-02,4.411716951248569052e-02,5.072619241005810187e-02,1.530913172460565130e-01,9.169101492658868202e-02,1.672830696519740645e-01,4.173315943924364030e-02,9.966344639030694230e-02,9.836519443622866732e-02,2.142178285198551024e-02,5.845041999426808799e-02,4.494788524289394793e-02,9.184001333601221964e-03,1.427643732603717935e-02,3.088005521488548788e-02,1.165677732594684601e-02,1.010606670643554930e-02,3.180225249123065558e-03,2.214569664164791132e-02,2.589715052404036391e-02,2.027845942640507659e-02,2.446998599542939481e-02,5.972158712303976547e-02,6.777086949330294804e-03,2.452482906767336143e-02,7.397842481281100002e-03,1.849741316033498215e-02,8.688610906390031863e-03,8.123399354581301024e-02,1.429949647652413100e-02,1.598419500150977113e-02,1.266869362684090450e-01,4.019291102838762342e-02,7.657084518720810862e-02,2.704798815619924648e-02,8.502774504572985226e-02,1.476749809074668351e-01,5.976552456168079258e-02,2.158026771113598918e-01,8.796086012486228900e-02,2.056232042548542249e-01,1.692430392101682279e-01,8.622999545916287811e-02,2.042179021731600208e-01,1.129222010863870085e-01,4.937012886525833644e-02,1.146929262416527262e-01,1.079926757771253742e-01,9.550490554293337986e-02,4.412962442769375465e-02,1.778094151430851047e-02,7.699598962070720864e-02,1.186941811729076181e-02
1.534314933428068961e-01,3.099291462946635045e-01,0.000000000000000000e+00,8.877541479171986716e-02,2.353896530570797896e-01,2.973710515923658759e-01,9.598203280980911745e-02,8.017621368994397313e-02,2.615856934158277206e-02,1.142283355395671690e-01,4.502927743052869552e-02,1.167337027565682334e-01,9.670210955752989168e-02,8.152548370884674100e-02,1.739255058392423225e-01,1.939572550242176785e-01,1.383407889114683376e-01,1.568776486651403679e-01,1.332386925032033043e-01,1.601834521433764535e-01,1.580239013331833364e-01,8.142930392604282031e-02,6.676480269050873162e-02,2.150048083614497160e-02,3.852332223391467109e-02,8.314284216533029265e-03,1.156695287472396007e-02,1.281390675364896606e-02,2.236248674751181720e-02,1.157924823014226667e-02,3.787868863408164199e-03,1.395772143513420230e-02,5.147640664378715092e-02,2.297974477851219555e-02,7.137004277741219524e-03,1.153696096580855181e-02,6.516942498146480189e-02,1.118137212816836847e-02,1.288190575615431703e-02,4.680830226159983509e-02,1.906470219662131926e-02,2.099376154790126223e-02,4.265529845977619749e-02,1.892565777437847652e-02,3.807882789727703304e-02,6.126766739290481073e-02,9.748195912682018627e-02,3.740797660353600146e-02,6.654706308917085478e-02,5.772272238204493450e-02,1.567212745667913576e-01,8.393866218655184064e-02,8.580643515879050887e-02,8.894129015665599991e-02,1.269632628657715590e-01,7.498318548994259425e-02,6.498537999941399190e-02,9.707751197189901093e-02,5.142917219311561594e-02,1.193684954699177347e-01,8.460146268998575136e-02,9.727889813127954532e-02,5.934828386826531549e-02,4.343460354285276492e-02,1.287078701163220547e-02,3.538235960721909656e-02,1.698095847842384307e-02,4.411485418786879886e-02,6.326542329486761762e-02,7.065902896536341293e-02,5.110992069170809671e-02,6.736911491304994892e-02,2.625427467519097363e-02,1.353413724366351982e-02,4.666810984292203701e-03,5.612952097615727179e-03,9.157554959233579761e-03,5.182252257841220983e-02,1.445192575225614021e-02,1.970914651153287539e-02,2.941181964166175895e-03,2.607302849196040020e-03,3.858178483729864106e-02,7.630709668586999408e-03,1.313681905211774685e-02,9.076332606458697994e-02,7.793448630080099249e-02,2.760269017520823251e-02,7.929474185230311889e-02,6.437427560559676187e-02,2.388747780570156867e-02,3.937178857890549083e-02,9.555499025468248975e-02,5.931937557623731538e-02,3.834449671198981308e-02,4.452141877122559738e-02,1.887074723798979822e-02,1.702631176616832900e-02,2.066508826938226115e-02,5.469845724250100086e-03,1.935353589217107817e-02,4.465973311062218336e-03,7.300132477880283063e-03,1.463584347978161455e-02,5.927431685702517702e-03,1.305721214427126714e-02,3.616282403094165515e-02,2.978951172558778199e-02,1.724470479985369328e-02,8.029586706035143906e-02,3.269335225182905258e-02,6.922078398987277503e-02,1.109110329425675411e-02,8.933026032928806370e-02,6.385189424927815993e-02,4.963676340142280513e-02,8.025144770223620674e-03,6.236482185635142811e-02,4.362930699623404629e-02,1.055945524528405753e-02,9.782233980936111406e-02,2.036063230192907691e-01,1.900621735951628644e-01,2.073624689023356032e-02,1.643358569356439536e-01,1.116768327053753174e-01,6.136086032887820563e-02,1.971899079610443251e-01,9.424363377448795320e-02,1.562184940406723122e-01,1.448593880527785926e-01,1.189476044238895469e-01,6.945710595779959473e-02,4.748609161443288068e-02,4.190428211179800244e-02,5.390168758406526511e-02,5.954825086134557521e-02,5.840888543153420487e-03,2.553658164858445614e-02
1.847667678969157068e-01,6.958357123281153078e-02,8.877541479171986716e-02,0.000000000000000000e+00,2.480061048192891138e-01,7.410233868205108598e-02,1.382816460125656510e-01,1.990079691262865991e-01,1.961935216199119925e-01,9.166594091056683158e-02,7.470563505491689682e-02,1.743048953827408196e-02,7.732180544001764078e-02,9.681574205634203845e-02,2.359868512991825651e-01,2.391456150879815168e-01,2.067619983043378629e-01,2.537982701294331789e-01,1.302232807622632771e-01,1.528634306403736931e-01,2.194539121812597027e-01,1.249622018077244517e-01,6.095590920151291309e-02,7.388304628059359780e-02,9.039202841993099202e-02,1.489986014372735208e-02,1.290149886244651607e-02,1.799778394015846480e-02,1.337466468915203197e-02,4.610939101091322476e-03,1.751980741187479651e-02,4.137092598996999077e-02,2.191957929500046656e-02,1.626720440349832542e-02,4.286003494065578762e-02,1.654089343257926503e-02,2.037907221691946311e-02,8.155799551219446858e-03,1.015411478664756673e-01,1.783357231808535559e-02,2.255161005574888786e-02,2.082303803021665761e-02,2.154160977684515740e-02,1.063773745454057174e-01,7.614323878971511472e-02,2.740971281580261917e-02,1.379912698668079585e-01,2.398349736752630398e-02,4.209690404207163533e-02,7.262894027058416913e-02,1.065552340987035024e-01,4.939844688443592591e-02,5.740603041324390809e-02,1.148740020239756021e-01,5.880200354367537408e-02,1.399711318052742626e-01,3.605631068145591367e-02,2.243261764760320631e-01,1.162602276364014114e-01,1.888005863637178261e-01,1.026491300743569007e-01,1.479465260073256350e-01,1.379005365461224430e-01,5.488122829110154283e-02,3.090824012158808337e-02,4.561914425824461355e-02,2.387192367918579416e-02,1.053689439964140308e-02,2.623984285484549928e-02,3.388931380083433365e-02,6.548790654056456211e-03,2.373065027305879329e-02,7.053408233683141140e-03,2.471661364386782203e-02,1.364835507731207778e-02,2.416409321735167245e-02,3.492790745029221433e-03,8.316575833229205780e-03,2.251406483049910381e-02,9.795297020148566527e-03,7.894006764161579787e-03,3.194311674652638468e-03,3.035077276872462718e-02,1.415026926934692501e-02,1.216956948883995623e-02,1.296597662300978115e-01,1.066867430111624049e-01,1.332195884728251400e-01,8.340546808886419028e-02,1.152028462122783731e-01,1.747972841133520472e-01,9.264667447251782872e-02,4.007217161424520696e-02,9.459717893635628816e-02,1.505475424908878368e-01,7.454383892330275485e-02,5.302595144561367269e-02,1.117224712443060652e-01,1.251845278990692222e-02,2.961590264174761983e-02,1.442659559656871669e-02,1.200151554711513264e-03,2.607108520693149703e-02,5.202482274253947270e-03,1.834118029328161634e-02,2.128130761406085009e-02,1.593326160311439935e-02,1.901636893998879044e-02,2.060260820276526433e-02,2.698273086098232441e-03,2.998020716648397074e-02,1.841574990452213983e-02,8.773420203873073461e-03,1.341782968182587965e-02,7.504041513719876544e-02,5.189587182839468238e-02,1.306139214706302475e-02,1.406934851732165315e-01,4.810441746269271401e-02,6.291448620456140117e-02,1.002121526712110577e-01,1.042909025055109157e-01,7.273184022794487724e-02,1.039171766835495364e-01,3.747838701476051138e-01,1.000758675339157716e-01,1.239818025743342073e-01,3.679993624046574152e-01,1.829251618591691830e-01,2.260435159637688984e-01,1.601009508234253753e-01,7.047627756506047447e-02,8.126375013645766032e-02,3.545693077251411279e-02,1.792820612842660824e-02,3.977266683044643203e-02,1.306361353253996001e-02,6.932094925539609986e-02,5.724679601309116961e-03
1.062681317209034082e-01,9.181148943500601345e-02,2.353896530570797896e-01,2.480061048192891138e-01,0.000000000000000000e+00,8.853065975124448095e-02,1.976439806538526078e-01,8.318977439684725750e-02,7.829766412398372899e-02,1.409227308587189531e-01,4.847533995559602515e-02,4.173626388387619707e-02,3.113637369607925517e-02,2.625439674828671799e-01,2.018061440255379813e-01,2.164064867705173811e-01,1.245905176782334950e-01,1.367930634159559844e-01,2.167371999697589591e-01,3.249132010221997963e-02,1.258164675590088821e-01,7.831142819374692365e-02,3.691350829806864381e-02,2.777002957035735672e-02,1.085405496744537394e-02,7.047641140293974676e-03,1.627675981088286261e-02,8.376225314972441521e-03,1.978760907405274598e-03,2.684938999487852113e-02,3.533437948547360485e-02,9.695825893614060109e-02,1.858539928588277129e-02,2.650556292324984450e-02,2.783356116756981885e-02,3.127146495737272852e-02,5.736287398166643042e-02,5.272353070831271166e-02,3.098428373070867548e-02,7.357193226756154891e-02,2.412735554341755018e-02,2.562584506102073140e-02,4.867600127393897219e-02,2.009862106547250990e-02,4.155600262786869614e-02,1.586997364037698310e-01,4.792363581023899310e-02,4.936006214957255889e-02,1.117362768382524491e-01,3.921259094228269487e-02,5.230811298995447639e-02,2.315003745051104345e-02,6.523030496969124681e-02,1.945889308649907112e-01,9.143549793541988491e-02,1.745118321894260915e-01,9.994724223828943543e-02,1.282400522605155746e-01,4.166672152976973881e-02,1.331334021652263166e-01,3.434121912683128081e-02,2.820514409696895514e-02,1.773307624192797111e-02,9.916786134208768755e-02,5.769572134692010218e-02,6.079721782514601464e-02,3.044356026235830667e-02,2.971213521812609074e-02,1.676325937957826376e-02,2.622882683199425496e-02,6.791127145596890548e-03,1.800356047941717094e-02,7.256107893435915016e-03,2.482297195986724048e-02,2.955323424643082567e-03,1.195179087042312280e-02,5.216856195063155482e-03,7.012370174755450103e-03,1.218635738454622785e-03,1.234556241464223117e-02,4.686032547658745134e-02,2.368263459820673517e-02,9.800674231921095714e-03,1.405514639959830683e-02,1.467047996330805154e-02,6.521093333560604166e-02,1.260347982318518190e-01,5.018692017723436899e-02,5.664096457492970305e-02,7.942571748945140286e-02,3.187357674226472953e-02,9.160853418030684772e-03,1.591447247871767834e-01,1.400123285040484333e-01,6.993870537669115428e-02,6.582373857167864162e-02,1.153770197725207114e-01,2.515528974610330842e-02,6.368936799679070226e-02,6.345718750228664107e-02,1.449996743969047012e-03,6.781820876584448293e-03,3.702400948406646842e-03,1.167626610170403520e-03,3.947040126613701912e-03,5.063200527331462690e-03,5.675209052912432578e-02,1.482855502302378664e-03,4.418077860026551132e-03,1.133411265334034745e-01,7.141643699210638296e-02,3.767494155408483703e-02,4.845109380046513578e-03,1.426643111937454800e-01,2.217142569285884546e-01,1.984874230993173005e-01,6.665930297474519095e-02,2.823287345924189173e-01,3.504454976143664413e-02,5.858009336121027671e-02,2.178899319435098902e-01,8.302583172348532159e-02,1.065344735369893187e-01,4.755507837941562455e-02,1.575634335103537620e-01,7.118300934840993133e-02,9.304289940284565796e-02,1.132728308645737231e-01,6.112120117714277961e-02,2.992070860079384387e-01,1.323402517188612126e-01,6.065105785752604450e-02,2.295926883443696054e-01,1.305973118413646661e-01,3.075752577120900375e-02,4.106965728954616035e-02,8.295312266014985211e-03,8.867387392536095481e-02,1.988786006512309121e-02
1.407216211596953037e-01,1.395367166725050012e-01,2.973710515923658759e-01,7.410233868205108598e-02,8.853065975124448095e-02,0.000000000000000000e+00,2.134579618042701799e-01,2.491770096352711461e-01,9.205032175476095258e-02,1.272444729932928065e-01,1.110638849401570649e-01,2.210677895599733322e-01,4.436919593700439091e-02,9.467987883668266269e-02,7.446975523713192380e-02,7.629604749524916685e-02,3.865101119730919299e-01,4.166842519706273618e-02,1.332849688021371104e-01,9.700226120615383640e-02,2.996035349786426161e-01,1.656860438072001729e-01,1.429755486371434570e-01,2.935814885399547561e-02,3.397264627473954839e-03,1.016561039722999049e-02,9.230485932672068128e-03,1.085678054681401064e-02,4.000922915950400061e-02,7.020833356462381943e-03,1.201400792863692966e-02,2.090385576324061898e-02,4.742097162004402927e-02,2.088162287624018010e-02,4.108618116170422579e-02,1.813109628038585622e-02,1.146679481322227939e-01,7.369281445786753093e-02,1.406053409108028868e-02,6.819590673446140894e-02,1.951564176924341920e-02,3.792870985706078141e-02,5.826021743942493003e-02,4.902868991505976437e-02,4.972655250638392116e-02,5.590442276630438329e-02,1.604319618150990001e-01,6.178834470479012408e-02,5.863538882260151130e-02,2.879709540340382942e-02,1.854327202239713090e-01,3.210152214497260376e-02,3.127114091855621308e-02,1.151084273445952127e-01,7.541780011133161765e-02,1.561243375872387595e-01,5.474002973161554153e-02,1.511598968218366978e-01,5.734087093346600800e-02,9.895078556403270886e-02,8.445372944391442427e-02,2.668795966392605370e-02,9.685559377235175571e-02,7.112362730146890022e-02,1.429237868527726170e-02,5.761803436777664100e-02,2.227615235691205939e-02,1.859197853097866240e-02,2.379117655354368727e-02,3.772132522187775228e-02,3.279288959858634583e-02,8.187235952309230777e-03,4.283345125148339122e-02,4.144439349179929177e-02,3.931432944845552474e-02,9.867444908012419982e-03,2.085691629916875539e-02,1.549038050777061006e-02,9.354231842538120179e-03,7.173782148694010305e-03,7.348884697910447288e-03,2.027790291013279247e-03,7.025585558779560980e-02,2.085495114565673325e-02,1.907898124098689543e-02,2.107890145966090922e-01,2.058082752071450916e-01,1.239376896513900844e-01,1.932726219929758460e-01,9.380907579596314827e-02,1.321463554209433289e-01,7.057112915376011208e-02,1.068159121181421339e-01,9.586637521196315903e-02,5.274054715306480956e-02,2.954975303428684572e-02,3.978659147461447582e-02,5.817831684048888757e-02,6.430460669113889118e-03,7.081719298706877800e-04,4.206543360454961973e-03,2.200133908638176455e-02,6.875853839844948967e-02,8.544616627582810042e-03,4.632474234692741076e-03,7.789883772664409067e-03,2.906270314541317332e-02,3.603441414942339105e-02,1.198079126261839510e-02,8.642181219123021285e-02,5.087733871340018033e-02,3.592246167855245309e-02,3.125769869508279730e-02,7.454135888251868514e-02,1.068861369199952255e-01,1.705299102877783635e-01,2.890298302461726671e-02,1.702564707933369448e-01,1.944645883485937934e-02,2.287925771950493140e-02,2.734783724073281408e-01,1.147438487795264805e-01,8.317111044589278745e-02,5.541460336884366372e-02,2.357988027957009514e-01,8.770045122229007395e-02,9.396999028466153370e-02,2.832388653297268633e-01,8.767277355975514053e-02,2.312913887934200940e-01,2.755082038810608980e-01,1.443101046763081152e-01,6.758653588310657712e-02,6.377170288849280666e-02,6.793352161196541950e-02,3.608934771185528384e-02,5.577531466567859503e-02,7.695879199237361072e-03,2.624585061176584744e-02
6.791302757770549536e-02,1.092080102219527560e-01,9.598203280980911745e-02,1.382816460125656510e-01,1.976439806538526078e-01,2.134579618042701799e-01,0.000000000000000000e+00,9.875333260497329291e-02,3.369693314412983698e-01,2.206279684619386894e-01,1.222807372570883788e-01,1.834085977391328726e-01,1.036201454676367595e-01,9.522266979677447563e-02,7.457492335389633020e-02,1.011590381962620827e-01,6.714273715177690449e-02,1.058194619639815127e-02,3.430583081671793183e-02,7.530885443861184969e-02,6.617643831656465359e-02,7.938474093011552157e-02,1.990560644030753973e-02,1.634663109237836920e-02,9.027339472544812851e-03,3.745542996824175602e-02,4.778635639958148801e-03,1.573506655675622687e-02,9.115722385888628057e-03,1.399900915764488822e-02,2.453304472504300171e-02,2.279766094507220189e-02,2.047307131183348852e-02,4.004980105211065899e-02,1.140845490003286784e-02,9.847683755707842268e-02,5.893221090599253670e-02,1.695964288035765322e-01,1.266684720325991498e-01,1.483027797536700110e-01,1.306538012934641349e-02,1.070796843782930927e-02,1.667948318807437741e-02,5.762905266735203480e-02,1.152612835221925175e-01,1.139884094297292788e-01,9.391496124055739858e-02,7.236693287055619150e-02,7.684745890047228745e-02,9.062764149414960502e-02,1.874307028367169781e-01,1.522974063339634088e-01,3.337768330190235555e-02,1.106481655135932579e-01,6.358109982038055719e-02,6.139825223809053378e-02,3.620681144738488455e-02,1.198383515797059456e-01,9.419776733160059590e-02,4.351171061693288877e-02,9.758500821192837849e-02,1.047878032207732180e-01,9.384390171840974182e-02,8.290822437519813903e-02,5.123406937087394281e-02,2.229489716682763953e-02,4.824231622858572710e-02,1.851048485375215644e-02,3.836220049514524333e-02,1.091237186294824121e-02,2.057733432043789071e-02,3.615005517439251730e-03,2.880127677811039275e-02,9.076678068681150180e-02,1.960384819398588996e-02,3.400728091438560974e-02,6.551471745946399819e-03,4.574370568860480768e-02,1.047421968432147264e-02,4.626742223035113649e-02,3.414583547824853738e-02,3.788382376081965430e-02,7.702102688759999982e-02,2.637200464125719415e-02,1.715017549169759944e-02,1.311532441300250484e-01,4.695535609299534424e-02,1.010837007433647294e-01,2.499799720764686248e-02,1.451181720708284717e-01,2.280120394627191752e-02,9.636819264801249618e-02,1.448697907437966059e-01,5.265751528540609655e-02,2.799882588435117017e-02,5.497031931847229380e-02,1.407490333641282093e-02,1.064530645316627382e-02,1.949083303180643850e-02,4.865148226254426347e-03,8.967799837317264391e-03,1.022080922048240054e-02,6.895869519376008998e-03,5.634228251547217757e-03,4.488366603547479065e-03,5.196411262357886890e-03,1.476421470962596336e-02,4.318177840998604390e-03,1.825366434697248477e-02,5.341590436673263748e-02,4.225907291661501475e-02,5.115318533835419221e-03,1.888125342583342470e-02,6.177714537818305290e-02,5.081614516803396181e-02,6.861363465807858095e-03,2.578481492313773604e-02,7.552601600400993265e-02,9.363789744369681312e-03,3.707302499041822963e-02,5.384403092180024136e-02,5.393198618956749485e-02,1.481318438653324472e-02,3.339795700747849594e-02,1.554495495193389532e-01,6.567306541699635680e-02,4.470673719414076236e-02,2.301569112711616683e-01,5.225109020378116559e-02,5.185583607886201651e-02,1.858314178215428325e-01,1.630050930670541853e-01,5.168261028076953645e-02,3.112993500830618307e-02,8.103701348003558569e-02,9.639456223721372397e-02,5.777598549863546123e-02,1.165771940092071302e-01,4.928538149109466110e-02
5.853846738354764184e-02,9.049491221996895651e-02,8.017621368994397313e-02,1.990079691262865991e-01,8.318977439684725750e-02,2.491770096352711461e-01,9.875333260497329291e-02,0.000000000000000000e+00,2.403535553750290044e-01,3.158690701908810072e-01,4.404811970426011358e-01,3.357436767649631393e-01,4.440080155068131841e-03,1.135187400944369512e-01,2.468551380102927129e-01,2.482695413621885394e-01,1.174769399291307193e-01,1.163492186519981403e-01,5.906948494025541369e-02,3.453544898318665346e-02,2.206366305294208546e-02,4.719836095400174562e-03,2.445305893663506092e-02,5.427152808780372900e-02,9.294785763153030900e-02,6.666009284013620084e-02,3.054976988051706296e-02,4.969527708384045145e-02,1.659005976534858387e-02,1.245231938270326306e-02,5.628168718989108935e-03,4.217458148012741964e-02,4.050200998187573204e-02,5.098131389971545524e-02,2.325965874714809242e-02,1.994379245633132181e-01,1.065696435004446774e-01,3.645693233789212839e-01,2.056886091614043843e-01,2.848334558497537805e-01,6.495268478531338041e-02,4.370271805720467306e-02,2.388387516614595696e-02,9.999885078979701969e-02,9.313625328100337553e-02,7.404592821689982840e-02,1.501594807990808654e-02,5.163451859626936452e-02,5.622954491456508969e-02,1.012805346025075770e-01,1.834660160238865689e-01,3.327896350492914879e-02,1.652010401814743290e-01,4.849403963943218349e-02,7.083616545833513849e-03,2.145856227260286436e-02,1.243050293205280599e-01,3.746751641325749699e-02,4.212504794311012525e-03,7.698642036168525105e-02,3.730375758066135916e-02,2.933835405289652448e-02,5.642936317279681480e-02,1.105184173885047708e-02,1.238034203613183892e-01,9.146226612285916768e-02,1.204276661118883554e-02,2.433393365583018733e-02,5.632080461769487650e-02,2.299727368415117532e-02,4.910726439509942309e-02,2.106323399511097691e-02,6.869786370440333911e-02,8.405126457465546264e-02,4.721849903391777542e-02,3.821364443197682731e-02,5.654639039409164666e-03,3.348219701700151651e-02,1.026348175329071938e-02,1.289782474156626023e-02,2.320049803610378571e-03,2.650553549076406848e-02,6.889477302854450647e-02,5.509504053633943604e-02,2.531044858615312185e-02,5.216499438242050424e-02,1.281333500758901484e-02,3.524588568760016194e-02,2.905362743566319503e-02,1.621241093634718522e-01,5.218121051291559759e-02,2.485268427494781163e-01,2.983116578155543541e-01,5.488831280608218177e-02,9.355076269474754680e-02,1.796618231384429498e-01,2.632293894501037956e-02,1.090566377145868876e-01,1.398637391117661943e-01,1.025940009857237573e-01,2.222758227965837205e-02,4.492525699227211539e-02,1.598874174453940311e-02,2.445105663316590044e-02,8.015163803953005359e-03,2.003254812167728355e-02,1.232860203442418395e-01,1.706855725630031795e-01,1.021212759275564458e-01,1.441252677551015382e-01,2.071491988460082423e-01,1.442481872068084037e-01,1.060056302264908989e-01,2.282122519376425795e-01,2.315711112166359345e-02,1.020417421916128692e-01,8.989755593533196865e-03,6.790840608263988033e-03,6.970773280545866646e-02,1.008527526633632154e-01,1.494631165520653171e-01,8.464994621697440047e-03,2.089952411001726185e-02,1.659610122550083874e-02,2.080857763469340718e-02,3.807096219099770362e-02,3.077023132825189647e-02,8.702933520096040043e-02,6.384987301037381435e-02,3.224924437655326409e-02,5.353772692066407352e-02,9.766608685886736529e-02,2.146351434772738112e-02,7.870143704087873004e-02,1.447190194349927683e-01,2.564233279141617250e-02,7.145364803515139029e-02,6.026195091183275676e-02,2.519925930603069894e-02
3.585863947553105668e-02,9.863638109343002280e-02,2.615856934158277206e-02,1.961935216199119925e-01,7.829766412398372899e-02,9.205032175476095258e-02,3.369693314412983698e-01,2.403535553750290044e-01,0.000000000000000000e+00,3.027323367759170991e-01,3.036835056574483938e-01,2.210829191335690891e-01,4.686497975803667615e-02,7.985561001697730199e-02,3.924851164963127914e-02,1.338765185604581104e-02,4.016644032248083834e-02,4.054180342613975668e-02,6.233043003808697718e-02,2.125136979615615054e-02,1.586936356646919885e-02,1.128626565525846920e-02,1.970664696003597560e-02,4.453882909725068867e-02,1.568612604580262027e-02,2.137874101697618753e-02,3.690247420005836766e-03,1.254218929760710262e-02,8.788289888372964945e-03,8.066572835742065115e-03,5.659389026978023027e-03,1.641130331385563454e-02,2.116726745642093233e-02,5.013716108461065829e-02,1.843793294523606930e-03,2.029940183775975349e-01,3.619061775367118927e-02,2.794344623901384717e-01,1.091672302898062247e-01,1.823884118401570831e-01,5.172687050466500541e-02,2.267718692903405650e-02,4.555662271559440119e-02,9.317696684545884178e-02,2.965246026693599962e-02,6.348074192506167335e-02,3.563449076244160768e-02,1.500023329100110166e-02,8.044285813743624891e-02,3.839194500705196689e-02,5.147791544629817806e-02,8.804297802069998083e-03,3.424073297609179362e-02,4.671701083392939408e-02,2.621711431701581260e-02,2.821761713672135685e-02,5.673896035977395169e-02,4.606099550560256023e-02,1.459612042535407724e-02,5.192712029976444266e-02,1.499671888834507721e-02,6.958148903853009215e-02,2.073398925946733432e-02,2.045732212664411534e-02,5.531281614087547871e-02,1.550129090408926269e-02,3.344510818098748312e-02,8.933492875014586304e-03,7.539223342919061654e-02,2.458371353776058962e-02,3.994979512566088076e-02,2.343633040442168886e-02,3.596169169152767936e-02,7.298995794001920945e-02,1.048707918677219825e-02,2.858204320099418799e-02,2.896784236528259643e-02,5.473338519270766478e-02,2.137119060879920027e-02,1.389037474663516215e-02,1.874438583269186394e-03,3.530548195386935817e-02,4.023919843512704930e-02,1.568580049138420737e-02,1.601819999736174213e-02,2.288169790881369736e-02,9.038007719956674124e-02,1.142761485905434242e-02,3.152431534520273165e-02,1.087067943404851633e-01,9.832912850063380006e-02,2.212920613651282453e-01,2.420750729263541623e-01,2.744019853279807547e-02,1.204995652214826268e-01,1.755603947280917065e-01,8.821847897092334467e-02,1.185624745670555008e-01,1.473352036301749657e-01,9.595278549160587978e-02,3.861348757849428909e-02,2.094243837746150722e-02,5.155321591154528142e-03,2.713834562651912946e-02,5.267951123841202454e-02,7.344896786452272119e-02,1.648875511192501031e-01,5.249055544476832758e-02,1.356901302153949995e-01,2.304634381672653887e-01,1.463918844132089114e-01,5.253792345381209927e-02,5.834212435658392426e-02,1.994765087664870096e-01,5.031039298387979947e-02,1.407256615855994875e-01,5.277322393467619686e-03,1.885059112750201923e-02,2.709828903817624104e-02,6.873977092031720304e-02,1.469700520320929016e-01,7.133585264044955965e-02,1.908062284565301830e-02,2.227640546333468571e-02,1.991464087371375494e-02,4.780515802736903797e-02,5.592296451031453230e-02,2.930875038318381948e-02,5.248680884114951400e-02,1.775241113923758940e-02,1.418953229608993852e-02,4.999541857885054369e-02,2.951427126343464727e-02,2.603279857254312338e-02,1.221818603826155536e-01,2.780091929158852102e-02,6.002353335725038597e-02,3.257093328833474133e-02,8.464717099294768662e-03
1.256997452140735938e-01,1.875047232312384571e-01,1.142283355395671690e-01,9.166594091056683158e-02,1.409227308587189531e-01,1.272444729932928065e-01,2.206279684619386894e-01,3.158690701908810072e-01,3.027323367759170991e-01,0.000000000000000000e+00,1.354629190579102471e-01,3.741231300021848893e-01,4.400315224737562370e-02,6.640395086154281257e-02,2.112923667251500881e-01,6.608114256299763012e-02,1.174258442964895982e-01,1.032272853424535120e-01,3.467393791579501811e-02,4.028839299334145002e-02,1.694292009052405790e-01,2.930286657920941687e-02,1.445008611638374726e-02,6.013195628363401241e-02,4.831081687561611382e-02,4.084912341779918521e-02,3.966592396586185454e-02,4.014976556076545189e-02,3.804348592277921083e-03,1.269667942349061475e-02,2.798211033553935426e-02,4.095822597222937428e-02,2.655801051475040978e-03,9.962006271683726544e-03,3.677755109763933272e-02,6.230191068830295831e-02,2.805749422794848874e-02,1.393806434514391623e-01,8.686771421901266776e-02,2.142087838924914417e-02,1.208312803185151649e-02,1.823951791198264588e-02,1.702210964234705109e-02,3.656125378406620968e-02,1.418314583362392522e-01,2.596958142691407900e-02,2.867639187668958450e-02,2.742081479505308755e-02,3.681082952601005126e-02,7.225558670083273571e-03,2.875499670694969118e-02,2.176563277458232193e-02,3.684320872293710414e-01,1.430478927346397477e-01,1.502202854311644187e-01,1.478316707306678857e-01,1.049284825229322531e-02,9.058382029836739568e-02,3.437991193189678107e-02,9.536636458079879308e-02,3.990898012302266512e-02,2.350995805485472934e-02,7.766309508368117454e-02,4.947167826688395054e-02,7.375353684530569498e-02,2.795994856237355580e-02,1.541112295234296076e-02,9.038970684966982083e-02,1.690275779856018901e-01,1.479038049101028818e-01,1.209207521291431747e-01,1.227359210640635856e-01,7.096918596218640407e-02,2.219393766393754075e-03,6.553388875013330291e-03,7.320372205441779377e-03,2.446864160291992163e-02,5.819985094393846647e-02,3.715757853381227577e-02,5.881265528875545545e-02,1.650243706827377380e-02,6.205082465090000499e-02,1.596663501447494887e-02,7.617254679179979136e-03,1.395384379411587945e-02,6.820413642257029674e-02,7.884015664349633412e-02,1.365476966519357516e-01,7.450982050050582173e-02,1.698261081162493469e-01,1.492403222242912886e-01,1.793846751636763437e-01,1.021321374586657421e-01,3.379055359766833938e-02,9.805514914181072406e-02,2.168185846463913657e-01,5.580952195356704559e-02,8.410966092357952117e-02,3.677043283142636398e-02,1.633963797406596738e-02,4.446222891030913657e-03,3.671753633280708078e-03,5.572578849836876125e-02,4.603538078946406431e-02,4.080285875687650332e-02,5.689104033354243362e-02,7.487819366725104175e-02,1.054186248310773621e-01,5.957251940363605253e-02,4.434686095840228992e-02,6.749380453936636159e-02,8.754336643490094605e-02,3.837317982847511522e-02,5.136314856387645678e-02,3.093306525663161791e-02,2.543546997998937659e-02,4.101282484481114099e-02,1.139524795586304012e-01,3.022756789060860455e-02,1.084424230086504237e-01,2.799564332007058523e-02,6.677446829068399425e-02,4.496430140933154601e-02,1.574849427028185977e-01,1.395643791211133022e-01,1.797290014029008787e-01,9.938525229570804864e-02,8.473672960132543064e-02,7.106808797629486640e-02,9.960147851577844103e-02,4.723978888796349918e-02,6.931964968467682620e-02,6.823829136592954314e-02,7.806892711611401747e-02,1.584892763984047104e-02,5.902525213875605553e-02,3.355079039279340591e-02,9.309050843172672618e-02,1.152317993298088150e-02
1.706600789421944264e-01,1.390777814639777288e-01,4.502927743052869552e-02,7.470563505491689682e-02,4.847533995559602515e-02,1.110638849401570649e-01,1.222807372570883788e-01,4.404811970426011358e-01,3.036835056574483938e-01,1.354629190579102471e-01,0.000000000000000000e+00,8.683879704975897007e-02,1.289019172049748752e-01,5.110781412808326762e-02,1.022931057115561010e-01,8.823941352780260983e-02,4.558784331596082984e-02,1.181210464352302203e-01,1.044491406836104905e-02,1.695230712379635143e-02,9.308186821550999690e-02,5.120153320774032540e-02,3.084582545977745602e-02,6.289112818276433592e-02,4.720618277780425087e-02,1.177268785031586502e-02,2.673075340924176146e-02,1.840718317798943626e-02,1.181905097659439498e-02,2.433699418011521162e-02,9.147272320030088930e-03,7.432635261973268015e-02,2.731073030092309381e-02,4.031069984225593011e-02,4.819759987586821892e-02,8.703713866859082854e-03,3.928075008988361067e-02,7.471194310074812106e-02,3.513536167988857983e-02,7.421341969124012339e-02,3.566298006050680480e-02,7.602442804824738332e-02,6.423516474519946895e-02,9.443160144342525875e-02,1.631062672726522056e-01,2.178180553610878090e-01,2.653268164525247053e-01,1.654665985400534667e-01,1.832000689289380313e-01,9.261577123885239571e-02,1.374383705937827216e-01,1.187432111439303828e-01,4.414963856010708371e-02,6.226985314993513376e-02,5.162426944112560173e-02,3.115785513088424608e-02,2.894798551052736937e-02,7.905096107289003027e-02,3.881554102062567679e-02,2.781763551835272560e-02,8.082673829951463051e-02,5.082565175148848896e-02,1.353644402663430057e-01,6.712066636489497085e-02,7.393600257966845279e-02,5.059826749115915734e-02,2.066684899702330921e-02,8.703369178954615745e-03,1.231122968616156152e-02,2.530186308761626229e-02,4.234784205861105190e-03,4.209246458755537545e-02,1.327843778904902808e-02,2.020994697261765255e-02,1.127212671143490268e-02,1.973964057273281877e-02,1.195120454219625490e-03,1.730194947603638789e-02,2.369265779738234309e-02,9.455714597405604632e-03,3.181743453132442750e-02,3.307125849822466906e-03,2.873212643596844210e-02,2.010164107095200811e-02,2.534751787672830450e-02,7.852705620344541115e-02,6.944809926204370543e-02,8.454637156476710325e-02,2.796977741295635783e-02,2.854203190552418931e-02,9.570751885123388036e-02,2.945913051933657378e-02,8.431112017937282543e-02,1.930080425779621134e-01,9.234496126892281775e-02,2.136222003116046708e-01,1.696527176630226452e-01,6.041975235982217918e-02,3.060713716380580179e-02,3.813683308732220348e-03,7.605984570560463988e-03,2.373081773323489421e-02,1.246841470563727350e-01,3.052011490765178803e-02,3.025818889860893215e-02,4.672379337272965921e-02,1.926484124881537585e-02,8.753959489921138990e-04,6.066946099823902760e-03,8.161891114523152357e-03,7.859414228467245453e-03,9.092138662778770711e-03,5.169198998987651131e-03,1.591041407945303909e-03,2.162850058504568046e-02,1.280677120415961955e-02,1.177121395620981531e-02,2.177416508000796017e-02,8.628251650846779919e-02,4.080921152238096636e-03,8.236590586639096906e-03,2.248158233053624416e-02,5.898154804366659981e-02,1.444078023288166424e-01,2.704743677791544010e-01,2.462231654061390329e-01,1.862961483093213688e-01,2.418094797128043927e-01,2.477173814274932218e-01,1.604326271918997404e-01,1.338342347114897524e-01,6.424708396326705984e-02,9.833394463538673233e-03,1.231240750966394459e-01,3.066421310393034616e-02,2.717033249423879762e-02,1.290948015973043470e-02,3.282458482196751876e-02,2.051787396336112942e-02
