0.000000000000000000e+00,4.578502234536158642e-03,2.792513344574542450e-03,8.746013690496550960e-03,1.091171667060670224e-02,2.698957064635173174e-03,1.855421032491463840e-02,1.217841474107084427e-03,3.957072208836617117e-03,4.923701553983902968e-03,8.139233752237053305e-04,4.886033027771879110e-03,4.728780076459006797e-03,1.384861325772859678e-03,2.057107773650039724e-03,2.125201925290483729e-03,8.763230531839982535e-04,8.412444977202272267e-04,1.574963170864289051e-03,3.523042037097372150e-03,1.602275930999609447e-03,2.973431837137311198e-03,2.175677798771384261e-04,1.185760200077246550e-03,3.427981188725193543e-03,7.023405790888277538e-04,2.192856575289987061e-03,2.567581291906975358e-03,1.490751155973049158e-03,9.384923112015727299e-04,2.805618770869845128e-03,3.333632089747932937e-04,1.486114851223646225e-03,1.031046846613427239e-03,2.362090766553573504e-03,1.313217397739221103e-03,4.227795479288295045e-04,1.147073137314601936e-03,3.385760067436644838e-04,1.516354721527950157e-03,1.050291724615907063e-03,5.820892401963530857e-04,7.044035705812974179e-04,2.178276337818817882e-03,2.445248008356981900e-03,6.610657495496503888e-04,3.880857992224030946e-03,1.082895630099871319e-03,5.162902414466071302e-03,1.006013486826812416e-02,3.072847443373401440e-03,9.195596086102375555e-03,5.853876398364070942e-03,9.778522073297800550e-04,4.160243157189029255e-03,5.330137054123520318e-03,5.823972844377405846e-03,6.612000150027072184e-03,8.686248975894581004e-03,2.165596461715406894e-03,1.483981659885129280e-03,6.511771697231009438e-03,2.262478743161730563e-03,2.467214630178076514e-03,6.993662907420026588e-03,1.778982896997317051e-03,1.042785101219080492e-03,4.672343547979306705e-03,3.673583859578379192e-03,7.439032703018421842e-04,3.101842815360352206e-03
4.578502234536158642e-03,0.000000000000000000e+00,7.113182838768524266e-03,5.777213069426215437e-03,2.089329864856661993e-03,1.774030824016299690e-02,5.839766596226122000e-03,4.636785144518816223e-03,1.671662175162846181e-02,5.636876046408874873e-04,8.604361052109358102e-03,1.650720731531260532e-03,9.903563623159030230e-03,9.233603859501783931e-03,7.503399370661652419e-03,8.443216882747931959e-03,8.700385851301978279e-03,1.089406170693674875e-02,1.726254662122363864e-02,1.248009753583238790e-02,1.849504057611814356e-02,1.044803902541721272e-02,1.025489529385186643e-02,6.929813153136551995e-03,1.566687138740609567e-02,1.243267044446698041e-02,6.283706394732222617e-03,1.317466155655763228e-03,7.616812577441582112e-03,4.923080599759472806e-03,7.798799583070910486e-04,4.615716272264441637e-03,1.127740585331521439e-03,2.003448693004881032e-03,1.754853717675875988e-03,9.105209634806696534e-04,4.097541361654652090e-03,6.793414025747301216e-03,9.733736967417049024e-03,1.623699648687294134e-03,5.970720784863091726e-03,1.019856604551586110e-02,3.316395071387516751e-03,1.826986626299646407e-02,3.178066323792710316e-03,2.805421893140914742e-03,2.927805740621839542e-02,5.630638265186746136e-03,5.338261225208529304e-03,9.388180546927643241e-03,4.068264964569376883e-03,3.272149275256229940e-03,1.999555723424660970e-03,1.050932957372015253e-02,1.845836707924284519e-03,6.643502757327572096e-03,1.153273738354909650e-02,2.760638268366408243e-02,9.622271850011170774e-03,2.068938311894970294e-02,1.042397446231805268e-02,1.836883402845404913e-03,3.040760902085480957e-03,2.498086151468509666e-03,9.100933455293825063e-04,4.776370908599995857e-03,1.296617684780281216e-03,3.346432854461209565e-03,1.633448355020012972e-03,7.209439788732356549e-04,3.165000546554027575e-03
2.792513344574542450e-03,7.113182838768524266e-03,0.000000000000000000e+00,3.449216353917304492e-03,1.670770690414370707e-02,5.895277400229178427e-02,4.493303883561020062e-02,8.092192936776730627e-03,7.425709951425541605e-03,9.090860674515125264e-03,2.079236479734614812e-03,1.143723856227527036e-02,8.901565972523643386e-03,1.158952939497246565e-02,5.099281843242443532e-03,1.532058726124100115e-02,1.266201207895343780e-02,5.639365730187979008e-03,1.238291259637195815e-02,5.112078807686384722e-03,6.669110803910356482e-03,8.099583745801932841e-03,1.592960187169568942e-02,1.215149595775928161e-03,5.534440971324884953e-03,1.210852617948145193e-02,3.847844177465337026e-04,7.770027730801603791e-04,6.242626658457214352e-03,4.823727925449390608e-03,1.589121038028745280e-03,4.520589555504390088e-03,2.854176981992885814e-03,2.887270217347099027e-03,7.082748979889281517e-03,2.714119239786487621e-03,6.285417932402674775e-03,1.948670954925508722e-02,1.578956778646637901e-02,6.960596622574664015e-03,1.319274924895800019e-02,1.012688097494215782e-02,8.623157338223235227e-03,1.195130515237275565e-02,4.403231082533375605e-03,6.022346454597662935e-03,9.833964880583212845e-03,9.749209396792123464e-03,3.137598130976578664e-03,9.829546557893647715e-03,7.502798286113629943e-03,9.802047760843968921e-03,1.115570498600847692e-02,3.248865623786138281e-03,3.640107677499732162e-03,6.973640971548811587e-03,2.506838353677396172e-02,9.770993896160944103e-02,3.903683519233364096e-02,1.873808896874794641e-02,1.382504880118296149e-02,1.912238949444775016e-02,7.801039772267905070e-03,1.371382822163754941e-02,1.123622703898669029e-02,6.604471563456175594e-03,9.087007106967932152e-03,1.177367592506169472e-02,1.279323990332666963e-03,1.843294411178387116e-04,4.334056535219439599e-04
8.746013690496550960e-03,5.777213069426215437e-03,3.449216353917304492e-03,0.000000000000000000e+00,4.277569476840872159e-02,2.095395664619744552e-02,6.638022146471156404e-02,7.756072487002047336e-03,3.511347440975209639e-03,1.180988613741570416e-02,6.295601458716168844e-03,8.195841993624455868e-03,4.811105314508551563e-03,7.689858005222283913e-04,1.094194497657631840e-03,4.336869915439567173e-03,3.576448063368486974e-03,6.588576907865833360e-03,1.705401677923460476e-03,2.726836264555388724e-03,7.436132202437481086e-04,2.012557071356925031e-03,1.214067464646570015e-03,4.734334158829497929e-03,1.262895482207990324e-03,1.755412772670106748e-03,2.101569835878021059e-03,5.889077337772014725e-03,2.562793195830208662e-03,9.049579283177889427e-03,6.657348812545084600e-03,3.446158921783594280e-03,5.040613719348281674e-03,4.712598450924059511e-03,3.159647904144969200e-03,1.638995942667649964e-03,7.219600401317472155e-04,7.771079779867852769e-03,9.507858899258120767e-04,4.273797192801936061e-03,2.605987274776300818e-03,3.355894173314570485e-03,2.447414046556437277e-03,8.584936832856078850e-03,1.108999603965681383e-02,3.051730184619046941e-03,1.103660385189075485e-02,1.202519654918067157e-02,1.469361408632980336e-02,3.001203093677103778e-02,5.730883987363681251e-03,2.445790338133160477e-02,7.414919301527263078e-03,5.650655484621473247e-03,4.467605210618502166e-03,1.796458615192284350e-02,1.492910253804727999e-02,3.613362285893614162e-02,4.311043844923891089e-02,1.022064481047301604e-02,4.828510278623271423e-03,6.410949024462576917e-03,5.140208905539128334e-03,3.756553515879958692e-03,8.239025955202294513e-03,5.275659729368602224e-03,1.901787095963267766e-03,9.584223617610207122e-03,6.866925321508465969e-03,1.317400910034651840e-03,1.097435440562025133e-03
1.091171667060670224e-02,2.089329864856661993e-03,1.670770690414370707e-02,4.277569476840872159e-02,0.000000000000000000e+00,1.544471018009274665e-02,1.424173355758632381e-02,3.463651644534129076e-02,1.773573523912862215e-02,1.716255926627573494e-02,2.007361708273379744e-02,2.181372058000054411e-03,2.035950922071574909e-02,2.596888422400746299e-02,1.090649306207698739e-02,1.655294854123156786e-02,2.005945108802558580e-02,1.525588904246803074e-02,2.787748150108517939e-02,1.697719088255797426e-02,1.692011490288129402e-02,1.005383515740055668e-02,2.223500187981587023e-02,9.688953553241903827e-03,1.211037113620839351e-02,2.018302733796451323e-02,1.107981933942140361e-02,6.099191043006315857e-03,1.499537169409002023e-02,1.931074900566264949e-02,9.056205255427916129e-03,6.360383290232071718e-03,6.548244949289415244e-03,8.620620436419481128e-03,3.433710224372587324e-03,7.012591033404667364e-03,1.196099100753094877e-02,1.985709340822151836e-02,1.785071214782619695e-02,9.512582980517539019e-03,1.424988822969125608e-02,2.462005913844629926e-02,1.618084273597027514e-02,4.881142040103032126e-02,1.290515304027270264e-02,7.538856477272056975e-03,3.099463557161835983e-02,2.950740906655280327e-02,1.920427547362838633e-02,1.883613976631201559e-02,1.230131862899687054e-02,1.530582164164892393e-02,7.726998176350023673e-03,3.905041165346039705e-02,1.443937434146003694e-02,1.850459426706336022e-02,4.788888335519492223e-02,1.964978661054507872e-02,1.139383083323737555e-02,2.954463671094249150e-02,6.503204735471824344e-03,4.232860367474286858e-03,5.288210710819590474e-03,5.604077955651425892e-03,1.847337996021756069e-03,5.252137972363388196e-03,3.128191413704830160e-03,5.778244927736055601e-03,6.416201084284045737e-04,4.488444399001619792e-04,4.685915017056369145e-04
2.698957064635173174e-03,1.774030824016299690e-02,5.895277400229178427e-02,2.095395664619744552e-02,1.544471018009274665e-02,0.000000000000000000e+00,5.676191839640115644e-02,5.135940900357483657e-02,1.834862502803695505e-02,1.042141952122701415e-02,9.180619926734606695e-03,5.995252825270913632e-03,2.742360469495034973e-03,4.240863502541484219e-03,5.882076665153926701e-03,1.654729745905414006e-03,4.849228276937511684e-03,8.996127691660483691e-03,9.069500569542057050e-03,1.261363427960030502e-02,9.148424632350665373e-03,9.548256884628601032e-03,2.198359438677695982e-02,1.659146722612908284e-02,2.302238131097569113e-02,2.253860860232448707e-02,2.066291689208610283e-02,6.289908682019756947e-03,9.250116608969247492e-03,1.120537587316345306e-02,4.077869146679257741e-03,2.113268446917478463e-03,6.213895661124115835e-04,8.383331274284790136e-03,1.238574588987277451e-03,1.208058471881118734e-03,6.803623395104028450e-03,7.397689402643556561e-04,5.504422092563735457e-03,3.233158864559896629e-03,7.052123061161454359e-04,4.676816538193849168e-03,6.937075871353969025e-03,8.382566913689592017e-03,1.065542214413967882e-02,1.156328770760057384e-02,2.625469051517464666e-02,9.587525898980351485e-03,1.974518698831091018e-02,1.378551537549063503e-02,1.091492258039908000e-02,1.118356093206123412e-02,1.832043636789493224e-02,2.075628351659820209e-02,1.661458930731548114e-02,1.001144608507470099e-02,2.433961956881420391e-02,1.205790388249709626e-02,9.613810616445081156e-03,4.212598175856556437e-03,1.905689610581230362e-02,1.047318910202724163e-02,2.013370950514901600e-02,3.600369480203627695e-03,4.308267562321048405e-03,2.595168884917287144e-02,1.926688325826821004e-03,1.839739776647519040e-03,8.224265487988309184e-03,3.009575149978826678e-03,3.455437052359494349e-03
1.855421032491463840e-02,5.839766596226122000e-03,4.493303883561020062e-02,6.638022146471156404e-02,1.424173355758632381e-02,5.676191839640115644e-02,0.000000000000000000e+00,1.784835622595567009e-02,2.599866266793002950e-02,2.308545142007138729e-02,3.545820991106125863e-02,1.021517929825495330e-02,2.362002515129150472e-03,4.303585546887908619e-03,6.971688815091776816e-04,1.269862003436176548e-03,1.296290903916364357e-03,1.368914601078729913e-03,3.092759607779941439e-03,1.141466128003721693e-02,1.387565168063647526e-02,2.671037910072914402e-03,1.213946615095168151e-02,3.661111278186995194e-02,3.115770312037624556e-02,1.644374481518156433e-02,4.141825219310287659e-02,1.321829952585916110e-02,3.151408405540017527e-02,3.051435649366906339e-02,2.616035722760596399e-02,3.111368750498221328e-02,1.742247447959976298e-02,1.124988215894739746e-03,9.440918223786939900e-04,3.855863863209497977e-03,2.336931859184509987e-03,4.181858992452915091e-03,5.218550075798231158e-03,5.192382074258442871e-03,1.115998885613173498e-03,1.345002190592305309e-02,3.332568134501164275e-03,1.290836161573122830e-02,1.077062744255317082e-02,1.126484602386853238e-02,1.881529914317299143e-02,1.341460991092884893e-02,5.109584147942377447e-02,1.696751387543637968e-02,1.162845386511565313e-02,8.230420896861963612e-03,4.792657557844252209e-03,2.189188928023611327e-02,1.756462309568725122e-02,2.745471336240745946e-03,1.242841980934255436e-02,7.575249694473763264e-03,2.765891240785355986e-03,1.027783525112131290e-03,1.064293342026773233e-02,1.441441489421627607e-02,9.247231506534213732e-03,6.796877694616269014e-04,1.364382839283197896e-02,1.836523282371012658e-02,5.567517730208914294e-03,4.491137780058180456e-03,1.808285930554257427e-04,8.300428288968879961e-04,5.167389922275634432e-04
1.217841474107084427e-03,4.636785144518816223e-03,8.092192936776730627e-03,7.756072487002047336e-03,3.463651644534129076e-02,5.135940900357483657e-02,1.784835622595567009e-02,0.000000000000000000e+00,4.845533064873629170e-02,1.240807824144986131e-02,1.588028527090867142e-02,3.198372221005902055e-03,7.037129192575971269e-03,1.059706064898130809e-02,1.364312468451720287e-02,2.833992130730648550e-03,1.223706646589466963e-02,1.249445142370612591e-02,6.608977278286727250e-03,3.093177568804862665e-02,2.358107779499092962e-02,7.992185805208008951e-04,2.598231186857457090e-02,3.939097375938063056e-02,7.200798459431278185e-03,1.667539849781727104e-02,1.925408828571828143e-02,1.603389476703260619e-03,5.409575640772387208e-03,1.853545693343686823e-02,1.220487146048901839e-03,7.117233215280854494e-03,5.918439756552745096e-03,1.507472054716353128e-02,6.387527164708402781e-03,1.039224175555813340e-02,1.840575866524421511e-02,2.140943227295171933e-02,2.178701586223254563e-02,1.046674357531590140e-02,4.974752505477273573e-03,1.133545806526442372e-02,3.757032423614231793e-03,2.762586483478354088e-02,7.924530804954723479e-03,2.880285488016946088e-03,2.492719282364313019e-02,1.126702059004454706e-02,1.720388904718228237e-02,1.077232873452750768e-02,1.299879211888814619e-02,2.968450194932358965e-03,8.496230638710640382e-03,5.018562891967864870e-02,1.434811348734601338e-02,1.348662345320275971e-02,5.295669572847500062e-02,1.056442101225745292e-02,1.452924298404953060e-02,3.761322678478529885e-02,3.644353349268729739e-03,1.681772996105014226e-03,6.656672027675840549e-03,1.179772817746592775e-02,2.059240814881788291e-03,6.982772765108835600e-03,1.434242486748250195e-02,8.182180837212789382e-03,3.060902004042412566e-03,9.025388521757696583e-04,2.081678278219446180e-03
3.957072208836617117e-03,1.671662175162846181e-02,7.425709951425541605e-03,3.511347440975209639e-03,1.773573523912862215e-02,1.834862502803695505e-02,2.599866266793002950e-02,4.845533064873629170e-02,0.000000000000000000e+00,1.339514925962104024e-02,5.331581755090816430e-03,6.197203688377956286e-03,1.393534768996827593e-02,8.846365560263819844e-03,1.001668407760170770e-02,1.004609638672660996e-02,1.226291317311787796e-02,2.038334161261351821e-02,2.023503207184964084e-02,2.394196513053997721e-02,6.956054470787987297e-03,2.507420473820130054e-03,2.579042000069296445e-02,1.575242499937513571e-02,6.604318261436200460e-03,9.676544444778908613e-03,2.253070714941198330e-02,8.046374692147161001e-03,4.444250118961641169e-03,6.338160633594465757e-03,2.772721834776318076e-03,1.418961955751159689e-03,2.117787811197616339e-03,8.834046479651271738e-03,2.576486775536532790e-03,5.356848893111091584e-04,8.725202356004442550e-03,5.615182544201314466e-04,2.604349924933164074e-03,1.087439531924418949e-03,1.702074169702931430e-03,1.372662285142897329e-03,4.684473243419440616e-03,2.990518867270466116e-03,1.217717840185352646e-02,6.901109813922754604e-03,3.199130665604010132e-02,6.223891196691674725e-03,5.930067834047167072e-03,2.737016916047887820e-03,6.363302667582060312e-03,5.084384700943684991e-03,1.024169565404191989e-02,2.238087133948208143e-02,1.236539100626369778e-02,3.431584119476536413e-03,1.161918760587206043e-02,4.678091564192145800e-03,1.623877936360120303e-02,2.092505343382530022e-03,1.128813784820797972e-02,4.032011460354549895e-03,4.987108741305700498e-03,3.314232631956220716e-03,9.434316967663485031e-04,2.049528567703782708e-02,2.795487653426150573e-03,1.015740962088755453e-03,2.950033478865050820e-03,1.330764510274928120e-03,1.521765470336490901e-03
4.923701553983902968e-03,5.636876046408874873e-04,9.090860674515125264e-03,1.180988613741570416e-02,1.716255926627573494e-02,1.042141952122701415e-02,2.308545142007138729e-02,1.240807824144986131e-02,1.339514925962104024e-02,0.000000000000000000e+00,3.198055775726938409e-03,2.078812971663594050e-02,1.996577128706164550e-02,7.364431705989843251e-03,5.099957390554660241e-03,3.477077842012744977e-03,9.120061591554489908e-03,1.464487362167923683e-02,6.438688165970625835e-03,2.436797472657769095e-02,5.913791554929818950e-03,1.422858295446803242e-03,2.807597868532829902e-02,3.711320600701271955e-02,6.554032483853786464e-03,8.812489847581230634e-03,4.912784140806340100e-02,1.217903420479360919e-02,1.468706053587641794e-02,2.872602218427664986e-02,3.788714320033372517e-03,1.283730056490819255e-02,6.829251732737829338e-03,3.660142323269529544e-03,2.219855129795368209e-03,3.939544005785531461e-03,6.792688502944438551e-03,7.908612093718840608e-03,8.329972196131622819e-03,1.055368516305429938e-02,1.171505984961262060e-03,3.509479679792550620e-03,3.146047368691141325e-03,4.023516554389896388e-03,2.085847628000340580e-03,2.884461556845811271e-03,8.572660239596154724e-03,7.296626433425911114e-03,2.130536352971297565e-02,3.509717788103300807e-03,7.119305312344167275e-03,1.054970141146921100e-03,3.044230932773706998e-03,2.915083456127683104e-02,6.310525442604547619e-03,4.163740479083502012e-03,1.972702383708347870e-02,4.870982261942657064e-03,3.497803617413714188e-03,3.642707749360610692e-03,8.607723032860468970e-03,2.112389743588135183e-03,2.870592399556601282e-03,3.177762020259166081e-03,4.116790843758461049e-03,1.218049122768859183e-02,8.360282184338823849e-03,1.450728618042819267e-03,7.188611939303010722e-04,2.429181501589396520e-04,2.388994070089106581e-03
8.139233752237053305e-04,8.604361052109358102e-03,2.079236479734614812e-03,6.295601458716168844e-03,2.007361708273379744e-02,9.180619926734606695e-03,3.545820991106125863e-02,1.588028527090867142e-02,5.331581755090816430e-03,3.198055775726938409e-03,0.000000000000000000e+00,3.150380154913237987e-03,7.869791059069481190e-03,1.208491253465350350e-02,1.559223159992633584e-02,2.814174568846894518e-03,1.187878848500329050e-02,1.727194588591174709e-02,8.838086410044033656e-03,3.139584343349190870e-02,1.643806441371778795e-02,5.763327469223868257e-04,3.567974753015722839e-02,2.869267480021001765e-02,1.386174814184267141e-02,1.375301090801974400e-02,2.624854781264606557e-02,8.420986836797312095e-03,2.764422911976370176e-03,1.457353511252691171e-02,7.877938472594766183e-04,4.373534839400186613e-03,4.314934333763009722e-03,1.071417898157306543e-02,2.175849500129515158e-03,1.935550101308408134e-03,1.861240540675130825e-02,4.744911548066763074e-03,7.703142882672813808e-03,4.650582015709186882e-03,1.420814794087596738e-03,2.988958825075852151e-03,3.363482667850171970e-03,3.211414702213242524e-03,3.661327568358119927e-03,4.628429579908586305e-03,1.631828521370893778e-02,1.528200723622240428e-03,5.848666768186799522e-03,1.633488329148984975e-03,1.902039001139973866e-03,4.060923401342267716e-03,2.579046691507021552e-03,3.014905660675059468e-02,1.063301504442840453e-02,3.468382875049944285e-03,1.566685521421654417e-02,9.124639223725105859e-04,1.159921003252021221e-03,8.796536052631621916e-03,8.238935702693000324e-03,1.720344605975239992e-03,3.523672622859394966e-03,9.899727642484880061e-03,4.716142570499873353e-04,1.793541683620333838e-02,4.269991310861375594e-03,5.135256765756633819e-03,1.666752794784860181e-03,2.485512520922788030e-03,1.885433663384602620e-03
4.886033027771879110e-03,1.650720731531260532e-03,1.143723856227527036e-02,8.195841993624455868e-03,2.181372058000054411e-03,5.995252825270913632e-03,1.021517929825495330e-02,3.198372221005902055e-03,6.197203688377956286e-03,2.078812971663594050e-02,3.150380154913237987e-03,0.000000000000000000e+00,2.183488817293137169e-03,2.575682224957338059e-03,3.016122476596525253e-03,6.998488777058182748e-04,2.518392665437996746e-03,5.246049759183015956e-03,3.933038669645659915e-03,1.894374593217306585e-02,1.445542599091378683e-03,8.174032091416068638e-03,3.984926908252113542e-02,1.209627432925444897e-02,3.277222244986494840e-03,4.019392642247035172e-03,4.635971427807416417e-02,1.273009148857584191e-02,4.334939985531820542e-03,9.565350175318482195e-03,7.984614192444542194e-03,4.041566730459749887e-03,8.624294572486585278e-03,3.204202534819257202e-03,2.466506863684384682e-03,3.189426892896917408e-04,7.417445813495087206e-03,9.043849822393391739e-04,6.573990134161873493e-03,1.021858307202526276e-03,9.323184259799335242e-04,3.418306853960809914e-03,2.298814146194887945e-03,1.543747358636505737e-03,1.422816696807938097e-03,7.804284963229940995e-03,6.294250345963091006e-03,1.437810708997223647e-03,5.196050866155039853e-03,1.592889279903518876e-03,1.598146222508463419e-03,2.824917922580288238e-04,5.616274505187025118e-03,6.491373426914765626e-03,1.806853421991986685e-03,1.307135063019037972e-03,1.762107797514485394e-03,1.206715821021251030e-02,2.097078312548639797e-03,4.924652160544099565e-03,3.472978467700001386e-03,1.190189603633621303e-03,4.362915444005418565e-03,9.298978307190569267e-03,4.583695782512242980e-03,9.220494384297851440e-03,1.499857054658916122e-03,2.223507435211727768e-03,3.188360621957513161e-03,3.351970295466547619e-03,6.962347520505830951e-03
4.728780076459006797e-03,9.903563623159030230e-03,8.901565972523643386e-03,4.811105314508551563e-03,2.035950922071574909e-02,2.742360469495034973e-03,2.362002515129150472e-03,7.037129192575971269e-03,1.393534768996827593e-02,1.996577128706164550e-02,7.869791059069481190e-03,2.183488817293137169e-03,0.000000000000000000e+00,1.399751917120155070e-03,1.117339598139087484e-03,1.096819336954380159e-03,7.809190549682550270e-04,7.711129039136013601e-03,1.057932409774393727e-02,3.246165050891667431e-02,2.651636067684936746e-02,2.115711731374182031e-02,6.574651200075910806e-02,3.405863062428723508e-03,2.255716878587695276e-02,2.219536896057825240e-02,4.309819776569685790e-02,3.179796654737781364e-02,4.068962421971062879e-03,7.499007304421185550e-03,8.817206042640713184e-03,1.154996081061070113e-03,4.931432746854072860e-03,2.821066585480609418e-03,9.876951303274125130e-04,8.911858187180109886e-04,3.268984940565577632e-03,3.354451032960018876e-03,4.187443559660609417e-03,1.592690249846253400e-03,2.364234711973836004e-03,1.330964769074981452e-03,6.050620508536126230e-04,1.331530796372729954e-03,4.012142146962986602e-04,1.065052822346357602e-03,6.237478476151430209e-04,3.732516688807697904e-04,3.844930876706365583e-04,3.650656938297533374e-04,9.173784907769629579e-04,1.379419532814974651e-03,5.985697910149522481e-03,1.181025449340206580e-03,1.720450974597766526e-03,1.138965823286889213e-03,4.692111392906461384e-03,3.713223024262460401e-03,2.020208839300567313e-03,1.734352668873430370e-02,3.529261107888833834e-03,3.724527725902228564e-03,1.242292459012428853e-03,1.352532629597854447e-02,1.155009133528614625e-02,1.775963591486767095e-03,4.140147234360187778e-03,1.285437469726504389e-03,2.611387518742624113e-03,1.093221393522645149e-03,1.784254440524061115e-03
1.384861325772859678e-03,9.233603859501783931e-03,1.158952939497246565e-02,7.689858005222283913e-04,2.596888422400746299e-02,4.240863502541484219e-03,4.303585546887908619e-03,1.059706064898130809e-02,8.846365560263819844e-03,7.364431705989843251e-03,1.208491253465350350e-02,2.575682224957338059e-03,1.399751917120155070e-03,0.000000000000000000e+00,8.008164040741988900e-04,5.327933179316906784e-04,4.409975180493077955e-03,3.849779342356106360e-02,1.965956523764191000e-02,5.758094931901825558e-02,9.020113781677342735e-02,1.170324664262169662e-01,2.032061915899569249e-01,3.244873348782246342e-02,1.074597949435216609e-01,1.089329927453598981e-02,1.532796827701456976e-01,3.706286326345445414e-02,5.879117775378348010e-03,2.097741246190112929e-02,2.086240882301428762e-02,4.044802159044893694e-03,9.931764007868937316e-03,1.494436405793365735e-03,4.743842244271155237e-03,1.074402726366797955e-02,2.953957162736592541e-03,8.502242157884646895e-04,2.851210928455732291e-03,2.176020110691980185e-03,3.090862248105774850e-03,2.586421145766943427e-03,2.443150914835100738e-03,2.320979928043889924e-03,5.958721457010003131e-04,2.952739166152781869e-03,2.649305535515761745e-03,2.323703240192434832e-03,3.191954163404137328e-03,5.970807681853386320e-04,2.706015354411462834e-03,1.519182899217769471e-03,1.147585000652334014e-02,4.581248944218371463e-03,9.731988996854291181e-04,5.780973108821438854e-03,1.781110933024960402e-02,2.388067010378719032e-02,1.959887194642266975e-02,4.301257626750195490e-02,3.403032951289970687e-03,1.409018789041615455e-02,1.909625163975604833e-02,6.110625530665599048e-02,5.897466551703339777e-02,5.775449939263887361e-03,2.180853065132629456e-02,6.142363020632179635e-03,4.476853912944227416e-03,8.570452174525567931e-04,5.548143444532215897e-03
2.057107773650039724e-03,7.503399370661652419e-03,5.099281843242443532e-03,1.094194497657631840e-03,1.090649306207698739e-02,5.882076665153926701e-03,6.971688815091776816e-04,1.364312468451720287e-02,1.001668407760170770e-02,5.099957390554660241e-03,1.559223159992633584e-02,3.016122476596525253e-03,1.117339598139087484e-03,8.008164040741988900e-04,0.000000000000000000e+00,6.077768550499364729e-03,1.160449536054970754e-02,8.290360282412267273e-03,8.897332762267871203e-03,2.471814815784993680e-02,9.952704559880502788e-02,1.014910288024600954e-01,1.156760617429564569e-01,1.573744641556201057e-02,1.417564454689481668e-01,2.222206062135685667e-02,6.731434748839677795e-02,1.626157659196625360e-02,1.286624582280454336e-02,2.856547293572926898e-03,6.499295878251510131e-03,6.709896370037453719e-03,2.048394914595074844e-03,2.475825294702660353e-03,3.061895580031704766e-04,1.518110311622083422e-03,3.538781869797513486e-03,5.881785212568848425e-03,1.700168212914304842e-03,1.377007545838074797e-03,1.465994812740080292e-03,1.832407675500053595e-02,1.310291970062490074e-03,1.006614302323661711e-02,1.119903151621784269e-02,8.814116678041923917e-04,3.387061451089194881e-03,1.978687946275268367e-02,9.192108021656564612e-03,4.285211379400589646e-03,2.021450345139604553e-03,8.397498284106559227e-03,1.726205602368661648e-02,1.103283238013182121e-03,9.869186835292739768e-03,1.811752678022711784e-03,1.034755870638735809e-02,4.598636155279581424e-03,1.227182389148394510e-02,3.075584536893789800e-02,6.540388859010406487e-03,5.752983792815212494e-03,1.293771273839240546e-03,3.280868406801128179e-02,2.069584632387177006e-02,1.078422735334859210e-02,3.479066228603251622e-03,2.795212918231418896e-03,8.548697357016878801e-03,7.322685252885062501e-03,1.127674894167137853e-03
2.125201925290483729e-03,8.443216882747931959e-03,1.532058726124100115e-02,4.336869915439567173e-03,1.655294854123156786e-02,1.654729745905414006e-03,1.269862003436176548e-03,2.833992130730648550e-03,1.004609638672660996e-02,3.477077842012744977e-03,2.814174568846894518e-03,6.998488777058182748e-04,1.096819336954380159e-03,5.327933179316906784e-04,6.077768550499364729e-03,0.000000000000000000e+00,2.421269461509168927e-02,2.268878748872909731e-02,3.286891048477062760e-02,1.076089906920086464e-01,1.698370828916927755e-01,2.301305774659519188e-02,6.865665012213388596e-02,5.283012279938881228e-02,1.011879404121270865e-01,8.807787628300978167e-02,7.971600548749205317e-02,8.200005918093851431e-02,4.996964875742303767e-03,1.638140612380258390e-02,1.551635687932167822e-02,3.515288917486959330e-03,4.494448237304788513e-03,1.373911417947520572e-02,5.548595651722175275e-03,1.083752700058302973e-02,7.040262690126189958e-03,1.718765109569460325e-02,4.278314925282478316e-03,8.305247303561347910e-03,5.878057255841161741e-04,5.007838710832599946e-03,3.318037288224138593e-04,4.701479685157343782e-03,2.836406228856984228e-03,6.004046988574783094e-04,1.007258000037914054e-02,3.827798061713971051e-03,6.184204203413854774e-03,1.549016312368087407e-03,6.717592394640738585e-04,5.409154231275243099e-03,4.641523956488276433e-03,1.922492669586956318e-02,3.264965533855058132e-03,1.816022267630678158e-02,4.527363259843644738e-02,1.044433419718056658e-02,4.714018370291071618e-03,3.432193090265459740e-02,1.658802985086777577e-03,4.577473487415301676e-04,4.033713472252651450e-03,4.587361644669411039e-04,6.091295335589176282e-03,3.763879711203961965e-03,1.768306466468956215e-02,6.797867923200909789e-03,1.794311444627284119e-02,4.243054764072295461e-03,6.842846531443800076e-03
8.763230531839982535e-04,8.700385851301978279e-03,1.266201207895343780e-02,3.576448063368486974e-03,2.005945108802558580e-02,4.849228276937511684e-03,1.296290903916364357e-03,1.223706646589466963e-02,1.226291317311787796e-02,9.120061591554489908e-03,1.187878848500329050e-02,2.518392665437996746e-03,7.809190549682550270e-04,4.409975180493077955e-03,1.160449536054970754e-02,2.421269461509168927e-02,0.000000000000000000e+00,8.797753474341213353e-02,6.611782647483671616e-02,1.014306800982638090e-01,1.864686150172442936e-01,1.741858639279137422e-01,3.875839749862675099e-01,1.461091663652148709e-01,1.980147427385422210e-01,4.289298695508211162e-02,2.686550616173874473e-01,9.903819314158907039e-02,1.455898689529883973e-02,5.052544143790058812e-02,4.603459929574699877e-02,3.660633718983394465e-03,1.959182787300178114e-02,4.431566520160687590e-03,1.107970693432290543e-02,1.615972858965023656e-02,1.010788032999590134e-03,3.577417466244188927e-03,9.135059779621635540e-03,2.285516777831766468e-03,7.830292021138839792e-03,4.611305083055895933e-04,3.580544934169867504e-03,1.874397637493657775e-03,4.951770846121755429e-03,2.265485251319282901e-03,5.159539408558783471e-03,3.969492416482829915e-04,3.106620849607213616e-03,1.571067221507297090e-03,4.423460512082313771e-03,2.585553173757631964e-03,1.891243658876451059e-02,2.394413566046300207e-02,6.257079239582134973e-03,1.529983322845942378e-02,2.505863108660893318e-02,3.884461709596017526e-02,3.570568497999878493e-02,6.012587614453366452e-02,1.484144060244473040e-02,2.523747308563587671e-02,2.111399286638814682e-02,8.307090992636814719e-02,8.154735524455435092e-02,8.166168913244495342e-03,4.742941768219531562e-02,1.191459178820988667e-02,2.504278372013658827e-02,7.981814645008617967e-03,4.155962951614741892e-03
8.412444977202272267e-04,1.089406170693674875e-02,5.639365730187979008e-03,6.588576907865833360e-03,1.525588904246803074e-02,8.996127691660483691e-03,1.368914601078729913e-03,1.249445142370612591e-02,2.038334161261351821e-02,1.464487362167923683e-02,1.727194588591174709e-02,5.246049759183015956e-03,7.711129039136013601e-03,3.849779342356106360e-02,8.290360282412267273e-03,2.268878748872909731e-02,8.797753474341213353e-02,0.000000000000000000e+00,1.550865786328087803e-01,1.665956800490637213e-01,4.863593815711563795e-01,4.721642747422747921e-01,3.029261236984106542e-01,3.252024267441449568e-01,4.519220303427030072e-01,2.255187411707141321e-01,1.222205515695045513e-01,5.947381671348227206e-02,5.084296182017342819e-02,5.798680459169773017e-03,2.155907703601467676e-02,1.476576854661737666e-02,9.207814506015741390e-03,1.114627862159475735e-02,1.535298100124836201e-03,1.613257838704688918e-02,8.347362821511765396e-03,2.436143184988320484e-02,3.760728300452857720e-02,1.024716818439694484e-02,2.444745750174042147e-03,3.238846433330380692e-02,2.473542735793275282e-03,8.644893107254298173e-03,5.923960290905563343e-03,5.048031891217523090e-03,1.345333344130332336e-02,1.358771632717214496e-02,1.255706012278205892e-02,1.084180740040371557e-03,1.634031917073549244e-03,1.861563392425542862e-02,8.600844272494042805e-03,2.604205496483661189e-02,1.449751846175794875e-02,4.649375935089257623e-03,7.741715996175611847e-02,6.795190811820196568e-03,1.866874931900809956e-02,9.049172818134491869e-02,4.097961385747385214e-03,2.590582817792781711e-02,2.519102338989774939e-02,2.377408481981186164e-02,4.094874122385600002e-02,2.265825955172325740e-02,6.917476947683351592e-03,9.503123530146623255e-03,1.394316539045556413e-02,1.166068137518916359e-02,4.718178765858676779e-03
1.574963170864289051e-03,1.726254662122363864e-02,1.238291259637195815e-02,1.705401677923460476e-03,2.787748150108517939e-02,9.069500569542057050e-03,3.092759607779941439e-03,6.608977278286727250e-03,2.023503207184964084e-02,6.438688165970625835e-03,8.838086410044033656e-03,3.933038669645659915e-03,1.057932409774393727e-02,1.965956523764191000e-02,8.897332762267871203e-03,3.286891048477062760e-02,6.611782647483671616e-02,1.550865786328087803e-01,0.000000000000000000e+00,4.985973314727616401e-01,6.288722022670369949e-01,4.554608558340447200e-01,4.630952854651003148e-01,4.953503799240083771e-01,2.579923339193633813e-01,3.754940108109421359e-01,1.455158380285787867e-01,1.668716068797782004e-01,4.301967695363426852e-02,2.469448800919434028e-02,4.642563184801893478e-02,1.056322559820289074e-02,1.422587039810097043e-02,1.511290204658278027e-02,8.000601089338294988e-03,3.395109151494126593e-02,1.357013913666929236e-02,1.793835768594384192e-02,6.076756382430552501e-03,3.737976015811813289e-03,6.177590639766867252e-03,7.718668609665299725e-03,1.507716048365754721e-02,5.760397263606538074e-03,3.393927353180621609e-02,4.445234002617443753e-03,1.994861866280649501e-02,1.190723186470384054e-02,2.011423001709225673e-03,9.725278564756696231e-04,3.354209073245987757e-03,2.946103733283965496e-03,7.643934281527315147e-03,6.121385787719121896e-02,3.576936011788638820e-02,4.088787067575645057e-02,9.117011157168861124e-02,3.328890593097831585e-02,8.845154994136494517e-03,7.249379220819864023e-02,2.779435195592799140e-02,5.439004737628405639e-02,5.741313682800596591e-02,2.055197185821804398e-02,3.961394789491575613e-02,5.767257785640022422e-02,6.986241121085353355e-03,7.102483122939386682e-03,3.650796120996761124e-02,2.188603344059157629e-02,2.251811099293238652e-02
3.523042037097372150e-03,1.248009753583238790e-02,5.112078807686384722e-03,2.726836264555388724e-03,1.697719088255797426e-02,1.261363427960030502e-02,1.141466128003721693e-02,3.093177568804862665e-02,2.394196513053997721e-02,2.436797472657769095e-02,3.139584343349190870e-02,1.894374593217306585e-02,3.246165050891667431e-02,5.758094931901825558e-02,2.471814815784993680e-02,1.076089906920086464e-01,1.014306800982638090e-01,1.665956800490637213e-01,4.985973314727616401e-01,0.000000000000000000e+00,3.939594565263405679e-01,5.211611417578702055e-01,4.497305192194590573e-01,4.009743556756535932e-01,5.424818100734336568e-01,2.492073827267931863e-01,1.571925372399846643e-01,1.027157079604937712e-01,2.242904201341145570e-02,4.008644485632534976e-02,2.097781593289480689e-02,1.474172870579925840e-02,2.248727340085669019e-02,1.126090930403360162e-02,4.097400605931906387e-03,6.508280844019266771e-03,2.617699330872120395e-02,1.843053175545214181e-02,3.370894243618886149e-02,2.046375381574653748e-02,3.747396192214031557e-02,4.463637858620440706e-03,2.189134948356397450e-02,3.064466371396814843e-03,1.212465353400359568e-03,8.730101075508905212e-03,9.207932289239486798e-03,3.661760102889388864e-03,2.443115804012183090e-02,1.594494251463603532e-02,4.350280309145060885e-03,7.174421658273260824e-03,4.392548229752998856e-02,2.300426942404545927e-02,7.098681644105695777e-03,1.543243512078276876e-02,2.219361283794557896e-02,2.285940175396128371e-02,6.544587822084864392e-02,2.766670790554039486e-02,6.947721774225555647e-03,2.959698514931987517e-02,1.304153105490998277e-01,1.012504330772362737e-01,1.536063246877897304e-01,7.560328504725734311e-02,8.787919938536110920e-02,9.094293558636623587e-02,7.621917359362985478e-02,2.949249633502691245e-02,5.776028412426736751e-03
1.602275930999609447e-03,1.849504057611814356e-02,6.669110803910356482e-03,7.436132202437481086e-04,1.692011490288129402e-02,9.148424632350665373e-03,1.387565168063647526e-02,2.358107779499092962e-02,6.956054470787987297e-03,5.913791554929818950e-03,1.643806441371778795e-02,1.445542599091378683e-03,2.651636067684936746e-02,9.020113781677342735e-02,9.952704559880502788e-02,1.698370828916927755e-01,1.864686150172442936e-01,4.863593815711563795e-01,6.288722022670369949e-01,3.939594565263405679e-01,0.000000000000000000e+00,4.760749556383719883e-01,6.919661143833969463e-01,4.060232930645383265e-01,2.797251581179146518e-01,5.613521983021902972e-01,2.368810453320859821e-01,1.393556003538914401e-01,4.025123883832223276e-02,3.798871614744687986e-02,9.220765155440331304e-03,3.367174991622614438e-03,1.175788188844044402e-02,1.115525190227199641e-02,1.185663104755913834e-02,2.497303868726063504e-03,2.989624422491834240e-03,8.069485107297614743e-03,1.040589003859575083e-02,2.726685452846074401e-03,5.464173342628764890e-03,2.477804597708895083e-03,1.387332398890380814e-03,2.370144703901945482e-02,1.755777213339392408e-03,3.657976650802720591e-03,1.039956940044466614e-02,1.079964614242864135e-02,1.365398969443287411e-02,5.803324429581845252e-03,4.282500387246944429e-03,2.047899960609506770e-02,1.247404256106719386e-02,1.265983364888951732e-02,4.942908527429203808e-02,3.542456312272000175e-03,1.459708342999169878e-02,4.276183817333192166e-02,8.882639633193040868e-03,1.580943823084162564e-02,6.383558600864437313e-03,3.567463599983615452e-02,1.099481517353303184e-01,3.057433080360481489e-02,7.997570511554119577e-02,1.553722494924751896e-01,2.555780429055827183e-02,3.484247739900839941e-02,9.829636692525354005e-03,2.251582882972489111e-02,2.164469028664409503e-02
2.973431837137311198e-03,1.044803902541721272e-02,8.099583745801932841e-03,2.012557071356925031e-03,1.005383515740055668e-02,9.548256884628601032e-03,2.671037910072914402e-03,7.992185805208008951e-04,2.507420473820130054e-03,1.422858295446803242e-03,5.763327469223868257e-04,8.174032091416068638e-03,2.115711731374182031e-02,1.170324664262169662e-01,1.014910288024600954e-01,2.301305774659519188e-02,1.741858639279137422e-01,4.721642747422747921e-01,4.554608558340447200e-01,5.211611417578702055e-01,4.760749556383719883e-01,0.000000000000000000e+00,6.066213813178477077e-01,6.086411262657336341e-01,4.265395070230916796e-01,2.066347342291652289e-01,1.514440112470359090e-01,1.023886136844575773e-01,3.021435881828708758e-02,4.854402232788186666e-02,1.514697348126978205e-02,5.380584416968608834e-03,8.975810839667522009e-03,2.835840005907942166e-03,9.716044271285136785e-03,9.922647682392159857e-03,6.442923067383490854e-02,1.044918141946054799e-02,2.827895244014601468e-03,3.158944333024056150e-03,8.001022454100489845e-03,2.260166792052161963e-02,7.928588773144527868e-03,4.659210669393494086e-04,5.310158417352735249e-02,2.293000875887669151e-03,1.002318515681052506e-02,3.224152077781313602e-02,7.518366199522638280e-03,8.903451589849724346e-03,1.468075148847800167e-02,1.779852341133963955e-02,2.136285841154811696e-02,6.587988449141940483e-02,3.012192149974551175e-02,6.872982145300961243e-02,3.458294582009942969e-02,1.153579230043095746e-02,1.914276460948906647e-02,1.131357317346718544e-02,9.013711600920176759e-02,6.576814614401113590e-02,1.334670820376226974e-01,1.320353274606048954e-01,6.373135459788108192e-02,3.535620907781787947e-01,6.632880062982603186e-02,2.479270187713426485e-02,2.915811491778661294e-02,2.094987383172179987e-02,1.328520629416067231e-02
