0.000000000000000000e+00,7.413972524487358329e-02,2.510443548023779878e-02,1.278915245057329342e-01,4.871190389471421328e-02,5.509804213097281578e-02,3.894763190932299529e-02,4.292370941009119450e-02,2.348839643037979596e-02,1.030746878487749513e-01,7.071836839004863595e-02,5.013510278590023461e-02,3.126549100750263335e-03,5.091474632877676654e-02,2.162481224799851776e-02,3.682294126607493084e-02,5.177112243721427448e-02,7.657201982455226486e-02,2.998401839223563750e-02,5.618781440506911279e-02,2.000958897330324185e-02,3.126444585172047375e-02,6.387534629274450870e-02,5.618857374103363410e-03,5.612283087258819990e-03,9.827699920664751537e-03,1.518025038190825259e-02,9.846970812900021630e-03,5.142263225126133229e-03,1.768866160764192771e-02,5.283731776947235559e-03,1.005331355624294737e-01,4.917267929652183872e-02,7.098826260796576096e-03,9.082130521718566676e-03,6.250778569108390859e-03,1.299553214556571114e-02,3.851187914700717353e-03,3.312566928633173258e-02,9.326212241530950145e-03,2.482174368508745579e-02,1.801455347358507653e-02,1.591865183229001016e-02,8.896872600052355140e-02,5.932359716346295719e-02,8.877262247100121961e-02,1.637687163940417245e-01,2.483784090846694395e-02,4.783033973942002470e-02,6.707181439436460391e-02,1.488235091787544311e-02,1.528501545332307601e-02,3.768682665140297983e-02,6.303869252443272675e-02,1.552197491414480067e-02,7.721775048423866472e-02,1.302446315361955979e-02,1.288705248244152168e-01,3.065182258595232009e-02,5.039569304012306988e-02,1.660739733497696990e-01,7.595582266395947690e-02,7.575861708075282142e-02,5.263202196558670193e-02,3.245187476802544047e-02,1.147500847110986301e-02,2.039975480974100253e-02,3.173572418524175931e-02,2.351708560385928903e-02,7.638569786953049168e-03,1.467343864222448238e-02,1.323440834754065903e-02,1.152694115055383911e-02,4.133963797840427452e-03,4.877442071289982660e-03,1.856256529309656053e-02,1.909921100956103908e-03,4.279557726134249757e-03,2.066610040802436404e-02,1.154071037901945040e-02,2.047429986953956324e-02,3.396632234830844563e-03,8.696065956468962410e-03,3.007176910495003904e-03,9.507307730412313529e-03,4.353270265832203528e-02,7.113646079301218228e-02,7.291259593890699053e-02,1.677080980732833723e-02,6.327413416495775156e-02,9.121248734895522070e-02,5.970550842782092194e-02,1.060295790527772397e-01,1.290476486219681584e-01,9.348268376082016773e-02,3.004844296074462434e-02,9.300592776727206745e-02,3.993887494799039373e-02,4.955740577950119158e-02,5.809251914389100546e-02,2.562080285905288246e-02,1.700437946197587901e-03,1.478895637027271073e-02,1.323908340006808848e-02,1.417533034151214136e-02,3.092340073482220328e-02,2.168930592176095129e-02,3.438613451386243140e-03,1.008358803477595739e-02,2.147824612016169255e-02,2.047476364384515773e-02,3.094994212321425849e-03,1.086344352471864134e-03,1.717335863968441970e-02,5.478266211587234577e-03,8.419041427702143171e-03,2.905169427033952104e-02,1.861802376130550218e-02,9.009303065850587933e-02,8.645814769482453380e-03,1.762926712822677697e-02,7.541896030010999952e-02,2.402267942522847560e-02,2.978474845301321353e-02,1.687941552331829742e-01,4.067655626293670973e-02,4.086484612832767122e-02,1.916737007272239779e-01,7.743322132780448841e-02,1.131814150915234490e-01,1.490759009578762895e-01,5.567591610416910974e-02,1.780002887498303987e-02,6.451234526978193162e-02,2.118730346229518238e-02,2.269059577890019178e-02,2.711301284909917522e-02,4.819269801283438195e-03,7.356560673152852739e-03
7.413972524487358329e-02,0.000000000000000000e+00,2.395798565719626516e-01,2.059674572327549469e-01,1.272383156538157423e-01,9.701059566944787715e-02,1.008432792489493274e-01,9.831939085156661540e-02,1.559775991706252030e-01,1.843676786106702437e-01,3.706120800311860086e-02,1.654787618837261776e-01,1.333873206636629893e-01,3.191606621422180684e-02,8.365862066249001028e-02,4.521547302894266679e-02,2.139420824521065245e-01,1.202062428620933460e-01,6.275056038222935617e-02,4.666928849777187555e-02,1.200096754633675766e-01,2.375863746983021205e-02,8.685916933694735886e-02,1.149036803483045183e-01,6.947491632824442931e-02,1.949753960486236282e-02,1.177382143312842751e-02,6.928187627903133715e-03,1.207671389176562249e-02,1.910549881132204975e-02,1.364182144400465785e-02,6.360048698773411620e-03,1.310394011616516051e-02,5.768213565348878635e-02,9.546181492021094811e-03,4.085391349286266599e-02,7.479761353437404912e-03,2.832097099042820559e-02,4.600172951951944818e-03,3.851434366821390731e-02,1.826000667430045105e-02,1.131755783407003245e-02,2.486683781937207641e-02,9.369857830403796606e-03,5.046102449989749161e-02,1.360877495850575380e-01,6.880031489799522115e-02,3.986267163199219005e-02,6.342064431582461470e-02,8.749941365689824224e-02,2.107817455863657957e-02,3.105866320660858812e-02,6.517971276515452383e-02,1.310413876897491003e-01,4.981597885791159280e-02,1.838300315349110925e-01,4.597015803484815616e-02,9.648755746956540202e-02,5.690323632222773348e-02,1.278000676867830365e-01,1.072009371105160924e-01,8.002964209426746689e-02,5.590406034270094943e-02,8.271983510647028248e-02,1.239987687581686933e-02,2.465332579135948513e-02,3.926320136762162516e-02,1.425937739390715185e-02,8.296047423229008233e-03,3.522109694252152645e-02,3.519192130348670899e-02,2.345585776452429119e-02,6.329574502189122889e-03,1.281515619863188814e-02,9.261598586162577904e-03,1.711393454917025866e-02,3.546293223860511740e-02,3.026927582318222204e-02,6.586893835273621885e-03,6.960511105835168189e-02,2.377979673553238388e-02,1.195767174602440849e-02,4.437547782864677617e-03,1.832872083828746002e-02,3.122586501510721604e-02,4.169409727580788289e-02,1.099808900363528907e-01,4.979373117530209308e-02,8.207332867569124002e-02,1.906016595034099315e-01,1.335935819319212237e-01,1.430449325847504560e-01,5.574349101002561840e-02,9.296464289199925235e-02,9.263135104052601376e-02,2.026668194105953405e-02,2.374868693660736607e-02,1.868144029285230892e-02,3.815194265023743887e-03,9.382744437375337490e-03,3.355016420205200744e-02,8.902146693436554376e-03,4.300985865209645126e-02,7.180560934356083717e-03,3.001878436166927067e-02,3.518111828754092590e-02,2.997129799583571688e-02,1.863366116999262342e-02,6.275675297886929016e-02,3.069217015299430251e-02,1.117718635641097406e-02,1.708151402212539777e-02,6.439383190070729901e-03,4.018847941754915241e-03,8.925549611328138788e-02,1.894985630247126435e-02,2.254924860391712554e-02,1.955935102158535555e-01,4.856014915478404359e-02,9.854156789067064492e-02,1.848458157690131484e-02,4.993701515662571366e-02,1.326136384739120266e-01,9.826090137760011556e-02,1.521083195462781257e-01,6.689941620839970349e-02,2.098450812790749187e-01,1.113146426808333950e-01,1.219539233495909730e-01,2.302244950902180565e-01,1.140946594021537835e-01,8.279605953712648736e-02,6.206810530100774492e-02,5.670957545576527786e-02,5.469250005964601535e-02,4.526526979711282400e-02,1.989423839278292236e-02,2.645835995689633721e-02,1.650986448054855490e-02
2.510443548023779878e-02,2.395798565719626516e-01,0.000000000000000000e+00,2.859625969444439253e-01,3.690654591639340731e-01,2.997592870717536440e-01,2.095793048387147306e-01,1.704323841656851524e-01,7.798428126212801625e-02,2.076024782935536606e-01,7.417710034972914424e-02,1.464893340508536534e-01,8.636803248130689448e-02,8.681082797598685397e-02,1.110513230727195322e-01,8.681496105070997393e-02,3.329834200486231910e-01,7.097085861753682501e-02,1.189568346109362157e-01,6.023941596566481649e-02,1.091319936900832094e-01,2.889072127864946923e-02,1.871281861026628801e-01,2.581188843910833461e-02,1.602550824475436689e-02,2.550079245736676468e-03,1.867534502708043109e-02,1.494981529490035932e-02,1.165526093382872330e-02,1.238636981363779900e-02,9.759046622458262404e-03,5.544117125683924868e-02,7.315751759792815667e-02,1.316271049601090530e-02,1.376081730315026862e-02,2.376445540157391331e-02,8.033251955480943951e-02,2.161746414985898576e-02,5.582998205332832808e-02,7.105599799610901046e-02,1.409362891280022990e-02,2.156343444114874192e-02,1.240415579536087304e-01,3.490755511462734911e-02,2.630795793116299033e-02,7.825426854843334223e-02,7.326694441798986546e-02,5.566989295195499260e-02,9.304871693138035138e-02,1.282750314111237577e-02,4.367535186160143718e-02,6.352220153329259100e-02,1.120001056074228750e-02,1.525662896404898772e-01,7.527997866979672936e-02,1.996716526540813219e-01,1.064330517430092937e-01,2.110673343313866357e-01,4.747406360116498275e-02,8.043634065574989389e-02,1.664864597125205181e-01,6.664520289607991921e-02,2.454250321396192133e-02,5.493480084757117882e-02,4.747231812945311435e-02,3.539423557196447884e-02,2.332351883504092671e-02,8.206917274559402328e-03,1.066141580911195569e-01,1.620669750682731877e-02,4.873479369520031246e-02,6.443760656345699778e-02,5.814092323049697281e-02,7.160157669012240031e-03,1.380930057860038987e-02,2.237708410803689735e-02,1.697174967081734650e-03,2.367261997198434956e-02,8.187389719789925357e-03,1.745962703519930367e-02,5.902645834834993437e-03,1.785181315413439124e-03,1.567395368881833659e-02,3.838036568120073953e-03,5.589654122150025661e-03,9.773958146163810867e-02,6.851534615011589668e-02,5.796948567188549284e-02,1.080338692106208309e-01,8.633336816863164398e-02,1.196022458216919465e-01,6.448081466762971281e-02,4.924864172868392148e-02,6.659776427361144280e-02,5.017352519519027720e-02,2.201948516770326977e-02,3.128037498163979691e-02,3.295772067574297137e-02,5.329413739330528081e-03,3.450839640916606582e-02,1.578983604444166716e-02,5.059008428497776579e-03,4.256668997893777590e-02,3.510916312933231448e-02,6.681926828023971796e-03,2.527804256030071958e-03,1.599152010803577689e-02,2.942672821656235754e-02,2.700732028267021061e-03,3.241202006462037127e-02,3.349332574973520882e-02,5.757443569829958502e-02,2.143397731005420789e-02,6.251629278249430655e-02,6.658411920824065799e-02,7.456256465674868106e-02,2.145260675709508014e-02,1.005331935650543712e-01,1.047016754839276247e-02,2.804130363226882763e-02,7.378105349708437288e-02,1.903082509706133796e-01,5.057171140866533604e-02,4.298798351442195687e-02,6.587607535876574549e-02,1.818127297086589989e-01,9.185694794583285083e-02,7.635382070366726615e-02,1.045514561444537693e-01,1.817667943569751809e-01,2.252589056951408153e-01,1.133424271060062549e-01,9.889403771737945159e-02,4.129457797054413015e-02,3.976980406990183320e-02,2.105792640181258432e-02,2.683422724748718222e-02,6.540325600643707993e-03,3.968582895939468461e-03
1.278915245057329342e-01,2.059674572327549469e-01,2.859625969444439253e-01,0.000000000000000000e+00,3.821473386822603069e-01,2.123541770402442852e-01,1.644929881515513614e-01,2.405658672128188624e-01,1.583965052246409100e-01,1.691073568489455670e-01,2.685930554603654374e-01,1.688778360856363625e-01,1.382820912418175063e-01,8.570085008679374783e-02,2.001139224104702130e-01,1.938132378437832926e-01,1.816999970270911924e-01,1.855964751721967398e-01,6.245945637001062978e-02,1.105604963803862584e-01,1.975543262144937307e-01,1.571666471491343642e-01,2.328444997822862184e-01,1.147666605911361326e-01,1.996772320392279157e-02,9.845905104375248310e-03,4.606650582494598717e-02,1.301590135608599041e-02,1.030905886002774635e-02,6.418893196438018797e-03,6.391283973677325606e-03,5.329943595081299695e-02,1.261481922429934753e-02,6.918515113091262131e-03,3.278429626357951682e-02,7.938386880573003457e-02,7.825827507327660915e-02,1.778824819973865573e-02,1.208973688101664251e-01,2.662449889584049892e-02,1.695803693894684661e-02,5.811236603065620537e-02,4.540021173648110808e-02,9.380993376190752131e-02,9.683359227635675304e-02,7.479736174400920812e-02,4.601500772279379370e-02,1.393599580092265248e-02,8.167758658815257866e-02,7.877781162209135379e-02,8.391595972240090129e-02,6.153443420627165150e-02,2.391145346596825969e-02,6.221136076755885008e-02,7.754914690216686834e-02,1.369190181404631446e-01,6.729833402637228068e-02,2.383521074288564023e-01,1.060230951789455922e-01,6.463899823357206753e-02,1.881541674707487843e-01,2.313711174759925382e-01,1.381951322660568138e-01,8.360949541426658527e-02,2.421996030914708165e-02,2.958820530421940945e-02,3.195657279049292365e-02,1.268867486168945811e-02,7.637454659423826425e-03,2.798082010962164509e-02,9.608262200422521687e-03,2.888555992537558334e-02,1.400342907793144555e-02,2.576300484445568154e-02,4.416063446885905470e-03,1.996941741357054559e-02,1.112913278497283248e-01,3.225997252652591796e-02,6.991168206843417256e-03,3.019900767743820616e-02,3.205186922023267604e-02,5.778767842290272877e-03,3.604933708524594993e-02,1.772218799193193972e-02,5.377364171216867869e-03,4.039960012359650882e-02,6.308069805818423970e-02,5.900956538457846623e-02,7.372796740209217048e-02,1.722044716385406349e-01,1.604233786918195792e-01,9.943106526436695791e-02,1.470965686102572167e-01,1.692994442663000310e-01,1.503899242674876791e-01,4.382332096904214408e-02,4.124583802681053291e-02,8.366401832436708152e-02,1.400225048947912124e-02,1.801348377840945522e-02,6.040034919690373538e-02,7.838124153187034371e-03,1.875281596247441868e-02,1.470154097283603301e-02,2.868390013929229126e-02,1.393208112507888022e-02,3.687901593997447436e-02,2.067139724758254929e-02,6.367491318380945342e-02,1.878014987642415839e-02,4.177925792979406833e-03,5.977979244746384896e-02,3.406945867087532616e-03,2.550961209566690591e-02,1.066934659608017449e-01,5.850808399872321763e-02,1.884081671095187357e-02,1.500233532692862581e-01,5.583766374744443539e-02,7.897048944405980764e-02,8.309969809398673468e-02,7.087160713322467054e-02,1.790270482689826081e-01,8.669863388024447171e-02,2.325182346181640658e-01,5.852671121847680125e-02,2.463549438579391571e-01,2.579500629793585187e-01,2.160510275364305177e-01,2.494232478275144882e-01,2.494903232866935994e-01,8.652740219358645568e-02,8.635066274229775962e-02,2.773619449535837458e-02,7.243374113911763001e-02,2.856803266841744654e-02,6.713121367368138359e-02,5.182161409514927930e-02,6.751830721405724552e-03
4.871190389471421328e-02,1.272383156538157423e-01,3.690654591639340731e-01,3.821473386822603069e-01,0.000000000000000000e+00,3.448915199398433495e-01,1.569303746187449278e-01,1.648800594152762256e-01,4.842904185946927953e-02,5.384907873206002532e-02,1.231143409537806127e-01,2.255455352224586818e-01,1.462216634133083060e-01,2.199761797233995286e-01,5.606539465152048096e-02,1.614789945762489243e-01,3.447682350788902617e-01,1.312683918433389108e-01,1.730662725860385720e-01,5.466713318907260449e-02,2.217748249666566529e-01,1.200215092012223705e-01,8.221959870574561957e-02,1.508794584080205836e-01,2.371692343953126642e-02,1.903072129853622049e-02,1.945591672251140852e-02,2.747778809681596449e-02,5.357003244847152040e-02,3.025595756291230877e-03,3.629400237993460343e-02,1.569155013079029104e-01,7.478474557134064116e-02,5.401752134324411952e-02,1.913928165784928304e-02,4.788818994780665028e-02,5.482071897621369067e-02,4.508908447424644916e-02,3.424238171309244155e-02,1.589943980378693417e-02,8.834179164129124517e-02,4.843774405074063871e-02,1.461481136697390382e-01,1.612570416320992239e-01,9.851867625649579630e-02,2.463342013909355366e-01,1.815461928232975364e-01,5.267939244373322227e-02,2.107102698367787352e-01,1.455988617463213897e-01,2.829173385686215014e-02,5.983866268833714502e-02,6.158575826045521034e-02,1.633873561662736174e-01,6.606853787758124041e-02,9.609128440091982415e-02,2.621490499520469711e-02,4.693953489134272683e-02,4.374945109543943583e-02,1.090652113826763164e-01,4.951437553238543371e-02,5.077931428121641028e-02,2.553909244564126629e-02,1.783743377041660250e-01,3.613090320504314112e-02,4.752563392859898705e-02,2.373798810406363077e-02,5.458488931789218929e-02,1.500539797691617140e-02,1.502461060448362015e-02,7.833648811395791181e-03,9.103928773313635370e-02,7.472941070640984687e-03,1.796208766987884842e-02,1.090438323270965723e-02,8.835124050757004258e-03,3.397848132025880347e-02,2.231801895624559162e-02,2.273944175661508915e-02,4.086677671968091952e-02,9.071300973479652641e-02,1.032472725818587601e-02,6.374323057189578041e-03,1.121180884784345883e-02,1.082383286252899986e-02,3.610232291132411259e-02,7.568623181272979283e-02,3.657320044424312161e-02,1.087427635011109922e-01,1.925893869492996680e-01,5.783251522568604724e-02,2.296265357439991953e-02,6.256448577489739926e-02,1.628854286857387146e-01,4.847949362061420436e-02,6.183292302190735584e-02,1.060569424382936388e-01,3.827905157362278266e-02,7.203246910736736675e-02,3.600140795771959029e-02,1.794726251078452434e-02,4.107766436412527145e-02,2.881957688722710468e-03,1.444535491400202216e-02,2.111685794701309571e-02,1.522323549500315815e-02,1.350593002072691083e-02,1.174766261569823965e-02,7.978972614401697028e-02,6.286967507967776425e-03,7.953626783619303919e-02,8.852866570531786605e-02,3.135716121778676230e-02,1.429197248653504837e-01,2.411361004659023921e-01,1.906845596759483841e-01,1.197781607665653059e-01,3.119288448541270298e-01,1.120593820346806185e-01,1.309996063029717217e-01,8.512437535636789565e-02,1.751127493190655568e-02,2.167413109392940240e-01,1.099120229235216184e-01,6.901939346180589741e-02,4.664219883922982729e-02,1.998161624010600101e-01,6.855357347344220864e-02,1.072927447530546002e-01,2.919439138327600269e-01,8.433987008671239849e-02,1.076996188832416296e-01,7.819138410582730792e-02,7.890549783655190219e-02,2.847418893875443627e-02,1.196132140933655295e-02,2.629679746809064893e-03,3.851255906455057325e-03,4.316106023789216366e-03
5.509804213097281578e-02,9.701059566944787715e-02,2.997592870717536440e-01,2.123541770402442852e-01,3.448915199398433495e-01,0.000000000000000000e+00,1.076492785511192762e-01,2.381864722607576479e-01,1.233649347199775870e-01,2.200401458235982932e-01,1.103573809965716357e-01,4.433386024742886483e-02,3.071297795972496303e-01,1.314616023141104983e-01,1.941118195688163184e-01,7.228752370692219376e-02,3.589593549433844899e-01,6.918505398549017193e-02,3.847489200233224910e-02,1.419437122600815948e-01,1.294909885350720713e-01,6.639001146714237911e-02,1.314067720463454603e-01,4.972474535507319209e-03,7.231379879905930688e-03,2.258828386576323954e-02,2.621362082858567921e-02,1.862808664576019735e-02,2.591156658492239570e-02,5.777092591880026926e-03,1.965040479550518929e-02,2.545577992366336931e-02,8.414495513437722160e-03,6.857809820735213946e-02,4.623300945615145541e-03,1.949669524804405543e-02,1.087278752176117635e-01,5.631576306564639589e-02,9.142433533555212322e-03,1.750030896565094377e-02,2.342872328156175854e-02,2.916485783872711443e-02,1.417518233983775244e-01,5.916779817886821946e-02,1.030182756420125884e-01,8.386988497728722902e-02,3.805959253785996116e-02,8.396129626145969194e-02,9.633490342037616394e-02,2.855425300535309116e-02,5.018214150821617009e-02,3.265201108393504803e-02,3.082474005306100676e-02,1.484003720628316869e-01,8.235551945245102312e-02,2.054763078135756482e-01,3.771814248263347796e-02,1.415830876937063942e-01,9.544864897830251937e-02,4.062890107617058572e-02,1.391338110123536698e-01,1.024749602258307954e-02,1.677541093677664338e-02,3.726207418228901641e-02,2.498237220492671717e-02,4.203167314864712789e-02,1.668686176148598613e-02,3.044020792349861476e-02,7.022042369928088723e-02,5.486121097125756102e-02,6.506490533499774062e-03,1.974352024463670030e-02,1.012885724954122602e-01,1.031945989838527374e-02,1.239777973623048223e-02,1.576225441503116553e-02,1.264199284638171765e-02,7.447340036347292747e-02,6.189409581844917616e-03,2.167381700990430107e-02,5.047039385064937093e-03,3.034561438525844312e-02,1.816154728338171750e-02,8.873974083226579893e-03,1.728386054514590223e-02,5.856085940977805854e-02,1.382465454559830831e-01,3.051109642745411174e-02,8.806723000334884532e-02,2.000789660225990307e-01,1.075341502527105281e-01,7.946009928897775076e-02,6.025369025268205447e-02,8.859755069890914991e-02,6.362359767251707376e-02,7.132390095201371349e-02,3.030470736276652186e-02,3.848645924910344424e-03,1.613960318734293173e-02,2.604179784945477930e-02,6.009165796048050734e-02,2.907820075474096266e-02,1.856658562679389807e-02,3.324018253942684787e-03,1.119638953795145005e-02,1.447188063174571770e-02,4.627203226871638014e-02,1.343169190571208253e-02,1.293500657225988767e-02,3.624639886928085041e-03,1.158532422040767923e-02,6.652615814539633576e-02,1.166853819798252187e-02,4.632867734342537708e-02,1.033600753981295389e-01,5.158531806298641970e-02,1.903206358362499392e-02,1.605177345309165560e-01,5.638487106166969326e-02,2.161631235176062274e-02,2.289772246104880213e-02,9.781456093578375088e-02,8.965585061888999008e-02,3.076355500568849974e-02,7.351983990280804016e-02,2.052791185272125063e-01,1.303359971783306925e-01,7.619584321814640293e-02,4.203442074387626903e-02,2.380648311826255858e-01,3.328066576814288635e-01,1.641789492971301723e-01,3.936241769279901631e-02,6.781799209056790789e-02,9.904066502718303355e-02,5.842377125701619239e-02,8.829512967562766490e-02,1.242706165798663359e-02,1.274851890264358349e-02
3.894763190932299529e-02,1.008432792489493274e-01,2.095793048387147306e-01,1.644929881515513614e-01,1.569303746187449278e-01,1.076492785511192762e-01,0.000000000000000000e+00,1.456811820218265607e-01,9.331774689451356741e-02,6.174224981216053232e-02,2.502178391444420669e-01,1.338120013947686482e-01,1.685689354884262747e-01,1.697602778938183676e-01,1.176330276545319853e-01,9.315840074453270170e-02,1.339703983034163937e-01,4.713114022739867820e-02,3.362800517767348257e-02,1.237461032975679075e-02,5.869730425732875428e-02,4.164002677602515745e-02,6.323559881598582455e-02,1.607794466169009187e-02,4.263259485405354599e-02,8.779743414947063784e-02,5.620877668571400837e-02,8.088998902655246404e-02,1.356491377218116065e-02,1.780317421765480190e-02,2.027995726730627210e-02,1.071790337728317256e-02,2.436229638972224262e-02,4.742634243571194896e-02,1.124015224369373685e-02,3.706477369905641917e-02,8.628617497699225466e-03,9.574196085301711970e-03,2.883869648364317806e-02,1.494038934892606696e-02,2.715680079575471043e-02,5.322606649306869248e-02,1.280111209971165065e-01,4.105584677409695321e-02,8.326429735987897485e-02,1.040723016519787825e-01,2.759433262336455361e-02,6.687531776490711344e-02,8.226235424975432420e-02,3.668229523199948577e-02,2.190594770274536737e-02,3.029531921883577700e-02,2.462362552557052428e-02,1.011773876693784768e-01,6.625409353908857935e-02,7.159656391707108769e-02,3.449649187960009827e-02,1.490649086150213076e-01,1.942962318611363495e-02,3.567915734265375560e-02,1.357236896463012155e-01,1.126417458483815470e-01,6.874310117066373405e-02,7.549926878089864568e-02,7.749916517323668375e-02,3.756929380024359721e-02,8.353786712513885937e-02,1.456764116208745033e-02,2.321683838204003855e-02,8.836818437662799855e-03,5.845188963988924569e-03,1.514491373308550493e-02,3.861216613027502326e-02,1.287855943464222101e-02,1.788993413463994125e-02,1.551254808182142217e-02,1.371570924405795047e-02,3.350088682198572310e-02,3.939206344385139114e-02,2.372787494489961291e-02,1.477818403428566782e-02,9.932658968730469565e-03,1.112255068813858272e-02,1.671996726305424036e-02,2.319636074272131074e-02,7.178032122178792940e-02,7.856697487633799992e-02,7.714382342112258151e-02,4.803008443975885500e-02,1.223733449152100833e-01,6.352033582900337705e-02,3.114153734550520816e-02,6.188083276059922616e-02,8.826048309601204622e-02,1.475438736632685328e-02,4.772116336780570650e-02,4.186499208821842927e-02,2.001794598536565245e-02,1.795944375030171167e-02,3.699909454455029001e-02,1.021298097717201515e-02,5.342893629200478646e-03,2.116509829355106911e-02,3.329542093572184641e-02,1.840702977012120822e-02,2.457501366112599048e-02,1.578628102948026121e-02,2.705820742641308618e-02,8.123930978804131189e-03,7.989350779925210450e-03,1.441704113333930164e-02,4.069801600092323030e-02,9.067689021970557622e-03,3.473345871884945396e-02,3.035025960897816746e-02,2.541040870811377920e-03,3.637657958153887872e-02,6.070300612390097661e-02,7.322658266497036363e-03,1.869806049727345404e-02,2.599373572541707495e-03,1.780054409014139929e-02,1.001938347800362776e-02,5.530096818097488681e-02,3.610653496785790062e-02,2.072641186057158913e-01,6.546455019476027370e-02,7.704676445034408516e-02,3.356611453421285557e-02,4.207989238170260771e-02,1.987283880916531909e-01,1.473202377730208901e-01,1.211869165593894987e-01,2.364392261389102953e-02,4.108971606237884350e-02,1.536522105162947682e-02,1.390821188870428222e-02,2.252274637648787881e-02,1.171951217524796508e-02
4.292370941009119450e-02,9.831939085156661540e-02,1.704323841656851524e-01,2.405658672128188624e-01,1.648800594152762256e-01,2.381864722607576479e-01,1.456811820218265607e-01,0.000000000000000000e+00,4.195657015574126292e-01,4.084509968741372732e-01,9.601251582956983610e-02,2.184302502592095629e-01,3.696049400186438016e-02,1.468035052978804711e-01,1.902397391032816798e-01,2.498302090548261412e-01,2.529706534136715868e-01,3.063985049083630119e-01,3.749865952398762775e-02,1.093708814007492841e-01,3.003967820031035879e-02,2.139832816312667307e-02,1.691771107621908854e-02,5.284001052211190208e-03,2.940745947308174776e-02,5.237856136615360453e-03,1.665640634373011589e-02,6.926085962466826951e-02,4.025852859979790754e-02,3.143559815326007340e-02,1.647089493588096629e-02,6.256216791884100514e-02,1.024199352175427999e-02,3.953884362923131002e-02,8.726325326764242454e-03,1.968269223784583667e-03,1.165932620490681658e-02,5.422825045823212453e-02,1.966664146836997681e-02,3.626545262101991962e-02,5.538004773723455287e-02,5.151529076777166399e-02,9.302168134929370003e-02,7.659369939997111298e-02,1.695072156428988341e-01,7.184938217964720319e-02,1.613426593916972018e-01,1.264702838863803469e-01,1.166617042925909009e-01,1.151039702133013903e-01,7.487160553224461723e-02,3.661239172350434085e-02,1.316458354198849490e-01,8.190673036736371981e-02,2.927635353063040222e-02,5.345294507671965317e-02,3.821628417126414490e-02,7.258927028117784230e-02,1.567161621600032806e-02,8.828076733682459210e-02,8.680812968050495571e-02,1.761479501786317875e-02,4.690201698345488474e-02,3.866096724993164924e-02,1.088401804274291979e-01,1.083692958921158994e-01,2.302249505527327253e-02,8.736292093201222797e-02,4.472263844701832719e-02,4.971440054073159032e-02,5.672410260674217580e-02,3.898143107899132084e-03,2.072006066615438707e-02,8.375772651242467670e-02,1.865832525092931196e-02,1.105357903762103043e-02,1.299546977284965314e-02,1.484255702943510988e-02,4.453059018193022967e-02,5.683129756652545439e-02,3.994823016199738897e-02,8.266955942752979292e-03,4.833635161440512362e-02,2.872663879263598341e-02,2.505096968446683670e-02,3.046486729428893661e-02,4.736892805054609273e-02,1.553345246599981654e-02,5.244719193646825428e-02,4.615027007903441114e-02,6.380289962942392590e-02,1.154201835992993558e-01,1.867205905917864728e-01,9.087396722759176482e-02,1.070064048082056407e-01,1.499095404398148312e-01,8.738728541893238388e-02,4.157950610213348441e-02,9.816082149822080716e-02,6.781922565788602031e-02,1.090709801614574842e-02,5.659087610758637386e-03,6.625117647168327420e-03,1.726794884450344805e-02,7.636202720330068951e-03,4.278260583563948255e-02,4.471386400924692167e-02,5.067337524400961773e-02,1.252241655895027167e-03,1.188776988918211763e-01,1.918812024195027666e-01,8.667377522284214209e-02,1.255211641216167906e-01,1.831948748856420395e-01,9.238098572816870468e-02,1.409227110053047904e-01,1.194876736475214973e-01,3.213483891046719360e-02,6.534054590356887238e-02,1.075984475749771144e-02,7.779462144543673741e-02,1.943945688763099727e-02,3.961798651581354552e-02,5.939934345755883138e-02,1.081984121391875997e-01,7.205910789395800209e-02,5.513105166638197774e-02,8.791834753419958126e-02,7.627297902460764001e-02,3.852306354594239868e-02,1.177904443346247110e-01,4.327018291975113368e-02,3.860891138371982945e-02,1.257643070070444680e-01,7.347241380760230478e-02,9.485343128838724658e-02,4.624633659022209242e-02,6.826690291471496086e-02,2.554359212267858989e-02
2.348839643037979596e-02,1.559775991706252030e-01,7.798428126212801625e-02,1.583965052246409100e-01,4.842904185946927953e-02,1.233649347199775870e-01,9.331774689451356741e-02,4.195657015574126292e-01,0.000000000000000000e+00,1.667658657972156955e-01,3.625030293442884077e-01,3.302773592633924671e-01,2.902898504088608500e-01,1.701182471743777069e-01,4.650243809210511947e-01,1.479876221937067582e-01,2.563340762343140344e-01,2.822770327856207601e-02,2.337272823951210346e-02,7.826140502659185982e-02,1.021016529100748048e-02,1.235837291440044644e-01,3.384444702120206067e-02,3.027856131928234953e-02,2.202914518031979987e-03,6.483527439171257734e-03,6.109783258211053114e-02,6.925831513258348497e-03,4.094437769254359594e-02,5.692298003171573917e-02,3.172590694348474856e-03,3.592277293657698822e-02,2.571830939966801219e-02,1.789969855901219972e-02,3.942382425427933684e-03,4.869894057751097266e-02,2.557598193904058251e-02,7.137713914985430695e-03,3.609099100578692931e-02,3.329049067305162729e-02,3.733562838310860998e-02,1.335946814660618209e-01,2.343704217699199219e-02,1.854216707214022958e-02,2.207045541636550867e-01,1.566433483696053367e-03,2.505684326787685837e-02,2.485156769374693986e-02,4.996283731696615771e-02,6.275054812268465732e-02,3.496935595259174218e-02,1.306353168221139893e-01,2.432430263250763905e-02,3.076327203503942745e-02,1.842302476668871217e-02,3.401645181497664483e-02,5.974704779082960771e-02,2.212850344105327105e-02,3.786448567812961824e-02,4.034665722649609376e-02,6.502930822598384022e-03,1.262587991898510009e-01,4.299128645298085083e-02,2.676683348056120917e-02,4.825096243170039212e-02,4.374184939653305570e-02,9.913171170069594307e-02,1.087700968957659026e-02,1.319572499112859898e-01,1.675143334587243099e-02,1.075011620920079090e-02,6.521341234290868594e-02,1.863920816069286612e-02,1.024052439596602297e-02,2.409431902316622187e-02,2.498693158313975912e-02,9.045314928927608925e-03,5.114024826474462132e-02,1.558251415886068893e-02,5.747008361923263559e-03,1.593586266444120547e-02,3.129924163378912383e-02,1.082030439361548677e-02,2.279267949870381754e-02,9.050432824723675385e-03,7.405626617859574490e-02,3.179742925839759010e-02,5.745566579341919444e-02,1.287175179784700967e-02,3.319731980070489419e-02,2.956694002587630793e-02,4.644325685382336838e-02,1.862280637232593128e-01,2.415330356711340234e-02,1.705017689667377365e-02,5.056848079748473002e-02,4.993463674689071173e-03,4.256822104353448488e-02,3.738553421529228898e-02,9.296931186769392952e-03,1.788486635724344589e-02,4.451293625452100965e-03,2.212113388982592591e-03,9.571259234291362716e-03,1.940390693837468553e-03,5.671454894633533306e-03,1.615508165545725960e-02,1.476738014564310877e-02,2.920801901754924157e-02,3.147653843194427731e-02,3.439213712518911226e-02,6.447489160644343138e-03,3.924968293912407119e-02,5.364924937521468179e-02,2.439065772362097265e-03,4.800248954619409925e-02,4.702795466938466257e-03,3.995130181815522222e-03,1.102073417860292837e-01,9.076519058075986635e-02,8.509338357996273916e-02,8.686440768846118848e-03,7.464162639323616844e-02,1.201405151090578771e-02,3.206355150409005011e-02,8.287889321897290440e-02,1.516328713906653358e-01,9.339430306418271266e-02,6.057699132524666658e-02,8.218882965394422313e-02,2.457942979753214088e-02,6.371545570920994495e-02,2.179352985826167599e-02,1.809249760767261267e-02,7.378276979762410370e-02,1.666340944422264186e-02,6.831721848542103570e-02,2.348828730381727348e-02,2.175134304941412407e-03
1.030746878487749513e-01,1.843676786106702437e-01,2.076024782935536606e-01,1.691073568489455670e-01,5.384907873206002532e-02,2.200401458235982932e-01,6.174224981216053232e-02,4.084509968741372732e-01,1.667658657972156955e-01,0.000000000000000000e+00,6.067887061921871661e-01,5.028604552603642697e-01,1.789589218972578166e-01,1.324630958071769671e-01,4.589911980542915049e-01,9.893974702388820541e-03,4.927902857962089544e-02,1.132771286806336097e-01,6.273795814331291354e-02,2.404759107642042565e-02,2.107792659026635693e-02,5.138301849556869277e-02,2.618518579756519069e-02,8.696347764568826411e-02,7.557590753258427996e-02,1.288798177919072141e-01,1.540539708076969598e-02,7.026727678371648411e-02,8.429922186791517433e-03,6.264096165107431446e-02,6.293865486511633633e-02,3.134785217901946835e-02,7.418790266324852556e-03,8.075882180671861699e-02,1.544959554744640938e-02,6.440423304325618159e-02,4.554230746744886843e-02,6.250771688504680457e-02,2.651937252116372268e-02,9.782026414116470892e-02,3.021199455649381180e-02,8.126965597333102309e-02,1.374719808739496563e-01,2.261483241668817493e-02,3.380353530924321559e-01,1.510369431094224502e-02,4.697945517275393772e-03,6.693196443605378687e-02,2.564116081198292499e-02,9.829255757401211824e-02,9.401039300602881399e-02,8.384351168283156464e-02,6.316862292420541425e-02,4.074028854955671734e-03,4.858138283273107788e-02,1.205269915197465687e-02,7.025087575362140568e-02,4.755623479390325842e-02,1.190253861117145234e-01,1.258706189919584495e-01,3.183576748198382184e-02,5.917503119311924575e-02,2.382590029124546371e-01,5.610668967946148139e-02,1.924719386779062957e-01,6.084056254709122036e-02,1.254960484334276087e-02,4.515665541284063361e-02,1.639445220647811341e-01,7.121519829705508925e-03,8.713867352764316163e-03,1.216618737343290596e-01,9.769901729693900028e-02,2.096893060334838882e-02,2.585183771519702217e-02,4.678064637298997436e-02,2.027585621569952951e-02,1.609296701376375094e-01,1.078748226903214653e-02,3.626890568286648877e-03,5.603594009344267657e-02,1.430876119767281740e-01,5.877690741438039088e-03,1.502717388331154110e-03,1.899254752117054620e-02,4.286583984319169982e-02,5.213470733608942947e-02,4.033537900271658150e-02,4.893735757535964265e-02,9.865641970840173525e-02,3.864426513208194663e-02,2.293464819543903910e-01,1.792054779889601102e-01,3.893135348568431409e-02,8.825843195986636525e-02,1.633651288427075965e-01,5.408786226801409747e-02,1.231073349390723326e-01,4.554460814041098177e-02,4.894845792602679074e-02,1.172306738828929676e-02,1.937561231207033177e-02,1.871759799957885707e-03,3.391645352156997997e-03,1.691898600812889730e-02,1.810685044553581036e-02,5.629807914368826355e-02,9.420584719607200119e-02,8.552878151562307019e-02,7.216747151815952610e-02,2.562891172458488936e-02,3.557353601335786625e-02,7.619556073942723717e-02,4.488114914984334819e-02,1.609945931076031331e-02,7.720925388761767580e-03,6.352302916431876341e-03,9.289246953518652192e-03,1.521885790645285119e-01,7.473029831989697058e-02,2.815600667445467692e-02,1.622987262500896755e-02,1.254329275815212752e-01,1.161529190446130427e-01,2.523371876617655496e-01,2.585661606712351679e-01,2.598507785091501154e-01,3.025538062228320668e-01,1.842839788282290003e-01,1.012376533252703353e-01,1.114841400181325604e-01,1.281319096987716954e-01,1.022716566277264566e-02,2.506915104858652849e-02,1.373682479375855081e-01,9.253228834346280407e-02,8.332666288200275828e-02,1.427162065829142706e-02,2.329856850036835306e-02
7.071836839004863595e-02,3.706120800311860086e-02,7.417710034972914424e-02,2.685930554603654374e-01,1.231143409537806127e-01,1.103573809965716357e-01,2.502178391444420669e-01,9.601251582956983610e-02,3.625030293442884077e-01,6.067887061921871661e-01,0.000000000000000000e+00,2.342772009671924005e-01,2.002423833251924246e-01,1.142324970799822592e-01,1.115442652144371799e-01,2.257584107973394788e-02,3.253284340917021039e-02,3.784973954551489328e-01,1.761812593908767405e-02,6.831136730392919909e-02,4.030900331118233981e-02,4.336978330984131436e-02,2.007786514327505531e-02,6.903788890967164742e-03,4.266615085155431308e-02,5.673667101490122849e-02,3.498409415870585432e-02,1.562947239105085817e-01,1.670307561268349894e-02,5.121074572032448258e-02,7.775288203034727043e-03,7.072839633723716768e-02,8.290762581652735830e-02,1.413055261076863293e-02,1.279135353524718695e-02,1.053214292942143346e-02,4.228243287829817898e-02,1.141507744192827266e-02,8.546309134591629705e-03,7.189123910925422287e-03,3.161000725839784031e-02,3.137682773849239520e-02,1.499486786940132932e-01,5.970119540675031949e-02,5.208144547241916333e-02,5.837471924768212334e-02,1.217645564556963100e-01,3.527010342625012951e-02,6.167470427354151963e-02,1.191092758384700440e-01,4.516159556918239448e-02,7.713506072741463382e-02,9.027777522847335590e-02,4.797344342639612430e-02,4.797271406131776300e-02,2.381786367657246287e-02,1.745525930180884949e-02,5.361860168518294001e-02,3.916978271351893165e-02,5.112996155840579537e-02,1.494894007528955182e-01,7.133463361550469728e-02,1.171556506972204759e-01,6.173829569292955260e-02,1.244648527294844875e-01,3.266052816015045657e-03,1.352604703295359409e-02,2.578354497848324781e-02,6.586064632743547642e-03,1.864627833510188598e-02,9.577701932589329642e-03,1.090691888844254678e-02,3.153993269415494155e-03,3.909078906719457708e-02,7.960294847987365793e-03,1.685070222506446572e-02,5.822473558190621214e-03,1.344810878057085476e-02,2.338460344426849385e-02,1.102065350367049772e-02,4.452792939741513634e-02,2.665155878267844083e-03,8.498543998862882060e-03,1.129849308674482113e-02,1.979110253425235555e-02,6.731148136481655830e-02,7.783768634564698641e-02,7.005883517367644808e-02,4.123255654607115711e-02,7.103069199379123677e-02,1.324218339527676869e-01,1.063527650726368290e-01,1.000383115526472799e-01,1.685790309870628667e-01,1.274040869664418429e-01,1.284432117747885405e-01,1.420868216249245031e-01,1.044320468035298127e-01,6.555142301282940176e-02,8.686300063930971205e-02,3.635266997126476024e-02,2.359211362947026547e-02,1.636710729491223232e-02,1.451916878295591434e-02,5.814116925605461450e-03,3.139621713947691323e-02,6.025347455793926554e-02,4.416102013643696117e-02,5.452078267715993430e-03,1.074415228377205572e-01,1.480400696013374207e-01,9.753360945272693261e-02,1.224504643955124789e-01,1.179516753716380734e-01,9.453119884337549128e-02,1.213483373442218183e-01,6.316295945118022281e-02,2.575816576362267851e-02,1.486022702495843895e-01,1.302690572766692159e-02,5.847312240365667990e-02,4.671161507275559122e-02,3.100652792237974451e-02,4.271329131412546221e-02,2.688694648895434969e-01,1.080788380435087070e-01,6.037969063931940966e-02,1.419046583743548418e-01,1.210918663116498928e-01,7.863491098418799730e-02,8.245777464530101852e-02,2.107304680702048669e-02,8.499845551537020538e-02,7.920595850388656434e-02,9.538741916717460856e-02,1.214065537649405314e-02,3.769294858493592304e-02,9.395466204029243040e-02,4.765618020150231421e-03
