0.000000000000000000e+00,1.469499803924296244e-01,5.055102391009407004e-02,2.663201294996220270e-01,1.157401970340925235e-01,5.097753419821381832e-02,1.043631422968316763e-01,1.751911378011831305e-02,6.761591890179781406e-02,2.835402779327644840e-01,6.790694071518553476e-02,1.198835909116536813e-01,4.116722744349358282e-02,7.091515959527250335e-02,1.094359700695698157e-01,1.575556606376564694e-01,2.997963696697362179e-01,1.601911492304440923e-02,9.896836348895285407e-02,1.737437292140064371e-01,2.651606339100979204e-01,5.633105855083460345e-02,2.936222454848528424e-02,1.667279505815235929e-01,1.146960157728798141e-01,6.871719391536794397e-02,5.987254709625303151e-02,1.188408193096262833e-01,4.208740977676053013e-02,1.019744702831999750e-01,1.354433225763527204e-01,2.046414034743783972e-01,1.640242842455664207e-01,8.782654516612338480e-02,1.038620559447060027e-01,3.545018456945312358e-03,2.381706232652601452e-02,1.399302405399283945e-02,2.573876110207683546e-02,2.060124790247200299e-02,1.497309406024225145e-02,6.491134361427634836e-02,3.931450052730899904e-03,1.136926735440681319e-01,3.280721223322693308e-02,6.430304038709787340e-02,1.745648933761193011e-01,7.371053286463194465e-02,6.445662093400444936e-02,1.081070580244974932e-01,1.505550168244254028e-01,1.143460848560220733e-01,8.466465482640274376e-02,3.216460996428390645e-02,3.172200696277881482e-01,4.899546345088780230e-02,4.165142747779704280e-02,4.099450326577865067e-02,1.765276555113960352e-02,1.955979084683160119e-01,1.815733269851876608e-01,1.251606391998147383e-02,1.302501524910795461e-01,2.043029400313415289e-01,6.505903972155098469e-02,6.271549755322636255e-02,3.780496721968258644e-02,5.215987779401266844e-02,1.077571013459911464e-01,1.247919627809526352e-02,4.701370966010316732e-02,1.302658704577679821e-02,8.215265801999932505e-02,4.681879505603016994e-02,1.143364876100448277e-02,5.831414964665214938e-03,8.543338124461727356e-02,8.556473892730731556e-03,1.561066945329494735e-02,3.632237487398733838e-02,2.317185187768852281e-02,9.801289754736297252e-03,6.312051188684729246e-03,4.940073454101531064e-02,7.059956063068705684e-03,1.610023539099433507e-02,3.277409859748840054e-02,6.722067692945382644e-02,1.463296403134846553e-02,3.277294921361339347e-02,4.254117894718998510e-02,2.092948067740184326e-02,5.373813307905284803e-02,4.879999777856674353e-02,2.965517836705470339e-02,2.406846722141663814e-02,3.509972507158228006e-02,2.215000634363211152e-01,6.985468119037448187e-02,3.686434405151266941e-02,2.448690498428274936e-02,4.319186547934010696e-03,1.326981455236226487e-02,2.898215842758501345e-02,3.187939223054290193e-03,3.435660451826248046e-02,1.292056886684211578e-02,6.036970095042406247e-03,8.679651768907321527e-03,1.217742580422546440e-02,1.200129450576578258e-02,3.603554630586664614e-02,5.291840371886642920e-03,2.007452211564136196e-02,6.476407879716762975e-03,2.280887022236209247e-02,9.211377665501499501e-02,3.597979849945085601e-02,1.021972334636394170e-01,1.244122669272900231e-02,8.251691690272723589e-02,1.286070255372344547e-02,4.739770994834272173e-03,3.453275738869773098e-02,7.231294244142279226e-02,5.542540609408996843e-02,5.439984227707548442e-02,1.464816459407280724e-01,2.701195706119267209e-02,5.293338372489393706e-02,1.075359229196708177e-01,8.363525640883372539e-03,5.281722986846770079e-02,3.527444780390885659e-02,3.494527999309841784e-03,1.934577679777989626e-02,1.005445668108949191e-02,8.971277495528066220e-03,1.450939121944347463e-03
1.469499803924296244e-01,0.000000000000000000e+00,4.729777032500052658e-01,4.718617837987384434e-01,1.819673523341994170e-01,2.137049582113360324e-01,1.842262540550859695e-01,1.671118530845189798e-01,3.996677762782024357e-01,3.995677054651870508e-01,6.710541417101723027e-02,2.466434327347213629e-01,3.376409008200415007e-01,2.325126271498932640e-02,3.253863328312319725e-01,1.663013742500153991e-01,3.937940049177907631e-01,2.423868598775586747e-01,2.988384014514216744e-02,3.369176280675875712e-01,2.536467832853887550e-01,3.985906157353592133e-02,2.078581423598331035e-01,3.422579272187769028e-01,1.345921586445019726e-02,4.028578959051316855e-02,1.431551153216319705e-01,6.677582177250963869e-02,1.648016135283633110e-01,9.338028022138573914e-03,3.287469323322384646e-02,1.932371946065344556e-02,2.220916432681395089e-02,4.246405497105824878e-02,5.971805788537402904e-02,2.101202604565905949e-02,3.832101987547707755e-02,2.443699296654383915e-02,2.260402063069796158e-02,2.382610908049890425e-02,2.675998327845392072e-02,3.140101575582594090e-02,1.242430365119941288e-01,3.769708249524384575e-02,4.355685921374346375e-02,2.010772857875350594e-01,6.841920862596725939e-02,4.056608896253915270e-02,4.175203307534646607e-02,5.118722584567701045e-02,1.070148747119918226e-01,7.874792497025043247e-02,3.145296033087086052e-02,2.172787613294844267e-01,6.525531668238604421e-02,1.418790441124046509e-01,2.062517470504864406e-02,1.671641045066668274e-01,4.566066884734929637e-02,1.083481126290814361e-01,1.195424042600751469e-01,3.379009189753876680e-02,8.274626246201861185e-03,1.069383263294669123e-01,1.370585430536102982e-02,3.745505458494156892e-02,5.363631068731437856e-02,7.265280486056377440e-02,1.419418131327814837e-02,1.425120806889950964e-01,3.153837318278587820e-02,1.082976948256411109e-01,2.971591523543750529e-02,6.388697775310282767e-02,2.624494607483016106e-02,3.186474779220197645e-02,8.231570180930188052e-02,1.718568123652978730e-01,4.400850995605382066e-02,4.945824379254258607e-02,1.247508734105170214e-01,8.745047223308340112e-02,1.052458893973300114e-02,4.279066731793553652e-02,8.437663793799467238e-02,2.418266524766246248e-02,5.902347996291480714e-02,9.280942007408702482e-03,7.073147738989822575e-02,2.041235805603271170e-01,8.363826399397104872e-02,1.727911364156977936e-01,3.801678583090291330e-02,5.376254696388845650e-02,1.025097570286424981e-01,6.449621708479881532e-02,3.820571740397431942e-02,6.893972349579058356e-02,1.020112398894958000e-01,6.529429601991277796e-03,6.524112966350188551e-03,2.783326693845263392e-02,5.572276286909694926e-02,5.707271592579934300e-02,1.521170599413014350e-02,4.848411797079015678e-02,8.141745700063835606e-03,6.323322504171977748e-03,1.804495410851014725e-02,9.330245687952095496e-03,9.781392050718974024e-03,8.270115304044800553e-02,1.822354938395085930e-02,1.331841288724045815e-02,5.316343125081866849e-02,2.793253181698788015e-02,4.227761985853752819e-02,7.187572378142270679e-02,4.707602205164181791e-02,4.032362854841638894e-02,3.149143366308883307e-02,7.317374211800464767e-02,1.475729060180778485e-01,6.359662390225083450e-02,1.364710842599188012e-01,3.274778993817439171e-02,1.379114954314769603e-01,5.205710713489165864e-02,1.628266030287841559e-01,1.408567024290109104e-01,7.649814356056466869e-02,1.950733178395984979e-01,1.630940807816065596e-01,5.914785483185390491e-02,1.926215406343819714e-01,1.774611936617306596e-01,1.394408677921442907e-01,1.664997811345823586e-01,1.136593156287515199e-01
5.055102391009407004e-02,4.729777032500052658e-01,0.000000000000000000e+00,5.357794806257617504e-01,5.694525022960672533e-01,4.102641406320183814e-01,4.222890750456561593e-01,3.745405441914719247e-01,2.479851045620743710e-01,5.195954199862171663e-01,2.277611669577726539e-01,3.788750418151896060e-01,2.533910835321515620e-01,5.092490786055912100e-01,4.407899488421534312e-02,7.696678873721107816e-02,5.427577612455712908e-01,4.184543565806113641e-01,3.497854936941301868e-02,3.002401832424421158e-01,5.011053654906050259e-01,9.409062741883336689e-02,5.116921337908555967e-02,2.469562206462162235e-01,1.987385788614621229e-01,1.728516163754217905e-02,8.590001193372344412e-02,2.228621097521355510e-01,6.975315272962195889e-02,1.338950307803848105e-01,1.364563960363180117e-01,1.017928014420293875e-01,1.749741491094453094e-01,7.433776121803576352e-03,5.905155593465847425e-02,9.767790141699332976e-03,1.806736650841263975e-02,4.318332298217192507e-03,2.130237353554879226e-02,8.736224818513343982e-02,7.815693342218521175e-03,4.978494716596431474e-02,8.585299625541760460e-02,9.077816384188971965e-02,1.348027942002555553e-02,5.008142032547039518e-02,3.419462541105594555e-02,4.402259119287751932e-02,5.785574425887259759e-02,3.062332635097986602e-02,2.008636389110865506e-01,8.259326841688013898e-02,2.104340859961037827e-02,1.174583092188305755e-01,3.616695400573042840e-01,1.381525410013888788e-01,2.649104847848846589e-01,6.400668776562580542e-02,1.691716282819764605e-01,2.847038059723659975e-01,2.692602912569398987e-01,1.054852895568463983e-01,6.212403344599801841e-02,2.482214389634693485e-01,8.825095694412938424e-03,1.001008310069132212e-01,6.964035505238622137e-02,3.399716379711793801e-02,2.242535849706356055e-01,2.876613370275589443e-02,3.274976378476184696e-02,6.520157704233760232e-02,1.792700568952033668e-01,1.112135304908546188e-02,4.116777958231556539e-02,2.128698233795383102e-02,8.603576323574334273e-02,3.847843819321315056e-02,3.244152890033705217e-02,6.022706926711636488e-02,3.133815486735643668e-02,7.353974708158456108e-02,9.561232416958323141e-03,6.175511221357495029e-02,2.929455829450671941e-02,1.710045184775821625e-01,3.941634170541538640e-02,1.930534689080816435e-02,1.367360524999336191e-01,7.819621716556514335e-02,4.963854035853988711e-02,9.261131204681331830e-02,1.385659902026053214e-01,3.628475629118359941e-02,5.759029304726439105e-03,9.375252281919718711e-02,3.242510308287201853e-03,1.656117237848800661e-01,1.045184119729697034e-02,3.640439578472461080e-02,3.429112988735138340e-02,6.853815055493697392e-03,3.550556521540410015e-02,1.653275395231725703e-02,3.775164418409955678e-03,1.787584449880565141e-02,1.429696058093611437e-02,1.608663578465315339e-02,4.746123964329810978e-03,1.799593332615133032e-02,1.805868745693918476e-02,1.496200757118529290e-01,1.218617092330465633e-02,1.390958174323407015e-01,9.522911415427851023e-02,5.273556422142156724e-02,4.403456120732780060e-02,1.706855609371965843e-01,2.471122179678619801e-02,1.006185630574058139e-02,1.247900287373348779e-02,9.614010370339357014e-02,3.996070937990712883e-03,1.509144246664518296e-01,5.208424033009287357e-02,3.089972842795805641e-01,1.803663073550225981e-01,7.977625907836791153e-02,1.880363743692768652e-01,4.022450820425772788e-02,1.567998926770209356e-01,9.852863075455944863e-02,1.745189448616166483e-01,5.958906143006358763e-02,1.278194949171096162e-01,4.550137758107058311e-02,1.092571663051956493e-01,1.481365473855864555e-02,2.004907851212719624e-02
2.663201294996220270e-01,4.718617837987384434e-01,5.357794806257617504e-01,0.000000000000000000e+00,6.164554132882106297e-01,5.309582066352129814e-01,3.889204820601668278e-01,5.076918072993689135e-01,3.497901913439163124e-01,3.557797555453021676e-01,5.674827997906006782e-01,3.028276469289446493e-01,1.162165405123896933e-01,1.801201726369005551e-01,2.777777748950353565e-01,1.218937608791887811e-01,1.433072635954608653e-01,3.051114825447032164e-01,2.667189768382712822e-01,3.299749897108687768e-02,2.669240376652873836e-01,2.774969654440304079e-01,2.227530117918702368e-01,8.626931960421917178e-02,1.940049207336795867e-01,2.183923680594048733e-01,2.331429315845345504e-02,2.228172503177937649e-02,3.577973042956469202e-02,4.725938529829883106e-02,2.884383360035452926e-02,2.859118509910726219e-02,1.429416203637846536e-02,1.119711810492038662e-01,3.169877030626319647e-02,8.306782791206585026e-02,2.108265712034964462e-02,1.670612002355037484e-02,3.337763159475243963e-02,3.987809747351126616e-02,9.471497070686341058e-02,1.064391568887623485e-01,8.958102959916794394e-02,1.293632600969536750e-01,1.987882484300785568e-01,2.187944377760100978e-02,4.754481497659458766e-02,1.384293394148917826e-02,1.059684931043602812e-01,7.853936007855297219e-02,1.664173724657293935e-02,6.391753176709459583e-02,5.418855120035454692e-02,3.853451183019545034e-01,6.879932478279016106e-02,1.442377578132953142e-01,9.536935118877622186e-02,3.783560734035098516e-01,6.411230617481541993e-02,2.389235289860272282e-01,4.351535890999491674e-01,2.998174903002525649e-01,1.861319221321167672e-01,7.891110691145755696e-02,2.428874291633048021e-01,8.139931726034557724e-02,1.447620872311438690e-02,5.883758491642870209e-02,2.575491758122024077e-02,1.213502981483205317e-01,2.569208135267902690e-02,6.479570129764727904e-02,2.720071689927098385e-02,5.441120725259394886e-02,2.264926299757425224e-02,1.626546819165772539e-01,3.039402972679030798e-02,1.976697597063003381e-02,1.094308728204605036e-01,8.943887471997687133e-02,7.612296670946351596e-02,5.205591936583647307e-03,3.852948796846850099e-02,2.581660206324112167e-02,1.058259636086883726e-01,8.518673099836965301e-02,1.497019351432400669e-01,1.686871649300499543e-01,5.233084940936385404e-02,1.306672023912856251e-01,2.392029656225710676e-01,1.012441137172606503e-01,2.633565229509961247e-02,2.975757378092628441e-02,1.532695246230848796e-01,1.854933205050696490e-02,7.240039179810021930e-02,8.623831299738259071e-02,3.934632629164105944e-02,5.624339591025642043e-02,2.446828160281614567e-02,3.026186191356528346e-02,6.443197803051997630e-02,3.192596900736745236e-02,2.445633831236017700e-02,2.940113433222345252e-02,2.179063565869456681e-02,2.789958960550812175e-02,2.075832325024240532e-02,6.218597080379793807e-02,9.351657345378168451e-02,5.926298797130058992e-03,1.099873151703679823e-02,1.183981175071642175e-02,1.034584262074598332e-01,8.187259324372668512e-02,6.081435488154483121e-02,1.536350225910233791e-01,7.571056096471499852e-02,1.752565140203489746e-01,7.744785299665353506e-02,4.175508631915651747e-02,1.238465319539840681e-01,5.959667905949569272e-02,3.308616895705823735e-01,5.432008335959497003e-02,2.007252657061705803e-01,2.295568736071499361e-01,1.336518607810515680e-01,3.065772133192837812e-01,7.795904792516993032e-02,4.674685565065821169e-02,1.212162138662281063e-01,4.452099790493468240e-02,8.266259823587999989e-02,1.584360180320477582e-02,1.631744261158422915e-02,1.621331331671681253e-01,1.247962503184259393e-02
1.157401970340925235e-01,1.819673523341994170e-01,5.694525022960672533e-01,6.164554132882106297e-01,0.000000000000000000e+00,6.078243171215743645e-01,2.855612694981343735e-01,3.534781036426646317e-01,2.311653073914864132e-01,1.335039713446568299e-01,1.311061723641101240e-01,4.473267671540716584e-01,3.250422888715944758e-01,4.983507187698970470e-02,7.157684028221050765e-02,5.474465784836035631e-01,7.818973197603215630e-02,2.132240634947649705e-01,4.838233239227333060e-01,7.986509591040739930e-02,3.199786550167130206e-02,9.972446391036506042e-02,3.407655079417682975e-01,9.869686828656452915e-02,1.861499653366943674e-01,1.086410272542865929e-01,2.246795216109780391e-01,1.480337650019758478e-01,1.710874258497732947e-01,1.404494242972561535e-01,6.333414249851739009e-02,1.839249303823884407e-01,6.799003265017504460e-02,5.321114485411727879e-02,6.255988458730497859e-02,2.646082181109637652e-02,1.058218067229121373e-01,2.887361182741000551e-02,8.112628044668181160e-02,3.979578804286066501e-02,3.399414643386802076e-02,7.280578121532142732e-02,1.817202427650938534e-01,2.497653719767090885e-01,1.116924389180986299e-01,2.966358675698587133e-01,1.636419781929843165e-01,8.908321257880805200e-02,1.855370572826189057e-01,1.650216623639427227e-01,7.907959734432315480e-02,1.182043286867583004e-01,2.530346840728648350e-01,3.154332880303326037e-01,2.440370484359636050e-01,2.366862670869540261e-02,1.545080555289048835e-02,2.392717050320609939e-01,5.626737417988548345e-02,1.366914529505536269e-01,1.919659210653777009e-02,4.710516809352248424e-02,5.559913138462086596e-02,4.094197109949498370e-01,7.139833688600677464e-02,4.938640572621300420e-03,4.483831940816127015e-02,1.880857444017721217e-02,5.880300962130578790e-02,8.300617573405515148e-02,1.034912224824214161e-01,6.327691918933439630e-02,5.881276139814570203e-02,4.101322894147623604e-02,1.621286884836136699e-01,3.953574991081735407e-02,1.753581895243771019e-02,1.617056505007738176e-01,1.136126971469672980e-01,2.859947631850983524e-02,6.758036680669798901e-02,2.261554379825820860e-01,4.057506940264162670e-02,4.880550424451089719e-02,3.050471302626625927e-02,2.311177307020512162e-02,1.696895727791793429e-01,5.126664124134103218e-02,8.245862010810368903e-02,2.250344288571793361e-01,1.035166234710126199e-01,3.780118317925924148e-02,1.076675305970947738e-01,1.278289946591881221e-01,1.026888010591997524e-01,6.371030903165100789e-02,1.162755379906481729e-01,9.209088696987569045e-02,1.420074311500271053e-02,4.313638027873849951e-02,1.238747046452554935e-02,1.917236968822163407e-02,4.758948619423594706e-02,2.181464040689243614e-02,7.957041206161353381e-03,3.222747096411944599e-03,4.163881831050882804e-02,1.889121211603979680e-02,9.501429396693013979e-03,1.042532383037922533e-01,9.296432546001760777e-02,8.304478045214827575e-02,9.866091267168981827e-02,8.338718277533094247e-02,1.598204167818727817e-01,2.749007472146350328e-01,2.024834446355240347e-01,2.303508595397935066e-01,1.203098529512039300e-01,5.129730760202608902e-02,2.365709567210159681e-01,7.396877248763911172e-02,2.149273195210620602e-01,1.544869855353530053e-01,6.661051657780368840e-02,1.101142536617328443e-01,1.904896753739673820e-01,2.192311496059108980e-02,1.298426452400371078e-01,4.227838705722662960e-01,8.140780970152237950e-02,2.400256274766741083e-01,7.055524551425312874e-02,5.340401026684001018e-02,2.687064974465825928e-01,1.835094310678504481e-01,2.110606397429590220e-01,1.616620871855114216e-01,1.220699369017135549e-01
5.097753419821381832e-02,2.137049582113360324e-01,4.102641406320183814e-01,5.309582066352129814e-01,6.078243171215743645e-01,0.000000000000000000e+00,2.577635267987580248e-01,5.300365638886643804e-01,2.658669439042302685e-01,4.860976441675892157e-01,2.038721930524799442e-01,1.560448151564025610e-01,5.569133676166559965e-01,3.656853095928020991e-01,3.527564469193108510e-01,2.180697709075058999e-01,5.540243379294944592e-01,2.035202379095983269e-02,5.622211010268540060e-02,4.544579743193923327e-01,4.131428742101869722e-01,7.728788661649477199e-02,2.132405483125630052e-01,3.553924872974083549e-01,2.577575686912760705e-02,7.684786919422195717e-02,7.051195964247318482e-02,1.137411827099922140e-01,2.567166487975503508e-01,9.784956982282494442e-02,1.461095742740434744e-01,5.630517316571988923e-02,1.345509819564502663e-01,9.014289864847929712e-02,4.647031289381244740e-02,6.471009301169555750e-02,2.151388165648950371e-02,1.053862678673194303e-01,1.473030557386519751e-02,2.136262743240428114e-02,7.506051678760219947e-02,1.555040989383542176e-02,2.701062578500202371e-01,5.200309089084838993e-02,1.341712525620302465e-01,1.100668221221532683e-01,6.749651548990602545e-02,8.727807764050048156e-02,7.138811291626905031e-02,5.206679882052545061e-02,2.531342357545410815e-01,1.493167830144056518e-01,7.256921929014635564e-02,1.002881406694149102e-01,3.300337639076676988e-01,9.167867157373825460e-02,8.965458944583590273e-02,4.526648201688510814e-02,1.526767228333943960e-01,9.361556964658708513e-02,1.658856238164059527e-01,7.625072068822193183e-02,2.380762284018699687e-02,8.536576697131918745e-02,3.710884970330175642e-02,6.779925487588762956e-02,5.023739172627640637e-02,2.982389132561671236e-02,1.682898719921241404e-01,2.285757238954288229e-01,7.476370784767701061e-02,2.887104261507355066e-02,1.226759574481885717e-01,1.109373115932840853e-01,2.916839387404117009e-02,1.158705984012957380e-02,8.235630589556723613e-02,7.220089403435628328e-02,6.293424334584198088e-02,2.000808712463541042e-02,9.605949392174559232e-02,2.704539325431040697e-02,5.267389734258153683e-02,3.371453697234581132e-02,1.017397238449054830e-01,2.522337205289866199e-02,9.366274350454109610e-02,3.983726597100875622e-02,1.583466823415658475e-01,6.669779714723068909e-02,5.292733933426266302e-02,5.327441711575049005e-02,2.208929032296469419e-02,4.151943623041826764e-02,4.776555605233057805e-02,1.586999095264665302e-02,4.045513900927828060e-02,1.730200862929404948e-01,9.985685547581973909e-02,1.653040568681354155e-02,1.917443087047075029e-02,7.806052441217938009e-03,5.270358690669456336e-02,4.530188697309301543e-02,1.065071853831843322e-02,2.614921609405052028e-02,1.875312878409106376e-02,3.632981735798952033e-02,9.034340680094394074e-03,3.778031987360278010e-02,1.958928185710127196e-02,1.983680613564696438e-01,3.145421236142029175e-02,1.048757464556219487e-01,3.295574848457034911e-02,2.563621096617801909e-02,7.460274008512167432e-02,3.715937318243787285e-02,7.679191674635793552e-02,5.418540862820730997e-02,9.408141579322640280e-02,1.642012773684912441e-01,3.988444142483940635e-02,6.101022474674246826e-02,2.019734364153368683e-02,2.477268061193345638e-01,1.727983073071057973e-01,3.822518428035012739e-02,2.379990781979298212e-02,1.531879370629332313e-02,2.729482614533925711e-01,9.648300890485198011e-02,1.886551708299676611e-01,7.047187375487017069e-02,5.702570925166076249e-02,2.853115615106548153e-02,4.442106303588780336e-02,2.252028850308762306e-02,2.171726872579290285e-02
1.043631422968316763e-01,1.842262540550859695e-01,4.222890750456561593e-01,3.889204820601668278e-01,2.855612694981343735e-01,2.577635267987580248e-01,0.000000000000000000e+00,3.471425811677312789e-01,2.945831428677609387e-01,2.145292103401009454e-01,4.539833834785054201e-01,3.319234807213546357e-01,3.421892574131705778e-01,6.081009636807312990e-01,3.282080085814000903e-01,1.143983237588775403e-01,4.413254504423995694e-01,5.066145175696818992e-01,3.744829102840744467e-02,2.341502642652937283e-01,3.536598001466098595e-01,2.422699775441307657e-01,3.273401553382659923e-02,1.129631947723247903e-01,1.225923901179578890e-01,4.118874448554768475e-02,1.082716104067758950e-01,5.552310725078048181e-02,6.384919817280866605e-02,2.612301825531544719e-02,4.508529048292678892e-02,7.060877434851930631e-03,8.010884947619034691e-02,2.956602494881858251e-02,2.162856827684488462e-02,9.589122862012425252e-02,1.613269650394272836e-01,6.723979865597010108e-02,2.561003465514124361e-02,1.753395791542374654e-02,2.158100825504947681e-02,3.939425765006513563e-02,1.560010464837338628e-02,6.230470711379725024e-02,5.919980616264449574e-02,9.414297215159565801e-02,2.347089169121038474e-02,1.476993600101171866e-01,1.188349805170506313e-01,4.758914486302397856e-02,8.818845067644522084e-02,1.625891456314572103e-01,6.271538358294311000e-02,1.346143474460299860e-01,2.596524076652791391e-01,1.441306825723286389e-01,3.460799414341320102e-01,1.059119640608495311e-01,2.951626043234368071e-02,9.309649318637076842e-02,4.540027240238844186e-01,5.451802532258739897e-02,3.365926943211360739e-02,2.317345743697996341e-01,1.458677804546695544e-01,2.060536681446612298e-02,4.984866262777765122e-02,1.082760502569573569e-01,8.084881165279471371e-02,9.852265871650976725e-02,6.775465280253943623e-02,1.275022261846874005e-01,1.623580972467205674e-01,2.621585077166651082e-02,1.941411733986119284e-02,1.139163757923722792e-01,7.141990648106853745e-02,1.338637805130706848e-01,2.128532567415153398e-02,5.124792773706868948e-02,3.901291723994369798e-02,1.259472543207907635e-01,2.548733377511387677e-02,2.487299217151724487e-02,1.186795093825988578e-01,1.085324043803681249e-01,4.178233952237613708e-02,6.231322337061859923e-02,6.659805362347584468e-02,8.412369724097393253e-02,5.964882107289430635e-02,9.636802026037313840e-02,1.774344711417470410e-01,7.182225807350371000e-03,3.447003187204131236e-02,1.651853398816175711e-01,3.822583517995684771e-02,8.694493462481277246e-02,4.619651836364386394e-02,1.377176573758179604e-02,2.607388731263342654e-02,2.258199397129165287e-02,6.192609770974709382e-03,1.186563814983992819e-02,8.032155231235786619e-03,3.615071225950299699e-02,1.598178632356238651e-02,7.209079428106199283e-02,4.314024811132374099e-02,3.394486783708304534e-02,5.750313792012102382e-02,3.046120462240019949e-02,2.684704105939982044e-02,2.368095790308583082e-02,2.956366969427523528e-02,4.283794909260719985e-02,1.633576731421941888e-02,2.830222674255698442e-02,3.823579084110408088e-02,9.903717147527843490e-02,8.578474868707702816e-02,8.360783812705258056e-02,8.929968212265305960e-02,2.134517710044413485e-01,1.404369289671836551e-01,3.120701408646432973e-01,1.895007640736712795e-01,1.904311342927901204e-02,1.525639158462152312e-01,1.578442428811012987e-01,9.486278271932674366e-02,1.795252643386470448e-01,1.150253108842745620e-01,1.716400561062466634e-01,1.690675740825960394e-01,9.450292124384897241e-02,1.016404160775156162e-01,5.128199287459084960e-02,3.999017906887793877e-02
1.751911378011831305e-02,1.671118530845189798e-01,3.745405441914719247e-01,5.076918072993689135e-01,3.534781036426646317e-01,5.300365638886643804e-01,3.471425811677312789e-01,0.000000000000000000e+00,6.974252941075960166e-01,6.171514470867803803e-01,2.612763808298013690e-01,3.938632349204654881e-01,1.140699666601189821e-01,2.768591753863105520e-01,6.359978501431440279e-01,4.783944025645180953e-01,7.995322374130219012e-02,4.439262406678998185e-01,5.129377592061008517e-01,9.403288002019827285e-02,1.427543934282323734e-01,1.186007685069738610e-01,1.805591605184513893e-01,2.381956408528702329e-01,2.100218269866080401e-01,1.637570407155130858e-01,1.168606048798793984e-01,1.642949190535545057e-01,6.435195532094957482e-02,1.392873776869807123e-01,1.456009350075792089e-02,2.278071246955926110e-01,4.829739804727396085e-02,3.186303548796652618e-02,1.968347434622460257e-01,4.894684958484364634e-02,1.238579575565824063e-02,3.514470710976525664e-02,3.463010371688496347e-02,4.397313030119211208e-02,2.241758924782683710e-02,8.023688898463428310e-02,3.304319039337841324e-02,8.638732054837161556e-02,1.326795423787345829e-01,6.410566541548066988e-02,1.508216487097258363e-01,2.343979759592742240e-01,1.773184384526951818e-01,2.008010453445277788e-01,1.309990233987878838e-01,1.024995765950912768e-01,2.205972352794163260e-01,9.524595367764432385e-02,7.462700075254335985e-02,1.103581503990089391e-01,5.561110087082843378e-02,1.783487302567511590e-01,5.889223183972908116e-02,1.612369071700434364e-01,8.971083759492190501e-02,1.341650945347067359e-01,2.038009176486574037e-01,5.431354579140055400e-02,5.078618906406302119e-02,7.131599126297065439e-02,8.281165667137468933e-02,2.268183847081526039e-01,3.655734778884361935e-02,5.948863056504634372e-02,2.372604065206462831e-01,1.038907186400105237e-01,1.383123636703965063e-02,1.297390474521851848e-02,1.515321045740506412e-01,8.455456676656435133e-02,6.005161359528952969e-02,3.972366656090253745e-02,7.930478091845154232e-02,2.309904642659555904e-02,6.376401771535376850e-02,3.728821281655692044e-02,1.729741952874277316e-02,1.058402353890251502e-01,5.361242444044517913e-02,1.175054357168067200e-02,2.086455022338959062e-02,1.885049471010945624e-02,6.010891788430332283e-02,2.650039209450580704e-02,4.463325081744600603e-02,1.668649971154963496e-01,2.392575214625844993e-01,1.358536435203009374e-01,5.662607166406970899e-02,2.859152347282552520e-01,7.340547708616833311e-02,1.715420677478372846e-01,1.723445466653884262e-01,3.272181626256352033e-02,2.220681109998658143e-02,5.539958294384104281e-02,1.549401541323722729e-02,2.765274617257699324e-02,8.555187205479918011e-02,5.031756786472436210e-02,1.319659318616396848e-01,5.219567185937064313e-02,2.862466804219431990e-02,1.169729980943698677e-01,6.536395284138349360e-02,2.434622661748623434e-02,1.165431016393494446e-01,1.150961624131985050e-01,1.581381536215920869e-01,2.464404290907221406e-01,2.883909294630062070e-01,1.001799344356098936e-01,2.344845329845571258e-01,3.758627147444153216e-02,9.984345153434001641e-02,3.012280225967224959e-03,3.600566427256068208e-02,4.402541232784943498e-02,1.616963295647075582e-01,1.547017805757068543e-01,8.318124298002467498e-02,1.403490024359694832e-01,1.232798733727867857e-01,7.064310904474862055e-03,1.788881747654002263e-01,6.408527740816293006e-02,1.509736917788668531e-01,7.751356493600214392e-02,3.266449643161096345e-02,4.422100539984288176e-02,2.511299417612634921e-02,1.197371026443031297e-02,9.097872574998359593e-03
6.761591890179781406e-02,3.996677762782024357e-01,2.479851045620743710e-01,3.497901913439163124e-01,2.311653073914864132e-01,2.658669439042302685e-01,2.945831428677609387e-01,6.974252941075960166e-01,0.000000000000000000e+00,3.262673601348759500e-01,6.703554994428765346e-01,4.708788639285079181e-01,3.982258214352404346e-01,2.829897851285146926e-01,6.272292548455996042e-02,5.194444425137663135e-01,2.475404743729404944e-01,2.070617364619285194e-01,2.721889011923379620e-01,5.091353367943607378e-01,1.316319174850194007e-01,3.267630401510498439e-01,1.684545136546614363e-01,6.799242816661384137e-02,4.214837193821285299e-01,1.532038843028415698e-01,2.568539298885840205e-01,8.273706462940812190e-02,2.885061940318340845e-01,1.202801069514851245e-01,7.430057564367044398e-02,2.547502782401935006e-02,2.006086556263081758e-02,1.339327239011741388e-01,2.266942166325110544e-02,1.405865550868704017e-01,5.387475886394708230e-02,1.562814596401731690e-02,3.743294319792483948e-02,1.281958348713099598e-02,3.369513680082489304e-02,1.236892095370761141e-01,2.013761060060343111e-01,6.801722058722874109e-02,2.473608535639577888e-01,6.791601411221379059e-02,5.167289669556795334e-02,2.214378031291934154e-02,4.060709808912002505e-02,4.796213411184847147e-02,6.097553850559097460e-02,5.188222475217889318e-02,3.114135963648203553e-01,1.021825851254602457e-01,1.128235062850065779e-01,1.990445275141009829e-01,5.498382100578783765e-02,3.205388075660520197e-02,1.012081748279727994e-01,2.716604261883012184e-01,1.319756454619782082e-01,1.482222486522493665e-01,1.858474293778226705e-01,1.068084566810772740e-01,1.361314428615373329e-01,5.918897678438318766e-02,5.528674347186574717e-02,7.084171585801928017e-02,1.675363477162580272e-01,3.477224694677841232e-01,1.293341062127279784e-01,5.655945997135975595e-02,2.458985487855849111e-02,1.992298552633272046e-01,1.090109933737342246e-01,7.927773729867594599e-02,5.128528764419815894e-02,1.668960297753215860e-01,2.756001637102244162e-02,1.107518891571458164e-01,1.166472130140949193e-01,1.517750238417886754e-01,8.492166342703363902e-02,3.341579143648709671e-02,1.281038697399767001e-01,9.724388179161011503e-02,6.232797472496615088e-02,7.977666127639834737e-02,4.727421013428220048e-02,6.468385862014236487e-02,1.422775874386681960e-01,1.435675907167721921e-01,6.648985955651146029e-02,4.508759077639590968e-02,1.677430512223072531e-02,7.397217018909296726e-02,1.591754179078962994e-01,6.977179587956770790e-02,2.141705896977600526e-02,3.797427182062998452e-02,3.257671969354077740e-02,3.622686792135737521e-02,1.175411476356616122e-02,1.942780675375943220e-02,6.687036821618258520e-02,7.315353045110102592e-02,1.136957241176529132e-01,1.046979803222994471e-01,1.154954170855899825e-01,2.721371003747715123e-01,1.261350172485906085e-01,1.400555485458741534e-01,2.033999739176002575e-01,1.688572323999211755e-01,6.738422247712763657e-02,1.867363434403131184e-01,3.295703064799904158e-02,1.524304731354827504e-02,4.579752870816405919e-02,1.197973269327100576e-01,1.393900671619348330e-01,1.237105426075058856e-01,4.217248670581436737e-02,3.526297701144381208e-02,1.127698678073194988e-01,7.682616637427509831e-02,1.201389358867984980e-01,1.453560483156414451e-01,4.805422589979221892e-02,2.892814368102047257e-02,2.052405467388612043e-02,4.178484906346593974e-02,6.613288552058252390e-02,2.607007636447008017e-02,2.247417920367670782e-02,8.948940620653858535e-02,8.092978591283807310e-02,1.050423773065950299e-02,5.331688413284364769e-02
2.835402779327644840e-01,3.995677054651870508e-01,5.195954199862171663e-01,3.557797555453021676e-01,1.335039713446568299e-01,4.860976441675892157e-01,2.145292103401009454e-01,6.171514470867803803e-01,3.262673601348759500e-01,0.000000000000000000e+00,8.157098292525820638e-01,7.222877625378714139e-01,3.635832301117633003e-01,6.060684915966264574e-01,1.700768435665278577e-01,1.875374790581845752e-01,6.847790564233081634e-01,5.473056174359602899e-01,2.202069531711326467e-01,3.954190500038532452e-01,3.859022367015875199e-01,1.125503112912390885e-01,8.600313793259609096e-02,1.282111619237924216e-01,1.110698298740404183e-01,1.866532312103491298e-01,1.069351390804209462e-01,2.058524536529083848e-01,1.211767496727623045e-01,8.583768665743410353e-02,1.492335515747275909e-01,4.356519286102385896e-02,1.679893072158598621e-01,5.654255867527948481e-02,1.950635920006868126e-02,1.112975194548054825e-01,8.574631157200543474e-02,2.664456427983875539e-02,1.199065746516386234e-02,5.719724326310357022e-03,1.757711600739720464e-02,3.552850131475882717e-02,7.611188843281456451e-02,2.158077324769887978e-02,1.943821498229299505e-01,1.733086229045433316e-02,3.849988265670338528e-02,6.039999945876053933e-02,2.302467701895739849e-02,2.384809362893553289e-02,9.879222718545159487e-02,1.353640224099351697e-01,4.536276415345209118e-02,4.048824911338771981e-02,4.005296566656100232e-01,1.239170450566838694e-01,1.789170495019876683e-01,9.624598011532778385e-02,2.332443330005974924e-01,2.383594733475281890e-01,4.677131167618645002e-02,1.924790686097183623e-01,3.284920778560505017e-01,1.673758032541333429e-01,7.016995714555895880e-02,1.853954715840789857e-01,4.003392097914541120e-02,1.924630211879511249e-02,3.814243966840102362e-01,1.367275618057259834e-01,5.332592150304643619e-02,6.785251522292397308e-02,2.536066323104398945e-01,9.411515888340282743e-02,1.229981254544119662e-01,5.610778889642069334e-02,1.292837605694024394e-01,6.913203512049284627e-02,1.068422274929314159e-01,4.011010790524299763e-02,1.191921089942041684e-01,2.050585499783370014e-01,1.469696572225470330e-02,1.026734750752757858e-01,2.016798909086912547e-02,1.327268732570232312e-01,9.786345782943974003e-02,1.693558515649400964e-01,3.876202963850816641e-02,1.127028604530553868e-01,2.395662352871908984e-01,3.720742783473149906e-01,3.115358140343061355e-01,1.368365295712701546e-01,3.126700085628498216e-01,1.993637226860486555e-01,1.664240224577771821e-01,7.073257380426396443e-03,3.008626513803507041e-02,8.550995921384188514e-02,5.081952121596785416e-02,6.560395713241527760e-02,1.972859639384808017e-02,6.159320563878588166e-03,3.684849874187118984e-02,3.444661768918397260e-02,7.903412145546741263e-02,4.441179861229999082e-02,5.829496508108791830e-02,7.202466375385317698e-02,3.957143436541721293e-02,1.712877782775266144e-01,7.593678869329266445e-02,1.476876168533798050e-01,3.854978246547630799e-02,1.652152804531520358e-02,5.434447934764850829e-02,2.527277512409783350e-02,4.648191152608564108e-02,6.591053770084769059e-02,5.043610935949584262e-02,6.865623096874769876e-03,2.773293566480919403e-01,4.179699129523867240e-01,5.229897839120257741e-01,3.807419886406854248e-01,4.339697263784483838e-01,3.908909926510523714e-01,4.124591036108850584e-01,4.022022651208739252e-01,9.170234689050485444e-02,8.460638124062749843e-02,1.190274523666954021e-01,3.100789808421478000e-01,8.031688371969841755e-02,1.186128270670693263e-01,4.427846456483693766e-02,2.447766428473037437e-02,8.502286139778079954e-02
6.790694071518553476e-02,6.710541417101723027e-02,2.277611669577726539e-01,5.674827997906006782e-01,1.311061723641101240e-01,2.038721930524799442e-01,4.539833834785054201e-01,2.612763808298013690e-01,6.703554994428765346e-01,8.157098292525820638e-01,0.000000000000000000e+00,2.979755334476402728e-01,2.692119749599479195e-01,5.634862645537721537e-01,6.560304437850552617e-01,1.853756253037745216e-01,1.687202159471042073e-01,6.262570770871571657e-01,3.145890705007230448e-01,1.618672752703031459e-01,1.879784686940667582e-01,1.944462221984012418e-01,8.666406635876953979e-02,2.471750790906311612e-01,2.853915553340870964e-02,1.019210370347436861e-01,1.262644383972660045e-01,1.091008556568073828e-01,2.144766316888525870e-01,1.236025163229035884e-01,1.583254886292977462e-02,1.162810284157410057e-01,3.898480477321117355e-02,8.468937858770506089e-02,1.591301358876353600e-01,3.924209856371664584e-02,7.551232137550638324e-02,8.433547949513911512e-02,4.641354311340409322e-02,8.598543563900303000e-02,6.431808126767767086e-02,2.114806609048200045e-02,4.090613859503614003e-02,5.904115075829997894e-02,1.961509627554533855e-02,1.720320505545809217e-02,1.751850077225970970e-01,1.700757638375876846e-01,1.181306375343758319e-01,2.330232116858950431e-01,1.985909664459746538e-01,1.474670084978118301e-01,5.528381295704440368e-02,2.653021984721796733e-01,8.554663111993673907e-02,1.503065668070958649e-01,1.906580094663123115e-01,1.586199014700396537e-01,1.046229159248819873e-01,1.093209129360138698e-01,4.329229356431775477e-02,2.988017248463558512e-02,2.891360644608499952e-01,3.120839681263446602e-02,1.305283289765901966e-01,7.143168497195598321e-02,2.597559333658689198e-02,2.184711833946263171e-01,6.355174304990726664e-02,1.466278595253641681e-01,1.963815811053942414e-02,2.655239973155856248e-01,5.139411085455777156e-02,1.082372988384883022e-01,1.834646680411175165e-02,1.495438836551375161e-01,4.505643514869004523e-02,1.810946480771881972e-01,5.021511355201557086e-02,1.332953300211475178e-01,4.694695153906623675e-02,5.213170766348004803e-02,1.804989996863975155e-01,1.239009627200943729e-02,9.278841167819062985e-02,2.902520301472085937e-02,4.768455069797906953e-02,7.890625997492878296e-02,3.508227255415190260e-02,4.372465042843869110e-02,1.750040905598108654e-01,1.521672039872373206e-01,3.146526318407038558e-01,3.164852396983720562e-01,2.046264832985235371e-01,3.436744496350981892e-01,1.893459120144583840e-01,1.419989678812138834e-01,3.026467663268045394e-01,1.603065075659567684e-01,5.840318261872565198e-02,8.824174945417349869e-02,1.772339414174062613e-02,2.262371299769655453e-02,8.134233531450112131e-02,2.335116190944743972e-02,1.357277376264036939e-01,4.150099993703928146e-03,3.153304917354234679e-03,1.243078128062792380e-02,5.871447691294382973e-03,1.093422741159132822e-02,3.087515858004844654e-02,9.848735030160238324e-02,1.787412870294187162e-01,1.533462545911358221e-01,2.529111898765610822e-01,1.598044713580126786e-01,4.051753002230376044e-01,8.506155774936929870e-02,6.616049778906159771e-03,1.417274408791416584e-01,1.568077314521980625e-01,8.434243040078369391e-02,3.786927201816728816e-01,2.888406382761956048e-01,1.362604068807901636e-01,3.080535200993049783e-01,3.422761001162205607e-01,8.715413278717666634e-02,2.216208325149308656e-01,6.712269946283369593e-02,7.698612182893466507e-03,2.892497808414818961e-01,4.038179563133684202e-02,8.362617717980413978e-02,1.987789010710999324e-02,1.964491182216657542e-02,3.444992795394540702e-02
