0.000000000000000000e+00,1.029825634600675839e-02,1.166678355945110698e-02,1.068276398672573201e-02,8.173011559110259384e-04,7.480938322745639586e-03,1.538430489255332781e-03,3.909624386041101862e-04,2.648732979141654904e-03,8.958858131738451844e-03,7.890272818481285826e-04,9.041376625155317544e-04,5.055772270032436776e-04,1.555466308650510455e-03,2.168999368327420661e-03,1.552353485734413435e-03,3.171273315775371298e-04,3.692467098141804095e-04,1.065449757899799204e-04,1.148246056843925085e-03,1.443054009537932331e-04,1.541695332472272847e-03,7.868200556367170541e-04,1.090720660436630182e-03,5.764348601413825076e-04,1.752374522127743070e-03,4.402100876306623990e-04,9.693582595623197965e-04,1.745680578334128522e-03,5.454450022818410366e-04,2.821252677990416634e-04,1.587487335843401973e-03,3.084264332644318096e-04,3.877464267105622405e-04,3.991639171996594435e-04,4.872051048584879899e-04,3.914711269694696127e-04,1.135616927152583106e-03,1.414604163580863994e-04,1.179088058971246788e-04,9.804443855735774267e-04,1.050846923130748086e-03,2.906971413787221232e-04,1.055782876258028061e-03,1.653354755881906437e-03,4.925393775822905834e-04,2.764390919411346243e-04,6.114072785678557496e-04,5.191328547609100038e-04,7.416227690254066640e-04,2.258542022207495005e-04,9.648588683988340402e-04,1.670082684303503869e-04,2.956164383071422188e-04,1.254158311385443481e-03,5.427250524773477493e-04,8.889497197058375587e-04,2.271366770674984256e-03,1.000691430139991718e-03,1.899841636190152574e-04,1.751099923164841331e-03,6.541054958040929714e-04,9.569363652914531469e-04,1.139327257869753854e-03,8.849972330562157078e-04,1.325167321784684110e-03,1.865354115864305837e-03,4.577054437820690181e-04,1.044414406956333235e-03,3.135194527754894692e-04,3.315255371264449330e-03
1.029825634600675839e-02,0.000000000000000000e+00,2.675424702686936967e-02,7.490802070226120456e-03,1.534112881733671989e-03,9.272336350259874002e-03,7.256585715139650915e-03,5.903557316707606353e-04,2.084379275704182494e-03,2.233968322167149967e-03,7.778403184489244768e-04,1.130311915856586696e-03,1.409621604462725324e-03,4.335754314190030587e-03,1.553112465678385548e-03,1.728107141075287513e-03,2.642715903595401210e-04,4.912729774459102979e-04,1.855010315758569988e-04,4.106468413319934105e-04,8.801784950516703537e-04,5.853062136579847063e-04,1.201074368934808160e-03,3.335213556767191770e-04,3.636552508127404229e-04,8.311059335665150604e-04,1.324343157563769231e-04,2.712892843143705629e-03,3.998115258621785881e-04,3.448719963749540722e-04,4.733293192560874760e-04,1.297978814466183278e-03,2.139927268010970857e-03,1.592440078444063833e-03,4.292851161179414956e-04,5.076320672915086768e-04,1.554331299569210526e-04,5.117721958743959862e-04,6.140982755784314814e-04,1.034506332508113415e-03,1.433556221349483123e-03,8.427772483804755414e-04,3.791384256917538749e-04,4.674318548626027209e-04,1.328626968093393279e-03,5.222031142140591640e-04,1.653670995669657062e-04,5.944462482090108468e-04,3.237581149411946366e-04,1.512003898590634455e-03,2.256015882498526345e-04,2.312096719281669032e-04,3.332990903479220233e-04,5.144292663624348795e-04,1.203502073267560812e-03,5.078510244943157826e-04,1.983174200781793843e-03,2.063022305613383851e-03,7.701207654134886726e-04,9.564047489874019387e-04,4.270649276733391904e-04,8.676653898642381095e-04,9.974828977866946524e-04,6.841923664782912067e-04,3.557334374229307802e-04,4.165566390215325217e-04,2.565370240942635178e-03,3.155124565242442406e-04,1.620232361576128292e-03,1.593392114956166067e-04,1.316949303722724689e-03
1.166678355945110698e-02,2.675424702686936967e-02,0.000000000000000000e+00,1.281171142947569279e-02,1.858913078100110985e-02,1.633984766355187426e-02,3.659237012606743854e-03,2.089973772207245374e-03,4.113072675131257058e-03,3.173388781194767371e-03,2.589338093578714712e-03,3.700237845006663375e-04,3.236874620287376087e-04,1.408552538778662724e-03,1.512775875564636259e-03,4.807728252516356611e-04,1.221882022454031345e-03,1.706846056294865832e-03,1.386248482448097612e-03,6.638040428583278241e-04,6.441799261135152353e-04,3.457743900358219505e-03,1.880823069298512241e-03,5.922175188977922729e-04,9.168698868030213762e-04,6.433653866669678846e-04,2.899891300408785014e-04,4.663277570295358966e-04,1.352022412446146063e-03,1.399618802901683333e-03,4.614973944856368680e-04,7.571054033472883991e-04,1.120953537038476026e-03,2.774565339453266381e-03,1.333009545480183826e-03,2.331094005128355774e-03,5.860057339063591986e-04,3.079608376836966317e-03,2.680754524343474166e-04,9.669845646595277367e-04,3.080434760688408914e-03,1.959551150124009926e-03,1.684162199726705125e-04,1.190456955666281463e-03,3.319113939656107969e-03,7.977447012106923460e-04,9.174983799220595140e-04,2.228854716744363678e-03,3.729218209626690103e-04,3.809655508235310940e-03,6.463661645038740623e-04,4.081628174124280004e-04,4.547454144194698210e-04,1.320851843948595093e-04,1.736738837749199913e-03,9.433651417489968089e-04,2.506946149929859240e-03,8.635337294753621558e-04,3.145399263108554586e-04,4.790582666267414439e-04,9.195197536080034102e-04,1.653639116381516554e-03,1.301770592455090683e-03,1.162258668252786221e-03,3.212331706720453770e-04,7.956009433793460352e-04,3.448704770820210097e-03,4.394470553873461131e-04,2.652709880417749287e-04,7.272251584406250581e-04,3.113663134081063656e-04
1.068276398672573201e-02,7.490802070226120456e-03,1.281171142947569279e-02,0.000000000000000000e+00,9.868438500904285274e-03,5.314419082789061111e-03,3.590265884415705204e-03,1.101296488598674760e-02,1.767522600820724873e-03,3.698072552912129440e-03,6.610111568877405147e-04,1.816819087961111167e-03,6.272827472666757864e-04,1.807813767299580772e-04,8.602498235001341826e-04,2.338607332423982093e-04,1.300083566689567288e-03,3.231549984145791780e-04,1.590311802684325542e-03,7.917741173390167300e-04,7.793214677074901701e-04,2.373088431410869462e-03,8.854119824703535636e-04,2.399747815319790286e-04,5.819635817754280826e-04,3.519636281884277128e-04,1.403709630390249929e-03,1.560451355778378789e-03,2.370486900851915841e-04,1.179229627054653165e-03,1.201275561258699802e-03,2.138255124881037299e-03,3.588958334213499164e-04,5.075449685990684285e-04,5.347853865859844395e-04,8.764397406412069089e-04,1.326774687486552895e-03,7.595027758263442558e-04,5.157822924975249013e-04,4.045312810096317086e-04,2.424481481793776564e-04,9.333031265777213051e-04,5.531981790350930369e-04,8.924778516550852404e-04,4.785544278027687544e-04,8.358020771836968980e-04,1.276574241698656687e-03,3.413850934098006042e-04,2.066838122169710750e-04,1.867893808229927999e-04,1.947220688293224873e-04,5.322601800394640261e-04,2.835042115057669087e-04,9.494153573205777515e-04,7.224292027053861318e-04,9.539513984088278213e-04,1.281596957155343129e-03,2.414129576002605089e-03,6.887609456191146539e-04,7.364513298111219353e-04,7.243448623777341399e-04,2.287476491221513211e-03,5.174595748264921311e-04,1.322848526796888613e-03,2.629238487521923652e-04,2.218174114669374530e-03,1.858919503624061346e-04,1.034435220752037742e-03,2.473545011656971891e-04,9.983057465447222039e-04,1.205104267017540268e-03
8.173011559110259384e-04,1.534112881733671989e-03,1.858913078100110985e-02,9.868438500904285274e-03,0.000000000000000000e+00,3.753230914972583137e-03,4.156277403166025626e-03,2.840832659156143983e-02,6.142797756925309945e-03,2.278559590155858957e-03,1.299779717572809804e-03,1.336334125398975278e-03,7.521356734499259466e-04,5.477775429028377543e-04,3.199179771678344400e-03,1.853860868388644990e-03,3.475088204270745376e-04,8.920178381958436195e-04,2.054976683653735644e-03,6.821079104411687920e-04,2.620609377424867924e-04,5.900487291020258505e-04,9.945600824617477353e-04,2.158536529641329020e-03,1.604857884237843434e-03,5.397832900523274850e-04,7.714301520580735217e-04,7.318049700941049425e-04,8.599177664295809065e-04,6.429311876754554862e-04,1.696248129029640731e-03,1.030566142204212719e-03,2.845240352194906559e-04,4.397358591730893100e-03,1.968331481219929603e-03,2.342151110267871763e-04,6.190022658981283923e-04,3.628400031365484803e-03,1.438315144739032731e-03,1.840369742136579306e-03,3.471942198896456593e-03,2.533685469620167662e-04,1.263327941776373319e-04,8.299204652379831709e-04,5.330587296222166933e-04,9.937604356996492319e-03,4.140598497225674371e-03,9.858962284842913773e-04,1.008879327460010132e-03,3.017992701837086868e-03,1.040545837823869451e-03,4.818279304502251612e-04,4.323886983148533814e-03,5.529744643904626299e-03,1.561424041234738176e-04,1.787633631586542024e-03,1.755977048712265703e-03,9.231589820988793122e-04,1.342120273484104969e-03,5.217745583680604695e-04,3.681565904384588844e-04,4.291817293147971897e-04,3.233551226488602486e-04,8.538629930436176510e-04,9.267400809268967017e-04,1.114116143239882260e-03,7.458184578959610369e-04,8.075968628029613983e-04,1.253355675188724426e-03,1.525327555614816675e-03,1.310439397765479673e-03
7.480938322745639586e-03,9.272336350259874002e-03,1.633984766355187426e-02,5.314419082789061111e-03,3.753230914972583137e-03,0.000000000000000000e+00,3.605332089697483450e-02,1.441867418163354439e-02,3.681559931854454758e-03,2.175958294619232541e-02,1.519626337382729226e-03,1.347504534448016244e-03,5.709998465645377492e-04,4.104647203590631229e-04,7.490980609326608431e-04,3.353199610727890527e-04,1.571825307022234894e-03,6.840110428535089299e-04,8.354686051635535097e-04,2.914836211204415144e-03,8.211989367076611779e-04,2.617891092719907067e-03,1.792007317423095812e-03,4.600209521082106894e-04,6.276003484596688565e-04,1.760949564823122235e-03,1.065487046021592081e-03,1.352699395816609482e-03,1.055106177467837183e-03,2.476750470453483680e-03,2.672999764535965040e-03,2.086060229573456857e-03,6.993061518512406908e-04,1.073690030177040095e-03,1.327206065258750489e-03,2.811487442994617977e-04,5.611916272489078173e-04,2.836216815541812812e-03,1.553178962043693517e-03,1.424767083160654322e-03,3.104406236712515675e-04,1.148850646718821596e-03,2.126583015980342516e-03,1.716550750798227906e-03,6.154442257323199193e-04,1.669110134709861880e-03,1.968135306151503651e-03,3.464868984490842977e-04,5.618870524526184840e-04,5.630532182259689704e-04,1.098328679557346787e-03,8.787753172454751578e-04,7.566742735414733667e-04,1.424535164566368773e-03,8.685712098225032872e-04,6.579413304557887041e-04,8.495644476762929812e-04,2.229704600103132222e-04,8.324604259017006616e-04,4.965945438289550090e-04,4.489432288517447253e-04,2.004967551582163485e-03,2.857319917800749012e-04,1.809138377473077817e-03,1.991628484022089343e-04,1.718471175070171745e-04,1.527862609047520156e-03,5.859368419737186195e-04,8.566426769741431000e-04,2.517547711345699112e-03,4.316081874041906275e-04
1.538430489255332781e-03,7.256585715139650915e-03,3.659237012606743854e-03,3.590265884415705204e-03,4.156277403166025626e-03,3.605332089697483450e-02,0.000000000000000000e+00,6.991216130447793810e-03,7.641775955974539937e-03,8.891678449427216011e-03,6.346058162032027460e-03,1.623883393393947853e-03,3.121880410530733594e-03,4.821514509356738371e-04,1.090629517245668249e-03,1.723850998661390858e-03,1.630765514742620222e-03,5.240553393117912797e-04,6.021385139139154383e-04,8.253683710935347424e-04,2.815773263699201945e-03,9.173355620821576446e-04,7.668800385560559964e-03,6.765068353616492808e-03,3.100851804681003642e-03,8.266052488456788767e-04,2.517198428370762478e-03,8.345599958338114797e-04,1.117582779822670191e-03,1.543555483336610809e-03,2.381930194731205104e-03,8.615721696788904149e-04,3.127754532488318581e-04,3.425965603279549146e-03,5.320067945002441472e-04,6.751865724483361664e-04,1.410056017439780983e-03,4.765980681010048223e-04,5.056308008486730442e-04,3.790710117867919504e-04,1.464808070424336887e-03,1.670618851130443701e-03,4.924148778623920917e-04,9.078055304869610265e-04,8.886432074911057273e-04,2.030738265077043463e-03,1.648649473156385027e-03,2.945925825317530743e-04,9.365534731791760881e-04,2.693634646893928704e-04,1.059701280632680204e-03,3.661377554460656155e-04,4.340807393167527201e-04,1.233352189343390635e-03,7.357314100221578213e-04,3.327849087059299243e-04,6.419140276205157316e-04,8.117802910083992459e-04,5.082130962872689374e-04,3.031079910409289081e-03,1.129282993121670086e-03,5.121657815566892395e-04,1.758421332297999042e-03,9.555978716602537204e-04,4.919333414699134967e-03,5.317873532207392610e-04,3.769450428346966765e-04,2.611620793580363142e-03,1.808358488492687417e-03,1.097937089448351939e-03,6.530913575593956782e-04
3.909624386041101862e-04,5.903557316707606353e-04,2.089973772207245374e-03,1.101296488598674760e-02,2.840832659156143983e-02,1.441867418163354439e-02,6.991216130447793810e-03,0.000000000000000000e+00,4.798511921427853384e-03,1.362335212528816702e-02,1.695135133557021303e-03,5.621999532263768353e-04,3.032861868268303153e-03,5.764200354814718978e-03,3.879766494496348587e-03,2.371774179765113923e-03,3.467321302137981506e-03,1.261141509041058782e-03,5.041733794675960084e-03,2.725382857703990015e-03,5.747667496416940898e-04,1.818633251433225640e-03,3.604440873402484438e-03,1.772211346120553107e-03,3.311389304132410314e-03,9.564194981386227095e-04,5.832967287228045051e-04,4.256183561592991049e-04,6.131805970034851210e-04,3.071949936410089260e-03,2.327995144418131337e-03,1.598127830687737097e-03,4.348451304567760799e-04,1.287701721386581583e-03,1.168711556638959764e-03,3.131426304603438914e-03,5.962688738881821455e-04,1.303376924123388243e-03,5.542872903555679832e-03,1.893818362627876098e-03,2.324405844891211555e-03,9.868341750214006027e-04,1.917458083743176596e-03,3.459674976477852067e-04,1.449416727654546239e-03,3.154479852549431623e-03,3.303949495228991097e-03,6.839832964489385176e-04,1.734708905499836740e-03,7.191582502654735075e-04,6.862382999177822716e-04,2.292767777945261837e-03,8.341709558870429855e-04,9.740636830192034258e-04,6.963672051140129202e-03,2.450569858823759169e-03,2.447642346445718341e-03,1.970954930173227961e-03,2.595558367019638619e-04,8.854101370138971845e-04,8.093086105004070746e-04,2.581728842805493512e-03,2.496158846031345732e-03,2.522265449559834768e-04,6.108712178039269391e-04,1.744396673188762601e-03,7.650641951683766640e-04,5.552413687843287503e-04,1.050954386038308735e-03,7.223100830739092844e-04,5.668269629158079453e-04
2.648732979141654904e-03,2.084379275704182494e-03,4.113072675131257058e-03,1.767522600820724873e-03,6.142797756925309945e-03,3.681559931854454758e-03,7.641775955974539937e-03,4.798511921427853384e-03,0.000000000000000000e+00,1.049882393326777817e-02,3.296395741419473700e-03,2.767430795665997475e-03,8.758836188827411051e-04,4.979189294063992959e-03,2.889374400209003199e-03,3.191726632834071802e-03,1.684120624177213275e-03,9.519369366720549508e-03,1.944926878447275024e-03,1.836996527524129225e-03,1.113437607379503787e-03,6.368806850517569861e-03,3.235745795539111090e-03,1.672870545140893927e-03,1.294711385004939860e-03,1.213442882201979127e-03,6.509650347191983134e-04,1.287665572436705362e-03,1.866876300306236861e-03,3.983685110684542958e-03,7.493398752274975892e-04,2.341385881059842406e-04,2.556227989093611593e-03,5.740369319793133321e-03,3.338129372446111396e-04,3.114490129033065081e-04,8.573048320865008605e-04,1.032873115648146999e-03,9.008114438121055069e-04,3.339148295864423355e-04,7.801994144126633401e-04,7.584067811143683797e-04,3.029521964381540634e-03,1.157017620915403496e-03,6.455122493207853668e-04,5.078949877062829618e-03,2.484976496399053658e-03,7.086273153640513644e-04,5.976924524747973585e-04,1.796439157312827630e-03,1.779278665496163570e-04,5.964717603013672221e-04,9.772363164655714467e-04,2.325308685617256434e-03,1.851982070580052717e-03,6.731995942159675313e-04,8.998188773300852452e-04,4.924813701168245751e-04,3.594759087839296706e-04,1.099695956365167974e-03,2.757859538713755120e-03,1.368083488076245842e-03,1.252907858634522793e-03,1.765961298470461373e-03,3.044493621486806033e-04,8.008007818398365282e-04,1.650352178370427698e-03,1.965359462167346350e-03,2.162202504722787223e-03,9.799653868205443052e-04,3.392114426247660325e-03
8.958858131738451844e-03,2.233968322167149967e-03,3.173388781194767371e-03,3.698072552912129440e-03,2.278559590155858957e-03,2.175958294619232541e-02,8.891678449427216011e-03,1.362335212528816702e-02,1.049882393326777817e-02,0.000000000000000000e+00,2.443630050117882088e-03,2.724501670153718375e-03,6.907664248017262101e-03,5.983884159071130478e-03,3.737516891467034929e-03,1.817867390100646584e-03,5.075086514716541444e-03,7.899826781509806939e-03,2.358439372455316957e-03,6.538561952681723683e-04,1.404860115458629382e-03,1.821391292155059806e-03,7.318303646963925969e-03,8.149380514864522015e-03,8.122002566651654112e-03,1.623842869681168134e-03,2.697680219893961590e-03,9.994025432327378021e-04,1.862041436473625515e-03,8.766801739217207909e-04,3.821599158255030784e-03,7.004503296898329737e-04,7.632082021095853899e-04,1.764158022867358877e-03,3.313656604150437470e-04,2.178313758803525140e-04,1.833141153594413601e-04,4.311557550098110334e-04,3.639077267062272689e-04,4.197320822609573493e-04,1.397174031571150801e-03,1.077664497810448558e-03,7.743355078418887863e-04,8.642752385691399898e-04,2.409421859306384427e-03,3.820396984232871194e-04,2.991942987506473334e-03,1.117115157122677838e-03,1.694236861184712957e-03,1.540146101504411046e-03,7.193650440720073501e-04,5.648415712398213717e-03,5.485900564721770366e-04,5.659924508980196303e-04,3.084758527704474246e-03,1.679524740719608427e-03,1.342419385699474173e-03,4.675154720005143013e-04,5.188439343989805592e-04,1.234125684092857210e-03,8.655853065250580358e-04,2.026871391648712994e-03,3.412458948363560583e-03,2.562251330220841755e-03,3.639170498187986147e-04,3.520420123921142244e-03,4.158894642252225146e-03,2.040599480729573915e-03,4.591318056007940088e-03,9.600068521084014275e-04,6.287594620802861457e-04
7.890272818481285826e-04,7.778403184489244768e-04,2.589338093578714712e-03,6.610111568877405147e-04,1.299779717572809804e-03,1.519626337382729226e-03,6.346058162032027460e-03,1.695135133557021303e-03,3.296395741419473700e-03,2.443630050117882088e-03,0.000000000000000000e+00,2.211225127373122289e-03,3.333681077628248245e-03,3.490666062569754841e-03,5.052496985256211756e-03,7.132028786080355214e-04,3.309316837192175908e-03,7.201199929573868543e-03,1.405136048494022571e-03,1.008233442914437420e-03,1.682040100110781958e-03,8.824819666710993077e-03,5.719581048100518851e-03,1.430560736630743157e-03,1.900741846097438919e-03,1.631453737388369489e-03,9.735610957829424076e-04,2.809429119290589565e-03,1.374486849912532347e-03,1.145621551219990104e-02,5.591874165053652970e-04,1.233343765428837743e-03,4.252212578003210079e-04,6.982446178892555942e-03,8.852128851790589791e-04,1.313830266033084873e-03,7.963507489090099244e-04,1.331331709639526663e-03,4.084465654340905800e-04,7.777660476337947427e-04,7.627613619932276405e-04,7.596839793544997704e-04,1.860316497462346152e-03,3.630780604352614946e-03,1.021598734386799283e-03,6.582385856121033933e-03,1.500907126418620256e-03,1.827967314663242514e-03,1.687435083608880386e-03,3.191569469982324762e-03,4.604745162523191560e-04,8.704925689126999898e-04,9.027090782192969450e-04,2.454444836652766235e-03,2.386316191599464030e-03,6.241753959960852404e-04,9.339743483594934456e-04,1.100880390229561816e-03,1.560421043782157357e-03,2.320560433195049867e-03,1.155748437138369401e-03,5.230953174589233036e-04,7.818099244331725437e-04,2.341443676149208581e-03,2.718089895232235487e-03,1.573176631247418618e-03,4.469221338491269520e-03,1.939478490710215206e-03,5.828458423295871781e-04,3.300346816976997347e-03,7.933325367872931088e-04
9.041376625155317544e-04,1.130311915856586696e-03,3.700237845006663375e-04,1.816819087961111167e-03,1.336334125398975278e-03,1.347504534448016244e-03,1.623883393393947853e-03,5.621999532263768353e-04,2.767430795665997475e-03,2.724501670153718375e-03,2.211225127373122289e-03,0.000000000000000000e+00,3.758889817782630309e-03,1.217910810555926848e-03,5.099927113109738348e-03,5.401397442354178950e-04,6.430609040673576811e-03,4.343876404298324841e-03,2.110606834804303489e-03,6.003972175306632707e-03,1.086874611987511492e-03,2.362027926440411849e-03,6.180325124874696055e-03,1.974097522104434517e-03,2.996996084100444525e-03,8.826027797279860799e-04,3.690888397981882392e-04,5.650499051232145929e-03,7.910525361359374997e-04,2.842796596446052135e-03,1.773064820822281432e-03,8.409503368886886345e-04,4.312536092156414071e-04,8.013924241883890048e-04,2.479761441074190441e-04,5.318856073494215332e-03,2.576091549583195330e-03,2.038741044176171999e-03,1.713070240408857666e-03,4.213175509407363073e-03,1.906609132087009380e-03,6.705488898889871291e-04,1.274245866914726225e-03,6.071123294095197732e-04,1.354047482336918819e-03,9.071936395771624737e-03,7.098396974063426144e-03,7.697902280683481839e-04,1.297657012366751957e-03,3.973663685327792454e-03,6.912154889702484210e-04,4.072470128082447335e-03,2.827431164796678515e-03,2.667643855613528194e-04,6.665906857505328117e-03,1.000523123671851963e-03,1.116383016361691604e-03,3.915888798690989178e-04,1.306948742453236745e-03,5.702557677702912260e-04,6.798965061540969716e-04,2.066279307800204942e-04,1.359531156810375859e-03,1.041867453376005498e-03,1.808723669796145992e-03,2.842865590741988505e-04,2.809458579048531700e-03,1.608634541419834809e-03,5.033174127329307105e-04,8.929738217833681647e-04,8.304773090204736362e-04
5.055772270032436776e-04,1.409621604462725324e-03,3.236874620287376087e-04,6.272827472666757864e-04,7.521356734499259466e-04,5.709998465645377492e-04,3.121880410530733594e-03,3.032861868268303153e-03,8.758836188827411051e-04,6.907664248017262101e-03,3.333681077628248245e-03,3.758889817782630309e-03,0.000000000000000000e+00,2.932699727380735054e-03,1.325681718447371685e-03,9.393773814501347671e-03,2.437054866445202694e-02,8.599204821689859432e-03,1.065008892364054062e-03,3.976166330254097235e-03,2.423271317847849882e-03,3.937041317972123089e-03,4.750392636284140810e-03,2.225117180813570694e-03,3.351830513007315535e-03,4.201676364824442900e-03,7.365038865353951223e-04,3.428615207611517696e-03,9.304553497954714050e-04,3.883018678718162635e-03,2.537777560583242328e-03,1.847630955013572409e-03,9.257076314922582302e-04,7.650399482107931052e-04,9.220578293164279201e-04,9.230267065734647225e-03,2.380573189269964533e-04,1.421581072664980256e-03,1.368080813684847182e-03,4.079929845278749273e-03,2.615617761274216177e-03,4.133127733793761326e-03,7.934612415196072360e-04,2.618477903069784990e-04,1.707450707364884662e-03,5.139353793228614888e-03,1.824371080569639697e-03,1.329146432875313519e-03,2.286671484172774621e-04,7.671493395606127650e-04,3.227591799060472444e-04,1.252861581976657699e-03,1.385007525360987734e-03,6.316249959577651622e-04,3.956036630403238739e-03,8.177711980230148838e-04,1.242635491842631473e-03,6.622343265534091396e-04,5.209050127625069809e-04,1.806965710246395554e-03,3.569118730618258089e-04,5.214308382608907411e-04,5.229413452163529739e-04,2.069478629091061825e-03,4.190421420302938883e-04,1.493656017235538190e-03,4.072246614617028131e-03,1.561768979521191642e-03,9.805164113060997090e-04,8.141583062296395669e-04,7.120446830163223214e-04
1.555466308650510455e-03,4.335754314190030587e-03,1.408552538778662724e-03,1.807813767299580772e-04,5.477775429028377543e-04,4.104647203590631229e-04,4.821514509356738371e-04,5.764200354814718978e-03,4.979189294063992959e-03,5.983884159071130478e-03,3.490666062569754841e-03,1.217910810555926848e-03,2.932699727380735054e-03,0.000000000000000000e+00,1.849630361156709034e-03,7.151173333735331289e-04,2.697645103727561861e-02,2.249945886032101230e-02,3.933695273226584660e-03,1.482671012756501226e-02,2.671120539117447651e-03,4.472704723183515765e-03,4.172806961411719591e-03,1.156896527451147134e-03,4.316986115448243934e-03,4.727982758106938702e-03,9.832369565738771459e-04,1.604420432050184756e-03,5.153331533548844573e-03,1.563715268928854256e-03,3.173538402490688401e-03,1.150947968670167120e-03,1.294833361493207555e-03,5.090217598495124299e-04,4.683539292949320961e-04,6.236279573187029045e-03,1.896864807093945554e-03,1.558747065977488964e-03,1.184763272899444064e-03,2.422540359184776910e-03,2.017471611862609471e-03,1.147323798706596744e-03,1.283369689201067010e-03,7.869391665328575539e-04,2.083408603824811901e-03,1.953946386255489207e-03,4.310612335098873253e-03,3.945948113359183489e-03,1.024984440031581102e-03,2.359715068980339746e-03,5.446797120074530580e-04,2.356392402281668602e-03,5.876375169616377889e-04,7.197949644474104436e-04,3.867765964891002606e-03,1.002338440426848174e-03,3.566451216323187983e-04,2.037054736070053815e-03,1.249568867524777221e-03,7.472160383630113180e-04,1.366309751278712648e-03,4.462566163101734868e-04,4.205451665513471830e-04,9.214265036083580697e-04,7.833911489557796037e-03,4.036748264686283033e-03,3.207127726373660160e-03,8.582757363664162906e-03,9.730577104882070496e-04,2.193519328641887686e-03,2.479979251797509270e-03
2.168999368327420661e-03,1.553112465678385548e-03,1.512775875564636259e-03,8.602498235001341826e-04,3.199179771678344400e-03,7.490980609326608431e-04,1.090629517245668249e-03,3.879766494496348587e-03,2.889374400209003199e-03,3.737516891467034929e-03,5.052496985256211756e-03,5.099927113109738348e-03,1.325681718447371685e-03,1.849630361156709034e-03,0.000000000000000000e+00,1.126286202103577924e-02,3.682093079491673138e-02,1.132892337885181219e-02,7.711990081219343048e-03,1.207485124410636983e-02,1.149969377903335178e-02,5.052847859888795652e-03,1.162912189840806070e-02,4.131289488552766613e-03,1.743085491397348280e-03,8.181652646779329074e-03,1.715019889634367611e-03,5.753036528491047366e-04,3.427605862192419691e-03,2.107913444303487552e-03,3.569314219584301343e-03,4.310910846944263249e-03,1.975755861438246736e-03,3.215631324990666801e-03,3.416169371625857407e-03,4.950696738168605324e-03,1.758955894433061884e-03,8.688092747170890820e-03,6.093731303976455569e-04,6.037707508290857984e-03,4.061114516536548126e-03,5.088245535552034932e-03,1.626977002351181470e-03,6.552690494964015424e-04,3.730308070972882407e-03,9.564348092299585803e-04,1.293565339660336959e-03,7.154393570032932526e-03,7.916942281183077853e-04,7.674548302798784097e-03,7.585794922254918138e-04,1.247114727959105661e-03,3.422377295748461846e-04,1.959044018529160040e-03,7.891305341372337884e-03,1.077089505549769189e-03,2.617737275479458010e-03,1.612679835580986022e-03,6.617065349812447121e-04,1.583656565677968352e-03,3.529707477062144112e-03,2.686702963552155179e-03,5.791320410161002359e-03,1.856560060184214538e-03,8.439796116568355072e-03,8.910034599981297987e-03,5.814063162945936215e-04,2.615217214383851359e-03,1.165176389461273316e-03,2.361343825515643813e-03,6.182117120086994162e-04
1.552353485734413435e-03,1.728107141075287513e-03,4.807728252516356611e-04,2.338607332423982093e-04,1.853860868388644990e-03,3.353199610727890527e-04,1.723850998661390858e-03,2.371774179765113923e-03,3.191726632834071802e-03,1.817867390100646584e-03,7.132028786080355214e-04,5.401397442354178950e-04,9.393773814501347671e-03,7.151173333735331289e-04,1.126286202103577924e-02,0.000000000000000000e+00,4.890411373026600818e-03,1.262933961158603513e-02,2.180290111876656035e-03,4.176029254907428004e-03,1.956713152831354892e-03,2.355709987816103322e-03,2.429809830451495119e-03,2.078619140699091133e-03,2.939591244894838862e-03,5.457064506026010342e-03,5.355145275941893858e-03,5.026924174102176575e-03,2.923028432056547915e-03,2.021383290170489060e-03,4.125682293662583273e-03,9.330476336033474141e-04,9.178852169265063268e-03,4.059517287676552184e-03,2.784383319739998017e-03,3.776776555014137431e-03,6.470934949657035752e-04,1.626600776366114156e-03,2.070129473852641133e-04,1.040920195276121311e-03,3.371954085476036654e-04,3.341237957548059447e-03,4.829827183450979421e-04,2.823022687649020309e-03,3.564604519301836638e-03,4.092744665290826492e-03,2.464470174115026505e-03,9.489151295225936936e-03,1.272022747482131353e-03,7.606404305058833866e-03,1.086988973038064722e-03,1.287609910410811298e-03,1.775607882687887853e-03,2.105611304099711846e-03,2.255999116065437061e-03,2.240898873058464781e-03,7.990691667631811884e-04,1.895264658734231462e-03,3.044400296389684121e-03,3.559951226595948169e-03,5.843830720485762575e-04,4.717448916465116315e-04,4.046395235311188443e-03,8.672555163609811440e-04,9.183486650644428345e-03,7.799897270915885292e-03,3.879880570922451290e-03,9.295853730582035596e-03,9.214118890028633133e-04,4.238078986808889968e-03,1.300130341239228099e-03
3.171273315775371298e-04,2.642715903595401210e-04,1.221882022454031345e-03,1.300083566689567288e-03,3.475088204270745376e-04,1.571825307022234894e-03,1.630765514742620222e-03,3.467321302137981506e-03,1.684120624177213275e-03,5.075086514716541444e-03,3.309316837192175908e-03,6.430609040673576811e-03,2.437054866445202694e-02,2.697645103727561861e-02,3.682093079491673138e-02,4.890411373026600818e-03,0.000000000000000000e+00,6.172098114507997696e-03,3.258682084299177606e-03,8.520655214571005304e-03,1.442983387802047358e-02,2.259657931309016436e-03,3.119429824261222162e-03,4.734392044831774171e-03,4.576466252393971562e-03,2.478346336467662434e-02,5.327768178262659061e-03,3.338668561913412866e-03,7.265710744178484337e-03,1.924173710920155586e-03,5.218913429528614437e-03,2.034054004630346437e-03,7.786526307560009789e-03,1.707702006386739623e-03,8.723102572010337473e-04,4.204296440209671394e-04,3.437748537621717997e-03,3.482866238514820351e-04,8.863144971052392676e-04,1.196863260267336162e-03,1.886826402039667051e-03,1.075426566631684702e-03,7.109098712024742228e-04,2.634283972210333790e-03,2.912883938505772020e-03,7.636505660634825519e-03,4.653100208883713569e-03,2.993627566993386276e-03,4.346580520784935203e-04,7.614006484780904208e-03,6.739304219656521919e-04,8.455608835149616871e-04,1.657428286656163286e-03,5.065618446533102191e-03,5.849238538516183129e-04,3.707601880538467700e-03,3.915110593757032873e-04,1.287295393052549208e-03,1.625459480152748612e-03,6.832567317737847212e-04,3.100327604976028852e-03,1.473899535996158784e-03,1.100295570630117209e-03,5.295021026617555615e-04,6.694806588787832052e-03,1.739025608933231475e-03,1.218808639602321020e-03,1.299206634006885505e-02,1.364168530974647735e-03,2.827555509898607104e-03,1.714905129576668914e-03
3.692467098141804095e-04,4.912729774459102979e-04,1.706846056294865832e-03,3.231549984145791780e-04,8.920178381958436195e-04,6.840110428535089299e-04,5.240553393117912797e-04,1.261141509041058782e-03,9.519369366720549508e-03,7.899826781509806939e-03,7.201199929573868543e-03,4.343876404298324841e-03,8.599204821689859432e-03,2.249945886032101230e-02,1.132892337885181219e-02,1.262933961158603513e-02,6.172098114507997696e-03,0.000000000000000000e+00,4.024156092462243678e-02,9.475996918823725856e-03,1.613176033522271263e-02,1.050534154144535694e-02,7.067947378476501646e-03,4.939431797929693876e-03,7.699201340721413891e-03,3.241441879809518496e-03,4.276845541784929025e-03,1.671521020763509779e-02,2.175521418091362885e-03,9.144102825596510734e-04,1.238879946377782152e-03,4.613771357111219086e-03,9.442460790694687852e-04,5.747364165699466766e-04,1.529734989064083497e-03,1.223136715452826208e-03,9.212736219073366234e-04,1.490934996952271571e-03,7.956187160694607775e-04,3.491131964626047624e-03,7.516823834880658915e-04,3.771803825175177975e-03,4.949573557912174439e-03,6.309272202892325654e-03,1.545124992356157250e-03,5.063314977995962175e-03,3.214917045257942221e-03,7.328163017725836592e-04,2.183942675943183719e-03,5.377197189550033014e-03,1.824047720776615991e-03,4.369152172411018900e-03,7.233506273445669110e-04,6.964735302217410495e-04,1.004555284278206041e-02,7.243289227966817276e-03,2.339242343069344691e-03,2.627028987510465329e-03,4.941370955649872221e-03,2.865426752731856357e-03,1.472491406732253164e-03,3.994600756038977360e-04,4.915292372263904306e-04,3.180052018050916825e-04,6.473778329084380750e-03,2.512483330600066237e-03,1.044512554723759160e-03,1.068027165195260982e-02,4.201561339552039621e-03,2.128361651384419548e-03,2.704664564096161562e-03
1.065449757899799204e-04,1.855010315758569988e-04,1.386248482448097612e-03,1.590311802684325542e-03,2.054976683653735644e-03,8.354686051635535097e-04,6.021385139139154383e-04,5.041733794675960084e-03,1.944926878447275024e-03,2.358439372455316957e-03,1.405136048494022571e-03,2.110606834804303489e-03,1.065008892364054062e-03,3.933695273226584660e-03,7.711990081219343048e-03,2.180290111876656035e-03,3.258682084299177606e-03,4.024156092462243678e-02,0.000000000000000000e+00,5.203698918537363882e-03,1.578515675524076387e-02,1.877111607779978139e-02,2.137542100946698137e-03,1.254383522385045698e-02,1.433342711352081703e-02,6.042445316844141656e-03,5.713423499177408202e-03,8.783498709598096255e-03,1.029278372312148349e-03,1.039337028601422866e-02,1.999780668237290462e-02,8.429483323657875008e-04,6.670506878559682128e-03,5.457944469132672109e-03,1.378814798744893919e-03,3.271402344435488888e-03,1.248131008433584974e-03,1.792989553352776618e-03,2.616350926187214739e-04,3.206788562789459045e-03,1.233530457706517479e-03,1.923455212371913154e-03,4.174164114276893676e-03,1.003445091429204647e-03,3.236947343625064277e-04,8.281039298281412178e-03,7.208403097488586160e-03,4.616810679753989371e-04,1.302361389140749802e-02,7.298798384256808235e-03,1.650607372751548060e-03,2.973034275321861496e-03,7.829140244383308786e-03,5.816942755005313770e-03,2.738058591769326061e-03,2.654463511477913977e-03,5.751227790830822084e-03,3.662822506305181305e-04,3.031616100643572901e-03,3.115808098396221151e-03,6.646503092108979084e-04,8.408706587398203595e-04,5.394332534368660812e-04,8.826839074315042787e-04,6.254755098647755626e-03,7.476420058549199457e-03,2.993653450983848989e-03,4.236536176729327301e-03,2.686054983529764361e-03,3.911375423728262468e-03,3.771076676919781021e-03
1.148246056843925085e-03,4.106468413319934105e-04,6.638040428583278241e-04,7.917741173390167300e-04,6.821079104411687920e-04,2.914836211204415144e-03,8.253683710935347424e-04,2.725382857703990015e-03,1.836996527524129225e-03,6.538561952681723683e-04,1.008233442914437420e-03,6.003972175306632707e-03,3.976166330254097235e-03,1.482671012756501226e-02,1.207485124410636983e-02,4.176029254907428004e-03,8.520655214571005304e-03,9.475996918823725856e-03,5.203698918537363882e-03,0.000000000000000000e+00,5.182934674582637818e-02,5.803707872890439406e-02,3.763591451202239618e-02,2.422757332811652925e-02,9.439501576709115674e-03,1.448616989505884791e-03,5.026498960232529678e-03,1.785876859271334771e-02,1.892213592176816839e-02,4.833842606011811566e-03,1.464761659491811609e-03,5.541945711932147293e-03,5.006336188153591785e-03,3.411463327237976295e-03,8.059235244089874711e-03,1.186444214076681249e-02,2.554980135683326652e-03,9.481421092084565960e-03,3.479037801434147598e-04,5.967558703099089777e-03,2.657612576805462937e-03,4.285717749792175915e-03,6.045745824981806765e-03,5.768229965596771529e-03,6.719708256186240642e-04,2.611662826945915228e-02,4.634867562988421487e-03,3.805629915571964207e-03,5.783175249875098685e-03,8.942865740896234483e-03,2.536866777141774578e-03,1.319381527460568391e-03,5.339521186393644293e-03,1.233125957338348632e-03,1.832610851493040932e-03,9.436472295338815255e-04,1.497657616273265603e-03,6.798234254676079492e-04,1.146812740723051130e-03,2.415300456612139862e-04,1.157519134100416184e-03,2.350049618376310549e-03,1.105992681624340607e-03,1.462349606788727061e-03,5.752628323482306127e-03,2.278350673158307475e-03,1.499871030306517555e-03,8.360601992633324986e-03,5.892583569684877245e-03,5.509894449587616691e-03,5.244931188259690374e-03
1.443054009537932331e-04,8.801784950516703537e-04,6.441799261135152353e-04,7.793214677074901701e-04,2.620609377424867924e-04,8.211989367076611779e-04,2.815773263699201945e-03,5.747667496416940898e-04,1.113437607379503787e-03,1.404860115458629382e-03,1.682040100110781958e-03,1.086874611987511492e-03,2.423271317847849882e-03,2.671120539117447651e-03,1.149969377903335178e-02,1.956713152831354892e-03,1.442983387802047358e-02,1.613176033522271263e-02,1.578515675524076387e-02,5.182934674582637818e-02,0.000000000000000000e+00,1.404009387272608239e-02,2.342141361817092274e-02,3.587297663324082002e-03,2.626784980425661553e-02,3.634608756510831519e-03,8.265229557113036932e-03,1.197258476009638133e-02,1.182311701608726624e-02,3.197538982510084778e-03,4.922630786179139038e-03,8.994390644069231652e-03,4.680758235719801458e-03,1.097709863548366810e-03,8.801794038116048449e-03,6.341323470693970184e-03,3.018016954106277159e-03,8.821027594338704501e-04,4.897510367124494751e-03,7.607588031213755736e-03,7.654307252789371852e-03,5.570858395502554898e-03,8.503725282712375818e-04,4.637440555137951718e-03,1.532730567960736328e-03,2.726067878603534791e-02,4.380430077603958243e-03,9.510304349999173330e-04,9.366581067867710275e-03,7.226766844244363573e-03,3.759917449734380152e-03,1.007092698037580008e-03,3.347103660089651486e-03,4.905546381721861797e-03,9.567878905891188598e-03,1.419953412875328037e-02,9.913204989763750238e-03,6.841387035011750432e-03,1.462466638084111746e-03,5.020508553074206140e-03,3.906697488303354990e-03,4.452925246053450773e-04,5.948969121387692564e-03,1.107422503564034315e-02,9.098847195108287350e-03,3.255806176658934854e-03,7.033745482911909347e-03,1.319475107065279373e-02,1.080205104945173092e-02,5.082101641191163859e-03,6.750280225488979047e-03
1.541695332472272847e-03,5.853062136579847063e-04,3.457743900358219505e-03,2.373088431410869462e-03,5.900487291020258505e-04,2.617891092719907067e-03,9.173355620821576446e-04,1.818633251433225640e-03,6.368806850517569861e-03,1.821391292155059806e-03,8.824819666710993077e-03,2.362027926440411849e-03,3.937041317972123089e-03,4.472704723183515765e-03,5.052847859888795652e-03,2.355709987816103322e-03,2.259657931309016436e-03,1.050534154144535694e-02,1.877111607779978139e-02,5.803707872890439406e-02,1.404009387272608239e-02,0.000000000000000000e+00,1.249905814007620450e-02,1.391899104680205390e-02,1.263615616256046070e-02,1.674171368522972894e-02,6.848460212108760901e-03,1.766411027397643552e-02,2.642686209471816275e-02,1.600039901407376624e-03,2.310108332963794683e-02,3.564737530741948768e-02,7.532636023483791840e-03,2.336457166391054524e-02,1.727844216237795980e-02,4.603731221128940475e-03,3.395773648372681867e-03,3.148431265098930454e-02,3.405261044596767390e-03,9.611854529069170823e-04,4.988263870657759155e-03,1.324957161036500195e-03,2.206469491648525676e-03,7.046685111796791023e-03,3.859816224219371223e-03,8.732162184524041790e-03,2.106124897733868597e-03,2.069173903890302122e-03,3.392552375450056095e-03,3.733807984759322275e-03,3.690811304648143523e-04,1.037045338698069702e-03,1.569671656517740693e-03,2.499313550397815401e-03,2.449424996397324850e-03,1.110097518155149336e-02,1.954067941877273701e-02,3.936172791142187460e-02,2.530261243296498194e-02,1.148998648696212448e-03,1.109814592158427961e-02,1.730213484238275756e-02,2.432727805265151415e-03,1.269354460995614827e-03,7.203290366132873365e-03,7.980593509719849030e-03,4.502480741129146445e-03,4.255991274510619732e-02,1.176429238491651097e-02,8.464042352406110983e-03,8.670635846076081912e-03
