0.000000000000000000e+00,1.687895275325731331e-02,1.043578107626370738e-01,7.052859388611686098e-02,1.625710143608001534e-02,1.415644027058293036e-02,6.822997881354319304e-03,3.683013082559788171e-03,2.067517103843367985e-03,2.922157347955935472e-02,2.582329600403635017e-02,5.661597267032247166e-02,9.508316183728754423e-02,4.469819995936772511e-02,5.423077859073301837e-02,3.681283096892071921e-02,7.439185564497637071e-02,1.760829216918615575e-02,2.762484870775789789e-02,4.685308648240973928e-03,1.350336722303751083e-02,1.490763428436946841e-02,6.394192872511570737e-03,1.063638333100310265e-02,5.770343068826433094e-03,3.806609683919288684e-03,8.910782146066036774e-03,3.196101758693402611e-03,7.903637608530394076e-04,9.099863246967017719e-03,6.218221920301871507e-03,7.819622636148127262e-03,1.108623693464762423e-02,3.236830100248500042e-02,1.788633200722574172e-03,4.134280745820612460e-03,1.089682827547482080e-02,5.924573056973592329e-03,1.145581721733139602e-02,6.059657209314131543e-03,7.625042444841520668e-03,1.266226237166560679e-02,1.196404692987628610e-02,7.863301285114279032e-03,7.299394367502246364e-03,8.116224866959700218e-03,2.249415840248381992e-03,2.474145551391828974e-03,9.320318130796326423e-04,1.307135333885061160e-02,7.080717851992008455e-03,4.515597610654816310e-03,1.078338755841431497e-02,4.369137223937561570e-03,1.195719489459609250e-02,2.309174511424469389e-03,1.033002917939047915e-02,3.671155047993529888e-03,4.578192784258846258e-03,4.009178666825159720e-03,1.376430376938920890e-02,3.165191066431933663e-03,1.690372715927471051e-03,1.369366932905237422e-02,6.141078462533714356e-04,6.354324478733875195e-03,1.674789559540247781e-03,6.984790294123203493e-03,1.066410478822502929e-02,1.430258424586116836e-02,2.061875042781755474e-03,1.301510473210543660e-02,6.194402719548803248e-03,1.431216870486677444e-02,1.097481589021079978e-02,1.461464810628675722e-03,1.442226515370217781e-02,2.844304405368139419e-03,1.221528997657715665e-02,5.637078087859073543e-03,1.223089208365110876e-02,8.023076653375516964e-04,1.043312447660016060e-03,4.719285243766470697e-03,1.576052790246859582e-03,9.534313223427562031e-03,1.651403455710239929e-02,2.257052474490918101e-02,2.363160287044365621e-02,3.100136083270920578e-02,3.843369755054745068e-02,1.103335369959387510e-02,2.281591696381413126e-02,1.648125133948015811e-02,1.055383245223375129e-02,2.120256546156618245e-03,1.107649793429714554e-03,1.906565411665277904e-02,1.643635389406921873e-02,3.270719454626234285e-02,1.309223650647932218e-02,1.713851531229347580e-02,1.787731062584733618e-02,2.046997985749629111e-03,1.220988622449844596e-03,8.837220466414679246e-03,1.197961007570859382e-02,4.966946748681030227e-03,3.498133232740747306e-03,4.235113243267418781e-03,1.730054929282433263e-02,8.144412690438156480e-03,9.711548472215153884e-04,1.080558710083761795e-02,8.560770865864998289e-03,8.237425745958672912e-03,3.214410238955084376e-02,1.084881111707815260e-02,1.619063398219721533e-02,4.977689143498742474e-02,1.272206633041282793e-02,1.891100284870034579e-02,7.148762626135419032e-03,1.414764972846099637e-02,1.134464272673915523e-02,6.673019318229082494e-03,6.021458725887511056e-03,7.203833111077497658e-03,2.673832199455232830e-03,5.570097168078243580e-03,1.152698764988534415e-02,1.700609961445647333e-03,3.389755739957168394e-03,2.047103093417801910e-03,3.417573018769607968e-03,2.873101473898140648e-03,3.943501006531508163e-04,1.592994932189180368e-03,1.880223892237620903e-03
1.687895275325731331e-02,0.000000000000000000e+00,1.042882815304187749e-01,1.841557050353645475e-02,1.089901943590805555e-02,5.985753397426459704e-02,1.312487829630478234e-02,1.955451860500545883e-02,1.054749247889442271e-02,7.854202306630604646e-02,2.842255323938735340e-02,8.099792139075225050e-02,1.271749730555984947e-01,1.336520735681708261e-01,7.668812447076607530e-02,4.655862567043668465e-02,7.982236457031022248e-02,1.771924134565072001e-02,1.557822715451194322e-02,7.348852203726373780e-03,2.126128644444926288e-02,5.315897936059463431e-03,1.225937173356723628e-02,4.999310542739107861e-03,9.707223092133820605e-03,1.661734077429819498e-03,3.950082702885810045e-03,2.746565403069162106e-03,4.952780657440419322e-03,9.312374961219168495e-03,6.828085747882356102e-03,3.844498196555903510e-03,1.541508883566368535e-03,2.592707305844815444e-02,5.964208054813756321e-03,8.848154760783082801e-03,9.168649949282950060e-03,5.891738258537553875e-03,3.341029160444438685e-03,6.752655387309728328e-03,9.135412438013912340e-03,5.793431751596469018e-03,1.493989358759660602e-02,6.811838214608965762e-03,6.498499557818455952e-03,7.213383944564609983e-03,4.063377011167503515e-03,1.991817668459522003e-03,8.126941389742521615e-03,6.417793491390328363e-03,8.399948226178399974e-04,4.980514101238195683e-04,2.565393101639361871e-03,1.961488728077037842e-03,1.768256548818800469e-02,2.517012290830866229e-03,1.156103645021648064e-02,1.049721293825613133e-03,9.247952355766590055e-03,2.429088785348402016e-03,2.731033790598738284e-02,6.301099061906024687e-03,1.162710591008877430e-03,1.994928492557229358e-02,1.690475469148620957e-02,2.175695567203665345e-02,1.155842524486959920e-02,1.723718544717781466e-03,8.834501120474746311e-03,1.958721129615305107e-03,8.788354350204051479e-03,2.972707188762750002e-03,2.511918436676961654e-03,1.116669604887857332e-02,5.646565214350788946e-03,3.231292116588468238e-03,3.498894649290615853e-03,1.281044649742863438e-02,4.776254817661989942e-03,8.124424625401216807e-03,1.857850385983110530e-02,2.332268548153363600e-03,1.467110489856147601e-03,1.515203539005780453e-03,3.985043593218507915e-03,1.985793963674029397e-02,1.208847871976915719e-02,3.993708053204421404e-02,3.228547488500421725e-02,2.255970285305971060e-02,1.664591083419715567e-02,1.313876893015207027e-02,2.972733094300030257e-02,3.120823956225710766e-02,9.892352029723425200e-03,1.084904461521496791e-02,7.008033659920187390e-03,2.524552068124647636e-02,2.323257493329348652e-02,3.582529894808134108e-02,1.893001658187996872e-02,1.368274247163139183e-03,1.513329144128407709e-02,1.616578860601512388e-02,4.301618120532851169e-03,2.332559598364472922e-02,2.107369173648513880e-02,1.015766435071117045e-02,9.430606583182113076e-03,1.463391083254737303e-02,1.868556590132626830e-02,6.169446263451771120e-03,1.383941756266679826e-02,4.109737965366214510e-03,1.654045152277538316e-02,7.625051061791826741e-03,5.666881944680950134e-03,1.011514822895071171e-02,1.338134636053668267e-02,2.103396538300406418e-02,1.757415606586575432e-02,8.359613025787823379e-03,3.275381779601483582e-03,2.682518358869982397e-03,1.015319285831088082e-02,1.326531242718017103e-02,1.449238426641048490e-03,1.333181704270640193e-02,2.440239274974249570e-02,1.476024191699740196e-02,1.327487059495629715e-02,6.440240595219409205e-03,1.284749555825119398e-02,1.428692348156253289e-02,1.427444810075393679e-02,2.295109458273005693e-02,3.732261132628421005e-03,1.080058344151400363e-03,1.141544709974381087e-02
1.043578107626370738e-01,1.042882815304187749e-01,0.000000000000000000e+00,3.385505028774282721e-02,3.173537165677976085e-02,5.771785190020084499e-02,2.434163816718743281e-02,2.455240930488135007e-02,1.061423366348327769e-02,3.615437284748405922e-02,4.241227486458610391e-02,4.603817726373048147e-02,8.907228851969535566e-02,6.481430854485444037e-02,9.401167939986464217e-02,4.176257725053806463e-02,1.190952511346541343e-01,2.128105948134801154e-02,6.349999707166237295e-02,1.421185263480246631e-02,1.867021344897127483e-02,9.625010629434988321e-03,3.042836232944615832e-02,3.517641787230006180e-03,1.554153617078069503e-02,9.179060894472150164e-03,6.123099625817547860e-03,1.589984869639312140e-02,1.664748138508425398e-03,4.911117574513787672e-03,5.781251329258170479e-03,3.484388806366357089e-03,4.070659425058111014e-03,2.151348038924296227e-02,3.810462162441065077e-03,2.150210558825309867e-03,2.603321514359050598e-02,3.274811288394267536e-03,5.855146180329586642e-03,9.929987839452477510e-03,3.079025209401213201e-02,1.997969835824271040e-02,1.293339988234451683e-02,4.244330515393605549e-03,1.263586679352650399e-02,3.164288651303167992e-03,8.773036745424764998e-03,6.738630668481195539e-03,1.606968058191490106e-02,2.913136604603138585e-03,2.589034110105346755e-03,1.964374995201559337e-02,4.449321022870144152e-03,5.030751887099538765e-03,1.876668233102251129e-02,1.037920538088469777e-02,1.608931928705538070e-02,5.157857844235787248e-03,2.934206963701367979e-02,1.235673513984033786e-02,7.807702214488499576e-03,2.814939978287054907e-03,3.366980810266477497e-03,1.149341656730249253e-02,5.314145878437989169e-03,7.240418131640268332e-03,4.324966490104705484e-03,9.220325161128927610e-03,8.526674037041106005e-03,1.146023613365037414e-02,7.364180457293843102e-03,2.553295523634586950e-02,7.718363203464639020e-03,3.124167881833577951e-02,2.574635182167638037e-02,1.174917551164245469e-02,1.399806811408204656e-02,1.728177382288110034e-02,2.718933087589221406e-02,1.060039744060878308e-02,1.371460907246530025e-02,6.517681354876798949e-03,3.271241313729876966e-03,8.816278765246139335e-03,2.437101347222706427e-03,1.146029922576639881e-02,1.427103033157360243e-02,3.602823059821987778e-02,2.451167703935896655e-02,2.129493624499547572e-02,3.854248970142257202e-02,1.185908988499464328e-02,7.458596140902457039e-02,4.756952415828474834e-02,3.808583427624404050e-02,3.019977157286343750e-02,9.780115808114336548e-03,1.552586266215906508e-02,2.291694534001452802e-02,3.231427670813036279e-02,4.473939207908862736e-02,2.261475615010558049e-02,2.002812190855412025e-02,1.565715000150273359e-02,8.498359722896579871e-03,4.644725166781400738e-02,5.547505093158269091e-02,1.380538886461149875e-02,1.512011115620574137e-02,1.773167846103732362e-02,5.654266955254415999e-02,2.039987448644508747e-02,1.282325974836219691e-02,1.869384621746794997e-02,1.827481370444283132e-02,2.361091512419023070e-02,4.683002922073031121e-02,1.731497058526925217e-02,2.001799418371739969e-02,6.708221744367219574e-02,1.325685112419145578e-02,3.322003413582310521e-02,2.558499517863896747e-02,3.058896612130301840e-02,2.031040264756549252e-02,1.143661770362164667e-02,1.045011774242518739e-02,1.606992081022213387e-02,7.935640678047636148e-03,3.162188620269124929e-03,7.367120554510615815e-03,7.175156101487315322e-03,5.722058717116697973e-03,3.672754506871000763e-03,1.338203206985905634e-02,7.721471101734189366e-03,7.309621478577165397e-03,2.603833314818306682e-03,4.349108204434850959e-03
7.052859388611686098e-02,1.841557050353645475e-02,3.385505028774282721e-02,0.000000000000000000e+00,1.129827693622191681e-01,9.024560273246622424e-03,2.004303237741256877e-02,2.115567039190129062e-02,2.142334524391613371e-02,8.219549966224842796e-02,6.518903938044222357e-02,6.202753557188244588e-02,4.020933715300813172e-02,2.525277795676785647e-02,4.697249593562322079e-02,2.647094646155911599e-02,1.276279800153322201e-02,1.173298626872343667e-02,1.309958441404696604e-02,1.227011280385482093e-02,1.090908209878989170e-02,3.534539504659606896e-02,3.433255670428416589e-02,1.057040400290445992e-02,1.412054540163382166e-03,1.667174329682086925e-02,4.349010038851928994e-03,7.543260323712218905e-03,1.755033939198794718e-03,2.965721942971776773e-03,7.672298466923160865e-03,3.322408442659087989e-03,1.308721093271196208e-03,4.536535232960325209e-02,5.876336891367142656e-03,5.754826435985390364e-03,1.098520822156772055e-02,6.583016086335880847e-03,5.341421423752080143e-03,5.767424133000988856e-03,6.849135165370587135e-03,1.444983330668948678e-02,2.914556623520045409e-02,3.847448746367924336e-03,7.084913689481329643e-03,3.618888899968172174e-02,3.742034989185030747e-03,1.599318993972918129e-02,1.697106489336424337e-03,4.848309313598398590e-02,5.982842004263479174e-02,3.220519928820144567e-02,4.413391089538620110e-02,3.749868075871826828e-02,4.155015807662527927e-02,2.753667605296991616e-02,9.671448975022967770e-03,7.349739350643258451e-03,5.049585248603350243e-03,7.130656676644226734e-03,1.891842086005780452e-02,9.635990036734600264e-03,1.896131813436483654e-02,6.723387765764965267e-03,1.189009363950634590e-03,4.537667758675308777e-03,2.515728902047163155e-03,7.717123126415941295e-03,7.380153866322398774e-03,8.518136624657340547e-03,3.930345075302946189e-03,8.196899127135531815e-03,4.012754721277268267e-03,1.173200377067466944e-02,2.352077152173804794e-02,1.606688264268663069e-02,1.662298412510208878e-02,8.478664494703328988e-03,2.014442839298326640e-02,3.378641977982746458e-02,5.884686804488300366e-02,1.385660223257305541e-02,2.256049891202160929e-02,1.604823457556308827e-02,3.562891778333653926e-03,7.030173542917826819e-03,4.265027356486963267e-02,3.688460922676577158e-02,3.698166286442144263e-02,1.490648961240940984e-02,2.813663884004851887e-02,2.502599143971003665e-02,3.884800382823133669e-02,9.372500303533556551e-03,2.537558124629472889e-02,3.435569450923000451e-02,1.942081939839138127e-02,5.904078398284163566e-03,8.185591240920766717e-03,1.974517888936561799e-02,5.606084760154868979e-02,8.869414062788740297e-03,1.256602198357642010e-02,2.093793116103441487e-02,4.210078882945769013e-02,2.606780890681134610e-02,5.574342060880801974e-02,1.921156631048598351e-02,1.077747438282118317e-02,1.781909900220196574e-02,1.999201045841570226e-02,2.316467790940143073e-02,1.404385046544582953e-02,6.145569687193199945e-03,1.436929205733585013e-02,1.337725213557740440e-02,2.073899139657322394e-02,1.103602363198393291e-02,5.199194731420365978e-03,5.674803469874023336e-03,3.585352919798326377e-02,9.929825842491024623e-03,8.368020900948880056e-03,9.288945731754932530e-03,1.966027364853410384e-02,3.422150131471436707e-02,1.276876506134484723e-02,1.720442120678502412e-02,9.061849446131487948e-03,1.029260587258310974e-02,2.896712893821799632e-03,1.005847010862646017e-02,1.880488068102727922e-03,1.038196388559564642e-02,1.021410026920883778e-02,9.355588349531273468e-03,7.825452694703071213e-03,3.719131273422479622e-03,7.508609454363321563e-03
1.625710143608001534e-02,1.089901943590805555e-02,3.173537165677976085e-02,1.129827693622191681e-01,0.000000000000000000e+00,8.654320660144524183e-03,4.553902897530132804e-02,1.596855472343447491e-02,3.662970147224762531e-03,9.805722684654291643e-02,9.564682317623406094e-02,6.630337617554972474e-02,7.727646429358134283e-02,8.823551146690576663e-02,6.721796824620339394e-02,1.224554633136277874e-02,6.854287422326538204e-02,1.548640946370843235e-02,1.414915497313445729e-02,3.260588715226445805e-03,3.417664926453230050e-03,7.553896360319171249e-03,2.723166203692303430e-03,1.738407202558728227e-03,9.889728924688000189e-03,1.010792071933291555e-02,3.125001356930377262e-03,1.115286769833509495e-02,4.493189617597930126e-03,7.365256390073193944e-03,2.985838807007764207e-03,1.437069352947203081e-02,7.846344111892661691e-03,1.101250320932931938e-02,7.397334232082074246e-03,2.460908038420688004e-03,2.260313849200607655e-02,1.274487162735996222e-02,7.486083641060994366e-03,1.156580018558780489e-02,1.054818213784335448e-02,2.317145380391102266e-02,2.381188920599310033e-02,6.156685118244729395e-03,1.369855267170840864e-02,9.053736251286206849e-03,1.308966749677016074e-02,1.043287674834158553e-02,1.613679879369350756e-02,6.469863198410219854e-03,9.713755275874310507e-03,1.234477325547951067e-02,5.054431973862571386e-04,3.802213327340923498e-03,2.820923662231575660e-02,9.928147749221414090e-03,9.472542611775346122e-03,7.376259252188611601e-04,1.992837408420723364e-02,7.663760178513061468e-03,1.417372810250746087e-02,4.961282481842235401e-03,2.930712315370555005e-03,2.082444028939134037e-02,1.981563885410742541e-03,1.992525794209962318e-03,9.439714467200251667e-04,1.403896260792472650e-02,1.395362867284763268e-02,5.529131250043595701e-03,1.286685405260878934e-02,5.785356976358109124e-03,7.955541161445065651e-03,4.551108956678080741e-02,2.136290255154209977e-02,2.362491671637953830e-02,4.426400206410598288e-03,8.309444508244867231e-03,1.764944275164468182e-02,1.253346366131477888e-02,9.719924490499564154e-03,9.035842432939209315e-03,2.926865501716452520e-03,1.293609811448913349e-02,7.141421576302421810e-03,6.399524401716688744e-03,8.772621846443090510e-03,1.777636326077755916e-02,1.155226454336965268e-02,1.177076623386671787e-02,5.071397760657441606e-03,7.999218299362259588e-03,2.634690328528629596e-02,7.429079070991243157e-03,2.839467726531826053e-02,1.357284113989068626e-02,3.475065925900760327e-02,3.457781395949559300e-02,1.945884472785847086e-02,3.034419505421210098e-02,2.218803567822243139e-02,4.054154250464327147e-02,1.907626775949376394e-02,1.664233743171533025e-02,2.472994459594846789e-02,6.253159143584638424e-02,2.897677508187350079e-02,1.048656758320424924e-02,2.163777621160262524e-02,2.504028934015721866e-02,3.969274992531826585e-02,2.077003031697776184e-02,1.253734184842476319e-02,1.033170410940839265e-02,6.162917566721419320e-03,9.813675594293863255e-03,1.760183091637681704e-02,4.855650459497288726e-03,2.430602099628900205e-03,2.632086743033648993e-02,1.471970548106972879e-02,4.318781260248719979e-03,2.226358948473807289e-02,1.265330791672361621e-02,4.126035128287771497e-02,2.607361321310915775e-02,1.887215751996064103e-02,3.867359958642103968e-02,4.878864249462598265e-03,4.330035145273807180e-03,1.104955471518265925e-02,1.989626604186258731e-03,3.133298623507368638e-03,7.409484202451701272e-03,2.405788507554940201e-03,1.452623500616010126e-03,4.801935528379321430e-03,2.086066212634659148e-03,1.462569452029087056e-03
1.415644027058293036e-02,5.985753397426459704e-02,5.771785190020084499e-02,9.024560273246622424e-03,8.654320660144524183e-03,0.000000000000000000e+00,3.011034522633991226e-02,8.487598932853432365e-03,2.235425998781148671e-02,7.618844366333556162e-02,7.097725759072762153e-02,1.777652282153548494e-02,4.987324351700897496e-02,1.676846269672399234e-02,3.370638139849475162e-02,7.048161108855801812e-03,1.746497300232977001e-02,2.941417055323768473e-02,1.542032505049900810e-03,9.248087406684070422e-03,6.756586618538290220e-03,5.251474433769727501e-03,1.878454900882546574e-02,3.664706070730806842e-02,1.622562248307164376e-02,1.460905231393875951e-02,1.755339591500990060e-02,1.056210210992775643e-02,1.696956089929584771e-02,5.704282008256609561e-03,2.810220098956159665e-03,4.506472063962025862e-03,7.930464711721650281e-04,3.875374611533333180e-02,1.179528086187858933e-02,1.324542114273946289e-02,8.112475990007103274e-03,1.207571329299816053e-02,2.302407291879143055e-03,6.633162940869694393e-03,1.308486357559878605e-02,6.906958423724913164e-03,9.984297038652197379e-03,5.339289239821335201e-03,1.598477982405333703e-02,9.293296174607296872e-03,7.441199335642325469e-03,4.297750502972709843e-03,2.457314875975381147e-03,2.263069545475562827e-02,1.293474073908214630e-02,8.013381101352023972e-03,2.841190727725703344e-02,7.968968395092205365e-03,2.659945383779869707e-02,3.153332628423450440e-03,2.064687419585530676e-02,1.007895100218371073e-02,1.463841425073459344e-02,4.179276948747523250e-03,6.322255822122332600e-03,4.877367976970121630e-03,6.659585905644604432e-03,5.832339315495276358e-03,1.526806830853595035e-03,2.344018991046485992e-03,2.460212461382640676e-03,6.287349051485350941e-03,9.046457542763451307e-03,7.390068735141657255e-03,3.088836894713828385e-03,8.012854291981157812e-03,4.387620574406966498e-03,2.432578120734722044e-02,6.361791793477161033e-03,2.511328631177594736e-02,7.654564079743770601e-03,3.158443297577817610e-02,9.294987775307354122e-03,1.581251798876231324e-03,5.448165404029454290e-02,8.664236347896970419e-03,5.547429774448190028e-03,3.067038091005017553e-03,1.559265477764459028e-02,2.788747980725241743e-02,3.358507098064321406e-02,4.298975923681692263e-02,3.902278595241912701e-02,1.789801575400930961e-02,8.017312295537060499e-03,1.405057812650669508e-02,1.181704338501260443e-02,3.463807348071143433e-02,7.821446564674585863e-03,5.867863574484511249e-03,1.190431047854320461e-02,2.930616614603751696e-02,4.536317202332425941e-02,9.813707658806295614e-03,3.447163115403022865e-02,5.227676555934490828e-03,3.465069139367307760e-02,1.413585655111363089e-02,1.196091100313779673e-02,5.629776879144897384e-02,8.175308584407653401e-02,7.971916946006183877e-03,4.169449287257201084e-03,3.784243205065294935e-02,6.859822786090961910e-02,1.523397520013437811e-02,6.268006784157558776e-03,3.665044061525739305e-02,6.641268370045252945e-02,3.589225958991268395e-02,6.923479734941122288e-02,2.655852647936618807e-02,1.675360806581820128e-02,4.076370445808086967e-02,6.469443358484422771e-03,1.297305136766014992e-02,3.217550742420907661e-02,2.689534675189038035e-02,9.695618088064170137e-03,1.230131533627513898e-03,4.191983905920141501e-02,1.108040731961060406e-02,7.879785502048699750e-03,1.262760408531123091e-02,1.093866874495766535e-02,1.411489822639871126e-02,6.812936522457043245e-03,8.704532783512353156e-03,7.018865599514501410e-03,2.539111315531413643e-02,3.954312305285610785e-03,1.306263112172123715e-02,5.711759537267709769e-03
6.822997881354319304e-03,1.312487829630478234e-02,2.434163816718743281e-02,2.004303237741256877e-02,4.553902897530132804e-02,3.011034522633991226e-02,0.000000000000000000e+00,2.831514745049039383e-02,4.779650329817474591e-02,1.398764512577497787e-01,9.006615453058829102e-02,3.871492299943944670e-02,3.132466855047526949e-02,1.578186501631134719e-02,2.546265600930449832e-02,2.928491463311388467e-03,2.462725177451705050e-03,6.849858827737740664e-03,1.251538219415577677e-02,2.664844662346294371e-02,1.926591179228530695e-02,2.646718705451535023e-02,2.652305627478283509e-02,2.365197717862644808e-02,3.517952051279596426e-02,2.317939146970713141e-02,3.469978837826800423e-03,1.591374792657010429e-02,1.887986704988071224e-02,6.020416897622204219e-04,8.044358263752978810e-04,1.349128875744044949e-02,2.823420281694028616e-02,9.413243165138661384e-03,3.255178409932887613e-03,3.893633552003686327e-03,1.469310738186685450e-02,9.244643715559842587e-03,8.538091089411071685e-03,4.856312030788331735e-03,2.091682360093366673e-03,2.891791311798227321e-03,2.035525060317073739e-02,1.758238347179163314e-03,1.319714216267178775e-02,2.022351998518983132e-02,2.982180935818974470e-03,2.184692976485936092e-02,8.921401077193804327e-04,1.161025248315846782e-02,2.767104224937792789e-02,7.886865238170247261e-03,1.296452732251028583e-02,1.134490407059193275e-02,1.212845828705568646e-02,5.889556815504377353e-03,8.309391827439548475e-03,6.690779334783841271e-03,3.622967813628465757e-03,1.847597050201004246e-02,5.420400702460231174e-03,4.050175694165047968e-03,6.989246550481117461e-03,1.508213920944071959e-02,2.477523568532679406e-03,3.259673486383360495e-03,1.183814292393824998e-02,1.081741734388038658e-03,3.239552136102556452e-03,1.459497199199792997e-02,3.239311398320245637e-03,1.130241413069497068e-02,1.321021113243083141e-02,1.859833717478151516e-02,1.497348818561549180e-02,6.832778583315834292e-03,1.025218637672157054e-02,1.164916490844130660e-02,1.103322349816666069e-02,3.051790858657551717e-03,1.854560131529461864e-02,1.116177525837645269e-02,6.533313944428367770e-03,1.287307800085699420e-03,1.328886123641227941e-03,4.170258519829672834e-03,2.034563944893278895e-02,2.506853414884634146e-02,2.727046873549279077e-02,3.889327628429652649e-03,1.258031992273231543e-02,2.248623311624001891e-02,1.120126184143391268e-02,3.263184109530993353e-03,9.800185185696808077e-03,6.351423935202412177e-03,5.010034749746835811e-03,6.326141713795240332e-03,2.071410147277518918e-02,1.328272906699864107e-02,2.229112494837390615e-02,4.985930745449352816e-03,6.841803707737812400e-03,2.985447944100387292e-03,6.856825363928819791e-03,2.509083964045147677e-02,4.119312648055299675e-02,1.355788314082024063e-02,7.486481570953234035e-03,9.125807365751463507e-03,2.106702605539998926e-02,1.463227296099098296e-02,4.407748168744377373e-03,5.209573846313392091e-03,3.381415598125069033e-02,7.480984304475928395e-03,2.271332234336434844e-02,6.969841905768710093e-03,8.765604138669747317e-03,5.043437507025947709e-03,2.222412270067060380e-02,5.734460168982052561e-03,9.126124743508167575e-03,8.377217938003323622e-03,3.277326620890190501e-02,2.557053016694948999e-02,5.049302370314918270e-02,3.431723598285362636e-02,3.549322318945106330e-02,2.157944664162650752e-02,8.884592377449266470e-03,8.777639374846142248e-03,1.744713140353396389e-03,1.732646006496026819e-02,2.598251019488424969e-03,1.690896651804885825e-02,5.038200982954784031e-03,5.021497906760805097e-03,6.795205461483773413e-03
3.683013082559788171e-03,1.955451860500545883e-02,2.455240930488135007e-02,2.115567039190129062e-02,1.596855472343447491e-02,8.487598932853432365e-03,2.831514745049039383e-02,0.000000000000000000e+00,1.075131721071779373e-01,1.202692628768759903e-01,1.625061249988509759e-01,9.933065370378116321e-02,8.825193477197207370e-02,2.870887946092108220e-02,2.643499345665866265e-03,1.546195779093552727e-02,1.088395285128071488e-02,5.342374706620249721e-03,2.478814967460686580e-02,1.260885914771138656e-02,4.959032740550903262e-02,1.488299285232677800e-02,1.742518359532674440e-03,8.196009137899272490e-03,1.370767478779567547e-02,7.185859258485485790e-03,6.979685640987966927e-03,1.054631886263994282e-02,8.902406861862968007e-03,1.869656691144005881e-03,2.357358811477548721e-03,1.629604265364902743e-02,1.851265905232231043e-02,1.097452187141925717e-02,1.056712009051187333e-02,8.295418104398969220e-03,4.440249077200706176e-03,1.502825269517981017e-02,1.134737422962078151e-03,2.333120289945634501e-03,4.362128272186194429e-03,2.152757868925267090e-02,2.702062693799434090e-02,3.066367036960597307e-03,8.651941521461896031e-03,4.504463227363246502e-03,1.256796810207247081e-02,1.410809682666158520e-02,8.221120218453876680e-03,2.111085701129240474e-02,9.355300760929269668e-03,9.189435606624015915e-03,2.044623454231722995e-02,8.816918416844629972e-03,1.551704098772778775e-02,7.611177404476896641e-03,3.905309604241517102e-03,1.870141174876377779e-02,1.541629546371055043e-03,4.065290408128351476e-03,1.071880010410363078e-02,5.472576408798278044e-03,5.107612563714369544e-03,3.095353346536553266e-02,3.170806253368726145e-03,1.078615781951824774e-02,7.915307775063430001e-03,7.864640918394396121e-03,1.235074561917898217e-02,2.574313516386805226e-03,7.980537637292089981e-03,6.265775369359367214e-03,9.841183134859012721e-03,3.440137660539183823e-02,7.127270098070176765e-03,3.375696749303858622e-03,1.419311865905957711e-02,1.209601996496849526e-02,4.776535216998429798e-03,3.343757673620671115e-03,6.721430963297297424e-03,2.584736127022025515e-03,2.220842719828964012e-03,2.127035054470834304e-03,2.889804491202406164e-03,8.479107785599291833e-03,1.061567508545172879e-02,6.829305958776717665e-03,1.064235001491948933e-02,5.156463914385012171e-03,8.223489776328096051e-03,7.580383086975768167e-03,5.113993884585102054e-03,1.112402797445278917e-02,1.868626083890356782e-02,4.962321165670074453e-03,9.664397690461233245e-03,2.308919075215835545e-02,1.987318599400042518e-02,1.948717750002843451e-03,1.301818776373367230e-02,4.804622284208444685e-03,7.390230351403149003e-03,8.758616571456236816e-03,3.935223080612284922e-03,7.852556907355083549e-03,2.120565859218434546e-02,6.477820320252600933e-03,3.744065735209926773e-03,4.169741404065383829e-03,1.178903958859096532e-02,1.243917958933518295e-02,1.429330831870667499e-02,2.441128233472355472e-03,9.728343880737006302e-03,2.466561155010588927e-03,5.620095013465878017e-03,3.114789252219671116e-03,4.456449067666128257e-03,4.186137397498568280e-03,3.540279101329000394e-02,1.180719436982382090e-02,1.578181687841371736e-02,6.523462230100108943e-03,3.582985424301275701e-02,2.989927418844802107e-02,2.535943612935842584e-02,8.606832074459781767e-02,2.662377507233565366e-02,1.056575767226623948e-02,3.761727732928479839e-02,6.948939950779306311e-03,8.519209615648781764e-03,1.648528587983218163e-02,9.544665038647358671e-03,2.202437911159726980e-02,7.022051155037807753e-03,2.201175841180502950e-03,8.067770813508415295e-03
2.067517103843367985e-03,1.054749247889442271e-02,1.061423366348327769e-02,2.142334524391613371e-02,3.662970147224762531e-03,2.235425998781148671e-02,4.779650329817474591e-02,1.075131721071779373e-01,0.000000000000000000e+00,2.089993057309139091e-01,9.459587159124284439e-02,2.228154449879866661e-01,1.034891606269997821e-01,2.929353721815983191e-02,3.480478474030869462e-02,1.192323839223068116e-02,2.638875896971117768e-02,1.411046968210649157e-02,5.647470078636513541e-02,5.323095159923416433e-03,4.976170664242389637e-03,1.407176044978560546e-02,3.638401747565426104e-03,3.666978960038382983e-03,5.043876100162620474e-03,9.134146023717438709e-03,8.990923401421432176e-03,1.851460716054041450e-03,1.960504292759625636e-03,5.090796436483193202e-03,8.680375288149733831e-03,9.130255193539866740e-03,4.485602417916220719e-03,5.983559917887903111e-03,5.926276811543913087e-03,9.055107167549371902e-04,4.139741131285388544e-03,7.224956676736808562e-04,1.854408233006333770e-02,1.220898950736557832e-02,6.532496801101431161e-02,2.028314438460557256e-02,5.297693939235136040e-02,3.827300971590029410e-02,1.545684644815172211e-02,3.466295403706419476e-02,5.254122935477151431e-03,3.259754670763667390e-03,1.463558878665956837e-03,4.432221705696985301e-03,2.961825797966600310e-03,4.403553372939180560e-03,9.793355678466035205e-04,2.326080991512403766e-03,4.198582094214869595e-03,7.549001660321537528e-03,2.628522592713615925e-03,1.610658045566918870e-02,5.397127629957201682e-03,1.129252007611852328e-02,6.855345169602276335e-03,7.764718750200995390e-03,2.808371066797682447e-02,1.931289020270285720e-02,2.209967333330914441e-02,7.107319800607367691e-03,9.275080715815963578e-03,1.081037956665746244e-02,1.083342714293731787e-02,7.694610433250305588e-03,1.265121408675649352e-02,5.509202810927990059e-03,1.727370721772748807e-02,1.034102096364518039e-02,1.174473700029787099e-02,5.785317950303243105e-03,6.314003817163815237e-03,1.000050932152965998e-02,5.189163991854967191e-03,1.848936682829801365e-02,9.654435721650334382e-03,3.163710301229204474e-03,1.903338716581621376e-03,3.118287549921654189e-03,2.931930389580365056e-03,8.469524824376408259e-03,5.874644730085688132e-03,9.606748227193423820e-03,1.682796560963283408e-02,7.993403106608076153e-03,7.623362849778592826e-03,1.151684244044408681e-02,2.350726763335170971e-02,7.233453492949857948e-03,1.764949523303243478e-02,2.038082198860860852e-02,7.529194230566581790e-03,1.353787177717414789e-02,1.055187831627212199e-02,2.378773400399960408e-02,5.673170294701044766e-03,1.269072092205911044e-02,6.886537566037006196e-03,1.482319094403493874e-02,6.918096494562113799e-03,8.682113781150680581e-03,9.259424754219761772e-03,1.398594395185031626e-02,1.315786201778243458e-02,3.158323120763774361e-02,6.163317713511589843e-03,3.777987008012557643e-03,2.948580899727112209e-02,1.711388254509673204e-02,2.708153681217183827e-03,4.541792384912994064e-03,1.304962392786822821e-02,1.227209663972703320e-02,1.754397849216554964e-02,8.382920702563384507e-03,2.213043341125017771e-02,6.990476399803103626e-03,9.773840820841062441e-03,1.623539240972384640e-02,8.392347062282425399e-03,3.601133843867591194e-02,2.296211812019531215e-02,2.358606746531559731e-02,5.358763337363764423e-02,3.194642828464926837e-02,2.873295328782268093e-02,4.626103825695026400e-02,1.728822725417092018e-02,6.803261706508696716e-03,8.091826843355598431e-02,3.013809900421516100e-02,3.302162887806019131e-02,4.166055572862364248e-02,8.511496223203943515e-03
2.922157347955935472e-02,7.854202306630604646e-02,3.615437284748405922e-02,8.219549966224842796e-02,9.805722684654291643e-02,7.618844366333556162e-02,1.398764512577497787e-01,1.202692628768759903e-01,2.089993057309139091e-01,0.000000000000000000e+00,9.547525558161126802e-02,5.542224212651101350e-02,1.224812785654734448e-01,3.730847119699487544e-03,2.144448732963091103e-02,8.286032851542841915e-03,6.085023932241932255e-03,2.009911935470811914e-02,3.306608881338313904e-02,1.327069961034865395e-02,4.643351439913977197e-02,2.378809410921397388e-02,1.380023152740907436e-02,4.006228465036648645e-03,1.847388728262498421e-03,2.563505064636108742e-03,3.095633385183418559e-03,2.143876974492598016e-03,1.988766145230850754e-02,1.422405424070199162e-03,1.239146540593483170e-02,2.261584006430326574e-02,6.332631355243819628e-03,6.946947538297354799e-03,4.893076032050117444e-03,2.025794452868245540e-03,6.562584552637096454e-03,4.982328272025804937e-03,2.856894912157098131e-03,6.659511629208570566e-03,5.285260129628515345e-03,3.969472342568636583e-03,2.798409233647643560e-02,4.750039826744303396e-03,4.163644233259118817e-03,6.042772222323992623e-03,1.123315356262406285e-02,9.108769054493311840e-03,8.555975914462039464e-03,7.459461314486416639e-03,1.477958556813559893e-02,1.966566283027616074e-02,1.162178828648196410e-02,5.347485500349084125e-03,1.354359614248583886e-02,4.223078478370068285e-03,2.831495000878922128e-02,2.517401023503619464e-03,8.886511144828477052e-03,1.166604170810918786e-02,1.276591499715317400e-02,9.396155489340904388e-03,1.301297410060255240e-02,3.020465500312481070e-03,3.010492023367523223e-02,9.048350206110581870e-03,1.073429445650446803e-02,1.279789121132014068e-02,3.420572166840493439e-03,9.965176389738343229e-03,5.057928221718239331e-02,1.071652778800931058e-02,1.383770440837310198e-02,6.846044844028424323e-03,9.921818839574261025e-04,7.445136164461120705e-03,1.621811774701257050e-02,1.955154369750587706e-02,9.318809255832999697e-03,3.916728975867617146e-03,4.467450445065847438e-03,1.793633612623425503e-03,1.185665524358453862e-02,4.497191586250686227e-03,1.220058467439828070e-02,1.366697265054466620e-02,1.161382813240299620e-02,3.431021840197357679e-03,1.128264540144534311e-02,1.717546698081197712e-02,1.149667516599702519e-03,1.885532201672162136e-03,2.088553029541240225e-02,3.342727305423526946e-02,1.228630522745360713e-02,2.868796336902287858e-02,3.127913881686116698e-02,1.481642978856533184e-03,3.981381405721404199e-02,2.354701208745127363e-03,2.715740705943200939e-03,4.683819940103830376e-03,7.051805695665702527e-03,3.806438872004290919e-03,1.023628419997425071e-02,7.467129064733461080e-03,3.504189015919354638e-02,9.019071610735006003e-03,8.544841185151154025e-03,7.987449131092142982e-03,4.178002648111638767e-02,2.032553358823398909e-02,1.639012190189149953e-02,1.082488704370037323e-02,5.724165197107454472e-02,2.960320938965111184e-02,2.980921907399792722e-02,4.483008849238624000e-02,6.686763086935626488e-02,1.463172641840316743e-02,1.466901552035312049e-02,3.820436820295354183e-03,3.360472989513099001e-02,1.435633843378653941e-02,2.742090547204857967e-02,2.248186045301666519e-02,1.561622379100035402e-02,3.970972113624597621e-02,4.259516769844706036e-02,1.294552770230803646e-02,2.853085292316881461e-02,2.107216710959105080e-02,2.550424760720174100e-02,2.005537555316304343e-02,3.303056112222118451e-02,4.456122583035478091e-02,1.472677886180264774e-02,1.123721196592234774e-02,2.585300323315352020e-02
2.582329600403635017e-02,2.842255323938735340e-02,4.241227486458610391e-02,6.518903938044222357e-02,9.564682317623406094e-02,7.097725759072762153e-02,9.006615453058829102e-02,1.625061249988509759e-01,9.459587159124284439e-02,9.547525558161126802e-02,0.000000000000000000e+00,6.857937317966991686e-02,4.450915470216317005e-02,1.261031855362879442e-02,2.175952382014688380e-02,8.015304808310953766e-03,3.437439956536648966e-02,4.283312016518057812e-03,2.112413161313533502e-02,2.657663003879963837e-03,1.834669657004833060e-02,3.363993631623215380e-02,2.407606730478514118e-03,6.951936937136627553e-03,1.721439049093767201e-03,8.680951716046866884e-03,1.275678232094279961e-02,6.637681457534305024e-03,8.494524727331875108e-03,7.457161722777969548e-04,8.428490667238422787e-03,3.412208412105144362e-02,2.921236168583314294e-02,3.080414150034041509e-02,2.989844018200946574e-03,1.579982156914767595e-03,9.099621749397376197e-03,3.624581963091991557e-03,1.379649972632121177e-02,1.500383074770576808e-02,6.390272138461537167e-03,3.044439147537700979e-02,1.288836996888365928e-02,1.722664389209655963e-02,1.452584295912448357e-02,5.675434835766708479e-03,8.588396920191500999e-03,3.407230757966658863e-03,6.289091052768312415e-03,1.098294645942572874e-02,1.137181544943193998e-02,1.954938888251082744e-03,5.630539080298728113e-03,7.802745364663911734e-03,3.495228509459963329e-03,1.240281126813597666e-02,7.434159663824957106e-04,2.633346778921668782e-02,8.625396702505326932e-03,3.906646521468867816e-03,7.124481087675158149e-03,1.000460577994766870e-02,2.297615031790532780e-02,1.948457808828786206e-02,1.158563700723218466e-02,9.196086510053175928e-03,4.740062645065503365e-03,1.404202430135946707e-02,1.305110267176783773e-02,2.156162033440492051e-02,2.449607134614464540e-02,7.022012821146206805e-03,1.102686942708582495e-02,1.189741863404648881e-02,6.549366851706149226e-03,1.843152853331593219e-02,3.749322624835228074e-02,1.744282436084240023e-02,1.693921159098420517e-02,8.418250579807200901e-03,1.412903404334111190e-03,2.945689630021042747e-03,2.164181902164281912e-03,2.549156134778964803e-03,9.407787226338615305e-03,6.446279152675206750e-03,5.108959466045305368e-03,4.707479323880856686e-03,3.078862483138009552e-03,1.482192933092285614e-02,5.802340697822486876e-03,1.958586555437423493e-02,6.890148219562202206e-03,2.914608377369306332e-03,1.559028522671902263e-02,7.557127483595069660e-03,5.683554512388016948e-03,6.522526551220784140e-03,1.444883952158037416e-02,7.595923120559388945e-03,4.143701189703328201e-03,2.822948798754962383e-03,4.745067406313235175e-03,9.769972028477557149e-03,1.939642454559924959e-03,8.534367503560711526e-03,2.530004860748728129e-03,1.593334625892183290e-02,1.100373941453223516e-02,1.142384223864472206e-02,1.266142668564465036e-02,7.193468795027978084e-03,2.424111363589608395e-02,3.923236557766903061e-03,5.988979323686399042e-04,1.020628412138353119e-02,6.745729123852129729e-03,9.520595380807116495e-03,7.990947548523901628e-03,1.070268367203630958e-02,2.201421209684517252e-02,3.238433611191610540e-03,1.997516917521132210e-02,1.334799325627629603e-02,1.721727909506159254e-02,3.002143008085535886e-02,1.639468277411921387e-02,7.132246143213717693e-02,4.180118996775275542e-02,1.667584423173210442e-02,4.410297827102754864e-02,6.680325449781034097e-02,9.243508289822318161e-03,9.382314050256572446e-03,2.351076864025687316e-02,2.134805543828566590e-02,1.945500947826461421e-02,2.403341962638427809e-02,1.270142423124284714e-02
