0.000000000000000000e+00,5.171986772511034253e-03,6.909423409774999129e-03,6.010164852508505760e-03,1.002251808032438062e-03,2.422143830331654427e-03,8.263035389555176049e-04,3.495857356397876056e-04,9.120493231125361387e-04,4.172370217313619255e-03,5.509683084586466332e-04,2.501726289312397730e-04,4.539248339165930868e-04,5.136380979151280090e-04,1.263173296382144606e-04,7.473859742311763504e-04,2.394457704000269710e-04,2.513172201276004801e-04,5.632741051737168506e-04,5.137289763648579663e-04,7.996430081616055612e-04,1.512736537426488280e-04,2.403755224107977822e-04,4.958407010928843730e-04,1.966389737939008755e-03,8.522225418650242320e-04,3.626966196085867401e-04,3.018582763066387652e-04,1.243827923955831524e-04,7.130797258586778859e-04,5.642261997569389918e-04,6.939283676052845516e-04,6.499381254615488887e-04,3.041299608661885237e-04,3.780643854885829534e-04,2.591433595723491453e-04,4.544175888609102115e-04,1.746859632759206055e-03,1.720132097353898465e-03,6.746017015469298571e-04,2.905278824402494475e-03,8.375403714780346471e-04,2.077637924536455060e-04,6.444816619774742725e-04,4.413072930668367980e-04,1.842607437689070871e-04,6.625775060601132166e-04,6.601761589636350640e-04,2.290734117282914554e-04,1.080903933945421246e-03,4.593821420286681645e-04,6.333180161994945555e-04,1.946926209938574419e-03,4.756948273755494502e-04,1.396108747538003141e-03,1.783870550785191878e-03,2.210482686769685604e-04,5.456816405591432802e-04,4.142467869656464617e-04,2.346494029902653671e-04,1.772369642170035665e-03,1.141467499408578551e-04,5.174934259541817032e-04,5.526751510940887142e-04,1.991480050987612144e-04,4.862574731905883055e-04,2.557335302994149726e-03,4.649954551357165524e-04,1.373558365661563946e-03,1.152825158661428514e-04,9.020073688416042033e-04
5.171986772511034253e-03,0.000000000000000000e+00,6.651241943890990986e-03,6.402624979863160218e-03,3.985255790368492056e-03,3.085377527024763498e-03,4.788469145899835674e-03,1.347570211196336002e-03,1.309000926485628501e-03,9.119019314954745136e-04,8.801107322892062984e-04,1.961171739664708657e-03,2.757143387540438636e-03,1.812905360045409140e-03,1.598014543888808751e-04,1.583587604713875344e-03,3.965027781002581275e-04,5.301528468353188710e-04,5.371104320701842495e-04,1.068310892252092789e-03,1.784079787604525428e-04,4.307550715693505487e-04,8.099910765116198792e-04,4.663818340272087655e-04,5.907638178993373504e-04,1.601901247459351597e-03,2.741008791150017642e-04,1.113973706753901586e-03,3.073068737651546596e-04,5.534598729636037084e-04,5.853967766322139060e-04,6.157801444813728459e-04,2.162428744474616867e-04,1.170214927595651156e-04,8.292239841431188040e-04,3.385279036123290926e-04,3.332933550705718603e-03,4.883475599065016746e-04,2.135784474306186287e-03,1.459988129420123661e-04,1.411256713022766970e-03,1.667565199950366136e-03,5.667709216538684277e-04,1.522975279799721024e-04,1.285097435370124953e-03,1.029112236387982751e-03,3.721969874229208116e-04,2.604361543353542413e-04,5.568339427975318437e-04,6.147287809028649823e-04,2.555778254049669192e-04,1.231355848594699234e-03,1.097676896960821926e-03,9.191532900573718117e-04,4.335162830895863441e-03,7.239777425930594154e-04,4.641602195871179400e-04,3.046119707344829646e-04,2.687524035119979895e-04,1.059929798747579914e-04,6.896593328177624089e-04,3.242097629850069335e-04,2.166378307378828011e-04,2.527152974207385727e-04,4.273164866279153314e-04,1.503151720604330806e-04,1.748970557663142526e-03,8.306751275905525011e-04,1.434613138287609609e-03,3.729222474058309887e-04,9.517743240221624660e-04
6.909423409774999129e-03,6.651241943890990986e-03,0.000000000000000000e+00,1.364403090699259228e-03,7.759354158420150686e-03,9.705872462011626159e-04,1.960154969150875413e-03,7.336333674918366857e-04,7.648149302012954929e-04,2.384604139754629981e-03,4.150268899539533390e-04,1.529456119045881227e-03,3.262886069186940463e-03,1.339912917607316697e-03,9.104835051793099682e-04,2.904771242555120522e-04,7.936475031457570183e-04,3.359415035978555565e-04,1.268526849447638169e-03,1.751425944657407775e-04,5.327813432207006332e-04,5.118930990830517945e-04,9.173053055959504414e-04,1.644525315853781694e-03,5.266661658553331181e-04,6.408728985569395881e-04,4.164135208301111076e-04,4.244537803581305280e-04,2.614218312829653316e-04,1.162550414223751478e-03,8.132850428430041722e-04,5.580442284097101441e-04,8.486848757572300209e-04,4.234169655496433041e-04,7.043677714362551676e-04,6.125178783801442589e-04,5.224722830651092834e-04,5.811179605117490488e-03,5.092942573780687068e-04,4.787291001792914609e-04,3.914081721664831870e-03,1.664435401622184644e-03,5.809742576918863277e-04,1.297329428474692419e-03,3.343566964039238268e-03,2.758884352218582393e-04,6.040391875824425343e-04,2.553191854356792138e-03,1.620266701784641935e-04,2.583886714275156465e-03,7.868547319008418518e-05,3.024088469357466818e-04,1.572742300769457537e-03,3.954048091578284390e-04,7.185315445088730039e-04,3.621914865225671224e-04,7.037163146975462975e-04,5.868111646752914318e-04,2.749435786640534013e-04,1.895638134748945291e-04,4.460425637577049708e-04,1.334607994804022386e-03,1.380815361059219712e-03,3.853288938383921309e-04,2.216814640959466169e-04,3.641270634149559090e-04,1.933413061467723851e-03,4.617567652775787898e-04,1.392913030774456514e-03,3.356149179943034868e-04,3.180237443550818183e-04
6.010164852508505760e-03,6.402624979863160218e-03,1.364403090699259228e-03,0.000000000000000000e+00,1.504356221758694316e-02,3.386465079887115114e-03,7.567710408743809694e-03,6.371202868928898741e-03,2.165212583391610320e-03,2.994045231158885302e-03,8.739205499725249135e-04,5.471122735440536082e-04,1.545561607312284592e-04,2.806040359749045862e-04,8.206521564065070518e-04,9.242837971256592355e-04,1.001351211313984690e-03,6.895069242804441681e-04,1.728932638520074352e-03,1.524597583679537143e-03,4.546468749183135358e-04,2.108187794161988857e-03,1.312169220490912386e-03,2.036333818192575737e-04,1.766191446350650089e-03,2.701857418044277146e-04,3.827413656275000377e-04,3.603699183877454959e-04,2.473700648573637622e-03,6.675690121528686819e-04,1.863336475548842055e-04,9.785175829553091707e-04,3.514375193824738407e-04,1.630522334161705440e-04,4.016325235473906276e-04,4.409439175733290681e-04,5.605943990027480303e-04,1.273827530374304750e-03,1.339959841721360739e-03,9.499544994775810727e-04,4.269565740921768830e-04,1.730899688604551137e-03,5.010697553298633627e-04,6.472469063084365865e-04,6.550190251302664230e-04,4.719610096327809179e-04,3.913566523126160170e-04,1.478623676585840612e-03,2.846587016651623580e-04,2.777668142893122312e-03,1.181773398218250587e-03,2.839556303111822775e-04,6.226491749718724615e-04,1.610324919884114085e-04,3.999700657412146444e-04,3.766641771757043623e-04,3.282798245009940145e-04,1.579592809858433892e-03,1.817332003491437019e-03,5.638894740377882247e-04,6.610783618664849669e-04,1.201619782282346231e-03,6.145785235556339154e-04,1.332889361268213774e-03,1.076012623153435859e-03,4.643022679729884045e-04,6.766238945970750240e-04,1.339108594872773261e-04,1.667953293167684804e-03,2.627513512279245440e-04,4.167903386350151561e-04
1.002251808032438062e-03,3.985255790368492056e-03,7.759354158420150686e-03,1.504356221758694316e-02,0.000000000000000000e+00,5.711650702575508595e-03,2.786757905319624772e-03,7.434765589721612986e-03,3.343204470484196101e-03,4.433084488240136151e-03,1.711894058191769158e-03,3.001561110181492215e-03,4.405004915426534505e-04,4.022091340920518044e-04,2.788314668341895352e-03,4.553607452090128668e-03,8.634571018997474123e-04,1.210692531815287963e-03,1.251009606795186122e-03,7.813520250483497022e-04,3.291923332927626533e-04,1.496100702627415659e-03,1.091141088443965158e-03,7.970271651828071680e-04,2.727541069296822614e-03,7.105175630265861018e-04,1.509713060864302243e-04,9.441674002803085615e-04,4.743366556246852127e-03,2.035665428018726669e-03,3.300740552813195860e-04,1.491407411340599752e-03,6.921845921559450316e-04,7.861188989641065350e-04,1.660634564448910380e-03,5.134792573991501250e-04,8.772402660103766460e-04,2.394613828414535292e-04,2.543491168344230637e-04,7.980495612078897325e-04,8.269967129013480701e-04,9.291352033965671539e-04,8.535293491055363693e-04,1.281486582940074333e-04,7.203588066187014555e-04,1.063040530291510261e-03,6.988140075786145695e-04,1.278590343132254348e-04,2.608359544144148558e-04,3.411934455245228706e-04,3.592747496100100538e-04,2.953331229115700274e-04,8.373852022351140241e-04,7.903414967178523567e-04,2.243174615469324933e-03,3.816883084879326630e-04,6.215698470918261387e-04,1.086780838242280356e-03,1.507365299574529990e-03,1.691393517301677317e-04,2.976300534746860048e-04,6.718524284298870710e-04,2.584698409092396425e-04,6.762166261712905914e-04,1.224520782040586578e-03,1.770430235180273830e-03,3.419357886638141851e-03,3.958427104383300003e-04,2.355851311464994102e-04,1.413941676671367316e-03,2.975670349893566190e-04
2.422143830331654427e-03,3.085377527024763498e-03,9.705872462011626159e-04,3.386465079887115114e-03,5.711650702575508595e-03,0.000000000000000000e+00,5.831244097513059443e-03,5.895804832991892626e-03,9.430102201323556886e-04,1.462100970068086828e-02,1.707584188944502894e-03,2.283684709494078740e-03,6.018771926159865397e-04,1.433802254409431319e-03,1.506918315816385516e-03,3.128874437127229617e-03,7.692006094320668176e-04,1.934291249720329739e-04,3.186443228172455714e-04,1.620187740664808928e-03,2.264756214303408934e-03,3.592105707696819934e-03,1.026397752182541369e-03,1.895791047781221277e-04,2.379109505700978833e-03,7.838108947571559727e-04,3.092403529899241427e-04,1.809202418833080403e-03,6.242015446487169349e-03,1.688174857957318656e-03,2.214662407473178083e-03,4.227780675904452626e-03,8.764873885013214037e-04,5.609827805991185641e-04,1.333076263698750432e-03,3.682218833196643313e-04,7.371726621528785573e-04,2.268576431045185235e-03,7.616116022275990979e-04,9.726733998541589685e-04,9.506824347536205850e-04,1.543240553644810529e-03,7.990175969852188111e-04,2.259864741740978851e-03,4.704206530595238158e-04,9.586645713850204835e-04,1.501332281938315004e-04,3.994400844522539304e-04,1.347357066996429003e-03,1.270393685960900798e-03,8.648594616629126999e-04,7.016260976537800351e-04,1.044907121305538398e-03,1.224164506593359517e-03,3.990960033599590118e-03,8.050957256673438442e-04,1.032595662218072346e-03,4.322621002610916273e-04,3.615724896108337013e-04,3.820115870638744813e-04,5.680554159413961617e-04,1.929156518086479763e-03,6.738936290386156368e-04,5.688106720746357410e-04,1.491686023978629888e-04,6.501602850240454853e-04,3.514350111997583369e-03,6.845704647041709907e-04,2.926807619358788234e-03,1.733070121804128057e-04,7.722221417782800142e-04
8.263035389555176049e-04,4.788469145899835674e-03,1.960154969150875413e-03,7.567710408743809694e-03,2.786757905319624772e-03,5.831244097513059443e-03,0.000000000000000000e+00,5.449431976709383750e-03,2.281441226759592811e-03,4.414573840002948904e-03,3.197905179415824663e-03,1.504177020952875924e-03,1.015611725909872391e-03,3.278593657521469348e-03,2.255058313827216707e-03,2.501181969695047674e-03,7.822504884078161028e-04,7.994949856128322208e-04,5.141777087766828680e-03,2.629893051667389452e-03,3.381219275166923513e-03,9.451640280621426355e-04,1.198654405307983959e-03,1.652650887222128747e-03,2.920917683782561260e-03,3.672515211910919262e-03,6.370762693690212343e-03,3.012653974707757984e-04,1.419426733896120849e-03,7.771870070692215486e-04,1.261024004406229851e-03,2.360958033835761256e-03,5.920678707675284440e-04,2.003261976323029905e-03,3.357635186757169064e-03,8.883966218742412940e-04,1.555535956201691645e-03,1.100780104123701402e-03,1.216602328154753592e-03,2.365561405909336599e-04,6.755269255292686457e-04,1.114600309674890211e-03,3.332146478303299117e-03,2.084386645579111412e-04,8.524082986582897509e-04,9.332820990833568756e-04,1.381922885804027731e-04,2.783136073649973563e-04,2.136754473945549730e-04,2.655567388770092353e-04,1.612833487749203154e-03,6.328330128332363899e-04,4.497335697888027949e-04,9.344748947722069819e-04,1.718682201805150304e-03,7.522927269144867200e-04,1.521078738951291793e-04,7.998890086196299917e-04,4.993264873242476021e-04,3.889176062771146293e-04,4.246049812081116441e-04,4.944870585754241850e-04,1.389029058692246551e-03,1.917627378911979845e-04,9.384069544993879760e-04,1.872235622000437139e-03,6.003175497567383480e-04,7.610990410153843384e-04,7.100055110633397490e-04,4.526508298623567114e-03,7.581196995430778936e-04
3.495857356397876056e-04,1.347570211196336002e-03,7.336333674918366857e-04,6.371202868928898741e-03,7.434765589721612986e-03,5.895804832991892626e-03,5.449431976709383750e-03,0.000000000000000000e+00,4.297969650912765102e-03,1.758166873476716546e-02,5.513811767638461883e-03,1.369295862913125694e-03,2.441338251285148000e-03,7.867956680908042141e-04,7.258183194795935324e-04,1.361036414462405732e-03,4.023469927665099255e-03,9.484107589446968099e-04,3.856160348286572295e-03,2.463185182713898812e-03,6.113633749043011906e-03,1.785134848896257178e-03,7.979495284321902037e-04,2.381274922405491462e-03,8.051087294128177066e-04,3.890127433604875264e-04,3.361210596876642513e-04,8.564928873624523282e-04,8.988484086787882363e-04,1.308060541143056575e-03,1.675554972555796528e-04,1.205838932335075555e-03,1.439153222316875069e-03,3.599280398648615478e-04,2.551945268326003685e-03,3.271365872525416971e-03,6.256136083511542982e-04,1.425097361523963930e-03,4.379171196049517177e-03,1.364316842245824916e-03,1.517080122822062928e-03,3.432286180958384015e-04,1.741633932579785557e-03,5.434171434941496457e-04,7.847192723187338802e-04,9.329829952591365584e-04,4.367105646260951036e-04,3.083676376078111508e-04,3.114151458085196084e-04,3.530962435266386964e-04,5.208225690056862050e-04,3.246743378418832145e-03,8.994767296885806821e-04,1.246330424543393850e-03,7.069744539456810153e-03,1.989777377447621200e-03,2.573420813247947157e-03,1.185278841287740539e-03,3.585549718922624390e-04,1.571308616956268618e-03,8.148331950316383505e-04,2.771211011149139324e-04,6.628945884122360629e-04,2.061490308044101373e-04,7.978875340466238175e-04,3.739921044364275709e-04,9.850677541014974531e-04,4.666954959975949278e-04,1.147821472804331317e-03,1.740273089759565312e-03,7.425984401474538784e-04
9.120493231125361387e-04,1.309000926485628501e-03,7.648149302012954929e-04,2.165212583391610320e-03,3.343204470484196101e-03,9.430102201323556886e-04,2.281441226759592811e-03,4.297969650912765102e-03,0.000000000000000000e+00,1.572799857384673053e-02,4.585919087627990734e-03,1.389697221269747991e-02,2.397839018979481748e-03,4.122800429177703174e-03,1.526373850338756145e-03,2.533383577062457443e-03,3.903619806962842567e-03,4.495889461919250012e-04,3.573886231689987585e-04,2.409554896982201138e-03,8.668983550609661495e-04,4.329997492296563250e-03,3.134565506806088163e-03,8.025072452473923194e-04,2.025932285594592500e-03,8.550100177220789190e-04,2.460924119208176067e-04,6.197799515400122467e-04,1.546121085737495789e-03,4.224573884929387277e-03,2.197441891026006514e-03,9.942857095256150447e-04,3.119852700242488667e-04,3.028228934706581228e-03,2.141144968672447149e-03,5.602301237580711683e-04,1.926864819842605617e-03,7.664877906726009008e-03,1.109612461009795064e-03,2.440861360721515057e-04,7.263599452711309986e-04,4.322791417740777064e-04,2.255763885805177945e-03,1.088416157203803830e-03,9.362705074354245229e-04,5.542681572887721893e-04,1.477110997139899958e-03,5.580014721247328899e-04,4.124229765765675135e-04,7.658774532203942512e-04,1.681747224852527586e-03,1.083100609914957550e-03,1.195763843871653406e-03,7.315111326240521586e-04,3.749748590293660970e-03,2.870580655261978972e-03,1.130483313801640540e-03,1.386118285670877130e-03,8.764224504643425501e-04,5.487803343208186562e-04,1.213048334617800039e-03,1.171945422554332428e-03,1.366771804754216739e-03,1.514014134704130170e-03,1.412326123332160663e-03,1.036969285098444417e-03,3.085692558551484700e-03,4.422465160535660710e-04,3.141425975200185135e-03,1.479263764889139415e-03,2.464714581870964833e-03
4.172370217313619255e-03,9.119019314954745136e-04,2.384604139754629981e-03,2.994045231158885302e-03,4.433084488240136151e-03,1.462100970068086828e-02,4.414573840002948904e-03,1.758166873476716546e-02,1.572799857384673053e-02,0.000000000000000000e+00,2.949364180227183763e-03,2.066231347061380473e-03,6.208217946981757149e-03,5.270089449185487787e-03,6.534243947511128928e-03,2.864908848658701251e-03,3.590213905374390561e-03,3.241421188675382582e-03,6.971353803276219207e-04,1.311696000607617688e-03,3.662234580882311324e-04,1.740361297008585859e-03,3.162412334397100584e-03,9.745287559227601556e-04,5.128531489762427637e-04,8.837881594354505621e-04,6.713087026154869680e-04,3.626219189390175821e-04,3.461882192505533976e-03,4.796605888582437132e-04,2.309009314437292931e-03,4.968929486129581219e-04,1.915837330873462838e-03,3.622738827001697071e-03,2.922987020540833945e-03,4.021002768410849573e-04,4.551577370645576415e-04,1.766872091513508420e-03,8.149783336390630482e-04,2.979313663674032974e-04,7.567509406933215681e-04,6.494089092752963061e-04,2.057901488785944771e-04,8.583825930778939605e-04,4.035936259580067244e-04,1.846011323652158509e-04,6.077865001308781429e-04,1.959102640889329779e-03,4.356121193681102748e-04,2.760391653070142838e-04,1.818571233102920484e-04,8.747972710257110630e-04,1.291637482936353878e-03,1.617670917804209024e-03,4.341494130675087500e-03,1.065340895021323888e-03,1.372603030084420649e-03,1.288903020570294914e-03,3.146165081252630955e-04,3.816610104480560391e-04,6.443816725011481620e-04,7.245358839231992847e-04,1.827238950815403967e-03,2.370237609049695524e-03,4.592485125651697155e-04,1.965702736557069837e-03,2.440865275898474167e-03,1.344875709652489917e-03,4.506669125232147717e-04,8.178038878657380465e-04,3.193876964852514406e-04
5.509683084586466332e-04,8.801107322892062984e-04,4.150268899539533390e-04,8.739205499725249135e-04,1.711894058191769158e-03,1.707584188944502894e-03,3.197905179415824663e-03,5.513811767638461883e-03,4.585919087627990734e-03,2.949364180227183763e-03,0.000000000000000000e+00,4.526408148154530305e-03,4.912666263207386003e-03,5.950529674042671913e-03,3.083166227240536749e-03,4.070759559133289331e-03,3.962702672061363396e-03,1.747018452224820446e-03,1.549172985918128307e-03,1.911216075824190763e-03,5.791052622605652673e-04,7.543236338880343964e-03,5.063356346600216169e-03,1.017296403180035363e-03,2.628362697203226548e-03,9.390538407036502734e-04,2.713261877059850434e-04,1.566150846535470343e-04,4.664717870570516366e-03,5.453215030847894523e-03,1.424430131965295429e-03,8.061047389734190020e-04,4.041010689006514865e-04,3.763592179869194691e-03,1.617146652202548773e-03,3.965682542939541412e-04,1.758695464273409437e-03,3.111487304197453705e-03,1.388174175715057570e-03,6.608082297040813102e-04,1.208909405990550405e-03,9.900739206215758859e-04,6.522944001111938370e-04,2.788957565119862692e-03,1.312305881270147074e-03,3.139930856177320425e-03,4.219001653579284444e-03,4.604054428345554233e-04,1.010797143747684890e-03,1.051933990887331510e-03,8.939354761124813616e-04,9.795017089665235353e-04,1.109793673184750976e-03,4.583448441850986846e-04,1.942797081182619668e-03,2.171241011406531505e-03,3.450191743679389359e-04,1.147130615495341871e-03,1.692386383223024862e-03,1.051614638716158717e-03,5.014260598765593081e-03,8.725012507864113049e-04,1.988679605865751373e-03,4.551661844973292972e-03,3.935955027722087309e-03,1.287880666014151959e-03,7.844372816341461940e-03,4.135530411634916583e-04,2.219757196226387723e-03,1.222820407127774966e-03,9.522972569584628151e-04
2.501726289312397730e-04,1.961171739664708657e-03,1.529456119045881227e-03,5.471122735440536082e-04,3.001561110181492215e-03,2.283684709494078740e-03,1.504177020952875924e-03,1.369295862913125694e-03,1.389697221269747991e-02,2.066231347061380473e-03,4.526408148154530305e-03,0.000000000000000000e+00,1.289521150648534733e-03,1.102273591477718334e-03,6.744696710559873638e-03,2.658399293669100414e-03,1.707569203884080900e-02,1.107410678168914420e-02,8.942428472594002873e-04,4.932007459875493993e-03,9.818236374620097680e-04,4.395803622786392979e-03,2.226542281208197978e-03,1.126051487282529956e-03,3.968881244304829463e-03,3.142600989372261802e-03,1.838949202111386967e-03,1.420882203175137352e-03,7.756843653550907214e-03,7.595430231822164566e-04,5.440137872492787708e-04,1.172180346360334824e-03,1.872632417119814109e-03,5.188073994314903060e-04,1.065043692719906069e-03,4.158061202042304116e-03,2.273518271745296384e-03,1.392143470594599513e-03,5.055448840208595120e-03,2.161126015799384455e-04,6.481787018319236458e-04,1.595105718108174361e-03,3.421682055562676530e-03,5.363501184636236757e-04,2.891041960334168100e-03,3.601405119739811179e-03,1.092868353414290982e-03,3.135377071496517321e-04,2.742370582689662413e-04,1.660296724014595580e-03,2.592025403908037630e-03,1.078268929803320340e-03,9.701889087818716707e-04,1.363074248122090942e-03,1.833136879094844846e-03,1.297530814820841956e-03,1.399598165420836912e-03,3.299855818410985658e-03,1.150987493461720938e-03,5.072134662241609051e-04,3.211186895051061901e-03,4.440373335291678165e-03,3.152145591455348533e-03,7.350593919757577276e-03,4.777786225956480101e-03,1.156754297516593248e-03,1.741778913495748565e-02,4.844491123119104570e-03,2.250138218515229617e-04,4.637531258644919142e-03,8.902668206338361844e-04
4.539248339165930868e-04,2.757143387540438636e-03,3.262886069186940463e-03,1.545561607312284592e-04,4.405004915426534505e-04,6.018771926159865397e-04,1.015611725909872391e-03,2.441338251285148000e-03,2.397839018979481748e-03,6.208217946981757149e-03,4.912666263207386003e-03,1.289521150648534733e-03,0.000000000000000000e+00,4.794712266489652847e-03,4.866445911860126095e-03,1.631000438245971268e-02,6.968842400218953903e-02,1.040968917831619142e-02,6.219046013403105007e-04,7.982116170466256599e-03,4.106610112237503267e-03,1.442961679667958833e-03,9.833189881271275998e-04,2.026868795852745497e-03,3.380978518133123407e-03,6.780657152109857526e-03,1.530262082697191875e-03,2.212768584863919333e-04,4.027622244400180448e-03,3.307723396558785202e-03,4.152250979231395097e-04,1.695493847459036605e-04,3.276695507484104694e-03,7.599589467443259791e-04,5.542990807152374045e-04,7.008480331860149695e-03,3.625604000790006234e-03,1.623428938848762082e-03,3.950333919158836166e-03,9.152081462006124175e-04,3.983512140415188516e-04,1.481798573463036922e-03,2.286693128227082396e-03,4.701927154834800531e-04,8.526537481133113000e-04,2.371725664649999409e-03,6.971375465346089277e-04,2.167161305343400001e-04,7.238265403007822013e-04,4.340264676953977177e-04,7.814597969893112171e-04,4.675261566274279963e-04,7.813670986947419831e-04,1.091746447904398242e-03,2.526373230656118931e-03,1.490722678314486708e-03,3.794950620746598497e-04,9.149972886420088079e-04,8.774869767147504404e-04,1.799926149053069670e-03,1.547900141061189262e-03,3.109806881582387068e-04,1.776205930349775673e-04,4.327997159259963818e-03,3.407814138636928655e-03,6.677450644595605981e-04,4.929324342311683892e-03,1.400506499671437186e-03,9.944277846605990671e-04,8.221383330648603409e-04,2.068341280239147442e-04
5.136380979151280090e-04,1.812905360045409140e-03,1.339912917607316697e-03,2.806040359749045862e-04,4.022091340920518044e-04,1.433802254409431319e-03,3.278593657521469348e-03,7.867956680908042141e-04,4.122800429177703174e-03,5.270089449185487787e-03,5.950529674042671913e-03,1.102273591477718334e-03,4.794712266489652847e-03,0.000000000000000000e+00,2.438498558746984759e-03,2.743321641104912601e-03,8.986493027053470140e-02,5.555826068667268219e-02,1.146696567875884164e-02,1.499419821969509743e-02,1.255937696534606407e-03,5.291476232165443806e-03,2.609653896436166590e-03,8.386778197929968537e-03,1.663567354760033543e-03,1.191409661737641464e-02,5.124285035770879439e-03,8.097950063241205702e-04,1.311260189526925087e-02,2.468793917452928675e-03,2.973643073521527614e-03,2.999240584843975246e-04,1.431752321608761869e-03,1.277759382640825765e-03,1.689395609337910643e-03,7.366310556918330942e-03,1.916885202912323345e-03,1.461619772167887946e-03,3.223761795845131450e-03,8.869724474416760271e-04,6.758401429312266761e-04,4.397997787663941401e-04,8.656934227386373429e-03,3.554902883686204048e-03,1.018709298776342012e-03,2.891141358596951896e-03,1.677076227469276055e-03,1.025444143973358417e-02,5.267814662876460106e-04,7.279307862473954720e-03,2.656605854733947499e-03,5.004725917342869868e-03,3.959233039017728654e-03,3.883118174771407380e-04,6.812197825754083905e-03,1.823185245795753712e-03,1.645409933172118375e-03,1.732422348189349270e-03,7.294007712154136364e-04,1.012182113560435720e-03,1.467950897369159867e-03,1.604015559767222460e-03,1.329932122656881212e-03,4.467694754048997206e-03,1.932745633055245197e-03,1.570095540316198985e-03,1.214959468885739961e-02,3.892652006563372159e-03,3.390977505220551039e-03,2.089024950511404397e-02,1.630865671548281833e-03
1.263173296382144606e-04,1.598014543888808751e-04,9.104835051793099682e-04,8.206521564065070518e-04,2.788314668341895352e-03,1.506918315816385516e-03,2.255058313827216707e-03,7.258183194795935324e-04,1.526373850338756145e-03,6.534243947511128928e-03,3.083166227240536749e-03,6.744696710559873638e-03,4.866445911860126095e-03,2.438498558746984759e-03,0.000000000000000000e+00,3.655867672540701052e-02,1.193230285897104170e-01,2.772373483085642954e-03,1.780106139913486055e-02,2.029769085525811537e-03,2.974580220454996812e-03,9.421504401419457820e-04,1.720264968154871371e-02,5.401345848345480774e-03,5.951933755403220408e-03,1.096307233381659191e-03,3.712818454629339057e-03,2.365126651052330429e-04,4.627423952771982270e-03,2.492308278757547364e-03,1.967330607225547395e-03,3.869804547519338587e-03,5.654485435575744637e-03,4.733976629952428745e-03,4.200375694552763400e-04,1.162571695327843310e-02,4.976136409330850392e-03,1.508257811345536806e-03,5.178670327971087589e-03,4.525025420149234208e-03,1.025481207364802591e-03,2.325559082919224810e-04,4.224358645436921030e-03,4.967851531803924373e-04,3.993891994872766265e-04,1.191868541182132101e-03,1.410688573202090830e-03,7.203538002765746615e-03,2.149501557636820243e-03,4.823899082403532330e-03,7.523031612182453070e-04,1.581166842170339927e-03,6.764690389607908288e-04,9.166340547722475482e-04,8.663670013061241376e-03,2.308326833112536725e-03,2.334694006735877052e-03,1.525328281891213120e-03,2.001432789303725281e-03,4.903150990147190150e-03,1.983729105216229874e-03,2.416139054644378739e-03,2.911901266959609092e-03,9.325322291626579260e-03,6.419555911478244843e-03,3.251673818119154517e-03,2.233094066177175856e-03,2.776459411651501733e-03,8.795003022689259348e-03,2.063126133496442569e-02,6.783784332504891844e-03
7.473859742311763504e-04,1.583587604713875344e-03,2.904771242555120522e-04,9.242837971256592355e-04,4.553607452090128668e-03,3.128874437127229617e-03,2.501181969695047674e-03,1.361036414462405732e-03,2.533383577062457443e-03,2.864908848658701251e-03,4.070759559133289331e-03,2.658399293669100414e-03,1.631000438245971268e-02,2.743321641104912601e-03,3.655867672540701052e-02,0.000000000000000000e+00,1.141770644104520352e-02,2.114712269721043258e-02,5.746847313587264902e-03,4.466601768414217404e-03,5.335933955261144661e-03,1.081831342509806870e-03,1.452856599903980424e-02,1.150151076721276505e-02,1.142922713805549773e-02,6.593196037693979834e-03,2.147192123213298096e-03,8.189384036025024183e-03,7.387144204785369870e-04,2.116600105456874139e-04,6.389333710827245667e-03,2.651125704602307759e-03,1.463380029011273654e-03,3.612918086943128705e-04,6.945110777434754809e-04,2.628622718997057801e-03,9.007691463392432894e-04,8.152700226468177899e-04,2.497624633883659042e-03,6.524546309643661614e-04,9.231758776714777412e-04,4.408648249467065315e-03,8.468454153497761636e-03,1.567478135434144772e-03,6.265678255183857121e-04,2.359164416161755630e-03,2.390230282285261271e-03,4.605386618113385504e-03,7.783166521262048498e-04,7.882886079519932712e-03,2.890331504799710169e-03,4.845341262662729428e-04,2.330824427787735794e-03,6.484091593926776236e-04,1.798453125601726706e-03,2.836911478787532744e-04,2.119873640241116779e-04,2.798268876820189828e-04,3.765114907384831296e-03,2.677504061268843986e-03,2.049019926850318297e-03,1.761464956771014107e-03,1.523321589065580826e-03,2.526951058295089612e-03,1.486093321936696882e-03,2.895384839714683183e-03,9.319061461647626171e-04,2.687485130416523808e-03,3.665898666299797354e-03,2.975121372055083199e-03,9.013078834931947904e-04
2.394457704000269710e-04,3.965027781002581275e-04,7.936475031457570183e-04,1.001351211313984690e-03,8.634571018997474123e-04,7.692006094320668176e-04,7.822504884078161028e-04,4.023469927665099255e-03,3.903619806962842567e-03,3.590213905374390561e-03,3.962702672061363396e-03,1.707569203884080900e-02,6.968842400218953903e-02,8.986493027053470140e-02,1.193230285897104170e-01,1.141770644104520352e-02,0.000000000000000000e+00,9.007985894997889639e-03,2.365478882130920071e-02,1.088438995704429750e-02,4.970208124856339074e-03,9.647940186505117588e-03,5.442390327001164069e-03,6.065089298476430274e-03,3.289539546601931864e-03,1.290688077317050410e-02,1.049653134265118339e-02,3.850754622719740859e-03,7.386591540846247639e-03,5.243293455810493081e-03,2.057324262275033420e-03,4.309747846695515840e-03,3.754526437315692557e-03,7.532769958237663186e-04,5.102666969468333579e-04,3.536146777157699842e-04,9.925251603614920586e-04,8.673074020561996351e-04,3.438264638758411085e-03,1.026809634289065987e-03,5.576944061421015755e-04,5.785100993627120304e-04,1.105469375170229675e-02,2.266944590406902091e-03,2.718296860292602167e-03,2.629293839463079339e-03,1.518517342785030222e-03,4.668344858248471910e-03,8.366943700333887186e-04,1.174855928957434237e-02,1.370479742100786822e-03,1.681480030706828310e-03,1.102141223131826095e-02,5.363682955924280529e-03,1.088937043885897845e-03,9.450272937141326358e-04,1.340624745064973805e-03,7.345740692400380646e-04,6.157873581757229318e-04,4.564902541200666769e-03,5.016063069563992012e-03,1.350174528591642671e-03,5.142488408550266281e-03,1.469557027565007159e-03,1.182621160134116490e-03,6.845200417209246387e-03,4.317178492260402220e-03,2.961391480288542728e-03,1.234106945855905843e-02,3.112282985381926992e-02,4.485942039433081507e-03
2.513172201276004801e-04,5.301528468353188710e-04,3.359415035978555565e-04,6.895069242804441681e-04,1.210692531815287963e-03,1.934291249720329739e-04,7.994949856128322208e-04,9.484107589446968099e-04,4.495889461919250012e-04,3.241421188675382582e-03,1.747018452224820446e-03,1.107410678168914420e-02,1.040968917831619142e-02,5.555826068667268219e-02,2.772373483085642954e-03,2.114712269721043258e-02,9.007985894997889639e-03,0.000000000000000000e+00,9.718647733760023624e-03,9.623773497689416118e-03,1.929698976480239553e-02,1.132598833450284420e-02,6.395069229605509706e-03,1.407388931280762097e-02,5.016477640315346841e-03,3.845231272394146471e-03,4.561681635802416514e-03,6.781453865571681824e-03,1.559326701196324513e-03,4.545877917565400647e-03,8.195119762295218976e-04,4.047391146000369790e-03,2.029942338885325909e-03,6.041334399525876775e-04,7.946900107019817501e-04,1.947922556759687550e-03,3.604058745208505842e-03,2.860585843258943699e-03,4.863370031447756072e-04,4.636447350990413954e-03,4.628461173430420579e-03,6.485674316639723205e-04,2.796419518632705433e-03,2.554810176736924815e-03,4.978611781991484561e-03,1.428480874482459953e-03,3.298460246796306502e-03,2.399673744166075720e-03,1.407321937136220627e-03,8.394084480789433880e-03,1.237036136578079310e-03,1.035560910223255098e-03,3.310831219776060388e-03,2.458432911216986176e-04,9.858293661199174149e-03,9.487917213295907204e-04,6.916486013878168264e-04,1.150763724451549707e-03,5.127061108935340381e-03,2.793718210343834954e-03,1.167123021614613907e-03,3.198832708033986019e-03,8.962641583185219224e-03,2.311940864424590677e-03,5.019026957286090024e-03,8.316044408882986363e-03,5.017333021753851881e-03,8.261785509948767897e-03,1.477800757666110007e-03,5.330324415197249845e-03,7.291973926144428714e-03
5.632741051737168506e-04,5.371104320701842495e-04,1.268526849447638169e-03,1.728932638520074352e-03,1.251009606795186122e-03,3.186443228172455714e-04,5.141777087766828680e-03,3.856160348286572295e-03,3.573886231689987585e-04,6.971353803276219207e-04,1.549172985918128307e-03,8.942428472594002873e-04,6.219046013403105007e-04,1.146696567875884164e-02,1.780106139913486055e-02,5.746847313587264902e-03,2.365478882130920071e-02,9.718647733760023624e-03,0.000000000000000000e+00,6.235751168775383740e-02,4.999973275958126406e-02,8.803613688733920653e-03,1.694842033120323027e-02,5.560328351792397095e-03,2.638273382983977872e-02,9.935851524882223507e-03,5.027425113751680247e-03,2.853082615113126507e-03,1.579781805796460960e-03,7.179052645913079969e-03,2.218329144859759391e-03,3.763731893265402271e-04,7.066212848436783170e-04,7.941679305134692569e-04,3.261339239314945716e-03,1.766355213621381487e-03,5.011031081229144063e-03,1.812482502623280044e-03,3.118024356694871612e-04,9.316880839335820504e-04,1.185255084251868362e-03,3.699158624295320434e-04,4.397113026001055712e-03,1.126854319897251534e-03,1.236721342326824310e-03,5.896426984275984252e-03,6.476636854188501206e-03,3.986280334951027341e-04,1.634564582521046616e-03,7.621639764120409673e-03,1.243994479761354561e-03,3.159756095277827621e-04,9.024327808103459539e-03,2.699852327335807312e-03,1.195976663726177171e-03,1.681841256524003320e-03,3.644154621317321195e-04,2.929406314878015547e-04,3.284402261326810086e-03,7.478417454948023922e-03,3.430441171686032797e-03,2.247419847888843664e-02,1.657823674639302691e-02,2.933965477634428026e-02,3.874699100433662367e-03,6.998688319835385044e-03,3.986337652324200426e-02,7.074264582432531270e-03,5.930110741271685248e-03,2.282585482797110620e-03,6.855992127954062265e-03
5.137289763648579663e-04,1.068310892252092789e-03,1.751425944657407775e-04,1.524597583679537143e-03,7.813520250483497022e-04,1.620187740664808928e-03,2.629893051667389452e-03,2.463185182713898812e-03,2.409554896982201138e-03,1.311696000607617688e-03,1.911216075824190763e-03,4.932007459875493993e-03,7.982116170466256599e-03,1.499419821969509743e-02,2.029769085525811537e-03,4.466601768414217404e-03,1.088438995704429750e-02,9.623773497689416118e-03,6.235751168775383740e-02,0.000000000000000000e+00,4.722441818481212805e-02,4.740897972261237658e-02,2.338215916345141518e-02,1.618816404833877884e-02,3.300648414804217834e-02,2.845027680176274651e-02,8.087069691897605730e-03,6.739150213264894634e-03,1.499511530373927749e-03,7.539135899682775956e-03,2.584440904187676035e-03,2.991074801244180629e-03,6.844455733964960797e-04,5.088751381048541543e-03,5.988861676190537428e-03,3.859405509463716653e-03,1.460833045045147917e-02,1.732279020400678089e-03,4.386522507032772876e-03,4.894054480134392426e-03,3.926987886099918973e-03,9.019946504957509006e-03,4.949374188926626171e-04,3.430342113961792980e-03,4.085421347821654829e-03,1.390568853028204335e-02,2.772097790324516611e-03,8.428344849571887606e-04,1.216333891762600827e-03,8.335106790910684280e-03,2.541892480887232401e-03,2.808368740026653560e-03,2.258321070416763332e-03,9.398386577051845003e-04,7.688824159980357439e-03,4.059259669448731650e-03,2.474427345604971254e-03,1.250876651653432545e-03,1.807369842818217420e-03,5.552022588584508596e-03,1.628220656514291209e-02,1.161532739461114579e-02,1.179892476346290284e-02,2.461945521080919491e-02,5.361758845534934925e-03,1.043094868109070705e-02,2.392487720135779913e-02,7.863627128127709601e-03,8.833727632938803351e-03,1.625612912520852868e-02,1.908482922025879838e-02
7.996430081616055612e-04,1.784079787604525428e-04,5.327813432207006332e-04,4.546468749183135358e-04,3.291923332927626533e-04,2.264756214303408934e-03,3.381219275166923513e-03,6.113633749043011906e-03,8.668983550609661495e-04,3.662234580882311324e-04,5.791052622605652673e-04,9.818236374620097680e-04,4.106610112237503267e-03,1.255937696534606407e-03,2.974580220454996812e-03,5.335933955261144661e-03,4.970208124856339074e-03,1.929698976480239553e-02,4.999973275958126406e-02,4.722441818481212805e-02,0.000000000000000000e+00,3.463755566050327750e-02,2.567273626209899337e-02,3.326740265618001458e-02,9.133044745296656219e-02,2.048838728711721915e-02,2.034917969768846452e-02,5.564389603514182520e-02,1.162599355311161320e-02,5.138462913260934649e-03,4.577028224144513192e-03,1.290813605242454492e-03,9.056349884595540044e-04,3.160940429890451032e-03,8.809212059102557559e-04,1.085142345250102256e-03,7.342625291125461605e-03,8.887293862943892661e-04,8.680316973846538553e-03,1.728633085679599302e-03,5.591177650407216058e-03,1.509371587799805681e-02,3.567521524203712702e-03,4.394482486680615849e-03,1.243620361648449871e-03,1.379408847292569636e-02,1.568153502639146879e-02,6.415409655895440780e-03,3.812352355990699347e-04,3.691506334889642707e-03,1.309636403442179103e-02,2.351764433376297200e-03,1.475832839374621730e-03,1.749500046065350506e-03,6.326195292892208485e-03,2.839473601907277836e-03,2.817324453194607016e-04,2.022479071501892284e-03,1.451853645585005287e-03,9.163680984828181247e-03,8.572588404508601004e-03,8.143321055369899877e-03,2.128223646960888601e-02,1.148844913851214920e-02,1.680344779319830131e-02,1.426815736379627615e-02,7.247104005694780457e-03,2.136488675710439614e-02,1.229624213351936460e-02,3.764036817798836754e-02,8.718369654499352403e-03
1.512736537426488280e-04,4.307550715693505487e-04,5.118930990830517945e-04,2.108187794161988857e-03,1.496100702627415659e-03,3.592105707696819934e-03,9.451640280621426355e-04,1.785134848896257178e-03,4.329997492296563250e-03,1.740361297008585859e-03,7.543236338880343964e-03,4.395803622786392979e-03,1.442961679667958833e-03,5.291476232165443806e-03,9.421504401419457820e-04,1.081831342509806870e-03,9.647940186505117588e-03,1.132598833450284420e-02,8.803613688733920653e-03,4.740897972261237658e-02,3.463755566050327750e-02,0.000000000000000000e+00,1.642915930273297978e-02,1.346232161361749502e-01,4.592184985514176365e-02,2.996378485959336896e-02,1.388526679185111967e-02,3.249457241389035883e-02,7.943226166071352262e-03,1.040248506562408380e-02,1.636235618862426702e-02,2.729106657991810236e-02,6.897022705019071817e-03,1.232840523420913360e-02,5.496942443135073228e-03,8.663445450812273449e-04,1.555180891782158292e-03,8.611476933445393750e-03,1.311386892709783154e-02,5.673542951482187478e-03,5.134649221130274492e-03,8.038793573876564999e-03,1.545250377305900898e-03,9.432231295423854772e-03,2.258031802320308468e-03,7.467387261833304847e-03,5.488224615666619996e-03,2.653684717665811665e-03,4.049018576401052470e-03,1.037472680426293654e-03,5.218690118707242608e-03,6.684763696790683128e-03,3.034201399099315487e-03,1.425817027594375626e-02,6.011855977929261852e-03,2.240784670972393970e-03,9.363227121276842743e-03,1.320040668980607124e-02,8.317693401522439564e-03,4.849639782810770405e-03,1.477236874421219807e-02,1.038539725362661731e-02,1.380618746004395533e-02,1.213325920643090056e-02,7.287840263719242914e-03,8.049365819657648344e-03,8.004837888714224498e-03,2.012920768640202515e-02,1.162003499585836236e-02,2.150333674891470245e-02,2.616369291476166453e-02
