0.000000000000000000e+00,2.315400041300950604e-02,7.125305551645358393e-02,5.361382771843837582e-03,2.787192493157363352e-02,1.805994421166468673e-03,6.060338492356199397e-03,6.206496184914992754e-03,4.463546524547350527e-03,1.032621401136959993e-02,7.832840654009302211e-03,4.290267279928109551e-02,5.202106440641753732e-02,2.681301810296599433e-02,6.000950859919462754e-02,4.377712601952164773e-02,6.820840365881666867e-02,2.973582151162003362e-02,2.857114285831217210e-02,1.218777584896503507e-03,1.282091130304756875e-02,1.321302150610799420e-02,4.901840347164582862e-03,8.219307801215771161e-03,9.240127855438490332e-04,4.353649946952932101e-03,3.848039262798354839e-03,8.944054283498134583e-03,1.507952210766551468e-03,5.619553956833068728e-03,1.711364117926099599e-03,1.154813240595167247e-02,2.034824867935051962e-02,6.495041676061524480e-03,6.533114621072206273e-03,1.960482703126098080e-03,5.821166163080720816e-03,2.094626652070654023e-03,2.977207086688325732e-03,5.316199086110235880e-03,3.615657132234910073e-03,9.235635586418723328e-03,3.123919900390088183e-03,6.677865504211796290e-03,5.331473209485344637e-03,3.542951473353310021e-03,6.681629475911343881e-03,2.257625811274130857e-03,3.024098092701352474e-03,5.411925658588687647e-03,2.008735048510007851e-03,2.786820405337423531e-03,3.651461251250490841e-03,1.063193348178227823e-03,1.286104285043994421e-03,9.847678903731017439e-04,2.410432146560253629e-03,2.141051382936255774e-03,2.974277424278800892e-03,2.240970320778239589e-03,8.573154881184152920e-03,2.964410726339771537e-03,1.062387596874839191e-02,1.881743728195112847e-02,1.884420391841884392e-03,1.374724614984038952e-02,6.744504086089793404e-03,2.215529874673698423e-03,4.594121720154797396e-03,2.336643764154576215e-03,1.154094922966985258e-02,1.697121310720498379e-03,4.064036655495597943e-03,6.085538283241507217e-03,2.656193856113819429e-03,4.609523377102544422e-03,1.603979695529747897e-03,1.262789342123919311e-03,8.370572793699850370e-03,1.297968445883310781e-03,2.323851903425406141e-03,1.250801643624652659e-03,3.404413219412099397e-04,1.018142238851932465e-03,2.361856236176358270e-03,2.057907514059618536e-03,1.052243839944479436e-03,7.839886374427444682e-03,5.367192744935591307e-03,5.255793523958015787e-03,1.619882959676169007e-02,7.695886701382835364e-03,2.238543598090219841e-02,4.642012596637097414e-03,6.273310112406054774e-03,6.387698587010279608e-03,5.306528030166579764e-03,9.300597518308039574e-03,1.147602807590771337e-02,3.707542946079322825e-03,7.700230786617396836e-03,3.802659482984548523e-03,5.021938767530646774e-03,2.327848482434582283e-03,2.087283831354240764e-03,1.122082862075282194e-03,6.747172483132387027e-04,4.496849235600654249e-03,1.499137759574908609e-03,2.397340823943507580e-03,7.544970467266975131e-04,2.778490658256172873e-03,2.607933743080954620e-03,3.937973227970645827e-03,3.359709836569150111e-03,2.243565967025939242e-03,2.306061021144787879e-02,2.435040700847870918e-03,2.622643787091642406e-02,4.559612597673425721e-02,1.154436333869622924e-02,1.444054716855992793e-02,4.660124283956888248e-03,8.509897740533933427e-03,5.177145012791400935e-03,2.695503504698600755e-02,5.656600799490487178e-03,4.889655627159449069e-03,5.277195978861711455e-03,1.439609817188253161e-03,7.521802096006864093e-03,3.692226530248303440e-03,6.729035304633411776e-03,4.755229995484295397e-03,1.893359816001668637e-03,5.790785855559736454e-03,6.860928156978846233e-03,4.257870075279238976e-03,1.436536448303019900e-03
2.315400041300950604e-02,0.000000000000000000e+00,1.484471333910873936e-01,9.625477663531735451e-02,1.948680504726324481e-02,3.543578302443958772e-02,1.927149661133552294e-02,1.918577676937402096e-02,5.890648919733541128e-03,2.566624093526997594e-02,5.615618069480930730e-03,1.920928717646754741e-02,4.812972250653434897e-02,1.010239616670464829e-01,5.199723541040010555e-02,4.744511580942744472e-02,3.575033169979855568e-02,2.201748633763720917e-02,1.164430885085738533e-02,1.313830958707879609e-02,4.564683175978287433e-03,2.010373394501599117e-03,1.051317311257796844e-02,6.281945278412654626e-03,2.877125153142802601e-03,3.668682882144889187e-03,3.924350218824306825e-03,3.542930600835837805e-03,3.498965554205641596e-03,7.539983876495228061e-03,8.624807209577570535e-03,5.366552938559141991e-03,1.238065181748288987e-02,8.779805316611388050e-03,2.700507488609471454e-03,8.082785067116468949e-03,4.372439249772199117e-03,1.323037171146056006e-02,1.233032951181357341e-02,1.200620342519246458e-02,4.429186063374694268e-03,4.847534528462624052e-03,3.446795996415089221e-03,5.082519386441827075e-03,1.992989219528481463e-03,3.977695313619042036e-03,2.600294457626584153e-03,5.371587355786684552e-03,1.120293995243389594e-02,5.627112046340498365e-03,1.301432118475683540e-02,1.469014922273697990e-03,5.363231692831093265e-03,1.512917690710164752e-03,1.854169019625900644e-03,4.136270623653118782e-03,6.318539814242189051e-03,1.822225205984447181e-03,6.524330243041520996e-03,4.590861684261270809e-03,1.933206351155563815e-02,1.027312512203502719e-02,1.838347858965702283e-02,2.025720738185463748e-02,6.406286425334519960e-03,2.640945153196717216e-02,2.460048558132328991e-02,1.459447316164846735e-02,2.048660035925228395e-03,1.806282852849817877e-03,3.542845451189746784e-03,6.632761921308222893e-04,1.684249467451176367e-03,2.986194925092035702e-03,1.899208473532506061e-03,3.334434463336551253e-03,1.889370184516700121e-03,5.090648345335454378e-03,3.677729853796225367e-03,5.387900847347156137e-03,9.159493189501533711e-03,3.002931922293613359e-03,1.609866687864447074e-02,3.328310058586703753e-03,2.418627575052968801e-03,5.063684657281302022e-03,1.770053868308865295e-03,9.735630204688280540e-03,1.129529880384962841e-03,8.505397864803421193e-03,1.392981433328823425e-02,1.108532222070867691e-02,1.151861520891507389e-02,9.332260004763771183e-03,4.976832097799268294e-03,4.078494420363786531e-03,7.081155065468422785e-03,3.190081714482430244e-03,7.895206665730536769e-03,7.036595543248129730e-04,1.537220369196352476e-03,4.868576103200085090e-03,1.613904296206911636e-03,8.468567522912981774e-03,5.394601357350230740e-03,8.492810731857760101e-03,3.254508135133410678e-03,1.670076250179494031e-03,5.985504916936437367e-03,4.608548749172890245e-04,8.894206294736188784e-04,4.426848836558678821e-03,3.640220662772889956e-03,3.283261498508819719e-03,1.198806576472515387e-02,6.000678436308333821e-03,7.569921516661182008e-03,2.765899403668907117e-02,2.166852781211092011e-02,1.386971763146906990e-02,9.765409710264310109e-03,9.844897951634344266e-03,4.754321503895863124e-03,4.168895018406919804e-03,1.612621064020524492e-02,8.241784646975822137e-03,2.985371448595613899e-03,1.876469710833411630e-02,9.571477030431430055e-03,7.768705261066172034e-03,6.618964890187740112e-03,3.613485633514977070e-03,6.252474219550025782e-03,3.083223406999034688e-03,3.647639859388560578e-03,6.035005186989836345e-03,2.976662858262292110e-03,2.316306579614442560e-03,4.842461021091216608e-03
7.125305551645358393e-02,1.484471333910873936e-01,0.000000000000000000e+00,4.144556496178350424e-02,3.987079852892176646e-02,1.601479424271090579e-02,3.122141575253426643e-03,1.509747363617022949e-02,3.373743204914628029e-03,2.128301603896632851e-02,7.541568774939554597e-03,1.883947880815157322e-02,5.710842158770366994e-02,8.574999179165243568e-02,8.745624292734598126e-02,5.048834459139572850e-02,7.905021656856389689e-02,2.765966812921951193e-02,3.654538933189294819e-02,1.716378685372797102e-03,1.364955904105097373e-02,1.511993007587072828e-02,2.015965515594984533e-02,5.143786703798943621e-03,7.924602370940704577e-03,3.604733906511512279e-03,3.781350786540756733e-03,8.927758687056721459e-03,2.022410516664038468e-03,5.248236282573236385e-03,5.506712480204777396e-03,2.261295587967688051e-02,1.789284821434991915e-02,9.832535856021815818e-03,1.929979950320312096e-03,6.311461963402309298e-03,1.506698301379803817e-02,3.132320343439990926e-03,4.470272889430921236e-03,1.143381561116756095e-02,8.128355450501688340e-03,2.697337235017143071e-03,9.752989267731695857e-04,2.974223910345285063e-03,7.778085204058993347e-03,2.224000839840656503e-03,2.200240698297576888e-03,4.937201306273691741e-03,5.505774777925542297e-03,1.366174122645546878e-02,7.523006477339501744e-03,4.534794808170944207e-03,1.252791974638734623e-02,1.029540857278973300e-03,3.986209332668313142e-03,3.771997213322684627e-03,6.122537491890207330e-03,4.159358897351214321e-03,1.275027352070418236e-02,8.193046934611078469e-03,9.566182868879778353e-03,1.580601792519607807e-02,9.944366382173981320e-03,1.132576689215037541e-02,9.414698334783762335e-03,2.808802751789260532e-02,1.777077855371111959e-02,1.826695020893144561e-02,8.282027386646396289e-03,2.276799655938507427e-03,2.275182821594646208e-03,8.687611934225878546e-03,1.546128802151298855e-03,5.517253190877735233e-03,2.940313020659195663e-03,6.944243130482961792e-04,1.536801717916728635e-02,5.101364698855330101e-03,7.827391745518658475e-03,6.729139450120759543e-03,7.186501840142258801e-04,4.358627388641918461e-03,7.358671532052413200e-03,7.038937391373348111e-03,8.698630589180025461e-04,4.239633530804758250e-03,2.076830949660667374e-03,9.937144221052147258e-03,7.790654683331884288e-03,2.316741639697236354e-03,1.782754080880806502e-02,5.969872468936981459e-03,4.639144958819177433e-02,8.621825960608562808e-03,1.072638789583648007e-02,1.352994748416701254e-02,6.023827226904372723e-03,1.731839643148572194e-02,6.951847558007909558e-03,2.942234356870306478e-03,5.452620962480014995e-03,3.045661154173096886e-03,5.114322889788372462e-03,1.857878560868311303e-03,2.856334755592945720e-03,1.032618727375875060e-02,2.150339225940220336e-03,9.552693948162584159e-03,1.115638429700677864e-02,8.571165830103049180e-03,2.420431309729184806e-03,7.133284509795733558e-03,1.989437891606327981e-03,6.970984270402135093e-03,2.123597571556806729e-03,8.373117508750665960e-03,4.152725638572558886e-02,1.447504358264612399e-02,3.190451109537389279e-02,5.606067560349334289e-02,1.027306402773522920e-02,3.562921110694414195e-02,5.841961477477611818e-03,2.225469283304597201e-02,1.041942604039840063e-02,1.963562377306434306e-02,6.626162778027289840e-03,2.520100703458664007e-02,5.346222844047628965e-03,2.638384294291398671e-03,2.448060307435245830e-03,5.745232660706139395e-03,2.164719014721886749e-03,1.855373006755507616e-03,1.600226123363666670e-03,3.410980577843213037e-03,8.720081516922213553e-04,1.401798646847948141e-03,9.053358154685901740e-04
5.361382771843837582e-03,9.625477663531735451e-02,4.144556496178350424e-02,0.000000000000000000e+00,5.321327857195962130e-02,5.287904614733945213e-02,6.586802471146124827e-02,2.351122811882088662e-03,1.140011982451264415e-02,6.629735682683664255e-02,1.060106730366412557e-02,1.333673072027899420e-02,2.312499390309977892e-02,7.183974499544928949e-02,5.449495743707944567e-02,2.883744942046106291e-02,1.931152509004260831e-02,1.159982993282762838e-02,1.646805942929739988e-02,1.520602158427244305e-02,2.099857049871559772e-02,8.451034799405291592e-03,1.178709108203615519e-02,1.037626844255681857e-02,5.060911331938394708e-03,9.787846518849169578e-03,7.224378526678284368e-03,2.346223941778024635e-03,1.654400101653862509e-03,4.953037178002660766e-03,3.316496508226120417e-03,1.026767841489225827e-02,1.639967885444234760e-02,2.057051471591616817e-02,1.174654011269885218e-03,3.551536640942470208e-03,5.891899793350616893e-03,7.884854911197360788e-03,1.442631690115697002e-03,5.310961354868592305e-03,5.848161363943394676e-03,8.470173541150777946e-03,5.173310754348996870e-03,1.494209410139979953e-03,8.202042290159786489e-03,1.749398967901720503e-02,3.566156641300164028e-03,5.383950838945691757e-03,1.382690637710989705e-03,5.430895839293421040e-03,7.094016225925166459e-03,1.044274308873034121e-03,2.523240779844098530e-03,1.111709089571590037e-02,2.360721040054801576e-03,4.104104045759532360e-03,1.429986362421979858e-03,1.456831675234908797e-03,1.467241415145036391e-03,2.394079656549977491e-03,4.606888919780497381e-03,7.325644754087120084e-03,1.417017254679250361e-03,2.144876225432763156e-03,1.094034017653535990e-03,4.906839698167168688e-03,2.741324849388155575e-03,2.852421076117497671e-03,9.184955290960442878e-04,1.207993738588550650e-02,4.177460582960376180e-03,4.446673740154335336e-03,1.036559101307508828e-02,2.633258387549965076e-03,3.699485179012168556e-03,3.891025587357829687e-03,1.791578365828419041e-03,7.316910895871167435e-03,3.962945560654340497e-03,8.646618388653683901e-03,1.154242595087256497e-02,3.981727627023401959e-03,2.812660557279045639e-02,1.297341585187665111e-02,2.722941535475060550e-03,8.775504494929881310e-04,3.635852328533087634e-03,2.369806546946692447e-02,8.645395961991129280e-03,1.846565626616081170e-03,6.780573395177348119e-03,9.386933160566834217e-03,1.349387140287048106e-02,1.232483067284220399e-02,7.305454940135115878e-03,4.624423041268645521e-03,5.339977186561491174e-03,6.687404674922784419e-03,1.258371285281829899e-02,2.347873055455861144e-03,1.136997532437091993e-02,9.268575222738812888e-03,9.186591325045014370e-03,1.147761046981560533e-03,1.407404928205884323e-02,2.448451614136232246e-02,6.274536918944841925e-03,7.070603680739412714e-03,3.598187139484327474e-02,2.176933626507725206e-02,3.229766093808531923e-03,4.046217576928756894e-03,4.059982018987868743e-03,2.907723139473852251e-03,4.991785839277941735e-03,5.487301415050016042e-03,2.105827518140207522e-02,9.411860646380405121e-03,4.688329032205463751e-03,1.534784718885305599e-02,8.639600188213135065e-03,3.445628216899910851e-03,5.176239244746909385e-03,6.314940756242660297e-03,1.695590049878067246e-02,1.299432127023892984e-02,1.334680739650952880e-02,2.385464958356939627e-02,7.157013280467919118e-03,2.621114433794279486e-03,1.724292811202170206e-02,8.307045367132092836e-03,6.742220832319298710e-03,2.048399711956315310e-03,4.329665209025781829e-03,1.026144550927887830e-03,2.325848463005058490e-03,1.913931963034413508e-03,2.223645653184779056e-03
2.787192493157363352e-02,1.948680504726324481e-02,3.987079852892176646e-02,5.321327857195962130e-02,0.000000000000000000e+00,3.494303843525689568e-02,3.664066272020695403e-02,1.846638510831206254e-02,1.492995258162774924e-02,1.777113037212182597e-02,1.206819483271848702e-02,6.026484352547041567e-02,8.379060132132090666e-02,8.545848086754422035e-02,7.403292580290792013e-02,3.790815904602921199e-02,3.907620118635984907e-02,2.968339430218654845e-02,1.162021174717339615e-02,1.329905191840446456e-02,7.598424792460966096e-03,8.323682414500342686e-03,6.148452671948087013e-03,8.982922184795979689e-03,1.140783681947403093e-03,1.696102101676736848e-02,7.055405080136313220e-03,1.937377030300091452e-02,1.418163511126545664e-03,9.358100468459477211e-03,8.183875765220418458e-03,1.938171128430614398e-02,1.189567601491542913e-02,1.218861985548441371e-02,3.488539069580311267e-03,3.292945639552997614e-03,3.151847334619702762e-03,1.891642357348207902e-03,4.178348073514133280e-03,1.126147861088398587e-02,9.215633299650083593e-04,9.738677192848498726e-03,9.827795221598011055e-03,3.353402634383344152e-03,1.433425488244206673e-03,1.191006986088423251e-03,4.229677878032820325e-03,1.972957065233418503e-03,3.191376504037251715e-03,5.636111948786746290e-03,3.098489449099218161e-03,2.248706795546991186e-03,1.206062217799447030e-03,7.133720523331350122e-03,5.778521317831351520e-03,1.831141188105745929e-02,3.854897462923438656e-03,2.884777161724302180e-03,8.534511728208973858e-03,5.187713295564781897e-03,1.724362274048031954e-02,2.582864218055092032e-03,1.809759471520645119e-02,1.186845352905307668e-02,2.025521933060892184e-03,1.434148197213026311e-02,1.839368112585488754e-02,8.977176232425960328e-03,1.153197401986298665e-02,9.808032832603364240e-03,4.639587625850551643e-03,1.863891231174336733e-03,5.308071735405396445e-03,1.890338738407728106e-02,7.778546877301008647e-03,2.508061838822396757e-03,5.588228198427879802e-03,1.853429849131331842e-03,2.162580806889310460e-03,8.298845608017604153e-03,1.423876254435994110e-02,3.111904454179300044e-03,1.232606196583885955e-02,7.086569285255967313e-03,2.357570232271543383e-03,2.944824876820889732e-03,9.491188268291761865e-04,1.301767425006419149e-02,3.156602735189669665e-03,7.971907585377970354e-03,1.024324659346155519e-02,6.624788881887424576e-03,3.426866855217285644e-03,1.885349360421159637e-03,1.153445927457065652e-02,4.808829935139923538e-03,1.032226427604585745e-02,7.997285698308560092e-03,7.954202636537619983e-03,3.936367749014719683e-03,7.598897478424573686e-03,4.556084070850914720e-03,1.275929093029000427e-02,1.765638022853850903e-03,1.011825911846534615e-02,2.923339638299231324e-02,2.323088530875216245e-03,3.218619650876239444e-03,2.020246236433949696e-02,1.781636641796357709e-02,1.885122326348091272e-03,1.480827201215435904e-03,3.032079678927913479e-03,1.935357061543273305e-02,1.976009551926244216e-03,2.903609454717009410e-03,1.842885978387229229e-02,7.054953523189096305e-03,1.900276315153964085e-02,2.047205127392160567e-02,6.092157046044118125e-03,6.416469259448738700e-03,9.184408886977279626e-03,9.115005564398689919e-03,2.143675485835472641e-02,1.120294013624978380e-02,4.039795504006578331e-03,1.199718092107798784e-02,5.483961762812144050e-03,7.580021624300803916e-03,2.308142715781079379e-03,2.321931775198586480e-03,6.161723496277651162e-04,2.014409669892882910e-03,8.096730103551216112e-03,3.464033358979536677e-03,1.132081659232431550e-02,1.695645031502701020e-03,8.494722841422921479e-04
1.805994421166468673e-03,3.543578302443958772e-02,1.601479424271090579e-02,5.287904614733945213e-02,3.494303843525689568e-02,0.000000000000000000e+00,9.256999279843618200e-02,2.440780247361977809e-02,6.012205364599158657e-03,3.898034167515884024e-02,1.208519769217113529e-02,3.158344354475158856e-03,2.200481495176039720e-02,6.865948866768479229e-03,8.686400224127019398e-03,2.591117100975698362e-02,1.069685107451495351e-02,2.449895989460946708e-02,1.086530004898421560e-03,1.741389099639963469e-03,1.022813760738282068e-03,7.970035770212444484e-03,2.161204673100356952e-02,9.031386715244001800e-03,3.431610032877459738e-03,8.139416582231301378e-03,5.653936549793758294e-04,8.046452031809096100e-03,1.442063385458759728e-02,5.470092073052901585e-03,5.295605257030309033e-04,1.405462149525959700e-02,4.075940617793114527e-03,1.727132455556346785e-02,1.827403510490317566e-03,6.809405803234172029e-03,4.376684605795813296e-03,8.037551600035053312e-03,1.471178287261825333e-02,2.742181282921512392e-03,1.936095453071741889e-03,1.814137205370983412e-03,7.084279221565619768e-03,5.833524166974393167e-03,1.582928634857544295e-03,5.726797057241338890e-03,5.802997125652950561e-03,3.545522110548070434e-03,6.232195330440244881e-03,1.040478855915097194e-02,3.448549229518755102e-03,5.388220605458737605e-04,7.154335575566053533e-03,1.586972835712794488e-02,1.105671904061447490e-02,2.039383099032623589e-02,6.245055960523045006e-03,2.602672252435865499e-03,1.179259508234942362e-02,1.761536925765742022e-03,9.287119713139937657e-03,3.294698365067651007e-03,3.509406868229771569e-03,2.478504268245722373e-03,7.025574043705583131e-03,1.630438348522789301e-03,3.393057368270464575e-03,1.672637623218575743e-03,3.167064764836565859e-03,5.119086484888710903e-03,9.192195721639484507e-03,4.145990079410712820e-03,2.290943702600234649e-03,1.946047826398850100e-02,5.142620625313504626e-03,1.377625262118288910e-02,1.177979613320666611e-03,4.853703504799510363e-03,6.134480956301486231e-03,7.310689773150452937e-03,1.536327932696745016e-02,2.245652093358839214e-03,2.260945645962579229e-02,2.178452635007937718e-02,2.283864584370907599e-03,9.182925550146169708e-03,1.393445685141178267e-03,9.560230839031660629e-04,2.239522541075548382e-03,4.541169913269034464e-03,4.574805314614353163e-03,3.719601903094235142e-03,5.159696665081940983e-03,5.556873751961966153e-03,2.494389298163378604e-03,2.541290459309287521e-03,3.439815997851686843e-03,4.830036703871221949e-04,1.565190903332063996e-02,8.940543100413297917e-03,5.222031537564481886e-03,1.015483510773800002e-02,1.961474705798417050e-03,1.545813406734119697e-02,1.093828833519927156e-03,1.106096624583007872e-02,6.593516938776903223e-03,1.033771254294185357e-02,2.252886716847422519e-02,1.700588515647091098e-02,7.345853641092096355e-03,1.353230435641067202e-02,1.015606103299364869e-02,1.853288813458803946e-02,1.352387888030733010e-02,5.648370871290105816e-03,5.530802599221634752e-02,9.717311407705373980e-03,1.027863412178658779e-02,4.048456274389267140e-02,1.833946711796786977e-02,6.016554572991028235e-03,6.950881296265133853e-03,1.452791098781047729e-02,2.663481117776620929e-02,1.343565596395914982e-02,6.863011840031266360e-03,5.859809491476753937e-03,9.852938727898875176e-03,1.330537078430733475e-02,2.280409398772031190e-03,3.597849407808185844e-03,3.259177720058099338e-03,7.344229471267896964e-03,1.099856090089382406e-02,2.295376402540867666e-02,5.413580361182604092e-03,7.023578835595230101e-03,7.522271216200343731e-03
6.060338492356199397e-03,1.927149661133552294e-02,3.122141575253426643e-03,6.586802471146124827e-02,3.664066272020695403e-02,9.256999279843618200e-02,0.000000000000000000e+00,6.271489200222012117e-02,1.690550934765496643e-02,1.209202497876060989e-01,6.365893029854130525e-02,4.066177296378662744e-03,9.067566693489870558e-03,1.131827758859869568e-02,7.116015739398131972e-03,2.657611575215177921e-02,1.342241574941033938e-02,7.649972596093076484e-03,2.131595064407620227e-02,2.808015917113467971e-02,3.039530385684042785e-03,9.444114682044282144e-03,1.576431660586901165e-02,4.354543474244134196e-03,3.792659151905342346e-03,4.268632836031531833e-03,1.255832958463757275e-03,6.771058094685766977e-03,2.351262489755169809e-03,1.416251855076312372e-03,2.595812897251734142e-03,7.231060547412422775e-03,5.089416462740454714e-03,6.041398252864595489e-03,4.867157502593858452e-03,1.594239591062184339e-03,2.135002262257689951e-03,5.781574795865141413e-03,4.683860064580066748e-03,6.573450069352826212e-03,5.633862035756750757e-03,6.047960791599032646e-03,3.582712006549480625e-03,6.250851886985538813e-03,4.759086167440326406e-03,1.291097970055391821e-02,1.924085739449020319e-03,8.728220604607766706e-03,3.036387301422075434e-03,4.511322265009729340e-03,7.424895124307212676e-04,1.237992292176604784e-03,2.603266802295110902e-03,1.593416904544025462e-03,7.950521021720504192e-03,1.574108306919020208e-03,3.687373029030247256e-03,6.002470485546464564e-04,3.384035449088434490e-04,5.954677247757881285e-03,3.147285207398905441e-03,2.718765135776981829e-03,6.491700785119816587e-04,2.348842525168008764e-03,1.680984364389875429e-03,4.603910631108952978e-04,2.997783519105494225e-03,9.242686001512692706e-03,4.248067156067394587e-03,1.126098812714384188e-02,1.242818951612136881e-02,4.606181451081460369e-03,1.277169447481677454e-03,1.469457142947885181e-02,3.434560590943704257e-03,4.853282666312471773e-03,3.154277347638820544e-03,5.242745496061733401e-03,1.398112538043106909e-02,2.095707557285195199e-02,1.980782567554699100e-02,4.788152222454215151e-03,3.773283234373579070e-02,2.247176673049723281e-02,6.407289516421416954e-03,4.939499296386754522e-03,2.687220745637505879e-03,7.839792676199315233e-03,6.550833511108120934e-03,5.447924248879573023e-03,1.520608053161689663e-02,8.007987096790370254e-03,1.618370892947582768e-02,1.137925864104263711e-02,5.305360234950881083e-03,9.049079346880513700e-03,7.678834610590825130e-03,3.273662910789811725e-03,3.137846629151520850e-02,6.460446403685941343e-03,7.775458247647138105e-04,3.271745528386672472e-03,7.169718473248798928e-03,2.547781279694398115e-03,6.417128964697895810e-04,5.951256035672699424e-03,4.763881990713670148e-03,5.075079794523266758e-04,7.091626410534230054e-03,3.789211047262276786e-03,7.583039603334406926e-04,1.245672537187886807e-03,2.181669135049817045e-03,2.428624833629847764e-03,1.006058849392642805e-02,1.501685116020202125e-02,3.046196728330474203e-03,1.576924846968482535e-02,1.504805469277750891e-02,7.786051022485838274e-03,1.249255240156385040e-02,4.332408852684476244e-03,5.510316166189199033e-03,1.892959783999068057e-02,3.124078137676860462e-02,5.055960804587544127e-02,2.033509979766065165e-02,3.418248185086823765e-02,1.049358782535272580e-02,6.224784322934489612e-03,2.106315282957701637e-03,2.727482493387927559e-03,8.242111472358691973e-03,1.089689100372587087e-02,9.110226929184053182e-04,1.052321862109343968e-02,6.229702202150170023e-03,3.620657781938449102e-03,1.242169566232329903e-03
6.206496184914992754e-03,1.918577676937402096e-02,1.509747363617022949e-02,2.351122811882088662e-03,1.846638510831206254e-02,2.440780247361977809e-02,6.271489200222012117e-02,0.000000000000000000e+00,8.659197793738659943e-02,8.476324533010820561e-02,2.096873485034923129e-02,1.153379425994440974e-02,4.637578439820843473e-02,5.519850351719614995e-02,8.417618009372795917e-03,1.653565223195602521e-02,1.682062234976354834e-02,1.267110255113515840e-02,5.313803519288921515e-03,2.228288845745978602e-02,8.653208923927437068e-03,4.085805035425566639e-03,1.657900703112030315e-03,4.768263431029592242e-03,9.180780068643042136e-03,1.213394480466186386e-02,1.692049780333599804e-02,1.492406304899610882e-02,2.535717335026168966e-03,9.191128509357625320e-04,2.345616585928263827e-03,3.690195746251347022e-03,6.352939214020486385e-03,2.692331061165204042e-03,3.336465558188263236e-03,3.102786529937515917e-03,6.505193300595886984e-03,6.083352583102463219e-03,8.333529552468956761e-04,7.906458216750439534e-04,5.197942748473947418e-03,1.389597221906311263e-03,2.181039419421149355e-03,1.339867119755609954e-03,5.862892243503616766e-04,3.188318074025897706e-03,4.888126430843429959e-03,3.953056301784317952e-03,1.682343826187899984e-03,1.071953986048636287e-02,3.410244340884037786e-03,1.860778046828014121e-03,3.272494718013978492e-03,2.779703175766133107e-03,3.692788250301979247e-04,1.087790384364164566e-03,4.131102177088274811e-04,3.396180293418206344e-03,1.931630512934519447e-03,2.726953438186607501e-03,8.736691787227806802e-03,3.591138163049158605e-03,1.179247720189653854e-02,8.321711566356276846e-03,5.209484563989324546e-04,2.692792891712966763e-03,1.019648450411208239e-02,4.632714288091558004e-03,2.279756404905057543e-02,1.207906371117071706e-02,9.243656580672421005e-03,1.704450165051762337e-03,4.065218331889570297e-03,1.530966605180544707e-03,6.401503594704203645e-03,5.769683102581482648e-03,1.377551104866264840e-03,2.880515128600697524e-03,3.175712776380226841e-03,1.810984188845077281e-02,9.118782835313263627e-03,3.772374165522070222e-03,5.658530160237541275e-03,6.594991674511866200e-03,1.418905861117865201e-03,1.180324879492458331e-02,2.771433053074001153e-03,4.654146572090481389e-03,3.127389789092082425e-03,3.017296229098971171e-03,3.121609795558999336e-03,2.693457433190246057e-03,1.084817978353914969e-02,8.856652246451060095e-04,3.155205663971431124e-03,2.622311431548085894e-03,1.030926224421738202e-02,7.206266378119047591e-03,1.013942558814892418e-02,5.673472744684647214e-04,6.319562459201510940e-03,1.092357884429073257e-02,3.568490153281221166e-03,3.973152701727584654e-03,1.831052928122940595e-03,4.001575861031910972e-03,5.363898262113558045e-04,1.469618548250462399e-03,4.269219972285421758e-03,6.578352268703463977e-03,4.916389382350675602e-03,2.128834551091486702e-03,2.369313006635530294e-03,1.706584909743701084e-02,2.967996778463149500e-03,2.077420869611012067e-03,1.404139509927974190e-03,1.068512336182868804e-02,3.597989819127967500e-03,2.505492880129901907e-03,1.235037320588668053e-02,1.244402829883366722e-02,3.620681847978117138e-03,8.012018678440513061e-03,2.054671724319217380e-02,1.501587943734560004e-02,1.426410328097538725e-02,1.140596980762771488e-02,2.094094392892314072e-03,6.950195833097234585e-03,3.325895104078652100e-03,2.459648377990794089e-03,1.801641582986056875e-03,2.054635275399429098e-02,3.367546175183787956e-03,3.871323176268037791e-03,1.198514214904684242e-03,1.934999944624810628e-03,1.179609493268026117e-03
4.463546524547350527e-03,5.890648919733541128e-03,3.373743204914628029e-03,1.140011982451264415e-02,1.492995258162774924e-02,6.012205364599158657e-03,1.690550934765496643e-02,8.659197793738659943e-02,0.000000000000000000e+00,3.394805353392025410e-02,1.293932490199823683e-02,6.601863176858202564e-02,3.408008037612392238e-02,5.805929624485074714e-02,2.142269671317822630e-02,2.891777236878437934e-02,1.394976699221431478e-02,7.366842885843608718e-03,1.380207942276250738e-02,5.786790480999166701e-03,2.835838308027064172e-03,2.007036708328283851e-03,2.830478710035414999e-03,1.903463805297252263e-03,7.852246617131302883e-03,2.796932430939978384e-03,3.636575198985373715e-03,3.766328185046925910e-03,8.264921991020936914e-03,9.863369294702934234e-03,1.499674854674910591e-03,2.066164999478280195e-03,3.510350017094080680e-03,2.157411045303349317e-03,3.869059561328730672e-03,7.799923975390764957e-03,8.548034983021330496e-03,3.934122253564463663e-03,1.049580449184634237e-02,4.971513994730613305e-03,3.636698155163836915e-03,8.612921760187753836e-03,1.306822337996796195e-02,8.580343582267011340e-03,3.430933493701892462e-03,2.250575577806432793e-03,1.319191851887289383e-03,2.898695524504704170e-03,6.161336986543599313e-03,2.327027456159783732e-03,1.882834729875175819e-03,4.139298209994968919e-03,2.640217163269863165e-03,3.577585854440728120e-03,1.640053688844942065e-03,1.463808126438515336e-02,1.038839954680745867e-03,6.392584157361231451e-03,9.887211976940065219e-03,3.318868142502180013e-02,1.888202017032181157e-02,2.130906972863500642e-02,7.886192152502934094e-03,2.059553047110906226e-02,1.337496674548945171e-02,3.685699158935176051e-02,1.825072265928858253e-02,4.040475769926298900e-03,2.142297902802212800e-03,6.107610580353963967e-03,5.038556484090911912e-03,7.715805041452983466e-03,3.187225612190901398e-03,9.191059242654218238e-04,1.929144823953285633e-03,2.991713020533349338e-03,7.615630218387049299e-04,2.399160967416528404e-03,1.856597103794031508e-03,3.486056881722994927e-03,1.269412970110028217e-02,6.541363778052510999e-04,8.649956094842313134e-03,4.522264595412174223e-03,2.590188639677727667e-03,1.371057482592545097e-02,4.180114620791381373e-03,6.040300219324028740e-03,3.661739808545675517e-03,1.385180131136841929e-02,5.418666673457825031e-03,6.527713420788268904e-03,6.492162160943107038e-03,1.346577756967769039e-02,2.169557054007197061e-02,9.461536366726426561e-03,8.569440039710331594e-03,8.523532695120284580e-03,1.084960154930106118e-03,3.418192014504545153e-03,1.609937480379653027e-03,4.132831117885120073e-03,1.984451030364954831e-03,2.003659055453470891e-03,1.901871313292230990e-03,7.107617261385789850e-03,2.411079079226487783e-03,4.359745180781672232e-04,2.853779214256449686e-03,3.936307630002125989e-03,3.083216317858745135e-03,2.565666028201405921e-03,4.607594201784155803e-03,8.301318263288911745e-03,1.456827143938673212e-03,6.002568559679275807e-03,1.018501069452425016e-02,2.947960952753093337e-03,1.001183747583538411e-02,2.507151076919750515e-03,6.373866209472219685e-03,8.703935857471867266e-03,1.533071863349272021e-02,1.655478994262097074e-03,3.404188942428921193e-03,6.022795637087052442e-03,9.429289862888583923e-03,4.765777812246261257e-03,1.482719913684977207e-02,1.051852438735299301e-02,2.619595635808080747e-02,1.385509471549997706e-02,1.425152527249289557e-02,3.789651950849591989e-03,2.303968295401422062e-02,4.823313246274946696e-03,1.619345105843843224e-02,1.126879191622258414e-02,9.308009508238535359e-03
1.032621401136959993e-02,2.566624093526997594e-02,2.128301603896632851e-02,6.629735682683664255e-02,1.777113037212182597e-02,3.898034167515884024e-02,1.209202497876060989e-01,8.476324533010820561e-02,3.394805353392025410e-02,0.000000000000000000e+00,3.761447961520179850e-02,4.556543981904606633e-02,1.185260877325335950e-02,2.212573740516841567e-02,1.848640119337018051e-02,1.479658426848624517e-02,1.449156734081763834e-02,1.501782744460111556e-02,3.664510120031294529e-03,1.081011718294116151e-02,3.605655754982406425e-02,2.728872254064789241e-02,2.446885085924057485e-02,6.892636653046412681e-03,1.004461021378760290e-02,1.637755747327429914e-02,6.342137083005041504e-03,1.098440873337099867e-02,1.560436348366389669e-02,3.106140508647156368e-03,1.004665292958621843e-03,2.533712612170839658e-03,1.283310917070405385e-02,3.588444389904027129e-03,4.548439883448577789e-03,5.410381988479155864e-03,2.549286543208300823e-03,4.555816966784563722e-03,6.897657973840032666e-03,1.043704694322747026e-02,2.547622231291403385e-03,1.306668049616900194e-03,6.233148956274332277e-03,7.811859467177912665e-03,4.060223008780949015e-03,4.651855348299461200e-03,4.037077576158927886e-03,1.120926516483180917e-02,4.518680720608915166e-03,5.678253677998598530e-03,2.209871914189640626e-03,3.041391152613214226e-03,5.938620851902426780e-04,5.385669486448019933e-03,2.510592646116377707e-03,7.320101130176778076e-03,2.000196540512474714e-03,1.389439295175616280e-03,9.239149627452859087e-03,1.564147704344309026e-02,8.515655476249628722e-03,4.056592892886011145e-03,9.798086123578839124e-03,3.754910043870945697e-03,2.321536790311757789e-03,7.533870785419820131e-03,2.559721927387850586e-03,7.723646704232083916e-03,8.878585886686274353e-03,6.370032156645178897e-03,1.838077573551777713e-02,1.559999759002878017e-02,3.962046039247751200e-03,5.790411986873389080e-03,5.540152751722430408e-03,1.869401936247737459e-03,7.069592379060045916e-03,3.384446514173699867e-03,3.387011054115633517e-03,7.421090348579639090e-03,1.016890719058128993e-02,6.827883804697192430e-03,3.770033690340283093e-03,2.444475858296899472e-03,8.130215760136441303e-03,4.462232230851944335e-03,1.494788960880851381e-03,1.630745843002535033e-03,1.562157479474630788e-03,6.633208625650459205e-03,2.099516856470451474e-03,8.250573994317564677e-03,8.111504485698141712e-03,9.871865832006188404e-03,7.769486117552771264e-03,1.177777768239636827e-02,2.061221895924917821e-02,8.411062871435693103e-03,3.551525498377105898e-03,1.880235581911099754e-02,2.118772057741536222e-02,9.729985791745004650e-03,3.432418915601392027e-03,3.296441058685344559e-03,1.685118080363053744e-02,3.822390710171568416e-03,7.556357226239271765e-03,4.452767204426405327e-03,3.663512333331058780e-03,6.490681439007514250e-03,1.499761887890979292e-02,2.800339182187342943e-02,8.072614372169569993e-03,1.622080286535636587e-02,1.134081603562728940e-02,2.949757118393754943e-02,1.439273519662919061e-02,2.705467678241489995e-02,2.561805167642200801e-02,2.029202088361616724e-02,3.999861172005967497e-02,1.257523889826013368e-02,3.628392265488249255e-03,1.643652553464475946e-02,4.203421681670019283e-02,1.129187394932471000e-02,1.585052773633432305e-02,9.883327128653909485e-03,3.244289596518928898e-03,2.934119617323671138e-03,1.482174285822300455e-03,7.187212324733923026e-03,2.422131500111937216e-03,3.228995092554753487e-03,1.980864059024734468e-03,1.089416107904683101e-02,7.791120732687148269e-03,4.635066464934510348e-03,8.053780984283512301e-03
7.832840654009302211e-03,5.615618069480930730e-03,7.541568774939554597e-03,1.060106730366412557e-02,1.206819483271848702e-02,1.208519769217113529e-02,6.365893029854130525e-02,2.096873485034923129e-02,1.293932490199823683e-02,3.761447961520179850e-02,0.000000000000000000e+00,8.992538761840418449e-03,5.422294359394793511e-02,1.954779335614742833e-02,5.123154444883886230e-03,2.675015970603355012e-02,2.538509923237167870e-02,1.347981626763315732e-02,2.713372875598888453e-03,1.529501107478379663e-03,3.221270401147709184e-02,2.056601145539237868e-02,1.536012965362601804e-02,6.141443531380988592e-03,4.735295349995860895e-03,4.925169420666354256e-03,5.870429802813323557e-03,1.899114315370216627e-03,6.442357378308444585e-03,5.148692374032331869e-03,3.183031218758758732e-03,1.902889670865688318e-02,2.406890771620093412e-03,8.338679645250752018e-03,9.917403835591863046e-03,5.257703457873148106e-03,4.730145021045028403e-03,1.203871860287893808e-02,6.028079027172312566e-03,2.131025734964572468e-02,2.298026549814286869e-03,2.985301538456879879e-03,3.319430657735617657e-03,7.591995713322413110e-03,1.028829287052107112e-02,1.615090900363873663e-02,1.246152247612239243e-03,2.677767529379033833e-03,2.049398069795278950e-03,8.817237278267834460e-03,4.219887017610488879e-03,1.510663325811199831e-03,5.720607413909726754e-03,2.242013389103424126e-03,2.626781201070270150e-03,5.047798064051899243e-03,3.885687197266654916e-03,2.428817327796485050e-03,1.898101795476623936e-03,1.381662640627098933e-02,5.408587351176117122e-03,3.618101903972036418e-03,2.838476102369789662e-03,2.784271546890418423e-03,4.166411118307773373e-03,3.948936431979360381e-03,6.580411584521491525e-03,1.208169153107087508e-02,3.510818658598337944e-03,3.767697331876944302e-03,1.107130747604177443e-02,1.138089312746150793e-02,4.365276846372480313e-03,6.642672892605332169e-03,3.951234730038454684e-03,2.190087498074782743e-02,1.062420890440146475e-02,8.350246883776705001e-03,6.289819795158091593e-03,3.494132257494522720e-03,1.644825793504576866e-03,1.676972172911103285e-03,2.622903208161353385e-03,2.247940860735063873e-03,3.345368742264831670e-03,3.247488608806671073e-03,1.077683841553854233e-03,2.894921812923697928e-03,1.231936891601578994e-02,1.330400842220265389e-02,1.466127968525985769e-03,5.147375724851166109e-03,8.862117640626951745e-03,4.974048720461888944e-03,7.099349835168106138e-03,4.254568574310765524e-04,2.588719016262168004e-03,1.212261877928035893e-03,2.150123342302990084e-03,1.957701022216085454e-02,1.255346740697712085e-02,7.139064988141929913e-03,3.420415983040886541e-03,2.834676556192375959e-03,1.691123038975801641e-03,9.827460215597863882e-03,2.461241364817767438e-02,2.081878699169092614e-02,3.509887714543047290e-03,3.909940784738905571e-03,3.818003350466424913e-03,6.625429367255379707e-04,3.376740675460248101e-03,1.534952435841901216e-03,1.205996147064430056e-02,2.959636859505599370e-03,6.275927642921765026e-02,1.105328646663573250e-02,8.733997767994260489e-03,2.359228974492234496e-02,6.776474742474543865e-03,2.452909935957159511e-03,8.789440877830180868e-03,5.550039700456101642e-03,6.777057700639677745e-03,1.488928869774347854e-03,2.440150278995908625e-02,3.710613443255989831e-03,1.960604581550873596e-02,4.016217887162765871e-03,1.272546723214537830e-02,2.782329742629429531e-02,5.841242081756330834e-03,5.664006869720077282e-03,3.452828878883754810e-02,5.458084341693827252e-02,2.529820745099679510e-02,2.712428248662751562e-02,3.756477021068348188e-02
