0.000000000000000000e+00,1.785536621834140497e-02,1.327738007217075036e-02,7.097904144034960540e-03,1.093957010839410188e-02,3.422251773728417906e-02,8.187901386117074978e-03,1.069563048626109326e-02,7.442846384939347248e-03,3.806498923787032113e-02,4.536301006385144025e-02,1.458087456135860951e-02,2.224150604026515696e-02,2.834213343268452215e-02,2.879929700222064876e-02,4.797311289705948056e-02,4.111593363808475204e-02,7.081644058634670169e-02,1.587755271808142729e-02,7.519872813678313457e-03,3.621445186502867536e-02,1.959916388905007245e-02,2.011811129363863526e-02,1.919225881519442262e-02,1.427001075564031211e-02,2.936595745444258148e-03,3.930938977344297647e-03,4.695382785262713909e-03,2.452637241727725209e-02,2.975228495909774257e-02,1.137863168597643380e-02,5.565094927326771912e-02,3.300458300923695548e-02,2.310360982941031191e-02,5.993220060011569990e-03,4.840105227302490126e-03,2.195086331476559655e-02,8.826628782637690324e-03,2.790407733232795270e-02,7.479881868283910773e-03,7.913926459482474585e-03,1.831078623846921260e-03,9.460600175920973534e-03,2.171914955154734435e-03,1.041695952428238481e-02,7.413156229912194056e-03,2.032044989456148303e-03,1.043990796549662666e-03,1.445687168325318498e-03,1.946888478577838560e-02,2.557391256138174911e-03,1.512198408589176049e-02,5.946615894280023011e-03,3.529085761895210931e-04,9.027166586380599989e-03,3.651618587446790135e-03,3.646457782315357110e-03,4.660187968926485583e-03,1.371587614885968814e-03,1.151349426334586853e-03,1.115205433737269814e-03,3.554627333522873255e-03,2.536830965546911423e-03,6.943906989640860269e-03,3.049241799576840779e-03,4.850110981961939204e-03,5.972917041984086677e-03,5.648246343697886987e-03,2.332694495623799120e-03,9.272783287906172581e-03,4.006664096968037825e-03,4.042214569666133933e-02,1.362105096222647298e-02,3.062589157644144810e-03,5.165121365498031095e-03,1.542990214685528629e-03,1.020355252977770810e-03,1.892870678481750222e-03,6.765715645902844501e-03,3.587938678725367293e-03,1.094586015669404182e-03,9.592292911602471987e-04,1.141574056904804020e-02,6.565320005324028034e-03,5.098912553227750652e-03,9.528914456222224369e-03,2.302234876019176261e-03,1.720394648661995735e-02,2.289825289376610021e-02,1.216299232590603921e-02,4.540850427723664567e-02,1.565441216372997352e-02,3.304818168658670008e-02,7.135633309899068813e-03,2.031875014574957908e-02,1.489352260962803660e-02,2.966574155468950508e-02,1.492654945658571965e-02,1.250225972511135979e-02,3.441632617802036984e-03,4.471214251645721019e-03,3.311383686986683460e-03,1.912369479250779214e-02,7.388923378435664248e-03,1.572929340056640436e-03,5.147978048553763543e-03,4.874250354180268557e-03,1.635284754440956842e-03,1.475968464619833087e-03,1.605886290125499091e-02,1.802896179593542741e-03,3.151012053663101650e-03,8.213155003248822847e-03,5.450779913415118062e-03,2.098695166800027163e-03,6.428970343560786588e-03,7.981438273543587508e-03,4.869374149527624755e-03,1.599820251807402682e-03,4.267009712493496226e-02,8.211700333327741005e-03,4.780642613528819640e-03,1.114634738036926693e-03,1.591051451915214549e-02,9.078812768856511783e-03,2.342869099202628258e-02,4.969691933949089112e-03,1.273959491461365730e-02,9.373843279969953229e-03,2.284757708076268733e-03,2.235133681226366201e-02,8.260654435086250968e-03,1.652629831405907088e-03,6.320331366152482679e-03,2.221952695959053536e-03,9.753393568702596259e-03,1.542912663846911746e-02,6.021868916711914377e-03,3.753591449295031433e-03
1.785536621834140497e-02,0.000000000000000000e+00,2.565725364845331067e-03,3.095021673374422078e-02,1.618087289388209227e-02,1.233939918559539412e-02,2.197024306281671058e-02,4.341462267773070483e-02,3.303502903112934957e-02,2.040612659157849118e-02,1.425716904577330191e-02,1.868225913298986879e-02,2.078679904826578537e-02,7.081259214448054617e-02,3.132392760587845992e-02,6.571032480581738555e-02,4.378115238631979760e-03,6.207729097397089724e-02,4.361349389436914442e-02,6.487321799886389129e-02,4.921882986212503842e-03,6.357006366707202046e-03,2.137386915153099975e-02,1.584033146106790394e-03,2.349688534948221955e-02,3.490432683031551801e-03,1.042960198773595568e-02,8.544398312958805712e-04,4.311080873938068908e-02,1.869900353232667109e-02,2.177302956921967417e-02,2.127843560313046750e-02,2.017660197079376716e-02,6.035628462481898611e-03,5.889758103744757722e-03,8.027412547247765595e-03,1.821617966883486150e-02,1.445999210238592923e-02,4.536626943631168196e-02,2.183541570661801448e-02,7.083481470258111076e-03,1.210857204417630124e-02,2.040529200413870089e-03,8.386011816679724354e-03,4.491288935084541446e-03,1.072296627139136815e-02,1.467149625020600784e-02,1.235476891835613628e-02,1.191690840360000968e-02,8.502164563261140409e-03,3.368722449391880255e-03,6.817990624739049890e-03,6.756258751628488844e-04,3.779513909112407720e-03,3.347212579898777452e-03,3.528226746936528446e-03,5.136955768359540396e-03,9.270408652882582146e-04,5.802845240931345239e-03,1.675720273610554903e-03,5.178173564523115210e-04,1.925150901710298481e-03,2.895322535823628175e-03,5.668486739246346787e-03,7.219873191016362365e-03,2.355992708636405527e-03,7.883542645067602092e-03,6.634160916576735574e-03,3.287325633252183993e-03,3.561556004012957077e-03,1.229485715107744284e-03,3.275827566921027736e-03,4.805402482273051640e-03,1.789151554062820256e-03,4.274339941895240018e-03,2.700711046633319772e-03,1.777648602807135533e-03,4.501290848833812940e-03,1.004907905579969498e-03,7.169913394075654901e-03,2.886016715591572038e-03,5.697041640573887247e-03,1.683942612375431518e-03,1.918438238406115553e-03,3.033800838069567428e-03,1.540315382574159071e-02,3.818635140898464682e-03,1.840053034117079822e-02,9.757075666639934697e-03,1.180296695723200180e-02,1.804903537984714826e-02,1.589250570086390632e-02,1.153682294137379702e-02,1.036852352275088353e-02,1.312091127719672984e-02,7.440226947535154810e-03,2.006181816264503148e-02,1.415295747464380980e-03,1.335703657677982104e-02,3.006701018826195889e-03,2.275124085779412549e-03,3.433110421142047952e-03,1.166929676159049467e-02,3.378799814511723038e-02,1.026950070278219267e-02,7.890536044196372334e-03,1.222478427841001795e-02,2.722505711298391778e-03,7.998906215972720682e-03,4.243182394275500126e-03,6.962260357649380227e-03,1.119929443370419088e-02,1.454021993500918992e-02,1.220622331423485557e-02,1.433986868538265035e-02,1.211055916733207519e-02,7.938223970945406868e-03,3.759997500010408417e-02,3.451540345243267905e-03,2.555249133418451002e-02,1.150312113572390590e-02,3.339591481744487878e-03,1.145840317288771351e-02,6.203373149106328720e-03,1.897271749395881141e-02,1.018224748968873591e-02,5.773552765167092385e-03,3.019859249240078314e-02,2.288660602719404247e-02,2.879435063352827825e-02,2.529662224074033169e-02,4.587347238101613378e-03,2.804207731638536094e-02,6.375950530479122802e-02,3.307709458190897372e-02,5.289757865385114229e-03,4.435122010323973990e-03,1.882267623986124891e-03,2.824210222401363560e-03
1.327738007217075036e-02,2.565725364845331067e-03,0.000000000000000000e+00,2.257435112798251639e-02,1.183293874630306566e-02,1.356873417721654422e-02,8.764511467008696474e-03,2.616681636641465455e-02,2.016784351640483336e-02,3.409491117410742150e-02,1.690049897193669770e-02,1.520715965382939128e-02,2.487314320966611120e-02,4.807266184820815913e-02,2.771198476723419485e-02,6.357809454702097185e-02,2.389303647359750093e-02,7.971021998591508451e-02,4.027499867085534979e-02,7.155351400185807134e-03,9.213934454284217895e-03,2.962733900359878700e-02,1.317479139393162163e-02,1.217531418378227544e-02,2.333212340816213926e-02,8.501818074747273871e-03,4.245789281855565610e-03,1.295025136451070924e-02,3.194876072433499442e-02,2.076372523450967233e-02,2.006941442706325698e-02,5.928416048294908591e-02,2.289467858687481427e-02,1.514793872310851719e-02,5.474761435131076000e-03,9.782861018820978097e-03,3.200445130594870707e-02,9.028941466554831624e-03,2.908734354047184945e-02,4.263265402669066083e-03,8.539810163396237622e-03,1.829774492457525870e-03,2.060912253343684386e-02,3.020293411767869217e-03,3.125239741952202943e-02,2.204671346154238147e-03,2.230931881525787669e-02,1.439735743356911415e-02,2.393088477897453367e-02,6.007612793480304747e-02,2.430526959331306622e-02,3.695277547527285600e-02,1.156323927114655606e-02,2.039277093507146834e-03,2.933892132374942181e-03,5.908008565780433104e-03,1.101720891539909909e-02,4.168159316977649046e-04,7.842777919366111447e-03,6.501463851587918098e-03,2.728374595581568862e-03,9.795953326895532817e-03,3.667874502040143619e-03,2.008404230288748232e-03,2.402354837699016265e-03,3.931393233473277210e-03,6.678511797053691967e-03,1.222023886034023094e-02,7.466069028080819445e-03,2.645239114145204670e-02,3.418108073060169023e-03,3.036977772621551885e-02,1.659010750906552908e-02,7.779311535702688497e-03,2.105696426036111988e-03,2.883834868027096866e-03,1.854736327782530126e-03,9.337814683389279030e-03,3.871965682525748808e-03,2.510056944997897735e-03,6.304902710097567801e-04,2.544340844937176618e-03,2.960151010569946669e-03,4.977516136943354198e-04,4.846293555468267518e-03,1.235227375806082981e-02,1.247627939996593435e-03,2.964901374963029024e-02,2.941434424919970800e-02,2.238962139180804972e-02,6.115645327980161194e-02,4.650944056319952086e-02,3.671237824111189124e-02,3.893267175570151468e-03,1.803155055089825098e-02,2.046051122265975589e-02,4.765297176763735876e-02,2.494246997113713435e-02,1.879139160128290645e-02,4.427384569808815937e-03,2.296793201157786273e-03,2.996268237426519265e-03,1.929647652660974877e-02,3.430643431690000300e-02,1.376434342257068684e-02,2.518030759213638059e-02,3.377687341746301447e-02,9.795060186848896996e-03,3.476480250379777870e-02,4.691355736889452066e-02,1.011071166467742560e-02,5.560425343032575352e-03,8.142647393996248206e-03,1.300371925132036074e-02,5.414770796990284706e-03,7.647635565164692673e-03,1.186314117264957758e-02,2.012654660224554373e-02,8.468757788717577728e-03,3.403773585945007313e-02,5.203849941043577239e-03,9.573018928486319926e-03,1.737966962374454596e-02,1.822068176368732417e-02,3.473131946165064488e-02,1.961539833670972524e-02,4.268075638264032419e-03,3.916725451492457377e-02,6.916706592969497185e-03,3.883501506572720544e-03,1.389081326283473153e-02,1.313809729217847201e-02,5.151436891506717963e-03,1.465189776389169696e-02,4.864223424979708527e-03,1.520746084339636740e-02,8.047547530287042089e-03,7.494124239752964454e-03,6.554898380194572848e-03
7.097904144034960540e-03,3.095021673374422078e-02,2.257435112798251639e-02,0.000000000000000000e+00,7.851671048319363438e-03,1.101369597786020470e-02,1.345944667789053702e-02,1.293925882759821080e-02,5.463463740601013502e-02,5.073132317654718837e-02,3.033006401325397117e-02,6.105028689182185470e-02,5.693175305873643399e-02,6.118336990573805534e-02,3.510579564948192177e-02,8.444663603471183611e-02,1.386979291919496031e-02,5.397144410441683665e-02,1.129547495459623692e-02,2.279029331241440304e-02,9.441792472254054505e-03,1.407650009774037182e-02,2.980966857890888014e-02,1.756293081861668923e-02,4.568025121836157346e-03,1.374417342206104078e-02,1.811054043076278791e-02,1.079549871825213544e-02,1.733340399814511587e-02,6.055899163523951328e-03,1.593927125312755849e-02,1.202948099253770171e-02,5.368469922134369576e-03,8.046837058757885103e-03,1.047857728288358742e-02,8.963885304957780811e-03,7.047886361324400689e-03,3.559982935129245296e-02,1.470377824706272513e-02,1.701956763407389342e-02,1.675893960641915495e-02,1.082450402353260510e-02,1.336631130918831132e-03,7.081133331944816992e-03,1.214573847176668919e-03,1.849932710026600674e-02,2.485984326052530918e-02,1.244389496670763283e-02,2.077218462656788348e-02,6.021360845457894573e-03,3.641168807321796402e-03,6.790396698797729509e-03,2.650565248957685235e-02,1.336233604952421355e-02,1.844336856454097812e-02,1.851775812497102880e-02,6.167632605026315655e-03,5.939155923234320372e-03,1.937967786552684821e-03,4.721869968390174539e-03,2.116247146753744493e-02,2.252942993256759792e-03,1.517593486255454762e-03,2.168293483233381218e-03,1.531638797390748319e-02,3.158495206775943902e-03,4.700769503537737155e-03,2.313948287209579603e-03,8.211450939339190111e-03,1.052628575803859698e-02,1.064536272413755744e-02,2.089544510324243404e-02,1.692062405115354190e-02,1.643267691377332806e-02,8.666942559999005896e-03,4.016171086159310392e-03,1.273525680849629631e-02,1.966402227848714282e-02,5.781486870074030796e-03,1.206584310026452729e-02,1.369075061912783560e-02,1.331291228773914467e-02,2.818920483960875994e-02,4.259040710951255727e-03,3.560856596649108422e-03,1.524193063582255682e-02,3.757715885109576791e-03,5.293638323460865547e-03,2.780597524839186971e-03,2.276343145304199778e-03,4.434607986460301597e-03,5.621063792224888916e-02,2.847677673480540281e-02,4.697619729204577897e-03,1.874989896194623543e-02,1.241586451473356868e-02,7.727836566031960966e-03,9.495157292628666687e-03,3.898272886936975795e-02,7.459685830893789289e-03,2.454062838010931825e-03,1.113232041881455185e-02,5.135629884880058178e-03,1.348692818887783224e-02,2.568946412217076869e-02,3.104251377097567294e-02,2.859561606732972244e-02,1.162606384762056690e-03,2.182007697414174371e-02,4.547810551734203510e-02,6.108991543388459476e-03,2.290229673030008684e-02,6.835127759760572901e-03,1.523113792425415851e-03,9.030210201167359133e-03,1.990840678977887600e-03,8.476059856444144100e-03,1.460787027895805827e-02,4.367955621675006367e-03,1.672607599573505341e-02,9.023482564149402918e-02,1.558909461431397074e-02,2.527664229098008572e-02,2.201661728648273558e-02,5.799506600938686418e-02,2.093837437245386207e-02,6.060001664613697166e-03,7.216526035073528300e-02,3.230023468846208654e-03,4.796186142827127755e-03,9.655633816731686025e-03,8.620079117653545869e-03,7.788156719860047511e-03,1.354325109589083614e-02,6.656249507733386084e-03,2.834976898216121175e-03,6.476651224725485552e-03,9.497515733013635678e-03,9.801756824872362266e-04
1.093957010839410188e-02,1.618087289388209227e-02,1.183293874630306566e-02,7.851671048319363438e-03,0.000000000000000000e+00,2.061676118727047424e-02,3.349794843798269139e-02,3.809140968317994980e-02,1.057437904483113089e-01,6.599361903744613289e-02,1.179947813270303646e-02,6.170845114174719481e-02,3.416237562903697011e-02,1.432557631757084005e-01,8.208327381273718137e-02,1.201462515400983783e-01,2.307634791207859026e-02,6.884319742096441097e-02,2.055685037842840818e-02,1.229539204614586365e-02,1.060525817117892282e-02,1.057981338822027752e-02,2.324201500485787233e-02,3.544557339740710133e-02,5.544096283358989144e-03,3.217568968218367104e-02,6.125884771236497252e-03,3.636493754580441291e-03,1.632068324614685192e-02,1.004993289364965701e-02,2.330255434726960159e-02,4.151334005397126076e-02,1.402628442441999565e-02,4.315207152729248243e-03,3.572082987729942836e-03,2.817487920586505754e-02,2.077730492434631815e-02,8.046316499096882457e-02,5.869276877728052400e-02,5.013364809140769679e-02,5.717548320206392726e-02,1.207474551832220591e-02,3.503893504995628932e-02,1.902867973851324682e-02,1.249560993436545607e-02,1.368775032391862483e-02,3.910433441776257207e-02,1.386331363318600574e-02,4.995286051684737910e-02,4.780430261454102908e-02,2.152277262038531855e-02,3.770081583742225517e-02,1.404213864619122034e-03,9.309187785799313006e-04,4.116986460110242003e-03,9.416021685881924286e-03,5.089578951419583726e-03,6.979080628491029538e-03,2.439411896164441428e-04,2.601892946588343480e-03,6.754911981334078830e-03,4.225894205099278711e-03,6.049417041998640318e-03,8.022133298391489337e-03,5.320176470032881785e-03,9.868979775800701404e-03,4.677917867411536881e-03,2.435646107240924119e-03,2.207725819650320151e-02,1.345613588721159123e-03,1.800720196414002522e-02,1.012716562184907011e-03,1.184593711463941337e-02,4.081595269834916578e-02,1.389439056661176744e-02,6.136802387969977554e-03,7.394790862735156796e-03,9.984738309232275150e-03,1.123983527175216254e-02,1.836704411940904766e-02,7.238228483724564073e-03,3.895979303413619251e-03,5.412963144677621248e-03,2.432245568510795711e-03,7.846887926354819548e-03,1.853192357828854428e-02,1.301149396148783277e-02,1.242051704058936071e-02,2.095882150003076233e-02,2.221002752129844215e-02,3.990569964816680082e-02,8.410852129300833147e-02,4.163883731427676232e-02,6.564173668749005361e-03,3.624950580159115587e-02,4.984928024189684559e-03,6.513240200879687018e-03,1.003612885996779322e-02,2.090270696404456299e-02,1.733951185047331867e-02,3.648626881632868572e-03,1.611363838289197464e-02,1.447027031904280468e-02,8.064469582453687169e-03,1.746103425332369910e-02,3.629771557134669341e-02,4.353902877936779298e-02,1.898633478436386043e-03,4.607769016119112049e-02,7.719770320947479114e-02,8.386425318483457791e-03,1.587836933531743683e-03,3.305713039550123213e-03,2.149973125762121365e-02,1.756241900092129268e-03,3.143918475586107274e-03,3.498451938353654405e-03,6.148707883005567754e-03,8.626775463276763894e-03,2.104765407329609733e-02,3.886215251395811615e-02,1.400932964699417096e-02,1.027510405608082072e-02,1.647284443056339434e-02,7.000614452581283009e-02,2.326540333996219775e-02,7.022939541146486740e-03,9.301150974629696089e-02,8.344138702959835382e-03,1.617343531664104314e-02,9.500668974779089351e-03,2.843377101732296255e-02,5.354795465361603286e-03,1.962857626196254715e-02,1.093770017255092479e-02,1.311243945041682714e-02,1.484861944868008307e-02,3.953186666808591876e-03,5.855791792565900010e-03
3.422251773728417906e-02,1.233939918559539412e-02,1.356873417721654422e-02,1.101369597786020470e-02,2.061676118727047424e-02,0.000000000000000000e+00,1.436945536050582804e-02,9.385016203860174766e-02,1.123395959645643871e-01,6.213748617723760526e-02,6.645819045810170966e-02,1.382883797393982817e-01,4.702362769625424016e-02,5.612560892848330457e-02,5.094851974522555255e-02,3.696112020106702423e-02,4.313847739398760095e-02,3.482155986544774318e-02,8.448859393252268826e-03,3.898924085116179522e-02,1.610906122492255024e-02,2.857656056031722402e-02,1.428281524081846665e-02,2.416043969570439917e-02,2.336618919524491300e-02,1.772567337477582231e-02,9.381979126199016875e-03,5.558024059626161598e-03,1.884821816149135970e-03,1.185308066646659567e-02,1.074113634039071050e-02,4.037886176387057297e-02,6.549725833510244496e-03,6.843040987759568469e-03,5.574830301942245749e-03,4.361226278307889920e-02,5.378175212884746953e-02,1.237897955172604370e-01,2.245205574749058186e-02,9.288525656870064151e-02,6.721723025984021119e-03,1.595287519882903834e-02,2.062438171930719086e-02,5.116931550686103919e-02,1.034039709844288175e-02,2.482118282437796239e-02,4.336390341254286324e-02,1.814574250787778353e-03,3.564389701349585798e-02,1.050071485699159528e-02,7.721187967547680012e-03,9.441573163844106664e-03,2.235975027513433661e-02,5.082625822639416126e-03,1.393000115904886003e-02,2.642863263078154556e-02,4.497119502264780057e-03,1.117151340400009997e-02,4.600556389089353188e-03,1.998469458600120232e-03,6.572454488735469773e-03,5.046224389839871517e-03,3.019394567324613400e-03,9.830452330030514142e-04,4.126873103616335650e-03,3.279081380122468754e-03,6.768132456237909052e-03,6.220635986995866513e-03,1.232050416610435024e-02,9.665127152386385548e-03,1.002499484605643212e-02,9.014477970262587195e-03,1.873462390338367228e-02,7.127899441127137636e-02,2.605357848992150005e-02,3.083216931814026021e-02,1.261675526238684349e-02,4.596859318147992340e-03,1.030992195616612858e-02,2.705205390787567693e-03,2.209407762502615252e-02,5.056346860483219158e-03,1.852625332379266576e-02,1.359701340959462192e-02,3.927607270549704661e-03,4.519161315629919434e-02,1.469662780512329299e-02,1.393060070942712253e-02,1.491737936055771707e-02,9.012734747135594388e-03,2.655372591992879658e-02,3.809098639794752938e-02,2.310118823552597886e-02,7.624927850158801958e-03,1.576217822970836513e-02,2.878986748609554946e-02,3.251944369880443650e-03,7.769709647305614785e-04,1.275082455048036877e-02,5.316848533533294341e-02,5.734421186920929392e-02,7.212198630888375095e-02,2.213479401334356861e-02,1.423621679135519437e-02,1.101618674950538557e-03,1.890619882971032381e-02,4.351538845756050544e-02,2.196928316501502859e-02,6.310930446759945023e-02,9.253720409509343103e-02,3.355404052237595525e-02,1.043844288269742647e-02,3.232965593290148404e-02,5.065183257963301600e-02,4.041604990431598571e-02,5.526353523356929143e-02,4.825201749825214215e-02,4.510312257086435128e-02,1.276105334565229461e-02,5.454024764251965557e-03,6.186201896552532414e-02,2.179778744597497646e-03,7.282277148101971853e-03,5.859723987225994718e-02,7.026977723969368705e-02,8.615779054333844167e-02,1.337406810768792219e-02,6.367146320502108103e-02,3.539513341723468653e-02,3.004145556230692488e-02,3.111561835226038172e-02,4.982939754569541690e-02,5.865117120048369236e-03,2.431381737880393065e-02,7.479962803236540891e-02,2.511876198705340416e-02,2.271840207760420990e-02,7.142408061394269272e-03,2.382796602919808049e-02
8.187901386117074978e-03,2.197024306281671058e-02,8.764511467008696474e-03,1.345944667789053702e-02,3.349794843798269139e-02,1.436945536050582804e-02,0.000000000000000000e+00,1.553439874469803583e-01,2.600294718199955835e-01,1.691373916382185039e-01,6.683393553848791802e-02,1.198534655647120334e-01,1.785481607806964632e-01,1.683258647955606091e-01,1.011213004647371072e-01,1.566573325743791378e-01,4.256155663092529157e-02,5.051212897664129897e-02,8.447219431741179868e-03,1.318444779163770522e-02,2.712579266010925819e-02,4.283378342809277504e-03,3.853162571012198195e-02,2.142721274014646252e-02,1.136351843083368077e-02,1.389611121315442385e-02,2.011832383366687644e-03,7.042984051151874800e-03,1.269015641132142068e-02,1.053490145019358309e-02,2.959048199791627226e-02,3.067213950532562614e-02,6.357818031634958865e-03,2.567244355707313380e-02,1.741623229890556721e-02,6.750086071483858696e-02,6.131593733599459417e-02,1.988662896246033984e-01,1.269341107382453981e-01,1.351814648892211701e-01,3.593356572910592212e-02,1.189305865668464218e-02,2.760632783955377714e-02,5.104272023176632117e-02,3.019374733820608461e-02,1.769037006807396353e-02,6.380786655262987717e-02,3.941251777532369001e-03,4.109653396962981847e-02,2.400160774998256683e-02,1.420701186378525369e-02,4.254629063379418430e-02,7.441566398359973633e-03,2.896334274803314193e-03,1.765229955947057380e-02,5.040161453950124486e-03,8.814462829496707771e-04,1.119636601552992036e-02,1.481375104978175077e-03,4.146974524661447420e-03,2.187994314476760568e-03,5.781529293167663418e-03,7.729627727208240873e-03,3.691349278864888665e-03,7.019240254135257484e-03,3.470420360240782619e-03,9.889288993429858760e-03,2.074144052609814062e-02,2.562110295702025101e-02,1.613699707907991290e-02,2.056915924862653261e-02,1.009471202661004971e-02,1.283733526174457053e-02,6.878996133529825807e-02,1.239732582130235322e-02,3.158902146180035675e-02,1.187303930799886095e-02,2.311733056810429815e-02,1.214027618962361908e-02,9.175637662573041947e-03,2.533304075092278340e-02,3.046000268832688845e-02,4.284660142182872972e-02,9.136595154755310089e-03,7.382392018424002549e-03,2.666275476896885072e-02,2.745752032985118371e-02,9.357153369057846781e-03,7.989892192699991555e-03,1.647751169929560777e-02,2.795694044895910904e-02,9.337221672860256116e-02,6.469646751732380241e-02,4.707573259330477718e-03,4.998643262130556680e-02,3.685447267509850324e-03,9.092632782374428929e-03,1.455065141510279020e-02,5.057529833498946442e-02,2.780143721022123801e-02,1.127242560961425749e-02,3.433672707816665115e-02,6.846023701183002845e-03,1.284761482181434036e-03,2.895680705372662839e-02,4.316399314049101238e-02,5.316601678062849584e-02,9.499588341610583353e-03,6.690881642693943809e-02,9.411218127013067092e-02,2.293272092012297800e-02,6.166410909861730003e-03,5.699209472564387147e-03,3.833567561334175894e-02,2.638198088192645827e-02,9.056587131926446821e-03,2.472870720954637846e-03,1.341245554484507552e-02,1.820270035959969598e-02,8.564803266256764205e-03,5.288039055545482037e-02,2.338722334025900365e-02,5.551289328380473037e-03,1.525102406582675915e-02,1.193646939499627829e-01,4.462856616098678786e-02,2.761737333884598314e-02,1.162186900914378845e-01,2.920835305450644390e-02,2.474808193086651745e-02,1.782707477533871862e-02,2.029803355659876712e-02,1.722016686337341992e-02,3.366379692089640357e-02,4.800073460516355445e-02,5.007710943967228628e-02,1.568926193800083274e-02,3.270030592510576178e-02,2.224577860805231067e-02
1.069563048626109326e-02,4.341462267773070483e-02,2.616681636641465455e-02,1.293925882759821080e-02,3.809140968317994980e-02,9.385016203860174766e-02,1.553439874469803583e-01,0.000000000000000000e+00,2.045627655533966138e-01,6.807921195939849179e-02,2.982312046568216801e-01,1.183353259382824013e-01,9.430362483226713277e-02,5.988151151651004839e-02,6.827579468385795713e-02,6.939947800287725455e-02,3.489323622802009695e-02,1.682029451320453742e-02,2.604966549592601516e-02,8.426069972850508058e-03,7.825279637818512504e-03,8.846180036474658726e-03,4.501438802639447928e-03,2.060865996756040385e-03,6.874625303752334576e-03,2.760379354722354919e-02,1.406270137412241744e-02,1.027289226905029294e-02,8.621189248721711218e-03,4.272004422802667262e-03,7.322966916983214385e-03,2.280346049772642020e-02,2.466313691976835740e-02,3.735201076542465914e-02,1.316861503096081361e-02,9.706982187499844927e-02,6.132270402174924695e-02,3.539569408455072175e-01,1.794828440515088275e-01,2.817037061393283248e-01,9.233699019759093740e-02,2.895419001933125305e-02,4.988461567945240427e-02,9.904360824055813417e-02,2.675947363404463861e-02,7.131516721164631034e-02,8.999183250534355250e-02,6.157527113970755889e-02,9.030567212548240574e-02,3.426427903606888564e-02,9.061119153043817320e-02,5.097772731945261759e-02,1.496660129169221504e-02,2.418797552928305533e-02,3.631180619474957787e-03,8.440843881751749697e-03,7.996485081166737618e-03,1.370076721249675672e-03,1.064677777799322329e-02,2.346119497963742966e-03,9.354095668257711091e-03,2.089518718051778905e-03,1.924402588389582253e-02,8.376785836001033464e-03,4.359407100431995224e-03,6.078999837086925678e-03,7.350278247882814121e-03,1.225655762043308637e-02,1.158999373783134793e-02,4.436460937830796238e-03,3.092151677324003756e-03,9.789968981051897293e-03,4.369799201290538310e-02,4.430342407309870167e-02,2.051781606271450495e-02,5.514438681413811466e-02,4.377967271898861902e-03,1.074819626996263884e-02,1.988952119925978604e-02,5.253576950244284553e-03,1.475002604957121634e-02,3.804952975231088493e-03,2.668705647659817479e-02,2.638876309681762247e-02,3.231353346538922301e-03,2.516533219990626374e-02,5.363574092536677745e-02,1.392284094894641160e-02,2.427839310599904515e-02,4.405286864511808592e-02,1.318886132088508724e-02,4.208760321826730127e-02,3.061195203464061806e-02,3.663109850201971829e-02,1.851599766453052714e-02,1.748719253289645822e-02,5.220681814773486112e-03,3.009362909891964352e-02,2.938887558375436609e-02,6.664253997197461254e-02,2.065107314372255712e-02,4.098474166705409066e-02,3.045855691307486346e-02,2.895268451659257364e-02,6.453203879802733509e-03,1.052424242541348358e-02,3.704170334550784677e-02,4.387525910941772467e-02,4.648927559943110549e-02,3.784117168786958751e-02,7.365395536852382963e-02,5.427805665800718160e-02,3.695520183500630718e-02,7.414943339990069660e-02,1.533610326904878175e-02,1.254778817717126967e-02,4.224177026091103376e-02,1.240291280000596283e-02,4.014354941180217629e-02,4.895583174090015199e-02,2.084829707529442522e-02,3.203982541061497352e-02,2.606720241197281115e-02,3.688221708379960107e-02,1.161386774836349473e-01,7.069478792331734818e-02,8.061906576676307334e-02,9.917914916838693751e-02,6.096951099557840897e-02,5.409559153288059918e-02,2.081047975534216707e-02,5.997515903528283232e-02,1.537503300397980582e-02,1.533538773905813654e-02,4.616177225597551531e-02,2.343432161593999793e-02,4.348302018435358518e-02,1.675682177057594840e-02,2.046639730486619208e-02
7.442846384939347248e-03,3.303502903112934957e-02,2.016784351640483336e-02,5.463463740601013502e-02,1.057437904483113089e-01,1.123395959645643871e-01,2.600294718199955835e-01,2.045627655533966138e-01,0.000000000000000000e+00,1.279548374752352558e-01,1.511088454118810209e-01,1.092894455182995550e-01,1.104998520835636239e-01,5.951405729575235531e-02,6.231805666860571608e-02,6.229571852670923171e-02,4.534360975093117141e-02,3.983268174215404134e-02,1.765292084397954500e-02,9.403887611319673365e-03,1.180660683693327169e-02,1.995869515830369506e-02,2.447546645500133303e-02,5.039476957827727054e-03,2.986867280872460700e-02,7.207543891281531501e-03,4.735457204957234552e-03,1.857033710596526013e-02,1.896664309952321437e-02,1.358097573221402239e-02,4.457818297014849024e-02,3.699692408206644439e-02,3.313202544785124465e-02,1.481699530642294725e-02,5.603948816218578058e-03,8.535113061844423754e-02,5.658056691910279962e-02,2.158608869604752845e-01,1.173838476157472582e-01,1.617808583175058268e-01,2.947561794233712756e-02,2.525133871794850091e-02,7.999978380899176733e-02,4.229286297005876299e-02,3.853171449881255539e-02,5.357338027401967184e-02,1.220630292049311866e-01,2.847192930601688543e-02,1.003312713068709450e-01,8.611869465106000709e-02,8.545256683846558232e-02,1.007745685625644205e-01,2.562788374355534984e-02,1.544391122911435883e-02,2.642298025872904469e-03,8.310396203383325214e-03,3.760392526545836001e-03,5.196234975217777288e-03,1.825250533772037470e-03,1.073164332486663784e-02,6.471293392051043029e-03,1.049113215804760822e-02,1.419015322257213482e-02,9.886318475194756650e-03,5.865605036220650041e-03,4.443411656373044867e-03,4.564952362814337326e-03,1.416660374642639969e-03,8.747179709054385410e-03,6.364642225275355010e-03,8.056943697131992111e-04,3.802090343482252346e-03,1.171647959281581219e-02,3.328512581501757994e-02,7.482551421944835454e-03,1.765353234986425865e-02,9.278750801838826778e-03,2.736271984876340047e-02,5.230433530659923599e-03,8.964305192939218958e-03,1.404887347330130085e-02,1.372413459233395687e-02,1.562586342678192602e-02,1.898015979916863657e-03,1.119565056218216684e-02,1.609485714550756147e-02,4.140024207168883918e-02,7.850878540690910817e-03,2.459398042568949200e-02,6.510990998056975787e-02,2.880401775829041777e-02,7.361596479200212262e-02,3.858435682981536247e-02,1.307997063697351019e-02,3.528353169443252529e-02,4.512376829362871322e-02,1.040755737943484596e-02,2.378055520960280916e-02,4.180811705674326167e-02,5.243939601494452402e-02,1.972410780005262945e-02,1.658269854256894799e-02,2.708904652294664289e-03,6.807107766278825724e-03,1.137320295510309102e-02,2.436303854469537913e-02,4.715120205280041998e-02,7.645953105679250544e-03,5.581255786878197567e-02,5.926272323632610084e-02,3.971884752975454735e-02,1.373564816321085026e-03,5.080555330277820338e-03,4.370358026287843312e-02,1.132313066605181336e-02,3.581683280059705463e-03,3.397503319716549397e-02,1.398680074933399305e-02,1.850782509668293108e-02,4.989371588115420336e-03,2.874847773595060399e-02,1.922529851159945555e-02,9.782018313351292793e-03,1.319838565704649011e-02,1.022013121223333404e-01,2.227305012844205470e-02,2.579096798649327740e-02,9.910906812214043127e-02,1.634189965012807985e-02,3.731436865405643281e-03,7.282694227003679022e-03,1.142429500552265276e-02,1.188294443619685586e-02,1.637919160771332192e-02,1.836129171555747272e-02,1.514591373184864809e-02,1.191910157618190219e-02,3.742771429494546470e-02,2.812665536087121960e-03
3.806498923787032113e-02,2.040612659157849118e-02,3.409491117410742150e-02,5.073132317654718837e-02,6.599361903744613289e-02,6.213748617723760526e-02,1.691373916382185039e-01,6.807921195939849179e-02,1.279548374752352558e-01,0.000000000000000000e+00,4.540662419196873911e-02,1.094353330638331567e-01,5.344868211561382143e-02,4.246088099342525124e-02,1.039920470013466214e-01,2.345052707785346205e-02,5.186538502511175985e-02,5.467375357709055965e-03,6.467381166558591916e-03,1.245721491535019092e-02,4.005664724250542624e-02,2.548543573385384647e-03,1.908480817075803226e-03,3.138526277734197956e-02,2.946965271525977224e-03,3.302448050365590099e-03,2.517968362445226552e-02,2.845164032961862693e-03,2.605239365907721736e-03,2.218282030988062183e-03,1.366595153452604405e-02,7.756677817334265389e-03,1.052083248296611061e-02,7.118605586859066622e-03,4.610054851058301845e-02,2.312570269940438655e-02,2.233528237601265648e-02,9.326936573491828586e-02,5.666948380708301813e-02,6.157228945008395848e-02,2.699732017597395589e-02,5.862575350832162878e-03,3.553131785933018316e-02,1.164772569835636172e-02,1.411077587825365631e-02,8.430710189380831443e-03,1.336260991360360174e-02,2.012121727089595524e-02,2.825248339367375169e-02,3.506506695891736802e-02,3.162493458678580088e-02,3.213632488311651131e-02,8.263667081278464055e-02,3.397425183085149569e-02,3.325686324003070127e-02,7.105691576841886847e-02,9.345404989258575962e-03,2.637387832951885308e-02,3.181486504118871510e-03,7.796965430615956623e-04,4.278974098769934564e-03,2.683499995886146766e-03,9.409942251456530210e-03,1.046283153375381775e-02,9.279751026131738629e-04,1.064410182385722332e-02,7.162651542516533347e-03,5.591408740514903705e-03,3.935512789464714473e-02,4.740527593206161905e-02,5.005322185270921070e-02,4.735360885682596971e-02,1.821579069807630069e-02,1.669098790026143225e-02,1.198036763426262724e-02,1.580478110108910969e-02,2.442575190899960984e-03,6.622403522947570460e-03,4.752711254241730708e-03,5.216395576630185847e-03,1.357010815735416355e-03,2.103215612589921573e-04,1.325713681176543708e-02,4.528332781263104054e-03,1.912665983359187680e-02,4.689561646181374804e-02,8.000167113840031888e-03,4.551548531118305291e-02,2.837565881694103717e-02,4.004309583380825238e-02,2.636705957928222113e-02,3.279370982389611527e-02,8.283278617586970968e-03,1.234921639387283158e-02,8.023741510816967751e-03,2.931273054592603566e-02,3.104951504466564940e-02,1.134460766605819258e-02,1.208223921676568856e-02,5.274846663388819273e-03,2.549232518928847609e-03,1.632842707744291272e-02,1.722461593650076450e-02,1.078931089584007040e-02,1.129775923111251551e-02,7.255303053541568370e-04,5.654419531604899796e-03,8.618985080166270338e-03,5.249307618981608088e-03,8.076258800469112223e-03,6.820010649429392689e-03,2.678205755345478695e-02,1.589865031624890235e-02,1.497802246261568763e-02,3.742268031998599587e-02,3.426400276507751003e-02,6.500756502021480532e-02,5.491380173731304215e-02,6.189705711574026992e-02,4.643359484047823206e-03,9.313120671511120052e-02,1.316477234098552100e-02,1.345526254347134965e-01,1.618006665555587684e-02,2.797910164696580659e-02,1.842116282954420897e-02,3.074408962751530930e-02,3.252446522439438742e-02,2.191365449548252162e-03,6.031125013921790831e-03,9.674809875486680907e-03,6.712301068836951275e-03,2.100010794430618583e-02,3.229674792239267764e-03,2.100465956305969106e-02,8.849660968828181387e-03,3.743326415219065239e-03,1.924582301668090190e-02,6.996053168031158773e-03
4.536301006385144025e-02,1.425716904577330191e-02,1.690049897193669770e-02,3.033006401325397117e-02,1.179947813270303646e-02,6.645819045810170966e-02,6.683393553848791802e-02,2.982312046568216801e-01,1.511088454118810209e-01,4.540662419196873911e-02,0.000000000000000000e+00,9.369779336007329207e-02,1.771112723007542411e-02,2.190147550876902008e-02,6.044430857690678838e-02,1.848191829619120347e-02,2.841043320204298533e-02,1.295234418740202724e-02,9.009125912578979170e-03,1.221497373036353057e-02,6.248374637079040679e-03,1.167615320998406647e-02,6.771049708573733880e-03,7.516016899302365578e-03,1.963647308707631989e-02,1.332792418835117114e-02,1.157511822793766583e-02,1.612034020355487471e-02,2.043502248266876667e-02,3.349377770075205162e-03,8.143891614039546964e-03,1.143616169480020373e-02,1.763510004320007277e-02,1.656421137198157631e-02,9.833531118873108795e-03,6.173564305752626824e-02,2.297534055079270693e-02,1.969403441907529029e-01,1.099444345077607160e-01,2.141474408541814978e-01,2.270338557469476354e-02,2.633394348810251528e-02,4.988851258382956400e-03,4.610581235310905190e-02,5.163540434547757470e-03,2.365837233800367062e-02,4.135238378433782336e-02,1.842190690435441258e-02,7.305348569580299989e-02,1.256812572385611164e-02,1.158624705641966846e-02,8.733973567070361932e-03,1.760740440387128375e-02,8.278946468123439886e-03,1.622299831357406144e-02,2.973294092216653695e-02,1.813567609269459147e-02,1.170792016096039792e-02,1.380285523562953427e-02,7.107723045698241017e-03,5.384805006329105095e-03,6.809751547735831689e-03,3.745823885578085811e-03,5.233087969631517204e-04,2.291649914314732202e-03,1.485369079469251114e-03,2.329114985264397163e-03,3.799585388071750804e-03,3.637832694465110549e-03,9.143585769599912524e-03,6.890557935801600552e-03,1.906357659211568162e-02,2.853237549118155247e-02,5.307134545725584324e-02,6.188157738007603326e-02,4.747443935707546664e-02,5.946559455537328044e-03,2.295194082074498293e-02,2.268671508495318651e-02,7.349845235404087532e-03,1.112520011487474255e-03,4.268818764421520619e-03,1.044540814687839117e-02,8.322953744284161334e-03,1.216987868931931373e-02,3.530608160669478079e-02,1.768854102078548304e-02,1.259741422530397288e-02,2.053728958940151395e-02,1.059777623584803874e-02,5.487443672131287094e-03,4.936299379128023662e-02,1.131894280826748790e-02,1.391349702382955675e-02,2.666627772327267217e-03,2.152437374313810603e-02,2.563117023756255469e-02,3.060248584901196275e-03,1.775877849007516038e-02,1.289192952727075472e-02,8.519585403223128156e-03,4.532102673724018593e-02,4.993390139809650297e-02,1.541743345227224171e-02,1.110021701427358568e-03,4.914275047102224965e-03,3.462488115533297883e-02,3.929024230882614821e-02,3.427285354360400799e-02,3.079729662129442741e-02,2.809303088173458265e-02,3.294840691588860754e-02,6.006423657953353229e-02,4.620005970338876555e-02,2.710392495248292732e-02,6.294581737341414795e-02,3.537829384769174829e-02,5.013722316503077536e-02,2.318782335532416569e-02,3.016932154077732724e-03,5.591001501440165389e-02,3.659135859691361493e-03,1.042606821546788499e-02,6.917293073329498776e-02,4.292242373457014898e-02,8.546478872226614953e-02,3.553698217163606121e-02,5.321437761852296222e-02,6.198405700626880011e-02,4.176500381561909503e-02,4.400544521117980695e-02,9.420988694884988024e-02,4.965614197623562619e-03,2.559711977416475118e-02,5.825245543378353152e-02,1.500493116187141297e-02,2.542278074484185732e-02,1.088034617505268149e-02,1.293117086144746596e-02
