0.000000000000000000e+00,3.902208571643827478e-02,1.803945572415120019e-02,2.384449280628392343e-02,1.867717124513305123e-03,1.022879606311399674e-02,9.615777524167364726e-03,1.703421055700638648e-03,4.615343837911181244e-04,1.603560982647871894e-03,9.443444407439565867e-04,1.684488556456718205e-03,9.658051643871995180e-04,9.555925139424581525e-04,4.265473279383991405e-04,9.510109957271156321e-04,5.929905372280522453e-04,9.650674831665165699e-04,1.811792145362063318e-03,1.181471912692305757e-03,1.657686487235047893e-03,2.882472736820409012e-03,6.544643788958905747e-04,2.739747268315799651e-04,2.701929102574324951e-03,1.286731361145630054e-03,8.094571130217474231e-04,1.867315654331455155e-03,1.349471744375789180e-03,2.719480802344804559e-03,3.552701814225886056e-03,1.324360469525181225e-03,1.888566533823073362e-03,1.166049603957329626e-03,8.628842636666644167e-04,1.580981132094029257e-03,6.944508399020014574e-04,1.957508541132354206e-04,2.981650433139261514e-04,4.248924585874591956e-04,6.868104500446342011e-04,1.439406626184501015e-03,9.574306788420182965e-04,1.926752079633578269e-03,6.864515582866882867e-04,3.681745575930802446e-04,1.809025888943645169e-04,1.844711110325214206e-03,1.412234256076498823e-03,1.890962687513533455e-04,9.369017392666931839e-04,1.792582932266874405e-03,9.596577955814848508e-04,1.411112043281033011e-03,2.036143960253555731e-03,2.852478257902139620e-03,1.339803340834668302e-03,5.677002181458394754e-03,3.083718692330651300e-04,8.841331671178507537e-04,5.701320068712766552e-04,8.048455494282044263e-04,1.070077460195304180e-03,3.517677250401583995e-04,3.488060491946810403e-03,1.725012599928218157e-03,2.687868110222253141e-04,1.814365589255186604e-03,4.306074487652079971e-04,4.115601016546749087e-04,4.133205480134105906e-04
3.902208571643827478e-02,0.000000000000000000e+00,2.709760982450578823e-02,5.795312665406548297e-02,4.983650516784392942e-02,1.330308378650030786e-02,1.331239457928655445e-02,4.808813975134469156e-03,7.905250413557683492e-04,8.819385897396195230e-04,1.731559829506496180e-03,2.592525239664625857e-03,3.606021628261416902e-03,2.503668390561778791e-03,5.943571046093113408e-04,1.721951012884602450e-03,1.073576292312616084e-03,1.647898767631703228e-04,1.929756670443267446e-03,6.744894286561265578e-04,8.336907160521698102e-04,7.019567513975376143e-04,7.194375675286444850e-04,2.831264308324296544e-04,2.424048424460641810e-03,1.409665873305768679e-03,2.966847695112788397e-03,3.892720066897403536e-03,3.110285069770477983e-03,3.216362244810938836e-03,3.435068692605555696e-03,5.004553954657649717e-04,1.803042349474658339e-03,8.134826434617375892e-04,1.261633096139476657e-03,3.740436649144549073e-03,3.448204714112938665e-04,3.688738843759095036e-04,3.716711301551568476e-04,1.266777221066938373e-04,1.984718250418692192e-04,1.562879361827452639e-03,8.174577264684569546e-04,3.370682441151822382e-03,5.706941978823833932e-04,3.347080847325064061e-04,6.041644426891210626e-04,1.430100101906724933e-03,1.098052047428331630e-03,2.468071352751494640e-04,1.678662902925593704e-03,3.555588088251146993e-03,9.077316635703671114e-04,9.257544920088945500e-04,9.050997183993557665e-04,2.809528413058626521e-04,3.507518735638716877e-04,2.973472034114059241e-03,6.669902907204796000e-04,1.009449642137662424e-03,1.788318927172469501e-04,9.879306067125791929e-04,1.291352900614541445e-03,2.958327081873264857e-04,3.872233041381757494e-03,2.545330712051526844e-03,3.071631607255056041e-04,1.825822097366498710e-03,2.844844824175809758e-04,6.916919857056964566e-04,1.711954956515279215e-04
1.803945572415120019e-02,2.709760982450578823e-02,0.000000000000000000e+00,1.302809221386647953e-01,7.735154427430979140e-02,2.962742603885785281e-02,5.343051860067719872e-03,3.049429187896921314e-03,3.687567070412385659e-03,7.590804668078162277e-04,2.754967355519010157e-03,1.019919060430364262e-03,5.260325353965822522e-03,6.458743996330738694e-03,5.776831295003915893e-04,8.625840186783459429e-03,4.067947263645929450e-03,1.956234266278011197e-03,6.792271575909232528e-03,1.025959633960417264e-03,1.231244280280935008e-03,3.491093393679791258e-03,2.423470915700135560e-03,4.524783102540618353e-04,3.919009716636670353e-03,4.532522168543094178e-03,4.614275486345642725e-03,7.563899517261243183e-03,4.685471838949231346e-03,5.745371559931823982e-03,1.229341991599110402e-02,3.829113767600641777e-03,6.641162893518277530e-03,2.780053445328448374e-03,2.492764461912853197e-03,2.207022374016999987e-03,5.352834199968263844e-04,3.919401177194585485e-04,2.243320828943358653e-04,5.990472801535199699e-04,7.265840659808935542e-04,4.187951243125642752e-04,7.221097295609820148e-04,1.173268879533449858e-03,1.353050101151169211e-03,5.341425169578736809e-04,4.322645858321120084e-04,3.803070369924902751e-03,4.345989338370946468e-03,1.934497976876409274e-03,5.680315492001149907e-03,3.157286345297092602e-03,3.812414180874928397e-03,4.166196235564733133e-03,2.537762995027334229e-03,6.816590754054168907e-03,2.201962419590759289e-03,5.374656673382412556e-03,2.318216983513700878e-04,8.458129561504420645e-04,9.641579837423160061e-04,2.095319483178322440e-03,2.092915215384690431e-03,9.927411974853747340e-04,4.539112174161604070e-03,2.941818507614325263e-03,3.337603495947174355e-04,1.016244070651731992e-03,2.898110944009097854e-04,4.737824735033705306e-04,1.131260618526832407e-04
2.384449280628392343e-02,5.795312665406548297e-02,1.302809221386647953e-01,0.000000000000000000e+00,5.294359818915510968e-02,3.175394446907645052e-02,3.211506720557549821e-02,1.077317207546023801e-02,7.849887949741569948e-03,2.666545128251978682e-03,5.957675951799463847e-03,1.947119872370465772e-03,5.976955834337783699e-03,5.848982597606271726e-03,1.007700167553567420e-03,3.911636403306626396e-03,1.350803256391338528e-03,9.058745297531435679e-04,3.224784268246134143e-03,1.078041809172197198e-03,2.588546307440024990e-03,9.204946137992914279e-03,1.917982398913990316e-03,7.581064159062210657e-04,6.732504776486777920e-03,4.434362100634878755e-03,2.418781751459123715e-03,4.428665670512967230e-03,4.947943883432388661e-03,2.492031106292358182e-03,7.504464174733561574e-03,1.898111361149595541e-03,2.907296628351368952e-03,6.882952599071482215e-04,7.373144264248606815e-04,1.351936828480680306e-03,1.803964318367023143e-04,1.942492754241873258e-04,6.000268563630724999e-04,8.097702681941492016e-04,1.578385376777102593e-04,1.447910568908316025e-03,4.371705719039073869e-04,9.240340351271926142e-04,9.283152615645651239e-04,9.302632442736781830e-04,1.331548543984675120e-03,5.614360239479152751e-04,3.738859881654307479e-03,8.644672058394858123e-04,6.334027996572570880e-03,2.945199583949936490e-03,2.837601520728134583e-03,1.412953571807766279e-03,9.337592131201930858e-04,4.130331475005070974e-03,4.772300592795123255e-04,7.329378352330551995e-03,2.587321984974308019e-04,6.428072492997102295e-04,7.506293852103946684e-04,3.750478607583288058e-04,2.577974407646721304e-03,1.700224041120578259e-03,3.096389721396512144e-03,2.889933144342678346e-03,3.071877046757401212e-04,3.364100286678400713e-03,1.607279983896897201e-03,1.731800865235054963e-03,1.716909542991591330e-03
1.867717124513305123e-03,4.983650516784392942e-02,7.735154427430979140e-02,5.294359818915510968e-02,0.000000000000000000e+00,4.383924443008871408e-02,2.101693560554855275e-02,3.556548584657734380e-02,7.165162939855480861e-03,1.672288239571043805e-02,5.245802474347441464e-03,2.802284821569734925e-03,1.101127837700775422e-02,1.705918325090836907e-02,2.750497246185703952e-03,1.018800090233014377e-02,7.149238460044090963e-03,3.291006692857729923e-03,7.341222779649717728e-03,3.300213397387667669e-03,6.304843477394640175e-04,9.827745009982999814e-04,3.366712962332477164e-03,2.519611653623327497e-04,1.548030560875298181e-03,1.805086215151004885e-03,2.827803216990601529e-03,7.842945712314787488e-03,3.866212288828527015e-03,6.682054699616760997e-03,1.163874705985254616e-02,1.769856089957860161e-03,7.053427052519580832e-03,3.458881559764391002e-04,3.043088243758104629e-03,2.127376812373510742e-03,7.362105222726067271e-04,7.895066272822731483e-04,2.127461111132447570e-04,1.285301223145371733e-03,4.541583438558874732e-04,9.309543939582750781e-04,1.806531393998504721e-03,4.559113292324435546e-03,2.460589531526950063e-03,6.711587094355716361e-04,2.680599112242192518e-04,4.277901406408366781e-03,1.231523127366286347e-03,4.908150861116426875e-04,2.140318931235815885e-03,3.107956566138510898e-03,6.283939977267327063e-04,1.710565389987426079e-03,8.296879316745361986e-04,1.373288029021204129e-03,6.991161819678984920e-04,4.748719945409516502e-03,2.850735237796290546e-03,1.568001500851749037e-03,5.873950839106511015e-04,2.639748829756014253e-03,2.946017374140516305e-03,6.178569297715466070e-04,7.549014628444076017e-03,2.136965582532987344e-03,1.995284836556557046e-04,2.536649504035590370e-03,8.233296839812827761e-04,1.663192517809036070e-03,9.155089415510273476e-04
1.022879606311399674e-02,1.330308378650030786e-02,2.962742603885785281e-02,3.175394446907645052e-02,4.383924443008871408e-02,0.000000000000000000e+00,5.948988854270548243e-02,3.215317655432243377e-02,5.684236633527750722e-03,4.177760136316213506e-03,1.121723888719912063e-02,6.144726145714486144e-03,6.023478657224735217e-03,9.115519611622137364e-03,6.050521886458565951e-03,5.528748247670702519e-03,6.885409303963510932e-03,6.319170524739547642e-03,8.917632246011521907e-03,8.551380105100770887e-03,6.762374856345764948e-04,2.310458767940523715e-03,6.905738173156122928e-03,1.745981729148952770e-03,1.338259093499741866e-03,4.329676798047732249e-03,7.337374391189778293e-03,1.025595993173068245e-02,2.253594727525053479e-03,7.374921742538914464e-03,1.397035937011103894e-02,5.052009890076776489e-04,5.738240086562925585e-03,2.717499660058299098e-04,1.795112129749491011e-04,5.860196454363126792e-03,2.430664831043299575e-04,2.077157291452807683e-03,1.024136610150200473e-03,1.081056256501092012e-03,5.446376689021381568e-04,2.727129380529260674e-04,8.483299667941470064e-04,1.012018069525778336e-04,6.348171893367577289e-04,2.828865720921064234e-04,1.609354527184345617e-04,5.862040763884976326e-04,1.477469898776143922e-03,3.428732624453858396e-04,2.881972826153367511e-03,7.317668552336849914e-04,2.175398559592176407e-04,1.987696989692485088e-04,3.974722708215694942e-04,1.093127170498783872e-03,2.331947315250355347e-03,4.307254924160498072e-03,4.298743107485106588e-03,3.181134325290626858e-03,1.274518491017428198e-03,3.690913484471590325e-04,1.494522741694536598e-03,1.138172706835869578e-03,3.842355964950177477e-03,9.134995503683120306e-04,4.021163542272798296e-04,2.927508974256432580e-03,1.248317208782986866e-03,6.034178748673627718e-04,1.783172625977064044e-04
9.615777524167364726e-03,1.331239457928655445e-02,5.343051860067719872e-03,3.211506720557549821e-02,2.101693560554855275e-02,5.948988854270548243e-02,0.000000000000000000e+00,1.492053626886315210e-01,8.933160188363312160e-02,4.718768600398182134e-02,3.916849168879234233e-02,9.465489865185904364e-03,3.665657574707090628e-03,7.233339748575641666e-03,2.088225278267068219e-03,2.048841958701428170e-03,1.641378814845618041e-03,7.868909466769662521e-04,1.046040873043803084e-03,4.691282579840683024e-03,2.164932451942885080e-03,7.833948076763378940e-04,2.566380589398944197e-03,1.874996240979232096e-03,1.857399228063693177e-03,8.251480358891510750e-04,1.634255476409888141e-03,5.038966891132127916e-03,2.561893028277074675e-03,7.323181632642778230e-03,5.367373578284644932e-03,2.169403839442283349e-03,1.090616278274962256e-02,1.539146703478400449e-03,1.865040818766939114e-03,1.665553102877573386e-03,1.027542683943789403e-03,9.268792779047787525e-04,4.518690143862028204e-04,2.779172388336667403e-04,3.011198535899243579e-04,4.761497845533907165e-04,3.821105195108847360e-04,1.659767227660183166e-03,1.537867644286489285e-04,1.493318677059172171e-03,1.842865345557286516e-03,6.293256138028437531e-04,1.437643290508622100e-03,1.380207535362627325e-03,7.532322561380241921e-03,1.593711008807651916e-03,2.502010092860688473e-04,1.980706764988072500e-03,1.249566163596467234e-03,3.181554790127589724e-03,1.090262339787685664e-03,5.235717998648933488e-03,3.990931773415795462e-03,2.020755157880779144e-03,1.088261710187745073e-03,2.187910006363125355e-04,1.696112832708036909e-03,1.370412116738733586e-03,2.506848140114301127e-03,6.313105044301745494e-04,4.079493092457989515e-04,1.069701722136824455e-03,3.894115571893841930e-04,3.001147310420342659e-03,2.481313035545122149e-04
1.703421055700638648e-03,4.808813975134469156e-03,3.049429187896921314e-03,1.077317207546023801e-02,3.556548584657734380e-02,3.215317655432243377e-02,1.492053626886315210e-01,0.000000000000000000e+00,9.063246197008061056e-02,1.117588022125198984e-02,1.478568072112266055e-02,1.220696458928083837e-02,5.462481956080453456e-03,7.104434090751540580e-03,3.439810771737973182e-03,1.085510690503806944e-03,6.842382144622046261e-03,4.045363971778044923e-03,2.106414592473869907e-03,1.662624949188074713e-02,2.092293547347647085e-03,2.644485289442516200e-03,5.077413934890233176e-03,4.288282074161846834e-03,1.826542945498947591e-03,3.128100426987332839e-04,4.324297749151665565e-03,4.038995386294564130e-03,2.734327689968409601e-03,4.235718299355643000e-03,1.824143588422917021e-03,4.472246965025793251e-04,5.050816269170081696e-03,2.299489027161248124e-03,4.465012566944394942e-04,3.056051414614433339e-04,2.217671139612461401e-03,2.713469329191098463e-03,1.135929911639671237e-03,1.164812057380896137e-03,6.031510942029587059e-04,1.640226198987875710e-04,4.000329393908832586e-04,2.173356965495486497e-04,5.003810719509451397e-04,7.234370207194173443e-04,5.474362615351331717e-04,2.188760346242024136e-04,1.114136267669139620e-03,5.889423815282970875e-04,1.989411904339654334e-03,5.784589891438426902e-04,4.942933604897808541e-04,4.196416933159993409e-03,4.532749637318391617e-04,7.513755710698696508e-04,1.632531382113785274e-03,3.123280228505886501e-03,2.290764652922520992e-03,5.418110460689187606e-04,4.702546922848780189e-03,3.346430062675400090e-04,3.745018533529400045e-03,2.605016696752158935e-03,4.696172169430255609e-03,6.354140117736724758e-04,1.857161286998592611e-03,3.909404258288273586e-03,3.971673241936068618e-03,1.832595989298439190e-03,3.079624460680242641e-03
4.615343837911181244e-04,7.905250413557683492e-04,3.687567070412385659e-03,7.849887949741569948e-03,7.165162939855480861e-03,5.684236633527750722e-03,8.933160188363312160e-02,9.063246197008061056e-02,0.000000000000000000e+00,2.010006738068327581e-02,8.082913427308870136e-02,3.586998047416278118e-02,5.623862725056460489e-03,3.887245746001757180e-02,2.160396935928751358e-02,1.434392122990622333e-02,2.059272746858806236e-02,1.136937083104277643e-02,8.329025783972932029e-03,2.523804425412901412e-02,6.007212038675192444e-04,1.440162849119213349e-03,1.845043352542082710e-02,1.932510097568338088e-03,2.581731843883109528e-03,1.043050450631165423e-03,7.185446434917402286e-03,1.143238172719893836e-02,2.075718957582301048e-03,6.937299071963378035e-03,3.967126854275815524e-03,1.022357471968469295e-03,7.097080769132312929e-03,1.176375982592705021e-03,3.685423448614517559e-04,3.877598918141991584e-03,1.707770595136178350e-03,3.165324521183906972e-03,6.393762080337609928e-04,1.733721894550756086e-03,4.467132148244556998e-04,8.180316497661710862e-04,8.119976067509246343e-04,7.167287921769815908e-04,4.988768906307205261e-04,1.988116011336507529e-03,1.467697021757446334e-03,2.658200551207198369e-04,3.907851131045897062e-04,4.433541880298013890e-04,3.487403513585510522e-03,5.258273601099270993e-04,1.243749151656635540e-03,6.965273860411320657e-04,8.690148694490212270e-04,6.346355331017900728e-04,1.395141433936883087e-03,2.121061060388996795e-03,8.000366923954740916e-03,5.245394511948798036e-03,8.352166031859273743e-04,1.431714239820685176e-03,1.581638883191631168e-03,4.925676523487050942e-03,3.667690835062304821e-03,1.638985343019146862e-03,8.919953997556919010e-04,2.526209768602947527e-04,1.347213132093279990e-03,8.493364089019082245e-04,1.032365054054806570e-03
1.603560982647871894e-03,8.819385897396195230e-04,7.590804668078162277e-04,2.666545128251978682e-03,1.672288239571043805e-02,4.177760136316213506e-03,4.718768600398182134e-02,1.117588022125198984e-02,2.010006738068327581e-02,0.000000000000000000e+00,2.801331958391112265e-02,2.070892753517366430e-02,1.899654877674644346e-02,1.628082640245921003e-02,5.192256195448784889e-03,3.875556837120126743e-03,1.126121397207769347e-02,7.564406570560342977e-03,2.129026864287465824e-03,1.905367263197675978e-02,6.245531515649502827e-04,4.190276601214362739e-03,1.348579140788127260e-02,6.916880933962758077e-03,3.232766828248502099e-03,1.318984971910135313e-03,9.208380923547839284e-03,7.918986332560653749e-03,3.518953909394204483e-03,7.568007899955898725e-03,1.230533077633325567e-03,3.892380827199209492e-04,2.646412899704794069e-03,2.113241347597538938e-03,1.264272273594351046e-03,3.554802628696903484e-04,1.133012859269120782e-03,3.110024511442635933e-03,3.188669182294139298e-03,5.145389975089950836e-03,5.352652864360410564e-04,1.326165279085965085e-03,3.125332815619347756e-04,1.056601772842786190e-03,8.398476588554695419e-04,5.310794959280290594e-04,2.689384803055207577e-04,3.725426826799275201e-04,9.813707923667775151e-04,4.907547157954823868e-04,2.674665873329898098e-03,8.327288716831476737e-04,5.417731660713756775e-04,7.687590922998725415e-03,6.016873406775052500e-04,8.072234720013262950e-04,1.205969029709612686e-03,3.694504291361892876e-03,3.118438992346771015e-03,1.629647432922293844e-03,4.624663353032791580e-03,1.113969876734008119e-03,4.668817379936641629e-03,4.152563512918221525e-03,4.080836454634202692e-03,1.243819993263630807e-03,2.696872777630871486e-03,2.048207553842172450e-03,2.359654246555003502e-03,2.456975650617099390e-03,1.295804342785555159e-03
9.443444407439565867e-04,1.731559829506496180e-03,2.754967355519010157e-03,5.957675951799463847e-03,5.245802474347441464e-03,1.121723888719912063e-02,3.916849168879234233e-02,1.478568072112266055e-02,8.082913427308870136e-02,2.801331958391112265e-02,0.000000000000000000e+00,1.081004129575336391e-02,6.316448991029254001e-03,2.017959884375027102e-02,2.240002315957291632e-03,3.512974473937135068e-03,1.824719203102931689e-02,1.772317027984745066e-02,2.093273194464878324e-03,2.085903412196361134e-02,2.064150901037180470e-03,1.705831034737681582e-03,8.496660446940593539e-03,3.599785634491286211e-03,4.095743526190335874e-03,1.050313838942250073e-03,7.640908897482579648e-03,7.748713273901338197e-03,1.386267570561135285e-03,1.125802871693467634e-02,6.936551129474606385e-03,9.961319864904517526e-04,6.274203489192339313e-03,1.537963045938946487e-03,1.600987085025810724e-03,4.555526942611707068e-04,1.921537427185589057e-03,3.125485807670105496e-04,3.115564088481169252e-04,2.491078749808961317e-03,4.428571176094536484e-04,7.196483010778783728e-04,4.877915359853309939e-04,7.784819880356520219e-04,2.817306218998337150e-04,2.030226117815511679e-03,6.583324315753074718e-04,3.645794822699570631e-04,9.365812966736852081e-04,1.142520426838063976e-03,7.522219285360779622e-04,1.327785666075246770e-03,1.272452533092600533e-03,1.811307174435210698e-03,1.081440548605332522e-03,5.450467857974302570e-04,8.813249875296494786e-04,2.798234318432497088e-03,4.652794909254433925e-03,9.761312945935576467e-04,2.887659039212887597e-03,5.002687549508094429e-04,2.733223583613408805e-03,3.495974087039768839e-03,4.980700984470284171e-03,4.679767741694322212e-04,7.625510703141914108e-04,5.103206684796630964e-04,1.120280376375459635e-03,4.642935967343021710e-04,8.201233142619775195e-04
1.684488556456718205e-03,2.592525239664625857e-03,1.019919060430364262e-03,1.947119872370465772e-03,2.802284821569734925e-03,6.144726145714486144e-03,9.465489865185904364e-03,1.220696458928083837e-02,3.586998047416278118e-02,2.070892753517366430e-02,1.081004129575336391e-02,0.000000000000000000e+00,4.014067189060070012e-02,4.358454273804641260e-02,1.708532000234052814e-02,1.008417550153861177e-02,2.026030583251423045e-02,1.641614086640303533e-02,8.016328782048848939e-03,2.197766126212200369e-02,2.868864543106819983e-03,3.859388883912675313e-03,3.396263779706345382e-02,9.723757481801108965e-03,3.761037778579284872e-03,1.499239599675565582e-03,2.731608594891552985e-02,1.162631992322275473e-02,4.190089873954916388e-03,8.564763448920667543e-03,3.059596541153108799e-03,9.384688023541257673e-04,4.032138712086764769e-03,4.197956755828600311e-03,1.136199767217973243e-03,3.473687689838039598e-04,7.941500898125753230e-03,3.725664869956278082e-04,9.332753458928358045e-03,6.145074824664918320e-03,1.550167902874623237e-03,1.210320633004142998e-03,1.715546033428227935e-03,3.458501696081515563e-04,3.677853065733949559e-04,5.440427624473623052e-04,5.599376256025453968e-04,1.095833025411156085e-03,4.865421762979401320e-04,5.603525598756691189e-04,1.848887102228245413e-03,5.933058069111725626e-04,1.380626526865598057e-03,1.971609655359631182e-03,1.792454287916509176e-03,2.610567988376758745e-03,6.661236040361922855e-04,5.625044354979151159e-03,1.557432864974643430e-03,1.387023952125829599e-03,5.208977950691789883e-04,5.295510264058586429e-03,1.019132429952401483e-02,5.878661721357946769e-03,1.278148098801138062e-02,4.563480591662145459e-03,3.075782800246143651e-03,3.191553731923852007e-04,1.135437450631867316e-03,5.175826182337281466e-04,1.798078902202523131e-04
9.658051643871995180e-04,3.606021628261416902e-03,5.260325353965822522e-03,5.976955834337783699e-03,1.101127837700775422e-02,6.023478657224735217e-03,3.665657574707090628e-03,5.462481956080453456e-03,5.623862725056460489e-03,1.899654877674644346e-02,6.316448991029254001e-03,4.014067189060070012e-02,0.000000000000000000e+00,6.673024196365541505e-02,4.199233157281807155e-02,7.032775868956746279e-02,1.030265905640095556e-02,1.096276795243929410e-02,2.723546416129272660e-02,3.923127133666767102e-02,2.748149158499454958e-02,6.150602891213197664e-03,5.449658786663012788e-02,8.663545422646379626e-03,1.599952518950106123e-02,1.584061029385096242e-02,4.013553825634855882e-02,4.596894521857036037e-02,8.127853082792624306e-03,1.715195864229009451e-02,8.944234759051124597e-03,9.674150130976134953e-04,8.392665652831622636e-03,1.827132689604661327e-03,2.908482968514786377e-04,4.764287406887600948e-04,8.309889115669768025e-03,5.791014864475500443e-04,4.225913438801708055e-03,3.113391361934985530e-03,6.483708194176774839e-03,3.410860897917345012e-03,4.967913473506143165e-03,1.403622293792109550e-03,9.639445239466773842e-04,1.759324201805847901e-03,1.018172304875641140e-03,7.260969332751643661e-04,7.076312945406575041e-04,7.362553665677446955e-04,2.069642347346895180e-03,5.081658540804374338e-04,8.596857561221503581e-04,1.008625939986275205e-03,4.841564666868113922e-04,1.844876585327623081e-04,5.470018535806019013e-04,1.359775671088583491e-03,9.395055934731917982e-04,2.706236159446762102e-03,1.751747918761812836e-03,7.579855355858820636e-03,3.624563276984319512e-03,5.811889532048662710e-03,1.035528946947105941e-02,1.282582519922018192e-03,2.392402138840292632e-03,1.860987163765922409e-03,3.458625999209358811e-03,1.591009311289122950e-03,1.872798235262995237e-03
9.555925139424581525e-04,2.503668390561778791e-03,6.458743996330738694e-03,5.848982597606271726e-03,1.705918325090836907e-02,9.115519611622137364e-03,7.233339748575641666e-03,7.104434090751540580e-03,3.887245746001757180e-02,1.628082640245921003e-02,2.017959884375027102e-02,4.358454273804641260e-02,6.673024196365541505e-02,0.000000000000000000e+00,2.994949767299243115e-02,1.962851480355749453e-02,3.456416856706730906e-02,4.446791312157412357e-02,2.580064439237193460e-02,7.459048170903509467e-02,1.303468529698866285e-01,8.447993848122768712e-02,1.520002413985790668e-01,5.128198824488545277e-02,7.820321920710382457e-02,3.386568293527088963e-02,1.391198082305956096e-01,7.198078411286699951e-02,1.075322104068942609e-02,4.303255929773323191e-02,1.415018548003203411e-02,2.068881760317721821e-03,2.405874238923682087e-02,1.216124904679143082e-03,1.851196176136935597e-03,2.805408522119783076e-04,9.897592668457093693e-03,3.135805078923482522e-03,1.367958202458199532e-02,9.013108503991670156e-03,1.186798395735233144e-02,5.321783419503369611e-03,1.324395155710091782e-02,4.890897430944526544e-03,8.039931012386819596e-04,3.703791383214678312e-04,5.858742452669273276e-04,7.254094282166918079e-04,9.531668528371247881e-04,6.198684081279414717e-04,8.069643378687713390e-04,1.340427421645486042e-03,5.946682816572057377e-03,3.892399155600874579e-03,3.319663127081480362e-03,1.803557649819258419e-03,4.454341767220151675e-03,6.247897797636038468e-03,5.520914136618159523e-03,1.613749584128416209e-02,1.812027580609123839e-03,2.984762722723348707e-02,3.661457217389811614e-02,3.862484836439396968e-02,4.581918158446202094e-02,3.711444326138840268e-03,1.499581832699643444e-02,7.612750028958208820e-03,5.238301017013250079e-03,2.979939841723594929e-03,9.837793277106840571e-04
4.265473279383991405e-04,5.943571046093113408e-04,5.776831295003915893e-04,1.007700167553567420e-03,2.750497246185703952e-03,6.050521886458565951e-03,2.088225278267068219e-03,3.439810771737973182e-03,2.160396935928751358e-02,5.192256195448784889e-03,2.240002315957291632e-03,1.708532000234052814e-02,4.199233157281807155e-02,2.994949767299243115e-02,0.000000000000000000e+00,1.200315418808788753e-02,8.391228364100881965e-03,1.843689948007752322e-01,1.833256936838606813e-02,4.100094832374868992e-02,1.514201373465381140e-01,1.259908094713298177e-01,7.879916271078697687e-02,1.295663627466674128e-02,1.814264102937881984e-01,3.433115356556160069e-02,1.612336198773701643e-02,1.262908687465352266e-02,1.425218370916543804e-02,5.389826164284120501e-03,2.655539581418050587e-03,1.892010557700552278e-02,9.941135820615838552e-04,4.645540774634375827e-03,3.726344622090139308e-03,3.362383312790250770e-03,6.395281736435120407e-03,4.796566371932234948e-04,8.007045863771397251e-04,7.011924353857249817e-04,1.620914605076790964e-03,7.876297085844329027e-03,8.247947360062519344e-04,2.577215384524612126e-03,6.535063252278736773e-03,1.118803900601660116e-03,1.390976402638243858e-03,1.300074807160909486e-02,4.266271498710336348e-03,1.075777271338564448e-03,1.758053544700262849e-03,9.226715036659095814e-03,1.389262955894209409e-02,6.261530045854730997e-03,8.000108308852371328e-03,3.207589191695296195e-03,5.107528504961728749e-03,4.646990751084541064e-03,1.763250892859060184e-03,4.030128846239788322e-03,5.977192065209772139e-04,2.664041911951118159e-03,8.417771998079841972e-03,3.090853478003972171e-02,3.247789923476487872e-02,1.154394568570521603e-03,1.151845782732364119e-02,1.357375617480404209e-02,2.976470909416990222e-03,8.554872382030943379e-04,6.799423028766500869e-04
9.510109957271156321e-04,1.721951012884602450e-03,8.625840186783459429e-03,3.911636403306626396e-03,1.018800090233014377e-02,5.528748247670702519e-03,2.048841958701428170e-03,1.085510690503806944e-03,1.434392122990622333e-02,3.875556837120126743e-03,3.512974473937135068e-03,1.008417550153861177e-02,7.032775868956746279e-02,1.962851480355749453e-02,1.200315418808788753e-02,0.000000000000000000e+00,1.867061432197132664e-01,1.673144437657251293e-01,9.508197331826254151e-02,1.361469978238904754e-01,1.735892664103138860e-01,2.258334728721383272e-02,8.134387303738135899e-02,7.485248051875290076e-02,9.518436142296229918e-02,6.904488207063712302e-02,3.435827560721189944e-02,4.146514966992454615e-02,2.252535059185077800e-03,1.046950652372524368e-02,9.351396531361376441e-03,2.731524411951121150e-03,3.895905873982202436e-03,2.693391526930150395e-03,9.464993780154974364e-04,9.647386357874988523e-04,1.119843984206529567e-03,5.621845969645579422e-03,4.179542515841234377e-04,1.525757360380092719e-03,3.118736990326059430e-04,8.318335521897836198e-04,4.824067384881018357e-04,1.945456089587546938e-03,1.405553262014257654e-03,1.470445349495650431e-03,5.488480748754027104e-03,6.727693826680457246e-04,1.198189562762100270e-03,2.499915275558250386e-03,6.253973487170553158e-04,1.543529799315373303e-03,3.088049411576195263e-03,5.496095296975274554e-03,8.334485985996719802e-04,6.333090847828983655e-03,2.415192920541014976e-02,4.860278547789874328e-04,2.654534972803002275e-03,1.282879189588825679e-02,2.424163354535860751e-03,6.941355070642497675e-03,4.675771084640338582e-03,6.525751322268105205e-03,1.754867907353492226e-02,1.394217154818339901e-03,2.597074873612350426e-03,6.006889581488434292e-03,6.649434002298130510e-03,3.846507419995261537e-03,9.675779040572281232e-04
5.929905372280522453e-04,1.073576292312616084e-03,4.067947263645929450e-03,1.350803256391338528e-03,7.149238460044090963e-03,6.885409303963510932e-03,1.641378814845618041e-03,6.842382144622046261e-03,2.059272746858806236e-02,1.126121397207769347e-02,1.824719203102931689e-02,2.026030583251423045e-02,1.030265905640095556e-02,3.456416856706730906e-02,8.391228364100881965e-03,1.867061432197132664e-01,0.000000000000000000e+00,1.504619690759081141e-01,1.754549183595514594e-01,2.109358284125270322e-01,2.638774502213238060e-01,1.374198511705748971e-01,3.303785555658608208e-01,1.464436692669522366e-01,1.729116442311456614e-01,9.323531407326671183e-02,2.414439464921319389e-01,1.383437550445344444e-01,3.578787998468157400e-02,9.289508595153540826e-02,2.963983644250579863e-02,5.044745800337176525e-03,4.386251151804324705e-02,3.310033919400017909e-03,5.081858485144131327e-03,2.462957644405877177e-03,1.020619551293370716e-02,2.269584806042890691e-03,1.776019350526689480e-02,8.933557064231914882e-03,1.520463788734403333e-02,1.091776525671712961e-02,1.850663846961204256e-02,3.647834141467973159e-03,5.687633538584506952e-03,7.780205058730100751e-04,2.102780290376674802e-03,2.060116837244077743e-03,2.610364813356561356e-03,1.798199374830047317e-03,3.493205405104975701e-03,3.773128020842251261e-03,8.458243849087105151e-03,7.444175721952933991e-03,1.292365186609384722e-02,7.794678995175280921e-03,8.718713106503456559e-03,1.381457025185975698e-02,8.925936328196748190e-03,2.185635161663171053e-02,5.971365986640221092e-03,3.966049318067736695e-02,4.445700437924914733e-02,4.459511476789823625e-02,6.859039388769047618e-02,6.021061874089844203e-03,2.590893304438235401e-02,6.351527018514261345e-03,1.063943347468849707e-02,3.851539329309060667e-03,2.268939169083852587e-03
9.650674831665165699e-04,1.647898767631703228e-04,1.956234266278011197e-03,9.058745297531435679e-04,3.291006692857729923e-03,6.319170524739547642e-03,7.868909466769662521e-04,4.045363971778044923e-03,1.136937083104277643e-02,7.564406570560342977e-03,1.772317027984745066e-02,1.641614086640303533e-02,1.096276795243929410e-02,4.446791312157412357e-02,1.843689948007752322e-01,1.673144437657251293e-01,1.504619690759081141e-01,0.000000000000000000e+00,3.255543734200191941e-01,2.296367630711196595e-01,5.116161302218913409e-01,3.837073062869831297e-01,3.476168736394542047e-01,2.323258984853365239e-01,4.041972900520380274e-01,2.045922469669812505e-01,1.013278223434222886e-01,7.406065926251083342e-02,3.317895478694218858e-02,4.175277108490842159e-02,8.254953556293138928e-03,3.724083257044739654e-03,1.767385467635802440e-02,5.535379620852966254e-03,1.977239908982218047e-03,5.025530707143585282e-03,1.391792512173775382e-03,1.774117914411641600e-02,2.901437348813316192e-02,1.005568406170428974e-02,7.318052761176556268e-04,1.568112388984049810e-02,4.409791067191184619e-03,1.086126264969808656e-03,7.407020317730835836e-03,4.232947029730899091e-03,7.752669096583135596e-04,2.838765433498567810e-03,1.817873674086095768e-03,1.984449670435916527e-03,1.303435724065301346e-03,1.504877021971102319e-02,9.136538372630441732e-03,1.236485889380880589e-02,2.018824646507366705e-02,5.169889154179039756e-03,4.368448778683896999e-02,1.428490854105104665e-02,8.085109696666056486e-03,5.288378853888060782e-02,7.188000372796008418e-03,2.203603249403579892e-02,1.888040082361121599e-02,3.438197869798435141e-02,1.795826498386223977e-02,2.311003568011479187e-02,2.332736591695015044e-02,8.134418930795193556e-03,5.405810698311305090e-03,2.298670759710874298e-02,1.411873528289810109e-02
1.811792145362063318e-03,1.929756670443267446e-03,6.792271575909232528e-03,3.224784268246134143e-03,7.341222779649717728e-03,8.917632246011521907e-03,1.046040873043803084e-03,2.106414592473869907e-03,8.329025783972932029e-03,2.129026864287465824e-03,2.093273194464878324e-03,8.016328782048848939e-03,2.723546416129272660e-02,2.580064439237193460e-02,1.833256936838606813e-02,9.508197331826254151e-02,1.754549183595514594e-01,3.255543734200191941e-01,0.000000000000000000e+00,3.412764831940940380e-01,5.416071332398157967e-01,3.708346973652409950e-01,4.391966321018776487e-01,4.349802616738531746e-01,2.645131886209734495e-01,3.918182322700198839e-01,1.280317411173194642e-01,1.911597753310631254e-01,5.220311555396656839e-02,4.295595387033158963e-02,4.540835768878298540e-02,1.216337761011973724e-02,2.417236478476986888e-02,7.851986747649395554e-03,6.426546919114936932e-03,1.196201742059344215e-02,7.101763454535584170e-03,8.227650355191063608e-03,3.840361399216427312e-03,2.063127316662525298e-03,2.453228047372880364e-03,1.110815762554250366e-02,1.799375411190665477e-02,6.228232842301483982e-03,2.002900885546101545e-02,4.458137806889955930e-03,4.125611314522124873e-03,1.428035651925065909e-02,1.164651856629691541e-02,3.930955983364229321e-03,4.505326737869587948e-03,3.397613954719785282e-03,9.117795281445685920e-03,2.500957294213954074e-02,2.067966674718182615e-02,4.008644031310307915e-02,6.822777391014128723e-02,2.240617175237387751e-02,1.125485981172088396e-02,2.540678717401075037e-02,2.668979602678141910e-02,5.024313447812975286e-02,5.517260702160386304e-02,1.379668961746747038e-02,3.544746590334423714e-02,3.285364089789643421e-02,1.844673824500614109e-02,1.551511594284483812e-02,1.391978635766188792e-02,1.886756188794169731e-02,2.211412995394926913e-03
1.181471912692305757e-03,6.744894286561265578e-04,1.025959633960417264e-03,1.078041809172197198e-03,3.300213397387667669e-03,8.551380105100770887e-03,4.691282579840683024e-03,1.662624949188074713e-02,2.523804425412901412e-02,1.905367263197675978e-02,2.085903412196361134e-02,2.197766126212200369e-02,3.923127133666767102e-02,7.459048170903509467e-02,4.100094832374868992e-02,1.361469978238904754e-01,2.109358284125270322e-01,2.296367630711196595e-01,3.412764831940940380e-01,0.000000000000000000e+00,7.718807690171676228e-01,7.276801401955806936e-01,4.013569691218705771e-01,4.098695018728932826e-01,4.268244382581329877e-01,2.505101214052979919e-01,1.711697593456958377e-01,9.140855429157791756e-02,1.720551130105998222e-02,4.147319160388258930e-02,2.337987225036236225e-02,1.186089050860401548e-02,1.741416011638460479e-02,2.090377217472324731e-02,3.424323140792673477e-03,1.475422071678142953e-02,3.572838726956456545e-02,2.208561557354985633e-02,3.650763207525365567e-02,2.802652773906024949e-02,2.150206592892313709e-02,2.738383244150085181e-03,2.425651353676273533e-02,2.993660792412788148e-03,3.661182451070831099e-03,8.158415672946540530e-04,1.825873325348866547e-03,6.864656040533176004e-03,7.248539750883124799e-03,4.581733075635060007e-03,4.250078126692295559e-03,1.583763180851190458e-02,4.341589548405411919e-02,5.787949831096476927e-02,1.658061882063937079e-02,3.222774017033751964e-02,2.221908231252520474e-02,2.679349562268365167e-02,4.799533404259140323e-02,7.300629978283713038e-03,7.179560699467623340e-03,4.013985655084634924e-02,1.034299793254162131e-01,1.318678345778070971e-01,1.051972668280163614e-01,5.704010303432498555e-03,6.969951939751861669e-02,6.178196065626530981e-02,2.211946991736828474e-02,4.485763635545383932e-03,1.013419454573943803e-03
1.657686487235047893e-03,8.336907160521698102e-04,1.231244280280935008e-03,2.588546307440024990e-03,6.304843477394640175e-04,6.762374856345764948e-04,2.164932451942885080e-03,2.092293547347647085e-03,6.007212038675192444e-04,6.245531515649502827e-04,2.064150901037180470e-03,2.868864543106819983e-03,2.748149158499454958e-02,1.303468529698866285e-01,1.514201373465381140e-01,1.735892664103138860e-01,2.638774502213238060e-01,5.116161302218913409e-01,5.416071332398157967e-01,7.718807690171676228e-01,0.000000000000000000e+00,5.463441111796500937e-01,5.426667675747696151e-01,3.160227405933432321e-01,2.751422634560277691e-01,4.123578713693534237e-01,1.762036493678748872e-01,1.568522487200242899e-01,1.444992850262035236e-02,3.792487087936295687e-02,1.852804762081370488e-02,1.451252566024932751e-03,4.984480442660790302e-03,1.562423336884828651e-02,3.019165364830290847e-03,3.206313034667696363e-03,3.471333757926741391e-03,2.998125154853555421e-02,3.912796910806132233e-02,9.159323433012208152e-03,5.524387504997762752e-03,1.431435842991814027e-02,5.497730286350377589e-03,1.009052635896158729e-03,1.356872965443978304e-03,1.966243447457842377e-03,2.655874919410979550e-03,1.297056309682384761e-03,1.933812405224143551e-03,1.932894839424702379e-03,2.582580947315208601e-03,1.321398133136436788e-02,8.552158798842419973e-03,4.442161637695555415e-02,1.458115088194911202e-02,1.418179943554422409e-02,5.611610169529290121e-02,1.552541713406486827e-02,2.024262520862927725e-02,6.414508480905156684e-02,2.681037741067808511e-02,2.703570678606103880e-02,6.624628703411215846e-02,2.429258596883875770e-02,3.373878633553834688e-02,2.625960593481569197e-02,3.307080869354827452e-02,1.895429607073898653e-02,7.086246205140703941e-03,1.012617038812189257e-02,3.506473753843469821e-03
2.882472736820409012e-03,7.019567513975376143e-04,3.491093393679791258e-03,9.204946137992914279e-03,9.827745009982999814e-04,2.310458767940523715e-03,7.833948076763378940e-04,2.644485289442516200e-03,1.440162849119213349e-03,4.190276601214362739e-03,1.705831034737681582e-03,3.859388883912675313e-03,6.150602891213197664e-03,8.447993848122768712e-02,1.259908094713298177e-01,2.258334728721383272e-02,1.374198511705748971e-01,3.837073062869831297e-01,3.708346973652409950e-01,7.276801401955806936e-01,5.463441111796500937e-01,0.000000000000000000e+00,4.761885874628140058e-01,4.971575068141162457e-01,2.579826891794702592e-01,2.712657786841963237e-01,1.417856771671022198e-01,4.761397153370108826e-02,4.285913997812525189e-02,5.388141369302894279e-02,7.666292070505928251e-03,4.826295176766315538e-03,3.909352728813331353e-03,1.914856893651268373e-03,6.253854196469201682e-03,4.799593018055180182e-03,1.446700167195898341e-02,6.559142566033670900e-04,4.675478285385212263e-03,1.227015673385081990e-03,5.508284941901573674e-03,3.859184922992680428e-02,1.680370355462280918e-02,4.865495885152118331e-03,3.395921699986494818e-02,1.639549808165360499e-03,2.492279284753623047e-03,1.897212141064024207e-02,2.153298841301801853e-02,7.858555209997470509e-03,6.120785784137523257e-03,9.713073324697531902e-03,1.300364550433310944e-02,3.002893546514509571e-02,8.332167879206285599e-03,4.613472862948576891e-02,8.761970159510173300e-03,1.360451491092649727e-02,4.248409601672480107e-02,1.208652474071343803e-02,7.249561118752675948e-02,5.151430298569557170e-02,4.579632274312673418e-02,2.476724014383020062e-02,4.791871863498957385e-02,3.566868998085729464e-02,2.008244105668783447e-02,9.682949951598074367e-03,1.481443704518034532e-02,8.060984601337207664e-03,1.620922874215031950e-02
