0.000000000000000000e+00,3.966654592709376037e-02,7.296074349454549635e-02,2.195723178881275883e-02,4.413672985367957796e-02,3.977921368388161877e-02,1.105397524636204110e-01,1.379153837221218648e-01,1.575353629137819789e-02,3.019713083823455033e-02,7.927840675012561011e-02,2.413190533600980889e-02,9.518918781018347042e-02,1.204265341266660960e-01,9.684023198440400160e-02,1.372779818195369594e-01,9.780896118344149792e-02,7.813447088375792549e-02,8.581189870258627839e-02,3.395596186497567247e-03,1.164420193121780064e-02,1.440430923210685686e-02,1.846088158209049923e-02,3.257013359567467823e-03,3.234649361693168936e-03,2.199550047723190620e-03,3.091764267204847975e-03,1.768352894301878850e-02,5.672306815962838318e-03,7.358066248119698310e-03,1.797684791909382818e-03,1.593307512612249927e-02,1.800615770725040587e-02,1.512955394167806583e-02,1.610073381961443784e-02,2.313159959157964820e-03,2.794954631864730518e-02,1.444692868781394940e-02,9.990917322236758311e-03,3.045023621117301862e-02,2.960702735827572870e-03,7.178382826408263515e-03,2.279404032447948300e-02,8.471038818089334302e-03,1.047664821840312878e-02,2.166689531613316330e-02,3.842340371691183032e-02,4.935256353562467342e-03,5.975811794634159832e-03,9.139682043412428484e-04,1.973442298244305546e-02,1.614037585472489697e-02,2.726057203279434737e-02,1.050447696757696690e-02,6.862415528832858762e-03,1.963078326291053596e-02,2.711224385922626247e-03,7.207848679158074603e-03,7.749886982906332815e-03,1.108258913088980453e-02,1.061257831941341857e-02,3.046019285192097005e-03,8.231399084896192861e-03,2.539699656002867081e-02,2.370055237453730975e-03,2.188479525687086341e-02,3.122776009995680783e-03,2.692043343458961659e-03,4.656228081268159839e-03,1.010126787619664663e-03,2.086061855121188434e-03,3.925456974429870904e-03,3.707472249857039857e-03,4.230199159063489402e-03,1.870795659639924030e-03,4.684830117993716431e-03,5.924325517600759379e-03,1.632209606958007209e-03,8.652270516599646841e-03,1.443841144301677339e-03,1.905128052235600033e-03,2.855786758378780696e-03,1.935137538439100566e-03,1.955863786022574245e-03,1.093860710276800584e-03,7.464277778240808667e-03,8.949708613410531366e-03,4.743943282119527857e-03,1.584834397305497772e-02,5.163406886084704467e-03,1.013619986145220843e-02,5.324040294888188890e-03,5.693964271348111311e-02,3.548919068769825630e-02,5.691501973349150263e-03,3.618956037871629006e-02,9.763329446069689277e-03,2.460756191773549179e-02,8.159724152983121107e-03,3.991672246253418627e-02,1.897847576030273209e-02,8.826378797793972553e-03,1.221237950406151886e-02,2.491381347435948218e-02,9.561215595256669988e-03,8.134467287248807466e-03,9.864440956134108013e-03,6.449470817688315871e-02,6.858496221969318310e-03,4.572353870398054160e-02,3.143688350678653515e-02,2.874064780665119834e-02,1.563270158132618742e-02,9.303421229904700399e-03,5.660946949215717346e-03,1.201893022412991660e-02,8.300087976866621364e-02,6.481481551856504812e-03,4.186926877889700360e-02,2.985719057430577181e-02,7.963605685080338281e-03,2.000923705651388301e-02,7.283220379493349911e-03,9.432935825755731085e-03,9.246581867001351165e-03,3.879782901420188168e-02,3.495133579721955430e-03,1.162875485357767885e-02,1.015468501307667526e-02,8.054608405654818323e-03,6.359773680869763336e-03,1.281507462175624293e-02,1.850703226511739991e-02,5.217634419143510338e-02,2.632249802835787827e-02,4.303821954314356740e-02,2.726801435264788326e-02,2.364147675654089398e-02,2.493534880017591118e-02
3.966654592709376037e-02,0.000000000000000000e+00,1.869801112305974691e-02,2.133730836724261407e-02,3.304031852133366975e-02,1.068891865008698011e-01,9.072162406780118205e-02,2.469406568609283092e-01,1.404427980352034588e-01,2.953326140445597381e-01,1.353240215834584370e-01,1.034043024085874313e-01,1.314628268373321807e-01,2.324796781494939957e-01,1.957850165796205244e-01,2.053902481415682824e-01,3.218999765638476396e-02,6.463171323984193140e-02,6.204741732410212762e-02,3.035274643337485326e-02,7.877818670803294829e-03,7.851147065086034812e-03,2.050664018840275479e-02,8.941159529163890396e-03,4.069599489247308598e-03,3.223756374265596310e-03,1.314071207427039726e-03,1.209166766102129711e-02,1.893175508237922647e-02,2.539270610826653563e-02,3.475903171533401698e-02,3.237006220017313307e-02,2.442371618453591589e-02,2.044568349753229583e-02,1.348828263394857008e-01,7.818740425949789741e-02,3.673762015391654479e-02,9.347507329602981752e-02,3.214234782315808503e-02,6.310038704282137922e-02,1.256246117849916730e-02,5.723222940541131815e-02,1.469774288510854870e-02,2.781978254516904656e-02,4.351947979221054696e-02,5.092121664683483401e-03,2.257873346233472620e-02,3.273811824047614255e-02,1.035100522871418294e-02,1.705270589189645386e-02,2.605756200827865840e-02,6.559643893592616293e-02,2.851796375161119029e-02,1.026040700035220007e-02,3.219595460285280125e-02,6.294975187333864963e-02,2.552153188680192711e-03,5.793887032527328222e-03,3.651866072082177173e-02,9.625159792696668173e-03,3.466514016370247919e-02,4.409870379972756493e-02,5.052799921186320459e-02,8.770487090442893874e-02,2.928506277298923571e-02,3.428395640998163629e-02,3.833816160997779868e-04,3.601454561982221636e-03,1.166858017989914377e-02,1.331998177493187198e-02,4.756039166538617198e-03,8.047893276626685508e-03,4.271191248624929375e-03,1.400517226278101719e-03,3.550254377322395634e-03,5.949313680923433434e-03,1.869482378956739471e-03,2.636426453040904578e-03,1.323661932620035127e-02,6.680538255792271667e-03,5.514772187728037359e-03,3.061504973818275632e-03,4.554413763568346263e-02,9.565871762552111829e-03,3.168382068309050659e-03,4.441951223805297444e-02,6.611542325276303055e-03,3.094851571476711985e-02,6.869718501840218171e-03,4.554541264309068527e-02,3.634398745538166414e-02,1.118953109518204363e-02,4.473339674454584330e-02,2.154903725577788851e-02,3.266390320724468083e-02,6.786778703627570353e-02,4.883989831199746917e-02,4.414991469673251040e-02,1.282225154385712579e-02,6.313381630475119015e-03,1.915391338220574780e-02,1.200345347161076680e-02,1.773770647998513389e-02,4.900019469987618864e-02,1.789664483721596644e-02,9.039335913099835751e-02,9.789506364581838926e-02,1.536671862190431559e-01,9.905431500003698819e-02,1.750063685026042037e-01,1.407057910853072025e-01,3.628713002186605835e-02,8.289144368004344732e-02,6.819027591576425074e-02,8.071328680285998203e-02,6.630866614869641851e-02,3.396586448750197468e-02,5.453728649014626811e-02,6.347050463019977828e-02,2.163449374394809874e-02,5.072920471585561086e-02,2.598142871837298435e-03,1.828395163723526423e-02,6.013480271745310496e-02,1.279614051473165759e-01,7.008118110045939708e-02,7.535520359847941441e-02,1.653587597752745608e-01,5.101831454913172137e-02,2.792815824201270655e-02,4.866599150448491437e-03,2.980641330856220392e-02,2.478026644162546061e-02,1.592810354423327551e-02,1.969929006631393476e-02,5.825394477081856370e-02,7.305777814808241122e-03,6.710441078847055596e-02,1.753861891359707187e-02
7.296074349454549635e-02,1.869801112305974691e-02,0.000000000000000000e+00,4.004986277627702040e-02,9.191471532108939912e-02,1.721605219604902259e-01,3.236032821314054342e-01,2.096759155514956174e-01,1.184578799407544902e-01,2.737054253982339480e-01,1.946074396949123708e-01,6.296684107663105823e-02,1.411466331827847531e-01,2.149083928554780809e-01,2.933589593171018195e-01,2.931641408490078260e-01,2.145596658895380371e-01,2.419027974097294198e-01,1.732063398562649903e-01,9.211855533982460376e-03,2.440295956964070451e-02,2.641284628940236343e-02,9.592070688273204859e-02,5.047977211138950787e-02,2.539675341060712577e-02,9.455951568699199478e-03,1.512135572812568426e-02,1.941938544225732186e-02,2.658217721305472861e-02,1.097702065582568552e-03,2.300529223163290393e-02,9.470362060820169611e-03,2.596847403548413827e-02,1.218657174128112176e-02,6.350543073465460264e-02,6.180102920349488799e-02,6.292200008180368065e-02,1.133553488590766378e-01,7.603783803836469679e-02,9.712156981705249992e-02,4.204805013760416245e-03,3.691008685382483195e-02,3.159531990691247932e-02,2.146965646039353942e-02,5.904530635113394710e-02,4.227368821113611577e-03,3.363108502464351446e-02,2.694716438583804816e-02,1.742859105208595383e-02,9.831615357635575814e-03,3.402101362541373741e-02,4.341058758632028447e-02,7.146539679616528695e-02,3.030455824116224176e-02,2.107351679123544916e-02,8.535398645294564601e-02,6.411963688042931347e-03,3.091399146451789468e-02,3.415515043081299162e-02,1.967746805137285740e-02,4.247288634370275512e-02,1.649434970313657170e-02,3.626592568242430203e-02,4.140470007539420738e-02,1.936096851427269658e-02,3.748277924015281509e-02,2.302737863398341550e-03,6.239063622915404575e-03,1.278581574073096860e-02,3.736005683427994894e-03,6.671428983696370101e-03,6.106305484154217825e-03,3.405724650062350034e-03,2.152891782948159957e-03,4.658873762075893717e-03,4.110075558558327555e-03,5.714232403079890291e-03,5.257680143716748390e-03,8.709030643921136447e-03,9.252665804860910753e-03,1.041828495218980431e-02,7.642724048626159568e-03,3.661709802776417361e-02,2.180322167181885512e-02,1.151105227897251601e-02,1.835683674946820068e-02,3.311763813305728527e-02,1.405208176733377910e-02,2.072474152367238115e-02,2.295305988342185091e-02,2.553477265756059003e-02,1.147505024471843528e-02,8.946069777232888709e-02,9.791037658944569400e-02,5.884713896247191489e-02,1.774218906911356058e-02,4.109620354142722032e-02,2.620523688609291413e-02,2.373035246749932714e-02,6.061692077393977113e-02,3.935510632059801422e-02,1.129501730714013025e-02,6.846250740098138929e-03,3.280083818792148276e-02,1.663138037861847454e-02,9.294695895337048985e-02,4.717956807294273330e-02,1.545757666461566870e-01,9.723913964679831157e-02,8.796858429160824000e-02,6.685014428668574482e-02,7.392844804991302587e-02,3.893318663714238209e-02,3.414179833176235468e-02,3.480010164935332106e-02,4.001354702379945893e-02,1.824832643911232510e-01,2.211176221525665286e-02,7.457312785231962060e-02,5.781854875114639247e-02,6.549080408930487221e-03,2.093016721125683099e-02,1.366360391096756340e-02,3.682535904673660265e-02,4.996060077687868028e-02,6.367346617784788720e-02,3.950858684450259811e-02,7.569372568417000180e-02,5.525140917366371668e-02,3.949538530861306657e-02,2.834105145908301371e-02,6.772746654580706627e-02,1.757317187697195540e-02,7.183197230391601129e-02,3.191246315713817255e-02,1.004697297078546991e-01,1.903945987299936540e-02,7.053525703581450812e-02,4.530624152680421540e-02
2.195723178881275883e-02,2.133730836724261407e-02,4.004986277627702040e-02,0.000000000000000000e+00,3.547620770288000824e-01,1.975760938580068959e-01,1.357758667811995446e-01,1.884201702607810891e-01,2.610288888354846959e-01,1.538566109019274819e-01,7.434697909229565083e-02,1.351966950507983711e-01,3.684238574382994735e-02,1.526434204692518441e-02,1.053997829579928769e-01,3.007349363739070247e-02,3.449850029183307298e-02,2.062751219772341119e-02,1.514711301677656649e-02,4.200610212653988623e-03,2.087761682089063833e-02,1.007013439910892268e-02,1.086835004157794306e-02,2.021217659203350392e-03,4.834119656955651774e-03,3.982256432773501054e-03,1.731573530141882790e-03,4.254736572771297687e-03,1.626414716498587182e-02,7.445260842802505505e-04,6.932009797441006718e-03,1.197125013854071982e-02,2.433748478754383521e-02,7.072687961598285618e-03,5.951174714076618022e-02,1.923637346938696091e-02,9.551225777302614628e-03,1.156734655980020884e-02,1.097743326127263198e-02,2.032480773184563994e-02,1.372020105372269254e-02,3.891444052260988051e-02,2.721727533971592117e-02,2.449515311226960895e-02,3.850808308597082619e-02,1.108248263743025902e-02,1.727885405709482514e-02,6.078787354560380440e-02,1.844784714725031596e-02,1.090834430258429133e-01,7.480965683332573002e-02,3.989488381737233552e-02,8.333545150600062124e-02,8.363371271410285912e-02,3.016071809030620304e-02,9.493036486973882582e-02,2.386033704903138195e-02,1.813682904557889150e-03,1.958263317996728620e-02,2.080234204671290929e-02,9.408284181047863598e-03,2.402223438481052020e-02,1.249345055735854096e-02,2.598115622380444203e-02,1.145796011162814043e-02,2.079607265967284464e-03,1.159132599142083386e-02,3.597388535731307208e-02,2.774917547641005122e-02,1.547332304706592471e-02,3.028738860108264389e-02,1.777637235236157603e-02,9.075558311184221683e-03,3.594923415457359789e-03,4.584113305810219932e-03,1.327860926344620520e-03,4.460060807065933247e-03,1.181078534821032415e-02,9.676785388724157277e-03,4.838936429301021053e-02,2.687668815357743476e-02,3.978021758966178087e-03,9.246362970515024926e-02,4.394473517468154566e-02,1.574504704799678046e-03,2.511569164550367730e-02,2.452178232033636746e-02,5.414623347087700600e-02,1.649870194395959555e-02,5.802712548471511932e-03,1.985443559595691590e-02,4.130572888020417333e-02,2.258952784820024776e-03,1.806383462327376677e-02,4.666836223560025948e-02,6.917461685659195836e-02,5.841901773319790880e-02,1.523192626881613929e-02,1.743517254612994213e-02,8.994372821271703899e-03,6.979735133117847407e-03,1.383253545330888866e-02,8.277186281289440270e-03,1.308890222454872111e-02,9.184821561940098578e-02,1.592854438533426176e-01,2.140260995782273523e-01,6.472096717780149999e-02,1.948530826967104779e-01,1.348272872575861092e-01,8.317054768894702188e-02,3.237023956179636841e-02,6.964068227758603291e-02,7.709416934221728634e-02,6.810703871481042782e-02,9.437843261221202928e-02,5.674764669038034892e-02,3.233467978015974048e-02,1.954207160468095228e-02,1.855810392245416454e-02,4.039750624775771681e-02,7.962132745885469945e-03,1.088434648125037249e-02,1.172530332015610660e-01,1.584272213168660681e-01,1.496240558270434395e-01,1.443733657734536657e-01,1.680392859010785556e-01,1.444327452807755430e-01,3.649670062858999947e-02,1.606407133440504453e-02,1.996805372433761022e-02,2.649897822885927123e-02,7.863809646854034996e-03,1.009802494917234374e-02,4.250209987201184619e-02,1.409558615567749369e-02,5.593991272708891821e-02,9.607541583635491322e-03
4.413672985367957796e-02,3.304031852133366975e-02,9.191471532108939912e-02,3.547620770288000824e-01,0.000000000000000000e+00,2.956127203211797796e-02,3.053368782153995098e-01,2.498417448331549384e-01,5.204980094359134418e-02,8.074543717105865659e-02,1.123759566473442328e-01,1.058163284335828513e-01,2.193826124823817225e-01,3.050992404904944721e-01,1.996526027678889592e-01,2.517071343266189531e-01,1.238671043775619179e-01,1.368737309726656415e-01,8.916498075483345054e-02,7.241195897937852122e-02,1.643578984237410029e-02,1.070674977824638725e-02,1.072345896266576303e-02,9.515336312191433185e-04,4.446682564922004553e-03,2.465405266548393801e-02,6.940747884742101345e-03,2.031322316850203702e-02,7.562404928165537485e-03,1.615503880215646629e-02,5.062026030411512223e-02,1.626545820516326138e-02,3.028284182471256344e-02,2.735434119069385731e-02,8.694767175508057166e-02,7.432410493433456999e-02,5.767910975713062827e-02,5.184426423643070936e-02,4.669433856149519252e-02,8.766920142851727937e-02,8.406477024323986275e-03,8.166717062319675882e-03,6.786195135362371733e-02,1.160058971594533223e-02,5.452460005227714214e-03,2.820404178691021321e-02,5.710910866696736893e-02,4.314580585226426498e-03,1.641480397111147807e-02,2.217316613369590614e-02,5.231332500880089831e-02,4.545342457303257894e-02,5.900411604071204019e-03,2.712975230949523156e-02,1.199185425733411033e-02,3.908147994660306906e-02,1.136696296861663784e-02,1.308701747434089929e-02,9.052317177911226379e-03,4.371959846176271328e-03,3.570959491655791712e-02,1.931366250166660506e-03,3.199226324063653148e-02,3.016652157272200346e-02,4.003177606979733960e-03,1.330559167993735671e-02,1.923340371973633047e-03,2.335872841206696436e-03,1.549538793110394677e-02,7.979780458552675551e-03,1.755003672891265742e-02,1.989266898076006741e-03,1.099640116271984915e-02,1.331840555251651015e-02,1.016477172275757901e-02,9.499606823343335199e-03,9.947959922466047267e-03,1.066899101031416885e-02,8.309880352061125436e-03,3.420850810451886177e-03,2.228075416899257671e-03,1.197788948777867880e-02,1.795047650065888234e-02,8.584385066447951240e-03,1.153045948736529554e-02,2.772835711097517558e-02,2.458585815408061929e-03,2.136373966123156221e-02,1.993222035082469271e-03,2.882192824489155508e-02,2.581925326723359324e-02,1.183069708605720069e-02,4.959764912709797163e-02,7.921740339711174153e-03,5.751271594689534583e-02,4.034361021150453808e-02,3.727390299156507075e-02,6.152363247555050346e-02,4.376283896589556327e-02,4.614936694495411218e-02,2.113677471271413477e-02,3.772016978164647368e-03,1.562283578609508818e-02,8.632367002238500175e-02,4.562433743474418602e-02,2.763383250379526646e-02,3.400971751430866691e-02,1.354653955263618870e-01,3.115818766519000069e-02,1.012790127420188369e-01,1.123250936384945775e-01,5.668791353541974970e-02,9.695032490265617642e-02,7.153724057616234200e-02,9.506927465592783510e-02,3.058659960340240694e-02,3.156782875104459374e-02,1.259058976152763187e-01,2.454843904544628825e-03,1.915713200175939157e-02,1.135400774356406031e-02,2.575714316681028404e-03,2.711448321412693319e-02,4.012057564236374413e-02,7.216050779977435659e-02,2.221587996826033737e-02,4.392619995492962059e-02,7.464284517039830591e-02,2.348998370042930731e-02,4.026126571767055934e-02,1.950568406337513036e-02,4.995034227945437805e-02,5.554561926645589648e-02,7.724421854478724647e-02,1.030923437898661477e-01,7.899868937766420240e-02,5.113044034938749038e-02,6.996770480030659045e-02,2.148618741482333228e-02
3.977921368388161877e-02,1.068891865008698011e-01,1.721605219604902259e-01,1.975760938580068959e-01,2.956127203211797796e-02,0.000000000000000000e+00,2.779659420368332801e-01,1.081903271676050854e-01,8.698879466095951751e-02,5.098402607044682372e-02,4.298110053226446292e-02,1.144985217072276157e-01,1.138486718720741336e-01,3.816633114339462035e-02,3.147631420132637053e-02,1.507958495806140282e-02,1.579771112913433070e-02,5.481290400194385216e-03,7.297030517020723465e-03,7.605109355445030528e-02,9.152733441325211494e-02,3.161311656862619834e-02,4.729238696769391681e-02,6.694255562477402499e-02,5.269604226719661749e-02,5.964763893190751926e-02,3.190086305207829459e-02,5.097773017327653783e-02,4.737133083733883337e-02,2.690888204985111831e-02,1.525194372222108893e-02,5.570407478537147718e-03,9.355989476825449236e-03,3.911943899804427340e-03,4.888677999724858579e-03,8.907049550320060571e-03,2.236803960721818127e-02,1.845925421634460328e-02,2.564169851791975319e-02,7.884029312410206075e-03,2.498209111373423524e-02,3.278346002940348003e-02,9.179252798778970990e-02,3.723590283334208412e-02,4.292613080698650524e-02,5.450356949594320488e-02,2.503997095158409097e-02,2.593186056871939899e-02,1.990607117672611032e-02,2.987029340323161392e-02,4.900652331227270397e-02,1.261544418185279737e-01,4.871179849568776227e-02,4.211996472467052777e-02,9.807914256496047534e-02,2.608326326436322118e-02,7.215768098859917656e-02,1.894838902687075166e-02,7.711410460283073948e-03,3.231200768584351068e-02,4.914852476539664436e-03,2.558806608599048862e-02,9.513036394301686675e-04,3.947680793234268487e-03,2.971011475567284996e-02,4.161137348523986229e-03,6.050027317000444479e-03,6.763750166714464947e-03,6.515741291668803066e-03,2.546622836560550121e-02,2.646968081160936456e-03,4.726715036569280326e-02,4.615833156887200195e-02,2.581046046185189388e-02,3.965078830717678332e-02,5.003293668579571890e-02,3.249730548308687322e-02,3.581462771342597273e-02,1.843692214143300215e-02,2.344288464967255944e-02,1.973826224465432752e-02,2.244391609686560447e-03,5.216197424689926129e-03,1.120604264369228810e-02,4.038154723660022059e-03,2.364960313223187297e-02,4.435423151884793080e-02,6.773280304164183696e-02,4.919957815623584446e-02,1.094717022058731837e-01,8.130976074670749620e-02,8.237942543030889186e-02,9.886468760003389034e-02,1.009929903824059033e-01,1.162504588375209980e-01,1.064487997798304331e-01,1.468415229812154998e-01,3.070198065536236878e-02,6.058185545931907973e-03,3.210215685982547446e-02,3.102811874696618372e-02,4.350071257356678822e-02,5.734760171345985869e-02,7.820208310319580469e-02,1.172212163931001527e-01,1.152193535119868349e-02,5.971976010911150823e-02,9.179397223699216346e-02,1.574884797980827603e-02,1.208750195116624071e-01,1.133247169943101540e-01,1.445334038556987388e-01,2.086544514581461784e-01,8.473832784057712397e-02,8.970892319909629098e-02,2.741683092654347356e-02,1.951409628615901823e-02,1.298674623266186379e-01,5.852996396586579442e-02,6.654858760879513169e-02,7.207782781605885647e-02,1.062920958163683788e-01,6.768277650599889561e-02,7.180722636850868368e-02,6.607552141515329880e-02,5.065478487037781974e-02,1.744463126105057563e-02,3.662811309287482275e-02,2.681376438699315315e-02,5.586588740217397764e-03,2.188907932914152879e-02,1.088787560280412778e-02,5.861951381209580536e-02,3.502920409551225217e-02,8.894794578930625972e-02,4.887674730754761748e-02,4.457302155204882071e-02,4.109272990290634142e-02,3.280022276970817000e-03
1.105397524636204110e-01,9.072162406780118205e-02,3.236032821314054342e-01,1.357758667811995446e-01,3.053368782153995098e-01,2.779659420368332801e-01,0.000000000000000000e+00,1.469917551685516743e-01,1.698434047032697791e-01,2.654942176726169389e-01,1.513542913679565283e-01,5.781145578735958496e-02,2.977289335907683590e-02,1.574188845220385324e-01,9.295943960621833035e-02,1.469649600784320165e-01,1.231482347032998859e-01,9.876297428509347998e-02,1.067879596154507615e-01,2.049679480169879289e-02,7.251477285853526189e-02,7.450564087338601427e-02,1.012677015300933597e-01,7.586726930140627601e-02,5.080828399530003953e-02,1.004628760456235254e-02,8.061799692666522799e-03,9.895037403492198610e-03,1.784821345456235123e-02,6.756252946395685695e-03,2.922299006703417065e-02,2.936232961736171161e-03,5.127595099336368541e-03,3.643055204316464346e-02,2.413162795288290464e-03,8.487951036976547348e-03,2.550956719661623753e-03,6.638032142760323662e-02,1.067567134399171752e-01,5.520883802597720963e-02,5.035166593674767974e-03,1.220083768823596385e-02,9.118218951920603957e-03,3.099584860432449268e-02,2.977013617870528754e-03,1.103345101163431818e-02,6.232146147659706203e-02,3.892232851641945577e-03,2.235849586331174754e-02,2.069164360769126798e-02,3.295079812420440013e-02,2.128037382180939657e-02,4.889762117733034014e-03,1.962682336868319319e-02,1.084720959159754007e-02,5.570683540350548912e-03,4.997313790748161150e-03,3.485753984436854719e-02,1.670774840144671411e-02,8.589808340169121379e-04,1.490668033577324629e-02,2.487634692588884533e-03,4.897974963500266801e-03,7.715675142531129224e-03,5.241307666197478864e-03,1.706024134678737342e-02,2.786633716010713559e-03,2.999221461405022354e-02,1.159399203668564672e-02,2.159862748740335597e-02,1.500755521929999191e-02,6.479005872741206915e-03,2.057109930327643155e-03,8.211720153687578766e-03,1.314262315404216008e-02,6.750623648181180471e-03,2.481100032080291087e-03,5.011215298486462397e-03,9.920640006195692931e-03,9.311869841625790289e-03,1.403092989942114491e-03,1.204698797057541029e-02,7.137561192611840272e-03,1.135549017719291072e-02,2.473516983216548365e-03,8.582203909448103685e-03,5.171109092728866374e-03,6.856988409643676244e-03,3.374105649527468775e-02,3.273535491309298960e-03,6.919374939918118868e-03,2.527464135230189646e-02,8.542484119274981746e-03,1.055302256156914059e-01,3.453605103840205054e-02,6.351587349405558858e-02,8.236007928497748876e-02,2.608958131600039657e-02,4.077646152164959847e-02,7.420430118663078056e-02,5.466681829418693073e-02,8.495311431120124157e-02,3.081573768836474644e-02,4.613472959859879485e-03,1.577298409348807176e-02,2.318464922681643878e-02,8.340798771735728756e-02,9.698269934007262838e-03,5.728906590526417625e-02,5.522552893619920439e-02,5.011043186218079593e-02,1.271190787351901552e-01,5.805535984750628126e-02,1.060598450063109099e-01,2.599504838969962650e-02,2.802806662229591697e-02,3.352333994791770883e-02,3.139176297257120080e-02,1.859257688086697613e-02,9.225668418369333337e-03,6.336585555710914919e-02,8.350751755667230186e-03,8.909488157049548843e-03,6.762774681014357969e-02,7.678190557606109912e-02,5.968843007406639256e-02,2.180639711737713399e-02,5.380683818937254809e-02,4.802691424761564021e-02,2.004367940404187635e-03,6.705855861049968454e-03,1.194188276262698675e-02,7.972961741173340347e-03,2.605308568883895129e-02,7.040612155488646176e-03,1.077281036313119944e-02,9.448581713057312148e-03,5.018686913143183964e-03,4.300902509214493056e-04
1.379153837221218648e-01,2.469406568609283092e-01,2.096759155514956174e-01,1.884201702607810891e-01,2.498417448331549384e-01,1.081903271676050854e-01,1.469917551685516743e-01,0.000000000000000000e+00,2.301152482074727834e-01,3.617704050680193295e-01,6.672785269969484789e-02,1.467689338463516457e-01,4.172936487075682571e-02,4.828809045105244419e-02,6.979828826613930504e-02,3.760563351235650387e-02,6.168864360043735395e-02,1.169517544349670674e-02,3.142233551224651172e-02,1.859301307291644223e-02,1.093131077363438883e-02,5.531788749415502901e-03,3.489127981695015930e-03,3.390305031961289659e-03,1.007444814425912001e-02,4.047219754270404285e-03,4.694094396106329378e-03,7.175357821055416627e-03,2.766032483813120075e-03,3.339980416401625712e-02,4.914324009392549708e-02,4.866981388369797518e-02,6.247363535760024067e-02,3.821150488413860985e-02,8.292360431363154927e-02,1.445109049707441785e-02,4.388141259826699135e-03,3.005142184419396650e-02,1.936536040231688280e-02,1.528580545142021454e-03,1.078177120365175420e-02,9.088790429713052010e-02,1.098646378159329542e-02,3.380807104862729867e-02,5.482661795191969001e-02,7.109317226837246449e-03,3.555861838465460695e-02,7.288849405357990252e-02,4.195924086560067628e-02,2.642480458979794278e-02,1.578379760480258520e-02,4.615081858302014922e-02,2.667483028415115753e-02,1.933671841943671726e-02,2.126056570824786524e-02,1.090150480195697102e-01,3.017819331369919061e-03,3.382349774857255215e-02,3.429865041564375550e-02,6.995484457567840118e-03,8.631337228548795551e-03,1.359470764800798856e-02,8.494262666389629929e-03,3.371309830861191764e-02,1.291016936256715597e-02,1.070317418031888415e-02,8.116286594228775894e-03,1.653053004448659571e-03,1.769146658095468181e-03,4.692639644221936399e-03,1.079493059279926833e-03,2.511176874507122479e-03,4.256346840148539541e-03,1.399364784907342627e-03,2.763939017006593595e-03,6.873266470691568458e-03,6.856764970438797464e-03,2.946397802759348483e-03,6.780290275599393582e-03,7.119370424940990247e-03,3.064094729911279874e-02,4.079438717734711409e-03,1.686403096771963567e-02,4.768320469441950961e-03,1.731155552119859444e-03,2.458650872695804582e-02,3.715747418513373757e-02,7.053123576239760106e-02,2.459570158942830584e-02,2.047195164826730307e-02,5.228898780512061806e-02,3.835885401875051975e-02,6.209639456596983964e-02,1.396415463412770640e-02,5.483633572449343740e-02,7.458917261714692604e-02,1.974945013870290159e-02,9.894776257205838144e-02,5.937330532155989105e-02,3.090066700884747629e-03,8.932005554562683775e-03,2.368467262729315875e-02,4.063822594864828497e-02,7.716788723933046268e-02,1.752639835213634645e-02,5.393624253115728018e-02,9.446956975980312643e-02,1.270576319430512802e-01,6.573459842591995728e-02,1.215295494640246526e-01,1.075993773901485900e-01,4.164572542102518843e-02,1.000180213720958666e-01,8.517424280409328918e-02,7.291186860122390867e-02,1.513449021003686612e-01,4.341967296513477709e-02,2.816028392719071086e-02,5.816856250351669366e-02,1.491615409967661163e-02,8.297863057356741692e-03,3.318281159991816331e-02,5.336924515445384820e-02,5.106992964623351811e-02,2.990029900912435576e-02,2.267051439181738681e-02,5.612558207803568233e-02,3.622590700820579879e-02,3.241009214301510122e-02,2.736413129912386097e-02,2.919594940395651723e-03,1.076087649590473129e-02,1.222376757293424689e-02,8.822012521931026563e-04,2.321957988650982449e-02,2.515776163912981922e-02,2.388391306312005833e-03,4.261947023993666733e-02,9.737204950169392123e-03
1.575353629137819789e-02,1.404427980352034588e-01,1.184578799407544902e-01,2.610288888354846959e-01,5.204980094359134418e-02,8.698879466095951751e-02,1.698434047032697791e-01,2.301152482074727834e-01,0.000000000000000000e+00,3.686270649699596724e-01,2.029082086914821281e-01,3.102440596003079865e-01,2.008303734885460712e-01,1.622589777970260549e-01,8.754524848741203347e-02,1.447623192694797167e-01,1.112455752301866330e-01,2.527431472207385121e-02,6.623094250163996666e-02,2.658095642925961677e-02,3.716060393388194612e-03,4.882916670113516926e-03,1.703333169000064568e-02,2.063972285969994068e-03,7.847701403270299428e-03,1.235824771190710547e-02,1.027466303614559592e-03,1.842959207409921446e-02,4.530504122190383981e-03,6.985309388203143552e-03,2.070995141717860057e-03,1.317822065077373442e-02,2.928846885421934956e-02,9.694369187832982014e-04,1.859841511931407520e-03,4.387620825030503179e-03,2.697772990503067084e-02,2.099239606796807905e-02,2.150886993272974404e-02,7.616698079351509609e-02,6.083250093566384964e-02,5.311577259156458758e-02,9.382404447809369885e-02,6.185485581999331656e-02,9.445354624855467618e-02,6.712561635454651621e-02,3.303722968736898247e-02,8.125978452522290840e-02,6.625587728343312888e-02,1.252387043345409567e-01,1.466288050968843903e-01,5.910503985932028664e-02,7.506732866577393859e-02,1.410286969089769582e-01,6.965454626846308284e-02,6.848342710691709967e-02,1.209935193662809993e-01,4.006712201048324637e-03,4.310121370279443309e-02,3.681231979251811670e-02,6.282424043431327539e-04,1.929779805109750959e-02,1.050230616976979142e-03,8.585545372895424590e-03,2.259370964196637157e-03,2.073232671659086535e-02,1.617284490431453170e-02,3.745372801928421175e-02,7.423135970574108906e-03,1.970578145805909273e-02,1.091288812182482706e-02,5.183195658358275698e-03,8.282710171873762170e-03,2.532677713997490577e-03,4.190142411822535273e-03,1.564542798401063941e-03,1.466966122869121057e-02,2.096870715371337499e-02,1.173570841816563501e-02,2.921025864692636601e-02,1.534765311005978133e-03,1.429143112495376115e-02,1.725049996873102495e-02,3.606449498162653255e-02,3.310865313765840208e-03,7.136919459788442811e-03,2.175622340796760576e-02,2.363440709809702407e-03,5.129152511585471572e-03,2.869114616376358673e-02,1.250124375819432199e-02,4.329014224203226596e-02,2.839704143326178890e-02,2.346929339038981641e-02,8.104462412304044849e-02,7.016320227837910539e-02,6.644366912730889640e-02,9.978928306188936809e-03,1.240818085677300973e-02,3.004411790031401991e-02,6.413476268654645825e-03,1.885479889095540221e-02,8.371952431308740672e-03,2.253883389113589542e-02,1.261941547243898287e-01,8.468651050339603970e-02,1.028668030615199208e-01,1.753698806480850914e-02,1.192898283356829126e-01,3.997326501977296886e-02,4.869210508118990144e-02,5.781614509802336654e-02,4.572624122697042937e-02,6.955429031387300176e-02,2.375998081640910697e-01,2.004360777885791089e-01,7.959340723847216359e-02,2.413402515232431766e-01,5.706787243585018099e-02,5.406830974712002053e-02,1.910270997176250971e-02,2.154890570373182643e-02,1.895430154915486720e-02,1.660384977439122861e-02,5.525610039189262322e-03,4.023966540026604338e-02,2.930749661302930326e-02,5.838974676809840191e-03,6.182069508701101834e-02,2.293153072045549246e-02,1.254519081566397853e-02,1.454907184575256023e-02,1.671296633049834321e-02,4.395500936281052096e-02,2.407769189932542839e-02,1.377494494517637891e-02,2.242025056762865856e-02,2.162196420485969911e-02,2.233250115152120036e-03
3.019713083823455033e-02,2.953326140445597381e-01,2.737054253982339480e-01,1.538566109019274819e-01,8.074543717105865659e-02,5.098402607044682372e-02,2.654942176726169389e-01,3.617704050680193295e-01,3.686270649699596724e-01,0.000000000000000000e+00,2.217805588043399723e-01,1.675975576063333805e-01,4.048202038373206052e-02,5.038603281195299516e-02,6.531055591009081451e-02,2.268175728060893570e-02,6.983673502346857132e-02,2.883864921002108131e-02,1.648515294789160146e-02,1.337217928538976183e-02,2.256843720006514523e-02,1.213388657187953502e-02,1.321366961743767991e-02,4.964876061760666905e-03,9.961384322878710090e-03,8.023210507700032426e-03,1.422306447280008521e-03,3.262080808174860902e-03,1.864607874727285119e-02,2.349499691026009363e-02,1.231400449278006147e-02,3.029424902114538631e-02,5.784252856974975154e-02,3.020735081075451300e-02,7.488392185439590731e-02,1.087872137796056134e-02,8.069594633073851400e-03,1.952951099544779356e-02,5.824175959963001463e-03,1.759071014676701419e-02,3.516998908910631133e-02,9.024828988829093623e-02,2.076503069681020011e-02,4.482492613994280839e-02,7.277314501472630093e-02,7.449890558110096143e-03,2.461695020748961432e-02,9.109798487045309145e-02,4.291023122720879351e-02,8.911972741718265922e-02,3.479207612341784356e-02,4.399701664006645807e-02,8.847905729797550523e-02,3.716457927396894789e-02,6.547981547693917936e-02,1.648096951446350877e-01,1.478085154659629016e-02,2.904291921464665846e-02,4.199033048230332854e-02,2.209053627915170265e-02,1.757568169660760418e-02,4.835092609768636140e-02,3.272280651244903471e-02,6.535599212651607703e-02,2.915255310369058162e-02,9.978167754837485512e-03,1.064903430684215058e-02,1.504644671390819449e-02,4.184231588807003216e-02,8.925681735802101086e-03,3.740568856592305091e-02,1.632709183195955871e-02,2.136644790918039438e-03,1.011840047408214035e-03,3.238803973773362460e-03,2.321637731240040834e-03,3.306937749493892107e-03,1.927032753982783073e-03,7.461082966836445930e-03,4.028533679171584364e-02,4.534088055252002980e-03,6.092191367147802884e-03,6.116975912049732456e-02,1.623843765447163454e-02,3.876773536259114396e-03,3.599585679093320056e-02,4.017105787165978908e-02,3.227399500478608102e-02,7.758573134884969025e-03,8.276126169312067807e-03,3.716771737239898954e-02,2.557909747482282545e-02,5.065809834056127225e-02,2.506993412188274206e-02,3.180057225219659611e-02,8.092153239194194159e-02,5.618532576806345435e-02,4.363723234681800983e-02,1.852370568212044835e-02,8.344146051284129922e-03,3.768016191334865039e-02,2.911852435663500258e-02,2.832701680432441610e-02,4.506303902077366669e-02,1.053265934524087316e-01,2.059065930031340752e-01,1.528618755250571171e-01,1.529304426683537055e-01,1.787606000837540787e-01,1.586539036717169449e-01,1.200162561831592811e-01,3.403662769492626916e-02,6.516166642915743878e-02,7.320365298905684437e-02,8.712065066280150205e-02,1.106382167061743110e-01,8.791426681699089640e-02,5.473627017993385607e-02,3.981250836628038442e-02,8.619214415964250933e-03,4.446101545372639630e-02,2.417208000308994267e-03,1.876523319722746622e-02,7.878664259202938780e-02,1.175037926231443375e-01,1.190608914385389433e-01,1.415347055724925640e-01,1.149507748088453574e-01,1.097727109656354560e-01,4.762991089622184426e-02,6.850220235419114505e-03,2.665789600819277322e-02,3.261504691284018709e-02,3.679741005719551396e-03,1.810310485286590471e-02,6.651163895239391166e-02,9.523787795736558814e-03,6.236543010344572369e-02,3.660767176325921413e-02
7.927840675012561011e-02,1.353240215834584370e-01,1.946074396949123708e-01,7.434697909229565083e-02,1.123759566473442328e-01,4.298110053226446292e-02,1.513542913679565283e-01,6.672785269969484789e-02,2.029082086914821281e-01,2.217805588043399723e-01,0.000000000000000000e+00,4.246803796313963764e-02,5.298657536572534688e-02,8.218833362021958633e-02,1.280114875442646682e-01,9.521260789237713518e-02,1.066017948541598676e-01,7.147923385219062675e-02,6.203196803902925188e-02,1.994994813805915299e-02,7.242753540463553463e-02,3.290264202430801671e-02,7.118357906549915848e-02,8.094588499335722553e-02,6.998735886007043105e-02,3.095621901783204497e-02,3.181526254600001991e-02,1.195310487105524094e-02,5.454379317853232795e-02,2.447561194156068140e-02,2.842279058092165266e-03,9.802025278524920809e-03,5.841897487859205700e-03,1.665604173586513609e-02,1.513216426517894481e-02,2.378942984815928322e-02,3.206578284061701971e-03,6.809718257888687509e-02,6.347786832488533371e-02,9.362336973196384859e-02,2.524929437881113722e-02,5.317679518321642707e-02,1.733905200728861826e-02,1.049681763626230252e-01,1.897289593081504661e-02,6.191739292034016684e-03,1.048344104552928653e-02,3.940781911498089651e-02,8.102088074799949913e-02,7.070847702813384816e-02,5.591847696183874228e-02,1.967423092779696167e-02,1.951735223000708105e-02,5.246392695631198894e-02,1.182045528405539780e-02,4.125515319041520718e-02,9.928919282818809630e-03,1.102811885164360108e-02,7.758848005814690356e-03,5.106204569118128096e-03,3.729275563005271955e-03,1.453146963083878224e-02,1.143827676770064724e-03,1.064461597500231810e-02,3.456896117260283615e-03,8.895839805108005441e-03,1.132529728710132168e-02,2.716835465268306604e-02,1.578730141248433499e-02,5.419068145421413601e-03,1.126188585246785945e-02,1.188175863761229030e-02,1.240358612254556167e-02,9.769162496457775569e-03,3.267436229684886340e-02,1.898465492821218778e-02,2.104036301946881141e-02,2.406579540017356189e-02,3.325075291910015163e-02,5.787114760934291592e-03,2.316621594664433972e-02,3.741402566917285261e-02,2.880976089577013278e-03,1.020702731921989230e-02,4.143938760638758365e-03,3.373161545045733067e-02,7.485769412076612173e-03,6.609818485079338446e-02,7.027624442350295653e-02,3.481579592832262371e-02,6.046071625055194493e-02,1.175637693770975253e-02,3.947092905674705332e-02,8.823324211046051913e-02,2.328971755779317074e-02,1.274597642804330411e-01,6.873298192583587873e-02,1.760668961987888262e-02,1.391851686789213546e-02,4.017063604358477730e-02,2.671539164471232672e-02,7.973395362828546162e-02,7.603361577611797428e-02,1.413339678319326144e-02,1.604735786103403394e-02,8.224112249776185934e-02,2.235527429101000774e-01,8.218187588652212106e-02,8.414124572456176121e-02,1.766432477953305547e-01,1.059733010758105720e-01,2.193031201702438648e-01,8.115249918289363373e-02,1.829238654259789654e-01,5.019194505638093634e-02,8.897851758615946127e-02,1.153152856951827204e-02,2.825319681016412454e-02,6.093964221439197165e-03,6.034809868394391472e-03,4.375851841387350810e-02,2.931787798673703496e-02,6.438770497248005875e-02,1.346766294206144798e-01,1.136500527292596263e-01,1.082811044743231116e-01,6.774149104541564437e-02,9.071868383923106793e-02,1.118794639824306908e-01,1.916937145985788890e-02,8.890388207442664545e-03,1.595528134976530177e-02,5.249864840584564547e-03,3.117195031682978498e-02,8.964947809175109750e-03,1.767866790060078006e-02,5.989580326060617299e-03,2.057353728995806041e-02,1.954075329392203179e-03
