0.000000000000000000e+00,9.713692358109348932e-03,1.909440194016131728e-02,1.983676376220589593e-02,6.411705869729241933e-03,1.039164991933872947e-02,2.078120331000691840e-03,3.321913911469792993e-03,3.982708192813022227e-03,9.212551825501512663e-04,8.250332507645939586e-04,6.441305198004389394e-04,8.966131299209776110e-04,1.173462412336610935e-03,1.776085142193152382e-03,7.971986873897332886e-04,2.967963215947092351e-03,1.107872727576682693e-03,2.485650595305778469e-03,1.215081027540593304e-03,2.171188409646809640e-03,4.553657921561472658e-04,2.858146144887164543e-03,2.893124236371061460e-04,9.409629899961255775e-03,4.215457749678490655e-04,4.251070308408238206e-03,3.103719124301428968e-03,2.093766868973842912e-03,2.100553134080773189e-03,4.485340261059086661e-03,1.145960432640113309e-03,1.407534966600403666e-03,3.233557076709853931e-03,1.402821210550510246e-03,5.875512402356596661e-04,3.191279941717500195e-04,1.014632501647600316e-03,2.910676589751014795e-04,5.099430018179093279e-04,1.568945540560341906e-03,2.890400444275603286e-04,4.603466156331486128e-04,8.573905590553087489e-04,2.279113809058386838e-03,3.108356659344335476e-04,2.427764843873922516e-04,3.169418330124000420e-03,1.724993023219503329e-03,4.908271312623491839e-04,2.203157235173316931e-04,6.952799817820522850e-04,2.765246169636423898e-04,4.152360013615413389e-04,7.262613199600313069e-04,6.190001943373868703e-04,7.790231073836763852e-04,2.303916849760150737e-04,1.927600306476483097e-03,6.131185900724177469e-04,6.113704465846160445e-04,2.123217590218138846e-03,9.084564401161162716e-04,7.049599453186630943e-04,5.862941441014659022e-04,9.814856309824230348e-04,9.127494455548294935e-04,4.759608272840295737e-04,3.072553440334944291e-03,4.592553231427410742e-04,1.237680723428999548e-03
9.713692358109348932e-03,0.000000000000000000e+00,3.542823626275582588e-02,4.827385883262794858e-02,3.170976126008346815e-03,6.090563544268963458e-03,6.239328127818447381e-03,4.663751646380803750e-03,1.046623015537815607e-03,7.596143331125726093e-04,1.629263672375235936e-03,2.371199728587932657e-03,4.242472053604314300e-03,6.363155066249191576e-03,2.988753224552275888e-03,5.895614352003989735e-03,5.212479174014581287e-03,2.759301098655478780e-03,6.745331962706755486e-04,3.276833738338071718e-04,2.592382028659466573e-03,1.996330650197133700e-03,3.235453651614891065e-03,5.691511790973793417e-04,5.766774615940377380e-03,9.980832937838838084e-04,2.587703325263077548e-03,2.124090799256542379e-03,1.479766839098013275e-03,1.604877150424593351e-03,4.984903725639686090e-03,3.583623950260633284e-04,2.389177799452444056e-03,1.034091584612955922e-03,1.462559192857900217e-03,5.528640827511909070e-04,1.040771427985170755e-03,3.985760751187230992e-03,1.391244240815941221e-03,2.057909902164054526e-03,4.644713257068743863e-03,8.550164976046149574e-04,3.524921648713611778e-04,1.871515723751729799e-03,5.654347696452513604e-04,2.157495945886933283e-04,3.192378137827585663e-04,1.717302952674863888e-03,6.817284545113038536e-04,5.573137040326752931e-04,3.196035565253288685e-04,1.798359788498756818e-04,6.617683368889538779e-04,5.033379531747025470e-04,3.262756119211968216e-04,3.686218272304438767e-03,1.016452728005518219e-03,4.583433549849544081e-04,2.496451332129468684e-03,2.118361410439300848e-04,3.815151752463644803e-04,6.117038262721465232e-04,4.915481009332567245e-04,3.122087070016140624e-04,5.212738977011531537e-04,4.397031128579163731e-04,1.869107745035570407e-03,2.146261820960832737e-03,3.003035168231419499e-03,6.926528969757919088e-04,1.929381790541203658e-03
1.909440194016131728e-02,3.542823626275582588e-02,0.000000000000000000e+00,5.041351387948392326e-02,3.057715958679294022e-02,4.432560781230270031e-03,8.537502284028442023e-03,4.519975238477158888e-03,4.018583448159963184e-03,1.237479838784622367e-03,1.316891375898793584e-02,7.778949174774095650e-03,1.419946334528123487e-02,6.827065880113233377e-03,2.159179811852029313e-02,7.358434500946558175e-03,8.796291203072868770e-03,1.684336299968809377e-03,3.503923148447574912e-03,1.016885199861103720e-03,5.694055559862594602e-03,2.034659767890211780e-03,1.032611306783176412e-02,1.881040267326767332e-03,1.558806591724940828e-02,8.242043207147433867e-03,9.990236854344624121e-03,9.703552168289433441e-03,6.463605583717287051e-03,4.014489026982294428e-03,1.165761517801242562e-02,1.877557412468901666e-03,5.629554221043902955e-03,4.875286909063181878e-03,1.101165406127457922e-03,9.984312595222480206e-04,1.754037623355654974e-04,4.136443647524117723e-03,1.892442688489873875e-03,2.306571390297479981e-03,8.940841867181904563e-04,3.919283826790315758e-04,2.036540017776605153e-03,5.040685342669151995e-04,5.559331818534245630e-04,6.212147688352199137e-04,4.463574441408157414e-04,9.775453182628104400e-04,1.053638366664645665e-03,2.381631760611751039e-03,4.390866180288614112e-03,4.485736859792289490e-04,1.821829428365553548e-04,2.274638601680499528e-03,2.827705377487307707e-03,3.577317418828238039e-04,4.963188974550592023e-04,8.491440173590443508e-04,9.280170901533303868e-04,1.830332448456385144e-03,3.480086464630321595e-04,1.075500469562941331e-03,2.034107089269595464e-03,8.420398611657964891e-04,9.546458063356651810e-04,1.687864408012933410e-04,5.261549622844323990e-04,4.929652581292239683e-03,9.111333981951423924e-04,3.734059575498283653e-03,9.012843402104382977e-04
1.983676376220589593e-02,4.827385883262794858e-02,5.041351387948392326e-02,0.000000000000000000e+00,4.617060452737638265e-02,2.896723041590375941e-02,1.289078791013824853e-02,1.083717099688385685e-02,1.681170330067160990e-02,4.269548332874737936e-03,2.653321270769001122e-03,1.829736688421997135e-03,5.197385829985298050e-03,1.917852229435180762e-03,1.037384696991009228e-02,8.924192232242994863e-03,1.081798731576459702e-03,8.153374065308660081e-04,1.550023913058753478e-04,1.913156723633117461e-03,3.231466252332726007e-03,9.448523750102118344e-04,8.140826912818047156e-03,1.198252545817860872e-03,1.622447349850661066e-02,4.462174697483026371e-03,1.153309306698927254e-03,2.073039303572683529e-03,5.424934246600017279e-04,6.901215560923523165e-04,4.406613869117768402e-03,3.820889183834034423e-04,2.161987160038555521e-03,1.874190683715737642e-03,1.964441504727843218e-03,8.076354486558047973e-04,4.984837817564925257e-04,1.954145280650508489e-03,1.062900831243989526e-03,1.716296060605739524e-04,2.033334295322664683e-03,1.548436222697070026e-04,2.812590361954127923e-03,4.962348737199411431e-04,8.848287797277551740e-04,2.363050573551237106e-03,3.342662354966596631e-04,8.049905573371429106e-04,1.476054731595270340e-03,4.558634191354515885e-04,2.662471217056176440e-03,6.253012340030062984e-04,3.267541231520391942e-04,1.623731480687179733e-03,6.125680237034272085e-04,1.334762406545341416e-03,2.619953377352195450e-03,1.464291088096531532e-03,1.178852188134290897e-03,1.071920614392023879e-03,1.236455497842564068e-03,1.803144441576019416e-04,4.739050653437707557e-04,8.631677691293531676e-04,1.412787828666573061e-03,5.386959985997510176e-04,1.418869096462539031e-03,2.247340592051871519e-03,8.190672540018279629e-04,4.112802395689967808e-04,4.779796390834313157e-04
6.411705869729241933e-03,3.170976126008346815e-03,3.057715958679294022e-02,4.617060452737638265e-02,0.000000000000000000e+00,2.088872475106432619e-02,2.550712618911192553e-02,3.231791403342011704e-02,1.141872348142590303e-02,1.639996805270728039e-02,1.136993589024260648e-02,6.091452079209770491e-03,1.953873468028823404e-02,2.649075493098682413e-02,9.208337684517398092e-03,9.472272090116688747e-03,1.590607675063946194e-02,1.234432516626640707e-03,6.540158772118953752e-03,8.719383591715703600e-04,2.423678533239431200e-03,9.193347575402757927e-04,7.079202501618279617e-03,1.413315877660751641e-03,4.580283361101697252e-03,4.350845010624006769e-03,6.204680599095740642e-03,1.061157957750024326e-02,2.462460834928582084e-03,6.319568811141294123e-03,1.426279532171873497e-02,4.925004717654847411e-04,7.706045713587912627e-03,1.214371161657860389e-03,5.713953580979210401e-04,1.538180291082855622e-04,1.421351023333487004e-03,4.937467457638980602e-03,2.041637045133833095e-03,2.627195537647447534e-03,3.617464941044276280e-03,1.431740531407911087e-03,1.124785548371037489e-03,2.096712602525994951e-03,2.006906911431063142e-03,7.849600889802404047e-04,4.683882303041495324e-04,1.644702939908049884e-03,1.325133301502360228e-03,6.879318309955693642e-04,1.037834576315096406e-03,1.507582841879026277e-03,3.247060762789612471e-04,1.127994951016719587e-03,1.265177443438401158e-03,4.707294353963296062e-03,7.846405877161047012e-04,6.358007801883992956e-04,7.137493973114418435e-04,3.031858866693812760e-03,1.362444105079030745e-03,4.849629342293473888e-04,7.560132627191631970e-04,1.186297533056236957e-03,9.151760087931165924e-04,1.064041030316166406e-03,5.625009294514261545e-04,1.764140789586250528e-03,6.682833647036732789e-04,2.589761033864226955e-04,5.903969532633578749e-04
1.039164991933872947e-02,6.090563544268963458e-03,4.432560781230270031e-03,2.896723041590375941e-02,2.088872475106432619e-02,0.000000000000000000e+00,6.657956298536914230e-02,5.412760006681577307e-02,6.202583268244056536e-03,1.145051660851086409e-02,1.606434481408665696e-02,5.383293787537506495e-03,2.084057344650714488e-02,9.658938438069135379e-03,2.133353713030033960e-02,1.509484456760731841e-03,9.955675996407302789e-03,3.745143620706352892e-03,6.394117564868453604e-03,2.950320993950981616e-03,3.644913885720908134e-03,8.770761600255972280e-04,1.770454586393203911e-02,2.588429870175747161e-03,6.516998672533512796e-03,3.008520186590620763e-03,9.063943470443449474e-03,6.690569932205922207e-03,1.866668335333770664e-03,4.605909390176847473e-03,1.050188619043200024e-02,1.034142052172103707e-03,3.935749288200993991e-03,8.582475706071593120e-04,6.097196445816822951e-04,3.057747999465326022e-03,5.213321123652963230e-04,3.183449276963433287e-04,5.579138583011428827e-04,2.298855123282873315e-03,2.005272996176323073e-03,3.943199368650311546e-04,1.921425084438143586e-03,4.234638478170477485e-04,3.171057927904933358e-04,3.481998402675761045e-04,9.110558052122498746e-04,2.109268021230932674e-04,2.596063904650625803e-04,2.780334622555165379e-04,2.285746355050636419e-03,1.408708366247468820e-03,1.264660323085906035e-03,3.092627579403601406e-04,3.594963430124326412e-04,2.741714223367501275e-03,2.257402886456719594e-03,5.232058434623773104e-04,2.249752097885036276e-03,7.540758124012282917e-03,9.271767081605922743e-04,8.544564530770701848e-04,6.445072130275928540e-04,5.486693902987920934e-04,2.850181590928383508e-04,4.506301057421754734e-03,1.790623334120936081e-03,5.324502721300240944e-04,6.891151490522336815e-04,1.671193139395123553e-03,5.698769047876650140e-04
2.078120331000691840e-03,6.239328127818447381e-03,8.537502284028442023e-03,1.289078791013824853e-02,2.550712618911192553e-02,6.657956298536914230e-02,0.000000000000000000e+00,4.771907957522746740e-02,5.390461670137856182e-02,2.604501825143070923e-02,1.807051408320261773e-02,1.234866147755575051e-02,8.748497600963616588e-03,7.705845211826931225e-03,7.643801654990640265e-03,1.692659766843156253e-03,4.918419907354287454e-03,5.337640561276442474e-04,6.537043337399319181e-04,8.967570053723986859e-04,8.865755982522073586e-03,2.230455192198229231e-03,7.425922074473113171e-03,4.808052987245819976e-03,7.544179856437818049e-03,3.499358286043115999e-03,2.486090486108375602e-03,2.175652948868365098e-03,2.280723732726679803e-03,4.355999630291164902e-03,3.506080494563590996e-03,5.306789662517200513e-04,4.398363261030283078e-03,1.733967519024824742e-03,1.090633393868691492e-03,8.791814468229923810e-04,6.100858106994474714e-04,5.956729364547095652e-04,7.130363418225556206e-04,2.110870672389793517e-04,5.583592147735921656e-04,1.227646306273207956e-03,1.278840642724511905e-03,7.686614597443800628e-04,7.146299342239995295e-04,2.892560105937408768e-03,3.505989673406536417e-03,1.151143337368670848e-03,3.161502760398957404e-03,2.752260492582496573e-04,5.003519284454520377e-03,2.210739092594375937e-03,8.572204722595782407e-04,1.906359917886094437e-03,1.777445122139429323e-03,3.160776974606750896e-03,2.371308308776515564e-03,2.264929768731737281e-03,6.965479981003897154e-04,3.116031094058867475e-03,2.128904324391899232e-03,8.829474987052057409e-04,9.539110983388445495e-04,3.239890785004037946e-03,3.516887502164395469e-04,2.220268368087730069e-03,6.371697515329910423e-04,6.707954025849245617e-04,2.416314890772302409e-03,1.257138217614523282e-03,5.725285443802648156e-04
3.321913911469792993e-03,4.663751646380803750e-03,4.519975238477158888e-03,1.083717099688385685e-02,3.231791403342011704e-02,5.412760006681577307e-02,4.771907957522746740e-02,0.000000000000000000e+00,3.944738176812636471e-02,5.145537965872624443e-03,5.051059070375419138e-03,2.301927380618220761e-02,4.963546272075350201e-03,7.109980811205176936e-03,1.903713718013471529e-02,2.617803631375805080e-03,9.287841643549451381e-03,4.537519770960683589e-03,2.098301215772220302e-03,1.128769347421030786e-02,9.239177497900971647e-03,5.235941221719191650e-03,8.880903132076616024e-03,6.526532141987010510e-03,2.317952985237021167e-03,1.489032020176373101e-03,1.515798657383288922e-02,1.752746353962547762e-03,5.934329813452633717e-03,6.630313329429927439e-03,3.416143367093428529e-03,1.561821878304388549e-03,3.437772731539896764e-03,1.439025734572306437e-03,4.543851059606984939e-03,1.879472010603354219e-03,3.889802096357666134e-03,1.229362282309770689e-02,2.608973653878919434e-03,5.399329284659836088e-03,6.288326201114173607e-04,1.028236344276744997e-03,7.427855361258846106e-04,2.338127956185632583e-03,2.445340759358915865e-03,1.163199104280966635e-03,9.966937099130425155e-04,1.046608311203824949e-03,8.048609437470167485e-04,2.709556779979823034e-03,2.578125277559644227e-03,7.233259111811591799e-03,5.114222242188130960e-04,1.517225746664983615e-03,1.173594448889032091e-03,6.751625872038975566e-03,5.422506054532915190e-03,2.122698213727053970e-03,1.466718946336236038e-03,3.428865093047532044e-03,3.695489912175907010e-03,8.489122535172356938e-04,2.718638338332428264e-03,3.097715230791467551e-03,1.607226822323255941e-03,1.293746878658103873e-03,1.056092765162518644e-03,5.572464063942361451e-04,4.231214051231094522e-03,4.415698243072888225e-04,6.789045471268413678e-03
3.982708192813022227e-03,1.046623015537815607e-03,4.018583448159963184e-03,1.681170330067160990e-02,1.141872348142590303e-02,6.202583268244056536e-03,5.390461670137856182e-02,3.944738176812636471e-02,0.000000000000000000e+00,2.858500222899906101e-02,1.404919928055389615e-02,1.708167168553730020e-02,1.590775378998302014e-02,1.159843426681476074e-02,1.318698544985063247e-02,7.713027036267913489e-04,7.035517319055087718e-03,4.902368595190258020e-03,2.082762743253571691e-03,8.316431557652981948e-03,1.085184994772130443e-03,1.287989739616922195e-03,2.805575487644346167e-02,9.299019738515905062e-03,1.177711570824631392e-03,4.077386594306402386e-03,1.830723839578863796e-02,8.624697752295323872e-03,5.879637019315409573e-03,9.103066855543759037e-03,4.772190429715826229e-03,4.577347222997553856e-04,2.651305092115572616e-03,1.885769064095628900e-04,3.819663455940930895e-03,2.736692573349398111e-03,4.441768596955098652e-03,6.546172713386153377e-04,8.165821726185452673e-04,1.494292420517972370e-03,1.715573654420071703e-03,2.480561751442241273e-04,7.452946021515927718e-04,1.174537359633376484e-03,7.561996713373629131e-04,2.704189205874957345e-03,2.186254529864816842e-03,1.490642398589807132e-03,1.457533997538863150e-03,4.050014319343415862e-04,7.968861087799939888e-03,7.776637566405063783e-04,5.012048626644422834e-03,2.309801356635534254e-03,6.908189352446384053e-04,2.643595035693802400e-03,3.957062068418107890e-03,6.592883364050765999e-04,7.370127949190975573e-03,1.444649038967283673e-02,6.033870883604097431e-04,1.451509523081307785e-03,1.659154229340538671e-03,7.948084646320198107e-03,2.039603800225150108e-03,8.049493493453340268e-03,2.013229984821858238e-03,5.370754582228125891e-04,2.193350382191960098e-03,7.430636247244761135e-04,1.606919045503101993e-03
9.212551825501512663e-04,7.596143331125726093e-04,1.237479838784622367e-03,4.269548332874737936e-03,1.639996805270728039e-02,1.145051660851086409e-02,2.604501825143070923e-02,5.145537965872624443e-03,2.858500222899906101e-02,0.000000000000000000e+00,3.944996463253166302e-02,8.203891257650555713e-02,1.713591630715828248e-02,4.980775140427118330e-02,1.256811886649605685e-02,1.509153009489399557e-03,3.942946763842049285e-02,7.912111588135451248e-03,1.048993772906227319e-03,1.439397966981398325e-02,2.929100851734537953e-03,1.017690594328519473e-03,2.959425381443836142e-02,1.275413239684193567e-02,2.028731304452492060e-03,3.423370715659261685e-03,2.493236929974046098e-02,9.647815330127849226e-03,6.131167198054619447e-03,1.068631556537525014e-02,1.419017650663540473e-03,4.799783211878459505e-04,1.155181666845091215e-03,2.720795988680013971e-03,4.456173978520576971e-03,1.866371503719859576e-03,3.945432065416238851e-03,5.920711992571468102e-03,4.377264485471041473e-03,3.756358457291784740e-03,8.178817592368850704e-04,2.412890925303874754e-03,2.588004155376808727e-03,1.219992433716419588e-03,2.452065733100796774e-04,4.923061215386107447e-04,3.462522310760953424e-04,2.999871904189853615e-04,1.700351802835369268e-03,2.471068110365373834e-03,4.196479904062360052e-03,2.349208531033196781e-03,2.843813265980079264e-03,2.255537959681268214e-03,8.046158586351972921e-04,5.046660433924144568e-03,4.385974694617110307e-03,6.140384723971321727e-04,2.299776527225736063e-03,1.674015772929516015e-03,1.250381275844881721e-02,1.030159607042876579e-03,1.058415437510967392e-03,6.665990745918513698e-03,1.560763946626712514e-03,4.921150084887425218e-03,5.225505719732688676e-04,2.102409593430044704e-04,2.097390576418718070e-03,2.092947219717644419e-04,2.867199652320730381e-03
8.250332507645939586e-04,1.629263672375235936e-03,1.316891375898793584e-02,2.653321270769001122e-03,1.136993589024260648e-02,1.606434481408665696e-02,1.807051408320261773e-02,5.051059070375419138e-03,1.404919928055389615e-02,3.944996463253166302e-02,0.000000000000000000e+00,2.211319677103677772e-02,6.839475995298586845e-03,1.181312792534975308e-02,2.244425898718134527e-02,6.524111177438906423e-03,9.183381443194549645e-03,5.047459874662808994e-03,6.519503795332268203e-03,1.270252785654193625e-02,2.835882926129549859e-03,1.818307273994656951e-03,1.156419486777294191e-02,9.070339450489009123e-03,2.781117331247210701e-03,8.485562849541512971e-04,2.444650908661505709e-02,6.884085696883362505e-03,3.441990697578990906e-03,1.133665352256382590e-02,5.516496040766707791e-03,8.707333703446914911e-04,4.385654992731581082e-03,1.750656068682722444e-03,6.840994918866581329e-03,3.346577518481862255e-04,1.245049838055481764e-02,2.505765862591490499e-03,2.723882893795408298e-03,4.319980520018632496e-03,1.121649021623321143e-03,6.565808963706914634e-04,9.896560164061993150e-04,1.371334609234999783e-03,8.927332490031687166e-04,7.044126118127707649e-04,5.034672256525981248e-04,1.665874716002687392e-03,2.042873650165266848e-03,9.812165908643477163e-04,2.701798801624732786e-03,1.999947463989911346e-03,3.495962386586442140e-03,2.785609845265051617e-03,5.622625077409597414e-04,3.128791021014614652e-03,1.615823699537872029e-03,1.374729595453996105e-03,2.816896841974705391e-03,1.576120953342850274e-03,1.025844994109468720e-03,1.163271747027946673e-03,4.876279459443282754e-03,5.869037947324398305e-03,4.404350953953469622e-03,3.464584383643579298e-03,1.042358816753443263e-03,4.009590177356226436e-04,1.031969966075366391e-03,1.453234770719644868e-03,1.284471755281162402e-03
6.441305198004389394e-04,2.371199728587932657e-03,7.778949174774095650e-03,1.829736688421997135e-03,6.091452079209770491e-03,5.383293787537506495e-03,1.234866147755575051e-02,2.301927380618220761e-02,1.708167168553730020e-02,8.203891257650555713e-02,2.211319677103677772e-02,0.000000000000000000e+00,9.778957366552308919e-03,2.783417804795553820e-03,4.410057146928001229e-03,2.293525653679900911e-02,1.751330197091941236e-03,1.285142722135862361e-03,1.998165636656127654e-03,5.372502924255586482e-03,2.044624419982067880e-03,3.968121583586438524e-03,4.406172785846354523e-02,7.680194916371953576e-03,2.215917075703821223e-03,6.557564562338026072e-03,2.406766522885366716e-02,1.529179727221370230e-02,3.017107123765517141e-03,1.040772055198108462e-02,1.180859287585512944e-03,3.516403407375766777e-04,3.878739889116218555e-03,9.337113824569773755e-04,3.602835367968245262e-03,1.220429907088699435e-04,4.328599942573225015e-03,1.008794008734762836e-03,2.653538418361070603e-03,1.440470657250936736e-03,1.099105512413384254e-03,1.239719567706934868e-03,1.190066819744908062e-03,4.374735645283644482e-04,1.473100176294247620e-03,5.655953466532414936e-04,7.515371507104079505e-04,1.018817475115648200e-03,4.834825529000927108e-04,1.924094763042682532e-03,4.570510414649361572e-03,1.673670441448081147e-03,6.672626372882494057e-03,3.317358327460164739e-03,2.933136404994185573e-03,3.809216269602596358e-04,3.337994792552550225e-04,1.391476906040836755e-03,7.887462612595535962e-04,5.255566943337812089e-03,3.100292452394827155e-04,1.353989160033544246e-03,6.393308971243897264e-03,8.282045285550402583e-04,3.178972383536137706e-03,4.829689175176912330e-04,1.012443832090762852e-03,5.393707072665117168e-03,1.463171295049689414e-03,9.463267618587688267e-04,5.909904209731711494e-04
8.966131299209776110e-04,4.242472053604314300e-03,1.419946334528123487e-02,5.197385829985298050e-03,1.953873468028823404e-02,2.084057344650714488e-02,8.748497600963616588e-03,4.963546272075350201e-03,1.590775378998302014e-02,1.713591630715828248e-02,6.839475995298586845e-03,9.778957366552308919e-03,0.000000000000000000e+00,3.051469820959962567e-02,3.941514535094203797e-02,2.188445516095217230e-02,9.004034172315005316e-03,2.023904547528989142e-02,2.303646328380581226e-02,1.359095174262855803e-02,5.144420387869257788e-02,2.531292541157925333e-02,5.527253840784646099e-02,1.055556725753159161e-02,4.134056600528025760e-02,1.985996011244342205e-02,1.023821452561232345e-02,1.856807299101807113e-02,2.699164551452726355e-03,1.294545705319169980e-02,1.804738114523703847e-03,1.642821323475475393e-03,5.538196514190668780e-03,5.939125341807672620e-04,4.869719374562896217e-04,4.163518654953954519e-03,1.412456270384189949e-03,3.893684959010795376e-03,9.204039403525592512e-04,2.536613730209395724e-04,1.755306299439424091e-03,1.605859835346394983e-03,3.700966331938237725e-03,9.207198931799510802e-04,2.790118797518182422e-03,2.847556978855942701e-03,5.805987144727559014e-04,4.035550102916670573e-03,1.419673482038882970e-03,3.613472773678921661e-03,2.905889570761216109e-03,2.889929977703498739e-03,5.363961572134072313e-03,7.408954574089598490e-03,1.305890074126044801e-03,3.654239565189658194e-03,1.531193758645479474e-03,6.199335397964520107e-03,2.120312117922120917e-03,4.987195322792719893e-04,3.680976388371072147e-03,6.649797157200280397e-03,4.627213505165278344e-03,2.283738229526460013e-04,2.606374613859601449e-03,8.327948224455321248e-04,1.551717192627074431e-03,2.884105698591948918e-04,5.029895102638034512e-04,1.951621147312624076e-03,7.050808475387343628e-03
1.173462412336610935e-03,6.363155066249191576e-03,6.827065880113233377e-03,1.917852229435180762e-03,2.649075493098682413e-02,9.658938438069135379e-03,7.705845211826931225e-03,7.109980811205176936e-03,1.159843426681476074e-02,4.980775140427118330e-02,1.181312792534975308e-02,2.783417804795553820e-03,3.051469820959962567e-02,0.000000000000000000e+00,4.846177360637476603e-03,3.724867892848056361e-02,3.971654419754449758e-03,3.291744622265649258e-03,3.469726068393653301e-02,7.449192247679330137e-02,7.042706504768481146e-02,7.463679089899162566e-02,2.235662776786920269e-01,6.078851395311371530e-02,6.233157728469615466e-02,3.906682766963696929e-02,1.255453653218795151e-01,8.512814259699931496e-02,7.953697406577085391e-03,5.264292275295879425e-02,8.686322730217820032e-03,2.480560399961882767e-03,1.493581111525841242e-02,3.242124238810784390e-03,4.581691287694142529e-03,1.716558949568178834e-03,1.367443992322776858e-02,1.333747887512654008e-03,3.878554009170369962e-03,1.854618378530098911e-03,5.848934951965003431e-03,9.836580620035016102e-04,4.260001769334402846e-03,1.416532440291773387e-03,5.182076919462405605e-04,6.878753912265086643e-04,2.310269093299397499e-03,5.013756358048467900e-04,1.198478005010464916e-03,1.992401291180836368e-03,2.411647719875561775e-03,2.235252576977383478e-03,1.250095981312060629e-02,8.118267553470084191e-03,3.755444437716816061e-03,9.457949131418918716e-04,3.431942185674997838e-03,2.547218113086743060e-03,3.434603526593994587e-03,1.098628173287425833e-02,5.488319859515361845e-03,1.059701531157553576e-02,2.251526615554860430e-02,1.141147949354474542e-02,2.500490792964890976e-02,2.646340395242095193e-03,4.785231659393286534e-03,3.242654639195223423e-03,5.628007951652371464e-03,1.880736437745291660e-03,2.172105307246869569e-03
1.776085142193152382e-03,2.988753224552275888e-03,2.159179811852029313e-02,1.037384696991009228e-02,9.208337684517398092e-03,2.133353713030033960e-02,7.643801654990640265e-03,1.903713718013471529e-02,1.318698544985063247e-02,1.256811886649605685e-02,2.244425898718134527e-02,4.410057146928001229e-03,3.941514535094203797e-02,4.846177360637476603e-03,0.000000000000000000e+00,1.495812439311662405e-02,1.786344075528612700e-03,7.638758555700220047e-03,9.001605838926125813e-03,3.142597909659709809e-02,1.125317838511391000e-01,1.350280816958929486e-01,7.612380695843749823e-02,7.936395683631830567e-03,1.889391234366925021e-01,2.578255917443095582e-02,2.114113539334308567e-02,1.884789998820282989e-02,1.641042565603051742e-02,2.737799110677638370e-02,2.384648087092675148e-03,7.045463282513747712e-03,3.278225122547193809e-03,2.474749229545508081e-04,1.427009789254369242e-03,2.398071259733483302e-03,5.002483304560203722e-03,2.168693659754751448e-03,3.064317435441411223e-03,4.102195718300107215e-04,2.359766234588549227e-03,8.340964925939244740e-03,5.631710924866477515e-03,2.559491578680369358e-03,9.443727116311147196e-03,3.930867705763744537e-03,1.407599835079676462e-03,2.270352043109668400e-02,2.832509191885927268e-03,1.237281755475947743e-02,2.389690750319043908e-04,1.331544784809055677e-03,1.828273551427799307e-02,7.237205061896683118e-03,4.929881784805248239e-04,8.148887243312544215e-04,2.539278687980722152e-03,7.973790125380457450e-03,2.856399315381860302e-03,2.114103133924859473e-03,1.243207181064223807e-03,9.279746606427076699e-04,7.948276019727314179e-03,9.595896571257306676e-03,1.556303416308520669e-02,4.394048755508073861e-03,4.041873430719899497e-03,8.061800699619732849e-03,9.369060221935402366e-04,3.041020637944554135e-03,7.206112474450117843e-03
7.971986873897332886e-04,5.895614352003989735e-03,7.358434500946558175e-03,8.924192232242994863e-03,9.472272090116688747e-03,1.509484456760731841e-03,1.692659766843156253e-03,2.617803631375805080e-03,7.713027036267913489e-04,1.509153009489399557e-03,6.524111177438906423e-03,2.293525653679900911e-02,2.188445516095217230e-02,3.724867892848056361e-02,1.495812439311662405e-02,0.000000000000000000e+00,4.644918695722345670e-02,2.204499745454389578e-02,7.559115974806672467e-02,6.791605790143324939e-02,1.984645106807020609e-01,4.239937782881293693e-02,1.001009816993740781e-01,9.490422795136284340e-02,8.787508600715784879e-02,7.988965157191633970e-02,2.034555328775183511e-02,4.485462992300687929e-02,5.534214994126446067e-03,2.085915312993833967e-02,7.662864453687056807e-03,3.525741002692054683e-03,8.331191293020222613e-03,5.918857842636096774e-03,1.746528110903431633e-03,9.495970677108240415e-03,2.446350104464263975e-03,1.144949697407099398e-02,7.326663400937742827e-03,4.274030372985885944e-03,1.118577241117429998e-03,2.239278840257655050e-03,1.012262406443277356e-03,1.074744676424358022e-03,1.453944717775017140e-03,1.291144623162848292e-03,1.202316772725354338e-02,1.700876916242107179e-03,1.135925107031589189e-03,4.726839985515644826e-03,1.155821068756299934e-03,6.266719963124096123e-04,6.720472900898262145e-03,3.043871680984673676e-03,1.205782402544014042e-03,3.151616742579604457e-03,7.852470469547330120e-03,1.224300840905202283e-02,6.192007748498776221e-03,3.246858876456397511e-03,4.857173671079124781e-03,4.106439196686826471e-03,1.132976055675054359e-03,1.128221231460744579e-02,1.053141183569663436e-02,1.666361622855648235e-04,1.007017135275903828e-02,7.035174035320177280e-03,4.721989484720393385e-03,2.954151141582953173e-03,1.613769632195673903e-02
2.967963215947092351e-03,5.212479174014581287e-03,8.796291203072868770e-03,1.081798731576459702e-03,1.590607675063946194e-02,9.955675996407302789e-03,4.918419907354287454e-03,9.287841643549451381e-03,7.035517319055087718e-03,3.942946763842049285e-02,9.183381443194549645e-03,1.751330197091941236e-03,9.004034172315005316e-03,3.971654419754449758e-03,1.786344075528612700e-03,4.644918695722345670e-02,0.000000000000000000e+00,5.197481098937937333e-02,8.422933009240529678e-02,1.645100167254295587e-01,2.206652339391314832e-01,1.447201226297561982e-01,4.136243227655554966e-01,1.598376793478091529e-01,1.383086526532467386e-01,1.119482807542107744e-01,2.371913011695179763e-01,1.334072135534622727e-01,2.320418261641154709e-02,8.306184974815580824e-02,1.791568401129658636e-02,4.754739379619127813e-03,2.167400426788554380e-02,5.284887892509432077e-03,6.564034557637312903e-03,4.245399180540976661e-03,1.664199854661694775e-02,1.502101763535075053e-03,7.129737216699906857e-03,3.826304455769156346e-03,6.534775537971650346e-03,1.212903652509263403e-03,3.897533657638441434e-03,1.205383393035142168e-03,2.092425605451427896e-03,1.881671568738639642e-03,6.083182421880288862e-03,1.846199718819020123e-03,5.016733344849357403e-04,3.275509346202495290e-03,3.181885480207197105e-03,5.149724426001791623e-03,1.924377770704135265e-02,1.764451663880424459e-02,1.344890811021604189e-02,9.141080673494984821e-03,5.014408580552019365e-03,1.270671802031781913e-02,3.662662206458600772e-03,1.519654234110363877e-02,1.691912372017010530e-02,2.592879816008791458e-02,3.413227681262922392e-02,1.780432485974620810e-02,5.235502368808037793e-02,6.758851612941408314e-03,1.129875998015973833e-02,5.474029739048360751e-03,6.166176997983671172e-03,2.222185302773816221e-03,5.519078723338581918e-03
1.107872727576682693e-03,2.759301098655478780e-03,1.684336299968809377e-03,8.153374065308660081e-04,1.234432516626640707e-03,3.745143620706352892e-03,5.337640561276442474e-04,4.537519770960683589e-03,4.902368595190258020e-03,7.912111588135451248e-03,5.047459874662808994e-03,1.285142722135862361e-03,2.023904547528989142e-02,3.291744622265649258e-03,7.638758555700220047e-03,2.204499745454389578e-02,5.197481098937937333e-02,0.000000000000000000e+00,2.439772145009452831e-01,1.974412474147758390e-01,5.949468857547962619e-01,4.372654041266440528e-01,3.191215387823964633e-01,2.569135481848450198e-01,4.501165410870024974e-01,2.017543613337490493e-01,8.767971078723127420e-02,3.820524075530995489e-02,5.722527203626702474e-02,4.603345076336386177e-02,3.279953040887223677e-03,1.487561516931525281e-02,9.790135050701889025e-03,7.545001617774767938e-03,3.731137890802179238e-03,1.348614445156501480e-02,4.075486983585777621e-03,2.130368864438360321e-02,4.286146031474295098e-02,5.833946467190754409e-03,4.447748835705945050e-04,2.392926124455814138e-02,7.953547163033801784e-03,2.441952804596899795e-03,8.286692279638862429e-03,3.176230959274050324e-03,3.708301667462444474e-03,1.517682083420796545e-02,1.694643980619872864e-03,2.543147956906570417e-02,1.889131458279387802e-03,6.467071751291959651e-03,2.196498205081214017e-02,1.154081448631760591e-02,1.007557434375991323e-02,5.894532122717387537e-03,2.574484157632674422e-02,2.518035475068049547e-02,1.298106314978260097e-03,3.963017876632604630e-02,1.232555148856211841e-02,2.681414379014442767e-02,1.679159037943120727e-02,2.689638765617741178e-02,3.754766561072755277e-02,1.236798668180198041e-02,2.663885071648889810e-02,1.542056756583931425e-02,1.302128459436627597e-02,9.329738049853141327e-03,1.379505836012222438e-02
2.485650595305778469e-03,6.745331962706755486e-04,3.503923148447574912e-03,1.550023913058753478e-04,6.540158772118953752e-03,6.394117564868453604e-03,6.537043337399319181e-04,2.098301215772220302e-03,2.082762743253571691e-03,1.048993772906227319e-03,6.519503795332268203e-03,1.998165636656127654e-03,2.303646328380581226e-02,3.469726068393653301e-02,9.001605838926125813e-03,7.559115974806672467e-02,8.422933009240529678e-02,2.439772145009452831e-01,0.000000000000000000e+00,4.621987905138078001e-01,4.967337765191185417e-01,3.629746830410066072e-01,5.362126105553578492e-01,4.380890469139871457e-01,2.120288549456679494e-01,4.031900252866965073e-01,1.368952709379820942e-01,1.720588435978079866e-01,1.554204391726948971e-02,3.693618506889733560e-02,2.625456829721996982e-02,6.126851125349623041e-03,6.314038462044321322e-03,4.104014885886664819e-03,2.111626540944554903e-03,2.272459961207960039e-02,2.860130360834223836e-03,2.499348052380123697e-02,1.034293056431706548e-02,1.202561022314373174e-02,2.284279191882045579e-03,1.409328452533849425e-03,9.036611671655427405e-03,4.324754739074741609e-03,1.182054670205964081e-02,8.662021876572436815e-03,1.255465635143826475e-02,1.881841184144900786e-02,2.065553931380893424e-02,4.998684038429239591e-03,4.711879397180886685e-03,9.749546913315814897e-03,7.796957979369701849e-03,4.799986465279874534e-03,2.374632007877238229e-02,1.644676112231999512e-02,4.200398586418824243e-02,1.604083709433388669e-02,1.581225019210873509e-02,2.361442081369429305e-02,2.403771073743392328e-02,5.315674999072911300e-02,6.382279122334952315e-02,3.491813034235033419e-02,2.664747285644087846e-02,3.508319454623481243e-02,2.861682963406040128e-02,1.745298760511978381e-02,1.817657215415084682e-02,5.820070299328782351e-03,1.124802664780677648e-02
1.215081027540593304e-03,3.276833738338071718e-04,1.016885199861103720e-03,1.913156723633117461e-03,8.719383591715703600e-04,2.950320993950981616e-03,8.967570053723986859e-04,1.128769347421030786e-02,8.316431557652981948e-03,1.439397966981398325e-02,1.270252785654193625e-02,5.372502924255586482e-03,1.359095174262855803e-02,7.449192247679330137e-02,3.142597909659709809e-02,6.791605790143324939e-02,1.645100167254295587e-01,1.974412474147758390e-01,4.621987905138078001e-01,0.000000000000000000e+00,3.278581240050389423e-01,6.659415463849778227e-01,4.734128395888638208e-01,4.529863143824089944e-01,3.519426907436098428e-01,1.853702821233481068e-01,1.921954804493264113e-01,8.137672439778853573e-02,3.705547201526958323e-03,8.289012426532267608e-02,3.320065913736552909e-02,3.634510213327733167e-03,5.456310407629109960e-02,6.486699917047421791e-03,5.980636415407587780e-03,6.998864037811338736e-03,5.835516900698950980e-03,7.977109612224492913e-03,6.836416594802334663e-03,1.561842953082957265e-02,1.781045671434972402e-02,5.674859441988310514e-03,8.954334597387335337e-03,2.991831501702245637e-03,8.695712433935895436e-03,8.321602302722042738e-03,1.380136625193720788e-02,6.207221985035531187e-03,3.301391242431672268e-03,6.876670435989672842e-03,1.556246503457336212e-03,1.879661972443267062e-02,3.146948172974839419e-02,4.709117094657788022e-02,2.467640809651746800e-02,1.189365723110659065e-02,1.836592319505225487e-02,2.113165673940669426e-02,5.142569903662335545e-02,1.048837875890652055e-02,1.318644600167475506e-02,2.694160239364901122e-02,6.820521137652939270e-02,7.396981150145356954e-02,7.778597617823607147e-02,4.639389626122583307e-03,3.312448419977457453e-02,6.127283285207258540e-02,5.392082353550167045e-02,3.624623601549454427e-02,8.319918202843739133e-03
2.171188409646809640e-03,2.592382028659466573e-03,5.694055559862594602e-03,3.231466252332726007e-03,2.423678533239431200e-03,3.644913885720908134e-03,8.865755982522073586e-03,9.239177497900971647e-03,1.085184994772130443e-03,2.929100851734537953e-03,2.835882926129549859e-03,2.044624419982067880e-03,5.144420387869257788e-02,7.042706504768481146e-02,1.125317838511391000e-01,1.984645106807020609e-01,2.206652339391314832e-01,5.949468857547962619e-01,4.967337765191185417e-01,3.278581240050389423e-01,0.000000000000000000e+00,5.123751762417122491e-01,6.697379914086529773e-01,3.556174210338357011e-01,2.832827475901937841e-01,3.815958405650046181e-01,2.177876722932706732e-01,2.300917036809785599e-01,2.299484452748411581e-02,3.855995733524664876e-02,4.118742519569155297e-02,2.038746948689517703e-03,8.301483297663864169e-03,1.844864351752199816e-02,5.637300054475756841e-03,9.942298727877284942e-04,3.429609563671858017e-03,4.391276145246056882e-03,2.088594076070194802e-02,2.686258242169271143e-03,3.884489626357499805e-03,4.952499596262038839e-03,5.312777037392567639e-03,7.737069099614921411e-03,4.649305147608862911e-03,3.626422962577489223e-02,2.751235355753365447e-02,1.077821434051742279e-02,1.960281678236442185e-02,6.634298772842339015e-03,2.037807846549390123e-02,3.030620307436877187e-02,1.832063832841315451e-02,9.411507697814182338e-02,1.510952622177795350e-02,1.330079147242398466e-02,5.118807338497166626e-02,7.448491037088203828e-03,1.354306778111026566e-02,5.428386663942152274e-02,1.347789297712892638e-02,4.758683361031740972e-02,5.793488609517303406e-02,1.588058579466677597e-02,3.725040331646627817e-02,5.719572870067095305e-02,2.089994742430462821e-02,4.614352433833238121e-02,1.117382488998460745e-02,7.126570556458020067e-02,1.007807838346872278e-02
4.553657921561472658e-04,1.996330650197133700e-03,2.034659767890211780e-03,9.448523750102118344e-04,9.193347575402757927e-04,8.770761600255972280e-04,2.230455192198229231e-03,5.235941221719191650e-03,1.287989739616922195e-03,1.017690594328519473e-03,1.818307273994656951e-03,3.968121583586438524e-03,2.531292541157925333e-02,7.463679089899162566e-02,1.350280816958929486e-01,4.239937782881293693e-02,1.447201226297561982e-01,4.372654041266440528e-01,3.629746830410066072e-01,6.659415463849778227e-01,5.123751762417122491e-01,0.000000000000000000e+00,4.946734700385359007e-01,5.411789519161539497e-01,2.820200556845269824e-01,3.483800620450057117e-01,2.178015388081173120e-01,3.315332581874137763e-02,6.717842127894542437e-02,5.764657751434378030e-02,2.877865624905747571e-02,1.511185221763481148e-02,1.252028293015844396e-02,4.224264466503667437e-02,2.564123450839769780e-02,6.248300104107264163e-02,6.538427403999612364e-02,1.671034589261988917e-02,5.983686351106691677e-03,4.582728583284549455e-03,3.162593453431309428e-03,9.748152164530048819e-03,2.682468397406184268e-03,7.872433462684822608e-03,3.994955545083225812e-02,4.836808564815524986e-02,8.321796921932113344e-03,4.217225352906784491e-02,1.055891471006733112e-01,2.511684099420146300e-03,1.027694307539634734e-02,4.777614845306595720e-02,4.635435576821705234e-02,2.672949704000063612e-02,3.227942319347552880e-02,8.818376589913373698e-02,1.374201298279265765e-02,7.849894411864965366e-03,5.103919671738313402e-02,2.834001302079833945e-02,8.034744598590619347e-02,4.716669172889548234e-02,6.115325387562847020e-02,6.621765406565818801e-02,7.121178728369889632e-02,2.832999859419972274e-02,2.123983016072935465e-02,1.146423193581078137e-02,2.426723358351604715e-02,4.104914553138914318e-02,1.345643392302925401e-02
