0.000000000000000000e+00,6.585383613183036777e-01,6.850898851110838184e-01,3.565799659685947032e-01,6.579412956012019587e-01,6.124663180368816739e-01,3.630669455930052303e-01,5.858242587887074748e-01,3.764261118212507973e-01,3.337160800237707892e-01,4.226799692261772878e-01,6.754330161354438200e-01,3.042400966787687788e-01,3.502845990889633665e-01,1.811587539506838429e-01,1.084726953700451413e-01,2.045336158956387596e-01,2.172814790921063499e-01,4.720202936629552259e-01,2.729795184743884495e-01,1.216521389799359587e-01,3.208924964712427386e-01,5.642019090947192339e-01,1.515097680800661095e-01,6.796345752894950021e-02,1.995315821039314597e-01,1.136706854848794773e-01,2.551588879764213336e-02,2.622043101450195410e-02,3.108114622815983177e-02,1.464990030365000973e-01,2.399559830323765852e-01,2.366904547737079534e-01,2.364836291518731815e-01,1.182694892608227716e-01,1.475977911202515924e-01,2.205207575013591881e-01,1.353610263988128393e-01,8.354641615293630086e-02,1.143456533775968897e-01,1.516428382642880102e-01,3.714804447632616413e-02,5.682022775206773541e-02,7.678978745861490818e-02,9.157700044647527904e-02,5.556791449150603329e-02,3.322330084654595006e-01,5.446543036648763408e-02,4.184960919416041286e-02,1.579308776365224432e-01,1.397571735537765925e-01,7.147347595934171183e-02,1.446922990627792782e-01,7.865803016663198977e-02,7.692220140433803088e-02,2.465187590637655246e-01,7.025881544012126112e-02,1.141497726188725331e-01,1.861589477557022698e-01,3.133639765990701709e-01,1.184964043955019225e-01,1.308799236246060149e-01,3.692177554793509842e-01,1.408946497343463167e-01,1.100143904898608638e-01,4.862983666600924348e-02,2.876217834818192015e-02,1.809003414103652063e-01,1.190847347285521746e-01,4.363751546121485275e-02,7.857905062991420164e-02,1.965499718808525476e-01,4.227886622693217272e-02,1.268573681288177601e-01,8.841588919495152465e-02,1.721880688757692901e-01,5.134947307597508698e-02,1.287400520207938048e-01,1.992749894861967075e-01,8.904242532925266129e-02,1.990832245931069000e-01,5.754749096523152641e-02,1.153339516375897489e-01,3.584057354536972217e-02,2.194444313562600446e-01,1.358941455450997371e-01,9.436255705861161525e-02,2.424933975742119829e-01,1.536591235922051546e-01,9.851465271784945466e-02,3.893860208697538100e-02,3.627390786520082733e-01,3.345689895534517122e-01,3.857822742911694303e-02,1.068074617626585121e-01,2.723200615656064527e-01,1.789809269953522852e-01,3.228115854843915944e-01,4.143836580544776327e-01,3.193225104436236972e-01,1.850488514560307551e-01,1.311952118081930185e-01,1.282427052453440908e-01,6.039419436353796883e-02,7.677135294805000065e-02,5.709332890191844145e-02,1.402915117800629212e-02,5.347514644505379361e-02,1.952793042761344702e-02,3.536590197370116651e-02,1.504034138829312695e-01,6.013126189689613904e-02,5.127632132906111834e-02,2.396517550194081914e-01,2.201540650484143935e-01,8.366438386658010817e-02,4.073662049253345963e-01,1.267818631474976199e-01,3.701721202444910319e-01,2.350862207159506445e-01,5.748542549641194599e-02,4.237801306196435636e-02,1.316684414332196414e-02,1.003732317834844928e-01,6.565395072912108554e-02,6.671065627850497615e-02,9.228857014081652543e-02,1.216926690101933772e-01,1.218354668102535204e-01,3.593168183375459318e-02,1.852787336255495299e-01,1.020448516155109259e-01,4.666052403902128803e-02,6.735353412504853365e-02,1.193339610687674940e-01,5.810808965645654356e-02,8.765157837599624191e-02,4.474329063017817854e-02,1.557452707847079183e-02
6.585383613183036777e-01,0.000000000000000000e+00,8.192064880926626103e-01,7.380015684251896024e-01,3.537387132612964669e-01,4.370242033669683446e-01,3.735936752986123155e-01,3.613626787085513214e-01,6.996834971260373903e-01,5.564540914714328768e-01,1.809474709846188301e-01,4.506372773170767010e-01,4.261347966040964219e-01,1.597698061440039063e-01,4.552286038175950011e-01,3.254350639020423541e-01,4.507883968218781567e-01,4.835363617029559413e-01,1.232812785446838894e-01,4.723577028915062481e-01,2.758616703960977690e-01,8.905983193334519876e-02,3.740249950897400200e-01,4.520409799887661895e-01,9.172283370790453028e-02,3.198501626447278895e-02,6.069206975607257387e-02,1.856232920865893976e-02,5.683278422503157401e-02,6.490536633037388703e-02,3.123872340005823603e-02,8.290484315244314728e-02,1.539268632200587253e-02,8.620045132204270932e-02,2.281218475367564891e-01,1.424092779679772824e-01,6.769795548890060466e-02,1.466813157935974166e-01,2.908042420155704244e-01,1.409592169118580561e-02,1.161450842148925577e-01,1.673156756687522173e-01,1.891120928407486468e-01,1.023359588973231510e-01,1.017376184433921027e-01,4.634447979857743150e-01,7.522527026801373307e-02,2.099427828140765784e-01,2.863773497393877765e-01,1.468062480305358519e-01,1.596414765130917957e-01,1.269884572357807828e-01,3.251529260108304564e-01,1.091808231174457855e-01,7.049441687151725144e-02,3.088231066312355222e-01,1.454326993904269949e-01,6.409103414396553899e-02,9.630881691334039485e-02,4.592608413011484703e-01,1.176907268831508119e-01,1.798180960272376810e-02,2.182455131293258022e-01,1.175595132093114753e-01,4.590781848959720607e-02,3.677310251189334911e-02,6.984297924418741976e-02,2.039352217321985794e-01,4.803417664286830507e-02,2.319947086718233409e-01,6.982217155792741492e-02,5.025585972468501333e-02,1.918266503378778520e-01,7.484582626826756513e-02,2.238098372050814078e-01,8.177640286247180035e-02,1.983490287095053539e-01,6.975034377165431621e-02,2.840813250505515031e-01,6.847612831756330620e-02,1.269308476131197072e-01,2.350344351635221263e-01,9.946957008198321903e-02,1.714366985486323325e-01,3.427124675753837058e-02,8.430192637378397524e-02,2.799137972155121279e-01,3.680034687149613126e-01,9.913161907871335943e-02,1.116005394224025005e-01,4.124181679979194159e-01,3.987847984163443993e-01,3.136513692061478897e-01,3.982568436645619880e-02,2.422626065621211189e-01,3.174202666025506270e-01,4.062220452924776848e-01,2.762509076677060471e-01,1.639788944444683649e-01,3.130752018638481848e-01,1.401885153549950469e-01,4.474062248978105671e-02,2.574650802817442241e-02,3.107876798562109535e-02,1.744646674759679217e-01,3.856059230259639703e-01,2.733990636524414874e-01,1.436030289686209271e-01,3.470862547064357262e-01,2.223174799185555495e-01,1.015315285134663903e-01,2.953550630524831230e-02,5.117137222908714478e-02,5.246255376449836250e-02,2.885177420340351295e-01,2.485612140450981222e-01,3.055752809948730081e-02,2.529847124821508197e-01,1.856648559726956915e-01,2.359302190021937140e-01,1.030457481069619319e-01,1.713763884062390053e-02,2.434509963677074784e-01,1.681412360308272014e-01,3.394490661945105958e-01,2.647691637590619540e-01,3.252955967242806556e-01,6.741515334428799244e-02,2.354318746888319769e-01,4.947284858061483381e-02,8.016863992141169681e-02,1.115400248649102699e-01,2.210156313796229066e-01,1.008842477860000392e-01,2.721101537506249168e-01,1.519273181924724603e-01,1.499033009986079634e-01,2.294539445441699521e-01,8.461603623689889497e-02
6.850898851110838184e-01,8.192064880926626103e-01,0.000000000000000000e+00,7.228840404971359490e-01,7.434003075969859431e-01,5.721794026248305798e-01,6.296268148056614056e-01,4.727745945989196286e-01,3.694194793464454785e-01,7.005588120292083332e-01,3.708425312184732148e-01,4.390199464821626929e-01,4.206299211008346917e-01,6.090788479262188027e-01,3.631369065781872574e-02,3.028934697171244139e-02,6.445148479809882369e-01,4.834233431258848634e-01,1.495764777569537074e-01,4.092705652012608164e-01,6.409053952128895837e-01,1.605930132892449402e-01,1.344713238797882737e-01,3.233528280029814295e-01,9.672997208555926540e-02,5.591930152091856288e-02,8.921350085119914008e-02,5.186462671717965295e-02,8.910744996493291659e-02,1.177041199044732145e-01,2.365472813596212337e-02,3.667411852049001081e-02,9.117823354503176714e-02,3.836958531655778465e-02,9.194033214053140557e-02,1.026635336611659427e-01,6.509991486955001190e-03,1.368151335272082270e-01,2.092112236616799556e-02,1.807267824137873957e-01,2.186694251605764833e-02,1.087612016776928620e-01,4.986721032151396511e-03,1.775930010410731175e-01,1.270692575812064629e-01,1.388214755622360352e-01,4.432521899322694470e-01,7.715873892261745914e-02,1.741532625561825198e-01,1.005408139833198211e-01,3.056411655555816287e-01,5.724736360245934186e-02,3.957859121366966160e-02,2.252956169768380312e-01,3.449950550955952489e-01,3.352379484626920592e-01,1.453196582837360529e-01,1.439900246536195139e-01,2.902831301753504289e-02,3.972092322671983977e-01,9.114300936336262871e-02,8.063462038038873847e-02,2.062695483027646715e-01,2.089036497048581686e-01,1.082206190181903976e-01,1.855486165091484174e-01,1.048960068007281643e-01,1.950068269257322073e-01,3.848541967463307151e-02,1.314540440138165511e-01,2.364723246105720766e-01,1.155247253744664110e-01,5.337609875180429619e-02,1.758372684693998989e-01,1.704745706152918094e-01,4.088165953344521930e-02,3.440161442127819685e-02,1.179780387256641472e-01,1.649622023379704594e-01,1.123118002328641063e-01,1.146745356952700023e-01,1.450650020840755783e-01,8.873241747912553878e-02,4.002895303464478610e-02,1.439535201464511027e-01,1.435781273207837605e-01,1.279238460607333983e-01,1.230281331166311193e-01,2.964078203889905505e-02,4.037025852301303480e-02,1.537982414771789930e-01,5.046067239177980807e-02,1.200285827363538338e-01,1.297659718903936554e-01,3.144831092214642188e-01,4.859134253523272190e-02,4.126655632198195089e-02,4.942465099972788434e-02,9.493686413484284103e-02,5.395008590405869081e-02,8.703459156920596851e-02,2.110687388877155457e-01,2.577929572415940673e-01,1.817145232432778035e-01,1.663661927132436269e-01,5.381870069664212303e-02,2.023772040929510199e-02,3.623012100873923558e-02,5.163574044298999133e-02,1.934882472364574113e-01,3.506561357498782505e-01,3.346937925812102366e-01,2.440765065822442514e-01,5.697972686207432025e-01,3.495241780196995385e-01,4.119052109113573445e-01,2.833688624523718058e-01,5.938324487413263464e-01,1.740432887638141413e-01,1.313646187800472931e-01,3.500179723743117310e-02,1.650889076104815334e-01,1.267294113679461320e-01,1.188801368071732284e-01,7.477060960615843077e-02,1.440539657035551091e-01,1.984911607598902339e-01,2.586541960563251696e-01,1.456595735267748326e-01,3.095502114942017546e-01,2.039197829579657562e-01,1.293108296628639464e-01,1.067231744513735953e-01,7.450831494916421160e-02,8.658186281860517919e-02,2.829326565652999156e-02,6.646747258406836278e-02,3.997508678279940164e-02,9.397922260513889500e-03
3.565799659685947032e-01,7.380015684251896024e-01,7.228840404971359490e-01,0.000000000000000000e+00,7.898469025393382026e-01,7.446809666077733869e-01,4.883074625490512188e-01,6.748399804085942755e-01,4.947903755328394437e-01,4.194771727002790107e-01,6.673033909196849356e-01,5.037045922505686280e-01,1.567860783783378287e-01,2.029571309607558494e-01,5.042161068641214383e-01,1.513086934719130028e-01,6.472310717568728611e-02,3.738509828016072789e-01,4.499036364909183572e-01,1.089064457012028780e-01,3.967847052151978748e-01,4.115392687826656681e-01,2.715045891110298149e-01,9.386020161136260365e-02,1.504497381291669544e-01,2.072725222814081614e-01,2.309280669894006946e-02,4.026224863140136917e-02,1.523440350919576594e-02,2.211410786691160937e-02,4.990642485102679549e-02,2.063786541088735160e-01,7.736551096573200670e-02,1.750758069923940008e-01,1.158043374458481850e-01,2.090495901642128521e-02,2.622059591165945558e-01,1.669671436615645099e-01,1.203974093139937029e-01,5.346698776418272459e-02,2.118376264171940304e-01,1.147865456791569427e-01,1.881128340655114084e-01,1.586230900600380245e-01,6.053622788405633309e-02,1.242689796478609887e-01,2.263595493770613198e-01,1.841025345116987511e-01,7.056084023600527055e-02,2.602412257856254740e-01,1.351168713860457504e-01,2.350783663892293818e-01,7.673782583932614587e-02,1.076985046837586751e-01,2.068168602727376570e-01,1.259689304827466827e-01,1.100205877717521374e-01,2.242346182810025512e-01,4.003617915241476366e-01,3.375552638469244138e-01,9.123415609732345166e-02,1.221735144142197110e-01,1.923003084793198647e-01,4.269234198755280513e-02,1.360064581892986568e-01,9.369965007557309877e-02,7.771537988092407090e-02,1.054148734283167910e-01,4.566787959279723641e-02,5.367244366182163939e-02,6.772658798438346839e-02,7.412337587066153421e-02,1.146867842878646904e-01,2.614151870656238746e-02,5.723857567283623798e-02,1.786981761967119664e-01,1.831211543395541153e-01,8.304507964518166585e-02,1.821775761471718103e-01,2.091631922468841775e-01,4.644560696615509382e-02,3.973568306324345989e-02,6.357213268433975495e-02,1.408997385263289215e-01,6.691014855956074758e-02,2.413926994466836229e-01,7.954507307272636052e-02,1.504993798285571560e-01,1.617741665999465894e-01,2.153684592608657855e-01,7.312740320400225313e-02,1.455185291687838833e-01,6.959326993143952200e-02,9.144388670408963582e-02,3.180195586362574156e-01,1.270007859922676341e-01,7.183945472690722589e-02,1.281953473984568104e-01,2.028539386700138614e-01,3.316981772455437905e-02,3.493772085479947276e-02,9.229465540097575582e-02,8.360836530718535053e-02,5.644477142363603372e-02,5.153255781476623332e-02,2.098735910163122137e-02,2.878859074752291788e-02,6.635395550795844533e-02,6.570384429065595500e-02,1.181913384930906308e-01,6.581014343945100487e-02,8.127606003590476247e-02,7.932505292590390222e-02,7.988082044934663450e-02,1.753029633091487127e-01,8.230770568418578625e-02,1.592583279694019527e-01,1.200339897624200375e-01,9.071228581104578970e-02,9.484252918814417566e-02,1.184867125803477500e-01,7.154408707039118520e-02,3.038382706883444029e-02,3.554225547873238883e-02,1.695856248285746160e-01,1.541639189012257161e-01,8.589104276140847871e-02,1.482001520020333474e-01,1.573812995762128020e-01,2.712862841213996568e-01,3.791474006218457093e-01,4.726040548039062844e-02,7.601851906826685712e-02,1.687879831147932608e-01,6.025763991680230247e-02,2.360093033304904928e-02,7.202703353545851506e-02,3.048687529711656755e-02,2.139983429662201467e-02
6.579412956012019587e-01,3.537387132612964669e-01,7.434003075969859431e-01,7.898469025393382026e-01,0.000000000000000000e+00,8.233269806032885718e-01,4.075534647185870551e-01,5.237982338438826879e-01,3.891488921016071356e-01,2.885325600710129113e-01,2.552392369831423258e-01,6.129878889422737398e-01,4.432214645694081412e-01,1.907477484588607775e-01,7.925857163607764877e-02,6.760722457687140530e-01,5.710879755607907449e-02,2.467000117863078767e-01,6.263048604116887574e-01,1.466912321318662726e-01,1.545323246250991933e-01,1.347396684554679480e-01,6.042025897033008741e-01,1.518981072526197074e-01,4.691310998129902265e-02,1.702153114098194087e-01,2.477494645847932997e-01,6.606676186330003205e-03,2.060074221925311047e-02,8.425947416784704269e-02,3.262771439133627105e-02,1.652421250281549403e-02,1.525455010783631771e-01,2.750687411635189400e-02,7.503430867517611735e-02,1.346545850886884665e-01,1.470800013473052559e-01,1.543955649201512459e-01,4.965561362052028915e-02,9.961998130545411667e-02,1.416172863251720926e-01,1.116371159333279378e-01,3.321033720380722754e-01,1.896208688317456148e-01,1.996365556203795744e-01,4.178162746935680794e-01,3.544775725103593844e-01,1.594724935630090490e-01,4.562441079421060697e-01,1.954183352273540508e-01,5.629258662246752754e-02,4.014785703945759621e-01,1.860398115813864106e-01,1.106515291689335601e-01,1.366412345136799322e-01,4.406850567254348428e-01,1.405976250996460175e-01,2.731758454906204614e-01,6.312612487443662601e-02,4.478759861080863214e-01,1.585165590008522918e-01,5.368579922706603891e-02,1.495808648100855620e-01,7.767109620156840977e-02,1.237137117465440250e-01,1.643025159526103895e-01,4.210803638042070335e-02,1.222778682353169444e-01,7.371510082614252113e-02,1.441521903409548055e-01,4.133925315329588929e-02,1.138590509768676873e-01,2.514933000133269536e-02,1.897866322954209206e-01,1.428300991333874836e-01,1.469055301491321575e-01,8.059971345441384327e-02,5.915462455294636518e-02,2.031563959813495190e-01,1.010437743269914368e-01,9.607693757228322196e-02,1.543965596420983910e-01,2.027859112232596184e-01,5.479557848965251748e-02,2.211888758699310231e-01,6.770863665209760074e-02,7.874129771580001824e-02,3.331596709372525167e-01,2.295991109827236754e-01,1.070594378982548667e-01,9.799845873293358545e-02,3.940394503423444994e-01,5.016762739311001612e-02,2.300225427016285851e-01,5.865797065347014977e-02,1.945621811975904170e-01,3.058931100963109551e-02,2.204706017056798639e-01,1.657075258137821749e-01,2.324775958456277991e-01,1.547797701308096519e-01,1.222099513542380667e-01,1.722507224905633350e-01,8.115848750224971542e-02,3.485591365930321150e-02,1.163341428637247599e-01,2.829463699994432327e-02,1.773863521142515429e-02,4.533027953979115038e-02,3.126005440153511311e-02,8.338698630736884887e-02,2.204676451706755885e-02,4.499152000218425984e-02,4.552998268643757007e-02,9.246020712779261241e-02,2.369685212273810737e-01,1.849970547939308596e-01,2.507647666252514340e-01,2.515683048429624424e-01,4.279206131113873907e-02,4.006791666542923736e-01,5.975235515734374225e-03,1.423761029428152747e-01,1.362968504149553173e-01,8.044975280033797582e-02,6.352823741894229881e-02,2.032865253126614480e-01,2.016246468606881503e-01,7.798008760894720170e-02,1.590157803078933590e-02,1.253459332117148883e-01,3.606461190404145478e-01,4.944319365755949214e-01,1.443749485112054975e-01,2.214591013011019405e-01,1.566484994369058970e-01,9.386915656302997901e-02,2.899345933271734177e-01,8.620890828752332535e-02
6.124663180368816739e-01,4.370242033669683446e-01,5.721794026248305798e-01,7.446809666077733869e-01,8.233269806032885718e-01,0.000000000000000000e+00,3.837696937589433754e-01,7.066407452191169059e-01,4.113731947711229964e-01,6.883766714939133502e-01,3.468656544240421580e-01,2.126238976669020675e-01,6.132946138105462852e-01,4.533490317098314293e-01,4.218877909724882413e-01,3.832825725078263246e-01,6.342983146384910675e-01,8.659694822564042993e-02,1.320726881497784888e-01,5.478010031112731104e-01,5.153271977794705583e-01,1.378589702324031774e-01,2.902534434717911060e-01,5.003086464076776929e-01,9.334866354171478253e-02,7.884805276224833570e-02,3.637559631921880726e-02,3.253315350406225243e-02,1.392092085553468528e-01,4.142994921197424435e-02,2.936103957341540047e-02,1.251116215716744362e-01,5.240399136221286780e-02,7.631601040728129559e-02,2.564760794301986224e-01,2.926410977465940602e-02,1.240448351099776997e-01,1.033341735297608754e-01,1.687652705137055176e-01,1.071901955760689584e-01,4.051864910672818565e-02,2.313558554424809677e-01,2.298942296354449244e-01,1.950426226516998041e-01,1.470255823872944519e-02,3.485555823546083176e-01,8.713037965611915292e-02,1.959153629061578250e-01,1.328257514846944154e-01,4.119754402150860306e-02,3.025320032064942044e-01,6.805143551346085062e-02,1.042094255970231753e-01,8.356817219647233452e-02,2.297271706834877469e-01,3.105243652355524353e-01,2.817532371779220002e-01,4.535766689830552506e-02,1.046331684042611648e-01,5.043671294768398150e-01,2.471445579842069806e-01,5.708955783696798014e-02,1.881674093762276678e-01,3.572699310730372835e-01,2.881799935424377707e-02,1.663573713000765786e-01,1.811869931981477388e-01,2.646469008252620991e-01,8.812707735427109668e-02,1.143257929796708677e-02,3.018129319106765407e-01,2.076136846759944754e-01,7.414776959926121236e-02,7.191453576972592354e-02,3.332741629035702591e-01,1.180908140071601775e-01,1.723535578373603938e-01,5.788333634066043093e-02,1.954089732744472840e-01,1.753046588985339715e-01,7.843956637495266837e-02,2.808038254004704970e-01,1.444878001964202685e-01,2.231306146837199744e-01,3.923701940089251161e-02,5.477335129184622564e-02,2.926781931806693438e-01,2.493318282821988530e-01,6.042172922556328374e-02,4.879763770054508509e-02,3.785752195253596075e-01,2.391568796855506884e-01,3.012185715938943131e-01,2.198855686374810714e-01,2.770031703789269106e-01,6.825375347986825658e-02,2.959913681068983005e-01,1.698786200788847678e-01,2.010931747201654893e-02,2.062847167204308885e-01,7.786340553252057983e-02,1.395129457759746727e-01,1.138328798179552709e-01,7.843354224339135761e-02,2.174593612856376701e-01,2.938304818899722948e-01,1.527111177205822956e-01,6.363572946797714514e-02,2.202221799563804649e-01,4.090178874875578796e-02,4.096036748712102160e-02,1.205005432475450833e-01,4.121998148906415305e-02,2.451365670194798896e-01,4.991490844583172937e-01,4.762820356619588136e-01,2.044944582924745902e-01,3.504331054780741028e-01,6.634304967216092530e-02,2.870600121082301781e-01,9.542033063406016313e-02,1.580250616491987725e-01,2.322076601655171380e-01,4.316034020690324990e-02,1.948481310606871020e-01,8.591939416696367515e-02,9.285753597014219374e-02,2.126169679629932863e-01,3.734967305631903961e-02,5.164237511571350553e-02,1.064970066495999762e-01,1.211218659171454243e-01,8.111265622062741043e-02,4.761297603218833663e-02,5.290706232312302609e-02,3.178084079241242504e-02,5.255818426836852270e-02,3.711347743155973822e-02,1.910465079681471223e-02
3.630669455930052303e-01,3.735936752986123155e-01,6.296268148056614056e-01,4.883074625490512188e-01,4.075534647185870551e-01,3.837696937589433754e-01,0.000000000000000000e+00,4.752455473950073506e-01,3.334570048720191249e-01,3.030274124028022320e-01,5.631169581386482603e-01,4.407328929228216952e-01,3.033811825301166443e-01,6.565319196207809460e-01,3.607645553321927046e-01,1.221704925491371996e-01,5.865005368809099728e-01,5.065735443633881951e-01,1.620356008344459309e-01,2.313737623743038208e-01,5.481874857326931583e-01,2.754261531177547018e-01,1.614286659553987036e-01,1.100473822243941968e-01,7.053957483153261432e-02,8.899863841115843166e-02,6.780807716634833227e-02,7.336473758137428310e-03,1.112856088674250843e-02,1.323129223543350053e-01,3.550893636189157015e-02,6.767726158138130665e-02,9.261285792197095079e-02,1.293251829848313383e-01,6.941357897018260448e-02,2.274538976615329278e-01,3.663457128886416642e-02,8.558482252324181583e-02,1.370393058132786668e-01,1.703015340735872518e-01,1.152247878440331996e-01,1.264108809113942966e-01,1.282075302389337756e-01,3.549724262753024134e-02,2.875136298220672404e-01,2.050071868744662573e-01,3.235950584739294422e-01,4.354745641966754899e-02,1.037851444570639659e-01,2.033230375596498107e-01,3.128465587601779729e-01,1.202676106264908978e-01,6.994635236931097400e-02,3.401547866479187610e-02,2.314662971743188247e-01,9.847766976699495745e-02,1.705898895145346872e-01,8.998282628186474175e-02,7.805507856201548966e-02,8.626297730762215454e-02,2.633229846208609004e-01,2.643205947881856546e-02,1.264724302994118532e-01,1.361024326893335579e-01,1.036928336667627543e-01,1.013019786756979013e-01,9.292214263021118803e-02,4.935873508725337894e-02,1.215324983198296099e-01,1.477732774490708723e-01,8.011027173219691100e-02,7.095655897619934649e-02,8.212813660373401159e-02,1.721026176329397694e-01,1.215161576955278433e-01,6.523647532546167360e-02,1.177561768504922501e-01,7.510203182791200249e-02,7.361221489543327834e-02,4.641856534191846073e-02,8.676064155931864641e-02,5.126838970292912911e-02,9.844185703179988978e-02,3.872680578812315311e-02,6.999378074675778605e-02,4.434340589385494386e-02,5.071984093994424264e-02,8.610761859736323909e-02,9.053748838697323054e-02,3.690147176905301807e-01,9.221825075144400585e-02,2.131586513805051319e-01,8.173063379923803384e-02,6.370514309148628262e-02,1.797575122917501600e-01,4.941709103708868261e-02,7.375877146690722197e-02,1.719846419627500123e-01,2.484897725090506188e-02,6.643961743685021515e-02,1.368896394006776651e-01,8.185444384919271510e-02,1.621983388589773312e-01,1.777587047149736810e-01,9.044170690404619573e-02,4.913117499077058331e-02,1.704084074031233034e-02,2.004502771985820081e-02,6.567590598936653978e-02,2.255376221130034609e-01,3.614766348801264906e-01,2.317592114784877422e-01,1.842869187473021031e-01,3.513428731238548708e-01,1.997189818132618089e-01,1.082081778159511148e-01,1.732758163807484875e-01,1.698780325865479335e-01,1.316589482298931024e-01,8.367113573044811237e-02,2.619905358328682987e-01,2.988495755344314567e-02,3.230899713039682430e-02,2.280450856985058727e-01,4.944526901400985580e-02,2.753434863320562975e-01,2.237980061618702055e-01,3.691415865696193871e-02,1.486609487415542774e-01,7.234147894876567786e-02,7.420315271418548297e-02,9.638325443884523946e-02,2.064277583290706486e-01,9.359321981689952552e-02,1.815300062991299923e-01,9.470593932912715895e-02,8.062934594368618979e-02,2.452778330785456706e-01,3.975355883328248602e-02
5.858242587887074748e-01,3.613626787085513214e-01,4.727745945989196286e-01,6.748399804085942755e-01,5.237982338438826879e-01,7.066407452191169059e-01,4.752455473950073506e-01,0.000000000000000000e+00,7.524842726231147916e-01,7.086689609621386055e-01,2.931147408455476167e-01,4.894934972731954659e-01,1.097215665467011492e-01,4.112772574228548694e-01,6.673849630893002871e-01,4.648814339159960674e-01,1.432253854034174489e-01,5.325906822194100831e-01,6.289830128243854013e-01,9.196370308975644614e-02,3.082644831109705441e-01,1.746620934229783373e-01,1.955111987481274738e-01,3.131823989442950595e-01,1.394274602572281863e-01,1.988104718765457968e-01,7.702693674938754231e-02,5.067400794675737397e-02,3.582790291426109219e-02,4.637692939725863300e-02,1.516193625249148691e-01,1.173607914507787536e-01,1.529504211914206879e-01,2.390300134432228052e-01,8.078226861005678716e-02,1.500755328981663028e-01,1.474717757458482992e-01,8.827405877409313928e-02,1.197787777758147348e-01,7.532025191897423477e-02,3.313959479932702124e-01,1.991524027148725839e-01,5.438075459617219831e-02,2.890017450569590252e-01,5.213696188790538644e-01,3.575961467564267582e-02,2.380765931083263509e-01,4.574005284161645202e-01,2.507194287053020054e-01,2.396668599690163215e-01,8.948945938793587129e-02,8.918045372228808332e-02,2.332005633300537339e-01,7.381453690386842459e-02,1.114874524240384579e-01,6.774629059122824759e-02,6.662506165268697322e-02,1.070219548349718303e-01,6.490047182265593073e-02,3.047299897893552822e-01,1.251085082829625217e-01,5.955702586401120935e-02,6.103049307849913591e-02,1.079261879404059682e-01,1.079947240982108841e-01,1.441765502865135773e-01,5.772748406020050682e-02,4.469482648848321221e-02,2.150699329142044258e-01,4.076929311142481888e-02,5.737107517985326477e-02,2.413748530653533064e-01,1.596679038524488059e-01,2.963464353732596368e-02,1.133294826077716894e-01,1.729579556056357603e-01,6.000108454989307866e-02,1.833328680542205824e-01,1.294637997285824904e-01,9.689768617524290029e-02,3.583990828998996625e-02,1.595879703198740118e-01,1.238905362297580692e-01,4.121118896909518881e-02,1.519155618064870206e-01,1.266081326206319468e-01,2.502979016254554545e-01,9.172745493646765336e-02,1.909629128373745433e-01,2.823009170501180609e-01,1.999530149330921158e-01,1.581498458888053460e-01,4.336315897947305431e-01,2.930937190971673045e-01,1.650784278744325817e-01,1.648240912166523964e-01,2.315177738474046010e-01,3.212511880598358655e-02,4.711823836917827107e-02,2.546381132942772060e-02,5.453424460751151587e-02,1.139403467604020448e-01,1.337440654351983449e-01,9.398962471676948482e-02,2.148532346355345457e-01,1.606437152849236050e-01,1.710622929801656755e-01,2.272813987206274977e-01,1.935774240547328273e-01,2.207750152664249566e-01,2.100038598579517524e-01,8.274950108316753150e-02,2.136913709271896500e-01,7.910677385364575653e-02,2.047376309040023212e-01,1.104668064066502836e-01,1.362794904364516280e-01,5.553816877559733522e-02,5.790742112626134225e-02,3.907446248915820153e-01,1.022752980415839869e-01,9.198823167681099977e-02,1.721438528282112634e-01,1.057363250872559585e-01,4.202575336067477796e-01,2.560794713402963496e-01,1.788799017247142686e-01,4.238509685288674445e-01,1.774297298057399830e-01,1.643085329008166784e-01,3.512672727894392694e-02,8.330007820095852722e-02,5.852301578411072541e-02,7.268619991042518658e-02,1.411318042695570152e-01,5.994210115995820404e-02,7.825811566434463795e-02,2.825414330330851612e-02,2.486644549817326397e-02
3.764261118212507973e-01,6.996834971260373903e-01,3.694194793464454785e-01,4.947903755328394437e-01,3.891488921016071356e-01,4.113731947711229964e-01,3.334570048720191249e-01,7.524842726231147916e-01,0.000000000000000000e+00,3.438380195836330255e-01,6.484983575998117811e-01,4.583421354059280528e-01,3.658286408273583867e-01,2.997139520472276164e-01,7.251384774542646294e-02,5.432027605320461916e-01,2.730083561827822414e-01,1.555677314046328974e-01,3.584345264932094488e-01,5.191844702554386792e-01,1.877240158244338208e-01,2.282659532826329385e-01,2.558457873819034445e-01,8.943555061788623084e-02,9.143143406838553922e-02,8.893526328664140557e-02,8.515372400733245417e-02,1.406389625947678489e-02,2.627604322663970159e-03,1.840974016678667904e-02,2.860454521063125061e-02,2.643930367380899898e-02,9.430451663862128575e-02,1.290824698705902718e-01,1.926521988439701683e-01,3.751272705707454913e-02,5.646292643310538845e-02,6.684803946796796792e-02,1.942320312648784797e-01,8.633606518379667583e-02,8.000201801229561704e-02,2.408242350173804280e-01,2.060464101076803778e-01,8.677858756502811188e-02,1.662202505899890714e-01,1.831450571529608939e-01,1.331400363747417825e-01,6.529733128114813268e-02,1.602216363624158202e-01,7.372971197402568289e-02,1.125829436591826715e-01,1.874542867096894994e-01,1.602165831635375681e-01,1.499333536713286508e-01,1.431414207020552665e-01,1.762044977024447290e-01,1.997433295331825509e-01,8.136907480892675848e-02,6.624574677055311556e-02,2.027192558842478842e-01,6.378144713863979909e-02,1.958547958778335263e-01,5.105248312805594352e-02,1.722527128071235092e-01,2.212413667279077359e-02,5.846225474343806454e-03,7.729995628502459026e-02,2.114290297319533218e-01,1.346779600871498284e-01,1.118515510636153704e-01,1.601165154791759360e-01,2.783444341278473178e-01,6.577825861288810749e-02,8.869164984375497995e-02,1.342948903770577462e-01,6.648472516252833253e-02,2.311201001629083762e-01,7.139403304618394119e-02,1.383728004396041211e-01,9.035012530274587339e-02,1.884076155287011944e-01,7.705576476743450365e-02,7.182776603311613606e-02,2.266303429724746410e-01,9.711966098316174301e-02,1.886156055462038794e-01,4.624802038052128889e-02,3.696374242862939252e-01,9.438827387115690526e-02,2.652027228919876523e-01,5.318466333302791782e-02,1.919728796719994690e-01,2.882312206184281175e-02,1.594528406558972378e-01,1.272150212514631673e-01,4.086302985421776807e-02,9.709508072403699730e-02,6.383763891074495378e-02,1.399617922306197471e-01,1.896038614783145115e-01,3.940119432183924325e-02,4.053844000349715593e-02,1.355510855593787256e-01,8.350856668569979491e-02,2.288067802173408133e-02,1.028414771947816359e-01,3.788154188405267603e-02,1.390705617631330694e-02,5.408531376432374610e-02,2.227781409540387572e-02,2.574208699169889397e-02,3.093822237183736779e-02,1.324982933854110083e-02,1.111206367468703243e-01,1.143705900894579769e-01,3.245335116004515186e-01,8.280067784050269830e-02,1.070791585364441606e-01,9.621493111038885437e-02,8.411935621593659429e-02,2.658014588596361305e-01,5.330893382031232780e-02,2.667462964873129963e-02,3.400715017782507399e-02,1.689615826233689388e-01,3.200917053387156846e-02,1.170258934891017233e-01,1.757301276293140313e-01,7.617414906653782736e-02,2.965185703552527530e-01,5.561638142815476110e-02,3.008707985626405540e-02,1.860502449364772604e-01,6.445699254643341702e-02,2.411154265612754435e-02,1.203193836981577003e-01,2.970312041207603254e-02,4.843529669842461249e-02,5.357330368283675509e-02
3.337160800237707892e-01,5.564540914714328768e-01,7.005588120292083332e-01,4.194771727002790107e-01,2.885325600710129113e-01,6.883766714939133502e-01,3.030274124028022320e-01,7.086689609621386055e-01,3.438380195836330255e-01,0.000000000000000000e+00,7.834724732171273187e-01,7.107833765963923467e-01,3.511214737023842236e-01,5.874398519737219493e-01,1.948991780542441987e-01,2.307623040655355506e-01,7.066060226946558886e-01,5.373464396358966777e-01,3.374540217311171042e-01,4.321926185387177655e-01,4.787549982367941825e-01,2.295132786738312836e-01,2.651695672953807148e-01,1.276014443372261442e-01,3.727079375096748609e-02,2.380887907374215628e-01,7.191140220038010067e-02,1.496423078943143886e-02,2.825237403512255441e-02,4.561775573555112984e-02,3.424925294751574728e-02,1.418600172594597919e-01,2.427258827682723663e-01,3.869048329765879812e-02,6.952384274080601612e-02,1.196843781014983177e-01,1.506006236496332806e-01,8.817368499167317630e-02,5.893483097719268149e-02,2.215070909296892876e-01,7.482717616234768609e-02,1.347955158279014742e-01,4.588838618628061916e-02,2.470037612566323981e-01,2.874112208724645123e-01,5.154531733841764135e-02,1.011711906868231065e-01,3.387871844949104372e-02,7.234143612184849859e-02,2.843621495466107027e-02,1.668356117441344710e-01,2.856799903420876446e-02,2.773707054924747298e-02,1.095812043812084691e-01,2.173815214633103565e-01,1.658728589305567547e-01,1.363205779002545637e-01,1.770086817773603161e-01,1.661773981421158786e-01,2.865106580174808792e-01,2.115552706852846798e-02,1.754957914513001482e-01,2.081342861778084918e-01,2.216747875275480173e-01,1.250410009469287431e-01,7.821626588620141096e-02,1.609042864392076222e-01,3.528686983474612626e-01,5.445801774442004389e-02,1.154768605279990062e-01,3.634483102151729317e-01,2.038108784929313910e-01,2.174691299167022876e-02,2.035197380717243820e-01,2.112784445799279487e-01,4.221631280438653544e-02,7.453540414126731684e-02,7.622195153012391311e-02,1.100930825959561543e-01,2.130997870505862979e-01,5.467941913014336131e-02,6.611910511633485588e-02,1.052060034390090298e-01,7.974334823300166519e-02,1.563603546640706388e-01,2.414757272745668149e-01,5.735126498078874091e-02,8.844046158440393990e-02,2.797677695011867582e-01,2.544094142180122198e-01,1.053594864187290259e-01,4.743964978027302437e-01,6.318304348564877937e-02,1.090697421602151301e-01,6.236543767524569543e-02,2.190260798112530216e-01,3.040374027551678848e-02,2.591669348089690184e-01,2.041531155951375742e-01,8.380263244059266148e-02,2.036799906865530974e-01,3.074501717644697596e-01,1.118040938535226764e-01,6.471371912967596729e-02,1.397735730629343087e-01,1.226284205625396799e-02,4.897149493925737063e-02,1.380237314036554183e-02,1.750360133074979618e-02,1.815235011329855985e-01,3.318280311303246632e-01,2.356952144885416101e-01,3.213359241102685115e-01,5.347123979852127507e-01,3.987480308655469430e-01,3.392693489129101625e-01,3.168280372026162084e-01,2.812998169035155760e-01,3.267130403474763356e-01,1.007316519317612707e-01,3.408250695754552057e-02,1.496116225793674322e-02,2.572054214065971900e-02,2.858238532154622202e-01,1.448394169811229315e-01,8.574540646996139936e-02,4.117091210929301193e-01,1.313398567753380486e-01,2.749545872511243161e-01,1.863153756513275805e-01,1.573115891780272335e-01,1.103293529871868239e-01,1.508953456053414854e-02,2.326372539706471065e-01,6.043458893045026287e-02,1.669696618374728048e-01,9.915038268667304699e-03,7.689152875997191938e-02,8.634500003796187484e-02
4.226799692261772878e-01,1.809474709846188301e-01,3.708425312184732148e-01,6.673033909196849356e-01,2.552392369831423258e-01,3.468656544240421580e-01,5.631169581386482603e-01,2.931147408455476167e-01,6.484983575998117811e-01,7.834724732171273187e-01,0.000000000000000000e+00,2.983736382988138591e-01,1.737349042871490779e-01,6.132389596475238402e-01,6.086352214532879668e-01,1.429987481139190497e-01,2.138483288167223328e-01,6.287531697517787510e-01,3.049301043820986656e-01,1.484029475576965351e-01,2.833223005386522053e-01,1.936237680037182218e-01,1.982222016114051633e-01,2.444357703505342927e-01,5.227361543588933401e-02,5.966518604627057271e-02,3.344249433949578187e-02,3.355268748753907626e-02,4.280067782395255427e-02,2.316454670678082944e-02,6.572045384679833790e-02,4.629097171974613095e-02,1.007595084751128356e-01,1.619630467398376072e-01,1.506842218054468274e-01,3.265588866971377291e-01,6.027095176911349828e-02,5.746473646791146889e-02,3.536954659731621486e-01,9.343093883084492568e-02,2.268385314771154404e-01,1.181526518052001817e-01,2.036887218052925719e-01,1.030080435032287023e-01,4.467016874390937198e-01,1.323697370067070389e-01,2.785342580649031660e-02,3.696675196091878113e-01,7.600593777187529543e-02,2.669930350581664266e-02,5.319898179156162810e-02,2.381332157936216776e-01,6.349779183300482965e-02,1.222428458586836547e-01,7.046900759428953442e-02,2.729248815978700671e-02,9.167035189145086860e-02,1.703833699713126759e-01,1.025494907498702979e-01,1.388260398344500768e-01,1.557747347950416694e-01,1.504485661943046615e-01,1.597032736670789821e-01,6.776749649684123133e-02,1.731441444698492982e-01,7.572298761601543859e-02,5.477092418730444140e-02,6.256803359466860115e-02,8.753840721053603169e-02,1.656761516938480838e-01,3.706862489300703084e-02,6.731751337612448816e-02,1.283116426340212557e-01,5.646534571695352445e-02,8.599548347465173215e-02,5.723384541467507053e-02,1.247027888983140292e-01,3.765777828734357541e-02,1.208475730512548335e-01,1.076257712265875771e-01,1.535425772874144390e-01,4.870235457380055200e-02,9.985573930773714024e-02,1.520150771271906176e-01,6.160552925133541691e-02,2.202437177327771500e-01,1.481565669188720236e-01,1.668291958538914155e-01,3.820616023303122916e-02,7.656080082971856993e-02,2.902816451269612519e-01,2.899963725986339780e-01,1.894553451140463252e-01,3.722314356441587258e-01,6.802692594684253691e-02,2.701077000960801500e-01,4.588806873340404158e-01,3.256553876459288288e-01,1.093779905605844205e-01,2.720117001692118341e-01,1.443196995828430196e-01,4.225106251738650759e-02,1.435092932107541984e-02,3.551903005630256682e-02,1.346880725416024771e-01,2.314852052012530692e-01,2.817465378517164942e-01,1.118129608520066209e-01,1.819221130806694398e-01,4.045653377995263589e-01,3.730074251567581656e-01,1.917829380365651259e-01,3.391153631848127792e-01,2.269821388889513292e-01,4.032185035439697640e-02,1.310375043453526067e-01,3.340588279415129813e-02,1.107259958082496692e-01,2.891578031932696691e-01,1.257043214935841813e-01,6.645385053913498152e-02,1.087275549759830900e-01,1.924038411347653299e-01,1.997943697012563025e-01,4.146607007379609078e-01,4.209674227734080398e-01,3.417766540586558710e-01,3.028647440740778740e-01,3.994301860052467124e-01,8.311115804785242089e-02,8.992927903319826444e-02,2.108211110319101536e-02,1.108780485830218321e-01,1.213774284852789237e-01,1.891244932774860665e-01,8.752938753273917238e-02,1.034646455601959253e-01,1.260443464700436167e-01,4.912079323433795469e-02
