0.000000000000000000e+00,6.372794335743969286e-03,2.012343256417508091e-03,1.978661729551321313e-03,2.091727446008995184e-03,1.268956327325633082e-03,1.636498661418540499e-03,1.403863294001963602e-03,5.913047030574664813e-04,7.318984233598075295e-04,6.721222820953448454e-04,2.524128833659421492e-03,2.944985279156406115e-03,3.706926666957208356e-03,1.745697421181018495e-03,6.123271186724310068e-04,1.451089233016531008e-03,3.061756435466527642e-04,1.360914880663324777e-03,1.190345951922326759e-03,4.317279718027673165e-03,4.155611790841924093e-03,9.149026146052992607e-04,1.057590576455121013e-03,4.434986535156999581e-03,1.269202190641433069e-03,2.952776785056835784e-03,2.030285719540596105e-03,3.195043524108890243e-03,6.435582716962446465e-03,3.105099978273634462e-03,3.638597538363156931e-03,1.796353907332638158e-03,2.217916463425012672e-03,1.007277114937567492e-03,1.652066823510046824e-04,2.249348314960376437e-04,5.947687138837986142e-04,6.551625145760580195e-04,2.501868766592512208e-04,8.943234574747767384e-04,1.944351642971490048e-03,3.007542792084040378e-04,2.236178106976270956e-04,4.658105867506181531e-03,1.908737356613177929e-04,2.036774674931420524e-03,3.368313895627853514e-03,2.117548162109590855e-03,5.502400380609809251e-04,1.577673310703334945e-03,4.197315577437367310e-04,2.445168610221776489e-03,2.963068201075588163e-03,3.418807063342258791e-03,3.975711897371074846e-03,2.033903162046551191e-03,3.872529849839145659e-03,3.746455251554872950e-04,8.000457540832758450e-04,1.609144734216141079e-03,1.937787752745572314e-03,1.428294264712992503e-03,3.924139478110953271e-04,4.553914023568260243e-03,1.696961274145432569e-03,2.839703642059600752e-04,1.524386606132101946e-03,1.860072532531480008e-03,5.714703588441559165e-04,5.067871694551996263e-04
6.372794335743969286e-03,0.000000000000000000e+00,4.599135588689096457e-03,3.651020173545381237e-03,1.422283231307578224e-03,1.101777151226420674e-03,7.630665039776701047e-04,5.373825445604341663e-04,1.678458879252386904e-03,2.925900484365542625e-04,1.416222754346580393e-03,3.279649582949518017e-03,6.513606756767206102e-03,4.719573487615358158e-03,5.068752766225176343e-03,1.129763460936770731e-03,4.020677177806449530e-03,1.552659986865110968e-03,4.004316300328926610e-03,2.217406707120381237e-03,1.439863276487263416e-03,2.132441181289114040e-03,2.067582803469743095e-03,1.026081409259662703e-03,4.127945646270217948e-03,8.592018281888325927e-04,3.155062181802614340e-03,3.519160422191740245e-03,3.938783175804208385e-03,7.398469112606794948e-03,2.817691937018721501e-03,2.987625667386822718e-03,2.147571732202982302e-03,1.523955699015869724e-03,2.673564029342549893e-03,3.581307260807377042e-04,6.152365128264208850e-04,3.780929769036312968e-04,2.139051634369331257e-03,1.969905381130012301e-04,8.321032771823425609e-04,2.791735429845194211e-03,5.711792073108186863e-04,5.772905047218467251e-04,1.359948567629239331e-03,3.152165814028295792e-04,1.379662121924611498e-03,2.315480380541843231e-03,7.291449870525146303e-04,8.514111920838902947e-04,2.329626199015645115e-03,2.075409893209778124e-03,4.211846972011937078e-03,2.005721883357793837e-03,3.155198168203158116e-03,8.718677702421848315e-04,9.836697090130279257e-04,3.011159958500180065e-03,1.381886846016798856e-03,3.319658366937322394e-04,3.775208697510418297e-03,7.716251524962323971e-04,8.468184453016534569e-04,6.180855439928945559e-04,3.593437312032035733e-03,1.417153614334487567e-03,2.202651945660516171e-04,2.123671313942635062e-03,5.675107183658585717e-04,7.043115253355767972e-04,2.078637477705049116e-04
2.012343256417508091e-03,4.599135588689096457e-03,0.000000000000000000e+00,3.994461888343199714e-03,5.775568082382005752e-03,4.992762235192030329e-03,3.227413936514200547e-03,1.785015877651400596e-03,3.471948410554169962e-03,1.803689445765510255e-03,4.024791530039661253e-03,2.729693734956645506e-03,1.048713042465711752e-02,6.342503005486404936e-03,2.136691839974743431e-03,2.729435872805341563e-03,7.122851186065148887e-03,4.643899010751159997e-04,4.980029746886372594e-03,1.431898752993232245e-03,2.918989060386187676e-04,4.794280792628649070e-03,1.253452323297654441e-03,4.828262256587980187e-04,5.032385380008011500e-03,9.295321298678956836e-04,5.131978137947333825e-03,3.175162982439598460e-03,1.622101062281476559e-03,5.485668696532895565e-03,4.806381667566823196e-03,4.565061225667375877e-03,9.116082766403311435e-04,2.284401723396457893e-03,2.697381084196268011e-03,6.841390353289137890e-04,2.448794076733137870e-03,1.418571400106104913e-03,3.658616236726870479e-04,4.733206155270498500e-04,1.006531578873029551e-03,8.767912872768972863e-04,2.251677711511948965e-04,4.862369149137950861e-04,1.451399300006769345e-03,1.282585631767542075e-03,2.478288012284318026e-03,2.102606944449827292e-03,1.681372120247348525e-03,2.447001049009809529e-03,3.406122035587887380e-03,2.983172061911244875e-03,4.270475736674623352e-03,2.159135996774767287e-03,5.386328014422573501e-03,2.089205819355261385e-03,4.137912328512924429e-04,1.342348307207749409e-03,3.708266745475865926e-03,2.980079658154517926e-04,4.316932793345383199e-03,4.081107077605233488e-03,9.981412207525897345e-04,1.232271901756531920e-03,4.563140281031191517e-04,1.301955669035121830e-03,2.251130153211482188e-03,3.116647356938655449e-03,2.023846647106596758e-03,1.057605944830990012e-03,5.076906414889117806e-04
1.978661729551321313e-03,3.651020173545381237e-03,3.994461888343199714e-03,0.000000000000000000e+00,9.577433041626478086e-03,4.709223299533485917e-03,2.816088861954251475e-03,1.677089882048010032e-03,5.627067564325760086e-03,2.729601350464015350e-03,8.514715911810697216e-03,3.484937765672437796e-03,1.096107362203236832e-02,3.534076046173898616e-03,3.639782580480070955e-03,1.586679762465595129e-03,8.175548448573257678e-04,5.091156929985138054e-04,1.355914300498909557e-03,8.760434427540277373e-04,8.494026110094176187e-04,4.158788497012982054e-03,7.007245668414115993e-04,1.123815955359944380e-03,1.225782646145519988e-02,9.332819638821252635e-04,2.632245953480021137e-03,3.766006207436209396e-03,1.745482771647609765e-03,4.640657475440204856e-03,5.542136305241553845e-03,7.609927871566593907e-03,1.254983494977725787e-03,2.840026066490852590e-03,2.696814672456614333e-03,1.795693600231025317e-04,1.182925715244882237e-03,5.202386171726414588e-04,1.785438189119916861e-03,7.775004669036953732e-04,2.014641354472020325e-04,2.744212669462896791e-03,6.257823694728598249e-04,2.484514129016852381e-04,1.007930059717303132e-03,2.079814568012745488e-03,2.968244195506121366e-03,1.920051241321550292e-03,1.479730795676866906e-03,6.330671648770030274e-03,1.015698935280031842e-02,7.159476042553994737e-03,8.373722969437133110e-03,3.360794406910786055e-04,2.252887104185995193e-03,1.412270914818785153e-03,1.888888759300568409e-03,1.750964126131985535e-03,3.424655208537406501e-03,5.608892410121769749e-04,3.841924569780743020e-03,1.606842004201606980e-03,1.489558967740659727e-03,5.064726941661557621e-04,1.256316689643030560e-03,9.678889460930429657e-04,1.287535987825548164e-03,8.637920755602318881e-03,3.460628046239253627e-03,5.357705627053079532e-03,1.913686869629450645e-03
2.091727446008995184e-03,1.422283231307578224e-03,5.775568082382005752e-03,9.577433041626478086e-03,0.000000000000000000e+00,9.070481388937007630e-03,4.100248427399449946e-03,4.486801234835737992e-03,3.184835116741597302e-03,1.512160900045045157e-02,3.920974599441770340e-03,2.729267533096288098e-03,1.777195625756422190e-02,1.021880375681696353e-02,1.144552659110806628e-02,5.022960505961730771e-03,7.045024184105850781e-03,6.332201998844731727e-03,8.228325739607363076e-03,3.240437243189472124e-03,1.332152212031728622e-03,6.129969208571049624e-04,3.441723367415983319e-03,3.002488035167670956e-04,3.066188319599783777e-03,8.704194854252930496e-04,1.389005455625581115e-03,6.192345633461623575e-03,7.742930545238135322e-04,7.722933023633392520e-03,5.449109075663229745e-03,3.985005417218663061e-03,8.069125262447200166e-04,9.753253911048910714e-04,4.304294520804540294e-03,5.121867152856827672e-04,5.868635786488732515e-04,8.030836467351516609e-04,1.138552335845902661e-03,2.284425341180133275e-03,3.571230212034122789e-04,4.959788344236281538e-03,7.350776849219537411e-03,1.987833775983855345e-03,7.874867345195454491e-04,1.706881624536103759e-03,2.298298973460879502e-04,1.432078702180761059e-03,7.294461883734419758e-04,2.169659891584682383e-03,8.297478050982637007e-03,5.599199845609166039e-03,3.704094153983965992e-03,7.279294744361919280e-04,6.016686098098058579e-03,5.813092986851853229e-04,4.849161160063144758e-04,3.321832394149054363e-03,4.345280507493737114e-03,5.938721739264187947e-04,4.842921118576874046e-03,2.334866024668267107e-03,1.048373928155988061e-03,1.508269776554041356e-03,3.483511497299838795e-03,6.309199800172592609e-04,1.516461550745509942e-03,6.791519954167867315e-03,2.237463245065293444e-03,2.970581179929991829e-03,2.705639201798456552e-03
1.268956327325633082e-03,1.101777151226420674e-03,4.992762235192030329e-03,4.709223299533485917e-03,9.070481388937007630e-03,0.000000000000000000e+00,8.356506095929661440e-03,1.195326389464626375e-02,6.387292488555812268e-03,8.290756588801809213e-03,8.581247121503174022e-03,4.637999874590302378e-03,1.617610628667957157e-02,3.380917121735011171e-03,8.388629619871029383e-03,7.275506620891225530e-04,4.556574035883173904e-03,2.439104855797628174e-03,2.667525975069092760e-03,9.436142831146186391e-03,1.871637453025788754e-03,1.572658349227426273e-03,2.096361794616966989e-03,2.162323676005403848e-03,1.208377298492907103e-03,1.021935291928373476e-03,9.230647098994770525e-03,5.419003068708470698e-03,3.520952434222744394e-04,6.802862294979760034e-03,6.668735657164407381e-03,4.133785473515850075e-04,4.569638874559727587e-04,3.879277259415470970e-04,1.058007169667360805e-03,2.811553674244667532e-03,6.017412813723485273e-04,2.050056727439652973e-03,6.186175165171920983e-04,1.875592524899149681e-03,8.522196720756553077e-04,7.058152523867552031e-04,1.315191399154719970e-03,1.518264155087415855e-03,5.790409139598791995e-04,1.047621749270878514e-03,1.225386853180061939e-03,1.478064269873075726e-04,5.710049851386957273e-04,9.413169799325695353e-04,5.936639222667403244e-03,5.160746988143079424e-03,1.416447606661629935e-03,9.931631811445514307e-04,1.353034355380861161e-03,1.676561103898550377e-03,1.297812726255132823e-03,6.400864504190017894e-04,2.048346331784225895e-03,1.448943928901083936e-03,3.976256243483250116e-03,3.628815454114078342e-04,7.527922214854217576e-04,2.969404253135132354e-04,7.308498354222455915e-04,1.926783759639625997e-03,2.731045271639312693e-03,1.138249558945569374e-02,2.865320830160418466e-03,9.938006707076794781e-04,2.691730288906121066e-03
1.636498661418540499e-03,7.630665039776701047e-04,3.227413936514200547e-03,2.816088861954251475e-03,4.100248427399449946e-03,8.356506095929661440e-03,0.000000000000000000e+00,3.729400536174993629e-03,1.090063228035515266e-02,5.694494551548470555e-03,1.882168264675434730e-02,9.086857681847606422e-03,6.120704898985271890e-03,5.102788514392887255e-03,3.952226885936663964e-03,3.602035677710714763e-03,1.572928090076951887e-03,1.200109119967737118e-03,5.365221158792201706e-04,6.823945911681263132e-03,9.616002696925853846e-04,8.962981617971669352e-04,1.780640119814102000e-03,5.367996968679651995e-03,7.446602674125077891e-03,1.917472631290392500e-03,3.236969186269782282e-03,4.252244836610997135e-03,1.958784012290671825e-03,1.157288557327934043e-02,5.202291334240131612e-03,6.914468834280981975e-03,3.822846496265627086e-03,4.635566771223737469e-03,1.598634438352853617e-03,4.322510281987701204e-04,1.013892630514548737e-03,1.590597302296509457e-03,4.014855914683620845e-03,2.444334422204953988e-03,5.455318485723097827e-04,2.415734908235040238e-03,1.567809983919325224e-03,6.535770728621926456e-04,1.084371085451747881e-03,8.469096225409372767e-04,1.992413889125994788e-03,6.903111108444331175e-04,2.778148879685221184e-03,3.669735274873456386e-03,1.714214123988632918e-02,4.755710789564332984e-03,4.251365777818122416e-03,1.677292806111988508e-03,1.551160241531878261e-03,1.709023089403103679e-03,1.213495202774483167e-03,1.636756575088117380e-03,2.620688564763176687e-03,1.054679409191205215e-03,1.064671171855462043e-03,4.106113775251750376e-04,3.228676483316262648e-03,2.852303317444222427e-03,2.938202301756244993e-03,1.691782893368655818e-04,5.883459068862790641e-04,4.295803805470240801e-03,5.289951159658871612e-04,1.744415635022636499e-03,6.309831619546599690e-04
1.403863294001963602e-03,5.373825445604341663e-04,1.785015877651400596e-03,1.677089882048010032e-03,4.486801234835737992e-03,1.195326389464626375e-02,3.729400536174993629e-03,0.000000000000000000e+00,4.037637504508045233e-02,7.048040070087934796e-03,1.515168369598302207e-02,3.513300473765133911e-03,2.020419675315663494e-03,6.771482899861113250e-03,2.576433217693715333e-02,1.019166916361113895e-02,9.488778150475460013e-03,9.374230410817306278e-03,5.517966667359638921e-03,1.182801278296824292e-02,4.739916257897439783e-03,3.126287438599295067e-03,6.645156372831084735e-03,2.075633786154283938e-03,6.207794097232169567e-04,6.639186101346588285e-03,1.008002764684600176e-03,2.439036762765423201e-03,9.747359044692474475e-04,5.539336953545168779e-03,9.499289053477099438e-04,2.240430177438123074e-03,2.778884004503676640e-03,1.409254165500137225e-03,4.605554060742660886e-04,1.637848850680572333e-03,2.002496603105983271e-04,4.967797154864939807e-04,1.812583762814935990e-03,3.912680335783844283e-03,1.250206619233064798e-03,1.460546994801145389e-03,1.797043684328158931e-03,2.028339824685248139e-03,5.557488939820375354e-03,5.985100300668819411e-04,3.891201177390684555e-04,1.615043445840186418e-03,5.831176503201003633e-04,2.359381297782005889e-03,7.598920525241577122e-03,1.206906646479577764e-03,1.981744826594185587e-03,6.122444441662129068e-03,2.671029537696809932e-03,1.364919654608637723e-03,8.730775956824461323e-03,2.974940883116233923e-03,6.820115619837203123e-03,2.274379707583246320e-03,1.897233003486370386e-03,6.580439246846787361e-04,2.610959744976037392e-03,9.258797148416383601e-04,2.356160025626434073e-03,3.218756861482652168e-04,1.166858587209998466e-02,1.239055750950210540e-02,1.898069561747349129e-02,7.085432394319910940e-03,1.395925027488546973e-02
5.913047030574664813e-04,1.678458879252386904e-03,3.471948410554169962e-03,5.627067564325760086e-03,3.184835116741597302e-03,6.387292488555812268e-03,1.090063228035515266e-02,4.037637504508045233e-02,0.000000000000000000e+00,7.701888377232748994e-03,4.809525571877900328e-03,1.817933496604268867e-02,4.191817974936534741e-02,6.828354939896657053e-03,7.348547231295638436e-03,9.693409623959019922e-03,6.969351008529210689e-03,1.325115604943305709e-03,1.804729951559298079e-03,1.977639952620012173e-02,1.022018554568440013e-02,1.491030793476476324e-03,2.359434816943943580e-03,2.726103897753082064e-03,3.308462738319587620e-03,2.792895810732055808e-03,1.117420886376240853e-02,4.465868094545563660e-03,1.794597834207511543e-04,6.965436140333063075e-03,2.635660039192510955e-03,4.127647367763046058e-04,1.565725929702418149e-03,3.388633017218960143e-04,2.940159700430584216e-04,1.500142859688736530e-03,1.374134737758065576e-04,1.994377958349542387e-03,4.122578398154908247e-04,3.669875599802942950e-03,1.395441359077141371e-03,6.649191328888836346e-04,4.642629184596868395e-04,6.112714194114136218e-04,5.712220478336908118e-04,3.049971989548096521e-03,1.771129216218150781e-03,2.476694859956263955e-03,2.968114915318086945e-03,1.082585044756140258e-03,1.131141022656667779e-02,4.597744014818558669e-03,2.797999040193897922e-03,5.733554243910614009e-03,4.808356002702315543e-03,4.425589653629721267e-03,7.725507599346361116e-03,5.030693995942542990e-03,8.808693794868726430e-04,6.505965638516766208e-03,1.075964232167087638e-03,1.830485045997277569e-03,2.900304617178126130e-03,1.582918389663879287e-03,8.748255250654472575e-04,3.976848394423378348e-03,9.617734098448548971e-03,7.316949806022817610e-03,7.569687351476997970e-03,1.536355504163337696e-03,5.018524984898263541e-03
7.318984233598075295e-04,2.925900484365542625e-04,1.803689445765510255e-03,2.729601350464015350e-03,1.512160900045045157e-02,8.290756588801809213e-03,5.694494551548470555e-03,7.048040070087934796e-03,7.701888377232748994e-03,0.000000000000000000e+00,2.908111176111330409e-02,2.848311826576530731e-02,2.384840254435719939e-02,3.207787724847621647e-02,6.822422874426789519e-03,9.416922109141722882e-03,4.020892935093611092e-02,5.732397476596939184e-03,1.231585347245060932e-03,3.847874573518720448e-02,1.795626468868389679e-03,9.814173874536935311e-04,7.332791345360517923e-03,7.031154675939799321e-03,5.112543094224853389e-03,3.198195118411466427e-03,1.068249305379230171e-02,5.995965063763602707e-03,3.566953771703438875e-03,9.965336699153986427e-03,3.669638218747523265e-04,1.690622983154641381e-03,1.437355675623400728e-03,9.259368320632233680e-04,3.459497879869728471e-03,4.449111062624993250e-03,2.319630942756907739e-03,2.000303928662829078e-03,3.241994669504815949e-03,2.693857884439126993e-03,1.121096692420736445e-03,1.910256521694921788e-03,2.236173465013413346e-03,4.462664047501239788e-03,2.315547676082998444e-03,3.501501521728867753e-03,1.816673861743700906e-03,9.808530720548005576e-04,1.625913087694618158e-03,2.162812874848415133e-03,6.294563881995137930e-03,2.592463055864653977e-04,1.322727677202316897e-03,3.145682688502045212e-03,2.368886312711291926e-03,8.422241902479593459e-04,8.211797472039537513e-03,1.289888593409827238e-03,7.167159830977311904e-04,1.045521978219844531e-03,9.725267410770663907e-04,3.116724422553137307e-04,2.928268964160337436e-03,2.239733839161620228e-03,1.188609763323533698e-03,8.982023058759679634e-04,1.075299057147549239e-02,1.279771636552346978e-02,1.454413768889162469e-02,9.048955531437518143e-03,1.162621538515704912e-02
6.721222820953448454e-04,1.416222754346580393e-03,4.024791530039661253e-03,8.514715911810697216e-03,3.920974599441770340e-03,8.581247121503174022e-03,1.882168264675434730e-02,1.515168369598302207e-02,4.809525571877900328e-03,2.908111176111330409e-02,0.000000000000000000e+00,2.904342284592715574e-03,1.113666330247731900e-02,2.501423655765934624e-03,1.094710032657573648e-02,1.183129100337075882e-03,3.728876371392538143e-03,4.354237589223941725e-03,1.113722246275104626e-03,1.039504193078833426e-02,1.081397930389440751e-02,9.038891636266527599e-03,1.378010615571528038e-03,1.200157566712145834e-03,4.157633839271279198e-03,1.006616565911934089e-02,3.462555908934910383e-03,4.129433685247476879e-03,3.157291732985972703e-03,5.307612560452940748e-03,8.487598764674534474e-04,1.850241005789493316e-03,2.562914442476599535e-03,1.189300969218131223e-03,1.341492582815032465e-03,9.707970898214396968e-04,1.989383509018313398e-04,1.232988297944268832e-03,1.313626951970824032e-03,6.555043184175738877e-03,4.708536207993883221e-04,8.094668074704206105e-04,1.533173565415806060e-03,1.280763015264528223e-03,3.968241835885140574e-03,7.574100423116318734e-04,2.105797723499011100e-03,4.706661264548031923e-03,5.156819501701471369e-04,2.730001405339489533e-03,3.645123263297833736e-03,7.155395121989380561e-04,3.355671950676509911e-03,1.217215497371490485e-02,4.963870458621615946e-03,5.260214138645686113e-03,4.157215623283351709e-03,2.388141521045710793e-03,4.899474418117790407e-03,1.910629047493507451e-03,1.140550392181608527e-03,1.195335532786392105e-03,2.386847145027439106e-04,1.346634034051201077e-03,5.627674440898918547e-04,2.767948105366198515e-03,8.429354109217024327e-03,4.846601669092504353e-03,7.989693723774981757e-03,1.986213371479720376e-03,3.438739090591224744e-03
2.524128833659421492e-03,3.279649582949518017e-03,2.729693734956645506e-03,3.484937765672437796e-03,2.729267533096288098e-03,4.637999874590302378e-03,9.086857681847606422e-03,3.513300473765133911e-03,1.817933496604268867e-02,2.848311826576530731e-02,2.904342284592715574e-03,0.000000000000000000e+00,3.651656407677210218e-03,4.168077879933254799e-03,1.718484404907822879e-02,1.312263677749841290e-02,9.681455639122564169e-03,3.683041205415990386e-03,1.878867900285025993e-03,9.183504246378560235e-03,2.055501277916659680e-02,2.042124148835577913e-02,6.879459725603308002e-04,1.088355349172329773e-03,2.364018384177378126e-02,6.346079523940507429e-03,1.699276267255944023e-02,3.059869366656085810e-04,1.249297836571718057e-03,1.727681741803938163e-03,1.997821103320909005e-03,1.238922661717453775e-03,2.329301544686882604e-03,1.561478326057351949e-02,4.189997296256469869e-03,6.618754450130177837e-04,2.677695267908176773e-04,7.920502017659529492e-03,9.380504011075686604e-04,5.927290255778095741e-04,2.555443600255689028e-03,4.229557529048082361e-03,2.667372677100664051e-03,5.337707711529480646e-04,9.668550151674537444e-04,2.589317509160349567e-03,4.934931803411879599e-04,5.974576710519466718e-03,4.164269383536785729e-04,5.788340717191806269e-03,2.352598766623216747e-03,1.029735086469964374e-03,2.022641555533429697e-02,7.371308592923462091e-03,4.648982172752538257e-03,8.006936824577233838e-03,1.556637587342926069e-03,6.720173393987286664e-03,1.238528014179463618e-03,4.817165984529712952e-03,8.721339631583072127e-03,1.026864531732190125e-03,2.611880838831738896e-03,2.759151937019796007e-03,6.182659410234522639e-03,1.576203459513427722e-03,3.011224232756026450e-02,1.524588512660218428e-03,1.638157918196675097e-02,1.842325749169030974e-03,1.374283096166649745e-03
2.944985279156406115e-03,6.513606756767206102e-03,1.048713042465711752e-02,1.096107362203236832e-02,1.777195625756422190e-02,1.617610628667957157e-02,6.120704898985271890e-03,2.020419675315663494e-03,4.191817974936534741e-02,2.384840254435719939e-02,1.113666330247731900e-02,3.651656407677210218e-03,0.000000000000000000e+00,1.033968568588405912e-02,1.414171947836168064e-02,1.910441561290750559e-02,5.709624240497679880e-03,4.674094731407845912e-03,1.943948932341067054e-02,3.640708259314980044e-02,4.290008461452332611e-02,1.820350096996379077e-02,1.456833679143225944e-02,9.242912529974528502e-03,4.902457850024806441e-02,5.447556797779960248e-03,2.979103926457371543e-02,1.075079123366504998e-02,3.573360486819746658e-03,6.363952682316991079e-03,9.801290514362690290e-04,4.068332923787305357e-03,2.380363016205387650e-03,2.201392606601637950e-02,1.208033748023794015e-03,2.215068997516531774e-03,6.433248659690148780e-03,7.068629250062666639e-03,8.048886230053982696e-04,2.611781609961237420e-03,1.443000960907947234e-03,1.574806041405070987e-03,1.298798832876920523e-03,4.697458523008074191e-03,1.748092024921272646e-03,2.181149281153903392e-03,7.073589152590634707e-04,4.716533478326533947e-03,2.709643080994698656e-03,3.370097676379693423e-03,1.737660470033377483e-03,1.617192107261143045e-03,2.254502374996552455e-02,1.218117081411951297e-03,7.148604494898102776e-03,6.097042135108281767e-03,3.984441778193242509e-03,1.230785615290402868e-02,2.641763873637811063e-03,1.607846629729319660e-02,3.845437385988880775e-03,1.791124875409808015e-04,3.491386248958379054e-03,1.347655510251977943e-03,3.278327563539234525e-03,2.303562121071714170e-03,1.392691044943032870e-02,1.086529894545950692e-03,1.105218829466119747e-02,1.970058809366248727e-03,1.498900518945695502e-03
3.706926666957208356e-03,4.719573487615358158e-03,6.342503005486404936e-03,3.534076046173898616e-03,1.021880375681696353e-02,3.380917121735011171e-03,5.102788514392887255e-03,6.771482899861113250e-03,6.828354939896657053e-03,3.207787724847621647e-02,2.501423655765934624e-03,4.168077879933254799e-03,1.033968568588405912e-02,0.000000000000000000e+00,3.972433484731151092e-03,2.875587046690919121e-03,2.902430694040833772e-02,2.107835984298789267e-02,1.574975735792080722e-02,8.952032397987601253e-02,1.279921755035072217e-01,6.644843342639840389e-02,7.317809116566922900e-02,5.807833099443832775e-02,1.481991880501188907e-01,1.363560488759494455e-02,1.614781863909460213e-01,2.441562686211593350e-02,7.340431377583923889e-03,7.963078635885767823e-03,4.659724868586979755e-03,1.285000874091737390e-02,1.557203658949225973e-03,1.402396738347691692e-02,6.521339688453793235e-03,7.407806566836986489e-03,4.387603280345757362e-03,1.086504522265092140e-03,6.709828160918017556e-04,5.402264553142342197e-03,1.562292460367260827e-02,1.030802078740886574e-03,2.083437822008917667e-02,1.648852899135499345e-02,9.227417815933505133e-04,7.781370836778924924e-03,1.353107408365694219e-03,1.948240308620080227e-02,1.929826328831076021e-02,1.663259663648338979e-02,8.901716128888783816e-03,1.339772863606578318e-03,7.333394716562882665e-02,2.817022330719899312e-02,2.990854816136196900e-02,2.908036631599955277e-02,6.182860314629292330e-03,3.708535448985012667e-02,7.176188425633088681e-03,3.993953936118357223e-02,1.478390942646710428e-02,5.793203400220607764e-03,1.140250004515459608e-03,1.168784025715403734e-02,1.900137203960210576e-03,2.099436366274081475e-03,2.669341037568031053e-02,3.413032293439825695e-03,2.411362098487840333e-02,6.048328255355871381e-03,5.470895173551575813e-04
1.745697421181018495e-03,5.068752766225176343e-03,2.136691839974743431e-03,3.639782580480070955e-03,1.144552659110806628e-02,8.388629619871029383e-03,3.952226885936663964e-03,2.576433217693715333e-02,7.348547231295638436e-03,6.822422874426789519e-03,1.094710032657573648e-02,1.718484404907822879e-02,1.414171947836168064e-02,3.972433484731151092e-03,0.000000000000000000e+00,2.794831457833214707e-03,2.209673468557313628e-02,5.783433973862729324e-03,2.241570556393992358e-02,4.474912354166912798e-02,1.518589629360975746e-01,1.142259893372558205e-01,2.099448680624719371e-02,8.825162166608051251e-03,2.405867287306812097e-01,2.366719156343270042e-02,4.398018667262817288e-02,3.749481649262426195e-03,5.894017946506010380e-03,8.587501050455415225e-04,9.761654593113190323e-03,4.420527133380738188e-02,4.428857665181506684e-03,2.207254914662380718e-02,5.399652186338076490e-03,9.531591061224888072e-04,2.533421050227418689e-03,4.118927149788460806e-03,1.675237675587141345e-02,5.020247900971425321e-03,1.061222853638391648e-03,3.171504118235591446e-02,1.369088303795142547e-03,2.157792384845510884e-03,9.033380368270445965e-03,3.686065704603362723e-03,5.870913640690543977e-04,4.793351418140304188e-02,2.207390781293755086e-02,2.414279448175052703e-02,1.825214595103469631e-02,2.647360090098962657e-02,9.988891215747118524e-02,1.510008651968913589e-02,6.318649105794169052e-02,5.030741738848511224e-02,5.783171095346575398e-03,7.788353553516058625e-02,1.974368500759093176e-02,4.656704559387518649e-02,4.237632558107437553e-02,1.393992114809779366e-02,1.104532888932153491e-02,4.720074903807067700e-03,4.610176875463617950e-03,5.307860892840466673e-03,3.493786011299528094e-02,3.688504938590501329e-03,2.882693883991145622e-02,1.821028669199259301e-03,1.767148467544626999e-03
6.123271186724310068e-04,1.129763460936770731e-03,2.729435872805341563e-03,1.586679762465595129e-03,5.022960505961730771e-03,7.275506620891225530e-04,3.602035677710714763e-03,1.019166916361113895e-02,9.693409623959019922e-03,9.416922109141722882e-03,1.183129100337075882e-03,1.312263677749841290e-02,1.910441561290750559e-02,2.875587046690919121e-03,2.794831457833214707e-03,0.000000000000000000e+00,2.260758424761522261e-03,3.363972047321068300e-03,3.413806689019836804e-02,4.109998619914733559e-02,1.967152765221731880e-01,2.654935585720085561e-02,2.174618203177423881e-02,6.414710899892789309e-02,1.542079926710492599e-01,5.192251572404548571e-02,6.523912195328056274e-02,3.478657733559925580e-02,4.152728113670911721e-03,2.282780584488547718e-03,5.926220707338866571e-03,1.676014235619274761e-02,8.351634296876334421e-03,1.615236937807307000e-03,2.285952684869430214e-03,1.094474964968311474e-02,6.842693118476653354e-03,1.232891967821479577e-02,8.868634733992698457e-03,5.157745917991380866e-03,1.735753995648912093e-03,3.614455300606914286e-03,1.138762642782834749e-03,4.302847695310291383e-03,8.011520980478775700e-03,8.497185041700949099e-03,7.443977550842710914e-03,2.703392234344863948e-02,1.528398666904376250e-02,1.385382829087917697e-02,1.334703796492364529e-02,8.284746534032556842e-03,5.437667096853521925e-02,5.358087695418477236e-03,5.648549776551543833e-02,1.254642461703815888e-02,2.092706102129689508e-02,7.858056667117060967e-02,1.667779042740827333e-02,8.592584045064366460e-02,2.767746849401616499e-02,3.608236966202576623e-03,2.372513561293947831e-02,1.947344233170856392e-02,1.580495167054683792e-02,8.005296287487312021e-03,1.616078611223191810e-02,1.017280685664729081e-02,1.554162515506933052e-02,9.329782948957168059e-03,1.488434231407511710e-03
1.451089233016531008e-03,4.020677177806449530e-03,7.122851186065148887e-03,8.175548448573257678e-04,7.045024184105850781e-03,4.556574035883173904e-03,1.572928090076951887e-03,9.488778150475460013e-03,6.969351008529210689e-03,4.020892935093611092e-02,3.728876371392538143e-03,9.681455639122564169e-03,5.709624240497679880e-03,2.902430694040833772e-02,2.209673468557313628e-02,2.260758424761522261e-03,0.000000000000000000e+00,9.168005306383476827e-02,8.035248821486731807e-02,1.595836390648797953e-01,2.610649461540289207e-01,1.484607276673709508e-01,2.495939804193740563e-01,1.509260940745488777e-01,2.489896060622723561e-01,7.747145649598270734e-02,3.074018218696513705e-01,7.500540569530338153e-02,2.739948295639654460e-02,3.691617529851670687e-02,9.947120708196977024e-03,5.857982935547454903e-03,5.678586739753048972e-03,1.218199776946275563e-02,1.453546237345260811e-02,1.939865786497148303e-02,3.565056002216330892e-03,5.153071411900545526e-04,6.243294057947251091e-03,1.605507628382402477e-02,1.784439083489087682e-02,5.231607095105449655e-03,2.902113281085984264e-02,1.365794050771227709e-02,8.580367118561957329e-03,1.124084834017554692e-02,4.356724246962935532e-03,4.570779561994107142e-03,7.852390992615611992e-03,8.113887882965754514e-03,2.121594608263154338e-02,5.584449434855101591e-03,7.077448983823550477e-02,6.123610703247980153e-02,3.751063706337776082e-02,3.496004583036158020e-02,1.230780822202913981e-02,5.287454716033421209e-02,4.889704251400518731e-02,8.476367189533132174e-02,3.344538317717406922e-02,1.206881730393831280e-02,7.686738368868379669e-03,1.134961135626202759e-02,2.378012274447998189e-02,2.521171395982074390e-03,3.173050711799534074e-02,4.713797971946513329e-03,2.448103331028630980e-02,5.123322941075955476e-03,3.493239450877071335e-03
3.061756435466527642e-04,1.552659986865110968e-03,4.643899010751159997e-04,5.091156929985138054e-04,6.332201998844731727e-03,2.439104855797628174e-03,1.200109119967737118e-03,9.374230410817306278e-03,1.325115604943305709e-03,5.732397476596939184e-03,4.354237589223941725e-03,3.683041205415990386e-03,4.674094731407845912e-03,2.107835984298789267e-02,5.783433973862729324e-03,3.363972047321068300e-03,9.168005306383476827e-02,0.000000000000000000e+00,1.398051530594533742e-01,1.856878136495709319e-01,6.517031824961374564e-01,4.416467302352726776e-01,2.349823507763494079e-01,2.644299569501279978e-01,5.548966200634624091e-01,2.099942587731626342e-01,1.107166849586374985e-01,1.705538057687083081e-02,5.032341948467097814e-02,5.508006112883256748e-03,6.862196869143993849e-03,4.269941192179428635e-02,2.403875424507879565e-03,1.672297496616695009e-02,3.722511117483272205e-03,8.763365313479190913e-03,4.899424309902263887e-03,2.262352292295616296e-02,5.905815650545361006e-02,9.833098511481536130e-03,1.617345364185105751e-03,4.734266411405538971e-02,3.096465321137157733e-03,7.504755400716032294e-04,5.948699728617881308e-03,1.605238521903201362e-02,1.073660889485632871e-03,4.351199898227436913e-02,1.781377572561297987e-02,2.821931727562744172e-02,1.968100584389572208e-02,4.984911244063033181e-02,1.148221214778970406e-01,9.942328779009128314e-03,1.202189644368941990e-01,5.435356963613762610e-02,9.069445941803597547e-03,1.369979109954483076e-01,3.275844354266518182e-02,9.749932918788524472e-02,5.802610102895505717e-02,1.425116906253908432e-02,5.683382567995712287e-02,4.226219741132631463e-02,1.425408956658961654e-02,1.888157622180478001e-02,4.621384350348285708e-02,7.036376093951507600e-03,1.994390131127236898e-02,1.699731378760247283e-02,3.205907946904689668e-03
1.360914880663324777e-03,4.004316300328926610e-03,4.980029746886372594e-03,1.355914300498909557e-03,8.228325739607363076e-03,2.667525975069092760e-03,5.365221158792201706e-04,5.517966667359638921e-03,1.804729951559298079e-03,1.231585347245060932e-03,1.113722246275104626e-03,1.878867900285025993e-03,1.943948932341067054e-02,1.574975735792080722e-02,2.241570556393992358e-02,3.413806689019836804e-02,8.035248821486731807e-02,1.398051530594533742e-01,0.000000000000000000e+00,2.565672567276233162e-01,6.197135403447024959e-01,4.971017442171898337e-01,3.481310568020294371e-01,4.469129175317238523e-01,2.638210297151738493e-01,4.294141469356758667e-01,1.778709871708447354e-01,1.560108961973419861e-01,5.834145999002873090e-02,1.879286720959951959e-02,4.696865229614510806e-02,7.765921091447680440e-03,1.637696057903330338e-02,5.057062328168777932e-03,1.239302284881556651e-02,3.074145494555801522e-02,1.991050312467958563e-02,3.423901151938264081e-02,7.853610861991171602e-03,2.042673246207918260e-03,1.803164733802654907e-02,1.405565661638940450e-02,2.204222927831286927e-02,7.117973971016504711e-03,3.340131898954890738e-02,5.701447458129099005e-03,4.477490653480476965e-03,3.425606382624840542e-03,1.765960319956695916e-03,3.718508121569027124e-03,1.245064740587371009e-02,1.614399793233345023e-02,5.564517800147297105e-02,1.775342336391396228e-02,3.109566136732785230e-02,1.378207718458476956e-02,4.763797451754273743e-02,5.005003156606024212e-02,2.421953399611494889e-02,1.279435105389819805e-01,2.844862345737052961e-02,2.242743069676213577e-02,8.810355473384322289e-02,6.297733140699415810e-02,5.207278840245307266e-02,1.222502521621229854e-02,4.540029978037337516e-02,2.779424491683016654e-02,3.627981885408020774e-02,5.791212281575443960e-03,1.455207717249282044e-02
1.190345951922326759e-03,2.217406707120381237e-03,1.431898752993232245e-03,8.760434427540277373e-04,3.240437243189472124e-03,9.436142831146186391e-03,6.823945911681263132e-03,1.182801278296824292e-02,1.977639952620012173e-02,3.847874573518720448e-02,1.039504193078833426e-02,9.183504246378560235e-03,3.640708259314980044e-02,8.952032397987601253e-02,4.474912354166912798e-02,4.109998619914733559e-02,1.595836390648797953e-01,1.856878136495709319e-01,2.565672567276233162e-01,0.000000000000000000e+00,6.104154178404885833e-01,7.538929424726356077e-01,3.073723158274137557e-01,2.560716973022758025e-01,5.361610484184772263e-01,3.303617707628497824e-01,3.826346704978061258e-02,1.932312685322385148e-01,5.584771490217557699e-02,3.302420951418485583e-03,4.000555619539383767e-02,2.376590124993120320e-02,2.229039244794793831e-02,5.276351998660104570e-02,7.788228500301379656e-03,1.056396025593667014e-02,9.553028060016991244e-03,2.405182896438178355e-02,1.335936194069628838e-02,1.259687366047195466e-02,2.006592540939721933e-02,5.482306410470343117e-02,1.263013967058696646e-02,4.986059935387907038e-03,2.164305373005685068e-02,6.654617392999581660e-02,3.041277974194913497e-02,5.285109750523086375e-02,8.078765190473057370e-03,9.119177555790798639e-02,4.689695904596685727e-02,6.709692366833618082e-02,1.571750677126855233e-01,1.594214423129559910e-01,6.638977984114136088e-02,1.851899174895614841e-01,3.098995151867824441e-02,3.346292709444820268e-02,1.831335766607498083e-01,4.022039557404585852e-02,2.563284232758890058e-01,5.526892734084521558e-02,3.857690374914133496e-02,5.466364157599772761e-02,2.015351104083718675e-02,3.743245631215239011e-02,8.469953711209943226e-02,5.231155620309072690e-02,4.695732416323449010e-02,1.106060369593472870e-02,1.241109460110195219e-02
4.317279718027673165e-03,1.439863276487263416e-03,2.918989060386187676e-04,8.494026110094176187e-04,1.332152212031728622e-03,1.871637453025788754e-03,9.616002696925853846e-04,4.739916257897439783e-03,1.022018554568440013e-02,1.795626468868389679e-03,1.081397930389440751e-02,2.055501277916659680e-02,4.290008461452332611e-02,1.279921755035072217e-01,1.518589629360975746e-01,1.967152765221731880e-01,2.610649461540289207e-01,6.517031824961374564e-01,6.197135403447024959e-01,6.104154178404885833e-01,0.000000000000000000e+00,7.750344223010285916e-01,7.435746843787970350e-01,2.623418140158666478e-01,3.222944770374353007e-01,6.642750585172817468e-01,1.653896515882745388e-01,2.860929906249934929e-01,1.415021901137785698e-01,1.302850776566853719e-01,3.597023579164972118e-02,9.948710319590724910e-03,9.131491389617250876e-02,4.412555920941948345e-02,5.947597390031674619e-02,1.583133574337643179e-02,6.253467611642604673e-02,8.492054016142716252e-03,1.550801342489172095e-03,7.036622837895135929e-02,3.775478817768689738e-02,1.507499084715326239e-02,8.950088768296174391e-02,2.501344074144468826e-02,1.753264908505555372e-02,2.469459251200941882e-02,2.181335145373639733e-02,1.173896822929451078e-01,2.544497521176918020e-02,7.160942806112603753e-02,5.617560178085767575e-02,2.597335112032694848e-02,1.220458284663261395e-01,2.563626306947472955e-01,1.043218948819530922e-01,4.807298414283085464e-01,3.608572362073216300e-01,1.090133144667158188e-01,1.094414278312945826e-01,2.127881115207203022e-01,1.170653205590170692e-01,1.694289587196918245e-01,7.722245115620424150e-02,5.112067815867533949e-02,2.046774081395714984e-01,8.517255422610567339e-02,6.058612434383828238e-02,2.576695757615235505e-02,5.087236752172417942e-02,5.064941825745757076e-02,6.787580510435021162e-03
4.155611790841924093e-03,2.132441181289114040e-03,4.794280792628649070e-03,4.158788497012982054e-03,6.129969208571049624e-04,1.572658349227426273e-03,8.962981617971669352e-04,3.126287438599295067e-03,1.491030793476476324e-03,9.814173874536935311e-04,9.038891636266527599e-03,2.042124148835577913e-02,1.820350096996379077e-02,6.644843342639840389e-02,1.142259893372558205e-01,2.654935585720085561e-02,1.484607276673709508e-01,4.416467302352726776e-01,4.971017442171898337e-01,7.538929424726356077e-01,7.750344223010285916e-01,0.000000000000000000e+00,5.729976083969982037e-01,7.134728239962577767e-01,1.368481318940689972e-01,1.744352298838819371e-01,4.397019776061820151e-01,1.021309847768455542e-01,1.914057569069841508e-02,7.152310851388946067e-02,5.552511169597709045e-02,2.161798861176237110e-02,4.158565765538902587e-02,1.583167804641048490e-02,4.218257585800246068e-02,5.425947554192771249e-02,7.643748423032914463e-02,1.094777423374711511e-01,9.165489689598917133e-02,2.711343047791764035e-02,6.169995494083865828e-02,3.804425221107902294e-02,1.504781088482961063e-02,2.917501568928540512e-02,2.266712883014782715e-02,4.824289541246439689e-02,9.350257544079945693e-02,1.201145539759647558e-02,6.026217189604723273e-02,3.050388390969898181e-02,1.171124570158941190e-02,3.900169448553823803e-02,7.788078469479321753e-02,1.321338062085443410e-01,1.117812382413745642e-01,1.918579551640219039e-01,2.648014064642408294e-01,4.375111462744742108e-02,1.018153948681951304e-01,3.627594724422592704e-02,9.003217041164543466e-02,3.905680999315928187e-02,3.035500885558382600e-01,2.132038307395184296e-01,2.384734120324048523e-01,4.832136712911298121e-02,4.478327830156211831e-02,6.430719563802556049e-02,7.473708581453453181e-02,5.547259346647727407e-02,6.110035756821875080e-02
