0.000000000000000000e+00,1.018654109423260123e-01,9.510443883576501223e-02,2.797541398773544796e-01,2.863183004508888449e-02,1.096682258137457733e-01,7.883467493200486953e-02,2.570412004602410858e-02,2.480253080337136221e-02,6.840596051620080609e-02,1.029710140453406336e-01,6.991305363076283363e-02,1.459749523610107645e-02,1.565026600764455808e-02,8.710666529553198756e-03,7.917346185868273656e-02,5.465492331310242702e-02,5.011721062133746990e-02,3.167119768039226846e-02,4.728479046927673568e-02,5.367139237205009739e-02,4.483456605029723097e-02,8.203085098407350562e-02,1.683862976266913697e-02,4.583788797748167276e-02,4.762418331864474302e-02,9.820957145756203932e-03,1.932301697876604232e-02,8.104105968149203504e-03,1.007650250696813521e-02,1.435123801476980397e-02,1.518934441953268544e-01,2.304045067325932034e-02,3.614081124899866382e-03,1.141303669836609136e-01,8.723668332742229303e-02,1.378788956729014997e-02,4.856307198100449918e-02,3.336434278599040293e-02,1.189269294170141635e-02,4.049872162415023291e-02,1.116214721666085666e-02,1.643529422188307748e-02,9.318179618896282879e-02,8.598238894847848313e-02,1.033841665398867599e-01,7.663836563590750717e-02,1.414228339649187954e-02,2.580086786324004705e-02,3.638414205895455084e-02,1.216902472507812825e-02,2.511294099771393951e-02,2.630846328927578456e-02,3.623604049734736182e-02,4.691442617707474588e-02,2.845327852034731583e-02,3.821617088889950331e-02,9.393172725590707983e-02,8.199051966551343384e-02,4.426385554824330271e-02,5.819142317498290223e-02,1.108441734175505955e-01,1.837885919122231315e-01,3.270842017061570406e-02,4.749230641794335850e-02,3.999511867165979340e-02,1.700003020233251810e-02,3.157612275972339344e-02,1.294716296072715919e-02,5.183776399044418351e-03,1.916485131085202132e-02,2.825752929782839647e-03,4.645929216857629107e-03,2.545722971186019888e-03,1.186371618651536376e-02,6.779263094375492446e-03,3.591661903501949370e-03,6.539559117780278062e-03,9.574024242220363981e-03,1.019121645324497748e-02,1.579366461083026030e-02,4.290703155135372308e-03,2.540212881160045302e-02,6.146529211017289114e-03,9.135945978882592522e-03,4.604785761007936656e-02,3.442440962432718327e-02,8.038009955887155666e-02,6.185306833108492053e-02,3.412912717660890327e-02,7.968932841821292634e-02,6.576747336129268318e-02,8.992522758725897403e-02,8.202239745783565517e-02,1.049377356179942850e-01,4.600490057808821753e-02,7.861933184651256901e-02,6.364311230429961497e-02,6.175908806366186415e-02,4.424327304635401054e-02,2.123669735991883314e-02,8.870263385052312927e-04,1.954179045522066310e-02,1.433145050898751612e-02,1.523196402894410988e-02,2.240753474314844534e-02,2.006828930046316434e-02,2.734988197892592766e-03,6.411761498441964982e-03,1.167141225638094158e-02,8.361529028647609815e-03,3.236970520319193152e-03,4.262221268762893082e-03,1.158765275027202890e-02,8.526080896097609427e-03,4.836029717655159627e-03,2.132835154969488223e-02,2.544417327956088187e-02,9.643341128739592316e-02,1.752596340064622657e-02,1.580303501069362654e-02,6.258194047549221761e-02,3.159506479268243267e-02,2.382308120622259745e-02,1.733572603554379421e-01,3.355021736091692852e-02,6.609307001049712083e-02,1.874202787701221007e-01,1.178395311224586794e-01,1.272321646273530116e-01,1.430548726007465632e-01,6.326003422864473480e-02,4.758731030912208976e-02,1.150173090524974767e-01,2.243088915951646847e-02,3.926343768108499915e-02,2.109028952862544368e-02,3.568321650125199501e-03,9.031152412836897236e-03
1.018654109423260123e-01,0.000000000000000000e+00,3.570444533259773956e-01,1.806275787442435943e-01,8.132414694320283521e-02,3.170261320945857303e-02,6.429488353489634656e-02,9.778461896818499421e-02,1.720863273693492845e-01,1.714007126089172051e-01,1.154162198311970283e-01,1.063959528193486326e-01,3.752651608569120695e-02,4.365599845622482322e-02,1.674062243606226075e-01,1.324478852701246878e-01,1.266718427599107244e-01,1.387372912286595206e-01,6.825966013117591713e-02,9.820589959017576864e-02,9.601841461881205353e-02,4.940560071241167917e-02,8.990910681997252296e-02,1.470311508069981898e-01,1.087727932566258104e-01,2.654338614612585662e-02,2.657997600206299035e-02,1.774227100213495584e-02,2.350365344923986341e-02,1.468396250874994848e-02,2.993794342267301969e-02,1.372363731711810815e-02,3.376132673999280003e-03,9.762805823173081876e-02,1.246841185416199677e-02,6.351633147522527112e-02,3.801407553171846920e-02,7.583875655877364563e-02,4.420358747336934624e-02,4.156217808027638794e-02,3.669042411067711257e-02,4.268742166811433786e-02,1.914582941280954312e-02,3.543183571561474982e-02,5.954463840575210942e-02,1.211776478119306749e-01,4.814148025382252588e-02,6.754334679158041643e-02,9.413423903128532999e-02,6.417893319920825457e-02,1.274071966617991783e-02,4.504868587292156640e-02,6.006647972150974679e-02,1.653802232745214817e-01,5.162383739228344759e-02,1.377408765579727357e-01,6.817563951565157321e-02,1.152428489012922996e-01,8.054102973322209424e-02,1.584782125523632457e-01,9.446331494862890421e-02,8.280314338117374107e-02,1.258071356067544944e-01,6.941040782577670432e-02,1.545738977838819438e-02,1.148329616245847597e-02,3.941659093654274054e-02,1.170930893795023124e-02,1.169016179987714121e-02,5.191943297686221759e-02,7.751511617605991514e-03,1.753289428077974693e-02,3.561023172070079939e-03,1.668514745845309927e-02,9.680762606572482221e-03,1.756115290889846345e-02,7.324972222620995330e-03,1.756844960421497653e-02,2.811033189767679283e-02,3.280610256489523840e-02,3.381146911187975571e-03,4.193101276020278628e-02,4.687603744075919190e-03,3.222048006052975321e-03,1.404500462207071074e-02,5.112602269791996501e-02,8.967736787232345741e-02,7.140356305395161030e-02,7.922223148429900774e-02,1.400911947169847516e-01,1.231850184673208976e-01,2.049699796598529189e-01,4.227898077670472904e-02,5.449207591976638204e-02,1.096308994004739912e-01,4.832857829972839886e-02,3.335157745775464699e-02,5.292407318414788647e-02,1.895079465116016743e-02,1.820507964341210386e-02,3.334279356982541853e-02,7.589447980580745108e-03,2.916736910112780953e-02,4.825542797975248752e-03,3.038117127202675377e-02,2.889685284932141593e-02,1.131542090232629146e-02,2.975380867547064694e-03,3.089178869791915985e-02,8.002490714151631185e-03,7.208029879963093189e-03,2.342293933513178369e-02,1.143573444038925579e-02,1.153872419657563098e-02,3.477917872321265730e-02,1.592905286006817550e-02,2.948664128152868671e-02,1.186734603076436551e-01,5.517920390490487631e-02,4.117852597937875919e-02,4.662050814301796353e-02,4.847122656162209525e-02,1.028081733189803448e-01,7.103418648286242976e-02,1.985325865098794274e-01,6.629909733427931384e-02,1.934226807613751709e-01,1.954764633484223912e-01,9.084605686915424305e-02,1.981066611760681773e-01,1.064878574169999814e-01,9.400134159312639737e-02,5.652611493544987958e-02,4.157296930044745292e-02,3.696623773210541697e-02,8.157202741476062002e-02,1.221561615423796300e-02,6.216767144983862542e-02,2.637390431446005531e-02
9.510443883576501223e-02,3.570444533259773956e-01,0.000000000000000000e+00,2.757397462193762472e-01,2.899253460894734014e-01,1.657805057798567294e-01,1.718230976081766559e-01,6.692017171544571708e-02,2.095485196944363304e-02,7.912021145573083780e-02,5.420167061741448106e-02,5.497312210782857866e-02,1.275892138151693833e-01,1.195676588192843282e-01,1.994876580386300557e-01,1.044121828478168645e-01,3.395900331643530445e-01,1.481695596765510436e-01,1.608478693934439208e-01,1.178259266828083629e-01,2.294277066037385959e-01,1.333455675731614609e-01,1.285745727614619194e-01,9.374372869477098913e-02,1.725254424749764551e-02,1.986120868756890978e-02,1.388358552556432854e-02,4.038721584590420494e-02,6.579596745300475558e-02,3.209157388375712128e-02,1.536859899119785017e-02,3.185221358336735170e-02,8.405020249501489460e-02,4.420904042981553018e-03,1.893154261663676854e-02,4.648865351250169864e-02,8.723563640799004981e-02,1.950278327518552290e-02,1.042220419926213199e-02,4.893935762544020934e-02,6.180101213623689915e-02,6.912928379940394552e-02,6.735156188785988707e-02,2.930379811460908507e-02,2.574245768030413925e-02,1.338019107919269646e-01,9.661251040036736293e-02,3.843189463728936134e-02,8.840038078723809478e-02,2.154030545916861203e-02,5.936075517636857368e-02,4.072916744652504972e-02,5.903960059557111090e-02,1.561708730182108928e-01,1.244157765178773578e-01,7.453222665820212478e-02,1.038066782093985119e-01,1.815633963855991240e-01,4.972385264360965756e-02,7.916810441095925577e-02,1.598215664180202000e-01,1.138076719188629710e-01,2.671879958375342895e-02,7.846483135723204827e-02,2.484912358655776837e-02,6.856913826434889170e-02,1.190288927596422179e-02,4.056802216645247899e-02,4.410227762866544832e-02,2.620495955592919146e-02,4.971489775970259345e-02,1.148967427369058589e-02,2.131759844774270066e-02,1.719767808305747159e-02,2.890210763674764052e-02,9.081187767361127011e-03,3.631911792133642874e-02,3.289420135825432863e-03,1.323622418016310968e-02,4.507173468534284022e-02,2.042995093130177062e-02,4.118931119057435072e-03,6.423252711666813108e-02,1.049987384041099064e-02,1.170400548197456612e-02,5.016127125545703780e-02,7.120295135332541103e-02,5.292348243147223380e-02,1.308696693959055801e-01,7.660746225593091652e-02,9.072058058630703969e-02,6.733888573800463073e-02,6.024497041101014444e-02,4.947999436331648043e-02,4.856032772324963415e-02,2.479614269736955812e-02,8.351643304364967865e-03,1.855518460018696150e-02,7.405982573911494907e-03,3.262642197550572054e-02,1.751496801705032871e-02,9.013382533636118271e-03,1.193070296994473874e-02,6.865860522928194341e-03,2.890006736719259901e-03,3.571163039495186663e-03,1.656371586968145848e-02,3.447956547984573628e-02,3.485163863628130271e-03,2.792167721295281055e-02,2.755332490972341522e-02,6.993150893402125257e-02,2.180876894377046724e-02,3.689553755706380389e-02,2.928193012540598189e-02,4.970900967316577157e-02,1.706021542535115718e-02,5.682742360584170510e-02,3.561750676818550149e-02,3.510204629558523470e-02,1.391593455213941122e-01,1.770863016307578919e-01,1.505772846425110778e-01,3.084416676510122815e-02,1.453192250526052498e-01,1.380515842280487238e-01,7.680536473926631580e-02,2.038112049865657971e-01,1.583681082091305536e-01,9.475594355216404585e-02,1.224420988283261014e-01,6.182577023892194684e-02,8.602976736204638597e-02,3.605875083841649648e-02,7.252610250640929845e-02,3.796007231113838337e-02,8.854917046343560583e-02,2.631553862967019042e-03,2.634076357728387316e-02
2.797541398773544796e-01,1.806275787442435943e-01,2.757397462193762472e-01,0.000000000000000000e+00,3.351411000154944642e-01,1.661893404746166980e-01,1.241870511762754453e-01,2.022641557720412098e-01,1.660897074259897466e-01,1.864706460550541733e-01,2.459582565163100365e-01,9.169594287972679392e-02,5.966907773781389424e-02,3.132495647006147688e-02,1.424369241537517816e-01,1.511128085655718822e-01,2.199711506454762044e-01,2.015060491597686632e-01,8.088781004498470095e-02,8.779241090257206004e-02,6.675986577402390210e-02,8.500496541997352995e-02,1.088296771916991146e-01,1.420357216881780738e-01,6.370997826908796069e-02,1.612938157377462323e-02,1.249613558706632981e-02,2.893817498666287000e-02,7.984477941448880900e-02,2.009362993948241027e-02,4.042577078618653230e-02,2.994911676349714877e-02,3.424318012062328026e-02,1.845252736733022508e-02,1.956530927434911235e-02,5.781256928869316775e-02,4.742192824409598162e-02,1.536938466365224756e-02,1.981484038559522612e-02,3.689870905642941845e-02,6.596171779334859819e-02,4.332921753734406134e-02,4.204982570162885819e-02,2.872941751370064120e-02,1.862650575568735450e-02,9.398341015448306857e-02,7.797024026213074388e-02,4.508490356551029393e-02,4.671118648977461846e-02,1.022262109320686008e-01,1.036039657644493156e-01,4.880142055215941355e-02,3.984266872813602145e-02,1.035008734556466803e-01,1.068673249118269886e-01,1.207460527480984924e-01,5.217496237006207654e-02,1.678467045091632526e-01,7.260620276197429779e-02,2.477373927309690083e-01,2.456588539307642260e-01,9.795461697055410366e-02,1.522272715211347993e-01,9.829346526080705304e-02,3.712146104185672091e-02,3.304656885970579105e-02,2.856420469059977457e-02,1.788702558305911919e-02,1.072523908391261570e-02,3.553530524021840387e-02,1.188137891794680163e-02,1.615018799848502024e-02,7.207107460411809295e-03,4.109572412923119880e-03,2.510625108247719131e-02,2.883717940244408945e-02,1.739402646471913810e-02,4.716002085661771814e-02,6.862041401377473593e-02,1.434238778543393648e-02,4.510150265241381906e-03,2.056763336081725291e-02,1.409017415577583018e-02,9.228217547227982043e-03,1.136429386277989888e-02,7.637230915358536598e-02,8.805914555138073807e-02,8.090790467241787409e-02,5.864663666455867397e-02,9.855268726700711079e-02,1.928197000685927254e-01,1.403355224344453589e-01,7.497337662911197909e-02,1.254704140098850673e-01,2.466551251751901153e-01,5.938568046095289016e-02,6.343243203140697117e-02,1.053262642714987429e-01,4.680998946766226632e-02,7.503550385991936134e-02,4.595229305693494803e-02,5.768656518761939266e-03,2.662008479254472301e-02,1.205795982601838220e-02,2.300931556568985500e-02,3.816057644332711968e-02,3.829265540630941156e-02,5.553911850036776128e-03,2.109479217869232592e-02,2.840960900141519668e-02,2.128443342222206477e-02,1.388500077928232074e-02,3.955567483535322136e-03,1.499894182053438003e-02,2.012329186079721277e-02,3.503692491406396742e-02,1.525435479021879613e-02,8.507817041640743094e-02,6.096484770522384022e-02,4.204148689723526122e-02,7.522311286520454165e-02,6.101227990302792586e-02,1.588486727924496578e-01,9.853791613886503375e-02,2.876549513040957962e-01,8.151533085829180958e-02,1.253695948125551907e-01,2.509511670190665567e-01,1.772895885015670636e-01,1.950010833941212274e-01,1.282769286371812922e-01,8.798530333324385000e-02,3.359155709651497068e-02,4.595499825593264698e-02,1.433318318653747057e-02,5.462658913869215815e-02,1.330158498683754395e-02,1.974137855883562401e-02,2.344881464787256301e-02
2.863183004508888449e-02,8.132414694320283521e-02,2.899253460894734014e-01,3.351411000154944642e-01,0.000000000000000000e+00,2.278268499948841452e-01,7.218737518501612549e-02,9.347559330047887360e-02,3.939006120037571307e-02,5.175485254554156034e-02,9.929889886355232342e-02,7.203872369087654937e-02,3.080756801098061617e-02,6.298435538903425501e-02,1.520461347899512150e-01,6.283801675857231261e-02,1.684490845324344566e-01,8.944194603616055506e-02,5.075007421400954538e-02,6.514412034340784363e-02,7.083343836250008407e-02,7.525554456397168246e-02,7.814627869222036394e-02,8.287625386384858683e-02,3.648118635716114666e-02,1.084793089290451290e-02,5.248122047495330095e-02,3.285317386275226487e-02,4.799213731081563433e-02,2.579713619695880172e-02,3.076520539605787433e-02,5.961518383560576728e-02,2.974275973554829644e-02,1.336068456792949277e-01,3.287103635047353145e-02,8.525390965284474626e-03,5.933840881908963860e-02,5.374838272921085569e-02,3.747042390954923030e-02,5.688843729734839594e-02,4.449489643053779198e-02,6.004652947053022716e-02,1.227527428825613831e-01,1.175988626286700173e-01,8.260297980396322237e-02,2.719495359361597253e-01,1.564238578585516182e-01,4.353121026191362347e-02,2.137755794183026081e-01,1.240422031835400202e-01,4.940464054846837455e-02,1.650077705644867887e-01,1.074204715305128593e-01,2.325764287392713958e-01,8.374934047717520758e-02,1.500754376003742840e-01,1.162857166491737398e-01,5.626803230082934315e-02,6.329538598441512842e-02,1.618747374379974346e-01,3.612107465199596718e-02,5.347256395415429103e-02,5.837835741671133782e-02,1.246185252203590860e-01,1.163063197242216879e-01,1.217828731707802231e-01,7.467857706296866793e-02,1.680080294697341992e-02,1.694054291167554349e-02,4.825068179178793049e-02,1.163260430501407428e-02,2.391152450979329783e-02,2.522389774352790451e-02,8.842778403942876467e-03,4.095882845930919405e-03,2.429019791954395435e-02,2.870194260560798502e-02,2.183787567791072373e-02,1.015786877216101267e-02,5.280051375531696206e-02,4.077002274381551911e-02,5.526477638722525343e-02,8.812856408488594501e-03,4.417575846268627197e-03,1.218296263257461279e-02,5.961583748188930415e-02,9.173673605598184344e-02,6.003787741936227745e-02,7.430476570681772419e-02,1.519896835943207181e-01,1.003003106613780393e-01,6.628263108227636091e-02,6.347190878594774488e-02,1.080365297974349575e-01,4.930700872897211817e-02,5.973671354057907140e-02,7.804039094726461512e-02,1.142326014083793612e-02,2.273211791805562765e-02,1.439200849636327294e-02,3.917688888994796947e-03,1.076182346049115585e-02,6.047583813054314451e-03,2.479131720750314335e-03,7.265601051886965214e-03,1.919074595226525183e-03,1.774567704399404242e-02,5.482505712301126433e-03,5.527238488282603009e-03,2.007988084783267346e-02,3.989709818628064952e-02,5.235734818780107824e-02,1.796570633268358350e-02,6.453687216479191135e-02,1.436219230726944185e-01,1.703166362114657550e-01,6.391520928901588128e-02,2.688631548556630335e-01,5.318252613439820170e-02,2.562226234203821007e-02,1.317541333444431639e-01,1.566705576181925616e-02,9.007801916745536430e-02,3.738266194324638830e-02,5.241754711099813613e-02,1.750526531138860420e-01,5.066706867744708714e-02,7.976124573178210164e-02,1.181927020816608415e-01,1.637923261065084013e-01,1.373558536019620357e-01,1.854020386421325883e-01,2.114721788773143152e-01,1.157135525764355216e-01,7.709523147472120697e-02,1.085308755751785009e-01,2.474659168401653966e-02,8.489074462454827830e-02,6.119154067648280987e-02
1.096682258137457733e-01,3.170261320945857303e-02,1.657805057798567294e-01,1.661893404746166980e-01,2.278268499948841452e-01,0.000000000000000000e+00,5.054704240936222503e-02,1.268344036025216004e-01,3.411670128612039748e-02,1.354334081584108174e-01,1.200799996757094812e-01,7.019931439733068101e-02,9.512906783836265479e-02,1.230312250329192864e-01,1.133303743553386311e-01,9.726715348644993098e-02,3.098469465392835742e-01,6.323873008017473485e-02,8.172240649550165104e-02,8.046349100262205345e-02,1.993754801873680593e-01,1.198262875939465760e-01,1.210202879339025844e-01,3.754106239647442278e-02,1.131956226658593044e-02,3.891216076642771415e-03,2.366372056916885361e-02,2.827866869552802045e-02,8.919416680172093104e-02,2.296759465100575021e-02,9.904384896999284330e-03,4.385847762694990160e-02,9.074199584039635558e-02,1.974697684252889329e-02,1.669802699167012225e-02,4.789291573997658813e-02,1.050608136415535077e-01,5.034816862469493511e-03,1.960142769371991597e-02,4.251819730859891094e-02,4.659388738543757819e-02,3.894045517047710347e-02,7.481874946501448909e-02,2.286732537252163591e-02,3.268959912888658170e-02,1.318884135322732909e-01,5.954826251329857489e-02,9.251165904480855573e-02,5.136300170496602147e-02,2.326885827992654365e-02,6.563384974946764872e-02,4.395015332574056521e-02,6.180047412924136174e-02,2.171611984472482937e-01,8.495064678934743929e-02,1.479364660728413328e-01,1.225074795927482002e-01,1.547854941041776067e-01,3.140626260676036841e-02,1.380889869762208788e-01,1.556352305415942550e-01,4.770188813385058818e-02,9.602944460279952410e-02,8.313574383478250507e-02,5.913230159851020663e-03,7.514195007817636718e-02,3.067754377553754200e-02,3.435047781492666513e-02,2.410416130631801157e-02,1.347053274692165507e-02,3.601695104943434395e-02,1.115831320980279970e-02,1.621890181554019872e-02,1.175160949263800297e-02,4.484163233471385665e-03,3.970323899903740496e-03,1.043332753797352429e-02,3.825559343014264119e-02,1.262867533786460675e-02,7.952278683622495542e-03,2.218591350094613682e-02,4.473278488949152670e-03,5.745109404118046992e-02,1.668294028594734246e-02,1.840229104560936815e-02,9.652832763098491420e-02,1.177178388484906441e-01,5.845680951405272940e-02,9.138232998377032734e-02,9.742878514511192634e-02,1.198142905761136884e-01,1.642821468108303651e-01,6.424289826583151619e-02,1.259464961229920521e-01,1.011361630522920468e-01,3.675063182265653899e-02,3.011478666377556332e-02,7.373957085562822533e-02,1.193175448848948078e-02,3.594690916470019704e-02,4.458578127471433256e-02,1.933261181107365223e-02,1.339267426484420410e-02,7.589499238411841903e-03,2.435504351959388511e-03,7.716934269372543315e-03,1.411499626100296174e-02,2.215361358650290088e-02,2.757675169366869718e-03,1.403971485486181156e-02,1.458396931353698328e-02,4.559904140746130763e-02,7.719148294632752552e-03,2.022556652252971085e-02,3.257296369944384651e-02,3.380531672169344998e-02,1.717562455719788550e-02,5.110668927033178155e-02,4.503745646678301157e-02,1.782471545395553081e-02,1.482263971605017328e-01,1.587698104456337356e-01,1.131625991052065544e-01,3.285677890167137266e-02,1.851830900828854432e-01,1.561296193939192833e-01,7.961623689576194374e-02,2.897123332596724388e-01,5.060972633095317530e-02,7.543555097528178988e-02,1.244462210301977845e-01,5.072278555303629671e-02,4.616573719912823309e-02,1.130076553593227506e-02,7.877304351301284147e-02,3.449261298312471941e-02,5.655828060429973075e-02,2.993024714285375584e-03,2.003840165037066787e-02
7.883467493200486953e-02,6.429488353489634656e-02,1.718230976081766559e-01,1.241870511762754453e-01,7.218737518501612549e-02,5.054704240936222503e-02,0.000000000000000000e+00,6.832845728454371714e-02,4.155852594115072574e-02,2.266718476020132197e-02,1.108200108390068744e-01,5.948346382956321704e-02,5.140784131753851904e-02,6.961349215378756505e-02,1.589454944440696071e-01,4.826082756805692708e-02,1.547924217822378157e-01,1.015301057584414579e-01,7.797434223111023022e-02,1.346182135512955236e-01,1.926948429099358678e-02,1.580016240927439863e-02,2.393607135728428176e-02,4.538825878874244019e-02,1.030555606528065493e-01,7.115888272060387487e-02,1.121644378639946454e-01,7.167738489010928860e-03,4.241457921007261989e-02,2.343048442960804501e-02,3.381064962966075227e-02,2.455370349499311905e-02,1.062788130704009765e-01,4.776863034627949062e-02,6.393702331482771506e-02,6.090992794483233302e-02,1.793066281282064064e-02,7.593761194738649078e-02,1.048421656463534579e-01,7.870309666597631593e-02,1.146610605962055350e-02,7.851637935757156683e-02,2.152267146906280612e-02,1.063293999668065391e-02,9.203958966262951180e-02,1.278732253327873603e-01,7.966443254818282582e-02,8.939038338256474758e-02,3.489983662359597005e-02,5.008553065251445530e-02,1.472010443056918083e-01,1.387819084479935128e-01,7.431168831990050960e-02,7.508771031060032519e-02,1.300906753946594885e-01,7.358299044627393537e-02,5.601582260535749314e-02,6.900665355324897554e-02,7.670945058090292146e-02,4.796765140844673481e-02,1.558431369669948385e-01,1.222272738415195875e-01,8.943625010276731735e-02,1.025868427195192334e-01,3.622040206525125455e-02,5.965682245930569588e-02,1.271776681106782103e-01,1.310393639801439407e-02,3.831823429279182514e-02,3.495483201335188722e-03,6.991683342280491376e-02,4.181937282139631257e-03,5.894316047472165226e-03,1.550373628826858322e-02,2.283431381560484599e-02,3.741083656124213203e-03,6.000148038709921840e-03,2.533835638647900096e-02,2.293641122372343938e-02,3.951699575413622489e-02,3.024388204622617191e-02,8.983833522918090869e-03,5.655453805183426746e-02,3.205511331481505910e-02,3.614101807796107901e-02,8.153746616218829346e-02,6.316638762551871067e-02,9.622181651366094879e-02,2.803700750810497397e-02,8.532899628045234608e-02,6.482459881644728195e-02,4.393448707859408386e-02,5.090071423027335562e-02,9.488536248064095846e-02,4.504767460077134522e-02,9.117320265261326384e-02,5.449593711600812795e-02,3.602331117150110035e-02,2.219742821722016715e-02,4.310456750134856324e-02,3.520956687855302664e-02,1.108186630335120625e-02,2.338219681886148996e-03,5.474159994829680582e-03,9.732287085699634077e-03,3.125243017909834498e-02,2.649460272677765099e-02,1.253801614836741810e-02,9.984176250040692133e-03,6.559191778576657812e-03,1.080965642858914416e-02,2.536408881479056826e-03,3.373899677926670611e-03,1.680106482146004332e-02,3.349541090436476687e-02,1.049129748102396557e-02,3.073600502485945504e-02,6.930031660848651187e-02,6.936717620483580544e-03,1.107210740925805049e-02,9.718395685447052748e-03,3.234011138311093658e-02,1.775462927192917803e-02,8.157170661794832522e-03,9.489312301138053130e-02,1.615453840447782508e-01,3.026459064479652267e-02,1.670187625112410368e-01,7.503590445489853600e-02,4.058508996296223553e-02,8.245782983623693718e-02,1.044030516788792412e-01,1.772448849685927807e-01,1.934476817689288752e-02,1.332567262688543752e-01,1.399730906002852049e-01,6.232012912266025884e-02,1.411168163551385635e-01,8.817804762882726355e-02
2.570412004602410858e-02,9.778461896818499421e-02,6.692017171544571708e-02,2.022641557720412098e-01,9.347559330047887360e-02,1.268344036025216004e-01,6.832845728454371714e-02,0.000000000000000000e+00,2.563423600119381085e-01,1.879930106804357792e-01,7.645458469047948513e-02,1.187068228080613436e-01,1.340761326606904058e-02,5.306557666206473262e-02,1.928170159811648521e-01,1.541386999022099080e-01,1.314539463476371850e-01,1.373807495968428216e-01,3.184752103165117143e-02,4.898719492415923998e-02,6.523518559083880952e-02,8.872802265803921354e-03,2.178362911258082887e-02,4.336323486410757072e-02,1.150383707654261817e-01,6.962397675637467531e-02,3.736014842943849446e-02,3.980572117905033236e-02,3.752837217452581475e-02,1.964604169995751853e-02,5.372200881018868168e-02,6.464609042871780065e-02,1.061485661329383823e-02,2.232019317668548428e-02,5.822434596156608050e-02,5.688300347017244407e-02,2.260769960363688547e-02,6.374743468902588361e-02,3.267886513196976289e-02,1.206652478264815670e-02,8.718218021628677816e-03,3.582464754883310509e-02,6.022640272147911783e-02,8.887291944418715395e-02,2.243514790515425406e-01,2.896062995005129273e-02,7.003123864884090721e-02,1.012906252603134050e-01,7.125308782895896365e-02,8.804336721046111813e-02,4.795478761151827918e-02,5.179823028994411105e-02,9.527531612689107976e-02,2.124021384843097562e-02,1.781138912675372596e-02,4.421299220718065415e-02,1.154322225662278573e-01,4.817749742547541153e-02,2.030404786484836868e-02,6.216822958194896664e-02,4.831167928716214449e-02,2.876188666880764855e-02,8.518189875844019154e-02,1.447018564311304198e-02,1.241578867690238119e-01,7.383329057055987299e-02,7.200334950072686396e-03,4.650488845676044314e-02,7.189384896214123799e-02,1.698558007810881815e-02,3.331111662695806358e-02,4.500183249599536833e-02,1.978953205637002874e-02,2.591301415698527358e-02,7.018532856372211928e-03,1.765308613706332436e-02,8.505495210122724845e-03,1.824887984306476987e-02,2.081261311136288830e-02,2.153015812948098212e-02,1.971948644873603579e-02,1.000446936342935973e-02,3.428285226851355422e-02,2.470365173400891276e-02,2.857331109256187537e-02,3.677079818071624789e-02,2.379212075613717711e-02,1.343204883423674417e-02,7.493189447952142146e-02,2.497068269370384883e-02,4.050129389360369175e-02,1.069001922160679185e-01,1.954099730815416491e-01,4.483214888533279541e-02,7.256125011025736649e-02,1.589918439465723976e-01,4.331882476648482583e-02,3.222503682336654018e-02,6.124887373519478928e-02,2.069759693987458654e-02,5.003669461832960415e-03,2.442076046022242930e-03,2.817365759070361315e-03,1.429523897853919069e-02,1.494370646022055021e-02,3.620661668471951422e-02,4.961678559199171612e-02,4.406563795478357637e-02,3.108266117394533484e-02,6.342326264397521451e-02,4.365850003604052065e-02,4.462047802561886628e-02,4.531019424191130851e-02,6.500426954057773876e-02,3.545575612214280775e-02,5.546352119291562965e-02,2.607890533348589460e-02,1.973795828296804819e-02,8.946983975533735756e-02,3.511950481895612791e-02,6.664799311144985194e-02,1.168314028314304011e-02,3.139934132368030900e-02,5.070243325897424991e-02,1.047859170737159978e-01,1.846907397974029696e-01,9.248254649971621166e-02,9.309262135810697503e-02,1.100199243797497922e-01,1.163020971641741258e-01,6.537606540325434368e-02,3.748861557026214597e-02,3.036022237038168980e-02,9.607891820910489933e-02,6.495351898012122205e-02,2.126252280764628910e-02,3.504989336646150561e-02,3.659266284506625805e-02,4.119284817111531181e-03
2.480253080337136221e-02,1.720863273693492845e-01,2.095485196944363304e-02,1.660897074259897466e-01,3.939006120037571307e-02,3.411670128612039748e-02,4.155852594115072574e-02,2.563423600119381085e-01,0.000000000000000000e+00,2.517333813563454870e-02,4.616781011600627066e-02,4.487647822331126968e-02,2.373161566182112672e-02,5.859617906560459638e-02,8.077625291415096997e-02,1.303270013584248085e-02,2.599836598819456335e-02,3.090150183669288994e-02,2.941141008003979665e-02,2.414438605775002730e-02,1.785432496543801206e-02,2.188335204797443173e-02,4.524259158323967744e-03,2.673491089923693553e-02,2.614399680385715366e-02,1.331011917300518876e-02,2.840132394867865388e-03,1.518095400770930366e-02,1.657859499812213214e-02,1.386664958884386428e-02,7.490073763812613722e-03,7.298689040310822086e-03,3.366083284547741888e-02,6.655578490781448135e-03,9.010906355966951178e-03,1.267054776907884824e-02,2.319022597474478670e-02,2.328133639561507512e-03,1.454988847532937436e-03,7.584556458475281288e-03,1.610895089460716995e-02,1.844732357467195744e-02,2.569839159904126549e-02,1.099898267261953388e-02,8.998138220260824827e-02,2.942702068934520063e-02,4.715716164287466622e-02,2.864268394520995756e-02,5.948138955585845905e-02,3.128827899744407448e-02,2.669733445596870688e-02,1.005322855770578033e-01,2.908199050031332403e-02,2.185086359564487879e-02,3.094681945270573442e-02,3.665429171507904316e-02,4.971864023295386598e-02,2.072829804425292341e-02,1.583374245201570052e-02,4.513449960067499739e-02,2.978106416409722831e-02,7.419308971358749838e-02,1.823607725945161281e-02,1.509135770805110355e-02,6.593836521428855790e-02,2.332376837763667013e-02,4.336500720829036121e-02,1.425069277904040393e-02,1.062814076634173710e-01,2.191179742912222755e-02,6.028552316225829072e-02,3.805478378833072883e-02,2.951984030634310918e-02,7.659830788739957312e-03,1.631001424092521496e-02,9.447596175747200592e-03,1.131104927950382644e-02,1.088233622511582815e-02,2.308033714703679878e-02,2.740858753992552084e-03,3.816900744899471339e-03,1.756632038592386390e-03,6.794190041304757656e-03,1.166319485862062598e-02,3.026190670447081749e-03,1.652252940760743846e-02,4.567913782585546895e-02,2.207208791223265118e-02,7.286000576255335925e-03,1.479751891665967260e-02,4.869222278152976480e-02,3.045560635720061596e-02,7.099481191597865892e-02,2.500786891264901446e-02,2.424355027418144057e-02,8.469687972216934091e-02,4.093730028678967126e-02,2.644973879030716735e-02,5.768445304230891690e-02,2.806259365655979290e-02,1.428981665569614527e-02,3.141488650113570189e-03,6.241180744542547225e-03,6.321658601583876429e-03,1.655713233152491387e-02,2.302156965690922708e-02,4.957015429392132300e-02,3.269073621005274405e-02,2.966604426383051205e-02,8.619162619175188556e-02,4.154406697214839406e-02,3.445413759088365724e-02,7.131904768857376398e-02,6.545538602426757835e-02,2.185420702723200881e-02,1.313124339053282352e-01,3.784963404240445500e-02,2.602358676013541081e-02,6.195558542465447877e-02,4.956535569348075043e-02,6.493028503040394750e-02,9.229442808839477194e-03,4.857377801384087090e-02,8.243320443961831001e-02,6.764608927419117623e-02,1.017620623079138337e-01,1.722514058027488637e-01,2.611803533281243858e-02,1.074918893634645989e-01,3.425301681036423129e-02,1.396698136964212231e-02,2.256125077785592695e-02,3.946318010245799396e-02,2.919418583083846150e-02,4.954581739950147251e-02,8.260368483902680650e-03,2.778363216346690576e-02,1.798049398882289526e-02,5.364672104116287657e-04
6.840596051620080609e-02,1.714007126089172051e-01,7.912021145573083780e-02,1.864706460550541733e-01,5.175485254554156034e-02,1.354334081584108174e-01,2.266718476020132197e-02,1.879930106804357792e-01,2.517333813563454870e-02,0.000000000000000000e+00,5.322416245307196730e-02,7.175762973503084508e-02,2.008298456580460273e-02,4.707773694927178121e-02,2.425412498513079829e-01,2.659547167888517277e-02,1.179279120774884698e-01,1.110978145684726887e-01,5.850072261676351332e-02,3.527471823198910506e-02,9.360007784705584588e-02,8.710718293281266567e-03,2.377242140338798812e-02,7.003637405274798500e-02,1.697005867903763482e-02,2.930183992173749849e-02,7.916961832457377474e-03,2.357471216859411203e-02,2.171327089427908461e-03,1.396498100913511585e-02,3.947698874380680539e-02,3.882156203587483131e-03,2.763247779728362705e-02,2.040558600628447627e-02,7.126280626157437993e-03,1.014345123621361588e-02,3.632421049053198570e-02,3.381164575468343508e-02,9.262961006615310841e-03,1.865613490516136036e-02,1.643059569655435162e-02,3.053195130604251586e-02,2.820088480905207431e-02,1.772087010371316620e-02,1.929644313369871800e-01,2.845601102437870025e-02,4.074431827019372315e-02,8.395835301220645752e-02,1.574868144870140985e-02,5.391687612972465016e-02,2.860171977496279300e-02,2.066588615418304270e-02,1.667832541312982420e-01,2.003039404187350117e-02,7.024299282590371063e-02,5.170385508055969255e-03,2.739138377424259196e-02,1.633785695334111568e-02,2.379771164070859646e-02,7.234224290935369062e-02,5.415513050286382968e-02,2.918291152590277854e-02,5.591026132249694164e-02,3.603707508417651473e-02,1.392693410571375912e-01,2.788632853466377348e-02,3.306773868202792649e-02,8.796556055434012755e-02,3.703249701633908736e-02,2.493216876202129090e-02,4.551307531117461391e-02,1.867432037158720665e-02,2.845949342083903613e-02,1.090953692418544611e-02,2.004652139005421579e-02,1.028497586712825290e-02,4.789258993172303136e-02,8.312467091791474194e-02,2.300074190596927345e-02,4.985509950096948112e-02,1.342969676777057940e-02,4.103899532815806495e-02,1.984340000448460775e-02,1.204057542397839187e-02,2.958195398050299154e-03,3.486733430412292112e-02,4.231350156934473444e-02,2.689625507969764864e-02,1.179273861191219332e-02,7.833372672131512504e-02,5.740084970621131544e-02,2.023960789164859497e-01,8.159753988639893707e-02,5.383060392624829105e-02,8.010266420346047467e-02,8.228821076268037771e-02,3.146221843666448248e-02,3.816024730192605491e-02,4.252758429657352290e-02,2.175027957857591371e-02,2.275796319393125211e-02,1.738000656611195585e-02,4.046719227496787738e-03,2.153039037880725981e-02,2.158265131579089127e-02,2.536453789414901822e-02,3.816104614102296816e-02,5.144070810092188362e-02,1.615186384757198723e-02,7.249085899938671751e-02,8.530069542761262169e-02,3.407986921351416343e-02,9.068395879069324206e-02,8.292476530833679804e-02,1.783526339028043695e-02,3.554540364278774289e-02,2.489342657288651228e-02,4.501000236482635350e-03,1.168080736657642754e-01,2.618760941040622348e-02,3.776479427371997460e-02,2.304718698738454988e-02,7.293978429323377810e-02,1.141222462635947399e-01,2.017056758073559886e-01,1.221641042495695273e-01,2.322315315547438253e-01,1.200853128332409619e-01,1.613057282234872658e-01,5.976488382302223845e-02,1.295854519949246053e-01,4.161133114935530036e-02,6.312766399795269323e-02,7.579527283839170015e-02,1.085535871552479048e-01,2.677703463693850705e-02,4.228444242478564263e-02,7.807120561110213186e-02,6.619229801929862704e-03
1.029710140453406336e-01,1.154162198311970283e-01,5.420167061741448106e-02,2.459582565163100365e-01,9.929889886355232342e-02,1.200799996757094812e-01,1.108200108390068744e-01,7.645458469047948513e-02,4.616781011600627066e-02,5.322416245307196730e-02,0.000000000000000000e+00,5.577493376261883490e-02,2.108502067184271286e-02,1.444641966864900276e-02,7.338275808972764824e-02,2.066008222384016491e-02,5.285577785985631771e-02,1.081176492264346312e-01,5.142847353091010293e-03,9.952510363362525314e-03,8.951042306753186073e-02,3.673515966553450585e-02,5.446467484110426027e-02,6.722420652950408804e-02,1.076324192019488812e-01,6.936701848546085458e-02,1.998536041777447883e-02,2.038253045411855466e-02,1.183715305919220105e-02,9.653768612383043651e-03,1.445294591786728568e-02,8.022937988080851290e-02,1.014064893682191902e-02,1.763115738699697760e-02,8.828201584803822832e-02,5.880460140119249390e-02,8.185779034870022466e-03,5.923238190913704404e-02,7.486144335532324279e-02,4.549067165786524480e-02,7.428874892909200812e-03,1.607604938293550473e-02,3.965336640158923648e-02,2.548139468345598374e-02,1.759682026971202962e-01,6.126657632729773373e-02,7.416005317545294739e-02,4.631773565039960100e-02,2.765300271167431614e-02,5.920113285988284207e-02,2.658622967208911989e-02,4.786071612086719579e-02,7.106977921210572147e-02,5.008340731401857843e-02,8.023802508540124612e-02,2.789035109094572043e-02,5.138825483105863984e-02,6.724358964431563501e-02,2.637992146522813441e-02,1.458466738349796510e-02,6.140578511218450913e-02,6.071549051287018772e-02,1.522077731369899101e-01,5.519562602781410282e-02,7.014442147161287222e-02,3.798668419798120754e-02,3.499041866281664501e-03,2.476228698392858932e-02,7.011485060974039646e-03,3.449667035579949415e-02,1.860935925637143950e-03,6.942479336669909497e-03,9.561592625346422916e-03,3.463527343858933613e-03,1.952021473138871796e-02,3.403727668816052074e-03,1.220457254966845172e-02,2.295680925167370781e-02,7.172199526533648908e-03,1.317256407664955074e-02,5.673886727491827577e-03,6.347105131529363377e-03,2.351242679514666672e-03,2.496199375240579655e-03,1.543523027752196665e-02,6.316219689663614412e-02,1.992136852020591140e-02,6.869652439232676322e-02,2.303060007454746372e-02,6.117069075711249054e-02,1.016064434235041253e-01,6.912454110447364963e-02,9.364671358892083519e-02,9.243533947302791376e-02,7.626665612416166917e-02,8.648757248031573031e-02,8.905253477322877531e-02,6.793733611341161438e-02,6.519872999733379582e-02,3.818323323475619757e-02,2.194700507276641649e-02,1.431358956425093400e-02,1.890431582426939372e-02,1.970811922337360397e-03,1.037906681197503338e-02,1.800915898174406879e-02,4.075559337192042469e-02,1.061625511541259594e-02,8.066527784055732217e-03,2.946543672794000104e-02,4.094279062676235009e-02,2.253648614216839652e-02,4.499710481376915927e-02,4.208537236658058123e-02,3.557156510205091576e-02,4.827853355339351005e-02,3.002394647125948210e-02,2.448226339940061044e-02,1.747589533811900742e-01,9.141029040108512166e-03,3.915040772627793181e-02,1.583476405675768653e-02,6.524991022683578057e-02,4.095222645462528316e-02,1.769681861453454852e-01,8.973907975412157012e-02,1.587026593270936259e-01,1.070969983121932839e-01,2.141531783584773030e-01,1.208016343206216175e-01,1.636770445343783686e-01,5.499374523420434702e-02,2.064268179977585618e-02,1.257165973968577266e-01,5.816417495788539505e-02,6.964582072951887130e-03,4.300803978379159204e-02,7.036683816606491282e-02,1.950058466097535958e-03
