0.000000000000000000e+00,1.703852844855351378e-01,8.715784307569665601e-02,1.218379909770576225e-01,3.407208938122411462e-02,6.474254000269476228e-02,6.249500654159671764e-02,8.841722781882271898e-02,2.154597300250378142e-02,9.098031907582941613e-02,1.299958013671887180e-01,3.567450109160162641e-02,1.331219036419653556e-02,2.919009079381326699e-02,2.837214996290910243e-02,5.579329730083092131e-02,6.641717069822968000e-02,3.615141777783546090e-02,2.617289498526736632e-02,5.774902079729263282e-02,5.247078951899042387e-02,4.517869281976012036e-02,4.898679319597529919e-02,7.869316708899686680e-03,1.813107158543400543e-02,9.499669685166901162e-03,8.430354455513662526e-03,2.458827215499538154e-03,2.514791494885562292e-02,3.027699651919255747e-02,9.456732931809654422e-03,3.395075070461451433e-02,2.067458275181381991e-02,2.609679478038183509e-02,4.766311861586780552e-02,2.586947856593833570e-02,9.387004303999073318e-03,7.491291471102670511e-03,1.418820192244430248e-02,8.551744424628407101e-03,1.338642956518268715e-02,2.958814669988077406e-02,1.345826075173518245e-02,6.477515777426091914e-02,8.572226913164168738e-02,8.698508534290498584e-02,1.265326425655770581e-01,4.176844557570288247e-02,5.336562782314588360e-02,8.405899274289252432e-02,3.536242474615559211e-02,5.579644060057493277e-02,1.155037819940313987e-02,6.320391528959487526e-02,1.116844908727115393e-01,2.287302666563215819e-02,1.988116357139037976e-02,1.126671902447676787e-01,3.699275351343549179e-02,5.033029949918686741e-02,6.697297462282594815e-02,5.938619126610180515e-02,9.273913735711160344e-02,4.429077462568443285e-02,8.247778556780510639e-02,4.676500496340009472e-02,1.044341804316795477e-02,2.492043732901473227e-02,1.421385082378203400e-02,4.759395127472059416e-03,5.884339215335262357e-03,1.243282331063735868e-02,6.281886054083920048e-03,6.818811954184840658e-03,4.024215611088416238e-03,4.227189286400348002e-03,2.984889033908634699e-03,5.901849251984764462e-03,6.426706552295704741e-03,1.473549001074628099e-02,1.709054149503177328e-02,2.649546886166891622e-03,2.589739308695058681e-02,4.188587551732791091e-03,8.950062644001798018e-03,2.588137344081719443e-02,4.709381325156705711e-02,6.351278892872526394e-02,1.389572935426340583e-02,3.885758388247152056e-02,9.085455770314193602e-02,7.293381770902455929e-02,1.094816958127325379e-01,1.155016754358265674e-01,1.105904852011236755e-01,6.140825626311090940e-02,8.331367959193312911e-02,6.825273924357917743e-02,5.335571724025393869e-02,6.106387528577147256e-02,4.024947359947741998e-02,7.904868814198200838e-03,5.737868587535615780e-03,9.835366989952184363e-03,3.051517184966627202e-02,4.124310605493815285e-02,5.122011012416196468e-02,1.998670323854176076e-02,2.070762296160475607e-02,3.350181294870389209e-02,5.367205326835768758e-02,1.983029388831642967e-03,8.241762496809744085e-03,2.146418377024942800e-02,1.385539010291391045e-02,6.412902856472941018e-03,1.837822881521880211e-02,1.979584569310336925e-02,8.956532244759198014e-02,9.326755201925484087e-03,1.991603021449180402e-02,6.126417006674651083e-02,6.539652287015856880e-02,3.697234663047367642e-02,1.850931648351348269e-01,5.659112846688375831e-02,6.991288794443190069e-02,2.073182824229810040e-01,1.357538326532115314e-01,9.147292107433370456e-02,1.160479767610664570e-01,5.933023146486816890e-02,2.428505912949688317e-02,8.998192488613723783e-02,1.690026070716908052e-02,5.272745221834893720e-02,1.659186812637145070e-02,6.092589539011572172e-03,2.856171287024028213e-02
1.703852844855351378e-01,0.000000000000000000e+00,3.731305803501154816e-01,2.715965650758793148e-01,1.116883209227007429e-01,6.361125106832864196e-02,7.030864402237603505e-02,9.793332057192356832e-02,7.661790650832789318e-02,1.290338183884955636e-01,1.192655161753161802e-01,9.151696851902346719e-02,3.280384854197276878e-02,5.618769454521269080e-02,1.384855167535666565e-01,6.689814796221646431e-02,1.594214714786600651e-01,6.610766984407483171e-02,9.814873960354866811e-02,4.631047470988184506e-02,1.889333597264008513e-01,6.084247607258229384e-02,8.719486760524966518e-02,1.376358342836062065e-01,6.552511748135557423e-02,2.147523983715221921e-02,2.948334202582243452e-03,5.753429278809533629e-03,8.163097459325073871e-03,2.648890984181167044e-02,1.044413224349108153e-02,5.369644093233961156e-03,1.961245312208040326e-02,2.462803719247770931e-02,6.042636330469501257e-03,2.242938767423272028e-02,6.889270001473758905e-03,2.104209438337691432e-02,1.566233027444510068e-02,1.310816307811893226e-02,1.427574182375133775e-02,2.851808909105094450e-02,1.621109992555568730e-02,1.543733895449640389e-02,3.866723707288349798e-02,1.116717608141076234e-01,6.226750430195815422e-02,3.931135746001739040e-02,5.017938019797724830e-02,6.462848088004342906e-02,4.380042391737237750e-02,3.025376591330692158e-02,4.689056089524222537e-02,1.157211020854223837e-01,6.712992032352657623e-02,1.094045066022284740e-01,7.173831146480311172e-02,1.214601032138802744e-01,5.280358712728092097e-02,1.370401870835876446e-01,8.077321711551155303e-02,7.067610119118494794e-02,5.776765556985255512e-02,9.598648677113295891e-02,1.459164646954651604e-02,1.053815208246645929e-02,2.587037216945273221e-02,9.186536733403073002e-03,1.171523422751321285e-02,2.090961858075426200e-02,1.725442406134163401e-02,1.112125619390107699e-02,9.011373421640073156e-03,9.246011912188340648e-03,1.398531946446130055e-02,1.365375529192486802e-02,2.261886054630987339e-02,3.340732677607947954e-02,2.055592735327632647e-02,2.279280640921818937e-02,1.314744276694239204e-02,2.513246851153562098e-02,3.278655098844097081e-03,2.858123692920376199e-03,1.457713607528658868e-02,4.869943487581265135e-02,1.153079425216178844e-01,6.527027018729410213e-02,7.387759674919748554e-02,1.324686167241427293e-01,1.213398202763173589e-01,1.732614812052930831e-01,7.412052650685357902e-02,6.863745492317181729e-02,1.338253352315710853e-01,7.817710045216923198e-02,5.226113210545394600e-02,3.425436322732993560e-02,2.210212554889876002e-02,1.852070205051467577e-02,3.891884146435065778e-02,1.888278706370646876e-02,2.798703365632189063e-02,2.774507412054214375e-02,5.048246334085800674e-02,5.869386565546678980e-02,4.339002588291238777e-02,2.425957665157947932e-02,5.908589272386495506e-02,2.539995333926845303e-02,2.113869772174144235e-02,2.529379997191957916e-03,1.632416282060377213e-02,1.146758881888543594e-02,5.351746294684030930e-02,2.169002913454981876e-02,2.234443964324637349e-02,1.060027009427560174e-01,6.003504052517926598e-02,5.032147800324271447e-02,4.201766402758723429e-02,4.746896490287915577e-02,1.687258279046261744e-01,9.486497540649424520e-02,1.721482493670591363e-01,8.863194909782115549e-02,1.992655341412844783e-01,1.208949149964156089e-01,1.088032170761498441e-01,1.832799638722059643e-01,1.126148406492639142e-01,7.072666999728657866e-02,4.884531749950752483e-02,5.145685467546050329e-02,6.107328785534315435e-02,6.729456558507913855e-02,2.847127269979820782e-02,5.158380485253438730e-02,2.335217597782096935e-02
8.715784307569665601e-02,3.731305803501154816e-01,0.000000000000000000e+00,2.840903651126180929e-01,3.008401198665018317e-01,2.762219631301957579e-01,1.313756864987888628e-01,1.028455339664466617e-01,5.187600165424102044e-02,9.117296534396727992e-02,3.326867160973403376e-02,5.463851942364505304e-02,1.148471292074313560e-01,1.752174016946133617e-01,1.410088036245105703e-01,1.425637361390799662e-01,3.606043569867370402e-01,1.781961186062011593e-01,1.700310475408528255e-01,1.317562583110167829e-01,1.938605194988371472e-01,1.048237008444008328e-01,1.761607566958518223e-01,6.858362672874741828e-02,3.115623812632196607e-02,1.937049549837077667e-02,6.237128460744713852e-03,1.845048011635188820e-02,3.579658751395676380e-02,1.962253999669182417e-02,1.095777109693138462e-02,9.315439877567716423e-03,4.447077952258458866e-02,1.621696641347099982e-02,1.684150569227386290e-02,3.012181233051875948e-02,5.278045644346614912e-02,3.708031637003718350e-02,1.164092403181645786e-02,4.546320091175935080e-02,3.559539849758269064e-02,1.981690525537995254e-02,1.151597844515974411e-01,2.014777372374155009e-02,4.229156771322774289e-02,1.294044364515340995e-01,7.113268472307919532e-02,4.924711756255777118e-02,1.098490016301334193e-01,2.716262736777173836e-02,6.798872021733709525e-02,4.155945410538059576e-02,5.772362493445505616e-02,1.343880637063359917e-01,8.432376498432241074e-02,5.408303506691127666e-02,7.905935478994909060e-02,1.676211734817678323e-01,3.607333736219470871e-02,7.936434508324337334e-02,9.594718553445218123e-02,8.134091163078358000e-02,5.407220104380078274e-02,5.153267594744860569e-02,1.511648434783515425e-02,6.541564006059616410e-02,1.407821913634634166e-02,3.345987164126679875e-02,6.790998622374362637e-02,3.592760603870742697e-02,4.885357105439711717e-02,2.715216629920406965e-02,2.404530292420755180e-02,1.165750449326822397e-02,9.555632667227103097e-03,4.295744321680968099e-03,7.460597359654654384e-03,1.752962581984638529e-02,5.193638180249953405e-03,2.829506767067344747e-02,4.343722995788946474e-03,1.519477704315878169e-03,5.109938259030048779e-02,1.296261824038207923e-02,1.926638984668580315e-02,1.068056319975418111e-01,9.581196463273027042e-02,5.029703212541334484e-02,1.542740851635791555e-01,8.721968981128523646e-02,6.034780224502167556e-02,8.415944558884828897e-02,6.931912343022245127e-02,3.837310163784309752e-02,7.416260827928725097e-02,3.749348970772339168e-02,1.073702828701232105e-02,1.770672861369943993e-02,7.392336245141598212e-03,3.156194773883821275e-02,3.757980132495183229e-02,9.093696414059430910e-03,1.905859615553313555e-02,2.878778086564634173e-03,1.126622398906391639e-02,7.003531670588343874e-03,9.318820338226006458e-03,3.275578894182382562e-03,4.933027228925556881e-03,9.783302051402414240e-03,1.383827351986809291e-02,1.531126152679676555e-02,9.615754811787235318e-03,4.116043105976185945e-02,6.084791154818969955e-02,1.151229378917420637e-01,3.848256901071750447e-02,9.741027688748478408e-02,1.944615517191140841e-02,1.014875137392127515e-02,8.107806832277203446e-02,1.429030349535064803e-01,8.874329784839830870e-02,2.446652701894453177e-02,8.083515948146792474e-02,1.366053502299871270e-01,9.314403735071291601e-02,7.821393278796230641e-02,1.075638277030270817e-01,1.049886705514784663e-01,1.248996334591986890e-01,7.172512663032518110e-02,8.704726427031370117e-02,5.018681485078403670e-02,2.257060661136056981e-02,1.736612929680128245e-02,2.985210688767972118e-02,4.569486322587736245e-03,5.773266025749581275e-03
1.218379909770576225e-01,2.715965650758793148e-01,2.840903651126180929e-01,0.000000000000000000e+00,2.510122582305799877e-01,1.436019919277901902e-01,6.625968631298169431e-02,2.190318938870724486e-01,1.028815440473252601e-01,1.810688902897718000e-01,1.890409238473072795e-01,1.504362386829324050e-01,8.858097339959614125e-02,7.305889657666861381e-02,1.201626943456596541e-01,1.096300297958713588e-01,2.233865652024993043e-01,1.892231175507864682e-01,5.314602792475118381e-02,8.156520840942185768e-02,1.552364929410569860e-01,8.066767760881865534e-02,7.550060359822119427e-02,9.507862406354926355e-02,6.170167811533462665e-02,2.502519186367423154e-02,8.844161161040526090e-03,1.467205554811265144e-03,3.485205345455469339e-02,2.176089894899555649e-02,5.046464284281528510e-03,4.702658155990119271e-02,3.316222162525809397e-02,1.019363831702100112e-02,1.746058944602916010e-02,3.476989354483206451e-02,2.352579245805248159e-02,3.172681656752875806e-02,2.748171755871661737e-02,1.290817828425627062e-02,1.087294250222481558e-02,1.916534760689085973e-02,3.602882418857446950e-02,5.346866769488974741e-02,3.768705853321796528e-02,5.091918926080877400e-02,6.888322868330890025e-02,1.705014477254256436e-02,3.727769012748042426e-02,6.590698761004859518e-02,7.734680777840216570e-02,6.224772478111827156e-02,1.809066379149105314e-02,7.188984639864488824e-02,9.676402012205002900e-02,2.063321859121850996e-02,5.724681913473036315e-02,1.973683658787746820e-01,4.485346823611321282e-02,1.063321828616780040e-01,1.777362319466529728e-01,1.089690481929272009e-01,1.081999405048260504e-01,5.698815767149390671e-02,5.332994134984503365e-02,6.385176017823356032e-02,2.449351532295204401e-02,7.402521761273607968e-03,9.249100349364929030e-03,2.015866555337223615e-02,6.316995420169031240e-03,4.561882968999688391e-03,3.813871094250397779e-03,1.146607113810345921e-03,1.132310056425465256e-02,3.484337098831627455e-02,7.335245518293222189e-02,5.289606056901338671e-02,3.894646473735667580e-02,1.261403471764208431e-02,1.392712890586605794e-02,2.207873304758991781e-02,9.895627276830101099e-03,9.493583114566694556e-03,8.377310476033485859e-03,6.693585140630001207e-02,6.632341526168321344e-02,7.968430974527795918e-02,7.496247700658496826e-02,1.022175327699852976e-01,1.801870529789418862e-01,1.556674333993335879e-01,1.245399720673828203e-01,1.715986001239292458e-01,2.717538228471559347e-01,1.381211578418803931e-01,9.142456997980555333e-02,9.857653443713584873e-02,9.340482482054197899e-02,5.869767846947686329e-02,5.569725187811671446e-02,1.348708896902857564e-02,3.435566300461870975e-02,2.226268075852301867e-02,5.350597081189494703e-02,6.418274078706062702e-02,5.960158866624273161e-02,2.360585367679412377e-02,5.128538579683559334e-02,3.907051761414125773e-02,3.709726526728310964e-02,7.776425503515762075e-03,2.434609108120786361e-02,1.629558680516925151e-02,3.209992854117126038e-02,4.297410292639096407e-02,7.954847611631513798e-03,7.440202964265660301e-02,7.134157384822262249e-02,4.208398154988676060e-02,5.509411483733685222e-02,6.772479247207881248e-02,1.512195647328584414e-01,7.516303668345890310e-02,2.468644355129121781e-01,9.239271900574916319e-02,1.980338957930546373e-01,2.250334035794489262e-01,2.825346687775233123e-01,2.033269659119580630e-01,1.627018084979946766e-01,6.694219550132937679e-02,6.320049498515058206e-02,1.203199696089117532e-01,3.494677782218022499e-02,4.192911751143460486e-02,1.648312150345074972e-02,2.511403937274422904e-02,8.575907343957127338e-03
3.407208938122411462e-02,1.116883209227007429e-01,3.008401198665018317e-01,2.510122582305799877e-01,0.000000000000000000e+00,2.428065861612019871e-01,1.488876108555342581e-01,4.726819086888413984e-02,3.513299202830824641e-02,9.153539450693261303e-02,1.144781065237737011e-01,1.345786586980154687e-01,1.412256927839261045e-01,2.162461409240322707e-01,8.277717921499146148e-02,1.510452770142808598e-01,1.995791827340761548e-01,7.221639221786227414e-02,1.893748975670247470e-01,1.046533398601433469e-02,1.860168680878275804e-01,4.820576760969901703e-02,6.581726587195226019e-02,7.283342875983885023e-02,5.258664720341621988e-03,3.094486155687775630e-02,1.054538339013939147e-02,1.818489005343875559e-02,1.083778183113359196e-02,1.620164788888217577e-02,7.085264899904344590e-03,4.681375501522647142e-02,1.886613174995297945e-02,5.760712552248538343e-02,5.971234049257371362e-03,1.898958874367763852e-02,2.419591669552485780e-02,7.219076453958391329e-03,1.900051468213738090e-02,2.280520104462109218e-02,2.571612672101389677e-02,1.526274928501463249e-02,1.102404340949688366e-01,5.031381602215120874e-02,5.613395383626736818e-02,2.128147313464569534e-01,1.359956862901642027e-01,9.032839990461105639e-02,1.685298426512810976e-01,1.598324380032276060e-01,5.961615676844494310e-02,6.449825572862288858e-02,6.909896658302076833e-02,1.978444354861412513e-01,1.104208941452279186e-01,1.057677816354358064e-01,6.686643883424712997e-02,1.268183231278906531e-01,5.189948136445895338e-02,1.051039222084528824e-01,3.804008081200725006e-02,2.008937210960411168e-02,1.797930905064096252e-02,1.658975349192072513e-01,6.006718311743805550e-02,4.979364867278563561e-02,4.083188164235701523e-02,2.230508645475437479e-02,2.724591342040573114e-02,2.383047487458428426e-02,1.979904075330012839e-03,8.258996556499580144e-03,5.019223140196887693e-03,7.431693703011099487e-03,8.913465607706417063e-03,1.784049011299112045e-02,3.110233829430836955e-02,7.273431854886708292e-02,4.310232671471195959e-02,6.716699997065168903e-02,1.175555933645705958e-01,4.602638430423142135e-02,1.405895809975941588e-02,9.285365870187644449e-03,7.609984245792957361e-03,4.847649888596506501e-02,8.083237794263763154e-02,6.681859868196442231e-02,6.566625087886251988e-02,1.489396260241635239e-01,5.855858678264077438e-02,9.495943861693591226e-02,3.355636527631381677e-02,7.634550498029545051e-02,7.008405108911625048e-02,4.146713635336779502e-02,6.401781298389368213e-02,1.268628764829853213e-02,2.606126345422698359e-02,1.699172054110331329e-02,7.659388913875297966e-03,1.292738752407088590e-02,1.695950487097892118e-02,1.117652626569191378e-02,1.645243687037355185e-02,8.619342757048165798e-03,7.046333081747709406e-03,5.619967266699874876e-03,1.709380517942377456e-02,1.598893701945995963e-02,4.664059962166119955e-02,5.402124339396444791e-02,1.057192447652344908e-02,5.901278684550759907e-02,1.704993730549972386e-01,1.393835244314702015e-01,1.064218163972574099e-01,2.182926000362478136e-01,1.063880966520350108e-01,2.173880333141409507e-02,1.369715878405144693e-01,3.709012525544402167e-02,1.400100346087668202e-01,3.174524947698703636e-02,1.029665725617271710e-01,9.113593802469469041e-02,8.277016566531811281e-02,1.082117604464823274e-01,1.114495852516680929e-01,1.952199718660260763e-01,9.121972883223036788e-02,1.132607009265919895e-01,1.829997511131760124e-01,5.504340670576698957e-02,5.881198078462730738e-02,4.123946227219772026e-02,2.284141533745537300e-02,6.103229193378671702e-02,4.083427674679275532e-02
6.474254000269476228e-02,6.361125106832864196e-02,2.762219631301957579e-01,1.436019919277901902e-01,2.428065861612019871e-01,0.000000000000000000e+00,9.643225498512521254e-02,2.342486850932886944e-01,4.147545158764937706e-02,1.828345703251994525e-01,1.070637080924723566e-01,7.610316283552980010e-02,1.598552438938525277e-01,2.157531320021182364e-01,1.341460339712543526e-01,1.258902042690930589e-01,2.971233586090985535e-01,8.206285558379242118e-02,1.121479989470740013e-01,7.300721592895177692e-02,2.091465397998166775e-01,9.870213619718759546e-02,1.099986034579177874e-01,3.881708843313740748e-02,1.086376547650340016e-02,9.334336671993841150e-03,6.640588887740973834e-03,6.786195764960879437e-03,5.829059260887831107e-02,2.152172454467701779e-02,3.668107831779627258e-03,5.450295009273144718e-03,5.667561931576380052e-02,4.266227008008583420e-03,1.264259400792187502e-02,5.325583245006634131e-02,6.261367629556774395e-02,3.329675707467810719e-02,2.048293688983347793e-02,2.999563082380201154e-02,5.718097855722124867e-02,4.341151390248951247e-02,1.440211689244696447e-01,3.548714603546502394e-02,7.572700995386796863e-02,9.995391615346557734e-02,6.014719695447291042e-02,7.913497991288957756e-02,6.143220783106005667e-02,3.234854899907281534e-02,1.420644045986152459e-01,6.368700559478589207e-02,7.980643396813974499e-02,1.206536222371311501e-01,9.465426007649321849e-02,4.664774231096809748e-02,3.831357436131489769e-02,1.671153759908533543e-01,5.225452100436358410e-02,6.986406591827924728e-02,1.338602207038717962e-01,3.208546603912795087e-02,4.947636010380771637e-02,2.816870399764929978e-02,7.927362922164005177e-03,1.026619183613395464e-01,2.559204812927969031e-02,2.219633527308806017e-02,3.368159277488349396e-02,2.534715570026062001e-02,3.637426393920498852e-02,3.903898087110860282e-02,4.797312479566945981e-02,8.050141742194061659e-03,1.357517125586981538e-02,2.349483099009661013e-03,8.118026834177949347e-03,9.352993682345071488e-03,8.546212721968114712e-03,5.351074957083509602e-03,9.074645835492696835e-03,1.317616196740990960e-02,3.566493754300694569e-02,1.732329818266187954e-02,1.861848074104379552e-02,1.141009991889933850e-01,1.342786098717233256e-01,5.160308135652415945e-02,1.305112353291872640e-01,1.128200055330503410e-01,8.331820531305150768e-02,1.495630306725841685e-01,8.200516410330846440e-02,7.179098733931847665e-02,1.026407298731032702e-01,4.504267795966554466e-02,1.631849547734247688e-02,4.852985309466496811e-02,1.212394191348788695e-02,4.127669567005227275e-02,4.025287133853873434e-02,2.124222837951207990e-02,2.194509434128198364e-02,5.893437219488236248e-03,1.100360084938289615e-02,1.257918489891889438e-02,2.587296519831785643e-02,9.714690612192582869e-03,2.435292463440685059e-03,1.531703345290032388e-02,1.020476249420472535e-03,2.194537741536224662e-02,2.102486854376128637e-03,4.076061435379069176e-02,1.005701911636695811e-01,1.025356217922004515e-01,4.606625886620310112e-02,1.284356109733157392e-01,3.038871861816299855e-02,2.216684267916773504e-02,1.236585235346974315e-01,1.258350220539743713e-01,1.723629281267053670e-01,2.246831635540278913e-02,1.148726850109480224e-01,1.460085133236533883e-01,9.132542849940734897e-02,1.198791543769849588e-01,5.246162353539665646e-02,1.540188166483429932e-01,2.200103861859463161e-01,1.300273411047143668e-01,4.739240198949637439e-02,7.153231103569156202e-02,4.975002848573707032e-02,3.367320169200389846e-02,3.354684958773929138e-02,4.664885906769215829e-03,1.505042382767160167e-02
6.249500654159671764e-02,7.030864402237603505e-02,1.313756864987888628e-01,6.625968631298169431e-02,1.488876108555342581e-01,9.643225498512521254e-02,0.000000000000000000e+00,2.951370870637638061e-02,1.172845482883018986e-01,4.921311378770876210e-02,7.448332099760969494e-02,6.555965890152058717e-02,6.099622767404137835e-02,1.230933192854311575e-01,1.359712508274781573e-01,4.744890235153172847e-02,1.488279903265322668e-01,6.628487284863923690e-02,4.205625590233095373e-02,6.159751292651810539e-02,6.548287509755999769e-02,5.522523256888915710e-02,1.045690311568265099e-02,1.471859938833040664e-03,1.533574688190854178e-02,1.305741604922905016e-02,1.330641805631234582e-02,2.049299911262241619e-02,3.736352491504080914e-02,5.196036370676618971e-02,1.177696743685404876e-02,4.878014360463323214e-03,4.246905260194393933e-02,1.163290108550697755e-02,1.160135465880948909e-02,2.175122160888608505e-02,4.824437163110645646e-03,1.099173897134883039e-03,1.443630009350492689e-02,9.309837801676833918e-03,6.077707081735588684e-03,3.359936338065926120e-02,3.618529284446068972e-02,1.701795154467060367e-02,1.123984596051327556e-01,5.803633181218688375e-02,1.175065644922447007e-02,1.528111963398431916e-01,5.330704190941149695e-02,4.208230448529056561e-02,7.856665885880995126e-02,6.978301449181198435e-02,9.235504575707183250e-02,1.015661443826396948e-01,7.376305717427343589e-02,4.498253699807929634e-02,3.410349423938077024e-02,1.069400824909757797e-01,2.966891560879988954e-02,3.035314919397808647e-02,9.588707573666813144e-02,9.963635028625743295e-02,5.583086911710697514e-02,5.790670810733301171e-02,5.531584270938604692e-02,6.366383063571155743e-02,7.349579019376542566e-02,2.449923768500125373e-02,2.885392292119147439e-02,5.698642370638391796e-03,1.442028904467243695e-02,1.880264144667080292e-02,2.545116821360243753e-02,3.043151424103394953e-02,2.259063210884504694e-02,1.836421925422534324e-02,4.118670808812661954e-02,1.231014932988951614e-02,3.426584989214576799e-02,1.575786586635388037e-02,1.128014308392778775e-02,2.192835618904859403e-03,2.306310469615799330e-02,2.773044671032166841e-02,3.191114566815110576e-02,8.733369783771982586e-02,5.253639435074167197e-02,8.096791416717452616e-02,7.168120390162389943e-02,1.212726068969906951e-01,6.708558798018846026e-02,2.833378382705192822e-02,4.077349136789054640e-02,9.491911128172730860e-02,4.059594023127168633e-02,7.002691974759207849e-02,2.250432828311886221e-02,2.976107041126043948e-02,7.058316524068719566e-02,4.073361027051607131e-02,4.657285460625151113e-02,8.185966752602606353e-03,1.792122878278603866e-03,5.459555606447923613e-03,2.135077509588365757e-02,3.063113581324338960e-02,8.329231893836386291e-03,3.334594458298264369e-02,1.150413795617811867e-02,4.845844502447288829e-03,2.436331827626186247e-02,1.677181195034513350e-02,5.636355425623855615e-03,2.952261446862869051e-02,2.270297991610204305e-02,2.723376520452719558e-03,4.139203366350969332e-02,5.491201931058782570e-02,8.074301174384073895e-03,3.189504013029766799e-02,1.557679715388928486e-02,2.259156361478443370e-02,8.255254293331230897e-03,4.793639626206130239e-02,5.494132648349790010e-02,1.288764561527927788e-01,5.884633742898345149e-02,8.293895510214763234e-02,6.734490268752638120e-02,3.069751368578651704e-02,1.503467109080067199e-01,1.397536504790997391e-01,1.183758365028663995e-01,2.513931797966509687e-02,4.519664388353640538e-02,4.482224272832079776e-02,9.308004713978820441e-03,6.029235919631749374e-02,1.423769972836968871e-02
8.841722781882271898e-02,9.793332057192356832e-02,1.028455339664466617e-01,2.190318938870724486e-01,4.726819086888413984e-02,2.342486850932886944e-01,2.951370870637638061e-02,0.000000000000000000e+00,1.198747227955656164e-01,8.813419555567067465e-02,9.483309612563238511e-02,2.021557066327360833e-02,8.451165378714409204e-02,2.062750279577724999e-01,2.994048700721919087e-01,1.825174432561090521e-01,1.690103012247234082e-01,1.974112317117732718e-01,7.215219243847004194e-02,3.317170142116304676e-02,2.095409219740270237e-02,1.659850683384150524e-02,1.219574009061417420e-02,4.772233342383820631e-02,7.179980602128714640e-02,1.770370210415805542e-02,9.170529814761393950e-03,3.735654792161000742e-02,3.171962196758541797e-02,4.189792722287623283e-02,2.808974326017628018e-02,2.235172386047862281e-02,3.398899741887072279e-02,8.393579585890454178e-03,1.938537902949119540e-02,2.018616608877332047e-02,5.408289893551574898e-03,1.804849461395217208e-02,4.577155597760279929e-03,8.915464873775601901e-03,9.282582494896088679e-03,6.016580551838012630e-02,3.597447591569874481e-02,3.410213143535578695e-02,1.793519041839668204e-01,4.206800846456219128e-02,1.021875881235710520e-01,1.495085260428631324e-01,4.744135346414252857e-02,1.277256577916836278e-01,3.299422715588266886e-02,2.345398083585102308e-02,1.441456467690473697e-01,4.193010523360147374e-02,1.297764442243533149e-02,8.012112570610629980e-02,7.567144842876609434e-02,4.670287490856674800e-02,8.456130404950940038e-02,1.192408291338693110e-01,3.981566204980680618e-02,2.296389750912354935e-02,2.081086703519379466e-01,2.625957343287436616e-02,8.287717770056128586e-02,9.018794696323211013e-02,1.097967972042974798e-02,9.076426773763078548e-02,9.065508056281003368e-02,1.382358859329662661e-02,4.827445073589248237e-02,8.399238703545770790e-02,3.689909167491283587e-02,4.581862799301121558e-02,2.459864041035345408e-02,2.720067848543738370e-02,2.020289333628180750e-02,1.099167000532193413e-02,3.945153082385315438e-03,1.296258388056187143e-02,3.116171940637800161e-02,9.049651937646559924e-03,8.570204869615018553e-03,2.123692001719146294e-02,1.344912425627667850e-02,2.252396923662509584e-02,1.564695590831587102e-02,5.847055941456880644e-03,8.168518752955698792e-02,3.032925667904175573e-02,3.952940114406232330e-02,6.842642115219962906e-02,1.037491153858810661e-01,3.081232483854027399e-02,5.296065975749456034e-02,7.047015300717689168e-02,5.283886537221252344e-02,2.670831647490171795e-02,2.177818846657281551e-02,2.112345763116062550e-02,2.293391176808408285e-03,2.764777252091714637e-03,2.797557571555966179e-03,1.177871536257238047e-02,1.283887509252143976e-03,4.345027754817775562e-03,2.355528374835565500e-02,3.338805262034601207e-02,2.386245359123621412e-03,2.862525577883044681e-02,3.685065515000401914e-02,2.428942182809464695e-02,1.318084991546478006e-02,6.505720253317903712e-02,3.415374641047772691e-02,3.211852057785991726e-02,4.452488070676879212e-02,9.626506798434330756e-03,9.209347369118420223e-02,1.960311696891713779e-02,4.458681545012405795e-02,9.972364861298148309e-03,7.487365355262790012e-02,1.381608607469549943e-01,1.345705249084623023e-01,1.488162395075850186e-01,1.071862601333832821e-01,1.280224433456700062e-01,1.168013439890031591e-01,6.169645287443415588e-02,5.982700793192891053e-02,4.722683465239150419e-02,1.503924816510927159e-02,6.180389974374309731e-02,5.306879688733655287e-02,4.607274763614109536e-02,1.845060542078940866e-02,2.695108688762179114e-02,1.278657080445297876e-02
2.154597300250378142e-02,7.661790650832789318e-02,5.187600165424102044e-02,1.028815440473252601e-01,3.513299202830824641e-02,4.147545158764937706e-02,1.172845482883018986e-01,1.198747227955656164e-01,0.000000000000000000e+00,5.290444458815880130e-02,6.098822830087331087e-02,4.905516230341092077e-02,9.425312232441160343e-02,1.203482240218120003e-01,2.125818323120075570e-01,7.005786372011997554e-02,7.278976724929607511e-02,1.457895979187450175e-01,7.345668626038172333e-02,2.536498019204006318e-02,1.262002057693951962e-02,1.689843039164900737e-02,1.254966945310174303e-02,2.991620066883705908e-02,5.660420442368437749e-02,1.137477634893813323e-02,5.196217839660333820e-03,2.086527466666768249e-02,1.988033287861462953e-02,4.520900845735704304e-02,3.184372749148373788e-02,1.448433157257052184e-02,6.828866936898475570e-02,3.140872381213685727e-02,1.933512110105453478e-03,9.000922692209017278e-03,5.099978543885253478e-03,8.678564164602792924e-03,2.329172688819005146e-02,6.556640049313351877e-03,3.081428836037020634e-03,1.279516656132047292e-02,2.733197485315806696e-02,1.759496898907820031e-02,6.748404831324350539e-02,1.753091964055118746e-02,4.438845176746437915e-02,7.154111147696465278e-02,4.743443203653636281e-02,4.637796562782570131e-02,1.439204670075431951e-02,3.526469560555192673e-02,8.972136708872853472e-02,3.404370914708885337e-02,1.812516558143387885e-02,6.717045004923766216e-02,1.336075373955089053e-02,2.916151821677168826e-02,5.458038110412646166e-02,4.931125626987736821e-02,2.362948525210615755e-02,6.811528659167437327e-02,5.929675898160727265e-02,1.862413193101547168e-02,3.295197701410426672e-02,1.400360058618828688e-02,1.357357254060246460e-02,1.730971655343311461e-02,1.407495076959837665e-01,6.534438363334873524e-03,1.599643944322996086e-02,5.582385306883615866e-02,1.588563409123904674e-02,2.542036819199097394e-02,2.726059031540718682e-03,3.170645552794702521e-03,1.011331686655938915e-02,5.983767113023707659e-03,3.020914980664340076e-03,5.075730187765121679e-03,3.173535983906515534e-02,4.728389143305844131e-03,4.738125354429643769e-03,1.038452421751467555e-02,9.337744451495261569e-03,9.601829333119963131e-03,4.409518083435259861e-02,2.087855589598354780e-02,6.863436526384411422e-03,1.261665312248927591e-02,2.903551276428069719e-02,2.750513691800891142e-02,4.543234962258536902e-02,2.544183896516946652e-02,3.571539022173499806e-02,3.649501811186534050e-02,5.914363144413193468e-02,5.760545805326909054e-03,2.041335792869241467e-02,1.511032572325598546e-02,1.352421970490230371e-02,3.455490235508305863e-03,1.265433913680982271e-02,8.471053798826070486e-03,6.669885717293586036e-03,1.228109043856207873e-02,5.745284497527307355e-02,2.229020411719696837e-02,1.342021591306692858e-02,6.771465769215090358e-02,4.207522881352935423e-02,6.709377732627427871e-02,3.483158524911795367e-02,1.074811785055840574e-01,2.673929084695918224e-02,7.651976344455783952e-02,4.053933954823074615e-02,7.248189602739131543e-03,7.614852154699006115e-02,5.287808642766073791e-02,7.925003842152464339e-02,1.510409808177197791e-02,1.492453403790933684e-02,6.449117922294329841e-02,4.103319775707970490e-02,7.896419172574749290e-02,6.562387465340142889e-02,1.168097310896943491e-02,3.309364453970867204e-02,2.611003330499578334e-02,8.329467784172138803e-03,3.384991620689448838e-02,1.303253371615281132e-02,9.219197496428530383e-03,4.506692405492559311e-02,7.702115650971083291e-03,2.450738915777529031e-02,2.340764088155660935e-02,2.047168768917526256e-03
9.098031907582941613e-02,1.290338183884955636e-01,9.117296534396727992e-02,1.810688902897718000e-01,9.153539450693261303e-02,1.828345703251994525e-01,4.921311378770876210e-02,8.813419555567067465e-02,5.290444458815880130e-02,0.000000000000000000e+00,2.052119351214813092e-01,1.099205247945309327e-01,5.262309684088136569e-02,1.464223244513545297e-01,3.141762534975945931e-01,1.226582567438612159e-01,1.269092097294664545e-01,2.174828112403988656e-01,4.465722511493253055e-02,2.686069060930975846e-02,1.850534169551351985e-02,4.601260892714236113e-03,2.187522450695884163e-02,8.327138344283005478e-02,5.952634437530179845e-02,1.651142499782947554e-02,3.700120679452516270e-03,3.047623217492689829e-02,2.370580242454708650e-02,5.598508238832980433e-02,2.728774985299912623e-02,5.100103173135152844e-03,3.576072440251255175e-02,1.432428485804816513e-02,6.992425751447073866e-03,6.031294260050904833e-03,1.156712758077330962e-02,8.346586093141860133e-03,6.717494126920803797e-03,1.625286900058500045e-02,5.130203824963135845e-03,4.446203905487518433e-03,7.670945531501124556e-03,2.173033758984020333e-02,7.552176954072208070e-02,4.053223935977978698e-02,5.069336078332768031e-02,9.175891734964793101e-02,4.429882525829797330e-02,3.466251084160833912e-02,3.754262269752611098e-02,4.476789366013404076e-02,2.399795300522725716e-01,7.332653721419553350e-02,8.810145189411654199e-02,1.249201960295845404e-01,7.149639798825627342e-03,3.517291623927412680e-02,5.534652783324617298e-02,1.093663655036386517e-01,3.903586871449442330e-02,3.328088025948147677e-02,1.503310263527531387e-01,4.572649955609218997e-02,4.507702691168449100e-02,3.123560630191880849e-02,5.753703011006217061e-02,1.299814590571188866e-01,8.554733957266223709e-02,2.773972336598864302e-02,5.436787863936388271e-02,8.804008782052141768e-02,4.107133106093479452e-02,1.451013080842001104e-02,4.083898681185395285e-03,4.167155671666407032e-03,1.446943463478780195e-02,3.130587424893327420e-02,2.171161814184767100e-02,3.197139760362972122e-02,7.920109611346769912e-03,3.834781791855004091e-02,7.609544908281005299e-03,2.320528726661407783e-03,1.508176889984317801e-02,3.701006479436982910e-02,6.015708740671366073e-02,4.126640254119107176e-02,9.662720653705743692e-03,5.337158510753774177e-02,5.384044044650382332e-02,1.521341676902823181e-01,8.625886884043959535e-02,5.089204082395298173e-02,9.876193046289706567e-02,8.336943071476769773e-02,5.427607494009652894e-02,5.853234665672397280e-02,3.067214747216739576e-02,1.354853481197000782e-02,6.871599229538777678e-03,7.399659223232931543e-03,8.610257729032979451e-03,2.809885859199738253e-02,3.424259481127725144e-03,6.595759032605713786e-03,1.891880850652621904e-02,3.070657256980703284e-02,5.314126673101688715e-03,4.359258407167261595e-02,2.182760894706523708e-02,6.480982808142710105e-02,4.645465523813319120e-02,5.223915192211772002e-02,1.366268997532458368e-02,1.463337194312598274e-02,3.941327793033176131e-03,2.662479088471908506e-02,3.574567652913854948e-02,6.314242564676575409e-02,3.607942383745553483e-02,1.557865436468118536e-02,5.123178446348254644e-02,1.147827193607685037e-01,1.519757729294287096e-01,5.798179625578561008e-02,8.407283523151848348e-02,8.081063008686206750e-02,4.629942174989754022e-02,7.074182608352086454e-02,6.814152920815960690e-02,4.195847500732469149e-02,1.288461361834171946e-02,5.726707109573411086e-02,5.968244994333696263e-02,5.363351828939108557e-02,1.871745971639016126e-02,4.227719216638090721e-02,9.582279106884640865e-03
1.299958013671887180e-01,1.192655161753161802e-01,3.326867160973403376e-02,1.890409238473072795e-01,1.144781065237737011e-01,1.070637080924723566e-01,7.448332099760969494e-02,9.483309612563238511e-02,6.098822830087331087e-02,2.052119351214813092e-01,0.000000000000000000e+00,2.481760154247907718e-02,2.797973742911166739e-01,1.721189793762848419e-01,2.583906025924785910e-01,1.781609361363838406e-01,4.553072668803001544e-02,1.406280236272751116e-01,3.751640285521332802e-02,1.477763204653788007e-02,3.530951578721712447e-02,4.133938495987341671e-02,1.211464701878920726e-02,7.706768130061895927e-02,1.226230117519664237e-01,1.196531215935534888e-02,1.239154066269416814e-02,5.326276520389897073e-02,9.160996940143334086e-03,4.556414228120002352e-02,3.098217790678073000e-02,6.597467672242213373e-03,2.197503167530968221e-02,4.173017181728921193e-03,1.311675925638703180e-02,8.843845870526912192e-03,4.822628961052832612e-03,5.800141062321797873e-03,7.388101383842934217e-03,1.211981242046214664e-02,9.013409932612424791e-03,3.290573647494390158e-02,4.041142456855456588e-02,1.141942816530885398e-02,1.129367144793390065e-01,7.942969559257365142e-02,1.216548704814448961e-01,1.139612082591958397e-01,2.760479657274758636e-02,1.005651665436673586e-01,4.042029548166211489e-02,3.054888545998173111e-02,6.079445388791535065e-02,6.570629435237161642e-02,6.812964325832526757e-02,3.946350239088575879e-02,1.674843768449793893e-02,5.093988955305950306e-02,4.991600999596296911e-02,3.461470658665505989e-02,7.310834276412379873e-02,4.236643503574231279e-02,1.406588413733837195e-01,8.396980293722595967e-02,5.665646307406262822e-02,2.311844935021185876e-02,2.092021281652134759e-02,1.709818493432844685e-02,1.548189938188160135e-02,1.575277223487595024e-02,3.740192078307200390e-03,1.952086720986803345e-02,4.189555670183551205e-03,1.044040186452447651e-02,1.301040663317101775e-02,3.385417661757823826e-03,1.118749384053440788e-03,1.913992137571157021e-02,1.992907179809044315e-03,1.195132427713253669e-02,3.876243498664077441e-02,2.808460940705840084e-03,9.030589647543763726e-03,2.453560803954604741e-03,1.469860536568318166e-02,6.775281816103631560e-02,3.025924947498553549e-02,8.624306833227281255e-02,1.791108105549991600e-02,6.086804343146157842e-02,9.809182540733528410e-02,6.393187835996823332e-02,7.048968494981748545e-02,9.195422967833513650e-02,9.096123013017916314e-02,6.866294757213121935e-02,1.131724886206519620e-01,9.824997696112373891e-02,3.850307924806595922e-02,1.545317939671737167e-02,9.549879665893113920e-03,7.828677427698538943e-03,2.408176590486676635e-02,6.109183619504538615e-03,6.830506049458725387e-03,9.767676365986306675e-03,1.865722895206348847e-02,5.481796327870141344e-03,1.512688302005801323e-02,1.552651076774553066e-02,2.799302588504070169e-02,2.847096274678711722e-02,3.213882213093306045e-02,5.884408607180070805e-02,5.058695238730197274e-02,3.132510307751164291e-02,2.121965614295664299e-02,3.094901812598817303e-02,2.013952938877968390e-01,1.030765660736293263e-02,6.771256245105101990e-02,3.900904191721209224e-02,4.211080036678728489e-02,7.145879449003005035e-02,2.005328941101907347e-01,8.145563518566757699e-02,7.069852479895588626e-02,1.060867319433665412e-01,1.056622176567326710e-01,8.800731373021460080e-02,6.723929843970077869e-02,2.156110104760754556e-02,2.818361686540493335e-02,5.917927170100342055e-02,2.772616082784245053e-02,2.812844047667791350e-02,1.147798449293220037e-02,5.222844807754471047e-02,1.171482707149127354e-02
