0.000000000000000000e+00,1.121853515496549075e-01,1.413890332642460390e-01,1.778527160964923914e-01,6.394844550577487297e-02,1.451520583752593241e-01,2.024036501662068444e-01,6.214861226317913018e-02,5.055379506733178457e-02,3.421953482708774835e-02,1.903387643732485368e-01,4.574988472377793797e-02,1.386450448400107678e-02,4.684994413716845468e-02,8.803400249939551114e-02,7.454448230617030484e-03,1.112526680894663916e-01,4.698577709731761171e-02,4.832405929813217427e-02,5.369734013105207510e-02,1.070826127986852089e-01,9.296830279096728045e-02,1.316353585077786603e-01,4.227222187139543369e-02,4.352416059608798377e-02,1.211906426472149703e-02,9.065682457933724181e-03,5.277453318359518093e-03,1.315975498820222411e-02,4.446113218569956033e-02,8.665093397090728802e-03,7.376647214999561275e-02,3.335887703440295476e-02,2.589579071548275130e-02,9.519992163894999693e-02,4.413346056415080182e-02,4.397805544668437205e-02,5.349421685038772273e-02,7.574718647023767626e-02,2.283595611333207737e-02,2.278540660121897848e-02,5.749974333940402471e-02,1.077645279189217570e-02,5.273991238991668218e-02,9.722281984460307003e-02,4.835014784115067299e-02,6.713717144857198060e-02,2.817791208915538734e-02,6.161559940207592123e-02,7.824984467555518020e-02,9.409076068102678603e-02,8.684329300955327680e-02,4.437701881342365900e-02,5.766294748908658285e-02,6.000012739697352382e-02,7.362912689081760331e-02,4.406731100668750262e-02,9.944157867113952165e-02,9.825492347976254315e-02,4.927987815354450268e-02,1.112947339552293052e-01,7.005636927896659316e-02,1.437396695907811328e-01,8.696264698576661178e-02,7.122336028473322256e-02,6.084876719075796303e-02,1.448058871741421047e-02,2.722824309849792429e-02,2.146614613961764576e-02,7.856263151694837079e-04,6.653636916953350154e-03,7.684121790906942723e-03,5.526887798947688682e-03,4.019449582334271541e-03,5.362234008523325719e-03,3.777078997995207427e-03,2.065871886326935830e-03,3.397436685202697305e-03,1.528805710542747954e-03,7.069189791948599609e-03,8.810881645506217497e-03,7.100585968037759731e-03,6.300215520235824540e-02,9.209181736033000484e-03,1.823567378928322991e-02,4.903787407447970231e-02,1.638114907260556849e-02,1.028565734488564587e-01,3.375368882383272817e-02,3.237633755379902556e-02,1.035954078419133034e-01,1.163822968683104475e-01,1.713275705109455482e-01,3.450838378848922888e-02,1.398471847304080251e-01,6.249331478668036788e-02,6.255277467405549741e-02,1.477583586094701751e-01,8.458481597884118242e-02,1.280715908197831154e-01,1.100916374342748166e-01,1.264325349216196756e-02,7.204848191200468460e-03,3.527281857018873396e-02,1.860807973162926024e-02,7.313881641141145758e-03,3.338398034483481408e-02,2.989186605661078508e-02,6.963070555053810229e-03,1.569760720584219976e-02,3.861217886493990836e-02,3.275422214109858371e-02,7.609832057182164787e-03,3.403527833774819267e-02,1.156887207311400878e-02,4.840433092163363635e-03,1.513144284925042535e-02,6.678317258696817894e-03,3.491882965601958433e-02,1.283758950052539018e-02,1.214743815899207990e-02,5.445613333718117566e-02,5.458395274197536118e-02,3.623508181439730191e-02,2.266757861758686154e-01,8.152889565433080188e-02,7.039516214173090203e-02,2.819545237346846034e-01,1.604389045679457393e-01,1.106625180529792890e-01,2.449768977592543528e-01,9.117226810871011111e-02,8.344238665589881476e-02,1.756943542164016714e-01,4.973311983678740250e-02,1.336819514164500067e-01,4.773801453796226724e-02,2.473568337538978659e-02,8.150485758360526134e-02
1.121853515496549075e-01,0.000000000000000000e+00,3.531809776113322141e-01,1.520191219639011326e-01,3.222429086235657769e-02,8.470009332368977351e-02,2.489391859232619741e-01,2.411580209767191230e-01,1.579305498189007562e-01,1.662864894808400718e-01,1.323670363453970378e-01,8.631419854548430526e-02,1.494749481562140103e-01,1.413204999667722062e-01,1.189961441600407982e-01,1.510351593043008922e-01,9.175739803980090259e-02,3.248229347428362168e-02,1.340826421831967097e-01,6.906542292093548197e-02,1.157150861383227647e-01,7.415407236424902127e-02,1.226305440605456598e-01,1.521583716858123103e-01,3.457494696232388948e-02,1.257616977633250685e-02,4.006441951808779704e-03,6.819552160878961621e-03,2.124964787949993467e-02,4.477164529886402955e-02,2.588021502347534475e-02,7.316663063246332810e-02,9.046630571386726771e-02,1.587204975676122579e-02,1.301573234291382997e-01,1.196402519061237762e-01,4.348189087155553828e-02,1.176258374111397859e-01,4.951666865402369611e-02,4.569968979121893926e-02,3.736852423420445463e-02,1.217469745289148503e-01,2.955671366932691169e-02,4.391771662226418710e-02,1.271901246863531565e-01,1.020003729469377007e-01,5.150725340460757251e-02,1.038968075944698144e-01,1.321259307918310477e-01,7.681003974030105319e-02,9.471486034629927886e-02,7.513975008591697313e-02,1.321840180325367931e-01,1.465638291363856038e-01,2.649831961200865837e-02,2.857320770611280203e-01,5.472817324521387500e-02,1.213119426355135783e-01,1.573855215435447374e-01,2.172215862484722926e-01,1.585215778408440856e-01,1.477171581471059814e-01,1.694004807596045936e-01,9.881941386517724413e-02,3.414204232475995943e-02,1.617131688935246475e-02,3.264836160581200547e-02,1.512995123361377328e-02,5.786755085465402487e-02,1.710185923271645078e-02,1.978334055673014458e-02,1.713228362390599793e-02,3.668079773611083918e-03,6.550872250301035225e-03,9.906500710532754536e-03,1.215708482667529969e-02,1.120502140169577637e-02,4.495505359072604623e-02,2.522371634383830871e-02,1.137807702547917639e-02,2.355394363322297485e-02,2.688650943535010954e-02,4.148082907493353538e-02,6.714547055831110965e-03,1.142577457620661506e-02,1.568150583914670604e-01,1.167815170376475531e-01,1.942836077140398521e-01,1.097751646501623213e-01,2.799768422404598223e-01,2.999666813835714096e-01,2.838270696507779189e-01,2.139993693116793716e-01,2.740324250630762556e-02,2.658124028047428866e-01,2.074166479066804347e-01,4.959575844911470743e-02,1.490199295963672843e-01,5.638786879606713653e-02,2.144155573233373288e-02,5.608992692458700940e-02,2.520042616632651306e-03,7.832210098043043689e-02,1.291533993818668735e-01,5.105717495018300550e-02,6.370079441142236301e-03,1.955050861452547334e-02,1.093491422541213870e-01,1.282005800288019658e-02,1.154860953266144963e-01,1.576662369715725320e-01,5.047957637894570637e-02,7.043745935926359891e-02,1.106007821497407978e-01,8.800298611094932444e-02,1.634077245041093418e-01,5.686248503585691894e-02,1.436633633585780445e-01,7.535304278107209097e-02,7.606906354518092050e-02,6.595223105281265708e-02,9.396434586474478046e-02,3.160659693730681341e-01,2.362553548915367341e-01,4.237517521913076735e-01,1.887305592164005563e-01,4.753879395657937823e-01,4.055701730179783748e-01,3.204146305356215252e-01,3.793684576926584784e-01,1.454502730288728674e-01,4.470878520812406748e-02,2.749259777134576560e-02,6.452423290927604416e-02,1.751267747853816822e-02,8.366481470190838265e-02,8.738971945546214135e-03,8.759773517751198030e-03,8.558497890451039272e-03
1.413890332642460390e-01,3.531809776113322141e-01,0.000000000000000000e+00,2.280623714987163042e-01,2.084239374782781984e-01,4.674012178585452149e-01,4.835958852284973908e-01,3.852288656667079980e-01,8.573341822057753414e-02,3.528378188294463702e-01,2.479390517171493891e-01,1.682104367403835787e-01,1.736760025976861188e-01,4.062511810301011606e-01,3.822168183995769963e-01,4.041917718521810809e-01,4.880253393427524400e-01,4.423312731487358818e-01,3.435938679131183560e-01,1.045760343970665307e-01,2.531791473215750932e-01,1.605532125610688865e-01,2.815446903018061775e-01,1.501384016344496364e-01,4.036396455805013606e-02,2.632818454235557465e-02,1.724533288296265215e-03,1.426299764486922694e-02,1.102591116062882209e-02,5.608020968858633271e-02,8.067201059370196492e-02,5.998849587511199261e-02,1.707539621991414069e-01,6.432873509132375212e-02,1.391179202750547350e-01,1.411720969805075054e-01,1.246690246652868428e-01,1.869593213709777879e-01,1.280148934979603859e-01,1.342569906814498892e-01,3.605485819932850722e-02,5.492726369490675414e-02,1.522301595630162485e-01,5.614353906157015101e-02,6.004125904831161126e-02,9.446995763056828532e-02,6.691837724731582171e-02,9.894046733350002343e-02,7.576171029735462303e-02,2.984599474642649075e-02,1.860431372850422094e-01,1.947397669939930284e-02,1.825527443337722835e-02,1.093422557886062629e-01,5.001431989379299253e-02,2.462943283414714135e-01,7.663712629921995423e-02,2.062820753352750114e-01,9.703673422425887485e-02,1.590447627092343719e-01,1.640343411124510486e-01,9.510877675794590647e-02,1.096232477059187194e-01,1.218199068286563297e-01,1.966251687548943930e-02,8.640439760801600644e-02,1.491819204492996279e-02,3.036129445949753772e-02,2.197629900641566783e-02,1.924769539352457967e-02,1.319191590711904331e-02,9.279325963921490963e-03,1.561634060316447262e-02,6.284628502234109772e-03,1.296767743942058362e-02,6.283928432523265724e-03,1.419235837441825028e-02,2.429255200301368503e-02,1.213698417881327318e-02,3.026268760907835018e-02,1.440660610990999492e-02,8.926327096378644174e-03,1.356832233890425954e-01,3.861155102434152275e-02,2.187479649171995832e-02,1.417401225018359023e-01,1.712916192889493705e-02,9.698446983241269803e-02,8.793975663968385537e-02,7.179957673423528752e-02,1.241504418319089864e-01,5.315749669028401597e-02,2.855427683105638340e-02,3.731692543043641647e-02,1.218160962592466645e-01,2.931004095412267918e-02,5.472271685961557428e-03,1.120906975657243593e-01,2.949714830174209740e-02,1.234540382209952797e-01,1.207225938524603831e-01,1.201788066111010404e-02,1.024545074729050521e-02,5.334170032901094927e-02,2.697968145568083523e-02,5.324950542155441890e-02,1.853390035068158692e-02,1.941221812497924692e-01,6.895516263166502624e-02,1.377831653807130297e-01,1.258199972419264678e-01,2.817839811744337480e-02,7.381955161399625376e-02,8.879727928338336518e-02,1.176091347032464374e-01,2.134478001021584415e-01,1.782320395486981512e-01,1.176553469878240527e-01,6.780319659476434502e-02,4.934909808631328908e-03,8.496511241809985571e-02,1.096118245141792097e-01,1.633477514322839164e-01,8.355598102432077248e-03,1.676507451326154363e-01,6.666319792556645030e-02,1.105878183758873534e-01,2.829152967540416452e-01,2.140053244360120566e-01,3.018369445862157385e-01,3.543648913188092719e-01,2.075409634164578909e-01,8.200200847431612927e-02,1.459680664678629780e-01,1.096106978877630089e-01,1.185896736743636687e-01,6.514560212691299090e-02,6.782976761139609956e-02,6.719723100756139211e-02
1.778527160964923914e-01,1.520191219639011326e-01,2.280623714987163042e-01,0.000000000000000000e+00,5.026000848184616343e-01,3.603574400017339752e-01,1.310612696925503307e-01,4.460567711630226279e-02,2.231044847760186023e-01,3.142364086620215435e-02,9.205874517712375749e-02,1.139342482381760779e-01,2.276679647213044125e-02,8.516329709058464981e-02,1.020843150371809893e-01,7.389052733957841845e-02,1.350365680371969357e-01,7.921141899407271869e-02,6.623916796921448802e-02,8.554084719845828078e-02,1.578706808178758358e-01,1.258743685870815920e-01,1.097291151250943259e-01,1.149007078838888141e-01,5.172931417236836110e-02,3.007745999795206210e-02,4.591129735616054398e-03,1.235961935508133637e-02,2.500074411955758788e-02,1.308827634051659521e-02,2.568642499012073303e-03,9.200060837676519998e-02,1.016939989120432819e-01,1.188104937178747524e-02,1.189392154054211420e-01,1.100400687857443632e-01,1.126124696316737825e-02,6.174523255615383538e-02,2.694900711551173958e-02,1.991244666522803269e-02,4.620658542154515436e-02,1.216441717708625636e-01,7.529441927783703248e-02,1.182553980973750363e-01,2.038419248162430530e-01,1.188913005077686241e-01,1.241932724330951504e-01,5.323386304293898502e-02,1.176663374001254703e-01,8.061385012469529654e-02,1.574603604783929300e-02,2.425754106242010086e-02,1.048801612001577788e-01,2.295597536213546119e-01,2.826036772080254070e-02,2.812422805212664301e-01,9.465017036868966782e-02,1.790595857928219958e-01,1.734414960560575203e-01,2.965574144766147113e-01,2.037221302094570641e-01,2.482679298484918584e-01,2.096067386073152683e-01,9.880386117465279894e-02,7.462946081266773335e-02,2.986315953168516141e-02,2.554281606257177012e-02,4.234055453847419825e-02,5.917448269128991467e-02,5.136376169139617032e-02,1.662148953854839656e-02,2.141496228592948761e-02,4.562264532501724042e-03,3.217597725112482203e-03,4.561413446651649967e-03,1.117131231909124396e-02,1.591479048839046506e-02,1.112661092851540898e-02,3.407739051954320614e-02,2.804940101147020137e-02,1.870427707086824362e-02,2.113364145164316546e-02,1.119319625607305968e-01,4.654338736179626512e-02,1.423390497536197383e-02,1.613712816800541572e-01,3.828827835887966408e-02,1.963492813589856056e-01,9.591089380919375074e-02,9.344023225519250408e-02,3.059738240480533999e-01,1.491852298377033537e-01,1.030015922742795603e-01,7.938576653942465422e-02,2.095767858159370001e-01,1.835360563328929384e-01,5.333805579460577234e-02,1.060909600729891267e-01,4.798761168941306776e-02,3.826813669827907466e-02,3.236642044593740497e-02,1.565508787352086050e-03,5.416060146929054658e-02,3.636363167203837676e-02,1.292365422839426847e-02,1.160077233392153677e-02,7.828972729080259374e-02,3.002505641183613252e-02,3.873135502080743420e-02,4.284510681536168181e-02,4.549904836438459221e-02,4.552718683397884852e-02,6.686309922246687354e-02,1.030569918787583167e-01,1.908583486226611559e-01,2.698339060248011734e-01,3.327718694539855832e-02,2.491656044325609443e-01,4.114082578912642285e-02,1.309808219749601654e-01,5.764585300816621460e-02,5.111336977633746531e-02,2.191058603761800727e-01,2.389567904010977684e-01,4.846369426480023890e-01,2.793841844907903882e-01,4.205493262031012591e-01,4.755554186857216536e-01,4.864837218130973473e-01,3.855642348386813523e-01,1.814463720703209104e-01,6.820092376616086749e-02,4.022060865832063903e-02,4.749765790416170946e-02,2.497745246116355941e-02,7.365810980070419678e-02,3.898334865946601752e-02,3.189913570819263768e-03,2.796558259332223781e-02
6.394844550577487297e-02,3.222429086235657769e-02,2.084239374782781984e-01,5.026000848184616343e-01,0.000000000000000000e+00,1.706750349637269071e-01,1.724886180376474509e-01,1.873079093188550204e-01,1.474386767302753865e-01,3.758859077458841236e-02,2.507564317680907248e-02,2.047190623827108147e-01,3.096116759710350053e-01,5.241264140634523949e-01,8.729516003024796744e-02,4.765888488535640066e-01,2.877004734984349721e-01,1.844792721336607488e-01,4.189114927996820392e-01,7.540116130321890264e-02,6.640198175398115410e-02,6.888404125245593812e-02,1.263489421063173079e-01,8.123063125727776612e-02,3.774129173293073233e-03,4.301657931199547556e-03,1.381876803520611617e-02,2.749127039812883019e-02,1.358536121849513063e-02,2.022622206343797566e-02,3.466039928921890723e-02,1.172343892327245771e-02,5.269210204147988658e-02,2.067673873125272510e-02,4.123545712040578570e-02,6.322166658126385230e-02,8.199535309402510019e-02,9.186699758123020865e-02,4.728953221215297792e-02,9.879561004730141871e-02,3.715837393030030356e-02,2.872224802240823729e-02,2.224386923343166234e-01,2.943269540223231867e-02,5.791514002607827533e-02,3.008085319108731448e-01,3.152879522950578495e-01,8.784507285791208486e-02,1.988742281380553589e-01,1.019050759786649663e-01,7.813047954750779178e-02,3.063220355406384363e-02,9.016020350753319035e-02,1.861568880788768976e-01,7.036200260421636432e-02,2.412452282915212853e-01,5.417874625643133435e-02,1.366227839726621152e-01,6.028099596979832886e-02,9.572913575673126785e-02,8.122567735945249168e-02,2.171631914386512943e-02,4.351905070272527737e-02,4.643806820440437438e-02,3.999196510889031775e-02,3.362038820193859884e-02,4.906269787159869833e-02,3.382734901109551301e-02,2.093007998686673490e-02,1.706565830707322887e-02,4.415091011008423667e-03,1.000216927685915885e-02,9.683971741113477430e-03,7.390281653478152947e-03,5.914110770195195148e-03,6.781249968866700020e-03,1.215409202408467698e-02,5.641193895838260419e-02,2.077152756895539812e-02,5.909999247502186609e-02,7.593843041750512890e-02,7.705077211025055349e-03,4.685768802450490482e-03,1.948206702350133504e-02,9.782421148086421075e-03,1.060180839061053842e-01,8.373033899770872257e-02,1.508042512899622489e-01,9.896347786734423224e-02,2.612408993916593980e-01,1.938884109702999903e-01,1.418496074005070606e-01,7.521423604441114519e-02,1.099120179806393482e-01,1.984399185604410198e-01,4.579475990335774016e-02,1.998888666600589017e-02,7.563496544355988171e-02,2.713652996057538611e-02,6.939185160490575315e-03,2.398803271974563750e-02,9.637917107414474202e-03,3.469728989528758634e-02,1.307090924767618789e-01,9.020643547396926809e-02,2.714174455591514788e-03,2.365602261879591953e-02,1.185412712686198938e-01,1.440130434682716093e-02,1.442869613189326494e-01,2.283604193511658276e-01,3.739047042828298750e-02,1.319539290668163833e-01,1.565471490660860499e-01,8.080841411586346668e-02,2.255092780536051555e-01,1.784429507228827705e-01,1.053855023835550270e-01,7.659251464181540681e-02,4.797974350598485996e-03,1.525504367431542441e-01,6.058174586435233211e-02,2.313746077015948199e-01,7.887526216322651718e-02,1.509918383626129013e-01,6.830003870804553234e-02,1.954343028820221539e-01,1.144188605549561616e-01,7.348362595206295311e-02,3.547150286365125527e-01,8.814455765216760996e-02,6.543867506396021383e-02,7.960746834174009523e-02,7.445946120582676298e-02,8.813666776413933701e-02,2.411476293122350248e-02,2.160327450073959085e-02,6.770515718776270661e-03,9.715396666958845198e-03
1.451520583752593241e-01,8.470009332368977351e-02,4.674012178585452149e-01,3.603574400017339752e-01,1.706750349637269071e-01,0.000000000000000000e+00,1.060456328899500866e-01,1.893495290113750562e-01,4.532896465017974968e-02,3.922360615879229989e-02,6.441253830044393891e-02,2.637724059010090882e-01,2.930237033723513407e-01,3.742191018579593687e-01,1.115183774252895693e-01,1.414412099789528199e-01,2.669490939157638798e-01,6.878452368771041658e-02,1.219509368127760368e-01,2.694756108485969054e-02,4.867897907227772270e-02,1.600515703748814009e-02,6.539046504665362025e-02,9.473659908733247231e-03,2.354990262872904208e-02,1.983965874230409279e-02,2.763261099673534199e-02,4.742862219012077690e-02,1.363149327494392604e-01,7.524601192791806337e-02,2.129238066021370279e-02,3.320151854390170770e-02,4.895612857097824538e-02,9.376011822463184431e-03,5.259966716598545033e-02,6.898409444677147673e-02,1.061568393309891833e-01,2.447842046670533483e-02,9.789334556061363851e-03,3.358929948859060155e-02,1.066431997041182578e-01,3.585926954262122490e-02,3.025232014904710165e-01,5.819937233097800811e-02,8.991055023060399998e-02,1.150286787307705227e-01,4.850715293382412002e-02,5.491271732570626729e-02,9.515599663509385908e-02,8.865875476621327966e-02,2.827120480175795980e-01,2.419274306462238233e-01,1.703266238321030079e-01,9.388782281521891593e-02,3.689258630630414260e-01,9.710397642149008746e-02,1.938667482741194756e-02,3.523390492971881227e-02,5.136207313539904729e-02,4.031011572689920802e-02,1.090490128918795987e-01,6.035457253852390645e-03,7.632119404066668722e-02,1.088957560896622323e-01,1.755068900521565209e-02,7.108759512666353031e-02,2.400855009863176251e-02,6.028898136589445206e-02,5.137120734229568692e-02,1.546204674304250681e-01,7.921845548261098602e-02,9.630916623826890621e-02,8.208882443558798703e-02,1.181683223242135754e-02,5.403639430301752922e-02,2.016915356202397813e-02,2.619880147951347132e-02,3.059219564322732121e-02,3.721052274090079492e-02,2.074436698582048794e-02,3.158032646259586324e-02,5.537808405558251879e-03,2.978194332663739244e-02,1.998390456038749360e-02,6.272433689468305366e-03,1.926186930652498686e-01,2.810922400837880808e-01,2.238376731791326957e-01,2.757242232834311579e-01,3.864787066401451088e-01,2.984720691978164364e-01,2.995105604649623277e-01,1.465862816003829505e-01,2.323628924275398244e-01,3.581258824014565967e-01,5.923276717340607983e-02,2.561751113839454974e-01,1.699224887114338944e-01,2.937880548938667097e-02,1.243933187334567668e-02,5.569578762549792783e-03,1.487264760562729410e-02,1.189871922598741694e-01,5.476949167694941667e-02,1.431769977248811554e-01,7.519846124864841552e-02,6.648237653017229250e-03,1.151369631498515012e-01,5.420864780222376528e-02,1.150809967562359676e-01,1.381377262930501559e-01,2.098745770266250699e-01,2.119704567827101760e-01,9.217845945042406341e-02,9.949153493588698549e-02,2.237516185915028669e-02,3.807374812911795692e-02,6.600400390045316201e-02,9.665245595147664570e-02,1.391657044230522056e-01,2.737974358351191739e-01,3.010756630423618296e-01,2.337737788819396201e-01,3.638666742967541778e-02,2.165999287639919224e-01,1.099720005856218014e-01,6.085762523625822679e-02,2.348198384990942411e-01,3.762101370364728803e-02,1.292539370273076416e-01,2.979983287972119976e-01,7.201651269206223172e-02,3.908797573209858017e-02,8.626830339088593924e-02,1.389391893076510065e-01,6.397816982026008348e-02,9.246901463806268817e-02,1.171729518791139041e-02,1.116701241309967993e-02
2.024036501662068444e-01,2.489391859232619741e-01,4.835958852284973908e-01,1.310612696925503307e-01,1.724886180376474509e-01,1.060456328899500866e-01,0.000000000000000000e+00,1.852140079786734062e-01,8.433311857491249119e-02,2.301510680127586417e-01,3.609931527215394786e-01,1.638856604157556962e-01,1.170246762079997921e-01,9.147856589459704701e-02,2.581044882597186702e-02,6.406143437681049990e-02,1.320619673850772224e-01,2.840798696073429039e-02,8.829643920153992798e-02,8.382028853907931565e-02,3.663767448949735439e-02,2.253347454133217305e-03,2.821801538811496285e-02,6.103086309894861783e-02,5.700165020339261618e-02,2.858360110550280109e-02,2.631582149323813402e-02,1.963565337084500345e-02,5.470977974068486072e-02,1.762642725666989374e-02,3.043209780322073468e-02,5.605259300574291607e-03,2.399853764631440511e-02,3.086121167256453482e-02,1.810731388568743647e-02,5.630004468884353130e-02,2.466351593344347920e-02,6.816587731516471349e-02,9.704262013548353716e-02,4.997183780045846152e-02,3.087530884407600762e-02,4.086142824030781356e-02,1.002271745308914649e-02,3.646707566872581935e-02,6.428276316008682545e-02,9.879040809502817599e-02,9.678489288430229542e-02,1.002203031245511994e-01,8.014905015616387296e-02,3.288252459206940370e-02,2.620950648483436757e-02,1.012900675468376005e-01,7.581762639154668304e-02,1.247032186701580170e-01,1.536834275826152729e-01,6.852536380986799791e-02,2.366374295900338515e-02,4.926579534179312964e-02,2.627610723278294563e-02,3.310451154442489718e-02,5.540442547946892310e-02,1.163974073807827192e-01,7.368349598676260381e-02,8.030843469412696223e-02,4.760798286559749654e-02,1.421361437852076276e-02,4.737955160699930390e-02,2.826629365134605831e-02,3.000004403968606001e-02,5.038850457836246445e-03,2.346683012124567078e-02,7.899845196081575413e-03,8.865275535827223455e-03,2.966488600690342717e-02,4.367535590205833679e-02,7.857333598081923595e-03,4.809863300160564965e-03,1.819237105907950403e-02,5.849072381492202016e-02,4.722274342104494649e-02,5.033606009364565044e-03,1.061412149639163506e-02,2.604633473735657248e-02,2.725402414820991479e-02,8.146853715746939922e-03,9.311673341916780478e-02,6.317920512785589471e-02,1.317023249708545451e-01,9.811065012111225281e-02,1.254958957784954587e-01,1.165042270939551233e-01,4.921315778610620140e-02,3.576490195830422242e-02,2.068532602933571274e-01,1.894657529025104564e-02,6.320212541729222644e-02,1.259571683503490080e-01,4.211984086837559232e-02,1.061324712257435444e-02,1.316892983873715721e-02,1.761934974762769182e-02,3.020636999864777239e-02,2.896204499102825528e-02,1.478235289053682865e-02,1.779502794810442282e-02,5.613835694490824230e-02,2.762280091227137593e-02,1.013962645036987908e-02,5.077190297210436298e-02,2.265678776901923139e-02,4.103470839874261145e-02,1.713208500036200455e-01,8.474570212746503073e-02,1.388508114388575243e-01,6.558963127809024074e-02,2.975652266551667355e-02,2.300339786101050429e-02,1.180889770537397743e-01,4.642312237776619575e-03,3.182435393720176725e-02,5.627250502962478917e-02,2.707133807407987452e-02,1.600839013104679229e-02,1.560410305436872938e-02,1.015645900209380392e-01,9.974748758641664714e-02,3.861819582664317851e-02,1.194026841525309413e-01,8.616492788841567663e-02,3.347838249832107982e-02,1.065437900659200049e-01,9.300065810109192643e-02,1.031637626130929297e-01,7.393021004033378807e-02,4.588042361752520115e-02,3.152132983222066809e-02,4.675351891201995347e-03,7.264206796072827932e-02,1.006306343127027700e-02
6.214861226317913018e-02,2.411580209767191230e-01,3.852288656667079980e-01,4.460567711630226279e-02,1.873079093188550204e-01,1.893495290113750562e-01,1.852140079786734062e-01,0.000000000000000000e+00,4.543443008381976012e-01,1.062414768971697981e-01,3.203881611059370554e-02,2.193706640378898648e-02,7.033197768742738276e-02,9.157945353375136766e-02,3.275801810973904549e-01,7.989766434038444998e-02,2.183342169481058137e-01,1.411181012678456581e-01,3.016196400891770282e-02,1.329114068487373956e-01,1.754888917537199278e-02,1.091549358081040678e-02,2.265318804995498578e-02,4.296824609921250093e-02,3.976894685532388757e-02,1.041525340916586717e-02,1.155512446002500936e-02,4.014929003067792962e-02,8.449195115773591724e-03,1.740667810320926934e-02,2.463144108678503794e-02,1.337662924789035368e-01,3.979895810364735692e-02,3.169272877010366474e-02,1.888235284953475035e-01,8.945349175903045957e-02,3.404645560214497602e-02,7.856158983446158428e-02,4.084331440974318939e-02,1.462584685445435934e-02,3.074219924108690868e-02,1.975259056481723785e-01,5.208425354050300743e-02,1.148786729923944316e-01,3.610589894959105872e-01,6.759216789962138594e-02,4.884884688572051908e-02,3.234203718131828387e-02,2.612978582234495514e-02,7.504854290965641550e-02,9.235008011826193949e-03,1.556894334511691735e-01,1.897348288156361085e-01,3.860998119677970519e-02,3.253411938833863232e-02,1.161991938344042880e-01,8.336900251930846883e-02,5.747801289094466026e-02,1.840490457358399598e-02,9.522913103585319006e-02,5.878106844278175452e-02,6.954130793167390134e-02,1.801803007546625424e-01,7.558127119499284674e-02,1.602754784752878081e-01,1.151571292335456936e-01,1.270649128818600836e-02,5.805844721404847947e-02,1.047383542359952985e-01,7.804490381888731440e-03,6.902148967438030691e-02,2.081071554981726510e-02,2.282940696574468475e-03,1.440033075640948998e-02,2.001035677599716581e-02,8.869984887457837280e-03,6.469571535677191322e-03,1.406748823674636682e-02,3.761247765465237924e-02,7.632994464787759212e-03,1.076096658604013510e-02,9.783396328925759652e-03,1.170865025389186340e-02,2.013505590361428302e-02,2.477061378393603450e-02,2.436175544832002576e-02,4.965999023188946704e-02,7.270335665590016427e-02,2.516601452079652440e-02,9.711700413665229348e-02,1.079828351267235753e-01,2.626731105565210389e-01,3.708393125463900208e-01,9.187267797298848127e-02,2.057604419186535860e-01,3.318100166264336681e-01,8.386363714236508282e-02,2.086006125265034150e-01,2.007585298728732370e-01,7.270631445068415771e-03,1.103376354388875026e-02,1.800528193761143092e-02,6.726406159488239334e-02,1.318026297400864411e-01,3.807836245549318932e-02,1.853975039107073203e-02,3.273649757651684450e-02,6.969968974177292997e-02,3.534461210590648939e-02,5.974984500323366615e-02,1.320077663359686335e-02,7.897152935052169365e-02,2.289978522730867772e-02,3.681222992368852337e-02,6.353991266432545970e-02,6.791093364323078085e-02,2.026436836979481071e-02,2.316256009462856411e-02,2.760363099057460204e-02,6.190899852375740878e-03,5.034382715183976370e-02,2.210868096930146756e-02,1.574212142011996163e-01,2.483118097831636673e-01,3.224320078222737695e-01,2.983218251753092520e-01,2.929119297058828675e-01,2.970002614758371351e-01,2.151978166323239572e-01,1.831415067753548176e-01,7.413622368524169781e-02,4.241725969917594513e-02,2.945058773646215891e-02,1.061988450016183305e-01,5.144810094591139443e-02,9.685914220687406873e-02,1.966257825449429369e-02,1.249374027174564306e-02,1.433510096574219274e-02
5.055379506733178457e-02,1.579305498189007562e-01,8.573341822057753414e-02,2.231044847760186023e-01,1.474386767302753865e-01,4.532896465017974968e-02,8.433311857491249119e-02,4.543443008381976012e-01,0.000000000000000000e+00,2.753403971622339630e-01,1.245989080808319743e-01,3.623192592497949671e-01,2.991742162981096964e-01,2.903617246089161275e-01,2.315788934347869088e-01,2.385554264476971997e-01,2.358929776373931697e-01,1.398659080730453586e-01,1.965913622388564819e-01,1.576632535769934007e-02,8.849973943380129784e-03,3.595035577718290465e-02,3.036951148146101263e-03,2.875660292772918430e-02,3.145946405186255540e-02,3.331100880935508601e-02,2.652858220093764520e-03,3.347766774790991717e-02,1.406993496086688007e-02,2.718518465557280550e-02,1.103491169338167120e-02,3.507403281741823531e-03,6.323794323791423998e-03,1.383431844701993318e-02,7.935503293012019163e-03,1.925881445725317540e-02,8.422217274762526171e-03,2.680412514543303870e-02,1.658054052160240141e-02,3.820762940460797896e-02,4.001665328620983980e-02,8.064222756248784485e-02,1.977142866859263326e-01,2.825031747035239293e-02,2.421190278702403664e-01,7.882367303104845235e-02,1.386778545883049774e-01,2.955301587640098496e-02,4.920459211707211428e-02,5.831884520238440894e-02,8.652897334610212821e-02,7.643358586837447829e-03,1.352437829816268144e-01,1.904825291584686386e-01,6.245163287749747744e-02,8.260590278985620316e-02,2.433766583385883059e-02,2.919996752879933793e-02,6.970993781893942975e-02,1.084079699797180357e-01,2.469835815891382666e-02,1.380573738529984329e-01,3.076157087963820452e-02,1.048277946510515167e-02,5.718391205648161446e-02,1.230338592312286115e-02,6.412238786893630776e-03,7.076266601190481231e-02,1.808666480028233159e-01,4.594078147099975307e-02,9.226542007959862013e-02,5.461982121004532731e-02,3.005198595018891000e-02,2.057813281826675542e-02,1.781918001615251075e-03,5.038522222284330838e-03,1.558455183009904536e-02,6.455446107437671707e-03,2.527849588411866522e-02,1.727712392661195917e-02,1.552752177273493926e-02,4.061094293057651572e-02,9.821273746370437832e-03,1.395860338361873745e-02,8.676199149489671400e-03,1.080088298796290022e-02,8.112508070438970154e-02,1.314569043131309442e-02,9.009819571339398175e-03,3.447602681789720819e-02,1.786043706826594829e-02,6.728332390436642281e-03,6.461431959059420194e-02,3.591244184565341169e-02,2.711721632935306520e-02,2.035820241087540894e-01,2.321447549952918368e-02,2.213771243369516348e-02,5.532974797118851706e-02,9.526650500734690913e-03,7.382899528277679473e-03,1.599407237551630015e-02,1.857058147581122295e-02,2.636136133766166928e-02,6.947619088067104320e-02,2.867163263356511949e-02,2.086518476854941004e-02,3.879752647625775430e-02,7.015492294934973228e-02,8.290036642996363725e-02,5.328254306736733559e-02,1.942261083383790138e-02,1.715117046712052451e-01,4.196321326111377564e-02,1.257439671894178823e-01,3.175772516490024677e-02,2.114366829857093968e-02,1.652839114944678889e-01,6.552359594785182699e-03,1.834420169362001030e-01,9.402685027704370258e-02,7.303954894875533399e-02,4.052685020747866934e-02,1.081615274885306399e-01,9.594634689843824227e-02,2.073316747773162882e-01,1.987042156383236891e-01,5.598768015947815785e-02,1.917707634726399102e-01,4.198478652961068480e-02,2.506254877198303352e-02,4.157663674133770665e-02,2.446946479005331770e-02,4.171393220476475594e-02,1.223147462236250371e-01,2.373606026900007201e-02,1.082417444278875596e-01,2.464502471740713865e-02,1.086133944765512544e-03
3.421953482708774835e-02,1.662864894808400718e-01,3.528378188294463702e-01,3.142364086620215435e-02,3.758859077458841236e-02,3.922360615879229989e-02,2.301510680127586417e-01,1.062414768971697981e-01,2.753403971622339630e-01,0.000000000000000000e+00,1.258767105518902585e-01,6.479694152974736776e-02,8.420158834817928484e-02,1.043903686401870812e-01,3.317643247881892354e-01,3.837633533290677607e-02,1.999127818970251325e-01,1.546707580427992001e-01,2.234448662407930927e-02,1.053199737242450224e-01,1.977804891302028731e-02,2.023530436475238711e-03,4.491700085104921754e-03,4.162178171385164799e-02,2.100255700093885472e-02,1.479434780997289020e-02,3.854024357065010103e-03,1.971223776936080474e-02,5.802702895424295335e-03,1.734179340571552139e-02,1.731680256526443862e-02,7.663456515803761249e-02,2.613432129384475958e-02,4.184217182156330095e-02,6.171891044246530234e-02,2.650658284307144327e-02,3.441663212674513604e-03,4.911185711396120340e-02,3.216215881497247464e-02,2.681036028471028409e-03,4.201217940050067101e-02,1.500127685542148037e-01,8.370339026810234839e-02,8.640344178400022335e-02,3.724131423478200253e-01,4.289980361979772727e-02,1.623141154809671846e-02,4.885863473590475181e-02,5.729208245863979393e-02,2.647172033357404405e-02,3.333791955915744315e-02,1.983076324894905013e-02,3.950641405844524390e-01,1.469054125497116225e-01,6.175033599374584597e-02,2.634843075480469698e-01,1.158239646521231833e-02,8.960467778322116217e-02,6.820546281430478475e-02,1.313418073009242348e-01,9.792196059134619657e-02,9.450081701761023356e-02,1.809033567923996610e-01,6.244575051614015271e-02,1.687205680829868271e-01,3.155766320561618349e-02,5.986308122887501471e-02,1.222333708711832029e-01,1.696853467857083742e-01,6.658761289233515457e-02,1.042500042964824153e-01,6.491142774280966865e-02,2.889437402661863136e-02,1.385813383143177230e-02,2.054471466856720718e-02,2.618355073536621832e-03,1.624351531018334086e-02,2.070725252882015324e-02,3.724821541833223115e-02,7.628573048285743931e-03,1.289928745102666106e-02,5.168728073492014075e-02,8.261843724450195631e-03,4.524229597263970323e-03,2.094558684260665327e-03,6.831558947461359443e-02,8.247062237329583212e-02,1.152940227603101997e-01,9.860261522993791009e-03,8.485451669275907716e-02,1.906137794601300284e-01,3.152551981175166218e-01,2.665873908351387711e-01,3.644086309649258865e-02,2.045089077214458095e-01,3.094778696129031892e-01,1.567859809459289447e-02,1.696813807701328392e-01,1.419396029012796601e-01,1.279343927996066076e-02,1.888674307012468828e-02,7.187108282310825970e-03,4.871223213119976053e-02,1.511436349095623688e-01,2.745324411676218837e-02,6.470931250054232087e-02,1.772941908140443154e-02,4.982057257638231734e-02,6.828576631383580231e-02,5.161262580311105214e-02,4.350094860104307404e-02,4.906772232945981471e-02,6.580357030566595655e-02,2.348826937483485325e-02,4.892023162667374220e-02,1.181666812758373764e-01,6.856329415322355569e-02,9.311389871674526086e-02,5.144603692940926537e-02,1.197523067467073793e-01,3.427660367796811491e-02,2.592749840662418939e-02,1.043385183639576053e-01,2.730211905468588607e-01,3.557475914466601830e-01,3.260897859137040777e-01,3.853645751539721553e-01,2.985507565800690211e-01,2.853156375881747975e-01,2.221734596641797566e-01,7.491611615596424634e-02,4.955875249622294920e-02,2.491015799107524492e-02,8.848313556859375983e-02,1.419637026958469120e-02,1.333611509813254770e-01,2.133777988875002612e-02,7.993682958667529259e-03,3.251012155895756373e-02
1.903387643732485368e-01,1.323670363453970378e-01,2.479390517171493891e-01,9.205874517712375749e-02,2.507564317680907248e-02,6.441253830044393891e-02,3.609931527215394786e-01,3.203881611059370554e-02,1.245989080808319743e-01,1.258767105518902585e-01,0.000000000000000000e+00,5.735789877341072873e-02,7.836151357531274952e-02,2.683188511484378980e-01,4.996357911556963405e-01,3.135515275366377863e-01,2.107322117905210124e-01,3.638845914745787447e-01,1.642937742307664095e-01,2.637672584006737694e-02,1.139887884219475435e-02,2.903967519998238572e-02,1.374011649550846079e-02,6.371308527427409045e-03,7.978105515079476559e-03,6.760203052058879995e-03,5.968194520407466702e-03,2.115466136823744570e-02,3.772922285852766539e-02,3.440630103719984068e-02,5.560005190750724920e-03,1.148020714994957281e-01,2.721071242996742773e-02,1.380353177645563846e-02,7.719872011166482861e-02,5.203240642924009118e-02,5.115258023602417894e-03,6.771446288347174672e-03,1.233895960800395625e-02,1.442681802079400465e-02,2.265162462215150260e-02,1.162261265705194363e-01,1.057744351761623486e-01,1.646773539097374228e-01,2.356096969528358731e-01,1.409861878585529360e-01,1.665105859332510208e-01,1.626860142633198419e-02,7.381058043245436462e-02,2.974890952109795692e-02,2.830667399759793576e-02,1.863324435559841896e-01,2.689986021551963799e-02,3.964594827714720826e-02,1.256042185322293336e-01,4.330611749057644566e-02,1.046657571813307611e-02,2.972542471055939980e-02,3.959437296637339371e-02,7.254141611637131282e-02,8.515691645099933427e-02,1.306126895158874757e-01,1.588748171133228804e-01,1.122649908951045827e-01,1.074500860804307040e-01,2.171966585061946634e-02,9.912039694874284074e-03,3.737246789188768820e-02,2.989292630238245957e-02,2.287718808498533096e-02,7.974630749904870752e-03,1.306498628909101914e-02,2.959099216251298743e-03,1.504751316621629614e-02,3.739980561224486109e-03,8.299830189534593977e-03,1.048569646048734712e-02,1.986968774522434450e-02,4.017190333179193606e-02,5.205038516967101445e-03,5.767949910227655047e-03,3.768631388684200167e-02,2.072859039852295582e-02,2.532062423612284861e-03,7.804364209091955822e-03,9.227273638169562753e-02,5.435189728356367572e-02,1.334565420126355983e-01,8.390276130347655570e-02,8.938151898733645573e-02,2.360688059265342864e-01,1.497057502837015885e-01,2.662027936582930798e-01,3.407519612386128438e-01,1.587478329696723200e-01,4.182608151788830830e-01,2.494645001250852534e-01,1.411506198252362176e-01,4.612938810603905981e-02,1.306758968124374296e-02,1.370142284344815810e-02,5.634031757821245795e-02,1.501006122876606952e-01,2.995360704968750079e-02,2.503238206441673469e-02,2.971734181735594463e-02,6.171826476077055257e-02,2.152288366153613797e-02,4.271536793049166003e-02,4.428756165127040872e-02,2.433787206799614689e-02,1.172630896351468943e-01,3.569422069362963856e-02,8.472879939843326602e-02,3.704195046957783205e-02,2.426651054845462008e-02,5.312963233030382898e-02,5.250463218109701659e-03,1.464790044451448892e-01,1.389862679342429401e-02,8.490206621202952067e-03,4.164858473213357837e-02,1.398433968934883198e-01,2.290217627291232239e-01,3.779315151925286553e-01,2.732200839325920616e-01,2.743591165164472323e-01,3.036396155823395948e-01,3.273717947022579122e-01,9.545550597902824341e-02,1.957599156837049048e-02,2.059858095154517427e-02,2.374777342922234150e-02,1.839629223301251712e-02,3.088777235531077470e-02,2.327425570977142977e-02,3.034861321351684654e-02,1.783878341034022749e-02,7.821444483596078426e-03
