0.000000000000000000e+00,5.543914473448809110e-02,3.587679140663877636e-02,4.805038745423369922e-02,7.007635603283804415e-02,1.866195095702599324e-02,4.837032844598062459e-02,1.051100749197902418e-01,4.211150796752462233e-02,1.029167433209254023e-01,1.412666912091349869e-01,4.716059824254682786e-02,1.311544657804980009e-02,2.526457902860545710e-02,1.633564099904509168e-02,6.050896168456201818e-02,7.633589762305877102e-02,2.834610062923386894e-02,2.204244233616195481e-02,9.301446299839914722e-02,9.597808274051909672e-02,6.721579307315629637e-02,5.299029221143356644e-02,1.891542935647587062e-02,4.475378197741101266e-02,7.831682730573880438e-03,1.804582660713850012e-02,8.627682145456557622e-03,2.152582240700034663e-02,3.754434080651077033e-02,2.536229624145460229e-03,7.509501001762010353e-02,2.667561546774257705e-02,3.946145336449942420e-03,3.488922611357736514e-02,1.814726029150541195e-02,1.879091592340152023e-02,4.361074885569919853e-03,1.090581617451827010e-02,5.671463786170418547e-03,1.072322270692523463e-02,9.103044942482594812e-03,1.080199188545481401e-02,4.276235824166697147e-02,3.951862608492785062e-02,5.809835065766548456e-02,1.379755265130251651e-01,3.363342525712893771e-02,4.176702743457506167e-02,5.058195958485767196e-02,1.233022656440489924e-02,1.531700221897324549e-02,1.896309234674746144e-02,5.901101649070862598e-02,3.469597617311220156e-02,4.225134872650546103e-02,1.737339230110680061e-02,1.039032553861620606e-01,8.233393510745730393e-02,1.059676065222184410e-01,1.192941079763741030e-01,4.241881242789955625e-02,8.659035204958710763e-02,7.072856597383275767e-02,7.421512869227640807e-02,3.223201646542513815e-02,1.221688219120678313e-02,4.827784773464804946e-02,1.113142723814546618e-02,1.114612959973644048e-02,1.135716404487401542e-02,1.601909368491319027e-02,2.285088236815367019e-03,1.348123531571488419e-02,9.040076118821635878e-03,1.108370454638086958e-03,1.443721703259038744e-02,3.260595501725717642e-03,6.810308408391933278e-03,1.983392412875791336e-02,4.955105764534971369e-02,1.600203635748313714e-03,4.730084051346100660e-02,1.481124720095021614e-02,8.568041582060058337e-03,1.329333950763535166e-02,1.536859440800285477e-02,5.523278035657389062e-02,1.398521469141846690e-02,4.404528553390806012e-02,6.345975571151281358e-02,6.865881302268664332e-02,5.905150422592163328e-02,7.684994059981724301e-02,1.436467899007571325e-01,4.220543523561728905e-02,1.014037693449204719e-01,1.090221786604070597e-01,1.219346925378937685e-01,1.026341166589242598e-01,5.526323820678284704e-02,3.120920902765278015e-03,3.805132149779696937e-02,5.844392163148818577e-03,3.985205608646932678e-03,5.079284489573280235e-03,7.512719280984654982e-03,4.141001893238330581e-03,9.269743167105029893e-03,1.485053159378495885e-02,7.014486171703247439e-03,3.016614474738106826e-03,7.438171920911870565e-03,8.864231124848640300e-03,5.434312155702408602e-03,5.187523355581947007e-03,9.389600708242429664e-03,3.759863043214833195e-02,5.795817629406264937e-02,1.424819762610751543e-02,1.482511926542689693e-02,6.186956484835679643e-02,1.068903803006849840e-01,2.959681245239486475e-02,2.203635235146321480e-01,5.497712034767508749e-02,6.774462243464457467e-02,2.415890766905622045e-01,8.866671300337876371e-02,9.314259407281003100e-02,1.216583113961467871e-01,5.903745721871082874e-02,1.973536336649620720e-02,4.770861468194700222e-02,2.338527133310292286e-02,3.379423516239499908e-02,1.916814956494809416e-02,6.085242830801061882e-03,1.185516924877921645e-02
5.543914473448809110e-02,0.000000000000000000e+00,1.208394447007443279e-01,1.686232171862930007e-01,2.309792062784369118e-02,5.938107121651429315e-02,1.046884689116151929e-01,1.748244548157604217e-01,1.030825602645916439e-01,2.400287494582782066e-01,1.609187739488306679e-01,1.713538547166958692e-01,1.513177910009209093e-01,8.334207344803366835e-02,9.423859254000034602e-02,4.341982668271971574e-02,2.047398985257863624e-01,7.891306024865549218e-02,7.185419641664592127e-02,5.782421725780464983e-02,2.144590520312182336e-01,5.069974626315472410e-02,1.004977739222526756e-01,1.363732857572926283e-01,6.346592247948523724e-02,1.404850303014523391e-02,4.459840976694873053e-03,5.602399365567977893e-03,2.539750612034501892e-02,2.437769421868348982e-02,1.012525786090068269e-02,7.823727719523970725e-03,2.873276029652384669e-02,4.893422548120488630e-02,3.052259866052483509e-03,2.455192054292174367e-02,1.309785408769856101e-02,1.124099728896922092e-02,1.207813504793052439e-02,1.556594181297203151e-02,1.256877248092548062e-02,3.573378461935652201e-02,2.713340057371120551e-02,8.843343509625777379e-03,3.493520189287243477e-02,1.287734443586900090e-01,4.425709990674325800e-02,2.754157516534090286e-02,7.813158640128088639e-02,5.435741298190947812e-02,3.017835006874024922e-02,3.081076684286644662e-02,6.749590868227271778e-02,1.609833677976648947e-01,7.742495498423759837e-02,1.382388183302431517e-01,6.832256363076484595e-02,9.604347916793512518e-02,8.838853402465314535e-02,1.685223245704629558e-01,1.429768304569571657e-01,5.114106268762400737e-02,4.226527485094028896e-02,6.696439021515600276e-02,2.849718239898800173e-02,1.292465279390795675e-02,3.419067371119201976e-02,3.455556492391555733e-03,2.704562499846065518e-02,1.975709976415888219e-02,1.550233235259342382e-02,2.574977949695646945e-02,1.259305426573662651e-02,9.706055055456909789e-03,9.375594763071922605e-03,1.105644951940567937e-02,8.431300707199832628e-03,1.165366266425292736e-02,1.009420237548272654e-02,3.586892792187143519e-02,6.413996923588071407e-03,1.439874130563380435e-02,3.843461126408771744e-03,3.072874382359897828e-03,2.238276943538073868e-02,1.004208813629229279e-02,6.589690597014161155e-02,3.232230603261668223e-02,2.293385978379725021e-02,1.194649218300595644e-01,9.365862736861546578e-02,1.703876510205988015e-01,2.500194269535478686e-02,1.427436520478779225e-01,1.440976670761818790e-01,2.087051489851498784e-02,5.351475082967208780e-02,1.019861670971249912e-01,9.160532365191416393e-02,7.185088823997211327e-02,6.432094939795858501e-02,4.053392522565896217e-03,8.084280767922247257e-02,1.213243640947682216e-02,4.600921132189620538e-02,1.565231089813060722e-02,9.484356491811448547e-03,1.836595494523948768e-02,5.462004948728058779e-02,1.133909268808989262e-02,3.326539991337920665e-02,1.314038499656537164e-02,2.309128673081211475e-02,2.197900402588405869e-02,1.331834283367969163e-01,5.973405241663645032e-02,2.192556277439623724e-02,1.844477395020257537e-01,2.946965057094989154e-02,7.655824297741074813e-02,4.871134623782003015e-02,4.791249068345047879e-02,1.984971507095203147e-01,7.186878724406298158e-02,1.811445560516252995e-01,9.150051005537455928e-02,2.513098529173266038e-01,1.345369480749676605e-01,9.167710759246071317e-02,2.057316153780641421e-01,1.074793752036133643e-01,8.172962952530971048e-02,9.750159647740569424e-02,5.496390634343175513e-02,8.523258655018935148e-02,8.027778824839462701e-02,2.939358931720894089e-02,7.580518264331485845e-02,3.128702913982731731e-02
3.587679140663877636e-02,1.208394447007443279e-01,0.000000000000000000e+00,8.806038040803751410e-02,1.443658201741132019e-01,1.343078341299814293e-01,1.247580412470929156e-01,1.071986065525519644e-01,1.795312731530985043e-02,1.337411705954617835e-01,6.862931909130820518e-02,4.101599603771297065e-02,1.808743860472120657e-01,1.607437199047328791e-01,1.382725977367421089e-01,1.160496704229272563e-01,3.829197660802420300e-01,1.335593824449065048e-01,1.956000976201780484e-01,1.947163946593690187e-01,2.085743757772674511e-01,1.103247593395609294e-01,1.890713247344267822e-01,6.193162186085385962e-02,3.144865535702698334e-02,1.015467981712236956e-02,4.870855754474174432e-03,1.609166142909960670e-02,7.149098329104879024e-02,3.954249703786307663e-02,1.458809072639370187e-02,3.941819794307441227e-02,6.910098340110716608e-02,1.818291788988618887e-02,1.428783477198207648e-02,2.626179739347179673e-02,7.105197437832877494e-02,2.153705166039739452e-02,1.435897313221045496e-02,3.145121586192810986e-02,7.417298960044706180e-02,4.421177881607852439e-02,1.435077184139695317e-01,2.522462390957243283e-02,6.763551127316000389e-02,9.642244588319560938e-02,7.965600567248040664e-02,3.963083799704762017e-02,8.087791511928525690e-02,1.973983608166808568e-02,6.409559226436076229e-02,6.967842845568057719e-02,2.683928483036965990e-02,9.693576767425453322e-02,9.525882813871733301e-02,8.491018020876607564e-02,8.554014589993208517e-02,1.428719162047738800e-01,1.075488225167768458e-01,1.454530193656066450e-01,1.055847186169786150e-01,7.781882304587786625e-02,3.199370115966093664e-02,7.393971357669686106e-02,6.763817509548789540e-03,3.634405245817445146e-02,1.220433361582504844e-02,3.247050325775520385e-02,4.803113519112160723e-02,4.448155467168167509e-02,6.387486054705505956e-02,6.424957988826784927e-02,3.295597997113691030e-02,4.478089617439558884e-02,2.586966438784550279e-02,1.090799923373032485e-02,2.200574066160588052e-02,3.751997827153687876e-02,5.625720148298499201e-03,8.446529340271386951e-03,1.604906641095726200e-02,6.111292131852123777e-03,4.690723846939175157e-02,2.191761445180813103e-02,8.676049987544481867e-03,3.551285239560325602e-02,3.460431284561012177e-02,1.062732516861401334e-02,1.042970229348744587e-01,7.528013646513780077e-02,8.567227267353556830e-02,5.226297852415654616e-02,6.613425717701644502e-02,1.940115586551532587e-02,1.240613872211735746e-01,3.807774547358774853e-02,2.209988188921352750e-02,9.269621637756976507e-02,3.165060673992864393e-02,8.446446672218786700e-02,9.170384375656660814e-02,8.823509748135885053e-03,6.424011705965619601e-02,3.457733225434584355e-03,1.680638529402133513e-02,2.291714233059355746e-02,5.390225099914250362e-02,3.555313226129503540e-02,1.123887838970593842e-02,3.577621299252608383e-02,1.332746320766899639e-01,8.797123187816810463e-02,7.748490142503961127e-03,9.069039297825941259e-02,1.490946648409069986e-01,1.766074348184465681e-01,5.016341086890058892e-02,1.789263925169029268e-01,2.734853040041080458e-02,1.744849817987228699e-02,1.330588155142627127e-01,1.393181455969947913e-01,1.889419514694840874e-01,1.259330297319175875e-02,1.215875398145963154e-01,1.486796145202471942e-01,5.260906296350475325e-02,1.532503896938948451e-01,1.238911938472705004e-01,1.381181645127443902e-01,1.690809223052241461e-01,6.626232819109303951e-02,8.511627711534824892e-02,3.435198971812997853e-02,2.775885927367349737e-02,8.807559106783952735e-03,1.888057844947136493e-02,3.730484821740806967e-03,2.176123287709064331e-03
4.805038745423369922e-02,1.686232171862930007e-01,8.806038040803751410e-02,0.000000000000000000e+00,1.584789558632320183e-01,8.860341774302182838e-02,5.534168309821656945e-02,2.249031452073669002e-01,1.480597414499616737e-01,2.132567652346196996e-01,2.386701136056207373e-01,1.733624186262658351e-01,1.081275702459571081e-01,5.158405091709027113e-02,9.126202345740898336e-02,1.272832751492056491e-01,2.049306122997370527e-01,1.700595702815355659e-01,8.562056588049522798e-02,7.174770606763748726e-02,1.615116983284735630e-01,4.520448275862039983e-02,7.335390041529428473e-02,9.255187112137268357e-02,1.023611979826025142e-01,1.620562920244949731e-02,4.727562646180008196e-03,2.545883080904627963e-02,3.156529509495543256e-02,6.282681019143453345e-03,9.253850625509268610e-03,4.011774312436033191e-02,2.616369564394032884e-02,2.265857801575663771e-02,1.028180594335765738e-02,1.931210912404604518e-02,2.493453788908134988e-02,1.090349644180349867e-02,2.807747482618418514e-02,1.911243310299368114e-02,1.622823856156180300e-02,1.770479344586131307e-02,3.194143241697343372e-02,7.174089266930928910e-02,4.794321075061740156e-02,6.236429104559666758e-02,4.482372218147087639e-02,2.361485904941089745e-02,5.813279940947874841e-02,6.165402524278105340e-02,3.793969123713294977e-02,4.140919917356800095e-02,7.182986915715758314e-02,1.480923423984167875e-01,6.497601167254377086e-02,1.547997374711450325e-01,5.773352935698013166e-02,1.852380555505335480e-01,1.103781429683588222e-01,2.066096317430232698e-01,2.298820982261290113e-01,1.184672824806654451e-01,8.909276926056125534e-02,5.730548851458409920e-02,5.699111954929250018e-02,2.601841512591626659e-02,3.636363158057560885e-02,1.209718239421039843e-02,2.581228141474632004e-02,4.355109048514359954e-02,1.148127832098833762e-02,4.781115337506059403e-03,1.264750840710953880e-02,2.014743425412815481e-02,5.040095032037467115e-02,1.352325433622909336e-02,5.915252635689800462e-03,2.096025592210442809e-02,5.182361804691611867e-02,4.080772878963829370e-02,4.253806129022712212e-02,4.008234133486673380e-03,3.440706227559055946e-02,2.589116919009393572e-02,4.619583536909864681e-03,5.993737703881814316e-02,4.551868668699333292e-02,1.399479103753346609e-01,4.478413624962757772e-02,6.662166000833058543e-02,2.257886590862216158e-01,1.177474147593561560e-01,1.175480790186405194e-01,9.195506020426044702e-02,2.681134786998971009e-01,9.711028828119633305e-02,8.138071935951983471e-02,1.226276364499257476e-01,1.359437064332238987e-01,1.207493084810696560e-01,1.287598305890649275e-01,4.274112788308483644e-03,3.347651434401338610e-02,1.514775292694745847e-02,1.099992174797963067e-02,4.088850979424313997e-02,3.015868390816940636e-02,2.670948063749226456e-02,3.746536486563015883e-02,7.101763140192583756e-02,1.042582651424171433e-02,3.754074297013908906e-02,3.836000943764975024e-02,1.652111487560354794e-02,9.194114474076610366e-02,2.724407042162062254e-02,1.472385706952402361e-02,1.468011131978761985e-01,4.517414322784849001e-02,7.972987045870499889e-02,8.946553304552318231e-02,7.403443304940335312e-02,1.822005513128120702e-01,8.341382348359614729e-02,2.741711551126525537e-01,1.069095817087834105e-01,1.690359620634869220e-01,2.223367985283689896e-01,2.029606908981604896e-01,1.640116648928034160e-01,1.486712392792274295e-01,8.322289785864085687e-02,8.696292262058434586e-02,3.300521801693928614e-02,7.577124861165407399e-02,4.706127915647551757e-02,2.557978903498794865e-02,3.146226852872163054e-02,7.155450019394226507e-03
7.007635603283804415e-02,2.309792062784369118e-02,1.443658201741132019e-01,1.584789558632320183e-01,0.000000000000000000e+00,1.123376217199706234e-01,1.011628099699589250e-01,1.008959847146996408e-01,3.401257235806118967e-02,1.464768858773796145e-01,1.992721895081152883e-01,1.553192730441639857e-01,1.524150110041413986e-01,2.347410602071241248e-01,8.432497988733940464e-02,1.132742345665535971e-01,2.224609657604324497e-01,7.380046828728267783e-02,2.283343523095422434e-01,2.130216963288111137e-02,1.522638758956511296e-01,8.714549699278148487e-02,9.692807870628925015e-02,7.764308539506147022e-02,1.906153918300116344e-03,1.731413432490607265e-02,3.012748067642229827e-02,1.234177811793173499e-02,2.241343703233330056e-02,3.164200683216136095e-02,1.044678822044711394e-02,1.389774863753487702e-02,3.736406405009858045e-02,7.271760629113521723e-02,2.742077836342767319e-02,7.400116856029239666e-03,4.026601964448362631e-02,8.397502928206337577e-03,1.642564321720175677e-02,2.977600042967898375e-02,5.092240745145160119e-02,2.586185525198189325e-02,1.432992670972872695e-01,5.508422932172775399e-02,8.501976887976908648e-02,2.322508097914110781e-01,8.722204149668048856e-02,6.092471875208585463e-02,1.861245418616703229e-01,1.335240739324250470e-01,1.660174189448852117e-02,1.560441583703685853e-01,6.548612660227558224e-02,2.230176335894232531e-01,1.455681888513035149e-01,1.841101656725684377e-01,1.131610643056530363e-01,9.137309641297930440e-02,7.349248149780140960e-02,1.481596351619546836e-01,5.861843841273035871e-02,3.880425737107699724e-02,1.943207405189957548e-02,8.533004330147747618e-02,4.771395949709232587e-02,5.895172801481647629e-02,5.182878402883801111e-02,1.538069109080003431e-02,8.008729767586852608e-03,2.672563546603102733e-02,1.059587846258605234e-02,9.077555817413648226e-03,4.884001789424378959e-03,1.440408358470701873e-02,1.817362416048449655e-02,2.317232946656370279e-02,1.369704231477009496e-02,5.592489885165629129e-03,4.276211389275415969e-02,8.885407793590009706e-02,3.367925646092093106e-02,5.949597906589983859e-02,7.503997159661200157e-03,3.465574990008165636e-03,1.243949292069139630e-02,2.825569729009213757e-02,5.666035612346802947e-02,6.386140892613036135e-02,5.769306157815137087e-02,1.084723695601829963e-01,1.263097345002630045e-01,1.028941430502462867e-01,4.313192410263057275e-02,1.319491465976780353e-01,1.394008055863467099e-01,2.977819330856047719e-02,1.862291893302579771e-02,3.553174334273807855e-02,1.749730874362385655e-02,1.140646056415624450e-02,2.608260109555437384e-02,2.412474063176008390e-02,3.946679478237393596e-02,1.054109840108171346e-02,6.555019472149895172e-03,2.350776680845735600e-02,3.792071835167483418e-02,7.074024776361608619e-03,8.661902590649396549e-03,2.762321806524218118e-02,1.347632376849727809e-01,9.674621698016309945e-02,1.913511836961162560e-02,9.849195642282755625e-02,2.304310566449492836e-01,1.990812920611960413e-01,1.506308038559914519e-01,2.700301483978928552e-01,7.634098819320082885e-02,7.637105979178647475e-02,1.358981396898599758e-01,2.458730149314338961e-02,1.740616684722252339e-01,4.278297510986651953e-02,1.361664361302319937e-01,1.183777384874015459e-01,1.388591870390830929e-01,1.168662053548740892e-01,8.977724464333369792e-02,2.381674748777319328e-01,1.332950144028192396e-01,1.253309581456403254e-01,1.962476513129506051e-01,9.097865706792500340e-02,8.530540650153492499e-02,8.834160405419960727e-02,4.461040483534433471e-02,8.371111542313294795e-02,5.102587474139289037e-02
1.866195095702599324e-02,5.938107121651429315e-02,1.343078341299814293e-01,8.860341774302182838e-02,1.123376217199706234e-01,0.000000000000000000e+00,6.639384316584211188e-02,9.616546542034525025e-02,5.010708735636162231e-02,2.414578539262675350e-01,9.756735652186464269e-02,9.911724571632836434e-02,2.055887250181878123e-01,2.018709425342541941e-01,1.520388398751463255e-01,1.242195118355260697e-01,3.334591760498271662e-01,9.983150759151528109e-02,9.601058976596794914e-02,1.147709059716858493e-01,2.192768180208771456e-01,8.292022408082851126e-02,1.359304148941209989e-01,2.392354659249875531e-02,1.243929046366505295e-02,1.262493423153031487e-02,1.548702055226431305e-02,1.193997923723714993e-02,8.615448963519599379e-02,3.131807965039232200e-02,3.437393241487736017e-03,1.648239193752636458e-02,4.701399025174870377e-02,2.390901587441986512e-02,1.049643941024909488e-02,1.507054599611940340e-02,6.710603221462763113e-02,1.260169419255471011e-02,9.364162892695171783e-03,1.668679745504518877e-02,7.394617304059643292e-02,3.022869250939973218e-02,1.215378155599755872e-01,8.653898062466599747e-03,8.752018799307770269e-02,5.706243236864237678e-02,6.643815711231268462e-02,5.453865835986163035e-02,8.548651211148521056e-02,1.595743876696559954e-02,9.240464937759695907e-02,3.598983971501441143e-02,2.701486001783528351e-02,1.159158388782008525e-01,5.200424549665663698e-02,9.997542484903979010e-02,9.440415296956890245e-02,1.520375494142650885e-01,6.384494293527530340e-02,1.119818587073427296e-01,1.129781377523016439e-01,3.259667609027586122e-02,6.055925062413339277e-02,6.814585886698036610e-02,1.615014640354935430e-02,1.024949087116146657e-01,3.449489115130991573e-02,3.915868761378349383e-02,3.610312390175400565e-02,4.492358437823820022e-02,5.965576101235191275e-02,2.667962090367977795e-02,1.628654684725285712e-02,9.933033356408733222e-03,1.052873057785276047e-02,8.104857533417095250e-03,8.951328389623213616e-03,6.973304425973900211e-02,5.108317068151944397e-03,7.450494830326502213e-03,3.160325969595221413e-02,5.160676457790969521e-03,1.853177461427905903e-02,5.540536343343154674e-03,2.485783055631779134e-02,3.494469197306749458e-02,4.621660477135258738e-02,1.382693669665548825e-02,3.662875919498478211e-02,7.326902252922834480e-02,7.609437285083307800e-02,5.996015386367101185e-02,7.479864175524533754e-02,9.312393272734678651e-02,8.755143259244277387e-02,2.393915918811957352e-02,1.786218317584136600e-02,1.527042105538132521e-01,8.457119081232794544e-02,1.021930753744004633e-01,1.317743249249562765e-01,1.539155056578133014e-02,7.945165938017750840e-02,6.963595094437422667e-03,1.450802150453415866e-02,8.996897813421264600e-03,4.915055944464837706e-02,9.575699634877888125e-03,2.220845142652807733e-02,3.463264717902007211e-02,1.029152098180285552e-01,2.999853560740790154e-02,6.864183963118566066e-03,7.539876478714821473e-02,1.443704079418260400e-01,1.330588323514287352e-01,4.675700957982897865e-02,1.409354158494900422e-01,3.333959551688582545e-02,2.841243280879648600e-02,9.579137618344683858e-02,5.191739964476772135e-02,1.691443430859462249e-01,1.049342631080366767e-02,7.161623953203989645e-02,2.110451731778115181e-01,9.153792892142692539e-02,1.463133285046714638e-01,4.093999349215538680e-02,1.958109091310256955e-01,2.547588724594275766e-01,9.970360964379662572e-02,4.408399005816442118e-02,3.463111474350176466e-02,4.751579480809983713e-02,3.818890220549946840e-02,2.330302121072908711e-02,3.263976612800372976e-03,1.730353214841902007e-02
4.837032844598062459e-02,1.046884689116151929e-01,1.247580412470929156e-01,5.534168309821656945e-02,1.011628099699589250e-01,6.639384316584211188e-02,0.000000000000000000e+00,2.994820434151565167e-02,1.037588858887579235e-01,1.251254677649604741e-01,8.508475919845409630e-02,7.921356073429547395e-02,8.034564245294945062e-02,7.391468589759744856e-02,1.546345965587523352e-01,4.876346154797434745e-02,1.527889022520005080e-01,7.607379976573913627e-02,1.539935423372040292e-02,4.587877759982806475e-02,5.444732200358535362e-02,4.473797808696527989e-02,7.737390063113949203e-03,1.423341854188701558e-02,4.035503301520563385e-02,4.055712048562189198e-02,1.988881416041047082e-02,1.871542824685776957e-02,5.457164625431755456e-02,3.165071155116381402e-02,7.386378288362457044e-03,2.379397066381569101e-02,7.027976127074304913e-02,9.763374510906083076e-03,7.013815214894665931e-03,3.623897025751434547e-02,5.217237808719417391e-03,1.878360099094714478e-02,1.222484825183802783e-02,1.384015496518459752e-02,1.677398839251586365e-02,2.509281419600434618e-02,6.173722909334591891e-02,5.739525658656685278e-03,1.154671544540788186e-01,8.079318671140300889e-02,1.257229930149433676e-02,1.081720396333646778e-01,5.957779216503550357e-02,1.862215070158688979e-02,4.469701287492226782e-02,3.458072604836455455e-02,3.295544352815581168e-02,8.573084160272287368e-02,6.294866714724181578e-02,4.962099902586471906e-02,5.236074658223839606e-02,5.026065040128878392e-02,7.261310406062050637e-02,2.929738090247022489e-02,8.301943665378308523e-02,9.654365443252761747e-02,7.902922546161476880e-02,3.826545647139067280e-02,5.337738936983660309e-02,3.577206814500773213e-02,1.017717214983707152e-01,5.000306171421046997e-02,2.594071869557017934e-02,1.155190705783260864e-02,6.249018733174713930e-02,1.098896212122676269e-02,6.937177465900074697e-03,6.135046611359474232e-03,1.130131165759265706e-02,4.491253395551864439e-03,1.410311243092599032e-02,3.447112493393444249e-02,2.582728687716061289e-02,2.254448417825583723e-02,2.561065354161266155e-02,1.346471063235812372e-02,2.526552435281934766e-02,5.533009815279718926e-03,5.985443654295089476e-03,8.106877412245179493e-02,1.027988940687365876e-01,7.177831428104601563e-02,6.031161374311302947e-02,1.285391108026976703e-01,3.927783195609853978e-02,2.440518298634308456e-02,5.459326209912979122e-02,6.660267562602509295e-02,4.492035472401957608e-02,7.227939098438199150e-02,1.852040570977363590e-02,4.412921768331506955e-02,6.980328303399348233e-02,7.311584240409110813e-02,9.325424206291532681e-02,1.477289886474521599e-02,9.920873284877954751e-03,6.873635966570999789e-03,5.018298924189674472e-03,9.323713472067080704e-03,1.042531816563180627e-02,2.094972310424067508e-02,1.358590318450810658e-02,2.915987529092058887e-03,4.054199629253547876e-02,1.999524185180052635e-02,1.099586535813401773e-02,2.364247146083806386e-02,2.641429796256021187e-02,6.056682521166259318e-03,5.270438766285439475e-02,5.699121946398895411e-02,2.653162247852237574e-02,2.225363734090309020e-02,1.586033951950810081e-02,9.202658161837554487e-03,1.999438407577329782e-02,2.882894130175227970e-02,9.611258296306508797e-02,7.214084561282856078e-02,3.438544624975028996e-02,1.683919748936014149e-01,4.964823437346388424e-02,4.195704515408472945e-02,1.121303707137228378e-01,1.521458928410040490e-01,8.066318639371725108e-02,1.955425099661131302e-02,7.860888256610011615e-02,2.976335965085847787e-02,2.998135245915262148e-02,7.300245423440594739e-02,1.156676761413466537e-02
1.051100749197902418e-01,1.748244548157604217e-01,1.071986065525519644e-01,2.249031452073669002e-01,1.008959847146996408e-01,9.616546542034525025e-02,2.994820434151565167e-02,0.000000000000000000e+00,2.619579770356617043e-02,5.687938295928689214e-02,1.331909283970176827e-01,1.524629067965617597e-02,1.566161975217723878e-01,1.188530959154089905e-01,2.294361067194207460e-01,1.510011856769025718e-01,1.359686266602209981e-01,1.689720441300376075e-01,1.174436000241633332e-01,2.632584825199136766e-02,6.352262718764226102e-02,3.916010036254212456e-02,2.173836086233739764e-02,7.094973361148963764e-02,1.189501787087435813e-01,3.744306892063677117e-02,1.835093045632459410e-02,5.344244070007223707e-02,3.321676954855180136e-02,1.428169474296300465e-02,1.706612738034983534e-02,7.443118134210055699e-03,5.308330139683261478e-02,1.138526983008379678e-02,6.237715778419773704e-02,6.684915154896391154e-02,1.357547051861920755e-02,5.950408208883435635e-02,9.758931091486120965e-03,8.442174250934927557e-03,1.754939098405893308e-02,1.146079386454527116e-01,1.143654115391713466e-01,5.500697313946120021e-02,2.623064150413977336e-01,3.311902817002408683e-02,8.173261902845617433e-02,1.339059227976280020e-01,7.871249393732583644e-02,6.334067716475576260e-02,2.132164126323928335e-02,7.293107698386658289e-02,8.007096335456014013e-02,2.034540723059455325e-02,1.428696163778751284e-02,1.781064262744076407e-02,1.030653759402321012e-01,5.080572203978110657e-02,1.571067912763762439e-02,8.431396376759922595e-02,7.269554438979462796e-02,3.629354802560869064e-02,1.524084350721602865e-01,2.407433871107706597e-02,8.402755593062029293e-02,1.253795927126979126e-01,9.351454723707401662e-03,3.136139453591345327e-02,6.549005111386757561e-02,1.331407387019283364e-02,7.411996176146706805e-02,2.086735196776687631e-02,7.535569574534807524e-03,6.313689952787288062e-02,1.760240166568899020e-02,3.442708861288724248e-02,9.648655496562628595e-03,4.148529639669103208e-02,6.781739272122786280e-03,1.092883877852699089e-02,1.829259824893809602e-02,1.727743267707560620e-02,7.556748766548578369e-03,8.154542433573299526e-03,2.413724998779192416e-02,3.442758706493686399e-02,4.029839128506414875e-02,9.431960729095870133e-03,5.622082831763440536e-02,5.885085975643998546e-02,2.420005520581196973e-02,1.162753130185437689e-01,2.252156955560191964e-01,7.089379975518225740e-02,6.254730875212297092e-02,1.796857596094261211e-01,2.995731307589908146e-02,2.067395077962655425e-02,1.032165955279036769e-02,4.688988711670171415e-03,1.101293455479659955e-02,3.906062059589818832e-03,8.491066307956707249e-03,2.649551567764310556e-02,7.701398018171053128e-03,3.200525800503763174e-02,8.071959574011255967e-02,4.898044863357239875e-02,1.882112361416074867e-02,3.944577870490208193e-02,9.492136611475780750e-02,7.153311756580610359e-02,9.774544917465563185e-03,6.868647707369922306e-02,9.543917439519181145e-02,5.874652024328366751e-02,7.993951655617589913e-02,3.455696926263374102e-02,1.597119627490816152e-01,2.495212186763430540e-02,1.493006625652338049e-01,2.363692929020711278e-02,6.041785123101010152e-02,9.830829575940326637e-02,9.882345984452442500e-02,2.022196229943931667e-01,1.203748083947047409e-01,2.051119171415256015e-01,1.900818422459261969e-01,6.654540209224789338e-02,1.601014653635305651e-01,5.814863324000699163e-02,2.084342370591810156e-02,1.007902614568553928e-01,5.751354074069815053e-02,8.432607705194199166e-02,3.099902060545462953e-02,2.037471535085925642e-02,2.826606189433230470e-02
4.211150796752462233e-02,1.030825602645916439e-01,1.795312731530985043e-02,1.480597414499616737e-01,3.401257235806118967e-02,5.010708735636162231e-02,1.037588858887579235e-01,2.619579770356617043e-02,0.000000000000000000e+00,1.287061806415007448e-01,4.997887045593049637e-02,2.861858515803833436e-01,1.993789523548313292e-01,8.035874951071983463e-02,2.102985109524255491e-01,2.126275759953229899e-02,3.366030411796656213e-02,1.587436376155109130e-01,1.803658427466112435e-01,1.794228402737629152e-02,1.127727000622044846e-02,1.427563674209576111e-02,1.233234049697627330e-02,3.647130026146481324e-02,5.102192733779022105e-02,1.307463956286368870e-02,1.039050580621124313e-02,3.994214212851261193e-03,1.169913329972487731e-02,1.668616880829123031e-02,6.432292950354644850e-03,2.295089501997972427e-03,2.855836584891423974e-02,7.316063620732031134e-03,2.194178937485942796e-02,3.807996168795289849e-02,7.545814766026971536e-03,2.226434683981022566e-02,1.574970888522030446e-02,1.281171186647957032e-02,4.831882254079172823e-02,3.999774455965335318e-02,1.316639583540636649e-01,1.252593111141695609e-02,8.368551925717733486e-02,4.405582849637253856e-02,4.153017208716976855e-02,5.071327769441411060e-02,4.411109552901845698e-02,3.838386723090546349e-02,2.786395301449379885e-02,6.329921225373498495e-02,3.440522951618460445e-02,3.119771421786853710e-02,2.919980551268741911e-02,6.384043463230920645e-02,4.699454567161773233e-02,4.199707301899835432e-02,1.728955771151789028e-02,7.498197336282835801e-02,2.352829820208734990e-02,6.498204876107400996e-02,1.007387468919023477e-01,1.631793742637200131e-02,5.185797209956700266e-02,1.278018477293429295e-02,1.587182662022803073e-02,3.408751497584217027e-02,1.571647392232054241e-01,1.616920571502295650e-02,7.475759289382120920e-02,1.832557488922730016e-02,7.417260145471364294e-03,3.890780189080371432e-02,8.286729410393694345e-03,6.253087450559208053e-03,2.259889936539523705e-02,2.597598395941959348e-02,4.172565328237491655e-02,2.718587472144154069e-02,2.985072992964015771e-03,1.259995001539933844e-02,1.421681494314765148e-02,8.599561122495089083e-03,2.793994646467783984e-03,1.014077644401996901e-02,6.858387906954460655e-02,2.547684237319401690e-02,1.997153637944479310e-02,2.378690606755855252e-02,6.197469063979105242e-02,1.107694623725378191e-01,1.789329391757815413e-01,7.978591569456983112e-02,8.475796301279805989e-02,1.685089170260287150e-01,9.574462318416379625e-02,8.615063824048074803e-02,5.593347731928071526e-02,5.094759909729652120e-02,1.597461871996813665e-02,4.416239080357089661e-03,1.774090806538921802e-02,2.387410725457725716e-02,3.542312782217622857e-02,9.883956410334564235e-03,7.588741094573842050e-02,8.373155249410456358e-02,1.796036599653138416e-02,2.088379500882557929e-02,4.886016256572131566e-02,6.296401752521463280e-02,1.442167340963999671e-02,2.813097989623975642e-02,5.808048548531265232e-02,1.163373677045269616e-01,1.044656551806654315e-01,1.703158056355028732e-02,1.551947322635975068e-01,8.732993754299819833e-02,9.328372876892272736e-02,2.204294005781787594e-02,3.827272660727079612e-02,1.341227974865850936e-01,7.950861187544192021e-02,1.945343405676743798e-01,1.532414849855423811e-01,3.590354399130737950e-02,1.512172436706205603e-01,5.727668256105620387e-02,1.166975225989780665e-02,1.807786251825267698e-02,4.775905963272798760e-02,1.312650879441062610e-02,1.512575484782510173e-02,3.057620015143004341e-02,2.475968568061073793e-02,1.035589163389270990e-02,6.278769811500820551e-03
1.029167433209254023e-01,2.400287494582782066e-01,1.337411705954617835e-01,2.132567652346196996e-01,1.464768858773796145e-01,2.414578539262675350e-01,1.251254677649604741e-01,5.687938295928689214e-02,1.287061806415007448e-01,0.000000000000000000e+00,3.107882703862634502e-02,6.790784146442344071e-02,1.763209814202615078e-01,1.293469998407958121e-01,3.336276350216349496e-01,7.433848566158625382e-02,9.398187701358133583e-02,2.086726546516037561e-01,3.026765856410859601e-02,8.485446914069991187e-02,2.423098209677775408e-02,3.513717017958143188e-03,6.624164265613379475e-03,2.913755149210614862e-02,4.705871490658795203e-02,3.484636283390737943e-02,9.137906833580473204e-03,3.429968036389780678e-02,1.619281187360209137e-02,2.061482055695511642e-02,1.972611799801361060e-02,5.795305567386345100e-03,2.688983312184323876e-02,1.774659603980528050e-02,2.744910138339185738e-03,1.874804871340449500e-02,5.390480410299703512e-03,1.343299081083072777e-02,9.439580754709376090e-03,1.732928197850648958e-02,1.570239027172242244e-02,4.157800137559609227e-02,1.119668671106301833e-01,1.445571450771276391e-02,1.666142741330337573e-01,1.727336011209324937e-02,3.226875984719895091e-02,7.048776510101799342e-02,1.361065863778806312e-02,6.233095825754869646e-02,3.926606133349346689e-02,1.787263763535730174e-02,9.367233602872548914e-02,2.888734079114093495e-02,8.757577498934929205e-02,2.379494862570824543e-02,6.173484980966971458e-02,4.342486505803096197e-02,2.454016041805996001e-02,1.088087328084163669e-01,8.153963774550754273e-02,1.212658242501615108e-02,1.209789187115446751e-01,3.407270314966320129e-02,5.088111451510084204e-02,4.979281618316680480e-02,5.865143085904318127e-02,1.106096171793541222e-01,7.857752476594784263e-02,5.822642279695334350e-02,1.173184318912135482e-01,3.912326207657496058e-02,2.067219834576483617e-02,3.517140258559701277e-02,1.678072283107889459e-02,6.105915667044891498e-03,5.000255294355218649e-02,9.351064623344465532e-02,2.803799972099364768e-02,4.992907965234001655e-02,2.746479191654556049e-02,5.526473470020833861e-02,1.656449582382229710e-02,9.926650439824363098e-03,7.436511532745466481e-03,4.757637499882564486e-02,8.291053134155006166e-02,5.503217891130779416e-02,4.498644367798966537e-02,1.100818908857879724e-01,8.456482414195545805e-02,2.264886979336467043e-01,2.004034899907982947e-01,9.988427817775114015e-02,1.333981833413177831e-01,2.287525674894400340e-01,6.204170655037501841e-02,4.579566784357600590e-02,2.112419372835283582e-02,6.303632080197296705e-03,2.311787301585382145e-03,9.084600019908819352e-03,7.288462874420639954e-03,5.353852925049144840e-02,4.186019773548420309e-02,1.004755908922650570e-01,1.539222201893246100e-01,4.473035309508007623e-02,2.155546232678661606e-02,7.808718036515981120e-02,1.684626673010365949e-01,6.034480604999471060e-02,3.195792776185212014e-02,7.108815974282380046e-02,1.192575130431522551e-01,4.258551721199239914e-02,4.206078727402080830e-02,2.117430165455417776e-02,1.924770275100790295e-01,5.985801518491631196e-02,8.723956639475116681e-02,1.503276693073187301e-02,8.309355717724106749e-03,1.462000921841657974e-01,1.735779108608456467e-01,1.845570190366840613e-01,1.042034174209480191e-01,1.340229527904156226e-01,2.089504406419856186e-01,7.495781195508392780e-02,9.829612223282431505e-02,3.789277792530652833e-02,2.211459542451060800e-02,1.578200115575678630e-01,1.032886975694925075e-02,9.336459137322340729e-02,8.008607234180838835e-03,1.840265254720708718e-02,2.733662429127877574e-02
1.412666912091349869e-01,1.609187739488306679e-01,6.862931909130820518e-02,2.386701136056207373e-01,1.992721895081152883e-01,9.756735652186464269e-02,8.508475919845409630e-02,1.331909283970176827e-01,4.997887045593049637e-02,3.107882703862634502e-02,0.000000000000000000e+00,7.269229337825197645e-02,2.377085978392871057e-01,3.498670672654363711e-02,1.263951608133169480e-01,6.872402607484194570e-02,3.472720085009215613e-02,1.033306693632241174e-01,9.085161164320995630e-02,1.456161964546281995e-02,1.599985033379894284e-02,2.942235207200312105e-02,3.845985206049774840e-02,6.259214058775269818e-02,1.108112325878601034e-01,3.124236806725302212e-02,1.520508387261075220e-02,1.832258258992871744e-02,1.033501326595171951e-02,1.182074382801061481e-02,6.839391268058016109e-03,2.528823519578015516e-02,1.102464788763388333e-02,1.167934760539427255e-02,4.519669005381312527e-02,8.057726614254490105e-02,3.830102383131373574e-03,6.547257856718441404e-02,3.480931074190257712e-02,1.945713288881538786e-02,1.763888149107669528e-02,8.300042109538532942e-02,8.960673747889490171e-02,5.004420154558386624e-02,2.192880502542425003e-01,1.016295258368555415e-01,8.087316799759951269e-02,9.551248491500395621e-02,3.193221448178485550e-02,7.318771947557398128e-02,6.319864631280994183e-02,1.158568176633002073e-01,3.731512231770858085e-02,3.425074265066040818e-02,1.116153416402620169e-01,2.254768483083943037e-02,2.220785519191018076e-02,1.025848468356781173e-01,2.531328252934813075e-02,4.750871936893635156e-02,8.650653596809042278e-02,1.208163885539441235e-01,1.927830648723372342e-01,2.273711852282178647e-02,8.276345687875004409e-02,6.432541448156137154e-02,2.387562352578276662e-02,1.311849490423701997e-02,2.706258161799615300e-02,4.071599148747905017e-02,1.477683819825451397e-02,1.376302232156079164e-02,5.649265857355743360e-03,3.291075763441322910e-02,2.897361921205166002e-02,6.692123296108556420e-03,2.036930618002105384e-02,1.755152559156393163e-02,1.284185429408263995e-02,1.782169285398909481e-02,2.022364411945020909e-02,5.557498246190497801e-03,9.215101139225079230e-03,1.141351002420192386e-03,3.189295957637439116e-02,5.935879783295080342e-02,2.229093888286173136e-02,6.362286271171306573e-02,2.613171801567739164e-02,5.627707138678260390e-02,9.089414189885641759e-02,8.422561698255559559e-02,1.775515181402194942e-01,1.147664348250797967e-01,7.225421221240407865e-02,1.720848519629962214e-01,6.165690057612060321e-02,7.686853376014469996e-02,2.964827554369844909e-02,3.358321520392007486e-02,1.279055687880614745e-02,1.609015064816380139e-02,9.533716506247581421e-03,2.223042750888769986e-02,2.741791111200350337e-02,7.334659012156688473e-02,1.187081433864891900e-01,7.033025502384919296e-03,1.543332876893364902e-02,2.812758810884313093e-02,1.055547145888616339e-01,6.015747879543807686e-02,3.070851118331852092e-02,3.916218027324683965e-02,8.409388227599846888e-02,6.129040495206571071e-02,4.739334261710003576e-02,4.352959576641885625e-02,2.140207287308176498e-01,1.977977442731242499e-02,1.499207213163220309e-01,1.282576087138936546e-02,1.846162167658986497e-02,4.975970421918664288e-02,1.010297672902482347e-01,1.257543589620371549e-01,1.124326857551910530e-01,6.105683636113660995e-02,1.693110851540365058e-01,7.804042389018210624e-02,5.107422232945933727e-02,3.047540562218668467e-02,4.327220097355977124e-02,9.842666306794231601e-02,1.507309529298457226e-02,3.616808553929181519e-02,1.351376170519655133e-02,2.975845650779209567e-02,1.194304940326923296e-02
