0.000000000000000000e+00,2.104316193610444689e-03,2.515048320642403450e-03,2.214565305218398235e-03,2.859152322125178315e-03,1.206371670729331370e-03,5.238547665382603698e-03,2.856860618808733116e-03,6.479629300367920194e-04,9.464539480512569516e-04,9.855920124499345080e-04,4.072913471078735319e-04,8.556579882208632240e-04,4.111470641214395481e-04,1.268873286348114063e-03,9.326887300843976535e-04,7.871703231972710432e-04,3.189899462766134820e-03,5.156128929772051291e-04,3.110943518279439893e-03,9.179948586679025080e-04,5.296156049014729772e-04,6.222744315048751515e-04,2.121314819613135023e-04,5.601021212093630283e-03,2.540104306679025334e-04,3.344637197843577589e-03,6.279802740093918785e-04,8.026364182731021528e-04,8.170539260231634085e-03,6.312381748932135647e-03,4.689547231716238718e-04,8.318104073605929504e-04,1.504499860339749383e-03,1.069154876883906743e-03,1.436249471786501045e-03,1.347109009975911353e-03,8.001027581685469505e-04,2.213929746894048405e-04,4.046237393762617185e-04,4.860562735775495130e-04,3.287942316721843925e-03,2.054114464142118462e-04,1.406812589863968774e-03,4.651767870925015494e-03,2.264462839387866469e-04,7.624289460051076901e-04,4.255296525720893459e-03,2.212920726017860145e-03,2.116658425993093496e-04,5.719908006179562398e-04,2.028101547107021615e-03,1.034410122103569807e-03,1.028896935692572966e-03,1.443298586355362895e-03,1.912694248201868936e-03,8.840470899786271979e-04,9.003951107766091462e-04,2.239944512214034865e-03,5.511612689191641625e-04,2.913178929240556672e-03,2.170626886278567615e-03,3.656284915445843359e-04,5.024529967477176949e-04,5.857968098496690694e-04,5.704970222152141480e-04,4.696623083584025365e-04,4.981038328637829972e-04,3.075860648970361530e-03,3.997503355726528761e-04,1.285685995270667104e-04
2.104316193610444689e-03,0.000000000000000000e+00,7.309881460888129588e-03,6.722803096647402173e-03,4.775428181933197638e-03,9.678262400377330224e-03,8.133201928728172117e-03,8.840912824932402152e-04,1.198992179780653542e-03,3.329745824108524968e-04,2.348333890473287312e-03,1.170303739373700861e-03,6.459955587310995924e-04,9.760349879795704149e-04,1.011086021313915492e-03,1.354583158291508072e-03,6.614606059625368750e-04,4.144186943615321521e-03,2.826641173023993099e-04,1.364094924300611467e-03,1.625360072397444332e-03,2.905782303911529280e-04,1.859376202816924537e-03,7.630316388469198701e-04,5.536659982044963776e-03,5.093630003784171143e-04,4.390063291686304055e-03,3.821813922664738525e-04,1.530395520913640063e-03,7.521672276628301075e-03,3.079989570869932913e-03,1.180269419773081812e-03,5.608720703146963596e-04,7.934080361650744113e-04,4.664028911411758640e-04,2.755736951485704845e-03,6.548052169084797331e-04,1.190758321025688982e-03,2.887888520776853846e-03,2.812093067715480893e-04,2.196214747123278761e-03,5.613845872398237104e-03,2.153892662575133997e-04,8.220117537736759510e-04,3.479549002116973013e-03,6.665722609439443365e-04,7.129746860535666119e-04,2.179756857503227421e-03,3.239297868830386031e-03,6.397585463309435208e-04,5.010341796759136069e-04,2.346259131679769797e-03,5.778886376020468240e-04,4.485387140216538760e-04,2.775292252273954281e-04,2.876390873031010160e-04,4.393292952716485703e-04,7.055516133395566686e-04,2.645821007435187906e-03,2.922991195296417060e-04,5.468935858826467697e-03,7.567248299208052158e-04,7.249413766925716634e-04,2.759187767585456101e-04,9.070396109755399098e-04,7.555555905177049241e-04,5.645881516492669110e-04,5.752945144342080800e-04,2.374804239755073270e-04,1.447226796630167022e-03,8.905836282287633030e-04
2.515048320642403450e-03,7.309881460888129588e-03,0.000000000000000000e+00,7.284694199513598763e-03,8.595700491341432339e-03,3.758848482167828631e-03,3.899772866011893841e-03,3.922206956383881074e-03,3.825227268744126833e-03,4.069818513641233065e-03,4.597978662310960377e-03,2.664805485122527344e-03,2.209077859552099898e-03,5.362127634069794452e-04,2.724632083946675401e-03,1.832248260047872855e-03,7.235270339849261606e-04,3.568859647645127378e-03,2.040570598183191146e-03,4.762401761257223365e-03,8.679278974305851399e-04,1.973484444597542551e-03,5.360465560197555900e-03,2.440271379962459866e-03,1.115911440130348473e-02,5.030100803421072748e-03,9.325084405885948960e-03,1.020751577019657829e-03,9.539997528446612571e-04,1.323509642869692172e-02,7.817133202534817457e-03,6.285862209565922041e-04,8.140659330744398625e-04,3.553813654148050248e-03,1.906101766405275504e-03,3.271571656942730277e-03,7.621545214201767837e-03,9.246256901331041927e-04,2.288652887490750989e-03,4.853144633323910992e-04,9.221071662487323635e-04,5.488419489716769330e-03,1.423910130376731132e-03,5.737152918451212356e-04,7.112035325189523804e-03,3.252996904908667282e-03,4.973832363312668441e-04,5.890852405837275485e-03,9.061880276984303137e-03,1.191042675699278226e-03,1.298524938332651932e-03,3.986528823607490835e-03,6.600702152103314277e-03,4.359244134776852839e-03,3.399056668683125924e-03,4.069604850033535851e-03,5.815976680465145864e-04,6.517703312098065182e-04,1.979435599189467449e-03,9.119558184424474872e-04,1.006322628659737928e-02,9.310358420400658211e-03,4.986227322457991058e-03,1.063517247389458463e-03,2.373389645913803834e-03,1.535191237495123380e-03,9.665375335173345380e-04,8.609340334066965111e-04,4.088082461574123585e-04,9.088767668422109095e-04,7.847718107234330194e-04
2.214565305218398235e-03,6.722803096647402173e-03,7.284694199513598763e-03,0.000000000000000000e+00,2.972567738630011933e-03,1.736672091746834607e-03,7.738697374599455732e-03,3.366882420917083601e-03,1.523262557347551628e-03,3.495974093402469569e-03,3.976383928475000010e-03,4.030438433989622787e-03,1.673105408065806874e-03,2.671861947337512890e-03,4.773290006817134876e-03,1.727681888203212810e-03,2.022695828954683243e-03,1.045035991937337885e-02,6.327164066829816342e-04,5.984416198719166337e-03,1.288523420959088953e-03,3.734774124254186100e-03,1.056958700686822569e-03,1.174667111044794352e-03,9.081274441567865896e-03,2.195947401365543408e-03,5.536799351219442653e-03,6.028424146225019398e-04,4.193520175347848281e-03,7.490577667746098865e-03,4.706430435818724153e-03,5.946859612693855589e-04,4.823997766901286406e-03,1.066410741947683687e-03,1.698276028456864985e-03,8.590844636541319912e-03,2.444384721447074790e-03,8.392249865007512730e-04,6.045641059570765891e-03,1.302811106452257022e-03,1.434837340428050121e-03,8.549380246233171526e-03,4.330536511292146489e-04,5.544853029035419446e-04,6.955925374535460760e-03,6.082905101013526966e-03,1.383664441552197527e-03,1.450636966875663457e-03,1.235850382744087261e-02,1.321717326697603896e-03,9.772979108239739868e-04,2.680710794365416105e-03,3.508845684750961248e-03,1.207214726100202173e-03,2.657972790228376207e-04,6.599717722574159964e-03,9.225546508001632347e-04,1.363361200265262706e-03,2.876818121227814416e-03,3.361663548446390277e-03,7.273371495589379260e-03,2.558083089935052085e-03,2.625246466530602694e-03,1.337590331906672331e-03,1.148427146989083924e-03,5.777706529132213380e-04,9.301127106503926734e-04,1.772759871640041665e-03,7.540149586765769333e-04,3.863440875646575751e-03,1.718283785108541684e-03
2.859152322125178315e-03,4.775428181933197638e-03,8.595700491341432339e-03,2.972567738630011933e-03,0.000000000000000000e+00,2.352224896960933027e-03,8.121214803960854350e-03,2.703718028662336487e-02,1.013266706707237515e-02,1.361160858980523490e-02,4.829641778063973462e-03,2.528097085445939803e-03,1.193749919277801129e-02,8.018222793934680348e-03,8.051886118346495433e-04,5.775099829484372366e-03,5.729123025318760137e-03,4.704210572811260566e-03,2.551694713738119139e-03,3.555580790272738875e-04,5.599856479186367079e-03,3.501953946057769808e-03,7.188409443885115935e-03,5.983350900097440285e-03,7.829233540128405222e-03,4.689097259844188410e-03,2.560115197657015281e-03,1.232535411860969255e-03,1.208453687722483303e-03,4.868080552278117659e-03,4.933123478040497140e-03,2.352642110579887102e-03,4.208918978611796494e-03,1.956297517683718446e-03,4.861694681923681323e-03,6.849759644464274884e-03,5.827076419007845391e-03,9.887814519113640073e-04,4.552258171100476668e-03,2.740793840325671943e-03,7.980896665323462249e-04,6.517677573758921816e-03,2.775798152440896605e-03,1.410946337154774530e-03,1.014057620501481079e-02,4.327021680685948809e-04,2.156886025981792025e-03,5.785609762524695013e-03,6.046987985491841106e-03,1.477867470356154962e-03,4.737854400468275947e-04,6.449377176895171315e-03,3.825478791372331593e-03,1.645510141346042928e-03,1.159396234898750662e-03,4.061225115194294329e-04,5.981767278159979672e-04,3.456720662744380574e-03,3.576046095086737571e-04,7.680824186039136945e-04,6.247378891579630049e-03,8.176217688172142048e-03,3.475319740547085177e-03,1.708728754086752746e-03,3.369107088779973915e-03,1.345873724691260161e-03,8.944881410393993757e-04,9.826438850626380370e-04,1.295597203528864880e-03,4.779949682638537194e-03,4.048898078648177808e-03
1.206371670729331370e-03,9.678262400377330224e-03,3.758848482167828631e-03,1.736672091746834607e-03,2.352224896960933027e-03,0.000000000000000000e+00,1.013057134822220595e-02,2.635244153810928705e-02,1.604634659883133821e-02,1.937458163871148137e-02,1.191884894789898251e-02,9.951684084092134869e-03,6.922104475560849485e-03,6.919357882760604310e-03,2.687285433209666684e-03,9.868309589915063868e-04,7.163838121267966652e-03,2.353892617679754357e-03,3.033546819247288744e-03,1.278107367420821530e-03,8.719069303645698727e-04,2.587308871397151454e-03,9.130688556170420134e-03,3.322650538035833677e-03,1.919316800324079482e-03,1.182752295091717360e-03,3.818536747110697505e-03,6.047923974924494838e-04,7.469840319911477027e-04,1.441971501077038420e-02,5.870175235326490111e-03,4.549916192562082802e-03,1.368996347941995890e-03,1.274521667546114120e-03,3.849382277480065985e-03,2.430422206407800798e-03,1.900898822308596040e-03,1.253986234693454894e-03,4.479886767229224035e-04,2.295950358801996521e-03,1.671334067290307238e-03,1.108413311934150752e-03,6.332602324916383188e-04,6.833404392923571021e-04,1.184895120230975612e-03,9.794407074798807105e-04,4.691997921162166995e-04,3.408316686566620389e-04,1.574287132680252804e-03,7.357608363179256273e-04,5.184407962306694000e-04,6.723639595659243722e-04,3.810023592722990536e-04,3.261707664401255883e-04,1.369210167045174613e-03,1.032944875816232521e-03,9.020888371649764476e-04,8.936219905569060731e-04,4.104379759285411468e-04,2.213282563809471776e-03,4.226762406390236794e-03,4.943420411520790987e-03,7.293001936753644833e-04,7.888881887576837046e-04,9.195315574629942933e-04,1.259167362397642115e-03,4.780005141724069802e-04,2.197297289339266053e-03,1.862450970572869773e-03,1.796024450517259580e-03,3.256324183572930514e-04
5.238547665382603698e-03,8.133201928728172117e-03,3.899772866011893841e-03,7.738697374599455732e-03,8.121214803960854350e-03,1.013057134822220595e-02,0.000000000000000000e+00,7.531686799797799280e-03,9.187787804257588689e-03,3.270788890557841614e-03,1.204637269679985356e-02,5.814762847133374095e-03,3.806400475934089596e-03,3.561610290038940124e-03,5.797671571699383047e-03,1.754119150044060457e-03,6.950569329552569453e-03,2.956444082414876919e-03,6.319334842130926860e-04,3.290967680229473120e-03,4.330737571535616878e-03,3.440188322850516994e-03,1.572868223914936992e-03,1.955187240752607677e-03,2.220466727680137867e-03,4.148717001048091851e-03,1.035464416734377304e-03,6.938082681029489893e-04,5.643430272392236866e-03,8.700690218798656783e-03,7.187187702536341214e-04,1.455289561887508762e-03,5.693950578078625473e-03,1.484830824713975631e-03,1.669382771089842222e-03,2.195824338428075794e-03,1.314445540597793116e-03,6.302745074969597159e-04,6.950317606266863445e-04,8.390957561336363779e-04,1.166013189275629273e-03,8.293111097074080907e-04,3.560078548195537733e-04,2.782773147385624209e-03,1.082213231169087400e-03,5.672544723103469747e-04,2.939705568600343814e-03,1.316290742220743758e-03,7.193257268820190276e-04,1.791970032499785566e-03,4.612295718969355168e-03,6.042012108280566838e-04,1.192830436551257358e-03,8.766519208736680028e-04,2.977474124320811377e-03,2.996076478922369071e-03,2.516803230982687912e-04,2.481634478354360820e-03,1.807931921642941470e-03,3.057766242267745318e-03,1.327118983059492711e-03,1.280970598444267647e-03,1.144483596624574140e-03,2.756040565679905661e-04,2.516660597025794136e-04,4.892222857985976643e-04,3.446352324605620669e-04,9.340595839632248858e-04,2.665190781375638028e-04,2.631260958493651051e-03,1.370829397064237884e-03
2.856860618808733116e-03,8.840912824932402152e-04,3.922206956383881074e-03,3.366882420917083601e-03,2.703718028662336487e-02,2.635244153810928705e-02,7.531686799797799280e-03,0.000000000000000000e+00,2.874394656347116148e-02,5.433537604613956559e-03,1.628112123409259510e-02,6.133858813554480573e-03,1.065426814965094240e-02,8.369589505559781734e-03,4.011966535760775644e-03,8.225343907930459525e-03,8.146669205838692057e-03,2.303821559389397818e-03,1.354626179627555285e-03,1.290468225410544567e-02,3.942010669531130322e-03,1.123214803508532479e-03,3.469041390414968114e-03,2.610968604682010683e-02,2.036338921524073579e-03,2.635812558723822380e-03,2.222062603107920718e-03,2.327880394867311211e-03,3.819321607736160746e-04,3.146794119425303914e-03,4.759625639621587324e-04,3.467696551931436356e-04,5.075867679574387614e-03,1.408155526755360811e-03,1.425815801281683131e-03,2.189897804011443471e-03,6.999420220183704723e-03,7.679761802679006171e-04,3.202533503727734467e-03,8.778916409801722611e-04,2.840870420437439318e-03,7.083103123391567895e-04,6.545551897884862962e-03,6.410657006738523962e-04,3.172875241628319697e-03,6.229727243624352253e-04,2.011777414274176724e-04,5.379278871649037161e-03,3.249588430529621805e-03,3.328982459660383836e-03,5.221059043624225442e-04,1.819783303164410624e-03,5.119733459731785202e-03,1.105355083413776677e-03,2.001920976140219351e-03,1.904098628047095352e-03,4.259722895429003914e-04,3.534069265597747714e-04,1.322974264018017933e-03,2.449047658730824431e-03,1.688565042382399401e-03,1.712654175078974408e-03,4.593302570658631089e-03,8.185791580073500939e-03,5.669903235717632488e-03,1.516047739215884219e-03,9.734437918590245833e-03,1.644483963617515828e-03,4.557454382480037071e-03,8.129228002050381194e-03,4.850713710263700705e-03
6.479629300367920194e-04,1.198992179780653542e-03,3.825227268744126833e-03,1.523262557347551628e-03,1.013266706707237515e-02,1.604634659883133821e-02,9.187787804257588689e-03,2.874394656347116148e-02,0.000000000000000000e+00,3.779066200337323749e-03,1.999953895644630136e-02,2.646393998444713722e-02,6.051942037219016322e-03,1.877501317385408749e-02,7.709296763629251009e-03,2.243369721637441909e-03,1.925882321115839416e-02,1.727087496675469829e-03,2.885067932313554323e-03,1.771457457764057802e-02,5.301467804245560585e-03,8.184989926953998088e-04,1.220365528714040942e-02,8.515657942299451402e-03,1.648260544494403040e-03,9.300010919713046654e-04,3.625280537955260021e-03,5.327208346959844479e-03,9.839959440004224147e-04,2.742150251619699091e-03,2.906708314074071039e-03,2.810271345988101053e-03,6.814848018749763113e-03,7.736513457475131762e-04,3.720806667315406605e-03,9.989547547931132421e-04,2.696334771019685047e-03,6.363628902715109340e-04,7.676661477625360041e-04,7.844408768488939131e-04,1.286371611507848177e-03,2.944499668775055895e-04,3.247373962811041410e-03,2.942667532642879828e-03,2.609624333928456125e-03,7.195186902684018362e-04,1.976407575817425762e-03,1.996320451748312581e-03,2.307786812348623304e-03,1.006290725388400784e-03,3.330839982076763163e-03,9.941783850722276522e-04,1.101973875505237116e-03,6.943353320223567913e-04,2.791765057144135649e-03,7.548538352245398033e-04,3.973316408453918432e-03,9.764198720254138640e-04,8.030210174611980773e-04,5.897924582468303326e-03,7.536254624645749448e-04,3.247898253231554146e-03,9.730488317984073996e-04,8.890481409731731607e-03,5.066285634050384477e-03,1.357359666966255702e-03,5.689647205175592595e-03,6.026924089634419371e-04,1.323737486125161136e-03,3.506793046344879993e-03,1.515422471919049404e-03
9.464539480512569516e-04,3.329745824108524968e-04,4.069818513641233065e-03,3.495974093402469569e-03,1.361160858980523490e-02,1.937458163871148137e-02,3.270788890557841614e-03,5.433537604613956559e-03,3.779066200337323749e-03,0.000000000000000000e+00,1.127597338363789739e-02,3.325675137046249508e-02,1.860758217861758698e-02,3.333912432326077702e-02,9.554601960774981514e-03,2.708248618659621267e-03,1.894396827330903019e-02,1.457366985840747448e-03,1.232647021508452480e-03,1.715323110185856120e-02,4.313819896261067953e-03,1.791319836648434327e-03,1.480173859144311849e-02,1.926246064822579804e-02,2.166027568644347378e-03,1.063516302407437877e-03,7.892660897335142950e-03,1.608278520654013921e-03,2.026643381239524172e-03,1.632643844066399052e-03,8.820345840609711014e-04,7.845520255556442902e-04,2.889009777026699602e-03,2.802072943477170158e-03,6.342625951741285781e-03,4.138223122537599760e-03,1.672236574959080685e-03,4.789997673050445069e-03,2.860317050159240284e-03,3.467265064585567987e-03,1.292649787482434611e-03,2.412015740897932841e-03,5.550302050619603141e-03,3.947106495281627915e-03,1.925977287134345104e-03,1.256722294415353906e-03,1.099672515665056118e-03,1.651233617561988524e-03,3.437426882121098325e-03,2.495524169378876209e-03,1.063491321328132681e-03,1.000832540921763438e-03,8.055755240338087486e-04,3.602662502016980902e-03,2.278704717043076276e-03,5.925935006863426290e-04,1.223149707113876114e-03,1.395222506612255400e-03,5.860400618461015024e-04,1.030952471599174552e-03,1.886091634469343279e-04,2.778005570154771543e-03,7.057886089219195594e-03,1.522141234596716478e-02,4.924346603685366905e-03,3.371026645673347311e-03,9.640594167928118186e-03,7.810977146167216115e-04,8.590582684678381301e-04,6.935516309385867696e-03,1.717712750144458197e-03
9.855920124499345080e-04,2.348333890473287312e-03,4.597978662310960377e-03,3.976383928475000010e-03,4.829641778063973462e-03,1.191884894789898251e-02,1.204637269679985356e-02,1.628112123409259510e-02,1.999953895644630136e-02,1.127597338363789739e-02,0.000000000000000000e+00,1.150099300768296813e-02,1.684794653006389115e-02,1.199999582493556892e-02,1.705161114999884098e-02,3.476694456745592528e-03,1.098038692453714125e-02,1.694290809697367953e-04,2.831240103558131747e-03,2.567787027873012426e-02,7.360349998906297493e-03,6.871890850954518945e-04,7.064609935186971605e-03,2.511483260570242931e-02,1.438058775704749437e-03,6.932044345821257100e-03,2.451812410606416751e-03,1.232851019362463801e-02,1.272052379529517267e-03,2.026189436459126941e-03,2.638435661462137406e-03,2.072268143902036060e-03,9.929290330085455835e-03,1.482764380259742444e-03,1.582584427664709796e-03,6.782902105074116450e-04,7.462675338408790784e-03,6.874024370212933289e-04,9.677437682887867236e-04,7.766361905824879786e-04,3.633576881664425835e-03,5.471218610371084970e-04,6.175973629724064960e-03,4.912837104366960363e-04,3.744872288449217421e-03,2.155794666507641552e-03,1.195076069385290259e-03,3.203647039057304705e-03,1.527866413762940046e-03,2.492755984574404355e-03,1.291265148660741477e-03,2.192290289270875433e-03,2.926142764533267056e-03,1.138792980881784666e-03,5.206871499406399983e-03,2.681315742697219784e-03,2.592906637987214130e-03,4.858153364364922386e-03,5.496333470423214219e-03,2.658086231045294918e-03,8.658949915629246237e-04,2.844759194425691348e-03,3.178470624310670081e-03,9.185295676901182246e-03,8.421074953934227364e-03,3.502522081294729729e-04,7.711893899398520116e-03,1.365355602044367005e-03,2.052901565993002237e-03,3.387303003739146508e-03,1.813173198427613705e-03
4.072913471078735319e-04,1.170303739373700861e-03,2.664805485122527344e-03,4.030438433989622787e-03,2.528097085445939803e-03,9.951684084092134869e-03,5.814762847133374095e-03,6.133858813554480573e-03,2.646393998444713722e-02,3.325675137046249508e-02,1.150099300768296813e-02,0.000000000000000000e+00,8.509345910097488447e-03,3.492228712002060607e-03,9.918155776713627123e-03,1.474227671222213274e-03,3.410635089259733688e-03,4.153969065040400560e-03,1.772841161357857674e-03,1.510787218727902698e-02,8.953692575544536583e-03,9.484195884779415484e-03,1.059238536045994244e-02,1.314625408729550200e-02,7.886451289514770716e-03,7.364560463645910757e-03,4.504912454084510076e-02,2.075682021398485982e-02,2.179397929233184775e-03,5.879845503595416967e-03,1.385344241809357765e-02,3.541196701191038319e-03,1.967990706039595555e-02,1.761993940678839186e-03,3.482013131285416514e-03,2.903347817841263161e-03,9.177474965208601981e-03,2.911752864409543166e-03,5.860013015641163565e-03,1.125099544871743622e-02,1.233270565852778982e-03,3.324317139986630604e-03,3.000588510143338810e-03,1.994048796316534849e-03,3.370908236325871675e-04,2.903922431261907449e-03,4.386552779829955111e-03,1.094081432487528432e-03,1.087206498867352659e-03,3.446286249413044265e-03,3.022135677956553322e-03,4.717938433691673365e-04,2.868161726706081310e-03,3.624700491690578132e-04,7.092956342141324907e-03,2.725440818239513886e-03,1.861074046973137724e-03,9.430955229459603642e-03,1.090847762094695767e-03,2.288880711239655794e-03,8.186050733901100969e-04,4.189761677026438563e-03,5.683192404755675262e-03,6.098149763802290270e-03,8.861828265203956431e-03,1.284315941190077980e-03,1.052701295698721916e-02,7.583825581192043912e-03,3.176646174303901591e-03,5.108721897247555863e-03,1.145931518176895479e-03
8.556579882208632240e-04,6.459955587310995924e-04,2.209077859552099898e-03,1.673105408065806874e-03,1.193749919277801129e-02,6.922104475560849485e-03,3.806400475934089596e-03,1.065426814965094240e-02,6.051942037219016322e-03,1.860758217861758698e-02,1.684794653006389115e-02,8.509345910097488447e-03,0.000000000000000000e+00,9.987993433512159028e-03,8.180074780457772046e-03,1.266888791338545948e-02,3.211366479628481249e-03,4.132924822589310529e-03,1.962193056574765282e-02,3.573156865448743995e-03,8.513616793839555441e-02,3.354343620940325454e-02,2.550549658297732517e-02,2.880362454501189662e-02,2.270241682265253941e-02,5.799692847521165789e-02,1.072104935092689920e-01,6.700209517856178798e-02,5.590755912124447356e-03,2.291474060187701552e-03,4.633758698083433741e-02,3.730185750244314168e-03,1.069326145818066086e-02,1.224255928709992551e-02,6.119657121184524790e-03,1.390028382226204647e-03,3.061348886664790742e-02,9.167953414262871789e-04,3.500612516459359475e-02,2.078751337783686301e-02,1.349678153379526256e-02,2.312913872890329584e-02,7.631117311687781249e-03,4.284054849461053395e-03,1.819541524724912649e-03,1.813373378494160040e-02,3.491140872898112622e-04,3.621197633758570407e-03,1.026991723632929114e-02,9.072503964027932993e-03,2.018626345932793623e-03,2.804663408219703041e-04,3.107245862929612981e-03,1.102414211636450897e-03,5.876469012023854402e-04,1.045548469640301785e-03,7.243353564656050767e-04,1.766473683297207619e-03,2.526417297937816331e-03,4.996510239705328517e-04,6.135562762899061202e-04,1.465882381321150386e-03,8.270522487825822042e-04,7.439459493874671890e-03,1.287502910219989923e-02,7.301163768983344286e-04,1.015376259297247341e-02,2.684077384016120109e-03,2.031570089050599784e-02,1.038979131716429721e-02,5.826747205366894673e-03
4.111470641214395481e-04,9.760349879795704149e-04,5.362127634069794452e-04,2.671861947337512890e-03,8.018222793934680348e-03,6.919357882760604310e-03,3.561610290038940124e-03,8.369589505559781734e-03,1.877501317385408749e-02,3.333912432326077702e-02,1.199999582493556892e-02,3.492228712002060607e-03,9.987993433512159028e-03,0.000000000000000000e+00,8.846822480334463456e-04,1.306742512306284477e-03,7.140582577605992685e-04,5.404467034236873357e-03,2.381602459962048335e-02,2.066559207737093951e-02,1.290286745017982795e-01,2.147855313948509870e-01,1.033385127049178676e-01,6.996626705715762451e-02,1.304453788877427689e-01,1.071707641023029040e-01,3.926306382409702200e-01,1.342843949309541762e-01,1.138208493129152024e-02,9.207255977781762801e-02,1.281121899006017750e-01,3.494572036573695070e-03,5.797667873803948047e-02,9.060685200228282485e-03,3.867237929409918316e-03,1.132388416651008110e-02,6.621464848526628644e-02,1.529021168037832633e-02,8.968673782359254387e-02,5.199929540239645737e-02,5.689991905345766904e-02,5.540056887735578250e-02,3.461119176256405999e-02,1.082191327682006758e-02,2.443249978450761587e-03,3.976489773693643592e-02,1.056667740819054605e-03,8.915187159038610171e-03,2.337538227675032415e-02,2.474894733841974045e-02,8.694908167230062587e-03,7.328327780552519469e-04,5.507813914206517204e-03,2.320566242494261251e-03,1.435045162348392352e-03,8.554097980829069095e-03,5.713574272790813502e-04,1.016292756155378479e-02,8.816410918063285335e-03,7.342432496162648592e-03,1.727038742928880492e-03,1.004534577209472562e-02,1.716602877140236891e-02,5.797556209465797028e-02,6.980642202484574343e-02,5.974306042013857211e-03,4.752330857626938659e-02,7.963277990712882767e-03,2.457025591842561946e-02,2.332539393589732474e-02,1.448198253192995930e-02
1.268873286348114063e-03,1.011086021313915492e-03,2.724632083946675401e-03,4.773290006817134876e-03,8.051886118346495433e-04,2.687285433209666684e-03,5.797671571699383047e-03,4.011966535760775644e-03,7.709296763629251009e-03,9.554601960774981514e-03,1.705161114999884098e-02,9.918155776713627123e-03,8.180074780457772046e-03,8.846822480334463456e-04,0.000000000000000000e+00,1.954913414414870005e-03,2.649040204629483138e-03,9.478948574886599324e-03,1.019645825648473302e-02,3.242393657368814863e-03,1.984699733173862224e-01,2.091051379646616248e-01,1.144626616999140922e-01,3.396787305166852622e-02,7.191994718904536066e-02,4.996913835699474254e-02,2.048448790360109795e-01,1.252278402911978332e-02,9.237475307349964082e-02,4.021881146595529533e-02,2.020567552940159134e-02,6.498924437728025028e-02,3.234197572182894668e-03,6.768995749996906119e-02,9.620890136180719476e-03,1.134456652194341768e-03,3.144323138407221357e-02,2.774099462951132300e-02,5.986391988188068808e-02,2.898207106201049210e-02,6.972824830053263312e-02,2.105333117831004186e-02,4.238660239052249347e-03,6.446106128359724297e-02,5.935950514941373997e-03,4.211360701485517000e-02,1.400748658561336464e-02,7.283768183202113389e-02,1.472440938289362906e-02,9.692533174513550884e-03,5.190460423088058550e-02,2.769389233796458807e-02,6.106336145174493489e-03,2.543167252220451379e-03,2.303367941107099803e-02,3.447772227661344974e-02,1.045717655679561341e-02,2.924937564780777030e-02,6.069186816332546551e-03,5.282644406773227483e-03,2.871727912333477128e-03,2.112489500188245804e-03,7.928700953473066457e-03,6.876424331737356066e-02,4.917348354526047960e-02,7.536638722874631699e-03,2.480723473088180392e-02,2.581406363705810326e-03,5.550100350522777122e-03,9.053137405186147818e-03,8.618324400519709752e-04
9.326887300843976535e-04,1.354583158291508072e-03,1.832248260047872855e-03,1.727681888203212810e-03,5.775099829484372366e-03,9.868309589915063868e-04,1.754119150044060457e-03,8.225343907930459525e-03,2.243369721637441909e-03,2.708248618659621267e-03,3.476694456745592528e-03,1.474227671222213274e-03,1.266888791338545948e-02,1.306742512306284477e-03,1.954913414414870005e-03,0.000000000000000000e+00,6.362729286173455720e-03,1.506824277973715931e-02,5.525052150068937573e-02,2.069360311054466509e-02,2.727951556555648360e-01,5.709552411441404934e-02,7.229957446500594187e-02,6.525075995630462422e-02,3.877430561783756779e-02,2.285914664368985105e-01,1.489831064753292522e-01,1.742163006600889463e-01,2.285314167852888281e-02,1.190004110856930988e-02,7.817685598672173553e-02,1.913944824729407398e-02,1.247546752286813124e-02,1.576414305929573628e-02,3.837399880399917224e-02,9.687740904983463408e-03,3.647654845417065000e-02,4.115424000190937882e-03,3.992134979797130195e-02,5.372708418024947467e-03,1.311205186587869990e-02,3.153627577516489311e-02,2.704135480504913942e-03,1.524394932337752931e-02,1.994813634631886073e-02,1.730782697750859675e-02,1.356599933776493801e-02,3.354520639172273860e-03,3.915941582994964670e-02,7.391326642084476879e-03,1.050406734376100118e-02,1.959855075236283280e-03,8.139739089339421280e-03,2.558407718721897664e-02,1.247547175123638139e-03,4.926612338919536885e-03,1.531171911336397413e-02,2.010463017763365091e-03,5.961314282701014183e-03,6.815797835775144579e-03,2.470631995530177868e-03,2.353172542016897240e-04,7.131265678949007605e-03,4.508154215566551916e-03,8.971285673014852899e-03,3.133579772757028557e-03,1.121914017739885153e-02,9.928774945607869371e-03,1.869408580471632747e-02,6.247365785733946172e-03,1.450664070185238123e-02
7.871703231972710432e-04,6.614606059625368750e-04,7.235270339849261606e-04,2.022695828954683243e-03,5.729123025318760137e-03,7.163838121267966652e-03,6.950569329552569453e-03,8.146669205838692057e-03,1.925882321115839416e-02,1.894396827330903019e-02,1.098038692453714125e-02,3.410635089259733688e-03,3.211366479628481249e-03,7.140582577605992685e-04,2.649040204629483138e-03,6.362729286173455720e-03,0.000000000000000000e+00,6.276760856039449721e-02,9.357894010777038918e-02,4.158054873966399168e-02,2.783966801887471365e-01,3.851676478227774592e-01,2.633906205109458609e-01,1.621825362010035354e-01,2.648202193226727452e-01,2.283662468460476991e-01,5.485956537008986889e-01,2.343078351464788489e-01,9.848155621575500202e-03,2.046073493250828157e-01,2.279691829385176172e-01,8.380751213489344778e-03,9.203832575142907590e-02,2.030331060790654257e-02,9.656025809006927793e-03,2.753330020121810134e-02,7.890307952115803436e-02,1.830295115479669762e-02,1.392665601871590220e-01,6.819571069384074147e-02,8.959294804697957859e-02,1.034789036741554230e-01,5.695629714756942491e-02,2.530437642011356889e-02,1.490247883547899353e-02,6.873904926259251369e-02,4.918048121511935447e-03,1.096572175031160397e-02,5.139298793062955367e-02,4.008936588952814739e-02,1.551604500704589426e-02,8.151267540638303674e-04,7.714335093313545375e-03,1.652035974464110407e-02,8.781796807714351699e-03,2.175226831076598061e-02,2.697656119523705702e-03,2.165212408376519446e-02,1.694026397796440098e-02,1.020905925869524875e-02,6.787061143942287392e-03,2.446869856267689172e-02,2.777742209581939362e-02,8.134338849937386429e-02,1.023961732670340130e-01,1.486272975506588469e-02,8.161741102262481951e-02,1.731485051748760801e-02,3.203726678645917036e-02,3.366855697542740777e-02,1.534802996462811785e-02
3.189899462766134820e-03,4.144186943615321521e-03,3.568859647645127378e-03,1.045035991937337885e-02,4.704210572811260566e-03,2.353892617679754357e-03,2.956444082414876919e-03,2.303821559389397818e-03,1.727087496675469829e-03,1.457366985840747448e-03,1.694290809697367953e-04,4.153969065040400560e-03,4.132924822589310529e-03,5.404467034236873357e-03,9.478948574886599324e-03,1.506824277973715931e-02,6.276760856039449721e-02,0.000000000000000000e+00,1.403036958039235171e-01,1.207187255062364822e-01,5.933554531078828465e-01,4.749600772781477631e-01,4.811735954581872754e-01,2.940658401506139885e-01,5.266962135676690471e-01,4.276872752193248139e-01,3.264947533318534600e-01,1.404330746847464451e-01,2.451297231994231107e-01,5.390916254785445283e-02,1.388315180781972691e-01,7.072178369483535232e-02,4.010978467972905331e-02,7.994988867034996671e-02,4.648751087773463769e-02,2.850676245334362799e-02,4.956540658892170242e-02,1.155893676645447510e-02,6.095136053007835925e-02,1.284125449380396113e-02,3.011010974564246392e-02,4.288644573424399420e-02,6.450689980615553071e-03,5.666286427100487161e-02,1.120736626104245140e-02,3.627643719848248210e-02,6.082724591345921306e-02,3.582066081143565200e-02,5.108730219767983194e-02,4.223336120217451722e-03,6.778315852931332541e-02,1.426946696818313758e-02,5.406732879731378054e-03,1.292650964422049388e-02,3.901043385532562691e-02,1.707878195636257715e-02,1.653716165308767583e-02,2.533875711469803921e-02,3.601589385900519098e-03,3.481232912259583923e-02,1.426676731390794269e-02,2.004776593017090075e-02,1.133570423810629536e-02,8.006221046195076407e-02,4.902016167341782110e-02,1.949703357815821964e-02,3.776762605838136083e-02,2.034833464645276202e-02,1.279840267495035294e-02,4.208637823053172806e-03,3.302469971386739426e-03
5.156128929772051291e-04,2.826641173023993099e-04,2.040570598183191146e-03,6.327164066829816342e-04,2.551694713738119139e-03,3.033546819247288744e-03,6.319334842130926860e-04,1.354626179627555285e-03,2.885067932313554323e-03,1.232647021508452480e-03,2.831240103558131747e-03,1.772841161357857674e-03,1.962193056574765282e-02,2.381602459962048335e-02,1.019645825648473302e-02,5.525052150068937573e-02,9.357894010777038918e-02,1.403036958039235171e-01,0.000000000000000000e+00,6.645026162145699633e-01,6.163272816231406548e-01,2.639691657797993973e-01,2.688963660533534861e-01,3.331542633792867192e-01,3.346636115988038118e-01,6.308394266194593536e-01,4.828285438167831956e-01,4.725547653214194344e-01,4.568177360225662148e-02,1.250697609332366567e-01,4.035808823584626781e-01,1.811607898813497874e-01,1.309846290576582029e-01,4.484978864022737960e-02,9.385003175908571138e-02,7.020122733293047979e-02,4.380785398205112174e-02,5.897445364943267737e-02,8.507595046970610475e-02,1.288142951442317226e-02,2.181247536147789753e-02,1.499260429865972022e-01,3.102568671233884440e-02,4.589636193693449190e-02,1.093516417830830284e-01,6.407174978259694287e-02,1.029082890797349339e-02,3.366401655708576440e-02,1.429647202626528613e-01,6.641800752639304140e-02,5.842135909789029219e-02,3.733883799081529759e-02,4.642021137699519490e-02,8.673356152622933857e-02,2.345176144417062541e-02,1.728852185837059796e-02,4.127065818441024575e-02,4.880524015629676693e-02,7.656735594720887571e-03,4.505903392958762049e-02,8.532954763624788982e-03,2.973355265009678880e-02,6.083979010788043151e-02,1.492013701871731934e-02,4.466256177730605625e-02,4.970167189379837147e-02,4.266216319144041508e-02,3.715275395307693785e-03,3.593726491844453225e-02,1.893357885296196100e-02,6.684147959943090300e-02
3.110943518279439893e-03,1.364094924300611467e-03,4.762401761257223365e-03,5.984416198719166337e-03,3.555580790272738875e-04,1.278107367420821530e-03,3.290967680229473120e-03,1.290468225410544567e-02,1.771457457764057802e-02,1.715323110185856120e-02,2.567787027873012426e-02,1.510787218727902698e-02,3.573156865448743995e-03,2.066559207737093951e-02,3.242393657368814863e-03,2.069360311054466509e-02,4.158054873966399168e-02,1.207187255062364822e-01,6.645026162145699633e-01,0.000000000000000000e+00,5.779692631947629389e-01,7.473153672868387831e-01,6.371688555077579252e-01,6.858921959863736317e-01,3.332257011220564613e-01,8.695853238212539887e-03,5.777538027112402164e-01,3.628211790186191416e-02,2.403967555268003709e-01,3.204107724809324154e-01,2.314030911217788422e-01,1.745274274870277920e-01,7.540986443540778628e-02,9.721055030026976018e-02,4.159423186075938278e-02,9.120168977185709458e-02,8.438235648931752264e-02,1.078698854712205890e-01,2.015761768997039460e-01,1.030172679439682049e-01,1.381412439568764361e-01,1.176151090826234313e-01,3.363179475882391994e-02,5.946532703301259104e-02,3.555669269306710630e-03,9.724190750953054518e-02,1.877107515554583134e-02,6.331895138625640018e-02,4.514677485197261808e-02,2.341490878112453475e-02,7.467814771822518793e-02,2.395568375417477316e-02,4.421372090829119028e-02,2.537757961639106746e-02,5.208168378180182828e-02,8.956967885415352548e-02,8.788337622118426451e-02,6.733613887249827179e-02,8.219026794049920370e-02,1.457976597059686998e-02,5.917558797172767747e-03,5.756408161413663349e-02,1.059795602642456813e-01,1.655508168154597171e-01,1.699979138686902036e-01,1.148086374541287119e-02,8.525275336346570254e-02,5.450832450888679764e-02,2.258841072084443249e-02,4.833975591841319780e-02,3.557720152727202306e-03
9.179948586679025080e-04,1.625360072397444332e-03,8.679278974305851399e-04,1.288523420959088953e-03,5.599856479186367079e-03,8.719069303645698727e-04,4.330737571535616878e-03,3.942010669531130322e-03,5.301467804245560585e-03,4.313819896261067953e-03,7.360349998906297493e-03,8.953692575544536583e-03,8.513616793839555441e-02,1.290286745017982795e-01,1.984699733173862224e-01,2.727951556555648360e-01,2.783966801887471365e-01,5.933554531078828465e-01,6.163272816231406548e-01,5.779692631947629389e-01,0.000000000000000000e+00,5.605995431440844584e-02,6.929422336892510081e-01,6.637053210873808951e-01,5.684205082136571940e-01,6.431373663140464991e-01,2.243900170468826338e-01,1.262672162150343114e-01,3.121445612359881050e-01,2.197737100154706913e-01,1.562105558324446974e-01,1.414178926713181572e-01,4.544534776037239404e-02,9.032627725525567419e-02,9.244653683833473079e-02,2.113554597581833450e-02,3.071658669720002746e-02,2.892135725434079319e-02,1.874055648152309628e-01,4.491776083054412061e-02,1.841142114651707698e-02,1.373282915937989179e-01,2.001180736127705639e-02,1.480230714162383658e-02,6.244373619702337647e-02,4.337431351146949637e-02,9.378247994701660595e-03,9.846424575891028763e-03,9.233451753916967208e-02,2.516425517118835858e-02,2.578660388383910082e-02,7.982206707653367872e-02,5.504477757413849676e-02,7.511619250906521883e-03,3.269123293370648081e-02,4.213282585393569868e-02,7.476130598148787720e-02,4.629573496830621804e-02,1.948074966280885847e-02,7.477426994528810211e-02,1.368918884462733826e-02,3.186542725632727363e-02,5.488752168435193785e-02,5.937482296229393969e-02,3.207215678583404117e-02,3.137907609529699132e-02,8.487297639454209619e-02,5.079123754107143368e-02,4.313384926538585407e-02,6.785936400628650444e-02,4.237301189503543675e-02
5.296156049014729772e-04,2.905782303911529280e-04,1.973484444597542551e-03,3.734774124254186100e-03,3.501953946057769808e-03,2.587308871397151454e-03,3.440188322850516994e-03,1.123214803508532479e-03,8.184989926953998088e-04,1.791319836648434327e-03,6.871890850954518945e-04,9.484195884779415484e-03,3.354343620940325454e-02,2.147855313948509870e-01,2.091051379646616248e-01,5.709552411441404934e-02,3.851676478227774592e-01,4.749600772781477631e-01,2.639691657797993973e-01,7.473153672868387831e-01,5.605995431440844584e-02,0.000000000000000000e+00,7.838674534012827211e-01,7.487457437653941561e-01,1.554803665862145579e-01,6.456024274191829448e-01,6.155488917639874158e-01,2.120337859394995639e-01,2.919246183201258948e-01,1.984496775520368794e-01,2.987752950563805632e-01,1.414243925310973982e-01,3.665209092716537748e-02,4.510949342590662298e-02,2.509615597613593097e-02,3.124099324625000465e-02,2.074237869295323181e-02,2.274899712010811093e-02,9.830781264265048280e-02,4.260337121526090037e-02,5.316658660329226516e-02,2.175456584757078093e-01,9.799912980626908354e-02,2.819715623783740702e-02,4.632572766190874713e-02,1.553554929129278284e-01,1.180395979334373548e-02,1.064217333746382381e-02,1.460026681040285379e-01,1.617761601540607108e-01,4.076855035574501046e-02,1.429379193715671001e-02,6.466575385347037019e-02,4.020741794055300578e-02,1.408792963269041298e-02,6.578675116285455371e-02,6.318500876566340851e-02,2.175012277816024825e-02,7.839728928371733629e-02,2.729965974778407814e-02,9.901533065615938933e-02,3.967525046891752505e-02,5.058199155424096538e-02,3.875049314501843867e-02,1.050790678213274487e-01,7.080670628081264795e-02,2.069669373693299938e-02,5.185187467467096412e-02,1.288750873312241065e-02,1.607700944445133312e-02,2.171835144657598832e-02
