0.000000000000000000e+00,4.670359744115046285e-02,1.841397111322549962e-02,8.533511906604769603e-02,2.536945102771680574e-02,2.345541545917603429e-02,2.405435821864316051e-02,6.157136894999531637e-03,7.796975003181261937e-03,1.510431706374850899e-02,6.228360788344647868e-03,3.601222202494004047e-03,2.254417071230567222e-04,1.436686651085292133e-04,5.871034883305843634e-04,1.162327578545415270e-04,3.702844556248194698e-04,4.317531259994126158e-04,1.905184702845215655e-04,2.664771383404153935e-04,3.885261108381361816e-04,4.730361288880861599e-04,2.341981371240493348e-04,8.766188945036350235e-04,1.137765943697312352e-03,2.269783396140934769e-03,1.273084951940391162e-03,1.417044914377036660e-03,6.638624536651181480e-04,2.897237388177905607e-04,2.282037804997380168e-03,1.539437943413994331e-03,4.375570259800796178e-04,1.880203698239131657e-03,1.867928519623205394e-03,5.077306002207657414e-04,4.591057617117995544e-04,1.026599977173448712e-03,7.202359787446579705e-04,1.526832353575736066e-03,6.455154101796642570e-04,2.324601940659852398e-04,2.132532655949088854e-04,1.059972774671376697e-03,3.016590620163649367e-04,8.663068464452328707e-04,2.978384966884563452e-04,1.314030547564248169e-03,3.961624914957858896e-04,1.403303710566156971e-04,5.980896290388720967e-04,1.330551383424369641e-03,7.976126258588671792e-04,6.877993143068324112e-04,3.470101773770987671e-04,9.574719626958043623e-04,1.306934889831350740e-04,6.620381719120018793e-04,2.893848909273199349e-04,1.000339058401607381e-03,1.162482191590066350e-03,1.894324729003798048e-03,3.145091563278501674e-04,7.041000875822125710e-04,2.936142812264894543e-04,1.407677085101853652e-04,2.012095323813039086e-03,1.994551585957329322e-03,4.806875616781301763e-03,6.393523015419760001e-04,2.814226058872002726e-03
4.670359744115046285e-02,0.000000000000000000e+00,7.509337694807977082e-02,6.603887502739157200e-02,2.724186412470161814e-02,1.536242284318193284e-02,2.074008082991331964e-02,1.200377493691760604e-02,9.787809734152341096e-03,1.212663222208149212e-02,3.618285662330026926e-03,2.006374576687443029e-03,3.130630113272775297e-04,4.037426655437939701e-04,3.266058841671477483e-04,5.791897374031848740e-04,1.394966583318978061e-03,1.224406770359955880e-03,3.448025186271089335e-04,4.592401119548129612e-04,2.868945843762241632e-04,6.222875200842270006e-04,8.397893870234698780e-04,6.723283893756452564e-04,6.179226306987543361e-03,1.922018138365520811e-03,2.150910405105253397e-03,1.617174733539409421e-03,1.114509545473354492e-03,1.181102630043492918e-03,7.668149817937691074e-04,7.606358791516429352e-04,8.277512688594271771e-04,1.823915421941372204e-03,6.425185701311288480e-04,2.547775689108640871e-04,1.039633271357477597e-03,1.574549621605637472e-04,1.575413880875563798e-03,7.899942993026656856e-04,1.617548125421183541e-03,1.837933055163490674e-03,3.877962221952134937e-04,4.108139755891181697e-04,1.019769689850241181e-03,5.178789336375057848e-04,5.588304388900785374e-04,1.289264145172236463e-03,3.046393996647835220e-04,2.232173374187004788e-03,1.238217198624389241e-04,1.087203941927666201e-03,4.951806217901012991e-04,1.132039433037885980e-03,5.684256092464137419e-04,3.271407137555204687e-03,4.516389495561553592e-04,3.841986938499772396e-04,2.152228972576483549e-04,2.332131839323429534e-04,1.445325993034005411e-03,9.617064600898327662e-04,9.515478608303517324e-04,6.105893368915456167e-04,2.051754575971004649e-03,2.018531905047093750e-03,3.938198295612418617e-04,2.819726931061267844e-03,7.472037510288976822e-03,4.861294714664702687e-04,4.563902476807753759e-03
1.841397111322549962e-02,7.509337694807977082e-02,0.000000000000000000e+00,4.633910205759790568e-02,5.779627985823512087e-02,3.545223360933977275e-02,1.956536074734018665e-02,1.127603727240609859e-02,1.023500473143512494e-02,6.693123655466787225e-03,5.467982001700330552e-03,1.483902462374523052e-03,1.123941024793148483e-03,1.201953166361158318e-03,3.514353333009609262e-04,1.352400032799712729e-03,3.101988349658664945e-04,5.985840074975357821e-04,3.311464574374594293e-04,1.002611968862378387e-03,2.140310815747642210e-04,7.782776943253609482e-04,6.704668804956077270e-04,1.370399700741577404e-03,5.357122943933127161e-04,3.266301479002117259e-04,2.069762674088236349e-03,3.020682254040920472e-03,1.027608907407438852e-03,5.664438807706449405e-03,2.247523169878757731e-03,4.165124528107052313e-04,1.024612596474245478e-03,7.232810291128581636e-04,6.450052890776008033e-03,1.539796009227950178e-03,2.147799164398590810e-03,6.369579727707771859e-03,8.974084031399274033e-04,1.453170667083034584e-03,1.818902637473349994e-03,5.840418654027330772e-04,6.082848363809888323e-04,2.551176729862335985e-03,8.203714546432527019e-04,4.955284546582431129e-03,4.352936913660233041e-04,2.203873801905158018e-03,3.017642557609863298e-04,1.089472598867048583e-03,4.811307562851496007e-04,6.074963272821416130e-04,2.663945195775781032e-03,1.012537953923694795e-03,1.642703994918411460e-03,1.654477976643994744e-03,1.475346488574571851e-03,9.120717756528524695e-04,1.410141323470499690e-03,7.280110405565064832e-04,1.654221234428512183e-03,7.828385698030128261e-04,4.756820917839647638e-04,1.044326686458297909e-03,2.130324064995832510e-04,3.844069767905986066e-04,1.927470542605110070e-03,3.386943900648309736e-04,3.208348587970814478e-04,3.661388900301214993e-04,2.138585081195463957e-04
8.533511906604769603e-02,6.603887502739157200e-02,4.633910205759790568e-02,0.000000000000000000e+00,3.556883907497785519e-02,2.824526886311515619e-02,2.486828596742069603e-02,1.498448597974011247e-02,1.284452463517468321e-02,1.911556347250979032e-02,5.796204631227360425e-03,8.700872724867245557e-04,2.378242872061970409e-03,3.340054102620569447e-03,1.221675920962264758e-03,3.266816547355936261e-03,1.550303958358905743e-03,6.864232666731826926e-04,6.442389874845116894e-04,8.898685178486835700e-04,1.167268093139881393e-03,7.112429945160264480e-04,3.463358884463399803e-03,6.387677957155285177e-03,5.940826635519902074e-03,1.649707268417733826e-03,1.538627923931567632e-03,1.057091918391604322e-03,1.262629052736521451e-03,1.108263682242715403e-03,3.170285781784350481e-04,5.573167758082309999e-04,1.198118154136271424e-03,2.770658500236816875e-03,5.735678305612744443e-03,8.101976636417377231e-04,1.098687847163230509e-03,1.099633791152860923e-03,6.189836783031259400e-04,8.101660511270249989e-04,3.962334784644743792e-03,3.233808753914600796e-03,3.923293660234198699e-04,4.088115925093653395e-03,3.641477340496359141e-03,1.556217428966901644e-03,1.334342515870119922e-03,3.049530656692731826e-03,6.542422654777254980e-04,2.487222658930681916e-04,7.830106190388418878e-04,1.762768119839688580e-03,4.119136581639497438e-04,1.811121156150712541e-03,1.771009626640303704e-03,9.331385582511978957e-04,2.070534193394992471e-03,3.772459322443589766e-03,1.067200187035991822e-02,1.599093737436632374e-03,4.303315530125936686e-04,4.730948517568269937e-03,4.475338410123821443e-04,1.081414603833709106e-03,4.216292093227694293e-04,5.263019035358922244e-04,7.471959508891052801e-04,2.736186733756228780e-03,2.254556736142090002e-03,1.103741620397716370e-03,5.122668849104746944e-04
2.536945102771680574e-02,2.724186412470161814e-02,5.779627985823512087e-02,3.556883907497785519e-02,0.000000000000000000e+00,3.033659891568014216e-02,6.174554487865936518e-03,3.842010369765228028e-02,1.668786865801934888e-02,3.462068473426731241e-02,1.056167118851969802e-02,5.355537101269668056e-04,1.546922435036124149e-03,7.656062854850645069e-03,1.001139709957486225e-02,5.696642816827168429e-03,3.406913824614135351e-03,1.206934725822767125e-03,2.543508266123472531e-03,6.652717766489041340e-03,1.389906966715945573e-03,2.308136908158136928e-03,1.880385618677792633e-03,2.989338850907909042e-03,6.333305379521982428e-03,3.313171071286290410e-03,3.907852666631185003e-03,3.671011521894949631e-03,7.840783330563988766e-04,1.549336235758879332e-03,3.267544533550686969e-03,1.284322141577511935e-03,3.096889156881753487e-03,1.330304835595486762e-02,8.043394519902817346e-04,3.865971320692803640e-03,3.807269640884302503e-04,3.987184777096802225e-03,1.763079937653398363e-03,5.498052876668451175e-03,1.515142873775259533e-03,1.430663076476100829e-03,5.713803611904771582e-03,2.371705425782738921e-03,3.424596880937567055e-03,3.654495078778504779e-03,7.151326924013072170e-03,7.822160294098561353e-04,1.399932437772616551e-03,8.456292572631965085e-04,7.871803032286926521e-04,1.488728227402445975e-03,3.653089558419552341e-04,8.864603666873000377e-04,2.930623590057082118e-04,2.977420314350234364e-03,1.884892060600598532e-03,1.043084556023785503e-03,3.431254330170956882e-03,1.901957054839062888e-03,2.849409199995741010e-04,1.925707990639784640e-03,6.764023066135054114e-04,1.557511201878935528e-04,1.373281648127076598e-03,1.526685467564603636e-03,1.126510814352275989e-03,7.969833857637082181e-04,3.314477752430778842e-03,1.514200262655839837e-03,1.308609112046430802e-03
2.345541545917603429e-02,1.536242284318193284e-02,3.545223360933977275e-02,2.824526886311515619e-02,3.033659891568014216e-02,0.000000000000000000e+00,4.434178359763105842e-02,5.697112913467822920e-02,6.278470792177291704e-02,6.177992586792553642e-02,3.195724303023961266e-02,5.258181063887043018e-03,5.027782043348598753e-03,1.274544178309264253e-02,5.898321273630181653e-03,7.742739576657488472e-03,1.167927862867423547e-02,3.969606008093268766e-03,9.401204221635502296e-04,2.506251542956764323e-03,7.948885188635249066e-03,8.235442484728614822e-04,4.395078305857842704e-03,9.603920871033459067e-03,4.408971424385657936e-03,1.636193079196882972e-03,3.937659939509862740e-03,2.131907261685818573e-03,2.500076189494018514e-03,6.812390085010154714e-04,6.357012269186893688e-04,6.328445857176736092e-04,7.362756279416889831e-04,6.321011115644217804e-03,2.397670341636247253e-03,2.163229098511730043e-03,2.981640431009519553e-03,1.052823711480536202e-03,1.841239400898543035e-03,8.440251006842354117e-03,6.754488297008158851e-03,7.740798609749164694e-04,2.229676063842298082e-03,1.010954204644772848e-02,3.413732228828907263e-03,1.256652920893688158e-03,2.181898610236031669e-03,5.578557468539508887e-03,1.771086405627184676e-03,6.849216700531367925e-04,1.882600803346848144e-03,2.295008352065939627e-03,1.593424915564459069e-03,9.670253783391369751e-04,6.941692919398814200e-03,5.680050441234116374e-04,3.232731724522454157e-03,7.276023700289293954e-03,4.379452561995495104e-03,4.220388365399363483e-04,1.771828286042005651e-03,6.389598012449812688e-03,5.377579040084044110e-04,2.813204112243521040e-03,3.799454815309581419e-04,5.433423288165727116e-03,7.348959452112422330e-04,3.192461978647673920e-03,1.033887637078217438e-02,9.343689667740759245e-04,1.628045893468988087e-03
2.405435821864316051e-02,2.074008082991331964e-02,1.956536074734018665e-02,2.486828596742069603e-02,6.174554487865936518e-03,4.434178359763105842e-02,0.000000000000000000e+00,8.528090120399364760e-02,7.056532996783496103e-02,1.002625339187598053e-01,3.131455599722909877e-02,1.725092999139460348e-02,1.239868912372605074e-03,9.116679741944857043e-03,1.003384296734049184e-02,1.694754425324286563e-03,5.902210943417444608e-03,5.591032936707629117e-03,3.141120138438826658e-03,6.417406414453120760e-03,3.708026913341067390e-03,1.879233299151691168e-03,4.388699872716854758e-03,1.868760680607979173e-03,5.334962542645563417e-03,5.139433486225147493e-03,3.357129979747749005e-03,6.618527338072075893e-04,1.948317533509997439e-03,1.303708085454496554e-03,1.562728222712774211e-03,2.144051343362353369e-04,1.276751815857598291e-03,4.673966110926502243e-03,6.051048713432764098e-03,1.687873770110957534e-03,1.360566545052121394e-03,1.398683961878011660e-03,2.391216668576956646e-03,1.364506604509537618e-03,2.116686128954930991e-04,3.776980710017553960e-03,8.629819241200124705e-04,1.750256067876476956e-03,3.172606734815814223e-03,1.153273364220436812e-03,1.190969100375371698e-03,2.362242940350320255e-03,1.134079808438760674e-03,8.782451729336623360e-04,5.025171069734768025e-04,7.639951889718398642e-04,1.018331213263322073e-03,2.511907986084980452e-03,2.003865562995085087e-04,3.156134629373300330e-04,2.052745564589785431e-03,7.808166057660141050e-04,2.323618535411031000e-03,5.865489308158357545e-04,8.651114988407064858e-04,3.551144935491650292e-03,5.309817381044713456e-04,1.505741503992089926e-03,1.874259145881445460e-03,3.008136478945287306e-03,2.741451985453588307e-03,1.231847110713845533e-03,5.158650732664169219e-04,1.414654893099545705e-03,1.252061340761292723e-03
6.157136894999531637e-03,1.200377493691760604e-02,1.127603727240609859e-02,1.498448597974011247e-02,3.842010369765228028e-02,5.697112913467822920e-02,8.528090120399364760e-02,0.000000000000000000e+00,5.006370452000599020e-02,5.139858960819453787e-02,4.935957254236978536e-02,1.837444736811466584e-02,6.942289094701075032e-03,2.534979834239299915e-02,1.150446920970226057e-02,4.139172166993218722e-03,5.486372772756236381e-03,4.235648250226423626e-03,5.650500098339893661e-03,1.021714191092168607e-02,3.672988477056150954e-03,2.090529293400777023e-03,5.423614865665674122e-04,1.823672253216869488e-03,1.227384600388979402e-03,1.353871670559040350e-03,5.740742667278631505e-04,3.975338258311906939e-04,4.501079158386420576e-04,3.925136470613970721e-04,2.594190818823543816e-03,1.970673150409970112e-03,1.308586992568491411e-03,2.434247370293518564e-03,7.017317065368922427e-03,2.253351448591234263e-03,4.409213506868790472e-04,6.778904588756307472e-04,2.376106585701374344e-03,5.783480437045470691e-03,1.095137354643948690e-03,5.895905476353700738e-04,1.405641800294407575e-03,1.494628533542555855e-03,3.692173138929248080e-04,3.827648995701524821e-04,2.299883628111668108e-03,1.991891190514833918e-03,5.174568884688517806e-04,9.178341601332332469e-04,2.362015269071801973e-04,4.424850961716563294e-03,6.153209798413565275e-04,1.011319932414476465e-03,1.096335119490387741e-02,2.374464515638291355e-03,3.463575954113933247e-03,1.767824156057287190e-03,2.212675342476020084e-03,3.933710833281674440e-04,7.189771788657113973e-04,2.414351170548874846e-03,7.398678281114299702e-04,2.228811871627942921e-04,3.240311149658960631e-03,5.978973329067219060e-03,8.746468947716148478e-04,3.658219654356689374e-03,6.046559952559016869e-03,4.000465377874889289e-03,1.998633243148367419e-03
7.796975003181261937e-03,9.787809734152341096e-03,1.023500473143512494e-02,1.284452463517468321e-02,1.668786865801934888e-02,6.278470792177291704e-02,7.056532996783496103e-02,5.006370452000599020e-02,0.000000000000000000e+00,5.420915004755091221e-02,1.040260346269018289e-02,2.627315051681450297e-02,1.504087995509713685e-02,2.192415601428412963e-02,1.388310925807430089e-02,3.172184708152952712e-03,7.667661606476133297e-03,9.261952912829503337e-03,1.098704192118900042e-03,1.643556988807783493e-03,3.089708605421791730e-03,2.460477517717463494e-03,3.995027398500866698e-04,7.944390917596825087e-04,9.041935335775643694e-04,6.567698791430550938e-04,2.432863384080172567e-03,3.089819299305772600e-04,1.330352948585002354e-03,1.401774815142244664e-03,3.264451225374742985e-03,1.379660235217964248e-03,1.668464390673956872e-03,1.644539691198876547e-03,3.447265478179786704e-03,9.192459672453673087e-04,2.866706497688353752e-03,3.433039471902361514e-03,2.275515409804497284e-03,4.295376330693319138e-03,2.738407628844482123e-03,1.515103503890261397e-03,1.717804166594820480e-03,6.440179078265157678e-04,4.796338052702937317e-03,1.711159278869160477e-03,5.998509215419824516e-04,4.858893387604134098e-03,3.817890845541829694e-03,2.403355808433204743e-03,6.181384721962590459e-04,8.768325379778569477e-04,1.148268311570786997e-03,2.569999853004987286e-03,1.149442110411702696e-02,2.956717945621228222e-03,9.702405847696109155e-04,4.064178481705897281e-03,4.526430213338485456e-03,4.258684969497991105e-04,2.225939794065847927e-04,2.949273656103157566e-03,1.015915879775329024e-03,1.335488201851151155e-03,1.515754593591554398e-03,8.108730895662569910e-03,2.078219558721324054e-03,3.943492631955062763e-03,9.341310744396577603e-03,2.829154006421142654e-03,3.338005001217156809e-03
1.510431706374850899e-02,1.212663222208149212e-02,6.693123655466787225e-03,1.911556347250979032e-02,3.462068473426731241e-02,6.177992586792553642e-02,1.002625339187598053e-01,5.139858960819453787e-02,5.420915004755091221e-02,0.000000000000000000e+00,3.398700151791765600e-02,2.495165419684141836e-02,1.117936824495322813e-02,2.830403853501826592e-02,3.127352172880069198e-02,7.592043448931224368e-03,4.023848160651272675e-03,1.081330416631829175e-02,2.027247873388167160e-03,7.749545258323341929e-03,7.835784440086435978e-04,1.095613166224341725e-02,4.490802181204385166e-03,2.549283703651241718e-03,2.988566853937652153e-03,4.156380317966246532e-03,1.004867861650639077e-03,3.640438026844086163e-03,2.797382217656852778e-03,1.149601908082499265e-03,3.662205864437688071e-03,4.849644497443942335e-04,5.404963900981987627e-04,8.713822942132247191e-04,4.524951056028954192e-03,3.734685946011033898e-04,2.439328959471469445e-03,4.773447672334128040e-04,3.410316948064813329e-04,3.424498894786007219e-03,6.094266372754786332e-04,2.086113558210697400e-03,7.281242443313791545e-04,6.793407273248841961e-04,1.097635929011179200e-03,1.603706850090636871e-03,1.012406205912087711e-03,4.366228298244232689e-04,1.629744376697243088e-03,4.730577902177775327e-04,1.000204423430963233e-03,2.429375053753576787e-03,4.964637960485805083e-04,1.746059355436206184e-03,5.553662755765615029e-03,2.825348932529760104e-03,5.525645807433224267e-04,3.390392513955604739e-04,1.357889968761168869e-03,1.065087161648541709e-03,3.399339697415439013e-04,4.032980299993215410e-03,1.587226450332061530e-03,3.860700745642211065e-03,7.583699315648161207e-04,1.428645877490755493e-02,7.738435706108882624e-04,2.060379071538428163e-03,5.778733555154432280e-03,2.986234572671729419e-03,5.448920497001483697e-03
6.228360788344647868e-03,3.618285662330026926e-03,5.467982001700330552e-03,5.796204631227360425e-03,1.056167118851969802e-02,3.195724303023961266e-02,3.131455599722909877e-02,4.935957254236978536e-02,1.040260346269018289e-02,3.398700151791765600e-02,0.000000000000000000e+00,4.076106348469093338e-02,5.256921363530462493e-02,4.097747680324038272e-02,1.966465043404873672e-02,7.371700561100195948e-03,1.726550311238026977e-02,1.412315967348759180e-02,1.065058801062759982e-03,2.428735918037633335e-03,2.952722284828687184e-03,4.468963161349877311e-03,2.894424982517151447e-03,2.313882162549824473e-03,2.330880543942811384e-03,2.618536366961395599e-03,2.141686902103139868e-03,1.888359311506930104e-03,5.959307899213184007e-04,3.658496909728421623e-04,2.523891741545539712e-03,3.666660512807356880e-03,2.607478272722641224e-03,1.355515652205322363e-03,1.705581089920210017e-03,8.158190816287153599e-04,1.532976531470629138e-03,8.975236887069636431e-04,1.035607635850171147e-03,2.359562836741112973e-03,4.954199804329435797e-03,2.285362363976136107e-03,2.132169127404730594e-03,3.387499873960618697e-03,4.171723992086193156e-03,9.936559861121886227e-04,6.787149738063536636e-04,8.549190898231546348e-03,6.093607863365487626e-03,1.380211811664047933e-03,1.255844951939732437e-03,8.895770545007689262e-04,2.771410884645151163e-03,3.502088752014067001e-04,1.611301511029481978e-02,1.318335733105478573e-03,5.792441266770933204e-04,6.384006015281318107e-03,3.014313592954218080e-03,3.035585423746287124e-03,1.921839260578792649e-04,1.170006210470125180e-03,1.980483503470422150e-04,2.064065869970451057e-03,1.511002131712799309e-03,1.388904628475337924e-02,9.520081959607307794e-04,3.907135776792220773e-03,7.746735464058257352e-03,7.829983611059875004e-03,2.096754559587870985e-03
3.601222202494004047e-03,2.006374576687443029e-03,1.483902462374523052e-03,8.700872724867245557e-04,5.355537101269668056e-04,5.258181063887043018e-03,1.725092999139460348e-02,1.837444736811466584e-02,2.627315051681450297e-02,2.495165419684141836e-02,4.076106348469093338e-02,0.000000000000000000e+00,2.949504876150280119e-02,1.291488149751274413e-02,1.626693611815081472e-02,2.023765222112823559e-02,1.285694595383806045e-02,4.745732274455783523e-03,4.237479216867953875e-03,6.130842506261593473e-03,7.290131963258603132e-03,5.461418861820408442e-03,1.296978617373809690e-03,2.852287449644337180e-03,2.301664909491350428e-03,5.611280042490813559e-03,3.327914394389225230e-03,6.362616504121763189e-03,1.289665755407735448e-03,9.080371712368398920e-03,4.141331225192282188e-03,4.869818677624009572e-03,1.173130782222099253e-03,2.272728260849558868e-03,7.943240403743569676e-04,4.264850376507720877e-04,1.335862204381225212e-03,3.573795533552850175e-03,9.834633290609798989e-03,3.743747744424100448e-03,4.225534653159878154e-03,6.524373240505042942e-03,8.316221263204782999e-03,4.773325282290916474e-03,7.054380637090060246e-03,4.557363180296127893e-03,5.913491180516222516e-03,9.464823480735684580e-03,1.052748427904112542e-02,2.521805744397692586e-03,5.292021852786811704e-03,3.495721612480152344e-03,5.287655183848344147e-03,9.586627836758143369e-04,1.061244214606233555e-02,2.323540763637678506e-03,2.781874837063664087e-04,7.374328650407588337e-03,4.713592194077753823e-03,1.829589321371783307e-03,6.375754460334763550e-04,5.807698405752249535e-03,6.802501542994754923e-03,7.796835042530994575e-03,1.321709735847516288e-03,8.527714022518730411e-03,1.525939489313293904e-03,2.976291095399884439e-03,3.102818554367383513e-04,4.003965411925221318e-04,1.589881046505518044e-04
2.254417071230567222e-04,3.130630113272775297e-04,1.123941024793148483e-03,2.378242872061970409e-03,1.546922435036124149e-03,5.027782043348598753e-03,1.239868912372605074e-03,6.942289094701075032e-03,1.504087995509713685e-02,1.117936824495322813e-02,5.256921363530462493e-02,2.949504876150280119e-02,0.000000000000000000e+00,1.032761604940196087e-01,8.572416296879335762e-02,1.564891681653853284e-01,1.032052227059638005e-01,7.621358157982525972e-02,1.903694620068469012e-02,2.245916219857798171e-02,9.945693965662549298e-04,5.905879036284099153e-03,1.759611048543206898e-03,3.816293086077693700e-03,9.984168412908778212e-03,2.297635122021869994e-02,3.225776187976292161e-03,2.116127511652161550e-02,3.149747691267009396e-03,2.874621732101922001e-03,7.853628442691232281e-03,2.432987465160172703e-03,1.620890322905142126e-03,1.206271161773951302e-03,1.462196676829908767e-03,3.264510058617417759e-03,6.004922713794944369e-03,2.840676836178337820e-03,3.011330640855474500e-02,4.885612642507023394e-03,4.017297094022051832e-03,5.226608372055565818e-03,9.621342613942037575e-03,1.155961264708254286e-03,3.790890100476744431e-03,1.814407486954723592e-02,3.016531355750442806e-03,4.396249865067631754e-03,1.391681599485607330e-02,4.496302709542138350e-03,2.449135336202399975e-03,8.663122544966182087e-03,6.058760713816783300e-03,3.689966419668491617e-03,5.394166599006895019e-03,4.611557594697182627e-03,4.035246070243465703e-03,1.123289679711825424e-02,1.686904505462838823e-03,7.475633880730335641e-03,9.771187344437980062e-04,1.115191706176809705e-03,1.912073551896796087e-03,5.383387839535522593e-03,1.046124539158837640e-03,2.635805679506085693e-03,4.085322636709168634e-03,2.146758277131935368e-03,2.978128503463053391e-03,6.212707934538441029e-03,1.865220201755307238e-03
1.436686651085292133e-04,4.037426655437939701e-04,1.201953166361158318e-03,3.340054102620569447e-03,7.656062854850645069e-03,1.274544178309264253e-02,9.116679741944857043e-03,2.534979834239299915e-02,2.192415601428412963e-02,2.830403853501826592e-02,4.097747680324038272e-02,1.291488149751274413e-02,1.032761604940196087e-01,0.000000000000000000e+00,8.726469873601611082e-02,2.994678802380796104e-02,7.327292698591665598e-02,5.066354642444764744e-02,1.175808898945835887e-02,2.093420373654077821e-02,6.859699769090361193e-03,1.011909072896444856e-02,1.136352182170229271e-02,7.214831205530763091e-03,1.606238753670223562e-02,1.205974383976344752e-02,4.098470494236717415e-03,1.913900437109088484e-02,3.056525090562061363e-03,1.573314985550536976e-02,1.236189862911613903e-02,7.590812101263597067e-03,1.335403224158547390e-02,2.373660460303897955e-03,7.670555800781637956e-03,4.288190318450990288e-03,1.216693399336330958e-02,3.081334102214131933e-03,1.250517298345609450e-02,1.230698886043689842e-02,2.266550874655014203e-03,2.482304828000162205e-03,1.840410127579998611e-02,4.316288005283322980e-03,1.787224809325598960e-03,5.945674726725977757e-03,1.435112539288558621e-02,2.870209810220809149e-03,1.268365476084838857e-02,2.539855664816532271e-03,2.799970084083957828e-03,9.909903908634056305e-03,1.318668145138778350e-02,2.957379595300279555e-03,1.087978658592054452e-03,7.346019907511742476e-03,2.103194383338240128e-03,8.547944517404029371e-03,1.237886334858469186e-03,2.380185215709884790e-03,7.375625829036427635e-04,1.420390493312741025e-03,1.134965552313787086e-03,1.315457189210817715e-03,7.634530836846675772e-03,8.250309623119733704e-03,1.249572456672396739e-03,2.318840543294582463e-03,1.973378551968153066e-03,7.531590198826708903e-03,1.562699474036400920e-03
5.871034883305843634e-04,3.266058841671477483e-04,3.514353333009609262e-04,1.221675920962264758e-03,1.001139709957486225e-02,5.898321273630181653e-03,1.003384296734049184e-02,1.150446920970226057e-02,1.388310925807430089e-02,3.127352172880069198e-02,1.966465043404873672e-02,1.626693611815081472e-02,8.572416296879335762e-02,8.726469873601611082e-02,0.000000000000000000e+00,6.372749558075512487e-03,1.374374222850540950e-01,1.259788613046643746e-01,3.221539003500306642e-02,2.167291506297525441e-02,4.358830533695404012e-03,3.779987752192838675e-03,5.271832828278892255e-03,7.882837999893445996e-03,1.087537470106082933e-02,5.735599164104621464e-03,3.418666433943065835e-03,8.368074893624791871e-03,9.816733068267809604e-04,9.059141504705749137e-03,1.131518135196508783e-02,9.722097026628011285e-03,2.698176697412193147e-03,2.226292088147242484e-03,1.492421096768749332e-03,8.972030883537663801e-03,6.690523573239709476e-03,9.252230782655463184e-03,2.634215625742866024e-03,8.917953093193358577e-03,7.091009583364191703e-03,2.991532073338343516e-03,6.958844730017848743e-03,1.177397795548504192e-03,2.743704847419810126e-03,2.089617410312268747e-03,2.417664728676283299e-03,2.347016460129712923e-03,9.099677076291104103e-03,2.835007295382971186e-03,1.795460063155079064e-03,1.227727924609922291e-02,7.268400611432183911e-03,4.923223739608881960e-04,6.715791214845237772e-04,6.855946418800472515e-04,9.570645935206364844e-04,5.647203602328338193e-03,6.213531752984691528e-03,5.888969468395293012e-04,5.739336687022847296e-04,1.781601082565195627e-03,8.797756732523033659e-04,4.786044297632391429e-04,8.685927707296814404e-03,5.376536539760645370e-03,1.453531661321230944e-03,7.014944628833822207e-04,4.844144393888183235e-03,1.037165099382781133e-02,3.571298984963704442e-03
1.162327578545415270e-04,5.791897374031848740e-04,1.352400032799712729e-03,3.266816547355936261e-03,5.696642816827168429e-03,7.742739576657488472e-03,1.694754425324286563e-03,4.139172166993218722e-03,3.172184708152952712e-03,7.592043448931224368e-03,7.371700561100195948e-03,2.023765222112823559e-02,1.564891681653853284e-01,2.994678802380796104e-02,6.372749558075512487e-03,0.000000000000000000e+00,1.156939020030906123e-01,7.513696877865547186e-02,2.047906710618663598e-02,4.250048733390156090e-03,1.185256610946392244e-02,6.210373556704390854e-03,8.855055640528901317e-03,2.403713949886445139e-03,1.855827529607276608e-02,1.900527098501152493e-02,1.299492549333489035e-03,3.584663777161314901e-02,1.463658808016016569e-02,4.822954468959836372e-02,2.979130982348473719e-02,2.022748507053714548e-02,2.394974749958247301e-02,4.739855917381317896e-03,1.595739982128910328e-02,3.730209387604479609e-04,4.424179651930685089e-03,3.487718947323875055e-03,1.296808564215176825e-02,6.401305922915705160e-03,1.383554851207601747e-03,6.315028128546428150e-03,1.893558112779224201e-02,8.163975085088568317e-04,5.825192689610151839e-03,9.194856157318308937e-03,3.373850446572047423e-03,1.940695514544150437e-03,2.451159370889383071e-02,1.004853466332363346e-02,1.090981550170392732e-03,1.522744432563319025e-02,2.350143351201329153e-02,3.557623333637243042e-03,2.919390171393696984e-03,1.032301195722418012e-02,3.698221256063358251e-03,6.800269769149351259e-03,2.619101090852957951e-03,2.410037641999339397e-03,3.297395591059885120e-04,7.294935436538928491e-04,5.833286085588888434e-03,5.306547704195618918e-04,1.125271415230114265e-02,1.254427424908092711e-02,4.091244083404289508e-03,8.650867454902936085e-03,9.730812763118551131e-04,1.169869877129165988e-03,1.160117438814382623e-03
3.702844556248194698e-04,1.394966583318978061e-03,3.101988349658664945e-04,1.550303958358905743e-03,3.406913824614135351e-03,1.167927862867423547e-02,5.902210943417444608e-03,5.486372772756236381e-03,7.667661606476133297e-03,4.023848160651272675e-03,1.726550311238026977e-02,1.285694595383806045e-02,1.032052227059638005e-01,7.327292698591665598e-02,1.374374222850540950e-01,1.156939020030906123e-01,0.000000000000000000e+00,4.827258352585411805e-02,1.123177702652597941e-02,2.924779108359631258e-02,1.486107276266073612e-02,1.544769815126795145e-03,1.088069104789689268e-02,1.224643939300722184e-02,8.757512622918369946e-03,3.295973264849528812e-03,2.047980142525039973e-02,7.646536881097855051e-03,2.386981312085312279e-03,8.247133447155739761e-03,1.418609549082495286e-02,4.735106527816057564e-03,2.292572840833014686e-02,1.031187202892828005e-03,5.497296405015002912e-03,1.223428454291323238e-03,4.024246457789083103e-03,1.622287408306598419e-03,4.167471814077445928e-03,8.106968333912004804e-03,5.663430741659700347e-03,1.687779173762383317e-03,9.675784967438746942e-03,4.657073251533899033e-03,1.551553360050186934e-03,4.876523992738576903e-03,1.312308799424297470e-02,4.167382027912482946e-03,7.482451025675216499e-03,3.895180117223627329e-03,4.281101893145539995e-03,9.237480516449014800e-03,1.969042302261947777e-02,4.031121897864897372e-03,1.396248257864392706e-03,1.182305510070211230e-02,1.470028713543739029e-03,1.564913209848566716e-02,8.777587260806898970e-04,8.052649768174950347e-04,9.029874397077383794e-04,1.635365300775573237e-03,4.767857891063581881e-04,1.555363462789478976e-03,7.507849768246690689e-03,7.177948647503908097e-03,1.680589613296481436e-03,2.324802219688013819e-03,5.873339493415498554e-03,1.050297350785624022e-02,1.637133344296210933e-03
4.317531259994126158e-04,1.224406770359955880e-03,5.985840074975357821e-04,6.864232666731826926e-04,1.206934725822767125e-03,3.969606008093268766e-03,5.591032936707629117e-03,4.235648250226423626e-03,9.261952912829503337e-03,1.081330416631829175e-02,1.412315967348759180e-02,4.745732274455783523e-03,7.621358157982525972e-02,5.066354642444764744e-02,1.259788613046643746e-01,7.513696877865547186e-02,4.827258352585411805e-02,0.000000000000000000e+00,1.027960945446184521e-01,2.335124052306513168e-02,3.735464172413063139e-02,4.416526562309073915e-03,5.130352363887991096e-02,4.737736958930656439e-03,8.183327697243879609e-03,1.046956393833832662e-02,2.216168982405672568e-03,2.028804626448530921e-02,7.700912489390654599e-03,1.516034880897878211e-02,2.784160431620320841e-02,1.295160547020337422e-02,8.794834073883379955e-03,2.767456830910149448e-03,2.605219149341437852e-03,8.568861776170604450e-04,8.128807172058317293e-03,4.784010646393908016e-03,5.590795409455622152e-03,3.393852663825207196e-03,9.266145364385662206e-03,2.928630460241533028e-03,1.490558567831972749e-02,1.052417040580012376e-02,9.633670581510244899e-03,4.515063326416466488e-03,8.250175511351322613e-03,1.577548815196768220e-02,1.409820888876169888e-02,3.671752799478866271e-03,5.937248711398859097e-03,2.076182923176589021e-02,1.397634911825542704e-02,4.054576942998129076e-03,7.694403374839838688e-03,9.275217462905846130e-03,2.934025324901730022e-04,1.307692049808312738e-02,4.414798811094985606e-03,8.232337121845632053e-04,1.518812360731112542e-03,1.265485441471745449e-03,2.949705805658608352e-03,1.364734186740990986e-03,9.879430147384422184e-03,3.866902306927422033e-03,4.557726365177463580e-03,4.843294307374330573e-03,5.194937944267854178e-03,3.143901040279839087e-03,1.031209463379900368e-03
1.905184702845215655e-04,3.448025186271089335e-04,3.311464574374594293e-04,6.442389874845116894e-04,2.543508266123472531e-03,9.401204221635502296e-04,3.141120138438826658e-03,5.650500098339893661e-03,1.098704192118900042e-03,2.027247873388167160e-03,1.065058801062759982e-03,4.237479216867953875e-03,1.903694620068469012e-02,1.175808898945835887e-02,3.221539003500306642e-02,2.047906710618663598e-02,1.123177702652597941e-02,1.027960945446184521e-01,0.000000000000000000e+00,9.704125775276370436e-02,4.217449801694225786e-02,5.351313700829616465e-02,9.506938095977144135e-03,2.507889879638849299e-03,4.569148340725469847e-03,1.113069746207817059e-03,9.316556321684864653e-03,7.600733776295302488e-03,6.651734957983999712e-04,5.375557774568303498e-02,1.038331550834566304e-02,1.773213027493373076e-02,1.382217029533448771e-02,4.537277016245970865e-03,1.022545449074896244e-02,1.132798809674110709e-02,1.476092289979482946e-03,1.854312947322100946e-02,9.580057720061266151e-04,6.892104187953060476e-04,1.426600496567557476e-02,6.592578070001759577e-03,1.800930831298581253e-03,4.339692368668638181e-03,1.563507943208906209e-02,2.582218164691031485e-03,5.361320315053663861e-03,1.860514177218484597e-02,2.374353226982004947e-02,1.254227468424345612e-02,7.760096124386177754e-03,1.402326182143891079e-03,3.054304211257747800e-02,3.205340346945475052e-03,1.038583760574154913e-02,7.702037976770385831e-04,7.494770396385627004e-03,6.614131656542777266e-03,3.278808746743451605e-03,1.733331824596404244e-03,5.485770351314185698e-04,1.481530005118691712e-03,1.623717615709963698e-03,6.704088912104713346e-03,3.665946426819512247e-03,2.322749680905807079e-02,9.745219374219528038e-03,2.437494640932512044e-02,4.573310965207033792e-03,6.045423845502793936e-03,1.317070369754374517e-03
2.664771383404153935e-04,4.592401119548129612e-04,1.002611968862378387e-03,8.898685178486835700e-04,6.652717766489041340e-03,2.506251542956764323e-03,6.417406414453120760e-03,1.021714191092168607e-02,1.643556988807783493e-03,7.749545258323341929e-03,2.428735918037633335e-03,6.130842506261593473e-03,2.245916219857798171e-02,2.093420373654077821e-02,2.167291506297525441e-02,4.250048733390156090e-03,2.924779108359631258e-02,2.335124052306513168e-02,9.704125775276370436e-02,0.000000000000000000e+00,3.279179712254116918e-02,1.400085855918569155e-01,5.752082474768970000e-02,3.170488338661234251e-02,1.088833109517233985e-02,9.100123999629998461e-03,1.359829482955226231e-02,9.306422260774544278e-03,2.583244036946330709e-03,7.432013174003177652e-03,2.577575466079953630e-03,1.001638415215609298e-02,9.130539225906631959e-03,2.283421341099603746e-03,6.681436318119511435e-03,1.158714916100390610e-02,1.325853502458136657e-02,8.642235323416451453e-03,3.592543377364258890e-03,1.858800042629114293e-03,2.446092023489916320e-02,7.640569582127254220e-03,4.230699563513240502e-03,5.409582697653957627e-03,3.939664829808166291e-02,6.405238135744189924e-03,7.548328387430390920e-04,2.332692261912448425e-02,1.080401465303497226e-02,2.381011968877763327e-02,2.206074484437103422e-03,1.136323605924623040e-03,1.713646726992613251e-02,3.040327781714370105e-03,9.847841895898061873e-03,3.877296259690318856e-03,5.475447921284402539e-03,9.009656457809947505e-03,6.504763399037676377e-03,7.707906783242236305e-03,1.657652727784573402e-03,1.755966937555982583e-03,2.351261694835532316e-03,2.318504561687988966e-03,4.977974384992568668e-03,7.219928607720674588e-03,3.007531569790291258e-03,3.446420161844431906e-03,5.191468447836446176e-03,1.854434153251702201e-03,2.830120486981716442e-03
3.885261108381361816e-04,2.868945843762241632e-04,2.140310815747642210e-04,1.167268093139881393e-03,1.389906966715945573e-03,7.948885188635249066e-03,3.708026913341067390e-03,3.672988477056150954e-03,3.089708605421791730e-03,7.835784440086435978e-04,2.952722284828687184e-03,7.290131963258603132e-03,9.945693965662549298e-04,6.859699769090361193e-03,4.358830533695404012e-03,1.185256610946392244e-02,1.486107276266073612e-02,3.735464172413063139e-02,4.217449801694225786e-02,3.279179712254116918e-02,0.000000000000000000e+00,2.615088298199323980e-01,2.152264983177773483e-01,1.353994968303158242e-01,2.606869833572187864e-02,9.713463232476046705e-02,4.735387983388616301e-02,2.036450056604929837e-02,3.606927654385906363e-03,1.365137639723363987e-02,1.419109485258576546e-02,4.610987480219196424e-03,1.205641557031057395e-02,2.945935008497308980e-02,1.014096097883169026e-02,1.332395368554100323e-03,3.328720938734578555e-02,6.787488810335143286e-02,1.570703278839311046e-02,5.465225008459077827e-03,3.483373580325211522e-02,1.152575579358908545e-02,1.756395486559128236e-02,2.830830720128084746e-02,5.204843045716807393e-02,6.843506844273157530e-03,2.908973025799362240e-03,6.636776070615596490e-02,9.281396810771207900e-03,1.677840518255285102e-02,4.445461981906523481e-03,1.427646499524871243e-02,1.006947119851161164e-02,7.647289390924628429e-03,3.394901844970911464e-02,2.204223096012655064e-02,1.787244175270676430e-02,4.862064746761791262e-02,2.555202081053481455e-02,2.719339778464354221e-02,9.531676680648316349e-04,6.165400454344581189e-04,4.195480876427039145e-03,1.741441815509490662e-02,1.973915504293329015e-02,3.207156560239431825e-02,1.751952232151250330e-02,9.844530499971540505e-03,8.059961431967594542e-03,2.499120514572438986e-02,7.656434934476640322e-03
4.730361288880861599e-04,6.222875200842270006e-04,7.782776943253609482e-04,7.112429945160264480e-04,2.308136908158136928e-03,8.235442484728614822e-04,1.879233299151691168e-03,2.090529293400777023e-03,2.460477517717463494e-03,1.095613166224341725e-02,4.468963161349877311e-03,5.461418861820408442e-03,5.905879036284099153e-03,1.011909072896444856e-02,3.779987752192838675e-03,6.210373556704390854e-03,1.544769815126795145e-03,4.416526562309073915e-03,5.351313700829616465e-02,1.400085855918569155e-01,2.615088298199323980e-01,0.000000000000000000e+00,2.294718846628183984e-01,2.082607106257700347e-01,9.547886296657602523e-02,6.209173396434295583e-02,1.120670999636363269e-01,2.923195518250308600e-02,1.101073263955152162e-02,1.690346365371940551e-02,1.506584191563376841e-02,1.152107108385394020e-02,3.882956499397869753e-03,4.422419459438111169e-03,4.268975736417063988e-03,5.382773980094161630e-03,4.241943836257026056e-03,2.055148635996557893e-02,1.927094065241427220e-02,6.315508602052974374e-03,5.773854591127564051e-02,3.080772473078203372e-02,2.232955102736651140e-02,1.866821313900702368e-03,3.919077322996190882e-02,1.420558216979563720e-02,1.750607461350094790e-02,6.580292991923847312e-02,3.004245621403163480e-02,1.487585025478489927e-02,1.738904038248319933e-02,1.574188647555493578e-02,4.140340733400994094e-02,7.834368772043364543e-03,5.351512392351401998e-02,1.738838945119286147e-02,5.611587872154282300e-03,5.205155668929756230e-02,2.753610061020680261e-02,5.976516044929268932e-03,1.748018125530756070e-02,8.893219816196054270e-03,4.293338469133042151e-03,4.009273534608317514e-03,8.005242868943574300e-03,2.117187264494095264e-02,1.867850856986398925e-02,3.215986288026979195e-02,4.664336038827035166e-03,3.728163540273711669e-03,5.342989254646587048e-03
