0.000000000000000000e+00,1.615717392408002051e-01,3.551827826279114753e-01,4.727142041570426834e-01,4.396321436801929883e-01,1.437809916845800007e-01,1.150844808492851729e-01,4.277276012770405145e-01,1.702605201567129745e-01,4.354349826021819414e-02,7.301486155999742378e-02,7.731431038549703427e-02,6.677137136369827586e-02,1.724116442414096173e-02,5.350972794505143987e-02,2.680486382575570162e-02,4.913946405800037609e-02,1.583240272683083399e-02,9.334095463006279736e-03,2.741870556402713557e-02,4.262693499333278929e-02,7.769142054170248557e-02,3.148012851324321487e-02,1.199439660718791406e-01,1.067684875180298365e-01,7.870289413649154964e-02,1.880845129017609252e-01,7.290800504553786310e-02,1.245814029783790244e-01,2.658396265189036933e-01,7.827913093745789141e-02,1.975341645145476110e-01,2.511646506330943440e-01,1.594018596759542161e-01,9.459466258717409703e-02,1.239566723624809380e-01,2.630374134931263708e-01,7.640640444166453549e-02,2.541456891049859723e-01,1.892568619639813099e-02,4.438811169336637913e-02,3.316605107584228579e-02,4.471541919848754515e-02,4.272867716399328386e-02,2.835497921896173654e-02,5.320756986228528801e-02,7.600676530819200361e-02,4.526015148936179955e-02,6.107120690451505601e-02,1.145308028843807988e-02,1.514848880245969753e-02,1.038766375768866990e-01,6.067710565601212858e-02,5.319046609105541890e-02,1.386596993694693691e-01,1.746987883718346679e-01,8.920398955777217309e-02,2.577023507372117050e-01,2.376123742712657749e-01,1.002334506017045490e-01,1.224807071203291436e-01,9.239196269458105348e-02,1.318905772862561110e-01,5.604732703479736733e-02,1.160425175088066474e-01,1.317768273611180097e-01,9.270270181453704739e-02,2.017146629082265941e-01,1.118308270852874653e-01,1.770089680476052141e-01,8.566959049252446945e-02,7.451547943481469372e-02,8.480217766182109040e-02,1.118091795162598490e-01,5.944320974610486225e-02,1.109780266559032801e-02,2.478829467482070083e-03,1.813692680396802870e-02,3.614097571040975933e-03,1.367651003529601634e-03,4.719852934968351947e-03,2.169560481421995649e-03,2.932840342453097923e-03,1.709174207272576860e-03,8.367783025464471409e-04,6.516253192284956683e-03,1.451281219925932946e-03,2.986897296111767561e-03,7.384132506246667699e-03,3.863532463215707796e-03,1.481427125129719698e-02,4.564339304520662749e-03,2.796709020622904426e-02,3.295728107341406969e-03,9.337185911059538157e-03,5.482459381461478147e-03,2.009527821178485555e-03,1.649303724565330878e-02,4.125821763672787336e-03,1.137092019254823394e-02,2.800330778823517143e-03,1.993952669933398043e-03,4.343253016227694580e-03,3.918884739441074426e-03,5.661829854691237222e-03,3.144186315334485398e-04,8.317834457930888600e-04,6.884534143356107680e-03,6.804191268784304291e-04,5.781971711523351855e-03,1.941806286591071969e-03,3.524881429160061329e-03,2.867061791494527646e-03,1.038372670395309137e-02,2.967005515434636802e-03,2.941218890053162900e-03,2.912557408026202055e-02,5.677698976965618767e-03,1.084003735044366049e-02,4.112384985800974363e-02,6.534383268976476020e-03,3.661161957774736186e-02,1.092875683195199468e-02,2.616487295506935568e-02,1.314941337597482288e-02,3.513617094259463558e-02,1.030255983942270602e-02,6.400130881873172979e-03,2.392749270133593884e-02,6.640396698030365252e-02,1.512316938418358826e-02,2.490360148723387915e-02,3.831656339045017012e-02,2.348956665569529312e-02,5.014947931492655386e-02,8.201284031185501755e-02,1.608865905689762024e-02,2.534698979999673585e-02,2.286328551516187899e-02
1.615717392408002051e-01,0.000000000000000000e+00,7.190773095978639784e-01,6.636465629782454245e-01,2.960644510452239975e-01,3.668184521615313609e-01,3.950683370436253172e-01,3.091222081826358048e-01,1.772050429639462077e-01,2.060377776584104981e-01,6.370305097642688097e-02,1.490282339353413144e-01,4.418910740708068691e-02,1.396434165442579367e-01,1.866495022882229127e-01,8.375911900250473940e-02,2.352417242796733809e-02,6.122847527432506015e-02,2.436948243007296469e-02,6.359964028167139349e-02,1.470243058497651412e-01,1.054921409323897746e-01,6.040168398057188526e-02,1.982919812474763233e-01,6.866637800322862584e-02,8.039986886203649707e-02,2.393986305351869792e-01,9.792737600865830672e-02,1.154499739721910889e-01,6.249301666097267782e-02,2.635687209822693000e-01,1.210099063896641070e-01,1.593693782608484877e-01,1.716695769169027108e-01,2.787468366377328644e-01,3.043902933591975390e-01,2.131623726013483211e-01,3.346860692588757291e-01,6.860523822604767952e-02,1.451346437977109882e-01,9.045025169780857022e-02,1.989522709837924369e-02,1.509730360302858829e-02,9.250738613533733903e-03,6.498720595915269405e-02,2.859803824497147290e-02,2.166820992128127080e-02,2.299318348555422220e-02,2.045965557664762915e-02,3.140991437177782092e-02,1.120727143526521925e-02,9.063169585598516986e-02,7.380306871279433689e-02,5.028627461463699988e-02,7.835172603180706741e-02,1.598296143402605785e-01,8.930567865242772241e-02,8.287964619687113177e-02,1.994909160137329496e-01,1.093654205769192533e-01,2.027521042267539653e-01,1.781567497894631091e-01,1.155478706836923913e-01,2.165164164832924232e-01,1.771426444271247957e-01,2.256662814059730016e-01,1.158704743992576974e-01,6.889335056958066639e-02,2.276580619136936157e-01,2.718334848913639412e-01,1.806618210704671323e-01,2.815614503712912664e-01,2.242392756584145885e-01,4.395491358679840671e-02,1.329734915891006841e-01,7.125155687529009796e-02,7.492871345596920085e-02,6.869589506321994998e-02,1.056139863804862883e-01,8.111786499967642283e-02,6.185231655785124877e-02,7.304954187221845974e-02,5.530238779426215057e-02,5.257743068523332980e-02,2.522989823287339131e-02,5.718331050153548784e-02,4.787681251290425849e-02,9.899070643648971712e-02,6.584663791065996363e-02,5.825214881618299284e-02,6.932508880392901363e-02,9.297410384326389166e-02,8.047025931965087753e-02,2.588174523175795425e-02,5.350496798639406415e-02,3.099716621408082559e-02,4.539002317606320031e-02,1.918241711593770757e-02,2.633887695671022558e-02,9.001632642109449675e-03,3.767432845227763893e-03,3.907670768540255114e-03,1.469314709821461801e-03,8.198830870391742021e-03,8.184808991708855674e-03,1.075483756147638074e-02,1.443476217058737437e-02,6.975854893467995851e-03,1.309455043275437915e-02,2.426742710102120990e-02,4.994889076563264335e-02,5.117209705385759172e-02,7.657875443301058460e-02,1.016980340500579227e-01,1.135235517962460833e-01,1.263773815257797639e-01,7.426683921780545539e-02,1.400792950807878967e-01,6.156807017619944644e-02,4.234279322573852172e-02,1.080474209553768938e-01,4.919582223467581367e-02,2.420978005371271502e-02,9.306317231445876414e-02,1.005973856183192683e-01,7.342039068422791248e-02,6.749555284037121738e-02,1.062763640756909517e-01,4.827350690253723320e-02,9.269792762904811856e-02,2.127356083004521697e-02,5.038602689795865924e-02,1.423841226002991456e-01,1.151603978941079381e-01,1.520917275236862709e-01,1.960441215181797647e-01,1.098251487386290443e-01,1.277294735745668208e-01,1.391092073697726972e-01
3.551827826279114753e-01,7.190773095978639784e-01,0.000000000000000000e+00,4.916116629738237487e-01,5.381444379631371566e-01,2.450238881407988678e-01,3.567763322749106791e-01,2.882531088234452921e-01,1.781510502691990017e-01,1.371030226124465290e-01,5.015032827708673646e-02,1.221477693261911607e-01,1.974711453122028268e-02,2.935761969939774951e-02,1.228486786885424342e-01,6.135409785423345114e-02,7.995575284376071901e-02,7.259581744256950187e-02,2.943512715275417579e-02,3.124975988769848612e-02,2.478006504488475606e-02,2.913200892382238755e-02,2.324844613895034329e-02,7.951119406980564075e-02,2.419069565564902768e-01,1.415788016035769425e-01,1.219102093696817352e-01,2.393614580287608540e-01,1.956337420751065037e-01,2.222776758452589541e-01,1.584741734588748785e-01,4.345749884134158525e-01,1.993289942549285043e-01,1.774674024161179697e-01,1.609086211281288148e-01,5.242749902224413255e-02,2.752581151854317509e-01,1.005345742696385908e-01,1.370025286718973834e-01,2.849393934514959925e-02,9.047321012321606071e-02,1.395962175953626427e-01,9.198495244645975288e-02,6.821246790833168649e-02,6.909319847874546838e-02,1.195737495416400176e-01,4.169406508126414362e-02,2.541016832593819344e-02,5.171104869006970528e-02,7.799289503643109037e-03,5.997369379324198752e-02,5.135023438195546880e-02,3.285803632753739323e-02,5.826722699216754092e-02,1.290636236742408460e-01,7.967016406609711554e-02,1.872832812519494017e-01,2.105724629058594866e-01,9.377862453470528492e-02,1.646227227940878224e-01,1.156438579588652538e-01,1.493162179336968709e-01,2.682227426018482519e-01,1.500251353329866977e-01,2.611615721872402873e-01,1.250128686770701492e-01,1.272434077716975975e-01,1.229636562926490623e-01,1.737762610662611784e-01,1.760639983347913884e-01,1.690672364972322372e-01,1.254040837885412873e-01,1.572343184082356238e-01,9.260997566785145185e-02,5.649055470513036914e-02,5.463250522316116103e-02,2.767827734074568106e-03,8.539770739046076420e-03,8.381994320221795511e-03,2.283472967533327694e-03,2.379103186246143108e-03,4.341621577554363211e-03,7.660498477722031165e-03,1.004882679496779847e-02,5.712049713108035588e-03,1.754601896301179881e-02,8.271392599525402220e-03,1.716059775627186207e-03,1.474939836030417055e-02,9.122352456980736476e-03,1.435511091843815444e-02,4.090716144973562118e-03,4.832533224038973452e-02,5.029955229453007826e-03,1.758740537390655542e-02,4.194863064007145134e-03,2.584135182159150602e-03,1.489397887528385450e-02,2.824380523130122153e-03,5.704820011308884588e-03,1.470709783054878267e-03,2.436805631893454883e-03,5.940117221339097191e-03,4.549247763470569937e-03,2.075458288369333697e-03,7.389537451366559422e-03,7.399282206306811993e-03,1.670355236276597696e-02,1.202909574885962889e-02,1.157000055965571803e-02,6.884511584989649879e-03,6.452887342842615441e-03,9.258328985599622446e-03,1.076002604959912928e-02,4.702879265837602886e-03,2.830517332389420951e-03,2.677888883568761702e-02,7.958199694361544826e-03,1.667849387543414094e-02,4.469780686432673483e-02,6.353978487017246553e-03,3.678665749170201282e-02,3.334059452262208047e-03,2.333412953292957406e-02,3.095514732017459053e-02,3.357158987113217918e-02,2.092913842646272615e-02,4.034155226013240447e-02,2.319749062942796577e-02,1.720184821546977272e-02,1.638788583370722265e-02,3.093565438104232956e-02,1.810741751456715690e-02,4.474672938077991352e-02,7.726159530659476582e-02,7.682266971819629031e-02,5.079719734658944691e-02,4.396316592581869798e-02,4.474136612405237717e-02
4.727142041570426834e-01,6.636465629782454245e-01,4.916116629738237487e-01,0.000000000000000000e+00,6.150859439566207509e-01,4.477747547043030574e-01,3.397360633752939396e-01,4.328515504476492803e-01,1.594219893183326797e-01,1.623373069240487965e-01,6.980266125109069186e-02,1.752679857894184901e-02,2.203703771868812528e-02,7.535692088455754611e-02,3.807118098234382741e-02,2.819949082899002313e-02,1.263203040507494546e-01,6.093423588587513345e-02,3.254329339117704306e-02,4.530037179527223595e-02,6.839119185893181851e-02,1.038135179892662324e-02,8.689239655851370425e-02,5.711692008749264665e-02,7.417112645838282170e-02,1.290252977885860686e-01,1.949629716477025432e-01,8.585349082877312410e-02,1.465308117080468264e-01,9.153484616408399943e-02,1.740358343182209777e-01,9.690698055018349966e-02,2.202068844238272149e-01,2.187068842762223964e-01,1.019242846495271304e-01,2.375652159115669293e-01,1.059067570145848375e-01,9.176414174965742687e-02,4.863077290290639121e-02,8.175366845529857818e-03,2.359814662218400957e-02,4.832960498370691971e-02,1.761149091149919604e-02,2.349026096154762169e-02,1.127629015011573713e-02,2.692780926393874633e-02,5.249414415118439786e-02,1.092899052067697885e-01,5.213033466735784299e-02,2.183266369396591119e-02,4.272007284414393487e-03,1.066290663750745354e-01,9.206779882841742424e-02,5.923934428230433896e-02,8.397784580530204268e-02,1.785699360130666713e-01,6.064336235207596487e-02,9.336476764900393521e-02,1.635990370190228971e-01,6.697640818543534880e-02,2.606972470203918202e-01,9.553959016774625501e-02,1.437952949988810791e-01,1.056368136283578063e-01,1.982935734192025068e-01,1.547071082775661188e-01,1.257044314315165223e-01,1.975863474355292748e-01,2.115944821625198036e-01,2.334717677804174774e-01,1.209179936497588315e-01,1.836447063575866456e-01,9.053785079589207752e-02,8.918322232347646039e-02,8.560384696737674548e-02,2.437621206275305055e-02,2.665667045519699851e-02,1.444752211595163802e-02,1.199076167261105275e-02,3.006294361047608804e-02,4.486167117297900492e-02,5.884703971942505454e-03,3.189723642222062200e-02,1.305649977616897550e-02,7.109849507153719744e-03,7.311045876749779071e-03,6.862480607467821500e-04,1.466743691996108198e-02,2.194240075512569367e-03,3.033317371339281591e-03,1.729212751114462881e-03,1.104119480372554168e-02,3.733728969703140228e-03,1.422339083478410711e-02,5.448447660943943165e-03,7.825150176325238599e-03,1.048990243970942572e-02,7.271596049831303976e-03,9.421998087377410000e-03,3.176655032878550593e-03,7.966729618732720092e-03,7.403056534365336575e-03,5.382869931467122379e-03,2.601217238999422535e-03,1.992952659374414709e-02,1.922015820619532578e-02,1.758903623649543668e-02,7.747496688212007765e-03,2.569434143801030412e-02,1.432433118889099403e-02,2.712808445473387925e-03,3.321043902198774107e-03,9.173948873188357903e-03,4.349316818844416524e-03,6.754429848330275113e-03,1.764224668850354963e-02,7.896776179587132807e-03,2.663359132977837287e-02,1.316433773909968241e-02,1.979174628692101368e-02,3.868295826084454381e-02,9.340905849871744202e-03,6.939297109900128581e-03,2.578724632500809313e-02,5.376714996506672117e-02,7.333690579010450177e-03,2.672258367962561387e-02,5.524139709074187693e-02,2.448382187595463458e-02,3.909022925588326314e-02,3.276776666202044393e-03,1.040988312678305279e-02,2.748471277403120167e-02,1.166744539764222495e-02,2.761750018980688517e-02,4.483817041413388355e-02,1.533582885565865084e-02,1.915415958014374601e-02,2.206858595207158297e-02
4.396321436801929883e-01,2.960644510452239975e-01,5.381444379631371566e-01,6.150859439566207509e-01,0.000000000000000000e+00,2.703969760592770388e-01,5.659621375504221286e-01,3.120452315823140643e-01,2.288126005366160898e-01,1.043850743511187396e-01,1.339709634209411415e-01,3.559382806847864733e-02,1.176495837980222614e-01,1.842234368233323927e-01,1.445491296044087159e-01,9.544673877187571931e-02,9.691915699016530328e-02,1.867675031513694323e-02,8.646136839644335409e-03,3.177422172192511524e-02,1.156982464232277075e-01,9.531255795320900392e-02,1.794139339346641215e-01,9.313650010775183230e-02,1.584452593938912579e-01,3.063410902035803018e-01,1.101370110969058513e-01,1.935896264609611728e-01,1.323549091918685972e-01,2.583081876954416711e-01,1.111750409037462750e-01,1.958760832719438627e-01,1.598471299711382299e-01,1.577790643066666609e-01,2.740842263950561408e-01,1.315017947745552584e-01,9.812538427371515770e-02,1.573698245808597407e-01,1.441315686522529615e-01,1.274282737624505835e-01,4.955107670625365918e-02,1.029820335944169919e-02,2.342065168637046807e-02,6.511105462894137275e-02,3.679945362720418028e-02,2.245149691683933496e-02,1.291590143961814652e-01,9.064087051398998784e-02,5.810621170543880248e-02,5.807446180461387636e-02,1.741929329783914460e-02,2.024199537835506477e-02,1.176016984096974784e-02,5.876575644363998124e-03,4.166438209231186629e-02,4.759582764736886712e-02,9.059266457662940031e-02,2.060646444415890066e-01,7.322526037501814189e-02,3.626802387927975380e-01,1.575744867240293223e-01,1.879547740403783584e-01,1.860019858640325763e-01,1.185385946309868849e-01,2.227476721383205571e-01,9.401432392995892617e-02,1.859127910701826036e-01,2.254752033129301669e-01,8.282630291004661194e-02,9.748004059824491585e-02,1.371142510097823619e-01,1.839896989044449427e-01,1.540849599044675500e-01,2.578175888567518781e-01,2.126020300012933240e-01,1.600606833919486494e-01,1.007618732276523432e-01,8.431123283493116571e-02,5.561557842929396034e-02,6.413237279782200984e-02,2.979469594557948575e-02,7.744642148341711330e-02,6.250148301517986782e-02,5.614969865753056955e-02,4.495603796094036625e-02,5.711620045355975811e-02,6.583727119506277425e-02,1.110788969272341886e-01,8.902229879401518664e-02,8.313198048940685647e-02,9.072534093377260245e-02,1.192421353418179758e-01,8.286485799446595413e-02,3.027249137928109124e-02,8.221866031492250371e-02,2.180946966517671032e-02,2.560528827151482487e-02,1.238282380734552490e-02,2.688546503033851023e-02,1.058816214903354584e-02,1.395128949361503640e-02,3.231979336738888351e-03,6.067605986882330417e-03,1.019802772774160843e-02,5.682877318783122536e-03,6.462656285309406091e-03,1.076777201821931505e-02,4.031682966688798428e-03,9.588602524942558061e-03,1.411552222266835091e-02,3.347187772865007488e-02,4.421025929320038239e-02,6.462478104633694043e-02,8.624858967825581313e-02,1.469345371406799716e-01,1.355254837865237094e-01,7.868274325802682156e-02,1.816658399011115421e-01,8.179857771702546410e-02,7.258782361954238538e-02,1.313234489431068797e-01,4.444021426871149621e-02,7.750298355627585623e-02,1.190277460984981162e-01,1.221864384854120106e-01,1.170863524097079389e-01,7.375389944446150703e-02,8.192372807774964127e-02,6.875468622760423643e-02,5.176993212603513833e-02,6.579344736029169027e-03,5.028253491787482848e-02,8.630882293535302452e-02,1.054984225928470853e-01,1.966193899450958960e-01,1.095861396591218118e-01,1.460507525905581361e-01,1.579415620144346832e-01,9.945345370993957657e-02
1.437809916845800007e-01,3.668184521615313609e-01,2.450238881407988678e-01,4.477747547043030574e-01,2.703969760592770388e-01,0.000000000000000000e+00,6.512392575076888512e-01,3.883513769527442427e-01,1.907289111690252392e-01,1.833346326965007989e-01,1.559271928027446408e-01,8.910020490104093860e-02,8.745982547949887956e-03,2.474949914374494769e-02,8.533972183509801190e-02,1.903703756191799795e-03,1.546772133042119760e-02,1.301235459286185017e-02,5.724021670958959196e-02,1.000543998242720001e-01,1.146446331382407618e-01,1.310917948788497267e-01,1.881571439918688637e-01,2.852257333548204876e-01,2.899350098114726881e-01,1.306795419346725440e-01,1.817401739570319585e-01,1.062163532768207880e-01,3.076659415755096938e-01,1.007904901726330710e-01,1.552026530080971578e-01,2.239382548338044454e-01,1.251125638664330186e-01,3.613074906785597729e-01,1.125875285581767332e-01,8.452921324874677900e-02,3.295969243172346963e-01,1.336250166557498009e-01,1.041121071073158044e-01,4.332477701146781462e-02,1.127889125468247572e-01,6.897105219398712295e-02,3.308341454245379565e-02,4.539481065118388531e-02,1.453288838738023003e-01,1.192517417319488293e-01,1.407271627590958758e-02,5.358138454408183093e-03,3.136351805766907780e-02,1.498707879868341544e-02,2.449058484493199864e-02,6.763052788139349569e-02,4.462092762644838395e-02,1.947937980996855903e-02,9.575419706906326822e-02,1.154143267500880310e-01,2.095772228080132749e-01,9.466157241011291523e-02,2.364875511596562230e-01,1.047122293628738460e-01,6.551871997327805841e-02,2.088541507750872883e-01,3.334279836962730781e-01,3.148951070179177303e-01,1.854468533508026595e-01,4.098566682633388303e-01,1.946322288388044053e-01,1.064270297704694862e-01,1.467132779049540037e-01,2.847307414715429807e-01,1.207232285118877008e-01,1.675228354754092763e-01,2.216960830574237207e-01,9.533227530114909976e-02,6.804307361813013988e-02,9.997667925570632996e-02,2.044961600777054148e-02,3.630320618825768481e-02,2.667831990987169777e-02,2.270028069045900571e-02,1.898863355599922711e-02,1.914121679931657730e-02,1.806026326090238651e-02,9.098073712082507467e-03,1.605290324299434371e-02,2.065851354604071599e-02,2.368843761177397492e-02,3.280575218118165354e-02,1.695284779029457983e-02,1.495006026245229366e-02,1.939000100699003748e-02,1.981200475625101431e-02,1.825576818825837624e-02,7.750045843910780344e-03,1.309351485988087017e-02,1.921571595829905986e-03,5.052855849116076256e-03,8.945234394460432892e-03,6.523704806810656440e-03,2.879610506773573955e-02,9.130434942970236389e-03,5.662725105111967271e-03,2.575269583009567528e-03,3.176651525478227378e-02,8.539822293173859186e-03,1.288584172295149021e-03,7.396941674039885081e-04,3.273895660126021311e-03,1.538844650383149612e-03,1.918019824369507310e-03,7.797254623847945515e-03,3.517177730754450678e-03,7.738846353554826654e-03,1.788753187386764656e-02,3.122097302545217071e-03,2.583583092274570336e-02,1.746501370685341406e-02,1.742203299598879193e-02,3.199656196441643535e-02,8.687122581947396768e-03,3.323545269820081527e-02,4.975606453048839889e-02,6.020314188109918141e-02,8.800269805620164476e-02,9.140547715625269021e-02,8.918931996777199056e-02,1.243539462866386364e-01,1.057469097709295841e-01,9.256135458417276418e-02,1.374550208272945773e-01,5.965372838878788692e-02,2.962345877852978412e-02,1.578542087087727863e-01,1.250331928021650996e-01,1.930988345179497356e-01,2.894237113427102215e-01,1.709557938600043958e-01,1.088403054622692073e-01,1.761591190766783055e-01
1.150844808492851729e-01,3.950683370436253172e-01,3.567763322749106791e-01,3.397360633752939396e-01,5.659621375504221286e-01,6.512392575076888512e-01,0.000000000000000000e+00,3.353597930073420330e-01,1.838610563647914975e-01,1.655497732543160516e-01,3.695178117354779024e-02,5.657534352527543442e-02,4.558234886310014167e-02,2.781622857742326038e-02,1.198828514289922847e-02,3.068100350116647126e-02,2.086250577649061827e-02,6.422591174255234958e-02,1.121548406640419070e-02,6.385714798559967431e-02,1.495538726000326252e-02,1.880673227784739401e-02,3.009601671880595547e-02,2.511603793518403863e-02,1.925813342606669809e-01,6.810328668039294930e-02,4.644872751318529502e-02,2.890063335815684642e-01,1.478004901037280050e-01,9.050790599489810795e-02,1.481901730420384644e-01,2.613770558516323450e-01,1.284452518496148332e-01,1.205396088493738277e-01,1.579567859823091669e-01,1.877841150390791025e-01,9.270799309940669364e-02,1.535236584990646580e-01,7.749689588099753501e-02,2.084767149143559872e-02,1.020690505583819047e-02,1.121219558875459071e-01,7.698652402843636500e-02,4.102116776718302271e-02,3.715039415374376403e-02,1.166974396131739422e-01,2.218577869679654035e-02,1.467354980829219287e-02,2.523048336170689854e-02,2.437872126193255107e-02,1.557591233876488672e-02,1.511599535317533459e-02,1.649852749242833663e-02,2.273327626905461210e-02,2.207052073893819161e-02,4.940283296724257145e-02,9.551405258677607424e-02,1.157911972859579364e-01,5.303361478830893178e-02,2.109094352003700323e-01,2.861834257056266040e-01,1.680333227984275868e-01,1.842471648453338218e-01,1.907756188729293756e-01,3.357086681017408258e-01,1.508669049091057313e-01,1.295365272047369065e-01,9.773728370948461808e-02,2.826899731453510478e-01,1.779184366281590657e-01,2.030358841982698725e-01,2.819482342120674945e-01,2.040238586964819856e-01,8.207262646840714215e-02,1.597560180485019798e-01,7.815877115487356031e-02,1.212289743862074963e-02,1.556894422664999514e-02,2.901008089221565958e-02,4.502367253271171571e-02,3.861214656350658164e-02,2.519120129621907345e-02,5.529749512386392812e-02,4.216695135663645067e-02,2.623733715949732107e-02,3.740961815978284533e-02,1.336600250846999710e-02,9.719960265600520455e-03,2.592610908687642893e-02,3.617668711952165550e-02,1.047876355227408789e-02,7.917825926278661275e-03,2.479546357030937634e-02,2.818571070848284801e-02,2.542198161272383669e-02,2.274461613279975605e-02,2.756448503944739295e-02,9.914881955730788302e-03,1.847857791407305850e-03,4.296397433117828471e-03,2.890837593543630311e-03,7.418305076387291495e-03,2.464807339858784627e-03,1.635288481367293831e-03,1.555110537660566936e-02,2.604024151002836546e-02,2.667719509159625219e-02,1.798576051277800403e-02,3.732968225422633041e-02,3.206862377900000088e-02,1.733846694771689484e-02,1.609594815493618422e-02,4.598321439649338815e-02,3.306299432096978380e-02,2.787137115886620387e-02,1.410343942601759853e-02,2.503578418176594100e-02,1.470364167462692023e-02,6.399482638483043086e-03,1.977034015031942094e-02,1.099734607801865563e-02,6.507577755113964912e-03,1.149125448330390147e-02,8.793688607906656463e-03,2.204027939088560456e-02,1.188756099954383846e-02,1.692873796533760425e-02,2.724610311838252669e-02,1.740410303680210019e-02,8.349067345537270618e-03,2.502855290954831072e-02,1.559529935392902841e-02,3.043226127841857850e-02,5.235488257210080265e-02,5.441779346378705640e-02,8.544404563043976608e-02,8.537790419588572183e-03,5.561166847763047982e-02,3.795310186391809282e-02
4.277276012770405145e-01,3.091222081826358048e-01,2.882531088234452921e-01,4.328515504476492803e-01,3.120452315823140643e-01,3.883513769527442427e-01,3.353597930073420330e-01,0.000000000000000000e+00,1.002396806703368393e-01,1.219483354675908737e-01,1.380428605681012499e-01,1.369150246739798960e-02,1.084662964289267034e-01,1.001509354783559763e-01,2.417814261065698300e-02,4.143917214126034698e-02,5.951110437200599762e-02,2.013301253424407133e-02,1.564251002685804193e-02,4.700844442138509688e-02,8.737257207116135016e-03,1.737300586109111547e-02,8.366800421243082708e-02,3.747996991245558518e-02,7.392715251274466215e-02,1.596566436463502658e-01,1.895071823142750467e-01,4.737689068607844889e-02,1.297062561240613088e-01,2.349536648518969206e-01,1.297848224718408383e-01,9.252704663148113295e-02,2.256115096498191863e-01,1.174575963290431929e-01,8.769274781204876301e-02,9.840142744373187034e-02,1.052967422519831830e-01,6.680338695740321853e-02,1.728863612454369092e-01,5.342200855070029786e-02,2.776401234842912000e-02,1.672414019919375022e-02,1.376679744056001631e-02,8.159640889004975139e-02,1.215669769285739402e-02,2.697199418905762633e-02,7.721037387224549686e-02,8.727233651294877270e-02,6.241892816317547166e-02,2.207721574914258550e-02,8.440681553164226456e-03,5.988646231234489442e-02,6.539377327352263736e-02,3.482159629242837645e-02,8.592947950153628778e-02,9.980151109778148677e-02,4.908694791709061755e-02,2.225462239109737284e-01,1.256112855629432645e-01,1.570535292670669214e-01,1.127125665222348389e-01,8.453201259432492620e-02,1.310073909225413502e-01,7.526242797706243770e-02,1.316837419196672243e-01,7.388775569013018851e-02,1.044323007844473183e-01,3.249641757721872248e-01,1.821432993556810487e-01,1.263728543971178453e-01,4.981314580345116289e-02,8.283105152881199695e-02,5.349353042602104230e-02,1.964390906943115633e-01,6.721164425717401913e-02,4.508622643223714893e-02,2.459455768977259968e-02,1.514988336540204657e-02,1.297857409771636938e-02,8.246220106514124196e-03,7.114365972043566397e-03,2.136687889052482636e-02,7.570427325973658889e-03,7.389413124414712965e-03,7.160839126880174342e-03,6.774569782973327917e-03,1.201411779991086145e-03,1.045003759377071198e-02,1.293913581599444307e-02,1.006294840047529740e-02,1.301093223574793616e-02,1.132009130534977412e-02,1.715544474709818079e-02,6.609550319232089174e-03,2.085723461569544829e-02,7.391795257216349398e-03,7.071133334533119368e-03,1.333974006088255691e-02,1.186041879023206139e-02,1.045653568871174853e-02,1.996038115735063526e-02,1.102885638883653596e-02,1.685570387495822489e-03,6.608176608210530878e-03,7.140369998788125699e-03,1.061358877802902508e-03,1.228232646008200601e-03,1.528609695260591938e-03,8.829801216611423212e-04,9.291217127456708434e-04,1.568801598633963023e-03,1.836541667907483355e-03,2.572740352678527017e-03,7.100673306119000862e-03,2.985796738123076138e-02,1.371655715195574388e-02,2.495376901579444973e-02,3.257019405625313085e-02,2.447173453736837048e-02,2.170706117563315010e-02,3.409481654523559280e-02,9.019998210805705782e-03,2.408948874762018369e-02,3.724159422721945445e-02,6.901528858125688393e-02,7.120490592950394493e-02,1.361261017166703023e-02,3.700192401594048358e-02,2.713957306329051189e-02,1.843096958027815382e-02,1.072166914784449150e-02,5.301267186552765555e-03,1.837497538035261918e-02,2.184273322347322563e-02,2.059929828067054783e-02,2.456447339992889542e-02,4.771485308865559133e-02,2.096061743856035553e-02,9.262039128906850161e-03
1.702605201567129745e-01,1.772050429639462077e-01,1.781510502691990017e-01,1.594219893183326797e-01,2.288126005366160898e-01,1.907289111690252392e-01,1.838610563647914975e-01,1.002396806703368393e-01,0.000000000000000000e+00,6.869945127562161746e-02,1.346479750226789729e-01,1.078049130638324277e-01,3.860889227172924903e-02,1.158537613563346558e-01,1.521917701635247533e-01,1.960033687572028047e-02,4.349531507428269078e-02,1.664592983312199528e-02,2.502761490723763235e-02,3.472588557792018887e-02,1.352775767706285992e-01,7.420117266648872112e-02,1.398995246689914151e-01,1.338067787695298161e-01,8.455807599655712492e-02,1.858512475477415160e-01,1.251692378948397466e-01,1.394258683268609356e-01,1.493851944154994393e-01,1.401287687292903650e-01,1.171857270827184744e-01,4.452895925872137062e-02,1.142765160197769803e-01,1.112282648530247275e-01,3.192289929655700020e-01,1.033471352700650048e-01,1.024178078045435702e-01,2.062566357921511162e-01,8.772122841529747528e-02,1.783020712962669896e-01,8.195074291169152092e-02,2.388487808581989807e-02,7.462959712806931448e-03,4.148394369558835483e-03,8.983182381748637535e-02,2.713265620988776494e-02,1.056052901433008201e-01,4.792876066734196722e-02,1.785302832955148328e-02,9.390323354606321116e-02,2.563410704784365238e-02,4.179078824502962392e-02,5.449404733160008452e-02,4.150475044618692072e-02,5.156464039585367809e-02,4.797324004086955807e-02,7.939142691805037289e-02,7.636986554109938263e-02,9.377602690762525117e-02,2.066187260111822799e-01,7.446207925758276114e-02,2.083053388969202113e-01,6.799642560141337666e-02,1.773407577623560549e-01,9.227136578142276779e-02,1.043535372178341358e-01,1.979758098004024969e-01,9.724604109641417360e-02,6.067738318421440902e-02,9.569328499603127480e-02,2.159257673077715489e-01,1.512173691870737080e-01,2.741020795251184472e-01,9.825408377461865295e-02,6.951159056257641411e-02,1.033952885595027932e-01,7.541857556387254746e-02,6.329544524273923722e-02,1.038945324236644069e-01,8.466112634204032983e-02,5.245916612077262953e-02,8.045918353081096819e-02,8.398200746240332137e-02,7.666537190563646464e-02,5.995495387764797346e-02,6.679109056418613966e-02,3.791847721619409639e-02,9.517375232920433081e-02,6.572990765409564284e-02,5.823826265379611344e-02,4.125413194326480598e-02,5.384403509872478372e-02,4.615942546616520065e-02,1.559141366135362132e-02,5.361155782801053232e-02,2.699226725149872497e-02,2.388506727710338479e-02,1.193974199972314652e-02,2.007794039780659567e-02,3.305974500217330470e-02,1.441387363532447251e-02,3.617538700308670432e-03,3.351646360766481585e-03,1.730011489418591814e-02,1.681961545008549969e-02,1.687729423440554113e-02,2.214994647262054708e-02,1.349189122548680522e-02,2.175521904057664546e-02,2.974804507328068781e-02,3.422547203859952619e-02,8.120841938954981298e-02,1.041801406303102806e-01,1.027440374469831552e-01,1.022643046053653137e-01,1.390455058809469124e-01,8.671251219317997749e-02,1.269662440304085704e-01,8.519089851207330144e-02,6.682726459955010134e-02,1.154573213639840112e-01,6.592903644199289703e-02,4.643757172435242220e-02,1.231896478964591424e-01,1.184720062426312254e-01,1.215969011168637204e-01,1.347838182916469285e-01,6.791207564151949261e-02,7.521140370335177572e-02,5.966114387059718444e-02,4.417204426427023128e-03,1.974438549574101046e-02,1.100250545033664290e-01,1.320336734431196146e-01,1.038801229751084715e-01,1.271458838751574061e-01,1.003043320144008099e-01,5.675899586544253667e-02,1.115614998683294445e-01
4.354349826021819414e-02,2.060377776584104981e-01,1.371030226124465290e-01,1.623373069240487965e-01,1.043850743511187396e-01,1.833346326965007989e-01,1.655497732543160516e-01,1.219483354675908737e-01,6.869945127562161746e-02,0.000000000000000000e+00,1.168406401462282751e-01,5.822977062061190229e-02,5.055858511932337374e-02,3.736115650994607101e-02,1.278189015101700854e-02,2.063730303896096560e-02,1.632051320248158535e-02,1.986889629777831637e-02,1.137336052270675017e-02,9.111291355161542371e-02,2.354726657338626974e-02,2.649416811903170313e-02,3.297242429759143084e-02,9.055246369470451584e-02,7.055164124532574410e-02,5.522284084741074794e-02,5.680342277439057175e-02,1.960444624378948966e-02,1.262058479959831669e-01,5.132992833792628801e-02,1.412385534700656975e-01,4.077469577138179146e-02,5.816616021343506970e-02,1.581058955208784478e-01,1.141912059962739562e-01,7.340048799348336539e-02,6.344066503827924808e-02,1.040415069317548458e-01,1.080918317332790930e-02,5.915302727164407220e-02,3.192493078539893059e-02,1.650437878260530705e-02,6.114047100551248809e-03,3.007286074698872422e-02,4.442232042784120122e-02,3.315919001536933846e-03,6.902466269520291832e-03,2.496845584503284889e-03,1.143214599636885320e-02,9.628932264212096415e-03,9.112901367364508246e-03,2.762819426173258527e-02,1.656276412313485583e-03,1.580774449992640093e-02,3.457320982653902530e-02,6.550090011537099133e-02,8.096642789183329525e-02,3.983387833086751706e-02,7.687894460361123505e-02,4.158840339186925528e-02,2.544924916693685341e-02,1.354976084113840296e-01,1.052350905244526375e-01,1.778881350444715959e-01,3.237578916715221772e-02,1.490228943259057359e-01,1.117859884722259278e-01,3.354349157893785766e-02,7.583715528138496031e-02,1.000184105170658228e-01,1.765886117261702970e-01,1.200450176417126313e-01,1.448618223637538338e-01,2.511548496188438506e-02,1.998909245750079069e-02,2.380124836029065549e-02,1.039266928205516589e-02,1.088201572216994893e-02,4.541473041667586780e-02,2.189151009608252679e-02,3.641524462211597618e-02,3.345227154065438108e-02,2.919612672247386478e-02,1.573690896577539799e-02,2.433840209031851859e-02,1.315078306946146705e-02,3.198906082943174956e-03,1.003855157372691986e-02,6.193827578171729083e-03,2.025832332827641122e-02,9.089227690127876791e-03,5.325945345018081277e-03,2.341495719667800735e-02,2.451421090102413533e-02,2.441517716583564007e-02,7.382451307644025650e-03,2.997835255659626885e-02,7.515081772805863418e-03,1.193171960220049772e-03,2.044753683870875402e-02,3.347592849797995096e-02,2.808141301641768096e-03,1.153539543075132907e-02,1.211997755797470343e-02,3.250637426595891916e-02,2.232985310465051068e-02,1.265255204991130519e-02,3.649970268578813914e-03,1.265986093010753114e-02,1.193199763743624416e-02,8.852623717629891711e-03,4.802272860655270800e-03,1.546185800689102094e-02,1.405607192431804209e-02,5.505905725467791050e-03,1.319259728224964762e-02,2.232508312781223206e-02,8.040280003475995876e-03,3.031140970833218554e-02,1.317601824217774602e-02,3.177190525082652928e-02,2.069034431528687587e-02,4.593187368680725496e-02,1.460359376258228530e-02,1.711772735606363269e-02,9.909198962958578466e-03,3.209299651249449686e-02,1.525993015908877308e-02,2.161730301426590881e-02,4.534985271939837026e-02,2.844749345343971017e-02,6.612745842716077210e-03,6.509744392388228107e-02,6.952958038726493595e-02,6.900623462603780456e-02,9.215088075935347345e-02,9.076320583624188088e-02,3.664007624577819006e-02,5.745689230302827855e-02
7.301486155999742378e-02,6.370305097642688097e-02,5.015032827708673646e-02,6.980266125109069186e-02,1.339709634209411415e-01,1.559271928027446408e-01,3.695178117354779024e-02,1.380428605681012499e-01,1.346479750226789729e-01,1.168406401462282751e-01,0.000000000000000000e+00,9.856590505929714585e-02,1.013265036389830454e-01,1.221658240145464119e-01,1.272271058500121059e-02,1.979897992989034655e-02,2.288145724109856213e-02,4.217376771848832528e-02,5.692932330544592245e-02,6.205619748806452673e-02,5.421151706696390044e-02,9.547646290740618991e-02,8.933733940995450262e-02,4.120964583556592509e-02,3.224110896619517691e-02,6.895185859702165909e-02,5.952770322326925850e-02,5.092101082576439008e-02,6.342297613009835466e-02,3.661658717561099008e-02,7.025112839892033723e-02,4.227102329347716403e-02,7.410487273215289605e-02,1.007542197199467610e-01,1.299438020727175791e-01,5.467361770630128903e-02,7.178048922172862618e-03,1.071981660123015462e-01,3.053759414854019180e-02,8.950313621837754918e-02,4.388303745434841106e-03,2.284769587605055274e-02,1.272350227562174703e-02,2.970911060311783036e-02,4.626047555057898053e-02,1.067940932645458814e-02,5.397449593909924015e-02,2.164299465646001355e-02,3.125407479868133609e-02,2.503700025975073851e-02,1.812898212791097183e-02,7.046393917253841212e-03,1.228914052084845859e-02,3.213965117576628866e-02,9.815758800347049867e-03,2.445182455536553182e-02,1.937181725196235674e-02,1.886155347294448184e-02,2.400758628549158266e-02,9.047882778100041490e-02,3.019249801835673791e-02,6.779997991637334853e-02,2.595845945799660215e-02,7.310553609084934068e-02,2.053099526361956348e-02,4.370347993291080757e-02,8.566998765873568011e-02,2.330709017175561573e-02,4.064969145541503376e-02,4.312153448821261226e-02,1.086167377294577907e-01,5.835734623751473449e-02,7.506829083085574117e-02,2.216322795290181710e-02,2.648183032989498073e-02,1.551758259625072960e-02,8.259380726283944638e-03,1.661071883626895253e-03,1.432059348844648070e-02,7.910982290021423974e-03,1.337782891619848646e-02,1.077018379172971912e-02,1.597704503584307725e-02,1.964993798404571224e-02,2.405743454344284535e-02,2.389984176878229977e-02,8.415877958389630237e-03,1.894835226060986866e-02,2.280388860761710726e-02,2.268029423664821506e-02,1.155780534381130320e-02,6.547975115197976308e-03,1.336400067103013165e-02,1.176985971249815306e-02,1.922889682168365741e-02,1.057088103736209678e-02,1.469960634836463102e-02,4.190065964172705847e-03,6.749095292586510669e-03,2.802362679915599772e-02,1.803978724171742890e-02,9.393502489259158332e-04,1.990173933546608969e-03,5.971750591465425743e-03,2.572864410181250477e-02,3.167197532929839215e-02,2.544018813581070890e-02,1.932224255699582088e-02,3.001322836349541376e-02,2.215322568811029652e-02,1.201844111254384874e-02,2.688621704962113751e-02,3.179061408421738483e-02,5.094000769644797116e-02,4.572467928108960022e-02,3.369546511193502458e-02,8.719201515944162428e-02,4.051310291319111523e-02,3.087360436200757563e-02,5.842380324280566778e-02,2.736745402907525548e-02,2.116759724322900965e-02,1.480720755203466729e-02,2.083495455651826825e-02,4.195528108292159025e-02,1.109501800997519765e-02,2.760211028475067357e-02,9.829644233738459372e-03,1.508695769785576429e-02,1.641558193480157496e-02,1.018224360701795728e-02,1.377165823095618906e-02,1.675327965035536618e-02,1.108019497114906202e-02,3.189544160917866245e-02,2.448027144020512719e-02,3.933019128580575452e-02,8.229744029455367607e-03,1.001590444409312074e-02
