0.000000000000000000e+00,1.615336068239363321e-01,1.317121656546783315e-01,1.844944591581028914e-01,4.304997538135520163e-02,5.525721018855289657e-02,6.009660888610473400e-02,7.835580139344500150e-02,2.101079291612746591e-02,4.793776625267180680e-02,8.894385092466934595e-02,4.952339477565147197e-02,1.049051445202726397e-02,3.238584425731762251e-02,2.001961540450370239e-02,5.072442847363695106e-02,6.364346042324038610e-02,2.706483272192869438e-02,2.271549817000075716e-02,6.517034654075264111e-02,5.376074011132798980e-02,5.454517670031525794e-02,7.976007172333142436e-02,1.995966689254181567e-02,3.864400919385613253e-02,7.459121035624758332e-03,1.354253806059130608e-02,2.775593064720242430e-03,1.979951355435388000e-02,4.170106265485650637e-02,1.070463074223783166e-02,5.503644862007418814e-02,1.693216204628081659e-02,2.928536801116442961e-02,8.192316537288722722e-02,3.958349873453511497e-02,1.122043810857872512e-02,1.219995490782314028e-02,2.757658770819430838e-02,5.681456953289584083e-03,1.127162721615115014e-02,1.131631154278642075e-02,1.590009008603969487e-02,3.950486781799034813e-02,5.561678362662262481e-02,6.987444732732536745e-02,1.076722196633315143e-01,3.344124750156055037e-02,3.433140841934580190e-02,7.561736033167838766e-02,4.188543260058039119e-02,2.647383091828386936e-02,1.120554960655980627e-02,6.302561786069089955e-02,6.506249381328188530e-02,3.988591939912631418e-02,2.661149526494846831e-02,9.316213102302794979e-02,7.518183349482610023e-02,7.239978718148859516e-02,1.068459297489533916e-01,8.507937403317455960e-02,1.535934586477991359e-01,7.852621532143307104e-02,6.455599722346469505e-02,4.623559755561441192e-02,1.215019596419374473e-02,2.440538572025150246e-02,1.920308442559403098e-02,1.662909678560376249e-03,9.275363605439582160e-03,3.749353668581612356e-03,4.893565794092198142e-03,4.602863234439714610e-03,3.327442531234631705e-03,3.999357011482977155e-03,2.424038181825095232e-03,8.218568215266588289e-03,6.373114362802545854e-03,9.950144922918704310e-03,2.566775865765402731e-02,2.631908147266160281e-03,4.551502159978886713e-02,1.047196409782365049e-02,5.337161968480463349e-03,2.759387093331618773e-02,3.947754800207901871e-02,6.008750517843870764e-02,2.136623325448281166e-02,3.874488132645270005e-02,7.440410884333925612e-02,7.819189456252198522e-02,8.640087582057824622e-02,9.678703951290211493e-02,1.172233513362616469e-01,4.220498213222333844e-02,8.714875692622461867e-02,5.431753465230566152e-02,3.184657118734612880e-02,4.382568471832461870e-02,3.133770109679358956e-02,7.606028978990391279e-03,1.455037581637575080e-02,6.105835723865577283e-03,4.666662048894732254e-03,1.431843598357132770e-02,1.468755647004730581e-02,2.695760012342220732e-03,1.018489571005283707e-02,1.842093904232763174e-02,2.593653739626653951e-02,1.043023086920079334e-03,1.051021095646442229e-03,1.793818638683897931e-02,9.276439204456834314e-03,2.071400465293972773e-03,1.620477990085567727e-02,1.387142053819382347e-02,5.677120019657670713e-02,1.262881402616667335e-02,1.493475196161988400e-02,6.467280122433496925e-02,5.486663183313479630e-02,4.724484183674085985e-02,1.987030592883429758e-01,2.767436247287955245e-02,6.177831297523332654e-02,2.013947163080319069e-01,1.036623902536714520e-01,8.393887987698442354e-02,1.261421475806440151e-01,5.339330665436670814e-02,1.807116719439416999e-02,8.177723781453932750e-02,2.776928791651736214e-02,6.455221239213630724e-02,2.268436386770429636e-02,1.064876545349108944e-02,3.092006680984707781e-02
1.615336068239363321e-01,0.000000000000000000e+00,2.752227909770019187e-01,1.983109916312957577e-01,9.360870382373716325e-02,4.163954409323403910e-02,7.162308605450477816e-02,1.020413221955256827e-01,1.012049360818472188e-01,1.714505868146871392e-01,9.944439699542048650e-02,7.336142938485903930e-02,5.901275723591549449e-02,5.535820353498413504e-02,1.268909294362106921e-01,5.754667185392101786e-02,1.566188551370132909e-01,8.117152422047668736e-02,6.572762006078358699e-02,7.266458336012739105e-02,1.526338351823511852e-01,4.517017770620210260e-02,8.416065761277921609e-02,1.385934610106844822e-01,4.296260014532842647e-02,1.100419265331030287e-02,4.545652875303046042e-03,7.165414876271408891e-03,2.768805249364336002e-02,2.779113024344555261e-02,1.128683929568308902e-02,4.754738370071637937e-03,2.297608647450282912e-02,3.257669128637386002e-02,1.133494584711043467e-02,3.045086109442056779e-02,6.611815400626106128e-03,2.065894238276359124e-02,2.597383131124318331e-02,1.919752765661165289e-02,8.765551138016563354e-03,2.694830182737081511e-02,1.387539165001233643e-02,1.550125812182998573e-02,4.192827437416897507e-02,9.927215655652939230e-02,5.927937780858229255e-02,4.885132136134979347e-02,5.638186780065983922e-02,5.892327894823218976e-02,5.777600400703764710e-02,2.945121071604457283e-02,4.790040874386810449e-02,1.184239079505165215e-01,5.097165951531357903e-02,1.625365140470119152e-01,6.327586905969015407e-02,1.068638808255590461e-01,7.822487893284850446e-02,1.721441293135436701e-01,1.325259617532332235e-01,7.824526518547536558e-02,1.076017222659087363e-01,7.860195837650145456e-02,1.296027586613659154e-02,1.504032545534833218e-02,2.711101518440564226e-02,1.821959518286863158e-02,1.688457744935667817e-02,3.316327712754667950e-02,1.352330507081892820e-02,2.838350900795771556e-02,8.021033635831993289e-03,4.120833088832770094e-03,3.187086287010273185e-03,5.403770625718186914e-03,1.151415446590387838e-02,1.740904155445009358e-02,8.805558173517797141e-03,1.059536400836354024e-02,4.513947208276228654e-03,1.495301980448881379e-02,1.412080358143169567e-02,1.680388416551246294e-03,8.903394820679380595e-03,5.546699865943501007e-02,9.954620283874045239e-02,4.785201189885763401e-02,7.998889573564921252e-02,1.662812031315725469e-01,9.505917855568025987e-02,1.674853770487517157e-01,4.009832638845234332e-02,4.742442688900608966e-02,1.163163823899115157e-01,3.232338710311913332e-02,3.959827023839979088e-02,3.337890777016437605e-02,1.347711971602095528e-02,1.148033831962841714e-02,3.107361957289305962e-02,1.228057423789775948e-02,3.517534919485200418e-02,1.087183662813828028e-02,2.848955005171261226e-02,2.817411824990634708e-02,3.064595373812183457e-02,7.237359147370122682e-03,4.268458084925250140e-02,1.308375675753608441e-02,1.008000565482979234e-02,8.888066108553594954e-03,9.130758250212218236e-03,1.321316055510840005e-02,7.088378893763432054e-02,2.156518463944156333e-02,2.702277448052015779e-02,1.311375047759891221e-01,4.784142787657006540e-02,7.393282249178283194e-02,3.369603686571825962e-02,4.437617343579411400e-02,1.697816383844714672e-01,8.661563708002417705e-02,2.182995848030326314e-01,8.191581833067883289e-02,2.125660117565375817e-01,1.587206778291681553e-01,1.314137734629998444e-01,2.148450938429582180e-01,1.160494127407978165e-01,7.643007518198853545e-02,8.889491028063117861e-02,4.269559742339409242e-02,5.613345478107854836e-02,5.820534401538544206e-02,1.522032343390319377e-02,7.618012787124331386e-02,2.149402683774356837e-02
1.317121656546783315e-01,2.752227909770019187e-01,0.000000000000000000e+00,1.240099051134752606e-01,1.967193774549704510e-01,2.048344812525154934e-01,8.506883698176050113e-02,1.114281389225299929e-01,2.927238579856140943e-02,1.189239522223207446e-01,3.494386895022343065e-02,4.343913372474596940e-02,1.309696492134347356e-01,2.109070900831604423e-01,1.451653936129593536e-01,1.234697887507466285e-01,3.184056583398990337e-01,1.477304807910601592e-01,1.507988226465459825e-01,1.351850681600729742e-01,1.769841267585749167e-01,8.431972407877647013e-02,1.438820902721424100e-01,4.499748941990866502e-02,1.921625890088233743e-02,1.065634378154101114e-02,6.513316411923137858e-03,2.500359908981426502e-02,5.909701688159305771e-02,3.357320928389639914e-02,1.340971013996233169e-02,9.997810197501174473e-03,4.159092463275274043e-02,1.202166937923607355e-02,2.525009663082399339e-02,4.554435688820358819e-02,5.178729280718967487e-02,2.536471066695776891e-02,1.574963684217033089e-02,4.578436442167290593e-02,3.689545910513324090e-02,1.680898862479997605e-02,8.482925133776793303e-02,2.525117692929749677e-02,3.995167111251154979e-02,9.625676873991330373e-02,7.543519899427415798e-02,4.412800118781037839e-02,1.201409233722657705e-01,2.322028446250064618e-02,1.014768655327299846e-01,3.772444118529773988e-02,5.287714138399235431e-02,1.137221420412859590e-01,1.012505459175868650e-01,1.110166832219767891e-01,6.548630521616749522e-02,1.304581519965540004e-01,7.706998089474456637e-02,1.290512604328787616e-01,1.129596744050727214e-01,8.432111129155085705e-02,7.047791295975062986e-02,7.732730684051654368e-02,1.210001375367486358e-02,7.482619599330843363e-02,2.079763811366360307e-02,5.402300617340848043e-02,4.830774339440500886e-02,1.620064887387144201e-02,3.824935507894468983e-02,2.895219890084500119e-02,9.878433351662715273e-03,1.017444460629234396e-02,1.071429094400518610e-02,2.966012442132815244e-03,4.037933133614233019e-03,1.383295727189149185e-02,2.316655082314343205e-03,5.359520196682495373e-03,3.747739344298612555e-03,2.078720844199401837e-03,6.794213878261660955e-02,2.000864866814695830e-02,8.771252817712689442e-03,8.465294743303333758e-02,6.402640465013946514e-02,3.933227942169844477e-02,1.437228767929000506e-01,8.479224880402715103e-02,6.806028758297898162e-02,7.354744787240671822e-02,4.605348263609572446e-02,5.589037086007374311e-02,6.025195314723991863e-02,4.184142611478981755e-02,1.874657209857874540e-02,3.541986176549761361e-02,6.863435466319390416e-03,1.440638638566106404e-02,1.328800735918815590e-02,6.648130324800279045e-03,3.327188135463275687e-02,6.885424762210387052e-03,5.044810943906377805e-03,1.139336829047150066e-03,1.274746941572050055e-02,3.013818681082485601e-02,3.088865689126448714e-03,2.975910867914749111e-02,3.351139180436703974e-02,7.434505015333439659e-02,2.065639924564606489e-02,6.717119614870988020e-02,8.555406755585624745e-02,1.118106601791807181e-01,4.601063269765831576e-02,1.340009561724721798e-01,3.148273480449072931e-02,7.955293721414373118e-03,6.032215145377509830e-02,1.373620926418556432e-01,1.154929817110328522e-01,1.532769998060624396e-02,9.769953916169429875e-02,1.068806428451854196e-01,8.821837260322092089e-02,1.767000254107119195e-01,1.118496964153508910e-01,1.530017281393382111e-01,2.013243020989287924e-01,9.538816159201941869e-02,6.055871480266443452e-02,4.814185190155144400e-02,3.456405597947478925e-02,2.338070998364168498e-02,3.535094813460073343e-02,3.977118212194143305e-03,6.464830803038402671e-03
1.844944591581028914e-01,1.983109916312957577e-01,1.240099051134752606e-01,0.000000000000000000e+00,1.861213170988800791e-01,8.271261964871920447e-02,7.516827659267238948e-02,1.699605609635282399e-01,1.250972292548103715e-01,1.915615249290094912e-01,1.262945068498025070e-01,9.051792126159934060e-02,8.124307111533045356e-02,8.535060031637488331e-02,1.088049131017928411e-01,1.202180504373769193e-01,1.851236799895247254e-01,1.708946478256749002e-01,6.093947622192634472e-02,9.822425976184540053e-02,1.231720890374948113e-01,8.750268152484752537e-02,9.575554136821040618e-02,7.732381518488544436e-02,5.069411586195814168e-02,1.940889908743015715e-02,9.326342273767955840e-03,1.059374720859906048e-02,3.222799754717382836e-02,1.859960547796485342e-02,2.312041003835898535e-03,3.894522901017809235e-02,1.903583778769055851e-02,1.072360435081886471e-02,2.020887894368554941e-02,3.341173339502412354e-02,1.734842060285967172e-02,1.393660468354637055e-02,3.825392423041320406e-02,1.332739587408136514e-02,1.822688607924730780e-02,1.990221632094533663e-02,2.546465947784253350e-02,7.256982364605217561e-02,3.956244931510246449e-02,7.192934159732437827e-02,6.179911811454515819e-02,1.252364228785790394e-02,5.520889497595570655e-02,7.124063019329593405e-02,8.011534060698577431e-02,5.704839796298339510e-02,2.101435149042200565e-02,1.083846954012837593e-01,8.526327315494652836e-02,1.026978053460786550e-01,6.089875130728869546e-02,1.670337872751647690e-01,9.320581287121963709e-02,1.928961982730164892e-01,2.260005945201603306e-01,1.270383384188998599e-01,1.677800955196952215e-01,7.837265380721457342e-02,5.076973137798449637e-02,5.912231433807893510e-02,2.768155631697998345e-02,7.620765766556781423e-03,1.250828640650816954e-02,4.068795689332688897e-02,7.031248917059475592e-03,9.227281345694971285e-03,2.172596931145637320e-03,3.842805779758755313e-03,1.255307908233249843e-02,1.038429933573666551e-02,2.063279477449814561e-02,1.504972835524524474e-02,1.748326909944589516e-02,1.120791139144410725e-02,1.061836069044183248e-02,1.343924015590186941e-02,3.938045515843448946e-02,1.954230580103663226e-02,1.017769371019564342e-02,7.575695989946579223e-02,6.690661971139114095e-02,7.947170554065850767e-02,6.324686468961185359e-02,1.036910494767323693e-01,1.852218699890097187e-01,1.430148205666107453e-01,8.107971219502202453e-02,1.186759004904038017e-01,2.009444425312616189e-01,4.026035268494679298e-02,7.538083741627604750e-02,8.435602362345097360e-02,4.169334902111815344e-02,5.905753624817782627e-02,4.392309100773973685e-02,2.753384747126318491e-03,6.080817341775970192e-02,1.733898837529435424e-02,2.530934741777153899e-02,2.844718641268804624e-02,4.675896652655688740e-02,4.563554425767450858e-03,5.858604941388773253e-03,8.077382499677014313e-03,1.615950363080142366e-02,5.835756121509315733e-03,1.198481553936642588e-02,1.160760986768348026e-02,5.719775694665951704e-02,4.456916983794560749e-02,2.315584825486486503e-02,1.101653072737142358e-01,3.193300595223676208e-02,9.964456110951463996e-02,8.725544773920694552e-02,6.736612234415498279e-02,1.343097647257403271e-01,7.937959152369948590e-02,2.639873812734826464e-01,6.531143525707920616e-02,1.678243696190291900e-01,2.439210326083556812e-01,2.458757153777572091e-01,2.211845218264390234e-01,2.397733039566401769e-01,7.510554285078203940e-02,7.030113356876339925e-02,8.143670784935308493e-02,3.761937437568086545e-02,3.669541727265294290e-02,1.853813517642450420e-02,3.281812272264159752e-02,8.517448897505500854e-03
4.304997538135520163e-02,9.360870382373716325e-02,1.967193774549704510e-01,1.861213170988800791e-01,0.000000000000000000e+00,2.695809643475965967e-01,1.652720689556836375e-01,9.379779961735711102e-02,2.089841127394794287e-02,5.048128994888403248e-02,6.728007676353085775e-02,1.501998858785038582e-01,1.704939437096599786e-01,2.388126570953962025e-01,7.693364380797917956e-02,1.809017416431273340e-01,1.817372872292981889e-01,9.144095999332094160e-02,2.028562945250919625e-01,1.759499111658169648e-02,8.305956322737428899e-02,6.335462424212849608e-02,6.889492636707905682e-02,4.405661242764648960e-02,5.114904217752863462e-03,8.557646894535898829e-03,1.370482283529852671e-02,2.681118981896852063e-02,1.457966093249006209e-02,3.085241099753764996e-02,1.612161694327522016e-02,3.211476780248827961e-02,3.057917230782666862e-02,6.498248315170157552e-02,1.075458469472781106e-02,4.346671308682749368e-03,2.615866441199033929e-02,1.023581031792402882e-02,1.782861569882047276e-02,2.511242156591663929e-02,3.311884670472926839e-02,1.941596219889875699e-02,8.521582882695945271e-02,5.838038312489297194e-02,6.173931964760868280e-02,1.840627402496020637e-01,1.232607878317854566e-01,7.376408251540055028e-02,1.812650686698291935e-01,9.578995000880238808e-02,4.772656929146651406e-02,1.271814000067488515e-01,7.758970005931760394e-02,2.155506706508895642e-01,9.306317666785292320e-02,1.978875751108469527e-01,9.442555181346572180e-02,6.865580439059613960e-02,4.145843737038316240e-02,1.410573818457560302e-01,6.763369200662711078e-02,2.750883988784768794e-02,3.057197479395269007e-02,7.108872462316814800e-02,5.015504439343647369e-02,3.376573278463208122e-02,1.584846341322225169e-02,6.440491326334811528e-02,1.417983749311654482e-02,3.828041816679470660e-02,9.535781955315321759e-03,1.305571233208902525e-02,8.545427900407165031e-03,1.067361513232336495e-02,3.730313595247090625e-03,6.827899943245778480e-03,6.994881713553982930e-03,1.699822129095979531e-02,4.495806555765967730e-03,2.277019225452065268e-02,3.122533992731015354e-02,2.069582775970353616e-02,1.369618030759297634e-03,2.263877690058755873e-03,1.099063351495157582e-02,4.542367160158858330e-02,7.125370385442397758e-02,5.387439818677496745e-02,7.113989302056894504e-02,1.255033963478516257e-01,6.835685957722183181e-02,5.913426231038800690e-02,5.888366862843739946e-02,1.134567889052884859e-01,5.433058523678285789e-02,8.093216372759520771e-02,4.031779672696361033e-02,1.445142733085654115e-02,3.898401947287683661e-02,1.788969657973797298e-02,8.407168744235110625e-03,6.634609892107416231e-03,2.331015336105221603e-02,8.499792364973408204e-03,3.525831130052259864e-03,1.420496777456820969e-03,1.640117347607086482e-02,2.635241417130050091e-03,2.407125441786122418e-03,3.522885189231784314e-02,5.182754051592861760e-02,4.923500722815082886e-02,1.724656496283351673e-02,1.331137362768870513e-01,2.074812639613065612e-01,1.710007910774728745e-01,1.534251064081284532e-01,2.613497704429786905e-01,1.480179601491525554e-01,7.018213002259252042e-02,9.289108784824411102e-02,1.894617495242183897e-02,1.005786788824642591e-01,2.983267780290835280e-02,1.148387363701540986e-01,1.647976200724537987e-01,6.300598352709996242e-02,9.683440402959060667e-02,7.219855728362843672e-02,1.864402278538098146e-01,9.630875625025710207e-02,1.220101663535834158e-01,2.320135513647584302e-01,8.356478327487425195e-02,9.802412062365704892e-02,7.265189624802843860e-02,2.169933199285061301e-02,7.471585277038128581e-02,5.056736505180627755e-02
5.525721018855289657e-02,4.163954409323403910e-02,2.048344812525154934e-01,8.271261964871920447e-02,2.695809643475965967e-01,0.000000000000000000e+00,7.739691153427449843e-02,1.389041432925872677e-01,2.477317115303447059e-02,1.669914013309750367e-01,3.877579279131725121e-02,4.993023836667149357e-02,1.494723331596214400e-01,2.257149855807947247e-01,1.003968556142171703e-01,1.078106791819772314e-01,3.094289314190463158e-01,7.707168395553889995e-02,9.286570750202199909e-02,1.127949121894872564e-01,2.348503288489249829e-01,4.730198846440858418e-02,1.112701587353658733e-01,5.982631339155961708e-02,2.376783678616210815e-02,1.613793312033308391e-02,9.951866709320886500e-04,9.005821204681159833e-03,8.190545101494663138e-02,1.911570525069058654e-02,5.745910206195914850e-04,4.964288859984984995e-03,2.791808259729914449e-02,8.777420419856492642e-03,2.202820949729222821e-02,3.124326470290872751e-02,5.441278181361264982e-02,1.428657091857124181e-02,1.899119308072008336e-02,2.223817228672198693e-02,3.174460757669819028e-02,1.552704497453843459e-02,1.088954133170110389e-01,1.952586436594066360e-02,5.154389683163803498e-02,5.457353521725043927e-02,8.440251917977831253e-02,7.369214869293772008e-02,1.016162699928618574e-01,2.473369697332487849e-02,1.196888671516574965e-01,5.681133626420108856e-02,4.558743619035810629e-02,1.438073444633184150e-01,8.064657188101422014e-02,1.423008466652232462e-01,6.075111319112307118e-02,1.228353455772247388e-01,6.499686899672083018e-02,1.268585883305332340e-01,1.779704997694661062e-01,4.096550630878537103e-02,1.003125175428975502e-01,9.209966982652942336e-02,6.086177039137612328e-03,8.776446317778735517e-02,3.274330595032039215e-02,3.116912773982899107e-02,3.331886121037984372e-02,4.083802006531317419e-02,2.781445894130143634e-02,2.273254127814959558e-02,1.047105792036186894e-02,5.728175091182283359e-03,1.481570357447092347e-02,8.147971562918393052e-04,5.139173787970400219e-03,2.391648429396919101e-02,8.480564782808830242e-04,1.391059765594982942e-02,7.695272723298088487e-03,4.398350145747181340e-03,8.216112297944440368e-02,2.582015445675459389e-02,1.447114103981526727e-02,1.177098069409285713e-01,1.327423510192306255e-01,6.151814488654058083e-02,1.308490867452649642e-01,1.437720112141838147e-01,9.184455716770371925e-02,1.418594487579710184e-01,7.852972837204055812e-02,9.237575737282022192e-02,1.155312544361443983e-01,5.541710319723341938e-02,4.333523406059620886e-02,6.732672434757290547e-02,8.896278032070038116e-03,2.950406523158989949e-02,3.749204319576117383e-02,1.011482909704460205e-02,2.481372187353984154e-02,1.124791458402311234e-02,5.445874374340968667e-03,1.313529826851809849e-02,2.092085248983484996e-02,1.957047138761205951e-02,8.041352280438542055e-03,1.748678403441710286e-02,2.213563752509457166e-02,3.836203507363997872e-02,1.140678637277148071e-02,3.773486197412688481e-02,5.449097163748865130e-02,6.396451404568964660e-02,4.498302713695139649e-02,8.867562951943694372e-02,2.912118575270890991e-02,3.221005572914652226e-02,9.148013550236998304e-02,1.196756437181654142e-01,1.028226449745617832e-01,2.514172532656743994e-02,1.441491091265596769e-01,1.399517389355627306e-01,8.010197352795567216e-02,1.356930986063163147e-01,4.440545623482847204e-02,1.664394856518331134e-01,2.107941919992471769e-01,6.623097290793261704e-02,5.156793968755239710e-02,3.759883208833483120e-02,5.664311666587493882e-02,3.311467770777112157e-02,3.150545178528216944e-02,6.058772821880276105e-03,1.621249330344654363e-02
6.009660888610473400e-02,7.162308605450477816e-02,8.506883698176050113e-02,7.516827659267238948e-02,1.652720689556836375e-01,7.739691153427449843e-02,0.000000000000000000e+00,1.123608314168689226e-01,2.135712877962025677e-02,2.200421630666435716e-02,8.857140695323847956e-02,5.704668080190099244e-02,5.682999364730147857e-02,1.212666214533215520e-01,8.690304572646689873e-02,2.538673613103167859e-02,1.661407510171589996e-01,9.419048650866274075e-02,3.791286797480756393e-02,7.390439252725070074e-02,8.836466024634515026e-02,5.049020324698774015e-02,1.034899090646218718e-02,5.498073561327395178e-03,5.434573952096961869e-03,1.615584937960229048e-02,1.525776318146745796e-02,1.015763462304217733e-02,1.960810878068434265e-02,3.339909954154531013e-02,9.186872385439174074e-03,6.237671289772429330e-03,1.871098065666085275e-02,1.542196183556935815e-02,1.184841566136549465e-02,2.008375552961504454e-02,9.429209992133780541e-03,1.043750712732099614e-02,1.077092266649148054e-02,1.485733304318997798e-02,9.167960095984854785e-03,3.595622517953395852e-02,2.395886847575681364e-02,1.233265468493806652e-02,7.787489508771611169e-02,6.924951759804291729e-02,1.627849748226599738e-02,8.671999951903883175e-02,5.002487619013799847e-02,2.701351749154849019e-02,1.014757853353011191e-01,6.720569324666250677e-02,4.245153934352643987e-02,9.860104035401751066e-02,7.086872247850592443e-02,4.699104337762397693e-02,4.427219138529033676e-02,6.550284239348992676e-02,7.808141151574571337e-02,3.132705529922931442e-02,1.253146178193534910e-01,1.255548840175279290e-01,7.829955159719427515e-02,9.386900531700774486e-02,4.208419614052225088e-02,3.534170742634008128e-02,5.965037884024582127e-02,1.755052117937617312e-02,3.139663933753136793e-02,9.478462175644962115e-03,2.296555539373745444e-02,5.159742558420891273e-03,1.074410806165783210e-02,2.723301090459521664e-02,1.642277134655438509e-02,3.514800825680662513e-03,3.927193201818958944e-03,1.678162381476309278e-02,8.965844057542651790e-03,5.410214710741871602e-02,2.889824149722608829e-02,7.532906781779594857e-03,6.897024712487401232e-02,3.908896372680858294e-02,2.749510461145488610e-02,8.777084568228325778e-02,5.544481567952544432e-02,1.067311376372741261e-01,4.754985523000120756e-02,9.050998184605853203e-02,3.301866755247583746e-02,3.634307268913178346e-02,8.028681262463603641e-02,5.696377712718282693e-02,2.069982334297365209e-02,8.715649690016964712e-02,3.464395590781626372e-02,1.784913086059455173e-02,1.166205995194555430e-02,2.190351765006400692e-02,3.249523703382050516e-02,1.571175080614468922e-02,5.764566002797071216e-03,4.411486980495965722e-03,1.556959912277200951e-02,2.281920609675153547e-02,1.737046675796135101e-02,5.942933596878321144e-03,6.530024728192623112e-03,4.504231788114741036e-03,1.385514519105938633e-02,5.161984351443688057e-03,5.842157698700901555e-03,2.590211861958914563e-02,2.328616277796508385e-02,1.687697997327364599e-02,3.903614017199157765e-02,2.733538716935658697e-02,1.323206642819799335e-02,2.085687383236163595e-02,2.424484053553482149e-02,2.974414017623958073e-02,1.011582622688871058e-02,1.200960274413642552e-02,6.930704604499929311e-02,1.208045063694608984e-01,4.493651966353143234e-02,1.056367696910348597e-01,6.497196156412023138e-02,3.470846437026385567e-02,8.775673128945460366e-02,8.137022755322244338e-02,1.026670589630925695e-01,1.271099596765344272e-02,5.600345279401693771e-02,4.520945172756565128e-02,9.707241466433411126e-03,7.133028674924686563e-02,1.608410696309473323e-02
7.835580139344500150e-02,1.020413221955256827e-01,1.114281389225299929e-01,1.699605609635282399e-01,9.379779961735711102e-02,1.389041432925872677e-01,1.123608314168689226e-01,0.000000000000000000e+00,3.494470452377660408e-01,2.675094430322793593e-01,5.976626818684634829e-02,6.913158053975555772e-02,3.905740416185275732e-02,2.092677689499884142e-01,2.604878884160576891e-01,1.884414141960090994e-01,1.190440729103865447e-01,2.440258692699941168e-01,5.532929774966564851e-02,2.931304567509787629e-02,2.236551695475255327e-02,1.277679457679415168e-02,1.064419752387875742e-02,6.016962184914868839e-02,1.072612388075418199e-01,4.723400694638556219e-02,2.155021763992062689e-02,4.745646123750541651e-02,7.805890256460966403e-03,1.484558838317427513e-02,1.094868578152815089e-02,1.953188763613625950e-02,7.787991932843249011e-03,7.998716333816972010e-04,3.568845614418830747e-02,6.014997629482277119e-02,2.753918513389662023e-02,4.345503377351572077e-02,7.353707613942866289e-03,1.125668804912242742e-02,5.584243684086620703e-03,4.678126773043588676e-02,5.038984657543332107e-02,4.864003366564278313e-02,1.793317443024265156e-01,4.335821490647261134e-02,6.293189492855180700e-02,1.463556091747298671e-01,6.414129828153714019e-02,7.786909245026893411e-02,3.215159099589934288e-02,4.180229599748720021e-02,7.917142498978421705e-02,3.922755187181796444e-02,9.203755425992481837e-03,3.943275858204479262e-02,8.897736402933213717e-02,4.121008483367798875e-02,1.095260646556708156e-02,6.078858985455445202e-02,4.476448683298245301e-02,1.816177120217086702e-02,7.831629647370649816e-02,1.727164713604342067e-02,9.217950469054769780e-02,7.798163523453190138e-02,1.117903671224444902e-02,7.970673695081810506e-02,4.128290876240327950e-02,6.624814335356873918e-03,3.315174496357797818e-02,3.483193519339868732e-02,7.344991566447725030e-03,7.580304759301679206e-03,1.658830971026317713e-02,1.074123731385407884e-02,2.690602050712549882e-03,1.290764663289239826e-02,2.166494423730893140e-02,5.345143642984970245e-02,5.408209280244303217e-03,7.011152720811987885e-03,2.508048693621230119e-02,2.377329601108353618e-02,2.033263762399828770e-02,4.094660728704973413e-02,2.615333744394086196e-02,1.123546544479739166e-02,5.789456727229452121e-02,3.894956783583197746e-02,4.839656115077261428e-02,1.127461448964259122e-01,2.532657440049711495e-01,4.734102689756973514e-02,5.965085415178428274e-02,1.624400594250542118e-01,2.071105845664314785e-02,3.452529580586416458e-02,8.403306175142942480e-02,8.423450672424115382e-03,5.111957170786211868e-03,6.339257736902760218e-03,1.958999355104571946e-03,8.244137522501587476e-03,1.010364073894813586e-02,2.916368217054637890e-02,3.796686253757372564e-02,6.296153099728465929e-02,2.950859287410326562e-02,7.852426472115422995e-02,8.795981466038894914e-02,4.451600669481967087e-02,4.141686458419322620e-02,1.273828701968549026e-01,5.515153413362538365e-02,4.675950753885994848e-02,5.560408112416488635e-02,4.425702332453582133e-03,1.034378261254921272e-01,2.195286221435002738e-02,1.108422883371463219e-01,2.090408179533050775e-02,6.166194844819863213e-02,6.325228356178255740e-02,8.973582488563888737e-02,1.444384663427852322e-01,8.193710734824416475e-02,1.083016077397897375e-01,9.940501670151356828e-02,5.471043181095105318e-02,5.240945999149655005e-02,3.762407229908485556e-02,1.365548292825255298e-02,5.237605283417192531e-02,5.009700133577727615e-02,4.944735779073328868e-02,2.234700806570486323e-02,3.125327261829135422e-02,1.453046104267688952e-02
2.101079291612746591e-02,1.012049360818472188e-01,2.927238579856140943e-02,1.250972292548103715e-01,2.089841127394794287e-02,2.477317115303447059e-02,2.135712877962025677e-02,3.494470452377660408e-01,0.000000000000000000e+00,5.038261388751261866e-02,1.068257680281845812e-01,6.363722841743491010e-02,1.071878545401049460e-01,1.472471563915081494e-01,1.632026486794098952e-01,1.071843680958850381e-01,8.824538051349446743e-02,1.327816068680490735e-01,9.279028904869239536e-02,4.769596848844533804e-02,6.885635928343125656e-03,2.485708804472547967e-02,8.587123678196325813e-03,2.390452926607828515e-02,4.076525141981444944e-02,1.109466722942798432e-02,3.724374047403759217e-03,1.188831138318376807e-02,1.852941574177643935e-02,4.116146794143921150e-02,2.509727402352226328e-02,8.580470945647341446e-03,4.430942857765080706e-02,1.976478206999929960e-02,3.173093496612070571e-03,1.147928510372189098e-02,5.837208668937652646e-03,1.027451318090500006e-02,6.422829943797206745e-03,6.467733121714531498e-03,2.722327088613896683e-03,3.026209861129226103e-02,6.671795707270611331e-02,3.277866647271971638e-03,6.416185074594564497e-02,1.623601635906166130e-02,3.710015964887417722e-02,4.931463889497351982e-02,4.254008178754165037e-02,4.278339222815437382e-02,2.294321986502101049e-02,1.100642553574605470e-01,3.184375844021083979e-02,2.620155429261621094e-02,2.964958149086194608e-02,7.662198511938654588e-02,5.297381578622880477e-02,4.207080719919976952e-02,1.805187779749518884e-02,6.080393248465353062e-02,6.308251965930108431e-03,4.750536818251892973e-02,1.508980490193171341e-02,2.443495201636989439e-02,3.124337585244920876e-02,2.502756410929045730e-02,7.016030299587759471e-03,2.266596615788555105e-02,1.056868858390619947e-01,8.766026016994941591e-03,2.508492456745221519e-02,2.509855181754998624e-02,1.419193826467678859e-02,1.298640945912557694e-02,2.317164516171831869e-03,4.682378795638974904e-03,8.052169129719741539e-03,1.020410936811002450e-02,2.913400170523062702e-02,1.207227063526767306e-02,3.292555403781830415e-03,7.377109735672383872e-03,3.121910691807054314e-02,2.735808155184190835e-02,9.108391173917849276e-03,4.943882596155475817e-02,3.960957146936607692e-02,1.501496914785827898e-02,1.129704110130913021e-02,1.105620711936381936e-02,2.195353487266110681e-02,3.368673191963150043e-02,7.663948312932132578e-02,2.023727770250506597e-02,1.012694143084554715e-02,8.738604142023927157e-02,2.207486555614321042e-02,1.988581580360470474e-02,4.928181580311712107e-02,3.243411734770415382e-03,2.446257277988931212e-03,2.176843476552912937e-03,8.735560369052808999e-03,7.951053473957898562e-03,1.714820391797142532e-02,4.084174015473388680e-02,5.712063217452525293e-02,3.595434108227928138e-02,4.100588767130815271e-02,1.047504761221782210e-01,5.767073245181120883e-02,3.002971271181579735e-02,4.976969700394912044e-02,1.272808132678520388e-01,4.483239615310159049e-02,1.382885700609856605e-01,1.004156189285989320e-01,3.919085728077429526e-02,1.389102637300801413e-01,3.599934846802784610e-02,3.968557701613246308e-02,9.189384744091422252e-03,5.078294075314063183e-02,5.375694938492053127e-02,7.044117176890066223e-02,1.201107789925807273e-01,1.041074846631969281e-01,1.734337750292233235e-02,9.782904905479568314e-02,3.302166101529564746e-02,1.285327248792244616e-02,9.232394678081557587e-03,4.221614685268389178e-02,1.468295118874183083e-02,2.088049071972579093e-02,8.924261752523759625e-03,1.606169433335944557e-02,7.658359469783076155e-03,2.091765355506871541e-03
4.793776625267180680e-02,1.714505868146871392e-01,1.189239522223207446e-01,1.915615249290094912e-01,5.048128994888403248e-02,1.669914013309750367e-01,2.200421630666435716e-02,2.675094430322793593e-01,5.038261388751261866e-02,0.000000000000000000e+00,1.980206354197748264e-01,1.533998966409018117e-01,2.127354001227790836e-02,1.773847120156971935e-01,2.642702391842261522e-01,9.923108634146732276e-02,1.208110923837235617e-01,2.080616748390279325e-01,1.567136640573376510e-02,1.146306811310361384e-01,3.565911908595265079e-02,7.529706560438436704e-03,1.312244105724095534e-02,2.368624108559169023e-02,1.460704335516236491e-02,6.808456673220023188e-03,3.796087046128173836e-03,2.320055606919982361e-02,1.205106299204931203e-02,1.184936919736386679e-02,8.942038618104539149e-03,9.889269454344073659e-03,5.284448815446039435e-03,1.957143551265193293e-02,3.859490843138782892e-03,2.745692642448046249e-03,2.607741017743953667e-03,2.514209833783637073e-03,6.840604546437679088e-03,1.566085816510241757e-02,6.169683177740353276e-03,2.459235764712598346e-02,6.117699494411136391e-02,2.649607905286897880e-02,1.153842419905326128e-01,3.868162797775587247e-02,3.686456995206841697e-02,1.235416686962691329e-01,1.209013896680837842e-02,7.826359697879019250e-02,3.401941000042731783e-02,2.527436935707475657e-02,1.276919284782488395e-01,2.960748250278301408e-02,6.862728229492427723e-02,1.056251770787772909e-02,1.599891023281390517e-02,2.953691820995659606e-02,1.231669331817781404e-02,8.477820510387329422e-02,3.605669663311670409e-02,1.536832437478392009e-02,1.118187147679759741e-01,4.222337859965706597e-02,4.701358953004980412e-02,2.460209593338417988e-02,3.766859982091280701e-02,1.001891289902436394e-01,9.412725990496721706e-02,6.113471489886167926e-02,6.839181249493309078e-02,6.044035602016926967e-02,3.986979554234631323e-02,3.188556416930417997e-02,2.293086664054796303e-02,3.364384080213489274e-03,2.236003994940976083e-02,2.970508773725212895e-02,2.463840891915695247e-02,3.082586234461086316e-02,1.808229401495385982e-02,2.938497140818793762e-02,2.316800563998107354e-02,6.718461489257510598e-03,2.785920142992356126e-03,3.518846271292651318e-02,6.537101847678211675e-02,4.918274517616585961e-02,2.061850546227655956e-02,9.018893295187681292e-02,7.242256095173789376e-02,1.822886612975749832e-01,1.699341574234513041e-01,8.605915176868622618e-02,1.277686142758837073e-01,1.846507790915815073e-01,6.059040292200641720e-02,4.361725212882972685e-02,6.527124456411401154e-02,2.788720592658800942e-02,1.242850335620035267e-02,1.283417447268710501e-02,1.368864749408046227e-02,3.362593089519612388e-02,2.068432269110747138e-02,4.133711727370760480e-02,4.300056651059292606e-02,4.624353646247698207e-02,5.096547872033341947e-02,1.310911200763246465e-01,1.189398564450721840e-01,8.604065036296822122e-02,1.099862561199902444e-01,8.474981584513632815e-02,4.282058218275904687e-02,4.407861446664124855e-02,2.591048516162268792e-02,1.011562973193835813e-02,1.080340117551043810e-01,4.325693175686537439e-02,2.268553163660446195e-02,1.443742816412606385e-02,6.855748861053949372e-02,1.491773232672206628e-01,2.173056902353156794e-01,1.088251407611178223e-01,1.877046727840020190e-01,1.218941021207593095e-01,1.007744968958481924e-01,7.992271609110632169e-02,7.762395456204228272e-02,5.454235105127189925e-02,2.321650069718280557e-02,7.893657904027670535e-02,4.356387925595886501e-02,6.450931766525840050e-02,4.070352560443454837e-03,2.069069574929280342e-02,2.098088165660931884e-02
8.894385092466934595e-02,9.944439699542048650e-02,3.494386895022343065e-02,1.262945068498025070e-01,6.728007676353085775e-02,3.877579279131725121e-02,8.857140695323847956e-02,5.976626818684634829e-02,1.068257680281845812e-01,1.980206354197748264e-01,0.000000000000000000e+00,5.577394287162920454e-03,1.159782232370926147e-01,1.316888042832654870e-01,2.373673581781265418e-01,1.731014267167516607e-01,3.460918565211625747e-02,1.361277904489139046e-01,2.297217156948678021e-02,1.835458335123181170e-02,2.479737815874432857e-02,8.353412949523205885e-03,7.899276858708158613e-03,6.440853745788543971e-02,1.277380825111321394e-01,1.099468746689708648e-02,4.849162690932156718e-03,3.319941973135135532e-02,5.954263108275611137e-03,1.891684921316654291e-02,3.562304973008361460e-03,3.380433520136486014e-02,1.237437740327244559e-02,3.147845864937361560e-03,2.770745351598352321e-02,4.958870238350107651e-02,6.370444995655252969e-03,2.430735468013032682e-02,4.613631482095716801e-02,7.726395728102073042e-03,4.684475180256938293e-03,2.690047026139987668e-02,4.252929674816832012e-02,3.026723279133795505e-02,8.873021230266786574e-02,6.609448834285340524e-02,1.148657359568218822e-01,1.263825551933674962e-01,4.888666906526294847e-02,9.519780861281243456e-02,6.844780070694966856e-02,8.381684457321553205e-02,2.718134719930572971e-02,4.582915765987849444e-02,6.520836425196756270e-02,2.132243401020511228e-02,3.046130844415485470e-02,6.795826973468431509e-02,2.553125895714227281e-02,1.858276226016062141e-02,7.759928945866406691e-02,6.235466117985982715e-02,1.590796142182574480e-01,4.856709627659934470e-02,5.329467744641155913e-02,2.534608279334323727e-02,1.242720624926420270e-02,1.664270099587230115e-02,1.326135036828409233e-02,2.776908577999722891e-02,6.665115998142378748e-03,2.769578770504021320e-02,1.049711593128248646e-02,1.985947511036470145e-02,1.388050928167056629e-02,5.453697849834077648e-03,1.920053437616085854e-03,8.097740507940324323e-03,7.702343324295110247e-03,5.855636765751380708e-03,3.493553835983066042e-02,1.411279166299287367e-03,1.208863444833902304e-02,5.579489384355018275e-03,2.089142680791767140e-02,5.598704603920608841e-02,3.104009212094375678e-02,7.915506613780917688e-02,2.711202793513762047e-02,6.530279384434342638e-02,1.017898941894064407e-01,1.044997268941576241e-01,1.703824602067950944e-01,1.584474836390322439e-01,1.309424876647171943e-01,1.216398288008988804e-01,8.456428010651213800e-02,8.445503526590104892e-02,6.866552820710172811e-02,6.597192266470686128e-02,2.889681936048774102e-02,7.998371990142909282e-03,3.429831791384613943e-02,1.150136669489937140e-02,1.900306374088294586e-02,3.150861423028970126e-02,2.767350834528711778e-02,2.272219813202346842e-03,1.847317772856968757e-02,3.487833631702760839e-02,6.953425908997264149e-02,3.729328128892001742e-02,4.361770088810892898e-02,7.216385635904676299e-02,3.773476971231876781e-02,4.124880279636873592e-02,5.828275645856302416e-03,1.915040030909494900e-02,1.619232480899347182e-01,3.572976446558413788e-02,3.675532953587476448e-02,1.493110435610618854e-02,4.993684890104718721e-02,3.228409487785792453e-02,1.736141136524604056e-01,6.545520663496835756e-02,1.485539742960005627e-01,1.049962036733954607e-01,1.479742771951031710e-01,7.620943594081910910e-02,9.629191381146537387e-02,2.348325788371197903e-02,3.570174019399144361e-02,8.501348416757245618e-02,2.295373441264633024e-02,8.168888044318201036e-02,1.515800001331858889e-02,1.736535537991891476e-02,4.817919734405284177e-02
