0.000000000000000000e+00,9.349320870681557261e-02,1.549081243928828455e-01,7.191217768131845378e-02,4.091916407014807577e-02,4.963202374966928059e-03,6.120911295680918698e-03,4.459591158220050505e-03,8.473731876135728175e-03,4.442363815640634067e-02,3.018938127044938982e-02,1.136858181629121639e-01,2.926130231313735924e-02,4.978663619896793457e-02,1.180571848993469536e-01,4.043955647008468796e-02,3.264784940486409326e-02,2.129231114824567395e-02,4.550214860835326280e-02,2.726162977047421471e-02,3.742946567558192578e-02,4.993959551539658287e-02,2.128011840950501735e-02,8.279277916238257651e-02,1.963639568674840213e-02,7.136671244426741681e-03,1.744183715414906327e-02,2.859276268508202656e-02,9.287707578197381547e-03,8.320407902236696962e-03,6.746425065321030173e-03,3.261552859539335741e-02,1.128146939728661216e-02,1.910129776143390523e-02,1.512174798533822209e-02,9.052877080981449817e-03,1.254202359344893519e-02,2.654176138758923553e-02,4.776098910020352972e-02,3.858255461743767545e-02,4.865180444706596052e-02,9.183337809481306388e-03,1.698710488811068509e-02,2.651662465118775902e-02,7.230276522858366736e-03,1.606009796299761108e-02,5.127575849125347307e-02,3.083990668952850400e-02,2.312588410068013717e-02,2.849659433582414983e-02,2.954121576167554122e-02,1.295292891830455984e-02,2.447150412593090615e-02,3.385833513294705249e-02,1.043274877040634846e-02,2.350723099885535655e-02,6.836820501235752086e-03,2.211360923234666556e-02,8.832959172768684378e-03,1.271726824895705495e-02,7.676807846325586770e-03,6.058224883040680582e-03,2.126269258983268934e-03,1.501991915392668527e-02,5.080128285100446450e-02,8.857123808804113693e-03,1.330656377120859740e-02,1.483667722266285120e-02,1.931165706712136693e-02,1.852857068852565778e-02,1.614194767981008347e-02,1.767112781729352280e-02,2.362578494623180855e-02,5.481749020226068386e-02,3.156832827239302447e-02,3.576686506307501928e-02,5.192252108338101142e-03,3.894808931916151490e-02,4.357983313848003831e-02,6.080116594966190023e-03,1.894218222718873842e-02,6.438889938276566582e-02,2.514306476790612727e-02,1.884996112712454541e-02,8.855149903682050724e-03,1.671845561748620465e-02,5.417301764149593662e-03,2.666777064636784850e-02,1.495656793534618986e-02,2.124238475283206709e-02,3.509639206872065820e-02,3.028050010000638004e-02,4.058811251807448867e-02,1.961640394936138218e-02,4.492053480830820317e-02,1.364693468683906077e-02,2.340969165865648335e-02,2.373040542963153476e-02,2.667575817870894775e-02,5.910880028025745914e-02,1.949805297298748061e-02,4.773811279727365603e-02,1.392583884964138270e-02,7.430748167137150514e-03,2.454430608777469561e-02,2.530839157659745941e-03,1.127159003075191464e-02,6.513127739850833008e-03,9.183311815975946091e-03,4.617868743885798245e-03,1.057236632896737215e-02,1.213564597307267151e-02,3.527537399753049533e-03,1.271737845771060173e-02,4.221305836588141319e-02,1.287091568199754364e-02,1.715778015644058366e-02,3.794287912262115509e-02,2.073871573210249800e-03,3.334930471185263562e-02,1.534569376939405594e-02,7.442871879263231183e-02,4.163478173918176706e-02,4.597991599315436745e-02,6.342898443993475258e-03,2.261750218824261013e-02,2.122932196999118698e-02,1.408717931807202534e-02,1.969218888654148888e-02,3.000422672212208625e-03,2.577000906915476522e-02,7.076420726749922327e-03,5.141691603747570484e-03,1.712194128732966343e-03,8.159307472177400669e-03,4.639857710769162980e-03,4.098227195146389792e-03,7.847024482777732041e-03,5.103302583022359656e-04
9.349320870681557261e-02,0.000000000000000000e+00,2.594955701190359010e-01,6.457575036524999812e-02,5.350885147853656938e-03,1.700423319281328324e-02,2.185943781819351187e-02,1.742325687498728209e-02,2.313589113838012551e-02,1.182312648751143863e-01,4.673301303390092754e-02,1.515520368030133513e-01,6.845665671766356861e-03,1.132179019902039840e-01,1.447404937255214741e-01,4.668925244389616341e-02,1.467791900543708068e-02,3.951203801386534570e-02,5.849900586280175341e-02,8.798250839739432672e-02,2.097054437135410440e-02,5.439363588119409954e-02,1.893865606023036399e-02,5.608529046959470632e-02,3.712326679757186471e-02,3.635864353282571015e-02,9.994108791585023036e-03,1.387196734853574955e-02,2.844061041863449671e-02,2.994075284126291453e-02,1.274513036214168157e-02,9.747059562187449996e-03,1.521542935158112612e-02,1.909170088740259896e-02,7.167848329073422259e-03,2.082857632958686270e-02,2.264664942803643402e-02,1.257428127696217680e-02,2.977890848633072893e-02,4.298863555626578070e-02,6.843419789090199323e-02,9.416028502660319516e-03,3.638297868286969466e-02,8.824433488656208829e-03,1.277352519311247304e-02,3.286426054163592986e-02,5.198890985322479619e-02,1.804914601008745026e-02,2.036133694965515384e-02,3.773697941786627319e-03,2.172070095583293614e-02,2.389870949380452567e-02,1.124891274033767812e-02,3.193080358850377415e-02,6.280225233297595175e-03,5.935905113121882348e-02,1.207267911984158913e-02,5.114299746609840547e-02,1.547053187446442192e-02,2.470083203536325295e-02,2.937394226877379153e-02,8.992922418541323543e-03,3.527238549281409234e-03,3.632558222057027941e-02,7.238262772341751139e-02,3.215264344372461419e-02,3.774610701841253635e-02,6.084675264753124091e-02,1.221496364874611988e-02,6.417558952033947106e-02,9.438686506366960466e-03,2.284722314872060511e-02,2.755465486043611953e-02,4.822263642260395111e-02,5.412568554421118977e-02,3.431818942631788966e-02,2.789518111302429285e-02,5.375133618428509091e-02,7.100986705610876082e-02,4.120036252731544557e-02,9.570762138581809242e-03,7.978957994770977113e-02,9.382704385702508518e-03,2.051272337878543364e-02,9.036567232090772506e-03,3.780075942233292879e-02,3.278334789465112142e-02,4.239824221780413849e-02,2.459668218357426162e-02,3.454099947049277253e-02,3.676716929648745497e-02,3.656946264869612162e-02,5.367970382703803056e-02,3.140934770824144878e-02,8.650025054784273026e-02,2.385513526059938189e-02,1.308858029489111049e-02,1.009851870814126168e-02,4.879131880714288050e-02,6.219734676855608047e-02,1.563999560704161518e-02,1.790254747216485365e-02,1.045415559530035905e-02,2.839906617409166181e-02,2.967189460746787882e-02,2.075840319172963036e-02,1.633463596608964591e-02,6.250542481662135080e-03,3.095649543777299895e-02,9.255523333168411138e-03,4.094369047714249005e-02,9.178206663047930314e-02,3.772890569305560604e-02,5.373547459734857173e-02,1.108136055021755190e-01,8.042854492609334549e-02,2.351405138896221422e-02,1.002692551672268034e-01,2.189308904464151370e-02,2.608323991483257193e-02,2.998576687050001285e-02,7.348698102597620019e-02,4.896046661824212526e-02,5.550218962808985829e-02,2.572690983477679549e-02,6.533680145118260507e-02,5.890033301730157600e-02,6.089735889151519366e-02,8.022712432132141080e-02,4.957075722495780934e-02,4.408264098991170749e-02,1.388074206617729428e-02,1.709285220428724203e-02,4.235024271220154402e-02,1.567742281723674344e-02,9.092136980023384288e-03,9.923621882408167894e-03,5.041432170316241350e-03,9.935879482786017652e-03
1.549081243928828455e-01,2.594955701190359010e-01,0.000000000000000000e+00,3.033770584446068147e-02,2.990826807357082479e-02,6.917099930164120891e-02,1.498493569502048345e-02,1.967511714439445364e-02,2.710050395071616353e-02,5.743378013629618639e-02,7.821016301143403349e-02,9.936040086294357920e-02,3.171587771742884893e-02,6.698958722436056112e-02,1.498204551174012744e-01,4.576747159724263436e-02,1.115019060289444142e-01,1.631726183443307082e-02,1.074218307818721463e-01,5.009438562428247810e-02,7.633221170261845351e-03,5.689247120445014433e-02,4.020413199661788256e-02,5.390419057476225628e-02,1.622442054442594164e-02,4.883749403997283273e-02,1.820780200043693037e-02,5.476807694858669417e-02,6.295150939571006465e-02,1.353422803437619171e-02,4.246312290630575859e-02,4.089604636468259502e-02,1.830363963438321612e-02,2.079495686359962917e-02,2.880265677570550270e-02,2.080770400297445380e-02,1.270195939312168849e-02,2.047756663087315493e-02,4.453412178118624359e-02,2.719968301945119293e-02,2.206489751521236928e-02,2.284773445633325045e-02,7.778576568258778294e-03,1.486640381424753250e-02,3.773967129164015888e-02,1.308243873508255738e-02,2.088164393913651343e-02,1.499945389915512996e-02,1.325939690579535507e-02,9.506153998841325448e-03,6.923568010156266883e-02,3.029056627501827692e-02,1.506375703038631900e-02,3.681772443101915399e-02,1.646825060317992986e-02,2.914756856137061189e-02,7.955155044415896520e-03,4.001618736548539362e-02,7.129787349381142350e-03,1.153666869615332415e-02,2.312375762157393294e-02,1.211469286234372576e-02,2.182191135320778186e-02,2.275626503236846676e-02,5.060568544779199540e-02,2.229602239735631666e-02,2.713688684813366642e-02,7.220620976343157527e-02,3.452837343667467668e-02,3.498076889815261714e-02,4.085715091952249467e-02,1.201865321730639057e-02,1.468163401795575217e-02,4.504558700680683786e-02,4.105837538038698692e-02,2.688265095017074863e-02,3.927758157784807386e-02,5.915730491971575578e-02,5.199689155454174233e-02,3.227207877449334711e-02,7.331858580259222741e-03,8.365410213944833584e-02,3.502125000202309987e-03,1.046693278384067463e-02,1.492797925484596992e-02,4.286284934995116674e-02,3.507071057648781381e-02,3.505302724944567988e-02,2.255686388427115968e-02,1.529370144539201129e-02,3.434480604944124826e-02,1.723141049167967523e-02,1.009682342785348519e-01,8.146718060570682859e-03,6.786610570687739985e-02,2.240399037305617486e-02,1.345179785003335245e-02,6.513660538553457668e-02,4.963658171424219223e-02,4.765660286568969284e-02,9.661528316088317803e-03,2.754695738562183346e-02,3.619204922876614883e-02,2.081533896335144990e-02,1.525133534488041891e-02,8.299613034513370416e-03,3.359851187313847576e-02,1.495171271383968249e-02,1.859580728780476158e-02,2.459377425847536838e-02,2.869001989471035505e-02,3.615020744936385533e-02,4.158617287061814466e-02,2.581811333521990409e-02,7.241326336462051982e-02,2.851746153817795795e-02,8.183739971595038742e-02,5.538674800040457868e-02,8.864860469920571653e-03,9.665180268112262552e-02,2.196622259552017190e-02,7.744708763277011188e-02,6.759186159590782790e-03,1.834971301790039311e-02,5.549953483085813370e-03,2.610592409586832974e-02,8.167068790800624534e-02,2.184248115554999342e-02,1.973320196106102820e-02,2.022912427682313496e-02,5.827251589324861786e-03,1.534667096991238107e-02,9.142816028201524239e-03,6.821445125916376917e-03,1.013397418608242943e-02,1.285930272654355923e-02,1.323182612098256199e-03,3.053235761906368528e-02,5.991372004978380572e-03
7.191217768131845378e-02,6.457575036524999812e-02,3.033770584446068147e-02,0.000000000000000000e+00,1.144772994685007983e-01,1.998022658434145046e-02,3.474800041431923281e-02,3.024635812033344903e-02,4.389239323665684867e-02,1.259907509845017426e-01,7.168826356373693420e-02,1.604572766443222442e-01,2.252720350247313860e-02,1.293421791411259736e-01,1.595957974323836959e-01,3.878190355710783160e-02,3.629890672016160974e-02,1.392617653015429217e-02,6.207146222227204191e-02,6.704957042867194794e-02,1.273976212622538462e-01,2.334473830062765154e-02,6.163382691632907778e-02,1.451905708653635774e-01,5.259135600774210439e-02,6.107605660806397774e-02,2.216268293964901090e-02,3.689898151842189999e-02,6.574161392612852539e-02,9.727129552856425554e-02,4.728709428314649410e-02,3.295389372521919519e-02,3.455728993529603998e-02,6.083629576035098213e-02,2.687183368581179399e-02,6.408587581140938461e-02,3.801842205135118336e-02,6.228007667458431568e-02,7.460438926566809181e-02,7.649274884650304751e-02,1.327343061106756317e-01,3.940989705395913506e-02,3.054439166958547794e-02,2.455071999305024136e-02,1.210726141538204376e-01,1.176145281643994761e-01,1.075433981463374822e-01,4.424489616942670067e-02,1.026199691983229190e-01,1.010771677291364135e-01,1.397669701138264386e-01,1.113553835723382901e-01,9.661495731533276121e-02,1.930515809364556634e-01,7.557983506535499718e-02,3.374762054149067769e-02,2.386302122485391489e-02,4.720084884390437358e-02,8.125145522321405855e-02,7.328194161740790580e-02,1.465506593820368741e-01,4.269567163115273872e-02,3.828489441706468821e-02,8.041815051993757291e-02,1.390063338883832933e-01,8.639820413306303903e-02,4.367643831742021310e-02,2.874357129831665858e-02,4.387753930469358993e-02,5.569410584513313084e-02,6.814145567490569044e-02,6.428476417787500063e-02,4.012948289704899862e-02,1.286479987465247443e-01,5.506132812310574054e-02,1.204235799576422045e-01,1.093309770595493613e-01,3.401307237848213982e-02,8.703113770588559450e-02,4.527213845490342392e-02,1.226601235611236157e-01,6.169880850729483196e-02,1.996127041347374453e-02,7.047619396611357057e-02,1.534984759752680561e-02,7.323107032036162145e-02,1.855639382385218528e-02,5.255346416292184381e-02,3.178535956722018663e-02,2.699860478330030206e-02,3.472669014678946009e-02,6.306746983528432882e-02,2.814339705607907943e-02,2.252361016612114408e-02,7.629138274745082826e-02,1.072305859472734019e-01,3.413865464801336264e-02,1.796840111178110710e-02,1.109764135796952739e-01,5.093527163783729411e-02,3.973802235793467280e-02,8.855149800241776670e-02,1.745592780011721509e-02,4.502670170471358840e-02,7.373523458158481869e-02,2.427232263718257996e-02,2.268751453458878187e-02,1.867484767326539619e-02,2.568692709005006292e-02,3.190419404269605880e-02,2.803586545607133357e-02,1.087297760114871309e-01,6.711642365238844332e-02,2.355572867691363079e-02,1.033977061721114976e-01,7.882268699067571105e-02,2.823630393310460826e-02,1.208347108911477369e-01,2.629930413122792340e-02,2.547269903881114669e-02,6.895276294596092842e-03,9.403026152673477078e-02,9.985627743776590015e-02,1.094496024927876093e-01,7.639454957830116300e-02,1.508707416520030098e-01,7.383290669841144349e-02,9.728666727096502154e-02,1.180673728050942173e-01,5.019815196048544453e-02,1.360554328913798731e-02,4.749420885261408654e-02,1.703373661914026624e-03,1.881884640668127565e-02,6.139164171192818507e-03,1.191324029788683007e-02,6.809839293404704001e-03,1.135584894200081588e-02,1.039004517398530759e-02
4.091916407014807577e-02,5.350885147853656938e-03,2.990826807357082479e-02,1.144772994685007983e-01,0.000000000000000000e+00,1.404147913576115903e-01,9.748181550451850974e-02,5.589235965786653465e-02,1.242836520116640149e-02,2.164369408016357799e-01,1.732651715636369938e-01,1.672624004503725503e-01,1.400325018983722240e-02,8.985054638141594385e-02,1.622370036224569656e-01,1.868677985735078123e-02,1.964710153685780489e-02,1.671553151050936270e-02,7.232840751472893737e-02,1.707528223733099648e-01,4.945623748862432167e-02,1.527939455682799930e-01,8.435312656976461099e-02,1.757640262686355481e-01,1.171465013708475333e-01,7.401968377686374279e-02,1.065154932124189879e-01,7.852197398523644289e-02,9.876724620054060100e-02,9.008981537862262301e-02,6.097415952588072091e-02,3.247358347204683943e-02,1.287049174136988827e-01,6.290230091427247150e-02,2.973083464020840824e-02,1.711403064164201959e-02,2.253594040526325781e-02,1.422736573513066483e-01,1.257014928351816996e-01,1.540071903105115214e-01,9.900627056068374288e-02,6.584518504934050442e-02,8.447141415929167174e-02,2.720618944402030531e-02,2.625189114460548673e-02,5.517581754365861318e-02,4.249289934100208832e-02,1.581572070350212647e-02,6.129258881285486876e-02,1.842123029822617317e-02,3.317023809057968731e-02,9.832982011364094221e-02,2.088942936963271088e-02,9.201933006893404932e-02,7.458760096092935388e-02,5.763173754077038913e-02,4.454916502063554357e-02,8.312135943450464637e-02,6.244961435368236169e-02,4.869375857661036727e-02,3.952723542152328240e-02,7.572173182521153845e-02,5.951771489454918407e-02,3.112636516020093891e-02,1.755429081496265309e-01,6.685858314903450617e-02,1.266356218935336397e-01,1.185820713419577233e-01,4.194040730772816833e-02,8.923759390173227612e-02,6.771448948034372584e-02,5.505889475444309539e-02,9.475397824130470104e-02,1.377877761815412549e-01,1.564974775663859063e-01,8.441284175680317803e-02,1.032788367225246362e-01,1.626253046204062247e-01,1.037117812778356324e-01,1.558175647103688666e-01,8.184510636596578625e-02,1.392671888436519401e-01,6.213762533147654255e-02,3.054649709313533856e-02,3.606467185970350237e-02,1.649919743381478288e-01,7.423997304953268428e-02,1.093305912011694470e-01,5.171630748412082285e-02,5.965597766353417097e-02,9.817148090869856625e-02,7.460907854186069055e-02,8.537497811025283878e-02,6.340084399940082438e-02,1.125444564156522498e-01,4.859387128948045725e-02,4.666407405393196289e-02,2.565053260394467224e-02,6.770802477142036369e-02,1.168210878068301206e-01,9.284552521542627224e-02,5.575254551328788499e-02,4.911085820233881266e-02,4.840780745179213557e-02,3.405194732582603190e-02,4.175293582250905189e-02,2.990942599402022020e-02,2.270981292423719308e-02,3.494250408104716821e-02,4.638299947298778897e-02,9.093921174600540225e-02,1.848698106959659748e-01,7.992425306165668042e-02,8.530715788063798766e-02,1.121189583484678842e-01,1.686673256051495762e-01,2.680474613960083519e-02,1.212352950005715635e-01,6.680755274437497060e-02,2.440771880141503342e-02,2.033835520956791751e-02,8.383925876569592317e-02,4.301879809626684564e-02,1.422588983861655942e-01,3.846338554811529198e-02,9.143902238317695719e-02,7.131902760200635460e-02,7.143491361204991341e-02,7.645329175387169385e-02,1.830180492158034466e-02,2.883065309518435468e-02,2.581138345221690653e-02,2.553113369144902750e-02,1.279541876448742586e-02,1.426734202662312961e-02,3.353504089372977282e-02,1.024910287819941028e-02,2.526157550721256848e-02,2.061152915501879637e-02
4.963202374966928059e-03,1.700423319281328324e-02,6.917099930164120891e-02,1.998022658434145046e-02,1.404147913576115903e-01,0.000000000000000000e+00,2.879835340516843575e-02,3.159463834025671297e-02,8.414238458336434356e-02,3.797247610085247721e-02,1.852268668017984787e-01,4.581534354185121810e-02,6.717114622591971451e-02,6.008087209731469841e-02,2.157578888262238689e-02,4.991947174451053654e-02,5.678103861802399899e-02,6.493865815912895634e-02,1.309210676438986865e-01,1.084808681191560403e-01,5.566522544439380521e-02,1.946974512735808183e-01,1.078366566368739315e-01,1.305960463323787013e-01,1.122823578380833520e-01,1.250207060359385114e-01,7.174882629784841426e-02,9.855308071131510528e-02,2.789851309945799995e-01,5.355825615210729751e-02,1.009458751453752440e-01,2.976634582308028756e-02,6.990883070689099532e-02,4.358161102410011700e-02,6.691082275492511722e-02,5.372568804277563087e-02,6.564105114270112062e-02,1.581555774404108383e-01,4.472020892532722197e-02,9.613533887224294527e-02,5.308751811330271464e-02,8.856166624464179016e-02,4.147265394212713840e-02,1.239888544247402524e-01,1.234077661903017487e-01,6.126838025116712605e-02,4.515026081532588081e-02,1.629530487915091183e-02,4.424560495948517275e-02,6.085768720883844018e-02,1.695489204583178200e-01,4.365945015263881374e-02,1.101878327199854873e-01,5.796855563383102039e-02,5.748693310233304876e-02,3.185716558243131130e-02,3.533728759854962154e-02,1.563117219936429048e-01,5.419926133136197116e-02,3.473172695151071493e-02,1.084330167618965668e-01,1.627674725787793264e-01,3.722419595753736349e-02,1.992862906122237765e-02,1.263162368334109498e-01,5.488673241873027325e-02,4.121420949567987380e-02,3.748182787793313819e-02,1.581787791372877075e-02,4.002295759506194900e-02,5.643698008039821357e-02,7.261607303992023699e-02,7.312010666925070068e-02,1.114939535555306699e-01,7.561997815400939293e-02,2.762185381229738390e-02,1.644575506604938064e-01,9.511050988827378372e-02,4.517762875110037379e-02,2.503702902692586107e-01,1.306184998855575152e-01,9.596681705675079443e-02,6.539943375774183443e-02,6.237560541618961119e-02,6.523287459426543866e-02,6.598618464562390484e-02,1.532271446929623915e-01,3.995164744039331195e-02,6.983513593797539831e-02,6.577657759336467957e-02,1.384920284425226467e-01,5.214442106198095839e-02,6.755990014274647348e-02,1.676947162718459006e-01,6.680312168999509581e-02,5.304087778437782674e-02,8.030616881646276961e-02,1.033160023637840347e-01,1.204615506243981171e-01,5.168278739017351242e-02,4.453259942174610936e-02,6.560521232452937168e-02,3.838871140220802974e-02,3.209608821904188364e-02,6.742383621612586808e-02,6.503895273704152213e-02,5.036063598935480029e-02,8.012409631076823635e-02,6.263059431276053746e-02,4.051207661692184797e-02,1.164467242484594212e-01,6.268915391652446489e-02,1.244636212059494068e-01,4.819425270273070688e-02,3.811539336447888199e-02,4.546831642645233346e-02,1.862847144744378125e-01,4.156556227878704241e-02,5.154601540122923098e-02,1.595973614509577643e-01,2.309790407296202081e-02,7.239987142636490625e-02,6.052469559079599881e-02,2.237198157678967417e-02,3.351416808483741183e-02,2.881783542167176346e-02,8.573869642346600151e-02,2.188541004768701503e-02,8.780694418861567305e-03,2.622763990589858235e-02,1.054103811481281877e-01,5.118670749607962672e-02,5.399001845095777186e-02,6.675364341288947401e-02,1.300066926335055606e-01,1.399585898456591482e-01,8.609066717921913525e-02,1.175019133838452329e-01,7.614134462349565757e-02
6.120911295680918698e-03,2.185943781819351187e-02,1.498493569502048345e-02,3.474800041431923281e-02,9.748181550451850974e-02,2.879835340516843575e-02,0.000000000000000000e+00,1.294705257904783524e-01,1.380438473394500210e-01,1.634251236090436266e-01,2.472657833672144700e-01,1.465400368921214724e-01,1.250173223450813109e-01,6.737836333846849990e-02,6.555969613664903994e-02,8.806089270677783243e-02,9.586061684916952208e-02,9.836385352369650392e-02,4.030197988978202750e-02,1.645083889630821472e-01,3.446081500330015757e-02,8.408881241060847667e-02,9.744388113449763134e-02,1.231216829955367187e-01,1.561125092201915421e-01,9.667629716536083051e-02,4.373141084105214293e-02,1.679303514435762368e-01,1.147685400248018572e-01,2.439627270327957009e-02,9.685238270465623689e-02,9.211479811613722257e-02,1.614531317961149237e-01,3.099071610181266742e-02,3.495445239605879384e-02,9.185417594333174229e-02,6.041290530231051281e-02,1.720068437457142330e-01,2.960418967267150134e-02,1.318611475236269870e-01,4.081948931240556716e-02,1.278140444996866409e-01,3.402640037079301266e-02,2.611354195743323392e-02,5.440110974544145467e-02,4.434538660127426007e-02,4.330797503002314919e-02,1.002917265404434412e-02,2.560935356148388159e-02,6.590623498622097398e-02,5.077052511928967921e-02,2.453006135156424183e-02,4.566990254237763419e-02,3.643402502380527902e-02,9.821057971560616384e-02,1.425889122081552829e-01,5.993199498620396110e-02,1.289568366946802491e-01,1.059801959093556317e-01,2.190536085639472469e-02,4.070331474489273516e-02,1.437637623617039617e-01,4.909328375150298629e-02,4.036279130711920016e-02,1.152721132954663552e-01,4.687000728374545594e-02,5.501184291243240571e-02,8.417627325817832185e-02,6.366987687188552236e-02,7.221797728565221286e-02,5.908498715869457685e-02,5.665630532536734126e-02,6.125955826353386702e-02,7.537733919116614001e-02,1.001230530567868982e-01,2.493132984223077331e-02,9.530472260560300668e-02,2.430256165069173968e-01,8.538768142274257011e-02,1.814197471129479211e-01,2.986115756968091978e-02,8.897243859297437885e-02,5.798280610289784781e-02,5.981805816857194841e-02,5.908061456226813835e-02,2.142745391655024589e-01,1.593208242274621322e-01,5.115263946483249169e-02,1.233478155660368558e-01,6.741118346204728884e-02,2.605405515386754467e-01,6.623259739012699043e-02,1.661866676818730126e-01,1.286156786643895822e-01,1.675405317135783834e-01,2.197329530083632493e-02,1.329005360451852580e-01,1.686200746686814522e-01,1.057527407393217683e-01,1.121956828856193467e-01,8.368844145025336467e-02,1.456205775794885103e-02,4.426407354507358449e-02,5.102902714953811564e-02,6.063439806086262651e-02,2.500310115293238183e-02,6.818036258569830366e-02,1.870203152065468000e-02,6.977284816412528123e-02,1.949874086232104148e-02,8.718357029370051026e-02,1.365566144091436007e-01,1.389569714757548369e-01,1.071429060585140647e-01,4.184605742405618500e-02,1.057179449714864272e-01,7.076750441214085807e-02,5.461422937744203621e-02,6.404507757106901733e-02,3.863068487157004377e-02,2.088659227486940745e-02,3.297963940152547763e-02,1.697062902138818732e-02,4.909671576214590799e-02,4.366915355520222669e-02,3.131226260634102643e-02,5.728542817465122339e-02,9.097118621670101379e-02,2.946823867469669858e-02,4.630360486597157044e-02,3.199920085016227239e-02,2.820809236298248146e-02,1.166955527913997037e-01,1.323350177237580909e-02,5.060929863307997434e-02,5.594486934316374172e-02,4.966050352171087930e-03,4.940159148344258622e-02,2.821188999304884842e-02
4.459591158220050505e-03,1.742325687498728209e-02,1.967511714439445364e-02,3.024635812033344903e-02,5.589235965786653465e-02,3.159463834025671297e-02,1.294705257904783524e-01,0.000000000000000000e+00,2.597629445136814819e-01,1.624049782562588806e-01,8.555246931400849186e-02,1.342859380724200358e-01,1.492283224957128285e-01,1.282246829862773163e-01,1.101946523226088742e-01,1.107605393847223563e-01,6.356183356075267854e-02,1.012688755320573508e-01,1.023642173526285032e-01,1.222732966862386389e-01,5.870971020248703931e-02,8.435448247602884975e-02,9.480737855624107868e-02,5.021091870555932646e-02,2.081663795862930266e-01,4.108196124997499921e-02,9.350572866253385740e-02,9.728193290857289899e-02,2.873088386401098648e-02,2.108655874706843319e-02,5.318818878406488676e-02,8.196539504034312806e-02,4.898212336960983820e-02,4.383678465525961410e-02,4.497086769388113081e-02,5.557580347969236223e-02,3.262300220274461093e-02,1.000690259778545116e-01,9.185790281728734019e-02,5.216630333969115435e-02,5.123952618687233063e-02,5.413359189842970737e-02,3.826401721506009906e-02,4.218450325381777749e-02,3.154229630630861481e-02,4.606617920349299206e-02,6.374490770427901354e-02,5.167728519252035024e-02,7.566208058970808059e-02,5.920984779797866526e-02,6.533658208556762659e-02,3.557354491005618180e-02,1.341376782139934165e-01,7.269732240304288551e-02,6.495550447393959315e-02,1.792520075130351054e-01,4.649548548526930697e-02,5.827031123854650718e-02,1.026638027772224654e-01,7.292766609071178741e-02,6.510180911442702001e-02,1.073014143086049171e-01,1.230911784164851891e-01,8.165232465395683148e-02,3.931757095974085237e-02,8.365739672161698337e-02,1.105817512672014197e-01,6.924171937993421622e-02,8.319998148033043439e-02,1.518540299635737501e-01,9.668297845930075296e-02,1.761135199692262232e-01,1.630020313110663865e-01,2.421087535470495961e-02,4.325454421646311026e-02,6.256021333272235307e-02,4.248942788545416460e-02,1.409521746098606476e-01,3.202783825370607296e-02,1.149711918057995386e-01,1.068777400851896875e-01,4.413123575977458135e-02,8.744715459481131048e-02,6.944063031333741476e-02,5.303774143421351173e-02,1.570561074218310427e-01,1.201437453273671990e-01,3.431625375296206565e-02,1.357411839886285554e-01,6.683825017777382527e-02,1.432769799603117178e-01,3.958533086844826659e-02,1.288435870488217616e-01,6.763825363580104610e-02,6.420723574418556179e-02,8.586761069239344513e-02,1.122948210598332802e-01,1.646234577376750607e-01,6.255518465461461231e-02,2.401314771504881734e-02,1.043629935385873286e-01,5.509088393238248393e-02,4.535422741596969315e-02,5.575534078678949512e-02,6.208897324111980337e-02,3.780400735307426485e-02,5.595727232636044796e-02,2.753593505290408139e-02,4.156941889577205063e-02,3.238998148989213205e-02,3.673176390772733835e-02,1.186841800913101264e-01,3.165448976354256344e-02,6.457041071236718777e-02,6.258846813446652946e-02,1.356531373640724458e-01,6.383649321087302153e-02,6.706001967300086186e-02,9.030788899745008369e-02,3.909137575175383739e-02,6.399644612624712237e-02,6.320821720688461764e-02,5.203932536261456077e-02,4.456015832246493225e-02,1.194817777285515220e-01,8.885249444207034275e-02,2.518170661343765646e-02,1.883751670834933334e-01,7.783272920007237861e-02,4.823606978407206369e-02,3.236137456385636268e-02,3.239302052405085286e-02,2.544714403220190921e-02,2.051167054169876144e-02,3.901716562605018514e-03,3.771653160629156315e-02,1.991625747436579982e-02,1.700984001912223334e-02,2.453534880917070116e-02
8.473731876135728175e-03,2.313589113838012551e-02,2.710050395071616353e-02,4.389239323665684867e-02,1.242836520116640149e-02,8.414238458336434356e-02,1.380438473394500210e-01,2.597629445136814819e-01,0.000000000000000000e+00,7.825838900391825226e-02,2.065208122221000309e-01,7.063887140533020581e-02,1.247864795746959077e-01,1.403840186307468152e-01,1.017249738305392587e-01,1.999282628569182263e-01,9.843682328334744935e-02,1.603166914620022809e-01,2.329373374986385553e-02,1.589099692203350678e-01,1.649546548030147164e-01,1.252012824136689295e-01,6.514561795088201490e-02,7.295325730475270276e-02,1.383465315226676262e-01,3.284822854963988237e-02,6.434714382239424546e-02,1.641343554396084425e-01,4.216428420725792936e-02,7.664108169055870723e-02,3.814242724507785343e-02,1.784968888622865957e-01,7.235114039853615675e-02,1.048235725149358893e-01,3.518921797425821757e-02,1.005091242988010031e-01,1.021790830492087243e-01,9.808410018050842116e-02,1.089235945479564288e-01,9.789432270763939736e-02,5.517941254885794927e-02,1.387090164165512007e-01,7.123279257290965338e-02,4.555997626912757642e-02,3.406712694998300511e-02,4.690588406001489075e-02,3.408798573393104214e-02,3.017914051069009451e-02,1.004925809354185046e-01,9.488867725774946527e-02,5.089975570329937499e-02,8.733956070781978553e-02,1.554773695151789314e-01,1.339468524228595026e-01,1.919894143397079256e-01,2.290658044048989039e-01,2.107064460243867621e-01,8.044990270466600979e-02,1.421608121985329098e-01,1.163468980419530285e-01,4.811077823733509590e-02,8.786015814225867082e-02,4.140762108987833257e-02,1.667829152237425561e-01,9.266197973782885899e-02,1.419177502714542849e-01,1.260679645239378421e-01,1.470039999168759604e-01,1.425032001090356937e-01,1.468808160150032183e-01,2.337107885883681624e-01,7.890313529416585758e-02,7.561552213824408730e-02,7.827561191188314726e-02,5.741119592239136288e-02,1.528087620831620197e-01,3.673510822101767881e-02,1.349264620014737903e-01,3.976848459108806716e-02,1.172374912809759639e-01,6.405976408300501079e-02,3.356970073643937569e-02,1.737118312657625063e-01,6.998869262591027318e-02,3.810242549118232624e-02,1.523168908384334719e-01,1.604760845234893818e-01,4.230856239847358841e-02,1.866926274808858033e-01,1.178241839946787134e-01,1.673412671697510623e-01,7.058044591653223065e-02,1.223020688204776024e-01,1.321339289101268744e-01,7.225183478556962413e-02,1.035454131676099565e-01,7.430911867382676561e-02,2.063518975025628310e-01,4.597420502886397087e-02,9.593619104973709344e-02,1.058211290816894051e-01,8.473112544646169142e-02,1.393653690497521636e-01,5.714136823469948001e-02,8.044500342142396621e-02,3.193469221905755745e-02,5.770353248800318136e-02,9.014427983555459156e-02,8.704865239627944395e-02,2.739560055469692293e-02,5.398802188752001296e-02,1.142976328915690371e-01,8.140712077398203073e-02,1.733208403240457940e-01,9.610034884007434552e-02,1.256147358381649037e-01,7.010735709996546161e-02,8.143012827454472469e-02,4.158482747827241255e-02,1.725741297251000977e-02,4.964029840329688831e-02,1.137460156424752698e-02,7.041485621815515850e-02,4.336510847077218456e-02,1.110129769598745958e-01,6.133104902492564348e-02,1.675673094077672134e-02,1.259328734286596363e-01,4.842819501956068667e-02,9.668549117095143197e-02,2.377168288478903949e-02,7.553758282768738286e-02,7.196264916502176368e-02,3.478635518647773400e-02,2.646227288726026028e-02,1.206317287671229525e-02,1.533494084253435134e-02,2.204947540985875351e-02,7.013788737115737339e-03
4.442363815640634067e-02,1.182312648751143863e-01,5.743378013629618639e-02,1.259907509845017426e-01,2.164369408016357799e-01,3.797247610085247721e-02,1.634251236090436266e-01,1.624049782562588806e-01,7.825838900391825226e-02,0.000000000000000000e+00,6.718509657983458283e-02,7.332777095315134996e-02,2.033046180775172906e-01,6.994549753698792172e-02,2.709016647004949263e-01,6.657598218525820344e-02,2.106174559558857962e-01,7.390208281651330924e-02,1.122278227015112012e-01,3.077743287078384404e-01,1.733003483947201107e-01,2.592092597120676523e-01,7.533327244885298923e-02,2.111908425989680871e-01,2.368761834235929287e-01,1.155145268414804471e-01,1.085936345033476219e-01,9.459060639941828386e-02,1.340747254961525969e-01,5.024683181052941316e-02,1.427260409365102567e-01,6.825498369020889522e-02,2.036995123316290845e-01,6.880935058729127640e-02,4.651336424500467776e-02,7.220371499993820386e-02,8.579650040218193829e-02,1.593110942657217644e-01,9.659036043168590935e-02,1.880713510629849483e-01,1.041548429302379813e-01,4.650116737787334670e-02,1.582934057852411480e-01,6.284936008829215826e-02,6.488195510247019016e-02,1.419252754274962121e-02,5.805634593196146165e-02,7.513308685958369759e-02,3.338763544035445313e-02,7.997563319678317739e-02,1.603196245236801140e-02,2.626514128057741773e-02,9.033725953049240309e-02,3.276997177872299077e-02,8.256543220744751166e-02,1.557204893781370114e-01,7.464899713947839577e-02,6.396835112793984590e-02,1.160739129703503292e-01,8.364932454295570530e-02,9.909163558930637883e-02,8.241158876633074282e-02,1.413341572928024925e-01,7.500121884692048657e-02,1.715515393136313460e-01,6.151227362469852133e-02,1.182589981467391388e-01,1.673792796661140447e-01,6.120574365555588037e-02,2.745361037433531881e-01,1.560426090390069076e-01,2.154150135938396327e-01,1.765044213547373730e-01,8.400029231337817481e-02,2.170106098053843358e-01,2.770206112307700697e-02,5.137561409084682312e-02,1.911715645008191522e-01,8.698665069304820086e-02,1.198119046656311165e-01,9.505288797817554314e-02,1.766307001145175359e-01,7.121617229863273779e-02,2.928064141489283845e-02,5.138727443203248285e-02,2.256548791919904262e-01,1.452253971070573690e-01,2.034964404941337623e-01,9.516141651844635396e-02,1.623683546961389446e-01,2.228908779236368209e-01,1.262716300303164119e-01,2.523430907808020818e-01,1.342639963825535687e-01,2.676840063526534363e-01,4.142787139491711096e-02,1.221648456873699051e-01,9.670676244716978898e-02,1.742033033656088803e-01,1.611484666520494879e-01,3.951223713981130703e-02,8.303075181752592182e-03,3.128949503233882656e-02,9.508537944814599019e-02,7.490184515877043592e-02,7.915289470205204292e-02,2.445081533469006807e-02,2.781286890052146049e-02,1.041894963369108945e-01,2.328084326690619404e-02,6.845891368094328411e-02,1.624627267801361796e-01,7.245894479561962309e-02,1.348980263205854513e-01,1.355026882049312764e-01,1.021543384211886785e-01,7.879402009118519068e-02,1.177415914701442634e-01,8.013837105594646959e-02,5.126628432987299228e-02,7.457099902311700203e-03,4.880252087330100297e-02,3.201086827213662361e-02,1.692143620126986825e-01,6.000791549743488690e-02,8.243414792701544980e-02,1.454215394851551824e-01,4.954630354456869556e-02,6.010992480381820852e-02,2.163139617107751392e-02,7.051299522786895480e-02,6.617157609924526063e-02,3.180331771349867442e-02,3.504544863808670835e-02,4.612118122721935859e-02,4.609246371781577228e-02,4.288054504242227311e-02,2.982413272287840270e-02,2.575362042334924245e-02
3.018938127044938982e-02,4.673301303390092754e-02,7.821016301143403349e-02,7.168826356373693420e-02,1.732651715636369938e-01,1.852268668017984787e-01,2.472657833672144700e-01,8.555246931400849186e-02,2.065208122221000309e-01,6.718509657983458283e-02,0.000000000000000000e+00,5.156853212196101793e-02,2.780701306782947801e-01,2.422591580230676611e-01,7.263550590191023004e-02,1.855227908433750572e-01,1.321332540882124984e-01,2.073812011108164821e-01,6.881728138903291103e-02,1.476813628198833661e-01,1.665400928616500853e-01,2.336815297897058274e-01,2.967601254653617210e-02,1.327933493065113213e-01,9.074568170023343538e-02,7.847642289573263097e-02,9.214450864848049150e-02,1.183589819174738628e-01,6.238371122904229349e-02,1.162081220597829950e-01,6.932943303975980243e-02,2.870596257713977639e-01,2.241507735502227538e-01,2.157802668073045549e-01,4.164143031568984937e-02,3.626992370260709309e-02,1.761965793524687129e-01,8.221217873010247534e-02,1.628670426021950890e-01,6.176205795178719288e-02,8.250073808273528098e-02,1.293103309805740397e-01,6.420038644290627927e-02,4.783474320327795598e-02,7.610634570729425327e-03,3.815256132583083604e-02,2.219703358669370200e-02,2.013179231680592082e-02,2.366258716648339533e-02,8.265977340476050872e-02,3.857788886877002582e-02,3.764221745829770399e-02,1.508171698887723899e-01,1.037244250899010539e-01,1.580908469538105932e-01,2.365594467137377976e-01,1.177586605663818453e-01,1.407171126447429865e-01,9.674856391650907272e-02,8.471914456906930180e-02,2.867489429212170815e-02,1.788719116721106395e-01,3.816525387089132054e-02,1.072319851189097450e-01,1.210283878223497867e-01,8.008655608194253928e-02,1.465189785312684401e-01,2.995544095356321157e-01,1.341207185020982240e-01,1.944720518375729346e-01,2.510534046773295058e-01,1.132196518487456061e-01,8.380800253092487995e-02,1.330981399907623097e-01,7.925305648752806187e-02,1.171978770309855394e-01,1.344482978465912915e-01,2.476275220754750594e-01,7.175792596074412333e-02,2.813467398427710320e-01,1.044428959783424010e-01,1.096478161897148085e-01,1.143436309041232918e-01,3.565416022014691877e-02,4.303900129838739153e-02,1.945508007001348350e-01,3.121192286423852269e-01,9.910632293655670388e-02,2.244908748944280941e-01,1.193848655301929657e-01,3.547402829376800626e-01,9.674695203879436767e-02,1.360740085394699650e-01,1.618804791188357406e-01,1.666873509907708939e-01,1.170043823498077423e-01,1.482471744082556331e-01,2.730212073859984989e-01,9.154288164089556534e-02,1.404262962519281510e-01,1.373043378591110031e-01,1.034237144085452115e-01,1.638792680032578331e-01,1.167876679082510832e-01,4.201688898285405732e-02,1.441074924403367985e-01,1.093691847069435813e-01,2.220612649199099273e-02,2.601935906451472574e-02,8.251422634254808319e-02,1.870264997746771130e-01,2.013833688611831874e-01,1.577537501418185828e-01,2.723578160813470705e-01,1.052695618669234195e-01,1.486032653753986410e-01,6.114863734183030586e-02,3.630764789473896192e-02,6.473149547614560906e-02,1.354208112270139860e-02,1.083165685710457855e-02,4.697092831800977336e-02,5.551960635459774612e-02,1.296735262087639895e-01,4.067825176121495773e-02,3.231619994594539524e-02,1.256778958291509263e-01,5.405622932494328486e-02,2.997029236608904010e-02,5.621568218470792550e-02,1.537130877192393816e-02,7.343846511052852521e-02,6.044885824344656960e-02,3.721606172873047607e-03,2.643933276269259600e-02,2.898380457008660829e-02,1.491210687131285656e-02,7.296826104939317832e-03,5.626224668586973093e-03
