0.000000000000000000e+00,4.638839845890042612e-01,4.698744540257535629e-01,2.899348130292135894e-01,3.234434139867791713e-01,4.365352428459798317e-01,3.771296182475039060e-01,3.787918365025607637e-01,3.182388091885141046e-01,3.875869863678916283e-01,3.245689334722405284e-01,6.426085308607261126e-01,3.204063294536467210e-01,1.357322663996890499e-01,3.329042660238761830e-01,3.951830504783449549e-01,3.284126667654406750e-01,1.603835404500430495e-01,5.006585251842780027e-01,1.887927302315288991e-01,3.243760875352030837e-01,1.897673117427250422e-01,3.940580720294422634e-01,1.888863669750358854e-01,1.815786740191295198e-02,1.352980642691793411e-01,1.284242194680009774e-01,2.675280242493978042e-02,5.542087347062277930e-02,2.625285785350514253e-02,7.394553772224138344e-02,5.794058438799896960e-02,6.014215232234996350e-02,1.293935845499306070e-01,4.502065628365931049e-02,8.815481243501593900e-02,1.832062795637168229e-01,8.145840519166445970e-02,7.836995530530425913e-02,9.356556409760624637e-02,1.409023086640119327e-01,8.307763221745571858e-02,9.085482186953000583e-02,8.976956488062880213e-02,1.689260871719937274e-01,4.874474514953949095e-02,1.486007877264116650e-01,1.536261632926817500e-01,1.250340532451318376e-01,3.189293428402093650e-02,8.124076100450165761e-02,6.883059243098557656e-02,9.606124458409923128e-02,3.409498247598784920e-02,3.681826389371835317e-02,1.597796011644602165e-01,7.783209877579423674e-02,9.242494066708124845e-02,5.069296649873110405e-02,1.526546767471109178e-01,3.783710956360275546e-02,7.254574434927245352e-02,1.252697277411499166e-01,1.099107105868890322e-01,6.058127588908091693e-02,2.902101748926361191e-02,2.111375491704505988e-02,7.718615736807134253e-02,5.556657199723324253e-02,4.550390263226657128e-02,1.059014944557409715e-01,1.868631790494310885e-01,4.720423291425335233e-02,1.144320070737933487e-01,1.196577543846494701e-01,1.760307929529967841e-01,4.674687512191714328e-02,1.060624074757882535e-01,1.700751178523498275e-01,8.631421011832603185e-02,1.224998435395932700e-01,5.969052237150215129e-02,2.086493326633909184e-01,2.890245904784675968e-02,1.651971713371487294e-01,1.566044279246313342e-01,1.396233872902955531e-01,7.112081494596515785e-02,8.394812012295436998e-02,1.991827750352354043e-01,9.775597135772610968e-02,1.074119640568080014e-01,2.187954914725109001e-01,1.261541909324352118e-01,1.216423116304407442e-01,1.358357535581006525e-01,5.988470567407648548e-02,1.158839510098390868e-01,2.210026916526914575e-01,1.808136913812941893e-01,3.993681192672004360e-02,9.434856862054678828e-02,1.799787713381756360e-01,6.585112973170077766e-02,9.243711356940631507e-02,6.100332851462487993e-02,1.250518948797356596e-02,6.823173320126235675e-02,2.817922999642896373e-02,4.125020415419430181e-02,6.256173554191916952e-02,4.583034468419906748e-02,6.309693912812092131e-02,1.094864880543385682e-01,1.898415105335204411e-01,8.002417117270087255e-02,2.303310071131908776e-01,1.723041338673429179e-01,1.496708335777074683e-01,1.283962187688685030e-01,4.368450032306790687e-02,8.151051032186706902e-02,4.214413800702327545e-02,4.681444680394097196e-02,1.141468739171586783e-01,2.755112421977066323e-02,5.573996665632140884e-02,1.427173425523504402e-01,2.039810833252362135e-02,8.091563015110334045e-02,3.952505330747628498e-02,2.153174072382172191e-02,9.181883623350647894e-02,1.219257491953024304e-02,5.041795639295811732e-02,2.643958818406397238e-02,4.128618015144879666e-02,4.090743702760595707e-02,5.638452031407428268e-03
4.638839845890042612e-01,0.000000000000000000e+00,7.336466962444126994e-01,6.807181321881733416e-01,3.559744358908765727e-01,4.585210101392395710e-01,4.816068724609905427e-01,4.304486336354705345e-01,4.323461655511234847e-01,3.593735801796494878e-01,3.511498506671718589e-01,3.552021181285823781e-01,3.562943910974822326e-01,2.465833867939715984e-01,1.066041055974809582e-01,3.730228366400371032e-01,2.962346097722406979e-01,2.896884135699986929e-01,1.531523813401585166e-01,3.628438893874499915e-01,1.406339255898077234e-01,2.179518324389027872e-01,2.040251312566747355e-01,2.460288202368997312e-01,3.175283935018368559e-02,3.856227142976975664e-02,5.064107222203901443e-02,4.294476571475789629e-03,6.137340426415547646e-03,2.868475243933104810e-02,3.159919061212587005e-02,1.393868552500964753e-01,7.997563424372451657e-02,8.476157870867084831e-02,2.474400594786770879e-01,9.917075889832607793e-02,8.114094816870145999e-02,1.072234667068756309e-01,2.459913979910725579e-01,3.700821385791461943e-02,7.211550506128214244e-02,1.740006690270117229e-01,1.553668575138412444e-01,6.092334656492579686e-02,8.248076307000688778e-02,2.661319455892218189e-01,5.170485423899617156e-02,1.800379675924392298e-01,9.311323483679889712e-02,5.895141031024241085e-02,8.246532505643255906e-02,4.929349415700562398e-02,1.412256099979609381e-01,2.570476108168692417e-02,4.128898483846864947e-02,9.982185096543297331e-02,1.260786070700319617e-01,7.357471277889754413e-02,2.966547247679603150e-02,1.856860896923393511e-01,4.549807661480823051e-02,6.277707751246476564e-02,1.164158157683169437e-01,1.675786462034067892e-01,6.744847704202393268e-02,6.638994016999771874e-02,1.289946143979187887e-01,1.924660318851796614e-01,3.493019177940320102e-02,1.102034143902313884e-01,9.538461491693166205e-02,1.163387360728784653e-01,1.430664026749866313e-01,7.814636071424455044e-02,1.973922954035364219e-01,6.243189641495119208e-02,2.169130987873203742e-01,5.742463578553508308e-02,2.448809749288633764e-01,1.070626778047996525e-01,1.584323193725773737e-01,1.500077286022185319e-01,7.534324156158053731e-02,2.177395628855114118e-01,3.861431967281619276e-02,1.930504500571419146e-01,7.956880218436417074e-02,1.783090889161484671e-01,7.583653317328620247e-02,1.766247895484321095e-01,9.935922671412435181e-02,1.314262920928191136e-01,1.121166981712447969e-01,9.150583262729768130e-02,3.710228122758030961e-02,1.493819454279621262e-01,1.820776956842333483e-01,1.240926290501267459e-01,1.100265276678565884e-01,2.412253971653499918e-01,6.068630429299867735e-02,5.369162375404019222e-02,4.273986393748728518e-02,7.911050507500304307e-02,7.190889246652183708e-02,2.290809792292885227e-01,1.227649845239241477e-01,1.025530248376448628e-01,1.466392073644404437e-01,1.280387202620692777e-01,7.658688251267511959e-02,3.689511405079426432e-02,4.101683694449437256e-02,9.167782914166928976e-02,8.232216359459572363e-02,1.272995475860548009e-01,6.460431647525742560e-02,1.291060668836554182e-01,8.506065890151534581e-02,7.668288062878186873e-02,1.120736965355967479e-01,1.141953117552889502e-01,1.031936461208055739e-02,4.618150614046217378e-02,1.104004888825509123e-01,1.303739309756657971e-01,6.980733628218525888e-02,4.726835562599394219e-02,3.498505253186705993e-02,1.645525873964475694e-01,1.107452429582758552e-01,3.060646114690465311e-02,1.142138341975711818e-01,6.118121693622356055e-02,1.313806473430877975e-01,9.181268286963345515e-02,6.713406290888301875e-02,6.426144794972564467e-02,5.965876619133631681e-02
4.698744540257535629e-01,7.336466962444126994e-01,0.000000000000000000e+00,4.731357661741039666e-01,5.919002218255349224e-01,3.543155899832636790e-01,4.464010363440398255e-01,4.194323571993968103e-01,3.813495227442565416e-01,5.321389167737992087e-01,3.192762179302199299e-01,2.708026114489495706e-01,3.121418206025231568e-01,4.281827535589661227e-01,2.532276572539952086e-01,2.265833326676323645e-01,4.504886956676585341e-01,2.818321117803687104e-01,1.503713352706752826e-01,1.807213304347591032e-01,5.315667606101901477e-01,2.270470203778167939e-01,1.749339492001200091e-01,1.409009186170851469e-01,7.590340773711617972e-02,6.830642817576193515e-02,8.763262409980032697e-02,4.545000087682242972e-03,4.269939921742444897e-03,2.949576533758325320e-02,7.269929472215864996e-02,1.264250733599089349e-01,3.263802926668413762e-01,1.065421797516928337e-01,5.326434823628500848e-02,1.126888180267813649e-01,2.995207024434075674e-02,1.036675245536258921e-01,5.514640104110221652e-02,2.128748486381079330e-01,7.508452618618154106e-02,7.652295405885725654e-02,9.126299189939564294e-02,1.643449671775018273e-01,9.111780073672710867e-02,5.234395069304344228e-02,2.833049977690791366e-01,1.063164911697598303e-01,1.129943010115446733e-01,9.939865867659036791e-02,1.229635830384443879e-01,6.637812745851538743e-02,9.423567956514200539e-02,6.208685572007272002e-02,1.033497937067692357e-01,1.621949119980974907e-01,7.460250261511669478e-02,1.019923933589554216e-01,8.134240196050861182e-02,1.712406983147872763e-01,2.971003892591014134e-02,8.410717880723793394e-02,1.070116624720717641e-01,1.153935274550353940e-01,8.056680230258718434e-02,1.127682919521404842e-01,1.145440007712919817e-01,1.412815887700793749e-01,1.525108917672892903e-02,8.057723407309658192e-02,1.208814219572166282e-01,5.448881405273545142e-02,3.084107398101222641e-02,1.813717230494804877e-01,1.555603394681973062e-01,3.318169801015560111e-02,3.266884606381372652e-02,1.498239411131489229e-01,1.414776082056514450e-01,8.805523382969715485e-02,1.291401947236903713e-01,1.598735097047949416e-01,4.512122289961250504e-02,3.662143300868547779e-02,1.463086664714932372e-01,1.545572547253443452e-01,3.488708691358707176e-02,1.025238489790992746e-01,1.524073328945473871e-01,1.195242458676771674e-01,3.753818718001127042e-02,1.985127007502354435e-01,1.458067310901049463e-01,5.099908964156306401e-02,1.057027185358845739e-01,8.901872645477412749e-02,5.258354423495147784e-02,1.919195505682991798e-01,9.321226427910998813e-02,1.106045859796221803e-01,1.936617192610548266e-01,2.053610902309720709e-01,1.630051942955606792e-01,1.318584574500288042e-01,1.379963738121385286e-01,4.340902103287654079e-02,1.744955229240486433e-02,2.581880966014089840e-02,4.062471700338409625e-02,1.431174650138393456e-01,2.055308303807021064e-01,1.906313646479492752e-01,1.541678323914838500e-01,3.816019529955235745e-01,1.196411575638622604e-01,1.575151550092566133e-01,2.954835403909924496e-01,3.475779148746431790e-01,2.794417945729226194e-01,2.658823332826774632e-01,1.739717430917344931e-01,1.219911867844281073e-01,1.601881840277734684e-02,4.266088603243289173e-02,2.789488448304567464e-02,1.305221187154455981e-02,1.418064878627093572e-01,9.200273958998170243e-02,7.027414088165050143e-02,1.048639822443746122e-01,2.891353862135943170e-02,5.614464657721224966e-02,4.925473224084978008e-02,5.856426276636315237e-02,2.719151632763355461e-02,2.955124733167316733e-02,1.043603728484599098e-02,5.426362727455618512e-02,2.316123870279863592e-02
2.899348130292135894e-01,6.807181321881733416e-01,4.731357661741039666e-01,0.000000000000000000e+00,5.917068424214162459e-01,6.516967867217133836e-01,4.338301677073280183e-01,4.883113217725482680e-01,4.446885925443643250e-01,3.878397740833651186e-01,5.004282951099910948e-01,3.433198553953547005e-01,1.412082348725530179e-01,3.194035623914402988e-01,4.053588093016423088e-01,1.412703140720832917e-01,1.051993409060739820e-01,2.571017658807196460e-01,1.710052896105944409e-01,1.739549104082516173e-01,2.948260999768924084e-01,2.805381399659684916e-01,1.137794471694309473e-01,1.846886528570657604e-01,3.765875649658219360e-02,7.690407040596491939e-02,3.490235910546301418e-02,2.998478520978907144e-02,6.413943331535500170e-02,1.228913082046977773e-02,4.937600476642459157e-02,1.174056056301085726e-01,4.369196972410176877e-02,1.609065990673993474e-01,8.541743644683875980e-02,9.163360098628552108e-02,1.993679547295525989e-01,7.574586513434178325e-02,1.910178788385860915e-01,4.533611285281546194e-02,2.749894881945190162e-01,9.697260863218172544e-02,1.190716609513871038e-01,1.298482949636101946e-01,2.305726699230501164e-01,1.338758888667490043e-01,8.698931987725518067e-02,2.008315640695098048e-01,3.434127206702652230e-02,7.101392655306085211e-02,1.940121394444024178e-02,1.455304390051318231e-01,7.406349354869865009e-02,3.526618348782564055e-02,9.034687157707094185e-02,4.284649311083613132e-02,4.318523657418230771e-02,6.416347993626676793e-02,2.188441492009921274e-01,1.001471358943691048e-01,5.323213964309375656e-02,2.573072852615162012e-02,1.078940859199273850e-01,5.889261817726915149e-02,8.073644755453876498e-02,4.709541936085362424e-02,5.287289630124898665e-02,6.690336082987084765e-02,7.035305825978607763e-02,3.590863750442016555e-02,8.996783785412376666e-02,1.184583963203195284e-01,1.154776348918803847e-01,4.335491004288370698e-02,8.213255803200195104e-02,1.181647044406479441e-01,1.136053775228297036e-01,9.729355289234573045e-02,1.540591647846162593e-01,1.074967115103586807e-01,4.820925460963128295e-02,8.158874467897946070e-02,1.009470232202657886e-01,1.006133447149482052e-01,8.452475849385356066e-02,1.068063816105113417e-01,1.782757494079858507e-01,1.081096914902253403e-01,1.004682772369315386e-01,1.189380554092677317e-01,2.066834747238815717e-01,1.080983288798700870e-01,2.633778879717617663e-02,1.122980495426948305e-01,8.344832359036695457e-02,5.814421913397598007e-02,1.629358468970324714e-01,4.425660504402626622e-02,8.194787029366711051e-02,5.379419049563011201e-02,3.072648343553044739e-02,5.376901093196358172e-02,5.993873370245847432e-02,2.784199007584063634e-02,1.793012622176186621e-01,1.987575309914207111e-01,1.718545234909520381e-01,1.247142250764394361e-01,2.411758163274816402e-01,2.306951575034126845e-01,1.286807684971035814e-01,4.713488580702506620e-02,1.352341194570130800e-01,1.195694690171237168e-01,2.740792974984367358e-01,2.096718966333424583e-01,1.245316416891141392e-01,6.325779333439873753e-02,7.256003287165661841e-02,2.037968433999077789e-01,2.962733077557451813e-02,8.698329263857124127e-02,9.240984999162663027e-02,2.132105955109244583e-02,7.870111930500066355e-02,1.179818710223928258e-01,3.054503190963763631e-02,5.019614975909018895e-02,5.260167785073086716e-02,2.779565196781810452e-02,7.866965437104650460e-02,3.067907809566379831e-02,4.822062265656529290e-02,6.087917650748147363e-02,9.838317000795777922e-02,2.647320189186668296e-02,9.678407566155856900e-02,2.512878208854741821e-02,9.013015181280451676e-03
3.234434139867791713e-01,3.559744358908765727e-01,5.919002218255349224e-01,5.917068424214162459e-01,0.000000000000000000e+00,4.881777411044742609e-01,5.928712408692692337e-01,3.975959343781620969e-01,4.753559390602129509e-01,3.104622643317062614e-01,3.173449507155471361e-01,5.315510875811859659e-01,3.575043241948656636e-01,1.947203116464105987e-01,2.977563065331858549e-01,4.898355269163900960e-01,2.831559365723134714e-01,1.954352408426288101e-01,3.552050073936852126e-01,2.065491658232907479e-01,3.283115313871377006e-01,2.143931903210146983e-01,4.024445196440894490e-01,1.490943505427981541e-01,3.747346739048382919e-02,5.964226147019094371e-02,1.217716927609647642e-01,1.366458469096440941e-02,2.310237162341759534e-02,4.227646446600529656e-02,4.955641474803207380e-02,7.880172388497656832e-02,1.073113121923482960e-01,1.042078370451702818e-01,9.259012885572058538e-02,1.334232827894091811e-01,1.252110494502695903e-01,1.075616518195940952e-01,9.729018474577003084e-02,9.030549534739433504e-02,1.109541126552682083e-01,1.095957695458841946e-01,1.715726566314010326e-01,8.750864325116082532e-02,1.469580059671356520e-01,1.038804582079679850e-01,1.502385778948280848e-01,4.813936706257497533e-02,1.942972161228156969e-01,3.058200110488256199e-02,3.785376792511436356e-02,1.413536984209782799e-01,1.244753550165857703e-01,1.537218028827519734e-01,8.326968548299154560e-02,2.120419619217353280e-01,4.662292259953613321e-02,1.328399960137574554e-01,1.166862043896771534e-01,1.694770835818418531e-01,6.659940429527949624e-02,3.155250481245849836e-02,1.943183116123478882e-01,9.158423811137351989e-02,1.199172051646759107e-01,3.314924686043546620e-02,3.946558434026072731e-02,1.062384197397222008e-01,1.378616224487542487e-02,1.124252905399340113e-01,1.042822920138298110e-01,1.289407606023386943e-01,3.598708060983948909e-02,1.663400937328531615e-01,1.537518762239490078e-01,1.463424634240023947e-01,1.057915519500949864e-01,1.112671586033153887e-01,1.596421013671341649e-01,1.793198621665875042e-02,2.447463522515955225e-01,8.517421606454954330e-02,1.382254784898956368e-01,6.352530023456368080e-02,1.802524771726617125e-01,1.826388019750669334e-01,8.930825126879773923e-02,1.170934249813542355e-01,8.080414194441437603e-02,1.837652445676781487e-01,3.574187935335969984e-02,2.159348391670824485e-01,1.738980582535668284e-01,5.817192920192482825e-02,2.114166623718772287e-01,1.884275371153584511e-01,1.408958208594980333e-01,2.357240769637279354e-01,2.163078102700467520e-01,2.827146666835264610e-01,1.449652179723446843e-01,7.707212421531436930e-02,2.145782548695173431e-01,1.090134189360690287e-01,8.360976436441971971e-02,5.610813330500451224e-02,2.701827814440248970e-02,2.673356039358458849e-02,2.503685399911413992e-02,5.551612580020546389e-02,1.341151020066506383e-01,7.527160479817135430e-02,3.488758906945904625e-02,1.610877691322659400e-01,1.579258831469899371e-01,8.489153597836276988e-02,2.417978021081410855e-01,3.007448830583219213e-01,2.931418759321661738e-01,1.207887127390175203e-01,1.458604716286476533e-01,5.446020508334629973e-02,2.749743449398566256e-02,7.680789541881814786e-02,4.300202225482827045e-02,7.162833883191351003e-02,1.003967828707582333e-01,7.101173417243172858e-02,3.732338124520589995e-02,1.818016749237016394e-01,1.432192308232970238e-02,1.193652236948269107e-01,7.331761800460002976e-02,2.811076319275554458e-02,1.018837984688870796e-01,2.188055721201986187e-02,5.626528463264374169e-02,6.399537436427457648e-02,1.608180148998151690e-02
4.365352428459798317e-01,4.585210101392395710e-01,3.543155899832636790e-01,6.516967867217133836e-01,4.881777411044742609e-01,0.000000000000000000e+00,6.622825915133280228e-01,5.771794369908830324e-01,3.860431201241680266e-01,5.229316123955098927e-01,3.432689589808762265e-01,3.390098931488115253e-01,3.857374968380300473e-01,1.833277580807297080e-01,2.794070905527576976e-01,1.850125005859105387e-01,3.872240276094462419e-01,1.696202499194286173e-01,2.168487124404221977e-01,2.268952694314232965e-01,1.820567335098630113e-01,2.337186634592196000e-01,2.370648097242760433e-01,2.312660057547699377e-01,1.191156626958847220e-01,1.346722786231922542e-01,3.447421989329249592e-02,8.678967066569311800e-03,5.200968883834715395e-02,2.007947888497334243e-02,3.537045707531944611e-02,2.195621407454875218e-01,1.493474978934795083e-01,9.678062315776278512e-02,1.273277507863077029e-01,4.320785854893896549e-02,1.954909636302931686e-01,8.404372776482567364e-02,9.844393778190566047e-02,1.619626350710966778e-01,1.220685474702633139e-01,1.718372688137385085e-01,7.809723581454786068e-02,2.148454474137549697e-01,6.404301823200254928e-02,2.604195626149969356e-01,5.526259226511640726e-02,1.701933863792103041e-01,6.231559786669391837e-02,4.997843442773618888e-02,6.066639039423878804e-02,3.883881097325966175e-02,2.525762878020150759e-01,4.574287022423225574e-02,6.802470698317970854e-02,1.198884731689661282e-01,1.624510402161376543e-01,7.061343601847502871e-02,4.533249726309585698e-02,2.002217563304748704e-01,3.496882467999851835e-02,1.396883586862205928e-01,3.616870634177372923e-02,1.701166165458299628e-01,5.422594191984472095e-02,6.826865392977980729e-02,9.824237807967350911e-02,1.242970288931972839e-01,9.415500703491536116e-02,8.880915469626665670e-02,1.351294432046923899e-01,1.605370198125143921e-01,9.001653752344063175e-02,9.714167204604436112e-02,2.764099486367019298e-01,1.611153517575336924e-01,1.502979987297740350e-01,1.126780812070350551e-01,1.568764007447430719e-01,1.371464047791892127e-01,8.868214909568833404e-02,2.131793367113504201e-01,1.052567987405005900e-01,2.082416012285711326e-01,7.149783122611436115e-02,2.512086887188024753e-01,1.252064111933605950e-01,8.674216928308525754e-02,1.524062039286544212e-01,1.824185074816125907e-01,1.482573239274213028e-01,6.804177744485449819e-02,2.055558432230003563e-01,7.193041862807716957e-02,8.324697210815455717e-02,1.459376744300047157e-01,1.827597193163554012e-01,7.447313514771686238e-02,6.724167266534331056e-02,8.714507821162491286e-02,6.046766036664108501e-02,2.176230705755675676e-01,5.437954321745816499e-02,1.044293684510686770e-01,1.882687184265253721e-01,1.410304017886445660e-01,5.654885507894696212e-02,8.386266627551093589e-02,1.082557102342919797e-01,3.524490730422355500e-02,5.586740349531743588e-02,7.564524566544578166e-02,5.472919601682242619e-02,2.223361824349186500e-01,3.427083267868736849e-01,2.839248913915171091e-01,2.608327242396064616e-01,1.934252726836033776e-01,6.149371473822447948e-02,2.859709245226146890e-01,2.766452701763433969e-02,3.358726915365167071e-02,6.555437906075546606e-02,2.127679270875047074e-02,5.215873708678103737e-02,1.366149915892080624e-01,6.198541446265758148e-02,6.065082591989209154e-02,5.201974842217921280e-02,4.119942282633949626e-02,7.145278744171322527e-02,3.350025699895912284e-02,3.297446337084133927e-02,3.912214630960492157e-02,3.305802044180274069e-02,2.812291909582676636e-02,4.994809059134254492e-02,4.505716433520324561e-03,2.423607497459456458e-02
3.771296182475039060e-01,4.816068724609905427e-01,4.464010363440398255e-01,4.338301677073280183e-01,5.928712408692692337e-01,6.622825915133280228e-01,0.000000000000000000e+00,4.478294586711760172e-01,4.588712974193070449e-01,4.890287337513634647e-01,4.772740242592964366e-01,3.679104722978351893e-01,1.276155891515009244e-01,4.346023701339074008e-01,2.904691108796686461e-01,2.549466658435191047e-01,2.430011834473930488e-01,3.079560737245116697e-01,2.551953662601548767e-01,1.877442426510872175e-01,2.365745284590111408e-01,1.932739834014917946e-01,2.415016309436070763e-01,1.035929981032516073e-01,6.604277164031308045e-02,6.573497668358524448e-02,4.677883903867191551e-02,2.270529772830930191e-03,5.214437089995909748e-03,4.740414300782692242e-02,2.638285697737210306e-02,7.091719880947237875e-02,1.649812792790624205e-01,5.185868290815827397e-02,4.961314059846800434e-02,2.451168462241297419e-01,2.818239155873508359e-02,6.673328165961243952e-02,1.392896933340626031e-01,1.770066975251385344e-01,8.073205697001831216e-02,9.831757460790296888e-02,1.836933316972532149e-01,4.741316502330985422e-02,1.829626493722000535e-01,7.969093710999246294e-02,2.730687373261881379e-01,2.198494860069582363e-02,1.273134222507966984e-01,9.886087287047452821e-02,8.446374970829476081e-02,4.883624235560268811e-02,9.272403034965509550e-02,1.526660456937496968e-01,4.711994212877673727e-02,7.835133013145173519e-02,7.691878540049684743e-02,9.579411334693821445e-02,4.159864477354623113e-02,1.100579997128856014e-01,1.818269642904299377e-01,1.037823787084835719e-01,3.639100848213272510e-02,3.841616934458863541e-02,6.794397368967024231e-02,5.135152908925572079e-02,5.110612875083005158e-02,1.121098622665630540e-01,3.761307436227236817e-02,7.634537121436990592e-02,1.473780318731987213e-02,7.812442839979780174e-02,4.587162680425451583e-02,1.372202160579103492e-01,8.254505273667933629e-02,8.315560092768835287e-02,1.069729411501787186e-01,1.163782136489516228e-01,1.371442784493468736e-01,5.770374677250320050e-02,9.637197938681629772e-02,3.974954021125759462e-02,7.099985378203808872e-02,3.293367619490739084e-02,8.365851826637590860e-02,1.032911209586320905e-01,7.117888933703210574e-02,1.645820278568742301e-01,9.184526077004677436e-02,9.784358515752832053e-02,8.524031521805465472e-02,2.108575942553623517e-01,5.357503838122225359e-02,8.403439226491378478e-02,1.099184995211847787e-01,8.845899499481585382e-02,1.007020968041161674e-01,2.143100534806429425e-01,7.358676719021195467e-02,1.819962051036223549e-01,1.808814743259290758e-01,1.539432191962218643e-01,1.500217709179468839e-01,1.862858798195221877e-01,5.416777158952842258e-02,9.500521792092633810e-02,7.712145107106221920e-02,2.910844630898201321e-02,1.107871946984880646e-01,2.895590604284793423e-01,3.037953905292645196e-01,1.806972082111706623e-01,2.309772646241842198e-01,2.887921425857131186e-01,9.810370228056336517e-02,1.202514856859792231e-01,1.226089362964373208e-01,2.015526271650422696e-01,1.024089629594680251e-01,8.415162786256949468e-02,1.864851769114735380e-01,7.490073408019261303e-02,4.440556542281405561e-02,9.450282547301293301e-02,2.567302656091356022e-02,4.252779350344393361e-02,9.338204680624782872e-02,6.859142802882732537e-02,6.998634649449202161e-02,1.058524379002063198e-01,3.379052247078289523e-02,1.201754119414525507e-01,7.232326841431925557e-02,2.195542348086466922e-02,1.027799584628542873e-01,6.284216645845902560e-02,5.472207718953121802e-02,1.062263891892550327e-01,2.319955071086465814e-02
3.787918365025607637e-01,4.304486336354705345e-01,4.194323571993968103e-01,4.883113217725482680e-01,3.975959343781620969e-01,5.771794369908830324e-01,4.478294586711760172e-01,0.000000000000000000e+00,3.822858864952105584e-01,5.497198463545125424e-01,3.610759666783353028e-01,4.297283564144702139e-01,3.010279115786210213e-01,3.412669158326002705e-01,4.125166964260144620e-01,2.599947096714144146e-01,2.469762768306119349e-01,1.932910161872513077e-01,4.059012035742522451e-01,1.398582197481533784e-01,2.737967507677370183e-01,2.172400152439859511e-01,2.081637194066119079e-01,1.657264162767786708e-01,7.270996410156679857e-02,2.273484986994566692e-01,8.293287361566882565e-02,1.193511432780700043e-02,6.096698829831862648e-02,2.592277906306368965e-02,8.597572948468942822e-02,1.609542633872783901e-01,1.080045670633941191e-01,2.002527501807355725e-01,5.391872170869123349e-02,7.303925927168983256e-02,2.779751974141995152e-01,9.602651930570373084e-02,9.316215595012135309e-02,1.191737707391425233e-01,2.619431513393442046e-01,8.480579326107916260e-02,9.300718607771216173e-02,1.446411123618750738e-01,1.723668295828596764e-01,1.022880614927976356e-01,7.235289037205847040e-02,3.035292962548741258e-01,9.071881914605352260e-02,7.290087133244139983e-02,3.085205183814787935e-02,6.194606521930774018e-02,1.072160876375938127e-01,9.409830407994161650e-02,1.140065433715305998e-01,5.935506569444652658e-02,9.557575083128391769e-02,5.361266353868989615e-02,1.251963980611915939e-01,1.562711684747376539e-01,8.263705601247467447e-02,5.772443301298464668e-02,6.386670629273089039e-02,1.506233429344683017e-01,2.791871033022188739e-02,3.820297347360180479e-02,7.298842155225183925e-02,6.619587701709375716e-02,2.303979197670637247e-02,2.691627039322790071e-02,1.788358329215466724e-01,1.446341720237475093e-01,1.247640287487663674e-01,6.017199767592076171e-02,7.590720590434747728e-02,1.783975026107543493e-01,4.785187382906851833e-02,1.260647940428155367e-01,1.309988913249687248e-01,1.289958185394665668e-01,7.402384864344743742e-02,1.123549511493952546e-01,1.595161436549184797e-01,7.429341784278438443e-02,1.216307821877761763e-01,1.333976829909318818e-01,1.423391286963679725e-01,5.752791175538884277e-02,1.383157353007666845e-01,1.644124287813167884e-01,1.236756045644749336e-01,7.309655067203124634e-02,1.407243784918968954e-01,1.503640475094028262e-01,8.234623532027944559e-02,1.072715272619583909e-01,9.590402331504183087e-02,8.547118008068674277e-02,1.327066757059955915e-01,4.533364160606806470e-02,4.422419221345047502e-02,1.257748579626425389e-01,1.025769424030154864e-01,6.060877639834432590e-02,1.294553385741538110e-01,1.063238349261591553e-01,5.857123082860962726e-02,1.051943706428827008e-01,1.191456009056620080e-01,8.982461448537167048e-02,9.430434125435344095e-02,3.582541964160977643e-02,9.691791098566018836e-02,1.066275633591212968e-01,3.038803556799918870e-01,1.170373631806309461e-01,3.101606332176028991e-01,1.242665636310637256e-01,1.380388894126864940e-01,2.916370806361499035e-01,3.746305965112356473e-02,1.146515412223848424e-01,6.650568895791721113e-02,7.623526012166572698e-03,7.534207775104512228e-02,2.988645899513491661e-02,2.944295494191299586e-02,9.537560986691406839e-02,3.723907142701350648e-02,2.924782515823490942e-02,5.329834187361087716e-02,2.808769362189193070e-02,5.143687374653715255e-02,2.843841500523995591e-02,7.853766774801523853e-02,2.356848796292062079e-02,5.786859843544919779e-02,1.272289799406752311e-02,7.458937053639952408e-03
3.182388091885141046e-01,4.323461655511234847e-01,3.813495227442565416e-01,4.446885925443643250e-01,4.753559390602129509e-01,3.860431201241680266e-01,4.588712974193070449e-01,3.822858864952105584e-01,0.000000000000000000e+00,2.130649468054564566e-01,4.224822934940669628e-01,4.168441552425025121e-01,2.647945658854204964e-01,2.448313077311053965e-01,1.797047122746202874e-01,3.824504251882571704e-01,2.441549979389951996e-01,2.348580515141601155e-01,2.581669734931603122e-01,3.594859703684364916e-01,1.941833441359635259e-01,1.334199674215633125e-01,2.567727162635905502e-01,1.743138819588908317e-01,5.882318453707629374e-02,9.360542333499584366e-02,1.000024829866923842e-01,2.257243313973873386e-02,8.201524505692279685e-03,3.161049920693418530e-02,1.531958605034729713e-02,4.694878547061862029e-02,6.322281620582741180e-02,7.935510843248050339e-02,2.239143001336239558e-01,8.800246432970033894e-02,6.888915314084184671e-02,1.168185590263685486e-01,2.015221094583116990e-01,5.556954222350420775e-02,7.137973004375157415e-02,1.822745609596226890e-01,1.132902640297199642e-01,5.121320177020640546e-02,1.141487048755959327e-01,2.101511369885979696e-01,4.738485341704561093e-02,1.007338455851376630e-01,9.937530990531699693e-02,4.259346810906043668e-02,1.029595047455610091e-01,3.641796636914456514e-02,1.365135152991953926e-01,6.947549157312643553e-02,1.020635074502590778e-01,9.195411674542666725e-02,7.907080238625503743e-02,5.973268177390148731e-02,5.492963622392187800e-02,2.300556921190465287e-01,5.443980047974297104e-02,9.689144278682235156e-02,1.056375659790191601e-01,1.728508068282996191e-01,9.082398565993385353e-02,4.308641686478122124e-02,8.353835315096752590e-02,1.639111341926638710e-01,2.429656272131082775e-02,1.399807761546938978e-01,7.082474846003319890e-02,1.552609405939522069e-01,1.137247927238664996e-01,1.439132983603513549e-01,1.516502575151971455e-01,4.329297018198702274e-02,2.719997336747898009e-01,6.181060279496844445e-02,2.431556735838424632e-01,7.541988030443286251e-02,2.522790405107761535e-01,1.236983919394318426e-01,1.096553966737227465e-01,1.494701694726389141e-01,6.771784706671694909e-02,2.048210586646787013e-01,7.553547198869148271e-02,2.836928942026256117e-01,7.743070207232612134e-02,1.896681319664638432e-01,1.212460245155465438e-01,3.027196262152477280e-01,1.732664242811472466e-01,1.010074743604383318e-01,5.965092852902709186e-02,1.807926344065180491e-01,2.222022185017504814e-01,1.818356887519606280e-01,1.576526650159850163e-01,2.269875229526270577e-01,5.966848957550453109e-02,4.679321974933487588e-02,9.401302114796206144e-02,5.397949683676948190e-02,4.767403909385576483e-02,1.713989060154282318e-01,1.071498449491922605e-01,6.655754511123657124e-02,9.967144838164979093e-02,1.251171029962951375e-01,8.447568403974473061e-02,7.265570012551035572e-02,5.071768507522243785e-02,1.125675039172084474e-01,5.898960700961558556e-02,1.197682873427938360e-01,1.239056212864312750e-01,1.616168580348852080e-01,1.884173094180665309e-01,7.895386760839183393e-02,1.032030610806726617e-01,1.131479318857124688e-01,1.436413734841989268e-02,4.290764428098483435e-02,8.120910995734578752e-02,1.259788742164713315e-01,7.892994647716028433e-02,6.876208408181802567e-02,5.356390935333208564e-02,2.414627612207438656e-01,9.824487372596450718e-02,7.637588875054046600e-02,1.328335856427607375e-01,4.554566898959730437e-02,1.110650687612663584e-01,1.291509643519931083e-01,9.341244199142843818e-02,1.494479602802751828e-01,7.313592979949222472e-02
3.875869863678916283e-01,3.593735801796494878e-01,5.321389167737992087e-01,3.878397740833651186e-01,3.104622643317062614e-01,5.229316123955098927e-01,4.890287337513634647e-01,5.497198463545125424e-01,2.130649468054564566e-01,0.000000000000000000e+00,5.080422500646650796e-01,4.993719717350995069e-01,3.698052483756111841e-01,3.346137547898885289e-01,3.551663184672579909e-01,2.725380767310400243e-01,5.017899428343652879e-01,2.752340164011782830e-01,2.229394300708975318e-01,2.867506638246845596e-01,4.439510192748962192e-01,1.489279058418842283e-01,1.857772821715418521e-01,2.954487589895958277e-01,1.051987494887888508e-01,1.044794749311178522e-01,7.444041552393459993e-02,3.116090556162518649e-02,3.254914132664891990e-02,1.541629927475930348e-02,3.521636129923680358e-02,8.279218303616896202e-02,2.848106385096414450e-01,4.629185859614765725e-02,6.369491826566001103e-02,7.577345333974827568e-02,1.676011268945772625e-01,1.046895486979362022e-01,5.789486378318297460e-02,1.437191053285195308e-01,9.649444962521462610e-02,5.924084927793985683e-02,5.866768233062800986e-02,2.828658278270036464e-01,1.225895612958315811e-01,5.276647731965752181e-02,1.568652265554105751e-01,1.343263076312667392e-01,6.966484930872293702e-02,6.598565419353549788e-02,1.177356936161536999e-01,1.000722363363306389e-01,1.232700634092736003e-01,3.539228950829519799e-02,1.475617561930862298e-01,1.349338854525689024e-01,9.016969462530408097e-02,8.993569010195939795e-02,8.206631068751416014e-02,1.927076180685738660e-01,3.365598653559683656e-02,1.375728098409632061e-01,1.385774391122645277e-01,1.301075926827791607e-01,6.235325762380716091e-02,6.824080120820434636e-02,8.783497122832031878e-02,1.592721614540526243e-01,2.737219767095768613e-02,7.673879883778879363e-02,2.408528738787520107e-01,1.582808846987593110e-01,7.074836562971156817e-02,1.371974119820699167e-01,1.671791859639191746e-01,5.639084363825899032e-02,7.922677283501357304e-02,1.772686067892412509e-01,1.534017085286533688e-01,8.682119870919856319e-02,1.190379625958122994e-01,2.122317356507720520e-01,9.234595546701158952e-02,4.683895233817226417e-02,2.102651370501115169e-01,1.566948012892764031e-01,5.057121158452088094e-02,7.740065051774122629e-02,1.817814590792272422e-01,1.301882571414760270e-01,8.565490060360395064e-02,1.143295169835007313e-01,1.033399095953245056e-01,2.183061414933080285e-02,8.712176052469783327e-02,6.170151975827176116e-02,7.868042066235991783e-02,1.137584413433863489e-01,6.080092960931397089e-02,1.247525912839027029e-01,2.163939404326041260e-01,2.537611385446130186e-01,1.992561437935127799e-01,1.582708271316909943e-01,2.606023233310893472e-01,1.045342281800969442e-01,5.441267802083173122e-02,8.999457381040036619e-02,9.158985099986793887e-02,5.887870291382912152e-02,1.463139317355164892e-01,1.553391378324833483e-01,1.191917718095512752e-01,3.583770502156101712e-01,2.878800464558010641e-01,2.612127830981048615e-01,3.188151928658030099e-01,3.197631851272292880e-01,2.026745564207588501e-01,2.825836147853372782e-01,1.546632275216541785e-01,4.154827129489798571e-02,4.753141152557643218e-02,8.371022885799170310e-02,4.062221483223316110e-02,2.698576098844272797e-02,1.548941246100393188e-01,1.621984089087075975e-01,8.324936317930234364e-02,8.763182862627431902e-02,7.957277642261192940e-02,3.825307842791294405e-02,4.464010363183406466e-02,6.085712245286716698e-02,3.076734006064972549e-02,5.541269377646181049e-02,1.988544813783157256e-02,1.258659200116113777e-02,4.131323198609086061e-02
3.245689334722405284e-01,3.511498506671718589e-01,3.192762179302199299e-01,5.004282951099910948e-01,3.173449507155471361e-01,3.432689589808762265e-01,4.772740242592964366e-01,3.610759666783353028e-01,4.224822934940669628e-01,5.080422500646650796e-01,0.000000000000000000e+00,2.712076040726991155e-01,1.575846014648827342e-01,4.104494294773274321e-01,2.657823000052892404e-01,1.491121524423251465e-01,1.859424711058352553e-01,3.905296079942501275e-01,2.654135291082471149e-01,1.296792342528584885e-01,3.190214823517552034e-01,3.271611501490275797e-01,1.473419780361129861e-01,9.013615064587429671e-02,6.241398134441733525e-02,1.191138380757915810e-01,3.005912748042985014e-02,3.479425452834427474e-02,5.891450127901831646e-02,1.319307336197231978e-02,5.882952615333275626e-02,2.025951089722046183e-01,5.542229935772678695e-02,2.367273249478000496e-01,6.955585598011686244e-02,1.155734009417162256e-01,8.231754941618241173e-02,1.476835389109460162e-01,1.432970021727389132e-01,2.762452242558234919e-02,2.024616704156808333e-01,9.115893221634610577e-02,2.867885785634516349e-01,5.581971739788826187e-02,1.746254167209405350e-01,2.252035425252650047e-01,1.537990338944470181e-01,1.100527826856647629e-01,3.631346100971594854e-02,1.703363660339119456e-01,8.421395425725949901e-02,1.431796555422948369e-01,9.829810667479833841e-02,8.093084103126034490e-02,2.876936842984167964e-02,3.794156803432372632e-02,6.132343726689014340e-02,7.331039747635156867e-02,1.728833906609211213e-01,7.751798224354745914e-02,1.160988102497537006e-01,2.982798293142397208e-02,1.231267123822143428e-01,3.472024497581542579e-02,5.543135069916530627e-02,4.989317771728280643e-02,3.640366836360062891e-02,6.803480871853914702e-02,5.644164949229448641e-02,1.188606357494877142e-01,2.792489983353263136e-02,6.632534104679657649e-02,9.334655552132238576e-02,2.921503174087494020e-02,1.022325962477181049e-01,5.892663122233726680e-02,8.087705108304528434e-02,4.465049923154560535e-02,1.051574041040302804e-01,9.191443107522091760e-02,6.995960214492509543e-02,5.737148546376623359e-02,6.381219987549864581e-02,1.186612522674738157e-01,5.251750768710657102e-02,1.168795391055327954e-01,8.561985372991028076e-02,1.265158859098810540e-01,5.051360613386859932e-02,1.093970869530646456e-01,1.298658346635041816e-01,7.400168598015810506e-02,4.956622150538054355e-02,1.145912782016532128e-01,5.557603119958740012e-02,7.122058635266999282e-02,2.241529439774160581e-01,1.098398528454270773e-01,7.341960454414571402e-02,1.643430747847805795e-01,1.228597265534451255e-01,7.550265288534044328e-02,5.738063814881059349e-02,5.211136085723612477e-02,7.972205054754831488e-02,5.710285056750247917e-02,5.788756414530410455e-02,3.400470397076406359e-02,8.626881937547765944e-02,2.065505348949930320e-01,1.802766536677584130e-01,7.348519204457767962e-02,1.479503529877432277e-01,1.229477055624440263e-01,1.727912458853452793e-01,6.812681265639104755e-02,1.053858821391526063e-01,7.462479910184380283e-02,4.426062799956105576e-02,1.112298059879665013e-01,1.720832406603338971e-01,8.166829858979485213e-02,1.188316584687170718e-01,1.309666402603589241e-01,1.367864441888638483e-01,2.125932703687763992e-01,1.192734820206477614e-01,7.730578358639307590e-02,1.577383765157426565e-01,3.390368920522504603e-02,2.667003827900831306e-02,2.719285594321137547e-02,9.909274573884735426e-02,4.124455857025350475e-02,9.269625481268625733e-02,7.361833252880689571e-02,6.137627233802843418e-02,1.967127096803574296e-02,2.586736598867917306e-02
