0.000000000000000000e+00,8.763564394431370974e-02,1.102216411640030286e-01,3.488173180276035179e-01,3.445977257502341184e-01,2.120831174282175047e-01,1.851659880521121515e-01,1.833745470574217051e-01,8.931756368730438267e-02,2.352401104513194077e-02,1.710990047171010581e-02,3.665893568946204661e-02,7.919902774706635840e-02,9.481179008256622465e-02,1.412647088214317170e-01,1.317391901961457445e-01,9.849968226414325401e-02,8.717153168665960072e-02,2.384174109890950521e-02,5.055283626575636513e-02,6.609171832761330523e-02,6.724488610175646808e-02,1.893769652611087539e-01,3.111071142203126749e-01,1.906089044612636896e-01,2.322180038676502356e-01,3.850807972832803738e-01,1.741823980621390600e-01,3.875039602815452677e-02,1.763383046796102305e-01,1.674985257135827299e-01,7.050231801241860219e-02,1.634437415237082192e-01,1.510510905344436827e-01,2.592397523347712007e-01,1.391047252854930583e-01,2.890941744000339875e-01,1.637090485335535861e-01,1.219216888786921332e-01,1.008910068120590781e-01,1.906065978823754947e-01,1.461995804456472647e-01,1.680581377631910067e-01,8.479667863311393661e-02,1.991935177234518684e-01,3.868254126968271311e-01,1.756248935995847471e-01,3.316113226660302171e-01,2.233070963265699482e-01,2.848348896133141017e-01,2.515208953974590878e-01,1.739367330315892413e-01,3.624160298615482917e-02,1.240260668641887803e-01,1.350579613969301040e-01,1.285844989563112994e-01,9.692695657665471864e-02,6.084754619688309552e-02,1.214779074824795246e-01,4.177133611567226262e-02,3.045857304566908577e-02,5.624705192352816296e-02,1.114860273005144758e-01,2.570662219035884100e-01,1.652016574027725393e-01,1.842786252332429264e-01,2.174035733926046876e-01,1.647258686619149648e-01,5.284036824801257443e-02,1.047576611895880416e-01,8.085976078819459567e-02
8.763564394431370974e-02,0.000000000000000000e+00,3.510332869029923475e-01,4.012861172978667290e-01,4.529593373776347187e-01,1.939908970438334324e-01,1.973607048754448812e-01,1.530607389561158271e-01,3.502402026459812412e-02,2.551397973674084454e-02,6.653651619240141812e-02,9.310499921592717276e-02,1.271107852382624415e-01,1.958768451174923708e-01,9.695526199866309758e-02,1.425523904487715765e-01,1.024552622961941994e-01,9.372359924666856523e-02,2.443385503013851406e-02,2.781586421365004821e-02,7.004290879397302716e-02,1.885850830590297955e-01,2.598744584756032538e-01,4.555737195830003583e-01,3.598103485022606240e-01,3.188645910449186549e-01,3.745805426774148073e-01,1.934425552060841935e-01,1.517204403795309187e-01,1.537901558727337303e-01,1.755330907035902166e-01,5.881357733368015178e-02,1.456347623024515370e-01,1.987869632328329306e-01,3.643196678475319472e-01,2.429557625426483625e-01,2.323816218992672267e-01,1.428885392727049231e-01,2.350686607441131726e-01,1.620508797374289045e-01,2.004624315980989557e-01,1.540703273814168217e-01,1.467162529036599994e-01,1.487340826363760804e-01,3.887806755066378628e-01,3.252550431561483379e-01,3.493784083437196375e-01,5.601477071850203826e-01,3.165288228307734930e-01,5.665860978830117300e-01,2.997825685909870086e-01,1.859308706801703071e-01,1.446647419043782246e-01,6.955082495192091430e-02,1.002618969643825908e-01,9.016798037496800977e-02,9.504596624216260503e-02,2.010565414339435808e-01,2.123183584266515045e-01,1.270831062404244594e-01,1.137960052231072744e-01,5.067109593925544359e-02,7.829582313176265684e-02,1.891152353258098717e-01,1.970688031686116670e-01,2.521739859653157056e-01,4.756625665875331976e-01,2.297641920832000917e-01,1.434581886740857182e-01,1.403181833476949414e-01,7.914764453161915458e-02
1.102216411640030286e-01,3.510332869029923475e-01,0.000000000000000000e+00,3.690947883581009448e-01,3.067898662518249164e-01,5.011647964400453015e-01,2.292049005495276348e-01,9.276198000028990087e-02,1.408106757683575405e-01,4.363714761702919970e-02,4.898175620960510540e-02,7.549643149930168953e-03,3.602771992037810678e-02,5.208080049122103955e-02,2.866524098686955291e-02,7.562031164423782537e-02,5.658174403027448757e-02,8.194000760313110976e-02,6.904729919895459533e-02,1.056288696866153065e-01,4.771801153357804748e-02,1.703414000257763850e-01,1.588704036993813795e-01,2.870086776084654900e-01,2.797045404722483530e-01,4.109985078635354228e-01,2.756562114981516709e-01,1.049529549542255608e-01,3.865581021305980469e-02,1.530091344937576647e-01,8.742222658664339230e-02,1.171097459616595726e-01,1.029207383989711455e-01,1.378996405922467416e-01,1.713041891555646956e-01,1.297835878029825751e-01,1.465658683944583984e-01,6.938029078403698535e-02,1.443685413927172367e-01,2.458714993723875586e-01,1.842452722985279678e-01,2.833383623016899056e-01,1.152542721880678994e-01,1.291559933840781271e-01,1.446789847699418152e-01,3.106047429117348990e-01,3.558263279353647834e-01,3.470307511019267710e-01,5.580916232817387801e-01,3.251872892295910589e-01,2.854421381757875631e-01,2.518425576566593604e-01,1.118003317059620000e-01,4.433366361097177549e-02,3.390885863193043859e-02,7.450401534964030958e-02,1.479235652550357598e-02,6.877828146427654443e-02,8.709489174942879053e-02,6.797254998299234741e-02,1.482821710020352790e-01,4.956765160659026143e-02,1.135897060379881668e-01,2.636460056593155632e-01,2.555984608670610059e-01,3.601614186523235395e-01,2.472780511886290000e-01,2.627860562374199072e-01,7.254249917329801123e-02,6.764288686451846999e-02,5.588992738376484179e-03
3.488173180276035179e-01,4.012861172978667290e-01,3.690947883581009448e-01,0.000000000000000000e+00,2.433509800718957339e-01,3.564841134379111431e-01,2.441856314471673728e-01,1.328875469737565707e-01,8.293720044216464082e-02,2.286606656921836428e-02,1.174531762774937670e-02,1.439104616649314675e-02,5.330484075173291814e-02,4.261787716487153155e-02,1.074812439353886317e-01,9.275779373503509340e-02,5.821259230783150385e-02,6.776698174547610143e-02,1.618788197667692108e-02,3.559906258363090131e-02,3.318753431715179558e-02,1.083459155700006171e-01,2.716144313311941727e-01,3.978606166837534430e-01,3.819972142051286657e-01,3.385575961436577686e-01,3.102753471802061624e-01,2.355961253550060697e-01,9.243673100152782762e-02,3.391050602449494078e-01,1.687474565963326123e-01,7.801315150614797356e-02,1.654251687054335562e-01,1.240044951304034582e-01,1.746298601265098838e-01,2.132753270443135396e-01,2.273553049678155302e-01,1.123439818700709275e-01,1.056753342410775981e-01,1.168912170087829799e-01,2.207599338643166376e-01,1.754317222366650331e-01,1.837645072033553539e-01,1.031796682810560417e-01,1.189108852562900526e-01,3.941456010127677989e-01,2.997861936033194286e-01,3.207762564701143182e-01,3.938704665542105410e-01,3.417220976299481516e-01,3.804088454708312583e-01,2.750825717177949326e-01,9.019695257845881942e-02,1.642060538549668935e-01,1.363753101098939824e-01,6.572949453556475863e-02,6.618004217507551801e-02,3.747124933345888365e-02,8.275583673472690360e-02,5.584093340509751341e-02,3.401312536969619549e-02,1.354518664343298262e-01,1.961576349946963227e-01,4.694172852523131878e-01,2.665846547092396990e-01,2.961313138344170981e-01,3.020835898763283844e-01,2.444797979912634867e-01,1.181945641545732728e-01,6.530132012150612064e-02,2.204051474082401041e-02
3.445977257502341184e-01,4.529593373776347187e-01,3.067898662518249164e-01,2.433509800718957339e-01,0.000000000000000000e+00,3.433449875661949147e-01,1.718959305995400311e-01,1.941374506396248145e-01,5.537470812265074538e-02,1.401401250981239299e-02,7.872070255665548910e-02,1.123161484415003825e-01,1.542159154583166714e-01,2.134112936921924719e-01,1.917960728250091840e-01,1.870736862373598708e-01,1.440519234186237452e-01,1.260512297725038533e-01,2.976788091848386886e-02,7.470138131466580456e-02,1.090167909026810156e-01,1.530476955691136010e-01,2.753711724343381739e-01,5.404856895895820967e-01,3.440457695069432109e-01,3.046191836827466526e-01,4.766304001121045020e-01,1.811494006247564015e-01,1.178810762557349484e-01,1.522977763210640323e-01,1.965976166876573505e-01,1.044152046387606531e-01,1.960332487652796107e-01,2.483506614260725109e-01,3.955549083029762381e-01,2.244019327154061216e-01,3.068340730849225539e-01,1.305215056332165446e-01,2.053331197699322930e-01,1.549606764914990276e-01,1.841280267750351751e-01,1.125283921218333816e-01,1.932906312510413727e-01,1.430504729337936376e-01,3.536715924448515236e-01,4.087721934472116625e-01,3.443432544372018178e-01,5.359000203691421937e-01,3.107790841953920746e-01,4.658590201646329310e-01,2.853159611459095135e-01,1.732637558491967877e-01,9.779580263108858529e-02,6.528868642188305482e-02,1.303654858962391139e-01,1.385076178762312538e-01,1.367042652737724961e-01,1.750521581792373049e-01,2.173587419800336040e-01,9.016371158839336930e-02,7.470139642056457252e-02,4.977647841253606681e-02,1.155938173594658197e-01,2.074922556862722756e-01,1.851237167647530879e-01,2.652277308971459080e-01,4.269196686456896983e-01,2.399602924675610927e-01,1.117790726998953987e-01,1.535929143841059108e-01,9.320870733094681337e-02
2.120831174282175047e-01,1.939908970438334324e-01,5.011647964400453015e-01,3.564841134379111431e-01,3.433449875661949147e-01,0.000000000000000000e+00,2.603250777674717131e-01,1.225082346652791726e-01,1.603607671215816766e-01,4.301024568493220374e-02,1.561568486883733488e-02,3.791695981737117777e-02,5.018364716013610366e-02,7.730815007755269253e-02,4.312947250751310996e-02,9.057491061272139599e-02,6.237647951640236388e-02,9.248961564199448260e-02,5.570164422066624377e-02,1.016449014685410906e-01,4.270317769327903329e-02,1.629213459146272025e-01,1.499002257946125682e-01,2.922703369697790543e-01,2.182064299419102238e-01,4.029261745689924346e-01,2.863460250357581227e-01,1.283011830814355658e-01,5.200812940115340233e-02,1.298940400988287114e-01,8.546938332500712832e-02,1.488262055903601666e-01,7.848866986320483796e-02,1.524490338581030724e-01,1.667011877161205247e-01,1.181089894571220877e-01,1.325228541085334555e-01,5.825887493385987354e-02,1.491503550279150159e-01,2.213570706505349206e-01,1.860483188253468367e-01,3.253224371322878672e-01,1.037051275332909195e-01,1.419758704627833712e-01,1.648971914937159833e-01,2.440099923532084158e-01,2.289126126376156978e-01,2.753986060841623340e-01,4.997569703090269377e-01,2.868084876917259551e-01,2.196177673533933616e-01,3.276877735742273479e-01,1.032747807110602212e-01,5.719335083016998528e-02,3.099995068473372639e-02,4.580751453856729549e-02,1.853435053714142661e-02,6.729875243178785882e-02,9.073210996637122439e-02,9.853349935859413711e-02,1.600627890336816794e-01,4.642740424858805837e-02,5.127643464320102290e-02,1.945587701816497150e-01,2.095979028236867325e-01,2.381149095746728783e-01,1.941461947528995424e-01,2.223858824024069480e-01,3.391212133310730209e-02,5.556411742773141593e-02,7.934303226911236517e-03
1.851659880521121515e-01,1.973607048754448812e-01,2.292049005495276348e-01,2.441856314471673728e-01,1.718959305995400311e-01,2.603250777674717131e-01,0.000000000000000000e+00,1.653607969386676479e-01,1.655142536801392228e-01,2.503997653364168144e-02,3.767406620958735353e-02,3.584861538661237527e-03,1.345988668323345669e-02,3.268126401806306647e-02,4.377846265782239787e-02,4.645463491999757971e-02,3.938666350537242677e-02,7.895903158357088503e-02,4.257747384175091659e-02,8.690903401690092123e-02,5.286618849432828809e-02,1.748732550216981207e-01,1.874263023288067209e-01,1.833445116651061246e-01,2.897399237305153807e-01,1.976597368033755353e-01,1.627447445077162269e-01,1.160546590204739187e-01,9.323695344323087997e-02,2.861016844126640923e-01,1.390522063049194901e-01,5.106540548609228569e-02,1.042890705857771605e-01,4.892959577746545941e-02,1.334029839531922501e-01,1.562489315431250247e-01,6.418165112761944902e-02,6.511515309879702118e-02,3.326623673553290306e-02,1.209336158437516878e-01,1.005339062857324439e-01,9.560171766523550829e-02,4.396536726406628792e-02,6.957100160239680642e-02,4.685347541862501519e-02,1.821186451095770653e-01,2.008506356124850067e-01,1.935159342158100371e-01,2.296354298960753548e-01,2.056550288364935308e-01,2.148348609699106682e-01,1.529784593675238835e-01,7.986660917166329976e-02,5.111926478757449627e-02,1.645307744411365208e-02,1.391292388304696953e-02,1.427426647645179542e-02,3.996470751572057251e-02,2.609152180933458146e-02,1.329818953141608667e-02,2.876604582187467299e-02,9.858571398591087220e-02,1.169034629310265055e-01,1.912248295065592796e-01,1.379199399162830686e-01,2.947251480222103925e-01,1.849019761342454438e-01,1.520840483245708696e-01,1.538689905344594044e-01,3.407281521984117240e-02,7.881011431373910817e-03
1.833745470574217051e-01,1.530607389561158271e-01,9.276198000028990087e-02,1.328875469737565707e-01,1.941374506396248145e-01,1.225082346652791726e-01,1.653607969386676479e-01,0.000000000000000000e+00,1.033994095935308888e-01,2.454109061522769322e-02,1.003845473013637718e-01,3.941340646013383187e-02,8.542816599341870876e-02,1.060305189729277980e-01,1.706108041254775221e-01,1.148034596748375991e-01,7.902222397157109002e-02,1.017530880104176583e-01,6.149210507024585604e-02,7.438894744326435271e-02,1.385206773753104754e-02,7.680147905557224708e-02,5.560415066234331016e-02,1.563862079012344197e-01,7.219144654044171161e-02,1.059792024953849637e-01,2.450409740790112645e-01,6.545760724420061905e-02,2.933835773763033422e-02,1.441070114695322535e-01,7.012606670780847928e-02,4.930389014432371569e-02,7.491152542381525337e-02,8.217427489540622687e-02,1.356629628492786732e-01,3.811090633141574896e-02,1.406367101156408006e-01,2.359931101591518365e-02,5.313524565073561579e-02,2.437912872952711571e-02,4.513946751527844053e-02,6.051702090831719005e-02,1.217659418566294088e-01,7.405867630398375867e-02,1.198493516112706658e-01,2.074733101499904031e-01,1.178338053996321050e-01,1.637610690881060316e-01,8.295398607324623586e-02,1.220052829826313023e-01,1.022982785022547442e-01,5.727861962297439019e-02,1.691161873264165200e-02,7.098215725897977224e-02,9.731619800615358418e-02,5.873089241173874708e-02,7.813692916698226909e-02,1.826251956634528800e-02,6.587939176692790555e-02,1.424764799981590585e-02,4.477658714991892414e-02,2.335818983737284263e-02,7.097306946163800534e-02,1.673113744042536433e-01,1.281026884802244914e-01,1.524356861318265643e-01,9.890155820630208705e-02,1.097708340839731317e-01,4.602320559668758582e-02,4.056505780894592572e-02,2.904956131847379400e-02
8.931756368730438267e-02,3.502402026459812412e-02,1.408106757683575405e-01,8.293720044216464082e-02,5.537470812265074538e-02,1.603607671215816766e-01,1.655142536801392228e-01,1.033994095935308888e-01,0.000000000000000000e+00,2.764905043215679092e-02,7.082394554949454635e-02,4.719225434894072646e-02,4.806062425644774816e-02,5.326525531146666936e-02,3.266595696333608051e-02,6.230529502729782038e-02,5.972358953966806078e-02,8.663416974125798253e-02,6.867176873186381370e-02,1.438889510272610139e-01,6.068802494637735856e-02,1.630022761710800128e-01,9.923521456624805059e-03,5.595641099065711693e-02,3.907744701279558530e-02,6.892450983475954807e-02,7.492875687572939092e-02,2.045645053235638222e-02,2.475436002763827317e-02,6.237476214472983255e-02,2.030850019379208324e-02,9.645696437456273420e-02,8.715747075716142808e-03,6.890280483276545187e-02,3.169151332354178813e-02,2.699906122256302485e-02,7.054196461698751530e-02,1.555139183102574423e-02,2.289736351527340424e-02,8.967796590728584205e-02,2.056294950406281977e-02,7.788128903213398235e-02,4.026457893838558677e-02,9.920243383542497184e-02,2.578137053686057126e-02,8.795956022372951322e-02,8.243355152359889415e-02,4.115587607857019992e-02,1.696038173399757598e-01,2.537643849519762018e-02,3.891238613412541670e-03,8.858222730161617597e-02,1.274665336003942724e-02,3.107878703377851479e-02,2.440817707352673643e-02,2.279137867238319529e-02,2.056389173592800684e-02,1.359238986536830335e-03,2.212613051778775791e-02,4.619945791987301563e-03,4.772849803472284380e-02,3.162951951805299724e-03,1.461778347399802190e-02,5.476150382935521949e-02,9.682947592607617227e-02,1.424620718352198889e-01,1.978009726923458944e-02,9.640654959645314492e-02,3.441624896028468855e-02,3.555767260671829216e-03,1.150963252460411763e-02
2.352401104513194077e-02,2.551397973674084454e-02,4.363714761702919970e-02,2.286606656921836428e-02,1.401401250981239299e-02,4.301024568493220374e-02,2.503997653364168144e-02,2.454109061522769322e-02,2.764905043215679092e-02,0.000000000000000000e+00,1.481727811017408691e-01,2.847048056862348103e-02,2.301126806703287717e-02,4.341425489957731476e-02,4.021671523029353434e-02,5.657836485837004770e-02,9.884088033991133768e-03,6.785376791271240104e-02,2.065185529266876444e-02,1.192364720084119062e-01,2.974042476916192307e-02,7.197416829041577979e-02,2.207552388350569189e-02,3.463390481561456208e-02,1.033394139197244162e-02,6.431462132571727497e-02,1.412357674621368686e-02,2.815033296320961637e-02,9.790197033079407751e-03,3.841344482680489336e-03,2.046318823882234406e-02,1.101274789623269829e-01,1.860959540533405759e-02,7.555717376587245404e-02,5.525145039075968559e-03,9.906920752661096258e-03,5.787412097031208874e-02,5.577705390818393782e-02,4.055483590176880808e-03,2.092071147015273080e-02,4.813581434442559814e-02,3.920659527115873816e-02,6.748828250302352227e-02,5.942708852268450276e-02,4.236092578686376925e-03,5.241262629163875864e-02,4.430242734197867294e-02,1.867491910317722881e-02,7.390739770928325680e-02,2.494161267942902188e-02,2.334357438559719541e-02,6.159466921671585132e-02,2.353750088665819071e-02,3.798017681314710264e-02,3.252949477593379546e-02,1.257690440572791120e-02,2.975007016310985894e-02,2.467682887866243756e-03,8.542518099303966772e-03,4.943529858963626247e-03,1.896270022433777999e-02,2.760408618236087630e-02,2.835338385374673587e-02,2.908884641857532524e-02,9.470674372236601024e-02,2.924830080858980066e-02,9.340088414612132683e-03,7.932102012619149378e-02,8.921979551618422835e-03,3.378398956659923926e-03,6.176309190528807627e-03
1.710990047171010581e-02,6.653651619240141812e-02,4.898175620960510540e-02,1.174531762774937670e-02,7.872070255665548910e-02,1.561568486883733488e-02,3.767406620958735353e-02,1.003845473013637718e-01,7.082394554949454635e-02,1.481727811017408691e-01,0.000000000000000000e+00,1.334030963428162742e-01,1.689882608270747155e-02,1.194912299283806822e-02,1.238184708229028708e-02,2.541640447139719219e-02,1.416823946059730076e-02,1.734923960421568684e-02,4.835944425933649121e-02,1.002929000230212420e-01,9.508359092994302098e-02,1.925186362731919343e-01,9.010974376402589026e-02,1.099193726639928065e-01,1.242385531586738950e-01,2.322612257699524507e-02,4.517556139958514572e-02,1.102548092232418821e-02,3.804361355088547308e-02,7.041530412691942957e-03,1.998789078391914956e-02,7.612129798312478046e-02,6.996881132640640766e-02,1.646713674335272271e-01,5.672661798577616210e-02,8.344854219642404425e-02,5.909717859583164118e-02,5.938956650156400341e-02,1.935403708383734780e-02,2.248739356316027671e-02,1.819892986974462265e-02,1.113644592689510410e-02,3.994637942213903614e-02,1.517415294266290515e-01,5.351385202709130207e-02,4.353652909240154217e-02,1.548877257149585962e-01,7.422245759677191523e-02,6.664190728902852356e-02,6.460327820606565075e-02,8.711518583547173816e-03,3.062837504155904028e-02,2.725556842218416695e-02,4.142765269937032785e-02,3.621794044303750654e-02,6.486203755954068895e-02,8.093789849806662384e-02,2.943663058363564164e-02,2.177281459257667320e-02,1.000223013867482767e-02,6.157834786691855156e-04,7.928552788552142155e-03,1.012820561082898412e-02,1.783182782438829175e-02,1.103041006434094390e-01,1.116325195308461721e-01,1.116096633499896879e-01,1.667056228842041521e-01,1.061266249305189563e-01,5.305840186212994192e-02,7.963213638223787250e-02
3.665893568946204661e-02,9.310499921592717276e-02,7.549643149930168953e-03,1.439104616649314675e-02,1.123161484415003825e-01,3.791695981737117777e-02,3.584861538661237527e-03,3.941340646013383187e-02,4.719225434894072646e-02,2.847048056862348103e-02,1.334030963428162742e-01,0.000000000000000000e+00,1.051454558860166894e-01,9.072820273764862012e-03,1.340975238362078666e-02,5.573618140993609818e-03,2.904665833074484421e-02,1.098720483538350064e-02,2.376934618018003778e-02,1.660139229297189975e-02,6.390888884903751788e-02,4.064943612182395083e-02,9.458795007973579139e-02,1.415317124972741702e-01,9.137342085847294237e-02,5.908767925595611453e-02,8.026613670748498908e-02,7.301984448049009258e-02,6.893378423505734653e-02,1.790393684391070658e-03,4.782457845739072899e-02,5.402586655945224026e-02,8.775154757955272444e-02,6.822406392592944568e-02,1.280829186928906793e-01,1.321641435302813028e-01,8.162340971150561231e-02,3.380533659547423075e-02,1.185147700003877230e-01,2.749157272031200333e-02,1.916657504410614055e-02,2.144636946979426584e-02,2.340033476286923486e-02,6.079894725408487022e-02,9.976640212763220050e-02,3.214062623319024342e-02,4.989548471161681098e-02,9.472231839777220386e-02,7.477277692371191685e-03,8.388174537869386160e-02,1.757254048255027165e-02,1.438782484175519204e-02,3.185933938209704192e-02,1.448719466011660385e-02,4.377579493089157198e-02,2.957895501274645372e-02,1.856372810710594720e-02,5.285514269783067598e-02,2.359855301219283483e-02,2.632512038374606317e-02,6.121900685996545591e-03,6.060574663835909849e-03,4.828332734104008768e-03,2.092882504660183857e-02,3.328335570044675673e-02,2.548755959964030607e-02,1.271850020460723318e-01,7.528121180356615871e-02,8.178269046931113673e-02,9.807200273601643370e-02,8.141057991875888522e-02
7.919902774706635840e-02,1.271107852382624415e-01,3.602771992037810678e-02,5.330484075173291814e-02,1.542159154583166714e-01,5.018364716013610366e-02,1.345988668323345669e-02,8.542816599341870876e-02,4.806062425644774816e-02,2.301126806703287717e-02,1.689882608270747155e-02,1.051454558860166894e-01,0.000000000000000000e+00,6.816265034508725562e-02,5.010022728559224842e-02,4.975094030204618711e-02,6.810830311750923349e-02,1.637971740071718016e-02,8.407840549206265293e-03,1.147406578429942606e-02,6.032300970321888278e-02,4.975673098573520775e-02,6.777587462760928383e-02,2.128425254843697156e-01,1.069204106396267895e-01,5.359206537944225662e-02,1.331223669249494423e-01,6.595902244322515706e-02,8.286790763090493006e-02,9.795179865782216097e-03,9.072904100402988392e-02,5.164488276841230907e-02,1.173557154613373843e-01,1.037277972589136232e-01,1.707379845341103486e-01,1.532178523068969400e-01,1.143097355630490336e-01,3.755703422174473671e-02,1.362644000203767636e-01,5.288262711657865101e-02,1.672184748256267187e-02,4.922543367562175892e-02,4.786652626670988286e-02,6.910773168289123525e-02,1.199968460411941357e-01,7.979633566630689456e-02,8.205856010396289646e-02,1.352260770541985346e-01,1.907491928876131962e-02,1.239020906677280320e-01,1.979316812296640429e-02,2.833519380259716045e-02,3.596439724661432136e-02,9.359816187875538013e-03,4.818266295366904761e-02,4.100660418414401459e-02,4.823658559752874719e-02,4.568016455181878738e-02,4.515471382824699093e-02,3.087304381533644351e-02,2.327505510487963905e-02,5.983931137710253416e-03,1.803588407932608939e-02,5.476615078095748573e-02,4.536669451139137277e-02,1.477135667802667585e-02,1.477576221579238458e-01,9.031497882432013014e-02,3.271247084899489566e-02,5.692694899316139145e-02,3.996532425717325143e-02
9.481179008256622465e-02,1.958768451174923708e-01,5.208080049122103955e-02,4.261787716487153155e-02,2.134112936921924719e-01,7.730815007755269253e-02,3.268126401806306647e-02,1.060305189729277980e-01,5.326525531146666936e-02,4.341425489957731476e-02,1.194912299283806822e-02,9.072820273764862012e-03,6.816265034508725562e-02,0.000000000000000000e+00,6.240989718205897097e-02,1.464668107502749284e-02,5.506606085565089043e-02,3.053885899956633454e-02,7.880534688403431631e-02,3.248444509025482513e-02,8.259552514641661791e-02,1.051424587777700509e-01,1.033282271222149273e-01,2.177277266385529708e-01,1.698606807833796251e-01,6.196179741401148383e-02,1.554295041393186916e-01,5.475882787778829641e-02,3.482642729914006696e-02,9.731539470974723618e-03,5.161862497744201111e-02,2.875758733423146654e-02,1.124854312519377453e-01,8.418037579011235227e-02,1.290347120870416475e-01,1.606334022755205315e-01,9.431077401729034970e-02,4.412516109775171946e-02,9.202585019905315522e-02,5.077809443440957360e-02,3.013161049867200611e-02,2.724499740570640940e-02,1.076270267001560622e-02,6.970661379680920255e-02,1.189745482854188685e-01,8.926081503457361510e-02,1.079727952847018418e-01,2.204718839185902390e-01,3.118246197755444871e-02,1.469627362985040653e-01,2.393912820589439230e-02,4.071915411701339249e-02,3.325482011162739227e-02,2.478156229510752526e-02,3.307001883075138399e-02,7.906516550710074309e-02,7.848096305523223626e-02,9.730653685695841992e-02,9.731767222779909299e-02,3.201523910316830118e-02,1.669748887173756746e-02,6.006252984349489191e-03,1.738243624609716806e-02,2.542440972001051500e-02,2.247170079182133143e-02,4.212144647179270895e-02,1.772545336145401607e-01,9.585232922838138325e-02,6.274203788691783135e-02,1.345132335809942903e-01,8.558003803520952690e-02
1.412647088214317170e-01,9.695526199866309758e-02,2.866524098686955291e-02,1.074812439353886317e-01,1.917960728250091840e-01,4.312947250751310996e-02,4.377846265782239787e-02,1.706108041254775221e-01,3.266595696333608051e-02,4.021671523029353434e-02,1.238184708229028708e-02,1.340975238362078666e-02,5.010022728559224842e-02,6.240989718205897097e-02,0.000000000000000000e+00,1.039225917529922327e-01,7.937937683275345102e-02,1.454189749706623173e-02,4.372539997818901403e-02,3.453990967117603894e-02,5.639292297278071520e-02,3.214068379693885841e-02,2.707173254407910234e-02,1.922573247973382304e-01,6.800968063579462819e-02,2.899069852706285047e-02,1.415044936381231744e-01,3.103372859414034804e-02,2.416341199345380109e-02,3.051492353115258307e-02,5.632066161017570960e-02,1.975978778688093629e-02,5.632737567232098952e-02,9.986240263524691352e-02,1.028471762549746787e-01,7.020995824119811990e-02,1.430595571277462896e-01,3.741947359610683227e-02,6.366768136550760016e-02,5.423376279081019297e-02,1.633890489772306387e-02,1.789037918199508706e-02,7.678302758215672930e-02,7.775408837839345444e-02,1.059954818653587177e-01,1.562329473748570174e-01,7.276924947738910854e-02,1.571029246170119464e-01,2.534341212597373758e-02,5.778595958382854586e-02,2.500912517322468817e-02,3.262424219527343405e-02,6.823175125269699895e-03,5.293120205834008635e-02,7.079711788736636757e-02,7.044969230893047274e-02,9.220873668459224348e-02,4.430899896474919941e-02,7.458726503561455279e-02,4.666884887948698560e-03,2.315750757158464151e-02,1.679186682826940002e-02,1.733311596298516694e-02,9.510727322393702776e-02,5.478804759377935152e-02,1.712720888185551363e-02,8.994515349926235359e-02,8.855725072257625285e-02,3.134159517767771269e-02,8.627236640359076114e-02,8.663908384082846803e-02
1.317391901961457445e-01,1.425523904487715765e-01,7.562031164423782537e-02,9.275779373503509340e-02,1.870736862373598708e-01,9.057491061272139599e-02,4.645463491999757971e-02,1.148034596748375991e-01,6.230529502729782038e-02,5.657836485837004770e-02,2.541640447139719219e-02,5.573618140993609818e-03,4.975094030204618711e-02,1.464668107502749284e-02,1.039225917529922327e-01,0.000000000000000000e+00,4.545255226044014885e-02,4.390790629889518987e-02,2.045581450070624654e-02,2.141947720233143213e-02,4.721859581139899870e-02,1.706746224163077988e-02,6.035759832814647369e-02,1.516463620486158403e-01,8.797487705565215643e-02,6.464579619518903697e-02,1.870301827833769082e-01,2.874097650041980423e-02,3.678933736462964427e-02,2.744349409689514005e-02,6.574821052402572696e-02,9.912190398959868157e-03,4.774701044228289032e-02,2.937202117955405728e-02,8.343747543981502868e-02,4.614618001203465991e-02,7.823273955193921214e-02,1.385641240421907339e-02,5.041285194289991251e-02,5.118107573751866368e-02,2.148492332420981477e-02,5.073249370829507193e-02,1.352620358493115092e-02,6.885142632890736691e-03,7.189923366457913467e-02,1.001333784980654729e-01,3.547773283818991125e-02,1.311497462101795797e-01,3.819827508995164711e-02,7.794638324400306184e-02,2.001370027668194357e-02,3.776491545101207103e-02,1.934936268847682952e-02,2.575933439442760348e-02,1.161141135553808712e-02,3.790606317479928294e-02,5.955415487669626917e-02,7.353758578488994724e-02,8.772850808497527353e-02,2.596388436554265475e-02,3.947378546857369108e-02,6.826033687263101044e-03,7.382883375375766735e-03,3.743063686154005087e-02,2.706844325936544685e-02,2.365669660510155009e-02,6.659955322402202893e-02,4.519962335559572775e-02,3.043003325477515453e-02,2.824192420334955059e-02,2.459001072881296726e-02
9.849968226414325401e-02,1.024552622961941994e-01,5.658174403027448757e-02,5.821259230783150385e-02,1.440519234186237452e-01,6.237647951640236388e-02,3.938666350537242677e-02,7.902222397157109002e-02,5.972358953966806078e-02,9.884088033991133768e-03,1.416823946059730076e-02,2.904665833074484421e-02,6.810830311750923349e-02,5.506606085565089043e-02,7.937937683275345102e-02,4.545255226044014885e-02,0.000000000000000000e+00,4.862915444702885920e-02,9.302202155280414608e-02,5.700268883705715550e-02,1.150455916339374607e-01,9.574987109396304596e-02,4.717090696231159702e-02,1.597165982472902590e-01,7.762876546503785780e-02,1.788526637380822085e-02,1.159843453473073105e-01,8.452812492934958996e-03,1.599683119295684797e-02,2.940386702836824198e-02,2.537246712404643556e-02,2.561786079080423037e-02,3.190832320829253832e-02,7.476653970951889494e-02,1.078904007433083845e-01,4.544150911474498233e-02,8.165727433887631781e-02,6.010185754060422270e-02,5.940791623274319783e-02,2.395665752567393766e-02,1.201372752754112892e-02,2.678384307336188416e-02,2.534389541808574481e-02,6.255509834081203480e-02,1.038937947512203197e-01,9.468079605501601714e-02,5.495953584680661475e-02,1.410427538147792648e-01,3.730346426174295515e-02,5.687172599990310967e-02,8.968952752536028805e-03,1.199600337009143307e-02,1.246436804134821302e-02,7.213629088246362175e-02,5.586749546984384057e-02,7.951346648265177064e-02,7.747794372148826547e-02,4.552194535757685123e-02,6.222702180368606256e-02,8.320203812351047515e-03,8.445202365921142956e-03,9.444419904379185160e-03,2.176199607184768625e-02,5.494698825791265173e-02,2.730510552606843847e-02,3.877610767743134429e-02,9.296323775875725559e-02,7.579117373828968274e-02,3.984391280160755333e-02,1.175572014829221884e-01,5.257956678995136246e-02
8.717153168665960072e-02,9.372359924666856523e-02,8.194000760313110976e-02,6.776698174547610143e-02,1.260512297725038533e-01,9.248961564199448260e-02,7.895903158357088503e-02,1.017530880104176583e-01,8.663416974125798253e-02,6.785376791271240104e-02,1.734923960421568684e-02,1.098720483538350064e-02,1.637971740071718016e-02,3.053885899956633454e-02,1.454189749706623173e-02,4.390790629889518987e-02,4.862915444702885920e-02,0.000000000000000000e+00,4.319546607939092620e-02,1.825631473673048830e-02,5.335274031086423979e-02,1.458788569930286570e-02,4.695579013854282030e-02,1.412738053330364618e-01,4.293767088246389779e-02,8.554076437285897117e-02,1.549316699502957251e-01,6.935935106897930455e-03,1.892407119207327459e-02,4.666824592865443516e-02,3.768024654344568486e-02,6.960541570746075178e-03,1.667253023658945427e-02,2.376216629653083584e-02,9.967568118237356278e-02,1.429797392878596855e-02,5.613273830944329884e-02,2.677299142037384283e-02,4.887749811185575222e-02,6.360985714875058705e-02,3.005244814551725693e-02,6.580481579740982134e-02,1.632298244856260697e-02,1.298817186863668316e-02,5.294978566716204010e-02,5.423680916572642952e-02,2.638129235561743891e-02,6.452561220270883191e-02,4.490433121541691913e-02,5.626632971264627914e-02,1.550916714427009319e-02,2.795729833018376770e-02,1.392757021155113621e-02,1.675053701875556245e-02,6.573202421387666292e-03,2.246911999785410757e-02,2.489819755250692601e-02,4.180553051788291063e-02,5.595448965283907755e-02,3.294896287419338266e-02,2.630463908203424864e-02,7.868979030539640165e-03,4.694343518288453948e-03,2.940354824497534020e-02,1.294648434751513241e-02,2.283749354057956066e-02,5.239669551199277464e-02,2.481080263531746169e-02,3.014765556699952956e-02,1.706167359870993175e-02,4.878355896487459806e-03
2.384174109890950521e-02,2.443385503013851406e-02,6.904729919895459533e-02,1.618788197667692108e-02,2.976788091848386886e-02,5.570164422066624377e-02,4.257747384175091659e-02,6.149210507024585604e-02,6.867176873186381370e-02,2.065185529266876444e-02,4.835944425933649121e-02,2.376934618018003778e-02,8.407840549206265293e-03,7.880534688403431631e-02,4.372539997818901403e-02,2.045581450070624654e-02,9.302202155280414608e-02,4.319546607939092620e-02,0.000000000000000000e+00,7.155215623150881776e-02,4.652063728616152860e-02,3.503421093634149358e-02,2.360895783241133070e-02,4.432783292751211329e-02,2.344709264134033078e-02,4.927794201480469732e-02,3.805494342030082272e-02,1.680575677212611460e-02,5.060784396861955220e-03,7.113739693356210120e-03,1.293522797067371208e-02,2.861426539713174053e-02,1.750000737852003274e-02,1.114158973941329657e-02,2.754232598795683384e-02,1.751500073974026489e-02,1.154337941919816521e-02,2.385789491258870007e-02,1.227758258230789157e-02,1.673251469649270073e-02,1.528941694589311222e-02,4.451351455252222644e-02,2.679500638573669921e-02,1.387927355152797880e-02,1.304023478103645550e-02,1.049444761410326353e-02,2.688634685873821789e-02,8.427628925576831700e-03,2.956784947503124372e-02,1.146952209726343798e-02,3.561925303519643260e-02,1.379578124955461831e-02,1.337768639165947890e-02,6.578374900674031564e-03,2.470099798269443508e-03,2.507804240102356596e-03,5.224043001128868963e-03,4.793915822222566230e-03,1.767795526796263686e-02,1.314713842460423637e-02,1.346508397112646145e-02,2.245812390890894808e-02,4.342104637546283404e-03,1.090909970788527146e-02,3.409247947040067866e-02,4.734224079979302419e-02,6.431193098767257373e-03,9.032731961277589219e-03,2.103267855306368075e-02,7.334394035522000428e-03,6.793903022105684045e-03
5.055283626575636513e-02,2.781586421365004821e-02,1.056288696866153065e-01,3.559906258363090131e-02,7.470138131466580456e-02,1.016449014685410906e-01,8.690903401690092123e-02,7.438894744326435271e-02,1.438889510272610139e-01,1.192364720084119062e-01,1.002929000230212420e-01,1.660139229297189975e-02,1.147406578429942606e-02,3.248444509025482513e-02,3.453990967117603894e-02,2.141947720233143213e-02,5.700268883705715550e-02,1.825631473673048830e-02,7.155215623150881776e-02,0.000000000000000000e+00,2.941897414960459659e-02,1.635121369655024026e-01,9.205151029245534078e-02,1.463961317586468525e-01,1.895596607074577153e-02,1.217641465916195487e-01,8.948817770507867808e-02,2.744690610712096843e-02,1.286775485455303632e-02,3.367388932322443185e-02,1.006170163706178629e-02,8.623106133889485436e-02,3.479379607480358183e-02,5.073566599754788381e-02,4.235652295327686084e-02,2.971316736147873797e-02,6.724255681585857014e-02,5.553696960418927006e-03,2.407435926501366383e-02,5.443705541166800332e-02,2.409779424194894576e-02,6.652112549244593165e-02,2.713201653385970136e-02,5.262680696460190349e-02,2.280270692739967339e-02,7.213526083512013243e-02,8.650970894388336496e-02,5.668163848177643765e-02,8.602411132536488814e-02,1.264702388700621703e-02,1.548899524406882958e-02,6.403845160859425456e-02,9.119175188082867187e-03,1.065377627507664918e-02,2.067226492700005580e-02,1.724863476930228040e-02,4.539416556278506876e-03,1.896012194558541891e-02,1.596133221516755560e-02,9.282043366639505452e-03,2.969640076412226326e-02,1.650665534519404204e-02,2.615098878928014473e-02,6.566420054770907323e-03,5.270165439125065743e-02,7.263811956966051420e-02,3.334458155479424341e-02,5.299769385181022502e-02,2.161585679106207275e-02,2.505382643832160250e-02,7.596807999493483329e-03
6.609171832761330523e-02,7.004290879397302716e-02,4.771801153357804748e-02,3.318753431715179558e-02,1.090167909026810156e-01,4.270317769327903329e-02,5.286618849432828809e-02,1.385206773753104754e-02,6.068802494637735856e-02,2.974042476916192307e-02,9.508359092994302098e-02,6.390888884903751788e-02,6.032300970321888278e-02,8.259552514641661791e-02,5.639292297278071520e-02,4.721859581139899870e-02,1.150455916339374607e-01,5.335274031086423979e-02,4.652063728616152860e-02,2.941897414960459659e-02,0.000000000000000000e+00,1.440671123838761780e-01,1.499401586575094814e-01,2.474836499537803325e-01,2.463252950519410206e-02,3.157270070618037328e-02,1.053819292162676835e-01,5.856261104282209362e-02,3.127152951058469882e-02,9.618955211283431936e-03,4.826305788665054275e-02,4.497062776655345873e-02,8.742005498974544930e-02,1.101255523174741180e-01,4.857239745204082471e-02,8.568907417430385309e-02,8.358762472455805170e-02,2.562470755582712048e-02,3.552427383097141178e-03,6.083305526992373140e-03,5.944935493091825507e-02,1.657891900926953405e-02,4.500259001613969578e-02,1.169925013852714801e-01,7.132945297159036524e-02,1.047098860508116763e-01,1.425333098067536886e-01,1.535427250016562217e-01,4.946079864521128744e-02,6.081355517364610275e-02,6.203620830736700925e-02,2.654998433920921497e-02,6.743834082172303623e-02,1.006118366040269566e-02,3.545312564581699216e-02,4.493634794565130874e-02,3.558091406072911439e-02,5.004889078653805556e-02,9.010945891707845823e-03,1.559522652531229042e-02,6.049987151775959582e-03,1.451030190467162383e-02,1.565258996350432294e-02,2.021843663836913468e-02,5.058395634279560377e-02,1.248611722632736315e-01,9.302650469372329700e-02,6.109542431320756639e-02,6.066088924454132725e-02,3.606189152145163751e-02,1.097823963801556474e-02
6.724488610175646808e-02,1.885850830590297955e-01,1.703414000257763850e-01,1.083459155700006171e-01,1.530476955691136010e-01,1.629213459146272025e-01,1.748732550216981207e-01,7.680147905557224708e-02,1.630022761710800128e-01,7.197416829041577979e-02,1.925186362731919343e-01,4.064943612182395083e-02,4.975673098573520775e-02,1.051424587777700509e-01,3.214068379693885841e-02,1.706746224163077988e-02,9.574987109396304596e-02,1.458788569930286570e-02,3.503421093634149358e-02,1.635121369655024026e-01,1.440671123838761780e-01,0.000000000000000000e+00,4.238903010944717886e-01,3.514767328405328239e-01,2.830451985324725084e-01,2.665754494671777053e-01,1.193145508674160610e-01,3.264575363293434340e-02,1.237616483023231129e-01,8.649818983662485583e-02,6.038487150102703205e-02,1.300585907541531028e-01,2.097144445800349088e-01,1.352240218489941248e-01,1.027563462041597431e-01,2.327392502760956827e-01,8.036314038404913929e-02,9.870357816735871037e-02,8.511076217410916758e-03,6.800409311730649942e-02,6.132303679139549518e-02,9.280940886979131832e-02,7.186799691791949385e-02,2.386614921038588411e-01,9.171713865634387175e-02,1.695715786761579913e-01,3.799020562239719956e-01,2.175666766172115463e-01,2.025551555007002735e-01,1.893624550315167188e-01,1.352373842059834963e-01,6.916828756273279977e-02,7.256653660121210880e-02,6.071659654597671985e-02,6.626846159780566681e-02,7.926377851660378060e-02,1.193718897698402004e-01,1.078179523630327930e-01,2.257674020274684154e-02,1.101480428339233347e-02,2.303669832363144238e-02,7.573830067595488380e-02,2.668518264736411197e-02,8.899323031168683562e-02,2.357142406839125848e-01,3.488556411394500567e-01,2.135243398048121688e-01,2.377007273545369281e-01,1.672994990380557712e-01,5.207548541043883344e-02,5.564286812632253387e-02
