0.000000000000000000e+00,1.864908175194193718e-02,8.476903106153772793e-02,6.122984923343480906e-02,3.944959683046600496e-02,3.205319488792202076e-02,4.850031637202613030e-03,2.067858153902958282e-02,2.186715576694146096e-02,2.790322220785844496e-03,5.555744682583162349e-03,1.395163171346444110e-02,5.214171770463794237e-02,4.062829640482364807e-02,7.254276825137695450e-02,4.791543781864318619e-02,7.110231787746347509e-02,3.462852453550241405e-02,2.113969249148847998e-02,1.010751912658858914e-03,9.623735775685237845e-03,7.517709607682590035e-03,8.158116511125763221e-03,4.266270945043454908e-03,4.225219720508935177e-03,5.413306718531330462e-03,7.307962460895463599e-03,1.194063683207476773e-02,2.700605069390848122e-03,5.977470912756871306e-03,6.285830782963548226e-03,1.531594213782681152e-02,1.493440783796924284e-02,1.007887946693309354e-02,2.515539186443076485e-03,7.245606860850966821e-03,5.132259734419840173e-03,1.672858171170397631e-02,1.512841221481097363e-02,1.312011007559861844e-02,4.607822692870324616e-03,1.742476483885647661e-03,9.210350045090872836e-03,8.627791139339353529e-03,1.296691466144804170e-02,1.510752473542441993e-03,9.148941033022103993e-04,1.569122775984492643e-03,8.280998241168159579e-03,6.590320036213368447e-03,1.035784845449203148e-03,1.815171198204325103e-03,6.907107037625812192e-03,3.435364010630777721e-03,1.674966184915721362e-03,5.892378937101975210e-03,3.351495613847547787e-03,3.516309198797283771e-03,1.220275308999058377e-03,1.540098328809437521e-03,7.175128575262670200e-03,1.130866463856763232e-03,5.698987216178166490e-03,1.261402550203687307e-02,1.789746231165365324e-03,3.241233246700783548e-03,1.430404667448531260e-03,3.730945914447632034e-03,6.079687501261628844e-03,3.828292708417762452e-03,6.011235696309167632e-03,3.546568377008377151e-03,1.355314438804434800e-02,1.076838640997953775e-02,7.307816636168251723e-03,5.418666049655526153e-03,2.869673344835301475e-03,1.517664630047415100e-02,7.426773215525850867e-03,1.985744734981702026e-03,4.248143046488403094e-04,5.769350920550348968e-03,3.520938270557359868e-03,2.430658887248414533e-03,1.071817334746834717e-03,3.068915477904858666e-03,1.032731917267914676e-03,5.010759374457784271e-03,4.539238622311664133e-03,3.954612484265256078e-03,1.206442698908959631e-02,7.766271308059930802e-03,2.910037517252838171e-02,1.066306811968294882e-02,1.112602918172633619e-02,4.623270722603613735e-03,2.289545012169883625e-03,7.047416644629485132e-03,3.341294048286340065e-03,2.822483302070924027e-03,1.985534828470320035e-02,1.379485697411055381e-02,3.171938138630180700e-03,8.760228944025054637e-04,9.547062877365168404e-04,9.707069578604502445e-04,2.866941245691670154e-03,1.372488746314604741e-02,2.743885905599487487e-03,1.087699334829139546e-02,9.124949094581835674e-03,6.729393310803682450e-03,9.111351704692469480e-03,1.039170821739766361e-02,4.454861636179435584e-03,3.493261894831089977e-03,1.180431834263936768e-02,3.600525070910064532e-03,8.228363725567051576e-03,1.650290779695266427e-02,8.032550579300863636e-03,1.263634534724645403e-02,4.244203989784543600e-03,1.217268025027689986e-02,1.213049768330171606e-02,2.652552918919454800e-02,6.282421927738581977e-03,1.618659662570647723e-02,4.197407208002463565e-03,1.045008116700053315e-02,6.090904814605592466e-03,3.597157658055056759e-03,3.156360336844382230e-03,6.746095485111183558e-03,7.071574151396673585e-03,5.092714394575479850e-03,6.414510454249078460e-03,6.070520785429748406e-03,1.236396967773077454e-03
1.864908175194193718e-02,0.000000000000000000e+00,1.143580627841791486e-01,1.835356844203532914e-02,7.816077877279352729e-03,3.753970338620704096e-03,6.369301558343179806e-03,1.478837930242083570e-02,3.890696394025042887e-02,1.062490828176451858e-02,6.095462721651003120e-03,2.005770606266438563e-03,1.125813623565732717e-02,5.859659733748100868e-02,7.426611930150421592e-02,3.084382449182279662e-02,4.129227802522952157e-02,2.319779994531045997e-02,4.764150469750171729e-02,7.057986376309148373e-03,4.378743127435803274e-03,5.427292187486686126e-03,1.696896294749477771e-02,1.146381082631114587e-02,1.576086003897460286e-02,3.959425490645041013e-03,7.443176493062282975e-03,5.336674467416612812e-03,9.482229474756574336e-03,4.521246944235645868e-03,8.382707546236710036e-03,1.791434786214402995e-03,3.082279488492277713e-03,2.004012203579913151e-02,3.265270293629826855e-03,2.726416001617174012e-03,1.313505307561175714e-02,8.573335926881243269e-03,6.377653027609534071e-03,4.294009797325141348e-03,2.479429995673466426e-03,1.579638760086233716e-03,5.514256755878979566e-03,6.537156718306141694e-03,3.898442873760739769e-03,2.422524705159603570e-03,6.071103297955540885e-03,1.350348441867922807e-02,1.929824057601518816e-02,6.790572229558398260e-03,1.064257850569179202e-02,1.986194403252243383e-03,1.544247393179442891e-03,2.948031207889492342e-03,3.927989175240768731e-03,4.257142727979203178e-03,8.838379284414382610e-04,2.532285645003537131e-03,9.647254874797092043e-04,2.271980068802380130e-04,1.262987800355376902e-02,5.011326180908744557e-03,9.725215016022787859e-03,9.684407977871057477e-03,6.950316670439711346e-03,1.720858212468017595e-02,8.796791398318381736e-03,1.273011490983187201e-02,2.156005720954853443e-03,5.234194209048217278e-03,4.102013287456452578e-03,6.868311188502412672e-03,4.651881360648572709e-03,7.398311140677998193e-03,7.722883884977291800e-03,4.330107204132451100e-03,1.137270793871882936e-02,6.200712979150152168e-03,5.491839631121765188e-03,3.720868697876687867e-03,2.643937633897973892e-03,3.147859958990557351e-03,1.028689959692523012e-02,1.196341799403297318e-03,3.214460011997585364e-03,3.904286145253025621e-03,6.981575713164242351e-03,7.436117524075479095e-03,3.073490219151186250e-03,7.002006619926452041e-03,2.085681083488443409e-03,1.255658034071079586e-02,6.884938190457628136e-03,6.814330769717622492e-03,4.650780327590587661e-03,4.654106414233807713e-03,7.562017850113057944e-03,1.543506114733084840e-03,8.623875126537571684e-03,2.786290211089257479e-03,1.200765104550973903e-03,2.451422496829523245e-03,2.129060346468290149e-03,1.397395655329107360e-02,5.380123595827629966e-03,4.552024665924882078e-04,4.840036337622572946e-03,1.938415522142238404e-02,1.222138325537899112e-02,1.010032237611082837e-02,8.845279363179648843e-03,3.004066148986013745e-03,5.226062177595656132e-03,4.503905643263945470e-03,1.399308162108901625e-02,4.441247842179578409e-03,6.202433085009957658e-03,2.282945668287605576e-02,1.439206730323902041e-02,9.902358657039924197e-03,1.209057780732326892e-02,8.872389223380745815e-03,2.013722990007078828e-02,1.450735511695161158e-03,7.458722189869622723e-03,9.789579058458451263e-03,3.837540988761318009e-03,1.510860443662445304e-02,1.120046773157149129e-02,1.006661040094159777e-02,3.865416907537848248e-03,2.521996819313926906e-03,6.038717958583069562e-03,4.740883818608864278e-03,4.421215731270343799e-03,7.465896248015698768e-03,1.165447885777568925e-03,4.054217104060687735e-03,5.176095770234509334e-03
8.476903106153772793e-02,1.143580627841791486e-01,0.000000000000000000e+00,2.273214359038023408e-02,3.935256199135349353e-02,2.018312479346445754e-02,8.828900113402858921e-03,1.863712919234939910e-02,1.889441418304284651e-02,4.745492309095823182e-03,1.595771598693551717e-03,7.686601013724739598e-03,3.713431462353393442e-02,5.286241646364821939e-02,9.935413267314562036e-02,6.762969327758384941e-02,1.144080016854063520e-01,4.332190790948638875e-02,5.828723601544852362e-02,3.167649431098470535e-03,1.261492516196324742e-02,1.767310664692591654e-02,3.053896697759843348e-02,5.847435313466843414e-03,7.908042160275567667e-03,4.102900350776492525e-03,5.293554476705954887e-03,1.906708374385808133e-02,8.620376502916912015e-03,9.296100462367092379e-03,1.390332237868698896e-02,1.002728231151832523e-02,5.065138460739230901e-03,2.333615771690552079e-02,4.654705746422297535e-03,1.175027299119334005e-02,1.926526270946425992e-02,1.104206869820214230e-02,9.598189793728270636e-03,1.190064185043528990e-02,2.981854971469237881e-03,1.078493992692859584e-03,2.475165600715212907e-03,3.329081114901805312e-03,1.307503417763738844e-02,1.036037023454879254e-02,1.239072137104413850e-02,6.741063919442522381e-03,2.345002040235706978e-02,1.779227731789734257e-02,9.940051828387131555e-03,1.521180270883569280e-03,5.678197978222783437e-03,8.049030294962634599e-03,5.368860737767756214e-03,2.430166853776164013e-03,1.171621083598708632e-02,9.128996260148168965e-03,7.394407891654435593e-03,3.813592175232694871e-03,1.819144500750695392e-02,1.088183836889424112e-02,5.491470304511509790e-03,2.438218366373909318e-03,3.251268569939068463e-03,1.578737767114466242e-02,2.421767030224222014e-03,7.672945099952756601e-03,7.706128534697501142e-03,4.152483163323390618e-03,3.595704494146931621e-03,2.068979453437657864e-02,9.529470603759332414e-03,1.505684449784590838e-02,2.062276485384148539e-02,4.825946920145181632e-03,1.274576472727725722e-02,5.359137763187308418e-03,1.348485462997116822e-02,1.173783850358898389e-03,3.432555580667577284e-03,2.602489221344872049e-03,1.336481269497722182e-02,6.488307412111331621e-03,5.465702141778706197e-03,6.977653313835050289e-03,2.588250886338662026e-03,5.917569855185753937e-03,5.226826899895240311e-03,4.795232626538137310e-03,1.616155845228839372e-02,1.954837025103928899e-02,4.803187529584290738e-02,1.714279874891681474e-02,1.925194009136119155e-02,2.182904539540745856e-02,1.196790349108327496e-02,1.633961228059072762e-02,1.245313901764702642e-02,3.307062500863069271e-03,1.446343070600764752e-02,4.721459434814124709e-03,4.482951474852037675e-03,4.361407027048267576e-03,6.350159328197106830e-03,6.803683197845308318e-03,1.197123742248933087e-02,2.623930538530297452e-02,1.288261034364006526e-02,2.890610824858443409e-02,2.273351552875686049e-02,1.865676329335836173e-02,1.156165973558998840e-02,2.309126800594523202e-02,2.721963901065624879e-03,1.097793338747856187e-02,2.546762244494467017e-02,7.812333317576451545e-03,1.941841918832910852e-02,3.837134569448361759e-02,7.923180947980081740e-03,2.534072770533863511e-02,5.749727027251357904e-03,1.825947378548719788e-02,1.365027753643414596e-02,1.065123878420077413e-02,5.905821125258835756e-03,1.449869137158763498e-02,4.132449129936716613e-03,3.560658269715987357e-03,5.300388217598494406e-03,6.686735248596848910e-03,2.001014534054613644e-03,3.480251489415657918e-03,1.933411444055922355e-03,7.010849612657923079e-03,1.568569187732719470e-03,4.929559959326278162e-03,3.908504545888561929e-03
6.122984923343480906e-02,1.835356844203532914e-02,2.273214359038023408e-02,0.000000000000000000e+00,8.391411578514032521e-02,7.351232455505624097e-02,2.666685687158862686e-02,2.030627198538671394e-02,2.277787476907953967e-02,2.327441002864320818e-02,6.450928994893875487e-03,6.892093652056522669e-03,2.226698069231803929e-03,3.173642368288992488e-02,5.541304234221266362e-02,2.233749718661331291e-02,3.558698312246752482e-02,9.445989068962004631e-03,6.281280964277980577e-03,2.880722239186149676e-03,1.306238829025243263e-02,4.328328790689708362e-03,6.644010883414078542e-03,2.207623951909718722e-03,4.090593962531230074e-03,9.147361085729888153e-03,1.494648840767106267e-02,1.759253367223124684e-02,3.584541361201068737e-03,9.060548999465199704e-03,1.258928130441700627e-02,1.548237247798713197e-02,1.785722794205133303e-03,3.564579990432296952e-02,8.072927023491077714e-03,8.974584357078877611e-03,1.858076704086443834e-02,1.230174638038608950e-02,5.424375674400377066e-03,3.740272419797803505e-03,3.961766544808641155e-03,6.519298814322536245e-03,1.589084196452567391e-02,2.390026248616647191e-03,3.762054267724058987e-03,1.279418709232497432e-02,1.884017912769365066e-03,1.254086191481911319e-02,4.835620489870502345e-03,3.987241372594903591e-03,7.942537603807182586e-03,4.762473893956297583e-03,5.606641157042829143e-03,3.478113710341806768e-03,3.992272741786843590e-03,1.765399884037248315e-03,2.459423629345946095e-03,1.935858447733107904e-03,1.940182316271317226e-03,9.940882738824752957e-03,7.619859550898079419e-03,2.817759092304519472e-03,2.570792271607564260e-03,4.168577076383650840e-03,2.113740237199549735e-03,1.609638702066124895e-03,4.305607540197593612e-03,1.768366678629300489e-03,3.409125130274270801e-03,2.917818605090842423e-03,3.141853450932647132e-03,6.508925690974969556e-03,7.992803409695556707e-03,2.628290316484623804e-03,3.211372571654978660e-03,5.273464411626796293e-03,3.623715539668353851e-03,2.618820553906443284e-03,2.499856820745022246e-03,9.798892335307635842e-03,1.467754310071400781e-02,5.548459203731985652e-03,2.693656826632209039e-02,1.165480973498991303e-02,8.609572102930430904e-03,4.470547629332750905e-03,4.492342359024281521e-03,1.297461140696067744e-02,3.594980404915919595e-03,5.599360821736146417e-03,4.812609064801888492e-03,2.163126787335041892e-02,8.379959480857873677e-03,1.009975801418338745e-02,4.151647499414178044e-03,5.722279656513382974e-03,7.866379904241990045e-03,9.278095236401776719e-03,1.121464926176733191e-02,2.447613504341698571e-03,7.985575150415390178e-03,4.169392903749727028e-03,8.612120562078988406e-03,1.255940955285820377e-03,4.060891431909312635e-03,4.981393329286398254e-03,1.877740579091877237e-03,1.915176660024564548e-02,5.523485318756135055e-03,1.305186887367828022e-02,1.262924851363518390e-02,3.176563819717860299e-03,6.053201234580495027e-03,2.158885447526570633e-03,1.499483179845283220e-03,9.279282106524547671e-03,6.203052221202772810e-03,9.614024089273087714e-03,8.065066917527485488e-03,1.727099048116989555e-02,1.283239946967998889e-02,5.210361091696869874e-03,1.329763400334514276e-02,1.176119210391358624e-02,2.425592094988402933e-02,1.077489673698203872e-02,1.959968807999615259e-02,1.670209485778649527e-02,7.301973193442996661e-03,2.759401324386059114e-03,1.914276119387542385e-02,5.622570164094340024e-03,5.120042303994236030e-03,2.467596473893485069e-03,3.316590277326331940e-03,3.036770455625617798e-03,4.733572537438370843e-03,6.324425899638474666e-03,3.394907835961188686e-03
3.944959683046600496e-02,7.816077877279352729e-03,3.935256199135349353e-02,8.391411578514032521e-02,0.000000000000000000e+00,1.870429745506172609e-02,2.599825023591189124e-02,3.603213918580894931e-02,1.430500700135259838e-02,3.011139054135080970e-02,1.980069520522151089e-03,2.045082672035135676e-02,7.154653195999442772e-03,2.318447747780954041e-02,6.457400639705090928e-02,1.810298502993342232e-02,4.931219521260796906e-02,2.479551576598401641e-02,1.025584435517788717e-02,6.164134466625958292e-03,1.105622609387300372e-02,1.293219315400401248e-02,9.036618773308944391e-03,1.242914557449124879e-02,3.761916633203985470e-03,9.811351848966176278e-03,3.237095333588329866e-03,1.823633130985094844e-02,5.419097512576952561e-03,4.831691126686036598e-03,7.802035290362877538e-03,1.185988752522724836e-02,4.107191666602374482e-03,1.862995771490825667e-02,6.153574030293584678e-03,1.418608020946007537e-03,1.285290057886990037e-02,3.267140356122375921e-03,9.515619346879578347e-03,8.897147165701752014e-03,3.592314530925054452e-03,3.337190191070951023e-03,1.773957646899934973e-02,1.928126987045789562e-03,2.757721650044734924e-03,1.258545550114048952e-03,3.976169573326119103e-03,1.914220607181269657e-02,1.724323284994012939e-02,5.504301110644621575e-03,6.644241143603834068e-03,2.179258632002298909e-03,1.947496812527328789e-03,4.317126019362724221e-03,1.085329970076218814e-02,2.736772310555569271e-03,4.094241813807770504e-03,1.106866556686311558e-02,2.354049352102833420e-03,1.496002605458830173e-03,1.361760899750596825e-02,2.491068114904192859e-03,5.764059171403076824e-03,1.339581397567930678e-03,5.852702424275510983e-03,7.087092359194050936e-03,2.882720611950967404e-03,4.304272383507099821e-03,1.324432028286022002e-02,1.670488845250962025e-03,1.059201013809796948e-02,5.045703489071324578e-03,1.114729230601807335e-02,1.842879470056106583e-02,1.448097165076431443e-02,4.404990569011135206e-03,8.732726856915607599e-03,8.813625841566065378e-03,4.856493701755952748e-03,4.472451654189919801e-03,6.498337038842580925e-03,2.751127302068031091e-03,2.073312512573853919e-02,1.186744383938794813e-02,5.852491383172536699e-03,7.104447130580206216e-03,5.999698030377829082e-03,2.471038428010750593e-03,2.913354988072236820e-03,8.665784709779791525e-03,2.864325685509102638e-03,1.852829599715645828e-02,7.144207350961159948e-03,4.127912847701601697e-03,9.130378180297552687e-03,1.430778541029134425e-03,2.057847406130303234e-03,6.983661099058042533e-03,2.326088730763096763e-03,1.350345377178977478e-03,1.723111355562484881e-03,5.683513834604812624e-03,1.311614712766265983e-02,2.076505047747096398e-03,1.024487724563090223e-03,3.667301375987958197e-03,1.657729358023744912e-03,2.824926878444837183e-02,8.205730388480587598e-03,1.894845605491123769e-02,4.821168993141178478e-03,1.119989540563296870e-03,2.285120005464904430e-03,8.583892283663990819e-03,6.976327265698637620e-03,2.489575653810572903e-03,4.649613921088189585e-03,9.400887618732483783e-03,6.249122073272465536e-03,1.087809462653569793e-02,5.241112997745991757e-03,4.260857307329052671e-03,2.419758717010718832e-02,8.475649062295108338e-03,1.701820229801501855e-02,6.034212910932154096e-03,4.175057767863281886e-03,1.940396808042155544e-02,2.849148214568667653e-03,4.387185399732352296e-03,3.322307080056299735e-03,8.453986798597271351e-04,2.551147269636172468e-03,5.671949356653461886e-03,6.362285643783018724e-03,3.330203894983355985e-03,7.332336037649411428e-03,4.617952439292465940e-03,8.834200513659332035e-04
3.205319488792202076e-02,3.753970338620704096e-03,2.018312479346445754e-02,7.351232455505624097e-02,1.870429745506172609e-02,0.000000000000000000e+00,5.567535135870766566e-02,1.426957870195411440e-02,2.366066057660922914e-02,3.157446834130916286e-02,5.320920880779998752e-02,1.495596683510058353e-02,1.054905089672926281e-02,1.328397053085532409e-02,8.633265512948882364e-03,6.234807357608716273e-03,1.628413669464039495e-02,9.732896479428361156e-03,3.721624641950133875e-03,1.231791733556078603e-03,1.729937342512870985e-02,1.834915007326658881e-02,1.809135118454335486e-02,3.405312232819895230e-02,2.842364297394116626e-02,2.301461887411020407e-03,1.969274827910589068e-03,4.705470362391328543e-03,3.957822942978894351e-03,1.415694720230363524e-02,3.889192181876541688e-03,1.227519750637250801e-02,8.623386530422190790e-03,1.942924388459690149e-02,5.374617079875453410e-03,7.387528177580641141e-03,1.360930072050792715e-02,2.339256198953603219e-03,7.242076901157053562e-03,4.551223724912132999e-03,8.861871220496846807e-03,5.010428480285799777e-03,1.053017070477439351e-02,9.548054970888602416e-03,3.525876636116353872e-03,2.756848951775557957e-02,1.203931146768574476e-02,6.975150547138294146e-03,1.027888900585644709e-03,2.961778684605562498e-02,6.816251076211535080e-03,2.582761775665646554e-03,1.484022445203033282e-03,1.133762860043190275e-03,9.969294333155667188e-04,1.238127114770877371e-03,2.188873057295193363e-03,5.098736891401627839e-04,3.964422213113392816e-03,5.714996783990904279e-03,2.798011863967858615e-03,4.495024097038806919e-03,2.921984562399445023e-03,8.235496141292210706e-03,4.871612164777540561e-03,2.642930316992223635e-03,1.102569036090253647e-02,8.053635872836929430e-03,1.266403843078821485e-02,7.958691588377905801e-03,1.318463548287034971e-02,8.512040294327727352e-03,2.104792925147399782e-02,2.659857627249955642e-02,7.500498747124413959e-03,1.499193391253247562e-02,1.365295473394100706e-03,3.318542434853469919e-03,4.432056322421659006e-03,5.499291282793604407e-03,8.840951593786939428e-03,3.248799310035139186e-03,9.583755572990198049e-03,1.449085061588093783e-02,3.890705495882533765e-03,3.880332328034389808e-03,1.601160078528152640e-03,9.058124393596355892e-03,8.358224708133776479e-03,3.637791909799913386e-03,1.489259046937080506e-02,1.720487746226741135e-03,4.424122442466349968e-03,1.490919736461955494e-03,4.394318887759498214e-03,1.013270494223093322e-02,1.149612972973481891e-03,5.382377803620883201e-03,5.253821016123661966e-03,1.484404984440139234e-02,7.544087058380753892e-03,1.926234239391356670e-02,4.756427117578340105e-04,4.413154711172215597e-03,1.549929337346236686e-03,3.761916751070918264e-03,1.800873796302277646e-02,4.204514859000907379e-02,5.039196669924410343e-02,4.636513313768678146e-02,3.471955078426309810e-03,1.390484169065069400e-02,1.414420372283807861e-02,3.500982374288919702e-02,7.875657436812084217e-03,3.288472766315905446e-03,1.181007860531479992e-02,6.754741941526191951e-03,3.859375225446419304e-03,1.897191117371864726e-03,8.005744845031715143e-03,2.754449697586016169e-02,1.854829375627390503e-02,3.451119390860644953e-02,4.261006056122296909e-02,3.645323570626435999e-02,3.058061307174647289e-02,3.010685428090221355e-02,3.112590148884151336e-02,1.527575402920435498e-02,3.186563233792285427e-02,3.768369352619412027e-02,1.689067691658876699e-02,1.926386847070194613e-02,1.561461808105732429e-02,3.181368584043455655e-02,1.514733905481276122e-02,1.461316336061645876e-02,1.954882187806985042e-02
4.850031637202613030e-03,6.369301558343179806e-03,8.828900113402858921e-03,2.666685687158862686e-02,2.599825023591189124e-02,5.567535135870766566e-02,0.000000000000000000e+00,1.077638708560256682e-02,2.631111426636393094e-02,1.124712448439092738e-01,4.880723264531255240e-02,1.277136665278415933e-02,1.800873139431112893e-02,1.297286680288444773e-02,6.290682352559482174e-03,7.934573124435814404e-03,1.694398865260707439e-03,3.589326310830641496e-03,2.464000516101079799e-02,1.602226309563604262e-02,4.688050185661767066e-02,4.634216688926624111e-02,1.026702211958641954e-02,1.720149255884086820e-02,3.518144112238626858e-02,8.475433466108323044e-03,2.926345818759134611e-03,5.655179380432554144e-03,9.346605053867799995e-03,4.922185108771078010e-03,8.129123764746374117e-03,3.507135775171769422e-03,4.720475666711871493e-03,1.240580258747647942e-02,4.524352132106395849e-03,6.486370807333395432e-03,1.118962896932007220e-02,9.208373857926546377e-03,7.051849770540771604e-03,2.966211649842645254e-03,2.659024108101819880e-03,6.596561285513934461e-03,9.733159235595801456e-03,2.979079712776269359e-03,5.152362854625454347e-03,2.024769948567789815e-02,7.320142549921969041e-03,1.753742260330206845e-02,4.175725657934019688e-03,9.984795258179484170e-03,1.834279082850759097e-03,4.736479914071748884e-03,3.525905944310826008e-04,5.174501804710981631e-03,1.684780248996473051e-03,1.100968661531199957e-03,4.964789896374841374e-03,7.668538840400198568e-04,5.610527440187784362e-03,3.848757004300364278e-03,1.802183524522292090e-03,2.685259929676213353e-03,4.714178645212175646e-03,1.710455328673005093e-03,3.077699493964800633e-03,2.280323402706596701e-03,6.552195808368457483e-03,5.754030577500942288e-03,1.066092965462323711e-02,2.034284849195327344e-02,2.388818983609392738e-02,4.138961486138097688e-03,6.809333682909285423e-03,2.182044764783354351e-02,7.321214584563770153e-03,9.508762891529584996e-03,2.001200882199556316e-03,1.647147715734818482e-03,7.673038198455457010e-03,3.411367719101179429e-03,1.465546849536191777e-02,1.007205338104407268e-03,1.384484882460067928e-02,1.278700230584298332e-02,7.106403677320512896e-03,6.451706530557654862e-03,1.318710749392400412e-03,4.160795770845110951e-03,8.522946994668552378e-03,6.839778962249987507e-03,3.766887632041494242e-03,9.810414284175080976e-03,9.301233941227312133e-03,7.518479144682065594e-03,5.653113036570475355e-03,6.652086647718547831e-03,7.325968002369529462e-03,3.951903804112627712e-03,1.237523044211413445e-02,4.164678657662570019e-03,4.695323778214645881e-03,1.043687782232380172e-02,3.287381802599496222e-03,2.991924087336589756e-03,6.251735505351185829e-03,2.497780178087563585e-03,1.386994832466726009e-02,3.079108672886763168e-02,2.773111340062071883e-02,3.714095159997379825e-02,5.358344004526131334e-03,3.915374437426595057e-03,1.101389258973901365e-02,1.905946668723898160e-02,3.179628618130498057e-03,1.935183312138437101e-03,1.795481730692908119e-03,3.751948100141973448e-03,7.401461514400882805e-03,5.044741939698719167e-03,1.198192166848323012e-02,8.325398024970559821e-03,5.707650143023448863e-03,1.431366604932739553e-02,3.416022256529919338e-02,1.612679373578347619e-02,2.282419811929445319e-02,2.154870882081991179e-02,1.439039591624036857e-02,7.343455403861538430e-03,2.517843467656978237e-02,1.499581041360766899e-02,9.487274463838887839e-03,8.353312336116526862e-03,1.243931502207335123e-02,1.641286830779830480e-02,1.167483670222339842e-02,5.162273260513329000e-03,8.259215872226935082e-03
2.067858153902958282e-02,1.478837930242083570e-02,1.863712919234939910e-02,2.030627198538671394e-02,3.603213918580894931e-02,1.426957870195411440e-02,1.077638708560256682e-02,0.000000000000000000e+00,5.869557987316793846e-02,7.627837651624244653e-02,7.661458476600575829e-02,3.315549823702026999e-02,6.105151518662085830e-02,1.931034876577464310e-02,8.393515132714092150e-03,1.388907890036652180e-02,1.410291659245707652e-02,6.657054820980222096e-03,2.415270752215172359e-02,1.075904958857766894e-02,2.756962349486300617e-02,3.621656163347777152e-02,9.861811187772096324e-03,9.727992853808625773e-03,2.669610324726011050e-02,6.321686858165583706e-03,3.401324908620621725e-03,1.160053757648071317e-02,4.841862284943117441e-03,3.765581999203378941e-03,2.546522639859249634e-03,6.253453469812482284e-03,1.752360892100766204e-02,3.585527518501698419e-03,7.753953715652750663e-03,3.027251770984052109e-03,1.658239828530522555e-02,1.069682690152425758e-02,1.498323945017324479e-02,1.711187204493033048e-02,2.678140095524199522e-03,8.000353970289177108e-03,4.158318420533773860e-03,5.426785463512348237e-03,3.313226139248845372e-03,9.746592815410631480e-04,1.099920974762984846e-03,5.076358232692417850e-03,2.158029931086818867e-03,1.064804368330307845e-02,1.247026095094316139e-03,3.735991620394582199e-03,1.497816808702739748e-02,2.180347187099275323e-03,4.878212540643087416e-03,2.144292079597918000e-03,3.043328761382196965e-03,1.005810241763043823e-02,2.781364408615012631e-03,2.488590707746521705e-03,2.927473422783672535e-03,1.078526372116074940e-03,6.966617124490435790e-03,2.242456559748692152e-03,6.320070377709402498e-03,3.463282915932420006e-03,1.711834001397873756e-03,6.914721708555061387e-03,2.233701989171332780e-02,7.549442914494936333e-03,2.336653484307154791e-02,3.460984816434817170e-03,5.659899121456956825e-03,1.188689389204078059e-02,4.928557262991139359e-03,5.901144126705420122e-03,5.276670999447445609e-03,2.806228310769294000e-03,2.775147008736222193e-03,5.835696766830753002e-03,9.052603065723436454e-03,1.137071981190370838e-03,7.321798997436659330e-03,6.517026343729574733e-03,1.151754185165041562e-03,4.722591415769084901e-03,3.990895741842374368e-03,3.377317041766950481e-03,8.042100144971323084e-03,1.452434973349398971e-03,6.187869054320393157e-03,2.572139652293168027e-03,5.835102576204483429e-03,5.890080112465769348e-04,2.470577412667067894e-03,3.674235378979919583e-03,7.008282601067455150e-04,3.785938835819512103e-03,3.813795151598421349e-03,1.504763317189832450e-03,6.164891822405365630e-03,5.923000654375137723e-03,5.598525239312355335e-04,4.400625355506149715e-03,1.826375960106889481e-03,4.585673487389531691e-03,9.485298294566901116e-04,6.775953643539731411e-03,4.905871352173006052e-03,1.233767375045444897e-02,2.976187343170177101e-03,5.293301892040142530e-03,2.108998187679454392e-02,8.347238652415340382e-03,1.586646861167320677e-02,3.790133834126705424e-03,9.958149595458772041e-03,1.418116501085054000e-02,4.735193792104226349e-03,8.267573372057052117e-03,1.472890487647677236e-02,1.061816752305120952e-02,2.219470964052219861e-03,5.094585830557656937e-03,2.076233438808281970e-02,1.830669315783802625e-02,4.827339288803607700e-03,1.465370587803238762e-02,5.111124135403641300e-03,1.477306733605614902e-02,2.379374166082304665e-03,2.024143400080371125e-03,2.281477258811068134e-03,1.025286304635558872e-02,2.733399384714424452e-03,2.798864775786082375e-03,2.744618519435306284e-03,1.953741023773688038e-03,7.267672104721665128e-04
2.186715576694146096e-02,3.890696394025042887e-02,1.889441418304284651e-02,2.277787476907953967e-02,1.430500700135259838e-02,2.366066057660922914e-02,2.631111426636393094e-02,5.869557987316793846e-02,0.000000000000000000e+00,1.859360291445045221e-01,6.058604240278515213e-02,1.238002044121023909e-01,4.023129420499518133e-02,1.819650973913164091e-02,2.687541173991013846e-02,4.729655756841789904e-03,5.434820447989729443e-03,2.268236530311015884e-03,8.910188857444972105e-03,1.756477579231670869e-03,5.115490921546694304e-03,3.729589203298501032e-03,5.354442394996969216e-03,3.826769550013859808e-03,9.473302426565551396e-03,7.379723464205287416e-03,2.021145071351180753e-02,2.009141625797168738e-03,6.216494129947184449e-03,1.937381151424115086e-02,7.644975151007538973e-03,7.143057789079455822e-03,3.320737577088837822e-02,6.714021437315951385e-03,8.040452535699998265e-03,5.196162372043230254e-03,3.537075736687660815e-02,1.480367184605764670e-02,3.058980883510538373e-02,1.975067650117662277e-02,1.782228938791126718e-02,4.960000703908093271e-03,8.917508716434884714e-03,9.106849655951576236e-03,4.589768775439768966e-03,8.557430408908862918e-03,2.221052234327959216e-03,4.856529919960232179e-03,3.903207056871743543e-03,7.441174204647807433e-03,5.375366019633419368e-03,6.349354387501320723e-03,3.016214138932592562e-02,1.558935574608559180e-02,3.307295485164064158e-02,1.847753946067818079e-02,1.061682284542169938e-02,8.178940106420859099e-03,2.566048711213822237e-03,4.971123350083651339e-03,7.267380446706521533e-04,8.238879694992850763e-03,3.680243480194342765e-03,9.315958181610880032e-03,9.375922075181833057e-03,6.970139105730731657e-03,4.014226262042373122e-03,9.916718206976658182e-04,2.662802077798846756e-02,7.905810733782291100e-03,1.895974156878678374e-02,8.412712552519509670e-04,2.727750292144190489e-03,1.284522062235272455e-03,8.348530222890339705e-03,7.653467086920582446e-03,1.630163837024064741e-02,1.997824391984739847e-03,6.403576219082334972e-03,1.842089405007650126e-03,2.766276249008394004e-03,3.332045865075843917e-03,2.725133034830801246e-03,1.173117286531073387e-03,1.253869740783937351e-03,5.680625470564357356e-03,8.308414387894308764e-03,5.509121156085503533e-03,7.363403698940398749e-03,5.448566407860831219e-03,4.334436728062968959e-03,6.305276767257343012e-03,1.394758520960120377e-03,2.833211220836268085e-03,7.518438201460266555e-03,8.286280486389678568e-03,7.397987327971290716e-03,1.223640563087567907e-03,1.685539053878114431e-03,9.831024399489726728e-03,5.920699533124712532e-03,1.753775969857974916e-03,5.932409863812664226e-03,3.209253731500690118e-04,9.835068761140288579e-04,6.444497562754001804e-03,5.640036527546557835e-03,2.398183251187965088e-04,9.208431774806788818e-04,8.977810704663063491e-04,3.167047966384105209e-03,1.353608015948356592e-02,4.127155641754495438e-03,2.408573462874763482e-03,1.097609867105349413e-02,2.142234778488990091e-02,2.327920856073289330e-02,2.136673377169380494e-02,5.000774022941811142e-03,1.441250706411258652e-02,1.058139603821428576e-02,3.279922538275078809e-03,4.733790908981213956e-03,2.291950610955545767e-02,4.686763536069824682e-02,1.558512556252691049e-02,1.829872145946500467e-02,2.720644867488371949e-02,2.910159869681260870e-03,3.529652898024903448e-03,1.421398623468433714e-03,1.603879175440261606e-03,4.038151891504675010e-03,2.431947176567821837e-03,1.259265968791742872e-02,1.502933598545581938e-03,6.290502362033994696e-03,4.245355190906932759e-03,2.484444907325586774e-03
2.790322220785844496e-03,1.062490828176451858e-02,4.745492309095823182e-03,2.327441002864320818e-02,3.011139054135080970e-02,3.157446834130916286e-02,1.124712448439092738e-01,7.627837651624244653e-02,1.859360291445045221e-01,0.000000000000000000e+00,4.133526399258712763e-02,1.815324455869101947e-02,8.057049902672058783e-02,6.198508930505199944e-03,8.384495796680236160e-03,2.843014100278637435e-02,1.151791347563344697e-02,1.627327994809451076e-02,4.179340545579376086e-03,3.462502952337939959e-03,1.519155866733006878e-02,2.955933748162278656e-03,8.560350939799626566e-03,6.271160202585793642e-04,1.241329687131634274e-02,2.951031606813059663e-03,3.792008289360893677e-03,2.996988619035616079e-03,6.070924251918114085e-03,1.595173979086765732e-03,8.850547966996543878e-03,2.806246633227749837e-03,6.073886745413272469e-03,1.891520641796128055e-02,3.858072437861562697e-03,2.550453928430020199e-03,3.520230269257764583e-03,8.519589104897721740e-03,3.084470443512236232e-02,1.783703567625184033e-02,5.953343547611145495e-03,3.400587833169529950e-03,1.467690978368810413e-02,5.646380903196389529e-03,6.015836915642210590e-03,4.842512355735435238e-03,6.120682388856633210e-03,1.295438304496353103e-02,9.232767522942381903e-04,8.710878585414553663e-03,2.435708077279241136e-03,4.610071694337076857e-03,2.185255143168825936e-02,2.630331552429359537e-02,4.191372704866117710e-02,9.767569198355684559e-03,4.285362214651917794e-03,3.814641140442690589e-03,7.899983586664474991e-03,1.253922187506561906e-03,5.668798521854589989e-03,1.703531349275043665e-03,7.430626716088063050e-03,3.585979784302550846e-03,1.254433223014798145e-03,7.044340681243949770e-03,1.372849635116872927e-02,3.561287340088317103e-03,1.131737577198044589e-02,1.545875557549182761e-03,6.605730516114204955e-03,6.553045538185662232e-03,1.179371073960988094e-02,3.315417913475315979e-03,1.020513353312074711e-03,2.330065890620395229e-03,2.247110761721490824e-02,2.706847683480870497e-03,1.429793178994320964e-02,1.647611357862394446e-03,3.005267732586335613e-03,2.698171875379621297e-03,9.540325858810164150e-03,4.939434122638964664e-04,1.902332975055252536e-03,2.376079383194659288e-03,1.198255475158280627e-03,8.061047735680965803e-03,7.074395698552461351e-03,3.074146094379633706e-03,1.354888175115183911e-03,4.753894412961771378e-03,7.857186865614341001e-03,1.182763524093864184e-02,3.679612589307597152e-03,2.544670135018142678e-03,2.242665480226711111e-02,6.441914229657861278e-03,6.793032322806047581e-03,1.077636017272045645e-02,2.496198393761747680e-02,2.334616331195982393e-03,1.288407602469025803e-02,1.182158036711018550e-03,3.402983081051719205e-03,3.955173557779740993e-03,4.857196723340869229e-03,1.982184820583098115e-03,2.567969156969197864e-03,5.063989745032898299e-04,2.771850744646750259e-03,6.861911541141652374e-03,1.165147576174204759e-02,5.785471714500457427e-03,8.409290878965591104e-03,3.373975743858161676e-03,1.764435320828586576e-02,4.977250875226083785e-04,7.162582332001985602e-03,9.053297333719449724e-03,1.633579566611323766e-02,6.533501139795212451e-03,2.336013550449143536e-02,8.854270441088555460e-03,6.101749756866174830e-03,1.720565513466346466e-02,5.428339167937213522e-03,6.202930903944679254e-03,2.912847932000822964e-03,3.078063679042971831e-03,4.092284850005933547e-03,2.527598421280549765e-03,3.740507529276448310e-03,2.618670912665102372e-03,4.946452607409432267e-03,2.045131322680244449e-03,5.311806338850896207e-04,2.456440343078953106e-03,1.461444548582962804e-03
5.555744682583162349e-03,6.095462721651003120e-03,1.595771598693551717e-03,6.450928994893875487e-03,1.980069520522151089e-03,5.320920880779998752e-02,4.880723264531255240e-02,7.661458476600575829e-02,6.058604240278515213e-02,4.133526399258712763e-02,0.000000000000000000e+00,9.044984057216427786e-02,7.719255775321241797e-02,9.824745484285806948e-03,7.363142584536856022e-03,2.394416406256223359e-02,9.303710671697835999e-03,1.115735932938039833e-03,7.384908125309023498e-03,4.613460947365913799e-03,2.174403212645061381e-03,1.077940684330543596e-02,8.418751951494048841e-03,6.616417583618751722e-04,6.967565481451610566e-03,5.603673327966276520e-03,3.939077904321268073e-03,8.805116211114421068e-03,6.097205881693905892e-03,4.717249958230431924e-04,7.951268790648927456e-03,1.799296382548162820e-02,7.248264530763399299e-04,2.552747435407494783e-02,9.780426092781600161e-03,1.247413574537828765e-02,1.230020245888730672e-03,2.197285988237846974e-02,3.274598091315694681e-02,3.018144552018000790e-02,4.226247649183669311e-03,3.339786486433279477e-03,9.986560441983578437e-03,6.175645924712177930e-03,5.583420845217311468e-03,5.103016410837589792e-03,1.267896433691793542e-03,3.717124606894423641e-03,1.480069613435555046e-03,5.876026912077308983e-03,8.419324477577002849e-03,6.229434402351284074e-03,2.062295779084284339e-02,2.008176264348892834e-02,2.326163565748755324e-02,1.599258748204582942e-02,9.741294550145507877e-04,7.559910440091834917e-03,1.009637375343987089e-03,5.278628191847728295e-03,9.887548597753803396e-04,2.039676311584933018e-03,6.397396656551721482e-03,5.799649080102972469e-03,1.652454968596181158e-03,3.732141658389461023e-03,3.736374808854323569e-03,3.715095923502530813e-03,4.243991858658796752e-03,5.722953779740280397e-03,3.467908159873230121e-03,5.570409947794418594e-03,3.207385528757153610e-03,7.144262280855340902e-03,7.696275595068947928e-03,1.064075376735858572e-02,1.833892043071322364e-02,4.723166337189007614e-03,8.372491813700894125e-03,7.431095209075892424e-03,2.437951593837917909e-03,8.496705245941529091e-04,3.517200275304388501e-03,1.555977650999249571e-03,2.221894530610812966e-03,5.834888172865968815e-03,1.551504558580070426e-03,4.949605730921304535e-03,4.960820165970819019e-03,1.292909164361051751e-03,2.681716314198631743e-03,4.937895304398005371e-03,2.464709201558754319e-03,9.143462339529398290e-04,2.646920107274852284e-03,3.450372643471694058e-03,3.121367484427659770e-03,1.066263638543333246e-03,2.329004484878999335e-03,1.004840807245641066e-02,1.235214474484150858e-02,2.903624178839755120e-03,2.883207641492874923e-03,2.042792963937553781e-03,1.979096279052103540e-03,1.521442882031496732e-02,4.648791524857405141e-03,2.635408443674505229e-03,1.563767240974619143e-03,1.033088055680425480e-03,5.677986176439124046e-03,1.643111768333092295e-03,1.600762092773865995e-03,1.609890825852835876e-03,2.503036666947306907e-02,6.815461177746528522e-03,7.078299197136049548e-02,2.234985363058252308e-02,7.729307416024350751e-03,4.330171735158252350e-02,1.042120049115339946e-03,6.382481419188984484e-03,8.367072813866056500e-04,5.155813399560463250e-03,5.364676482841952698e-03,2.730756084103641134e-03,1.292120282258534675e-02,4.302732532021793892e-03,1.032199416494503259e-02,5.051872620536950820e-04,3.574528695080769411e-03,1.579957251863418552e-02,1.904043065022580647e-03,2.779643482604402666e-03,1.864853423485540555e-03,3.534475584072735953e-03,3.262400159393544306e-03,8.330118622197842798e-03,1.377227359230831895e-03
