1.000000000000000000e+00,4.067581190550388914e-01,5.019785106331832170e-01,4.155690032268450351e-01,3.710072131134788953e-01,3.648069159532327244e-01,3.802648064839379005e-01,2.559111884221587085e-01,3.346116179732425699e-01,2.108098018858490796e-01,3.491624651336739937e-01,1.294538384352339200e-01,-7.200498739250840718e-02,-2.565405535866084330e-01,-2.369472039718707734e-01,-1.899782956407787826e-01,-2.692446999533525398e-01,-3.218928380277707446e-01,-1.575651036149886830e-01,-3.772496276346498090e-01,-5.553216833294809945e-02,-3.372608028570177607e-01,-9.960398284624184806e-02,-3.687578104297457859e-02,-3.328965627980853270e-01,-9.361165325646209068e-02,-2.726563427363545844e-01,-1.281820571853788115e-01,-1.658409223868904936e-01,-1.802662711955692887e-01,-5.129493309673555101e-02,-1.713252975842891601e-01,-2.978058637025273250e-02,-8.029504571938135549e-02,3.264465062816927082e-02,3.896660478950896705e-02,-2.020404631233204198e-02,-1.532074096503240335e-01,-7.541530590381470556e-02,-2.354938306662552813e-02,-1.392392394593761629e-01,-7.819441046860900468e-02,-5.043401439454833074e-02,-3.876334778535634601e-02,4.773899686297806283e-02,1.933644761661881817e-02,1.713362222039884961e-02,8.276590001760440740e-02,2.061451587737516897e-02,4.553709844631686175e-03,2.131443780224589676e-02,2.789021140781222652e-02,-4.368855845658428314e-03,-1.074200581099621354e-02,-4.245834395779332637e-02,-1.753096081802566972e-02,1.474402731541126117e-02,1.175364485242539302e-02,4.192982714368114622e-02,-7.278975148540198226e-02,-6.577436155638610726e-02,5.433867011633312927e-02,6.843757866843776239e-02,2.296734244888642140e-01,2.649342042069516290e-01,1.115222508065775303e-01,3.094164474771022300e-01,2.045418353403840872e-01,3.354504055375335803e-01,2.675072169466783945e-01,3.382347241197811161e-01
4.067581190550388914e-01,1.000000000000000000e+00,3.681673678622909285e-01,4.372835139746698574e-01,3.827105914168966727e-01,2.210222284689939976e-01,3.202951325435143271e-01,6.018130865054911044e-02,2.094996234649800781e-01,9.444715356023784814e-02,1.842604220227553324e-01,1.073172090202681311e-01,5.605840829800004532e-02,-1.474395329726405079e-01,-3.073108258995430400e-02,-1.449736669428567659e-01,-2.361762515558914477e-01,-1.946755840302413498e-01,-2.770730783597922797e-01,-2.951924422397376735e-01,-1.941766996289806535e-01,-3.084743571846885191e-01,-4.481935246723967904e-03,-1.260118108883229449e-01,-2.597039684126797310e-01,-7.610951100216099829e-02,-2.144539521247358360e-01,1.917327907354509590e-03,-8.573397333191817848e-02,-6.568537564029830467e-02,3.995577778483373060e-02,-1.132991867564822064e-01,6.021807408088050706e-02,-5.353005857371944537e-02,1.025044188510407517e-01,6.094783611872760243e-02,-3.800789881326998437e-02,-1.398652857045682985e-01,-1.009232406631802303e-01,-7.432842150261688430e-02,-1.820954981147036300e-01,-5.599318664344496432e-02,-7.970642349067633137e-02,-5.727707140692447213e-02,-3.421160784365364499e-02,-5.568624378690107540e-02,-8.360606373840730188e-02,1.176596154824721512e-02,9.489637959818715551e-02,-3.354245752076517179e-02,-1.118233348379751996e-01,3.649793340523208723e-02,3.240673508112086598e-02,-7.009721036090799107e-02,3.847792273531988345e-03,-5.756164379536590076e-02,3.447022035698508319e-02,-1.272076813139155597e-02,5.545801650346426220e-02,1.609933794409337468e-02,1.956751413429334840e-02,5.634244693382208652e-02,1.062249367427182539e-01,1.606022023182016312e-01,2.664244996971438240e-01,1.487277529549345112e-01,1.787151420944541047e-01,2.608339561506136106e-01,2.822218458261403495e-01,2.286733122022041875e-01,2.951383478540197669e-01
5.019785106331832170e-01,3.681673678622909285e-01,1.000000000000000000e+00,4.258726231068462043e-01,6.246485899732980851e-01,3.597871620925712777e-01,5.126813343575935544e-01,2.928169060493766018e-01,4.026286067523662249e-01,3.123019578622003301e-01,4.309941790551243268e-01,3.366089433827529342e-01,1.107142829009887947e-01,-2.481670515799322962e-01,-2.652604939935530037e-01,-3.785115073753581583e-01,-2.785523045931947439e-01,-4.794116316911146702e-01,-2.816465275376364152e-01,-5.175231836332336854e-01,-3.274813673452603990e-01,-5.521244806940903693e-01,-3.038199072250614141e-01,-2.839451661885986078e-01,-4.869862466411589708e-01,-3.406170632137599519e-01,-4.093375058297162306e-01,-2.275031332954537133e-01,-3.202947355053159528e-01,-1.361088556335393329e-01,-1.277634170794558766e-01,-2.508131607509039851e-01,-3.730541843040072886e-02,-9.749641082058965735e-02,7.275540204917661791e-02,8.349396280462953457e-02,-4.968399182021512178e-02,-9.948337990539168896e-02,-3.268392829597172033e-02,-6.044243077830960958e-02,-1.350640009271320829e-01,-8.044911800867096674e-02,-3.306812648756691370e-02,-2.843228540036171759e-02,1.045978151339568285e-01,5.395117140246560167e-02,3.405883786727906953e-02,1.424138438975124099e-01,4.699654824994750624e-02,-2.289400790492002180e-02,-1.521408735923729209e-02,6.410918815135518978e-02,-7.381188962919486667e-03,-1.725230746385456732e-02,-5.821223670167708503e-02,-5.211384794229018819e-02,-1.314308904766106796e-03,3.677637274352599933e-02,1.698188601759922575e-02,-1.024378006916386447e-01,-7.848072901525054990e-02,5.725184817864713283e-02,5.673505244374305034e-02,1.714424510445310967e-01,2.899974575237077024e-01,3.165566240898675110e-01,4.111532290420937819e-01,3.132503780712345698e-01,4.838979342808454320e-01,1.905405003887835069e-01,4.075977811805452378e-01
4.155690032268450351e-01,4.372835139746698574e-01,4.258726231068462043e-01,1.000000000000000000e+00,4.864745389024994204e-01,4.568500043254505871e-01,5.017473325286456731e-01,5.197660770096960980e-02,4.260589400849046360e-01,7.085707954109408957e-02,3.620181763195142732e-01,9.588104537519043236e-02,-1.992464352696492885e-02,-3.445812193881533925e-01,-5.958100359177060518e-02,-1.588777646586139736e-01,-4.627763280517991906e-01,-2.691332076155637520e-01,-4.469468841575933160e-01,-4.279429837607744980e-01,-2.071604904341213527e-01,-4.255903327738740360e-01,2.171520018803075880e-01,-6.059584910856395668e-02,-2.973743328849664525e-01,2.162436152088740779e-02,-2.624467716836884623e-01,1.116090128025279127e-01,-2.674368595490402706e-02,3.159451269304264925e-02,1.455709524979360292e-01,-4.080132784438657290e-02,1.412573524876929720e-01,1.974973096817621288e-02,1.053945660344856178e-01,-1.806965889076628251e-02,-9.394821973932905579e-02,-7.530601353038363088e-02,-9.052444017968779011e-02,-5.013379593168811044e-02,-1.424907572618964446e-01,-9.828285399759052743e-02,-9.200697299788922201e-02,-1.007657900735081241e-01,-9.173477681004227335e-02,-2.294720322951352906e-02,-1.416944156092547202e-01,-5.116955877758699173e-02,1.254014201155259980e-02,-9.437000306391161997e-02,-1.119483407315064183e-01,-4.478888583958320901e-02,-5.936943062844541458e-02,-7.218462573630314572e-02,-3.933828167308948270e-02,-8.315904127696079062e-02,-2.862702698462277554e-02,-4.762871042059482057e-02,1.651380237509075116e-02,-2.321313009426210702e-02,-6.911714302950923428e-02,7.489336771010844662e-02,1.327259292081077457e-01,1.861695126078037332e-01,3.375053781181224233e-01,1.906235612395114076e-01,1.790937758866398000e-01,3.989530903139476559e-01,2.946549264314155536e-01,3.881028374319276386e-01,3.684029304651240677e-01
3.710072131134788953e-01,3.827105914168966727e-01,6.246485899732980851e-01,4.864745389024994204e-01,1.000000000000000000e+00,3.510620016073255356e-01,6.146804158829530795e-01,2.738529525579379564e-01,4.429065886684785402e-01,3.527857117274044163e-01,4.221425726838493597e-01,3.543710797763239273e-01,1.520051373567480046e-01,-3.053212701297716158e-01,-2.283201417878715223e-01,-4.165991494420450691e-01,-3.768534187090201715e-01,-5.073280103169336419e-01,-4.556148714343068451e-01,-6.022377962513638661e-01,-4.228150753669755457e-01,-5.718571347111059966e-01,-2.332618731683439028e-01,-2.904694389096191265e-01,-4.330265611339564336e-01,-2.987700681290513804e-01,-3.777837865042524279e-01,-1.510161033676453712e-01,-2.535990868313490187e-01,-5.392448216181477266e-02,-6.320808161595284358e-02,-1.606327497417592010e-01,-1.081939118473406770e-02,-1.131567980456082562e-01,8.770631005730372687e-02,6.882183862106068528e-02,-4.739946234848617379e-02,-7.258408294513060688e-02,-2.089220070203413188e-02,-6.715477900773371422e-02,-1.134894283204336551e-01,-7.819824952973573884e-02,-4.960890561327215703e-02,-3.965097804025633638e-02,5.659703304983580013e-02,4.705458352612622991e-02,-4.308089459605674021e-03,9.750889829189963998e-02,1.541913128245090900e-02,-3.526965663840975901e-02,-3.545548477630204587e-02,3.546921942071456363e-02,-1.302993302784929801e-02,-3.381679905537240960e-02,-5.393591201111216232e-02,-6.599848848394490597e-02,1.313049986310463801e-03,8.104939838703632826e-03,1.507938602367954808e-02,-5.369690943454654558e-02,-6.064073190353150289e-02,3.888384627238761215e-02,4.749514141843343140e-02,1.143259432894688232e-01,2.648928137951075401e-01,3.258661299649973087e-01,3.345802397555245888e-01,3.436564094794262170e-01,4.729839758766297697e-01,1.713928411182875367e-01,3.698428454356573192e-01
3.648069159532327244e-01,2.210222284689939976e-01,3.597871620925712777e-01,4.568500043254505871e-01,3.510620016073255356e-01,1.000000000000000000e+00,4.739857307493202665e-01,4.071661778017721112e-01,5.866697596171788209e-01,1.739125995964217186e-01,5.492822374417969389e-01,-1.828388416180404610e-02,-3.711407352828129391e-01,-4.202320851902261456e-01,-3.528174927654567083e-01,-1.164562717066830733e-01,-4.254068188181919785e-01,-3.781787037494041548e-01,-1.645381618782413846e-01,-4.271665676694771374e-01,1.820156153463304005e-01,-2.165385506301114871e-01,1.123404965844012060e-01,2.379334783569354017e-01,-2.527503379358882474e-01,1.299309465500300131e-01,-1.520085788579501607e-01,-4.803596637340783182e-02,1.152421254251954387e-02,-1.158548811682784951e-01,7.591679961658777398e-02,-3.769455408473372515e-02,6.924335634715930721e-02,-5.582132191096866869e-02,-3.342135500260720420e-03,-4.444101310793981130e-02,-1.309417522115176868e-01,-2.030832199961138396e-01,-1.434266988804293319e-01,-9.842086420383848455e-02,-1.782683609506716116e-01,-1.495441569213826205e-01,-1.201976722057576663e-01,-8.640564931107598545e-02,-5.098138309548644331e-02,-7.816720495268042815e-03,-6.256718480192731413e-02,1.333311197586746141e-02,-1.948714617618368256e-02,-5.397672449398088030e-04,-1.210979060907454302e-02,-1.964952886797186743e-02,-1.085246876783884686e-02,-1.555325890832952827e-02,6.752509775796536676e-03,-1.847267706227403365e-04,-2.244230281907328480e-03,-1.205601741754342912e-02,5.484983187641379043e-02,-5.302011157885554160e-02,-1.087574084413146375e-01,6.588297162650293137e-02,8.614234405481360768e-02,2.984277260930085496e-01,2.545722304336739406e-01,-4.139031337271623090e-02,2.087485901333247240e-01,1.241360335909252044e-01,2.053592667301850083e-01,3.671017793155271214e-01,2.784404125742671043e-01
3.802648064839379005e-01,3.202951325435143271e-01,5.126813343575935544e-01,5.017473325286456731e-01,6.146804158829530795e-01,4.739857307493202665e-01,1.000000000000000000e+00,3.670803105414425782e-01,6.604556516053707860e-01,4.420830566292840991e-01,5.110714266634810432e-01,1.756306054150713336e-01,-5.060022306584379542e-02,-4.937400990462313399e-01,-3.787065336720725761e-01,-3.741514898385637222e-01,-5.252820750877196243e-01,-5.793488288498067629e-01,-4.053346552077155551e-01,-5.978538321012488721e-01,-2.605740566413731196e-01,-5.243197577260316766e-01,-1.463188098096668832e-01,-1.525392486501604417e-01,-3.958872226906084979e-01,-1.714021012815898914e-01,-3.216041735887279485e-01,-1.194716255838347424e-01,-1.739120768447657839e-01,-1.176408523666870320e-01,-2.955779515120797798e-02,-1.612459986449884530e-01,-1.524417114313056723e-02,-1.170066667193285087e-01,3.277087097368599350e-02,7.141812166871139289e-03,-1.347203081214703724e-01,-1.533648066106747254e-01,-9.106848152959670650e-02,-1.195270322680197506e-01,-1.390669232787397069e-01,-1.240717784395897194e-01,-9.855508371554994040e-02,-3.442978829849427380e-02,2.382642615159012711e-02,4.324856699524948223e-02,-4.900441790390959451e-03,4.893825516936746445e-02,-1.938868568146346130e-02,-3.210397377355744819e-02,-4.622551619357825881e-02,-2.452447118682101954e-02,-7.585810442818859134e-02,-4.600645177625706933e-02,-4.338950126254612766e-02,-6.870105635076934059e-02,-1.976355026226372588e-02,3.417613399614403968e-03,4.157900260019976174e-02,-8.305155017677277873e-02,-6.736324088740737459e-02,9.515246374935368290e-02,7.912227656642378815e-02,2.075524012994471035e-01,3.057765186595886586e-01,2.276663015745537255e-01,2.993739147319000038e-01,3.331739142655709141e-01,4.207167663984108241e-01,2.601882331547785143e-01,3.830629533652825103e-01
2.559111884221587085e-01,6.018130865054911044e-02,2.928169060493766018e-01,5.197660770096960980e-02,2.738529525579379564e-01,4.071661778017721112e-01,3.670803105414425782e-01,1.000000000000000000e+00,4.770112510395602690e-01,5.660731181446446714e-01,5.399572568734747335e-01,1.115851357226285145e-01,-3.082876957030580845e-01,-4.088039592690296264e-01,-6.628327417599009230e-01,-3.578670377993700136e-01,-3.063890970626457211e-01,-5.969542789828983231e-01,-2.163824750985588255e-02,-4.161132515309078905e-01,6.591055387103746110e-02,-2.210236242505117521e-01,-2.888945372495027586e-01,8.487017144259913215e-02,-2.195493754222970495e-01,-8.604120196711415036e-02,-1.484915389085142701e-01,-2.614620838671952163e-01,-1.342993559712354901e-01,-1.834511768601149173e-01,-1.478662362438827593e-01,-1.050143203538087266e-01,-1.292111797926842054e-01,-1.885260472481766481e-01,-7.034739822806339304e-02,-1.726476841592322273e-02,-8.374070177220717393e-02,-1.911067317041292846e-01,-7.968788362100114042e-02,-7.160684392925764641e-02,-8.827711127007047132e-02,-9.439981028748969938e-02,-3.611189006369491111e-02,-2.544519509009930333e-02,7.549565953310663491e-02,3.592228797788862144e-02,4.608494333182586861e-02,1.088918266300141630e-01,-3.434524372366270367e-02,3.025440988400320691e-02,4.639133312535403258e-02,1.218734710648725073e-02,3.064419284947026562e-03,3.432386172605608743e-02,1.438777611631406571e-02,1.924473009982828262e-02,2.668647565924240142e-02,5.987159890025613163e-02,6.812150010918334442e-02,-4.838535337663582570e-02,-1.320849290171770829e-01,4.161822890656928509e-02,-1.708891436888657425e-02,1.808159552151765159e-01,8.125817335728580115e-02,-1.894811565006148182e-02,2.344484688589529853e-01,-6.887634474858378431e-02,2.116283060555613216e-01,9.502855148820492370e-02,1.334116739934544105e-01
3.346116179732425699e-01,2.094996234649800781e-01,4.026286067523662249e-01,4.260589400849046360e-01,4.429065886684785402e-01,5.866697596171788209e-01,6.604556516053707860e-01,4.770112510395602690e-01,1.000000000000000000e+00,3.697691656686565853e-01,6.290853749692132402e-01,4.783012850102093955e-02,-2.878453158057574512e-01,-5.834960652674799908e-01,-5.257063344205609168e-01,-3.080666144179554644e-01,-5.428864086963389735e-01,-5.368006262337816636e-01,-2.545464659749221425e-01,-5.087729569065506663e-01,-2.958906096096827060e-02,-3.472393917474104197e-01,-4.274979528433276582e-02,6.823165175114823122e-02,-2.705076726478938265e-01,7.440482086545012474e-03,-1.868479514370106065e-01,-7.771215476018408785e-02,-4.247154102904380363e-02,-9.011097172665585853e-02,2.132368409935637282e-02,-7.868932699788708240e-02,-3.261917552236903370e-03,-1.197072341109138849e-01,-2.820350431677718164e-02,-7.636282055857847306e-02,-1.525354169330325749e-01,-1.910837404862085198e-01,-1.312789195246279739e-01,-1.098211664859796849e-01,-1.674321541251034551e-01,-1.528426490270295701e-01,-9.985013582922022679e-02,-5.403162927820032158e-02,-1.243066692836516419e-02,1.766934751032078060e-02,-3.216919829806547809e-02,3.128106023760898746e-02,-2.922222818920512666e-02,-4.038388526456519051e-02,-3.463391033923991086e-02,-2.682181142621491154e-02,-5.836343856730419333e-02,-6.207722151245778641e-02,-2.322302618321545054e-02,-2.293269452249265331e-02,-3.075565788550136542e-02,-2.037757956598703485e-02,3.006888892758055945e-02,-8.833363554655607186e-02,-1.200007459710740604e-01,9.762522578430166131e-02,6.741507429420914854e-02,2.488391627046821208e-01,2.452893054268746043e-01,6.122567751863884633e-02,2.183527855238330539e-01,1.803757230124614086e-01,2.823582823380836326e-01,2.854510220240774054e-01,2.805191965468675219e-01
2.108098018858490796e-01,9.444715356023784814e-02,3.123019578622003301e-01,7.085707954109408957e-02,3.527857117274044163e-01,1.739125995964217186e-01,4.420830566292840991e-01,5.660731181446446714e-01,3.697691656686565853e-01,1.000000000000000000e+00,3.457490012566439286e-01,2.133023123006946853e-01,-7.088135041616709653e-02,-4.921824999705669557e-01,-6.030936750969533300e-01,-5.045709177522967881e-01,-3.832739835648675819e-01,-5.744666658885234645e-01,-1.855039792351441674e-01,-4.431134132227934064e-01,-1.788195573729358945e-01,-3.583084261307104557e-01,-3.739273588766637846e-01,-1.369615107295943102e-01,-2.369163010892233467e-01,-2.255421247462768286e-01,-1.992910726356379725e-01,-2.426835216205214529e-01,-2.116760642926057145e-01,-1.579872149073169307e-01,-1.920175980545460737e-01,-1.316770251387100743e-01,-1.901599810774005639e-01,-1.839451699524261574e-01,-2.844899846638137414e-02,2.761032315577017712e-02,-3.768818186131903808e-02,-1.195990264425311755e-01,-1.596246648195311785e-02,-3.138193877826866984e-02,-3.366807529980368058e-02,-3.489090140296848691e-02,-9.813562688004562676e-03,3.600388403360361977e-02,1.281757170684197367e-01,6.627596007123248700e-02,7.624298018557035261e-02,1.377702652878666223e-01,-1.085993843107412905e-02,3.002129986913973803e-04,3.319044517781457454e-02,1.269759770733682033e-03,-6.137019829803454923e-02,-9.953827851631432203e-03,-1.806530879686869123e-02,-2.609065812146347044e-02,2.704255560911656558e-02,3.868398415212487979e-02,6.880262289599502201e-02,-4.925834654748471875e-02,-6.347131137472536433e-02,6.989412610032490203e-02,-1.490922116470707465e-02,1.113799022871130445e-01,1.034172722150515367e-01,1.535408818055286895e-01,2.665156145796586662e-01,6.483514963612721504e-02,3.064066860307159690e-01,3.205250444203658344e-02,1.945126711031025246e-01
3.491624651336739937e-01,1.842604220227553324e-01,4.309941790551243268e-01,3.620181763195142732e-01,4.221425726838493597e-01,5.492822374417969389e-01,5.110714266634810432e-01,5.399572568734747335e-01,6.290853749692132402e-01,3.457490012566439286e-01,1.000000000000000000e+00,2.430374561107117304e-01,-2.755218326285114316e-01,-4.698626493066626053e-01,-5.507332401046337589e-01,-4.427462967660801274e-01,-4.251334403705718801e-01,-5.877563583762986932e-01,-2.467820244987725953e-01,-4.824284065224666018e-01,-3.587375778441926483e-02,-3.331581475410336779e-01,-8.819319906050460123e-02,1.795298373989535901e-02,-3.202588396789058933e-01,-9.238477217468335501e-02,-2.581009577386522147e-01,-1.760127833031001898e-01,-1.424919066996884753e-01,-1.284136505158613162e-01,-5.319946717332311309e-02,-1.237621552660343599e-01,-2.107119030791690037e-02,-1.225916881424607141e-01,-2.820523844179269324e-02,1.017382609162400565e-02,-7.914597978716834958e-02,-1.695603373620198639e-01,-8.467011325756337858e-02,-6.654073850289882186e-02,-1.441625171262889138e-01,-1.142138007999393828e-01,-9.833905066181462817e-02,-4.480679046264036264e-02,1.512466876004067880e-02,4.055420599749715027e-02,-1.689312332696641392e-03,6.718467612846422410e-02,-1.664246903992907048e-02,-1.102208833726157217e-02,-8.927568260743720761e-04,1.212485636544470211e-02,-2.177959897040571829e-02,-3.697854408472488197e-02,-2.936058849012640817e-02,-2.474842601906118364e-02,2.592365091043827979e-03,2.461147038302974668e-02,2.710078578655184672e-02,-6.664162799466454012e-02,-8.381564211253395014e-02,3.461477281981845122e-02,3.265796005007073899e-02,2.009414665241270326e-01,1.984814708538587547e-01,7.870026259497178711e-02,2.570158587202791001e-01,1.303941429899558024e-01,2.716929491573107369e-01,2.286880719980388388e-01,2.451197953766209026e-01
1.294538384352339200e-01,1.073172090202681311e-01,3.366089433827529342e-01,9.588104537519043236e-02,3.543710797763239273e-01,-1.828388416180404610e-02,1.756306054150713336e-01,1.115851357226285145e-01,4.783012850102093955e-02,2.133023123006946853e-01,2.430374561107117304e-01,1.000000000000000000e+00,4.188569090647206172e-01,-1.299360513637445591e-01,-1.841369631671803675e-01,-6.565270016865157876e-01,-1.171760204170699676e-01,-3.913521303752832137e-01,-3.064404632682993790e-01,-2.638387145742647211e-01,-3.611205564940296875e-01,-3.178548475566012055e-01,-2.440036692807262264e-01,-3.508381477553150773e-01,-3.124447664031047012e-01,-3.809621123308929436e-01,-3.338337892821940378e-01,-2.435633396186376032e-01,-3.207813625378407307e-01,-3.800059410796062520e-02,-1.558995058795015209e-01,-1.416837836275077200e-01,-6.473077535030265228e-02,-5.820768062914496999e-02,5.200327802051183529e-02,1.292852129854317744e-01,3.716678737022595380e-02,3.339500832753956872e-02,6.652189295986846163e-02,6.275121420705230026e-03,4.878052611145118796e-03,1.118536110441713553e-03,5.119871658275479409e-02,3.829752541685431388e-02,1.254353668833995405e-01,9.055356964832642075e-02,5.443928555866053148e-02,1.525261773911678609e-01,4.387519546650269636e-02,1.671460167403936853e-02,6.867314120209824790e-02,1.129819468717509351e-01,1.817825232506289912e-02,1.959270260501618996e-02,-1.675110304232388728e-02,-3.308630115542104955e-02,1.037464985879722051e-02,4.342172201455029440e-02,4.300345753452479783e-03,-9.816970793485254448e-03,3.775781207457718641e-02,-2.133088659184120481e-02,1.995792177055005778e-03,6.556111309631618839e-03,1.005072849212502312e-01,3.162981495425609690e-01,2.733774433422144212e-01,1.726346694404441162e-01,2.925671324279076058e-01,-2.404198099089749352e-02,1.801021010996234906e-01
-7.200498739250840718e-02,5.605840829800004532e-02,1.107142829009887947e-01,-1.992464352696492885e-02,1.520051373567480046e-01,-3.711407352828129391e-01,-5.060022306584379542e-02,-3.082876957030580845e-01,-2.878453158057574512e-01,-7.088135041616709653e-02,-2.755218326285114316e-01,4.188569090647206172e-01,1.000000000000000000e+00,9.878420251665656626e-02,2.947440871203946267e-01,-3.070678814601398021e-01,4.963366175432613880e-02,-1.353352062083720657e-02,-2.602421935280086474e-01,-4.345077333049193746e-02,-4.460487354756325074e-01,-2.028198023411222906e-01,-1.534913291331990726e-01,-4.362862512789101310e-01,-1.328171609500325978e-01,-3.524017230100887632e-01,-1.873010989926577330e-01,-7.178309389133145924e-02,-2.220907113164590774e-01,5.005248757212735211e-02,-1.187421892476451385e-01,-9.392010005122004845e-02,-4.189789931617422802e-02,5.238852493980052094e-02,7.971121873069024477e-02,7.955712667755976408e-02,6.193310295542215488e-02,1.469061820225626147e-01,9.527757400876996075e-02,2.283690380269752865e-02,9.106726110872510882e-02,4.093363893730804504e-02,7.242848958160624795e-02,3.562652327735608970e-02,7.762285850985609081e-02,2.216793775332913385e-02,-1.807562141004032640e-03,3.328020065595511945e-02,-1.503232791558821967e-02,-6.822026734156567962e-02,-8.411077848687451355e-03,3.957620838849622291e-02,-8.708608764448080852e-03,-2.868884058443422341e-02,-8.118972081662392815e-02,-4.860876978371139745e-02,6.166165707762687360e-03,-9.719861682545894582e-03,-4.338612066639072756e-02,2.054528529725655264e-02,8.776662194921300286e-02,-2.978760987579049876e-02,1.103023076770393018e-02,-1.346131257696890626e-01,1.865494598819964281e-02,3.102188966830979888e-01,8.961829361851593456e-02,1.707772731666623578e-01,9.427912420043725594e-02,-1.580812220213958785e-01,3.437266775508653754e-02
-2.565405535866084330e-01,-1.474395329726405079e-01,-2.481670515799322962e-01,-3.445812193881533925e-01,-3.053212701297716158e-01,-4.202320851902261456e-01,-4.937400990462313399e-01,-4.088039592690296264e-01,-5.834960652674799908e-01,-4.921824999705669557e-01,-4.698626493066626053e-01,-1.299360513637445591e-01,9.878420251665656626e-02,1.000000000000000000e+00,4.549487423781115591e-01,4.189566007138771919e-01,7.250995753640862018e-01,4.797229458552570991e-01,3.631953205329270795e-01,4.860834612190195747e-01,2.174240033559018959e-02,3.122719848562146572e-01,-2.034901551233367009e-02,-7.426218517101883243e-02,1.983698549994903637e-01,-5.913070030285472178e-02,1.806040777099361672e-01,-5.971968632311594818e-03,1.819869174310874763e-02,1.060690013804568843e-01,-3.061776184385474331e-02,-4.375289538850459133e-03,3.998390357733867806e-02,8.486941439087077044e-02,-4.318027431706104174e-02,6.310507020113263754e-02,1.124402743738455862e-01,1.359350876373668915e-01,1.063634049729413750e-01,6.344651653774954769e-02,1.078913747966243203e-01,1.225913670713984494e-01,7.391959788112753560e-02,4.958887619497705929e-02,3.943530448440087793e-02,2.832241903368209329e-02,6.002198487754579342e-02,-1.738335071732105422e-03,2.808418127804707815e-02,5.096414915251673561e-02,2.601091321399972081e-02,6.213285518744430386e-02,7.561227199775358288e-02,5.543008749868620633e-02,4.224295898263158433e-02,3.767351745647365413e-02,1.797161999187804084e-04,1.720115962830359724e-02,-7.602222851101335388e-02,5.397572390525192526e-02,6.985531606297333551e-02,-1.088202830470953314e-01,-9.107555052536382700e-02,-2.414259699236789847e-01,-2.354451874166012260e-01,-4.454820773038055404e-02,-2.143666733845440986e-01,-1.688091948123380814e-01,-2.220453300573723698e-01,-3.397519638003883014e-01,-3.117769351025332925e-01
-2.369472039718707734e-01,-3.073108258995430400e-02,-2.652604939935530037e-01,-5.958100359177060518e-02,-2.283201417878715223e-01,-3.528174927654567083e-01,-3.787065336720725761e-01,-6.628327417599009230e-01,-5.257063344205609168e-01,-6.030936750969533300e-01,-5.507332401046337589e-01,-1.841369631671803675e-01,2.947440871203946267e-01,4.549487423781115591e-01,1.000000000000000000e+00,4.132313651393265119e-01,3.114554790080638624e-01,5.421642642641059107e-01,-3.319925046159526334e-03,3.535705211796142389e-01,-7.704252904889487275e-02,2.154352709062997695e-01,2.405132684671388021e-01,-7.071798689611219491e-02,1.754447814050801857e-01,6.138348249429066705e-02,1.246606622552012961e-01,2.047856571822951610e-01,1.165497429076388369e-01,1.542664447028447294e-01,1.144099570589804798e-01,6.966335619316063599e-02,1.181821078114696916e-01,1.390565779618040398e-01,3.630345788932605455e-02,-4.711030228204892215e-03,3.030513324465742425e-02,1.561164277934475875e-01,7.696938826432585257e-02,4.386704250134654259e-02,6.938069568076205007e-02,7.777188910893999274e-02,4.589403691205158620e-02,-3.438894815331335498e-03,-5.706814640365839852e-02,-4.319430696538821557e-02,-2.767369900107400846e-02,-1.005342358740737435e-01,3.422086123313579364e-02,2.202644352447822630e-04,-1.207575137835321596e-02,1.083891790368376453e-03,4.778776143511639929e-02,2.601666069953462862e-02,8.451337883404833398e-03,8.248352520996362833e-03,-1.344121836598464147e-02,-4.657388437190288638e-02,-5.302320171070328686e-02,4.439683978107113183e-02,1.042326465968941018e-01,-5.246807552667166058e-02,2.060290474970453978e-02,-1.826789605564996255e-01,-9.566288734050489018e-02,1.471311512523988500e-02,-2.121801575326761335e-01,1.575005436240147286e-02,-2.233264881872247531e-01,-1.217478151191725005e-01,-1.637441775613945050e-01
-1.899782956407787826e-01,-1.449736669428567659e-01,-3.785115073753581583e-01,-1.588777646586139736e-01,-4.165991494420450691e-01,-1.164562717066830733e-01,-3.741514898385637222e-01,-3.578670377993700136e-01,-3.080666144179554644e-01,-5.045709177522967881e-01,-4.427462967660801274e-01,-6.565270016865157876e-01,-3.070678814601398021e-01,4.189566007138771919e-01,4.132313651393265119e-01,1.000000000000000000e+00,3.611100316428231261e-01,5.863641156375514196e-01,3.803528466755351500e-01,4.290341733105467736e-01,3.273815572771709426e-01,4.054590452694067371e-01,2.848021027198304744e-01,2.806097759179974060e-01,3.176578022487401287e-01,3.306262851019944882e-01,3.219287738790971298e-01,2.351188560224448110e-01,2.960298020028780952e-01,8.754480702762366950e-02,1.589059292455027583e-01,1.124661942564215977e-01,1.077012475992749629e-01,1.111661716988503329e-01,-5.624566430704397435e-02,-8.477747466432021539e-02,1.208023985426874558e-02,5.472276240386284712e-02,-2.374387302840495761e-02,3.464986331663286873e-02,2.753302053153684065e-02,5.742270430974633078e-02,3.468909111132142606e-03,-2.139338924518606119e-02,-9.662135434680074741e-02,-7.803351116282342126e-02,-5.020433790777695943e-02,-1.318988815173457174e-01,4.036404529487102114e-03,-1.896038484906704263e-03,-4.934497223722911913e-02,-5.344778867284576129e-02,2.242702904036301612e-02,2.014934222800346397e-02,2.809658170851363559e-02,4.335981272991273200e-02,-1.106636980699118172e-02,-3.942166842281295824e-02,-3.268222885606789779e-02,3.627151039827196388e-02,-4.020778795903381421e-03,-4.630319399670688313e-02,-9.806568457742024722e-03,-6.173216620456164344e-02,-1.227250591580412997e-01,-2.700308385409294631e-01,-2.953166207015008871e-01,-1.682428561038742110e-01,-3.274514403658801420e-01,-4.850971659716881573e-02,-2.349493691606449608e-01
-2.692446999533525398e-01,-2.361762515558914477e-01,-2.785523045931947439e-01,-4.627763280517991906e-01,-3.768534187090201715e-01,-4.254068188181919785e-01,-5.252820750877196243e-01,-3.063890970626457211e-01,-5.428864086963389735e-01,-3.832739835648675819e-01,-4.251334403705718801e-01,-1.171760204170699676e-01,4.963366175432613880e-02,7.250995753640862018e-01,3.114554790080638624e-01,3.611100316428231261e-01,1.000000000000000000e+00,4.575000610862592354e-01,5.254071532683731727e-01,5.266477655925503321e-01,1.264378102569133910e-01,3.876363306918698126e-01,-8.649082826359759391e-02,-2.359938646496482009e-03,2.493380400386382145e-01,-4.337959953699458554e-02,2.489768023628449456e-01,-4.242545973685277888e-02,4.272057412699337142e-02,8.976638118371066399e-02,-4.960202462895013653e-02,3.539861027548923587e-04,2.038726894477814466e-02,8.287441397376808794e-02,-4.851056684249743789e-02,7.109975402927679045e-02,9.026913385761500819e-02,1.068332085486596028e-01,9.745277088885674621e-02,3.613545005453094178e-02,1.181063358675991382e-01,9.605351164963368826e-02,8.284081612562764485e-02,6.914726395232499712e-02,7.203114361999723991e-02,3.017902879002363342e-02,9.907759610379338056e-02,2.365979747693859256e-02,2.314908311407450070e-02,9.015076544838232508e-02,5.436834019394876094e-02,7.279626531352838270e-02,8.722771817179095222e-02,6.912566081755584790e-02,5.166959416467196281e-02,9.381239954817524596e-02,1.374845960889086588e-02,5.937003628415871148e-02,-5.011737198941296212e-02,6.074531662923008529e-02,6.714863312058856615e-02,-8.801984685699730526e-02,-1.169587397145490787e-01,-2.364337317437650021e-01,-2.984369707904424573e-01,-9.980806526946386925e-02,-2.156755915069268614e-01,-2.772915141980856202e-01,-2.751269420918560082e-01,-3.916208461907079719e-01,-3.721221185322441949e-01
-3.218928380277707446e-01,-1.946755840302413498e-01,-4.794116316911146702e-01,-2.691332076155637520e-01,-5.073280103169336419e-01,-3.781787037494041548e-01,-5.793488288498067629e-01,-5.969542789828983231e-01,-5.368006262337816636e-01,-5.744666658885234645e-01,-5.877563583762986932e-01,-3.913521303752832137e-01,-1.353352062083720657e-02,4.797229458552570991e-01,5.421642642641059107e-01,5.863641156375514196e-01,4.575000610862592354e-01,1.000000000000000000e+00,3.581254555145858554e-01,6.418735866879892171e-01,2.511956616279716892e-01,5.021636504345533547e-01,3.330665174557962960e-01,1.726425667955741594e-01,3.718891900203576406e-01,2.540255311256831572e-01,3.047427118221827658e-01,2.525005432950204187e-01,2.309415344725248287e-01,1.538032164586878026e-01,1.424626671348433737e-01,1.441017254164787820e-01,1.323613683026203247e-01,2.014834432682516552e-01,5.061148177519782417e-03,-1.478480566833446398e-02,7.586239790489225643e-02,1.433344891892523731e-01,5.165909276617604295e-02,6.273924580820697261e-02,1.133725899800837600e-01,9.980527360771078438e-02,5.393982341925376151e-02,1.539184019933949842e-02,-8.154678687073819987e-02,-7.636446900136102667e-02,-4.127695907603319558e-02,-1.184461148727876389e-01,3.218142114724523162e-02,1.871281917244655563e-02,-2.112155234856813793e-02,8.696845739917878626e-03,4.568137594804493745e-02,2.976775347100703642e-02,4.932749324120048323e-02,4.504653170550592528e-02,1.263591254314782230e-03,-2.939951754258789129e-02,-2.884073116163007530e-02,8.995073369725338497e-02,1.025703490040434651e-01,-5.926286347428785101e-02,-4.606241305018923121e-02,-2.089476887509583158e-01,-2.335718270315919609e-01,-2.015307967342312434e-01,-3.657143157742804851e-01,-1.884877046688301083e-01,-4.209032518515792298e-01,-1.669479224517678440e-01,-3.062999209134653067e-01
-1.575651036149886830e-01,-2.770730783597922797e-01,-2.816465275376364152e-01,-4.469468841575933160e-01,-4.556148714343068451e-01,-1.645381618782413846e-01,-4.053346552077155551e-01,-2.163824750985588255e-02,-2.545464659749221425e-01,-1.855039792351441674e-01,-2.467820244987725953e-01,-3.064404632682993790e-01,-2.602421935280086474e-01,3.631953205329270795e-01,-3.319925046159526334e-03,3.803528466755351500e-01,5.254071532683731727e-01,3.581254555145858554e-01,1.000000000000000000e+00,4.697892737447523781e-01,4.799993637897004284e-01,4.954732689913013965e-01,-3.941309886109274629e-02,3.352493662528223672e-01,3.127752591066657595e-01,1.835914293866978686e-01,3.643332535957882201e-01,-6.143773607102592793e-02,1.542307646424171119e-01,-2.424233697832256507e-02,-4.709100486111833517e-02,2.639989273953437590e-02,-2.842102124494544010e-02,5.472545272979439934e-02,-1.121694425966942854e-01,-8.645228398451257693e-03,5.440034035321408140e-02,-7.077381295662607021e-03,4.799277900502812999e-02,3.893388484574949321e-02,8.015679190671942678e-02,5.276031480438158477e-02,7.940145602630807597e-02,7.185745269418596093e-02,1.027517893121175085e-01,2.733573986380761697e-02,9.828960305462150493e-02,2.702621849262769674e-02,-1.648603490367095761e-02,8.535691662923307332e-02,7.152683802307358008e-02,3.565174401067069260e-02,4.612734132013781435e-02,6.988357536786873880e-02,5.316022793222860421e-02,1.123785359487144003e-01,4.061907482695749361e-02,4.827968784378068590e-02,2.286971473069716182e-02,1.814339369759428860e-02,-1.035878497035608477e-03,-2.998526284845803858e-02,-1.145151952496290260e-01,-6.471389977310186559e-02,-2.555940647124461118e-01,-3.037628524336835611e-01,-1.838188533066860419e-01,-3.913758985035999394e-01,-3.155535623136787038e-01,-2.406153386160218566e-01,-3.250872594343278132e-01
-3.772496276346498090e-01,-2.951924422397376735e-01,-5.175231836332336854e-01,-4.279429837607744980e-01,-6.022377962513638661e-01,-4.271665676694771374e-01,-5.978538321012488721e-01,-4.161132515309078905e-01,-5.087729569065506663e-01,-4.431134132227934064e-01,-4.824284065224666018e-01,-2.638387145742647211e-01,-4.345077333049193746e-02,4.860834612190195747e-01,3.535705211796142389e-01,4.290341733105467736e-01,5.266477655925503321e-01,6.418735866879892171e-01,4.697892737447523781e-01,1.000000000000000000e+00,3.237083008831873054e-01,6.398331573356277335e-01,2.789310658261080489e-01,2.191799097315472178e-01,4.253839224469004865e-01,2.243219726197706598e-01,3.466528834607240372e-01,1.487167094771938980e-01,2.280423810975799603e-01,1.734985291424152032e-01,8.086976832764970757e-02,1.890514706085069385e-01,8.108456650010185951e-02,1.698772385885314595e-01,-3.369861153988951835e-02,3.598891406951417599e-02,1.398667574250219703e-01,1.404084371434070888e-01,1.245798423789871989e-01,1.012628241089259390e-01,1.731763734073399064e-01,1.385990493380199196e-01,7.027498228903196476e-02,6.211236489950142797e-02,-2.912228715498203432e-02,6.064176506117418273e-04,2.848653407506399060e-02,-4.654195283538992145e-02,-1.650652930846771907e-02,6.747259699210823858e-02,3.023982234130566729e-02,1.060123642421687169e-02,3.771621918649407240e-02,4.385587554336316946e-02,4.977311525229102113e-02,4.693518411752872072e-02,-1.875973340396883127e-02,3.097213575035442142e-03,-4.880380435201829570e-02,6.042560191263761371e-02,7.839904186032040090e-02,-8.896849084764789362e-02,-1.089994043276044100e-01,-2.532796640482586348e-01,-3.437728192738401245e-01,-2.367817161845826579e-01,-3.614173934646829345e-01,-3.181523161360693130e-01,-4.601959996485683879e-01,-2.711527192658781393e-01,-4.214959414827448847e-01
-5.553216833294809945e-02,-1.941766996289806535e-01,-3.274813673452603990e-01,-2.071604904341213527e-01,-4.228150753669755457e-01,1.820156153463304005e-01,-2.605740566413731196e-01,6.591055387103746110e-02,-2.958906096096827060e-02,-1.788195573729358945e-01,-3.587375778441926483e-02,-3.611205564940296875e-01,-4.460487354756325074e-01,2.174240033559018959e-02,-7.704252904889487275e-02,3.273815572771709426e-01,1.264378102569133910e-01,2.511956616279716892e-01,4.799993637897004284e-01,3.237083008831873054e-01,1.000000000000000000e+00,5.143322911956880183e-01,3.662971007141955226e-01,6.857268995514376186e-01,2.948014060715429263e-01,5.169442428241417531e-01,3.211148889148225383e-01,7.662222969142475082e-02,3.199227924434535075e-01,1.344325857149604496e-03,1.524652378287023047e-01,1.785106490765804577e-01,1.012511829701658594e-01,4.072282189497879873e-02,-8.657584368574766653e-02,-7.059389780885069743e-02,9.812414112705536570e-05,-1.069527996893012978e-01,-1.734410123049137664e-02,2.501819995412015232e-02,-8.699965038331010717e-03,8.191557513838272631e-03,-3.646480547535650013e-02,-1.602588767044914320e-02,-6.544981556323911653e-02,-4.336568803793856147e-02,3.190979459747375624e-03,-5.225310438563125076e-02,-3.276662840962923928e-02,1.009335730018733335e-01,8.204812536350396257e-02,-2.738834232034711644e-02,4.924163744338974635e-02,6.526050034513417031e-02,6.484863773768402562e-02,9.398967711152073079e-02,4.615159890384748498e-02,-1.051196794583542310e-03,7.185029845284586492e-02,4.402859481638930761e-02,-3.164783114937473607e-02,-2.991040108732649985e-02,-6.726795809780510005e-02,5.769043010177317410e-02,-1.626956918803056651e-01,-4.554535261503187549e-01,-2.219588020893346059e-01,-3.629825663874192698e-01,-3.254798819656655740e-01,5.038128681522847929e-02,-2.328532092254714525e-01
-3.372608028570177607e-01,-3.084743571846885191e-01,-5.521244806940903693e-01,-4.255903327738740360e-01,-5.718571347111059966e-01,-2.165385506301114871e-01,-5.243197577260316766e-01,-2.210236242505117521e-01,-3.472393917474104197e-01,-3.583084261307104557e-01,-3.331581475410336779e-01,-3.178548475566012055e-01,-2.028198023411222906e-01,3.122719848562146572e-01,2.154352709062997695e-01,4.054590452694067371e-01,3.876363306918698126e-01,5.021636504345533547e-01,4.954732689913013965e-01,6.398331573356277335e-01,5.143322911956880183e-01,1.000000000000000000e+00,3.226049780558120084e-01,4.730598192786439338e-01,5.517105262544251820e-01,3.987487674545749927e-01,4.619538230664210210e-01,2.200190809814356885e-01,3.829406071950891000e-01,1.894375584555001713e-01,1.440516923916258241e-01,2.820494963109320130e-01,9.115288790067915814e-02,1.373541882472278652e-01,-4.663521147877972006e-02,-4.481094304677352147e-02,1.023360938997313896e-01,6.000207843762224436e-02,7.352732739913676874e-02,8.546835426820569015e-02,1.329127278410448532e-01,1.116712891643293626e-01,6.276867579790391949e-02,6.374066849863999074e-02,-6.684040224408142883e-02,-2.618713107777884824e-02,2.763194963180949648e-02,-1.019761451387238838e-01,-4.512214760776214750e-02,9.433163258382767924e-02,6.209031194662924941e-02,-2.720947712051642250e-02,5.613794559964496028e-02,5.355164443893425941e-02,3.057069880076763307e-02,4.756243719675792847e-02,5.323774072125143073e-05,-6.064777292565852462e-02,-2.622418246854425414e-02,8.372864705224443427e-02,2.750995087125340799e-02,-9.822153726887250524e-02,-1.140411466137526281e-01,-1.736513471941664721e-01,-3.687533196419740533e-01,-4.163372089605208992e-01,-3.880997318273404217e-01,-4.540588637170384079e-01,-5.526950562076976547e-01,-1.866485161445248786e-01,-4.715532728403962759e-01
