1.000000000000000000e+00,5.005103896509978112e-01,4.015661838092581259e-01,3.050303275700405048e-01,2.495271034456782999e-01,1.427049482144770454e-01,1.149048033681008135e-01,9.036165643208848852e-02,9.020118953401373707e-02,6.111908353361820284e-02,4.793735299669793504e-02,6.209150568750019389e-02,4.575042347496281747e-02,6.542800621864307276e-02,3.256664723714786797e-02,6.540526353163914064e-02,4.327234908286033133e-02,6.782123502052274031e-03,9.773404003825523524e-04,3.502146435430201349e-02,9.219674966102691521e-03,2.197114858900520509e-02,2.519504325960381444e-02,-1.717769345509303353e-02,1.840360348126388740e-02,-1.134945493398221115e-02,-7.327892074467428664e-03,5.136213082131795005e-03,6.284540298522312528e-05,-1.781313396366408525e-03,-1.289360776813471172e-02,-1.270096383620097046e-02,-1.578413863573122078e-02,-1.692801730662304386e-03,-2.697615623489801190e-02,-2.656671366989235561e-02,-3.876459472600243122e-02,-2.425045920778608199e-02,-2.231307150139509241e-02,-1.371084168454891720e-02,-1.892821269807186402e-02,-5.829632600901549395e-03,-2.340182397397585004e-02,-1.183521083278827116e-02,-1.036228465070696686e-02,-2.001386096767939545e-03,-7.688300706969779068e-03,1.035825480521400561e-02,-3.772570212472901082e-03,-1.460311793219060822e-02,-1.495135597380453131e-02,3.310164108951316273e-03,-4.349365024423480601e-03,-1.363909325404276396e-02,-1.112177200661761817e-02,2.729468671905109153e-02,2.334544070548773449e-03,2.550219494310954071e-02,-6.348618643637941004e-03,1.664268951341280750e-02,3.312521958882836542e-02,2.902294455634554099e-02,1.611174305358504394e-02,3.880142098661125416e-02,2.640129808018469929e-02,6.801698680393945297e-03,5.563354332975988664e-02,2.220944756661524799e-02,4.974785378872781036e-03,-1.199269988395735252e-02,1.461194264770281515e-03
5.005103896509978112e-01,1.000000000000000000e+00,3.812397935868138132e-01,3.607885197749462480e-01,3.094383213085533102e-01,1.593291116619660885e-01,1.445602588484958539e-01,8.924153947719731805e-02,9.870128488734419836e-02,6.346455199884226683e-02,5.089950261993739233e-02,6.022086889634836737e-02,2.983925344395733578e-02,5.259787516229049581e-02,5.179963805539180427e-02,4.915823633803459436e-02,3.484751977442225590e-02,8.038896307283903420e-03,1.118724939156636421e-02,2.719526072630800567e-02,1.339468242127200837e-02,1.533708850635032150e-02,1.087784596453130435e-02,-8.904706655693844786e-03,8.552528689619863164e-03,1.757399801183392616e-03,7.165474957154169093e-03,-1.019725500823612935e-02,-3.644209251843262640e-03,-1.006476718654814896e-02,-1.643924084101036631e-02,-1.522757023219440710e-03,-2.250486385554451019e-02,1.653246633540454355e-02,-2.345913653518785780e-02,-3.276939323887746031e-02,-2.790498509478498562e-02,-2.770109845203468785e-02,-2.414930769857298598e-02,-1.824729857101729455e-02,-1.316851357620757099e-02,-3.672995256287531641e-03,-1.918347023194940520e-02,-2.047803936036329819e-02,-1.264683552192125485e-02,-2.971705381773264917e-02,1.228819011766766299e-03,8.228368904927360269e-03,1.600023257253022709e-04,-9.085399152453354707e-03,-1.101460892891404329e-02,1.385138936460285006e-02,-1.346307384606444321e-02,-8.304033169896722286e-03,-1.452768590522433845e-02,2.265934663460447349e-02,1.990474158922351730e-02,2.020098746624253080e-02,-1.047987154393938657e-02,1.105699094014197734e-02,8.308105013924888677e-03,8.053864057564877332e-03,9.459336186663547946e-03,2.902883258054143531e-02,1.770395323292273809e-02,-4.917278970289539440e-03,2.608783057988153450e-02,9.309078690009233922e-03,1.033629178025744812e-02,-1.388250298702600749e-02,-1.909713214126071076e-02
4.015661838092581259e-01,3.812397935868138132e-01,1.000000000000000000e+00,4.926771832896530978e-01,6.415181525639521709e-01,3.008355544580053054e-01,2.148693868694794840e-01,1.942643374347902130e-01,1.662875935636312918e-01,1.024454300350415292e-01,8.888263610840735351e-02,6.798764584489007390e-02,1.879282933284361426e-02,4.590320798834596899e-02,3.351119172210990926e-02,7.528536039807343094e-02,4.485041923083071119e-02,7.058965531168733508e-03,1.444462363441801483e-02,4.061541753873246230e-02,1.904066962131409357e-02,3.222465826413301732e-02,1.054753510044702421e-02,-3.228475699136458110e-03,3.717262133780180333e-02,1.601404682770736498e-02,3.752405660448148318e-03,3.510783971260211800e-02,2.301941240954316278e-02,1.829267361007196058e-02,1.657352459886347537e-02,4.350421099848216649e-02,2.797734877797789649e-02,3.948634993251427805e-02,1.336906280629638136e-02,-6.950179788386856572e-03,-6.911056727756366078e-03,-1.285248910111184799e-02,1.897833935683328546e-02,1.944517766534116163e-02,1.269521511814574073e-02,2.218801140642319078e-02,1.916250507478816506e-02,-6.747540585525567056e-03,-4.083994363687793935e-03,2.819145253179813904e-02,1.623246498198313570e-02,3.817975799239797796e-02,-3.226977262286304885e-03,-2.637141617244280131e-02,-1.436990237198406068e-03,3.128063672152508502e-03,-3.003142759175025239e-02,-2.195057397856613537e-02,-3.468289372053126596e-02,-1.945160995738356297e-02,-8.675100990358498160e-03,-3.684770040822373666e-03,-1.784358609033794701e-02,3.680342054549466148e-03,1.856893103514338159e-02,2.621015913031955052e-02,2.474873005154205191e-02,4.430126942040633897e-02,2.299222161394294181e-02,-2.638418561354855842e-03,4.885614102799321762e-02,1.689874456205601658e-02,1.541917318040039557e-02,-5.664958371067905889e-03,-8.978524161868917455e-03
3.050303275700405048e-01,3.607885197749462480e-01,4.926771832896530978e-01,1.000000000000000000e+00,3.969644894052913875e-01,3.332546598353489098e-01,2.840842264966699227e-01,2.141594719325496110e-01,2.201894464478749702e-01,9.804091339872003652e-02,1.105459536313483232e-01,4.598636752944990774e-02,1.305086794254402792e-02,3.123580252149645714e-02,1.994233853104619356e-02,4.594646731341100326e-02,1.374540910846294185e-02,1.112389496578754938e-02,2.763923545069607926e-02,2.222312731314120618e-02,1.843939014504398372e-02,8.319840896948193024e-03,7.707181940463092400e-03,-1.678644049755361693e-03,2.275503668584655595e-02,1.117998688868093032e-02,2.250235242507986691e-02,1.687275559035415957e-04,-1.074235986525737610e-02,6.603577519849903807e-03,-2.112296886159228254e-02,1.951953054328021617e-02,-8.802570815773244975e-03,2.498778868073438589e-02,2.410955657473544574e-03,-8.984643733540784161e-03,-4.836292782544933215e-03,-1.635321151090102579e-02,-5.114719657165891576e-04,-1.323939768402928631e-02,-8.358072024557374607e-03,1.479810497311601081e-02,-5.069727116857668074e-03,6.626933074955394971e-03,7.678363392534841118e-03,1.862812375591005321e-02,7.621473447434546147e-03,3.228249236198721395e-02,-1.463300005920533872e-03,-2.133334237625155241e-02,-9.667541551206412093e-03,1.166864890020879487e-02,-8.745872034691810210e-03,-9.659163678131079192e-03,-2.041280041195676909e-02,-1.410660080621374025e-02,-8.201789601344560213e-03,-1.666634322173855473e-03,-4.092667519550785560e-02,-7.590132580784180599e-03,-9.979975313112661103e-03,1.852893752350033216e-02,2.330056765924059040e-02,3.754972466543685106e-02,2.194639946364305289e-02,-9.126862805690645619e-03,3.334408422015178869e-02,1.644286307530514260e-02,4.078102329966085821e-03,-6.679127598608855174e-03,-9.743985402179534613e-03
2.495271034456782999e-01,3.094383213085533102e-01,6.415181525639521709e-01,3.969644894052913875e-01,1.000000000000000000e+00,3.704811141710759870e-01,3.003826820252019081e-01,2.451649021964278641e-01,2.255719698142989171e-01,1.599816861310487948e-01,1.348409096174479072e-01,1.085801990349467422e-01,2.588303479099374194e-02,4.956773518416986851e-02,6.015406659563306974e-02,6.359586429803590346e-02,6.000521833215118062e-02,2.625909670980875951e-02,3.266285352950454302e-02,5.730951614130829624e-02,4.083609243874581490e-02,5.791482223832356002e-02,6.340048806667954694e-03,7.862359083682761429e-03,3.828584015676217422e-02,3.686405028316423749e-02,1.160848148924589242e-02,1.932398650339404306e-02,2.169751919503006693e-02,-4.292777230095165368e-03,1.423764480029882096e-02,3.201520086630534750e-02,1.323966536519705431e-02,3.113021442157462570e-02,6.033672668786601960e-03,-4.616723809861160432e-03,5.562870963601128718e-03,3.623152615997978464e-03,1.139344737368164044e-02,1.742673835629499415e-02,9.477912607508045401e-03,2.460076088308287695e-02,-5.415526000261322581e-03,-1.912062633026907765e-02,4.544164611825289926e-03,1.961452194103852770e-02,7.640414480899159790e-03,4.079704144601632027e-02,-5.997080377525326224e-03,-3.771694750745603619e-02,7.653071105193419790e-05,2.570647199184868809e-02,-2.113186876372560169e-02,-1.314385005513920082e-02,-1.873800209774518014e-02,-2.053158812647040699e-02,-3.372988238376779628e-03,8.470719634709588525e-03,-2.604396860577814707e-02,8.464881994572322557e-03,2.705257331543696551e-03,1.784922566174520012e-02,1.281064250940776306e-02,3.347022218698374185e-02,1.038875572907953584e-02,-1.337725695989217152e-02,1.645044918282267954e-02,-4.380279640122939841e-03,1.384946220814586848e-02,-1.747134726760118939e-02,-2.209125093067578621e-02
1.427049482144770454e-01,1.593291116619660885e-01,3.008355544580053054e-01,3.332546598353489098e-01,3.704811141710759870e-01,1.000000000000000000e+00,4.548784486822349815e-01,3.721907038039900528e-01,3.428724569506368391e-01,1.907274475839484673e-01,1.523484749130679938e-01,1.168917262835079823e-01,4.114792007116798572e-02,6.709242301666090702e-02,6.958564021853094750e-02,6.385154171433475578e-02,4.037051412756911817e-02,2.160964836877636228e-02,4.415739255695703275e-02,4.530869613030474169e-02,3.066500497073740283e-02,3.254112931740087838e-02,1.476192103343822171e-02,1.330595145763793438e-02,1.873022927882309757e-02,-9.559162899841780470e-03,3.377566816004731742e-02,2.928906561844672133e-03,-8.333808566303459696e-04,1.923480174263222237e-02,-1.252499066124884534e-02,3.957876280515309347e-02,4.256007934391221187e-02,4.215708807988442081e-02,3.434038189404298863e-02,3.903327896564760813e-02,2.717698900763351050e-02,-2.848119306053528525e-03,2.694360226918142767e-02,3.670761817263398265e-03,-2.882161292126048883e-03,-4.658197287046509164e-03,-2.205969254165350904e-02,-1.294781712305128132e-02,6.897397248692790743e-03,1.225906136755787121e-02,1.473313242829568052e-03,2.839007858440747295e-02,1.272686335274829036e-02,-4.042251814342368889e-03,7.131887818474368090e-03,-2.710288695743958039e-03,-3.294291849341305506e-02,-8.391513652721647315e-03,-9.132511032674059046e-03,-2.098712931371735091e-02,-1.863403568968766827e-02,1.248369539571665817e-03,-1.564750670631065779e-02,-7.499794209703455720e-03,1.032862824157097011e-03,2.013149036923064100e-02,1.808485965739097326e-02,2.668537001080541551e-02,3.812362879072558192e-02,2.107758810259209535e-05,2.448448081473637503e-02,-1.075429525247187379e-02,8.313525428772507511e-03,-1.428706515554222997e-02,-1.675062631626066459e-02
1.149048033681008135e-01,1.445602588484958539e-01,2.148693868694794840e-01,2.840842264966699227e-01,3.003826820252019081e-01,4.548784486822349815e-01,1.000000000000000000e+00,4.494771349563849716e-01,5.672905663843371693e-01,3.343858860119692245e-01,2.536964467007468693e-01,2.019312973819408497e-01,9.877399040486299631e-02,8.233191796121289152e-02,8.451353883360834818e-02,3.998102659002605169e-02,3.284180405641796280e-02,4.000312182588203029e-03,3.559546139813555415e-02,3.045309118120656522e-02,2.619282540423730279e-02,3.255971796527495910e-02,1.804834260770978721e-02,8.865619833459802840e-03,1.154291467435173725e-02,-2.468712280909779021e-03,1.268833071884610704e-02,-1.620000513101973322e-02,-1.884819785132636240e-03,-4.452631001271054739e-03,-3.345295549217736780e-02,9.286284745092016416e-03,1.722483433052523008e-02,2.057493640467240523e-02,4.572757795473549221e-03,7.370134158875118330e-03,-2.764853981520723480e-03,-1.774662907018124264e-02,4.205142707267670900e-03,-2.194061517036419943e-03,-9.646894341242544246e-03,-8.899968730389697796e-03,-4.015835306661627579e-02,-1.372248353734837646e-02,5.664217184250120406e-03,-3.980533174058689845e-03,-9.827033605959279924e-03,3.947794078121132089e-02,8.967505708976624551e-03,-2.513111639077754422e-02,1.400605321577116404e-02,6.028398144706759512e-03,-2.598063667790459844e-02,-5.549816940810098180e-03,5.660507970598025081e-04,-1.725309007357288607e-02,-1.671585938196129550e-02,1.125895632300207699e-02,-1.021708429961551770e-02,9.452678739745688915e-04,-1.579430815401111285e-02,4.575364495407375012e-03,3.285419701351782046e-02,4.966438232251865065e-02,4.279077943319564009e-02,-8.428291182219247802e-04,3.296999464265404356e-02,1.471095652347649205e-02,2.366121275856349071e-02,-9.970413894760964124e-03,-2.908548792954723534e-03
9.036165643208848852e-02,8.924153947719731805e-02,1.942643374347902130e-01,2.141594719325496110e-01,2.451649021964278641e-01,3.721907038039900528e-01,4.494771349563849716e-01,1.000000000000000000e+00,4.813484085290654080e-01,5.147901167490276375e-01,3.413223181103632875e-01,2.647757660216273345e-01,6.799695717574708032e-02,1.012582477087592692e-01,1.020819160396417846e-01,5.531002873270553233e-02,3.943037528425667737e-02,-9.415163930417312036e-04,3.959858795291010258e-02,2.459990942330807923e-02,2.202643488686510317e-02,-1.935234555234629714e-02,9.033842130098394124e-03,1.810816594571687185e-02,3.667872084167834307e-02,2.644732035594546393e-02,3.174915687168683442e-02,1.486416022715879130e-02,-4.196030360991686095e-03,2.282967293760730654e-02,8.143115502689148369e-03,3.722398821569240790e-02,4.349618742191505710e-02,3.602616191543943358e-02,2.767245512709417404e-02,2.892166659192580563e-02,-2.878204881425516434e-03,-3.309876755848039330e-03,1.402453732845739334e-02,5.503308968792626141e-03,-8.595825062506204720e-03,7.771481181663945394e-03,-1.731220417277497259e-02,-1.913950105411819230e-02,-1.399284552451499422e-02,8.289280453550566460e-03,1.765676859672627233e-02,1.317098140246484098e-02,1.477381535838929918e-03,3.614484383964997223e-03,1.902648902577953188e-02,-9.215591251554187610e-03,-2.069041150420065575e-02,-2.637355163936632579e-02,-1.874502347061344706e-02,-3.768924883189989777e-02,-3.810651280108501293e-02,-1.142538403975990741e-02,-3.577036490301279542e-02,-7.803763843947271461e-03,-1.269536601352491863e-02,3.944824717971846806e-02,2.994101325919520246e-02,5.625149935701110639e-03,2.537466318401358431e-02,-1.810050762596342872e-02,4.847758313398727731e-03,-7.002850039025425820e-03,-1.761537362764420368e-03,-2.833836184261889768e-02,-5.052176702580111513e-03
9.020118953401373707e-02,9.870128488734419836e-02,1.662875935636312918e-01,2.201894464478749702e-01,2.255719698142989171e-01,3.428724569506368391e-01,5.672905663843371693e-01,4.813484085290654080e-01,1.000000000000000000e+00,3.300752804684747854e-01,3.430271997488421598e-01,1.688385348946550568e-01,4.764797233411571797e-02,6.921644240248477076e-02,6.050630739968988064e-02,2.273500390984074110e-02,4.422340954536557733e-02,2.279519746245842540e-02,1.676629835143278761e-03,2.967200749222088235e-02,3.143244012237025181e-02,1.487258532825704374e-02,3.696612291281341656e-03,5.295741480222950458e-03,3.542324088406084703e-02,-1.096520475139587097e-03,2.609563032895239471e-02,-1.242524518907728304e-02,-1.234579310230215837e-04,8.211978100247725038e-03,-5.714338047573286686e-03,2.082138672264237031e-02,4.639528629310848973e-02,2.524696733326633330e-02,3.580837302726371657e-02,2.541938731912000288e-02,2.314085867946222286e-03,5.795094636795227426e-03,3.528569869648796875e-02,-3.346845964974718823e-03,3.666332021493160127e-03,9.162889850146432869e-03,-2.781318025847920317e-02,-3.344640289096750818e-02,-7.284681318453166930e-03,-1.511756219246686295e-02,-1.424612579412327072e-02,3.441652193131896492e-02,2.854145099508414649e-02,-1.826938606649431210e-02,1.146502557637975317e-02,-7.399509963407022856e-04,-1.268358585263112091e-02,-4.998838015198003686e-03,1.248509099678484988e-02,-1.282712033700225338e-02,-3.185677871554809526e-02,8.455469569458489223e-03,-1.085735466437207954e-02,2.702018287775060767e-03,6.677408509947448112e-03,1.803535644199372179e-02,2.695500938190752843e-02,1.160897647703904023e-02,3.473287115491795890e-02,1.842707611660760955e-02,1.946803466092775214e-02,2.344487373782333864e-02,1.252526118261219727e-02,-2.446030675494011847e-02,-2.140783428563359722e-02
6.111908353361820284e-02,6.346455199884226683e-02,1.024454300350415292e-01,9.804091339872003652e-02,1.599816861310487948e-01,1.907274475839484673e-01,3.343858860119692245e-01,5.147901167490276375e-01,3.300752804684747854e-01,1.000000000000000000e+00,5.131719694550372912e-01,5.819392161824583631e-01,1.580803102996727050e-01,1.495429566521249420e-01,1.520478083633848843e-01,8.297624821875587697e-02,7.268547556534847576e-02,2.377269688092170478e-03,4.980837705557849410e-02,3.655172904664147349e-02,3.138384697615507340e-02,1.063586384635482364e-02,1.990856526124690218e-02,1.270793358759121292e-02,3.904067265614100113e-02,3.069753207373455972e-02,9.164754056675423685e-03,1.647038180602510005e-02,1.776039912012586722e-02,-3.978712511315710826e-03,2.283337121823989999e-02,2.124777406801144422e-02,3.788332566141218438e-02,2.325965152498353852e-02,1.560810488355832831e-02,6.677186401029997290e-03,-2.569155456396628873e-02,1.468084191181838645e-02,-1.369982558741036222e-02,-2.082875531115120984e-02,-1.870031612421062944e-02,-1.441344744784648236e-03,-4.359343458911635327e-02,-4.134734024268914288e-02,-1.094199839170003664e-02,-2.478505208495793491e-02,-1.535893083358288655e-02,3.906377418260901374e-02,1.121894278283162329e-02,-2.811945947254648401e-02,2.185383161188247242e-02,4.373172966523470456e-03,-2.217121814647928998e-02,-1.154106387661557424e-02,-3.741466803041226249e-05,-2.042054340810125091e-03,-1.829326166454348437e-02,3.818876288956795251e-03,-8.164854666113377166e-03,6.623823368247561821e-03,1.164873474046039699e-02,2.054470852105979781e-02,3.815853785978729623e-02,2.399545882500349336e-02,1.663982582497822507e-02,-3.696928946750475259e-02,2.511039951055411140e-02,-2.339837524269107721e-03,-5.612043091760747157e-03,-3.000855254095822697e-02,-7.088122175908273710e-03
4.793735299669793504e-02,5.089950261993739233e-02,8.888263610840735351e-02,1.105459536313483232e-01,1.348409096174479072e-01,1.523484749130679938e-01,2.536964467007468693e-01,3.413223181103632875e-01,3.430271997488421598e-01,5.131719694550372912e-01,1.000000000000000000e+00,2.860374842800361694e-01,1.151839924988412034e-01,7.447956457059022595e-02,9.703679114989879895e-02,3.283068084096363304e-02,8.356538269006169584e-02,5.518057949905848247e-02,1.705424378630112509e-02,4.775481144926915777e-02,6.225642737506090207e-02,5.237046389208354497e-02,5.179464593233478603e-02,4.307503011981186208e-02,8.504636683749203230e-02,4.998149162206329266e-02,4.828964370500597736e-02,2.839416481627679567e-02,2.790709520482571870e-02,3.195418257772381782e-02,8.086743232043879306e-03,3.708760454853154281e-02,4.128300361089794202e-02,1.251387878925889693e-02,3.848319462386536050e-02,1.196760650968121606e-02,-2.030497514642307100e-02,9.521268845690088536e-03,7.776939115748716241e-03,-5.488754290826427379e-03,2.988972976039737644e-03,-7.352206386918541496e-03,-1.263882700395062113e-02,-4.732743448442100487e-02,-2.344104234308318907e-02,-2.025501018960911698e-02,-3.133808668934011388e-02,1.760180770787637961e-02,5.217328280614228625e-02,-1.076637146792711400e-02,2.824092376250835878e-03,6.933351406301297218e-03,4.104109594706212760e-04,-4.880137146103392075e-03,2.094944679525440404e-02,-3.714680664495977058e-03,-2.805679733087991165e-02,-7.921575157381521154e-03,-2.228284173125047452e-02,-2.882974516524982461e-02,-1.675821898787573788e-02,-4.041893166253101959e-03,2.928744292731431248e-02,2.111553126503179154e-02,2.624340055191778931e-02,-1.520982148264461015e-02,1.843231605621080751e-02,2.526476775221146026e-02,-5.912236278882778383e-03,-1.864040689382221241e-02,-2.425095283792780450e-03
6.209150568750019389e-02,6.022086889634836737e-02,6.798764584489007390e-02,4.598636752944990774e-02,1.085801990349467422e-01,1.168917262835079823e-01,2.019312973819408497e-01,2.647757660216273345e-01,1.688385348946550568e-01,5.819392161824583631e-01,2.860374842800361694e-01,1.000000000000000000e+00,2.842394067103545807e-01,1.676574286320917651e-01,1.505827489640209627e-01,6.929611859192144618e-02,6.737638213418693789e-02,-5.237456659183321872e-02,2.206160902859845285e-02,3.010138354622167098e-02,-4.624917415416098312e-03,3.461429678063359609e-03,1.679091566721898840e-02,-2.819018185273940158e-02,3.879870622161183356e-03,-2.573792455023674757e-04,-2.451970667205284615e-02,1.271936151811850491e-02,9.555123688838611587e-03,-2.603926590050312240e-02,3.059578527483443680e-02,1.058584649485059745e-02,2.604479043988844333e-02,1.125190699854417692e-02,-1.476304539790661459e-02,-3.601881026045038441e-03,-1.426698963676256184e-02,2.281298923915557261e-02,-1.420783167729051770e-02,-3.528594343496414820e-02,3.867591168975518558e-03,-2.707927534029891652e-03,-2.668359564662694389e-02,-2.151884215916121182e-02,-1.028451471965979511e-02,-2.321964801103199028e-02,-1.033734654097820740e-02,3.798048728667580837e-02,1.051349257379240350e-02,-2.631864688621119233e-02,1.339240970814105369e-02,2.232187916321326862e-02,-1.541328803063341489e-02,6.361228782359261598e-03,1.432395904542394308e-02,2.757185946954715527e-02,-5.588084764357433357e-04,1.279680624129835194e-02,-8.206160913314339625e-03,1.469307893912658383e-02,-7.226057191792488660e-05,9.625889365059984298e-03,2.831940498566970846e-02,3.506427151801663061e-02,2.867913826552589279e-02,-2.724165676257579369e-02,3.010208456268600313e-02,1.058112458364683997e-02,-2.533046063835427131e-02,-3.631829488198653338e-02,-1.175501460022224803e-02
4.575042347496281747e-02,2.983925344395733578e-02,1.879282933284361426e-02,1.305086794254402792e-02,2.588303479099374194e-02,4.114792007116798572e-02,9.877399040486299631e-02,6.799695717574708032e-02,4.764797233411571797e-02,1.580803102996727050e-01,1.151839924988412034e-01,2.842394067103545807e-01,1.000000000000000000e+00,2.687930419424182094e-01,1.196166717634606219e-01,1.103897205873001844e-02,1.296312782883997927e-01,5.517955790993725115e-03,1.948522087351023391e-02,6.314095238209919969e-02,3.499969150279880897e-02,3.899419016976986285e-02,5.053515502089525602e-02,1.742100934720547736e-02,2.778463738343160336e-02,-5.432061361363551893e-04,1.027772084307527686e-02,4.121073867575731492e-02,-2.772439043629274045e-03,2.581094967415869731e-02,2.927256138687577350e-02,1.236275422240117050e-02,2.553373822017376837e-02,8.922018990613712680e-04,6.976789667535647586e-04,2.659971405956484264e-02,8.830674103094635422e-03,3.540696352119399037e-02,1.492140810709163649e-02,-5.732512195919609900e-03,3.522390920832983718e-02,-5.226226967866406427e-03,3.485048096998130673e-02,1.611768512218061944e-02,-3.070551493991583239e-02,-1.230256001724122812e-02,2.935086315985773082e-03,8.636620187978229571e-03,2.287918246161997626e-02,-1.457782518273922738e-02,1.996378112623445767e-03,-1.462673934035031015e-02,-1.443841531054289827e-02,3.930755850854741017e-03,4.937718344352046672e-03,5.734950257086327864e-03,-1.744502129927624073e-02,1.186381318706284001e-02,-5.275525134804844897e-03,-1.008452961161711986e-02,-9.185186837276251501e-03,-2.377262036343282675e-02,-1.109930107430705248e-03,1.444612277589829748e-02,1.886327325454299417e-02,-1.089723717902584856e-02,-9.576546207841521788e-03,-8.791958373772397473e-03,-1.226726916443701514e-02,-2.525094895690733338e-02,-1.541250401729820328e-02
6.542800621864307276e-02,5.259787516229049581e-02,4.590320798834596899e-02,3.123580252149645714e-02,4.956773518416986851e-02,6.709242301666090702e-02,8.233191796121289152e-02,1.012582477087592692e-01,6.921644240248477076e-02,1.495429566521249420e-01,7.447956457059022595e-02,1.676574286320917651e-01,2.687930419424182094e-01,1.000000000000000000e+00,4.619418034339718426e-01,4.272911311758194608e-01,3.318764776224730206e-01,-4.075747114395586110e-03,1.400844461484771764e-01,2.746114219134722645e-01,1.701005196157759081e-01,1.416753593403997091e-01,6.983118042607103226e-02,2.413376864808258748e-02,1.043942828841294274e-01,4.940970647445467462e-02,5.472011599315359381e-02,7.245276924309673738e-02,4.184514132743145931e-02,5.510654683387072178e-02,5.834651196572900045e-02,4.332946766498859542e-02,4.150211391663882754e-02,2.805994977376581601e-02,2.237950170986355639e-02,3.895650607794626241e-02,3.509189604293512163e-03,3.478534702686080643e-02,4.103832897878033348e-02,4.108460488666869359e-02,-2.347344100780124170e-03,5.143945906714297855e-03,4.755061022966479076e-03,-1.265290236907902661e-02,-9.502212154451827528e-03,-5.983514799350260135e-03,1.137936951067330602e-02,2.859578044888978765e-02,4.289949658694081763e-02,2.300663581595561308e-02,-7.360092288848709211e-03,4.506472341038998686e-02,8.665226324362444721e-03,-1.164195700835039989e-03,1.877266263380203762e-02,4.712940497880370276e-03,-8.076202798663383031e-03,2.233311174277903544e-02,1.310575711499753883e-03,4.020023343135292748e-02,1.027858228385345081e-02,-9.515859358583463046e-03,-3.557118192980584376e-03,-6.743145689684733671e-03,-2.746075438735545368e-02,-4.894683417880629772e-02,1.455026306040132795e-03,-1.938183906344868521e-02,-3.356975274837506462e-02,-3.066749272607802515e-02,-2.711669672777632101e-02
3.256664723714786797e-02,5.179963805539180427e-02,3.351119172210990926e-02,1.994233853104619356e-02,6.015406659563306974e-02,6.958564021853094750e-02,8.451353883360834818e-02,1.020819160396417846e-01,6.050630739968988064e-02,1.520478083633848843e-01,9.703679114989879895e-02,1.505827489640209627e-01,1.196166717634606219e-01,4.619418034339718426e-01,1.000000000000000000e+00,3.361356775402638553e-01,1.981264307661886048e-01,-1.609236758181780691e-01,1.195571858592583137e-01,2.660551374106117639e-01,9.504645299181378737e-02,1.047916941198616808e-01,2.771981751878414835e-02,3.055652003647296722e-02,4.359275280968512994e-02,2.611909158930664915e-02,7.419392686864667054e-03,-1.984180405883727554e-03,-9.749749976513667066e-03,-2.459174875952378943e-03,1.876056414214479851e-03,3.500893463475353989e-02,-4.179098199121587288e-03,1.415682398515206303e-02,2.447077469509493022e-02,-3.708751614230585704e-04,-3.940416616671549299e-02,1.084981369083883387e-02,-9.031770433690950936e-03,5.613991287884891740e-03,-2.640538081065811615e-02,5.864397877463899643e-03,-1.922872591848205984e-02,1.042513374020798481e-02,2.576009306610504285e-02,1.167021777755505689e-02,1.900585930409560281e-02,5.744161534852190026e-02,2.584730446357081865e-02,1.609007463729216283e-02,2.130547876431445470e-02,4.557003982522413871e-02,2.577626650253520002e-02,4.637652524797490974e-03,3.843376249694407942e-02,5.422250963239367595e-03,-2.009783732839496434e-02,2.761235225055596459e-02,-3.309244363161650739e-03,2.562061717274036893e-02,1.316174516885305901e-02,2.870758114812234016e-02,1.335884909684932273e-03,-2.858868225021681496e-03,-1.262556030531401807e-02,-4.521828361266128776e-02,-8.076101890354644638e-03,-1.862786938180751098e-02,-1.211572696266756920e-02,-2.087928533168553757e-02,-3.553540535725371874e-02
6.540526353163914064e-02,4.915823633803459436e-02,7.528536039807343094e-02,4.594646731341100326e-02,6.359586429803590346e-02,6.385154171433475578e-02,3.998102659002605169e-02,5.531002873270553233e-02,2.273500390984074110e-02,8.297624821875587697e-02,3.283068084096363304e-02,6.929611859192144618e-02,1.103897205873001844e-02,4.272911311758194608e-01,3.361356775402638553e-01,1.000000000000000000e+00,6.458391888916142909e-02,-2.283474906892695722e-01,2.525513014310337701e-01,2.958637158122757738e-01,1.265866192518087519e-01,6.536995991162272701e-02,-5.768622814159023865e-02,2.146081141744167389e-03,4.775648819612698937e-02,5.056613922491649815e-02,1.090183666284783720e-02,3.643692407082577134e-02,3.446760336374363187e-02,1.532600072525965376e-02,3.846282588341087133e-02,2.466786529127834235e-02,1.468840585530483724e-02,4.219741243818470565e-03,7.358089661825305446e-03,-2.326681201037532690e-02,-4.660478338478058619e-02,5.701877254865797030e-03,-6.958833013420788992e-03,1.966641583954234496e-02,-1.314356094244345519e-02,1.257279175548236573e-02,-1.607506845568103596e-02,-6.477855041318603298e-03,9.901422194847079444e-03,2.555011643900047605e-02,4.314149927778462845e-02,2.322864576693168051e-02,4.425266865830968649e-02,6.032990805196237344e-02,1.878001683839150560e-02,3.024378810695909844e-02,2.656897938729017774e-03,9.450847740122505667e-04,-8.199842045809904419e-04,-2.491844173691712058e-02,-2.884630045369398349e-02,-4.188410027804716045e-03,-2.834594845013883868e-02,9.878062084154246025e-03,8.361719315021687651e-03,7.066641112458075212e-03,-3.844966815163402066e-03,-2.099392453212285334e-02,-3.186186985777014063e-02,-1.628411815403776886e-02,-9.461141280063825598e-03,-1.395587496565629457e-02,-5.081892028752724860e-02,-1.656312964574021412e-02,-2.193287978930436727e-02
4.327234908286033133e-02,3.484751977442225590e-02,4.485041923083071119e-02,1.374540910846294185e-02,6.000521833215118062e-02,4.037051412756911817e-02,3.284180405641796280e-02,3.943037528425667737e-02,4.422340954536557733e-02,7.268547556534847576e-02,8.356538269006169584e-02,6.737638213418693789e-02,1.296312782883997927e-01,3.318764776224730206e-01,1.981264307661886048e-01,6.458391888916142909e-02,1.000000000000000000e+00,1.719673712643494667e-01,-1.132859374970384414e-01,3.131400046165153661e-01,2.128072443848522122e-01,2.197292955720867580e-01,1.697892899890078577e-01,1.117569369229315518e-01,1.891359621994233575e-01,1.231802065283399000e-01,1.512503278835835296e-01,1.445864016799733032e-01,1.193288373072907554e-01,1.159734496760551209e-01,1.302768109304428268e-01,9.211846153428814021e-02,7.276918353657790828e-02,6.746484972751456977e-02,5.981404743765988963e-02,5.100896158479233805e-02,5.425430394717270510e-02,2.915168864971970364e-02,3.776994172452880633e-02,4.026913962784137851e-02,2.540992222030937983e-02,2.122460987710197977e-02,2.639190722807756989e-02,2.040961442492330745e-05,2.350759674320017020e-02,5.219045405150716209e-03,2.796994190424939575e-02,2.316668030608484696e-02,1.237773722470821881e-02,-2.081896757689292651e-02,1.208009589244440907e-02,1.857259928901579607e-02,-1.200552553770294420e-02,-2.763806057347431566e-02,-1.069681549771410792e-02,-2.885063244141309463e-02,-3.864135541503538329e-02,7.160682989857758939e-03,-1.129470777240977782e-02,9.326650413076491980e-03,1.268730852708728832e-02,-1.019823128865759640e-02,-2.184705980653826873e-02,-1.220021010086720821e-02,-6.004169320669544042e-03,4.081360941696114773e-04,1.855458350461369407e-02,3.085459963685703230e-02,1.232554529463710837e-02,-1.367829785980152930e-02,-2.096108599575381357e-02
6.782123502052274031e-03,8.038896307283903420e-03,7.058965531168733508e-03,1.112389496578754938e-02,2.625909670980875951e-02,2.160964836877636228e-02,4.000312182588203029e-03,-9.415163930417312036e-04,2.279519746245842540e-02,2.377269688092170478e-03,5.518057949905848247e-02,-5.237456659183321872e-02,5.517955790993725115e-03,-4.075747114395586110e-03,-1.609236758181780691e-01,-2.283474906892695722e-01,1.719673712643494667e-01,1.000000000000000000e+00,1.807090358777620476e-01,-5.461589257765634559e-02,2.178492342957059902e-01,4.465554493127263380e-02,1.192485228657027135e-01,2.028087163273987192e-01,1.800132573113371603e-01,1.311487337892065508e-01,1.668088026568384230e-01,1.318356802963360219e-01,1.186781065248664474e-01,8.773318246309969037e-02,9.308441543445503119e-02,1.778550471449709403e-02,3.821495476518964318e-02,1.478790326926588718e-02,3.387104376803731776e-02,3.741081944845723456e-02,3.159437027256184471e-02,1.324530771111911108e-02,1.632389268061528245e-02,1.720383042835687062e-02,2.163480188882340241e-02,1.247118893289401835e-02,-6.573818308825227046e-03,-1.280156031169496630e-03,2.793614710601760934e-02,-1.315152326514144702e-02,-1.173048505002771170e-02,-5.496169127438389757e-02,-3.560521585922043347e-02,-5.635219997576690863e-03,-1.396365481943188241e-02,-3.479498031031103694e-02,-1.647992785918175190e-02,-1.371550982901040099e-02,-4.410227703103072189e-02,-4.401670647916306606e-02,-4.571360108195043903e-02,-7.034327438545176503e-02,-5.723203096132042228e-02,-3.119448015033558438e-02,-3.984939607957245500e-02,-4.665776637228305490e-02,-2.215365427238250376e-02,-5.437081975056714915e-03,7.373522515721848448e-03,1.272801296884069032e-02,-6.992206042083050528e-03,2.245191728627880454e-02,4.550395303251619783e-02,8.920153120547877346e-03,9.952352685768800500e-03
9.773404003825523524e-04,1.118724939156636421e-02,1.444462363441801483e-02,2.763923545069607926e-02,3.266285352950454302e-02,4.415739255695703275e-02,3.559546139813555415e-02,3.959858795291010258e-02,1.676629835143278761e-03,4.980837705557849410e-02,1.705424378630112509e-02,2.206160902859845285e-02,1.948522087351023391e-02,1.400844461484771764e-01,1.195571858592583137e-01,2.525513014310337701e-01,-1.132859374970384414e-01,1.807090358777620476e-01,1.000000000000000000e+00,1.836288678081878789e-01,1.797844476745776854e-01,6.417042805698160157e-02,-2.137688119538066686e-02,1.164470822768851332e-01,7.002593539422442837e-02,8.204012552762134092e-02,6.825654849397150281e-02,5.207741940794972241e-02,5.781755174924518847e-02,3.872335755540606828e-02,5.290835694941694450e-02,-1.076778954097519503e-02,-7.256601588880471840e-03,-1.124543092852952827e-02,-1.184083596218074401e-02,-1.743537388941868160e-02,-1.560084896699143533e-02,-1.710465912132813626e-02,-3.518867962033880165e-02,-4.185679819845761901e-03,-2.545730618263184267e-02,-1.941736824480977744e-02,-2.752187613803510832e-02,1.048981406711460215e-02,1.961792379074597803e-02,5.185911302856153864e-03,3.079049425014944094e-02,-2.193855494947561866e-02,-5.902559546618429270e-03,3.880638153414778940e-02,-1.876650884465946509e-02,-2.851073996500188418e-02,4.605644458511331434e-04,-1.054341891799735927e-02,-1.236368102989850518e-02,-2.738271272833186706e-02,-1.210803326240658326e-02,-1.588588632079356369e-02,-4.146234446249529026e-02,-3.436277791281075467e-02,-5.097163957702650905e-02,-7.194912436969358623e-03,-6.758848491039332919e-03,-1.153872367215966026e-02,-3.954552749463022959e-02,-5.013483029336385927e-02,-3.474280609221083727e-02,-2.252928924006989894e-02,-5.261960938381612246e-02,-2.068136476905156618e-02,-8.459890479170647029e-03
3.502146435430201349e-02,2.719526072630800567e-02,4.061541753873246230e-02,2.222312731314120618e-02,5.730951614130829624e-02,4.530869613030474169e-02,3.045309118120656522e-02,2.459990942330807923e-02,2.967200749222088235e-02,3.655172904664147349e-02,4.775481144926915777e-02,3.010138354622167098e-02,6.314095238209919969e-02,2.746114219134722645e-01,2.660551374106117639e-01,2.958637158122757738e-01,3.131400046165153661e-01,-5.461589257765634559e-02,1.836288678081878789e-01,1.000000000000000000e+00,3.227479715587804332e-01,3.581454697892657579e-01,2.257333110409645294e-01,1.534970898595370836e-01,1.688646493938304738e-01,1.891433716332916182e-01,1.312305739538029148e-01,1.088036706691325878e-01,1.128654484795329482e-01,1.023201479222046323e-01,7.320249049382411555e-02,7.602789147737255837e-02,6.215170408599574731e-02,6.308162810198493509e-02,2.439218470643431461e-02,3.869986333084769053e-02,2.075707044787908698e-02,3.181355497260614923e-02,1.494750669629894661e-02,2.476579067768294382e-02,-9.119028341039383742e-03,2.879212367543257899e-03,6.074709615781956860e-04,-3.975439539185212506e-02,-1.628356929205714617e-03,2.623728229459583797e-02,1.680545303586929162e-02,2.879730372811549824e-02,3.151240271479129745e-02,9.859706104599122098e-03,4.298468649043781648e-02,4.401898355913915623e-02,1.454048683967369519e-02,1.551861977364058908e-03,3.120281114549921728e-02,-1.560644438194756269e-02,-4.138906844360072668e-02,-7.272964121224283034e-03,-4.729841106937122258e-02,-3.395681940214852895e-02,-1.889716027381019639e-02,-4.007895905524434116e-02,-3.904072170372414191e-02,-2.671676772813933246e-02,-3.334532778408573483e-02,-3.662544606192357638e-02,-2.138578344668755349e-02,-5.582993187902460588e-03,-1.386115755040540770e-02,6.933870150411182605e-03,-5.467336103003524704e-03
9.219674966102691521e-03,1.339468242127200837e-02,1.904066962131409357e-02,1.843939014504398372e-02,4.083609243874581490e-02,3.066500497073740283e-02,2.619282540423730279e-02,2.202643488686510317e-02,3.143244012237025181e-02,3.138384697615507340e-02,6.225642737506090207e-02,-4.624917415416098312e-03,3.499969150279880897e-02,1.701005196157759081e-01,9.504645299181378737e-02,1.265866192518087519e-01,2.128072443848522122e-01,2.178492342957059902e-01,1.797844476745776854e-01,3.227479715587804332e-01,1.000000000000000000e+00,3.223898061615910193e-01,1.729711053413428012e-01,3.823872438213564706e-01,3.318520722423948244e-01,3.443494873648078602e-01,2.813478998081436755e-01,2.052503580326731913e-01,1.917488924516698445e-01,1.526387240694589420e-01,1.330906290927054147e-01,4.006542690508942822e-02,4.019389795675384208e-02,2.999658861986819261e-02,3.134593439609935361e-02,2.096266104086601592e-02,2.261663810209830691e-02,1.330114661741029457e-02,6.534611633415752206e-03,2.854914208542267198e-02,1.230356732241747082e-02,-7.620581976101963549e-03,-5.946090404994249304e-03,-2.703119483962200878e-02,7.322870355173271423e-03,6.042387586003053999e-03,-2.803292303160654763e-03,-2.511546005202712484e-02,-3.458107152026374670e-02,-4.087519565073662042e-02,-1.045423406076920539e-02,-3.229689334062540301e-02,-2.150675334322626683e-02,-4.087930842604787368e-02,-4.719695435435565523e-02,-7.028807459615446507e-02,-7.749806270967984911e-02,-4.760533730070456993e-02,-7.087541974063432670e-02,-1.888386986367364059e-02,-2.726105604384011089e-02,-5.154542775079079542e-02,-2.637431136076676119e-02,-2.821360840837833575e-03,-2.075229184845774066e-02,-1.802599835287919255e-02,1.721853113712147956e-02,3.895271555108480860e-02,2.805048309518282101e-02,3.169755566297392108e-02,2.657463045018287548e-02
2.197114858900520509e-02,1.533708850635032150e-02,3.222465826413301732e-02,8.319840896948193024e-03,5.791482223832356002e-02,3.254112931740087838e-02,3.255971796527495910e-02,-1.935234555234629714e-02,1.487258532825704374e-02,1.063586384635482364e-02,5.237046389208354497e-02,3.461429678063359609e-03,3.899419016976986285e-02,1.416753593403997091e-01,1.047916941198616808e-01,6.536995991162272701e-02,2.197292955720867580e-01,4.465554493127263380e-02,6.417042805698160157e-02,3.581454697892657579e-01,3.223898061615910193e-01,1.000000000000000000e+00,1.845583352496149021e-01,1.139488196736937985e-02,1.814876958721978739e-01,1.298659058285347445e-01,4.718997919466728919e-02,8.638822588616444642e-02,7.159451050585098619e-02,5.666915353647593301e-02,2.267779625403410632e-02,6.754940564825277771e-02,3.858069005059162199e-02,6.202187730736819643e-02,4.545270466980046338e-03,5.610886176897378515e-03,-3.277508226427974618e-03,2.869454346858668625e-02,-1.993348277332117162e-03,1.362315992706196292e-02,2.326982664087566890e-02,-1.473447365278251001e-02,2.803050760295425214e-02,6.421412859775832600e-03,1.876657561984805891e-02,2.743042489138237255e-02,3.354606803023914979e-02,2.893159026675738363e-02,4.244719168541276344e-02,1.604792898270937518e-02,3.746274417802575307e-02,3.604268293619652952e-02,4.598532282001962374e-02,1.946602590524994930e-02,3.129742167697557170e-02,-2.697709696739925000e-02,-4.004721265020805276e-02,1.866866924327835811e-02,-2.144849213389697640e-02,-7.127765879565380047e-03,-4.212856903370242045e-02,-4.567398842218755445e-02,-4.103816762842869836e-02,5.542250403085881814e-03,-2.315018923748835000e-02,-2.252718293619691142e-02,1.044050846130608994e-02,-3.447928456882667176e-04,-1.283051712281480005e-03,3.764629314593504264e-03,5.093811449523223504e-03
