1.000000000000000000e+00,4.013245478365271568e-01,2.723815169250852763e-01,3.060613364544485515e-01,1.750412993906792780e-01,1.286194752945531428e-01,1.450901330807339851e-01,2.983980023938971604e-02,1.428618512029830416e-02,6.833106638201566496e-02,3.651017025075108113e-02,4.435077521071786183e-02,2.670569909421486796e-02,3.345012034354245822e-02,-8.203185292576497742e-03,4.926542943708370030e-03,1.978492084983258029e-02,-6.428330527191920656e-03,-8.305668787671168299e-03,2.858831458126969219e-02,-3.238396403443899105e-03,-4.172985695799729527e-02,1.684739505858110983e-02,3.193150888994356756e-02,3.371521074387848899e-02,-8.886175559311017269e-03,-2.053499729772660307e-02,6.016835087056818243e-03,-1.546753862950124743e-02,-3.359654666658511927e-03,4.814368122841389264e-03,6.768147053589117917e-03,1.852046671786520410e-02,-4.131244793077929779e-03,-3.210316158477808518e-03,2.014653734489347051e-02,-3.967092360161009884e-02,-2.773035949818978066e-02,-1.470980348570897697e-02,-3.295925329078310678e-02,-2.437716251974176435e-02,-3.217103472712044832e-02,-3.469956301805806470e-02,-1.657637644990423700e-03,-4.658386692166285176e-02,3.395436906238343683e-02,3.087775536136766821e-02,3.714827930601521597e-03,-3.078769666514024825e-02,3.859448661749773080e-02,1.523714225611311895e-02,-2.111687548346928220e-02,-7.215299654306057790e-03,7.048861125280717066e-02,2.840974329547913194e-02,-2.478265832805903388e-02,3.191793576617663053e-02,7.692245813309760150e-02,2.366008342744537613e-02,-3.787775158861855698e-03,1.972249316112364981e-02,-1.037525576891818423e-02,-6.459258613598366401e-03,-3.401998941681685235e-02,-2.684987989669678984e-02,-1.575607559268207836e-02,-4.888850548879231789e-02,-1.417922738322374525e-02,-2.170649453179893107e-02,-3.288172556350513198e-02,-1.929383136176268622e-03
4.013245478365271568e-01,1.000000000000000000e+00,2.875093527715765762e-01,2.320166752411133015e-01,3.156314116741805731e-01,1.296296581839186390e-01,8.472824554147481702e-02,2.465370343518683699e-02,3.104263517252632901e-02,7.431602762450233157e-02,5.808271545145847481e-02,3.119729446725260161e-02,2.156161199222961233e-02,2.715664761162486437e-02,2.381424950695423468e-02,4.328819314521346190e-02,8.352154355820616549e-03,3.346725344334290642e-02,1.444088157845905933e-02,8.538820199059216076e-03,-3.779491753278747812e-02,-2.306248840580069764e-02,-1.162626767265508183e-02,1.961838497885511415e-02,-2.776160379370211199e-03,-1.378710905235332879e-02,-1.725657791130152247e-02,-4.765319239046442862e-03,-2.762291782004324889e-02,6.377662903664913820e-04,1.072090503647599689e-02,-5.768215838533299368e-03,2.821252942765800978e-02,-1.752434636267203097e-02,3.958333940650290809e-03,4.410988599832223189e-02,-2.193670948262984449e-02,-1.127458344742445981e-02,-1.443696029463084271e-03,-3.411285366112553480e-02,-1.975006658575983662e-02,-8.341471114242661813e-03,-4.342896248609927345e-02,-1.508940111075866841e-02,-1.368558932589912860e-02,5.223928521487340715e-02,7.322668210932219666e-03,1.916205924346128537e-03,2.331540068483173647e-02,3.869488482320257439e-02,-1.247757786954533168e-02,8.382711157102958402e-03,2.959858877121139542e-02,4.269803632676959226e-02,9.103341371828919254e-03,8.075545913718030003e-03,5.324372928798948301e-02,6.064472450244743490e-02,4.962825725607031974e-02,2.770874536898622689e-02,2.894942619393529176e-02,-7.801026706510895761e-03,2.554927393486559548e-03,-3.094668170231013385e-02,-1.108270406358086158e-02,-6.604313648166211352e-03,-1.441535036747897298e-02,2.093674256456455260e-03,-5.776057381886199552e-04,-1.375389013911515121e-02,1.070380596229399996e-02
2.723815169250852763e-01,2.875093527715765762e-01,1.000000000000000000e+00,3.162632148877226324e-01,3.510042015847671948e-01,3.538482764331782326e-01,1.433537432041696036e-01,5.122198758743162078e-02,1.312442414763711207e-01,1.461781551791008771e-01,1.578326758049207745e-01,8.578502070811448721e-02,4.149486304096463435e-02,4.918211660031676646e-02,5.087743729365584028e-02,2.630899176278334722e-02,2.368423828711693421e-02,4.053685896639131619e-02,-5.772081431136603935e-03,3.241003941973028685e-02,-2.470392073839266026e-02,-4.223177802324792202e-02,-6.582161827907849483e-03,3.875236123156202556e-02,1.061435327730709394e-02,9.602195689834863712e-03,2.817273075961092906e-04,-2.258256373585402335e-05,-2.053939964674971613e-02,2.497474794130240261e-02,1.277770093589332238e-02,8.087922603565778946e-04,3.485443415940030903e-02,-1.543845929213483875e-02,7.201540437685231139e-03,4.344747847918988687e-02,-3.155087220213449034e-02,-1.718986474340486112e-02,3.484087084773340552e-03,-1.296422856218591539e-02,-1.990934897645144433e-02,-1.607751527946373938e-04,-8.623626140683475841e-03,-1.098323047797767661e-02,-8.007738010812042589e-03,-1.016647820533069278e-04,-2.276349238722560203e-02,2.069731625285082047e-02,-2.153758756212751854e-02,-2.107709400415693629e-02,-2.334503828161740152e-02,7.489574251230064240e-03,-1.551444950802902253e-03,9.227402041718554826e-03,7.070644219110467678e-03,-3.893227303747966855e-03,1.612016434844647022e-03,4.161900332920500517e-02,3.706637290213313229e-02,3.664506150512709167e-04,3.557368946992748443e-02,-2.294650899025671431e-02,2.580179271817008638e-02,5.148255967052094671e-03,1.828041114275075554e-02,-8.030604838293925376e-04,-2.892302355430983064e-03,3.604447989798337249e-03,-3.422977011025343103e-02,2.852871141044913475e-02,1.264272081170466060e-03
3.060613364544485515e-01,2.320166752411133015e-01,3.162632148877226324e-01,1.000000000000000000e+00,3.486687559946881620e-01,2.741828273855629883e-01,3.579574319027554186e-01,8.016797196717370677e-02,6.130000767892913177e-02,1.735980329345084283e-01,6.551049550445726954e-02,1.074529173380822378e-01,8.183547739674598698e-02,5.736147147682106595e-02,4.262799364753768611e-02,3.557597123898093711e-02,2.784561629341611097e-02,1.810004459902257029e-02,1.249028918082679095e-02,2.981786519463801993e-02,9.553509183554452847e-03,-1.798158905358858070e-02,3.111399657127809568e-02,4.381829102159938427e-02,3.311736169870138635e-02,1.110564311340461047e-02,1.269665273571606891e-02,1.008843113866206807e-02,2.905511161611288532e-03,2.727382705861467957e-02,2.567460805979065661e-02,2.343987942623184523e-02,3.112820320710454197e-02,1.351811133225569450e-02,8.060244412510705544e-03,3.964570499241765883e-02,-4.696480448537837527e-02,-9.920720510787021246e-03,-1.569987829741236601e-02,-3.114443168098742984e-02,-3.487182165175391202e-02,-2.917087646467382209e-02,-4.544699284184493260e-02,-1.226729838204126781e-02,-3.710212275422428152e-02,1.805145608935262644e-02,-5.952694365379295957e-03,2.715415734215862256e-02,-2.306183519379044131e-02,1.612696982070456475e-02,-1.347136961286014151e-02,-1.939844367666010731e-03,-2.052236426134514211e-03,3.973700812770177004e-02,2.742154723376329095e-02,9.130594625501141023e-03,3.547856382944469811e-02,7.580332422910361634e-02,1.304074073856773680e-02,7.953780733383831666e-03,2.896365019370903196e-02,-1.864792262782083085e-02,1.115696964125611514e-02,-6.361930006104922139e-03,9.046423858328699399e-03,4.653383585421708157e-03,-2.553565147636026669e-02,-6.037961884942792332e-03,-6.187344913405514856e-04,-1.984596247561513233e-02,2.128705744998569266e-02
1.750412993906792780e-01,3.156314116741805731e-01,3.510042015847671948e-01,3.486687559946881620e-01,1.000000000000000000e+00,3.208674376609774170e-01,2.408505981467317647e-01,9.623885220338605773e-02,7.321963588503045683e-02,1.526809765692875576e-01,1.460112425722926710e-01,4.124088368060254556e-02,8.477887322875613321e-03,3.529750842574352898e-02,5.096184275488992860e-02,3.421006847018304847e-02,1.695837197610840187e-03,3.509205869660581012e-02,-8.660993613610739120e-03,2.682360997648310444e-02,-1.305120672143192384e-02,-4.116172077608856728e-02,-9.788595258630428467e-03,4.952631821674955553e-02,3.965879554899555404e-02,1.978012478069622951e-02,1.899172652257350921e-02,1.756808359030354733e-02,-1.769082458210426839e-02,2.552664369275046974e-02,4.327169360880432636e-02,-1.278048541528499830e-04,5.287981802464701564e-02,3.848363685437668907e-03,6.253780035817145706e-03,3.562525596368888020e-02,-2.762344332105970066e-02,-1.690764259518499554e-02,-1.182708587373519117e-02,-2.175681109554691503e-02,-2.203188342924846874e-02,1.855842897257744747e-02,-2.548620354246311850e-02,1.299949406488239145e-02,-7.684383765459427973e-03,1.522513450056108344e-02,-6.888358451581566219e-03,6.746679642824997269e-02,1.904195013243995677e-02,-1.238386432914448214e-02,-2.056078173290555935e-02,2.319204201687573644e-02,3.243481460824053711e-03,1.696287383689408512e-02,2.575152942566116820e-02,3.464422155984211993e-02,7.411479010038693298e-03,6.941967948143958067e-02,4.718524564583396336e-02,1.749660248418348496e-02,2.612800773108737290e-02,-2.439272358311204286e-02,-8.464542549424964105e-03,-2.725588117817506068e-02,4.788168028941896387e-03,-7.394828201080373697e-03,-7.031551005240634783e-03,-1.642347952048803933e-02,-2.026738392569725836e-02,2.840505840372172571e-03,-3.353790275000543761e-03
1.286194752945531428e-01,1.296296581839186390e-01,3.538482764331782326e-01,2.741828273855629883e-01,3.208674376609774170e-01,1.000000000000000000e+00,2.424197854755845427e-01,1.156132519554354948e-01,2.954272338915989171e-01,2.625297906540546844e-01,2.754893828665354594e-01,1.470761867124358580e-01,5.202450543145231004e-02,7.721861350853290173e-02,9.293417710407129995e-02,4.107114347468943799e-02,4.316951657291680233e-02,4.740869290831634109e-02,-1.616935781615045850e-02,6.845600438946375377e-02,-7.628216889773359322e-03,-7.084386611901796749e-02,2.403942915934085406e-02,8.208072125021259602e-02,3.069319421946995960e-02,5.701295280020759332e-02,4.197497904663723134e-02,3.066489654845970872e-02,3.572127418373490654e-02,5.779090526470456735e-02,3.565623025692001014e-02,2.883047613844628987e-02,5.056163416322367876e-02,1.408902818923089828e-02,4.935338605620322866e-02,6.832226693720332145e-02,8.472184057898287735e-04,1.847994066318497247e-02,1.501645644525481139e-02,1.659929108029401272e-03,-1.039364559274515327e-02,7.578004152199037391e-03,1.059890058313392967e-02,1.306168014872059920e-02,-2.872525818524557240e-02,-6.320173336360222771e-02,-3.941049943891081209e-02,3.234265237568924312e-02,-3.825978880798687476e-02,-3.925772412751156459e-02,-1.440115225848325083e-02,2.119271482797970008e-02,-4.256971395625006038e-02,-2.397150978396964463e-02,5.363853396778004573e-03,4.343993845402877030e-03,-1.584323640687547094e-02,1.761349550522215909e-02,1.002073857662295030e-02,-5.122259881323494753e-03,9.815963312924206111e-03,-2.774650896505419240e-02,3.507275191596639918e-02,1.186207003290406722e-02,2.104534335339516143e-02,-3.330442297506581870e-05,-1.766390724288339695e-02,-3.477310126853550010e-02,-2.587067543666970310e-02,1.930462950730911162e-02,2.474171843510844667e-04
1.450901330807339851e-01,8.472824554147481702e-02,1.433537432041696036e-01,3.579574319027554186e-01,2.408505981467317647e-01,2.424197854755845427e-01,1.000000000000000000e+00,2.188877776821127330e-01,8.648896454064372574e-02,2.614148495933608096e-01,1.078686092410059971e-01,1.353164259478984999e-01,5.158264880567803995e-02,6.821238267159042412e-02,8.401603827395776047e-02,2.371184567918130023e-02,3.935052513687968545e-02,1.892028500055791679e-02,-1.544730778376130625e-02,3.693682747668711880e-02,9.850181628296641664e-03,-5.075596407945053706e-02,1.742935597912879725e-03,4.418384586836514999e-02,4.517547060872464243e-02,-6.223702787314973860e-03,1.949876864682574193e-02,1.223486424055439609e-03,-1.097300414287618806e-02,4.042373014176028206e-02,-1.113982868123091982e-02,-1.177857404978471106e-02,3.556536000866847291e-02,-1.219567421977560406e-02,-1.191244738418233660e-02,4.039236645603740128e-02,-3.466608850965698096e-02,1.086728136059057943e-02,-1.313173460169402181e-02,-4.258913439556381159e-02,-3.331953067266243268e-02,-1.150365346716963541e-02,-4.317728779210268375e-02,9.230708871222594513e-04,-1.660987622905409078e-02,1.559941441228123761e-02,1.078733680262057050e-02,2.762674642812115028e-02,-9.914094502534600770e-03,1.089607488645571998e-02,-1.203964166618059529e-02,1.775927376137656499e-02,-2.591092888382510919e-03,2.070800367402298933e-02,1.779595897380714664e-02,4.015145393558336440e-02,3.650056905166793736e-02,4.830796381704466347e-02,1.204460487721300752e-02,1.793066107285307478e-02,1.307803459845324236e-02,-3.621850792515139261e-03,1.849846827698497023e-02,2.466510377202351528e-02,2.109029142888395672e-02,1.049629548707508783e-02,9.755221408059547641e-03,-1.006388647991472533e-02,-1.648555765033687948e-02,3.926755480919784554e-03,1.783783077582782803e-02
2.983980023938971604e-02,2.465370343518683699e-02,5.122198758743162078e-02,8.016797196717370677e-02,9.623885220338605773e-02,1.156132519554354948e-01,2.188877776821127330e-01,1.000000000000000000e+00,2.804502418435690370e-01,3.558006843313498702e-01,3.394705937688914932e-01,1.926280391653775736e-01,2.580613114714421993e-02,7.193492008055334119e-02,6.984677459139260192e-02,6.765410067215399392e-02,5.672520736421429038e-02,3.547468938936407939e-02,3.624787571334771308e-02,3.650562908584344818e-02,-1.025457002002843308e-02,-1.504628373586232304e-02,5.196488126962515997e-02,1.806678763409071478e-02,4.233669462928670718e-02,4.568530202014497305e-02,1.107568928419682547e-02,-3.499327560927231046e-02,1.641614096200332690e-02,4.412633554673720676e-02,-7.069070751198925327e-03,-2.450676182712922119e-02,2.711402975315106365e-02,2.645762048139044600e-02,-5.931864787285845257e-03,3.867014714155376370e-02,2.823022101726491932e-03,-2.091545688933848027e-02,5.869120184708246767e-04,-4.534643806186991477e-02,-5.264987692674812092e-02,-9.557723180974333349e-03,-4.435192060933598052e-02,-5.158718489135988294e-02,-6.187441756319310253e-03,2.601990403611534330e-02,-1.839068432196006020e-02,9.799908355969368101e-03,2.841830993825389395e-02,2.640973691787085187e-02,-5.897004345710924605e-02,1.475152284433555588e-02,3.071159273459185893e-02,4.516087884777919559e-03,-3.478401458297322030e-02,5.522872959914142815e-02,2.791073338552638519e-02,1.085167900545564758e-02,6.446379341621437213e-03,-1.145837346593841111e-03,2.083067522344703854e-02,-4.418453622443727774e-03,2.429595497337615900e-02,5.990227371057277664e-03,3.371094936076747539e-02,4.264239879142579098e-02,3.194388388182743677e-02,2.143738353622449272e-02,1.155254802182844112e-02,4.394107091454500791e-02,3.047852455143193473e-02
1.428618512029830416e-02,3.104263517252632901e-02,1.312442414763711207e-01,6.130000767892913177e-02,7.321963588503045683e-02,2.954272338915989171e-01,8.648896454064372574e-02,2.804502418435690370e-01,1.000000000000000000e+00,3.432807898299697347e-01,4.446388779821853210e-01,3.827491998432538400e-01,1.177530136356394752e-01,1.269301915809780690e-01,1.383107737733798026e-01,1.158007527539572784e-01,8.928287899916306780e-02,1.100643033473334698e-01,7.404386606490803713e-02,4.781458931122194861e-02,-8.684680573128010506e-02,-5.018460099756058557e-02,2.805844715100714107e-02,4.185781157813792119e-02,-2.331685171623831820e-02,9.858754904983066739e-04,2.042894086508906248e-02,-1.475052412551589726e-02,6.097745515771565549e-04,3.738818753425499075e-02,-2.382836382910356789e-03,-8.254810445713979192e-03,5.154458993404419098e-02,1.741239718949679416e-03,3.180663926539264302e-02,9.783980593228824851e-03,-5.279467688795278640e-02,-1.172160735901468277e-02,-9.348129766396918311e-03,-1.349011673716776598e-02,-3.254094520674093161e-02,-1.056842835941058456e-03,-3.506828222936099471e-02,-2.408261405069925948e-02,-7.991284796641488428e-03,6.193287716948906937e-03,-4.300294996302764759e-03,1.768505335547958593e-02,2.719148186607504153e-02,1.821174377380348902e-02,-2.710596729804104835e-02,4.398084198619824775e-02,4.117527769865612398e-03,-5.911321597181056105e-03,1.363243117580264889e-02,5.535109205583025466e-02,3.413909813236402913e-02,3.100448177582034240e-02,3.674307286921195403e-02,4.797576098471235950e-02,3.171829003056066826e-02,2.021406413667604929e-02,5.067759012993495321e-02,2.430032409745867122e-02,3.695611552991782955e-02,3.959973457939612584e-02,5.385957188596714185e-02,-4.594662512303024360e-02,-1.265742471174584154e-02,3.487618916764468474e-02,-7.079879287787117781e-03
6.833106638201566496e-02,7.431602762450233157e-02,1.461781551791008771e-01,1.735980329345084283e-01,1.526809765692875576e-01,2.625297906540546844e-01,2.614148495933608096e-01,3.558006843313498702e-01,3.432807898299697347e-01,1.000000000000000000e+00,3.821226370352377999e-01,3.719152586026255314e-01,1.127570630090087567e-01,4.452128063127740870e-02,1.317731071168964097e-01,8.187227655489821843e-02,5.194167154246318724e-02,9.193727216047722917e-02,2.253777712093132587e-02,6.018675669699652397e-02,-8.845907529707242034e-02,-7.929992731922519411e-02,2.349481354917349035e-03,7.862372265320237419e-02,3.436428286686406264e-02,3.277069963338095134e-03,7.998784117938501081e-02,-9.851821664846315343e-03,3.226537376942142932e-02,8.317054560458642110e-02,-3.534741611148638522e-04,-1.876973404903315920e-02,6.815024240340686323e-02,-8.940621261408078502e-03,2.063538453913908721e-02,3.859136302381604294e-02,-1.749524960858753891e-02,-3.849508270007125782e-02,-3.152764638872633529e-02,-1.285221361349053910e-02,-8.885257121118145252e-02,-1.278126506201914155e-02,-3.059957196173578378e-02,-6.352439496185872947e-02,2.494094606157588531e-02,2.594308593094013168e-02,-4.645631789069314121e-02,5.444194741814226655e-03,1.059623209300297048e-02,-1.668482144133486347e-02,-8.597360798703496121e-02,1.442669688824574879e-02,6.631679523653697360e-03,-2.288375804494820545e-02,-2.590176451933245624e-02,6.607778574217877676e-02,9.373102422655835153e-03,6.069435036570097752e-02,6.453938354953443757e-02,2.782279458692938842e-02,5.417709054556450049e-02,-3.307593737528511518e-02,4.711422598401654449e-02,3.255599936306650261e-02,4.771558031855073490e-02,2.925856705771164371e-02,5.309536144534791891e-02,-1.973756073357397015e-02,-1.693140758280086214e-02,4.576170519995335917e-02,3.801029279765005126e-02
3.651017025075108113e-02,5.808271545145847481e-02,1.578326758049207745e-01,6.551049550445726954e-02,1.460112425722926710e-01,2.754893828665354594e-01,1.078686092410059971e-01,3.394705937688914932e-01,4.446388779821853210e-01,3.821226370352377999e-01,1.000000000000000000e+00,2.814422865605539226e-01,2.771588416831538212e-02,1.165803489069746485e-01,1.309807697080963285e-01,1.685475740835253866e-01,8.593536695183442986e-02,9.519354555877142243e-02,6.115769837993317859e-02,5.109185060414393742e-02,-8.238445993840586012e-02,-6.474624042458754225e-02,3.384188124983142365e-02,4.681921509844323009e-02,-1.198222983832241545e-02,2.960757316054287228e-02,3.215203700500579576e-02,2.212123260183844714e-04,1.938576611129234906e-02,6.921436768968840247e-02,1.220048162867002142e-02,-1.216889003457067783e-02,5.886747545315668823e-02,1.684683143924161838e-02,2.338965136755503590e-02,8.445940625296655471e-03,-4.721377206653266240e-02,-5.602360073445825095e-02,-3.802925363281312032e-02,-1.811826293221728557e-02,-8.360583041235591928e-02,-9.839643785464070869e-03,-2.752942133745431633e-02,-5.198365273318025781e-02,2.367268776808595723e-02,7.569284401220035402e-03,-3.350459120419507775e-02,1.381376517139553707e-02,4.820863627284947828e-02,1.936382076174669037e-02,-4.925534955161461892e-02,3.790363809705760145e-02,7.296475229545122025e-04,-2.553908247528591247e-02,-1.754864003271093542e-02,6.203976826717639420e-02,3.601256063225417164e-02,2.209843812534431282e-02,3.322852774838035844e-02,4.367701441194218881e-02,1.612445347656209574e-02,1.045888018115670275e-02,6.245988719576479886e-02,3.328065542900540685e-02,5.920296066391193823e-02,3.749269903576597784e-02,3.286431754074346095e-02,-5.229414307374636445e-02,-1.392945964062465049e-02,4.525905798441180045e-02,1.564686637925766927e-03
4.435077521071786183e-02,3.119729446725260161e-02,8.578502070811448721e-02,1.074529173380822378e-01,4.124088368060254556e-02,1.470761867124358580e-01,1.353164259478984999e-01,1.926280391653775736e-01,3.827491998432538400e-01,3.719152586026255314e-01,2.814422865605539226e-01,1.000000000000000000e+00,2.993170924803005839e-01,2.269428927213558711e-01,2.097152813952805062e-01,1.492622016879268376e-01,1.943914693563052465e-01,1.771613710188896795e-01,1.224724597194289388e-01,1.253929707187768638e-01,-1.316717841038225756e-01,-9.554487082498812345e-02,7.113824520182628064e-02,1.332405294923626193e-01,6.112967913458479396e-03,2.200863731867636411e-02,9.793280189059529184e-02,4.316394032582256124e-02,5.638638836719057218e-02,1.159155204059998112e-01,5.674687516368182028e-02,3.537543881866608841e-02,9.379942159044679650e-02,5.489751360049332368e-02,8.706979352372083703e-02,3.313825563804497637e-02,-3.462634385623429567e-02,-1.475943500820690174e-02,-7.216302180986090831e-02,-3.923256259973808419e-02,-7.551044452980225363e-02,-6.981185306765645693e-02,-5.017385276590741877e-02,-5.581149930821552307e-02,-4.821871380307276439e-02,1.733015808858851328e-02,-6.998742924600307412e-03,-1.647537584629050686e-02,6.782622522845338509e-03,1.709309960863657218e-02,-5.197440871369714277e-02,-1.525938595587854676e-02,-6.259757532059561681e-03,1.384363215060678033e-02,-1.012203290447000019e-02,3.646506548775581280e-02,5.429134201777203322e-02,7.214200524960580341e-02,3.471116662643076306e-02,4.486199016512561200e-02,5.224860686669632881e-02,1.584509467653822529e-02,6.684498850779856116e-02,4.117495946526500417e-02,6.385233124587740006e-02,3.136312101733649410e-02,1.645091234576116085e-02,-5.619569013106878730e-02,-2.142142631911665707e-02,1.293969193688519412e-02,-1.768454502906066216e-03
2.670569909421486796e-02,2.156161199222961233e-02,4.149486304096463435e-02,8.183547739674598698e-02,8.477887322875613321e-03,5.202450543145231004e-02,5.158264880567803995e-02,2.580613114714421993e-02,1.177530136356394752e-01,1.127570630090087567e-01,2.771588416831538212e-02,2.993170924803005839e-01,1.000000000000000000e+00,3.043069798550884775e-01,2.451532512206432424e-01,2.519026770653337022e-01,2.712818910580379050e-01,2.397890480594033202e-01,1.793711792984746811e-01,1.791212578073100858e-01,-1.715976537002428803e-01,-1.101357411714486839e-01,8.039220907891816981e-02,1.704928695848006714e-01,-2.453896770210656567e-02,2.619082419592299801e-02,9.627900218996045256e-02,7.423510724638104907e-02,5.422143900237931524e-02,1.484995690164130633e-01,1.028187763849010838e-01,6.522413824866880872e-02,1.497911704952433198e-01,9.858423867498784798e-02,1.125198482420078083e-01,5.594000470506776262e-02,2.099485211601427592e-02,4.651595934302060059e-02,-6.705422849019355980e-02,-2.053136771486049547e-02,-5.617012223565628209e-02,-7.484147483766931397e-02,-2.909875250599072358e-02,-3.470424041875045523e-02,-6.424263221179904448e-02,6.709873006019478198e-03,-2.428563782656741055e-02,-4.747028507837371819e-02,-2.502358391896103776e-02,1.940580248150280615e-02,-4.628872948879605292e-02,-5.459899742582250554e-02,3.404678805088876686e-02,2.656425305936118905e-02,-6.948016070101871444e-02,-1.250163289717105657e-02,9.425824013284480468e-03,6.629838734453247229e-03,1.394588714614539496e-02,4.592336187552370497e-02,3.941338862058985093e-02,9.119425352329124657e-03,4.496099901916560809e-02,1.550057753685823991e-02,6.514838065062643346e-02,1.346901379136152682e-02,-8.969899481786775333e-03,-5.566873987201836210e-02,-4.499088189634481774e-03,2.123161989219896420e-02,3.245126914728033857e-03
3.345012034354245822e-02,2.715664761162486437e-02,4.918211660031676646e-02,5.736147147682106595e-02,3.529750842574352898e-02,7.721861350853290173e-02,6.821238267159042412e-02,7.193492008055334119e-02,1.269301915809780690e-01,4.452128063127740870e-02,1.165803489069746485e-01,2.269428927213558711e-01,3.043069798550884775e-01,1.000000000000000000e+00,3.960830049127153085e-01,3.418731140981129957e-01,6.372215674536062524e-01,3.579836627943497329e-01,2.278930064595761917e-01,4.373776363364628161e-01,-1.951446539126917012e-01,-3.013294010784657306e-01,1.921443443468982271e-01,4.058728952944094526e-01,6.398807864258730660e-02,1.133101011329679386e-01,1.639457510989134892e-01,1.526019986722029487e-01,1.338304281416786701e-01,1.688491334633404062e-01,1.389181801655557380e-01,1.246721728126722745e-01,1.826224701757210855e-01,1.289024208860486964e-01,1.669173115623454051e-01,8.241898135111895562e-02,3.364796856677989417e-02,4.621924946699914466e-02,-9.893504944685661828e-02,-4.242064828037852425e-02,-8.290939400690169880e-02,-1.474437440528089671e-01,-8.759379127290339850e-02,-7.901309802041098229e-02,-1.440033375560969831e-01,1.247401285374005221e-03,-9.896833278971468167e-03,-9.725729723142105543e-02,-4.968587740554439303e-02,2.105679107958385074e-04,-9.421434649913845716e-02,-1.150550766867582259e-01,-4.971669530492345973e-02,2.374388231507634783e-02,-6.740993726699612276e-02,-7.905553148864709334e-02,6.680510574903574146e-03,-1.006541967757455108e-02,1.939318552871269891e-02,3.040975880725069885e-02,5.576502797271284256e-02,4.813902638912882087e-02,9.246890630575359260e-02,-1.424218463718870432e-02,5.339634123716863884e-02,2.218361272353810629e-02,-8.255694852107318960e-02,-7.691273170310701512e-02,2.218022602768614931e-02,2.700036024420954944e-02,-1.651941026575378269e-03
-8.203185292576497742e-03,2.381424950695423468e-02,5.087743729365584028e-02,4.262799364753768611e-02,5.096184275488992860e-02,9.293417710407129995e-02,8.401603827395776047e-02,6.984677459139260192e-02,1.383107737733798026e-01,1.317731071168964097e-01,1.309807697080963285e-01,2.097152813952805062e-01,2.451532512206432424e-01,3.960830049127153085e-01,1.000000000000000000e+00,4.095641108057039292e-01,3.478495394920364525e-01,4.997987398896149847e-01,2.047452248295412169e-01,2.524072607841622573e-01,-3.716423731109030348e-01,-2.932727658289296935e-01,-5.100953702398132450e-02,3.228402702373726618e-01,-6.216876086982778271e-02,-7.601463277739936575e-02,1.033693524989690721e-01,4.338608017190322824e-02,-2.311725434425028480e-02,1.027902327373446528e-01,3.678807940574751328e-02,1.030903161809713225e-02,1.559446001159191797e-01,3.891343959844168615e-02,8.639641783577313439e-02,7.196240402875216102e-02,4.453309129298605590e-02,7.290117594695839920e-02,-2.075141781621106865e-02,-6.144588533546488547e-03,-6.441602288124489983e-02,-2.401491097150736109e-02,-1.392362996669130847e-02,-4.976996234291605065e-02,-8.014349953149877206e-04,2.213194571031159089e-02,-2.505500482245781937e-02,-4.180251453788010052e-02,6.995632333370943590e-02,1.367859616784718700e-02,-7.096716175402825733e-02,1.271020787572459121e-02,7.782321700428351634e-03,-8.128980584585196456e-02,-6.038334039012561993e-02,2.840375286649322178e-02,3.825718244318125627e-02,-2.178598770560171566e-02,4.614170423266333865e-02,1.026106837893556029e-01,1.135906138418530387e-01,9.868685111184509473e-02,1.378144218737634152e-01,5.672515469935183324e-02,9.244239528700441688e-02,9.356765805333104591e-02,4.542994447311835687e-02,-5.979453448162720675e-02,-3.371815287213352722e-03,7.262774897880742986e-02,-2.402047658637711681e-03
4.926542943708370030e-03,4.328819314521346190e-02,2.630899176278334722e-02,3.557597123898093711e-02,3.421006847018304847e-02,4.107114347468943799e-02,2.371184567918130023e-02,6.765410067215399392e-02,1.158007527539572784e-01,8.187227655489821843e-02,1.685475740835253866e-01,1.492622016879268376e-01,2.519026770653337022e-01,3.418731140981129957e-01,4.095641108057039292e-01,1.000000000000000000e+00,3.391151976838407411e-01,4.277192821086643337e-01,4.155075184954813428e-01,1.276909744094820998e-01,-3.192460164866523509e-01,-3.634672498538204372e-02,1.866796256529058839e-01,1.281752136079967741e-01,-1.916895236067822084e-01,4.475381638606968498e-02,4.768978686997359107e-02,8.882223974065479866e-02,5.019135334082258648e-02,1.045497336246287712e-01,1.280175814708490178e-01,3.462620530333859747e-02,1.870065850612140923e-01,1.365254726131509000e-01,8.769904921269175424e-02,8.944571035061420206e-02,3.432389136564632098e-02,7.838003117757935678e-02,-7.267266964530577633e-02,-2.860241002138802155e-02,-5.912856089862279785e-02,-6.868101913292576355e-02,-2.529861708824333866e-02,-5.353087427919928087e-02,-7.816801043472537680e-02,-1.936459401189349547e-02,-8.431112039995896507e-03,-1.072843497631660453e-01,-1.042806916944645675e-02,3.219478165356962074e-02,-9.224768007615070931e-02,-1.097927796343190765e-01,-5.807343495816195793e-03,-2.511259259864473056e-02,-1.464735883778496561e-01,-7.229818776771454458e-02,8.532198139805860851e-03,-3.340384899397145363e-02,-8.330839053451234710e-02,4.995325084944637895e-02,3.518441287998429201e-02,1.082298544558717435e-01,1.368124309301287367e-01,4.027111450429534528e-02,1.504987525239831203e-01,8.941336598606032526e-02,1.905229670423151320e-02,-7.113715877599793846e-02,2.832296211109714898e-02,4.264294731440355923e-02,-1.393350245440214477e-02
1.978492084983258029e-02,8.352154355820616549e-03,2.368423828711693421e-02,2.784561629341611097e-02,1.695837197610840187e-03,4.316951657291680233e-02,3.935052513687968545e-02,5.672520736421429038e-02,8.928287899916306780e-02,5.194167154246318724e-02,8.593536695183442986e-02,1.943914693563052465e-01,2.712818910580379050e-01,6.372215674536062524e-01,3.478495394920364525e-01,3.391151976838407411e-01,1.000000000000000000e+00,4.357228892963577738e-01,3.832112627023853135e-01,5.833937122162581312e-01,-1.945904589606201607e-01,-3.436378266622722721e-01,3.280515625686336589e-01,5.190122241662851188e-01,7.057008752268058294e-02,1.610366443184242935e-01,2.023712211654502269e-01,2.167346439170598771e-01,1.992163842456927680e-01,2.163915599384386990e-01,1.900862319727400218e-01,1.669269831589948461e-01,2.389524602766268102e-01,1.889679301485697738e-01,2.164422954941184196e-01,1.030124602291846853e-01,7.259725885773335441e-02,4.495459628111951600e-02,-1.204628331715220380e-01,-4.548133956666829819e-02,-1.117331187102202222e-01,-1.795858858172938166e-01,-1.019244254190908305e-01,-1.206792596122523015e-01,-1.563568989353232019e-01,1.571283351093357220e-02,-3.086074438575334491e-02,-1.624677348429697521e-01,-4.973294484660927689e-02,-3.260243743562921213e-04,-1.358653316290077961e-01,-1.516279924235031107e-01,-4.698592142466855720e-02,2.181329960651521432e-02,-9.509223903235293485e-02,-8.728509477195181554e-02,6.176811824193311623e-03,-2.962326900266629842e-02,-6.001665971042482312e-03,7.989720390919604698e-04,5.813896061778948965e-02,6.642597034317838933e-02,1.014283697637663184e-01,-2.774910067238915701e-02,4.945895934852007070e-02,2.388955064906890524e-02,-9.676453703980618382e-02,-1.008687464322735178e-01,2.770165784143701487e-02,4.572030687239585223e-02,-1.132596812081948165e-02
-6.428330527191920656e-03,3.346725344334290642e-02,4.053685896639131619e-02,1.810004459902257029e-02,3.509205869660581012e-02,4.740869290831634109e-02,1.892028500055791679e-02,3.547468938936407939e-02,1.100643033473334698e-01,9.193727216047722917e-02,9.519354555877142243e-02,1.771613710188896795e-01,2.397890480594033202e-01,3.579836627943497329e-01,4.997987398896149847e-01,4.277192821086643337e-01,4.357228892963577738e-01,1.000000000000000000e+00,4.255955282520750282e-01,2.833573123233660285e-01,-6.662768455376999466e-01,-3.131438983208675864e-01,-6.293100427904968486e-02,3.520723201118411416e-01,-2.236804742255087131e-01,-1.743483144578938382e-01,6.815833248144395617e-02,1.205302599999550500e-02,-7.960074509158017453e-02,7.413902619047879616e-02,2.096033790753074055e-02,-6.612228506842766917e-02,1.484219865188470266e-01,4.430090928773260800e-02,4.033787083290103076e-02,4.780450958622953217e-02,1.343280863147768012e-02,3.312297555487331291e-02,-7.970081174642834609e-02,-2.128654938549679951e-02,-9.741325352462033849e-02,-3.745946117254302793e-02,-1.196704309411545340e-02,-7.321700994630878090e-02,7.567935436386530670e-03,2.366102907673493100e-02,-5.279381490059316395e-02,-6.871027295539872126e-02,8.417196458525541547e-02,7.037186993902570450e-03,-9.262602636640344944e-02,4.004370143297138196e-03,5.325335720017533581e-02,-1.121869213398411919e-01,-8.840346254583761332e-02,4.059520860627834071e-02,2.255179295621438304e-02,-8.153832545655013975e-02,4.009737774051150977e-02,1.338514733494864106e-01,1.344504006171220456e-01,1.468213290111349545e-01,1.727090538831597688e-01,1.112451353176345803e-01,1.673260788856934245e-01,1.135671929942398128e-01,1.213622444409925144e-01,-3.885835260330759017e-02,-2.310479214275589985e-02,9.598324684990908184e-02,7.526711391546292082e-03
-8.305668787671168299e-03,1.444088157845905933e-02,-5.772081431136603935e-03,1.249028918082679095e-02,-8.660993613610739120e-03,-1.616935781615045850e-02,-1.544730778376130625e-02,3.624787571334771308e-02,7.404386606490803713e-02,2.253777712093132587e-02,6.115769837993317859e-02,1.224724597194289388e-01,1.793711792984746811e-01,2.278930064595761917e-01,2.047452248295412169e-01,4.155075184954813428e-01,3.832112627023853135e-01,4.255955282520750282e-01,1.000000000000000000e+00,8.225741989646779412e-03,-3.780895594195063381e-01,2.739891323075981933e-01,4.535879684399417577e-01,7.030274897100714793e-02,-2.997702722178415824e-01,6.380748461595901755e-02,5.989706776026630652e-02,9.670939077789035554e-02,8.348956611688373997e-02,1.242186055024734892e-01,1.479075096571231540e-01,4.041343261333770615e-02,2.000102575709323538e-01,1.481733227041015788e-01,7.398524336927976564e-02,4.957505136831378417e-02,3.573185477037683910e-02,3.931424876641179816e-02,-9.413504902043977329e-02,-5.752109781608992500e-02,-9.008761523805994265e-02,-3.583371750455539156e-02,-5.259780875864836919e-02,-5.032413241008491106e-02,-4.795182146963155451e-03,6.588375526522675940e-02,-2.005138845836370448e-02,-1.155326174542520984e-01,6.444717134640175205e-02,6.912389007841897304e-02,-8.836717565181048673e-02,-7.152413658707440502e-02,8.586938230388385662e-02,1.541218854018791551e-02,-1.722016013822402769e-01,-2.599896121435759863e-02,4.616500723472904272e-02,-4.037769057120790817e-02,-1.266900923425356706e-01,3.688505532680286247e-02,1.942848342441224133e-02,1.741295859781565869e-01,1.656792698748248971e-01,4.829433572417803078e-02,1.859648387188432839e-01,1.081208791106266637e-01,5.504759812262082636e-02,-5.955491105371428506e-02,1.379886321889607290e-02,4.777837511016542332e-02,-3.635807447452354957e-02
2.858831458126969219e-02,8.538820199059216076e-03,3.241003941973028685e-02,2.981786519463801993e-02,2.682360997648310444e-02,6.845600438946375377e-02,3.693682747668711880e-02,3.650562908584344818e-02,4.781458931122194861e-02,6.018675669699652397e-02,5.109185060414393742e-02,1.253929707187768638e-01,1.791212578073100858e-01,4.373776363364628161e-01,2.524072607841622573e-01,1.276909744094820998e-01,5.833937122162581312e-01,2.833573123233660285e-01,8.225741989646779412e-03,1.000000000000000000e+00,2.798613364965668593e-02,-5.891239040324856013e-01,2.728671537168990691e-01,6.210092517492903363e-01,3.006630853397111447e-01,2.000752889167132509e-01,2.435945554746885289e-01,2.381204841094711477e-01,2.207653722744721547e-01,2.242539274851010345e-01,1.512196718108127502e-01,1.987575052529844677e-01,2.009732848473873845e-01,1.355465646558025317e-01,2.398164685304356170e-01,1.156135380005081370e-01,7.635006533379717908e-02,5.719150577568708066e-02,-7.138613726918527358e-02,-3.715999282027562974e-03,-7.596532726760965581e-02,-1.788989893128760666e-01,-6.671168848993606904e-02,-1.218412103073850672e-01,-1.567965445837867233e-01,-1.901130331326192704e-02,-6.970012190092936266e-02,-1.292351749384268444e-01,-9.230618641508360478e-02,-5.641201340622124111e-02,-1.425870391861520370e-01,-1.595749457332837073e-01,-1.093792756339171945e-01,-4.251128424327230322e-03,-5.591765447408006406e-02,-1.041657148957504803e-01,-4.213316409418153830e-02,-2.285783813404004133e-02,5.010297647250080283e-02,-2.564817903032676899e-02,5.241031206371095374e-02,-1.913958182366761254e-02,2.592716485508534188e-02,-5.416432087595146605e-02,-5.393933476148410344e-02,-4.399873941559047374e-02,-1.471798568251104500e-01,-8.210682641553466998e-02,4.096037652813059454e-02,1.446078357998421219e-03,-1.720662794368795108e-03
-3.238396403443899105e-03,-3.779491753278747812e-02,-2.470392073839266026e-02,9.553509183554452847e-03,-1.305120672143192384e-02,-7.628216889773359322e-03,9.850181628296641664e-03,-1.025457002002843308e-02,-8.684680573128010506e-02,-8.845907529707242034e-02,-8.238445993840586012e-02,-1.316717841038225756e-01,-1.715976537002428803e-01,-1.951446539126917012e-01,-3.716423731109030348e-01,-3.192460164866523509e-01,-1.945904589606201607e-01,-6.662768455376999466e-01,-3.780895594195063381e-01,2.798613364965668593e-02,1.000000000000000000e+00,1.717865618343195344e-01,2.560625836754631401e-01,-1.311262380904504865e-01,4.204979899370642760e-01,3.090997520654621966e-01,7.300711807158233313e-02,1.139161939347324431e-01,1.797637866364678316e-01,4.849366843985763315e-02,7.380598923030348701e-02,1.591046470811260660e-01,-4.040839724652235676e-02,3.158066342735899729e-02,5.910083217722329058e-02,2.209784930710545839e-02,2.695932230785346578e-02,1.981133146839753837e-03,5.367409969248009005e-02,3.420279699974847210e-03,7.166417620010809286e-02,-3.311022106510952412e-02,-3.688115622318820230e-02,3.213717833812095720e-02,-1.006097747307578838e-01,-4.182683231331456308e-02,3.610419297313115228e-02,4.194235274518595680e-02,-1.062024471714990426e-01,-4.061003189451276030e-02,4.048048285693597176e-02,-1.056297628125094368e-01,-9.106160471490581942e-02,1.206152908120367989e-01,4.813013340196364842e-02,-9.016330925094122317e-02,-5.386655723831299675e-02,4.003796730240035545e-02,-5.551661292073422488e-02,-1.420540708321225143e-01,-1.440874259268376811e-01,-1.577108466763089689e-01,-1.782833019016722143e-01,-1.156603380897817945e-01,-2.066230498626949186e-01,-1.231657156202248943e-01,-1.418072089274052816e-01,3.897399739847908634e-02,7.658859637887736882e-02,-8.211373852057914091e-02,1.951005088851368030e-02
-4.172985695799729527e-02,-2.306248840580069764e-02,-4.223177802324792202e-02,-1.798158905358858070e-02,-4.116172077608856728e-02,-7.084386611901796749e-02,-5.075596407945053706e-02,-1.504628373586232304e-02,-5.018460099756058557e-02,-7.929992731922519411e-02,-6.474624042458754225e-02,-9.554487082498812345e-02,-1.101357411714486839e-01,-3.013294010784657306e-01,-2.932727658289296935e-01,-3.634672498538204372e-02,-3.436378266622722721e-01,-3.131438983208675864e-01,2.739891323075981933e-01,-5.891239040324856013e-01,1.717865618343195344e-01,1.000000000000000000e+00,2.509037293108311584e-01,-5.739490930741176777e-01,-1.635425408614882004e-01,9.559699714917270497e-02,-8.686286556796937730e-02,-3.696786395398521385e-02,1.021900518443663933e-02,-4.037026167853530190e-02,3.294752344160279539e-02,-1.155323637358680877e-02,-3.561898343680024170e-02,7.060846626913610397e-03,-7.417758033148208474e-02,-3.491991616910791046e-02,-6.688561259591516671e-03,2.900087567649016311e-03,1.351636383043687030e-02,-3.757762648607425315e-02,5.092481382062600398e-02,9.023517777794756722e-02,-1.609230989275688486e-02,8.630640636791543641e-02,5.064539799025313122e-02,2.868686019424388986e-02,6.381315353758612585e-02,5.710602454425420249e-02,3.959358989679911262e-02,8.467192948830554178e-02,8.683476939001250061e-02,5.254448316901635246e-03,9.570608456840042078e-02,9.164247530463379143e-02,-5.647641870837112610e-02,-3.752742345448726799e-03,3.612661626767520867e-02,-1.595963504630669438e-02,-1.584418468161907789e-01,-4.387922910545106331e-02,-1.151581724091139541e-01,4.280422053299553359e-02,-1.153334457864342404e-02,1.873466603151621723e-02,6.174805004264968811e-02,3.408237582541921717e-02,8.535104920053691868e-02,4.798119833804173617e-02,7.462299783519580308e-03,-2.975504569814683628e-02,-1.274682278995215370e-02
