1.000000000000000000e+00,3.704362253348381651e-01,4.085200190880557414e-01,3.630323431881290475e-01,2.514628648223485308e-01,2.953015699593181109e-01,2.439735654040967872e-01,2.293559205076396157e-01,2.406378923124312119e-01,1.972664682952650905e-01,1.496258166953266244e-01,1.676844851540235937e-01,8.147954568645832119e-02,1.095865628255290186e-01,3.216718158617694334e-02,3.190928860304931974e-02,6.540234462548054351e-02,2.711125212638503673e-02,7.836772135415749629e-02,7.175231042863609854e-02,-3.088434521760346878e-03,1.127912331233981054e-02,1.004304080004151702e-02,9.522330748373270329e-03,2.768935905524323379e-02,4.867169368239621097e-02,5.710379513718602529e-02,5.063657454528715934e-02,5.369084535175645823e-02,2.139836679559914065e-02,6.058737114859720496e-02,5.202652921460841628e-02,-5.598937421645223088e-03,2.213709777891561051e-02,1.441284002740903306e-02,-7.171742401890203455e-03,4.385190000972839092e-02,1.175639196867989469e-02,3.066161015947332577e-02,1.644264694151520434e-02,2.108723002870213636e-02,5.286479124556688926e-03,-2.381997617946188858e-03,2.981396788106219480e-03,7.164353221546271820e-03,5.413514790565697454e-03,5.258784277208076660e-03,-4.951178824602563838e-03,-1.908520079605028827e-02,3.331722034982174344e-03,-1.300939150575750568e-02,-2.959088582584353932e-03,-3.932649601744437132e-03,-1.073781924580574122e-02,8.242248175746520397e-03,-8.796304649725099692e-03,6.128480923051773423e-03,-4.820055636479619182e-03,-1.569328234695509944e-02,1.069353850417297316e-02,-1.068681311816729006e-02,-9.335010381562947393e-03,-1.204399505945035961e-02,-2.975638279008552267e-02,-5.495644210607492135e-05,-2.125266828893932272e-02
3.704362253348381651e-01,1.000000000000000000e+00,3.117726713643850234e-01,3.543710491215016911e-01,3.745071198965962411e-01,1.703444625814222457e-01,2.190686026607258641e-01,2.219903832654038511e-01,1.302612524875777500e-01,1.713174370024840576e-01,1.366211611889385780e-01,1.038463730566787646e-01,7.830608484463855157e-02,8.310954190924371709e-02,3.526484544440849217e-02,4.584130074469788124e-02,6.905580304409961179e-02,4.580113109761640988e-02,7.155434082109955740e-02,6.601746971948456444e-02,-6.899179191971090142e-03,-1.125204321302910281e-02,-1.221901707902071747e-02,-3.867315421300752606e-03,1.966696742578369350e-02,3.930610514032945729e-02,3.608502085023809064e-02,3.894560307106345598e-02,3.941681588497052829e-02,1.225629582807374884e-02,2.609214544911011430e-02,4.046889081037278318e-02,8.657691504524327175e-03,1.983961846751898517e-02,2.499890948107894029e-02,8.140141250624295449e-04,4.639222223947774698e-02,3.122865223688920527e-02,2.170925484389734164e-02,1.211052354351887465e-03,3.187596074547666136e-02,-2.010496876281663622e-03,-2.352817728522917096e-02,2.757473373879661040e-03,2.811337403019395151e-02,4.836213767724401730e-02,2.561055419975815164e-02,1.206206334298818607e-02,1.334027309908268448e-02,5.849328106047458134e-03,1.429839696607104228e-02,3.957794171013861648e-03,1.458386026716532169e-02,1.002459444845308668e-02,1.578209299165627549e-02,-1.106580703440392111e-02,1.342715725100548409e-02,-6.550588075940395015e-03,-5.175696175079545942e-03,-2.793998786334435727e-03,-3.025972770541252022e-02,-3.898169788587101114e-02,-2.137770738402584858e-02,-8.701132520184465258e-03,9.871801632370152263e-03,-2.086819712355637846e-02
4.085200190880557414e-01,3.117726713643850234e-01,1.000000000000000000e+00,3.311934978468849544e-01,4.408001484830040284e-01,4.641692839359694012e-01,2.461179806298864348e-01,3.765035161838505284e-01,3.456436819475705580e-01,1.688472856947405010e-01,1.803091599026830361e-01,1.837245143999084174e-01,3.266652249009959624e-02,1.367298007218377687e-01,7.011187670753567247e-02,-3.362237915523786248e-04,6.077729266261438362e-02,1.783766682107617782e-02,5.624316138275860938e-02,5.601345487606168572e-02,1.991497609609510153e-02,-1.584500164011018453e-02,5.130302659510737467e-03,2.531486166694669679e-02,5.038208940666845381e-02,6.467433968156705015e-02,8.784367865564897404e-02,6.780383298858592978e-02,6.661254652642616125e-02,2.063087295252638564e-02,4.534410146309750256e-02,5.954999652112002995e-02,1.038659106901321239e-02,1.361227110877893942e-02,-5.277418127189814970e-03,5.775086946272187799e-03,4.683306955489575929e-02,2.040881831151628457e-03,2.976018231333875386e-02,3.523048842763577826e-02,2.528663539666570204e-02,-1.260405360164756558e-02,-1.552364360335187037e-02,8.941110869727281890e-03,3.390245841811666272e-02,2.051742496888159586e-02,1.759538920178697896e-02,1.385866398493537481e-02,-1.879650844086079922e-02,-1.055448923979848859e-03,3.848948544648017698e-03,-1.125093970915474681e-02,1.157976791070479405e-02,-3.099963923552186834e-03,1.085548286264448326e-02,-4.832848941986885813e-05,2.920573356729319267e-02,-7.003197997338819834e-05,7.056122868894243623e-03,1.178620707128249026e-02,-2.828228241356987166e-02,-3.177258992241832614e-02,-2.222627363816657986e-02,-3.189167712822620071e-02,-7.656276398461530318e-03,-3.070952674767915905e-02
3.630323431881290475e-01,3.543710491215016911e-01,3.311934978468849544e-01,1.000000000000000000e+00,3.703734415183673745e-01,3.871876538787459854e-01,4.027455183433371610e-01,2.900910393230158313e-01,3.273253536319624124e-01,3.326427080144626625e-01,2.111248754394658700e-01,2.706193193490550875e-01,1.229411791544042093e-01,1.234266491499120544e-01,-2.088899259091986545e-03,4.246291097048100760e-02,9.110305264104009981e-02,6.068543741233312777e-02,1.234400430226998552e-01,1.215081229103397303e-01,-2.100538039592113673e-02,-2.302627405913594549e-02,-5.809873806871186305e-03,-8.731156455872005409e-03,2.171814370173962352e-02,4.634384003598675944e-02,5.526280961978730089e-02,3.549685135315324563e-02,5.129117258605531138e-02,2.048579026976199424e-02,6.094088659487979787e-02,4.143767576474852166e-02,-8.294357089855104725e-03,3.394953877702034523e-02,2.389942102061400064e-02,1.384807381551172480e-02,4.117507628907739192e-02,1.230840353992113979e-02,-1.557532658011590888e-03,-1.508719584514814881e-02,2.255232634290547933e-02,-2.383279204016713892e-02,-1.899500437993107207e-02,-1.072812193330809072e-02,1.247953329127295813e-02,3.753385015565922911e-02,1.641903287368629699e-02,-1.093443198866461859e-02,1.701804382836398987e-03,-2.429580089093136622e-02,-2.935007084329460669e-02,-1.821446897953039185e-02,-2.849248668457227476e-02,-2.370384939670509838e-02,-1.603934013949064128e-03,-7.182950320294250986e-04,-1.486035330822240916e-02,4.400744910761464346e-03,-2.091943975610321277e-02,-2.321625703243174882e-02,-3.980336420695338578e-02,-1.730761177130584957e-02,-1.264484985660946186e-02,-1.861954743267653020e-02,5.968210724378071250e-03,-5.481204060743555262e-02
2.514628648223485308e-01,3.745071198965962411e-01,4.408001484830040284e-01,3.703734415183673745e-01,1.000000000000000000e+00,2.961687204399853779e-01,2.264869381513040236e-01,3.912187086334913411e-01,2.074609296301508921e-01,1.316735804556077583e-01,1.373100584416427627e-01,8.617335361950075046e-02,-1.830958821953290738e-02,9.120058114430583396e-02,3.407761784169567598e-02,-4.558568496923221663e-02,4.106983098198960236e-02,1.741909990052767018e-02,4.622131659135299275e-02,3.297359074035080551e-02,-1.010501023082957528e-02,-6.393822396774687111e-02,-4.184616908925762463e-02,-2.055990512695820421e-03,4.794200553196667491e-02,5.128683982513772277e-02,5.924960089830687282e-02,5.713154870359712922e-02,4.127171552500911306e-02,9.507538702206299458e-03,3.137398663301078916e-02,4.403983349136607328e-02,-2.264599826927547657e-03,4.253040126478917216e-03,-1.042927122783317458e-02,1.165056849865754064e-02,3.434631405560527317e-02,9.868707700491167675e-03,1.133973115286196660e-02,-3.773588765921379300e-03,2.390890690897678680e-02,-1.507513171692788714e-02,-1.665540942167129460e-02,5.005618275913449079e-03,2.839976793094429325e-02,2.677898534070195791e-02,-1.913769406770937090e-03,1.596750247761927807e-03,-8.956678560150824198e-03,-1.073535632914309444e-02,-7.811411582035514278e-03,-1.455472228407866248e-02,6.901347640949506528e-03,-3.772321767664510005e-03,8.908534573092426884e-03,-8.327505512177878905e-03,1.821480671254200809e-02,-6.940344957647445918e-03,3.481064697852754176e-03,7.694571097957579424e-03,-1.667940053927297397e-02,-1.868185698231710629e-02,-2.621822385937402217e-02,-2.969931293016674079e-02,-2.003893301064626695e-02,-4.196856091786203141e-02
2.953015699593181109e-01,1.703444625814222457e-01,4.641692839359694012e-01,3.871876538787459854e-01,2.961687204399853779e-01,1.000000000000000000e+00,3.313808113572438430e-01,5.394915779338020911e-01,6.026812364885064666e-01,2.253738978233902901e-01,2.298913708928387034e-01,2.958120704683652735e-01,1.309733008778600320e-02,1.910487046894380203e-01,5.169921226265457304e-02,-5.510272900464348311e-02,1.480552424946411476e-02,-3.081479954914482372e-02,2.870077215794336264e-02,3.673015721516508653e-02,5.564162340187164130e-03,-1.906494161638898344e-02,1.543063734709833497e-02,4.382306964950680173e-02,5.969257435980822313e-02,8.945395395490604584e-02,8.870773984640847876e-02,4.831351496227202780e-02,7.060922179239369212e-02,4.485750211757803113e-02,6.468201313126123453e-02,6.627762719745554365e-02,1.711535979345176622e-02,1.478250154399113336e-02,-2.892917083954814339e-02,-1.143516982769973494e-03,1.807845309532601225e-02,-2.992033320761292720e-02,-4.117762987409956388e-03,1.218600784108122247e-02,1.943889976979217005e-02,-4.052746790488602480e-02,-3.625920351589276974e-02,-2.352580096076335725e-02,-5.320108364391425496e-03,-2.465998388607682293e-02,-1.961580283348847084e-02,-1.412416952756462805e-02,-3.894636971973894357e-02,-1.961836036589323373e-02,-2.638116925198231641e-02,-2.853528278141929594e-02,-1.293703474152298021e-02,1.339206620425048913e-03,-6.445725958792749427e-03,-1.582624213239979677e-02,-1.192156683839254439e-02,-2.488579326341431447e-02,-3.081999005866630989e-02,-3.034262923979259494e-02,-4.688533290953116051e-02,-1.490363384371871762e-02,7.860405910716601954e-03,-1.120548035358091832e-02,1.745393624942519900e-02,-1.994647945743114117e-02
2.439735654040967872e-01,2.190686026607258641e-01,2.461179806298864348e-01,4.027455183433371610e-01,2.264869381513040236e-01,3.313808113572438430e-01,1.000000000000000000e+00,3.905461957739297385e-01,4.067354349412227732e-01,7.165448307782180670e-01,3.863939920869973177e-01,4.509110704795902813e-01,4.135431995801602256e-01,2.466220138015529084e-01,8.502841921305340223e-02,2.519275538455654773e-01,1.416218635777495294e-01,1.841044918326511515e-01,2.219579161732291861e-01,1.934389651009856548e-01,-2.038817754554851994e-02,6.603572635022200710e-02,4.710765292628045497e-02,4.603551878711182460e-02,2.468099714028752431e-02,7.406985707572298627e-02,1.073348446934475758e-01,3.883270491004237046e-02,8.353189134425727247e-02,5.144581494038630298e-02,6.427571822953632996e-02,7.176404325901900028e-02,4.064291035617738357e-02,4.023400322250939715e-02,1.799250441348795859e-02,1.403676639985634508e-02,9.559401492400508571e-02,3.014139631648267079e-02,2.206376866862784850e-02,2.987827779578097580e-03,3.692879754198621217e-02,-1.557727390767906298e-02,-5.032679787447736502e-02,7.228776475739125303e-03,5.712079236967800705e-02,5.227436683538665141e-02,6.117472403205650305e-02,4.001117991343745156e-02,4.910229480729548512e-02,4.367375157237257666e-02,3.123488947727678933e-02,4.333542488523632608e-02,4.251685743156746050e-02,8.926570525834801040e-03,2.806589049630442510e-03,1.808632359608729895e-02,6.183847891183986978e-03,1.411008696847210371e-02,5.497740636517142905e-03,1.039192892079777997e-02,-3.198740939726326532e-02,-4.545746406947395735e-02,-5.899234569886266377e-02,-3.593752758009965964e-02,-1.140514169352916177e-02,-5.774269118917172566e-02
2.293559205076396157e-01,2.219903832654038511e-01,3.765035161838505284e-01,2.900910393230158313e-01,3.912187086334913411e-01,5.394915779338020911e-01,3.905461957739297385e-01,1.000000000000000000e+00,3.871299775697276679e-01,2.073501837074161469e-01,3.939403032898768919e-01,1.752630476091597556e-01,3.982185058784957349e-02,3.069342030347995687e-01,5.845599811197306483e-02,-3.417534649054288637e-02,8.766381603077708085e-02,2.964448735433448685e-03,6.868007427583640301e-02,6.739432076586727993e-02,-1.126061391791453696e-03,-2.240564626467255252e-02,-1.297926002754155698e-02,2.833189372008139417e-02,7.143452915470677178e-02,9.705556850196224439e-02,7.159397914509989247e-02,6.460760795683408164e-02,6.167711083275095874e-02,5.409266251412921112e-03,4.157156051877500952e-02,4.795510613972403524e-02,2.016505016477564572e-03,1.847952549318074636e-02,-2.313513529124381577e-03,3.386637733707079535e-03,3.675412666106995380e-02,-8.817708216100899818e-03,2.301158684773913984e-03,8.321007346555504836e-04,1.593076807534957867e-02,-4.700518526722341495e-02,-4.200273873682624365e-02,-3.238227605752178745e-02,-1.567560381836517443e-03,-9.623654287253364040e-03,6.865230074717522911e-03,-1.821932494610947403e-02,-1.927339512508652319e-02,6.530848147869646771e-03,-9.613755181037606651e-03,8.657578605697503413e-03,7.309108309161546982e-03,7.011851662336985105e-03,-8.683575582725288830e-03,-8.648281853893109716e-03,1.611730243248979053e-02,-2.366503036092670355e-03,-1.434622463529306932e-02,-6.864349350935169437e-03,-3.965834952985650141e-02,-3.330628053954571427e-02,-3.695604386366505012e-02,-2.892150619677800322e-02,3.715521297747458474e-03,-3.078505768231763057e-02
2.406378923124312119e-01,1.302612524875777500e-01,3.456436819475705580e-01,3.273253536319624124e-01,2.074609296301508921e-01,6.026812364885064666e-01,4.067354349412227732e-01,3.871299775697276679e-01,1.000000000000000000e+00,3.683327722934970905e-01,1.721543971431260533e-01,4.551297388162940938e-01,7.740228454017311632e-02,1.437292460608491362e-01,6.123128361300986255e-02,-4.423908415180834858e-03,-2.206624562784618646e-02,2.282572793573253624e-03,2.166800921215218667e-02,2.874864011787001128e-02,-1.109703555913914980e-02,1.015553571881131455e-02,3.865499594540077605e-02,5.787872321713848078e-02,3.734154600921603395e-02,9.813629386731216597e-02,9.525532511962557514e-02,2.149412575564411260e-02,8.295884426864298666e-02,5.934409879612315142e-02,7.414977976769746015e-02,6.377333369910780092e-02,2.402990120827009843e-02,8.153270362526511203e-03,-5.308225724752904662e-02,-3.104113906488881712e-03,1.464864489587829229e-02,-1.865447616169569126e-02,8.392307160036385077e-03,9.042187393087972036e-03,1.530365547966393465e-02,-4.737398942419875081e-02,-5.589529238468669836e-02,-3.708400388266760300e-02,-3.201794553748784668e-03,-4.239384494527117381e-02,-3.836398408050736147e-02,-1.361231198420018856e-02,-6.369396032296684163e-02,-2.649209146453451041e-02,-3.885940243140594691e-02,-4.541780832844755089e-02,-1.938432057979392817e-02,1.472274089362038060e-02,-1.001724543258990805e-03,3.295414275299688844e-03,-8.396590751583657072e-03,-2.047482187821692695e-02,-4.008644135116871954e-02,-2.555661653982885945e-02,-3.669327867774500179e-02,2.426312922451034308e-03,1.944423976694400688e-02,-5.071395515105923436e-03,2.073945840578643104e-02,-1.954470229200172202e-02
1.972664682952650905e-01,1.713174370024840576e-01,1.688472856947405010e-01,3.326427080144626625e-01,1.316735804556077583e-01,2.253738978233902901e-01,7.165448307782180670e-01,2.073501837074161469e-01,3.683327722934970905e-01,1.000000000000000000e+00,3.245415288247682772e-01,5.292006260694031017e-01,4.928163943386815182e-01,1.927257363895713282e-01,8.375057334673709220e-02,3.220848491308095918e-01,1.264346121404546497e-01,2.105137310162562003e-01,2.323667128973605778e-01,2.000474611963119487e-01,-4.215157541571819266e-02,7.906223919342263151e-02,5.249495299866593911e-02,3.175440625531877198e-02,-5.344833218495273312e-03,5.347001743954261921e-02,9.633519285948079214e-02,1.475941355392041375e-02,7.944638647564845890e-02,5.191744893107737985e-02,5.463682416948491272e-02,6.665322358107791945e-02,4.026808231855953657e-02,3.297265939739659618e-02,2.254892312410944344e-02,1.733898341470571647e-02,9.134978611915425817e-02,4.961221714732734489e-02,3.181194790753727464e-02,7.534464774241102052e-03,2.906939398271510960e-02,-7.265042720936429679e-03,-3.627255606422720435e-02,1.611586625684557905e-02,7.477014759724028015e-02,4.909969437594064595e-02,5.665658213910985952e-02,5.672054201144263730e-02,4.061091815468723804e-02,5.621095869668896877e-02,2.924353826065312009e-02,4.715898054942750661e-02,3.811136750287080766e-02,1.351444569468514614e-02,1.170371725699632416e-02,2.179044647372537294e-02,4.119685372678677515e-04,1.767879994164194349e-02,1.524508831871428279e-02,9.392097885855387601e-03,-2.565837227798380485e-02,-4.298674522045796420e-02,-5.159955312270458894e-02,-2.942649459100052725e-02,-9.838590257462101474e-03,-5.976418117525719026e-02
1.496258166953266244e-01,1.366211611889385780e-01,1.803091599026830361e-01,2.111248754394658700e-01,1.373100584416427627e-01,2.298913708928387034e-01,3.863939920869973177e-01,3.939403032898768919e-01,1.721543971431260533e-01,3.245415288247682772e-01,1.000000000000000000e+00,3.917408398942273662e-01,3.889284624279227831e-01,6.736521683769447488e-01,2.154073110261908175e-01,1.174611769377824633e-01,2.057004081955828567e-01,4.492394739376522061e-02,2.493452479523777798e-01,2.077947689749157778e-01,6.379860694889480377e-02,9.519920109593649205e-02,5.620043619946215457e-02,7.431083858393437713e-02,5.828401487640694212e-02,9.661718616189922393e-02,1.390767860346860674e-01,8.708963729071315940e-02,1.307189105231110759e-01,3.736956952150534417e-02,8.131322350438653646e-02,1.075022676040748859e-01,3.662568098526836069e-02,7.632685903366429048e-02,7.528535306466739574e-02,2.078759657038421835e-03,9.413050352856297542e-02,1.832045676588306415e-02,2.558448790762159544e-02,1.778036937986416863e-02,3.014522239900263578e-02,-1.973737027474432165e-03,-2.683976942213813291e-02,-1.377335906210970691e-02,1.478679367672036844e-02,2.303264415483883068e-02,3.597002871416851016e-02,-2.150336418876100993e-03,2.867061213462602370e-02,9.970499041156995201e-03,2.157508917811811616e-03,2.210731828268741941e-02,3.531533462860510231e-03,-3.813395751335733885e-02,5.099394552632838945e-03,2.797816006614945589e-02,9.421100878628806824e-03,1.689398508840972771e-02,1.510606458385766772e-02,-5.008195783306448358e-03,-3.048481883276201593e-02,-4.020012499841760928e-02,-6.238717441890631599e-02,-2.741818167608951404e-02,-2.124353147769821731e-02,-6.217959445075699892e-02
1.676844851540235937e-01,1.038463730566787646e-01,1.837245143999084174e-01,2.706193193490550875e-01,8.617335361950075046e-02,2.958120704683652735e-01,4.509110704795902813e-01,1.752630476091597556e-01,4.551297388162940938e-01,5.292006260694031017e-01,3.917408398942273662e-01,1.000000000000000000e+00,3.660557106215603929e-01,2.954741420015608577e-01,1.502876732119511338e-01,1.590038059649192537e-01,8.726957952905751298e-03,1.107043096156822837e-01,1.854396339677013006e-01,1.581324711316290377e-01,-1.677384875697690569e-02,9.133995887607722353e-02,1.055481534769925900e-01,8.952701213170984051e-02,1.154266579243363837e-02,8.314640213753293763e-02,1.101594499275953681e-01,1.159428248666669568e-02,1.240144212624271630e-01,5.321632408737128617e-02,8.369136260423411244e-02,9.341289206522761235e-02,3.353840191556024114e-02,2.204086548778183205e-02,-6.203688938343819917e-03,-6.656267700497206681e-03,7.040755081102732793e-02,2.159877675772290187e-02,3.429399725238879010e-02,1.540876929221820417e-03,3.031551830875590589e-02,-3.148593705284131322e-02,-5.523636423983682708e-02,-3.221141771533930082e-02,1.542042589788753144e-02,-2.319177063398149274e-02,-1.345149707832805734e-02,7.102726895836645495e-03,-2.059087226957805397e-02,5.093814602380133949e-03,-1.573685224816707279e-02,-7.027231198091755775e-03,-1.053099015303290108e-02,-2.208416473140706326e-02,-1.783238210785339194e-03,5.358594446673024467e-03,-1.536852916964542154e-02,-5.824097405425809545e-03,-1.547481699766456789e-02,-8.427074774322812142e-03,-1.982077254877974079e-02,-5.525723107495472339e-03,-5.897458010606983778e-04,-2.909604847085616591e-02,-9.533155204916142836e-03,-5.738097922230814968e-02
8.147954568645832119e-02,7.830608484463855157e-02,3.266652249009959624e-02,1.229411791544042093e-01,-1.830958821953290738e-02,1.309733008778600320e-02,4.135431995801602256e-01,3.982185058784957349e-02,7.740228454017311632e-02,4.928163943386815182e-01,3.889284624279227831e-01,3.660557106215603929e-01,1.000000000000000000e+00,2.428217535279136863e-01,9.161330019482910592e-02,5.329933347928835774e-01,2.721753858000549031e-01,2.763450939442371190e-01,2.987785530090864006e-01,2.662097390132325825e-01,2.072892971309922561e-02,9.001002977375381631e-02,-3.661768910804624570e-03,-1.771681489978660720e-03,2.576137468176957490e-02,2.986058203111188400e-02,1.362095026680938681e-01,4.422212246788157636e-02,8.179748600047158369e-02,9.320459267392695868e-02,6.870384223618609953e-02,9.193418672026590355e-02,7.742186455693336744e-02,6.757382188221089381e-02,7.276808309705301570e-02,2.159881272529546453e-02,1.177740561264441072e-01,7.860351240948336426e-02,4.766431743069015486e-02,1.493891669174930888e-02,3.299523493879219505e-02,2.081154895479725084e-02,-1.589394898819373320e-02,1.626094250069192240e-02,7.730096553401426263e-02,7.537087367799583104e-02,7.135162288841653822e-02,6.285696471747817538e-02,6.719019486427135757e-02,4.392394462558445872e-02,3.512168541264575061e-02,6.154730227155433969e-02,2.768714503298467730e-02,-6.558574107676177611e-04,-5.119580644579340735e-03,1.664032888758203849e-02,5.716375840107449854e-03,1.167018730645226314e-02,2.076287689402614781e-02,4.346917497703225476e-03,-1.826086353652713393e-02,-4.210347903984866524e-02,-6.557754916940654322e-02,-1.151298413225994993e-02,-1.095951657260135423e-02,-3.074057441727036030e-02
1.095865628255290186e-01,8.310954190924371709e-02,1.367298007218377687e-01,1.234266491499120544e-01,9.120058114430583396e-02,1.910487046894380203e-01,2.466220138015529084e-01,3.069342030347995687e-01,1.437292460608491362e-01,1.927257363895713282e-01,6.736521683769447488e-01,2.954741420015608577e-01,2.428217535279136863e-01,1.000000000000000000e+00,2.165793664353031223e-01,-8.245327396409787152e-03,1.706438300299870647e-01,-5.716142740787832216e-02,1.869549615466196690e-01,1.549986734209968242e-01,7.113749465984683940e-02,9.705825494547627719e-02,6.161275433451611494e-02,7.003646986689521237e-02,4.679947752326765742e-02,1.060342766338132625e-01,1.352428287340015911e-01,7.868281951406012886e-02,1.369897745832965863e-01,3.722836513202289893e-02,7.786929056639974034e-02,1.098708463862665963e-01,2.813037851265714345e-02,6.583336420982090209e-02,7.266899951954446102e-02,6.773908080705034161e-03,7.662185606882312983e-02,-6.195185420488799784e-03,2.198909416919360080e-02,2.078681249869506961e-02,1.900176077059529886e-02,-4.134890381349934710e-03,-1.807647823617619665e-02,-1.788660070047455933e-02,-1.968427650337815308e-03,-8.533530739641567719e-03,-7.312575233643176182e-04,-1.253573153858759080e-02,-1.165830757914129885e-02,-1.110011546186371635e-02,-6.823289991866092474e-03,-1.375098424839134130e-02,-3.104333825601400098e-03,-3.400195641798606228e-02,1.525053069504555756e-02,2.395803876943274069e-02,-1.978396457351806054e-03,8.914338699398558982e-03,8.254393177993544009e-03,-1.497262672154828743e-02,-2.935260958838068618e-02,-1.661490943453900609e-02,-3.585811093443350833e-02,-3.224789539208432892e-02,-1.874107643359052694e-02,-5.536661545294930403e-02
3.216718158617694334e-02,3.526484544440849217e-02,7.011187670753567247e-02,-2.088899259091986545e-03,3.407761784169567598e-02,5.169921226265457304e-02,8.502841921305340223e-02,5.845599811197306483e-02,6.123128361300986255e-02,8.375057334673709220e-02,2.154073110261908175e-01,1.502876732119511338e-01,9.161330019482910592e-02,2.165793664353031223e-01,1.000000000000000000e+00,2.242925375135740307e-01,-6.854078404340697983e-02,1.322543185109151809e-01,1.893352023917199700e-01,1.149223882524565699e-01,4.837978698236318487e-02,2.188976167692085750e-01,1.810379705072660134e-02,-1.332689974139684812e-02,-7.132054700158897698e-02,-4.788599618007643305e-02,-1.506678810458176102e-02,-4.051550484683499875e-02,9.567033066142129061e-03,-5.195182325672829948e-02,-5.224210044270100745e-02,4.848849528942161119e-02,-1.113412389397358884e-02,3.029083648979708290e-02,5.562902581938308950e-03,2.393166100331182294e-02,4.466163420756955049e-02,1.409126495954842774e-02,1.044734932184258891e-02,1.818199644398072953e-02,5.330081111831271035e-02,3.465572233274161890e-02,-2.238042004290808490e-02,-1.156402005493467611e-02,1.267294966621876351e-02,-1.417731422116816353e-02,6.496936989406625236e-03,9.575378209517367706e-03,-2.457037872282450200e-02,-1.170129995163799244e-03,-2.950160307523867070e-02,-9.689850935458182990e-03,-1.775244853654298766e-02,-2.352130001828217978e-02,4.739987703584995146e-03,-2.836348860059213772e-02,-4.032091308309078415e-02,-6.261778916578156218e-02,-5.443689058122435503e-03,-4.347194113999214293e-02,-4.733944194657309368e-02,-6.761754770894652655e-02,-5.236238352404463947e-02,-3.007337163285353152e-02,1.916797440364159883e-03,-2.064804423665056801e-02
3.190928860304931974e-02,4.584130074469788124e-02,-3.362237915523786248e-04,4.246291097048100760e-02,-4.558568496923221663e-02,-5.510272900464348311e-02,2.519275538455654773e-01,-3.417534649054288637e-02,-4.423908415180834858e-03,3.220848491308095918e-01,1.174611769377824633e-01,1.590038059649192537e-01,5.329933347928835774e-01,-8.245327396409787152e-03,2.242925375135740307e-01,1.000000000000000000e+00,1.723266144656815935e-01,4.798123332474284464e-01,2.968939474773871212e-01,2.321407325185708415e-01,-1.344856514431089917e-03,1.446739963637605209e-01,-3.088912274327243121e-02,-7.914430575710357241e-02,-6.129779817706020734e-02,-9.075476660660798667e-02,9.958450552389698854e-03,-5.045398443945692257e-02,-2.308116613615874418e-02,1.800252293809311011e-02,-4.334263650997443457e-02,3.797860339607548458e-02,4.907879072579138940e-02,3.721478690311593590e-02,6.387419339027369802e-02,2.884764626395464049e-02,6.856112012787146659e-02,7.819512877431480935e-02,5.316560081547820615e-02,2.647623577930268562e-02,7.562138238323105888e-02,5.389768715261451099e-02,-3.538982180668321514e-02,3.973883053234274730e-03,7.961714754001861238e-02,7.675592835656419588e-02,7.752643280656090763e-02,6.747592194241974761e-02,4.797489641596412030e-02,5.651919939166252793e-02,4.990270570886030238e-02,6.287491076664383782e-02,3.221549165403059245e-02,3.089788635522575100e-02,-1.684715823129400922e-02,-3.017778605342432471e-03,7.632342169994490999e-03,-1.784995469012573208e-02,3.033812377665575516e-02,-1.430263678609031835e-02,-2.132894453008171709e-02,-5.667604431687364025e-02,-4.815161574958547186e-02,-3.287523630308950310e-04,3.762557486509969604e-03,1.648621341326352366e-02
6.540234462548054351e-02,6.905580304409961179e-02,6.077729266261438362e-02,9.110305264104009981e-02,4.106983098198960236e-02,1.480552424946411476e-02,1.416218635777495294e-01,8.766381603077708085e-02,-2.206624562784618646e-02,1.264346121404546497e-01,2.057004081955828567e-01,8.726957952905751298e-03,2.721753858000549031e-01,1.706438300299870647e-01,-6.854078404340697983e-02,1.723266144656815935e-01,1.000000000000000000e+00,2.076661805790065984e-01,3.273122349601553238e-01,2.450802274518426860e-01,-2.557933601550847411e-02,-1.626519061583057632e-02,-6.389633850524246983e-02,6.433626659994796026e-04,1.603793832787168971e-01,7.091938648816760449e-02,1.710183318675161657e-01,1.074475537470128139e-01,3.238530845970490762e-02,9.225361183451613600e-02,1.046425603028353080e-01,3.933881986827072325e-02,7.940057059523326910e-02,5.671115598667883506e-02,7.881228548318378047e-02,-6.207181737317862564e-04,5.909199255083043972e-02,1.262486359003916342e-02,5.539559520005301295e-04,5.438546515831811992e-03,-3.087329665583828445e-02,-1.563112908056398659e-02,8.050659906158164070e-03,-7.751589377191537254e-03,7.456169140458868833e-03,4.871888619471261006e-02,3.033779384011383792e-02,8.628327383602784825e-03,2.302100894847042972e-02,4.268255045788165239e-03,-2.535683605134188626e-02,1.025938514897880259e-02,-2.406546908333640974e-02,-3.838736938696667850e-02,-3.832209982653854170e-03,-6.710015260674473923e-03,2.399547400870211122e-02,1.989610494723572168e-02,3.551224371388104345e-02,1.385664081459789081e-02,-9.760342141668484212e-03,3.302491132147404845e-03,-3.035596645904371435e-02,3.948555936331789307e-03,8.245257369374564549e-03,-2.990210029307252548e-02
2.711125212638503673e-02,4.580113109761640988e-02,1.783766682107617782e-02,6.068543741233312777e-02,1.741909990052767018e-02,-3.081479954914482372e-02,1.841044918326511515e-01,2.964448735433448685e-03,2.282572793573253624e-03,2.105137310162562003e-01,4.492394739376522061e-02,1.107043096156822837e-01,2.763450939442371190e-01,-5.716142740787832216e-02,1.322543185109151809e-01,4.798123332474284464e-01,2.076661805790065984e-01,1.000000000000000000e+00,3.462313858559747937e-01,2.406389639065477370e-01,-1.010862602381977365e-01,8.868157237569374018e-02,1.488817965685350700e-02,-6.439104147627652819e-02,-4.768717560177036796e-02,-9.368592631637448487e-02,-5.088240896218385045e-02,-7.759014960190002697e-02,-7.704518148185017512e-02,-4.794379884915050960e-02,-4.982664666360611672e-02,-2.315914571111667153e-02,-6.455382324742370975e-03,-1.637294199449756613e-02,5.516259620805286437e-03,7.178096207161324682e-03,3.813421417465769070e-02,4.794097022299399768e-02,2.616725625723657564e-02,-1.873973105841026179e-02,2.491786039005082498e-02,-1.049989269150488486e-02,-2.397921332078921733e-02,-3.216664672889554821e-02,1.636941263581249972e-02,3.905026705661280434e-02,3.079780138522155569e-02,7.865287336217590547e-03,5.619791218588472692e-03,2.636094167737635177e-02,-1.508660132837373689e-03,2.549321236013050995e-02,-3.712963576257335366e-03,-2.956674183978709718e-03,-2.844211867308630431e-02,-4.190456153377968701e-02,-7.558656281236316755e-03,-5.092475133360044315e-02,2.009442359719586582e-02,-2.121932841792175881e-02,-4.331184462729242846e-02,-5.110528282247801118e-02,-2.075399000779190942e-02,1.820343090772446465e-02,1.649901469279436289e-02,7.025932845787967798e-03
7.836772135415749629e-02,7.155434082109955740e-02,5.624316138275860938e-02,1.234400430226998552e-01,4.622131659135299275e-02,2.870077215794336264e-02,2.219579161732291861e-01,6.868007427583640301e-02,2.166800921215218667e-02,2.323667128973605778e-01,2.493452479523777798e-01,1.854396339677013006e-01,2.987785530090864006e-01,1.869549615466196690e-01,1.893352023917199700e-01,2.968939474773871212e-01,3.273122349601553238e-01,3.462313858559747937e-01,1.000000000000000000e+00,5.147008617453850965e-01,-5.974829753794715093e-02,1.920937636975298124e-01,-1.883407994988257547e-02,-3.133893741168367747e-02,6.834082310117779724e-02,2.959323475134324061e-02,1.574692444367547239e-01,7.261194492173743409e-02,1.140363010114410908e-01,5.772281087227903312e-02,6.472734032117974379e-02,1.067752609587509366e-01,8.930249473369190893e-02,9.542791058337322940e-02,1.078706119534890984e-01,4.078868145684564489e-02,1.264027006994436209e-01,5.815473085225524724e-02,2.816324667464985623e-02,3.310947890346448153e-02,4.657289702279567012e-02,1.291935942669710999e-02,-2.931943793474808824e-02,-1.295452276483774479e-02,3.081770058580777030e-02,4.766745246967096783e-02,5.518876129886275683e-02,2.645595099465444279e-03,4.556075301667844579e-02,1.155917587474150979e-02,-1.542508838217421935e-02,3.204985774184652275e-02,-3.648344099012144209e-02,-3.152094743400088439e-02,-1.588453631211044458e-03,-1.578495732331813969e-03,-1.936447801494537921e-02,-8.464962051703814327e-03,3.337161147494473873e-02,-1.250724250954075335e-02,-1.450395610104011045e-02,-4.358779063695069483e-02,-5.449095391479803069e-02,-1.348100768696430113e-02,-1.753490083704373551e-02,-3.884833131205566586e-02
7.175231042863609854e-02,6.601746971948456444e-02,5.601345487606168572e-02,1.215081229103397303e-01,3.297359074035080551e-02,3.673015721516508653e-02,1.934389651009856548e-01,6.739432076586727993e-02,2.874864011787001128e-02,2.000474611963119487e-01,2.077947689749157778e-01,1.581324711316290377e-01,2.662097390132325825e-01,1.549986734209968242e-01,1.149223882524565699e-01,2.321407325185708415e-01,2.450802274518426860e-01,2.406389639065477370e-01,5.147008617453850965e-01,1.000000000000000000e+00,2.724408007534648291e-01,2.377732627990190584e-01,-4.221402821994446435e-03,-3.755621802243308549e-02,4.687449794270687198e-02,9.184474046167673267e-02,1.617487716723082503e-01,1.506795648586174430e-01,1.597928101027682180e-01,9.500756484972462668e-02,1.412102392095548886e-01,1.318311823897990731e-01,8.927736964740218273e-02,1.283255577274266535e-01,1.378811694239047703e-01,7.731118234071163164e-02,1.731989636734853066e-01,1.009455065388538825e-01,5.400987985788603674e-02,3.703521916319218316e-02,5.987946307733087170e-02,6.036298545180548286e-02,-1.417961889148590610e-03,2.272305868754545544e-02,8.585876847811223234e-02,9.923031902926045256e-02,9.099585370476427626e-02,5.701320558658549281e-02,9.151414530021953486e-02,5.768684559524132199e-02,8.824608926868048042e-02,8.152035820767919438e-02,4.525328632841481985e-02,3.801656264557249504e-02,-1.269858687704645932e-02,-1.308497575365973227e-03,2.545660612517059579e-03,1.225230920857515657e-02,4.194539890873043297e-02,1.235784063426532617e-02,5.384519850475158985e-03,-2.509572922869252737e-02,-5.383360928829458714e-02,-2.726658024889928172e-02,-4.308955632886382614e-02,-5.817201765793850871e-02
-3.088434521760346878e-03,-6.899179191971090142e-03,1.991497609609510153e-02,-2.100538039592113673e-02,-1.010501023082957528e-02,5.564162340187164130e-03,-2.038817754554851994e-02,-1.126061391791453696e-03,-1.109703555913914980e-02,-4.215157541571819266e-02,6.379860694889480377e-02,-1.677384875697690569e-02,2.072892971309922561e-02,7.113749465984683940e-02,4.837978698236318487e-02,-1.344856514431089917e-03,-2.557933601550847411e-02,-1.010862602381977365e-01,-5.974829753794715093e-02,2.724408007534648291e-01,1.000000000000000000e+00,2.477802146000407935e-01,1.577798677228688939e-01,1.628599750653939304e-01,2.399888369405997479e-02,2.078273586164724740e-01,1.263151002360700936e-01,1.993839806197482689e-01,2.130308833037155847e-01,6.940008834013353112e-02,1.492269183643715191e-01,1.807620283467881728e-01,6.462669821995166430e-02,1.540022433725922457e-01,8.420387443402385652e-02,5.629618888524477033e-02,9.881221068382409212e-02,5.257157447481130425e-02,3.724261052954758178e-02,2.282996232730520603e-02,4.336251664383450333e-02,7.564327669502682316e-02,2.459571486391885081e-02,4.854379843994982568e-02,8.075737703113568255e-02,6.196644945884014627e-02,4.718750000181669291e-02,7.950731950189751651e-02,5.390157302423748131e-02,1.691473368861491633e-02,8.247777372305915844e-02,1.123452403662631924e-02,4.608446663968780721e-02,2.798308197010629036e-02,2.288710527926106006e-02,1.706670303386646423e-02,-7.419931109334941544e-03,2.403471395398242699e-02,-7.604444104507578073e-03,1.461805232832275904e-02,-1.119981808964875918e-03,-1.117111883023943694e-02,-4.009841893074068964e-02,-6.033296056988018269e-02,-4.019841479008221669e-02,-2.531869572864236737e-02
1.127912331233981054e-02,-1.125204321302910281e-02,-1.584500164011018453e-02,-2.302627405913594549e-02,-6.393822396774687111e-02,-1.906494161638898344e-02,6.603572635022200710e-02,-2.240564626467255252e-02,1.015553571881131455e-02,7.906223919342263151e-02,9.519920109593649205e-02,9.133995887607722353e-02,9.001002977375381631e-02,9.705825494547627719e-02,2.188976167692085750e-01,1.446739963637605209e-01,-1.626519061583057632e-02,8.868157237569374018e-02,1.920937636975298124e-01,2.377732627990190584e-01,2.477802146000407935e-01,1.000000000000000000e+00,2.253200840485421463e-01,1.060204487713024835e-01,-1.606538704989004807e-01,8.360641451677863767e-02,-1.477549730765838343e-02,1.291749536388270454e-02,1.132558596557952518e-01,-1.359377987084466922e-02,2.643436944242793032e-02,7.598833885318072301e-02,-1.702016565158047737e-02,4.768330189345573039e-02,3.603210370804521556e-02,1.846600661742721708e-02,9.490687901012047345e-02,7.009210185492377454e-02,7.154796457337632420e-02,5.552643988500503142e-02,5.724243414171174132e-02,1.070744433166562759e-01,-1.276033732464375639e-02,-5.466297622968258963e-04,4.035448723841945223e-02,4.282351205285109957e-02,4.894461296735519440e-02,4.965677857615741903e-02,3.631720138845482421e-02,4.050672496265569217e-02,6.770579140660944184e-02,5.886008789922934914e-02,4.232405588191017615e-02,-2.421477765778719086e-03,2.773929671058250265e-02,4.444235848913254128e-02,1.393504025486618121e-02,2.836139388728262448e-02,3.079213197507368188e-02,3.050887835367882550e-02,-9.121914694106800529e-04,-3.189247563483502829e-02,-3.057597014501660729e-02,-2.472556234697752264e-02,-2.403611615291442738e-02,-1.461423835697721677e-02
1.004304080004151702e-02,-1.221901707902071747e-02,5.130302659510737467e-03,-5.809873806871186305e-03,-4.184616908925762463e-02,1.543063734709833497e-02,4.710765292628045497e-02,-1.297926002754155698e-02,3.865499594540077605e-02,5.249495299866593911e-02,5.620043619946215457e-02,1.055481534769925900e-01,-3.661768910804624570e-03,6.161275433451611494e-02,1.810379705072660134e-02,-3.088912274327243121e-02,-6.389633850524246983e-02,1.488817965685350700e-02,-1.883407994988257547e-02,-4.221402821994446435e-03,1.577798677228688939e-01,2.253200840485421463e-01,1.000000000000000000e+00,4.838894471116530482e-01,-1.350952429708708047e-01,2.469155645872222749e-01,-1.042582090795304145e-02,3.778353153060529102e-02,1.935828602989365099e-01,-3.665048789792901829e-02,1.054820948868844949e-01,9.993994527852280430e-02,-4.182808333785358740e-02,3.379037003677083650e-02,1.089149238021906892e-02,-2.129471554032643169e-02,3.658518787915388676e-02,1.477564003009539453e-03,2.036502830842669420e-02,1.796936765476778598e-03,-3.116597264344251814e-02,1.565287407659926924e-02,2.346734575457920871e-02,1.129530690356688946e-02,2.231879198831239475e-02,6.795495529093170672e-03,7.040431735850108917e-03,2.577692100881306958e-02,1.630537521225928349e-02,2.139860089562950832e-02,1.417491900712659035e-02,9.972621393086631911e-03,1.315642134732731248e-02,6.564587325475364742e-03,5.431561397849851008e-02,2.208647047789119924e-02,2.120966480547182426e-02,3.460592934880876714e-02,2.917744613594573655e-02,4.821895899428940702e-02,-9.797895740122026994e-06,8.709639763563197835e-04,7.927266417834571283e-03,-5.483871986340339670e-03,-5.007190575797849409e-03,-1.198830808826777464e-02
