1.000000000000000000e+00,4.106695643641390947e-01,3.995153071577159376e-01,3.313247959350149596e-01,2.137259889238712074e-01,2.181320013733748231e-01,2.733165442495916198e-01,1.728997505323711104e-01,2.435044004733978029e-01,2.085901563338396492e-01,4.974733654217807638e-02,1.391343162888921126e-01,3.262042832477862753e-02,4.314718519383425183e-02,1.488523526716943046e-01,4.726118300178656917e-02,3.354058299162571838e-02,1.073243902216900053e-01,8.033436210735417360e-02,1.203338913743457750e-01,6.878101579252901554e-02,3.259842755544011678e-02,1.026417513810237159e-01,6.003458053133359229e-02,-1.737844994243737534e-02,1.111367577524051270e-01,2.056392619361454080e-02,-3.212394034997245740e-02,-8.942485119603348076e-02,-2.237883653176869075e-02,-7.395545249757201622e-02,-9.692962912722799529e-02,-5.219614194724106482e-02,-8.826362060210936333e-02,-9.222337545449406371e-02,-8.805784824965622037e-02,-1.128041162317751367e-01,-1.092976458210978830e-01,-1.329788810072712602e-01,-1.120351678684910895e-01,-1.992603433214995903e-02,-8.218358947892515087e-02,-1.900969793939025210e-02,4.792161138816455369e-03,-9.998251032210735134e-02,-1.081380145537513687e-01,-1.085643021293721628e-03,-9.676238239108254924e-02,-8.671838602556113107e-02,4.695395286323047340e-02,-8.455024527748659924e-02,-6.718819265249922901e-02,-4.558474290248058086e-02,-1.841676717749111611e-02,-3.855448853226967065e-02,-6.039395767793474118e-02,-6.430799447108814793e-02,-9.311682066995365104e-02,-4.306924426765617459e-02,-6.362474511322387116e-02,8.165757879663192165e-03,4.481294305412359541e-02,5.085840237340552572e-02,3.635752370075621270e-02,5.954961474419320777e-02,7.160817898143215232e-02
4.106695643641390947e-01,1.000000000000000000e+00,2.909707477775150819e-01,2.338688781598861621e-01,2.969101995102392810e-01,2.251854859657518304e-01,2.311791872138914961e-01,1.207757013991303946e-01,1.849059995129131717e-01,1.899588830151138219e-01,7.912600153637107392e-02,1.152112152232225017e-01,2.927814453971017399e-03,6.743442364442668591e-02,1.316483793932923252e-01,5.178002065253417552e-02,8.135335409752353364e-02,1.035669851514862266e-01,8.939036855127786840e-02,1.308948098304195673e-01,6.428285199303075681e-02,-4.383906355293809044e-03,1.203556694058299237e-01,1.159822254691602467e-01,1.045624858568597847e-02,1.109938938546593951e-01,-4.497479484490196633e-02,-5.123444164697018438e-02,-1.257888306626738506e-01,-7.717918382230926078e-02,-7.961798399133358795e-02,-1.290998835366701514e-01,-1.015636948539434953e-01,-1.014985354504585324e-01,-1.096282588005972336e-01,-9.993504054232131562e-02,-9.445736161801829289e-02,-1.032352368457985364e-01,-1.196960457530741734e-01,-7.501798789681737856e-02,-3.992975778177686175e-02,-8.329977761772464073e-02,-1.413790671502829395e-02,7.933994331186071391e-03,-8.467780071419409027e-02,-3.189622205281247846e-02,3.168844327856674969e-02,-6.434444619450872815e-02,-3.042309054794114370e-02,6.195496746094195095e-02,-4.296179241749245592e-02,-3.626401704682701097e-03,-3.204770582330094403e-02,-1.165255039076498397e-02,-4.194871402629640061e-02,-3.818097491095093915e-02,-4.329681952945040047e-02,-6.815674916236036385e-02,-5.166079374116710338e-02,-5.528549981092946430e-02,2.701222731471296379e-02,8.099360031197190557e-03,-1.594273628046447011e-02,-1.760289912038588700e-03,1.353333703808564520e-02,1.940139158790022897e-02
3.995153071577159376e-01,2.909707477775150819e-01,1.000000000000000000e+00,3.762261854496956048e-01,3.928096317743223209e-01,4.809562913132264805e-01,3.190914282457603668e-01,2.895730187395246791e-01,3.289025805519381063e-01,2.655816460415456048e-01,2.367236519307436629e-02,1.015941242178271947e-01,-4.759880138456550058e-02,2.209645680122499997e-02,1.431602742512857185e-01,-1.563860972639792568e-02,4.542884169726021069e-03,1.046811862552422950e-01,7.617598017024522494e-02,1.052981332515837837e-01,8.528749997569357033e-02,5.220705936015430232e-02,1.203397445647177294e-01,8.541923517890818995e-02,6.570825259513786952e-03,1.719876792440227786e-01,6.142913142405794641e-02,-1.002689329440016770e-02,-8.915094076389373789e-02,1.367353559569151056e-02,-3.861007325986411803e-02,-9.309729181907364093e-02,-2.643432138237958307e-02,-5.269886095549974198e-02,-1.129866696151603650e-01,-8.758237664885065721e-02,-1.088514381710744411e-01,-1.251981752772513556e-01,-1.159379830467730937e-01,-8.915160006177570706e-02,-3.816796840729513168e-02,-1.155949658823145765e-01,-5.934925891273282184e-02,-9.768135888281939683e-02,-1.869990331652916504e-01,-1.753284704945742012e-01,-1.285201343280470143e-01,-2.093904232062435977e-01,-1.630834340187559128e-01,-9.826638044285068707e-02,-7.212669072290803229e-02,-3.255342885442472772e-02,-2.032395274066703741e-02,6.447790763631358613e-02,5.191360300579414555e-02,-4.191977882891034790e-02,-3.981718243296990950e-02,-9.288905563306699975e-02,-2.657596750459961799e-02,-3.472270226425440420e-02,1.881356766322733395e-02,7.386460406738107332e-02,5.438373540807236312e-02,5.684009911975025642e-02,5.818273268391824932e-02,5.148240711670937220e-02
3.313247959350149596e-01,2.338688781598861621e-01,3.762261854496956048e-01,1.000000000000000000e+00,3.835544309416455966e-01,3.881070236544220675e-01,6.258159727070787826e-01,2.840658890034331030e-01,2.355686368336356029e-01,5.562848522230706694e-01,1.102653186718126899e-01,1.491516575213072959e-01,-5.433779111720842686e-02,9.737624289051784177e-02,1.895600127604129825e-01,2.889663455705202347e-02,1.058954425411501171e-01,2.080247306073021996e-01,8.961187109098359138e-02,1.483139701754639384e-01,6.309420579306974919e-02,6.330055736320622239e-02,1.463508710283830949e-01,1.234728941639349348e-01,2.997657770845792505e-02,1.775874254095013705e-01,-2.220211261831525965e-02,-4.044863726674104848e-02,-1.548938038469853951e-01,-1.007176962459600394e-01,-7.362305705155133828e-02,-1.424354398374547137e-01,-1.416334540238029238e-01,-1.272769603804412286e-01,-1.782376868502590084e-01,-1.693018521639734486e-01,-1.595388840174664924e-01,-1.555610472441495140e-01,-1.540688240667950071e-01,-1.090369821377538961e-01,-2.739888333694003725e-02,-1.111981473293677108e-01,-1.259799188129646745e-02,9.961733386633571039e-03,-1.648057770402528432e-01,-7.192189841685030227e-02,1.389019013985412151e-02,-1.503450418277132439e-01,-2.925381452495205009e-02,-4.276922842420610715e-02,1.815808137079215345e-02,3.948395174536213637e-02,2.002917490557052163e-02,5.200186633998021141e-02,6.433331756225721398e-03,-7.051101874653921409e-02,-4.337923250689460983e-03,-9.883599950908461551e-02,-1.203745155835699802e-03,1.759566907838128885e-02,5.213878834659911587e-02,8.480707251762589771e-02,4.180308716586809969e-02,1.001326285914111158e-01,2.572832192305778143e-02,6.816725578225302229e-02
2.137259889238712074e-01,2.969101995102392810e-01,3.928096317743223209e-01,3.835544309416455966e-01,1.000000000000000000e+00,3.987830809820191447e-01,3.729263496549117818e-01,4.235391056419689493e-01,2.355752910107706821e-01,2.965062320636752125e-01,-3.173955911788684664e-02,1.972770874408907513e-02,-1.418305136173808323e-01,-3.079782037912533188e-02,5.306006998130828600e-02,-9.677646482469387523e-02,1.372320798815796113e-02,6.908509006044684375e-02,1.767938423184071701e-03,6.070317476853043931e-02,7.390240957755073170e-02,1.300045211364701803e-01,1.133824683564497587e-01,9.736470645806598323e-02,5.314596292381946335e-02,1.916897263072341595e-01,4.995717855106586447e-02,5.212519695604535264e-02,-9.572083693381334968e-02,2.133888356250744980e-02,3.927818577852356698e-03,-1.295234481752294553e-01,-3.958978096613673114e-02,-3.784630011657898196e-02,-2.048464031081233816e-01,-1.189001175460106113e-01,-6.321482733693399580e-02,-1.778243285959613673e-01,-9.860614299217558554e-02,-5.323078454546911059e-02,2.479941793895294386e-02,-1.362218013317289811e-01,-1.085554570997867285e-01,-1.212961490095813416e-01,-2.418347608251843750e-01,-7.664786834579256913e-02,-7.661392736485063415e-02,-2.336120042008243136e-01,-3.256729089206555905e-02,-1.050195686081640406e-01,-5.790293074724685296e-02,3.095581218135127696e-02,3.620126994541312399e-02,6.797190548218792761e-02,7.850556829646430923e-02,-2.746967978937228314e-02,2.583006071326995542e-02,-6.153277222885230463e-02,3.322212445784745311e-02,-9.925407790085988627e-03,2.591586103202099534e-02,5.523132254910238792e-02,5.369938726562076964e-02,8.254179240856232558e-02,3.676114460069275502e-02,4.394107947389492425e-02
2.181320013733748231e-01,2.251854859657518304e-01,4.809562913132264805e-01,3.881070236544220675e-01,3.987830809820191447e-01,1.000000000000000000e+00,3.175690304491757820e-01,2.866105416469830192e-01,4.602643883810658698e-01,2.551725130859348600e-01,-2.947057876860537107e-02,1.866458194708043861e-01,-2.207631485500869892e-02,-5.503972014835736837e-02,1.790707275465150405e-01,1.353583543968336217e-02,1.525532290371503855e-02,1.479376488047793037e-01,5.826876348800385380e-02,8.020640109597579337e-02,1.145546076852888423e-01,3.910188916103030793e-02,1.156450178535063378e-01,7.067684068334950664e-02,-2.664850077525591013e-02,2.063990190976915939e-01,6.687500691038854306e-02,-4.339177321687028716e-02,-9.491666102219953327e-02,3.062711919161846888e-02,-7.670464086726133668e-02,-8.394477823362522795e-02,8.917095528726942319e-03,-9.354656874065907235e-02,-1.508804069708795936e-01,-3.813300318756590590e-02,-1.287971672464043871e-01,-1.327982670736594928e-01,-1.022332517249219391e-01,-9.799628285027157937e-02,-5.085679576566160681e-02,-1.748218811770777537e-01,-1.169312392915462517e-01,-1.820801432452227309e-01,-2.315308080418793657e-01,-1.676666348338249346e-01,-1.610178360150000820e-01,-2.359549740634273030e-01,-1.409291914712682559e-01,-1.132003283699844903e-01,-6.977882850372961465e-02,-5.425011539091753598e-02,-4.097892728249365006e-03,5.375687619416187613e-02,5.040707187124849470e-02,-4.255934272308052602e-02,-6.063128268885747268e-02,-8.533031960057584075e-02,-5.351621005329151859e-02,-3.950807028433073187e-02,5.623588046349822789e-02,7.267748788247997693e-02,7.836040024976306806e-02,5.584172507506416500e-02,5.953708793583366993e-02,6.570396791369878531e-02
2.733165442495916198e-01,2.311791872138914961e-01,3.190914282457603668e-01,6.258159727070787826e-01,3.729263496549117818e-01,3.175690304491757820e-01,1.000000000000000000e+00,3.940353523914856826e-01,3.622075437473488702e-01,7.451539702206751992e-01,1.994666054657988907e-01,2.409696477088966726e-01,-4.459030683175910920e-02,1.753427551071332358e-01,2.781871925767193665e-01,5.288258117055125856e-02,1.002980146628135866e-01,2.244432716707901176e-01,1.076771436801318704e-01,1.712829409492834798e-01,8.406989389121188871e-02,1.065222096555038939e-01,1.636551192549738354e-01,1.348891343944114141e-01,3.885667281744032558e-02,1.821680540281565563e-01,-7.098515328368669441e-02,-7.310383939063093417e-02,-2.432886600129501309e-01,-1.561029028344999847e-01,-1.483407598725460796e-01,-2.386158929597007039e-01,-2.004412018235347814e-01,-1.909066455465071033e-01,-2.640513489038311401e-01,-2.152072637131811905e-01,-2.028511514365790858e-01,-2.085747794949616152e-01,-2.066864837161861979e-01,-1.018123567983804101e-01,-2.704416304790977985e-02,-1.560702701275936966e-01,-4.535222528612598003e-02,-1.906242342200213657e-02,-1.407274020440318907e-01,-1.613686187106400799e-02,9.339108858650130643e-03,-1.204264024861690374e-01,8.423276538212494044e-03,-3.847443866777605290e-03,3.428492439516076656e-02,5.831091478679231027e-02,2.068782724099878928e-02,1.777334946879370256e-02,-3.586779844530380706e-02,-8.570533875475898344e-02,-1.884014565671657607e-02,-8.682361940019665825e-02,-2.484253313904224297e-02,1.041176031246479790e-02,5.742130868997887688e-02,4.956171874201466959e-02,2.166629382295322953e-02,9.134252378291495000e-02,4.613778229505338668e-02,5.221472223197283491e-02
1.728997505323711104e-01,1.207757013991303946e-01,2.895730187395246791e-01,2.840658890034331030e-01,4.235391056419689493e-01,2.866105416469830192e-01,3.940353523914856826e-01,1.000000000000000000e+00,3.992590743180357560e-01,2.949044169143326677e-01,1.914975421344374817e-01,1.839386438529956869e-01,-3.236017767920354449e-02,1.199749305312449027e-01,1.893712950753190793e-01,-8.678422347619185045e-03,-1.302352192849869257e-02,9.118194587818517771e-02,8.537449068604222036e-02,9.841226410493808530e-02,4.390983681288444102e-02,1.955256387167990939e-01,9.428284433467745695e-02,7.941148665431871367e-02,4.035030255279982436e-02,1.121584703207861716e-01,1.917457635058824120e-02,8.258930725307160950e-03,-1.007924993978785294e-01,-5.963403718413260238e-03,-2.677950715528724934e-02,-1.384980387993126061e-01,-5.721092944064348762e-02,-4.590517437071282847e-02,-1.956668193630832220e-01,-1.547097263113605403e-01,-7.677058956014000402e-02,-1.636085323551449699e-01,-1.374638215864370794e-01,-9.533007555373047837e-02,1.661531870715065445e-02,-1.543432985817483893e-01,-9.953032909090492319e-02,-1.233673320960285702e-01,-1.962439218887501724e-01,-8.964633829295143297e-02,-1.454450896243118518e-01,-2.063739711574413549e-01,-7.647734990704815883e-02,-1.275153989612185512e-01,9.143078191612221545e-03,-3.956806128186840521e-02,3.001761059281870050e-02,5.732725831552005352e-02,6.935317106774947782e-02,-3.963868550319771950e-02,1.316425340495184365e-02,-6.974602297719258159e-02,3.336750459454943668e-02,-1.131362822565363732e-02,4.214720072672665380e-02,5.321230220925971671e-02,5.329453550935311229e-02,6.162951045557858026e-02,3.077452760027658829e-02,2.105577336334979455e-02
2.435044004733978029e-01,1.849059995129131717e-01,3.289025805519381063e-01,2.355686368336356029e-01,2.355752910107706821e-01,4.602643883810658698e-01,3.622075437473488702e-01,3.992590743180357560e-01,1.000000000000000000e+00,2.814278685529155166e-01,1.639599970795275752e-01,2.852270133093198767e-01,8.357388177682252561e-02,1.156724235641475446e-01,2.389755246358176155e-01,1.089378505359498012e-01,-1.164403591644027833e-02,1.525573911179382292e-01,1.578532409731916997e-01,1.299988505111273063e-01,1.054187691156730916e-01,5.866850233031851991e-02,9.365036631998559236e-02,6.798149158467127473e-02,-9.574094754361965262e-03,1.350380370702899402e-01,-1.809423575982888012e-03,-7.902345860455996240e-02,-1.346272581611319130e-01,-2.020194744992877961e-02,-1.253207615501379379e-01,-1.081776860314170446e-01,-4.980408749990190148e-02,-1.170101196501021068e-01,-1.320442280609288033e-01,-6.173931344187776754e-02,-1.339781779783726090e-01,-1.065104395902229523e-01,-1.506004104611239347e-01,-1.418725499494579434e-01,-3.559662559118131897e-02,-2.207846286577481998e-01,-1.258280505934264437e-01,-1.262541122811119687e-01,-1.535374036420662502e-01,-1.263418311368490199e-01,-8.998248086376596511e-02,-1.356981899267730718e-01,-1.053648859860133319e-01,-6.722934426471142109e-03,-1.712854161584282178e-02,-4.637027420866153549e-02,5.089351818205063022e-02,2.969957337238637515e-02,3.109653586694688734e-02,-3.995415796197678004e-02,-5.707257652296515715e-02,-5.580728749233229702e-02,-3.235043331026561664e-02,-4.461062636473097504e-02,4.508139417848758268e-02,4.775894124171990718e-02,3.582578413696330122e-02,3.108313610575953734e-02,4.677896323084557856e-02,5.504158506856408201e-02
2.085901563338396492e-01,1.899588830151138219e-01,2.655816460415456048e-01,5.562848522230706694e-01,2.965062320636752125e-01,2.551725130859348600e-01,7.451539702206751992e-01,2.949044169143326677e-01,2.814278685529155166e-01,1.000000000000000000e+00,1.658572348779555339e-01,1.757194779672598961e-01,-8.764339235458108723e-02,1.780573056499087092e-01,2.346405711829770979e-01,2.741070593806084477e-02,1.122892921868663407e-01,1.983162126567856176e-01,7.353629195985510181e-02,1.460496849063007974e-01,7.242598202090413939e-02,9.819392979745811267e-02,1.607437788167086490e-01,1.432336383432177562e-01,6.658632076775247710e-02,1.641921342428614428e-01,-8.366271548251461021e-02,-5.125653982629280181e-02,-2.236248190407311154e-01,-1.670535511708854115e-01,-1.193129240300647431e-01,-2.101914074796670251e-01,-2.077975779922102972e-01,-1.572770294652204859e-01,-2.351692116159337376e-01,-2.112015136656215375e-01,-1.631461076208410854e-01,-1.711084824779841029e-01,-1.874760937422738083e-01,-5.832918414208310837e-02,-9.835015026370415303e-03,-1.193687080165552472e-01,-2.479176803772606755e-02,1.240654159103172713e-02,-8.433202461904081015e-02,1.353613186861409197e-02,2.929384410856373730e-02,-6.364874657134658720e-02,3.232503037497251597e-02,1.640268479181782729e-02,6.077315822917768451e-02,8.015385049820045182e-02,2.428053551771058166e-02,8.197024365925620337e-03,-3.615175377848563881e-02,-8.354898169228378024e-02,7.512141701641257205e-03,-6.129777189635131351e-02,-1.297685957683147005e-02,1.642536992254267636e-02,2.823660295277085133e-02,1.691479547197529548e-02,5.335291708849556995e-03,7.741187438172152102e-02,3.054476114239929735e-02,3.436349609531658827e-02
4.974733654217807638e-02,7.912600153637107392e-02,2.367236519307436629e-02,1.102653186718126899e-01,-3.173955911788684664e-02,-2.947057876860537107e-02,1.994666054657988907e-01,1.914975421344374817e-01,1.639599970795275752e-01,1.658572348779555339e-01,1.000000000000000000e+00,4.222992372186106236e-01,4.371422488697263020e-01,7.497582003082241542e-01,4.062324358953189885e-01,4.370325303102372549e-01,3.439456965706080838e-01,2.701760525678479907e-01,3.010054748516507450e-01,2.573079993545837607e-01,2.414266105402150097e-03,7.944224780075373471e-02,1.693632566947458895e-01,1.742579204071005861e-01,-9.200730999333316465e-03,-5.877898111483901428e-02,-2.659548640574546097e-01,-2.583798993133478161e-01,-2.179412677855658009e-01,-3.762164948525256736e-01,-2.485959981811725339e-01,-1.485469160671341049e-01,-3.667796355571480982e-01,-2.635627040308835545e-01,-9.983724691341051838e-02,-3.051951959968137174e-01,-1.156828875953679475e-01,-5.120353901187167656e-02,-2.167175625039313158e-01,-1.999296257447461811e-01,-1.148195590774834518e-01,-1.287565401840800872e-01,1.159321604802420469e-01,1.897552306407764844e-01,7.510419097357633189e-02,1.247443034895487635e-01,6.243109926511453134e-02,1.198661084606778143e-01,6.194092447169299159e-02,5.678412763362312987e-02,8.630170263439804201e-02,-4.306093349752716792e-02,-7.226019938971202372e-02,-4.595565886526273985e-02,-8.550800739859330812e-03,7.955846855819835584e-02,5.263002583127408818e-02,1.228160997336352755e-02,2.426087118273556609e-02,-7.914908960715742541e-06,1.032035535288365474e-01,-1.989434589502253863e-03,-2.952812990386249198e-02,-1.527591564810897203e-02,-3.619134605171948210e-02,-2.199458102419503056e-03
1.391343162888921126e-01,1.152112152232225017e-01,1.015941242178271947e-01,1.491516575213072959e-01,1.972770874408907513e-02,1.866458194708043861e-01,2.409696477088966726e-01,1.839386438529956869e-01,2.852270133093198767e-01,1.757194779672598961e-01,4.222992372186106236e-01,1.000000000000000000e+00,4.266918137514185694e-01,3.259111157450935714e-01,7.037671465045941543e-01,4.143339531609483428e-01,2.071650782645715339e-01,4.217793664343988946e-01,2.714919220339360173e-01,2.552781766193181756e-01,1.151974031867108311e-01,8.987979916824488658e-02,1.642199312702204705e-01,9.163733195895180927e-02,-8.891725336286511461e-02,8.816094576264613125e-02,-1.077471382823859264e-01,-2.012943814125394693e-01,-2.433512729119023665e-01,-2.336972252153551866e-01,-3.323523977156001008e-01,-2.591877653644122370e-01,-2.157753988765955533e-01,-3.666527785923586191e-01,-2.495314216106643834e-01,-2.297762009714498233e-01,-3.098904265790927148e-01,-2.057300816752947459e-01,-2.755449798529771566e-01,-2.231373362665672599e-01,-1.121877179961726784e-01,-2.563304284058409155e-01,-5.148804182394853268e-02,2.668671321108356115e-02,-7.336054248027149005e-02,3.485914281205187981e-02,4.111455910961024640e-02,-1.734323224966310625e-02,3.928798776443510887e-02,5.139543403481819372e-02,2.959480573040786794e-02,-7.564007842752887290e-02,3.896107325519802302e-03,-2.570493258687572141e-02,-5.442677632491434853e-02,-5.760693870401779187e-03,-6.730056192272278193e-02,-5.535093085590114120e-02,-5.466335861477763375e-02,-7.318532188819562578e-02,3.487033424376026480e-02,-4.726751577598609956e-03,3.313948673956326751e-02,1.771937312880490778e-02,7.220212336161184116e-03,6.529109434564342451e-02
3.262042832477862753e-02,2.927814453971017399e-03,-4.759880138456550058e-02,-5.433779111720842686e-02,-1.418305136173808323e-01,-2.207631485500869892e-02,-4.459030683175910920e-02,-3.236017767920354449e-02,8.357388177682252561e-02,-8.764339235458108723e-02,4.371422488697263020e-01,4.266918137514185694e-01,1.000000000000000000e+00,3.934795173665275314e-01,3.028064858818290128e-01,6.302700080276198991e-01,2.093697224590429784e-01,2.054353618996302144e-01,3.218429731618027145e-01,1.786308637357748585e-01,5.042816241324899612e-02,7.376479826930640304e-02,6.122159842667241475e-02,-3.733546967964779251e-02,-1.940243200547583646e-01,-1.069433208297858734e-01,-8.965466408397132492e-02,-2.543128571048006714e-01,-1.061409860764477575e-01,-2.085461678100123117e-01,-2.451911467926618515e-01,8.443077646639641359e-03,-1.519659631872403716e-01,-2.588315486182025671e-01,3.735434807265228946e-02,-1.439450369439674859e-01,-1.091434146735383026e-01,8.225640383614526985e-02,-1.514803607993102375e-01,-2.139488977953102056e-01,-1.699138353289941228e-01,-1.575341657647484628e-01,7.321724106849708535e-02,1.209612770192290271e-01,9.530363554456521002e-02,1.053548268983760111e-01,9.953584590233413923e-03,1.327628138167568916e-01,3.829516858469985546e-02,6.819348518968032513e-02,3.086277580168512655e-02,-7.529413508606347394e-02,-2.667287581978021113e-02,-3.473393787677025567e-03,4.766742142449671704e-02,1.115244381778934951e-01,7.045923380862403884e-02,4.102220069163615285e-02,1.750303925282456832e-02,-3.945971101287820693e-02,4.713587872143718688e-02,8.357659456822628258e-03,4.210147003085236428e-02,-3.927505388458055885e-02,-2.241293964633745556e-02,4.774532059115481342e-02
4.314718519383425183e-02,6.743442364442668591e-02,2.209645680122499997e-02,9.737624289051784177e-02,-3.079782037912533188e-02,-5.503972014835736837e-02,1.753427551071332358e-01,1.199749305312449027e-01,1.156724235641475446e-01,1.780573056499087092e-01,7.497582003082241542e-01,3.259111157450935714e-01,3.934795173665275314e-01,1.000000000000000000e+00,3.724314983128310108e-01,4.317788263299687235e-01,3.811585222648339877e-01,2.502428202426841275e-01,2.817862654772475550e-01,2.628783354907577863e-01,4.715519314718990933e-03,9.375764740658625029e-02,1.798688899045858547e-01,1.979074677877569466e-01,1.850123113235527250e-02,-6.111612927215265278e-02,-2.833252794563070331e-01,-2.458768398682851519e-01,-2.257123494094657734e-01,-4.042499116143251081e-01,-2.446232195939858634e-01,-1.586529341009045024e-01,-4.055997913513220143e-01,-2.505280094293860227e-01,-1.142742483989505620e-01,-3.484339021760691768e-01,-1.085343177432378237e-01,-6.838122241213558106e-02,-2.253421262372305445e-01,-1.865856633449789193e-01,-8.571229249664695515e-02,-9.829714381510817889e-02,1.118862281922461260e-01,1.979885298716478337e-01,9.291133092010604722e-02,1.427925738042263304e-01,7.369769950465257513e-02,1.256446450108643920e-01,7.963078292574875261e-02,5.599627106295308049e-02,7.483078145616094135e-02,-3.222951138262700882e-02,-8.066243720967920805e-02,-3.367285466928817556e-02,1.681214184872793825e-03,9.024447530889266600e-02,7.441573507002739729e-02,1.447713984692348445e-02,2.298175066953271617e-02,-3.307574628916392680e-03,7.601420639104253252e-02,-2.020912759074634107e-02,-3.807246723192780208e-02,-4.274972516836982213e-03,-3.701780514104720948e-02,-7.146094065115756941e-03
1.488523526716943046e-01,1.316483793932923252e-01,1.431602742512857185e-01,1.895600127604129825e-01,5.306006998130828600e-02,1.790707275465150405e-01,2.781871925767193665e-01,1.893712950753190793e-01,2.389755246358176155e-01,2.346405711829770979e-01,4.062324358953189885e-01,7.037671465045941543e-01,3.028064858818290128e-01,3.724314983128310108e-01,1.000000000000000000e+00,3.536114069929338077e-01,2.729146274369484426e-01,4.682103682706894587e-01,2.603965945393102999e-01,2.849039812213568501e-01,1.201278654873037949e-01,1.091056404507242950e-01,1.766653831326257529e-01,1.423270874093953975e-01,-2.901574815763432666e-02,1.096509326360570746e-01,-1.543053419842906060e-01,-1.924437404759147263e-01,-2.898722054211101407e-01,-2.869883753111776015e-01,-3.394526048814797692e-01,-3.378948671357693834e-01,-2.772377040464569786e-01,-3.822447896682606983e-01,-3.243910209467816830e-01,-2.897026036229092827e-01,-3.558178443072558816e-01,-2.474971482558373514e-01,-2.773943292296237595e-01,-1.813854957349135821e-01,-6.330025419459862912e-02,-2.300611909835688362e-01,-8.900029492540530163e-02,-2.986999212757224329e-03,-1.192199372273566454e-01,2.220346677947838271e-02,4.013877131339319698e-02,-7.100033622608953321e-02,4.517183537747451738e-02,8.842106838767753788e-03,2.914454534942386918e-02,-5.759928555478473211e-02,-2.695560250480511302e-02,-1.529909823141270379e-02,-6.344857423053615331e-02,-2.850957726622332586e-02,-9.132380644618551258e-02,-8.138312085838918242e-02,-7.565489662468942444e-02,-5.326201181601012552e-02,5.394569416115607002e-02,-7.833430862940150494e-03,1.835226330837991596e-02,3.253380190305604769e-02,1.594134734251580893e-02,4.310585101247454975e-02
4.726118300178656917e-02,5.178002065253417552e-02,-1.563860972639792568e-02,2.889663455705202347e-02,-9.677646482469387523e-02,1.353583543968336217e-02,5.288258117055125856e-02,-8.678422347619185045e-03,1.089378505359498012e-01,2.741070593806084477e-02,4.370325303102372549e-01,4.143339531609483428e-01,6.302700080276198991e-01,4.317788263299687235e-01,3.536114069929338077e-01,1.000000000000000000e+00,3.365267278966642683e-01,3.510099590245295831e-01,3.687492167129181597e-01,2.494377693911413174e-01,1.294967499378022746e-01,1.469558763455366956e-01,1.029133902385363925e-01,4.099025706903072774e-02,-1.402596282489096957e-01,-8.187501375463872300e-02,-1.528290028181664706e-01,-2.693815333443435600e-01,-1.825325243652619056e-01,-3.088703703099808240e-01,-3.522794707594489316e-01,-9.520232606885156712e-02,-2.570750691233448237e-01,-3.547757741723753799e-01,-5.100316048746020986e-02,-2.244821523373224936e-01,-1.894511147202681545e-01,2.926024281258942511e-02,-2.032467947835731037e-01,-2.384272137748340015e-01,-1.672243488171535619e-01,-2.144258116721968199e-01,4.894411034973501079e-02,1.230208439088998629e-01,9.756629489018851797e-02,1.702924965245351530e-01,3.565265972849207543e-02,1.434328730532749285e-01,8.603039368590544023e-02,9.216311225549168873e-02,7.574834150338075056e-02,-1.731606717163008957e-02,-2.458187663834105266e-02,3.499164207067172877e-02,4.027000778128679570e-02,1.070076044364242501e-01,1.011169017913423479e-01,5.767354743716095189e-02,5.220521584662204950e-02,-3.870221264157828502e-03,6.162531757007518041e-02,-1.209435681477244624e-02,2.289217929785962793e-02,-2.905223225607403426e-02,-3.074097433615037914e-02,3.210958966825960131e-02
3.354058299162571838e-02,8.135335409752353364e-02,4.542884169726021069e-03,1.058954425411501171e-01,1.372320798815796113e-02,1.525532290371503855e-02,1.002980146628135866e-01,-1.302352192849869257e-02,-1.164403591644027833e-02,1.122892921868663407e-01,3.439456965706080838e-01,2.071650782645715339e-01,2.093697224590429784e-01,3.811585222648339877e-01,2.729146274369484426e-01,3.365267278966642683e-01,1.000000000000000000e+00,3.465526662416147929e-01,2.680825531789624017e-01,3.109568309714959011e-01,-4.058349846589411579e-03,5.854249305842312845e-02,1.212469708386652301e-01,1.881292298605889146e-01,2.324761539553729314e-02,-6.147640156928367572e-02,-2.212656140812688521e-01,-1.577293106462381300e-01,-1.875971608055199413e-01,-4.083353223879477856e-01,-2.112025377073415422e-01,-1.942001932466458081e-01,-4.146895320321482004e-01,-2.415539462726552788e-01,-1.849524602151128017e-01,-3.423125819796722924e-01,-1.414601401286849081e-01,-1.414892670278866671e-01,-1.985347382674307604e-01,-1.688574877797051621e-01,-9.310985815861973214e-02,-9.189746698533786395e-02,8.455763368121556323e-02,1.108846356004390687e-01,3.588844084517153754e-02,2.922309997026610595e-02,3.462372659227966071e-03,5.224796847646880765e-02,-5.015279156332957088e-03,1.345909646922815138e-02,-3.001270313892147410e-03,-1.831448647381492961e-02,-5.963411985448434371e-02,-1.300816914924923101e-02,-1.209000045804838226e-02,4.403777369260645710e-03,2.201249264712786674e-02,-8.836591047123079287e-03,-3.283583516868260332e-02,-4.902116454654835420e-02,-3.734576218296622508e-04,-7.733417574835468877e-02,-5.897488984315330668e-02,-4.916089342832952874e-02,-5.657683211738196577e-02,-1.380404431901171777e-02
1.073243902216900053e-01,1.035669851514862266e-01,1.046811862552422950e-01,2.080247306073021996e-01,6.908509006044684375e-02,1.479376488047793037e-01,2.244432716707901176e-01,9.118194587818517771e-02,1.525573911179382292e-01,1.983162126567856176e-01,2.701760525678479907e-01,4.217793664343988946e-01,2.054353618996302144e-01,2.502428202426841275e-01,4.682103682706894587e-01,3.510099590245295831e-01,3.465526662416147929e-01,1.000000000000000000e+00,3.505246732620588834e-01,4.563674841937578885e-01,3.190006436611880769e-01,1.822395820296122126e-01,2.443710563105865041e-01,2.123830762693537932e-01,-8.009028717544833254e-02,1.041141055163680995e-01,-1.965717620225651552e-01,-2.153816727465582281e-01,-3.298351967435506071e-01,-2.946523251766560159e-01,-3.983019455472016634e-01,-3.392332841338011051e-01,-3.420730884764135449e-01,-4.678305926133959902e-01,-3.203926222439450466e-01,-3.358489312303679086e-01,-3.606552337520478324e-01,-2.480608058708600738e-01,-2.860167895233749480e-01,-2.334861552872776469e-01,-1.211415649781380777e-01,-2.628434548247637337e-01,-1.987757203737943942e-02,7.395768842985139813e-02,-7.324242020269476627e-02,7.176852024522806239e-02,-7.844744522385392171e-04,-3.214419825325640773e-02,1.768991983723658748e-02,-1.053518497234069880e-02,8.758613856028238040e-03,-4.094460743980249395e-02,-2.453411212884099371e-02,1.178847419294466129e-03,-1.779513508017979348e-02,2.663436028474856776e-02,1.819062432313728675e-02,8.656972339750124764e-05,1.081356530586331452e-02,-2.781886100708656773e-02,2.409377957929407718e-02,-5.477500172026146530e-02,-2.947252356341658469e-02,-1.708254674820599422e-02,-6.091805278178615696e-02,1.243980007927815261e-02
8.033436210735417360e-02,8.939036855127786840e-02,7.617598017024522494e-02,8.961187109098359138e-02,1.767938423184071701e-03,5.826876348800385380e-02,1.076771436801318704e-01,8.537449068604222036e-02,1.578532409731916997e-01,7.353629195985510181e-02,3.010054748516507450e-01,2.714919220339360173e-01,3.218429731618027145e-01,2.817862654772475550e-01,2.603965945393102999e-01,3.687492167129181597e-01,2.680825531789624017e-01,3.505246732620588834e-01,1.000000000000000000e+00,5.361957080765620276e-01,5.781304047308142430e-02,9.018189273941996931e-02,1.479103683190544083e-01,1.578930262495670811e-01,-8.701519773555851933e-02,-3.310075824181759468e-02,-2.047540159700536322e-01,-2.403729343932164975e-01,-1.683547868756623822e-01,-2.809933937062342735e-01,-2.805025532732347560e-01,-1.124075113178946012e-01,-2.455324322938649273e-01,-2.777262685283765076e-01,-3.614992943233856504e-02,-2.258918171858552426e-01,-1.733361494285395321e-01,-8.408269415665669752e-03,-2.216354119095420017e-01,-1.995470300713509115e-01,-1.670886881232284404e-01,-2.073830682166767914e-01,5.193629464680015601e-02,4.909876219873501868e-02,-9.060912807459919199e-03,3.397679025436951827e-02,-4.026709868381900953e-02,-6.931401378926787746e-03,-3.769467633000184170e-02,3.438460925929838399e-03,3.320422027485629007e-02,-5.661900723462619245e-02,-1.248360750786522630e-02,1.022167732040987487e-01,7.413648700308905770e-02,6.732648627365360461e-02,6.339857823136497983e-02,-3.960129163467886182e-02,5.298913312028593475e-02,-2.937332641022759316e-02,1.120334401423257742e-01,7.151736544733783285e-02,3.438337749594598536e-02,7.780777134086829319e-03,-1.896970768782594435e-02,1.491532229403485545e-02
1.203338913743457750e-01,1.308948098304195673e-01,1.052981332515837837e-01,1.483139701754639384e-01,6.070317476853043931e-02,8.020640109597579337e-02,1.712829409492834798e-01,9.841226410493808530e-02,1.299988505111273063e-01,1.460496849063007974e-01,2.573079993545837607e-01,2.552781766193181756e-01,1.786308637357748585e-01,2.628783354907577863e-01,2.849039812213568501e-01,2.494377693911413174e-01,3.109568309714959011e-01,4.563674841937578885e-01,5.361957080765620276e-01,1.000000000000000000e+00,2.826963806694666181e-01,1.123185955980010725e-01,3.791778699865651636e-01,3.384853672459626206e-01,-5.490431707179688897e-02,1.466580431365595016e-01,-2.467668506138482598e-01,-2.306654432579791913e-01,-3.426028598938393177e-01,-2.982251706698060278e-01,-3.193033742187952884e-01,-2.893629372311685710e-01,-3.295645192270213464e-01,-3.554915716817200755e-01,-2.210497560178825149e-01,-3.401245380622096581e-01,-2.689477919633510017e-01,-1.707332176863532447e-01,-3.116937268405561290e-01,-2.325184857212502787e-01,-1.765422758753497356e-01,-2.388554515399343159e-01,7.097852984829849943e-02,7.585261557108236019e-02,-7.297773329518348825e-03,4.565502424677485988e-02,-2.898820982404429203e-02,-6.149281012355234822e-04,-2.365350067359541300e-02,1.729268793810907756e-02,3.218806715976921251e-02,-3.044863308775477492e-02,6.216291710129771700e-04,5.929357657680405652e-02,3.405842923677475376e-02,4.424911111214697990e-02,4.216373187417860047e-02,-2.951424635905630645e-02,1.875560090084964562e-02,-2.461164928350367820e-02,6.125723376154702804e-02,-9.432629416864846128e-03,-2.478457977381207447e-02,-2.602730401545487460e-02,-6.005120104818410798e-02,8.352233081804603596e-03
6.878101579252901554e-02,6.428285199303075681e-02,8.528749997569357033e-02,6.309420579306974919e-02,7.390240957755073170e-02,1.145546076852888423e-01,8.406989389121188871e-02,4.390983681288444102e-02,1.054187691156730916e-01,7.242598202090413939e-02,2.414266105402150097e-03,1.151974031867108311e-01,5.042816241324899612e-02,4.715519314718990933e-03,1.201278654873037949e-01,1.294967499378022746e-01,-4.058349846589411579e-03,3.190006436611880769e-01,5.781304047308142430e-02,2.826963806694666181e-01,1.000000000000000000e+00,2.818143286177495210e-01,2.920521024284982725e-01,2.045904949577055099e-01,-1.089647386338102181e-01,1.501681632830566271e-01,-1.329323812872326149e-01,-1.754281811303631533e-01,-2.646816404619405372e-01,-8.397110012228148346e-02,-2.820541810409515349e-01,-2.119067820496411680e-01,-1.285595218140741236e-01,-3.197206558344878324e-01,-1.936382805689335351e-01,-1.503557654726339066e-01,-2.262336409343631283e-01,-1.218985376686131800e-01,-2.076554841086513670e-01,-2.055083835732092745e-01,-1.691173347276280492e-01,-2.518005419151424507e-01,3.233796730367325539e-02,3.373007879576950252e-02,-7.012291675385830259e-02,3.564499147040398053e-02,-8.215846872534163237e-02,-5.919622670941066672e-02,-1.778521322944462760e-02,-2.924371217115863397e-02,-1.597865254981134867e-02,8.955978943943846554e-04,2.209578034639762475e-02,4.072902867351985146e-02,2.895224616295077533e-02,4.617115762130887674e-02,5.850808057672193807e-02,2.561603687229864826e-02,3.792432942419517172e-02,7.082839773208086812e-04,4.914030711573422368e-03,-1.088177221879503206e-02,1.477923879454623619e-02,3.535518115263374533e-02,-4.008767642868941300e-02,1.753403342882367891e-02
3.259842755544011678e-02,-4.383906355293809044e-03,5.220705936015430232e-02,6.330055736320622239e-02,1.300045211364701803e-01,3.910188916103030793e-02,1.065222096555038939e-01,1.955256387167990939e-01,5.866850233031851991e-02,9.819392979745811267e-02,7.944224780075373471e-02,8.987979916824488658e-02,7.376479826930640304e-02,9.375764740658625029e-02,1.091056404507242950e-01,1.469558763455366956e-01,5.854249305842312845e-02,1.822395820296122126e-01,9.018189273941996931e-02,1.123185955980010725e-01,2.818143286177495210e-01,1.000000000000000000e+00,2.803631683532336605e-01,1.064549049443490603e-01,-1.538237798628092901e-01,8.327330877751691618e-02,-8.842862742013976596e-02,-1.906383386142550540e-01,-2.417195901748983300e-01,-1.588997395189225559e-01,-2.841716086104351668e-01,-1.778758031148340579e-01,-1.324502461113318819e-01,-2.110908859261012016e-01,-1.365622983930267209e-01,-1.507849350089627560e-01,-9.170003706718088399e-02,-1.083580236141155062e-01,-1.670272670391464154e-01,-1.139626119225245898e-01,-9.427989080619739171e-02,-2.176812426626320018e-01,-3.991825771592220212e-02,3.852690405529852341e-02,-3.516891802620202012e-02,9.010903535811853882e-02,-2.502767848637043810e-02,-3.200278943316605534e-02,8.531956109127832033e-02,-6.210645978847016691e-02,8.618150760800728782e-02,5.130193449575637908e-03,2.716240926894075702e-02,5.989593980474784696e-02,7.483637856313182790e-02,8.303964479502048968e-02,1.111162866274533617e-01,2.879883076116223489e-02,1.060727754107635562e-01,1.039607349348072550e-02,4.212397070685981910e-03,-1.316514799281079395e-02,1.147882409027375927e-02,-5.574420692707804381e-03,-4.589903018837158261e-02,1.060091807277891221e-03
1.026417513810237159e-01,1.203556694058299237e-01,1.203397445647177294e-01,1.463508710283830949e-01,1.133824683564497587e-01,1.156450178535063378e-01,1.636551192549738354e-01,9.428284433467745695e-02,9.365036631998559236e-02,1.607437788167086490e-01,1.693632566947458895e-01,1.642199312702204705e-01,6.122159842667241475e-02,1.798688899045858547e-01,1.766653831326257529e-01,1.029133902385363925e-01,1.212469708386652301e-01,2.443710563105865041e-01,1.479103683190544083e-01,3.791778699865651636e-01,2.920521024284982725e-01,2.803631683532336605e-01,1.000000000000000000e+00,5.670349594191385068e-01,-1.109130014769880157e-01,4.369714671643165071e-01,-2.287996281408267718e-01,-3.304230414122239501e-01,-3.779151025915896134e-01,-2.210853625619523255e-01,-3.100447421934244274e-01,-2.135388941225934978e-01,-2.173896823548333301e-01,-2.709562543586678252e-01,-1.544581192374213652e-01,-2.887546523028414192e-01,-1.683928593018482467e-01,-1.352914002226233148e-01,-2.869904328859939069e-01,-1.811117406234154792e-01,-1.409032650818904664e-01,-2.186474901154027983e-01,4.050122000260296395e-02,1.081970757573714470e-01,3.205023326405614936e-02,1.082147761847631062e-01,4.591998289509095083e-02,2.621838561015665814e-02,5.504004553342062983e-02,3.139200104431731642e-02,5.959301495857686343e-02,2.128672975984604102e-02,1.855926170270307332e-02,4.658487521647650120e-02,2.991972962898870395e-02,3.684132901883317712e-02,2.331991323751432185e-02,-4.285258455510450315e-02,5.144003956067192719e-03,-6.228018271906216041e-02,1.791964063417268715e-02,-1.941362273164486466e-02,-6.184063367822491275e-02,-4.678532317042924382e-02,-7.805966459751512154e-02,-2.424355445335739032e-02
