1.000000000000000000e+00,4.971848775147324484e-01,3.248729730589375309e-01,5.709865538499020454e-01,2.164747172486216065e-01,1.125467002986872134e-01,1.809782036109924552e-01,4.556937781733672033e-02,1.190926741675642775e-01,-3.671695287485101517e-02,-4.940185644001983400e-02,-6.715363513956466857e-02,-3.579105549072928577e-02,-7.903074502830911841e-03,-9.730887380330836833e-03,8.174605873501461506e-02,1.010942270382153563e-01,4.354397293583647105e-02,-1.116361541072004825e-02,-8.586855637275787878e-02,2.451294766669432929e-03,-4.738119262376844221e-02,-4.807399895223805897e-02,-6.915314314718815081e-02,-4.831937265248180402e-02,-2.154227212093784774e-02,5.566606010008115502e-02,8.382047759386801467e-02,-2.203321524503346410e-02,-2.813900869284569409e-02,3.665531551931437010e-02,-1.947351453188964424e-02,9.318724828737709465e-02,1.019703866535371095e-01,4.611910016520038430e-02,3.592549066704223137e-02,3.167163462503840010e-02,1.947841009460514125e-02,-2.863587680346316514e-03,-6.567704413257223484e-02,-7.506111737549601461e-03,-1.145517219761404276e-02,2.269539990308072977e-02,5.359521433991478595e-02,-2.385414638983665982e-04,5.879922706646123487e-02,-7.866834549720279346e-03,-7.846481888317360931e-02,5.768464440626132339e-02,-2.036330524838780853e-02,-7.811759055806707930e-02,3.390733043810163772e-02,-4.445741404271413150e-02,-4.826336038646437954e-02,-3.365284214021103948e-02,-6.230208524470636638e-02,-1.073742971551208680e-01,-8.339979444859146884e-03,-5.442355419649023279e-02,-3.513881418106533719e-03,5.828149978401167552e-02,2.261088370614306592e-02,5.156079375615127414e-02,4.810696359914312659e-02,4.483290663660619707e-02,6.379859487002957630e-02,2.813558064901305542e-02,-4.093388662220945329e-02,1.520722119230492018e-02,6.820828829182888631e-02,-3.177315402872569073e-03,-3.721880464653170434e-02,4.643664966656085163e-02,5.213309358728132614e-02,-3.035397378962658224e-02,-1.077398494774554731e-02,6.570188597700123145e-02,1.626891631577903272e-02,-4.036753663062549180e-02,-4.701233194650693975e-02,-4.169858792808570774e-02,-2.912130878972095382e-02,-7.744797435104162214e-03,-5.038743689374834689e-02,3.554499776971043606e-02,2.760585025421307195e-02,-6.482503666800991382e-02,-2.870122129162184024e-02,5.184812516122109388e-02,7.704336692962353295e-03,-7.417697354267975551e-02,4.948083890482367353e-03,6.223630694127053192e-02,-2.679042445109224360e-02,-6.551588385151660421e-02,-1.980265410237781049e-02,-3.869142305360174366e-02,2.895069481856341748e-02,-3.305704328726118829e-02,1.837209409464674037e-02,5.673759127093837284e-02,-5.981514928644880019e-03,-3.106467120423028055e-02,4.670644690188599513e-02,4.671792284345203244e-02,-3.747486641655313477e-02,-1.103069302455490959e-02,6.188411318619454343e-02,1.621380864733218408e-02,-4.720734289026348729e-02,1.117548777698285090e-02,-8.410533539797197811e-02,-3.545863231186688336e-02,-7.375705030844090064e-03,-8.805185954329870779e-02,-5.012428263504196263e-02
4.971848775147324484e-01,1.000000000000000000e+00,4.057756759931787638e-01,3.815536112510107269e-01,3.921513874726372251e-01,1.837096650681583065e-01,1.059080444012430455e-01,1.363401341824687363e-01,1.599141399418153031e-01,7.164954671880179038e-02,5.200452517534256969e-02,-1.112969690535231676e-01,9.709019668934826958e-03,1.607250285795058797e-01,1.151770530437525863e-01,1.855173103153357206e-01,1.764711334185753711e-01,3.673498746701532591e-02,3.721836485860445520e-02,-9.403795800527338378e-02,-1.614805891050251005e-02,3.764968158098390416e-02,-6.793238529185577357e-02,-2.570487638829197646e-02,5.087983480530738206e-02,-5.030997104079153182e-02,4.311540593997666843e-02,1.443371563266294122e-01,-5.408695344823014062e-02,-1.474914293209748373e-01,-4.233878660702729453e-03,-1.022924455061294952e-01,1.106503262529150017e-01,3.421687450929871560e-02,-6.729261034903973038e-02,-9.659734110307895139e-02,-1.063112778832840527e-01,-1.927022209325570876e-02,-3.159351569202661913e-02,-4.892235598626458459e-02,-3.808648381721475157e-02,-3.239052779815051325e-02,-4.406644000823482094e-02,-9.948983405498561597e-03,-1.766611881704249071e-02,1.619140531824730667e-01,2.725051807115304661e-02,2.395506329537987547e-02,1.597531058566881434e-01,8.702959372829966248e-03,5.702460364454748493e-02,1.186484960454343290e-01,-2.542171439809256042e-02,7.038520169977807717e-02,5.314297822867244253e-02,-5.889120350170896911e-02,-7.625847743970799730e-02,6.253418661600675110e-02,-5.309252588933679323e-02,5.343361610055252092e-02,1.278990563551411601e-02,5.218447112989171160e-02,9.928131967435641081e-02,2.151107737167189463e-02,9.438608475386471575e-02,3.421919079204685521e-02,4.859559111922214826e-03,-9.311820954573094000e-02,-3.064213791392789848e-02,4.978303292020912901e-02,-4.164155508912978365e-02,-8.940287256348866674e-02,1.625914764395413117e-02,2.874280454528702761e-02,-8.453053479168173845e-02,-5.288043359057303244e-02,4.429382511883585977e-02,-2.579947160352437374e-02,-9.624995497711734405e-02,-3.777277479742900679e-02,-5.781905623133266892e-02,2.340751417214850805e-02,-4.347433457700670273e-02,-1.358669170459294445e-02,6.001068111268970801e-02,7.868968563785892767e-02,-2.297311360313611384e-02,1.443268734688105299e-02,8.108105829474739068e-02,3.424874271496018002e-02,-1.710644462343682490e-02,4.982073942934462513e-02,7.182791879337151186e-02,8.929493089110607934e-03,-2.483035660913171169e-02,-6.922149352614963280e-02,-8.937189469786649409e-02,-6.733977235291424557e-02,-4.703390016791494932e-02,7.901713203660153118e-02,8.730734971328833749e-03,-9.942262360037407154e-02,-9.626665177263116257e-04,8.420635181453652029e-02,-4.190035578881954464e-02,-8.827740053472588055e-02,5.253021987404964122e-02,5.263552802214350318e-02,-8.512292661035207597e-02,-3.925244985637184325e-02,-5.944759440401236467e-02,-8.559230305468232269e-02,-2.910154975557859014e-02,2.080160810910039459e-02,-1.762561775299269565e-02,-7.837876905973056689e-04
3.248729730589375309e-01,4.057756759931787638e-01,1.000000000000000000e+00,3.567524348766128450e-01,2.325714833009454585e-01,1.389287170997538789e-01,1.171490668056338336e-01,1.090843915890906540e-02,2.331352923335312452e-02,-1.413209111086849608e-02,3.956959361497182359e-02,-4.854523582069276283e-02,-2.053392117793324811e-02,5.402292779618814850e-02,4.887895681056639990e-02,1.583447885753475337e-01,8.838944845760496327e-02,-3.241280162343947863e-02,4.206887117254277941e-02,-2.983238728687555297e-02,-1.738396239838273932e-03,1.142454733758328095e-01,9.096257411027955375e-02,7.959088609208635201e-02,1.077886630346006763e-01,7.379538277496384968e-02,1.013137095234773744e-01,1.043247482843552565e-01,5.632641489759420556e-02,-3.344982041220848773e-02,3.116642133980656801e-02,-5.695786486461296150e-03,1.670130213851304946e-01,4.113530876695365573e-02,-3.335184576259845463e-02,1.909881185965901784e-02,-5.934077448705525615e-02,5.829082268305374459e-02,-3.467496288856986020e-02,-2.224695300787571037e-02,2.508629514823997736e-02,-7.976569651203434252e-02,-1.059643074799657275e-01,-1.245927339400389709e-02,-3.925625503528563931e-02,8.374519118561335462e-02,-7.486399942690592779e-02,2.010007069159646179e-02,3.200055406688660092e-02,-8.636907029028341454e-02,5.515165522291400751e-02,2.500738021045116263e-02,-6.890159490064498571e-02,9.251515709175893443e-02,6.555830275584146986e-03,-1.671099985205926064e-01,-4.279447663882406105e-02,-1.108111387026064487e-01,-6.936478507305643935e-03,-5.735490225465706554e-02,-8.276905091444743123e-02,1.848765250563071463e-02,-5.182262552916155895e-02,-6.005500720587075153e-02,-3.996350643975222355e-02,-1.192751596293859101e-01,4.257318891100595609e-03,5.152758513407736107e-02,-8.460089459220553054e-02,-9.060940312572240973e-02,4.230283185739133756e-02,1.320433604269328695e-02,-1.114653848166832356e-01,-4.229980377873468478e-02,5.365718995804513031e-02,-3.788168675360292087e-02,-1.092682267723521367e-01,9.792936849268563809e-03,3.625497313733823390e-02,3.879202060863702617e-02,7.706858941591418488e-02,8.589653708963405909e-02,3.071771890842142985e-02,1.135858348134793361e-01,-4.825627338156637976e-03,-4.659804554199822868e-02,6.542455393239587913e-02,1.013859928776907615e-01,-4.965914100984544777e-02,-4.950262715550403370e-02,1.051053756541123624e-01,4.402571795963040185e-02,-8.783617959099547512e-02,9.189782083789441169e-03,1.155353094896153093e-01,-4.757760037590110479e-03,4.263181544072783269e-02,-7.113357777005106797e-02,1.673019874882007707e-02,-3.532301764111066278e-02,-1.067244233136157988e-01,-1.536110013858831523e-02,1.221082198133126816e-02,-7.280375609364597711e-02,-8.078439001384632445e-02,1.305784219418639445e-02,-8.625628718902125097e-03,-9.759865140473347744e-02,-5.717662084228436470e-02,-6.657310100769066319e-03,-1.250416825252083641e-01,-7.569462867569475006e-02,-3.813561945586013691e-02,-4.906315070167911740e-02,-9.344146421938542488e-03,2.848192541121281895e-02
5.709865538499020454e-01,3.815536112510107269e-01,3.567524348766128450e-01,1.000000000000000000e+00,2.385821351274973745e-01,8.007283382248896186e-02,2.450345382543616668e-01,3.617271757216700134e-02,1.652705410851171564e-01,-5.042551837732729691e-02,-1.114600425568608999e-01,-3.233400395282058637e-02,-2.453069044700182527e-02,-6.907732149160855650e-02,-1.715438402829232156e-02,1.053682312456871439e-01,1.089636565716111810e-01,4.452798748473334178e-02,1.794800799889938181e-02,-1.296419764142932030e-01,-2.288041696717533699e-02,-2.915391567135468612e-02,-1.512465133929906391e-02,-4.747952664002460382e-02,-5.007138130753288618e-02,1.376630274801733320e-02,8.743314628139091382e-02,1.047808249660796553e-01,3.588986237234369908e-02,1.908655935901888007e-02,6.803521981446629396e-02,3.520361045511530979e-02,9.536133990958096940e-02,1.333070854516210380e-01,7.614969508098334838e-02,8.246839301813153889e-02,6.872636045947641548e-02,4.388715244101495938e-02,2.284382417158365569e-02,-6.953571700650951204e-02,3.471510681752600080e-02,-4.007912941546713835e-04,3.113157830009165988e-02,7.284965643794022450e-02,1.408186768460546918e-02,4.152720794374641089e-02,-2.842751035673169932e-02,-1.531683779711794091e-01,5.529361623335915521e-02,-3.613306104286562875e-02,-1.393494653477800604e-01,1.370120433859628971e-02,-7.509590653868387922e-02,-8.975394269071504394e-02,-1.204876129263458134e-01,-1.144665510331144970e-01,-1.455191945926228581e-01,-7.920120498619372118e-02,-5.947647721180174263e-02,-4.390765286558304809e-02,3.790419060146645730e-02,6.976940308238059260e-03,1.839117849062823704e-02,1.809200124625994638e-02,1.072328621815887492e-02,3.214062297262322565e-02,2.829223778778432175e-02,-5.880494161388544021e-03,7.236555509931639867e-03,3.770363090004102274e-02,1.762647883707054233e-02,-9.245507513926045848e-03,2.106693499345127507e-02,3.710123063233801421e-02,4.043641282359006564e-03,-3.616581640469671444e-03,3.239740981180320306e-02,2.572129192996644789e-02,-5.173409732757794019e-03,-2.880890302372109829e-02,-1.272194413248905163e-02,-2.193557214405496628e-02,1.007108113600670672e-02,-2.301139370519085514e-02,1.596608785451757509e-02,1.226325711385842926e-02,-5.054875875710607147e-02,-1.971898489301305776e-02,2.272391718681306128e-02,-1.296727688619146897e-02,-5.641987951448814570e-02,-1.214456279310438752e-03,3.042430346551763115e-02,-3.179009058018277684e-02,-4.030512044537266914e-02,2.286021641262828488e-03,-3.629561594585753795e-03,3.341785516494039793e-02,-1.593809871534230746e-02,-8.748301558683236820e-03,3.240673306313607283e-02,1.799400547877370513e-02,-2.721119664012408915e-02,1.029028017013466911e-02,4.232468962990845046e-02,-1.103529294060611073e-02,-2.755171865466791645e-02,2.839640714430401863e-02,3.410012876274893384e-02,-4.823856222744438149e-02,2.138414234603587538e-02,-1.045943888236503527e-01,-4.666510416774713454e-02,-2.149283432194079579e-02,-1.048703778490258920e-01,-5.349418397767893851e-02
2.164747172486216065e-01,3.921513874726372251e-01,2.325714833009454585e-01,2.385821351274973745e-01,1.000000000000000000e+00,2.083332746769024357e-01,7.435999958289740697e-02,7.863082246432152866e-02,1.068094773051976726e-01,1.104070520405692479e-01,1.209372456801291185e-01,-2.072454597057244441e-01,-6.491882218864596099e-02,2.363891206640550413e-01,1.912810156177310594e-01,2.410334347762890794e-01,1.260016930020196324e-01,-1.311731177956911853e-01,-2.489815200298374064e-03,-1.292884777493142623e-01,-9.087394776421132969e-02,-6.074965463481316573e-03,-8.758122041643272293e-02,3.934316731846496801e-02,2.142542866090635378e-02,-5.873318197576140459e-02,-5.073913612797950612e-02,9.413628001467998219e-02,-1.001358832847502461e-01,-1.776199193585082381e-01,5.075625706942796245e-02,-1.578835505337818912e-01,1.228092755818536302e-01,3.129773683923263439e-02,-1.164519423758730299e-01,-1.519446500435472636e-01,-1.074294631016418367e-01,-6.146084492076561712e-02,-2.869868506395415603e-02,2.017678741880948867e-02,-5.311863509764946228e-02,-4.380081041552996018e-02,-3.973747712441108582e-02,3.620820164392261203e-02,5.559467525371948604e-02,2.448324310440308793e-01,1.036131039815841037e-01,1.711227915531772226e-01,2.001269052789181324e-01,4.660561986969141701e-02,1.257992998480745583e-01,1.440228415289041275e-01,-2.228073087056517410e-02,1.281059154700079916e-01,3.388487980265411648e-02,-1.199743446760440230e-01,-4.272999785715626830e-02,3.277030598932235278e-02,-1.187634234267750388e-01,-8.856897364776124965e-03,-6.996132915036017141e-02,-5.823007628364330890e-02,6.791484291933617967e-02,-6.544392769411357114e-02,4.656555244333109717e-02,4.756257494757499399e-02,-1.009872537353719429e-01,-8.303247743347297316e-02,6.272879295978761593e-02,-2.420603353862175197e-04,-1.272785326004623463e-01,-1.751949439214110435e-02,7.556484354894389688e-02,-6.657575009552475775e-02,-1.152802047246833939e-01,5.254523695271608175e-02,3.787827924109520711e-02,-1.259029293029325647e-01,-4.636772411248022557e-02,5.803828912408291046e-02,-1.101237350400471049e-01,-5.099713892830493728e-02,-1.508412618316700982e-01,-4.943899396833426746e-02,-4.410032790463533359e-02,1.377889567481103139e-01,5.530145607864217494e-02,-7.772463910840760049e-02,3.189732512717095153e-02,1.324023148268720085e-01,5.016412024719930571e-03,-5.022681693758987431e-02,8.020296319810678309e-02,1.152081626251783703e-01,-3.505129502116750839e-02,2.246726541804143495e-02,-7.333590100187793726e-02,-7.467787249990574805e-02,5.392882603467526181e-02,1.292430028455615609e-01,-3.734424446686654409e-02,-7.176532737795734973e-02,1.099172582735050280e-01,8.632531556225149505e-02,-7.623724837611726979e-02,-6.494740907214899273e-03,1.380582218519851301e-01,2.038130977909341848e-02,-6.948372774799009555e-02,7.222977304572057722e-02,-2.889024892887877369e-03,-2.404588177229469159e-02,6.236235427699322875e-02,2.297959782626507810e-02,5.858831803154909007e-03,7.010512698199904136e-02
1.125467002986872134e-01,1.837096650681583065e-01,1.389287170997538789e-01,8.007283382248896186e-02,2.083332746769024357e-01,1.000000000000000000e+00,2.980875958623355748e-01,1.916259105629507520e-01,3.129633489095341448e-01,1.970187666427677953e-01,3.025612929386232303e-02,-9.066357992262498444e-02,1.458217645738505985e-01,1.902451672961611162e-01,5.181995356287666388e-02,1.599908911828506752e-01,1.922956762445993395e-01,3.872120322106833296e-02,2.975929958653934504e-01,4.924784971734568612e-02,5.707937896397349137e-02,2.182206594486814366e-01,-1.879895852444034635e-02,-1.520028770705753041e-02,2.332307310495295438e-01,-6.550597572257753354e-02,3.626911713653541841e-02,1.244462056994374011e-01,-1.558736716734489824e-01,-2.295949454145344570e-01,-1.227526951176948627e-01,-1.727783146199763642e-01,5.018290845859729732e-02,-7.026484791300811883e-02,-2.273408846295398300e-01,-2.277132187214037651e-01,-2.453207302712360205e-01,-2.022655922281575425e-01,-2.104308957562539273e-01,-1.620588947329119622e-01,-1.949857071197612091e-01,-1.365326483945833169e-01,-1.378433565011969175e-01,-2.402765863594114731e-02,-6.732229016198716144e-03,2.141004348188842443e-01,1.387574526845024303e-01,2.166286344814405962e-01,2.255835193572580943e-01,1.440208835958822764e-01,2.345526813482984585e-01,2.391575967199356667e-01,5.097995258050696393e-02,2.152059563063317416e-01,1.415695229865686355e-01,4.191571261245430335e-02,2.497465944466982155e-02,1.047146526247391130e-01,1.228361374107004994e-01,1.586975677288624820e-01,1.350237250371164391e-02,2.184793708249798683e-01,1.537299945949381907e-01,5.151688173851955155e-02,1.946095702343142719e-01,-7.288247368461497899e-02,9.855649979363660662e-02,-1.558328539342724306e-01,-2.356141481373815183e-01,4.513465083965681468e-02,2.333269516505695126e-02,-2.367077803016333359e-01,-1.465951107545092891e-01,9.031491759598558877e-02,-8.809200157415988941e-02,-2.581318735990550395e-01,-3.177755881113817488e-02,4.618573769606226093e-02,-2.012464756257670295e-01,-1.375143671978140691e-01,4.113716981717804866e-02,2.566909002243508153e-01,3.846306919990065409e-02,1.238434749447708816e-01,2.119082055823234834e-01,6.083915614570017255e-02,-3.745060827166635936e-02,2.188330284291209737e-01,1.689722408166222101e-01,-8.044195409527112040e-02,5.654962962704066648e-02,2.584397659031189010e-01,3.228846198847901139e-02,-7.623694979607743838e-02,1.087455025140012105e-01,-2.396813272693790464e-01,-1.524855135187887789e-01,-2.127449113697600647e-01,-1.861964798654707764e-01,7.151259536822759943e-02,-3.744288996795301638e-02,-2.492595880245247753e-01,-9.411083645327832092e-02,8.363220154449629851e-02,-1.483604575942295001e-01,-2.305597783617414909e-01,1.875748384132096616e-02,3.230409509857096184e-02,-2.358466944771215323e-01,-2.384391851230266146e-01,-1.264307767972926155e-01,-7.273193604738984429e-03,-2.156776286641844675e-01,-1.869953465348116531e-02,4.845054678652948449e-02,-1.288475957972951003e-01
1.809782036109924552e-01,1.059080444012430455e-01,1.171490668056338336e-01,2.450345382543616668e-01,7.435999958289740697e-02,2.980875958623355748e-01,1.000000000000000000e+00,2.787444305225456054e-01,2.310634321183848150e-01,1.712878686150153332e-02,-1.651300948917037992e-01,-3.888081487797548363e-02,9.257634379323015361e-02,-4.024599334477841489e-02,-2.977775070206275035e-02,4.251631371322472930e-02,1.545668222299091676e-01,1.087491667008197299e-01,1.637557202406099144e-01,1.237172214579485008e-02,1.773344124443672620e-01,-6.991361766114949361e-02,-1.302783043150166631e-01,-2.549938214350591648e-01,-6.059444864144165888e-02,-1.572705555268456568e-01,-2.024468326603850732e-01,-2.896314426569772393e-02,-1.618173298423831452e-01,-2.270548642930560884e-02,2.085541738738571835e-02,-8.808219470197886647e-02,-5.966346768386509430e-02,3.252962602537596074e-03,5.552838006926338887e-02,-9.480388089119465289e-02,-4.193685643266030494e-02,-9.847596833277851014e-02,-8.510006691561301795e-02,-1.464414107202873794e-01,-1.111540320855122915e-01,-1.354690772779831021e-01,-5.009776872063011199e-02,1.326842648645189249e-01,-1.123515225891110192e-01,1.280075087465555317e-01,1.242934253204786565e-01,4.787125209358347733e-02,1.201474429767027119e-01,1.697746598150722264e-01,6.998031166663586100e-02,1.766372047681041557e-01,1.020726640010319042e-01,2.649777723057404610e-03,-1.070533585588186731e-01,4.889056108693951019e-02,-4.979988142635179138e-02,1.169169191421604304e-01,1.255906283914579868e-01,1.452654649339140958e-01,2.435296507401406574e-01,2.052975535330437695e-01,1.615178439671415278e-01,2.592860118652099977e-01,1.765104470586981444e-01,1.536579198641301880e-01,2.242517797877610630e-01,-1.193388617690981784e-01,-7.903969400674618062e-02,2.573411382853726947e-01,1.153273344141732965e-01,-1.922310289860783006e-01,5.224801441301030192e-02,2.803312575605694801e-01,-4.176995299073842788e-02,-1.735309001132034068e-01,1.982080818803246547e-01,1.913988530547856004e-01,-1.813230078391553368e-01,-2.789404596992943741e-01,-3.925878847120265608e-02,4.923312482000892498e-02,1.426302756084945333e-01,-1.010590219364471687e-01,2.202199710505258756e-01,-9.378647991246262527e-03,-2.671661816382782662e-01,1.028053975696870646e-02,2.109290881711572696e-01,-1.091397088037081714e-01,-2.303228095102259343e-01,1.330803589156500377e-01,1.377662172934402407e-01,-2.117055667833151189e-01,-1.617714916528458502e-01,-1.799177815180795503e-01,-1.156292599448218023e-01,1.025805968644100813e-01,-2.445572179469697460e-01,-2.198197181176053672e-02,2.530323827509959878e-01,-6.171091064596584408e-02,-2.430044899521650315e-01,1.287109787658554660e-01,1.917819698131574824e-01,-2.052046283246218294e-01,-1.444210390955185941e-01,2.259359116937669498e-01,5.031901037820827455e-02,-2.369603246420509957e-01,-4.715629742095003157e-02,-5.641383310966040232e-02,-9.047582001263947127e-02,-8.278573570048279595e-02,-5.550420412007430609e-02,-5.475595770167026449e-02
4.556937781733672033e-02,1.363401341824687363e-01,1.090843915890906540e-02,3.617271757216700134e-02,7.863082246432152866e-02,1.916259105629507520e-01,2.787444305225456054e-01,1.000000000000000000e+00,4.051424436487197078e-01,3.363469082201493987e-01,1.005754005072553442e-01,-2.380171023774311778e-01,1.110094918354586659e-02,3.025302963384695620e-01,8.443815490259024004e-02,1.003815066680836809e-01,3.198684517715735254e-01,2.605177334165194591e-01,2.808517533819026579e-01,-3.068799961402881443e-03,1.491594398666081511e-01,1.811995915943673610e-02,-3.915711366881596822e-01,-3.033028568799973623e-01,8.288746833438297157e-02,-3.468193202585777568e-01,-2.046257157285565065e-01,-1.026663229567232050e-01,-3.195529857238009197e-01,-2.411172973236931638e-01,-1.182564863336074690e-01,-2.628478533116579419e-01,-2.270229540288942471e-01,-1.187511520135508536e-01,-1.090686481879149794e-01,-2.335193249532430126e-01,-1.341915206855970044e-01,-2.795143537457854821e-01,-1.566002705969646303e-01,-2.490520398850931405e-01,-2.574186483491383015e-01,-1.414897006082894149e-01,-4.661559505628574962e-02,1.248803347815851672e-01,-5.468488605237457195e-02,1.562219113058855580e-01,2.605507187840032657e-01,1.664766760953863278e-01,2.241731125173722916e-01,2.915722085657079798e-01,2.415067335209920563e-01,3.145217643571830424e-01,2.598127409479205618e-01,1.270667324232637452e-01,1.523229915323546235e-01,2.559567469185861088e-01,5.062737430045237408e-02,4.331119444455032719e-01,1.254525888506760334e-01,4.383741922859767381e-01,2.881518424879097040e-01,3.381320234036945260e-01,4.556900635787062837e-01,3.387194729663240422e-01,4.852085124407419237e-01,2.908840298690444359e-01,1.894185443460787988e-01,-4.416196810900483438e-01,-1.286504380367734512e-01,4.124769248309272385e-01,-7.855281581859557827e-02,-4.666036936272343061e-01,1.425946699008652230e-01,3.341292732109473751e-01,-3.406125983461121276e-01,-3.056413820322104735e-01,3.597537356514297624e-01,6.126353633949468275e-02,-4.799551209854189260e-01,-3.864729842446693042e-01,-2.478567289791786254e-01,9.637992678801898805e-02,-6.617918884425291748e-02,-1.756096588416700410e-01,3.912201015571381557e-01,2.596190512372690273e-01,-3.054224397734102148e-01,1.714456630929462808e-02,4.868138519957841970e-01,4.516153681481688970e-02,-2.968571750125134634e-01,2.864233551129116151e-01,3.984085358858084902e-01,-1.590051417164033420e-01,-2.422433792405996045e-01,-4.037242933391290145e-01,-4.356361784729242959e-01,-1.202083011602027435e-01,-3.917849218747143092e-01,2.776422518976504605e-01,2.892939643674254380e-01,-3.880951953984040359e-01,-2.046329114784362913e-01,4.302883645247382316e-01,3.911317253138661687e-02,-4.683099973318014531e-01,7.402750230584144442e-02,4.159248995846994701e-01,-2.337012534762499816e-01,-2.304614647162500085e-01,-1.631162115828226900e-01,-1.361820345759944331e-02,-2.245087193910619838e-01,7.368070373073988370e-03,-6.092127799412406413e-04,-1.131820633282061977e-01
1.190926741675642775e-01,1.599141399418153031e-01,2.331352923335312452e-02,1.652705410851171564e-01,1.068094773051976726e-01,3.129633489095341448e-01,2.310634321183848150e-01,4.051424436487197078e-01,1.000000000000000000e+00,2.334250130998257733e-01,1.653787562987776572e-01,9.476107371321197681e-02,7.020788754944576326e-02,1.631269939994219043e-01,1.173448718241117961e-01,-4.046653223116170733e-02,3.906753162172082322e-02,2.590171306105467086e-01,1.794806705470388952e-01,4.948995748658894384e-02,1.942421805525670342e-01,1.320855358416408720e-01,-1.876664092364070668e-01,-2.245548793676477028e-01,1.234268101853865235e-01,-1.963893870346221093e-01,-3.069851809326255496e-02,1.387943579199874544e-01,-1.859534342906784266e-01,-1.265435379462621357e-01,-8.689550285445027736e-03,-1.671861729536689156e-01,-1.054609599517523921e-01,-4.926867480504488334e-02,-1.305561079651268164e-01,-2.102671413767894237e-01,-1.058919092363971443e-01,-2.699553185565788382e-01,-2.554400169145240040e-01,-3.022700301031386316e-01,-2.612616004691500904e-01,-1.961024811023546754e-01,-1.635408349285810692e-01,4.245651131040466264e-02,-9.879008290712852636e-02,7.952301469441133697e-02,1.878146338624911149e-01,9.329112448297814664e-02,1.275096540524495170e-01,2.292352491177321594e-01,1.657202288766596310e-01,1.830528008401253737e-01,2.541360671923707515e-01,7.591021984805763900e-02,-2.540982543386917369e-02,1.440075161244293578e-01,9.988160391016805140e-02,2.738201054608619400e-01,2.561780755959639500e-01,3.911498614225293879e-01,2.470164495995931797e-01,3.436784684459067707e-01,3.139922964639548231e-01,2.812722775773618400e-01,3.725795763382190318e-01,1.054613396845927170e-01,2.465517372821178221e-01,-2.964322535804357894e-01,-2.508423712532260597e-01,2.774615695884533051e-01,5.901194566094869476e-02,-3.977245377583379926e-01,-4.615986589613777641e-02,2.989660821122711032e-01,-1.739933513528563735e-01,-3.561500860392095014e-01,1.665144076822400732e-01,1.448088583759485903e-01,-3.566502300709963880e-01,-3.372830567976501381e-01,-4.820129626615832219e-02,2.418968550126046890e-01,1.169146903319276398e-01,5.258839651866609698e-03,3.667497357134344993e-01,7.217766412085843686e-02,-2.433970819233003680e-01,1.603736050048831241e-01,3.546662276924425483e-01,-8.592203729240054100e-02,-1.547646131066354458e-01,3.236326196864894311e-01,2.099199699427890531e-01,-2.113240190392486895e-01,-6.998057728435057301e-02,-3.901341412386944429e-01,-2.805080804866070809e-01,-1.321392356232846954e-01,-3.676479911549482837e-01,1.168574491163481693e-01,1.702438953049190129e-01,-3.178595269717108818e-01,-2.418332763013635867e-01,2.429511673966033569e-01,-1.136356772685850371e-02,-4.004851582892514084e-01,-3.241244663694048400e-02,2.500365795635164923e-01,-2.156378631145358382e-01,-3.601813211666719527e-01,-2.279137340011894719e-01,-1.800385100327474563e-01,-2.721480289128269670e-01,-1.062352122231474405e-01,-4.246136461665202255e-02,-1.460957349541187333e-01
-3.671695287485101517e-02,7.164954671880179038e-02,-1.413209111086849608e-02,-5.042551837732729691e-02,1.104070520405692479e-01,1.970187666427677953e-01,1.712878686150153332e-02,3.363469082201493987e-01,2.334250130998257733e-01,1.000000000000000000e+00,2.829686326604570756e-01,-7.998565065916239669e-02,-1.106186612949653092e-01,2.733253705033609759e-01,5.176722944283294048e-01,1.491517463676585720e-01,-2.212138385011744590e-01,-3.386691544778466789e-02,3.630730185286224487e-01,-1.554073084087555234e-01,-2.075794262395167233e-01,2.150043973330373615e-01,-3.175651034214891921e-01,1.016125965640869711e-01,2.723525180756788400e-01,-2.313190998868257797e-01,-1.759180070925156769e-01,-1.869626605769434402e-01,-1.551817728172382449e-01,-3.451070919551277316e-01,2.543655609375716428e-02,-1.930640845220666091e-01,-1.389036761631451955e-01,2.346773987036530201e-02,-1.020782121912452434e-01,-1.659688565059164733e-01,-6.722856092934463568e-02,-1.864416572017097151e-01,-1.130333739128910331e-01,-1.336011770782733477e-01,-1.732772579987111039e-01,-4.361191687603163669e-02,2.092490297366791582e-02,1.182900543588780440e-01,2.640117401378777595e-02,1.883857224507808070e-01,9.363618244979218797e-02,2.615889113840465519e-01,2.835631448934330390e-01,1.008629168321655140e-01,2.372587956544733312e-01,2.965510493358541333e-01,1.029587160115895544e-01,1.501674546833421942e-01,1.567074673329559298e-01,8.767438474594964337e-02,3.709922983779547455e-03,3.136463206101186008e-01,-2.225366375723642626e-02,3.523897197855806462e-01,-1.216968756003658919e-01,9.724956987112946816e-02,3.919585126812802356e-01,-3.706470122004328072e-02,4.340576204773637370e-01,1.020269952235294403e-01,-1.414730604936662584e-01,-4.718713883229247452e-01,-1.078595785598908396e-01,1.212158306922602735e-01,-3.343253626784732924e-01,-4.033405118648301646e-01,6.681062093985254413e-02,-1.886642297862601084e-02,-4.764470351057045749e-01,-2.115762628526672295e-01,1.525010454682383110e-01,-2.693252632287893023e-01,-4.588177080512033656e-01,-9.127941669814179648e-02,-3.241706926730293925e-01,1.332305031996416089e-01,-2.765461065812795383e-01,6.996999506980505594e-03,1.815590170745073062e-01,3.818947970369850897e-01,9.899968250465762676e-02,4.939777092195044017e-02,3.569496417869540417e-01,2.802691472390902994e-01,5.262228302263732838e-02,2.238125464967073708e-01,3.219436489567099602e-01,1.826504558355531438e-01,9.772658762231866206e-03,-3.254546375156974758e-01,-4.749660749372195401e-01,-4.678273991415056177e-01,-1.482112571889702690e-01,4.728093528101446341e-01,-8.378741449006253672e-02,-5.287622473352466823e-01,1.428454576421523126e-01,4.054650695097509194e-01,-3.645053519632264205e-01,-3.612833828492726940e-01,3.916989491647029364e-01,1.647425503064835484e-01,-5.152527260614802040e-01,-1.436452712203182824e-01,-1.765292185636688216e-02,4.694798760345857830e-02,-1.127613635135998466e-01,1.209138782650325677e-01,1.506923179945539870e-01,-6.669188525200636652e-02
-4.940185644001983400e-02,5.200452517534256969e-02,3.956959361497182359e-02,-1.114600425568608999e-01,1.209372456801291185e-01,3.025612929386232303e-02,-1.651300948917037992e-01,1.005754005072553442e-01,1.653787562987776572e-01,2.829686326604570756e-01,1.000000000000000000e+00,2.621486238664072488e-02,-5.143384653415093988e-01,4.568325007969213924e-01,6.708451866175172418e-01,-8.132970961756948169e-03,-2.460554271119108072e-01,7.144219180677069403e-02,-8.169908511717720312e-02,-2.305715606451521626e-01,-1.517190772275990585e-02,1.474306963138671822e-01,9.343912889730228433e-02,1.201520279747787801e-01,1.096467404212257413e-01,1.659809590135533086e-01,1.624859518778032233e-03,2.063970694661518834e-01,9.595905805844576197e-02,1.902222025483538137e-02,1.183502197843913917e-01,7.967314558690194448e-02,1.362085691834305223e-01,3.711157769252941552e-02,-3.072925404169222358e-02,-3.234294051594038127e-02,3.238487188641789999e-02,-1.438069606061668365e-02,-3.784246273123735571e-02,3.440607846449259682e-02,-3.307063715455172814e-03,-2.323932785419506944e-02,-3.806081175513731374e-02,-7.128167566630025376e-02,-1.035093824333511714e-01,-1.156231420929706710e-01,-1.455033851448541693e-01,8.326682433558428922e-03,-2.148184597925290311e-04,-1.559120736589796052e-01,1.986748089883739674e-02,-2.976488659560084030e-02,-6.414493263409699886e-02,6.946930893332674273e-02,-1.291262025403787372e-01,-1.404981700661455390e-01,6.912775049453014076e-02,1.179782389022517378e-02,6.295997681631747278e-02,-2.306953763654953291e-02,-1.106722471472203623e-01,-1.538292109398827975e-02,-9.099159789804511789e-02,-8.272859812250638045e-02,-4.871052689179090206e-02,-1.471639320249405747e-01,-2.280547838007713352e-02,6.272859144219378180e-02,-8.193069168429922833e-02,-1.256582611739083255e-01,3.069837756431636339e-02,3.214807640917323461e-02,-1.251672518046243188e-01,-7.914082439087043175e-02,5.819667573962769569e-02,-2.846025443997816581e-02,-1.447392047253708847e-01,-1.133217149715674311e-02,4.748067309617775428e-02,7.233679925454579440e-02,9.748046406014726495e-02,1.035958503645330042e-01,5.974385542169902141e-02,1.738652277223031728e-01,-3.715253681690561943e-02,-1.008620888767838980e-01,1.147880124154319337e-01,6.907445730956329744e-02,-8.191285286986622893e-02,-1.628895073647628616e-02,1.380069670717499475e-01,1.047017672825771052e-02,-1.123008946571755623e-01,4.725632957899501135e-02,1.498491549220367369e-01,1.265759406020641395e-02,7.592229346853109073e-02,-9.477890600978022828e-02,4.368451515957422204e-02,-3.155454609365789670e-02,-1.488855022421547158e-01,-2.434636158903145595e-02,4.232676317376661557e-02,-8.907356300328310439e-02,-1.222267225866722068e-01,3.416236921304776492e-02,1.392475305189872815e-02,-1.345027838674362208e-01,-6.695955904389030988e-02,-6.349545194793944358e-02,-1.162527940204638038e-01,-1.041681831729144442e-01,-1.432325306813708905e-02,-3.089798858964869221e-02,1.000657721834541242e-01,1.653149011896192302e-02
-6.715363513956466857e-02,-1.112969690535231676e-01,-4.854523582069276283e-02,-3.233400395282058637e-02,-2.072454597057244441e-01,-9.066357992262498444e-02,-3.888081487797548363e-02,-2.380171023774311778e-01,9.476107371321197681e-02,-7.998565065916239669e-02,2.621486238664072488e-02,1.000000000000000000e+00,2.554131390019649325e-02,-6.303057664098096202e-01,1.739396328101441569e-01,-1.227987064984264326e-01,-5.032114474202968868e-01,-3.235144190092157507e-02,2.471344873813658971e-01,7.251844631750231640e-02,1.132501771666616780e-01,2.474716789044232312e-01,3.206838787593330187e-01,1.094856941121816474e-01,1.780288596356195963e-01,2.383247934587083561e-01,2.783829563211449587e-01,1.176865732465414704e-01,1.631932555325966705e-01,1.015232446443082581e-01,-9.353234466981454054e-02,1.747795924460404104e-01,1.421356032130348390e-02,1.408088283577397723e-02,6.026924222269895021e-02,5.379702912064732168e-02,8.320388600866646112e-02,3.143122437553047543e-02,-1.104531181306617725e-02,-2.994222918215178053e-02,1.156105298617342465e-02,-5.665105632986990047e-02,-1.142003360990824917e-01,-1.393642371966277715e-01,-1.754923151608970555e-01,-1.624272860697260068e-01,-1.007161595032716739e-01,-8.449211159048884701e-02,-1.816420263130129886e-01,-8.041539682047352255e-02,-4.003067196012812662e-02,-1.795481988796830131e-01,8.903353490935404790e-02,-6.751363849851733934e-02,-2.717376739333877689e-01,-6.685059662694610438e-02,5.998523319525787129e-02,-1.778506815432548960e-01,2.389702775848812910e-01,-6.733031612924937626e-02,-5.807564680830634013e-02,1.049202510913770092e-01,-1.938334923309547875e-01,-5.053426909714026083e-02,-1.564498447156116023e-01,-3.291391090715654610e-01,1.425575386554190638e-01,2.333402827192727902e-01,-2.659522660033475927e-01,-2.101608080421498159e-01,2.715600007766015289e-01,6.811154812354221211e-02,-3.559796604384748431e-01,-1.258271956624753066e-02,2.839755238941139015e-01,-1.540477294959138599e-01,-3.160335239782167127e-01,1.903169419405905671e-01,1.571330418875124257e-01,2.041813013606597407e-02,3.492672121086333736e-01,2.630332206237650516e-01,3.394624645210693736e-01,3.604325103251778128e-01,1.790546091831137290e-02,-3.291079246064043673e-01,1.033535539820239213e-01,2.865151458102697668e-01,-1.827292990077103163e-01,-2.741211258301490816e-01,2.369243904065377049e-01,1.315160911145137890e-01,-3.283100364951456740e-01,-1.325928424422094243e-01,3.122723201963191753e-01,-3.681486638041343157e-02,2.352569170149971245e-01,-3.749462882866190505e-02,-2.255986769163430272e-02,-2.828949960398794428e-01,-1.826466934267434727e-01,7.992254039715776526e-02,-1.197326351412101725e-01,-3.024108794660537725e-01,-7.935629439253208406e-02,5.571135383998931240e-02,-2.134595409480815609e-01,-2.579622075217690158e-01,-1.059545556241848346e-02,-1.917536695467307595e-01,-1.546033469680525019e-01,-1.822884486105886825e-01,-8.659659256318413822e-02,-2.032082921889394600e-01,-5.879222266050888879e-02,-4.923312383453486152e-02
-3.579105549072928577e-02,9.709019668934826958e-03,-2.053392117793324811e-02,-2.453069044700182527e-02,-6.491882218864596099e-02,1.458217645738505985e-01,9.257634379323015361e-02,1.110094918354586659e-02,7.020788754944576326e-02,-1.106186612949653092e-01,-5.143384653415093988e-01,2.554131390019649325e-02,1.000000000000000000e+00,1.001191580698409661e-01,-3.786071641639289775e-01,1.476661191469345602e-01,3.132746868439936772e-01,-4.076341157590342157e-02,2.390008704618094837e-01,3.821874969411704348e-01,2.230599749134380347e-02,2.296254629955017112e-01,1.071693693426785665e-01,1.572363482533462864e-01,2.544024754417570922e-01,2.230983905462888967e-02,4.440027622368521230e-04,-1.114334723047276932e-01,8.981996520282799212e-02,-6.482168018684017485e-02,-1.651524257259181783e-01,-9.721194244044631394e-02,-7.552623211246191348e-02,-2.381229005020331635e-01,-2.133592168362712094e-01,-9.006115077812905378e-02,-1.815714144252908446e-01,-8.435040913407784724e-02,-1.293358770262675317e-01,-1.426247284882399824e-01,-1.057271431165919401e-01,-1.036768815198610000e-01,-1.327694694314247303e-01,-5.830834435052430209e-02,-5.213439076417304176e-03,1.250053250440329167e-01,1.142334806112801499e-01,8.917337039227689333e-02,1.731207946409317813e-02,1.442704046553645314e-01,1.367498028446667291e-01,1.495534434512346966e-01,1.448400006749328561e-01,1.329327577890050405e-01,2.818550453125563404e-01,1.638690434669940466e-01,1.529402397163696914e-01,4.574920142022782105e-02,4.598885582635324487e-02,4.560718537854988736e-02,-1.290692472727060502e-01,6.360685652698322423e-02,-2.954610345900364823e-02,-9.006854512852846550e-02,2.842140183492000358e-02,-1.835824981270773870e-01,-3.279316417520273391e-02,-1.779817552857331300e-02,-1.695673360774302141e-01,-1.371948372203395938e-01,-1.306183552561158458e-02,-6.184528044006726982e-02,-1.848680215252559433e-01,-8.779183787020061747e-02,-8.256670194386903083e-03,-1.217077588794767823e-01,-1.669521793723447445e-01,-4.239868547313969255e-02,-3.538710295079527945e-02,4.332285192500225091e-02,8.088947742648630590e-02,1.975226073539332605e-01,-1.010900575453482428e-02,1.753343877083941016e-01,6.034545854104635815e-02,2.880750159936853669e-02,1.256323405090533085e-01,2.133306439355870388e-01,-1.903710616707862679e-02,-3.733138250484158843e-02,2.110655491389614447e-01,1.366550875684678645e-01,-9.957673302545655414e-02,4.484728848526223915e-02,2.172261376141965128e-01,-8.067950553498140498e-02,-2.417413902938788176e-02,-2.278896601433844371e-01,-1.443405272349136161e-02,1.987847620073353999e-02,-1.793644156642145715e-01,-1.377486415425279165e-01,3.287143823721010161e-02,-4.972947881275689708e-02,-2.199963745854205954e-01,-5.292256659411555264e-02,5.403241415800874581e-02,-1.443022139946957549e-01,-1.998294638955930846e-01,1.247823253827277240e-02,-5.858620958888257485e-02,1.209111789330874348e-01,-2.666084007014610929e-02,3.471450197160534917e-03,7.384582650750544375e-02,1.172245145392067540e-02
