1.000000000000000000e+00,4.083030421568568658e-01,5.922965862330078490e-01,-3.634139233016163706e-01,-2.878353600134251900e-01,6.303130833117437382e-01,1.974821353094178833e-01,-5.768754739973679380e-01,1.047201102882158452e-01,6.417428916972987007e-01,-2.131722091309578571e-01,-5.033187883020356912e-01,4.535556272557542123e-01,3.363828131221138218e-01,-4.587871430591921595e-01,-2.034111831559432537e-01,-3.804166049952454332e-01,3.985479523750761199e-01,-8.076421423182850168e-02,3.102537138919873178e-02,-5.334839391035776091e-01,-3.373993534063970401e-01,5.917667848744957021e-02,-2.278801628690620695e-01,-4.872475583517529851e-01,2.030819884707571465e-01,-1.947106284752645744e-01,-1.096678646169976616e-02,2.128481882226934130e-01,5.582040231248731610e-01,1.168940656322386140e-01,6.609487972543226508e-01,3.398414242320184631e-01,6.112471807332384710e-01,4.225308656753850034e-01,2.973078529700113326e-01,5.329230159618261187e-01,1.255768400927211037e-01,3.903056034918939710e-01,-4.909435808956932878e-01,1.881032468178536199e-01,-3.924147145801861192e-01,2.098752232546070573e-01,-4.408315300832189587e-01,-4.937644611916735538e-01,-4.706289959832388181e-01,-6.207404087735445275e-01,-4.640563865823182366e-01,-5.215906353035933973e-01,-1.743199112385948324e-01,-4.571015646408900235e-01,3.415400841993365688e-01,4.557965820798865475e-01,6.634605230378807228e-01,1.314774485815758398e-01,-3.595324155030887314e-01,2.533318891958233898e-01,6.222121453738378438e-01,-2.122404720739463346e-01,-2.294547063433606537e-01,5.959728148856848762e-01,3.428770596957964600e-01,-4.013946766581192871e-01,2.152296691185459632e-01,6.504812218769887577e-01,-1.035286792625501016e-02,-2.758111118605939271e-01,3.948989013552522964e-01,4.374532038719080584e-01,-4.686326230444707308e-01,-2.310625360504248715e-01,8.095290735050891806e-02,3.737556246765310064e-01,-3.390183124612698440e-01,1.904008754398492098e-01,7.266525295237928617e-02,-3.780562205575618839e-02,-6.428896549731436538e-01,-3.722393775226465751e-01,-4.899708063803689950e-01,-4.761000070201129031e-01,-3.016517246327128365e-01,-4.209148479315734659e-01,1.836835627838506180e-01,-4.739662435418776631e-01,-1.586727709156204175e-02,-5.020323540624826997e-01,-6.913019559051819529e-02,-2.405385121284367433e-01,1.651484705103528627e-01,3.839966684105934613e-02
4.083030421568568658e-01,1.000000000000000000e+00,1.069279723454822639e-01,-5.113896070939066840e-01,5.259095952372567773e-01,7.612659478128933621e-01,-3.767543493059041237e-01,-2.846860201820171077e-01,8.435847282019249826e-01,3.250596373251123938e-01,-6.130075055899086856e-01,1.556244599990988242e-01,8.800899421589242211e-01,-1.562563402013432412e-01,-7.475405232753119522e-01,9.117338887695163041e-02,-5.513827812285813090e-01,9.144294110009408560e-02,2.803358964054408764e-01,-6.528960980057211261e-01,-5.998196213233789598e-01,4.231415268007929220e-01,1.052146974843940624e-02,-8.751459949714746056e-01,-1.895327089324038428e-01,-3.959813775852313311e-01,-1.120237793354043887e-01,-4.644163379548330028e-01,-3.737557704232401939e-02,-9.298651161705334678e-03,-2.324593222561812667e-01,4.907885289812103369e-01,-9.473907233442241393e-02,5.947952093663169126e-01,1.994246816390270460e-01,8.135056016382881117e-01,2.921906888956466442e-01,4.551005232630528918e-01,7.380147208594408648e-01,-1.473973414207869759e-01,-2.092496140655500381e-01,-7.020961199156221522e-01,-5.917260963171504518e-01,-7.321410324091448540e-01,-3.971296138491262756e-02,-6.905851887597206362e-01,-3.405166531829607601e-01,-7.604282078057226224e-01,-2.690023330740171081e-01,1.485443953205804746e-01,-1.857895384933332394e-01,6.822061195607925788e-01,3.542901052406309814e-01,3.786061695927436799e-01,8.307279420407379655e-01,-2.116289274030634313e-02,-4.078066466886735020e-01,7.015922005959883689e-01,5.788069212545684517e-01,-3.949293102691248669e-01,5.309482324750888771e-02,8.697188505601600728e-01,1.748315256958032360e-01,-2.343579649662821118e-01,4.195377270274932013e-01,7.485973670986625361e-01,-2.457417197090300612e-02,-1.976296677345774633e-01,8.496438412766788018e-01,7.160526533678605865e-02,-7.217117702866807649e-01,1.044680247098052905e-01,-2.334994244792908957e-01,-7.779718861010547215e-01,-1.690704641443678546e-01,-6.366700286098766481e-01,-3.545458496413461114e-01,-4.907843023022090412e-01,-5.123669688757966911e-01,1.205668686713495946e-01,-3.439877233593682804e-01,3.853361549222758531e-01,-1.600881158024679007e-01,6.144981029681282347e-01,-8.069024782566291965e-02,3.603116573814200141e-01,2.574727020588934989e-02,3.477540321273278057e-01,4.337640162342636940e-01,5.925430443390229396e-01,3.363180341950331442e-01
5.922965862330078490e-01,1.069279723454822639e-01,1.000000000000000000e+00,3.493134080634746619e-02,-6.075320549072358300e-01,5.898820643266207142e-01,7.577205489206756406e-01,-4.988870873832292330e-01,-2.166306773259665253e-01,9.222651785905428001e-01,2.659448411795826694e-01,-7.032703312400825357e-01,3.110945958287195112e-01,8.464245075858740641e-01,-1.483513447197726542e-01,2.549206031745498285e-02,-1.751571220865456510e-02,8.433182874808738960e-01,1.059047445945255211e-01,5.206657342278505629e-01,-7.189854385998279973e-01,-6.101445710255322119e-01,4.762196613955937963e-01,5.146290668370263888e-02,-8.886906354268718777e-01,1.993785322202206722e-01,-6.086887468083033159e-01,-1.312113728981355310e-01,-3.769947458568611437e-02,7.027782685039846156e-01,-9.327783372026092479e-02,6.444968137150054455e-01,2.307586109993601531e-01,4.866936938994761430e-01,1.986466492614579471e-01,-1.146808233113303654e-01,3.910444948317300939e-01,-3.774375157773667278e-01,4.580107441965775017e-01,-4.100214790764337147e-01,7.244444540167149782e-01,-4.048154403306736954e-02,5.647858190975676429e-01,-8.056126042801901865e-02,-4.645951956359258839e-01,-1.526392212885874511e-01,-5.944449732384069485e-01,-5.033637826819538086e-01,-3.889141651392509780e-01,-7.532611069023893713e-02,-3.311928484183843113e-01,4.233498085902389074e-01,8.097711364355316688e-01,7.499854357602141475e-01,-9.434957746960177805e-02,-8.319525440719860443e-01,3.221366080410517641e-01,6.712342424287877085e-01,-6.539926082039528854e-01,-5.179647073920591316e-01,7.604826373350220825e-01,2.247150417052207194e-01,-8.936737284561718786e-01,8.442597419675125503e-02,8.779474383738115062e-01,-2.719430947945501442e-01,-7.462406373823965433e-01,4.356645493148648685e-01,1.945331898017065853e-01,-9.146972626038430976e-01,-2.600249272380435461e-01,-3.418053772327173112e-01,4.384413150628013733e-01,-3.509230467875608106e-01,-1.076522498488767000e-02,5.702083995196881583e-01,4.887214517561559446e-01,-5.828728570014317656e-01,5.896285599483581073e-03,-6.097693922679244816e-01,-2.496298749293486552e-01,-4.116317230354356593e-01,-2.261596987929688773e-01,2.905958853324879798e-01,-3.911222401061003051e-01,1.678566980496500882e-01,-5.530845158392538874e-01,6.312635614000686179e-02,-6.417157289780320850e-01,-7.856896399719442980e-02,-1.676338970396586137e-01
-3.634139233016163706e-01,-5.113896070939066840e-01,3.493134080634746619e-02,1.000000000000000000e+00,-5.731514581447600190e-04,-5.968781824168818417e-01,6.234673037669667961e-01,7.896363616396835372e-01,-3.931431805060842111e-01,-2.016326727723881662e-01,9.156040795001662014e-01,3.525630330299245885e-01,-5.152714533207910508e-01,4.312050598476607211e-01,8.772051345481406415e-01,7.247705837226847692e-01,9.622253816654506853e-01,3.662521960105811214e-01,5.921537472223815657e-01,6.122483564134364453e-01,9.914613929282770077e-02,1.048279053004847333e-01,7.192289964448987938e-01,4.584173611352562183e-01,-1.925164833107202156e-01,-4.254473497008040006e-01,-5.984516167466078507e-01,-4.135800805939212621e-01,-7.802796346112845782e-01,-4.684292990295511605e-01,-6.481026791149722133e-01,-6.976369692192331273e-01,-6.999472576930716450e-01,-8.096256295118099411e-01,-8.772205765736550420e-01,-7.975834785628949097e-01,-8.428953859678526284e-01,-9.018351963042470221e-01,-1.188453846699012995e-01,7.446330037365792576e-01,6.174339402956565692e-01,9.147347097745687217e-01,2.549224949992531797e-01,8.867425185271172738e-01,6.680846549588264072e-01,9.242187136479339538e-01,7.245906917230638955e-01,2.050810544733810137e-01,8.268124699356647067e-01,5.474493648321082651e-01,7.931032094555311440e-01,-6.752611291480745299e-04,1.601526421043520942e-01,-5.637982280512396915e-01,-2.556492601527607378e-01,-4.403930346753955338e-01,-3.702697192654748615e-01,-4.263718675091425769e-01,-3.144221113210519114e-01,-4.112308172198483880e-01,-4.502921109260747956e-01,-3.091727529317906953e-01,-3.281732678232979206e-01,-6.228507031055552368e-01,-2.555986720778176124e-01,-1.609977607763482532e-01,-5.402796354055217076e-01,-5.193302403591605332e-01,-6.960092631092751336e-01,-1.723156152327738055e-01,-3.230634835651111092e-02,-8.366958930763754854e-01,-4.647208285418440443e-01,1.277681793928985843e-01,-6.772387242092987591e-01,5.436366241090796469e-01,8.389997159965281170e-01,7.483889562154593111e-01,9.738516861844065398e-01,4.641776042683953829e-01,9.095038694622518127e-01,3.475856808709119616e-01,8.520921692231411271e-01,2.158408072962481050e-01,7.480756207310730321e-01,5.258139957305941747e-01,5.800713874249719959e-01,5.035510323337792915e-01,-2.993072248038106675e-01,-4.220547485575424917e-01,-3.911193630259102716e-01
-2.878353600134251900e-01,5.259095952372567773e-01,-6.075320549072358300e-01,-5.731514581447600190e-04,1.000000000000000000e+00,-5.247624841705932812e-04,-6.125397152553937463e-01,5.233150844097811394e-01,8.087362971347847873e-01,-4.810786624999115468e-01,-3.247079776938057716e-01,8.865478837230518216e-01,3.770144829033607037e-01,-5.658315645564524488e-01,-1.677699867615417562e-01,4.732205149146354040e-01,-2.230504380184453531e-02,-3.469286798614998890e-01,5.307662504644903301e-01,-7.275082485884093453e-01,-1.219071385725840027e-02,9.529399430578455732e-01,4.370615743101390754e-02,-6.810715046036369680e-01,3.750696753619784385e-01,-7.879020164065604348e-01,1.856591127415743031e-02,-6.008216297876390888e-01,-4.363770986174080324e-01,-7.988251249760127681e-01,-5.212679818835814771e-01,-3.703343624481135743e-01,-6.553928452147397277e-01,-2.085839385645850974e-01,-4.296968902766478693e-01,4.804019027634575112e-01,-4.632372632078437524e-01,2.558146695026328743e-01,3.433669713391819811e-01,5.749379762182206255e-01,-4.297225144376069506e-01,-1.832687581008617395e-01,-8.962969336647802487e-01,-2.017316281320755134e-01,6.850824824126043877e-01,-8.288987521751732535e-02,5.014011165272042048e-01,-2.822550447410188124e-01,4.729403189756731796e-01,5.091207535495306802e-01,4.929382220752797639e-01,3.770952911431380006e-01,-1.655898118321992019e-01,-4.904342575672834270e-01,7.786556971836439134e-01,3.679637068295493751e-01,-8.623130080164933542e-01,-2.612696151445731418e-02,9.142171004621032493e-01,-2.352285493778512038e-01,-7.693606284639653570e-01,5.476815324779026328e-01,6.765191227583872147e-01,-6.449305517876631200e-01,-3.775969555001368327e-01,8.828461027265331884e-01,2.446248402065958893e-01,-8.156835764338945527e-01,3.408821670217275779e-01,6.762605145152938979e-01,-5.572108677491288686e-01,-8.685919689473407812e-02,-8.369763306225820321e-01,-4.610499720070148078e-01,-5.414522564055848086e-01,-7.867481094935550034e-01,-2.709610276067692669e-01,3.524261357805610340e-01,7.764826545871682771e-03,8.430328063948548944e-01,3.370130559442824358e-01,8.961974671174252061e-01,4.752839725021049122e-01,5.261050454388073172e-01,6.239533983861845767e-01,5.285340629253539868e-01,7.630760054666402281e-01,5.824939698495069651e-01,7.596949703726534331e-01,4.356673297382647192e-01,2.528045190419421218e-01
6.303130833117437382e-01,7.612659478128933621e-01,5.898820643266207142e-01,-5.968781824168818417e-01,-5.247624841705932812e-04,1.000000000000000000e+00,-5.778805113387831816e-03,-6.880720998832150492e-01,5.425210720411469678e-01,7.867571483277582267e-01,-5.098595484731841543e-01,-3.906946540721881744e-01,8.953370913602461956e-01,2.508366272781327733e-01,-8.195810275160031466e-01,-1.281526287359962268e-01,-6.403272049013388756e-01,4.295859938703717740e-01,7.625293473528495236e-02,-3.089825994505570050e-01,-8.226745713383943892e-01,-9.356347877857544570e-02,7.148000713710700449e-02,-6.729651768238285037e-01,-5.681474430375111906e-01,-2.739562619937297230e-02,-2.471249186650251728e-01,-2.609854543232346114e-01,1.732842979793311478e-01,5.191420575664803527e-01,-2.233375417470252061e-02,8.783133652435103356e-01,2.649709573010557984e-01,8.895484260588106817e-01,4.870724405036717108e-01,6.915884101578695375e-01,6.469345610941727998e-01,3.388197308363985472e-01,7.770985078135562718e-01,-5.372905507763295896e-01,9.598215915417603050e-02,-7.382417905547187242e-01,-1.448398861512680269e-01,-7.741075457567021534e-01,-4.712205212658798215e-01,-7.976408009380430153e-01,-7.618367874901148529e-01,-8.395755862928686586e-01,-6.245716770620007852e-01,-8.443459579046531938e-02,-5.350338536617595953e-01,6.825338193377925577e-01,6.359316494470107495e-01,8.258783319903223452e-01,5.618538651190478905e-01,-3.546121032372858140e-01,1.716378220009814881e-02,9.531107723219498506e-01,1.011361720780264983e-01,-4.325650526232842630e-01,5.859796288557951316e-01,7.811275151785945781e-01,-2.929278027574688803e-01,6.807282357462829392e-02,8.377421218342472331e-01,3.836683631132710159e-01,-2.818397199408378406e-01,2.599953251994731040e-01,8.611012894771765680e-01,-4.177091025919972278e-01,-6.099163501335629345e-01,1.105407530587881881e-01,2.235927828168453313e-01,-7.458956395234902503e-01,7.208267664598762281e-02,-2.478375684766405684e-01,-1.901201518626575993e-01,-8.578791563510762552e-01,-6.039607648307721011e-01,-3.928818516355400137e-01,-6.208843208523825430e-01,-7.528062241123092968e-02,-4.709155788388066921e-01,5.042743963136314678e-01,-4.820233597796315661e-01,1.823175927099364990e-01,-4.553895359377863050e-01,1.223162272160670805e-01,7.218404948220935244e-03,4.693515228487402102e-01,2.399935555989690938e-01
1.974821353094178833e-01,-3.767543493059041237e-01,7.577205489206756406e-01,6.234673037669667961e-01,-6.125397152553937463e-01,-5.778805113387831816e-03,1.000000000000000000e+00,5.053100123809198263e-02,-5.676839690306835218e-01,5.619961970370415116e-01,8.039573927825071076e-01,-4.300786519162263510e-01,-2.132116121813796561e-01,9.234675488049746139e-01,4.852030237400741242e-01,3.494356944387521646e-01,5.824790839388097607e-01,8.264981146604269968e-01,3.018786870004934730e-01,8.676839393151221103e-01,-3.807128610627809051e-01,-5.386134536375459803e-01,7.235764275127416489e-01,4.736357706595114014e-01,-7.559547420647962923e-01,4.969970472572236841e-02,-7.469537793888866295e-01,-1.923603589470470610e-01,-3.977971702441797652e-01,3.367795139107467306e-01,-3.307478103769191935e-01,5.894340676807494767e-02,-1.313120062341051886e-01,-1.458917425346420715e-01,-3.132746872936117422e-01,-6.723211537391263759e-01,-1.650121899645563273e-01,-8.455753282592798348e-01,1.292209553753530527e-01,6.538849787118403145e-02,9.281566723372772776e-01,5.785338671566087054e-01,7.190455366178359897e-01,5.399453508246403466e-01,-4.029655284427533651e-02,4.904549671733178795e-01,-4.119694789774993454e-02,-1.186879838058418762e-01,1.526135114062799336e-01,1.672484058589795708e-01,1.658638270018448491e-01,1.715085477770013633e-01,6.378383999715785402e-01,2.352767290206841944e-01,-3.990753810744799290e-01,-8.711617332217301835e-01,1.768539340748870037e-01,1.600456034527185933e-01,-8.130552027822385286e-01,-5.160317769103994756e-01,3.764485917233534873e-01,-1.798964755528763004e-01,-9.129080741197576065e-01,-1.765004397169447070e-01,4.751471888517297959e-01,-4.757901225744254892e-01,-8.492433794433520422e-01,1.430812709202206046e-01,-3.873946529598198962e-01,-8.297370813122608713e-01,-4.828918316260201460e-02,-7.025614348269134668e-01,1.841356521546312353e-01,-3.089226812593880156e-02,-2.941352577179869310e-01,8.706116982659325432e-01,8.796377108898366659e-01,1.495779608101712073e-02,5.982380970566970602e-01,-2.916030933448561235e-01,3.231457948817775261e-01,-2.532861586554533417e-01,2.697339009535361098e-01,1.869763151476415419e-01,6.873865468828367631e-02,3.006319931113508037e-01,-1.680327007552265550e-01,2.084949457990285804e-01,-7.627213949951994199e-01,-4.122779413455412434e-01,-4.081892763125600232e-01
-5.768754739973679380e-01,-2.846860201820171077e-01,-4.988870873832292330e-01,7.896363616396835372e-01,5.233150844097811394e-01,-6.880720998832150492e-01,5.053100123809198263e-02,1.000000000000000000e+00,1.200888374558423989e-02,-6.437610993841772489e-01,5.597048599433148697e-01,8.238228571438611647e-01,-4.124096909441463676e-01,-1.212153937017688005e-01,7.169259804132492864e-01,7.387064474710069995e-01,7.862870707641640422e-01,-1.018847296517337297e-01,6.180010548694666594e-01,8.815195109655139805e-02,3.255130273430031362e-01,6.019411686392551752e-01,4.386454100719662241e-01,1.399817421208840729e-01,2.695644675953258185e-01,-6.704785940498296792e-01,-2.747104015903965579e-01,-4.872889706528437670e-01,-7.678844796617371182e-01,-8.838947388806039918e-01,-6.671422158301203442e-01,-9.148396520074315585e-01,-8.632164158537731780e-01,-8.975111818955087140e-01,-9.234167935125049409e-01,-4.573588168324151382e-01,-9.726732849165953265e-01,-5.241849655782819806e-01,-1.448680388822941589e-01,9.325110525934142691e-01,1.182842072787808757e-01,7.031260744744524116e-01,-2.754454264375240102e-01,6.866096413623509198e-01,9.282957393121150647e-01,7.827777833992557444e-01,9.589399726368821320e-01,2.523899747297185248e-01,9.657182314243354382e-01,6.570772236994878446e-01,9.199339338491021589e-01,-3.427505123629220191e-02,-2.081839177816527664e-01,-8.798795206222581600e-01,7.215223221404032383e-02,4.556280196069911054e-02,-6.918588886112189140e-01,-5.913165114158156488e-01,2.621362647577689664e-01,-2.329652400122505795e-01,-8.792915891067436540e-01,-1.555887607730383204e-01,2.575185889259541949e-01,-7.466434685494764967e-01,-6.327163747168538244e-01,2.447106263453221464e-01,-1.075274555791160963e-01,-8.344474289302459269e-01,-5.235285961079978456e-01,3.891077455118417960e-01,-1.174536310352690405e-01,-5.937489148765067171e-01,-7.989531571458734494e-01,7.741107905190174054e-02,-7.240209653108895527e-01,-4.582497756795959713e-03,4.304511204640028565e-01,9.257017901611701571e-01,7.960362576071171592e-01,8.612103589896681344e-01,9.384947375502931122e-01,7.155171509938665908e-01,9.298271389423308220e-01,2.458729916133970683e-01,9.498152291952494108e-01,5.436804969152914113e-01,9.129934482038978283e-01,5.769548540822690974e-01,2.183802089400876667e-01,-1.786737602533150504e-01,-1.837781040417197642e-01
1.047201102882158452e-01,8.435847282019249826e-01,-2.166306773259665253e-01,-3.931431805060842111e-01,8.087362971347847873e-01,5.425210720411469678e-01,-5.676839690306835218e-01,1.200888374558423989e-02,1.000000000000000000e+00,7.281028811269641896e-03,-6.314579467562668746e-01,5.139292978592199246e-01,8.196205997303946944e-01,-4.053886389402661661e-01,-6.403967160732461084e-01,2.534323143984306692e-01,-4.387543655909850182e-01,-1.191016403476004154e-01,4.146589465860895385e-01,-8.245829493677042654e-01,-4.257412153541840216e-01,7.372530869539170029e-01,-7.694302063215227409e-03,-9.486862115088646741e-01,5.528634327071177412e-02,-6.236942057900688452e-01,-3.936925465622465731e-02,-5.837605575555031567e-01,-1.941876641738427833e-01,-3.609098351649130954e-01,-3.743726194021376741e-01,1.981205848295470862e-01,-3.394068612255334849e-01,3.508475965229790328e-01,-2.128537095059047229e-02,8.288793318638565388e-01,2.427919024167983844e-02,4.784727987219725698e-01,6.771159935605598479e-01,1.321944228958893408e-01,-3.788661481099233619e-01,-6.142839168397807859e-01,-8.478224026652352308e-01,-6.445805159174122778e-01,2.655477552785518447e-01,-5.609312577797579413e-01,-3.416879705493042901e-02,-6.643257949892928949e-01,-3.325524279638192218e-03,3.229919935469197090e-01,6.373673241196946282e-02,6.311797865641972649e-01,1.610773675001408167e-01,6.423043312440815389e-02,9.516156062774751012e-01,1.804994271054217447e-01,-6.687396203200602907e-01,4.929831837580884168e-01,8.460926331393361366e-01,-3.629512665842529184e-01,-3.047313679021496635e-01,8.738020959746664040e-01,4.560269056013743216e-01,-4.357816802304790293e-01,1.249166915394855359e-01,9.434846536046883614e-01,1.249146427486275412e-01,-4.945984749003962122e-01,7.868453808375699410e-01,3.755423060840984983e-01,-7.622895423225251044e-01,7.492002980531868583e-02,-5.375929038843700880e-01,-7.592638229714664400e-01,-3.413257909783481425e-01,-8.383552755643004506e-01,-4.133534498814602776e-01,-2.087223459464214448e-01,-3.981969145825996481e-01,4.593997190883005177e-01,-1.236192733234706825e-01,6.728253447732069903e-01,7.030468356227427551e-02,6.620941747637403285e-01,2.030506411148961521e-01,4.729296254799675303e-01,3.500323686528555300e-01,4.886717164125607971e-01,6.712577552225520439e-01,6.371214608890642950e-01,3.761530188494608407e-01
6.417428916972987007e-01,3.250596373251123938e-01,9.222651785905428001e-01,-2.016326727723881662e-01,-4.810786624999115468e-01,7.867571483277582267e-01,5.619961970370415116e-01,-6.437610993841772489e-01,7.281028811269641896e-03,1.000000000000000000e+00,1.926217936677446230e-02,-7.019006210648480737e-01,5.487362672791301632e-01,7.416859501582687697e-01,-4.100032236545757547e-01,-4.885410511004539130e-02,-2.509710310119736554e-01,7.910484149163191647e-01,8.111893209542775374e-02,2.952254536049154221e-01,-8.305393319449547729e-01,-5.212212807882656840e-01,3.709245619181344433e-01,-1.845016707351263829e-01,-8.766723362445382195e-01,1.699953179566254247e-01,-5.378674826582943158e-01,-1.672103036634957074e-01,5.532472998649524271e-02,7.418908962859812606e-01,-5.360122738391245867e-02,8.147357532031478389e-01,2.977967763545860680e-01,6.961047064908972848e-01,3.460221082595193454e-01,1.531210302190524897e-01,5.481299802684657108e-01,-1.606510438205291935e-01,6.087410991825802364e-01,-5.283003134196505579e-01,5.850003930643762340e-01,-2.957745313955463806e-01,3.988326025293321142e-01,-3.402533751856118838e-01,-5.437480573415975904e-01,-4.068492796042153525e-01,-7.427215667420065115e-01,-6.672553542308289343e-01,-5.373010185339417433e-01,-8.916239534163100666e-02,-4.670652192157847549e-01,5.388717566608509646e-01,8.305100836232093275e-01,8.758696851043415998e-01,1.061974531996100340e-01,-7.532134048060974418e-01,2.783027253722714645e-01,8.444222264536791478e-01,-4.784203159922220672e-01,-5.282759129452417879e-01,8.064568867572452504e-01,4.312481094682439897e-01,-7.903359424272251577e-01,1.150285336544618897e-01,9.715538130186011090e-01,-9.410504631072159898e-02,-6.611897725718567376e-01,4.501577904930998963e-01,4.464927065596087652e-01,-8.555542524700162632e-01,-3.938686445233022249e-01,-2.078464593133831084e-01,4.452123434783889500e-01,-5.143225182355877223e-01,4.424266651059279021e-02,3.584496903143409297e-01,2.988641305204660092e-01,-7.607337597130542362e-01,-2.203956632842048180e-01,-6.307029496844179794e-01,-4.298571528828554200e-01,-3.669056517258154626e-01,-3.609170725798808710e-01,3.762182143845236859e-01,-4.925812783438492937e-01,1.678844581038371753e-01,-6.065278339766730920e-01,6.654747796050103359e-02,-4.970009911955944881e-01,1.034792837288476264e-01,-4.429636664051627565e-02
-2.131722091309578571e-01,-6.130075055899086856e-01,2.659448411795826694e-01,9.156040795001662014e-01,-3.247079776938057716e-01,-5.098595484731841543e-01,8.039573927825071076e-01,5.597048599433148697e-01,-6.314579467562668746e-01,1.926217936677446230e-02,1.000000000000000000e+00,2.058038717770133488e-02,-5.820420995372912465e-01,6.506360785633070742e-01,8.671292339184374365e-01,5.498874619092318783e-01,9.130161569689682066e-01,5.142170982768369258e-01,4.112499378700051889e-01,8.300540796961959344e-01,4.172689333471590184e-02,-2.272175910386402820e-01,7.030575724143638405e-01,6.360804282113484698e-01,-3.606492381840462058e-01,-1.566351075072479615e-01,-6.197447793141453998e-01,-2.267063159456095267e-01,-6.138321619088720205e-01,-1.544608371993867746e-01,-4.684432866074276780e-01,-5.012584412204018625e-01,-4.506113827869825950e-01,-6.652559403204884036e-01,-6.873423829609127678e-01,-9.019246821133057868e-01,-6.283484581133407243e-01,-9.533475893444806060e-01,-1.746200792218654541e-01,5.008645292777239577e-01,7.648663481698300126e-01,9.122080088884088056e-01,5.488949919901779939e-01,8.853974556652551842e-01,3.971508635714841584e-01,8.826659819834432597e-01,4.889207602791852958e-01,2.351262840420984546e-01,6.147945474979036318e-01,3.899908177685598165e-01,5.733788158592979523e-01,-7.636241889561951046e-02,2.504518236869349157e-01,-3.376240643464047397e-01,-4.758785612005498877e-01,-5.853609885942189228e-01,-7.519926859111435158e-02,-3.458087740852112124e-01,-6.131738073873864714e-01,-3.591809221625235082e-01,-1.423261000043303526e-01,-4.348980863924208351e-01,-5.760227645228137572e-01,-3.939152852115027637e-01,-6.134461159080197706e-02,-4.341854976169777780e-01,-6.417908249224884010e-01,-2.155722200879765238e-01,-7.431302978370067924e-01,-4.339904267318868691e-01,1.123864090015741085e-01,-7.920453940865616049e-01,-1.546500634482792236e-01,2.243293821217625938e-01,-4.799517353526662755e-01,7.870812821382373592e-01,9.094414183920628281e-01,5.564418978217499090e-01,9.176240082201269077e-01,1.432876885902120423e-01,7.398650078157475996e-01,3.491596615534561798e-02,6.511970317062450997e-01,7.294445427186811715e-02,4.945175381296008643e-01,3.566515916793783769e-01,2.829206086702105716e-01,3.108701678887706432e-01,-5.578097021233531239e-01,-5.299189073737878841e-01,-4.659027178088431809e-01
-5.033187883020356912e-01,1.556244599990988242e-01,-7.032703312400825357e-01,3.525630330299245885e-01,8.865478837230518216e-01,-3.906946540721881744e-01,-4.300786519162263510e-01,8.238228571438611647e-01,5.139292978592199246e-01,-7.019006210648480737e-01,2.058038717770133488e-02,1.000000000000000000e+00,-7.323116765792584901e-03,-5.140027470751430405e-01,2.455069285967988180e-01,6.054451047292483956e-01,3.425316347282756912e-01,-3.684378440623542472e-01,5.731686163975264758e-01,-4.580687047459391370e-01,2.405762477960033119e-01,9.135585669515254859e-01,1.559496888192703212e-01,-3.416633905941293126e-01,4.657092791329648374e-01,-7.899222855500394047e-01,-2.635829020509939877e-02,-5.517682194195314693e-01,-5.957949977601112446e-01,-9.643679395864388493e-01,-5.916642663044333617e-01,-7.194242240203436722e-01,-8.039622701719659759e-01,-5.941825281499207856e-01,-6.934584307566694639e-01,9.179000785663406214e-02,-7.628205185839977975e-01,-3.304165444275455887e-02,6.976875604312592072e-02,8.126500086548461566e-01,-3.002708862003956591e-01,2.148680752293618268e-01,-7.296364409567472897e-01,2.038490439429107293e-01,8.823421585630487618e-01,3.263874928586150137e-01,8.093810276150219529e-01,2.199408423312623415e-02,7.658392789506378584e-01,6.004774600910613991e-01,7.504108879087443285e-01,1.375907028733555360e-01,-3.014115400257845745e-01,-7.852581940334316668e-01,4.994879075752860498e-01,3.521016433871065332e-01,-8.597655094784992791e-01,-3.758506532704722347e-01,7.436257104649193206e-01,-1.689731673453704064e-01,-9.528097574941758463e-01,2.178742531391568704e-01,6.371254464083158098e-01,-7.248156684410584916e-01,-6.297658429243367939e-01,6.653374374173424144e-01,1.998642230000923781e-01,-9.125192615757409254e-01,-6.186087343378810638e-02,6.979557573332706433e-01,-3.419187904905082176e-01,-2.678219113761088899e-01,-9.105488461929184263e-01,-1.821966122414348799e-01,-6.400848925378461729e-01,-5.420573645107673588e-01,-3.470800142396471277e-02,7.037462156966983740e-01,3.605981305571742679e-01,9.666121073600666413e-01,6.539698982065293986e-01,9.034530911783239526e-01,7.272641697348594114e-01,3.770353177858092875e-01,8.480984573606207277e-01,5.303675839125255864e-01,9.353439236848161142e-01,5.901200476845238629e-01,6.339400333141622657e-01,1.836069891626280759e-01,9.483313587411884571e-02
4.535556272557542123e-01,8.800899421589242211e-01,3.110945958287195112e-01,-5.152714533207910508e-01,3.770144829033607037e-01,8.953370913602461956e-01,-2.132116121813796561e-01,-4.124096909441463676e-01,8.196205997303946944e-01,5.487362672791301632e-01,-5.820420995372912465e-01,-7.323116765792584901e-03,1.000000000000000000e+00,2.199537363920136407e-02,-8.153835737899892688e-01,9.139267893616519201e-02,-5.802667765123558086e-01,2.769122524304878374e-01,2.957472762880505313e-01,-5.560343279670864058e-01,-7.728667190608979887e-01,2.884415626874322069e-01,1.046132892367378081e-01,-8.828423872022279628e-01,-3.913941569949109800e-01,-3.471908179754447654e-01,-2.444310672404215734e-01,-4.941320044867558714e-01,-3.529667435226316319e-02,1.578518836553575722e-01,-2.467916056140097014e-01,6.555375640485258115e-01,-3.152730886943842792e-02,7.239569948714754677e-01,2.595112378175340462e-01,8.097754468185213161e-01,3.965051729613452980e-01,3.866670942372835151e-01,8.568312993825130119e-01,-2.538217457422289325e-01,-5.707791745858369764e-02,-7.324137258801235451e-01,-4.788512468010518996e-01,-7.736435241229996373e-01,-1.504912314103469817e-01,-7.488544694080286890e-01,-4.928499744427842222e-01,-8.865752900502525957e-01,-3.733472809807216741e-01,1.378934903066008355e-01,-2.807058150444954325e-01,7.717596181016556089e-01,5.415930418095086241e-01,5.689005760446386173e-01,8.207736036205983687e-01,-2.030186903966136880e-01,-3.315833502054736925e-01,8.697660321646022430e-01,4.419270164002830903e-01,-5.109442399598215223e-01,2.340010653696391330e-01,9.378783482972978813e-01,-2.133449564003193216e-02,-2.098657246694876910e-01,6.314312421362665573e-01,7.015184500952390545e-01,-1.890921457346904089e-01,-9.219907215984900206e-02,9.175385802184861106e-01,-1.346533829291761408e-01,-7.922915947003406067e-01,4.276135727184657287e-02,-1.357464861721456584e-01,-8.721469558882590789e-01,-1.688226141024476157e-01,-5.242354892879351747e-01,-2.565795592410684556e-01,-6.394190934919434799e-01,-5.302641178199930527e-01,-2.260116537272991930e-02,-4.194107658122527282e-01,2.927219065576602275e-01,-2.279292936317040275e-01,6.858391107453802871e-01,-1.813352523582656417e-01,3.963809245611957799e-01,-1.083440474365540973e-01,3.583165491572575245e-01,2.962049116573027274e-01,5.961176762223235892e-01,3.131623678812417988e-01
3.363828131221138218e-01,-1.562563402013432412e-01,8.464245075858740641e-01,4.312050598476607211e-01,-5.658315645564524488e-01,2.508366272781327733e-01,9.234675488049746139e-01,-1.212153937017688005e-01,-4.053886389402661661e-01,7.416859501582687697e-01,6.506360785633070742e-01,-5.140027470751430405e-01,2.199537363920136407e-02,1.000000000000000000e+00,2.429579508550204492e-01,3.107073091407402954e-01,3.877132573720786235e-01,9.019123429156422622e-01,3.119296603543716406e-01,7.399868823128575857e-01,-5.782293768147941382e-01,-5.308028987838692148e-01,7.100422196260488539e-01,2.711153090739392146e-01,-8.697421365069422095e-01,3.276606676720596883e-02,-7.869646203624640624e-01,-2.604765774378007270e-01,-3.443707426351033107e-01,4.536682318854057261e-01,-3.302904851488809301e-01,2.827577033617523772e-01,-6.046719210214687723e-02,9.277468655184585578e-02,-1.763666639664649427e-01,-4.622432238723082620e-01,9.500931644720029753e-03,-7.197299867371039772e-01,3.358914994330587378e-01,-7.787723762694083451e-02,9.152416520673410938e-01,3.580704524286680845e-01,6.445020702283525971e-01,3.132651825805888857e-01,-1.551129401191707891e-01,2.606854663254493110e-01,-2.399617722618833104e-01,-3.388440219444626145e-01,-8.394993055042007310e-03,1.793964422156658634e-01,1.549464789354023514e-02,3.440611238889763057e-01,7.660509421149929166e-01,4.312447125832140071e-01,-2.318294096120929182e-01,-9.226056810157120536e-01,1.646895097634746286e-01,3.988976278268571152e-01,-7.462935628109051978e-01,-6.107020184589440071e-01,5.082512824740519353e-01,3.487355999090956810e-02,-9.488897767281134765e-01,-1.559220704914706102e-01,6.758756174262923189e-01,-3.533245607232678998e-01,-8.916983156950287759e-01,2.028325916386468641e-01,-1.478718701410100533e-01,-9.065976273160137877e-01,-2.101929182709940946e-01,-6.490056534906547547e-01,2.354934446300604445e-01,-2.331449484991013066e-01,-2.665532208403684766e-01,7.661543295500424788e-01,7.967637492913939301e-01,-2.087905074292347452e-01,4.179894610589247606e-01,-3.801744813635984377e-01,1.496198413558883222e-01,-2.563680317363217775e-01,1.432414840617099172e-01,3.161764355970480000e-01,-5.371277241381159501e-02,3.444745989257705365e-01,-2.719622091141702946e-01,2.428933292836356894e-01,-7.213487761480111837e-01,-2.641966201878591103e-01,-3.295313663604224064e-01
-4.587871430591921595e-01,-7.475405232753119522e-01,-1.483513447197726542e-01,8.772051345481406415e-01,-1.677699867615417562e-01,-8.195810275160031466e-01,4.852030237400741242e-01,7.169259804132492864e-01,-6.403967160732461084e-01,-4.100032236545757547e-01,8.671292339184374365e-01,2.455069285967988180e-01,-8.153835737899892688e-01,2.429579508550204492e-01,1.000000000000000000e+00,4.333786033095088919e-01,9.049756607923458152e-01,8.939947358384411902e-02,2.400308664415403970e-01,6.583210780181746324e-01,4.481964760566430894e-01,-6.085208909866906407e-02,4.096355516090959825e-01,7.231157561440813009e-01,7.877896059588766764e-02,-1.152088755457802566e-01,-2.613312886851855699e-01,-3.182626022904718605e-02,-4.931906322884048732e-01,-3.973355556899036967e-01,-3.033164618103472154e-01,-7.839810304729500912e-01,-4.460674531277346588e-01,-8.885151824770497475e-01,-7.029504687846278577e-01,-9.096154806557157357e-01,-7.484999689250864119e-01,-7.660111934136704104e-01,-5.005273232443370190e-01,6.200236209267639964e-01,4.105978523080174858e-01,9.501656354186717168e-01,3.865373298512282396e-01,9.532781348992284132e-01,5.204136307055047261e-01,9.671646182557172011e-01,7.238462004473508182e-01,5.734316257575973186e-01,7.268016435486334137e-01,2.923907081273932618e-01,6.579281485928104578e-01,-3.790466403434577525e-01,-1.711898035704658705e-01,-6.588358294953462480e-01,-5.582790356608349214e-01,-1.733021706312708188e-01,-9.067508234087420793e-02,-7.103891148031145075e-01,-4.039957606213227526e-01,-1.236106855695399270e-02,-4.224288144889810082e-01,-6.590240595776094557e-01,-1.875941126837101791e-01,-3.080809148427474664e-01,-4.900007483991719592e-01,-4.434163285807710131e-01,-2.488185100574521746e-01,-2.996703949222256913e-01,-9.044003886065704600e-01,-3.098437695304039410e-02,3.701895667127756973e-01,-5.565538712492147377e-01,-2.431928595693421402e-01,5.145852269640777132e-01,-3.572291908169741292e-01,5.927522528443645022e-01,6.589603517321371839e-01,8.081759599552509332e-01,8.907591314179931219e-01,3.272544137350498206e-01,8.008560850171672074e-01,9.372360670730589538e-02,6.716750153100566889e-01,-1.944940804233966092e-01,5.851738454550792223e-01,1.512024178604938485e-01,4.439918242808316706e-01,1.544473892240623147e-01,-3.239638106708869758e-01,-5.571496253757891592e-01,-3.970184987541715560e-01
-2.034111831559432537e-01,9.117338887695163041e-02,2.549206031745498285e-02,7.247705837226847692e-01,4.732205149146354040e-01,-1.281526287359962268e-01,3.494356944387521646e-01,7.387064474710069995e-01,2.534323143984306692e-01,-4.885410511004539130e-02,5.498874619092318783e-01,6.054451047292483956e-01,9.139267893616519201e-02,3.107073091407402954e-01,4.333786033095088919e-01,1.000000000000000000e+00,6.752667132612137912e-01,4.347205648092435926e-01,9.174567884297293308e-01,1.264924889933757568e-01,-3.213658054557135269e-01,5.271351051179742342e-01,8.115539321566764830e-01,-1.917412788045356753e-01,-3.089300596480364369e-01,-8.494350951097282554e-01,-7.546291408941362411e-01,-8.690745930922060269e-01,-9.547535951318211200e-01,-6.233836834347868949e-01,-9.506132677409062648e-01,-4.745636997824481673e-01,-9.258030659657411343e-01,-5.055291415005435107e-01,-8.909176712339675897e-01,-2.581103105470647363e-01,-7.876259114589601040e-01,-6.523796931791399079e-01,4.396116553995129683e-01,7.942783991291454404e-01,4.879761955028067977e-01,4.965095003041762878e-01,-2.425891592878972325e-01,4.467102703673947461e-01,8.036834981215881246e-01,5.313134611353287351e-01,6.268162188215529174e-01,-3.439556090082117601e-01,7.878455215904864861e-01,7.927630748895607704e-01,8.109810107015920089e-01,5.235680923613381665e-01,4.100130274135803665e-01,-4.188589327640476201e-01,3.915915561077986107e-01,-4.645554994785338065e-01,-8.019514332584350980e-01,1.716244477034304175e-02,1.633518402031306216e-01,-7.676475396700669362e-01,-5.538153519328551377e-01,3.326453965676147151e-01,-1.659390645581568513e-01,-9.365285522235755611e-01,-2.909097116126311069e-02,4.484791493739035406e-01,-5.967852151325609977e-01,-8.061282119393611278e-01,-1.315149003444901488e-01,-6.480942320913708754e-02,-6.110759940849188609e-01,-8.593673490138059590e-01,-7.896255404316733228e-01,-4.716878121632972487e-01,-9.481784272849560491e-01,5.745744025358646284e-02,6.572550737524150977e-01,5.306702227861569421e-01,7.266913914537247443e-01,7.057368970841566558e-01,8.106582374359366794e-01,7.646062739633688876e-01,8.945232443872620509e-01,7.391192821179823902e-01,8.569564167168440827e-01,9.103128979149744948e-01,7.615626658765268786e-01,8.822646438903797295e-01,6.249518306219561253e-02,9.468823508228297464e-03,-1.613201299112052844e-01
-3.804166049952454332e-01,-5.513827812285813090e-01,-1.751571220865456510e-02,9.622253816654506853e-01,-2.230504380184453531e-02,-6.403272049013388756e-01,5.824790839388097607e-01,7.862870707641640422e-01,-4.387543655909850182e-01,-2.509710310119736554e-01,9.130161569689682066e-01,3.425316347282756912e-01,-5.802667765123558086e-01,3.877132573720786235e-01,9.049756607923458152e-01,6.752667132612137912e-01,1.000000000000000000e+00,3.204892216506919911e-01,5.489930855884159744e-01,6.364129117966244031e-01,1.739884699083147079e-01,8.688454794742445086e-02,6.827744949559473309e-01,5.173455101245065801e-01,-1.390101292528439780e-01,-3.864335665852209889e-01,-5.449441500599427890e-01,-3.524260812081542737e-01,-7.487456899368915009e-01,-4.763451269867150506e-01,-5.971124016332832740e-01,-7.333430667608212827e-01,-6.679427940626959659e-01,-8.436582973253864415e-01,-8.594205529228364782e-01,-8.253547884884082642e-01,-8.412849798364475662e-01,-8.848255643223028599e-01,-2.004740353307674361e-01,7.309980022556781254e-01,5.823437522665777522e-01,9.403212735270621847e-01,2.760354756525012498e-01,9.113280938272751985e-01,6.571426952820300649e-01,9.489915817468470571e-01,7.438475300502592757e-01,2.806939680112551239e-01,8.326623047126595623e-01,5.325628258542733917e-01,7.944942523074005614e-01,-7.848885811117420341e-02,8.535455667958220805e-02,-6.032910749830303621e-01,-3.147127934636438362e-01,-3.925587965748896790e-01,-3.348667739541328903e-01,-4.972797879699394907e-01,-3.298794381375996787e-01,-3.422518325564018471e-01,-4.651508412601387255e-01,-3.838375926194616539e-01,-3.004662305235460407e-01,-5.783961735670232196e-01,-3.123628243796763848e-01,-2.152089598856981312e-01,-4.915580346153463620e-01,-4.878685675256937415e-01,-7.486202149187508592e-01,-1.431394326466321198e-01,5.201039111353185362e-02,-7.892978475091906310e-01,-4.289591465198743236e-01,2.082885736903243301e-01,-6.217098421692867083e-01,5.546202342300595722e-01,8.074099416099336235e-01,7.733017552995254951e-01,9.702256293472293347e-01,4.538138018801332052e-01,9.063477308671185062e-01,3.118855562540899795e-01,8.369441112036963837e-01,1.409376447761283291e-01,7.393230989905901218e-01,4.682258913849832171e-01,5.734802591001734173e-01,4.508142302280517821e-01,-3.110759064993811052e-01,-4.622272371218931752e-01,-4.160192655459181155e-01
