1.000000000000000000e+00,4.149662644473104955e-01,5.188611802890158442e-01,-2.597197380096686326e-01,-2.436956172574312462e-01,5.325923447752440865e-01,1.982741726277311989e-01,-4.541025794174071151e-01,4.469963707972856443e-02,5.652620288699534701e-01,-1.066301760356215683e-01,-4.257293617086778115e-01,3.638890470257296061e-01,3.937273393617431450e-01,-3.123680758535318791e-01,2.920480298327150087e-02,-1.945009692933677703e-01,3.356278704618460007e-01,2.398886245912099924e-01,-2.496868996238641170e-01,-4.986623252659297956e-01,-1.853455883097691534e-02,-2.706008302249741648e-01,-4.778100498934972906e-01,1.181799956415464925e-01,-1.301998818084608711e-01,-3.713267938094569898e-01,1.095341388790452286e-01,1.150684678383858683e-01,4.379812672058414069e-01,8.996043584928711812e-02,5.366223446671188890e-01,2.486271670364248454e-01,4.846166745020524247e-01,2.785727367768883189e-01,1.509559795977828411e-01,4.262095155471097296e-01,9.904099445418228231e-02,4.156341791181985545e-01,-3.507745243591380291e-01,1.801041201318430152e-01,-3.590909004748817912e-01,6.587257009213519365e-02,-2.758333507305412713e-01,-2.912423487168251390e-01,-3.415278088548361346e-01,-4.927751652896480983e-01,-4.011518396067730863e-01,-4.237862484162415178e-01,9.856637719638346173e-02,-2.716113053870269911e-01,-1.790931134751683890e-02,3.522272673671706378e-01,5.177406619597478832e-01,1.559651294820572354e-01,-2.883587209679297492e-01,2.334108563100244504e-01,5.127083990706825523e-01,-2.102062875137017950e-01,-2.390852279139342174e-01,5.006822759188508387e-01,2.606329516280205816e-01,-3.864898775294733912e-01,1.716048749194868939e-01,5.575362244767854136e-01,-6.983378690459923765e-02,-2.685262283224802982e-01,3.114575318890135947e-01,3.047373817933912710e-01,-4.774897227182828829e-01,-2.120948139141734523e-01,-6.776479834637175528e-03,3.405550036106316236e-01,-2.437276170428571698e-01,1.352043488822344541e-01,4.669414095495071255e-03,3.626202660584699339e-02,-5.061478519126547670e-01,-2.195984464134160818e-01,-3.871214505582874499e-01,-3.436877925763306973e-01,-2.048250499904251121e-01,-3.275607259938126403e-01,1.802731493311494626e-01,-3.705217861529208623e-01,2.707654010754618340e-02,-3.845412545709951946e-01,-6.147795727808014893e-02,9.514852573180296313e-02,-2.349329106683315516e-01,2.889284992650149528e-02
4.149662644473104955e-01,1.000000000000000000e+00,1.101056693922963375e-01,-3.710250523052345817e-01,4.902524890040697580e-01,7.484506450903504193e-01,-2.635174444661661508e-01,-2.209087041495822190e-01,7.647056297023064886e-01,4.490376308927863658e-01,-4.337703542569794624e-01,1.238137812811268834e-01,8.549295150181897007e-01,4.560699340029647497e-02,-5.724951575736731968e-01,3.322003824239329606e-01,-2.921832297861524652e-01,2.062474391105601629e-02,6.504277488378634731e-01,-3.715943218417283589e-01,-3.340859247618891970e-01,4.209921094743453440e-01,3.069491549910580153e-01,-6.944404667447185986e-01,-4.280084970547674561e-01,-7.739909194189570352e-01,-6.850971239861645135e-01,-5.277386407995253714e-01,-2.888779693939486637e-01,-5.641601135609086715e-02,-3.498137464240915206e-01,4.240608780983818327e-01,-1.852743708872816863e-01,4.851617841211667836e-01,4.096552973833212513e-02,6.123814232261093338e-01,1.291682022965435772e-01,2.136709824978195171e-01,7.959454435214752266e-01,1.001928940697572878e-01,-9.027484590803759590e-02,-4.918071056520678663e-01,-5.506727917018920948e-01,-6.744694793487502338e-01,2.916804690559826607e-01,-5.682899862634565036e-01,-3.152351368077019877e-01,-8.247299015744282702e-01,-1.065181750854635734e-01,4.825844593779347047e-01,2.158214515377673004e-01,-2.360926906453139629e-02,7.604767568174047865e-01,2.660860538929188390e-01,8.049404088888088005e-01,-2.099032554470730283e-01,-4.066786538599741485e-01,7.406616600107449599e-01,4.375770894934182809e-01,-5.728579000880595906e-01,9.130264522090940360e-02,8.639812342856433292e-01,-5.394866328101474012e-02,-3.442959266254160267e-01,5.632061348874970452e-01,6.685423064228497303e-01,-2.771365086107152598e-01,-2.683000598880378451e-01,7.214825622852885090e-01,-1.003608551770169277e-01,-7.989452785548349922e-01,-1.533031284883713818e-01,-2.192424246322655368e-01,-8.167334935397110307e-01,-2.946774920251353236e-01,-5.882158662436413055e-01,-1.002476111797985792e-01,-4.033206628547809647e-01,-2.701230844815578069e-01,1.515269686180469588e-01,-1.927058204077410630e-01,4.802812571468560998e-01,-4.593123744567816774e-02,7.158160740401059430e-01,4.418228212907796687e-02,5.234220505461728568e-01,1.263094271141957659e-01,4.035180469067188858e-01,7.473466667366337468e-01,1.913194534414686676e-01,3.789893086248434240e-01
5.188611802890158442e-01,1.101056693922963375e-01,1.000000000000000000e+00,5.027005104717183204e-02,-6.849152600320824735e-01,5.314072244434133729e-01,7.744438409775779020e-01,-4.964412830282968203e-01,-3.990026066291733620e-01,8.714850189360876520e-01,3.533819470595536694e-01,-7.693442090536153355e-01,1.474037042205765813e-01,9.164229940479653447e-01,-1.024955674878152111e-02,1.865072008115462032e-01,1.312664175087708274e-01,8.398937856584239858e-01,2.639971757724482448e-01,6.060952827088027239e-02,-8.286567548533320116e-01,-3.925124794499321723e-01,-5.808064364987431949e-01,-5.218064843936185415e-01,2.203472521365462955e-01,2.065566973408706208e-01,-4.592326108608638102e-01,3.460236018926580170e-01,7.058850411469456965e-02,7.485202968136479562e-01,6.945226687989204672e-02,6.241671298783471045e-01,2.905825204675843709e-01,4.312986374000862821e-01,1.804068069152190146e-01,-3.091314594957575435e-01,4.963738019205555796e-01,-2.905810639642416038e-01,4.237074162576823788e-01,-4.943754657046365297e-01,7.043530095008693204e-01,-1.326001232004191399e-01,6.201301005582662285e-01,9.231003075840656102e-02,-5.262910608123176903e-01,-5.862368216122513381e-02,-5.509111676518103629e-01,-3.667398210338125297e-01,-5.155256628951391251e-01,2.063715014370252343e-01,-4.072610142090845597e-01,3.098835848754517008e-01,3.193194045008956872e-01,7.114613856256879476e-01,-2.027547245600560544e-01,-7.328575515322865996e-01,5.082459492554799452e-01,5.351974485030969175e-01,-7.712245869921454666e-01,-3.992532409442159369e-01,7.929451826897233602e-01,1.970378954736449681e-02,-9.134949088389632266e-01,2.536850558448330295e-01,7.857175967124069293e-01,-5.087355838749635373e-01,-6.606142806596215777e-01,5.540287313654796986e-01,-2.552920856610649963e-02,-9.570258534563363950e-01,-9.621184369525420665e-02,-2.862685564426916685e-01,6.135654940642624178e-01,-1.226784919245066802e-01,1.149204734629846875e-01,5.390048621497737225e-01,4.862724992648184696e-01,-5.421932526386936679e-01,8.179275754007804544e-02,-6.631689053867519945e-01,-2.319300955224999350e-01,-5.256278769228476255e-01,-3.053748456569929659e-01,1.244821056075343241e-01,-4.943264069842101538e-01,2.100464466478001516e-02,-6.320376687553221906e-01,-7.675331471748056411e-02,-3.121522854555167092e-01,-4.513987076552700151e-01,-1.086114119200684430e-01
-2.597197380096686326e-01,-3.710250523052345817e-01,5.027005104717183204e-02,1.000000000000000000e+00,2.108085120628909112e-02,-5.724448504124992620e-01,6.312423645664759775e-01,8.003000871800822758e-01,-3.903961350750751458e-01,-2.174544330327808084e-01,9.212667906561733400e-01,3.609020130636361734e-01,-5.429896070626236693e-01,3.182035641869856990e-01,9.273055996411310176e-01,6.602752624357619560e-01,9.575632712064980900e-01,4.174928507706124892e-01,1.731919181592608548e-01,8.919607682482482147e-01,7.090113452116794668e-02,-2.105614319664113609e-01,1.299678885549431229e-01,3.720313123413225287e-01,-4.134145602513842888e-01,2.995653322012990505e-01,-5.277100873938000980e-02,-2.800828653188701112e-01,-6.790341017540149071e-01,-4.242816431840558122e-01,-6.332458012317643270e-01,-6.915140138996268560e-01,-7.005870785809444889e-01,-8.322261121512517512e-01,-8.733997253762009194e-01,-8.462857502087371975e-01,-7.619028529583041776e-01,-9.385838856256022433e-01,-2.288894696930846850e-01,6.347054313324903552e-01,6.920999032010656249e-01,9.403130291080231684e-01,5.934875590957833236e-01,8.634880718702870883e-01,4.598553788173826429e-01,9.319739040309262812e-01,7.624266936658561367e-01,2.361962037325241737e-01,7.351838974535801485e-01,5.006620564702698450e-01,5.787605130046490354e-01,7.539029588978761742e-01,-1.728636809181657574e-01,-5.723199919241039879e-01,-4.374564438474341510e-01,-4.696560070423125843e-01,-3.307184302633994211e-01,-4.715683623798759827e-01,-3.524250549399511323e-01,-3.615277021128064927e-01,-4.592719683928386254e-01,-3.452165661072228442e-01,-3.439573519792637479e-01,-5.805990774005714838e-01,-2.729209774406172739e-01,-2.065065410650925859e-01,-5.417056402146703808e-01,-4.614223518117793188e-01,-8.199680825545191398e-01,-6.132873180813409181e-02,1.224270280020826711e-02,-7.982409015470407487e-01,-4.326660543555613248e-01,1.135494856149153464e-01,-6.576587035714714924e-01,6.378686277962060114e-01,8.483592750563769824e-01,7.646588987941839166e-01,9.734415792116937194e-01,4.601475884251874371e-01,9.080184465314626863e-01,2.265865684496082832e-01,8.247148641622766840e-01,1.717705071998235633e-01,6.741257400041394954e-01,4.595595304726700636e-01,4.980634959181642341e-01,5.582667866809524204e-01,-3.608604621279878910e-01,2.588999946805648489e-01,-8.791543488735569997e-03
-2.436956172574312462e-01,4.902524890040697580e-01,-6.849152600320824735e-01,2.108085120628909112e-02,1.000000000000000000e+00,-1.126087171321623590e-04,-6.129912252841350773e-01,5.249130865799628287e-01,8.457862430904803386e-01,-4.014848698395527826e-01,-3.090465240270551250e-01,8.793478481353648180e-01,4.216310520384279892e-01,-5.849827593154693917e-01,-1.342252985909749841e-01,3.980606010197458855e-01,8.571967666748366368e-03,-5.041632345261908288e-01,4.280027940758421856e-01,-2.853715275376505350e-02,4.147989331820382541e-01,6.197310152003652206e-01,7.940395795930523803e-01,-4.702612460228233759e-02,-7.171126358700536940e-01,-7.391075608905813832e-01,-2.515709817228291012e-01,-8.598169221918069427e-01,-5.788453261871099320e-01,-8.287121796754371994e-01,-6.134965530470191108e-01,-4.072268052536843763e-01,-6.750789664183496352e-01,-2.505195706162645086e-01,-4.527244334793598113e-01,4.625983892661127417e-01,-5.902232536201486024e-01,5.962279823356592123e-02,2.652561556380798602e-01,7.414576174573365153e-01,-3.861748032383824358e-01,4.213749585562548416e-02,-7.625001565766038603e-01,-3.334689330553912701e-01,8.691971083664929987e-01,-8.971960825590938327e-02,4.710860788633808305e-01,-3.350696064045325939e-01,6.153938541858821054e-01,4.525939095326752537e-01,7.484473003036608008e-01,3.046112605336942156e-02,3.354197740461343780e-01,-5.694799752929171621e-01,7.031184956391760554e-01,2.327973015274917845e-01,-9.062093166055251725e-01,3.118965942572765951e-02,8.802008572949795440e-01,-3.201651545278241806e-01,-7.476426373692195426e-01,6.121463753954732301e-01,5.651367286006561130e-01,-7.375336085959445231e-01,-2.515189850297498420e-01,9.243288820115613813e-01,8.405095275773794006e-02,-8.668049075967134698e-01,3.358563448535860085e-01,6.712633852254898947e-01,-6.221740562570219346e-01,-2.085808491558879263e-01,-8.671508148602014021e-01,-5.786461826778849238e-01,-6.140072347084489790e-01,-7.109728840586384546e-01,-1.545637419250785183e-01,3.873876001956108039e-01,7.464832113557499926e-02,8.572419314760388875e-01,3.741162607822262065e-01,9.430703358003144077e-01,5.313315464518729714e-01,5.976360824991744369e-01,7.084230405708874523e-01,6.244150079391248553e-01,8.247245882417236773e-01,6.381394539519003040e-01,7.743145575312193607e-01,6.441764379336696322e-01,4.211306979759416591e-01
5.325923447752440865e-01,7.484506450903504193e-01,5.314072244434133729e-01,-5.724448504124992620e-01,-1.126087171321623590e-04,1.000000000000000000e+00,-1.764515558375178220e-02,-6.781570833113170771e-01,4.832561378697609045e-01,8.325996439441327723e-01,-4.485440853468699585e-01,-4.165021320407942818e-01,8.754768725733033108e-01,3.826538021616832097e-01,-7.322932374632118435e-01,1.105010682867195448e-01,-4.688542130422891363e-01,2.933305247785726322e-01,5.457263641807207355e-01,-5.383742788716786576e-01,-6.750691949284129967e-01,1.820755904855471674e-01,-1.081810422894561863e-01,-8.922791893113656281e-01,-5.955675403550793334e-02,-5.621748910815237421e-01,-7.081914275348449861e-01,-1.164951046116581568e-01,5.455191751276754208e-02,4.743606315196361445e-01,-5.412688435065725334e-03,8.505294960677841631e-01,2.464417669024467072e-01,8.452325931412072446e-01,4.129964383291048202e-01,5.739052351075550895e-01,5.968735912710733116e-01,3.258594768100919192e-01,8.644187675532606363e-01,-3.876460819406819525e-01,5.214244670460217029e-02,-7.386913992994923461e-01,-2.901106940163624137e-01,-7.325185549740281798e-01,-2.048422400414594280e-01,-7.543028326101443026e-01,-7.588745089241154540e-01,-8.583939777059065301e-01,-5.819675373088234460e-01,2.828735690525003288e-01,-2.438268400604808317e-01,-1.072617312883363816e-01,7.610364899278224682e-01,7.409816452254391894e-01,6.279552239699156546e-01,-3.573688750138350190e-01,6.878444936871400128e-02,9.617375921928112970e-01,5.224777499548418497e-02,-4.918808237315778764e-01,6.158384664078038195e-01,7.520694604933174654e-01,-3.784278262592761233e-01,7.334790044834363365e-02,8.910950959274208660e-01,2.997162239498268876e-01,-3.458326333792640650e-01,2.381814979313777725e-01,7.846519258472293146e-01,-5.287598967468073452e-01,-6.305340420302449900e-01,1.797195497522893065e-02,2.912715880682609781e-01,-6.954600319756323312e-01,6.312267360012370487e-02,-3.719096283626752153e-01,-1.150050765297725985e-01,-8.183859731810262383e-01,-4.816165258609654276e-01,-3.746744098778214127e-01,-5.599273089609317910e-01,1.013959472958751197e-02,-4.636758782417222391e-01,5.228344776077018530e-01,-4.402026830960317216e-01,2.341654191057089274e-01,-3.895036454832527251e-01,6.666646374016312049e-02,5.093808832697387379e-01,-1.681427758063704647e-01,2.225189364712249762e-01
1.982741726277311989e-01,-2.635174444661661508e-01,7.744438409775779020e-01,6.312423645664759775e-01,-6.129912252841350773e-01,-1.764515558375178220e-02,1.000000000000000000e+00,7.184305027233926777e-02,-6.538976283379592802e-01,4.988655916909961463e-01,8.463273589866011637e-01,-4.369371420920254989e-01,-3.175292110569067905e-01,8.892073000480310574e-01,5.839409606492969029e-01,4.463125466430551969e-01,6.655887645162713584e-01,8.840956600484608519e-01,1.939409226277986065e-01,5.877029800635056311e-01,-5.622819227462566571e-01,-4.995281296787933423e-01,-4.340319164890318326e-01,-9.586905238594591039e-02,2.198578669612480732e-02,4.514633668046176274e-01,-2.770053305937031363e-01,2.100098530109506811e-01,-2.607138778631014620e-01,3.724023145868455287e-01,-2.268125405712017595e-01,5.208610859538877896e-02,-1.150158181980770189e-01,-1.855516105334993893e-01,-3.322683186166572877e-01,-7.980673546852214972e-01,-3.763163281123371035e-02,-7.672145324055555937e-01,8.106083528729117471e-02,-6.618081964927184646e-02,9.411034476086348466e-01,4.797068274726616899e-01,8.979547758568674487e-01,6.465322584284648455e-01,-2.171736731541879517e-01,5.468605106435546759e-01,2.556366092498664130e-02,-2.672748637349760606e-02,4.601286400535085572e-03,3.520279734053199383e-01,-4.609866944453174659e-02,6.502859277587276221e-01,3.607267126859143441e-02,2.100556334582786011e-01,-5.262231288720704558e-01,-7.970169460056998334e-01,2.910283221157649036e-01,4.789729037332726702e-02,-8.695919637945399572e-01,-4.145326183431970457e-01,3.651499295625111885e-01,-3.121239031779030060e-01,-8.964352355885774060e-01,-5.373971204790161521e-02,3.807914135437890368e-01,-6.233014054465086939e-01,-7.651047193329036933e-01,2.337326623095626887e-01,-5.792801011926977939e-01,-7.718185021266242840e-01,6.518370379544914661e-02,-6.276432819080611791e-01,2.881181436050200828e-01,9.837071108258285679e-02,-2.133518416831944042e-01,8.634109029181648021e-01,8.542949335733381888e-01,4.796662453471091381e-02,6.309310743753738793e-01,-3.028256918235452400e-01,3.354815924293379492e-01,-3.733085308671252878e-01,2.090048798557495036e-01,7.222043808530409503e-02,-3.615271613689862579e-02,1.767577072971810159e-01,-2.524973174189476532e-01,1.721532490645887592e-01,-5.626949385850927854e-01,-2.470292607100335602e-01,-1.497543467043074006e-01
-4.541025794174071151e-01,-2.209087041495822190e-01,-4.964412830282968203e-01,8.003000871800822758e-01,5.249130865799628287e-01,-6.781570833113170771e-01,7.184305027233926777e-02,1.000000000000000000e+00,3.885138483185735653e-02,-6.304772238283512520e-01,5.549396927660557033e-01,8.257505152760401534e-01,-4.119411917799915557e-01,-2.445637361943880095e-01,7.472020627558828565e-01,5.730962055293016277e-01,7.489240259217683215e-01,-1.110642324309930040e-01,1.430224816682528766e-01,7.118674559602123919e-01,4.939818846058354196e-01,1.379341864557628861e-01,5.305320710696123099e-01,5.085099793802431156e-01,-6.079941519611886669e-01,-1.200053921228245654e-02,7.830801493807139357e-02,-5.817135249892568805e-01,-7.359055637580331766e-01,-8.558217054180697891e-01,-7.056737280810405633e-01,-9.268693507386254193e-01,-8.649492046472165852e-01,-9.274304671916165921e-01,-9.103156369259377545e-01,-4.698679336487427971e-01,-9.770581931585261559e-01,-6.521367067911498783e-01,-2.968584160196601762e-01,9.072687875348753872e-01,2.017460054431875482e-01,8.477686406195944491e-01,6.161134064230526508e-02,6.019700725642928019e-01,8.055056081857121519e-01,7.792728076474081389e-01,9.715754892832122458e-01,2.628254627977983371e-01,9.707369324327504989e-01,4.450162246921088305e-01,8.304441849316493984e-01,5.091799743303534465e-01,-1.883155718100298359e-01,-9.017682033620966209e-01,-1.151807864216525951e-01,-4.192356737195110372e-02,-6.994396764445726111e-01,-6.013603471016354396e-01,2.278680403178368619e-01,-2.191751989494696296e-01,-8.828372990838714296e-01,-1.479564861793722375e-01,2.159473887343835996e-01,-7.651627542507634105e-01,-6.037317526552166136e-01,2.545532290650354690e-01,-1.685689261577679177e-01,-8.149212170942067290e-01,-5.930279341940989379e-01,4.961956748962758623e-01,-1.025349416510991235e-01,-6.005047079071907934e-01,-8.167032112736449800e-01,6.422702812015984586e-03,-7.435990795533610198e-01,1.443119280584571062e-01,4.742600083432408353e-01,9.483458942709848127e-01,7.961009207371874119e-01,8.575129946752962917e-01,9.408308019168367675e-01,6.279049180213874815e-01,9.412499262391336163e-01,2.382887478240164891e-01,9.333632756286081023e-01,5.271411941655040900e-01,8.690652837622746540e-01,6.518299793517255969e-01,1.025373248140149310e-02,5.570691538317227298e-01,1.415992439284702864e-01
4.469963707972856443e-02,7.647056297023064886e-01,-3.990026066291733620e-01,-3.903961350750751458e-01,8.457862430904803386e-01,4.832561378697609045e-01,-6.538976283379592802e-01,3.885138483185735653e-02,1.000000000000000000e+00,1.115431579296581772e-02,-6.210296280257850965e-01,5.340025146172215909e-01,8.071388267005509265e-01,-4.265848477944172434e-01,-5.783017466847120147e-01,2.550172961418994411e-01,-3.614377286337391304e-01,-4.086023798528019557e-01,5.452424223556981975e-01,-4.032025458432039744e-01,8.746128024680865920e-02,6.433108568756504830e-01,6.260667397536766599e-01,-4.518937689593073848e-01,-5.607504770533526806e-01,-9.143672461896200643e-01,-4.761439658625089555e-01,-7.346178578388409264e-01,-3.462517370468385924e-01,-4.549260640833355240e-01,-4.089797948720642617e-01,1.061442668567268710e-01,-3.529276009935568559e-01,2.680692491832688540e-01,-6.262435205184754827e-02,7.861354341079161978e-01,-1.350481204844884708e-01,3.604936187011591464e-01,6.022383906878620019e-01,3.709432806129902005e-01,-4.517983804449232643e-01,-4.293335422664214529e-01,-8.886629774641360280e-01,-7.378249400056179352e-01,5.848333460758552427e-01,-5.484670117004267764e-01,-3.031527821442939891e-02,-6.627323578679670257e-01,1.674798493226237750e-01,4.013162894797626112e-01,4.426853418205419222e-01,-1.673320240367567324e-01,6.143408753501431452e-01,-1.006047581151754133e-01,9.360103300460005382e-01,1.588415697272374250e-01,-6.945334239574542101e-01,4.847024697948539296e-01,8.532197320803581730e-01,-3.921208646360135885e-01,-3.238626975272985153e-01,8.844608571075620596e-01,4.152133384397075355e-01,-4.968706040553782510e-01,1.740070281473304059e-01,9.573569635698816471e-01,4.944375956982268588e-02,-5.701640202438938987e-01,7.511397061809125253e-01,3.942210309356528608e-01,-7.788384074465749540e-01,-1.450252946213671269e-02,-5.587033918196329108e-01,-7.886191021134457690e-01,-3.796546891522903366e-01,-8.833562815080029385e-01,-3.454419277169383240e-01,-1.252969837095127548e-01,-3.106346174602858112e-01,5.098511864128327797e-01,-6.808128348941000496e-02,7.748951885764970848e-01,1.229036238295117822e-01,6.833111261215403243e-01,3.140239516687968746e-01,5.387542493251017417e-01,4.690826340382462378e-01,4.679763321996591174e-01,9.363696212466703361e-01,4.416884991113645409e-01,4.491312642221256812e-01
5.652620288699534701e-01,4.490376308927863658e-01,8.714850189360876520e-01,-2.174544330327808084e-01,-4.014848698395527826e-01,8.325996439441327723e-01,4.988655916909961463e-01,-6.304772238283512520e-01,1.115431579296581772e-02,1.000000000000000000e+00,1.912865596547251232e-02,-6.788847189195069687e-01,5.616456745713922505e-01,7.992801659521255875e-01,-3.649978877289545842e-01,2.287222247344232184e-01,-1.219258837277255314e-01,7.067955364417196629e-01,4.944937716635659508e-01,-2.076995535146982375e-01,-8.884887605793406751e-01,-1.549851651150430942e-01,-3.866576303487920252e-01,-8.065373672188650422e-01,6.305348023445372929e-02,-1.876999234774537062e-01,-6.956044004809470716e-01,1.128814804815252565e-01,1.935184336156147919e-02,6.895987432672298079e-01,-1.316381453971422061e-02,8.174596643868333734e-01,2.619092437655721195e-01,6.875938975556410426e-01,2.807542653509207398e-01,8.886202364331027836e-02,5.846516605467713124e-01,-5.410315380019799919e-02,7.444798299902251060e-01,-4.695470795749528969e-01,5.016842310145779305e-01,-4.402425223933851828e-01,2.429361899774861722e-01,-3.086952539805488116e-01,-3.957595417621089795e-01,-4.054628846960994237e-01,-7.137759629120711269e-01,-7.058118788843211755e-01,-5.911618827275653132e-01,3.306318313059308234e-01,-3.402795833140414006e-01,1.834373722835059839e-01,6.230117088690363403e-01,8.140164097009430222e-01,2.185277737792330477e-01,-6.842813654606415552e-01,3.146305053605172874e-01,8.488594407598585301e-01,-4.534613462953663854e-01,-5.570166081607192954e-01,7.977076777222407156e-01,4.289634917712360496e-01,-7.927782213863838745e-01,1.473518311786692347e-01,9.712945118983071779e-01,-1.413904393082920097e-01,-6.380645044170448754e-01,4.311421849216788282e-01,3.824477876737257254e-01,-8.848899731009250980e-01,-4.249347165944029614e-01,-2.211946289096550777e-01,4.984456725552789957e-01,-4.777833315416410431e-01,5.105912745949749837e-02,1.480346685073449797e-01,2.879150416866197992e-01,-7.431379092277232701e-01,-1.571699586147930483e-01,-5.780306639900045784e-01,-3.950423322270196769e-01,-2.875258825595106704e-01,-3.888808253761170119e-01,3.977487978876642072e-01,-4.990020798448565609e-01,1.882938539705023839e-01,-5.640572503672243165e-01,3.975515876210664046e-02,9.004389736069197403e-02,-3.455897850090103307e-01,6.774730785346938511e-02
-1.066301760356215683e-01,-4.337703542569794624e-01,3.533819470595536694e-01,9.212667906561733400e-01,-3.090465240270551250e-01,-4.485440853468699585e-01,8.463273589866011637e-01,5.549396927660557033e-01,-6.210296280257850965e-01,1.912865596547251232e-02,1.000000000000000000e+00,2.152032826056949136e-02,-5.873311447542421959e-01,5.751165926795329675e-01,9.007272280630470584e-01,5.598552733193418174e-01,9.184598555971156264e-01,6.347555966711012632e-01,1.070983529917157867e-01,8.529926207110832825e-01,-1.529859530839947912e-01,-3.983961008068177545e-01,-1.453482043277957436e-01,2.791462151953921778e-01,-1.940451855909066936e-01,4.793204739525517843e-01,-6.440068848768223941e-02,-1.738179524517904570e-02,-4.973693167208107502e-01,-9.731795730992327809e-02,-4.460969006226582212e-01,-4.614667361173882543e-01,-4.608067251183339819e-01,-6.574948582837336630e-01,-6.892338925721230858e-01,-9.444009307833854949e-01,-5.038065373326766627e-01,-9.370810413696637475e-01,-2.078647376600744889e-01,3.517105101138132128e-01,8.432740267421781066e-01,8.503581821539113461e-01,8.229658987224489630e-01,8.980073287071916877e-01,1.551635458672013801e-01,8.853963252085608193e-01,5.247096223151821448e-01,2.401669272886372275e-01,4.728668851472632717e-01,3.997828895913662084e-01,3.135130439213758557e-01,7.498475087638641901e-01,-1.865914798880549674e-01,-2.993562586904431888e-01,-6.005852672368050538e-01,-6.078506694737976224e-01,-2.901682990010030772e-02,-3.666938631345087463e-01,-6.476249859981736412e-01,-3.293812657229627794e-01,-1.405183249560093273e-01,-4.586324380665792733e-01,-5.911146421249473537e-01,-3.396760037037641067e-01,-7.831231967189669629e-02,-4.826071432863081045e-01,-6.299157907330138473e-01,-1.503652832389232585e-01,-8.498358878395616545e-01,-3.562759054029899786e-01,1.383701410883320659e-01,-7.432658770362174927e-01,-1.149024452769322191e-01,2.188415842450641691e-01,-4.600973678589080351e-01,8.393381350445843214e-01,9.033274408998066551e-01,5.445721199191946305e-01,9.077217741126357708e-01,1.361063290192379427e-01,7.321918968266959427e-01,-8.053415480474734878e-02,6.080855703618819330e-01,4.570736998434653253e-02,3.980656018219675962e-01,2.955294541577673795e-01,1.851133792327256389e-01,3.695666763237120955e-01,-5.613714838910135452e-01,3.380037844361054311e-02,-1.146891197220857028e-01
-4.257293617086778115e-01,1.238137812811268834e-01,-7.693442090536153355e-01,3.609020130636361734e-01,8.793478481353648180e-01,-4.165021320407942818e-01,-4.369371420920254989e-01,8.257505152760401534e-01,5.340025146172215909e-01,-6.788847189195069687e-01,2.152032826056949136e-02,1.000000000000000000e+00,-7.457591893182627212e-03,-6.123244816068369456e-01,2.757575874959516948e-01,4.218971686530563758e-01,3.168145412000187844e-01,-4.896950650263020011e-01,2.255493026080465369e-01,2.968235608507460710e-01,6.170503881632685150e-01,4.685080687355874796e-01,7.677782285130413387e-01,3.216706448217538372e-01,-6.889539236671149425e-01,-4.254605486177704954e-01,7.271791774378764776e-03,-7.763885873402227578e-01,-6.444271410942393752e-01,-9.736010728709627582e-01,-6.482679905055301894e-01,-7.655107221648811411e-01,-7.996303241877749102e-01,-6.433844516823572501e-01,-6.829411827839004800e-01,8.622811129706033084e-02,-8.512502239259281955e-01,-2.044267268360162315e-01,-9.475919383348678504e-02,8.961516879918621781e-01,-2.560500996158729392e-01,4.370812628321579796e-01,-4.918520044845655637e-01,8.587182495083157951e-02,9.211774031158569409e-01,3.229268949833517532e-01,8.019374568389032731e-01,3.028528968146503367e-02,8.673145141656033452e-01,3.869374327825939042e-01,8.483587334406056391e-01,1.761482376729111565e-01,1.629265276684552580e-02,-8.555036074237446497e-01,3.467464767704062090e-01,2.590748058321999947e-01,-8.883831191184291542e-01,-3.759280768902209524e-01,7.169356168428047127e-01,-1.749307540077900680e-01,-9.544629804889540603e-01,2.377635307507665330e-01,5.832100919699534369e-01,-7.782542264527043674e-01,-5.741140115507546993e-01,6.954270970464244694e-01,1.083832299314841513e-01,-9.297692176012556375e-01,-9.576211513481933113e-02,7.735364290056049308e-01,-3.395823599001810966e-01,-3.163812338724112383e-01,-9.453922912168840620e-01,-2.614242692361604115e-01,-6.743206828273128339e-01,-4.096005983324519928e-01,3.241964373184035020e-02,7.457817046255464932e-01,3.826336442490915202e-01,9.688233776892102300e-01,6.684932500046829595e-01,8.766033274991575919e-01,7.668140557206160057e-01,3.844838213563965823e-01,8.927506833479191828e-01,5.525568056353241664e-01,9.518466499147589799e-01,6.378055436781454590e-01,4.643076170183859097e-01,6.797167097522471835e-01,3.040615966763685063e-01
3.638890470257296061e-01,8.549295150181897007e-01,1.474037042205765813e-01,-5.429896070626236693e-01,4.216310520384279892e-01,8.754768725733033108e-01,-3.175292110569067905e-01,-4.119411917799915557e-01,8.071388267005509265e-01,5.616456745713922505e-01,-5.873311447542421959e-01,-7.457591893182627212e-03,1.000000000000000000e+00,4.782479786062955596e-02,-7.630498421024430877e-01,2.196329945747717560e-01,-4.720764318409527149e-01,4.237229047365197177e-03,6.476291765566470904e-01,-5.404283269343787000e-01,-4.112309261863098531e-01,4.351298811749544915e-01,2.484552491525210405e-01,-8.157516975312590901e-01,-3.322624295500816727e-01,-8.297372680342507412e-01,-7.174765523658966915e-01,-4.558128879527553745e-01,-1.552650939844290034e-01,7.898061238279874274e-02,-2.260816766340533746e-01,6.066799845086998655e-01,-2.951892552259141600e-02,6.797579176290913239e-01,2.231282758446854753e-01,7.577023323289858725e-01,3.111551192189394577e-01,3.751790231829498223e-01,8.765693791932656076e-01,-5.544716517019192964e-02,-1.751676339496632262e-01,-6.862410870156945286e-01,-6.254406721221983378e-01,-8.387941269689547230e-01,1.678490983492074151e-01,-7.574923314268356966e-01,-5.050207677173367271e-01,-9.032206310776874636e-01,-2.881934120521326137e-01,4.058302909670087888e-01,7.330589990261554556e-02,-1.361113690234735940e-01,8.161526950814853576e-01,4.308254675928196442e-01,8.822209916471470681e-01,-1.717459558696755872e-01,-3.121685847791282331e-01,8.777502599538078432e-01,4.556356664246807298e-01,-5.376108658372070748e-01,2.391258317624351537e-01,9.414698445238087743e-01,-5.475589784289745104e-02,-2.166496919638760954e-01,6.801589176703349837e-01,6.781820850555121405e-01,-2.239384467792356614e-01,-1.390142104572403281e-01,8.802366966036668794e-01,-1.590466670783916847e-01,-8.104050185967722753e-01,-1.379643625379944546e-02,-9.940561502822591045e-02,-8.612216294313905784e-01,-1.665297098113101282e-01,-6.779575620721182139e-01,-2.286894489755864068e-01,-5.909353482928745294e-01,-4.534800545507751690e-01,1.590935963625195182e-02,-3.865132796863384734e-01,4.013361715580314737e-01,-2.278711038092819108e-01,7.001626948332501099e-01,-1.204825822152271880e-01,4.405371628355317926e-01,-1.213949757003050627e-02,2.958045885439592459e-01,8.056079613131473804e-01,1.191256282986799114e-01,3.789469136498224699e-01
3.937273393617431450e-01,4.560699340029647497e-02,9.164229940479653447e-01,3.182035641869856990e-01,-5.849827593154693917e-01,3.826538021616832097e-01,8.892073000480310574e-01,-2.445637361943880095e-01,-4.265848477944172434e-01,7.992801659521255875e-01,5.751165926795329675e-01,-6.123244816068369456e-01,4.782479786062955596e-02,1.000000000000000000e+00,2.202428997997099847e-01,4.143738753970194755e-01,3.896933727530068059e-01,9.268585749663741380e-01,3.715762490141051311e-01,2.979886023745659807e-01,-8.013003922443727722e-01,-4.150772376631557958e-01,-4.643196617024482054e-01,-4.498620777673166260e-01,4.001433487252163690e-02,2.080916142509401934e-01,-5.207691003835973609e-01,1.863687286233666196e-01,-1.725781687579338308e-01,5.709069058557449949e-01,-1.644497186208378203e-01,4.202859428646312789e-01,4.136517301521719370e-02,1.992672455745330140e-01,-9.445900562548721624e-02,-4.902615780212992158e-01,2.469320098780075357e-01,-5.408068962668722834e-01,4.116525383891814216e-01,-2.611888853007359734e-01,8.670873097521014650e-01,1.136430922364616708e-01,7.131089659798345304e-01,2.857734497765828108e-01,-3.265770927270327806e-01,1.756132088039475958e-01,-3.178086880952750715e-01,-3.561416436327781709e-01,-2.726834769213692944e-01,3.989548507270438971e-01,-1.863894865923862165e-01,5.294770869655043288e-01,3.248050432450314551e-01,5.239454703120836054e-01,-2.439859972516564834e-01,-8.637185567671550324e-01,3.365874150604486470e-01,4.373746079899715755e-01,-7.936957805076525485e-01,-5.484893158444855699e-01,6.199439140838640672e-01,-1.161803373008628640e-03,-9.788984657242060239e-01,2.970603651769233508e-02,7.173713238846101126e-01,-4.842274902795539182e-01,-8.181675727160195866e-01,3.565201004682372887e-01,-2.065685565394355938e-01,-9.339100303250674751e-01,-1.638928137122694362e-01,-5.275882164235757843e-01,4.251228447341691141e-01,-1.651591036602496343e-01,-1.241151634905552636e-01,6.431674436121438410e-01,7.089233545784074941e-01,-3.176319480736906065e-01,3.505626323739172157e-01,-4.711489513810919738e-01,4.123190613947625566e-02,-3.796691466507900459e-01,-3.985109592983591270e-02,2.433922202535610813e-01,-2.546315448572764595e-01,2.158963040350458940e-01,-4.311170123167949453e-01,1.413420534791432481e-01,-3.288850183120801685e-01,-3.286528681328526047e-01,-7.250351921023875934e-02
-3.123680758535318791e-01,-5.724951575736731968e-01,-1.024955674878152111e-02,9.273055996411310176e-01,-1.342252985909749841e-01,-7.322932374632118435e-01,5.839409606492969029e-01,7.472020627558828565e-01,-5.783017466847120147e-01,-3.649978877289545842e-01,9.007272280630470584e-01,2.757575874959516948e-01,-7.630498421024430877e-01,2.202428997997099847e-01,1.000000000000000000e+00,4.236808757642063217e-01,8.942242598267080567e-01,3.126665413532011550e-01,-9.611802524893982291e-02,8.694446586530107934e-01,2.040463430320849925e-01,-3.053602468484138410e-01,8.071408846757333055e-03,5.736534504394176226e-01,-1.971317271469686383e-01,5.213717857724079474e-01,2.160995550947337751e-01,-5.570755807198014831e-02,-4.642654877013882575e-01,-3.562816889075426374e-01,-4.024792361112825012e-01,-7.457212308561312897e-01,-5.233046766767309732e-01,-8.765993963222237229e-01,-7.431014371408342090e-01,-9.117018176398421492e-01,-6.911836162557090102e-01,-8.448168187584539357e-01,-4.907144944689584842e-01,5.042219920815783629e-01,5.841019060751226899e-01,9.599102586818535343e-01,6.706253528953272092e-01,9.543443955987845895e-01,2.924430880391782339e-01,9.790542685195846584e-01,7.624949505649972759e-01,5.025930027005948153e-01,6.657320508919620794e-01,2.366105334314970443e-01,4.189904756586832479e-01,6.220554977477100733e-01,-4.234268247552187558e-01,-5.920602399203198640e-01,-6.472227511681865053e-01,-2.929498313028713330e-01,-1.441327371418307524e-01,-6.741197883553436965e-01,-4.259531838498951117e-01,-8.201757194592904088e-02,-4.392485076593116156e-01,-5.999543386407442114e-01,-2.392737426287001590e-01,-3.661021217613535939e-01,-4.554087186414351174e-01,-4.013080733901894792e-01,-3.315009813423521745e-01,-3.006299817320972623e-01,-9.367428828491405346e-01,1.451020400878396885e-02,3.030969890043503923e-01,-5.975375179047519580e-01,-2.939964404295257738e-01,3.972605322794961480e-01,-4.391647870931043030e-01,7.239226115341351742e-01,7.210820223377941707e-01,7.935997541756296680e-01,8.986768318789128962e-01,3.472082889334788258e-01,8.274835609552338989e-01,3.151753813751220074e-02,7.118015603613579989e-01,-1.177030827511344468e-01,5.601131988749633583e-01,1.947954556373684420e-01,3.883503801294533875e-01,3.221303878864755221e-01,-5.575096858289164681e-01,1.600894140243175334e-01,-1.373905918175380714e-01
2.920480298327150087e-02,3.322003824239329606e-01,1.865072008115462032e-01,6.602752624357619560e-01,3.980606010197458855e-01,1.105010682867195448e-01,4.463125466430551969e-01,5.730962055293016277e-01,2.550172961418994411e-01,2.287222247344232184e-01,5.598552733193418174e-01,4.218971686530563758e-01,2.196329945747717560e-01,4.143738753970194755e-01,4.236808757642063217e-01,1.000000000000000000e+00,7.141095663556324968e-01,4.866573413511715018e-01,7.705722323093721071e-01,5.687445821369162546e-01,-2.795247984956857334e-01,1.314681164826141946e-01,3.752801705447467162e-01,-2.808773605293862219e-01,-7.742953037718186549e-01,-3.800680671958481804e-01,-6.901380397575220815e-01,-7.366169261600618023e-01,-9.351636700670885594e-01,-4.354487764745464951e-01,-9.415855420693597377e-01,-2.826319840619537782e-01,-8.486634447238330381e-01,-3.805443468926416051e-01,-8.277001813519947460e-01,-3.207783285595523504e-01,-6.232996998566426861e-01,-7.645640668202228207e-01,4.967741206613088822e-01,7.011047856311022342e-01,6.463660858703462742e-01,4.988391695885937005e-01,1.374972741933131459e-01,2.718473737275721169e-01,6.929433800803381782e-01,4.264168402892465903e-01,4.544742732845375444e-01,-5.147950806804824087e-01,6.142548544639702124e-01,9.436437888004091112e-01,7.482023502918684343e-01,7.678077684439549300e-01,5.174918970472629498e-01,-2.994206689768241780e-01,2.648052932603721654e-01,-7.006397020979903134e-01,-6.692152857194353377e-01,2.148873590558630087e-01,-6.008130100367232301e-03,-8.961877128823784178e-01,-3.355382066463554191e-01,4.212374633888242847e-01,-4.457468695021503668e-01,-8.734768340122288643e-01,2.688475986700268328e-01,3.526835893976730807e-01,-8.272234596896800296e-01,-6.621617140210550589e-01,-1.878665291827590900e-01,-2.019605141403218174e-01,-6.904791933831405659e-01,-9.378225770135811823e-01,-5.982744985758120526e-01,-6.174090074212574830e-01,-9.169054901557800452e-01,1.421497710399438341e-01,7.833713001732759418e-01,3.806249146917817794e-01,7.380672864412277656e-01,5.593049926086666179e-01,7.233404929452001975e-01,6.225900611509850302e-01,7.690492859044650853e-01,8.149325324060814335e-01,6.903119509315086555e-01,9.289678186181682396e-01,5.810566371225647231e-01,9.177737376736793129e-01,2.889927874763160154e-01,4.111780965920937003e-01,3.223575354774974033e-01
-1.945009692933677703e-01,-2.921832297861524652e-01,1.312664175087708274e-01,9.575632712064980900e-01,8.571967666748366368e-03,-4.688542130422891363e-01,6.655887645162713584e-01,7.489240259217683215e-01,-3.614377286337391304e-01,-1.219258837277255314e-01,9.184598555971156264e-01,3.168145412000187844e-01,-4.720764318409527149e-01,3.896933727530068059e-01,8.942242598267080567e-01,7.141095663556324968e-01,1.000000000000000000e+00,4.880559895937570669e-01,2.270214330697247762e-01,8.794046910719583998e-01,-1.192712042227716748e-02,-2.224016266210706305e-01,1.260965625455529870e-01,2.964752725085985641e-01,-4.487487887542665477e-01,2.623997365067179954e-01,-1.375933732461803449e-01,-3.055354111128130157e-01,-7.114324410083286976e-01,-3.859930528298483599e-01,-6.643423135106303334e-01,-6.259242386547827497e-01,-7.031197730668727885e-01,-7.758640496540181175e-01,-8.688344855176854953e-01,-8.307079828623999962e-01,-7.269928130381917430e-01,-9.531074822331848662e-01,-1.414371779808309415e-01,6.176884595103272479e-01,7.401246805503987058e-01,9.043769146251365854e-01,6.001672989881906561e-01,8.286513182650061538e-01,4.532429404623456448e-01,8.969622193075796890e-01,7.108246492602020572e-01,1.509263463764999313e-01,7.027801649430834852e-01,5.551295543937838639e-01,5.792212964152052557e-01,7.937457862639957229e-01,-8.365581168388284972e-02,-5.100599285341509415e-01,-3.967794165083504132e-01,-5.530287673395835046e-01,-3.374277575574159416e-01,-3.835069306258236388e-01,-3.784275234147815303e-01,-4.408087561578483693e-01,-4.038400517464692530e-01,-2.838370207977561899e-01,-4.194269227617822837e-01,-5.963192907422893985e-01,-1.781386360023603788e-01,-1.974853827233790105e-01,-6.208329571940204294e-01,-4.445631496354764955e-01,-7.785758056841710628e-01,-1.370564152886021847e-01,-5.083331112639737775e-02,-8.341379363513511391e-01,-4.098736681284141925e-01,4.639180487200326303e-02,-6.801039547755468595e-01,6.350703821613716826e-01,8.819877412037951947e-01,7.058186202813968579e-01,9.691251841734697114e-01,4.331344735371359667e-01,8.861426445422893039e-01,2.309164979370322557e-01,8.092486607178914770e-01,2.361325586930791143e-01,6.562955593458444925e-01,5.120162201044188288e-01,4.741686312024058214e-01,5.947625282094944899e-01,-3.379674081191710311e-01,2.591038420351421956e-01,2.536833802306083865e-02
