1.000000000000000000e+00,3.783056603272319518e-01,4.453555522320190585e-01,-4.386043759975342682e-01,-2.937945309116794523e-01,5.350428861652877233e-01,6.622935278403141446e-02,-5.920333114992443191e-01,3.714071615143897664e-02,5.319522458323281411e-01,-2.677458924216444824e-01,-5.124272344127280832e-01,3.516612331364435406e-01,3.093250917340673589e-01,-4.325214487119628526e-01,-2.154069476085777868e-01,-3.732161743044960511e-01,3.017724086294439889e-01,-5.111683783375169099e-02,-5.105199460543617951e-01,-2.323300571674564996e-01,-4.408999698325495875e-01,-1.695639427610520222e-01,-1.829113208689529466e-03,-3.480988174062485396e-01,3.837082706083075889e-01,-7.719016432806177774e-02,1.264994330605895834e-01,2.956416581057867421e-01,5.717354728869624703e-01,2.695410793698906904e-01,6.145766928723117584e-01,4.214915473425131509e-01,5.738033633486115948e-01,4.553668365777304161e-01,2.631857811718861795e-01,5.700770928739556931e-01,2.577722576402279309e-01,3.568426866627212868e-01,-5.068259449498905278e-01,4.224242944077245127e-02,-5.083974180017271083e-01,1.692612703271706778e-02,-3.511925079032332531e-01,-4.359942540731504557e-01,-4.305395459656563562e-01,-6.048855342261759693e-01,-3.003770518531221345e-01,-5.727692137734576860e-01,-2.892615054817887499e-01,-5.588627686202372047e-01,1.943438147621138201e-01,3.876349679960739425e-01,6.181903756130289196e-01,1.972314864321311409e-02,-2.351333944300394996e-01,3.426426293987236971e-01,5.061428867164446954e-01,-2.170842723386305906e-01,-8.014858127120913500e-02,5.866812915426645736e-01,1.870517601255536067e-01,-3.124784895137264207e-01,3.406843411097316698e-01,5.335811363039200117e-01,-1.157484603050206173e-01,-1.471855855261696988e-01,4.774299341099567662e-01,3.605623133796732604e-01,-4.256523198697549359e-01,-8.138949924787963752e-02,1.947809559544894931e-01,4.925825980111839808e-01,-1.415670014377964636e-01,2.950786783231421628e-01,-2.803807835321716138e-02,-1.364085926375374347e-01,-6.123769078785207265e-01,-3.811251043033250241e-01,-4.976226138906929553e-01,-5.006788140552741462e-01,-3.408948254420658408e-01,-5.091431020527842355e-01,1.284844659254921750e-02,-5.287693214159879807e-01,-1.425223264454552052e-01,-5.546431071876283259e-01,-2.387085008130057084e-01,-2.731035784560119084e-01,1.716778705679686545e-01,-1.883301155529386317e-02
3.783056603272319518e-01,1.000000000000000000e+00,7.935317050629446534e-02,-4.743592698707435606e-01,4.793105080980861188e-01,8.073157774819706978e-01,-3.306010572978074213e-01,-3.083635664698882728e-01,8.116557775557944332e-01,4.731113687720133743e-01,-5.321418373024554560e-01,6.894449024076997057e-02,9.237402279027191465e-01,4.644852833115561963e-02,-6.783718626841994670e-01,2.898805329444825718e-01,-3.860199682318822823e-01,1.488310456271976501e-01,5.072869719574257807e-01,-3.449326852390655618e-01,-8.217780039151176830e-01,6.349101584657489139e-02,2.603513641401390966e-01,-6.930062835366468388e-01,-5.536898791267322872e-01,-2.955179939885588247e-01,-3.836684599128338813e-01,-5.748659311110256853e-01,-1.956388140574015777e-01,1.124882980811483385e-01,-3.025587437528946544e-01,5.680014495467297087e-01,-1.360870104949818693e-01,6.218015513427629370e-01,1.436977469246407402e-01,6.829969921589323922e-01,1.779369713260153807e-01,2.560275396982777951e-01,8.642251411249277648e-01,2.434491270234420343e-02,-9.454987209862737718e-02,-5.578709642360701881e-01,-5.839206143981756636e-01,-7.476620996881035985e-01,2.276201089859881677e-01,-6.867606641112655730e-01,-4.384328433846881312e-01,-8.751420473209154949e-01,-2.566935829028285099e-01,3.734066135376244433e-01,-2.685376321271400468e-01,7.582439493239131467e-01,5.427431325208111890e-01,4.854193393178933835e-01,8.089963027893664060e-01,-2.660736811451830941e-01,-3.997230430079192209e-01,8.136120011854429679e-01,4.242015822576039596e-01,-5.858393546480726854e-01,1.818591117327268136e-01,9.066134809581943843e-01,-8.972638557331237552e-02,-3.002416210377485961e-01,6.400190585422647072e-01,6.769282991536939020e-01,-3.091526442223874738e-01,-1.485516081220705220e-01,8.280847298641578202e-01,-1.540542540230327717e-01,-8.143130237236433366e-01,-6.617974924887475019e-02,-1.110570139901479320e-01,-8.510299387615679612e-01,-2.599109782319983797e-01,-6.210421838767471447e-01,-1.680756124457209733e-01,-4.303071667286642032e-01,-4.190790036743134994e-01,1.001801857355807956e-01,-3.208110219646372330e-01,4.187718217391762643e-01,-1.981438170589369385e-01,7.032961851035949286e-01,-8.338725230278999645e-02,4.684111845770591587e-01,-6.243715839352703689e-02,4.343994706659101146e-01,9.265932692191873599e-02,5.034020528105416226e-01,5.556503124916333664e-02
4.453555522320190585e-01,7.935317050629446534e-02,1.000000000000000000e+00,3.280485656447863774e-02,-7.223625702613224453e-01,5.215400517483571585e-01,7.850227468776707074e-01,-5.278070803664663968e-01,-4.194310647500221201e-01,8.835468652051309268e-01,3.530647487152219766e-01,-7.913515647130920927e-01,9.528576324059094549e-02,9.395386426011601566e-01,2.694685803331507354e-02,7.376670921035437256e-02,1.338718535833933465e-01,9.046657297123781305e-01,1.959339976833070485e-01,-2.240602597799705165e-01,-2.929123495936745147e-01,-9.330483011106035507e-01,2.002420134092932347e-01,5.580362136171691523e-01,-7.290265038755019411e-01,4.431600929688259138e-01,-5.410550398170530517e-01,6.867391723120702673e-02,2.190177453577070443e-02,7.493026045764962229e-01,6.917491881213344573e-02,5.737594252810812590e-01,3.189675470724360751e-01,3.511609232193186325e-01,1.602879727312029046e-01,-3.311115901472475587e-01,5.464319941701502037e-01,-3.235780634394877509e-01,3.594392421211908273e-01,-5.286011895955404771e-01,7.229696374276881610e-01,-1.465252591118520187e-01,6.727421175955206056e-01,1.611999236579504391e-01,-5.626868303364220836e-01,2.973931019384661728e-02,-5.131673389645912131e-01,-2.883442369392382743e-01,-4.790885448057511375e-01,-2.196811955862826848e-01,-4.174138799150768908e-01,3.325434819753624871e-01,7.808217790935800817e-01,6.410389143388659505e-01,-3.486889706244674092e-01,-8.084082565158604572e-01,5.039573288859173772e-01,5.171499892744962912e-01,-8.354372515598249560e-01,-3.665851818337590995e-01,8.096838920075124513e-01,-7.796698172308670627e-02,-9.360968191426225493e-01,2.807917913774158336e-01,7.604552129432643470e-01,-5.722763362308778134e-01,-6.783969910218928812e-01,6.192090626872777115e-01,-7.195120543077400399e-02,-9.702100992365784160e-01,-3.735627830877782853e-03,-2.901103206103425869e-01,6.316838799958237605e-01,-4.239396869514558408e-02,9.924327116590740683e-02,6.136968463911108840e-01,4.968495725751008729e-01,-5.712032254192705993e-01,1.359869317992151994e-01,-6.480246831635925187e-01,-1.881705848270807113e-01,-5.671349757266689329e-01,-2.886607384770762952e-01,6.639043667310821906e-02,-4.645744054459630124e-01,5.222218876526051046e-02,-6.729678022192326914e-01,-1.864478799245287977e-01,-8.741149049150590544e-01,-3.386328812567164781e-01,-4.322584757023533175e-01
-4.386043759975342682e-01,-4.743592698707435606e-01,3.280485656447863774e-02,1.000000000000000000e+00,2.077852684496423949e-02,-5.837681504833656110e-01,6.201798520839070239e-01,8.069699318528519294e-01,-3.918175560394337453e-01,-2.446477959162421389e-01,9.244593529501627938e-01,3.983083295276611535e-01,-5.678893283301692518e-01,2.707043634086207518e-01,9.399395079940950914e-01,6.486037902087200546e-01,9.704587182346350316e-01,2.802349161466490268e-01,4.302864338285070089e-01,9.229940636431072098e-01,9.829367811870773353e-02,6.434336283868362372e-02,6.657854525192495876e-01,4.811969282825036553e-01,-5.960623888226592587e-02,-4.941189077408906782e-01,-4.659988113522914865e-01,-3.411687340330318285e-01,-7.203595948754049072e-01,-5.497939727199292470e-01,-6.337488970115580100e-01,-7.552898506693831449e-01,-6.960262601761768586e-01,-8.848238490882972540e-01,-8.983567688569580323e-01,-8.598539796530096924e-01,-7.516212893653899663e-01,-9.209488538001828761e-01,-3.044322096764910945e-01,6.568383128538871629e-01,6.549831210247496482e-01,9.603684798524946276e-01,5.747185581640398278e-01,8.767012953834167899e-01,4.887127112263843776e-01,9.385860036125344141e-01,8.217605246471233471e-01,2.474808042097738636e-01,8.124961625791934372e-01,5.292480588848824663e-01,8.441603439181057933e-01,3.321920177864713664e-02,1.067851217647320348e-02,-7.044744968738583246e-01,-2.694621072231676018e-01,-3.545499352777611857e-01,-3.595678461932223513e-01,-5.077648099440541518e-01,-2.968108226145131368e-01,-3.118768967291424277e-01,-5.065175639448510347e-01,-3.627361646579908561e-01,-2.721168690920285349e-01,-5.794615143072876506e-01,-3.407677827338568277e-01,-2.040182429906329808e-01,-4.448352496690229363e-01,-5.103588067076346713e-01,-7.977845865121253599e-01,-4.303643253632904314e-02,3.183299703838926575e-02,-7.981559031373368640e-01,-5.202074766654332105e-01,1.490941973494739337e-01,-6.517747631587442747e-01,6.035808254685675056e-01,8.321896130934500757e-01,7.795681264609225503e-01,9.794806551291392882e-01,5.215246783640145045e-01,9.432886129490891669e-01,2.826331407130021067e-01,8.796780740634291273e-01,1.796325531041898238e-01,7.563195162574064545e-01,4.860806226668552554e-01,5.960577667879655150e-01,4.604197263737182522e-01,-2.794735778599808373e-01,-6.100478623216308849e-01,-4.093963362309118725e-01
-2.937945309116794523e-01,4.793105080980861188e-01,-7.223625702613224453e-01,2.077852684496423949e-02,1.000000000000000000e+00,-4.146632236506987527e-03,-6.338993716076913865e-01,5.298834324685960384e-01,8.472848158462981116e-01,-4.251421570024264684e-01,-3.188503145000852745e-01,8.770104695226846880e-01,4.470463468982369126e-01,-5.993563740767255954e-01,-1.730803006690640466e-01,4.757762341969052899e-01,2.453256029400811226e-04,-4.802890679072704394e-01,4.622890648660468726e-01,3.027136971931765341e-01,-4.122255745840555652e-01,8.397762475076580024e-01,3.557274325620936040e-01,-8.242353924511121033e-01,9.575586886417471189e-02,-8.301574407681843182e-01,-9.398862477230694734e-02,-6.940085071325228228e-01,-5.054594055064058900e-01,-7.575059969995321385e-01,-5.953234230193128473e-01,-3.227641114379390386e-01,-6.847240293146314993e-01,-1.547950006550125324e-01,-4.102278021718885892e-01,4.608329372161766857e-01,-6.283098158701683200e-01,6.630624673201307440e-02,3.028726582993988559e-01,7.423694683649465498e-01,-3.723415466057335421e-01,7.689698280209068815e-02,-7.813848714240945181e-01,-3.698197059054729730e-01,8.667091499699752788e-01,-1.847870966120230274e-01,4.134123076458484647e-01,-3.953825338371324549e-01,5.352534976477131279e-01,7.302990857516407086e-01,4.889182675113417087e-01,3.861879616220328937e-01,-1.686065010459022462e-01,-4.245608229818754187e-01,8.455203913078259692e-01,2.705582911439494143e-01,-9.063661318773701403e-01,4.150126707037742058e-02,9.015458626616285054e-01,-3.375933700179790109e-01,-7.282560798628391341e-01,6.665222340519564304e-01,5.599323346952922442e-01,-7.399802554892039863e-01,-2.272773444509313123e-01,9.424134387306077887e-01,8.891300925886508333e-02,-8.532253111906554777e-01,4.007834896965317695e-01,6.352454966959991678e-01,-6.705546900938217370e-01,-1.771495279680082024e-01,-8.378191110579941148e-01,-6.175929545039191559e-01,-5.933128419419971822e-01,-7.511391023248807919e-01,-1.717431130027927411e-01,4.475923872871455655e-01,-2.632852423186678864e-02,8.429004559191787260e-01,3.028374121402921393e-01,9.398945521343838871e-01,4.597166813672823871e-01,6.209741274981438464e-01,6.443468098963398560e-01,5.710541469985227492e-01,7.590534004952783631e-01,7.238665356274579521e-01,6.609109837083793071e-01,4.223249138435237193e-01,2.077451046788801881e-01
5.350428861652877233e-01,8.073157774819706978e-01,5.215400517483571585e-01,-5.837681504833656110e-01,-4.146632236506987527e-03,1.000000000000000000e+00,-2.086089569510897121e-02,-6.899796525093290223e-01,4.942810092659903898e-01,8.406550026913810481e-01,-4.564613899463629276e-01,-4.348342729426618591e-01,8.719367703830658289e-01,4.209424138428094486e-01,-7.251224498613948466e-01,8.612873992430869485e-02,-4.653146326275183764e-01,4.782214661055185223e-01,3.602620925449672162e-01,-5.973315555472298310e-01,-7.728607687958478634e-01,-4.192480135293719101e-01,1.210625215150282902e-01,-3.649952501330324117e-01,-7.469399940903997948e-01,1.210288127122874091e-01,-4.265018574003140439e-01,-3.047926916506847328e-01,4.842639163411836117e-02,5.851411500452760039e-01,-2.937846158244959011e-02,8.881393690723980994e-01,2.301001187091124833e-01,8.522176530147326234e-01,4.099332193551137316e-01,5.603952354582638629e-01,5.856648801785149239e-01,2.639768590758861389e-01,8.889866119354662422e-01,-4.038379973614234508e-01,1.158540428253772570e-01,-7.247875727797425949e-01,-2.498714429316926111e-01,-6.948037623952191266e-01,-2.278606335224157287e-01,-7.300114469474381362e-01,-7.800327737257121141e-01,-8.484434635357334109e-01,-6.265712095368107803e-01,3.537272087491875189e-02,-6.138283684114769212e-01,7.122695774647961331e-01,7.760897221532364609e-01,8.468721900823094062e-01,4.966751522869598534e-01,-4.984224015121347384e-01,4.019666649662761992e-02,9.794048485186319652e-01,-1.656210354756588315e-02,-5.308814310984846241e-01,6.546566131134888833e-01,7.231174373111253217e-01,-4.508964714140635266e-01,6.120448308978502366e-02,9.265032765379271895e-01,2.734680252786231835e-01,-4.435827399823588091e-01,3.184635021806111466e-01,7.769151412377875987e-01,-5.729704813762807047e-01,-6.105859576349315088e-01,1.171911150633331115e-02,3.551046035585859184e-01,-6.883170936685593100e-01,1.946129371677589315e-02,-3.125272826472565435e-01,-9.207790545871667731e-02,-7.915442069425738802e-01,-4.891695376615756152e-01,-3.712354348764328460e-01,-5.656791631543375276e-01,-3.651483746217810272e-02,-5.086747696359515958e-01,5.058820772348830985e-01,-4.780341995662680810e-01,2.478871271333910054e-01,-5.225354751434490019e-01,1.143201041983222116e-01,-2.848526173954440410e-01,3.571341956620304736e-01,-7.086225190091947901e-02
6.622935278403141446e-02,-3.306010572978074213e-01,7.850227468776707074e-01,6.201798520839070239e-01,-6.338993716076913865e-01,-2.086089569510897121e-02,1.000000000000000000e+00,5.239964567270025131e-02,-6.642068439807867763e-01,4.969328390830358155e-01,8.464795268807497886e-01,-4.284219634159034396e-01,-3.664826415072756638e-01,8.776879741945223801e-01,6.194016565459793400e-01,3.531937139784616653e-01,6.741718059872949809e-01,8.382455584946174598e-01,3.010203278054926490e-01,3.598864059257898540e-01,-5.209689358611568205e-02,-7.134477023059282441e-01,4.661557758047457645e-01,8.011483129467658060e-01,-5.208029466287950049e-01,1.375178550823308310e-01,-6.116685480754441295e-01,-3.480088987900084585e-02,-3.295514411045221137e-01,2.864664831417413349e-01,-2.299221109001025887e-01,-3.088538982076400111e-02,-9.126631215611660797e-02,-2.832815315078393570e-01,-3.665066076862865119e-01,-8.189361160765114001e-01,1.030297882880557535e-02,-7.782904732723663344e-01,-1.036678823822708914e-02,-7.753119728900931262e-02,9.295709462204523321e-01,4.745438399636064952e-01,9.240238054698434178e-01,7.032103396412856533e-01,-2.240964046080168026e-01,6.223198264503737587e-01,9.320062201769235832e-02,3.832718239202277666e-02,8.693279631388904638e-02,4.547222929366183386e-02,1.542822217751204927e-01,1.619583728358315877e-01,5.377665122045980350e-01,6.191679669495310512e-02,-5.427221748684263325e-01,-7.828068356200350575e-01,2.720589645187104222e-01,1.579021500226811953e-02,-8.814190504684805694e-01,-3.616277225567443021e-01,3.459790678755269577e-01,-3.928391805164362371e-01,-8.678873804744634546e-01,-3.479785656825893497e-02,3.222978200149076433e-01,-6.646976745459401981e-01,-7.202325211815111539e-01,2.440543429804580278e-01,-6.050665971806087340e-01,-7.651116104535454765e-01,1.412966973139824778e-01,-6.379464574922086850e-01,2.439222541216668205e-01,1.774532159613738669e-01,-2.223509460131885829e-01,8.983311927182253687e-01,8.551298353122345208e-01,2.397190351994137741e-02,6.863724737527491238e-01,-2.545712044472214775e-01,3.959594639946140138e-01,-3.651435321401117484e-01,2.635209254325035499e-01,3.670858066599279323e-02,4.208749928417498953e-02,2.227289883440444485e-01,-2.096870821961141218e-01,2.631895434220287572e-02,-8.517285800536085194e-01,-6.660139324630370838e-01,-5.640465628484024885e-01
-5.920333114992443191e-01,-3.083635664698882728e-01,-5.278070803664663968e-01,8.069699318528519294e-01,5.298834324685960384e-01,-6.899796525093290223e-01,5.239964567270025131e-02,1.000000000000000000e+00,3.526367834594128226e-02,-6.543394788381949878e-01,5.486837083857124542e-01,8.447812687072649984e-01,-4.070141440942169342e-01,-2.906414396145236556e-01,7.229650014577371220e-01,6.096650721356418057e-01,7.430152526790851919e-01,-2.421523468167395277e-01,3.780832205503331656e-01,9.162143113148267792e-01,1.062716061265335799e-01,6.164358161749545761e-01,5.457465784897171934e-01,-1.409903477096059732e-02,2.658898930596687027e-01,-7.702326334420015463e-01,-1.860410616721792643e-01,-4.634270667641552932e-01,-7.135920479824711116e-01,-9.230322504727717092e-01,-6.819849595715254953e-01,-9.235290727814696732e-01,-8.536423059411865077e-01,-9.019179554430887258e-01,-8.931421423727259334e-01,-4.685687601303988870e-01,-9.774948289635180254e-01,-6.100478289619009065e-01,-3.266592097377190584e-01,9.180486189535156383e-01,1.623117675604979493e-01,8.639014704686778234e-01,2.521581350400923377e-02,5.715357278905703886e-01,8.219374899493603337e-01,7.171078758631310723e-01,9.742927203776379219e-01,2.306034809624748494e-01,9.801702529774632966e-01,6.867961155002580975e-01,9.709070295382631333e-01,-2.002523000064233838e-02,-3.432034320312760123e-01,-9.318866609256409861e-01,1.086481583084306091e-01,9.474422632204075601e-02,-7.013492109444354750e-01,-6.157750372010240003e-01,2.945534769556551469e-01,-1.842553310411531864e-01,-9.051229484812657322e-01,-1.171526534012215653e-01,2.787833848081844867e-01,-7.549711887725418791e-01,-6.367522069378955818e-01,2.733261416553023904e-01,-7.295192631045077647e-02,-8.570723065036500721e-01,-5.355160798684016621e-01,4.973105333407071282e-01,-1.227830798812372809e-01,-5.769326469123527978e-01,-8.679865493397811438e-01,2.525113135214095833e-03,-7.077884516963726114e-01,7.953634825971239719e-02,4.433619423676692928e-01,9.699326956864957605e-01,7.415585899742257459e-01,8.777728519471986735e-01,9.172403990272788299e-01,6.708163992645294060e-01,9.416300604342114910e-01,2.603161337657783347e-01,9.528410527704017641e-01,5.063006904587862289e-01,9.303557172346441639e-01,6.150424257517290716e-01,2.706252761107605931e-01,-2.694740728567933674e-01,-1.155731466391049650e-01
3.714071615143897664e-02,8.116557775557944332e-01,-4.194310647500221201e-01,-3.918175560394337453e-01,8.472848158462981116e-01,4.942810092659903898e-01,-6.642068439807867763e-01,3.526367834594128226e-02,1.000000000000000000e+00,8.915016374620636161e-03,-6.253257408725667599e-01,5.111775322986180647e-01,8.332465103843872400e-01,-4.020586565310044769e-01,-6.068191608289100758e-01,3.223797007788315461e-01,-3.613576251326651168e-01,-2.768913795726846705e-01,4.590917132426590719e-01,-1.442996822919000721e-01,-6.752014989325029193e-01,5.451326681704127264e-01,2.303195009556331663e-01,-9.395775368649860182e-01,-1.994579732088012092e-01,-5.744625814389524576e-01,-1.617889657041232943e-01,-6.525214548866427045e-01,-2.820881274764943658e-01,-3.198611013141618442e-01,-4.063269393369002280e-01,2.101109449429486298e-01,-3.697309447550287120e-01,3.639382723654581708e-01,-2.614920613013070952e-02,7.735674235463374515e-01,-1.715149233275968521e-01,3.296033579318910500e-01,6.645162082948322668e-01,3.580555952610788295e-01,-3.940936700663217884e-01,-3.947912281164253634e-01,-8.745652078292753817e-01,-7.512854553352757980e-01,5.647990571745580279e-01,-6.175933079704791773e-01,-1.022011777551140033e-01,-7.177778844970590377e-01,6.444107043405646051e-02,5.434304782288682523e-01,2.383709413628060103e-02,6.044225576429380631e-01,1.573883340237641759e-01,9.721815423177852800e-02,9.701646751968315829e-01,1.024550989472587798e-01,-6.961580871305935725e-01,5.130181813224083953e-01,8.222810941560803055e-01,-4.404703115504540745e-01,-2.754645033442576496e-01,9.227745509310626426e-01,3.541477666905091803e-01,-5.050501209558403426e-01,2.309858083267150308e-01,9.545140896675997633e-01,-1.614934558516920721e-02,-5.135855933682118568e-01,7.946446030996510146e-01,3.282495377094440392e-01,-8.215115631748783898e-01,-1.494644901888291964e-03,-4.840828293610636712e-01,-8.265796954607170788e-01,-3.818094908830587664e-01,-8.781105983157654338e-01,-3.364735072697325191e-01,-6.959198322752510601e-02,-3.942678349853971920e-01,4.820507993789324153e-01,-1.351732301330813013e-01,7.402872482713549473e-01,3.367881035462820527e-02,6.990421938658157863e-01,2.264563991435785129e-01,4.980205844133032689e-01,3.370473597106534158e-01,5.811934416745619947e-01,5.069803855986130259e-01,6.136356659361819066e-01,2.265508002671162424e-01
5.319522458323281411e-01,4.731113687720133743e-01,8.835468652051309268e-01,-2.446477959162421389e-01,-4.251421570024264684e-01,8.406550026913810481e-01,4.969328390830358155e-01,-6.543394788381949878e-01,8.915016374620636161e-03,1.000000000000000000e+00,9.572248595357006964e-03,-6.942069066826950241e-01,5.245965848112490448e-01,8.216775352782057507e-01,-3.362833316071720535e-01,1.432233095840525772e-01,-1.189208570310555935e-01,8.345296679855096489e-01,3.582974363880269131e-01,-4.112874669094029878e-01,-6.162060901115371525e-01,-7.901620630283328062e-01,2.391046670512590455e-01,1.526533209588385176e-01,-8.703604960881700103e-01,2.948249193619338904e-01,-6.031446796248874920e-01,-1.632973463080685528e-01,-1.358711858140050459e-02,7.417947452787619911e-01,-2.414427269836937756e-02,7.992538924056692418e-01,2.698608049605725756e-01,6.364885455575324258e-01,2.648990651798421303e-01,6.568472816342812992e-02,6.066994799817850836e-01,-1.074525240510393748e-01,7.070731894658548455e-01,-4.970544708016894631e-01,5.444899495224552188e-01,-4.357575531894328780e-01,2.953702574158446614e-01,-2.432219737788971214e-01,-4.277398408516733808e-01,-3.368992938403422288e-01,-6.956252746019693234e-01,-6.463810520925773462e-01,-5.866617024048326190e-01,-6.873919667724745497e-02,-5.402378505254925578e-01,6.142563135595178192e-01,9.140985376950723218e-01,8.189377667760906476e-01,6.382109788410308959e-02,-7.943338734781679733e-01,2.933547830758692077e-01,8.379686728564591514e-01,-5.246884373963935921e-01,-5.496431157936951806e-01,8.211820397208966504e-01,3.486165056266313789e-01,-8.358792390520755067e-01,1.574843401639260121e-01,9.634304677442179221e-01,-1.935197896123786176e-01,-6.926109243271570959e-01,5.109549682204946874e-01,3.490047717589256915e-01,-9.102716432775911359e-01,-3.557652856131455210e-01,-2.262434190758248753e-01,5.392935100149164329e-01,-4.152261745923936376e-01,2.025061214271277332e-02,2.260213672074166680e-01,3.037421089081186465e-01,-7.395004397583087030e-01,-1.294647086317115559e-01,-5.591307659506088434e-01,-3.686952050092044408e-01,-3.338562545599381703e-01,-4.003400369931790492e-01,3.476634970274515846e-01,-4.957134816065436600e-01,2.122474235686773736e-01,-6.564373261271235771e-01,-7.977133348125112905e-03,-7.029316402635621408e-01,-3.841980662336089147e-02,-3.275812881340954275e-01
-2.677458924216444824e-01,-5.321418373024554560e-01,3.530647487152219766e-01,9.244593529501627938e-01,-3.188503145000852745e-01,-4.564613899463629276e-01,8.464795268807497886e-01,5.486837083857124542e-01,-6.253257408725667599e-01,9.572248595357006964e-03,1.000000000000000000e+00,4.639029298346892399e-02,-6.191238567572585616e-01,5.437364142527756350e-01,9.218475801555686688e-01,5.127982182372308184e-01,9.283603004151286253e-01,5.171774004603557628e-01,3.312288936934932870e-01,7.577844663071339193e-01,1.351040021511720479e-01,-2.799376602828541061e-01,5.757589356865346897e-01,7.241064470355065286e-01,-1.970212818192604298e-01,-2.042952899503789610e-01,-5.035782850069815408e-01,-1.533414526963901847e-01,-5.572394288066025991e-01,-2.220383953151350287e-01,-4.482558419547179041e-01,-5.392915706862172476e-01,-4.454345188854788584e-01,-7.333905618115603708e-01,-7.204710223024636262e-01,-9.589246011036164363e-01,-4.716265288593756155e-01,-9.267005574664659573e-01,-2.921842405294065581e-01,3.606861751388071857e-01,8.120211591414913110e-01,8.545801160373901473e-01,8.202941208441395515e-01,9.266515071432049888e-01,1.711395446387980190e-01,9.220406621868031394e-01,5.914068613727762047e-01,2.713899077554879913e-01,5.611967101413566361e-01,2.962226716295937035e-01,6.111109098658595862e-01,3.977122163095325041e-04,1.761639826295738065e-01,-4.582492329419480814e-01,-4.965813994965309619e-01,-5.245766459289821215e-01,-5.179708115639034688e-02,-3.981757950944648794e-01,-6.148383151289271709e-01,-2.767351111975117628e-01,-1.780743278972790056e-01,-4.997385558119409321e-01,-5.324285563110907615e-01,-3.304202434743278571e-01,-1.425002221496350086e-01,-4.950376773065435221e-01,-5.468171569716676617e-01,-1.837265981809832471e-01,-8.449330219308593959e-01,-3.415783440297369133e-01,1.788747771418174870e-01,-7.519796217342880063e-01,-1.946250027344549882e-01,2.694845284970027732e-01,-4.596786371755303691e-01,8.306042343800300598e-01,8.956062054986436705e-01,5.336880382671205236e-01,9.410419775737653980e-01,1.927470283723454192e-01,7.818722932403271431e-01,-3.798571077775932114e-02,6.717781275008802844e-01,4.062114984558853892e-02,4.871732009353409998e-01,3.358926619786523626e-01,2.775186126915417106e-01,2.388044343097485422e-01,-5.517631587361425671e-01,-7.200830934858463150e-01,-4.999730059734971976e-01
-5.124272344127280832e-01,6.894449024076997057e-02,-7.913515647130920927e-01,3.983083295276611535e-01,8.770104695226846880e-01,-4.348342729426618591e-01,-4.284219634159034396e-01,8.447812687072649984e-01,5.111775322986180647e-01,-6.942069066826950241e-01,4.639029298346892399e-02,1.000000000000000000e+00,-7.447857854057999996e-05,-6.170933945754070171e-01,2.637790820363624111e-01,5.157694315801258922e-01,3.375104330304068423e-01,-5.248170170143939828e-01,3.731156293008768832e-01,6.383142906418189932e-01,-9.328561715394095843e-02,8.878950079161735953e-01,4.022570532088627915e-01,-5.144812115928929508e-01,3.148811265818897143e-01,-8.652806670640683651e-01,-3.394873073254249529e-02,-5.780486128940032220e-01,-5.992728478617364019e-01,-9.629755385208037533e-01,-6.374996729755765257e-01,-7.178247831733862716e-01,-8.120333799518358875e-01,-5.825868363497291869e-01,-6.661769851605621184e-01,5.836481850979188812e-02,-8.872006383245845118e-01,-2.042174426442469048e-01,-8.040170136291530101e-02,9.100549067917692581e-01,-2.393150296779618380e-01,4.872360599623580257e-01,-4.958996430928139243e-01,6.857992882679313229e-02,9.304085909455379610e-01,2.550196448179888886e-01,7.753385316453453857e-01,-2.529900999029054479e-02,8.312886060522685083e-01,7.336112695683992824e-01,7.925453506435103934e-01,1.150547358525923491e-01,-3.982777883530663754e-01,-7.843557613831020348e-01,5.312854095823744682e-01,3.317270268967011382e-01,-8.803761816527684303e-01,-3.792114247649270298e-01,7.418716993885602351e-01,-1.849794445195257486e-01,-9.515079402366451999e-01,2.822338090269961852e-01,5.868253085934287405e-01,-7.836091661651670703e-01,-5.662620689472065427e-01,7.019288998912807109e-01,1.355082799595479504e-01,-9.506892442681726951e-01,-5.284578850164708963e-02,7.355373738743991030e-01,-3.857092466054620195e-01,-3.127286455216854444e-01,-9.510695105926111337e-01,-2.911840162220464823e-01,-6.535816631779417518e-01,-4.433996131957858022e-01,3.800714700042394367e-02,8.002397151531140951e-01,3.231506232329150463e-01,9.621585278737171398e-01,6.310984807042633316e-01,8.929546521876130516e-01,7.402444595820283357e-01,4.182779734906524882e-01,8.682248838365363985e-01,5.163540244436407578e-01,9.526981400121895538e-01,6.886168815124389386e-01,6.208458452783898185e-01,1.384246885644821179e-01,1.275236374143363938e-01
3.516612331364435406e-01,9.237402279027191465e-01,9.528576324059094549e-02,-5.678893283301692518e-01,4.470463468982369126e-01,8.719367703830658289e-01,-3.664826415072756638e-01,-4.070141440942169342e-01,8.332465103843872400e-01,5.245965848112490448e-01,-6.191238567572585616e-01,-7.447857854057999996e-05,1.000000000000000000e+00,3.913113750876423547e-02,-7.779156576559513869e-01,2.217362480636673183e-01,-4.834179782102022704e-01,1.447870127211710600e-01,4.642524900136354438e-01,-4.484213168754551671e-01,-8.356623804892652219e-01,3.238690812264911900e-02,1.940960092791612912e-01,-7.274252693376009882e-01,-5.652600683282162919e-01,-2.294614559611745375e-01,-3.460823215230945382e-01,-5.338456781234287574e-01,-1.172139411334817277e-01,1.918221860498540987e-01,-2.317331858149002666e-01,6.613277269966308936e-01,-5.218922599834219939e-02,7.209065987144731569e-01,2.415723666729068797e-01,7.600346961636103016e-01,2.714926682057433038e-01,3.414813123477462020e-01,9.011329171959253648e-01,-5.995339647694854918e-02,-1.414047226995792383e-01,-6.595828280464266502e-01,-6.216400127600195669e-01,-8.303700378829991235e-01,1.585195513499510489e-01,-7.816622249508026199e-01,-5.377207178635037277e-01,-9.051059154274212482e-01,-3.548423880199885749e-01,3.089284530384956429e-01,-3.685354748008243808e-01,7.599097645843164717e-01,5.608554061639448030e-01,5.756544240547855074e-01,8.240201141150452768e-01,-2.498033476199834901e-01,-3.449139818303726956e-01,8.779183804879278075e-01,4.299355784555737303e-01,-5.597978374182882577e-01,2.577769640429259379e-01,9.385429385626767873e-01,-8.724759933237716258e-02,-2.297017525118763281e-01,6.949758679056783350e-01,6.788869218036537312e-01,-2.812450276984599373e-01,-7.635750306485321326e-02,9.019401329792601230e-01,-1.775043231627375373e-01,-8.127521079109670810e-01,9.369355664492231422e-03,-3.841135295361058216e-02,-8.625937396236630361e-01,-1.886768695882508895e-01,-6.623890291056252488e-01,-2.388761025750053557e-01,-5.265850659765338726e-01,-5.141820662091468597e-01,2.636518602035079276e-02,-4.235874526405898344e-01,3.712129544029488804e-01,-2.987675892911383357e-01,6.829584890444765355e-01,-1.768986407520928006e-01,4.158696281319374521e-01,-1.443900438488029125e-01,3.780682869332433471e-01,9.718153664625645005e-02,5.495327495885641289e-01,8.098236158064661683e-02
3.093250917340673589e-01,4.644852833115561963e-02,9.395386426011601566e-01,2.707043634086207518e-01,-5.993563740767255954e-01,4.209424138428094486e-01,8.776879741945223801e-01,-2.906414396145236556e-01,-4.020586565310044769e-01,8.216775352782057507e-01,5.437364142527756350e-01,-6.170933945754070171e-01,3.913113750876423547e-02,1.000000000000000000e+00,2.210539115715193514e-01,3.171918396879166990e-01,3.720409058751964482e-01,9.599402516746864400e-01,3.940725014038224394e-01,2.729552011464594918e-02,-3.660365016858072029e-01,-8.482537883982880222e-01,4.360817360827520250e-01,5.736331962502287940e-01,-7.868255880973200611e-01,2.186776856435148075e-01,-7.119640861172028545e-01,-1.274502666221514202e-01,-2.347602431157595482e-01,5.495600295773995780e-01,-1.775753378718903375e-01,3.863905173013477690e-01,6.266505024240789923e-02,1.435502029966306825e-01,-1.101162864756917298e-01,-4.815431306140244838e-01,3.043136893885395877e-01,-5.558558632707133462e-01,3.688296850301950869e-01,-2.872809408368075523e-01,8.713149405921079005e-01,8.188424956877946026e-02,7.280422044447788510e-01,3.175229814933288042e-01,-3.428676117802814671e-01,2.219782373679425602e-01,-2.896131956181768330e-01,-3.218295443792605348e-01,-2.338376163846178912e-01,1.399921663333845295e-02,-1.677357175431492542e-01,4.356338492023312803e-01,8.184507554371766025e-01,4.534658457930223485e-01,-2.938232191747957578e-01,-9.115680846453544373e-01,3.025449785001813607e-01,4.473501749577771247e-01,-8.172296779727452609e-01,-5.293316072129957695e-01,6.308230179186733455e-01,-5.455929731411204159e-02,-9.808655855759053077e-01,4.043900356140632535e-02,7.031470370167250961e-01,-5.072952694052897948e-01,-8.232382302065772706e-01,4.016884021001464466e-01,-1.993675431798019593e-01,-9.477237391499413466e-01,-1.108137642585185628e-01,-5.319213590642589695e-01,4.137013397484207711e-01,-1.184650812104381390e-01,-1.488449900177003238e-01,6.756142138998371127e-01,7.044599882375855993e-01,-3.559543058361037682e-01,3.745455817773449270e-01,-4.320443236782434693e-01,7.215481429630513088e-02,-3.839705145211304571e-01,-2.491621952150539429e-02,2.213443338528098825e-01,-2.121303605575558526e-01,2.707034698147504637e-01,-4.553205327072040176e-01,3.324604865970361839e-02,-8.963485238527606480e-01,-4.399063640608732451e-01,-5.297402303011212732e-01
-4.325214487119628526e-01,-6.783718626841994670e-01,2.694685803331507354e-02,9.399395079940950914e-01,-1.730803006690640466e-01,-7.251224498613948466e-01,6.194016565459793400e-01,7.229650014577371220e-01,-6.068191608289100758e-01,-3.362833316071720535e-01,9.218475801555686688e-01,2.637790820363624111e-01,-7.779156576559513869e-01,2.210539115715193514e-01,1.000000000000000000e+00,4.084578772223879106e-01,9.035070460113454605e-01,1.898588738339075654e-01,1.597856870311678557e-01,8.424586156446822738e-01,3.654750457073289160e-01,1.370342885765499230e-03,4.343126729137680719e-01,6.440085784610743991e-01,1.332830192292871752e-01,-2.691698626527853078e-01,-2.422968834729086751e-01,-5.878927757449532027e-02,-4.950096240356475774e-01,-4.526903607134089569e-01,-3.866788652850774444e-01,-7.833446720227943416e-01,-4.881190704142355230e-01,-9.087085542901774948e-01,-7.508690929269222769e-01,-9.295887460839619143e-01,-6.381768226729387372e-01,-8.218720485907392570e-01,-5.409406886314357399e-01,4.910356134876218137e-01,5.654561877635045919e-01,9.494384085336682322e-01,6.795223570425762416e-01,9.612059900575461446e-01,2.858397087668063108e-01,9.853601174530695062e-01,7.898922792913234403e-01,5.025853112784918197e-01,7.179781787264385429e-01,2.751538231374696108e-01,7.489490290125646599e-01,-2.386297792715642019e-01,-1.668137165581767556e-01,-7.108772615484459934e-01,-5.131176433892643551e-01,-2.035863658864505710e-01,-1.247658844730479555e-01,-6.786825992436025246e-01,-4.085465535061597042e-01,-4.287987510071700897e-02,-4.420259423741138005e-01,-6.159888621198593706e-01,-2.068444976616397590e-01,-3.388053313606972927e-01,-4.792659106919111012e-01,-4.243152977578649732e-01,-2.564196824550731280e-01,-3.262142582511322053e-01,-9.249676982771698475e-01,-4.647404801687206148e-03,3.216270210508631600e-01,-6.060361313633193525e-01,-3.490572903654384773e-01,4.237093021731443976e-01,-4.125575731375253352e-01,7.133618702080174456e-01,7.244862665242080002e-01,7.505264545176753010e-01,9.211612143154770393e-01,3.545419284369286106e-01,8.498852323235770445e-01,5.403929474898561125e-02,7.554249445941149110e-01,-1.104526095095672983e-01,6.120501401295702637e-01,2.144445057149554634e-01,4.732844740953435214e-01,2.001577371533965477e-01,-2.745531548625875229e-01,-6.660284616907640176e-01,-3.503164047620141441e-01
-2.154069476085777868e-01,2.898805329444825718e-01,7.376670921035437256e-02,6.486037902087200546e-01,4.757762341969052899e-01,8.612873992430869485e-02,3.531937139784616653e-01,6.096650721356418057e-01,3.223797007788315461e-01,1.432233095840525772e-01,5.127982182372308184e-01,5.157694315801258922e-01,2.217362480636673183e-01,3.171918396879166990e-01,4.084578772223879106e-01,1.000000000000000000e+00,7.029642548185489614e-01,4.179082471659175124e-01,9.306938849245469658e-01,6.956833574991070357e-01,-6.397175986771921341e-01,1.568104873375425479e-01,9.626102308378911010e-01,-1.289772128077393276e-01,-5.552194788304181117e-01,-8.256779991906619820e-01,-8.481156996712583274e-01,-9.063272621382097993e-01,-9.695404261323380402e-01,-5.195137557639842862e-01,-9.740476428565225664e-01,-3.205948897094648697e-01,-8.949357612859003552e-01,-4.058477595293748519e-01,-8.537070679395323269e-01,-3.030997506083314974e-01,-6.734919748202758960e-01,-7.621273090515812143e-01,4.500252280925490789e-01,7.549684998801541314e-01,6.079187547871540698e-01,5.415206481722282250e-01,7.283899279878079669e-02,2.673116054117067319e-01,7.591805599963744600e-01,3.943440831559157367e-01,5.110039632532106246e-01,-5.266170820752635873e-01,6.676525333276849272e-01,9.292448287792898221e-01,6.887603011351153270e-01,7.259679554378262178e-01,4.898987342303239290e-01,-3.430682647621617343e-01,4.609415272076853309e-01,-6.112201746504493105e-01,-7.768383389693536145e-01,1.782498574213057796e-01,8.869974053201848396e-02,-8.708218730840895372e-01,-4.096670252574785565e-01,4.374482600432217927e-01,-3.555571028482354401e-01,-9.172926448178874148e-01,1.938727831609829144e-01,4.089865970075365897e-01,-7.534113071327988020e-01,-7.050903617907503529e-01,-1.124147693093625333e-01,-1.637539330327939802e-01,-7.076799144049771284e-01,-9.204641913087616700e-01,-6.881839855574686249e-01,-6.165776949801758944e-01,-9.558975725342050422e-01,7.234619251539964324e-02,7.410593971266484781e-01,4.725831845001608467e-01,6.812838004161112515e-01,6.797091367422923858e-01,7.406497983971898069e-01,7.091403363045599706e-01,7.893496224777746262e-01,8.415298036122214054e-01,7.651938899160661833e-01,9.622066247807661288e-01,6.162373759672427065e-01,9.108847259958291476e-01,-1.919213438388077120e-01,-2.006472781250842052e-01,-3.911911998374044686e-01
-3.732161743044960511e-01,-3.860199682318822823e-01,1.338718535833933465e-01,9.704587182346350316e-01,2.453256029400811226e-04,-4.653146326275183764e-01,6.741718059872949809e-01,7.430152526790851919e-01,-3.613576251326651168e-01,-1.189208570310555935e-01,9.283603004151286253e-01,3.375104330304068423e-01,-4.834179782102022704e-01,3.720409058751964482e-01,9.035070460113454605e-01,7.029642548185489614e-01,1.000000000000000000e+00,3.977101227653371263e-01,5.120542648280341780e-01,8.999275725516771018e-01,-6.401002846797934111e-03,-1.780556720895015363e-02,7.310380628502415323e-01,4.820854135356090198e-01,-1.865999969410685744e-01,-4.977540799405090755e-01,-5.721549837415238482e-01,-4.025974362373597182e-01,-7.626381517868924265e-01,-4.863030815730000622e-01,-6.771130036174692890e-01,-6.708310916573932969e-01,-7.010693054766659049e-01,-8.185385911996895247e-01,-8.962144051088818397e-01,-8.511763928091510278e-01,-7.052595549019639032e-01,-9.543857995715115949e-01,-1.950033809126945350e-01,6.285892747046858409e-01,7.333539401319234541e-01,9.207615982934505006e-01,5.997079370396831699e-01,8.465435397787953731e-01,4.723407820261432688e-01,9.049959150937301189e-01,7.573231067472289135e-01,1.433513869596245993e-01,7.689962578100585366e-01,5.630835865072114643e-01,8.080543721368570464e-01,1.399652449372004726e-01,1.383632823975062820e-01,-6.195435132005250312e-01,-2.334673539587943381e-01,-4.699227500836399840e-01,-3.635903263847116151e-01,-3.963983284739848179e-01,-3.457913264804990394e-01,-4.149776087810581604e-01,-4.282973652099656414e-01,-2.951578546231792832e-01,-3.803409492439688844e-01,-5.998748165377083552e-01,-2.151401184449745485e-01,-2.004299926651506580e-01,-5.567820110533190370e-01,-4.773364254874514767e-01,-7.454187975972785818e-01,-1.535443504100794665e-01,-4.446604619392945795e-02,-8.523337159109972694e-01,-4.868934346290713089e-01,6.517418228076148068e-02,-6.874455505572925063e-01,6.191563993295556845e-01,8.876004816930151975e-01,7.070796717520538843e-01,9.805478293121829836e-01,4.856652361705300347e-01,9.231289275964003060e-01,2.777209842039706778e-01,8.616244133782871018e-01,2.597123519774943712e-01,7.298627828508813531e-01,5.530471975897610637e-01,5.476098184210700381e-01,5.016674124109482547e-01,-3.644369910600169793e-01,-6.162554591276072635e-01,-4.590988019684707488e-01
