1.000000000000000000e+00,2.682080244966591476e-01,2.205156636053896280e-01,1.994160160632496293e-01,-1.339242609618038204e-01,-6.138341160253640155e-02,-1.259351197580174386e-01,-1.293897392435968408e-01
2.682080244966591476e-01,1.000000000000000000e+00,2.899470045901254567e-01,2.908569341864715718e-01,5.216943695226770178e-02,-5.797759054163601627e-02,-1.192194727486035333e-01,-1.237775182034854399e-01
2.205156636053896280e-01,2.899470045901254567e-01,1.000000000000000000e+00,4.229937188407150717e-01,-7.833862431859019149e-02,-7.497528392324917523e-02,-7.707182866392671416e-02,-3.428128569346647336e-02
1.994160160632496293e-01,2.908569341864715718e-01,4.229937188407150717e-01,1.000000000000000000e+00,1.853708661494255228e-01,4.623705789843533115e-03,-2.204591453656820979e-02,-9.857960209102741012e-02
-1.339242609618038204e-01,5.216943695226770178e-02,-7.833862431859019149e-02,1.853708661494255228e-01,1.000000000000000000e+00,2.208321175873869668e-01,2.348005234573954936e-01,6.250350689347478061e-02
-6.138341160253640155e-02,-5.797759054163601627e-02,-7.497528392324917523e-02,4.623705789843533115e-03,2.208321175873869668e-01,1.000000000000000000e+00,4.181916892142692466e-01,-3.122410599803862249e-02
-1.259351197580174386e-01,-1.192194727486035333e-01,-7.707182866392671416e-02,-2.204591453656820979e-02,2.348005234573954936e-01,4.181916892142692466e-01,1.000000000000000000e+00,2.423548270433090457e-01
-1.293897392435968408e-01,-1.237775182034854399e-01,-3.428128569346647336e-02,-9.857960209102741012e-02,6.250350689347478061e-02,-3.122410599803862249e-02,2.423548270433090457e-01,1.000000000000000000e+00
