1.000000000000000000e+00,5.046759450496778321e-01,3.879219267710785624e-01,2.781868414986775617e-01,2.524835302449904284e-01,1.520640009780404034e-01,4.569241224825389136e-02,7.834512046213937264e-02,5.101237101275640090e-02,3.696718056505354094e-02,2.759810157876812706e-02,2.213714139053198082e-02,2.730367471681654362e-02,5.823542146662194670e-03,-2.500414714324034234e-03,-9.442876417486730303e-03,6.377880888886632536e-03,2.594241837292639297e-02,-8.900615096260065849e-04,-8.472694212333946664e-03,-2.754532243281869464e-02,-3.408517161510786313e-03,-1.196641784535289708e-02,2.071794650991085063e-02,2.289590057989533689e-02,7.808206209980238753e-03,1.600008850968319060e-02,7.307695224665882588e-03,-1.473384419765902398e-02,-7.054464513115414614e-03,1.243477443693795197e-02,-9.128493434624415995e-03,1.429089517298817637e-03,1.613340233169486410e-02,9.453031438741980874e-03,-4.873436371768963792e-03,-1.254451060051374467e-02,1.052389592805838547e-02,-2.265863930525478451e-02,-3.980543622253604995e-03,-1.337233700512890748e-02,-7.675487687874072741e-03,-1.100201322693682149e-02,-3.504682778023301970e-02,-6.556429749419235772e-03,2.600573255446568186e-02,7.117350369864211025e-03,6.442696718263057898e-03,1.426514773711628180e-02,6.821216046670355686e-03,1.377847434675105558e-02,1.349579493181697100e-02,2.363329489600183089e-02,1.409830841899824619e-02,-2.376167540505899796e-03,9.778838709646837588e-03,-1.920804261792793954e-02,-1.181302556470714693e-02,1.586702247023125123e-02,-2.579495608742647661e-02,-5.567322637747072582e-03,-3.503337135102078427e-03,1.303687749253263153e-02,-1.782300663072668503e-02,-2.499319780151946016e-02,1.393578814975009877e-02,3.205522246113107687e-04,-4.745434153092939131e-03,4.735719669469209449e-03,4.165548085847487619e-02,7.666093957925616993e-03
5.046759450496778321e-01,1.000000000000000000e+00,3.591940294657021693e-01,3.117177022475935422e-01,2.951003252452463754e-01,1.253155499635967840e-01,6.164228411169171695e-02,6.826314185294933556e-02,3.449895132495712363e-02,3.936932224052278745e-02,4.055888643751412448e-02,8.740099391888654645e-03,1.388459423692782121e-02,-2.437284412604111272e-02,-2.528723026675762028e-02,-3.256864905793948467e-02,-1.050170332862858033e-02,2.539800627895332993e-02,-2.478386014445710384e-02,-3.243275706359383115e-02,-3.501754535395647933e-02,-1.605745989187622180e-02,-2.072775153699104103e-02,1.768592853960480535e-02,2.776119086460749220e-03,-9.208570865863985669e-03,1.262125223509171293e-02,2.936791637681288210e-03,-8.992740931142944802e-03,-6.273959275146913026e-03,1.927887003168704191e-02,-1.449810970415652683e-02,-1.739410871390299589e-03,4.552241956852612174e-03,-7.326993412856577879e-05,-2.206771139592505343e-02,-2.183439884032812445e-02,-6.456600562131622340e-03,-2.256206445929288124e-02,1.665674395667442187e-02,-1.957446676528194415e-02,-1.274659562650211700e-02,-1.783375110838580566e-02,-6.611343401474146890e-03,-9.234505822658695129e-03,3.037369599627352465e-02,-1.620072430267439564e-02,-5.373947098684710155e-03,1.088144871414530208e-02,-7.000268683154356898e-04,4.133190280924021152e-03,3.149312500701003520e-02,2.215732139657160260e-02,2.369548544184907346e-02,-4.105564849215516399e-03,3.010592356717222556e-02,-5.615194914644042364e-03,-4.748120737038845525e-03,2.898262290665501451e-02,-5.687225981988227458e-03,1.105773316323592145e-02,3.588380890858465944e-03,1.431781976967978114e-03,-1.305364528280134225e-02,-8.402569265983201099e-03,7.580788939119652466e-03,-2.265489386042775308e-03,6.632194881692166435e-03,-2.523494984766744970e-03,4.767885689119053666e-02,2.845143214658591574e-02
3.879219267710785624e-01,3.591940294657021693e-01,1.000000000000000000e+00,5.111998029326517701e-01,6.442626995719018534e-01,3.021587083195709234e-01,1.736518244240869424e-01,2.290308657696295824e-01,1.591071365268271476e-01,7.755018874492704273e-02,5.709797588766818421e-02,4.323794399476947603e-02,1.865907655145170388e-02,1.252080216493440916e-02,7.493280512040656786e-04,-1.271918118021610374e-02,1.851836999454252800e-02,1.163698179522670677e-02,1.571072390182996423e-02,-1.660466539458568813e-02,-3.313258710089080766e-02,8.585914557758117516e-03,-3.320400387914090173e-02,4.587392764262307465e-02,4.403037176426077837e-02,-4.023525183067188163e-03,3.684865652570040034e-02,3.444038679993948610e-02,2.318954416680134702e-04,3.453625235923111006e-05,2.051776793661528459e-02,3.507675398313870457e-02,-2.856834888869400763e-03,1.867624070933690192e-02,2.747750097326193824e-02,-3.798685320008728106e-02,-3.516547197066173525e-02,-2.204167874550210394e-03,-5.303076775511834928e-02,6.225713115483088277e-03,-4.045052011803125513e-02,-3.934906586074423535e-02,-4.653228904511808733e-02,-4.393534061741560803e-02,-4.453271694868671943e-02,-2.120976774260420212e-03,-1.727086802629317769e-02,-2.598067178516199477e-02,-5.738260371361267494e-03,-4.703400125694102638e-03,7.170644113263879502e-03,2.340365282772632893e-02,1.943596783841321576e-02,2.204360484553621186e-02,-7.619045677141381666e-03,3.492970624522554607e-02,8.821942262105478966e-03,-8.547157473858266533e-03,3.120337307431694102e-02,1.915564648494328878e-02,1.865922510061996178e-02,-1.383283748914796059e-02,8.767238766940717645e-03,-1.331663353815418054e-02,-2.476674018217000020e-02,2.970610353296233158e-02,1.670140571645481117e-02,3.096011283004074244e-02,-1.020109456526705968e-02,7.715185214308561967e-02,5.098215001933002061e-02
2.781868414986775617e-01,3.117177022475935422e-01,5.111998029326517701e-01,1.000000000000000000e+00,4.514985541547117953e-01,3.712203306262128466e-01,3.200407074655245432e-01,2.478452552572086576e-01,2.236667011365084390e-01,7.353877189852402185e-02,3.496520080865903740e-02,5.385500200977964835e-02,3.191097129953705813e-02,2.062112217020883875e-02,1.286592022411462907e-02,-1.060760301098000007e-02,2.018260796139981911e-02,2.632451490955410589e-02,7.682883928092126315e-03,-2.687492008622413900e-02,-4.453348578528946305e-02,9.411571572502849467e-03,-1.178922891576615097e-02,5.218264810300123763e-02,6.939367475311887523e-02,4.939344413391921762e-02,3.673168474377523640e-02,6.232894419801769670e-02,1.876944027411625235e-02,2.565749478792749786e-03,5.350215588702521285e-02,3.473084782838409962e-02,1.746918398111961188e-02,5.573692930517110816e-02,2.889231871301405422e-02,1.721287758007175595e-02,-7.793729239233338109e-03,3.627313197155681429e-02,-3.372331730687565254e-02,2.808950784550379165e-02,-2.831878311452506319e-02,-2.906190601735851586e-02,-3.888390176540124782e-02,-5.899562715000393476e-02,-4.073069208595118951e-02,2.046346645719662044e-02,-8.661250332287743006e-03,-2.056275279186207255e-02,-5.557381033285699844e-03,-1.647690119250787245e-03,3.424063600213350135e-03,2.108149981196566838e-02,1.438414704725291329e-02,-3.215164959859702744e-04,-1.102630557766188894e-02,3.084119066688709165e-02,-2.897071387756513378e-02,-2.276907798733657229e-02,2.064549647305443866e-02,4.449832654528952658e-03,-1.794577277223254747e-02,-2.305833139149025823e-02,-4.391024018683620939e-02,-4.363436664239066232e-02,-5.579443506520414403e-02,-3.770349485485010362e-03,-2.186006923404988991e-02,1.437379149413754026e-02,-1.558568122818577116e-02,9.787961445365898905e-02,5.180747246440965681e-02
2.524835302449904284e-01,2.951003252452463754e-01,6.442626995719018534e-01,4.514985541547117953e-01,1.000000000000000000e+00,3.742220974822572099e-01,2.418545659462334185e-01,2.703545012446790241e-01,2.190249832901190186e-01,9.412579209313924611e-02,6.460178687469263215e-02,5.789000076961720725e-02,7.290614916192801262e-03,2.212330609866663272e-02,8.145548790462120090e-03,-6.432846449582080642e-03,2.643887773699369476e-02,2.018200508435244109e-02,8.311385116665343312e-03,-3.229295180262091447e-02,-4.002143835403813160e-02,7.920260563338896512e-03,-3.242281315656421470e-02,4.467063688784814190e-02,3.736726430073458033e-02,1.845329203657069227e-03,3.502518539910274425e-02,2.725267076296406660e-02,1.550590317953590234e-03,-4.183442671566304409e-04,1.718304333293536185e-02,4.349319074923301692e-02,-2.375317613251908683e-02,2.506661616985484189e-02,3.290941417442966310e-02,-4.484155252953916926e-02,-4.772621193328097089e-02,2.308125828951672776e-03,-4.030246481266741565e-02,6.172132659008779283e-03,-3.440706404803485496e-02,-1.804750183322268234e-02,-4.028111010752052912e-02,-2.563234175087009473e-02,-3.563388891048743096e-02,2.655265786995907734e-02,-4.440161525097791398e-03,-1.844567446052404469e-02,-1.349010003992369422e-02,-2.223343962703771323e-03,1.909820482434921446e-02,2.028503696789276181e-02,-1.999869903370112695e-03,2.412926588549802950e-02,-2.810408880759434052e-03,3.055177001533155787e-02,-1.029371879939364881e-02,-1.248281722002529334e-02,1.141196341880707649e-02,7.751573148623782869e-03,8.324626097998210142e-03,-7.045561443317995042e-04,9.858190583291822143e-03,-1.264957439553257568e-02,-2.590318071409268563e-02,2.670914790351237508e-02,1.215323082886825279e-02,4.098288767166104879e-02,-5.904130398569169477e-04,8.450389411526643135e-02,5.833701238979887432e-02
1.520640009780404034e-01,1.253155499635967840e-01,3.021587083195709234e-01,3.712203306262128466e-01,3.742220974822572099e-01,1.000000000000000000e+00,4.387938155258815365e-01,3.502741354749372982e-01,3.922028005918613558e-01,1.354993387381446257e-01,8.332599875552895718e-02,8.909087004308528790e-02,4.940180541964195315e-02,6.989128200035914229e-02,5.977047013076456500e-02,4.625821517222196422e-02,4.464248455342013228e-02,1.951376404224593880e-02,3.845497569889758105e-02,2.233392427898245989e-05,-7.870495176533164744e-03,3.038975362718228032e-02,2.401557802039805053e-02,2.761461312564787371e-02,5.611835523090932115e-02,2.626445179460321772e-02,1.147803041079428765e-02,6.328420727245807897e-02,1.277209141042082163e-02,2.567602427240701143e-03,3.994734369347933967e-02,7.339791579139555433e-02,2.356802274010708770e-02,8.713408176592896126e-02,7.820349178125267364e-02,1.743043119416689754e-02,9.933061752281627590e-03,5.930553275170635102e-02,1.320957121091812783e-03,2.375662735032089273e-02,-2.809190464146835153e-03,-4.632738189816678828e-03,-3.756263082231982645e-04,-2.757773405934938957e-02,-3.359961308510938521e-02,6.958956772747541819e-02,4.558367706807875397e-02,-3.184049414274966322e-02,-8.524424265264850947e-03,2.386091519078330919e-02,1.501291414109351581e-02,1.936242104143563389e-02,-8.129582916919545280e-03,-8.498008577589023088e-03,-7.634871935358899381e-03,-1.552672554585000572e-02,-6.527870017527098723e-02,-5.062192966403507993e-02,-2.595961150247093341e-02,-3.966014183288116973e-02,-9.733088350867337771e-03,-3.535709836660046179e-02,-3.712750888439336761e-02,-5.809247178564623526e-02,-6.740587595531327691e-02,-2.828047650359112250e-02,-4.796511303692026912e-02,-3.308374876502583051e-02,-3.111265878081092423e-02,5.629883176962928448e-02,2.099159978781246425e-02
4.569241224825389136e-02,6.164228411169171695e-02,1.736518244240869424e-01,3.200407074655245432e-01,2.418545659462334185e-01,4.387938155258815365e-01,1.000000000000000000e+00,4.778402732987088730e-01,5.909209300758617722e-01,2.953478577666938110e-01,2.013232471225092080e-01,2.242050374545666025e-01,9.397687839848420377e-02,9.206680868839789422e-02,6.940872933808946155e-02,2.914934811903679632e-02,8.133595816643508780e-02,3.405840142547060523e-02,3.348916003298311322e-02,8.555156035617178870e-03,-1.138399265805376676e-02,6.010242467011250173e-02,1.998406853196178432e-02,7.877162427696723576e-03,5.427104562670440752e-02,2.552855491202233804e-02,5.156196791492197347e-03,7.220265920677014504e-02,4.408624820372375810e-03,1.237661672577447872e-02,4.446007680950043311e-02,7.142093255906396820e-02,4.988684720490461216e-02,6.858351558729672282e-02,6.923955033636708389e-02,4.171337363325648695e-02,1.193087359502248944e-02,6.914408425563045579e-02,-6.082616081696581682e-03,3.537076639481833568e-02,-1.315597578272128219e-02,-3.696992574129186887e-02,-2.023221919406491066e-06,-4.364616063352730335e-02,-1.673710259634467179e-02,6.520881264330513627e-02,1.917174676422391325e-02,-4.663761672505015859e-02,-9.346608558453005366e-03,2.847620437482015904e-02,4.265275743008212911e-03,1.756517795379851712e-02,-2.017293838136606163e-02,-1.606193436612251071e-02,-3.925223355015317744e-02,6.974766351063926492e-03,-5.519250877744965450e-02,-4.746501634752444548e-02,-4.650572461685925120e-03,-3.100668242290996468e-02,-1.268786169903193123e-02,-4.994518542258688520e-02,-7.106423644976940512e-02,-7.610155731197688900e-02,-6.241120097612878892e-02,2.922198312805499801e-03,-4.091500397783454090e-02,-1.518559409922560360e-02,-3.621599093921705481e-02,6.097782115530799713e-02,3.272779328535854043e-02
7.834512046213937264e-02,6.826314185294933556e-02,2.290308657696295824e-01,2.478452552572086576e-01,2.703545012446790241e-01,3.502741354749372982e-01,4.778402732987088730e-01,1.000000000000000000e+00,4.314787993501851271e-01,4.633866418803836429e-01,3.225353363105170623e-01,2.734808332374432105e-01,8.205482080880087403e-02,1.084160273101273664e-01,8.477604163775781521e-02,1.739290490392331537e-02,1.189029093131113296e-01,6.807880988516978003e-03,2.259310507054209521e-02,1.771706656423938792e-02,-3.469948941966664868e-02,5.390573792115104651e-02,7.882588837244972405e-03,4.257158580899948752e-02,6.944774544678095074e-02,2.381132205926041537e-02,2.640590022045401566e-02,7.158535402048075980e-02,3.860034933233103243e-03,3.516402990900771575e-02,3.231881690562511678e-02,6.569920266909952400e-02,3.478070115858902800e-02,6.385635044875587196e-02,6.152166844143343305e-02,8.122714103068561994e-03,8.892186519081073104e-03,3.501985011132834752e-02,-3.230999004041589656e-02,-8.742765905216968655e-03,-1.402751537481700637e-02,-1.592023208313190011e-02,-1.099816991302885079e-02,-2.360681708310282539e-02,-2.104326626468346062e-02,4.589900228999988646e-02,-1.190059882949730946e-02,-3.128865011251708711e-02,6.061490325622462478e-04,7.700687640847889842e-04,-4.632646730924090163e-03,7.916173397353825497e-03,-4.160274538376968617e-02,-2.073778139987258670e-02,-5.402561925769359952e-02,-1.153134241789864622e-02,-3.385918707897692115e-02,-5.180851798734495417e-02,1.141367682944046356e-02,-2.233560820376840998e-03,1.531832380232826980e-02,-3.145881509848345164e-02,2.083182230252174361e-03,-4.222492422396760536e-02,-4.315008466811222354e-02,2.104623436062202577e-02,-4.564152154525639819e-03,-9.958545112676270294e-03,-4.131736000678985776e-02,7.662208969924887147e-02,4.420182096014262096e-02
5.101237101275640090e-02,3.449895132495712363e-02,1.591071365268271476e-01,2.236667011365084390e-01,2.190249832901190186e-01,3.922028005918613558e-01,5.909209300758617722e-01,4.314787993501851271e-01,1.000000000000000000e+00,2.859419954198687552e-01,1.747735177740001866e-01,1.601375138396455566e-01,8.462902415569896475e-02,9.175332837160712907e-02,7.694866071538446206e-02,4.779164053156676611e-02,6.080347777076210158e-02,3.259728367817948946e-02,4.948859536919397034e-02,3.019408898817457776e-02,-2.266817190736395912e-02,6.021589207709424074e-02,1.331888607643911225e-02,3.674731828221945544e-03,3.105368926388506548e-02,6.411703425909215381e-03,-7.322789870442101764e-03,3.434137627117173075e-02,-1.735507116327625820e-04,3.814318480207859723e-03,2.836605315437479378e-03,3.965998563991523368e-02,3.364576901712025558e-02,6.235618263659936655e-02,4.656064555226344104e-02,3.453382886548338193e-02,1.057994317575934422e-02,5.167682989842711100e-02,-2.621093656864338997e-02,3.113116003869727255e-02,-3.988165650267932322e-02,-6.346334193593307360e-02,-7.787141861536027443e-03,-4.008401152162750086e-02,-5.693773286578563547e-02,4.390379520421340553e-02,3.176465560073339633e-02,-4.202394813971214310e-02,-6.994888194287097148e-03,2.910243777623922751e-02,2.004184344303909515e-02,5.655588671172446374e-02,1.027725703870048003e-02,1.565070502622522078e-02,8.037997268909200313e-03,2.990814979019237180e-02,-2.977122107915766008e-02,-3.195001728481533521e-02,1.624723691362602539e-04,-2.176178217989311117e-02,5.947038357038929648e-03,-4.928201466258284175e-02,-5.253501441335749894e-02,-6.023891915181665141e-02,-5.589410924768960232e-02,-2.795036141851258045e-03,-3.652961067230177383e-02,-1.695532919374667311e-02,-4.480581659094641511e-02,4.905916488954305960e-02,1.286900525153746033e-02
3.696718056505354094e-02,3.936932224052278745e-02,7.755018874492704273e-02,7.353877189852402185e-02,9.412579209313924611e-02,1.354993387381446257e-01,2.953478577666938110e-01,4.633866418803836429e-01,2.859419954198687552e-01,1.000000000000000000e+00,4.811780603969886272e-01,5.095115211202460026e-01,1.410955514248436460e-01,1.191603641622494825e-01,1.619115268602721869e-01,7.837984062623623571e-02,1.284923971124720399e-01,-2.443579351359633986e-02,-1.591828080272083071e-02,3.147132679703808916e-02,-6.344221459230779681e-02,6.630137610434501394e-02,-6.663693192649002700e-03,-1.130916581692289688e-02,3.295645396304815178e-02,-1.676828839732356566e-02,-2.162617431364336970e-02,1.613469529653395462e-02,-1.502946283950935998e-02,3.343979553362741441e-02,2.906731552423703641e-03,3.846482649142694138e-02,5.921255408214400745e-02,4.989326208297334420e-02,4.735787231094464728e-02,1.892640941137093552e-02,-7.256857950122863436e-03,2.636433577730231889e-02,-7.239337534107750417e-03,-1.349347301918057788e-02,-5.906079709278858579e-03,-2.685283989275737138e-02,3.435386414206293565e-02,-1.714061547496472868e-02,4.994995039264943197e-03,4.941652374982848095e-02,-5.919264222421232943e-03,-1.495309810378386839e-02,3.179551556760513292e-02,1.177745706575285614e-02,-1.716468981835372193e-02,-3.582389792405952546e-03,-2.298564192988222440e-02,-2.121340859493764733e-02,-3.608819402570451890e-02,-1.605433784695703024e-03,-1.112618372864441173e-02,-2.484425908210750530e-02,1.557670948251831111e-02,3.113316072991841824e-03,1.319593597491476068e-02,-4.188837366461430761e-02,-6.164703857660134428e-03,-3.064803430151421398e-02,-2.356421709008907697e-02,9.259727905630472239e-03,-7.826026372383403443e-03,-3.086046538322242093e-03,-1.450285005644295737e-02,3.821744252822478760e-02,4.763395829838629886e-02
2.759810157876812706e-02,4.055888643751412448e-02,5.709797588766818421e-02,3.496520080865903740e-02,6.460178687469263215e-02,8.332599875552895718e-02,2.013232471225092080e-01,3.225353363105170623e-01,1.747735177740001866e-01,4.811780603969886272e-01,1.000000000000000000e+00,2.655749253015142197e-01,5.541850329036319966e-02,5.945988816566442903e-02,9.606092886014595822e-02,8.315686149393097804e-02,3.777541962490499339e-02,-1.611241097493093044e-03,-3.155988696714510933e-03,-2.662104431704072870e-04,-5.549814798498254459e-02,2.454854228740796507e-02,1.760955027197595377e-02,-2.107861602381181504e-02,2.118694875348993770e-02,-4.303484495482632483e-02,-4.789046509072033414e-02,2.191438301773864557e-03,-5.388273787834837319e-02,-2.621382059266920764e-02,-3.522717245727698034e-03,1.824579031921498909e-02,7.216523341825604142e-03,2.387901834734720494e-02,3.517454978102512592e-02,-2.423068752518403503e-03,-1.336034768440580098e-02,2.451612561716860067e-02,2.916498425238733469e-02,1.024619078968240504e-02,1.451594951769192079e-02,-2.957863532031678941e-03,3.681377349952472122e-02,4.938778936862390188e-03,-4.790899371566907823e-03,4.564350355122064051e-02,1.423612218026491273e-02,7.902996381476035462e-03,3.556286101444974118e-02,-2.694837121879747671e-04,3.393249148034391954e-02,1.206068425210275047e-02,-1.326036297913378223e-02,-6.921717071392087311e-04,-1.689740848943294821e-02,-1.280879557606019389e-02,-2.929367703013993282e-02,-4.508725553585560264e-02,8.657759023265146001e-03,-3.423629866324536669e-02,-2.239521900328334848e-03,-7.305333243647090143e-03,1.996218676924630536e-02,-2.563968958575769258e-02,-2.099380066121338956e-02,-1.010334221899153624e-02,-2.095987617911380593e-03,1.522322492205284948e-02,-2.595633836590694604e-02,4.419554276753958483e-02,4.175547371765597759e-02
2.213714139053198082e-02,8.740099391888654645e-03,4.323794399476947603e-02,5.385500200977964835e-02,5.789000076961720725e-02,8.909087004308528790e-02,2.242050374545666025e-01,2.734808332374432105e-01,1.601375138396455566e-01,5.095115211202460026e-01,2.655749253015142197e-01,1.000000000000000000e+00,2.635229834160206508e-01,1.342053700629613766e-01,1.372026146530022639e-01,1.365407578672941241e-02,1.670087455882153793e-01,1.109142338769846317e-02,-3.167389064921165981e-02,2.337023240603805507e-02,-4.882402656272889080e-02,5.746390464129824682e-02,2.487633246254612046e-02,1.910208623983878501e-02,5.210666776303773257e-02,1.412809792756516969e-02,2.776248060227331713e-02,6.275612155066727371e-02,2.211486815935232580e-02,6.464452485336313892e-02,4.136244015109267341e-02,5.383116990466170482e-02,5.913710514791418321e-02,4.053833417682126128e-02,4.866500982738455189e-02,1.240043334065462667e-02,-1.760334388278205278e-02,2.677861136124229380e-02,-2.007298134966454400e-02,-7.139303921016731252e-03,-1.262508264090389444e-04,-2.343142411074484316e-02,2.753122606192842312e-02,-2.947847718776139617e-02,9.092420255637525400e-03,3.747316561775129035e-02,-1.319020344181709133e-03,-4.825636014829023934e-02,2.448539107582493705e-03,1.456750323646798483e-02,-2.981001910786851977e-02,-3.506074216686856648e-02,-4.310541513629929239e-02,-2.509185480760682541e-02,-3.811885406063875159e-02,-4.006590656796397976e-02,-1.181838849282647493e-02,-4.292575675407681729e-02,-8.737789950220096330e-03,1.273198227137100486e-02,-2.446511460582006733e-02,-3.808507577456964749e-02,-9.535940449954450129e-03,-3.021966846981591348e-02,-1.143290677599998785e-02,2.863398403558911967e-02,1.068111825422227591e-03,-1.767818984102112511e-03,1.700866972360128493e-03,2.143517078452469860e-02,2.750534110505229238e-02
2.730367471681654362e-02,1.388459423692782121e-02,1.865907655145170388e-02,3.191097129953705813e-02,7.290614916192801262e-03,4.940180541964195315e-02,9.397687839848420377e-02,8.205482080880087403e-02,8.462902415569896475e-02,1.410955514248436460e-01,5.541850329036319966e-02,2.635229834160206508e-01,1.000000000000000000e+00,2.269197632494197037e-01,6.528597354873284797e-02,-1.259565716924230250e-01,2.732150690256840431e-01,8.784643317962062548e-02,-9.483041383580469164e-02,2.248285359272588976e-02,-3.353608945227735949e-02,-7.924489735818567374e-03,-1.797745938196213542e-03,3.857484425220149282e-02,4.401399827783299828e-02,-9.058993387928499647e-03,1.932948886701107982e-02,5.417934153171744677e-02,3.162771587211013480e-02,6.209569867069140298e-02,5.160141239902826804e-02,2.857705731568394025e-02,6.732313229683838107e-02,3.054322635434041262e-04,3.630413360187501048e-02,2.001257528644515352e-02,-2.158654208794943269e-02,-4.978233978264777655e-03,-5.202925030632672698e-02,-2.908671171109099632e-02,-2.797781340763209196e-02,-3.649352251694043536e-02,-2.950899904058564352e-02,-6.690074808214532820e-02,-9.855174784328717824e-03,1.047233066317297678e-02,-1.345677971189471363e-02,-4.094183166619569381e-02,-2.087522794097359732e-02,2.247083220353745386e-02,-4.230853097912754684e-02,-6.799735519471777900e-02,-1.569700566473792788e-02,-1.999790388938045907e-02,-3.004491356594529705e-02,7.290550830554290949e-03,-9.514837300884954052e-03,-2.055641070625533959e-02,-1.909710785688623069e-02,2.724042086417611738e-02,8.591436032954941765e-03,-4.213043681065334334e-02,-3.092861690862456700e-02,-6.228706542011396702e-02,-2.710897986787446853e-02,5.034403970065211287e-02,8.088693710391532156e-04,1.257927959748504632e-02,4.648912554316436338e-03,8.606168823718772509e-02,7.515505747708410567e-02
5.823542146662194670e-03,-2.437284412604111272e-02,1.252080216493440916e-02,2.062112217020883875e-02,2.212330609866663272e-02,6.989128200035914229e-02,9.206680868839789422e-02,1.084160273101273664e-01,9.175332837160712907e-02,1.191603641622494825e-01,5.945988816566442903e-02,1.342053700629613766e-01,2.269197632494197037e-01,1.000000000000000000e+00,4.728366258334046890e-01,4.319479248430685980e-01,6.121023701049304044e-01,1.876384270493191841e-01,1.195446166603975346e-01,2.473140138049650660e-01,2.150269422093641636e-01,2.107695597815222865e-01,1.286018236565382444e-01,7.198142651341295217e-02,1.548458230353554621e-01,6.606737256383195256e-02,7.843833495153458568e-02,1.115874874312120096e-01,5.724215512104903480e-02,7.252861654012890402e-02,8.992521849366623410e-02,9.869339142854416380e-02,1.016809106680555547e-01,7.735062582467144843e-02,6.398262042834644558e-02,6.700743812100033725e-02,3.192976341649770428e-02,5.057647282101548208e-02,1.394673245116146570e-02,1.867587446603780760e-02,4.426709466964773299e-02,1.277605999387220262e-02,3.626612459456781540e-02,-1.164077698964487151e-02,9.908319178495661461e-03,3.071646483326095911e-02,2.873994721648810702e-02,-5.072729587996537698e-02,-2.870091117845092587e-03,4.411986849848393709e-04,-3.417037256722124661e-02,-2.718949480750469314e-02,-3.984361736411747706e-02,-6.833101972102335886e-02,-9.815757854705524366e-02,-5.897899913593376148e-02,-8.075793564257970070e-02,-9.472909632909823352e-02,-6.425924388700654522e-02,-1.103769782478312977e-02,-5.644430333512083509e-02,-9.030108131801360682e-02,-7.127405010217290060e-02,-9.878672930277566933e-02,-7.980420602083163062e-02,-1.937432702460274714e-02,-8.729655928071390625e-02,-4.429990312227428950e-02,-5.246048574201284814e-02,6.193021439016547017e-03,1.323820645270701530e-03
-2.500414714324034234e-03,-2.528723026675762028e-02,7.493280512040656786e-04,1.286592022411462907e-02,8.145548790462120090e-03,5.977047013076456500e-02,6.940872933808946155e-02,8.477604163775781521e-02,7.694866071538446206e-02,1.619115268602721869e-01,9.606092886014595822e-02,1.372026146530022639e-01,6.528597354873284797e-02,4.728366258334046890e-01,1.000000000000000000e+00,4.101987349364915048e-01,3.585591666108946529e-01,-1.590643567926185720e-01,-1.632452398513184119e-02,1.291473280350324548e-01,9.881013395138803224e-02,9.173133372152068865e-02,6.943053123740976218e-02,6.803227802687157599e-02,1.163649582799885784e-01,4.670676703466233176e-02,6.816161191519162776e-02,1.027614189315549237e-01,6.653773866304922568e-02,8.622669331826932071e-02,7.438029470159783496e-02,7.821727776018547185e-02,9.736581815858633138e-02,7.598982286402168607e-02,5.860846757659232686e-02,4.969865797506385630e-02,2.414783915015375482e-02,3.495583239222145588e-02,1.887697509781316452e-02,1.881718414320609004e-02,2.492685385166567777e-02,-1.716837421862104631e-03,1.791914651202462100e-02,-2.472784338553693506e-02,-1.285109391043835975e-03,3.167858834204847346e-02,1.223750828460415559e-02,-2.348750836529431632e-02,1.638875036692299600e-02,-1.087740553769508435e-02,-1.714293758284405125e-02,-2.222284341652304776e-02,-4.772759138608533014e-02,-6.325291980870509367e-02,-3.892625711873631822e-02,-5.145797232560777451e-02,-3.849448565291074820e-02,-5.028021995123460597e-02,-4.588216212428019442e-02,6.043491778663446015e-03,-2.343076130152095884e-02,-5.033275198469093492e-02,-5.136639007349595720e-02,-4.593534733460526848e-02,-1.867213525400757135e-02,-5.515465740446290864e-03,-5.656285320549674783e-02,-2.603031795696549369e-02,-1.820644503652479179e-02,-6.051482329408686828e-02,-1.083078561382749870e-03
-9.442876417486730303e-03,-3.256864905793948467e-02,-1.271918118021610374e-02,-1.060760301098000007e-02,-6.432846449582080642e-03,4.625821517222196422e-02,2.914934811903679632e-02,1.739290490392331537e-02,4.779164053156676611e-02,7.837984062623623571e-02,8.315686149393097804e-02,1.365407578672941241e-02,-1.259565716924230250e-01,4.319479248430685980e-01,4.101987349364915048e-01,1.000000000000000000e+00,1.259316017582447211e-01,1.548389301573891916e-02,2.389099906490214920e-01,2.173106787091855507e-01,1.826263412775563366e-01,2.237933746666286305e-01,1.271734717198233222e-01,3.292769133241860158e-02,1.277262426843830956e-01,7.223004688207815271e-02,5.043172847188814867e-02,1.074467180023598589e-01,8.640823025859022122e-02,7.602107628897246394e-02,1.022829799057346223e-01,1.079231086087126257e-01,1.098317965623713810e-01,1.451214754263916717e-01,6.183798544353550503e-02,1.163091820911342500e-01,9.518977018767203757e-02,8.233586495192145305e-02,8.363444218557945786e-02,7.550710762284590372e-02,8.091523134221416391e-02,2.736589043844471839e-02,6.400920762330547520e-02,2.004131662029931885e-02,3.616363948200607831e-02,1.847827848987552632e-02,1.767451493514153940e-02,-1.173671202160815261e-02,2.061019679769305821e-02,-8.602038493396385599e-03,-1.236435908415356444e-02,-1.516952825308034438e-04,-4.262272181095855955e-02,-5.984277080720804692e-02,-8.812887983240642875e-02,-1.028035887584961977e-01,-9.054685372238364949e-02,-1.223525642180341433e-01,-1.130109497599738333e-01,-6.695249009689986652e-02,-9.891831412282983682e-02,-7.141207886684436401e-02,-5.566479541864162439e-02,-7.260916493663252536e-02,-7.294281268344096625e-02,-6.703011476161989390e-02,-1.136032528024364663e-01,-8.340968261262036998e-02,-6.867438113571996960e-02,-6.859770939869541673e-02,-6.493346576990627339e-02
6.377880888886632536e-03,-1.050170332862858033e-02,1.851836999454252800e-02,2.018260796139981911e-02,2.643887773699369476e-02,4.464248455342013228e-02,8.133595816643508780e-02,1.189029093131113296e-01,6.080347777076210158e-02,1.284923971124720399e-01,3.777541962490499339e-02,1.670087455882153793e-01,2.732150690256840431e-01,6.121023701049304044e-01,3.585591666108946529e-01,1.259316017582447211e-01,1.000000000000000000e+00,2.440126139633765068e-01,5.517049665266955671e-02,2.119286689272719404e-01,1.525729754557816897e-01,1.732877002096353258e-01,1.024484039312015260e-01,6.747387727047129968e-02,1.414311819409589666e-01,6.492511051091699736e-02,6.384068214211163772e-02,9.788354855980535563e-02,2.035756711096484151e-02,5.481540172999269100e-02,6.380973621983848654e-02,6.616414768954713421e-02,8.046250116224475113e-02,3.800844725854910650e-02,4.710914770687464614e-02,4.766230608846751954e-02,7.362248524474066663e-03,4.137484790285807928e-02,-1.483167011932478956e-02,-1.790623594683048278e-04,2.765932976898500401e-02,1.259914981158831784e-02,2.352596202962800240e-02,-2.037381380453409316e-02,5.478656729989394604e-03,3.058436108271547771e-02,2.348227361015769316e-02,-4.895630923144746183e-02,-2.965758408650769756e-02,3.531504390336942436e-03,-4.377331742494539046e-02,-7.696572260327294579e-02,-4.200387511716921485e-02,-5.836967990067072620e-02,-8.398519882006716397e-02,-3.777580972989542235e-02,-4.373712538864076016e-02,-3.513397062358981221e-02,-2.619392540208034456e-02,1.326070642828076213e-02,-3.614403802426952722e-02,-7.597649393240735183e-02,-4.891444610686199179e-02,-8.976553699216383020e-02,-6.354708215479958067e-02,2.327126934562405436e-03,-4.510471394418554686e-02,-3.671391427307352934e-02,-4.149619182613528690e-02,2.865894392459801196e-02,2.876327739864220287e-02
2.594241837292639297e-02,2.539800627895332993e-02,1.163698179522670677e-02,2.632451490955410589e-02,2.018200508435244109e-02,1.951376404224593880e-02,3.405840142547060523e-02,6.807880988516978003e-03,3.259728367817948946e-02,-2.443579351359633986e-02,-1.611241097493093044e-03,1.109142338769846317e-02,8.784643317962062548e-02,1.876384270493191841e-01,-1.590643567926185720e-01,1.548389301573891916e-02,2.440126139633765068e-01,1.000000000000000000e+00,2.476195529192212752e-01,1.043573162059746873e-01,1.544760857398830844e-01,2.094880176446040909e-01,1.225289654303689385e-01,4.021362042244576440e-02,1.245525895417284590e-01,3.800942501532027229e-02,3.501562850871065002e-02,3.690211753797805611e-02,-1.170980440932565918e-02,3.347974015602147267e-04,2.022854130593138358e-02,-5.153697513344309821e-05,1.346279232007489834e-02,2.076210833280600632e-02,-1.847558925315056794e-03,3.672122286579328904e-02,-4.389110313100529764e-03,3.104421697074604899e-02,1.882721102269431512e-02,3.723583219869455035e-03,2.764211318066509340e-02,2.364418453931266262e-02,1.781440376842979845e-02,2.614888630502416877e-02,2.596258605695475272e-02,-5.977596731427565167e-03,5.052376654614687546e-02,6.983317601949240623e-03,1.298095658273753887e-02,7.609700673628169362e-03,1.822336818084047128e-02,-2.800674699530979195e-02,-1.180124736156011080e-02,-4.105200686849991634e-03,-5.042352697397538275e-02,-4.210419786763159450e-02,-3.057242709777891615e-02,-2.894516720551795763e-02,-6.079197194127755046e-04,-3.519921464482690665e-02,-3.961961502401378094e-02,-3.163563618772542718e-02,2.542039342338317520e-02,-3.942429148124141497e-02,-6.301441865800821995e-02,-8.221729087657300705e-02,-8.432794603868763728e-02,-7.752745094798532688e-02,-7.372527742602119627e-02,3.078952526185314148e-02,-3.848836013366305209e-02
-8.900615096260065849e-04,-2.478386014445710384e-02,1.571072390182996423e-02,7.682883928092126315e-03,8.311385116665343312e-03,3.845497569889758105e-02,3.348916003298311322e-02,2.259310507054209521e-02,4.948859536919397034e-02,-1.591828080272083071e-02,-3.155988696714510933e-03,-3.167389064921165981e-02,-9.483041383580469164e-02,1.195446166603975346e-01,-1.632452398513184119e-02,2.389099906490214920e-01,5.517049665266955671e-02,2.476195529192212752e-01,1.000000000000000000e+00,2.640555775522976378e-01,2.517999824980470258e-01,2.697164831241351535e-01,2.356983809652518080e-01,6.145110348285971746e-02,1.328722661294969853e-01,8.072051742814924380e-02,4.451294743804711657e-02,9.368984451616303721e-02,5.346170845419902229e-02,3.292453773507181963e-02,3.974341923952330602e-02,3.711829673985389544e-02,4.253808007570800825e-02,6.987870867989363910e-02,2.413337960617201877e-02,9.209852079313837758e-02,8.105415868006669855e-02,7.432840261966591755e-02,2.346043227048215038e-02,2.980727196989404332e-02,4.835820316001657182e-02,2.672521160092386581e-03,4.060113547312069887e-02,4.193531838702112963e-02,1.801527032415475502e-02,-3.410175105722644540e-02,1.358571189552537639e-02,-4.959213974829548323e-03,-3.881853639351286883e-02,1.300230215848510035e-02,9.165883342530494957e-03,-1.498611755703314202e-02,-4.070693820937809626e-02,1.991608064280426735e-02,-4.923072776540259737e-02,-4.209705890393909689e-02,-2.409460757571051451e-02,-2.486942260374138194e-02,-1.029907712148588755e-02,-1.583658642036269923e-02,8.959255784182169891e-03,-5.579316140420299830e-02,3.121543989551220019e-02,-4.311639181714214258e-02,-6.946142980237630937e-02,-9.100064242031653816e-02,-1.247256637549561814e-01,-1.205911121915938938e-01,-1.180492662764924122e-01,9.780077914139704773e-03,-7.649435294357107007e-02
-8.472694212333946664e-03,-3.243275706359383115e-02,-1.660466539458568813e-02,-2.687492008622413900e-02,-3.229295180262091447e-02,2.233392427898245989e-05,8.555156035617178870e-03,1.771706656423938792e-02,3.019408898817457776e-02,3.147132679703808916e-02,-2.662104431704072870e-04,2.337023240603805507e-02,2.248285359272588976e-02,2.473140138049650660e-01,1.291473280350324548e-01,2.173106787091855507e-01,2.119286689272719404e-01,1.043573162059746873e-01,2.640555775522976378e-01,1.000000000000000000e+00,4.073196241063203327e-01,5.689974702829880826e-01,2.217883000180169983e-01,1.427018785895479980e-01,2.062340856043876902e-01,2.471067954376909293e-01,1.159590102750936852e-01,1.563528090240613733e-01,1.324416543173475291e-01,2.936426302848916051e-02,5.961819299758074758e-02,5.484524280959307552e-02,3.740859883619877119e-02,6.839425126027941226e-02,4.587572319030842373e-03,4.504951054435511748e-02,-2.252848835620319470e-02,3.174243582764582627e-02,-3.173692386861508979e-02,-4.901962743468776806e-02,1.639107918015349219e-02,-2.564619577367246647e-03,6.447230675877740035e-03,-3.873169516497668163e-02,-7.063419493327076706e-03,1.811525984519212623e-02,1.657616970903087739e-02,-3.038692210097179193e-03,-1.851839354486258318e-02,-1.059520206604407447e-02,-8.192172443798053164e-03,-4.885724704042782029e-02,-5.916295505107223296e-02,-4.752971396220471989e-02,-7.810615540498021259e-02,-6.788555944439311762e-02,-6.311730038868630654e-02,-5.448675979067067743e-02,-2.890447296337162256e-02,-2.598121852499712860e-03,-2.512770185095416706e-02,-6.681963760119803697e-02,-2.604399793679842978e-02,-1.142846924599085628e-01,-1.289666951251039750e-01,-4.993962309602958949e-02,-1.404515565269563726e-01,-1.344625763853041223e-01,-2.005548791811278229e-03,7.842937074615422000e-02,-1.887707019989329216e-02
-2.754532243281869464e-02,-3.501754535395647933e-02,-3.313258710089080766e-02,-4.453348578528946305e-02,-4.002143835403813160e-02,-7.870495176533164744e-03,-1.138399265805376676e-02,-3.469948941966664868e-02,-2.266817190736395912e-02,-6.344221459230779681e-02,-5.549814798498254459e-02,-4.882402656272889080e-02,-3.353608945227735949e-02,2.150269422093641636e-01,9.881013395138803224e-02,1.826263412775563366e-01,1.525729754557816897e-01,1.544760857398830844e-01,2.517999824980470258e-01,4.073196241063203327e-01,1.000000000000000000e+00,3.824865481265610212e-01,3.076320800006598355e-01,2.464512588221252631e-01,2.622307879071490988e-01,3.088129728147465669e-01,2.560415899604521206e-01,2.084765841268317321e-01,2.446510107274846024e-01,8.012147307902933724e-02,1.116624375462035301e-01,1.187277145680567109e-01,9.032255136642240723e-02,1.037180729951950875e-01,2.187478567287107906e-02,8.379346774585777480e-02,2.079896796961728037e-02,3.825206977925017793e-02,2.398727992966363104e-02,-1.478412103249357630e-02,5.251506881550128264e-02,6.411938118233264164e-03,1.460968606696872070e-02,-3.932788828450235752e-02,-5.028810575704578505e-03,-2.423925125551528587e-02,-4.096155745344232102e-02,-4.672782716954788224e-02,-3.772484097709193074e-02,-5.386103824500428766e-02,-7.650400267190174408e-02,-8.980042177866606745e-02,-7.804742320488493312e-02,-6.867572878886171739e-02,-1.162197076145716074e-01,-8.904151110093100341e-02,-5.008398815281762950e-02,-5.854597148302153470e-02,-3.560547974096389678e-02,3.052815071596980904e-03,1.305623017181267026e-02,-1.176058099655904327e-01,-6.696156942162972969e-02,-1.827222167306505329e-01,-1.787725466152975395e-01,-7.562945839719635577e-02,-2.079900315907323161e-01,-8.768692144803355570e-02,-4.884738841480425198e-02,6.764138088325102882e-02,2.730109845019797199e-02
-3.408517161510786313e-03,-1.605745989187622180e-02,8.585914557758117516e-03,9.411571572502849467e-03,7.920260563338896512e-03,3.038975362718228032e-02,6.010242467011250173e-02,5.390573792115104651e-02,6.021589207709424074e-02,6.630137610434501394e-02,2.454854228740796507e-02,5.746390464129824682e-02,-7.924489735818567374e-03,2.107695597815222865e-01,9.173133372152068865e-02,2.237933746666286305e-01,1.732877002096353258e-01,2.094880176446040909e-01,2.697164831241351535e-01,5.689974702829880826e-01,3.824865481265610212e-01,1.000000000000000000e+00,2.613791476986689899e-01,1.751686108574645462e-01,3.386377530199719543e-01,2.494138422246493236e-01,1.836728515390858296e-01,2.271590066417825682e-01,1.582709531453135865e-01,1.174895406335768194e-01,8.448158602813962692e-02,1.039024261377483188e-01,8.138739885393644902e-02,8.531996124894047906e-02,3.060012895825646798e-02,5.590844325627107592e-02,-5.047564821763427748e-04,5.221732285292696868e-02,-8.297191822164064895e-03,-1.439143885343720404e-02,1.250572392099785594e-02,2.827137418732562045e-03,-1.992535750086459403e-02,-3.475129549591043226e-02,1.283552876599258329e-03,-2.363810113843015093e-02,-1.003349426669518027e-02,-1.405683565422140638e-02,-7.394561637035363712e-03,-2.689550450159663986e-02,-3.227275903240755389e-02,-6.317485626041563496e-02,-6.821196360521307456e-02,-5.518683477164285783e-02,-9.452003666340885735e-02,-8.180809432053035013e-02,-5.194114949690170624e-02,-7.130394169081370748e-02,-2.561236996961181733e-02,-1.136064644198107008e-02,-3.600586016732840178e-02,-6.659384830968252678e-02,-5.645972334503295692e-03,-8.797184870628819986e-02,-1.063108701398089995e-01,-8.128212746549752510e-02,-1.554949664801626441e-01,-1.512007614914540332e-01,-3.794168463508414829e-02,5.029838503604253108e-02,-3.812416153953507303e-02
