1.000000000000000000e+00,4.286417279189591034e-01,8.342668830658678258e-02,-1.701995544856760648e-02,-1.201449474164228287e-02,-1.652684497914733153e-02,1.188620358376323849e-01,2.562275915912175586e-02,-7.623814957741942289e-02,7.320247813650677948e-02,1.406449290272281105e-01,-3.838550750693656838e-02,-3.144636573379512579e-02,5.845109139979993984e-02,7.107126147914923087e-02,1.769422289190710970e-02,-1.916905085428152397e-02,7.351417873149555804e-02,1.230977859812070266e-02,1.817498287233001650e-02,-4.401639502979016322e-02,1.222047018127790929e-01,1.508230780438807039e-01,9.462317763986735630e-02,1.049413716597930452e-01,-1.608879543843711596e-02,1.335285142711848394e-01,2.816026187343600388e-03,1.686561072048909093e-01,8.714791067493080079e-02,-1.324824812802270595e-02,1.484252331795555824e-01,-2.602542521865814154e-02,-3.079079427051857262e-02,6.048095212149239702e-02,4.176771332998884673e-02,4.625599687606624794e-02,8.999378191855115713e-03,-4.552583985564186489e-03,-1.119154404431828287e-01,5.196451468592176715e-02,1.797226879060368626e-02,-2.763503644990464303e-02,-1.884913924152994275e-02,-2.090980214645165799e-02,1.787218699629843088e-02,6.441471496115583339e-02,1.841626365619460082e-02,-2.076825758857045803e-02,-1.120042789616803869e-01,-2.041436412197846634e-02,-6.094510055511322827e-02,-3.941964026377814401e-02,-5.483993935006058890e-02,3.844651047984223857e-02,1.958400571168769991e-02,-6.344453081015399842e-02,-3.192131088747340167e-02,-5.441925248779769242e-02,-6.967609382204663360e-02,-8.459854307687732222e-02,-8.733000982615025942e-02,-1.238006915139276132e-01,-1.149312859535264464e-01,1.678088601925009984e-02,-1.335331828315240443e-01,-3.803853246585656156e-02,8.222339136756065536e-02,-5.730852843073357128e-02,-1.129081025721449111e-01,3.183506703956256317e-02,5.862276573850543071e-02,-1.146698594223780482e-01,-7.945616302151874144e-02,7.076638515267036356e-02,-1.877880072432699596e-02,-1.644197290523206900e-01,-3.483648594631510997e-02,1.037761760162523028e-01,1.006397109028599191e-01,9.864872796095998375e-02,7.590944688467518575e-02,1.113415283698565850e-01,1.253486261468340635e-01,-4.256636118997240981e-02,-7.677392507159269686e-02,9.211938757587266602e-02,9.351413520543608304e-02,-9.847552185828184479e-02,-5.025494642044803922e-02,1.322240194210930753e-01,1.254275863459898381e-02,1.640128821524278885e-02,-1.105895636411899641e-01,1.121197615935397712e-01,-9.167585264497793429e-02,1.121773316219941141e-01,-1.120384834179279226e-01,4.472905987755260854e-02,-7.236259112861438691e-02,-1.175386146093653494e-01,3.467131076323849703e-02,2.541978746278214171e-02,-1.220856290620005863e-01,-7.608047403450847457e-02,6.897057582237521578e-02,-2.839094676314282695e-02,-1.519486568167484064e-01,1.529231426027172040e-02,5.941547852366256544e-02,-1.216072647766938269e-01,-3.659177751118013189e-02,-1.142260119179447266e-04,-8.077972927719917484e-03,2.416882022154579271e-02,-2.387281470851917303e-02
4.286417279189591034e-01,1.000000000000000000e+00,2.341575909614106721e-01,-3.485591335103686156e-02,7.923088792633918576e-02,8.630253995780752529e-02,1.884478592895713900e-01,1.515957970066369176e-01,5.483591513875246681e-02,3.170718970375169948e-02,1.380205414935139208e-01,1.494933490932048858e-01,2.694023201541348098e-02,1.110550157140263311e-01,2.179151462313639320e-01,3.558429744196640182e-02,-3.490245932650413996e-02,7.074112376218748277e-02,1.066382673687983271e-02,3.478350736305114987e-02,-5.137085669922252656e-02,4.890741140173952839e-02,4.128382698470745016e-02,1.498178601417538003e-01,3.878895006108979554e-02,-3.445763253002021714e-02,2.346499620588682680e-02,-6.605508802844971272e-02,1.203784197790951083e-01,1.335621273620780092e-01,-2.919398960646532593e-02,7.861751351463563270e-03,9.838090768766268035e-02,5.638178653023171762e-03,-7.367705379357632200e-02,-3.161159443133428060e-02,-5.842108185941041060e-02,-3.396428141291161877e-03,2.411690641916286459e-02,-1.745178132934333270e-01,5.212033412273633232e-02,3.539571540965209123e-02,4.314750302703117268e-02,-3.501307280201296224e-02,-3.630741561282155999e-02,3.453557687915793234e-02,9.849996636005574346e-02,3.557323616435398989e-02,-6.694064134569599478e-02,-1.750179835612441503e-01,-3.455933451579374510e-02,-3.289271570785329279e-02,-7.655431242674326682e-03,-1.257647138354550491e-02,9.450933060695861088e-02,3.607057499109943971e-02,-9.479176158157283025e-03,5.247887822951843861e-02,-2.140545768704062157e-02,-7.968477228402001677e-02,-1.276819642663094279e-01,-6.443877399747202639e-02,-9.940018144199792849e-02,-1.369665225271906039e-01,3.540889700625271530e-02,-1.332753334932062494e-01,-8.735114179407482693e-02,-2.379221309018753755e-02,-9.405786417403687316e-02,-1.766044489992828759e-01,-5.787401243609879842e-02,-2.714555524629468086e-02,-1.213045046710059527e-01,-1.207141055432345567e-01,-3.795177574012805616e-02,-3.577257791265121833e-02,-1.096740391071547305e-01,-1.005761277490497541e-01,-1.637623477838849248e-02,6.174864038448870524e-02,3.652763646050273538e-02,1.256594309624530781e-01,1.743446478112504194e-01,1.650346489193434962e-01,-2.015491232415622669e-02,-5.146664052584395401e-04,1.543552589709022704e-01,1.241495111185969558e-01,-4.970759185997099261e-02,2.514971565446883980e-02,1.855084587550963615e-01,5.273060038660954546e-02,3.453584917812918542e-02,-1.731680199412116150e-01,1.760731278375298747e-01,-1.491615341893950120e-01,1.742646551677853872e-01,-1.778901925721395327e-01,4.555154817015795443e-02,3.774855004895443650e-02,-1.899421784554455594e-01,-7.715103805090499367e-02,9.496380410570710862e-02,-5.765081141899003336e-02,-2.002811095232596428e-01,4.600305626602665433e-03,7.871269616900750110e-02,-1.406335848753458018e-01,-1.687233788101125120e-01,-7.623514327967584152e-03,-1.583247544708903942e-01,-4.735268007976199678e-02,3.134183030292521550e-03,-4.325901444028509846e-02,3.589481499963300543e-02,-1.695879858471392373e-02
8.342668830658678258e-02,2.341575909614106721e-01,1.000000000000000000e+00,-5.879917815488965027e-02,5.479788938777129248e-01,1.427680692923329053e-01,4.367719495100603200e-01,1.245497510384296486e-01,2.669406999730257746e-01,2.958263733545131169e-01,2.201774933014561675e-01,1.581407351911905679e-01,2.487308316369188643e-01,4.060203297285266966e-01,2.053772597590570459e-01,6.652982680335751964e-02,-5.827234153359114183e-02,1.351846281329347199e-01,-6.685366500134214129e-02,6.396431380498762698e-02,-2.523558129690224305e-01,-7.213905975338710808e-02,2.286853270036639796e-01,2.439337053296476987e-01,-1.147688437612452428e-01,-6.077362634158094135e-02,-2.288219467309084848e-02,-1.199072239314078886e-01,3.013682370820682244e-01,3.255578413531859949e-01,7.076160550358216728e-02,4.405519810843124690e-02,1.527861532913213083e-01,2.270451239996105486e-01,1.863638811701353315e-01,1.340550396329616423e-01,1.743762653900231829e-01,1.411614129227490855e-01,1.256748149067903331e-01,-2.760784375891202069e-01,5.843603552474381513e-02,6.482865518728513077e-02,2.726170533003593674e-02,-6.273936746399355613e-02,-6.226856211720461359e-02,6.314964144083629050e-02,1.474118635274923039e-01,6.205671876168327578e-02,-5.512815022341360088e-02,-2.791990781348518968e-01,-6.624037929413491288e-02,-1.903453821443306104e-01,-2.314535330865644669e-01,-1.372399717319106593e-01,2.001186302425065622e-01,6.612925920006636205e-02,-1.870084984167743603e-01,-7.228498352161501217e-02,-2.114374818852108595e-01,-4.420190503490832312e-01,-4.677491138624055855e-01,-4.088568532879888751e-01,-3.666850925661340188e-01,-5.235955730473280667e-01,6.159826322281563432e-02,-3.325911829489250904e-01,-4.670537038736982671e-01,4.922826605449408949e-02,2.148351549248860362e-02,-2.828025258063464054e-01,-2.939332290207909426e-01,1.864716003356905460e-01,-1.834977442357721700e-01,-5.426627038198560404e-01,-5.597845082910396508e-02,-6.169045367593142815e-02,-3.543176867511776407e-01,-4.257655894336749847e-01,1.517946387006769982e-01,4.282595362700740704e-01,3.721235665760585370e-02,1.140328721004263690e-01,2.713522583085594686e-01,3.774909739012896615e-01,-3.465284760529011576e-01,7.613511830675643612e-03,5.860728887273101151e-01,9.960169029254052619e-02,-3.554946855715663268e-01,2.326856974992113358e-01,5.483399213126823879e-01,-1.663133179467523315e-01,5.950402771198194662e-02,-2.669661229213408649e-01,2.786893618911111536e-01,-2.377949415433991964e-01,2.762129851346465936e-01,-2.828258989666141421e-01,4.239669205453621137e-01,1.003794293445035291e-01,-5.845910245716704479e-01,4.521492211525048347e-04,4.808120271494283893e-01,-2.399004436466160572e-01,-5.326044651013621678e-01,2.954247541086738593e-01,3.238920738644943675e-01,-4.777890820510531378e-01,-3.227929703686658325e-01,3.321221917072253449e-01,-4.036528994726892861e-02,2.203087726155194825e-01,1.681028411423382829e-01,1.437378589207441992e-01,2.141840117218241080e-01,5.817000312451092725e-02
-1.701995544856760648e-02,-3.485591335103686156e-02,-5.879917815488965027e-02,1.000000000000000000e+00,-2.178038105271260655e-02,1.120250092373500060e-02,-1.843167564394489200e-01,-2.938590834938463806e-02,-1.376882717886545593e-01,-7.328413559631268004e-02,-4.976874472118945208e-02,-2.894583157039971599e-01,-8.246192498640442237e-02,1.091686942260553655e-01,-7.153038578150786031e-02,-9.996142450195922846e-01,9.995756314411720078e-01,-3.344474707253321244e-02,-3.547611979849009649e-03,-9.996522405031782466e-01,-5.717200656886781834e-02,2.154641824470396871e-01,3.495417824445652411e-01,-7.027134167418180866e-01,1.852497852385701083e-01,9.995307266134977331e-01,2.301831424143552518e-01,1.806822928390423300e-01,2.390473887458547664e-01,-8.460868981418323553e-02,2.271513894188109325e-02,1.135221870464790256e-01,-9.955765715798488291e-03,7.287022104752385876e-02,4.326322484856208461e-02,-7.961323356403341919e-03,5.199947260226887857e-02,-9.752157750509087009e-02,7.389772632440477773e-03,-6.828543016968755680e-03,-1.368870455325492952e-01,-9.994695659322287984e-01,-9.422262859848787309e-02,9.995661603481342805e-01,9.995563728114382762e-01,-9.994722536098498145e-01,7.087819635869171409e-01,-9.995585393655110895e-01,-5.363878542631452667e-02,-6.934364200765970841e-03,9.993833826231048878e-01,-6.499682993305945511e-02,-1.028673518321729236e-01,3.633294793116354296e-03,-6.747612049114068422e-02,-9.996104595006938265e-01,-6.287645128189532640e-02,-1.640360185860791076e-01,-2.763120599755682430e-02,-3.742723893096080306e-02,1.677476946384852050e-02,-7.842731065614207131e-03,-9.015812965001888946e-02,8.809546297309461815e-02,-9.996607284488381318e-01,-9.700890047346454048e-02,2.380914052116276380e-01,8.785972962583284140e-02,-2.048547808871241660e-01,-8.187422585850615822e-04,2.487989490092122336e-01,-7.742504638038492926e-02,-1.622175011519776666e-01,1.921877323808605376e-01,1.581295973610408745e-01,9.996529566659098087e-01,-1.260806126655832915e-01,1.836301902250129514e-01,6.960250401720870228e-02,-1.452932417969222956e-01,2.014198168987960391e-01,1.887290121859318826e-01,8.709669085381689310e-03,9.178700081131778432e-02,1.835934619188570316e-01,-1.568156190539312655e-01,-1.562952305268632547e-01,1.718361694670198225e-01,6.407531606640558264e-02,-2.340343035059547494e-01,-4.700860268162791039e-02,1.842702895950575626e-01,-9.996443390736136081e-01,-9.056771813945256600e-03,3.095776535988256119e-03,7.052223718180378187e-01,3.158647766115721747e-03,-8.762194251140832798e-04,-2.094108387224867807e-01,-1.482847580019864275e-01,8.427150927920096235e-02,-2.703962861016281222e-02,-2.325749330483419253e-01,-7.082421759629234370e-02,9.463958765314720023e-02,-1.135512342461892921e-01,-2.182130254253734358e-01,2.376926495345346030e-02,1.160867042866828430e-01,-1.123468667664656445e-01,-9.831975511652377153e-02,-9.544725292026251529e-02,-1.454931099324364430e-01,-1.375942489995727602e-01,-7.340010496074469981e-02,-3.118188681690911221e-02
-1.201449474164228287e-02,7.923088792633918576e-02,5.479788938777129248e-01,-2.178038105271260655e-02,1.000000000000000000e+00,3.697440231280355594e-01,2.906595567185946138e-01,9.330410220499667229e-02,5.001815718715577619e-01,2.509866935817602895e-01,-6.712582489307100664e-02,1.626094625713510045e-01,4.197652555880549974e-01,2.697870374771482727e-01,-3.909609492669071512e-02,2.901779236183118713e-02,-1.756363533656926657e-02,-6.032122594049422332e-02,-1.537010610165793489e-01,2.620735765680584986e-02,-1.897350237535274931e-01,-2.269353168837399959e-01,1.845177658038777216e-02,2.112204435065673236e-01,-1.815187968671161944e-01,-2.446902226008162984e-02,-3.801708388332619010e-02,-1.286972474799709110e-01,7.641081872512575646e-02,1.499907673730600521e-01,6.911982824993251340e-02,-9.488960901850297669e-02,-4.062450052274910184e-02,2.503521732635938801e-01,2.153891389085975105e-01,1.511346895515597866e-01,2.023056810966827601e-01,1.845088866136646855e-01,1.310251275810580263e-01,-2.709117668796299783e-01,5.097813767997005224e-02,2.714093116444609224e-02,1.089485318997070046e-01,-2.236581379113455545e-02,-1.864956765675941999e-02,2.524969895455756591e-02,1.739401784826449249e-01,2.389402449979577750e-02,5.632434699468250733e-02,-2.729981653985739110e-01,-2.589576909582241848e-02,-1.568663888066889889e-01,-3.064057511577843451e-01,-2.652504147532177767e-02,2.420815592682320216e-01,2.440995639017038213e-02,-2.302702357809827960e-01,-3.184111302236160030e-03,-3.180140022940117772e-01,-2.935532614830929088e-01,-4.838894204524971099e-01,-3.706063655898260145e-01,-2.374422394885404575e-01,-4.697012147002292415e-01,2.301067869621797532e-02,-1.168099633968019274e-01,-5.211220758906298656e-01,-2.294509479093324519e-02,2.314915746444429490e-01,-2.765552628969618065e-01,-4.073170075338788942e-01,2.172201608166272613e-01,4.953731535811766590e-02,-5.249203868024918673e-01,-1.567942982688924625e-01,-1.901171775557412846e-02,-1.225121855850130198e-01,-4.672867983271922765e-01,9.796020194441232287e-02,4.439344157050238993e-01,-1.627039105439206101e-01,-1.293522907819648626e-01,2.642395227499761412e-01,1.359632186467457371e-01,-4.179859537321118923e-01,1.350846539748187247e-01,5.161337787048991821e-01,-1.374554806350924419e-01,-3.114284988700306012e-01,3.820880366938959605e-01,3.681994140266177662e-01,-3.208456082630274930e-01,2.309901127672663382e-02,-2.607084447572900476e-01,2.720664205116765655e-01,-2.055027989503523944e-01,2.711416816891767390e-01,-2.752843270997384906e-01,4.725460139656229019e-01,2.074819958068129522e-01,-4.261276445679070268e-01,5.197634489856254453e-02,5.295909698538785459e-01,-9.357054016195652524e-02,-3.937579826363313273e-01,3.213295193624746138e-01,4.020197391874629766e-01,-3.199254745391602595e-01,-2.780750378611481222e-01,4.049322463541556449e-01,1.881632531396359442e-01,2.867600543971908222e-01,1.630003066585868077e-01,1.799949880852126372e-01,7.077939087306374388e-02,-2.481004814383182960e-02
-1.652684497914733153e-02,8.630253995780752529e-02,1.427680692923329053e-01,1.120250092373500060e-02,3.697440231280355594e-01,1.000000000000000000e+00,1.160274702587375806e-01,-4.605835374518829073e-01,5.358585213886142284e-01,3.920734522919151477e-01,-4.631659017549608626e-01,-9.042031274109692263e-03,5.928181518247795934e-01,-1.102057066308790960e-03,-2.990940372659022795e-01,-3.091045069360658874e-03,1.407124662460518261e-02,-2.151549673490834591e-01,-1.543649561428323824e-01,-7.325142444204867098e-03,-2.225410132253644591e-01,-4.907700677956692292e-01,-2.739855258733939758e-01,-9.857569585882382593e-03,-4.141390458180465584e-01,4.712729337559613645e-03,-1.882319786466541967e-01,-3.408393369778559556e-01,2.044149797443049754e-02,1.637790138207333157e-01,-5.861518341214583261e-02,-1.893479365115274815e-02,-6.417451815309320462e-02,1.179628635828455785e-01,1.332569264203602444e-01,1.692540716880482909e-01,1.585434438021922077e-01,1.952813533146577352e-01,4.095557088748952301e-02,7.980898292478329908e-03,1.490576844578252735e-01,-6.295192150491874840e-03,2.166977421363806000e-01,1.094420245358054301e-02,1.404445586239463570e-02,-3.916292396166221718e-04,3.178906798520132835e-03,-3.112060311898862033e-03,3.517256560940110743e-01,8.303972590241764928e-03,8.860219533983387796e-03,1.096455326400909702e-01,-3.393004037200147427e-01,1.678038075415291819e-01,2.504673348284969792e-01,-1.238415035558904781e-02,-4.253670721541514266e-01,-1.721489540547951336e-01,-5.091703127665554440e-01,-3.185255245217823439e-01,-2.684188746103440826e-01,-4.546022200148430725e-01,2.715517094063549589e-02,-2.213159203054049506e-01,-6.275713365470125989e-03,1.631326845262154324e-01,-3.943774722993588777e-01,-1.418526338999152314e-01,3.457515679669441733e-01,3.885380968851511949e-03,-4.051966832213986236e-01,1.226653959598269367e-01,2.908474426306735805e-01,-3.247594230736630116e-01,-2.588114740711643935e-01,1.377345830122318933e-02,1.143571926979903425e-01,-4.829781743063293331e-01,4.535777971869782432e-02,2.499121049067436484e-01,-3.017494852172455388e-01,-2.993865846971363043e-01,-1.312617396330040438e-02,-1.481079571285834617e-01,-3.375162701937737819e-01,2.614197484062270593e-01,2.913482612507160008e-01,-3.072518975209331815e-01,-1.277488234464555228e-01,4.168982620989782339e-01,9.225334709668855937e-02,-3.380174864563952886e-01,-4.501483761217814177e-03,1.516822736124488064e-02,-7.046568916192551095e-03,1.358247908177290415e-02,-6.191951245068851722e-03,5.387015504191411917e-03,3.478270783856768356e-01,2.836647196251260161e-01,-1.507200326059668360e-01,3.121800036775083942e-02,4.312432976977520482e-01,9.762658953570818587e-02,-1.720979544757072488e-01,2.076389826292927010e-01,3.827479541092121407e-01,-3.893649271955617469e-02,-5.698318061196650658e-02,2.623712940120396242e-01,2.450748225956425608e-01,2.047423424072561671e-01,2.756931374453920336e-01,1.603449697757156622e-01,2.561144736988218984e-02,3.220382952696970724e-02
1.188620358376323849e-01,1.884478592895713900e-01,4.367719495100603200e-01,-1.843167564394489200e-01,2.906595567185946138e-01,1.160274702587375806e-01,1.000000000000000000e+00,1.611248811257134095e-01,1.019896695015775762e-01,5.002328184847141257e-01,2.643454627091574305e-01,1.022426968766535077e-01,2.832184437679172717e-01,3.878631338674376483e-01,6.707036579017103262e-02,1.860227141955994590e-01,-1.789440107858851770e-01,1.676783369210491370e-01,-8.786007952269477006e-02,1.844863236679959162e-01,-2.047660988078474076e-01,-1.414482197695369481e-01,9.457459987201577434e-02,2.644375082747081884e-01,-1.494809983736783698e-01,-1.828006018638522745e-01,-8.918532252030116070e-02,-1.060202233341518974e-01,2.023737815977125210e-01,3.076034960100751392e-01,1.891747997794165637e-01,-4.105196968987838424e-02,1.369958548024726441e-01,1.660839594671127406e-01,6.448254744370338076e-02,1.928757919459597389e-02,6.403743530003551399e-02,1.872102818820746972e-01,2.006355872809109375e-01,-1.839100932814250744e-01,2.109009519904308516e-01,1.878911018990108983e-01,1.636978947883131197e-01,-1.843892677316323614e-01,-1.833154835034386254e-01,1.826628215282598000e-01,-9.761577992983924050e-04,1.812669427311143222e-01,-2.977254101447451146e-02,-1.892846955718254232e-01,-1.888315870461215185e-01,-3.133491231993667525e-01,-2.376881652083356611e-01,-3.158758979585374327e-01,2.553189506759269700e-01,1.885955442634369150e-01,-1.718959237336575019e-01,-5.913398342138649622e-02,-7.277482066544666006e-02,-2.909374442931041971e-01,-2.984506628283095098e-01,-2.589533977017317024e-01,-3.383712237390405497e-01,-5.000990326493106597e-01,1.793691846214411356e-01,-2.897537552306403974e-01,-4.290036180937319421e-01,1.171687976494490413e-01,8.426185988008361161e-02,-1.937933953874202420e-01,-2.386586580214163367e-01,2.610661036121521561e-01,-1.430069307138272794e-01,-5.018633638663542174e-01,2.804891524416592771e-02,-1.809082732682100458e-01,-2.905714274424180954e-01,-2.680295299220109007e-01,1.449898243904013395e-01,4.155984488276855959e-01,3.655039232435827734e-02,3.504513775815735338e-02,1.810317615179664330e-01,2.806409986093039155e-01,-3.646845448366706766e-01,-3.103146393726225957e-02,4.990660466159743125e-01,4.878695947998076821e-02,-3.661026806574077530e-01,1.905890849666538323e-01,4.728683284028433187e-01,-2.043964079529637101e-01,1.783852686573341451e-01,-1.768403187880438765e-01,1.885829474058068056e-01,-2.585710715884306232e-01,1.877271412970501485e-01,-1.917864028069891646e-01,4.191777613539337533e-01,3.220385191350048915e-02,-4.904718500500538370e-01,8.790045574545966856e-02,4.127081951331474374e-01,-2.460513961079697498e-01,-4.035960536270973842e-01,3.272625906108354021e-01,2.461768917873828622e-01,-4.422370862987995976e-01,-2.404597722374109126e-01,2.314668982995718716e-01,-7.546239926747201621e-02,9.011419892761469985e-02,8.642659910191022310e-02,7.671649874151610649e-02,1.152051303412661848e-01,-6.273733362510571995e-03
2.562275915912175586e-02,1.515957970066369176e-01,1.245497510384296486e-01,-2.938590834938463806e-02,9.330410220499667229e-02,-4.605835374518829073e-01,1.611248811257134095e-01,1.000000000000000000e+00,1.047243541921785842e-01,-4.949461133221795262e-01,4.358413335583462000e-01,5.239077766793943658e-01,-3.455392330330116502e-01,8.384602019841370935e-02,5.757755727414207714e-01,2.689430807372457377e-02,-2.478259612107256565e-02,1.705993731731790530e-01,3.379447178075497549e-01,2.943191380530855300e-02,3.092755475088262429e-01,3.984781856541739775e-01,2.600485494754632421e-01,1.340912912060557016e-01,4.551137411818176881e-01,-2.034877405341445344e-02,1.407959046393185421e-01,3.402808535097767151e-01,8.126918331099319825e-02,-8.998707935935792990e-02,5.665203033968800594e-03,-2.246072296104494048e-01,6.154320557519408347e-02,8.352744008981312362e-02,-1.235360183417472391e-01,-1.452161285356923237e-01,-1.578857946380034238e-01,-1.410608400678034779e-01,8.000726972127074690e-03,-1.656163452801688862e-01,-2.305604627075126256e-01,2.076514004062724600e-02,-2.540213998047726185e-01,-2.474366876386864880e-02,-2.401239060262736619e-02,1.932114906808577934e-02,9.645147721319650980e-02,2.234138549403971025e-02,-2.020345037252149756e-01,-1.666723175793827227e-01,-2.240520634699109601e-02,-2.250954060635927678e-01,1.904032101209758021e-01,-1.273253743465568022e-01,-7.163350873504104044e-02,2.669457787875104821e-02,2.470419827976199911e-01,3.902709791994849464e-01,2.860921619747957556e-01,2.318833731718278335e-01,-2.233896950353372879e-01,2.726307914908999708e-01,-1.244280478975940546e-01,-6.855852884428743910e-02,2.785000683788468878e-02,-3.152576388447894673e-01,6.565735441253850446e-02,-1.754251455730611586e-01,-4.673495666287202921e-01,-1.643300931227759942e-01,9.440237549898356645e-03,-3.329608920905694491e-01,-3.942434256346106780e-01,-7.281695712315234929e-03,-1.104606962470077169e-01,-3.202892225337339999e-02,-1.719247970334468467e-01,3.337625795473123103e-02,-2.864364843726915355e-01,-1.058829411704648032e-01,1.339221425639276764e-01,4.889821805785916631e-01,1.646469586383249029e-01,3.962440944587048430e-01,2.707812845350239805e-01,2.117767875872015801e-02,1.544424611796205715e-01,4.626601998191639531e-01,1.333343468660644626e-01,-8.115144316328647134e-02,3.273429056308915786e-01,4.113273701261853099e-01,2.225756677469375652e-02,-1.641604924145158018e-01,1.667414900590881988e-01,-1.382865101689104981e-01,1.576659656143767629e-01,-1.733885057849921529e-01,-1.819588780194691946e-01,1.212309634248433382e-01,-3.241514979063805368e-01,-4.111216197249315529e-01,-2.298341181944078132e-02,8.124275579332795524e-03,-4.314157579819327126e-01,-2.846061334860403580e-01,7.966834839131954615e-02,-1.550610417395124341e-01,-5.875905103250451678e-01,-2.044170414935569113e-01,-2.979167125813109718e-01,3.395393058223666188e-02,-2.133980881227972304e-01,-6.173480496076597102e-02,1.770333607552371583e-02,-9.743022783509848461e-02
-7.623814957741942289e-02,5.483591513875246681e-02,2.669406999730257746e-01,-1.376882717886545593e-01,5.001815718715577619e-01,5.358585213886142284e-01,1.019896695015775762e-01,1.047243541921785842e-01,1.000000000000000000e+00,5.813017681133633707e-02,-3.596807732546614678e-01,5.222173480451427485e-01,5.776922263857281470e-01,-9.397703883915614620e-02,4.544636425431363563e-02,1.477830525308655996e-01,-1.300905324083779513e-01,-1.317207550317804066e-01,9.950822927985583655e-02,1.424843215381206563e-01,-2.005630521025037957e-02,-2.560444820830202195e-01,-2.181013729117201039e-01,1.917951743391637376e-01,-1.332967266131606932e-01,-1.387530045705439030e-01,-9.428346076615408411e-02,-2.108063869814267854e-01,-9.333217118453638814e-03,6.029557928483648271e-02,-1.699383065159510153e-01,-1.932542900237316508e-01,-1.638048331891884535e-01,1.093712751511139031e-01,1.047820888982309157e-01,1.096142963522230424e-01,1.411309725129382686e-01,4.036938307149685878e-02,-7.542246632584995170e-02,-1.310816872852519077e-01,-5.893616881300970528e-02,1.369280900412986335e-01,1.179574751876202518e-02,-1.347493867900783071e-01,-1.288040705451746482e-01,1.443050232508433506e-01,-3.152003242661878448e-03,1.434922725402601185e-01,3.532795458520379128e-01,-1.280192657529847233e-01,-1.328166577271755189e-01,1.103848290752117989e-01,-1.620671709085558521e-01,2.604730804380289699e-01,2.890879981652915154e-01,1.339708852352716473e-01,-2.982697830912596215e-01,1.717998675002690989e-01,-4.639298986639012745e-01,-1.721895205925267069e-01,-5.129079884227281116e-01,-3.444459442467738275e-01,8.654832928035063877e-02,-2.790056044526535439e-01,1.446861030650929691e-01,1.211696198364388272e-01,-5.388736049325403288e-01,-4.578833063551130400e-01,2.007823590798948343e-01,-1.319032329183898178e-01,-6.683996421170417257e-01,-1.460687772931755779e-01,2.325524557595212705e-01,-4.411290251863804190e-01,-5.766363585863264474e-01,-1.359864978922256107e-01,1.634748004045820380e-01,-6.887142232653796770e-01,-2.824844237791982460e-01,2.494041748090154997e-01,-4.905841260731862996e-01,-1.312689403433751623e-01,1.196947283417121727e-01,-1.520916538602671252e-02,-2.556425357498548490e-01,5.264243052210415552e-01,5.016555076668578472e-01,-1.745841319750531806e-01,1.760919943331318294e-02,6.292973397024397286e-01,2.918524264864528761e-01,-1.849895927903104920e-01,1.432717716527703578e-01,-1.187397108730012807e-01,1.305571422511262458e-01,-1.898575335297757738e-01,1.243624110061373883e-01,-1.385373420844598913e-01,3.316751389659203797e-01,6.176764431225715279e-01,-3.935755120672238538e-01,-3.419893242849570414e-01,6.294775919353883253e-01,2.859289424583070227e-01,-5.708350486249388345e-01,1.636151770377057557e-02,7.035621631441986157e-01,-7.416432840750826483e-02,-5.887469863091723266e-01,2.388875634627297129e-01,2.441326239132324827e-01,4.158148684194057365e-01,3.009014785600894193e-01,2.490525641845018900e-01,1.127901774054326373e-01,3.384141622618160733e-02
7.320247813650677948e-02,3.170718970375169948e-02,2.958263733545131169e-01,-7.328413559631268004e-02,2.509866935817602895e-01,3.920734522919151477e-01,5.002328184847141257e-01,-4.949461133221795262e-01,5.813017681133633707e-02,1.000000000000000000e+00,7.657903229626927821e-02,-3.476221276791247039e-01,5.586707624845750342e-01,4.157379460532517612e-01,-3.385260735925268993e-01,7.847900414056770135e-02,-7.269392986556955094e-02,6.534613077531328806e-02,-2.906680280558189833e-01,7.663590863901417749e-02,-3.481838276027505175e-01,-3.591832926365580159e-01,3.886663809965137939e-02,1.437463086944897606e-01,-4.267005177908252955e-01,-7.819103340293442894e-02,-1.227117133731874254e-01,-3.152390214868052154e-01,2.592994520416608273e-01,3.535378449456261785e-01,1.598874088168726892e-01,1.403621164872639326e-01,7.215869362278733157e-02,1.939922898441738541e-01,2.192644482622877478e-01,1.516603279606127119e-01,2.286556230964224001e-01,2.695259081724311612e-01,2.001161509806964056e-01,-1.195161318805661038e-01,3.019733495689969627e-01,8.486522417385305994e-02,2.867440253030344444e-01,-7.765030324246117999e-02,-7.762256687285018497e-02,8.041234628814614149e-02,2.905281251250344671e-02,7.774542087054278627e-02,4.558422912071622563e-02,-1.232732772438270841e-01,-8.479869441067755531e-02,-1.323527242103019474e-01,-3.390399751045388710e-01,-1.902863339961349542e-01,3.164563940060710623e-01,8.124840736752281245e-02,-3.544013276068312956e-01,-4.255897687035720689e-01,-2.752906360749419745e-01,-5.795051273286502269e-01,-2.196647483388661226e-01,-5.360291636828748985e-01,-3.628312656113989454e-01,-5.355812228628956673e-01,7.160376275838982452e-02,-2.000238003859594604e-01,-4.581860275192236598e-01,3.249873564278768501e-01,3.245569084785639435e-01,-1.312515248132538614e-01,-1.683584639495927793e-01,5.242340540564912610e-01,4.040530126133762799e-03,-5.230922351069524634e-01,1.965705769950094328e-01,-7.158010740850988263e-02,-2.939712217918277193e-01,-2.545882488217264816e-01,4.122132796725101467e-01,5.011619997788141490e-01,7.072911677695024879e-02,-2.072812016368813792e-01,1.188067663425251830e-01,1.355869843082447845e-01,-5.356334251123456847e-01,-1.601312262626809202e-01,4.309942713913380574e-01,-1.548758548361114373e-01,-5.257268371630260395e-01,1.566112775611988028e-01,3.392156947220710816e-01,-4.357020102301991105e-01,7.384089289337188167e-02,-1.128792487403986050e-01,1.233348414299038631e-01,-1.351137838892546572e-01,1.294854860892605819e-01,-1.206995757935506175e-01,5.383055876805867834e-01,-1.374758952215712482e-01,-3.415494586580845593e-01,3.910045800432305207e-01,4.024418125701677007e-01,-3.648295664215011058e-01,-1.488484862599263603e-01,5.561839958234159331e-01,1.203271797530513082e-01,-4.377506915015203504e-01,1.635403557342019754e-01,3.589094351350952672e-01,1.160022947757512052e-01,-2.617882138344997459e-02,1.813141836417843655e-01,5.359689968323373688e-02,7.923468992859063198e-02,6.046274057161216825e-02
1.406449290272281105e-01,1.380205414935139208e-01,2.201774933014561675e-01,-4.976874472118945208e-02,-6.712582489307100664e-02,-4.631659017549608626e-01,2.643454627091574305e-01,4.358413335583462000e-01,-3.596807732546614678e-01,7.657903229626927821e-02,1.000000000000000000e+00,5.793053292808362370e-02,-4.574097120858946486e-01,4.118183765907338922e-01,4.124501186509030859e-01,4.598708973412806572e-02,-5.172399540249093819e-02,4.287598251949443773e-01,2.219704252210782935e-01,5.198739703754519381e-02,2.413628779943480795e-01,3.761720223934120755e-01,4.823594750631171602e-01,1.538494749655978100e-01,2.738031709299861838e-01,-4.195007915922160935e-02,1.745027893160081278e-01,1.453483624307073119e-01,3.375528060600131441e-01,8.942597943488783674e-02,5.868609067055936823e-02,1.135375540255747877e-02,1.423452521699689055e-01,7.247647879434680751e-02,-3.844211581751758727e-02,-1.372605770589839236e-01,-1.075814948458939935e-01,-8.412865935337085488e-02,3.203977274275084108e-02,-1.651536471301329745e-01,1.327074107556393268e-02,4.870273844649657125e-02,-1.386840905723598083e-01,-5.278474782004508037e-02,-5.419657024261869543e-02,4.367947806879757255e-02,7.754774072038646271e-02,4.632976901667273245e-02,-3.280671057208312535e-01,-1.680672473373713283e-01,-5.181379522084338801e-02,-2.185007569827841223e-01,1.628313874089754310e-01,-2.977139224714812626e-01,-7.409895825696098844e-03,5.451591077676813668e-02,2.044558585229440950e-01,7.077014603297253348e-02,3.706060799510997317e-01,-6.569298896289689493e-02,-8.565557567732082211e-02,9.437623618512888668e-02,-3.111283731144434128e-01,-2.112495348091378011e-01,4.733805997483143263e-02,-4.560896610713218724e-01,5.324206603453363051e-02,1.923408967787946233e-01,-3.701832866924415488e-01,-1.690711072507849189e-01,2.094071087219573635e-01,8.980196482569424710e-03,-4.735362805235547312e-01,-8.628048923015056715e-02,2.464579165233694025e-01,-5.558392703209927982e-02,-4.244717915932454400e-01,2.206184370584380328e-01,3.841321470048282560e-02,4.458749429982696022e-02,3.861286357568762262e-01,4.272588375783674119e-01,1.688431283408410588e-01,4.581344185776985434e-01,1.164280594971128929e-01,-2.818093952296436000e-01,1.462679640901743960e-01,4.517148508916786209e-01,-1.333701855641858391e-01,-2.682185504330681369e-01,3.564806842766179984e-01,2.645495711708685249e-01,4.383038571342728895e-02,-1.660404447994577315e-01,1.679346100474695680e-01,-1.536753283834949302e-01,1.655258882981862079e-01,-1.689914045100965601e-01,-6.088550209623345977e-02,-2.186310364298526820e-01,-3.102057180316721841e-01,-6.317294841414203277e-02,-9.347327547275091630e-02,-2.988580697196994707e-01,-2.567140903388140938e-01,-2.747602732572812772e-03,-1.595244769688247688e-01,-3.560141418879091413e-01,-1.884460624606789925e-01,-1.078000896652361179e-01,-3.752032701651732416e-01,-2.474459963839245602e-01,-2.662971938512458947e-01,-2.204445043791856684e-01,-9.412925793936193636e-03,-4.821964390300828573e-02
-3.838550750693656838e-02,1.494933490932048858e-01,1.581407351911905679e-01,-2.894583157039971599e-01,1.626094625713510045e-01,-9.042031274109692263e-03,1.022426968766535077e-01,5.239077766793943658e-01,5.222173480451427485e-01,-3.476221276791247039e-01,5.793053292808362370e-02,1.000000000000000000e+00,9.607159069643456117e-02,-2.045680909095623778e-01,4.486322792984387409e-01,2.930977492894660807e-01,-2.854228949322785702e-01,-1.452320104770184542e-02,4.239027289822815403e-01,2.903986197439465400e-01,1.773990284066392642e-01,5.301707686296534827e-02,-2.255216542900868593e-01,2.422487059011035060e-01,1.493136028217008915e-01,-2.865223431452749159e-01,-1.018692987490558699e-01,-6.720300149806357481e-02,-1.819887093035915393e-01,2.654743668060970032e-03,-1.624717383111305424e-01,-2.836409234829845860e-01,-6.291858464719865540e-02,1.083680461823170738e-01,-9.859475128020118995e-02,-9.147960803072401059e-02,-1.480451768165409465e-01,-1.208106988744584998e-01,-1.766700435168579164e-01,-5.816358593785350001e-02,-1.662071311794389439e-01,2.811257066930691328e-01,-1.079317819099234466e-01,-2.829677922103153165e-01,-2.814927746533467112e-01,2.876611038165210466e-01,-1.586617703823177683e-01,2.901798944918128065e-01,9.919383493056053991e-02,-5.520138498863613047e-02,-2.773662819425829484e-01,7.769377621208249651e-02,2.123131454160037679e-01,1.124660877883467414e-01,4.117595971927228565e-02,2.839187262611992946e-01,1.364060656340968236e-01,4.266400074043601998e-01,8.886301740765444740e-03,1.312857107674957058e-01,-3.197702761335836086e-01,8.379963455923984672e-02,1.098267637704286037e-01,-1.552378620866839420e-01,2.904478814854482560e-01,2.986662409355054365e-02,-3.484485466692835431e-01,-3.967133953321713702e-01,1.262905148155228294e-02,-5.837928105755842145e-02,-4.790187993225573648e-01,-2.182056700423296025e-01,7.053599790865086594e-02,-2.878860493158307832e-01,-4.530013207174505840e-01,-2.864808025353430265e-01,1.249752719235423803e-01,-3.709676756371063089e-01,-3.875428803913770759e-01,1.156050847320720804e-01,-3.396599709720449778e-01,4.199313063672759083e-02,5.040235074726068243e-02,6.090155341668360839e-02,-7.710169525654629596e-02,4.120549165544983850e-01,3.553800420677024618e-01,-1.069104487883641187e-02,9.583670446202377513e-02,4.260704103712455448e-01,2.494305266532573784e-01,1.865802710829260209e-03,2.881104479831215204e-01,-5.058025364951698744e-02,5.846010607953867899e-02,-2.444099704591287670e-01,5.134318228028119518e-02,-6.615311387245959018e-02,1.518297688000798118e-01,4.851978210603130615e-01,-3.257162307414750990e-01,-3.714462184129582178e-01,4.017259582678905372e-01,2.469635183867255057e-01,-4.897067820973754482e-01,-1.055921724437286907e-01,5.139640109202029405e-01,-5.372644222242534129e-02,-6.189158927676907673e-01,6.075075002974979210e-02,9.652663394600949354e-02,3.016234415323557072e-01,8.203015231949978281e-02,9.291829311715189832e-02,7.373048926108329015e-02,-4.793145433231481983e-02
-3.144636573379512579e-02,2.694023201541348098e-02,2.487308316369188643e-01,-8.246192498640442237e-02,4.197652555880549974e-01,5.928181518247795934e-01,2.832184437679172717e-01,-3.455392330330116502e-01,5.776922263857281470e-01,5.586707624845750342e-01,-4.574097120858946486e-01,9.607159069643456117e-02,1.000000000000000000e+00,1.048826871642815350e-01,-2.533271720988541365e-01,9.398532335854913045e-02,-7.741823351346102666e-02,-2.317803830453086245e-01,-2.441400071777700409e-01,8.429801949575997655e-02,-4.501140101465916921e-01,-5.094004611628980550e-01,-2.810912582845636054e-01,1.321358190095062723e-01,-4.401077452276431767e-01,-8.938582892849974981e-02,-2.329125830533810282e-01,-3.517285395004967619e-01,3.665617167626240847e-02,2.848941544167243323e-01,2.745740675685636942e-02,3.098836552857376497e-02,2.175957130085203264e-02,1.349624724457451908e-01,1.201128122889585093e-01,1.864463344884474405e-01,1.953031009714022714e-01,2.652817150658647316e-01,1.151415952242811624e-01,-9.789200806630755924e-02,1.296859517706870080e-01,8.891877016265888056e-02,2.201318898791090051e-01,-8.180926202132640657e-02,-7.896555632725715812e-02,9.153555469954045842e-02,1.265749529279915596e-02,8.925490701287132345e-02,3.123404641939293569e-01,-9.890779559993885528e-02,-8.565610963603288719e-02,-9.917202931394163146e-03,-3.151571826527397313e-01,6.303094818963336787e-02,3.240940334702001602e-01,8.355877560772255463e-02,-4.312790607701360024e-01,-2.572557589258864241e-01,-5.058912288133966539e-01,-4.661600461828685482e-01,-3.618502298613305856e-01,-5.444960512564079869e-01,-1.265120698193327453e-01,-4.528694126792163210e-01,8.388880479794326439e-02,4.410308463659857320e-02,-6.044816666044567910e-01,-5.640103870696350913e-02,4.266595404866486141e-01,-1.066499382005128144e-01,-5.143035373790308951e-01,2.887706124137122132e-01,2.455493511085559133e-01,-5.649230665675387675e-01,-2.223637995369691367e-01,-7.706872563096124618e-02,-1.617577355525771227e-02,-5.833736755402259000e-01,1.349515067980894822e-01,4.713264180966966754e-01,-3.003425543861292235e-01,-3.118915430139846401e-01,9.194885433935885699e-02,-4.262478474408650658e-02,-5.412223834050933213e-01,2.361800333632454174e-01,5.130600673009942936e-01,-3.321136856486932576e-01,-3.211667438168194777e-01,5.085477865947436449e-01,2.822313487918036157e-01,-4.768166143402069457e-01,8.608480647285272902e-02,-8.794738263603053829e-02,1.007076208303595011e-01,-1.259024271228816882e-01,1.025466868820955196e-01,-1.025266908063419691e-01,5.658952550865169462e-01,2.742711937088857521e-01,-3.544438665877087113e-01,1.252562201507849415e-01,6.270681100329956736e-01,-3.127348853016628100e-02,-3.159386723654256657e-01,4.023208850702479911e-01,4.814358512156227676e-01,-2.434018570301063333e-01,-1.361467627272968661e-01,4.042932161607513120e-01,3.276110105355306557e-01,2.827217536450989388e-01,3.549533502746424207e-01,2.523451525873447454e-01,9.803782539231721549e-02,7.634364226708267864e-02
