1.000000000000000000e+00,4.530950016934645608e-01,2.962217655597517707e-01,8.877776817806859455e-02,1.208440931480932179e-01,6.147203100245062640e-02,-3.942975539400999166e-03,1.802620417475126954e-02,-1.857271817017456476e-03,-2.077197130356170721e-02,-6.647116596633264284e-03,-4.525226496535680182e-02,-7.932227465966551830e-03,9.345927986078588975e-03,2.741855972590268378e-03,1.514676888575784176e-02,8.363914687168506196e-03,-1.295745246019754625e-02,-2.144205444593183171e-02,-1.109614373686954730e-02,2.391023780512782984e-02,4.213332886805027516e-02,6.822336328076899874e-03,-1.932052036625103719e-02,1.526953273788598207e-02,3.522129203496194433e-02,-1.549546531499839709e-02,-4.684256602908268979e-02,-2.623439851815922985e-02,-5.026163561898321780e-02,-3.081663733526122939e-02,-2.828498931092850860e-02,-3.202624198122386301e-02,-1.764677555565096964e-02,-2.768382645542534493e-02,-2.167644962283732032e-02,-5.989814216476424882e-03,-3.340265996413174093e-02,1.402042156251992813e-02,8.809596618613940722e-03,-1.130451620553498977e-03,7.626570264580282213e-03,2.253524537410058967e-02,-1.717487252935703433e-04,1.780716540014982280e-02,2.119629527806628916e-02,-1.725684442947720415e-02,-7.442398308538258987e-04,1.351228688704639823e-02,-5.857903913966716787e-03,6.310251110111957107e-03,-5.717731285983946796e-03,1.101006041325688564e-02,2.891556759763197482e-02,1.959645497757082563e-02,-2.115844968855853242e-02,5.726681685794165338e-03,-7.594177831381635976e-03,4.086654942282910881e-03,1.727914279797780270e-02,2.018422012838364671e-03,2.757774654078002860e-03,1.350248341614496096e-03,2.528859150619839832e-02,1.993579199597740256e-02,7.633356751066246518e-04,-1.256113013108460519e-02,1.481711217584806323e-04,1.100653305827142651e-02,-7.055351169818699537e-03,-3.251303059151228712e-03
4.530950016934645608e-01,1.000000000000000000e+00,2.592413712195241193e-01,1.321237618330150521e-01,1.457644433857182842e-01,5.917610586677306966e-02,2.695655826024083088e-02,3.207941852925431242e-02,2.160931746250940866e-02,-2.386143941643604355e-02,2.064749150743120168e-02,-1.447680788206005299e-02,4.797272195682013123e-03,1.425595952598922127e-02,1.525404180117497822e-02,1.725336140707805360e-02,1.300139440328129670e-02,-3.444143266686923183e-03,7.644175776610228831e-03,-9.667295341731876532e-03,2.657265663489607674e-02,4.996253816100176132e-02,1.788246591645907546e-02,-5.011027547851874125e-02,-9.650335624635016790e-03,3.013867889298226313e-02,-4.333812683130534166e-02,-5.215142403506669438e-02,-3.826033482146041359e-02,-6.297403313922260437e-02,-4.342279309774824819e-02,-5.614502668389981938e-02,-2.691566013144984157e-02,-1.000202367061925855e-02,-2.907963437938160256e-02,-2.734083468288567992e-02,-1.371609872880533848e-02,-3.693642790943873350e-02,1.644657800036832332e-02,2.157153696832673703e-02,-7.883055137534423010e-03,-3.508143813705264218e-03,2.531311329320547893e-02,1.078145976980450851e-02,2.716460998380494304e-02,1.561153794999075271e-02,2.000609227779512247e-03,3.257557743096422403e-02,2.450925040402618382e-02,-6.485075562159425648e-03,2.493479409992415893e-02,8.176431882793799497e-03,2.487694327698338620e-02,2.671757025593316653e-02,2.094703313508056858e-02,-9.379961382822361513e-03,2.121646067833096033e-02,-1.016356434884544725e-02,4.983630336664744004e-03,2.303478179221018704e-02,-5.130154775258086511e-03,-1.704074140469679505e-02,-3.966751867185245618e-03,3.202510435953623280e-02,2.249782394876377253e-02,-1.591108989738923910e-02,-2.593143311978764881e-02,-4.604714166772511802e-03,-7.209844310378169321e-03,-2.997315885914038705e-02,-2.834514201915316195e-02
2.962217655597517707e-01,2.592413712195241193e-01,1.000000000000000000e+00,3.193920615018221998e-01,1.720176882289305986e-01,1.597510967074317056e-01,6.877009593161659273e-02,1.045640153428675084e-01,6.728013393780098161e-02,-4.780204982640517269e-02,3.151506168710437733e-02,-3.016342471493569863e-03,2.124879246146075401e-02,8.342161038081327695e-02,5.232627677438108499e-02,4.986823887102302677e-02,7.708918457995125872e-02,7.526243291422221593e-02,3.090497722733249325e-02,4.828426831142740988e-02,6.038695863997545904e-02,7.222983228664010130e-03,5.549717003233763102e-02,-3.013368542288948418e-02,-5.294312514586229507e-02,-2.110896594939300208e-02,-5.351865216754250060e-02,-3.691447497323385035e-02,5.388131104956750753e-03,-5.734695190771414708e-02,-2.347499331354714960e-02,-2.633664414069790752e-02,-4.821417974760305869e-02,-2.174344959664034974e-02,-2.554458546663349733e-02,-2.620516976446162286e-02,-3.650587364102533816e-02,-2.429464222012964192e-02,8.014267845404389121e-03,-1.769102243901391272e-02,4.748542850746781743e-03,-6.433846162271047303e-03,1.159893621529567605e-02,2.339737818277963163e-02,1.283370898315196185e-02,-2.787413956963798178e-02,-2.316015697139929899e-02,1.956779355831992501e-02,5.396423320079636425e-03,-1.229241788637294545e-02,2.005647157628165714e-02,2.566027666461917836e-02,2.967316600756385314e-02,3.180719805062992567e-02,1.569148128952210439e-02,-6.462599968521939159e-03,1.439998092597957573e-02,9.674237193076937278e-04,5.562001617041262280e-02,-2.315696512394320016e-03,-3.417172945473251778e-03,1.808753506263589134e-02,1.425016082343266190e-02,3.170750218859866992e-02,2.825226814449144017e-02,1.200548205794685699e-02,-1.414735038108649520e-02,-3.428665160638644238e-02,-4.306544595335848324e-02,-2.295580185635967552e-02,-1.200617418381453444e-02
8.877776817806859455e-02,1.321237618330150521e-01,3.193920615018221998e-01,1.000000000000000000e+00,2.754626958356092836e-01,1.862286257919672228e-01,1.317175618834844353e-01,1.185876442400672914e-01,8.433475612070759353e-02,-5.737749427731786422e-02,5.815583124657960901e-02,4.633636889094105288e-02,8.352500102200254017e-02,9.314183965381571395e-02,9.858774218691412905e-02,6.681366806585567475e-02,9.192265716837412504e-02,5.527455928297488746e-02,3.198209989789902591e-02,1.255697356352768364e-02,4.327319992415740862e-02,3.060230598188106582e-02,3.555650250256896239e-02,-5.027008667262303221e-02,-4.567077185977161391e-02,-2.320648037466132435e-03,-4.990874022884044664e-02,-4.110937966336409427e-02,-4.104716015282591085e-02,-8.021472638321267001e-02,-1.970512335735800577e-02,-5.322557317108662228e-02,-2.920967803625358281e-02,-3.066528160224228985e-02,-1.853434245177966108e-02,1.482118179421251965e-02,-1.102422350791889064e-02,-1.078812811853623044e-02,1.278058533413196050e-02,-2.392822444247482208e-02,-3.321768149074316809e-03,1.295578653504236323e-02,2.219254569711746200e-02,2.696635770842593493e-03,2.366931942519528292e-02,5.620031028195203275e-03,-2.214187525371793391e-02,9.354718233666793961e-03,2.324680028087555347e-02,-1.548501397131937275e-02,-8.272622052677187574e-03,1.032551221594356534e-02,6.402310312975206807e-02,-9.407036585618448504e-05,-3.444239178481310875e-03,2.152380762559998398e-02,1.412025349526078478e-02,4.482678569674606456e-02,4.684332527339896135e-02,9.544766863442209759e-03,-3.275466961503585399e-03,2.395096328345839871e-03,2.121739612898749031e-02,4.129359614841249249e-02,3.792876189451239999e-02,-1.233535277085462921e-02,-2.917738722720044503e-02,-2.631062113810007583e-02,-3.891375650789837687e-02,-1.186093442674307150e-02,-3.780890432520574163e-02
1.208440931480932179e-01,1.457644433857182842e-01,1.720176882289305986e-01,2.754626958356092836e-01,1.000000000000000000e+00,3.194103500729723044e-01,2.556102082483746596e-01,1.625715495369755570e-01,1.451591679411757818e-01,-6.087651508609846079e-02,1.003098746049100320e-01,4.477782452458358570e-03,7.295415128036236707e-02,1.082830396324057642e-01,9.876620426953698628e-02,8.841138305345355719e-02,9.589367065919462974e-02,6.410920597367518459e-02,2.036290688935273735e-02,1.779986342324709966e-02,6.992505095086956612e-02,8.173649715128422644e-02,4.822047583038025637e-02,-5.228579734715796401e-02,-1.085963826713686776e-02,2.584397924355437068e-02,-6.650255114914085941e-02,-6.194407404530381800e-02,-4.330650345675245844e-02,-8.530496864488762432e-02,-4.394896852477016974e-02,-4.561616631324928728e-02,-3.915639465222097576e-02,1.311694694848462676e-02,-5.464446120984753873e-03,-1.257330347239262250e-02,-3.641208469230559214e-02,1.641030846697312875e-02,8.350076521547605563e-04,-3.807579362099570291e-02,-3.061191492412910359e-03,9.030423363561175185e-03,3.940866533214800599e-02,3.568481357037961432e-02,2.073826171730736023e-02,2.195622461994643781e-02,1.430978818442637732e-02,1.576571739597437682e-02,-6.275433454812733014e-03,-1.228240164901801476e-02,1.376573229767909419e-02,-7.623476367794300781e-03,2.681526445677061277e-02,2.120872278242708769e-02,4.824873731473084543e-02,-6.400062813265256986e-03,-1.961245177052370683e-02,-1.108489181348217169e-04,4.106691092853719492e-03,-2.182386193473476177e-02,-2.439415239306882976e-02,-2.685194127314795634e-02,1.512242614467242813e-02,7.668330601297121407e-02,3.872814096182891630e-02,-6.430880174990391551e-02,-7.517923007617653697e-02,-4.727261890225261526e-02,-2.180764616799655067e-02,7.026920149871909022e-03,-6.606582468925674412e-02
6.147203100245062640e-02,5.917610586677306966e-02,1.597510967074317056e-01,1.862286257919672228e-01,3.194103500729723044e-01,1.000000000000000000e+00,3.670104057484941951e-01,3.067960308907181632e-01,2.602149127448737942e-01,-1.022608910971568169e-01,1.984292449159101579e-01,1.484032379643450972e-01,1.875619290461675304e-01,1.937395483097566762e-01,1.966047922014360627e-01,1.680601334592605467e-01,1.668428115559512370e-01,5.665279199569242530e-02,4.129433793126464913e-02,-1.312478029713452440e-02,3.702657674747445588e-02,1.257871411425504349e-01,2.834072937876428236e-02,-1.087256336859354494e-01,2.252315850955829632e-03,7.847449941542825047e-02,-9.008029171877560137e-02,-9.816840116868733035e-02,-1.145971536041116984e-01,-1.458067931482694701e-01,-6.378513998784836325e-02,-1.200591561159526505e-01,-7.703227504108266233e-02,1.207181330591274374e-02,-6.578450565180417320e-02,-3.842320012843274818e-02,9.330118965656353583e-03,3.096617422076724038e-02,5.515813558903932823e-02,-1.811373812353286178e-02,8.829254478517525873e-03,2.819028019484532549e-02,8.936505540669517633e-02,4.593325662666235959e-02,1.610060089143820067e-02,7.452156751184747796e-02,9.709357959322363618e-02,-2.225097560856419132e-03,-1.793346897475315768e-02,5.885290748046577425e-02,7.753902087008571198e-02,1.645632891748443835e-02,5.487684240519404011e-02,-1.836941383748816282e-03,1.298881070765443846e-02,2.677031567556053399e-02,1.458769466249907991e-02,4.657252243017453129e-03,3.164869714758824365e-02,-3.174892732969746695e-02,-6.259659307097827086e-02,-4.529513543289785671e-02,-4.976934022790941575e-02,6.615394096846788363e-02,2.074504582369996603e-02,-1.154276951998582101e-01,-5.975607745678561400e-02,-1.820999211886761837e-02,-6.654736464055478751e-02,3.105538589206028460e-02,-5.106730724244509106e-02
-3.942975539400999166e-03,2.695655826024083088e-02,6.877009593161659273e-02,1.317175618834844353e-01,2.556102082483746596e-01,3.670104057484941951e-01,1.000000000000000000e+00,2.092446711256931713e-01,4.599308657190095961e-02,-7.740602196677104363e-02,1.857637770647463660e-01,2.172088785176174569e-02,1.196984915261696397e-01,1.599366580581967345e-01,6.087673375481657267e-02,7.542890259547282983e-02,1.441917240654330967e-01,1.021632471400936715e-01,2.609228262028918249e-02,7.517768882076786285e-02,1.498426953898102931e-01,1.312267735549026149e-01,1.465317739604160285e-01,-8.252996380610294613e-02,-7.806726463427506035e-02,4.237955982041399436e-03,-1.241673542730445529e-01,-1.270476915218618219e-01,-5.623123673583670101e-02,-1.560302732340540233e-01,-8.953075133338134206e-02,-1.018541678889307023e-01,-9.894003684214383587e-02,-3.474120677216864517e-02,-9.743790375469060794e-02,-5.537242399290954326e-02,-3.293630361696030240e-02,-3.606436867665609863e-02,-1.854202144546279393e-02,-7.543875599630997519e-02,-3.864869098726620572e-02,4.629964520955381566e-03,1.805392382498452117e-02,-9.651883936616161355e-03,1.496382343258279360e-02,2.276533152003676341e-02,1.357413839993391012e-02,3.057989028966074004e-03,-2.158191776414282101e-02,-1.642291260975748887e-02,5.542217093397054650e-02,-3.563557938509100912e-03,3.285583607625450209e-02,7.374746122745649314e-04,3.120364256326962557e-02,1.724166756599739003e-02,-2.330980094585945531e-02,5.904607282801021401e-03,2.914474829510858497e-02,-4.884902983563883805e-02,-4.723053175882031655e-03,3.782392743430658399e-02,6.581914963448889933e-02,1.420770049246216638e-01,1.296944136010209636e-01,-2.828830886828051158e-02,-1.060341151287072792e-01,-6.089048875825519430e-02,-8.577784302349530585e-03,1.262402229634345535e-02,-3.692013444468325578e-02
1.802620417475126954e-02,3.207941852925431242e-02,1.045640153428675084e-01,1.185876442400672914e-01,1.625715495369755570e-01,3.067960308907181632e-01,2.092446711256931713e-01,1.000000000000000000e+00,4.163414992483628896e-01,-3.421645282331058358e-01,2.395607622186554930e-01,2.921050325565544004e-01,2.452041048142561130e-01,1.849815238391356864e-01,2.292215478008124419e-01,1.672013118739419935e-01,1.876290694352743815e-01,2.902678621725515370e-02,8.520943993764992785e-02,-4.666624108905681467e-02,-3.920201880210646972e-02,9.470367937002689696e-02,-2.606895835207141340e-02,-1.386766044893457950e-01,-2.696282619393347742e-03,1.017150919328530106e-01,-7.596171855471652024e-02,-7.782375788375350822e-02,-1.475815064579331926e-01,-1.471222409068211889e-01,-5.084036534525442769e-02,-1.487224764215138439e-01,-2.357684706577139327e-02,5.156877522261671398e-02,-4.472440848359690579e-02,-4.206962857368132247e-02,6.324371244525024693e-02,4.230256062751950458e-02,7.983138875926028277e-02,8.368215996952706182e-03,4.476964693078210739e-02,5.971463465715619312e-02,4.563909259177601624e-02,1.026718094944817361e-01,8.332523639014549621e-02,5.305013123538502434e-02,7.360472115858311681e-02,3.131319117336735236e-02,-1.625440842500490771e-02,4.843542600941905252e-02,8.074642893299922852e-02,2.454061509895309398e-02,5.086203125145234011e-02,1.869585413517963618e-02,1.586511682157827619e-02,5.441866823614004145e-02,3.214790369390384261e-02,3.563739827548173533e-02,1.897268255666613446e-02,-1.125815629453201516e-02,-9.103023509241867095e-02,-8.729113089499285216e-02,-1.257379650202348487e-01,1.717615561500011184e-02,-8.492404094211766785e-02,-2.047693805285544788e-01,-6.646587768107005759e-03,-3.303670257134454918e-02,-1.113945719295707237e-01,6.496709034936185012e-02,-2.882783829719550925e-02
-1.857271817017456476e-03,2.160931746250940866e-02,6.728013393780098161e-02,8.433475612070759353e-02,1.451591679411757818e-01,2.602149127448737942e-01,4.599308657190095961e-02,4.163414992483628896e-01,1.000000000000000000e+00,1.117146347918749477e-01,4.830256506408122097e-01,3.135474594143388694e-01,1.953812736915442327e-01,2.083802707067094473e-01,2.665103454103013858e-01,6.234000347176573906e-03,2.725692849607003754e-01,1.648695350274460569e-01,1.874847454373935463e-01,6.479175285903168713e-02,-4.570309696869301677e-03,-5.816092978697392363e-02,1.357477741761909870e-02,-9.776994792413642998e-02,-1.174474400588210038e-01,-7.498833179603023313e-02,-9.697179889772084005e-02,5.508638227121138986e-02,-3.731599730184339409e-02,-1.149652914662842029e-01,1.181252025444860382e-01,-5.629997793534215894e-02,4.802870928910003140e-02,1.363622375805562670e-01,-8.013631470666474771e-03,2.100210176658452374e-02,8.871877276782098865e-02,1.116085727363152202e-01,9.239210754130557091e-02,5.088168501484320594e-02,7.892329025034973411e-02,6.400292668268257879e-02,3.604450551177276058e-02,1.151658562342418868e-01,-4.997693270787926037e-03,3.666528254744881588e-02,7.143707447969699365e-02,3.311032824051664963e-02,-4.653093520591375376e-02,3.100432886640809918e-02,6.992580007109545914e-02,-3.519093286034614965e-02,-5.371220902635022616e-03,-1.784220983032017756e-03,-3.576340451997130077e-02,-4.456669355735826121e-02,-3.344663201315845741e-02,-4.267399651065215127e-02,-2.378939536535096960e-02,-4.689214252922072751e-02,-8.633169765689698016e-02,-1.306694037894798044e-01,-9.027957789060921112e-02,1.293612843175651062e-02,-1.078266881584721559e-01,-1.181502055901143683e-01,2.819052285239971589e-02,-1.697789431527944037e-01,-2.019399343638982325e-01,-5.369630772045415334e-02,-1.700547951804289026e-01
-2.077197130356170721e-02,-2.386143941643604355e-02,-4.780204982640517269e-02,-5.737749427731786422e-02,-6.087651508609846079e-02,-1.022608910971568169e-01,-7.740602196677104363e-02,-3.421645282331058358e-01,1.117146347918749477e-01,1.000000000000000000e+00,1.859827143377674741e-01,-1.884160833053403206e-01,-1.935476033634306314e-01,-1.940766309319735122e-02,-6.507996940788808582e-02,-2.307910785965536782e-01,6.500277087246683627e-02,1.937939693087319115e-01,7.768901433399033607e-02,2.280171922495762837e-01,1.622421095732169971e-01,-1.558061559516218664e-01,1.547009560668147210e-01,1.127440022051197782e-01,-1.566893819309434499e-01,-2.487810403096596679e-01,-2.600229014904301139e-02,1.181089868450443392e-01,2.161552884271407682e-01,5.001932179620858371e-02,1.623607342445313462e-01,1.317673221004012352e-01,6.008869694135370726e-02,1.537891774729643717e-02,4.190258925235613996e-02,3.918212400595084965e-02,-3.334902969776044196e-02,-1.661329804605087002e-02,-7.795932466485644419e-02,-4.613840182038708715e-02,-2.487657174325866999e-02,-7.075258564189478017e-02,-6.881660539102822660e-02,-9.475341861193876600e-03,-1.373684000646856473e-01,-8.968326395787026839e-02,-3.348687821389514929e-02,-3.746448889253550449e-03,-6.424512929426828833e-02,-7.851518454657391288e-02,1.108152836788479402e-02,-7.722162761617394622e-02,-5.160831450307721419e-02,-2.141932807516081991e-02,-5.525021579768733815e-02,-1.005368222902221359e-01,-6.703610932849107806e-02,-8.235263021704097852e-02,-4.528913390296401137e-02,-3.117436353021587822e-02,3.226789053045849703e-02,2.026300051821320822e-02,1.358244790868936291e-01,4.888160211104291414e-02,5.261127086946450898e-02,2.098051623706279900e-01,4.275225030693831363e-02,-1.255008665905590071e-01,-3.658127599026489429e-02,-1.235275038303969980e-01,-7.902347127366331214e-02
-6.647116596633264284e-03,2.064749150743120168e-02,3.151506168710437733e-02,5.815583124657960901e-02,1.003098746049100320e-01,1.984292449159101579e-01,1.857637770647463660e-01,2.395607622186554930e-01,4.830256506408122097e-01,1.859827143377674741e-01,1.000000000000000000e+00,2.063138869944969311e-01,2.513112387168807138e-01,3.047984552025397864e-01,2.043717956943817970e-01,-3.491411019979460961e-02,3.333289965691060841e-01,2.277574368515655201e-01,1.766210669156873247e-01,1.443026540450253470e-01,1.494926358865122928e-01,3.815693723373999452e-02,1.579619421954953362e-01,-1.343195326288824654e-01,-2.080823859348096272e-01,-1.202989387927355242e-01,-2.329058336157944498e-01,-1.106258338836747929e-01,-4.479262604556255578e-02,-2.266229689924194324e-01,4.334105649714607711e-02,-8.799616294011677886e-02,-6.419084002892248841e-02,7.572044137404758402e-02,-1.397615226400069077e-01,-2.228608860359678617e-02,1.009613476044005781e-01,4.942861365041453098e-02,3.718778053100017106e-02,-3.247393691805643134e-02,-1.290762615969111987e-02,4.835125568970122939e-02,1.190555421399470092e-02,5.523318143065565622e-02,-2.833149861849449183e-02,2.816504541689539981e-02,3.554510521639995396e-02,5.134851022880398963e-02,1.898519623622478905e-02,8.839324467106049119e-03,6.768725961140048542e-02,-9.997501450879957285e-03,5.518421627906748561e-02,3.495805102359407675e-03,-2.377308708314552696e-02,-5.518004009797344844e-02,-2.930997913808439451e-02,-3.680379106858002597e-02,4.158668592522422533e-03,-2.080417158539584616e-02,-7.378187400117351691e-02,-7.053341488955584826e-02,1.620288428726122595e-02,1.702276574477841198e-01,6.762275011031795846e-02,-8.788153631657041887e-02,-1.437830822059543712e-01,-2.616328645569511724e-01,-1.594353053536998466e-01,-1.572926994040178272e-01,-1.698649090752206714e-01
-4.525226496535680182e-02,-1.447680788206005299e-02,-3.016342471493569863e-03,4.633636889094105288e-02,4.477782452458358570e-03,1.484032379643450972e-01,2.172088785176174569e-02,2.921050325565544004e-01,3.135474594143388694e-01,-1.884160833053403206e-01,2.063138869944969311e-01,1.000000000000000000e+00,4.370275689140113440e-01,2.332202426113317295e-01,3.389345370413692216e-01,1.421796081083340768e-01,2.364926666194129556e-01,-1.886739049710043151e-02,1.403271745979523533e-01,-1.404130111087680266e-01,-1.616859512175165825e-01,2.804501647021339500e-02,-1.632463674165589296e-01,-1.625180019349512506e-01,5.179170002962609626e-02,1.219872497288266439e-01,-1.749528924922084602e-02,2.905599900630482374e-02,-1.525728239329446345e-01,-6.753792199951290376e-02,5.747032036875661387e-02,-1.275228064770997927e-01,6.665430377985616384e-02,8.810773320815883103e-02,-2.961763510243107037e-02,2.731137724722048840e-02,1.174096945197312530e-01,8.894597158076074372e-02,1.225236038935852284e-01,9.903430479267390230e-02,6.769762153267058769e-02,7.580594700468706870e-02,1.292576346814592880e-01,1.597879881187693474e-01,4.335111819817495660e-02,9.450223653664560630e-02,1.666889617914836808e-01,5.870847204053961099e-02,-4.067642887872393448e-03,1.126527033336515715e-01,1.027546177608972128e-01,3.165013115326253262e-02,1.318001742308192066e-02,3.044056475223304997e-02,-3.727798692182692636e-02,1.498444911152252076e-02,-1.628513461477790886e-02,-1.719456480969553183e-02,-2.629826404034024331e-02,-6.816182879611060175e-02,-1.388469881806843609e-01,-1.153502210465172095e-01,-1.985887508608616958e-01,-4.542284741472669973e-02,-1.903852576712614375e-01,-2.390634571961239851e-01,1.325397309305341720e-01,-1.165527162164471491e-02,-1.756283052521567245e-01,1.385049075872927526e-01,-6.666032509578927179e-02
-7.932227465966551830e-03,4.797272195682013123e-03,2.124879246146075401e-02,8.352500102200254017e-02,7.295415128036236707e-02,1.875619290461675304e-01,1.196984915261696397e-01,2.452041048142561130e-01,1.953812736915442327e-01,-1.935476033634306314e-01,2.513112387168807138e-01,4.370275689140113440e-01,1.000000000000000000e+00,3.261537921400551321e-01,3.513157007228199791e-01,1.613477873223365944e-01,3.220611041127932617e-01,6.469237921164029681e-02,1.256969889463434298e-01,-8.477692044291729179e-02,-6.709418426667268509e-02,1.132660702533051927e-01,-6.236516333624120279e-02,-1.896780731130134900e-01,2.919149638131044756e-03,8.698400068836897869e-02,-1.213636203250534340e-01,-7.624872645101143931e-02,-1.677747519288986244e-01,-1.959916970521210222e-01,-5.254291660379788176e-02,-2.120225852569653791e-01,-5.808124604795851520e-02,1.517525408605768442e-02,-1.334230503268278023e-01,-6.662728476858841009e-02,9.661409150802489909e-02,4.857051472395716718e-02,8.704640103315318400e-02,1.370892967997162405e-02,-6.649548006673226992e-03,6.658102917920866171e-02,1.471293961762390468e-01,1.413322018690136017e-01,6.854783262979688430e-02,8.136614790602951508e-02,1.703476686102864401e-01,8.949316101029330950e-02,2.764900804728216699e-02,1.223095314241144926e-01,1.322031673871800761e-01,8.441276691083618444e-02,9.329228523548825647e-02,2.057004778524722244e-02,-1.229135834904017746e-02,1.796305708835078258e-02,-8.595634670053082030e-03,4.517854961972418704e-02,3.402155359540198765e-02,-2.750183654038483583e-02,-1.229089485543253951e-01,-8.445982259522741287e-02,-1.301198865640652014e-01,4.779657281165787530e-02,-3.385219253706750475e-02,-2.059183548398698660e-01,-3.855982434517280649e-02,-3.132132574185677882e-03,-1.004076352069915162e-01,6.685076005435866553e-02,-6.652688780366707022e-02
9.345927986078588975e-03,1.425595952598922127e-02,8.342161038081327695e-02,9.314183965381571395e-02,1.082830396324057642e-01,1.937395483097566762e-01,1.599366580581967345e-01,1.849815238391356864e-01,2.083802707067094473e-01,-1.940766309319735122e-02,3.047984552025397864e-01,2.332202426113317295e-01,3.261537921400551321e-01,1.000000000000000000e+00,4.554177862353744888e-01,3.391273361798075037e-01,6.844481766669795464e-01,4.138779754571454417e-01,2.848789281962256781e-01,1.834101464087021516e-01,2.419618407399682647e-01,1.767381273717691936e-01,3.028296722941964947e-01,-3.122179814419095423e-01,-3.400630797005926298e-01,-9.945799474897346060e-02,-4.360022632672282961e-01,-2.485428454193294168e-01,-1.616531164526600894e-01,-4.249594417152373071e-01,-1.246989976210342854e-01,-2.976119403610877900e-01,-1.963224438184075493e-01,-4.633936069039928246e-02,-1.586686037429742013e-01,-1.720749358342231472e-02,4.468594728313302761e-02,1.634996247774227890e-02,3.072802758838404438e-02,-9.475354866226848305e-02,-4.689678152130601768e-02,8.069938790779940252e-02,2.547039758643362267e-02,8.759895908990408819e-02,3.278121220376610523e-02,3.694360627185336310e-02,5.522170491198202108e-02,7.369149934537816415e-02,4.515604678593630045e-02,1.944055327743776304e-02,1.073280494763895476e-01,9.170204167526316286e-02,1.024949484318828513e-01,5.642996620251684858e-02,8.803933318167190408e-03,3.238518210775225697e-02,1.853070081578660558e-02,-6.116244525352984704e-04,8.808581075233389013e-02,2.883500060490506306e-02,-1.268635309507986364e-01,-7.550218695039496997e-02,-5.917427343551076482e-05,2.436634750604410871e-01,1.827514801291738600e-01,-8.377327799223660554e-02,-2.137627955229234877e-01,-2.532037620675523515e-01,-1.676982716482915414e-01,-8.047707467771070267e-02,-1.238614641927552745e-01
2.741855972590268378e-03,1.525404180117497822e-02,5.232627677438108499e-02,9.858774218691412905e-02,9.876620426953698628e-02,1.966047922014360627e-01,6.087673375481657267e-02,2.292215478008124419e-01,2.665103454103013858e-01,-6.507996940788808582e-02,2.043717956943817970e-01,3.389345370413692216e-01,3.513157007228199791e-01,4.554177862353744888e-01,1.000000000000000000e+00,3.714733698785622762e-01,5.001011703330355829e-01,1.349530457550271179e-01,3.041238277153156533e-01,-1.458312677034474258e-01,-1.819147418947493489e-01,8.865333991346026343e-02,-1.487749322488763071e-01,-3.489201608159155366e-01,-1.934104982896391392e-02,1.807100860097627104e-01,-1.426348583765542355e-01,3.921471067685338568e-02,-3.142632650220583690e-01,-1.681232256655706414e-01,9.970509311712487388e-02,-2.057772133915869994e-01,1.118980199742316134e-01,1.527601208157650381e-01,-2.011772173413413703e-02,2.570489387185537558e-02,1.607254552430146255e-01,1.643941464388191109e-01,2.258843394773347724e-01,9.691582064514808748e-02,1.027305555384792624e-01,1.896690562549469550e-01,1.512388247797006313e-01,1.527436775971084404e-01,7.985730685695123510e-02,2.019809116352153933e-01,2.005434217988857626e-01,7.528147741371618573e-02,5.542945418027880877e-02,1.461144321971065141e-01,1.362182561063306763e-01,1.513369513043360225e-02,4.047223612399084014e-02,1.043671757288335694e-02,-2.260346143472671127e-02,-2.832787691584437439e-02,-6.936650639539575225e-02,-9.794060511240897104e-03,-6.400656507066755652e-02,-2.390911749350860260e-02,-1.970724704667817795e-01,-2.339348663050937194e-01,-2.041364073390015133e-01,-3.095449231755473436e-03,-1.690420685049171534e-01,-3.222259449501074791e-01,4.215385603856363489e-02,-1.028812064951846322e-01,-3.028008523151681231e-01,5.156910325315956778e-02,-1.893287520951446312e-01
1.514676888575784176e-02,1.725336140707805360e-02,4.986823887102302677e-02,6.681366806585567475e-02,8.841138305345355719e-02,1.680601334592605467e-01,7.542890259547282983e-02,1.672013118739419935e-01,6.234000347176573906e-03,-2.307910785965536782e-01,-3.491411019979460961e-02,1.421796081083340768e-01,1.613477873223365944e-01,3.391273361798075037e-01,3.714733698785622762e-01,1.000000000000000000e+00,1.810646142223585608e-01,-7.674238157023378915e-02,1.868752697848518468e-02,-2.546766107653991029e-01,-9.527981023145333517e-02,3.524140476676157485e-01,-8.476016879551109828e-02,-2.440065678072516897e-01,1.411808691297599949e-01,3.512992523214041873e-01,-1.395779951145829922e-01,-2.666074472783886429e-01,-3.998939590705442582e-01,-2.197110137902247295e-01,-2.783663616142046937e-01,-3.328131668687199785e-01,-1.254604931216566632e-01,-1.367531483374633816e-01,-4.881701572619365909e-02,-2.140899078104046768e-02,-2.420552699427991339e-02,-5.127959988292710332e-03,7.518750130148274535e-02,4.860014218210684939e-02,-1.144267514966931971e-03,1.259605772545177305e-01,1.554159650124118941e-01,8.098166407096778208e-02,1.370762767076847688e-01,1.391040559753341233e-01,1.582273944611927718e-01,7.105185461834183369e-02,1.131687563679429770e-01,1.546420699678114352e-01,1.451578001940448948e-01,1.395000692131672382e-01,1.928673262482170081e-01,9.016512529065151549e-02,5.359821981518329143e-02,1.332450675779020266e-01,6.971905533683417366e-02,9.772066781896357468e-02,6.181229390143820612e-02,5.925790655492814418e-02,-1.269711067090988910e-01,-7.853280093212204604e-02,-1.786483908131704934e-01,-2.206231991853339208e-02,3.574377380452818664e-02,-2.899290312700363859e-01,-1.772498184169932767e-01,1.399680916598881053e-01,-1.687772539492135224e-02,1.942926726169556806e-01,4.075475375499003697e-03
8.363914687168506196e-03,1.300139440328129670e-02,7.708918457995125872e-02,9.192265716837412504e-02,9.589367065919462974e-02,1.668428115559512370e-01,1.441917240654330967e-01,1.876290694352743815e-01,2.725692849607003754e-01,6.500277087246683627e-02,3.333289965691060841e-01,2.364926666194129556e-01,3.220611041127932617e-01,6.844481766669795464e-01,5.001011703330355829e-01,1.810646142223585608e-01,1.000000000000000000e+00,5.064004616565584982e-01,4.289740108846826216e-01,2.350501792765338216e-01,2.183223500457878996e-01,8.059160491591298159e-02,3.123159342510845593e-01,-3.677030510991762258e-01,-4.348617827865689511e-01,-1.708420136125250177e-01,-4.497111678312908367e-01,-1.431543721677619452e-01,-1.170176154739558522e-01,-3.951060555797261675e-01,1.250651867359562491e-02,-2.449108141276095940e-01,-9.729353538398044510e-02,7.710763991147675904e-03,-1.250262611264292001e-01,4.471005983536746088e-03,7.500770039657175814e-02,4.989474675903725343e-02,9.006722026890835731e-02,-4.474519174775741515e-02,4.942343394331485951e-03,8.824709080326223476e-02,3.328771418072142690e-02,9.464091006636313197e-02,5.274658377077180049e-05,5.976385416669453832e-02,5.364081726204781436e-02,4.736985601231307602e-02,7.883645334461970161e-03,3.389243357880454555e-02,1.025741525461157239e-01,1.707713831180737718e-02,5.896756406879541390e-02,5.156045312126476127e-02,-4.359885682159381215e-02,-2.198294873711597458e-02,-1.315908472947740875e-02,-1.200656467126505651e-02,3.036154563537563425e-02,-2.450169571430435827e-03,-1.430344647326198537e-01,-1.004858701667926679e-01,3.698715611699084169e-03,2.295289757994184165e-01,1.107528820020034638e-01,-9.362455587189393025e-02,-1.009055201647113820e-01,-2.996186043216965689e-01,-2.536329239455215601e-01,-7.793489044750014083e-02,-1.563821528792734838e-01
-1.295745246019754625e-02,-3.444143266686923183e-03,7.526243291422221593e-02,5.527455928297488746e-02,6.410920597367518459e-02,5.665279199569242530e-02,1.021632471400936715e-01,2.902678621725515370e-02,1.648695350274460569e-01,1.937939693087319115e-01,2.277574368515655201e-01,-1.886739049710043151e-02,6.469237921164029681e-02,4.138779754571454417e-01,1.349530457550271179e-01,-7.674238157023378915e-02,5.064004616565584982e-01,1.000000000000000000e+00,4.411455484685486428e-01,6.530163679216235417e-01,3.920830167871842686e-01,-2.958018890763686182e-01,5.283658651828302411e-01,-6.937012198418192332e-02,-6.568925378305447982e-01,-5.551731370122966469e-01,-2.889843364737414433e-01,1.249262860544336218e-01,2.926959183032660228e-01,-9.973871186632166097e-02,1.372534355916317506e-01,6.287189644346719009e-02,-2.351723670734742408e-02,5.777772378896375849e-02,-2.631570476023378791e-02,-2.450211185255180349e-02,-5.050721765343708231e-02,-9.161973582790436041e-03,-6.486820852574315399e-02,-1.240475791746094431e-01,-6.071600007132657573e-02,-3.598234469223749593e-02,-2.330994109003231562e-02,-2.884883586508569121e-03,-1.677402119705026229e-01,-6.699162769759969827e-02,-3.874553668932041728e-02,-7.264945732163624603e-02,-4.605061202525760622e-02,-3.617524892518021035e-02,-1.072330859887901840e-02,-8.584265220808373620e-02,-7.068738094703296004e-02,4.825538719016807775e-03,-7.073827191417220162e-02,-1.073849724949616780e-01,-7.233311534424267941e-02,-8.398115071597708758e-02,-1.371325822215403376e-02,-7.143647438676301031e-02,2.023636534549681440e-02,3.620183181178966703e-02,2.046374638877548335e-01,2.651594088383226744e-01,2.008543585312253799e-01,1.606175200719356655e-01,-9.616355414302668603e-02,-3.568618146996309082e-01,-1.548300699095442878e-01,-2.595570686147570250e-01,-1.513773941707693693e-01
-2.144205444593183171e-02,7.644175776610228831e-03,3.090497722733249325e-02,3.198209989789902591e-02,2.036290688935273735e-02,4.129433793126464913e-02,2.609228262028918249e-02,8.520943993764992785e-02,1.874847454373935463e-01,7.768901433399033607e-02,1.766210669156873247e-01,1.403271745979523533e-01,1.256969889463434298e-01,2.848789281962256781e-01,3.041238277153156533e-01,1.868752697848518468e-02,4.289740108846826216e-01,4.411455484685486428e-01,1.000000000000000000e+00,2.024768400359950871e-01,-1.572943583052896499e-01,-1.143998313132246203e-01,1.097268044062605086e-01,-5.364280280360039788e-01,-4.630818939429630077e-01,-1.363868732555089669e-01,-3.685100252361377948e-01,1.355864586210913381e-01,-1.209320557923856260e-01,-9.007362021494673410e-02,1.615966479740141293e-01,-5.167923720345832250e-02,1.065002116375621671e-01,1.457225002974499584e-01,-7.525186127590423150e-03,1.209220886561589159e-01,1.566554243148639558e-01,1.622335356248713889e-01,1.752964538835362907e-01,1.233650611744676190e-01,1.396357558591522774e-01,1.614141489900901283e-01,1.325198905719740805e-01,1.629971508975159855e-01,-9.792008710144196534e-03,9.364201287107284943e-02,1.307371072848718396e-01,1.012190634663669014e-01,6.449307185686244115e-02,9.677942640508484240e-02,8.635523672463553402e-02,9.586921213768613906e-03,-9.874390028374562932e-04,5.893149375546672536e-02,-6.314710302170487011e-02,-8.347009718766443265e-02,-7.954985374930845232e-02,-6.581887584485628107e-02,-1.020358817102360316e-01,-3.573139737032639957e-02,-3.265871228961150091e-02,-1.545479056964904063e-01,-2.460023572937970401e-02,1.130298033666300578e-01,-1.193855566200971996e-01,-1.949781591700925354e-01,1.083257156435352316e-02,-3.464168971223650084e-01,-4.605736943496667735e-01,-3.366399005748196838e-01,-3.554010038483455536e-01
-1.109614373686954730e-02,-9.667295341731876532e-03,4.828426831142740988e-02,1.255697356352768364e-02,1.779986342324709966e-02,-1.312478029713452440e-02,7.517768882076786285e-02,-4.666624108905681467e-02,6.479175285903168713e-02,2.280171922495762837e-01,1.443026540450253470e-01,-1.404130111087680266e-01,-8.477692044291729179e-02,1.834101464087021516e-01,-1.458312677034474258e-01,-2.546766107653991029e-01,2.350501792765338216e-01,6.530163679216235417e-01,2.024768400359950871e-01,1.000000000000000000e+00,5.201982496195034500e-01,-3.961667595804889141e-01,6.330685632519044148e-01,2.115692841759869713e-01,-6.339631005103003591e-01,-6.877533767620629401e-01,-1.547440115736143929e-01,1.334541935849442307e-01,4.952803376567057603e-01,1.211329819434867972e-03,1.160392415928649945e-01,1.419216577427699910e-01,-6.729877429874209227e-02,1.621724624046839286e-02,-2.211880983168446752e-02,-5.572603896221418190e-02,-1.231215958827605039e-01,-1.149011161863592867e-01,-1.726422405310898689e-01,-1.743495918339735828e-01,-8.456675129583597628e-02,-1.262917279415654015e-01,-1.074225503265994613e-01,-5.990091401142138422e-02,-2.095610234134903105e-01,-1.418366253505978780e-01,-1.069129500771515973e-01,-1.213074971317279066e-01,-9.209178175051288551e-02,-7.815770524953492837e-02,-5.217455456817549769e-02,-1.121719387861910000e-01,-1.131104530502641675e-01,-3.772953910149406953e-02,-3.682148646627501215e-02,-1.017585133894326754e-01,-5.821770213095963514e-02,-7.794056257515524777e-02,1.328484204619704082e-02,-9.566765083308047257e-02,7.655201470920144913e-02,1.283094578894923565e-01,3.056949999401785689e-01,2.325665894108403520e-01,2.094093568878830081e-01,2.808208358155978579e-01,-5.856555493829802145e-02,-2.144950197344904497e-01,1.720791413957961993e-02,-2.309922446440555999e-01,-2.909976039882735191e-02
2.391023780512782984e-02,2.657265663489607674e-02,6.038695863997545904e-02,4.327319992415740862e-02,6.992505095086956612e-02,3.702657674747445588e-02,1.498426953898102931e-01,-3.920201880210646972e-02,-4.570309696869301677e-03,1.622421095732169971e-01,1.494926358865122928e-01,-1.616859512175165825e-01,-6.709418426667268509e-02,2.419618407399682647e-01,-1.819147418947493489e-01,-9.527981023145333517e-02,2.183223500457878996e-01,3.920830167871842686e-01,-1.572943583052896499e-01,5.201982496195034500e-01,1.000000000000000000e+00,7.306526759782659697e-02,7.219414602670662928e-01,1.920289804397818101e-01,-4.229662375405704999e-01,-3.770640915407102445e-01,-2.387071177964425750e-01,-2.821607762167584466e-01,3.136948304397385034e-01,-2.514614109386023588e-01,-8.548818142737889259e-02,-4.469270608542674772e-02,-2.694054856034584500e-01,-1.309654438151014455e-01,-1.196835082970354180e-01,-1.018266489222851290e-01,-1.844213999322671382e-01,-2.080477682758439806e-01,-1.814057176070225652e-01,-2.718693750053162717e-01,-1.292468373751572419e-01,-1.334907432784196435e-01,-1.667371039628148810e-01,-9.859490334893093733e-02,-8.654360255705152716e-02,-1.337585979729054575e-01,-1.471576095401082307e-01,-9.352912744726618599e-02,-9.023820399202382714e-02,-1.162343119620753290e-01,-8.649020007106749536e-03,-5.812938801486696588e-02,-1.674156011746147366e-02,-4.647247294424080785e-03,-4.656135346028816326e-03,-2.303612548676652050e-02,8.397342867484551554e-03,-2.596906477714048048e-02,1.244963275300284139e-01,-1.314492303252261934e-02,-6.701339297820051340e-03,1.491059576170593592e-01,2.605522010517389297e-01,2.707587969540861672e-01,3.460844807973459947e-01,2.675787452235723896e-01,-1.815008030069933942e-01,-1.454619400113230654e-01,1.721471671630018796e-01,-4.819646415954940977e-02,6.942438525677002703e-02
4.213332886805027516e-02,4.996253816100176132e-02,7.222983228664010130e-03,3.060230598188106582e-02,8.173649715128422644e-02,1.257871411425504349e-01,1.312267735549026149e-01,9.470367937002689696e-02,-5.816092978697392363e-02,-1.558061559516218664e-01,3.815693723373999452e-02,2.804501647021339500e-02,1.132660702533051927e-01,1.767381273717691936e-01,8.865333991346026343e-02,3.524140476676157485e-01,8.059160491591298159e-02,-2.958018890763686182e-01,-1.143998313132246203e-01,-3.961667595804889141e-01,7.306526759782659697e-02,1.000000000000000000e+00,3.536907177024354535e-03,-4.744002762502312898e-01,2.595823445723562939e-01,6.008137975556604449e-01,-4.110255894803375720e-01,-6.321113597056605693e-01,-5.436775322831948198e-01,-5.167693783575003641e-01,-3.866530576717803758e-01,-4.854848314553266708e-01,-3.325789973803846000e-01,-2.341238365231431973e-01,-2.119432652905464121e-01,4.307511501639848563e-03,4.595825931668878761e-02,-6.323718543837411610e-02,6.531204590627172346e-02,-4.029122082387762149e-02,-3.003492212667718472e-02,9.675539261105063626e-02,5.021019872353543398e-03,7.753502566350660430e-02,2.306249435772322331e-01,4.560460395897227709e-02,5.072954456313292365e-02,1.657941216647697280e-01,7.522812419446604781e-02,2.673435415243336291e-02,1.562944852937891982e-01,1.801860338059843025e-01,1.915943422763516368e-01,9.486775381983661437e-02,7.021840548763877421e-02,1.437722598223256931e-01,1.417719190043444377e-01,9.671977252585677032e-02,1.484184679006533836e-01,1.721564770418456403e-01,-6.994907904524248765e-02,-1.615570970138534290e-02,-7.546466146507027628e-02,1.064109321763104798e-01,1.665816717842469596e-01,-1.986636597569076679e-01,-2.817496630694438786e-01,1.930056581797510995e-02,6.058482940490560881e-02,9.280298221805809156e-02,-2.969307138194362053e-02
