1.000000000000000000e+00,3.880261134695740521e-01,4.862660235653709639e-01,-4.766533217867685579e-01,-3.233819534254224193e-01,5.767808275462679157e-01,7.807108871580552278e-02,-6.419948047641694799e-01,4.216901341483219462e-02,5.721007739502599332e-01,-2.933842096124156806e-01,-5.542817084969617891e-01,3.754282525176210195e-01,3.246040133162476082e-01,-4.714910426006145849e-01,-2.479941900208945671e-01,-4.737706702018436022e-01,2.441946548098103686e-01,-2.588908502093186792e-01,-1.170047301006541390e-01,-3.440524423585263891e-01,-3.487421616590331563e-01,-1.221300294889154509e-01,-1.826170708746575055e-01,-3.601050088281560480e-01,3.309925785248000185e-01,-8.433343635306719821e-02,1.773238697358376914e-01,3.350732296080134454e-01,6.202393270718529195e-01,2.979126760939349583e-01,6.652042115431283653e-01,4.626990174953073409e-01,6.265949755665159993e-01,4.988613001120926205e-01,2.877622591032059640e-01,6.192132009145326910e-01,2.816966051656971115e-01,3.752765552851293762e-01,-5.529967955868735352e-01,4.513380669786257876e-02,-5.492342076593903499e-01,1.351493116407693346e-02,-3.834928674896498912e-01,-4.743662546466377306e-01,-4.753163291168859272e-01,-6.565199930055493072e-01,-3.240740875713744584e-01,-6.246392267423329647e-01,-3.093554853108281266e-01,-5.961446475156975122e-01,2.107110001229628993e-01,4.307949908868317079e-01,6.363307165583497182e-01,-5.475748048366974735e-02,-1.875362170081641411e-01,3.992244744114331612e-01,5.275482301199850843e-01,-2.355961930317753694e-01,-6.338798957363629694e-02,6.321283425940011913e-01,1.999530263375873806e-01,-3.233347021787792430e-01,3.770258630497703711e-01,5.677405714339086584e-01,-1.214951399815611677e-01,-1.389980775536224233e-01,5.135386716720620193e-01,4.077860140626173302e-01,-4.592496316195714412e-01,-8.970446178799414139e-02,2.199863757393187014e-01,5.226156227231149032e-01,-1.711080061967802657e-01,3.218843667847962053e-01,-2.351756314324004657e-02,-1.467945373951947963e-01,-6.628429625569689509e-01,-4.192789905382004467e-01,-5.399945450678692582e-01,-5.474321687038110618e-01,-3.635635322968308603e-01,-5.643339599284715735e-01,-2.814525660637558560e-03,-5.797138487624466929e-01,-1.565900133040744879e-01,-5.817703799400336662e-01,-2.139854005924667069e-01,-2.924712212433554503e-01,9.631713875044349560e-02,1.989485066965301918e-02
3.880261134695740521e-01,1.000000000000000000e+00,7.765626865121967592e-02,-4.716274876628928636e-01,4.910214056920182424e-01,8.015780179193873201e-01,-3.345121981467314431e-01,-2.936180008199683611e-01,8.216684211046627606e-01,4.545237452413196655e-01,-5.373036045829195917e-01,9.116490832563751978e-02,9.212117203891835304e-01,2.513471666920416916e-02,-6.784247311009329318e-01,2.774514290229110891e-01,-4.494023552077643924e-01,2.024218905181678907e-01,4.298145598884540175e-01,-5.373263515628130538e-01,-7.346355554270418420e-01,3.878035157944911826e-01,2.108384249935406907e-01,-8.441427934265903765e-01,-3.780190335762591003e-01,-4.472671257777031673e-01,-3.540650921292713971e-01,-5.540070379675168244e-01,-1.875795365140649484e-01,9.992205000806002324e-02,-3.180594006757652692e-01,5.476478629532731679e-01,-1.499379967874412967e-01,6.004301896340588085e-01,1.277539952920647703e-01,6.923614675034196475e-01,1.690873602530194308e-01,2.529910860956615659e-01,8.595482135707924742e-01,3.477094068759152556e-02,-1.025795775903873552e-01,-5.540190266310015543e-01,-5.960944250715910497e-01,-7.481226496739019627e-01,2.451457959781274398e-01,-6.804347563726436121e-01,-4.096075132984534073e-01,-8.729890048648497602e-01,-2.354601254447835634e-01,3.866360423759680476e-01,-2.622367061094909579e-01,7.183449356042551637e-01,4.556558235779761823e-01,5.604625255671732420e-01,7.480670832840956574e-01,-1.990142994000776155e-01,-3.756369752062120870e-01,8.132336229375770609e-01,4.256470689092797244e-01,-5.785690369803641042e-01,1.633716051745354447e-01,9.091284686620552113e-01,-6.870557504005365967e-02,-3.162829167694015120e-01,6.183224949970445028e-01,6.953141944095556637e-01,-2.961075717037180421e-01,-1.735832896871957187e-01,8.242508023888068802e-01,-1.285264198155655901e-01,-8.208318646787415851e-01,-6.514984565990693255e-02,-1.548686780355882919e-01,-8.596699268112066861e-01,-2.729365020368159644e-01,-6.170512828501171221e-01,-1.588629016462587140e-01,-4.302606371470827917e-01,-4.112166758435252811e-01,1.183825269752711434e-01,-2.976365161008228677e-01,4.422673358404530797e-01,-1.948023699093573424e-01,7.036181104409287013e-01,-7.538111018583280865e-02,4.790206089674794443e-01,1.727724736686827786e-03,5.101748064389817205e-01,1.710518096407765976e-01,4.604718310271990744e-01,2.029676899538508661e-01
4.862660235653709639e-01,7.765626865121967592e-02,1.000000000000000000e+00,3.318841479310298548e-02,-7.112842202159613825e-01,5.245398007913981697e-01,7.858046674742861226e-01,-5.204942994286686497e-01,-4.003392476829270574e-01,8.855856252640232906e-01,3.429128101743970647e-01,-7.785910136553635397e-01,1.112161296463883980e-01,9.316974526477622698e-01,8.183985921165032665e-03,8.054112938258597976e-02,8.367823200610904552e-03,8.181199533167753390e-01,-1.168124818939636489e-01,5.493833247789499108e-01,-5.336815294170859092e-01,-7.915253203986273300e-01,3.625839963514183584e-01,2.790492114328266271e-01,-8.333135279202298351e-01,3.787141447275158557e-01,-5.693680533869402982e-01,9.939931337000110223e-02,3.128204745025546518e-02,7.502209304899291054e-01,6.978422878561976739e-02,5.865916544455516135e-01,3.164383298443769754e-01,3.708419656193354674e-01,1.621138888173853099e-01,-3.122811455959808580e-01,5.346166743042515268e-01,-3.275368664038834088e-01,3.655014153471544680e-01,-5.160123263178101327e-01,7.224655098904969597e-01,-1.436900806265010988e-01,6.563508175646414200e-01,1.448767806458240992e-01,-5.532177483078832836e-01,5.414049270305872942e-03,-5.266320948326609352e-01,-3.025176228849503213e-01,-4.917556932425043992e-01,-1.928519063711921777e-01,-3.968646536472209552e-01,3.813243238383539624e-01,8.209076403375983322e-01,5.552534247732653361e-01,-4.095846891875088436e-01,-7.552435704090497692e-01,5.204666044692811688e-01,5.098252812353014640e-01,-8.287789590354353031e-01,-3.561946210306302651e-01,8.151554034911515645e-01,-5.784131096063123423e-02,-9.266212737933482435e-01,2.802101971728759855e-01,7.708877643834958215e-01,-5.499078193430594341e-01,-6.765890558658964604e-01,6.116593144837616514e-01,-5.113623329890233660e-02,-9.674156522200891839e-01,-2.719938716697230252e-02,-2.904365737205249487e-01,6.234812071065550798e-01,-9.103471924264416870e-02,7.833798716332959766e-02,6.140096862174350134e-01,5.056577488227299577e-01,-5.632145382959626856e-01,1.263906577222959349e-01,-6.503765335935624003e-01,-1.983373257565970715e-01,-5.520462988409888805e-01,-3.074781173962192193e-01,6.553470763129508325e-02,-4.728942867617548229e-01,6.443156386128216784e-02,-6.400838238858778118e-01,-1.314105959578341642e-01,-8.218645993892333967e-01,-3.487736687245788225e-01,-3.370368265882732195e-01
-4.766533217867685579e-01,-4.716274876628928636e-01,3.318841479310298548e-02,1.000000000000000000e+00,1.990164826806212900e-02,-5.856901792547739571e-01,6.132238716325463246e-01,8.065013089447898853e-01,-4.022015998043970697e-01,-2.381771962176143231e-01,9.260802444630275021e-01,3.931901909631153602e-01,-5.721968811929258880e-01,2.844825197704414776e-01,9.397550501893767727e-01,6.599474942327822058e-01,9.760538897113154588e-01,3.728089456444530492e-01,4.965956925611093031e-01,7.594197375098107328e-01,8.095949144598750535e-02,-3.146649410014857456e-02,6.747590094592630372e-01,5.744253974833871679e-01,-1.589646778330696397e-01,-3.738146559250726808e-01,-4.751898864673673728e-01,-3.601856769338796505e-01,-7.248833615354078885e-01,-5.361825307154133302e-01,-6.223251209918146953e-01,-7.430530318156148839e-01,-6.868712138879395912e-01,-8.764274316948451604e-01,-8.906425384866127892e-01,-8.597061674125334729e-01,-7.524424764304552538e-01,-9.186078664657569837e-01,-3.033274516150847311e-01,6.554026236013898998e-01,6.544540376628291689e-01,9.581527559525929716e-01,5.822420867150628343e-01,8.770328642504232608e-01,4.785549758914207641e-01,9.396041711768448046e-01,8.077540163430858566e-01,2.569455035808115850e-01,7.961106676299593010e-01,5.246617346562715278e-01,8.472026150355251861e-01,5.768212370482435347e-02,1.273567052509178531e-02,-7.140635960871939414e-01,-2.072017311997002009e-01,-4.426805457268286337e-01,-3.690790768221000606e-01,-4.883568149352742749e-01,-3.100667026818595406e-01,-3.230747889479040902e-01,-4.844812214603519962e-01,-3.662143920146994081e-01,-2.928026138454450922e-01,-5.666362402137140597e-01,-3.243774137363013010e-01,-2.213109693608047157e-01,-4.552551542318613031e-01,-4.937760010293641977e-01,-8.037808246970176151e-01,-5.139476990791338323e-02,3.710011604525932649e-02,-8.003044231786273777e-01,-4.900794816345983573e-01,1.597118002762775157e-01,-6.461069000880782509e-01,6.029143638600508170e-01,8.251521028417541093e-01,7.796193620975866434e-01,9.787575782388455714e-01,5.016872532059497569e-01,9.338681511137544300e-01,2.664594070508390922e-01,8.709697459004449582e-01,1.815215602319091848e-01,7.458922191331540663e-01,4.759321245443210446e-01,5.827891599016492563e-01,3.892063172033596863e-01,-2.479422007160343444e-01,-3.906457146417812720e-01,-3.868886411145078252e-01
-3.233819534254224193e-01,4.910214056920182424e-01,-7.112842202159613825e-01,1.990164826806212900e-02,1.000000000000000000e+00,-3.908110466797754326e-03,-6.365806285758222050e-01,5.322978648755911646e-01,8.399331590820648952e-01,-4.320879505988513558e-01,-3.158590869397565615e-01,8.811343639454032317e-01,4.377699269849996133e-01,-5.990364387121688283e-01,-1.620777523478396931e-01,4.690910237942748640e-01,4.830048083603936254e-02,-3.177940213102311007e-01,6.844498320064285046e-01,-5.590114314062489820e-01,-1.617955844082895056e-01,9.548290577717727379e-01,1.916262425131570191e-01,-6.875883874167350029e-01,2.776174344437343788e-01,-8.553606460193803329e-01,-5.782296164354857465e-02,-7.144285077799219508e-01,-5.114684813893418669e-01,-7.600676716449145109e-01,-6.073261341726993168e-01,-3.392167196556701847e-01,-6.921391702364168008e-01,-1.804269079794846020e-01,-4.221238140590007348e-01,4.556711172402524990e-01,-6.246509569991074429e-01,6.670389543891371009e-02,3.018519132150045969e-01,7.409727863883670551e-01,-3.754087544270278132e-01,7.403724810682825452e-02,-7.755517764936229463e-01,-3.605529156570290161e-01,8.699648835139069947e-01,-1.623977179987116382e-01,4.379362582783327129e-01,-3.859220836114686248e-01,5.534377717772569483e-01,7.205855763017130489e-01,4.762534646773051161e-01,3.333595051019535571e-01,-2.652464577961670678e-01,-2.908550990745873421e-01,8.742710749780999713e-01,2.393707621755918613e-01,-9.061012186062680218e-01,6.352528654002384534e-02,8.913352020514559992e-01,-3.521209072034950371e-01,-7.345343516955896712e-01,6.574138874330257565e-01,5.554933842095290952e-01,-7.501565069753286519e-01,-2.389608933608052821e-01,9.352486160180529806e-01,8.692394452701006358e-02,-8.604185467831320100e-01,3.819005951453168790e-01,6.447927315004688964e-01,-6.605668685533105933e-01,-1.796609451989695794e-01,-8.557369228022875252e-01,-5.874912259629685440e-01,-5.883082043770090364e-01,-7.494303321508360982e-01,-1.715857464464239646e-01,4.375491282381576696e-01,-1.276759480896016638e-02,8.510146345242285415e-01,3.261992497291823501e-01,9.414815766138741049e-01,4.733702245572738998e-01,6.287195176509596806e-01,6.522056313417191609e-01,5.710401312207197266e-01,7.799913233149270431e-01,7.168684188648224431e-01,6.956911780671279910e-01,4.985906320078913878e-01,2.697799904144861372e-01
5.767808275462679157e-01,8.015780179193873201e-01,5.245398007913981697e-01,-5.856901792547739571e-01,-3.908110466797754326e-03,1.000000000000000000e+00,-1.510645226389858466e-02,-6.857383889024718515e-01,5.040550652261935882e-01,8.339532956106159300e-01,-4.646261677282508828e-01,-4.247453667422143586e-01,8.763053496794648289e-01,4.067027986806155959e-01,-7.360189849901559445e-01,6.930977409724706217e-02,-5.797618556442536430e-01,4.543428025591890740e-01,1.247552263131275901e-01,-3.183763971092764544e-01,-8.213785648497698988e-01,-1.007589120717051062e-01,1.556711057208726434e-01,-6.280972872799717166e-01,-6.451838976776382850e-01,-4.029942926213631732e-02,-4.148809377888055261e-01,-2.593628744386101137e-01,6.921615679811121691e-02,5.854926993775102506e-01,-3.286375890243181663e-02,8.848481402674592822e-01,2.280899860649578392e-01,8.507111652775735111e-01,4.066948363950260714e-01,5.753646220428526581e-01,5.855805052237886832e-01,2.631813742310628590e-01,8.865689708071162745e-01,-4.015388167759844640e-01,1.110076629803455062e-01,-7.261822899313642443e-01,-2.620298735932913292e-01,-7.033275360139369381e-01,-2.210553412565205988e-01,-7.397646897119071197e-01,-7.717897720178483745e-01,-8.530734449299426370e-01,-6.240989515122602471e-01,4.722663573610392379e-02,-6.113755997740919490e-01,6.981297300658786398e-01,7.357526378862899730e-01,8.707805451195772539e-01,3.963808072127407711e-01,-4.027857699101249356e-01,8.099852929189256534e-02,9.734330879331571929e-01,-1.882173946642195714e-02,-5.130518319181817111e-01,6.505121816688411718e-01,7.296031504916387078e-01,-4.322908120375097973e-01,5.789968762929127710e-02,9.169572677456854226e-01,2.918417688726467896e-01,-4.302229469883963042e-01,3.052327706080067982e-01,7.844118125548430465e-01,-5.584039564222214036e-01,-6.192414769823847420e-01,1.962344138158124071e-02,3.235857060221081216e-01,-7.140838754089678941e-01,8.648501873661739586e-03,-3.035343347290709315e-01,-8.164150979877279890e-02,-7.969234753234007984e-01,-4.927204247482127042e-01,-3.672218282705408954e-01,-5.597631740154371816e-01,-2.139287905202349321e-02,-5.231123244892706969e-01,4.962865018892482771e-01,-4.852926052150386971e-01,2.555444800066856703e-01,-4.689870212682696882e-01,2.042255488560615340e-01,-2.170119395524531536e-01,2.683678958822975358e-01,8.433493301770179917e-02
7.807108871580552278e-02,-3.345121981467314431e-01,7.858046674742861226e-01,6.132238716325463246e-01,-6.365806285758222050e-01,-1.510645226389858466e-02,1.000000000000000000e+00,4.600911588903928984e-02,-6.612625023288727366e-01,5.106382965689575393e-01,8.375126732392295104e-01,-4.351414121012038838e-01,-3.560588800670304033e-01,8.862390559035522308e-01,5.999654073147168143e-01,3.583346255783567136e-01,5.808692790372420589e-01,8.106088861343981877e-01,9.129553207399804249e-02,9.155290736629743131e-01,-2.641387364456033726e-01,-7.110109137673665813e-01,6.009466783607376739e-01,6.552842737864325029e-01,-6.846354412904216424e-01,1.834540028826909253e-01,-6.401876317481227652e-01,-1.549035341313388832e-02,-3.167855216664240969e-01,3.070134846331341039e-01,-2.116992573313197235e-01,-2.744336666330110877e-03,-7.570704974967584766e-02,-2.525834413766066544e-01,-3.491716374668710210e-01,-8.033722139625566472e-01,1.247533599308620761e-02,-7.742034416960242860e-01,-3.672675313639624500e-03,-8.081824595954917312e-02,9.289660206402040599e-01,4.676671105264807449e-01,9.197212444328597414e-01,6.878333975568815539e-01,-2.353943020920024887e-01,5.978467771614121018e-01,6.133942421386513744e-02,3.305845242290120223e-02,5.449959255046223083e-02,5.238985065898486143e-02,1.609222785343044082e-01,2.168798208638685610e-01,5.871573973559702786e-01,-1.532109506733165052e-02,-5.542679177434624016e-01,-7.974142600869371655e-01,2.867157815064714788e-01,2.365576183506341856e-02,-8.894967900543946371e-01,-3.559147039854109740e-01,3.748201293379742061e-01,-3.822537875039540012e-01,-8.781996968484576671e-01,-1.568206376644111499e-02,3.473363710016894590e-01,-6.654710040640129387e-01,-7.245677482897664445e-01,2.613179694357588012e-01,-5.887351280110031393e-01,-7.767824768552465953e-01,1.320039263664721796e-01,-6.323061978701678409e-01,2.709177157807113878e-01,1.489171175712736273e-01,-2.245281336800341587e-01,8.996621978528087649e-01,8.530479071027848859e-01,2.089713505183609168e-02,6.709950895404561688e-01,-2.805601759276630247e-01,3.703583070613946648e-01,-3.751643677258855725e-01,2.334059204791946174e-01,3.051122588772992375e-02,1.797169076406123986e-02,2.174871656683295129e-01,-2.119430904670477345e-01,1.166268679060766464e-02,-8.118711201764180485e-01,-5.534550918180521917e-01,-5.038072365015738852e-01
-6.419948047641694799e-01,-2.936180008199683611e-01,-5.204942994286686497e-01,8.065013089447898853e-01,5.322978648755911646e-01,-6.857383889024718515e-01,4.600911588903928984e-02,1.000000000000000000e+00,2.706338358017372839e-02,-6.481152861704587709e-01,5.532992862925319999e-01,8.422619919117678711e-01,-4.102498547622160929e-01,-2.753035573944543901e-01,7.300460000651786130e-01,6.237323658575567586e-01,8.101558612481571942e-01,-8.942207951886245454e-02,6.185677156998441450e-01,2.745451412919082679e-01,2.360614899274378342e-01,5.134813877899616630e-01,4.590630630605295748e-01,1.972877390233415407e-01,2.616573761945839016e-01,-6.614170397812145774e-01,-1.823290757344525059e-01,-5.068725454388028906e-01,-7.312901425490495599e-01,-9.171549650993144898e-01,-6.853955024525932860e-01,-9.216100952206739416e-01,-8.551625898441453932e-01,-9.081511118449755449e-01,-8.963135531343608964e-01,-4.743002769014055819e-01,-9.772725121148205796e-01,-6.101939298647265364e-01,-3.192084553083806009e-01,9.182666883105864430e-01,1.645988314052598822e-01,8.608736449260134815e-01,3.497844647267827484e-02,5.768811675717202547e-01,8.187642161375801031e-01,7.308170427839605354e-01,9.753122995877774315e-01,2.362709303367689639e-01,9.797444935225201323e-01,6.803883482371189118e-01,9.665811686541280201e-01,-2.114839336955590468e-02,-3.742625596955579947e-01,-8.740991277852878660e-01,2.000013413764402392e-01,-1.085601746652101358e-02,-7.251848304240853249e-01,-5.854761782618770338e-01,2.837254968956501866e-01,-2.111288064278141474e-01,-8.937102368411188325e-01,-1.200425599365610302e-01,2.551155774883190341e-01,-7.562587715937323374e-01,-6.251977871956417854e-01,2.574855992233937574e-01,-8.982174611184257085e-02,-8.490840022772577766e-01,-5.478596053819739797e-01,4.895558592198321901e-01,-1.182616065408122752e-01,-5.862885218245106334e-01,-8.513855436869676163e-01,2.614140942227179132e-02,-7.030076901105881682e-01,7.463366994111536590e-02,4.383699851302972905e-01,9.657229008218347621e-01,7.504369734203526487e-01,8.714372806571116792e-01,9.233320805050402313e-01,6.612192523557127721e-01,9.501304132017404092e-01,2.754647841708512956e-01,9.551911920389757338e-01,5.037874884551293286e-01,9.174979976559919370e-01,5.443606353616243787e-01,2.851883859036495328e-01,-6.585531345387365953e-02,-1.219955759300416775e-01
4.216901341483219462e-02,8.216684211046627606e-01,-4.003392476829270574e-01,-4.022015998043970697e-01,8.399331590820648952e-01,5.040550652261935882e-01,-6.612625023288727366e-01,2.706338358017372839e-02,1.000000000000000000e+00,8.943154380522507635e-03,-6.322097736489481479e-01,5.092208592373134168e-01,8.343078795058177510e-01,-4.044615596943083036e-01,-6.108186528650823011e-01,3.021823274073826560e-01,-3.761369110653972614e-01,-1.604341667813952432e-01,5.389690047507991189e-01,-7.477638833162931764e-01,-4.816061378940598159e-01,7.798162671901142096e-01,9.736003824621242142e-02,-9.463874541186897416e-01,9.318608109785908589e-03,-6.745226101108172667e-01,-1.247636752407448590e-01,-6.440673543829384950e-01,-2.709727589810778658e-01,-3.124760426259169388e-01,-4.131705431834934439e-01,2.052929732434509713e-01,-3.689480338180062824e-01,3.521363249374319104e-01,-2.838708480694833447e-02,7.813249598194236256e-01,-1.557799767710023597e-01,3.356119828626309420e-01,6.688022564741844533e-01,3.468464022286157356e-01,-3.992777066097702443e-01,-4.085733434051441182e-01,-8.758960015810344224e-01,-7.544429327948191100e-01,5.622615116671232371e-01,-6.120995857844889754e-01,-8.827293263813934532e-02,-7.186071765586096172e-01,7.160790474892747559e-02,5.337681984007257574e-01,1.235340599126787380e-03,5.523432317920302648e-01,6.546085056301248484e-02,2.348321048032881442e-01,9.429199327040127532e-01,1.276428224797715727e-01,-6.704117767879422818e-01,5.356533006446744238e-01,8.115644346481879490e-01,-4.438533439502275191e-01,-2.746838762546492396e-01,9.214879617321405370e-01,3.564244773224047313e-01,-5.093744866634677404e-01,2.242005527196087034e-01,9.565167906441696122e-01,-1.232434717020440551e-02,-5.177884487888080312e-01,7.894089324099893279e-01,3.355984134715415679e-01,-8.172776461937302228e-01,5.793187620071055255e-03,-5.066342662366749572e-01,-8.152012992542546632e-01,-3.753293814472248302e-01,-8.738084221131539042e-01,-3.352146058740111956e-01,-9.323995764038661704e-02,-3.929453451382146079e-01,4.834750674935989201e-01,-1.222996204348620886e-01,7.432921188556100844e-01,2.943849892686165037e-02,7.005327941384830170e-01,2.206484317437048814e-01,4.990706124828557244e-01,3.673680453704882831e-01,6.192318779511837290e-01,5.537528016266048958e-01,6.035587908221646813e-01,3.361583683378143173e-01
5.721007739502599332e-01,4.545237452413196655e-01,8.855856252640232906e-01,-2.381771962176143231e-01,-4.320879505988513558e-01,8.339532956106159300e-01,5.106382965689575393e-01,-6.481152861704587709e-01,8.943154380522507635e-03,1.000000000000000000e+00,1.058961503759120633e-02,-6.902435409324491067e-01,5.237012955269475523e-01,8.190434518204936509e-01,-3.434070626681328120e-01,1.351228916261725810e-01,-2.540502063679610512e-01,7.800309079870260121e-01,3.314912754294119940e-02,2.083511588277795479e-01,-7.826273911031070840e-01,-5.417646369075941326e-01,3.552460294597603041e-01,-1.438967569261678237e-01,-8.825720307987855451e-01,1.827045968135687926e-01,-6.137851441096633387e-01,-1.104192977520864621e-01,7.777598714918056329e-03,7.506501007148389526e-01,-1.875028253450899615e-02,8.051274014226458275e-01,2.744317342705977492e-01,6.443390761099074826e-01,2.660722621281052525e-01,7.430159160111925176e-02,6.039471583528464027e-01,-1.152857491200633550e-01,7.016131879774082369e-01,-4.954717030598498329e-01,5.485073016129353718e-01,-4.307154858158885324e-01,2.932472450634578953e-01,-2.467315601243202094e-01,-4.289770609430934023e-01,-3.482568924480186068e-01,-7.004070674609936820e-01,-6.472654929742389651e-01,-5.969250738086498975e-01,-5.492496123184299056e-02,-5.283294854202116309e-01,6.301836931426166855e-01,9.164498264711739006e-01,7.805443854957773153e-01,-4.029939914984534410e-02,-7.186927555716549065e-01,3.377016565261321546e-01,8.262080712980706121e-01,-5.376769529679069626e-01,-5.291165939368124294e-01,8.304481255209081869e-01,3.505919919072676971e-01,-8.292989263148026202e-01,1.643428574074210224e-01,9.648177469403691475e-01,-1.861557781747787410e-01,-6.865379364672921092e-01,5.092268468770360101e-01,3.537989595841921631e-01,-9.074727274816503098e-01,-3.619130469632153013e-01,-2.221587778018831449e-01,5.281160475593947856e-01,-4.467792436761530150e-01,8.194532390422502519e-03,2.452384279376589316e-01,3.197921397690135503e-01,-7.390759627380477648e-01,-1.319075474208481202e-01,-5.692504919841397948e-01,-3.719296721311212139e-01,-3.298293320555219510e-01,-4.222515923381265357e-01,3.321563611843580954e-01,-5.105202256810517092e-01,2.162364582520273082e-01,-6.146812033340618431e-01,6.171437227831719913e-02,-6.413977062443088073e-01,-8.512758454246777129e-02,-1.843693252628660906e-01
-2.933842096124156806e-01,-5.373036045829195917e-01,3.429128101743970647e-01,9.260802444630275021e-01,-3.158590869397565615e-01,-4.646261677282508828e-01,8.375126732392295104e-01,5.532992862925319999e-01,-6.322097736489481479e-01,1.058961503759120633e-02,1.000000000000000000e+00,4.655195406774700201e-02,-6.236863207009957222e-01,5.502126673789466960e-01,9.198679549930517396e-01,5.244171046217314114e-01,9.045129485122005430e-01,5.480064270973837859e-01,2.909118542024086707e-01,9.235353674387914991e-01,3.062229874650848963e-02,-3.697024276608625315e-01,6.442650039475145141e-01,7.383853828966927546e-01,-3.411705768776532310e-01,-9.646185857039132894e-02,-5.202518577182358994e-01,-1.592360427450429106e-01,-5.576812807327179433e-01,-2.128798928296547766e-01,-4.336742930887592107e-01,-5.280467260260878204e-01,-4.365474288794362057e-01,-7.219920865345046401e-01,-7.121453999754323583e-01,-9.564815169423126484e-01,-4.789067601001270602e-01,-9.248246094833468822e-01,-2.959019313180906163e-01,3.644646168883943771e-01,8.089527029736842678e-01,8.570690070330719834e-01,8.229567113857552130e-01,9.253720481972813605e-01,1.643097429635325402e-01,9.177964074140094741e-01,5.755933659850200890e-01,2.819775787614784424e-01,5.435199403744288560e-01,2.975370334763375313e-01,6.235930183227096357e-01,3.695366967091046062e-02,1.992288127061295488e-01,-5.162313242261258317e-01,-4.567467804891904848e-01,-5.864005012353946666e-01,-5.842225516713474287e-02,-3.928566446654530586e-01,-6.221817508784196482e-01,-2.776449149619471535e-01,-1.600673272814843728e-01,-5.019840115465948882e-01,-5.443904050353730595e-01,-3.163258182295583532e-01,-1.299972839750199727e-01,-5.069041367559656841e-01,-5.509179137270469040e-01,-1.698191907336448481e-01,-8.464409290537282526e-01,-3.454435223515596731e-01,1.820383537250772343e-01,-7.515935859789965034e-01,-1.667952341926895177e-01,2.693592656699867471e-01,-4.580545529554513329e-01,8.293298077554245307e-01,8.888139216620706273e-01,5.423331943537383903e-01,9.375741936939310239e-01,1.749357261944007036e-01,7.689084784686528451e-01,-5.049794472091337361e-02,6.605423981307610992e-01,3.661239484951143985e-02,4.770033596545741883e-01,3.255244145207305539e-01,2.689025382974515876e-01,1.808756011811485376e-01,-5.190865840392580033e-01,-5.328655704462421649e-01,-4.763474509773574228e-01
-5.542817084969617891e-01,9.116490832563751978e-02,-7.785910136553635397e-01,3.931901909631153602e-01,8.811343639454032317e-01,-4.247453667422143586e-01,-4.351414121012038838e-01,8.422619919117678711e-01,5.092208592373134168e-01,-6.902435409324491067e-01,4.655195406774700201e-02,1.000000000000000000e+00,8.737642719722104505e-04,-6.078354349574167648e-01,2.691546899708343044e-01,5.220318458196923084e-01,4.135175238670358855e-01,-3.516496931830647710e-01,6.639248743877053105e-01,-2.483587978546248909e-01,1.297297728256759652e-01,8.719581025327407531e-01,2.519357394172445641e-01,-3.012370848100626164e-01,4.175840355338833465e-01,-8.184138773786067134e-01,-1.362319424647401300e-02,-6.219685409198006942e-01,-6.159762429282059637e-01,-9.616166552210888563e-01,-6.496250119607027695e-01,-7.223303392273631163e-01,-8.189102940530215147e-01,-5.962198769565271173e-01,-6.737083116990332243e-01,5.648382475484050452e-02,-8.822482290484391365e-01,-2.016458994142082684e-01,-6.907498892656646627e-02,9.086256536982404430e-01,-2.401347694394940779e-01,4.788177856029464663e-01,-4.914962065189786844e-01,7.107604182109167335e-02,9.324038574096062959e-01,2.703708368874495616e-01,7.868521879151298970e-01,-2.494784196126010808e-02,8.410163038682177961e-01,7.263246881309691760e-01,7.789420018175883254e-01,8.783109630548560642e-02,-4.634233181478449315e-01,-6.699856018430034865e-01,6.105053534950591887e-01,2.526408324813590456e-01,-9.006738735689379105e-01,-3.438357999400932785e-01,7.358695185669548167e-01,-2.141369936246544647e-01,-9.494088021762393526e-01,2.828264574095821771e-01,5.708376416564561184e-01,-7.938021429408078644e-01,-5.622393546394933717e-01,6.947971438725064619e-01,1.223972775237263527e-01,-9.521002245256986463e-01,-6.391907580313511972e-02,7.344230828202437111e-01,-3.836876241174229096e-01,-3.201480071645134706e-01,-9.535017629151135710e-01,-2.652697732404989961e-01,-6.489597066429830807e-01,-4.514005408154651011e-01,3.335004802184989015e-02,7.881819068737847545e-01,3.323886646046684823e-01,9.662787263671440696e-01,6.457745751356283037e-01,8.922105748440868345e-01,7.535521303590895226e-01,4.379403867921366489e-01,8.752492635965337664e-01,5.190705235267081274e-01,9.520764455550950744e-01,6.476214313917530996e-01,6.371139455030430110e-01,2.797852734288249210e-01,1.372297248437032158e-01
3.754282525176210195e-01,9.212117203891835304e-01,1.112161296463883980e-01,-5.721968811929258880e-01,4.377699269849996133e-01,8.763053496794648289e-01,-3.560588800670304033e-01,-4.102498547622160929e-01,8.343078795058177510e-01,5.237012955269475523e-01,-6.236863207009957222e-01,8.737642719722104505e-04,1.000000000000000000e+00,3.439352376388665755e-02,-7.833846000202560056e-01,2.003754295841424782e-01,-5.606777030271714590e-01,1.957287010669351290e-01,3.593039538208259720e-01,-5.932216354594413987e-01,-7.628776369473168062e-01,3.482268907515256862e-01,1.456232964822820053e-01,-8.894416664274735762e-01,-3.943713494420062471e-01,-3.790430849401995039e-01,-3.213346667542892332e-01,-4.990005257499394720e-01,-9.778463029029707543e-02,2.000154181663369168e-01,-2.360597211860429867e-01,6.589588559665163769e-01,-5.046745307848066880e-02,7.144981806592920481e-01,2.394999950750588691e-01,7.697737743843074965e-01,2.826559992506089691e-01,3.416137295225382675e-01,9.015434552127740142e-01,-6.802078517789532375e-02,-1.427437674653802557e-01,-6.673986792431828574e-01,-6.241532425776963322e-01,-8.343541920650786592e-01,1.569455680010100052e-01,-7.828682167061818964e-01,-5.274319996435464786e-01,-9.075594265209564471e-01,-3.522271266590193961e-01,3.082236994972498700e-01,-3.809517480238898135e-01,7.240000176728031978e-01,4.906173804531435700e-01,6.660479024359468037e-01,7.432143996416162857e-01,-1.813293271527192108e-01,-3.018858203550446873e-01,8.871415312872753534e-01,4.168672161496588258e-01,-5.511452401185037431e-01,2.599638354971505749e-01,9.389450521217954648e-01,-7.977942876511991133e-02,-2.317388792872024372e-01,6.883772843764469629e-01,6.863436274064724785e-01,-2.746015166796245133e-01,-8.276364582260721525e-02,9.006373481003431269e-01,-1.696526090587376912e-01,-8.128712238483929431e-01,1.737054705054168896e-02,-6.503690477500789768e-02,-8.706048208015033651e-01,-1.902214937051022181e-01,-6.488576075855674308e-01,-2.286759527691913374e-01,-5.448814410896707372e-01,-5.139690347787068125e-01,2.485422424006992342e-02,-4.140198581490413532e-01,3.774281087606726759e-01,-3.117120035342874629e-01,6.764768800782510194e-01,-1.869582002203054871e-01,4.201464182646726386e-01,-9.871199545403321063e-02,4.517611748339099287e-01,1.573186842782414718e-01,4.863477976816200088e-01,2.276406739411564739e-01
3.246040133162476082e-01,2.513471666920416916e-02,9.316974526477622698e-01,2.844825197704414776e-01,-5.990364387121688283e-01,4.067027986806155959e-01,8.862390559035522308e-01,-2.753035573944543901e-01,-4.044615596943083036e-01,8.190434518204936509e-01,5.502126673789466960e-01,-6.078354349574167648e-01,3.439352376388665755e-02,1.000000000000000000e+00,2.192569741305133157e-01,3.246694759941682329e-01,2.576406957501014006e-01,9.174693323414651047e-01,1.025970409409303480e-01,6.911224723381064194e-01,-5.752568837178950734e-01,-7.088339295595833534e-01,5.846181644521356580e-01,3.366603152467383953e-01,-8.888854160488348644e-01,1.821604174488617167e-01,-7.363941628933947658e-01,-9.283629697638653977e-02,-2.252133590255878115e-01,5.543397671610804656e-01,-1.716767222147702610e-01,3.911862493538775798e-01,6.342049750982103884e-02,1.506412563943514971e-01,-1.123719303883941451e-01,-4.777930314924408450e-01,2.897548978348915005e-01,-5.676072222813791646e-01,3.618650204161134032e-01,-2.758274290875053492e-01,8.763982809907442384e-01,9.531670838034428384e-02,7.283749449555916300e-01,3.181458605920283178e-01,-3.404230985300202295e-01,2.151759577075910979e-01,-2.957904684458014244e-01,-3.176977185640507684e-01,-2.442617422451357212e-01,3.311246939291172947e-02,-1.423754073398998676e-01,4.731973631224970500e-01,8.401559730907703916e-01,3.739990303210458666e-01,-3.546924414637186995e-01,-8.833059150362126966e-01,3.272460053295851989e-01,4.354446758669646145e-01,-8.288448433318179598e-01,-5.162785007050236796e-01,6.411789994277955484e-01,-5.319621615604713111e-02,-9.811451770155493746e-01,4.654561118712912532e-02,7.084641882558252446e-01,-5.044531111090839737e-01,-8.238141698551779690e-01,4.006337121780976229e-01,-1.991271674433097993e-01,-9.464249070017800580e-01,-1.171509763741740845e-01,-5.351009274342176658e-01,4.140865146734205582e-01,-1.475902891290445662e-01,-1.654748957263912912e-01,6.910513230490814562e-01,7.190730918943611938e-01,-3.425383929222203805e-01,3.771422520826782643e-01,-4.422865960132233432e-01,6.860753231126084928e-02,-3.814250638395999538e-01,-4.043188497011712679e-02,2.101050521957086581e-01,-2.214497720810564840e-01,2.745535246695127163e-01,-4.217239842772255165e-01,6.550486205483828372e-02,-8.363464517586178815e-01,-3.923809538106076689e-01,-4.128165963133319516e-01
-4.714910426006145849e-01,-6.784247311009329318e-01,8.183985921165032665e-03,9.397550501893767727e-01,-1.620777523478396931e-01,-7.360189849901559445e-01,5.999654073147168143e-01,7.300460000651786130e-01,-6.108186528650823011e-01,-3.434070626681328120e-01,9.198679549930517396e-01,2.691546899708343044e-01,-7.833846000202560056e-01,2.192569741305133157e-01,1.000000000000000000e+00,4.223274299655082054e-01,9.316185086270860616e-01,2.245654175319033163e-01,2.345602639807495005e-01,7.963483135151947501e-01,3.265201162270273127e-01,-1.705981751017258963e-01,4.580080996323568354e-01,7.604698601313164552e-01,5.731750486829514067e-03,-1.302322860112004876e-01,-2.503191200868500887e-01,-8.346426136768077264e-02,-5.031959354419950348e-01,-4.543607503140364434e-01,-3.749168400248376054e-01,-7.806339674446257648e-01,-4.842892068747727263e-01,-9.047811331623337727e-01,-7.455125771872390672e-01,-9.290885062718031717e-01,-6.495063425699386661e-01,-8.153001698491251226e-01,-5.473242039417511862e-01,4.988126760187958086e-01,5.555791630074538023e-01,9.527872410318444230e-01,6.779894745528707301e-01,9.619509915276045486e-01,2.847696505609849660e-01,9.861543635729451696e-01,7.816068133195956946e-01,5.166583346320399173e-01,7.094432158555280532e-01,2.729998549201235747e-01,7.602841941711311335e-01,-2.125122616031990264e-01,-1.493118871530495495e-01,-7.623112822805767630e-01,-4.365953166581467704e-01,-2.807587070313257160e-01,-1.515543325600010038e-01,-6.766952020483426589e-01,-4.038699377440155835e-01,-4.678081915590438095e-02,-4.363053309732442542e-01,-6.195850965965734591e-01,-2.120078138314907268e-01,-3.299616678893848576e-01,-4.758253144376548560e-01,-4.336752179094739978e-01,-2.559147219229037651e-01,-3.181028244782976300e-01,-9.287662856388778643e-01,-7.790088350956551498e-04,3.277234353161355696e-01,-6.052694585324501775e-01,-3.245498832663534783e-01,4.368359764453111360e-01,-4.076610521578737933e-01,7.008426667642341235e-01,7.085063300862237679e-01,7.650409331771463872e-01,9.181616070432193633e-01,3.480924912985396413e-01,8.407966805339538441e-01,4.529024142012418042e-02,7.556632713497788423e-01,-1.105917082423766851e-01,6.123279443046154569e-01,2.022728762893568344e-01,4.543477642196776523e-01,1.219479547622119853e-01,-2.628008282936706297e-01,-4.743344212208717159e-01,-3.812862239714750467e-01
-2.479941900208945671e-01,2.774514290229110891e-01,8.054112938258597976e-02,6.599474942327822058e-01,4.690910237942748640e-01,6.930977409724706217e-02,3.583346255783567136e-01,6.237323658575567586e-01,3.021823274073826560e-01,1.351228916261725810e-01,5.244171046217314114e-01,5.220318458196923084e-01,2.003754295841424782e-01,3.246694759941682329e-01,4.223274299655082054e-01,1.000000000000000000e+00,6.608669331575408590e-01,5.751131095657023851e-01,9.351123176493256750e-01,3.345765639697090843e-01,-5.689333013035886566e-01,3.325762037993286735e-01,9.244008528209809450e-01,-1.417874349455731653e-01,-5.015086725826086722e-01,-8.236932086507805506e-01,-8.337010601964632839e-01,-9.000496632553425247e-01,-9.670396110607987206e-01,-5.111037301131734489e-01,-9.703932394323809829e-01,-3.290941915402890161e-01,-8.936212215337152598e-01,-4.235718892697915572e-01,-8.621046256774985705e-01,-3.094100680331278719e-01,-6.802381893247670952e-01,-7.700158668110109739e-01,4.372863890974914014e-01,7.591434789613760170e-01,6.088319067956943220e-01,5.502008995516460832e-01,8.663357263227654259e-02,2.817088744306080472e-01,7.556624319758216135e-01,4.141473378078521228e-01,5.237596005858552450e-01,-5.032901455311872274e-01,6.681172819395118090e-01,9.272569704906105104e-01,6.974815628274776413e-01,7.116070898474553541e-01,4.151107732780761617e-01,-2.882857042215443699e-01,4.617150064544904842e-01,-6.544011470957215026e-01,-7.577593699000446659e-01,1.919853960023529815e-01,6.063721430211115732e-02,-8.734529418343687235e-01,-3.974054003666530610e-01,4.208488778010610609e-01,-3.685386673675142277e-01,-9.110923515698006181e-01,1.893917057617031940e-01,3.908124733195549871e-01,-7.555398994564423987e-01,-7.026400128762944064e-01,-1.379702559784228288e-01,-1.568672528138753131e-01,-6.936448672565910245e-01,-9.236768394249555980e-01,-6.889478864727123231e-01,-5.990028483937291925e-01,-9.567737990731625120e-01,9.087306670540783171e-02,7.493873274113574956e-01,4.748077030675211252e-01,6.966217358123082404e-01,6.681764790102349139e-01,7.567276190007518055e-01,7.002268255360157845e-01,7.843020661945826477e-01,8.336255623885145960e-01,7.590270048473065634e-01,9.551908203421296539e-01,6.541670094074922837e-01,8.960450806519502098e-01,-1.047802943001497761e-01,-5.993688987799741796e-03,-2.361581014106259035e-01
-4.737706702018436022e-01,-4.494023552077643924e-01,8.367823200610904552e-03,9.760538897113154588e-01,4.830048083603936254e-02,-5.797618556442536430e-01,5.808692790372420589e-01,8.101558612481571942e-01,-3.761369110653972614e-01,-2.540502063679610512e-01,9.045129485122005430e-01,4.135175238670358855e-01,-5.606777030271714590e-01,2.576406957501014006e-01,9.316185086270860616e-01,6.608669331575408590e-01,1.000000000000000000e+00,3.560758023161826880e-01,5.101929344276124878e-01,7.420503042039838792e-01,8.865850748027341577e-02,-4.506243936423982681e-03,6.722522678168313393e-01,5.614923160661706714e-01,-1.410779598945745006e-01,-3.951794681757370697e-01,-4.685943765265740968e-01,-3.754541828401711245e-01,-7.359984435184839802e-01,-5.622916813062740493e-01,-6.318279696412147928e-01,-7.582507667676923191e-01,-7.014913138167074846e-01,-8.835815815061274225e-01,-8.969891049312358478e-01,-8.443248054435615879e-01,-7.685690823588268161e-01,-9.082426550619780992e-01,-3.030654786557852587e-01,6.734583372126539125e-01,6.335779427466639024e-01,9.573082767449111463e-01,5.573563897965696512e-01,8.657875811085450346e-01,5.004828337861839671e-01,9.354951859717918206e-01,8.226167435558124907e-01,2.564087300717421414e-01,8.125827778295702242e-01,5.394235499401001110e-01,8.626025830681046669e-01,5.714543262077351193e-02,-1.982962211941682526e-03,-7.316355663851245028e-01,-1.837682655032995549e-01,-4.283886335862913119e-01,-3.947949926160904677e-01,-4.976965352025035649e-01,-2.824325662164943740e-01,-3.227119611356806805e-01,-5.092707286624854612e-01,-3.561584953192234448e-01,-2.692103703858498842e-01,-5.804309514760060962e-01,-3.380696433294582137e-01,-1.975668527794979534e-01,-4.437975240342009187e-01,-5.114714204747242698e-01,-7.891346995156398592e-01,-2.733963528868637791e-02,2.753840707029017384e-02,-7.922400419689233919e-01,-5.136464593751387531e-01,1.502544108001971634e-01,-6.548230472078993003e-01,5.776060956387386591e-01,8.104433170923612817e-01,7.929353779850536466e-01,9.727054799678519492e-01,5.249369303518299779e-01,9.401548299619080229e-01,2.887809035744765551e-01,8.834785605293996591e-01,1.890977172230059733e-01,7.654190838694021615e-01,4.836133747249261039e-01,6.053574972274181620e-01,4.033497192137263654e-01,-2.295246434469060959e-01,-3.799531239923192305e-01,-3.793971832220420781e-01
