1.000000000000000000e+00,4.594565024311471624e-01,3.849946183950487821e-01,4.460626931614576351e-01,2.249013244799668854e-01,1.913629239261916692e-01,1.169661284858698191e-01,7.720654537358526137e-02,5.295167684286959664e-02,3.440241026496422549e-02,4.564379753821894148e-03,-4.070249683348543118e-02,-2.933505238879078117e-02,-5.572058294095961345e-02,-3.136177133434384090e-02,-1.860426044441678209e-02,-5.111037087217831787e-02,-2.987938262808734549e-02,-3.902124114353003326e-02,-4.599184614645802222e-02,-9.209468405692051302e-03,-4.463426035783368134e-02,-1.809321966014853719e-02,4.607161522703550477e-02,4.572605397447330328e-02,2.996253906664693434e-02,-5.302067969718667929e-03,4.580405295157952833e-02,3.161120117611593283e-02,1.047278694518519009e-02,7.402331659289687615e-02,-1.253643016240532475e-02,-1.502269319697231188e-02,-1.548423871292644617e-02,9.647221831170650630e-03,-3.800271700901063088e-02,-5.529837726106934942e-02,-5.238908034298089822e-02,-1.310524403280735259e-02,-1.105669974414386428e-02,-7.162080911405267758e-02,-9.229214910739448607e-03,-3.083153930556063044e-02,-4.606711567578776478e-02,1.300954901891166957e-02,-1.823455135303034963e-02,4.276246014696675340e-02,2.564248605945400675e-02,1.296554923636040330e-02,4.189237813483746853e-02,4.768424697648204064e-02,9.740531508423399057e-03,6.609912036885459870e-03,4.667292812919757519e-04,2.899175319847518278e-02,2.215498970274379018e-02,-1.192530581063673718e-02,4.826673137877711406e-02,-2.915203885961299354e-02,-6.290129574084019244e-03,5.164959180419154659e-03,2.656906997411912288e-03,1.843811553898439676e-02,2.340432983703335038e-02,-2.383939045076778271e-02,-4.193467090377332035e-02,1.459885225977666443e-02,4.037398680213066110e-02,-8.263789338135375719e-04,1.808541787716069077e-02,1.264107830821942051e-02
4.594565024311471624e-01,1.000000000000000000e+00,3.905639896004346467e-01,3.283600615467234252e-01,3.506054901308749971e-01,1.601424356893416945e-01,1.044068406612711358e-01,1.055771745565325936e-01,5.410974717416798530e-02,8.715590445750483195e-02,2.642845901149545873e-02,-1.717373664651349399e-02,-6.535042196031019997e-03,-5.864269158545262761e-02,-3.945907110129049516e-02,-1.376050609588439638e-02,-4.704838519845984390e-02,-1.632425521022484380e-02,-5.073375317300855142e-02,-1.432553315189278448e-02,-1.319263448424749449e-02,-1.753261979969697459e-02,-1.767541018500628364e-02,1.812538606909589942e-02,9.497240945989578881e-03,1.883548404536098189e-02,5.523625487173464653e-03,1.694584047074657041e-02,6.696493149433113690e-02,1.426500128273042178e-02,8.219153917649442420e-02,2.591837483600388514e-02,8.193568541940171590e-03,1.649582772140785816e-02,3.400088076329931680e-02,-1.457539615155716527e-02,-3.454183638595265116e-02,-3.632113149343822039e-02,-2.982496488120731440e-02,-1.963471141386506288e-02,-3.316397190717534221e-02,-2.362517387605946734e-02,-3.071302166902670563e-02,-7.322442015757217766e-03,-1.948230167405740326e-03,-1.492331162050248607e-02,1.333135479106959016e-02,3.904924448341032944e-02,9.641937033309941341e-03,3.772684883992674654e-02,1.636199774625434963e-02,-6.740050599721854677e-03,-7.655291286260439663e-03,3.368574740713371762e-02,2.852509446723070028e-03,2.837086970097559349e-02,-1.418624960883488328e-02,1.909547372930846601e-02,-1.513293639530035282e-02,-3.196865842664638191e-02,-4.672795780172748874e-03,-4.074807011512907549e-03,2.208434637334969960e-03,4.971135619155556476e-03,-2.567734360992457443e-02,-2.351311194177826622e-02,1.598580094119404424e-02,4.468027592279950194e-03,9.601125227880409271e-03,-1.201368546954040620e-02,-2.019921917314951645e-02
3.849946183950487821e-01,3.905639896004346467e-01,1.000000000000000000e+00,3.615976791734030193e-01,4.264701354081266160e-01,3.738217176910360040e-01,2.019491396171851638e-01,1.774569349918918015e-01,1.771360069133208481e-01,1.373818584865356962e-01,8.661104751650124112e-02,4.588998414569033651e-02,4.715621615226170404e-02,-3.778667221993069203e-02,-3.687186477682816849e-02,-1.552680009047271471e-02,-3.578460247908996084e-02,-2.937456398276875116e-02,-5.699936028119444165e-02,-5.242516062777946573e-02,-4.706119297726098910e-02,-5.716436458620353239e-02,-5.466500713923323068e-02,3.644565796641251187e-02,4.992947241346203102e-02,6.702849688543871531e-02,2.195764868883460022e-02,3.671908514548450492e-02,4.619284584818870998e-02,-1.534266071281182447e-02,7.100979927296494076e-02,-2.925777889214392635e-02,-9.531154827440923086e-03,-1.833345979305066667e-02,6.824324663620186249e-03,-2.506933318832841803e-02,-4.622832243358310916e-02,-2.263671614171778798e-02,-2.205290690087338690e-02,-1.006893937842409832e-02,-5.144455891020879162e-02,-2.659597338135180275e-02,-4.807177950076602785e-02,-3.711537348627591548e-02,9.760199099542107848e-03,-2.354698028450713521e-02,3.795330900634919652e-02,5.480973732126112608e-02,2.726079075999592385e-02,6.185171546538249104e-02,7.808375161968381106e-02,9.354175950751796031e-03,-4.423194850334021162e-03,8.980611744250670964e-03,3.426837760320302663e-03,1.285078314450428111e-02,-3.308496218255262133e-02,1.008630150485553822e-02,-3.718298203917539541e-02,-5.434241327162841334e-02,3.158384598221380263e-02,1.393715028695517895e-02,1.174217454055384753e-02,3.756219160432146958e-02,-2.668360988850401565e-03,-3.269690441376442436e-02,3.444153665242048051e-02,2.513154120907643355e-02,-2.707717472790123481e-02,-1.100702238020424308e-02,-1.835089239318188131e-03
4.460626931614576351e-01,3.283600615467234252e-01,3.615976791734030193e-01,1.000000000000000000e+00,3.561915803096793454e-01,3.558556465421550130e-01,2.844305357250841992e-01,1.757089134562283272e-01,1.704503627257503151e-01,1.282629280891559309e-01,7.339821449593574021e-02,3.148915359014681919e-02,3.710410213221841669e-02,-2.632446095490279317e-02,-1.407442041127995001e-02,1.077732437787691511e-02,-1.935723441691746677e-02,-3.162328916171629201e-02,-6.897044152741810263e-02,-6.774616389592390264e-02,-5.088126806087144016e-02,-6.658696505642618113e-02,-5.969874928144704163e-02,4.422387778139083570e-02,6.224366815021868671e-02,6.640413383384677348e-02,7.126283787308811644e-03,5.139432898172567599e-02,4.231249474638084512e-02,-6.724208761189066387e-03,7.594511758703054172e-02,-3.474987989718318626e-02,-2.671107946932257948e-02,-3.474125850708235930e-02,5.960862291831752272e-03,-3.575736326577331342e-02,-6.090311803343956276e-02,-5.554723116137737920e-02,-4.165770444155739161e-03,-1.490975223564280916e-02,-7.708331744188082202e-02,-6.399837197947262114e-03,-3.772464230873510266e-02,-5.482005829290981236e-02,-6.959747537027531454e-03,-2.887499280360058401e-02,2.596987611896704046e-02,3.103473592100981782e-02,3.819835630196073695e-02,5.713957212433816435e-02,6.746957617429596987e-02,3.424964297507813310e-02,3.418970179184596669e-02,1.277354814819085631e-02,1.860507362222831723e-02,1.535667320829761824e-02,-3.647824301634661898e-02,2.529993966531499452e-02,-3.552625833594127286e-02,-2.038732219149785169e-02,7.419201008700140702e-03,2.409311666955202616e-02,2.795277126826520644e-02,2.157435720510910218e-02,-3.122971792230146496e-02,-4.951655039131247493e-02,2.586662279058210209e-02,2.536154800696081152e-02,-2.638276834911829766e-02,7.184125383188130071e-03,6.957153910492239537e-03
2.249013244799668854e-01,3.506054901308749971e-01,4.264701354081266160e-01,3.561915803096793454e-01,1.000000000000000000e+00,3.887325738479115445e-01,3.378689362565505117e-01,3.420511401697951537e-01,2.349134976120629825e-01,2.428046587979373894e-01,1.401874516942455962e-01,4.811612760752626700e-02,3.401243246828499628e-02,-5.925906074110561667e-02,-4.267723318051102471e-02,-1.134079990572214001e-02,-4.130247840676271737e-02,-3.907429201899333127e-02,-5.780695423778563907e-02,-4.189091076383111983e-02,-5.003922218568523234e-02,-5.434393899788130672e-02,-5.362812820717152013e-02,3.363799929045258041e-02,1.673365093393864092e-02,5.836605284141199029e-02,1.457564964128218142e-02,8.711947263609460049e-03,4.888426063788402220e-02,-4.038125214419188008e-02,6.892630527418971975e-02,-3.510651218955442021e-02,-9.518966731470575315e-03,-2.691435489659959809e-02,1.675731309453879284e-02,-8.156888935613330893e-03,1.090804686897358126e-03,6.898100390546617507e-03,2.358309094735769676e-02,1.631197448358057481e-02,-2.817192568495956867e-02,9.503674786427962831e-03,-3.561232577977604952e-02,-1.430696765039320487e-02,2.794876451247618049e-02,7.701830044788927562e-03,2.896017868135196058e-02,9.779342403965775310e-02,8.580736454251386425e-02,8.537221469797398599e-02,4.137446922264703675e-02,-9.645245604668428382e-03,-3.738418099802748307e-02,-1.230949870637539556e-03,-3.107465307097915727e-02,-3.183769439958984530e-03,-4.819715104652403520e-02,-2.508398789154206443e-02,-4.082183651355136833e-02,-7.553920349596336681e-02,-1.865376015530057982e-02,1.129002974707931858e-02,2.803575948076158370e-03,1.192729643694226752e-02,-1.729919760372667162e-02,-1.589589187050128791e-02,4.535317906946289418e-02,5.248407931511989144e-03,-3.446143424826574736e-02,-1.944326175407558657e-02,-2.627572665903489535e-02
1.913629239261916692e-01,1.601424356893416945e-01,3.738217176910360040e-01,3.558556465421550130e-01,3.887325738479115445e-01,1.000000000000000000e+00,4.049959261849267467e-01,3.023707408403962238e-01,4.215783834452656587e-01,2.430626782825382193e-01,2.390201939201345993e-01,1.662488948650049092e-01,1.014065479389441304e-01,3.637303965417482219e-03,-1.971370481677407402e-02,4.293022808513941024e-02,1.819426936216608087e-02,9.155651964401493453e-03,-1.998520315288098564e-02,-6.684503641618919946e-03,-4.911274862524887125e-02,-3.871510571559570735e-02,-4.275835874984870028e-02,1.217295740183796555e-02,1.651250631662964236e-02,4.218987228884108626e-02,5.969958137535692072e-03,2.018975948100852624e-02,4.092953688753014907e-02,-3.010249002241243560e-02,4.762106957822137554e-02,-4.353373282935489585e-02,-5.948275001192931261e-02,-3.720436700750855141e-02,-1.583157033695499830e-02,-5.014197170840667406e-02,-4.294210724619310082e-02,-5.940997048023820282e-02,-2.792903405769637040e-02,-3.651434636664972061e-02,-8.053478419089293849e-02,-3.814478697433851262e-02,-1.091441735920333118e-02,-8.240717309173353766e-02,8.863607005242713291e-03,-2.840285644300855061e-02,-1.965596511811101496e-02,8.933122824256516104e-02,9.569695368033163951e-02,4.869950459743243448e-02,7.274811483623240538e-02,1.711407161868729390e-02,5.920977481528401365e-03,2.589441531666175633e-02,4.943546718083882685e-02,3.390338585746290739e-02,1.495243358396320104e-04,5.752456406587301563e-02,1.571395842759664915e-02,-5.548432426415690621e-02,1.006212396358188155e-01,2.477602923616423897e-02,4.820246524922407183e-02,5.514277891994934927e-02,-4.492350995263356961e-03,-4.415063885096093960e-02,3.153644113728588244e-02,-1.966331239965510118e-03,-3.936963783422187807e-02,-4.022095997896956571e-02,-3.059051624657148014e-02
1.169661284858698191e-01,1.044068406612711358e-01,2.019491396171851638e-01,2.844305357250841992e-01,3.378689362565505117e-01,4.049959261849267467e-01,1.000000000000000000e+00,3.811145605896030242e-01,4.784375451056279149e-01,3.974268089520904823e-01,2.353477143150559947e-01,1.909840478274995035e-01,9.501808356547786216e-02,2.509360203536605341e-02,-9.082505204371552066e-03,-1.505252728974679211e-02,2.197294407295271451e-02,-5.624084916142592372e-02,-2.474749267194357658e-02,-3.562069027942414701e-02,-5.859084524828216817e-02,-3.978047241734878475e-02,-5.045661249447062208e-02,2.294911730406300546e-02,2.945025889822995915e-02,5.477029884004149668e-02,1.329789066336499112e-02,-3.388634522766068025e-03,-8.304778102674548190e-03,-8.664001673115644120e-02,3.276744064320229882e-02,-9.179920048007561562e-02,-1.028500381087499999e-01,-3.371368227945250456e-02,-6.574668269709479929e-02,-3.015314533234570576e-02,-1.744435436906014531e-03,2.666574435244576605e-03,5.386171579812806115e-02,2.456245925750264944e-02,-2.228502638771125664e-03,3.942074131900483863e-02,2.794312200506287452e-02,8.704705507668665868e-03,6.481441640507004665e-02,6.604153886721968181e-02,7.943917083995370720e-02,1.090933142489883545e-01,1.151797432334971116e-01,6.251344555939157555e-02,3.948843174714965903e-02,1.745211158995246814e-02,-9.811452536187499629e-02,-8.521322828322021314e-02,-6.530867364066210434e-02,-7.691389395158264308e-02,-5.918463417710854296e-02,-4.912454143282565105e-02,-1.998702775649942309e-02,-8.587100103262544637e-02,4.280453162473955853e-02,5.213212741496556224e-02,4.184860357109760481e-02,5.662181941765460913e-02,3.288947243297627582e-02,-7.305645961669503079e-03,5.939144696995090483e-02,2.958888447693563961e-02,-3.900389544025951311e-02,-8.531081688372906674e-03,-1.049251334047369283e-02
7.720654537358526137e-02,1.055771745565325936e-01,1.774569349918918015e-01,1.757089134562283272e-01,3.420511401697951537e-01,3.023707408403962238e-01,3.811145605896030242e-01,1.000000000000000000e+00,3.959697785706297601e-01,5.273423788616317109e-01,4.285886749431159770e-01,1.756787469666612478e-01,6.874026319031069365e-02,1.366233982783757531e-02,1.151594334364969968e-02,-1.931979626627100197e-02,9.182918734965950930e-03,-3.001814719441251583e-02,-1.379715620145205712e-01,-1.846737325190511356e-02,-1.566209148774199700e-01,-7.977417276131165691e-02,-1.574683870804252372e-01,-1.345463452600143515e-02,3.144426067916643308e-02,1.431605889876803317e-01,7.670022067048110070e-02,1.669044804319045130e-02,8.598416984661398643e-02,-1.797404438178341890e-02,5.278382496739396357e-02,1.674206265575471989e-02,4.027650723146578710e-02,5.022984192580423612e-02,2.567684695036652476e-02,5.806855213900683627e-02,7.921805420487613991e-02,7.560196224239719431e-02,7.031498321377230298e-02,-3.384792647275447486e-02,2.430610438392127870e-02,2.715384708380322656e-02,-1.245665852923281795e-02,3.401976056605472004e-02,3.494435032616768910e-02,3.342045501098691446e-02,6.793581836094016169e-02,1.217487158589343338e-01,1.085831590725062357e-01,7.162385906971970029e-02,3.157546157646283491e-02,-1.896837036087660813e-02,-1.013092108773968325e-01,-7.077713681182695726e-02,-1.029161067041540478e-01,-4.040936782267205013e-02,-1.134592080340510872e-01,-8.350064979710498936e-02,-6.183998750119421017e-02,-1.461559145551735162e-01,-6.445952847334278368e-02,-3.853395045999738477e-02,-9.034302931211237592e-03,-1.013759201244410491e-01,-1.061611538508944186e-01,6.192151940228781022e-03,4.178880185746690346e-02,-9.980044259791978623e-02,-1.106971749088593304e-01,-5.740667812254837687e-02,-1.226252934968414948e-01
5.295167684286959664e-02,5.410974717416798530e-02,1.771360069133208481e-01,1.704503627257503151e-01,2.349134976120629825e-01,4.215783834452656587e-01,4.784375451056279149e-01,3.959697785706297601e-01,1.000000000000000000e+00,4.270996677689148369e-01,4.740343395271520155e-01,3.739025746371208991e-01,1.421725304210227359e-01,1.062088992568426815e-01,4.589034037642414354e-02,7.467399993606999194e-03,9.535237459784232095e-02,2.470068573779106089e-02,-1.231278869532036538e-02,2.474912370593763608e-02,-8.115835312333047336e-02,-2.665337816980300339e-02,-6.322082096629377812e-02,-7.243321629284294426e-03,-9.914287405255723870e-03,4.714208285907827561e-02,1.070749300676896061e-02,-5.608689096949526914e-02,-3.116280663316568431e-02,-8.395681394916076901e-02,-2.727719333917878047e-02,-6.303530796725641261e-02,-8.056311586883703468e-02,-9.085304860519198208e-03,-3.369261672073311370e-02,-1.236098961783977518e-02,4.063438199159013359e-02,-8.107369181286192342e-03,3.940881838232836165e-02,2.535290796975036773e-02,6.435105424821267565e-03,4.185472025983470734e-02,5.593877793668688980e-02,3.620379130480433361e-02,3.275333891166836570e-02,7.168852720613463902e-02,6.794368787031819512e-02,1.283871039537537173e-01,9.122113632101352954e-02,6.013019085303158290e-02,3.015509579892119638e-02,-2.372833065307228262e-02,-8.963146528055490614e-02,-4.573704493180257014e-02,-3.107305804230688431e-02,-5.919289843773342663e-02,-3.490422147362939875e-02,-5.022347950056298832e-02,-1.238081475106821670e-02,-8.039891045339986331e-02,9.902591695528834004e-02,2.277028485671415275e-02,2.646952316319972978e-02,4.233271307052845905e-02,-2.367632221910887999e-02,-4.638840109282968416e-02,4.638475261529654420e-02,-4.256684904062912195e-02,-7.912530652937536935e-02,-6.397310462990671298e-02,-7.628168151833601696e-02
3.440241026496422549e-02,8.715590445750483195e-02,1.373818584865356962e-01,1.282629280891559309e-01,2.428046587979373894e-01,2.430626782825382193e-01,3.974268089520904823e-01,5.273423788616317109e-01,4.270996677689148369e-01,1.000000000000000000e+00,3.752663495716231368e-01,3.266687174657076920e-01,1.939899634422820873e-01,3.372113127755986539e-02,2.717528507744016927e-02,2.265841859198097080e-02,4.710814118720307864e-02,-1.033315826778376419e-02,-2.680171464779165097e-02,2.045137746173756113e-02,-6.434663448681192388e-02,9.310025428437917019e-05,-6.287572985776913870e-02,-2.076993599116824796e-02,3.425005753429106320e-02,6.102494335150685650e-02,5.266411830599668914e-02,3.761369442735225735e-03,1.029069288939122489e-03,-2.587074151826109988e-02,8.788703992104361651e-02,-1.741302368839747761e-02,-1.365006478800947012e-02,3.940410436455461102e-02,-2.622937490272612970e-03,-1.036269151277228193e-03,9.354243197511412367e-02,4.208396561671024633e-02,4.325276790949696831e-02,-4.726286184684710782e-03,4.333784983094402660e-02,6.551560610844549097e-03,2.247973549715193489e-02,3.619371275906441143e-02,1.604500212695985500e-02,4.493433724062953494e-02,2.732810284510529819e-02,8.379587522738818350e-02,1.075007801321617301e-01,2.899361990340625084e-02,1.731814499905936014e-02,1.389177875502452773e-03,-6.852574346474134270e-02,-3.284146727342656530e-02,-9.528656126779323776e-02,-2.288762412467102228e-02,-4.732964314671814915e-02,-5.693444151635786155e-02,4.211991209258475477e-02,-1.125331079809186730e-01,2.184334805892087367e-02,-1.974729764955982826e-03,3.492820908572902283e-02,-5.227061589808247675e-04,-3.177822322505590574e-02,-2.347711573570220381e-02,-1.720658312882071507e-03,-5.096475863822681751e-02,-9.389881332211666431e-02,-7.262625708677869496e-02,-7.326267239712801194e-02
4.564379753821894148e-03,2.642845901149545873e-02,8.661104751650124112e-02,7.339821449593574021e-02,1.401874516942455962e-01,2.390201939201345993e-01,2.353477143150559947e-01,4.285886749431159770e-01,4.740343395271520155e-01,3.752663495716231368e-01,1.000000000000000000e+00,3.713033484238486559e-01,1.609900735778110881e-01,1.503566349336437069e-01,6.860824853681528335e-02,6.386471865600226727e-02,1.174157849000706938e-01,5.492004306688452742e-02,-3.999542416975803566e-02,7.112499895226404023e-02,-9.293136061864157305e-02,-5.504193613411768318e-04,-8.807691554797000832e-02,-5.476255476085795798e-02,-4.656946004474391693e-02,6.013740762980780696e-02,5.548216633276387838e-02,-6.693000456141355581e-02,5.881786906281938126e-04,-1.329288773343611368e-02,-2.438451045520751564e-02,2.029146376911656821e-02,4.211031056419661106e-02,7.963772882824166066e-02,4.590843564650192582e-02,7.576969000685165878e-02,9.420064860115043293e-02,6.115685481615389107e-02,6.910813258006417992e-02,1.809045591005667072e-02,3.607577453485968227e-02,3.997206668999857271e-02,6.549705546755975327e-02,7.980478746642827304e-02,3.487228445510041214e-02,7.757733722068073379e-02,3.941055858425492053e-02,9.585331991374859695e-02,4.552908577115833549e-02,1.548187943222809927e-02,1.189697412583109667e-02,-6.240544486387461509e-02,-6.986133157467604160e-02,-4.241180106736901906e-02,-5.029786945858736452e-02,-4.714626790500455605e-02,-5.296964363040884000e-02,-7.906990590228975269e-02,-3.278827372253784178e-02,-9.730721256588825696e-02,-8.495650159892741832e-03,-2.845848220719737753e-02,-5.487490168326723469e-03,-8.752455097056158206e-02,-1.027129183747156060e-01,-1.599709742577364036e-02,-2.176762949482560772e-02,-1.041969221980682953e-01,-8.925723255863766969e-02,-9.009187230292645121e-02,-9.517016839049340093e-02
-4.070249683348543118e-02,-1.717373664651349399e-02,4.588998414569033651e-02,3.148915359014681919e-02,4.811612760752626700e-02,1.662488948650049092e-01,1.909840478274995035e-01,1.756787469666612478e-01,3.739025746371208991e-01,3.266687174657076920e-01,3.713033484238486559e-01,1.000000000000000000e+00,4.568559871111882442e-01,2.144175074528516245e-01,8.413162126722276146e-02,7.871713610783702408e-02,2.022013969372543629e-01,9.422128415413207059e-02,-3.085364310927768503e-03,3.704779295064626610e-02,-4.151276980618633095e-02,6.977446436489872887e-03,-2.113435737439042089e-02,-2.131806003999687713e-02,-4.561769979458269592e-02,2.867379950964448962e-02,2.371421302528751301e-02,-5.971449874175556449e-02,-1.108545777862611666e-02,-7.296966992059188140e-02,-5.556781301862079303e-02,-1.500927112544958640e-04,6.679665858198469142e-02,1.611842199734548481e-02,5.358885660289561259e-02,3.897542118630190067e-02,6.366324099834856642e-02,7.920353630383252311e-03,3.938983052725141681e-02,-3.572564766692987170e-02,3.407667206707340555e-03,-2.398365572933070303e-02,-9.214133360038382140e-03,3.515894366523966696e-02,-3.394379011235501564e-02,3.062142851380108069e-02,-1.429303790972671732e-02,2.188995356556716447e-03,-3.633889662687856542e-02,-1.652021220248745675e-02,2.990437763952225741e-02,-3.685611960885750576e-02,7.652688889893448365e-02,7.193779736540374670e-02,-5.311868222135965843e-03,2.145171059330483465e-02,1.872418646217505894e-02,-4.141794719030489347e-02,5.772151635260681923e-02,-4.182868738662733066e-02,1.155422159405574550e-02,8.373098820375647882e-04,-2.175024817836377494e-02,-3.558794581898549331e-02,-3.655627784932875823e-02,-1.043061135391246466e-03,-1.611016590979286525e-02,-7.788627766279138109e-02,-3.056572656500642846e-02,-5.406578069526477015e-02,-7.179807173982886981e-02
-2.933505238879078117e-02,-6.535042196031019997e-03,4.715621615226170404e-02,3.710410213221841669e-02,3.401243246828499628e-02,1.014065479389441304e-01,9.501808356547786216e-02,6.874026319031069365e-02,1.421725304210227359e-01,1.939899634422820873e-01,1.609900735778110881e-01,4.568559871111882442e-01,1.000000000000000000e+00,3.808247458896252269e-01,3.079168105460887150e-01,3.002025767526109723e-01,4.082346652313144086e-01,1.974061655737625320e-01,1.233270254398803438e-02,1.005291427628452134e-03,5.656180707552015130e-02,-3.595128145276630521e-02,6.731336527704674666e-02,8.755976580166154044e-02,-3.738373567446661577e-02,-2.638921838329256683e-02,-9.412723492911623246e-02,-2.492721195953789132e-02,-5.931267621766782294e-02,-1.360859215344544237e-01,-7.678441660152482418e-02,-9.165779949520340419e-02,-3.539861164357595725e-03,-7.310513443064263484e-02,-5.471248820416905155e-03,-4.139137693532991130e-02,5.110312554862230482e-03,-5.385196553167645450e-02,-2.344468341257992076e-03,-3.865851140089452548e-02,-3.734127583796690436e-02,-4.652094449469099113e-02,-2.204581599780260429e-02,1.181675678303147677e-03,2.660412035188446361e-03,2.408881314155800896e-02,-3.344841406663356942e-02,-4.149240443071777057e-02,-3.006667952306282116e-02,-3.837130559525889217e-02,1.945949874134979968e-02,-3.674512792086007812e-02,1.739330425026141547e-01,1.069804958581861282e-01,5.686898245582822087e-02,4.515657323493604131e-02,2.583911034998394307e-02,3.737446642780543199e-02,1.037356731933619103e-01,6.096599833491419401e-03,5.285237931600216682e-02,2.648592087457964095e-02,-1.254958398487722795e-02,-1.239465641813674614e-03,5.068167277719660274e-02,4.489583068767320773e-02,-2.775951420959939242e-02,2.592551902585417747e-02,3.179148037561326662e-02,6.759204238899564621e-03,3.707830796956850666e-02
-5.572058294095961345e-02,-5.864269158545262761e-02,-3.778667221993069203e-02,-2.632446095490279317e-02,-5.925906074110561667e-02,3.637303965417482219e-03,2.509360203536605341e-02,1.366233982783757531e-02,1.062088992568426815e-01,3.372113127755986539e-02,1.503566349336437069e-01,2.144175074528516245e-01,3.808247458896252269e-01,1.000000000000000000e+00,4.574069409842506095e-01,2.377844745499849144e-01,7.041543944882143746e-01,2.388886648104591170e-01,7.815683052024943733e-02,1.147323716126757154e-01,3.495042789838598979e-02,2.877805186690347850e-02,7.081911499866397341e-02,-2.842943923388541964e-03,-1.404716371988964096e-01,-8.284582838494845836e-02,-9.418478554804066150e-02,-1.188764716686757095e-01,-1.103039009641489654e-01,-1.064412897586291262e-01,-1.273245426503780420e-01,-1.021720254383847726e-01,-3.692049197595293625e-02,-8.302458254338071497e-02,-8.238225406774281334e-02,-5.075668518476188912e-02,2.441649205404194944e-02,-4.623240505807859474e-02,2.337554362045908898e-02,5.355078030360264224e-02,7.561202325968456595e-02,4.311641166255780061e-02,5.191690495907966274e-02,1.036562539869234217e-01,6.337383833175301573e-02,3.739831273997042387e-03,-6.506338959249859631e-03,-5.664660522620556388e-02,-3.321319902105564215e-02,-3.904469328206592454e-02,-9.704489561963912381e-02,-7.584578406863926037e-02,1.163157709445540450e-01,3.874951535850425233e-02,5.260284199615815337e-02,4.219532507824049102e-03,5.772077521758314789e-02,1.230183026329648155e-02,9.707976966097800475e-02,5.593911100609753190e-02,9.873313926375913707e-02,1.393079976003387954e-01,3.683484557286883371e-02,6.161918408100903501e-03,5.538600742322548343e-02,3.710269447822491656e-02,-2.906652674496023811e-02,4.998094241099913099e-02,2.937341970949228914e-02,-3.722793746381270440e-03,3.655243547493391976e-02
-3.136177133434384090e-02,-3.945907110129049516e-02,-3.687186477682816849e-02,-1.407442041127995001e-02,-4.267723318051102471e-02,-1.971370481677407402e-02,-9.082505204371552066e-03,1.151594334364969968e-02,4.589034037642414354e-02,2.717528507744016927e-02,6.860824853681528335e-02,8.413162126722276146e-02,3.079168105460887150e-01,4.574069409842506095e-01,1.000000000000000000e+00,3.479489015248333761e-01,5.173371862671333199e-01,4.383942223070831923e-01,1.156999188606267631e-01,1.826839165852829072e-01,1.987353858147637986e-01,5.896251239091915286e-02,2.224827912394310436e-01,4.038236151744117181e-02,-2.355575833123733920e-01,-2.234886814923844611e-01,-2.078887575252061637e-01,-2.065297140203142534e-01,-2.134940081498914177e-01,-1.410192826058201676e-01,-2.616866462108894953e-01,-1.304276009513804235e-01,-1.236831458539040529e-01,-3.356873976456624387e-02,-9.474994202357406303e-02,-2.802998224258067272e-02,7.946142363648425744e-02,1.046508206829750015e-02,6.215560044984299454e-02,1.056004005869245338e-01,9.671669559423115570e-02,6.403039626628867498e-02,1.228674550516701269e-01,1.281246592990117061e-01,4.512623265780936477e-02,6.519663664524158464e-02,-3.758855450835172501e-02,-7.032646927881759658e-02,-5.816361252430405498e-02,-6.310954807756476159e-02,-1.519771124436588017e-01,-7.405731281845769065e-02,1.289300232645280431e-01,6.752658440646919225e-02,1.194952774328366940e-01,4.984925253146580554e-02,1.414460310537020704e-01,8.195464967674077894e-02,1.062081521011522117e-01,1.609381792813163181e-01,9.023531743471757682e-02,1.724972105529735261e-02,4.530505693913520343e-02,-1.635985005367325898e-02,3.286856430860666395e-02,2.801221817302494352e-02,-1.524927148356725881e-01,2.487254378371631103e-02,8.570070717201562494e-02,-5.175447620815341876e-02,1.015959339904590336e-01
-1.860426044441678209e-02,-1.376050609588439638e-02,-1.552680009047271471e-02,1.077732437787691511e-02,-1.134079990572214001e-02,4.293022808513941024e-02,-1.505252728974679211e-02,-1.931979626627100197e-02,7.467399993606999194e-03,2.265841859198097080e-02,6.386471865600226727e-02,7.871713610783702408e-02,3.002025767526109723e-01,2.377844745499849144e-01,3.479489015248333761e-01,1.000000000000000000e+00,3.554986870071935590e-01,4.885572175878911683e-01,2.724240519325880627e-01,1.969137921094405441e-01,3.197448863906660610e-01,1.229782621679356425e-01,3.301676654921136267e-01,6.322282728709335831e-02,-2.141667352047800232e-01,-3.095293574468970244e-01,-2.244023504519878365e-01,-1.650316594409501347e-01,-2.789592659264211738e-01,-1.695264755258926725e-01,-1.058790333197929812e-01,-1.639547202648090063e-01,-7.553116986756777673e-02,-6.177523590882738613e-02,-8.718008146465948405e-02,-8.921788447713070724e-02,1.457927096749049752e-02,-2.207429766833245849e-02,4.942226603593642686e-02,7.978019709723498110e-02,-2.900729341254300667e-02,3.551054319857704228e-02,1.146449233486184910e-01,2.791293049337295953e-02,5.440307123646900833e-02,1.254762290196786700e-01,-2.665182247857948456e-03,3.822479841707174708e-04,-5.373487818269730848e-02,-6.499222219925787636e-02,-3.918903630529569498e-02,-1.315662164169726089e-01,1.624130666505669007e-01,6.081036780225504423e-02,1.412264288933122169e-01,3.200662364613553884e-02,9.729686029015713333e-02,1.058574109869279967e-01,8.578214232658726290e-02,1.071954485784181454e-01,1.755240051614105901e-01,9.849615595406352453e-02,1.193891613749633179e-01,9.605888688888584992e-02,1.244377897350161799e-01,4.531825505961240529e-03,-1.048513173265104015e-01,1.340706916505523261e-01,5.681134023422104024e-02,-2.280021482614071407e-02,1.611352356384626594e-01
-5.111037087217831787e-02,-4.704838519845984390e-02,-3.578460247908996084e-02,-1.935723441691746677e-02,-4.130247840676271737e-02,1.819426936216608087e-02,2.197294407295271451e-02,9.182918734965950930e-03,9.535237459784232095e-02,4.710814118720307864e-02,1.174157849000706938e-01,2.022013969372543629e-01,4.082346652313144086e-01,7.041543944882143746e-01,5.173371862671333199e-01,3.554986870071935590e-01,1.000000000000000000e+00,3.485924145485365666e-01,1.425946497615785957e-01,1.781058026597598654e-01,1.074512979791969886e-01,7.115167480011161394e-02,1.384757789331008127e-01,-1.714069515300918611e-02,-2.054999369834601408e-01,-1.592927793979431461e-01,-1.324356946179436889e-01,-1.636795510579213409e-01,-1.513181492598748568e-01,-1.266273059106783061e-01,-1.868489050327345191e-01,-9.194266132995879137e-02,-8.700610718732107451e-02,-6.715708002686923694e-02,-8.058199468472564131e-02,-5.268311613280554639e-02,3.905938858937688801e-02,-2.646106378424656000e-02,4.872637076948190850e-03,8.590620814671844074e-02,1.024784249242157441e-01,5.600924260218577422e-02,1.024089952747752191e-01,1.287665236620161580e-01,9.327708382107188778e-02,4.669069543961573698e-02,-1.776997128027673831e-02,-4.234271535842336343e-02,-4.444984174162123353e-02,-5.148726382348454977e-02,-1.577744991441906997e-01,-1.343967583210488037e-01,1.464929424653461376e-01,5.555280920174387321e-02,7.077222717147207964e-02,2.563477324580119149e-02,1.153104897672307255e-01,4.788596455615368175e-02,1.391997551477243966e-01,9.933682318606641692e-02,1.285078332954016078e-01,1.224593805887017328e-01,6.471724326791991611e-02,-9.148483055623263596e-03,3.368693707748375565e-02,2.227009221181601092e-02,-8.982662405116750848e-02,1.269900108096052617e-02,2.680611447504001668e-02,-4.489363519532009461e-02,2.969649348135593864e-02
-2.987938262808734549e-02,-1.632425521022484380e-02,-2.937456398276875116e-02,-3.162328916171629201e-02,-3.907429201899333127e-02,9.155651964401493453e-03,-5.624084916142592372e-02,-3.001814719441251583e-02,2.470068573779106089e-02,-1.033315826778376419e-02,5.492004306688452742e-02,9.422128415413207059e-02,1.974061655737625320e-01,2.388886648104591170e-01,4.383942223070831923e-01,4.885572175878911683e-01,3.485924145485365666e-01,1.000000000000000000e+00,3.589947507180065167e-01,4.420675297768916767e-01,4.215026251569589655e-01,3.054481363227703472e-01,4.236447066153385399e-01,-1.000391915086450423e-01,-3.527115499571775170e-01,-4.361273269009273146e-01,-1.838716000709149645e-01,-3.224844048890878612e-01,-3.513888003643846902e-01,-6.872258511171872031e-02,-2.175548464796513148e-01,-8.260723475945175309e-02,-8.553245308301199445e-02,4.589298196957902060e-02,-4.236247033233818404e-02,-2.486677318438426307e-02,6.602483340605458384e-02,-1.728989823531612915e-02,1.245895710261492491e-02,1.594349217780257899e-01,1.322538951528939855e-02,-2.035667554724945871e-02,1.886993099999819123e-01,5.134807621134387934e-02,-3.055958990801904002e-02,9.989540163270517470e-02,-9.470667950516563349e-02,-5.447787231497717986e-02,-1.227659555086085125e-01,-1.053950938519985642e-01,-1.079812157487329283e-01,-1.106549239660545303e-01,1.715858063874049766e-01,1.406429664132689550e-01,2.453816392723249529e-01,1.375881586319555316e-01,2.614498561557734302e-01,2.121230040089442104e-01,1.899610840548006108e-01,2.285329932332567093e-01,2.283993968331103630e-01,2.039500045541575712e-02,1.785728567684751744e-01,5.694360616826726895e-02,3.840675318508034175e-02,-5.828716861074043770e-02,-2.535142308111921761e-01,-2.191516809006435057e-02,2.246417433400785604e-02,-1.686707768115915662e-01,6.283677539271491364e-02
-3.902124114353003326e-02,-5.073375317300855142e-02,-5.699936028119444165e-02,-6.897044152741810263e-02,-5.780695423778563907e-02,-1.998520315288098564e-02,-2.474749267194357658e-02,-1.379715620145205712e-01,-1.231278869532036538e-02,-2.680171464779165097e-02,-3.999542416975803566e-02,-3.085364310927768503e-03,1.233270254398803438e-02,7.815683052024943733e-02,1.156999188606267631e-01,2.724240519325880627e-01,1.425946497615785957e-01,3.589947507180065167e-01,1.000000000000000000e+00,4.411515707665748520e-01,5.046784751363564414e-01,5.626967219886245264e-01,4.779546306329828798e-01,-2.420802500261866053e-01,-6.565799238993222375e-02,-4.682802502819294888e-01,1.837711582170314245e-02,-1.323194876597004466e-01,-4.725366332539527869e-01,3.383795656306703287e-02,-8.332818767732927401e-02,-1.845194330539221828e-01,-2.851771099188163405e-01,-3.966774289592962105e-02,-2.333622225942752482e-01,-2.349757073856322820e-01,-1.777876884702303539e-01,-1.130138036250445122e-01,-3.104033925828178844e-02,2.219344932880656096e-01,-3.581614489752928121e-02,1.977809326266011941e-02,3.373894342019767012e-01,-4.787005948820095835e-02,5.023639541184492241e-02,1.124282054507490108e-01,-9.988343958633143227e-02,-1.376046477339914198e-01,-5.820309754836875543e-02,-2.381795521263010418e-01,-1.275490521692534407e-01,3.509028698874037261e-02,1.517046466703796670e-01,9.924340666571734859e-02,3.491457058173518258e-01,1.074895667828086460e-01,3.347100297282731840e-01,3.501323697231258913e-01,2.400183018673281155e-01,3.569197573072829810e-01,3.803138186549309685e-01,1.151632670626280414e-01,3.215830093387766486e-01,3.691460867280275115e-01,2.419689349666873102e-01,-1.696247885449969350e-01,-2.344730926042428998e-01,1.357493426572605466e-01,-9.233299604551850615e-02,-1.630548896901198030e-01,1.329530034539437855e-01
-4.599184614645802222e-02,-1.432553315189278448e-02,-5.242516062777946573e-02,-6.774616389592390264e-02,-4.189091076383111983e-02,-6.684503641618919946e-03,-3.562069027942414701e-02,-1.846737325190511356e-02,2.474912370593763608e-02,2.045137746173756113e-02,7.112499895226404023e-02,3.704779295064626610e-02,1.005291427628452134e-03,1.147323716126757154e-01,1.826839165852829072e-01,1.969137921094405441e-01,1.781058026597598654e-01,4.420675297768916767e-01,4.411515707665748520e-01,1.000000000000000000e+00,4.328835474180697251e-01,6.718898696688715422e-01,4.537254413503578609e-01,-5.294915297024286316e-01,-4.856004963212846581e-01,-5.243044249429965609e-01,9.534632823730952722e-02,-4.069003822635595125e-01,-3.216530491578453721e-01,2.120850928668867597e-01,-1.709532379007670522e-01,9.041476513814469818e-02,-1.230519994239757248e-02,2.367322413559800331e-01,-1.582408686620885227e-02,3.345241185173419840e-02,-4.500466463994916982e-03,4.884510188027382099e-02,-8.706494339699007157e-02,2.404619755455812413e-01,1.316510064044490169e-01,-1.132509189431827878e-01,3.183684323153452844e-01,1.111011814091035083e-01,-9.632974442876056365e-02,6.635869202552120705e-02,-1.943041522533839882e-01,-1.198052202315031123e-01,-1.133341435096318073e-01,-2.262120111801447231e-01,-1.803368843991975667e-01,-6.918204063027061368e-02,2.454822507615939467e-02,2.153131697267763600e-01,2.141327285531673952e-01,2.338817056498236069e-01,4.264896134738168643e-01,2.301189740164486797e-01,3.111115268742731810e-01,3.058047780644827518e-01,2.476547074051872743e-01,6.026661335798534636e-02,2.280693976320589955e-01,1.421329283920558413e-02,-6.342078681296958731e-02,-1.763415951350295052e-01,-3.808844609111452506e-01,-2.236163488909182484e-01,-1.165838894066732329e-01,-3.970356586316244329e-01,-8.368805256745488752e-02
-9.209468405692051302e-03,-1.319263448424749449e-02,-4.706119297726098910e-02,-5.088126806087144016e-02,-5.003922218568523234e-02,-4.911274862524887125e-02,-5.859084524828216817e-02,-1.566209148774199700e-01,-8.115835312333047336e-02,-6.434663448681192388e-02,-9.293136061864157305e-02,-4.151276980618633095e-02,5.656180707552015130e-02,3.495042789838598979e-02,1.987353858147637986e-01,3.197448863906660610e-01,1.074512979791969886e-01,4.215026251569589655e-01,5.046784751363564414e-01,4.328835474180697251e-01,1.000000000000000000e+00,4.499681336041900792e-01,8.149260194854177630e-01,3.661760412763887668e-02,-4.078625913768602618e-01,-7.540105028737740245e-01,-3.994151220153239756e-01,-3.968858207318989306e-01,-6.010912034225590617e-01,-1.992363610708144384e-01,-2.902900805687087527e-01,-2.398507197193219809e-01,-1.185189395149925246e-01,1.143508369510957690e-01,-1.830541151918219089e-01,2.341409607578751051e-02,-5.778476802991586170e-02,1.125599480661201163e-01,1.144763202720382039e-01,2.594104791020255818e-01,1.116828639147368352e-01,1.249159761560422743e-01,3.379875541483225443e-01,1.228211727493605659e-01,1.568555379074945411e-01,2.633279785846227572e-01,-9.591108949758862801e-02,-8.911049722916140892e-02,-7.337433867669614085e-02,-1.969466566820378128e-01,-1.797341238576172506e-01,-1.054458456862561594e-01,4.633369655448576346e-02,6.928119135566848663e-02,1.353850622493513178e-01,-3.919085875290582999e-02,3.037457182242981335e-01,1.786851562447575592e-01,1.675809565779745047e-01,2.966396651247260041e-01,2.043075099535493211e-01,-8.370651353050925780e-02,1.128880207200045616e-01,1.727473835664652957e-01,2.722581055100105618e-01,9.264687776894023341e-02,-2.373559153910915487e-01,1.823443694171851537e-01,2.268054051627034773e-01,-6.046965177262175056e-02,3.037607669372816011e-01
-4.463426035783368134e-02,-1.753261979969697459e-02,-5.716436458620353239e-02,-6.658696505642618113e-02,-5.434393899788130672e-02,-3.871510571559570735e-02,-3.978047241734878475e-02,-7.977417276131165691e-02,-2.665337816980300339e-02,9.310025428437917019e-05,-5.504193613411768318e-04,6.977446436489872887e-03,-3.595128145276630521e-02,2.877805186690347850e-02,5.896251239091915286e-02,1.229782621679356425e-01,7.115167480011161394e-02,3.054481363227703472e-01,5.626967219886245264e-01,6.718898696688715422e-01,4.499681336041900792e-01,1.000000000000000000e+00,4.208732803897788366e-01,-6.835436470601684578e-01,-1.939827658348846351e-01,-5.024006308629427320e-01,3.323713326548987101e-01,-1.504408216499268369e-01,-2.842307588908791760e-01,3.505104979882912031e-01,3.243474189945870501e-02,1.083239540903705722e-01,-4.904412373128436142e-02,2.026715534202129521e-01,-1.253097377384819640e-02,-7.869802518626710375e-02,-1.392998261950278427e-01,-7.381807411185276058e-02,-1.711021934037503522e-01,1.564049344972308908e-01,9.600359103502207822e-03,-1.950211069903367844e-01,2.584515870566921336e-01,-4.476370196319070377e-02,-1.670835556053152093e-01,-1.534494109206045905e-02,-2.435376770300031191e-01,-2.335979205128669578e-01,-1.276352639501933117e-01,-2.950109840753015189e-01,-1.005249839279075963e-01,7.117712855847431463e-02,1.407328273005150898e-01,2.755918858421032014e-01,3.199600134469003376e-01,2.930557741304840591e-01,4.501520869929415691e-01,3.590805646772274873e-01,4.185872975384220540e-01,3.717851398028341192e-01,3.444679851096169032e-01,7.480843647056799328e-02,3.217860857247864526e-01,2.131466035607219867e-01,2.336633523734159279e-02,-3.252784670465250771e-01,-4.416969418478150500e-01,-1.558215634410185235e-01,-2.446116119090783192e-01,-3.920532094987883021e-01,-7.161625098100565801e-02
