1.000000000000000000e+00,5.464570374189964275e-01,3.669647314768949564e-01,-2.947107210021786966e-02,-9.196929836071858488e-02,6.989610998816887799e-02,-6.671880895703999337e-02,-1.042718915982613903e-01,1.050843951177256597e-01,1.457444493722468704e-01,8.594823634136440627e-02,2.969449182061558237e-02,-2.307233375531498112e-02,-2.228609785027746079e-02,6.872105844620927939e-02,-2.003040988602600159e-02,-1.888429874506104000e-01,-2.196446380079037086e-01,-1.549057128473053380e-01,1.700525053546440499e-02,4.076180808344739837e-02,-9.351965978541171287e-02,9.306819997387917945e-03,2.380129524190580381e-01,1.251431615210848742e-03,-1.503351419714128445e-01,-3.952569812805037386e-02,2.298195689916533724e-02,-4.556080058375162195e-02,-2.681897841292603737e-02,-2.382820012602276660e-01,-1.459548922459179277e-01
5.464570374189964275e-01,1.000000000000000000e+00,5.470155066138090438e-01,1.131655604019825290e-01,-3.018024309788580051e-01,-7.039427681016513505e-02,4.264958798497052450e-02,-2.341262981233834251e-01,-1.586971209094910629e-01,-1.191788093403124832e-01,1.525735252362467494e-02,-1.764088396158323621e-02,-1.772629857554997856e-01,2.370826294900165235e-02,4.017458995146498679e-02,-1.971197657614280341e-01,-2.908009946782343924e-01,-2.485800815139350139e-01,6.410423540973431145e-02,2.688928606386102871e-01,2.919295092705364025e-01,2.121911655110940154e-01,7.490798629074828241e-02,3.180939139587290465e-01,1.769613065141848740e-01,-1.368828851644138533e-01,-2.720938965403179588e-01,-1.149332038064212330e-01,-2.800044946235145660e-01,1.255334734027528480e-02,-2.134111213695988885e-01,6.308787824673338374e-02
3.669647314768949564e-01,5.470155066138090438e-01,1.000000000000000000e+00,5.469767247732115756e-01,1.591083610648859059e-01,2.797121102094849987e-01,2.269192749770807538e-01,3.100620996467159766e-03,-1.495160232236845133e-01,-2.325012059883721227e-01,-2.735997158001153284e-01,-3.004233778786347675e-01,-4.124068564205961018e-01,-2.767934457162520290e-01,-2.420792293797254247e-01,-2.779417518179205238e-01,-2.552931133322851043e-01,-3.295513583359242771e-02,2.815151856612809200e-01,3.862575131609149448e-01,1.103330193653955377e-01,1.940047520544862236e-01,3.519977819248156226e-01,3.687223871235512096e-01,3.506672473884606678e-01,1.448010520233478093e-01,-7.059405613236564847e-02,-3.073133318332282871e-01,-2.534585590781927023e-01,-3.567627930820360671e-01,-3.642019896591606187e-01,-5.141161357539017485e-02
-2.947107210021786966e-02,1.131655604019825290e-01,5.469767247732115756e-01,1.000000000000000000e+00,5.309437263774694493e-01,2.980127470686430025e-01,3.185305535562311108e-01,1.157810591902183328e-01,-2.064639604462618072e-01,-3.736450865164891999e-01,-4.008979676225358779e-01,-4.058953759341728529e-01,-4.254476305106419387e-01,-3.431010698103346690e-01,-3.190583162370347337e-01,-3.141306414222456711e-01,-1.570482438154446603e-01,2.440554243457466466e-01,4.212907802178455507e-01,3.133792911309845608e-01,-5.058109376976611948e-02,2.855112108017320849e-01,4.766140500591451445e-01,1.812277851350764524e-01,4.426528143263389059e-01,4.316693782507765031e-01,1.714450526850018475e-02,-4.785102556918641725e-01,-1.987216036195908753e-01,-4.205192830000213378e-01,-2.085983951818180804e-01,-8.625154509399607372e-02
-9.196929836071858488e-02,-3.018024309788580051e-01,1.591083610648859059e-01,5.309437263774694493e-01,1.000000000000000000e+00,5.796002668219405463e-01,2.191816010051052532e-01,2.083859940438980152e-01,5.516307921764960348e-02,-5.087204415020343817e-02,-3.462698900514585842e-01,-3.694847987290609259e-01,-2.471989810921585706e-01,-3.618419681131327947e-01,-3.348709398978625962e-01,-1.852674372201200126e-01,6.020065472556086934e-03,2.943024263098727444e-01,2.027389388278995064e-01,5.408594043059057610e-02,-2.912958104422402328e-01,-3.093883373389803501e-02,3.008977484570145577e-01,2.434979656625136518e-02,1.663464979148872869e-01,3.900984168079273950e-01,3.031272016473781639e-01,-3.049829288767802460e-01,7.441292623143433427e-02,-4.931245955826008553e-01,-2.368225679189850941e-01,-3.079106448801346430e-01
6.989610998816887799e-02,-7.039427681016513505e-02,2.797121102094849987e-01,2.980127470686430025e-01,5.796002668219405463e-01,1.000000000000000000e+00,5.678705526871044018e-01,7.776695514480772009e-02,2.979295617155948428e-02,4.500921652077402579e-02,-3.218924746659717617e-01,-3.129933260164020625e-01,-3.254952096060398925e-01,-4.066051884147251494e-01,-3.213587613342435145e-01,-2.904835294043251470e-01,-2.133902234178002566e-01,2.660993745624686338e-02,8.006534251997166063e-02,2.056456086855722454e-01,-3.857222239153852532e-03,-4.534297957296370973e-02,2.896227230542456343e-01,3.813710920784438296e-01,3.712795997085766575e-01,3.454923119829433897e-01,1.569444693810944924e-01,-3.503452056995347563e-01,-2.991045979199691285e-01,-5.283150038675248350e-01,-4.329970217568689383e-01,-3.145676795670894199e-01
-6.671880895703999337e-02,4.264958798497052450e-02,2.269192749770807538e-01,3.185305535562311108e-01,2.191816010051052532e-01,5.678705526871044018e-01,1.000000000000000000e+00,3.955178852231293618e-01,5.789302055923837426e-02,-2.324957741231747643e-01,-3.316035490114152551e-01,-3.246010545702266437e-01,-3.939446748507248741e-01,-3.511529929541625794e-01,-3.968450363449161911e-01,-4.066310932119615584e-01,-2.053805535384499170e-01,1.027231177240280208e-01,3.410276648824670520e-01,3.853735710058477371e-01,1.550744731232013562e-01,2.643870386175992127e-01,4.014497630641350456e-01,3.192589551525080172e-01,5.342654579274087601e-01,3.949161305298063973e-01,-1.311558442918632494e-01,-5.154165977474746141e-01,-4.066437589373837480e-01,-3.809547499465161247e-01,-2.348957134509230826e-01,-5.582979794450868873e-03
-1.042718915982613903e-01,-2.341262981233834251e-01,3.100620996467159766e-03,1.157810591902183328e-01,2.083859940438980152e-01,7.776695514480772009e-02,3.955178852231293618e-01,1.000000000000000000e+00,4.854484020166158764e-01,-1.294127953073283821e-01,-1.869758729139878450e-01,-1.976021803803694465e-01,-1.804037552192215565e-01,-1.909056361673248381e-01,-3.445040429236822521e-01,-1.724659873111487884e-01,-2.132084570357336770e-02,2.052555288948389178e-01,2.813991850567228448e-01,9.136744549780195790e-02,-3.000353307484663334e-01,-6.624739334933618662e-02,2.561830773485722634e-01,-6.142686392363964215e-02,1.216365610419898186e-01,2.929199136244693413e-01,1.274012435915507224e-01,-2.736577236512318656e-01,2.317715683765422807e-01,-3.165676911227213175e-01,-1.863946528424711285e-02,-4.121358838776505162e-02
1.050843951177256597e-01,-1.586971209094910629e-01,-1.495160232236845133e-01,-2.064639604462618072e-01,5.516307921764960348e-02,2.979295617155948428e-02,5.789302055923837426e-02,4.854484020166158764e-01,1.000000000000000000e+00,3.908377474000147012e-01,1.655266077348293563e-01,1.188079295723459480e-02,1.434965962842109886e-02,-7.929706210260666077e-02,-1.180728339695398671e-01,-1.047124821804805289e-01,-1.268497344388222758e-01,-1.251038096224589002e-01,-1.228668098959159183e-01,-1.473620101624721068e-01,-2.133586032949556510e-01,-2.280804274837595624e-01,-9.627206309662132699e-02,-7.685386020780606009e-02,-5.845697324365982384e-02,1.864046486161615238e-02,9.087674717200237839e-02,-1.319031873297641100e-01,2.264303596652291473e-01,-7.863636434618410942e-02,-9.712374432666893986e-02,-2.014800862593855157e-01
1.457444493722468704e-01,-1.191788093403124832e-01,-2.325012059883721227e-01,-3.736450865164891999e-01,-5.087204415020343817e-02,4.500921652077402579e-02,-2.324957741231747643e-01,-1.294127953073283821e-01,3.908377474000147012e-01,1.000000000000000000e+00,4.916984705142116163e-01,1.594800320771987967e-01,2.896741565537056529e-01,1.109465718440741794e-01,1.144832454411319339e-01,-8.001811283150294177e-03,-1.216969588268970309e-01,-3.381964297338390102e-01,-4.165861445946967279e-01,-3.159154077028418772e-01,-7.786433109361194649e-02,-3.180477616192328161e-01,-2.844391230747164712e-01,4.851507173362071268e-02,-1.569208526871871123e-01,-1.434162256502803656e-01,3.117968079786471655e-02,1.395697404825331223e-01,4.075226782263501740e-02,1.198826881071909933e-01,-1.249438342552698644e-01,-2.384238379847913314e-01
8.594823634136440627e-02,1.525735252362467494e-02,-2.735997158001153284e-01,-4.008979676225358779e-01,-3.462698900514585842e-01,-3.218924746659717617e-01,-3.316035490114152551e-01,-1.869758729139878450e-01,1.655266077348293563e-01,4.916984705142116163e-01,1.000000000000000000e+00,4.878267656756449244e-01,4.492378865486407191e-01,4.725937547563190955e-01,2.668406067859890873e-01,7.148376908859537665e-03,-1.594411787277887904e-01,-5.158336688248876811e-01,-4.919035052461914193e-01,-3.632075199216921457e-01,-4.006754804244185009e-02,-2.059963182549301164e-01,-4.058825325259873273e-01,-1.097967096280416111e-01,-2.049207777417338672e-01,-2.001442759809697325e-01,-9.481359296832345129e-02,2.329916156057687815e-01,3.953126403819520740e-03,3.626290863321177116e-01,4.132658027606048168e-02,-5.220307478568372156e-02
2.969449182061558237e-02,-1.764088396158323621e-02,-3.004233778786347675e-01,-4.058953759341728529e-01,-3.694847987290609259e-01,-3.129933260164020625e-01,-3.246010545702266437e-01,-1.976021803803694465e-01,1.188079295723459480e-02,1.594800320771987967e-01,4.878267656756449244e-01,1.000000000000000000e+00,4.938609477287813077e-01,4.172785999184547290e-01,4.265106336258738251e-01,1.900379592954256902e-01,-6.264579634838904343e-02,-3.622477976396211719e-01,-5.033460054825850127e-01,-4.084858858151528826e-01,-1.088411912542911475e-01,-3.144969119473272068e-01,-5.148001253241838437e-01,-3.140180945849517791e-01,-3.339830981243995245e-01,-1.698692159712793526e-01,6.685494664542654397e-02,3.452551541609849006e-01,1.036331459154000850e-01,3.643249517438373331e-01,1.773001263925424453e-01,1.339533190590158108e-02
-2.307233375531498112e-02,-1.772629857554997856e-01,-4.124068564205961018e-01,-4.254476305106419387e-01,-2.471989810921585706e-01,-3.254952096060398925e-01,-3.939446748507248741e-01,-1.804037552192215565e-01,1.434965962842109886e-02,2.896741565537056529e-01,4.492378865486407191e-01,4.938609477287813077e-01,1.000000000000000000e+00,4.574855948957047835e-01,2.750774845186115813e-01,2.502643120438514113e-01,2.326767370290509507e-01,-2.018707083726785090e-01,-4.516716685410943621e-01,-4.155645763679348681e-01,-1.515262243020920330e-01,-2.477666440715315943e-01,-4.113849895779779775e-01,-3.769189424575646874e-01,-4.379173423983943603e-01,-1.944207264049807593e-01,-5.971469668933753090e-03,3.139494935293137834e-01,1.339364178653840720e-01,3.795124904683999656e-01,2.762183814895198819e-01,6.238075561275915198e-02
-2.228609785027746079e-02,2.370826294900165235e-02,-2.767934457162520290e-01,-3.431010698103346690e-01,-3.618419681131327947e-01,-4.066051884147251494e-01,-3.511529929541625794e-01,-1.909056361673248381e-01,-7.929706210260666077e-02,1.109465718440741794e-01,4.725937547563190955e-01,4.172785999184547290e-01,4.574855948957047835e-01,1.000000000000000000e+00,4.689119607401026624e-01,1.911390278448615865e-01,-6.142825065818843105e-02,-3.737863447223708779e-01,-3.383756672289141565e-01,-2.846716198978948564e-01,-1.289564562031021155e-01,-2.025216596516054568e-01,-4.257190079716863806e-01,-2.790461960425849597e-01,-2.948679053661143468e-01,-2.742868540431482316e-01,-6.840296079500414461e-02,2.296095998179328301e-01,9.242781289140002132e-02,3.453173852995327642e-01,1.656479945403289966e-01,8.253429283121652138e-02
6.872105844620927939e-02,4.017458995146498679e-02,-2.420792293797254247e-01,-3.190583162370347337e-01,-3.348709398978625962e-01,-3.213587613342435145e-01,-3.968450363449161911e-01,-3.445040429236822521e-01,-1.180728339695398671e-01,1.144832454411319339e-01,2.668406067859890873e-01,4.265106336258738251e-01,2.750774845186115813e-01,4.689119607401026624e-01,1.000000000000000000e+00,4.440630578542821283e-01,-7.466690071880768831e-02,-3.387236986343433731e-01,-4.762146225103796593e-01,-3.928987287462075151e-01,-8.445788340879127609e-02,-3.035536587043132228e-01,-4.829474626821295691e-01,-2.264435458926530864e-01,-3.018786150894055553e-01,-3.356524523345091326e-01,6.042343608113535935e-02,3.196099835515643917e-01,1.140166873364598515e-01,3.209703702460239283e-01,8.189644178913531303e-02,-6.766187644939020140e-02
-2.003040988602600159e-02,-1.971197657614280341e-01,-2.779417518179205238e-01,-3.141306414222456711e-01,-1.852674372201200126e-01,-2.904835294043251470e-01,-4.066310932119615584e-01,-1.724659873111487884e-01,-1.047124821804805289e-01,-8.001811283150294177e-03,7.148376908859537665e-03,1.900379592954256902e-01,2.502643120438514113e-01,1.911390278448615865e-01,4.440630578542821283e-01,1.000000000000000000e+00,5.117561723294342668e-01,1.706918549344544345e-01,-2.860826029156389727e-01,-4.238344857002397381e-01,-2.240762436412500891e-01,-3.719698983423395111e-01,-4.119601302999322257e-01,-3.683476385692152077e-01,-4.593664221021920291e-01,-3.250584162299134938e-01,2.035895842098582875e-01,4.785084387960369390e-01,3.834341952817109100e-01,2.718122471636100212e-01,2.892027566142504891e-01,6.948673088680552834e-02
-1.888429874506104000e-01,-2.908009946782343924e-01,-2.552931133322851043e-01,-1.570482438154446603e-01,6.020065472556086934e-03,-2.133902234178002566e-01,-2.053805535384499170e-01,-2.132084570357336770e-02,-1.268497344388222758e-01,-1.216969588268970309e-01,-1.594411787277887904e-01,-6.264579634838904343e-02,2.326767370290509507e-01,-6.142825065818843105e-02,-7.466690071880768831e-02,5.117561723294342668e-01,1.000000000000000000e+00,5.933924095874669735e-01,5.027170591602872496e-02,-1.820163563522650407e-01,-1.481994654367526643e-01,-7.493658987899204371e-02,-1.214795397230099411e-01,-4.194815270047288491e-01,-3.715188841797438801e-01,-1.177320354622315990e-01,8.810043227119859766e-02,2.912921475234733770e-01,2.810826134623377048e-01,1.617921340225896010e-01,4.001640207515966829e-01,2.265302257698285082e-01
-2.196446380079037086e-01,-2.485800815139350139e-01,-3.295513583359242771e-02,2.440554243457466466e-01,2.943024263098727444e-01,2.660993745624686338e-02,1.027231177240280208e-01,2.052555288948389178e-01,-1.251038096224589002e-01,-3.381964297338390102e-01,-5.158336688248876811e-01,-3.622477976396211719e-01,-2.018707083726785090e-01,-3.737863447223708779e-01,-3.387236986343433731e-01,1.706918549344544345e-01,5.933924095874669735e-01,1.000000000000000000e+00,5.247856779653611303e-01,5.073023542313098710e-02,-1.931534188719862544e-01,7.221358103917682736e-02,1.790582745089853711e-01,-2.395863706787669245e-01,-5.157538539584762688e-02,1.510642863120716661e-01,1.425235344256065018e-01,-4.527142117913189601e-02,2.028928345703315816e-01,-1.908046257929775225e-01,2.229127582941470842e-01,1.135243018934217196e-01
-1.549057128473053380e-01,6.410423540973431145e-02,2.815151856612809200e-01,4.212907802178455507e-01,2.027389388278995064e-01,8.006534251997166063e-02,3.410276648824670520e-01,2.813991850567228448e-01,-1.228668098959159183e-01,-4.165861445946967279e-01,-4.919035052461914193e-01,-5.033460054825850127e-01,-4.516716685410943621e-01,-3.383756672289141565e-01,-4.762146225103796593e-01,-2.860826029156389727e-01,5.027170591602872496e-02,5.247856779653611303e-01,1.000000000000000000e+00,5.777434964049346089e-01,7.114980127602961446e-02,3.754512325007470230e-01,4.012029762065557614e-01,4.275304623451091357e-02,2.221924205307750644e-01,1.580544081149636571e-01,-1.514351104099628809e-01,-3.677589024889039715e-01,-6.348162116289465806e-02,-2.638917896174191591e-01,3.399439376765812232e-02,2.078753622287269898e-01
1.700525053546440499e-02,2.688928606386102871e-01,3.862575131609149448e-01,3.133792911309845608e-01,5.408594043059057610e-02,2.056456086855722454e-01,3.853735710058477371e-01,9.136744549780195790e-02,-1.473620101624721068e-01,-3.159154077028418772e-01,-3.632075199216921457e-01,-4.084858858151528826e-01,-4.155645763679348681e-01,-2.846716198978948564e-01,-3.928987287462075151e-01,-4.238344857002397381e-01,-1.820163563522650407e-01,5.073023542313098710e-02,5.777434964049346089e-01,1.000000000000000000e+00,4.486385081681091291e-01,4.403351926674426986e-01,4.257833047139508165e-01,2.982409604663306957e-01,2.812736801660170594e-01,4.965730803736676663e-02,-3.154158306064418493e-01,-3.910953930597566020e-01,-3.323407455339183469e-01,-2.530015437579952176e-01,-1.943565331094679605e-01,1.589848430549560265e-01
4.076180808344739837e-02,2.919295092705364025e-01,1.103330193653955377e-01,-5.058109376976611948e-02,-2.912958104422402328e-01,-3.857222239153852532e-03,1.550744731232013562e-01,-3.000353307484663334e-01,-2.133586032949556510e-01,-7.786433109361194649e-02,-4.006754804244185009e-02,-1.088411912542911475e-01,-1.515262243020920330e-01,-1.289564562031021155e-01,-8.445788340879127609e-02,-2.240762436412500891e-01,-1.481994654367526643e-01,-1.931534188719862544e-01,7.114980127602961446e-02,4.486385081681091291e-01,1.000000000000000000e+00,5.831775337458192654e-01,1.540447843956885832e-01,3.204338488338437374e-01,1.164901245552648207e-01,-2.132554006611370179e-01,-4.926995975951548035e-01,-1.021221138028707981e-01,-3.831934253673643376e-01,1.711333913050480660e-01,-3.407090142768664370e-02,1.808496680871329032e-01
-9.351965978541171287e-02,2.121911655110940154e-01,1.940047520544862236e-01,2.855112108017320849e-01,-3.093883373389803501e-02,-4.534297957296370973e-02,2.643870386175992127e-01,-6.624739334933618662e-02,-2.280804274837595624e-01,-3.180477616192328161e-01,-2.059963182549301164e-01,-3.144969119473272068e-01,-2.477666440715315943e-01,-2.025216596516054568e-01,-3.035536587043132228e-01,-3.719698983423395111e-01,-7.493658987899204371e-02,7.221358103917682736e-02,3.754512325007470230e-01,4.403351926674426986e-01,5.831775337458192654e-01,1.000000000000000000e+00,5.718226614720608447e-01,2.147756870039975174e-01,2.667768906195632228e-01,2.543376752236451918e-02,-5.440906466897194038e-01,-3.745712538984476980e-01,-3.520124956308109954e-01,2.490163583105300601e-02,6.533302634583679214e-02,3.099661958179963928e-01
9.306819997387917945e-03,7.490798629074828241e-02,3.519977819248156226e-01,4.766140500591451445e-01,3.008977484570145577e-01,2.896227230542456343e-01,4.014497630641350456e-01,2.561830773485722634e-01,-9.627206309662132699e-02,-2.844391230747164712e-01,-4.058825325259873273e-01,-5.148001253241838437e-01,-4.113849895779779775e-01,-4.257190079716863806e-01,-4.829474626821295691e-01,-4.119601302999322257e-01,-1.214795397230099411e-01,1.790582745089853711e-01,4.012029762065557614e-01,4.257833047139508165e-01,1.540447843956885832e-01,5.718226614720608447e-01,1.000000000000000000e+00,4.363250916553370606e-01,4.323574131877275240e-01,3.234223044991337837e-01,-2.226930637789723832e-01,-4.427256197417621109e-01,-2.168147348995013157e-01,-3.379886680417582001e-01,-1.022988504807021554e-01,1.401292348395112020e-01
2.380129524190580381e-01,3.180939139587290465e-01,3.687223871235512096e-01,1.812277851350764524e-01,2.434979656625136518e-02,3.813710920784438296e-01,3.192589551525080172e-01,-6.142686392363964215e-02,-7.685386020780606009e-02,4.851507173362071268e-02,-1.097967096280416111e-01,-3.140180945849517791e-01,-3.769189424575646874e-01,-2.790461960425849597e-01,-2.264435458926530864e-01,-3.683476385692152077e-01,-4.194815270047288491e-01,-2.395863706787669245e-01,4.275304623451091357e-02,2.982409604663306957e-01,3.204338488338437374e-01,2.147756870039975174e-01,4.363250916553370606e-01,1.000000000000000000e+00,5.791368539851358133e-01,6.982205606856942137e-02,-2.797510485574460914e-01,-2.730905205278807424e-01,-4.116488592315570849e-01,-3.008969946685717267e-01,-4.673572608245967208e-01,-1.281131044867281632e-01
1.251431615210848742e-03,1.769613065141848740e-01,3.506672473884606678e-01,4.426528143263389059e-01,1.663464979148872869e-01,3.712795997085766575e-01,5.342654579274087601e-01,1.216365610419898186e-01,-5.845697324365982384e-02,-1.569208526871871123e-01,-2.049207777417338672e-01,-3.339830981243995245e-01,-4.379173423983943603e-01,-2.948679053661143468e-01,-3.018786150894055553e-01,-4.593664221021920291e-01,-3.715188841797438801e-01,-5.157538539584762688e-02,2.221924205307750644e-01,2.812736801660170594e-01,1.164901245552648207e-01,2.667768906195632228e-01,4.323574131877275240e-01,5.791368539851358133e-01,1.000000000000000000e+00,5.517844134535858647e-01,-1.073490523571981881e-01,-4.798089594186347728e-01,-4.607945329890733577e-01,-3.952021962236428876e-01,-3.450724945419527678e-01,-6.638274887567750804e-02
-1.503351419714128445e-01,-1.368828851644138533e-01,1.448010520233478093e-01,4.316693782507765031e-01,3.900984168079273950e-01,3.454923119829433897e-01,3.949161305298063973e-01,2.929199136244693413e-01,1.864046486161615238e-02,-1.434162256502803656e-01,-2.001442759809697325e-01,-1.698692159712793526e-01,-1.944207264049807593e-01,-2.742868540431482316e-01,-3.356524523345091326e-01,-3.250584162299134938e-01,-1.177320354622315990e-01,1.510642863120716661e-01,1.580544081149636571e-01,4.965730803736676663e-02,-2.132554006611370179e-01,2.543376752236451918e-02,3.234223044991337837e-01,6.982205606856942137e-02,5.517844134535858647e-01,1.000000000000000000e+00,3.327534763546926011e-01,-3.118503796188877297e-01,-2.503170635002103794e-01,-3.928102133790527528e-01,-6.330871724356711139e-02,-1.113413746627151674e-01
-3.952569812805037386e-02,-2.720938965403179588e-01,-7.059405613236564847e-02,1.714450526850018475e-02,3.031272016473781639e-01,1.569444693810944924e-01,-1.311558442918632494e-01,1.274012435915507224e-01,9.087674717200237839e-02,3.117968079786471655e-02,-9.481359296832345129e-02,6.685494664542654397e-02,-5.971469668933753090e-03,-6.840296079500414461e-02,6.042343608113535935e-02,2.035895842098582875e-01,8.810043227119859766e-02,1.425235344256065018e-01,-1.514351104099628809e-01,-3.154158306064418493e-01,-4.926995975951548035e-01,-5.440906466897194038e-01,-2.226930637789723832e-01,-2.797510485574460914e-01,-1.073490523571981881e-01,3.327534763546926011e-01,1.000000000000000000e+00,3.803570937743593339e-01,3.076844512160501477e-01,-1.215639692485743634e-01,2.811541226085208234e-02,-2.968061456260207565e-01
2.298195689916533724e-02,-1.149332038064212330e-01,-3.073133318332282871e-01,-4.785102556918641725e-01,-3.049829288767802460e-01,-3.503452056995347563e-01,-5.154165977474746141e-01,-2.736577236512318656e-01,-1.319031873297641100e-01,1.395697404825331223e-01,2.329916156057687815e-01,3.452551541609849006e-01,3.139494935293137834e-01,2.296095998179328301e-01,3.196099835515643917e-01,4.785084387960369390e-01,2.912921475234733770e-01,-4.527142117913189601e-02,-3.677589024889039715e-01,-3.910953930597566020e-01,-1.021221138028707981e-01,-3.745712538984476980e-01,-4.427256197417621109e-01,-2.730905205278807424e-01,-4.798089594186347728e-01,-3.118503796188877297e-01,3.803570937743593339e-01,1.000000000000000000e+00,4.183610794578533909e-01,5.168944019295277359e-01,4.064775292401205942e-01,1.151162673496468197e-01
-4.556080058375162195e-02,-2.800044946235145660e-01,-2.534585590781927023e-01,-1.987216036195908753e-01,7.441292623143433427e-02,-2.991045979199691285e-01,-4.066437589373837480e-01,2.317715683765422807e-01,2.264303596652291473e-01,4.075226782263501740e-02,3.953126403819520740e-03,1.036331459154000850e-01,1.339364178653840720e-01,9.242781289140002132e-02,1.140166873364598515e-01,3.834341952817109100e-01,2.810826134623377048e-01,2.028928345703315816e-01,-6.348162116289465806e-02,-3.323407455339183469e-01,-3.831934253673643376e-01,-3.520124956308109954e-01,-2.168147348995013157e-01,-4.116488592315570849e-01,-4.607945329890733577e-01,-2.503170635002103794e-01,3.076844512160501477e-01,4.183610794578533909e-01,1.000000000000000000e+00,2.294744484230570036e-01,3.475732406753291870e-01,6.914335014641051491e-02
-2.681897841292603737e-02,1.255334734027528480e-02,-3.567627930820360671e-01,-4.205192830000213378e-01,-4.931245955826008553e-01,-5.283150038675248350e-01,-3.809547499465161247e-01,-3.165676911227213175e-01,-7.863636434618410942e-02,1.198826881071909933e-01,3.626290863321177116e-01,3.643249517438373331e-01,3.795124904683999656e-01,3.453173852995327642e-01,3.209703702460239283e-01,2.718122471636100212e-01,1.617921340225896010e-01,-1.908046257929775225e-01,-2.638917896174191591e-01,-2.530015437579952176e-01,1.711333913050480660e-01,2.490163583105300601e-02,-3.379886680417582001e-01,-3.008969946685717267e-01,-3.952021962236428876e-01,-3.928102133790527528e-01,-1.215639692485743634e-01,5.168944019295277359e-01,2.294744484230570036e-01,1.000000000000000000e+00,5.667445587730876033e-01,3.173634758344470175e-01
-2.382820012602276660e-01,-2.134111213695988885e-01,-3.642019896591606187e-01,-2.085983951818180804e-01,-2.368225679189850941e-01,-4.329970217568689383e-01,-2.348957134509230826e-01,-1.863946528424711285e-02,-9.712374432666893986e-02,-1.249438342552698644e-01,4.132658027606048168e-02,1.773001263925424453e-01,2.762183814895198819e-01,1.656479945403289966e-01,8.189644178913531303e-02,2.892027566142504891e-01,4.001640207515966829e-01,2.229127582941470842e-01,3.399439376765812232e-02,-1.943565331094679605e-01,-3.407090142768664370e-02,6.533302634583679214e-02,-1.022988504807021554e-01,-4.673572608245967208e-01,-3.450724945419527678e-01,-6.330871724356711139e-02,2.811541226085208234e-02,4.064775292401205942e-01,3.475732406753291870e-01,5.667445587730876033e-01,1.000000000000000000e+00,5.335874066578835118e-01
-1.459548922459179277e-01,6.308787824673338374e-02,-5.141161357539017485e-02,-8.625154509399607372e-02,-3.079106448801346430e-01,-3.145676795670894199e-01,-5.582979794450868873e-03,-4.121358838776505162e-02,-2.014800862593855157e-01,-2.384238379847913314e-01,-5.220307478568372156e-02,1.339533190590158108e-02,6.238075561275915198e-02,8.253429283121652138e-02,-6.766187644939020140e-02,6.948673088680552834e-02,2.265302257698285082e-01,1.135243018934217196e-01,2.078753622287269898e-01,1.589848430549560265e-01,1.808496680871329032e-01,3.099661958179963928e-01,1.401292348395112020e-01,-1.281131044867281632e-01,-6.638274887567750804e-02,-1.113413746627151674e-01,-2.968061456260207565e-01,1.151162673496468197e-01,6.914335014641051491e-02,3.173634758344470175e-01,5.335874066578835118e-01,1.000000000000000000e+00
