1.000000000000000000e+00,3.877701256759041315e-01,4.523720190902296712e-01,2.430676865389940766e-01,1.851851419508411256e-01,2.515768896697335721e-01,2.118544106313285103e-01,1.209303848415651389e-01,1.834500658411665763e-01,1.714328118136834722e-01,1.186876951120276191e-01,9.621940271954372570e-02,1.073835590219190811e-01,9.914279679933468703e-02,6.942549604011759301e-02,-4.779299179611654763e-02,-1.000067342386417799e-02,2.259316911754331164e-02,-1.196379777498768858e-02,-1.752707434247330852e-03,3.424190218178321463e-03,-2.897476433387451318e-03,5.604034041738677543e-03,2.275677647891174993e-03,1.352222097274897658e-02,5.672530439416143683e-02,4.033483284755014914e-02,3.883271644142673867e-02,4.175300457888184852e-02,3.899971245801044789e-02,3.569472201084911145e-02,-3.587584772653069909e-02,1.405159896271128764e-02,3.420975416114217012e-03,1.361768030607797032e-02,-1.693535140351530230e-03,-1.954541749207950457e-02,5.335204505804553264e-03,1.844860223524500895e-02,5.946811547835213589e-03,9.602607781364279685e-03,-2.956799629832601584e-02,-7.782883538607194424e-03,-8.765869563423796251e-03,-2.858790445439744494e-03,1.174424815266512587e-02,-3.048299595241197799e-02,-1.722535592360084286e-02,2.665022326573679087e-03,-2.228145827642595556e-02,-1.866104785310061451e-02,8.496646523646509894e-03,-2.657521955723012377e-02,-4.796284570330172636e-02,-2.104230135614753791e-02,-5.937251967011950710e-03,8.311571029811616954e-04,-2.162655588914448590e-02,-3.589523134294513029e-02,-2.773235376399961830e-02,-1.933492722429687102e-02,1.550600566162527866e-02,4.788711170940358405e-03,-9.283857681373741677e-03,-3.140614328940921629e-02,2.366140417599137645e-03
3.877701256759041315e-01,1.000000000000000000e+00,3.031899138675494543e-01,2.106824978079328003e-01,2.369258427367625097e-01,2.068525743334164169e-01,2.269411087854617259e-01,9.099721571257822494e-02,1.360413559739964418e-01,1.744078571873166617e-01,1.108371467327698145e-01,7.195349507452528104e-02,1.147749333079549627e-01,9.507872419049247237e-02,5.603054320131080346e-02,-5.522659998317107355e-02,-2.664768701385533331e-02,3.048206564274200808e-02,2.003622032432075470e-02,1.118839316148580697e-02,7.317582968107874675e-03,4.127298103675834662e-02,4.242764318360852868e-03,6.785782354493439562e-03,2.857012167821408946e-02,5.562277887166374585e-02,3.934043149462079780e-02,4.118897719313781985e-02,2.521973635304460698e-02,2.918382149081219512e-02,1.715789106164908664e-02,-4.167938624189070074e-02,-4.706872554857043089e-03,-1.805534314152749606e-02,3.930052228012940845e-03,-1.605594231643740766e-03,-1.552036295579892027e-02,-1.259134925132060663e-02,2.380598352716774627e-02,1.318127364845442240e-02,7.675800494556937921e-03,-2.736226297334163823e-02,-8.669454750973056359e-03,-3.908305967306242856e-03,-6.094415528727468653e-03,1.394695394925887615e-02,-1.074028659456712463e-02,-2.227742893283354148e-02,6.617018807850669725e-03,-1.516351438275603640e-02,-4.690939511784955433e-03,1.298689412042051440e-02,-3.280113028298615313e-02,-3.940298324499829502e-02,-2.084180384485712426e-02,-5.297210997092245254e-04,1.215804206028521343e-02,-8.313606672793027313e-03,-2.646314416965755284e-02,-2.305492067048049709e-02,-1.598064384730656790e-02,1.763694888403512934e-02,4.307745435262799738e-03,8.629460213004981964e-03,-9.834305549104487357e-03,2.810988610688415837e-02
4.523720190902296712e-01,3.031899138675494543e-01,1.000000000000000000e+00,3.281970495578101499e-01,3.373400028552496210e-01,4.205860922057521600e-01,3.555125074674742591e-01,2.459790830021273689e-01,2.798342675964251569e-01,2.851381391041549751e-01,1.712018770334794993e-01,1.328887097166729370e-01,1.429926124129251019e-01,1.331425790244697982e-01,8.317887283787600561e-02,-6.049788835632127770e-02,-9.608040055495216695e-04,3.918991815577858168e-02,-1.154893907458476136e-02,1.679170526923519716e-02,2.935032372861534969e-02,-2.094996571178836878e-02,8.840919221010851148e-03,-3.939599555365674681e-03,1.188924314208595484e-02,5.338261573938579002e-02,2.384568381355929231e-02,6.158833127961181597e-02,4.894469366710492431e-02,3.207992657239195494e-02,4.043226185894584213e-02,-3.601347137712727908e-02,7.317490730911989198e-03,5.673562437133823112e-03,9.310852395420221844e-04,6.121449644052597006e-03,-1.249009781299368661e-02,5.508058757540151840e-03,1.231021549934139744e-02,1.280764928648668507e-05,8.868506717753500690e-03,-2.283758866300697465e-02,6.853728979789565573e-04,-8.225479180418797040e-03,-8.194159200725971773e-03,9.721658364375970144e-04,-1.950884381004910212e-02,-1.083491609947597953e-02,1.390788085131722425e-02,-5.697475209193257790e-03,-4.741305911095570862e-03,2.051714433115898670e-02,-1.442228137123781513e-02,-2.957095577634300670e-02,-1.293518988724980112e-02,-6.227252271366710314e-03,1.718711449229731389e-02,-5.956311386618729810e-03,-2.593890892330613998e-02,-1.881529869496772686e-02,-1.298598369426495411e-02,2.127302311073389282e-02,5.474274744338233738e-03,-5.341683173946019762e-03,-2.612242503187624243e-02,-5.073966079851951669e-05
2.430676865389940766e-01,2.106824978079328003e-01,3.281970495578101499e-01,1.000000000000000000e+00,3.442819339539534007e-01,3.904135368169409648e-01,5.264110784531259579e-01,9.580920860318534182e-02,3.207635119917986999e-01,4.282976597157329146e-01,2.027597763401216002e-01,1.548062495180185516e-01,2.581656402028599806e-01,1.623937110651937910e-01,8.471222781651768785e-02,-1.115750237462778405e-01,-4.655523907816781770e-02,5.138959754573080990e-02,1.705671550984224835e-02,3.702840787750917573e-02,3.414104160775308788e-02,1.955153747686396576e-02,1.910814778052417201e-02,8.995381217688383155e-03,1.769148510130991517e-02,1.001387166905266662e-01,4.332763559053719182e-02,3.567070997218149686e-02,7.448560744760378272e-02,2.421573681002411882e-02,1.890938268399213265e-02,-5.346748693263724678e-02,4.471910674611028445e-03,3.288867374436377916e-02,2.219575965819808351e-03,2.741066731334127968e-02,9.301292374284545264e-03,7.617802476941128859e-03,3.907864027782724514e-02,3.709165175611749826e-02,3.844033738358371838e-02,1.929220544986824312e-02,2.159114855293124344e-02,1.947682918051422962e-02,1.787400700696725395e-02,3.193488033421976874e-02,3.892418870582021757e-03,1.123984954807165544e-02,1.503290235954079027e-02,2.211387572266750728e-02,3.354690694173150835e-03,1.393428566480466035e-02,2.295047386863678304e-02,1.292052703575989094e-02,2.633178497864689313e-02,1.732184397006654442e-02,3.849117975987925017e-02,1.952322685409963593e-02,-5.534454827484694764e-03,1.638901352584330381e-02,7.790007612295599473e-03,1.325931087191289416e-02,-1.239213204876065018e-02,-1.313871887806333447e-02,-3.308890174339815249e-02,-2.525950368664671777e-02
1.851851419508411256e-01,2.369258427367625097e-01,3.373400028552496210e-01,3.442819339539534007e-01,1.000000000000000000e+00,3.837311538283758039e-01,5.471283628907982477e-01,3.741550728620815502e-01,1.630593692346620494e-01,4.435786563971613750e-01,3.007495270839858903e-01,1.365504274365823834e-01,3.327675092209745888e-01,2.464589067912915654e-01,1.017768044575493858e-01,-1.944151407005036969e-01,-3.658426772475962402e-02,3.738638135922028871e-02,-5.852940561011057280e-02,8.329023409618954710e-03,6.606757187481020199e-02,-5.559979878288399263e-02,-9.633674081429563496e-02,-7.968462456801642113e-02,3.886558176930459546e-02,3.031916177208785965e-02,3.315495251384816683e-02,7.127990851150205198e-02,4.098332285657208668e-02,1.098417107261627501e-03,4.362204253730183473e-02,-1.242448506294206376e-03,5.399532520052323370e-02,5.145824938709394475e-02,4.230912604108562347e-02,2.721937888462866439e-02,3.688858763020522180e-02,4.397214336126867990e-02,3.445681990872723199e-02,1.590844570378151246e-02,2.387958304709332166e-02,1.491237986616417328e-02,3.382359070349484631e-02,4.429444095476039317e-02,3.515389480599229177e-02,3.210461017871790029e-02,1.270056019988102629e-02,2.172297546850630520e-02,3.179931204812902479e-02,2.177769868599620934e-02,2.969558300706466591e-02,5.546543647947364125e-02,1.376964234017170711e-02,-1.781530218950468439e-02,-3.290463350220655409e-03,1.554333923333861729e-02,2.538394807608054804e-02,8.130157240996175108e-03,-1.512246025975670129e-02,-1.138263721985287302e-02,-1.641812002334589946e-02,6.405311292908115635e-03,3.652313006596129806e-03,-8.619905210273847568e-03,-2.759557277820491594e-02,-4.691052122654337884e-04
2.515768896697335721e-01,2.068525743334164169e-01,4.205860922057521600e-01,3.904135368169409648e-01,3.837311538283758039e-01,1.000000000000000000e+00,4.350941914705049318e-01,3.958785373090235593e-01,5.059566667496685488e-01,3.110376155582825763e-01,1.914483802414663760e-01,1.687519237349837664e-01,1.763410270295560356e-01,1.417386792898842340e-01,1.066910997007629314e-01,-5.622482894851180829e-02,-1.764618337526939473e-02,8.244478913379804652e-02,1.756995931314355580e-02,3.421123339718511874e-02,1.690776127740826335e-02,1.385040202269917885e-02,5.178849940225590219e-03,-4.175171477814798582e-02,-1.586690416893500599e-02,2.819616315755031286e-02,-2.514882472105035502e-02,1.816896180866556937e-02,5.318352391861267542e-02,-1.053604622825522232e-02,-1.839619020488870819e-03,-3.910832742497138276e-02,-1.008898668143775289e-02,1.654299677483581088e-03,3.914642785112477062e-04,5.329179447780805351e-03,6.127096472254444813e-04,-2.816708072095456140e-03,2.097340708396312065e-02,1.124013759901242721e-02,9.357524674845268953e-03,-2.269707127722154702e-02,1.029254023461572548e-02,8.315939415014069608e-03,2.322421284428426418e-03,3.488477079248512858e-02,-1.716420763584819778e-02,-6.789725673078436663e-03,1.007692626486683153e-02,7.426724187544697653e-03,-2.860650239434516656e-03,6.044291154413578525e-03,-3.550481986865019254e-03,-2.052556047971438105e-02,7.013703412953882065e-04,4.200652459370448830e-03,5.180127129708760741e-03,3.060979327820768925e-03,-4.510315241544770497e-04,1.285590696577369220e-02,6.194400580180729060e-03,1.827499254317307281e-02,-2.293233550756119954e-03,-4.308800456070218700e-03,-3.475411583832505036e-02,-2.157250561753827796e-03
2.118544106313285103e-01,2.269411087854617259e-01,3.555125074674742591e-01,5.264110784531259579e-01,5.471283628907982477e-01,4.350941914705049318e-01,1.000000000000000000e+00,4.056718708513656901e-01,3.901112808052256686e-01,6.918686617464074873e-01,3.646360341170252761e-01,2.549779725896199056e-01,4.335023977927928707e-01,2.886033171373641459e-01,1.700435846395767781e-01,-1.932380797010403439e-01,-4.796390035689005599e-02,9.556771971857937198e-02,-1.512180058855856248e-02,5.036528555365444443e-02,5.471123221829932853e-02,-4.513107907214604364e-02,-6.140139974339066387e-02,-7.931128520905854351e-02,3.338926930526838182e-03,4.489205898563264352e-02,2.944712457784867676e-02,1.011014184040974068e-01,5.841096545623084696e-02,2.587976498927479271e-03,5.026981315946306428e-02,-9.675990596902085683e-03,4.987087780582907803e-02,6.344678936050945905e-02,3.048800982436569371e-02,3.659675596293586464e-02,2.219349415342331683e-02,3.083429313072590106e-02,3.305684554873866005e-02,2.870234715046274601e-02,2.228577415789161076e-02,9.812774662746567497e-03,1.992558621046843989e-02,3.335932999044819575e-02,3.344200785073001003e-02,3.838208831921537112e-02,4.499707647364611929e-03,1.732594418433723582e-02,2.722848269707676613e-02,2.284144736294051181e-02,1.237740374635170650e-02,3.070527791460169950e-02,1.990117687292126611e-02,-1.250983007467321509e-02,1.317518435271571899e-02,2.510186823837028472e-02,3.291214185281339522e-02,9.600278873696629217e-03,2.028731588805305491e-03,5.675323682917747005e-03,3.983694337573681112e-03,1.923232060586621203e-02,-7.136213046968362117e-03,4.061871300813397622e-04,-3.329477796206358614e-02,-9.755928451539669019e-03
1.209303848415651389e-01,9.099721571257822494e-02,2.459790830021273689e-01,9.580920860318534182e-02,3.741550728620815502e-01,3.958785373090235593e-01,4.056718708513656901e-01,1.000000000000000000e+00,3.734156896897508071e-01,2.951285257225768621e-01,2.780262671483178516e-01,1.340586598097764925e-01,1.947302306691302831e-01,2.102357948556578815e-01,8.463247371225535165e-02,-8.228436888298534813e-02,5.992376705487779259e-02,1.180998212883163229e-01,-2.415837593548757212e-02,1.690485282110787066e-02,2.155437763064127835e-02,-7.688537982773430146e-02,-5.693740873835840405e-02,-8.202169206341934637e-02,-3.006947819107029518e-02,-8.124333507452975722e-02,-6.063285237046593668e-02,1.382662359392642509e-02,-3.060833299601787780e-02,-3.916006837468966051e-02,-9.540850025400400558e-03,5.806035217676909672e-03,-3.274496994071080230e-03,-5.247991052419185773e-03,-2.344712213816956860e-03,1.171096308202529759e-02,4.061549018423860763e-03,6.310986170082473479e-03,-1.564577426193470081e-02,-1.329510482224660443e-02,-2.597244000704309469e-02,-1.395720397240354446e-02,4.068080757449536429e-04,1.386459979391178182e-02,1.167980135171097986e-02,1.122388087824566054e-02,-1.948445045341944430e-03,5.501233403004614393e-03,1.120107903086942774e-02,1.126784391262253097e-02,2.280615070348691528e-02,1.704779457483169072e-02,5.654009154645554000e-05,-3.625772789835132043e-02,-3.199783906798964878e-02,-8.777263000858152517e-04,-2.118971102568710171e-02,-9.489459901830258476e-03,-1.234252853387227990e-02,-1.252764907307544681e-02,-2.041834017733224968e-02,1.442178334249146279e-03,-2.858385572926424797e-03,1.759309664682648724e-02,-1.736282795481268459e-02,1.730615579346274704e-02
1.834500658411665763e-01,1.360413559739964418e-01,2.798342675964251569e-01,3.207635119917986999e-01,1.630593692346620494e-01,5.059566667496685488e-01,3.901112808052256686e-01,3.734156896897508071e-01,1.000000000000000000e+00,3.051352232508268703e-01,1.691130809951277847e-01,2.565318555858133176e-01,1.608128663189189733e-01,1.234511969099880563e-01,1.663964421504198488e-01,1.385913464313487213e-02,-4.130266717459739334e-02,1.088414519785861762e-01,4.373232813067368108e-02,3.963475141400282092e-02,1.057481517377845820e-02,5.312925070677390615e-02,4.263442179237011964e-02,-1.581496197440852500e-02,-3.807224247179328419e-02,3.068304768206115557e-02,-4.076540401998503260e-02,-1.571848784285610886e-03,2.723568128619204345e-02,-3.423870575702180064e-02,-1.641226567391658800e-02,-2.704223627716990583e-02,3.302345541699467334e-03,-2.160540071609827462e-04,8.559461059108949485e-03,1.186151514918066564e-02,5.943237148920452011e-03,-2.453556751446495272e-03,5.666916429477619407e-03,1.130935858733648353e-02,5.104243069977814837e-03,-1.915365783693905380e-02,-4.561891654425374344e-03,1.354947077755920722e-02,1.146213359104674909e-02,3.286462292843859295e-02,-2.843465016504334933e-02,1.715100740296766554e-02,4.442969835624402744e-03,9.375106938685212263e-03,6.651391497102607112e-04,5.854713910713879414e-03,-2.090821324287308030e-03,-1.818576210772151341e-02,-9.400446103357317298e-03,-1.342497710492621642e-02,-9.506548756242377829e-03,1.320317566203982676e-03,-2.242554079131907092e-03,2.873600600784140952e-02,1.944383536954459937e-02,3.518364848143269719e-02,-1.286172752808766419e-03,2.408932371637971526e-02,-2.307727478305747482e-02,-8.238466367779150729e-03
1.714328118136834722e-01,1.744078571873166617e-01,2.851381391041549751e-01,4.282976597157329146e-01,4.435786563971613750e-01,3.110376155582825763e-01,6.918686617464074873e-01,2.951285257225768621e-01,3.051352232508268703e-01,1.000000000000000000e+00,4.135718486088238999e-01,3.955747030577360657e-01,5.160211774356089354e-01,3.298913669910866209e-01,2.627375444961811968e-01,-1.911421652858064368e-01,-6.805799756848432414e-02,1.328185740476161003e-01,3.032843028101795107e-03,6.661968212125382593e-02,4.987212369351073926e-02,-7.640457645323817104e-02,-9.027277112305789886e-02,-9.181880855536424246e-02,5.646162227068856482e-03,2.550566188661798628e-02,4.350417701885291033e-02,1.222823417779945604e-01,4.178649048043633213e-02,1.019470138909128222e-02,7.042990620720487871e-02,8.180093359150838669e-03,6.142397656680041729e-02,6.563508005813199764e-02,3.936871406693977921e-02,4.527881742238200335e-02,2.968856077043173503e-02,4.294230988263658677e-02,3.068679388877034939e-02,1.551177217271730233e-02,1.475525132880027568e-02,4.770238133510421898e-03,-2.330275886925583465e-03,3.419810810504672616e-02,3.301626447833105882e-02,3.435396533688396536e-02,1.464958754812183649e-02,1.057122378345418633e-02,1.398868191570325735e-02,9.277982828418386563e-03,-8.948342437121229592e-03,1.011483808963725174e-02,9.297853291703322975e-03,-1.254519371908647055e-02,2.257586125759651619e-02,2.105997472177684876e-02,2.472024732493276200e-02,-5.868364689375100453e-03,-9.010035453939548716e-03,-1.641986294276099809e-02,-1.081238119677513203e-02,6.530687757145160234e-03,-1.676012844256376342e-03,-2.757466035195457933e-05,-2.419363517041518696e-02,-9.315640927262046692e-03
1.186876951120276191e-01,1.108371467327698145e-01,1.712018770334794993e-01,2.027597763401216002e-01,3.007495270839858903e-01,1.914483802414663760e-01,3.646360341170252761e-01,2.780262671483178516e-01,1.691130809951277847e-01,4.135718486088238999e-01,1.000000000000000000e+00,3.880450100390983037e-01,4.193449494807770517e-01,6.502141932517663259e-01,1.322632107460644801e-01,-2.876649603099934449e-01,1.597734649017366337e-01,2.059963062406874046e-01,4.293904874118191495e-02,2.892984618219768961e-02,6.804375828564412920e-02,-3.774423951099595970e-02,-9.710036249606139591e-02,-3.863687509442857021e-02,2.083073296185246684e-02,-7.028542989812892709e-03,7.422542036459126025e-02,5.416631828264676513e-02,1.938105348870036715e-02,2.564584407465647989e-02,7.042058595746024385e-02,7.901595252276388121e-03,8.261068414646294267e-02,3.912566553157522525e-02,7.492967906034589398e-02,5.274159818376931291e-02,6.616795374361555959e-02,7.674317617146647619e-02,5.602372461596259734e-02,2.057831528000095972e-02,3.648992283606977000e-02,9.703558092423136133e-03,1.984642688914593084e-02,3.467848762684728331e-02,3.500019436629031588e-02,1.644280250689546946e-02,-6.017014885333794340e-03,8.624213277251695925e-03,1.068435738886915412e-02,-1.597273443400141005e-02,-2.294908247505039398e-02,-1.137459519331388696e-02,-1.813578966979553656e-03,-3.056342029876990551e-02,-5.349778080085888787e-03,-2.703281283374078456e-02,-1.316139518936589904e-02,-3.642717749256070559e-02,-2.380969673617869611e-02,-3.825184592507372555e-02,-2.256971122449887360e-02,4.065591631504026499e-03,2.157809275022390741e-02,2.048633665891741798e-02,2.538740972746492131e-02,-6.644110170104427018e-04
9.621940271954372570e-02,7.195349507452528104e-02,1.328887097166729370e-01,1.548062495180185516e-01,1.365504274365823834e-01,1.687519237349837664e-01,2.549779725896199056e-01,1.340586598097764925e-01,2.565318555858133176e-01,3.955747030577360657e-01,3.880450100390983037e-01,1.000000000000000000e+00,4.328343098394301647e-01,3.228846511003465314e-01,5.908062567217302608e-01,2.446459762395136739e-02,-1.134189327726834451e-01,2.877490347188337294e-01,1.267967006944430153e-01,1.180508505825254018e-01,5.196221823359106068e-02,3.562751986361459289e-02,-7.338392096674312137e-02,-6.823464453396588941e-03,4.468318853351805481e-02,-1.009617273147638342e-02,3.654726244446943051e-02,7.489533636414651141e-02,2.128657128374703347e-02,-4.875607494992944754e-03,7.260136470319498991e-02,5.130064332770025576e-02,9.784640103386196830e-02,4.747857307082634787e-02,7.005233706736607724e-02,3.812483637094630368e-02,2.396224699118005078e-02,5.486820400580415952e-02,2.771502815451668336e-02,4.722096140945817797e-03,4.444412390756731675e-03,-2.520723053542908709e-02,-2.343033980384029782e-02,1.997483890552989409e-03,2.376189225614830716e-02,2.043197971305210983e-02,-1.424838753433552672e-02,9.219148073465627605e-03,1.213167613444731882e-02,-4.601095506718302919e-02,-4.068532341918579959e-02,-1.815986369085598358e-03,-2.024945459494371242e-02,-3.440751526763871637e-02,-1.536511858639079062e-02,-1.551841449366789423e-02,-3.983804513562179406e-03,-4.520423365118109854e-02,-4.631765378758893187e-02,-4.651049160797368631e-02,-2.482819539145464730e-02,1.655719268533987348e-02,2.789257671420095064e-02,2.412470244425058558e-02,-2.050929052956299448e-04,5.674866069548521220e-03
1.073835590219190811e-01,1.147749333079549627e-01,1.429926124129251019e-01,2.581656402028599806e-01,3.327675092209745888e-01,1.763410270295560356e-01,4.335023977927928707e-01,1.947302306691302831e-01,1.608128663189189733e-01,5.160211774356089354e-01,4.193449494807770517e-01,4.328343098394301647e-01,1.000000000000000000e+00,3.696749315470504449e-01,4.665076778706743754e-01,-3.401460025251186181e-01,-2.532442572581006246e-01,1.802560494111284939e-01,-2.454646289007360663e-02,3.555819975551195722e-02,5.446429421896417655e-02,-4.882690805162684389e-02,-1.561388407489392727e-01,-1.188476475793292381e-01,1.141749733065935447e-02,1.488370859183976366e-02,2.809718277512663481e-02,8.207510280574965844e-02,1.564058264657636199e-02,-1.232470895291142531e-02,6.433486160482811134e-02,5.996732894365211508e-02,8.879427735986988868e-02,5.168617243930240940e-02,5.654332480524041499e-02,2.373773991979770404e-02,3.305971880798681123e-02,6.682513107392387686e-02,3.357155524246228234e-02,1.548429523937025140e-02,6.653545324330269531e-03,5.199001436430441235e-03,-1.117298987767164319e-02,2.836951961088457139e-02,3.925958799686488088e-02,5.570487347279838575e-02,1.862878889358523041e-02,9.992285981582034460e-03,2.668265253112522134e-02,1.320309052776875297e-02,2.320596913572858799e-02,4.695367315237455180e-02,2.741792296417330105e-02,6.904233789302746498e-03,3.926734309709392634e-02,1.589875859806035019e-02,2.347733166907394267e-02,-4.221630511868895014e-03,-1.831938608770873264e-02,-2.559644594957465394e-02,-1.252615948948659734e-02,5.323783124153386691e-03,2.990312096683142573e-03,-1.840379295520169767e-02,-3.826134435481794160e-02,-1.192979243523527126e-02
9.914279679933468703e-02,9.507872419049247237e-02,1.331425790244697982e-01,1.623937110651937910e-01,2.464589067912915654e-01,1.417386792898842340e-01,2.886033171373641459e-01,2.102357948556578815e-01,1.234511969099880563e-01,3.298913669910866209e-01,6.502141932517663259e-01,3.228846511003465314e-01,3.696749315470504449e-01,1.000000000000000000e+00,9.027434112932836152e-02,-3.265892969740502028e-01,2.802996812715952690e-01,2.760891720630937463e-01,1.215182325272597674e-01,7.929933363791914769e-02,6.626529706207390236e-02,5.642944472170070842e-06,-9.638206721463793425e-02,-3.084234247103961879e-02,3.542304423293750337e-02,-3.431664870589254401e-02,8.467056159462521547e-02,4.846488408278668003e-02,-1.124767552036309718e-03,3.403525338182724486e-02,6.653861792391940755e-02,1.766090026951150013e-02,7.637803975489063091e-02,2.501009075919178801e-02,7.854311172820492570e-02,4.254396363118215924e-02,5.957248920689125343e-02,6.526095999775138878e-02,3.577795459659367794e-02,-1.456214585243420512e-02,1.598091296309501336e-02,-2.578869948515232977e-02,-4.687047779412944516e-03,6.583698268447793316e-03,2.930432322041192500e-03,6.983981672563532861e-03,-2.573737939404820846e-02,-9.484136664146653253e-03,6.745919600455284847e-03,-1.526242271213071669e-02,-2.173277626129839143e-02,-1.612180276870428877e-02,-1.149376573398669041e-02,-3.405124600060731310e-02,-1.260818987447861333e-02,-1.719017268447616334e-02,-1.195025751743814674e-02,-4.371451343983479010e-02,-1.937464832044928295e-02,-3.168364993449301198e-02,-1.342869576427332783e-02,1.367380145909748504e-02,2.594989753229438520e-02,2.494656224848422477e-02,1.761229598575980715e-02,-3.170480130102844990e-03
6.942549604011759301e-02,5.603054320131080346e-02,8.317887283787600561e-02,8.471222781651768785e-02,1.017768044575493858e-01,1.066910997007629314e-01,1.700435846395767781e-01,8.463247371225535165e-02,1.663964421504198488e-01,2.627375444961811968e-01,1.322632107460644801e-01,5.908062567217302608e-01,4.665076778706743754e-01,9.027434112932836152e-02,1.000000000000000000e+00,3.963214054435604955e-02,-3.854481109587361565e-01,2.754800822849642894e-01,1.150712825686843049e-01,1.182013907215578030e-01,9.471056575075764944e-05,3.036158228088644065e-02,-1.107410147990137983e-01,-4.352553212268180094e-02,7.381745283430167504e-02,-3.431156401186082061e-03,5.453239312825373594e-03,8.390430382203523108e-02,4.692651862517180882e-03,-9.098961254363213680e-03,5.486763061901873267e-02,7.563834610182039453e-02,7.854375886125135320e-02,2.931303381257731669e-02,3.266903876199255680e-02,1.012344103739117908e-02,-1.264518925372038957e-02,3.222076212641104137e-02,6.681798553693207680e-03,-6.671737071829395363e-03,-1.410342896332051309e-02,-2.439407734934019231e-02,-2.550028904303186517e-02,8.256874162913506454e-03,2.649110166956325160e-02,2.952490763540092239e-02,1.614082367479994715e-02,1.111768389118471777e-02,8.854918889973127996e-03,-1.238090505427162126e-02,-2.201443959354632603e-03,3.750274140162636327e-02,-1.292824640614520341e-03,-1.885274652246831523e-02,-1.270658829504389339e-02,-7.102865335475428560e-03,6.856399491416595784e-03,-4.128699627242484599e-02,-3.213486485340370097e-02,-5.650617551799178018e-02,-3.438048686182172686e-02,-8.808074723076949816e-03,8.380576659932774050e-03,2.688846340374365790e-03,-1.448852366196464250e-02,1.076447752166603301e-02
-4.779299179611654763e-02,-5.522659998317107355e-02,-6.049788835632127770e-02,-1.115750237462778405e-01,-1.944151407005036969e-01,-5.622482894851180829e-02,-1.932380797010403439e-01,-8.228436888298534813e-02,1.385913464313487213e-02,-1.911421652858064368e-01,-2.876649603099934449e-01,2.446459762395136739e-02,-3.401460025251186181e-01,-3.265892969740502028e-01,3.963214054435604955e-02,1.000000000000000000e+00,4.541621919070656932e-02,-9.783909895813955315e-02,1.476149360824045020e-01,-2.008953582192747958e-02,-1.828235905539555284e-01,1.274324563981053537e-01,1.392524758503451143e-01,1.799618464524395112e-01,6.125846421316367973e-02,1.458568894012961248e-02,4.515040589138788647e-03,-4.585416960726836078e-02,-1.367028780425518994e-02,-1.434423142286904256e-02,-6.258987883447635070e-02,-3.587673253694590586e-02,-7.221084353680584655e-02,-5.800560662377917537e-02,-5.828245242282600186e-02,-2.616566073793240993e-02,-6.826369499485887560e-02,-4.905787910882118685e-02,-4.962910361322630387e-02,-1.738538127703927877e-02,-8.631213312976417779e-03,-1.542614397803070483e-02,-2.161664313854655059e-02,-5.659689771573805928e-02,-1.482278607502220472e-02,-7.702735167379418102e-03,-1.307126514097304085e-02,8.576194721700626869e-03,-1.739461412365704215e-02,-2.404277777500054072e-02,-6.912185225143299347e-03,-2.533165155278335745e-02,-1.058563032326161404e-02,1.774946478889431918e-03,1.462612560134408327e-03,3.879817558105912167e-02,1.463879054538166739e-02,-1.029929106539209660e-02,-2.009731623629177830e-02,3.031617054674424615e-03,9.135567768465911384e-03,5.086901518691814119e-04,-1.872905669315405239e-02,3.105185014613590783e-02,1.319453562226803253e-02,3.188463803814765157e-02
-1.000067342386417799e-02,-2.664768701385533331e-02,-9.608040055495216695e-04,-4.655523907816781770e-02,-3.658426772475962402e-02,-1.764618337526939473e-02,-4.796390035689005599e-02,5.992376705487779259e-02,-4.130266717459739334e-02,-6.805799756848432414e-02,1.597734649017366337e-01,-1.134189327726834451e-01,-2.532442572581006246e-01,2.802996812715952690e-01,-3.854481109587361565e-01,4.541621919070656932e-02,1.000000000000000000e+00,1.610002300739652170e-01,1.831202628901929530e-01,5.322014821270380780e-02,6.655973338053716715e-02,1.241724222636703817e-01,7.830548275082559184e-02,8.969243912251680106e-02,6.944410626624080568e-03,3.552115902513607038e-02,1.040245765958277696e-01,1.408959710861551300e-02,5.481843706376963304e-02,7.713310601078079976e-02,7.029050891720935168e-02,-4.785515061507667617e-02,4.694979202744152535e-02,1.314033754660691097e-02,5.426516299782406516e-02,6.875915463269781369e-02,4.173936453055788337e-02,4.490429095148899125e-02,2.962850313761455565e-02,-9.694839021472353643e-03,4.583035953318333883e-02,-5.227818424423418681e-03,1.032320951905049515e-02,-1.067057606211952586e-02,-2.783778853796304784e-02,-1.755176071092567902e-02,-1.782461472213381359e-02,-1.276399556384697799e-02,-1.339607654106025024e-02,-4.844131621911753650e-03,-1.212882421082684022e-02,-3.903656936012301487e-02,-2.046874564683817330e-02,-3.513222762024791751e-02,-1.274189121106853936e-02,9.628989862056380397e-03,-2.427463434171051038e-02,-2.952277306866870135e-02,-1.846682309270649899e-02,-1.846557098983690141e-03,7.135569971700255441e-03,2.710066713529795529e-02,6.754131764243652761e-03,2.768231594774668916e-02,2.775171184632304125e-02,2.429156446595711824e-02
2.259316911754331164e-02,3.048206564274200808e-02,3.918991815577858168e-02,5.138959754573080990e-02,3.738638135922028871e-02,8.244478913379804652e-02,9.556771971857937198e-02,1.180998212883163229e-01,1.088414519785861762e-01,1.328185740476161003e-01,2.059963062406874046e-01,2.877490347188337294e-01,1.802560494111284939e-01,2.760891720630937463e-01,2.754800822849642894e-01,-9.783909895813955315e-02,1.610002300739652170e-01,1.000000000000000000e+00,3.618888580777409603e-01,3.078970770443695271e-01,1.427993347786209732e-01,1.949179442991644251e-01,-2.301536146182011147e-02,9.310353185446725249e-05,-4.380150006311626237e-02,-6.251289562854898951e-02,1.236232471168060079e-02,-4.204094591841987111e-02,-5.736542601135588559e-02,-2.224455130770560188e-02,1.611099070001226208e-02,5.271435683739493505e-02,3.741381795891565720e-02,7.139148147339389495e-03,3.682341678992125111e-02,5.530299475944270432e-02,5.709826725238758421e-02,2.869815912534363217e-02,2.223098412233890514e-02,-2.154060208413537125e-02,-1.537462277565544364e-02,-2.804967956726433023e-02,-2.377015030040290772e-02,-4.750688871462851841e-03,-1.528145978379625257e-02,-1.273736903755846341e-03,-8.851998958367123319e-03,-1.837557737549530557e-02,-1.402782077871369930e-02,-1.468425935977474804e-02,-1.261777708531072566e-02,-4.412433047871077330e-04,-2.343771283300211811e-02,-6.678070261600783930e-02,-4.204901908372212643e-02,-2.979665736379037352e-02,-3.105403353007446174e-02,-3.045532256812774966e-02,-1.893639236378015164e-03,-3.615186841409628177e-02,-5.841328292401866407e-02,-1.717622673096097161e-02,-5.467801750414166134e-03,1.091676352165212895e-02,1.021186801011429723e-02,2.952125426475062098e-02
-1.196379777498768858e-02,2.003622032432075470e-02,-1.154893907458476136e-02,1.705671550984224835e-02,-5.852940561011057280e-02,1.756995931314355580e-02,-1.512180058855856248e-02,-2.415837593548757212e-02,4.373232813067368108e-02,3.032843028101795107e-03,4.293904874118191495e-02,1.267967006944430153e-01,-2.454646289007360663e-02,1.215182325272597674e-01,1.150712825686843049e-01,1.476149360824045020e-01,1.831202628901929530e-01,3.618888580777409603e-01,1.000000000000000000e+00,4.715606182350688402e-01,-4.758015570348228529e-02,4.194498586142133001e-01,3.324074363151888895e-02,1.372093315660070367e-01,9.862234466520075626e-02,7.202955032387563239e-02,1.229973192727543407e-01,6.042703741286333669e-02,7.876974188411269007e-02,7.100791436252602840e-02,8.281266126166025865e-02,-1.680329662342837718e-02,8.200733018987096945e-02,4.399682777619908641e-02,7.954334865177976888e-02,7.737510470148642461e-02,2.423314937028306013e-02,3.723158005779080709e-02,1.794745867872546419e-02,-5.302712929242684760e-03,1.306857930063578740e-02,-1.883190634627894891e-02,-9.475817345061367594e-03,9.314370641200629686e-03,9.508058117578243804e-03,2.943272162314873944e-02,3.113556694941680553e-02,1.990430583595927463e-02,3.053326525725305954e-02,2.445676665290971372e-02,2.823769446781085324e-02,-1.060485104440094927e-03,-4.181449423167104065e-03,-2.895282841329909276e-02,-1.249119814819569206e-02,7.936067286452816102e-03,-2.935623754919342802e-03,-4.727446541681511009e-03,4.623526232036902911e-03,-9.548572020671417665e-03,-1.754462547828050667e-02,-1.461045277022688434e-03,2.667136244509269241e-03,1.062475473563831256e-02,1.045713923346106152e-03,1.530186441881861183e-02
-1.752707434247330852e-03,1.118839316148580697e-02,1.679170526923519716e-02,3.702840787750917573e-02,8.329023409618954710e-03,3.421123339718511874e-02,5.036528555365444443e-02,1.690485282110787066e-02,3.963475141400282092e-02,6.661968212125382593e-02,2.892984618219768961e-02,1.180508505825254018e-01,3.555819975551195722e-02,7.929933363791914769e-02,1.182013907215578030e-01,-2.008953582192747958e-02,5.322014821270380780e-02,3.078970770443695271e-01,4.715606182350688402e-01,1.000000000000000000e+00,3.556991333394399768e-01,3.053965321071933081e-01,-1.981522058216558524e-01,-5.732582235937960097e-02,2.411788703239616666e-02,4.450516557444226043e-03,1.390341057481247755e-01,8.750036576776829000e-02,6.381439364082462651e-02,7.906898790586754100e-02,7.416928609160063079e-02,-2.553773561937336053e-02,6.387508055953525221e-02,2.682419935812829087e-02,6.240573059330429412e-02,7.607518963881948482e-02,3.348849444178675361e-02,3.875770725702781805e-02,1.222914759418558539e-02,-1.571208237027938229e-02,3.730450831877992878e-03,-1.305719200537841691e-02,1.113072516385944788e-02,2.563892048916772970e-02,1.579991238544555671e-02,1.267869325397264109e-02,1.966719123506463843e-02,2.422111056380506222e-02,3.718912875783333266e-02,2.609173328442172118e-02,8.238966259654749436e-03,4.514394161557552625e-03,1.513797587193244261e-02,-3.113585434564389992e-03,1.048324578684770546e-02,1.342133146087430909e-02,-1.017605301444908517e-02,1.897443055056696054e-02,3.046304651634659452e-02,1.943631252268120373e-03,-8.250573372594136728e-03,-1.350271554788493684e-03,5.077364544935815231e-03,-1.359747891285724062e-04,-1.075723202641227366e-03,1.139416315624081598e-02
3.424190218178321463e-03,7.317582968107874675e-03,2.935032372861534969e-02,3.414104160775308788e-02,6.606757187481020199e-02,1.690776127740826335e-02,5.471123221829932853e-02,2.155437763064127835e-02,1.057481517377845820e-02,4.987212369351073926e-02,6.804375828564412920e-02,5.196221823359106068e-02,5.446429421896417655e-02,6.626529706207390236e-02,9.471056575075764944e-05,-1.828235905539555284e-01,6.655973338053716715e-02,1.427993347786209732e-01,-4.758015570348228529e-02,3.556991333394399768e-01,1.000000000000000000e+00,5.738485515325619096e-02,-2.235379246179421409e-01,-1.525862092990264429e-01,-5.779600600388560411e-02,2.705495653429423539e-02,8.488712196679087940e-02,3.270366271185988494e-02,8.715052827381609968e-02,5.461148792711628674e-02,6.294132850475177288e-02,-3.612387443545411747e-02,5.033653592403332377e-02,4.182657415881529082e-03,5.051326856605016513e-02,5.750318127963074261e-02,5.977760278254079518e-02,6.407241399756458122e-02,3.227121017455232554e-02,-3.760227005950003611e-03,3.546107033144470927e-02,1.592768862427225429e-02,3.388606511996348353e-02,3.250213216837372077e-02,1.823560276097590735e-02,4.661105616228755980e-03,-5.775630834597362054e-03,1.440435481249328388e-02,9.547561637082317004e-03,2.042882404806066043e-03,-7.062907887631332364e-03,8.674477757673965117e-03,9.556839183383240149e-03,-5.150938600434305445e-03,1.457393419633187283e-02,-8.706921260884964084e-03,-1.710011594519642714e-02,1.468649049585828495e-02,1.396644668598297050e-02,3.809942695452188648e-03,-3.763849245963290201e-03,-1.177821323189608659e-03,5.424092642610471061e-03,-9.363456267982011184e-04,1.414050542283602253e-02,1.481185232037875686e-02
-2.897476433387451318e-03,4.127298103675834662e-02,-2.094996571178836878e-02,1.955153747686396576e-02,-5.559979878288399263e-02,1.385040202269917885e-02,-4.513107907214604364e-02,-7.688537982773430146e-02,5.312925070677390615e-02,-7.640457645323817104e-02,-3.774423951099595970e-02,3.562751986361459289e-02,-4.882690805162684389e-02,5.642944472170070842e-06,3.036158228088644065e-02,1.274324563981053537e-01,1.241724222636703817e-01,1.949179442991644251e-01,4.194498586142133001e-01,3.053965321071933081e-01,5.738485515325619096e-02,1.000000000000000000e+00,1.631388939671510607e-01,1.906850786328493363e-01,5.946085324459508131e-02,2.021777939924240264e-01,1.585930059409800252e-01,8.683354650337540837e-02,1.376274026560145025e-01,1.015058884738582606e-01,1.043211969898622804e-01,-3.247235443295802548e-02,6.577703203500651075e-02,1.926728969353993376e-02,4.773387573100710407e-02,4.332251031570831523e-02,1.823439129983817769e-02,2.302541465188616063e-02,2.062966900125029132e-02,-3.681833170163812102e-03,1.377456435314704068e-02,-6.519125027482071053e-03,1.677322380329679744e-02,1.840535130236411326e-02,1.661849072933489421e-02,3.294931382975425926e-02,2.085151544700081933e-02,3.339579882815132961e-02,1.796144589207905942e-02,-1.547597859577860011e-03,3.210903827928000137e-02,7.142983078477865150e-03,8.758158128993638949e-03,-1.077898591720493227e-04,1.963742528422486588e-02,9.265296607278070834e-03,-1.009006727648365312e-02,-9.682795585803894226e-03,1.555277871056660009e-02,8.596870579262632164e-03,-5.358067885562044913e-03,7.139627552654017120e-03,1.245195440737719220e-02,1.214143111323066557e-02,1.737429052732530205e-02,2.950612115765592972e-02
5.604034041738677543e-03,4.242764318360852868e-03,8.840919221010851148e-03,1.910814778052417201e-02,-9.633674081429563496e-02,5.178849940225590219e-03,-6.140139974339066387e-02,-5.693740873835840405e-02,4.263442179237011964e-02,-9.027277112305789886e-02,-9.710036249606139591e-02,-7.338392096674312137e-02,-1.561388407489392727e-01,-9.638206721463793425e-02,-1.107410147990137983e-01,1.392524758503451143e-01,7.830548275082559184e-02,-2.301536146182011147e-02,3.324074363151888895e-02,-1.981522058216558524e-01,-2.235379246179421409e-01,1.631388939671510607e-01,1.000000000000000000e+00,5.161099947157448131e-01,-4.390613145965037434e-02,2.054256448313680483e-01,1.245347266662799948e-02,1.615099403854689756e-03,1.112322927104407444e-01,5.973976303999519767e-03,5.253398387961964906e-03,-6.570875442044606107e-02,-2.170967433562241700e-02,-2.291735160851289185e-02,-2.772161808522351483e-03,3.240717301890348040e-02,8.016444901761447805e-03,-1.146170286697469932e-02,2.507514535472457617e-02,9.567935899059543461e-03,-1.401209846745643875e-02,6.335998109796523239e-03,1.091491242008940134e-02,-1.103872561935509075e-02,-1.004026482624377666e-02,-6.668967868353386196e-03,-2.058287111349127625e-03,-7.495955013213275418e-03,-1.315954937811574313e-02,-1.262671484604359004e-02,-1.221010440449538104e-02,-2.481813799263253226e-02,-8.144464613501541800e-03,-5.505829773375541837e-03,-1.430979960791619633e-02,-2.433895711975049905e-02,1.531685841549123000e-03,-2.954870163244536357e-02,-2.109236707166695438e-02,4.960071814176471826e-03,7.748347373271433124e-04,7.515582366211893094e-03,-4.371521274120461313e-03,2.434812022847657696e-04,1.734321491984061256e-02,6.908745835904374355e-03
