1.000000000000000000e+00,4.737206820508090832e-01,3.813615730647668123e-01,3.111560515431918139e-01,2.036294477878929921e-01,5.894069615401617557e-02,3.930701049626515037e-02,8.191757190366505403e-02,8.143667713057230195e-02,-5.656425757525310183e-02,3.614321534407839796e-03,-7.792961926636998715e-02,-6.437385745889379063e-02,1.468207985132481859e-02,4.455513503507325251e-02,1.303940334503768221e-02,-1.906000409283188646e-03,3.373407359314117837e-02,1.336581695836783733e-02,3.854064433580763754e-02,2.942877350239860718e-02,3.598801929344947609e-02,3.770287332735908908e-02,1.311599674202288367e-02,4.848184559597259330e-02,3.300002634911742422e-02,5.056702084700543526e-02,6.141737624070366802e-02,2.124213473429250459e-02,1.741986783574253975e-02,6.716273131492112372e-03,-2.806039905081265246e-02,-4.269078157084982977e-02,-7.243300686925621679e-02,-4.804000029122557774e-02,-5.991281072736363150e-02,-5.879589006086151370e-02,-5.356108420822171257e-02,-6.280796763519211345e-02,-2.643976994086361804e-02,-4.876786790780439362e-02,-3.409586062851800714e-02,-4.810380254459249716e-02,-8.783715290250647401e-03,-2.379684480927557119e-02,-3.509150768901019707e-02,-1.388814755057236894e-02,-5.460540252665143507e-02,1.642729635645717723e-02,1.419844913543245879e-02,6.480925546167775296e-03,1.769787354436449731e-02,5.418820900913597777e-02,1.126073857265033444e-02,1.656156962377139386e-02,6.645312584649405718e-02,8.238360240874367454e-03,3.102826037780867866e-02,4.941986541059893712e-02,-2.140048163858924296e-02,-3.650743101948797364e-02,4.891053952263235000e-02,3.491817476338850233e-03,3.318225561808020585e-02,3.480596445804708117e-03,5.202000577406887954e-03,-3.407132704059049992e-03,-3.498229377873920271e-02,2.439817183681514470e-02,-9.850942654655187383e-03,2.081947939057825214e-02
4.737206820508090832e-01,1.000000000000000000e+00,3.658138236614129069e-01,3.651209933314677469e-01,2.546595011664001262e-01,8.337638123930310452e-02,-2.547455420466321688e-02,4.306413627959659873e-02,9.308546216004272289e-02,-2.591793966971425028e-02,5.850494166193083434e-02,-4.466333045251665718e-02,-6.550494281553330411e-02,-3.213370997391901129e-02,-1.598144741544329053e-04,-2.641630590032337245e-02,-3.724052179282803104e-02,2.853416244976455032e-02,-6.774679625564615330e-03,3.055445522410493372e-02,2.350443095773614710e-02,3.567221154620994067e-02,2.571416235471284464e-02,1.296868919518559017e-02,4.652547270465572787e-02,1.158112499691572699e-02,5.138725965168896431e-02,4.191758004165413443e-02,2.628108389348634590e-03,-1.064329518896218497e-02,-1.607779177135226431e-02,-2.532263395981260157e-02,-4.193401828041531942e-02,-8.612077205209238417e-02,-5.006555085737295074e-02,-7.650972465685745849e-02,-7.712460800482189016e-02,-5.348662611495871161e-02,-7.933908679575189804e-02,-2.520303234438515602e-02,-6.571086212915931701e-02,-2.230717176004116953e-02,-5.767726841187423986e-02,1.163945525334086212e-02,3.185357891221375875e-04,-2.628787660125049205e-02,-1.837812258898638071e-02,-1.194819071261481874e-02,3.588015862775195686e-02,1.045805605144604390e-02,2.372638242707360637e-02,5.909398278343098998e-02,4.523855771695253075e-02,8.616953957911168901e-03,7.806274757513376183e-02,8.022396199837060482e-02,4.407160424220536027e-02,1.041753942826996043e-01,5.404512429131932277e-02,1.439873781544285039e-02,-6.867707126467952061e-02,1.774937272137566344e-02,-1.306016275225264575e-02,2.314529727815950802e-02,-5.063517868120246714e-03,-1.381627277976759521e-02,-3.188696526786907737e-02,-4.092893454628271366e-02,1.194169384392137004e-02,-1.681606089590818517e-02,2.742520335285087915e-03
3.813615730647668123e-01,3.658138236614129069e-01,1.000000000000000000e+00,4.723692619984083407e-01,5.950717480765926881e-01,1.042912870563939137e-01,-1.973576393556187442e-02,1.912218368781792299e-01,3.030434372328949522e-01,-4.734958641826867570e-02,1.175482614762284744e-01,-1.067312004439825435e-01,-1.452457752920397194e-01,1.024470341048576080e-02,9.339582231511867061e-02,4.479852696530313427e-02,-1.669268366853578721e-04,8.912635212446756716e-02,3.099083844024702258e-02,8.474144859858161183e-02,3.664503532372715561e-02,8.097423483168948721e-02,-8.740658788176335070e-03,-1.259469249772995241e-04,1.018714106907394473e-01,1.103291969641369795e-02,3.991092201996900707e-02,3.931888129436353352e-02,-4.132757186856699655e-02,-4.092321106493180399e-02,-6.454688805043630462e-02,-1.135011369533223957e-01,-1.319425352182962141e-01,-1.373633113490900781e-01,-9.802846866174037832e-02,-1.252173417114443021e-01,-9.573086565295525763e-02,-1.006123746453029266e-01,-8.523144120336476059e-02,-6.230422434595051656e-02,-9.800187281419905916e-02,-4.733572665197175594e-02,-7.795491880311923583e-02,-2.190329199386360434e-02,6.251887041738775873e-03,-3.821402436534072911e-02,-1.792185096290717372e-02,-1.907435354577459788e-02,4.272174245346830462e-02,1.917223476672116553e-02,4.693720310772374338e-02,8.028039876752258996e-02,8.075814011102713796e-02,8.852471966618985499e-02,1.005748271070276423e-01,1.830027376125261673e-01,4.684704714851549955e-03,1.491789775567854137e-01,1.487084861366792798e-01,-4.642840819038988875e-02,-1.058656510848563215e-01,1.044166579913461818e-01,3.441105322458358484e-02,9.998242836966958480e-02,3.596934495415987643e-02,-1.004570093344382166e-02,4.577451098089035090e-05,-6.407866281416269016e-02,5.595902444013044034e-03,-8.057148408945669082e-02,-1.952581355106018310e-02
3.111560515431918139e-01,3.651209933314677469e-01,4.723692619984083407e-01,1.000000000000000000e+00,3.459278392318959616e-01,2.499844951211629973e-01,3.800643235423219191e-02,3.299578982135302485e-02,1.567109874580713269e-01,-7.123225308810061940e-02,6.532726877267287791e-02,-1.145161667301600322e-01,-1.179074291410590059e-01,-7.775946375971479196e-02,-5.349524330538053991e-03,-5.107326241681620083e-02,-7.567488543619523000e-02,6.200346514149027155e-02,-1.811508495954299025e-02,5.793049059376086801e-02,-2.848289459818803548e-02,7.845863556421786567e-02,2.035788817853753652e-03,9.062351869031211316e-02,8.435823367204146883e-02,6.019388497262051496e-03,1.116650805586224121e-01,2.389977271361057309e-02,-1.670985416977464541e-02,-2.633958237082971096e-02,-4.657139829215262844e-02,-9.438757513256595955e-02,-9.683619592796140207e-02,-1.273461431101344521e-01,-8.654019445027694157e-02,-1.292176573600089806e-01,-1.220282192167305713e-01,-9.818188451106774073e-02,-1.186231309537871120e-01,-4.804899723434247899e-02,-1.093791149487533254e-01,-8.671228472727286751e-02,-9.007711442476140640e-02,-9.008202458874089644e-03,-4.903694041474642405e-04,-4.933311990782233980e-02,-1.793109260259067791e-02,8.128503033012331180e-03,3.469311453843611920e-02,-2.560868577673122357e-02,7.690065823888979357e-02,1.291199409971126866e-01,5.951378845837161646e-02,5.297972204828638870e-02,1.765567420339691218e-01,2.123848810763488415e-01,1.894310124903486325e-01,2.419632988368413118e-01,1.737744153410918091e-01,8.176051587078358995e-02,-1.475738456709575486e-01,3.694488440821037251e-02,-4.534282923365159923e-02,3.359751635572561651e-02,-3.345528424402909734e-02,-8.510081977581100687e-02,-8.920766980116438816e-02,-9.724702334551892091e-02,-6.603267316981678570e-02,-7.677055564622639605e-02,-1.984574384547193107e-02
2.036294477878929921e-01,2.546595011664001262e-01,5.950717480765926881e-01,3.459278392318959616e-01,1.000000000000000000e+00,1.721257387383429704e-01,-1.242088029517747910e-01,2.104618660881961978e-01,4.393728242759049607e-01,-1.256796287794027453e-02,2.003446359358391771e-01,-5.750208434702096250e-02,-1.403182836614441376e-01,-8.793137055155497706e-03,7.830019985195534049e-02,7.193385420197423441e-02,-5.596917485374638783e-03,9.754111976511839477e-02,3.454414988803589104e-02,5.858710643147671537e-02,2.605894457999575337e-02,5.573630476295523412e-02,-6.101703429139825052e-02,-5.017367394541134840e-02,7.811892723009863926e-02,-4.300104873737609079e-02,9.887116279996277513e-03,-1.561549072170735630e-02,-8.513388293620445524e-02,-7.953240571481802468e-02,-1.050073408472090158e-01,-1.314093928062430305e-01,-1.555995060591111034e-01,-1.328342660889289539e-01,-1.034943366912772916e-01,-1.255938249749895819e-01,-9.867263348214252994e-02,-8.800248395291533632e-02,-7.273679100487874527e-02,-5.905171098146051040e-02,-1.048260966024500140e-01,-4.868218833562055342e-02,-7.036234286943354732e-02,-8.433534928760061389e-03,1.339331937524946420e-02,-7.862006157018970251e-03,2.185927250000148717e-02,-3.583012924389133384e-03,3.828767776029940589e-02,3.880115946774398417e-02,9.936164438536211618e-02,8.800756152840802371e-02,8.902278831745916166e-02,1.496844867185824213e-01,1.681234712071446591e-01,2.083521380105055887e-01,1.850242113282805651e-03,2.163523721643115516e-01,1.448649179873472970e-01,-4.569185779941536962e-02,-1.655744288593634372e-01,5.864210234555281703e-02,3.574593944633098347e-02,1.300689182031845303e-01,7.970407510734699164e-02,-2.117611026975006749e-02,3.488493545878517364e-03,-4.042079557804984652e-02,-8.412824077607900311e-03,-9.569627628288060461e-02,-5.935694807136482343e-02
5.894069615401617557e-02,8.337638123930310452e-02,1.042912870563939137e-01,2.499844951211629973e-01,1.721257387383429704e-01,1.000000000000000000e+00,1.986482783329824031e-01,-1.900078706181119181e-01,-2.576911782685981783e-02,-2.462695094924758632e-01,-1.535774946660580509e-01,-1.258303970425544982e-01,7.179632987339690936e-03,-2.253994890835633175e-03,9.862258267730213135e-02,-6.121983684870190706e-02,2.273028992965990536e-02,1.241363629884989633e-01,4.882603085307415935e-02,1.908455601076404773e-01,-9.550049819004618372e-04,2.145572693241510898e-01,9.307976991118267762e-02,2.018847394991425404e-01,1.952707372823584975e-01,1.057750024286828322e-01,1.449073330544352334e-01,1.076516500649448982e-01,3.554886540759074481e-02,2.166415846219906655e-02,-8.164922807572630101e-03,-5.693138668025127247e-02,-5.905333771461495490e-02,-5.182805072120922479e-02,-1.021998200583560945e-01,-9.871400197281929301e-02,-1.102814608532396573e-01,-8.895535701128452766e-02,-1.105426186994506593e-01,-7.382359496360964279e-02,-1.104661516379356057e-01,-1.575496053754040782e-01,-8.724879754862675807e-02,-5.807762643706510658e-02,-2.691320754201571505e-02,-5.403257789393748484e-02,-3.396634893205872918e-02,2.509023202734705915e-02,5.317728694779214754e-02,-3.746535298199939884e-02,4.460640547628104413e-02,6.807182314253829025e-02,9.946181610825068076e-02,1.236056903492849419e-02,1.028973103834736162e-02,1.789484405973329473e-01,2.496194048028119450e-01,1.244952556338717459e-01,2.435226966204589449e-01,1.289915721244286606e-01,-2.357122945018540888e-02,7.409124969355665447e-02,-4.712002527139911440e-02,-1.510899028761426149e-02,-1.810150930035910599e-01,-1.596921752511609727e-01,-1.484613120845621193e-01,-2.193783620742676965e-01,-7.069141364017493545e-02,-1.246251077337393737e-01,4.055026494458167929e-02
3.930701049626515037e-02,-2.547455420466321688e-02,-1.973576393556187442e-02,3.800643235423219191e-02,-1.242088029517747910e-01,1.986482783329824031e-01,1.000000000000000000e+00,2.982183181237805791e-01,1.010905552920510070e-01,4.129589224898765065e-02,-1.027854980832116349e-01,2.381016182495328606e-02,7.110927490521674887e-02,9.666955082623365780e-02,5.573416249772577408e-02,1.821868888622729318e-02,1.521055518688950170e-01,6.756605429230248816e-02,7.869442211072787130e-02,1.148128907849417929e-01,1.133224133572073578e-01,8.654741209052535522e-02,1.368865341440756722e-01,8.339977294950838560e-02,9.833226730239881530e-02,1.577114475153099937e-01,2.177584853283739963e-02,1.229667703322266520e-01,8.865731094377070354e-02,7.423273937552221646e-02,6.862344859661896612e-02,2.456872995611723842e-02,2.214524457744032268e-02,3.133756718078462705e-02,9.747220749912235624e-03,2.106216785381878967e-02,3.831856546070083053e-03,-1.666026878703566125e-02,9.275894825671671465e-03,-4.003804567202317449e-02,-2.823984405848102217e-02,-4.272722676332739444e-02,-3.214169192644255463e-02,-7.865083586151412620e-02,-5.787907830371635115e-02,-6.349431472463022696e-02,-6.994555463268514739e-02,-7.432672537453784145e-02,-2.615580275516203937e-02,-4.879755612722709752e-03,-1.167375509321822574e-01,-1.168261121252682222e-01,1.646287061384515971e-02,-4.298489855615413024e-02,-2.273954338653574603e-01,-7.207064005682312091e-02,-8.954549566295692820e-02,-2.277349209578555245e-01,-1.739096248120634500e-02,-9.997091388443885007e-02,1.492042009772885924e-01,8.525388617359191956e-02,5.946531060069717989e-02,-3.187921768806521033e-02,-2.829324404746418747e-02,9.174917768026737142e-02,2.773195935006573035e-02,-1.226375297167691010e-02,9.485497014345113664e-02,6.661691489790441678e-02,1.392324268953407940e-01
8.191757190366505403e-02,4.306413627959659873e-02,1.912218368781792299e-01,3.299578982135302485e-02,2.104618660881961978e-01,-1.900078706181119181e-01,2.982183181237805791e-01,1.000000000000000000e+00,5.226569014496298404e-01,4.363168369640896271e-01,3.432199493506953858e-01,1.709508368223723040e-01,-2.166442492154440486e-02,7.144946677663009671e-02,3.235249391142262787e-02,1.060818077926044545e-01,9.640773334082358703e-02,1.862444936162653553e-02,5.275532974283386745e-02,-2.146474760113907185e-02,1.149247594095895997e-01,-6.992911729949036204e-02,-2.901994642860616924e-02,-1.308446721774073618e-01,-1.896490041370562860e-02,-6.721550369909993008e-03,-9.234774403673122467e-02,-1.473338903552846163e-02,-4.330359589183382929e-02,-3.969848797183744837e-02,-2.330122721289700979e-02,-9.997908276260783142e-03,-1.751009873480979806e-02,-1.463741395379092314e-02,1.630492822626657470e-02,1.328297651474351880e-02,3.106309478197063004e-02,1.001382390596084956e-02,5.446379442603236504e-02,1.522223479854341310e-02,2.117242704666389558e-02,5.975535258285861323e-02,1.146427812215385610e-02,-1.503464693044373295e-02,4.691483219849519539e-04,-3.892823521296152629e-03,3.012797076379145414e-03,-6.673505525374401337e-02,-4.276754445919171005e-02,4.381331085910245005e-02,-4.895245962416773511e-02,-6.739646100919116645e-02,-1.489866983903770717e-02,5.262170108580998401e-02,-4.661973365863598256e-02,-4.494548049767147641e-02,-2.662511306232179242e-01,-9.624310373657508910e-02,-1.202355326652139733e-01,-2.159638814540787710e-01,-2.102455381385736483e-02,2.606252860973426108e-02,7.890037242322507638e-02,5.454009661280667665e-02,1.567352504099396582e-01,1.662356994359155127e-01,1.275516312786870721e-01,1.306613982323214518e-01,1.171329905014366624e-01,7.346220086096728885e-02,2.347243975889206496e-02
8.143667713057230195e-02,9.308546216004272289e-02,3.030434372328949522e-01,1.567109874580713269e-01,4.393728242759049607e-01,-2.576911782685981783e-02,1.010905552920510070e-01,5.226569014496298404e-01,1.000000000000000000e+00,3.008309411268504929e-01,4.504270941045760424e-01,1.243894119226388456e-01,-8.496828220053546932e-02,-1.484307523719737704e-02,2.298805325398802293e-02,7.424597088589793281e-02,8.007252461488390330e-03,4.436422351992592300e-02,2.385798207386908773e-02,-1.689163238981896548e-02,3.764176633411882994e-02,-4.559811326566413220e-02,-1.112490581295405706e-01,-1.344030952121992861e-01,-1.075462593792908539e-02,-8.666970977775431684e-02,-7.694106096915043214e-02,-5.435733822142049809e-02,-1.092349248827725744e-01,-6.911860224846645695e-02,-1.023041475892159519e-01,-7.896337644537677891e-02,-1.144759511056019502e-01,-8.300456220061741552e-02,-4.794082737276239570e-02,-1.925212759520006714e-02,-2.910568304204563111e-03,1.571470629056167829e-04,2.483279157753547420e-02,4.909831464227762052e-03,-1.996526867437262501e-02,4.247510439952031924e-02,-1.383290448025254610e-02,3.510471416846835946e-02,5.185031424889399027e-02,2.739989655033116256e-02,5.628671049641355284e-02,-3.174777093652209059e-02,-1.703518997529956946e-02,6.479257918150581330e-02,4.959344283294751798e-02,3.185662376337840274e-02,1.584035820326539640e-02,9.104156445336689107e-02,1.144177006482841458e-01,8.726419564307467958e-02,-1.564875272579697163e-01,1.063176562398295139e-01,-1.250453213499628721e-02,-1.412731890498624132e-01,-1.478557198873801104e-01,1.539981810269951644e-02,3.962123719153804596e-02,1.044932353646957357e-01,1.448816159988420837e-01,5.067795315459835970e-02,6.027469092872700385e-02,5.915215507706529652e-02,1.936594629255152661e-02,-4.333651996462420386e-02,-8.171883212350070091e-02
-5.656425757525310183e-02,-2.591793966971425028e-02,-4.734958641826867570e-02,-7.123225308810061940e-02,-1.256796287794027453e-02,-2.462695094924758632e-01,4.129589224898765065e-02,4.363168369640896271e-01,3.008309411268504929e-01,1.000000000000000000e+00,5.151391263205594706e-01,5.545036149366007194e-01,1.225001500334834126e-01,-6.632534157280568776e-02,-1.067179494862109806e-01,-3.539379646337786900e-02,-4.651391232317311081e-02,-1.543610265601835785e-01,-8.268679185487279315e-02,-1.840895716543357041e-01,-3.779999053101168460e-02,-1.918809955316791160e-01,-1.239981644185209897e-01,-1.592539009866882349e-01,-1.785765137374230871e-01,-1.075414137524828978e-01,-1.225194935574034638e-01,-1.217970039149968153e-01,-4.788683820794503027e-02,-6.266610820654602843e-02,-7.816655210920286923e-03,1.075912767718696650e-02,3.624060663550105615e-02,3.761919363269693867e-02,5.966372562111978139e-02,8.962002488085329954e-02,9.520751876347380294e-02,8.273189235040079303e-02,1.217294778550789131e-01,1.184102018509115700e-01,1.256334214428102003e-01,1.225700686276582491e-01,9.537680547259066999e-02,6.328990595927230789e-02,4.899051119492410511e-02,6.785433674921914626e-02,4.986644222076976746e-02,-5.067345182134790765e-04,-3.500755191912455211e-02,5.228504461605550796e-02,2.598545738440644071e-02,1.673339368238360714e-02,-7.566631487947439449e-02,-3.179495745571638693e-02,2.607152056051238384e-02,-1.429005493138978955e-01,-7.883877251449158963e-02,-2.223892062864033306e-02,-1.956688690981172596e-01,-2.783265217904171834e-02,-1.724202610478395292e-02,-1.687233188211145207e-01,-5.408130291441798354e-02,-6.767154692872380528e-02,7.466456907300951518e-02,5.624601905634731003e-02,5.324552732414306044e-02,1.600963683811742755e-01,1.531773792283728196e-02,7.827192328607450456e-02,-6.850147861520060333e-02
3.614321534407839796e-03,5.850494166193083434e-02,1.175482614762284744e-01,6.532726877267287791e-02,2.003446359358391771e-01,-1.535774946660580509e-01,-1.027854980832116349e-01,3.432199493506953858e-01,4.504270941045760424e-01,5.151391263205594706e-01,1.000000000000000000e+00,2.836526486586288254e-01,-3.878474600676557610e-02,-8.963748660463753681e-02,-7.443308885463792435e-02,3.441921565185317167e-02,-7.150351076517871829e-02,-7.813650566388592733e-02,-7.479860963350377923e-02,-1.311623944891845972e-01,-2.304704510615687707e-02,-1.446199852141993314e-01,-1.775564209557027040e-01,-1.781920696495535306e-01,-1.267559772319756251e-01,-1.485944050338734723e-01,-1.068918972298226883e-01,-1.536693742773947435e-01,-1.051399413684857842e-01,-1.011548307658080847e-01,-1.044573928427279669e-01,-6.149402994178096438e-02,-8.668355284131962213e-02,-7.512827116328915644e-02,-1.347769043290026995e-02,-1.839337720257443187e-02,2.996515290782595861e-03,1.516294491839868461e-02,4.185349440620392963e-02,5.801640384196036365e-02,2.628124881130293813e-02,5.948924515074030528e-02,3.460325094896607445e-02,7.079479631157514774e-02,7.023284063892107354e-02,8.284544103330973575e-02,8.978644534689314560e-02,2.573278381553060698e-02,3.492388955763671247e-03,5.896087100953063126e-02,9.029024853811408458e-02,5.400603971973211292e-02,9.205621447603771742e-04,4.358761673903042283e-02,1.373706049017741626e-01,2.345584953302959699e-02,-3.663008057620668889e-02,1.124476746183468157e-01,-4.094791092506859520e-02,-6.001074261174996899e-02,-9.590217302626027895e-02,-5.923148666073752011e-02,-3.034636433231179941e-03,4.956896271612739463e-02,1.279528477711111278e-01,2.614189530724259775e-02,6.335196833999995336e-02,1.097247058437145900e-01,-1.495858998737655335e-02,-7.662703573432778567e-03,-1.297754446215519386e-01
-7.792961926636998715e-02,-4.466333045251665718e-02,-1.067312004439825435e-01,-1.145161667301600322e-01,-5.750208434702096250e-02,-1.258303970425544982e-01,2.381016182495328606e-02,1.709508368223723040e-01,1.243894119226388456e-01,5.545036149366007194e-01,2.836526486586288254e-01,1.000000000000000000e+00,3.049269998550632188e-01,5.008415672233725024e-02,-6.365728760352350191e-02,-1.008335958317494244e-02,3.540594022586712741e-02,-1.163334303576043088e-01,-4.776777753978307672e-02,-1.069212755098216394e-01,-3.801153183517864964e-02,-1.257527367788606187e-01,-3.303175798055699858e-02,-8.135504469875595723e-02,-1.207931717740567540e-01,-5.127275561598027692e-02,-7.371586551492294304e-02,-6.596336706757727208e-02,-3.028396979943373882e-03,-2.580717060546961622e-02,2.736213017388700736e-02,2.211813046771059568e-02,4.559007567974941721e-02,5.336125293747369380e-02,3.681945580841886057e-02,7.202938311920584202e-02,6.420367862160918093e-02,5.113220560513687812e-02,8.155210147608128735e-02,6.863980269183379834e-02,1.105761716171374948e-01,7.545125925472614958e-02,1.046450098262696332e-01,7.081196053505772747e-02,3.439429521072666363e-02,5.980387207968363567e-02,3.556899194132809305e-02,-3.365973722843422673e-03,-2.730274097981355563e-02,3.292572465984566071e-02,2.801883989073069778e-02,1.290443148265483370e-02,-4.543816460356343151e-02,-7.824984127200315664e-02,-1.799900404605737220e-02,-1.159111112525119669e-01,-1.596846484758228032e-02,-3.658580789941054401e-02,-1.495567262167467604e-01,3.288618181989053091e-02,3.110111475941592513e-02,-1.662741129314777300e-01,-1.053224735194869532e-01,-1.205811756404597118e-01,-2.840081401946098309e-03,2.119205929541724889e-02,1.892609661435663837e-02,1.060556411171418995e-01,2.308740000028673689e-02,6.223662609322855310e-02,-1.727967101668935121e-02
-6.437385745889379063e-02,-6.550494281553330411e-02,-1.452457752920397194e-01,-1.179074291410590059e-01,-1.403182836614441376e-01,7.179632987339690936e-03,7.110927490521674887e-02,-2.166442492154440486e-02,-8.496828220053546932e-02,1.225001500334834126e-01,-3.878474600676557610e-02,3.049269998550632188e-01,1.000000000000000000e+00,2.703184308147392190e-01,7.555820701239211734e-02,-1.341049403255543948e-03,1.914213067921903821e-01,-3.476374800300651574e-02,3.674909297883711956e-02,4.438226844057000658e-02,4.372512165798331241e-02,2.135463816737326846e-03,1.096767610910360236e-01,2.173248387813629320e-02,2.069783771579550204e-03,3.848415029347487804e-02,-3.210016028611005490e-03,4.092810329657173632e-03,6.255586373364387109e-02,1.758423227314161522e-02,6.483876294716096889e-02,2.609571020386963411e-02,4.776951848132297146e-02,6.570343146353097019e-02,-6.867594073909147334e-03,4.671148820360138121e-02,5.055785050856900081e-02,1.755348397913553474e-02,3.613052978983127134e-02,2.156542302228411229e-02,6.761825000637236571e-02,-1.767441889101436722e-02,6.903707138007846023e-02,-1.003758822709829683e-02,-1.653470943864407058e-02,1.284758415971615914e-02,-2.533497495371436412e-02,-3.432710502373106931e-02,-3.511122606914400535e-02,-6.202990876576957094e-03,-1.757191480619133342e-02,-1.355775288075666135e-02,-4.591408779582528688e-02,-1.239930811243109554e-01,-7.399494019658545141e-02,-9.780835843290244802e-02,1.532315882139701803e-02,-8.104355296796958430e-02,-1.079441231751817332e-01,7.291444072098983431e-02,1.081980635038693322e-01,-9.894905991912275600e-02,-5.096747158232182995e-02,-1.143059114438236407e-01,-6.912706223541359440e-02,2.627252596967381837e-02,1.441295793933819458e-02,1.213008080911625285e-02,6.586231013689410052e-02,8.491471702865813209e-02,8.491239977596394539e-02
1.468207985132481859e-02,-3.213370997391901129e-02,1.024470341048576080e-02,-7.775946375971479196e-02,-8.793137055155497706e-03,-2.253994890835633175e-03,9.666955082623365780e-02,7.144946677663009671e-02,-1.484307523719737704e-02,-6.632534157280568776e-02,-8.963748660463753681e-02,5.008415672233725024e-02,2.703184308147392190e-01,1.000000000000000000e+00,4.680285676423321939e-01,4.148895114952667607e-01,4.921262457250941691e-01,2.328726385439115754e-01,2.730785999021544397e-01,2.734289935585439979e-01,2.591395939729625453e-01,1.837780374735923927e-01,1.834864918192984640e-01,1.606315450479886900e-02,1.981303522397682149e-01,1.400541947824714695e-01,3.188729916395020847e-02,9.884267832805204712e-02,2.914218489861349765e-02,9.512180403997792105e-03,7.593660846066645036e-03,-4.342509798363537732e-02,-4.994702285115613927e-02,-5.513752409205172761e-02,-5.971002077700550414e-02,-6.318738418925845535e-02,-5.625524557056204439e-02,-8.254199314755504557e-02,-4.074858838672833911e-02,-8.300584943839479923e-02,-1.788107690154077875e-02,-4.815041873637483649e-02,-5.267839927092876282e-03,-2.351465884457487610e-02,-3.545132253006364614e-02,-1.551261270643612168e-02,-3.702347013616954282e-03,-9.392132757148935474e-02,-3.105872905116014576e-02,4.299787411285662525e-02,-4.795402482276674150e-02,-7.597597541249075104e-02,3.754368915776649506e-03,-6.285905173614896035e-02,-1.219884468953561368e-01,-2.560244843156127964e-02,-9.494761077416491446e-02,-9.244979968236119450e-02,4.944691191160663878e-04,-8.887301412110303056e-02,6.478365710284146595e-02,5.488976235539878151e-02,5.772415248951788536e-02,2.993793285815698688e-02,7.394086150258408381e-03,8.536388062886360317e-02,8.970856258698371721e-02,-6.247954556717839891e-02,1.603769466326518123e-01,2.301997303623459432e-02,1.685542323887566640e-01
4.455513503507325251e-02,-1.598144741544329053e-04,9.339582231511867061e-02,-5.349524330538053991e-03,7.830019985195534049e-02,9.862258267730213135e-02,5.573416249772577408e-02,3.235249391142262787e-02,2.298805325398802293e-02,-1.067179494862109806e-01,-7.443308885463792435e-02,-6.365728760352350191e-02,7.555820701239211734e-02,4.680285676423321939e-01,1.000000000000000000e+00,3.663931736467024303e-01,3.275508897785011087e-01,1.863975871258039263e-01,2.323427229585403875e-01,3.114400153626911139e-01,2.270306927197221214e-01,2.527102215295986554e-01,1.714961154604870142e-01,3.982021068880479964e-02,2.578381190725710370e-01,1.398420260639358648e-01,4.904681685729562340e-02,1.130440305705416593e-01,-9.688020322007570876e-04,7.179389332105220491e-03,-4.377740013212953751e-02,-6.250866402772316255e-02,-7.390197308443019475e-02,-8.854026631212913445e-02,-1.032465949651912018e-01,-9.808206758405700609e-02,-7.433682582503525760e-02,-8.281624782803576057e-02,-8.398860101097174735e-02,-8.415893771878835139e-02,-3.922366590434029493e-02,-9.322680012002523831e-02,-1.670056269351827966e-02,-3.545868745670464894e-02,-1.051180915009149695e-02,-2.928990566094171605e-02,2.042569749532269305e-03,-4.671351047960885239e-02,4.135581065678878288e-02,2.866924362842568005e-02,-1.474563895018803951e-02,-1.209760118188367992e-03,7.275130124661298436e-02,-1.226729095558422994e-02,-6.122271369864526469e-02,7.954456085138275623e-02,-7.083833559282076697e-02,-4.428598012465635725e-02,7.806980365808051381e-02,-1.050183685450202659e-01,-2.123051794733459008e-02,9.465129247088543973e-02,6.077629768826609685e-02,5.488380257353971114e-02,-2.885102771314489861e-02,2.959141794633260783e-02,1.426808808680083210e-02,-1.586539092650668392e-01,1.246347399226629682e-01,-7.424556570144826007e-02,1.291931250718826862e-01
1.303940334503768221e-02,-2.641630590032337245e-02,4.479852696530313427e-02,-5.107326241681620083e-02,7.193385420197423441e-02,-6.121983684870190706e-02,1.821868888622729318e-02,1.060818077926044545e-01,7.424597088589793281e-02,-3.539379646337786900e-02,3.441921565185317167e-02,-1.008335958317494244e-02,-1.341049403255543948e-03,4.148895114952667607e-01,3.663931736467024303e-01,1.000000000000000000e+00,1.982833188335017816e-01,1.061397449987622754e-01,2.323930846971526409e-01,1.771351575329573325e-01,2.040423493757375084e-01,1.152224230124228727e-01,4.094952653387595731e-02,-6.267325196863976489e-02,1.597605969949630611e-01,3.208989720096888654e-02,-3.083907219047221648e-02,2.282717466878225743e-02,-2.614292374800667937e-02,-5.032677745905839856e-02,-6.900002534921831354e-02,-5.170925517490471829e-02,-7.905209482073895233e-02,-8.707128422594362371e-02,-5.484484447083800424e-02,-5.551120640895253894e-02,-5.474409305605318354e-02,-4.552343094344382668e-02,-3.166987411594015395e-02,-8.104729708328778370e-02,-1.390909204404897938e-02,-2.032836724655765967e-02,-2.208553833073869689e-03,2.323450331208280067e-02,2.331054771623069025e-02,1.000674486723326581e-02,5.002885533803423657e-02,-3.786793364022320030e-02,-2.652632665329161810e-02,2.286495608812788918e-02,8.609635600469872641e-03,-7.857997050256988747e-02,3.969756360993941663e-02,5.802968219361551855e-03,-7.029276025930895899e-02,-1.447806472239063008e-03,-1.205497595012270523e-01,-3.883909043392365368e-02,2.665585944517321129e-02,-1.446219438025488913e-01,-2.672386173291662823e-02,7.870973911583033222e-02,1.192746586329877095e-01,1.240521647710045722e-01,9.890037995858888542e-02,6.604050453355674033e-02,7.240319610803508388e-02,-4.950696351917709126e-02,9.038273531157275942e-02,-5.194932280946872732e-02,4.285812265881203814e-02
-1.906000409283188646e-03,-3.724052179282803104e-02,-1.669268366853578721e-04,-7.567488543619523000e-02,-5.596917485374638783e-03,2.273028992965990536e-02,1.521055518688950170e-01,9.640773334082358703e-02,8.007252461488390330e-03,-4.651391232317311081e-02,-7.150351076517871829e-02,3.540594022586712741e-02,1.914213067921903821e-01,4.921262457250941691e-01,3.275508897785011087e-01,1.982833188335017816e-01,1.000000000000000000e+00,3.034786799283156200e-01,2.559845598404789091e-01,2.725733003739863047e-01,2.123948582514431638e-01,2.059137542463427839e-01,1.840752690582651563e-01,5.171140597968575114e-02,2.072582555724820086e-01,1.543005576764635289e-01,5.274853851811669991e-02,1.089528546827151362e-01,3.609224922572008831e-02,4.583793803993240629e-02,1.755731899572459016e-03,-1.830051744042320017e-02,-3.192692219858532000e-03,-3.030230972541528636e-02,-7.661437829985122405e-03,-3.334888959935094349e-02,-4.980107532401427395e-02,-6.110590781817285683e-02,-2.436107469458222152e-02,-8.123661251455242815e-02,-4.679074400995481692e-03,-4.742905721184265816e-02,1.323087171292795967e-02,-3.668324746917277224e-02,-1.158569940818074753e-02,-1.303131796593062081e-02,3.371700218713662676e-03,-8.273051687293633827e-02,-1.440462431201154289e-02,3.819185456970630721e-02,-4.358808185541308833e-02,-7.726364099946056441e-02,6.061602110267421198e-03,-6.289859518143534056e-02,-1.494454364894499399e-01,-4.173230416016344979e-02,-1.083956159156637677e-01,-1.252084065360089260e-01,-1.922834306003304988e-02,-1.061162681519970258e-01,5.302284794548123292e-02,3.606862833548880876e-02,3.644253670654311328e-02,1.209797286534198060e-02,-5.076156740430254506e-03,7.176239949237921134e-02,4.732380064696978250e-02,-7.007542649106478228e-02,1.165928678071967844e-01,-1.549478398641982932e-02,1.366676135333118602e-01
3.373407359314117837e-02,2.853416244976455032e-02,8.912635212446756716e-02,6.200346514149027155e-02,9.754111976511839477e-02,1.241363629884989633e-01,6.756605429230248816e-02,1.862444936162653553e-02,4.436422351992592300e-02,-1.543610265601835785e-01,-7.813650566388592733e-02,-1.163334303576043088e-01,-3.476374800300651574e-02,2.328726385439115754e-01,1.863975871258039263e-01,1.061397449987622754e-01,3.034786799283156200e-01,1.000000000000000000e+00,3.406939192220297952e-01,2.967021766767724000e-01,2.308583285741131197e-01,2.543649622289097523e-01,1.980924201251345329e-01,8.388056170731032768e-02,2.943529970099885151e-01,1.675629337524794094e-01,6.709397135481874608e-02,1.206005557417317714e-01,2.934074091978526588e-02,1.879318137299772554e-02,-3.978691771086258905e-02,-7.180880260057927178e-02,-7.796132424995055876e-02,-1.086227357171644786e-01,-6.977990432578008717e-02,-9.855053174159428275e-02,-1.064179149047753126e-01,-7.704720424032959758e-02,-8.885426334812758509e-02,-9.568088806908345290e-02,-5.964849190076731977e-02,-6.753487048070017096e-02,-6.404463509197304283e-02,-7.224499035619628973e-02,-5.564382519820858762e-03,-5.236147337173491928e-02,-7.791518542552406529e-03,-4.982405596897915984e-02,8.607070289975986179e-05,-1.664496883570975444e-02,-1.141919643095807776e-02,-2.918831422658330066e-02,2.293812834246894070e-02,5.205418754562268421e-03,-5.299195320756685396e-02,1.148186985479393712e-01,-1.785305619184083051e-02,3.592116228311524606e-02,1.198646665831513830e-01,-6.201942848359063426e-02,-5.159123341570012733e-02,1.095066682729820967e-01,4.715229011523337094e-02,4.232823590315144824e-02,-2.795656854024943308e-02,1.638043525228694702e-02,-1.010924400107490045e-02,-1.653139872172944280e-01,1.054378278615381997e-01,-7.724855932973156980e-02,1.350631073277214766e-01
1.336581695836783733e-02,-6.774679625564615330e-03,3.099083844024702258e-02,-1.811508495954299025e-02,3.454414988803589104e-02,4.882603085307415935e-02,7.869442211072787130e-02,5.275532974283386745e-02,2.385798207386908773e-02,-8.268679185487279315e-02,-7.479860963350377923e-02,-4.776777753978307672e-02,3.674909297883711956e-02,2.730785999021544397e-01,2.323427229585403875e-01,2.323930846971526409e-01,2.559845598404789091e-01,3.406939192220297952e-01,1.000000000000000000e+00,2.991858863947375324e-01,3.003235308764921063e-01,2.443345600653665239e-01,2.632773702700436647e-01,1.355560117240433293e-01,2.779852948363334963e-01,2.554878485497327212e-01,7.286288643977070767e-02,1.548894167051398374e-01,4.403124823456917164e-02,1.988132886943593317e-02,5.126545919995850915e-03,-3.335758932257862353e-02,-2.704822412163873993e-02,-5.952812945923461468e-02,-5.598198634349665220e-02,-7.366548812523039669e-02,-8.344100590513622850e-02,-6.784567206033648157e-02,-8.642550029666554168e-02,-1.175886861909743036e-01,-4.196720175775071893e-02,-8.694726818669180901e-02,-5.896033543748224748e-02,-6.038556024224613072e-02,-7.001175181090175947e-02,-7.372480264976830067e-02,-1.458695584767170927e-02,-1.143565477502928862e-01,-5.095694374471206739e-02,1.426575003336002199e-02,-5.503931892005704818e-02,-8.916916828865285860e-02,2.567365881121123558e-02,-9.293931734192757005e-03,-8.241409118340546625e-02,3.919135360263766715e-02,-3.893118394393822040e-02,-2.997776823562897999e-02,6.817963949557412362e-02,-7.075054916841058694e-02,7.938761884453906723e-03,5.294254997342762170e-02,2.755291656552164709e-02,-1.325895335887487640e-02,-1.976049323022180046e-02,1.096200076242512117e-01,-1.361838179909090514e-02,-8.403882848872855360e-02,1.639406964343554651e-01,1.994422661452254289e-02,2.138621640056590223e-01
3.854064433580763754e-02,3.055445522410493372e-02,8.474144859858161183e-02,5.793049059376086801e-02,5.858710643147671537e-02,1.908455601076404773e-01,1.148128907849417929e-01,-2.146474760113907185e-02,-1.689163238981896548e-02,-1.840895716543357041e-01,-1.311623944891845972e-01,-1.069212755098216394e-01,4.438226844057000658e-02,2.734289935585439979e-01,3.114400153626911139e-01,1.771351575329573325e-01,2.725733003739863047e-01,2.967021766767724000e-01,2.991858863947375324e-01,1.000000000000000000e+00,3.844719944920649279e-01,7.055407211374435938e-01,3.912345175994527136e-01,3.127787388697592097e-01,6.492611835253211394e-01,3.939717510820220925e-01,2.422697739008573825e-01,4.036161470659876960e-01,1.807295394572215608e-01,1.133365842662533568e-01,1.119534316657338352e-01,1.910461652586251330e-03,1.890615234229582955e-02,-2.774403151340534487e-02,-8.173595853719368975e-02,-1.000824365427011309e-01,-9.515794484751588511e-02,-1.113688782418069123e-01,-8.922227706483391863e-02,-1.139925199949774065e-01,-9.005420737591751656e-02,-1.234993211269148905e-01,-6.585420206180297997e-02,-5.384328996405629564e-02,-7.859139486315327994e-02,-1.142855562350712090e-01,-8.575994081789604928e-02,-8.632543013626947648e-02,-3.406812853244456374e-03,-6.162657176731656944e-02,-9.675593921682047738e-02,-7.316754934436200952e-02,1.944753114527461232e-02,-5.082162373893862883e-02,-8.371557735162642178e-02,9.563382449209760494e-02,-2.385719147666622367e-02,-3.106184540782606571e-02,7.349998086530429298e-02,-2.165034604053761233e-02,-1.136517287494162726e-01,2.177845312943752984e-02,-8.040366600149412291e-02,-7.959797383400911419e-02,-2.735266233361371979e-01,-1.316576405360126434e-01,-2.014195853799227165e-01,-4.700336841766962204e-01,6.946414709563247802e-02,-2.573536284198184032e-01,2.348117846772642681e-01
2.942877350239860718e-02,2.350443095773614710e-02,3.664503532372715561e-02,-2.848289459818803548e-02,2.605894457999575337e-02,-9.550049819004618372e-04,1.133224133572073578e-01,1.149247594095895997e-01,3.764176633411882994e-02,-3.779999053101168460e-02,-2.304704510615687707e-02,-3.801153183517864964e-02,4.372512165798331241e-02,2.591395939729625453e-01,2.270306927197221214e-01,2.040423493757375084e-01,2.123948582514431638e-01,2.308583285741131197e-01,3.003235308764921063e-01,3.844719944920649279e-01,1.000000000000000000e+00,1.919020484010051375e-01,3.836099350992331347e-01,-1.117759260466045373e-01,3.842033632835503698e-01,3.316013883417231467e-01,-5.202520389076988050e-02,1.876584358663166141e-01,6.622084553576314259e-02,-2.206428805784768632e-02,2.386039203959681998e-02,-4.905163033446388599e-03,-3.087602096932465928e-02,-6.347089560560308097e-02,-7.931446249317314345e-02,-1.105568375028052469e-01,-9.402576734721630747e-02,-1.198798492268236537e-01,-1.393634347336605295e-01,-1.262043489145710795e-01,-1.495577230550282632e-01,-1.553839451848422759e-01,-1.217249963698882886e-01,-1.541430256070822624e-01,-1.724290090039724832e-01,-1.643537820039138453e-01,-1.649786904529791931e-01,-1.709684234060079855e-01,-1.579066307409142042e-02,-5.420146648215730389e-02,-1.408924625691941879e-01,-1.125952428187170229e-01,-1.548562223705777716e-02,-6.926557204619734898e-02,-1.040203956387122236e-01,-1.707680865089455588e-02,-9.308845007393998228e-02,-4.990837859099184204e-02,-1.647680730587133824e-02,-1.074400910420486854e-01,3.728688219310603846e-02,6.671972424402694557e-02,7.151877631417954961e-02,2.546140306201295084e-02,2.519099327705191446e-02,2.561216387155769714e-01,2.417795802954729179e-01,-1.699075629373259302e-02,5.344490168585112055e-01,2.283951783910527222e-01,4.228627156659311992e-01
3.598801929344947609e-02,3.567221154620994067e-02,8.097423483168948721e-02,7.845863556421786567e-02,5.573630476295523412e-02,2.145572693241510898e-01,8.654741209052535522e-02,-6.992911729949036204e-02,-4.559811326566413220e-02,-1.918809955316791160e-01,-1.446199852141993314e-01,-1.257527367788606187e-01,2.135463816737326846e-03,1.837780374735923927e-01,2.527102215295986554e-01,1.152224230124228727e-01,2.059137542463427839e-01,2.543649622289097523e-01,2.443345600653665239e-01,7.055407211374435938e-01,1.919020484010051375e-01,1.000000000000000000e+00,3.250108727882278781e-01,4.389079765763820307e-01,6.774504468555545555e-01,3.490411487563589987e-01,3.419863184714581061e-01,4.161579377796913448e-01,1.933506439569130375e-01,1.468536989813049587e-01,1.183820399109890564e-01,-2.641231478336755908e-04,2.832383099080278133e-02,-2.098828441353539978e-02,-6.564261846871104200e-02,-7.666522687358637289e-02,-6.582149639050872969e-02,-7.555035173667939974e-02,-5.892809566354898637e-02,-6.355375718093128623e-02,-3.641492573489521489e-02,-7.866719147965513248e-02,-6.463058029420062564e-03,-1.539635804007119524e-02,-3.279517264985116337e-02,-7.911689691069388741e-02,-4.075395363238017155e-02,-3.177201625580594602e-02,1.118511436866474924e-02,-6.146457762912352352e-02,-4.376636229828691910e-02,-3.434793035279561785e-02,3.774312036906551926e-02,-2.621181125704680551e-02,-6.591651047671819030e-02,1.241696636646578006e-01,9.844248981781312385e-03,-1.878199433143082006e-02,1.100856906192333173e-01,-5.080387101174517125e-03,-1.377196745212702078e-01,1.431423508038265997e-03,-1.156559075883917681e-01,-9.910569031612852242e-02,-3.369473264700357795e-01,-2.639968752173533217e-01,-3.360849363157687453e-01,-5.794731635533679759e-01,-1.091007465455931247e-01,-4.265189461505001778e-01,1.125910838118295842e-01
