1.000000000000000000e+00,3.974593353667613682e-01,4.455866684015982737e-01,-6.863171039105752103e-01,-3.544103388313265546e-01,5.231884778307570594e-01,9.768923794983683587e-03,-7.548262062832115094e-01,5.523267815076781349e-03,1.492775969047942242e-01,4.097285018831910153e-02,1.851544773747195449e-01,-1.073162546519080968e-01,-2.477512026015803726e-01,-1.349944762452522963e-02,-8.507111320149675360e-02,-2.388584149376096755e-01,-1.655067694612954443e-01,-2.260975796138640914e-01,-1.257985405709283189e-01,-1.481701839640247598e-01,-3.113565128282099193e-01,7.773935053952514551e-02,-3.575728801003280055e-01,-3.395198651774052889e-01,2.914226643479697065e-01,6.079539388013590617e-01,-1.662318224289072721e-01,-2.390746724940228107e-01,5.435832883721118947e-01,-3.562458652471910403e-01,4.221294668509880665e-01,4.779315288588077415e-01,-4.735143198949372523e-01,2.180342416868211522e-02,-3.882627705835960952e-01,-5.603468198009124990e-01,-1.425535138336662677e-01,5.649858960821614318e-01,1.077375140730969932e-01,-2.602233801305384175e-01,-1.602566137721919692e-01,-2.545998875921814952e-01,-2.873982811982807584e-01,-2.325721928487255452e-01,-2.887675703772498714e-01,-3.354186999566393657e-01,-2.668396979543538605e-01,-3.406029111131553266e-01,-1.173679105268789491e-01,1.319493662081069607e-01,3.974450943768196298e-01,3.051683978581052337e-01,2.681486029440143248e-01,4.675852889201878582e-01,5.314523161536210960e-01,3.572844294356621320e-01,6.360491310462115244e-01,5.930854573111424832e-01,3.622520324000232939e-01,-2.688040651712452211e-01,1.225477169599752461e-02,4.010268365397665624e-01,1.873298752649424637e-01,1.652125660422664732e-01,4.524125766020171691e-01,-1.547251852658821925e-01,-6.037695436662863235e-01,-2.844694920415415940e-01,-5.439386668437395933e-01,4.587408515912532597e-02,-1.317789297298699036e-01,-3.551802326442501934e-02,4.964972787610275606e-01,4.580230440496098343e-02,1.561989400497246494e-01,8.409879101978334770e-02,-4.016105167105428475e-02,1.767210135670976151e-02,6.480538912184673379e-03,-5.371574875848268704e-02,4.232734974605281003e-02,2.869794476603557132e-02,2.386301421619455715e-02,2.407874387789720599e-02,2.563362135008492165e-02,3.320642923301074523e-02,1.445519829138717030e-02,3.347813881819309417e-02,6.238714521735443802e-02,5.695108267196676705e-02,4.637282092366927511e-02,5.222849785485961238e-02,2.895322307522673819e-02,6.606921774335090813e-02,2.921591195373828692e-02,5.539765589438854637e-02,2.268553611120191493e-02,4.864337104026406761e-02,1.647872840467001776e-02,5.917385509534995452e-02,4.944104289885538350e-02,-1.447131947607707518e-02,-3.156012043001165529e-02,-2.833527134826312535e-02,-1.919498615909981387e-02,-3.532761055697745955e-02,9.523549760267218181e-03,-1.697850643006003357e-02,1.755591527233755058e-03,-4.699733069409691745e-03,1.218903716134687835e-02,-3.407888612441324194e-03,3.628712131543284508e-02,5.151779128077264153e-02,1.724099811624124883e-03,4.887284314771825344e-02,5.310864331626215934e-02,1.516689601505560522e-02,6.069799947331302320e-02,5.379623258914915940e-02,4.952540370576827278e-02,7.563881561297434997e-02,1.329605478506270741e-02,4.145923454739017244e-02,-2.845747256202963392e-03,-8.138896218275619432e-02,-5.210361174908370932e-03,-3.667872807441124178e-02,-2.590766306196398694e-01,-1.739992150066330401e-01,-9.344613995160884479e-02,-2.406441974948739515e-01,-1.074449734526206068e-01,-1.336717986984994194e-02,-3.016043747351879745e-01,7.406257180922644345e-02,9.056747766548636780e-02,-1.323597015346064387e-01
3.974593353667613682e-01,1.000000000000000000e+00,3.250107538776404736e-02,-5.477223334218345174e-01,4.764516960550842506e-01,6.743655011412668099e-01,-3.988336973669125429e-01,-2.446224638586406153e-01,6.448825884457091151e-01,3.217032354687207052e-01,2.306434197144953402e-01,2.628516947868512199e-01,7.397628907671702225e-02,9.646446367538163980e-02,3.022289010071031456e-01,7.400701770611650687e-02,-8.430684660305758082e-02,-2.486215884445577284e-01,-2.859951997636850929e-01,-2.115240428434288777e-01,-4.804808626113460934e-01,-3.619494898231608859e-01,-3.916853082356906990e-01,-5.783746536986188458e-01,-3.220038299975762075e-01,-3.375587733965982884e-01,5.618155175649667266e-01,3.722647552294101048e-01,-4.834312362558302878e-01,-7.977341563320443363e-02,-6.746113691295108072e-01,4.471758042180112858e-02,-6.215361622819964155e-02,-5.637977695551403823e-01,-6.128345148206958415e-01,-6.124474684174712191e-01,-5.274946729820172431e-01,-6.427045972715531574e-01,1.621706171562048437e-02,-3.640178622893572302e-01,-3.104038175961250090e-01,-7.649217621781476129e-02,-2.245430419162820421e-02,4.026275103946708178e-02,-3.274309603690501169e-01,-1.736904052053045711e-01,9.776317700816682110e-02,3.902840618236727566e-02,-1.402646070583568327e-01,1.530495586332408786e-01,3.290590408492911206e-02,3.675169393704619258e-01,2.949594942663409936e-01,2.280782966498587083e-01,3.202042647304966794e-01,5.160565993578408728e-01,3.902992675060031891e-01,4.290825882988805184e-02,5.656943364964950316e-01,-3.367952669827839474e-01,-2.860935051532788598e-01,5.738304983815860627e-01,3.454438288126826517e-01,6.574009618738169136e-01,3.339522899718622706e-01,6.655548613460868790e-01,4.199410151300086436e-01,-3.381012333192161441e-03,-6.071863770589380760e-01,-6.157871624758716189e-01,-4.821761222352188292e-01,-6.385295033080798932e-01,-5.895393471830268073e-01,-1.161171550188058454e-01,-4.295293019632587250e-01,-3.426209917075105360e-01,-2.813525517752614724e-01,-3.441016922690174340e-01,-3.294294683649250377e-01,-3.664950928010003994e-01,-3.641731415694307583e-01,-3.158022849554122935e-01,-3.418527536151069190e-01,-3.117342043107951266e-01,-2.522078707255365759e-01,-3.090374150086697136e-01,-2.752586789131964418e-01,-3.196399804729195826e-01,-2.984360582936891326e-01,-2.835453773013366097e-01,-2.669546912399646255e-01,-2.829464634447038662e-01,-2.813996838572506709e-01,-1.898266292568204783e-01,-2.516015684664686947e-01,-1.962717657739766197e-01,-1.923507085296397856e-01,-1.686746353269114596e-01,-1.568934852112330025e-01,-1.850904276924711656e-01,-9.031281496062018577e-02,2.319878275223181269e-02,7.341192772519087618e-03,-1.564733605901271751e-01,-1.589648310071382353e-01,-1.767436695453974138e-01,-1.974861481548269293e-01,-1.478316310598138950e-01,-2.059533398755401534e-01,-2.350910948637273956e-01,-2.878172194152235353e-01,-2.570077042201294182e-01,-3.291282097945538165e-01,-3.418868698814195861e-01,-2.869084675278857355e-01,-3.459413910030033623e-01,-3.115462442590258285e-01,-3.135223951140621579e-01,-3.236721321858757050e-01,-2.817740254595801352e-01,-3.238684637135447186e-01,-2.806870493540848943e-01,-2.779942126377947798e-01,-3.234450046809691504e-01,-2.737935191337829144e-01,-3.436723846772041790e-01,-3.501953717453181181e-01,-2.364186422701837487e-01,-2.945548631633224113e-01,-4.669326211489179257e-01,-1.805023564550461979e-01,-2.560177988292294815e-01,-5.311578385259013713e-01,-4.589528714648044572e-01,-5.325080262962949007e-01,-5.751339570665697787e-01,-3.880726340415964204e-01,-3.563990595718541377e-01,-4.973349289175600929e-01
4.455866684015982737e-01,3.250107538776404736e-02,1.000000000000000000e+00,-1.038799849884369797e-02,-5.658435257922089789e-01,5.135493777800925752e-01,6.999841783805907935e-01,-3.677694665172596133e-01,-4.531157454433970555e-02,2.998267796250451145e-01,6.616569922819660887e-02,2.210995812486844792e-01,-1.501733950707963561e-01,-1.899438340326514985e-01,6.784955203406453639e-02,-5.012259526284668087e-02,-1.003562231537850902e-02,1.684572537399035008e-01,-1.971716103898706746e-02,-1.760698779266340053e-01,1.047125637947552423e-01,-1.726918388286733941e-01,-2.236914835454867009e-02,-1.690106854058260610e-01,-6.330936242267884984e-01,1.520841279783904099e-01,3.743670827557298297e-01,-5.449631760299497030e-01,-4.891736391907549053e-01,4.364523847215384111e-01,7.225208065338464825e-02,7.452204133421488352e-01,-2.844070550989754795e-02,-5.405284707159573321e-01,6.117277483944173061e-02,1.601006260317884011e-01,-4.676976123818625264e-01,1.045521916676722257e-01,4.607165497582149660e-01,2.309920476761407812e-02,-3.223006093263037219e-01,-4.312747553062386552e-01,-3.563861593516108872e-01,-3.278560624025809167e-01,-3.122236214629186546e-01,-4.667633169804287774e-01,-2.705412356487185144e-01,-3.716476493969800635e-03,-3.382177662711116084e-01,-1.283535826458130635e-01,2.533949036334479654e-01,2.361790488088940931e-01,1.706253162606868323e-01,1.483106265835820448e-01,4.415365443817162450e-01,1.927645769314663970e-01,5.485677367412571392e-01,5.315875476459316351e-01,3.461980541380790810e-01,4.249229394846553709e-01,4.150930029269905286e-01,1.115868985330076835e-01,6.772112926864434224e-01,1.818331430137935523e-01,-5.177419392757309780e-01,3.662123211052201177e-01,1.229175980282454228e-01,-3.040901202138167614e-01,2.406074757178164047e-01,-4.199621958875212613e-01,-2.049768470291544187e-01,2.990490124259688742e-01,-6.214212749639765054e-02,3.378957616062722158e-01,3.863214792139744724e-01,-1.630898233586756257e-02,5.255311052427911328e-02,3.225249163767836269e-02,-2.980394794601924635e-02,7.613939587689856625e-02,6.696044343305711504e-04,5.038038480458328222e-02,7.352452223157618372e-02,7.272426472574400336e-02,6.356251425403115773e-02,9.232340437198069405e-02,1.037623141134093041e-01,7.450175942327895429e-02,1.058161108134160894e-01,1.216562445781469853e-01,1.008050743670989013e-01,1.016742089408972927e-01,1.060565526789548629e-01,7.593631421770416501e-02,1.244198887336552539e-01,7.935466201441050693e-02,9.871758302904826143e-02,4.024361859550193432e-02,5.504663105806998497e-02,1.897162451625948598e-02,3.821077587557904914e-02,2.716302326902534509e-02,-2.340124943569379945e-02,3.774962444425112446e-02,2.024722805888487173e-02,3.424092375942987959e-02,2.464396195718555546e-02,3.859173679543233954e-02,4.540163303573602899e-02,3.757437004171021444e-02,2.660499713698504312e-02,6.705540920227039126e-02,1.049459286649116613e-01,9.737501623484079438e-02,1.316454942939306871e-01,8.996574755876506069e-02,7.942114180560914949e-02,1.209837270067035536e-01,7.614110962167629226e-02,7.312676849483996933e-02,9.269442818447809485e-02,5.017935559426944803e-02,9.774197135541126680e-02,2.993169102059834580e-02,7.774487141383956690e-03,1.718249869380953504e-02,-1.202026990608844326e-01,-7.157025526428661966e-02,-9.788971866030031499e-02,-1.148621536899592926e-01,-1.789058895884380052e-01,8.704643207444226483e-02,-6.298362397028395288e-02,-1.188810877640182895e-01,1.219551361686265351e-01,-2.749738534121050626e-01,-1.161252036283930006e-01,2.326578017578566360e-01,-7.981296124773445966e-02
-6.863171039105752103e-01,-5.477223334218345174e-01,-1.038799849884369797e-02,1.000000000000000000e+00,-9.079070769035930272e-03,-4.037191162532647315e-01,4.885555644765386396e-01,6.970262397657144282e-01,-1.240723835973555206e-01,-1.950810819705540988e-02,1.446407677554271964e-02,-8.051952610874212046e-02,7.506344035672468662e-02,1.672573140309643602e-01,2.584150329078826677e-02,1.103447523485464044e-01,3.128797682934711943e-01,3.363644796966986927e-01,2.710179718770330259e-01,8.239246556934735509e-04,2.476942296763630091e-01,2.537954350629795242e-01,-1.094549555209609892e-01,3.569000902740270265e-01,4.204057248577561072e-03,-2.287741039204498061e-01,-4.948313185033811346e-01,-1.880034594504247925e-01,-1.307379624999722816e-02,-3.430224111120959152e-01,4.959889352870959778e-01,-3.050696423235443096e-03,-5.575773488565615166e-01,2.330787608680321699e-01,5.779798117406480251e-02,5.963364402868193137e-01,3.855612049197852942e-01,2.969180483734659703e-01,-3.159390869312578287e-01,-2.991767439871496556e-02,1.623994841467678862e-01,-8.376058525219338968e-02,2.298651808719378437e-02,1.234057583953550724e-01,1.236215588810525151e-01,2.441403977239333875e-02,1.666134953133717456e-01,3.123929058214179322e-01,2.079503668090991186e-01,-4.721726590313160207e-03,2.207275267490186807e-02,-3.626721140221559891e-01,-3.150784853590358203e-01,-2.395255426702256885e-01,-2.984927185287356566e-01,-5.183919948411064293e-01,-7.917056236321934337e-02,-3.872142840488753124e-01,-4.851743049283825937e-01,-1.166680060693980198e-01,5.976717998865498371e-01,4.653000081515709131e-03,-5.109995871396727507e-02,-1.574609455779249212e-01,-5.593543979118787979e-01,-3.402496471456015747e-01,2.226402314536145288e-01,4.968912588633401795e-01,5.407956687289650066e-01,4.392720868905227727e-01,-1.423818499213370670e-01,3.899588246713440731e-01,3.999056374273314562e-02,-3.348059223722487099e-01,2.160474258512714851e-01,-1.617470952678403684e-01,-8.212980834065229663e-02,7.478144312999748800e-02,-4.230036944368456564e-02,7.776565456243295094e-02,9.076866470948928567e-02,-7.194592115784638258e-04,3.802331036887719729e-02,3.202978754014586260e-02,3.008579579579321456e-02,5.480132815824356740e-02,4.006635398778966850e-02,5.300143303311608683e-02,4.197366806901933062e-02,2.451018796310042158e-02,5.030712320834680555e-03,1.957029790882674342e-02,1.233241115933542825e-02,1.337433674554788440e-02,8.750457854659160831e-03,1.994174272671119311e-02,-5.671404512121628558e-05,3.473817959735400664e-03,-5.918335695255613760e-03,3.631049934841076854e-03,-5.858059311628611987e-02,-5.332435143345699152e-02,3.771971067633672799e-03,6.434272250254613468e-02,5.633292747943029893e-02,5.496211919805578383e-02,6.187198999087164392e-02,3.040297987690526033e-02,6.678270645720428556e-02,4.306756362053786036e-02,4.849696199287884674e-02,4.970664664948317574e-02,8.786541544560069750e-02,3.051625834717488009e-02,3.574555051633906966e-02,6.778256613183794577e-02,-1.286663680357211237e-02,2.430960047154632694e-02,3.463448228444666877e-02,-2.832325073859793749e-02,-4.741396185189453334e-03,-3.801314924734184447e-02,-3.801923985134954970e-02,6.042465596635119250e-03,-7.790027807116477188e-02,1.216301426452002371e-02,2.132940898329046403e-02,-7.030620102452297959e-02,-3.184380818015099951e-02,2.132043458113151713e-01,4.003062594108849903e-02,1.305420870841480785e-01,2.779899492843115882e-01,9.339333952929523841e-02,1.872882302120503217e-01,2.427424704751980356e-01,-8.812554245690223942e-02,1.140002843950948253e-01,1.768228940078423184e-01
-3.544103388313265546e-01,4.764516960550842506e-01,-5.658435257922089789e-01,-9.079070769035930272e-03,1.000000000000000000e+00,4.771775224159154755e-02,-6.046366622961640847e-01,4.792498531977574250e-01,6.140981383781201064e-01,8.831492530593941515e-02,1.984950730379780037e-01,4.883949259359207651e-02,2.254725103809173126e-01,3.350709385912754579e-01,2.567546847464095006e-01,1.671943206765261480e-01,1.251569783207878428e-01,-1.581045559979790682e-01,-9.367639475812294947e-02,-7.666374977169064520e-02,-3.824628184269818765e-01,-7.373536841246675078e-02,-4.372088536147221705e-01,-2.212301167178609140e-01,1.414400607482267369e-01,-5.950171947682125762e-01,-4.155422442205908284e-02,6.433267239085193046e-01,-1.380806618130720198e-01,-6.172936879597579196e-01,-3.934180695337559097e-01,-4.990439014418129871e-01,-4.182894655085666047e-01,-7.159635507553511503e-03,-6.053128866432947452e-01,-3.273601857285283190e-01,6.500630105809512838e-02,-5.190219930734903953e-01,-5.183805024900954850e-01,-3.931146951018317237e-01,2.228856354634298209e-02,1.827049669556055356e-01,2.347066044858915068e-01,3.519529161915238014e-01,-1.933980063399842395e-02,1.728050722577348097e-01,3.935428409370976266e-01,2.516733713263676897e-01,2.337645262317313843e-01,2.404596028768041793e-01,-1.320762448820352319e-01,-3.373285314299374199e-02,-2.871232508908526035e-02,-3.832141049451191078e-02,-1.905077878455664342e-01,3.553868558019518398e-02,-5.809986938088942260e-02,-5.847299480645181680e-01,-2.323162764921546386e-03,-7.092205977002461470e-01,-1.892334724441557536e-01,4.895824029991857063e-01,-1.763616062143004981e-01,4.072543819842445734e-01,3.341138773025892905e-01,1.703077326447983431e-01,4.781404103496501024e-01,5.302420638805954711e-01,-4.155633319594900232e-01,-3.396032545996874319e-02,-4.189571772287566942e-01,-5.815745523040405374e-01,-5.049137179341446346e-01,-5.623448471317998854e-01,-5.521138159662728473e-01,-4.345977095303398263e-01,-3.651540494702834594e-01,-3.211775753304951242e-01,-3.253685367931115069e-01,-3.637377414413435206e-01,-2.983109140743213095e-01,-3.468341950801848705e-01,-3.681770222452657726e-01,-3.393707715261856661e-01,-2.782345672095922207e-01,-3.388001374473421645e-01,-3.241934016252170370e-01,-3.428177054702274407e-01,-3.478645250911660547e-01,-3.528203117889415208e-01,-3.371300620088223954e-01,-3.410671565145672046e-01,-3.456148544647749676e-01,-2.333838700036675595e-01,-3.325315640474101886e-01,-2.371849309646820447e-01,-2.593850364658247254e-01,-1.919422198116897127e-01,-1.896947772046717051e-01,-1.958688925711034035e-01,-1.508936869232088973e-01,-2.693464777742107796e-02,2.261545209627287972e-02,-1.335256181541773501e-01,-1.409682007266312431e-01,-1.677488245724543525e-01,-1.696553806897763972e-01,-1.569580996689454999e-01,-1.910101248166025945e-01,-2.288712328148109765e-01,-2.713109608940250661e-01,-2.695712780413545562e-01,-3.472191408833871229e-01,-3.842990829708150535e-01,-3.524993384270238561e-01,-3.651452209148238204e-01,-3.709568932653252160e-01,-3.757925080152704767e-01,-3.529580362188106668e-01,-3.462137663956397771e-01,-3.836579289610638210e-01,-3.345906901189557026e-01,-3.689796902063712247e-01,-3.391923751434341439e-01,-3.259472689359215192e-01,-3.511180955062712106e-01,-2.500141836500148762e-01,-2.274030506553381126e-01,-2.479391157943233170e-01,-2.390705991873220970e-01,-2.805436950333604906e-02,-2.177087241843430887e-01,-2.946865451004109238e-01,-3.144191149410489605e-01,-4.911314205709704783e-01,-2.176076260918112237e-01,-3.515385611750602712e-01,-4.381098881449539406e-01,-3.195442896986924186e-01
5.231884778307570594e-01,6.743655011412668099e-01,5.135493777800925752e-01,-4.037191162532647315e-01,4.771775224159154755e-02,1.000000000000000000e+00,1.302431749296249601e-02,-4.010074860241448214e-01,5.111565431826606831e-01,4.629135004688038069e-01,2.971115281301049404e-01,3.853555125096417289e-01,1.961094567920005499e-02,1.782387312629589091e-02,2.853568956839671045e-01,7.254568324024342207e-02,-8.371709729449458570e-02,-1.567328323959109038e-01,-2.858326606591560792e-01,-3.305196824338503814e-01,-3.429732605402043277e-01,-4.353269671291526977e-01,-3.271117682979838293e-01,-5.934088842122884344e-01,-6.106796075248840383e-01,-1.779465427488985674e-01,5.969946211220766852e-01,-2.592822410412403203e-02,-6.347687061633991989e-01,1.595670360950631472e-01,-4.368136067452250137e-01,4.184648531335627974e-01,-8.770261898463324601e-02,-7.149868421539974372e-01,-4.575039574519238483e-01,-3.942759281406369443e-01,-6.367091655756792479e-01,-4.501176365345959107e-01,2.095143765789163337e-01,-3.184052887811407717e-01,-4.278526825963668845e-01,-2.569910968040570731e-01,-1.522257199624851842e-01,-1.331143653207509103e-01,-4.697535425515287910e-01,-3.380817675893978969e-01,-1.609962848917118744e-02,4.708344050272710718e-02,-2.265779912448513955e-01,1.199475000482365522e-01,1.778749114401758924e-01,3.747150001081270276e-01,2.856210115458359122e-01,1.914012490295327884e-01,4.616765680466455857e-01,4.820366231268380930e-01,5.835699514386450959e-01,2.872831559073352747e-01,6.065713508115015973e-01,-6.476643718683178230e-02,-2.699341877277539308e-03,5.182632552306358775e-01,6.181388515100633141e-01,6.214458531090945037e-01,-1.465379462644067488e-02,7.139725807822273618e-01,4.272414884706686733e-01,-1.385477019328551218e-01,-3.638094232561344676e-01,-7.049452742414188400e-01,-5.077095625572046744e-01,-3.546700271281088557e-01,-5.118713890966092306e-01,6.724451896624293601e-02,-1.331742437299714421e-01,-3.033294132200164417e-01,-1.667198236530323951e-01,-2.474258424874286322e-01,-2.466154233245516636e-01,-2.418435549103137017e-01,-2.849038950158309103e-01,-2.031632698789752611e-01,-2.305344741215854532e-01,-2.000596991109176159e-01,-1.669137913850021748e-01,-1.922079447307439293e-01,-1.557279312204834509e-01,-2.073111111073172308e-01,-1.742183594250031053e-01,-1.491184462240385533e-01,-1.516886314866947305e-01,-1.570662237565428054e-01,-1.628055198102326684e-01,-1.171859880315236496e-01,-1.219894092281494924e-01,-1.208115478428249956e-01,-9.790894330659824507e-02,-1.222614080481098237e-01,-1.096921307160060727e-01,-1.383277937595085993e-01,-5.870052047599751827e-02,2.200437081558493171e-02,-2.717915268408728491e-02,-1.119921604711110324e-01,-1.321707275405888116e-01,-1.310144802575503864e-01,-1.411607735318848866e-01,-1.045478183054584925e-01,-1.488103021199654596e-01,-1.715671843155041065e-01,-2.143753439946987915e-01,-1.620124920876890307e-01,-2.039512867139449404e-01,-2.190573865995846248e-01,-1.417839808359233900e-01,-2.206852065206124092e-01,-2.058127334227816407e-01,-1.692008524236965628e-01,-2.117868605216854383e-01,-1.830320321481282153e-01,-1.926276428916020855e-01,-2.028445934628170244e-01,-1.737610061481693058e-01,-2.220062366564155842e-01,-2.324446288859692011e-01,-2.168649004954236181e-01,-3.505473152058289910e-01,-2.671079420039262908e-01,-2.379445114857128007e-01,-3.826738579546548613e-01,-1.373090635791624214e-01,-6.237849498657977582e-02,-4.075208552021123420e-01,-3.687854211791138370e-01,-3.915829937981824549e-01,-6.189517604497254410e-01,-4.117828198820411845e-01,-2.006551999575118261e-01,-4.598047484886731429e-01
9.768923794983683587e-03,-3.988336973669125429e-01,6.999841783805907935e-01,4.885555644765386396e-01,-6.046366622961640847e-01,1.302431749296249601e-02,1.000000000000000000e+00,-1.646099958470526026e-04,-2.868269603109914745e-01,1.453311191122584889e-01,-3.928167127365621986e-02,5.857584748302387817e-02,-1.279023043305870522e-01,-1.403629371336826692e-01,-1.988956741481116494e-02,-3.732462380461362694e-02,1.125462044982563775e-01,3.489266167784661477e-01,1.725700017328854474e-01,-5.704288687990925755e-02,3.167555787228265585e-01,7.593686156207501980e-02,7.133710899969715469e-02,1.680131027968774227e-01,-3.993609723908331799e-01,1.310703480821976130e-01,-3.039598092712138613e-02,-5.945127353577290830e-01,-2.585398786665112358e-01,2.470418376799804472e-01,4.159224286813440474e-01,5.846461424867354095e-01,-1.987063598943322185e-01,-1.842493422051334206e-01,2.612398480288715685e-01,5.278748013777665449e-01,-8.706575475339897729e-02,3.901288107005483341e-01,2.659815826770574043e-01,1.299244075431389145e-01,-1.078715744056138043e-01,-3.639871781210928803e-01,-2.827059226028570404e-01,-2.324107849172068196e-01,-1.029029073093752633e-01,-3.248811593497695216e-01,-1.979225879717923242e-01,9.451074008811299887e-02,-1.719390418012294031e-01,-1.600496602017693892e-01,1.995902352248985767e-01,-4.087050484854056615e-02,-5.564573217377886266e-02,-2.554382747239626605e-02,1.594552447654842553e-01,-1.796082326651162187e-01,2.956295230514005556e-01,2.879192103574298445e-01,-6.046290332155902086e-02,4.181420676098831501e-01,6.326637464096467323e-01,-9.101584259054665282e-02,4.238411672925872509e-01,-1.154050130279870440e-01,-7.152221829121467866e-01,-2.524001020178019000e-02,4.569571889743166693e-02,-7.626257549984316597e-02,5.651194202224190111e-01,3.255005662041745695e-03,-6.278509707650682670e-02,5.791742117405008772e-01,1.508287882508223265e-01,1.958919544912804123e-01,5.248974640979904294e-01,3.951001213026798103e-02,8.832618968553972161e-02,1.539085707519896318e-01,4.221502242841872199e-02,1.977066290509938984e-01,1.359751632119667597e-01,1.329975651250766833e-01,1.717543749990110002e-01,1.597245874430608115e-01,1.388274950656914752e-01,1.858305218779721657e-01,1.846166382138189344e-01,1.731137365677949680e-01,1.921496383894252258e-01,1.937425755747692047e-01,1.632981913334592139e-01,1.730656797589275320e-01,1.792583633876931593e-01,1.269159041064897575e-01,1.757244107825512713e-01,1.302046651828254187e-01,1.349831679194800627e-01,8.386302778327846263e-02,9.267731965889250412e-02,6.931623205234473117e-02,3.106481040783465666e-02,-7.362043196469488654e-03,-1.931061887850223785e-02,1.033998939352385876e-01,9.320436423469138920e-02,1.068239902536815833e-01,1.016650739588305929e-01,8.981125373882616059e-02,1.261873612215228257e-01,1.118331982553914111e-01,1.204002879328271158e-01,1.431683984512122643e-01,2.152765473555492415e-01,1.892311962499918232e-01,2.057016010814920748e-01,2.026755915516182671e-01,1.489141213863927338e-01,1.983626747555170267e-01,1.709846140037811768e-01,1.316328005086310482e-01,1.663822142574915564e-01,1.112043912580311794e-01,1.503062037169596299e-01,1.180155628895544345e-01,5.946737325043661287e-02,1.069931241315666137e-01,2.294657208315250066e-02,4.368924131218120295e-03,-4.825154669103955303e-03,1.069367551936782901e-01,-1.014904991168552040e-01,1.834621489464463573e-01,1.857607208651571307e-01,4.864360709514806147e-02,3.332690332958462842e-01,3.416080176869538965e-02,2.709679084311579847e-03,3.496993622054541118e-01,1.462072372223980343e-01
-7.548262062832115094e-01,-2.446224638586406153e-01,-3.677694665172596133e-01,6.970262397657144282e-01,4.792498531977574250e-01,-4.010074860241448214e-01,-1.646099958470526026e-04,1.000000000000000000e+00,1.551233133749398974e-01,-6.218557801172906740e-02,7.694044527662655120e-02,-8.633354436690852951e-02,1.797533544954664775e-01,3.089804613993797910e-01,1.181769391841382688e-01,1.632967920864507316e-01,2.767739985785231949e-01,1.423722140278584070e-01,1.357254825653751718e-01,1.405599565548282248e-02,-7.770280212089494473e-03,2.001749051270903246e-01,-2.299292634780564781e-01,2.262320708483613330e-01,1.834971113791839803e-01,-4.578311839509166536e-01,-4.761413934558412775e-01,2.118997678957465214e-01,1.773126504013009669e-02,-6.058045306985218037e-01,2.316834697473460769e-01,-3.378197017839303928e-01,-6.055145200096950786e-01,2.905757366861742019e-01,-1.891605312954730556e-01,3.299871762961411603e-01,4.251307117656150103e-01,2.539003128443260635e-02,-5.363228981411598539e-01,-1.913238159391696946e-01,1.766945103243517945e-01,9.921660781748269098e-02,1.600201036993822989e-01,2.849254311463912948e-01,1.339163392616201376e-01,1.622479869309025047e-01,3.324106320309284102e-01,3.737840340443556175e-01,3.186312858492033051e-01,1.311312886831503266e-01,-5.988520419112292742e-02,-3.411270420032259665e-01,-2.855093784349541086e-01,-2.754295387712047405e-01,-3.783701484189870290e-01,-4.418605576061404028e-01,-1.870468313979406494e-01,-6.294248532817591224e-01,-4.507782712681925319e-01,-4.437665031574653529e-01,3.313355475651881821e-01,1.696297908766759566e-01,-2.359743661216397725e-01,-1.228648512515130228e-02,-2.159599781765411119e-01,-2.758111152539984290e-01,3.246450550863860807e-01,6.481540130544386491e-01,2.379623182521742042e-01,4.063120605369838767e-01,-2.233743959821906933e-01,3.874617151522318642e-02,-1.382921404386348030e-01,-5.385291372605449656e-01,-1.007844771515240684e-01,-2.946943081128901021e-01,-2.339017837801324884e-01,-7.318366874878182160e-02,-1.514538809986397117e-01,-1.040131109434482976e-01,-4.020663392354713317e-02,-1.465159976353876958e-01,-1.365874110072717307e-01,-1.271853723868563990e-01,-1.038369563410283525e-01,-1.149731071978183083e-01,-1.191332252939939634e-01,-1.182055133999554281e-01,-1.354319977868206071e-01,-1.451539484177838957e-01,-1.570111457422372070e-01,-1.399791177083028748e-01,-1.509305149665416956e-01,-9.983397429199473982e-02,-1.608169161515576873e-01,-9.990504578332939922e-02,-1.278639445724853718e-01,-8.848590777969268795e-02,-9.024657760389676042e-02,-8.230861527419044976e-02,-1.235870876441348964e-01,-7.295075583163834754e-02,-8.077027183175329583e-03,-2.175288321020798707e-02,-3.249920150580152406e-02,-4.036130142328691467e-02,-2.531875050350098841e-02,-6.143142559681098736e-02,-3.992158532242908592e-02,-7.197462843975037383e-02,-8.622500493850736303e-02,-9.546856357635630230e-02,-9.189008654515716523e-02,-1.553239733686453405e-01,-1.467787913073863304e-01,-1.167095172567853417e-01,-1.833226020597744088e-01,-1.602234419411452393e-01,-1.368745431339280505e-01,-1.842853822760989191e-01,-1.772044725311799906e-01,-1.884959860409144705e-01,-2.088495407873231791e-01,-1.548161130163034360e-01,-2.177412031266398595e-01,-1.744523741518897442e-01,-9.133991830207915941e-02,-1.362359442194409909e-01,-1.487037544705347436e-01,7.500471340290597311e-02,2.373616206175238608e-02,4.455190531309584367e-02,1.181121539593160685e-01,-5.253781576048817403e-02,-6.598714481691735079e-02,1.614046081489679541e-01,-1.676119123899353358e-01,-1.077666209443661066e-01,3.249069308883635598e-02
5.523267815076781349e-03,6.448825884457091151e-01,-4.531157454433970555e-02,-1.240723835973555206e-01,6.140981383781201064e-01,5.111565431826606831e-01,-2.868269603109914745e-01,1.551233133749398974e-01,1.000000000000000000e+00,2.499861114481619351e-01,3.708381859606693087e-01,3.060605319294724125e-01,1.283214180905207780e-01,2.993219331089240209e-01,3.897633685634034340e-01,1.420146702566496832e-01,4.089276216956883730e-02,-1.343809154365454561e-01,-2.438999957620244241e-01,-2.338467917680041863e-01,-4.763387181494055933e-01,-3.475873880812005434e-01,-5.320805209688107551e-01,-4.906934253276448721e-01,-2.750832294576817660e-01,-5.678467150751898007e-01,3.020155204078701083e-01,4.440463857116519475e-01,-4.923907622181327715e-01,-3.756415271000998479e-01,-5.020864354374325877e-01,-9.226148221959501461e-02,-4.057400583596813548e-01,-3.829906657643383228e-01,-6.552272998385240133e-01,-3.357340617242875469e-01,-2.480453796988341120e-01,-5.432246388560770800e-01,-3.012339043068222866e-01,-5.255780631429861627e-01,-2.905283274771118252e-01,-1.296006054376326599e-01,6.889267358939721309e-02,8.998417663176504211e-02,-3.599240317958952162e-01,-9.079615037833711766e-02,3.284626983642640052e-01,2.485835034813126121e-01,4.571285989841790583e-03,3.234231156138377417e-01,1.008366424946340462e-01,1.996796166849308107e-01,2.393605384825093219e-01,1.091303355500294336e-01,1.540548159939291728e-01,1.937268547038784872e-01,2.557250624512565906e-01,-2.956317264318289451e-01,2.478943087704221782e-01,-5.349007722902865414e-01,-3.052380991428694373e-02,6.274873283294064574e-01,2.303811960970937323e-01,6.165833843932259084e-01,1.352765513204300662e-01,4.671273199345022387e-01,5.834021374966599227e-01,3.456444867675942390e-01,-3.928564881351505056e-01,-3.643807526805923347e-01,-5.849760820612499579e-01,-5.297775597099448897e-01,-6.271844196235811797e-01,-3.877952532621941617e-01,-3.799697207473057281e-01,-4.855276706225941652e-01,-3.751968427407190165e-01,-3.319147183516810706e-01,-3.809805581464235646e-01,-3.906295053221811031e-01,-3.564665172691613426e-01,-3.643140047931202608e-01,-3.841330893128406254e-01,-3.450903837490008619e-01,-2.919218911416843754e-01,-3.376651438802833471e-01,-2.881823076165508368e-01,-3.468112760172440412e-01,-3.287969996110329807e-01,-3.112788003274570836e-01,-3.040517236704654014e-01,-3.033566579370874372e-01,-3.181986910790777223e-01,-1.943717965583340868e-01,-2.826754424194413695e-01,-2.023694841091141505e-01,-2.092199250109419428e-01,-1.696939971305707340e-01,-1.728507818161791332e-01,-1.814745401390280011e-01,-1.003243628248943059e-01,1.674721739660610040e-02,3.318561959082517304e-02,-1.329335835272869026e-01,-1.430990178627535581e-01,-1.754587731957941432e-01,-1.871074918748112381e-01,-1.391013524249294642e-01,-1.975324848467283345e-01,-2.427064763880213139e-01,-2.797635633075299388e-01,-2.766967108946730147e-01,-3.451313492815323292e-01,-3.732171214883319155e-01,-3.197993808266356708e-01,-3.707476102060073275e-01,-3.558845461293853041e-01,-3.475978136173824007e-01,-3.587217850265462804e-01,-3.362909693283920864e-01,-3.657621777531822604e-01,-3.514197037233815490e-01,-3.223945696077584189e-01,-3.933241863933815696e-01,-3.542518601263150435e-01,-4.030223663547136126e-01,-4.188850302295082928e-01,-2.426069636043315381e-01,-3.676198407651639632e-01,-3.449935642941464597e-01,-1.295540552995798900e-01,-1.284740272933707350e-01,-3.971302990273223310e-01,-4.581460691850215983e-01,-5.083527759753454500e-01,-4.875485805236104975e-01,-5.045247178492454632e-01,-3.646710826446793452e-01,-4.667594356289145319e-01
1.492775969047942242e-01,3.217032354687207052e-01,2.998267796250451145e-01,-1.950810819705540988e-02,8.831492530593941515e-02,4.629135004688038069e-01,1.453311191122584889e-01,-6.218557801172906740e-02,2.499861114481619351e-01,1.000000000000000000e+00,3.115309709209109212e-01,4.347829815530493414e-01,2.248104813807823010e-01,-9.648091596338470577e-02,1.192980249044874597e-01,-5.578426317666859875e-03,-1.018125392256290784e-01,-1.479138556056788512e-01,-2.582173518783865140e-01,-4.196904091472902221e-01,-2.415419428198972707e-01,-2.024134941546604782e-01,-3.308439450710661256e-01,-3.797278565248771720e-01,-3.669576987481284469e-01,-2.761672106722279918e-01,2.866776506391354729e-01,8.059456627526100092e-02,-4.254698495869027597e-01,-7.514276798478700115e-02,-2.779016874667046277e-01,1.845871491500983563e-01,-2.155956580034810999e-01,-4.465177430134246173e-01,-3.949333435430224526e-01,-2.417858180698188864e-01,-3.386965137277371807e-01,-3.060567700185762852e-01,3.608922212051700329e-02,-1.497481795067260868e-01,-1.487387932254747858e-01,-7.478868380457923126e-02,1.813558948842648039e-02,1.230000622023632584e-01,-2.100304415341869846e-01,-1.668926891383388789e-01,4.252540369919416419e-02,4.340700317259448687e-02,-6.694487154790440542e-02,-3.919351338754572395e-02,-1.712529977877991910e-02,1.290687481426776861e-01,-4.667487260114006747e-02,8.172641573018106509e-02,1.728008009891216779e-01,2.477525611917879289e-01,3.551432808414782816e-01,5.207361454263446932e-02,3.475261293420219277e-01,-1.509957892194558338e-01,4.656820247896224785e-02,4.068972417844436973e-01,3.930819937782457085e-01,4.709618811290838813e-01,-6.339855418507303608e-02,4.272270003554926587e-01,3.739315800499125042e-01,7.196372945893736439e-02,-2.372420056544992106e-01,-3.466389042029487944e-01,-4.511690405540453863e-01,-2.563711604116374887e-01,-4.378901308745777876e-01,-1.453056527708149193e-01,-1.358653570438432268e-01,-2.761148442884225340e-01,-1.420556661937567577e-01,-1.492777846021516586e-01,-2.667723833374691655e-01,-1.547525832514806687e-01,-2.294190747670219466e-01,-1.984180380557137580e-01,-1.607901503587764180e-01,-1.445854115769241166e-01,-1.252573418469044575e-01,-1.409560999371709811e-01,-1.234219762323282704e-01,-1.626426567140589752e-01,-1.255185372504984409e-01,-1.381641253001999192e-01,-1.321988886039633937e-01,-1.401524715733076520e-01,-1.441884962238575152e-01,-8.909806490023249037e-02,-1.061372058142503183e-01,-7.497466970682177545e-02,-7.570812189702105788e-02,-5.563394486957405627e-02,-7.305729696485749325e-02,-6.965846419452965954e-02,-6.887150838139766140e-02,-3.987231808368981584e-02,-8.851015878958466698e-02,-8.227484694356634876e-02,-1.206622242542285950e-01,-1.376193300858349067e-01,-9.533943943923424424e-02,-5.565341680632678728e-02,-1.325645849210965455e-01,-1.504125900586999187e-01,-1.667982316331357850e-01,-1.239449101203613651e-01,-1.626177560025120206e-01,-1.920363645365256999e-01,-1.098319690755460432e-01,-1.543918509824038221e-01,-1.978015908982407589e-01,-1.426988685907754628e-01,-1.608395106062879276e-01,-1.833917361078973018e-01,-1.685918483878649787e-01,-1.712090269544174481e-01,-1.849605810504109382e-01,-1.185688028378816539e-01,-2.339314451559753871e-01,-9.775872222059033001e-02,-2.012363197392060543e-01,-2.247774125384447430e-01,-3.766912935934333545e-02,-2.655708225729642158e-01,-6.764076995544224258e-02,-2.148987878534854706e-02,-3.435104220202883640e-01,-2.874397271351852301e-01,-2.960528401719304536e-01,-4.428023650557948443e-01,-3.204244319388878659e-01,-2.221401926101070901e-01,-3.271610382687127894e-01
4.097285018831910153e-02,2.306434197144953402e-01,6.616569922819660887e-02,1.446407677554271964e-02,1.984950730379780037e-01,2.971115281301049404e-01,-3.928167127365621986e-02,7.694044527662655120e-02,3.708381859606693087e-01,3.115309709209109212e-01,1.000000000000000000e+00,3.655770558071035348e-01,3.644398398543205464e-01,4.266069290428055605e-01,1.307234359708684679e-01,4.874738412731614845e-02,-9.807159707564076789e-02,-1.555947659633774571e-01,-2.972669851875583968e-01,-3.868203462945847826e-01,-3.546974690496629834e-01,-4.175606380337855139e-01,-4.592820592712655858e-01,-3.684723991880747285e-01,-2.421589550732750895e-01,-3.037895884495256382e-01,1.785567032458541814e-01,1.699124556719633361e-01,-3.004654670861079402e-01,-1.779823760160896828e-01,-2.473322342739095181e-01,1.651782631685200968e-03,-2.496625059793146917e-01,-2.319036471738000205e-01,-3.584151742669514640e-01,-1.422403086643521386e-01,-1.010966766745618473e-01,-2.044043335016752228e-01,-1.159694364177147191e-01,-1.929314815095993785e-01,-3.318697922556684138e-02,-1.599487914472062788e-01,9.733181109398650332e-02,1.438639797035893009e-01,-2.671963233572864360e-01,-6.239011764289099926e-02,2.525501769929935914e-01,1.306927017850074424e-01,-9.318410582447837634e-04,8.003122916835514467e-02,-2.623896908718511417e-02,1.006984998178985478e-02,2.991990458823161683e-02,1.158990785258808137e-01,-6.737855358557827586e-03,1.001327701304188106e-01,1.377483882004957028e-01,-1.605856600987538019e-01,1.383109458848622852e-01,-2.879759016145428951e-01,1.307536963721194281e-02,3.306399639902250498e-01,1.467882029001958688e-01,3.383742712906350758e-01,4.996548771478374201e-03,2.674131640477667160e-01,3.500956719411859042e-01,1.938466667066907623e-01,-1.667272635840809647e-01,-1.817925751501678344e-01,-3.525394074960409574e-01,-2.885610226584342519e-01,-3.860588534898498070e-01,-1.768774200326412027e-01,-2.052841084435667041e-01,-2.655006474158823626e-01,-1.473166249367020286e-01,-1.560985463677198037e-01,-1.821172771572376059e-01,-1.402616374376966235e-01,-1.553854180545979624e-01,-1.913567630517436780e-01,-1.890283357691829313e-01,-1.765910087093691128e-01,-1.640909624480033357e-01,-1.798129598304266386e-01,-1.491205137846292883e-01,-1.876894977913256546e-01,-1.635806917201108601e-01,-1.473289595434999488e-01,-1.591458633014859181e-01,-1.335060188003295567e-01,-1.665921402508956928e-01,-1.268445418852947315e-01,-1.380757423418886021e-01,-1.339119144205151435e-01,-1.124191124925667390e-01,-1.206879043975943588e-01,-1.167228389852619230e-01,-1.131815324562043812e-01,-8.390815422529009082e-02,-7.674626830636781076e-03,-1.442027657266465104e-02,-1.074727156927422211e-01,-1.253367629339044442e-01,-1.043347532003737616e-01,-9.180595055255015569e-02,-6.777916354190706427e-02,-1.127857214296705962e-01,-1.247614706240552790e-01,-1.500027981053869974e-01,-1.508126686568031227e-01,-1.658664822099250036e-01,-2.145720659294842458e-01,-1.552514185522297085e-01,-1.946112003720435191e-01,-2.169788359278486400e-01,-1.784285217328118733e-01,-2.007960746399641005e-01,-2.141028106938255293e-01,-2.201792604728763092e-01,-2.467875415610451539e-01,-2.239982045654015375e-01,-2.573207265968003865e-01,-3.084405300378681991e-01,-1.747706806485167241e-01,-2.929225958863049817e-01,-1.902796305922324072e-01,-1.607455346584700517e-01,-1.604832234580274297e-01,-1.400856434741108367e-02,-6.800826576130127032e-02,-1.433719525223393354e-01,-1.168869742622371810e-01,-1.886092851304399243e-01,-2.778742120425070072e-01,-3.044418243985958505e-01,-1.718699115532750510e-01,-2.315553482113774098e-01
