1.000000000000000000e+00,4.434216843864363655e-01,3.551391611947279925e-01,8.022012720305020383e-02,-3.350675444021939536e-02,-2.002062093224979411e-02,3.994416373507416601e-02,-7.954182611314647433e-02,-9.147599167238655571e-02,-9.173265075165749904e-02,-3.093505838658044266e-02,1.750836879894883402e-02,-8.226542339198475440e-02,-5.072511220323872028e-02,-3.524659918674518527e-02,-2.689581601518762841e-02,-6.448046482339148122e-02,-8.437821555434074638e-02,-1.133763986766179316e-02,4.675796344156798318e-02,8.462282888370431522e-02,5.987700257333747333e-02,6.210405147371223650e-02,6.687360944944430174e-02,-1.979335330489758946e-02,-9.332175667208338077e-02,-5.994438708665239535e-02,-7.143706918069744893e-02,-5.112103233280328868e-02,-4.061076247419175694e-02,-4.831416938997340482e-02,-3.678145723625485947e-02
4.434216843864363655e-01,1.000000000000000000e+00,5.666217640924422483e-01,1.637726064638995727e-01,-6.756628312593425389e-02,-7.710164970923515104e-02,-8.544092760741672787e-02,-2.103434757380312839e-02,3.014400855778064450e-02,-9.067012582333984494e-02,-8.664159313386958494e-02,-1.119970669567746518e-01,-1.656433194043498702e-01,-1.269912423609779739e-01,-9.799486115372058742e-03,-7.445531097089601313e-02,-8.087111604357220818e-02,-5.107550355495386191e-02,3.428252879175665985e-02,7.395449519333363586e-02,1.025195288953310441e-01,8.839400526733347252e-02,6.564551740820884218e-02,9.165783926945727036e-03,-3.320706432557549853e-02,-9.606626578629903768e-02,-7.119470896688856465e-02,-3.049288213511632331e-02,-6.477839703240975688e-02,-8.574540018084944593e-02,-9.667239437208750841e-02,-1.079307313523362316e-01
3.551391611947279925e-01,5.666217640924422483e-01,1.000000000000000000e+00,4.712122522966503135e-01,7.265050238066078636e-02,-7.827538228660424480e-02,-5.936628821768578923e-02,-6.660836206940547177e-02,-3.587627874427520847e-02,-1.458362918056478330e-01,-1.005314385284332285e-01,-9.555849924382969762e-02,-2.126156484962808957e-01,-2.037022332932419966e-01,-1.141587153886976513e-01,-1.057525357736433108e-01,-1.051256387267990450e-01,-5.275866883270823732e-02,2.217187942825545044e-02,6.040142750703607344e-02,1.252588395660050591e-01,1.061590566132282476e-01,1.065807983511071894e-01,9.494186809322628651e-02,7.712398467804414647e-03,-9.202517450146681377e-02,-8.076023479896068946e-02,-4.712256533161842537e-02,-9.569263380239968753e-02,-8.239618430863353271e-02,-1.050955180407516371e-01,-1.110597294113532668e-01
8.022012720305020383e-02,1.637726064638995727e-01,4.712122522966503135e-01,1.000000000000000000e+00,3.506063772011869251e-01,4.038088046450714896e-02,4.412296998654414298e-02,4.854162274576843961e-02,-9.477134603768309559e-03,-6.262202664194423118e-02,-5.904678196891567643e-02,-5.130087493366352475e-02,-1.431742120997783196e-01,-1.178117282865114718e-01,-1.222243101365115825e-01,-1.370638278426999368e-01,-5.804428096016996108e-02,1.352224569432176893e-02,1.079635160082280734e-02,-1.037973224905300133e-02,-3.359404846713392317e-02,-5.740940218187443045e-02,-4.346467293600723980e-02,5.267453644867443191e-02,-1.895121668438249848e-02,-1.568393724922311772e-01,-1.508188703386579288e-01,-4.593944392988776743e-02,-6.247123920160738142e-02,-7.004908801999235046e-02,-1.091375978938333713e-01,-1.347606889415696452e-01
-3.350675444021939536e-02,-6.756628312593425389e-02,7.265050238066078636e-02,3.506063772011869251e-01,1.000000000000000000e+00,4.783919987696529375e-01,2.313030484090034811e-01,1.357033462347415620e-01,-9.523119383951834938e-02,-1.390970205838964469e-01,-1.526079125543977066e-01,-1.121117264024203697e-01,-9.373623567495061037e-02,-1.269144043631199037e-01,-5.482711205766759716e-02,-6.539467031248098750e-02,-5.563531601202310189e-02,-2.176692918802581103e-02,1.841801381914542554e-02,4.129964455284228925e-02,5.411480467471987965e-02,-4.726561379582611827e-02,-1.379997381595534506e-02,2.227869419288138961e-02,2.040967114753738584e-02,-5.271873863337619981e-02,-2.170572718537774545e-02,-4.273243979450875446e-02,-1.180710120988301554e-01,-3.886747681800496040e-02,-1.749873211902632300e-02,-6.361404972377870948e-02
-2.002062093224979411e-02,-7.710164970923515104e-02,-7.827538228660424480e-02,4.038088046450714896e-02,4.783919987696529375e-01,1.000000000000000000e+00,4.815069196171961607e-01,8.887537592634947581e-02,-1.342893478482874992e-01,-9.715147481689548337e-02,-9.696385482039966697e-02,-1.123752514758835641e-01,-4.460155548960662714e-02,-7.114011421647570277e-02,2.420273160242269669e-02,-4.710060575521474169e-02,-4.431989853552193576e-02,-3.601378828747449357e-02,1.310983825921098814e-02,1.434991793249041150e-02,7.863017347695564971e-03,-9.686382095540686799e-02,-7.531311422747065387e-02,-5.693645318175729469e-02,-1.067105834069852627e-01,-1.047221219902841616e-01,-9.072683456327937032e-03,-2.153232220798026106e-02,-9.190728966893246810e-02,-5.484666476698400739e-02,-1.694195691186289876e-02,-3.575239417366660177e-02
3.994416373507416601e-02,-8.544092760741672787e-02,-5.936628821768578923e-02,4.412296998654414298e-02,2.313030484090034811e-01,4.815069196171961607e-01,1.000000000000000000e+00,3.532431995379061163e-01,-8.741223481865909029e-02,-1.495542352018063882e-02,-2.543621261855823906e-02,4.615500060956676670e-02,-2.511073301893227208e-02,5.025154000720411657e-02,-2.899826179329413264e-02,-3.628265366633622729e-02,-5.106048077281375580e-02,-4.213837231224878965e-02,-5.230557049756176524e-02,-1.994301571886182914e-02,-4.456456462697607618e-02,-1.008915022449671517e-01,-7.389824296427044414e-02,-7.860417798272970047e-02,-1.657802807769168940e-01,-1.860754368303988715e-01,-4.705479228591999408e-02,-1.254218612877697550e-02,-3.477820404235874852e-02,-4.920015054942226962e-02,-2.529774237939816026e-02,-3.713604263924347171e-02
-7.954182611314647433e-02,-2.103434757380312839e-02,-6.660836206940547177e-02,4.854162274576843961e-02,1.357033462347415620e-01,8.887537592634947581e-02,3.532431995379061163e-01,1.000000000000000000e+00,3.784292618285478027e-01,2.214723574896719505e-01,1.521282948315746605e-02,-4.640573770994353697e-02,6.810131337075458341e-03,7.622025467924931075e-02,5.353740715173848502e-02,-2.513568835032315221e-02,-5.137051859557378863e-02,-1.339089250662215125e-01,-2.076492536171381242e-01,-1.704828076992997155e-01,-1.623084602532983700e-01,-1.471357759790874187e-01,-1.104048401628428544e-01,-1.275777102441023048e-01,-1.248289154591202682e-01,-8.163734634452166072e-02,5.473394652614472361e-03,1.806280130013547189e-02,3.732820001366602553e-02,-2.381856427177683755e-02,-2.256890736283207258e-02,-6.285338786620074669e-02
-9.147599167238655571e-02,3.014400855778064450e-02,-3.587627874427520847e-02,-9.477134603768309559e-03,-9.523119383951834938e-02,-1.342893478482874992e-01,-8.741223481865909029e-02,3.784292618285478027e-01,1.000000000000000000e+00,4.233718086870740249e-01,3.326313504346031791e-02,-1.496883892030586305e-01,7.872080065042237271e-03,6.583873900693018588e-02,-1.095466432277019883e-02,-7.678081901195298042e-02,-2.443244834718149086e-02,-8.085566162717527927e-02,-1.948105969604283783e-01,-9.560579553480680337e-02,-1.454857268238234358e-01,-7.659374931693115063e-02,-2.448910510852175555e-03,-2.502259892665581464e-02,7.909239539420312437e-03,2.379463143928100058e-02,8.910540385475476666e-02,8.009174722627976362e-02,6.711114598712575319e-02,1.438203908077564062e-02,-4.242402056998909043e-02,-1.062550029313821462e-02
-9.173265075165749904e-02,-9.067012582333984494e-02,-1.458362918056478330e-01,-6.262202664194423118e-02,-1.390970205838964469e-01,-9.715147481689548337e-02,-1.495542352018063882e-02,2.214723574896719505e-01,4.233718086870740249e-01,1.000000000000000000e+00,5.030462501328637481e-01,6.861156283261872491e-02,2.867839490199858288e-01,1.749466133632655851e-01,1.039641486254650263e-02,-1.882661397848004250e-02,-1.045102474249047508e-02,-9.086134100046049100e-02,-2.255445581014710044e-01,-2.313337421937364524e-01,-2.265309885114624722e-01,-1.379078088960439541e-01,-7.887492014127719941e-02,-9.078843146603982062e-02,-4.726011779623635195e-02,1.026777790256154337e-02,5.958054762096479801e-02,6.126164575848216248e-02,1.026612024605265266e-01,6.148529063993647681e-02,-1.992261961948082333e-03,-1.620459849163813706e-02
-3.093505838658044266e-02,-8.664159313386958494e-02,-1.005314385284332285e-01,-5.904678196891567643e-02,-1.526079125543977066e-01,-9.696385482039966697e-02,-2.543621261855823906e-02,1.521282948315746605e-02,3.326313504346031791e-02,5.030462501328637481e-01,1.000000000000000000e+00,4.692817839475449948e-01,3.697110227025738327e-01,3.272979724763394604e-01,1.000527997315220491e-01,-3.236871352711714889e-02,-1.647772693269549671e-01,-1.731267263637094878e-01,-2.345557779003690224e-01,-2.517037544038175922e-01,-2.392465410500996259e-01,-1.547911553292107556e-01,-7.206909324578382459e-02,-5.844155847450027697e-02,-5.634116081274923721e-02,-1.659018344933118824e-02,4.115831291536691666e-02,3.550605874929146921e-02,1.461246322339175008e-01,2.782873431443446885e-02,7.745772730094174947e-03,1.941691426502144269e-02
1.750836879894883402e-02,-1.119970669567746518e-01,-9.555849924382969762e-02,-5.130087493366352475e-02,-1.121117264024203697e-01,-1.123752514758835641e-01,4.615500060956676670e-02,-4.640573770994353697e-02,-1.496883892030586305e-01,6.861156283261872491e-02,4.692817839475449948e-01,1.000000000000000000e+00,4.408241877212109028e-01,3.624229692959594629e-01,7.354709867583582306e-02,3.114940865135136516e-02,-1.423771605676822927e-01,-1.395466027433788225e-01,-1.705832328322732239e-01,-2.075725754915586641e-01,-1.606349955583468436e-01,-1.206677317258346427e-01,-2.979792718486631853e-02,1.275309971348708230e-02,1.698281861848958268e-02,7.492191869633023187e-03,3.307153413260548874e-02,2.297290718778847302e-02,8.907084190949028646e-02,-2.361646963254573559e-03,4.977080581914950647e-02,4.508624824554583604e-02
-8.226542339198475440e-02,-1.656433194043498702e-01,-2.126156484962808957e-01,-1.431742120997783196e-01,-9.373623567495061037e-02,-4.460155548960662714e-02,-2.511073301893227208e-02,6.810131337075458341e-03,7.872080065042237271e-03,2.867839490199858288e-01,3.697110227025738327e-01,4.408241877212109028e-01,1.000000000000000000e+00,4.199813202356725839e-01,1.452903002982986191e-01,1.624905565716177613e-01,-5.656241019912086089e-03,-8.051022845078044388e-02,-2.088817237605336552e-01,-2.564189251683687831e-01,-2.315465338337514556e-01,-1.817132195579258536e-01,-7.267861290762761550e-02,-1.267971329473425446e-01,-5.500361868384791297e-02,4.076110838247377910e-02,3.353992788587872170e-02,2.431998893013649979e-02,5.355056908406943122e-02,-1.872638755715487838e-03,5.991022386642086417e-02,3.926249067968620027e-02
-5.072511220323872028e-02,-1.269912423609779739e-01,-2.037022332932419966e-01,-1.178117282865114718e-01,-1.269144043631199037e-01,-7.114011421647570277e-02,5.025154000720411657e-02,7.622025467924931075e-02,6.583873900693018588e-02,1.749466133632655851e-01,3.272979724763394604e-01,3.624229692959594629e-01,4.199813202356725839e-01,1.000000000000000000e+00,3.809889257303027410e-01,1.447574134206310592e-01,-6.486137633137838143e-02,-1.289490515788661862e-01,-2.856894906949657420e-01,-3.168635859433712176e-01,-2.911410864964176781e-01,-2.401140062467038705e-01,-1.630994104986845661e-01,-1.084433153113547599e-01,-9.009086253711490189e-02,9.376035312482279213e-03,8.091958567414306303e-02,3.443760316828217705e-02,7.325149075981900182e-02,-3.156299091855613997e-02,-9.872557313093053774e-03,2.084873981978508511e-02
-3.524659918674518527e-02,-9.799486115372058742e-03,-1.141587153886976513e-01,-1.222243101365115825e-01,-5.482711205766759716e-02,2.420273160242269669e-02,-2.899826179329413264e-02,5.353740715173848502e-02,-1.095466432277019883e-02,1.039641486254650263e-02,1.000527997315220491e-01,7.354709867583582306e-02,1.452903002982986191e-01,3.809889257303027410e-01,1.000000000000000000e+00,3.556606268447905506e-01,-2.006700159871181374e-02,-5.301891890805938978e-02,-9.313536167581903946e-02,-1.635795737806121364e-01,-1.844247873193506915e-01,-2.580988514385533783e-01,-2.666682052312042139e-01,-1.946655509772621806e-01,-1.375633840338025549e-01,-5.920437855419180551e-02,2.634096781393252193e-02,2.565904835297593608e-03,1.329791164069555991e-02,-3.199292527328296415e-02,-3.566178194881787500e-02,1.893953355376414016e-02
-2.689581601518762841e-02,-7.445531097089601313e-02,-1.057525357736433108e-01,-1.370638278426999368e-01,-6.539467031248098750e-02,-4.710060575521474169e-02,-3.628265366633622729e-02,-2.513568835032315221e-02,-7.678081901195298042e-02,-1.882661397848004250e-02,-3.236871352711714889e-02,3.114940865135136516e-02,1.624905565716177613e-01,1.447574134206310592e-01,3.556606268447905506e-01,1.000000000000000000e+00,4.428409755150338745e-01,1.495672157727190588e-01,-6.036936730862595829e-02,-1.881865460025258507e-01,-1.326615248310048512e-01,-1.912426044232778399e-01,-2.075041854673671526e-01,-1.630173283634479831e-01,-6.366227921759133601e-02,5.601964442731280358e-02,-6.096208167365788425e-03,-4.209768104717195869e-02,3.437084492164832472e-02,-1.679878835759813713e-02,2.328019474140684969e-02,3.329653176375822754e-02
-6.448046482339148122e-02,-8.087111604357220818e-02,-1.051256387267990450e-01,-5.804428096016996108e-02,-5.563531601202310189e-02,-4.431989853552193576e-02,-5.106048077281375580e-02,-5.137051859557378863e-02,-2.443244834718149086e-02,-1.045102474249047508e-02,-1.647772693269549671e-01,-1.423771605676822927e-01,-5.656241019912086089e-03,-6.486137633137838143e-02,-2.006700159871181374e-02,4.428409755150338745e-01,1.000000000000000000e+00,4.953701506228845863e-01,1.390570803354358176e-01,-7.234371170659351091e-02,-7.709334594645710081e-02,-1.473147345554204068e-01,-1.507307074562085625e-01,-1.017318114942283441e-01,-5.684993287689006462e-03,-2.421586847200928646e-03,-8.981937030942845068e-02,-5.943659484331513532e-02,-1.754484805748854348e-02,4.138962831471265646e-02,3.517081955294886625e-02,-9.912238402988118868e-03
-8.437821555434074638e-02,-5.107550355495386191e-02,-5.275866883270823732e-02,1.352224569432176893e-02,-2.176692918802581103e-02,-3.601378828747449357e-02,-4.213837231224878965e-02,-1.339089250662215125e-01,-8.085566162717527927e-02,-9.086134100046049100e-02,-1.731267263637094878e-01,-1.395466027433788225e-01,-8.051022845078044388e-02,-1.289490515788661862e-01,-5.301891890805938978e-02,1.495672157727190588e-01,4.953701506228845863e-01,1.000000000000000000e+00,4.381579010998981616e-01,1.637825316960052000e-02,-4.570535293119739467e-02,-1.366505718845305306e-01,-1.257188115128853589e-01,-4.219455641836442755e-02,-1.927562940673813521e-02,-1.350730981043983536e-02,-1.192472891094952664e-01,-9.051817373273490785e-02,-8.760248788226945860e-02,4.002929574206774699e-03,-1.015353632259053361e-02,-2.631762818374926496e-02
-1.133763986766179316e-02,3.428252879175665985e-02,2.217187942825545044e-02,1.079635160082280734e-02,1.841801381914542554e-02,1.310983825921098814e-02,-5.230557049756176524e-02,-2.076492536171381242e-01,-1.948105969604283783e-01,-2.255445581014710044e-01,-2.345557779003690224e-01,-1.705832328322732239e-01,-2.088817237605336552e-01,-2.856894906949657420e-01,-9.313536167581903946e-02,-6.036936730862595829e-02,1.390570803354358176e-01,4.381579010998981616e-01,1.000000000000000000e+00,4.906538479200992509e-01,1.829402121043236518e-01,4.904549098549245562e-02,-5.046553357219328573e-02,-2.921116267829375335e-02,-6.715521933738999652e-04,7.913963457291870590e-03,-1.017352889388269677e-01,-1.088364850563013492e-01,-1.265477967270640935e-01,-4.919208510250469568e-02,-4.840214588014867176e-04,-2.180930391642748808e-02
4.675796344156798318e-02,7.395449519333363586e-02,6.040142750703607344e-02,-1.037973224905300133e-02,4.129964455284228925e-02,1.434991793249041150e-02,-1.994301571886182914e-02,-1.704828076992997155e-01,-9.560579553480680337e-02,-2.313337421937364524e-01,-2.517037544038175922e-01,-2.075725754915586641e-01,-2.564189251683687831e-01,-3.168635859433712176e-01,-1.635795737806121364e-01,-1.881865460025258507e-01,-7.234371170659351091e-02,1.637825316960052000e-02,4.906538479200992509e-01,1.000000000000000000e+00,4.224180648767582036e-01,2.678349694033679840e-01,1.488160538798366239e-01,4.097284098992461793e-02,-4.279078022641655960e-02,-7.186462524816379649e-02,-2.753675652387472736e-02,-5.492050304089911295e-02,-1.295629112001207006e-01,-3.467322709928364471e-02,-3.720816831154344362e-02,-7.055370559943062447e-03
8.462282888370431522e-02,1.025195288953310441e-01,1.252588395660050591e-01,-3.359404846713392317e-02,5.411480467471987965e-02,7.863017347695564971e-03,-4.456456462697607618e-02,-1.623084602532983700e-01,-1.454857268238234358e-01,-2.265309885114624722e-01,-2.392465410500996259e-01,-1.606349955583468436e-01,-2.315465338337514556e-01,-2.911410864964176781e-01,-1.844247873193506915e-01,-1.326615248310048512e-01,-7.709334594645710081e-02,-4.570535293119739467e-02,1.829402121043236518e-01,4.224180648767582036e-01,1.000000000000000000e+00,5.091521505642089274e-01,1.743800183844109453e-01,4.539527157140777619e-02,2.955809754890249483e-02,-5.665819345305257715e-02,-1.180049555266256267e-01,-1.932993888270846394e-01,-1.687160067123283924e-01,-8.707386021041535473e-02,-4.193201157558655578e-02,-3.631379942031668501e-02
5.987700257333747333e-02,8.839400526733347252e-02,1.061590566132282476e-01,-5.740940218187443045e-02,-4.726561379582611827e-02,-9.686382095540686799e-02,-1.008915022449671517e-01,-1.471357759790874187e-01,-7.659374931693115063e-02,-1.379078088960439541e-01,-1.547911553292107556e-01,-1.206677317258346427e-01,-1.817132195579258536e-01,-2.401140062467038705e-01,-2.580988514385533783e-01,-1.912426044232778399e-01,-1.473147345554204068e-01,-1.366505718845305306e-01,4.904549098549245562e-02,2.678349694033679840e-01,5.091521505642089274e-01,1.000000000000000000e+00,4.596133708909375115e-01,1.929073530302819750e-01,6.354219321306686652e-02,1.524297124126809504e-02,-6.313426352024613386e-02,-1.856096034508369075e-01,-1.796792429739479391e-01,-1.307819281675378920e-01,-6.488334762430758573e-02,-4.889065649890669829e-02
6.210405147371223650e-02,6.564551740820884218e-02,1.065807983511071894e-01,-4.346467293600723980e-02,-1.379997381595534506e-02,-7.531311422747065387e-02,-7.389824296427044414e-02,-1.104048401628428544e-01,-2.448910510852175555e-03,-7.887492014127719941e-02,-7.206909324578382459e-02,-2.979792718486631853e-02,-7.267861290762761550e-02,-1.630994104986845661e-01,-2.666682052312042139e-01,-2.075041854673671526e-01,-1.507307074562085625e-01,-1.257188115128853589e-01,-5.046553357219328573e-02,1.488160538798366239e-01,1.743800183844109453e-01,4.596133708909375115e-01,1.000000000000000000e+00,4.120742483824211266e-01,1.584254927753110387e-01,8.716620500963158380e-02,-4.385215274224185666e-02,-1.213546803932894491e-01,-1.026170305587156273e-01,-9.339900695823469268e-02,-3.144114127296279704e-02,4.132153371107708667e-02
6.687360944944430174e-02,9.165783926945727036e-03,9.494186809322628651e-02,5.267453644867443191e-02,2.227869419288138961e-02,-5.693645318175729469e-02,-7.860417798272970047e-02,-1.275777102441023048e-01,-2.502259892665581464e-02,-9.078843146603982062e-02,-5.844155847450027697e-02,1.275309971348708230e-02,-1.267971329473425446e-01,-1.084433153113547599e-01,-1.946655509772621806e-01,-1.630173283634479831e-01,-1.017318114942283441e-01,-4.219455641836442755e-02,-2.921116267829375335e-02,4.097284098992461793e-02,4.539527157140777619e-02,1.929073530302819750e-01,4.120742483824211266e-01,1.000000000000000000e+00,3.764081529344301957e-01,1.181120027399741729e-01,-1.048598326787214680e-01,-8.560772977299282993e-02,-7.205988401550991740e-02,-1.295604583495359174e-01,-1.054205698399120900e-01,-6.117154684076087784e-02
-1.979335330489758946e-02,-3.320706432557549853e-02,7.712398467804414647e-03,-1.895121668438249848e-02,2.040967114753738584e-02,-1.067105834069852627e-01,-1.657802807769168940e-01,-1.248289154591202682e-01,7.909239539420312437e-03,-4.726011779623635195e-02,-5.634116081274923721e-02,1.698281861848958268e-02,-5.500361868384791297e-02,-9.009086253711490189e-02,-1.375633840338025549e-01,-6.366227921759133601e-02,-5.684993287689006462e-03,-1.927562940673813521e-02,-6.715521933738999652e-04,-4.279078022641655960e-02,2.955809754890249483e-02,6.354219321306686652e-02,1.584254927753110387e-01,3.764081529344301957e-01,1.000000000000000000e+00,4.855938124054380856e-01,4.804445760135701848e-02,-5.222172826112872479e-02,1.196681471813594057e-03,1.685645966787903752e-02,-1.169695249161152757e-02,-2.632750323335959070e-02
-9.332175667208338077e-02,-9.606626578629903768e-02,-9.202517450146681377e-02,-1.568393724922311772e-01,-5.271873863337619981e-02,-1.047221219902841616e-01,-1.860754368303988715e-01,-8.163734634452166072e-02,2.379463143928100058e-02,1.026777790256154337e-02,-1.659018344933118824e-02,7.492191869633023187e-03,4.076110838247377910e-02,9.376035312482279213e-03,-5.920437855419180551e-02,5.601964442731280358e-02,-2.421586847200928646e-03,-1.350730981043983536e-02,7.913963457291870590e-03,-7.186462524816379649e-02,-5.665819345305257715e-02,1.524297124126809504e-02,8.716620500963158380e-02,1.181120027399741729e-01,4.855938124054380856e-01,1.000000000000000000e+00,3.471996804762931821e-01,1.277392301890246662e-01,1.701343843988991911e-01,1.031707466674184337e-01,8.309956951144023551e-02,6.853015304631059068e-02
-5.994438708665239535e-02,-7.119470896688856465e-02,-8.076023479896068946e-02,-1.508188703386579288e-01,-2.170572718537774545e-02,-9.072683456327937032e-03,-4.705479228591999408e-02,5.473394652614472361e-03,8.910540385475476666e-02,5.958054762096479801e-02,4.115831291536691666e-02,3.307153413260548874e-02,3.353992788587872170e-02,8.091958567414306303e-02,2.634096781393252193e-02,-6.096208167365788425e-03,-8.981937030942845068e-02,-1.192472891094952664e-01,-1.017352889388269677e-01,-2.753675652387472736e-02,-1.180049555266256267e-01,-6.313426352024613386e-02,-4.385215274224185666e-02,-1.048598326787214680e-01,4.804445760135701848e-02,3.471996804762931821e-01,1.000000000000000000e+00,4.223449315346030630e-01,2.103765425563366709e-01,2.824562583752835976e-01,1.672588845896966214e-01,6.969599196275974573e-02
-7.143706918069744893e-02,-3.049288213511632331e-02,-4.712256533161842537e-02,-4.593944392988776743e-02,-4.273243979450875446e-02,-2.153232220798026106e-02,-1.254218612877697550e-02,1.806280130013547189e-02,8.009174722627976362e-02,6.126164575848216248e-02,3.550605874929146921e-02,2.297290718778847302e-02,2.431998893013649979e-02,3.443760316828217705e-02,2.565904835297593608e-03,-4.209768104717195869e-02,-5.943659484331513532e-02,-9.051817373273490785e-02,-1.088364850563013492e-01,-5.492050304089911295e-02,-1.932993888270846394e-01,-1.856096034508369075e-01,-1.213546803932894491e-01,-8.560772977299282993e-02,-5.222172826112872479e-02,1.277392301890246662e-01,4.223449315346030630e-01,1.000000000000000000e+00,4.511482806195656892e-01,4.094347217111710124e-01,2.413503816630457044e-01,8.203126869736736271e-02
-5.112103233280328868e-02,-6.477839703240975688e-02,-9.569263380239968753e-02,-6.247123920160738142e-02,-1.180710120988301554e-01,-9.190728966893246810e-02,-3.477820404235874852e-02,3.732820001366602553e-02,6.711114598712575319e-02,1.026612024605265266e-01,1.461246322339175008e-01,8.907084190949028646e-02,5.355056908406943122e-02,7.325149075981900182e-02,1.329791164069555991e-02,3.437084492164832472e-02,-1.754484805748854348e-02,-8.760248788226945860e-02,-1.265477967270640935e-01,-1.295629112001207006e-01,-1.687160067123283924e-01,-1.796792429739479391e-01,-1.026170305587156273e-01,-7.205988401550991740e-02,1.196681471813594057e-03,1.701343843988991911e-01,2.103765425563366709e-01,4.511482806195656892e-01,1.000000000000000000e+00,3.920479498946732311e-01,1.262903012235012945e-01,1.324124522248967817e-01
-4.061076247419175694e-02,-8.574540018084944593e-02,-8.239618430863353271e-02,-7.004908801999235046e-02,-3.886747681800496040e-02,-5.484666476698400739e-02,-4.920015054942226962e-02,-2.381856427177683755e-02,1.438203908077564062e-02,6.148529063993647681e-02,2.782873431443446885e-02,-2.361646963254573559e-03,-1.872638755715487838e-03,-3.156299091855613997e-02,-3.199292527328296415e-02,-1.679878835759813713e-02,4.138962831471265646e-02,4.002929574206774699e-03,-4.919208510250469568e-02,-3.467322709928364471e-02,-8.707386021041535473e-02,-1.307819281675378920e-01,-9.339900695823469268e-02,-1.295604583495359174e-01,1.685645966787903752e-02,1.031707466674184337e-01,2.824562583752835976e-01,4.094347217111710124e-01,3.920479498946732311e-01,1.000000000000000000e+00,4.566133491267779787e-01,2.228317262907196505e-01
-4.831416938997340482e-02,-9.667239437208750841e-02,-1.050955180407516371e-01,-1.091375978938333713e-01,-1.749873211902632300e-02,-1.694195691186289876e-02,-2.529774237939816026e-02,-2.256890736283207258e-02,-4.242402056998909043e-02,-1.992261961948082333e-03,7.745772730094174947e-03,4.977080581914950647e-02,5.991022386642086417e-02,-9.872557313093053774e-03,-3.566178194881787500e-02,2.328019474140684969e-02,3.517081955294886625e-02,-1.015353632259053361e-02,-4.840214588014867176e-04,-3.720816831154344362e-02,-4.193201157558655578e-02,-6.488334762430758573e-02,-3.144114127296279704e-02,-1.054205698399120900e-01,-1.169695249161152757e-02,8.309956951144023551e-02,1.672588845896966214e-01,2.413503816630457044e-01,1.262903012235012945e-01,4.566133491267779787e-01,1.000000000000000000e+00,4.099524297202092882e-01
-3.678145723625485947e-02,-1.079307313523362316e-01,-1.110597294113532668e-01,-1.347606889415696452e-01,-6.361404972377870948e-02,-3.575239417366660177e-02,-3.713604263924347171e-02,-6.285338786620074669e-02,-1.062550029313821462e-02,-1.620459849163813706e-02,1.941691426502144269e-02,4.508624824554583604e-02,3.926249067968620027e-02,2.084873981978508511e-02,1.893953355376414016e-02,3.329653176375822754e-02,-9.912238402988118868e-03,-2.631762818374926496e-02,-2.180930391642748808e-02,-7.055370559943062447e-03,-3.631379942031668501e-02,-4.889065649890669829e-02,4.132153371107708667e-02,-6.117154684076087784e-02,-2.632750323335959070e-02,6.853015304631059068e-02,6.969599196275974573e-02,8.203126869736736271e-02,1.324124522248967817e-01,2.228317262907196505e-01,4.099524297202092882e-01,1.000000000000000000e+00
