1.000000000000000000e+00,4.508941486307128654e-01,5.859534280382652227e-01,-6.195474924709067771e-02,-2.714952044451731869e-02,4.768226914171781461e-01,2.411190985998597769e-01,-2.794178198018761328e-01,3.207629436135168710e-01,4.226448754199507163e-01,-2.082345077821080581e-01,-1.518321822352788897e-01,4.980281542380278759e-01,1.894797284319616748e-01,-3.577140195643762066e-01,7.008739008187662989e-02,-2.374313355804955339e-01,3.020028413114165255e-01,1.649002797013450206e-01,-1.380134739357725127e-01,-4.761287521005439505e-01,-7.470296777924231510e-03,1.695529707973029432e-01,-3.534099906712900863e-01,-3.623214889718249787e-01,-1.243076368949772997e-01,-2.385963554118746555e-01,-2.497087925037676515e-01,-3.464048824601829307e-02,2.063959403273786797e-01,-1.269344910664519377e-01,4.002798835996216886e-01,1.169889577819134031e-02,3.770536388122166516e-01,9.237979512436458873e-02,2.787371886477366667e-01,1.785243232245762590e-01,6.868523538495998303e-03,4.921627529948683910e-01,-9.859582123748400484e-02,1.633336092465837719e-01,-2.773340310689560440e-01,-5.308921186756828531e-02,-2.722392014351697198e-01,-1.519006941071840144e-01,-3.630269224466963207e-01,-2.923107188963974257e-01,-4.999169340678075724e-01,-1.768410187256103661e-01,-2.560477399554731553e-02,-1.609886465095902719e-01,4.222800503750483991e-01,3.894656170138772189e-01,3.801608936849511511e-01,3.251686760843710555e-01,-2.628740862075519269e-01,-6.437450073668737893e-02,5.016291973911933821e-01,3.938870754081236908e-02,-3.256456457754532408e-01,2.531128062192395944e-01,4.423327128196850588e-01,-2.018787081863298027e-01,-8.967588587424597801e-02,4.511673948511717991e-01,2.391582802957893383e-01,-2.330021941256246731e-01,-8.719154451935072492e-03,4.513930975945835145e-01,-1.924341694492600618e-01,-4.515293238697615785e-01,-7.502917471660433546e-02,-9.540182064961406916e-02,-4.854113792438668473e-01,-1.923851471936073032e-01,-7.224620105610751741e-02,7.940684934703245990e-02,-3.436681649076801515e-01,-1.583110287607607247e-01,-9.271391335240825038e-02,-1.909775251809718299e-01,6.079150520094903781e-02,-1.301319557369007007e-01,3.619413037637003727e-01,-1.384451929922811686e-01,2.190987012887714025e-01,-1.387332116324107301e-01,1.851563619124264315e-01,-1.086203485063745450e-01,2.246397809615992835e-01,2.528924358887471927e-03
4.508941486307128654e-01,1.000000000000000000e+00,2.577073383349405278e-01,1.687732781814921604e-02,4.214967365212846651e-01,3.612965232806130689e-01,-2.146997628129989136e-02,4.317921761373497841e-02,6.320895812282841808e-01,1.127175214153288973e-01,-2.794746812422714832e-01,3.098318890551285398e-01,5.718873007226139560e-01,-1.108513345361341329e-01,-3.015691199844717785e-01,3.351507722163601377e-01,-1.278181020609331087e-01,9.581678477866530097e-02,4.547954319871890805e-01,-4.160361484832305057e-01,-3.873380285918976429e-01,4.704189824894188798e-01,2.054790792718386716e-01,-5.868006689119122932e-01,-1.189599360668660566e-01,-5.169605687327540888e-01,-2.321079506626044509e-01,-5.273829104230980391e-01,-2.972475240209015990e-01,-2.564101806017813900e-01,-4.038424943911544940e-01,1.305831570801397890e-01,-3.578515223725649008e-01,1.133140580364737082e-01,-2.280537550673282510e-01,4.021353781213212741e-01,-1.474815517278623145e-01,6.602029220082798744e-02,5.133685856971135220e-01,2.944836218258476412e-01,-6.457069386964515989e-02,-2.167499812364194756e-01,-4.530472027135137858e-01,-2.029123300251900741e-01,2.554726842228314809e-01,-3.001893839088254357e-01,8.773650076637705408e-02,-4.727108554433255838e-01,1.292280143343224885e-01,1.839832027702212047e-01,1.802012948079960430e-01,5.375556076025755914e-01,2.507803896802229260e-01,2.371447522997355978e-02,6.345705297275897605e-01,-7.024107339700942643e-02,-5.072568826777320572e-01,3.775904640935139334e-01,4.633025651983888049e-01,-4.133775563537377407e-01,-2.067531475488404991e-01,6.116579556704961895e-01,1.335348751365295350e-01,-4.494454452997910243e-01,1.700021896804631560e-01,6.215695552266786716e-01,-1.515747066752426986e-01,-4.733867293726086167e-01,4.241532298074757734e-01,1.808404238987543489e-01,-5.889194118989408144e-01,-1.448657745288831900e-01,-5.043068779109476374e-01,-5.432219267529978524e-01,-4.234280729074578753e-01,-4.317634953003830489e-01,-5.769383422380794380e-02,-7.015874974640756712e-02,-5.094384193951020934e-02,3.908363498494769606e-01,7.918586312276294781e-02,5.117568548182068744e-01,1.865227660142915467e-01,5.649594375653166356e-01,2.362672741460757342e-01,4.764635812845094964e-01,3.036259316264078301e-01,4.832145945339632598e-01,2.712127428444984223e-01,2.852433865136105862e-01,1.011167361179687307e-01
5.859534280382652227e-01,2.577073383349405278e-01,1.000000000000000000e+00,1.233868045745415004e-01,-3.293864305131805614e-01,6.205801285265628575e-01,6.788195614905088160e-01,-3.571544712910547092e-01,1.639676195469427222e-01,8.063104358786278292e-01,8.119779783512903748e-02,-3.988305859942928855e-01,5.355709004408321094e-01,6.675643886239064351e-01,-2.953293430328334801e-01,2.398698824904100524e-01,-1.012727926384863059e-01,7.557558667667670926e-01,2.963502726018038547e-01,1.987310815697887756e-01,-8.022042503530871782e-01,-2.681583922999551395e-01,5.019694265259977417e-01,-2.649561446578309609e-01,-8.065101914634765778e-01,-1.046861974996772110e-01,-6.278459234111443132e-01,-3.918065472997871446e-01,-1.872236119687007427e-01,4.448360507196965630e-01,-2.819476033506408963e-01,5.609340165707489279e-01,5.637230739390313751e-03,4.690163855404665960e-01,4.942012408970941628e-02,8.419323477543555478e-02,1.918780532974086739e-01,-3.278065387533993791e-01,6.992926941268134966e-01,-1.515961951908471050e-01,5.984696828457638507e-01,-1.571488915918203833e-01,2.734926109666942495e-01,-1.683049623192062472e-01,-2.551475751600901787e-01,-2.892957418866435870e-01,-4.467935197215419652e-01,-6.454978630668060102e-01,-1.791265899352062207e-01,1.094873373661425960e-02,-1.914330265428557942e-01,5.585991858871725002e-01,8.034524567658357652e-01,6.321165809542865777e-01,2.522597926936433477e-01,-7.172478927355967482e-01,2.073214742010606390e-02,7.467862259256700108e-01,-3.126302579027512851e-01,-6.363714895037427821e-01,5.425443354075826230e-01,4.959714919247879550e-01,-6.705894343879059694e-01,-1.323759953397561917e-01,8.255294417198074663e-01,7.357345244354394909e-02,-6.465969646253283409e-01,1.363457053628982785e-01,4.736652836895486329e-01,-6.451438950627392810e-01,-6.136664893558574363e-01,-3.571443665583107774e-01,-5.252546476563823424e-02,-6.557163206061823457e-01,-3.813507014098140302e-01,2.578593803258543149e-01,4.705720613916334338e-01,-4.406554706682742073e-01,2.505158026430837070e-02,-2.989232167255473915e-01,-1.567729164713140000e-01,-6.814989326131717928e-02,-9.527942479557915956e-02,5.380300665900437096e-01,-1.779158351454092624e-01,3.916814961751656776e-01,-2.822356454765571621e-01,3.063547529006395709e-01,-4.928034569589744840e-01,5.517926541255230993e-02,-1.514860483508297384e-01
-6.195474924709067771e-02,1.687732781814921604e-02,1.233868045745415004e-01,1.000000000000000000e+00,2.365319210973454087e-02,-5.546888419483059218e-01,6.271745923968841119e-01,8.227990810169489855e-01,-8.730760322866856771e-02,-2.159965932325178528e-01,7.448660409211745881e-01,5.244864915914981829e-01,-2.847513608624632764e-01,2.964649652449690143e-01,7.783329275947594716e-01,8.187252588486267912e-01,9.061770528550551207e-01,3.984391978837281134e-01,6.914241662503033403e-01,4.999880492694915857e-01,-2.795945373339519396e-02,2.421096476165237321e-01,7.593806072865726398e-01,2.767805569407426058e-01,-2.197758673652249750e-01,-5.647913613867500127e-01,-6.431418406185543946e-01,-5.608465611777079252e-01,-8.575862405807335165e-01,-5.652920523110481765e-01,-7.659609289042794700e-01,-6.892573859909676415e-01,-7.892437769420468374e-01,-7.738663267301642001e-01,-8.865803070679413311e-01,-6.879260784104771487e-01,-8.813593834242583469e-01,-8.245722615371967601e-01,-9.808486757518512789e-02,7.902689284300558059e-01,5.340510386578836144e-01,8.622840051327214095e-01,1.577359746507167315e-01,8.405964657579830801e-01,7.517114689202341049e-01,7.861747628115077768e-01,7.292698368999098735e-01,2.130652744797270348e-01,8.530410647971048421e-01,7.272591087344651983e-01,8.100422235128327264e-01,3.738804521741315168e-02,1.813761264062617728e-01,-5.714547048184420719e-01,-5.068119329483859042e-02,-4.481388477229378275e-01,-5.331583051230309733e-01,-3.031705975711305734e-01,-1.490939054891173843e-01,-5.303267534758527857e-01,-4.966610257407631512e-01,-1.221747317484562778e-01,-2.885782756721232967e-01,-7.198985441479502922e-01,-1.878281907294883923e-01,-9.093482526357369103e-03,-5.864548715830458780e-01,-5.532217664570159288e-01,-5.783672608859695696e-01,-1.889978447435247955e-01,-2.060446259572110972e-01,-8.649894946991537603e-01,-5.750649074557431240e-01,1.091880154169375533e-01,-7.297295897757833938e-01,3.322199907373122874e-01,7.162956562790563364e-01,7.915805525683801136e-01,9.284807831437840164e-01,5.341077769398663300e-01,9.156129986370045160e-01,4.954986723906479873e-01,8.917080114235094168e-01,3.742008545863533819e-01,8.286562698907926627e-01,6.425044217143516256e-01,6.819348475490493167e-01,6.377957719661508929e-01,-1.755907761327582806e-01,-5.261679355386360557e-01,-3.163649203172696489e-01
-2.714952044451731869e-02,4.214967365212846651e-01,-3.293864305131805614e-01,2.365319210973454087e-02,1.000000000000000000e+00,-4.936825527305377034e-03,-5.825325150965109389e-01,3.780311860430440873e-01,7.494110359490478990e-01,-5.373181757821966498e-01,-4.741930598440328715e-01,7.824280984522287152e-01,3.595097047189352857e-01,-7.002292368404156031e-01,-1.893339062407780604e-01,2.973137195114281539e-01,-9.990466573727094235e-02,-4.490272359108700706e-01,4.130313024576656722e-01,-7.437885113659631342e-01,6.787746368383208717e-02,9.019982021793566673e-01,-9.434079320923530187e-02,-6.475221512632592935e-01,4.649645924802641717e-01,-6.668676785808508312e-01,1.610909187423837929e-01,-4.490396685000689891e-01,-2.839242313428460562e-01,-7.261477181243073398e-01,-3.545349041704719539e-01,-2.810340303880371482e-01,-5.086171196103935754e-01,-2.149183937724785942e-01,-3.580441871857524272e-01,5.125717923586301517e-01,-3.754568812779443543e-01,3.700900719521980076e-01,1.614371259183837448e-01,5.573673989003158358e-01,-5.947555996505721199e-01,-1.816217451240911551e-01,-9.019296808979709867e-01,-1.449520209206917598e-01,5.903055115215771753e-01,-2.028351088576158812e-01,4.692833722130455576e-01,-1.150496241932820740e-01,3.275620834242198298e-01,3.275057326911640643e-01,4.002051995834886022e-01,2.572847773149477546e-01,-2.819010590815063111e-01,-4.666312955749822855e-01,7.152813070471462087e-01,4.712782287291604755e-01,-7.539191124025376167e-01,-3.714067516675060437e-02,9.147833674615821753e-01,-1.031784637172422914e-01,-7.209024555391080336e-01,4.903761273485278682e-01,7.230271230074735156e-01,-5.329987921410477281e-01,-4.328152104453122373e-01,8.273459697309875072e-01,3.092527498948178244e-01,-7.665956785053189559e-01,2.148978651038931098e-01,7.814360684189426420e-01,-3.325692478142592279e-01,9.202985114908197872e-02,-7.074244998811080043e-01,-2.481068104776221750e-01,-2.990897913951883758e-01,-8.502214639392418061e-01,-4.774630443844473104e-01,2.643133559353454398e-01,-9.694514122484419738e-02,7.945810845693356272e-01,2.426527297130949279e-01,7.895041303077944272e-01,3.365923933292933601e-01,3.829355520920155742e-01,4.898217102942197809e-01,3.743089438167096494e-01,6.674109794761194925e-01,4.453546395376636324e-01,7.950768623588891915e-01,3.768164127402462982e-01,3.375544187193767476e-01
4.768226914171781461e-01,3.612965232806130689e-01,6.205801285265628575e-01,-5.546888419483059218e-01,-4.936825527305377034e-03,1.000000000000000000e+00,2.971493393118211299e-02,-7.564892641592357858e-01,4.934015031465207590e-01,7.645007914586361419e-01,-5.652491326956384787e-01,-4.585257097038048513e-01,8.469278716759024439e-01,2.309088309173340792e-01,-8.565669965940436725e-01,-1.763043408802590639e-01,-7.045588322955053107e-01,3.465439121566635805e-01,1.233730895299845094e-02,-3.719392854896991230e-01,-7.632386295006828858e-01,-1.039205381553429258e-01,-8.041256663244735273e-03,-6.665359059398017205e-01,-5.034786872586934914e-01,1.670747485433172336e-02,-1.655074168720781225e-01,-1.966246917392860949e-01,2.507312410747051801e-01,5.430838071343554452e-01,7.176533407763410755e-02,9.048530371567407027e-01,3.174029381458573496e-01,8.809702455349772698e-01,4.750158284360677108e-01,6.968421352113479683e-01,6.211300109531525671e-01,3.228843356710782153e-01,8.279949354089737312e-01,-4.594782429672070734e-01,5.876138381770266289e-02,-7.713403321730111228e-01,-1.546559140909510022e-01,-7.393612209102178312e-01,-5.277986740941960075e-01,-8.540712916849101388e-01,-7.294473073487579562e-01,-8.247623114559916591e-01,-6.014383270907068813e-01,-3.726952528449725133e-01,-5.511170593825538422e-01,6.491846387122721662e-01,6.005537556381663755e-01,8.279453978287156790e-01,5.394234134880473430e-01,-2.717976730577703059e-01,8.933398985693524752e-02,9.264744645627595032e-01,1.037760759351970263e-01,-3.398702088542444599e-01,5.991933817916912375e-01,7.468374378815495485e-01,-2.355199460606600126e-01,1.319199030986050458e-01,7.949539298760450734e-01,3.754227280172726666e-01,-1.802460553000890253e-01,2.095900476934652035e-01,9.128627677713734290e-01,-2.538801450288538653e-01,-5.988031734715038024e-01,2.226281656002795095e-01,6.610794587922856624e-02,-8.202450946033570389e-01,-2.496134087027962120e-02,-2.510481361643838727e-01,-1.484316040709278972e-01,-8.551229034739907808e-01,-5.879857881429398914e-01,-3.541224189935955891e-01,-6.472377961183132244e-01,-9.876520967839465259e-02,-5.336887907784431118e-01,4.403980446780758617e-01,-5.277742027113616619e-01,1.223309855722857498e-01,-4.755263981640849846e-01,6.181775582481149889e-02,-1.007927783723108900e-01,5.165050070095409396e-01,1.499275765918723080e-01
2.411190985998597769e-01,-2.146997628129989136e-02,6.788195614905088160e-01,6.271745923968841119e-01,-5.825325150965109389e-01,2.971493393118211299e-02,1.000000000000000000e+00,1.428644424409347413e-01,-2.640011833209768843e-01,5.627109683476749780e-01,7.043310431542746386e-01,-2.301101754324641202e-01,-9.953915750051136463e-03,8.606298507629532857e-01,3.856986444887157695e-01,5.183249141692758410e-01,5.428539569036601176e-01,8.741456644501457429e-01,4.327442943194572678e-01,7.376521263357452840e-01,-5.160687231018348253e-01,-3.840951615241313122e-01,8.026432917135943867e-01,2.861305778957657919e-01,-8.000724675981609746e-01,-1.335694308471589431e-01,-8.304440139315124592e-01,-3.891007274697230178e-01,-5.216189618068858280e-01,2.128782802737385071e-01,-4.942925741797467021e-01,2.225615108332603537e-02,-2.758770679774417700e-01,-1.169713370767011262e-01,-3.757244558255843914e-01,-5.915262290817649982e-01,-2.740784061113285541e-01,-8.563252119224868952e-01,2.854783263132270599e-01,1.662484763549000599e-01,9.307683951704360803e-01,5.151798838577901218e-01,6.265120742507497287e-01,4.880529999154171739e-01,6.913130832903324752e-02,4.040193832752669856e-01,-5.379550369167513622e-05,-2.002921438087329753e-01,2.850245971326154093e-01,3.030414119828166997e-01,2.251975026249467271e-01,2.542475416293125678e-01,7.038500660444679813e-01,2.110978142695988935e-01,-1.794680923321946564e-01,-8.938765258368682742e-01,-4.712182924559495459e-03,2.657796180337850256e-01,-6.548661769327724924e-01,-6.574944998715731570e-01,3.081513864515613710e-01,1.126569527613428996e-02,-8.708682537008041180e-01,-3.039853095934375582e-01,5.470837306871283445e-01,-3.052724284711197389e-01,-8.756406351322170156e-01,5.148581334146427185e-02,-1.738770165148693092e-01,-8.178402129178988789e-01,-3.467043722184856569e-01,-7.826271888202540605e-01,-8.881252401271090557e-02,-2.160078169620752997e-01,-5.496549189930167723e-01,7.106828533478035670e-01,9.178152395722811718e-01,1.180533997852592359e-01,6.337416081102915655e-01,-1.746054583524636050e-01,3.740469946990380712e-01,-5.830663964200204913e-02,3.607918945738897154e-01,3.886423536130446665e-01,2.042699700094852966e-01,4.721347389455075039e-01,-2.036308491417495453e-02,3.891050599432584467e-01,-7.289486639325757356e-01,-4.554296311044060408e-01,-4.302256217799597660e-01
-2.794178198018761328e-01,4.317921761373497841e-02,-3.571544712910547092e-01,8.227990810169489855e-01,3.780311860430440873e-01,-7.564892641592357858e-01,1.428644424409347413e-01,1.000000000000000000e+00,2.522944705478904343e-02,-6.441803351681796297e-01,5.577387342197780429e-01,8.273808952568447728e-01,-3.957771418454436030e-01,-1.502883358805852387e-01,7.821538084536697744e-01,7.164354187919845796e-01,8.372898023567434400e-01,-3.739927478215973600e-02,6.032604117798997523e-01,2.074080820025224481e-01,3.057794096647581394e-01,5.263318134317982455e-01,4.695877596256351483e-01,2.106464224637436822e-01,2.220068619574196989e-01,-6.220128092983419066e-01,-3.025588985768303263e-01,-4.571135403447298406e-01,-7.679681920512428928e-01,-8.499326128690417592e-01,-6.645005436138547994e-01,-9.030333870627904602e-01,-8.376124655139618458e-01,-9.381678246357283424e-01,-9.012694543548327442e-01,-5.392837519465415452e-01,-9.544418377994378089e-01,-5.347565331898354035e-01,-3.265176998307941503e-01,8.960629810056804923e-01,1.149343776504485742e-01,8.012557926983444601e-01,-1.591747110967285939e-01,7.947118946944881079e-01,9.099277743320425271e-01,7.822085993892023970e-01,9.549156994945795507e-01,4.217329390165810432e-01,9.202849288473098355e-01,6.766994848878847835e-01,9.140836590533545358e-01,-1.117793735057336091e-01,-2.045527225661775139e-01,-8.715827403872958845e-01,1.534470562477176225e-02,-2.124426239607895769e-02,-6.586398467144658486e-01,-5.746585280577799493e-01,1.911828449606905456e-01,-2.539627870545709820e-01,-8.252028086417587671e-01,-1.958013471884182954e-01,1.621204367642906374e-01,-7.253691298249190789e-01,-5.903134762854275186e-01,1.462271263398599030e-01,-2.125694388555548764e-01,-7.277709402225979174e-01,-6.656018589600931623e-01,2.591749105625680838e-01,-1.870423636908524409e-02,-6.235725752145306888e-01,-6.531666564118828733e-01,3.013774972589814416e-01,-5.763746181771678412e-01,1.097887671801317348e-02,3.565445919129152097e-01,9.452133115852759948e-01,8.093244406750557118e-01,7.800803572177290590e-01,9.409029074214440014e-01,6.533346160323795226e-01,9.246555677738300671e-01,2.161660841115400078e-01,9.310063149068699140e-01,5.149646063415417307e-01,8.792987322967055208e-01,5.609368262451400744e-01,2.125294735662305312e-01,-4.147495595555991121e-01,-1.487555386276968594e-01
3.207629436135168710e-01,6.320895812282841808e-01,1.639676195469427222e-01,-8.730760322866856771e-02,7.494110359490478990e-01,4.934015031465207590e-01,-2.640011833209768843e-01,2.522944705478904343e-02,1.000000000000000000e+00,8.429232485230149508e-03,-6.145174766381046316e-01,5.095705055411992035e-01,8.340498942458219878e-01,-3.786453612403805069e-01,-5.370347940978668078e-01,3.526079586137953470e-01,-3.172742858810995159e-01,-4.376360640429340781e-02,5.416377600969347617e-01,-7.486394517014741679e-01,-4.610975599964253768e-01,7.562753886842209505e-01,1.152330051288636692e-01,-9.215576354817163196e-01,-3.356845721044535505e-03,-7.031892241044802594e-01,-1.436445234996051035e-01,-6.622988638613688250e-01,-2.994411133695648597e-01,-4.022796455138863414e-01,-4.572735257268926712e-01,2.031045656352025719e-01,-4.309988675095275945e-01,2.153425603714652636e-01,-2.134520885602630147e-01,7.232815267924392888e-01,-1.232916612250136018e-01,3.123143874590629809e-01,6.770820478182264512e-01,3.601305034435428598e-01,-3.153133293244526625e-01,-4.520412111143282674e-01,-8.157018157689639448e-01,-4.110034984382499590e-01,3.353981053847834293e-01,-5.385391515283333153e-01,8.606936276934926133e-02,-6.720924790178860464e-01,8.968178017446590267e-02,2.540236243410821104e-01,1.806548682860173449e-01,7.314408162595450458e-01,2.091113090171091149e-01,2.719759266299936074e-03,9.544299079375209161e-01,9.916373015514258482e-02,-7.217561458369354810e-01,5.014507491869294453e-01,8.077111742654762283e-01,-4.526262316038134337e-01,-3.497959663336887570e-01,8.863863015511483923e-01,3.808041547016126627e-01,-5.552225278593565516e-01,1.282963454266486669e-01,9.626558231685042877e-01,-1.754053102508593490e-02,-6.542947929245205296e-01,6.540766658887060547e-01,4.300894218372938171e-01,-7.481123771823323665e-01,3.389972932514443479e-03,-6.951416268975245671e-01,-7.390652931725431030e-01,-4.604594183623942905e-01,-7.945507470893640178e-01,-3.111293166259137544e-01,-1.536887572110321454e-01,-2.372425838081304583e-01,5.738569809075496631e-01,7.701032437507803440e-03,7.364834293386570696e-01,1.546268880606656848e-01,7.250056945700182887e-01,2.767167513042568805e-01,5.731932827521885043e-01,4.276588431810487423e-01,5.908505382105461168e-01,5.656917476221099417e-01,5.319911768790945850e-01,3.234885236345495518e-01
4.226448754199507163e-01,1.127175214153288973e-01,8.063104358786278292e-01,-2.159965932325178528e-01,-5.373181757821966498e-01,7.645007914586361419e-01,5.627109683476749780e-01,-6.441803351681796297e-01,8.429232485230149508e-03,1.000000000000000000e+00,1.738881492296510609e-02,-7.087164141038905241e-01,5.179134868119097401e-01,7.617828972844478130e-01,-4.447838525396117237e-01,-3.594277487291894224e-02,-2.975429670030592666e-01,7.565836005374112494e-01,3.453519559222305302e-02,2.563405723348959886e-01,-8.076815554117073859e-01,-5.371878016979185766e-01,3.348738477473611752e-01,-1.790026552459385023e-01,-8.532872779691832443e-01,1.890653449742158987e-01,-5.038395714584656959e-01,-1.481685212098949600e-01,8.655384349936656729e-02,7.465307413252220137e-01,-1.590313623369704263e-02,7.991159660641796725e-01,3.058807963095487303e-01,6.991948051574335965e-01,3.406669223585627182e-01,1.309804472654073071e-01,5.002964955954096737e-01,-2.102681202156537754e-01,6.913153310342944335e-01,-4.806887766474923218e-01,6.089354515666404177e-01,-3.314157411371491668e-01,4.341895324379821397e-01,-3.243923833345057628e-01,-5.841917337299333823e-01,-4.278884168304719626e-01,-7.060639208985499682e-01,-6.564051893312924379e-01,-4.570292448524562734e-01,-3.259160199190725971e-01,-4.600347057677712792e-01,5.076130620674921268e-01,8.367770500074859230e-01,8.767838336793684073e-01,9.899493854579448360e-02,-7.160423288155608468e-01,3.268060273364751800e-01,8.285564714670874409e-01,-4.881083686221528439e-01,-4.799555883143955537e-01,8.271879809658744254e-01,4.091650975920411715e-01,-7.672083690279160040e-01,1.636431051431309347e-01,9.705544472155245295e-01,-1.163433496115527793e-01,-5.874042877620986314e-01,4.409270089394215497e-01,5.522047974103724277e-01,-7.762945068350235456e-01,-4.762989462735168766e-01,-1.655411445648468094e-01,2.607057129857668909e-01,-6.283271350629369145e-01,-1.283961457186408583e-01,3.736255322512694876e-01,4.041466994556262016e-01,-7.017964548201196529e-01,-1.704405767736584254e-01,-6.101963735087853058e-01,-4.356221602353116951e-01,-3.672146399029370678e-01,-3.796515750611451079e-01,3.572051130454120260e-01,-4.918434500746548532e-01,1.494849462202626489e-01,-6.004465931722351435e-01,4.534595339422319016e-02,-6.297176984811672096e-01,9.298937329420833842e-02,-1.643941415531186556e-01
-2.082345077821080581e-01,-2.794746812422714832e-01,8.119779783512903748e-02,7.448660409211745881e-01,-4.741930598440328715e-01,-5.652491326956384787e-01,7.043310431542746386e-01,5.577387342197780429e-01,-6.145174766381046316e-01,1.738881492296510609e-02,1.000000000000000000e+00,3.022050688199965848e-02,-5.978176639160681649e-01,6.236171134049357523e-01,8.497350717309760659e-01,4.823063241870603202e-01,8.635406177915151416e-01,5.141218071155709834e-01,2.903071009417777515e-01,8.813362944857840997e-01,5.718580128583532901e-02,-3.264464581185708147e-01,6.391745333852151267e-01,6.964603892258472984e-01,-3.602534271217636697e-01,-4.805416355756781527e-02,-5.669674413980962946e-01,-1.389603941535178799e-01,-5.346652946905534609e-01,-9.385789144687074759e-02,-3.954226988292767198e-01,-5.099810522568360982e-01,-3.681755719922126247e-01,-6.235469201427689123e-01,-5.535132399765883005e-01,-9.393634284961410730e-01,-5.560497777880577530e-01,-9.017882792098551592e-01,-3.012429058050162811e-01,3.546276426393562553e-01,7.474260843763240736e-01,8.913311475062887235e-01,6.713713336014073274e-01,8.660870336762995780e-01,3.122566231244926493e-01,8.623935063837498971e-01,4.396917055540832120e-01,4.230552238557040434e-01,5.747545775287786762e-01,2.981463905174517870e-01,5.062843092098955333e-01,-2.453428634412530285e-01,2.321798406437902418e-01,-2.917673045545308153e-01,-5.417700234328356457e-01,-5.824922158584808773e-01,2.225302500248547630e-02,-3.466606302659105965e-01,-6.710220025875420768e-01,-2.968566881854940998e-01,-4.697748897438835947e-02,-4.995980087724140040e-01,-6.144105928044828469e-01,-2.704192736137673303e-01,-1.910987031385005808e-02,-5.612960401646692743e-01,-6.163511098835531277e-01,-1.652339139379035288e-02,-7.330137434506861505e-01,-5.533938738204848828e-01,1.422017789323229697e-01,-7.608228967531426301e-01,-3.577915955597354286e-02,3.604775118666797562e-01,-3.813343393267928372e-01,7.915090764761137931e-01,8.516148791977947718e-01,5.880843008580690645e-01,8.717547796761913048e-01,4.918394133553121231e-03,6.625921341174549895e-01,-6.455917795421893535e-02,5.887819452442596413e-01,-5.133920184986633800e-03,4.368527052076908168e-01,2.582204015540931485e-01,2.088877263690579467e-01,2.231448324939922789e-01,-5.890074236096686233e-01,-7.112292368091563954e-01,-4.779979549288142504e-01
-1.518321822352788897e-01,3.098318890551285398e-01,-3.988305859942928855e-01,5.244864915914981829e-01,7.824280984522287152e-01,-4.585257097038048513e-01,-2.301101754324641202e-01,8.273808952568447728e-01,5.095705055411992035e-01,-7.087164141038905241e-01,3.022050688199965848e-02,1.000000000000000000e+00,7.028751341016623543e-03,-5.309559478266295818e-01,3.534326591836286502e-01,6.275511425063104998e-01,4.486893336764707918e-01,-2.896950422860312124e-01,6.311187225371924781e-01,-3.321413653569927349e-01,2.161714270614910893e-01,8.760711971178498647e-01,2.372705636751786251e-01,-2.766197023422954371e-01,4.100023819441656614e-01,-7.959270007459883223e-01,-9.477179669359944714e-02,-5.654845737890870083e-01,-6.491774582636956614e-01,-9.640240505389301440e-01,-6.319977582842550845e-01,-7.095203257229896199e-01,-8.272009745238878553e-01,-6.918395566237310890e-01,-7.686894529353276440e-01,-8.796717243129397595e-03,-8.073187812020048426e-01,-1.021994693733818266e-01,-8.363022510289148947e-02,8.847155678675301393e-01,-2.853585211312938963e-01,3.701307598313256508e-01,-6.471818807220990344e-01,3.847890533097781396e-01,9.132025759071624726e-01,3.461947114016765137e-01,8.559264543348314991e-01,1.340645178553403483e-01,7.566326809528769459e-01,6.481001339836836017e-01,7.987301544636854489e-01,1.337431480293760910e-01,-2.899530007251501784e-01,-8.157235509885618630e-01,4.575456863757922932e-01,2.678272213988164285e-01,-8.720359070584811079e-01,-3.674028814074620786e-01,6.809714255204901701e-01,-2.278603981608348095e-01,-9.482914446337108449e-01,1.931075448202682898e-01,5.390098798916135303e-01,-7.763189091011797327e-01,-6.108333805925995064e-01,6.104658105869883444e-01,5.089346521501521281e-02,-9.164181798772482734e-01,-2.587736909239180538e-01,6.259358166306572269e-01,-2.318428446000347920e-01,-3.258568921387843265e-01,-8.330132454457657154e-01,1.665851873945364131e-02,-5.424048024523394629e-01,-5.134616675131991048e-01,-6.910619075015479729e-02,7.274461493651800392e-01,4.309970996593364689e-01,9.627744567950151655e-01,7.203959315099867089e-01,8.875575325634348367e-01,7.670304331488977390e-01,3.816496805354923638e-01,8.685414383775288405e-01,5.555851616689955197e-01,9.479440528380844722e-01,6.270587559016707058e-01,6.178076325315271511e-01,-1.532505371890645167e-02,1.268842065215311510e-01
4.980281542380278759e-01,5.718873007226139560e-01,5.355709004408321094e-01,-2.847513608624632764e-01,3.595097047189352857e-01,8.469278716759024439e-01,-9.953915750051136463e-03,-3.957771418454436030e-01,8.340498942458219878e-01,5.179134868119097401e-01,-5.978176639160681649e-01,7.028751341016623543e-03,1.000000000000000000e+00,1.505994218246996252e-02,-7.676062695069899577e-01,1.729194688770239463e-01,-5.259600450855650422e-01,2.795334013411531759e-01,3.741912449865754664e-01,-5.624118053170513720e-01,-7.704536139874973433e-01,3.348701149035741564e-01,1.595788789607390235e-01,-8.863203093370710661e-01,-3.891020907295599796e-01,-4.185957936903980103e-01,-2.808902063123012161e-01,-5.490649775249518694e-01,-9.631789208127153334e-02,1.014736032279942857e-01,-2.881980530375850558e-01,6.419260799810461160e-01,-1.064501265940205749e-01,6.169746260843534946e-01,1.008813045731364599e-01,7.490316801543800418e-01,2.503751369001011584e-01,2.606114153739549355e-01,9.073044920029644800e-01,-3.259288082790817026e-02,-3.418254069594751920e-02,-6.428190893356930946e-01,-4.856164356588625330e-01,-6.051015454580577213e-01,-9.898142528137927887e-02,-7.542329628908727157e-01,-3.680009420892950134e-01,-9.009816675809725339e-01,-2.553142369278793011e-01,-2.680056747061187322e-02,-1.801639270807051940e-01,8.386215280380359127e-01,5.528738385531460908e-01,5.018004182417504788e-01,8.440384113167614943e-01,-2.078505483911128326e-01,-3.704370048729309639e-01,8.561592021589166102e-01,4.513371876247489478e-01,-5.394888174044291107e-01,1.761972925162892667e-01,9.492789611336382993e-01,-1.932153373939108146e-02,-2.885005095625626792e-01,6.007869653032189561e-01,7.424661468394652131e-01,-2.243017435671599558e-01,-2.569987040076623375e-01,8.816870674368245675e-01,3.736416829562020855e-03,-8.249333519302621820e-01,3.194086779354748939e-02,-3.790480850622576781e-01,-9.303168781914057384e-01,-3.527110044800454425e-01,-5.195607178492406275e-01,-1.518833965426224231e-01,-5.651360551239310581e-01,-3.974789061297709369e-01,1.111336261763076344e-01,-3.203359848015364109e-01,3.681271185910789390e-01,-1.708245976990235004e-01,7.257284522935890658e-01,-1.146516563053767979e-01,4.648521047050760413e-01,-2.373455083652563011e-02,4.302025471808599288e-01,1.867759598394871101e-01,5.560753578484324278e-01,2.317444228194852074e-01
1.894797284319616748e-01,-1.108513345361341329e-01,6.675643886239064351e-01,2.964649652449690143e-01,-7.002292368404156031e-01,2.309088309173340792e-01,8.606298507629532857e-01,-1.502883358805852387e-01,-3.786453612403805069e-01,7.617828972844478130e-01,6.236171134049357523e-01,-5.309559478266295818e-01,1.505994218246996252e-02,1.000000000000000000e+00,1.804790585053008545e-01,2.673310629271604122e-01,3.008215420105938009e-01,8.907255266891623835e-01,1.971833642907162565e-01,7.363221661884571390e-01,-5.762623720065506161e-01,-6.135083505089300449e-01,6.422282167508491790e-01,2.945563178545398397e-01,-8.699397083271995790e-01,1.208328257460209859e-01,-7.315060676842508602e-01,-1.933092131688063930e-01,-2.583429468591549316e-01,5.161509756778266400e-01,-2.500457146422063737e-01,2.963320086147703813e-01,1.519747180933174631e-02,1.527462553918330634e-01,-7.436795891065763053e-02,-4.796615230280391051e-01,4.413372738058076589e-02,-7.111279465349642503e-01,3.375543955725548440e-01,-1.541078059234307629e-01,9.213628600734783403e-01,2.936621376665367600e-01,7.438312171163774522e-01,2.858811891270086059e-01,-2.575788763026948813e-01,2.036032781584392326e-01,-2.753107332855898037e-01,-2.307950644014718777e-01,2.752816782971627364e-04,-5.790856824069816333e-02,-4.823918373036632096e-02,2.251227640546526465e-01,7.782203053521661307e-01,4.903767864420577882e-01,-2.630690986661575193e-01,-9.025645790625811404e-01,2.678183622779881090e-01,4.173192927093805626e-01,-7.890926731909471137e-01,-5.457863784776092464e-01,6.074072249783658561e-01,-5.047372879695232297e-04,-9.660902849532322367e-01,-3.142050175779987492e-02,7.294586567175261882e-01,-4.427422935936880521e-01,-8.254370989059298669e-01,3.386137029907986262e-01,-3.378521393307756110e-02,-9.360609348972388499e-01,-2.660916547191051751e-01,-5.862091327756410175e-01,1.818855592201163163e-01,-2.524622743030537908e-01,-3.249523552056267084e-01,7.727217572522905309e-01,8.289419408327890482e-01,-1.752235499033772403e-01,4.029776877035344818e-01,-4.700340792114130473e-01,7.122663527177017229e-02,-3.278466636851103400e-01,6.692682979740985361e-02,2.631257879736696448e-01,-1.106121146985085263e-01,2.666843024700823461e-01,-3.344420741982448431e-01,1.672129267184081780e-01,-8.468270598380938097e-01,-3.652896165546146157e-01,-4.220680285273695764e-01
-3.577140195643762066e-01,-3.015691199844717785e-01,-2.953293430328334801e-01,7.783329275947594716e-01,-1.893339062407780604e-01,-8.565669965940436725e-01,3.856986444887157695e-01,7.821538084536697744e-01,-5.370347940978668078e-01,-4.447838525396117237e-01,8.497350717309760659e-01,3.534326591836286502e-01,-7.676062695069899577e-01,1.804790585053008545e-01,1.000000000000000000e+00,4.494743152487374327e-01,9.179765402744654024e-01,1.026641273632952489e-01,2.464241442850706731e-01,6.691299199733354852e-01,4.335834276911343932e-01,-3.686582952452160944e-02,4.175752948117255059e-01,7.103131072979274041e-01,8.044825012697090494e-02,-1.349075390818964826e-01,-2.680019932952003026e-01,-5.450770812376900393e-02,-5.207462886077732778e-01,-4.404805432894548511e-01,-3.474368824409285184e-01,-8.353325626988041819e-01,-4.743610474789279885e-01,-8.876967199334143688e-01,-6.569345489518785275e-01,-9.052929224131079922e-01,-7.353084900526899448e-01,-7.079825262376251427e-01,-5.990835992804924848e-01,5.454607248367430161e-01,3.814774054435717265e-01,9.551601410380002877e-01,3.937135480909878527e-01,9.293044894069284467e-01,5.572375941581024783e-01,9.760700029972338987e-01,7.229026913492344608e-01,6.754874236029434487e-01,7.307011093879623997e-01,4.452135473753476291e-01,6.658595365829159674e-01,-4.499675494422611943e-01,-1.932499004038255308e-01,-6.805365451554230560e-01,-5.309357835771506551e-01,-1.812800728717565146e-01,-1.387697484063060149e-01,-7.062427792267452764e-01,-3.676187818143642483e-01,-3.861529168160490744e-02,-4.383955837523316190e-01,-6.426175346040330361e-01,-1.858242347141580708e-01,-3.192680856615699447e-01,-4.799804780812442773e-01,-4.481336004920132843e-01,-2.727139982741146329e-01,-2.219498437643057653e-01,-9.187860887388268338e-01,-1.294854662347702523e-01,3.555311396061479612e-01,-5.985407104156885705e-01,-1.538109519352601762e-01,6.231982754445836159e-01,-2.792021506320757629e-01,5.328747419012950237e-01,5.716050123112251802e-01,8.613793606709795325e-01,8.598281676264613038e-01,2.937786119104257021e-01,8.018644197412944097e-01,1.160850954146249031e-01,7.057932292171789079e-01,-1.738860242193656369e-01,6.252467226920700449e-01,1.612076858015402403e-01,4.742550836313416673e-01,1.784858583725905945e-01,-2.260319487156715046e-01,-6.746434912399827954e-01,-3.536431339852790789e-01
7.008739008187662989e-02,3.351507722163601377e-01,2.398698824904100524e-01,8.187252588486267912e-01,2.973137195114281539e-01,-1.763043408802590639e-01,5.183249141692758410e-01,7.164354187919845796e-01,3.526079586137953470e-01,-3.594277487291894224e-02,4.823063241870603202e-01,6.275511425063104998e-01,1.729194688770239463e-01,2.673310629271604122e-01,4.494743152487374327e-01,1.000000000000000000e+00,6.878704392866336059e-01,4.988992088030247407e-01,9.310113672895893311e-01,1.909219828825885479e-01,-3.795835362588959594e-01,4.878367258647612892e-01,8.498716650328186351e-01,-1.819028417317875845e-01,-3.632214575011425972e-01,-8.422843545609518534e-01,-7.902971615857131704e-01,-8.825075357901176476e-01,-9.659166021658531776e-01,-6.092158088306044439e-01,-9.658417475113229012e-01,-4.404674454531984362e-01,-9.245797654000036392e-01,-5.481867289667786691e-01,-9.091146852902375342e-01,-3.202851527443307256e-01,-8.286818080565963029e-01,-6.979533108319377899e-01,3.331291160083701408e-01,8.511433781095595341e-01,4.811468114058294332e-01,5.769355335915992145e-01,-1.434685859025613408e-01,5.894318578140601561e-01,7.838182298134184212e-01,4.563390296569793669e-01,6.560159917899683890e-01,-1.852813300181847256e-01,8.078311138477363151e-01,6.890018349690003596e-01,8.155044607257293521e-01,4.663019923737911077e-01,4.370829533481516704e-01,-4.077383475025386783e-01,4.034634475147657606e-01,-5.228876348947621988e-01,-7.935264650251926399e-01,7.855457692417475157e-02,1.331955400603362927e-01,-8.129184439553283070e-01,-5.013073044227123187e-01,3.501779254032437727e-01,-2.481750203128271215e-01,-9.326247040518302889e-01,4.172974393230519108e-02,4.015571398372234646e-01,-6.953499452417910565e-01,-7.631742794323823631e-01,-1.875730366711315378e-01,-1.189125305969111202e-01,-6.084427580645026534e-01,-8.684138196908408602e-01,-8.296484602697725697e-01,-3.377670771458176069e-01,-9.423120787812049315e-01,2.435010868224931832e-02,6.244217419989989137e-01,5.794948581852545910e-01,7.754823154369097082e-01,6.805901821115091233e-01,8.225855401125713451e-01,7.551495902681339967e-01,8.884306075156316318e-01,7.607742870384378575e-01,8.577126154174231631e-01,9.209091188243786474e-01,7.650241947909421913e-01,9.120596293672802446e-01,-1.950159168122910999e-02,-2.549408941710474830e-01,-1.885270784755988804e-01
-2.374313355804955339e-01,-1.278181020609331087e-01,-1.012727926384863059e-01,9.061770528550551207e-01,-9.990466573727094235e-02,-7.045588322955053107e-01,5.428539569036601176e-01,8.372898023567434400e-01,-3.172742858810995159e-01,-2.975429670030592666e-01,8.635406177915151416e-01,4.486893336764707918e-01,-5.259600450855650422e-01,3.008215420105938009e-01,9.179765402744654024e-01,6.878704392866336059e-01,1.000000000000000000e+00,3.222364695412337499e-01,5.354005074085685933e-01,6.506062138676690365e-01,1.685305216620034685e-01,9.690661066662271950e-02,6.737690758003094249e-01,5.160602308225523682e-01,-1.263062298249297277e-01,-3.909572153905287450e-01,-5.364732292822177451e-01,-3.606620015448063765e-01,-7.606355972522713671e-01,-5.182549282812870528e-01,-6.234562771536812376e-01,-7.803360009632687166e-01,-6.868489201162324420e-01,-8.674117320881336024e-01,-8.305901126384924726e-01,-8.482679474725465241e-01,-8.545149028050466056e-01,-8.428392449532999819e-01,-3.243380070358986011e-01,7.063153126193812970e-01,5.305425494052087299e-01,9.618712844652664851e-01,3.119140034717295396e-01,9.445143427488549293e-01,6.841395181904474931e-01,9.320197829818134272e-01,7.651725609394320893e-01,4.384123921771245214e-01,8.443860949580495046e-01,5.954822511261154139e-01,8.010560536488652295e-01,-1.691657696745956230e-01,5.661709518213830367e-02,-6.380421631648486303e-01,-2.950948647106280687e-01,-3.889667438815976874e-01,-3.657099247450841806e-01,-4.957693773995128228e-01,-2.989619443206474880e-01,-3.514987465604463845e-01,-4.718945236071929172e-01,-3.787830669070205158e-01,-3.011146698788366161e-01,-5.708337276395472060e-01,-3.020644113514674989e-01,-2.377118565410783757e-01,-5.129464740756353169e-01,-4.109353642412307273e-01,-7.746418633885792104e-01,-2.117245878253954383e-01,4.361772575980738670e-02,-8.078448211149302782e-01,-3.936532568570216273e-01,3.477448448088767408e-01,-5.664147805402854896e-01,4.789201530121617312e-01,7.206952835693016812e-01,8.547982494318242530e-01,9.662767756342564018e-01,4.299475629738331861e-01,9.130861639560511334e-01,3.275414877247844747e-01,8.589866968181559814e-01,1.460513885275174506e-01,7.751136282772075337e-01,4.640093797349004179e-01,6.090355858335035899e-01,4.633450038108734570e-01,-2.513610590028099168e-01,-6.505413309090581908e-01,-3.869029326206231412e-01
