1.000000000000000000e+00,4.464631058972886035e-01,2.640281474896918890e-01,8.088403538935684534e-02,1.133425412922752507e-01,9.776440723018144097e-02,7.012897502282447459e-02,2.366960238140621009e-02,4.451127228090157734e-02,6.788136886582481211e-03,3.114597841453115024e-02,3.960396395768302213e-02,1.349559563994991163e-02,3.071024571516072985e-02,2.977466527133519267e-02,2.161959162038903579e-02,2.356368374202625141e-02,1.258391675863126946e-02,1.187874467760758300e-02,2.452402572085884622e-02,6.194954579349273155e-02,4.723181686397741330e-02,4.691426209311899687e-03,1.578641176127076190e-02,1.361974816073231558e-02,3.259527816110578680e-02,2.408984005119066494e-03,2.869855174959582127e-03,1.258546948863929760e-02,5.710984931889361363e-03,9.532757607087122970e-03,-2.128524256149234330e-03,1.202871817527316652e-02,4.661801261644207828e-02,1.727211068108751692e-03,1.737474778963749023e-02,3.389102875856763591e-02,1.231655507979855999e-02,1.107323637241794390e-02,2.247437737578805023e-02,2.454639584808551711e-02,2.075155943351563240e-02,-1.263620109964680785e-02,1.430659019156134242e-02,3.409927092845164293e-02,8.720917625293330908e-03,-7.455185839935478398e-03,1.500852233429442011e-02,5.835802630695821266e-03,-1.537948741300886046e-02,-9.143141167858769014e-03,7.494014817149055249e-03,1.969806044292616090e-02,-8.700024000608990934e-03,-4.969476953283940429e-02,-2.007160696408482464e-02,1.780678763409399359e-02,-2.037769498479241603e-02,3.665227020664395263e-02,2.606285559679032485e-02,3.058365502694005908e-02,-9.150981970309687505e-03,-1.758830819359024147e-02,-5.371283806488166314e-03,-7.771404282231936592e-03,2.232954989795328526e-02,-4.122290867409776627e-03,-9.830662244057404922e-03,-4.575461433189278136e-03,2.964117037275717289e-03,3.026166744266882338e-03
4.464631058972886035e-01,1.000000000000000000e+00,2.598807348004176232e-01,1.688078084566821679e-01,2.049133298296782202e-01,1.660636075918348331e-01,1.016045198402406730e-01,4.351819019384468162e-02,6.785827597683788404e-02,2.514020175342447302e-02,5.647997647443974562e-02,3.886301818433762767e-02,1.880454515756380465e-02,3.133874943206508418e-02,2.583361325468148950e-02,2.303456684996531278e-02,1.211479879460155076e-02,1.863614671260228894e-02,-2.672265936943611295e-03,-3.347416132154104260e-03,3.912233668378446022e-02,3.609302019921278859e-02,-7.103458510250700193e-03,1.469697294086812038e-02,1.361964669679250435e-03,3.040331743441948217e-02,1.360313383169283342e-03,1.642401911482694113e-02,2.770210266762466317e-02,2.098208609270800842e-02,1.506160447263146969e-02,-6.299114670268932126e-03,2.287255429221655284e-02,4.955779897537235246e-02,3.957534313343304827e-03,4.401181953552341791e-03,2.277700053728158938e-02,2.126772392439263068e-02,1.846526687394756117e-02,1.807201648483531403e-02,2.771622509559855743e-02,3.032319912823717122e-03,-2.816568305441178102e-02,1.293388887204941461e-02,3.621206564440750120e-02,-7.800172372848360007e-03,-1.510689742728795436e-02,4.312499174963271842e-02,2.651604603729780171e-02,-2.974757340627230337e-02,-2.597841768604399609e-02,1.456715560845156347e-02,1.050518962294507211e-02,-2.626013461039058625e-02,-5.013561051689268550e-02,-2.147821363560026633e-02,2.528577118607429168e-03,-1.922231870062151779e-02,2.428963225386385899e-02,2.713399837280003335e-02,3.925801211502605997e-02,-1.011270917612009691e-02,-1.559080801671549298e-02,-1.399488032613057861e-02,-2.221255806775272387e-02,9.565280370578565020e-03,-1.022043537027410645e-02,-2.171904070858308652e-02,-2.635134732777274710e-02,-1.291899330525599771e-02,-3.765386752194171006e-03
2.640281474896918890e-01,2.598807348004176232e-01,1.000000000000000000e+00,2.765162242856116226e-01,1.899882828932948353e-01,2.103874666783662195e-01,2.076417511168800190e-01,2.754801370107319222e-02,8.945559685311094134e-02,1.778532262744570228e-02,5.115298719972215941e-02,3.454219079746326249e-02,2.255596359025809766e-02,3.709279294156642148e-02,4.170460284544939833e-02,3.365527702891718542e-02,3.194228467360656076e-02,2.471009170945576497e-02,3.310129530252607644e-02,1.863449784771217463e-02,5.926255622600579837e-02,4.551724124514047037e-02,2.310935687691349424e-02,4.548992156452639352e-02,6.062344879178134700e-03,4.257772916999556789e-02,7.346346051139678555e-03,2.053844127380308540e-03,4.334211931202449491e-02,3.536559978583915520e-02,7.279913685463070688e-04,-3.080537297483060613e-02,9.988132695518312475e-04,1.457030635720430595e-02,-2.508871462787201287e-02,2.167385175403896413e-02,4.383128273600103014e-02,3.358848234571300967e-02,9.223567468866798041e-03,1.605388244852564567e-02,4.719748631199949945e-02,9.478240563915864281e-03,-3.507575324866996774e-02,2.391715129107457871e-02,2.798480660158467193e-02,6.479492971208291631e-03,2.153666971271720951e-02,1.815105359020529122e-02,-2.506708918512037115e-03,6.380675396914965020e-03,1.117169653892662561e-02,-9.351930575742118529e-03,5.248988569606019040e-03,2.486379337110895468e-02,-2.571360127590558570e-02,-2.459500532234238160e-02,1.785726776208981792e-02,-3.154091054372405029e-02,1.559461016605382007e-02,-4.352372116127909557e-03,2.388376862423380667e-02,-1.868212568996668529e-02,-3.453614022528694177e-02,-1.790297156684657331e-02,-2.220429169268071587e-02,8.956612820713555356e-03,3.035288300345375008e-03,-1.331510169994345148e-02,-3.918446638472564830e-02,-1.907417593897542743e-02,1.466651310667415047e-04
8.088403538935684534e-02,1.688078084566821679e-01,2.765162242856116226e-01,1.000000000000000000e+00,3.053385003946881282e-01,1.920664103127798505e-01,1.953616306933338154e-01,1.058834999436580326e-01,8.997640338224846546e-02,7.993398714608072886e-02,5.630116436359308696e-02,4.443382285490812128e-02,3.257511483733518953e-02,-3.943720124849454077e-03,2.771422578339839335e-02,2.959329180846443849e-02,1.803507696118875764e-02,2.085926728611911356e-03,3.189866220921103862e-02,4.280205851291505638e-03,4.033433259109962116e-02,5.494209799350858320e-02,1.061164466052767590e-02,1.434883304369881027e-02,-9.727491884851710135e-04,3.089552241801823279e-02,-2.318170040402632668e-03,1.098781257767250143e-02,4.398595990903245850e-02,3.334696091102165583e-02,1.341246445983463112e-02,-1.894965485543851497e-02,-5.188740973801572211e-03,2.818568679950951041e-03,-2.944503445945697781e-02,-1.481121021070851314e-02,1.186380616515977926e-02,-2.580139213019813985e-03,1.072687673186930452e-02,6.591858279800710298e-03,2.557798178414036339e-02,1.966237034170454506e-02,-9.517606419477903437e-03,2.286676912286350269e-02,2.705031139290989955e-02,6.012606501055368403e-03,1.158466902082812451e-02,1.534364664360012009e-02,-1.538170289240768478e-02,1.108916554076001815e-03,-2.665673790875436235e-03,-3.639576017639790505e-03,-4.502593202508741593e-03,1.758278729143967350e-02,-8.743902053758793869e-03,-3.170499292713654244e-02,-1.852882207293824260e-02,-2.788802328346387180e-02,-1.524056210191606850e-02,-2.501470778322143623e-02,1.278322808285103050e-02,-2.693325722545099679e-02,-2.558066989352358184e-02,-1.140530131344568050e-02,-8.178816133670750027e-03,1.057064868379726727e-02,-7.783528495778557592e-03,-2.205377191096765874e-02,-4.400655969997432221e-02,-1.786285961019457025e-02,-1.774244454947293938e-03
1.133425412922752507e-01,2.049133298296782202e-01,1.899882828932948353e-01,3.053385003946881282e-01,1.000000000000000000e+00,3.400321838840232314e-01,2.683292777712206201e-01,1.668147544542502303e-01,8.692243359731380292e-02,6.184269211672642486e-02,7.365774956211473823e-02,3.690395619482119555e-02,2.054094677454510257e-02,1.267489056669373303e-02,2.530735302794063710e-02,4.299171726982755487e-02,7.373947665400049784e-03,-1.013771762737749986e-02,1.304359671856530206e-02,2.446838830965103115e-02,6.426025970270764220e-02,7.651329758358495214e-02,-1.565874066652618406e-03,9.105685191220892066e-03,2.697552653423312269e-02,1.449089476183658236e-02,2.360567992993927930e-02,6.768784440741209066e-03,7.133223710298451301e-03,2.099822901385917789e-02,8.220852719544141998e-03,-3.128481627533876656e-03,-1.101467380991814037e-02,4.488721261120141165e-02,-1.779942478797585242e-02,1.925137423450952456e-02,3.232451020477357384e-02,3.563694251680282754e-02,2.481380174433326855e-02,2.413097559274491460e-02,3.359529477016984234e-02,1.131402892843171547e-02,-9.995978642251218335e-03,5.937493621440579489e-02,3.076738986494615899e-02,-3.846053629977658900e-02,9.145744332821368477e-03,5.559586669025776834e-02,-1.492502875663605927e-02,-3.631851863110009682e-02,8.414144073569392035e-03,1.673155807813829499e-02,-2.967791874901339055e-02,-1.071679519825147545e-02,2.113728125073771613e-02,-6.401975253160996360e-03,-4.606933990396813033e-02,-3.266142425466637966e-02,-7.844672799371755004e-03,-1.354732518421402666e-02,5.451338728713967657e-03,-1.605895982068768907e-02,-7.902813154573471929e-03,-1.442087220655032150e-02,-8.999108501633826945e-03,1.677934579226593448e-02,-8.109371286254366332e-03,-1.715279832919450881e-02,7.644519978785404950e-03,-3.204596447886411646e-03,-2.639536014137304140e-02
9.776440723018144097e-02,1.660636075918348331e-01,2.103874666783662195e-01,1.920664103127798505e-01,3.400321838840232314e-01,1.000000000000000000e+00,3.629513035786153807e-01,1.596317272348127259e-01,1.272246315764547775e-01,8.578809686298634329e-02,1.305092946282041533e-01,6.906542582356547944e-02,3.776640831195496317e-02,2.988192062670333091e-02,2.896831653728023509e-02,7.503691642319595956e-02,3.119809140610813394e-02,1.491640680414143237e-02,5.859771878680081550e-03,1.619014435464511022e-03,5.136087046313320137e-02,5.726448065465289394e-02,1.344262765833931922e-02,3.021922880716460327e-02,3.421961299031541642e-02,2.344673723171188454e-02,4.244917931187475180e-02,4.439511892012457106e-02,3.033838277186373666e-02,6.221923625004600195e-02,4.877167615524592020e-02,3.281134932225506645e-02,2.733240498194062368e-02,2.958325519432728617e-02,2.175386868346423919e-02,1.977873704800818186e-02,1.149826854331148854e-02,5.678939309827706755e-02,8.817958815388056426e-02,8.292140780161509975e-03,6.979514748000519020e-02,3.870715095071249057e-02,-1.199353762710346320e-02,5.200315968200541067e-02,5.971228311204429540e-02,2.135445271910131268e-03,1.922548676159611253e-02,4.251804613755182788e-02,-9.480040120327034052e-04,-1.802361925579430355e-02,1.426900273630386969e-02,2.291210789712559356e-02,-4.032511537838601862e-02,-7.144217467354429911e-03,2.932475487249092128e-02,-6.011964793017655732e-03,-8.516387848690396001e-03,-4.309047751268133691e-02,-1.887537421188124551e-02,6.813128910499890653e-03,2.740811827521778127e-02,-3.037422400127595332e-02,-2.552320688172530702e-02,-1.269320263866625075e-02,-2.367475175764795908e-03,1.333962473041930274e-02,-1.716464619074049847e-02,-2.883114350687046579e-02,-1.285763157706155610e-02,-2.020214833535497259e-02,-2.617260231002309367e-02
7.012897502282447459e-02,1.016045198402406730e-01,2.076417511168800190e-01,1.953616306933338154e-01,2.683292777712206201e-01,3.629513035786153807e-01,1.000000000000000000e+00,2.175103394399368062e-01,2.558068437897113578e-01,1.213276074832640578e-01,1.881064983962180970e-01,1.099134534916719613e-01,9.345021741502738954e-02,5.686949675381106767e-02,6.160223012912026397e-02,5.804576108434809228e-02,5.501598502884837150e-02,-1.789070675502178742e-02,2.418517890035744300e-02,-1.960677634536849793e-03,5.712024923751279903e-02,7.375619652179084274e-02,-2.665963453131664149e-02,3.613044130331076464e-02,2.990918415658298107e-02,4.582786190090656214e-02,2.244922206615721644e-02,4.821174203842021333e-02,6.691201228203907947e-02,7.321813371442821572e-02,6.084976388601122388e-02,1.334292651089495282e-02,-4.664988652811329420e-03,-3.420639463059693295e-04,-4.298053979219138530e-03,1.420243987190588850e-02,1.261166308990224923e-02,5.383872179996260915e-02,4.040108689868793235e-02,5.047500792756077700e-03,6.384261940801769231e-02,5.267905332025638043e-02,-1.268614502274128045e-02,2.257450422817437394e-02,6.788737238779819771e-02,3.498228145991350707e-02,2.722730376488011802e-03,-9.397630506196787310e-04,2.930270496341996767e-02,3.470849482532452606e-03,-1.806437040017895568e-02,-3.244170549665193132e-04,-2.401984184826252977e-02,-2.055298572139478697e-02,7.647204526279247939e-03,8.045701654264152125e-03,-3.486212316734334325e-03,1.406877057885531608e-03,-9.826784696078711030e-04,-1.230401390571674025e-02,2.064347971016971400e-02,7.656376732198513085e-03,8.864724174390090083e-03,-5.761253053666821888e-03,-3.912097665732012391e-04,1.498486940165767549e-02,-3.751709384773811978e-03,-7.914817575339943212e-04,-2.106931732134792110e-02,-4.822049565916794456e-03,-1.860201747604426411e-03
2.366960238140621009e-02,4.351819019384468162e-02,2.754801370107319222e-02,1.058834999436580326e-01,1.668147544542502303e-01,1.596317272348127259e-01,2.175103394399368062e-01,1.000000000000000000e+00,3.178067495962174083e-01,3.964113494917881897e-01,2.598768909457824794e-01,1.871222884103150019e-01,1.007719021800984605e-01,7.849491155305438062e-02,8.515449377668339592e-02,5.470634893738003657e-02,5.932024838645079748e-03,-2.485374386669695485e-02,1.232209009562180296e-02,2.845238541103510023e-03,5.317454034975900752e-03,4.031189985409570908e-02,-2.786449707333253645e-02,-4.887066948440196899e-05,3.893157259831917655e-02,-4.794494529159964817e-03,3.701309732057200125e-02,5.968136894715948826e-02,2.916849922660063113e-02,1.871840443201076495e-02,1.114127573848167595e-02,-2.476347264433099646e-02,-1.151938677174040937e-03,3.330091357683830338e-03,-1.477802185986311920e-03,-3.097549401895337631e-02,-1.240750416810446934e-02,1.166360327194165478e-02,-1.765214077544725521e-02,-5.860589326142043309e-03,1.854802715759143808e-02,4.144339830776137823e-02,3.185544205609779859e-03,1.926853668868700256e-02,3.239763395837071819e-02,1.732006839382032107e-02,2.042634275043565383e-03,1.759642733664790529e-02,2.433362736472695007e-02,2.389462111408379580e-02,-6.191437655439147557e-03,2.455775789278943216e-02,2.505706001431092650e-02,-1.408150845222188099e-02,-1.625816865987030416e-02,-1.201709769992756818e-02,-3.427572179450023241e-03,-2.123507741576870222e-02,-1.861752822664035703e-02,-3.020263681753379559e-02,1.497052698987918692e-02,-1.387020895807450534e-02,2.491089368114130474e-03,-5.499301079347897886e-02,-4.403431199484594827e-02,-4.348491007481733450e-03,-2.746881948028755127e-02,-5.381158653702342032e-02,4.183361189163945816e-03,4.037557747505571650e-04,-2.181134589239414057e-02
4.451127228090157734e-02,6.785827597683788404e-02,8.945559685311094134e-02,8.997640338224846546e-02,8.692243359731380292e-02,1.272246315764547775e-01,2.558068437897113578e-01,3.178067495962174083e-01,1.000000000000000000e+00,3.712303134369595026e-01,4.793981941173835470e-01,2.134311405924469718e-01,1.176457730531950546e-01,1.126406641958495880e-01,1.229438992263440916e-01,9.866713703288340631e-02,7.937919189093997629e-02,8.821109923627477173e-03,4.307196726534055775e-02,4.058581164316815704e-02,4.442072983292037758e-02,9.000811166489407211e-02,-1.938760291738832534e-02,3.547073581107370449e-02,5.370762151282105351e-02,4.288998178816171708e-02,2.196642081777037611e-02,5.336143872743239619e-02,5.418767614376062552e-02,4.941363837958419325e-02,3.655167660096272225e-02,-1.002740452835326583e-02,-2.374830620801593808e-02,-1.658435049433920963e-02,-1.954966814959398919e-02,-1.164864634011664873e-02,-3.246972121474445139e-02,2.357992121176069253e-02,3.400187020862602272e-02,-3.872076951443812962e-03,2.980558155990302091e-02,3.450092261912774544e-02,5.225032957795812394e-02,5.102115910703560603e-02,-6.598393066607361260e-03,2.257059032740705087e-02,6.849442716427876776e-02,1.184587111932890353e-02,-2.767010198614268737e-02,2.405521294231355300e-02,2.971613530431270814e-02,-2.482437443603075812e-03,-1.393082631866418737e-02,-1.303404592523636947e-02,-3.958054893697970575e-03,-6.564708202877298990e-03,1.568471348477295732e-02,-1.033227453118471667e-02,-8.630522947952787294e-03,-1.300988219526699914e-02,1.512095144534049938e-02,-2.903524581339662208e-02,-1.222612529047775731e-02,-1.930586438400691551e-02,-2.978069756452067160e-02,-2.358688164210739902e-02,5.641685950999637128e-03,-3.170699773317058739e-02,-3.504181802150432151e-02,-3.257731830489025981e-02,-1.383151180959338832e-02
6.788136886582481211e-03,2.514020175342447302e-02,1.778532262744570228e-02,7.993398714608072886e-02,6.184269211672642486e-02,8.578809686298634329e-02,1.213276074832640578e-01,3.964113494917881897e-01,3.712303134369595026e-01,1.000000000000000000e+00,4.062155506808412531e-01,3.471884290413285723e-01,1.509262840410042494e-01,1.337058486969303628e-01,1.207455630307438799e-01,7.169899426514828034e-02,7.693938085396345716e-02,1.984606964272272317e-02,3.966108091731527195e-03,-1.279103650801731093e-02,-1.591935028844440950e-02,1.517035124980981378e-02,-6.584232381657208200e-02,4.555947403659914990e-02,3.031565327107672500e-02,2.731060567378163287e-02,3.024680414436987583e-02,6.997340866338169763e-02,9.779877691185311084e-02,4.981944738599008993e-02,1.638390996565438490e-02,-1.915399595233904448e-02,-2.450610071727052364e-02,1.579565149917286013e-02,-2.860887675869762392e-02,-4.338060957699236414e-02,2.301147621421823636e-03,3.155641331837162611e-02,-9.027047153805960872e-03,-1.502815968600386236e-02,-4.197173196425142000e-03,2.445014716984572622e-02,4.815179002645195161e-02,7.989655730314420071e-03,-3.851822037857386555e-02,1.812118557657918863e-02,5.458437057439510104e-02,-3.036051530948165669e-02,-2.283303487106063540e-02,4.880682504143334099e-02,1.382920685190114005e-02,-1.556442360052180326e-02,7.529951964449311218e-03,2.628552004925704608e-02,-4.134135581688097583e-03,-1.653634920863810906e-02,1.260162147940294824e-02,-9.737774134601662537e-03,-2.660469764787980890e-02,-3.443480598513863622e-02,-6.342590076344859634e-03,-4.222779790941420808e-02,-1.032469345772099416e-02,-1.510707457987839342e-02,-1.870437606069804207e-02,-6.199077991102659030e-03,-8.768815388846372752e-03,-2.033582703279954162e-02,1.893706349276601253e-02,1.123844237391731157e-02,-6.434950035867202265e-04
3.114597841453115024e-02,5.647997647443974562e-02,5.115298719972215941e-02,5.630116436359308696e-02,7.365774956211473823e-02,1.305092946282041533e-01,1.881064983962180970e-01,2.598768909457824794e-01,4.793981941173835470e-01,4.062155506808412531e-01,1.000000000000000000e+00,2.431017268757671157e-01,1.580802910820806040e-01,1.660795569100206315e-01,1.656780045259504119e-01,1.727550370648261724e-01,1.178954446687064811e-01,5.159030574500186568e-04,7.035968236410410082e-02,4.199710982095859746e-02,5.867697333367816181e-02,9.954595990485158585e-02,-1.765116526375058075e-03,3.312138514723490107e-02,5.439321932816580663e-02,5.110155685273540943e-02,2.908697611265803964e-02,8.026360672655119544e-02,6.686323290710737000e-02,6.854381116368199467e-02,4.265239416835201608e-02,-5.117104642015712435e-04,-2.352600253978518255e-02,1.967649054352236821e-03,2.927766860646841603e-03,-6.224858326176015665e-03,-8.610185882350034417e-03,3.982473922815311929e-02,3.067302172764235085e-02,-2.327189466400614651e-02,1.502245271722965451e-02,4.074267017265573859e-02,5.376012238308006813e-02,2.822802541165264287e-02,-2.057536796509346760e-02,3.768035627343306604e-02,7.166286402090775443e-02,-1.275737666142438310e-02,-2.574645369094666261e-03,6.240098471717932943e-02,3.631513365920398945e-02,-1.766065510745450096e-02,-1.230533619180971920e-02,5.028944124353033895e-02,3.221797573211264420e-02,-2.099010397802964292e-02,2.294992142194178866e-02,-3.461731501875203731e-02,-1.492679627712347259e-02,-3.777444140872267958e-02,3.566941235236822764e-03,-4.038294154874276509e-02,-1.163474177094034681e-02,-3.268486293997630021e-02,-4.097202592932896320e-02,-3.665724527664621091e-02,-4.896818940985029484e-02,-4.500186755798184918e-02,-1.383071387443598164e-02,-2.058202016389159075e-02,-6.241495643872716111e-03
3.960396395768302213e-02,3.886301818433762767e-02,3.454219079746326249e-02,4.443382285490812128e-02,3.690395619482119555e-02,6.906542582356547944e-02,1.099134534916719613e-01,1.871222884103150019e-01,2.134311405924469718e-01,3.471884290413285723e-01,2.431017268757671157e-01,1.000000000000000000e+00,3.729428279271815860e-01,1.983403063278226797e-01,9.905427794758508986e-02,7.427118418135308410e-03,7.577174447568682525e-02,-3.169723459408633343e-02,-7.352324734548629226e-02,-5.768911986473086034e-02,-5.223870620708143120e-02,-3.499705798419691996e-03,-7.967727130924431855e-02,-5.864851514054285168e-03,9.391599197441664187e-03,-3.302938855923480410e-02,3.292858562381073551e-02,5.322162189503699264e-02,2.840409283803674648e-02,2.728670447758162199e-02,-1.143189665075804162e-02,6.542982618665928521e-03,-4.171926430988272261e-02,-1.550155328715522793e-02,-1.604274056686531141e-02,-2.072705226562109038e-02,-1.811139992951229030e-02,2.236740146756022174e-02,-2.528749512119109547e-02,-3.885948510674559070e-02,-2.117060732672684450e-02,2.257066825546455435e-02,1.211244113693109650e-02,-3.641415155176835894e-02,-1.961389607115005679e-02,3.843261353125072138e-02,1.486975496238085101e-02,-6.563117303788082446e-02,-4.909219379161479380e-03,4.565477610867901131e-02,-3.335345820812980061e-02,-8.267546887427803734e-03,1.693987819123522059e-02,-1.682473006010605857e-02,-5.325058977674238664e-02,-2.988292478976225033e-02,5.284592136922620226e-03,1.941826558474927730e-02,2.818521218461929670e-02,-1.796681333216853475e-03,-3.776651806018686483e-03,1.946057892272651593e-02,3.597389814902625382e-02,1.410655600484924527e-02,6.976067700197059046e-03,-3.808802508727399203e-03,1.825538616501273456e-02,-2.337230383940495579e-02,-5.451661349635946591e-02,-5.274267394859344024e-04,-8.261247860722558539e-03
1.349559563994991163e-02,1.880454515756380465e-02,2.255596359025809766e-02,3.257511483733518953e-02,2.054094677454510257e-02,3.776640831195496317e-02,9.345021741502738954e-02,1.007719021800984605e-01,1.176457730531950546e-01,1.509262840410042494e-01,1.580802910820806040e-01,3.729428279271815860e-01,1.000000000000000000e+00,2.718382623504129736e-01,1.512127171012565274e-01,-3.230212742373250040e-02,1.326682003801953613e-01,-4.000429331827037860e-02,-6.179623396037578487e-02,-5.737672074294993679e-02,-3.895544073305466648e-02,-1.620975798678995355e-02,-4.628286769930566036e-02,-7.356120354704488717e-03,-1.416544788448811237e-02,-5.489256617620053708e-02,1.395593604372302732e-02,2.709690268189658691e-02,7.064007922788601013e-02,5.778404127987816358e-02,1.331372930552576772e-02,4.367391089735042642e-02,-1.095635824202044993e-02,-2.712237164394406749e-02,4.849513047434877815e-03,-2.681928050529168786e-02,-1.799440094508919508e-02,-1.160373633000047304e-02,-4.756484945374594639e-03,-7.964839681513131986e-03,-1.483328474400642111e-02,1.330459818990306631e-02,1.618897032421955443e-02,-2.385157306314939288e-02,-1.865604882529233247e-02,4.251405078549095468e-02,3.264516048333646753e-02,-5.973569052742590257e-02,-2.912326404058953200e-03,4.700890154544430655e-02,-2.358671286274831996e-02,-2.044317911447753738e-02,3.129161844844392804e-02,3.084597844990265379e-03,-1.647048507979266552e-02,-2.027680796288560197e-02,7.206827208080275951e-03,5.689135790199543498e-03,1.879248087736065317e-02,-1.611860584103835077e-03,-1.960083892627242572e-02,-5.886904007688861795e-03,2.851508836940896269e-02,2.838906015896260071e-02,2.723602965199149045e-02,1.310457013018102336e-02,2.328165980789650633e-02,-6.712122160374606010e-03,-7.001500179301592408e-02,-2.668221230813292572e-02,1.169718269137620149e-02
3.071024571516072985e-02,3.133874943206508418e-02,3.709279294156642148e-02,-3.943720124849454077e-03,1.267489056669373303e-02,2.988192062670333091e-02,5.686949675381106767e-02,7.849491155305438062e-02,1.126406641958495880e-01,1.337058486969303628e-01,1.660795569100206315e-01,1.983403063278226797e-01,2.718382623504129736e-01,1.000000000000000000e+00,4.808049617370536710e-01,3.363903475342805982e-01,3.173548717960991694e-01,-4.014708232572455904e-02,1.789591112078465010e-02,6.510508286234167885e-02,5.301195538969693394e-02,1.781618053545323821e-02,-2.650822550960872312e-02,9.557895428026062790e-03,1.769816031597999662e-02,2.558516473465414359e-02,1.720217788373221493e-02,4.360300182528072804e-02,8.930380909377871879e-02,1.035018198738056963e-02,-1.067223872878102654e-03,1.599308844474275253e-03,-2.051283745657385763e-02,-5.140013117105423496e-02,-2.238272288509567109e-02,4.347428412579650708e-02,3.536348229658249631e-02,2.990738306139395855e-02,-1.793120831223941067e-03,-1.010087466270970409e-02,-4.396514820381195073e-03,-1.284411365496785154e-02,7.676287362421790883e-02,2.021432860378368640e-02,-3.727630053531210547e-02,1.713617072034992125e-02,7.093762770779729609e-02,-2.036513604637973929e-02,-4.882144717318675359e-02,5.510928964967900384e-02,6.378464336988713679e-02,-1.951945083834746852e-02,-1.662525198765548926e-02,2.871824130846670903e-02,2.115636824273091354e-02,-1.783260791263190786e-02,2.134369985037648174e-02,-1.415542437990429834e-03,1.467520112102882468e-02,1.106933637948240463e-02,5.630430384214356147e-03,1.825185412514144720e-02,2.479448364930655208e-02,1.359872063064839799e-02,1.155418080210534985e-02,1.539903270008770308e-02,1.347556332590443308e-02,-9.354974906159743003e-03,-5.147677699393076595e-02,-3.804553939014482938e-02,1.737418255687236263e-02
2.977466527133519267e-02,2.583361325468148950e-02,4.170460284544939833e-02,2.771422578339839335e-02,2.530735302794063710e-02,2.896831653728023509e-02,6.160223012912026397e-02,8.515449377668339592e-02,1.229438992263440916e-01,1.207455630307438799e-01,1.656780045259504119e-01,9.905427794758508986e-02,1.512127171012565274e-01,4.808049617370536710e-01,1.000000000000000000e+00,3.903108589923788285e-01,1.107928446192035649e-01,-6.576682958820347091e-02,-2.862433107799495623e-03,8.417934135577438692e-02,7.027604960538921808e-02,1.096192345345963284e-02,-8.879530643387137032e-03,4.973259020511089368e-02,4.069515372700030498e-02,3.662952706466867520e-02,5.416699321525970251e-02,4.343536485640372286e-02,3.667855964710681899e-02,-3.304178895747680172e-02,-2.926991694928972321e-02,-4.605218469417571986e-02,-5.165655631100146694e-02,-5.824898101996026784e-02,-5.340971170882929248e-02,-1.207185104867740562e-02,-1.216255896551680406e-02,-5.106093118969026387e-03,-3.292064264404766932e-02,-4.774212300696783345e-03,-5.730159008977308774e-03,-1.353914242721903152e-02,6.534239981852792145e-02,1.083155571552515267e-02,-4.644656570107290328e-02,2.417525648801335109e-02,7.104393128863945028e-02,-3.861280863355012055e-02,-4.928186610701358605e-02,8.310183278338678647e-02,4.016473340685607074e-02,-6.911230161466666577e-02,-1.533933447245011857e-02,5.460499447749715685e-02,9.390395358783873436e-03,-1.310945812568813443e-02,1.282476830056801347e-02,-2.434362082436952041e-02,1.101549116024770278e-02,-1.018868518432547270e-02,-3.089251364768435051e-02,-4.435352889878099204e-03,1.858433580181559699e-02,-1.314980842305496153e-02,-1.947863432584154243e-03,-3.833731414544992461e-03,-3.702178246445769066e-02,-4.383465600559736247e-02,-3.319952299413805180e-02,-3.806816156113506516e-02,1.398707917265489681e-02
2.161959162038903579e-02,2.303456684996531278e-02,3.365527702891718542e-02,2.959329180846443849e-02,4.299171726982755487e-02,7.503691642319595956e-02,5.804576108434809228e-02,5.470634893738003657e-02,9.866713703288340631e-02,7.169899426514828034e-02,1.727550370648261724e-01,7.427118418135308410e-03,-3.230212742373250040e-02,3.363903475342805982e-01,3.903108589923788285e-01,1.000000000000000000e+00,1.604622949454031777e-01,1.931189594000226259e-02,1.791267016013812219e-01,1.579264375399442588e-01,1.659268391416751365e-01,3.335311106413536147e-02,7.472619700698508727e-02,1.402981130386888320e-01,1.544382376037393145e-01,1.133746007237422526e-01,1.054612928034499852e-01,1.018104992612798715e-01,9.622519499043105662e-02,4.183159536692931946e-02,3.901082789176565924e-02,4.500969283347103006e-04,-1.134361714862476035e-02,1.639188258340570220e-02,-3.636031334191851261e-02,9.142604548761335340e-03,3.556091847043892085e-02,3.620499096580041126e-02,-1.941778740157186836e-02,-1.383756492560188171e-02,2.306683524361765117e-02,-8.764010889423346634e-03,3.613602273537937920e-02,4.453730471154278281e-02,-4.218202976785047353e-02,-3.168695460137795072e-03,5.194330653866926356e-02,-1.135833705054248863e-03,-1.410601960896245254e-02,2.120386947207217668e-02,4.662913532824720930e-02,-2.563778675062409335e-02,-3.639141208385361648e-02,7.995528077505585640e-02,1.450179060337468580e-02,-4.476501281434976803e-02,2.351588436079930095e-02,-2.976798992673440961e-02,1.994104556334106923e-02,-2.477272394536214010e-03,-8.198168386922168385e-03,-7.442369612921625240e-04,-4.656257654200504983e-03,-3.120501856057407430e-02,-4.890913221440999076e-02,-2.615387148737091313e-02,-2.722290823233787516e-02,2.329142048166565546e-03,1.901184165549320640e-02,-1.612638852884347093e-02,2.543190800690773787e-02
2.356368374202625141e-02,1.211479879460155076e-02,3.194228467360656076e-02,1.803507696118875764e-02,7.373947665400049784e-03,3.119809140610813394e-02,5.501598502884837150e-02,5.932024838645079748e-03,7.937919189093997629e-02,7.693938085396345716e-02,1.178954446687064811e-01,7.577174447568682525e-02,1.326682003801953613e-01,3.173548717960991694e-01,1.107928446192035649e-01,1.604622949454031777e-01,1.000000000000000000e+00,2.093120034748068847e-01,1.075160255707045542e-01,1.235116461571636876e-01,1.324826827381456462e-01,1.131421133750568769e-01,2.641333264691524477e-02,5.466918960328603916e-02,7.719382700267218844e-02,9.848600477321356461e-02,5.256834117624965136e-02,7.122622268427415172e-03,6.897403591341579043e-02,8.062326326370268526e-02,6.142291984007825639e-02,4.555801209386298178e-02,3.522848777116675822e-02,1.532711988404540822e-02,4.663085228679212518e-02,-1.462300373814441438e-02,-1.949162889837218393e-03,9.984423275901516126e-03,-1.575605956074927622e-02,-1.783378801450785298e-02,5.395821534610810780e-03,1.698750147377463965e-02,2.519020841946021869e-02,-1.522347643467019708e-02,-1.478850208395514516e-02,2.387985194472345626e-02,-1.038438795430318435e-03,-4.598868203702866780e-02,-2.285587621010529494e-02,1.894733334680195197e-02,5.881312974244753099e-03,-2.772568615518369167e-02,-1.836800143238175378e-02,6.314416127706194357e-03,-2.328293277394128183e-02,-2.783864586326170038e-02,2.227989140905102874e-02,-3.817560384416759933e-02,2.547322866305114578e-02,-8.140834018085039980e-03,-2.728086464924617694e-03,1.220125059326650739e-02,-1.939205867326708119e-02,-1.641343044300300549e-02,-2.607328833299967646e-02,3.606330280663293947e-02,2.017747099081705631e-02,5.201168020157597577e-02,-3.243060502685544532e-03,-1.117273946858523236e-02,1.746944612153759555e-02
1.258391675863126946e-02,1.863614671260228894e-02,2.471009170945576497e-02,2.085926728611911356e-03,-1.013771762737749986e-02,1.491640680414143237e-02,-1.789070675502178742e-02,-2.485374386669695485e-02,8.821109923627477173e-03,1.984606964272272317e-02,5.159030574500186568e-04,-3.169723459408633343e-02,-4.000429331827037860e-02,-4.014708232572455904e-02,-6.576682958820347091e-02,1.931189594000226259e-02,2.093120034748068847e-01,1.000000000000000000e+00,2.084468523950291086e-01,-9.502489839576620800e-02,1.301146733815731760e-01,-9.194517168248325656e-02,2.836297744704075266e-02,1.339373822327148411e-01,9.280059546098684553e-02,7.692053664266843005e-02,7.681027308781321339e-02,1.685781784659242874e-02,4.805640546388746659e-02,9.579472980337354338e-02,4.221342893093085052e-02,5.579997561344618440e-02,3.604146047811188081e-02,2.450325752224104259e-02,3.634419468634712130e-02,-9.442861627684529663e-03,-9.653801021023335899e-03,3.826133364102547035e-02,-4.441827424422323256e-02,-3.747535477363107131e-02,-2.693352954018343737e-02,2.618555817048818721e-02,-1.951128297041511764e-02,-6.768039331821625038e-02,-3.236435168932436102e-02,1.211565868434350164e-02,-4.025565285325750919e-02,-5.493295527213357815e-02,-2.802427808971457573e-02,-2.030576476205472533e-02,-2.976610636963784168e-02,-5.988928871289838501e-02,-4.637803796492926539e-02,-1.170809140199574952e-02,-5.616920748913981770e-02,-7.846429132512794391e-02,-2.627844308256379116e-02,-3.639621227076868248e-02,1.837273888396846744e-02,-3.164874448169123500e-02,-1.228511428115080205e-02,-1.894660918889730372e-02,8.107808536954140208e-03,1.551599701220470091e-02,-4.135709027580080147e-03,-1.740111852061701839e-02,2.931010877537031448e-02,5.117368514148375180e-02,-2.012752458204512124e-03,9.722274276894793052e-03,-3.846573273238260409e-03
1.187874467760758300e-02,-2.672265936943611295e-03,3.310129530252607644e-02,3.189866220921103862e-02,1.304359671856530206e-02,5.859771878680081550e-03,2.418517890035744300e-02,1.232209009562180296e-02,4.307196726534055775e-02,3.966108091731527195e-03,7.035968236410410082e-02,-7.352324734548629226e-02,-6.179623396037578487e-02,1.789591112078465010e-02,-2.862433107799495623e-03,1.791267016013812219e-01,1.075160255707045542e-01,2.084468523950291086e-01,1.000000000000000000e+00,2.339306443640093991e-01,2.307102746669802140e-01,5.237077748085722934e-02,3.673619012946254675e-02,1.086528927155763768e-01,9.053584929928638891e-02,-8.207649893594593307e-03,1.443340327732535282e-02,6.531182807639793197e-02,5.543077906440554981e-02,5.341288388553458444e-02,5.049845860420375254e-02,-1.546118524027371467e-02,-4.159683853812209259e-02,4.163512675018526607e-03,7.991427767537206267e-03,7.284754345190051078e-03,3.055950637924693611e-02,3.985892782332186440e-02,1.762964600106466800e-02,1.934057451302472266e-02,9.341894540960196669e-03,6.907276360514894020e-02,8.471825036159616462e-02,1.657158728399001427e-02,-2.008324865952080748e-02,8.232571735185892359e-02,7.241223797577835131e-02,-3.277935870468195317e-02,3.515924184904017230e-02,3.030758092288662886e-02,6.920631213985480382e-03,3.045922238457596937e-03,2.095791831814312889e-02,5.562654058609974028e-02,-8.655499464291864162e-03,-2.267155460643349718e-02,9.411733395934108667e-03,-3.536182113513876291e-02,-1.553265859387801401e-02,-5.314203144193698630e-02,-3.166343272152755128e-02,-3.759916454885288417e-02,-2.510450075356102789e-02,-2.853985615807315759e-02,-5.750676598582749044e-02,-7.305255600293937557e-02,-2.375046369939367782e-02,2.712079225043831365e-02,3.356757786397684962e-02,4.640464360321393776e-03,-3.070141786350468870e-03
2.452402572085884622e-02,-3.347416132154104260e-03,1.863449784771217463e-02,4.280205851291505638e-03,2.446838830965103115e-02,1.619014435464511022e-03,-1.960677634536849793e-03,2.845238541103510023e-03,4.058581164316815704e-02,-1.279103650801731093e-02,4.199710982095859746e-02,-5.768911986473086034e-02,-5.737672074294993679e-02,6.510508286234167885e-02,8.417934135577438692e-02,1.579264375399442588e-01,1.235116461571636876e-01,-9.502489839576620800e-02,2.339306443640093991e-01,1.000000000000000000e+00,3.598941643666178636e-01,3.305347912423529100e-01,2.827673504262085413e-01,2.317819729069010570e-01,2.041489345791324406e-01,2.014566993298861908e-01,1.598125337694598358e-01,1.642731481758886170e-01,7.579785750447085024e-02,7.615321997349355776e-02,2.265407163951533784e-02,-2.236998434900584407e-02,1.124818306060715312e-02,5.109889332558376768e-02,-2.621659504657334726e-03,3.285638586509297956e-04,8.626557875425724942e-02,6.013994649060072119e-03,-3.667514431682662029e-02,3.415854634991972311e-02,5.671251565849160653e-02,3.916399917965360244e-02,1.921637370411000828e-02,3.954998431722576285e-02,5.771489173197115810e-03,4.383043583043625541e-02,4.596518682705925257e-02,-7.157405764528754905e-03,-5.896630063092072292e-03,1.074221378214577222e-02,1.926249519655468326e-02,-1.199812354865379717e-02,-7.773583697091315803e-03,4.910298188955315030e-02,8.341396975275866196e-03,-3.927144324652297874e-02,-1.172765362337827369e-02,-6.176734584793778376e-02,-2.423491103662308785e-02,-5.973447014324843873e-02,-4.208607476250154217e-02,-7.493199565893472747e-02,-5.700814958152307377e-02,-2.022765765255945050e-02,-5.965647242834825476e-02,-4.388367319060743760e-02,-4.058158571422404437e-02,1.308238250276246885e-02,2.567640319084362258e-02,6.873552476001242766e-04,5.956204983962695709e-03
6.194954579349273155e-02,3.912233668378446022e-02,5.926255622600579837e-02,4.033433259109962116e-02,6.426025970270764220e-02,5.136087046313320137e-02,5.712024923751279903e-02,5.317454034975900752e-03,4.442072983292037758e-02,-1.591935028844440950e-02,5.867697333367816181e-02,-5.223870620708143120e-02,-3.895544073305466648e-02,5.301195538969693394e-02,7.027604960538921808e-02,1.659268391416751365e-01,1.324826827381456462e-01,1.301146733815731760e-01,2.307102746669802140e-01,3.598941643666178636e-01,1.000000000000000000e+00,1.967825869317469112e-01,9.298957523398800051e-02,2.414461287340120832e-01,2.957867154600567483e-01,1.978585040930684047e-01,1.574533588424718578e-01,1.887793319360906719e-01,8.674324495677689095e-02,1.036314143080708378e-01,5.108747611900142649e-02,3.375006889261553816e-02,2.356057313061451705e-02,9.148134256717851964e-02,3.828953535509798528e-02,1.129657878294701608e-02,1.090348156019912418e-01,6.954371805225001424e-02,5.043253229352200745e-02,8.517606919198021653e-02,6.997179649607300489e-02,9.585063438812015113e-02,4.120916775278969657e-02,3.325018870733160298e-02,1.418784997972172626e-02,4.936656266594348363e-02,4.483792577363632931e-02,-7.641858294138601133e-03,-5.385661505529639771e-03,-2.661772222502903698e-02,1.319301299734972933e-02,9.705813485778992319e-03,-3.552628187233956847e-02,2.224851129946730718e-02,3.744152518675111091e-02,-5.153312880481390051e-02,-3.851747935907048198e-02,-3.121671281456926683e-02,-1.389705336629428085e-02,-6.284938415049431959e-02,-1.417334088870385788e-03,-3.847047570660975385e-02,-2.889809324408607050e-02,1.711053379400974059e-02,-4.239166674100555698e-02,-5.324607334049077240e-02,1.066599795291750747e-03,2.989632838000618256e-02,6.557882891877567580e-03,-9.035296677941272517e-03,-1.508422370797740837e-02
4.723181686397741330e-02,3.609302019921278859e-02,4.551724124514047037e-02,5.494209799350858320e-02,7.651329758358495214e-02,5.726448065465289394e-02,7.375619652179084274e-02,4.031189985409570908e-02,9.000811166489407211e-02,1.517035124980981378e-02,9.954595990485158585e-02,-3.499705798419691996e-03,-1.620975798678995355e-02,1.781618053545323821e-02,1.096192345345963284e-02,3.335311106413536147e-02,1.131421133750568769e-01,-9.194517168248325656e-02,5.237077748085722934e-02,3.305347912423529100e-01,1.967825869317469112e-01,1.000000000000000000e+00,1.627782677480696660e-01,6.356490112113666324e-02,1.510764553829150314e-01,1.696375762536793397e-01,1.520719988878891926e-01,1.060695183918100443e-01,2.882786664431019261e-02,7.810709660157648393e-02,6.214518739601361530e-02,-2.009755160074910493e-02,2.360360827454904831e-02,3.991112564995541456e-02,8.050502579922409752e-03,-3.501688854885932206e-02,1.325442445523858197e-02,-1.323866871759738634e-02,1.331646177907224414e-02,1.370449829511714845e-02,6.300503342377070104e-02,5.907626404114374452e-02,2.125270567152339612e-02,5.834760106159269516e-02,3.371782034524702099e-02,2.764888758988475262e-02,5.383670611322034089e-02,3.347359469031153251e-02,1.771270557916318489e-02,1.961532681104417170e-02,4.924363261025554300e-02,3.629461776058060668e-02,9.597568073126809193e-03,3.183039558917100803e-02,4.150846527718425605e-02,-9.219580548385166927e-03,-6.758308046727753374e-04,-4.963845422841742933e-02,-2.183406191514609615e-02,-1.079891151913956945e-02,1.403704300016658975e-02,1.073653092472165709e-03,-3.148686208438997158e-02,-4.800088977818620095e-02,-5.813900304968448035e-02,-1.976948584245994192e-02,-6.087867210360346087e-02,-2.083523589407140775e-02,1.497242814525825624e-02,-3.805407649927415505e-03,-2.806781540299575772e-02
