1.000000000000000000e+00,2.708076700330218634e-01,6.662631347464798015e-02,2.197482554832021207e-01,2.816947054912175563e-01,2.149274020175400562e-02,-1.084175645659261333e-01,1.494498454483492722e-01,1.019337458784115857e-01,2.825550597200371730e-02,8.510220280741265936e-03,1.118632376447284416e-01,1.272250116143489040e-01,6.390715337234079141e-02,-1.574671157118572376e-02,5.723453475195598023e-02,1.118771897421010596e-02,-5.286107905608781327e-02,-1.029108761096315591e-02,8.449253193656948435e-02,-1.378630072423488173e-02,-1.619279768820448828e-02,-2.102400772750132041e-02,-1.546899602046871054e-02,-4.218135214717265262e-03,-3.612423835306285275e-02,-4.011272714024643332e-02,-4.530366546258392940e-02,-1.122117106330030797e-02,-2.761130639537811432e-02,-1.661074068878918425e-03,-2.361953300545091214e-02,-3.992976385354283717e-03,5.524857434534442141e-02,2.727807897647140795e-02,6.343314850509348957e-02,4.535458169764826353e-02,5.234130085654412068e-02,2.470430644008719465e-02,1.596092253899870222e-02,-2.515728993592786667e-03,1.766532387709757179e-02,1.780544281765549658e-02,2.722158477886839345e-02,1.657373904490147543e-02,-1.996097865113949377e-02,-4.209525043550450124e-02,-3.102920577305557162e-02,-1.213458739864262288e-02,2.563819773266927046e-02,2.590398083777730939e-02,2.726683158176336497e-02,-5.935980193924612208e-02,-1.996231234678680008e-02,-5.194288094891474916e-02,-5.565275033156833785e-03,1.339463667778043737e-02,-3.498121333046069759e-02,6.938041858339872095e-03,-1.621226875802068285e-02,3.064474516922923580e-02,3.695625946879722845e-02,-1.213141402266860666e-02,3.416373969541630640e-02,3.232709009138093337e-02,3.488587867213284455e-02,2.691598940120803161e-03,-2.201689061866501582e-02,-1.588299119412073593e-02,-3.533683412791092243e-02,-3.476922601473267371e-02,-3.894299663468376443e-02,-3.700139138052593868e-02,-1.657053104617804001e-02,-5.975920150913999196e-03,-3.609861299819509817e-02,-6.514963452072217685e-03,-5.283056777176341895e-02,-5.080116630705690250e-02,-2.804029483584224991e-02,-7.881394052676667095e-02,-5.678781694832935045e-02,-8.152292551653497754e-02,-4.763673842911650413e-02,3.518506643415672975e-03,8.116482990453338653e-03,2.803133338593084833e-02,5.049514968839566471e-03,3.832430865765409228e-02,2.991913359760623586e-02,2.970750627842244640e-02,4.203536719373646147e-02,6.378458687669641414e-02,6.330396839000079767e-02,1.735578624944818932e-02,6.129144889135832580e-02,-2.999817108021162956e-02,1.297366862711968501e-02,5.183355236065403243e-02,6.531612321599539195e-02,4.328667168725218450e-02,2.897685507899811636e-02,4.628927566059521520e-02,4.261299718882266552e-02,5.086489266748168980e-02,-1.038543004642183097e-02,-4.554196829258206486e-02,-9.438797291334843909e-03,-3.171581274535680006e-02,-5.068934847591454254e-03,2.240373046787529770e-02,-2.654174070295059820e-02,-5.657427591343668072e-02,1.479079930378092433e-02,2.179468580550514289e-02,3.967773332323232260e-02,1.990744052312213089e-02,2.998965227035131978e-02,-9.061573057141069504e-03,2.899462864805713025e-02,-1.342346064046249891e-02,-2.032938716613339955e-02,3.291488097454849104e-02,-3.313845664083637371e-02,-3.589262225413331758e-02,-6.731625940443687617e-02,-6.820952167260631305e-02,-5.855145408651500627e-02,-9.435801224620493644e-02,-4.593747576508302316e-02,-1.608752645263840722e-02,2.026269856386488794e-02,-2.734780678741758481e-02,-3.652010454115043984e-03,-2.061312471839977720e-02,1.016339482928637402e-03,-2.378645202539824907e-02,-3.612759245805417102e-02,6.668908799150957516e-03
2.708076700330218634e-01,1.000000000000000000e+00,4.624189632738158195e-01,4.448497736648972523e-01,4.769905462384076422e-01,4.265290379984055247e-01,1.802157995933469092e-01,1.528682205717322995e-01,2.212545214761605164e-02,-8.696664877566066820e-02,-1.515673693679345790e-01,-4.528860250088892481e-02,6.838890106940077873e-02,-3.973968945759037696e-02,3.963908528344010224e-02,-2.621299974269612060e-02,2.371114071374380572e-02,-1.565737890182039918e-02,-4.356743424616572186e-02,4.476841301220865765e-02,-6.763406222639455935e-03,9.131704750146844851e-03,-3.784212751696300163e-03,2.225247034032433804e-02,2.265238396148961872e-02,1.349224862108255873e-02,-1.537868432669848781e-02,-1.631475150471436812e-03,3.233780338994130671e-02,1.864043891163140454e-02,3.192895281048938050e-02,-2.237461581349888852e-03,2.297489075032718014e-02,4.458125071957576291e-02,7.294694921219525147e-03,-6.729502839676305970e-03,-2.918092691317051733e-04,-2.798256146552689089e-02,-5.353859497120200955e-02,-5.965477608648861452e-02,-5.548065701702799973e-02,1.576183848189493739e-02,-7.195315965667917202e-02,-5.635103966560768562e-02,-2.568156821783469657e-02,-4.019163455344515468e-02,1.224712126955186837e-02,-6.353093141307415703e-02,-3.202413152720376410e-02,-4.439907282148430889e-02,-6.799583631030860047e-03,-5.308834172324383704e-02,-4.697087509598462524e-02,-1.996312021952319563e-02,-5.302090038337986533e-02,-2.248748772538977994e-02,-3.018094849419062156e-02,-1.539499720676200910e-02,-2.570590674881470875e-02,-1.510305135310272343e-02,1.571439453619729101e-02,-1.792397189002085250e-02,-2.000724595768496594e-02,2.477907604590473545e-02,1.128974776251761604e-02,3.583615157935304656e-03,-2.086907003703304675e-02,-3.062680862201493451e-02,-3.246664078125913178e-02,-9.690709353487012706e-03,-1.954901712663856261e-02,-5.349928170284618027e-05,-5.497968683626322864e-03,-9.476997261068601658e-03,-2.094889117095528192e-02,2.162447930764466869e-02,-7.658702832137469912e-03,-5.026709955646828029e-03,-2.904628354874051049e-02,1.040759288626076206e-03,-1.924084060157382758e-02,-3.195145066430377101e-02,2.086506180935458147e-03,1.118519021653221861e-02,2.650476857544098105e-02,2.592797457075291315e-02,1.887389274821308499e-02,2.786126129613008401e-02,1.587044886124938659e-02,-1.016326557513382370e-02,1.774655970824952529e-03,-2.343397711459968211e-02,-5.557871645187844808e-03,1.396768401220872119e-02,5.349194592839333004e-03,6.812065504101037783e-03,3.031607373381217403e-03,2.612287228008224743e-02,2.275057029061155686e-02,-1.221835048159689539e-02,-4.233585109121004719e-02,1.202019968428262413e-02,1.687461352900606823e-02,-8.770069625598907875e-03,2.652213710793157458e-02,-1.280877879781517487e-02,-6.798279187207451058e-02,-2.466082103409471607e-02,-6.434063269528855766e-02,-3.015197537592690172e-02,4.586512025986574925e-02,4.847850370974022410e-02,3.684489311908467624e-02,6.321228350980560851e-02,7.177094746730253161e-02,1.009702989507543780e-01,1.019487018607381640e-01,9.481094379835408592e-02,7.574247668194174221e-02,9.932782482871482799e-02,-5.008884835194878093e-02,-1.802122283804508812e-02,1.251001517023007659e-01,4.888376939395883830e-02,4.430935974319693410e-02,5.165385109399640157e-02,-1.555157763221641336e-02,1.634731116233937784e-02,4.290402778882145864e-03,3.607369521447951338e-02,1.952673737788310215e-02,4.811741753715700204e-02,4.464416895294262035e-03,2.662576295345382357e-02,1.393376294442031336e-02,7.069156322915104429e-02,1.203921187539823065e-02,1.575459094111755429e-02,6.128018131497453558e-02
6.662631347464798015e-02,4.624189632738158195e-01,1.000000000000000000e+00,3.616391121404751718e-01,2.347372087834513898e-01,4.286069352914642638e-01,2.768411412663642768e-01,9.690526166786488094e-02,1.982521533033039865e-02,-9.467028341444973238e-02,-1.130085208125549689e-01,-2.031147835906899624e-01,-5.446153594709309681e-02,-1.271913947986640925e-01,-5.044667363319456366e-02,-1.005338362787779327e-01,-7.025866786121969139e-03,-8.254578597892197819e-03,4.165383254620940584e-02,1.408185883747167105e-02,9.265006801921626001e-04,2.320624186213194121e-02,-1.191811769553192783e-02,-1.300988408818753474e-03,1.123046445224590989e-02,3.420190973288764896e-02,1.675573577928542862e-02,2.251092144333539588e-02,5.753263107646887711e-03,5.583998892716011270e-02,3.858688371555647756e-02,4.581036611450420293e-02,1.466512643331197366e-02,3.909148046972844848e-02,2.342751294239479518e-02,-6.546807092839907393e-04,5.269430662220000484e-03,-8.976293203352048514e-03,-4.949778525155834608e-02,-1.826509445654381919e-02,-3.601761741543440393e-02,1.354756954561576500e-02,-5.411907783853731752e-02,-5.155957985592143217e-02,-4.021328907094459670e-03,-1.695111187057644908e-02,-1.109828294632898360e-03,-5.860537513992175596e-02,-9.544854927442635029e-03,-1.140374494740447053e-01,-7.028013334025351444e-02,-5.725596091590615805e-02,-1.012560804819796116e-03,-4.494037953273436609e-02,-9.809105097921540922e-03,-6.368192027819380430e-02,-1.174575419761980793e-01,-1.609659400338123506e-02,-1.009155661264709153e-01,-3.343465196990318827e-02,1.417290805937812710e-02,-6.773292227772914620e-02,-8.519219709685860176e-02,3.831998602203734450e-02,1.603363559457716969e-02,1.576147872670088500e-03,8.473920469022795665e-03,-1.971776860232397899e-02,-3.210258201413689755e-02,9.822204748206256678e-03,1.602011011864348453e-02,-1.613778102314796306e-02,-3.649653085421837237e-03,8.086313530858844217e-03,-4.049166508587888347e-02,2.843878562335868526e-02,-3.757866464910112475e-02,1.623548330858918046e-02,9.034874997459229826e-03,-3.090364526272035284e-02,-1.021389607127960383e-02,-2.383600084707016356e-02,2.414964323043491609e-02,3.662048682693296725e-02,-1.356352708298335470e-03,-1.966695035155288651e-02,-2.869191272278184585e-04,1.270774925994620080e-02,-9.757074587811326652e-03,-3.467921342721321659e-02,-3.295583709232616926e-02,-3.189026543653025736e-02,-4.695884173647802556e-02,1.289936598558565246e-02,2.304152258367091893e-03,-2.190070200436202222e-02,8.076490188377893550e-03,3.087951172983877460e-02,-2.054009909320037540e-03,4.637665955243722247e-04,-2.838176248680384164e-02,4.888758387564520053e-02,2.365812455607180231e-02,-2.203390179841456173e-02,3.522716133385759424e-03,-3.692909203062791357e-02,-5.127144614531286421e-02,-1.594361435438685498e-02,-7.216172301425412272e-02,-4.433948422286700108e-02,-1.132199562903690032e-02,7.471594225187627725e-02,2.101767638140132968e-02,1.068396577556229715e-01,1.213864003567934613e-01,1.376188747760714592e-01,1.524283348551722650e-01,1.382410070638555033e-01,9.656461394745036175e-02,1.252630932583550516e-01,-8.952328333969372665e-02,-3.471614726777733084e-02,1.673507809746675179e-01,8.256043250417931245e-02,5.840375343575941736e-02,8.638725536120241133e-02,6.929481218513597329e-02,1.215158605511319073e-02,5.881233225313938634e-02,1.023039308378847490e-01,6.918089236034408174e-02,5.398718186467067748e-02,3.254206614150938204e-02,5.957100938004693952e-02,9.632645771818175787e-03,5.434371294988131484e-02,5.761004580188691486e-03,4.672709189327391155e-02,4.291181484103889082e-02
2.197482554832021207e-01,4.448497736648972523e-01,3.616391121404751718e-01,1.000000000000000000e+00,3.440543516925296808e-01,4.143551181528795091e-01,2.899692759317203383e-01,2.293072929153798789e-01,3.937056779675739832e-02,1.238208522472263994e-03,-1.826389538111053701e-01,-2.475464196766807498e-02,4.645456354189438780e-02,-1.294464095215769328e-01,-4.985060135848106561e-02,-1.283122514851049445e-01,-8.830220729729577889e-02,-1.134604401059985668e-01,-4.882355472716270323e-02,2.842969119133928295e-03,-6.882047653938527798e-02,-7.178910259512946701e-02,-7.323307577966695070e-02,-5.818440417680205423e-02,-2.371879416381231231e-02,-1.322187345780307874e-02,1.078692649040278312e-02,-5.464118920284539126e-03,-1.917949791754270175e-02,1.196487996197452899e-02,1.434099468127313960e-02,1.881316899741751134e-02,3.386007710430800899e-03,1.935382362472932993e-02,1.046518390977035874e-03,1.528075034003605233e-02,-2.249942119722650631e-03,-1.298156823217451288e-02,-3.041440063066769978e-02,-2.632709001458816492e-02,-4.849598364526713778e-02,-1.021678125523042997e-02,-5.414823551918299810e-02,-4.435537788521426786e-03,-3.381723571024101982e-02,-2.457360690916145229e-02,2.423471520450620406e-02,-3.919779023664585887e-02,-3.841241538744769035e-02,-1.798291183210486144e-02,1.249097373531778132e-02,-4.767699005557341288e-03,-4.369589355974454192e-02,-9.349923771207645923e-03,-6.716065501870202570e-02,-6.619344138776372434e-03,1.751902947577744021e-02,1.108333116073111427e-02,1.181922340975943495e-02,-3.127049970844719695e-02,-1.642125809656322030e-02,1.241713713421812443e-02,2.803110113130692985e-02,9.393021031984841521e-03,-1.868810976023204534e-02,-7.967349005342216559e-03,-3.474631705908427098e-02,-5.867960488024803051e-02,-9.310772598565582314e-02,-8.005774492350387073e-02,-7.892688576608819506e-02,-5.466374097034770729e-02,-7.217236226700275703e-02,-6.357822331307035058e-02,-6.755363892919954982e-02,-2.473561754302774918e-02,-6.602183479477984063e-02,-2.578226159839164255e-02,-6.097005365840058727e-02,-2.165596508206798013e-02,-2.988412470382900699e-02,-2.141086919090587348e-02,-1.363649702954285343e-02,2.531915118647335046e-03,7.587726392444510415e-03,3.704472611585973157e-02,3.694736472817045092e-02,4.866737930602732520e-02,4.642736543365184182e-02,4.368582751527540220e-02,3.295957347924435843e-02,-3.965432411975870590e-03,-3.700816309975613755e-02,-1.550024997377367174e-02,-3.103432356234048575e-02,3.742584561320750486e-02,-2.936800260720166811e-02,3.943417482296405346e-02,3.183704845332169936e-02,3.586855120141953929e-02,1.979926623555036333e-02,4.561141809598048824e-02,7.388991949673845427e-02,9.617399777520031778e-02,8.766148804557732932e-02,4.623781755204854627e-02,-1.224116993792154174e-03,1.004032445694176415e-03,2.604783570779127186e-02,1.691393432893092486e-03,2.117979309864985449e-02,9.855474925753035520e-02,9.505809329026770893e-02,8.056758617060727490e-02,5.913557498382877170e-02,1.020545499309935822e-01,8.946276893214362425e-02,7.399390369189208505e-02,8.170671456764797003e-02,6.415104114593699058e-02,-3.842588922708769367e-02,7.458692490111074394e-03,8.625759403418990778e-02,2.478907499312411888e-02,3.436991522817176015e-02,4.527031363898614130e-02,-9.807455876575787296e-03,3.224549750661344361e-02,-9.470336487508850334e-03,2.951399240463149776e-02,1.783303656397639686e-02,3.387900062334137097e-02,2.279128226683449152e-02,4.370813796418247799e-02,1.145231894035986069e-02,4.149700200230204555e-02,8.089766482247783344e-03,2.534747412669983643e-02,2.022822208285322138e-02
2.816947054912175563e-01,4.769905462384076422e-01,2.347372087834513898e-01,3.440543516925296808e-01,1.000000000000000000e+00,3.221577093973289618e-01,5.912957328050036376e-02,1.821077865392276285e-01,3.967872572283021038e-02,-1.584849404175618925e-01,-1.440747596978203260e-01,-1.026627428905270839e-01,1.066836440640322597e-01,1.758385637643839275e-02,4.601059762480153026e-02,-1.164858107844557282e-02,1.424866265853635405e-01,5.820351616343238249e-03,3.109259348258444980e-02,8.775934774239586844e-02,2.859830036582697646e-02,3.880212937474315088e-02,-4.150670556692571782e-03,5.360500482432312835e-02,5.536707307647068671e-02,-4.707461952818098425e-04,-7.024302964009501195e-03,4.509248874379377658e-02,6.674917741330863019e-02,-5.979443789728033270e-04,3.081089938981789941e-02,1.622231438483746555e-02,9.474670135862790776e-03,4.776371637688600624e-02,5.817314059253730213e-02,6.171169175714383975e-02,5.265156640969947260e-02,8.740306343132943703e-03,1.657525963231700622e-02,4.299227445708823231e-02,3.191518874880634737e-02,7.126692400940255745e-02,3.842581811449564955e-02,-1.791739025557147636e-03,8.239468946789485493e-02,3.798578642575833192e-02,2.290057232045623545e-02,9.716958474141584867e-03,-1.812644603555960479e-02,-3.171084443711270212e-02,-4.844865438306512895e-02,1.854090037398160168e-02,1.625835107293333373e-02,-1.220847487858516857e-02,-2.786727475240042412e-02,-1.526414040704473021e-02,2.103579557661602525e-02,-5.548700151188047658e-02,-3.775143994566099864e-02,-2.636059515583636867e-02,4.331308909840930754e-02,1.523231643204426763e-02,-1.771034219940003859e-02,4.553683603201488100e-02,2.839653977472683319e-02,1.224490890571703142e-02,-1.126781502026691535e-02,-1.780897031358926949e-02,5.866300492585534935e-04,-1.230514057088252788e-02,1.036825977346169866e-02,-2.949926674439293933e-02,-3.159968417219215925e-02,-4.347297021124405143e-03,-5.122872469403899620e-02,-1.087754973478083712e-02,-5.132504323542996100e-02,-3.355049637754764502e-02,-6.402763186189252935e-03,7.351848827640221351e-03,1.814720129858829120e-02,-5.713145877221502238e-03,1.073981269408705135e-02,1.620743850205332709e-02,4.729958528706456472e-02,3.908877289648109155e-02,4.228474321743772718e-02,2.139539918010344502e-02,7.218451975218115324e-03,3.469593076286105887e-02,4.061249048568807418e-02,2.138901995831335098e-02,-2.529694919379153403e-02,-1.559049535885706668e-02,-3.184213629250733091e-02,-4.572087238886343719e-02,-1.903322497404657393e-02,4.726636155253702287e-02,8.261900193674599768e-03,-1.201155354726372339e-02,-1.436955248244315038e-02,5.653397634009613842e-02,5.176219058080911567e-02,2.000453415588014216e-03,4.483977583344488094e-02,-4.144711789495533066e-02,-5.892385971595975880e-02,-2.057823655399894022e-02,-4.299300386355183606e-02,-4.307419365347755352e-03,1.872136583649838121e-02,6.968941344590085830e-03,4.602984107476911987e-03,5.863168722522047599e-02,8.148757922791788344e-02,6.635210767403028342e-02,9.085090368608064737e-02,6.668543938657596482e-02,2.122003553274733403e-02,1.083496837045799660e-01,-3.832239349833393982e-02,-6.542996012266319439e-02,9.157760858285411698e-02,2.941826663512226922e-02,6.331662792324503804e-03,8.338163915236822959e-03,-3.083968509390379656e-02,-1.047005432357332559e-02,-3.739994139044467564e-02,-1.667258210375512084e-02,7.998706704100685266e-03,5.193846925454505270e-02,-4.404527783235336925e-03,-9.374897640904746032e-03,3.006093677920567905e-02,7.578553600243199961e-02,1.563666698837752611e-02,-1.235917702018372692e-02,7.504957126448200122e-02
2.149274020175400562e-02,4.265290379984055247e-01,4.286069352914642638e-01,4.143551181528795091e-01,3.221577093973289618e-01,1.000000000000000000e+00,4.522933018147046180e-01,2.338914131836903332e-01,1.228880184031132389e-01,-6.088531520969701905e-02,-2.069014790336718146e-01,-1.599257016563743194e-01,-2.505463370271028209e-02,-1.814062633949025116e-01,-6.534961960896937261e-02,-1.618922848227739575e-01,-7.162864297068319286e-02,-8.150481107214682663e-02,-5.046324004354899029e-02,-4.822363116917414982e-02,-1.579831166964780487e-02,-9.487377138978866573e-03,1.715163299494349217e-02,8.937993409757660074e-03,4.389204402597378374e-02,8.965070484254374777e-03,1.908012765386027376e-02,5.090739159979661838e-02,3.545253303021082825e-02,1.800009800876395741e-02,5.833668026040805810e-02,4.545838359847876459e-02,4.732593575336542513e-02,7.021459814596442417e-02,1.083984282166270720e-02,3.177320247494709593e-02,1.554616207671772297e-02,-8.532325969519957698e-03,-4.301662790635139150e-02,-4.368397216714927679e-03,-2.430061526409512535e-02,1.050991523742384436e-02,-3.521769593052992246e-03,-1.450779167898932909e-02,1.193907269358347734e-02,5.924064161135308808e-03,1.151554213312253657e-03,-3.443754042788160774e-02,-5.467033732608227170e-02,-5.135107467995821129e-02,-1.583516769294319657e-02,-1.108794206649280079e-02,1.211676906264318003e-02,2.517604450772436414e-02,-1.701641995246360936e-02,3.006526126754561698e-02,6.959784522181013816e-04,1.959281476833355309e-02,5.140698506445628459e-03,-8.817102168285544106e-02,-4.289358598615404528e-02,2.459931449718329513e-02,4.437174927585523475e-03,5.877671049136189152e-03,-8.069999717783024433e-04,4.786386219330204805e-02,-3.838718341059360606e-02,-8.350639430549976205e-02,-6.250925582849152506e-02,-7.800306640341866937e-02,-4.042224647306488089e-02,-4.556900271699158150e-02,-7.257234376926956221e-02,-2.247953551481010614e-02,-6.557784670539461291e-02,-2.051408386490037941e-02,-4.236485827182255581e-02,-2.248647028437903220e-02,-2.204581001419318731e-02,4.180072793054501190e-02,4.166869823379074772e-02,9.387055705974631237e-03,6.940883292672678229e-02,6.735611325116672155e-02,2.710962405091274507e-02,3.226163721008216967e-02,4.747733131076763147e-02,5.205232178382264430e-02,1.178033741164974738e-02,2.938469241810589411e-02,1.395499993974978065e-02,-1.976953584913265782e-02,-1.111496082027200599e-01,-5.169055652176649668e-02,-8.578516562769285259e-02,-2.438089814513310499e-02,-3.249204575730266914e-02,5.562733890949644183e-02,3.607327227683354565e-02,-1.668903231911985849e-02,-4.874619950754882636e-02,5.269095130582247821e-02,5.787879282992330204e-02,4.292226674551660043e-02,5.148783147029784707e-02,-1.723259186099680706e-02,-2.682749532715343523e-03,-1.391044908500057220e-03,1.409485143824630929e-02,7.905849923170173502e-03,5.010552035837716189e-02,1.046236260772825666e-01,6.327696305985240632e-02,9.242299102537886168e-02,7.434312436467063745e-02,1.148952205743691279e-01,9.780815179780369406e-02,1.154987833971243411e-01,1.099807450512112900e-01,7.832483897283103180e-02,-8.908345939784000078e-02,1.041493979865279083e-03,1.150959359326663989e-01,3.596359510412128202e-02,2.654199144491723936e-02,7.016888578021311662e-02,3.370156567862146735e-02,4.193398326746413871e-03,4.352282516516272314e-03,2.290819073046630738e-02,2.555485130416353112e-02,3.865846288573668299e-02,1.578948030943709210e-02,3.811584204659920760e-02,-9.244939429072342521e-03,6.136123581864241089e-02,-7.930102211214295690e-03,2.743079400886494143e-02,4.426405354401880682e-02
-1.084175645659261333e-01,1.802157995933469092e-01,2.768411412663642768e-01,2.899692759317203383e-01,5.912957328050036376e-02,4.522933018147046180e-01,1.000000000000000000e+00,2.428308000674895550e-01,7.796247118271290404e-03,5.705257258852686891e-02,-1.448030986990420099e-01,-1.242788162481872800e-02,8.667617929539397567e-03,-1.833568568854325731e-01,5.367175932166357716e-02,-1.566457860863354756e-01,-2.898991393377904971e-02,4.501223234803373302e-02,1.418263664237462245e-03,-8.807802404617601569e-03,-3.392532815388970419e-02,-7.241656124051518151e-03,2.693971094849176295e-02,-4.004497101866504039e-02,-1.927103909005066507e-02,-1.658076374996694802e-02,8.921698921062391763e-03,6.441920699492488522e-03,-1.045447444925615491e-02,-1.495698529327569096e-02,-1.253965381460082733e-02,1.848827448967763423e-02,2.598938332197181858e-02,9.147712907196755335e-04,-2.572892389214667327e-02,-1.502606849922871746e-02,-1.767304418796529844e-02,-3.737899385799715174e-02,-8.917160272521541808e-02,-4.511882005801303580e-02,-5.876168595354742952e-02,-4.091183403947651342e-02,-1.872735447620480984e-02,-9.209420264528969322e-03,2.577843504581568343e-02,2.818438648692087045e-02,2.535535689716835253e-02,-5.757869680371907606e-02,-7.468533393736692672e-02,-1.146712725582075959e-01,-5.210609848037248137e-02,-2.535093350867672832e-02,6.521584103502416074e-02,4.276112302258171238e-02,3.461409778327246417e-02,1.754673150784094582e-02,-5.985838692980052778e-02,6.183859721205927501e-02,-4.043055236910489403e-02,-7.229025063006176699e-02,-7.084384194754095310e-02,-3.958807415891429232e-02,-2.978446085402757307e-02,-6.356930497838603200e-02,-2.663677811729199887e-02,2.497758225897092621e-02,-3.238495583237371162e-02,-7.373752768924096701e-02,-7.447956061090779678e-02,-4.143593348461264980e-02,-6.400953874924267262e-02,-1.334412890421407018e-02,-5.354554145138717969e-02,-3.046331878185334213e-02,-7.087752141746160583e-02,1.334358880555081711e-04,-4.125792137018927802e-02,3.348203246792053056e-02,6.125923647580510398e-04,4.217239466014573862e-02,6.093428084713825577e-02,3.268340351278628542e-02,1.038647903978383441e-01,9.079369100274285731e-02,3.923878797543280811e-02,1.689286774455407356e-02,3.347619551902920529e-03,3.046255068764459895e-02,-6.836465503341922732e-03,2.503678948723069789e-03,-5.376981301156329163e-02,-7.506764218622073714e-02,-9.456594443152487039e-02,-7.974494667205764276e-02,-4.588730462663578868e-02,-1.971268569815059352e-02,-3.975130550065632262e-02,4.554427737680076527e-02,2.274583358057734317e-02,-4.042090573054547137e-02,-2.318569478940318319e-03,-1.145179757136583105e-03,7.818610550564047620e-03,7.228351807917234029e-02,2.673127058413530752e-02,7.127847208284262756e-03,1.900333966281021747e-02,-3.602201156887879091e-02,-1.050255165153621273e-02,1.534149187523190828e-02,8.763974799492597889e-02,1.245684700015684959e-01,1.024852972665726142e-01,1.158503533857096340e-01,5.161926320188106598e-02,1.462193598706928721e-01,1.388582732124316876e-01,1.311489134288713332e-01,1.674586487609376062e-01,8.079287875403887154e-02,-1.048682048447308474e-01,3.473847309037220166e-02,1.493890423593260408e-01,1.913287014603253650e-02,5.401439510036353669e-02,7.908931428345991610e-02,6.788480725695746065e-02,5.757913882518522763e-02,2.327757875495450879e-02,6.470211238980974611e-02,7.643764105152683896e-02,6.648949968078696204e-02,2.677720307612508482e-02,5.490853848943204329e-02,1.386798330950343543e-02,6.032683855768406628e-02,7.966257778147144836e-03,4.753530258257841756e-02,2.075376463324163367e-02
1.494498454483492722e-01,1.528682205717322995e-01,9.690526166786488094e-02,2.293072929153798789e-01,1.821077865392276285e-01,2.338914131836903332e-01,2.428308000674895550e-01,1.000000000000000000e+00,3.957494687648717147e-01,2.297015429055695654e-02,-1.282788317873118922e-01,-4.453953312396517761e-02,-5.080924800080365705e-02,-1.071320812458990135e-01,-1.094962250641678542e-01,-1.365821824289812636e-01,-1.749641458198435487e-02,-1.545896595073170676e-01,-4.902410284587987999e-02,-6.471450013412177737e-02,-5.596374115870376975e-02,-3.641783471705360015e-02,-6.258555760006797794e-03,-2.305269198705247810e-02,2.826195623887281169e-02,-1.412280069283739989e-02,3.845970702066063476e-03,3.706479838700395962e-02,1.076329999311788181e-02,-7.346072768975161690e-03,1.179515260390513048e-02,1.516166792190512189e-02,1.035345596498381607e-02,5.642511805603458996e-02,2.886958638499534380e-02,6.090673844474282089e-02,4.863643382407358690e-02,3.161922331053892803e-03,4.967335339514641207e-02,5.282306049505936657e-02,3.887175369097621916e-03,1.082620790378258091e-02,2.596057239101021152e-02,4.130269144600842712e-02,2.807345753177989053e-02,4.916056219945862810e-02,2.658543163194721295e-02,-2.458079334801262228e-02,-5.059813255787194708e-02,-2.112586645321526055e-02,-9.826365775495492574e-03,8.601020994126681168e-03,-4.545665849962258510e-03,1.592997105770140726e-02,-5.051158406221033237e-02,2.423941709323819763e-02,5.539697069393881290e-02,3.663679123833656071e-02,2.110999855041819848e-02,-1.827673402149583570e-02,-5.968231312877576855e-02,-5.424991630844788401e-03,4.461405116485343825e-02,4.521965383746122391e-02,-4.140261741458658301e-02,-5.659070956511615992e-03,-4.390977197558487005e-02,-7.968582287085738958e-02,-7.641704419668918224e-02,-7.446881923880493970e-02,-7.477547692070989072e-02,-4.026034443740938995e-02,-7.686854713233740033e-02,-3.475109956120174537e-02,-6.047776172763939112e-02,-5.793428420528829587e-02,-5.002148719823619472e-02,-2.602651780751450566e-02,-3.358050266856885818e-02,5.589033624132662414e-03,3.426941889330681335e-02,-1.300515874057092333e-02,4.837433150182912645e-02,3.762356002716971126e-02,4.208236556663239036e-02,3.584516969569115363e-02,6.834728727685526750e-02,2.456858431208699955e-02,4.937904984466317398e-02,5.582965367882120056e-02,4.588197585305660992e-02,-2.912670146758249232e-03,-3.575202444701281596e-02,-2.777242820643254992e-02,-2.927346328869442904e-02,-1.677077230478233455e-02,-2.976985572449872969e-02,6.443641777482003730e-02,3.189062228647418507e-02,1.006141183388407391e-02,-1.432781470809010513e-02,4.420007070680315869e-02,6.153828211765615536e-02,8.509839601697695433e-02,6.700997926501149615e-02,1.799373242764736383e-02,4.058691365943743745e-02,5.487574737891066229e-02,4.946656852511383679e-02,8.192859072315122893e-02,5.312569723687965428e-02,5.724250404685037041e-02,5.547540769167066954e-02,5.026493853246256915e-02,1.320156498844574436e-02,2.607745465565718124e-02,5.969502775868128219e-02,2.164689304834612263e-02,5.538624099206200524e-02,5.939586397820119379e-02,4.844119306042432745e-03,2.519558635037874930e-02,7.515572779594061059e-02,3.347476877225882136e-02,9.276869352691000103e-02,5.125581948617895928e-02,-2.814186950577000565e-02,3.998077841612977606e-04,-2.139480936272934730e-02,1.992600199837549560e-02,4.924156303565193488e-02,6.658099693009728037e-02,1.621455965332119220e-02,2.526986119904545483e-02,2.855916226757453449e-02,5.813714486300926992e-02,1.404841006980739326e-02,1.599787702762960756e-02,3.383415154526149549e-02
1.019337458784115857e-01,2.212545214761605164e-02,1.982521533033039865e-02,3.937056779675739832e-02,3.967872572283021038e-02,1.228880184031132389e-01,7.796247118271290404e-03,3.957494687648717147e-01,1.000000000000000000e+00,2.057428169879221280e-01,1.452060723873608572e-01,-1.841649269536537945e-02,-9.507486486290800398e-02,-1.029255428472811984e-01,-1.811192525048567203e-01,-1.334918346396439526e-01,7.545750530599608895e-03,-1.631468320171303443e-01,-9.841839434198143555e-02,-7.656140139765471586e-02,-4.196877562156124675e-02,-5.758431914614103170e-02,1.410666954831434582e-02,2.690348322646341633e-02,9.405517250414850705e-02,9.144419804319364742e-02,5.279651156206076335e-02,6.908713704029376124e-02,9.659066605079411061e-02,4.003876882191007708e-02,3.701388707992305654e-02,2.128609025320482920e-02,3.843326672256736770e-02,9.410134432294829654e-02,3.203009871447850404e-02,7.298779008285927183e-02,6.241651589873478678e-02,1.886402833919859426e-02,4.969837868923279028e-02,4.977435448248717503e-02,6.645242778487887858e-02,7.281237242319049674e-02,4.904076922742896943e-02,4.380113877168615583e-02,6.121011955169427393e-02,3.690680996887816395e-02,1.435424461157558916e-02,4.498511734575032228e-02,4.052770384548064209e-02,4.848103646436907610e-02,2.962401199030025457e-03,2.067461311450850478e-02,-4.444079518758671521e-02,-2.349711068124508972e-02,-9.434792441300754451e-02,-2.616511546981240433e-03,4.846729654652755237e-02,-6.723105048229173313e-03,1.404226797277836544e-02,-4.140903020408888587e-03,-6.225104717955609428e-03,1.653016814456681124e-02,3.136037531514929144e-02,8.131869813749627307e-02,-1.724238972801841368e-03,-1.241055950738220162e-03,-1.844574109575322293e-02,-4.967395523032169108e-02,-4.997796093422315900e-02,-4.558342523431968552e-02,-3.273765052335551873e-02,-4.430350466270289306e-02,-5.345851367141579713e-02,-4.741832218535598636e-02,-3.183896563555712461e-02,-4.986996193600792132e-02,-1.588619707631833133e-02,-8.517272433259585884e-02,-4.333280555018678010e-02,-1.275855824271833515e-04,2.053710104707617834e-02,-1.612470618251246601e-02,2.355315439975661645e-02,4.545262909655372469e-02,2.424005376397331615e-02,2.444380008508905203e-02,3.879954314254278891e-02,1.568930173687922008e-02,4.161383452474589489e-02,2.741895572096463701e-02,3.829503952253264509e-02,-3.506946949121700872e-03,-5.068064373948985568e-02,-1.373300915193582591e-02,-3.813620294658801729e-02,-2.861624421288632911e-02,1.334548751036490621e-02,7.795132740811133720e-02,2.881822829615957038e-02,5.893879241163851868e-02,4.845956524158917880e-03,4.692660529923543822e-02,6.676816518851924620e-02,3.145943072477856706e-02,7.110971887885678133e-02,-9.554913449629592566e-05,2.884002779604003842e-03,3.971168366253086807e-02,3.487459572760018972e-02,1.943329970360690995e-02,2.727707711596408756e-03,1.091144697730988926e-02,1.071688474333711179e-02,6.356774485719526163e-03,1.636551037387755023e-02,-1.660164885531643583e-02,3.305798384681365304e-03,6.748001142858651991e-03,-1.628992098461326879e-02,5.569217477641803804e-02,1.609641366148056862e-02,-3.893228804843391205e-02,2.481673870873666102e-02,3.252417981116997869e-02,5.241034971292726774e-02,-5.984208368849611853e-03,-3.142157753745849352e-02,-2.166069130141344556e-02,-3.845429636351323927e-02,4.930618255494591089e-03,2.373361980788514253e-03,2.220766437218917380e-02,-1.559697531571595415e-02,8.774208002914901314e-03,-1.121525646020047826e-02,2.468996281459336084e-03,-2.595943446359729942e-02,-1.953246228299121770e-02,-2.768997169578526606e-03
2.825550597200371730e-02,-8.696664877566066820e-02,-9.467028341444973238e-02,1.238208522472263994e-03,-1.584849404175618925e-01,-6.088531520969701905e-02,5.705257258852686891e-02,2.297015429055695654e-02,2.057428169879221280e-01,1.000000000000000000e+00,4.620518368737760451e-01,3.474102092950839271e-01,7.396034985084036506e-02,-1.180286645815048080e-01,-5.088565928633950047e-02,-5.788975252213567069e-02,-1.434602894294054465e-01,-6.028126934767607387e-02,-1.104301877513220037e-01,-5.096244113836098655e-02,-2.111544687887051755e-02,-3.947460295937144092e-02,9.903461768647767519e-03,-1.109417274370330317e-02,3.524506917103215065e-02,6.543663813086333936e-02,8.026674499179797806e-02,1.282648483530476891e-02,5.925955056730621007e-02,8.331993485417901746e-02,7.394317947249579026e-02,9.319339817280354599e-02,1.067189725565683978e-01,9.365242067867254883e-02,4.963174685237261435e-02,1.001444575868495890e-01,4.741998064506570965e-02,8.651069537677333332e-02,6.149734133474057951e-02,2.878351350761816294e-02,1.275737729231022147e-02,-1.767127974279027874e-02,1.519637894190297052e-02,3.468075723411415557e-03,2.315153444033100569e-02,-2.361880821943618605e-02,-2.763692184702372726e-02,1.455645530039069609e-02,-5.018447673973185780e-02,3.487286036412420159e-02,6.601573733649740428e-02,1.641717101190185574e-02,8.501527758022188463e-03,5.749143639502974495e-02,-4.579786631770389749e-02,4.220757959869286119e-02,6.323760563822777847e-02,4.812611079097468131e-02,5.302470437949310944e-02,-2.430646517681117873e-03,-5.062061250645669142e-02,2.305892633435816311e-02,5.519062990587363798e-02,-2.968585241802367339e-02,-2.934856600346195596e-02,6.910078471413552345e-03,-4.344695743655600795e-02,-5.240367721760541553e-02,-4.111157495038435250e-02,-5.815053289441140388e-02,-2.096565831485305842e-02,-1.298167204670657056e-02,-4.546465603103700542e-02,-3.263703458409344949e-02,9.729080097798575855e-03,-2.215231588884195371e-02,-1.695039916529158738e-02,-4.294198999015494400e-02,-3.165369754836929589e-02,-1.668357000496058576e-03,-1.945746944915917147e-03,-1.238735096443333364e-02,-1.384704640178588061e-02,-3.350324597014742861e-02,-7.008865872100165928e-02,-3.559231647883497052e-02,-1.578182188048499537e-02,1.129623231999263289e-02,2.679260934155711094e-02,3.617783865684325029e-02,1.289873181961205713e-02,4.184216880602013855e-02,-2.285795952830216998e-02,-4.647661554308411130e-02,-3.763497391952352195e-02,2.264610777336349343e-02,-4.955132063990333458e-02,-1.180617647487437923e-02,7.362259692830193381e-02,1.851040956831939005e-02,4.372051986130711526e-02,1.779035214315189545e-02,2.928298555409290793e-02,6.411589755503512011e-02,4.210058723751985976e-02,5.980225334654875463e-02,4.243463716286458715e-02,6.794854844592919385e-02,3.088226536378312764e-02,-2.739050324839505807e-03,-4.022732234068927132e-02,5.071493475599372913e-02,7.670291844117010926e-02,-7.862831801467316806e-03,-3.649070554286024809e-02,1.386448420998705015e-02,-3.079537363090421864e-02,1.792972504355333854e-02,4.156782683589894944e-02,-3.542237060643810276e-02,-2.737387422124535133e-02,4.820905099970601571e-02,7.560825860071588569e-04,-5.247977569529473085e-02,-5.435648317975968861e-03,-4.588232221523699805e-02,-5.704657596269369774e-02,-3.840850217454894883e-02,-7.292439561415063609e-02,-7.888717207550760557e-02,-5.194681504250746318e-02,-4.449772504327552218e-03,-6.545258051192845428e-02,-3.128404155745789089e-02,-2.867435937359881157e-02,1.025706258576084082e-03,-4.604069401767953845e-02,-1.604695652962384936e-02,-1.092817543313245356e-02
8.510220280741265936e-03,-1.515673693679345790e-01,-1.130085208125549689e-01,-1.826389538111053701e-01,-1.440747596978203260e-01,-2.069014790336718146e-01,-1.448030986990420099e-01,-1.282788317873118922e-01,1.452060723873608572e-01,4.620518368737760451e-01,1.000000000000000000e+00,1.994031124056363513e-01,-5.206634532910637408e-02,-2.917966044576764117e-02,-1.249913096220814646e-01,2.116911198082859543e-03,-9.634876068747008637e-02,-2.826576479485011506e-02,-5.421950105171085416e-03,-2.104568783492156980e-02,-3.218290854076309715e-02,-3.163114557703780583e-03,-2.316344609579932406e-02,1.919375841683333347e-02,2.767178562844959527e-02,5.235662160499332529e-02,6.209398044255668575e-02,3.963989840356765132e-02,6.688371733838838207e-02,8.897739494178991126e-02,6.242426572124379347e-02,9.899650979468180290e-02,4.694473941018272034e-02,7.949746749209948837e-02,1.003601557963944430e-01,8.356597309409788399e-02,6.901348274514333692e-02,5.394246405782841813e-02,7.237276798241412679e-02,4.184818987530193601e-02,3.525746095731551594e-02,1.794068145875901341e-02,4.087174766464263947e-02,1.696181613018800036e-02,4.797547351453450987e-02,-4.151991416269414092e-02,-6.061508143078553346e-02,4.054269822902563380e-02,2.360890232470411448e-03,3.309621727128107121e-02,-2.183511973672150677e-02,-5.554117808737417394e-02,-3.170761040059105751e-02,-4.056201608072865922e-02,-7.860670018050289198e-02,-3.467068328672777422e-02,-5.845120835777367976e-03,2.442816334704987075e-02,6.682838359859220520e-03,1.550348125343509707e-02,-2.102567310502078887e-02,-1.812234373800813633e-02,-2.690495063055162758e-04,-2.467659918949716147e-02,-9.649343619679734071e-03,4.219222400280854372e-03,-2.324682971556182171e-02,-2.689897479499131147e-02,1.069592347360138335e-02,-1.108750528821127439e-03,3.377644317560542231e-02,-1.929996343785545659e-02,1.380154628744111869e-03,7.665996210068820420e-03,-1.984996954546043232e-02,-1.165321430578478016e-03,-1.622711441952700336e-03,-3.292095039696451425e-02,-1.838315221027726765e-02,-3.063818272177343607e-02,-8.099050595272681841e-03,-1.947100797220841862e-03,-3.536532501319669675e-02,-3.614579407922844517e-02,-6.067010113973243801e-02,-5.258455689075843681e-02,-5.810342529326173455e-02,-7.763520811766390969e-04,-2.583487814632648861e-03,-2.341544532645143187e-02,-1.159563416981816870e-02,3.826312079810639116e-02,-2.688220994257796599e-03,4.153560171679276936e-02,1.117328214218508975e-02,4.060661964493875176e-02,3.185060998954204053e-02,7.908783073077298945e-04,1.902345923873999256e-02,5.090401424472529995e-02,3.988070254997173880e-02,1.955477112621843358e-02,7.700038749091520779e-03,-7.561431086388274540e-03,1.120154856741782494e-02,2.825477177688196645e-02,-1.957912122517634567e-04,4.164359384092164440e-02,-2.457451207988802649e-03,-4.767325569478247232e-02,-5.760021141330335520e-02,3.632130994852648259e-02,1.275840304785734501e-03,6.617841905793078738e-03,-3.928502274890150608e-02,-4.092601756483623537e-02,-2.891027249450962844e-02,-2.969992091357818303e-02,-8.896635014160995253e-03,-3.347342797022406086e-02,1.596117330460772310e-02,1.500135975132183865e-02,-2.208446083452022396e-02,-3.686678474810536205e-02,1.224959301735123463e-02,-5.335729419981709298e-02,-2.439068726817566687e-02,-3.569571165277369423e-02,-6.104366487626443349e-02,-5.285645168547783296e-02,-2.002566660270267349e-02,1.679301711597028929e-02,-5.096460813151235114e-02,-1.147932270746878335e-02,-2.625947571653893323e-02,-2.673498643363026329e-03,-3.522310573362748970e-02,-4.021747517635718833e-02,3.132894286741768133e-03
