1.000000000000000000e+00,5.366273516814902278e-01,7.470000780007937102e-01,2.490493238475156301e-01,7.254260824814096065e-01,1.913586997479983232e-01,3.574217248517270185e-01,6.412078242157820407e-01,1.612432450633935477e-01,7.007571637757999822e-04,-6.137236875017593185e-01,1.052534062057108866e-01,-2.580670734376043773e-01,-1.017288252424495935e-02,-1.631957844181227413e-01,-1.011427891340598028e-04,-4.067748032450905354e-02,6.944966516955154434e-01,1.485706723343692137e-01,7.144137799969133562e-01,-2.918743067484415032e-01,-7.189443757496339904e-01,-3.196809379579486077e-01,-2.237647892909300773e-01,2.633642969712933837e-02,-7.141275421906453369e-01,-1.196055187698035899e-01,-7.477269567704870612e-01,-4.688243998475665753e-01,-7.482371334592270440e-01,-3.083857564493869829e-01,-7.392310708504288286e-01,1.209852241127310629e-01,1.966676803630940662e-01,-2.969436829575509626e-02,-1.097706718683410798e-01,4.834296839164655135e-01,-1.335447891255469970e-02,-7.344323902534293236e-01,-2.146302920778406786e-01,-6.605735382920147059e-01,-3.381768264094478504e-01,-8.331392378404723909e-01,-4.742857305370201115e-01,-4.301807767180028663e-01,-7.854561299946679620e-01,-7.395371760157798402e-01,-4.498350070254304445e-01,-7.614207924250224746e-01,-5.873911661421363783e-01,-5.675707465654908912e-01,-7.418447677426968090e-01,-2.485308043376253939e-01,-6.141990405517565588e-01,-6.649754675864429920e-01,-6.452602266654833274e-01,-6.187733474833888581e-01,-5.589048887277107136e-01,-3.129770810406003467e-01,-7.336858243020739634e-01,-4.312527392490665967e-01,-1.548279958328692973e-01,-4.413777311540572068e-01,-4.604069854773689546e-02,-2.876787892158482185e-01,5.436569106594492107e-01,3.622468073863582827e-01,3.100489386512352286e-01,-1.185643312211709793e-01,-5.344914767033793757e-01,-2.003570839840960183e-01,3.548648047673312877e-01,5.096395487356543130e-01,3.121135885910356622e-01,3.283967264619460646e-01,-7.677685836962606925e-02,4.408724553570848581e-01,1.541056513389688597e-02
5.366273516814902278e-01,1.000000000000000000e+00,1.938719762683592807e-01,-3.909480170972610968e-02,1.940121205002389437e-01,2.838624138949280007e-01,-1.898505847694975379e-01,5.653915723034298457e-01,1.774802484193507002e-01,4.142677714306512438e-01,-1.481221287466926440e-01,2.662284049866306956e-01,5.241908519904915353e-01,3.953392562814124211e-01,-3.518278224544568733e-01,2.741363197037546273e-01,-2.115443022155173713e-01,3.751549066577292701e-01,3.258058640361180536e-02,4.738610267831829814e-01,-2.864019424494350097e-01,-5.642032513328305576e-01,-8.492512326496526320e-01,1.016025160736644950e-01,6.031688161910060408e-01,-2.028033007031287138e-01,4.778490888234290801e-01,-1.211884656223497780e-01,-3.580891953581499809e-01,-2.536337829601494342e-01,6.399726896091599559e-02,-4.254237697948541896e-01,-1.319418022792893386e-01,1.731768956828792783e-02,1.408888372728463456e-01,1.724334267279467314e-01,4.639145900538410028e-01,4.751824007631599324e-03,-5.393346973555198653e-01,-1.347088029767543604e-01,7.714233453721723588e-02,4.080325033640689880e-01,-5.626331430564213143e-01,-4.910902528268414891e-01,-8.634675849960655736e-01,-4.962602939685443193e-01,-8.388252093360234474e-01,-5.610041574841531098e-01,-6.607506650240476676e-01,-1.946419111422426351e-01,-4.141296232491384344e-01,-4.750761625961780199e-01,-4.448153574735266846e-01,-7.411794125502035868e-01,-3.960512947310539933e-01,-6.296603873984765176e-01,-6.313445881558379380e-01,-5.869024950424843734e-01,-7.155590066107719860e-01,-6.023466950662037522e-01,-8.394305560428944046e-01,-6.295509824567531165e-01,-7.526615309305906276e-01,-4.401906521075926726e-01,-2.386295745443560157e-01,2.501642723943069413e-01,-1.962018884698163990e-01,-1.211627078600005375e-01,-4.665308909454167763e-01,-2.272360958648417528e-01,-2.099851715127573348e-01,4.172049017116906573e-03,-1.620733755962042999e-01,-4.107429224171053883e-02,-4.458740530799505386e-01,-6.272529105973860819e-01,-2.939487843508980514e-01,-5.129036108214223288e-01
7.470000780007937102e-01,1.938719762683592807e-01,1.000000000000000000e+00,6.259296992884699762e-01,9.504011756316737003e-01,3.861624929178230636e-01,7.636695615723239072e-01,7.113637792370449686e-01,3.162423247753778366e-01,-1.498049654634407875e-02,-5.765941906917466664e-01,2.703835009975617543e-01,-4.405481348024094523e-01,6.673690695397006822e-02,2.314718444802874031e-01,1.528740681675788138e-01,2.942228902238140931e-01,8.275340958647574574e-01,4.313910998060014879e-01,7.999084323361387305e-01,3.602804694876064057e-02,-4.739653616816018045e-01,5.770309105425884544e-03,-4.986260706732015269e-02,-1.648505793234931321e-02,-6.637699162560256605e-01,-1.721606105315110768e-01,-8.110599683144372740e-01,-2.193154041566048595e-01,-7.935830492041654471e-01,-2.031560661589237593e-01,-5.839419952869645547e-01,4.311571651523766757e-01,5.042772115153684176e-01,-5.450237641240389397e-02,3.319860175996844354e-02,5.906190838479463689e-01,1.886762501356249178e-01,-4.753509930284442464e-01,8.403179451276798773e-02,-8.342982032270412907e-01,-5.905257704509352390e-01,-8.356668224955424717e-01,-6.104130919809569455e-01,-1.891744019647732256e-01,-7.289470245371978407e-01,-5.213028697590869065e-01,-9.125007456091865921e-02,-5.713785524758251411e-01,-7.724165752391385364e-01,-6.552214493744371593e-01,-6.749159005914396880e-01,8.966662064823326117e-02,-3.592009994134900963e-01,-6.169674097040565020e-01,-5.605581063542013354e-01,-5.178287464385429306e-01,-5.608258854574511565e-01,5.242974553094009033e-02,-5.517468433153189800e-01,-3.276259471491896891e-01,1.856901097800658096e-01,-2.147147900351417948e-01,-1.556143365757342023e-01,-3.655287525379182778e-01,4.074074829853507329e-01,5.449434026559875077e-01,2.844167884129016333e-01,-2.209678151659685286e-01,-7.169263298093764281e-01,-4.408056139632738901e-01,2.147577987646333564e-01,7.027343487866706262e-01,6.297176875697703125e-01,5.723452078161285206e-01,5.108382303990432333e-02,6.150553450381954779e-01,1.997919960136960646e-02
2.490493238475156301e-01,-3.909480170972610968e-02,6.259296992884699762e-01,1.000000000000000000e+00,6.510051806528687202e-01,8.165366399172767631e-01,8.302134671331589111e-01,5.707738995890921929e-01,7.653601602129029846e-01,4.441083307597599172e-01,1.264877894472717368e-01,7.338009190675124360e-01,-1.507365808416717967e-01,5.220757138942904163e-01,7.842123183147307053e-01,6.422492894101791139e-01,8.059063208673027390e-01,6.926756912605276373e-01,8.623042056789559373e-01,6.516174032867905197e-01,6.655500145560248049e-01,1.404328092780465775e-01,2.480179858267492488e-01,5.412122050086364267e-01,2.941174593202143805e-01,2.416328622145432533e-03,2.580773237583128821e-01,-2.398366323156515822e-01,4.345655488495211993e-01,-1.923276835618285552e-01,4.419489509625768586e-01,9.226871061759908677e-02,8.008161353764253754e-01,8.413443855174876918e-01,1.764902561591607522e-01,5.304093551545947527e-01,7.224685050437653633e-01,5.287489849904953854e-01,1.684748485971083731e-01,6.901168390526435381e-01,-4.718459243952319859e-01,-6.148862690733356562e-01,-4.520528501805594068e-01,-7.361411237861792412e-01,-4.127032364535009046e-03,-1.547552007072254265e-01,-1.227402098751995962e-01,5.460183264942675141e-01,-9.580894072086744082e-03,-3.141429114276609869e-01,-6.109950194371988053e-01,-1.192177323277204826e-01,5.458190549075475628e-01,-5.092461052210105199e-02,-2.423955578067065741e-01,-4.076910867455943999e-01,5.246085108658386092e-02,-3.614761400426738658e-01,3.736878509972540452e-01,4.929998731866367528e-02,-1.856998128780456003e-01,3.818923239232211442e-01,3.586425742055507349e-02,-2.994229597557176437e-01,-4.966634309179071560e-01,-1.969573730570227943e-01,2.289402321963369402e-01,-3.431600104209581170e-01,-6.088240855151680897e-01,-6.740457770095458212e-01,-7.707634413336218460e-01,-3.923305866160070599e-01,3.823449501547651619e-01,6.039476833147711110e-01,4.717512975861228308e-01,-1.969118028335366810e-01,3.685811988350261581e-01,-7.710722966007030332e-02
7.254260824814096065e-01,1.940121205002389437e-01,9.504011756316737003e-01,6.510051806528687202e-01,1.000000000000000000e+00,4.180865043817582061e-01,7.781069174374525277e-01,7.072786317143977541e-01,3.543887022798167252e-01,-1.293846346246830224e-02,-5.820930502830564679e-01,2.751624830093400975e-01,-4.810476454730069906e-01,6.057454314723284550e-02,2.642624140862699922e-01,1.716893802502716948e-01,3.168100438091605020e-01,7.954707395973883433e-01,4.487177994551395654e-01,8.348214788169880940e-01,3.729662585434783545e-02,-4.934842865302078718e-01,2.310892045799478253e-02,-6.120429437390381699e-02,-3.898318059826171716e-02,-6.661527113808456413e-01,-1.972863189125321215e-01,-8.133437786351156440e-01,-2.206445741744455791e-01,-7.856483007297005994e-01,-2.104296181644181585e-01,-5.791247501295517797e-01,4.432303560460946201e-01,5.308482921049209047e-01,-7.090076547773062343e-02,1.635174726441485094e-02,5.705244572518254342e-01,1.598072492367481612e-01,-4.832300474178414795e-01,6.944371095602430710e-02,-8.266496151623723421e-01,-5.853302705817681195e-01,-8.082235913031406982e-01,-5.998474827923904185e-01,-1.599791744162394613e-01,-7.024360749645194302e-01,-5.144277509815543548e-01,-1.033485905886337153e-01,-5.623702734194877539e-01,-7.689766611168074029e-01,-6.849967539614639778e-01,-6.762500631563770348e-01,1.193012881987733226e-01,-3.445252503254912502e-01,-6.383680965053193379e-01,-5.753235102403849721e-01,-4.860730283054595646e-01,-5.553388868374402598e-01,6.751857807010132329e-02,-5.401201160380074695e-01,-3.136567564975849542e-01,2.162417834506344949e-01,-2.010588446051732037e-01,-1.346234649779825265e-01,-3.546130423411499311e-01,4.180275178913517298e-01,5.620475204875529096e-01,2.877022883854992163e-01,-2.261236514166559963e-01,-7.238756005556805651e-01,-4.340588153377782921e-01,2.233964376527639017e-01,7.151799346432102800e-01,6.747626609255080732e-01,5.988792885255984633e-01,4.876971031473127660e-02,6.319254495757186119e-01,4.848974741554403639e-02
1.913586997479983232e-01,2.838624138949280007e-01,3.861624929178230636e-01,8.165366399172767631e-01,4.180865043817582061e-01,1.000000000000000000e+00,5.579722462971746788e-01,6.755889979451882299e-01,8.846334855347748327e-01,7.474209832971008272e-01,3.077804991037699223e-01,8.685173906239328501e-01,2.615933477735021828e-01,7.608263633453981045e-01,6.482502735504227509e-01,8.393322169986942027e-01,7.332598455079291089e-01,6.429020021835911702e-01,8.396709943289445421e-01,6.031341035336535983e-01,6.311465479674013279e-01,1.274738929001655030e-01,-8.770256793631082959e-02,7.001668472651532138e-01,6.234640460444654808e-01,2.108730870549212488e-01,5.712298772778386935e-01,4.024684608956033416e-02,4.230141226947521371e-01,3.126800655288992231e-02,6.507440798690479200e-01,1.679520929656862782e-01,6.476010265880858263e-01,7.478459827534510440e-01,2.489799670747311899e-01,6.543804649559864517e-01,8.570531692423632997e-01,5.124315883555193851e-01,1.570781571895563389e-01,7.133701415684884362e-01,-1.398191312157954225e-01,-2.702732154389134722e-01,-4.318745115640513221e-01,-8.570128596654243980e-01,-3.565382057106273872e-01,-1.212050190090471075e-01,-3.230197301363973983e-01,4.337533255302044588e-01,-7.371034863843468898e-02,-1.162441327734576313e-01,-6.291213089003181436e-01,-4.469804738892915047e-02,3.804823788462003975e-01,-2.197341332712473005e-01,-1.705620080711331699e-01,-5.031482572538941156e-01,-3.569245122130630665e-02,-4.324840810777682565e-01,1.003998315133424191e-01,-1.713017724466119746e-02,-4.844181673440894342e-01,6.128218316454207143e-02,-2.143102793623485602e-01,-3.993496143411884858e-01,-5.090629365021513975e-01,-2.595398728886896267e-01,8.277493612416158067e-03,-5.860431804644511411e-01,-8.551300932048679915e-01,-6.512367707736874678e-01,-8.311075015811890676e-01,-5.648326985727836202e-01,9.574390255209054568e-02,3.457434288065212580e-01,3.541844268082636887e-02,-5.815190366481616246e-01,-6.502286089624470522e-02,-4.043392690088870034e-01
3.574217248517270185e-01,-1.898505847694975379e-01,7.636695615723239072e-01,8.302134671331589111e-01,7.781069174374525277e-01,5.579722462971746788e-01,1.000000000000000000e+00,5.461358437661919529e-01,5.905309837980632359e-01,9.480714183775612591e-02,-2.110086307542539397e-01,4.876381165809851037e-01,-4.813876796751780374e-01,2.133080207849440968e-01,6.523124017401519259e-01,3.407748911768375133e-01,6.311611890019785953e-01,6.889119903674195688e-01,6.683492019239153370e-01,6.111606539529329529e-01,4.561272515557465157e-01,-9.480326762566737911e-03,3.756507549441217564e-01,2.393098186303259933e-01,-2.513185563453848234e-02,-2.706706948684355352e-01,-8.325736760842332440e-02,-4.854654007513294900e-01,2.121904360243715704e-01,-4.036448509713372879e-01,1.275900319622229884e-01,-1.040527817373076841e-01,6.760392912801500565e-01,7.405576912852120941e-01,5.137853788819573414e-02,2.654922981051004438e-01,5.561228057873915942e-01,3.713216492285442705e-01,-1.309361917989259293e-02,4.368313483698945121e-01,-7.039103323017485980e-01,-7.467442831614494736e-01,-5.357255471326938245e-01,-5.702546424259145041e-01,1.557247452068352966e-01,-3.239953110120267765e-01,-8.666421110406161143e-02,4.214664188571499714e-01,-1.248145059343603314e-01,-5.308168454551330795e-01,-5.649656218171783539e-01,-2.948692313165756640e-01,5.071331120109964230e-01,-1.479285231671648854e-02,-3.625105568577789983e-01,-3.378975031835039777e-01,-5.898712358231782832e-02,-3.406841014007107038e-01,4.253909422040586530e-01,-8.687528044064483923e-02,-3.618673073457487344e-02,4.777597502097874482e-01,1.352392973729814596e-01,-9.745909369966851421e-02,-3.873868704392902096e-01,2.193096088662978629e-02,4.560097701020286443e-01,-2.987014999178673469e-02,-3.396278237025566749e-01,-6.893453296865403868e-01,-6.271414457938252474e-01,-1.261033931935051089e-01,6.337769406443632958e-01,6.588496430062049658e-01,7.049687297810870446e-01,1.450896305433650446e-01,5.862817578043842959e-01,9.131090051503143457e-02
6.412078242157820407e-01,5.653915723034298457e-01,7.113637792370449686e-01,5.707738995890921929e-01,7.072786317143977541e-01,6.755889979451882299e-01,5.461358437661919529e-01,1.000000000000000000e+00,5.971409303588012252e-01,4.458975605498846639e-01,-2.535818847562494871e-01,6.297494282160902568e-01,8.340726366430538385e-02,5.172766335877886368e-01,2.283360964164032059e-01,5.603215330550773698e-01,3.678171120802515293e-01,8.273263026516940455e-01,5.420692855247293274e-01,7.716468466760414424e-01,1.701833371689759900e-01,-3.864590143694846547e-01,-3.553117989507259544e-01,3.077074120857609119e-01,4.946862963170229888e-01,-3.152148824020830076e-01,3.147342884517977391e-01,-4.364893343822071059e-01,-4.198452544279358822e-02,-5.021851151616530951e-01,1.553759780055054829e-01,-4.243339948413633600e-01,4.313069389652967600e-01,4.626947934501877135e-01,1.845969115336024702e-01,3.613808588900689345e-01,8.614724636837546301e-01,3.323401399378070886e-01,-3.927904013339869604e-01,2.862425466405900676e-01,-4.564745214626692027e-01,-2.731196074483918657e-01,-8.333700622950211967e-01,-8.373620296130122043e-01,-6.069177004727579483e-01,-6.307626209408464524e-01,-7.177334120798467554e-01,-1.111017691192358325e-01,-5.627014933744418634e-01,-4.661596712127100139e-01,-6.633567231249840601e-01,-5.216283351712415195e-01,-1.077707407299114128e-01,-5.248580451446620554e-01,-5.003657793516717023e-01,-6.487424078694922214e-01,-5.019752539113854217e-01,-6.490265690192122960e-01,-2.232875810288048879e-01,-5.601941119366253830e-01,-6.825597606410842566e-01,-1.323809742123616406e-01,-5.323607216115655572e-01,-3.739201007301093393e-01,-5.349523276573882047e-01,1.941058176656773326e-01,1.796268304599503707e-01,-1.125399143442354366e-01,-6.931901273816613029e-01,-8.019584376672000969e-01,-7.024788107744557308e-01,-1.375491091866432314e-01,3.327959875989904837e-01,3.396946454124790127e-01,8.539735147692605055e-02,-4.870290707019210852e-01,7.926238161509048530e-02,-4.541793396019401796e-01
1.612432450633935477e-01,1.774802484193507002e-01,3.162423247753778366e-01,7.653601602129029846e-01,3.543887022798167252e-01,8.846334855347748327e-01,5.905309837980632359e-01,5.971409303588012252e-01,1.000000000000000000e+00,7.361414419880960569e-01,3.220780653011968142e-01,8.511699952887331611e-01,2.038821783167151236e-01,7.291962169604458976e-01,6.711226207220026829e-01,7.536754265924290319e-01,6.863927790101442827e-01,5.364616965236016499e-01,7.793883265769234736e-01,5.226907997892814572e-01,6.044950168558965720e-01,1.489661467890859570e-01,-3.876504207464175761e-02,6.331417825379549447e-01,5.063532177416799618e-01,2.369367832507312255e-01,5.211607498939966332e-01,7.791516278070471924e-02,4.209338994703292203e-01,8.336481417270327765e-02,6.248461910732096003e-01,2.287336274976393691e-01,6.619426338419319711e-01,7.991513592512969888e-01,3.394257239468101428e-01,6.377472567581958796e-01,7.615873861224948804e-01,4.037919045111945660e-01,1.605717791102052039e-01,6.662812969847811129e-01,-1.169626354815077041e-01,-3.046880121436260636e-01,-3.480503370586485734e-01,-7.817005129961301924e-01,-2.844019122799246180e-01,-6.890705373909651599e-02,-2.411796896284497393e-01,4.707034290061000714e-01,-3.895339094382145595e-02,-8.374628226417787924e-02,-6.216635947226691883e-01,-1.810166470224362778e-02,4.649695734419672100e-01,-2.100017577278634473e-01,-1.867962415694849887e-01,-4.992363514137265756e-01,5.730723119559157086e-02,-4.451217607331477422e-01,8.097063276317471858e-02,4.032836052724679543e-02,-3.704877656193273916e-01,5.545281961385423869e-02,-1.674568292588400620e-01,-2.771447278602083841e-01,-3.994726172306954926e-01,-2.565053135045246568e-01,-2.356682338574174820e-02,-5.887017977012977132e-01,-8.114317337715328815e-01,-5.634423606579657129e-01,-8.114680676281322835e-01,-5.684975772861047272e-01,6.750526017511050691e-02,3.334752625761043254e-01,1.476070293741094108e-01,-4.145220342975811656e-01,-5.503602888212884986e-02,-3.409687873671281011e-01
7.007571637757999822e-04,4.142677714306512438e-01,-1.498049654634407875e-02,4.441083307597599172e-01,-1.293846346246830224e-02,7.474209832971008272e-01,9.480714183775612591e-02,4.458975605498846639e-01,7.361414419880960569e-01,1.000000000000000000e+00,5.467568476435435976e-01,7.474196744943381043e-01,6.414964873890098840e-01,8.093374102388836144e-01,3.588787891908987171e-01,6.763948223919139524e-01,3.962870535125125326e-01,2.784698249269977888e-01,5.205143216287094754e-01,2.720761351614171542e-01,4.299455860070769408e-01,1.383353268144887349e-01,-4.058362981696645999e-01,6.343510251990368554e-01,7.083231409122507927e-01,4.373525412134897650e-01,7.368134609317392725e-01,3.501932567970392762e-01,4.241127481384324716e-01,2.692581823850695444e-01,6.558300034352541052e-01,2.720618935721036413e-01,4.157266614709565489e-01,4.669349526432687303e-01,5.582319697718020057e-01,6.673029118688722505e-01,6.254804932780034799e-01,3.488854192681833943e-01,1.741008859916479135e-01,5.748916700125373813e-01,2.690623965109926186e-01,8.039317914120114317e-02,-1.760057732045123557e-01,-6.890187860501175710e-01,-5.815828981490925864e-01,6.156029953827228673e-02,-3.323877174856368355e-01,2.554098298519279497e-01,-2.716612487060406783e-02,2.567085906362509551e-01,-4.090851236935577062e-01,1.376582841054090900e-01,8.850753353977078297e-02,-3.698129459909103578e-01,1.135753462320298300e-02,-4.548046836042793917e-01,3.835820154226488726e-02,-4.028747788532071605e-01,-2.541018256850228751e-01,-1.037825747607491137e-03,-5.577394528082142422e-01,-3.186457826098086366e-01,-4.233558195134918267e-01,-3.508245790893747551e-01,-2.581037577706800090e-01,-3.326338833792770733e-01,-4.349544509346346399e-01,-7.266851277757262473e-01,-8.382126266302332152e-01,-2.665947120703141549e-01,-6.393404117353913563e-01,-6.428211340383902517e-01,-3.767215157812530690e-01,-1.122562931156874666e-01,-3.089250221597986124e-01,-6.408369268145224229e-01,-4.072461072513474667e-01,-5.534422073732780945e-01
-6.137236875017593185e-01,-1.481221287466926440e-01,-5.765941906917466664e-01,1.264877894472717368e-01,-5.820930502830564679e-01,3.077804991037699223e-01,-2.110086307542539397e-01,-2.535818847562494871e-01,3.220780653011968142e-01,5.467568476435435976e-01,1.000000000000000000e+00,4.928038466206811630e-01,6.037669546179869062e-01,5.934560567069726567e-01,4.465715532880402128e-01,5.244966811035444154e-01,4.348316125609389404e-01,-3.022164019156508008e-01,3.347561679934502044e-01,-4.010156982498185863e-01,6.470301443997950042e-01,7.833937750072684780e-01,1.289095033298343629e-01,7.366758102454594725e-01,4.734310333112652369e-01,9.168214748817397064e-01,6.564554053810951473e-01,8.474341897175422522e-01,7.754621426808252505e-01,8.474576897613260718e-01,8.233205718175541366e-01,8.671330261354930347e-01,3.190644868378458288e-01,1.102828758016930200e-01,4.052400253469797264e-01,6.602529161428263293e-01,6.402316159625935643e-02,4.655756735835612781e-01,8.054863325183435618e-01,6.773300303086401408e-01,6.605736897577629829e-01,1.074060075366246730e-01,5.486549439243890713e-01,-1.311000040414034284e-02,8.817116589088101752e-02,7.541599809110837160e-01,4.493439020180091115e-01,6.252636930229160672e-01,6.992242411756872666e-01,7.341404432888148923e-01,2.793618619693514216e-01,7.959010725509256812e-01,3.036661116792486736e-01,3.855733742698417288e-01,6.702027316214906882e-01,3.123970057852970550e-01,6.640178846337385643e-01,3.831925335020571755e-01,2.416463686643433306e-01,6.984371214798191785e-01,8.581394319676580174e-02,5.393768939083919134e-02,2.207318397120874576e-01,-2.340369512520179551e-01,-1.885655919394516322e-01,-8.165831758802517548e-01,-6.240034083056502645e-01,-8.163066816130343240e-01,-4.176497107174377832e-01,2.464069864661440068e-01,-3.174160635064114389e-01,-7.926255148974633569e-01,-6.634882132653164843e-01,-3.559057426380338729e-01,-3.542731205086693258e-01,-3.927142217576680139e-01,-5.228957647910437156e-01,-2.416249907312464917e-01
1.052534062057108866e-01,2.662284049866306956e-01,2.703835009975617543e-01,7.338009190675124360e-01,2.751624830093400975e-01,8.685173906239328501e-01,4.876381165809851037e-01,6.297494282160902568e-01,8.511699952887331611e-01,7.474196744943381043e-01,4.928038466206811630e-01,1.000000000000000000e+00,4.036376923356249091e-01,9.041253583326808174e-01,6.779557445970048057e-01,9.086573065303374941e-01,7.690901406208057178e-01,5.515628120151014890e-01,8.405773359266391909e-01,4.452537439135166308e-01,7.270763684543385397e-01,3.022794684903160056e-01,-7.085724824544714640e-02,8.546451350887035447e-01,7.268506412093540536e-01,4.007631455467929316e-01,7.269988706094787645e-01,2.106871845241714281e-01,5.945295192235220405e-01,1.750490397393350550e-01,7.844944384206234966e-01,3.162991655370390176e-01,7.496846828304882804e-01,6.427719472312115601e-01,4.565279582985117823e-01,8.497767397899097519e-01,8.117074446065948301e-01,6.809787430061642333e-01,3.266274451087611275e-01,8.325326486565164386e-01,1.262130816763606597e-02,-2.791205610246009772e-01,-3.416639702600305917e-01,-7.614486999585367011e-01,-3.160757538164281621e-01,1.724910999403037395e-02,-2.074835521522175596e-01,4.969635824970806137e-01,1.020453765287461789e-01,6.397307478616534593e-02,-4.435055238305440906e-01,1.336722495408411981e-01,3.312977324041423421e-01,-1.015933237827459090e-01,3.306538643269826133e-02,-3.258050249800828468e-01,9.929108767510652633e-02,-2.969057781638541615e-01,1.130288064260474151e-01,1.294366626083450489e-01,-4.454330659383423652e-01,5.802065597873946184e-02,-1.734690593427041794e-01,-5.341638079470402145e-01,-6.394283424294749940e-01,-4.777332062427497861e-01,-2.273164531621118534e-01,-7.329405572361059606e-01,-9.022898236958067919e-01,-5.414591149816938564e-01,-9.078592228618159732e-01,-7.429399566368783958e-01,-1.064857382282072273e-01,2.340220194111241048e-01,2.007954785120538710e-02,-6.087486077238413174e-01,-1.858120722925475921e-01,-5.038736667286162207e-01
-2.580670734376043773e-01,5.241908519904915353e-01,-4.405481348024094523e-01,-1.507365808416717967e-01,-4.810476454730069906e-01,2.615933477735021828e-01,-4.813876796751780374e-01,8.340726366430538385e-02,2.038821783167151236e-01,6.414964873890098840e-01,6.037669546179869062e-01,4.036376923356249091e-01,1.000000000000000000e+00,6.775548215364413096e-01,-1.176235142313434567e-01,4.604234768077094531e-01,-1.644061558933752887e-02,-1.570459540053240344e-01,6.815784353523894612e-02,-1.717578772089528305e-01,1.656424432734170671e-01,2.290445389205403026e-01,-6.250350796172681189e-01,5.368051700708124097e-01,7.999305127854887676e-01,6.048444401327441877e-01,8.390579691863376821e-01,6.818327664330117166e-01,2.470871454828938163e-01,5.241506286357733302e-01,5.710839454836929008e-01,3.394190199245248341e-01,-6.292918340340689087e-02,-1.089409414107284091e-01,4.162905750899575930e-01,5.216671261191601072e-01,2.219189128044403436e-01,2.311733343150021158e-01,2.085739855926960762e-01,2.821975266496148937e-01,7.179016170460000845e-01,5.981848416792057144e-01,9.974873780682480540e-02,-2.434910637848760051e-01,-5.858563373698875143e-01,2.248523948170230158e-01,-2.223721521632849030e-01,-2.131907502048454445e-02,9.925511596346586751e-02,4.896239223597144141e-01,9.189884993974781202e-02,3.128950345023534529e-01,-2.102104637062374992e-01,-2.281955782567465785e-01,3.121266591520480138e-01,-1.024966727775324243e-01,-3.632526780753189688e-02,-1.209601160215733884e-01,-4.624634159078829243e-01,8.644508464434912109e-02,-5.496994187123500630e-01,-5.595198167484387586e-01,-4.339410494950697306e-01,-5.426981449777155131e-01,-1.424302754361429779e-01,-4.353358642544961632e-01,-6.813345858734217719e-01,-6.371502855027992851e-01,-5.463981840057944295e-01,2.186781432357208788e-01,-2.509628107937635355e-01,-5.454422214561819304e-01,-7.421468018391483845e-01,-4.011151752404432669e-01,-7.645081729749603205e-01,-7.126334683904913536e-01,-7.768192828503193148e-01,-7.057538589741499946e-01
-1.017288252424495935e-02,3.953392562814124211e-01,6.673690695397006822e-02,5.220757138942904163e-01,6.057454314723284550e-02,7.608263633453981045e-01,2.133080207849440968e-01,5.172766335877886368e-01,7.291962169604458976e-01,8.093374102388836144e-01,5.934560567069726567e-01,9.041253583326808174e-01,6.775548215364413096e-01,1.000000000000000000e+00,4.967105784042253336e-01,8.954425657331520627e-01,6.092364684053233059e-01,3.709783874537557757e-01,6.803379282247172810e-01,2.799670943804129508e-01,6.305908765178334097e-01,3.302119648830216803e-01,-2.924815137935836695e-01,8.848672200738573190e-01,8.774471383864083096e-01,5.394870030542304740e-01,8.984129128633004946e-01,4.131773635623174901e-01,5.733258680051854794e-01,3.212449687825238986e-01,8.100413033924072082e-01,3.574895754743261378e-01,5.925689641624272141e-01,4.380201796329534769e-01,5.606246393298942587e-01,8.794936254431798828e-01,7.095423501240805120e-01,6.507804772406050597e-01,3.356370782685279552e-01,7.580154857434229232e-01,2.667764363252111970e-01,-2.053093082555036003e-02,-2.387517798183517170e-01,-6.861919093144535076e-01,-4.596408635193747205e-01,9.080200165964730230e-02,-2.392345495658980969e-01,3.751341383455460421e-01,1.328721621992201285e-01,2.461309019702604683e-01,-2.826006776833686063e-01,2.371554635357033813e-01,1.463073803761832936e-01,-1.574114984220849334e-01,1.611846657072074362e-01,-2.964161193211152234e-01,6.015748188682492475e-02,-2.608863435554389931e-01,-8.201209167404270584e-02,1.290125566617081609e-01,-5.521947112234921740e-01,-1.651994356510782525e-01,-2.985458452648029337e-01,-6.548050409440276942e-01,-5.721383182157189218e-01,-5.553963503832466397e-01,-4.664158180078998295e-01,-8.054875747064528246e-01,-8.896063455882596838e-01,-3.068658619881785565e-01,-8.081703868087383169e-01,-8.021174600402687371e-01,-3.759025132799555524e-01,4.941328042451316460e-02,-2.492298283767701850e-01,-7.322736323079221954e-01,-4.412342742425083286e-01,-6.945030070580936465e-01
-1.631957844181227413e-01,-3.518278224544568733e-01,2.314718444802874031e-01,7.842123183147307053e-01,2.642624140862699922e-01,6.482502735504227509e-01,6.523124017401519259e-01,2.283360964164032059e-01,6.711226207220026829e-01,3.588787891908987171e-01,4.465715532880402128e-01,6.779557445970048057e-01,-1.176235142313434567e-01,4.967105784042253336e-01,1.000000000000000000e+00,6.622643029461693365e-01,8.822710079147283446e-01,3.134515155814187604e-01,7.812772772059484172e-01,2.357057759975114131e-01,8.223270460968323814e-01,5.483827001679530966e-01,5.492036777751168053e-01,6.686625456678887414e-01,2.009933884811738458e-01,3.871478982300823324e-01,2.817972343386096479e-01,1.308021333908168937e-01,7.319456703640239148e-01,2.128578015958683123e-01,6.174129936591093992e-01,4.814564305226324281e-01,8.152974924829452519e-01,6.605411447059145180e-01,2.394322392696822954e-01,6.166846735111295441e-01,4.694096757080096216e-01,6.022327131394226152e-01,5.818798996374017207e-01,8.028751630320356547e-01,-1.633693684985112748e-01,-5.859993411094288618e-01,-2.741218546374419359e-03,-3.972529781568156504e-01,3.250086931101764387e-01,3.045668631647160396e-01,3.026362679017395307e-01,7.780251096688041157e-01,4.437592429300661889e-01,5.822413728741413635e-02,-2.534432475042390775e-01,3.369710345074345414e-01,6.344754571215319716e-01,3.838397955337031209e-01,2.039571852615886527e-01,3.662885746369504147e-02,5.000037999293507340e-01,8.447599856859044909e-02,6.131846408354056921e-01,4.763682184266782027e-01,1.448117695930558613e-01,5.437204610364456681e-01,4.141709997772934360e-01,-1.964781451444946869e-01,-4.649714344871604399e-01,-5.058743090696636857e-01,1.461326914879691567e-02,-5.233410855612513624e-01,-4.907985950838050782e-01,-4.222299895491039012e-01,-6.839803400185027193e-01,-6.059271147525582268e-01,1.501878671814537158e-01,4.048969441056967100e-01,4.243981346326698434e-01,-1.056814105191106606e-01,1.789786315725551968e-01,2.584224709932607389e-02
-1.011427891340598028e-04,2.741363197037546273e-01,1.528740681675788138e-01,6.422492894101791139e-01,1.716893802502716948e-01,8.393322169986942027e-01,3.407748911768375133e-01,5.603215330550773698e-01,7.536754265924290319e-01,6.763948223919139524e-01,5.244966811035444154e-01,9.086573065303374941e-01,4.604234768077094531e-01,8.954425657331520627e-01,6.622643029461693365e-01,1.000000000000000000e+00,7.822908931695481405e-01,4.620394546262795998e-01,8.044673533835583479e-01,3.785071499680850993e-01,7.339602385556884823e-01,3.788014068302280046e-01,-6.144111774721838781e-02,9.029811775634426496e-01,7.924355147379429365e-01,4.774672795554392168e-01,7.756421883699785580e-01,3.098677548818672411e-01,6.013872041930683476e-01,2.638721850667006819e-01,8.190789573049575001e-01,3.565599917827234622e-01,6.694700408166696093e-01,5.149642779739271869e-01,3.421729115850477010e-01,8.284356434833722860e-01,7.694421079422854026e-01,6.882220857244049084e-01,3.898570549608479374e-01,8.076641672861908372e-01,1.167626579292905531e-01,-1.508066968519862217e-01,-2.544307521828107488e-01,-6.710161692497972341e-01,-2.860025747107548533e-01,8.770904548143633461e-02,-1.519314930671917530e-01,4.825262198095423560e-01,1.879267775277701780e-01,1.414341141508939081e-01,-3.428992090354607281e-01,2.271159899842997987e-01,2.945625805404600839e-01,8.436926676436270686e-03,1.426097474027581968e-01,-2.202169104581493675e-01,1.145040697190892048e-01,-1.702869441517690929e-01,1.506617035072917443e-01,1.918177631016310669e-01,-4.225955511811830823e-01,6.589187971663264254e-02,-1.201523194078254336e-01,-5.942993821669143584e-01,-6.636915809554974066e-01,-5.372561880268555967e-01,-2.428407280929732459e-01,-7.270957861440070502e-01,-8.538340433768797366e-01,-4.871292221015847135e-01,-8.215409863359792730e-01,-7.425646942727853750e-01,-1.459034609976563590e-01,2.047095998907880465e-01,-1.419414519446708656e-01,-7.375609860240557314e-01,-3.053549466738978979e-01,-5.386334265937737786e-01
-4.067748032450905354e-02,-2.115443022155173713e-01,2.942228902238140931e-01,8.059063208673027390e-01,3.168100438091605020e-01,7.332598455079291089e-01,6.311611890019785953e-01,3.678171120802515293e-01,6.863927790101442827e-01,3.962870535125125326e-01,4.348316125609389404e-01,7.690901406208057178e-01,-1.644061558933752887e-02,6.092364684053233059e-01,8.822710079147283446e-01,7.822908931695481405e-01,1.000000000000000000e+00,4.852502283273798511e-01,9.182809276758741035e-01,3.550607059633731910e-01,9.052894756355137629e-01,5.441602523644645251e-01,4.627158224193897440e-01,7.749703191694369275e-01,3.513814837775421362e-01,3.828142960461634603e-01,3.855675495792275087e-01,1.145199471947917075e-01,7.513259321268450641e-01,1.729615796599281996e-01,6.907281375820287783e-01,4.328271321364730029e-01,8.318814385376465115e-01,5.993294750958194639e-01,2.088629825256906880e-01,6.880665932790468453e-01,5.695530037232808818e-01,7.576875792089375894e-01,5.470600444017522657e-01,8.751074983538419394e-01,-1.933210855330266820e-01,-5.970494111986875962e-01,-1.282793036118598240e-01,-4.853530354960190474e-01,2.138014946587030174e-01,2.179869739665328265e-01,1.953113226745537001e-01,7.465154314452547846e-01,4.018207623272145312e-01,4.215901277646479095e-02,-2.786636460714299046e-01,3.139112934604056937e-01,5.555818825056491050e-01,3.633588609394461932e-01,2.017954697841754241e-01,1.457108114509293208e-02,3.905574288453869669e-01,8.297979826711807116e-02,5.832603652435380814e-01,3.839299367340237024e-01,2.598399860964616462e-02,4.874304488681505676e-01,3.284331080874393627e-01,-3.674358833222534093e-01,-6.852630144030675829e-01,-5.654542032826583853e-01,1.605808840069805621e-02,-5.403335856948571214e-01,-5.717379109404054915e-01,-4.723072103545267741e-01,-7.491164682592380553e-01,-6.452560752494332919e-01,1.282463211786815105e-01,3.410391203380627179e-01,3.668625722385569499e-01,-3.090258822467409350e-01,1.094278601788806204e-01,-6.967685267334568222e-02
6.944966516955154434e-01,3.751549066577292701e-01,8.275340958647574574e-01,6.926756912605276373e-01,7.954707395973883433e-01,6.429020021835911702e-01,6.889119903674195688e-01,8.273263026516940455e-01,5.364616965236016499e-01,2.784698249269977888e-01,-3.022164019156508008e-01,5.515628120151014890e-01,-1.570459540053240344e-01,3.709783874537557757e-01,3.134515155814187604e-01,4.620394546262795998e-01,4.852502283273798511e-01,1.000000000000000000e+00,6.612674738425481369e-01,8.252164698078590099e-01,2.387696842741728054e-01,-3.160158767339290575e-01,-8.783953123992839507e-02,2.622259408767493305e-01,2.962330333798829374e-01,-4.163753353934269708e-01,1.581761979478408520e-01,-5.717563949060946449e-01,-1.525821007725814554e-02,-5.893009357754906974e-01,1.604127184745091361e-01,-3.542951423461097593e-01,4.975857402477026348e-01,5.638077912082637422e-01,-8.201518187179320310e-03,3.024869638142175798e-01,7.974240481171285255e-01,4.175280174745665263e-01,-2.848422341620261977e-01,3.500348090213618035e-01,-6.666110970647628475e-01,-5.130703933810278894e-01,-8.183993822730341039e-01,-7.682865903457182233e-01,-3.500156788614752212e-01,-6.136984842702600806e-01,-5.607007472448467533e-01,8.009471554136406157e-02,-4.923292766885002947e-01,-6.044476973031857048e-01,-7.132031473106903441e-01,-5.573643354375089620e-01,1.268113373524767107e-01,-3.983148369945516687e-01,-5.554264401396349360e-01,-5.785269938532524581e-01,-4.302196792623845800e-01,-5.466563674009928819e-01,1.897943264092717339e-02,-4.441133600506211865e-01,-4.696183468279763185e-01,1.046245911810397972e-01,-2.883709153559448901e-01,-3.042999714701275504e-01,-5.957796992638929590e-01,1.730473839734312513e-01,3.755242503589473202e-01,-5.291151495779255337e-02,-4.995306033836100501e-01,-7.717966109358622706e-01,-6.230928801318617039e-01,-6.522491858497109218e-02,5.092365890288442776e-01,4.916219267861094977e-01,3.758939317621555198e-01,-2.886790098991239284e-01,3.449787656256338986e-01,-1.601745318774421833e-01
1.485706723343692137e-01,3.258058640361180536e-02,4.313910998060014879e-01,8.623042056789559373e-01,4.487177994551395654e-01,8.396709943289445421e-01,6.683492019239153370e-01,5.420692855247293274e-01,7.793883265769234736e-01,5.205143216287094754e-01,3.347561679934502044e-01,8.405773359266391909e-01,6.815784353523894612e-02,6.803379282247172810e-01,7.812772772059484172e-01,8.044673533835583479e-01,9.182809276758741035e-01,6.612674738425481369e-01,1.000000000000000000e+00,5.607869095633116752e-01,8.246341344192051892e-01,3.476252026831930797e-01,2.313496714866400961e-01,7.523443344239868491e-01,4.694600300647785440e-01,2.303565701764484774e-01,4.787128072828553127e-01,-5.608181721288774645e-03,5.956132543849709249e-01,1.664218555337915531e-02,6.874804796551313713e-01,2.672078460450408310e-01,8.087949496944727423e-01,7.343331450835228758e-01,1.820687805087351785e-01,6.801363725587159514e-01,7.287618321894973050e-01,6.720049400095037262e-01,3.406194533915069544e-01,8.156592973258193213e-01,-2.667598416246289017e-01,-5.077350201413037833e-01,-3.350938046818639493e-01,-6.722413804380206193e-01,-3.888881239347043162e-02,-1.656256290182432991e-02,-6.487446216617996642e-02,6.161420921950594431e-01,1.457185574050000598e-01,-1.089528610291388838e-01,-5.084945735053277849e-01,8.467853141532268035e-02,5.471705051995702229e-01,1.001306537931016538e-01,-3.041370692174633419e-02,-2.544777248469386466e-01,1.388357428076084088e-01,-2.038602670331801092e-01,3.765495581303740513e-01,1.640141283072023559e-01,-2.189414708667478116e-01,2.796993352314439685e-01,1.221585074236511831e-01,-4.565244619334187792e-01,-6.824573639669252456e-01,-4.380689095378295095e-01,6.673878143804379270e-02,-5.398383382575728806e-01,-7.059141541709450518e-01,-5.698537787766967400e-01,-7.841103115886776109e-01,-5.538259725700204195e-01,1.709779291983377636e-01,3.734346373615221593e-01,3.106324690756814277e-01,-3.921159024788833380e-01,1.010604723433276148e-01,-1.720426943338972114e-01
7.144137799969133562e-01,4.738610267831829814e-01,7.999084323361387305e-01,6.516174032867905197e-01,8.348214788169880940e-01,6.031341035336535983e-01,6.111606539529329529e-01,7.716468466760414424e-01,5.226907997892814572e-01,2.720761351614171542e-01,-4.010156982498185863e-01,4.452537439135166308e-01,-1.717578772089528305e-01,2.799670943804129508e-01,2.357057759975114131e-01,3.785071499680850993e-01,3.550607059633731910e-01,8.252164698078590099e-01,5.607869095633116752e-01,1.000000000000000000e+00,1.041531298004792216e-01,-5.309701212629396316e-01,-2.045935172776634781e-01,1.127170671823310016e-01,2.374992274268691306e-01,-5.088972270463438807e-01,7.051028119973389019e-02,-6.391405901861716421e-01,-2.047463554741661418e-01,-6.403888927580402290e-01,2.574479448564092818e-02,-4.932278816597180926e-01,4.172161646778105859e-01,5.999982286952932897e-01,-9.719845562908006886e-02,1.347437198936055625e-01,7.009357978754779950e-01,1.880061559127894355e-01,-4.537520041238876645e-01,1.696304967937613539e-01,-6.219328847393241766e-01,-3.534125003171545987e-01,-8.007073954000382132e-01,-7.203462978377117576e-01,-3.879784410483781976e-01,-6.622473694990212989e-01,-6.655366764385153289e-01,-1.221240958013399963e-01,-6.031180926489683181e-01,-6.692507637713843716e-01,-8.403312881298463655e-01,-6.561491013589916266e-01,1.449989078926968711e-01,-4.909945634424714989e-01,-6.718682632910443209e-01,-7.219776905624963881e-01,-5.052397153265010266e-01,-6.632722872647499601e-01,-8.229891377285375453e-02,-5.261976014476739127e-01,-5.447996327639571534e-01,2.050676601359362194e-02,-3.504247262808814489e-01,-2.954092399402079017e-01,-4.082858783938259073e-01,3.644416286633800350e-01,4.508830226527771878e-01,7.032519582651880485e-02,-4.740288680278886835e-01,-7.011373008086319025e-01,-4.901444628067128106e-01,8.470884579137086257e-02,5.299763351406259204e-01,5.994429004906435265e-01,3.370833316377889743e-01,-2.668687549722179586e-01,3.935718775184227081e-01,-7.204261091897749825e-02
