1.000000000000000000e+00,3.801859505884376822e-01,3.658456864863775526e-01,3.510543069150420803e-01,2.343753780510975104e-01,1.940684149508168366e-01,2.675611478940820298e-01,1.818163414812396794e-01,1.742486449821774863e-01,2.325598770781641400e-01,1.332712371751964830e-01,1.058115311065524200e-01,1.074219627286608636e-01,1.101247375126822026e-01,9.715474443259657089e-02,7.685866157997471582e-02,6.432459413815401483e-02,5.559017408215417150e-02,5.907500808832576167e-02,6.960799024735833673e-02,9.776495013893536992e-03,2.503338717356627316e-02,-6.445526646541050331e-04,1.789392672249906849e-02,2.741979670553666357e-02,1.971120302220947737e-02,3.268112858634453222e-02,2.882873646709570997e-02,-4.392698146640602874e-03,-6.009977084249002420e-03,-1.319777882296765265e-02,-1.083687163424810855e-02,-1.893632276028012207e-03,-3.289540133155376134e-02,-1.473930691509674380e-02,3.362484682673159975e-02,2.783656687286774605e-03,-3.783950940749303965e-02,-2.163148092008486401e-02,-4.766348793489107172e-02,-1.786672469882751718e-02,-8.464794174244566136e-03,4.724013351214609996e-02,5.435736594866285611e-03,-2.928837307905914848e-03,1.311791765452737825e-02,8.825948719707600934e-03,1.818444025936433617e-04,2.071608031443428546e-02,8.702676311859574090e-03,-1.484368752984509092e-02,1.959592726843656894e-03,-1.269407340107559044e-03,-3.480161855510578023e-02,-9.969692833000256063e-03,-1.460601268211928969e-02,-3.537220407896048135e-02,-1.247684624521423064e-02,-1.855423524388691639e-02,-1.756284693857092238e-02,-1.874420102454423323e-02,1.246581875442155478e-02,-1.221099504727900242e-02,1.707505945313311443e-02,2.124822590076503454e-03,-8.009482851975892673e-03
3.801859505884376822e-01,1.000000000000000000e+00,3.407808384929819079e-01,2.397131596230460404e-01,3.805643502824255231e-01,1.975252770125597301e-01,2.153410373606929329e-01,2.277765691875168474e-01,1.501227352349754907e-01,1.744884354380558389e-01,1.553856124066003153e-01,1.049928250923295586e-01,8.721880851372042220e-02,1.234627024032481785e-01,9.647639073261891907e-02,6.147865335345875648e-02,8.033184606572241204e-02,7.887281910181660749e-02,3.549964322690851021e-02,4.151109693720560212e-02,4.858640675030283414e-03,-1.412710842188311111e-02,-2.502443552030387142e-03,-3.377707027871177346e-03,1.743335963513902367e-02,-1.879776776761904813e-02,1.456318486021252953e-02,1.144281381467289298e-02,-1.241524873416385670e-02,-3.513134449521010394e-02,-2.753895661286024157e-02,-2.360765661939711116e-02,-8.286465793658678511e-03,-8.732114050147067943e-03,-3.874196169650508115e-02,6.979296612236414628e-03,-3.444792794078044285e-02,-3.336398467024064701e-02,-2.743196671026979297e-02,-4.019689235088916984e-02,-1.923873584392577982e-02,-3.235366993187101248e-02,2.214504753978606411e-02,-2.717573253843884318e-02,-9.564726990689515840e-04,1.089505694408393101e-02,2.037302267240022335e-02,-1.306209844034714532e-03,1.645349928052566510e-02,2.930312465957635518e-02,-1.137982930712336423e-02,1.630555043727600212e-03,-1.547657247318525234e-02,-5.593530940262476242e-02,-2.511586022377594943e-02,-1.411954579225768031e-02,-3.444805695722553268e-02,-3.004782170354765650e-02,-2.404720173270260414e-02,-2.152471254579409535e-02,-2.129161586489714333e-02,1.647319668154316810e-02,-7.909422383355254813e-03,-1.464681521417452413e-03,7.715902471313638468e-03,-9.608401554108558437e-03
3.658456864863775526e-01,3.407808384929819079e-01,1.000000000000000000e+00,3.252582794550148426e-01,3.848184948683071593e-01,4.572763500968425876e-01,2.873616400963642237e-01,2.988977261477537839e-01,3.269291277226236692e-01,2.380608468532209587e-01,1.980652836655625859e-01,1.620967960841847022e-01,1.165372269665704424e-01,1.661571796128683554e-01,1.517011948958916501e-01,9.529784127119153569e-02,1.143266588091036012e-01,7.799146936742508418e-02,5.393693541978689110e-02,5.367259510556417201e-02,-3.416247015530829087e-03,-2.247532420725416660e-02,-2.258122822527814863e-02,-1.176149966933370990e-02,1.285150452572922028e-02,-2.648304280761421686e-02,-2.951075480308113213e-03,-1.973018379832966115e-02,-4.371338077088997992e-02,-1.942019998337905090e-02,-6.549082679862421041e-02,-2.789621967507009345e-02,3.997733590326469841e-03,-1.084956025351672786e-02,-1.147415621062616332e-02,8.590266663961039842e-03,-2.717258601592148146e-02,-1.980612682295183891e-02,-2.255502611524299802e-02,-3.124432276496047489e-02,-1.802024333545224066e-02,-1.858913191340803503e-02,3.537996277941925921e-02,-1.114114454027805620e-03,-1.097187103506479071e-02,5.653059493780423090e-05,-8.400619355582006342e-03,-2.697263121260179940e-03,1.958289541186616911e-02,3.857741448887710284e-02,1.373865245063953834e-02,4.448677539148278293e-02,1.828999416178257384e-02,-2.916134954822657138e-02,-1.084044664763261431e-02,-2.853723867146198967e-02,-4.982736234892942012e-02,-3.223491934375722484e-02,-3.901682469877958831e-02,-3.684366430728681918e-02,-4.400464183976494914e-02,2.650808018508856931e-03,-4.220389659517310987e-02,1.268735872970906675e-02,-1.140257499375199081e-02,-1.702378253512149692e-02
3.510543069150420803e-01,2.397131596230460404e-01,3.252582794550148426e-01,1.000000000000000000e+00,3.652320819581137412e-01,3.711604618222869578e-01,6.025261506971926195e-01,3.036870399587401903e-01,3.056416280993104473e-01,5.240370683100706861e-01,2.390927143978489322e-01,1.950029575464225506e-01,1.914471716997424300e-01,1.826171763575440699e-01,1.744805389004241702e-01,1.445728800597630426e-01,1.128631846039648418e-01,1.003124426647153816e-01,9.986689808363290177e-02,1.158152287623911841e-01,7.666006655150736128e-03,4.505162484454366262e-02,-2.532664085532718937e-03,2.238900062358484960e-02,2.487310851274999318e-02,1.169358690733281712e-02,7.717714075613553264e-03,3.091869148782717958e-02,-3.560918627907264794e-02,-1.210930455848125212e-02,-1.607027598610522023e-02,-3.335304575260261001e-02,-1.270913432358985497e-02,-3.050829563797536823e-02,-1.851988323585100626e-02,1.625955378615892566e-02,-1.710724255343794298e-02,-3.159503418676372355e-02,-2.139299924958228821e-02,-3.692889586603161772e-02,-1.847428011104773962e-02,-1.234995379581752158e-02,5.204114275064588430e-02,5.000659579872332623e-03,2.902098920195946008e-03,3.170024718361082183e-02,2.873212682418258002e-02,3.131313914291490585e-02,4.257662402145094560e-02,2.242140989842856397e-02,-3.263145300326037584e-02,9.340724544888866568e-03,3.323822429806734188e-03,-4.318828809417513820e-02,-6.204133175716874775e-03,-1.331639934686195195e-02,-4.971290682545675965e-02,-2.068448040167448002e-02,-3.190310909392842648e-02,-1.152892331520468695e-02,-2.935980975318585456e-02,-8.431057692483999769e-05,-2.698262514194902165e-02,9.435411274053178907e-03,-3.382234371268422711e-03,-2.263092266673753794e-02
2.343753780510975104e-01,3.805643502824255231e-01,3.848184948683071593e-01,3.652320819581137412e-01,1.000000000000000000e+00,3.710250432909537044e-01,3.402483275154367104e-01,4.852492116946947043e-01,2.465068182121384621e-01,2.603209371375816428e-01,2.354532000953495630e-01,1.436461939216342187e-01,9.712995385884866384e-02,1.999887410709396129e-01,1.462987582657568619e-01,7.434047488066984621e-02,1.004614017548967897e-01,7.517894950966487466e-02,5.012689562079748751e-02,4.604044049353740037e-02,6.891705113188970164e-05,-1.775532422389268505e-02,-6.067787850817353036e-03,1.664816960382655558e-02,2.656576460770710899e-02,-3.640252097929151665e-02,1.310069776136663089e-02,-5.716738236886464292e-03,-2.333541701841375382e-02,-3.474560554301184268e-02,-3.855123423988227743e-02,-4.693335668678875333e-02,-1.229981256736702513e-02,-2.240645680250169872e-03,-2.950416037549220827e-02,-5.990511970912489742e-03,-7.479002740936484261e-02,-3.893755187567616433e-02,-5.089452604501301658e-02,-7.824089636046181739e-02,-5.017828534517788236e-02,-2.331474738374293004e-02,7.299290855289868041e-02,-8.483539404084035340e-03,-8.757269609875236935e-03,2.163518492821695990e-02,4.477601795849973226e-02,7.987162789393998860e-03,4.828712126219398409e-02,3.993424169437446297e-02,-2.695615275987310946e-02,3.261856278800260699e-03,-1.018515350189184640e-02,-3.864325743780842176e-02,-2.153851861322579955e-02,-4.123127325722584363e-02,-5.905994632071286804e-02,-3.401331937625283464e-02,-5.768063406288041761e-02,-2.074897156563912382e-02,-4.081917281124559926e-02,2.158776342055665834e-02,-1.786911517801167276e-02,-1.291810325206786507e-02,-9.085003973630472601e-03,-3.705769834060865936e-02
1.940684149508168366e-01,1.975252770125597301e-01,4.572763500968425876e-01,3.711604618222869578e-01,3.710250432909537044e-01,1.000000000000000000e+00,3.423988674993662662e-01,3.766615283208661902e-01,5.662713432853352380e-01,2.792989063777048253e-01,2.375144266088255185e-01,2.390578277461912760e-01,1.293636126382129159e-01,1.968196546874301234e-01,2.348170015876736016e-01,1.301156141644549957e-01,1.717741026162205309e-01,1.405628505318160248e-01,7.964551801228117456e-02,8.670580263252106179e-02,2.221410480409276647e-02,-3.079927849788030841e-03,-3.851073922507590452e-02,-2.975209021341309462e-02,8.772250179712590828e-03,-2.558240918906539568e-02,-2.845365262153312993e-02,-3.863477130258198555e-02,-6.891171896474716785e-02,6.336633629794552166e-04,-6.260829763439586249e-02,-5.029330561607864292e-02,2.114771371635216016e-02,-9.036611113502021966e-03,-1.951064663081431352e-02,2.421467183132607059e-02,-3.688696263359972360e-02,-4.009690906309466840e-02,-2.602728378480995836e-02,-4.393147357238391670e-02,-5.944752624435590410e-02,-2.378241771251227848e-02,6.794001772897383107e-02,2.869115278621760246e-02,1.398666651109238719e-02,2.744839802369037143e-02,-6.827994937706265491e-03,2.285281177223951257e-02,4.349775869365734432e-02,6.025896611953675264e-02,2.160232283155178248e-02,5.264629834566463690e-02,4.209856534910150910e-02,-3.335157757623380750e-03,5.751047782551159523e-04,-3.008522074058583157e-02,-6.333726012912727077e-02,-3.323380425802471144e-02,-5.164519788151965274e-02,-3.686577223434015643e-02,-2.912506950431360472e-02,-4.772700056023082386e-03,-8.994972900926186468e-03,2.796355584940962702e-02,1.649965406729544601e-02,-1.686933506240479233e-02
2.675611478940820298e-01,2.153410373606929329e-01,2.873616400963642237e-01,6.025261506971926195e-01,3.402483275154367104e-01,3.423988674993662662e-01,1.000000000000000000e+00,3.616202814645034236e-01,3.564787788513256728e-01,7.052392912006162362e-01,3.178340830139225193e-01,2.553393955866442577e-01,2.530421932331025081e-01,2.471384251165369694e-01,2.284836276984496539e-01,2.027579254231373640e-01,1.537710733280308606e-01,1.305572305860240867e-01,1.124592392082133796e-01,1.402363166382712689e-01,-4.629204895544939032e-03,7.171960643881614139e-02,7.679819298163191241e-03,3.120351804577589303e-02,3.858138398323252005e-02,1.703571517322335568e-02,2.981469394407405479e-02,4.928976758763216337e-02,-2.689930310059334556e-02,-2.796641201031619534e-02,-1.622978278113308345e-02,-6.747797382898522434e-02,-1.969616075525319060e-02,-1.987875387176423272e-02,-3.476916251399985586e-02,8.946741463801243313e-03,-5.582572943211067812e-02,-4.863300263748607244e-02,-6.824251723339311293e-02,-8.333406852498302653e-02,-4.387826989561627311e-02,-5.023862198069977553e-02,6.362155351019596616e-02,-1.861968491487011809e-02,-2.181255680108846410e-03,3.310907614038097885e-02,4.670601234570142396e-02,3.138989845521928529e-02,6.871483448009475803e-02,3.018055718164188925e-02,-3.560259040535593278e-02,7.002346767824809597e-04,2.944237274748476296e-03,-4.462867798352355975e-02,-2.417756220636307213e-02,-2.067377271986823445e-02,-4.048992404014193497e-02,-1.999105504300447214e-02,-2.622548082203193451e-02,-1.982324300382305726e-02,-3.579911087415049709e-02,5.440805436828377237e-03,-2.522895257773099045e-02,1.100281291306235733e-02,1.517354206372275270e-02,-2.142436220557499341e-02
1.818163414812396794e-01,2.277765691875168474e-01,2.988977261477537839e-01,3.036870399587401903e-01,4.852492116946947043e-01,3.766615283208661902e-01,3.616202814645034236e-01,1.000000000000000000e+00,3.765159229162242660e-01,2.645039044223230773e-01,2.849043121678559998e-01,1.795876129141882049e-01,1.282478597165379874e-01,2.528305642783103546e-01,1.820787216739043757e-01,1.138867960359483539e-01,1.354477945500573988e-01,1.121354596742951681e-01,6.705593595133807483e-02,7.165235667740446623e-02,2.091936415144730194e-02,3.689557874039327279e-02,-4.835608356789846719e-03,1.240842500027512438e-02,1.207794312901483771e-02,3.716867293132557724e-03,2.027556649197915367e-02,-5.115793623124783099e-03,1.163510152645193078e-02,9.899389352470106679e-03,-5.263019693585608292e-04,-2.582288043720148626e-02,3.616825951189241856e-02,-4.019481995411976899e-02,-1.438620500776053614e-02,6.747302428466492308e-02,-1.738253800022946868e-02,-6.254543717544978898e-02,-5.154859909306000465e-02,-9.841274216751315362e-02,-8.864520618350438252e-02,-4.734685922592501615e-04,1.434985042789696241e-01,4.447533859612278623e-02,-1.283618270228227033e-02,5.921597569079560530e-02,3.959596798948372687e-02,6.264085529395216866e-03,7.654561863245659681e-02,3.057394234438389966e-02,-2.247584525105277703e-02,3.640586130656799785e-02,1.947602862774923740e-02,-2.648631106494482579e-02,4.844133223484045625e-02,-1.025363642293860731e-03,-3.029447904259463184e-02,2.530205910890564666e-02,-3.894981508948840588e-03,9.995408519737531555e-03,1.845416792539318271e-02,1.347512409987909957e-02,-2.107184903180930879e-02,-3.961597281181610669e-02,-3.716236950296732816e-02,-4.483358891684617598e-02
1.742486449821774863e-01,1.501227352349754907e-01,3.269291277226236692e-01,3.056416280993104473e-01,2.465068182121384621e-01,5.662713432853352380e-01,3.564787788513256728e-01,3.765159229162242660e-01,1.000000000000000000e+00,2.852935668725014584e-01,1.934379293174865178e-01,2.810215400749009884e-01,1.747981281116386676e-01,1.521773068713081489e-01,2.460559232712763444e-01,1.706309941482807568e-01,1.648417080326049777e-01,1.965441158806636168e-01,1.294928032830443276e-01,1.533210808757681232e-01,1.581277759783134007e-02,5.716330016466755759e-02,-1.193352561732563023e-02,1.537622129577125366e-02,3.908711719359168196e-02,-1.003943880393239627e-03,4.646544050497865980e-02,-8.808036854866795398e-03,-1.600354146205313147e-02,4.890466614987616645e-02,-2.116744280614620694e-02,-6.311369922974714719e-02,8.369702911541426760e-02,-2.879554617333204402e-03,-6.013089228350521065e-02,4.904999452852204511e-02,-1.161467817104803492e-02,-8.544896197626909717e-02,-1.818120159921905038e-02,-7.244648076956484994e-02,-1.976048071447563531e-02,-1.236236412633570040e-03,6.727430539456741299e-02,-1.887796905521216262e-02,-3.591553084973145987e-02,-1.482479412151212553e-02,-6.026168392772931516e-03,-1.200400882057353798e-02,6.316754647732897299e-02,1.025984603293160768e-01,1.773213828709100867e-02,4.268746954508299829e-02,-2.699018522272421134e-03,-3.079720833534973362e-02,1.330683218361802811e-02,1.169297623080947472e-02,-9.401585022192812321e-03,1.667256935932705589e-02,-1.145895621612277523e-02,-1.103516824291551814e-03,-4.118278759170316411e-02,-6.335678666977118123e-02,-4.117637663940550141e-02,-1.071751059738986801e-02,1.983777684821518006e-02,-2.950772623865342142e-02
2.325598770781641400e-01,1.744884354380558389e-01,2.380608468532209587e-01,5.240370683100706861e-01,2.603209371375816428e-01,2.792989063777048253e-01,7.052392912006162362e-01,2.645039044223230773e-01,2.852935668725014584e-01,1.000000000000000000e+00,2.972293830974184203e-01,2.935414039179078949e-01,2.792427694875620481e-01,2.429911739158392703e-01,2.589246170826623450e-01,2.299112446915926866e-01,1.693937640841124692e-01,1.382111852334641233e-01,1.289245328068620855e-01,1.538053504696845486e-01,5.009421770864086985e-03,7.621492638249294238e-02,2.771869402586331355e-02,4.429666564096436387e-02,2.497337957257089736e-02,3.887328790800860523e-02,3.705907401780317995e-02,6.084838638913587366e-02,-2.675285857782155538e-02,-3.203438875873509950e-02,-3.450442852442217601e-02,-5.471158510999244579e-02,-2.999815338610871754e-02,-2.754294478396738383e-02,-3.129126409623077948e-02,-1.133770834197976238e-02,-6.414756338838457916e-02,-3.100853055235427980e-02,-7.303904118994755668e-02,-6.790933546976438140e-02,-2.359699605423577415e-02,-5.485363356267283774e-02,3.481808323091711149e-02,-3.441205403975532845e-02,1.162692041682961315e-02,4.618796662858400126e-02,4.939181869957601223e-02,4.677102789818403383e-02,7.728127806467399719e-02,2.788212835293557221e-02,-1.778078209828808098e-02,-9.713371799461608183e-03,3.013247341801511894e-02,-2.063779897952527226e-02,-2.832917711347299194e-02,-3.363500734686093036e-02,-3.430543888479528625e-02,-1.318374731175269224e-02,-6.027852774292148837e-03,-1.921373116240940662e-02,-3.573108212873644246e-02,1.098326131454773966e-02,-2.583614489501948400e-02,5.246576473062452249e-03,-4.460280870593166845e-04,-2.782429194756129778e-02
1.332712371751964830e-01,1.553856124066003153e-01,1.980652836655625859e-01,2.390927143978489322e-01,2.354532000953495630e-01,2.375144266088255185e-01,3.178340830139225193e-01,2.849043121678559998e-01,1.934379293174865178e-01,2.972293830974184203e-01,1.000000000000000000e+00,3.943783616413779614e-01,4.115455226963409818e-01,6.954887302187920950e-01,3.903737383352597345e-01,3.759029828554575903e-01,3.756205753608547471e-01,1.630807243323271205e-01,-7.308482478104181071e-03,2.655731820155834283e-02,-3.770414100083550098e-03,-5.274179226741920051e-02,-6.431968873492650840e-02,-1.298804490124675637e-01,-4.241073502109198728e-02,-2.561683379089141691e-02,-1.659277732100672420e-02,-4.054990582828883056e-02,-1.053570076598372707e-01,1.628110420924847729e-02,-6.003080986971164740e-02,-5.279006999652243598e-02,1.872418341908891823e-02,2.063651807097968000e-02,4.545558996362364379e-02,2.002216810436803149e-02,2.744945559215834080e-02,-7.801979772082078511e-03,-1.001642153353122155e-03,-3.309347319463658982e-02,-2.359425825976942462e-02,9.544311377537398897e-04,3.752419022167171464e-02,5.375847637107088878e-02,4.589315469324584118e-02,2.612604757419400431e-02,5.202622329555856191e-03,1.994902192474194702e-02,-2.090820980073049978e-02,5.247602768926806077e-02,7.075368030360966454e-02,1.068431453725043195e-01,3.985692668007120854e-02,1.133693311360188007e-02,1.752173239233725159e-03,1.035942089841357903e-02,-1.587479183481923031e-02,-1.270445954440412722e-02,-1.983170265662508383e-02,-4.377178098398102832e-03,-1.612820271760853977e-02,1.355337581119672556e-02,-1.476242959853237870e-02,2.134251242360537398e-02,1.479506717889933314e-02,-2.118867203823597903e-02
1.058115311065524200e-01,1.049928250923295586e-01,1.620967960841847022e-01,1.950029575464225506e-01,1.436461939216342187e-01,2.390578277461912760e-01,2.553393955866442577e-01,1.795876129141882049e-01,2.810215400749009884e-01,2.935414039179078949e-01,3.943783616413779614e-01,1.000000000000000000e+00,4.271958395055793223e-01,3.120694709270667166e-01,6.937509123565990254e-01,4.124773314929558454e-01,2.303423115745640848e-01,2.749242342999220212e-01,1.364841376870024880e-01,1.980570403107518029e-01,-1.025162191843943804e-02,6.743304756537950306e-02,-2.707978978005565196e-02,-3.878051816892587322e-02,6.368978853940508722e-02,2.991114595982495225e-02,-8.213233478186464723e-03,9.564308481741383428e-03,-6.507394668570672114e-02,-1.043949140481456941e-02,-1.344722308614512349e-02,-7.876165230859603905e-02,9.638785208405107816e-03,-2.622093643638938321e-02,-2.785345590334227864e-02,-1.033140844897169688e-02,6.994904717188543501e-03,1.882266845585085085e-02,-4.056556600338891670e-03,-5.568260098643793010e-02,-7.677804487299345719e-03,7.574607137126541587e-03,3.731532517549665529e-02,-2.723418527034759604e-03,1.884151974075461838e-02,1.630533671090552209e-02,-7.582098588189352915e-03,1.347186881574626884e-02,2.355463882412477117e-02,4.052645803932979768e-02,3.738497259285351176e-02,4.787250016106027461e-02,2.839932942449372236e-02,-7.154948853876088276e-03,-1.164766523807229601e-03,4.946439238024008013e-03,1.195850587769073381e-02,-1.634020428228255203e-02,1.711525396283417391e-02,-2.151839456183529328e-02,-4.142092889848442150e-02,-1.830242529250325576e-03,-4.563052105576114424e-03,3.238177198415032043e-02,3.897949529404394486e-02,-3.050409615052654660e-03
1.074219627286608636e-01,8.721880851372042220e-02,1.165372269665704424e-01,1.914471716997424300e-01,9.712995385884866384e-02,1.293636126382129159e-01,2.530421932331025081e-01,1.282478597165379874e-01,1.747981281116386676e-01,2.792427694875620481e-01,4.115455226963409818e-01,4.271958395055793223e-01,1.000000000000000000e+00,3.963943736773508641e-01,3.256022407184611112e-01,6.249712624930388039e-01,2.139501056557097380e-01,2.192819350562848213e-01,5.284133559538428497e-03,5.187088058590333395e-02,-6.134466831757998118e-02,-3.997670654170940724e-02,-9.705957058282212169e-02,-9.442462882222202314e-02,-2.662965973513268297e-05,-5.711496783582251970e-03,-3.405697895306150635e-02,-4.263929897553121046e-02,-6.091803682114502183e-02,4.170733404723711568e-02,1.855712388388766165e-04,-4.516243290919740722e-02,3.731384908046481153e-02,1.554893039702378091e-02,1.952657786462275863e-02,4.024179089306354623e-02,6.080973560428750563e-02,1.067288983611763440e-03,3.455340824121231474e-02,-3.602898081588681162e-02,4.103431858771322549e-02,6.573862440442128363e-02,5.360970000386012374e-02,3.742198307617000674e-02,5.086681221544083441e-03,2.264007348538527725e-02,-1.527695751521835482e-02,-1.680652875196488559e-03,-1.207652723996418230e-02,4.471634367455940007e-02,7.638489582986125737e-02,1.184412136621665196e-01,5.682695464735749991e-02,2.425062972251137983e-02,3.576688007933345737e-02,4.094504063392324922e-02,2.412706726326666051e-02,1.044002545820340265e-02,4.672268594942834141e-02,-4.357833802880243385e-03,-1.666610173777763673e-02,-3.494451171159979053e-02,-1.105023805819521816e-02,9.157007119093502415e-03,4.355178951316950736e-02,8.568376750712048892e-03
1.101247375126822026e-01,1.234627024032481785e-01,1.661571796128683554e-01,1.826171763575440699e-01,1.999887410709396129e-01,1.968196546874301234e-01,2.471384251165369694e-01,2.528305642783103546e-01,1.521773068713081489e-01,2.429911739158392703e-01,6.954887302187920950e-01,3.120694709270667166e-01,3.963943736773508641e-01,1.000000000000000000e+00,3.845336218847721921e-01,3.862384104983483391e-01,4.238300872331398628e-01,1.540830958306436682e-01,-2.531571100680508196e-02,1.090602251005167410e-02,-1.244002196185123484e-02,-5.658242133033566934e-02,-5.853753256950185863e-02,-1.224639567948679203e-01,-4.946946129607696779e-02,-3.940510170231701498e-02,5.575033361881046902e-03,-5.518827833747491640e-02,-9.740726467630898833e-02,3.615978481824745627e-02,-6.778708632562457925e-02,-4.599209063864893865e-02,3.384645925924542609e-02,2.867886476132233339e-02,4.929054017448113167e-02,4.012470864472269388e-02,3.194788039051248835e-02,-2.002739581785233786e-02,-1.314425642893198541e-02,-4.646404868994916115e-02,-2.884277305925973811e-02,7.531164378387284527e-04,3.783359765410052034e-02,6.936405406546397590e-02,6.195987603465318710e-02,2.074245347141563667e-02,-1.040695982573596780e-02,2.943657886176220817e-02,-2.081399157263870078e-02,5.011628911153939020e-02,8.166168809990130562e-02,1.180007067284756517e-01,4.437236398789268232e-02,2.304458205182784158e-02,7.160823980727694556e-03,7.509467212986713040e-03,-1.783285098682237460e-02,-1.387839804873627382e-02,-9.551644665546433696e-03,9.709725134640037614e-03,4.107955614400811417e-03,3.046480864299570476e-02,-3.284759801859481534e-03,4.002189365537707488e-02,2.056912401870819238e-02,-1.062116744858257987e-02
9.715474443259657089e-02,9.647639073261891907e-02,1.517011948958916501e-01,1.744805389004241702e-01,1.462987582657568619e-01,2.348170015876736016e-01,2.284836276984496539e-01,1.820787216739043757e-01,2.460559232712763444e-01,2.589246170826623450e-01,3.903737383352597345e-01,6.937509123565990254e-01,3.256022407184611112e-01,3.845336218847721921e-01,1.000000000000000000e+00,3.420446414030928195e-01,3.267733192976041146e-01,2.775396282718388119e-01,1.846024884624612727e-01,2.446349001538973278e-01,6.084362975200794527e-03,8.410199925963561529e-02,-7.657063816400525719e-04,-3.174051427046193502e-02,5.365280782222230788e-02,2.912902050187393330e-02,2.079613845376986070e-02,3.436080794561603702e-02,-7.569703048323489503e-02,-7.582884008000092581e-03,-1.430306226926486048e-02,-8.828732964627111768e-02,1.911933242232065344e-02,-7.358244375601020668e-03,-3.682435438475972767e-02,3.312596624486577584e-04,-1.185411748113419884e-03,2.677248778682952968e-02,-1.281685515069171805e-02,-7.463997707983821561e-02,-1.436041589736723051e-02,-2.724961148928656957e-02,1.744687736415835230e-02,-1.567465402009243780e-02,2.690919614447946293e-02,-8.984106464392670535e-03,-3.596439544781897951e-02,1.836079436904002743e-02,-3.389717703122107836e-03,3.303414595136329457e-02,2.819438089542655040e-02,4.830114386869747284e-02,2.426559581958393635e-02,5.153409837364835745e-03,-2.667800177370514662e-03,-2.960681451829082016e-04,5.970274388229842612e-03,-1.748098984722211077e-02,5.037798833369966367e-03,-1.879676487162812437e-02,-3.984690976271085955e-02,1.889776723100701494e-02,5.717113832816005624e-03,4.712774002648416338e-02,2.644006526419766939e-02,-3.772728521435542246e-03
7.685866157997471582e-02,6.147865335345875648e-02,9.529784127119153569e-02,1.445728800597630426e-01,7.434047488066984621e-02,1.301156141644549957e-01,2.027579254231373640e-01,1.138867960359483539e-01,1.706309941482807568e-01,2.299112446915926866e-01,3.759029828554575903e-01,4.124773314929558454e-01,6.249712624930388039e-01,3.862384104983483391e-01,3.420446414030928195e-01,1.000000000000000000e+00,2.432729310905500097e-01,2.392442017618433558e-01,-1.557452260011041659e-02,2.944815462770853862e-02,-7.600220355756326374e-02,-6.532448415008720866e-02,-7.477554190766731723e-02,-1.325297314526156511e-01,-6.074101965732498637e-02,-2.751889948199700078e-02,-6.419325451456114884e-02,-7.203041183291096494e-02,-7.190218864913430763e-02,3.816115174510063823e-02,7.151022398291916743e-03,-1.437563338179668852e-02,4.640639944652504012e-02,3.683320827780547577e-03,1.806629076356883190e-02,4.326544791363905185e-02,6.225584557336125147e-02,4.926050906886999918e-03,2.917288796602803339e-02,-5.299480865550765252e-02,2.979997835353855387e-02,4.958046412235606049e-02,5.491684031828875101e-02,2.549907493886502050e-02,1.763593588107842045e-02,1.037034643434573029e-02,9.239064087514951840e-03,1.521764736492409176e-02,6.303437690694581666e-03,5.723071455263382262e-02,7.210343220517181906e-02,9.142626933219780150e-02,5.740867108549264214e-02,1.583582306670229187e-02,3.505477279343179736e-02,4.877922120862119432e-02,1.907038060773691771e-02,4.033303548690910650e-02,6.465687156229105170e-02,4.844214104348699979e-02,6.461576120909420622e-03,-1.256184787758556770e-02,-8.824172824060942666e-03,3.147839545661202353e-03,2.827912118269802766e-02,-1.065487391512349481e-02
6.432459413815401483e-02,8.033184606572241204e-02,1.143266588091036012e-01,1.128631846039648418e-01,1.004614017548967897e-01,1.717741026162205309e-01,1.537710733280308606e-01,1.354477945500573988e-01,1.648417080326049777e-01,1.693937640841124692e-01,3.756205753608547471e-01,2.303423115745640848e-01,2.139501056557097380e-01,4.238300872331398628e-01,3.267733192976041146e-01,2.432729310905500097e-01,1.000000000000000000e+00,2.270829890369893411e-01,1.008616836549868639e-01,1.387277740552517735e-01,2.304631532430457055e-02,-1.865741929672086680e-03,2.378909523376293925e-02,-5.252050823762050014e-02,-5.874554438345563900e-02,-1.876561420731301388e-02,1.634184876998283353e-02,3.031392315423065559e-02,-5.329816245433312977e-02,2.243507807704067311e-02,-2.531233971260687596e-02,1.628640046815494138e-02,2.857282959363559999e-02,3.637698537313677205e-02,1.776175234306815939e-02,1.004081682598676264e-02,1.709507560097142664e-02,3.199731892887892198e-02,2.689427692863560759e-02,2.841777556135325136e-02,6.588723434167399404e-03,2.162529885121121723e-02,1.022962824843591740e-03,2.732756587471593321e-02,3.732007484433703948e-02,1.760732871545669063e-03,-3.969049565186034273e-02,1.914047321791053843e-02,-6.214906572272845507e-03,6.157771808684878168e-02,9.298647425584335990e-02,8.189844831835868533e-02,6.447893749497059235e-02,7.562920419349034029e-02,3.039483546707172010e-02,2.200388684234970416e-02,-8.026332080078926734e-04,1.082805363433703323e-02,-5.751475021710951430e-03,2.234587174914029126e-02,4.033063561832058580e-02,3.911253190524958262e-02,2.681201567152928858e-02,3.271112017177767173e-02,4.329874644011388538e-03,-3.395338331322797498e-02
5.559017408215417150e-02,7.887281910181660749e-02,7.799146936742508418e-02,1.003124426647153816e-01,7.517894950966487466e-02,1.405628505318160248e-01,1.305572305860240867e-01,1.121354596742951681e-01,1.965441158806636168e-01,1.382111852334641233e-01,1.630807243323271205e-01,2.749242342999220212e-01,2.192819350562848213e-01,1.540830958306436682e-01,2.775396282718388119e-01,2.392442017618433558e-01,2.270829890369893411e-01,1.000000000000000000e+00,2.589381923397965357e-01,3.006782166874666373e-01,-1.047603359396952344e-01,9.464806060385706765e-02,-5.888666232705536130e-02,-7.488637242007675776e-02,-3.924115280661012728e-02,-8.859541366616411999e-04,4.953009624402783528e-02,3.376693237358808358e-02,-1.395148427627400725e-02,5.467223169490204732e-02,5.038007062805172770e-02,-6.067594732461548818e-03,7.696257004189623052e-02,-2.697916927028351508e-02,-4.287282485907946590e-03,6.275923869728471105e-02,5.363217499485652129e-02,-3.229264381463312072e-02,1.071907771249787020e-02,-4.750082402191213582e-02,-1.024253157704625716e-02,4.480624264020572484e-02,6.943548365454711713e-02,5.033522551255097122e-02,8.277160169501159015e-02,6.821652176380457733e-02,4.561015883789361347e-02,7.432209443199067067e-02,8.847619891001475001e-02,9.849800402427409673e-02,7.419689972071140394e-02,4.492329133108004940e-02,4.523787081838876595e-02,1.284511151568864563e-02,7.250479175404668866e-03,2.654125425210536807e-02,3.087764837529918815e-02,-4.818517962177695617e-03,2.920807867313124015e-02,1.730499200896566236e-03,1.149556244876920839e-02,-2.695353736801174918e-02,-2.167686485311212316e-02,3.397023895971621604e-02,1.509731751225849329e-02,-4.378875414746224992e-02
5.907500808832576167e-02,3.549964322690851021e-02,5.393693541978689110e-02,9.986689808363290177e-02,5.012689562079748751e-02,7.964551801228117456e-02,1.124592392082133796e-01,6.705593595133807483e-02,1.294928032830443276e-01,1.289245328068620855e-01,-7.308482478104181071e-03,1.364841376870024880e-01,5.284133559538428497e-03,-2.531571100680508196e-02,1.846024884624612727e-01,-1.557452260011041659e-02,1.008616836549868639e-01,2.589381923397965357e-01,1.000000000000000000e+00,7.911475376544372384e-01,8.765410927186216561e-02,4.236197194292388724e-01,1.975126080243478077e-01,1.412246370673326257e-01,3.647944029726067714e-03,1.861621218027307845e-01,1.484277621813252790e-01,1.873059575562000256e-01,6.842722921515097256e-02,4.127175996695521543e-02,7.380675328485178377e-02,-1.808282393800074092e-02,7.018562830309614531e-02,-2.885149279800378053e-02,-2.689339397062856518e-02,3.831290709431762337e-02,4.297726753635481255e-03,-1.642026853751284848e-02,-1.833577552139034963e-02,-1.426729155963727715e-02,3.068799540083453313e-03,1.278503677075380068e-02,3.043567157901044817e-02,-1.810108790287175921e-03,5.071478370386221790e-02,8.701383906396921442e-02,4.403844268919836907e-02,7.257250466551248835e-02,8.161075541746461159e-02,-4.238895929970884491e-03,-5.482700363485160447e-03,5.935925991309662711e-03,1.301135769133546574e-02,2.407969043925903621e-02,1.589486626784776882e-02,2.203450420712370697e-02,3.625380781608403963e-02,4.974298823935785312e-03,8.452394865104805727e-03,7.923598237870128555e-03,9.861749877292975627e-03,2.611632667352023832e-02,5.630988484882411098e-03,1.368406147389274576e-03,1.304396620509404693e-03,-4.410212058940127938e-02
6.960799024735833673e-02,4.151109693720560212e-02,5.367259510556417201e-02,1.158152287623911841e-01,4.604044049353740037e-02,8.670580263252106179e-02,1.402363166382712689e-01,7.165235667740446623e-02,1.533210808757681232e-01,1.538053504696845486e-01,2.655731820155834283e-02,1.980570403107518029e-01,5.187088058590333395e-02,1.090602251005167410e-02,2.446349001538973278e-01,2.944815462770853862e-02,1.387277740552517735e-01,3.006782166874666373e-01,7.911475376544372384e-01,1.000000000000000000e+00,2.782579152451135698e-02,4.809382866492002973e-01,1.967842220868177561e-01,1.590859152383225783e-01,5.176681809550708752e-02,2.135425248569816636e-01,1.776807466195198248e-01,2.191969985496022566e-01,7.691003051879846675e-02,6.025479959711434880e-02,9.247197298823835176e-02,-1.663949147460578454e-02,8.658700040813102627e-02,-3.334040229530102484e-02,-2.780366270847474397e-02,5.529186782750106222e-02,3.013837247540225583e-02,-2.128377903926448669e-02,-7.477198894026354688e-03,-2.301824385574218618e-02,5.277186301866851510e-03,5.819086244981830185e-03,2.612127753140203526e-02,-1.530445903535170016e-02,3.970103492881460472e-02,8.716380948905139148e-02,4.341992263040608119e-02,6.250718803044826022e-02,8.216656085287289690e-02,8.722378147641927579e-03,1.482321557019451600e-03,2.216916923197194758e-02,1.472200466626120800e-02,1.416520763046216422e-02,1.226064007293756891e-02,3.025701432463544574e-02,4.730485667668719862e-02,-8.066836366780041206e-03,1.100003737548338988e-02,2.251985163683698291e-03,6.018481096211195265e-03,3.106678780295151279e-02,5.353468076221134554e-03,3.004236432236892084e-03,1.051670312149091159e-02,-4.547186948013996755e-02
9.776495013893536992e-03,4.858640675030283414e-03,-3.416247015530829087e-03,7.666006655150736128e-03,6.891705113188970164e-05,2.221410480409276647e-02,-4.629204895544939032e-03,2.091936415144730194e-02,1.581277759783134007e-02,5.009421770864086985e-03,-3.770414100083550098e-03,-1.025162191843943804e-02,-6.134466831757998118e-02,-1.244002196185123484e-02,6.084362975200794527e-03,-7.600220355756326374e-02,2.304631532430457055e-02,-1.047603359396952344e-01,8.765410927186216561e-02,2.782579152451135698e-02,1.000000000000000000e+00,3.015549839485691108e-01,1.718371622194372339e-01,7.281085279761759232e-02,-5.283483102604513704e-02,7.832525543465411466e-02,1.589672571142010382e-02,1.505525272398733697e-02,3.266667753440376243e-02,-2.948993438574691942e-02,4.249537114733097781e-02,3.518355423808824933e-02,-2.157282851747339969e-02,2.353461535368060742e-02,-1.478023841260426305e-03,-1.843895404272609742e-02,-3.541059936875805975e-02,7.739946296862846090e-03,-4.925118694559665194e-02,-4.189484523655655213e-02,-9.147811832891674516e-03,-1.936750736427781533e-02,-2.124159345667550949e-02,-2.257989742660027749e-02,-2.902472215248236287e-02,2.499655914342222701e-02,-1.625150656310635905e-02,-3.145772151812736839e-02,-2.434445302821336768e-02,-3.188491748287197031e-02,-4.696176709262400717e-02,-3.674499750820884453e-02,3.250919444659255606e-04,-2.434048351146238937e-02,-2.600894190204243797e-02,-2.450791765896611837e-02,-5.518081788246535779e-02,8.994148271137000425e-03,-3.955075673476018266e-02,1.416764498665055647e-02,-7.692803578686320011e-03,-2.329704560466059129e-02,-2.016965067291883254e-02,-6.394227126214307826e-03,6.392175756644805779e-03,-1.477750250066533003e-02
2.503338717356627316e-02,-1.412710842188311111e-02,-2.247532420725416660e-02,4.505162484454366262e-02,-1.775532422389268505e-02,-3.079927849788030841e-03,7.171960643881614139e-02,3.689557874039327279e-02,5.716330016466755759e-02,7.621492638249294238e-02,-5.274179226741920051e-02,6.743304756537950306e-02,-3.997670654170940724e-02,-5.658242133033566934e-02,8.410199925963561529e-02,-6.532448415008720866e-02,-1.865741929672086680e-03,9.464806060385706765e-02,4.236197194292388724e-01,4.809382866492002973e-01,3.015549839485691108e-01,1.000000000000000000e+00,2.539697014888603888e-01,2.284483458741783657e-01,7.559577950856667672e-02,2.952615385063906972e-01,2.094164688735224156e-01,2.249275155370259738e-01,1.353494654817488929e-01,7.899450267585395036e-02,1.115164640330249118e-01,9.329549128895076385e-03,8.097333618900193208e-02,-2.049075635456556674e-02,-2.028153410941787443e-02,5.469645349995364697e-02,-2.095543479279712764e-03,-1.612922067580610172e-02,-5.050898781301857432e-02,-5.994228407694016797e-02,-3.232217989118835177e-02,-4.053730157916751731e-02,3.869571683687422076e-02,-2.277116913462809422e-02,2.987689568039126123e-02,9.001250058431758960e-02,5.830159813147398756e-02,6.539207567718718916e-02,9.047038926336911646e-02,-1.083456929893263261e-02,-3.461091337166189580e-02,-1.742013509492089732e-02,-1.852183533040444377e-02,-4.800302904400052806e-02,-2.908401247360885289e-02,-4.256969899215019490e-03,1.074419001337519226e-02,1.193097827477074442e-02,-3.759742940962384344e-02,-3.833394117956890473e-02,-3.983536831217140452e-03,2.995269294879339319e-03,-1.791278392910722675e-02,1.062938631924855229e-02,2.746356037221651600e-02,-2.184501460623532176e-02
-6.445526646541050331e-04,-2.502443552030387142e-03,-2.258122822527814863e-02,-2.532664085532718937e-03,-6.067787850817353036e-03,-3.851073922507590452e-02,7.679819298163191241e-03,-4.835608356789846719e-03,-1.193352561732563023e-02,2.771869402586331355e-02,-6.431968873492650840e-02,-2.707978978005565196e-02,-9.705957058282212169e-02,-5.853753256950185863e-02,-7.657063816400525719e-04,-7.477554190766731723e-02,2.378909523376293925e-02,-5.888666232705536130e-02,1.975126080243478077e-01,1.967842220868177561e-01,1.718371622194372339e-01,2.539697014888603888e-01,1.000000000000000000e+00,5.142569472740646797e-01,-1.474475495382958357e-01,2.759556492625126478e-01,1.729893357091487338e-01,1.414779646233887411e-01,1.502553110375790812e-01,-4.461885837964124808e-03,5.228279490006781244e-02,2.714286367416988630e-02,2.478548218970648420e-02,-1.576453144172750356e-02,7.879653624935365960e-03,3.127000906304859551e-02,-3.356829718035269500e-02,-5.878199154202746329e-02,-6.008082968689150427e-02,-4.090047951731488191e-02,-6.955435876427341901e-02,-9.459025708430897350e-02,-4.957618731722939626e-03,-6.521387945514814377e-02,-4.474357286746111217e-02,-1.337240273874793460e-02,-1.094158299069412270e-03,-4.277268373404888996e-02,-1.642703454894849091e-02,-3.147024215895442151e-02,-5.047972225230235727e-02,-2.993191666647066276e-02,-2.963087273500225258e-02,-5.924024275721741402e-03,-8.640669703713218033e-03,-2.345759947419209096e-02,1.720529786242431993e-03,2.206822381748421019e-02,1.873086194905930826e-02,2.374269340629100999e-02,-2.043913316822650646e-03,4.723357595003736115e-02,2.199408308091024139e-02,-1.045442501509423472e-02,2.507853086743206186e-02,-2.301712204629326967e-03
