1.000000000000000000e+00,5.177429663924554282e-01,3.178522223557292414e-01,5.813404513793692940e-01,1.258136500198515917e-01,-1.075180790999886449e-01,2.345756808639034852e-01,4.277827244756454705e-01,-1.896893861588789003e-03,-1.179639917403011579e-01,3.023361786687844277e-01,2.810296071403108886e-01,-1.056548801111826530e-01,1.267709502144895653e-02,5.085719371227728769e-02,1.465776116804210806e-02,-5.925985689697611802e-02,-1.038312053283003550e-01,6.545899493769267996e-02,1.074298740210745257e-01,1.463576559666833476e-01,3.113791511071830123e-02,2.029269568660807543e-02,1.386463510281094325e-01,-6.575735428543852401e-02,4.027115322937976916e-02,3.513100449832627648e-02,-9.780187718171080846e-02,2.935656114629721716e-02,-1.600121804861247832e-01,-1.562271880172264316e-01,-3.720980011497165146e-02,5.613733539762134211e-02,-1.469770733425202203e-01,-3.850402909587145872e-02,-5.343823336572282173e-02,1.384113774136401520e-02,-4.169627707445770076e-02,-1.302270446538334459e-01,-7.063808766431038666e-02,-9.230782373527872398e-02,-3.187713185389593612e-02,-6.695877647895227824e-02,-3.531252864036964201e-02,-4.435081924158749273e-02,-2.725048885813759203e-02,-9.586299899325685658e-02,7.927875527243812004e-02,-1.072861834868685423e-02,-6.785038060455729492e-02,1.386804449504368542e-01,4.992186158694096598e-02,6.975481181455402135e-02,1.852193914968536803e-01,5.676314389726895560e-02,4.490911026488197955e-02,1.719388257417032440e-01,-4.833314369111333525e-02,1.015269373368646831e-02,1.142326880836467412e-01,-7.496264092820888875e-04,-1.300098546776214548e-03,-4.364499962974657810e-02,4.435312891732000329e-02,-1.428964147457818523e-01,-2.437710627459053481e-01,5.235328573679723374e-02,1.798939767082263219e-01,-1.536060411803857884e-01,-1.805022758432139884e-01,1.552048012507209473e-01,7.177728766711194419e-02,-2.353770382828224428e-01,-5.350272918230690455e-02,1.858158029357140917e-01,-7.030055489710705652e-02,-2.271850563384557875e-01,8.205112005223903771e-02,1.305608172982052340e-01,-1.008927180358534272e-02,2.270295909292356362e-01,1.712208560904198706e-01,2.037996971701597770e-01,-4.233224949094295531e-02,4.615373561424562093e-02,4.228551835156498656e-02,5.232743488159329742e-02,-4.197916435269087587e-02,4.417834954258485769e-02,-1.759715485130461943e-01,1.665058660177510252e-01,1.085605229569661379e-01,-2.115551913373345527e-01,-7.179687012821990566e-02,2.246327319327891536e-01,-4.538890366605622534e-02,1.451347228738291140e-01,-5.521632952040512327e-02,4.103606892572821303e-03,-1.820668441827413275e-01,-1.376194821537198576e-01,5.858530149368629952e-02,-6.380074476723320009e-02,-2.097507106525002551e-01,4.482547504631812646e-02,-4.476621971528303018e-02,-1.508768347284754896e-01,4.329648873289741046e-02,5.541723149057220695e-03,-1.164132264061019939e-01,-4.470151979757782529e-02,4.543584163803973675e-02,-4.521174111137578333e-02,4.523174168558495578e-02,-9.779519554475523194e-03,-5.273306343764337656e-02
5.177429663924554282e-01,1.000000000000000000e+00,4.526566712347285804e-01,4.644009020577496982e-01,4.902688036052334497e-01,1.207015514195833306e-02,-8.044578285068040846e-02,4.312153495120646940e-01,1.969482969289696184e-01,-2.508925492689391690e-01,9.910408616192260822e-02,4.332394510046891911e-01,-1.222959603164586011e-02,-2.133738372389277771e-01,-8.809498012536446515e-03,-1.634110299917813092e-01,-1.441672903518187721e-01,-6.212070378242875307e-02,2.111391672933615737e-02,6.611159999363737383e-02,1.821641581547705779e-01,1.137799237079152870e-01,1.259133236579272896e-01,1.842778598810460855e-01,-3.986887721712667476e-02,1.418307787964955269e-01,9.989584314927039965e-02,7.845770537727091154e-02,1.311934169017258123e-01,-1.066427678690929498e-01,-8.779012343453998501e-02,-4.974741269374437919e-02,3.676174096532086599e-02,-1.663339488852072778e-01,-8.304260533358522045e-02,-6.309628308513172412e-02,-3.335035446215395272e-02,-7.150233082921307604e-02,-1.692217460389783268e-01,-1.070479890602395699e-02,-1.999942169064983233e-02,3.258948235099370754e-03,-5.059585956002973089e-02,-3.573204231184306384e-02,-5.402512712152493513e-02,3.006546910653116328e-02,-6.729192896695725123e-02,9.477649374679386618e-02,2.119633929329783548e-02,-4.821069972211301791e-02,1.578792523984611784e-01,7.517512464500591962e-02,8.215659589050033906e-02,1.885365624969731757e-01,9.401386742962830612e-02,1.034978855559389455e-01,1.442027112966986491e-01,-5.094048203402116656e-03,6.761331482698505757e-02,1.495216585196678105e-01,4.724822844377139092e-02,5.088881267943104469e-02,-5.311070751678007712e-02,5.410132247817632523e-02,-7.656285792977805815e-02,-2.248969910187149646e-01,1.115688499362305214e-01,1.322257386213592234e-01,-2.094054380446033758e-01,-1.237869952508472843e-01,1.750952774305894188e-01,-4.344212920694392327e-03,-2.456264888544218428e-01,1.427731239980769944e-02,1.581776506960685946e-01,-1.454103591105180560e-01,-1.857339103567750838e-01,1.216097792737642069e-01,4.771663441463507710e-02,-7.048657831355020775e-02,1.998694827694701415e-01,2.450802590644506340e-01,2.249129439467315583e-01,-5.121247720381542912e-02,1.138972811502987625e-01,5.173276549489975312e-02,5.445820311035637004e-03,-5.057397160965963062e-02,5.418523341351974554e-02,-1.913455462962005971e-01,1.338533869237324980e-01,1.673073060899149533e-01,-1.668422621612421775e-01,-1.158628241257490532e-01,2.066096232659013210e-01,-5.605040825745166017e-02,9.460836961594400185e-02,-7.515639991574103729e-02,-7.055218682795434681e-02,-1.607334754802391408e-01,-1.055997442342868770e-01,-7.465836541716773002e-03,-1.122310701918098896e-01,-1.633105389111424166e-01,5.368854806538166796e-02,-5.523917102082424174e-02,-1.629620704672342102e-01,5.278188211837378518e-02,-3.462531591612960646e-02,-1.516121236463489619e-01,-5.498774393242374797e-02,5.532357268295690772e-02,-5.486007331025097994e-02,5.449458525197158759e-02,-6.932468863234455929e-03,-3.772668940566734162e-03
3.178522223557292414e-01,4.526566712347285804e-01,1.000000000000000000e+00,4.627373953199051537e-01,4.114133273287088888e-01,-2.885139456970579608e-01,-1.210818043322188647e-01,4.608866243525792106e-01,-8.973784405361710792e-02,-4.562820160488657018e-01,1.804522297321116131e-01,3.470541860946805834e-01,-3.302232539414104440e-01,-3.166565908588300782e-01,-6.552536381308800284e-02,-1.973978598370937365e-01,-1.564305172396050769e-01,-7.874840583086401002e-02,8.935707919930938048e-02,1.481890127540893831e-01,1.580153226760046270e-01,3.903584971913260510e-02,1.971072031174186390e-01,4.451087937767608804e-02,-1.136302456119639565e-01,1.735724278878257865e-01,1.430272993352014466e-01,1.659621894086650840e-01,1.747302658354873972e-01,-1.301121601876966405e-01,-9.224929565448748703e-02,-5.286512368614731949e-02,-6.128534960555347827e-02,-1.556790727603279967e-01,-6.963928841740106568e-02,-2.491430943706991752e-02,-7.849953364682842050e-02,-7.735971090162978119e-03,-9.110041816557098993e-02,-6.882074259918601576e-03,1.344245778786400669e-01,4.328066369627134313e-02,1.744622711114706196e-02,-3.072281879449715106e-02,-6.710642781960202141e-02,3.731903763264916071e-03,-8.500729443690994980e-02,1.966144938885301327e-02,-6.131380573353611974e-02,-8.448320747037256495e-02,5.795348136411033330e-02,-5.253286362232302553e-02,8.589895396940775557e-03,6.929713409319827877e-02,-4.549001741120955317e-02,5.167843330728926626e-02,4.446805835561576381e-02,-9.572092251910398197e-02,8.706831075193473268e-02,8.656358921661691519e-02,2.294635169187029741e-02,1.189278614787802474e-01,-6.621366665360538251e-02,6.836640750296683888e-02,2.821129431844255145e-03,-1.532323106346062391e-01,1.393848109792668044e-01,4.828604557134955760e-02,-2.149283478312751794e-01,-4.109677715860365205e-02,1.562575819562779522e-01,-8.573273005707178485e-02,-2.052776917345475183e-01,7.663792150278138371e-02,9.429977001157265060e-02,-1.905317498716597446e-01,-1.136960657710882894e-01,1.370781945978025995e-01,-2.837390708110207674e-02,-1.554209176766593037e-01,1.521987301071585641e-01,2.263356291544680599e-01,1.640989388118522518e-01,-6.619050331076455074e-02,1.759177008997908076e-01,6.609665321474125776e-02,-5.433674650208967366e-02,-6.454194418966358038e-02,6.883690605067270540e-02,-1.731331226779594945e-01,7.341682357000670067e-02,2.125504100412753117e-01,-8.270031278885173198e-02,-1.313511882080612980e-01,1.491869969734327950e-01,-6.987463964545724548e-02,3.523620599287669714e-03,-9.416117184796864159e-02,-1.327521553012923905e-01,-9.788999481547502879e-02,-4.522001573655994727e-02,-7.811358097008494483e-02,-1.385816190615291876e-01,-6.630546319561068935e-02,6.773209344988405378e-02,-6.946914482696302240e-02,-1.257406295480575920e-01,6.786311914921361321e-02,-8.736118902643985606e-02,-1.612897798751592449e-01,-6.983596460861435373e-02,6.731729979520709173e-02,-6.832161669970188145e-02,6.709894136676765319e-02,-5.423167432288646811e-02,-4.914455086289589575e-02
5.813404513793692940e-01,4.644009020577496982e-01,4.627373953199051537e-01,1.000000000000000000e+00,1.770726384375800599e-01,-1.570406945239460339e-01,4.164302009029627327e-01,6.098748036703393050e-01,-5.877066522694620460e-02,-2.144679455627439280e-01,4.389796759244551372e-01,3.904476956026936008e-01,-2.159831718321059968e-01,7.622408390234823843e-04,1.038434362612867395e-01,5.272378746638759807e-03,-1.439838347143597708e-01,-1.799123663264894646e-01,5.830060479574927790e-02,1.243482902168103893e-01,1.376635282530558890e-01,2.727770833947786716e-02,3.639184430744659554e-02,1.111785933734434489e-01,-1.462838184836539601e-01,9.481226871071212273e-03,6.200263215602080935e-02,-4.910108110121451375e-02,-1.403687952426330501e-02,-2.395692652111435228e-01,-1.422471906779905204e-01,-9.105915665477108678e-02,-3.379257730264303983e-02,-2.179654724119196030e-01,-6.863716882862269664e-02,-1.080305595933361666e-02,-2.223686625529517139e-02,-1.246100407167908819e-01,-1.911389911985473811e-01,-1.231553918710805023e-01,-5.596923753197170781e-02,-5.602788438490120121e-02,-9.000455501557792781e-02,-5.056552708628997243e-03,-9.693752682185688418e-02,1.385744497007023769e-02,-3.961093124605066795e-02,1.675179614497969982e-01,4.145896378222448803e-02,-8.116673353725799983e-03,2.514883484645993872e-01,1.064694404638762137e-01,1.296468702275193341e-01,2.649685510573913105e-01,1.101042213997947272e-01,1.520366956663626867e-01,2.210019789610001839e-01,1.314945377929769600e-02,7.865256115896142319e-02,1.782971476909467612e-01,7.212827956364878390e-02,7.443701171403811767e-02,-9.566371362414896606e-02,9.804912031973443687e-02,-7.361573332770689204e-02,-2.148429508635202045e-01,1.122925712198432624e-01,1.250933007425619192e-01,-2.023378902111577227e-01,-1.125231975689465896e-01,1.719334177876733205e-01,-1.131024099268551283e-02,-2.345586212686267269e-01,1.993042847670050549e-02,1.485370134815927889e-01,-1.431440068582983394e-01,-1.771740321356986558e-01,1.263902081664516064e-01,4.824628238284787984e-02,-1.034263873009481638e-01,2.047241440034427706e-01,2.222783189086189048e-01,2.012019637141826411e-01,-9.561114368222117799e-02,1.048474169894161034e-01,9.584205244019272651e-02,6.717245999006121911e-03,-9.473499701849824595e-02,9.818297360280836550e-02,-1.792044206176586219e-01,1.304244316769955503e-01,1.647871212527660112e-01,-1.585235961410002281e-01,-1.078878599729339444e-01,1.997067456373169403e-01,-9.935484426016404080e-02,7.731867401388134442e-02,-7.746426771995747196e-02,-6.242289892211639463e-02,-1.513595920346229307e-01,-1.030760998728937755e-01,-4.781178319081290547e-03,-9.943367388810771257e-02,-1.575780095617439480e-01,9.758960392151184993e-02,-9.876281162834212035e-02,-1.470927829386511065e-01,9.712006065711251135e-02,-2.824998714319291310e-02,-1.586395312679891034e-01,-9.861580077168936864e-02,9.707201992878869423e-02,-9.849952248460389082e-02,9.756091144079589994e-02,-1.250247908317215773e-01,-1.030328127688396461e-01
1.258136500198515917e-01,4.902688036052334497e-01,4.114133273287088888e-01,1.770726384375800599e-01,1.000000000000000000e+00,1.586275541038357495e-01,-3.052870960314429949e-01,4.109656392368501443e-01,4.152424370276395216e-01,-4.767225387795517855e-01,-1.694704146697801062e-01,5.889816600011794634e-01,4.385215393829681313e-02,-5.275078650737693442e-01,-1.139418700720905009e-01,-3.672291625446622576e-01,-2.823146706129117667e-01,7.983329198105096336e-02,3.977820232721291510e-02,-2.165118923976477178e-02,1.524346106983381910e-01,2.546214673186966149e-01,2.689645300502379599e-01,1.822557771166492813e-01,-8.950411136574387694e-02,2.098870791742393771e-01,2.478817837698379933e-01,2.892284517681452671e-01,1.308060623424915914e-01,-1.060776748115669632e-01,8.702591647755186788e-02,2.473051264522814659e-03,-5.035343685433551347e-02,-1.875792383958851395e-01,-5.990875821479552804e-02,-8.550988543123844154e-02,-1.542580771810243001e-01,-1.996855393755069541e-01,-2.737519310789278681e-01,-7.480782276178937762e-02,-3.792229540149781586e-02,-4.507182278769737011e-02,-9.431552793161801507e-02,-6.234780770346616541e-02,-7.935332493151074640e-02,4.639666672841040451e-03,-3.469780713028448871e-02,8.904409103550142701e-02,4.652449831573090416e-02,-1.801136962210769018e-03,1.510313143490285281e-01,6.835493489388932975e-02,1.068431424238548699e-01,1.687472765313919598e-01,9.510832559461988855e-02,1.602036612507891367e-01,1.151191367476243343e-01,5.490971246844980613e-02,1.852024982590299851e-01,1.350665519134715553e-01,1.106827921007087628e-01,1.442588074913652152e-01,-7.724603371988961187e-02,7.913471275171282682e-02,4.997249447806496186e-02,-1.242917201914638253e-01,1.914311167554552107e-01,2.116989032490562694e-02,-2.403836481196036101e-01,1.150161471875330368e-02,1.696482807369844303e-01,-1.291070939550816865e-01,-1.933528326278704801e-01,1.289900845979702892e-01,7.466697200467735385e-02,-2.268867874888501335e-01,-7.192070865731547968e-02,1.660144132707798148e-01,-4.148292913766173096e-02,-1.543183225014444215e-01,9.945841125959579976e-02,1.920483424138317574e-01,1.372164073120264172e-01,-7.664252168284015065e-02,2.224988887759363210e-01,7.702918010067622001e-02,-1.001086003707540723e-01,-7.520581123683511837e-02,7.939497346057053373e-02,-1.580309587920838699e-01,1.844532586038350255e-02,2.343703226057787525e-01,-2.504991684536978652e-02,-1.553568877857124109e-01,1.132099606767370398e-01,-8.043013471729150432e-02,-3.736180697419256430e-02,-9.259657237595077250e-02,-1.811592138788614970e-01,-7.784417615718629280e-02,-1.495261431014995729e-02,-1.216943561237284754e-01,-1.645026226950701553e-01,-2.968756262310957156e-02,7.745468591966565841e-02,-8.002640656378078032e-02,-1.266731766174264417e-01,7.775039845357363533e-02,-1.194502962467456492e-01,-1.924214859971340452e-01,-8.002379527689604255e-02,7.862939509239501301e-02,-7.920676822053168697e-02,7.797482665072064112e-02,-8.807815727453778554e-02,-8.418602616127601745e-02
-1.075180790999886449e-01,1.207015514195833306e-02,-2.885139456970579608e-01,-1.570406945239460339e-01,1.586275541038357495e-01,1.000000000000000000e+00,1.637908741364899334e-01,-1.996653864649826360e-01,3.381004585701874454e-01,3.967916232806670829e-01,-1.641407788115590571e-01,-3.436972354362805709e-02,4.633342290935302255e-01,7.487252147819829784e-02,8.352497844897767421e-02,-5.101824123983272202e-02,3.400995898407230961e-02,5.207778777524634667e-02,1.123503152323724330e-01,-8.173549532197685319e-02,5.701610801618919172e-02,1.147017552061250362e-01,-5.786535936418164133e-03,2.575115002781914186e-01,9.697900894052782078e-03,5.471040800966173179e-02,6.366822856974853340e-02,-2.022875816914989633e-01,-4.389374131567752579e-02,-1.191692209463567353e-01,-6.955460055312664980e-02,1.537285324970693590e-01,1.157513693453815912e-01,-1.411616939579614649e-01,-2.287220415056516812e-02,-1.220092722453768458e-01,3.786555990160315327e-02,8.465447978167553109e-03,-1.250608778035223745e-01,-3.890914341091218642e-02,-1.268322939822870976e-01,-5.158413857618563553e-02,-1.111799947501900115e-01,-1.453739440138810124e-01,5.215790365029755737e-02,1.877366407459514150e-02,-8.302435185315644450e-02,3.062306394919291769e-02,7.691361574431543335e-02,-3.509387532067640564e-02,6.930710181455880525e-02,4.717453380520161138e-02,1.428992240869444638e-02,1.155636036304010933e-01,5.409965661631994938e-02,9.238333447521920871e-02,1.905697084294222521e-01,4.953357971580436142e-02,1.163270638819706264e-02,2.314301029945766419e-01,8.782882103204216195e-02,3.563423581988169053e-02,5.556490002570572267e-02,-5.518880478334158707e-02,-1.689979338080092597e-01,-1.201815767485836101e-01,1.188108780034374118e-02,1.735388281150618273e-01,-9.621283794905011177e-03,-1.098698215496092118e-01,1.040883120215719410e-01,1.280405820936266204e-01,-8.935641940949581863e-02,-3.721429495262634085e-02,1.553584117626395644e-01,3.663627369039561266e-02,-1.192244008297190794e-01,6.585572932727340456e-02,1.804484583603359615e-01,4.079731940087144917e-03,1.174496202425720642e-01,1.845415526609375106e-02,1.195509742937446024e-01,5.577710274804202617e-02,-5.085924706039294391e-02,-5.612230093273817833e-02,2.688605215401400697e-02,5.520871385114621555e-02,-5.578470947851112138e-02,-9.576851000567594696e-02,6.535275286184216714e-02,-3.615332178576502464e-02,-1.564397103922765542e-01,-2.767162006305786195e-02,9.317560686736148234e-02,5.524209645010210584e-02,1.809143762511892517e-01,6.033480309335199909e-02,7.085398527145346514e-02,-1.611846519673894862e-01,-6.105278785591842367e-02,1.442693101888512242e-01,-1.824012907504372547e-02,-1.829643655963970328e-01,-5.418778556529909446e-02,5.565712812445473140e-02,-1.296358303923326738e-01,-5.635490489214316917e-02,1.344370510200061097e-01,-2.881282114475068254e-02,5.575803521503658322e-02,-5.257949422788902455e-02,5.516025070234919364e-02,-5.203047936789296363e-02,9.364526351142533900e-02,-7.074175805468635447e-02
2.345756808639034852e-01,-8.044578285068040846e-02,-1.210818043322188647e-01,4.164302009029627327e-01,-3.052870960314429949e-01,1.637908741364899334e-01,1.000000000000000000e+00,2.413025451661812426e-01,-2.064146603428037019e-01,1.082821760606299255e-01,3.958756281842383817e-01,1.899721168633052709e-02,-1.168331363354785241e-01,2.075372367472957114e-01,4.538051836700695424e-02,2.579681506081662676e-02,-1.556978372225509000e-01,-1.117165293713755780e-01,1.376204458896360949e-01,7.802518767390489302e-03,-1.104215385005628824e-02,7.974668970951095948e-02,-3.343754537400221542e-03,5.432330142513971255e-02,-3.260146379028721619e-01,-1.767198223400077706e-01,-9.991637644030259072e-03,-2.397237692131735098e-01,-3.104146148431841667e-01,-3.727660625390179505e-01,-1.173669726173573596e-01,1.448485541366221693e-02,-1.944378988491550775e-01,-1.831124573316288695e-01,1.344226035590359580e-01,-4.559132046676859368e-02,-2.431444665074688691e-02,-1.355209286108318145e-01,-1.852282920819271761e-01,-1.928776547219234472e-01,-2.242714167148767701e-01,-1.664403288294336591e-01,-1.665029008562308732e-01,-7.182201369500490484e-02,-4.842866880323244000e-02,-7.237708288352093233e-02,-2.083382958780101435e-02,1.183660106165388554e-01,1.567099729408163167e-01,5.037598103365233115e-02,1.875466575204958464e-01,2.454508031033552640e-01,2.016223228061866657e-01,2.260456515598683325e-01,2.270101438897758339e-01,2.735888064961613519e-01,3.010913576485391152e-01,1.681560813406823562e-01,2.046632107905204390e-01,2.250040161863832711e-01,2.459664184349004135e-01,1.640527685437970784e-01,-4.446100604133924189e-02,4.979226665467492013e-02,1.181917446132222348e-02,-1.173309048011961508e-01,2.181078257199555448e-01,5.931043424201482700e-02,-2.228249391247265621e-01,2.602337658929299025e-02,2.122833026392765554e-01,-1.018729961519297816e-01,-1.840443264394547307e-01,1.556998054583970670e-01,1.107417939158591436e-01,-2.063929868910115428e-01,-6.434794196348932183e-02,2.085421350490885006e-01,1.418692164844711882e-02,-1.829113718122651611e-01,1.437425201769171046e-01,1.422001547129177756e-01,1.393821829073254859e-01,-4.712488782021978517e-02,1.914316507100360942e-01,4.679571512113277210e-02,-1.218343811634624158e-01,-4.564816268672768768e-02,4.934392228069195419e-02,-1.779346497062401500e-01,-8.846967706611691754e-03,2.088643748887921425e-01,-4.434351055981858997e-02,-1.850806062770326554e-01,9.093464028110306852e-02,-4.989573843332333059e-02,-1.445308813674687880e-02,-3.444844470542315212e-02,-1.720511291089562855e-01,-1.126257312141225875e-01,1.813641624053500406e-02,-6.857653903795714323e-02,-1.692099328400034630e-01,-5.631063145993597113e-02,4.823141407890526450e-02,-4.953294026346290874e-02,-1.489917096937916352e-01,4.813920775661120061e-02,-6.198299168446649160e-02,-2.238450673488009968e-01,-4.866181642797015594e-02,4.602540469752027658e-02,-4.949297488633512543e-02,4.733583392624247238e-02,-1.541355856207208830e-01,-1.798692882047835118e-01
4.277827244756454705e-01,4.312153495120646940e-01,4.608866243525792106e-01,6.098748036703393050e-01,4.109656392368501443e-01,-1.996653864649826360e-01,2.413025451661812426e-01,1.000000000000000000e+00,1.286648741889563109e-02,-5.496437355158461102e-01,5.446147800789188365e-01,7.743376982009960718e-01,-3.686854464922985075e-01,-3.544035899045206994e-01,-1.152734319951973473e-02,-2.106841298276676266e-01,-3.606445405464103193e-01,-1.510469373088250689e-01,2.243400282186489292e-01,2.763960643102126302e-01,3.810012565701147991e-01,2.780987538368369649e-01,3.028264580364320446e-01,3.312305975346768738e-01,-9.827277250935861908e-02,2.352200437351163742e-01,3.251829346420483935e-01,4.386573886777973830e-02,1.283321189234806481e-01,-2.852939167489940697e-01,-2.721515455489482704e-01,-4.200340866429708164e-02,-2.818768324311689624e-02,-4.472321490352383910e-01,-2.696429673616895228e-01,-7.103339507529786434e-02,-1.712821961924450853e-01,-1.854294194099212756e-01,-3.129905970054317477e-01,-8.060198497763486347e-02,3.073776471218161305e-02,-6.891506930998214653e-02,-1.001007859784203285e-01,-7.520796674562651996e-02,-9.014549088287228396e-02,-1.111109569336763692e-01,-1.343564312087415780e-01,-2.413844449812681953e-02,-7.929755052070436294e-02,-1.133241878492683569e-01,8.793979211876246094e-02,3.142772336956251716e-02,1.568469898633395587e-01,2.218931242524719294e-01,5.474457191587005223e-02,2.456679821329567082e-01,2.830983515654676430e-01,-6.238885557008105225e-04,2.489020190715783010e-01,3.388907190943405423e-01,1.233075522888014280e-01,2.443570987799540961e-01,-8.530562962045394604e-02,8.998601922608252812e-02,-1.141282023565309278e-01,-4.104986586739954868e-01,2.259150719064861035e-01,2.257498455768527923e-01,-4.067893302495494412e-01,-2.136382255375711692e-01,3.423521396346914103e-01,-3.699311812038436759e-02,-4.693645192032895874e-01,5.252780058630298482e-02,2.903079539016595878e-01,-2.990730220592223709e-01,-3.492894382243235674e-01,2.486690373402953291e-01,1.345261351578413422e-01,-1.418234798823881926e-01,3.794236888537551033e-01,3.413230710786700484e-01,3.728076660091804162e-01,-8.600707744130586807e-02,2.794654783123018960e-01,8.647149045862359551e-02,-4.439464341181864615e-02,-8.401923023901063103e-02,9.065472419025266682e-02,-3.689879324324477072e-01,2.243965605950822007e-01,3.722818126604354183e-01,-2.772902926409871460e-01,-2.404382862687007572e-01,3.845643118077046174e-01,-9.239723703026499202e-02,1.211135096805263794e-01,-1.685833808091187769e-01,-1.630468712393492448e-01,-2.828235134349926794e-01,-1.841420982859434119e-01,-4.999227991973573954e-02,-2.283239488028288855e-01,-2.763242021068354481e-01,8.893405592965347717e-02,-9.143577094120169946e-02,-2.945816177268121283e-01,8.813651007717181185e-02,-1.216600406941648060e-01,-3.218910529782519347e-01,-9.110623201387514636e-02,8.827248087887773487e-02,-9.110375992640885878e-02,8.877091358367972251e-02,-1.721721866947901192e-01,-1.851933558801155122e-01
-1.896893861588789003e-03,1.969482969289696184e-01,-8.973784405361710792e-02,-5.877066522694620460e-02,4.152424370276395216e-01,3.381004585701874454e-01,-2.064146603428037019e-01,1.286648741889563109e-02,1.000000000000000000e+00,1.151501817129630713e-02,-6.393456675544124668e-01,5.226324905064608783e-01,7.852501340171915700e-01,-2.821961511376994691e-01,3.267394228108260745e-01,-3.823469126149952810e-03,-1.191695404923675539e-01,-1.885563961210267037e-01,-1.931164220223665628e-01,-3.575113516003636804e-01,-6.982986704915161713e-02,2.085663991346010659e-01,-2.020874826335544716e-01,2.291952056978044730e-02,1.463446429885893740e-01,-2.297129679098981747e-01,-1.862005462345450724e-01,-1.667072567374659753e-01,-2.242360912879201584e-01,1.759448396861593711e-01,6.747064768513841293e-02,-3.927054850156964649e-01,5.958331388115135213e-02,9.981578837303740903e-02,-2.601673578597359371e-01,1.323672479966306048e-01,-1.673352398940242680e-01,-2.335416691878362538e-01,-1.668261300241060674e-01,7.867632107201529001e-02,-1.837701320017598727e-01,4.297065405667954696e-02,-1.114567144967002488e-01,-9.234081738980887133e-02,-2.150408776921368392e-01,1.127038397133970360e-01,2.002064369829612833e-01,2.337739739523556903e-01,2.197206551524424345e-01,2.466609956184385166e-01,2.477911362436864273e-01,2.391458834856697024e-01,1.338227018158307524e-01,2.837077905546884216e-01,3.032317884381551809e-01,4.567522513409128654e-02,2.875314251976564539e-01,2.123668816230523948e-01,-1.042617578888393737e-01,2.298007334108873312e-01,2.234747053960823848e-01,-2.456601992146336677e-01,-2.154223626747888143e-01,2.146689061513013530e-01,1.657521923186467405e-01,-1.040622804600430107e-01,-1.455606198160311893e-01,-1.782259338985644759e-01,-1.115080161781129703e-01,-1.027376749491066277e-01,-1.949626261746643663e-01,-1.385438875534752978e-01,-7.481494443020950125e-02,-1.526141476892586002e-01,-2.013544382061069615e-01,-8.412728240673914004e-02,-8.347332377893851296e-02,-1.987385484172032035e-01,-1.427552839094641812e-01,-4.626685928920754726e-02,-1.113918468344479856e-01,2.178605820893727840e-01,-1.347575817260455722e-01,-2.127600939449711404e-01,-3.780133296118854541e-02,2.174859795319638023e-01,2.664272009361075555e-01,-2.141573743353874792e-01,2.158316862104061318e-01,1.933776322865052577e-01,2.346804982679153717e-01,3.963034136554301201e-02,2.448252943373104007e-02,2.494323462679205738e-01,1.719342152596181617e-01,-2.168163825623937724e-01,-1.272160932033655489e-01,-3.475232492945182772e-01,9.158654352775177920e-02,2.081241765803402421e-01,-2.875898725203725470e-01,-2.092134516074470874e-01,2.452424702211262464e-01,3.482867966297192169e-03,2.103336037422856020e-01,-2.161485587543383324e-01,2.374679846659480675e-01,2.125621772149603739e-01,-2.704204222593993845e-01,-6.285668495823806823e-02,-2.146582868203563699e-01,2.143282121020795017e-01,-2.165871995739878375e-01,2.151302536378213726e-01,-9.042966881964581427e-02,3.946882816718923909e-02
-1.179639917403011579e-01,-2.508925492689391690e-01,-4.562820160488657018e-01,-2.144679455627439280e-01,-4.767225387795517855e-01,3.967916232806670829e-01,1.082821760606299255e-01,-5.496437355158461102e-01,1.151501817129630713e-02,1.000000000000000000e+00,3.985123642229281005e-02,-5.987603290171226167e-01,5.157443624131515802e-01,7.824260090216474950e-01,2.704762765730681640e-01,4.354262717762975576e-01,4.926601521273215600e-01,-3.920649378550689068e-02,-9.068947658293848024e-02,-2.862232981296897530e-02,-2.414100273857083812e-01,-3.771628502322648124e-01,-4.596384741729163115e-01,-3.924296057267117471e-02,2.679625866893503017e-01,-1.534378057269164264e-01,-3.894054565005187207e-01,-4.268997316698525668e-01,-1.473862294025700750e-02,2.073038909487027182e-01,-1.285485380789080090e-01,4.152912257304754162e-02,3.736339287927737396e-01,1.985640962482581318e-01,-2.512595827722082648e-02,1.573168164432152578e-03,3.097537202245898569e-01,2.656097149309354921e-01,2.670014708960554151e-01,1.710783092561024843e-01,-1.453572984272077451e-03,2.081190340822480223e-01,1.572953946159579841e-01,6.097800769582232411e-02,4.711993305919257718e-02,1.741677715189430264e-01,7.593645585275778792e-03,2.976885373152076894e-02,6.010043886722767070e-02,-1.752795209913117621e-03,-1.023845911153481308e-01,-1.089368530156731435e-01,-1.845590592562299237e-01,-1.291847251983241074e-01,-1.471848193784691394e-01,-2.516773389437521602e-01,-7.938465415634787803e-02,-1.799911030447167160e-01,-3.736877741573268463e-01,-1.074003791902357202e-01,-2.904604470411552009e-01,-3.262996616650047921e-01,4.317121821579914670e-02,-4.935457597389857065e-02,-3.225607349326095052e-01,5.864830482654428273e-02,-3.983843665013862556e-01,1.914725565361353188e-01,4.591265089946951483e-01,-2.141700012994021685e-01,-2.339027598563672150e-01,4.405875098995366557e-01,2.474730591728502571e-01,-3.650357563039370867e-01,4.877383297665040945e-02,5.128360503430511308e-01,-5.012748101831514952e-02,-3.001286432646307345e-01,2.765210503872300718e-01,3.881714505704980667e-01,-3.828868621626337065e-02,-2.977610874802090191e-01,-6.172282268119420878e-02,4.536951502836120143e-02,-5.059722752746079744e-01,-4.653826119268930639e-02,2.757764586034117116e-01,4.186842708282949993e-02,-5.040760635583035887e-02,1.884828873067227462e-01,9.883727303986516999e-02,-5.097823302499095988e-01,-1.792923746549197339e-01,2.920520644484536077e-01,-7.148777909646759909e-02,5.099454864336885884e-02,3.274601078566424794e-01,2.386969460165671020e-01,4.686933423488637285e-01,-5.830419853588948015e-02,-9.103216652671743125e-02,4.224389913761826265e-01,3.129572116860540598e-01,-1.918529729185310673e-01,-4.428684965655689532e-02,5.079031496579786142e-02,8.513574257132604239e-02,-4.761544561527970149e-02,3.718889473802178824e-01,3.838904061355918884e-01,5.016703449736602954e-02,-4.190115443623386449e-02,4.847984968931126626e-02,-4.248176034246448074e-02,3.020401932213069851e-01,1.707720793389711500e-01
3.023361786687844277e-01,9.910408616192260822e-02,1.804522297321116131e-01,4.389796759244551372e-01,-1.694704146697801062e-01,-1.641407788115590571e-01,3.958756281842383817e-01,5.446147800789188365e-01,-6.393456675544124668e-01,3.985123642229281005e-02,1.000000000000000000e+00,1.702047874236331526e-02,-5.994787334759176245e-01,3.362867167896161913e-01,-9.584119340057244141e-02,7.931822707532325267e-02,4.282729413590065370e-02,-9.974866007845556437e-03,2.903500858394513773e-01,4.809765709711295023e-01,2.505655882134059653e-01,-1.013876598018861319e-01,1.603546812844983960e-01,2.587514227012767121e-01,-4.073394460969141651e-02,2.808985195207297503e-01,2.111527121781851812e-01,-6.400035391190798950e-02,2.590730957722398031e-01,-2.704281506433147686e-01,-3.567640413694705415e-01,2.600414148814095827e-01,1.483001772712342070e-01,-3.661954112188338661e-01,-6.969822546045120748e-02,-1.611971261884888595e-01,1.552343327028416764e-01,1.161662546251555073e-01,-1.968953159176972320e-02,-5.846900772552256209e-02,1.282697774880242614e-01,4.733829008773648636e-03,6.890202035388305613e-02,5.991977283185508790e-02,1.202383239712486451e-01,-8.149898235752142672e-02,-2.359873269795887407e-01,-1.457962324593982673e-01,-1.973872960518355812e-01,-2.580618239411682779e-01,-1.248159216241315206e-01,-2.023832352990887484e-01,-4.953810839116255804e-02,-5.613491643850325452e-02,-2.453143832142687386e-01,5.201089594299266455e-02,-2.023739853860810275e-03,-2.272980339331513722e-01,9.320222201378393356e-02,7.335056640711375142e-02,-2.289214217773656301e-01,2.080547394760333679e-01,1.222425751690330853e-01,-1.211860644020707617e-01,-3.971568260672389550e-01,-2.461078605515110707e-01,6.290929212120052738e-02,4.261730159853129307e-01,-6.435336174758389018e-03,-2.370152188453480691e-01,2.911263948262422518e-01,3.183472681149658867e-01,-2.079445467177496176e-01,-6.226153708930285552e-02,4.157379794961601482e-01,9.828826398767108452e-02,-2.731458895654164110e-01,1.755468201333676703e-01,3.815988876578893518e-01,1.453531393696108065e-01,3.795632074174317694e-01,-4.502323089996378841e-02,3.662132868317120593e-01,1.207860680903277140e-01,-2.500046496653483136e-02,-1.243389935802481777e-01,-6.407891607034921222e-02,1.214245195294959001e-01,-1.219244566046273348e-01,-3.370692537374895270e-01,8.583412720381952687e-02,-1.236378226239946915e-03,-3.548258972307885561e-01,-2.080120387478627819e-01,1.708582520112932879e-01,1.215538204874656719e-01,3.777985440668547024e-01,2.286258351813577616e-01,6.714391873381124476e-02,-4.149905701711442685e-01,-1.368635780339416685e-02,3.394777046988042835e-01,-1.829460598290505169e-01,-3.455626037097329628e-01,-1.161099965482057794e-01,1.217880279317336278e-01,-3.616839374311658917e-01,-1.202268196088446817e-01,2.910773515658006683e-01,-1.989914734470195779e-03,1.206622592509570269e-01,-1.181372464364634500e-01,1.209734005683990449e-01,-1.185235930308780744e-01,8.100961146888396858e-02,-9.044069909851114308e-02
2.810296071403108886e-01,4.332394510046891911e-01,3.470541860946805834e-01,3.904476956026936008e-01,5.889816600011794634e-01,-3.436972354362805709e-02,1.899721168633052709e-02,7.743376982009960718e-01,5.226324905064608783e-01,-5.987603290171226167e-01,1.702047874236331526e-02,1.000000000000000000e+00,4.877131573128620778e-02,-6.082240044576667781e-01,1.101259189880353512e-01,-2.362478072381603844e-01,-4.318408745165653317e-01,-2.083827261673345532e-01,9.367350755399332651e-02,2.451399580794344502e-02,3.106524914262012715e-01,4.149157903820293036e-01,2.222379845289940703e-01,2.759434490898178827e-01,-3.882860120947369265e-02,8.895821898914657577e-02,2.286358367585940576e-01,3.413929123813685268e-02,-2.731903760447404808e-02,-1.639313736641531405e-01,-1.453488730962880782e-01,-2.340028849620573448e-01,-7.335453072145735331e-02,-3.251316257511592256e-01,-3.341311968604588900e-01,1.792580232536066312e-02,-2.842736381345163377e-01,-3.197735216153477777e-01,-3.736699920797904584e-01,-6.326011357245917011e-02,-7.928196342865029278e-02,-9.171913950441644425e-02,-1.768648891480721075e-01,-1.171287127413762064e-01,-1.763154723091901743e-01,-8.169522855498057012e-02,2.086987074600289357e-02,8.682093445566388401e-02,2.634702704539351736e-02,6.201666283896942189e-02,2.114575151362948491e-01,1.621034782004025510e-01,2.432673289354747859e-01,3.421792903155319032e-01,2.262176702073498968e-01,2.647468631638745240e-01,3.700744684837420917e-01,1.698461979169160196e-01,2.136350567325226713e-01,3.933554559579470755e-01,2.748153205469296978e-01,1.288257423202347762e-01,-1.719938042364399788e-01,1.763260693638499521e-01,8.188002375425369739e-02,-3.608158276245819751e-01,1.741317244630047334e-01,2.148372988742234743e-02,-4.537357782198884193e-01,-1.588184272360214366e-01,1.926955762999060240e-01,-2.002013152092537995e-01,-4.309092567690760434e-01,3.789045736284400723e-02,8.858995832019388172e-02,-3.736549788514441639e-01,-2.836120500524484389e-01,1.378061960293091859e-01,-3.494265724714894217e-02,-2.052679131681936775e-01,2.166313123865479251e-01,4.125169259502007302e-01,2.026267148703236876e-01,-1.716721397016326978e-01,2.985927876791297786e-01,1.748702035824349910e-01,4.393053742214902968e-02,-1.702608834996619525e-01,1.777683272758897315e-01,-2.026039024641390351e-01,2.599545080814354980e-01,4.051918907695659100e-01,-1.409753153031342854e-01,-1.057246132728081184e-01,3.822247067035774992e-01,-1.796484164483133916e-01,-5.774832495160891338e-02,-3.614564679856412943e-01,-1.756546797329882892e-01,-7.512607266917997739e-02,-2.630776042003012960e-01,-2.460862855814606176e-01,-1.046289958618464161e-01,-1.486549673254203285e-01,1.722013318479459487e-01,-1.785438699450341560e-01,-1.023943048698049418e-01,1.735424426689598509e-01,-3.196591124955074914e-01,-3.518197152289923579e-01,-1.773622863884476708e-01,1.734059498776969188e-01,-1.781843484000842914e-01,1.743864001592710933e-01,-2.465289817707689846e-01,-1.536126124194140130e-01
-1.056548801111826530e-01,-1.222959603164586011e-02,-3.302232539414104440e-01,-2.159831718321059968e-01,4.385215393829681313e-02,4.633342290935302255e-01,-1.168331363354785241e-01,-3.686854464922985075e-01,7.852501340171915700e-01,5.157443624131515802e-01,-5.994787334759176245e-01,4.877131573128620778e-02,1.000000000000000000e+00,1.696226203651062803e-01,4.011344609421930163e-01,2.229355162625101805e-01,1.837856952466868643e-01,-1.650248377389666454e-01,-2.609961948052331726e-01,-3.718161271467873008e-01,-2.211242577991455460e-01,-2.932084677768495226e-02,-4.397560003742151946e-01,-7.738827802084018159e-02,2.287987373624397747e-01,-3.398588852224644907e-01,-3.850303458808859713e-01,-3.589127007056149843e-01,-2.653984462686215240e-01,2.694604219785144417e-01,3.600778961751404522e-02,-2.955774014656122883e-01,1.944002513780565544e-01,2.487053595184954558e-01,-1.661021959390586999e-01,1.397733886616676080e-01,2.223248085230618634e-02,-6.053172810924933867e-02,1.564618895091193437e-02,1.293775299446576488e-01,-1.800317827090006373e-01,1.261060084190825936e-01,-2.149657842425297533e-02,-4.176026177172366405e-02,-1.486478116254052739e-01,1.676430282160228380e-01,1.964468998984177650e-01,2.098693290501402464e-01,2.185820576351688860e-01,2.282263129836883120e-01,1.598058155518518597e-01,1.631093444212742827e-01,1.123590793067412094e-02,1.603228035744224955e-01,1.933399743785796931e-01,-9.911857856588811300e-02,1.757013041987074975e-01,1.152281496358767698e-01,-2.821287951627372559e-01,1.034122344049454578e-01,6.102707544202458367e-02,-3.817778198075342244e-01,-1.512976368935433913e-01,1.474658306022077481e-01,4.402286227877667130e-02,6.717213100137260987e-03,-3.210685058087252020e-01,-1.258476054924291543e-01,1.505835192950088219e-01,-1.325098226309540939e-01,-3.234554094039660543e-01,5.111865816958195002e-02,1.142542287655044508e-01,-2.824560678546703674e-01,-2.127825261242684285e-01,1.752036234363058831e-01,-2.847415923000522209e-02,-3.347127506460181867e-01,-4.313477503314902539e-02,1.329406756880553986e-01,-1.881932928903473357e-01,1.103880872653086910e-02,-2.158428769683646553e-01,-1.481526402502653106e-01,-2.738340895248892459e-01,1.517781399359364736e-01,3.451658265899401057e-01,-1.510704187932557507e-01,1.480257107655405246e-01,3.119606114382695861e-01,2.014970129986988767e-01,-2.251874053335088943e-01,7.592436897744862974e-03,3.749679825620920171e-01,5.332645751671715589e-02,-1.482981109449637847e-01,-1.322059449256061080e-02,-1.854365093708725543e-01,2.887251166127985935e-01,2.153629830073190699e-01,-2.542814079845422404e-01,-1.720775510870297190e-02,3.782259773878695608e-01,-1.734492385764225403e-02,1.458034195030768199e-01,-1.479624164154761945e-01,2.966180743716612667e-01,1.466289987469688028e-01,-8.026370913865280010e-02,1.390753830870013197e-01,-1.470146558041212914e-01,1.501415981439405967e-01,-1.493473079129220560e-01,1.507549580158308311e-01,6.003491094813111217e-02,1.256957976528327303e-01
