1.000000000000000000e+00,5.044027477592587516e-01,3.658386094554316181e-01,5.693701669907899054e-01,1.889152705863313408e-01,-5.937411770831484831e-02,1.563363846832319659e-01,3.566411330313094541e-01,6.889102690507461352e-04,-7.477300841295578260e-02,2.751246808030901048e-01,1.609711252769761569e-01,-1.384466675566375649e-01,1.080786336330543246e-01,2.891680947998579998e-01,9.682601477114979871e-02,1.162665039565611153e-01,1.586570247451012106e-01,1.161035244004725298e-01,1.766298988858910624e-01,5.441149983442512134e-02,1.914045035313797216e-01,9.150471751569895507e-02,2.245942958890137231e-01,2.210735708728746862e-01,6.767374380820311008e-02,1.875468302561934253e-01,2.862622919810512909e-02,-2.340395038799827909e-02,7.620439855819292896e-02,-2.694073742466772045e-02,5.281120674901877698e-02,4.571170973554521816e-02,5.182326221889127504e-02,-1.836674992012274701e-02,3.986214443824787762e-02,-8.612286420412925206e-03,8.600836097171674077e-02,-4.268994473016573393e-02,-2.552780011807959451e-02,4.578762928527640302e-02,-9.714512036249545179e-02,-6.436088091817415702e-02,-2.524925960314565801e-02,-7.948056672365193254e-02,-9.639998908712883036e-03,-7.002774348588380188e-03,-4.657042111372490523e-02,2.685584899847616447e-02,-2.008470798225264753e-02,-8.307405778475203395e-02,-5.794628633730057599e-03,2.878701636956131418e-02,-2.780102165098462599e-02,2.064195102802991039e-02,2.268693336539007524e-02,-2.749009844102197689e-02,-3.506676128874738202e-02,-1.849289623898874718e-02,-1.382789387020455334e-02,-2.105958717953222981e-01,-1.242195457013146181e-02,2.633773908188329418e-02,-9.159238017702210632e-02,-2.308665197143284012e-02,-1.081216746739722540e-01,-7.043613329245002053e-02,-1.269688250495529247e-01,2.297764711487024561e-02,-2.727877594818268678e-02,-9.912307081449574231e-02,-1.351694601936791751e-01,-1.057960144857360701e-01,-2.718638879910811879e-02,2.326906084263626745e-02,-1.313657726440097262e-01,-7.711684427951416565e-02,-1.038960861340630232e-01,-1.427713208655272403e-01,8.348641579845217375e-03,-2.621162341654066294e-02,1.575090599647735456e-01,-7.966528464228735118e-02,1.511722522015396253e-01,5.920961418478402211e-02,9.422059331356873180e-02,1.409344923025517005e-01,1.415323324158438700e-01,5.213495368196422591e-02,6.827849256209621298e-02,1.717660223603334202e-01,-2.311760985084197056e-02,1.738292439106006986e-03,1.179496293406286228e-01,1.629656517576521801e-01,2.304401783562174885e-02,-1.220744807829787365e-01,-2.813834364213034234e-01,2.208686135125064419e-03,1.306936822971145606e-01,-1.983720673501817300e-01,-2.020218448309971659e-01,9.623269917247398442e-02,4.000977898219659074e-02,-2.578320788362425398e-01,-9.986469506579268018e-02,1.392605995509731964e-01,-8.952640104628493967e-02,-2.670360332649980850e-01,-7.057464929254518571e-02,-4.126598385540890951e-02,-9.146772249439898139e-02,-3.722196361556265320e-02,-7.747284029169392017e-02,-6.287858560095108129e-02,-3.577236417092882065e-02
5.044027477592587516e-01,1.000000000000000000e+00,4.457623119932955236e-01,4.045178447974724922e-01,4.785837349641083316e-01,2.362893521546815048e-02,-1.056301263930311818e-01,3.233389454633514570e-01,2.044652637334587741e-01,-1.810064632766868742e-01,7.117747967261861541e-02,3.161893937006888811e-01,6.253124886194403112e-03,-9.943006054191590171e-02,2.190271450117884933e-01,2.725524010194342872e-01,2.039441710711295264e-01,4.688456518934108752e-02,7.687205747680166124e-02,1.837260377929059996e-01,9.677857057226439685e-02,7.214315080755642762e-02,-7.468598156974154412e-02,1.346259620602628659e-01,1.341917872939588918e-01,-9.148014171064415556e-02,6.008072281898132333e-02,7.484253406724664104e-02,-1.044674381586241374e-01,8.652971785680500447e-03,-7.488679445484278108e-02,4.261923739849566434e-02,2.995036120509256966e-02,6.664015322330583968e-02,-2.169199451126485254e-02,6.026093714176707777e-02,1.028766467786634831e-02,9.538985877518657563e-02,-2.707579946460398138e-02,-7.394644884898667059e-02,5.721988499703166420e-02,-5.931248941591735213e-03,1.586869519246302679e-02,-8.886339599812958026e-03,-7.650269321464278627e-02,-5.180430326044461325e-02,-4.151469137395803061e-02,-1.544377583003180877e-02,7.346738136855492096e-02,1.420995844936629414e-02,1.424116379457720377e-02,-6.020890317542439488e-03,9.253741577655931472e-02,-7.408137417331832342e-02,2.802323423946891795e-02,8.013615841493464120e-02,-7.398509061732413961e-02,8.309144489650788223e-02,-4.368212998744049058e-02,9.828505388427583034e-02,-1.309639008999197718e-01,-5.632441391629865873e-03,7.573990520260610870e-02,-6.006600118174490119e-03,-6.994665778459102645e-02,6.176852013518114443e-02,-9.960534424799909192e-02,-2.275474295635069311e-01,7.221420394295634260e-02,-7.325782336841715758e-02,-1.947702269827084054e-01,-1.656031701421622482e-01,6.093773451289608706e-02,-7.422169269261356950e-02,6.969062962890350266e-02,-5.947686760513187787e-02,7.650920132790291206e-02,-1.655098849100392344e-01,-2.024644374266519053e-01,-1.009857822426069723e-02,-1.888964674889516970e-01,1.955940162076979724e-02,-1.940228991813459092e-01,-1.306711847978862112e-02,4.721871012483033064e-02,2.198640923329103769e-01,7.804731144136456411e-02,-3.352867185990489763e-03,1.360085090803048180e-01,1.751656773968133241e-01,3.980809524015350986e-02,-7.169261364356346866e-02,1.506368914256364377e-01,1.467221873079417593e-01,4.552920365791373117e-03,7.089853393911453583e-02,-2.152294359178143490e-01,-2.209520331647832070e-01,1.794806059006983463e-03,2.397387120028565688e-01,-9.298454680895100466e-02,-2.184757431375076719e-01,1.282763035069615087e-01,1.746667890383547805e-01,-1.938371911152115545e-01,-1.315209131780849250e-01,2.198219437687322919e-01,3.534747607230096650e-02,-2.656799278024440381e-01,-9.121156947663293380e-03,-8.619957830010416266e-02,-5.680320442465813802e-02,-6.440482089814065884e-03,-7.437831364859112671e-02,-6.573539946772176401e-02,-5.518492028652551007e-02
3.658386094554316181e-01,4.457623119932955236e-01,1.000000000000000000e+00,4.216315733330523452e-01,3.740992116210784535e-01,-1.746586438178819867e-01,-1.621156275379915732e-02,3.349973234031891067e-01,-2.573457595946371940e-02,-2.696549881161164897e-01,1.487069102809470134e-01,2.108124307971463163e-01,-2.641765630358275385e-01,-1.259991053505833680e-01,2.701442261154475277e-01,1.052862123627406332e-01,6.954068290368765892e-02,7.372701491594817191e-02,2.428404048167488727e-01,1.286861609739497203e-01,1.702021512104446854e-01,2.142128666654452007e-01,1.974784169767580116e-02,7.927650476291885073e-02,2.503343040277402620e-01,2.834302490459814083e-02,1.190752647936117459e-01,5.833590685326475039e-02,-3.207429425506600623e-02,1.122490927352207263e-01,-5.666643755129015247e-02,6.622144023209272645e-02,-1.411867396661945981e-02,-2.473504377605657834e-02,-1.400795724494095507e-01,5.343663360780388782e-02,-1.378822256529948576e-04,3.271878378803818460e-02,-3.003104471323105734e-02,-5.577568081982261367e-02,-5.476371788753781056e-02,-8.267798074182899221e-03,-1.599674597101595486e-02,-4.539278636976203790e-02,-1.078418712575864545e-02,-7.855213626167201202e-02,1.018264660760684059e-01,-1.368256723799309571e-01,5.396171464021977393e-02,-5.043630313212048299e-02,-5.640461740799776469e-02,2.880876641530733320e-02,3.241532487611946400e-02,-5.603880264725286803e-02,7.718266993502671293e-03,-3.380744551985741253e-02,-5.693855173555661259e-02,1.192333276510294388e-01,1.625966678370213969e-01,1.157746450188322368e-01,-3.885971717442722462e-02,1.818474524151447169e-01,5.610004337377026695e-02,1.011743979527058718e-01,-5.095219121501250864e-02,-1.395905513110015650e-02,1.096644088775751147e-01,-1.725875918480272997e-01,4.959588595492750440e-02,-5.336917849143796994e-02,1.026594638012979198e-02,-2.459805311973529696e-01,-7.420163800613588378e-02,-5.190736756285966452e-02,5.331502530693216224e-02,-2.299912814204265188e-01,6.054200956786402049e-02,4.574438835487812383e-02,-2.269696193548899343e-01,-1.775193867585030671e-01,-3.774927296503530899e-02,1.804478423603924075e-01,9.403560385954126341e-03,5.775334704890268400e-02,2.189883292722975272e-01,8.140364203195279980e-02,-6.557201002581099225e-02,1.636382095121993729e-01,1.961661849803995328e-01,-3.620958767258300459e-02,1.179885729715372637e-03,-4.916112738307328728e-02,9.130512914762813070e-02,-6.721720244211623618e-02,4.716118667286924027e-02,4.929072040918745790e-02,-1.995443483574332044e-01,-1.856957852833737710e-01,-1.849674307512122751e-01,1.101288941326547255e-01,-8.890008237941827290e-03,-2.417640472165988874e-01,-8.454278321792191297e-02,1.252327437841323221e-01,-1.038077003815605082e-01,-2.346927104116497964e-01,2.954747157617205328e-02,8.016675809971550437e-02,-2.225537187082524127e-01,-2.444139709166455454e-01,-1.446803368267298162e-01,-9.383643861223538163e-02,-2.064082075424914509e-01,-1.555287694050186686e-01,-1.462532585190207957e-01,-1.750313618999151943e-01
5.693701669907899054e-01,4.045178447974724922e-01,4.216315733330523452e-01,1.000000000000000000e+00,2.093718927855086620e-01,-7.316669839510442364e-02,3.691582703043730374e-01,5.370980737894629486e-01,-6.126947435648978646e-02,-7.350614241482270050e-02,4.323146262363465331e-01,1.664483468794087651e-01,-2.551488781257479910e-01,1.938260586515633543e-01,4.099736915662754444e-01,1.102125443378277336e-01,8.439846767063831356e-02,2.604475514667285996e-01,2.530490732032113499e-01,2.236546886345500695e-01,1.078024116309687780e-01,2.801669045684525572e-01,1.217097920624955754e-01,2.797187947871139224e-01,3.295689132988207093e-01,1.029714867106867743e-01,2.670179702276245237e-01,-1.663025606441811272e-02,-3.758676340737231170e-02,9.707780791258485698e-02,2.038535854507535217e-02,2.202300109016988236e-02,7.081696275432046439e-02,1.097997773560481782e-01,-2.408657705134367721e-02,1.094784600876930192e-01,-9.081395281020081256e-02,6.602221579809651464e-02,-9.321656921537742335e-02,2.084769320553166508e-02,4.485381232380453859e-02,-1.134070914334852215e-01,-1.048640362311119151e-01,-6.241102869657584595e-02,-1.211220147537347136e-01,6.519084172514487581e-03,3.219693567112275057e-02,-8.648581303102288731e-02,-1.999166292021770791e-02,-5.996952830030074372e-02,-1.349396787622157978e-01,3.248256474004452415e-02,1.120661148241239996e-02,1.838108029670933175e-02,4.970188263815331076e-02,-3.808717986283072926e-02,1.865280998247723782e-02,2.269383851345374223e-02,4.525208534832642765e-03,-4.232320203917597570e-03,-2.562980517385041179e-01,3.991566303639203922e-02,-2.014686431104840622e-02,-8.593769906672059367e-02,2.559184971662477673e-02,-1.562381046881305413e-01,-3.729986719293713199e-02,-1.728878455781464873e-01,-2.605889468684677648e-02,1.995612078386972341e-02,-8.601935956047356002e-02,-2.209132300479554889e-01,-1.749228595557733024e-01,2.046723776340983458e-02,-2.474900319475921776e-02,-2.331327942334198433e-01,-9.587692417355428431e-02,-8.320457080434701114e-02,-2.162022388807530726e-01,-4.743010841819345069e-02,-9.985528474618598355e-03,2.538439664360280235e-01,-5.666704101491413376e-02,2.191966252877036725e-01,1.323239116972549090e-01,1.015717795231634579e-01,1.494908016952325169e-01,2.364271059748498383e-01,1.005531584318263838e-01,4.328788722751260309e-02,2.209525768242969479e-01,2.598595814003904284e-02,-8.039022466992540175e-04,1.018348931274862257e-01,2.259461311819403462e-01,-2.612828183559165116e-02,-1.736971243973734202e-01,-3.784509369079943064e-01,-5.657357938659604568e-02,1.592841367451297563e-01,-2.440801944352311847e-01,-2.983731081502019045e-01,7.560745995321785373e-02,5.367584477521300523e-02,-3.339006022238475979e-01,-1.776712189453697188e-01,1.475974017766078783e-01,-1.061097437280217187e-01,-3.694577436468487464e-01,-1.352263269913312749e-01,-9.108586416847294642e-02,-1.247108141264660769e-01,-1.074065847535409929e-01,-1.047240180362113832e-01,-9.628162107844463746e-02,-5.270912298142521601e-02
1.889152705863313408e-01,4.785837349641083316e-01,3.740992116210784535e-01,2.093718927855086620e-01,1.000000000000000000e+00,1.398490450859800338e-01,-2.481097113915975150e-01,3.429902216660357106e-01,4.447758521426631861e-01,-1.777850713401498139e-01,-8.349761196233966565e-02,4.358417627250908422e-01,1.112718630603582864e-01,-2.505676672900065127e-01,1.786812146699063297e-01,3.329002992416181805e-01,2.712767126484232350e-01,-9.722209538124794437e-02,-5.276997831719188597e-03,1.693955865657747195e-01,3.440338960379595024e-02,-8.860197314061722673e-02,-1.825929250176332175e-01,5.343863127324886830e-02,-1.764126153526596880e-02,-2.133609624405528871e-01,-5.229484950383238989e-02,6.670452601654816571e-02,-1.717614248300000646e-01,-5.071315251982558975e-02,-7.091397541825573969e-02,2.787777761677461691e-02,2.171697914328248307e-03,7.081773914172372064e-02,3.882151549910202448e-02,-1.910812690856933740e-02,6.260300616786158845e-02,5.576695696557969900e-02,-3.549389125921933921e-03,-7.086345123664079815e-02,8.197551256149118726e-02,6.240656354103149561e-02,7.099112872002590058e-02,-4.732347799101063041e-02,1.990989754306260809e-02,1.157692106138025201e-02,-1.180052019529910651e-01,1.325298422987996640e-02,6.891726810006548742e-02,8.061921753167437810e-02,1.072542099856426540e-01,-4.502586582620279193e-02,9.974219798638661594e-02,-6.659379971983286906e-02,-6.974286724788404668e-02,1.313881586901355369e-01,-6.625206528568501618e-02,1.462532304953923501e-01,-1.097264010210279306e-01,1.266101387585532034e-01,-6.529715790069645642e-02,-6.999576842898526385e-02,7.050786863448557651e-02,-6.430996646002091685e-03,-6.610658837557048528e-02,1.701876615886839528e-01,-1.633151709337128665e-01,-2.241416260489551282e-01,6.986833818719929978e-02,-6.787587277231908744e-02,-2.624210235648801737e-01,-8.927825695851243637e-02,1.987985161587405292e-01,-6.998121468469344075e-02,6.449205024576498690e-02,7.840137782416785328e-02,1.534011221341671505e-01,-2.315536873232244552e-01,-1.562093017457880650e-01,4.935005211248620627e-02,-2.871061574007066630e-01,-1.339303459202085822e-01,-2.615816498744266139e-01,-1.355847920233965720e-01,-4.811539826186566476e-02,2.726316113761196314e-01,6.865434145367041441e-02,-1.509569981117966087e-01,1.070447101631740033e-01,2.552834017287675117e-01,-3.193952064640988298e-02,-6.928131174473994847e-02,1.960905095540054766e-01,1.971056900324837935e-01,-1.041046499124687746e-01,6.826634498427498754e-02,-1.950898196922220829e-01,-1.204993737206265930e-01,8.113330704955915018e-02,2.606269275261537399e-01,-3.266826179287504739e-02,-1.313559471998862749e-01,1.867101661558515091e-01,2.064646870485325469e-01,-1.245591629443787984e-01,-5.380075774302817138e-02,2.670020694074415890e-01,7.903345577890023843e-02,-1.656851100173543645e-01,9.714587031802895956e-02,5.596825137135354004e-03,-9.844408715575917769e-04,6.940360229541261972e-02,2.632256213769113007e-02,-9.963791322787879379e-03,-8.064262122194573029e-03
-5.937411770831484831e-02,2.362893521546815048e-02,-1.746586438178819867e-01,-7.316669839510442364e-02,1.398490450859800338e-01,1.000000000000000000e+00,1.989292459342915376e-01,-1.526624720002370816e-01,4.874212296221575036e-01,5.444226044888602623e-01,-2.176672266956889423e-01,-1.600698672229909358e-01,5.768510288556146781e-01,2.376354247637620376e-01,-3.192648852235135948e-01,1.038856759802155721e-01,2.161957152980813202e-01,-1.311258907644541893e-01,-3.092910762953811066e-01,-4.128488017609459326e-02,-3.058013435898036536e-01,-2.235639952927816199e-01,4.821180266115198537e-02,8.858562108970464977e-02,-2.190614625812792871e-01,1.942089638141652683e-02,1.775589110440098720e-02,-4.159134819959898338e-02,-7.187007257370164881e-02,-1.439889715922842706e-01,3.711884375026006100e-02,-3.018614871542692202e-02,-3.155216201831371331e-02,3.261640606986815349e-02,1.378988945009832212e-01,-9.897045138557263033e-02,4.478822994565509474e-02,2.469898792553347835e-02,-6.688424325605349385e-02,3.639241879466873636e-02,1.368467519557036438e-01,9.578304341013466061e-02,1.289415243421199730e-01,7.640437174183778435e-02,1.021901688101991418e-01,1.894072865688107010e-01,-1.566311927815920990e-01,1.135914607239283391e-01,-3.641619300484629645e-02,9.237189839365995969e-02,3.157422631547952829e-02,-4.883728660807154509e-02,-1.111929518008710344e-01,3.991578044617269394e-02,-4.810141595206373494e-02,8.535755439360000196e-02,4.039382950286830865e-02,-1.465590557828111429e-01,-2.934387256493148910e-01,-2.398522780125887377e-01,-1.257367257288773410e-01,-3.274827031848117076e-01,-4.126873682615678912e-02,-2.754839658459000695e-01,3.404818288616436733e-02,-6.626359778040825932e-02,-2.688467029206966230e-01,1.797297338645020004e-01,-3.446276685283528735e-02,3.503138532890497092e-02,-1.237574380889605308e-01,3.103616947539930560e-01,4.912213553315861875e-02,3.419773432243827099e-02,-3.649867088759673611e-02,3.006695282001372038e-01,-1.688875825312065038e-01,-1.981823704265454067e-01,2.707055195084037136e-01,3.323413826279702499e-01,9.749033322540852364e-03,-1.736827849787989930e-01,-1.009447271998275136e-01,3.018561167613276891e-02,-3.430676658845283056e-01,-4.425616701529695024e-02,2.538196410795793834e-01,-1.634685007694063053e-01,-2.981177478546818138e-01,1.432434711220727797e-01,1.636769632970999089e-01,3.344688353204241377e-02,-1.562436391961881665e-01,2.321212294620971228e-01,7.281756191357388608e-02,-3.298863088730070309e-02,2.280146240051985629e-01,5.513394957846259881e-02,3.328268567100086672e-01,-7.191522302775983644e-02,-1.786713529834442205e-01,2.439053310526545504e-01,2.514073928256210233e-01,-1.814552498259907609e-01,-6.927846779942660460e-02,3.248952070204780274e-01,1.019916193915377384e-01,-2.315577412808549618e-01,1.029688156092850443e-01,2.599884033474547107e-01,2.191814557192523216e-01,3.080087999866369664e-02,1.943178713088340726e-01,1.775960513825475817e-01,1.266423416970446358e-01,1.054570621347403481e-01
1.563363846832319659e-01,-1.056301263930311818e-01,-1.621156275379915732e-02,3.691582703043730374e-01,-2.481097113915975150e-01,1.989292459342915376e-01,1.000000000000000000e+00,1.734525946159659604e-01,-2.676474253432862827e-01,3.169569631663641807e-01,4.957392073744724126e-01,-2.989245981340510894e-01,-1.997004269754060479e-01,5.442545910796044994e-01,1.853172640874400923e-01,-2.628956055361807431e-01,-1.020569563477672151e-02,3.961560767589033527e-01,3.263252606217516977e-02,-1.053240571677493687e-01,-2.075279842194193702e-01,2.329375495437384369e-01,4.173466471250311671e-01,3.719122506746432300e-01,1.549395741710297425e-01,3.553180812097623265e-01,3.169744326294791081e-01,-1.672543459133490895e-01,1.032322239923813001e-01,4.758775457187892910e-02,1.716954401411590614e-01,-6.120781495548143804e-03,6.928296870009924280e-02,1.592944167342872086e-01,1.558381017709615790e-01,2.014401024126086411e-03,-1.194396189161603117e-01,2.743130717914404187e-02,-5.863553010792122572e-02,1.685262296322559694e-01,1.277668535234506020e-01,-1.228955793755417136e-01,-6.612526965657307410e-02,6.948841191462057365e-02,-2.205965582539399020e-02,1.312873618029113676e-01,5.000971682191465706e-02,-2.678249551417326638e-02,-1.678267651940374694e-01,-1.287072836765690009e-01,-2.319930046803207746e-01,-6.656070049854317938e-02,-2.081218832757763815e-01,1.643598975595547407e-01,-2.589613571612969789e-02,-1.547658534479331160e-01,1.675053174465369055e-01,-2.617106064329228765e-01,-1.448212036186587448e-01,-3.929950797367056103e-01,-3.529481332273223249e-01,-2.187543486500334589e-01,-1.760347074220729724e-01,-3.845171741607311677e-01,1.663464567904740787e-01,-4.427746954342746677e-01,-1.540069324057384836e-01,2.509414290520458612e-01,-1.734843854315253342e-01,1.629359951975463960e-01,6.254123867387956226e-02,1.819063723250022024e-01,-3.695459918541547095e-01,1.658156018096297313e-01,-1.661012202712073837e-01,-3.324417503996505291e-02,-4.599136983056721362e-01,-5.090661555787798220e-02,2.211163426106140528e-01,2.465518783678168624e-01,3.043322953144509402e-01,2.753385235543488463e-01,1.387162855281283413e-01,4.487037366240965164e-01,-1.594110519547436988e-01,-2.462930185078043566e-01,3.645283494099299526e-01,2.711094774901878224e-01,-3.243655048692461462e-01,-9.439177617203053927e-02,4.628481124173220995e-01,1.712632906515834663e-01,-3.964575245631942191e-01,1.370919536068199995e-01,4.553505366972954715e-01,-1.687291678861298494e-01,2.682943315188912603e-01,-2.363925193777541012e-01,1.969573221250291717e-01,-2.016062070442074805e-01,-4.253782870814563632e-01,8.264268610573004270e-02,1.412390378034587002e-01,-3.768755267344621185e-01,-3.063490889168591913e-01,2.140772635475402808e-01,-3.464867215701249864e-02,-4.580619325815533660e-01,-8.538710334738787433e-02,-1.151478364681758626e-01,9.655143638770000147e-02,-8.024672880095379268e-02,-8.304683575900793924e-02,4.834068950807009213e-02,-6.973851980702334974e-02,-6.838155359722243587e-02
3.566411330313094541e-01,3.233389454633514570e-01,3.349973234031891067e-01,5.370980737894629486e-01,3.429902216660357106e-01,-1.526624720002370816e-01,1.734525946159659604e-01,1.000000000000000000e+00,1.272152873943016849e-01,-3.246570081552872522e-01,4.410954782229406512e-01,4.981047402690787496e-01,-3.032812020654900853e-01,-3.398799679310006427e-02,6.102842961728210947e-01,2.985171459608311761e-01,1.464152074136985116e-01,2.301012776495844347e-01,3.773174315996666861e-01,2.687089372264004350e-01,2.153784357971770536e-01,3.193278201781620806e-01,6.876392713933862644e-02,2.752825888193713988e-01,3.822297968316122896e-01,3.427085209119477144e-02,2.622294062711316709e-01,2.330312851642826061e-02,-7.729358679237656460e-02,1.788844796483728128e-01,-2.018181732926438779e-02,6.181607551639735354e-02,1.601160256692086559e-01,6.804533730906868472e-02,-2.004202040050476197e-02,1.235728079726149259e-01,-7.269844546935265439e-02,6.753930874557034780e-02,-6.934373333983046006e-02,-2.053966732432505743e-02,1.769542028931017988e-02,-4.852438278651032000e-02,-7.936561566908686971e-02,-1.406290467762857932e-01,-9.186770176654344977e-02,-1.184289060550592354e-01,4.457364092669048594e-02,-1.437352661331438297e-01,1.944682393302761200e-02,-6.272377152705496672e-02,-1.394765390762456314e-01,-2.058626179399110009e-02,6.659495828025904784e-02,-2.195492213507817952e-02,3.918719028745889545e-03,-2.059538116325927010e-02,-2.211251936960465653e-02,1.192512960766864832e-01,6.850753847600238311e-02,6.046356192980262972e-02,-2.520872067727911725e-01,1.180545643003429734e-01,2.104380380470301237e-02,-4.811835694201517868e-03,-1.325044733818392557e-02,-1.158822637272655942e-01,1.734267597202628075e-02,-2.563179361473263973e-01,1.361127947107079218e-02,-1.968951481689904665e-02,-8.462279319841357894e-02,-3.247545700720804174e-01,-1.649072830560405212e-01,-1.941517185172469614e-02,1.420255361595584333e-02,-3.125571538331886057e-01,-2.449219050013226942e-02,-5.628102405122532848e-02,-3.156656251326435680e-01,-1.456857311966225366e-01,-7.072323484589568277e-02,2.910124843858171717e-01,-6.155094882837906789e-02,1.909365129402066930e-01,2.217172273211201472e-01,1.617898218608253558e-01,8.932803161835212169e-02,2.632293753335743225e-01,2.060197170948609990e-01,3.631171747441783865e-02,1.730686420036932072e-01,-1.341283803414590643e-02,7.112684300892263556e-02,6.540695998246040532e-02,2.067275156102877931e-01,1.318240273097383633e-02,-2.737492793563740534e-01,-4.255864019692308098e-01,-1.416705024273791080e-01,2.139632812326040245e-01,-2.072682446577614190e-01,-3.846307567008845352e-01,2.833079103428990178e-02,1.291388177257774827e-01,-3.367162921649579088e-01,-2.751949855129907641e-01,1.517949339651208929e-01,-4.808530890902365518e-02,-4.346806407318861143e-01,-2.132187959231054419e-01,-2.030836748831171545e-01,-1.072931247914792469e-01,-1.657311852637066152e-01,-1.505333307660663700e-01,-1.399011867790369845e-01,-9.257752675939422138e-02
6.889102690507461352e-04,2.044652637334587741e-01,-2.573457595946371940e-02,-6.126947435648978646e-02,4.447758521426631861e-01,4.874212296221575036e-01,-2.676474253432862827e-01,1.272152873943016849e-01,1.000000000000000000e+00,2.895344731214412673e-02,-4.192084348342107747e-01,3.796239295536700253e-01,5.516159987492993411e-01,-2.894257047604812394e-01,-1.560762614447412933e-01,4.346197007022947201e-01,2.932295267394396387e-01,-3.162822739244687265e-01,-1.714106202129124235e-01,1.747229283799529576e-01,-6.617015412663117269e-02,-3.648274112744218090e-01,-2.440932226801247884e-01,-4.737311741453135300e-02,-2.456091995825892549e-01,-2.401009353759745724e-01,-8.888587142805670638e-02,2.608126929748263989e-02,-2.526407583735760243e-01,-1.845596020580171359e-01,-3.441298197307832152e-02,-1.146496738803023246e-01,-3.595558240901298996e-02,-3.889059018783876803e-02,1.161328321899262050e-01,-1.436251005871795952e-02,3.401153357559254242e-02,-1.483423235521963077e-02,-1.046236378546706348e-02,-3.480771324644975351e-02,1.018616295580198339e-01,1.560960767600276800e-01,1.333896880959442588e-01,-6.465085501392727439e-03,1.106913865286209414e-01,9.192722727866028953e-02,-1.519798326868125327e-01,1.335319860108813705e-01,3.330025614233102921e-02,1.754190763806140474e-01,2.093025220843619527e-01,3.477996273240519659e-02,1.116407216177286721e-01,-2.646543734148691998e-02,3.000901607051096112e-02,1.306434469942605314e-01,-2.804771410387455269e-02,3.791567279510803939e-02,-2.561512811764825592e-01,3.317452050822553705e-02,3.941573205763708454e-03,-2.270659585916944001e-01,3.264935291185647875e-02,-8.686676917745003723e-02,-3.272225602263805627e-02,1.846219473944317457e-01,-2.364418327852070567e-01,-6.306142207297633917e-02,3.774571333109338206e-02,-3.186558483995903523e-02,-2.522245900064118418e-01,1.291980358932769135e-01,2.615934630679808137e-01,-3.523181168146501813e-02,2.913013021666119307e-02,2.774944975371012035e-01,1.053213308820569183e-01,-2.540392016241562190e-01,4.796421398481527654e-02,1.920107423853469886e-01,-2.408524167429620111e-01,-2.900774299917781018e-01,-2.581035903613658755e-01,-1.967473461239096222e-01,-2.352980300080294573e-01,1.958503590796000227e-01,1.109032212562012926e-01,-2.941519574302583484e-01,-6.553583167208348881e-02,2.741984558169513475e-01,-4.469125107738443348e-02,-3.761466850458229649e-02,1.108720967827603182e-01,2.369276368813181266e-01,-1.460290293231862324e-01,3.640093204867571319e-02,-1.551269022669211385e-02,5.653949887336364583e-02,2.301103301500429521e-01,1.503494304542062898e-01,-1.241247766850764496e-02,8.613945519286607400e-02,2.387284874102273413e-01,8.998555222302472012e-02,-1.420462182966013114e-02,1.510322038005019740e-01,2.282570223642418628e-01,1.579520514985227608e-02,4.750244577979319260e-02,2.323352444769900271e-01,1.055855707636889906e-01,1.238881329350255966e-01,1.864040367578419788e-01,1.231293899415913107e-01,1.431040173964667206e-01,1.184621288790271010e-01
-7.477300841295578260e-02,-1.810064632766868742e-01,-2.696549881161164897e-01,-7.350614241482270050e-02,-1.777850713401498139e-01,5.444226044888602623e-01,3.169569631663641807e-01,-3.246570081552872522e-01,2.895344731214412673e-02,1.000000000000000000e+00,9.529655010479225197e-02,-4.640615836426012497e-01,3.672431540264379790e-01,5.832387957169942183e-01,-2.764659085441075193e-01,-1.072654728986345285e-01,1.682997161998468078e-02,-1.587027495621847958e-02,-2.796208361800615050e-01,-2.730393936672040334e-01,-4.330745410563056619e-01,-4.436005100351270852e-02,2.986506733145166126e-01,1.150546255424722414e-01,-1.405138457585151934e-01,2.639559246148699412e-01,5.285550517910943963e-02,-3.976932434008497580e-02,5.725604681505871291e-02,-1.357443289003807674e-01,3.678632722743725020e-02,-2.214740552395857293e-02,-9.430152914155207067e-02,9.085671379366991318e-02,1.156574020728569352e-01,-1.553970882348683635e-01,8.475447392581091088e-02,-3.916434842222188406e-02,-8.814622284590317713e-02,3.460954131766195985e-02,8.620459734724592038e-02,-3.970674165915503984e-02,3.469108906024095940e-02,1.004196930581441327e-01,4.522056795793293754e-02,2.025867421970793669e-01,-1.500233949774056330e-01,1.201524020106733009e-01,-3.430339320639071155e-02,1.068679205095628094e-03,-4.329791139351703982e-02,-7.209279363888450309e-02,-1.710009376500517819e-01,3.736620953629620628e-02,4.309969963576012683e-03,8.431662509648327197e-02,3.856279198253318580e-02,-2.545239458678841826e-01,-1.686708446979524878e-01,-3.844163420682000787e-01,-1.301746900803931184e-01,-2.636390174662789909e-01,-4.278257755680285601e-02,-3.144303061684451395e-01,2.936178173813090361e-02,-2.761187277192651557e-01,-1.314258288738183178e-01,3.840938665905227478e-01,-3.464616001319474614e-02,3.136209134243013452e-02,1.201146606877614431e-01,3.759640384756768317e-01,-1.845367233899789516e-01,3.308142866025313988e-02,-3.023946454836313330e-02,1.952963373011136206e-01,-3.548744414995488872e-01,6.615321823306410422e-03,4.056289610210080943e-01,2.948369474618605657e-01,2.940253452206152418e-01,3.233705768910774374e-03,1.554206906664486465e-01,2.196756697341383235e-01,-2.882645939952110381e-01,-3.052565637173286772e-01,2.321804060615217935e-01,3.534558378213206037e-02,-4.089139864492208343e-01,-1.053398179841560089e-01,2.594217358905268611e-01,3.271810131374294078e-02,-3.778961649513777887e-01,6.907116886167800895e-02,2.336160059284269341e-01,-3.060693894796931089e-02,4.006581448692523861e-01,9.657543127635549729e-02,2.606401724241556583e-01,-3.174787610407192595e-01,-2.051765073372849302e-01,3.424284451474922109e-01,9.090747060020785975e-02,-3.947994259482355273e-01,-1.010631638472081657e-02,3.745173364560240303e-01,-1.450061146151395419e-01,-3.602037809611915997e-01,1.898995453609957917e-01,3.040211677196899553e-01,3.468858641886726213e-01,1.396615434794424571e-01,2.819551400426033028e-01,2.773501656809645444e-01,1.460531234540455581e-01,1.084714075365568881e-01
2.751246808030901048e-01,7.117747967261861541e-02,1.487069102809470134e-01,4.323146262363465331e-01,-8.349761196233966565e-02,-2.176672266956889423e-01,4.957392073744724126e-01,4.410954782229406512e-01,-4.192084348342107747e-01,9.529655010479225197e-02,1.000000000000000000e+00,1.670765956916299075e-02,-5.620975716165216296e-01,6.094826027062493212e-01,7.335325690403788901e-01,-2.752137344912714348e-02,-3.347308501353839227e-02,5.220135777323786641e-01,3.937296963582029852e-01,1.311916801611343608e-01,2.069688548459854560e-01,5.773480994643928055e-01,4.717145350449859498e-01,5.811651386636561556e-01,5.703167601258115615e-01,3.804885206100255823e-01,4.918899433368176255e-01,2.428489694090437898e-02,3.573217794852204948e-02,2.702143301967819822e-01,-1.553312316930553945e-02,1.344939785617415562e-01,1.851665961999467147e-01,1.089321090485798893e-01,4.122255109010967283e-02,7.410265253171825772e-02,-3.653592485509207788e-02,1.103143480728820125e-01,3.442414169151844418e-03,-1.652289293943664389e-02,1.261197202119102856e-01,-1.309249879269001882e-01,-1.123117667344278869e-01,-8.317089163379073891e-02,-1.117389145819312757e-01,-6.068825410960038830e-02,-2.742279394559225467e-02,-1.385634419763788761e-01,1.823062354925229778e-02,-1.755138163538627893e-01,-3.128858023547393397e-01,-1.391311605197299572e-01,-1.687444106823781098e-01,-2.400000918793033372e-02,-9.632275532598592871e-02,2.961236308908965845e-02,-2.259919166893766332e-02,-2.151678182838779596e-01,3.155896812026115494e-02,-2.395725483294593450e-01,-5.354165836862543326e-01,5.081596047889406706e-03,1.534836999954686081e-02,-2.436607752830859119e-01,-1.330953919172403813e-02,-4.749414082414728511e-01,-1.602762795509010338e-02,-7.824085265075933493e-02,8.995252872615936562e-03,-2.135053299328100451e-02,3.600411724072471314e-02,-2.542057161476193872e-01,-5.020170416053165718e-01,-1.903683384248999744e-02,1.498750159763895078e-02,-4.284367402283739690e-01,-3.719016180506062308e-01,-1.539225379462886775e-02,-1.863960783978094449e-01,-3.637519616381668791e-02,2.081000346137496515e-01,5.645805102163085065e-01,1.058024664413201588e-01,5.610582802732554386e-01,1.883813770814864175e-01,-5.797739480576114685e-02,3.110766009541545696e-01,5.418653262817161309e-01,1.405354045868385630e-02,-1.077888606452006709e-01,5.107206946275602011e-01,-9.989627989572640032e-03,-2.275821343548062869e-01,9.287829035591499416e-02,5.623462059109640698e-01,1.145754053442404365e-02,-1.156598603791960667e-01,-6.174338919253894442e-01,-7.821174706011609079e-02,4.419898306577019209e-02,-5.009648877271739575e-01,-3.729246432960828250e-01,5.814669429925787419e-02,-1.470702435479154802e-01,-5.557911717355034087e-01,-1.830836227129286342e-01,6.498700285404875043e-02,-3.971596701313691025e-01,-5.351338152574829365e-01,-2.648344619697611257e-01,-1.988858752220203641e-01,-2.536649450663281957e-01,-2.037089495010902529e-01,-2.185506159873289722e-01,-2.314372324959330929e-01,-1.733157313245947129e-01
1.609711252769761569e-01,3.161893937006888811e-01,2.108124307971463163e-01,1.664483468794087651e-01,4.358417627250908422e-01,-1.600698672229909358e-01,-2.989245981340510894e-01,4.981047402690787496e-01,3.796239295536700253e-01,-4.640615836426012497e-01,1.670765956916299075e-02,1.000000000000000000e+00,5.827187818143186177e-03,-5.633437253236623921e-01,5.445994240304258271e-01,6.323854872754814949e-01,3.853939419506401953e-01,9.838711897400219397e-02,2.521012481348073320e-01,4.033348675527495542e-01,3.219545520910281899e-01,2.233255453705892263e-02,-5.188302645174933114e-02,2.728420717471217727e-01,1.797166734678884714e-01,-1.038709923663316548e-01,2.380423554900237548e-01,1.147638806799132355e-01,-3.219954133652463413e-01,-7.043987285747854883e-03,-1.164505270945354332e-01,-3.288101023205391993e-02,1.652401063348326454e-02,5.910288847323125379e-04,1.030329587132355479e-01,1.483784657230653725e-01,-2.177081067109298135e-02,2.008946141362300333e-02,1.803811392898407168e-02,-1.155642629235048152e-01,7.648863367713625017e-02,1.276046199722215280e-01,1.056290120679285877e-01,-1.106795553470725502e-01,3.254420178120089741e-02,-4.659769542010481352e-02,-1.189860075063414908e-02,-7.669431528874610764e-03,1.158989423186443518e-01,1.239476972853732345e-01,6.839960498359093366e-02,6.253444433490955301e-03,1.801118459794613658e-01,-1.149586477694064385e-01,5.169210198316889771e-02,8.692230414705554020e-02,-1.157130781594821745e-01,3.847417931934697666e-02,-1.425491989928935055e-01,3.957472646249048098e-02,-2.732142046953126013e-01,-9.672247577330821133e-02,1.160894211930812159e-01,-1.159867960397327480e-01,-1.103660066218834779e-01,-3.483084700644747261e-02,-1.740053460091244841e-01,-2.609911316680609827e-01,1.139053859212302428e-01,-1.161793538411172999e-01,-2.552634899342066666e-01,-1.999804929330559755e-01,-1.869893307989161854e-02,-1.184461368084332028e-01,1.083270437653153645e-01,-1.066181296439935172e-01,-1.204457955301352703e-02,-2.435870157123224133e-01,-2.395732926422978470e-01,3.718355662505738735e-02,-1.924294339317416114e-01,1.168472418926869566e-01,-2.242038461422906914e-01,1.006172236326699498e-01,2.979745741559965827e-02,2.508393365456893509e-01,2.042977534596442935e-01,7.365217216730855776e-02,1.149734046648663160e-01,2.178661520974300436e-01,1.819478204462304238e-01,-1.140217550873443425e-01,1.120120946951601859e-01,2.509225709602103116e-01,1.250826749489687695e-01,1.132045262374568179e-01,-2.504054168984263806e-01,-3.921426577807149427e-01,5.506412535950543086e-02,2.946815156463056251e-01,-2.533980420497987107e-01,-2.988191282273641169e-01,2.123093793115046757e-01,1.441490027281598363e-01,-3.617888175733905420e-01,-1.317123218405282514e-01,3.011425778625585470e-01,-7.771218647012512193e-02,-3.338136057899011577e-01,-2.542197804708189457e-01,-2.448725488940646511e-01,-6.307462351353915198e-02,-1.962935181725611600e-01,-1.646789102989600906e-01,-1.052134935016141443e-01,-1.013018998491178740e-01
-1.384466675566375649e-01,6.253124886194403112e-03,-2.641765630358275385e-01,-2.551488781257479910e-01,1.112718630603582864e-01,5.768510288556146781e-01,-1.997004269754060479e-01,-3.032812020654900853e-01,5.516159987492993411e-01,3.672431540264379790e-01,-5.620975716165216296e-01,5.827187818143186177e-03,1.000000000000000000e+00,6.982390421644363299e-03,-5.846523917225262545e-01,3.228324827459610469e-01,1.918647340809696011e-01,-3.808234512051860698e-01,-4.007646467545550872e-01,-5.198872413912069418e-02,-3.230023387742044783e-01,-3.463904453622219104e-01,-7.862669100586558435e-02,-1.042362845265078913e-01,-3.300821564860649260e-01,-4.666903567289829718e-02,-1.201332240184875000e-01,-3.441783434827296734e-02,-1.405116006905149095e-01,-2.527929391318842200e-01,2.618687348945403573e-02,-9.641498317143028240e-02,-8.959264434776818831e-02,1.986967242830624952e-02,7.188099102973165289e-02,-1.878559424277073953e-01,1.121148740721083364e-01,-4.170503961475738319e-02,-8.485416562947549479e-02,2.635842691557040152e-02,3.170868094570195028e-02,1.068237896257396430e-01,1.280283996265669244e-01,6.980291118153632290e-02,4.017544525644935194e-02,1.566687916327735852e-01,-7.600129708755773428e-03,2.052779516484299627e-01,-2.781443042526244441e-02,1.968024623571655862e-01,1.940682344712360841e-01,-2.278998900975599470e-02,5.627072835157086866e-02,3.332421759331913313e-02,3.733579745881011186e-02,-1.278882222955421248e-02,3.503116700589659072e-02,-5.927392352746070625e-02,-2.393244942192779834e-01,-1.321771953579193581e-01,6.232075910017113862e-02,-2.578509544539249743e-01,-3.200961664519699074e-02,-1.543928588017176307e-01,2.426335045351236605e-02,6.356520835454369800e-02,-1.877421654430442843e-01,1.879856266759376560e-01,-2.401643174489346416e-02,2.717737078538458306e-02,-7.808118211009630605e-02,3.259188384183743792e-01,1.589380937697009444e-01,2.604924967058573973e-02,-2.684328724644456307e-02,3.487811837679203886e-01,-4.375646115898174093e-02,-1.267839182904329232e-01,2.819381569514169406e-01,2.675874603114367645e-01,-1.899221147544745761e-02,-2.896066975125072829e-01,-8.140727560268257168e-02,-1.233774122585886562e-01,-3.059163176458627453e-01,-4.902174801554697037e-02,9.920145732968978225e-02,-2.602249405611188338e-01,-2.497876550151158226e-01,1.136767012289742473e-01,-1.557129963590129888e-02,2.316801920040261961e-02,-7.884197264672848648e-02,1.367106993277568405e-01,-8.885858851624418853e-02,-2.298569648638748922e-02,2.275642864568977464e-01,2.287144849653632572e-01,2.728224800595778765e-01,-9.643390305440652233e-02,1.020677472227256473e-02,3.112607794513657100e-01,1.544297647777623794e-01,-1.160839600658198079e-01,1.250129275409418428e-01,3.104285820342144175e-01,2.833814621968894568e-02,-5.490166267442279924e-02,2.534485971114402436e-01,3.373396791809052941e-01,2.571005230017334720e-01,2.301173451067388132e-01,3.034325314704640064e-01,2.450801687120970351e-01,2.702239967230977702e-01,1.782223761177073318e-01
