1.000000000000000000e+00,3.796433461758217387e-01,3.833069810877321459e-01,1.508621923287668254e-01,1.935790834480132228e-01,1.121554492437830397e-01,1.507898372209142690e-01,8.476123847207575612e-02,7.789585930819717396e-02,1.320002276848342981e-01,5.320638030182587436e-02,7.196346864965061374e-02,3.681673562026441249e-02,5.334755109774335508e-02,8.206624762366244996e-02,2.199814603204588298e-02,-3.946015671078191046e-04,5.198846274972045850e-02,5.710062162734188401e-02,3.311045158854580145e-02,-3.899533128162043210e-03,3.529727809538250882e-02,4.373197562211311729e-02,4.961408705732519436e-02,3.197519952320550252e-02,3.771277850016421102e-02,9.900092784019301831e-03,-2.627290707751119003e-03,5.068199791984769227e-03,-8.514236331615510772e-03,-1.627849760793604467e-02,-1.574201507195215760e-02,3.062560549830488366e-02,2.296597566372005766e-02,-1.402633279615711319e-02,3.089567080128643312e-02,4.060238442071866655e-02,2.460981585069008451e-02,-3.496084210739261650e-04,-2.047054847391567046e-03,-6.953015019796188884e-03,9.484879453767696908e-03,1.185331742842573102e-02,1.501435626525315058e-02,9.421879884994408677e-03,1.391139107504395754e-02,6.226299359443584515e-03,1.046409974083997024e-02,7.301129153166023220e-03,2.264545065000536303e-02,1.795511693034274568e-03,2.539048277751197041e-02,1.747040529421925101e-02,-3.430325683685843310e-03,-5.308804471082269848e-03,-3.010033859391723909e-02,2.645464589785395670e-02,1.584114843569935788e-02,-1.246529787828568460e-04,-3.137960693652374483e-02,-1.393424405970935046e-02,-1.706343299735686367e-02,-1.670765260622841808e-02,-1.493532323028610130e-02,-6.485455789122936479e-03,-3.043540705935336189e-03
3.796433461758217387e-01,1.000000000000000000e+00,2.829114809587056079e-01,1.278226818587931413e-01,2.046718915874896072e-01,9.553939729290528149e-02,1.469848719951639959e-01,7.849479319157877388e-02,6.074677027566902088e-02,1.299752735678885995e-01,5.031487653746848088e-02,6.544181190373513091e-02,2.480805179434901822e-02,4.123724184997761000e-02,6.754153547111643729e-02,2.337745543766546127e-02,-4.083392372996850345e-03,2.932091654447111992e-02,6.221218931827183357e-02,4.276312714238350576e-02,1.638371273874622211e-02,4.226897706603266469e-02,5.892101184899854044e-02,6.272526944981281216e-02,3.426579201046863615e-02,4.244862481611602623e-02,6.873335358337426954e-03,-1.144779355013401771e-02,8.859091040813893425e-03,-1.422652193004653870e-02,1.503235484290053924e-03,-1.838985235310054700e-02,1.999474276770932951e-02,3.313838730138762845e-02,-1.710652185575417192e-02,2.112086055919434879e-02,2.578278191827053020e-02,2.340296449872424078e-02,1.597148493072180278e-02,3.629430086710103403e-03,4.397172124468160307e-05,-2.396059905852160072e-03,-8.891242731359829191e-03,-5.397290343208007921e-03,-5.583470438186668473e-03,1.330792190210220577e-02,2.826959974440486183e-03,-5.610321031690517976e-04,1.227038188789437469e-02,4.766579499135533207e-04,7.061770764617301965e-03,1.875298841601422128e-02,2.630495478320958244e-02,1.782010958801790931e-02,5.423043015504778672e-03,-9.757251180471574956e-03,4.074882438226544445e-02,6.038288414947002268e-03,-7.716571068037560155e-03,-3.677290240748922606e-02,-1.717966545546997445e-02,-2.911121376144968059e-03,-1.525484229874322570e-02,-3.735711053463040918e-03,-1.281071242699554193e-03,2.965930630285945700e-03
3.833069810877321459e-01,2.829114809587056079e-01,1.000000000000000000e+00,2.841615626933066685e-01,3.543422148266516802e-01,1.910655420492013423e-01,2.798741972774422826e-01,1.793530322463742221e-01,9.835961390978781305e-02,2.264789404205538037e-01,9.614926097333310884e-02,7.169431720655725093e-02,2.337580629041611374e-02,1.014797593352714244e-01,7.335629666924478598e-02,7.637412255300081963e-03,-6.243659634181830675e-03,7.602992502280449261e-02,6.004518671408181490e-02,4.262246243826821324e-02,-2.159915266082370212e-03,6.773510699777940403e-02,6.335315019884238397e-02,5.367593130880916885e-02,3.553631349350917790e-02,5.837429933349612410e-02,4.368415970706819584e-02,1.460478791072803741e-02,-3.288651969301482035e-04,4.079275093934974644e-03,7.789693243498827966e-04,-4.148056031055648990e-02,1.695344759822297459e-02,1.411322602359567704e-02,-8.060586151519999465e-03,3.756155124692617947e-02,2.883379928352430496e-02,1.280872807623363412e-02,1.715419798570627999e-02,-2.002987823083867899e-02,-2.432144606611692447e-02,-9.232374403800430382e-03,1.182759913558783030e-02,-6.891377425401800988e-04,-1.206475766630518351e-02,8.940923993769271660e-03,-2.697916211017673677e-03,-2.587359388505800287e-02,-1.197974311325497761e-02,6.720760437709550131e-03,-1.119466398374017839e-02,7.818593284465257323e-03,-2.203547921841816134e-03,-6.599637325098320004e-03,-2.269304816066878335e-03,-2.741969364711104723e-02,2.681129826504332139e-02,6.037151688005809591e-03,-8.105757847327510132e-03,-1.909615283848647635e-02,-1.422317110488519748e-02,5.500695696964979543e-03,-3.096234424161566773e-03,-2.319761905442526556e-02,-1.985166024588509368e-02,5.343172730686028592e-04
1.508621923287668254e-01,1.278226818587931413e-01,2.841615626933066685e-01,1.000000000000000000e+00,4.021313411887700306e-01,3.446647633325958249e-01,5.327750714632767393e-01,2.860333749697975825e-01,1.396037261364319604e-01,4.155883942117035157e-01,2.275904729213210631e-01,1.425690848146092815e-01,1.184319976633644300e-01,2.113787110072416209e-01,1.295438002061913285e-01,5.858400091597642384e-02,-2.052362187382844941e-02,1.102521096256996180e-01,6.613053379109973262e-02,4.929882978159225854e-02,-1.320535403000945183e-03,7.687539365893672483e-02,7.652801068407676099e-02,6.786275198203389758e-02,6.571227193393024135e-02,1.214482658245054914e-01,6.665666094647733353e-02,3.612583825487256095e-02,1.743792772081051955e-03,3.258723451799538148e-03,2.973530190492672948e-02,-3.757520347484435280e-02,4.307661288680830064e-02,3.761470420976312928e-02,4.731957734969171638e-03,1.857145804176533327e-02,1.945415293100481724e-02,1.121628133816631595e-02,1.086852688582852847e-02,1.308001432824087984e-02,-6.886300867072175057e-03,9.246041910119080776e-03,1.950406355505119801e-02,-1.504382968800017407e-02,-2.248907044787465045e-02,2.641659278304051006e-02,2.454523831557508043e-02,-1.659676114409927225e-02,1.311413161097655516e-02,2.637743049122597341e-02,1.484523034869224614e-02,1.462909650753166715e-02,2.104873407430753879e-02,6.584880194360901058e-03,3.163174748446150042e-02,-8.261488550648310794e-04,2.950325523326031291e-02,2.195725986322443271e-02,6.501973777297839763e-02,3.889756526648154630e-03,1.830034674304388282e-03,-3.538583182632756147e-02,-4.033155880798657694e-02,-3.453877820290637141e-02,-3.629477808401677941e-02,-1.655755912988151083e-03
1.935790834480132228e-01,2.046718915874896072e-01,3.543422148266516802e-01,4.021313411887700306e-01,1.000000000000000000e+00,3.644942750683021204e-01,5.022784873511921822e-01,3.129129885678746947e-01,1.566796479614312732e-01,4.011998974467617662e-01,2.186150806493894760e-01,1.470358569196524579e-01,1.087923354172182916e-01,2.155634819802034752e-01,1.285910594933443174e-01,5.898051427143007758e-02,-2.032830741766402521e-02,1.268206164793094504e-01,9.337774181322913702e-02,8.896853291084526327e-02,9.653989123327164426e-03,1.069027662463084005e-01,8.349954623877681170e-02,7.456495001459892413e-02,6.698613563659057413e-02,1.068649245303098516e-01,7.088388965276477827e-02,3.759396444856950154e-02,1.074930841016971846e-02,1.147519201557456979e-02,2.321524361506340298e-02,-4.056166354056960077e-02,4.089623894683779709e-02,3.110476987411560368e-02,-2.461033267088084779e-03,4.248716679456456674e-02,4.795964092784893440e-02,3.130223725082813269e-02,2.363463030708142301e-02,1.313438754512375080e-02,-4.938126217250500723e-04,5.165942790642392979e-02,3.488127572396722276e-02,4.270468879062044865e-02,2.039943733665496722e-02,2.561154625448279140e-02,2.620611562533745401e-02,1.501563921761079473e-02,1.625405202958699058e-02,4.371371125399584751e-02,4.081987241009139150e-02,4.147680955285093507e-02,3.362393310613693426e-02,2.027517060836723020e-02,2.731369565677022049e-02,4.664452702911271644e-04,4.041068839191841455e-02,3.909702445794937392e-02,3.923745407655628015e-02,3.400691939476755028e-03,1.417161601269258282e-02,4.980249482445772528e-03,-1.445671747308499740e-03,-4.128835337284449819e-02,-4.517061131946296243e-02,-2.345008220997378198e-02
1.121554492437830397e-01,9.553939729290528149e-02,1.910655420492013423e-01,3.446647633325958249e-01,3.644942750683021204e-01,1.000000000000000000e+00,2.913988305708529181e-01,1.884498406143597926e-01,1.573738470364970388e-01,2.578118907444605368e-01,1.784374889626763327e-01,1.246384036201908241e-01,9.538365126002566752e-02,1.748533901004838964e-01,1.311197201003733159e-01,8.348032560709936489e-02,-2.393276743028613721e-02,7.437222421026637442e-02,6.115077192161418040e-02,8.692215574105123521e-02,3.465789544770182806e-02,8.248083777862545707e-02,8.261291913505892925e-02,6.768173141170670537e-02,3.443969506538856890e-02,9.307285774298565406e-02,4.284287092405876518e-02,1.617924289078323877e-02,1.752524980613625119e-03,-5.472762700569785282e-03,5.734261577020663067e-03,-3.566822780036497942e-02,4.575398968655078336e-02,2.649581759677556783e-02,-2.439576356591028478e-02,-5.427528712159615390e-04,1.519691938398019283e-02,1.399025126453139894e-02,-7.973986246628071012e-03,8.020943155939480942e-03,-6.928662604461110000e-03,4.085455817394181149e-02,3.856632758940017891e-02,3.021825437270611939e-02,1.414114687535957329e-02,1.388234755455904947e-02,1.573378192695975772e-02,1.823422742432102145e-02,1.020782276240711321e-02,3.313723227243371011e-02,2.339001431849130341e-02,1.608453271709165203e-02,2.111179297652930609e-02,4.413061323959366518e-03,3.451974944576519794e-02,7.637209291041083866e-04,2.655411224650350982e-02,3.186981741124336742e-02,2.356667321802868517e-02,4.095735695887382094e-03,-1.366160044422501212e-02,-1.742950951256299133e-02,-2.157716888421939982e-02,-5.154463877301278252e-03,-1.412780167360272281e-02,3.549863487637747346e-03
1.507898372209142690e-01,1.469848719951639959e-01,2.798741972774422826e-01,5.327750714632767393e-01,5.022784873511921822e-01,2.913988305708529181e-01,1.000000000000000000e+00,4.366988710282088126e-01,3.390890705578651909e-01,6.558871878751773021e-01,3.221918966079242441e-01,2.572830355078916664e-01,1.619409971871158538e-01,2.937325932361622982e-01,2.206625620615671468e-01,7.255106474657059545e-02,-4.432088326392274145e-03,2.100675356507960834e-01,1.351414647897515864e-01,9.425366883533103923e-02,-1.006309343631466968e-03,1.426815649767530503e-01,9.005779208289185767e-02,7.399750260743846730e-02,5.718473632906709292e-02,1.285000610582835157e-01,8.239892663521616867e-02,3.147848267765339381e-02,2.056074163986768705e-02,1.555396588228494942e-02,2.834138739517559277e-02,-5.679248436203777894e-02,6.034619454223950213e-02,5.245812717254714347e-02,2.219982799969193003e-03,5.183367634742940683e-02,3.891993968392352260e-02,2.864022481764764289e-02,2.768360094455801779e-02,3.293976646413029202e-02,-6.652184321627942383e-03,3.429699824950402376e-02,3.119312075048670183e-02,2.160453912886423078e-02,9.375401285699760945e-03,4.263585183561195008e-02,4.552518045646872236e-02,-1.696727865746923132e-04,1.927141037371268850e-02,4.291292604445498537e-02,2.408839611497673103e-02,3.681227531516941681e-02,1.937212313602950514e-02,1.272810599214017381e-02,2.475486737434430540e-02,-2.186514473180192590e-03,4.419326748862928422e-02,1.984169356270177112e-02,7.297422057125418915e-02,8.567776153552430357e-03,-5.962931919384648581e-03,-4.543518641674014480e-02,-4.109033674526815089e-02,-4.825409643192466597e-02,-4.033645277294251041e-02,3.631381598255504638e-04
8.476123847207575612e-02,7.849479319157877388e-02,1.793530322463742221e-01,2.860333749697975825e-01,3.129129885678746947e-01,1.884498406143597926e-01,4.366988710282088126e-01,1.000000000000000000e+00,3.648522137931526910e-01,2.217999381505398326e-01,2.887554664567117957e-01,5.838865122502228527e-02,-4.301984954874996103e-02,2.420478708425382042e-01,6.072917047532711693e-02,-3.292557551565277602e-02,5.250438575724296342e-02,1.480989668190529629e-01,1.026728090222815519e-03,-4.617628635681100130e-03,-4.800389394457737699e-03,2.723593532876406390e-02,-1.652279067379597982e-02,6.375909803826065522e-03,5.738201455944048207e-02,4.114439750391289674e-02,3.135753027502540674e-02,4.109831123414793563e-02,4.683377525218121559e-04,5.292184876224754336e-03,3.151832586004246761e-02,-7.239802426221381149e-02,1.238262749878477932e-02,8.207695692918020799e-03,-5.581915665013506729e-03,3.562840567785936080e-02,1.014932271326812047e-02,9.137932591318240552e-04,1.502409203757186507e-02,2.389335749864043845e-02,-2.466293332309400441e-02,-2.730526811581915000e-03,2.762053114837105181e-02,2.834130714741914595e-02,-6.231386971003930039e-04,2.047340845175156174e-02,3.391940192843859864e-02,-3.170153828650359995e-02,1.635027450457965728e-02,2.027485798559034921e-02,-4.989494569836324094e-04,4.350968055309028387e-03,2.158572674686567126e-03,1.278988916011617686e-03,1.635426460809819363e-02,-7.892697975164899085e-03,2.837038788738686923e-02,9.776549111494753364e-03,5.708962710584120775e-02,1.842414167674330180e-02,1.183116072656245805e-02,-2.439932360021595734e-02,-4.893321521502701221e-02,-4.095242716401333027e-02,-2.955816393886367965e-02,4.991823739621350543e-03
7.789585930819717396e-02,6.074677027566902088e-02,9.835961390978781305e-02,1.396037261364319604e-01,1.566796479614312732e-01,1.573738470364970388e-01,3.390890705578651909e-01,3.648522137931526910e-01,1.000000000000000000e+00,3.563821365497907845e-01,1.930581600699265710e-01,2.669401407633606449e-01,-2.260830782648672044e-02,1.297612373678337372e-01,2.285003659471220028e-01,-1.821962431544969134e-03,1.447093217511507823e-01,2.231030119983275772e-01,1.324199787370607118e-01,7.775072803075896988e-02,-2.532441048261590069e-02,1.104409416144498390e-01,2.064179324622538586e-02,1.779141321300214268e-02,3.683415891193535241e-02,4.630798257687473996e-02,5.699637527877701032e-02,6.117546823619229163e-02,4.186873975589641694e-02,4.936745437498304273e-02,5.459391936434093706e-02,-4.678739830900045804e-02,3.173365580399132441e-02,2.185254442304243941e-02,1.013554148459354376e-02,3.485638767816603284e-02,1.257587853690126690e-02,5.905965395095622017e-03,1.398306064635792233e-02,2.939004199350195995e-02,1.394899311842001319e-02,3.207633950884032636e-02,1.024766724159867533e-02,2.785644180895940555e-02,1.827687432655139554e-02,1.671077341890501305e-02,4.696508023690550149e-02,-3.962139878372273293e-03,2.845712229442964175e-02,5.325670845263417302e-02,2.668283027890035533e-02,4.464916952964856356e-02,1.456532645180680721e-02,-5.132287084736043836e-03,5.978606675169263404e-03,-4.023041681341925357e-03,1.550357007034317870e-02,2.097525640705720854e-02,4.236647801460487889e-02,-4.177260733691037960e-03,-3.797483561085110426e-02,-6.180885723292994099e-02,-5.763297652845243702e-02,-3.691346720366808776e-02,-1.048865807229130455e-02,8.617415745790325127e-03
1.320002276848342981e-01,1.299752735678885995e-01,2.264789404205538037e-01,4.155883942117035157e-01,4.011998974467617662e-01,2.578118907444605368e-01,6.558871878751773021e-01,2.217999381505398326e-01,3.563821365497907845e-01,1.000000000000000000e+00,2.983666300380466430e-01,3.845000161463146826e-01,2.413267650465037162e-01,2.893834573338530114e-01,3.027434309706403259e-01,1.184299871877170091e-01,-3.032614170835030900e-03,2.304523932554917998e-01,2.047717026654441719e-01,1.428102148510317360e-01,-1.055799094091620580e-02,1.729122816982432143e-01,1.174276479396756390e-01,8.331167938314590349e-02,4.358674301393113126e-02,1.305812177825271259e-01,9.625449076506223389e-02,3.865722709585386885e-02,2.997313268846834786e-02,3.959203816644894791e-02,3.166449589222591898e-02,-3.159997594068406079e-02,6.942346004186850106e-02,5.362946444495595572e-02,1.577007944494227681e-02,5.315000810237741069e-02,5.371784169846322010e-02,3.363004571350963062e-02,2.611594627956199260e-02,4.065275386192626628e-02,1.706889402439911232e-02,5.393341655681576502e-02,2.289979999744488556e-02,2.647231447500175347e-02,2.676491561876943870e-02,4.980862758032415100e-02,5.037361862319329753e-02,1.942265833438364467e-02,2.201463990867543949e-02,5.596495219315088254e-02,3.273446301201024533e-02,5.224436538892358872e-02,2.967974291074473164e-02,1.791829568899676664e-02,1.533282246780528178e-02,-2.216347163804081866e-03,4.346193145570526051e-02,1.469552616799804819e-02,6.858095026906949054e-02,5.202087246552588445e-03,-1.802155026829923082e-02,-3.835400236788685802e-02,-3.537549521743658942e-02,-4.501497901164862314e-02,-3.697335134335763551e-02,-7.382780389925433333e-03
5.320638030182587436e-02,5.031487653746848088e-02,9.614926097333310884e-02,2.275904729213210631e-01,2.186150806493894760e-01,1.784374889626763327e-01,3.221918966079242441e-01,2.887554664567117957e-01,1.930581600699265710e-01,2.983666300380466430e-01,1.000000000000000000e+00,4.037412859381825925e-01,3.436212477586698122e-01,6.138544447383782465e-01,2.486325300073353728e-01,2.721760831204660391e-01,-1.629970670558908430e-02,4.693397527443318729e-02,1.505112696201738876e-01,1.393167552446847035e-01,1.983643241944271426e-02,1.213172773079702477e-01,6.568810709508500489e-02,8.540594159305525679e-02,7.234851283590047755e-02,9.383660775182973979e-02,2.404995241150975280e-02,2.476628323729176268e-02,1.569167386686631718e-03,1.896026596777225515e-02,3.370114908500888851e-02,-8.726741187813209094e-03,5.673065780734400793e-02,2.608743210342666374e-02,8.626343435406514520e-03,3.672875647099283630e-02,7.380537357442798485e-02,5.859939942842618682e-02,2.953266826045098867e-02,8.754533475673363652e-02,1.584187946387082685e-02,5.382182214736406373e-02,5.594549184844672257e-02,5.529671617802995459e-02,7.611463897829275072e-02,8.879547384968973500e-02,8.599856999629400256e-02,7.087763300568976355e-02,5.753269018765942711e-02,6.533754671118183199e-02,4.881105267114778379e-02,2.864421861834177616e-02,7.025381746846330600e-02,3.044387565171573218e-02,4.107010088489283783e-02,2.685272485475460186e-02,2.068225406107063527e-02,1.856676701009042293e-02,6.999827932112259732e-02,3.250107283033549371e-02,2.409978215623611100e-02,-1.097039972930316347e-02,-4.180047063229066356e-02,-2.935343674304425124e-02,-1.666202151066587672e-02,-5.798405964625826664e-03
7.196346864965061374e-02,6.544181190373513091e-02,7.169431720655725093e-02,1.425690848146092815e-01,1.470358569196524579e-01,1.246384036201908241e-01,2.572830355078916664e-01,5.838865122502228527e-02,2.669401407633606449e-01,3.845000161463146826e-01,4.037412859381825925e-01,1.000000000000000000e+00,3.670718764290002434e-01,3.631175668845861848e-01,5.803756024968935723e-01,2.576195768742783332e-01,-1.096354803235493128e-02,2.098245225799864888e-01,3.203079863033977959e-01,2.534240386317732074e-01,1.237289074042655784e-02,2.460754659371671427e-01,1.521001257652167538e-01,1.294019318308252953e-01,6.980556196883520859e-02,1.799082075935403424e-01,1.005776768431178025e-01,4.172252052741813599e-02,5.194174885403533143e-02,4.092231998585657560e-02,3.632184475961287157e-02,-7.631013199636524184e-03,9.320264622061907867e-02,5.854094461672384314e-02,-5.172468532388248231e-04,2.993447342505224998e-02,4.710218996984373574e-02,3.538965777530955759e-02,1.704383355921620241e-02,8.374172414147089405e-02,5.285139808276887591e-02,5.382006374063334764e-02,1.066292409817530713e-02,1.707312719274821020e-02,3.865175275568498436e-02,5.580946861974378503e-02,5.856112241097474747e-02,4.921602065897405509e-02,2.850741791734028030e-02,2.549342108488682895e-02,1.980329574070639406e-02,4.522275562750705663e-02,3.228612046179015621e-02,-3.826859496247646004e-03,2.409309732998946366e-02,6.581846725273522367e-03,9.009140960876188195e-03,-1.665269677434348672e-03,5.239907729693887850e-02,4.759250577012038436e-03,-9.019532397122650980e-03,-2.979569146293865531e-02,-2.455811161702450840e-02,-2.098173091658635595e-02,3.315014162371857954e-03,-9.693096174654599814e-03
3.681673562026441249e-02,2.480805179434901822e-02,2.337580629041611374e-02,1.184319976633644300e-01,1.087923354172182916e-01,9.538365126002566752e-02,1.619409971871158538e-01,-4.301984954874996103e-02,-2.260830782648672044e-02,2.413267650465037162e-01,3.436212477586698122e-01,3.670718764290002434e-01,1.000000000000000000e+00,3.901942555237221666e-01,2.440564879276964361e-01,4.682729249546290218e-01,4.642925276542947399e-02,8.216310698296820647e-02,2.096043811666254142e-01,1.972672282174474934e-01,5.587523218088871237e-03,1.864979452564810847e-01,1.674567369490543023e-01,1.466789660887067026e-01,2.711781836525899853e-02,1.528592058678816534e-01,8.172736287498975905e-02,-2.816149112476710233e-03,6.415227650503836643e-02,2.164938265018603522e-02,2.290854581619853128e-02,1.033141097929109534e-02,7.656391422970133809e-02,8.690105568410506909e-02,-8.990803190156798630e-03,2.825725613763190730e-02,5.974878759387519667e-02,6.332682854004124950e-02,1.577291691376856916e-02,6.477892248040119372e-02,7.655510015900723365e-03,3.584196069221740055e-02,4.493119000576949185e-02,3.503862787830048370e-02,4.299690380017626157e-02,6.240146391486935118e-02,5.818160248149627234e-02,5.446088605574875285e-02,3.214090025131148554e-02,4.899742075587464746e-02,4.541336555861300722e-02,3.986363165286040122e-02,4.757292190995980607e-02,3.130267376717529165e-02,3.723075993454356275e-02,3.067678212141534966e-02,1.114964637785682833e-02,1.576459942194858785e-02,6.130849455753264315e-02,4.389380250119449822e-02,2.930810304461044929e-02,1.107973402692155780e-02,8.652521234401999370e-03,-2.258717923485536322e-02,-2.817174476698134852e-02,-1.261223904828169193e-02
5.334755109774335508e-02,4.123724184997761000e-02,1.014797593352714244e-01,2.113787110072416209e-01,2.155634819802034752e-01,1.748533901004838964e-01,2.937325932361622982e-01,2.420478708425382042e-01,1.297612373678337372e-01,2.893834573338530114e-01,6.138544447383782465e-01,3.631175668845861848e-01,3.901942555237221666e-01,1.000000000000000000e+00,2.998266565150035090e-01,2.974782251467459337e-01,-5.835012827815853204e-02,8.110662639341288671e-02,1.481604641991984828e-01,1.307368962442044813e-01,3.318229604002697047e-03,1.029498426356912077e-01,6.411740496681761492e-02,6.681523774953676553e-02,5.472742791950434976e-02,7.978520149265548589e-02,2.493732614060016617e-02,1.594759680763497070e-02,3.535718540183911685e-03,7.126328425080932609e-03,1.475991153116901211e-02,-1.240575273518851850e-02,5.584435603471420845e-02,2.756926950067307633e-02,-3.878550731223503762e-03,5.347253874857404998e-02,7.495822594311025988e-02,7.170982247982136959e-02,4.549278437329961483e-02,8.165892499075223798e-02,3.267271287261629392e-03,4.412976514662050181e-02,6.056585418195259418e-02,5.346468863810251160e-02,6.252992705364458781e-02,7.630528785615176002e-02,7.176377613826075141e-02,6.659175742101079709e-02,5.470428219438506351e-02,5.859821672104110341e-02,4.451424783462910179e-02,2.720502857592957402e-02,4.963901986053596838e-02,2.071755299034007750e-02,3.319408776537316474e-02,2.662568344612245216e-02,2.135250573087703677e-02,2.513202732118000396e-02,7.114679884157486256e-02,3.809566994807311868e-02,2.134309930875899833e-02,1.557036663463356660e-03,-2.409104202786432544e-02,-3.245663572202524966e-02,-1.856374663196222116e-02,-6.041669714102905660e-03
8.206624762366244996e-02,6.754153547111643729e-02,7.335629666924478598e-02,1.295438002061913285e-01,1.285910594933443174e-01,1.311197201003733159e-01,2.206625620615671468e-01,6.072917047532711693e-02,2.285003659471220028e-01,3.027434309706403259e-01,2.486325300073353728e-01,5.803756024968935723e-01,2.440564879276964361e-01,2.998266565150035090e-01,1.000000000000000000e+00,1.513087417497183673e-01,-1.029323134961602632e-01,2.769407917074551140e-01,3.512947637675324919e-01,2.656689016116056123e-01,-1.347248709828702956e-02,2.137452692717094482e-01,1.257162050389374897e-01,1.012497152898975267e-01,5.278007833899606843e-02,1.490438555368490681e-01,7.825652816282112345e-02,1.473428187280400974e-02,3.199530082774421774e-02,3.261054168030639439e-02,1.716442532053114034e-02,-7.439489710891936981e-03,1.008615591744635581e-01,2.804531693940200826e-02,-1.281950745393748738e-02,1.736087421009539777e-02,7.340188119201745791e-03,2.008110968708033336e-02,1.363839912763570306e-02,5.461777053571822277e-02,6.176385258856446903e-02,3.371273806579377919e-02,-2.235855888768966890e-02,-1.508528093177745680e-02,-3.752346581742727928e-03,8.353149003731335370e-03,1.439882138804250006e-02,1.627258827622462406e-02,1.930658042209467892e-02,-1.253968094631283331e-03,2.034654988471901182e-02,3.381766592472117833e-02,8.563604875726832030e-03,-2.610033827986795243e-02,8.145412959698620364e-03,-6.020780617711496419e-04,-1.170773032054874506e-02,-1.847205449439388511e-02,3.307091584196768935e-02,-8.393762753026572446e-03,-1.707742028433564818e-02,-2.393418546304575123e-02,-5.481257575035283942e-03,-1.252331329855738661e-02,1.886073906944834427e-02,-6.118672161376758657e-03
2.199814603204588298e-02,2.337745543766546127e-02,7.637412255300081963e-03,5.858400091597642384e-02,5.898051427143007758e-02,8.348032560709936489e-02,7.255106474657059545e-02,-3.292557551565277602e-02,-1.821962431544969134e-03,1.184299871877170091e-01,2.721760831204660391e-01,2.576195768742783332e-01,4.682729249546290218e-01,2.974782251467459337e-01,1.513087417497183673e-01,1.000000000000000000e+00,9.050663694757499211e-02,-1.729366040183040812e-02,2.397612338295529999e-01,1.902595489542457941e-01,4.960939557243672360e-03,1.885081801627329912e-01,1.370183384627189083e-01,1.265063399052906157e-01,3.063363085946451889e-02,1.168957791969815058e-01,7.825477245003453763e-02,-2.408894062849160564e-02,2.621204711278690355e-02,-7.286998764337734857e-03,-1.079954234230350203e-02,-3.788763026320063430e-03,5.912995693331719177e-02,1.816387379285706524e-02,-6.197955488577560484e-02,1.543319592195118925e-02,5.687203917077492815e-02,1.049884603057550242e-01,4.095865345627713872e-02,9.238328925837878403e-02,3.128374584793147672e-02,7.115544010144467246e-02,4.927600527529210628e-02,3.063826060885274649e-02,5.684307563335314062e-02,7.280189697883128475e-02,4.174637280677686441e-02,5.802568216977095628e-02,1.231398148973072287e-02,2.851210879624094946e-02,3.185087851517024587e-02,5.346626045347746548e-03,3.289039432798800122e-02,2.763218894488406185e-02,4.133361194063115557e-02,3.404182019835062800e-02,-4.838177710475055453e-03,8.975270730086443161e-03,3.855831306782971785e-02,1.403044415650537592e-02,1.119911823471598199e-02,1.478060306830586944e-02,2.594659588442940399e-05,-1.313427111692725378e-02,-2.983454131308692012e-02,-6.668783204076602147e-03
-3.946015671078191046e-04,-4.083392372996850345e-03,-6.243659634181830675e-03,-2.052362187382844941e-02,-2.032830741766402521e-02,-2.393276743028613721e-02,-4.432088326392274145e-03,5.250438575724296342e-02,1.447093217511507823e-01,-3.032614170835030900e-03,-1.629970670558908430e-02,-1.096354803235493128e-02,4.642925276542947399e-02,-5.835012827815853204e-02,-1.029323134961602632e-01,9.050663694757499211e-02,1.000000000000000000e+00,1.139023816083632734e-01,-3.996514143507700484e-02,-3.472920407988468183e-02,-2.492093484566409306e-02,-3.330493698504193023e-02,-1.828485427666612026e-02,3.297831394677612493e-02,1.491092240384742952e-02,-4.599752060380554036e-02,5.751168334971439033e-02,5.207946057721053040e-02,1.098824067018512318e-01,7.402350808348541131e-03,3.868578391726964355e-02,-5.095407126567698397e-02,-3.267480235172922493e-02,7.387114449600364063e-02,3.057565220164927024e-03,8.873373187640636039e-02,1.023327869433124926e-01,8.732710940784800535e-02,9.604451313278729307e-02,4.992020072034551725e-02,-6.932397702108867438e-03,3.213810565925766249e-02,3.819120751895090787e-02,4.806136983192487583e-02,4.113487172515813139e-02,5.989643461020684873e-02,7.697484088362067933e-02,-2.426255922469066836e-02,3.942989001978763203e-02,7.549484593151438439e-02,6.274369922006244049e-02,5.245108230774559593e-02,7.010213111306286271e-02,3.407141535288344542e-02,5.564702247281377162e-02,5.918379488566952867e-02,2.673251039917793129e-02,7.044872529497578362e-02,1.894672387210804068e-02,3.520210563110720559e-02,3.895859703390028295e-02,2.651909588341604812e-02,2.977669689687769197e-02,-1.990173503852643577e-02,-2.787136757042902452e-02,-3.783322958323039747e-02
5.198846274972045850e-02,2.932091654447111992e-02,7.602992502280449261e-02,1.102521096256996180e-01,1.268206164793094504e-01,7.437222421026637442e-02,2.100675356507960834e-01,1.480989668190529629e-01,2.231030119983275772e-01,2.304523932554917998e-01,4.693397527443318729e-02,2.098245225799864888e-01,8.216310698296820647e-02,8.110662639341288671e-02,2.769407917074551140e-01,-1.729366040183040812e-02,1.139023816083632734e-01,1.000000000000000000e+00,2.912861077968018075e-01,2.091942218559683653e-01,-6.685687619100752488e-02,2.280035398360615306e-01,1.478465199724631196e-01,1.329861659246229788e-01,1.421414880468832229e-02,1.414852134210177470e-01,8.386143870852602600e-02,-2.711534792711016439e-02,-7.093559206193573649e-03,-4.192365838454917282e-02,-5.249232069673060580e-02,-8.446663677170895834e-02,1.058772024456686167e-01,2.677139024061419431e-02,-4.778364166649255729e-02,6.873919750205505219e-02,1.689840587985206796e-02,4.836824914185074153e-02,3.293947531617123781e-02,-4.843522346879414187e-02,-3.282052191398593388e-02,-2.771615846747045933e-02,1.946386439877902802e-02,-6.238974406461418772e-03,-3.266307521776209283e-02,-2.586141638735562839e-02,3.112726995132931475e-03,-3.095081287212780863e-02,2.866107313238561074e-03,1.111650698830301751e-02,8.572192590849100945e-04,-8.776006935172617554e-03,-1.514981119208947714e-03,-2.724011878488048505e-03,1.238105650089034622e-02,7.709375496745400971e-03,3.427532280110819583e-03,9.228379005932379683e-03,4.134852068701416750e-02,-1.621794190464075254e-03,2.800382419879641170e-03,2.503919415773847926e-02,3.582318821764651079e-02,-3.123781815731531408e-02,-1.515573596715162966e-02,-2.289736925153474864e-02
5.710062162734188401e-02,6.221218931827183357e-02,6.004518671408181490e-02,6.613053379109973262e-02,9.337774181322913702e-02,6.115077192161418040e-02,1.351414647897515864e-01,1.026728090222815519e-03,1.324199787370607118e-01,2.047717026654441719e-01,1.505112696201738876e-01,3.203079863033977959e-01,2.096043811666254142e-01,1.481604641991984828e-01,3.512947637675324919e-01,2.397612338295529999e-01,-3.996514143507700484e-02,2.912861077968018075e-01,1.000000000000000000e+00,4.641531329710364417e-01,-8.964775424204191046e-02,4.750178526700616910e-01,2.700039830187369039e-01,2.256167964087548716e-01,3.498310473080887273e-02,2.381687450250749016e-01,6.271500739154109438e-02,-3.158571046265697818e-02,-5.415292998745369069e-02,-3.150403618468498174e-02,-6.927160538012017144e-02,-3.894337198313700676e-02,6.566400999312894948e-02,-3.156051061962369259e-03,-4.908303307144070565e-02,3.965520383808085469e-02,3.581272557818558633e-02,8.608193553725868030e-02,2.337318687789061156e-02,5.093682110629482035e-02,4.476316962041662628e-02,2.367472867129557373e-02,2.991051326249496382e-03,6.606267751824121924e-03,2.316242015014210315e-02,3.611646047586353908e-02,2.086849390222977538e-02,2.385184664960093154e-02,-1.678080107415789134e-03,1.756371393099462330e-02,3.176636005502243149e-02,1.836000219222071531e-02,1.879661059630354653e-02,5.692950099570507662e-03,1.490876362493191373e-02,1.998822111138147048e-02,2.123117402100868981e-03,-1.202554428880418975e-02,3.388540926440082590e-02,-4.621570281550988445e-03,-2.643430994418949527e-03,1.169304176141047584e-02,2.689844018766481340e-02,-4.324586671173254182e-02,-1.403454646076594120e-02,-2.931034780918545177e-02
3.311045158854580145e-02,4.276312714238350576e-02,4.262246243826821324e-02,4.929882978159225854e-02,8.896853291084526327e-02,8.692215574105123521e-02,9.425366883533103923e-02,-4.617628635681100130e-03,7.775072803075896988e-02,1.428102148510317360e-01,1.393167552446847035e-01,2.534240386317732074e-01,1.972672282174474934e-01,1.307368962442044813e-01,2.656689016116056123e-01,1.902595489542457941e-01,-3.472920407988468183e-02,2.091942218559683653e-01,4.641531329710364417e-01,1.000000000000000000e+00,3.655973168672741469e-01,4.736656619395441248e-01,1.289043097637679602e-01,8.185263739027276442e-02,1.992377721361991878e-03,1.100258963376067878e-01,5.202932740526026306e-02,7.230977660015326658e-02,-3.116379481238059149e-02,3.537615473062016153e-02,4.132715752908044417e-03,2.983708526765515429e-02,3.801192891880255526e-02,1.710264215892551981e-02,4.641813904232398869e-02,3.110045910364785463e-02,7.313911065536826683e-02,9.476389096790296951e-02,4.924430624375789045e-02,1.084183486702556126e-01,2.386500118446144639e-02,3.244422773792762782e-02,5.342085158596660693e-02,3.763231905829536594e-02,3.018285632210523234e-02,3.836598984590903344e-02,4.791525746788192347e-02,5.394266943621669336e-02,3.688501283982602297e-02,2.481127160633357989e-02,4.538374918483616821e-02,4.818599110667497881e-02,2.901638128100740566e-02,1.956247083959083630e-02,2.319545789137069519e-02,1.550393307801055214e-02,1.805477011067914764e-02,1.094980094094867053e-02,2.095589763510383174e-02,7.158048822887528272e-03,-6.572282180610959819e-03,3.207177071515261713e-02,2.831731665784766039e-02,-4.465218040191287763e-02,-2.328270088481356956e-02,-4.008299498097273733e-02
-3.899533128162043210e-03,1.638371273874622211e-02,-2.159915266082370212e-03,-1.320535403000945183e-03,9.653989123327164426e-03,3.465789544770182806e-02,-1.006309343631466968e-03,-4.800389394457737699e-03,-2.532441048261590069e-02,-1.055799094091620580e-02,1.983643241944271426e-02,1.237289074042655784e-02,5.587523218088871237e-03,3.318229604002697047e-03,-1.347248709828702956e-02,4.960939557243672360e-03,-2.492093484566409306e-02,-6.685687619100752488e-02,-8.964775424204191046e-02,3.655973168672741469e-01,1.000000000000000000e+00,1.812473661085961252e-01,-9.917563482064692404e-02,-1.000944118323327942e-01,1.032250605641667381e-02,-7.391702570966197927e-02,2.618924860007931787e-02,1.526505025506837976e-01,7.392405602670354403e-02,1.336974949012456892e-01,1.592782139644947914e-01,1.535924436095715551e-01,7.686906493784358314e-03,5.416629350534943321e-02,9.220849772004138800e-02,-7.045207157925535701e-02,5.687893710507065104e-02,7.658697016030932992e-04,3.653622552045181215e-02,1.490216909614272833e-01,1.718982157933139979e-02,3.126348145310399451e-02,6.690504258377168167e-02,3.949767143988474477e-02,3.333672886574774036e-02,2.782440094118597204e-02,4.438500055268983918e-02,7.123719488479657302e-02,6.113864997237661997e-02,1.767956717863250482e-02,4.464954523595204838e-02,3.779144359993071023e-02,2.086091124221303716e-02,2.908081990511990345e-02,2.347512566019685845e-02,-9.260191407303795374e-05,1.853492970670581746e-02,2.077255400572203953e-02,2.638464580673894472e-03,-8.580419609059811853e-03,-1.905244015111174499e-02,9.823797073333088298e-03,-8.623620476512766989e-03,-5.370842832115575033e-02,-4.925037769894877876e-02,-2.523102690029479372e-02
3.529727809538250882e-02,4.226897706603266469e-02,6.773510699777940403e-02,7.687539365893672483e-02,1.069027662463084005e-01,8.248083777862545707e-02,1.426815649767530503e-01,2.723593532876406390e-02,1.104409416144498390e-01,1.729122816982432143e-01,1.213172773079702477e-01,2.460754659371671427e-01,1.864979452564810847e-01,1.029498426356912077e-01,2.137452692717094482e-01,1.885081801627329912e-01,-3.330493698504193023e-02,2.280035398360615306e-01,4.750178526700616910e-01,4.736656619395441248e-01,1.812473661085961252e-01,1.000000000000000000e+00,3.249922512709479405e-01,2.436381133699900003e-01,3.232614189054869303e-02,2.931508251884697436e-01,1.112978708170330178e-01,1.759869624132527968e-02,-4.640923783256273999e-02,3.430874570265596279e-02,-3.209534586657045857e-02,4.409674640211268259e-03,8.172187762455977722e-02,3.888508113539460107e-03,-6.811203672476179825e-03,-4.806207170258040146e-02,1.135899843171408151e-02,5.006454643114019443e-02,-4.691087678184458626e-02,8.754388993020936760e-02,4.578664647139706056e-02,1.993316392687356081e-02,1.746580969531177224e-02,3.035084993568820493e-03,1.471621155779059354e-03,3.412733012876481824e-03,1.915315191764572437e-03,3.018005932124783602e-02,1.300565897333897866e-02,2.926271640127141999e-02,3.017892796954186468e-02,3.516903014028428809e-02,1.815582523469827861e-02,7.544910371622708459e-03,9.318300244955439460e-03,1.953800334884036108e-02,5.477658139756703438e-03,1.104341040088755929e-02,9.108671891903629553e-03,-1.302597636366828113e-02,-1.997287532569644308e-02,1.304182654436890874e-02,1.587843822737019725e-02,-4.449488643245198133e-02,-1.969572086775136371e-02,-3.494020628684201685e-02
4.373197562211311729e-02,5.892101184899854044e-02,6.335315019884238397e-02,7.652801068407676099e-02,8.349954623877681170e-02,8.261291913505892925e-02,9.005779208289185767e-02,-1.652279067379597982e-02,2.064179324622538586e-02,1.174276479396756390e-01,6.568810709508500489e-02,1.521001257652167538e-01,1.674567369490543023e-01,6.411740496681761492e-02,1.257162050389374897e-01,1.370183384627189083e-01,-1.828485427666612026e-02,1.478465199724631196e-01,2.700039830187369039e-01,1.289043097637679602e-01,-9.917563482064692404e-02,3.249922512709479405e-01,1.000000000000000000e+00,4.925434905242245254e-01,-9.636644321409110203e-02,4.611118464125272820e-01,1.216126080906942686e-01,-2.095392592050166758e-01,-1.526069964590332784e-01,-1.327380460258964223e-01,-1.783976146777740135e-01,-7.102767978803654902e-02,1.163448677039685825e-01,2.443579233086239436e-02,-1.466375788199248964e-01,-2.793872890178815752e-02,-3.589022025354115381e-02,4.780097701351925660e-02,-5.610118229176534049e-02,-2.140093947554518386e-02,6.984502205545126997e-03,-3.337127547087970474e-03,1.233614008797522150e-02,1.140588542834652247e-02,2.951038586075107814e-02,1.181555200678121101e-02,1.028749691660799104e-02,-5.423363854860817823e-04,-7.720329513141688596e-03,6.967337656548564309e-03,-1.122189267990044001e-03,7.210488186503139461e-03,7.485246198347586706e-03,-1.160092569249957309e-02,-3.718470255053029131e-04,7.557035495603412617e-03,7.355253781803158634e-03,3.481938652569140785e-02,3.193834964526316017e-02,9.263197514210808406e-03,1.962979310041878742e-02,3.846302057367691207e-02,4.458191261684450735e-02,2.457500507866642887e-03,-2.293618551828995739e-02,-4.115053470273780101e-02
4.961408705732519436e-02,6.272526944981281216e-02,5.367593130880916885e-02,6.786275198203389758e-02,7.456495001459892413e-02,6.768173141170670537e-02,7.399750260743846730e-02,6.375909803826065522e-03,1.779141321300214268e-02,8.331167938314590349e-02,8.540594159305525679e-02,1.294019318308252953e-01,1.466789660887067026e-01,6.681523774953676553e-02,1.012497152898975267e-01,1.265063399052906157e-01,3.297831394677612493e-02,1.329861659246229788e-01,2.256167964087548716e-01,8.185263739027276442e-02,-1.000944118323327942e-01,2.436381133699900003e-01,4.925434905242245254e-01,1.000000000000000000e+00,3.828110460901640311e-01,4.933759160918887998e-01,-1.017450673025536712e-01,-2.669525061422144963e-01,-1.642867541445791335e-01,-2.178775751328370092e-01,-1.648071775225127267e-01,-8.532903391889826161e-02,1.181480420395077252e-01,6.140636658234890910e-02,-1.783916983193802042e-01,2.219339720114570091e-02,-6.065741822399436239e-03,8.197952022921635440e-02,-3.552495857136028085e-03,-1.782540359434797673e-03,-2.178806175772664971e-02,9.843175669975466613e-03,6.356728649962485600e-02,3.129178617879535551e-02,3.933554237275817267e-02,7.320386152700691929e-02,5.217163776933162606e-02,1.843709354753704163e-02,4.187880996457390287e-02,2.879074458435156025e-02,3.969665769613107270e-02,1.679296309234344295e-02,3.024753071917112360e-02,-1.148952959142873244e-02,2.080203006119542286e-02,1.960822671508222551e-02,9.151997999339923136e-04,4.497926974896361563e-02,3.436935602817288438e-02,2.373125012268335193e-02,2.830511459728502627e-02,5.428352543785119888e-02,5.124886807540532385e-02,1.188763002782044142e-03,-2.258112672264028786e-02,-3.184412677005579034e-02
