1.000000000000000000e+00,4.537789348799643463e-01,2.162029942707168473e-01,1.308494544429393558e-01,1.019056626964745527e-01,2.982446350333784954e-02,8.340192853904207504e-03,-3.927559163095559885e-02,-6.642424692243564799e-02,-5.193156081482408482e-02,-8.038619387304981809e-03,6.691740406202982550e-02,1.401531295434523677e-02,6.303530160827194861e-02,5.333328432718484335e-02,1.814942600339732037e-02,-8.747845863207215529e-04,-6.013532325597335110e-02,-1.838989617300156032e-02,-1.563731894555398308e-02,-2.591112792535146814e-02,-3.657864611352213552e-02,2.491873724624847977e-02,3.737962038753988442e-02,2.350799228039629832e-02,-3.151774674802337861e-02,4.089944935135040455e-02,-2.628694627245637197e-02,-9.157518233753798864e-02,-1.194470885266682714e-01,-1.558501657127402407e-01,-7.857833578675114949e-02
4.537789348799643463e-01,1.000000000000000000e+00,5.513261201629592323e-01,2.695221212782734077e-01,7.191047024345298411e-02,-4.608058465011405369e-02,-5.799136657028789582e-02,-4.996625848309780432e-02,-5.711582743662930312e-02,-5.050436173351805641e-02,1.917920142651361598e-02,-5.834002919516286488e-04,-1.702064405116176724e-02,5.293559599055639581e-02,-1.842874629427829940e-03,9.825753070676915280e-03,-1.839114719238006332e-02,-5.638606688260588279e-02,-3.003847159115332049e-03,-1.733208469719780404e-02,2.050822623214121343e-02,-1.401813765020585266e-02,8.592361425071788281e-03,4.148547414462105259e-02,-3.181588433259149168e-02,-5.707632176075004560e-02,7.872927761532403160e-03,-4.121909280779344209e-02,-1.377374381034568995e-01,-1.706803754297799292e-01,-1.929009705038772782e-01,-1.385991862275894326e-01
2.162029942707168473e-01,5.513261201629592323e-01,1.000000000000000000e+00,5.614735340899634775e-01,7.008360233179636301e-02,-1.191810621290079336e-01,-3.804091013717142422e-02,-9.231254894575888562e-03,-5.036937454060303604e-02,-4.626474670165146158e-02,1.346317588394462840e-02,9.284829296940888196e-03,1.992567939209883426e-02,3.752421815781002007e-02,2.870616111815007740e-02,3.606400397497527832e-02,-3.676094793780702603e-03,-5.203196438309234950e-02,2.632964045553531918e-02,-3.836162512610855058e-02,3.474518160663031714e-03,-2.631430196900432644e-02,5.189333418060986837e-04,-1.263259578513278511e-02,-8.646775790458155475e-02,-7.290949618013027600e-02,-3.256810783795473230e-02,-8.867425597008239679e-02,-1.432229066523375838e-01,-9.908120762555501504e-02,-1.529872009517613263e-01,-1.267833350874190690e-01
1.308494544429393558e-01,2.695221212782734077e-01,5.614735340899634775e-01,1.000000000000000000e+00,3.940620482462141028e-01,2.823124125687026531e-02,1.201807970501015017e-02,-6.237916604868400799e-02,-7.843296302435348588e-02,-6.216939013040530954e-02,-3.639429444829580737e-03,1.647075624831866036e-02,7.582966840350033322e-02,1.510099321190399788e-02,3.237739407840926203e-02,5.557840224374405863e-02,6.167485073662517386e-03,-1.443437078936204467e-02,1.041933697576983772e-02,-8.267444337102486385e-02,-5.792808972969615278e-02,-8.912343514809620282e-02,-4.602387835248507308e-02,-3.721835360088879968e-02,-5.840039892848618991e-02,-2.977445399547989230e-02,-4.156702489689780705e-02,-1.121341308984736412e-01,-1.708977787526646253e-01,-8.180533892844385480e-02,-1.629022555863048616e-01,-1.196434065348854353e-01
1.019056626964745527e-01,7.191047024345298411e-02,7.008360233179636301e-02,3.940620482462141028e-01,1.000000000000000000e+00,4.633886494162777203e-01,1.219678381787351051e-01,-1.961347309079525258e-02,-2.132264388979962424e-03,-3.414787161146664446e-02,8.790551189684794528e-03,-2.409892479622490272e-02,2.993982804002875628e-03,-4.384910650894491280e-02,-7.795363434567627314e-02,-6.930230952744086126e-02,-9.123163338435225089e-02,-4.127321476387720706e-02,-1.890477766139021798e-02,-5.970377623178781817e-02,-9.466460704610600574e-02,-7.334338691930647469e-02,-1.538990085146793932e-02,-3.466022618166388763e-02,-1.390530262321814335e-02,2.744677375734693933e-02,4.431090716044435579e-02,6.342467325465209541e-03,-8.938519022238412826e-02,-1.580391148989085046e-02,-5.693961536605738477e-02,-7.253746441146974311e-02
2.982446350333784954e-02,-4.608058465011405369e-02,-1.191810621290079336e-01,2.823124125687026531e-02,4.633886494162777203e-01,1.000000000000000000e+00,4.537487625731312368e-01,8.341137886951199842e-02,1.854234630093640548e-02,6.452519629649652866e-02,4.526675832123804727e-02,-5.496656434538820662e-02,-5.224096798724642970e-02,-4.047889133641918713e-02,-5.812662355531483804e-02,-4.543910902184602335e-02,-4.563671537490327640e-02,8.827501274494361019e-03,-7.267049249436316471e-02,-8.655817775202831466e-02,-1.175378060085986998e-01,-7.306895813302216602e-02,-1.249004878202564662e-03,-9.510704446278994695e-02,-5.856431935134371464e-02,-5.626972974281373510e-03,-2.008246819994833829e-02,-2.369750043793972250e-02,-7.840983891477470991e-03,4.099657128645402271e-02,4.719978931513712367e-02,-3.468590726342870526e-03
8.340192853904207504e-03,-5.799136657028789582e-02,-3.804091013717142422e-02,1.201807970501015017e-02,1.219678381787351051e-01,4.537487625731312368e-01,1.000000000000000000e+00,3.448016739392926744e-01,9.149224417922357383e-03,5.889754613870246125e-02,2.574197840454777245e-02,4.039804379900623077e-02,-3.630570317052403406e-02,-5.406110575575034244e-02,-4.020665767358554826e-02,-3.157839675747680860e-03,-1.586355104518247239e-02,-2.706675179667678011e-02,-4.051900541842822639e-02,-7.459355259577045427e-02,-4.493961477967086532e-02,-2.846213131391803555e-02,-8.476482506373773235e-03,-1.261244879569065613e-01,-1.142228292998364453e-01,-1.026003286407339704e-01,-1.122195905955807732e-01,-5.294517934790072405e-02,-4.816231880023930101e-02,6.440723434180103957e-02,4.003141206219896359e-02,-6.468900843988120708e-02
-3.927559163095559885e-02,-4.996625848309780432e-02,-9.231254894575888562e-03,-6.237916604868400799e-02,-1.961347309079525258e-02,8.341137886951199842e-02,3.448016739392926744e-01,1.000000000000000000e+00,4.399789271353138354e-01,1.102124826398003660e-01,-3.003918683482841717e-02,-1.535331031848585770e-01,-1.122012616243222433e-01,-5.153443785950641981e-02,-7.687694862225202819e-02,-1.404167084280566746e-01,-1.703398333884274807e-01,-1.353287083533611657e-01,-5.460793907216027199e-02,-1.182566280827582368e-02,2.472080078321468866e-02,6.304926301104044062e-02,9.537184083028207859e-02,-3.820679493207538441e-02,-1.577313769972482072e-01,-1.515063425935353203e-01,-1.407851530800449391e-01,-3.943615696922207065e-02,7.780833698504297392e-04,1.119651774631928720e-01,1.738909441711818105e-02,-5.854272855509439627e-02
-6.642424692243564799e-02,-5.711582743662930312e-02,-5.036937454060303604e-02,-7.843296302435348588e-02,-2.132264388979962424e-03,1.854234630093640548e-02,9.149224417922357383e-03,4.399789271353138354e-01,1.000000000000000000e+00,3.535442087427178581e-01,3.530790348605260254e-02,-2.098250657908951600e-01,-2.103914026438925555e-01,-9.788582219790670225e-02,-1.692215830794115417e-01,-1.236710655315993168e-01,-1.190806236344716940e-01,-7.715307645813032633e-02,-1.052860436675692388e-02,-1.872479546304083725e-02,4.437138886577767991e-03,1.109760925042108104e-01,1.234303058850697993e-01,3.479805744104152304e-02,-8.583738330973227082e-02,-9.353551470410464974e-02,-9.379121431968973077e-02,6.083629172392820278e-02,9.761218020519996097e-02,5.885362186880348234e-02,5.008005303583277362e-02,4.391592261618720849e-02
-5.193156081482408482e-02,-5.050436173351805641e-02,-4.626474670165146158e-02,-6.216939013040530954e-02,-3.414787161146664446e-02,6.452519629649652866e-02,5.889754613870246125e-02,1.102124826398003660e-01,3.535442087427178581e-01,1.000000000000000000e+00,4.936663710027903162e-01,7.540387458600308901e-02,6.126458082879757822e-02,1.695422614047877585e-01,-2.371617965102644499e-02,-1.471004494033277543e-01,-1.471599148477321928e-01,-1.458587435884129702e-01,-1.861542094368434097e-01,-1.427644149353666791e-01,-8.046943609652529306e-02,-3.613360864960823982e-02,-5.691845329803493780e-02,-1.366992044455485160e-02,-8.281879401024069831e-02,-2.241874523345068204e-01,-1.427944349297763094e-01,-1.105324118982847423e-02,4.525792168735318088e-03,8.343376528792753599e-02,5.409159283570725424e-02,1.359584446834592730e-02
-8.038619387304981809e-03,1.917920142651361598e-02,1.346317588394462840e-02,-3.639429444829580737e-03,8.790551189684794528e-03,4.526675832123804727e-02,2.574197840454777245e-02,-3.003918683482841717e-02,3.530790348605260254e-02,4.936663710027903162e-01,1.000000000000000000e+00,4.433052832408696520e-01,2.988457246626160524e-01,4.075719085914759066e-01,1.137132366113995652e-01,-5.903675226952487948e-02,-7.506973709407131767e-02,-1.345649012350199070e-01,-2.461742457117338245e-01,-1.823780484375905064e-01,-7.769459257214485215e-02,-1.050273450336876996e-01,-1.294404730996961683e-01,-5.735525896936177065e-02,-9.772292819475063286e-02,-2.362176089977340854e-01,-1.440226719305782721e-01,-8.785769513113728113e-02,-1.257184248326253528e-01,-4.287413521614682338e-02,-5.666906409548520818e-02,-4.834125637166059031e-02
6.691740406202982550e-02,-5.834002919516286488e-04,9.284829296940888196e-03,1.647075624831866036e-02,-2.409892479622490272e-02,-5.496656434538820662e-02,4.039804379900623077e-02,-1.535331031848585770e-01,-2.098250657908951600e-01,7.540387458600308901e-02,4.433052832408696520e-01,1.000000000000000000e+00,4.411399299545572528e-01,3.506873601886015823e-01,4.368100761181783476e-01,1.612519377470859050e-01,1.208069256427349997e-01,4.000267355152458716e-03,-1.661321451824553930e-01,-2.036148835476443153e-01,-1.493221705540134503e-01,-2.481059664367869233e-01,-2.493991554898994378e-01,-1.418379901015089095e-01,-1.052048725622353464e-01,-1.163679092011819793e-01,-1.617971430019755213e-02,-4.633488715045099710e-02,-1.218784826346052952e-01,-1.324573328976836051e-01,-9.524352128453730804e-02,-7.047254753058272703e-02
1.401531295434523677e-02,-1.702064405116176724e-02,1.992567939209883426e-02,7.582966840350033322e-02,2.993982804002875628e-03,-5.224096798724642970e-02,-3.630570317052403406e-02,-1.122012616243222433e-01,-2.103914026438925555e-01,6.126458082879757822e-02,2.988457246626160524e-01,4.411399299545572528e-01,1.000000000000000000e+00,4.311729056402809901e-01,3.311228472964122260e-01,1.523981640214203404e-01,6.580951339429202962e-02,-6.440045438913609421e-02,-1.786958321286593321e-01,-2.003485347007430695e-01,-1.430405686992810843e-01,-1.338448686402051724e-01,-1.781859357757470952e-01,-1.281328824489451623e-01,-1.071137955316532470e-01,-1.254575183620879608e-01,-1.846742558737718073e-02,-1.274035975728688153e-01,-1.723195879274409814e-01,-4.290578343117230214e-02,-9.292897346939242575e-02,-7.007382283278011659e-02
6.303530160827194861e-02,5.293559599055639581e-02,3.752421815781002007e-02,1.510099321190399788e-02,-4.384910650894491280e-02,-4.047889133641918713e-02,-5.406110575575034244e-02,-5.153443785950641981e-02,-9.788582219790670225e-02,1.695422614047877585e-01,4.075719085914759066e-01,3.506873601886015823e-01,4.311729056402809901e-01,1.000000000000000000e+00,4.027391607405628737e-01,2.039740418932791122e-01,1.669947664833488776e-01,1.431385587666140352e-02,-1.069312823982989796e-01,-1.687858078105129445e-01,-1.802522784402579570e-01,-2.318640813528141942e-01,-1.832223270588069775e-01,-3.103146859367342247e-02,-1.349269546848096690e-01,-2.147053050210410707e-01,-1.050780528069915759e-01,-1.241930233105178194e-01,-6.751042965664386108e-02,-2.661870795897189682e-02,-9.904436855439835430e-02,-4.087508547469270032e-02
5.333328432718484335e-02,-1.842874629427829940e-03,2.870616111815007740e-02,3.237739407840926203e-02,-7.795363434567627314e-02,-5.812662355531483804e-02,-4.020665767358554826e-02,-7.687694862225202819e-02,-1.692215830794115417e-01,-2.371617965102644499e-02,1.137132366113995652e-01,4.368100761181783476e-01,3.311228472964122260e-01,4.027391607405628737e-01,1.000000000000000000e+00,4.490372483236259593e-01,3.323836597579747365e-01,6.241839487044329587e-02,-8.691404963872709222e-02,-1.933354476061039939e-01,-2.477735903810265872e-01,-2.483000457436569941e-01,-1.921403899429772466e-01,-7.969171147947802514e-02,-1.014687346604042223e-01,-1.039548215909308487e-01,-5.734960803115810024e-02,-1.066419113415628117e-01,-9.522362542708871780e-02,-1.019563388049254254e-01,-7.977205623138412804e-02,-2.460782307266055555e-02
1.814942600339732037e-02,9.825753070676915280e-03,3.606400397497527832e-02,5.557840224374405863e-02,-6.930230952744086126e-02,-4.543910902184602335e-02,-3.157839675747680860e-03,-1.404167084280566746e-01,-1.236710655315993168e-01,-1.471004494033277543e-01,-5.903675226952487948e-02,1.612519377470859050e-01,1.523981640214203404e-01,2.039740418932791122e-01,4.490372483236259593e-01,1.000000000000000000e+00,8.397400271427156726e-01,3.811923325547468822e-01,5.261925007447586927e-02,-1.655909332769646414e-01,-1.933598552766265244e-01,-2.274436039126638831e-01,-1.738933097052674792e-01,-7.256323548552814917e-02,-9.792469491030383888e-02,-4.971193386964618127e-02,5.719555524258163222e-03,-4.333887693463835122e-02,-3.577621831757348686e-02,-7.222702746409215280e-02,-7.957934453399417851e-02,-1.497555692920444570e-03
-8.747845863207215529e-04,-1.839114719238006332e-02,-3.676094793780702603e-03,6.167485073662517386e-03,-9.123163338435225089e-02,-4.563671537490327640e-02,-1.586355104518247239e-02,-1.703398333884274807e-01,-1.190806236344716940e-01,-1.471599148477321928e-01,-7.506973709407131767e-02,1.208069256427349997e-01,6.580951339429202962e-02,1.669947664833488776e-01,3.323836597579747365e-01,8.397400271427156726e-01,1.000000000000000000e+00,4.795757650909464043e-01,1.192522914070610340e-01,-9.808683369065539226e-02,-1.661395782856337766e-01,-2.212840199652194306e-01,-1.849922846279317135e-01,-9.898558580598018630e-02,-1.056071026448751754e-01,-5.176773005220701440e-02,3.541103219251279331e-03,-3.414827786175494290e-02,-3.852743780467004879e-03,-8.716196661577914340e-02,-6.435863343263337200e-02,2.443581039874035896e-02
-6.013532325597335110e-02,-5.638606688260588279e-02,-5.203196438309234950e-02,-1.443437078936204467e-02,-4.127321476387720706e-02,8.827501274494361019e-03,-2.706675179667678011e-02,-1.353287083533611657e-01,-7.715307645813032633e-02,-1.458587435884129702e-01,-1.345649012350199070e-01,4.000267355152458716e-03,-6.440045438913609421e-02,1.431385587666140352e-02,6.241839487044329587e-02,3.811923325547468822e-01,4.795757650909464043e-01,1.000000000000000000e+00,3.906252716011839321e-01,2.640441328944397037e-02,-7.000978613474567736e-02,-1.271814120354141098e-01,-1.145175153563968290e-01,-1.326330885472422616e-01,-1.245868625169490457e-01,-2.241537308514170504e-02,-2.728905056997242215e-02,1.475460123687007304e-02,5.726705635168624631e-02,-4.170215486259323812e-02,7.952102299997758361e-03,7.696548555804059999e-02
-1.838989617300156032e-02,-3.003847159115332049e-03,2.632964045553531918e-02,1.041933697576983772e-02,-1.890477766139021798e-02,-7.267049249436316471e-02,-4.051900541842822639e-02,-5.460793907216027199e-02,-1.052860436675692388e-02,-1.861542094368434097e-01,-2.461742457117338245e-01,-1.661321451824553930e-01,-1.786958321286593321e-01,-1.069312823982989796e-01,-8.691404963872709222e-02,5.261925007447586927e-02,1.192522914070610340e-01,3.906252716011839321e-01,1.000000000000000000e+00,4.950016255365360940e-01,4.380609949478923848e-02,3.149852990680925696e-02,-6.436807135134985786e-03,-2.066262040075645193e-02,-1.102124636639916222e-01,-2.039952326058500423e-02,-5.916018700661607177e-02,-4.346533513193218123e-02,5.482645518653297967e-02,-1.816313522096164867e-02,-1.373114432311569981e-02,3.740776687926608557e-02
-1.563731894555398308e-02,-1.733208469719780404e-02,-3.836162512610855058e-02,-8.267444337102486385e-02,-5.970377623178781817e-02,-8.655817775202831466e-02,-7.459355259577045427e-02,-1.182566280827582368e-02,-1.872479546304083725e-02,-1.427644149353666791e-01,-1.823780484375905064e-01,-2.036148835476443153e-01,-2.003485347007430695e-01,-1.687858078105129445e-01,-1.933354476061039939e-01,-1.655909332769646414e-01,-9.808683369065539226e-02,2.640441328944397037e-02,4.950016255365360940e-01,1.000000000000000000e+00,3.824249513280780222e-01,2.224376259557333257e-01,1.008028328141304109e-01,-2.334842544905407422e-02,-4.076658426651943307e-02,4.597079900595559682e-02,-3.193840473971672894e-02,-6.592473840735797730e-02,3.932844228380626139e-02,9.184335239629430950e-03,-2.527731893510186054e-02,-4.927061085427045586e-03
-2.591112792535146814e-02,2.050822623214121343e-02,3.474518160663031714e-03,-5.792808972969615278e-02,-9.466460704610600574e-02,-1.175378060085986998e-01,-4.493961477967086532e-02,2.472080078321468866e-02,4.437138886577767991e-03,-8.046943609652529306e-02,-7.769459257214485215e-02,-1.493221705540134503e-01,-1.430405686992810843e-01,-1.802522784402579570e-01,-2.477735903810265872e-01,-1.933598552766265244e-01,-1.661395782856337766e-01,-7.000978613474567736e-02,4.380609949478923848e-02,3.824249513280780222e-01,1.000000000000000000e+00,4.849696185163157036e-01,1.716945247628818005e-01,3.765327257304733333e-02,9.487028280071994890e-02,2.713321996368940961e-02,-1.133623693799721416e-01,-9.306109293295683482e-02,-5.699166955737773599e-02,-1.091528283024278782e-02,2.332878056320471932e-02,2.299241384878401850e-02
-3.657864611352213552e-02,-1.401813765020585266e-02,-2.631430196900432644e-02,-8.912343514809620282e-02,-7.334338691930647469e-02,-7.306895813302216602e-02,-2.846213131391803555e-02,6.304926301104044062e-02,1.109760925042108104e-01,-3.613360864960823982e-02,-1.050273450336876996e-01,-2.481059664367869233e-01,-1.338448686402051724e-01,-2.318640813528141942e-01,-2.483000457436569941e-01,-2.274436039126638831e-01,-2.212840199652194306e-01,-1.271814120354141098e-01,3.149852990680925696e-02,2.224376259557333257e-01,4.849696185163157036e-01,1.000000000000000000e+00,5.027462743584238947e-01,1.064620311291891719e-01,1.221182702230331069e-01,3.275311069642352496e-02,-1.162411768657809902e-01,-8.323882224929557427e-02,-5.600440831719427637e-02,-1.722335937513658558e-02,5.730884455105784980e-02,7.062922220439984966e-02
2.491873724624847977e-02,8.592361425071788281e-03,5.189333418060986837e-04,-4.602387835248507308e-02,-1.538990085146793932e-02,-1.249004878202564662e-03,-8.476482506373773235e-03,9.537184083028207859e-02,1.234303058850697993e-01,-5.691845329803493780e-02,-1.294404730996961683e-01,-2.493991554898994378e-01,-1.781859357757470952e-01,-1.832223270588069775e-01,-1.921403899429772466e-01,-1.738933097052674792e-01,-1.849922846279317135e-01,-1.145175153563968290e-01,-6.436807135134985786e-03,1.008028328141304109e-01,1.716945247628818005e-01,5.027462743584238947e-01,1.000000000000000000e+00,3.702882289369314184e-01,1.683417337965049110e-01,6.277313831452654980e-02,-1.005591252114985679e-01,-8.843037618251763099e-02,-6.675117056338648880e-02,-3.003476011131008590e-03,8.578412084562361123e-03,8.012928148184399191e-02
3.737962038753988442e-02,4.148547414462105259e-02,-1.263259578513278511e-02,-3.721835360088879968e-02,-3.466022618166388763e-02,-9.510704446278994695e-02,-1.261244879569065613e-01,-3.820679493207538441e-02,3.479805744104152304e-02,-1.366992044455485160e-02,-5.735525896936177065e-02,-1.418379901015089095e-01,-1.281328824489451623e-01,-3.103146859367342247e-02,-7.969171147947802514e-02,-7.256323548552814917e-02,-9.898558580598018630e-02,-1.326330885472422616e-01,-2.066262040075645193e-02,-2.334842544905407422e-02,3.765327257304733333e-02,1.064620311291891719e-01,3.702882289369314184e-01,1.000000000000000000e+00,3.970793496563914671e-01,8.444457245391326361e-02,-6.400214152218379471e-02,-4.890687269432485856e-02,-2.500402950217665149e-02,-7.823122595558715253e-02,-4.629583382548691645e-02,-4.990544174937622084e-03
2.350799228039629832e-02,-3.181588433259149168e-02,-8.646775790458155475e-02,-5.840039892848618991e-02,-1.390530262321814335e-02,-5.856431935134371464e-02,-1.142228292998364453e-01,-1.577313769972482072e-01,-8.583738330973227082e-02,-8.281879401024069831e-02,-9.772292819475063286e-02,-1.052048725622353464e-01,-1.071137955316532470e-01,-1.349269546848096690e-01,-1.014687346604042223e-01,-9.792469491030383888e-02,-1.056071026448751754e-01,-1.245868625169490457e-01,-1.102124636639916222e-01,-4.076658426651943307e-02,9.487028280071994890e-02,1.221182702230331069e-01,1.683417337965049110e-01,3.970793496563914671e-01,1.000000000000000000e+00,4.363184533950632549e-01,1.439638980456963147e-01,1.870833514200886602e-02,-3.193990922819367473e-02,4.282204794626008506e-04,4.805366499627933274e-02,5.068850613539223338e-02
-3.151774674802337861e-02,-5.707632176075004560e-02,-7.290949618013027600e-02,-2.977445399547989230e-02,2.744677375734693933e-02,-5.626972974281373510e-03,-1.026003286407339704e-01,-1.515063425935353203e-01,-9.353551470410464974e-02,-2.241874523345068204e-01,-2.362176089977340854e-01,-1.163679092011819793e-01,-1.254575183620879608e-01,-2.147053050210410707e-01,-1.039548215909308487e-01,-4.971193386964618127e-02,-5.176773005220701440e-02,-2.241537308514170504e-02,-2.039952326058500423e-02,4.597079900595559682e-02,2.713321996368940961e-02,3.275311069642352496e-02,6.277313831452654980e-02,8.444457245391326361e-02,4.363184533950632549e-01,1.000000000000000000e+00,3.822658610448120275e-01,1.933743592816761780e-01,1.223350330086057508e-01,4.495325413076705495e-02,7.511589980364094532e-02,1.032567166561153410e-01
4.089944935135040455e-02,7.872927761532403160e-03,-3.256810783795473230e-02,-4.156702489689780705e-02,4.431090716044435579e-02,-2.008246819994833829e-02,-1.122195905955807732e-01,-1.407851530800449391e-01,-9.379121431968973077e-02,-1.427944349297763094e-01,-1.440226719305782721e-01,-1.617971430019755213e-02,-1.846742558737718073e-02,-1.050780528069915759e-01,-5.734960803115810024e-02,5.719555524258163222e-03,3.541103219251279331e-03,-2.728905056997242215e-02,-5.916018700661607177e-02,-3.193840473971672894e-02,-1.133623693799721416e-01,-1.162411768657809902e-01,-1.005591252114985679e-01,-6.400214152218379471e-02,1.439638980456963147e-01,3.822658610448120275e-01,1.000000000000000000e+00,4.838468279564193120e-01,4.894396471324614223e-02,6.222249993581639022e-02,-1.760179477292336120e-02,9.396719817173950894e-04
-2.628694627245637197e-02,-4.121909280779344209e-02,-8.867425597008239679e-02,-1.121341308984736412e-01,6.342467325465209541e-03,-2.369750043793972250e-02,-5.294517934790072405e-02,-3.943615696922207065e-02,6.083629172392820278e-02,-1.105324118982847423e-02,-8.785769513113728113e-02,-4.633488715045099710e-02,-1.274035975728688153e-01,-1.241930233105178194e-01,-1.066419113415628117e-01,-4.333887693463835122e-02,-3.414827786175494290e-02,1.475460123687007304e-02,-4.346533513193218123e-02,-6.592473840735797730e-02,-9.306109293295683482e-02,-8.323882224929557427e-02,-8.843037618251763099e-02,-4.890687269432485856e-02,1.870833514200886602e-02,1.933743592816761780e-01,4.838468279564193120e-01,1.000000000000000000e+00,3.086754189176837970e-01,8.960239914390910609e-02,6.315248413885837797e-02,6.893593583718489459e-02
-9.157518233753798864e-02,-1.377374381034568995e-01,-1.432229066523375838e-01,-1.708977787526646253e-01,-8.938519022238412826e-02,-7.840983891477470991e-03,-4.816231880023930101e-02,7.780833698504297392e-04,9.761218020519996097e-02,4.525792168735318088e-03,-1.257184248326253528e-01,-1.218784826346052952e-01,-1.723195879274409814e-01,-6.751042965664386108e-02,-9.522362542708871780e-02,-3.577621831757348686e-02,-3.852743780467004879e-03,5.726705635168624631e-02,5.482645518653297967e-02,3.932844228380626139e-02,-5.699166955737773599e-02,-5.600440831719427637e-02,-6.675117056338648880e-02,-2.500402950217665149e-02,-3.193990922819367473e-02,1.223350330086057508e-01,4.894396471324614223e-02,3.086754189176837970e-01,1.000000000000000000e+00,3.955685790895310805e-01,2.988747923582874000e-01,2.139086117367612616e-01
-1.194470885266682714e-01,-1.706803754297799292e-01,-9.908120762555501504e-02,-8.180533892844385480e-02,-1.580391148989085046e-02,4.099657128645402271e-02,6.440723434180103957e-02,1.119651774631928720e-01,5.885362186880348234e-02,8.343376528792753599e-02,-4.287413521614682338e-02,-1.324573328976836051e-01,-4.290578343117230214e-02,-2.661870795897189682e-02,-1.019563388049254254e-01,-7.222702746409215280e-02,-8.716196661577914340e-02,-4.170215486259323812e-02,-1.816313522096164867e-02,9.184335239629430950e-03,-1.091528283024278782e-02,-1.722335937513658558e-02,-3.003476011131008590e-03,-7.823122595558715253e-02,4.282204794626008506e-04,4.495325413076705495e-02,6.222249993581639022e-02,8.960239914390910609e-02,3.955685790895310805e-01,1.000000000000000000e+00,5.239099796949504562e-01,1.723131513814815108e-01
-1.558501657127402407e-01,-1.929009705038772782e-01,-1.529872009517613263e-01,-1.629022555863048616e-01,-5.693961536605738477e-02,4.719978931513712367e-02,4.003141206219896359e-02,1.738909441711818105e-02,5.008005303583277362e-02,5.409159283570725424e-02,-5.666906409548520818e-02,-9.524352128453730804e-02,-9.292897346939242575e-02,-9.904436855439835430e-02,-7.977205623138412804e-02,-7.957934453399417851e-02,-6.435863343263337200e-02,7.952102299997758361e-03,-1.373114432311569981e-02,-2.527731893510186054e-02,2.332878056320471932e-02,5.730884455105784980e-02,8.578412084562361123e-03,-4.629583382548691645e-02,4.805366499627933274e-02,7.511589980364094532e-02,-1.760179477292336120e-02,6.315248413885837797e-02,2.988747923582874000e-01,5.239099796949504562e-01,1.000000000000000000e+00,4.151587105860214399e-01
-7.857833578675114949e-02,-1.385991862275894326e-01,-1.267833350874190690e-01,-1.196434065348854353e-01,-7.253746441146974311e-02,-3.468590726342870526e-03,-6.468900843988120708e-02,-5.854272855509439627e-02,4.391592261618720849e-02,1.359584446834592730e-02,-4.834125637166059031e-02,-7.047254753058272703e-02,-7.007382283278011659e-02,-4.087508547469270032e-02,-2.460782307266055555e-02,-1.497555692920444570e-03,2.443581039874035896e-02,7.696548555804059999e-02,3.740776687926608557e-02,-4.927061085427045586e-03,2.299241384878401850e-02,7.062922220439984966e-02,8.012928148184399191e-02,-4.990544174937622084e-03,5.068850613539223338e-02,1.032567166561153410e-01,9.396719817173950894e-04,6.893593583718489459e-02,2.139086117367612616e-01,1.723131513814815108e-01,4.151587105860214399e-01,1.000000000000000000e+00
