1.000000000000000000e+00,3.470813877936249070e-01,3.782213332712734966e-01,3.989231837009468706e-01,4.787687471992357197e-02,2.355770197240925345e-01,1.842484134357467163e-01,1.573015120047818460e-01,2.372931638074440019e-01,1.691330053080336848e-01,1.081124151329942579e-01,1.841000260299486546e-01,-5.641748638551502548e-02,2.130528073064882552e-02,1.431006159654381049e-01,-1.258657162727334633e-01,-4.225474589780448681e-02,1.221509007256228879e-01,-1.548450191511658580e-01,-6.979359492375765417e-02,-9.552115070656960749e-02,-9.467476083945372545e-02,-5.837134867788811715e-02,-1.207219647293839293e-01,-1.060280820802145252e-01,-2.345880550168762124e-02,-1.416055750751001041e-01,8.993033019339239514e-03,-1.260845709285016991e-01,-4.521425026210160181e-02,-1.046517154419517731e-01,-1.909449444008623209e-01,-1.198569544740157172e-01,1.860388601108306506e-02,1.234849488664721551e-01,7.405187763878641471e-02,6.615811935235647867e-02,8.774415269568063003e-02,1.222613334736142171e-01,1.089518199815047578e-01,1.739710343820360938e-01,1.173355811972873891e-01,1.150853923808350110e-01,1.197327196745471556e-01,1.990174372507908518e-01,9.895133061037099387e-02,5.905631013363871196e-02,8.658930685639894265e-02,1.707051022307828347e-01,2.134123552768634954e-02,1.080361824307948249e-01,1.144987083238437481e-01,-5.180687291171109932e-02,-1.374712223970808445e-01,-8.553726022736982126e-02,-3.692297509003680117e-02,8.266305171642017446e-02,-8.990428011751247506e-02,-3.985487755051551027e-03,6.887918156644816381e-02,1.541913950417445889e-01,3.538116339165434023e-03,1.237514851148559386e-01,7.131485016494655549e-02,-2.634436361322549120e-03,3.783390586776754546e-03,3.633730183991492474e-02,-3.936585516143716046e-02,-9.817740123164050980e-02,-1.926572501111257496e-01,-1.469904323302134441e-01,-1.856726233203049858e-01,-2.319755859479619708e-01,-1.549618147846386629e-01,-1.472643019700382583e-01,-2.304629469661054197e-01,-1.527421119212512002e-01,-2.001728341945776257e-01,-9.299778675450051657e-02,-1.303977383515020523e-02,-8.632806743572474240e-02,9.820281784290611771e-02,2.844175502189026650e-02,1.399205850532620476e-01,-4.582513496426357524e-02,-2.133060381826579546e-02,-1.215648235810331823e-01,-7.674170467401948692e-02,-5.641195396352619018e-02,-5.056636182844576749e-02,1.243040109791434950e-01,6.356151210482996472e-02,-7.332227654510209414e-02,2.704946021282314886e-02,-2.460646150286567233e-02,3.892427925126958066e-02,5.071421038985521323e-02,-7.170981105220037427e-03,4.519178671098989658e-02
3.470813877936249070e-01,1.000000000000000000e+00,3.806264999379799230e-01,3.809333014596253952e-01,1.188061921324898573e-01,1.813978758509744993e-01,2.688662538081562636e-01,3.798821921980480298e-01,3.537286519746080105e-01,3.647683478045998240e-01,1.934866369125509689e-01,2.901349293264106621e-01,-1.331682512940058835e-02,7.163680318771177558e-02,2.670448349188364601e-01,-1.264765419678736957e-01,1.971603407375394426e-03,2.017523117422055923e-01,-1.382176951645625318e-01,-5.816632033321132017e-02,-1.646303980165008118e-01,-1.773628895405873762e-01,-8.815069042033374380e-02,-2.309980780222083696e-01,-1.921226340009044853e-01,-6.173306839053951250e-02,-1.617719997232005547e-01,-4.388517036211907196e-02,-1.694491347327791997e-01,-5.456316835270404175e-02,-1.634973004089032844e-01,-1.476693296531540467e-01,-9.323433683321678822e-02,2.365370232171272111e-03,2.174428444162929130e-01,1.183892540582298508e-01,9.435788590573741808e-02,9.500914541365451660e-02,1.780202939122711159e-01,1.347462432752785100e-01,1.955174796524558056e-01,1.286776609312710040e-01,1.511151146983815974e-01,1.550693144014781144e-01,2.466920062429004690e-01,1.690420211899164027e-01,1.229787948984368412e-01,8.707284781436872012e-02,2.580019349539637852e-01,4.229210038447381304e-02,8.649960207068402296e-02,1.578568942749675463e-01,-6.063750217470799397e-02,-1.308340640673988642e-01,-4.861823016307462164e-02,-6.726806943851524820e-03,8.771485825727669272e-02,-6.716497963323214693e-02,-1.548456793555333562e-02,4.536945255239546032e-02,1.603580746438549309e-01,-2.812466168515080286e-02,1.622172062436467999e-01,3.018781152037796137e-02,-6.102342973275844823e-02,-5.367027913304564524e-02,-6.889749742434976565e-02,-1.086900035192412545e-01,-1.090543870267256660e-01,-3.055008422948655711e-01,-1.881503687706669592e-01,-2.908996019982638126e-01,-3.666757476570771113e-01,-1.990681167523769557e-01,-1.986523096035528457e-01,-3.579166928886115540e-01,-4.148442628451197156e-01,-3.562108433260431917e-01,-2.895893777624398147e-01,4.373291780520662669e-02,-1.033335125914493918e-02,3.010684442519954707e-01,2.141942861817801025e-01,2.196548184193609088e-01,2.204096866465104360e-02,-2.284426931585905110e-02,-1.561133815909373224e-01,-1.629746031257677252e-01,-1.091264678616798156e-01,-7.171292605680695820e-02,2.294333295230437109e-01,8.132636462166699387e-02,-1.090022764989243415e-01,5.044560587935804225e-02,4.156509927977438540e-02,1.248691762396063332e-01,8.674942833303127265e-02,8.843658463004426540e-02,7.079087693544142135e-02
3.782213332712734966e-01,3.806264999379799230e-01,1.000000000000000000e+00,7.774664977071246152e-01,1.834473683700953983e-01,4.764570070123034240e-01,3.271964663394514861e-01,2.779920671715860880e-01,4.391783590807628590e-01,2.354559610835296191e-01,7.327691660988759625e-02,2.512099752185412149e-01,-1.763116933392573082e-01,-6.140529386033945214e-02,1.974429452654869466e-01,-2.335664961645286808e-01,-1.479124772588888970e-01,1.781451128861260003e-01,-2.935516957340255639e-01,-8.211884009215886238e-02,-1.968120278904401943e-01,-1.350906204116607834e-01,-3.148493262518466812e-02,-1.819517999915728768e-01,-1.690607247244689526e-01,-6.066330051685926705e-02,-2.552613626719947848e-01,2.052822801010566536e-02,-2.666566625685889425e-01,-2.127367061886249050e-02,-2.485562791824102724e-01,-2.896001409996926679e-01,-1.915252260768192938e-01,3.529577045035221100e-02,2.155834983696700291e-01,2.271126771750862638e-01,1.538940712963928759e-01,7.885293957382980001e-02,3.120435488536549840e-01,1.785715042365702832e-01,3.594124335329895170e-01,2.860881955683456934e-01,1.872229969453220177e-01,3.065088681362321266e-01,3.688468348933489072e-01,2.000980589638451934e-01,1.789110982987996562e-02,1.148651776584303091e-01,3.100919151840525467e-01,-4.906435121883748890e-02,1.226667704800953468e-01,2.591373890589584450e-01,-1.284696163474907116e-01,-2.726284099597405253e-01,-7.341366068715651783e-02,-4.967253166070595242e-03,1.603365161331128108e-01,-6.843921139046686697e-02,-2.778878061873331362e-03,1.849901490545049210e-01,2.748829146677053137e-01,5.043675692060648613e-02,2.982951903507279345e-01,1.136524260210085846e-01,-2.848403844294031262e-02,1.145936887204190326e-02,-3.388971979673182505e-02,-1.441102329615159827e-01,-2.054911858353708487e-01,-3.767076976823440781e-01,-3.086800618967249776e-01,-2.470445447941953254e-01,-4.038884711783277126e-01,-3.469021607173828348e-01,-2.676800849573374719e-01,-4.374225244591394279e-01,-2.192943087748182307e-01,-3.463172563501062395e-01,-1.349601459062481079e-01,-1.496475182562789219e-01,-2.639069230574601632e-01,1.565189710821554558e-01,-2.545491229715941828e-02,1.231145163578112878e-01,-1.835080968430361781e-01,-1.362029526520197042e-01,-2.835973646666828940e-01,-8.279320184370136948e-02,-6.554915981287626203e-02,-1.877059838283104964e-01,1.392937936487118611e-01,1.931952494036300871e-01,-7.351845841708454232e-02,-3.670754495339124956e-02,-5.798469699977455705e-02,-6.666284273923263164e-03,9.319437929896567940e-02,-4.420189866368400000e-02,1.530104374786347803e-02
3.989231837009468706e-01,3.809333014596253952e-01,7.774664977071246152e-01,1.000000000000000000e+00,-6.837621635875396064e-02,4.066426120466834493e-01,3.532505463475553165e-01,2.426321227442378714e-01,4.633937611464750139e-01,2.989558682345307972e-01,1.578659616710754998e-01,3.807312034193899852e-01,-6.417414487322198324e-02,2.288399963941320850e-02,2.892514091973795165e-01,-1.744014906200805903e-01,-3.824158774486003526e-02,2.754343004481835111e-01,-2.081273359105633158e-01,-1.007395879418466478e-01,-1.981441054843560146e-01,-1.638302255611137070e-01,-7.638738404444343766e-02,-2.083319739699621975e-01,-2.734366712782883013e-01,-1.355079751599436444e-01,-3.365073976319590265e-01,-7.114124248527256555e-02,-3.407343303507587851e-01,-1.066883307550759857e-01,-3.030704575226277897e-01,-3.516110173542649764e-01,-2.027865542972739077e-01,9.083477969456738021e-02,2.647710146704217449e-01,2.230645116679832729e-01,2.105044730007864517e-01,1.666662551914099288e-01,3.471496618542510015e-01,2.714160537298982434e-01,3.605099637439337368e-01,3.609890137319673453e-01,2.375204092417906032e-01,2.427579616793651696e-01,3.799315927699242756e-01,1.196970899178441405e-01,3.374656707510478859e-02,3.533684873768829643e-02,3.184778991474921939e-01,1.251652948387333916e-02,1.257709027625804610e-01,3.185329850133316598e-01,-5.304086158904244147e-02,-2.929938512637596526e-01,-6.428105056491448255e-02,3.039571263221656564e-02,1.969354273478309825e-01,-6.717299292342444883e-02,-8.144018561607542506e-02,1.271943944597477838e-01,2.410266829691389001e-01,-2.913441792081784484e-02,2.475502199524817204e-01,9.410418556650117228e-02,-9.240082301221594352e-02,-7.240818321662725876e-02,-6.555303865655959239e-02,-1.734840214482788745e-01,-1.323552071913297601e-01,-3.833748074582302712e-01,-2.244160330299255213e-01,-2.522659643177706523e-01,-4.316574467184277064e-01,-2.811344146048708748e-01,-2.332625639358243408e-01,-4.766560797968518171e-01,-2.634790358973121416e-01,-4.337132295002233962e-01,-1.080781291347912842e-01,-2.745955798705608866e-02,-2.621368154979824006e-01,2.228310817367343821e-01,1.237339049450490724e-02,2.085882086704391181e-01,-1.480418471067939667e-01,-7.021651932685595010e-02,-2.426533112995822861e-01,-1.403730238135117991e-01,-1.429765791713752121e-01,-1.488459471299563297e-01,1.903458496912361353e-01,1.163395557539772529e-01,-1.253197489549296162e-01,2.189799600993547202e-02,-7.801754340701136381e-02,3.241423692795072226e-02,8.271005798459236946e-02,-6.611043819052622728e-02,1.261524840218440809e-02
4.787687471992357197e-02,1.188061921324898573e-01,1.834473683700953983e-01,-6.837621635875396064e-02,1.000000000000000000e+00,4.483275940069923471e-01,1.722149975948031875e-01,1.545994472699226963e-01,4.996168373207809932e-02,-1.476687802494957569e-01,-1.330615587718635418e-01,-2.705829917134937590e-01,-4.967011015465010448e-01,-2.119578641410037601e-01,-2.737626919843966777e-01,-3.970015185468476759e-01,-3.695089646968379715e-01,-2.233822119499798697e-01,-4.617421473748377636e-01,-1.604836688561553371e-01,-1.193179635559774160e-01,-2.652258406631822357e-02,2.258484869309880863e-02,-6.455770866949429865e-02,1.995061301147851851e-01,2.725955479670028603e-01,1.300795757460134205e-01,3.278148927520107558e-01,1.773140043227973695e-01,2.459283547226574773e-01,1.698002803234465730e-01,8.112249133292732950e-02,-7.935605064686451771e-02,-2.152161954122824850e-01,-1.225186396960840918e-01,3.090034731431674092e-02,-1.630659395847376403e-01,-1.696119476145564187e-01,-1.699765011091784392e-02,-2.114905562025618802e-01,1.574351162855617547e-01,-2.004681953558196950e-01,-6.562458697861310586e-02,2.991945751230137840e-01,8.242770266761942355e-02,3.278174349876916693e-01,5.485935777440380245e-02,3.689700992742715457e-01,1.283930020052085619e-01,-8.983163318987807955e-02,2.021156120003093082e-01,-5.170390945535219968e-02,-2.192321553770063547e-01,-1.487960108632584710e-01,-1.685207870054552526e-01,-1.871344508475018265e-01,-5.503275575056507107e-02,-1.079506121464461621e-01,1.949898921618820335e-01,1.815791826657737473e-01,2.840357130629699300e-01,2.789646278235154986e-01,2.554870336039596901e-01,2.648673284600036593e-01,2.467003445976465870e-01,2.682760327197329375e-01,1.033003520314528523e-01,6.572747296864098199e-02,-2.315558576057366036e-01,-3.307965531280587096e-02,-4.148767963992344154e-01,-1.443068420707593058e-01,2.248185236182320343e-02,-3.614862687411309894e-01,-3.944713841587768610e-01,2.749531855052248647e-02,5.340202186240595311e-02,2.421943862027828021e-01,-1.699140952689483230e-01,-4.234420672177884315e-01,3.499503934798194743e-02,-1.971981602063008487e-01,-1.093949781797771692e-01,-2.013973304143865939e-01,-1.845983779966757776e-01,-2.510777421862733227e-01,-1.855119824209186807e-01,8.606866354101123939e-02,1.899519706105118055e-01,-4.915301954191338141e-02,-2.095081665124004511e-02,3.058068743686529478e-01,8.521099814494628721e-02,-6.323921910851082462e-02,5.463691103886227085e-02,-1.511917987939965201e-02,2.252063873406080774e-02,8.357138749324119487e-02,5.320106720479057111e-02
2.355770197240925345e-01,1.813978758509744993e-01,4.764570070123034240e-01,4.066426120466834493e-01,4.483275940069923471e-01,1.000000000000000000e+00,3.678565075287161257e-01,2.320292548061882454e-01,2.720380140012076398e-01,2.231744940209739667e-02,-2.061084478609951920e-01,-9.950685088969787179e-03,-3.609593562671726263e-01,-3.064142699151782834e-01,-4.507722320953157918e-02,-2.681738846821204447e-01,-3.867625950261214807e-01,-4.177921983900803084e-03,-3.892093081327087090e-01,-4.052841016804877017e-02,-2.838426412722836259e-02,7.439202874202736904e-02,7.623237388508408152e-02,2.459183753543878193e-02,7.226574777897060153e-02,9.497654870944106931e-02,2.753646060446167040e-02,2.860694126497295153e-01,3.101778171309781812e-02,2.675015402491278116e-01,-7.064836635894110317e-02,-1.214334556597329723e-01,-1.647866018781170838e-01,-1.235529459240435057e-01,8.485148046121711307e-02,1.752327344249103858e-01,-4.428072042279648790e-02,-1.304633922130279122e-01,1.967516071265008326e-01,-9.447195191678671444e-02,2.413606843575089311e-01,1.154858705073559880e-02,-6.725539206697793426e-02,2.893862330977814978e-01,1.795239851782977070e-01,2.247741276891188911e-01,-1.469800009002933672e-01,1.451496832450023255e-01,1.088078432461941358e-01,-2.541500072272260824e-01,6.588893408571636079e-02,6.124646246594797616e-02,-3.163322333378278950e-01,-2.912233225742231757e-01,-1.510332239861653936e-01,-9.361053015250275777e-02,1.125253314596661308e-01,-7.030517176530749757e-02,1.184089573525466677e-01,3.560606979953618856e-01,3.520565109805562365e-01,2.576694659103987428e-01,4.086187551822406672e-01,2.416046808030667958e-01,1.848139127163042350e-01,2.202106051452309698e-01,1.172222968989246883e-01,-1.114616749128180678e-01,-1.716313580340198541e-01,-2.391598229099282380e-01,-3.440435096459881215e-01,-4.181754889001630671e-02,-2.181387712869972684e-01,-4.496404191252060256e-01,-2.562283071513870580e-01,-2.830942276856655559e-01,7.983074165712594761e-02,-1.539938050476165887e-01,9.521557092565118008e-02,-2.754531193853646531e-01,-3.395670613271272731e-01,-7.780681900493935377e-02,-2.273894696925060355e-01,-5.286866311387619644e-02,-3.836705125389322513e-01,-2.493391602603768076e-01,-2.419706817149095690e-01,5.785600814850501428e-02,1.651690853787173355e-02,-2.015009830932042445e-01,3.243352412518950290e-02,2.671463921849295264e-01,-8.594851880971433877e-02,-1.530851195733594905e-01,-1.233592081832361187e-01,-5.152392293642728965e-02,1.083759892825748999e-01,-2.291698527033832547e-02,-5.257453542266283565e-03
1.842484134357467163e-01,2.688662538081562636e-01,3.271964663394514861e-01,3.532505463475553165e-01,1.722149975948031875e-01,3.678565075287161257e-01,1.000000000000000000e+00,2.460081083573060767e-01,2.190234646791686390e-01,1.347847025939710175e-01,-1.862889371623210888e-02,4.703226436956085138e-02,-2.330055842196669946e-01,-1.072778025943081498e-01,-6.320001451548921956e-02,-2.753981712969763573e-01,-1.721065848595265679e-01,-7.855189792573948060e-02,-2.589944176017629496e-01,-1.058667467355306896e-01,-1.166230302728019502e-01,-7.945785410877859167e-02,-5.703039979212687349e-02,-1.669277795770706396e-01,-1.162351820440834516e-01,1.316923409049088334e-01,4.074392023536254487e-02,1.791027531741480883e-01,3.994261165272897096e-02,1.236073774622930554e-01,-6.649429825329031263e-02,-1.228664319217903506e-01,-1.216991885963392001e-01,-9.906825439724055438e-02,1.469606072874518332e-01,-5.196858451336317658e-02,-1.017219420932009011e-01,-4.802509025766616563e-02,-5.513939642155004338e-03,-4.817321872476771488e-02,1.131141129324709088e-01,-5.608127148752273250e-02,4.828481325711890537e-02,1.381094475044704062e-01,1.664218607665679528e-01,1.966189092666865423e-01,1.687468189196406065e-01,1.999958902858290921e-01,1.330156835228631929e-01,4.232902024711397704e-02,1.891758382588756837e-01,-2.847407212003094049e-03,-1.248326084966608213e-01,-2.299393682928139171e-01,-2.505207917031713749e-01,-2.836051960415488238e-01,-2.077550622994162738e-02,-3.157692497875112525e-01,-3.836137889633162851e-02,1.599064163500776015e-01,3.702570301358784621e-01,2.157945249875481419e-01,3.555440488007516331e-01,3.689973051723814401e-01,1.943816400600456018e-01,1.567264688061601463e-01,7.075221621710273134e-02,-2.065576251152598242e-02,2.077582604771427768e-02,-9.172053844555962121e-02,-2.175654254961413014e-01,-1.544802110135122530e-01,-9.134446908219231998e-02,-2.425963703043935438e-01,-2.817490037765867372e-01,-1.492479400604692918e-01,-1.322455089836756803e-01,-1.599922183741350479e-01,-8.498218891426152777e-02,-1.405639345156436126e-01,-2.992511439840044724e-02,9.429977163861646972e-02,1.922809111430994755e-01,1.357661110916314195e-01,-2.034655453152844559e-02,-1.242893313889125995e-01,-1.322595554584322930e-01,-1.063431612670994592e-01,-2.235744093257856224e-02,-1.046311840391478815e-01,2.016192825083253648e-01,1.443291934941506038e-01,-7.267387694502018547e-02,4.856143088541124697e-02,-1.768629833361242396e-04,9.626101769057447688e-02,-3.549718862584410467e-02,1.108917661833428749e-02,6.390846289147394943e-02
1.573015120047818460e-01,3.798821921980480298e-01,2.779920671715860880e-01,2.426321227442378714e-01,1.545994472699226963e-01,2.320292548061882454e-01,2.460081083573060767e-01,1.000000000000000000e+00,2.421338078630261570e-01,2.699824379323576551e-01,1.188715301053801243e-01,1.551506100614224448e-01,-1.365735361357476030e-01,7.794103575183065381e-03,1.671487857035443836e-01,-2.014800393319494398e-01,-8.529768230106328508e-02,8.901584450414491700e-02,-2.093802789898084604e-01,-1.271213872345240969e-01,-1.806390132158824102e-01,-2.570367883659083197e-01,-1.149096060218037785e-01,-1.664327357157825427e-01,-1.385510480325267135e-01,-3.655336081979186635e-02,-1.346637909431600000e-01,-1.371209419585293909e-02,-1.338139522248346647e-01,-2.048598953960428098e-02,-1.508122945062695952e-01,-8.543938863596201028e-02,-2.960669648745231988e-02,3.919781882847069715e-02,1.301270167507419528e-01,1.081987657381890261e-01,2.994454210087544796e-02,6.826217907951154240e-02,1.799849912362638527e-01,8.544942564955619602e-02,1.949389059117710432e-01,1.227918761353285343e-01,1.357095752586992832e-01,2.338655882482793547e-01,2.671675275678277450e-01,2.719299406924786111e-01,3.308861544702371843e-02,8.545018637564152919e-02,2.825443016256879991e-01,-6.970701181487182208e-02,5.105905880228018417e-02,2.381248759137771787e-01,-1.403883227961490177e-01,-1.722881372174866754e-01,5.798457482353923213e-03,8.839850662541144655e-02,8.273310540366862753e-02,5.871640867729450292e-02,-1.600013430277955409e-02,1.085210416819960555e-01,1.650840051520948981e-01,-1.120882087242031869e-03,2.032367806839062430e-01,1.227178651452795477e-01,-3.994886334160909630e-02,-7.181911359611435706e-04,-8.569142666410534126e-02,-7.551471521952106414e-02,-1.021449823599945989e-01,-2.278033263895056226e-01,-2.421416264380921723e-01,-2.457638310198627385e-01,-2.902912162217793357e-01,-2.812369224942217194e-01,-2.519484972073914864e-01,-3.381728179555058000e-01,-3.519252072308802770e-01,-2.857499690709295326e-01,-3.680586388670332720e-01,-1.024359314471262050e-01,-1.988424056979925473e-03,1.750717809137034287e-01,1.246462474089229389e-01,1.249558599551418292e-01,-7.496837861309568751e-02,-1.220243670791242990e-01,-2.476150418583148438e-01,-2.073301729552652628e-01,-4.382078610806602187e-02,4.163210740147214872e-02,2.237767728292197333e-01,9.760181398490939964e-02,-4.991902988299209976e-02,9.146921865039253641e-02,1.197448895200831503e-01,4.675749348411245565e-02,2.181576331207800770e-02,7.483120095572402819e-02,2.125027208180871319e-02
2.372931638074440019e-01,3.537286519746080105e-01,4.391783590807628590e-01,4.633937611464750139e-01,4.996168373207809932e-02,2.720380140012076398e-01,2.190234646791686390e-01,2.421338078630261570e-01,1.000000000000000000e+00,4.545418139852249739e-01,1.062062644922949356e-01,4.337567861914572998e-01,-5.285621227689456247e-02,-2.232677882033346980e-02,3.870048537159325730e-01,-1.389792609945370294e-01,-7.254865007856516057e-02,3.363173923422798084e-01,-1.769122347942084783e-01,-4.385442565222975875e-02,-1.920083376894185234e-01,-1.339058454312267721e-01,-3.817755251431336622e-02,-2.062149484656214116e-01,-1.893204796908093956e-01,-1.824095320769770490e-01,-2.786986950028387811e-01,-8.200435437297591557e-02,-3.189058241591838372e-01,-1.075396684196934655e-01,-2.859205554101346691e-01,-2.523057699062221659e-01,-1.174030096049272776e-01,1.093099844527660736e-01,2.571193763430154045e-01,2.733433187118615715e-01,2.269784410373766881e-01,1.057357887095000532e-01,3.344449475205787392e-01,2.359896402595544618e-01,2.843287556808768435e-01,3.171634541904079785e-01,2.299147337244102085e-01,2.834818464035886998e-01,3.892877202465411246e-01,2.240209061763015763e-01,2.206075184843337908e-02,1.441301891128728141e-01,3.620216043982388276e-01,-2.943801137869374307e-02,1.614260566889744453e-01,2.991818180815945527e-01,-1.362439546696485038e-01,-2.647366253450606499e-01,-4.236812110706213858e-02,5.113180584690958652e-02,1.355270478274571422e-01,-4.886318917352658331e-02,-2.373888756564944413e-02,1.985581494106959666e-01,2.103068852935070510e-01,1.933076299670514466e-03,3.008928520656327099e-01,-1.330864567953606546e-02,-9.693722650312312783e-02,-6.301558453314301533e-02,-1.465042245979467916e-01,-2.742220485534536123e-01,-2.331206641699705706e-01,-5.297739624705085637e-01,-3.323721991445551249e-01,-3.172093514379534795e-01,-5.723306475782965475e-01,-4.150518421624939669e-01,-2.554902884322808321e-01,-5.845995820922391673e-01,-3.847536542678740568e-01,-4.788901465595302720e-01,-1.830477949783073099e-01,-6.590601663750464412e-02,-2.719696188339534304e-01,2.695788055291323260e-01,3.976406332667098420e-02,1.717224546941917007e-01,-1.767460180098499312e-01,-8.664248798319952594e-02,-2.219394919969323587e-01,-8.290340624208267228e-02,-1.723458730265202687e-01,-2.618111765211816877e-01,1.128324560263372772e-01,1.253814468439055085e-01,-1.892444179373937163e-01,-1.026029112718797182e-01,-1.156252009485566057e-01,-6.839446215543829206e-03,1.196010094893853321e-01,-2.672641135683522656e-02,6.078540229606653467e-02
1.691330053080336848e-01,3.647683478045998240e-01,2.354559610835296191e-01,2.989558682345307972e-01,-1.476687802494957569e-01,2.231744940209739667e-02,1.347847025939710175e-01,2.699824379323576551e-01,4.545418139852249739e-01,1.000000000000000000e+00,3.578740414312834850e-01,5.942557798571707073e-01,2.374506633897853491e-01,2.235027837272882678e-01,5.297190941062418501e-01,5.429066856066836616e-02,1.883999795745900374e-01,4.243604175475392815e-01,-2.058213921590110879e-02,-1.356690319475750139e-01,-2.174775442868101816e-01,-2.542987677163751625e-01,-1.880687239202625261e-01,-3.364754731130056853e-01,-3.085272571897598737e-01,-2.450389184340729942e-01,-2.895796710276335451e-01,-2.134159488148061612e-01,-3.084025437711394035e-01,-1.872915162031866532e-01,-2.502287989254866063e-01,-1.922230660150921200e-01,-5.517009772226769831e-02,1.580498258568618641e-01,2.813731576425105851e-01,1.448884672922626238e-01,2.030849551083566962e-01,1.556977498288931172e-01,2.559212813608168768e-01,2.797823556883675677e-01,1.744877434002153060e-01,2.708049119436715113e-01,2.904143266522957179e-01,1.555775469005270806e-01,3.200639762153225099e-01,1.853764850448089141e-01,1.687756839842872725e-01,7.251515967250042605e-02,3.872122307449876177e-01,1.218610510749559839e-01,1.804601132369058614e-01,3.395226097147715505e-01,-1.401888013730824643e-03,-2.522209681614281940e-01,-5.531967828358440309e-02,6.751483539468455808e-02,6.396117631123834912e-02,-2.876340556509026855e-02,-1.727844352392695071e-01,1.838124247447854576e-02,4.368871056926061647e-02,-1.980828058746540721e-01,1.043116973250025753e-01,-7.805000134655609711e-02,-2.350017164838177630e-01,-2.171422700961896934e-01,-2.192729812311492998e-01,-1.930731010718751972e-01,-9.121177800655830281e-02,-4.257689670378975166e-01,-6.470706759787414608e-02,-3.809578586660747335e-01,-5.458293320302622931e-01,-1.083011201175856364e-01,-1.330930724123132458e-01,-4.983732805573449776e-01,-5.924715087540916025e-01,-5.664360148714555621e-01,-2.866085562555725219e-01,2.622553883301312894e-01,-5.503747180355383212e-02,4.884789724163126623e-01,1.975819650529157812e-01,3.202282742130582727e-01,-6.769032937004621376e-04,7.402711040816625787e-02,-1.066131674929958334e-01,-1.795013387610727984e-01,-2.507415264563914170e-01,-1.390413850081637925e-01,1.845076366467514328e-01,-4.612527111552475884e-02,-2.160624940939154803e-01,-2.536517153405401948e-03,-3.715945480714842597e-02,7.314534673699385481e-02,8.778458388682347513e-02,1.476690340943707415e-03,7.833801644919212437e-02
1.081124151329942579e-01,1.934866369125509689e-01,7.327691660988759625e-02,1.578659616710754998e-01,-1.330615587718635418e-01,-2.061084478609951920e-01,-1.862889371623210888e-02,1.188715301053801243e-01,1.062062644922949356e-01,3.578740414312834850e-01,1.000000000000000000e+00,4.950910473613548413e-01,2.399611266116492558e-01,6.748365514398895204e-01,3.741998623119679457e-01,-5.263900154088169830e-02,5.213087641319734677e-01,3.361188760465085301e-01,4.794163777387209883e-03,-3.904688125477348004e-01,-2.944234265055725719e-01,-4.288173549830730513e-01,-3.856009264185489838e-01,-5.105282683128194998e-01,-4.753764757000538688e-01,-1.643560990468142802e-01,-4.231210409723266119e-01,-3.108518745013994500e-01,-3.261010615958587766e-01,-3.571441873223580865e-01,-1.599153965221424556e-01,-2.950838826400851711e-01,-1.619736492217002111e-01,7.976092399173075054e-02,1.742765790790563041e-01,3.105732745044693238e-02,2.232655363567312423e-01,3.916885247105441614e-01,2.048871940342665843e-01,3.786169408308632245e-01,1.802741877875533860e-01,2.181379620818066911e-01,4.565663816134927777e-01,9.582727641085007908e-02,1.995734551120161571e-01,1.855686215156857888e-01,4.892876881509029552e-01,1.581387162540265345e-01,4.304278792608360327e-01,4.687155483374754184e-01,3.462957909556907410e-01,4.119390030237375933e-01,3.738484532825985807e-01,-1.419924805746944629e-01,1.373891530281801977e-02,-2.576135807019461557e-02,-6.105236170824487191e-02,-4.633044994951440732e-02,-3.782497323857628158e-01,-4.198276352489249685e-01,-1.562335458490855256e-01,-4.473026983267202050e-01,-2.200673451470205877e-01,-5.589154209385652911e-02,-3.362209948273269244e-01,-2.967270445007788582e-01,-2.353532522905073254e-01,2.963367043854161359e-02,-7.928930233918350667e-02,-9.123918970555687513e-02,5.802104092318859790e-02,-5.363255481175021044e-01,-2.058620942279791588e-01,2.342984721453940933e-01,-3.133129358401265385e-01,-7.640422569464253022e-02,-4.836435940640300690e-01,-1.863172663703739074e-01,-3.476623228401504728e-01,2.833579698488422061e-01,2.659598636472435551e-01,3.085444636921054196e-01,1.531752007738957366e-01,2.710136984892674294e-01,1.561401587369274091e-01,1.065898685550670244e-01,-1.165171209026223849e-02,-1.835207446144054011e-01,-8.647716833165255967e-02,1.545364033515964075e-01,1.522599601064197894e-01,-8.356092789183716674e-02,-3.338698272825273844e-02,1.701360659902052264e-01,1.513628515290640075e-01,7.278507281781558536e-02,-7.960375484011072977e-02,9.758800722313649631e-03,8.772429204303452965e-02
1.841000260299486546e-01,2.901349293264106621e-01,2.512099752185412149e-01,3.807312034193899852e-01,-2.705829917134937590e-01,-9.950685088969787179e-03,4.703226436956085138e-02,1.551506100614224448e-01,4.337567861914572998e-01,5.942557798571707073e-01,4.950910473613548413e-01,1.000000000000000000e+00,3.540869087915189395e-01,4.141657193610452370e-01,6.746406495311093598e-01,9.396830441915580978e-02,3.483225317360982287e-01,5.950484708969380199e-01,3.020217649559478468e-02,-2.210361685216208627e-01,-2.681105264855098147e-01,-3.207281858644772110e-01,-2.262798939165024115e-01,-3.826906765849708014e-01,-4.410327226018179725e-01,-3.142105095030759410e-01,-4.704078845998255209e-01,-3.038898808521398043e-01,-4.551210501118422291e-01,-2.918125564295801500e-01,-3.132377774077921839e-01,-3.093360234998065450e-01,-1.237052764666332905e-01,2.108517499777215753e-01,2.893600865441987580e-01,1.736492757910975127e-01,3.018649817750190256e-01,2.748551406529707308e-01,3.935426703786321090e-01,4.201132404961814282e-01,2.836893983069406211e-01,4.074785711497220242e-01,3.974022763582547579e-01,1.354598943263012056e-01,3.000322555067247987e-01,1.453743129251461319e-01,2.018993268098718263e-01,-4.618205248837278266e-03,4.147663993006105443e-01,2.231053236761859349e-01,2.230817988129549789e-01,4.750010755421467112e-01,1.502876474196656320e-01,-2.917811176370316284e-01,1.599109865720435217e-02,1.273374285261150152e-01,6.347751294565905089e-02,1.847798557333059366e-02,-3.203884554015821173e-01,-1.037026579868721293e-01,-4.056103347679895083e-02,-3.609009275332594191e-01,6.586479350029174167e-03,-1.136763494410646391e-01,-3.618057715084152526e-01,-2.623514791529971135e-01,-2.925365257328798041e-01,-2.048819785504172597e-01,-1.074555350499052236e-01,-4.343531436739231921e-01,2.012667769687244770e-02,-4.413127248726790297e-01,-5.979100028416050039e-01,-1.752522695909919381e-02,-1.616854823847849731e-01,-5.313497320129314527e-01,-5.321514754175670214e-01,-5.491742381735862377e-01,-2.104204440906989881e-01,3.502732403527772376e-01,-7.000604507752576644e-02,4.792740653055597155e-01,1.173390523347593029e-01,3.402848795591678632e-01,-3.044271314266088976e-02,1.513181906877857918e-01,-4.934531931040759406e-02,-1.291313560314436004e-01,-2.454806413910210761e-01,-4.562670371863480900e-02,1.197898685798503976e-01,-1.228058704689894143e-01,-1.701900034428833752e-01,7.796432652191528923e-03,-8.392559311573234704e-02,1.500524221728357331e-02,7.035768725694965808e-02,-7.640001779880843669e-02,3.766749011619387882e-02
-5.641748638551502548e-02,-1.331682512940058835e-02,-1.763116933392573082e-01,-6.417414487322198324e-02,-4.967011015465010448e-01,-3.609593562671726263e-01,-2.330055842196669946e-01,-1.365735361357476030e-01,-5.285621227689456247e-02,2.374506633897853491e-01,2.399611266116492558e-01,3.540869087915189395e-01,1.000000000000000000e+00,4.508388578005149139e-01,4.651188399839950582e-01,6.553764060393987290e-01,5.863366581612048378e-01,4.051333056964850354e-01,4.886825026931860272e-01,5.910334611829539536e-02,1.785691203095059187e-02,-2.812461172812294463e-03,-4.576814901554636383e-02,-1.324679559180576560e-01,-3.181787520424421700e-01,-3.896769709913978086e-01,-2.403379504384709209e-01,-4.530469156084665494e-01,-2.787394879318488838e-01,-3.401901520270053103e-01,-1.965072731513949900e-01,-8.494316532526545449e-02,1.411608400686807929e-01,2.681918063683925157e-01,1.680840983329853766e-01,6.597659876679363988e-02,2.641509127113242372e-01,2.394969289588863848e-01,1.151823212806897812e-01,3.148804458962085606e-01,-1.010635886161467822e-01,2.032763003681789804e-01,1.659566615375046850e-01,-2.199465023396017793e-01,-2.083762364322792604e-01,-2.656935765079652678e-01,-3.740705797135939273e-03,-4.211238533858985833e-01,-9.146091375441847693e-02,9.864760181665156724e-02,-2.203674530864402348e-01,1.259381368907200038e-01,2.990077083643370992e-01,8.113843301354756177e-02,2.827974773114794171e-01,2.416099381722603134e-01,-2.369485919943361760e-02,2.040440572794415541e-01,-2.969254818991951539e-01,-2.785645613682984356e-01,-4.855412454238405839e-01,-4.880301087304931840e-01,-3.969916918098591596e-01,-4.258971968025616062e-01,-4.381884153061338383e-01,-3.528864563573304025e-01,-2.120841843592645992e-01,-2.877652524777420812e-02,2.025210567300082809e-01,3.305659531550667746e-02,5.914771139653250964e-01,8.455500288838915801e-02,-7.104942796168511876e-02,5.968683422326368504e-01,4.635252254555751183e-01,1.138641862990246237e-02,-1.643934242663006029e-01,-3.117052603817639933e-01,1.616189128471305358e-01,4.995995030000374704e-01,-5.461619558942414770e-02,2.730035257412963823e-01,-1.171335765913256340e-02,8.203717909967594979e-02,6.825661229984536504e-02,1.557046937678278342e-01,1.153838874731653585e-01,3.312007869454595271e-02,-1.176003012694124689e-01,4.503166445116605493e-02,-1.056313742100985359e-01,-2.509808064466607092e-01,-1.801213038002831557e-02,-4.349955389735381955e-02,-5.419544372740710964e-02,-5.532577106089157232e-02,7.887647134506059476e-02,-2.525536744900607963e-02,-1.510620710115390466e-02
2.130528073064882552e-02,7.163680318771177558e-02,-6.140529386033945214e-02,2.288399963941320850e-02,-2.119578641410037601e-01,-3.064142699151782834e-01,-1.072778025943081498e-01,7.794103575183065381e-03,-2.232677882033346980e-02,2.235027837272882678e-01,6.748365514398895204e-01,4.141657193610452370e-01,4.508388578005149139e-01,1.000000000000000000e+00,4.019978395011239436e-01,1.714349879241706676e-01,6.953334407605529233e-01,3.687632978309302589e-01,1.204823245726636266e-01,-3.908163480355923425e-01,-2.590662430150179607e-01,-3.991718046402737974e-01,-3.698602548877758522e-01,-5.003456484151457273e-01,-5.250982659944963826e-01,-2.446279653956125177e-01,-4.416172395496853476e-01,-3.824681134778140090e-01,-3.513328521248805791e-01,-3.841015851683508564e-01,-1.411189396829689857e-01,-2.258972818491210843e-01,-9.412986964691573422e-02,1.253251310343107827e-01,1.495654043828953395e-01,8.870013779387659822e-03,2.156929733153303275e-01,3.829229010928581478e-01,1.770258958049536202e-01,3.788682790973352810e-01,1.117746435483866624e-01,2.068298064050283214e-01,4.576148826238968237e-01,4.990888787434345081e-02,3.624174293489822868e-02,9.790573377591371695e-02,4.776248872733462880e-01,2.898842182847878937e-02,3.291660808392146698e-01,4.781100735269476210e-01,2.664620910441481971e-01,3.904756574423836057e-01,4.774227561753882076e-01,-9.673562544989711132e-02,8.054638209527362203e-02,1.700290557906023597e-02,-1.293964754684512053e-01,-1.763952133845010867e-03,-4.672309737711837774e-01,-5.048038775890377750e-01,-3.150023297825980118e-01,-5.844837853078203027e-01,-3.615251527350141214e-01,-1.490937263056382467e-01,-4.594649341273679966e-01,-3.399074820977514011e-01,-2.850993065055506537e-01,7.724083900000511260e-02,-1.490761571946035320e-02,4.627374507247995761e-02,2.942391055091184149e-01,-4.500174392905085252e-01,-6.899892165598682514e-02,5.337605775960003740e-01,-1.363722091520081781e-01,1.159497304749852464e-01,-3.842340332976847961e-01,-1.068548629353404389e-01,-2.451378753914496555e-01,3.762953438182840005e-01,3.266016151285626723e-01,3.043032185102926279e-01,1.388195294838588945e-01,2.404878673131553568e-01,1.640722582802046359e-01,1.911452894573931749e-01,6.164538850277038323e-02,-8.328665178675441483e-02,-3.229017217842324733e-02,2.255081545403152810e-01,3.033533013666972478e-02,-1.942151044003136429e-01,1.622151524283920246e-02,1.530560829804481493e-01,9.213956941321752026e-02,5.615376965020568018e-02,-3.951848844622019713e-02,-8.385266170286344647e-03,3.499466896037242009e-02
1.431006159654381049e-01,2.670448349188364601e-01,1.974429452654869466e-01,2.892514091973795165e-01,-2.737626919843966777e-01,-4.507722320953157918e-02,-6.320001451548921956e-02,1.671487857035443836e-01,3.870048537159325730e-01,5.297190941062418501e-01,3.741998623119679457e-01,6.746406495311093598e-01,4.651188399839950582e-01,4.019978395011239436e-01,1.000000000000000000e+00,3.223522268074924813e-01,4.131366619486660507e-01,6.910285921671561749e-01,1.454034632680097638e-01,-1.234453291400108704e-01,-2.471317355702555563e-01,-2.070293066634636414e-01,-1.019351770456946860e-01,-3.203701409046021964e-01,-4.271846806310032885e-01,-4.070347201315278607e-01,-4.670331411909582897e-01,-3.739030533112851495e-01,-4.898267890140065584e-01,-3.270599305761285880e-01,-3.368260629955765473e-01,-2.471193817242392510e-01,-5.610365822221804327e-02,2.669668713715440123e-01,3.464960651000176250e-01,2.231014980742724585e-01,3.218951075787765959e-01,2.857347253779355389e-01,4.092937121585117910e-01,4.491854330201968115e-01,2.324341350483866697e-01,4.001306307249828942e-01,4.001376005438870287e-01,1.669754043216221395e-01,1.776612425559158104e-01,8.872350882175619735e-02,6.700342789688622236e-02,-1.314411312875387317e-01,3.526289457526531335e-01,1.006217217642417644e-01,6.980725115366796796e-02,4.430725374037337017e-01,1.357235834871942382e-01,-2.360261578925643422e-01,1.414005088556670453e-01,2.744037572333782871e-01,9.916039287304738437e-02,1.383383462204633985e-01,-2.829785901527718806e-01,-7.403595967968552849e-02,-1.825894213119765297e-01,-4.324090229908277849e-01,-6.329293620264615783e-02,-3.026587504594930311e-01,-4.853120852588870271e-01,-3.621365121493166916e-01,-3.432951160435052107e-01,-2.519235981703653038e-01,-1.183061274469989627e-01,-4.834861933281346391e-01,9.325402451141956428e-02,-3.525286599342261629e-01,-6.149311656932394676e-01,7.664101170987541733e-02,2.569827678759071740e-02,-4.857262157750485421e-01,-5.039688934417898558e-01,-5.879864230737594788e-01,-1.477010271145834941e-01,3.578592428488430177e-01,-1.386064369056918266e-01,4.867706827754073040e-01,7.261843549421781452e-02,2.552266242521188944e-01,-9.681542264521592056e-02,1.308812071117617659e-01,-8.211956525637975624e-02,-4.389521945905986572e-02,-1.960627759126248593e-01,-6.956584777797326924e-02,2.189714455465415974e-02,-1.274948788468350525e-01,-1.344874900504389181e-01,-7.152285526635390744e-02,-9.875955743222790406e-02,-3.300085440748341120e-02,1.281738283567002423e-01,-6.401028297246096066e-02,5.211387945685804456e-03
