1.000000000000000000e+00,4.393013898682894824e-01,2.735105017660013904e-01,9.992195901111600859e-03,6.853475934690597682e-02,9.909410905081375565e-02,5.926325918799814352e-02,2.136361014955624662e-03,1.669000715689747741e-02,1.014491255109829966e-02,-2.216454604246774861e-05,5.895036713541803967e-03,1.796835108084963994e-02,2.332805898745487355e-02,9.702089646721666349e-03,8.628045018007131362e-03,-6.376725113321115267e-03,1.342810976523168241e-02,-3.999452233298760213e-03,2.271666214109653928e-03,4.031376199286962510e-03,4.506095697378339864e-03,-3.309351052637794603e-03,1.557598691576083001e-02,-8.333007044899413962e-03,-4.270716904980149942e-02,-3.556954090060224921e-02,-1.687477689481751975e-02,8.255292395938895397e-03,-9.535470954782472586e-03,-4.560380813017083507e-03,1.654567671481753030e-02,-5.367126955733697753e-03,2.436476784971726775e-02,-5.197684224554100299e-03,-8.809453387188503556e-03,1.420245881789319528e-02,5.209439725746915426e-03,8.734971976612951328e-03,-2.764027285911329831e-02,1.002993356530855170e-03,-1.419054767740656441e-02,-1.256396101357000472e-02,-3.080743891566010625e-02,3.375785282655202613e-02,4.055722972192630539e-03,-4.518994719043845087e-02,-3.647035041084335013e-03,2.536316822259274475e-02,-2.884731625097925432e-03,1.198240970337986419e-02,-2.885535493401617576e-03,4.992984763234107649e-03,1.356309787826432550e-02,2.883765398193861504e-02,1.518377007908802527e-03,1.190625950720985635e-02,-8.733094486162077882e-03,-1.064952859319404262e-02,1.625665330392821184e-02,2.721256195460552627e-02,-2.315659956260973651e-02,-1.998845731030130923e-03,-1.101299398402703043e-02,-1.696756507049695592e-02,7.518297018649732974e-03,7.360993253913573030e-03,5.172987682482139797e-03,1.414858213543925339e-02,2.928975698871638406e-03,-1.888410057962719088e-02
4.393013898682894824e-01,1.000000000000000000e+00,2.715682176974956730e-01,1.004000193301170518e-01,1.607541121225269931e-01,1.607729271997257736e-01,7.787034795116853925e-02,2.623917072681055188e-02,4.255907934969223316e-02,9.528137717748004151e-03,4.599173060570872079e-02,5.898341659392109144e-03,-1.649922937328122518e-04,2.525276531121744064e-02,3.112413980140926045e-02,2.997421489372493336e-02,1.070915235868909535e-02,-1.538884238183438856e-02,1.743279225189266245e-03,-1.872293232961005222e-02,2.245256782374990129e-02,-3.089800012697617795e-02,1.156235179835466429e-03,4.893585663418197756e-02,1.112571454454562916e-02,-4.886068556201660085e-02,-5.885615950671844315e-02,-2.876944258387148859e-02,1.199977598377410110e-02,-2.610714774391896184e-02,-2.225194634919941752e-02,7.486302844665886080e-03,-1.703140637869032803e-02,7.140449646164722525e-03,-1.880365781127930208e-02,-2.462407863503034838e-02,-1.520093787365165393e-02,-1.525556570512435865e-02,2.338271937143272220e-04,-6.224594137254977483e-02,-2.145729659845395723e-02,1.656918050855417379e-03,-2.924925278273567825e-02,-3.981934801874063151e-02,1.245753469909697229e-02,2.382742100324232448e-02,-2.189167365844452151e-02,-1.665222664687937559e-02,2.449998871074306195e-02,-1.866447270945093212e-03,-2.095858665257262915e-02,-1.295294311200408631e-02,9.911258682196333325e-03,1.366306950119291867e-02,1.804061999396185459e-02,3.283794854484102521e-02,3.033312979603139739e-02,3.661266185858115529e-02,1.329241202473511324e-02,3.284094491309495767e-02,1.599723702290909572e-02,-3.882202452816658350e-02,1.935849056752499955e-03,1.655084255212901576e-02,4.192933878014494693e-03,2.659942310044237368e-02,3.807625416352362901e-02,2.494465696840124716e-02,2.821606287537285068e-02,1.993367350731404392e-02,4.670415599359937359e-03
2.735105017660013904e-01,2.715682176974956730e-01,1.000000000000000000e+00,2.383850281154630546e-01,-3.150546624304265998e-03,1.297425007811754405e-01,5.625582750633120743e-02,4.520625886138671806e-02,2.180822179094168284e-02,1.106169211173249449e-02,7.012014145990828375e-03,2.585708366951959200e-02,3.104400118593783273e-02,5.049208829146450972e-02,5.389380520066297531e-02,2.502210718672658735e-02,7.217382476758584485e-03,-1.023018247994572118e-02,8.496178705162482289e-03,1.840582490495951129e-02,2.426127263394954603e-02,-3.177877882393173592e-02,-1.377871307394341709e-02,4.363214503255813392e-02,1.498343882375615700e-02,-2.560574318288311516e-02,-5.918412864400400542e-02,-4.857245184297247914e-02,-7.135390301427176757e-03,-1.589230303032128713e-02,-3.619362465391740002e-02,-3.097043273581864820e-02,-3.056440176496793421e-02,2.447667672695981542e-03,-2.599577998011080859e-02,-2.631278959273691820e-02,-3.664033483636274652e-02,-3.819723966889895534e-03,-1.280904269018749361e-02,-3.403720619387894109e-02,-8.154393763353287930e-03,-9.756603172889526457e-03,-1.856231325247392891e-03,-5.286066649893809630e-03,2.683037594382011934e-02,2.772158735189655596e-02,-1.691598807767890136e-02,-5.419243827258003222e-03,2.522822145003107697e-02,4.763162172857543855e-03,-5.225571519471741699e-03,-8.615741372514786056e-03,7.751960025557984996e-03,-1.869661922801468161e-03,-1.821359075980345755e-03,3.712170741741373063e-03,-3.451118343827286068e-03,-5.499553132513012622e-03,-3.695415595746548085e-03,2.500903762467174968e-02,2.049056719685332650e-02,-4.047237228051048241e-02,1.052566424962869153e-02,9.147573399805918395e-03,-1.168437008878134113e-02,8.021536048588037357e-03,3.138123396048029395e-02,1.969981149691730007e-02,4.003479436519830070e-02,3.622245281249438648e-02,9.703567594221810394e-03
9.992195901111600859e-03,1.004000193301170518e-01,2.383850281154630546e-01,1.000000000000000000e+00,2.771280760827858347e-01,1.595123921789571575e-01,1.064122148026587916e-01,7.766568955027934595e-02,1.193686688084144021e-01,4.607186192618642484e-02,8.150482364040659289e-02,8.706943458968822991e-02,7.494426557227353014e-02,6.625411975528769370e-02,4.894815059825145809e-02,2.607973940975834640e-02,2.337880903911511779e-02,1.260734627276820750e-02,3.387411837115411606e-02,-2.394513763363302974e-02,3.255698847906041832e-02,2.518359055169155578e-02,-1.544309293358219794e-02,3.107993218720324358e-02,4.159514003317676956e-02,-7.879578348967105142e-03,-2.968299824915142382e-02,-4.321407562435720939e-02,1.248453678348126344e-02,-1.980226824173587918e-02,-2.305654202718978793e-02,3.948751963555066809e-03,-3.073008502351295274e-02,-1.788159934339259710e-02,-4.565403829252304840e-02,-1.041004107740457242e-02,-1.936345774742464707e-02,2.283728221461717080e-03,-7.571285654281485408e-03,-4.700402456513123189e-02,-8.085299864014250826e-05,-9.453488387831358516e-03,-1.089952428197651403e-02,-3.293361399023080754e-02,1.628754405522351862e-03,1.720301008940221255e-02,-3.261974829034156725e-02,-3.081322401220938298e-02,-9.394963035742050911e-03,-5.235248642622859945e-03,-8.188134300363348467e-03,-2.519476814617070334e-02,-1.354103625226966805e-02,-2.632514196337015430e-02,-2.104861330579734131e-03,-3.439550524892893459e-03,-8.377460005984171260e-03,5.243966366447777583e-03,-4.469494154996873914e-03,1.399158453998410869e-03,2.052436995021169469e-02,-3.441148428652199276e-02,1.671081385739706451e-02,1.314248850140989182e-02,-8.740737595181222175e-03,7.405440981740279462e-03,3.899013543995437370e-02,3.203578351046766637e-02,3.215731138237309245e-02,3.315683390974515782e-02,1.864003726285409432e-02
6.853475934690597682e-02,1.607541121225269931e-01,-3.150546624304265998e-03,2.771280760827858347e-01,1.000000000000000000e+00,3.023643645116022016e-01,2.000822163482130767e-01,1.825678616611559058e-01,2.180305445336118142e-01,1.337462029574569000e-01,1.563609402067591969e-01,8.492492609516749669e-02,5.385278297708333967e-02,8.642169496201210221e-02,6.450324405400593986e-02,5.936065125480674554e-02,6.069919688952641473e-02,3.104456539466692033e-02,2.330930244844055949e-02,9.773302481326561278e-03,5.756726011619980182e-02,8.214426205458534233e-03,1.093763397824944195e-02,7.395147319639859551e-02,3.637837553619915898e-02,-8.249952047924870302e-03,-3.041835712464123140e-02,-4.095857008529903143e-02,1.520277977584909117e-02,-1.151059536568060579e-02,-2.178904945457462231e-02,-2.320082559679852510e-02,-4.450609110626140008e-02,-1.719034053744791443e-02,-3.942174731259790593e-02,-3.380183963069786912e-02,2.183936632827455839e-03,-1.604248875295749555e-02,-2.082430022557272761e-02,-5.638194996192843339e-02,-1.154256733221501298e-03,7.576233837067344185e-03,-1.193753492468999609e-02,-2.862272109788874946e-02,1.256428265734497660e-02,1.826814886857094922e-02,-3.477563575745207247e-02,-1.345005228073855620e-02,1.112101094823971653e-02,-2.469399752284585914e-02,-6.319922817138673952e-03,-3.273246532166928374e-02,3.216387807214975657e-03,-2.979668925658944881e-02,-2.871225678097285086e-02,1.069664371915218445e-02,7.291509774145021362e-03,2.709868226121944432e-02,1.422799221457407386e-02,-5.161005011210742163e-03,-2.301199271840501104e-02,-3.120283548867130649e-02,2.392224560533503033e-02,3.693697830033778468e-02,1.205834732958278172e-02,5.414395242049420236e-03,5.428923312955801633e-02,2.273733550886074956e-02,-5.431857781583220891e-03,3.015402682530042219e-02,7.982613467440592692e-03
9.909410905081375565e-02,1.607729271997257736e-01,1.297425007811754405e-01,1.595123921789571575e-01,3.023643645116022016e-01,1.000000000000000000e+00,3.273151656947878574e-01,1.633904805300726293e-01,1.975725997418821822e-01,1.096929914061956501e-01,1.212063849553840916e-01,5.693144568201011918e-02,4.180525965393569465e-02,6.098146023146523015e-02,2.900412576853740251e-02,2.155636885211024631e-02,2.242532106669178210e-02,2.230715505944304289e-02,3.361394644920607556e-03,-1.554206536088892279e-03,4.295252101176538773e-02,-2.192038606109743271e-02,1.461553075727463509e-04,6.274000199224701035e-02,2.332170361473788825e-02,-2.472282673263465763e-02,-5.009032055382247467e-02,-1.699448670538265468e-02,-2.896011646470755124e-02,-6.238631858758784954e-02,-4.205403118745247582e-02,-5.463125956696700952e-02,-4.937347287646573490e-02,-4.091394902754347945e-02,-5.657340601792528595e-02,-1.075827750804301576e-02,-1.346985440876030324e-02,-3.431191586723236764e-02,-5.954195705784719747e-04,-6.360360857831622028e-02,-4.939339226649317599e-02,-8.580326347469219295e-03,-4.724333908378856861e-02,-3.088137658910923913e-02,-2.012668679162914892e-02,3.460987780615227410e-02,-1.637466053719666484e-02,-3.478042759657272442e-02,1.561264428888823469e-02,-9.484803058943897056e-04,-9.658944167382842866e-03,-9.639983989632821409e-03,2.860920830759959912e-02,-2.170914686350941189e-02,-3.398667168169816621e-02,3.496210931674335887e-02,4.452626045978798353e-02,4.380458441871449421e-02,4.199508447409164291e-02,2.195319542036207328e-02,4.787091816914676792e-03,-2.384056903007426148e-02,3.197201199996671517e-02,3.356951863379337153e-02,4.574078494620583725e-03,3.370671816750287625e-02,3.960865546169968499e-02,3.465417832015159350e-02,-1.498461078765770532e-02,2.109942050500373742e-02,3.052220181012020236e-02
5.926325918799814352e-02,7.787034795116853925e-02,5.625582750633120743e-02,1.064122148026587916e-01,2.000822163482130767e-01,3.273151656947878574e-01,1.000000000000000000e+00,2.550127535350189545e-01,2.230291267236790831e-01,1.300883091144723058e-01,1.589113015731379031e-01,5.236427679796604173e-02,5.079076601615659103e-02,6.750260054021980927e-02,6.881491564036387731e-02,6.430249620827942214e-02,7.231285479495405677e-02,3.987540339615479323e-02,9.592929037302352219e-03,2.215003845994489157e-02,3.706187066321235679e-02,-3.527388721877334175e-03,-4.234468622866474456e-03,4.877641926348963430e-02,3.058206932266014158e-02,-3.917269785720877383e-03,-5.826436333763954090e-02,-1.681813029651860886e-02,3.431808623772150853e-03,-1.490582374647444856e-02,-7.933570739411938827e-03,-1.353481787672381441e-02,-2.016714395311225080e-02,-3.198321729038837435e-02,-2.699491828926490339e-02,2.256221882458533945e-02,-2.145103250951437002e-02,-2.988203525394250715e-02,1.694743368401983516e-02,-2.895017041307930764e-02,-3.005821040801956792e-02,-3.724603965956525126e-02,-3.716270313208462628e-02,-4.319519496736732439e-02,-2.068716683264928968e-02,3.125795810691969767e-02,-1.188239300145732882e-02,-1.971056820962518996e-02,3.126954906897550651e-02,-7.105763515198708531e-03,-5.673806016452139986e-03,1.351784472514125715e-02,2.078202968219014860e-02,-1.675473568792220508e-02,-2.392676242072585419e-02,8.905043697227879237e-03,2.190703595712137353e-02,2.814057211139390016e-02,3.573401622555948121e-02,2.354254592474139957e-02,-1.714943770740751106e-02,-4.004919872045542562e-02,1.298512833231713591e-02,4.218321753256519535e-02,-1.341938954638955545e-03,2.085128217901595360e-02,4.058845512585383675e-02,2.066157602930555892e-02,-1.647252405207104420e-02,1.219413623340897569e-02,1.328130922061517005e-02
2.136361014955624662e-03,2.623917072681055188e-02,4.520625886138671806e-02,7.766568955027934595e-02,1.825678616611559058e-01,1.633904805300726293e-01,2.550127535350189545e-01,1.000000000000000000e+00,3.162590731027641322e-01,3.616176070879768001e-01,1.927717914236227459e-01,1.459039824478637060e-01,4.119515980402939370e-02,4.412579292648038248e-02,8.298426235497205527e-04,8.058274213034505654e-03,2.744318123517447763e-02,6.189779454928250740e-02,2.778198908044136883e-02,-8.801026865188901413e-03,2.291175062150324626e-02,1.322885134935268894e-02,2.092140983666448961e-02,4.310509641120571778e-02,2.672708401138312179e-02,-6.882718090236772390e-03,-6.522249439422003747e-02,4.330210278413296025e-03,1.302533089253723672e-02,-1.049617560690933697e-02,-4.372078391411746839e-02,-2.692262529521028541e-02,-4.458657865410987908e-02,-1.602052659765008935e-02,1.828134771514752441e-02,3.028730642509881027e-02,1.114760486061534307e-02,-6.504939973161131053e-03,3.178662497872242892e-02,-2.638180162334374801e-02,-2.267561830337611398e-02,-3.716819746192833590e-02,-8.416373526161097240e-02,-7.295523724521565945e-02,-1.065156976169562763e-03,6.073516787474604606e-02,-3.723482149964153082e-02,-3.869713171242118721e-02,3.294833609686464992e-02,3.433938272420183901e-02,2.542915319809907135e-02,9.272721279299024275e-03,3.970744900994423870e-02,-5.295883686344051182e-04,-1.440060249585795038e-02,-1.100605340339078433e-02,3.459045993271573066e-04,-2.427453929285763173e-02,-2.105785958294820875e-02,2.710597180734758416e-02,-1.565703209128397819e-02,-5.979992903309557656e-02,1.018675780337207487e-02,9.858295470752776596e-03,-3.325137953809750163e-02,-2.486597387922265256e-02,-1.868862229360139385e-03,1.047707241475128066e-02,-8.009794121321996488e-03,2.119475973792564819e-02,-1.200465553315334909e-02
1.669000715689747741e-02,4.255907934969223316e-02,2.180822179094168284e-02,1.193686688084144021e-01,2.180305445336118142e-01,1.975725997418821822e-01,2.230291267236790831e-01,3.162590731027641322e-01,1.000000000000000000e+00,3.321209541720899772e-01,5.311926654529165459e-01,2.279657784296099665e-01,1.486658246945605499e-01,1.015807906430175461e-01,5.345559943702750394e-02,3.555379994627325124e-02,5.484359940678048412e-02,6.461835296735660150e-02,3.263910196505980660e-02,2.038782731397522155e-02,2.963797353209274635e-02,1.027175645721260105e-02,5.290489414291031645e-02,4.459155087529528827e-02,2.078641215840714915e-02,-6.241708398857218412e-03,-5.891538411111467421e-02,-4.652279083476965754e-02,1.625788418738152025e-02,-1.660126121263385450e-03,-2.241043807964551021e-02,5.429384302258181581e-04,-5.448401302761518572e-02,1.253752478221341338e-02,3.969011678536483664e-03,-3.002534142042237626e-03,1.817362091921746400e-02,2.364579187430298352e-02,4.776070084144440862e-03,-1.861401083446534779e-02,-7.478869038475386907e-03,-2.185830116938262610e-02,-1.864296702539897099e-02,-3.196200008270165538e-02,1.607029818154580292e-02,3.986292624508450816e-03,-7.556500687933469240e-02,-1.175981609189593637e-02,1.432301773845402575e-02,-2.149713751292431710e-02,1.301299497844551727e-02,-2.352785041838678821e-03,3.706525472939466159e-02,-1.718868152296048474e-02,-2.041281765831979428e-02,-3.051943324818745789e-03,1.236590126414494409e-02,1.659779017666763133e-03,8.933098348667289912e-03,1.641933898503542552e-03,3.131048891270452744e-02,3.962608138711294571e-04,4.074885776586179009e-02,4.164875555896200426e-02,-6.946180747709597945e-03,-1.435750880827247472e-02,5.549710048116811290e-02,-4.397314697683872738e-03,-1.666142312631333638e-02,6.258467629536942911e-02,9.793613616411928069e-03
1.014491255109829966e-02,9.528137717748004151e-03,1.106169211173249449e-02,4.607186192618642484e-02,1.337462029574569000e-01,1.096929914061956501e-01,1.300883091144723058e-01,3.616176070879768001e-01,3.321209541720899772e-01,1.000000000000000000e+00,3.008893619919911222e-01,1.163449712693254284e-01,6.573009021673649477e-02,1.200196531606794320e-01,4.351811386541544480e-02,7.881377474573361686e-02,7.190605343246728176e-02,1.098750321677809116e-01,2.841242947411949313e-02,3.785943105962891186e-02,6.877042671604306767e-02,1.508431435391523190e-02,6.250868126412097159e-02,8.700485265913615596e-02,5.266764959442347266e-02,1.123194552488418312e-02,-5.451978414796917853e-03,-3.093358690940466778e-03,7.196110683371667593e-02,1.878343533796722822e-02,-2.783610928858435210e-03,-2.058679221857266997e-02,-3.993013287981331955e-02,-1.142892714329885734e-02,-5.358022365598243131e-03,-1.248045012799754543e-02,1.592512153906262135e-02,1.818585153865423173e-02,1.023610840683472634e-02,-2.355951129448798087e-02,-3.941963032115760462e-02,-3.471344944017608347e-03,-3.680837198139393779e-02,-2.255189580357765122e-02,-4.175399044095167572e-02,1.591521429016551012e-02,-1.146891812005558509e-02,-3.743946467052178262e-02,-3.020856281976354307e-02,1.455749632793475017e-02,5.824023311217961518e-02,-5.597134390567110040e-03,2.432603182338439248e-03,1.378195124644503340e-02,3.465866001593995941e-03,-2.046010562423153031e-02,1.117786963218615759e-02,7.401785356763254491e-03,1.049772826686319951e-02,2.612465123395701916e-02,2.857707199002354134e-02,-1.066176804055415190e-03,1.027996841206294497e-02,9.183200715518393537e-03,-3.687386656207722324e-02,-3.795355544547680121e-02,4.419700114885699409e-03,4.477657782875761085e-03,6.052438625971462427e-03,1.309143731327690185e-02,1.774085157457738586e-03
-2.216454604246774861e-05,4.599173060570872079e-02,7.012014145990828375e-03,8.150482364040659289e-02,1.563609402067591969e-01,1.212063849553840916e-01,1.589113015731379031e-01,1.927717914236227459e-01,5.311926654529165459e-01,3.008893619919911222e-01,1.000000000000000000e+00,2.447382639457063858e-01,1.329096716344665974e-01,1.859431270482931331e-01,1.655704296683453702e-01,1.210962709850938318e-01,1.243040859835179840e-01,5.976999243525472905e-02,5.026167978011346349e-02,6.703414956967851390e-02,8.464318696926460828e-02,-3.510315164245401097e-03,1.660687843956258278e-02,6.653006829332376582e-02,3.996183694121450275e-02,1.063327292487342528e-02,-4.655148932663248640e-02,-3.123318227721700105e-02,4.991242378652397532e-02,2.354278903476046333e-02,1.497408387790141217e-02,6.636998363934667848e-03,-1.463217874223553608e-02,2.407332741875514714e-02,-3.457924437440642110e-03,-5.316025917794019867e-02,1.903359867844704387e-02,3.565937033095796516e-02,-9.210045034480343965e-03,-2.527563111962502669e-03,3.539789058128466059e-02,-5.766681843047930141e-03,-2.687982188356249219e-02,-1.745943927938583065e-02,9.540559614881137214e-04,-7.800439899563328498e-03,-6.618272506225893193e-02,-2.920008922762798789e-02,1.192232352696655229e-02,-1.327380664679230458e-02,-1.126470197730353173e-02,-1.170765027863721747e-02,1.985963259446088536e-02,-1.478205933283016985e-02,7.220245701749767155e-04,-4.195123767207595451e-03,-1.014711777296976349e-02,-1.036465532429005484e-03,4.983922907048456748e-04,-1.800897145344147396e-02,1.995585102130013194e-02,5.397666990115203983e-03,2.008312102571981062e-02,2.200158051325363032e-02,-4.116551908003097254e-02,-1.887657595208809894e-02,3.334080798967655607e-02,-6.497606262691823543e-03,-1.518888660074132688e-02,4.327787163992724562e-02,2.019876377981239673e-02
5.895036713541803967e-03,5.898341659392109144e-03,2.585708366951959200e-02,8.706943458968822991e-02,8.492492609516749669e-02,5.693144568201011918e-02,5.236427679796604173e-02,1.459039824478637060e-01,2.279657784296099665e-01,1.163449712693254284e-01,2.447382639457063858e-01,1.000000000000000000e+00,3.818595058329657954e-01,2.285262635646094775e-01,7.798834544706280403e-02,-1.342290196901658149e-02,9.645909591490640922e-02,2.061514904898156808e-02,3.301705520231140722e-02,5.708786542636294647e-02,3.530554753672268675e-02,6.058267968523311890e-03,3.676537790151670343e-02,5.673681740964393871e-02,1.813185215071545092e-02,8.075760082359955197e-03,3.086736745482411906e-02,3.151749666431059166e-02,5.651433553071654597e-02,1.776025678282663542e-02,3.009939130976755500e-02,4.825944528290211644e-02,1.334344929366530590e-02,4.350154564783577371e-02,-2.998540968564273549e-03,-1.391364031414329440e-02,-6.690253223265612767e-03,1.863280451052512846e-02,-5.135161511237749943e-02,-5.243352297177221455e-02,-2.800178849649496635e-02,-4.670367240147701993e-02,-3.366332874748808462e-02,-5.808290370322037599e-02,-9.574587271756905896e-03,2.516853806792727216e-02,-3.607897694933997340e-02,-4.060750715788649656e-02,1.811675804612842416e-02,3.178554784289252394e-02,1.430212498101058813e-02,-6.070019114255002443e-03,2.723316274137064716e-02,1.668852336745194065e-02,1.814679724504158001e-02,8.348947378102922895e-03,8.905748343183798876e-03,1.309099333341241312e-03,1.596752843306002353e-02,-2.528981166376813999e-02,3.083590696332971087e-02,3.609505614236666049e-02,5.338004062475466827e-02,5.349818737340431701e-02,-1.143804032724921038e-02,-1.606354597367395292e-03,5.943971903315042882e-02,2.651517729177678070e-02,-4.650266046685747057e-02,9.074531081600119287e-03,-1.311120398579736224e-02
1.796835108084963994e-02,-1.649922937328122518e-04,3.104400118593783273e-02,7.494426557227353014e-02,5.385278297708333967e-02,4.180525965393569465e-02,5.079076601615659103e-02,4.119515980402939370e-02,1.486658246945605499e-01,6.573009021673649477e-02,1.329096716344665974e-01,3.818595058329657954e-01,1.000000000000000000e+00,2.737158016280671347e-01,1.859368916306571584e-01,-5.410862475573583602e-02,1.428729423000173748e-01,6.660576548554419940e-02,3.487028063714343873e-02,1.214352751977908068e-01,7.763341200601865666e-02,-1.403026997878746400e-02,4.806391414092395925e-02,1.091565767563657807e-01,7.587511676217058298e-02,5.800000992419555856e-02,4.836025436251266407e-02,3.937215594785329481e-02,7.157818825876813285e-02,5.506690527934089696e-02,2.723713681529144753e-02,3.321639834090239080e-02,2.158333203005597528e-02,1.308607177024526287e-02,-2.746630511439340089e-02,-1.789317561140024325e-03,7.575732654030929714e-02,1.669398569092117590e-02,-2.340920293224903539e-02,-2.176506612069986288e-02,2.027555735355437896e-03,-4.183970301787243856e-02,-3.082565555112416755e-02,-6.165809961439820686e-02,2.677545030735593162e-02,7.316915656906589072e-02,-1.196371487077191147e-02,-4.915870271849272916e-02,4.940323665085417232e-02,3.839640424331431517e-02,4.261599171293022070e-02,1.691194688596867751e-02,4.583853323118555756e-02,2.229609649921631548e-02,5.339996545617451892e-03,1.069565143049329599e-02,4.218278104928325362e-03,-1.339903091504864377e-03,1.571180870264579990e-02,-2.305293532702393580e-02,1.251658061706519866e-02,1.471369960847552366e-02,3.801898676694891697e-03,1.256963099280150771e-02,-8.626760199213304170e-02,-3.468463054155952047e-02,1.816177616481591886e-02,2.927997406792946788e-02,-5.549869174948181272e-02,5.211882625096544985e-03,-1.667437384635058958e-02
2.332805898745487355e-02,2.525276531121744064e-02,5.049208829146450972e-02,6.625411975528769370e-02,8.642169496201210221e-02,6.098146023146523015e-02,6.750260054021980927e-02,4.412579292648038248e-02,1.015807906430175461e-01,1.200196531606794320e-01,1.859431270482931331e-01,2.285262635646094775e-01,2.737158016280671347e-01,1.000000000000000000e+00,4.931380164486371953e-01,3.427953263922239313e-01,4.600201041585925132e-01,1.601946369709104923e-01,1.812325352512468013e-01,2.481721760075721872e-01,1.338354338479973982e-01,-1.603935776307615843e-02,7.031808596283320445e-02,1.507631838083519638e-01,5.477532987582219015e-02,5.346768398976022713e-02,1.519950875388463851e-01,6.834601691420556790e-02,7.941790268197312930e-02,-3.321396763270356971e-03,7.575185870601335025e-02,2.374340295448401639e-02,6.020034147423689724e-02,6.780049805998224211e-02,-6.655170785261321775e-02,-4.764292176282922120e-02,4.206594295667624023e-02,1.816627292110387093e-02,-1.663172818860678484e-02,-4.925743455219725592e-02,-2.063998774386594307e-02,-5.416699728545296653e-03,1.292213547189126691e-02,-2.514592210676667647e-02,-7.251379582820730030e-02,-4.378280110105360612e-03,-1.751577588790824772e-02,-5.135792152103262759e-02,-4.006359484682327915e-02,-2.588893770783813955e-02,-2.680887632029177329e-04,-5.997079947254744386e-02,-3.588609044451611385e-02,-1.575877144571689176e-02,-4.502505886712790395e-02,-5.855851634950806628e-02,-5.024143483138832772e-02,-3.870494395188681103e-02,2.064443230223686476e-02,-1.593590955780604251e-02,-2.662058059642878616e-02,5.631747693348965189e-02,1.993163144531380146e-02,2.927172071664127864e-02,-8.836321749520764310e-03,-3.051144356545344369e-02,-1.459631207147002625e-02,2.814468296234820185e-03,-2.238326156683655838e-02,-2.462385045834734540e-02,-3.739532516887839053e-02
9.702089646721666349e-03,3.112413980140926045e-02,5.389380520066297531e-02,4.894815059825145809e-02,6.450324405400593986e-02,2.900412576853740251e-02,6.881491564036387731e-02,8.298426235497205527e-04,5.345559943702750394e-02,4.351811386541544480e-02,1.655704296683453702e-01,7.798834544706280403e-02,1.859368916306571584e-01,4.931380164486371953e-01,1.000000000000000000e+00,3.485115449553334854e-01,4.108467447152873153e-01,6.532325872373320741e-02,1.262230327263131058e-01,2.176503184934641122e-01,6.852537502548111670e-02,-8.890772094417080662e-02,1.632090108340073648e-02,1.219856555219936134e-01,7.763110439368420268e-04,1.273584404903731725e-02,5.312292945943108968e-02,7.479121686077700761e-03,2.005834639836947403e-02,4.114181237939745078e-02,2.735586345650193110e-02,2.789578387942732215e-03,2.588985987310971765e-02,4.215788060238681578e-02,-6.326186895147159484e-02,-3.791476296522078987e-02,5.772048937425623694e-02,4.625428547607743357e-02,-3.964937824954179596e-02,-3.458124429149475598e-02,3.723169166494512405e-02,7.236234201070468330e-02,5.906097002558823028e-02,2.532623977070026355e-03,-8.768984725172833741e-03,-1.513877006604806563e-02,-3.304017074094511581e-03,8.189116007872851433e-03,7.525320846218057488e-04,-2.470893915971049404e-02,1.091434247969997121e-02,-4.281574814350960073e-02,-7.058997558894391719e-03,-2.450765322039824643e-03,-4.681641447018529412e-02,-2.395267232590033574e-02,-4.235026544508675717e-02,-2.224677152204418765e-02,1.220047237064329770e-02,-3.295992747227987490e-02,-1.013315109271821675e-02,4.183932959548190833e-02,-2.035235704338977242e-02,-6.289948034769014124e-03,-6.718778212080077361e-02,-1.396038362706026291e-02,2.656952423490485660e-02,7.338339611410207332e-03,-1.752260489925522996e-02,1.491315743428822151e-02,1.708874814744029691e-02
8.628045018007131362e-03,2.997421489372493336e-02,2.502210718672658735e-02,2.607973940975834640e-02,5.936065125480674554e-02,2.155636885211024631e-02,6.430249620827942214e-02,8.058274213034505654e-03,3.555379994627325124e-02,7.881377474573361686e-02,1.210962709850938318e-01,-1.342290196901658149e-02,-5.410862475573583602e-02,3.427953263922239313e-01,3.485115449553334854e-01,1.000000000000000000e+00,2.280323167498890247e-01,5.324404384453610035e-03,1.561324260054887114e-01,1.832752308258717711e-01,3.443434415766645496e-02,1.662246139928878416e-03,6.817326148390862040e-02,3.327101057836474168e-02,-7.266998157035600659e-04,3.360860257019899350e-02,7.789575346806328071e-02,4.708670787920470058e-02,3.223175775920685687e-02,-3.420549401291565067e-02,8.542263716587475408e-02,1.181168761020336177e-03,-1.063790260383368517e-03,3.978797751948078693e-02,-6.100160963272708431e-02,-8.714529936112817843e-02,3.520991821657584037e-02,3.641953802468315265e-02,-1.028249050864664393e-02,-5.158060109274224120e-02,3.216772886109771357e-02,8.492400919493219014e-02,4.657117119462977906e-02,2.168038403881870566e-02,-4.163622312254851993e-02,-8.700356473633229226e-03,-2.610218432815188463e-02,-2.287299965379270203e-02,-5.122083432927195326e-03,-3.919568618934320126e-02,-6.451336506231353241e-02,-2.579852087368189953e-02,1.460357982220823921e-02,-6.575764756707844216e-02,-6.632905257402869903e-02,4.737725344739104373e-03,-1.461057217066218453e-02,-8.516883219760304838e-03,4.396507079202647411e-02,3.717263589507973504e-02,-5.184338286791335959e-02,-3.302148434610873567e-02,-6.284565605456862714e-02,-1.876603526488984652e-02,-5.760859866227473897e-02,-1.103086818180740343e-02,-1.479985704764604469e-02,4.306826216663516699e-02,2.543761587531113283e-02,8.022302128478413924e-03,-5.835376231204936030e-03
-6.376725113321115267e-03,1.070915235868909535e-02,7.217382476758584485e-03,2.337880903911511779e-02,6.069919688952641473e-02,2.242532106669178210e-02,7.231285479495405677e-02,2.744318123517447763e-02,5.484359940678048412e-02,7.190605343246728176e-02,1.243040859835179840e-01,9.645909591490640922e-02,1.428729423000173748e-01,4.600201041585925132e-01,4.108467447152873153e-01,2.280323167498890247e-01,1.000000000000000000e+00,2.432493734015146458e-01,1.596987308324817889e-01,3.829362676787968489e-01,2.033429878745102726e-01,1.014563929903178688e-02,1.200452642802727760e-01,1.883171213675183808e-01,4.374063715924639273e-02,1.407076775787509393e-01,2.152523861382807657e-01,8.217571933129330652e-02,9.641103052217893377e-02,1.025931669767171650e-01,1.042396548579376803e-01,8.045185045750270769e-02,9.681922242212685770e-02,1.165720843186568989e-01,3.850555935623627916e-03,1.364137258073995669e-02,6.278783408091648255e-02,5.523907073902557113e-02,4.870575990125472314e-03,3.959781310195118614e-03,1.626025012535976116e-02,2.070186046041413638e-03,6.473514513374284407e-02,-3.856543662098422393e-02,-5.866244480138036593e-02,-4.402340159924102159e-02,-2.690413760358846204e-02,-3.438995662455667651e-02,-7.093014178735569664e-02,-7.066114139983355191e-02,-1.175612750669181514e-02,-6.967505462570858232e-02,-6.255351840867216795e-02,-5.999972247346816584e-02,-9.365338064403512519e-02,-9.331345297433311925e-02,-6.917383131632996729e-02,-5.836175565728195236e-02,-1.152944034373225117e-02,-6.086730416954205108e-02,-4.381775958160864098e-02,3.187592103099811530e-02,-1.973492797332321649e-02,4.675964108018087866e-03,-1.078185493978163143e-02,-2.308276706290529959e-02,3.901737798120650386e-02,-2.175111292959476961e-03,-3.424769478605436263e-02,-4.725390098487299712e-02,-2.155793799803842545e-02
1.342810976523168241e-02,-1.538884238183438856e-02,-1.023018247994572118e-02,1.260734627276820750e-02,3.104456539466692033e-02,2.230715505944304289e-02,3.987540339615479323e-02,6.189779454928250740e-02,6.461835296735660150e-02,1.098750321677809116e-01,5.976999243525472905e-02,2.061514904898156808e-02,6.660576548554419940e-02,1.601946369709104923e-01,6.532325872373320741e-02,5.324404384453610035e-03,2.432493734015146458e-01,1.000000000000000000e+00,1.740388340304849513e-01,-4.378770676286625890e-02,1.858920612061426003e-01,2.838207645351469854e-01,-2.999856123131326713e-02,-3.185014747709188215e-02,1.731475593726977402e-01,2.209794607712637915e-01,1.116917939985222347e-01,2.317375293336419728e-02,9.934567236381745825e-02,5.859061827797297506e-02,5.716200980909407620e-02,9.475675595440297139e-03,9.215098163238349613e-03,8.847067678615150310e-02,-2.125736728850106255e-02,4.086067129782508175e-03,9.211647204980139003e-02,4.413956868805426342e-02,1.938756515646740744e-02,6.914746683354426604e-02,3.422277749116925220e-03,-6.858444433504783111e-02,4.991268746415985363e-02,-4.953925533767526007e-02,-2.731008130963772859e-02,-1.215242573041253223e-02,-7.996843315082850789e-02,-7.211071559081863591e-02,-9.799278124503402188e-03,-3.439145647123034721e-02,-1.893171940421898430e-02,-6.702248639793347007e-02,-2.441945569574363942e-02,1.671538306631347587e-02,-7.983659891651125051e-02,-9.209587073866751239e-02,4.274460998032550592e-03,-7.007453161309062928e-02,-6.714072540380618473e-03,-1.378537904277900381e-03,2.430671385165271078e-02,3.892075888071351575e-02,-6.743326112524513152e-03,-5.416239198532348323e-03,9.424330414581516980e-04,-4.023306338204376414e-02,-5.273531269182135661e-02,2.709647292187211329e-02,1.836048203916862062e-02,-5.411708568881894166e-02,-3.238816920172088443e-02
-3.999452233298760213e-03,1.743279225189266245e-03,8.496178705162482289e-03,3.387411837115411606e-02,2.330930244844055949e-02,3.361394644920607556e-03,9.592929037302352219e-03,2.778198908044136883e-02,3.263910196505980660e-02,2.841242947411949313e-02,5.026167978011346349e-02,3.301705520231140722e-02,3.487028063714343873e-02,1.812325352512468013e-01,1.262230327263131058e-01,1.561324260054887114e-01,1.596987308324817889e-01,1.740388340304849513e-01,1.000000000000000000e+00,1.228031049831354166e-01,-1.086467419812145452e-01,2.462133608523535411e-01,1.826915927718601451e-01,-1.912201027410708465e-01,-1.074816397983328342e-01,1.302810171776493942e-01,1.637485225145537959e-01,-4.930259360933353374e-02,-5.112601068317856878e-02,5.406832111277722758e-02,1.212906835612174300e-01,4.190078240702778400e-02,3.183849520884683704e-02,8.215387023385914422e-02,1.589483462003784750e-02,-7.344578150527886207e-02,9.112518630130081454e-02,1.116173570132011766e-01,3.202049184885197297e-02,1.020225820033777014e-01,1.096571684211654629e-01,-4.014072550148583413e-02,8.914606555915798036e-02,4.102547088390760821e-02,2.633148110017362667e-02,-3.816097070375346068e-02,-2.847409664145798130e-02,3.426127478831458156e-02,2.551109162973745972e-02,-3.275354542431312826e-02,2.334801918313251720e-02,-3.526629729024967352e-02,-1.650513116317093090e-02,-2.435913655086745927e-02,-3.467490273113845497e-03,-6.453513817979912581e-02,-9.688589326611315999e-02,-7.079355726866938536e-02,-3.628724860529153329e-02,1.304293024641703760e-04,-4.581952577963627898e-02,1.253755987421392715e-02,1.022629116946891011e-05,-9.930254921176005778e-02,-1.064386339883632432e-01,-1.317103914966071820e-01,-7.902499453107943161e-02,-6.982447524592022559e-02,-1.218527243319277552e-02,-8.350523763618396267e-02,-3.989531460225317905e-02
2.271666214109653928e-03,-1.872293232961005222e-02,1.840582490495951129e-02,-2.394513763363302974e-02,9.773302481326561278e-03,-1.554206536088892279e-03,2.215003845994489157e-02,-8.801026865188901413e-03,2.038782731397522155e-02,3.785943105962891186e-02,6.703414956967851390e-02,5.708786542636294647e-02,1.214352751977908068e-01,2.481721760075721872e-01,2.176503184934641122e-01,1.832752308258717711e-01,3.829362676787968489e-01,-4.378770676286625890e-02,1.228031049831354166e-01,1.000000000000000000e+00,1.968346698002101935e-01,-3.137833773258421471e-02,1.432166792055427906e-01,2.052006821874129139e-01,-2.110283114918751896e-02,9.395844305570788535e-02,1.890201604360643439e-01,1.709536429696645876e-01,7.249416930412740101e-02,4.020690649899546359e-02,1.325504035554160576e-01,7.368750541103681606e-02,7.764274381224267607e-02,5.140101273246239916e-02,-3.235406963498166366e-02,3.519619892025718094e-02,1.104862312397934671e-01,3.510889801256678738e-02,2.068566308478581375e-02,-6.084528292138962832e-03,6.211496687559974611e-02,4.478565379378171563e-02,5.715190578099499374e-02,-5.565866490438955982e-02,-7.069970164573827209e-02,-4.398493444648853001e-02,-3.455667723998821078e-02,-5.099584697407277128e-02,-9.279889754081170616e-02,-8.489469340804418895e-02,-1.765393375487128019e-02,-6.290310506343360641e-02,-5.720699484315179550e-02,-7.129216236617909319e-02,-8.885337740723879552e-02,-8.459107882118259425e-02,-7.037676835914208340e-02,-4.542068704414279484e-02,9.874240580683988147e-03,-6.050504460605502649e-02,-4.055367982262533116e-02,2.428279576725028699e-02,-1.246566425429004345e-02,-1.442266939068433292e-02,-6.560528756434781672e-02,-2.494162737745756614e-02,-2.310680804588104154e-02,-6.165058593271699298e-03,-2.624892887958385490e-02,-2.348600373253831655e-02,-1.504182867930036610e-02
4.031376199286962510e-03,2.245256782374990129e-02,2.426127263394954603e-02,3.255698847906041832e-02,5.756726011619980182e-02,4.295252101176538773e-02,3.706187066321235679e-02,2.291175062150324626e-02,2.963797353209274635e-02,6.877042671604306767e-02,8.464318696926460828e-02,3.530554753672268675e-02,7.763341200601865666e-02,1.338354338479973982e-01,6.852537502548111670e-02,3.443434415766645496e-02,2.033429878745102726e-01,1.858920612061426003e-01,-1.086467419812145452e-01,1.968346698002101935e-01,1.000000000000000000e+00,7.238279252423415744e-02,-2.610833039538291711e-01,4.593781644122399976e-01,5.445949153514630936e-01,1.908144931774960473e-01,-4.083573445253068507e-02,4.085436329016844254e-02,2.190281091379465694e-01,7.815831395686574645e-02,7.218778468939676674e-02,5.897333121004204315e-02,-7.971536017784488712e-03,5.207491524446577341e-02,-5.427583064125861972e-02,1.448716572620577583e-02,4.978188894471271414e-02,-2.568124960032229856e-02,-4.033510238796567116e-02,-1.924280180266421322e-02,1.987688288161355149e-02,-3.556913453392933355e-02,-2.241640416828445323e-02,-1.185429407914747185e-01,1.062897218262676483e-02,8.930560134324028176e-03,-1.188459333856794614e-01,-9.695431826714966117e-02,9.318357408342631829e-04,-5.475832816855107782e-02,-7.391816342363614900e-02,-6.267591142618200717e-02,-9.877322133442219959e-03,-5.210512551455476898e-02,-6.370967710909589132e-02,-5.289004916818355190e-02,-2.737490452130068169e-02,-2.375446536742557152e-02,-3.095999754775783513e-02,-3.805939483497082498e-02,1.589143784507632967e-02,-3.787242474997479236e-02,-3.732564826927532026e-02,5.179582842007878635e-02,-8.217484654100465358e-03,-3.328347354378513590e-02,5.827003490558709193e-04,5.564573651144976568e-02,2.437340667073198061e-02,5.791637340084398317e-02,2.184242341248948324e-02
4.506095697378339864e-03,-3.089800012697617795e-02,-3.177877882393173592e-02,2.518359055169155578e-02,8.214426205458534233e-03,-2.192038606109743271e-02,-3.527388721877334175e-03,1.322885134935268894e-02,1.027175645721260105e-02,1.508431435391523190e-02,-3.510315164245401097e-03,6.058267968523311890e-03,-1.403026997878746400e-02,-1.603935776307615843e-02,-8.890772094417080662e-02,1.662246139928878416e-03,1.014563929903178688e-02,2.838207645351469854e-01,2.462133608523535411e-01,-3.137833773258421471e-02,7.238279252423415744e-02,1.000000000000000000e+00,1.607829233795847121e-02,-4.229619355813062365e-01,2.363465606793562768e-01,4.049531063252970187e-01,1.350104561826920291e-01,5.437766790199088929e-02,1.221153599587568167e-01,5.976576486805654925e-02,5.922886497714261594e-02,-1.827479389363302967e-02,5.635349296494488597e-02,2.741239758036298144e-02,-1.567130245581146303e-02,-8.234440504306882180e-02,2.155771501655465161e-02,8.706300206237159445e-02,-2.433085441228964238e-02,8.366966850634845188e-02,2.055725959317782764e-02,-1.640460514123991964e-01,2.802426452600811912e-02,-2.593225797056219681e-02,-4.188488122679252801e-02,-2.962063730080627746e-02,-3.369935780451596696e-02,-6.679552752184875208e-02,-1.290937319487439443e-02,-1.774795358585228022e-02,-5.408812208166531577e-02,-1.382667553316923592e-01,-1.555876007645020341e-02,-2.755070466072566393e-02,-9.432063029484834271e-02,-9.910286336970962340e-02,-6.517388929123328623e-02,-5.575967444419579339e-02,3.381247062966756360e-03,-5.884279773330856889e-03,-4.964873052545155929e-02,-1.265354154730733739e-02,3.237662253964611325e-02,-1.287162826750665352e-02,-4.847934003157570483e-03,-1.794358384081804272e-02,-6.309276129134871146e-03,1.188919813501014035e-03,2.111244691634029530e-02,5.842520555509784358e-02,5.033262928878039916e-02
