1.000000000000000000e+00,4.468583590121186777e-01,4.968756919828735685e-01,3.068794790548787788e-01,2.181920625119931900e-01,3.048015203210869273e-01,2.649829722999922366e-01,1.628591905810263252e-01,2.438367555457684743e-01,2.304445110974138455e-01,1.430449090934693690e-01,1.699854679494002541e-01,1.469714390525346526e-01,1.077747665901603313e-01,1.335971722368482217e-01,-1.310502570900810154e-02,-2.945011961417001722e-02,1.066935385908745620e-01,9.107170629481851909e-02,5.759997860784425716e-02,2.220579887833346727e-02,7.569961565465588293e-02,2.754475615286397158e-02,-1.596925964121461219e-02,-6.075512265471775392e-02,-7.593308121158605720e-03,2.788724587317355924e-02,-4.733649301464375181e-02,3.220824063825430961e-02,-3.815361690865857981e-04,-2.476968908438935066e-02,4.582384232724139028e-02,2.560313412215021317e-02,3.830636387819136290e-02,2.885331099608089492e-02,5.764850472914596208e-02,4.004080024415690442e-02,3.140105508114966748e-02,4.406906566480358473e-02,4.871265652780733257e-02,5.744177262706513798e-02,3.187693489933467184e-02,4.144074936470797804e-02,4.449583482911700916e-02,4.039944929754905184e-02,5.852115781905002298e-03,4.322031308270211057e-03,4.578973328548022192e-02,6.511771514178336592e-03,1.403747115776793689e-02,1.105124400329009736e-02,-3.709451756746894968e-04,2.100345088827312509e-02,2.886583500815613143e-02,3.346420221733895778e-02,2.241439348290280228e-02,8.902789798814775973e-04,1.261652086651117097e-02,3.571194164442871577e-02,8.765661730979524419e-03,2.143128977834650103e-02,1.745579241836184639e-02,-2.813387254530788899e-03,-1.347553013242541731e-02,-1.629771739855270102e-02,-6.787699443534969505e-03
4.468583590121186777e-01,1.000000000000000000e+00,3.860463493737520402e-01,3.123007095252288146e-01,3.147540232613671440e-01,2.511584602521623744e-01,3.073873368478076684e-01,1.623901606989668345e-01,1.696527261310997181e-01,2.669936695483779432e-01,1.538603076296049532e-01,1.323138095065452824e-01,1.800948631743416462e-01,1.201927385434522905e-01,1.024254224801637719e-01,-4.705875266684492880e-02,-3.747454978170570300e-02,1.006094922211069748e-01,5.453663786595100427e-02,3.970045042899398441e-02,2.405090876954035436e-02,4.651763182102752053e-02,-8.498527639351204435e-03,-4.049300906158993796e-02,-4.990015792033142966e-02,-2.459905740011529215e-02,2.820453765685573821e-02,-4.100702067198103151e-02,5.545994347005808733e-02,4.213052834842629171e-03,-1.419087976319195754e-02,6.808623072916912544e-02,1.591637023838960927e-02,1.181999293372371085e-02,1.428897861971492947e-02,3.313921619728989187e-02,9.754021837894399569e-03,2.568490810249049808e-02,3.434459432512852045e-02,4.051509605338690645e-03,3.993672520401778808e-02,2.003006042438242387e-02,2.045781203705000079e-02,1.415499084586427023e-02,1.775132115968724653e-02,7.060544913344876487e-03,-4.016639238747124301e-03,2.050139444161170818e-02,1.624263417686612476e-02,5.189737978368957720e-03,1.522209348711775316e-02,7.067453217367137110e-04,8.934408468989730318e-03,9.455166577104719139e-03,1.975452717870086750e-02,8.452041260354873492e-03,-2.035590673434042874e-02,-5.536721325114511358e-03,2.281587055206947198e-02,1.113070720381300477e-03,1.592698860097253215e-03,-4.602109006940204548e-03,-7.589674525190759184e-03,1.205345921009396380e-03,-4.042048667901879111e-03,7.392757773369752587e-03
4.968756919828735685e-01,3.860463493737520402e-01,1.000000000000000000e+00,4.268068411128183026e-01,4.236533943809190350e-01,5.201663924961411611e-01,4.117121116194295549e-01,3.189043736574964649e-01,3.504252909268073535e-01,3.396710170408542284e-01,2.700233319320555769e-01,2.380290900087757844e-01,2.385521706703576106e-01,2.232154950543670524e-01,1.798891242174700256e-01,-6.449723658971660833e-02,7.791704518704828213e-03,2.083982094459337631e-01,1.281994662428614373e-01,5.891797336533203394e-02,4.554228432373223605e-03,9.545991192976632789e-02,2.216842106326866527e-02,-2.625230705661407357e-02,-6.947927255203564800e-02,-3.187755152285933619e-02,3.235116268395588079e-02,-7.986726852768658014e-02,4.647996827512224788e-02,-1.219851178467542228e-02,-5.130595816911581730e-02,6.712404777377826981e-02,-4.599666412911414780e-03,4.874312262062498874e-02,3.293576209012765571e-02,5.080814475965037685e-02,2.952389356256016756e-02,3.078784871074388696e-02,4.438974807713859383e-02,3.698981964697253821e-02,6.301668059997925231e-02,4.891277285288815613e-02,5.035719404435261976e-02,4.827166247789577147e-02,4.578901750444743651e-02,1.025851575479577726e-02,7.736897806746061840e-03,4.669880600679154892e-02,2.370535947346674027e-02,1.578543745699190898e-02,3.459900589900126444e-02,2.262659719238386061e-02,2.640054579154517411e-02,3.634908717857959770e-02,3.159843358068153973e-02,2.223693346180455072e-03,3.897393130229173663e-03,1.374613898853905766e-02,2.028343568566952707e-02,-8.292267311028756870e-04,1.212548394277448635e-02,-4.299433408842825988e-03,6.402480858684800671e-03,-9.965276710851105318e-04,-9.035134938594776774e-03,8.959758748814633522e-03
3.068794790548787788e-01,3.123007095252288146e-01,4.268068411128183026e-01,1.000000000000000000e+00,4.064196689781088834e-01,4.699473434903504443e-01,6.207223539746974383e-01,1.898176256863171874e-01,3.800091061069214571e-01,5.487771649311842248e-01,2.725613110240376336e-01,3.106637081367688569e-01,3.574902146403075576e-01,2.198354881735934407e-01,2.586419928704202231e-01,-9.017066271684354151e-02,-6.453436454682247303e-02,2.111135573784478914e-01,9.511778479217583571e-02,2.752071668529907159e-02,-1.172553994285548476e-02,8.065562002875217851e-02,-1.058915448942861041e-02,-5.418780792263996893e-02,-8.535559781965459947e-02,-2.741240960862549939e-02,8.326487173177243850e-03,-9.289238736251460848e-02,2.032216031378313373e-02,-9.597306641980099615e-04,-6.706343132406608620e-02,5.569324140048274863e-02,2.067024092010915498e-02,6.934843184289632423e-02,2.740658545088756753e-02,3.647284305145186839e-02,4.547958953190535392e-02,2.349557204228177112e-02,3.620817039891308098e-02,1.570439831268465036e-02,4.700900268181002623e-02,4.086676838438987186e-02,1.537611110564901171e-02,2.441361335257173637e-02,4.244892286134245574e-02,2.088614790855868736e-02,-1.169430430041375549e-02,3.318337339961319882e-02,-1.898459758510749606e-02,-5.655311161536266673e-03,4.585438662700245215e-03,-2.957719794137516484e-02,8.536982542773678684e-03,2.702306299844118090e-02,1.831845040567551403e-02,1.026207008437820221e-02,4.603701028041816239e-03,-4.980874065533964258e-03,1.285402324061835945e-02,-4.004732682120740097e-04,7.206888979863219913e-03,2.530238718579475368e-02,1.115688775703140186e-02,-7.063669648596949003e-04,-1.866686166270475900e-03,1.391767189046573712e-02
2.181920625119931900e-01,3.147540232613671440e-01,4.236533943809190350e-01,4.064196689781088834e-01,1.000000000000000000e+00,4.351528573156154822e-01,5.883361528023995923e-01,4.486495176740515345e-01,1.715171372210381184e-01,4.852734304930573228e-01,3.527731129265733179e-01,1.809206702776363362e-01,3.583284595540236483e-01,2.901452364136988815e-01,1.336968093052942619e-01,-1.804658739414813640e-01,-1.734850028673864952e-02,2.172418862967055997e-01,6.508002582142688452e-02,5.415400407821610584e-02,3.416561669439356630e-02,3.261006772564496031e-02,-1.486938306533436109e-02,-2.143031892593443358e-02,-4.543487008774595853e-02,-4.319451474504354405e-02,7.027019459219380204e-03,-7.584009379629534642e-02,3.592677559732652265e-02,-9.186300755074117488e-03,-4.151752764276994689e-02,6.390196582766891065e-02,-8.508144337700996110e-03,4.797984284770601127e-02,-9.582558610251723638e-04,3.786980304585588208e-02,5.705509805686962560e-03,2.844995886481749281e-02,3.503438930035135401e-02,-6.128882439446170852e-03,2.007891908799037256e-02,2.976426044708518903e-02,4.707604116262410938e-03,2.952320376435151050e-02,2.818614880662473690e-02,-6.224606461952444762e-03,2.487246157394859547e-03,1.845932269311032284e-02,7.516205579201345501e-03,2.560819001531354847e-02,3.193903427771597331e-02,2.005049189075273301e-03,3.519391859692381358e-02,3.782543067362058309e-02,4.095637415160677253e-02,3.348699163875264173e-03,-2.084092442672594650e-02,6.112316864892589421e-03,9.571464535713966148e-05,1.092562123659421118e-02,7.203780711272778428e-03,6.388268851698315071e-03,5.306162405680586681e-04,-5.890985048482384398e-03,-2.295163091309501430e-03,7.293687956455237147e-03
3.048015203210869273e-01,2.511584602521623744e-01,5.201663924961411611e-01,4.699473434903504443e-01,4.351528573156154822e-01,1.000000000000000000e+00,4.786796586853662716e-01,4.743972558626433633e-01,5.461002188869565899e-01,3.658163725019931700e-01,3.715619109932723485e-01,2.917462684204293888e-01,2.434217522994844007e-01,3.107973275042428818e-01,1.846921119363534591e-01,-9.440190237090616276e-02,5.461338543796923073e-02,2.625934139292921965e-01,1.635324201840124003e-01,8.233655558997957091e-02,1.366059218593656394e-02,1.117748592778150946e-01,3.845677203934194655e-02,-4.952319773563551054e-03,-8.972400631692897810e-02,-4.989534304844957940e-02,1.673059069145725955e-02,-1.155321018848314008e-01,2.651558996002616880e-02,-2.873313876813704884e-02,-8.632597831396957022e-02,6.410583392331450914e-02,-1.911011630646717446e-02,7.784465436411962258e-02,4.768301553195707088e-02,9.080170249740619759e-02,4.884460859460308668e-02,5.208706928526867647e-02,6.994654940612932137e-02,5.835434774839977357e-02,8.289851437439349491e-02,7.018118405304089868e-02,8.168076827800242745e-02,6.498070824172036408e-02,6.860316237979625920e-02,1.974533115654145826e-02,2.667519002976440415e-02,6.201424331648931060e-02,8.943691297205009008e-03,3.087461727113540583e-02,3.127784168811214432e-02,1.406265793376510267e-02,3.604133393743440272e-02,2.760580286871681596e-02,4.657040262586865237e-02,1.062314065501801172e-02,1.251760756519965621e-02,1.404596495666402510e-02,1.078945537863027632e-02,-2.737275358088808014e-04,1.104366668119573409e-02,-1.894055694131338737e-03,5.765002897908678807e-03,-8.701063362998579312e-03,-2.054876228121713978e-03,1.212019177497029518e-02
2.649829722999922366e-01,3.073873368478076684e-01,4.117121116194295549e-01,6.207223539746974383e-01,5.883361528023995923e-01,4.786796586853662716e-01,1.000000000000000000e+00,4.513336223542184222e-01,4.051119178082045469e-01,7.667743197573102520e-01,4.463832840455185247e-01,3.456307955969758483e-01,5.257848245846540314e-01,3.597799096389756590e-01,2.797884743160272691e-01,-2.076458743294016807e-01,-6.641399234189171441e-02,2.994277275523982706e-01,1.146200332616182510e-01,5.404352606545960447e-02,1.014991199096466120e-03,8.199344018904891618e-02,-2.145708765843288082e-02,-6.427337799726698386e-02,-8.784063366164814035e-02,-5.943954086159369821e-02,2.212191822954394371e-02,-9.523841011383182842e-02,5.497039609864300819e-02,2.748289769927154264e-03,-5.226861199360872956e-02,1.087187154584079302e-01,1.040899116086163242e-02,6.550118277092321917e-02,2.290717302343850056e-02,4.570729711663890776e-02,4.350245973239966202e-02,2.911038703768107153e-02,4.478135334175947779e-02,2.560609195614819977e-02,4.353348463103863530e-02,3.757527121391621150e-02,2.400169942154343691e-02,4.814504833509277576e-02,5.176283440013529358e-02,1.102783459176421774e-02,1.294975588070807621e-02,4.152878656483097869e-02,-1.910145789993651037e-03,1.444693937493047448e-02,1.692031166537680265e-02,-6.068404257762134886e-03,2.754265618977867758e-02,4.169840383019749602e-02,5.046078307990385647e-02,1.062440146350935623e-02,-2.271638866502227391e-02,-7.798765721758270375e-03,-3.683189223441528208e-03,-2.168241091136903964e-04,-3.620932710270522727e-04,5.506928173307602987e-03,-1.904177541311025687e-03,-1.707838470152139854e-02,-6.324441015325407700e-03,1.222178180139880596e-02
1.628591905810263252e-01,1.623901606989668345e-01,3.189043736574964649e-01,1.898176256863171874e-01,4.486495176740515345e-01,4.743972558626433633e-01,4.513336223542184222e-01,1.000000000000000000e+00,4.106909210405522148e-01,3.068210801552541667e-01,4.987866733138855979e-01,1.863429328714910627e-01,2.407852337032070633e-01,4.123152062417528296e-01,5.748968539453135768e-02,-1.933737681131171005e-01,1.438327376373710054e-01,2.769990942225243891e-01,1.224006500719628937e-01,9.045169516146267519e-02,3.265294617453583237e-02,5.870069885018550787e-02,2.369143454581588634e-02,2.089796334696690169e-03,-3.826869417543223018e-02,-6.275817892176234480e-02,2.227054080140575612e-02,-6.198264627089606488e-02,5.695401244050499190e-02,-1.661641820466115346e-02,-2.789578294185097312e-02,9.124404706812193344e-02,-3.424064525480306070e-02,4.167085502504006000e-02,1.778667975684985331e-02,5.260313278850525798e-02,1.590280783411276988e-02,3.847308244864085930e-02,4.345155659644835133e-02,2.675995375343523733e-02,5.145840647604145446e-02,4.248385403045226716e-02,4.379721785723323518e-02,5.148926477334114099e-02,5.034329832713586861e-02,7.773918121838028703e-03,2.921025023427862785e-02,4.666668163683009019e-02,3.149717819394303592e-02,4.480204509313646943e-02,4.665705471297196261e-02,4.225524303200544479e-02,3.520554425530263154e-02,1.786356434781714853e-02,4.271270952540813515e-02,-6.218241382146162156e-03,-4.836143368273636625e-03,1.128163295747955895e-02,7.461861496288677877e-03,-6.270870168400034805e-03,-5.764521857556001785e-03,-1.159985272083659952e-02,-1.075673416682817150e-02,-1.487276666803683152e-02,-4.694711073761232215e-03,5.825706749956941974e-03
2.438367555457684743e-01,1.696527261310997181e-01,3.504252909268073535e-01,3.800091061069214571e-01,1.715171372210381184e-01,5.461002188869565899e-01,4.051119178082045469e-01,4.106909210405522148e-01,1.000000000000000000e+00,4.009298784951557115e-01,3.825240986740551241e-01,3.922025830487863018e-01,2.204308149100371872e-01,3.138179102151477662e-01,2.325539734116814361e-01,-3.540390548301090845e-02,7.850652315593772967e-02,2.800091763569215741e-01,1.999958479790785448e-01,9.970027726303537507e-02,1.399618189769154947e-02,1.730966804330020259e-01,8.140106688088900866e-02,7.029830799200401104e-04,-1.250493847057613239e-01,-4.615921531674535561e-02,3.342214763098001057e-02,-1.124089418380245231e-01,3.054144756651194087e-02,-3.081659583628369725e-02,-9.246383488187147337e-02,8.814468599474027666e-02,-3.148775772254824162e-02,7.216798169768375015e-02,6.793202385829780199e-02,8.006837103175633297e-02,6.299014217220728906e-02,5.448801234813220595e-02,6.591657421812197049e-02,6.468540769593404682e-02,8.348941182201245759e-02,6.097718121316106354e-02,8.333222657843761261e-02,7.020503746532799627e-02,8.252648437923149061e-02,2.656221075686241231e-02,2.283581031856410370e-02,7.719570282791876625e-02,1.645980268006314723e-02,2.507128355204231440e-02,2.718223347035970267e-02,3.043229378614978678e-02,2.640031396422692564e-02,2.002191846298561478e-02,3.490147804118885755e-02,1.743954232234127058e-02,1.957544128414559492e-02,3.038950551795645619e-02,8.191012641919268727e-03,7.674953710693222138e-03,9.332333167530732290e-03,-5.917792447342793728e-03,-2.595623610533630624e-03,-3.021736104551004179e-02,-1.069684174852762390e-02,5.391233087404624820e-03
2.304445110974138455e-01,2.669936695483779432e-01,3.396710170408542284e-01,5.487771649311842248e-01,4.852734304930573228e-01,3.658163725019931700e-01,7.667743197573102520e-01,3.068210801552541667e-01,4.009298784951557115e-01,1.000000000000000000e+00,4.531342658985786920e-01,4.509997174308432721e-01,5.837704543377646438e-01,3.735482576735512650e-01,3.695122022669833917e-01,-1.942192524284539201e-01,-1.042379732059005581e-01,3.350267669863708497e-01,1.578515277208034362e-01,7.962738484187183163e-02,-1.831229795762568877e-02,1.134707449195885426e-01,-1.635173150806281880e-02,-8.336344512689360109e-02,-1.217026532941596628e-01,-6.162647727406095344e-02,3.755166244062858871e-02,-9.692277372393440227e-02,5.656601078244169467e-02,1.203548219164019516e-02,-6.414444122716547736e-02,1.107104903159995823e-01,2.322526254267301069e-02,8.362505864358506236e-02,4.338130082035892426e-02,5.837070637071899160e-02,6.207968420536094656e-02,4.537401485400222034e-02,6.735351677881097621e-02,3.599456130180248709e-02,5.436523631094548198e-02,4.572318268010228115e-02,3.114236795399202146e-02,6.234979807859378220e-02,6.607716151002064608e-02,1.574352535910340800e-02,2.202923939605619733e-02,5.144965125911475645e-02,-3.626711093084280645e-03,1.726282352268023249e-02,1.875894231716032645e-02,-7.222259421577333777e-03,3.057488699630932227e-02,4.900396250736133164e-02,5.257731544661790185e-02,1.959103034900515697e-02,-1.696851221054548192e-02,7.292879374409927049e-03,-8.252265592548005402e-03,1.163876949378039004e-02,9.184143575007816182e-03,1.253077738522732736e-02,2.931936935788664444e-03,-1.616753020677754588e-02,-5.431266506189406928e-03,1.164291491630716109e-02
1.430449090934693690e-01,1.538603076296049532e-01,2.700233319320555769e-01,2.725613110240376336e-01,3.527731129265733179e-01,3.715619109932723485e-01,4.463832840455185247e-01,4.987866733138855979e-01,3.825240986740551241e-01,4.531342658985786920e-01,1.000000000000000000e+00,4.161683846063201631e-01,4.295139420258338725e-01,7.316781148729507578e-01,1.768292954560868047e-01,-2.743741592882530944e-01,2.053185916517952514e-01,4.650244244820821438e-01,2.260936281184023899e-01,1.320496990357999667e-01,-6.732988785382775171e-04,1.302375206204495484e-01,1.290225165340511126e-02,-7.078813140414191851e-02,-1.402345243355260507e-01,-9.950948079794086354e-02,3.152567349631663768e-02,-1.190780332718869711e-01,7.116304121067530686e-02,-5.185074304303088390e-03,-7.286306549489739159e-02,1.389395927047689383e-01,-1.722699966753334436e-02,1.067431126870435204e-01,9.409555681025839891e-02,1.275801177106780093e-01,8.976740975822883328e-02,1.098499788847173281e-01,1.175404217928102818e-01,6.351064021911957680e-02,1.137374484894661669e-01,8.804239923777153198e-02,8.462804492391252931e-02,1.061801660348771631e-01,1.012169297835609078e-01,3.652406466035006821e-02,4.830244449384748368e-02,9.391460989432340312e-02,2.306626484473927804e-02,4.479252654771789105e-02,4.029027546376351410e-02,3.568985452315556056e-02,3.489221328580580789e-02,8.007052092295772333e-03,2.370918739363656394e-02,-1.784274524831265443e-03,-3.443984032499047832e-02,-1.131590332720662463e-03,-8.238761901475698604e-03,-1.874339718058076754e-02,-1.750864984762630014e-02,-1.902493179389471573e-02,-1.685644178924135955e-02,-2.665951737196617724e-02,-1.990769690735868028e-02,-2.089618381546835043e-03
1.699854679494002541e-01,1.323138095065452824e-01,2.380290900087757844e-01,3.106637081367688569e-01,1.809206702776363362e-01,2.917462684204293888e-01,3.456307955969758483e-01,1.863429328714910627e-01,3.922025830487863018e-01,4.509997174308432721e-01,4.161683846063201631e-01,1.000000000000000000e+00,4.516436997980453616e-01,3.421883374645381393e-01,6.527977312577170066e-01,3.485416429206103506e-02,-1.034655085350603132e-01,4.363105721621419186e-01,3.594016500314594076e-01,1.877419063342166683e-01,-4.098938843644220342e-02,3.038682751318189657e-01,9.213558017347080187e-02,-9.442404336914737850e-02,-2.335103451115511375e-01,-3.323335956848574857e-02,1.389836970028786312e-01,-7.705835700825304502e-02,8.375545931816305578e-02,5.384176525274417258e-02,-5.844583105685914604e-02,1.380621227169947784e-01,5.530414201621574460e-02,1.100882723072759417e-01,1.130301563250792202e-01,1.182910947806168067e-01,1.037903689498548276e-01,1.107145154804398124e-01,1.345667342148231249e-01,9.374252427430558587e-02,1.292190181450864339e-01,1.001335282273405347e-01,8.346642489312113000e-02,9.730179963983699720e-02,1.161680996165590368e-01,7.059401817642486920e-02,5.916924688693078749e-02,1.066247758520956351e-01,1.229425370866539871e-02,4.571309525220172698e-02,4.154777652468440163e-02,2.465209124169641386e-02,5.603041735571095971e-02,5.742393400058871944e-02,4.638007069141903554e-02,3.546324087188317681e-02,1.092607583207797287e-02,1.854551266222327979e-02,1.907199455045658146e-02,6.176113416524288587e-03,-7.810690451655289898e-04,-6.770778803797541413e-03,-4.050346105075412588e-03,-3.003814630497486302e-02,-3.134186908589199627e-02,-4.171139807739047446e-03
1.469714390525346526e-01,1.800948631743416462e-01,2.385521706703576106e-01,3.574902146403075576e-01,3.583284595540236483e-01,2.434217522994844007e-01,5.257848245846540314e-01,2.407852337032070633e-01,2.204308149100371872e-01,5.837704543377646438e-01,4.295139420258338725e-01,4.516436997980453616e-01,1.000000000000000000e+00,4.014437655204364797e-01,5.120534549229112109e-01,-3.719883220773768651e-01,-2.533852190475400779e-01,3.984314279113143065e-01,1.440003604485051436e-01,7.870536068596369061e-02,-6.016434955311517757e-02,1.004569530940372657e-01,-7.710082526725277330e-02,-1.545895349024163368e-01,-1.316276931758203761e-01,-3.803195161097562560e-02,1.080009051203873749e-01,-2.780866534559096534e-02,9.880312911216532212e-02,1.101382014036925983e-01,9.400847207210696888e-03,1.358814273030709563e-01,1.031091297321777012e-01,9.466988701366188530e-02,7.377731707172394127e-02,1.056205706020429264e-01,8.143252416370604096e-02,8.558436189126834848e-02,1.135828629826763636e-01,6.635888155599184435e-02,7.007072711292991474e-02,6.662975952873759211e-02,4.798106403021928923e-02,7.008881189939204781e-02,8.722322055343262326e-02,4.072105943199499228e-02,4.920528582907340159e-02,6.956816279038791073e-02,1.384790931574286614e-02,2.813654438617200701e-02,4.073540290207763870e-02,1.818251552630538448e-02,4.146196793995692020e-02,6.656534838976277402e-02,6.027343906386532085e-02,2.708469336932559784e-02,-2.082604577843034932e-02,9.019604724350724009e-03,-1.058472418278825176e-03,8.246786687279820602e-03,1.574880272058802252e-02,1.951805684339079361e-02,1.549685134266732232e-02,-8.309655187213797409e-03,-1.578620761089041466e-02,1.515491324977271759e-03
1.077747665901603313e-01,1.201927385434522905e-01,2.232154950543670524e-01,2.198354881735934407e-01,2.901452364136988815e-01,3.107973275042428818e-01,3.597799096389756590e-01,4.123152062417528296e-01,3.138179102151477662e-01,3.735482576735512650e-01,7.316781148729507578e-01,3.421883374645381393e-01,4.014437655204364797e-01,1.000000000000000000e+00,1.096601430553046513e-01,-3.326904239314418255e-01,3.143191177298868544e-01,5.350172269287255533e-01,2.298929714641659017e-01,1.407372663274748525e-01,-8.223590848238584647e-03,1.247929504633396858e-01,-1.397466910502325431e-02,-9.881829867233583864e-02,-1.479506964630369348e-01,-1.310367623581180641e-01,2.918870829573726525e-02,-1.003546491774570393e-01,8.818406429091529830e-02,5.188271089071440703e-04,-5.670798875126271260e-02,1.423948430272435894e-01,-1.151379366635993211e-02,1.155373038885856712e-01,1.111805293425890268e-01,1.354810342163562387e-01,8.489614549456364623e-02,1.326002562187834632e-01,1.149820546271877325e-01,6.356952752102390525e-02,1.106285463732886443e-01,9.179775010661629653e-02,7.818829603692151187e-02,1.051888641511838224e-01,9.634669225370752488e-02,3.354087912117631465e-02,5.531742544630509351e-02,8.854582569118360502e-02,1.593694923156633442e-02,5.018885350787610083e-02,4.644253722283890606e-02,4.318320540707908800e-02,3.624783956150195302e-02,2.009898467027903743e-02,2.367876156279809241e-02,-4.754338249079141307e-03,-4.812364582417909958e-02,-5.130744228618222894e-03,-9.046351490534751058e-03,-2.534863938976093106e-02,-1.509853531878165706e-02,-1.496770871918102520e-02,-1.848278865831627649e-02,-1.959114399760994787e-02,-1.899120288820592417e-02,-2.145387879798703670e-02
1.335971722368482217e-01,1.024254224801637719e-01,1.798891242174700256e-01,2.586419928704202231e-01,1.336968093052942619e-01,1.846921119363534591e-01,2.797884743160272691e-01,5.748968539453135768e-02,2.325539734116814361e-01,3.695122022669833917e-01,1.768292954560868047e-01,6.527977312577170066e-01,5.120534549229112109e-01,1.096601430553046513e-01,1.000000000000000000e+00,5.258064444476471394e-02,-4.418745481460022995e-01,3.736363646117240034e-01,3.272821070370529606e-01,1.773912948814180823e-01,-5.781842847032572785e-02,3.176365437053628171e-01,9.046552457176064432e-02,-1.208326337009966167e-01,-2.426774399321866560e-01,2.709328061892341336e-02,1.733347385761319914e-01,-3.961149382912912409e-02,7.162160622967179979e-02,9.115207263656022185e-02,-3.121260690677167549e-02,1.036341695832796728e-01,9.575148877711348039e-02,8.427973442679938254e-02,1.011496542639450380e-01,8.727179021634397238e-02,9.928243451392675112e-02,9.322569829357071902e-02,1.063896052439681356e-01,9.164508628945403079e-02,8.144073392859622895e-02,5.318329042439245979e-02,3.450350706879247442e-02,5.178960696661548402e-02,8.268865367664565702e-02,5.658773886812354381e-02,2.937089819740434579e-02,7.629890428552592307e-02,1.085459685565912623e-02,3.785334227598426832e-02,4.519766537827867720e-02,2.285889908094084280e-02,6.051015965131771590e-02,9.132539535190933866e-02,6.970059918351342865e-02,4.281705869689290955e-02,4.202708531177108686e-02,3.738635462827479689e-02,3.914086600750908695e-02,3.060936505045868186e-02,2.196268754179855898e-02,1.991060283625993924e-02,1.552131059022104735e-02,-1.315247240055695231e-02,-2.068371415086617954e-02,2.004598182796775343e-03
-1.310502570900810154e-02,-4.705875266684492880e-02,-6.449723658971660833e-02,-9.017066271684354151e-02,-1.804658739414813640e-01,-9.440190237090616276e-02,-2.076458743294016807e-01,-1.933737681131171005e-01,-3.540390548301090845e-02,-1.942192524284539201e-01,-2.743741592882530944e-01,3.485416429206103506e-02,-3.719883220773768651e-01,-3.326904239314418255e-01,5.258064444476471394e-02,1.000000000000000000e+00,4.698203090305338309e-02,-3.522544530885249325e-01,1.448378401848957608e-01,9.740039993452612177e-02,4.035690317086027684e-02,1.720404271749955138e-01,2.039428408403255177e-01,1.099436358823912829e-01,-5.000400108897459089e-02,3.916346490291788829e-02,-3.845733056191731614e-02,-1.045208308443898275e-02,-4.590412097766692623e-02,-9.264596245611149417e-02,-2.113778218652119165e-02,-3.583595691583080917e-02,-7.486531054495211557e-02,-4.390449443106011346e-02,9.439763622626879194e-03,-4.944751748147637599e-02,-7.011780309187519780e-03,-1.485755232807795673e-02,-1.645414400092537130e-02,-1.601284960750940954e-03,1.547436374695711865e-03,-1.594596337212830783e-02,-1.233913674942074649e-02,-4.051429796433677483e-02,-2.752155021475097274e-02,-7.727982728645365826e-03,-4.458690896871488063e-02,-2.226312491150837791e-02,-2.590618888426569899e-02,-3.863897764576439131e-02,-3.910602735993191741e-03,-3.392795306874984290e-02,-2.422700356764566007e-02,-1.323663617196879465e-02,-4.063071898015958860e-02,-2.067286106164945014e-02,8.368666925808829204e-03,-1.734456094840455126e-02,2.156414251649848429e-02,-1.841494795236264109e-02,-4.020381929205447957e-02,-2.467746356216500569e-02,-2.815223226528417236e-02,-2.477539838606967332e-02,-1.111870097767563188e-02,-3.273424071828201498e-02
-2.945011961417001722e-02,-3.747454978170570300e-02,7.791704518704828213e-03,-6.453436454682247303e-02,-1.734850028673864952e-02,5.461338543796923073e-02,-6.641399234189171441e-02,1.438327376373710054e-01,7.850652315593772967e-02,-1.042379732059005581e-01,2.053185916517952514e-01,-1.034655085350603132e-01,-2.533852190475400779e-01,3.143191177298868544e-01,-4.418745481460022995e-01,4.698203090305338309e-02,1.000000000000000000e+00,1.618660389548179923e-01,1.630810551906956840e-01,9.435007790584185039e-02,5.713469045803574314e-02,2.962457752684070911e-02,-5.329505178207731564e-03,-1.456105459778389045e-02,-1.247212859514404242e-02,-1.500039384358988481e-01,-4.586630217211271759e-02,6.006253485594193788e-03,5.932412523007333377e-02,-4.866528453645878327e-02,1.610819058081551514e-02,6.557841764861443989e-02,-6.293978314850319500e-02,2.453403541798987453e-02,3.356323445926456817e-02,7.980090065260335430e-02,1.402184826641347283e-02,5.914174889095723947e-02,3.285915126769399508e-02,-1.345907285123352712e-02,6.097027599716509788e-02,4.969444696625181096e-02,6.971801028666760325e-02,5.582557289225803521e-02,6.165835697842345087e-02,3.265219111030318727e-02,4.700020006283858048e-02,6.770822069671668386e-02,2.261911864848376724e-02,3.076863409483475420e-02,2.339305141143960265e-02,3.011599720551143278e-02,6.426074416412553246e-03,-2.613197269371033901e-02,-1.825058355331736146e-02,7.152219992015579515e-03,-9.441092285763870787e-03,5.303198939940173724e-03,-3.023378299081905685e-03,-3.641481419648169571e-02,-4.859604140618081075e-02,-6.011657812611983370e-02,-4.098202456418833378e-02,-3.770233916761805276e-02,-2.596701032393651867e-02,-2.393521454156267991e-02
1.066935385908745620e-01,1.006094922211069748e-01,2.083982094459337631e-01,2.111135573784478914e-01,2.172418862967055997e-01,2.625934139292921965e-01,2.994277275523982706e-01,2.769990942225243891e-01,2.800091763569215741e-01,3.350267669863708497e-01,4.650244244820821438e-01,4.363105721621419186e-01,3.984314279113143065e-01,5.350172269287255533e-01,3.736363646117240034e-01,-3.522544530885249325e-01,1.618660389548179923e-01,1.000000000000000000e+00,3.674824785433230545e-01,1.484025082207099944e-01,-6.511278028961642317e-02,2.701648212272841354e-01,3.771697033284641953e-02,-1.167856572565337536e-01,-2.098523239495776460e-01,-8.354035402902058871e-02,9.664750874787673973e-02,-9.272533874771964058e-02,7.700785365410217631e-02,4.860695504957276286e-02,-9.040501075724260982e-02,1.016734541237368922e-01,5.018074284324507139e-02,1.829958907457618911e-01,1.083727546710967354e-01,1.629774147845514387e-01,7.198195138820183414e-02,1.320266532933023484e-01,9.452605941532532530e-02,5.036649298319518381e-02,9.251156645215506680e-02,8.623824716855896244e-02,7.192515503866052373e-02,1.106997942119622436e-01,1.201172745024075977e-01,5.685520986149095873e-02,7.409556920593422802e-02,1.078004783116879445e-01,4.049397717503113586e-02,7.434395290428547076e-02,5.402954554041942969e-02,5.273110873027184176e-02,6.469896782905920629e-02,6.342040053203772121e-02,7.032857043688142684e-02,3.292526836960504161e-02,1.349454340497864644e-03,3.515800348594513847e-02,-3.279654911336635833e-03,-1.298572707154620242e-03,-7.738759729144966196e-03,-2.599132547649635194e-02,-1.105292397992260756e-02,-3.496241229954931418e-02,-3.846268548368188267e-02,-2.273089411391042772e-02
9.107170629481851909e-02,5.453663786595100427e-02,1.281994662428614373e-01,9.511778479217583571e-02,6.508002582142688452e-02,1.635324201840124003e-01,1.146200332616182510e-01,1.224006500719628937e-01,1.999958479790785448e-01,1.578515277208034362e-01,2.260936281184023899e-01,3.594016500314594076e-01,1.440003604485051436e-01,2.298929714641659017e-01,3.272821070370529606e-01,1.448378401848957608e-01,1.630810551906956840e-01,3.674824785433230545e-01,1.000000000000000000e+00,5.713177874083918972e-01,7.153229906089185464e-02,5.382530622433496781e-01,9.989699747456583234e-02,-2.571059704900782172e-01,-3.944046415686933149e-01,-2.529719514088328847e-01,1.604230410348058966e-01,-5.809994864764222305e-02,1.927737957668568813e-01,3.673238559256385843e-02,-1.033401040722583403e-02,2.445614865230362200e-01,2.406805259621833809e-02,1.115360119782702469e-01,2.286018045638166796e-01,1.775474445672007850e-01,1.555316346116083215e-01,1.937603349334237612e-01,1.807675691027434417e-01,1.254515095362434274e-01,1.731748456888272392e-01,1.180427998940201950e-01,1.266274703237598165e-01,1.303070528872530831e-01,1.501007829018627393e-01,8.331141682650181068e-02,8.888185065761722292e-02,1.667367096072738253e-01,8.668679173083390643e-02,1.146465303122299328e-01,1.253369954844655854e-01,9.980633071729685946e-02,1.053992900342087674e-01,9.407497329662443952e-02,6.391135256934014908e-02,4.304111301299783782e-02,4.163836905809551597e-02,6.152906302561395729e-02,5.102904490545162597e-02,2.250272293816585681e-02,1.185820514085719236e-02,-2.902811398445876486e-03,-1.033172290354848581e-02,-2.511347292946205720e-02,-4.427906152474549856e-02,-2.518446010767379575e-02
5.759997860784425716e-02,3.970045042899398441e-02,5.891797336533203394e-02,2.752071668529907159e-02,5.415400407821610584e-02,8.233655558997957091e-02,5.404352606545960447e-02,9.045169516146267519e-02,9.970027726303537507e-02,7.962738484187183163e-02,1.320496990357999667e-01,1.877419063342166683e-01,7.870536068596369061e-02,1.407372663274748525e-01,1.773912948814180823e-01,9.740039993452612177e-02,9.435007790584185039e-02,1.484025082207099944e-01,5.713177874083918972e-01,1.000000000000000000e+00,4.763830841174755415e-01,4.280338657531218560e-01,1.139901992846342610e-01,-1.834995789705493874e-01,-3.161568738619738861e-01,-2.769236057912753957e-01,4.473407827161469952e-02,-9.562261176359744541e-02,3.618675695655129698e-02,-6.943318261353639831e-02,-1.416755880083292625e-02,8.136013867609620531e-02,-5.271132959180962335e-02,2.549682378772058586e-03,1.140546089229208110e-01,3.033610576520846466e-02,5.789396958412950517e-02,8.892459592955898051e-02,6.429558731260019699e-02,6.924355492894951336e-02,7.458179771261014279e-02,2.721830778845225202e-02,4.666358968217260844e-02,5.090940929546523830e-02,4.285061153517030069e-02,1.269829300942732116e-02,1.343475476835718010e-02,6.634688648545575274e-02,1.843102646162666017e-02,4.896170234941284866e-02,5.469801653957991755e-02,4.043518754403917920e-02,4.025973859475024536e-02,2.882513636010640076e-02,1.369828390241921781e-02,4.077139451822806189e-03,1.930854517257060005e-02,1.193864145951257713e-02,3.425949941663634229e-02,7.477248476476178532e-03,-4.797655279368867078e-03,-1.159353543620612881e-02,-3.112498936825031787e-02,-3.877127970209818392e-02,-1.881020841987770045e-02,-1.172936290093131231e-02
2.220579887833346727e-02,2.405090876954035436e-02,4.554228432373223605e-03,-1.172553994285548476e-02,3.416561669439356630e-02,1.366059218593656394e-02,1.014991199096466120e-03,3.265294617453583237e-02,1.399618189769154947e-02,-1.831229795762568877e-02,-6.732988785382775171e-04,-4.098938843644220342e-02,-6.016434955311517757e-02,-8.223590848238584647e-03,-5.781842847032572785e-02,4.035690317086027684e-02,5.713469045803574314e-02,-6.511278028961642317e-02,7.153229906089185464e-02,4.763830841174755415e-01,1.000000000000000000e+00,2.502221998101095690e-01,1.479842706018331955e-01,6.056570305155938722e-02,-1.490495372639940586e-01,-1.030389481623855824e-01,-4.168653448191180638e-02,-2.067455876597357189e-01,-2.260127672886438205e-02,-9.597409085109048776e-02,-9.384369811531043104e-02,1.339434268942210973e-02,-1.140113470276628987e-01,1.706497100543457462e-02,8.104414639930462849e-02,-3.845241538153771482e-02,-3.597436392252763987e-02,3.088835614069669611e-02,-1.973778104472390105e-02,-1.925546909759923153e-02,1.322470482473822248e-03,-3.743287916990891556e-02,-3.419176392836723033e-02,-4.137690618906587903e-02,-6.247595679638522775e-02,-3.603686002601280691e-02,-5.450107500191313931e-02,-3.724283187171670978e-02,-4.902631888794702075e-02,-3.281522214583512675e-02,-2.789731268116114882e-02,-3.162311913421677473e-02,-3.286309483943428145e-02,-2.921203919243189895e-02,-1.976883123094797315e-02,-1.545896104636089625e-02,1.051355047258178618e-02,9.961079914785823768e-04,3.180426281843345276e-02,2.429557792968931561e-03,2.180554475860026209e-03,-1.316577945707193657e-02,-2.805438942901336552e-02,-3.883928269604010157e-03,8.073431979222426072e-03,2.584524490122730531e-04
7.569961565465588293e-02,4.651763182102752053e-02,9.545991192976632789e-02,8.065562002875217851e-02,3.261006772564496031e-02,1.117748592778150946e-01,8.199344018904891618e-02,5.870069885018550787e-02,1.730966804330020259e-01,1.134707449195885426e-01,1.302375206204495484e-01,3.038682751318189657e-01,1.004569530940372657e-01,1.247929504633396858e-01,3.176365437053628171e-01,1.720404271749955138e-01,2.962457752684070911e-02,2.701648212272841354e-01,5.382530622433496781e-01,4.280338657531218560e-01,2.502221998101095690e-01,1.000000000000000000e+00,3.656228359716146570e-01,-9.550421939910595792e-02,-5.474094744107244059e-01,6.989959986882729459e-02,2.402975299037498624e-01,-1.405491478971493402e-01,1.386398934558470131e-01,1.139164062381744780e-01,-1.135064539725820082e-01,1.918413807965411999e-01,7.739822466907873844e-02,1.772933789424466500e-01,2.492499844526607222e-01,1.900394805570987666e-01,1.451986650918792032e-01,2.085246179447440285e-01,1.560732445262072443e-01,9.906268647801511062e-02,1.546903523175732209e-01,6.992786692895640310e-02,8.848560746259795384e-02,9.008354879565527717e-02,8.697383021239020462e-02,3.207320032444516827e-02,1.974127816840686236e-02,9.306840837092097973e-02,4.213862624355069197e-02,4.008981283738372037e-02,7.328591660289884846e-02,4.127291434097060674e-02,5.523600555619880698e-02,6.169650069342260540e-02,3.509136022884674910e-02,1.455850545969560733e-02,3.272986865672371931e-02,3.766309288998059140e-02,4.632067774754261569e-02,-7.532572443999482382e-05,-5.992438093192976011e-03,-2.090004191738336140e-02,-3.818606460339585285e-02,-3.655354828274826745e-02,-1.948391990789520231e-02,-2.396420239631862764e-02
2.754475615286397158e-02,-8.498527639351204435e-03,2.216842106326866527e-02,-1.058915448942861041e-02,-1.486938306533436109e-02,3.845677203934194655e-02,-2.145708765843288082e-02,2.369143454581588634e-02,8.140106688088900866e-02,-1.635173150806281880e-02,1.290225165340511126e-02,9.213558017347080187e-02,-7.710082526725277330e-02,-1.397466910502325431e-02,9.046552457176064432e-02,2.039428408403255177e-01,-5.329505178207731564e-03,3.771697033284641953e-02,9.989699747456583234e-02,1.139901992846342610e-01,1.479842706018331955e-01,3.656228359716146570e-01,1.000000000000000000e+00,5.318791361900807591e-01,-1.853104507045981175e-01,3.054034570888628508e-01,-1.043334890626200079e-01,-2.798662108181672603e-01,-1.952209432369921283e-01,-1.885881135793315011e-01,-2.575378780801548251e-01,-1.296735180584057956e-01,-1.438085383128852868e-01,6.627311097409958884e-02,2.704755416803036536e-02,-3.158801792161374661e-02,-2.844240870677326380e-02,3.304750465105291829e-02,-2.319547985651670974e-02,-2.233109517453553058e-02,-2.299511474556981128e-02,-4.268984885204823304e-02,-1.553316883755825016e-02,-2.291259165089597205e-02,-4.870273986635643981e-02,-4.224773372261344390e-02,-4.051159026957632664e-02,-6.184989349957446814e-02,-5.498221187262933296e-02,-6.838412260877907434e-02,-3.256736289591884853e-02,-4.414440317575629019e-02,-5.234953821413784736e-02,-1.254969424021551948e-02,-4.658606192587491646e-02,-4.490123192230316418e-02,-2.533325436862279151e-02,-4.456591522761538943e-02,-2.032815991262974450e-02,-4.261967902592148083e-02,-5.352578566664667470e-02,-2.362205823997332380e-02,-3.569534233589777977e-02,-2.492507153293526886e-02,3.006546080318184960e-03,-1.072571518499302635e-02
