1.000000000000000000e+00,3.851826203901493884e-01,3.132477694637610388e-01,3.842128779539624173e-01,2.289020450754428726e-01,2.475847465356929566e-01,2.382081888098174227e-01,1.332627011499582514e-01,1.210687467426435210e-01,1.673092321824593276e-01,7.984925923290948913e-02,-1.301538974940643495e-02,-5.980566165151610797e-02,-8.539247572923933105e-02,-9.807921563599802939e-02,-7.738305117382110465e-02,-9.040866172321709859e-02,-2.075454880828469725e-02,-9.745631787534919654e-02,1.511499930158410540e-02,-2.791421743813481127e-02,-8.208575631530198868e-02,-5.886921514850770865e-02,2.341110192800578867e-03,-1.014364205609115388e-01,7.277122634183114114e-02,-1.021377892975501578e-01,-2.199419398425827427e-02,-3.215921528401602392e-02,-6.497227278705185183e-02,2.214690022976707404e-02,7.671730527154857829e-03,-8.362889464173267617e-02,-5.367425217711824931e-02,1.728396857595756661e-02,-3.831495244029812369e-02,-1.203378584309098415e-02,-7.498571690211784657e-02,-9.831366594250999513e-02,-8.247494218892996443e-02,-4.710692162333753041e-02,-6.961094594238859123e-02,-2.393201863299840651e-02,-4.119446315090404681e-02,3.661940110717392099e-03,2.476930886558337177e-03,2.228000207238734626e-02,1.891606067645182354e-02,3.994668377966231060e-03,5.567192686265266116e-02,2.206714708478646481e-02,3.682656277821442364e-02,2.957184087227652039e-02,-4.227859964230401557e-02,-9.549126518009081604e-03,-1.356992317612995265e-04,-6.488407500107588877e-02,2.590202646518960372e-02,-3.399594223920079233e-02,9.729025983213780010e-03,-1.353802749377351101e-02,2.442570126060057342e-02,3.259751635551864143e-03,2.054121993314405106e-02,3.149794896195029503e-02,2.419441903493418575e-02,4.727023441080209498e-02,7.068022610470214850e-02,2.572578029885870879e-02,6.680332197493946134e-02,6.103926133428353579e-02
3.851826203901493884e-01,1.000000000000000000e+00,3.303631291616600518e-01,3.582101261213500587e-01,4.163690127101243865e-01,2.277505816842456121e-01,2.559051070077774659e-01,1.876061123726786017e-01,7.231530927457791025e-02,1.889192671389280931e-01,8.201822899847656390e-02,-1.713811822842746524e-02,-1.075743998037477500e-01,-1.144299385301702082e-01,-1.501179889753496421e-01,-1.008111760974716165e-01,-1.049821944139275598e-01,-1.114761521790380017e-01,-1.310886969694217974e-01,-1.722699948718003568e-02,7.827681810691906883e-02,-3.557446640674576804e-02,-1.188963662164636281e-01,4.143203449204713174e-02,-1.563910692584519896e-02,1.123126010434832012e-01,-2.270997220075539683e-02,1.628871154303717858e-02,2.808105746783070081e-02,-3.721054786470046061e-02,3.510057015543664033e-02,5.173686164935698689e-02,-6.063406126993797773e-02,-1.098299304648777189e-03,4.287842955849757894e-03,-1.042303751777749754e-01,-3.180713932549270734e-02,-3.974101202144289524e-02,-9.109317259953450541e-02,-4.497596202965319090e-02,-4.758428309572804854e-02,-6.899868055666573408e-02,3.193677165360518655e-02,-4.341298776167540341e-03,5.515281581784183679e-02,3.979758907931394557e-02,6.587958875799963809e-02,2.942120268909674194e-02,-8.477776680200175066e-03,5.663972806435547958e-02,7.080337245709845614e-03,1.584966522542181552e-02,1.224448769425080449e-02,-5.578950812277443105e-02,-6.749545902050596569e-02,-5.927934008966691259e-02,-7.893043840080395113e-02,-2.534661035349125915e-02,-6.622180902397777069e-02,-2.502358322895921819e-02,-1.230852885358737527e-02,6.176781975247435871e-03,2.826599571047141990e-02,4.673813781269313405e-02,5.797573944429590398e-02,3.343352326109074162e-03,4.472286589328038076e-02,9.747734605846677600e-03,-6.164922854417775877e-02,2.376781676004385835e-02,-3.237605571784155090e-02
3.132477694637610388e-01,3.303631291616600518e-01,1.000000000000000000e+00,3.339145102412941490e-01,3.606316534895844805e-01,4.158931676813674705e-01,2.649252006976002827e-01,2.322196345028210984e-01,1.967979189937124063e-01,2.414897518029321399e-01,1.900974906909905227e-01,4.409802677367893322e-04,-1.197795257180178236e-01,-8.296076390303694370e-02,-1.150039058421495619e-01,-9.909624782308698587e-02,-7.997473182449019169e-02,-5.080629049730367441e-02,-8.650652869052125049e-02,-1.129545256848663998e-01,-2.237197722260026583e-02,-1.183141093453555018e-02,-1.424117070880312197e-01,-9.113178220024009679e-02,-3.975458141928936429e-02,1.200480081772114377e-01,-1.698395743188698889e-02,2.647140440444992193e-02,1.396233379969032823e-02,-6.309409194717897906e-02,7.121534226725886874e-02,2.966003164471391063e-02,1.611877606795881351e-02,-7.073276596331123933e-02,2.343052379096671745e-02,-7.729296924821868475e-02,-5.713747487535834196e-02,-8.003849901555659674e-02,-8.827570595587659608e-02,-6.444785402860468693e-02,-7.807935864196142994e-02,-8.796432342777557589e-02,-2.289323314321931035e-02,-1.955415210607499427e-02,2.098169771440098683e-02,-4.208678863987012561e-03,2.309945274231570839e-02,-1.036987195247378313e-02,-3.561001104057682359e-02,-1.720287531095943470e-02,1.658550569020865320e-03,-1.542577912282800355e-02,1.910587739879801572e-02,-2.488003160815983536e-02,-6.251227927947988761e-02,-2.747061253577579715e-02,-7.612423724285448390e-02,1.976874667194555846e-02,-7.887259022886101414e-04,1.660393108406012577e-02,1.648275468656455051e-02,5.678459719540956269e-02,3.646819655477567118e-02,6.376203668234582678e-02,9.211350641397277050e-02,4.663607749210350872e-02,2.853672085913337361e-02,-3.310159364430681483e-02,1.843814563662600145e-02,5.742012058035222272e-02,2.658158288677476416e-02
3.842128779539624173e-01,3.582101261213500587e-01,3.339145102412941490e-01,1.000000000000000000e+00,3.530392163812569040e-01,3.490968582754400140e-01,4.951064980795282233e-01,2.465667020572654411e-01,2.384240960324125191e-01,3.481982647633210526e-01,1.445788974442523411e-01,4.325894392316010674e-03,-6.001321018190822199e-02,-1.099045862590290606e-01,-1.190448305974562554e-01,-1.058170137306766040e-01,-1.227141407420636182e-01,-4.025858748345480936e-02,-1.637515051340173999e-01,3.315806021773786555e-02,-3.156089710871694265e-02,-1.741120005915468005e-01,-9.050492033641291401e-02,1.910341574791567937e-02,-1.750689892416873450e-01,8.670532112502089828e-02,-1.790935444115911157e-01,-5.997105952032404791e-02,-5.419472974122521020e-02,-1.353643367408254583e-01,-6.036671620010996067e-03,-1.908094585872141882e-02,-1.014962180093735011e-01,-6.618594907669221594e-02,2.722118330410273901e-02,-2.135496662028136747e-02,-4.218516563799078883e-02,-1.170149360440847358e-01,-1.292291899368878949e-01,-1.555156621103152836e-01,-7.771990234901871020e-02,-1.100308519906100513e-01,-5.678388458137516304e-02,-8.080436687115291616e-02,-1.580805019336699313e-02,-3.748029433393932882e-04,-1.374866947029568763e-02,5.452415704992340933e-02,6.065787606362527118e-02,8.765158700832247074e-02,7.811065217842454167e-02,8.946035578210136119e-02,6.885225834418567947e-02,-9.894778160151981861e-03,-1.933792132917321049e-02,2.880808246603907066e-02,-9.573057271973603455e-02,4.149810406063712820e-02,-5.079346527754410173e-02,1.149253160815494161e-02,8.375859120790451681e-03,7.955598735027218094e-02,4.984461811982780766e-02,2.619586799455337137e-02,4.572158521218662453e-02,5.798028210075311523e-02,6.703949590516405932e-02,1.001935420411051852e-01,2.235019508261586879e-02,1.058975171762386036e-01,6.611146933657480185e-02
2.289020450754428726e-01,4.163690127101243865e-01,3.606316534895844805e-01,3.530392163812569040e-01,1.000000000000000000e+00,3.447177701783769588e-01,3.283463622118681369e-01,3.416621089182447224e-01,1.209055889882642842e-01,3.183635435649850298e-01,2.003352623955980960e-01,-4.763499762922672465e-02,-1.881184085801666794e-01,-1.662763181477529828e-01,-1.436847743643188680e-01,-1.492980295085228060e-01,-1.308800691293444951e-01,-1.591112794756986970e-01,-1.409063975097414878e-01,-9.789350489334663896e-02,1.197286003547952393e-01,1.651477572448546011e-02,-1.904122686540469511e-01,1.837484483629434062e-02,7.770143761442996518e-03,1.937853321843181209e-01,3.724514600115923224e-02,1.085822089005023389e-01,4.218362402316445242e-02,-3.969879594884246493e-02,3.705088156679062911e-02,4.187247655009894431e-02,-3.714479784260403539e-02,-2.543397294182975915e-02,-8.230918058938793344e-03,-8.398863846552974410e-02,-2.500868257684710216e-02,-8.028574551095817025e-02,-1.285252930208086175e-01,-2.840331630813259373e-02,-7.779122434838529887e-02,-1.275529562706175790e-01,6.177483230270826818e-03,-2.306097753370380324e-02,-4.742954924294186941e-03,1.558126985698993737e-02,-2.377329643118267569e-02,1.484052774737707782e-02,1.131618439158635532e-02,5.277375124497082903e-02,3.997061135889279360e-02,4.461861438032332233e-02,3.295956954129935709e-03,-2.306061657255934275e-02,-6.588966186125336244e-02,-7.142029130340310505e-02,-1.174363806708095259e-01,-5.405375278492114549e-02,-9.142279153391245916e-02,-7.146052050389695154e-02,8.400046970628427881e-03,2.085843461785693437e-02,5.577782182717749143e-02,6.308039035803922334e-02,8.681183866162538176e-02,4.940212470902206193e-02,6.593370048350336021e-02,4.395366660138214435e-03,5.138081734364987078e-04,8.653448457998766732e-03,-1.580530072449386203e-02
2.475847465356929566e-01,2.277505816842456121e-01,4.158931676813674705e-01,3.490968582754400140e-01,3.447177701783769588e-01,1.000000000000000000e+00,3.133908693870625650e-01,2.953451710480766157e-01,3.784596883443782644e-01,3.474714757418035926e-01,3.071786462953262076e-01,6.115439021763787592e-02,-1.021575403531303911e-01,-8.116944008192202020e-02,-6.342159000979649686e-02,-1.013294541428218926e-01,-7.826136357624571827e-02,-2.807718865271207134e-02,-8.849253737441373224e-02,-6.459177261226650701e-02,-7.062951793733168726e-02,-7.365510917542249236e-02,-1.018219485807048269e-01,-8.245987236386757846e-02,-1.291723647746686743e-01,5.880072253194829762e-02,-1.324595142234747946e-01,-3.972778496313233987e-02,-9.292744502045562072e-02,-1.340180289117516854e-01,3.921022732265175498e-04,-2.158546070542526757e-02,-5.537740975459651271e-02,-8.671250311401293431e-02,3.740687076656500076e-02,-9.514164743181079478e-03,-9.347013963719119634e-02,-1.399624847033311137e-01,-1.372196601872851807e-01,-1.495482448857293478e-01,-1.004756136454247190e-01,-1.343806296156057067e-01,-8.437992387149681472e-02,-8.478645988210593842e-02,-4.377765750862910171e-02,-1.733776571023115665e-02,-2.081016287471879056e-02,3.070718256232103996e-02,3.666179466058606951e-02,5.534332750507897636e-02,8.017191959286160130e-02,6.567573671314558270e-02,7.080942485763280780e-02,-1.451486220493921654e-02,-5.405908068361079538e-02,2.920395516046954409e-02,-7.074799028831331438e-02,3.297367528191984254e-02,-2.597307449636348034e-02,-1.116619074648048972e-02,6.137159415742218099e-02,1.006331286090229593e-01,7.989722707969382220e-02,6.837668191420982755e-02,1.073663044237442160e-01,1.179509384746971340e-01,5.606725063107599605e-02,6.649084143914725520e-02,4.410456004805691360e-02,8.885689675677641008e-02,5.723002307080897466e-02
2.382081888098174227e-01,2.559051070077774659e-01,2.649252006976002827e-01,4.951064980795282233e-01,3.283463622118681369e-01,3.133908693870625650e-01,1.000000000000000000e+00,3.212136832985767465e-01,3.019892788357875779e-01,4.559771681531865628e-01,1.467352407040190820e-01,-5.555955803758855921e-03,-5.323139517763832845e-02,-1.184287302514018536e-01,-7.303511992330492808e-02,-5.645060463879219420e-02,-9.736820505176509155e-02,-2.445456481596220907e-02,-1.496747687891647471e-01,-6.489526401466740729e-03,2.164900862906398230e-02,-1.367469674468388408e-01,-1.424064490990659682e-01,2.665786281830779744e-02,-1.421226040715373173e-01,6.417457918528825245e-02,-1.182751887388583806e-01,-7.215331179067009659e-02,-4.480896744911878893e-02,-1.411467155396330941e-01,-3.592338977295170266e-02,-3.222595844254892705e-02,-6.432356497196384248e-02,-8.103764006902705597e-02,-3.417998742301791432e-02,-2.770499730324010174e-02,-3.856046667508627318e-02,-6.124846203057764116e-02,-6.899403620780945878e-02,-6.499042229186928477e-02,-3.903474103550760160e-02,-7.237278642191359579e-02,-1.243363329892313573e-02,-3.280263061797707158e-02,5.881529824939000714e-03,4.335544300894197262e-02,7.268405083260340814e-03,7.128912720334908137e-02,4.203862555323376049e-02,5.419055425778452478e-02,6.146926944805098519e-02,1.760855950044227375e-02,3.184106518422581689e-02,4.317495600836636707e-03,-5.505704886406704440e-02,-1.981878060409511186e-02,-5.736087073537216724e-02,1.030245392638109818e-02,-3.055504717940165510e-02,-3.961720135025800608e-03,3.976746331934389667e-04,2.438261329144391504e-02,4.137834565847701290e-02,6.691795051643560643e-02,6.960371207933027660e-02,3.363019738078245474e-02,1.081256090268335468e-01,4.606928501254974051e-02,5.517684717527911870e-02,7.659478243355695437e-02,8.162811149361076657e-02
1.332627011499582514e-01,1.876061123726786017e-01,2.322196345028210984e-01,2.465667020572654411e-01,3.416621089182447224e-01,2.953451710480766157e-01,3.212136832985767465e-01,1.000000000000000000e+00,3.183355910340486816e-01,4.653715152729339666e-01,3.738406433450052746e-01,2.868758998757513657e-03,-2.104888439724473537e-01,-2.263225111115049204e-01,-1.776267164326907344e-01,-2.054014910137103855e-01,-1.917166084511233992e-01,-1.246293238385601104e-01,-1.032728190266929691e-01,-1.524414248584983755e-01,4.316580008568624699e-02,1.631339574245233709e-02,-1.911092557267467795e-01,-8.474413432164486226e-02,-1.028288184408968943e-02,9.197328064251414359e-02,3.205763395142411515e-02,7.811498810876846277e-02,8.944741381064963415e-02,-9.253968417457388018e-02,4.534459765064541292e-02,4.418104703025028945e-02,1.296221371612084686e-02,-4.794995887157896264e-02,-6.118574159636145336e-03,-6.264230087672015279e-02,-2.289248642483290505e-02,-8.433646448740868273e-02,-1.114905681591654152e-01,-7.958043736470950258e-02,-1.033091754257826900e-01,-1.236714210590163787e-01,-4.299464729200649232e-02,-5.852799143663971193e-02,-4.502452129634926248e-02,1.668469154816591736e-03,-2.969507330002214493e-02,1.310831729047673248e-02,-1.489749017232262947e-02,7.255652557046206493e-03,2.315785063285350984e-02,-2.430507690755954325e-02,1.535035393349773111e-02,-1.628261046933834541e-02,-4.903717273325101933e-02,-2.516012764317512515e-02,-5.247078514126567172e-02,-1.574819059776309468e-02,-1.843073916925808825e-02,-7.438546811056251373e-02,4.170694638168339491e-02,2.812944741094690337e-02,6.479696423375422287e-02,8.938520563509025352e-02,1.264374700541819330e-01,5.160472455167592482e-02,7.662736249146455403e-02,9.736141035991480869e-03,1.721352347872764921e-02,3.784198748422966385e-02,-5.876444629189554606e-04
1.210687467426435210e-01,7.231530927457791025e-02,1.967979189937124063e-01,2.384240960324125191e-01,1.209055889882642842e-01,3.784596883443782644e-01,3.019892788357875779e-01,3.183355910340486816e-01,1.000000000000000000e+00,3.748855230282882589e-01,5.140894335594552444e-01,1.892206986110630818e-01,-5.452625962230853857e-02,-4.010860750789959489e-02,-1.284129822906383001e-01,-7.873921308082276749e-02,-5.902702127704319984e-02,-1.859351861238931966e-02,-1.296745190771998180e-01,-8.971547685839356689e-02,-8.371730165871278662e-02,-1.203757142038009154e-01,-1.094325069796997091e-01,-8.532588783222018469e-02,-1.172481080722120594e-01,1.049632815620126988e-02,-1.159211624461453233e-01,-1.066003087761058926e-01,-2.148750278766943175e-02,-1.462701723407176246e-01,2.014741701460873863e-02,-3.460217384523314732e-02,-1.637670147463956075e-02,-4.723209999709029189e-02,3.217877417457221632e-03,-1.130169502024742922e-02,-5.302678401100131139e-02,-1.169985162097060827e-01,-9.023942362694004071e-02,-1.541007939110512204e-01,-1.188763822593044417e-01,-6.418664042376287515e-02,-1.225966932370681217e-01,-7.563206598601956987e-02,-5.161183001952066030e-02,-3.857945662258130404e-02,3.063228431809149398e-04,5.211961656999385649e-03,3.754055808075757589e-02,2.534281858571249546e-02,6.329932154687339940e-02,-3.565657493633744846e-02,4.945944380125491535e-02,5.546960701005194082e-03,-6.754242746343229117e-03,6.468884367733869489e-02,-4.625028468644720031e-03,3.905265211958133809e-02,-3.896775891335372047e-04,-3.179325629164011374e-02,3.951026198092107838e-02,6.549284652970485676e-02,4.886057105197050277e-02,8.437785265892559783e-02,9.982745022819722314e-02,7.027219356178970866e-02,7.688299084450933574e-02,7.500823778729742708e-02,1.013808073597953080e-01,1.242063522075503718e-01,1.053646988176994981e-01
1.673092321824593276e-01,1.889192671389280931e-01,2.414897518029321399e-01,3.481982647633210526e-01,3.183635435649850298e-01,3.474714757418035926e-01,4.559771681531865628e-01,4.653715152729339666e-01,3.748855230282882589e-01,1.000000000000000000e+00,3.148073091686469094e-01,2.491875465354958380e-02,-9.494860254487987039e-02,-1.924817862407119384e-01,-1.175380125071218279e-01,-1.243991378303488521e-01,-1.732484391010844227e-01,-1.110698504044583118e-01,-1.702408057881297510e-01,-9.263884999609767190e-02,-1.292031137583848563e-02,-1.137459700966665932e-01,-1.727866744756993422e-01,-6.243276470974176012e-02,-1.118977725863826850e-01,6.346040372046220235e-02,-6.807977662125355711e-02,-5.796248022675878214e-02,2.211839990404879108e-02,-9.817251759073453155e-02,6.719053045461309201e-03,6.330853630179685346e-03,-1.279322156591515547e-02,-4.291868086083004685e-02,1.246435156778652117e-02,-2.213269284899794381e-02,-4.125066937229465019e-02,-1.059409209548005520e-01,-1.067503220753477089e-01,-1.430025607057897330e-01,-8.801976496980197517e-02,-1.400044103579395349e-01,-4.994832717794676913e-02,-7.177506533984170933e-02,-3.101147113751671208e-02,1.343506449479765427e-02,-1.160604557929829743e-02,5.739020858112681145e-02,2.660300487086888696e-02,4.661351686441723985e-02,4.845798191117060838e-02,4.217207008482561602e-03,3.969738489547297577e-02,2.824178993309698921e-03,-5.004942070106293411e-02,1.050286368636380897e-02,-4.673081009982086448e-02,-4.843088065104267197e-03,-3.011381573817299706e-02,-5.247481322882964483e-02,4.757288936439197508e-02,6.535345994061181329e-02,9.222204869983070818e-02,1.111204349774527061e-01,1.448494097353355270e-01,6.224488448118786765e-02,9.684869257684522448e-02,7.924416827277522279e-02,3.921742966200590652e-02,1.042775638097613589e-01,6.281414130173140764e-02
7.984925923290948913e-02,8.201822899847656390e-02,1.900974906909905227e-01,1.445788974442523411e-01,2.003352623955980960e-01,3.071786462953262076e-01,1.467352407040190820e-01,3.738406433450052746e-01,5.140894335594552444e-01,3.148073091686469094e-01,1.000000000000000000e+00,2.020329599903302464e-01,-2.046896494345201434e-01,-1.359485052847737296e-01,-1.749550950322430742e-01,-1.415970505984093797e-01,-1.181839986287865490e-01,-8.929665610729618785e-02,-4.821445269289156843e-02,-1.514899690080762917e-01,-6.561033442215512268e-02,6.108345451063776355e-02,-6.087739219637767346e-02,-9.946321199786054001e-02,3.465901250709588904e-02,4.740935194818503978e-02,1.781388273949608206e-02,-4.741758793927507848e-02,4.259869642834437919e-02,-9.325275236452888750e-02,2.842835298219795193e-02,4.039179221877645803e-02,-2.900073899089839966e-02,-5.011642218139692601e-02,3.927274203423965215e-02,-4.127990505424618262e-02,-6.640489931758418451e-02,-1.260164991607829466e-01,-1.348377875916511037e-01,-1.371097762770909778e-01,-1.366663373606398502e-01,-1.152373356209367983e-01,-7.876865780156645791e-02,-6.949292643190942143e-02,-5.214272044145217694e-02,-4.311341713426812550e-02,-1.987114390744733686e-02,5.294563636934918613e-04,6.181012197760873267e-03,3.527077906222133435e-02,6.368440985276038746e-02,-2.544044363591406108e-02,3.221381560432933638e-02,-1.469536607098470039e-02,-4.995250672639987150e-02,3.040956063628939138e-02,6.213229184324117402e-03,-2.597150235331543641e-03,6.478427267338135280e-03,-5.427677106791085199e-02,5.574788229244580229e-02,4.009344381776546590e-02,6.091984829553816899e-02,8.130554391161805283e-02,1.393018036428112227e-01,1.225135745748784644e-01,4.530956292110459305e-02,3.556515025043196360e-02,4.644062333876015219e-02,6.449468713749312299e-02,3.726751396238985742e-02
-1.301538974940643495e-02,-1.713811822842746524e-02,4.409802677367893322e-04,4.325894392316010674e-03,-4.763499762922672465e-02,6.115439021763787592e-02,-5.555955803758855921e-03,2.868758998757513657e-03,1.892206986110630818e-01,2.491875465354958380e-02,2.020329599903302464e-01,1.000000000000000000e+00,2.926672016218135886e-01,2.192015107079548775e-01,2.031225443874003223e-02,1.297614897731776962e-01,1.712751036531780235e-01,6.041971595937864481e-02,5.572971701438118874e-02,-3.341504920113133603e-02,-1.025653805864833457e-01,1.969771057134074924e-02,5.559030653601940326e-03,-1.086364150229424119e-01,1.625009070194077115e-02,-1.118322940891216949e-01,-1.466586588241265351e-02,-8.897674826413731752e-02,-1.505436777321057448e-02,-5.184692322224554450e-02,-1.981382979642442796e-02,8.710911995626385851e-02,-4.831189073100429499e-02,-4.389863035953332771e-02,8.568178719936188348e-02,7.262414055509430755e-02,-6.787082868624147447e-02,-1.349504054273752141e-02,-3.372248315711569300e-02,-7.313508647777733351e-02,-3.457652088813990311e-03,4.748180166171768468e-02,2.719436291844651993e-02,4.330771377614831691e-02,7.097389866273916270e-02,2.498353301967480913e-02,6.053740127748368643e-02,1.400634784706414337e-02,-7.492480009417235368e-03,5.117493798009461331e-02,3.042190360068846092e-02,1.131485854623424242e-02,2.218083016831964849e-02,-2.387669443391401275e-02,-1.098503524225676563e-02,1.805961920383526362e-02,3.211946950376657478e-02,1.606105773608444698e-02,2.267516703702060488e-02,-1.064097761920579886e-02,2.163960532411472737e-02,2.512892494848054104e-02,-3.866996873855425149e-02,-9.117996449736567172e-03,4.610599101495626954e-03,4.010246735379723038e-02,-3.445072053511153559e-02,2.559534560612096443e-02,3.143767111495428951e-02,3.517380118766134933e-02,3.170966457043807030e-02
-5.980566165151610797e-02,-1.075743998037477500e-01,-1.197795257180178236e-01,-6.001321018190822199e-02,-1.881184085801666794e-01,-1.021575403531303911e-01,-5.323139517763832845e-02,-2.104888439724473537e-01,-5.452625962230853857e-02,-9.494860254487987039e-02,-2.046896494345201434e-01,2.926672016218135886e-01,1.000000000000000000e+00,3.870190065138315871e-01,3.991191294785045307e-01,4.324024820206715525e-01,3.332097564179365423e-01,2.929174378536661405e-01,1.857157687764977305e-01,1.476007744520426435e-01,-9.584791172159791428e-02,-5.693207355609175568e-02,7.510660002573300853e-02,-5.986829085401474543e-02,-6.440351105623588757e-02,-1.815366477767457187e-01,-9.151116044831016094e-02,-1.000059454869237502e-01,-1.166317190497180856e-01,-3.944358964997838474e-02,-2.576070755685083702e-02,5.934106735997187430e-03,-4.103117172121664019e-02,-4.666345410471527122e-02,6.086692714609653887e-02,6.638413408812406102e-02,-1.044255048523234086e-01,4.808788272474161934e-02,4.117219843432927406e-02,2.700482677700960163e-03,7.451904431480353697e-02,1.147343527077805125e-01,6.940656925469157468e-02,8.476383520741349875e-02,8.283234328284554138e-02,2.154169736113198744e-02,7.917291272612639319e-02,9.015873385424357997e-03,-2.906608464742438738e-02,-6.414677759320142926e-03,-1.909791325532336770e-02,-1.894567709054793478e-02,2.514936277108346246e-02,2.048645985064165634e-02,-2.837150436304462786e-02,3.691580899328939652e-02,-2.256794269278403350e-04,5.460697524215214760e-02,7.241392185209774568e-02,9.886025649158385054e-02,-7.797940544625965587e-03,2.343391306685121966e-03,-6.589592345089174963e-02,-4.000256193447622455e-02,-7.105934703112172512e-02,-3.304742390870571422e-02,-5.263979390761149013e-02,-8.750026068760003925e-03,4.126482979128358319e-02,1.387406684909162947e-02,2.526963370129520561e-02
-8.539247572923933105e-02,-1.144299385301702082e-01,-8.296076390303694370e-02,-1.099045862590290606e-01,-1.662763181477529828e-01,-8.116944008192202020e-02,-1.184287302514018536e-01,-2.263225111115049204e-01,-4.010860750789959489e-02,-1.924817862407119384e-01,-1.359485052847737296e-01,2.192015107079548775e-01,3.870190065138315871e-01,1.000000000000000000e+00,3.894405798456325729e-01,4.270941954523189144e-01,6.354663431441667232e-01,3.591033059805735506e-01,3.506387903956912910e-01,2.427596945938065853e-01,-1.037364368369012163e-01,4.622077174209446304e-02,1.789009725844956100e-01,-2.208694370821443972e-02,-2.269323989109021944e-02,-1.580053767198883186e-01,-9.724806735416267889e-02,-5.844746633915245265e-02,-1.141515208563620154e-01,-1.086791664501522876e-02,4.661544472029738317e-02,7.081773597297234824e-02,-4.685598805736143624e-02,-7.131293227630408627e-02,1.077512988062692134e-01,9.374033001041415236e-02,-1.127033280292418366e-01,9.533150974121629151e-02,6.014235972621669035e-02,4.281151995447525505e-02,1.309481513017559939e-01,1.967400314664080885e-01,1.498311254655770586e-01,1.670325391486101041e-01,1.738702722318207217e-01,3.103982453507592859e-02,1.469313929010229169e-01,1.176426119077114522e-02,-2.159417029650565617e-02,3.298488126852568841e-02,-3.267980774268947064e-02,-2.627499784374819763e-02,-4.916881755424737203e-03,-2.426395341444424411e-02,-5.206097917930777030e-02,-2.403366976817794889e-02,3.072019560766447652e-02,2.266690690653000093e-02,8.842635163871834236e-02,1.093245050707953164e-01,-5.971130495664374316e-02,-3.522239005303327147e-02,-1.949551610713826655e-01,-1.257424597140840150e-01,-1.603605986132771721e-01,-4.074078823954181694e-02,-1.214380093888407369e-01,-4.891562368429264868e-02,2.406817318971716732e-02,-7.683571878034364810e-02,-1.162451722636025087e-02
-9.807921563599802939e-02,-1.501179889753496421e-01,-1.150039058421495619e-01,-1.190448305974562554e-01,-1.436847743643188680e-01,-6.342159000979649686e-02,-7.303511992330492808e-02,-1.776267164326907344e-01,-1.284129822906383001e-01,-1.175380125071218279e-01,-1.749550950322430742e-01,2.031225443874003223e-02,3.991191294785045307e-01,3.894405798456325729e-01,1.000000000000000000e+00,3.524722123082875136e-01,4.037020097110281536e-01,3.792656214804551729e-01,2.445509032848091069e-01,2.121281884599259260e-01,-1.108976246476075511e-01,-2.855258318365226297e-02,1.080557315772072979e-01,-3.530795217797431940e-02,-7.019661206765122341e-02,-2.019853354899309450e-01,-1.061891076244074472e-01,-6.601912510610150053e-02,-1.403614595266168552e-01,-5.917855853331516897e-02,-6.571299961625441666e-02,-1.926519188182097093e-03,-3.373652310061148185e-02,-6.583877256531490973e-02,6.726711113658705166e-02,1.090891526086782970e-01,-1.028027282615613519e-01,1.466401061352998469e-01,1.315910026136436761e-01,1.249882866592559455e-01,1.877199829556462640e-01,1.309377562425999009e-01,1.577902005308343403e-01,1.211523476592676896e-01,8.386036360876597540e-02,7.301572510171693009e-02,6.095650495560904492e-02,6.599158488797193627e-03,-3.647010877842596366e-02,-4.545741441592229121e-02,-3.405819069167444896e-02,-3.019335304254102542e-02,-1.609724689095008363e-02,1.568331324325734216e-02,-5.944648633144591215e-02,-2.879415268199317715e-02,-3.586836969683071530e-02,4.156686580223001304e-02,7.194368366359241151e-02,1.190213204952093456e-01,-7.255437362459542412e-03,1.055943901716898704e-02,-9.322337268170700908e-02,-7.364168939439143247e-02,-9.655931595701194858e-02,-1.329530663052283686e-02,-7.885908472213165599e-02,-4.393934388669595154e-02,4.283463229073408707e-02,-4.698317333393011580e-02,1.323484124962522220e-02
-7.738305117382110465e-02,-1.008111760974716165e-01,-9.909624782308698587e-02,-1.058170137306766040e-01,-1.492980295085228060e-01,-1.013294541428218926e-01,-5.645060463879219420e-02,-2.054014910137103855e-01,-7.873921308082276749e-02,-1.243991378303488521e-01,-1.415970505984093797e-01,1.297614897731776962e-01,4.324024820206715525e-01,4.270941954523189144e-01,3.524722123082875136e-01,1.000000000000000000e+00,3.148600708788318325e-01,4.253182385615108529e-01,2.881995493531105401e-01,1.286293907864305142e-01,-4.123844464723552122e-02,3.967268640283952430e-02,7.699404441309583291e-02,-4.106025696592333768e-02,-4.180112026847539880e-02,-1.311939097367271212e-01,-6.789025852320029752e-02,-4.509779462099405833e-02,-1.624048586069898326e-01,-8.211553866931725967e-03,2.369425500917122021e-02,-8.141735292152052494e-02,-8.817956069829836763e-02,3.383232263893780865e-03,4.999699098915300066e-02,-8.602184664832715488e-02,-1.603167952648564265e-01,2.662869487268739593e-02,4.058983853408499459e-02,1.214079275480769021e-01,4.261663874843255734e-02,1.608877782889742980e-01,1.323370542325217891e-01,2.171508192136167581e-01,9.348583848596876689e-02,2.403088763788003082e-02,1.003556981293134975e-01,-4.135140484144556733e-02,5.088078083171358040e-03,-4.589256446953950130e-02,-3.754791403313074288e-02,-1.837395604073661926e-02,1.603956377622517806e-03,4.789792094236343389e-02,-9.674646531757553902e-02,1.512972931423365620e-02,-2.454895868201712253e-03,2.866847917903668844e-02,9.637095623445855741e-02,1.062112174463603620e-01,2.813419953227232900e-02,-2.116170827305622823e-02,-7.623721986400473771e-02,-1.171905582426437942e-01,-1.126197925029374519e-01,3.730588491013730329e-02,-6.640700439730809479e-02,-3.722259688086040907e-02,8.584017841026499174e-02,-1.938195932684012510e-02,6.059732877718294192e-02
-9.040866172321709859e-02,-1.049821944139275598e-01,-7.997473182449019169e-02,-1.227141407420636182e-01,-1.308800691293444951e-01,-7.826136357624571827e-02,-9.736820505176509155e-02,-1.917166084511233992e-01,-5.902702127704319984e-02,-1.732484391010844227e-01,-1.181839986287865490e-01,1.712751036531780235e-01,3.332097564179365423e-01,6.354663431441667232e-01,4.037020097110281536e-01,3.148600708788318325e-01,1.000000000000000000e+00,3.365328338453871249e-01,4.156420295296197609e-01,2.623107433197598981e-01,-5.531964229917014225e-02,6.626750510390259918e-02,2.377089758005257736e-01,2.678456545531965674e-02,5.635029384665973806e-02,-1.544072572906541041e-01,-4.158342988458208628e-02,-4.086811802348308542e-03,-7.166622336528173653e-02,1.002357562344957827e-02,5.053727852788276326e-02,8.811748878063760393e-02,-4.487481388778585129e-02,-5.345427741424942092e-02,1.224278680611603776e-01,9.486214127573894261e-02,-9.859989060859522536e-02,8.681646568614856396e-02,6.172863550269500760e-02,3.576857544673838624e-02,1.257460332187236574e-01,1.871566201502353199e-01,1.283168741740766117e-01,1.326591483944117300e-01,1.291392208050470281e-01,2.436078378452240581e-02,1.228935016881905207e-01,-6.266696234519592533e-03,-4.921065156182764799e-02,1.400769142913699250e-02,-6.472285500868055208e-02,-4.047966971117045176e-02,-3.686941808244132562e-02,-5.226019611791463126e-02,-4.879777017085591001e-02,-6.270107025913014553e-02,9.131887629780966950e-03,4.814679708596308894e-03,8.730004410064787224e-02,8.955078220725501414e-02,-7.695587127391634308e-02,-8.587941734319114173e-02,-2.139868771421483129e-01,-8.554857138845831099e-02,-1.503904479775319269e-01,-3.272946441137140894e-02,-7.993683566963492859e-02,-4.477268031894367228e-02,6.078168942112327500e-02,-8.243362340802351529e-02,1.005235396248795390e-02
-2.075454880828469725e-02,-1.114761521790380017e-01,-5.080629049730367441e-02,-4.025858748345480936e-02,-1.591112794756986970e-01,-2.807718865271207134e-02,-2.445456481596220907e-02,-1.246293238385601104e-01,-1.859351861238931966e-02,-1.110698504044583118e-01,-8.929665610729618785e-02,6.041971595937864481e-02,2.929174378536661405e-01,3.591033059805735506e-01,3.792656214804551729e-01,4.253182385615108529e-01,3.365328338453871249e-01,1.000000000000000000e+00,3.984373072231364721e-01,3.368326567860313592e-01,-2.387246363431878848e-01,-4.730985159937423079e-02,2.404886352586091125e-01,-2.440128049713887956e-02,-2.078060310550874923e-01,-1.828628932949982466e-01,-1.963478905362527616e-01,-1.121310525479105313e-01,-1.583300987147721328e-01,-1.350536368260609466e-01,3.900794009693479489e-03,-8.219423604347511625e-02,-1.013694052581177174e-01,-5.173121800183945462e-02,7.134617009846762337e-02,-2.596264510494688746e-02,-1.758753751886885930e-01,5.007682440598344026e-02,8.474118017581019902e-02,7.424236004317120996e-02,1.125890343015780726e-01,1.476202406542174994e-01,9.295958451272694212e-02,1.258942991028347558e-01,5.539392052734546518e-02,4.580948687997558194e-02,5.736140885017484981e-02,1.286063612469686736e-02,1.957677608705386124e-02,-4.785187428359549688e-02,-1.504393841582071616e-02,-1.793316069754773492e-02,2.021460931781270468e-02,2.904637146355382518e-02,-4.381159765345226526e-02,-1.173474598464225530e-03,-4.230120923519439802e-02,8.007290629162500117e-02,9.024820782487369408e-02,1.898395572476390403e-01,-8.544963780705655760e-04,1.660580163829419517e-02,-1.017489723615493946e-01,-1.006159379067532306e-01,-1.291309671583426855e-01,9.410573006809641594e-03,-1.018255237149916226e-01,1.529387362127677084e-02,1.728024403275036092e-01,2.626256757517679563e-02,1.222333474224043121e-01
-9.745631787534919654e-02,-1.310886969694217974e-01,-8.650652869052125049e-02,-1.637515051340173999e-01,-1.409063975097414878e-01,-8.849253737441373224e-02,-1.496747687891647471e-01,-1.032728190266929691e-01,-1.296745190771998180e-01,-1.702408057881297510e-01,-4.821445269289156843e-02,5.572971701438118874e-02,1.857157687764977305e-01,3.506387903956912910e-01,2.445509032848091069e-01,2.881995493531105401e-01,4.156420295296197609e-01,3.984373072231364721e-01,1.000000000000000000e+00,1.767168677756202066e-01,-8.092095493921772076e-02,2.996126354988914442e-01,3.550405710449384133e-01,-8.505727270328156120e-02,1.568115181959692239e-01,-1.601637574894597127e-01,5.797097462811921786e-02,4.702411687772029697e-02,-2.958904031146990590e-02,1.399850208320024651e-02,2.372866673562273876e-01,1.099894259795051663e-02,-1.334642141086236633e-01,5.813701990855206503e-02,1.994329001635851695e-01,-9.258350415348745588e-02,-1.482559389620150270e-01,-2.451192511608462493e-02,-2.705891705659339494e-02,8.695786579339423450e-02,4.342193528992669489e-04,1.925944299723092723e-01,5.501035698572252775e-02,1.916798491007467575e-01,-5.258632270679778134e-03,-7.799671278391481777e-02,1.430672460795644023e-02,-1.118623294480006886e-01,-4.857858717645406610e-02,-5.780300573895122418e-02,-5.325658440984423758e-02,-3.867490020759114383e-03,8.637687510723981998e-03,1.592692531100785638e-02,-1.708767550223551715e-02,1.229681215515002549e-02,-1.020625261765209513e-02,8.820304467684024485e-02,1.348559234609789381e-01,1.482593724244841982e-01,1.391422069238746999e-02,-5.921939532232153164e-02,-1.736409149389497864e-01,-1.042710434302670519e-01,-1.404635801405693107e-01,3.986833266648814877e-02,-1.032190100634613888e-01,-2.894941089076256274e-02,1.914023999482928340e-01,-6.591519465330943073e-02,1.119117204431806928e-01
1.511499930158410540e-02,-1.722699948718003568e-02,-1.129545256848663998e-01,3.315806021773786555e-02,-9.789350489334663896e-02,-6.459177261226650701e-02,-6.489526401466740729e-03,-1.524414248584983755e-01,-8.971547685839356689e-02,-9.263884999609767190e-02,-1.514899690080762917e-01,-3.341504920113133603e-02,1.476007744520426435e-01,2.427596945938065853e-01,2.121281884599259260e-01,1.286293907864305142e-01,2.623107433197598981e-01,3.368326567860313592e-01,1.767168677756202066e-01,1.000000000000000000e+00,1.083856927535404718e-01,-1.222136954890531146e-01,2.482183432371975196e-01,4.333176308434766311e-01,-5.180180449443566593e-02,1.349399539071368670e-01,-1.801839464711412209e-01,-1.089550445295360548e-01,-2.203057714739443673e-01,-9.938952944650950028e-02,-1.146924684630953456e-01,7.448647956765988565e-02,-1.622761300784704985e-01,-1.574615466799936525e-01,1.520609758530691580e-02,1.368959870440699389e-01,-9.923907761816236350e-02,1.802105252988189799e-01,1.553324048048320381e-02,4.447389635437577066e-02,1.914443893389262963e-01,1.942551477249072900e-01,2.508771682767763078e-01,1.641065618108910606e-01,2.260698964035506575e-01,1.529095958788055654e-01,2.303786297688708296e-01,1.496874687281806171e-01,-5.018032757141998798e-03,9.697618412341794947e-02,3.198161446313757799e-04,6.950996420305726071e-03,4.902920303819840661e-03,-8.309863431129173306e-02,-1.281574346396718023e-01,-1.344242575133145212e-01,-1.595778699994612054e-02,-1.051501172311986171e-01,-8.871053726971145359e-02,2.830846530461965035e-02,-1.511511096772021889e-01,-1.150723131373334873e-01,-2.186409345574734930e-01,-2.116641123094665788e-01,-2.666168149901378404e-01,-5.962002227782737390e-02,-1.192628492235105336e-01,-5.087560080503408799e-02,-5.976716992481889007e-02,-1.329976042369512002e-01,-5.906509557731008664e-02
-2.791421743813481127e-02,7.827681810691906883e-02,-2.237197722260026583e-02,-3.156089710871694265e-02,1.197286003547952393e-01,-7.062951793733168726e-02,2.164900862906398230e-02,4.316580008568624699e-02,-8.371730165871278662e-02,-1.292031137583848563e-02,-6.561033442215512268e-02,-1.025653805864833457e-01,-9.584791172159791428e-02,-1.037364368369012163e-01,-1.108976246476075511e-01,-4.123844464723552122e-02,-5.531964229917014225e-02,-2.387246363431878848e-01,-8.092095493921772076e-02,1.083856927535404718e-01,1.000000000000000000e+00,8.106516196872961752e-03,-4.159294001407155550e-01,4.131447890160571679e-01,1.576864291865457401e-01,3.255289899164538481e-01,1.813179330450280236e-01,2.484112055413331410e-01,1.640377336938129635e-02,6.837246098366683844e-02,-1.312282540548141974e-01,2.772632963643042320e-02,-1.307493746866133545e-02,-5.655279901015389937e-02,-2.035109070398447295e-01,-4.161740757544473562e-02,4.541132431820385507e-02,1.324523350114818476e-01,1.642835935240605227e-02,1.232315326005526956e-01,1.540805667787942812e-01,1.524092307798977364e-01,1.464290938602565706e-01,1.217910366154040386e-01,7.897157800798786098e-02,2.165382779202109920e-01,1.355061158586832459e-01,1.330140103857361256e-01,1.696632727882252042e-02,6.985715626442819126e-02,-1.950444203748107758e-02,-7.631193384959626680e-02,-1.021563022331315879e-01,-9.596899123183132152e-02,-9.654488617480662394e-02,-2.175338390019189716e-01,-7.405837649685535762e-02,-2.466096184253921964e-01,-2.183159599258103212e-01,-2.665463897720573572e-01,-1.764628778633315076e-01,-2.151284700356617952e-01,-1.153147202032054897e-01,-2.216351659835501600e-02,-1.875498191218560318e-01,-1.501471916957621833e-01,1.001845535122981301e-01,-2.597864606484493466e-01,-1.404012330741627457e-01,-2.293065883200017252e-01,-1.778995315035590552e-01
-8.208575631530198868e-02,-3.557446640674576804e-02,-1.183141093453555018e-02,-1.741120005915468005e-01,1.651477572448546011e-02,-7.365510917542249236e-02,-1.367469674468388408e-01,1.631339574245233709e-02,-1.203757142038009154e-01,-1.137459700966665932e-01,6.108345451063776355e-02,1.969771057134074924e-02,-5.693207355609175568e-02,4.622077174209446304e-02,-2.855258318365226297e-02,3.967268640283952430e-02,6.626750510390259918e-02,-4.730985159937423079e-02,2.996126354988914442e-01,-1.222136954890531146e-01,8.106516196872961752e-03,1.000000000000000000e+00,1.083149876165153715e-02,-1.747280505579832666e-01,2.072925887208780238e-01,1.431507229923546232e-01,1.309128420544710958e-01,8.443814612540324893e-02,8.507184890728683446e-02,2.841602161931142817e-02,2.926519071386431969e-01,4.105861220059639494e-02,-1.150802738723208374e-01,9.259425951054085779e-02,1.589342019129180716e-01,-1.794438083126871364e-01,-1.117487638956809332e-01,-5.213888489200333570e-02,-8.198077327898578570e-02,1.649012852405948859e-01,-7.129955265528692410e-02,-1.851523178985097287e-02,4.062371319845155260e-02,1.713100598793923235e-01,7.807773878319930472e-02,-1.060131759621393416e-01,5.085139292869365196e-02,-4.644916159961274410e-02,5.598528057374804745e-02,5.010336278686484957e-02,1.217689845555850192e-01,6.906407594789626403e-02,1.223721385563786707e-01,1.112395309570606283e-01,-1.268038813898569872e-02,9.801634358617147824e-02,1.781989757787747763e-01,1.123504042048296819e-01,1.909267787632150382e-01,7.832946614786399919e-02,1.516712324569752524e-01,-7.177975262108411691e-02,-5.319810702277778802e-02,-1.427685833736652699e-01,-1.006598712744253277e-01,-4.248303140227778496e-02,-2.625350396889880034e-01,-2.181206105540326734e-01,-6.223031859451972486e-02,-2.927694945586840070e-01,-1.293436400818440135e-01
