1.000000000000000000e+00,3.398452602264666056e-01,3.122754705025588273e-01,1.223541988266971664e-01,1.624598880341171503e-01,-2.946561931357853138e-03,1.272162947999400107e-01,6.650362033742081291e-02,8.676043792668310106e-02,1.240343519129667588e-01,4.259109803805165295e-02,6.145971721496644447e-02,-4.125730857774254599e-03,3.972728889850964118e-02,6.152508655493279383e-02,-4.473869342184400022e-02,-8.028214154059788721e-02,4.482153610796638793e-02,2.092372450212873908e-02,3.406536059893688906e-02,1.925364251134670246e-02,1.696897428104754760e-02,-2.265390700269121968e-02,-1.360202633570940442e-02,-1.533721687571146545e-03,3.277017412678216030e-02,-3.462376175827171047e-03,1.402742525443450780e-02,1.342018699869919340e-02,1.665249741108085907e-02,1.832189446973849986e-02,2.989865884298863880e-02,1.321305382738333610e-02,-2.568730794221900024e-02,5.383487136325667936e-04,4.081532247788965950e-02,3.754087641736283260e-02,-1.635177526884227378e-02,1.932999188016123332e-02,8.678858558510988558e-03,1.487861833600723866e-03,-2.526970258326138516e-02,-2.133273550085056439e-02,-8.226995647128573785e-03,-4.988705105452179503e-03,-1.258407957388378400e-02,1.247690328070371083e-03,1.990160283025305815e-02,2.654302488898387905e-04,1.780003697875735119e-03,-6.628274391590431060e-03,-3.422016261578261168e-03,-2.033464367004212542e-02,-9.418958082734962822e-03,-1.935275027976516085e-02,-1.985187554633005905e-02,7.733015298234427806e-03,-2.111903932342861293e-02,-2.549605911131574976e-02,-2.472620616059387905e-02,-9.727070784636540624e-03,-2.215322439872466700e-02,-9.738077001665072091e-03,2.345051332540164235e-02,3.393185985639676772e-02,1.703187899777014805e-02
3.398452602264666056e-01,1.000000000000000000e+00,2.083086277364127603e-01,9.761198130473681955e-02,1.303853883750120402e-01,-2.866641799164648327e-02,6.287453464514190793e-02,-1.885688130773898602e-02,4.415613293204911916e-02,8.679596915748713504e-02,2.807133551608279390e-02,5.811419182466917577e-02,3.036124309826251574e-02,2.276861268899222496e-02,5.309954704062088554e-02,-1.569437187884025614e-02,-4.611571418503405961e-02,4.927254982678180156e-02,4.042894548126434173e-02,5.769061700383894264e-02,7.240890765979646725e-03,3.523982156181618142e-02,-2.634742461764774668e-02,-2.909552028652251376e-02,-4.598095165416561658e-02,2.490775210371994758e-02,1.527291781977089223e-02,1.582234048326600431e-02,1.388991265343505338e-02,7.802221627510157360e-03,4.341497903888501091e-03,3.191004449835686124e-02,2.446606443038840811e-02,-4.381967565078885574e-02,7.301407144715306788e-03,3.938451759631918236e-02,3.200171716215426121e-02,-2.293711159163490387e-02,-1.246518947951584695e-02,-7.119098880061076016e-03,9.574754585756876588e-03,-1.873626306435472247e-02,-2.952216128530876782e-02,-1.125921448591078906e-02,-1.604710697669058800e-02,-2.283379590831449701e-02,-7.117592923333689731e-03,8.727586659726839849e-03,-1.385311963707267467e-02,-2.306032425579317147e-02,-1.813587532606240546e-02,-1.656715608017213931e-02,-4.745236859895316656e-02,-1.631697378921883809e-02,-2.103993970143493153e-02,-2.160339124939086516e-02,-6.836684977829856139e-03,-1.008825342548290080e-02,-4.386939547572122483e-02,-2.653058556122581124e-02,-2.454500809043686990e-02,-1.619362636073798031e-02,-2.183717680663283672e-02,-2.838720175076401599e-03,2.059301721246094286e-02,5.931263811955473329e-03
3.122754705025588273e-01,2.083086277364127603e-01,1.000000000000000000e+00,2.066170553657648845e-01,2.978194397040622721e-01,1.321168280725791393e-02,1.992768663149108721e-01,1.189591822980901881e-01,7.939498917437655401e-02,1.598962058172224698e-01,7.389759683282698388e-02,6.495841961918560892e-02,-3.684701097510594946e-03,7.160194978145836830e-02,4.931001727588663064e-02,-2.737920121324581915e-02,-6.438633930222803503e-02,3.774528867979482644e-02,2.591272872387006404e-02,2.796170194263400063e-02,1.572492001087858957e-02,3.567428311975754567e-04,-2.838144734272072048e-02,-3.777084520510981536e-02,4.437276600292414282e-03,6.170975925420357083e-02,-6.136195653833369061e-03,1.915072012094222106e-02,2.450756757503918040e-02,2.204908605327888290e-03,4.251471321071687015e-02,3.048426933361657667e-02,3.150388182285134009e-02,5.199094756537897891e-03,-2.412960683579627036e-02,6.310099726182720296e-03,2.493875444800316369e-03,-1.021284145898974233e-02,2.057657330649729707e-02,-1.142989508203618582e-02,4.272980088367026030e-02,1.386068003913393546e-03,-5.689990269602867440e-02,-2.767784766710768354e-02,-1.144140648354145806e-02,-3.400755152119219055e-02,-1.006688925934899961e-02,1.002453905040759721e-02,-5.376826298607573218e-02,-9.774346776777699183e-03,-1.887172637471840747e-02,1.265057396577681098e-02,-2.299990127216343383e-02,-1.240304558480332352e-02,-1.225813539897922105e-02,-2.841368599003903442e-02,8.057700097173686737e-03,5.809334513581719019e-03,-4.722034728380893748e-02,-2.402416533225705877e-02,-1.633044833523060110e-02,-1.502467092967571700e-02,-2.213893498522057079e-02,-1.705096197553222087e-02,2.052785778007270266e-03,-1.718781042359245059e-02
1.223541988266971664e-01,9.761198130473681955e-02,2.066170553657648845e-01,1.000000000000000000e+00,3.888664944794200662e-01,3.117692498055142925e-01,4.791414942913890251e-01,2.546091848277999836e-01,1.949636268984387411e-01,4.038759684083301771e-01,7.796169096841466806e-02,1.619443463080591228e-01,-3.380207564783867333e-03,8.851028033907050452e-02,1.477968514194236416e-01,-3.860622900469513896e-02,-1.304804339468327301e-01,8.862733656876434218e-02,7.262715389186827353e-02,1.035199212449073869e-01,-3.176689433924719669e-02,5.888725337830459650e-02,4.538578781928511580e-02,-1.377916809355685286e-02,-3.259985650260974199e-02,4.484786502361634564e-02,3.768885589108553896e-02,1.499832991723249083e-02,5.968754093572553078e-03,-3.167124103351542236e-02,1.027305753945918602e-02,-2.181621718406973054e-02,2.290010533962540291e-03,-2.976767164214018727e-02,-2.899389428153362896e-02,-4.146399323605646885e-03,-2.500390895808810021e-02,-2.833700804290854164e-02,-1.528528589541736267e-02,-2.100429551563919028e-02,1.549698290865314174e-02,-1.603380890576245818e-02,-4.416896648753218524e-02,-3.434647200989184024e-02,-1.782338933806006109e-02,-3.359712133752604528e-04,-8.869436510185133363e-03,-1.794954758389633379e-02,-3.446793345322574781e-02,1.542802229301696356e-03,-4.030816167096317598e-02,-1.764630375759907235e-02,-5.586063939168513237e-02,-3.746661810638148016e-02,-3.820570815907170514e-02,-4.790669670176023881e-02,-2.147405463782248516e-02,-1.121994073423678191e-02,-5.117006519163331407e-02,-2.849863567822151500e-02,-1.451928399495779065e-02,-8.460583628378426368e-03,5.135735936474082955e-03,1.787177182388455937e-02,4.808189825279294422e-02,3.155112787472032308e-03
1.624598880341171503e-01,1.303853883750120402e-01,2.978194397040622721e-01,3.888664944794200662e-01,1.000000000000000000e+00,3.337048035869046303e-01,4.326460179447396692e-01,2.637275070954280820e-01,1.549869766626387202e-01,3.186933215110619999e-01,7.566601750817217309e-02,7.206481441672425714e-02,-4.111485667343312694e-02,8.025051483112018158e-02,6.287238597580577237e-02,-4.836680694008309994e-02,-9.689347568772312125e-02,7.608664857647648438e-02,3.613879090425821394e-02,6.898858026734167037e-02,-2.893229113508458822e-02,3.328007603129175263e-02,-1.497991410191156468e-02,-4.430354485656341768e-02,-3.048817048888058726e-02,6.540038089724894976e-02,2.788721466993819131e-03,4.962473054966500333e-03,-2.628597715659213192e-03,3.652315506562055702e-04,3.779302528920350235e-02,-9.480392493885297055e-04,1.231032872180233377e-03,-3.868644495486536078e-02,-4.484353711814946519e-02,-9.696170461392528833e-03,-3.584907548442987230e-02,-4.453452833408469425e-02,-1.306348813753244881e-02,-4.967096990633284442e-02,2.582994146072095740e-03,-3.967440771089113249e-02,-5.526864251222469299e-02,-2.910593185941867320e-02,-1.289573537903868430e-02,-3.776302968642833435e-02,-4.007787331975969786e-02,-1.075124906946831049e-02,-7.997801933601575430e-02,-3.094538323114072106e-02,-3.326958838911000388e-02,-2.041681992029677553e-02,-5.357201152436267405e-02,-1.675635580215868725e-02,-4.625551598532363917e-02,-4.434471478821769286e-02,1.649544202833498271e-02,4.172674622644031300e-03,-7.176687892478271491e-02,-4.346595156928168696e-02,-2.903879019552221830e-02,-1.988240799556376809e-02,3.363908421612952972e-03,-3.483518372343909295e-03,2.303568058593519555e-02,-8.790561046267903259e-03
-2.946561931357853138e-03,-2.866641799164648327e-02,1.321168280725791393e-02,3.117692498055142925e-01,3.337048035869046303e-01,1.000000000000000000e+00,2.900357898437334048e-01,1.735096538557063250e-01,1.395445014969209085e-01,2.502882290735903847e-01,-2.777644344947927113e-02,4.767039762420959698e-02,-8.359767673132480204e-02,-1.674718005782880464e-02,5.322591667530592735e-02,-2.630857657025024304e-02,4.616493774222685254e-03,7.649762967774152711e-02,3.757276311980176781e-02,6.008546065376461909e-02,-3.767477164340196638e-02,3.509449784293575125e-02,1.586996006127043557e-02,2.012816754681480760e-02,-1.236667201046104218e-02,3.945239547473569641e-02,2.358277554872760529e-02,1.367251707497957325e-02,2.952711094126856273e-03,1.539725547360033635e-03,2.728082351268765887e-02,-6.917691542113639687e-03,4.503663704861829258e-03,-5.234297978258362939e-03,-3.632157758478811883e-03,-4.020575272866228067e-02,-3.810927051878611888e-02,-1.991448921834290675e-02,-3.632270406395952966e-04,-2.684892241349704986e-02,-9.281211452845120058e-03,-5.166297805759596101e-02,-4.325110661445286803e-02,-4.399962252985208100e-02,-3.450446508398061912e-02,-3.303102064464650406e-02,-3.715355253631715676e-02,-5.489586358465360638e-02,-2.591519341144755267e-02,-3.431882465606754529e-02,-4.087389836024211270e-02,-3.407027458040622764e-02,-4.922445115031655327e-02,-3.277702645392272657e-02,-3.717443051116005315e-02,-1.830812141251616371e-02,-1.938544748352078254e-02,1.228420860290832355e-02,-2.072754075662606305e-02,-1.046610230875431174e-02,5.017618742509224843e-03,-3.166903336831528373e-05,2.709141521980869965e-02,1.278773345215871576e-02,3.220227937695190057e-02,-9.553695544906889645e-03
1.272162947999400107e-01,6.287453464514190793e-02,1.992768663149108721e-01,4.791414942913890251e-01,4.326460179447396692e-01,2.900357898437334048e-01,1.000000000000000000e+00,4.220565451670904022e-01,3.539175668842486910e-01,6.395254912583870910e-01,1.530486160740560375e-01,2.460466927875026300e-01,-6.168114749372445582e-02,1.588866730153060958e-01,2.223347223183615162e-01,-6.841534743073615643e-02,-2.142047308819944873e-01,1.215755629192134674e-01,1.078904293786827756e-01,1.371095101452241838e-01,2.509277632400407423e-02,8.552405926177887585e-02,2.247855964898311243e-02,-5.032704239949917398e-03,-5.511487357933207709e-02,1.377914617717367618e-01,5.121177803812863860e-02,1.680929243603392770e-02,4.023799851086302254e-02,2.358356492847510453e-03,6.984366391867365131e-02,1.520959528664939456e-02,2.682992271743235568e-02,-4.297533232020548689e-03,-4.412703912733079159e-02,-4.263985876818184723e-02,-2.517333181309501164e-02,1.912093219600236038e-02,3.481545468515512276e-02,-2.407884924600172793e-03,-5.507188268552448175e-03,-3.800696591326233054e-02,-3.363083912659758229e-02,-1.843614348382862853e-02,3.198456861083998938e-03,-2.119209328520201344e-02,-2.668374368550438525e-02,-8.734881660190877556e-03,-5.205393968996031157e-02,-6.385850019794482232e-03,-2.223507547141555935e-02,4.275642535086224098e-03,-3.258666594843242365e-02,-5.495239575378934455e-03,-4.571257039167205688e-02,-5.201271285226049396e-02,-1.508288341499725189e-02,5.491993069760141809e-03,-5.153234000633714895e-02,-2.186618637040480678e-02,-3.889951478636877180e-02,-3.758442132548746317e-02,4.387696819262987269e-03,1.721707548967586765e-02,5.703479854330532894e-02,8.435665717537755084e-03
6.650362033742081291e-02,-1.885688130773898602e-02,1.189591822980901881e-01,2.546091848277999836e-01,2.637275070954280820e-01,1.735096538557063250e-01,4.220565451670904022e-01,1.000000000000000000e+00,3.814305752815060346e-01,1.962210726157459229e-01,-7.994630233047442247e-02,-1.728288379656209017e-01,-3.495535884021580553e-01,-4.499809839587284171e-02,-8.325601598744938880e-02,-2.518584108881938843e-01,-1.194342043728284508e-01,8.593265765622795649e-02,-1.456373262164246396e-01,-1.132773557357555083e-01,-4.016211210349338728e-02,-1.115581754717655943e-01,-3.221271542537616772e-02,-2.750396821927579213e-02,5.882935898595383073e-02,1.219386979423417589e-01,1.288202178855938967e-03,4.845348799436629064e-03,-4.991378445624447546e-02,-5.465630218506645210e-02,-2.688425118919243414e-04,-5.426311512941003889e-02,-4.013903946465152001e-02,-3.294263079477607187e-02,-8.694608367170016117e-02,-7.792603926074564979e-02,-9.333414833972031310e-02,-1.458949220095070998e-02,-8.923475248782538130e-03,-3.242174996926978914e-02,-2.488403171944302342e-02,-6.497692734096212341e-02,-3.478105122368495977e-02,-3.305612321332645348e-02,-2.412948510044717748e-02,-2.267979429188496376e-02,-3.485378276162250794e-02,-2.705959194151933561e-02,-2.782101108309420825e-02,-8.120886860907752108e-03,-2.179665630768430271e-02,-6.771143782689979101e-03,-1.335029501763008650e-02,1.376496546399603354e-03,-4.676281570179957603e-02,-3.473774781674382472e-02,-2.220817798803366092e-02,-4.770166034429065664e-03,-4.727050939708998117e-02,-5.937423744979253466e-03,-4.964651427200606100e-03,-1.319624271415579218e-02,1.104534934762985837e-02,3.870227845760945695e-02,9.211682362721228257e-02,4.585367472604662265e-02
8.676043792668310106e-02,4.415613293204911916e-02,7.939498917437655401e-02,1.949636268984387411e-01,1.549869766626387202e-01,1.395445014969209085e-01,3.539175668842486910e-01,3.814305752815060346e-01,1.000000000000000000e+00,3.591765516774236278e-01,-2.012984760204640511e-01,1.477031845258181264e-01,-1.759024949559625517e-01,-1.509399653082740544e-01,1.943569125477056514e-01,-1.892698822845299833e-01,-1.466111509445822136e-02,2.826488709092449536e-01,1.118812105275814178e-01,1.687235928497029802e-01,5.859946267691563265e-02,1.379720361958418351e-01,1.159534843307052400e-02,4.423707344021331200e-02,-8.868950379140856655e-02,1.190231090582360568e-01,1.448404005576993669e-01,9.112274559923656814e-02,3.777365498271590544e-02,2.711322868472156034e-02,5.203727019921487035e-02,1.561912745935490829e-02,4.297697122060699371e-02,-1.462667449600443120e-02,-1.705518624343268022e-02,1.529073749833678025e-02,2.206310379928163451e-02,-2.805636237808638994e-02,1.224153960403151931e-03,-1.776450056328273894e-02,-2.117277475682774815e-02,-2.248414605672511765e-02,-6.263052761176647609e-03,-2.377897409229844366e-03,-1.050153790260895635e-02,-1.979157186354464637e-02,-6.621188494018265605e-03,-5.891199515055772946e-03,3.738553981025517087e-02,3.001276344629496412e-02,2.236039347269642291e-02,2.927482871446293600e-02,8.257970812866145816e-03,3.156482821000928390e-02,-1.184266550611131653e-02,-1.955592750891177456e-02,2.236367847753619603e-02,2.396325901676616202e-02,4.723638351615023177e-03,6.209677211450594266e-03,2.092539391155632048e-02,-1.737231793893844606e-02,3.348122965098908593e-03,4.183549424027684441e-03,4.122879326580489168e-02,-9.717253213265950387e-03
1.240343519129667588e-01,8.679596915748713504e-02,1.598962058172224698e-01,4.038759684083301771e-01,3.186933215110619999e-01,2.502882290735903847e-01,6.395254912583870910e-01,1.962210726157459229e-01,3.591765516774236278e-01,1.000000000000000000e+00,1.710397991647648608e-01,4.370121950531806188e-01,5.658804741147394068e-02,2.012475800767590528e-01,3.841014904119383622e-01,3.134344917568303193e-05,-2.083904450661031582e-01,1.735971781025166250e-01,2.428913182805135795e-01,2.718498850109858367e-01,6.897250145540433086e-02,1.984666387011929101e-01,3.255167035848065271e-02,1.920965750280353296e-02,-9.908840124979322039e-02,1.320328229057481650e-01,1.033585080979751020e-01,5.992765781918937135e-02,7.963845034355881980e-02,2.619860650935946708e-02,8.398617830793227157e-02,5.584663717249813836e-02,4.284899976130687044e-02,1.545970192531457080e-02,-8.982017788736204947e-03,-1.515575692463563828e-03,2.947174966531631093e-02,1.618139628745964703e-02,3.879627989655590192e-02,-2.827052689093781206e-03,7.233384830197340382e-04,-1.854858881797211145e-02,-1.587567612571758047e-02,4.959041364865359250e-03,5.047891626031282032e-03,-1.800403024647323838e-02,-1.294963121273329937e-02,1.389029007085698132e-02,-2.038071685681275974e-02,-1.408271941607758997e-03,-1.912942923944648682e-02,7.074216398818781310e-03,-2.032292312474715673e-02,7.238189805594560586e-03,-2.871042569032663042e-02,-4.335600849228582465e-02,3.806375030109897077e-03,5.281547687638913843e-03,-2.525986742507938324e-02,-1.379758514134264182e-02,-1.554017126277002468e-02,-3.325683138053375093e-02,9.690139364992356175e-03,2.452932293344043876e-02,4.047856374464468832e-02,1.920168370402250413e-03
4.259109803805165295e-02,2.807133551608279390e-02,7.389759683282698388e-02,7.796169096841466806e-02,7.566601750817217309e-02,-2.777644344947927113e-02,1.530486160740560375e-01,-7.994630233047442247e-02,-2.012984760204640511e-01,1.710397991647648608e-01,1.000000000000000000e+00,4.325793855007753486e-01,3.951997671948928592e-01,6.621692169616982815e-01,2.871232175877115878e-01,3.028108571299475416e-01,-3.104366652083982436e-01,-1.921850417728549754e-01,1.647725436245948416e-01,1.019908929960800376e-01,3.379104043754540404e-02,2.339484709405883697e-02,-2.250805623752179588e-02,-4.576140823251213796e-02,3.014554106557647620e-02,1.178085114024254865e-01,4.844942572536011655e-02,8.957320961596708375e-02,1.144704780497800417e-01,4.274994574387121216e-02,9.586406893665282147e-02,8.600373916462057677e-02,2.608429657797526127e-02,2.368581579674042259e-02,5.148611130531639303e-03,1.837682084692500071e-04,2.552827357885210577e-02,2.855503866139652916e-02,3.076011562496153151e-02,1.549689155639515613e-02,2.858003157498499938e-02,4.481011031805992584e-02,1.155379155781074800e-02,2.661956574724515245e-02,1.798998877884909128e-02,2.767996865863337971e-02,3.094753300848309199e-02,3.404867773918139606e-02,-8.698355184541461602e-03,3.451669348826846145e-02,1.059871863122030522e-02,4.046934986466467488e-02,3.152571115163012305e-02,2.269749459835278954e-02,1.809126809014326978e-03,-4.000106944655685941e-03,2.583250802492180823e-02,3.760559791654005668e-02,-3.208026860690525034e-02,-3.732312525888540483e-02,-3.221592039094962889e-02,-4.264337902178234885e-02,-3.252568844001148263e-02,4.261606183640051330e-03,-9.626529962465909043e-03,-1.283275724783047682e-02
6.145971721496644447e-02,5.811419182466917577e-02,6.495841961918560892e-02,1.619443463080591228e-01,7.206481441672425714e-02,4.767039762420959698e-02,2.460466927875026300e-01,-1.728288379656209017e-01,1.477031845258181264e-01,4.370121950531806188e-01,4.325793855007753486e-01,1.000000000000000000e+00,4.186671251543075956e-01,4.093771963424277516e-01,6.346286421824270940e-01,2.615786291349005421e-01,-1.910749569514056112e-01,1.221058451202113454e-01,4.442040577083438135e-01,4.454727300067226614e-01,1.172145233255020569e-01,3.402822814162815845e-01,3.780515142010752727e-02,4.006858762584844524e-02,-1.614710455785355603e-01,1.389513139774613271e-01,1.891786257922165870e-01,1.515521127144507652e-01,1.917826627443350584e-01,1.044421983089468264e-01,1.512424784177472115e-01,1.510905612517254026e-01,8.061108378788310602e-02,3.771738081021858147e-02,4.459520180429665109e-02,4.818035773570993052e-02,1.054681623090771431e-01,4.044510825225431511e-02,4.825911166177315748e-02,2.873713894504807687e-02,3.671188455639920467e-02,7.130689136324383504e-02,2.803617244273208867e-02,5.875990391628367615e-02,4.667986435979678411e-02,2.866493062220967086e-02,5.426031125603709288e-02,6.228121545360548045e-02,3.969040564959987194e-02,6.083308759589762388e-02,3.788793788303305293e-02,5.467466783002779274e-02,3.924623735647955053e-02,4.813745884703005129e-02,1.209630842736036244e-02,-5.796712890144531741e-03,2.636964574554418600e-02,3.901954154968820948e-02,4.112131462911589042e-03,-2.076522064620488217e-02,-1.632380472921098405e-02,-3.733550308820535873e-02,-2.095484442236152448e-02,4.671018546771914075e-03,-1.785660996281202353e-02,-1.908353346096135911e-02
-4.125730857774254599e-03,3.036124309826251574e-02,-3.684701097510594946e-03,-3.380207564783867333e-03,-4.111485667343312694e-02,-8.359767673132480204e-02,-6.168114749372445582e-02,-3.495535884021580553e-01,-1.759024949559625517e-01,5.658804741147394068e-02,3.951997671948928592e-01,4.186671251543075956e-01,1.000000000000000000e+00,4.098884135228005321e-01,2.560582149152627607e-01,6.374147456768880504e-01,-1.356242058410980778e-02,-2.553778324940466637e-01,2.767733143727386103e-01,2.386591434720662375e-01,-1.537411899919842451e-02,1.566623105761153212e-01,6.543501573125114212e-02,-1.400497983821044796e-02,-6.302223157042489976e-02,-1.443801883825632454e-03,4.713248099121512130e-02,1.015412803136300363e-01,7.924359096240653211e-02,6.670541996894144288e-02,9.964712038399066441e-02,7.790708624244920000e-02,3.917124084703883097e-02,3.697247739397935100e-03,2.949755338571807134e-02,1.754477589816315700e-02,4.814125842921959664e-02,3.327466977389189479e-02,1.652108712487610973e-02,4.840954977547055199e-03,2.296559939578067880e-02,5.825383034746325212e-02,3.258743511286287670e-02,3.070051260662006593e-02,1.449485285920631798e-02,2.060361747551782072e-02,3.972170275984966692e-02,1.080712352697955556e-02,1.561655975024236684e-02,4.103844062388098402e-02,1.784579972962364869e-02,5.048993706322661007e-02,3.475685555108097569e-02,2.992769774199708493e-02,6.911055530707350611e-03,1.059445609636386169e-02,2.814683843032292007e-02,3.255792953144866914e-02,-6.316252116397004729e-04,-3.858159291780271366e-02,-3.956205185146986769e-02,-1.728053628711840109e-02,-3.138559670547313302e-02,-7.607848457842000811e-03,-3.275594903770782246e-02,-1.018096505556118948e-02
3.972728889850964118e-02,2.276861268899222496e-02,7.160194978145836830e-02,8.851028033907050452e-02,8.025051483112018158e-02,-1.674718005782880464e-02,1.588866730153060958e-01,-4.499809839587284171e-02,-1.509399653082740544e-01,2.012475800767590528e-01,6.621692169616982815e-01,4.093771963424277516e-01,4.098884135228005321e-01,1.000000000000000000e+00,3.373262921816783111e-01,3.221552031382629577e-01,-4.274848570360043620e-01,-2.275001872736610031e-01,1.820861093384056328e-01,1.069962546905249973e-01,5.153474443275407602e-02,1.119211430005099400e-02,-4.359925601439505749e-02,-8.634155673180193835e-02,3.145807959192610526e-02,1.578802557797800155e-01,6.777521766415456339e-02,1.112177380297271062e-01,1.116543429094444539e-01,3.224036065425630454e-02,9.263161470659896091e-02,8.539669152272898189e-02,1.918815435534470398e-02,3.234212255922692264e-02,5.083826646074868574e-03,-3.118649365697613064e-03,2.995937752934214188e-02,4.983750652977054357e-02,4.640653115945848201e-02,2.102285151153040002e-02,4.436976455809760883e-02,7.509874308381569996e-02,1.336665718624628109e-02,2.784194907057139720e-02,3.554011788250321935e-02,4.266456535747367718e-02,4.383754326296979836e-02,3.474765883119326770e-02,1.220676290321621961e-03,4.238533455300589475e-02,1.187442212180254628e-02,5.624111146444460418e-02,2.513895704268939019e-02,2.336644123715175478e-02,1.295173310155595635e-02,1.121473000999861913e-02,2.443790908962158170e-02,4.260308980937845685e-02,-3.929019098685453820e-02,-3.670273247673050410e-02,-5.482799187884673103e-02,-4.967131711236384695e-02,-4.202865524161528837e-02,-1.851389774484316422e-02,-3.620203606966278242e-02,-2.029522662050284657e-02
6.152508655493279383e-02,5.309954704062088554e-02,4.931001727588663064e-02,1.477968514194236416e-01,6.287238597580577237e-02,5.322591667530592735e-02,2.223347223183615162e-01,-8.325601598744938880e-02,1.943569125477056514e-01,3.841014904119383622e-01,2.871232175877115878e-01,6.346286421824270940e-01,2.560582149152627607e-01,3.373262921816783111e-01,1.000000000000000000e+00,6.960469982119223131e-02,-2.891209229438828632e-01,2.913907540950698150e-01,5.105247833217791964e-01,5.105973014684154210e-01,1.401561267296527191e-01,3.737386030975130002e-01,-2.655650933169957824e-03,2.838587029708201925e-02,-2.096092651779178917e-01,1.846016501920116348e-01,2.236767599734068024e-01,1.708455752354383905e-01,1.924020785222544105e-01,9.282769846142829850e-02,1.319327909205198768e-01,1.332500774368927665e-01,7.169592772037146344e-02,2.989853648102935510e-02,4.428166019801147574e-02,5.309492037948269211e-02,1.178378507441828066e-01,3.670613094983378455e-02,4.398137214756214775e-02,1.159240157012135682e-02,4.558804175025833044e-02,8.102795511074578627e-02,2.032041220772758117e-02,5.906411369546362561e-02,4.966222762548917063e-02,3.630578130331736653e-02,5.964318230984726882e-02,5.241563566352144821e-02,4.897699087038936971e-02,5.324358084858377832e-02,2.728587488820832796e-02,5.062801593520306620e-02,2.521522883734501549e-02,4.019793313855359734e-02,1.856948844158889901e-03,1.009843408408069021e-02,5.234020413013894951e-02,3.854940613289373902e-02,2.526356359598335051e-03,-1.535519139267878946e-02,-1.771582180810708784e-02,-3.383641011887800892e-02,-2.097801700248048615e-02,1.028604267795765921e-02,-9.180741597707358509e-03,-2.153702464794095620e-02
-4.473869342184400022e-02,-1.569437187884025614e-02,-2.737920121324581915e-02,-3.860622900469513896e-02,-4.836680694008309994e-02,-2.630857657025024304e-02,-6.841534743073615643e-02,-2.518584108881938843e-01,-1.892698822845299833e-01,3.134344917568303193e-05,3.028108571299475416e-01,2.615786291349005421e-01,6.374147456768880504e-01,3.221552031382629577e-01,6.960469982119223131e-02,1.000000000000000000e+00,6.399788428143807217e-02,-3.736055964460793799e-01,2.397367894280153511e-01,1.723485425047786845e-01,-7.363760809154015763e-02,1.216068476404577881e-01,1.156419125222359345e-01,1.136782901706276903e-02,-2.645217981279713443e-02,-6.108113604828234455e-02,7.182434237047030136e-03,7.135100427206651774e-02,7.163728355773409107e-02,7.892716581055125857e-02,7.826910717174025145e-02,4.873050000924593339e-02,5.716517072704676433e-02,3.558343657599152138e-02,1.281618243811939901e-02,-2.599876781133841300e-03,1.660674897098850938e-02,3.147175918776352194e-02,1.865549175198702447e-02,1.565755911550957211e-02,8.583823626621902778e-03,5.221610974689050444e-02,4.038092549819710664e-02,3.258384712740970690e-02,2.695179729258868201e-02,3.114239778735700473e-02,4.185011365183706478e-02,1.188651722960823269e-02,-5.018590393795221115e-04,2.402976790874737298e-02,5.813831860168953633e-03,3.848943732438989129e-02,2.241894446369374627e-02,2.072171572461466160e-02,1.132405047008160992e-03,9.203663047265846567e-03,-1.524910242520677653e-02,2.894834533798307588e-02,-2.297193360260216255e-02,-3.407374002718478734e-02,-3.110377213091872206e-02,-2.289513759728868322e-02,-3.287381563344433238e-02,-2.260748065456552255e-02,-3.131649880863834196e-02,-6.212894413374727733e-03
-8.028214154059788721e-02,-4.611571418503405961e-02,-6.438633930222803503e-02,-1.304804339468327301e-01,-9.689347568772312125e-02,4.616493774222685254e-03,-2.142047308819944873e-01,-1.194342043728284508e-01,-1.466111509445822136e-02,-2.083904450661031582e-01,-3.104366652083982436e-01,-1.910749569514056112e-01,-1.356242058410980778e-02,-4.274848570360043620e-01,-2.891209229438828632e-01,6.399788428143807217e-02,1.000000000000000000e+00,8.011390340656832088e-02,-1.290961424336347640e-01,-7.746259206447307644e-02,-7.125926432950155376e-02,1.145149209099716875e-02,1.108656337552875043e-01,1.432825032538736776e-01,4.170678335315890217e-02,-1.511519153486862999e-01,-4.139624294713296904e-02,1.896076298865225981e-02,-1.383727973116960844e-02,6.054786300141463268e-02,-6.164021735891101958e-03,1.999850427684550166e-02,2.982085890525239952e-02,2.151205740187427454e-02,2.743085456337131592e-02,1.859869503093740731e-02,-3.587358402168515197e-03,-4.296222870281549838e-02,-3.414561285414501740e-02,-2.426300470852848362e-02,-3.375037299247340972e-02,-2.390309487006073152e-02,1.304494613541394739e-02,-2.391403678005116565e-02,-2.437481543567286343e-02,-2.693952685275672904e-03,1.582287651690545858e-04,-2.633242772751365549e-02,-1.255971008841314830e-02,-1.885646778268482149e-02,-4.549084842496740888e-03,-2.229191246011985247e-02,-1.816549831213060823e-02,-1.704268695138222087e-02,-2.009083131402457367e-02,-3.379593558207997367e-02,-6.299530190524542383e-02,-2.246158813432972204e-02,-1.311040720663066844e-02,-1.866126849604036672e-02,2.528114074569330020e-03,1.638216360282667566e-02,4.461636881211226112e-03,1.245778463865506239e-02,2.443140978143049785e-02,4.396239160848072064e-02
4.482153610796638793e-02,4.927254982678180156e-02,3.774528867979482644e-02,8.862733656876434218e-02,7.608664857647648438e-02,7.649762967774152711e-02,1.215755629192134674e-01,8.593265765622795649e-02,2.826488709092449536e-01,1.735971781025166250e-01,-1.921850417728549754e-01,1.221058451202113454e-01,-2.553778324940466637e-01,-2.275001872736610031e-01,2.913907540950698150e-01,-3.736055964460793799e-01,8.011390340656832088e-02,1.000000000000000000e+00,1.699535068376934743e-01,2.969436498003399372e-01,1.126631118246399915e-01,2.315767190485854277e-01,-4.148568666238212910e-02,7.045415489277952192e-02,-1.740497117209220956e-01,1.045028944611156307e-01,1.607479689772678133e-01,7.364607213599995428e-02,3.648799906071147764e-02,1.902710291055102060e-02,-3.367023554484947345e-03,2.303415572456216781e-02,1.005618953345866276e-02,-5.566856789152647977e-02,-2.266348374920190874e-03,6.590383062321564234e-02,6.389029330486073466e-02,-4.723306414859472502e-02,-1.320830681812729113e-02,-1.509227746573556239e-02,-4.035876350758392690e-03,-5.798062442682992354e-03,-6.778092577442267064e-03,1.337676576232381051e-02,7.653760496473995933e-04,-2.668861137313238360e-02,-1.572014777083144410e-02,2.181743881824048034e-02,1.727866886920861531e-02,1.736092268382552484e-02,1.343161922173062225e-02,-7.021950738640223965e-04,-1.374066745235906148e-02,9.913168590690505169e-03,9.530767144113557778e-04,-3.020853944892418902e-02,-1.524419622806292077e-02,-1.055362190493814613e-02,5.744283610427481333e-03,-2.594839075528608194e-02,-2.092675327414674283e-02,-2.347127418139102750e-02,-3.445627254561598515e-04,2.700323142372344776e-02,2.702283732047659759e-02,5.949123326593291211e-03
2.092372450212873908e-02,4.042894548126434173e-02,2.591272872387006404e-02,7.262715389186827353e-02,3.613879090425821394e-02,3.757276311980176781e-02,1.078904293786827756e-01,-1.456373262164246396e-01,1.118812105275814178e-01,2.428913182805135795e-01,1.647725436245948416e-01,4.442040577083438135e-01,2.767733143727386103e-01,1.820861093384056328e-01,5.105247833217791964e-01,2.397367894280153511e-01,-1.290961424336347640e-01,1.699535068376934743e-01,1.000000000000000000e+00,6.865447765524447243e-01,7.108595271194469156e-02,4.890541807416903253e-01,2.737467541838287804e-02,-3.750279332128578919e-02,-2.902243044624601698e-01,7.236983187355315594e-02,1.683327585292948292e-01,1.259138587467937276e-01,1.187646830725829217e-01,5.148749052624477379e-02,6.525387750918054675e-02,8.626774377871326838e-02,1.073186393182439247e-01,4.395196149103411561e-03,6.278302601343717371e-02,6.238202051958393474e-02,1.247322246794713152e-01,3.665320534321983570e-02,4.433343778837372379e-02,1.166351906655344571e-02,6.821859875142165242e-02,6.207502485462390585e-02,-1.614086550411493806e-02,1.645044081215256068e-02,1.870733264750077535e-02,1.135176908693191072e-02,2.686806496651850118e-02,4.598721310994029893e-02,5.578639973954134523e-02,2.588137825301508807e-02,1.919609966625264452e-02,2.171112059029470243e-02,8.045985348695779138e-03,3.831477324055477390e-02,2.054088036389650762e-03,3.787867532233633785e-03,5.556494074331768535e-02,3.530559844643530593e-02,1.294843063724578774e-02,-2.616348955914122448e-02,-5.256874948764099324e-03,-8.269320822778222432e-03,3.720812611283865097e-03,2.423796468861106473e-02,-6.404237972770995824e-03,-1.996365544345682017e-02
3.406536059893688906e-02,5.769061700383894264e-02,2.796170194263400063e-02,1.035199212449073869e-01,6.898858026734167037e-02,6.008546065376461909e-02,1.371095101452241838e-01,-1.132773557357555083e-01,1.687235928497029802e-01,2.718498850109858367e-01,1.019908929960800376e-01,4.454727300067226614e-01,2.386591434720662375e-01,1.069962546905249973e-01,5.105973014684154210e-01,1.723485425047786845e-01,-7.746259206447307644e-02,2.969436498003399372e-01,6.865447765524447243e-01,1.000000000000000000e+00,7.604582055252809628e-03,6.243176456122558893e-01,6.814932099911225061e-02,1.739067162226494781e-02,-3.371734169646856683e-01,7.287585018820152971e-02,2.130407263715093369e-01,1.490623704750731193e-01,1.336944983809284226e-01,7.271843228819885319e-02,8.116384850115225535e-02,6.962245448981169149e-02,1.005095806787720258e-01,-8.265457397324040348e-03,4.175664527665218922e-02,7.009342396309359291e-02,1.205604849737403478e-01,1.621605131468192157e-02,2.781779486063936171e-02,-1.166273872021222034e-02,4.930448837282153107e-02,4.489856806373941633e-02,-1.295103091649691014e-02,2.419295279142038083e-02,1.296479474002292138e-02,1.938467858943060049e-03,3.164219089751799108e-02,4.767598942062415551e-02,5.475491636745357521e-02,3.023903014066382094e-02,3.182908032726017994e-02,2.313468458558009741e-02,9.406831869902775728e-03,3.849220981649396911e-02,-5.454863492770099581e-04,-4.693703620180997294e-03,5.127253401109212877e-02,3.518983346899139802e-02,7.515573457053960002e-03,-2.415281742619444436e-02,-8.299127659961963444e-03,-2.437477703822982580e-02,-2.156093830346856102e-02,2.633094423262530986e-02,1.238938794121378049e-02,-2.876277108337083228e-03
1.925364251134670246e-02,7.240890765979646725e-03,1.572492001087858957e-02,-3.176689433924719669e-02,-2.893229113508458822e-02,-3.767477164340196638e-02,2.509277632400407423e-02,-4.016211210349338728e-02,5.859946267691563265e-02,6.897250145540433086e-02,3.379104043754540404e-02,1.172145233255020569e-01,-1.537411899919842451e-02,5.153474443275407602e-02,1.401561267296527191e-01,-7.363760809154015763e-02,-7.125926432950155376e-02,1.126631118246399915e-01,7.108595271194469156e-02,7.604582055252809628e-03,1.000000000000000000e+00,1.672652717151016377e-01,-7.237155148468309152e-02,1.144992114845878733e-01,-2.994044903946572675e-02,1.852990976892275876e-01,1.371977062179746965e-01,9.033336536504524283e-02,6.052262517624960869e-02,4.380342552481281820e-02,5.287031749520044316e-02,7.502982002876099066e-02,4.581425472651991238e-02,5.033672324120134350e-02,3.795922522671348748e-02,2.248284035378951898e-02,1.001701704743330201e-01,6.199372395775788747e-02,7.509711682110317699e-02,5.032089141522152337e-02,3.118889170598678276e-02,3.321575930953678951e-02,5.496003683156730144e-03,3.325702526982322188e-02,5.702155062955682058e-02,3.186744507615910105e-02,5.241401948291478027e-03,4.851048932325741775e-02,1.603377089539586089e-02,4.772315281280663929e-02,4.788288730142740285e-02,5.511632488236434951e-02,5.863256301929730546e-02,3.863949689383331526e-02,1.239525675084803512e-02,1.633636151914222637e-02,4.024580251488150268e-02,3.062778862115525524e-02,2.548139493106827552e-02,2.475672748224880260e-02,1.661701390709391379e-02,-1.223339257768664076e-02,-3.266986788011254361e-02,9.105897399950579549e-03,-1.159677204896974144e-02,1.982521985637698478e-02
1.696897428104754760e-02,3.523982156181618142e-02,3.567428311975754567e-04,5.888725337830459650e-02,3.328007603129175263e-02,3.509449784293575125e-02,8.552405926177887585e-02,-1.115581754717655943e-01,1.379720361958418351e-01,1.984666387011929101e-01,2.339484709405883697e-02,3.402822814162815845e-01,1.566623105761153212e-01,1.119211430005099400e-02,3.737386030975130002e-01,1.216068476404577881e-01,1.145149209099716875e-02,2.315767190485854277e-01,4.890541807416903253e-01,6.243176456122558893e-01,1.672652717151016377e-01,1.000000000000000000e+00,2.237506342165259676e-01,1.836797937632571320e-01,-3.848852349145340246e-01,-3.091433653288318262e-02,2.599534421385266691e-01,1.212335774347498146e-01,1.318494425969990169e-01,1.052057154130407179e-01,8.926746283794567693e-02,3.672820610617358317e-02,9.599207051679090053e-02,1.764982478435420804e-02,2.161090190433715905e-02,5.668038192961649679e-02,8.741744544551290075e-02,6.467384078392741584e-03,1.345822306665573828e-02,-1.286690717881331693e-02,3.287098250623082807e-02,3.030098919662750287e-02,-3.626258234671709407e-03,4.032563961976022571e-02,2.836779876113719456e-02,-3.872720614967138913e-03,4.395298972811195748e-02,4.279709842418563670e-02,1.946717764042305704e-02,1.718052349875269502e-02,1.828440065588454386e-02,2.375530681256457846e-02,2.506604959554115455e-02,3.307322337844868787e-02,-3.046268244261229712e-03,1.972716249723930476e-02,5.366966833741671633e-02,4.982748721245099099e-02,1.446672536404104009e-02,-1.248936499278157850e-02,1.079904092236459896e-02,-9.741584147978918362e-03,-1.019069526225808292e-02,2.422634510117725043e-02,7.089741933533815453e-03,1.284396364038290113e-03
-2.265390700269121968e-02,-2.634742461764774668e-02,-2.838144734272072048e-02,4.538578781928511580e-02,-1.497991410191156468e-02,1.586996006127043557e-02,2.247855964898311243e-02,-3.221271542537616772e-02,1.159534843307052400e-02,3.255167035848065271e-02,-2.250805623752179588e-02,3.780515142010752727e-02,6.543501573125114212e-02,-4.359925601439505749e-02,-2.655650933169957824e-03,1.156419125222359345e-01,1.108656337552875043e-01,-4.148568666238212910e-02,2.737467541838287804e-02,6.814932099911225061e-02,-7.237155148468309152e-02,2.237506342165259676e-01,1.000000000000000000e+00,4.869260264366327973e-01,-6.041479347480430834e-02,-1.798195715877912715e-01,-7.612904306689312339e-02,-5.273456571221242506e-02,-1.630329051865899576e-02,1.144349251841981748e-03,-7.791983293477671574e-03,-1.829676973237364876e-02,1.293844121606871692e-02,5.252719276909232488e-02,2.430607306494667399e-02,-7.848006020325993745e-03,7.041313134201125472e-03,3.905615830339196357e-04,2.443998662573228578e-02,-7.396919442066876224e-03,3.325978888228364738e-02,8.013363749967273089e-03,-2.581231498569706156e-02,-1.024662138121193488e-03,-2.673976702824187087e-03,-5.861105997873176585e-03,1.954162819774419788e-02,-4.841202969598859540e-02,-2.843346785403979421e-02,-6.452455812187317570e-03,1.518865104429315124e-03,2.855402330114059639e-02,1.037269554083729284e-02,1.163360380040130357e-02,-1.825364412893074745e-02,2.064752668809949343e-02,4.422095479795606215e-02,1.296795100454300846e-02,4.925539505705663068e-02,-2.870679840653161344e-03,1.755651831897752160e-02,3.458917560474811248e-03,-2.903568102082100186e-03,2.713302165428537957e-02,1.859467553009225976e-02,-6.339769417413787869e-03
