1.000000000000000000e+00,5.876822804065446465e-02,2.989495492007426813e-01,5.224502326497089122e-01,-2.558915382653097481e-01,1.418209084966782010e-02,-5.822971452473696408e-01,-2.271878028662292215e-01,-2.907637529195874482e-01,-6.097714559784622734e-01,8.692520122074683109e-02,-1.910107835174217616e-01,4.698887371089158771e-01,2.506679593528798322e-01,-2.857732740669565175e-01,2.949252857123140226e-01,4.038995231608002445e-01,3.209359212417187690e-01,3.962155104758486868e-01,1.540978082967811025e-01,-2.713649708056803944e-01,2.711408710387716581e-01,-1.174713128573219717e-01,1.573138755419124790e-01,3.882068646239636989e-01,1.995110773922275371e-01,1.682691487266604613e-01,2.448985224581859133e-01,-3.706842503902738062e-02,-1.701216822504464099e-01,-1.748848550361179754e-01,-1.138112839638490414e-01,-1.828990063557933698e-01,-1.860066588057250059e-01,-1.293743320078849512e-01,-1.251089043463915473e-01,6.635512358068303140e-02,-9.885927568694280465e-02,-7.578810769318337914e-02,4.136513339089473856e-02,-5.995828188949407084e-02,7.112809568011592420e-02,-2.219864806386952494e-01,-2.717605777369191400e-01,-2.888127792970525687e-01,-1.463406368099992305e-01,-2.000067234987140674e-01,-2.225333753742117227e-01,-1.050998557043746340e-01,-4.150642828890136610e-02,-3.411542457287444069e-02,1.653384220431128662e-02,-3.723684441368413367e-02,6.706109612333903403e-02,6.091987517252134450e-03,4.877406701045780557e-02,-8.070738178363802418e-02,-5.636099219057431366e-03,-9.921157942697639287e-02,-3.207435602493972221e-02,7.749487443498478956e-02,1.680227994753506482e-01,1.545120152845318728e-01,1.328169357299598119e-01,1.163165065666840609e-01,9.346022387822103261e-02
5.876822804065446465e-02,1.000000000000000000e+00,4.046447640182201377e-01,-1.496385087254408497e-01,-1.202777479208789330e-01,-6.212016618749204300e-01,-2.966772069128641443e-01,-6.072789026403087043e-01,-2.705000919259684666e-01,1.599288184210892749e-01,5.734269898823595168e-01,5.542987540516931544e-01,3.849287027565413966e-01,5.712430761263540546e-01,5.434640310422585996e-01,4.594534944691063272e-01,1.188126128726309932e-01,2.739141759364577822e-01,-1.445249268859746805e-01,-4.220446557652667852e-01,-4.118243849675206070e-01,-3.833494813547408953e-01,-3.622922542437163607e-01,-1.911539874953881168e-01,-1.023378333449254524e-01,-4.240291633031856855e-01,-6.949116704376476217e-02,-3.087387290322928246e-01,-1.858925160025738377e-01,2.419316883657887662e-02,-7.294808795698634607e-02,-8.574333624345035262e-04,-8.027379631434741758e-02,-7.998975040329047576e-03,-1.359306576441968173e-01,-4.625740452510133938e-02,-1.326044851037431471e-01,-1.186291861993599428e-01,8.707860974591466463e-02,-4.261476743872340961e-02,1.136823399643256405e-01,1.288700256861144144e-01,8.232268670021264390e-02,-1.394304254888384942e-01,-2.292815211868137470e-01,1.620649725149697629e-02,9.139556865325532131e-02,-1.490953077766051793e-01,2.513757127747576758e-01,-5.814866961210087698e-02,1.733992457361712702e-01,1.879237292710108365e-01,2.269257309472148265e-01,1.908896157666797877e-01,1.546233905761163485e-01,3.747749583745082352e-02,-1.307927305031125406e-02,-1.745164056657663165e-01,6.993837950900060052e-02,1.440786371643064667e-01,8.914305379017667050e-03,-1.412412445853618581e-01,-1.742324389174546018e-01,-7.796504432279000030e-02,-1.991622530260361845e-01,2.057743591819676324e-02
2.989495492007426813e-01,4.046447640182201377e-01,1.000000000000000000e+00,4.366551845109939434e-01,2.699683867994751574e-01,-2.690797543190473484e-01,-2.652969168914111053e-01,-4.039824862861891019e-01,-6.897210482155738953e-01,-1.937742405133955625e-01,6.290981160512898462e-01,3.566120643823209035e-02,1.944735339292780474e-01,7.005569383505998449e-01,1.176283551353818069e-01,2.237579872320569485e-01,1.409690929317140851e-01,2.313230375268102434e-01,3.359964515593852341e-03,-4.141549801542331322e-01,-4.733582270918491042e-01,-1.662967504759974013e-01,-7.610771376581106085e-02,2.786058512767097262e-01,1.419831518837420467e-02,-9.045944570352597303e-02,2.101737505001748940e-01,-4.750646819529889993e-03,-1.633165187348439157e-02,-4.147638993719905687e-02,-1.129773663026557989e-01,-6.344587701285102355e-02,-1.375597946997491605e-01,-5.171832278658913123e-02,-1.657353770081514688e-01,2.429379418660012127e-02,-5.366455010022083694e-02,-2.588625539299438949e-01,-6.654640332504752065e-02,-1.320689071967464934e-01,9.239780667654753921e-02,2.399975328487920223e-01,1.175244862826219788e-01,-9.551068931052254796e-02,-3.118506881346579385e-01,-1.751076880774602440e-01,1.628317378798217405e-02,-1.756014511491344743e-01,2.149427928727785930e-02,-2.676045264109719324e-01,9.625437284378698943e-02,1.946128672952227856e-01,1.373558334763869404e-01,7.698708605971277263e-02,2.445037019649929089e-01,1.753777093376887308e-01,1.073960079654845239e-02,-1.565981850587859214e-01,2.399589819117076833e-02,-2.082326218373438398e-02,-6.667869234409375123e-02,-1.732729562010460189e-01,-1.324093424238763361e-01,-1.200925011007141913e-01,-1.361219062800912150e-01,1.293460622201173249e-01
5.224502326497089122e-01,-1.496385087254408497e-01,4.366551845109939434e-01,1.000000000000000000e+00,1.622333667765387955e-01,1.614243441815499391e-01,-3.743266280993263750e-01,-7.410903150832628961e-02,-5.168619349772358706e-01,-6.217739967211968199e-01,1.122900412393884051e-01,-4.763050998041081785e-01,1.434649485109267542e-01,2.712078265266144594e-01,-4.704265164601845739e-01,-1.562125512949029751e-03,2.708383786278500960e-01,1.396086787215602698e-01,3.127345459352928736e-01,6.656949043095256036e-02,-2.194534037427713358e-01,3.182293013888545241e-01,7.796731212186168436e-02,4.485184405257442997e-01,3.601272245758257440e-01,3.505718963261910126e-01,2.957215448637353639e-01,3.603992737272939673e-01,1.455199863227755186e-01,-1.408093179328082645e-01,-1.124799877028707928e-01,-1.595810570083749380e-01,-1.529195865911406604e-01,-1.179665554195719751e-01,-1.008041907601990445e-01,1.305556178712855182e-02,7.981812196098152234e-02,-2.071548115872451357e-01,-1.846595351807281404e-01,-7.438021603438500773e-02,-1.582980414352317539e-02,1.420827856867638017e-01,-6.761536981442230199e-02,-1.267014227533974080e-01,-2.803008489952153459e-01,-2.362628270092132221e-01,-1.410975790553402609e-01,-2.001068683599676601e-01,-2.321366891463906568e-01,-1.818573054193508842e-01,-6.081228112805655422e-02,1.972048597158639754e-02,-8.896839885716162355e-02,-4.321549141238478081e-02,1.127015571792586573e-01,1.752956214958119596e-01,-3.538028814195494365e-02,-1.098065549556805076e-02,-7.959357834075207749e-02,-1.019329285121663986e-01,-1.145891095122960127e-02,7.775707028079649474e-02,1.297124488523510033e-01,5.024062033822956214e-02,1.320157567378988928e-01,1.570666881098941037e-01
-2.558915382653097481e-01,-1.202777479208789330e-01,2.699683867994751574e-01,1.622333667765387955e-01,1.000000000000000000e+00,2.951842879472283965e-01,4.473858722271173427e-01,2.870317162612076589e-01,-2.969087065110733170e-01,1.159603475549237511e-01,1.223087227703023167e-01,-3.309211308446679545e-01,-5.629443907630578003e-01,6.033788312528547831e-02,-1.313849946123345491e-01,-3.626843388786875622e-01,-2.870131723720452110e-01,-2.019425634029211325e-01,-1.385193626990253724e-01,-2.014049718875030315e-01,1.672418367466849826e-02,2.695586397143282659e-02,4.163837252772529807e-01,4.477278652581357377e-01,-1.711621031031090867e-01,5.406362862154608789e-02,1.198507835146270933e-01,1.246897745186743706e-01,2.058677264937829876e-01,1.578229666806986731e-01,1.339013835704618849e-01,-1.482798755869097797e-02,1.101342274670805838e-01,1.149213311332451526e-01,9.808311890627824381e-02,2.004306330293710858e-01,9.487666358350689555e-02,-1.321210226356054618e-01,-1.848574520549250144e-01,-2.128808708520434634e-01,-4.303522370540505820e-02,1.647509073291385934e-02,1.997570215786473036e-01,1.346749213037185255e-01,1.724839251527228098e-02,-1.413803665301589796e-01,1.600656271451590326e-02,8.838259525694798502e-02,-3.791881325635337169e-02,-1.962652382902356218e-01,-9.128582375974460261e-02,1.873038789975592366e-02,3.582941752504512772e-02,-8.381483011590863674e-02,1.467535052066924472e-01,1.786656068165408118e-01,1.342772473648463083e-01,-3.182770215128149366e-02,8.382004381318011732e-02,-1.393765684622342571e-01,-1.770260702322803692e-01,-1.921698299341537408e-01,-6.621638036702830188e-02,-1.293347584647660531e-01,-4.368044171189494618e-02,1.243866803553061312e-01
1.418209084966782010e-02,-6.212016618749204300e-01,-2.690797543190473484e-01,1.614243441815499391e-01,2.951842879472283965e-01,1.000000000000000000e+00,3.463244858553336525e-01,7.152714218708433602e-01,1.885644038017211532e-01,-2.070203782411008109e-01,-5.370360608586235429e-01,-6.685287626336182676e-01,-5.021859930364657165e-01,-5.239692659997633450e-01,-5.827720715360277248e-01,-4.238568189064033098e-01,-1.095060379291274144e-01,-2.240970575131624731e-01,1.964412040278543381e-01,4.016665658288987584e-01,3.342066501482577889e-01,4.578482758964083632e-01,4.566544978188146198e-01,3.723388862628211338e-01,1.535521787211207578e-01,4.065663059831420845e-01,1.082168697782569938e-01,4.175525285594320901e-01,2.214366154531885733e-01,6.466699182308022209e-02,1.250098024960453191e-01,-8.271863600730589364e-03,8.415434353893570807e-02,-1.852318357369845195e-02,1.635653512581018709e-01,8.600031773777019883e-02,1.982238037070266912e-01,6.749785435198191186e-02,-1.737891107596288010e-01,-3.331350695314229393e-02,-1.753567257981560046e-01,-1.408828310803234840e-01,-7.183683982746741359e-02,9.070776501605022635e-02,1.730514497436359544e-01,-8.273371395559556141e-02,-1.518576956764845776e-01,1.579976819890399065e-01,-2.179916217424446578e-01,6.154980199530268176e-03,-2.013760703384970263e-01,-1.597520311859588482e-01,-1.606389713053151536e-01,-1.787230455370189819e-01,-1.305986728181872392e-01,1.593349291781058497e-02,4.734252386249380995e-02,1.328662976938550511e-01,-5.529706720278449589e-02,-1.903704533598154780e-01,-3.278080935858199152e-02,1.028474985430352789e-01,1.727529154743682460e-01,7.766201298088429295e-02,1.695360320051535474e-01,2.767220293161265152e-02
-5.822971452473696408e-01,-2.966772069128641443e-01,-2.652969168914111053e-01,-3.743266280993263750e-01,4.473858722271173427e-01,3.463244858553336525e-01,1.000000000000000000e+00,5.622190277889170806e-01,2.960320827634631558e-01,5.539227755785465224e-01,-2.125006014746721461e-01,-9.823007023187517450e-02,-7.170757384109348598e-01,-4.053301075537668607e-01,6.298002611128830641e-02,-4.238068129174689114e-01,-4.624872161134102044e-01,-3.588633208163514721e-01,-2.888992312233125692e-01,-4.008664197516381006e-02,3.277957344391965178e-01,-7.426931619894361347e-02,3.946994432633081917e-01,5.411201681665221697e-02,-3.504575274576005040e-01,-7.834483646287450365e-02,-1.044854949158069424e-01,-6.894707989178705532e-02,1.100225225875572643e-01,1.958760267935090449e-01,1.735116848680046120e-01,5.390709365226052652e-02,1.820299118153891893e-01,1.763698882487200470e-01,1.814481928634180119e-01,1.702212763157061326e-01,5.215806526840142260e-02,7.930941990482623383e-02,-5.518060811302141766e-02,-7.569086279513502491e-02,-4.220752356977681280e-02,-1.299093029329822790e-01,2.145936602860046283e-01,2.674718461039366502e-01,3.173980991826781395e-01,9.818490421157057002e-02,9.999587899957949888e-02,2.572184165715253878e-01,4.214524311960389687e-03,6.450622989345151416e-03,-5.541447025676488058e-02,-8.257278014864098681e-02,-1.515669929932938337e-02,-1.565064859448199452e-01,-7.324674851527603059e-02,-2.731998614037792206e-02,9.871059721866150272e-02,5.015060007487997379e-02,9.916005938791123964e-02,-4.021237691911878215e-02,-5.794431411257496695e-02,-1.128464324023359389e-01,-8.233747428977393479e-02,-1.361504003243715344e-01,-6.158708808654526218e-02,-3.017159175114127873e-02
-2.271878028662292215e-01,-6.072789026403087043e-01,-4.039824862861891019e-01,-7.410903150832628961e-02,2.870317162612076589e-01,7.152714218708433602e-01,5.622190277889170806e-01,1.000000000000000000e+00,3.756502543698556629e-01,5.120184194515149667e-02,-6.201733053971699716e-01,-5.388487356706349596e-01,-6.502721360014451779e-01,-6.441524366031750048e-01,-4.277552389940600941e-01,-4.411380817254564879e-01,-2.093355281577672644e-01,-3.075513847212131280e-01,6.538177012907238350e-02,3.594033393600730153e-01,4.299322038889093478e-01,3.340164907974311759e-01,4.612293794856544005e-01,2.273271682448101960e-01,4.619511076895568662e-03,2.466787834091110354e-01,8.906955781028980459e-03,2.788923093173930612e-01,1.908268200660794556e-01,1.277024211653701724e-01,1.647930850532556279e-01,1.812090271322711749e-02,1.423278061361926694e-01,5.557445860536158744e-02,2.260096721379650508e-01,1.150448528101845058e-01,1.631443825176407403e-01,1.279479850200503366e-01,-1.278290899346617160e-01,-2.666331773799806432e-02,-1.557931142974038341e-01,-2.095325104570381625e-01,-4.222838379436552950e-03,1.779104930097561432e-01,2.927474646322341112e-01,6.574418634263461472e-03,-8.484568242252359116e-02,2.217700031610387312e-01,-1.588985092145586142e-01,5.100814466582116041e-02,-1.796227864366054250e-01,-1.740668367551390927e-01,-1.306431812040534379e-01,-1.938246047693991669e-01,-1.687071614811125608e-01,-3.849208083800128438e-02,3.877666400551266213e-02,1.361206406134499169e-01,8.080902635663694475e-03,-1.286714593897049508e-01,5.687023581144516442e-04,9.486924486249334598e-02,1.283243684435540211e-01,2.439081922619433865e-02,1.138638509083400585e-01,-8.516086769019238015e-03
-2.907637529195874482e-01,-2.705000919259684666e-01,-6.897210482155738953e-01,-5.168619349772358706e-01,-2.969087065110733170e-01,1.885644038017211532e-01,2.960320827634631558e-01,3.756502543698556629e-01,1.000000000000000000e+00,3.044592352629919563e-01,-6.488240624858568895e-01,1.086810956968860681e-01,-1.846154332003868415e-01,-6.853590509459548397e-01,1.545956451880438516e-02,-1.137658895332605835e-01,-1.674875812543985543e-01,-2.394340305062903074e-01,-1.042903546246569807e-01,3.078321765804257204e-01,4.594536133374719777e-01,1.149090507462544042e-02,-7.155494319456908066e-04,-3.734831532511522223e-01,-5.222795081694443092e-02,-3.290382406125788584e-02,-2.670098553269849018e-01,-8.839311076308359327e-02,-2.307181867952430923e-02,7.618716837183366064e-02,1.127843107336154310e-01,7.390037475890548491e-02,1.274469787240995466e-01,6.553628575645333021e-02,1.465161790010931220e-01,-3.549602089491536716e-02,2.014576107230030104e-03,2.316269378540514734e-01,7.335794953917089412e-02,1.499290517982356796e-01,-3.948134377170162829e-02,-2.453944992357553201e-01,-7.678849453273749182e-02,1.109434027911979787e-01,3.311568647126260090e-01,2.322210975987409332e-01,2.742726549254815693e-03,1.750837023347120991e-01,1.352999284037090418e-02,2.428299079288525619e-01,-4.958008786977823740e-02,-1.632745412803052465e-01,-1.020217303147546994e-01,-8.878537217928042513e-02,-2.510107995321257390e-01,-2.063801277063148643e-01,-4.167156911048895684e-02,1.095051296212305320e-01,1.247242058336926925e-02,6.789790770284317989e-02,1.152412415243752458e-01,1.887185043043218546e-01,1.107538092071955887e-01,8.003002562584743407e-02,8.903137872974768718e-02,-1.262702739122919249e-01
-6.097714559784622734e-01,1.599288184210892749e-01,-1.937742405133955625e-01,-6.217739967211968199e-01,1.159603475549237511e-01,-2.070203782411008109e-01,5.539227755785465224e-01,5.120184194515149667e-02,3.044592352629919563e-01,1.000000000000000000e+00,4.767011895122095361e-02,4.845761942710776204e-01,-3.302463516918283104e-01,-1.363715731949766696e-01,5.518233172693862709e-01,-1.003384851571210989e-01,-4.218782750285277605e-01,-2.312165568812704075e-01,-4.816519229684310122e-01,-2.929026630173856560e-01,1.667068689730595299e-01,-4.366059960932748285e-01,1.560103839090865550e-02,-3.327121161796924853e-01,-4.719937074925581455e-01,-3.975436614420701509e-01,-2.615029748479945071e-01,-4.279272327597772874e-01,-8.566059288347832590e-02,1.538877339449942205e-01,8.460242956800169412e-02,8.334610771997554013e-02,1.154512020150599283e-01,1.753859704950999077e-01,5.913517486350827052e-02,7.368594395185140700e-02,-1.188549073002382328e-01,5.964699252910546368e-02,1.058938883770780687e-01,-4.831584554312324219e-03,9.542712537811902374e-02,-4.110591271313541323e-02,2.469578702789227143e-01,2.203396228442557614e-01,2.647459795830894302e-01,2.281699877879293514e-01,2.373510879153357678e-01,1.931245123027434951e-01,1.998927995938186708e-01,6.537583658325735181e-02,1.218947944409079498e-01,3.639069965483793245e-02,1.049561111309817718e-01,-2.620988378472911828e-02,-3.824204022263714975e-02,-9.428720041392131546e-02,5.386762195894554545e-02,-6.039875728754580397e-02,1.275404660589918304e-01,1.105706490257018643e-01,-1.738310579281588872e-02,-1.699551277273851912e-01,-2.118417572071593924e-01,-1.739368295945701304e-01,-1.888771166485809228e-01,-1.006345569184071836e-01
8.692520122074683109e-02,5.734269898823595168e-01,6.290981160512898462e-01,1.122900412393884051e-01,1.223087227703023167e-01,-5.370360608586235429e-01,-2.125006014746721461e-01,-6.201733053971699716e-01,-6.488240624858568895e-01,4.767011895122095361e-02,1.000000000000000000e+00,3.960006658149768932e-01,2.975683928232347730e-01,7.468160016881878471e-01,4.648438862051169629e-01,2.699267901366407263e-01,1.527792804044702385e-02,2.291461626438905386e-01,-1.862925910251688744e-01,-5.628219895623393088e-01,-4.834805669023575780e-01,-3.870719151946790948e-01,-1.762237667875002078e-01,1.776355605065219750e-02,-2.074980145327613990e-01,-3.021077428428798339e-01,9.194472169478984380e-02,-2.686422995768941724e-01,-1.590220491035365391e-01,-4.832416526586157113e-02,-1.397155957436705676e-01,-1.582037191485158312e-02,-1.262335187956228622e-01,-2.669304810180571710e-02,-2.072762229177392834e-01,-3.766528625573555000e-02,-1.506934268763749085e-01,-2.192474790810975127e-01,5.646773693070820249e-02,-6.781427894654537547e-02,1.369306034369909275e-01,2.733607502111452536e-01,1.605529794513279318e-01,-8.133901702357883290e-02,-2.450653451710427810e-01,-6.500072279697960420e-02,1.169415676429808731e-01,-1.282355548393463440e-01,1.719051011532178874e-01,-1.978808322781333007e-01,1.700821985474333387e-01,2.547051124911663966e-01,1.872113173863580449e-01,1.405165510643911209e-01,2.426914304440826453e-01,1.276042919000559550e-01,4.330318229608150216e-02,-1.708242305032303121e-01,4.887356890085448047e-02,5.304490391437912539e-02,-7.327161063280555886e-02,-2.580214712986246273e-01,-2.495633542349610656e-01,-1.646241751694449140e-01,-2.409603517996332100e-01,4.757502079805065592e-02
-1.910107835174217616e-01,5.542987540516931544e-01,3.566120643823209035e-02,-4.763050998041081785e-01,-3.309211308446679545e-01,-6.685287626336182676e-01,-9.823007023187517450e-02,-5.388487356706349596e-01,1.086810956968860681e-01,4.845761942710776204e-01,3.960006658149768932e-01,1.000000000000000000e+00,3.401109941377274404e-01,2.693160623144496002e-01,7.409501053626387224e-01,3.394094282733320922e-01,-1.080351004182843189e-01,9.325605131033032347e-02,-3.701668036825133123e-01,-4.146031134865191259e-01,-1.673570264498501770e-01,-5.625704107185871550e-01,-3.826072904929415097e-01,-5.187485113376343326e-01,-3.079874099123880438e-01,-4.822650167939327437e-01,-2.252276986460164665e-01,-5.288206930513580373e-01,-2.708319457296016752e-01,-3.704209141018975551e-03,-8.317778323411589847e-02,5.558276913740573671e-02,-5.210187716425423998e-02,3.661679016591076752e-02,-1.282941886260657860e-01,-1.065543329483417540e-01,-2.248879651230734078e-01,-6.013841924199401709e-03,2.087804763247697870e-01,9.496822486672389096e-02,1.750256700496334028e-01,8.623189992118826530e-02,1.071763447972029076e-01,-6.208109466783878760e-03,5.636282213308636650e-03,2.004722640593072647e-01,1.769356365452754987e-01,-1.795785912247103641e-02,2.650135437946958827e-01,5.367767090367539518e-02,2.116886460901247213e-01,1.393512114381497136e-01,1.449076363764093545e-01,1.307576013526386693e-01,3.869067575162968287e-02,-9.238059563690330378e-02,-7.585884686446645389e-03,-1.083804779503853705e-01,9.303343638710361019e-02,2.113811514120706170e-01,6.198153136253763129e-02,-1.063487670138746760e-01,-2.127165803443329950e-01,-1.146042388864126349e-01,-2.175042294215395189e-01,-1.074398553267405104e-01
4.698887371089158771e-01,3.849287027565413966e-01,1.944735339292780474e-01,1.434649485109267542e-01,-5.629443907630578003e-01,-5.021859930364657165e-01,-7.170757384109348598e-01,-6.502721360014451779e-01,-1.846154332003868415e-01,-3.302463516918283104e-01,2.975683928232347730e-01,3.401109941377274404e-01,1.000000000000000000e+00,3.846781338490614099e-01,1.846318270816419138e-01,4.544468106826430320e-01,3.381260137642938535e-01,3.468740831770397159e-01,1.297742788010383119e-01,-8.027675768611015894e-02,-3.195416723839811235e-01,-1.503704249484940358e-01,-4.843375496054245222e-01,-2.825344071780699351e-01,1.817597655400347012e-01,-4.812797450886501655e-02,2.241622439418039861e-02,-1.257992598846118804e-01,-2.184196081898577835e-01,-2.107865427797038227e-01,-2.211202005594437581e-01,-2.576204778230156006e-02,-2.178406211936437242e-01,-1.600342254904679185e-01,-2.302726466745867173e-01,-2.066666616299387971e-01,-1.339494973267779943e-01,-5.950304453587135917e-02,1.309027576024897332e-01,1.442446791396452266e-01,1.092936794294966790e-01,1.602772748021644156e-01,-1.611813343821222044e-01,-2.259191182409828191e-01,-2.382569804570464078e-01,1.908232891129136785e-02,-4.789028913820744110e-02,-2.120773018954648648e-01,2.706275672196731263e-02,9.171127273896595780e-03,1.219332050680843188e-01,9.891705921678033142e-02,6.355573971306279976e-03,1.547813243835013397e-01,5.581631708794154711e-02,-1.937952783092796241e-02,-1.022265496423696157e-01,-7.291482836108781340e-02,-7.984408117142902106e-02,1.232072543140299431e-01,1.145579039379712866e-01,9.945167330829732255e-02,5.370216122392115245e-03,7.628688940708584776e-02,-8.492324145848264769e-03,-2.321767298093380463e-02
2.506679593528798322e-01,5.712430761263540546e-01,7.005569383505998449e-01,2.712078265266144594e-01,6.033788312528547831e-02,-5.239692659997633450e-01,-4.053301075537668607e-01,-6.441524366031750048e-01,-6.853590509459548397e-01,-1.363715731949766696e-01,7.468160016881878471e-01,2.693160623144496002e-01,3.846781338490614099e-01,1.000000000000000000e+00,3.010263491866407293e-01,3.403274304684240081e-01,1.880291986426066153e-01,3.316458434900783070e-01,-1.520637206736974271e-02,-4.712463875699362537e-01,-5.714829011968171057e-01,-2.749049907645582658e-01,-2.292246820244400185e-01,9.963685077147722835e-02,-5.718061937773032122e-02,-2.016991945252119001e-01,1.643037782245247436e-01,-1.394552405176898435e-01,-1.310832703883692552e-01,-7.665931429229469463e-02,-1.538529137161073757e-01,-2.823718694643190599e-02,-1.605042546957861360e-01,-6.631763428611472944e-02,-2.028915845739719670e-01,-4.362996577694230882e-02,-1.053237757142107128e-01,-2.079776182838724841e-01,3.701760423530955219e-02,-7.613460801822272139e-02,1.096126199632041914e-01,2.575296413835032050e-01,7.369026340907884609e-02,-1.438084579948402109e-01,-3.131808455785604073e-01,-1.156923588242176476e-01,5.264072714127143726e-02,-1.814879793759926474e-01,1.111434863116776278e-01,-1.905181852621185279e-01,1.487933092905196764e-01,2.294801790945784070e-01,1.747077698739042673e-01,1.654162477854231039e-01,2.561277620726876703e-01,1.498136802368641163e-01,7.955208068808261243e-03,-1.824871427439907490e-01,2.349760935464908444e-03,2.629673656289123126e-02,-6.501423004952665285e-02,-2.079560916160023143e-01,-1.843116071304498893e-01,-1.020122791869314954e-01,-1.816205746558674228e-01,7.060051277532898573e-02
-2.857732740669565175e-01,5.434640310422585996e-01,1.176283551353818069e-01,-4.704265164601845739e-01,-1.313849946123345491e-01,-5.827720715360277248e-01,6.298002611128830641e-02,-4.277552389940600941e-01,1.545956451880438516e-02,5.518233172693862709e-01,4.648438862051169629e-01,7.409501053626387224e-01,1.846318270816419138e-01,3.010263491866407293e-01,1.000000000000000000e+00,2.280122563999094909e-01,-2.644245262381797468e-01,5.012385571085860303e-02,-4.520121010055808131e-01,-5.271014106423930201e-01,-2.059486022632673885e-01,-6.053378518766151517e-01,-2.677866879672620160e-01,-3.965353113041604760e-01,-4.075336570879559139e-01,-5.031928404552875600e-01,-2.186767705612786550e-01,-5.180517264251496279e-01,-2.441303127198402312e-01,5.668048523156129365e-02,-2.364308485394328585e-02,8.453753147516124278e-02,4.126436013133701411e-03,8.820652573533604990e-02,-7.292992331590178456e-02,-2.724493802613137984e-03,-1.866184284182056674e-01,-1.608364392335696544e-02,1.752427950824992642e-01,-2.137390556069930503e-02,1.660258339972812691e-01,8.300190435061237382e-02,1.842096508102589458e-01,4.366554216694906038e-02,-2.960840607419499421e-03,1.735940478436353851e-01,2.018628885045651300e-01,3.647387326873276908e-02,2.751137895806023970e-01,-2.412861046840127088e-02,2.038553371506983680e-01,1.709815949661543932e-01,1.960218815417664739e-01,1.209260201425311626e-01,1.061974375635569845e-01,-3.786748284647177554e-02,5.819732603210628352e-02,-1.372418742469164177e-01,1.400143283032569685e-01,1.970767624595922141e-01,-5.408606310302007010e-03,-2.221482410471263824e-01,-2.875753050504568087e-01,-1.953956195516241556e-01,-2.875315488572840472e-01,-7.463467083736770313e-02
2.949252857123140226e-01,4.594534944691063272e-01,2.237579872320569485e-01,-1.562125512949029751e-03,-3.626843388786875622e-01,-4.238568189064033098e-01,-4.238068129174689114e-01,-4.411380817254564879e-01,-1.137658895332605835e-01,-1.003384851571210989e-01,2.699267901366407263e-01,3.394094282733320922e-01,4.544468106826430320e-01,3.403274304684240081e-01,2.280122563999094909e-01,1.000000000000000000e+00,2.470782132857617108e-01,4.472078097153427412e-01,9.816289477757521309e-02,-1.727666696245989675e-01,-4.273282656362351051e-01,-1.947725237202193593e-01,-3.148441520206102240e-01,-2.053127176062122250e-01,7.979768534750042441e-02,-2.579138424875750957e-01,-7.922522923939549766e-02,-1.249747471014744371e-01,-2.370404601888137786e-01,-9.678749105339752579e-02,-1.174154789421016087e-01,-2.867218521424124214e-02,-1.230400601547330802e-01,-7.173377927321654413e-02,-1.598064043332832473e-01,-1.283461583674724849e-01,-1.096774209310803910e-01,-7.583744271652854974e-02,9.852765983010706996e-02,2.876479170556714426e-02,9.765547647121318453e-02,1.101976553798290487e-01,-7.902962518977639517e-02,-2.139117146707417705e-01,-2.443855831618561014e-01,8.295678355610461990e-03,-5.773389125585230014e-03,-2.026325071166879266e-01,9.974342522590745608e-02,6.356446307858878986e-02,5.385737582594019718e-02,3.939484493174752466e-02,4.067288800370442992e-02,1.349691844052096357e-01,5.796563538848387154e-02,4.809464625465482632e-03,-1.590530049769046939e-01,-7.664782088144499184e-02,-7.568869283451445940e-02,1.336729167452591904e-01,1.039481080841297700e-01,9.168260707830039324e-02,5.086609591246780970e-02,1.212388499692898802e-01,1.227799529296572838e-03,4.071433979935299569e-02
4.038995231608002445e-01,1.188126128726309932e-01,1.409690929317140851e-01,2.708383786278500960e-01,-2.870131723720452110e-01,-1.095060379291274144e-01,-4.624872161134102044e-01,-2.093355281577672644e-01,-1.674875812543985543e-01,-4.218782750285277605e-01,1.527792804044702385e-02,-1.080351004182843189e-01,3.381260137642938535e-01,1.880291986426066153e-01,-2.644245262381797468e-01,2.470782132857617108e-01,1.000000000000000000e+00,2.227614269751615750e-01,3.516616423645147482e-01,1.564322000379442246e-01,-2.860114009842357752e-01,1.301822903011104482e-01,-2.303648189016144765e-01,2.474430600270880257e-02,2.868004222215502219e-01,1.393706143684214464e-02,8.626187756131639683e-02,1.054603759198838170e-01,-5.431072556732356726e-02,-4.011181278847786996e-02,-6.465175881999547791e-02,-5.252298898945882699e-02,-1.844701770314790823e-01,-1.630722370951917244e-01,4.007898729772282724e-03,-7.735327895893778782e-02,2.582787799346855304e-02,6.904383575468597822e-02,5.590252682320639641e-03,6.139130782860195701e-02,-4.615664107861081750e-02,-1.982373960733933849e-02,-1.857569659351227531e-01,-9.657565825699722384e-02,-1.232119479812627122e-01,-1.210044847629311582e-01,-5.444223719910872700e-02,-1.453463659905963878e-01,-6.052179204471901108e-02,8.250168359591845968e-02,6.545716084092814691e-02,-4.168840305711766364e-02,1.740400004596969613e-02,8.067697592310303645e-02,-4.900208117652762874e-02,-4.134820621609513330e-02,-8.116056391051761076e-02,-7.604529927374603822e-03,-1.243140556201018446e-02,7.057297851383724507e-02,1.582062377087189720e-01,2.045602632038121815e-01,1.018493810345701689e-01,8.302849690817558359e-02,4.332397584730893203e-02,-7.341095726387203424e-02
3.209359212417187690e-01,2.739141759364577822e-01,2.313230375268102434e-01,1.396086787215602698e-01,-2.019425634029211325e-01,-2.240970575131624731e-01,-3.588633208163514721e-01,-3.075513847212131280e-01,-2.394340305062903074e-01,-2.312165568812704075e-01,2.291461626438905386e-01,9.325605131033032347e-02,3.468740831770397159e-01,3.316458434900783070e-01,5.012385571085860303e-02,4.472078097153427412e-01,2.227614269751615750e-01,1.000000000000000000e+00,3.514931486947813211e-01,-7.245812032368693922e-02,-6.336953188044113228e-01,1.727872263846422923e-02,-1.502005142450322794e-01,5.817302313021229659e-02,1.544933224771023739e-01,-7.384454228346641613e-02,1.412687678546977466e-01,9.168352324911331619e-03,-2.119916763927178482e-01,-1.856044714950509655e-01,-2.261296909792049614e-01,-3.570497675068189797e-02,-1.627748159227165869e-01,-2.095195368126210600e-01,-1.963238901651545576e-01,-2.206905366543028824e-01,-6.102433699753877228e-02,-3.251040526123098046e-02,1.086353527609912051e-01,1.228644906865443698e-01,4.232461082453418261e-02,8.684125507438680835e-02,-1.964785073057436215e-01,-3.514844248138556670e-01,-2.407004352196950303e-01,1.756999309503095782e-02,-1.702723101839304365e-01,-1.592362434285085893e-01,6.474426070686296886e-02,-3.338474380971174355e-02,-3.509261693014539829e-02,-4.975267951568634189e-02,3.413686251789331549e-02,2.011391437373404589e-01,5.604513520084741796e-02,-8.795107900042779380e-05,-4.253011422946534337e-02,-2.540140846102303864e-03,-7.683980139870640047e-02,2.019560843834123168e-02,9.267958458087746654e-02,5.783807746524442794e-02,1.407489450061810352e-02,1.242236363685623873e-01,3.465422657586278432e-02,1.440599117595890363e-02
3.962155104758486868e-01,-1.445249268859746805e-01,3.359964515593852341e-03,3.127345459352928736e-01,-1.385193626990253724e-01,1.964412040278543381e-01,-2.888992312233125692e-01,6.538177012907238350e-02,-1.042903546246569807e-01,-4.816519229684310122e-01,-1.862925910251688744e-01,-3.701668036825133123e-01,1.297742788010383119e-01,-1.520637206736974271e-02,-4.520121010055808131e-01,9.816289477757521309e-02,3.516616423645147482e-01,3.514931486947813211e-01,1.000000000000000000e+00,4.879906378639121689e-01,-3.262054193362708410e-01,5.700216000456177490e-01,5.351891098181344592e-02,3.383856778560940803e-01,4.906976071329404165e-01,3.111860835627777710e-01,1.912503104395626430e-01,3.426795885395181318e-01,7.052421925702652417e-02,-9.835962106585613429e-02,-1.336491017932272818e-01,-8.927469364660034490e-02,-8.756371680521006506e-02,-1.747008578257562006e-01,-1.107477534269163399e-02,-7.762560117504473112e-02,1.828451014634673855e-01,2.525812314465392464e-02,-1.239408332976390387e-01,7.385531372630006752e-02,-1.681474534206013338e-01,-8.566013981376494058e-02,-2.515003415727848912e-01,-2.632501874795469266e-01,-1.103591505082148622e-01,-7.367742728328645352e-02,-2.477476625802536025e-01,-9.884455489965997266e-02,-9.365958336302239451e-02,7.993159317283292375e-02,-1.216919871333929509e-01,-1.535184692401357631e-01,-5.880548391511208894e-02,9.700535848108129966e-02,-9.862967710198995708e-02,-6.584103223067143407e-02,-1.303621065651429101e-01,4.640917539227305821e-02,-1.925063722451287596e-01,-1.422908520526308396e-01,8.085010358110157613e-02,2.116256632382827740e-01,1.969026782478722482e-01,2.397506707182673336e-01,1.857853251396514305e-01,4.174462665521400107e-02
1.540978082967811025e-01,-4.220446557652667852e-01,-4.141549801542331322e-01,6.656949043095256036e-02,-2.014049718875030315e-01,4.016665658288987584e-01,-4.008664197516381006e-02,3.594033393600730153e-01,3.078321765804257204e-01,-2.929026630173856560e-01,-5.628219895623393088e-01,-4.146031134865191259e-01,-8.027675768611015894e-02,-4.712463875699362537e-01,-5.271014106423930201e-01,-1.727666696245989675e-01,1.564322000379442246e-01,-7.245812032368693922e-02,4.879906378639121689e-01,1.000000000000000000e+00,2.996536735633370530e-01,5.821908736907552839e-01,3.146896622066527177e-02,8.556434536597794238e-02,3.940225624141712180e-01,3.570813823650323959e-01,-1.390611788227871272e-02,2.940155049774337281e-01,1.512993573758187882e-01,-2.514569339326636153e-03,1.412891897105106841e-02,-8.498974067761064233e-02,1.539760579863286988e-02,-1.561809450404286204e-01,8.733720099817764149e-02,-5.934240944325651357e-02,1.142983324941576340e-01,1.275026377352782569e-01,-4.294798602684444383e-02,1.342421155145401557e-01,-1.194851391688434711e-01,-1.583952128933630021e-01,-1.826184394582589521e-01,-3.854468705895029018e-02,1.836207145061444224e-01,9.925338224827749689e-02,-1.055967470740635517e-01,8.792076520187384892e-02,-9.687202260665278564e-02,2.347861367570950319e-01,-6.002770726077615721e-02,-1.925147183529909989e-01,-1.133651455732063024e-01,5.855768624648221947e-04,-2.302019445363057970e-01,-1.946470690860894193e-01,-1.625833631423423964e-01,6.300164118311188388e-02,-1.363313750991550499e-01,-9.832840166288857320e-02,1.064796757309199038e-01,2.524446632414208413e-01,1.873654957483212868e-01,2.018737694109817571e-01,1.675414517742908338e-01,-1.006700361894235785e-01
-2.713649708056803944e-01,-4.118243849675206070e-01,-4.733582270918491042e-01,-2.194534037427713358e-01,1.672418367466849826e-02,3.342066501482577889e-01,3.277957344391965178e-01,4.299322038889093478e-01,4.594536133374719777e-01,1.667068689730595299e-01,-4.834805669023575780e-01,-1.673570264498501770e-01,-3.195416723839811235e-01,-5.714829011968171057e-01,-2.059486022632673885e-01,-4.273282656362351051e-01,-2.860114009842357752e-01,-6.336953188044113228e-01,-3.262054193362708410e-01,2.996536735633370530e-01,1.000000000000000000e+00,6.791769082434839788e-02,9.290970768813325287e-02,-1.860376547896639976e-01,-9.411404630291854423e-02,1.349767480697513788e-01,-2.121453878083888744e-01,3.317812341402590764e-02,1.525685480171387054e-01,1.232074166721131014e-01,2.269691131574429199e-01,4.238204142627628734e-02,2.034636274972783376e-01,1.043493667605815828e-01,1.668522629302376936e-01,7.719950135004863268e-02,-4.882264699719060345e-03,1.304340057455896373e-01,2.543813539726656053e-02,3.267893640850794840e-02,-1.301115727620043468e-03,-1.411794100500682880e-01,7.185663615721955833e-02,2.809469807226679938e-01,3.292995814046161263e-01,1.251476358399232214e-01,1.061892138313628858e-01,2.081496934351294847e-01,-7.044849418087968662e-02,1.305026039359810930e-01,-3.608410501568712174e-03,-6.584178977960519763e-02,-1.026498538506524644e-01,-1.678068826528241186e-01,-1.569354004703736594e-01,-1.077116103781000644e-01,-9.192549883487002903e-04,7.371018175807529660e-02,4.737322722615316256e-02,-7.612663775547945291e-04,-1.399525736999820275e-02,6.358992063018084617e-02,5.740890728562628859e-02,-3.216468489885455917e-02,4.651826829743956754e-02,-8.456484642281908437e-02
2.711408710387716581e-01,-3.833494813547408953e-01,-1.662967504759974013e-01,3.182293013888545241e-01,2.695586397143282659e-02,4.578482758964083632e-01,-7.426931619894361347e-02,3.340164907974311759e-01,1.149090507462544042e-02,-4.366059960932748285e-01,-3.870719151946790948e-01,-5.625704107185871550e-01,-1.503704249484940358e-01,-2.749049907645582658e-01,-6.053378518766151517e-01,-1.947725237202193593e-01,1.301822903011104482e-01,1.727872263846422923e-02,5.700216000456177490e-01,5.821908736907552839e-01,6.791769082434839788e-02,1.000000000000000000e+00,2.740179707507345297e-01,4.882456112910003587e-01,5.400911905634753207e-01,4.139867807650980946e-01,1.848924928506106569e-01,4.312106686499528885e-01,2.112191713942928040e-01,-7.190968268358499671e-02,-8.339709389000062034e-02,-1.328402427721679102e-01,2.664465568516386981e-02,-1.026876127059576371e-01,3.892782627828997137e-03,-4.703652617929959812e-02,2.405923163985820290e-01,-3.911660740284863408e-02,-2.189694781427413417e-01,5.329268415364244588e-02,-2.519019013210763713e-01,-8.460115491526631892e-02,-1.783610290843295754e-01,-1.679954556154518996e-01,-5.245694944961659667e-02,-1.739997950241608249e-01,-2.532288826971211826e-01,-1.246921656090919789e-01,-1.224630074413702863e-01,1.418900018535661778e-01,-1.765640353910079285e-01,-1.526875213400378239e-01,-6.997029479860922274e-02,2.492463916879375518e-02,-1.219791392135124442e-01,-2.127898137728282887e-02,-1.009698185409187154e-01,1.260044012232961474e-01,-1.916148806522715853e-01,-2.125881951222617361e-01,-6.871093858758231532e-02,1.345286881824956093e-01,2.329265896768546451e-01,2.653367282182371722e-01,2.515360465706878434e-01,1.134652988705386334e-01
-1.174713128573219717e-01,-3.622922542437163607e-01,-7.610771376581106085e-02,7.796731212186168436e-02,4.163837252772529807e-01,4.566544978188146198e-01,3.946994432633081917e-01,4.612293794856544005e-01,-7.155494319456908066e-04,1.560103839090865550e-02,-1.762237667875002078e-01,-3.826072904929415097e-01,-4.843375496054245222e-01,-2.292246820244400185e-01,-2.677866879672620160e-01,-3.148441520206102240e-01,-2.303648189016144765e-01,-1.502005142450322794e-01,5.351891098181344592e-02,3.146896622066527177e-02,9.290970768813325287e-02,2.740179707507345297e-01,1.000000000000000000e+00,4.922989397990397697e-01,-1.948497613206177648e-01,6.688516676017088047e-02,4.658187382012975164e-02,2.158275112775064342e-01,9.229880146876158487e-02,4.555379271130182567e-02,7.810525577159427302e-02,7.423386246697795399e-02,2.030003257441311548e-01,1.228855499336660578e-01,1.781352378730395591e-01,1.085018263679921741e-01,2.664007294285168914e-01,7.038975945931742750e-02,-1.896178897477683589e-01,-1.121169230938359324e-01,-2.862327345709612114e-01,-1.862407049083697197e-01,-4.347338253826279336e-02,1.626009087814067264e-02,7.382839520554844437e-02,-1.711826578979683544e-01,-2.073251100530852098e-01,1.065773515516154624e-01,-1.008418315687730910e-01,-6.299097232621772569e-02,-3.121536656926542364e-01,-1.291567466717808699e-01,-8.705655998119876671e-02,-1.053725727531518580e-01,-2.511557931674788038e-02,1.156059308763100341e-01,1.403419712031059030e-01,2.106265258721525535e-01,-2.113284158824940001e-02,-1.556156668473084315e-01,-1.663826447421588028e-01,-6.586288244408070036e-02,1.025224692007732780e-01,3.152760490315241471e-02,1.153828350260805019e-01,1.665335451118181709e-01
