1.000000000000000000e+00,5.194023932031651691e-01,4.738633424191088794e-01,6.095879554235372755e-01,3.455487721775789556e-01,4.824114822435281447e-01,3.185337459806781846e-01,2.525681997208111262e-01,3.513670658168624450e-01,1.776770343077213599e-01,2.558834151178086547e-01,2.918740149131704986e-01,1.368217733203209163e-01,1.595284705078106324e-01,2.236615014279312030e-01,1.029494131301648685e-01,4.869357310938675354e-02,8.393459512692530433e-02,3.304103189729920564e-02,3.857051039247876012e-02,4.692129610461886341e-02,4.092430221989155903e-02,2.687153724940447713e-02,8.325532540205186210e-03,-2.014370608806207927e-02,-6.850195580981611673e-03,-4.428028515815337143e-03,1.280070404977453388e-03,1.258156219883052596e-02,3.017853356291057016e-03,4.059866474722089585e-02,-1.740140886413131961e-03,7.119735544330416978e-03,3.048017252232393046e-02
5.194023932031651691e-01,1.000000000000000000e+00,5.334967028826030910e-01,6.607641347389173747e-01,5.718856084873127354e-01,3.617581943283719181e-01,2.893448973028528437e-01,2.201304844741140687e-01,3.253687049982922908e-01,1.699970082598316334e-01,2.337224481921701680e-01,3.024674459410831573e-01,1.769303220237498642e-01,1.870402337542203530e-01,2.502246405978494903e-01,1.470003654323560338e-01,1.074713718975548737e-01,9.430508739213817881e-02,4.964374377150525264e-02,5.130114360027931281e-02,3.085044867197360083e-02,2.823484591772694799e-02,-9.700674893340833008e-03,-2.539556204116603585e-02,-3.794184460674242254e-02,-8.087674535544125964e-03,-3.405452226990270115e-02,9.846805348914060979e-03,7.364725924881781322e-03,3.989023598257154107e-02,5.264948507642942116e-02,1.809277681514367964e-02,1.388552140889958396e-02,2.350684437239387858e-02
4.738633424191088794e-01,5.334967028826030910e-01,1.000000000000000000e+00,5.651829678252008327e-01,6.636382420881221655e-01,4.847181617996192959e-01,3.852102566044674492e-01,2.646482834974782095e-01,3.789141697047012092e-01,1.810737206922857778e-01,2.599099250390020099e-01,3.106255787756430631e-01,1.767444069217089242e-01,2.152486616546959164e-01,2.487034669675701470e-01,1.222078358765818912e-01,7.876151821518520557e-02,9.439869385079668884e-02,2.490525888533281617e-03,2.887364400801880129e-02,5.182647524169940040e-02,-1.472088097924645345e-02,-2.637787671477099735e-02,1.130104459542976853e-03,-6.495299581992996715e-03,3.043349319218933285e-02,-1.326252634655013252e-02,3.974926010840169194e-02,3.231221036231374244e-02,6.729755715813783012e-02,6.667292172321218069e-02,5.008832783294528412e-02,5.355160638125577854e-02,4.514879313540558908e-02
6.095879554235372755e-01,6.607641347389173747e-01,5.651829678252008327e-01,1.000000000000000000e+00,5.429382407437833846e-01,6.219580423739090591e-01,4.508840409005696048e-01,2.985096661418236152e-01,4.557124229046828900e-01,2.282139581168812770e-01,2.971448771080315576e-01,3.835559060729392677e-01,1.924401297769044727e-01,2.166527089581082310e-01,3.029443462424419864e-01,1.460702248930827174e-01,8.790479047104499122e-02,1.213669312872517614e-01,5.483391708596493247e-02,7.383812785059379324e-02,6.165569671340564301e-02,3.441936906919805528e-02,1.569709002466470119e-02,-4.064855887925866024e-02,-5.448446170783840387e-02,-2.966582755919028314e-02,-4.666890657802533204e-02,-8.474934284684329869e-03,-9.118922091176517733e-04,4.178178611856113445e-02,5.860871934758857954e-02,1.299532863536406214e-02,2.314129370668502675e-02,2.653415616332785096e-02
3.455487721775789556e-01,5.718856084873127354e-01,6.636382420881221655e-01,5.429382407437833846e-01,1.000000000000000000e+00,3.553837011613578678e-01,4.164616034896794217e-01,2.798907843516676430e-01,3.785641783272903904e-01,2.284143411696688553e-01,2.547948162486499135e-01,3.413693341963796035e-01,2.191971324984358926e-01,2.303252085307809782e-01,2.883229396109076026e-01,1.710185099067845771e-01,1.502792402271573569e-01,1.252175624877540638e-01,4.823728555338615415e-02,6.143983820374902816e-02,6.349234958903368642e-02,1.832936935619846469e-02,-1.986868837963585294e-02,2.078932457035552808e-02,-1.673097430097712432e-02,3.912289555209296638e-02,-2.537057553881436056e-02,3.483662331892813796e-02,2.490442485352749660e-02,6.436816441312039061e-02,4.955850299318808466e-02,5.075791512798039778e-02,4.891989694933675942e-02,3.975058014790922023e-02
4.824114822435281447e-01,3.617581943283719181e-01,4.847181617996192959e-01,6.219580423739090591e-01,3.553837011613578678e-01,1.000000000000000000e+00,5.111110417836002284e-01,5.135825105850886363e-01,5.653199547403806591e-01,2.928934281644187121e-01,4.433156581574064226e-01,4.287778670622788280e-01,1.910746368855263111e-01,2.586852160906368270e-01,3.150495128773401765e-01,1.270237716788443494e-01,7.841611566318175408e-02,9.222140201893765099e-02,4.747935632738402474e-03,6.108664435800817416e-02,4.969669223766831623e-02,-7.103501354849450083e-03,-9.977258365303434337e-03,-2.873828449423259171e-02,-4.754854634290148381e-03,6.083969604257507581e-03,-2.453666441555945113e-02,4.597588859393510891e-02,-3.672340074620958567e-04,4.804037326715455275e-02,4.926505258165132101e-02,1.759605951075404393e-02,3.259718795067886865e-02,2.007318892659731846e-02
3.185337459806781846e-01,2.893448973028528437e-01,3.852102566044674492e-01,4.508840409005696048e-01,4.164616034896794217e-01,5.111110417836002284e-01,1.000000000000000000e+00,5.614058209058470084e-01,6.918682760296797074e-01,5.857524175583802561e-01,3.985213845129299548e-01,5.963448217497517856e-01,3.443827755394635037e-01,3.001328332656016395e-01,4.648659795918071991e-01,2.567972687168972867e-01,1.324700440389206257e-01,2.163998053291095458e-01,8.587608804570688592e-02,1.027546547346452344e-01,1.510447574494439282e-01,5.910734063744656902e-02,3.203556784003065705e-02,4.251751921087990743e-02,-1.883130777742334297e-02,1.819514418807485073e-02,-1.409262121031759282e-02,2.474081745864614365e-02,-6.789917784743806743e-03,3.887738860296816729e-02,2.032316570237479789e-02,3.973066246064931029e-02,1.704427998988388565e-02,3.683216804897419122e-02
2.525681997208111262e-01,2.201304844741140687e-01,2.646482834974782095e-01,2.985096661418236152e-01,2.798907843516676430e-01,5.135825105850886363e-01,5.614058209058470084e-01,1.000000000000000000e+00,5.649967962919139053e-01,5.658850614545698487e-01,6.983315831364697024e-01,4.544847558890442452e-01,2.838426706297262347e-01,3.862031462889351507e-01,3.261041318013574997e-01,2.111617913179449912e-01,1.338689082882358328e-01,1.088469326076925980e-01,3.355511726292529501e-02,1.034466432545967790e-01,5.603813030502399761e-02,2.578482555010543423e-02,-3.769791940228513303e-04,2.689044495438466971e-03,-6.205472274919049402e-03,2.230252515588074681e-03,-1.762485742055844989e-02,3.195007945831315754e-02,-2.352898083950471717e-02,4.051341615189938544e-02,5.096179695677409069e-03,1.787009316992490757e-02,4.182976560449258585e-02,2.679696003514004526e-02
3.513670658168624450e-01,3.253687049982922908e-01,3.789141697047012092e-01,4.557124229046828900e-01,3.785641783272903904e-01,5.653199547403806591e-01,6.918682760296797074e-01,5.649967962919139053e-01,1.000000000000000000e+00,4.764704590616287150e-01,5.437691276294935872e-01,7.096076635050085901e-01,2.692172416829303749e-01,3.412316907349724482e-01,5.258249262309571126e-01,1.792336176863074115e-01,1.390849003372301163e-01,2.122994028205876793e-01,5.850604632560664486e-02,9.328480541354872146e-02,1.447677462643470470e-01,4.582621599864190876e-02,3.124725470162640663e-03,5.396706093275001337e-02,-3.561290282762587592e-03,5.043548899372633093e-02,-1.235321788960925832e-04,6.763734499398459110e-02,1.941764237631006182e-02,4.270461583535611894e-02,4.035515180349176501e-02,4.821860116753862169e-02,5.494744242623954972e-02,4.403650293080078881e-02
1.776770343077213599e-01,1.699970082598316334e-01,1.810737206922857778e-01,2.282139581168812770e-01,2.284143411696688553e-01,2.928934281644187121e-01,5.857524175583802561e-01,5.658850614545698487e-01,4.764704590616287150e-01,1.000000000000000000e+00,4.772700813527459562e-01,5.057440492567045753e-01,4.179725435437225411e-01,2.666236430326656137e-01,3.776561002743517026e-01,3.245640512720597282e-01,1.539701899238245242e-01,2.229240438012505821e-01,5.146028657101110737e-02,6.084411586787041165e-02,1.503988802718870255e-01,3.046920000852841592e-02,-2.412895178961826665e-03,6.037322682827172410e-02,2.500321157323950882e-02,3.311436143630187151e-02,2.402362040800089249e-02,4.181486426355281172e-02,-2.895544311498087636e-02,7.341055204236983205e-03,-2.597236550109497874e-02,1.569682138981538799e-02,-4.600052097834261833e-03,1.882157476800121881e-02
2.558834151178086547e-01,2.337224481921701680e-01,2.599099250390020099e-01,2.971448771080315576e-01,2.547948162486499135e-01,4.433156581574064226e-01,3.985213845129299548e-01,6.983315831364697024e-01,5.437691276294935872e-01,4.772700813527459562e-01,1.000000000000000000e+00,4.644391690986590659e-01,3.347957220065481132e-01,5.203602900494778138e-01,3.368832191099006002e-01,2.657443809301253124e-01,1.253419324457132333e-01,1.134103138126996563e-01,3.620243130744203036e-02,1.252069267674300879e-01,7.254915320633384401e-02,3.924027052238221458e-02,1.882492653429193238e-02,2.131676099928151574e-02,7.569292289500604079e-03,2.396287082366158408e-02,1.419193461726525780e-02,6.004377260034274993e-02,2.709540601454034706e-02,3.638501189003658792e-02,3.242931417729767729e-02,1.849958230385916405e-02,6.304863798048455925e-02,3.053803500152664149e-02
2.918740149131704986e-01,3.024674459410831573e-01,3.106255787756430631e-01,3.835559060729392677e-01,3.413693341963796035e-01,4.287778670622788280e-01,5.963448217497517856e-01,4.544847558890442452e-01,7.096076635050085901e-01,5.057440492567045753e-01,4.644391690986590659e-01,1.000000000000000000e+00,4.921208819591656458e-01,4.366010950943651214e-01,7.501805609014086107e-01,3.313997842106139458e-01,2.410415674966874255e-01,3.595913892687689351e-01,1.257374927574297085e-01,1.334741426906517758e-01,2.631558594849979782e-01,8.965653326733880046e-02,5.478967532759891623e-02,9.796795898818597137e-02,1.029299012181159045e-02,6.571581326573153192e-02,2.696103340256950434e-02,7.451487019471672579e-02,3.104987227229508845e-02,5.152092485874614630e-02,1.885793869217083918e-02,5.160087375117944353e-02,2.232015331060436744e-02,4.392946387167884909e-02
1.368217733203209163e-01,1.769303220237498642e-01,1.767444069217089242e-01,1.924401297769044727e-01,2.191971324984358926e-01,1.910746368855263111e-01,3.443827755394635037e-01,2.838426706297262347e-01,2.692172416829303749e-01,4.179725435437225411e-01,3.347957220065481132e-01,4.921208819591656458e-01,1.000000000000000000e+00,5.273840924481786319e-01,5.031283834902251506e-01,7.897794793313377415e-01,3.725714004137192226e-01,3.194038089275488268e-01,3.142915144397781524e-01,2.076948092968863291e-01,2.730889724074143654e-01,2.551120298776324291e-01,1.634199013231763531e-01,1.665869135143785706e-01,-6.228037742890041653e-03,7.867292365370487373e-02,6.549644941714750923e-02,8.253414659334555592e-02,9.029812397311778871e-02,6.160848785119066306e-02,3.108725020009959344e-02,1.002583139917716248e-01,4.268506907040637427e-02,7.699889080381318307e-02
1.595284705078106324e-01,1.870402337542203530e-01,2.152486616546959164e-01,2.166527089581082310e-01,2.303252085307809782e-01,2.586852160906368270e-01,3.001328332656016395e-01,3.862031462889351507e-01,3.412316907349724482e-01,2.666236430326656137e-01,5.203602900494778138e-01,4.366010950943651214e-01,5.273840924481786319e-01,1.000000000000000000e+00,5.074509429847685604e-01,4.401032958561436614e-01,4.215314992709277009e-01,2.555669328595237544e-01,1.624205170402199805e-01,3.771829727507947649e-01,2.130878352977598755e-01,1.637112118775581882e-01,1.868031481081276479e-01,7.481920139722522678e-02,-1.285032316323195603e-02,5.614392982719891567e-02,5.470211408096982419e-02,5.883408124059517907e-02,9.540135540326713515e-02,6.015563684639152475e-02,4.471044544185707320e-02,8.238067070189114549e-02,6.108393897335098049e-02,6.899351155489047427e-02
2.236615014279312030e-01,2.502246405978494903e-01,2.487034669675701470e-01,3.029443462424419864e-01,2.883229396109076026e-01,3.150495128773401765e-01,4.648659795918071991e-01,3.261041318013574997e-01,5.258249262309571126e-01,3.776561002743517026e-01,3.368832191099006002e-01,7.501805609014086107e-01,5.031283834902251506e-01,5.074509429847685604e-01,1.000000000000000000e+00,4.221062379839736756e-01,2.983999626002912242e-01,5.174627361117642987e-01,2.028218899343385562e-01,2.130367464869634686e-01,3.898683872861239408e-01,1.583752344159722047e-01,1.083231608439257088e-01,1.472536991283828756e-01,-8.939355177479318959e-03,8.519784131248873960e-02,3.698316993460624980e-02,7.608769175918488059e-02,5.758448159275334627e-02,5.543414335928864567e-02,2.259133047556657198e-02,5.976512559154243537e-02,4.350243839384281691e-02,4.721569635058913555e-02
1.029494131301648685e-01,1.470003654323560338e-01,1.222078358765818912e-01,1.460702248930827174e-01,1.710185099067845771e-01,1.270237716788443494e-01,2.567972687168972867e-01,2.111617913179449912e-01,1.792336176863074115e-01,3.245640512720597282e-01,2.657443809301253124e-01,3.313997842106139458e-01,7.897794793313377415e-01,4.401032958561436614e-01,4.221062379839736756e-01,1.000000000000000000e+00,4.584984157920157233e-01,3.892512318263710580e-01,4.542523538072052447e-01,2.779185762577187080e-01,3.358055465258191763e-01,3.632147555798940775e-01,2.126114513661487571e-01,2.122976438425032142e-01,-4.038385339712029926e-02,6.586503934645607239e-02,6.853433217403860633e-02,6.036580533027377515e-02,9.026251776588940789e-02,4.923542780779785466e-02,5.154017084009115957e-02,8.981550257499683332e-02,4.364729858998220302e-02,7.270548729042046465e-02
4.869357310938675354e-02,1.074713718975548737e-01,7.876151821518520557e-02,8.790479047104499122e-02,1.502792402271573569e-01,7.841611566318175408e-02,1.324700440389206257e-01,1.338689082882358328e-01,1.390849003372301163e-01,1.539701899238245242e-01,1.253419324457132333e-01,2.410415674966874255e-01,3.725714004137192226e-01,4.215314992709277009e-01,2.983999626002912242e-01,4.584984157920157233e-01,1.000000000000000000e+00,4.443346683441231071e-01,4.172968774466431774e-01,4.952928387392572240e-01,3.264953361270478416e-01,3.366957562191222331e-01,2.302187801642377740e-01,1.576344898897730218e-01,-5.565133665008523134e-02,6.641129459411784786e-02,7.814340947707981710e-02,4.191000812818492655e-02,1.210561207194897626e-01,4.149152949432255433e-02,5.373511043554476951e-02,7.733839213845987437e-02,5.698986641582540202e-02,3.446719190906843283e-02
8.393459512692530433e-02,9.430508739213817881e-02,9.439869385079668884e-02,1.213669312872517614e-01,1.252175624877540638e-01,9.222140201893765099e-02,2.163998053291095458e-01,1.088469326076925980e-01,2.122994028205876793e-01,2.229240438012505821e-01,1.134103138126996563e-01,3.595913892687689351e-01,3.194038089275488268e-01,2.555669328595237544e-01,5.174627361117642987e-01,3.892512318263710580e-01,4.443346683441231071e-01,1.000000000000000000e+00,5.151835205809758289e-01,4.170785771493765171e-01,7.591040964386377432e-01,3.903406569463795939e-01,2.694065126425995715e-01,3.930987367379918385e-01,4.443216014038802592e-02,1.282570693188417321e-01,1.559792200874773604e-01,9.338180030560892797e-02,1.667024788435660376e-01,7.000836736639437508e-02,9.846404131856714703e-02,9.335777171087826509e-02,1.136648949136250392e-01,5.248052510339260013e-02
3.304103189729920564e-02,4.964374377150525264e-02,2.490525888533281617e-03,5.483391708596493247e-02,4.823728555338615415e-02,4.747935632738402474e-03,8.587608804570688592e-02,3.355511726292529501e-02,5.850604632560664486e-02,5.146028657101110737e-02,3.620243130744203036e-02,1.257374927574297085e-01,3.142915144397781524e-01,1.624205170402199805e-01,2.028218899343385562e-01,4.542523538072052447e-01,4.172968774466431774e-01,5.151835205809758289e-01,1.000000000000000000e+00,5.156862410139209096e-01,4.914361464729636308e-01,7.848104297528654127e-01,3.735266819811620675e-01,3.184632940913963983e-01,-2.275817747695768056e-01,1.498326640078060865e-02,2.808371601528119807e-02,-6.499217019382561022e-02,1.580659560511656625e-01,2.764485420512969444e-02,8.269050126561443281e-02,6.943179206456938368e-02,5.011500586255667605e-02,6.157590794067632073e-02
3.857051039247876012e-02,5.130114360027931281e-02,2.887364400801880129e-02,7.383812785059379324e-02,6.143983820374902816e-02,6.108664435800817416e-02,1.027546547346452344e-01,1.034466432545967790e-01,9.328480541354872146e-02,6.084411586787041165e-02,1.252069267674300879e-01,1.334741426906517758e-01,2.076948092968863291e-01,3.771829727507947649e-01,2.130367464869634686e-01,2.779185762577187080e-01,4.952928387392572240e-01,4.170785771493765171e-01,5.156862410139209096e-01,1.000000000000000000e+00,5.065192780968418296e-01,4.758555084471571273e-01,5.453900566926949134e-01,1.206974594929771799e-01,-1.330676593980817390e-01,-5.976123070876454557e-02,4.079363636563317075e-02,-8.846661876014980108e-02,9.705780655864335027e-02,-4.370752708002632186e-02,4.553098408713166650e-02,-8.921541608557436928e-03,1.946347405656237775e-02,1.694405733871685166e-03
4.692129610461886341e-02,3.085044867197360083e-02,5.182647524169940040e-02,6.165569671340564301e-02,6.349234958903368642e-02,4.969669223766831623e-02,1.510447574494439282e-01,5.603813030502399761e-02,1.447677462643470470e-01,1.503988802718870255e-01,7.254915320633384401e-02,2.631558594849979782e-01,2.730889724074143654e-01,2.130878352977598755e-01,3.898683872861239408e-01,3.358055465258191763e-01,3.264953361270478416e-01,7.591040964386377432e-01,4.914361464729636308e-01,5.065192780968418296e-01,1.000000000000000000e+00,4.738181925762358637e-01,3.813643242892985619e-01,5.155882085190605091e-01,1.147791126021258240e-01,1.715752404461119152e-01,2.372227361276318114e-01,1.244384330488979701e-01,2.077809652280704911e-01,7.138545564448971203e-02,1.219970674331475047e-01,1.080500942580149837e-01,1.314400054595793732e-01,5.428114426655791108e-02
4.092430221989155903e-02,2.823484591772694799e-02,-1.472088097924645345e-02,3.441936906919805528e-02,1.832936935619846469e-02,-7.103501354849450083e-03,5.910734063744656902e-02,2.578482555010543423e-02,4.582621599864190876e-02,3.046920000852841592e-02,3.924027052238221458e-02,8.965653326733880046e-02,2.551120298776324291e-01,1.637112118775581882e-01,1.583752344159722047e-01,3.632147555798940775e-01,3.366957562191222331e-01,3.903406569463795939e-01,7.848104297528654127e-01,4.758555084471571273e-01,4.738181925762358637e-01,1.000000000000000000e+00,5.060268841386437177e-01,4.265589018759791129e-01,-2.199770452195777271e-01,4.297384576671793577e-02,9.233475501246778128e-02,-4.790100933951358525e-02,1.799690800635869448e-01,1.781697192322501469e-02,7.757995679584317461e-02,7.992814104589224256e-02,4.293450587782655231e-02,7.423543945322733095e-02
2.687153724940447713e-02,-9.700674893340833008e-03,-2.637787671477099735e-02,1.569709002466470119e-02,-1.986868837963585294e-02,-9.977258365303434337e-03,3.203556784003065705e-02,-3.769791940228513303e-04,3.124725470162640663e-03,-2.412895178961826665e-03,1.882492653429193238e-02,5.478967532759891623e-02,1.634199013231763531e-01,1.868031481081276479e-01,1.083231608439257088e-01,2.126114513661487571e-01,2.302187801642377740e-01,2.694065126425995715e-01,3.735266819811620675e-01,5.453900566926949134e-01,3.813643242892985619e-01,5.060268841386437177e-01,1.000000000000000000e+00,1.007891560327543873e-01,-5.610394725577458330e-02,-1.681641484965562261e-01,1.049878505924802530e-01,-1.278644307882559616e-01,4.476415635284818756e-02,-1.096469293702953540e-01,-4.007400690512618463e-02,-6.079126304608956088e-02,-5.256367808117334145e-02,-3.535409873448016466e-02
8.325532540205186210e-03,-2.539556204116603585e-02,1.130104459542976853e-03,-4.064855887925866024e-02,2.078932457035552808e-02,-2.873828449423259171e-02,4.251751921087990743e-02,2.689044495438466971e-03,5.396706093275001337e-02,6.037322682827172410e-02,2.131676099928151574e-02,9.796795898818597137e-02,1.665869135143785706e-01,7.481920139722522678e-02,1.472536991283828756e-01,2.122976438425032142e-01,1.576344898897730218e-01,3.930987367379918385e-01,3.184632940913963983e-01,1.206974594929771799e-01,5.155882085190605091e-01,4.265589018759791129e-01,1.007891560327543873e-01,1.000000000000000000e+00,4.901135285738033032e-01,5.400447510350216973e-01,5.367293928215139953e-01,4.192486886079186958e-01,3.139396237873264273e-01,1.500301836889170459e-01,1.446327543260350623e-01,2.186731933393556704e-01,1.853318256741826320e-01,1.480712130293997397e-01
-2.014370608806207927e-02,-3.794184460674242254e-02,-6.495299581992996715e-03,-5.448446170783840387e-02,-1.673097430097712432e-02,-4.754854634290148381e-03,-1.883130777742334297e-02,-6.205472274919049402e-03,-3.561290282762587592e-03,2.500321157323950882e-02,7.569292289500604079e-03,1.029299012181159045e-02,-6.228037742890041653e-03,-1.285032316323195603e-02,-8.939355177479318959e-03,-4.038385339712029926e-02,-5.565133665008523134e-02,4.443216014038802592e-02,-2.275817747695768056e-01,-1.330676593980817390e-01,1.147791126021258240e-01,-2.199770452195777271e-01,-5.610394725577458330e-02,4.901135285738033032e-01,1.000000000000000000e+00,5.519200780327273570e-01,6.554631098541142675e-01,5.642493065272826680e-01,2.263245372495815699e-01,1.372160787405457549e-01,5.258701568781258551e-02,1.526697268504180749e-01,1.470723486686578707e-01,8.969196064062634477e-02
-6.850195580981611673e-03,-8.087674535544125964e-03,3.043349319218933285e-02,-2.966582755919028314e-02,3.912289555209296638e-02,6.083969604257507581e-03,1.819514418807485073e-02,2.230252515588074681e-03,5.043548899372633093e-02,3.311436143630187151e-02,2.396287082366158408e-02,6.571581326573153192e-02,7.867292365370487373e-02,5.614392982719891567e-02,8.519784131248873960e-02,6.586503934645607239e-02,6.641129459411784786e-02,1.282570693188417321e-01,1.498326640078060865e-02,-5.976123070876454557e-02,1.715752404461119152e-01,4.297384576671793577e-02,-1.681641484965562261e-01,5.400447510350216973e-01,5.519200780327273570e-01,1.000000000000000000e+00,5.393714147782362467e-01,6.700608308584765638e-01,3.792563100016138611e-01,2.828668244912494467e-01,2.000162434074888029e-01,3.091801503359747350e-01,2.393433380446643166e-01,2.050300863879597202e-01
-4.428028515815337143e-03,-3.405452226990270115e-02,-1.326252634655013252e-02,-4.666890657802533204e-02,-2.537057553881436056e-02,-2.453666441555945113e-02,-1.409262121031759282e-02,-1.762485742055844989e-02,-1.235321788960925832e-04,2.402362040800089249e-02,1.419193461726525780e-02,2.696103340256950434e-02,6.549644941714750923e-02,5.470211408096982419e-02,3.698316993460624980e-02,6.853433217403860633e-02,7.814340947707981710e-02,1.559792200874773604e-01,2.808371601528119807e-02,4.079363636563317075e-02,2.372227361276318114e-01,9.233475501246778128e-02,1.049878505924802530e-01,5.367293928215139953e-01,6.554631098541142675e-01,5.393714147782362467e-01,1.000000000000000000e+00,5.571355031146481007e-01,5.081800624385900411e-01,3.325299521139195025e-01,1.956666913124223972e-01,3.190196599141342237e-01,2.422455715705029988e-01,1.719478105641600585e-01
1.280070404977453388e-03,9.846805348914060979e-03,3.974926010840169194e-02,-8.474934284684329869e-03,3.483662331892813796e-02,4.597588859393510891e-02,2.474081745864614365e-02,3.195007945831315754e-02,6.763734499398459110e-02,4.181486426355281172e-02,6.004377260034274993e-02,7.451487019471672579e-02,8.253414659334555592e-02,5.883408124059517907e-02,7.608769175918488059e-02,6.036580533027377515e-02,4.191000812818492655e-02,9.338180030560892797e-02,-6.499217019382561022e-02,-8.846661876014980108e-02,1.244384330488979701e-01,-4.790100933951358525e-02,-1.278644307882559616e-01,4.192486886079186958e-01,5.642493065272826680e-01,6.700608308584765638e-01,5.571355031146481007e-01,1.000000000000000000e+00,3.414077952511243019e-01,3.682595612762343262e-01,2.377829429643541492e-01,3.221741088623179539e-01,2.653166866447606576e-01,2.125387175505144555e-01
1.258156219883052596e-02,7.364725924881781322e-03,3.231221036231374244e-02,-9.118922091176517733e-04,2.490442485352749660e-02,-3.672340074620958567e-04,-6.789917784743806743e-03,-2.352898083950471717e-02,1.941764237631006182e-02,-2.895544311498087636e-02,2.709540601454034706e-02,3.104987227229508845e-02,9.029812397311778871e-02,9.540135540326713515e-02,5.758448159275334627e-02,9.026251776588940789e-02,1.210561207194897626e-01,1.667024788435660376e-01,1.580659560511656625e-01,9.705780655864335027e-02,2.077809652280704911e-01,1.799690800635869448e-01,4.476415635284818756e-02,3.139396237873264273e-01,2.263245372495815699e-01,3.792563100016138611e-01,5.081800624385900411e-01,3.414077952511243019e-01,1.000000000000000000e+00,5.062597828208067474e-01,5.109236180340812616e-01,5.068995025690529177e-01,3.485005865444516515e-01,2.829825787912996216e-01
3.017853356291057016e-03,3.989023598257154107e-02,6.729755715813783012e-02,4.178178611856113445e-02,6.436816441312039061e-02,4.804037326715455275e-02,3.887738860296816729e-02,4.051341615189938544e-02,4.270461583535611894e-02,7.341055204236983205e-03,3.638501189003658792e-02,5.152092485874614630e-02,6.160848785119066306e-02,6.015563684639152475e-02,5.543414335928864567e-02,4.923542780779785466e-02,4.149152949432255433e-02,7.000836736639437508e-02,2.764485420512969444e-02,-4.370752708002632186e-02,7.138545564448971203e-02,1.781697192322501469e-02,-1.096469293702953540e-01,1.500301836889170459e-01,1.372160787405457549e-01,2.828668244912494467e-01,3.325299521139195025e-01,3.682595612762343262e-01,5.062597828208067474e-01,1.000000000000000000e+00,5.256568714258349484e-01,6.255319038905695628e-01,4.921428560523445905e-01,3.460335638182588935e-01
4.059866474722089585e-02,5.264948507642942116e-02,6.667292172321218069e-02,5.860871934758857954e-02,4.955850299318808466e-02,4.926505258165132101e-02,2.032316570237479789e-02,5.096179695677409069e-03,4.035515180349176501e-02,-2.597236550109497874e-02,3.242931417729767729e-02,1.885793869217083918e-02,3.108725020009959344e-02,4.471044544185707320e-02,2.259133047556657198e-02,5.154017084009115957e-02,5.373511043554476951e-02,9.846404131856714703e-02,8.269050126561443281e-02,4.553098408713166650e-02,1.219970674331475047e-01,7.757995679584317461e-02,-4.007400690512618463e-02,1.446327543260350623e-01,5.258701568781258551e-02,2.000162434074888029e-01,1.956666913124223972e-01,2.377829429643541492e-01,5.109236180340812616e-01,5.256568714258349484e-01,1.000000000000000000e+00,4.797616340669967894e-01,5.113455438124785424e-01,3.715666509478359192e-01
-1.740140886413131961e-03,1.809277681514367964e-02,5.008832783294528412e-02,1.299532863536406214e-02,5.075791512798039778e-02,1.759605951075404393e-02,3.973066246064931029e-02,1.787009316992490757e-02,4.821860116753862169e-02,1.569682138981538799e-02,1.849958230385916405e-02,5.160087375117944353e-02,1.002583139917716248e-01,8.238067070189114549e-02,5.976512559154243537e-02,8.981550257499683332e-02,7.733839213845987437e-02,9.335777171087826509e-02,6.943179206456938368e-02,-8.921541608557436928e-03,1.080500942580149837e-01,7.992814104589224256e-02,-6.079126304608956088e-02,2.186731933393556704e-01,1.526697268504180749e-01,3.091801503359747350e-01,3.190196599141342237e-01,3.221741088623179539e-01,5.068995025690529177e-01,6.255319038905695628e-01,4.797616340669967894e-01,1.000000000000000000e+00,5.573817152948233877e-01,5.784790771470947890e-01
7.119735544330416978e-03,1.388552140889958396e-02,5.355160638125577854e-02,2.314129370668502675e-02,4.891989694933675942e-02,3.259718795067886865e-02,1.704427998988388565e-02,4.182976560449258585e-02,5.494744242623954972e-02,-4.600052097834261833e-03,6.304863798048455925e-02,2.232015331060436744e-02,4.268506907040637427e-02,6.108393897335098049e-02,4.350243839384281691e-02,4.364729858998220302e-02,5.698986641582540202e-02,1.136648949136250392e-01,5.011500586255667605e-02,1.946347405656237775e-02,1.314400054595793732e-01,4.293450587782655231e-02,-5.256367808117334145e-02,1.853318256741826320e-01,1.470723486686578707e-01,2.393433380446643166e-01,2.422455715705029988e-01,2.653166866447606576e-01,3.485005865444516515e-01,4.921428560523445905e-01,5.113455438124785424e-01,5.573817152948233877e-01,1.000000000000000000e+00,4.460968546640045052e-01
3.048017252232393046e-02,2.350684437239387858e-02,4.514879313540558908e-02,2.653415616332785096e-02,3.975058014790922023e-02,2.007318892659731846e-02,3.683216804897419122e-02,2.679696003514004526e-02,4.403650293080078881e-02,1.882157476800121881e-02,3.053803500152664149e-02,4.392946387167884909e-02,7.699889080381318307e-02,6.899351155489047427e-02,4.721569635058913555e-02,7.270548729042046465e-02,3.446719190906843283e-02,5.248052510339260013e-02,6.157590794067632073e-02,1.694405733871685166e-03,5.428114426655791108e-02,7.423543945322733095e-02,-3.535409873448016466e-02,1.480712130293997397e-01,8.969196064062634477e-02,2.050300863879597202e-01,1.719478105641600585e-01,2.125387175505144555e-01,2.829825787912996216e-01,3.460335638182588935e-01,3.715666509478359192e-01,5.784790771470947890e-01,4.460968546640045052e-01,1.000000000000000000e+00
