1.000000000000000000e+00,4.323030736339304458e-01,-3.787389112652811418e-02,-8.526532085816623807e-02,-6.180336478530298189e-02,-2.548518152364537964e-02,-1.069276305217939649e-01,-1.062888990464006811e-01,-1.273720218318143416e-01,-1.266436483349437092e-01,-1.073696672440711819e-01,-1.750718038405746357e-02,-1.818589907686911714e-02,-1.521761632581716123e-02,-1.594480171657741002e-02,2.065437143425661454e-02,4.997330498414087607e-02,5.212934978055580593e-02,-3.832643842302043812e-03,3.319539225930704524e-02,9.448180645375663100e-02,5.097410818749829181e-02,8.765416725356700578e-02,-9.573763664293165332e-02,3.174779804913762521e-02,1.583655754655560743e-02,-1.016080031705687281e-01,-1.325862115281742915e-01,2.736329256391038800e-02,1.698071270157629209e-01,1.051789166728684249e-01,-5.351839169470961471e-02
4.323030736339304458e-01,1.000000000000000000e+00,4.335582590700253203e-01,1.067261264721372921e-01,-1.075439927623886988e-01,-6.589187396139183084e-02,-1.303882651889403943e-01,-7.828083583247953670e-02,-1.121706994078506131e-01,-9.894559107126291164e-02,-1.247530054203483119e-01,-1.254217710117392325e-02,-5.585597685512260629e-02,1.389143025916045673e-02,-2.674628224063631612e-02,-5.356160144403643991e-02,-7.324249031277416111e-02,-1.503402420945232631e-01,-9.906927571477473771e-02,1.292939851711308666e-02,2.676512494234327758e-02,-3.808597304968248942e-02,-2.590616086972647933e-02,-1.455592278605541967e-01,-6.241188265707622862e-02,-1.265059405189750963e-01,-6.931142639572730746e-02,-1.804107177242449817e-02,1.306616228042887795e-01,5.644478963624044443e-02,-9.358174527084117678e-02,-9.716095386727388594e-02
-3.787389112652811418e-02,4.335582590700253203e-01,1.000000000000000000e+00,5.618463493243379681e-01,-1.865347476461973186e-02,-1.078560196721757569e-01,-1.188123323819976485e-01,-5.992197813340648105e-02,-8.576426894025968029e-02,-7.589203754549987690e-02,-6.344249653016596768e-02,-1.485128125942035068e-03,-9.971403292517037886e-02,-2.890475595530418718e-02,-9.186140440834500431e-02,-1.247146030828061858e-01,-1.074117427087495219e-01,-1.399248919511996703e-01,-8.402335811168525070e-03,8.671227105338427318e-03,-2.084618782270960050e-02,1.946869851984884409e-02,-2.514021758630370293e-02,-2.823204537613412807e-02,2.157878790141501760e-02,-6.633973863716370600e-02,-1.144062375468928860e-01,-9.254870782881512159e-02,4.760945659166349736e-02,-5.570812019428618422e-02,-1.624971688754268673e-01,-1.938864492692119468e-01
-8.526532085816623807e-02,1.067261264721372921e-01,5.618463493243379681e-01,1.000000000000000000e+00,3.072028709049068329e-01,-8.935336037239750839e-02,-8.848837946710524927e-02,-1.713063736035089560e-02,3.079171855600088947e-03,-7.069401880851106101e-02,-8.070559542731028935e-02,-1.177118256526340778e-01,-1.295229377987054398e-01,-1.889064119032069500e-01,-2.011434919984932956e-01,-1.384788783655160616e-01,-1.055964641904127699e-01,-7.560945653963159485e-02,1.368365993953020270e-02,5.286010012745422613e-03,1.286790666797335558e-02,4.086299278925832612e-02,-6.899951529997292235e-03,1.052168080564107669e-02,-1.391347647753552429e-02,-5.816177855462607849e-02,-1.228696113682960084e-01,-5.863785959798384351e-02,1.066925649484592870e-01,-3.043880189705028272e-02,-1.744895836942599032e-01,-1.862972922961353972e-01
-6.180336478530298189e-02,-1.075439927623886988e-01,-1.865347476461973186e-02,3.072028709049068329e-01,1.000000000000000000e+00,3.790878254457246688e-01,1.490888677735729417e-01,1.624252174444776597e-01,1.063325326752286720e-01,-5.202749997223867634e-02,-1.474183542414910231e-01,-2.022194317651491158e-01,-8.041580493367217475e-02,-2.726471438917143497e-01,-1.812060423176198032e-01,-1.464341477202014408e-01,-1.550179622941755264e-01,-8.670944399117531953e-02,-1.249153918157036997e-01,-6.154027860730357929e-02,-2.955207914649812806e-02,2.593697934885705672e-02,4.048334219060330252e-02,4.719221708583538899e-02,-8.831610949174888148e-02,-6.889771617579260043e-02,-1.732857121971410203e-02,2.717033444528823768e-02,1.112327995610243488e-02,2.399951489105200952e-02,-2.484911334911198144e-02,7.050545611240166544e-02
-2.548518152364537964e-02,-6.589187396139183084e-02,-1.078560196721757569e-01,-8.935336037239750839e-02,3.790878254457246688e-01,1.000000000000000000e+00,5.228998111914552327e-01,1.808634148973235489e-01,9.212834483974553790e-02,-3.111619557104529712e-02,-9.908764028426852999e-02,-2.584941799912390814e-01,-1.540555400259968621e-01,-1.381095879769254908e-01,-1.557000461110581713e-01,-1.628364088983223212e-01,-8.865630141634869843e-02,-6.573776283798059283e-02,-1.560904088849041915e-01,-1.532305643876227808e-01,-1.632662988947330696e-01,-8.537590661142020754e-02,-5.420417451544867760e-02,-4.017397899600976680e-02,-3.281889158462372724e-02,-2.135106950076818069e-02,8.056399844310321856e-02,1.009506841210241895e-01,1.775639634034267139e-02,7.151012763493914785e-03,-4.169112707504405747e-03,6.800087256005030167e-02
-1.069276305217939649e-01,-1.303882651889403943e-01,-1.188123323819976485e-01,-8.848837946710524927e-02,1.490888677735729417e-01,5.228998111914552327e-01,1.000000000000000000e+00,4.285550569039003332e-01,2.222961086852524581e-01,-6.870274454423938582e-02,-8.362546007207696808e-02,-2.559783594944438079e-01,-1.938483129989110321e-01,-1.849015128471066249e-01,-1.926146840433744234e-01,-1.634518807813132579e-01,-1.000225363833592285e-01,-5.477077684350611930e-02,-9.381244063883657780e-02,-1.181557671522295710e-01,-1.882279530572072146e-01,-8.499300652196153938e-02,-3.860115020672329894e-02,-3.457801516300961636e-02,2.746926394900617296e-02,8.596733647966092740e-03,8.455864930573060712e-02,1.097342056022675011e-01,-3.008121572431067189e-02,-1.424309097408720665e-02,2.416704330057926203e-02,1.029671453276132104e-01
-1.062888990464006811e-01,-7.828083583247953670e-02,-5.992197813340648105e-02,-1.713063736035089560e-02,1.624252174444776597e-01,1.808634148973235489e-01,4.285550569039003332e-01,1.000000000000000000e+00,5.619452115980763107e-01,5.279345074851844732e-02,-1.711871937521443343e-01,-1.449179039918142842e-01,-2.441491234767739493e-01,-2.258309887816076500e-01,-1.674893487855970697e-01,-1.666592239768740769e-01,-1.854586468535169563e-01,-2.020669907371201168e-01,-1.695252088841119886e-01,-9.262602100627867485e-02,-1.672429054685515282e-01,-8.427923027606851192e-02,-4.490385208219653534e-02,-7.354799418332304967e-03,-1.355343673703455175e-02,-2.302300420976228015e-02,1.319472406502008588e-01,1.293277359753438327e-01,-2.430253340023727504e-02,6.134775439447583828e-02,7.267483997173186661e-02,1.333473868916764393e-01
-1.273720218318143416e-01,-1.121706994078506131e-01,-8.576426894025968029e-02,3.079171855600088947e-03,1.063325326752286720e-01,9.212834483974553790e-02,2.222961086852524581e-01,5.619452115980763107e-01,1.000000000000000000e+00,3.652707564887417990e-01,-1.036180889987214360e-01,-8.447082284907560246e-02,-1.963945562902189301e-01,-2.082532802635512770e-01,-2.081938639820211656e-01,-2.298682823297124311e-01,-2.143837199008543359e-01,-1.722263252644444520e-01,-1.371698752059586635e-01,-1.456342447935032036e-01,-2.416128084647104490e-01,-9.469563316372565931e-02,-1.208257402620322579e-01,-6.074581895250395769e-02,-1.039287892314118625e-02,-7.704384988962206804e-02,1.264835186592706828e-01,1.968829700337209609e-01,4.443708131693138025e-02,5.901832241771545057e-02,3.013156885673992993e-02,9.408689398081286626e-02
-1.266436483349437092e-01,-9.894559107126291164e-02,-7.589203754549987690e-02,-7.069401880851106101e-02,-5.202749997223867634e-02,-3.111619557104529712e-02,-6.870274454423938582e-02,5.279345074851844732e-02,3.652707564887417990e-01,1.000000000000000000e+00,4.101777957743658054e-01,1.362585663057081647e-02,-7.038524238033412594e-02,9.581837758314336317e-02,-3.177334759484008037e-02,-1.090272279913822723e-01,-1.834410085128445334e-01,-1.800325849710499027e-01,-1.335347958178540739e-01,-9.353005363826605301e-02,-1.718524752396762001e-01,-1.269125902127300476e-01,-1.192650128075581212e-01,-4.297342504969539623e-02,-4.168469753248910808e-02,9.268544308960270650e-03,1.150296128596030587e-01,1.093795298301550173e-01,-2.603609907435856449e-02,-8.704595991320521198e-03,3.761249085243340007e-02,7.752218850824250940e-02
-1.073696672440711819e-01,-1.247530054203483119e-01,-6.344249653016596768e-02,-8.070559542731028935e-02,-1.474183542414910231e-01,-9.908764028426852999e-02,-8.362546007207696808e-02,-1.711871937521443343e-01,-1.036180889987214360e-01,4.101777957743658054e-01,1.000000000000000000e+00,2.584108004855836804e-01,9.376032805602652065e-02,2.610365584503611669e-01,2.661713516119024736e-01,4.619725360619901522e-02,-1.060125277957076756e-01,-1.097884639189391914e-01,-7.751776637881140075e-02,-9.535633939508253443e-02,-1.221762475862390868e-01,-1.116423749579645436e-01,-3.606007727513542427e-02,1.092401438581779363e-02,-1.278475915816172995e-02,5.821992504492093379e-02,-1.929991602795803202e-02,-9.968442994462649309e-02,-1.387103866761128512e-01,-1.158011544784434688e-01,-5.641927880717126538e-03,-2.068931353597142433e-02
-1.750718038405746357e-02,-1.254217710117392325e-02,-1.485128125942035068e-03,-1.177118256526340778e-01,-2.022194317651491158e-01,-2.584941799912390814e-01,-2.559783594944438079e-01,-1.449179039918142842e-01,-8.447082284907560246e-02,1.362585663057081647e-02,2.584108004855836804e-01,1.000000000000000000e+00,3.608912798922703780e-01,1.539694651352490895e-01,3.564675398230333081e-01,1.337420035300409260e-01,-1.041142602603601502e-01,-1.285971319540828162e-02,6.061043367344297328e-02,-6.924766961682880632e-03,-6.387897709687262449e-02,-1.514483855050163981e-02,-1.340828736200622151e-01,4.379948079827924307e-02,-1.083511248722747455e-01,-4.234709489386416503e-02,-4.478488938952310261e-02,-1.038557716254472352e-01,-4.940162685054846209e-02,-4.355433726158634139e-02,-2.358489263251329487e-02,-7.272538132310046866e-02
-1.818589907686911714e-02,-5.585597685512260629e-02,-9.971403292517037886e-02,-1.295229377987054398e-01,-8.041580493367217475e-02,-1.540555400259968621e-01,-1.938483129989110321e-01,-2.441491234767739493e-01,-1.963945562902189301e-01,-7.038524238033412594e-02,9.376032805602652065e-02,3.608912798922703780e-01,1.000000000000000000e+00,3.793930423868885349e-01,2.849010021827616534e-01,3.065809013078283352e-01,1.733206020308955264e-01,1.690321829082510052e-01,3.272804336543505555e-02,-2.473917515700982742e-03,5.606059051106016683e-02,-4.320474811381970481e-02,-8.834577835836893156e-02,7.996991286610797764e-03,-7.475752992991159529e-02,-6.638549140524641068e-02,-5.045901611192844111e-02,-7.239227069958664718e-02,-4.996509790381731264e-02,-1.545846999372721686e-01,-1.212752989706366441e-01,-6.566029733814726654e-02
-1.521761632581716123e-02,1.389143025916045673e-02,-2.890475595530418718e-02,-1.889064119032069500e-01,-2.726471438917143497e-01,-1.381095879769254908e-01,-1.849015128471066249e-01,-2.258309887816076500e-01,-2.082532802635512770e-01,9.581837758314336317e-02,2.610365584503611669e-01,1.539694651352490895e-01,3.793930423868885349e-01,1.000000000000000000e+00,4.401355891787243069e-01,2.867873234008075367e-01,1.640709869279953215e-01,-6.500050666035680005e-03,-1.591697551334127214e-01,-9.485748186233565471e-02,5.166083682913853725e-02,-8.826555215174930469e-02,-6.961976700999376877e-02,-3.407016411620256841e-02,-8.828433698994030132e-02,-5.255144590154066375e-02,-4.100592801644470375e-02,-5.379716351694541904e-02,-5.925008082291136069e-02,-1.129400128844521706e-01,-7.460483361880107522e-02,-7.948505983923744023e-02
-1.594480171657741002e-02,-2.674628224063631612e-02,-9.186140440834500431e-02,-2.011434919984932956e-01,-1.812060423176198032e-01,-1.557000461110581713e-01,-1.926146840433744234e-01,-1.674893487855970697e-01,-2.081938639820211656e-01,-3.177334759484008037e-02,2.661713516119024736e-01,3.564675398230333081e-01,2.849010021827616534e-01,4.401355891787243069e-01,1.000000000000000000e+00,3.725124315771988770e-01,5.415288700302706149e-02,1.395533458789160151e-02,-4.065126290686269656e-02,-6.533155879825724988e-03,6.628682782810033092e-02,-1.187928635879399591e-01,-1.033687466053218734e-01,-5.358349032166028619e-02,-1.117974470427519074e-01,-1.477352045214725199e-02,-8.029448400176202039e-02,-1.356751751177712739e-01,-1.701583146489393517e-01,-1.445466907891056474e-01,-7.892424439331872932e-02,-7.411217358767326069e-02
2.065437143425661454e-02,-5.356160144403643991e-02,-1.247146030828061858e-01,-1.384788783655160616e-01,-1.464341477202014408e-01,-1.628364088983223212e-01,-1.634518807813132579e-01,-1.666592239768740769e-01,-2.298682823297124311e-01,-1.090272279913822723e-01,4.619725360619901522e-02,1.337420035300409260e-01,3.065809013078283352e-01,2.867873234008075367e-01,3.725124315771988770e-01,1.000000000000000000e+00,4.552519534071007845e-01,1.846480365532821299e-01,-5.113632939329885996e-02,1.837770690952185079e-02,3.035358393427332532e-02,-1.663964134762939973e-01,-9.907365696222210361e-02,-8.015495960838560710e-03,-8.070915645978728181e-02,3.227837199406437957e-02,-8.620962952017865999e-02,-1.103525499722074477e-01,-1.022780603287701678e-01,-1.517101933664003754e-01,-8.521906449660154870e-02,-5.531319240352282340e-02
4.997330498414087607e-02,-7.324249031277416111e-02,-1.074117427087495219e-01,-1.055964641904127699e-01,-1.550179622941755264e-01,-8.865630141634869843e-02,-1.000225363833592285e-01,-1.854586468535169563e-01,-2.143837199008543359e-01,-1.834410085128445334e-01,-1.060125277957076756e-01,-1.041142602603601502e-01,1.733206020308955264e-01,1.640709869279953215e-01,5.415288700302706149e-02,4.552519534071007845e-01,1.000000000000000000e+00,4.985641719867247024e-01,3.500214520713325339e-02,-3.390953869381450186e-02,7.146566594854064647e-02,-8.317427091619396251e-02,-4.278710120162722980e-02,-2.318985027186072981e-02,-1.573999392489819349e-02,1.742055051590396184e-02,-7.213861673645455275e-02,-6.669974478758995684e-02,-2.562818126458083282e-02,-7.272738287095356635e-02,-3.908863252664113858e-02,-5.986736132389456483e-02
5.212934978055580593e-02,-1.503402420945232631e-01,-1.399248919511996703e-01,-7.560945653963159485e-02,-8.670944399117531953e-02,-6.573776283798059283e-02,-5.477077684350611930e-02,-2.020669907371201168e-01,-1.722263252644444520e-01,-1.800325849710499027e-01,-1.097884639189391914e-01,-1.285971319540828162e-02,1.690321829082510052e-01,-6.500050666035680005e-03,1.395533458789160151e-02,1.846480365532821299e-01,4.985641719867247024e-01,1.000000000000000000e+00,3.593917307704553310e-01,-4.087509421626698419e-02,4.119624349781455391e-02,-2.051246263684034649e-02,-4.425380699961765918e-02,-1.928809058520447942e-02,-2.606879554708152122e-03,4.076099572465245735e-02,-1.489573166943237714e-01,-1.447030808075502606e-01,-7.119870315884085921e-02,-1.021129034971797883e-01,-1.007883374565881653e-02,-4.652881128189786941e-02
-3.832643842302043812e-03,-9.906927571477473771e-02,-8.402335811168525070e-03,1.368365993953020270e-02,-1.249153918157036997e-01,-1.560904088849041915e-01,-9.381244063883657780e-02,-1.695252088841119886e-01,-1.371698752059586635e-01,-1.335347958178540739e-01,-7.751776637881140075e-02,6.061043367344297328e-02,3.272804336543505555e-02,-1.591697551334127214e-01,-4.065126290686269656e-02,-5.113632939329885996e-02,3.500214520713325339e-02,3.593917307704553310e-01,1.000000000000000000e+00,4.394550488988647197e-01,1.199059839932916233e-01,-1.658436507522575640e-02,-9.543993175844527055e-02,-4.380486839494276280e-02,-1.723862805357119694e-04,-4.054753705498657240e-02,-1.659723278695733051e-01,-1.598047549149078650e-01,-1.343750448323160346e-02,-7.932210488502489110e-02,-3.797962309611589704e-02,-8.143733027572794270e-02
3.319539225930704524e-02,1.292939851711308666e-02,8.671227105338427318e-03,5.286010012745422613e-03,-6.154027860730357929e-02,-1.532305643876227808e-01,-1.181557671522295710e-01,-9.262602100627867485e-02,-1.456342447935032036e-01,-9.353005363826605301e-02,-9.535633939508253443e-02,-6.924766961682880632e-03,-2.473917515700982742e-03,-9.485748186233565471e-02,-6.533155879825724988e-03,1.837770690952185079e-02,-3.390953869381450186e-02,-4.087509421626698419e-02,4.394550488988647197e-01,1.000000000000000000e+00,3.878334653104801300e-01,-1.844074088183404042e-02,-9.153480080956767628e-02,-1.633362398089203138e-01,-1.141690491438228650e-01,-7.070034544048726943e-02,-1.574758701547392115e-01,-1.381615974666048352e-01,-5.028242977514018469e-02,-8.498215164758052276e-02,-3.296020378739089596e-02,-6.340730163374437567e-02
9.448180645375663100e-02,2.676512494234327758e-02,-2.084618782270960050e-02,1.286790666797335558e-02,-2.955207914649812806e-02,-1.632662988947330696e-01,-1.882279530572072146e-01,-1.672429054685515282e-01,-2.416128084647104490e-01,-1.718524752396762001e-01,-1.221762475862390868e-01,-6.387897709687262449e-02,5.606059051106016683e-02,5.166083682913853725e-02,6.628682782810033092e-02,3.035358393427332532e-02,7.146566594854064647e-02,4.119624349781455391e-02,1.199059839932916233e-01,3.878334653104801300e-01,1.000000000000000000e+00,3.823786731141420869e-01,1.104820108356484865e-01,-8.178606503715474263e-02,-9.007672605338017113e-02,-1.142203026536060123e-01,-1.907539737384324474e-01,-1.009683470630815955e-01,7.005053310658386490e-02,3.708879709558282785e-03,-4.198903101168068724e-02,-8.697324528370875552e-02
5.097410818749829181e-02,-3.808597304968248942e-02,1.946869851984884409e-02,4.086299278925832612e-02,2.593697934885705672e-02,-8.537590661142020754e-02,-8.499300652196153938e-02,-8.427923027606851192e-02,-9.469563316372565931e-02,-1.269125902127300476e-01,-1.116423749579645436e-01,-1.514483855050163981e-02,-4.320474811381970481e-02,-8.826555215174930469e-02,-1.187928635879399591e-01,-1.663964134762939973e-01,-8.317427091619396251e-02,-2.051246263684034649e-02,-1.658436507522575640e-02,-1.844074088183404042e-02,3.823786731141420869e-01,1.000000000000000000e+00,3.879980306230326748e-01,1.886400038915327093e-01,1.381286290072359091e-01,-1.887714951810290365e-02,-6.564519309638416900e-02,-9.682615845043968106e-02,9.236901607085144794e-03,1.017488030949238176e-01,2.526937292357117268e-02,-6.559678594935933194e-02
8.765416725356700578e-02,-2.590616086972647933e-02,-2.514021758630370293e-02,-6.899951529997292235e-03,4.048334219060330252e-02,-5.420417451544867760e-02,-3.860115020672329894e-02,-4.490385208219653534e-02,-1.208257402620322579e-01,-1.192650128075581212e-01,-3.606007727513542427e-02,-1.340828736200622151e-01,-8.834577835836893156e-02,-6.961976700999376877e-02,-1.033687466053218734e-01,-9.907365696222210361e-02,-4.278710120162722980e-02,-4.425380699961765918e-02,-9.543993175844527055e-02,-9.153480080956767628e-02,1.104820108356484865e-01,3.879980306230326748e-01,1.000000000000000000e+00,4.032018834843308364e-01,3.209602625300735923e-01,1.715489612987079748e-01,-4.313822211851336269e-02,-1.684390348702224649e-01,-8.864372340683765450e-02,6.996393723610812299e-02,3.887730043594495727e-02,-6.601701827481101792e-02
-9.573763664293165332e-02,-1.455592278605541967e-01,-2.823204537613412807e-02,1.052168080564107669e-02,4.719221708583538899e-02,-4.017397899600976680e-02,-3.457801516300961636e-02,-7.354799418332304967e-03,-6.074581895250395769e-02,-4.297342504969539623e-02,1.092401438581779363e-02,4.379948079827924307e-02,7.996991286610797764e-03,-3.407016411620256841e-02,-5.358349032166028619e-02,-8.015495960838560710e-03,-2.318985027186072981e-02,-1.928809058520447942e-02,-4.380486839494276280e-02,-1.633362398089203138e-01,-8.178606503715474263e-02,1.886400038915327093e-01,4.032018834843308364e-01,1.000000000000000000e+00,3.451422525821445375e-01,2.190717220209907057e-01,1.310758352110167613e-01,-4.130666658256373913e-02,-9.766660881763068736e-02,-1.985037351685814064e-02,-3.638186564956864127e-02,-5.916636878440074271e-02
3.174779804913762521e-02,-6.241188265707622862e-02,2.157878790141501760e-02,-1.391347647753552429e-02,-8.831610949174888148e-02,-3.281889158462372724e-02,2.746926394900617296e-02,-1.355343673703455175e-02,-1.039287892314118625e-02,-4.168469753248910808e-02,-1.278475915816172995e-02,-1.083511248722747455e-01,-7.475752992991159529e-02,-8.828433698994030132e-02,-1.117974470427519074e-01,-8.070915645978728181e-02,-1.573999392489819349e-02,-2.606879554708152122e-03,-1.723862805357119694e-04,-1.141690491438228650e-01,-9.007672605338017113e-02,1.381286290072359091e-01,3.209602625300735923e-01,3.451422525821445375e-01,1.000000000000000000e+00,4.447797180487412794e-01,1.174428559841162734e-01,-7.384865366738641024e-02,-1.427100954166440616e-01,-5.607833388917995467e-03,-5.309678784465782231e-02,-9.638922705789373935e-02
1.583655754655560743e-02,-1.265059405189750963e-01,-6.633973863716370600e-02,-5.816177855462607849e-02,-6.889771617579260043e-02,-2.135106950076818069e-02,8.596733647966092740e-03,-2.302300420976228015e-02,-7.704384988962206804e-02,9.268544308960270650e-03,5.821992504492093379e-02,-4.234709489386416503e-02,-6.638549140524641068e-02,-5.255144590154066375e-02,-1.477352045214725199e-02,3.227837199406437957e-02,1.742055051590396184e-02,4.076099572465245735e-02,-4.054753705498657240e-02,-7.070034544048726943e-02,-1.142203026536060123e-01,-1.887714951810290365e-02,1.715489612987079748e-01,2.190717220209907057e-01,4.447797180487412794e-01,1.000000000000000000e+00,3.784647420481425106e-01,-2.695864495561151042e-02,-2.088494340869803401e-01,-6.403029999548909279e-02,1.306938136629044386e-02,-2.131889496015656159e-03
-1.016080031705687281e-01,-6.931142639572730746e-02,-1.144062375468928860e-01,-1.228696113682960084e-01,-1.732857121971410203e-02,8.056399844310321856e-02,8.455864930573060712e-02,1.319472406502008588e-01,1.264835186592706828e-01,1.150296128596030587e-01,-1.929991602795803202e-02,-4.478488938952310261e-02,-5.045901611192844111e-02,-4.100592801644470375e-02,-8.029448400176202039e-02,-8.620962952017865999e-02,-7.213861673645455275e-02,-1.489573166943237714e-01,-1.659723278695733051e-01,-1.574758701547392115e-01,-1.907539737384324474e-01,-6.564519309638416900e-02,-4.313822211851336269e-02,1.310758352110167613e-01,1.174428559841162734e-01,3.784647420481425106e-01,1.000000000000000000e+00,4.972409247108245944e-01,4.124546343602528142e-03,3.325000867213203509e-02,1.009072601762682070e-01,1.591227929548663655e-01
-1.325862115281742915e-01,-1.804107177242449817e-02,-9.254870782881512159e-02,-5.863785959798384351e-02,2.717033444528823768e-02,1.009506841210241895e-01,1.097342056022675011e-01,1.293277359753438327e-01,1.968829700337209609e-01,1.093795298301550173e-01,-9.968442994462649309e-02,-1.038557716254472352e-01,-7.239227069958664718e-02,-5.379716351694541904e-02,-1.356751751177712739e-01,-1.103525499722074477e-01,-6.669974478758995684e-02,-1.447030808075502606e-01,-1.598047549149078650e-01,-1.381615974666048352e-01,-1.009683470630815955e-01,-9.682615845043968106e-02,-1.684390348702224649e-01,-4.130666658256373913e-02,-7.384865366738641024e-02,-2.695864495561151042e-02,4.972409247108245944e-01,1.000000000000000000e+00,3.676430781990512875e-01,2.005833073006779155e-01,8.548037145731214592e-02,1.622309104520405776e-01
2.736329256391038800e-02,1.306616228042887795e-01,4.760945659166349736e-02,1.066925649484592870e-01,1.112327995610243488e-02,1.775639634034267139e-02,-3.008121572431067189e-02,-2.430253340023727504e-02,4.443708131693138025e-02,-2.603609907435856449e-02,-1.387103866761128512e-01,-4.940162685054846209e-02,-4.996509790381731264e-02,-5.925008082291136069e-02,-1.701583146489393517e-01,-1.022780603287701678e-01,-2.562818126458083282e-02,-7.119870315884085921e-02,-1.343750448323160346e-02,-5.028242977514018469e-02,7.005053310658386490e-02,9.236901607085144794e-03,-8.864372340683765450e-02,-9.766660881763068736e-02,-1.427100954166440616e-01,-2.088494340869803401e-01,4.124546343602528142e-03,3.676430781990512875e-01,1.000000000000000000e+00,3.402341193394062269e-01,-2.312505354344880637e-02,-3.142004924642214508e-02
1.698071270157629209e-01,5.644478963624044443e-02,-5.570812019428618422e-02,-3.043880189705028272e-02,2.399951489105200952e-02,7.151012763493914785e-03,-1.424309097408720665e-02,6.134775439447583828e-02,5.901832241771545057e-02,-8.704595991320521198e-03,-1.158011544784434688e-01,-4.355433726158634139e-02,-1.545846999372721686e-01,-1.129400128844521706e-01,-1.445466907891056474e-01,-1.517101933664003754e-01,-7.272738287095356635e-02,-1.021129034971797883e-01,-7.932210488502489110e-02,-8.498215164758052276e-02,3.708879709558282785e-03,1.017488030949238176e-01,6.996393723610812299e-02,-1.985037351685814064e-02,-5.607833388917995467e-03,-6.403029999548909279e-02,3.325000867213203509e-02,2.005833073006779155e-01,3.402341193394062269e-01,1.000000000000000000e+00,4.730044722876841079e-01,1.694789411739834328e-01
1.051789166728684249e-01,-9.358174527084117678e-02,-1.624971688754268673e-01,-1.744895836942599032e-01,-2.484911334911198144e-02,-4.169112707504405747e-03,2.416704330057926203e-02,7.267483997173186661e-02,3.013156885673992993e-02,3.761249085243340007e-02,-5.641927880717126538e-03,-2.358489263251329487e-02,-1.212752989706366441e-01,-7.460483361880107522e-02,-7.892424439331872932e-02,-8.521906449660154870e-02,-3.908863252664113858e-02,-1.007883374565881653e-02,-3.797962309611589704e-02,-3.296020378739089596e-02,-4.198903101168068724e-02,2.526937292357117268e-02,3.887730043594495727e-02,-3.638186564956864127e-02,-5.309678784465782231e-02,1.306938136629044386e-02,1.009072601762682070e-01,8.548037145731214592e-02,-2.312505354344880637e-02,4.730044722876841079e-01,1.000000000000000000e+00,4.626773658088402796e-01
-5.351839169470961471e-02,-9.716095386727388594e-02,-1.938864492692119468e-01,-1.862972922961353972e-01,7.050545611240166544e-02,6.800087256005030167e-02,1.029671453276132104e-01,1.333473868916764393e-01,9.408689398081286626e-02,7.752218850824250940e-02,-2.068931353597142433e-02,-7.272538132310046866e-02,-6.566029733814726654e-02,-7.948505983923744023e-02,-7.411217358767326069e-02,-5.531319240352282340e-02,-5.986736132389456483e-02,-4.652881128189786941e-02,-8.143733027572794270e-02,-6.340730163374437567e-02,-8.697324528370875552e-02,-6.559678594935933194e-02,-6.601701827481101792e-02,-5.916636878440074271e-02,-9.638922705789373935e-02,-2.131889496015656159e-03,1.591227929548663655e-01,1.622309104520405776e-01,-3.142004924642214508e-02,1.694789411739834328e-01,4.626773658088402796e-01,1.000000000000000000e+00
