1.000000000000000000e+00,3.931414109326454853e-01,3.581787325587755810e-01,3.403124091029545717e-01,2.157470652783164689e-01,2.012166435678186815e-01,2.710770222682883923e-01,1.464319936478785111e-01,1.490069129025330119e-01,2.371125777763483655e-01,1.576673106869949936e-01,1.512294483006829948e-01,1.539462387132589927e-01,1.418165476263562874e-01,1.253035558319784692e-01,1.425922554891613514e-01,4.093015829665884800e-03,5.538440335245291279e-02,7.226728985882328871e-02,6.122514428566383504e-02,-2.197600543329627371e-02,4.304599633885052706e-02,-3.297501832761554150e-03,-4.475406388479449826e-02,-4.952665269943069132e-02,-1.495232729494576189e-02,3.844719843486933686e-02,-2.395849417653246605e-02,-5.648727867979673467e-03,3.481517373205131240e-03,3.955385359704989383e-03,3.652630782012566274e-02,1.740487818457038538e-02,3.528612804344218035e-02,5.835712303403104567e-02,3.668605177890933017e-02,5.765107558036835361e-02,3.077643236272070704e-02,4.250781386916850646e-02,4.017820157933123248e-02,-3.690512575421830803e-03,3.138075617863149425e-02,1.334635801529155362e-02,-2.692061234482752072e-02,3.835607292796583412e-02,-1.719871375342974570e-03,2.393035721599080096e-02,1.859644703872521607e-02,-1.398965670095159153e-02,-4.064926052681430008e-02,-1.139262259420216646e-02,-3.380581328724641815e-02,-2.656069073182551823e-02,-6.096257558681612149e-02,-4.411891055424321112e-02,-2.136381896733974967e-02,2.366462687541089419e-02,-3.742017236454038553e-02,-1.340415742124299869e-02,-5.566220608145527188e-02,-5.198693248551893020e-02,-1.859523161911648056e-02,-2.761490280524418056e-02,-3.915957259122009038e-02,-2.222923418743337487e-02,-7.544963271475672688e-03
3.931414109326454853e-01,1.000000000000000000e+00,3.318771462693028140e-01,2.862545637008699351e-01,3.277003063648362136e-01,1.988636411324914421e-01,2.480309205229291603e-01,2.215646654275711669e-01,1.383892279996024877e-01,2.093768271427539351e-01,2.095434254926891726e-01,1.550827967669029805e-01,1.652008214224455762e-01,1.748992545518751884e-01,1.281140797542976995e-01,1.396231414966368212e-01,-1.070997217431201090e-02,4.100924311309206427e-02,5.830566262636083241e-02,5.803097603925511799e-02,-1.970115307703613691e-02,2.731370427164744874e-02,8.312583606486005638e-03,-3.321264968653077354e-02,-4.175125657331431317e-02,-1.007127862010841549e-02,3.321003566806779439e-02,-4.759320243729488024e-03,5.273445886855913879e-04,-7.062524833498631804e-03,-2.264202741290468474e-02,3.005739399409545348e-02,5.495536936520918625e-03,3.746801671349565908e-03,4.631608917806954301e-02,2.574024043239781304e-02,2.790339069143486783e-02,3.021663960619045547e-02,2.783024800822346198e-02,1.472086177041851199e-02,-4.486499972494065549e-04,2.125900541227358775e-02,1.085691171955146736e-02,-1.305270076414247540e-02,2.245387050084680230e-02,4.578105168677014045e-03,1.987527654792087262e-02,1.264021316905315079e-02,3.125257467687606299e-03,-2.139169417915624816e-02,5.087377827103842579e-03,-2.556132548223896683e-02,-2.066582215603792599e-02,-4.077366349304669541e-02,-3.292100401659547176e-02,-8.003594088522771738e-03,-2.355435110731244827e-03,-3.155117567635618014e-02,-5.852632713278998339e-03,-2.012062738774610116e-02,-4.066132708615771002e-02,-9.974808034516873673e-03,-7.027559911734207292e-03,-2.245444850931295130e-02,-8.216349264292852755e-03,-5.534708084574225390e-03
3.581787325587755810e-01,3.318771462693028140e-01,1.000000000000000000e+00,3.419258220279586813e-01,3.684148883843578193e-01,4.352667529738128982e-01,2.905138408414201234e-01,2.389705199509445932e-01,2.777569825526031155e-01,2.526664297161420603e-01,2.250869104335600501e-01,2.204721992513137274e-01,1.556449521047706674e-01,1.889423826262025263e-01,1.741549448121994526e-01,1.000792507978061630e-01,6.592946299719070445e-03,9.139185492184306869e-02,8.135063895092921327e-02,5.547483357396718051e-02,-3.041804080749377359e-02,7.234666445491486075e-02,3.272877749807117514e-02,-1.506372021632255455e-02,-5.289715184083743776e-02,-1.886241816627035398e-02,4.549691190783109601e-02,2.412775200560515493e-03,1.797479067189079738e-02,8.931575713440637054e-03,9.827317224917050606e-04,2.966517832728082782e-02,2.428168273128760227e-02,2.027376855844802844e-02,6.201323445229205145e-02,3.486737358516477092e-02,4.591121815058815669e-02,4.689846601465001014e-02,3.992893012450989682e-02,3.372178753944427010e-02,9.337287121625219982e-03,2.226302148858197785e-02,-2.907615427492841152e-03,-1.838037844970547702e-02,2.849046632633470133e-02,-4.578672981888644820e-04,2.694338826313716351e-02,2.124673062338131718e-02,3.952033505217090472e-04,-2.850602676089379270e-02,-1.696350677715360291e-03,-9.985618208785646682e-03,-2.562881087607131805e-02,-6.120311166787160279e-02,-5.219202718893006104e-02,-3.199838895181988246e-02,-1.428021986510735969e-03,-5.555672242472813743e-02,-6.353650691817845815e-03,-3.927855643465373581e-02,-4.174101594486516464e-02,-6.312465507900774653e-02,-3.744238854213235990e-02,-4.047965380462420493e-02,-2.084430153869647195e-02,-1.231033538068865806e-02
3.403124091029545717e-01,2.862545637008699351e-01,3.419258220279586813e-01,1.000000000000000000e+00,3.903496110861567336e-01,4.008887700629620299e-01,6.907009394024611337e-01,3.276217567677392473e-01,3.335339254506224371e-01,5.925961446307445035e-01,3.662390903182571322e-01,2.775761612539349166e-01,3.541296602064163968e-01,3.142136827141927546e-01,2.140984952125126739e-01,2.510268583537250131e-01,1.140452124949158791e-02,7.674714673323092262e-02,1.268696752939585115e-01,1.236813478300101132e-01,-1.293027326780417374e-02,7.554694490413363384e-02,-2.175023466279961057e-02,-8.329857673917592797e-02,-1.048478495770855806e-01,-3.232522393867278548e-02,1.195855414614505896e-01,-4.271516177306564077e-02,2.289421455407216963e-02,3.049510460937585390e-02,-1.414557770713422737e-02,6.864386082745092821e-02,6.100766183442642154e-02,2.001321181326533305e-02,1.052777109461108529e-01,7.169502898564872329e-02,1.087023145625648501e-01,1.129358824296127356e-01,9.457105421677221291e-02,9.221007911243297994e-02,2.193231043673855157e-02,7.561647008627926658e-02,6.700576443313041412e-03,-5.601021004142466009e-02,3.975785157120634988e-02,-3.280375061456162339e-02,3.669537342797093288e-02,4.499041331293499209e-03,-1.117955662650694550e-02,-7.295481323256490513e-02,2.470385028029411373e-02,-5.948124353235682837e-02,-4.565991454017667012e-02,-6.719205500884035953e-02,-1.058257048343230339e-01,-8.412644487592339793e-02,-1.629254319249784366e-02,-1.057380726300980872e-01,-4.304498813491237919e-02,-9.140369852823648777e-02,-1.291504833685905573e-01,-6.565433477131529805e-02,-6.985719836960777029e-02,-4.410791404684077932e-02,-2.232563698741287656e-02,-2.294917952865386385e-02
2.157470652783164689e-01,3.277003063648362136e-01,3.684148883843578193e-01,3.903496110861567336e-01,1.000000000000000000e+00,4.239503542241423450e-01,3.800834805929134141e-01,5.227987764912788160e-01,2.625161958924440708e-01,2.650515513664706280e-01,4.300248008810696465e-01,2.464661708026077980e-01,2.233102273086373657e-01,3.658194987605449255e-01,2.109357464743792931e-01,1.503669510678752319e-01,1.370851713810370201e-02,7.891675259396034592e-02,1.037970579973890306e-01,7.844750982945655760e-02,-7.140915493011875531e-03,8.201687574480946707e-02,2.309827969598158681e-03,-3.781226289063439883e-02,-6.349856388545092878e-02,-4.111136034725885319e-02,3.820137336981688919e-02,-2.959933773344767399e-02,-2.088865640285596931e-02,-9.843950605471180754e-03,-3.761710019500529717e-02,5.713878575852872690e-03,1.065186703106269644e-02,-1.106453850100572699e-02,5.853141096941304883e-02,2.800804932418892237e-02,4.288027683633543335e-02,3.554144257144088020e-02,3.248345652629844316e-02,2.703036703378509584e-02,-2.368326350017584472e-02,2.224206922052538934e-02,3.050384571149715798e-02,-7.023010393428253187e-03,5.790660500939154992e-02,1.823778895174299128e-02,3.025994837364350681e-02,4.230466261568997799e-02,1.873703020713539391e-03,-4.452443845405699985e-02,1.643971977427628392e-02,2.861968109916454301e-04,-2.542941646084161816e-02,-4.285129882017093411e-02,-6.817697866961239250e-02,-5.226932068427993239e-02,-2.364343235809201679e-02,-4.536072206921626382e-02,-2.324667231215355942e-02,-5.839855025579984704e-02,-5.012645580000681805e-02,-4.740515107634788068e-03,-3.039849825186913268e-02,-4.145423474058610586e-02,-3.930727208142578699e-02,-3.916762762125738928e-02
2.012166435678186815e-01,1.988636411324914421e-01,4.352667529738128982e-01,4.008887700629620299e-01,4.239503542241423450e-01,1.000000000000000000e+00,3.653550304506624213e-01,3.746473302085942536e-01,5.558272943625860441e-01,3.135625844796042783e-01,3.040562292550541557e-01,3.284022141664403316e-01,1.840580933457496293e-01,2.569673323826151545e-01,2.739894638472171184e-01,1.177670759607819251e-01,-2.881460813471364152e-02,1.290971218214561900e-01,1.290834064174569418e-01,8.450429275437919274e-02,-1.990493390109369584e-02,8.997649927707131179e-02,2.790863440980476465e-02,-1.966201102461745745e-02,-1.046259818643373168e-01,-5.077482312462780825e-03,7.477485903989153360e-02,1.635516961499278513e-02,7.983183419545765783e-03,2.144188543433666119e-02,9.013913631504732321e-03,3.736569280461300019e-02,5.000794891656081681e-02,1.163186159837607987e-02,7.289528068499794011e-02,4.111278682323361855e-02,5.293133263978477832e-02,7.155021396662812616e-02,4.640281031139707746e-02,4.831534766782265983e-02,1.758565419229202176e-02,1.370936435499624934e-02,-1.533021641646203741e-02,-2.898846321812358767e-02,2.117795674703275982e-02,-2.064916031634706980e-03,3.432530477671121016e-02,3.975644868316038395e-03,1.627006782889359876e-02,-3.656606796841433554e-02,2.442448867210535168e-02,-9.197144697263600135e-03,-2.424341698902545209e-02,-5.168529229617772891e-02,-5.537027773573888201e-02,-4.212595800813700303e-02,1.493124463229266547e-03,-5.823154421231371836e-02,-2.801055011850168974e-02,-4.093456310428946615e-02,-7.438694157202639656e-02,-5.148079157443109788e-02,-2.559995810833316093e-02,-3.957173899173238932e-03,-1.541625355715065503e-02,7.526676539778826176e-03
2.710770222682883923e-01,2.480309205229291603e-01,2.905138408414201234e-01,6.907009394024611337e-01,3.800834805929134141e-01,3.653550304506624213e-01,1.000000000000000000e+00,4.070295822693068555e-01,3.926743979606563406e-01,7.574728076112193786e-01,4.562255787741862356e-01,3.331397171292324044e-01,4.509383663170329348e-01,3.822064869777333507e-01,2.564292423841090796e-01,3.230681174304539383e-01,2.291740005723344464e-02,8.012256122780761491e-02,1.705196562074778599e-01,1.456255529695720807e-01,-3.003280397534066268e-02,9.880938628383552358e-02,-8.189316470054081032e-03,-9.116651597832511889e-02,-1.189074001394270080e-01,-3.900653790814224281e-02,1.264834452989054281e-01,-7.352172773805581985e-02,2.986911550044370200e-02,2.584435473598276772e-02,-1.898592588229084180e-02,9.464922374576544006e-02,6.597551890285691112e-02,3.826127713812886577e-02,1.264764108976885737e-01,9.360219006976462641e-02,1.159169131749681891e-01,1.191023701848957089e-01,1.031086997920599296e-01,9.008367979411642523e-02,1.646910197571485601e-02,8.130587326539250037e-02,1.611960067857253279e-02,-5.497912051334163941e-02,4.175012499755727940e-02,-4.413429638091494883e-02,3.431063511059929960e-02,4.765260829773299012e-03,-2.450104308490171773e-02,-8.070437608185539180e-02,1.755792726985366814e-02,-8.008181624645289987e-02,-5.971918514921866622e-02,-8.019827440760064763e-02,-1.284820342136283322e-01,-1.117737941245574851e-01,-2.560467250185484434e-02,-1.250264620715394182e-01,-6.041268578967848996e-02,-1.197637664165202981e-01,-1.380527145199237915e-01,-4.830933184756738136e-02,-7.033146637426032632e-02,-5.107452775767867825e-02,-3.998038824167229194e-02,-2.920898162661209399e-02
1.464319936478785111e-01,2.215646654275711669e-01,2.389705199509445932e-01,3.276217567677392473e-01,5.227987764912788160e-01,3.746473302085942536e-01,4.070295822693068555e-01,1.000000000000000000e+00,4.200841608404538019e-01,2.682190292226851458e-01,6.582993210205325685e-01,3.656443936123962013e-01,2.194784873630367117e-01,5.456058689386338312e-01,3.295836105217440637e-01,1.265596024011739484e-01,-1.646015508189035623e-02,1.286039055112589424e-01,1.732946896877703702e-01,1.204247818108973994e-01,7.492351074652838124e-03,1.520241892426921204e-01,3.010183207211537121e-02,-1.747086970547917506e-02,-1.110847939448724453e-01,-3.312934712611240173e-02,2.598230658583437422e-02,-3.424561916019858848e-02,-1.650879974697160024e-02,5.400976792305236390e-02,-2.422284444085770830e-02,1.220504718383564995e-02,5.899036028389650216e-02,5.305915448770872050e-04,6.071335791714602831e-02,4.924665941783869932e-02,3.976419121304714671e-02,6.663020186748598583e-02,4.572310338664728468e-02,3.718308062362454813e-02,1.170362375190121124e-02,3.494210930758257644e-02,8.443178024672863546e-03,-2.094653662737043856e-02,2.030921751897776448e-02,-1.033838662811346898e-02,2.750305804674787677e-02,9.414624316014039498e-03,8.559401477387722570e-03,-2.504168281899048568e-02,5.533929585019350950e-02,4.094944117668756350e-03,-2.193101595778402038e-02,-2.386982613052609711e-02,-7.995611655983932142e-02,-9.753765200087999299e-02,-9.666080059955381443e-02,-6.838187460240044424e-02,-2.904470245881759366e-02,-8.860730450533917113e-02,-9.376680357007723121e-02,-3.059399336493486346e-02,-3.962964325866979998e-02,-1.869743957123488204e-02,-3.307175549622328597e-02,-1.157000813561029871e-02
1.490069129025330119e-01,1.383892279996024877e-01,2.777569825526031155e-01,3.335339254506224371e-01,2.625161958924440708e-01,5.558272943625860441e-01,3.926743979606563406e-01,4.200841608404538019e-01,1.000000000000000000e+00,4.135825416301353585e-01,3.482073502727939807e-01,4.797078219075535110e-01,2.174968142066954491e-01,2.548551332827542759e-01,3.899855358981515474e-01,1.581892778984633485e-01,-1.462606763243551496e-02,2.017830781377856764e-01,1.912026888386827439e-01,1.116747821202233454e-01,-3.790453606486682281e-02,1.405678277462538150e-01,7.186397515277478942e-02,-8.447907902158749774e-03,-1.631952274534517744e-01,3.277070193564227130e-02,1.097786703444966067e-01,3.432048631482762652e-02,7.382152353432404335e-02,1.072693379123370733e-01,5.238701269433175545e-02,1.350023491100062756e-01,1.385611265399207259e-01,9.074331692046315456e-02,1.355312537986987365e-01,1.281506317554059471e-01,1.135301641953358615e-01,1.275710779340880618e-01,1.361953747209335153e-01,1.046461237054642363e-01,6.092837341742237539e-02,1.068004086410722087e-01,-2.767319293650688690e-03,-9.070697172476308023e-02,-2.171588080994153389e-02,-9.312399395358852972e-02,-3.040953321260976561e-02,-6.447643318261632450e-02,-4.924501905398864787e-02,-7.090995465262017738e-02,1.157132100665032685e-02,-5.780024272298628363e-02,-2.053169766884593156e-02,-6.581880865509739942e-02,-1.202513274967205309e-01,-1.208678345927209768e-01,-4.693509206261463340e-02,-1.085768123574497868e-01,-5.724021668434738086e-02,-1.084109151548342254e-01,-1.238784414860969185e-01,-5.537594830556361036e-02,-4.287640543357897072e-02,-4.074106238169880601e-03,-3.022187947242706285e-02,3.823546054082493234e-02
2.371125777763483655e-01,2.093768271427539351e-01,2.526664297161420603e-01,5.925961446307445035e-01,2.650515513664706280e-01,3.135625844796042783e-01,7.574728076112193786e-01,2.682190292226851458e-01,4.135825416301353585e-01,1.000000000000000000e+00,3.673589929400037923e-01,3.469708089776575854e-01,4.836220492364780021e-01,3.007679447506225734e-01,2.548005537774743479e-01,3.520133688877175593e-01,4.493897863500189577e-02,9.135040083462396543e-02,1.714715756321528728e-01,1.358614615814253967e-01,-5.319963010862629321e-02,7.900975955479883073e-02,-2.155628645090195902e-02,-9.461641533577552776e-02,-1.076849989352908765e-01,-3.076896702619550186e-02,1.422063542531934732e-01,-6.129677137852079100e-02,5.020307396638343939e-02,2.715979284839107125e-02,-9.530390053129209060e-03,1.181826470318988603e-01,6.994037923749123198e-02,5.308413617534842033e-02,1.359672903283311585e-01,1.099121180286323773e-01,1.236361747112877940e-01,1.249576497182978974e-01,1.243042943457468019e-01,1.017474803110695464e-01,2.280143228815621412e-02,1.060135200884653045e-01,2.523895457624936514e-02,-6.472154128436709286e-02,3.152986296725462240e-02,-6.207900844418824671e-02,9.637993600349073486e-03,-1.625189817561750738e-02,-4.684441196767936966e-02,-1.024036721120502730e-01,-3.421207838638602901e-03,-8.969120412221044669e-02,-5.590252219777139264e-02,-8.854220963603173788e-02,-1.288143797744873142e-01,-1.164668780505985352e-01,-2.199422999445257293e-02,-1.366292898855853699e-01,-6.747287959090594867e-02,-1.249114855226980680e-01,-1.550030359466283703e-01,-5.554250413977471906e-02,-8.303563591713912506e-02,-5.036488710641431193e-02,-4.091152635894917955e-02,-2.067764223962852144e-02
1.576673106869949936e-01,2.095434254926891726e-01,2.250869104335600501e-01,3.662390903182571322e-01,4.300248008810696465e-01,3.040562292550541557e-01,4.562255787741862356e-01,6.582993210205325685e-01,3.482073502727939807e-01,3.673589929400037923e-01,1.000000000000000000e+00,3.991528225397882879e-01,4.152101373943767881e-01,7.129189327670735210e-01,3.533424024408703401e-01,2.374216806736855201e-01,-6.347181447822546757e-03,8.590059325543447644e-02,2.002534738453667362e-01,1.523647543555092243e-01,3.234556646851525444e-03,1.783781649859242924e-01,2.160796088555331021e-02,-5.343125901310614989e-02,-1.329334584732184410e-01,-4.999975311169651410e-02,3.681438283601274480e-02,-9.675144624250478498e-02,-3.915738738534894209e-02,3.327547562232898576e-02,-6.496567859860973015e-02,1.071601940640677479e-03,4.372764795058873416e-02,-3.199920698335353281e-02,7.716921786617893242e-02,4.409146803395758152e-02,5.860432014419114655e-02,1.023842472174734536e-01,5.463147162782017868e-02,7.054919833197989543e-02,1.536247374149825318e-02,4.623745521611476866e-02,-1.640957843124707166e-03,-4.625780675860595437e-02,2.551121195138332520e-02,-2.398712967063694815e-02,5.240091598185028093e-02,9.103338398955024280e-03,1.081457051639799112e-02,-6.131947988059850696e-02,5.546012981540990316e-02,-7.035754163607936193e-03,-5.900932781996539450e-02,-4.106100159530405580e-02,-1.069940601243295486e-01,-1.306134819447425932e-01,-1.298509030013000609e-01,-1.096576745017770610e-01,-6.030676121638190411e-03,-7.898403754914876118e-02,-1.301070567799571531e-01,-4.862677517871959176e-02,-8.734900554963490049e-02,-3.661695827634598582e-02,-5.608114183909086031e-02,-3.726427115371322429e-02
1.512294483006829948e-01,1.550827967669029805e-01,2.204721992513137274e-01,2.775761612539349166e-01,2.464661708026077980e-01,3.284022141664403316e-01,3.331397171292324044e-01,3.656443936123962013e-01,4.797078219075535110e-01,3.469708089776575854e-01,3.991528225397882879e-01,1.000000000000000000e+00,4.286592648088656254e-01,3.212620807359177766e-01,6.971090268300322856e-01,2.774729454211461444e-01,3.031893062143739721e-03,3.386179735274665314e-01,3.601754456179645514e-01,1.982933744564407685e-01,-8.445351968483393035e-02,2.213064502232532926e-01,8.624890358548982505e-02,-5.849353986058609262e-02,-2.174818239768551986e-01,6.007706406378962583e-02,1.761490345941888469e-01,1.811866049653764257e-02,1.497648432436629595e-01,1.414571243185796801e-01,8.288805310535139748e-02,2.282120080856220312e-01,1.671965911303681385e-01,1.292928199854700699e-01,1.812952060397619025e-01,1.700379785486342277e-01,1.541229921184787133e-01,1.428520049852633478e-01,1.734468088651428264e-01,1.550867020435053312e-01,9.214200959996569906e-02,1.666784936735304923e-01,-3.028083595222731770e-03,-1.248436357194321056e-01,-2.441164488644401512e-02,-1.364723905188584274e-01,-2.783754186506760125e-02,-8.044544979511430993e-02,-8.521084722299383796e-02,-1.065785090699589016e-01,6.546979660725882506e-03,-1.105054633713782736e-01,-5.215340995326510354e-02,-1.140248560211751527e-01,-1.788948974212601628e-01,-1.459867600738578297e-01,-5.251973729144041036e-02,-1.634896272125021532e-01,-5.729715524719024983e-02,-1.264207745284979811e-01,-1.771693741371219988e-01,-7.793969159317114259e-02,-7.636500693885588109e-02,-3.269381511621254760e-02,-7.193793932654651835e-02,1.638806715343151324e-02
1.539462387132589927e-01,1.652008214224455762e-01,1.556449521047706674e-01,3.541296602064163968e-01,2.233102273086373657e-01,1.840580933457496293e-01,4.509383663170329348e-01,2.194784873630367117e-01,2.174968142066954491e-01,4.836220492364780021e-01,4.152101373943767881e-01,4.286592648088656254e-01,1.000000000000000000e+00,3.948894357243062370e-01,3.240254900888787093e-01,5.396416760945941249e-01,6.254145579854338000e-02,5.875487876137968149e-03,2.418457800657300705e-01,1.599059185250015780e-01,-7.455839840562571152e-02,1.082855415126437321e-01,2.761628363171251752e-02,-1.113149749975623215e-01,-1.515492457766971224e-01,-5.380469568744387227e-03,1.940385078917654382e-01,-9.159056456060213347e-02,6.814214360278007809e-02,4.460340366145804092e-02,-1.569662381233511567e-02,1.122656488204887976e-01,7.126201353988557974e-02,2.487956303322405929e-02,1.185518028867936641e-01,1.063487839116948469e-01,1.196263971299100087e-01,1.373327572624831738e-01,1.325819847861323675e-01,1.305153165442752838e-01,4.788352011146636972e-02,1.345795766531407978e-01,1.367486182935844993e-02,-9.639116385974397239e-02,4.030627676371343433e-04,-1.039166842110359756e-01,1.625366199575950868e-03,-5.301344107722665705e-02,-7.298502379030699649e-02,-1.112170035633474885e-01,1.247509561309857046e-03,-9.407700317847787763e-02,-7.612720875985504176e-02,-9.793059764567849101e-02,-1.521420888397851112e-01,-1.446368419971683639e-01,-5.960054210022786014e-02,-1.438559128124105302e-01,-3.550346569177881967e-02,-9.959008844358911705e-02,-1.861780005493460233e-01,-3.438258877193568069e-02,-9.698951202916163139e-02,-9.825714352590211864e-02,-1.071788892204278282e-01,-7.929933836656621882e-02
1.418165476263562874e-01,1.748992545518751884e-01,1.889423826262025263e-01,3.142136827141927546e-01,3.658194987605449255e-01,2.569673323826151545e-01,3.822064869777333507e-01,5.456058689386338312e-01,2.548551332827542759e-01,3.007679447506225734e-01,7.129189327670735210e-01,3.212620807359177766e-01,3.948894357243062370e-01,1.000000000000000000e+00,3.322621664349386661e-01,2.346086611762846219e-01,1.414258589851161672e-03,5.643358048282088452e-02,2.081229699948283496e-01,1.622099586818743777e-01,2.551385897625475796e-02,2.112389237657603669e-01,9.571718993430528705e-03,-5.482713122366428965e-02,-1.238605461704040678e-01,-6.488558226342977520e-02,1.096974822240199578e-02,-1.108357455044371442e-01,-7.398222647608608538e-02,1.169549613449966802e-02,-8.657399620326143574e-02,-4.349233846579730195e-02,1.724686764298967445e-02,-5.729965787065416372e-02,6.520575310957295312e-02,1.717737074849726847e-02,5.125063216517498910e-02,9.061247907044760186e-02,3.057037470303966206e-02,6.325512068308149216e-02,-3.277726185831104314e-03,2.011701764038166182e-02,-2.962843573462552779e-03,-3.923704137275280807e-02,4.486393664798043329e-02,3.265946543758902528e-03,8.502678552210045371e-02,3.468246852680039599e-02,2.190490383834003268e-02,-4.607056094880798008e-02,4.430218627666873688e-02,-4.304386883433013048e-04,-5.457833199936877600e-02,-2.821971687013662827e-02,-7.675325142894151575e-02,-1.007744200017316044e-01,-1.136142835837911508e-01,-9.015167840389154419e-02,1.108156805741421398e-02,-8.666597142630681760e-02,-1.412917438877056286e-01,-3.086444501282428060e-02,-8.247523247058828610e-02,-3.432143112682103925e-02,-4.899469553524946758e-02,-4.949900367430590947e-02
1.253035558319784692e-01,1.281140797542976995e-01,1.741549448121994526e-01,2.140984952125126739e-01,2.109357464743792931e-01,2.739894638472171184e-01,2.564292423841090796e-01,3.295836105217440637e-01,3.899855358981515474e-01,2.548005537774743479e-01,3.533424024408703401e-01,6.971090268300322856e-01,3.240254900888787093e-01,3.322621664349386661e-01,1.000000000000000000e+00,1.808911551842380394e-01,-1.029901668214613097e-01,4.287839067855466757e-01,3.747259936263012681e-01,2.106229108254452087e-01,-8.750874177017184397e-02,2.658731343018371773e-01,6.857430766839248126e-02,-9.268019412044335714e-02,-2.454403337213181824e-01,3.875899139908339786e-02,1.246287406270424891e-01,-1.586219783789039744e-02,9.886212252525804212e-02,9.678660186722819192e-02,6.606781166506585368e-02,1.753315301361766387e-01,1.200923885631140914e-01,9.366695466269074621e-02,1.364904433343772927e-01,1.036284677204018512e-01,9.543637396000748119e-02,8.574072760516550373e-02,1.030866974066735192e-01,1.185228994034829564e-01,6.718693724728548589e-02,1.055741413287372282e-01,-1.584904893982751889e-02,-8.697376048464874887e-02,-1.598987763062379927e-02,-8.275243819242118770e-02,1.310757134476413927e-02,-5.204574022723156695e-02,-5.041429305616264983e-02,-7.809838693092549522e-02,2.940522609869957588e-03,-9.133647167025571445e-02,-4.741194817542160322e-02,-1.178020035278480454e-01,-1.337707839407633326e-01,-9.244619044629708016e-02,-2.812257039466118519e-02,-1.111335367078512271e-01,-1.797843098409557944e-02,-1.004923981305484437e-01,-1.557597278038584665e-01,-5.056867617674273147e-02,-4.720087821747892542e-02,6.573200965605879506e-04,-3.757627726450469413e-02,3.320531638763562360e-02
1.425922554891613514e-01,1.396231414966368212e-01,1.000792507978061630e-01,2.510268583537250131e-01,1.503669510678752319e-01,1.177670759607819251e-01,3.230681174304539383e-01,1.265596024011739484e-01,1.581892778984633485e-01,3.520133688877175593e-01,2.374216806736855201e-01,2.774729454211461444e-01,5.396416760945941249e-01,2.346086611762846219e-01,1.808911551842380394e-01,1.000000000000000000e+00,1.506953845620479238e-01,-1.485973949664035898e-01,2.140073241915523283e-01,1.851207359903147276e-01,4.266256119095938361e-03,5.817749848423239140e-02,-6.164075243723212555e-02,-1.526954331747412963e-01,-1.227311615920339133e-01,-7.027105293127498820e-02,1.210267111179934851e-01,-1.431353579001894694e-01,1.283659066144153017e-02,-2.515324112147750146e-02,-1.007628944229221057e-01,4.595748180426743185e-02,1.003703569709233669e-02,-2.405253639705240767e-02,4.631464026182939564e-02,3.123384926184226765e-02,2.954037049776448917e-02,1.022261686716464807e-01,7.719548721859001428e-02,6.607370111476967844e-02,7.927936231159811442e-02,7.299678349697509561e-02,-5.153500949522702573e-02,-9.125333429221603454e-02,-5.137379989401091168e-02,-9.088846572719486150e-02,-1.380679477382411140e-02,-6.774853151962512143e-02,-4.558230076299353561e-02,-1.002254046264882681e-01,1.826056420079628234e-02,-5.446868286860519215e-02,-6.676615868834082090e-02,-5.935848888096161707e-02,-1.064362961434087568e-01,-1.130984902906887052e-01,-5.536502964503409868e-02,-1.104947788291678751e-01,-2.927585102652625546e-02,-3.970761025239107761e-02,-1.299575104870297759e-01,-1.824511703868001919e-02,-7.757251961814451424e-02,-8.478182251770674527e-02,-7.981550531114788016e-02,-6.442638913698667258e-02
4.093015829665884800e-03,-1.070997217431201090e-02,6.592946299719070445e-03,1.140452124949158791e-02,1.370851713810370201e-02,-2.881460813471364152e-02,2.291740005723344464e-02,-1.646015508189035623e-02,-1.462606763243551496e-02,4.493897863500189577e-02,-6.347181447822546757e-03,3.031893062143739721e-03,6.254145579854338000e-02,1.414258589851161672e-03,-1.029901668214613097e-01,1.506953845620479238e-01,1.000000000000000000e+00,1.695015461165405579e-01,2.546095274043738699e-01,1.611715319013808656e-01,8.470119813016033228e-02,9.154370706515610467e-02,-3.478724494728094307e-02,2.437965213253075539e-02,4.155702893480679033e-02,-1.024471305152189066e-01,-4.208901543335982071e-02,-1.102465004038473695e-01,-6.741044359297830579e-02,-3.738093348780420488e-02,-1.416945105173720576e-01,-3.516712105071642669e-02,-9.944299937754831446e-04,-9.651771406022757738e-02,1.006494880253594459e-02,-3.389202684214032840e-02,-1.363559426427585208e-02,7.390288077640837228e-02,-2.052569295074669481e-02,-1.175983232668853821e-03,3.448558804799765204e-02,-3.319486929489071092e-02,-6.199033550720021990e-02,-1.917928299088071317e-02,-2.399598165665976432e-02,1.395452665688187883e-02,6.697863993820966921e-02,4.984831908878369598e-03,5.847492616985329461e-02,-1.429093866245655445e-02,6.606975910154098963e-02,4.142054699985487504e-02,-5.208783456371559456e-02,2.441139193726766382e-02,-4.885393723873227012e-02,-9.504975925233247191e-02,-1.133915183845236180e-01,-1.023074595893865846e-01,-9.825823873717910717e-02,-6.713435475466153490e-02,-3.097044991437379949e-02,-5.793845769269100748e-02,-8.069846070665619153e-02,-4.960322145486202594e-02,-3.383612822772116141e-02,2.423065285363614277e-02
5.538440335245291279e-02,4.100924311309206427e-02,9.139185492184306869e-02,7.674714673323092262e-02,7.891675259396034592e-02,1.290971218214561900e-01,8.012256122780761491e-02,1.286039055112589424e-01,2.017830781377856764e-01,9.135040083462396543e-02,8.590059325543447644e-02,3.386179735274665314e-01,5.875487876137968149e-03,5.643358048282088452e-02,4.287839067855466757e-01,-1.485973949664035898e-01,1.695015461165405579e-01,1.000000000000000000e+00,3.059611084813935733e-01,1.201774894159337026e-01,-1.183350297481805535e-01,1.704013215680869886e-01,-1.549873868693371105e-02,-6.338380295517581642e-02,-1.316428399169025654e-01,-5.237903513193258725e-02,3.429404636089966596e-02,-6.616446326460857785e-02,4.545806253782064266e-02,-4.276141626033656568e-04,-1.756201857622079893e-02,1.236255744223056091e-01,3.374781178566989281e-02,4.877993959611880842e-02,1.056145490277423382e-01,3.912488374206355563e-02,7.456309896848752061e-02,7.298354537021504995e-02,3.685139786405420420e-02,8.395231020039048420e-02,3.612833721997664449e-02,3.508915315890599046e-02,-2.817026670918876263e-02,-4.532843238677228964e-02,1.693804055643900741e-02,-8.921230064556676456e-03,7.081509789927227516e-02,2.722677655761405677e-02,-4.739941723878770413e-03,-5.106835410735588443e-02,4.647851303860281273e-03,-2.809350259082182485e-02,-7.162133492239432242e-02,-9.162439140036324203e-02,-4.110043407401280102e-02,-1.388797602629504753e-02,-3.467904071910871827e-02,-8.875571988724689776e-02,-1.311756624926351845e-03,-7.898842432683959858e-02,-8.836223286275389499e-02,-8.002498094173048082e-02,-6.429265586495745699e-02,1.453420202292213985e-03,-1.417236706998455976e-02,1.157074688328997708e-01
7.226728985882328871e-02,5.830566262636083241e-02,8.135063895092921327e-02,1.268696752939585115e-01,1.037970579973890306e-01,1.290834064174569418e-01,1.705196562074778599e-01,1.732946896877703702e-01,1.912026888386827439e-01,1.714715756321528728e-01,2.002534738453667362e-01,3.601754456179645514e-01,2.418457800657300705e-01,2.081229699948283496e-01,3.747259936263012681e-01,2.140073241915523283e-01,2.546095274043738699e-01,3.059611084813935733e-01,1.000000000000000000e+00,5.580024560836355230e-01,-3.571129347979271843e-03,4.392389960255376202e-01,4.814879655538879116e-02,-1.366100680508516851e-01,-3.282088524837950549e-01,-7.886771042821243138e-02,5.415109518852384562e-02,-1.526278479233338647e-01,-4.510180041156461837e-03,4.909535664548651118e-02,-3.802911843279867254e-02,9.351179848756585589e-02,7.484123844076903675e-02,4.161817136950375640e-02,8.326585561892684006e-02,8.128195461167425639e-02,5.578313833872908245e-02,1.022171538787658845e-01,8.770986733634046628e-02,6.070084176748383881e-02,7.948004914151450551e-02,9.964943079602982257e-02,-1.865749568523605156e-02,-6.933428610186689878e-02,-7.071666779888786947e-02,-1.091782263165488182e-01,-2.156018531683624034e-02,-7.815973924565548792e-02,-4.074739950495776669e-02,-2.072309616900963949e-02,5.289794473056030899e-02,-5.002153051979534720e-02,1.476776595140063750e-02,-1.784479275060129114e-02,-1.076650951841823106e-01,-1.333317825907181509e-01,-6.950713015059165056e-02,-6.916677313604611965e-02,-7.936210476286754967e-02,-7.087811747426503439e-02,-1.264065327797283811e-01,-6.259224690533662927e-02,-6.811879947926576494e-03,2.321670841618386424e-02,-1.858464044320650918e-02,-1.544990577976215751e-02
6.122514428566383504e-02,5.803097603925511799e-02,5.547483357396718051e-02,1.236813478300101132e-01,7.844750982945655760e-02,8.450429275437919274e-02,1.456255529695720807e-01,1.204247818108973994e-01,1.116747821202233454e-01,1.358614615814253967e-01,1.523647543555092243e-01,1.982933744564407685e-01,1.599059185250015780e-01,1.622099586818743777e-01,2.106229108254452087e-01,1.851207359903147276e-01,1.611715319013808656e-01,1.201774894159337026e-01,5.580024560836355230e-01,1.000000000000000000e+00,3.916996215325083686e-01,3.716913543289892541e-01,1.824562719289382628e-02,-6.227318673214141120e-02,-2.358132376633517990e-01,-6.884130236161761784e-02,1.574501831040410471e-01,-6.755929332274215882e-02,-8.863613077646871619e-02,6.199170218901577795e-03,-3.640224110700224919e-02,-8.332922826727333712e-03,4.311790298222831913e-02,-3.037060157639587601e-02,-1.903103194223676117e-02,2.784850479367265499e-02,-1.726234919250588251e-02,5.755344593486826088e-02,3.580050809404777129e-02,7.974400246574326473e-03,6.288474273594517328e-02,3.524043810523932313e-02,-4.021343702284226745e-02,-3.075434245803103372e-02,-8.843532491440750376e-02,-6.385764810510753675e-02,-2.175050841372225957e-02,-6.816402570462014310e-02,1.363460062890691632e-02,4.298885590021215425e-02,8.300801775688301798e-02,2.244787285771276605e-02,5.848957162264714627e-02,6.449908736622639305e-02,-5.818877148904722657e-02,-1.235730436000405386e-01,-7.595787142458547414e-02,-3.219723692191218262e-02,-6.432119267675040497e-02,-2.632368968011435453e-02,-9.059069156001567369e-02,-5.127288867912697945e-02,8.143422298535018741e-03,-2.107056640029142478e-03,-1.247345395638408891e-02,-3.982333862986676271e-02
-2.197600543329627371e-02,-1.970115307703613691e-02,-3.041804080749377359e-02,-1.293027326780417374e-02,-7.140915493011875531e-03,-1.990493390109369584e-02,-3.003280397534066268e-02,7.492351074652838124e-03,-3.790453606486682281e-02,-5.319963010862629321e-02,3.234556646851525444e-03,-8.445351968483393035e-02,-7.455839840562571152e-02,2.551385897625475796e-02,-8.750874177017184397e-02,4.266256119095938361e-03,8.470119813016033228e-02,-1.183350297481805535e-01,-3.571129347979271843e-03,3.916996215325083686e-01,1.000000000000000000e+00,2.362989319784114250e-01,1.077749878730351468e-01,2.563114646244782913e-01,7.847599350855810618e-02,-1.509887024857727855e-01,2.635261182321012655e-02,6.712925272829357859e-02,-2.660974158105074427e-01,-6.422199638807193911e-02,-6.169053244680566123e-02,-2.132882488117956443e-01,-4.769404231626912100e-02,-1.288687625092893030e-01,-1.828573463064908367e-01,-8.945777090779018226e-02,-1.402530887003659299e-01,-9.775840842318915536e-02,-1.030222472583174342e-01,-1.315542226744986221e-01,-2.746640964423851389e-02,-9.152113251291704721e-02,-1.555802901176766770e-02,1.040605598884846161e-01,-3.275357708109453980e-02,7.191640603822270494e-02,-2.654990360563358118e-02,1.034252283143019015e-02,8.433632355717769757e-02,1.316584942550172443e-01,6.218360980192021853e-02,1.447377016324114529e-01,9.075177133754225300e-02,1.506685456398761391e-01,6.596731269205741155e-02,-9.484324677836466350e-03,-3.410607570162779711e-02,4.144787751519232732e-02,-3.206485847097320652e-02,5.753170923697878414e-02,3.162112266895816814e-02,5.819671926486166434e-04,6.543610072586256154e-02,3.009786772082096232e-02,8.490424289187569612e-03,-3.509288450549025856e-02
4.304599633885052706e-02,2.731370427164744874e-02,7.234666445491486075e-02,7.554694490413363384e-02,8.201687574480946707e-02,8.997649927707131179e-02,9.880938628383552358e-02,1.520241892426921204e-01,1.405678277462538150e-01,7.900975955479883073e-02,1.783781649859242924e-01,2.213064502232532926e-01,1.082855415126437321e-01,2.112389237657603669e-01,2.658731343018371773e-01,5.817749848423239140e-02,9.154370706515610467e-02,1.704013215680869886e-01,4.392389960255376202e-01,3.716913543289892541e-01,2.362989319784114250e-01,1.000000000000000000e+00,2.970853435349887772e-01,9.915890176119741828e-02,-3.974047320288003338e-01,-1.106190117861161198e-01,3.623896845746745615e-02,-3.462943182894911293e-02,-8.510280063161042297e-02,9.846242413478580036e-02,-3.475694904372086252e-02,1.110197413936836464e-02,9.077977016906108032e-02,2.520936072304277506e-02,5.038859279270011676e-02,6.161745804320825637e-02,3.603070825847538849e-02,4.573717645773582585e-02,3.614818248083578878e-02,9.077421012432081854e-03,2.574575004671822778e-02,5.540289466471644275e-02,1.065633560210581081e-02,-8.204312029530017383e-03,-3.013506324010441564e-02,-4.410461690951161112e-02,-9.421300153403056390e-03,-4.943300112127808205e-02,-1.071399997567621179e-02,2.031463559663021501e-02,4.770277519114690667e-02,-2.806834773368743763e-02,3.674049099451148076e-02,-6.113675475888370433e-04,-7.256031575769017472e-02,-1.021964861220376747e-01,-6.479001377003114348e-02,-5.170634952000120049e-02,-9.369587947283121443e-02,-7.622495754042397931e-02,-7.861986852595899411e-02,1.345468616057121820e-03,1.427397453206405431e-02,2.778442511741594650e-02,-1.187287636337930026e-03,-4.665562577182496423e-02
-3.297501832761554150e-03,8.312583606486005638e-03,3.272877749807117514e-02,-2.175023466279961057e-02,2.309827969598158681e-03,2.790863440980476465e-02,-8.189316470054081032e-03,3.010183207211537121e-02,7.186397515277478942e-02,-2.155628645090195902e-02,2.160796088555331021e-02,8.624890358548982505e-02,2.761628363171251752e-02,9.571718993430528705e-03,6.857430766839248126e-02,-6.164075243723212555e-02,-3.478724494728094307e-02,-1.549873868693371105e-02,4.814879655538879116e-02,1.824562719289382628e-02,1.077749878730351468e-01,2.970853435349887772e-01,1.000000000000000000e+00,4.962387067991678169e-01,-1.998575728775185967e-01,1.572073822594153847e-01,1.124875850982638564e-01,2.967277567261518145e-01,1.324831469980018994e-01,2.611089398183518151e-01,2.304459671932564679e-01,1.348657951422233270e-01,2.398017312778208676e-01,1.750089980543337309e-01,5.767002705685340264e-02,1.469833691091039229e-01,6.778502006003225833e-02,3.194121803784459590e-02,1.035468691493909160e-01,5.250856111235336840e-03,3.160095274038383223e-02,9.363948293537260881e-02,6.199679703482023629e-02,2.092975591806251617e-02,-4.572804445057055550e-02,-7.141834108666990366e-02,-8.970802258084763225e-02,-8.897425890484263189e-02,-4.468075887218823233e-02,8.570431727740622507e-02,3.311078774013138937e-02,-3.187514968043857200e-02,1.307032957037766729e-01,8.297980485938051542e-02,-3.639547023091283667e-02,-9.105738044457269142e-02,-2.663095197913646628e-02,-4.905622648945667276e-03,-1.683477322682633559e-01,-9.221473953939597623e-02,3.201483328743112006e-02,9.226252002109974759e-02,6.605620858566974007e-02,2.243215507880700135e-02,-3.969042873550233941e-02,-2.889131733370791516e-02
