1.000000000000000000e+00,4.343428032439680675e-01,5.130304353067236534e-01,2.373503025374649189e-01,1.747017625852997080e-01,2.025387751768961964e-01,2.128617910412627656e-01,1.360301570222637313e-01,1.295346080457148996e-01,1.817725228890401390e-01,1.177320562026290401e-01,8.625814046206368990e-02,1.270206324661928843e-01,7.491677484434143552e-02,-4.319073600876752878e-02,2.204455781659150210e-02,8.741018910717050783e-02,4.287538214330603031e-02,1.372825399530827085e-02,-8.853095223609044537e-03,-2.165735811815623288e-02,1.060359885247039516e-02,5.605903579201864523e-02,5.160626955959372181e-02,1.861947411410454223e-02,3.207096778727464709e-02,3.406884856702015185e-02,1.420310045917871911e-02,3.469447187737337984e-02,3.402449464759810943e-02,3.537671222142933000e-03,2.008644191815068744e-02,-5.041335884092916150e-03,-1.191038815574152650e-02,1.078564297059721351e-02,1.573368648742890646e-02,2.471309493355903705e-02,8.425721098936689302e-03,1.908716100263073770e-02,-2.574264095147468442e-02,2.436233011175725424e-02,1.742767521832887939e-02,2.897816149700917568e-03,3.044460831677001707e-03,4.329266172181053286e-03,2.072801427830918766e-02,3.727107175709766084e-03,6.852758492970276172e-03,2.496634060633607516e-02,1.757253778849753728e-02,4.805249202891365840e-02,1.167073030542113178e-02,1.781860683696002978e-02,2.323340587209717784e-02,1.386456293490787375e-02,4.007583794880854172e-03,7.604417278592723144e-03,3.615547474300687472e-03,1.602847875776981790e-02,9.942385740567747515e-03,5.813383022799894009e-03,-9.072539043477949663e-03,-1.136653801223209119e-04,-7.480489734968147862e-03,-3.684712597542450668e-04,-1.466124996343178867e-02
4.343428032439680675e-01,1.000000000000000000e+00,3.264654941808753930e-01,2.251087021857643145e-01,2.477871146537166391e-01,1.811118951499012253e-01,2.255140535428898085e-01,1.593372934983428024e-01,9.392732607878977180e-02,1.844987425448612883e-01,1.265323312374923292e-01,5.952703418247582562e-02,1.336228475247909497e-01,8.949994530512760116e-02,-1.944167379051101388e-02,3.172639820076050832e-02,1.007717123485738497e-01,5.518664464462781638e-02,5.057779227953861090e-02,2.939643695518880800e-02,-8.317170983703523618e-03,4.416618645415214262e-02,7.274674697594356310e-02,5.129489466985871771e-02,-9.259587346042909284e-03,3.116278043096306488e-02,3.715444767075586074e-02,8.167400596937239229e-03,4.111613269388334629e-02,3.893720226137015877e-02,1.465121721420976561e-02,3.265952788437344323e-02,-3.265418804510723631e-03,-4.465193286029765091e-03,3.576707246420206873e-03,3.993929805514964682e-02,3.082927650046744794e-02,1.692736991087824550e-02,3.102105401831202480e-02,-1.161790703631315411e-02,2.922524738214308387e-02,2.686642133846716199e-02,1.360566000819271246e-02,9.917632729201236730e-03,-1.681526202488393214e-04,1.498553967714187293e-02,1.431419432030361970e-03,4.533790692083973679e-03,2.144785953672710688e-02,7.349476708372825427e-03,3.907172838962064132e-02,1.196278287145628727e-02,1.915628513298707480e-02,2.143609279729898412e-02,7.542864055666512017e-03,6.856000417558852193e-03,-8.955912274235861351e-03,-1.264381654449127368e-02,4.249858517770576868e-03,-9.152811776496136767e-03,-3.274891013920886839e-03,-1.223829787024650548e-02,-1.048363273569235046e-03,-1.638823705833064581e-02,-1.740730884895391045e-02,-1.924394029896511413e-02
5.130304353067236534e-01,3.264654941808753930e-01,1.000000000000000000e+00,3.508071256905180846e-01,3.262748903424460001e-01,3.600628562467616534e-01,3.314358083829824775e-01,2.414573444767841026e-01,2.179087056274282563e-01,2.704409492268634585e-01,2.229167747295790480e-01,1.486129360387018483e-01,2.099558366413775690e-01,1.542739732769328742e-01,-7.854631131616668371e-02,6.819517023864187302e-03,1.477523887294285576e-01,7.272681520109432196e-02,5.145939662332175285e-02,1.799321031229279833e-02,-4.067172957383421994e-02,4.925732256636716766e-02,7.895039997481977101e-02,7.630072375812400887e-02,6.902015093684028477e-03,1.789648353952861745e-02,4.837787568848971737e-02,3.471587748056031292e-02,4.542844315442217534e-02,5.370410916131827112e-02,1.978065851454757426e-02,3.126160626021312616e-02,6.263415105936530856e-03,-7.267617658486123788e-03,1.867153161946874876e-02,2.480327610638657573e-02,2.728115676493991781e-02,1.244517349838340954e-02,3.729820508788361799e-02,-1.663750547357012097e-02,3.071069367687994864e-02,1.106184630008152925e-02,-8.727485566564507219e-03,-3.454874884041623032e-03,-1.389864079632614074e-02,1.008665297096738959e-02,1.523079194649840269e-02,-1.899869595993208468e-02,2.526993285160669678e-02,2.548101162561614702e-02,7.203219972389156289e-02,1.182215760807276729e-02,3.527722809636808093e-02,4.048677959677148691e-02,2.206091218417099292e-02,1.102522062765181124e-02,2.143823125132430715e-02,2.856435420878136212e-03,2.648883974945864805e-02,1.574064556979579144e-02,1.817250268521140855e-02,-5.152617976907925175e-03,1.198166577066115020e-03,-6.889675052430685280e-03,-1.318395141166003870e-02,-3.875491758101391997e-03
2.373503025374649189e-01,2.251087021857643145e-01,3.508071256905180846e-01,1.000000000000000000e+00,3.864396620168610297e-01,4.559457052340899486e-01,6.117864193604067857e-01,2.324123687654097992e-01,3.878211116280543269e-01,5.454819892814161131e-01,3.203070531287646738e-01,2.565894505416464466e-01,3.502486017889936409e-01,2.069956642264553226e-01,-1.536712009648184829e-01,4.309376063118944278e-02,2.234524995545129622e-01,1.162617971063526767e-01,8.572549765073408934e-02,3.301944539589925232e-02,-4.689457965658470201e-02,7.147159656950856366e-02,1.255316509994434393e-01,1.123810017878843909e-01,1.776741960942814121e-03,-2.307584437614353459e-02,2.072338531280043788e-03,5.528832723653685603e-03,2.385742114474192696e-02,3.428304960393602219e-02,-1.347444288055542512e-02,3.213394332369429868e-02,-2.364718578603478005e-02,-2.036474985866882498e-02,4.858369750225259923e-03,3.363171033870538534e-02,3.986546220978559596e-02,1.831287219878393810e-02,1.698373248374561439e-02,-4.970624415665945289e-02,2.179686791967938922e-02,-1.801756237834118779e-03,5.130367590583102648e-03,1.163439133678886806e-03,-2.308773243227894498e-02,-1.899369244258387532e-02,-1.624544266927397188e-02,-7.310649903291526440e-03,7.437140056037534752e-02,4.558547369612991895e-02,9.491756364679929114e-02,5.482959038303511501e-02,5.982245737924538759e-02,4.671669915962015085e-02,2.796434481631758159e-02,2.707985012453524576e-02,1.694003996067417611e-02,2.454535302550020504e-02,2.443637896647395460e-02,5.809638669940066745e-03,-8.870388294693605340e-04,-2.265626897327173775e-02,-5.216547555921633578e-03,-8.040224798923687952e-03,-8.478412704761859389e-03,-5.226479632952775282e-03
1.747017625852997080e-01,2.477871146537166391e-01,3.262748903424460001e-01,3.864396620168610297e-01,1.000000000000000000e+00,4.214972788735552034e-01,5.384532232874635893e-01,4.366283037525164890e-01,1.412050686277280531e-01,4.242664667047487126e-01,3.386289258770390775e-01,1.397821275406279651e-01,3.413694754141382570e-01,2.192915433574039175e-01,-8.672530150378156277e-02,7.570756556581721697e-02,2.702630936324402211e-01,1.712363138669351637e-01,1.580325674674880609e-01,9.782538226555868854e-02,-6.250006088189966058e-02,1.167986360594098355e-01,1.098766487038140977e-01,1.029538622076215937e-01,-3.788082635843177670e-02,-1.584960565253425158e-02,4.046108542521221346e-02,2.227027797979489951e-02,6.004194626009003860e-02,8.473931059289140089e-02,2.787739466921222362e-02,6.931462616815924072e-02,3.107287927154666826e-02,-2.267691922384591080e-03,1.751892424996001965e-02,7.350412488177893167e-02,6.299316236799645807e-02,2.938141784401299833e-02,2.884118715058738014e-02,-1.208079462134539761e-02,3.347235445776295532e-02,2.036153459185629025e-02,-1.127068872213964415e-03,4.168021443750642187e-03,-1.712441872891098602e-02,1.180834903953451552e-02,3.017275321052241555e-02,-2.816542527230267781e-02,3.388761438881923715e-02,3.445546399854216429e-02,7.262115203352376147e-02,1.212636266363269037e-02,4.588737264034378066e-02,2.850402648531605646e-02,2.775168963135118266e-02,4.802142961229868140e-02,3.625242034896265092e-02,1.652733242827272853e-02,3.084942704446058670e-02,9.649911338244521533e-03,1.323333310654280226e-02,-5.653926504589569003e-03,-4.279281302110140954e-03,-3.773134194251343346e-03,-1.417228873323544101e-02,2.840289213435213261e-03
2.025387751768961964e-01,1.811118951499012253e-01,3.600628562467616534e-01,4.559457052340899486e-01,4.214972788735552034e-01,1.000000000000000000e+00,4.622421418039142638e-01,5.090216460251497654e-01,5.384350473553971561e-01,3.405713465360770131e-01,4.194297350687006265e-01,2.416333554575986753e-01,2.498117127872105936e-01,3.385902636430305201e-01,-9.081316052331264710e-02,-9.218077401779928293e-02,2.116650223289815169e-01,6.254017916096339669e-02,6.715579899732258828e-02,3.915152720933999519e-02,-3.724275457769991166e-02,5.319251923273874555e-02,8.406721977264457191e-02,6.975180070760966800e-02,-1.736048846317589725e-02,-3.376765752033315110e-02,4.251388074766655062e-02,1.501534261471271572e-02,5.392920373647721449e-02,5.509402979340132650e-02,1.708245468791937810e-02,6.129407814416359263e-02,-4.357533910178981035e-03,-3.145650695156811810e-02,8.831136450344388364e-03,3.500148685661045450e-02,2.145923584055879629e-02,-7.136757054083876783e-03,1.365085215705296937e-02,-2.805080010067359172e-02,2.691228527953478875e-02,-5.935004604409058193e-03,-2.565823343467680054e-02,-1.119907618781971689e-02,-3.837192671389059312e-02,3.582405961247452173e-03,-3.703097249099705519e-03,-3.465092169835860825e-02,2.392089522214781508e-02,1.627168525242815621e-03,6.507065975301437599e-02,1.082751947977738001e-02,3.398368827197979780e-02,4.303801890021947268e-02,3.447965645217390684e-02,4.334578294580158225e-02,3.875748739472546084e-02,4.813500586106017089e-03,2.481919972203474808e-02,1.433520838190924761e-02,5.789951753975879772e-03,-3.703165386523923127e-03,6.571786636638290297e-03,-1.499401659379599391e-02,-1.921344448175472605e-02,-1.249526305623723313e-02
2.128617910412627656e-01,2.255140535428898085e-01,3.314358083829824775e-01,6.117864193604067857e-01,5.384532232874635893e-01,4.622421418039142638e-01,1.000000000000000000e+00,4.621169545269485646e-01,4.070268989271231264e-01,7.686187552122454303e-01,4.686954887956039650e-01,3.055818675533235051e-01,5.054510140107730809e-01,3.017375835125626904e-01,-1.879653027367025608e-01,8.570324011977793754e-02,3.350214318831605809e-01,1.990587283690898879e-01,1.422126324151136156e-01,6.382413833727115793e-02,-8.539584992463275515e-02,1.014781019098635745e-01,1.742265233691304427e-01,1.789575983992416630e-01,-7.651670441124434029e-03,-3.407230436277540464e-02,7.189352451744081794e-03,-3.525769235254040527e-04,4.981777026308160938e-02,7.286389327095689483e-02,2.530344929342356018e-04,6.962237379788095704e-02,2.257062657613394946e-03,-1.545877730068751475e-02,1.347332082274695260e-02,6.496747075440972852e-02,6.007293014103098905e-02,3.405758523941125604e-02,2.736956139587333123e-02,-3.660901670835927518e-02,2.543626119190210005e-02,3.984261520533220052e-03,-6.657683930124781192e-03,-7.142661394500562227e-03,-3.122271093964695127e-02,-7.599656417062217000e-03,7.668448911434456138e-03,-2.366382201861996770e-02,5.268275885334187253e-02,4.012605393954802452e-02,8.299561267494923178e-02,2.559526865082383321e-02,5.607492069327373735e-02,4.697096622913865538e-02,3.131622720232606072e-02,4.500162319175825959e-02,2.269333042248555810e-02,2.411626744689330387e-02,3.395615082195461987e-02,1.742246908057728735e-02,1.121575767486237066e-02,-1.735271739157879037e-02,-1.457549258508697779e-03,-6.831825418031330175e-04,-1.426424525612363624e-02,-6.070187558928348374e-03
1.360301570222637313e-01,1.593372934983428024e-01,2.414573444767841026e-01,2.324123687654097992e-01,4.366283037525164890e-01,5.090216460251497654e-01,4.621169545269485646e-01,1.000000000000000000e+00,4.168282452767714807e-01,3.018797999952332889e-01,5.422952049459932589e-01,1.591500268625433423e-01,2.502772764871688538e-01,4.523218835974732177e-01,-6.214372647550755330e-03,-1.244786267105886246e-01,2.830416575137967850e-01,1.175449505663146155e-01,1.374101834207078765e-01,8.875626828995912543e-02,-3.604270873608902276e-02,9.473967083024302516e-02,9.510838858629915016e-02,1.039543921283210409e-01,-4.445226497114272007e-02,-4.352546169964074257e-02,2.372558613134099700e-02,8.730117511604167796e-03,6.535063401470125877e-02,7.101399548984421717e-02,2.617153359581358626e-02,7.109801442169080832e-02,1.785280789140242588e-02,-2.302380752665887306e-02,4.244391422725800897e-04,4.760982243350183468e-02,8.357359711691369000e-03,3.218270554473029520e-04,5.176126866738519142e-03,-1.514160356392468647e-02,1.674227756812458542e-02,3.605519756581941257e-04,-1.732127676543283867e-02,-5.387182139617379198e-03,-3.088825180557898745e-02,2.973162283968234024e-02,4.699243291414299112e-02,-4.954015672555918404e-02,-3.043238352111547577e-03,3.309452493728977374e-02,4.762470246381563660e-02,-3.537928405192432529e-04,4.700017621974855037e-02,4.057273629805455140e-02,3.992150602928858788e-02,6.599258079391476239e-02,4.872318824997746989e-02,-1.696607626309318793e-03,3.827930433274470690e-02,1.388639663733127333e-02,2.801600934781264818e-02,8.606425399367477469e-03,9.823437614160723114e-03,2.068526725374941321e-03,-7.253688935116928659e-03,-1.207907666154375836e-02
1.295346080457148996e-01,9.392732607878977180e-02,2.179087056274282563e-01,3.878211116280543269e-01,1.412050686277280531e-01,5.384350473553971561e-01,4.070268989271231264e-01,4.168282452767714807e-01,1.000000000000000000e+00,4.302093708523529458e-01,4.739785783425076726e-01,3.827966462937184011e-01,2.261119685337688867e-01,4.014522887625900371e-01,-1.603407880050022882e-01,-2.097621675645537920e-01,1.634961860762498276e-01,4.973999239454716254e-03,-1.152674458638095964e-02,-4.915118335401569977e-02,-4.493946545340726795e-02,-1.691054971201096796e-02,9.173349611381435842e-02,9.624705887832740725e-02,3.384736870223725713e-02,4.301214256151376404e-03,2.478728314458166285e-02,2.976496041585243932e-02,4.388139307429744784e-02,4.843869041874755005e-02,1.614712281359972912e-02,4.310448573706313763e-02,-2.324719188441587685e-03,-2.944474498676536919e-02,-4.467314952676093294e-04,1.818168458375579027e-02,2.020556322288169363e-04,-8.801365211187706442e-03,1.110657715361227336e-02,-3.315247569826663271e-02,2.619572714511548411e-02,-4.941798398815900294e-03,-1.671157155676808795e-02,-1.739864441396495737e-02,-3.751639916529123792e-02,1.762591591517629784e-03,-1.215889154119471210e-02,-3.579796091193709895e-02,8.254917363192972729e-03,-8.437143402670115380e-03,2.793646272746961798e-02,-1.687165730820872262e-04,1.609196030049266091e-02,2.381277762329928396e-02,1.163996973137465356e-02,1.583828929255582871e-02,1.082274952528211945e-02,5.278543388580570622e-03,3.063476920497217818e-03,5.395456963120091355e-03,8.604964161650179022e-04,5.624620528582954630e-03,4.217297118717929644e-03,-2.509215264172759158e-03,-6.940969701735976577e-03,-4.114684366811777530e-03
1.817725228890401390e-01,1.844987425448612883e-01,2.704409492268634585e-01,5.454819892814161131e-01,4.242664667047487126e-01,3.405713465360770131e-01,7.686187552122454303e-01,3.018797999952332889e-01,4.302093708523529458e-01,1.000000000000000000e+00,4.495583961225825820e-01,3.952923534152416596e-01,5.558051314164343948e-01,2.787500296629634167e-01,-2.584430120991128010e-01,9.331123210467315299e-02,3.234632990314972312e-01,1.862989271753193454e-01,1.034940445490868388e-01,1.993198364047586019e-02,-9.691743301365085550e-02,7.227037057269217191e-02,1.904023903813482077e-01,2.041986050669705732e-01,3.075617745080769586e-02,7.722757340638156803e-03,1.462054755920431590e-02,1.780309054437128821e-02,6.044271278944199355e-02,7.465618963203279890e-02,1.027404987352889543e-02,6.759203210877691437e-02,-4.906143751669872141e-03,-1.472505849292174776e-02,2.553346093430127264e-02,6.040550011634476107e-02,6.575959815122009444e-02,3.953331008727912349e-02,2.789009575195490129e-02,-3.676035153849816633e-02,2.458545663345333698e-02,1.339682158952861489e-02,-3.014354367554199221e-03,-2.067364510173382193e-03,-2.403798592355330110e-02,-9.465902723232949220e-03,2.861945745152530678e-03,-1.910119988514323922e-02,4.724548031008742044e-02,2.385035971785445102e-02,7.468707835407849271e-02,2.276434613399114237e-02,4.219422147446486721e-02,3.852968817305128801e-02,1.491340395840825769e-02,2.648885803497439198e-02,1.226375458060688026e-02,2.537387300177193494e-02,1.916194203768407586e-02,1.074440766162366133e-02,3.173548670242170786e-03,-1.944272377773323748e-02,-1.489247985395328495e-02,-1.301880502656282100e-02,-2.520552758544030228e-02,-2.026260884125242329e-02
1.177320562026290401e-01,1.265323312374923292e-01,2.229167747295790480e-01,3.203070531287646738e-01,3.386289258770390775e-01,4.194297350687006265e-01,4.686954887956039650e-01,5.422952049459932589e-01,4.739785783425076726e-01,4.495583961225825820e-01,1.000000000000000000e+00,3.976580970383773450e-01,4.163806827986042403e-01,7.745014156878397005e-01,-9.481021048957505304e-02,-2.765457586129418943e-01,4.123099080888518730e-01,1.776611367231649696e-01,1.670253295689555495e-01,9.292568800732436962e-02,-6.436425748667130853e-02,8.751547140902192490e-02,9.211142427743798655e-02,1.153937426656926751e-01,-5.453459151807588806e-02,-2.539683263669186702e-02,8.300978446629232732e-02,7.832587300926895091e-02,1.201696417821907087e-01,1.545713076495301430e-01,7.523924514252260110e-02,1.110122877698218324e-01,4.201129229755395933e-02,-2.641419712767561351e-02,2.316468612163587876e-02,7.004106481505334436e-02,4.554980595426870449e-02,2.332069697391769489e-02,-1.132174319616493325e-03,-2.836046232893877847e-02,1.737700298789186804e-02,7.375784614682695181e-03,-7.041749042198593503e-03,-7.530073983979446509e-03,-3.630434992988525178e-02,2.025227795904562672e-02,4.747172841924207631e-02,-5.255991243282066849e-02,-3.735325444653095003e-03,2.115616057531868183e-02,6.052735913785942112e-02,3.763727198177211752e-03,3.917018950464937199e-02,4.367603085613301628e-02,3.651681870737652491e-02,5.653712144052575744e-02,3.408070122157665777e-02,8.811911456460696027e-03,1.196920209884867053e-02,1.365046980689780566e-02,2.370272482164726899e-02,7.737754371127988917e-03,1.449926222289062150e-02,1.241553634536883034e-02,-5.138878159252194266e-03,1.158685284108904728e-02
8.625814046206368990e-02,5.952703418247582562e-02,1.486129360387018483e-01,2.565894505416464466e-01,1.397821275406279651e-01,2.416333554575986753e-01,3.055818675533235051e-01,1.591500268625433423e-01,3.827966462937184011e-01,3.952923534152416596e-01,3.976580970383773450e-01,1.000000000000000000e+00,4.245772269782049357e-01,2.967199099630318804e-01,-6.210824684838944787e-01,-2.710597867445993514e-01,7.740383555178011188e-02,5.349439086041711533e-02,-1.173551708466273880e-01,-1.205983314376479626e-01,-7.761972535210860669e-02,-6.836054307671786401e-02,1.209953484749304864e-01,1.265238960218672826e-01,6.625965009834572372e-02,6.664833502582978575e-02,1.077222903730970099e-01,2.708311516526702364e-02,1.196071836551899914e-01,8.953902894139398327e-02,5.777055830358116678e-02,1.039166689893964296e-01,-2.087870385236601650e-02,6.991592609376544483e-03,-2.716957462534743892e-03,1.800645979184746504e-02,7.840185425697830668e-03,9.030362263692167171e-03,1.977133521792687545e-02,-1.589982028225227564e-02,-1.402650748244573583e-03,-2.167259084838193701e-03,6.579297351121775328e-03,-2.182029279052325951e-02,-2.909402216095013927e-02,6.890675222653751091e-03,-2.264486323752893868e-02,-1.144766306995440887e-02,1.395380783334689316e-03,-2.117422100521048831e-02,2.844143712584316919e-02,-5.715915510362650810e-03,8.868970100201430812e-03,1.278970227803961045e-02,-1.125438805734479790e-02,2.227339627966721646e-03,1.196797907242685977e-02,-3.324929065193263887e-03,-8.207396660036071420e-03,1.754372525302335881e-02,1.989179319936191376e-02,7.126846224510306228e-03,-8.087846947579444695e-03,5.104364160732885458e-03,-1.918775337830188124e-02,7.866114718319954305e-03
1.270206324661928843e-01,1.336228475247909497e-01,2.099558366413775690e-01,3.502486017889936409e-01,3.413694754141382570e-01,2.498117127872105936e-01,5.054510140107730809e-01,2.502772764871688538e-01,2.261119685337688867e-01,5.558051314164343948e-01,4.163806827986042403e-01,4.245772269782049357e-01,1.000000000000000000e+00,1.556434428036902184e-01,-4.071406525661017684e-01,3.718731247259587369e-01,5.535527180522962221e-01,3.410058645576490299e-01,2.956792877564282662e-01,1.725625972191110469e-01,-1.052316140773311981e-01,1.869711899391307552e-01,1.910956471390305167e-01,1.760171397801292004e-01,-4.407490367295088807e-02,-4.585919548827242787e-02,8.065484150603663416e-02,7.483667802467018626e-02,1.472190909618744936e-01,1.304039587804128320e-01,7.838375163683043712e-02,1.260149681760951157e-01,2.684374818954904721e-02,2.027530242359075127e-02,1.653692575261991177e-02,8.261734381382491998e-02,6.849736903260404686e-02,6.145838275073338408e-02,4.033629966468370992e-02,1.319574956255662422e-02,2.775469492417623196e-02,4.955766458901132709e-03,-1.661910052804600052e-02,-7.112470210957361899e-03,-2.211524845945803466e-02,-5.947759820774479794e-04,1.519434377407032771e-02,-1.686791717427281456e-02,4.010692320865533178e-02,3.832521462773430532e-02,8.798408090640870427e-02,2.411637384208839205e-02,6.529393942844252674e-02,5.358452615265840019e-02,4.590875001740690048e-02,5.795225699586291357e-02,1.757521969003894916e-02,1.569338011056614635e-02,1.446496597151886165e-02,6.135341300265120812e-03,5.097046488484553630e-04,-2.203992451940282871e-02,-8.859897921248671357e-03,-7.938719837990082170e-03,-3.352782392794406707e-02,-8.308253168670931207e-03
7.491677484434143552e-02,8.949994530512760116e-02,1.542739732769328742e-01,2.069956642264553226e-01,2.192915433574039175e-01,3.385902636430305201e-01,3.017375835125626904e-01,4.523218835974732177e-01,4.014522887625900371e-01,2.787500296629634167e-01,7.745014156878397005e-01,2.967199099630318804e-01,1.556434428036902184e-01,1.000000000000000000e+00,3.424159220461816394e-02,-4.756953301573934034e-01,3.133784384501746567e-01,8.402732149988086097e-02,8.955221855891379312e-02,3.052093894942650709e-02,-5.197459368809900088e-02,1.917355845544411325e-02,2.324894210754603271e-02,5.896327627471143612e-02,-5.586171404706221505e-02,-1.545856285860291827e-02,5.033249263418516917e-02,4.696000821932587443e-02,7.823080233398073402e-02,1.121376409572957533e-01,4.286515519620834325e-02,7.055838650508271248e-02,2.813691329790125178e-02,-2.553936416643986379e-02,1.722598017338382997e-02,4.228486104997802170e-02,2.335876503958501244e-02,4.373340535889947843e-04,-1.186072585450937203e-02,-3.835008545866283591e-02,1.450432184797856815e-02,4.261590081573150141e-03,-4.026031389128085017e-03,-5.364198535337673206e-03,-2.550212893086974131e-02,2.941069638175029116e-02,4.739962520548692687e-02,-4.780719364451101877e-02,-2.068110972199818653e-02,1.718175667634488923e-02,3.809794756342794325e-02,-1.153525846527931643e-02,2.798345638304390592e-02,3.837953347511753599e-02,3.254430777958346871e-02,4.660620831452285534e-02,2.665119046954618487e-02,7.043877275813927724e-03,1.487201601616448994e-02,1.085051098157013665e-02,1.808495158390793431e-02,1.924627308301318090e-02,2.151387996060347835e-02,2.127300591607349939e-02,1.708777311821337713e-03,1.414755893008643774e-02
-4.319073600876752878e-02,-1.944167379051101388e-02,-7.854631131616668371e-02,-1.536712009648184829e-01,-8.672530150378156277e-02,-9.081316052331264710e-02,-1.879653027367025608e-01,-6.214372647550755330e-03,-1.603407880050022882e-01,-2.584430120991128010e-01,-9.481021048957505304e-02,-6.210824684838944787e-01,-4.071406525661017684e-01,3.424159220461816394e-02,1.000000000000000000e+00,1.041008360172048647e-01,-1.327999533227283355e-03,-4.392334464729218818e-02,1.414509266573882595e-01,8.935313006403346192e-02,1.240252393302759305e-02,6.478250058588645721e-02,-1.203941437765290445e-01,-1.349280433461496898e-01,-1.115466327304571598e-01,-1.026173945971937812e-01,-1.535422864453600267e-01,-7.504901052568406505e-02,-1.373854601483920357e-01,-1.194828091487207256e-01,-9.580171800109134328e-02,-1.311338952980597994e-01,-2.706964229012214299e-02,-2.067792904785860017e-02,-6.205322480503058791e-02,-5.708420546794695793e-02,-4.424425090713732939e-02,-5.352697751520092001e-02,-4.787916884743591978e-02,-2.343432995813395439e-02,-3.316413638190877228e-02,-3.242039549631287737e-02,1.010509721287055837e-02,7.876087611477896461e-03,2.767427978385390646e-04,-1.196779552693152081e-02,1.763558246754284506e-02,-1.929964813296246307e-02,-2.386428124848997620e-02,-2.570191888612841286e-04,-3.304058509912164571e-02,-1.437674061966979014e-02,-2.316477994290361969e-02,-1.964572178780569015e-02,-1.237292002624435124e-02,-1.106035472687262600e-02,-1.160074613015760897e-02,2.147471770832045952e-03,-1.193862649687403923e-02,-1.628402658316941212e-02,-1.506983837260807493e-02,1.374496004856835644e-02,3.291951418446899952e-02,1.764734241973282824e-02,2.986712766768820013e-02,-2.190012968782580874e-04
2.204455781659150210e-02,3.172639820076050832e-02,6.819517023864187302e-03,4.309376063118944278e-02,7.570756556581721697e-02,-9.218077401779928293e-02,8.570324011977793754e-02,-1.244786267105886246e-01,-2.097621675645537920e-01,9.331123210467315299e-02,-2.765457586129418943e-01,-2.710597867445993514e-01,3.718731247259587369e-01,-4.756953301573934034e-01,1.041008360172048647e-01,1.000000000000000000e+00,2.240609658089229572e-01,2.160508859280771687e-01,2.944068008063788766e-01,1.873950473237027958e-01,-2.471521045706125477e-02,1.946860479108087905e-01,8.414543408037553074e-02,2.763906405906028929e-02,-6.538059869740350805e-02,-9.202154288598778098e-02,-5.246878431407307752e-02,-7.220046303941468277e-03,-1.525184636591988066e-02,-4.968986162860943717e-02,-2.120056526899935165e-02,-2.431048580851224300e-02,-2.095291113588076959e-02,1.327100761344095084e-03,-4.150955489906078821e-02,1.054995642302528937e-02,-2.568200236099597421e-03,3.264725932059995162e-03,5.573927233872873546e-03,7.627082455679941135e-03,-4.409394292949443857e-03,-2.865511425645465848e-02,-3.675641505424524086e-02,-1.063117438825524237e-02,-1.571756435473309690e-02,-3.505209990579479656e-02,-3.431690976510353569e-02,-8.987557818155231248e-03,3.030844699929680780e-02,1.328477271719629652e-03,1.341091335093453837e-02,1.071821853250118015e-02,7.888731499828207858e-03,-1.919708842296230164e-03,7.909310165890880151e-03,7.174605132620046804e-04,-1.472746908108062656e-02,1.443178569190913842e-02,-2.074849477748700113e-02,-2.318325004551570825e-02,-3.786885384667960236e-02,-3.087382410818951400e-02,3.177046469070371297e-03,-2.228681052648825642e-02,-1.222995218668700666e-02,-3.413375489571877919e-02
8.741018910717050783e-02,1.007717123485738497e-01,1.477523887294285576e-01,2.234524995545129622e-01,2.702630936324402211e-01,2.116650223289815169e-01,3.350214318831605809e-01,2.830416575137967850e-01,1.634961860762498276e-01,3.234632990314972312e-01,4.123099080888518730e-01,7.740383555178011188e-02,5.535527180522962221e-01,3.133784384501746567e-01,-1.327999533227283355e-03,2.240609658089229572e-01,1.000000000000000000e+00,3.215433102393427944e-01,4.900110542552591486e-01,3.094576071323988375e-01,-6.109835333395536444e-02,3.304226437167003816e-01,1.569006194693650380e-01,1.214282872658589557e-01,-1.287381273986492047e-01,-8.794870639374462173e-02,4.191675399088753279e-02,8.245998085864947313e-02,9.996773075339925041e-02,1.229056919565598982e-01,6.324441498018888719e-02,8.559464864346259805e-02,5.540017353607675638e-02,-2.000721127347538167e-02,3.155101782815936638e-03,8.072040375165294435e-02,5.225783114654845851e-02,2.418329644702725198e-02,1.300928807407677416e-03,-1.881736271370653552e-02,5.116850647346632940e-03,-1.761915200446378255e-02,-2.510496319931179027e-02,3.730840048259056931e-03,-9.561607361725020342e-04,3.168174820059168478e-02,4.358363519793042457e-02,-1.679016548639966980e-02,3.810472012298454086e-02,3.990559822724836642e-02,9.366015006326687542e-02,2.358034193852360377e-02,5.755911598146080943e-02,6.084945415963061849e-02,4.844736125569427260e-02,5.297907572797378589e-02,1.055849091792585882e-03,6.903984447861850199e-03,2.409474239131853893e-02,6.545867013213564276e-03,-8.818032413167423839e-03,-5.571643893385853398e-03,-1.009892145970684926e-02,-1.498334685635965835e-02,-4.460604923322743914e-02,-2.702200786460465243e-02
4.287538214330603031e-02,5.518664464462781638e-02,7.272681520109432196e-02,1.162617971063526767e-01,1.712363138669351637e-01,6.254017916096339669e-02,1.990587283690898879e-01,1.175449505663146155e-01,4.973999239454716254e-03,1.862989271753193454e-01,1.776611367231649696e-01,5.349439086041711533e-02,3.410058645576490299e-01,8.402732149988086097e-02,-4.392334464729218818e-02,2.160508859280771687e-01,3.215433102393427944e-01,1.000000000000000000e+00,4.274413806076198807e-01,1.635250189610486238e-01,-1.541024997576139477e-01,1.720963820557016022e-01,2.937919000785624703e-04,-4.202859933888816735e-02,-1.709849794098985687e-01,-5.187082581657124353e-02,-7.584299505414578146e-02,-1.563291072636751114e-02,3.440930052968804026e-02,9.309120220801542136e-05,2.597400428310446194e-02,1.153506834820973610e-02,-8.873896178475655303e-03,1.164557108338654980e-02,-2.957185865233834601e-02,3.247460199723540414e-02,-3.801995771159021043e-02,6.002572907630484081e-03,-7.227667579347785143e-03,-2.435818133518173698e-03,-1.086316980341249343e-02,-1.719453230161707702e-02,1.476299173871551372e-02,3.747654264107184996e-02,6.411758787718176145e-02,4.840065271920084705e-02,7.760019552478936156e-02,3.936864846190177986e-02,1.955038789827465151e-02,7.256299646484813681e-02,6.018040243349919577e-02,2.070952602538075546e-02,6.753620126884696262e-02,6.597712162553913406e-02,6.765095741507934357e-02,7.488053393644907019e-02,3.878593991553243303e-02,3.797711072895294110e-02,3.968075632365482969e-02,1.884571209931119179e-02,9.935063559793386179e-03,-1.566387411633716510e-03,6.194307310424554576e-03,2.308938352177249478e-02,-8.946428406374520165e-03,4.607984542834715411e-03
1.372825399530827085e-02,5.057779227953861090e-02,5.145939662332175285e-02,8.572549765073408934e-02,1.580325674674880609e-01,6.715579899732258828e-02,1.422126324151136156e-01,1.374101834207078765e-01,-1.152674458638095964e-02,1.034940445490868388e-01,1.670253295689555495e-01,-1.173551708466273880e-01,2.956792877564282662e-01,8.955221855891379312e-02,1.414509266573882595e-01,2.944068008063788766e-01,4.900110542552591486e-01,4.274413806076198807e-01,1.000000000000000000e+00,5.513778669458997417e-01,-3.097912272229140160e-02,5.367331989312121854e-01,7.687234334761150478e-02,-6.731311935616055356e-03,-2.272888090922490223e-01,-1.843297623186480050e-01,-3.646878323934285571e-02,-1.147361775862541268e-02,2.127925079952431436e-02,3.441361501763928049e-02,9.544464364845454962e-03,4.067980785424032270e-02,4.658278734720102537e-02,1.631733135500847490e-02,-5.391869111798131171e-03,5.485118537597247906e-02,1.980482513882380127e-02,3.050018882493754635e-02,2.752543223029905312e-02,2.060942588835327008e-02,2.472389143450220636e-02,9.113470244174314699e-03,-1.533145889083830163e-02,8.341378175410744944e-03,4.561049679746412289e-02,1.122857692487952419e-02,3.770995407298301239e-02,3.120001882811671012e-02,9.994539950577444043e-02,8.516062729929584074e-02,9.107620391931929571e-02,7.096990674384673348e-02,7.608702802765071604e-02,7.716762642084704082e-02,8.038554003949831273e-02,6.324231593265147722e-02,9.625964402599961056e-03,2.169653219804585503e-02,1.803014607162666677e-02,4.468627353893304607e-03,-2.006442135120650554e-03,1.281544099252112344e-02,1.556910325854106783e-02,1.259199047553899095e-02,-1.906697903606256392e-02,-1.150264566620261796e-02
-8.853095223609044537e-03,2.939643695518880800e-02,1.799321031229279833e-02,3.301944539589925232e-02,9.782538226555868854e-02,3.915152720933999519e-02,6.382413833727115793e-02,8.875626828995912543e-02,-4.915118335401569977e-02,1.993198364047586019e-02,9.292568800732436962e-02,-1.205983314376479626e-01,1.725625972191110469e-01,3.052093894942650709e-02,8.935313006403346192e-02,1.873950473237027958e-01,3.094576071323988375e-01,1.635250189610486238e-01,5.513778669458997417e-01,1.000000000000000000e+00,4.427203647018822519e-01,4.789071170288046742e-01,-7.872305920828370773e-02,-1.580154048167277392e-01,-2.454817345770229642e-01,-1.268773061086208020e-01,3.165049668699751462e-02,5.077807298337566611e-02,-2.910917024410262718e-03,7.861544287510471851e-02,3.256067290228979033e-02,4.440438622247768613e-02,1.051970672413418822e-01,7.115448426274455229e-02,7.453897897941975242e-03,6.767601692063011931e-02,4.071680252442887171e-02,5.983819243125771542e-02,3.254818839833616834e-02,1.329245360526156404e-02,1.926956591536043567e-02,1.162497209706116197e-02,-2.631227715993754435e-02,-7.455845569014524742e-03,-1.143005504480915611e-02,-2.913350290206043885e-02,4.156719557712589344e-03,-1.191350708393422095e-02,9.246037500124287822e-02,5.604988285041134083e-02,5.828875344468315706e-02,5.451169612841548495e-02,4.765026147703822768e-02,4.058582362933788740e-02,4.169873343701840235e-02,3.554695600045702092e-02,1.654229732676961578e-02,-3.409059160595624780e-03,1.377992396357144433e-02,-8.463748869659209334e-03,-1.718510775968191961e-02,-1.460153189871602614e-02,-2.057741993736809244e-02,-1.324886992129915148e-02,-4.615551677653776524e-02,-2.663438533470151304e-02
-2.165735811815623288e-02,-8.317170983703523618e-03,-4.067172957383421994e-02,-4.689457965658470201e-02,-6.250006088189966058e-02,-3.724275457769991166e-02,-8.539584992463275515e-02,-3.604270873608902276e-02,-4.493946545340726795e-02,-9.691743301365085550e-02,-6.436425748667130853e-02,-7.761972535210860669e-02,-1.052316140773311981e-01,-5.197459368809900088e-02,1.240252393302759305e-02,-2.471521045706125477e-02,-6.109835333395536444e-02,-1.541024997576139477e-01,-3.097912272229140160e-02,4.427203647018822519e-01,1.000000000000000000e+00,1.566132858533073879e-01,-1.700056531608480914e-01,-2.041113058503030986e-01,-1.091566322518051357e-01,7.365277339771100773e-02,1.575312621343778197e-01,1.216653184487648254e-01,-1.865785549434976695e-02,1.025219366929902010e-01,4.395337826437917955e-02,8.033904858400393867e-03,6.443150874180648968e-02,4.454109736426120625e-02,1.755157877713139219e-02,1.649296845365834721e-02,1.699955998636328361e-02,5.214858194118613538e-02,5.339799535676038184e-02,1.711525683749724053e-02,1.757406579233055169e-02,-3.559961593800235052e-03,-4.482611135706364436e-02,-2.986633642720976783e-02,-5.089069171022689991e-02,-4.101236058409253593e-02,-7.049451183647824359e-02,-2.262514610897673265e-02,1.888273693304637693e-02,-4.974243383828178683e-02,-4.031055833952568168e-02,-1.200477054182803871e-02,-4.652699822695331028e-02,-4.687987207046034194e-02,-4.280861002746486760e-02,-3.544657313002547855e-02,-2.958685497488812779e-02,-4.379751964308312845e-02,-2.210436789426616783e-02,-2.950251435268062480e-02,-2.594645484462475629e-02,-9.199426481083164756e-03,-2.752236165743299212e-02,-1.646224690856160772e-02,-2.351338905440198898e-02,-2.518848350130578270e-02
1.060359885247039516e-02,4.416618645415214262e-02,4.925732256636716766e-02,7.147159656950856366e-02,1.167986360594098355e-01,5.319251923273874555e-02,1.014781019098635745e-01,9.473967083024302516e-02,-1.691054971201096796e-02,7.227037057269217191e-02,8.751547140902192490e-02,-6.836054307671786401e-02,1.869711899391307552e-01,1.917355845544411325e-02,6.478250058588645721e-02,1.946860479108087905e-01,3.304226437167003816e-01,1.720963820557016022e-01,5.367331989312121854e-01,4.789071170288046742e-01,1.566132858533073879e-01,1.000000000000000000e+00,2.971156964656817001e-01,1.277285762259917357e-01,-2.010428600871489446e-01,-7.338197122502404524e-02,6.764100707542067270e-02,4.657393813770877716e-02,5.785220597042441820e-02,6.959149108001193296e-02,5.812018114093195353e-02,6.980524944213810368e-02,5.145418614488377756e-02,3.338075926861202615e-03,-2.588688305208336135e-02,3.336454982626357868e-02,-6.682770040041607169e-04,4.202138615253190462e-02,4.404660254866660241e-02,2.036177745327195573e-02,4.295152703554302315e-02,2.675888708805385791e-02,-2.564320098946126780e-02,-9.254601618108955832e-03,3.162966857208068111e-02,8.371463404715737480e-03,-1.744171482923837641e-02,5.336656800935468681e-02,1.136244835662459929e-01,6.877733687310128019e-02,6.566323502146456659e-02,9.400071510808592767e-02,6.885484896250988751e-02,5.966960368168051226e-02,6.107998470955163656e-02,5.323114847152191770e-02,-1.000575697421420343e-02,7.005632504765877885e-03,2.791618789650211763e-02,1.483583436527556587e-02,-3.354987851277739953e-03,8.826686133600851339e-04,3.065669498915544328e-03,1.155648292645118473e-02,-2.099324407899104752e-02,-8.589940824916599341e-03
5.605903579201864523e-02,7.274674697594356310e-02,7.895039997481977101e-02,1.255316509994434393e-01,1.098766487038140977e-01,8.406721977264457191e-02,1.742265233691304427e-01,9.510838858629915016e-02,9.173349611381435842e-02,1.904023903813482077e-01,9.211142427743798655e-02,1.209953484749304864e-01,1.910956471390305167e-01,2.324894210754603271e-02,-1.203941437765290445e-01,8.414543408037553074e-02,1.569006194693650380e-01,2.937919000785624703e-04,7.687234334761150478e-02,-7.872305920828370773e-02,-1.700056531608480914e-01,2.971156964656817001e-01,1.000000000000000000e+00,5.881965396823279901e-01,-4.076784190269994862e-02,9.317925044456631944e-02,1.082310633871152311e-01,9.159653777030481170e-02,1.115476793120113025e-01,8.849657088358865720e-02,5.693688655486509043e-02,9.688927815402643973e-02,-9.509442772970604085e-03,-3.904933728340249932e-02,1.435893485620663886e-02,1.965459876728342659e-02,2.583976544032047518e-02,8.711925724901349588e-03,1.080061937622606855e-02,2.188267580726077632e-02,4.232287182615917381e-02,8.557712680066274433e-03,-4.330188266368174138e-02,-2.361732723552364965e-02,-4.491190789153998164e-02,-3.022037042553673246e-03,-5.899809253047371034e-03,-3.192072081633983566e-02,4.566601870147724007e-02,3.265067487152777809e-02,6.428973491570270926e-02,5.340498614243088804e-02,7.153948032109956612e-02,4.778186181165920698e-02,4.852463456492911442e-02,4.546638874631554750e-02,6.393341252475031634e-03,1.057659289223911343e-02,2.881589468519762942e-02,2.086317603515180918e-02,1.082876163596983680e-02,-6.981084386765844425e-03,-7.191590365263390155e-03,1.077202064641676407e-02,-8.884285795588215545e-03,8.070004312365148050e-03
