1.000000000000000000e+00,3.165876535136911696e-01,1.529027669684619728e-01,-1.619395931833271240e-01,7.184213298051649044e-02,3.181570818610825468e-01,-7.193467914928099172e-02,-1.768618515957338100e-01,2.436876199657954378e-01,1.553482426367255309e-01,-1.856664454150883659e-01,6.832410912102485079e-02,4.050209519802774188e-02,-7.793759530865260188e-02,-9.651404758398765549e-02,-1.029574633447895848e-01,3.280708507761422033e-02,-1.261617235391772618e-01,5.004524462148360331e-02,1.248007982154493017e-01,-7.481646655344995067e-03,-4.311748292623000800e-02,9.980999504305870795e-02,6.184512967905922420e-02,9.015753858580306812e-02,-1.205186546698081562e-01,-7.001387575481175796e-02,-3.841521626321077985e-03,-1.038094274955916468e-01,-1.076339611503709798e-01,5.691339815582813211e-02,-5.744065769775608121e-02,1.816717277486482388e-02,6.693918131403538141e-02,-2.171450177026081410e-02,-5.358675444444974123e-02,1.546736430318650622e-02,-2.631488600914099266e-02,3.399701094944841684e-02,-6.196355046913028762e-03,1.102825122692314280e-01,6.035453903594979047e-02,7.753611963340566182e-02,7.446148443377685611e-02,1.070198695572666288e-02,-1.046835564441937240e-02,6.820213230306665375e-02,3.658796753071975189e-02,-4.773278444066816201e-02,1.776005013568382473e-02,-6.642520177973880446e-02,1.463086517281919630e-02,-4.632413315094733447e-02,5.246982413501830034e-02,8.729402999836805011e-02,8.188601739091179096e-03,8.773135231279158286e-02,6.785016221550908746e-04,-2.249100845257201789e-02,8.999748040366871427e-03,7.211409024575394025e-03,-1.413933773191530102e-02,-5.376057047668829011e-03,-6.921256271090634078e-03,5.329175323283640714e-02,3.271206460709379094e-02,-9.594090289436267918e-03,-2.333300351793753807e-02,-3.191284703759534463e-02,-9.400945478518006604e-02,-1.055681656003756679e-02,-5.388719975587064059e-02,-1.605030221171453164e-01,-7.438780880715520349e-02,-8.655865274421357947e-02,-1.034444908315724776e-01,-3.522946011623927232e-02,-9.318677411168997671e-02,-5.282660946728198054e-02,-4.010704288176212412e-02,-9.823920355263479620e-02,-6.473797144066702203e-02,-5.642997357496734590e-02,-7.670772582248498728e-02,-6.176798620330210127e-02,-1.526980221333691136e-02,-5.160293541176090570e-02,-5.915014847203315523e-02,-9.219154842916961468e-02,-5.381135754588993458e-02,-3.174229890755900924e-02,-3.289873531471191465e-02,-4.379384032254425574e-02,-7.815463149901327733e-02,-8.481498738299830809e-02,-1.313201835012861411e-02,-4.279903247749591855e-02,-2.405862096525411206e-02,1.703290323631452552e-02,1.941577067524893202e-02,7.223255818775457804e-02,4.681607399928858909e-02,-2.917016765113690513e-02,2.592673482229915227e-02,1.275454243325797876e-01,1.006994268475033816e-01,3.864538110715529020e-03,5.121605759817759312e-02,9.818760979711521619e-02,4.164367442959551052e-02,-1.493549168289550443e-02,1.296998176806214795e-03,6.043140418454316654e-02,4.790679505595608206e-02,1.472640712544788788e-01,6.377285196086900088e-02,8.529563223462570398e-02,1.226826637975858975e-01,7.545157814895507575e-02,8.245578867867275896e-02,6.893459416617074564e-02,5.939695754151396584e-02,3.661416828198434115e-02,9.751619169136524490e-02,-3.135544498129536062e-02,1.257382575586203297e-03,8.747062260825157198e-02,6.624155047472921054e-02,3.956458554887171304e-03,9.213150298160760476e-02,5.381414321097216687e-03,8.782758341757040954e-02,3.146876580853301408e-02,7.366111267497098269e-02,5.786011795498515603e-02,1.593839481164165475e-02,9.885468568081953733e-02,3.092979026770489165e-02,1.374942635233790227e-02
3.165876535136911696e-01,1.000000000000000000e+00,5.419212966653376429e-02,-3.894033605749973037e-01,3.658195407853950809e-01,5.161650923155679527e-01,-2.629558693906597910e-01,-1.205339979216843438e-01,5.703666562814786456e-01,1.150436078361741499e-01,-3.143964025812210905e-01,1.783575673556848373e-01,3.096017276478423286e-01,2.749203069921887094e-02,1.043295718571946862e-01,1.982892772937271120e-02,1.173711511905728561e-01,6.259885926947451884e-02,-2.927894393818856328e-02,2.646691991638355085e-02,1.147886450022486265e-01,3.522984588452078569e-02,-1.170276808175518520e-03,1.006447235616129976e-01,1.369215966703707203e-02,-1.506985537925121209e-02,2.038600758226440449e-02,-5.253549488290632646e-02,-8.532947894422560076e-02,4.333687672478825359e-02,1.754313861802211383e-01,7.791779514786463523e-02,1.183600078645230397e-01,1.361900437443186174e-01,1.012520021671447362e-01,-3.005187236630223191e-02,7.793628005971732498e-02,-3.576968737606569387e-04,2.345356162510862583e-02,3.708019543371168791e-02,8.873685937562081349e-02,6.158072629238667967e-02,3.503747352333139164e-02,2.900752038947074229e-02,5.720725384541363451e-02,8.286523741930175435e-02,2.683036785289916182e-02,2.065821758022300114e-02,6.722540243616081934e-02,4.946461411620508425e-02,-2.665443971876633664e-02,2.762856324200128541e-02,-6.897732372557180414e-02,-5.594281624182671081e-02,7.559727498866733453e-02,6.127289798611519622e-02,5.916960121974117193e-02,-2.656091739970280891e-02,2.705371729344225110e-02,-1.986555978384463295e-02,-2.826913501746104382e-02,-6.652574335632116531e-02,4.137048422569473277e-03,3.211008162755473599e-02,1.502662479210629433e-02,1.498959850685358322e-03,1.419927100476112841e-02,-6.766370364089460687e-02,-8.276500105893554171e-02,-4.638633365877330855e-02,1.559058478245941605e-02,1.336046363540310637e-02,-8.060083832078496213e-02,-1.437763431242450665e-02,2.519204224403000583e-02,1.604333219763189045e-02,5.782117483484804088e-02,4.484109404561584244e-02,4.334505764959664664e-02,5.591727375523383725e-02,-9.589127233204663286e-03,7.983444785329950333e-02,4.307806495514759221e-02,1.113783552117240429e-02,2.078270822166701157e-02,4.068464698243044048e-03,2.814942473371973009e-02,-1.482405632213609076e-02,-2.047739880075379049e-02,-1.818232043417919788e-02,-7.230396779506558305e-03,-1.995827645342829193e-02,-8.989499051777691263e-03,3.118507588866484270e-02,1.460767505281126456e-02,-1.467710126791874591e-02,8.033289844914978661e-02,6.650808201661424779e-02,4.526221995457231639e-02,-2.016773492770146327e-04,-4.069786435959885096e-02,-6.070189785788945164e-02,-1.355271727249469579e-02,-7.966624434370583874e-02,-2.386636712224984153e-04,-2.361507549323003594e-02,-3.509882450445161398e-03,2.618575707609796868e-02,3.486864149303071751e-03,3.549070925613652394e-02,6.118723415110758485e-02,3.168914593128387830e-02,6.641353995433571522e-03,-3.436438814687203108e-02,5.805603384975754205e-02,-3.783401551622262880e-04,-1.887925516408927099e-02,5.503063342133707875e-02,1.126230952419329107e-02,8.410361741645010908e-03,4.625441142482639850e-02,7.098013894198781926e-02,-4.680358030718845264e-02,-9.325247295085962659e-03,-3.611513950423234781e-02,-5.918763631339437475e-02,-1.470652766917947968e-02,-8.598987661512608183e-02,-4.842014026893637357e-02,4.380342828191434446e-02,7.950218074947895674e-02,8.227505830867878900e-02,1.377660748658336709e-02,-7.858240034660448833e-03,6.035680123271608410e-02,-1.360029882032427750e-02,3.225892101889197422e-02,6.549307740426062174e-02,-1.497032064322832527e-02
1.529027669684619728e-01,5.419212966653376429e-02,1.000000000000000000e+00,2.569982873922493222e-02,-4.895866290564598322e-01,4.087122632825197499e-01,5.217086603588897420e-01,-3.335096216188390694e-01,-1.397913297023351542e-01,5.628792784931609949e-01,1.412854668909098443e-01,-2.482412081971659967e-01,-1.768308984492301603e-02,-2.246834133344911555e-01,-2.002858219515325222e-01,-1.700194050902852083e-01,-2.127250729612379654e-01,-8.934050165869497628e-02,1.368903114163501633e-01,-5.558489093196260916e-02,-1.689734261203140742e-01,1.102047653073766065e-01,1.030558665838717941e-01,-6.284980076866644727e-02,4.223164721275952938e-02,4.718437012268218017e-02,2.353795245050557469e-02,-1.113078756673859249e-01,-2.371123573155534819e-02,1.990352420242991194e-02,4.339654016859856300e-02,7.754639883581576631e-02,-4.437286576616768924e-02,-5.046481047751858254e-03,3.084403293251282777e-02,-1.889110899408639674e-02,-1.635785320794777217e-02,-3.581060951972908114e-03,-4.647353320475457183e-02,-3.529594234894393626e-06,1.706454495524637209e-03,5.881985252763777088e-03,7.927691253503324487e-02,1.289555552019926339e-02,6.613543316584123699e-02,8.616806984079540543e-02,4.931696134824577193e-02,2.936736377764977146e-02,4.634709751709732012e-02,5.436089296910824598e-02,-4.813261175529763569e-02,2.917295827684811965e-02,-1.036072751906428058e-01,-8.011801321027745004e-02,3.956779685207288677e-02,2.832167121644739438e-02,-7.595640499420769354e-03,-1.701402770842116996e-02,1.060937760945476586e-02,-1.069396577256047365e-02,2.813358494315170918e-02,-2.799976758843859825e-02,2.445193983406257054e-03,-3.400963496258013058e-02,1.899638308638413112e-02,3.683176375769834504e-02,5.606889226517144942e-02,6.805538980372294322e-02,2.739460360906514902e-02,-2.080596480951303964e-02,8.905397407846978031e-02,6.011467168939700623e-02,6.250502157739319664e-03,6.191059003478079081e-02,-2.261525394496088567e-02,3.901766730588879847e-03,-4.276609908609320387e-03,-9.181054257626689030e-02,1.203277489573559116e-02,-4.414692556712123545e-02,-4.264377486505026987e-02,-4.319957294911389023e-02,9.835116132569161895e-03,-1.114297975155764328e-02,3.732509811741994976e-02,4.429627435101649024e-02,-1.181437784775985766e-01,-3.984534369937871648e-03,-5.533641871045864857e-02,-4.108890091859113830e-02,-1.622411860756466095e-02,8.318566813346538191e-02,1.148289259939816870e-01,8.644722543639653256e-02,5.025209324158225188e-02,7.482252916292705947e-02,9.254177378534908516e-02,-3.150295500779355662e-02,8.597142327939063383e-03,-5.224826942165588378e-02,-3.970201314424075950e-02,5.853723024916032691e-03,-7.918707356709617229e-03,-4.547382864662555951e-03,-4.321834959177601326e-02,7.523624398340604882e-03,4.154410164861819382e-02,-1.310604506059966610e-02,1.799818877433041753e-02,1.734817053400177292e-02,-3.793209761799292562e-02,-8.667515792834859165e-03,5.884727103332829112e-02,1.613569330245585159e-02,4.601730830082412932e-02,7.826151708268744289e-02,2.266221810010913065e-02,4.080916534128203182e-02,2.629301696240790229e-02,-2.501281110754803236e-02,2.438836399537162164e-02,-8.751563699635390992e-02,-9.207839015483447465e-02,-5.033515511452404251e-02,1.074387178086672057e-02,-6.299871838879983477e-02,-1.119999593984800784e-01,-4.962561006476692849e-02,-4.539342337726749027e-02,-2.743585524066148931e-02,6.325195887703760622e-02,9.010307703770099874e-02,6.495849832387483314e-02,-6.245017420862881280e-03,7.883226009369743992e-02,8.217234201011434924e-02,9.302312035386270384e-03,5.027274522851792743e-02,6.617849585700860682e-02
-1.619395931833271240e-01,-3.894033605749973037e-01,2.569982873922493222e-02,1.000000000000000000e+00,4.462163685894587895e-02,-2.927679057278467778e-01,4.866789616865806467e-01,4.809373277250938994e-01,-2.625051970369232657e-01,-2.547949024528772116e-02,5.637633085069306826e-01,1.988595138013566910e-01,-1.028474862286490737e-01,-5.504230204865704495e-02,-6.953425841143573427e-02,8.800072189388193425e-03,-5.112019732758384810e-02,1.686444046462024990e-02,-7.715961683928401239e-03,-5.034201863125992160e-02,-4.860506793108301804e-02,2.051448404733552736e-02,-2.784119286262073598e-02,-8.377315663165363357e-02,3.766925820493598892e-02,-7.318673042461239231e-02,-1.048153847805438771e-01,2.438448215072921629e-02,1.256867541706502278e-01,-1.203967036239505656e-01,-2.990255749598896146e-02,-4.683660652758365670e-03,-7.274092693192099612e-02,2.283759193885717687e-02,-2.725273850606853461e-03,-9.537986634583096868e-02,-9.079967005269351521e-02,-7.460541002604312300e-02,-1.472284942856482148e-01,-5.304038323680868028e-02,-1.529676906680354775e-01,-6.643749334327564426e-02,-5.695571261941510810e-02,-7.380721841652028437e-02,2.831407224036849163e-02,2.103409604017946952e-02,-7.783961169611272601e-02,-1.193322530686018526e-02,8.333737000210919565e-02,-2.202726155468676464e-02,5.650373949277871788e-02,-1.366576569654786612e-02,-5.728471152851129060e-03,-7.789939362776118759e-02,-6.640748699772831831e-02,-6.336140773423486194e-02,-1.149128204304491196e-01,6.746879372720433407e-03,2.558695476104481253e-02,-9.203583340972933471e-03,2.926299652298045700e-02,-3.737790265673721773e-02,6.194654397512783933e-02,4.756319435212467972e-02,-1.624654543194821443e-02,4.734870052984035960e-02,3.299006488740318516e-02,6.321913040678489581e-02,4.860319341587214514e-02,4.701634464708919631e-02,7.098851923453830537e-02,5.366007045061539638e-02,1.365437991957262898e-01,1.851445475147699971e-01,3.800050491725277813e-02,6.331349854200138405e-02,-7.640548061968384028e-03,7.596842336747224207e-03,4.529572247108639566e-02,-4.069266616900672762e-02,5.089060949150670671e-02,-3.459327252337204839e-02,-2.234909906147732397e-02,1.620144467153398354e-02,6.613546924296603846e-02,1.227995660250436466e-01,4.441510902321892107e-02,1.068659582316103945e-01,6.772377293951017951e-02,6.654080776183120272e-02,8.669834657017561064e-02,6.630555679451477502e-02,6.819833090552472610e-02,6.516875888155093666e-02,1.134735029355291164e-01,5.944094290068820119e-02,3.575614949357455719e-02,-3.053507503439701135e-02,-8.202451837274796209e-02,-7.481756840691136667e-02,-3.344764305311803687e-02,9.324158852838196343e-02,9.902332692016398846e-03,-5.056645566370256833e-02,-7.585787129297832942e-02,-5.161758867411494339e-02,-8.865806559362261752e-03,-3.502772355845479302e-02,-1.845591493858497398e-02,-4.405092284794813462e-02,3.647938176542293853e-02,2.758582355416892840e-02,-1.759815765541015292e-02,5.748965214094919202e-02,-1.251843043542948293e-02,3.190115912008881227e-02,-4.758843579488985370e-02,-3.318827522080139425e-02,-1.075066472836834312e-02,-4.422552416176557533e-02,-6.568151115258202832e-02,-1.497923508276409466e-01,-6.808522320778842563e-02,-8.665055740561082576e-02,5.493304985780089744e-02,-1.800046783127159933e-02,-1.009174380924405673e-01,1.267632370259717638e-02,-4.942756595747622647e-03,-4.751172661940493425e-02,2.900919868246553193e-02,-4.145179590866947261e-02,8.519898472407724799e-02,-9.004113662765958481e-02,5.100467295023419084e-02,5.168876480543069946e-02,-9.577950074095753497e-02,4.464832659976035456e-02,7.686308867195892902e-02
7.184213298051649044e-02,3.658195407853950809e-01,-4.895866290564598322e-01,4.462163685894587895e-02,1.000000000000000000e+00,8.121841144914194663e-03,-4.466000210044302476e-01,4.029210996224729113e-01,5.432132500051731760e-01,-2.908218641116346870e-01,-1.273657630794885198e-01,4.959917065301874262e-01,2.977685595203934388e-01,1.890245316550121790e-01,2.161827350683013793e-01,1.712605485623873158e-01,2.696308407131194906e-01,1.321880771277149924e-01,-1.599119806672157640e-01,5.206007316711861593e-02,2.269102416896394692e-01,-5.992962065767937219e-02,-1.231907366170379020e-01,1.237766180405224514e-01,-7.696902682699980139e-03,-5.553189745101017039e-02,-6.015689327529951530e-02,4.452813915260713656e-02,9.395398116132583702e-03,-2.213377858642789214e-02,1.089856495847459361e-01,3.315307449377635773e-02,1.185534295085741430e-01,1.324583720063251535e-01,8.985728503918138932e-02,-2.437653933733930148e-02,7.069525504511200986e-02,2.450046738663638410e-02,8.060376770660484386e-03,6.338326376736329315e-02,2.536694536081226733e-02,1.046754914611326345e-02,-5.502787759349153651e-02,-6.168627936797181806e-03,2.573262558652543094e-02,1.225603219902130989e-02,-3.919514431140957295e-02,1.239567092534477749e-02,5.603575298429887275e-02,-1.943313375444079977e-02,1.751694641105016811e-02,-1.767567077474103271e-02,-4.680316239047124446e-04,-1.474958506410588288e-02,2.092828189027989144e-03,-8.722384602083131308e-03,-4.503476737647855305e-03,1.810265132945486789e-03,1.245376559775660148e-02,-2.031456762937731628e-02,-4.038943954127296315e-02,-2.219080855769797397e-02,2.085221333931375209e-02,6.390076725474602704e-02,-3.764852326102443615e-03,-9.108263037793686706e-03,-3.700695624227502700e-02,-8.317654152756269459e-02,-5.581459374242789262e-02,2.871178856948198004e-03,4.639210709455443560e-03,1.296745141454318413e-02,4.317462331412592023e-03,4.157645304954218912e-02,8.419789853723079476e-02,4.511230410185135264e-02,7.552709364801803160e-02,1.406796553258709559e-01,4.919268305388858897e-02,8.310034597150670055e-02,6.790995467518061435e-02,7.194102431596156866e-02,2.950062698778858905e-02,2.561487893464715893e-02,4.879762775830755704e-03,2.359088440497199637e-02,1.178063343329761453e-01,3.849609638630294151e-02,5.978171674810876801e-02,3.950716529483799810e-02,6.509831117424472180e-02,-3.626818106751861920e-02,-3.355457719650713905e-02,7.586349256114298216e-03,3.849428264486388224e-02,-4.123004187343617954e-02,3.120944551971829156e-02,7.891145116165294848e-02,5.683678263737859844e-03,1.165672860617818392e-02,-1.330822185750969201e-02,4.735014647155680670e-03,1.953744048007043099e-02,-8.408504372430475327e-02,-3.090627018922035424e-02,-3.349318515968009030e-02,-1.893888677542179128e-02,4.416266289004860263e-02,1.907762384540847157e-04,9.745734305803969641e-03,1.141522266952575831e-01,3.580746737556417952e-02,-5.826995940356499010e-02,-9.514696162223040127e-03,-4.014712665159565590e-03,-8.593563529394722400e-02,-8.733786695771013353e-02,-1.335761776758929986e-02,-6.222362829958540814e-02,-2.713147115241933138e-02,-4.467111675260785481e-02,5.882856858327430855e-02,-9.816433847337435736e-03,-4.782580098425789211e-02,-1.033985051391942377e-02,-9.185551579374561263e-04,-8.968057289299204149e-03,-6.323251247386721396e-02,-1.546025666222671305e-02,-4.420314293050644355e-03,4.324621169040343549e-02,-5.623854568428939080e-04,3.305839112548528309e-03,-6.647468090627041415e-02,1.773681145980410961e-02,-6.097524107742414989e-02,-3.193047190662362533e-02,3.117989107264295193e-02,-4.395264715483146456e-02
3.181570818610825468e-01,5.161650923155679527e-01,4.087122632825197499e-01,-2.927679057278467778e-01,8.121841144914194663e-03,1.000000000000000000e+00,4.009883063060631220e-02,-4.516154796481001155e-01,4.761227807863822048e-01,5.356910359220118378e-01,-2.769937761403736265e-01,-6.725576749895588458e-02,2.715984424999065561e-01,-8.215507677041983259e-02,-1.423163565747261744e-02,-7.924476034066500751e-02,-1.698054387006353236e-02,1.525141473054326784e-02,6.808872678787319943e-02,-2.045815141852039970e-03,3.106301390552163380e-02,1.110164271840945460e-01,6.094654092190812666e-02,1.198255598444131070e-01,3.996992080954499932e-04,7.448186389320900214e-02,-1.166670287088813693e-02,-1.428678831250823622e-01,-6.363639958204786451e-02,6.756123164790908686e-02,1.706792725408664280e-01,1.358713121614547048e-01,8.315235934504787429e-02,1.057624656873837055e-01,1.024660935203533241e-01,8.983541153150893712e-04,2.909366883825428157e-02,2.408855149965258985e-02,3.687855185846966588e-03,2.575777292948510516e-02,8.621176204820822642e-02,3.497840796821177073e-02,5.241113931901042466e-02,6.309753408260632135e-02,8.417593122077167422e-02,2.871650132783863663e-02,5.341974002458844961e-02,8.073768226793594238e-02,3.285367416931262580e-02,1.110211645529661333e-02,-8.900434848071962779e-02,-1.353369931904669504e-02,-1.134562291538024209e-01,-1.393192606604951207e-02,9.501085371697400028e-02,1.920080721085197853e-02,6.447986855027493247e-02,4.586637202014907239e-02,3.938648154171417448e-02,3.698091839243965867e-02,1.163843131497654254e-02,-1.588007567783023335e-02,1.401581003491251566e-02,-1.011581233254939607e-02,9.847733233410484524e-03,3.557204630439324278e-02,7.131104584892383746e-02,1.158434401053605456e-02,-1.329270196563892004e-02,1.352156861084347246e-02,9.131182422188686976e-02,7.866037454181207256e-02,-1.561700847712068664e-02,4.396528522435086406e-02,4.695398591073986910e-02,5.002568521126823237e-02,1.069293174029863069e-01,1.905751791681292717e-02,5.112971175986378430e-02,7.684009034501616819e-02,-1.232452294597189291e-03,4.159579063508258429e-02,4.959098627549279881e-02,9.980008116050757827e-03,3.678495969608874122e-02,9.086913912055055026e-03,-3.488179947667913866e-02,8.353377090152708587e-03,-1.851265428191340920e-02,-4.454706112826437026e-02,7.293228112286188718e-03,2.578958909060003954e-02,6.091632009866000674e-02,8.339520120712801132e-02,4.786080793446378240e-02,1.735041694744305155e-02,1.247534721072901254e-01,4.037045808208574588e-02,4.134570263715611066e-02,-5.941316198682998484e-02,-6.964126119767902190e-02,-7.358284493593870990e-02,-4.768965238766845888e-02,-4.148036398835096283e-02,-4.122944272228717955e-02,1.939178092734782479e-03,5.097881351206820510e-02,4.917920249420670853e-02,2.309319292878084240e-02,6.993544292991704658e-02,2.592657285261658687e-02,-1.224337037805103834e-02,3.916543129037625831e-02,4.151342903495757082e-03,3.303727467065631362e-02,2.530798905883204636e-02,-2.395651249619102502e-02,3.758667923677023320e-02,-6.699329892612528557e-03,-6.408075351598496727e-02,5.213575533918069632e-02,8.560581943579689823e-02,-4.983946351779235812e-02,-3.671051252306137963e-02,-2.332351354417802614e-02,1.306144972428727874e-02,-2.525929211270463298e-02,-4.580573598523688533e-02,-2.164424826884217209e-03,1.189378345143149137e-03,7.313496620679924010e-02,8.406318412193028444e-02,4.630768878242789294e-02,2.306607029228756583e-03,7.849902910073880413e-02,-1.441123153794539216e-04,2.423607568282952832e-02,6.355625798502265167e-02,-1.015001592064810818e-02
-7.193467914928099172e-02,-2.629558693906597910e-01,5.217086603588897420e-01,4.866789616865806467e-01,-4.466000210044302476e-01,4.009883063060631220e-02,1.000000000000000000e+00,1.316794876741178219e-02,-4.250673675307624078e-01,4.628512121890271391e-01,5.320015784640440559e-01,-1.584982732098270120e-01,-1.604487660990971121e-01,-2.134829555886589014e-01,-2.043244844981038921e-01,-1.365654834933683059e-01,-2.150462054136278167e-01,-6.946817151937949297e-02,1.193048259719467902e-01,-6.184284455928058810e-02,-1.713272796185571212e-01,1.013644225791186099e-01,1.001090428023934803e-01,-8.484099640104626749e-02,9.403370358019491615e-02,4.011644097599336573e-03,-8.946585106160950818e-02,-3.405566093114346937e-02,1.012277045855973223e-01,-8.929241500759696470e-02,2.503830750423399927e-03,1.014080020984980610e-02,-1.332271174811892889e-01,3.036495278227276020e-03,-2.151458396911117357e-02,-1.101362269115308823e-01,-1.122576322074648331e-01,-9.578496714747135321e-02,-1.661084951487435679e-01,-8.974659131113807420e-02,-8.773463088544439237e-02,-2.124414706354789059e-02,-1.510874110799897627e-02,-3.585007203876832554e-02,6.421149794622793561e-02,1.398966252972027625e-02,-4.705521431681400357e-02,3.433797242377784054e-02,6.412390423451090615e-02,-2.953041187119048727e-02,3.550765522667841730e-03,-3.335978238491096870e-02,-5.889918782353813220e-02,-7.434848186242992707e-02,-3.197197996696451300e-02,-5.674069220754295040e-02,-1.004052238259876273e-01,-7.161919353897659539e-03,2.313831602263928880e-02,-3.533892050942376468e-03,6.335375809464911800e-02,-4.699138577635094544e-02,3.669663878900190218e-02,1.251954410753071054e-02,-1.770502259636934361e-02,7.366457436624460065e-02,6.448813684303117411e-02,7.823389682774184450e-02,5.401491621303279589e-02,1.875523481276734558e-02,1.041309804979123621e-01,8.148239209066439337e-02,1.029200679635776106e-01,1.671712695128289017e-01,1.380678301867200100e-02,4.846151561955625020e-02,-3.262121842878475814e-02,-9.298338101421052548e-02,3.239862579647466434e-02,-1.081724654578935380e-01,-1.190945489934461254e-02,-6.169605058513938367e-02,-3.739306600649343337e-02,-1.033326479288835219e-02,6.171058560811597260e-02,7.971330738811195638e-02,-5.922583147277313970e-02,5.289491911152750803e-02,-1.394436375983158782e-02,1.476106421928278546e-02,1.015959934948774956e-02,1.040172709343867297e-01,9.526006278299191388e-02,7.067946563073602972e-02,1.106346663091108268e-01,8.487378685800607558e-02,5.584278906901225803e-02,-6.667975951770170606e-02,-8.552644324969203848e-02,-9.866330338943332667e-02,-4.406908634496479321e-02,4.367236023870520178e-02,4.841944595989536304e-03,-1.846454007433004016e-02,-4.363263983189960560e-02,-3.035291474850409371e-02,1.235664809311538825e-02,-5.152374252844333508e-02,1.901958726836322717e-03,-3.782851807266814775e-02,-2.235367122537169904e-02,-6.885161650916068543e-04,2.984220061997915410e-02,2.659109859901858178e-02,2.361383439227801584e-02,8.857558722941939744e-02,-2.025277163199571198e-02,4.129632190678674940e-04,3.389570682770978033e-02,-5.558707509430905330e-02,6.349333787780082677e-04,-1.505894463893266977e-01,-1.090625688447831865e-01,-7.305800446278351568e-02,3.029027902949869150e-02,-3.788803253506167062e-02,-9.655847026933860044e-02,2.594991437232550477e-02,-1.231264965759600906e-02,-2.616752257184282518e-02,4.410122216128331551e-02,1.490360912347271291e-02,1.093337963168918570e-01,-4.590837564288240136e-02,8.796789239892754964e-02,9.602595798773755353e-02,-5.674052419520436708e-02,6.676213594233534887e-02,9.592310086674091241e-02
-1.768618515957338100e-01,-1.205339979216843438e-01,-3.335096216188390694e-01,4.809373277250938994e-01,4.029210996224729113e-01,-4.516154796481001155e-01,1.316794876741178219e-02,1.000000000000000000e+00,3.094884669666727456e-02,-3.915666194471462691e-01,4.825307994736343642e-01,5.091191577489244668e-01,3.349169117412334473e-02,6.142876110496133663e-02,1.066061666459573037e-01,1.243205682598537837e-01,1.455443903762573543e-01,8.027477130867002875e-02,-1.196302698728489711e-01,1.463556681368467609e-02,9.582796939272664183e-02,-6.371507679961435633e-02,-8.468000507888628903e-02,-2.253346844272208910e-02,4.687776930789441104e-02,-1.453298448657756037e-01,-1.012118911580742742e-01,1.282780833180206248e-01,9.604329609183467897e-02,-1.132026938160098639e-01,1.214477614205468695e-02,-6.350181655739529918e-02,1.101095819692803415e-02,7.414552053453606073e-02,-6.246644626295768700e-03,-1.076609552585481994e-01,-1.915422363800133379e-02,-7.947463732088798360e-02,-1.012116344755575464e-01,-1.499776446493493280e-02,-8.143538098744831921e-02,-4.560775072911649186e-02,-1.183885341577662897e-01,-9.051231158691555589e-02,2.150765357268676764e-02,7.320794120700619030e-03,-1.267904775316383292e-01,-1.490500497201207621e-02,9.148948335679053800e-02,-5.633525145500372505e-02,9.347047259981294820e-02,-3.610733687176669732e-02,3.391673815592232549e-02,-6.477094444559773623e-02,-8.527312759453094249e-02,-5.876984398334381826e-02,-1.152747224343615984e-01,-2.819212687960565011e-02,2.507733604960218216e-02,-3.280888021631293144e-02,-2.191815463918960621e-02,-8.449680745404189453e-02,2.321408098497991512e-02,8.029331152842442143e-02,-2.495104163322480612e-02,-3.215220463023701816e-03,-7.216173627210704586e-03,-1.751505764848847527e-02,-6.262980238719758610e-04,-4.825108640121523323e-03,-2.639986550663907944e-02,-1.818265609410801495e-02,7.549409012780118611e-02,9.900728213461988669e-02,4.683483959443349165e-02,3.303491335786782473e-02,-2.969501185111455069e-02,6.364261179758370912e-02,5.052419246368839573e-02,-2.058972240302227655e-02,4.960397103652697259e-02,3.355584744362105631e-02,-9.531985527387683635e-03,3.753988407148073358e-02,5.719522313204179753e-02,1.142067420657726373e-01,1.176036637723925915e-01,9.619239951383809495e-02,1.112233144715225053e-01,1.092983094235640412e-01,8.116459290278989214e-02,3.593604864272280375e-02,-7.701531659236736556e-03,5.480901141157984435e-03,8.005407942547633493e-02,-2.106625195494883293e-02,-1.293599465742259307e-02,4.418543753901085086e-02,-6.111657603905370356e-02,-7.127069554204434713e-03,-5.205801401379054911e-04,4.837091317139593366e-02,4.101295954888115741e-02,-9.524573746949346886e-02,-7.050317211894070735e-02,-9.464530933103609822e-02,-8.346581932525128089e-02,-6.209259492325181623e-02,-7.002272332127995602e-02,-1.120536065875510495e-01,3.498092702842005297e-02,1.000724589748048197e-02,-9.457219957292480050e-02,-3.539944430190006958e-02,-2.273252158278325774e-02,-4.473649475628068556e-02,-7.190529285777511048e-02,-3.951913106970782880e-02,-3.200545165710885764e-02,-2.368374385029330706e-04,-6.420927874182696948e-02,-1.031350980117951982e-01,-5.116364520907047686e-02,-5.144021056482602633e-02,2.807878130770039352e-02,-4.074523018526213236e-02,-2.877848397024296984e-02,1.913178527939831362e-03,-1.179274577282108001e-02,1.177005818048657178e-02,2.995719187213291557e-02,-5.957682301949635689e-02,4.155657454177841270e-02,-9.863396935404213084e-02,1.424312730973004149e-02,2.837919452545386093e-02,-6.446565384627125916e-02,3.517909988710014174e-02,4.671368396700811138e-02
2.436876199657954378e-01,5.703666562814786456e-01,-1.397913297023351542e-01,-2.625051970369232657e-01,5.432132500051731760e-01,4.761227807863822048e-01,-4.250673675307624078e-01,3.094884669666727456e-02,1.000000000000000000e+00,2.266656984340289019e-02,-3.616808999913082578e-01,3.952676098229571111e-01,4.188161285560664249e-01,5.864705647273204397e-02,1.756463794808226508e-01,7.681928943399631005e-02,1.662147643020189802e-01,1.328598573322092302e-01,-6.117649482615899331e-02,2.565621790386078769e-03,1.816517507243851359e-01,5.178278157723164438e-02,-6.609277342146463452e-02,1.172457940715037200e-01,-4.847369700904786277e-02,-3.983186334147981872e-02,-4.200253274894963362e-02,-9.110476016129054333e-02,-6.729985947445213390e-02,3.344898161089848720e-02,1.624282716898253764e-01,9.300070328638733452e-02,1.251775059524956046e-01,1.226621537674261603e-01,1.175309089756141345e-01,-3.336872383630901107e-02,7.833236032401678928e-02,1.193687514417827826e-02,5.232397063972195339e-03,5.444890570777159711e-02,8.362082859987897410e-02,2.372823294855764056e-02,-4.242686888452860267e-02,5.419221550067741811e-02,9.128636364254330560e-02,-1.244656415514892043e-03,-8.794570136503671032e-03,8.350197686451844847e-02,6.547690644751166800e-02,-2.943146881692661546e-02,-3.103065472562447497e-02,-3.072409048799233308e-02,-6.513215060352342545e-02,-1.444003022029617320e-02,5.933867171724319101e-02,1.476993316431121119e-02,3.005582610921342379e-02,3.350280079162730462e-02,4.011609962560050424e-02,9.742847333629326215e-03,-1.963263122983440606e-02,-2.597121292331452252e-02,4.843952784491957486e-02,8.865837690947728222e-02,3.124264673175979057e-02,3.912725448604953415e-02,5.324037194991013827e-02,-5.184598409212144710e-02,-3.394397227490220798e-02,6.161741719764029721e-03,8.123900105471769384e-02,5.986529711029038581e-02,-5.655645016370382423e-03,6.249236374973512337e-02,7.548050822972551810e-02,5.625579160836908371e-02,9.248795122806391378e-02,1.213536312731693378e-01,7.404867075438524571e-02,1.061161557549965412e-01,3.078890935080771246e-02,7.624032442693055855e-02,4.108722596980282638e-02,9.356845670523961794e-03,1.548853958674930274e-02,4.004639991532502746e-02,5.555519138759211495e-02,8.044731357644970340e-03,1.438956540186208874e-02,-2.285009204549107165e-02,3.043888483053529617e-02,-2.529556432756994988e-02,-4.655780957064785050e-03,4.511969865315380857e-02,4.384942184716176389e-02,-3.566751808570709642e-02,7.239875533538125962e-02,9.429338077133886387e-02,4.201340974755605334e-02,-4.713337220885358350e-03,-3.937844151423491867e-02,-5.796612250650906573e-02,-2.956797945476584075e-02,-8.906850728226324565e-02,-2.465414695089104477e-02,-1.523639650984794265e-02,2.816352832405270151e-02,7.110309923706910340e-02,2.613273619855045055e-02,6.572139059738070499e-02,1.138765456143966126e-01,2.809264135018366484e-02,1.023759811056837313e-03,6.093739117794112932e-03,1.962249317077024643e-02,-2.643172423405070956e-02,-2.688359880600353982e-02,3.265220272172908444e-02,-2.644845974243798317e-02,-2.752865304783973927e-02,1.662353591133335085e-02,1.092942327370525629e-01,-2.864591395248841307e-02,-5.556961678037111718e-02,-1.321060524172012161e-02,-1.267105335805854792e-02,-3.574400113859572264e-02,-7.178138243180845479e-02,-3.560820264829815673e-02,-6.868392198305012242e-03,6.039591444237001755e-02,3.394192961619404980e-02,4.658299977761135371e-03,-4.823728213460730385e-02,5.974024278192213711e-02,-4.178833198650784564e-02,-2.077470099362733330e-02,5.727223560546259445e-02,-4.021933262304613205e-02
1.553482426367255309e-01,1.150436078361741499e-01,5.628792784931609949e-01,-2.547949024528772116e-02,-2.908218641116346870e-01,5.356910359220118378e-01,4.628512121890271391e-01,-3.915666194471462691e-01,2.266656984340289019e-02,1.000000000000000000e+00,7.658293044033673280e-02,-2.505178910218118227e-01,1.694267088831284407e-01,-1.832050449361267430e-01,-1.262660823101628971e-01,-1.997718046624136767e-01,-1.862252828338668009e-01,-2.369869938805123019e-02,1.939331254992984754e-01,-4.543580052469526481e-02,-1.030885255291279778e-01,1.845365341527093750e-01,1.396579226576381560e-01,2.770859975847171641e-02,1.876376279609965475e-02,8.114222690750488853e-02,-8.634007946433602809e-02,-1.446931895864967677e-01,5.588396265385994072e-02,4.659077570607291635e-02,1.343045624416328854e-01,1.429370040888683913e-01,-3.530027285644985607e-02,6.525064786851109133e-02,9.142689272192441874e-02,1.352767581442622380e-02,1.365840515991743713e-02,2.752859394155197231e-02,-3.711131913113126235e-02,1.270007172655465526e-02,6.224711936300382498e-02,3.451194812612558283e-02,2.604644438297858133e-02,5.377818472275713857e-02,1.100797101315805215e-01,-1.153354169466265337e-02,1.107321647401742805e-02,1.073392322102065810e-01,3.412616567388411515e-02,-3.896238962427844149e-02,-8.621305196271371318e-02,-6.138844833446904792e-02,-1.218109040081886557e-01,-2.104569939964563707e-02,4.539094631811298186e-02,-5.271763555059829492e-02,-4.743645707442551568e-02,1.420004203323348320e-02,1.731959184787386016e-02,-2.693063343357734920e-03,5.843017411961500679e-02,2.131370636363173407e-02,9.997733058856697261e-03,-8.583635696635326731e-03,-2.404697592091820796e-03,5.135120024240046044e-02,5.473591251844531907e-02,6.789880378127494120e-02,1.648203141850987721e-02,3.544033285508402936e-02,1.243884553470409327e-01,6.840361336601821773e-02,4.069225009305774132e-02,1.044492568599344196e-01,-6.004682723276799465e-03,3.447385605831082556e-02,1.597876081239975321e-02,-7.168417929678064238e-02,2.421582349959134142e-02,-4.520054990626544422e-02,-7.613787205397364033e-02,-5.935053198109067896e-02,-3.164762882970197783e-02,-1.969930452053637523e-02,4.532807969913237034e-02,2.105984566538204872e-02,-1.159181036002961546e-01,-1.786914265800369252e-03,-9.358058408140512707e-02,-5.472663149805403332e-02,-7.282609871755674376e-03,1.039237425416354027e-01,1.043303910567745796e-01,9.763461839445729262e-02,1.059438805663762556e-01,9.461680926264071090e-02,1.048586166909743628e-01,-5.162931332397193568e-02,-4.223861350624784350e-02,-9.623364677831394709e-02,-6.649429052550677455e-02,-6.223426312904863696e-04,-1.972378621203573282e-02,-1.349957540080216380e-02,-1.839440597888045842e-02,6.582171184593957336e-02,6.689907653783347397e-02,3.114410343368398046e-02,8.143482961452747082e-02,2.873849169033810061e-02,1.104188679233554342e-02,4.045318785843170922e-02,3.349770864199848319e-02,4.966264676890447261e-02,5.069622219963348941e-02,8.183466562316196735e-02,3.313992505107440922e-02,2.841105297013662989e-02,5.743251600295538190e-02,-1.357083551738890066e-02,9.898617187415487823e-03,-5.124989077460850861e-02,-3.631831330308646355e-02,-1.007051636831801482e-02,5.514244624313931892e-02,1.199573038296371762e-02,-6.929580714752918424e-02,2.882733138611794435e-02,7.142760542451448945e-03,-1.750742901075126590e-02,2.125850739078721102e-02,4.286661572841143214e-02,1.023890063328006389e-01,-1.612266692698474668e-02,7.279538174699583253e-02,6.962388864528107346e-02,-9.853015795815531219e-03,3.861103766463957337e-02,4.769418573862212185e-02
-1.856664454150883659e-01,-3.143964025812210905e-01,1.412854668909098443e-01,5.637633085069306826e-01,-1.273657630794885198e-01,-2.769937761403736265e-01,5.320015784640440559e-01,4.825307994736343642e-01,-3.616808999913082578e-01,7.658293044033673280e-02,1.000000000000000000e+00,1.693882916619791623e-01,-1.122420217629304245e-01,-1.112781326175849156e-01,-1.399554382889287851e-01,-5.266601821489023949e-02,-9.393908821516892826e-02,-6.469820781857821279e-02,2.354890155540072250e-02,-5.348139511491817669e-03,-1.355679744311543977e-01,-1.052407736075919309e-02,6.972553315923595008e-02,-8.562544017419272679e-02,1.363837793110239116e-01,-4.451667815286548119e-02,-1.008058640007219592e-01,1.165513825130208292e-01,1.368529468883293299e-01,-7.653538141491642022e-02,6.381665610595155073e-03,-3.499300645895401379e-02,-9.547108564306629186e-02,4.590720886129483203e-02,-6.846217143277895552e-03,-1.082754924428979415e-01,-5.904598495753148740e-02,-1.058766411991234058e-01,-1.718769775067438832e-01,-8.127550335165040218e-02,-1.100113325719172669e-01,-1.444165231428875401e-02,-2.682315178126911531e-02,-1.331091833653435530e-01,-1.313647947783045181e-02,5.479752743172822127e-02,-1.113863403352481074e-01,-6.840695930157936200e-02,8.064276105793125038e-02,-9.969400841930908461e-04,1.103283259970339603e-01,1.371957060298174651e-02,4.001207861201819954e-02,-1.017097749439819926e-01,-1.180529711846234481e-01,-3.437780880825325874e-02,-1.661867105219074492e-01,-8.301550945246963242e-02,4.597627796474482859e-02,-8.107434899640179882e-02,-3.607123879317999764e-03,-7.235365526043038842e-02,-6.155905792249484476e-03,1.651502226151073394e-02,-4.384824770727388521e-02,-7.741961033658989987e-03,8.585800053760681005e-03,1.475276912223429972e-02,2.285941482290780244e-02,1.040091155362763038e-02,8.665811655925528129e-03,4.529237828761351753e-02,1.083865133922882890e-01,1.382601972542392144e-01,2.166611022195917557e-02,2.826491075474919790e-02,-4.344703273571352137e-02,-2.494239804805187255e-02,5.484313272341476142e-02,-6.960068547616522772e-02,1.155470921231065845e-02,-3.959245776933539331e-03,-3.006187543809831289e-02,3.220568892641589159e-02,6.866630014581717734e-02,1.252095924627827650e-01,5.488882407954997350e-02,9.529326449085345763e-02,6.622797281711688411e-02,1.069717822838622823e-01,6.480412448663944169e-02,9.737759504071798189e-02,4.844888544179250939e-02,6.231366071830288234e-02,1.291011169540643710e-01,4.323893180985221435e-02,2.802477179358900741e-02,-1.432590668533237355e-02,-1.014527882927611091e-01,-6.676504383057096925e-02,-3.777345143595253057e-02,7.150504385789729911e-02,4.899036592689850339e-02,-6.910977781343119464e-02,-1.054940927907857262e-01,-9.130597164119907960e-02,-1.080597682576684704e-01,-1.269092381899429578e-01,-6.680662048690143295e-02,-1.565239306116694429e-01,-3.568241090802699161e-02,2.822915098783639054e-02,-8.633364590607968403e-02,-2.217412314166072526e-02,-2.529326080082748909e-02,1.779407120811375004e-02,-5.773049976404834305e-02,-2.820741900210776282e-02,-1.294231310203144058e-03,5.544890101792428021e-03,-4.293718956019134531e-02,-1.432297460943507128e-01,-9.815812397509349196e-02,-4.447627616823712077e-02,1.965423271352538873e-02,-4.486520993565694393e-02,-3.324298894533162657e-02,2.797238440442932975e-02,1.805657508439137806e-03,4.166250851108960901e-02,4.407156711247345315e-02,-4.771464162076859833e-02,1.179275296093002107e-01,-4.677110403227848628e-02,5.501407921555010599e-02,8.468904061774187864e-02,-5.572283489625557557e-02,4.668052046162160518e-02,9.217464533400551718e-02
