1.000000000000000000e+00,3.059901262674801781e-01,2.042432422754640042e-01,7.503048680150305183e-02,1.332280740997782709e-01,2.516492765296166612e-01,1.036071532530927347e-01,4.564506072668390868e-02,2.116883332797442618e-01,2.267295202579970859e-01,5.423854060441084257e-02,1.005995612607868822e-01,2.596989637461842859e-01,1.334678585202227485e-01,1.694737555003004992e-02,1.622802375075521608e-01,2.390548903244509860e-01,5.450403816796333539e-02,4.977884171740431379e-02,2.346243477879852157e-01,1.675479699470913408e-01,1.862872132437794898e-02,2.200719980228962036e-01,2.222618352511388784e-01,2.311139883579346396e-02,8.844653604031214866e-02,2.654149117225432786e-01,1.441023750917476420e-01,1.315253219918849185e-02,1.472852039318484352e-01,2.183626490526829611e-01,7.320798069281776732e-02,4.098004435121237882e-02,2.097782712083867129e-01,1.827981705052955652e-01,-3.915452209294511404e-02,7.709205094663368341e-02,2.554131257868272886e-01,2.327378174111661979e-01,-5.112726680198878548e-02,-2.079132895372113876e-01,-8.351215438358426668e-02,3.016432125953324647e-02,-1.217675869082916890e-01,-1.723156820157666358e-01,-7.636341961233072961e-02,4.282308077186902651e-02,-1.020891504228492730e-01,-1.633518398165755836e-01,-2.919690609888730623e-02,-1.835537335975105655e-02,-1.990947101981567491e-01,-1.895791452176708858e-01,1.078785021639086864e-02,-4.396344612594846324e-02,-2.699023921065161202e-01,-1.229927098419111020e-01,6.887592917969649620e-02,-1.510307600046207621e-01,-2.758843031130242540e-01,-2.602537085918096155e-02,-2.997809763642312816e-02,-2.330310340618469978e-01,-1.404883453723003439e-01,-8.539330538926470648e-02,1.543714156363883670e-02,-1.433075246856399705e-02,1.657409141432864552e-01,-1.723761144689956448e-01,-3.929840906725106109e-01,-1.943303714716996811e-01,-3.858026095497452124e-02,-1.721664717346050311e-01,-2.643014814049020611e-01,-7.530271564806159668e-02,-6.481148991159527140e-02,-2.521283225087312951e-01,-2.021410588256941365e-01,-4.648540514949195401e-02,-1.529009270218503747e-01,-2.938183056988074582e-01,-8.879157910362608930e-02,-6.048058317854898558e-02,-1.624576687844875855e-01,-1.937413767797524222e-01,4.708235339498687000e-02,-6.937491861583393316e-02,-1.454640104554127678e-01,-4.463941417355817703e-02,-8.987639028729231191e-03,-1.490814824463490840e-01,-1.962288664757574352e-01,-1.479112987940457979e-01,-8.785992050312148305e-02,-3.523552728324141209e-02,-2.401316538104616705e-01,-7.913226586070445934e-02,1.691078108408138742e-02,-1.727640002762853219e-02,1.700440595679280076e-01,1.245300998119258512e-01,-8.353338193907658416e-02,6.292619924555092892e-02,5.107768337137820469e-02,7.166824456485178241e-02,-3.446860860254182674e-02,-4.123480769468030466e-02,-3.371820459145770388e-02,-5.778310405697331675e-02,5.813552826792058037e-02,-7.461147804613513408e-03,1.340658907026457680e-01,1.114467379422993398e-01,2.022342000224465475e-01,2.752293555771356259e-01,2.116491605307899149e-01,2.384238879243197606e-01,2.973155961308809325e-01,4.664669553535810698e-02,1.151560114556817449e-01,-2.049441955234675983e-01,-9.680589378541859524e-02,-2.229267292513231191e-01,4.097059220945271224e-02,1.231835869915135773e-01,6.703077231664168745e-02,-1.627719593388216313e-01,-4.086444665388400121e-02,8.234715634637293502e-02,8.245314389124114990e-03,-1.958281663019752206e-01,3.390508560210134803e-01,1.727252062490049755e-01,1.447857200418912749e-01,-1.176267562215678325e-01,4.664178998829381084e-02,-8.279987126714331847e-02,-1.195945721824461794e-01,6.730833968276465906e-02
3.059901262674801781e-01,1.000000000000000000e+00,5.941890432053589105e-02,-3.664685912580090132e-01,4.640805473165567907e-01,6.808843775141547594e-01,-2.515362992725155289e-01,-1.571448226977051332e-01,7.446724101498627402e-01,3.379924312008815712e-01,-4.159856014309898375e-01,2.483707479147271024e-01,7.474403404434287745e-01,-1.087532369476346822e-01,-3.164876844380611343e-01,5.976603998926584005e-01,5.220268659635770581e-01,-3.643793175153248742e-01,2.588675494888185297e-02,7.625178498853709685e-01,1.060343949596129209e-01,-4.093747096537155294e-01,4.653909714559343880e-01,5.491049626509856285e-01,-3.486032469892141328e-01,-1.335698276668364770e-01,6.958915809628225535e-01,1.987971540817531635e-01,-4.802673620800272936e-01,1.848389221258973647e-01,6.204135622790931670e-01,-2.052802540759143257e-01,-3.638981944459947493e-01,5.005169097297373915e-01,1.317808701439021624e-01,-3.757417629771682699e-01,-6.866011682841591246e-02,6.771062431887399369e-02,-1.096923062562712992e-01,-2.645763988079132822e-01,-2.760957022385900350e-01,-3.340766592037994753e-01,1.565103344032016119e-01,2.105959396758659286e-01,-3.242679001637457370e-01,-1.485263270407896075e-01,4.361436366399675246e-01,6.651472028122401570e-02,-4.223355202027562760e-01,1.019860747806610179e-01,4.127935397263672312e-01,-2.473946797545663046e-01,-3.347126989166084865e-01,3.768664727122714164e-01,2.516759194658877985e-01,-4.277000659267354288e-01,-6.263700785336404064e-02,4.746629534611684353e-01,-3.405823130621420114e-02,-4.311911374602924174e-01,2.010639546297575964e-01,2.986367671235178878e-01,-3.142230139144641110e-01,-1.889487376677485009e-01,3.566687392067000029e-01,1.021156943255253358e-01,-1.633089119908919529e-01,-5.465586941930894449e-02,-1.345339792368392406e-01,-5.123350893491924740e-01,-3.058824690016853642e-02,-8.544176537604958321e-02,-4.678144794577852039e-01,-2.516331446002375571e-01,4.297103763026211692e-02,-3.145854361933616561e-01,-4.468394903171539201e-01,-6.655710109551138398e-02,-4.794287486794844566e-02,-4.416353448744697596e-01,-3.482906990804101599e-01,6.873780588185599005e-02,-1.961347368399906921e-01,-4.671223413131175284e-01,-2.642916405534660451e-01,3.993499506208633004e-02,-2.308008696623981559e-01,-2.635157241164723940e-01,-2.234719432284242371e-02,-2.350061673080053315e-02,-2.104722206165242637e-01,-3.039883991901374261e-01,-8.167229243617411816e-02,-2.155929980355945075e-01,-1.932079948272805436e-01,-1.742970034369120402e-01,-2.199764589160462802e-01,2.899027255858177554e-02,-2.134216681538869120e-01,-1.342537289535998823e-01,-2.836472431719286660e-02,-2.016077995042100668e-01,-1.068857918103733179e-01,-1.175816356780652883e-01,3.983424634757032345e-02,1.059413190880491573e-01,1.857595735377522428e-01,2.252165537442757659e-01,6.559143304581832590e-02,3.086864198924890723e-01,2.453192022824648433e-01,1.559709198426635079e-01,2.545193570308851849e-01,2.350811031059476530e-01,1.405848822192497516e-01,2.562032651856641641e-01,2.421882435735969175e-01,4.332264804492811511e-02,-1.010795068598672464e-01,-2.063439781769664250e-01,-2.254465320476599366e-01,-4.093708467468757384e-01,-6.969431629818595431e-02,2.071982306844898092e-01,-1.553437942262066718e-01,2.819964588804761418e-01,-1.257915089278278664e-01,-1.135994554817459090e-01,1.673086441481498876e-01,2.369828442973585109e-02,3.268369075239954125e-01,6.011809116040391920e-01,3.233426469615480192e-01,7.285352953690191757e-01,1.038470368109897790e-01,6.173359660500686852e-01,1.606786501114374766e-01,3.051935823496472189e-01,4.109593538602012708e-01
2.042432422754640042e-01,5.941890432053589105e-02,1.000000000000000000e+00,3.880765418012597362e-02,-6.465051734616842349e-01,4.938283271685204312e-01,7.588328984823252688e-01,-4.403776873551667470e-01,-3.141934777280424584e-01,8.348107689266135445e-01,3.032726975934256775e-01,-6.460645810705161196e-01,2.902931991670203438e-01,8.327625069759445608e-01,-2.517004169075360287e-01,-4.894778612181818755e-01,6.798529260574486255e-01,5.139610711421003231e-01,-5.772364661240004802e-01,-2.717831514564352652e-02,8.552189787765532847e-01,4.241447947898869392e-02,-3.767882607683150087e-01,4.905937345592774612e-01,5.776733023616432705e-01,-3.177876154601586012e-01,-1.021576571341346051e-01,7.120292375650002503e-01,2.342459043489287518e-01,-4.260071603883630043e-01,2.425246993852153421e-01,6.793007817075192856e-01,-1.736558794764853642e-01,-2.355307735734296637e-01,3.361311545184268446e-01,3.497768539147048661e-01,-1.845975225431976258e-02,1.498446684669396678e-01,4.879703379500748284e-01,2.877073309536491430e-01,1.059657380293853035e-01,1.994396296450288986e-01,3.266607751900357792e-01,-3.294428130062010407e-01,-2.582980125649360081e-01,3.846015356503029725e-01,4.302951418945829415e-02,-5.381544543044416429e-01,-4.823153111761284417e-03,3.540226317690147173e-01,-3.288441945785825493e-01,-5.102146291473101947e-01,2.230767183122698005e-01,1.816829403393242226e-01,-5.510266116198889730e-01,-3.159992002827905488e-01,3.397462974760793175e-01,-6.897095183435855703e-02,-6.256411039669245167e-01,-1.206470121292340866e-02,2.511015843842956952e-01,-4.237970490908076204e-01,-4.274025170926414319e-01,1.596339244127127632e-01,-1.887109289812101409e-01,-2.554699643288685373e-01,-1.254925359667743434e-01,-2.086037214629909708e-01,-5.093356458406449461e-01,-2.146043582045150111e-01,9.254969960566865328e-02,-3.789444406551557010e-01,-2.388981867514709256e-01,3.443424718743527402e-01,-5.079810768057244769e-02,-4.679782862620986972e-01,1.017153270507676344e-01,3.435837742700706410e-01,-3.231986359818104226e-01,-3.438314092750319739e-01,3.261501154017896753e-01,1.392753126550073106e-01,-4.893851395220023548e-01,-1.775731396022377229e-01,4.085925671535766135e-01,3.435388048861066634e-01,-3.704092843234992327e-01,-5.640358998523823525e-02,5.296565063015516994e-01,4.396901823112595725e-02,-3.200356013219205487e-01,2.302377612172835375e-01,2.233755138539884888e-02,-1.992027663696192552e-01,-2.436730724925425390e-02,1.528811561148063214e-01,7.345990981899962191e-02,-1.163203164295546245e-02,-5.806575714157970886e-02,8.263585153819640039e-02,1.646844825483602670e-01,1.948065059553651113e-01,1.004955468306422128e-01,1.909729333149504105e-01,9.271163574510339622e-02,5.670640011554063664e-02,-2.691953763833112787e-02,-2.361507933518352739e-02,9.995594530619025721e-04,-2.513106836159299806e-02,3.327068266240148370e-02,-1.437695324849633076e-02,9.404202461570089489e-02,-1.096620968073478003e-01,-2.484354033397305206e-01,-9.087823021091322173e-02,-2.625741795456953409e-01,3.474469404026816338e-02,-3.473842329095753745e-01,2.613760100957260857e-01,1.905037485399128649e-01,-1.337431195301495568e-01,-1.901192991547055178e-01,-5.774730879567586683e-01,-4.456797960699606098e-01,-5.644710655919378262e-01,-7.120610613641402686e-01,-6.304835195262347147e-01,-3.205354750282121690e-01,-4.523579092866402140e-01,3.187859997611239282e-02,3.811524688379265835e-01,-5.393502661294137246e-01,-1.139232113184116824e-01,3.858849025165250746e-01,1.016764745091201100e-01,4.560681783307935500e-01,-1.597430080321206314e-01,9.551219860911233650e-02
7.503048680150305183e-02,-3.664685912580090132e-01,3.880765418012597362e-02,1.000000000000000000e+00,4.315328069007817909e-03,-5.644018049527156355e-01,5.297942238283482874e-01,7.465843260439216644e-01,-4.150654569203130473e-01,-2.390200633082202319e-01,8.452730501472988101e-01,2.997357850435364846e-01,-5.177013685005925625e-01,3.057830431510648039e-01,8.220743468535659515e-01,-1.882352397587375159e-01,-3.682473965441869224e-01,6.834755166143720029e-01,5.081261539103814062e-01,-4.721554785319527769e-01,4.155203648990522802e-02,8.118164224969661724e-01,1.076206660169985174e-01,-4.825394362892149736e-01,4.020000672713335832e-01,6.695342453884743916e-01,-2.972099049045953678e-01,-2.210933086334659348e-01,6.814513182258066237e-01,3.713365381378401220e-01,-3.511241658655808173e-01,1.598303423112981125e-01,6.786230120212518591e-01,2.315418055671503508e-02,1.852389223412400088e-01,3.145457402357108023e-01,3.933544679837880920e-01,3.586741134618865456e-01,1.558183676189515143e-01,2.139296757114734771e-01,4.133871393365304986e-02,2.180834481923980273e-01,-1.960950041817154099e-01,-5.975763766739733418e-01,-3.987746608849210977e-02,-1.304372112969691411e-01,-5.327029166767991430e-01,-2.833215399558882130e-01,5.334151948318524572e-02,-4.047113141337328468e-01,-5.229378021707686841e-01,1.455505575052479066e-02,-1.374814238813617251e-01,-5.847390101955142194e-01,-2.326698372114930080e-01,4.603483251036278451e-02,-3.904535651643733507e-01,-4.877993990697545579e-01,-7.606911287993085857e-02,-6.233072875978284272e-02,-5.281710331981942508e-01,-3.428450168887710592e-01,6.346508890505692113e-02,-3.540904921288643425e-01,-5.710951874154653884e-01,-4.161779031366024117e-01,-3.082547109681818900e-02,-2.761666824667487891e-02,-1.945272895996965831e-02,2.598577821277472388e-01,-3.297597077408951360e-01,-5.127291315635240654e-01,2.062571801440132579e-01,-1.909302581618555622e-02,-5.389406116824941861e-01,-7.090213330176178830e-02,3.125802201985029560e-01,-2.950497060994247134e-01,-4.787354858312634631e-01,2.061111905011633605e-01,1.291534776430323384e-01,-5.098025705395857754e-01,-2.448068322968920130e-01,3.232277087252914960e-01,-2.231769086184685565e-04,-4.994995173188169213e-01,-9.180300462588115995e-03,4.555275600234856004e-01,-1.755815150221395060e-01,-4.349533374575750844e-01,1.398073073247229070e-01,2.492013272951848490e-01,2.609493350037831241e-03,1.053214273145740981e-01,4.472428545041137737e-01,9.021780244172590557e-02,1.423325344265829184e-01,1.591378667789721257e-01,1.984636278296341982e-01,3.144607639881890071e-01,2.284627377238959423e-01,1.864356139479770857e-01,2.308847016844239874e-01,3.048928176157959524e-01,1.400032661432834002e-01,-1.996973352918865810e-02,-6.988403384982747046e-02,-5.464472246523303933e-02,-4.306072142828563237e-02,-5.948120196967536348e-03,1.014511942829637858e-02,1.882399237483310950e-01,7.974605969505439707e-02,1.374791538986129547e-01,2.302626441822220871e-01,2.125755395506128964e-01,7.266685281857819534e-02,4.233799203829726188e-01,1.708629580289005578e-01,4.767354285553145887e-01,-1.832194200072351231e-01,1.720988650758634442e-01,-4.846641104712628989e-01,-2.368736864491771954e-01,1.656283417576754902e-01,-6.634747146300820630e-02,-1.818141792763138809e-01,3.305559865098827155e-01,4.959759360234174824e-02,-4.404976717390050034e-01,-5.889885205911472577e-01,-2.976217657825573626e-02,1.161745725453679351e-01,-4.665176018412812153e-01,-5.207334134273968740e-01,-6.109706664704265267e-01,-4.745799748325482681e-01,-7.113072869873745541e-01,-4.385669737491579845e-01
1.332280740997782709e-01,4.640805473165567907e-01,-6.465051734616842349e-01,4.315328069007817909e-03,1.000000000000000000e+00,-3.499023678871801546e-02,-6.237727853885512985e-01,5.271779909388349949e-01,7.601984302067225086e-01,-4.712428075969933849e-01,-2.686686607770426005e-01,8.751735495224526318e-01,2.240615297487362489e-01,-6.511488227899641101e-01,2.572481585499449275e-01,8.603342805462791398e-01,-2.331037768002809929e-01,-4.669541444467880664e-01,6.945498604823459043e-01,5.100658399483756211e-01,-5.825553329752235499e-01,-7.541209080402301590e-02,7.453294927235256662e-01,-8.480754978780220832e-02,-5.975112558812041286e-01,3.881786525545851685e-01,5.732475929711448037e-01,-4.597025775492897259e-01,-3.347465573964994445e-01,6.296049435626187574e-01,2.092905442313393038e-01,-6.369154863864876503e-01,8.350364382566755062e-02,6.165865490900930279e-01,-8.704742757129836639e-02,-4.968533285277419997e-01,7.972496685961154295e-02,7.856684739169592091e-02,-4.209573648086039066e-01,-3.654523358684383383e-01,-3.321197833020193557e-01,-3.374925373749989577e-01,-1.685568538594814647e-01,2.114902679424930931e-01,-9.184885904549962288e-02,-4.484450342617561369e-01,1.450989622894001407e-01,3.494517726493977516e-01,-3.290063019587927684e-01,-3.019261138399965683e-01,3.942864759926961171e-01,1.503952659553761395e-01,-5.014099998236847266e-01,-1.287761602649244337e-02,5.303248880119487696e-01,-1.337806687662752014e-01,-4.404818363104129331e-01,2.917982108252420437e-01,3.896397936963670317e-01,-3.954526890636918535e-01,-1.903058758321100330e-01,4.479955976369817128e-01,4.515583258083877283e-02,-4.343912469714419911e-01,2.551746745088468438e-01,1.009876254188618733e-01,-7.773742924174596725e-02,1.099853473814031285e-01,2.767593165133767075e-01,-1.827223468873691303e-01,-2.680237359376593798e-01,4.981709433705993478e-02,-1.323808650312194857e-01,-5.514447408748388568e-01,-1.447734700661825191e-01,1.062926623928887038e-01,-3.651695353927231213e-01,-5.014347160528053182e-01,4.458776983194949473e-02,-6.960191141346627232e-03,-5.581396326989296330e-01,-2.736091435415969331e-01,1.454510828173423420e-01,-1.483340321083785884e-01,-5.761059275475514108e-01,-4.743094455000043119e-01,8.039066844122688682e-02,-3.906021183056282431e-02,-5.587567534153128346e-01,-2.552432755594896685e-01,1.019585152783730186e-01,-3.770027544076227644e-01,-1.256503199810684868e-01,2.166528065463537225e-02,4.944291841633476764e-02,-2.552073979589111197e-01,-2.042629193222996464e-01,8.705435442300800408e-02,-5.298417965469855162e-02,-5.837216303925323729e-02,-8.934842719841121217e-02,-2.472230210321493815e-01,-6.354918261627881537e-02,-1.473329378427436775e-01,2.100063894766138195e-02,2.287641288762932296e-02,1.498561789654458132e-01,1.740839691750396545e-01,2.785699505588068448e-02,2.808636640553568986e-01,1.923767245552574501e-01,2.578882308541294299e-01,1.965806718030978784e-01,3.815684435883276993e-01,4.403342898007404638e-01,4.339017023858582900e-01,4.575386887478226638e-01,2.352503160317887809e-01,2.923617735208701718e-01,-1.698490537685378166e-01,-3.919507831948071397e-01,-1.249871975245147315e-01,-1.202111594795635535e-01,5.697632195174073821e-01,3.292982618768564573e-01,6.690585977236033211e-01,3.629687366083743094e-01,5.773393601258343111e-01,3.878554066815847468e-01,2.115857488978795387e-01,1.500225067576270270e-02,2.228433298052275302e-01,7.777381040063999773e-01,5.026550633380545419e-01,-4.323027741514178235e-01,1.806423549717935118e-01,-4.263500570028812553e-01,1.096502025414099885e-01,9.594951567332286879e-02
2.516492765296166612e-01,6.808843775141547594e-01,4.938283271685204312e-01,-5.644018049527156355e-01,-3.499023678871801546e-02,1.000000000000000000e+00,7.999438985926903695e-03,-6.183462258969086855e-01,5.176969133251989597e-01,7.679906333237044302e-01,-4.471521128603108131e-01,-2.708660487114051274e-01,8.766718753955135002e-01,2.424833752846989043e-01,-6.563803426937958596e-01,2.370509998979052346e-01,8.571017131889406837e-01,-2.404337644877282132e-01,-4.738329303932551362e-01,6.904333105355278111e-01,5.046663095750698602e-01,-5.712869136065478193e-01,5.956576663460330656e-02,8.240127510746704242e-01,-7.831594923385989948e-02,-5.343374351806137179e-01,5.211133734190258604e-01,6.105476026681123658e-01,-4.595909952987446423e-01,-2.624251067205089494e-01,6.830509846416588093e-01,1.766374011611721306e-01,-6.056723803570774889e-01,1.900383877914172126e-01,2.019564485934701725e-01,-2.070840072798824927e-01,-2.365907158368582286e-01,-3.100148355719048454e-02,1.242641928014084629e-01,-1.107627642925259337e-01,-1.805258053966417309e-01,-1.727460258485303823e-01,3.293845931811280603e-01,1.916053187496762067e-01,-2.956557026101923058e-01,1.647696588474600043e-01,4.941278288814450748e-01,-1.209462277441375883e-01,-2.727899893746797977e-01,4.140340513324791694e-01,2.801203935642884169e-01,-4.387786586290744473e-01,-3.918446080800015718e-02,5.626427949540409035e-01,-4.873650630682299645e-02,-4.644645732508924652e-01,2.902986652286528302e-01,4.555900659843594158e-01,-3.322559349592220657e-01,-2.618841575247181641e-01,4.654767216540059982e-01,9.609361058850321435e-02,-4.635451459321466294e-01,8.236449087217233289e-02,3.775017018524680634e-01,8.482332968305668353e-02,-1.396474072980944114e-01,-7.868424480036712021e-02,-3.549079791599393796e-01,-5.700907709574231097e-01,1.751624902641774062e-01,-5.300971165555987824e-02,-5.571995939058883573e-01,-6.188219522564614855e-03,2.380064339792699324e-01,-4.388691443198702302e-01,-4.115719674750891177e-01,2.515364070211899006e-01,3.817243804902221808e-03,-5.904192249155308936e-01,-1.438223649152688410e-01,3.415266367425458527e-01,-2.912707906052210416e-01,-5.639465320705316920e-01,4.573495910714021201e-02,3.653981873222952870e-01,-3.776915597688560444e-01,-3.911050543573333926e-01,3.209455288598531686e-01,1.360612297637767421e-01,-3.789575416430468469e-01,-1.927373054822857923e-01,-1.094654565829036585e-01,-2.855586546906871415e-01,-2.911447848042439390e-01,-5.945158388283411366e-02,-1.566160813679015607e-01,-4.047804423013848935e-02,-2.106454651073032536e-01,-1.639491364067122703e-01,-2.122649172723709704e-02,-8.170150303610645981e-02,-9.177947221776044939e-02,-9.483757991073184235e-02,4.154478011743421850e-02,1.028069935041665134e-01,1.436114456970368491e-01,1.456370841857324294e-01,5.106897381592849505e-02,1.930533831983314019e-01,1.881315404634861799e-01,4.738476521570222921e-02,1.999493246985267203e-01,8.427730190094531726e-02,-1.166717309008708514e-01,9.169501781400946072e-02,-1.081848918364114107e-02,-9.124245630886490543e-02,-2.989909123898203958e-01,-1.869069049035191610e-01,-2.839902533585825228e-02,-4.182875207876398105e-01,-7.572314742378820655e-04,-4.764428964138439637e-02,-3.984752477265931514e-01,-6.049795435520251979e-02,-3.841894769409182619e-01,-5.015680004072001763e-01,-3.436279533524157909e-02,-3.674561585997675878e-02,4.232992658674400444e-01,5.973869261292292787e-01,-7.359339824863099511e-02,5.747994872324091453e-01,4.428342814615933709e-01,6.899282488240711109e-01,4.979609077374781978e-01,3.795418638295905978e-01,4.773255945973504111e-01
1.036071532530927347e-01,-2.515362992725155289e-01,7.588328984823252688e-01,5.297942238283482874e-01,-6.237727853885512985e-01,7.999438985926903695e-03,1.000000000000000000e+00,-1.800921725901995576e-02,-6.087886818160180846e-01,5.354647863840560351e-01,7.215151444246584722e-01,-4.602029864225868350e-01,-1.369128033642839914e-01,8.632096314407059490e-01,2.200990333363965212e-01,-6.144847189311462010e-01,3.040002272121404836e-01,8.149215603075939951e-01,-2.594128324489059501e-01,-3.856008176600115300e-01,7.178786627152792255e-01,4.859369533797824325e-01,-3.554917818619071634e-01,8.414979659601308504e-02,7.351148328178537250e-01,6.471257921694646698e-02,-3.535544513213926821e-01,4.568387429463412475e-01,5.984339889601792972e-01,-2.166018855103563345e-01,-6.004211544724756544e-02,6.787686044279644948e-01,2.297210516410009284e-01,-2.685774301797879682e-01,3.685438543509800269e-01,5.041139561100135280e-01,1.881607352713511316e-01,2.606180259457974158e-01,4.842074036113391267e-01,3.743604076468075581e-01,1.493345560106536796e-01,3.060261015361330772e-01,1.333372655356895864e-01,-5.803080062100770542e-01,-1.787451509602834832e-01,2.613787007320331757e-01,-2.832205727502221659e-01,-5.735816476772762629e-01,7.694257459259905285e-02,6.608786731868408759e-02,-5.649005223222446359e-01,-3.543476704402810373e-01,1.601771253876812517e-01,-1.921111820261180714e-01,-5.829469493691947779e-01,-1.595203924007687624e-01,8.924340710455036518e-02,-3.605016651005901185e-01,-5.205620676455803286e-01,2.921877161035180484e-02,-8.916285733523994506e-02,-5.393714811526839625e-01,-2.466109656780431647e-01,-1.167645563540489241e-02,-4.885753782856863126e-01,-4.203121314602245584e-01,-7.813834289636466257e-02,-1.645389610906603517e-01,-4.096235171224952842e-01,5.560418755376995287e-02,-3.660376528628656034e-02,-5.674066330045973716e-01,-2.707288830790012535e-02,3.823482128219615750e-01,-2.980468122733926917e-01,-4.094453161558574417e-01,3.331432484719293319e-01,2.163924587397969557e-01,-5.041234364950551994e-01,-1.344842047526310091e-01,4.454305980573188828e-01,-1.109753988975402117e-01,-5.133966972137217200e-01,9.423965626800272222e-02,4.305975018706852953e-01,5.420403964974546823e-02,-2.884108000576148245e-01,2.318487596944666107e-01,3.953551149287443112e-01,-1.583724730089023924e-01,-1.463210476942757854e-01,3.837777844830376206e-01,5.063634212724816425e-02,-8.261891343068102078e-02,2.037448399147024913e-01,2.143458686710142669e-01,1.700839724555807952e-01,7.006331621406758359e-02,8.354780845683049129e-02,2.356924505664033387e-01,2.551217444741250007e-01,2.867133702290519670e-01,2.017023275479728761e-01,3.184723249193829875e-01,1.399362386652707180e-01,3.667489665601933457e-02,-7.630816044842494983e-02,-6.664971403342238865e-02,-1.594589253904796916e-02,-7.315981031626837827e-02,-6.722563792147840354e-03,3.083828558192313121e-02,5.764794927513994943e-02,-8.643563613946328439e-02,-1.584314018635676058e-01,-5.229703301903505797e-02,-2.452597856509634300e-01,1.733619137375225494e-01,-2.251566283929485046e-01,4.447726785577607589e-01,1.074008090137493487e-01,6.580726133901592355e-03,-3.562593942991926776e-01,-6.400755740968785412e-01,-3.037967459130755943e-01,-5.516200537208173493e-01,-6.478262262126438520e-01,-3.761792010991216184e-01,-2.530148832945204873e-01,-5.900579808305541629e-01,-2.857075952921311335e-01,1.827055892963610206e-01,-4.590021020215501735e-01,-4.197828349363529887e-01,6.516064825108999758e-02,-2.860201068143649605e-01,1.382753347908503017e-01,-5.056868129266193224e-01,-1.817661033915103086e-01
4.564506072668390868e-02,-1.571448226977051332e-01,-4.403776873551667470e-01,7.465843260439216644e-01,5.271779909388349949e-01,-6.183462258969086855e-01,-1.800921725901995576e-02,1.000000000000000000e+00,-6.859627575317305166e-03,-6.198315160266308910e-01,5.420513624325770108e-01,7.485355389474562804e-01,-4.505183801550905476e-01,-2.107418368779652162e-01,8.602683121125199728e-01,2.822516831922767810e-01,-5.920266760561662123e-01,2.648065824508953336e-01,8.408473013376647209e-01,-2.122110463368516720e-01,-4.182893568374679849e-01,6.480884608612089703e-01,4.700565294939607619e-01,-5.786946990558121673e-01,-4.067688276024811894e-02,7.990419311201557573e-01,-1.344849697017777221e-02,-5.568358178607083486e-01,3.871931915300041438e-01,6.642646453269215323e-01,-2.887664696021932653e-01,-2.874381975695358693e-01,6.558121367309590610e-01,3.133712803241921474e-01,3.245097426890559272e-02,-9.644267019877859545e-03,3.837514942217403191e-01,2.881311407052297158e-01,-1.720796691726803329e-01,-2.620374724285542967e-02,-1.113782807270250197e-01,-9.248592876852633829e-03,-3.050162142957979494e-01,-3.309990069340101315e-01,-1.123128929845215902e-02,-3.874663253043832967e-01,-3.968801647223608176e-01,3.670276826894117855e-02,-8.890146513572570741e-02,-5.445498318402448579e-01,-1.935200699082047782e-01,2.034488186736330695e-01,-3.700364720552736242e-01,-5.381586184248637883e-01,1.604835520623058287e-01,6.931904851043403648e-02,-5.864843208472784175e-01,-2.713150444470990852e-01,2.550681860303609660e-01,-2.031262686429368136e-01,-5.785106987653942934e-01,5.743149197768021921e-03,1.847731300252861419e-01,-5.076092393883133713e-01,-3.331047382071455898e-01,-2.551044747022588322e-01,-3.367448335859691416e-02,6.089334805085016428e-02,2.372696397168922444e-01,2.245283863546456149e-01,-4.224238009436975250e-01,-3.126610550107833952e-01,2.202202504345554812e-01,-3.029358526633814663e-01,-5.149197214474755535e-01,1.239463570367866363e-01,1.328311842978848745e-01,-5.359523983661618196e-01,-3.031183278097397404e-01,2.999510592141284016e-01,-1.652372079766846469e-01,-5.864749849976431673e-01,-1.374569409095618110e-02,2.967038036943436818e-01,-3.238550387405480513e-01,-6.803372762725179435e-01,1.418406183742514648e-01,3.843188421192562099e-01,-4.990026247888008637e-01,-4.534077538750663217e-01,2.534485368707509734e-01,1.041930488876581865e-02,-2.931203736580043767e-02,1.528596917588720405e-01,3.911889074738798544e-01,-5.937831069959256108e-02,1.712633256693738698e-02,1.633909036771624412e-01,1.441203300913800056e-01,2.126515084903640995e-01,1.098305610161771084e-01,1.372419023261051314e-02,1.356077045577313567e-01,1.441859659218222844e-01,9.687148143970331082e-02,-1.808243667055916062e-02,-5.177936005226780984e-03,2.394012184027913617e-02,-1.988653602457389133e-02,9.514402124730339527e-02,6.292645934913265737e-02,2.469947516538235077e-01,1.092938373695298837e-01,2.699165236071059959e-01,4.084775086683762879e-01,3.504070471173435508e-01,2.828420158352399350e-01,4.306480885822211446e-01,3.374307258177542956e-01,2.783390875060271497e-01,-3.192755769011788591e-01,1.565500404653126232e-01,-3.879679313213230674e-01,1.689056272210354703e-01,3.798278484448182613e-01,3.368326789411839051e-01,1.553966770962822708e-01,6.573593230049979974e-01,2.603775752365552476e-01,-1.875763169391653218e-01,-4.804925336893175469e-01,-5.380337906897057071e-02,5.327368226360220671e-01,-1.738293369588438386e-01,-6.961415533414651025e-01,-4.766022121764210140e-01,-6.662963354589584997e-01,-5.057687461486899405e-01,-3.494747013754774256e-01
2.116883332797442618e-01,7.446724101498627402e-01,-3.141934777280424584e-01,-4.150654569203130473e-01,7.601984302067225086e-01,5.176969133251989597e-01,-6.087886818160180846e-01,-6.859627575317305166e-03,1.000000000000000000e+00,-1.161508187161444834e-02,-6.099477025919257667e-01,5.479898041775541628e-01,6.913024683399089376e-01,-5.026216592833627761e-01,-2.512412035783353481e-01,8.618297211230050436e-01,2.638762939431839594e-01,-6.399322353117262718e-01,2.606573403389832455e-01,8.283056837375357695e-01,-2.675980574163294157e-01,-4.859858431065371964e-01,6.244412006522095382e-01,3.963480881304703995e-01,-6.146909849990250807e-01,-5.364089105228849602e-02,7.702244973109407811e-01,-6.312125925992508046e-02,-6.237214060666123050e-01,3.292865248681500212e-01,5.514686929932339776e-01,-4.815641544656114603e-01,-3.407329425440805415e-01,5.911346723041148721e-01,-2.088527330130438356e-02,-5.709831248827966776e-01,-1.197564201553040497e-01,-2.107425210146033137e-02,-3.115214560773477692e-01,-3.961070105438442845e-01,-3.664449987793598207e-01,-4.038852959555714328e-01,4.442410489510786875e-02,3.843430782425714121e-01,-1.955069248805930693e-01,-2.759676230143088271e-01,4.489631849632129135e-01,2.995369011952426774e-01,-4.049430074786188327e-01,1.524413969710342216e-02,5.602218437126558204e-01,-7.461793204595529305e-02,-4.068569903722922265e-01,3.581390024965560581e-01,4.661444433727075509e-01,-3.295682247286293443e-01,-1.572788997700378388e-01,5.457330840415781648e-01,1.906133470679531872e-01,-4.352435689793817675e-01,1.557288666924614706e-01,4.859103372452875935e-01,-1.827640511395763057e-01,-2.531345385669079850e-01,4.942600862511117854e-01,2.064307067611955149e-01,-1.186006442442708586e-01,7.484347626058809877e-02,8.542715803638434302e-02,-4.681373795945660832e-01,-8.244402390018748528e-02,1.247808089502252527e-01,-3.971651639458069205e-01,-4.616043649545542582e-01,9.050895381676674067e-02,-8.652971647714477466e-02,-5.521418230257572057e-01,-2.480433868152418231e-01,1.350621638092272814e-01,-3.073428628066198209e-01,-5.514144902526314507e-01,2.679853933696468155e-02,4.436349167764826879e-02,-4.333237056333685833e-01,-4.575607465140775210e-01,-1.283119948220936557e-01,-9.748014055621659346e-02,-2.989556230053427299e-01,-2.835940888071211696e-01,-5.877481707013448159e-02,-1.106148426303265875e-01,-4.515986320386414232e-01,-1.666625305788130562e-01,-1.299394838254123719e-01,-1.802351691234205522e-01,-2.563394867208623196e-01,-2.672552428781752587e-01,2.000289657891207371e-02,-1.728991278203640125e-01,-1.837566865452854858e-01,-1.240969865980568049e-01,-2.757633604842600894e-01,-1.390885060865256206e-01,-2.170637637505204720e-01,7.748602369779669825e-03,6.621359165690737791e-02,1.984750839921631538e-01,2.149117226884334209e-01,4.738395281704546602e-02,3.123984563540190273e-01,2.325906767392529884e-01,1.948718387401803254e-01,2.334878808381102289e-01,3.229761765566454557e-01,2.741047863951567298e-01,3.526143838874165048e-01,3.570112612147408604e-01,7.785137595345220651e-02,7.432633325821134951e-02,-3.145184160867106615e-01,-3.038738661471324098e-01,-3.215312879810746094e-01,-1.606289979925469655e-03,5.038980627717530858e-01,6.182285549735844904e-02,5.378661942990998757e-01,1.717329529141284616e-01,1.866545394604369190e-01,2.975491367775507379e-01,2.525321601765553314e-01,3.156640633058336864e-01,4.532633136231492554e-01,5.880983710379635854e-01,7.611329437232677853e-01,-5.528222360242718986e-02,5.713225904754707374e-01,-3.517263542552927225e-02,4.010220457981508169e-01,3.746874947186480953e-01
2.267295202579970859e-01,3.379924312008815712e-01,8.348107689266135445e-01,-2.390200633082202319e-01,-4.712428075969933849e-01,7.679906333237044302e-01,5.354647863840560351e-01,-6.198315160266308910e-01,-1.161508187161444834e-02,1.000000000000000000e+00,-2.536634280253852528e-02,-6.080409847219859776e-01,6.132955119671328337e-01,6.931202605753586932e-01,-5.062342405254951494e-01,-2.507286599311070452e-01,8.728788098065775047e-01,2.382216236031728385e-01,-6.476625038034685700e-01,2.888893997068818775e-01,8.313646043239750760e-01,-2.499138516702001378e-01,-2.640590827898745552e-01,7.219937693229960818e-01,3.664987602769717023e-01,-4.938909951697638689e-01,1.494123154574929502e-01,7.817246476420064427e-01,-5.406684585945411431e-02,-4.422464952257145754e-01,4.797194857467604323e-01,5.597633925012626133e-01,-4.148209330900292646e-01,-9.568847225304752402e-02,3.309625626907169438e-01,1.533509190351712292e-01,-1.357333725698866289e-01,6.921973462135531940e-02,3.941918038627426624e-01,1.461830186799472908e-01,-1.064192221251941857e-02,5.954535173303644735e-02,3.600348825529195995e-01,-1.265427018139506365e-01,-2.917885130696176166e-01,3.426716832276912594e-01,2.526184629932965997e-01,-4.112818389860878887e-01,-1.135291572021163847e-01,4.313592011249987035e-01,-9.295373821521792090e-02,-5.341321738408330022e-01,1.495915616981690899e-01,3.816339037099804599e-01,-3.989727647909164787e-01,-4.108550532301085689e-01,3.734831608917817958e-01,1.563145101015921135e-01,-5.720108991901331486e-01,-1.099490498408532135e-01,3.866220912550569766e-01,-2.454275238824924765e-01,-4.899990250991112517e-01,1.685542561028775810e-01,4.747568467471460080e-02,-1.150154720947358794e-01,-1.261979288220362316e-01,-1.500427637394699532e-01,-5.188599828374458323e-01,-4.054902577074334102e-01,1.807576660156061388e-01,-2.783625202088764183e-01,-4.279176250707960039e-01,2.660439395592432699e-01,1.003101202561391403e-01,-5.437337735397873573e-01,-1.195236541514243939e-01,3.964446559109695012e-01,-2.083217865067301944e-01,-5.286568252267125345e-01,1.838497069284117380e-01,2.903929684445991644e-01,-4.722122779304113727e-01,-3.886518421155217284e-01,3.385167827796825568e-01,4.275661452959727549e-01,-4.367890183331821774e-01,-2.118398579055317532e-01,5.401885712047252985e-01,1.022310308542591362e-01,-3.876411152399813487e-01,8.157440414024651198e-02,-4.150237081779691029e-02,-2.635185570831981572e-01,-1.670537715411880564e-01,8.560263427079584098e-02,-8.797323802222997355e-03,-2.674784855282454077e-02,-1.267268888100563928e-01,-1.901355876184375460e-02,1.045453899831192413e-01,9.866794747281355804e-02,1.963177823327470761e-02,8.034102794463963970e-02,8.083341203910432426e-02,8.137446775389924059e-02,4.569427646709452867e-02,5.562702287018697622e-02,1.995941682014590324e-02,6.653661669740210116e-02,1.029890887261333543e-01,-4.074588538150725886e-03,1.387531036965210518e-01,-4.803508129669484955e-02,-2.505304571474298858e-01,-4.225860949795138405e-02,-1.917158118396367628e-01,-5.474351126629174030e-02,-3.986886794122593280e-01,6.921836270850960371e-02,1.141324800638756770e-01,-3.082354056624929672e-01,-1.065836475117030863e-01,-4.277887395040408380e-01,-5.064036724018036173e-01,-4.184826823998042955e-01,-6.417058571494771435e-01,-6.843065780992219072e-01,-2.140769483525102601e-01,-3.068644043006472089e-01,2.166915776763800039e-01,5.014214254472760812e-01,-4.255892751754848935e-01,1.795946708337478326e-01,4.806336598890280642e-01,3.977518108546071463e-01,5.527698427396745551e-01,7.838275496843018220e-02,2.920644368243515143e-01
5.423854060441084257e-02,-4.159856014309898375e-01,3.032726975934256775e-01,8.452730501472988101e-01,-2.686686607770426005e-01,-4.471521128603108131e-01,7.215151444246584722e-01,5.420513624325770108e-01,-6.099477025919257667e-01,-2.536634280253852528e-02,1.000000000000000000e+00,-7.756873707581967911e-03,-5.172092069115233892e-01,5.673431376301328877e-01,7.044619141730542600e-01,-4.409166645932299233e-01,-2.064710040869869312e-01,8.359185517191162207e-01,2.542238971424437000e-01,-5.673677245103336819e-01,2.882860729857855686e-01,8.028014814509284447e-01,-1.166680764836510037e-01,-3.711302456151895357e-01,6.042237051819906446e-01,5.063538732536766451e-01,-4.226382984358654227e-01,-4.351876092698025653e-03,7.562442760088214921e-01,1.549590691664060049e-01,-3.389142349807082732e-01,3.923651056657938563e-01,6.030591586184331776e-01,-1.410127992294643862e-01,2.582271899600185328e-01,4.505734724178812045e-01,3.622467565191135885e-01,3.508737740004918004e-01,2.908875570041301040e-01,3.150360448118939560e-01,1.185402742052204250e-01,3.059304436684739392e-01,-9.532942681114467409e-02,-6.654764389739686870e-01,-6.842979004483035199e-02,2.709677172190965225e-02,-5.256176575361763970e-01,-4.299584826176472419e-01,1.107090999655581387e-01,-2.666206352427581416e-01,-6.255473776056900137e-01,-9.505508551207771106e-02,5.265998988484006486e-03,-5.212059736249455844e-01,-4.123814564048933207e-01,2.263533359128200653e-02,-2.278359769672174129e-01,-5.330293622574348023e-01,-2.447961256200859026e-01,2.034610890812155876e-02,-4.240900989893939266e-01,-4.794046126926950202e-01,-1.303467559628494234e-02,-2.264372546502133876e-01,-6.280029495364459757e-01,-4.662099139849506524e-01,-3.444213768576836338e-02,-9.682928893029964235e-02,-1.503093037141363386e-01,2.674812420192370088e-01,-2.478661202093475069e-01,-5.597376159581294308e-01,1.852276117887893814e-01,1.667278979631990343e-01,-4.818982124210373641e-01,-1.624214005907475833e-01,3.930922261739162038e-01,-1.099734344427515526e-01,-5.025260738763136503e-01,1.468579507312764987e-01,3.010668008285894981e-01,-3.981118831853564521e-01,-3.347236909431997032e-01,3.113755570019995367e-01,1.885046559935470434e-01,-3.217659554965135449e-01,-8.259358177831102599e-02,4.260597322944130183e-01,2.824497689842449602e-02,-3.478818313916957061e-01,6.352197674642044711e-02,3.522273867176101692e-01,5.239879085065488051e-02,6.512888876169094232e-02,4.024375010697603949e-01,1.646624411251275677e-01,1.815826656584418053e-01,1.366989626816762782e-01,1.785360656005043345e-01,3.119736461844905273e-01,2.462884991867930473e-01,2.544527665726508125e-01,2.378828274461630976e-01,3.340008157863543214e-01,1.436163531048275932e-01,-1.035397089173467969e-02,-1.021431447802469278e-01,-8.291689964572318550e-02,-4.165827499318470323e-02,-6.863278262927832718e-02,-2.224272619063068224e-02,1.143344079559700383e-01,4.653626999280041643e-02,3.625389941661040505e-02,7.156835078985593346e-02,1.006423239914705919e-01,-6.872449516492042110e-02,3.475593151022995375e-01,4.503118499987436574e-02,5.294559498181972135e-01,-5.100349639998650458e-02,1.726993725567871896e-01,-4.600812733574288771e-01,-4.385258804553726630e-01,2.108435291624627742e-02,-2.950661756534823099e-01,-3.660120570240510962e-01,9.368906085331769884e-02,-7.533334438750710627e-02,-5.257628725549879922e-01,-5.464759345173050287e-01,-2.219693806597576938e-02,-1.255161374422284482e-01,-5.495594071978384676e-01,-3.527726319010601741e-01,-5.930705918527037213e-01,-2.919373953318403769e-01,-7.127378787282386829e-01,-4.031516756675371238e-01
