1.000000000000000000e+00,4.793078459419479742e-01,2.284338271612295912e-01,5.101748069059105495e-01,1.563887893145446961e-01,1.579713765809836745e-01,2.062738103109715004e-01,1.570481573122225472e-01,1.249641793906504546e-02,5.309392924405583608e-02,1.972867410268765720e-01,9.052680014598034341e-02,-1.093903635667285157e-01,6.783757365409648354e-02,1.955842266585026135e-01,-3.617312836998777537e-02,-8.122552307408768824e-02,1.660699366100528707e-01,1.642708807875525034e-01,1.025238752807054732e-01,-3.583990056376636091e-02,2.205506345425270118e-02,1.753245037278358121e-01,4.427691624215583655e-02,-2.143592073749648469e-02,3.803482013083351460e-02,-1.983322882098297740e-02,4.798441964262495363e-02,-1.431494094828708041e-01,8.188220203066014224e-02,4.908252437094091057e-03,-7.212288269736298607e-02,-8.593290595322886083e-02,-1.002196418951773610e-01,-1.220234610155725430e-01,-8.217522076098011941e-02,-1.227973374193531420e-01,-6.521018568791238368e-02,-1.733625831931641104e-01,-7.486007688822191031e-02,-9.596329118008901926e-02,-3.006307820733865582e-03,-6.286983801664843344e-03,2.688112852336343311e-03,3.111024060418687842e-02,-7.055904557137279709e-02,3.212073638942769538e-02,-5.321604783259040877e-02,-7.964923784519385708e-02,5.060529435589217889e-02,-1.129944921364383487e-02,5.020416060895917937e-02,-4.414111570446228872e-02,-5.450966350512633646e-02,7.919486450478920025e-02,-1.243048008264437676e-01,-1.049984498293051946e-02,-3.595187884946350609e-02,-5.291657913748738784e-02,-1.101414345547997581e-01,-1.679166112641713171e-01,-3.029216098913001601e-02,-2.005607039787326851e-01,-1.246794120856661858e-01,-2.177610730071554701e-01,-1.681564524366589986e-01,-5.740886746361042146e-03,2.310748795527746979e-01,-2.236586301103252183e-03,-1.715744041380491136e-01,1.183934436268309215e-01,1.950573490921470587e-01,-1.144889307529321359e-01,-9.268448571172614725e-02,2.059869004144216920e-01,8.920599601268777712e-02,-1.736729174839186096e-01,5.544713194399131240e-02,2.249401492445891881e-01,1.222730948421012626e-01,1.821252228160022413e-01,7.738521152212764036e-03,1.372154924772304163e-01,1.156608727253658903e-01,-1.302059294682335611e-01,-1.952386131786167656e-01,7.888563929545697184e-02,4.343158409757232052e-02,-2.043130585127832799e-01,-1.125996255173587340e-01,1.128934530150159932e-01,-6.392439909176293733e-02,-2.149190290281198235e-01,-2.056294697898576607e-02,1.221995388550659728e-01,1.512423210900282755e-01,2.170904997877518006e-01,8.684015259767269290e-02,1.236076271038142466e-01,-1.855217952975703188e-01,-1.048444291579025134e-01,1.835866561010255082e-01,1.343303792679355216e-03,-2.265921636860027399e-01,2.432559137262308227e-02,1.781975181495717431e-01,-1.190650377327831244e-01,-1.841310161552032476e-01,1.302149333188157010e-01,8.196365154591210567e-02,-5.169364365399638228e-02,3.572130595133725384e-02,4.655727378171172631e-02,-3.569310888463783638e-02,5.886967676763781715e-02,3.783634685661161484e-02
4.793078459419479742e-01,1.000000000000000000e+00,4.057009088325715940e-01,5.964051079313659187e-01,4.271604970105913890e-01,2.431045519727151050e-01,3.272868973132467829e-01,2.235414448053490433e-01,1.544967927364878854e-02,2.822650403439202690e-02,2.335477250456888532e-01,6.508832656679391926e-02,-1.591908176701755939e-01,7.700934095853040340e-02,2.303901530926830421e-01,-6.013804334042262278e-02,-1.274665266866243374e-01,1.713942640588373423e-01,2.191521497385660600e-01,1.266249073208945974e-01,-3.724233529339657234e-02,5.351912974742452367e-02,2.258357862174286967e-01,4.838815522081647141e-02,-4.419360075217660527e-02,8.707405589645457467e-02,-6.270906797801843735e-02,7.573023055098981882e-02,-2.075870310361677129e-01,1.155266117382230950e-01,-3.020597258341851943e-02,-1.491024399336787487e-01,-1.316841856610670158e-01,-1.597898247848348330e-01,-1.523816120521453987e-01,-7.334649311016633311e-02,-1.380103884506609369e-01,-8.738111537281087471e-02,-1.928009535623512738e-01,-9.731531538795266945e-02,-9.732336644950294324e-02,1.932123842411301654e-02,7.623926613372493041e-03,5.141077248087219664e-02,8.648734867340934773e-02,1.452667045315791765e-02,1.282227231481995189e-01,-5.929348685510247435e-02,-2.383948435140280722e-02,1.267399166281574507e-01,-1.108439580695245313e-02,1.155491917000211199e-01,-6.838518868943153917e-02,-5.874862458455437642e-02,1.121671090503918167e-01,-1.329515485517807627e-01,-2.741068320069932340e-02,-8.497475839582997736e-02,-4.305626741976509991e-02,-9.363134997498033518e-02,-1.408574207693271685e-01,-1.264528105969813443e-03,-2.080577587139908480e-01,-1.313121620139289236e-01,-2.053302287535076487e-01,-1.735882015454587590e-01,4.465734227363195828e-03,2.160797860939175918e-01,-2.574716505764750724e-02,-1.654230595791830738e-01,1.238695999202573672e-01,1.707525819407673118e-01,-1.285445686234357177e-01,-8.040958122456975943e-02,1.995286150500792943e-01,6.336422740533897979e-02,-1.749110091323367866e-01,6.282798859217586518e-02,2.073504214988632910e-01,1.063281615033398048e-01,1.845154572753128219e-01,2.838796500855423136e-02,1.453763867405919730e-01,1.322385571706652385e-01,-1.010937097033732662e-01,-2.006675632378849827e-01,6.456265469287957026e-02,7.197168398649091137e-02,-1.841205540355753123e-01,-1.287877082001581963e-01,1.144216460672484725e-01,-3.226163992472463882e-02,-2.136146591199679923e-01,-3.450184791488598857e-02,1.364958612689236572e-01,1.236261288788792351e-01,2.017365835513028061e-01,6.956932353347562714e-02,1.058706104992750696e-01,-1.774607636394973098e-01,-1.098682239264403004e-01,1.600380673990981495e-01,-8.701086494547051117e-03,-2.180606106363602303e-01,1.256565638553724766e-02,1.546728630021443618e-01,-1.179810427772332304e-01,-1.790678718701280148e-01,1.064259165237196325e-01,6.105375335500257128e-02,-1.468432122010641938e-02,-5.358090804688178665e-02,2.207467440078185461e-02,-6.450354519611448123e-02,-3.398024678411537807e-03,4.586969714113596497e-02
2.284338271612295912e-01,4.057009088325715940e-01,1.000000000000000000e+00,4.102918749391292197e-01,5.140336232638350600e-01,2.811516279671469332e-01,2.466583124865522614e-01,1.170532092182558492e-01,6.943477549091879586e-02,5.507610667073140759e-02,1.284698909086365859e-01,2.264184816421515797e-02,3.459884694849795200e-03,1.486184059394543011e-01,9.048467264876443317e-02,-3.836281539642575483e-02,3.902730849766023608e-02,1.889137401321462628e-01,1.302123732965089764e-01,1.461830949543178604e-01,-8.360862270368550619e-03,-1.020007213884191466e-01,1.151757716986194779e-01,-9.061375141207778094e-02,-1.757212302289232475e-01,-6.865713818912448640e-02,-1.755724225707003538e-01,-8.480228616971643291e-03,-2.380854652966522822e-01,8.672760926952596816e-02,3.020576553884306986e-04,-2.042054177736684351e-01,-9.310510954981567056e-02,-2.295827371435415487e-01,-1.197232833501074706e-01,-1.816587161884450352e-01,-1.387194507154278500e-01,1.132931138780336223e-02,-2.165166290438942376e-01,-4.054068246221557287e-02,-3.047146402982205474e-02,1.291205097625164611e-01,1.354000503775807107e-01,1.364664962136588333e-01,1.896540351811895064e-01,-2.829787489134803682e-03,2.030592064453476953e-01,-4.061157094910183840e-02,-5.632644743211261823e-02,2.124331681999314936e-01,1.266603373747506901e-02,1.710321121456254423e-01,1.645598940179403627e-02,-8.666006358441630253e-02,1.905786985235764508e-01,-9.376800213855945865e-02,4.853193216836244883e-02,-2.129730594263133658e-02,1.657024430691622294e-02,-3.108303103095895470e-02,-1.122374049983043166e-02,2.193768027604072260e-02,-9.024189662357848252e-02,-6.547898741377582155e-02,-1.805732323762248570e-01,-4.730143643854409913e-02,-6.208365097674410638e-02,1.653311585713632403e-01,1.073253139142884560e-01,-1.055155066079244558e-01,2.826792705885271609e-02,1.916128013200136260e-01,1.461685501833026590e-02,-9.794067939250729327e-02,1.191214001635121783e-01,1.611576967885144374e-01,-7.297751075609214266e-02,-1.240253718861355874e-02,1.802050585833174234e-01,1.378613610431232983e-01,6.967084277638470324e-02,-9.869557618750886274e-02,4.685120800976466660e-02,-7.261455134551171413e-03,-1.625070955457981747e-01,-9.568359588218350309e-02,5.309501150062464342e-02,-7.385466497098874816e-02,-1.673166910597505552e-01,-1.763827864531499270e-02,3.441337875180158767e-02,-1.412543005224911330e-01,-1.270801039795179388e-01,2.966725737381135236e-02,1.967165485346269657e-02,1.830500999501567250e-01,1.809061060644974184e-01,1.168390732943068999e-01,1.518985720152451757e-01,-1.007196586530199889e-01,-4.906815833210613487e-02,1.851645201016793862e-01,5.564081363132687696e-02,-1.420938181858573124e-01,5.687570718414951265e-02,1.890700745759563706e-01,-4.674042003263111089e-02,-1.105417554404544422e-01,1.546881126003389617e-01,1.003414591996936028e-01,5.062551882855695004e-03,-8.725007137971702020e-02,8.248312131667949465e-02,-6.648763734096374556e-02,1.291463304356420955e-02,4.230319692214142696e-02
5.101748069059105495e-01,5.964051079313659187e-01,4.102918749391292197e-01,1.000000000000000000e+00,3.504998682721915948e-01,3.098850780395406290e-01,3.931056926058842937e-01,2.796330575429935017e-01,3.350019933506980137e-03,8.494921359909288205e-02,2.929634538843596814e-01,6.293367227723112300e-02,-1.820382516796777150e-01,1.291637246419166940e-01,2.619374969329389957e-01,-7.962687446362476384e-02,-1.064050847736121574e-01,2.341048673279129966e-01,2.264299518557744417e-01,1.470075902312636407e-01,-3.519352678674233376e-02,8.506808398292388038e-03,2.143558474406272729e-01,1.322997952681961159e-02,-6.863616386282514470e-02,4.276898017680264008e-02,-5.113190256591669536e-02,3.931788534673048147e-02,-2.162847891181971516e-01,9.841016268789895549e-02,-3.251076718579046926e-02,-1.219370284555925110e-01,-1.050537233001048038e-01,-1.386601621620746350e-01,-1.426026829667547402e-01,-1.158114275800359166e-01,-1.661870976458630078e-01,-8.175068183536569888e-02,-1.892619162814883627e-01,-9.359777200319858992e-02,-1.049910192152314209e-01,-3.326855883386597035e-03,-1.146777523492405106e-03,4.599797632892575067e-02,2.374344125130971664e-02,-4.518850592995005133e-02,9.171493804007470330e-02,-8.001584529260982737e-02,-8.672230815348054567e-02,9.147067840765853164e-02,-3.174833921857838498e-02,8.341661695043880997e-02,-4.878744930711224892e-02,-7.438002567125642783e-02,1.117888877139287113e-01,-1.453880792316400161e-01,2.816832972323272954e-02,-8.611821824066000219e-02,-5.625093146475018679e-02,-9.425787036789330664e-02,-2.612075566596331888e-01,-1.094846280196420420e-02,-2.547393354768144880e-01,-1.399421189391057696e-01,-2.629881127175193178e-01,-1.836904587347065743e-01,2.996372539649222195e-03,2.800526014573614941e-01,1.076678004184013909e-02,-1.885698739469308105e-01,1.508417471286941924e-01,2.380163188305338406e-01,-1.190309853072937518e-01,-9.686169311316653041e-02,2.503638773643869220e-01,1.189385289843731958e-01,-1.877911814819497871e-01,7.475603695456169151e-02,2.686148090361489271e-01,1.441652727244767673e-01,2.125078216237048234e-01,-6.934856018062660402e-03,1.717843317933895331e-01,1.123665240148189609e-01,-1.513016760248472314e-01,-2.364026461522066858e-01,6.578017172990791028e-02,3.851308159832347866e-02,-2.356708607269502875e-01,-1.434145446252383937e-01,1.063015932423095056e-01,-8.263685329117526068e-02,-2.509111248256569726e-01,-4.325012694747300268e-02,1.230665686912271461e-01,1.867517435648393398e-01,2.614736370077335170e-01,1.351122579408729485e-01,1.470300460546339616e-01,-2.280894999795332057e-01,-1.023503305351974313e-01,2.344948046599965585e-01,-1.137820881414671956e-02,-2.656093716753992195e-01,5.836454207680771833e-02,2.167638541119024931e-01,-1.543490775989951047e-01,-2.016146464060347143e-01,1.774033744787024136e-01,7.884558272279997004e-02,-6.811209479625543461e-02,-3.097007085723595121e-02,5.069266397449275624e-02,-7.745396482715252717e-02,2.545230302817512794e-02,7.056306371209083994e-02
1.563887893145446961e-01,4.271604970105913890e-01,5.140336232638350600e-01,3.504998682721915948e-01,1.000000000000000000e+00,4.327508837641340089e-01,4.604479527432288610e-01,2.341859296467352081e-01,1.365992467215466077e-01,4.604825139809283485e-02,1.236400765451921152e-01,-2.251328575043331365e-02,-9.932974515730692844e-02,8.328153307102305336e-02,1.102817245064149770e-01,-6.844226235166213368e-02,-5.523895581146773953e-02,1.229697272361158084e-01,1.501342542180517659e-01,4.961695904223121373e-02,-2.059961138858036611e-02,1.879098008431554336e-03,1.745464959607838651e-01,1.695226742656594926e-02,-1.552402824036386575e-01,-2.486243993883469408e-02,-9.922553419448035261e-02,-5.817397655905285486e-02,-2.856543169188366371e-01,1.746165875818636581e-02,-7.451056266880003165e-02,-1.360176610879163528e-01,-1.534025787879177982e-01,-1.344443740884735949e-01,-1.473394102154280128e-01,-9.671312298792796025e-02,-1.683061067971838021e-01,-5.313053559414754323e-02,-1.819790280514108904e-01,-4.835272825152579085e-02,-7.800420844537814258e-02,4.242297282511616613e-02,4.620140001140413816e-02,1.064930380793947251e-01,1.311183949206132515e-01,2.736919054986637970e-02,1.613501944671602295e-01,-2.650214870333824149e-02,-3.052859620553216580e-02,1.594854795570176398e-01,2.439413676162772993e-02,1.486685704221355209e-01,4.301285039778694752e-02,-3.319819822742137161e-02,2.126788523898029970e-01,-8.814722733231143692e-02,5.559622638306322556e-02,7.374769890964138173e-03,-1.066238004485105598e-03,-2.854313606317764387e-02,-5.028960949619719345e-02,1.267056127043072328e-02,-1.329857281701459226e-01,-5.328138814289589548e-02,-1.598528391319316844e-01,-9.022734506171675717e-02,1.066171934699858270e-02,1.654439576101144338e-01,1.380871380506383528e-02,-9.659701396619238545e-02,9.445865878847450881e-02,1.402960703200316073e-01,-5.983626576688340359e-02,-4.583075125986330739e-02,1.482048322863765422e-01,7.318384898477893474e-02,-1.006918169305312805e-01,5.243878172767370283e-02,1.582132341802757192e-01,7.563166609426168197e-02,1.271748923724597413e-01,-3.511785782776631615e-02,1.099312878043407632e-01,6.031711737942530016e-02,-8.016459352976820774e-02,-1.446410424649564597e-01,1.574671722186562345e-02,1.808998712067734840e-02,-1.311532978365384239e-01,-9.464101420463209846e-02,4.489625521283863163e-02,-4.682736042799517245e-02,-1.406531381786752244e-01,-3.636166268419106784e-02,5.807584135320183194e-02,1.133538405574199132e-01,1.517915767175745945e-01,9.696337750142725032e-02,8.370441018807481259e-02,-1.399951828203674087e-01,-4.437086583470083861e-02,1.504135756125964396e-01,-1.297667952986372893e-02,-1.535124454249137682e-01,5.263005320932095943e-02,1.282529090269426131e-01,-9.995572339220906710e-02,-1.093696938916888239e-01,1.216108777776561956e-01,4.502428117411635955e-02,2.921788339528474596e-02,-1.269178275301934278e-01,4.847218414026381594e-02,-6.669337911828948640e-02,-2.737143460692448987e-02,5.746854223138970347e-02
1.579713765809836745e-01,2.431045519727151050e-01,2.811516279671469332e-01,3.098850780395406290e-01,4.327508837641340089e-01,1.000000000000000000e+00,2.795403829122553030e-01,1.590520847700090667e-01,2.034067307120145107e-02,1.018333741837730982e-01,1.859023203188506779e-01,-2.846824779753245882e-02,-2.383150363994471221e-02,2.005995806809104665e-01,1.113625558090183543e-01,-9.131774863031572043e-02,3.033963980942632269e-02,2.579489892290254272e-01,1.242937985739857865e-01,2.111606561274670391e-01,5.963517454531440387e-02,-2.885202204563695402e-02,1.253487695714824712e-01,-1.111495892772383365e-01,-2.003772723950014434e-01,-2.875737121439943603e-02,-1.825959966620772645e-01,-8.373463206049867533e-03,-2.835886858428887658e-01,2.286173582052171069e-02,-1.291640490185803625e-01,-2.351128225606115285e-01,-5.907100651745766928e-02,-1.282551190371941929e-01,-6.412113953971505798e-02,-1.207288077608847515e-01,-7.424264331532209882e-02,-9.373048568930783531e-02,-2.254202040383888328e-01,-1.563511814477943351e-01,-7.410712050814509400e-02,6.887408406781853065e-02,5.920366836068998578e-02,1.713917988507420581e-02,1.459212941542505360e-01,6.785071564063885341e-02,1.158087013984223368e-01,-1.117923976689312315e-01,-1.349368091337072896e-02,1.065342633485681229e-01,1.261037675078192791e-03,1.310078494716907793e-01,-2.838502092468651872e-02,-6.005386323069269311e-02,1.599686263180739032e-01,-1.092556464029007524e-01,-1.715801871026850778e-02,-2.817409291281768036e-02,-4.382276107096654688e-02,-1.197821589140547760e-01,-7.003222522588013754e-02,-4.633005637567242513e-02,-1.125284128112861992e-01,-2.688208364359657987e-02,-1.950377600146504520e-01,-5.332322144937737263e-02,1.055252987612208260e-02,2.008341605325529300e-01,7.558884209324244485e-02,-7.978158034119239850e-02,1.051918801789985536e-01,1.888356144338896037e-01,-1.009120685697108277e-02,-3.805111277038503853e-02,1.742226445111602073e-01,1.280480561414051033e-01,-6.958691793312782314e-02,6.914139915431212480e-02,1.923877130743985031e-01,7.776389318633367131e-02,1.238549306303447228e-01,-9.300407340395967781e-02,1.187735078870326560e-01,1.497995323818228320e-03,-1.171263801805069171e-01,-1.487767927418927882e-01,-1.238009089758309450e-02,-4.993490890984925157e-02,-1.506458458052173655e-01,-8.744846742739115220e-02,-8.513855793157732929e-03,-1.048596445218979850e-01,-1.380472927854686227e-01,-5.198223326281815188e-02,6.590863870870388797e-04,1.606575044361559512e-01,1.804098343138544058e-01,1.819539799605545127e-01,1.210100010949318738e-01,-1.730567784773029416e-01,-6.097315462434781293e-03,2.255848311414530849e-01,-2.353793007330164111e-02,-1.677282466767075764e-01,1.249360666740801373e-01,1.769902991001712500e-01,-1.289427313285369248e-01,-9.427604016119953134e-02,2.057100006573258366e-01,5.540560464983013134e-02,-3.192645409243265869e-02,-9.886822085690415152e-02,6.447916535630551782e-02,-1.084032596785838021e-01,-1.032834532220928449e-02,4.179617179949908501e-02
2.062738103109715004e-01,3.272868973132467829e-01,2.466583124865522614e-01,3.931056926058842937e-01,4.604479527432288610e-01,2.795403829122553030e-01,1.000000000000000000e+00,4.973415248009682155e-01,3.355787873423313750e-01,7.064968550809243297e-02,2.255177560450434548e-01,1.817829230166182752e-01,-1.384339145296585305e-01,7.820454720730792009e-02,3.016734088028950045e-01,2.779805978615076251e-02,-1.394055658307542522e-01,1.627944031212260612e-01,3.020521366520235729e-01,9.256643088265903430e-02,-1.154343497865033263e-01,-4.629932222497601391e-02,2.018965957922289611e-01,9.520422743514837804e-02,-2.540424471744678336e-01,5.873455536754769446e-02,-1.521469511809285524e-01,-1.698309046936754552e-01,-4.116732993437022814e-01,5.097439805228519416e-02,9.783387940196859589e-02,-1.184759337819419056e-01,-3.633208684649765208e-01,-2.437857556357773403e-01,-3.320477459605841175e-01,-1.489765469036754830e-01,-3.544000962195252846e-01,-1.363519751494526311e-01,-2.685971703344983696e-01,-1.075576503533994151e-02,-1.791713259562294491e-01,-7.623788179592240651e-03,1.029258817524725950e-02,1.628224921757619459e-01,9.027359967584991374e-02,-3.419213361731023720e-02,2.042176333341909900e-01,4.785126787441330680e-03,-5.270269301261640282e-02,2.312253127225264437e-01,5.909349638516187692e-02,2.468160988453033666e-01,6.905399396339399753e-02,1.580965531788073794e-02,3.019455047227077582e-01,-7.942387612842354006e-02,4.128474791811142380e-02,6.908667089564667074e-02,-8.748948159329840435e-02,-1.631688005915883297e-02,-1.933709363872953835e-01,-6.564471163127572062e-02,-2.149521881811441437e-01,-2.160693827202442296e-01,-2.624349882492809649e-01,-2.393582858980542738e-01,-6.396179641820343154e-02,2.688315158781135472e-01,-6.094991739720216628e-03,-2.594900591412465096e-01,1.003105930361660320e-01,2.426801201418552489e-01,-1.598925031065462354e-01,-1.728681293061049007e-01,2.262616464845800257e-01,1.164620170515705960e-01,-2.537213206062163273e-01,1.030839564146733903e-02,2.803230071196838868e-01,1.970701725688205341e-01,2.239692496128713461e-01,-3.816602003203178710e-03,1.378652793940303156e-01,1.932559785133481089e-01,-1.661396014427862222e-01,-2.316678454645501040e-01,1.546687521357995032e-01,8.038456500723184517e-02,-2.666885353733103314e-01,-1.123609319014294422e-01,1.989062845784252687e-01,-7.418176867880095504e-02,-2.826343583554739025e-01,2.308663842961796234e-02,2.032849949672909662e-01,1.855281456016408814e-01,2.655972897521296505e-01,3.910692629575775875e-02,1.823653408552748934e-01,-1.894922187040545269e-01,-1.980505692240665527e-01,1.939473315912810525e-01,5.696039658139893935e-02,-2.805721149426009808e-01,-4.681047477234582394e-02,2.242984017133950736e-01,-9.128305757457151615e-02,-2.696022212997912781e-01,1.035920647687720436e-01,1.390945278356639503e-01,1.401485811789783239e-03,5.666795598008181334e-02,1.036005843657173686e-01,8.865471017868361073e-03,6.168287992040630274e-02,8.515272911778615228e-02
1.570481573122225472e-01,2.235414448053490433e-01,1.170532092182558492e-01,2.796330575429935017e-01,2.341859296467352081e-01,1.590520847700090667e-01,4.973415248009682155e-01,1.000000000000000000e+00,2.453254525884195625e-01,1.318998481323374050e-01,3.693241615369836084e-01,3.381587228628862851e-01,-2.434297498551390992e-01,4.953780319567160917e-02,4.962012456573380303e-01,4.348454070916250858e-02,-2.263910896603099354e-01,3.084617203476633929e-01,3.289718406106564297e-01,1.856252971029134780e-01,-1.687661700026901468e-01,-8.558798866858771670e-02,2.315428812514174761e-01,5.556282603301646028e-02,-1.933735327839305185e-01,8.949913859725409926e-02,-1.427669328308389107e-01,1.813698749599845089e-02,-2.212051366874007163e-01,2.471470787579438666e-01,1.857182961619841810e-01,-1.374293901031729548e-01,-1.181169396432030505e-01,-1.929914906308206335e-01,-1.821599873112272339e-01,-1.825751053222965103e-01,-1.783213898375598794e-01,-8.753101163695611864e-02,-2.769779153561359175e-01,-6.104897833914653404e-02,-1.015268559483718108e-01,1.530160630676767053e-01,1.057835288155871134e-01,6.737988088860021041e-02,1.811772144319859223e-01,-1.085748562767297337e-01,1.496057777674294209e-01,-1.171558311680237080e-01,-1.525508568512690677e-01,1.739139043741693424e-01,-4.584377826533188316e-02,1.869585337351900856e-01,7.657222477121119510e-03,-1.142646027250900642e-01,1.495752304089572049e-01,-6.699341888127904876e-02,-3.149849724921559291e-02,9.745790727011648114e-02,-1.678570738898123860e-01,-8.112789786149912641e-02,-1.678996160991641506e-01,-1.707117596202683829e-01,-2.243222286456624248e-01,-2.408596024236141497e-01,-3.952515592143783230e-01,-3.128332187763648298e-01,-5.085768192938351639e-02,4.045018367504668033e-01,4.493721071281353216e-03,-3.359249648484892714e-01,1.779306563721415324e-01,3.568024570523706807e-01,-2.099148502553589979e-01,-2.063202075840556149e-01,3.532109828597036483e-01,1.696107655495239230e-01,-3.342270798996392345e-01,6.261555265130964998e-02,4.041824640479040331e-01,2.534563617296100579e-01,3.120524083307824048e-01,6.346561902600624146e-03,2.234887528065831186e-01,2.272253810884692915e-01,-2.380352427031185159e-01,-3.418341575608259686e-01,1.799206093452549171e-01,8.862451538068903678e-02,-3.808304341557988693e-01,-1.807889724568390866e-01,2.359418568648256886e-01,-1.164399787437993966e-01,-3.991517174293586767e-01,-8.041625642400919080e-03,2.482909944586729201e-01,2.728896095861388371e-01,3.886120913851479064e-01,1.190618995631088362e-01,2.539818485383110724e-01,-3.086667738927487137e-01,-2.340945339626298305e-01,3.165121957282109322e-01,4.673416169560513922e-02,-4.088127446963940592e-01,1.801004001622371546e-04,3.302099459242853752e-01,-1.762161231374239079e-01,-3.562810596323323642e-01,2.026642841735851464e-01,1.599773073920099098e-01,-1.473471706108093505e-02,-2.419453172511448411e-02,9.742386054751034363e-02,-2.419244742052450645e-02,1.882676457218558294e-02,8.942717810566411241e-02
1.249641793906504546e-02,1.544967927364878854e-02,6.943477549091879586e-02,3.350019933506980137e-03,1.365992467215466077e-01,2.034067307120145107e-02,3.355787873423313750e-01,2.453254525884195625e-01,1.000000000000000000e+00,5.993216149838685031e-02,-3.442627388128341459e-01,3.821964655201393612e-01,3.339103194994685886e-01,-2.839666698792760458e-01,-6.012078296651846010e-02,4.626234238120621733e-01,6.615798797301730705e-02,-2.240259439787026796e-01,1.716452212516115516e-01,-6.384412162888698783e-02,-3.287329695131394058e-01,-3.509138415379456366e-01,-2.499487326392972608e-01,7.579941666329834127e-02,-3.040469623327367588e-01,-1.360861214957413412e-01,-1.267157033238197894e-01,-4.492072029417259471e-01,-3.107464088565690674e-01,-9.575938496014989310e-02,4.377531066151822414e-01,6.971067469477561229e-02,-3.761551149597907040e-01,-5.505808738397945101e-02,-3.315620455670592048e-01,-1.536109582972331467e-01,-3.799230505938347435e-01,6.901156245886842788e-02,-8.232529500061588901e-02,3.199596703177264856e-01,-1.365448156802994417e-01,-6.890670162469787752e-02,8.219666092766968191e-02,3.409091773836502859e-01,1.949355461943453813e-02,-1.588061416071027410e-01,1.805346330050552062e-01,2.375943955271463681e-01,-6.237017422866827920e-02,2.699079665003656925e-01,1.598600116630221057e-01,2.674426133489407054e-01,3.715695571411953835e-01,1.261848498428905230e-01,3.191510227687484047e-01,1.580546986962224343e-01,1.210738403678635750e-01,1.638852732361187337e-01,-4.938696901412498175e-02,7.647396535408872154e-02,-2.181104444806561404e-02,-3.131873902540861787e-02,3.388612915825600647e-02,-3.092395511414892106e-01,-3.553270144092009197e-02,-1.497798176622663346e-01,-3.208151280338678024e-01,-1.953356779656999914e-02,5.067372705864058025e-02,-2.701845163355822699e-01,-2.493577613605093557e-01,9.040791664801038630e-02,-4.875034181363160218e-02,-3.384512155983994131e-01,-1.217602742653137171e-01,1.155983125661293881e-01,-1.849404693156027346e-01,-3.178996868155617439e-01,6.176929629997672533e-02,2.864026785191964852e-01,-6.018501794035452379e-02,-3.979629456020387229e-02,-2.050027891074177600e-01,1.771770406028795042e-01,-1.847420356121212692e-01,8.038665426266843050e-02,3.768495603144125239e-01,3.131528861237467543e-02,-1.687391175801163656e-01,2.110723223093730339e-01,3.218372072833360353e-01,-1.023530204566755336e-01,-9.737727865402102945e-02,3.306220935123966864e-01,2.284349838559222579e-01,1.079533429199246719e-01,6.044996280452592102e-02,-3.108973145310794939e-01,2.118709744149757102e-01,1.916492326592247331e-01,-3.379974214301544322e-01,-1.001423114654900470e-01,3.291021707379532812e-01,-4.053189338351186749e-02,-3.580940130016641576e-01,1.139887335933847667e-01,2.900062819862566643e-01,-2.347491520774449558e-01,-2.359410656114623028e-01,2.795265096878506439e-01,1.195912825694658288e-01,1.620855360702685155e-01,1.211374530511631076e-01,9.338035334244450258e-02,9.952830326253656046e-02,5.459613763470305692e-02
5.309392924405583608e-02,2.822650403439202690e-02,5.507610667073140759e-02,8.494921359909288205e-02,4.604825139809283485e-02,1.018333741837730982e-01,7.064968550809243297e-02,1.318998481323374050e-01,5.993216149838685031e-02,1.000000000000000000e+00,2.052592716227337744e-01,-3.382759962102468432e-01,1.423166149059646168e-01,5.730516745795346534e-01,-1.014390960062276081e-01,-2.874975065579337685e-01,3.984814216089125893e-01,3.719048707366687800e-01,-1.746125248203486413e-01,2.257653265881482685e-01,4.264599770691152036e-01,-1.635515074129538504e-01,-2.082301302588578096e-01,-4.770077710724850983e-01,-2.008117468087912416e-01,-4.546164346363557041e-01,-3.279910302379579479e-01,-4.937419389709666456e-02,1.502040839294546959e-01,3.337375564661312910e-01,2.678129379685544320e-01,-7.806937689756077159e-02,3.030838812104966196e-01,-1.073975445344348689e-01,2.455294058032930216e-01,-3.031100448874234909e-01,1.158299798761730365e-01,3.606263835382914062e-01,1.483069875250187242e-01,5.613332988587745043e-02,3.646219723371063037e-01,9.948867440371855775e-02,1.935218257178834000e-01,3.530883524111431276e-02,-1.786988696024052747e-01,-6.142255525828009821e-01,-3.950934004703727798e-01,-3.736759279854652283e-01,-6.135687172168197145e-01,-3.162609104939066440e-01,-5.582861737411998204e-01,-2.999613537664621021e-01,5.273506673306783445e-03,-4.855361232077982647e-01,-2.325018719178794935e-01,8.886463325850875450e-02,2.292626068649860349e-01,4.152356377625042172e-01,3.389665660713522266e-01,3.489905500440008690e-01,2.154854170436351357e-01,3.032456396306525970e-01,2.607461319187348581e-01,1.927520934731173086e-01,-1.324493499596893220e-01,2.793789273344504664e-01,-6.459685679465982993e-04,9.263030801507422807e-02,3.537027686233101265e-01,1.662513804043324050e-01,-9.303387882101155776e-03,2.012079909970526659e-01,3.339637040726204931e-01,6.741967010910028535e-02,4.580379397965820415e-02,2.958761937134407050e-01,2.512798165282130181e-01,4.712841054406211733e-02,9.260726237456048948e-02,1.264488805963743905e-02,-1.345724310534772983e-01,-3.966626893956015643e-01,-2.746782610233463109e-02,-3.464637291021984145e-01,-1.896888013715944676e-01,5.419967210193171042e-02,-1.534031518036071129e-01,-3.821327897768120874e-01,-5.995568299998631223e-02,7.792568669764698974e-02,-3.036334883828594733e-01,-3.117116407277421564e-01,7.875753519199901742e-02,-3.445411846857018845e-02,-3.493227619581696919e-01,2.503462418287688562e-01,1.052934346342935396e-01,3.989035409510827135e-01,1.517072482058376137e-01,-7.120614314328850558e-02,2.638284484299908139e-01,3.299504236319029671e-01,-8.984761297375758529e-03,2.162576699608216926e-02,3.748794971926941444e-01,2.072314207045782286e-01,-8.715239958680318089e-02,1.600719684207131677e-01,3.899733570474667177e-01,2.109502967577395541e-02,-2.158598957587524320e-02,-8.167442233599766718e-03,3.647727455163549820e-02,-2.102705086206363080e-02,3.307018365301931523e-02,6.974888526742951955e-02
1.972867410268765720e-01,2.335477250456888532e-01,1.284698909086365859e-01,2.929634538843596814e-01,1.236400765451921152e-01,1.859023203188506779e-01,2.255177560450434548e-01,3.693241615369836084e-01,-3.442627388128341459e-01,2.052592716227337744e-01,1.000000000000000000e+00,3.082062939483686329e-02,-6.378848296875292423e-01,5.073536346101361616e-01,7.640351702785019850e-01,-4.746471742684870709e-01,-3.262711363838328160e-01,7.743223195056402330e-01,3.518705063342998929e-01,4.707330218249043408e-01,1.946319683853042770e-01,1.784479380252532721e-01,5.916657404865339753e-01,-4.150640278836441321e-02,-1.295279969243383865e-02,2.114734401997789004e-01,-1.915842906252192834e-01,4.434437886473974189e-01,-1.620753116139356242e-01,4.817005634929385494e-01,-2.542443844822327992e-01,-4.596198027975192391e-01,-1.028253088423542079e-02,-3.464139155271252490e-01,2.778369390555070553e-02,-2.303528453122431485e-01,9.169689922021016792e-02,-1.775767458113352848e-01,-3.933873328214665954e-01,-4.314917586548858153e-01,3.267129350876443912e-03,2.996052042639508750e-01,1.046389073495355843e-01,-1.749973295115576088e-01,3.100784234345215773e-01,-5.366282454736565240e-03,9.891470031187968304e-02,-4.288595385847340791e-01,-1.350681555717952176e-01,6.350788790166865538e-02,-2.220606078733815547e-01,9.057175058090971564e-02,-3.824964569293776151e-01,-3.098084005313689326e-01,-2.274580385573103658e-02,-3.449869157398784969e-01,-1.014561131087993590e-01,-1.090176963629478635e-01,-1.446220250897612136e-01,-2.392567437631288874e-01,-2.634931678222205975e-01,-1.361704173213276470e-01,-4.385642441197589725e-01,-1.189860362105572694e-01,-6.161004138529588836e-01,-3.558533843093655280e-01,1.963207404080928864e-01,6.718998015962004411e-01,-1.693624108474413650e-02,-2.939984439519408022e-01,5.058185117792663998e-01,5.031347366988222491e-01,-2.755156991171421321e-01,-3.086421934744632695e-02,6.780167582603385812e-01,1.852557094169137442e-01,-3.557809723791667822e-01,3.926894209377329026e-01,6.015955880278700540e-01,1.347248555123676528e-01,5.570081807117628347e-01,1.111766319523800617e-02,5.400787507050889280e-01,2.049508131956270518e-01,-2.507872924799333658e-01,-6.196481181177747599e-01,-3.555702015156980700e-02,9.000162656624027813e-02,-4.756060977520110700e-01,-4.666567570796789077e-01,9.081876829026787334e-02,-1.199192777376876934e-01,-5.550717920982211062e-01,-2.971954413909941861e-01,1.839573659934050365e-01,3.582008716072757060e-01,5.854159356325658869e-01,4.841575433927841621e-01,2.265883705165710194e-01,-6.676242045645155443e-01,-5.796208183231459088e-02,6.172491817425043159e-01,-2.224988660114019245e-01,-6.171667150480016906e-01,3.326294218730234675e-01,4.369866154691297577e-01,-5.438053853524486003e-01,-3.546725131282228993e-01,5.470752605954928294e-01,4.372637980585401124e-02,-6.464835148841789614e-02,7.911244350559841487e-02,8.812185082638099298e-02,1.211118659226401335e-02,1.035754099525793281e-01,1.047184686457025560e-01
9.052680014598034341e-02,6.508832656679391926e-02,2.264184816421515797e-02,6.293367227723112300e-02,-2.251328575043331365e-02,-2.846824779753245882e-02,1.817829230166182752e-01,3.381587228628862851e-01,3.821964655201393612e-01,-3.382759962102468432e-01,3.082062939483686329e-02,1.000000000000000000e+00,4.003339393549022046e-02,-5.391004463691149162e-01,5.646401930638788036e-01,7.004129854971706814e-01,-3.961942709025082499e-01,-1.498709547550100274e-01,6.969341368947267190e-01,1.627466294462483754e-01,-7.154828875580120373e-01,-3.052099290542786836e-01,1.223807999810598290e-01,3.978487068075396427e-01,-1.499013008863786800e-01,3.852524973617133530e-01,1.625465326111936309e-02,-9.621115344529439228e-02,-3.283275961299093604e-01,-2.406066481549042069e-02,3.132969752870565783e-01,-4.165945487301785100e-02,-3.735132932108812809e-01,-1.403935809793074307e-01,-4.776866852968785215e-01,-3.948003467399605754e-02,-3.664155938277002256e-01,-2.457435181968139204e-01,-3.790844490525190347e-01,5.186099908879648890e-02,-4.365826625679889994e-01,-8.742291842984092898e-02,-2.400920004435311284e-02,2.574997256133849111e-01,2.540767224416400905e-01,1.528216665471342495e-01,4.521143454267304018e-01,2.620037082976417464e-01,2.585766415907957971e-01,4.519754127554597711e-01,3.967160206428451130e-01,4.581663210444797962e-01,1.632331372004461045e-01,2.742844605219426635e-01,3.689602220105033803e-01,-2.501240392028115933e-02,-1.105339220092278890e-01,-2.040137696129865896e-01,-4.274744475046219905e-01,-3.676890802894881016e-01,-3.822860628021365059e-01,-3.860635022176786002e-01,-4.159146588851462822e-01,-7.258859430941942970e-01,-3.643919711442791809e-01,-6.502045851276780919e-01,-4.276354215397784042e-01,3.227667666752161990e-01,-1.474628957479604541e-01,-7.464270975121153340e-01,-1.121715414496122498e-01,3.391219441426979730e-01,-4.630409316551716281e-01,-6.413487514663168687e-01,1.874405191154347172e-01,1.244154281350559055e-01,-7.050970354857959421e-01,-3.309222138137135061e-01,4.222407656881286275e-01,5.736834372888638400e-01,3.189911015190012855e-01,2.482336559373721774e-01,5.695475088211119264e-05,6.148419120176445984e-01,-3.547785120235028566e-01,-2.671657344718245675e-01,7.068768998734398235e-01,3.326331884812358530e-01,-5.407124590296448208e-01,2.790229563720185435e-02,7.879698739518810058e-01,-5.620487325572866982e-02,-5.553692482083375515e-01,4.044903707374819524e-01,7.207725533927941131e-01,2.514987978253972467e-01,4.006085361742562911e-01,-4.825826722661407109e-01,4.199435359448615568e-01,-4.002579374214820795e-02,-7.897893928398742602e-01,-4.194059287970991002e-04,4.348640968674913343e-01,-4.703815021152382148e-01,-6.440196120787312628e-01,3.414619512224051356e-01,2.123536708213270563e-01,-7.291603298839535174e-01,-3.013184281197964776e-01,4.567542909930646378e-01,1.435637109035782510e-01,2.744186746515792641e-01,2.823224629654428885e-01,1.495049216554493743e-01,2.076981503244289540e-01,8.970331346110962945e-02
-1.093903635667285157e-01,-1.591908176701755939e-01,3.459884694849795200e-03,-1.820382516796777150e-01,-9.932974515730692844e-02,-2.383150363994471221e-02,-1.384339145296585305e-01,-2.434297498551390992e-01,3.339103194994685886e-01,1.423166149059646168e-01,-6.378848296875292423e-01,4.003339393549022046e-02,1.000000000000000000e+00,3.326496390563155742e-02,-5.969031427609069462e-01,5.931763874288663585e-01,7.656046344188304209e-01,-3.501568443744446091e-01,-2.373199718978633854e-01,7.781354725778885650e-02,3.813089053355128710e-02,-6.603365795762542456e-01,-6.787003751712232802e-01,-4.787047130977931664e-01,-4.937419922499612368e-01,-5.644086843240199158e-01,-4.132000437425452644e-01,-6.173972160434181289e-01,-1.513289843215512853e-01,-3.127491681312814520e-01,4.692299575610309192e-01,3.804226054686801056e-02,-6.779847088482665596e-02,-9.079690904765561066e-02,-1.603644964050716104e-01,-2.449667022932267846e-01,-2.391064792685410889e-01,4.437986665627911553e-01,2.627976464371868937e-01,5.502109784636629586e-01,1.962940152575461117e-01,-2.617613517554647634e-02,2.511613428902857437e-01,3.925632101809236607e-01,-8.523620766540106197e-02,-2.160464710649503961e-01,2.724964065834849236e-02,3.281909003130030755e-01,-7.861685525174821887e-02,1.387676992416502497e-01,1.339421667414222306e-01,1.686859554257833238e-01,5.263631979255015692e-01,1.967923851992817719e-01,1.837545445952710188e-01,5.359265550559125790e-01,3.361823436007148613e-01,3.516082250738229442e-01,3.505021832103485946e-01,3.468613498148085394e-01,4.295428161788286681e-01,2.671422519628277037e-01,5.140657035441701384e-01,-7.722301825778242479e-02,2.518781723948208540e-01,4.596259872823568182e-01,-5.851163962362285753e-01,-4.313200869721637298e-01,5.569069355434821400e-01,1.004169218164415872e-01,-7.433306889422058861e-01,-9.357909067452849922e-03,6.027722424286571234e-01,-3.332014845789568191e-01,-6.327863722817799186e-01,4.063782909998476245e-01,3.637304225252149248e-01,-6.751623266780634181e-01,-2.605656898104030672e-01,3.020707806042579602e-01,-6.840865425944983036e-01,-5.203599723627053697e-01,-7.427384137134629416e-01,-4.500758864903034451e-01,-2.991824342949115922e-01,6.745374441735421112e-01,2.818880297772532462e-01,-5.573514595174809960e-01,8.676630496358722633e-02,7.568417587114436573e-01,-7.254759856612623403e-02,-4.652675887744940897e-01,4.353607868780686729e-01,6.238307370811945196e-01,-3.223275407283431870e-01,1.976437733011290609e-01,-2.458763436205956276e-01,-2.454004608289395428e-01,3.158108486860667918e-01,6.771186617792042117e-01,-4.764022414874871658e-02,-1.777971984352283985e-01,5.982159040716201748e-01,4.585276425852261584e-01,-2.327490816904473347e-01,9.074937555072069839e-02,6.970880480734480411e-01,1.778623711650943462e-01,-1.975061721382607716e-01,4.149296291441829654e-01,2.357353109132380165e-01,6.612764350519918788e-02,2.779674339333985111e-01,1.058284611665010339e-01,1.112158350639702309e-01,8.620898148194393318e-02
