1.000000000000000000e+00,4.378515907058858070e-01,3.307393128030646223e-01,3.056327928226199031e-01,1.753912100488095038e-01,1.379067675285223504e-01,1.611769775709729069e-01,3.954665084773189426e-02,4.218811123923758843e-02,5.998933242908616181e-02,5.466131815521671489e-02,3.526579211209875803e-02,8.366210403701061088e-03,2.889967647317671223e-02,2.850954893907348478e-02,-9.072746134269585490e-04,3.019736967523125107e-02,4.676727300984798857e-02,4.493979017377900537e-02,3.288077291365098381e-02,2.543182559317630140e-02,-3.481560799614534171e-03,-1.106919272611340925e-02,-1.940219666075606534e-04,-4.387083924471172486e-02,1.267784722227407838e-02,-2.208213006744977336e-02,-3.783826373778342855e-02,-2.171352400070121827e-02,1.910413000809711367e-02,-1.556898608641433222e-02,-3.121480337311954237e-03,-1.873178314225688304e-03,-2.066292403080654053e-02,7.531853993414663710e-03,1.325153132183931257e-02,1.739491050651251116e-03,1.471632482596556962e-02,6.345249317094110372e-03,6.283873139945326744e-03,-2.339257604730720329e-03,1.257133452077355620e-02,-1.219778853741483897e-03,7.410249274480442110e-04,1.398755106243701127e-02,-1.003918313570215624e-02,-1.076721054056892744e-03,4.632258742081130261e-03,-7.391861045298571756e-04,-2.565605453921292883e-02,3.314330082553687724e-03,-2.013377487552789336e-02,-2.156802366521985703e-02,-1.872179441138801387e-02,9.450226578831174770e-03,-5.656641535418006385e-03,-2.787545811877905136e-02,2.180760343608035765e-02,6.634488435350242418e-04,-2.092719034289310109e-02,1.380975792024247313e-02,4.014726787285700926e-02,1.645505275890404503e-02,3.697333630066916565e-02,1.581032930718862320e-02,-2.644807100731250051e-03,1.558384572905579905e-02,-5.352033279046050987e-03,2.629307108567019088e-02,2.614411111349968300e-02,1.142729526270307161e-02
4.378515907058858070e-01,1.000000000000000000e+00,3.416837990415078075e-01,2.607508573396257745e-01,3.199288544964490888e-01,1.571034915791351128e-01,1.527298910544854782e-01,6.845440147462661384e-02,5.113583517277025398e-02,9.602786611430813579e-02,8.198449885508427015e-02,5.095803638320672846e-02,2.323011711940405760e-02,6.681805076177289859e-02,2.618640404913519237e-02,-3.963092768319237749e-03,5.021132957329790814e-02,2.789101522934683136e-02,3.868321953576091959e-02,5.089749058556124195e-02,4.229235841540630869e-02,-4.309261753166975829e-03,-2.149907851714195212e-02,-1.410026927857575656e-02,-3.657570235394425051e-02,1.975461226124308484e-03,-3.811213545536355080e-02,-4.943418785851185632e-02,-1.906519649746945752e-02,1.601186808033876457e-03,-4.991130677185068309e-02,7.929944869206057359e-03,-1.158145421868269666e-02,-2.112512482861972699e-02,-1.368797134969335257e-02,1.060690522960611344e-02,9.146490524643191913e-03,9.093886463739049575e-03,8.038650852485571333e-03,-5.724856141787443287e-03,1.877703013721655203e-03,-1.118540072796546901e-02,4.244453507944328553e-03,4.262452351966000523e-03,2.553643019718851784e-02,8.388230145182262038e-03,-3.236944026394097691e-03,1.083127137869039020e-03,-2.148550386043818899e-02,-2.780243841062762788e-02,1.045559657829127050e-03,3.137492787554356510e-02,4.701538571895608025e-03,7.533839205524892751e-03,-1.760534905760203009e-02,-1.828406372689568918e-02,-3.007586005712509225e-02,-3.344973592979468696e-03,1.952718023520078755e-02,-1.181111095228214690e-02,2.682555929024041039e-02,3.759636553193340669e-02,2.731643514316951446e-02,4.007207247522001636e-03,2.702255127194486822e-02,2.558525767804555734e-02,-1.318837059261373894e-02,-1.456544181311651004e-02,3.761357563608626678e-03,-6.065046973782515713e-03,1.748574560679495848e-02
3.307393128030646223e-01,3.416837990415078075e-01,1.000000000000000000e+00,3.221081904532531182e-01,3.160288765314533399e-01,3.022429939113498443e-01,1.477003723359408827e-01,2.739309932969900829e-02,1.048920959059021218e-01,9.210362499038937667e-02,8.684074952832634975e-02,4.761593357327328219e-02,2.608515286633272812e-02,2.539772563167971842e-02,2.559658720945403795e-02,2.839039912827648685e-02,2.969711294529277235e-02,5.820159989703116432e-02,5.443099571757380184e-02,3.240391034199401055e-02,8.962379858371380403e-03,1.553593836034050484e-02,-5.942128453694948444e-03,-4.490117598782208778e-03,-1.206399990743350914e-02,4.686920693230565635e-03,-1.260802858069006924e-02,-2.794259456012030893e-02,-1.575172396708181266e-02,5.726781337598885191e-02,-6.316862608243643297e-03,3.483891055109681820e-03,3.350813718143525605e-02,-1.108855108155808525e-02,9.505834169235821002e-04,2.784665885625896287e-02,3.825631193202030933e-02,4.553674112340568708e-02,1.344245615830321622e-02,2.340802431822835289e-02,2.389910957562423749e-02,3.929527490762881048e-02,6.614498306747134543e-03,4.824934710274929490e-03,2.057319157717646049e-02,8.245157994596224310e-03,-1.307435799102898630e-02,-2.068312159114397975e-02,-5.031967622004423699e-03,-6.425745112491845767e-02,-2.135524604663589093e-02,-2.029181145819262955e-02,-2.838294166693703519e-02,-2.495614532943036742e-02,1.359998587702753760e-02,-2.894546340344670773e-02,-1.828604734376655314e-02,-1.576101285272823917e-03,-7.091870902076830019e-03,-9.896638328358263459e-04,4.710913728618642583e-03,1.386643708413555325e-02,8.334641140978677788e-04,8.831542208769407529e-03,-5.010006289978786650e-03,-4.337939586894182416e-03,-1.420827305937303990e-02,1.287415484959560097e-02,4.187697447341846846e-02,4.584155885144260145e-02,-1.551378048961672348e-02
3.056327928226199031e-01,2.607508573396257745e-01,3.221081904532531182e-01,1.000000000000000000e+00,3.873415782304991395e-01,3.849319390960350695e-01,4.485660132203795336e-01,1.740369909716023289e-01,1.644623210956225046e-01,1.437028551800989262e-01,1.080440280350468546e-01,6.869281907082183669e-02,3.430149670939679901e-02,1.204412814668304882e-02,2.560480403699277527e-02,5.354827190362518655e-03,1.129077507864899993e-02,1.470022426864914765e-02,1.879955626549281722e-02,5.350839077955713008e-02,-2.915789156270206638e-03,-4.746746597052751981e-02,-2.071035706246985436e-02,-1.212941760769976245e-03,-2.714419906042195643e-02,6.906273644867757383e-03,-2.975739668468512997e-02,-2.809763387701235890e-02,-1.216454036758296033e-02,4.108994242111078943e-02,1.964636666107335769e-02,3.665674400900802848e-02,3.167484226101792422e-02,1.937773012338490572e-02,5.950177935424065534e-03,3.373773158204408651e-02,3.854549546074470534e-02,3.867217926830049390e-02,6.764617407524903259e-03,-1.317957761020682045e-02,2.079760861779067840e-02,1.920412653583049994e-02,3.179930884273499559e-03,4.134823410519068536e-03,-1.212942501356785614e-02,-3.535924856762428375e-02,-4.616213618227209270e-02,-4.013758248386162242e-02,-2.319933269713445739e-02,-3.283279303606436578e-02,-2.863410101365345545e-02,-3.979614958516309968e-03,-2.119536743009492463e-02,-2.035834433056494391e-02,-2.145507526537566989e-02,-4.789078006787439445e-02,-4.510804943810473033e-02,-1.778434597031666384e-02,-1.373213620289163647e-02,-3.418188518398585646e-02,2.196413538805466747e-03,2.855467962605061708e-02,1.574953463522174232e-02,9.049659468481912813e-03,1.093585486109898385e-02,9.009278660533600810e-03,-2.215940516396273843e-03,-1.438260256949930489e-02,3.284300491551352119e-02,1.609650270592557011e-02,3.472125362689264250e-02
1.753912100488095038e-01,3.199288544964490888e-01,3.160288765314533399e-01,3.873415782304991395e-01,1.000000000000000000e+00,4.103404761153144342e-01,3.339539687088734499e-01,2.493207187979051831e-01,1.382341589289461936e-01,1.277263126133370286e-01,1.523241206666013647e-01,8.435425575002718224e-02,4.699557696840057225e-02,4.293586200964452822e-03,7.814207320268204415e-03,1.762524244842708643e-02,5.869719431866162428e-03,1.489546993388810546e-02,4.568374683320817337e-02,5.017484471825209291e-02,1.273518734254754830e-03,1.498725945964357424e-03,1.417616623277747137e-02,4.139274869186662653e-02,3.684111858621254981e-02,5.740268678520626250e-02,1.138529107296717795e-02,1.813225938302301041e-02,2.401726540837816060e-02,1.003357155648078869e-01,3.613040162903043140e-02,6.883098258235054168e-02,4.617914415444177023e-02,2.241060903313671013e-02,-2.921931384831177349e-03,9.287016023815083954e-03,4.159413292539567569e-02,3.997104224269966422e-02,8.896391463408280520e-03,-1.016191908156087930e-03,1.084822508420433054e-02,2.401453831031483653e-03,2.040642693943721560e-03,-1.436601200705420363e-02,3.048122924487002908e-03,-1.570479200254334615e-02,-2.632797414454758622e-02,-4.916922186567451725e-02,8.107542453695834941e-03,-2.135658896530632372e-02,-2.904021357508721271e-02,-7.705893740559599872e-03,-2.271382610867615087e-02,4.009061408108805825e-03,-5.369631121999825923e-02,-8.165464469374869583e-02,-5.973289309534882824e-02,-1.260491347730642933e-02,1.161657162738357479e-02,1.342485414019761389e-02,1.283857691256599064e-02,-3.016612386427912698e-02,9.453377708056509912e-03,-3.010903234989001451e-03,9.732819262876449967e-03,-8.514356682157634901e-03,-6.243116366471460066e-02,-9.519509456992562499e-03,1.350525610054772833e-02,-1.394866889209950972e-02,5.846389436617639192e-03
1.379067675285223504e-01,1.571034915791351128e-01,3.022429939113498443e-01,3.849319390960350695e-01,4.103404761153144342e-01,1.000000000000000000e+00,3.430273243723028220e-01,2.451097479714424987e-01,3.851175825134903197e-01,2.077376137465205830e-01,2.514455871203436499e-01,2.149299488237745026e-01,9.754860489508755672e-02,4.496448980105834103e-02,5.599991361879325114e-02,3.510810517885436938e-02,5.348185004364811035e-02,3.896240084034330309e-02,4.643941585458908478e-02,5.329545342748324976e-02,-4.070095253881568509e-02,-3.025603077870211641e-02,2.042065845420239570e-02,4.121973492099594710e-03,1.117212364769027549e-02,3.565093321160164169e-02,-2.504149197284936609e-02,6.397717064659336726e-03,-3.688864510522051315e-03,8.000901568881266246e-02,4.291229069544696267e-02,7.590042517308004388e-02,4.287910648578550921e-02,2.156167012194324176e-02,-2.170389499452515109e-02,3.482641870409547424e-02,3.348431332720867848e-02,3.481134728613406726e-02,-2.852199012901881093e-03,-3.585126193794396787e-02,4.393152136965171838e-03,-5.036959260903303010e-03,-2.118618695854190132e-02,-3.657171200103897287e-03,-1.638679103264650133e-02,-1.368694984678957456e-02,-5.266505453557269317e-02,-5.090857269728719936e-02,-1.076990827644106093e-02,-3.386814185713973163e-02,-1.731552984492010921e-02,-1.543401420771776771e-02,1.093795476685350231e-02,-1.238575060669584596e-03,-1.767922950191743326e-03,-1.617276753615709897e-02,-3.458117814183587352e-02,-2.663604675768839296e-03,-2.582831409272000681e-02,-1.602973862916432304e-02,-7.267845891268390895e-03,1.036400023984750118e-02,-2.844953332398288039e-03,-1.364895196354305555e-02,-1.380766562971787528e-02,7.991364486888155594e-03,-1.845961174842754293e-02,-3.080134027635310703e-02,4.074701458766252782e-02,2.850373329207752868e-02,2.788432001396242907e-02
1.611769775709729069e-01,1.527298910544854782e-01,1.477003723359408827e-01,4.485660132203795336e-01,3.339539687088734499e-01,3.430273243723028220e-01,1.000000000000000000e+00,2.860101009387022719e-01,2.459508298044137120e-01,2.107935502751776546e-01,1.511519339491090297e-01,1.441807876767670915e-01,1.008526819399558350e-01,3.421621045824431440e-02,6.574980095238354416e-02,6.588153240717513348e-02,5.091831084862389473e-02,2.605549510849423586e-02,5.036080269589066072e-02,5.966683345467238553e-02,-1.971679415771666888e-02,-2.956851602218179415e-02,2.653373793956299506e-02,2.099522650248326211e-02,-9.673960679985270025e-03,3.107929695735210489e-03,-1.787982654799389129e-02,-5.916727028480992835e-03,-2.941085418407492907e-02,3.885535138562028895e-02,3.686489741668074610e-02,2.535595215845522742e-03,2.547517046484911590e-02,4.786866847431730555e-03,1.034275051837570125e-02,-1.224575581242036242e-02,2.313733884132794863e-02,3.366063272064413053e-02,-4.414897650404256586e-03,-1.322824970262672165e-02,1.044530913537579679e-03,3.094463564764775645e-02,2.417063059510321521e-02,7.457322944057827308e-03,1.438095946742184127e-02,-1.454069684099876594e-02,-2.038598054340059681e-02,-5.364606384752144963e-02,-1.393876661595393890e-02,-1.923259359141306704e-02,-7.841159136570579821e-03,-9.044543728281180528e-03,-3.974074882102893863e-02,-9.829644625094642943e-03,-1.252032036855305411e-02,-3.735441102908922117e-02,-6.340941399548251367e-02,3.095901797730233815e-02,3.962916970188481297e-02,1.353669642595459535e-03,-5.715771215851966208e-03,-2.252037778723561118e-02,1.198429692911329864e-02,-1.380911413646212539e-02,5.737266947787055850e-03,-1.960801482834378245e-02,-3.121465507010380211e-02,-3.170240169029229366e-02,-4.922904250138787369e-04,-2.886113679454151842e-02,3.599405410161735097e-02
3.954665084773189426e-02,6.845440147462661384e-02,2.739309932969900829e-02,1.740369909716023289e-01,2.493207187979051831e-01,2.451097479714424987e-01,2.860101009387022719e-01,1.000000000000000000e+00,3.182652704211172967e-01,4.419391415122113087e-01,4.538481415624804893e-01,2.348645688038456525e-01,1.426289912740142940e-01,1.006242543271961415e-01,8.989058220361874352e-02,1.050234717057175055e-01,1.068453745359141532e-01,2.292618019322769859e-02,4.617607741590223913e-02,8.210533086883571585e-02,1.179247894557596682e-02,-4.857123899146099238e-02,6.637545473382470973e-02,1.078288265533342656e-03,1.886554366802357594e-02,1.080519328709885277e-02,-2.833914849355480964e-02,1.865271345088966373e-02,-2.753662295207739974e-02,2.195844452967289293e-02,1.965711226938130808e-03,2.191077680084855053e-02,-4.830424287846621367e-03,-4.100737135627078277e-03,-3.673730256188496163e-02,-4.531765207862819937e-03,3.311800810481384943e-02,9.164115933571916409e-03,-2.119420952496431018e-02,-4.117017220165755664e-02,-2.150315942011513798e-02,-3.077492602202370336e-02,7.288456074202340901e-03,-1.326915794828024096e-02,8.422188359380420111e-03,2.863046555159651577e-02,-2.790356171507935371e-02,6.940283332697766254e-03,4.194976796138716324e-02,4.503518048879431857e-02,2.094807964848407339e-02,1.275895826426310699e-02,3.382431144259169520e-02,-1.121554034497964161e-02,-3.380850822991357529e-02,-3.164150314776342093e-02,-4.306123937976669841e-02,-5.622080434633611873e-03,-1.191521462222316918e-02,-1.050565973932275632e-02,-2.859967055547824738e-03,7.792738001872820917e-03,-7.312304096745380309e-03,-4.703354230803599191e-03,-1.100472316385255522e-04,-1.491704405163870456e-02,-2.858264754605282718e-02,-4.447112272228730123e-02,-2.355985510598735278e-03,-1.788743453602358729e-02,1.047899203768796507e-02
4.218811123923758843e-02,5.113583517277025398e-02,1.048920959059021218e-01,1.644623210956225046e-01,1.382341589289461936e-01,3.851175825134903197e-01,2.459508298044137120e-01,3.182652704211172967e-01,1.000000000000000000e+00,3.855602758866089608e-01,4.831896146074421972e-01,4.335046472383908278e-01,1.966616537120769725e-01,1.575743351243349966e-01,1.197873927073522665e-01,1.188975603591059527e-01,1.458285025573924920e-01,3.417582870707649989e-02,5.199708650829490408e-02,6.224047221009371827e-02,-2.260520147305747699e-02,-4.364374594969399473e-02,2.368660921574932202e-02,-1.166116244056483210e-02,2.587998112326801367e-02,3.598724785670192466e-02,-4.021666642953519721e-02,1.885147936864140991e-02,-2.323562857244365273e-02,4.372185687018716183e-02,4.634761949652789481e-02,6.009500407706812319e-02,1.530482716045335721e-02,3.212675463166878020e-03,2.030252804799885773e-03,1.582061778801155047e-02,4.371756953975417838e-03,-8.187661250966551951e-03,-3.347029184814043906e-02,-8.720312885336158060e-02,-2.135301432086195508e-02,-5.232652889255950956e-02,-3.826483389240258048e-02,-2.636230356775826414e-02,-1.300765432213902943e-02,-1.897045399390738995e-03,-4.358776684014670916e-02,-2.642448736582895391e-02,-1.126949941687812630e-02,-7.620778907264496964e-03,-5.834014497981751535e-03,1.174017591599179657e-02,4.927384750675635472e-02,3.619098538412306859e-02,1.042338923020913813e-02,2.288763744309282519e-02,-1.703432631984547543e-02,-1.530043522635750677e-02,-2.820396754538110999e-03,-3.579864264974315369e-02,-3.800299449793375500e-02,2.026864011599924242e-02,-3.403431071785938816e-02,-1.888027750141650987e-02,-1.252568688534777888e-02,1.040340760274013291e-03,-2.846673744365039310e-02,-2.651858009363408653e-02,2.466484106811255711e-02,5.859301198096184340e-03,2.028236861014821868e-02
5.998933242908616181e-02,9.602786611430813579e-02,9.210362499038937667e-02,1.437028551800989262e-01,1.277263126133370286e-01,2.077376137465205830e-01,2.107935502751776546e-01,4.419391415122113087e-01,3.855602758866089608e-01,1.000000000000000000e+00,3.836368769960008529e-01,3.504411909299384731e-01,1.774836024022734826e-01,1.340847761516067438e-01,1.598985484202671281e-01,1.682119272206905602e-01,1.400149809660438671e-01,5.716224872489140962e-02,4.279251378121403521e-02,5.993221842680227646e-02,-1.191939125110147608e-02,-1.760642228543729537e-02,3.889158102794814525e-02,2.163517338435462598e-03,4.233431570020356610e-02,1.815333315145621282e-02,1.376670846649890581e-03,4.402426455425700880e-02,5.428095087112628711e-03,2.995063471258711807e-02,3.971131918091451440e-02,5.230598964414038404e-02,9.569473486599545595e-03,3.702721444389921873e-02,-5.029460435919898623e-03,3.739241488160241489e-02,1.785967668489401097e-02,2.473216130240630650e-03,-7.420656306069682920e-03,-3.964803971536641491e-02,-4.930424274906298338e-03,-2.234098032602320136e-02,-2.716658766489939147e-02,-2.835399770202710196e-02,1.123702489832408349e-02,5.449920046315109325e-03,-5.412860758295667124e-02,5.227059728682263880e-03,1.254779750609384160e-02,-2.052876622196900258e-02,-9.970009218303241966e-03,2.242998490308510673e-02,3.536098367692421668e-02,1.803403738639069651e-02,1.014036928053512615e-02,1.509708502656077062e-02,-1.201382431043134143e-02,-1.771710905960221030e-02,-4.942279430496735598e-02,-3.051670383092718389e-02,-3.350308877861615797e-02,3.725126046378015449e-02,-3.378194784404713047e-02,-4.481092038203408207e-02,-3.057595659329423801e-02,4.005908755877949506e-03,-2.202359605069835469e-02,5.512289022688233314e-03,1.268809851594452504e-02,-7.557454828840253500e-04,-6.283488474048750175e-03
5.466131815521671489e-02,8.198449885508427015e-02,8.684074952832634975e-02,1.080440280350468546e-01,1.523241206666013647e-01,2.514455871203436499e-01,1.511519339491090297e-01,4.538481415624804893e-01,4.831896146074421972e-01,3.836368769960008529e-01,1.000000000000000000e+00,3.237005938110664172e-01,1.609156581030628252e-01,1.724285365696222594e-01,1.409144294494713012e-01,1.801457190616429782e-01,1.927927064743698016e-01,8.718764786431136560e-02,1.286223482875870072e-01,1.084300226285755814e-01,1.918251764809593418e-02,-1.270576196962992441e-02,7.347070246528199233e-02,-4.120615507423469777e-03,4.712663241923789603e-02,3.320842437125651192e-02,1.566786675134368076e-02,3.110808789027501298e-02,2.966181229192453236e-03,6.007715417195500646e-02,-2.707800455465408668e-03,5.739543033930067512e-02,1.215766350003256828e-02,-5.558090353111176489e-03,-2.533190591085359572e-02,3.236501572997892325e-03,-1.764842753037390924e-02,-8.385185739469567037e-03,-2.184696321049084053e-02,-8.511973763155751549e-02,-1.194020848902822493e-02,-6.519358419481638411e-02,-2.531741577277063157e-02,-2.763081394216998846e-02,1.801695377802392745e-03,1.944697878365973104e-02,-8.096650398437793550e-03,2.683942574268350680e-03,2.719149052798978602e-02,1.318506886123654506e-02,5.707807523495526947e-03,2.473323259417819359e-02,2.566049484142164314e-02,-2.702629763101104324e-02,-3.598144456491283311e-02,6.044198360632314568e-03,-3.012192840411849828e-02,1.548218407757503403e-03,-1.856450546428460233e-02,-4.017586662078926479e-02,-1.267038223121055157e-02,1.961133935287820429e-02,-1.660712376957173414e-02,-1.867826622040267117e-03,-6.234075336377185167e-03,-1.040724994868511173e-02,-2.693844628700307539e-02,-4.270505325055153067e-02,2.491472331900398268e-02,-1.206222178948123747e-03,2.935950017937663178e-02
3.526579211209875803e-02,5.095803638320672846e-02,4.761593357327328219e-02,6.869281907082183669e-02,8.435425575002718224e-02,2.149299488237745026e-01,1.441807876767670915e-01,2.348645688038456525e-01,4.335046472383908278e-01,3.504411909299384731e-01,3.237005938110664172e-01,1.000000000000000000e+00,3.542968472288478554e-01,2.395368352300965009e-01,2.025388444024010526e-01,1.921157690875161805e-01,2.243388424676570070e-01,1.232723189083056309e-01,6.292864001686712672e-02,1.147092347674785046e-01,4.817519413522959593e-02,2.124082711645349300e-02,4.054659359194495022e-02,2.581893066309095749e-02,8.271817805957244751e-02,6.625922983667081878e-02,-1.867776045792014306e-03,3.352739065848348021e-02,-2.302554832800588966e-03,3.883351713686781365e-02,4.577295868705869714e-02,4.395616538835907250e-02,4.827516385608938282e-02,-8.981074323444387941e-03,-7.818879980012774858e-03,4.873915286445670153e-02,1.703878518302756606e-02,-2.540719307301542509e-02,-1.161293841347488774e-02,-2.875710752760675046e-02,-5.817049649668834706e-04,-9.400537549773982024e-03,-1.522066011949190292e-02,4.133823023068511522e-03,3.041386577870654195e-02,2.376411694097802993e-02,4.902829194462361186e-03,1.093043463739930971e-02,2.465078741925936373e-02,1.633189067244714479e-02,-2.385675876445074797e-02,-6.119264368885404771e-04,2.742603726868852662e-02,9.594468123377547855e-03,-1.656099468050540799e-02,-6.971805223028231489e-03,-3.544481964672854812e-02,-5.614121120384665820e-02,-3.975767212061551842e-02,-1.651037467140980403e-02,-3.296742340083833565e-03,-3.012512907492298150e-02,-3.706855661247537154e-02,-6.569530222806971298e-02,-2.083274631236710708e-02,-1.321543272126930561e-02,-7.675261132165422939e-02,-9.688318000370539640e-02,3.616445372813095315e-03,-3.473565171828186388e-02,1.760747707906782028e-03
8.366210403701061088e-03,2.323011711940405760e-02,2.608515286633272812e-02,3.430149670939679901e-02,4.699557696840057225e-02,9.754860489508755672e-02,1.008526819399558350e-01,1.426289912740142940e-01,1.966616537120769725e-01,1.774836024022734826e-01,1.609156581030628252e-01,3.542968472288478554e-01,1.000000000000000000e+00,3.517252509233274038e-01,2.938552047161958058e-01,2.976146794161841358e-01,2.941977505253782765e-01,1.814165356304748566e-01,1.741713372597623044e-01,1.890941629300972038e-01,8.557047439988912929e-02,6.998560036165731024e-02,1.336490196974047251e-01,7.580801274691079117e-02,1.124606113360775289e-01,1.001526667023399930e-01,6.274122597304696014e-02,5.146078788262677811e-02,1.814481394946408296e-02,3.901697310141009900e-02,4.582051043249207173e-02,4.317630126505288268e-02,4.209254130426616503e-02,3.243992286448569087e-03,-2.760467162923597659e-02,1.168079681864409892e-02,-7.348493926570388336e-03,8.462233257991407312e-03,-1.622595789017660523e-02,-6.598897094388031515e-02,-1.888243933384928241e-02,-1.466820494459597155e-02,-2.606676429784292315e-02,-1.680503907128157864e-02,1.874215958086544384e-02,4.183372535893882527e-03,-1.149343734392389849e-02,1.919278173497336896e-03,1.516908633146548356e-02,5.805994662730617865e-03,-2.099574231356162932e-02,2.339551061308371704e-02,2.353732789468556200e-02,3.331783576175504497e-02,1.960298272490995294e-02,1.834520471370636174e-02,3.415990092418120377e-02,-1.205182206088211208e-02,-3.318658633248326023e-02,-6.680279045804132093e-03,-4.599201808276832254e-02,-4.676106427357701323e-02,-3.782830653143397226e-02,-2.236961361283728786e-02,-4.634620716340293739e-02,-6.425902549995654578e-02,-2.571996265071475538e-02,-8.822206828725993877e-02,-3.446561996421838164e-02,-5.213870287777733203e-02,-3.457030664844607665e-02
2.889967647317671223e-02,6.681805076177289859e-02,2.539772563167971842e-02,1.204412814668304882e-02,4.293586200964452822e-03,4.496448980105834103e-02,3.421621045824431440e-02,1.006242543271961415e-01,1.575743351243349966e-01,1.340847761516067438e-01,1.724285365696222594e-01,2.395368352300965009e-01,3.517252509233274038e-01,1.000000000000000000e+00,4.249624664489390913e-01,3.522128971200793601e-01,6.465373478563184451e-01,2.514379398620182893e-01,1.983711787289602346e-01,2.392611321226903731e-01,1.075417307033905701e-01,6.489024458944904483e-02,1.367834195950014819e-01,1.067069484987248490e-01,1.166893364735725747e-01,1.352500437436977010e-01,7.516936831279805165e-02,9.230099074342300314e-02,5.233402508213762933e-02,1.950955739775084991e-02,3.198758853511270844e-02,6.748973788451932687e-02,5.759076660971504391e-02,-5.599798898714243231e-03,-7.393835295265319216e-04,1.423299614512485607e-02,6.782844084822937415e-03,2.321737764366955947e-03,-2.077896206894219375e-02,-4.648254368148101862e-02,1.160859585572426855e-02,-3.725830689907315418e-02,-6.079465705376799201e-02,-7.073369669474448285e-02,-2.278708249373183337e-02,-1.411230104738937091e-02,-1.177752340513786751e-02,-1.788408815681706912e-02,-3.031648349925306074e-02,-4.543473378940424134e-02,-2.831855125383647351e-02,6.494908513325174659e-03,-2.221460998825225061e-02,-1.587782696060924606e-02,-1.080662604620362920e-02,-4.456157971665455214e-03,-2.263250559287082950e-02,-8.977748500179606739e-03,3.346316853688387129e-03,2.653537852409043607e-02,-4.672181962179243475e-03,-5.239917190536166197e-02,-4.551752877071843159e-03,-4.780441332521771086e-02,-1.139852466357983533e-02,1.601167131168873548e-02,-5.050810264918374759e-02,-8.752827075718472294e-02,-1.748944051512436176e-02,-7.287286582559639181e-02,-8.062487626759059708e-03
2.850954893907348478e-02,2.618640404913519237e-02,2.559658720945403795e-02,2.560480403699277527e-02,7.814207320268204415e-03,5.599991361879325114e-02,6.574980095238354416e-02,8.989058220361874352e-02,1.197873927073522665e-01,1.598985484202671281e-01,1.409144294494713012e-01,2.025388444024010526e-01,2.938552047161958058e-01,4.249624664489390913e-01,1.000000000000000000e+00,4.070658551779390288e-01,3.912167172124700332e-01,4.412533462864257627e-01,1.556022340899855250e-01,1.854109396988327663e-01,1.390096846948073450e-01,2.291438976359354285e-02,1.234297006639478028e-01,1.209953929295643771e-01,1.168502652974745398e-01,1.334197719436297780e-01,7.234090593962336224e-02,2.198704340483187414e-02,6.994304766669220963e-02,6.928748595226577600e-02,5.110016642648669734e-03,5.712296807819425976e-02,9.032969096604352710e-02,-9.105545035086705721e-03,-2.482037614037019974e-02,6.641629154372792609e-02,8.031042877366528776e-02,7.037210055661427544e-02,5.612551864570251153e-02,1.060403217783025508e-02,5.075789643762744496e-02,1.889179221562248268e-02,1.940976515234370606e-02,-1.144687438878885279e-02,-2.016445690274054972e-02,1.509632983957100855e-02,-2.259062766624338539e-02,-1.937610351785974683e-02,-4.407496415888497582e-02,-3.095248055235279641e-02,-4.262511933653433810e-02,1.729908076978575737e-02,-4.385460496315167489e-02,-3.282482405340843290e-02,-3.271145473923302294e-02,-8.501279380730485113e-02,-2.162765451963813770e-02,-6.409888385868921235e-02,-9.143491006378449970e-03,2.619631050524962035e-02,6.080259338952731518e-03,-2.313177595572479470e-02,-4.980655038614972135e-02,-1.099848525950581912e-01,-6.755948559611371640e-02,-2.164610095943915111e-02,-1.203495686302240991e-01,-1.181380924340127009e-01,1.713478925098241290e-02,-7.224406197567416477e-02,3.347694268520386152e-02
-9.072746134269585490e-04,-3.963092768319237749e-03,2.839039912827648685e-02,5.354827190362518655e-03,1.762524244842708643e-02,3.510810517885436938e-02,6.588153240717513348e-02,1.050234717057175055e-01,1.188975603591059527e-01,1.682119272206905602e-01,1.801457190616429782e-01,1.921157690875161805e-01,2.976146794161841358e-01,3.522128971200793601e-01,4.070658551779390288e-01,1.000000000000000000e+00,3.522358335623230752e-01,2.882411241830278303e-01,1.988699006909369627e-01,1.117042821971332284e-01,3.628403445571620062e-02,9.072490975008497271e-02,1.371542795136797277e-01,1.282657658375640219e-01,1.801630672670526956e-01,1.668368329469702427e-01,1.080459654153529819e-01,1.361611129922278840e-01,1.048283180075294391e-01,5.073115750850400868e-02,9.060775762007815259e-02,7.299414811136267778e-02,9.522865634698558790e-02,7.086301230391145456e-02,2.193158280934812132e-02,6.449143228675187356e-03,-2.578039085755583475e-03,4.529011571639374872e-02,-1.376299357094700956e-02,-5.698708593637296510e-02,8.632544758890295031e-03,-5.695678779471209652e-02,-3.113618453120081328e-02,-4.250690783704010045e-02,-5.728375860292486688e-02,-1.513186434307746756e-02,-1.429326083229528511e-02,-6.430212429914491934e-02,-3.564173627303134084e-02,-2.768250955587334486e-02,-6.460351589786063331e-02,2.014039339375457444e-03,-7.388752549866408649e-03,-5.867223215798966773e-02,-1.004313672301766075e-02,-2.206674299826505425e-02,-2.289028880509423602e-02,-2.828712989434164007e-02,-1.721429151815782183e-02,1.232544123552576677e-02,1.033487965357536781e-03,-6.507172362467604498e-02,-2.144448556002711073e-02,-4.399775672953917804e-02,-4.390386820268674800e-02,-1.285323996203211958e-02,-1.943798316556900191e-02,-8.183629751341178760e-02,2.533825018945191215e-02,-7.051821067790678410e-02,3.907272860861681768e-02
3.019736967523125107e-02,5.021132957329790814e-02,2.969711294529277235e-02,1.129077507864899993e-02,5.869719431866162428e-03,5.348185004364811035e-02,5.091831084862389473e-02,1.068453745359141532e-01,1.458285025573924920e-01,1.400149809660438671e-01,1.927927064743698016e-01,2.243388424676570070e-01,2.941977505253782765e-01,6.465373478563184451e-01,3.912167172124700332e-01,3.522358335623230752e-01,1.000000000000000000e+00,2.953266592395450418e-01,2.399503822677996334e-01,2.899775280760656382e-01,9.733427222533919121e-02,7.808999019792640939e-02,1.542804619075935635e-01,1.025812560218888614e-01,1.573466762878926728e-01,1.326177937195069378e-01,1.259427106021701603e-01,1.530955331644906214e-01,6.980040847691422468e-02,6.556770397509636972e-02,9.590482227595630016e-02,6.423126500594543431e-02,9.831827706402004874e-02,2.537119074182241085e-02,-3.835960073213079500e-03,-3.115851250669620688e-03,4.048617541127080832e-02,4.437098936198428933e-02,-7.599929854838023344e-03,-2.797129633754006500e-02,8.366188456464904166e-03,-4.417802350980719328e-02,-5.827086194810597586e-02,-7.196067854268484165e-02,-3.588578403959327701e-02,-3.436090753434516837e-02,-2.673863593148206874e-02,-5.662233628862299584e-02,-3.843902630669589898e-02,-5.981521008766689518e-02,-4.011816762811537540e-02,1.296489239854956184e-02,-2.391812324890996155e-02,-4.511666368874961419e-02,-1.481759513686680893e-02,-9.548271983688235570e-03,-5.470307333139589473e-02,-4.645090006649633257e-03,-3.150067205082260346e-02,2.068242355569827398e-02,-3.869587840570523629e-02,-7.820866844908481996e-02,-6.400797034047877102e-03,-4.895458191819258148e-02,-1.629429890659706698e-02,-3.073054099581486317e-06,-7.117869326915250705e-02,-8.163458397030391722e-02,-2.126404513388876691e-02,-7.965446368150895518e-02,-1.647673037977792979e-02
4.676727300984798857e-02,2.789101522934683136e-02,5.820159989703116432e-02,1.470022426864914765e-02,1.489546993388810546e-02,3.896240084034330309e-02,2.605549510849423586e-02,2.292618019322769859e-02,3.417582870707649989e-02,5.716224872489140962e-02,8.718764786431136560e-02,1.232723189083056309e-01,1.814165356304748566e-01,2.514379398620182893e-01,4.412533462864257627e-01,2.882411241830278303e-01,2.953266592395450418e-01,1.000000000000000000e+00,2.617785334684707976e-01,1.912969095616992021e-01,1.674615690535063706e-01,1.678732184376983128e-01,1.088854529571864488e-01,1.307189668936189209e-01,5.380425928477748643e-02,1.454853151897932961e-01,8.551989197892953531e-02,-1.582779612475470471e-02,7.999483102810667212e-02,6.142979529200222333e-02,-6.645751270050090365e-02,5.981406241525864809e-02,4.511865222908997830e-02,-2.389296966400399763e-02,-2.940759781122331135e-03,4.097630329242509667e-02,2.610102557667485362e-02,6.880889871430406757e-02,5.082620423480511962e-02,-1.560963590713198949e-02,6.251868741866500878e-02,1.265307099858530536e-02,2.256626546135583750e-02,1.055986517273837990e-03,-2.394939363896880433e-02,4.884567468185954664e-03,-6.193456039863784457e-02,-9.528143083236742528e-02,-5.775020377537899707e-02,-8.457031112254824456e-02,-5.251820990009717360e-02,-3.763275697869521152e-02,-4.894654279147945403e-02,-3.968052491213516081e-02,-4.038749704846084781e-02,-4.997070472173213013e-02,2.136859784379494670e-02,-1.225771747417758219e-02,3.834330977856585665e-02,4.631683572788324044e-02,3.969943069710528405e-02,-3.232383171493244649e-03,8.785612905035728587e-03,-6.364462838645103260e-02,-2.132405377884297182e-02,4.095889239334112725e-02,-8.178584770631328049e-02,-1.057008743235927362e-01,8.289570985448525831e-02,-2.661740328924720039e-02,7.386820298542981500e-02
4.493979017377900537e-02,3.868321953576091959e-02,5.443099571757380184e-02,1.879955626549281722e-02,4.568374683320817337e-02,4.643941585458908478e-02,5.036080269589066072e-02,4.617607741590223913e-02,5.199708650829490408e-02,4.279251378121403521e-02,1.286223482875870072e-01,6.292864001686712672e-02,1.741713372597623044e-01,1.983711787289602346e-01,1.556022340899855250e-01,1.988699006909369627e-01,2.399503822677996334e-01,2.617785334684707976e-01,1.000000000000000000e+00,2.178662205601596402e-01,1.914997915380060173e-02,3.731355670615866815e-01,3.292891016800487680e-01,5.954152206760623262e-02,1.633334483380656788e-01,6.950042508419834730e-02,9.339458493621723145e-02,1.015095456379976890e-01,3.470199226312634111e-02,1.173345621033961006e-01,6.072292586458271496e-02,6.155711702223512494e-02,9.208332469351729332e-02,6.848465902431966068e-02,2.300314527956970334e-02,-1.391650828937187646e-02,3.214846050083456502e-02,8.847288587482765587e-02,6.242445625455246561e-02,-2.912113513663136793e-03,6.044882658245369356e-02,1.674142749219895490e-02,8.021389778045496383e-03,4.129378343706070070e-02,-1.383870750503973139e-03,-4.739092040393182853e-02,-2.955668687612157675e-02,-7.321513512441434057e-02,2.220240306803767869e-02,-3.059916992599068242e-02,-1.738971840774087771e-02,1.640748675595719852e-02,-4.796875324509828481e-02,-7.388225852959245943e-02,-2.307608987551455076e-02,-7.248123929629898821e-02,-6.284839071780211339e-02,-4.411283625170208354e-03,-1.608780096670558990e-02,3.186936223907039199e-03,-1.524627322433406637e-02,-1.131988078952937127e-01,-3.612494119918834012e-02,1.734665903895399319e-02,-3.419553728338968479e-02,-5.601196939910688816e-02,9.554436685161813922e-03,-4.240924183940564252e-02,6.414131342254557333e-02,-3.506043114256936211e-02,4.496216691434499861e-03
3.288077291365098381e-02,5.089749058556124195e-02,3.240391034199401055e-02,5.350839077955713008e-02,5.017484471825209291e-02,5.329545342748324976e-02,5.966683345467238553e-02,8.210533086883571585e-02,6.224047221009371827e-02,5.993221842680227646e-02,1.084300226285755814e-01,1.147092347674785046e-01,1.890941629300972038e-01,2.392611321226903731e-01,1.854109396988327663e-01,1.117042821971332284e-01,2.899775280760656382e-01,1.912969095616992021e-01,2.178662205601596402e-01,1.000000000000000000e+00,2.314811081348910615e-01,8.161038799960556797e-03,3.435927191278633219e-01,2.215891815736295012e-01,2.181622637573339407e-01,1.808581263848061671e-01,1.779903166263155090e-01,9.286971968219492890e-02,6.430474458155419071e-02,1.318279645211146156e-01,4.166106432903630280e-02,8.606960434930446824e-02,9.678647974435451717e-02,3.804427447956510583e-02,2.028851540526504030e-02,1.314030629694099873e-02,1.210662681801598917e-01,9.829138874224441214e-02,4.864172815346685941e-02,2.182334522458752660e-02,4.504358298275438349e-02,1.584203829511134087e-02,4.689312463867441327e-02,7.370013914296642647e-03,6.998409981720606077e-02,1.748384384100987871e-02,-2.160509846238165693e-02,-1.847720502395562917e-02,-4.294021442743355295e-03,-1.118493208973696945e-02,-7.137913161257478101e-02,-1.864071556671997865e-02,-8.705594511662553825e-02,-4.362881943480186042e-02,-6.374702717108071681e-02,-8.467493291886840634e-02,-9.872216130129624068e-02,-1.134584227828625003e-01,-2.557459975263150220e-02,6.838984642482089094e-02,3.948572117315935631e-02,-1.221343758679410557e-01,-9.257539921199495203e-02,-1.288052991226698862e-01,-7.783822236554810425e-02,-1.095890765899306674e-01,-1.978960840259895160e-01,-2.023543045683315889e-01,-6.561345396697404464e-02,-1.782593260080098663e-01,-9.268575194396637407e-02
2.543182559317630140e-02,4.229235841540630869e-02,8.962379858371380403e-03,-2.915789156270206638e-03,1.273518734254754830e-03,-4.070095253881568509e-02,-1.971679415771666888e-02,1.179247894557596682e-02,-2.260520147305747699e-02,-1.191939125110147608e-02,1.918251764809593418e-02,4.817519413522959593e-02,8.557047439988912929e-02,1.075417307033905701e-01,1.390096846948073450e-01,3.628403445571620062e-02,9.733427222533919121e-02,1.674615690535063706e-01,1.914997915380060173e-02,2.314811081348910615e-01,1.000000000000000000e+00,1.970642805806167297e-01,2.202201855721857837e-01,2.129199500374995557e-01,2.056163353194685184e-01,1.665069933878282615e-01,1.738489497169530273e-01,3.987659150069455122e-02,1.213710777548690223e-01,9.184301714590466237e-02,-3.025146500179776501e-02,5.502010420582567618e-02,3.376245886357976539e-02,-3.981861492718018897e-02,-7.571545538543870968e-02,3.102642877368876756e-02,4.170865079988662905e-02,-1.948680940130922967e-02,4.197491044040441849e-02,-1.453288862985372722e-02,-1.860378760487519517e-02,2.852116545941778269e-02,-2.106438228256796164e-02,1.283101327561009253e-02,-1.811301957390229998e-03,-1.010385292129070516e-02,1.022492070440301874e-02,-8.831507462241218118e-03,-1.405656564686196854e-02,1.434095108008340280e-02,-5.721626750693455804e-02,-4.402217124990016189e-02,-2.922577406142019482e-02,-3.939585303451308140e-02,-8.182696187530566490e-02,-1.215224497748430658e-02,4.010355796898881255e-03,-2.399235660542317627e-02,3.930479488870398247e-02,1.021961249433462754e-01,-5.877156392791651335e-02,-4.516903713405463067e-02,-2.825339950462470162e-02,-1.119041149960776360e-01,-6.450350706955654267e-02,-6.656170906876997251e-02,-1.625589756131684271e-01,-9.000068395985134917e-02,-9.322019881351344128e-02,-1.697831071844482509e-01,-9.032214168038008029e-02
-3.481560799614534171e-03,-4.309261753166975829e-03,1.553593836034050484e-02,-4.746746597052751981e-02,1.498725945964357424e-03,-3.025603077870211641e-02,-2.956851602218179415e-02,-4.857123899146099238e-02,-4.364374594969399473e-02,-1.760642228543729537e-02,-1.270576196962992441e-02,2.124082711645349300e-02,6.998560036165731024e-02,6.489024458944904483e-02,2.291438976359354285e-02,9.072490975008497271e-02,7.808999019792640939e-02,1.678732184376983128e-01,3.731355670615866815e-01,8.161038799960556797e-03,1.970642805806167297e-01,1.000000000000000000e+00,2.352606899059393464e-01,2.589684633048355278e-01,2.940056173909458281e-01,2.036074822111727245e-01,2.340907118993552916e-01,1.401557291242941095e-01,1.177325749879806482e-01,1.051250975860740233e-01,9.823695247608214831e-02,6.116535403218708450e-02,9.956142812069965209e-02,7.330129477316285613e-02,-4.035720497781151994e-02,-3.095758008547200985e-02,-2.786985811571628807e-02,-9.879353185876533355e-03,3.489640167510461854e-02,-2.845346090147193863e-02,2.906703823912205886e-02,3.047588170996748825e-03,-5.504283043740146320e-02,1.918162304465104856e-02,-2.547157321026617335e-02,-4.625715181670188997e-02,-9.873577638406646692e-03,-3.569914314982910314e-02,1.951922313505365797e-03,-2.840137622380718360e-02,-2.068081679248538404e-02,-2.197360992134821805e-02,-3.624885444100023335e-02,-7.171333724951368949e-02,-2.906037985735543524e-04,-2.498851840607932764e-02,-3.986466728415027916e-02,5.443916789916455889e-02,7.858824342433876065e-02,1.103330416542869785e-01,-3.615165123773572686e-02,-1.525858693157710333e-01,-1.833631186237870067e-02,-3.310853300094217244e-02,-4.062880735681733552e-02,-9.080242780174131723e-02,-2.535453766879325679e-02,1.603621914573400212e-02,-1.037359449842189217e-02,-8.327417647253206046e-02,-6.115940994952765580e-02
