1.000000000000000000e+00,3.820041490726191480e-01,4.123658965103522700e-01,3.856678708333546868e-01,2.661994730389329322e-01,2.921565608821296567e-01,3.140827790925958540e-01,2.087708764037975173e-01,2.241537908035057258e-01,2.569445185026726364e-01,6.107585007756567014e-02,1.401217775685626166e-01,7.106070962242901599e-03,1.451336945446705939e-02,8.998350062856921849e-02,2.314824375545520771e-02,1.261067575066032558e-02,7.641886643085739686e-03,1.531947920374706652e-02,9.921762593669745944e-03,1.079324128214411913e-02,8.583164416080049652e-03,-3.102199320635077445e-02,-3.819384305989103300e-03,3.233434330093728354e-02,-3.060577717489323599e-02,-4.823335171489168127e-02,2.796554324019011328e-02,-2.343989297640409336e-02,3.403933889014094244e-02,-2.502149284480801109e-02,-3.050256676193187702e-02,-1.210106074168356902e-02,-4.990905528035985417e-02,-3.018543274496147261e-02,-2.576832545660667773e-02,-1.153191682624193568e-02,-1.109307726100595970e-02,-9.810453154999392023e-03,2.594845897503562232e-02,-2.125336208063312912e-03,-1.332098222366978786e-02,-3.596972861525947474e-02,-9.436620294421672536e-03,-2.342933841736956346e-02,-4.049724463596009877e-03,-1.072604314753966906e-02,-2.252695185040362938e-02,-7.583571447752825590e-04,-2.714815639134498734e-02,1.191962534136307983e-02,-1.270223519535759564e-02,-6.843301321561719511e-03,6.368690516729826230e-03,1.479555880126677027e-02,2.615104925615634526e-02,1.663075013492023441e-02,2.857528849650194450e-02,2.378225146077132812e-02,-1.829076255385610889e-02,1.430398478075327849e-02,-1.051341698024724561e-02,9.428887789906081895e-03,1.777771379389417664e-02,1.073558815088541778e-02,2.192386345911680190e-02
3.820041490726191480e-01,1.000000000000000000e+00,3.220929014668522661e-01,3.465476189192999157e-01,3.624920348456091013e-01,1.821991055614792798e-01,2.965104341338291039e-01,2.482432492496573773e-01,1.436470155035731722e-01,2.302898261823668469e-01,6.944890024893328462e-02,1.017200796370408417e-01,-5.062163066997982415e-03,3.414617361600446460e-02,5.693954794373656120e-02,1.275830503028625544e-02,2.527943864085560599e-02,1.972069334059627088e-02,-3.055974932789519275e-04,1.164751599617027148e-03,1.398608320360150876e-02,2.557344675620753724e-02,1.105446814552555473e-02,4.137845000719363869e-02,5.286651620654337497e-02,1.514990066631875104e-02,-1.480323089946118664e-02,3.406119628186029397e-02,-1.702987989097340046e-02,1.307884681895415090e-02,-1.119573926778484781e-02,-2.860064797287842353e-02,-2.040442269789906338e-02,-6.018732922203022528e-02,-4.798341023904842406e-02,-3.390348294596710887e-02,-4.415995871193177658e-02,-2.608208681140781332e-02,-1.229547070342341432e-02,1.725947222073554929e-02,-4.093680945881418044e-03,-1.159281913372703365e-02,-2.819851168095054844e-02,-3.052137731548820732e-02,-4.716493384495561159e-02,-1.849485263263880158e-02,-3.707334533733216281e-02,-5.424774432982704814e-02,-2.748270410052404758e-02,-3.602940345641961195e-02,3.419853216075149568e-03,-4.105744373821017257e-02,-1.625608534556723106e-02,-3.686711541060584425e-03,7.268874873979599451e-03,1.904929144269031788e-02,2.811104520885355021e-02,3.261277307499841488e-02,2.920785315247445904e-02,-1.263444283963798855e-02,1.401589593093547671e-02,-2.471962636340814534e-03,2.320383117083073959e-02,2.219825263867319237e-02,3.983869302733293594e-02,2.362511994246190017e-02
4.123658965103522700e-01,3.220929014668522661e-01,1.000000000000000000e+00,3.237593820082741991e-01,4.461914086805890411e-01,4.534747624267215782e-01,3.008150481817841726e-01,3.322457080591464940e-01,3.325827170104203034e-01,2.325163245349411156e-01,1.626336977159227809e-03,1.072725285801828521e-01,-5.352521371269721578e-02,-5.071362727410542309e-02,3.237586541302452797e-02,-5.454182619402800011e-03,-3.165324877260262265e-02,-2.496411726113460794e-02,-7.270292526513871811e-03,1.958701654234650154e-03,3.800794186085677123e-02,3.670824550506505968e-02,-2.828891873856750200e-02,1.022774075058793287e-02,3.898136580980558069e-02,-3.281049439799295364e-02,-2.225090068200124074e-02,1.028465939769046128e-01,2.463725222470656423e-02,8.235555157589515007e-02,5.102781436739378673e-02,2.255941211423144466e-02,1.854442249252650360e-02,1.281811401370764290e-02,-1.634444176625574063e-02,-1.134550688163158891e-02,-5.580928476034838041e-03,-2.755376487162524649e-03,1.050052953462222299e-02,2.666140471630355779e-02,1.148343901340119141e-02,2.724526364675127973e-02,-1.597141192641596957e-02,-1.518171800646427386e-02,-3.701891572090171278e-02,-1.882334809408171480e-02,-2.070000606968764797e-02,-4.279589577894309799e-02,-3.735654975169152431e-02,-4.257335800243146340e-02,-2.497194349108870781e-02,-4.115437233894796848e-02,-3.264587480884188764e-02,3.320191791884037191e-03,3.852513345945999396e-03,2.941737383763431274e-02,2.476607600578511689e-02,2.618508963442098617e-02,1.601088214262496451e-02,-2.543570145076072195e-02,4.513257247675489178e-03,-2.896411152832052346e-02,4.166927075378730125e-03,-5.231278222683773777e-04,1.893601721356980017e-02,3.170730122945013274e-02
3.856678708333546868e-01,3.465476189192999157e-01,3.237593820082741991e-01,1.000000000000000000e+00,3.803834164184641820e-01,4.283858561409620291e-01,6.331286113271207272e-01,3.103230789207477858e-01,3.528607046504200762e-01,5.322788876332656960e-01,1.532123572873399231e-01,2.953162231678036487e-01,3.165732866853322724e-02,8.578563331405773817e-02,1.922952778489220027e-01,8.360618767614817759e-02,9.367719920515357734e-02,5.756484684312925676e-02,9.392883929990910111e-03,2.530209730670466770e-02,1.721996550920148908e-04,-6.465257447155929767e-03,4.457391204274324670e-03,4.154664117053984140e-02,8.858306578427792288e-02,2.504894805460282023e-02,-1.452040051567865010e-02,4.307550019377637263e-02,-4.374546393125039456e-02,6.514224625328328411e-02,-3.331283629569235100e-02,-9.582001142427945539e-02,6.541086122359707211e-03,-1.007917420664617703e-01,-8.826978228976371799e-02,-5.295896041282739664e-02,-6.658965840676694947e-02,-4.778230433384861309e-02,-4.624092808992481124e-02,3.507022522245924201e-02,4.046362989785076344e-03,-4.158643012159372876e-02,-7.586599496669761689e-02,-6.511750346219491448e-02,-9.910636997140502558e-02,-3.421407908213658366e-02,-4.084983770931244901e-02,-9.817883592261333892e-02,-5.023116104270664711e-02,-8.008240198652225028e-02,-1.610370416050056069e-02,-6.321618072177932757e-02,-2.972048937071559288e-02,-3.679065340623238409e-03,3.448043488032686427e-02,6.146824583189328811e-02,2.835684788863473971e-02,3.601868915151528600e-02,3.670671533216330468e-02,1.438830350986485679e-02,3.720536356392838834e-02,-1.305857934504091322e-02,9.988406748354277873e-03,2.001227207949482848e-02,9.887681756374330083e-03,1.644488031957470897e-02
2.661994730389329322e-01,3.624920348456091013e-01,4.461914086805890411e-01,3.803834164184641820e-01,1.000000000000000000e+00,3.719568444673689855e-01,3.758528601173775630e-01,5.038061750968609864e-01,2.733368902812688406e-01,2.671250930778876209e-01,8.232432087751125407e-03,3.237239437796694819e-02,-1.464189817139718852e-01,-6.809162371109349354e-02,-6.331758649329013999e-02,-7.525978065847734044e-02,-4.480546753055414388e-02,-3.458267686277771702e-02,-6.651549586373134426e-02,-4.151867198763117134e-02,6.784422062844562042e-03,3.435090258575230343e-02,-1.131795757351315018e-02,8.140781790627327208e-02,1.175281421084901773e-01,-6.014248282042136858e-03,2.981021564983812530e-02,1.153485990842856440e-01,-2.736930031723678464e-02,6.677338959011362707e-02,9.914531018378691662e-02,-5.638977058086174637e-03,8.038018376415767552e-03,3.487830412012582482e-02,-5.109646642441224157e-02,-1.534984054676017187e-02,-2.057248236134771174e-02,-4.790750652404880683e-02,-3.557107315090407562e-02,-2.305830453153890486e-02,-3.837563893307308766e-02,-1.011317165970548708e-02,4.679198532746833838e-02,1.219810501210877307e-02,-2.681744346435980739e-02,-1.483648531888340401e-02,-4.442502105903293336e-02,-4.308619871456673134e-02,-2.926973247817596727e-02,-3.733597622559994833e-02,1.658284490500979943e-04,-4.038431428653724981e-02,-1.707678087421861043e-02,6.251229872885276069e-04,-3.149331947553137955e-03,-6.658620675139324298e-03,4.971711980751659932e-02,2.329857376977620409e-02,3.695987559007156420e-02,-1.729252501173339854e-02,9.376720734751030698e-03,-2.833790827194172107e-02,-3.201617450088122940e-03,2.535163962359324868e-02,1.224635333934983271e-02,3.693352461789283642e-02
2.921565608821296567e-01,1.821991055614792798e-01,4.534747624267215782e-01,4.283858561409620291e-01,3.719568444673689855e-01,1.000000000000000000e+00,3.463324941760997366e-01,3.538823524061145420e-01,5.151649024573347058e-01,2.663235207654885417e-01,-4.133455501201113713e-02,1.368216230342128303e-01,-7.308618777198645777e-02,-7.622915121169732133e-02,4.584303705606774387e-02,-9.084695744499263941e-04,-2.782620565553709652e-02,-5.711713535548271908e-02,-4.509505756358809375e-02,-2.550366696563301228e-02,2.072973929510726551e-02,-6.945218889862661386e-04,-2.038741200093873926e-02,-6.164541365027203720e-03,2.889480201732564854e-02,-4.499279300817451976e-02,-2.104815723085521478e-02,1.269892299466615360e-01,6.243246346243926798e-02,1.561443006607647066e-01,6.604136559907133885e-02,5.847348319034442049e-02,7.867512675399883360e-02,3.820673745287644918e-02,-1.257766795460587365e-05,5.300116943812632764e-03,2.444604737901357166e-03,4.252544187815787691e-03,7.409668774156827516e-03,4.100361719449940878e-02,1.525138133579929077e-02,2.388652990604720958e-02,-1.056493393663423402e-02,-1.947515228000205531e-02,-4.901980120287628001e-02,-2.792654533058865421e-02,-3.898425433604183615e-02,-5.043464865917074436e-02,-6.289327730127990124e-02,-5.066843456930697487e-02,-4.892908848515278158e-02,-4.737845953716243036e-02,-2.736440253180335777e-02,-5.492440260140000162e-03,3.957355548735534516e-03,3.966487256858469701e-02,5.357766736030546151e-02,3.813849078763811851e-02,3.342970534316935804e-02,-1.787546467445672721e-02,2.950254716249863483e-03,-3.005508242669994307e-02,1.150761997140510584e-02,8.167196038348435369e-03,5.754057041938839476e-04,4.095419621572525537e-02
3.140827790925958540e-01,2.965104341338291039e-01,3.008150481817841726e-01,6.331286113271207272e-01,3.758528601173775630e-01,3.463324941760997366e-01,1.000000000000000000e+00,3.728729186365922210e-01,4.221291819740724538e-01,7.094802862866103066e-01,1.912073139237411012e-01,3.808883308332537410e-01,5.527064577883744612e-02,9.706869039410630229e-02,2.540209440673446006e-01,1.024373264622681912e-01,1.094951319215584223e-01,9.973929106560749935e-02,5.012696551850115596e-03,1.662071604980214917e-02,-2.556959951465328368e-02,-3.087662303757545725e-03,1.397838165797839378e-02,6.003764465603689954e-02,1.051925055261020980e-01,5.417837059777581843e-02,-3.886036443206667551e-02,3.792545746066304513e-02,-8.655890349953331009e-02,3.830489074271908184e-02,-2.838620906270961433e-02,-1.128544559258642388e-01,2.035516816548151378e-03,-9.283172756518368041e-02,-1.077875204836937495e-01,-6.173558128643819032e-02,-8.117846083573376781e-02,-7.471459762185152231e-02,-6.316479198284309649e-02,2.459883343042827339e-02,4.555440774614402145e-03,-5.221504961125859184e-02,-8.638656410339583258e-02,-7.212916201156181761e-02,-1.263171766211289015e-01,-4.264563617227504905e-02,-6.006762090557815625e-02,-1.232069101678291423e-01,-5.675770085924094349e-02,-8.899027248704104165e-02,-3.214182884361871384e-02,-5.750796398837758339e-02,-1.138423542439492842e-02,2.768275068165083203e-02,3.848658876942385315e-02,6.296605406374108926e-02,4.573779589326618794e-02,2.940365370940252118e-02,3.051058916295100454e-02,3.194976005825320674e-03,5.210412905008308254e-02,-1.330158621213517120e-02,1.459978803673376083e-02,4.822654038413188432e-02,1.966073477779544179e-02,2.423336472835931066e-02
2.087708764037975173e-01,2.482432492496573773e-01,3.322457080591464940e-01,3.103230789207477858e-01,5.038061750968609864e-01,3.538823524061145420e-01,3.728729186365922210e-01,1.000000000000000000e+00,4.010094059911651354e-01,1.839771735534952712e-01,-8.453189681114470222e-02,-1.253167044650901063e-01,-3.108422729446708721e-01,-1.091070312893949734e-01,-1.871590412815129223e-01,-1.996357255002010889e-01,-1.258939520552964930e-01,-1.239410365546421144e-01,-1.246225503520769495e-01,-1.247992716089111609e-01,-7.043756512984952756e-02,1.511697020454308080e-02,-1.814059748298913616e-02,8.079558647471996036e-02,1.796127722338421162e-01,5.209947220374035876e-02,3.612905369478884576e-02,7.176924294405168103e-02,-8.814035451498759832e-02,-6.910955129515840636e-03,8.225529533312748998e-02,-6.735397872679672882e-02,-5.919251425946572831e-02,3.521495373877148866e-02,-6.442406734967601190e-02,-2.110412528612083671e-02,-1.516787955696901821e-02,-8.194145230948103598e-02,-5.208251143269656408e-02,-2.594137236759515991e-02,-8.101478419116887875e-02,-4.516505179671431898e-03,9.906855313309351208e-02,5.298769059386573832e-02,-8.124606880720306942e-03,-1.298398601799797235e-02,-4.424730524167352214e-02,1.693177534291873847e-04,-1.473462334527499661e-02,6.341874951843353217e-03,8.331363643475080127e-03,-7.651336398752479721e-03,-1.002814239008361502e-02,-7.191094596542265543e-03,-8.396237578967942136e-03,-8.929377487275203321e-03,7.590292049653273032e-02,4.339193800381168503e-02,3.571128407444199709e-02,3.496702553781196217e-03,3.038706865204232610e-02,-2.478035421399349403e-02,1.157822771153625696e-02,3.801658352998206480e-02,1.640203934161818533e-02,5.415003595009439119e-02
2.241537908035057258e-01,1.436470155035731722e-01,3.325827170104203034e-01,3.528607046504200762e-01,2.733368902812688406e-01,5.151649024573347058e-01,4.221291819740724538e-01,4.010094059911651354e-01,1.000000000000000000e+00,3.307302573023360726e-01,-2.001637622533725402e-01,1.506018220808117425e-01,-1.317556693566226400e-01,-2.078443854965742743e-01,3.474360465974588030e-02,-4.180727881479700397e-02,-1.066516129725324918e-01,-5.106643056280026766e-02,-1.807928961975216117e-02,1.023946835962065947e-02,4.085642852033054273e-02,2.646762674316618935e-02,-3.498123844485302725e-02,9.646821363444409853e-03,2.096166654011840519e-02,-6.549405107003780646e-02,-2.038438953297563513e-02,1.406383354208216585e-01,3.835474988425438547e-02,1.417722414289438182e-01,1.084103722921842122e-01,3.159487706602168156e-02,5.395614901880289860e-02,5.276343428758239334e-02,2.362347508912680111e-02,3.796276690286194688e-02,1.930438476920493668e-02,1.945734496091608423e-02,1.091284314250909847e-02,8.198189963197557995e-03,9.940616647148785290e-03,3.585431443316146327e-02,2.132562173441663808e-02,2.960549200806648212e-02,-4.001810957343679420e-02,-4.054504732205961581e-02,-3.172254246299982539e-02,-3.064463825313518130e-02,-4.346746544981341942e-02,-1.995699709502603281e-02,-2.211627151369258484e-02,-2.264014168740612412e-02,6.975192269091956901e-03,-4.809242872584958855e-04,-1.104718482110344201e-02,2.319323944627221454e-02,6.725308228485424311e-02,3.156123317989609212e-02,2.560191397355747467e-02,-9.316890150225094714e-04,3.290601643261817366e-02,-2.130365084101313450e-02,2.162103790700680567e-02,3.181179573514783532e-02,4.337390626326661537e-03,4.964993894946681530e-02
2.569445185026726364e-01,2.302898261823668469e-01,2.325163245349411156e-01,5.322788876332656960e-01,2.671250930778876209e-01,2.663235207654885417e-01,7.094802862866103066e-01,1.839771735534952712e-01,3.307302573023360726e-01,1.000000000000000000e+00,2.043633943453188051e-01,5.211761906330036886e-01,1.450231921314832639e-01,1.262169502068736793e-01,3.636782152152965297e-01,1.677341351195671681e-01,1.415264092499038118e-01,1.552924467345800363e-01,4.756575798480700695e-02,7.231620377010579415e-02,7.102373074746468930e-03,-6.037792273872113081e-04,2.455795375729901212e-02,4.526310390493441804e-02,3.572443766736947690e-02,2.477575830850756514e-02,-5.215403562451285252e-02,2.070717829077395322e-02,-4.546687945791891283e-02,4.503154852417244614e-02,-4.558542739334522226e-02,-7.760791607126744929e-02,2.007746733324965518e-02,-9.212274983025119102e-02,-8.240826738557825715e-02,-6.045074970655248126e-02,-6.335122338772619655e-02,-5.187033261543303603e-02,-5.137134583076487931e-02,3.544552175714057313e-02,2.698874308811283554e-02,-4.692353816822943807e-02,-1.114367881707046259e-01,-8.976049230394039791e-02,-1.281458956543955474e-01,-3.587975001142292703e-02,-5.144765475481815481e-02,-1.309243637437148000e-01,-5.084777677115596278e-02,-9.074017158143619921e-02,-3.201111640272268077e-02,-5.825735498848246680e-02,-1.781108024840474466e-02,2.477890685487788014e-02,4.157475721377298927e-02,5.851884441475441179e-02,3.226229031601113295e-02,1.877994185219004908e-02,2.113678404075586617e-02,-1.479712224747847631e-02,3.615016674171155076e-02,-2.532060496013979756e-02,1.588853235261205796e-03,3.491838354288868268e-02,3.859287170459985844e-03,8.986760026569297431e-04
6.107585007756567014e-02,6.944890024893328462e-02,1.626336977159227809e-03,1.532123572873399231e-01,8.232432087751125407e-03,-4.133455501201113713e-02,1.912073139237411012e-01,-8.453189681114470222e-02,-2.001637622533725402e-01,2.043633943453188051e-01,1.000000000000000000e+00,4.231132640524233324e-01,3.988564536670536897e-01,5.768945585180531577e-01,3.088152661728160719e-01,2.806898467721079538e-01,2.312413372399153011e-01,1.955353092512261970e-01,5.976434609495753086e-02,4.121295592065638350e-03,-1.151595129321908856e-01,-8.254119890546511573e-02,-8.365864498711730532e-03,-4.176780962291534033e-02,-2.395514072235162273e-02,7.150817070800231413e-03,-3.060087244556679298e-02,-2.888370273774601427e-02,-1.799631295570589332e-02,-5.890644638781968728e-03,-7.402275652079015611e-02,-3.967646623904794861e-02,2.116816063320654806e-02,-1.156161519469355997e-01,-7.769578939177901322e-02,-8.322258633501150582e-02,-2.154976225463646131e-02,-2.866917344564572437e-02,-6.330133753079079939e-02,6.005092027711752406e-02,1.827823091884993659e-02,-9.248897918697705778e-02,-1.561176825302671156e-01,-1.369803108406699166e-01,-8.452315398171289518e-02,-3.584303836526397946e-02,-4.483730257810657205e-02,-9.897530028532201818e-02,-4.167568325939630114e-02,-1.028615560510295623e-01,-1.286502157853262537e-02,-8.898703440114254237e-02,-7.600140207066363729e-02,-1.531477197336725965e-02,-1.642014434768075681e-02,6.644860063349261430e-03,-1.813006758892345832e-02,-2.850626530350772181e-02,-4.589660088595602649e-02,-2.399179233657630639e-02,1.573691757603064637e-02,-1.040117368587179826e-02,2.366168622958012349e-02,2.971198812591247657e-02,4.658963770675259713e-02,-6.998666594719222395e-03
1.401217775685626166e-01,1.017200796370408417e-01,1.072725285801828521e-01,2.953162231678036487e-01,3.237239437796694819e-02,1.368216230342128303e-01,3.808883308332537410e-01,-1.253167044650901063e-01,1.506018220808117425e-01,5.211761906330036886e-01,4.231132640524233324e-01,1.000000000000000000e+00,3.286974454113549271e-01,2.610446468544430076e-01,5.380961556158045944e-01,2.905859070702226377e-01,2.054051972988406582e-01,2.167129303521110884e-01,1.230595610005578711e-01,1.237561344270337593e-01,1.151779366180177670e-02,-1.738136011762214661e-02,2.052007413181786507e-05,-4.576902823975545487e-02,-1.136536698605824652e-01,-4.279697121354923695e-02,-9.384502946434376824e-02,1.020798169811043543e-02,3.485219278134817772e-02,6.517143508809208896e-02,-3.230775870156386148e-02,-1.104351682715179819e-02,5.726699283985484112e-02,-7.643408177465277342e-02,-2.759602147457240057e-02,-5.337961346454137002e-02,-2.772602276543042685e-02,1.854395970565498805e-02,-2.273309099891255083e-02,6.394487548803343135e-02,6.644108373347139274e-02,-3.272989187230210956e-02,-1.424795988662357904e-01,-8.174437538649195756e-02,-6.779730799059840995e-02,-2.239574520707127842e-02,-1.245840440473860132e-02,-7.629628332181091765e-02,-3.061922429918119415e-02,-8.356692916603766785e-02,-1.560689766171951751e-02,-7.291162126598028925e-02,-3.650241262623801775e-02,2.280905789541497197e-02,1.635191058901423744e-02,3.727413550204083936e-02,1.524349312855244158e-02,-1.438246032060478199e-02,-2.275561439879857095e-02,-3.379401985444944329e-02,4.521706544550098275e-04,-4.241376478664352773e-02,-4.199887944179562138e-04,2.434129842331910626e-02,-5.169162636690096194e-03,-1.094931770657078113e-02
7.106070962242901599e-03,-5.062163066997982415e-03,-5.352521371269721578e-02,3.165732866853322724e-02,-1.464189817139718852e-01,-7.308618777198645777e-02,5.527064577883744612e-02,-3.108422729446708721e-01,-1.317556693566226400e-01,1.450231921314832639e-01,3.988564536670536897e-01,3.286974454113549271e-01,1.000000000000000000e+00,3.338479484881997084e-01,4.245051632481029458e-01,4.728437995437794750e-01,2.065348745308414891e-01,2.921109024498463880e-01,1.987857695492285248e-01,1.342855032124245784e-01,-2.550037911606399532e-02,1.963187177050030804e-03,-6.635245287284203923e-03,-6.741896576803559082e-02,-1.621851863088480394e-01,-8.385420490321253417e-02,-3.946870187669133251e-02,1.224101113938334297e-02,6.843700200325292249e-02,5.188244256091049944e-02,-3.957522508165824821e-02,4.716859993106751331e-02,6.606612683060131275e-02,-5.628068137591179382e-02,-4.307855663344337810e-02,-1.127333375024330842e-02,4.064632937814722374e-02,-2.846565134736624321e-03,-9.046383618645298039e-03,8.092416064211661875e-02,1.203104549063815226e-01,-1.243524757780834974e-02,-2.403084342848086363e-01,-1.756199415157884969e-01,-9.609158115721314064e-02,2.087377800440064126e-03,-5.811802628050160950e-03,-1.130716594268898340e-01,-4.710963225124977123e-03,-6.554233306956649963e-02,4.848760912919271998e-03,-3.504568324394868872e-02,8.498099143596999153e-03,2.998260136615263360e-02,2.245478978602535175e-02,2.326122420926367632e-02,-5.652313882409501500e-02,-3.551879976609269296e-02,-4.780169574876541594e-02,-2.021148976947502451e-02,2.662077371988788577e-02,2.682506137236292075e-03,3.406078645444415246e-03,2.480275102725443964e-02,4.074994831515410532e-02,-1.914199899009425346e-02
1.451336945446705939e-02,3.414617361600446460e-02,-5.071362727410542309e-02,8.578563331405773817e-02,-6.809162371109349354e-02,-7.622915121169732133e-02,9.706869039410630229e-02,-1.091070312893949734e-01,-2.078443854965742743e-01,1.262169502068736793e-01,5.768945585180531577e-01,2.610446468544430076e-01,3.338479484881997084e-01,1.000000000000000000e+00,2.707477697097788738e-01,2.438698123921512750e-01,3.075008240000835502e-01,1.707202625997099876e-01,8.444624290817850931e-02,-1.051417386216547435e-02,-1.398728598371794252e-01,-9.503220121086425332e-02,5.097430499781057528e-02,-1.764209583162203859e-02,-4.234800751069668634e-02,2.262338540017828567e-02,-6.885141743001229123e-03,-5.806198704013279532e-02,-2.627938669263946148e-02,-1.230672436635941655e-02,-8.167925845398074647e-02,-3.259806524502344149e-02,2.986870884535946374e-02,-1.066026074748191999e-01,-1.020142076122313862e-01,-7.511106094432899727e-02,-3.076793901730247305e-02,-5.878567705523157771e-02,-2.472463966675850222e-02,7.362513235793148592e-02,1.772001844590492467e-02,-4.848074445024228712e-02,-1.310304147405673691e-01,-1.335239646565825888e-01,-8.193585254205427992e-02,1.433523053035347904e-02,-4.230800435584949198e-02,-1.140028224136854645e-01,-3.453848426472225924e-02,-1.046308158711431735e-01,2.684624581717758203e-03,-7.950299293281137825e-02,-7.741055506063468372e-02,-5.555741775560437377e-03,-1.260325516536184298e-02,-1.637643892156042660e-03,-2.091760928445353038e-02,-1.437353017302890612e-02,-4.420273572659260547e-02,-3.522320502713759127e-02,-2.758050998406242488e-02,-3.791162885668649535e-02,2.829158280720585686e-02,3.603300244416778736e-02,4.539179877440200489e-02,2.406942429201939637e-03
8.998350062856921849e-02,5.693954794373656120e-02,3.237586541302452797e-02,1.922952778489220027e-01,-6.331758649329013999e-02,4.584303705606774387e-02,2.540209440673446006e-01,-1.871590412815129223e-01,3.474360465974588030e-02,3.636782152152965297e-01,3.088152661728160719e-01,5.380961556158045944e-01,4.245051632481029458e-01,2.707477697097788738e-01,1.000000000000000000e+00,3.153932810459716962e-01,3.331613419639831153e-01,2.658243235559490936e-01,1.796646018351436558e-01,1.497890625346926796e-01,-8.273498470020788573e-03,3.217983176255961864e-02,1.053345059821310936e-01,1.860959972752860084e-02,-9.117559475913761258e-02,3.744776477781410623e-02,-7.083246441159329887e-02,-6.104568808985167544e-02,-2.388651276613834151e-03,1.037931917555774859e-02,-8.165004057069559507e-02,2.102525271441981619e-02,3.141353926764363369e-02,-7.688353844671436121e-02,-9.357959434471307958e-02,-8.664203638040678113e-02,-4.996916937023782729e-02,-5.384302027407994462e-02,-6.109404578633863270e-02,5.303969205201804898e-02,4.335159440249504448e-02,-4.573956789461637584e-02,-1.762166006481289404e-01,-1.314799787780209506e-01,-1.200387747561088153e-01,-2.886840551770783816e-02,6.257332827816841983e-03,-1.237494729275161742e-01,-3.059196092253652077e-02,-8.966933961394829566e-02,-4.650331683031586755e-02,-6.871310128029545217e-02,-3.742179652758603065e-02,1.684406529612633707e-02,3.597331923384829849e-02,2.669761931060879792e-02,-2.329707366476770763e-02,-2.634589302443022391e-02,-5.173092630264782693e-02,-8.615933019297131179e-02,-1.412912409669028584e-02,-3.256065698577332440e-02,-5.985318673093438513e-03,2.411785056682884745e-02,-1.133187567528726007e-02,-1.320176502602700246e-02
2.314824375545520771e-02,1.275830503028625544e-02,-5.454182619402800011e-03,8.360618767614817759e-02,-7.525978065847734044e-02,-9.084695744499263941e-04,1.024373264622681912e-01,-1.996357255002010889e-01,-4.180727881479700397e-02,1.677341351195671681e-01,2.806898467721079538e-01,2.905859070702226377e-01,4.728437995437794750e-01,2.438698123921512750e-01,3.153932810459716962e-01,1.000000000000000000e+00,2.394637673486267326e-01,4.944243408645411786e-01,2.439743624625408114e-01,1.855391410380894945e-01,4.355435118721132266e-03,-7.827127485040750315e-03,2.460123421667839358e-02,-3.489405391396562667e-02,-1.295299417669992237e-01,-3.160129835879984389e-02,-1.077042782720449843e-02,3.716842732277606670e-02,1.021031892539651514e-01,7.026183522244187907e-02,-1.521419448315096228e-02,8.795538671228947392e-02,9.249066965657946893e-02,-6.873359501127095095e-02,-5.000062428595551667e-02,-3.908418115330727916e-02,-7.151422287305357617e-03,6.627813354486764138e-04,-2.176111547161679871e-02,7.730042488386390520e-02,8.869644047160228639e-02,-3.389064867271432413e-02,-2.211454580212706689e-01,-1.348989990719805798e-01,-9.494663328112018519e-02,-4.600078680686463424e-03,9.542538970401999790e-03,-1.233970212428837088e-01,-2.906829131638949404e-02,-5.135123192431118727e-02,-2.826597621636823751e-02,-1.081948424949625079e-02,1.953236925757285969e-02,-1.018802455445526637e-03,-8.130236195668216759e-03,-1.038967662058624779e-02,-7.815597433746244993e-02,-4.557471012436387081e-02,-3.603314567752276959e-02,9.191409837746876421e-03,2.269465828657298359e-02,2.839297014238095079e-02,7.850877884727299263e-03,2.020014290407461457e-02,1.417115808821513799e-02,-1.487036271051198587e-02
1.261067575066032558e-02,2.527943864085560599e-02,-3.165324877260262265e-02,9.367719920515357734e-02,-4.480546753055414388e-02,-2.782620565553709652e-02,1.094951319215584223e-01,-1.258939520552964930e-01,-1.066516129725324918e-01,1.415264092499038118e-01,2.312413372399153011e-01,2.054051972988406582e-01,2.065348745308414891e-01,3.075008240000835502e-01,3.331613419639831153e-01,2.394637673486267326e-01,1.000000000000000000e+00,2.186612537227665132e-01,1.612169451965765610e-01,4.126310214637219503e-02,-1.588000805951794991e-01,-2.304659748196489361e-02,1.304490090503833688e-01,3.144194133337703534e-02,-1.425232746604046877e-02,1.223224970252986127e-01,2.820439237815230635e-02,-3.731118740535865896e-02,2.819104547452823406e-02,-2.112163470678453045e-02,-3.800141573741122603e-02,-1.674184458477940077e-02,4.606134571315476794e-02,-1.062924610233383221e-01,-1.264262183380427951e-01,-7.916696457078699345e-02,-1.064046473800830811e-01,-7.633744089245653175e-02,-7.817408633399737516e-02,1.019279916279999636e-02,-1.569446970732664773e-02,-9.857373473896512139e-02,-9.912313133461411740e-02,-1.037470740295213245e-01,-8.619027335845043380e-02,-2.196602139763223493e-02,-3.442129388446984323e-02,-1.229421994817581493e-01,-8.575643581993598608e-02,-1.082833558582166344e-01,-7.351128809945174647e-02,-7.125816211097862896e-02,-1.805018169137196510e-02,6.863648932978614475e-03,-1.353422991635553491e-02,1.161495386842966099e-03,-8.128826574201927779e-03,-5.166663359219027078e-03,-2.630844203778590767e-02,-4.358500975770918801e-02,-6.827984652433194412e-02,-3.115517929393345556e-02,-2.739904891574173468e-02,-7.717209649018974028e-03,-5.793454188624334866e-03,1.721314150761491663e-02
7.641886643085739686e-03,1.972069334059627088e-02,-2.496411726113460794e-02,5.756484684312925676e-02,-3.458267686277771702e-02,-5.711713535548271908e-02,9.973929106560749935e-02,-1.239410365546421144e-01,-5.106643056280026766e-02,1.552924467345800363e-01,1.955353092512261970e-01,2.167129303521110884e-01,2.921109024498463880e-01,1.707202625997099876e-01,2.658243235559490936e-01,4.944243408645411786e-01,2.186612537227665132e-01,1.000000000000000000e+00,3.302311697498680476e-01,1.759694188341962284e-01,-8.586657638398283166e-02,-6.847700547661991245e-03,7.082483253613695851e-02,-1.543937273138919035e-04,-1.101288212009805256e-01,1.438311762400768835e-02,-3.420819617921669331e-02,-4.104439342291817810e-02,-2.239042408589973429e-02,-3.407744400861490580e-02,-1.342946936828621650e-03,3.188576587203191537e-02,3.442513002515697890e-02,-1.653472388524008033e-02,-4.108121865446864862e-02,-4.522177707968883659e-02,-2.081771365357296816e-02,-1.757619002932579028e-02,-6.384417558283715655e-02,-2.198836780565287946e-02,3.679804390288436006e-02,-4.227684599541333549e-02,-1.131670610793233805e-01,-7.390889851247477160e-02,-7.511081632705828015e-02,-3.335258792449466436e-02,3.105304869572645798e-03,-1.087059738931362013e-01,-2.230970496037952555e-02,-3.751083955227960814e-02,-2.134869442338542880e-02,9.704584628439908225e-03,1.639929309673340396e-03,4.779115942130439214e-04,1.066627180026571671e-03,-1.855355666342083792e-02,-6.632621357309760601e-02,-2.459937866590023586e-02,-5.686183632121166731e-02,-2.595155346924501311e-02,7.883838395422912079e-03,1.729417232166370610e-02,4.139694410854980432e-03,3.946462742793796497e-02,6.027390345206163659e-03,-9.785203654713442445e-03
1.531947920374706652e-02,-3.055974932789519275e-04,-7.270292526513871811e-03,9.392883929990910111e-03,-6.651549586373134426e-02,-4.509505756358809375e-02,5.012696551850115596e-03,-1.246225503520769495e-01,-1.807928961975216117e-02,4.756575798480700695e-02,5.976434609495753086e-02,1.230595610005578711e-01,1.987857695492285248e-01,8.444624290817850931e-02,1.796646018351436558e-01,2.439743624625408114e-01,1.612169451965765610e-01,3.302311697498680476e-01,1.000000000000000000e+00,4.758208071284896756e-01,-2.305858666265173801e-02,2.584249194585314102e-01,1.277923682088559221e-01,-7.487282099229184383e-03,-1.389684350202794461e-01,-5.007106801205332691e-02,9.899734085741707101e-02,9.522429977391268230e-02,1.597885114668489703e-01,9.080605926222355684e-02,3.253450190632819344e-02,9.201443101049694429e-02,8.422957278837858719e-02,-4.673098508190457606e-02,4.176882914051958072e-03,-4.367402886202855633e-02,6.286358798578384546e-03,1.574886319208341698e-02,-2.984366181748472277e-02,-2.269186027823780552e-02,-9.947164719715146514e-03,-1.794436516874588911e-02,-8.688675653351309036e-02,-5.699505448038361816e-02,-6.612592256233593146e-02,-6.561979754768543227e-02,-3.478994593743290481e-02,-8.943876709056890195e-02,-1.614861176179147734e-02,-4.943140812220599839e-02,6.781599744149563284e-03,-4.173416252567137275e-02,2.464295960836765734e-02,5.674956053428840963e-02,1.788049742952309631e-02,-3.252263319727555918e-02,-7.660315458627223184e-02,-8.280106051275796727e-03,-7.027701234511715689e-02,-2.673931791729639365e-02,1.272047370147826040e-02,-2.859992952449824308e-02,-5.121756261960495708e-03,-1.631009954923500621e-03,-6.498620885487460530e-02,-1.931209939980008811e-02
9.921762593669745944e-03,1.164751599617027148e-03,1.958701654234650154e-03,2.530209730670466770e-02,-4.151867198763117134e-02,-2.550366696563301228e-02,1.662071604980214917e-02,-1.247992716089111609e-01,1.023946835962065947e-02,7.231620377010579415e-02,4.121295592065638350e-03,1.237561344270337593e-01,1.342855032124245784e-01,-1.051417386216547435e-02,1.497890625346926796e-01,1.855391410380894945e-01,4.126310214637219503e-02,1.759694188341962284e-01,4.758208071284896756e-01,1.000000000000000000e+00,3.395111939874685403e-01,3.286094109073443570e-01,1.601284000887681358e-01,6.811320316091096227e-02,-1.166999812560723659e-01,-3.959770106286968766e-02,1.083142654765316820e-01,1.388518403992005379e-01,1.931867681350222521e-01,1.177064912940439245e-01,4.934744438218918033e-02,1.340491887305046426e-01,1.042047489988897624e-01,-3.422199102664678916e-02,6.329405650077364956e-03,-7.425941577813854888e-02,-1.526545276505767573e-02,2.997784881511022723e-02,-3.764043150115199687e-02,-4.691907420740378670e-03,-9.282225306445716093e-04,-1.634313570461881290e-02,-1.077071133240634776e-01,-3.796437385175158163e-02,-5.600987898290420153e-02,-8.295712245807648766e-02,-1.240679080136055518e-02,-7.298558851192442354e-02,-1.818527751523266525e-02,-4.001956008240451640e-02,-1.434163339259239903e-02,-2.920436939864122505e-02,8.132295472417328669e-03,2.232535124433240523e-02,1.010657279636280499e-02,-5.469930469670254009e-02,-9.939380193307709166e-02,-5.558321020510789690e-02,-7.455632778502310765e-02,-3.120161962622469004e-02,6.103211400788235812e-03,-6.535895323810494810e-03,-2.754037858185819088e-02,-8.434316976075694958e-03,-4.938821711305083767e-02,-4.441436448734831233e-02
1.079324128214411913e-02,1.398608320360150876e-02,3.800794186085677123e-02,1.721996550920148908e-04,6.784422062844562042e-03,2.072973929510726551e-02,-2.556959951465328368e-02,-7.043756512984952756e-02,4.085642852033054273e-02,7.102373074746468930e-03,-1.151595129321908856e-01,1.151779366180177670e-02,-2.550037911606399532e-02,-1.398728598371794252e-01,-8.273498470020788573e-03,4.355435118721132266e-03,-1.588000805951794991e-01,-8.586657638398283166e-02,-2.305858666265173801e-02,3.395111939874685403e-01,1.000000000000000000e+00,3.143910471805064222e-01,3.539254737845122512e-02,1.103699853042883622e-01,-5.046503028475303465e-02,-2.306189478239010701e-02,3.399594350201792792e-02,1.021348257650538799e-01,1.110519308350360612e-01,5.981729245412397561e-02,9.401432667710436786e-03,1.236453696828202081e-01,3.482570834100835039e-02,-2.339717402781745989e-02,4.883695125634272827e-02,-6.299173107324149146e-02,-4.435859735675278838e-03,7.891457040134448875e-02,1.565457457461478033e-02,8.126117798171836326e-02,5.776704273003289980e-02,7.807599698301597238e-03,-1.204507031683766244e-01,-2.748794036089025408e-02,-3.309976777542595477e-02,-4.799527157941064354e-02,6.160973966043081090e-02,-4.026449669125174713e-02,3.660534683337583143e-03,9.911636936181566007e-03,-3.682800867309182075e-02,2.005543932375933314e-02,-1.130558287303607204e-02,-2.509137619532295777e-02,-1.939751052969753906e-02,-2.236343059798403740e-02,-3.408494075418549291e-02,-8.150046780013686654e-02,-2.815917135873638802e-02,-9.216510173373172396e-03,-8.714471035684661498e-03,3.806850571500295516e-02,5.463362504128497880e-03,-1.168558139544429580e-02,8.475143739150028596e-03,-4.272217485311510798e-02
8.583164416080049652e-03,2.557344675620753724e-02,3.670824550506505968e-02,-6.465257447155929767e-03,3.435090258575230343e-02,-6.945218889862661386e-04,-3.087662303757545725e-03,1.511697020454308080e-02,2.646762674316618935e-02,-6.037792273872113081e-04,-8.254119890546511573e-02,-1.738136011762214661e-02,1.963187177050030804e-03,-9.503220121086425332e-02,3.217983176255961864e-02,-7.827127485040750315e-03,-2.304659748196489361e-02,-6.847700547661991245e-03,2.584249194585314102e-01,3.286094109073443570e-01,3.143910471805064222e-01,1.000000000000000000e+00,1.999406087142898136e-01,3.328048351609509403e-01,7.527960173101823360e-02,1.343174739484406799e-01,2.999616360508672308e-01,1.678784528616552585e-01,2.108825571534284349e-01,7.031698755833862280e-02,4.280774959271573671e-02,8.887902290342468425e-02,1.619998311167548943e-02,-1.122485386406493896e-01,-1.366808640634902816e-01,-1.714713395289494124e-01,-1.155339276519327663e-01,-8.344294070540310415e-02,-9.363399081847283145e-02,1.573342569230705770e-02,-4.427960218629178879e-02,-3.959919519588511738e-02,-1.042811034977697282e-01,-1.043439223385096287e-01,-1.354890204320616520e-01,-8.994453162996861317e-02,-1.839688210272381885e-02,-1.420847493393606886e-01,-5.596026566192736917e-02,-2.676095481914297566e-02,-7.434988586286453427e-02,-3.149208636381216342e-02,-4.077900948529446928e-02,-2.334564261297758167e-02,-8.161040663459014771e-03,-1.951645424059930689e-02,-1.766234846306609374e-02,-6.523931855838099869e-02,-2.853204573943372152e-02,-3.524311641393661904e-02,4.581907041455056395e-02,5.459560460951321664e-02,4.469711079553344291e-02,1.710963621805507498e-02,-1.766447228993311622e-02,-9.677856510051351937e-04
-3.102199320635077445e-02,1.105446814552555473e-02,-2.828891873856750200e-02,4.457391204274324670e-03,-1.131795757351315018e-02,-2.038741200093873926e-02,1.397838165797839378e-02,-1.814059748298913616e-02,-3.498123844485302725e-02,2.455795375729901212e-02,-8.365864498711730532e-03,2.052007413181786507e-05,-6.635245287284203923e-03,5.097430499781057528e-02,1.053345059821310936e-01,2.460123421667839358e-02,1.304490090503833688e-01,7.082483253613695851e-02,1.277923682088559221e-01,1.601284000887681358e-01,3.539254737845122512e-02,1.999406087142898136e-01,1.000000000000000000e+00,4.803849651930526266e-01,4.012384704286590942e-02,4.232312128617641278e-01,3.611359240890695821e-01,1.323409808463111258e-02,2.350263299719857479e-01,-9.460578844851944003e-02,3.206980914076006800e-02,1.087444386074418873e-01,-9.424366787561709591e-02,-1.524270285944365755e-01,-2.158183868722428622e-01,-2.459897342210817239e-01,-1.027109765803122937e-01,-1.486250463482560735e-01,-1.766929201627003287e-01,2.252119635339205547e-02,-1.421225217608575730e-01,-1.848277060911409087e-01,-1.186214866149139097e-01,-1.393864107134285268e-01,-2.329622172309161465e-01,-1.651224378182683528e-01,-8.103190343245110505e-02,-2.223179020610128176e-01,-1.367581714888925770e-01,-7.828783180464020386e-02,-1.456364396251865756e-01,-9.681551683702113720e-02,-6.050943817921410062e-02,-2.811795431732270339e-02,4.608454821271668056e-02,1.518552704903234143e-02,-6.449175854121398307e-03,-1.029908017721898814e-02,1.578362023832844893e-02,-2.191534352474104955e-02,-4.289846963267077845e-02,2.600633539672556060e-02,1.762418235067927594e-02,3.493731442398768147e-03,-1.642641590156490236e-02,8.025880119031490387e-03
