1.000000000000000000e+00,4.487227771196493631e-01,8.870339211974799243e-01,4.030592845489999188e-01,8.273621298128487345e-01,5.157321599794226774e-01,6.444386436522404615e-01,7.675996456125724343e-01,3.144660634251577047e-01,-1.626962746967917373e-01,-5.799113356831397253e-02,-1.701947753864414270e-01,-6.693030364568973711e-01,-1.002349883730805358e-01,4.897870132784351016e-01,2.122044958729858988e-01,5.938888694900866794e-01,4.465790296511765178e-01,2.602972385901039520e-01,6.192884918283175777e-01,6.096024590026402623e-02,-3.054587981356527426e-01,1.499274957182200607e-01,-1.543851754956061806e-01,-2.595102599209414551e-01,-4.738386918992978925e-01,-4.104331092047002749e-01,-6.048900323695841630e-01,-3.320857518019350585e-01,-6.029585049963246401e-01,5.276209992394152726e-02,-5.511643029626176471e-01,4.350417651157914012e-01,7.694978722850353003e-01,-2.969495307448957733e-02,2.073435039214905629e-01,6.134216559059278984e-01,-6.398755120644078476e-02,1.262537866597887026e-01,3.925781337264558357e-02,-6.664677953996053228e-01,-5.905693115305349350e-01,-3.285499868549217606e-01,-6.944497669323556055e-01,-3.043437738214511135e-01,-6.849339814725238229e-01,-5.555404118282510906e-01,-3.515316633747402331e-01,-7.789836311182543049e-01,-1.992896890232712659e-01,-7.368212995329126436e-01,-1.573895650056382767e-01,3.757792118409492566e-01,-2.084394828936862731e-01,-4.946786949296158586e-01,-5.421879032608617477e-01,-2.533820124721449796e-01,-3.013445412519283884e-01,-2.090051160326852064e-01,-9.685613792011835144e-02,-3.676283593701571983e-01,-7.499978568576582960e-01,-3.631987672523631638e-01,1.201761100965232677e-02,-7.443027774763435467e-01,-5.102004695280361046e-01,1.125630322751077356e-01,-3.007470723621374908e-01,-5.327198453795894961e-01,1.475944147153897823e-01,-2.316381992309379523e-01,2.437622809105125243e-01,1.579009524685224819e-01,-1.436297757929287378e-01,3.141107201644475211e-01,-6.467865170388896467e-02,-3.564159625791418207e-01,-5.125713435959722286e-01
4.487227771196493631e-01,1.000000000000000000e+00,7.942092284569804428e-02,-4.544042132892373020e-01,2.135390243203771563e-02,3.483669903864203277e-02,-2.131987018041988924e-01,4.382671907946970036e-01,-1.371374846152647320e-01,-2.980499867967500438e-01,-3.311428860321593004e-01,-3.476423944893661799e-01,-3.246393387223741045e-01,-2.098810553625094222e-01,3.196930701917188172e-02,-1.970843222653406446e-01,1.367483510515735412e-01,4.964682408230943617e-02,8.800182254913815894e-02,1.867049759992920055e-01,2.523510807233870362e-02,-4.409171050437596384e-01,-4.583332723917828977e-01,-3.419164949203568060e-01,-4.015068232988735358e-02,-1.596882588463916786e-01,-5.926486997479869095e-02,-7.807349776522740092e-02,-2.404705075711176254e-01,-2.324626493717830422e-01,-1.256792252218951467e-01,-2.523721123322077986e-01,7.930668928464780498e-02,3.578330846376750474e-01,-1.911139829703213111e-01,-3.480114554996965870e-02,8.553568499365513111e-02,-2.574531179919835600e-01,-1.845853605722778124e-01,-1.942833640833626918e-01,-1.227322528790084910e-01,6.378194082248095365e-02,-1.398397367910871880e-01,-1.956893380725781284e-01,-1.093326148557291627e-01,-2.653180151381341334e-01,5.050913888802194968e-02,2.956463798355191130e-02,-2.068261883484386887e-01,-2.886103992549393094e-01,-3.101549004361834339e-01,-2.738566529814410178e-01,1.135111428091780186e-02,-2.167086772959545271e-01,-4.882497155571997177e-02,-1.567953696494366403e-02,-6.496291059503066234e-02,-1.938313849300382363e-01,3.663440852978993439e-02,-8.127441794169595890e-02,3.064609577744922125e-02,-1.353362261703992819e-01,1.301879593052572559e-01,2.142172253207675070e-01,-2.354055665233749095e-01,3.412326448557951447e-02,2.373847183756079837e-01,2.304041182159184339e-02,-2.043948789598181714e-01,3.216082393650812055e-01,1.876025338720719027e-01,2.597080521871373837e-01,-1.317059935201872201e-01,8.919296951346777913e-02,1.743358452516932389e-01,1.441747787156629490e-01,2.564033692065877806e-02,-1.032984271674900895e-01
8.870339211974799243e-01,7.942092284569804428e-02,1.000000000000000000e+00,6.369182097730698988e-01,9.269719970658357733e-01,5.532110984195297565e-01,8.220840283129328130e-01,6.950486429054963944e-01,4.021878411343453030e-01,-9.547611630522756521e-02,6.294955967906509797e-02,-6.329376305545715564e-02,-6.272286914671867386e-01,-3.082664742253931819e-02,5.248582048764293129e-01,2.981793049929783446e-01,5.963942696695260226e-01,4.589480348084982730e-01,2.227410693086564197e-01,5.989449601728037420e-01,2.820339553764664511e-02,-1.916364351763383822e-01,3.651248110163649585e-01,-7.692758993020623604e-02,-3.160672937135178828e-01,-5.044782391603397365e-01,-4.738899235925871367e-01,-6.677225636231436390e-01,-2.975248375173455972e-01,-6.102998050320076473e-01,8.183396638120914168e-02,-5.306803202319342327e-01,4.250616404558004713e-01,7.041911630170726299e-01,3.388120923223458120e-02,2.374944102632967347e-01,6.514775483508734588e-01,1.526999864017681945e-02,1.939998031106930088e-01,9.667204556574848784e-02,-7.264650548600406488e-01,-6.920013839755537743e-01,-3.210739706849554675e-01,-7.129115594172866777e-01,-2.848659862184475533e-01,-6.955575641846022394e-01,-6.744428625796741184e-01,-4.491381515015365200e-01,-8.351337969832637320e-01,-1.161423087236028717e-01,-7.172856163125643780e-01,-1.087896668014720486e-01,4.277200967709363089e-01,-1.665418808942699946e-01,-5.552112498336260193e-01,-6.122181446424911355e-01,-2.812471993618868016e-01,-2.682553238154058994e-01,-2.548925324870038867e-01,-7.395406094365203353e-02,-4.474281903594238274e-01,-7.929670512511803881e-01,-4.522467546333888699e-01,-9.754257371405936072e-02,-7.389417967234840345e-01,-5.724752448522394399e-01,4.250762245505681353e-02,-3.190214471610722247e-01,-5.372435611798885846e-01,5.409443888954248297e-02,-3.331989443348252755e-01,1.838621150136172389e-01,2.198150067573696187e-01,-1.888629070545781996e-01,3.169632469052946488e-01,-1.157874229599406002e-01,-4.444251868862162391e-01,-5.660511310822939901e-01
4.030592845489999188e-01,-4.544042132892373020e-01,6.369182097730698988e-01,1.000000000000000000e+00,5.980707099919079228e-01,7.893148943162988651e-01,8.129653602573394533e-01,4.055953012865883833e-01,6.780402761959753999e-01,2.949937568159933798e-01,2.824841229839321621e-01,3.398927177273811107e-01,-4.059984273790802067e-01,1.646079746782063702e-01,5.217751223654253367e-01,5.129824917308125620e-01,5.107026595184375184e-01,4.224161485643777580e-01,2.153736543681412097e-01,2.697007261919365795e-01,1.138608022508953710e-01,2.162421297215161020e-01,5.080318352290211781e-01,3.630346214862398280e-01,1.145786310920899123e-02,-2.214921447606134075e-01,-1.354494292589805138e-01,-5.080809045150989078e-01,-1.084803126550692130e-02,-3.642550566862072237e-01,2.353591083428573649e-01,-3.220033989094437943e-01,4.685453932880027650e-01,5.313280188860382003e-01,2.487584103872299834e-01,3.299981633292866645e-01,7.501322487533284011e-01,3.555993420776966674e-01,3.471276232196789935e-01,3.417144009035070207e-01,-6.019073019740099895e-01,-8.161368443791460203e-01,-3.550591570500282734e-01,-6.657782860435148553e-01,-3.434688896067610298e-01,-4.004135258001119690e-01,-5.589615406015192578e-01,-3.508918597354651614e-01,-4.891013857075676707e-01,2.248700430007282147e-01,-4.293680642978999207e-01,1.558492052971966191e-01,2.667049596453357485e-01,-1.844334308120373174e-03,-4.049327533218139430e-01,-5.681343980070456823e-01,-2.084802457663627040e-01,-1.752604549398091849e-01,-2.835887453903121469e-01,2.818658888243497779e-02,-4.525097941629581122e-01,-5.868950510181074609e-01,-5.606251660661424330e-01,-3.208362262555878308e-01,-6.095101523721708769e-01,-7.271024449739792450e-01,-2.457453016261655354e-01,-5.546024340136130881e-01,-3.286819030724837942e-01,-2.597818162731883040e-01,-5.725132573008554493e-01,-2.949392000371409694e-01,1.154435823462815203e-01,-4.549946323342679566e-01,9.039968145859947346e-02,-3.774735184961360845e-01,-5.608878042641146644e-01,-5.394230215382564975e-01
8.273621298128487345e-01,2.135390243203771563e-02,9.269719970658357733e-01,5.980707099919079228e-01,1.000000000000000000e+00,4.317455083784249026e-01,8.514144387122014601e-01,5.640009634793088367e-01,3.301638291838400185e-01,-9.304829523731235341e-02,1.775366761345376909e-01,-4.912990320599990024e-02,-5.115412128281872084e-01,8.511728581948896366e-02,5.721541747617417961e-01,3.484766874555685900e-01,6.359775614583154102e-01,4.620431260186119160e-01,3.247036681716494733e-01,6.586802965150604372e-01,1.391396356611754315e-01,-8.572387749491461317e-02,4.676431902540494900e-01,-2.898598631926920313e-02,-3.578206816008333568e-01,-3.945655953342351308e-01,-4.691318784068204129e-01,-5.539012087958175012e-01,-2.300486250597047200e-01,-4.590487826698676499e-01,1.512927500220155597e-01,-4.104740441644496585e-01,4.354232206357903645e-01,6.311384040552283636e-01,4.572730094941966639e-02,2.685636306073388990e-01,5.576904385257626107e-01,4.866324151776077814e-03,3.091315613917502425e-01,1.268649534568221104e-01,-5.758595672383688413e-01,-6.172901758583383414e-01,-1.653138732197039495e-01,-5.937375485037063028e-01,-1.456609479669974949e-01,-5.631330247432193570e-01,-6.016080511822938792e-01,-2.548138690162874420e-01,-7.145759967987957983e-01,-1.199684168016253438e-01,-6.272811228866179700e-01,-5.634734910164098352e-03,5.043432831839260722e-01,-3.520990972110222411e-02,-4.392801411250273347e-01,-5.337447268913965148e-01,-1.591118205647053252e-01,-1.629400282533388089e-01,-1.511068198164892962e-01,9.055302873537972308e-03,-3.118117931827584233e-01,-7.330006253362043589e-01,-4.518406553828154815e-01,1.268881843124876167e-02,-6.428622394644206706e-01,-5.381535067990724786e-01,5.390525656115284503e-02,-2.086409932878390550e-01,-4.059991747512760596e-01,-2.626914562441647408e-02,-2.445770249385318951e-01,2.475797205456797823e-01,3.677953528239079062e-01,-9.403536658256604619e-02,3.039622997343253696e-01,-4.648992270830631934e-02,-3.049755692833426846e-01,-4.769190135548252996e-01
5.157321599794226774e-01,3.483669903864203277e-02,5.532110984195297565e-01,7.893148943162988651e-01,4.317455083784249026e-01,1.000000000000000000e+00,6.065879587720085508e-01,6.691988848735329620e-01,7.254162936111041571e-01,1.946844668001667111e-01,-2.618223298645767916e-02,1.813131555982232246e-01,-6.416745820151643631e-01,-7.173356406046986489e-02,4.429645531123804214e-01,3.550276374064169627e-01,4.827649414562096286e-01,3.932769852419455425e-01,1.558191767359098368e-01,2.240754936264948982e-01,2.323102763609842178e-02,-3.079248801899233876e-02,1.269048604712268713e-01,2.314177317730677086e-01,1.320448187435802334e-01,-3.178754031299676486e-01,-6.335366860669426614e-02,-5.639668228689158624e-01,-1.137584158405451490e-01,-5.262169257525852739e-01,9.937244551944500459e-02,-5.368848873760049267e-01,4.571720366254045653e-01,7.296474786497826326e-01,1.463517881081535799e-01,2.731602355711859054e-01,8.486226421688103372e-01,2.758086997167958354e-01,1.528737892757359718e-01,2.328046079702957849e-01,-7.101838284386314815e-01,-8.186140137427347918e-01,-5.452448440539046093e-01,-8.204666760131601455e-01,-5.392588825163585620e-01,-5.776978017361361628e-01,-5.301521203792586290e-01,-4.576270414641375739e-01,-5.640714758165690235e-01,1.484975277652605397e-01,-5.962037214277274844e-01,-6.362889770740183526e-02,1.244701701216898437e-01,-2.253912126655002457e-01,-4.213999244206117489e-01,-5.537213962247918841e-01,-3.193906167954731479e-01,-3.549358502892808742e-01,-3.527656318906707278e-01,-8.354813853456331818e-02,-5.152044652186664742e-01,-6.061065636299484138e-01,-4.589380477766645816e-01,-3.246172503326211212e-01,-7.399949152272522479e-01,-7.602905271894447869e-01,-2.003544231098281225e-01,-6.689190466877797947e-01,-4.706719352229893349e-01,-9.850032125534741168e-02,-5.535440934305337901e-01,-3.308263250676031775e-01,-1.662633602958348833e-01,-5.442807215173518509e-01,1.601762944119193843e-01,-3.961773394741086030e-01,-6.684288185462652354e-01,-6.350485948654385204e-01
6.444386436522404615e-01,-2.131987018041988924e-01,8.220840283129328130e-01,8.129653602573394533e-01,8.514144387122014601e-01,6.065879587720085508e-01,1.000000000000000000e+00,5.298621074540671438e-01,5.298996101133841563e-01,9.772971366005545057e-02,2.534702897149320178e-01,1.651391010223963729e-01,-4.666323599325692406e-01,2.433248721755890687e-01,6.595156797025820694e-01,4.744916087606319000e-01,6.413656918651975403e-01,5.323081375817525496e-01,3.165730634194124926e-01,5.940537603992365190e-01,1.495361540286717361e-01,3.408312094213322013e-02,5.313814126799524251e-01,1.797623714834820086e-01,-1.876513965362785474e-01,-3.430063784751553602e-01,-3.434111148499729982e-01,-5.946132730417148515e-01,-1.059301399854900710e-01,-4.526609534160373483e-01,2.496666689544136120e-01,-3.595432805916999874e-01,4.897777592653782541e-01,5.918060248271387325e-01,1.923500240429446284e-01,3.483205107323590344e-01,6.934217573321960204e-01,2.057905978020746762e-01,3.662688933562496807e-01,2.816403141031603163e-01,-6.450799499361954403e-01,-7.667246913924059548e-01,-2.943997624547073921e-01,-7.066134729460821218e-01,-2.823364849641356034e-01,-5.430657369173833571e-01,-6.595990973178339489e-01,-2.940481786904448058e-01,-6.278895111372194693e-01,4.640191151490619115e-02,-5.358379135493178680e-01,8.008178133766326312e-02,4.005792725035346447e-01,-5.681340228109060288e-03,-4.938273364105362218e-01,-6.539927496107339477e-01,-1.991883657768160065e-01,-1.756588014811241161e-01,-2.571191021356637463e-01,3.814164830116964500e-02,-4.501399933619766314e-01,-7.577777622576189476e-01,-6.521083299929441024e-01,-1.976694295947453717e-01,-7.185663928952725765e-01,-6.731752359499606486e-01,-8.048747248443172131e-02,-3.921129802162605094e-01,-4.021578535869310134e-01,-2.042906334572260618e-01,-4.676136056273387243e-01,-1.122692764910653528e-02,2.872576455296445008e-01,-2.675403326216540534e-01,2.284370948258525602e-01,-2.180490290586640234e-01,-4.593779647642227681e-01,-5.432066895973276521e-01
7.675996456125724343e-01,4.382671907946970036e-01,6.950486429054963944e-01,4.055953012865883833e-01,5.640009634793088367e-01,6.691988848735329620e-01,5.298621074540671438e-01,1.000000000000000000e+00,4.831842726401726074e-01,-1.777367427534915223e-01,-3.506543756906740916e-01,-2.140596791520324171e-01,-7.533995155691477486e-01,-3.178196789110611653e-01,2.892908263309458827e-01,7.275664196170883620e-03,3.506015142176613919e-01,3.035649581742526637e-01,-7.897420169050139993e-02,3.455906021911190340e-01,-2.451151121007308642e-01,-4.795058649661044781e-01,-1.498324317447816412e-01,-1.906686956367529551e-01,-8.389480691353964903e-02,-6.787534627782960683e-01,-3.615992042757251723e-01,-7.682020471971860998e-01,-4.063965879881370480e-01,-7.949303974095561776e-01,-1.726573047621190737e-01,-7.352676255099660496e-01,2.139860909971496306e-01,6.839248187208000207e-01,-3.359625265386326914e-02,2.153428111200937287e-02,6.417414113941978249e-01,-5.065550298751108488e-02,-2.062159742817402941e-01,-8.077032603928806231e-02,-8.055779373507688801e-01,-5.616105988937304394e-01,-6.443691718213323538e-01,-7.687021198689886203e-01,-5.532552748207001381e-01,-8.233388174854686659e-01,-6.035328776872429524e-01,-6.097241535637735188e-01,-8.056708383851878263e-01,-1.702921638085868328e-01,-7.901114994830306104e-01,-4.209251422283850075e-01,9.002377791392550399e-02,-5.463944904104109934e-01,-6.548820167993590902e-01,-5.848442149308010762e-01,-4.697703626728919057e-01,-5.212152479608863631e-01,-4.319580231879617815e-01,-3.163654754754809395e-01,-5.113611131568162049e-01,-6.975637166055653759e-01,-2.629180396049689006e-01,-1.705710342226301190e-01,-8.317052437413128274e-01,-5.282497274606049453e-01,5.521827444577621230e-03,-5.204560231344639298e-01,-6.715168273529072973e-01,1.729823550805862364e-01,-3.330300614287964867e-01,2.421909389045358296e-02,-2.580787967779399894e-01,-3.635656451717183546e-01,3.425157481092473977e-01,-1.768215918607314863e-01,-6.097030051236217441e-01,-6.581531557416636646e-01
3.144660634251577047e-01,-1.371374846152647320e-01,4.021878411343453030e-01,6.780402761959753999e-01,3.301638291838400185e-01,7.254162936111041571e-01,5.298996101133841563e-01,4.831842726401726074e-01,1.000000000000000000e+00,6.452778224605426605e-01,2.582517608326453246e-02,5.311786286005508728e-01,-2.485291785693098110e-01,1.344311162076027022e-02,2.516555726063082754e-01,5.202632038468637532e-01,2.720243699610530586e-01,6.739049829918183354e-01,1.234465907619173575e-01,3.105872521247983742e-01,-4.045938333070182163e-02,2.587827885596926669e-01,9.015269384875215786e-02,5.824341188946349224e-01,4.734285490115034967e-01,-5.072224850906769528e-02,2.881945145943570208e-01,-3.393069574298547830e-01,3.454736043516507538e-01,-2.256545814539166750e-01,3.843861814123957221e-01,-3.144245415099718444e-01,4.722070476405171857e-01,5.223860211316639912e-01,5.577546693870023553e-01,3.729556983746546428e-01,7.764893324156650900e-01,6.595642177093117287e-01,1.766200492170558745e-01,5.950579210398225793e-01,-5.244448081427535158e-01,-8.141857190556693880e-01,-6.720449037986898633e-01,-6.978349573039982490e-01,-7.473032479661245731e-01,-4.555021187982938313e-01,-6.904462216745750336e-01,-5.267733968962374780e-01,-3.614423182239512311e-01,5.916069373962458133e-01,-2.071459662045404548e-01,2.142505376324803368e-01,-2.409128442665743608e-01,-1.491093443306528710e-01,-2.085590535554610603e-01,-5.603338891262521493e-01,-4.410198862002125963e-01,-1.672594553592072764e-01,-5.945618355916211240e-01,-3.526714126685007861e-02,-7.397597489150299355e-01,-4.790343297201782868e-01,-6.161155783009283349e-01,-6.863213952741655799e-01,-5.370391890384178524e-01,-8.026498012851512875e-01,-6.413792407082565816e-01,-8.345139740628408909e-01,-5.580434480813361020e-01,-5.274497070738549676e-01,-7.606013722266296018e-01,-6.735983595916655853e-01,-3.133643256646453934e-01,-8.166452053658306287e-01,-2.893804263613365957e-01,-7.353964310696984308e-01,-6.940206184952554258e-01,-2.950500522701113848e-01
-1.626962746967917373e-01,-2.980499867967500438e-01,-9.547611630522756521e-02,2.949937568159933798e-01,-9.304829523731235341e-02,1.946844668001667111e-01,9.772971366005545057e-02,-1.777367427534915223e-01,6.452778224605426605e-01,1.000000000000000000e+00,3.480564580252233364e-01,8.882688545799789503e-01,4.324560553453524747e-01,3.431563578647408019e-01,4.414591805362197419e-02,6.411781393319909705e-01,2.333957655859430352e-02,6.567919517849921673e-01,2.471918434154116995e-01,1.695901817420569779e-01,1.541054527752074854e-01,6.986285008160468823e-01,1.553998558214659820e-01,8.193376506848066843e-01,6.465406413181779000e-01,5.532282542507703793e-01,6.681690719820676527e-01,3.157413050112217734e-01,8.321152799128260780e-01,4.470840298757035591e-01,6.973124945535527086e-01,3.535039035931890616e-01,4.287951754549364503e-01,2.165236926298180591e-03,8.168380049866853509e-01,5.215342386283180476e-01,3.956835483032314915e-01,8.933737511787130936e-01,3.964743024797586224e-01,8.578055946699753020e-01,1.018505728100843055e-01,-4.542156807794466844e-01,-2.971606128024921745e-01,-1.740535595199188823e-01,-4.710275561383635012e-01,1.748044530344633751e-01,-3.576714043086915429e-01,-1.076549427819308291e-01,2.306291070797539255e-01,9.098166826573645949e-01,4.594082753257775487e-01,6.353943892210820454e-01,-4.294699862579844374e-01,2.768398761781658002e-01,4.093837588706412678e-01,-1.206736424633700622e-01,-1.395216931880880751e-01,3.401153272372336445e-01,-3.183879149373139983e-01,2.584932294528078933e-01,-5.076759525213974111e-01,-3.646649813960302355e-02,-5.693210341024973475e-01,-7.145871032131129175e-01,5.263221249106395799e-02,-5.102847816522153579e-01,-8.143338008562471808e-01,-5.756586257082305647e-01,-2.861640209417770642e-01,-7.672732487919594613e-01,-6.876112265549666480e-01,-8.297996732615328108e-01,-1.871631457965050593e-01,-6.886587102532080173e-01,-7.560265885477502890e-01,-8.030404985026273756e-01,-3.159108098777249629e-01,2.655841849879081451e-01
-5.799113356831397253e-02,-3.311428860321593004e-01,6.294955967906509797e-02,2.824841229839321621e-01,1.775366761345376909e-01,-2.618223298645767916e-02,2.534702897149320178e-01,-3.506543756906740916e-01,2.582517608326453246e-02,3.480564580252233364e-01,1.000000000000000000e+00,5.789325595809327041e-01,3.521563961461476322e-01,8.463776513286330738e-01,6.265420789227812426e-01,6.732619142528685208e-01,5.651644720298353297e-01,3.697989168034905294e-01,7.174179803639619823e-01,2.605339195222671766e-01,6.356367085327556676e-01,7.044626950830269463e-01,7.964014468929729862e-01,3.284364316913885862e-01,-2.107923447730415678e-01,5.508184733034215963e-01,-3.198176525211186665e-03,4.047674829074229819e-01,4.328940496670382609e-01,5.309214973645993707e-01,7.332652645569432970e-01,5.856564542527605832e-01,6.512398775395155104e-01,9.121979695899175289e-02,4.057017436098168117e-01,7.329602270990251967e-01,2.517441532681868877e-01,4.016079024731621927e-01,8.971453000433552427e-01,5.610223248879117053e-01,3.238275282047783366e-01,-2.729367531526031843e-01,5.024140787605733127e-01,1.383433317752795749e-03,3.642627704195616212e-01,4.391605525863396253e-01,-4.870739096251457817e-02,5.167737392055052892e-01,2.210117427791273292e-01,3.696938034667396900e-01,3.672586511683890165e-01,8.072733297994345580e-01,4.496816886005307601e-01,7.743883950952504813e-01,4.355559347246604762e-01,1.265968636615787124e-01,6.397317357872043253e-01,6.456407718920842420e-01,4.837468760071257923e-01,7.844219289316636257e-01,1.290848980698291737e-01,-1.027449806113424069e-01,-4.776235096807889824e-01,2.748435680470117520e-02,8.857077316868317007e-02,-3.221424024385749485e-01,-1.872714753114793629e-01,1.320234379217370690e-01,2.676572398550829818e-02,-4.014806723736402128e-01,-2.280450830191616263e-01,-4.032355965007498183e-02,6.367701069151366911e-01,1.061198241706220874e-01,-1.963753568113543457e-01,-4.789311158728182249e-02,2.475056535178311590e-01,4.848933614813447784e-02
-1.701947753864414270e-01,-3.476423944893661799e-01,-6.329376305545715564e-02,3.398927177273811107e-01,-4.912990320599990024e-02,1.813131555982232246e-01,1.651391010223963729e-01,-2.140596791520324171e-01,5.311786286005508728e-01,8.882688545799789503e-01,5.789325595809327041e-01,1.000000000000000000e+00,4.718448639415355750e-01,5.902766759545676756e-01,2.447685484719581139e-01,7.208902849669444057e-01,1.995883842524056040e-01,6.119074317104644667e-01,3.988573698458412475e-01,1.506670466197106428e-01,2.842222621191823895e-01,7.369152538937787655e-01,4.147104416583701769e-01,6.838084572383331672e-01,3.793029359401673406e-01,5.492500467504810580e-01,4.675590827908254754e-01,3.425460262333080430e-01,7.801060641421216912e-01,4.852952645396217402e-01,8.063434510416083167e-01,4.692232153781542014e-01,5.535722933133397916e-01,2.550334547927107093e-02,8.449222167612079337e-01,6.505722608401222073e-01,4.367082301957405099e-01,8.868289379456624211e-01,5.870875932152137544e-01,8.602227067865078070e-01,1.384641319661102099e-01,-4.962743322852863348e-01,-1.172328069755847885e-01,-1.883046430439021257e-01,-2.918277985702321664e-01,2.336147768396190649e-01,-3.473163837079306648e-01,3.892515871261988114e-02,2.073228815681752712e-01,8.345045919575047044e-01,4.456196317540345175e-01,7.418886233080788095e-01,-2.005367327796438448e-01,4.348770519793125899e-01,4.654376049654101455e-01,-4.849533672616759133e-02,9.206910659349903936e-02,4.935623285001170535e-01,-7.721825456550894529e-02,4.897331718330497630e-01,-4.043755651494896908e-01,-1.063740374596329891e-01,-6.211817546631779319e-01,-6.003390391657493774e-01,3.757218112905430507e-02,-4.992856682776293797e-01,-6.796791024411206195e-01,-4.346637448447495111e-01,-2.843123234500346541e-01,-7.406624554097752666e-01,-6.562683733336800440e-01,-6.936067572815307614e-01,3.080158873491026586e-02,-5.135272869719752498e-01,-6.577535764949119512e-01,-6.616217394402890140e-01,-2.019438076438312690e-01,1.896019774242551359e-01
-6.693030364568973711e-01,-3.246393387223741045e-01,-6.272286914671867386e-01,-4.059984273790802067e-01,-5.115412128281872084e-01,-6.416745820151643631e-01,-4.666323599325692406e-01,-7.533995155691477486e-01,-2.485291785693098110e-01,4.324560553453524747e-01,3.521563961461476322e-01,4.718448639415355750e-01,1.000000000000000000e+00,4.527567256985828292e-01,-3.281622338821413298e-01,1.552176870517960050e-01,-3.681077403965817840e-01,2.251349311112145739e-03,3.515881618962256316e-02,-1.825149433471046634e-01,9.547533776776175041e-02,5.565409782937374983e-01,5.881475662834147883e-02,3.044606188088374576e-01,2.366476841372495976e-01,6.680398912692759872e-01,4.398142381078941621e-01,7.413511118410003320e-01,5.967032116423564014e-01,7.981401505218131964e-01,3.736843258816508473e-01,7.825537055044810009e-01,-1.179715440297494922e-01,-7.077443152465547893e-01,4.425567199651680994e-01,1.607960778046020889e-01,-4.600855499624730838e-01,3.948986610928199581e-01,2.168247167700154410e-01,3.786548575228842473e-01,7.519993022560246265e-01,4.245500709508405746e-01,3.699531515403451931e-01,6.459321007236242806e-01,2.289741426502460708e-01,7.316918048456433343e-01,3.147866311642606441e-01,4.332560493903737098e-01,7.120067785777466352e-01,4.386995033439874403e-01,8.383221516669662199e-01,4.960227844748784642e-01,-3.398936237339534872e-01,3.946164654768447577e-01,6.693476393594762763e-01,5.667044325914045722e-01,3.617435136764666215e-01,5.905393413038042549e-01,2.095677962132760641e-01,3.475498841072492962e-01,2.183113699352454695e-01,5.441130670125334801e-01,3.208831380273136080e-02,-1.354990437133350156e-01,6.785667953137876074e-01,2.938592528791480474e-01,-3.724202794610537715e-01,2.290779799818348506e-01,2.547065155058901853e-01,-4.384243804110552478e-01,-1.070742080146130405e-02,-2.733941254984627589e-01,5.296671205087551126e-02,7.337838653671088784e-02,-6.251666783695210006e-01,-1.247635043065150329e-01,4.174956147664218853e-01,6.645979698743663677e-01
-1.002349883730805358e-01,-2.098810553625094222e-01,-3.082664742253931819e-02,1.646079746782063702e-01,8.511728581948896366e-02,-7.173356406046986489e-02,2.433248721755890687e-01,-3.178196789110611653e-01,1.344311162076027022e-02,3.431563578647408019e-01,8.463776513286330738e-01,5.902766759545676756e-01,4.527567256985828292e-01,1.000000000000000000e+00,6.093137373442735205e-01,6.195160100907866063e-01,5.141475162712010327e-01,3.814918170273197684e-01,6.441075732883202454e-01,3.064716139312522736e-01,5.616935426375873064e-01,5.718383233917551101e-01,6.544222033956071938e-01,2.817831295111750678e-01,-1.555901600041737221e-01,4.846084151988541699e-01,2.160104571824262090e-02,3.577073825785688777e-01,4.301938385310535851e-01,4.729665759645194090e-01,7.159085153654992650e-01,5.855003201387517509e-01,5.638950726049927198e-01,-3.647680751065428967e-03,4.571822208488441341e-01,6.722016256402267853e-01,1.948247423077260065e-01,4.242763786046263030e-01,7.839432807692612304e-01,5.537608628723077464e-01,3.164931153643164019e-01,-2.148148807794667825e-01,4.202254185428342392e-01,-2.891463926877646529e-02,2.573382981627523880e-01,3.740129639856038524e-01,-7.211218627696022732e-02,5.468210194799055790e-01,2.440624009515267034e-01,3.302722217981454156e-01,3.689314247018827819e-01,6.941071724511441721e-01,3.096769903545206204e-01,6.488611077337568256e-01,3.702917244229683158e-01,9.787867434746216899e-02,5.923113824874195465e-01,5.659727206798035315e-01,3.904361031978406116e-01,7.493854583252734791e-01,6.088603044435150768e-02,-1.608480215326628660e-01,-5.395237193323976221e-01,-2.699009630415074787e-02,2.115684757801259905e-02,-2.584266059393005577e-01,-1.628268751317482887e-01,1.234963372728529601e-01,3.415986958979361915e-02,-4.356467703958740167e-01,-2.493808652214719590e-01,-6.878100036265766271e-02,5.582482694354738983e-01,1.037474986417851464e-01,-2.360266905924679470e-01,-7.702414873925780836e-02,2.287475103921549069e-01,7.558819066668281961e-02
4.897870132784351016e-01,3.196930701917188172e-02,5.248582048764293129e-01,5.217751223654253367e-01,5.721541747617417961e-01,4.429645531123804214e-01,6.595156797025820694e-01,2.892908263309458827e-01,2.516555726063082754e-01,4.414591805362197419e-02,6.265420789227812426e-01,2.447685484719581139e-01,-3.281622338821413298e-01,6.093137373442735205e-01,1.000000000000000000e+00,5.842515860420461893e-01,8.867305880241821425e-01,4.620490678002432960e-01,6.807851440057727244e-01,5.278769844742423611e-01,4.922238214416712609e-01,2.024463279910182767e-01,6.657048173951949366e-01,6.810682090851596926e-02,-3.706573184160295575e-01,-1.788758142512038296e-02,-3.595138368882954683e-01,-2.035794152699701987e-01,-7.582290017726550689e-04,-1.148422263462630238e-01,5.052021869417071542e-01,-1.463014963136276270e-02,7.345161364632769585e-01,6.006577106106943953e-01,1.481665674221665230e-01,6.161272211260181431e-01,6.028082191330322859e-01,1.658699256709667003e-01,7.107876560623802575e-01,3.249479112282343540e-01,-2.613097179635442968e-01,-5.971356993163572380e-01,1.484289341506332405e-01,-5.533160461019885901e-01,7.400557391001608143e-02,-2.220247842283261108e-01,-3.804675488325386379e-01,1.947791039910090338e-01,-3.384292269899605854e-01,3.650609328138466197e-02,-2.938708931371256661e-01,3.766992469356302831e-01,6.162769273975801099e-01,3.836509696422449323e-01,-1.307579037789746434e-01,-3.481413689696824521e-01,3.512367876638171071e-01,1.684193626869817384e-01,2.390884200721780650e-01,5.214016918594711614e-01,-1.396298075888775247e-01,-6.193753005022959446e-01,-5.953553647623439637e-01,8.273224799342053515e-02,-5.488697597742981937e-01,-5.752574700760911819e-01,6.952903099542410981e-02,-8.322173165548327201e-02,-2.215922663083144950e-01,-1.403511583544756469e-01,-3.051862169356081567e-01,1.381015254986405483e-01,5.504278093130314797e-01,9.074179216393843742e-03,2.636661003856894392e-01,3.022868978472124241e-03,-1.155621312483037927e-01,-4.560982578027314438e-01
2.122044958729858988e-01,-1.970843222653406446e-01,2.981793049929783446e-01,5.129824917308125620e-01,3.484766874555685900e-01,3.550276374064169627e-01,4.744916087606319000e-01,7.275664196170883620e-03,5.202632038468637532e-01,6.411781393319909705e-01,6.732619142528685208e-01,7.208902849669444057e-01,1.552176870517960050e-01,6.195160100907866063e-01,5.842515860420461893e-01,1.000000000000000000e+00,6.483424894489405732e-01,8.170990734052212545e-01,6.695694100596805143e-01,5.363053708994934832e-01,5.525163089555182871e-01,6.441936226374512797e-01,5.654309798421052191e-01,5.975678658868844861e-01,1.565770811411933972e-01,4.452741369880137690e-01,2.431176304273738042e-01,1.579414759334672458e-01,6.420285288309371952e-01,3.141512966445044741e-01,8.581624995402266087e-01,3.306916073152428304e-01,7.897845651700945435e-01,3.923347018211946757e-01,6.655394015184182832e-01,8.088516110306466222e-01,6.184289733844282599e-01,7.120754722409470272e-01,7.801943475723137622e-01,7.946765165731688452e-01,-6.868467346962604803e-02,-6.565503523723975610e-01,-2.526079952562677866e-02,-4.003180649695460280e-01,-1.980996678326732707e-01,6.639525238547352992e-02,-4.524241761838752041e-01,1.149171457946581848e-01,-8.512393363842143956e-02,5.496303018601730317e-01,1.176234331718833959e-01,7.144173056747643580e-01,2.227169484409789735e-01,5.724110681889115204e-01,2.669967489590280296e-01,-3.299199743256451267e-01,1.142349428964639785e-01,4.831517510655491954e-01,4.177523487666388868e-03,5.634189166396645909e-01,-3.838308377265621796e-01,-4.010183515528618070e-01,-7.719761458864078385e-01,-4.170839072583930052e-01,-2.515954757619620064e-01,-7.044433364872059178e-01,-5.437166063924946391e-01,-3.621852856996485293e-01,-3.592482275195728048e-01,-6.636595662848583377e-01,-6.558454256566758067e-01,-3.997259561439304165e-01,3.592701603882764716e-01,-3.288491194446355737e-01,-3.364823548763388184e-01,-4.415004222966793512e-01,-2.077468110327171380e-01,-1.220787933174392048e-01
5.938888694900866794e-01,1.367483510515735412e-01,5.963942696695260226e-01,5.107026595184375184e-01,6.359775614583154102e-01,4.827649414562096286e-01,6.413656918651975403e-01,3.506015142176613919e-01,2.720243699610530586e-01,2.333957655859430352e-02,5.651644720298353297e-01,1.995883842524056040e-01,-3.681077403965817840e-01,5.141475162712010327e-01,8.867305880241821425e-01,6.483424894489405732e-01,1.000000000000000000e+00,5.277399982918919985e-01,7.667237850239013719e-01,6.316313339148112993e-01,5.534899628587593989e-01,1.485754560395657620e-01,5.864969036365298427e-01,8.484125933868036373e-02,-3.404609774396297750e-01,8.670441540390063512e-03,-2.968920760728557262e-01,-1.984268852602689703e-01,1.830152964037487159e-02,-1.205252044682275647e-01,5.242896441048239264e-01,-4.478562363597768381e-02,7.715761376975388552e-01,7.099709433348335708e-01,1.397633270723318832e-01,6.160049290403457611e-01,6.403773732236162086e-01,1.578922688541417318e-01,7.011788398239728881e-01,3.281875336211498295e-01,-3.084518363457499635e-01,-6.313497502219689306e-01,1.232649161490776968e-01,-5.784621704929742148e-01,6.617961623201884525e-02,-2.420346769736840820e-01,-4.016479148176037017e-01,1.820484367446986440e-01,-4.120039232570556487e-01,-2.040727216644291561e-02,-3.799468246807258809e-01,3.453116160991925310e-01,6.627478949320283474e-01,3.872885781279516992e-01,-1.081888497665711713e-01,-3.956024082603937786e-01,2.783528029121382086e-01,1.611454532644603088e-01,2.421766161630752034e-01,4.812353672771035873e-01,-1.203718982734232473e-01,-6.532500386466286724e-01,-5.744537877576959550e-01,1.016172479919272148e-01,-5.584259308485081119e-01,-6.087617078213560795e-01,2.323458396313159841e-02,-1.010411339386219909e-01,-2.550373227844935919e-01,-1.723516019972205493e-01,-2.917981340778096344e-01,1.678758938202012663e-01,6.028712305000950566e-01,4.248088154468375455e-02,2.878334381935860331e-01,4.582074442610256648e-02,-9.227889036546343959e-02,-5.118546546620048598e-01
4.465790296511765178e-01,4.964682408230943617e-02,4.589480348084982730e-01,4.224161485643777580e-01,4.620431260186119160e-01,3.932769852419455425e-01,5.323081375817525496e-01,3.035649581742526637e-01,6.739049829918183354e-01,6.567919517849921673e-01,3.697989168034905294e-01,6.119074317104644667e-01,2.251349311112145739e-03,3.814918170273197684e-01,4.620490678002432960e-01,8.170990734052212545e-01,5.277399982918919985e-01,1.000000000000000000e+00,5.235549062125192110e-01,7.303460346246101187e-01,3.372831636945090583e-01,4.118710760297192852e-01,2.709958507740887756e-01,5.986663253106050409e-01,3.256098661072841516e-01,2.507084339705611398e-01,2.734241170301381918e-01,-4.223894463725234166e-02,5.967058566437606348e-01,8.071712220457666342e-02,7.469101534391142660e-01,8.328513508541515731e-02,7.109627877894791892e-01,4.807699274024018754e-01,7.005206128215928363e-01,7.082707413529957252e-01,6.832107643978264644e-01,7.101176818838701443e-01,5.394257762751218932e-01,8.051402189294685208e-01,-2.662216436763960026e-01,-7.253742038406583159e-01,-3.499099931577620004e-01,-5.759185066697867228e-01,-5.044867589345539693e-01,-2.361235985556040529e-01,-6.956738181561115120e-01,-1.995327255934342958e-01,-2.944626365756076725e-01,5.900466931247020375e-01,-2.901549477382830630e-02,5.161062422876612210e-01,-1.683950384957508956e-02,2.764625036339874997e-01,9.756065211870003362e-02,-4.896336103446599086e-01,-2.008009354865286922e-01,2.606128177006372115e-01,-3.404227729532195990e-01,3.055761093959455388e-01,-6.574834711650912045e-01,-5.529503855387215561e-01,-8.413919344009053169e-01,-6.118122444951882288e-01,-4.178559162007005057e-01,-7.868457804264012978e-01,-6.497376064761228864e-01,-5.465744962582366195e-01,-6.190355956896722578e-01,-6.569419671829781482e-01,-7.686460394697899323e-01,-4.669965390647266013e-01,9.567141907597055683e-02,-5.348059570663363793e-01,-3.919732576780014521e-01,-6.118594102694769887e-01,-4.185929497545269884e-01,-1.243852994197852807e-01
2.602972385901039520e-01,8.800182254913815894e-02,2.227410693086564197e-01,2.153736543681412097e-01,3.247036681716494733e-01,1.558191767359098368e-01,3.165730634194124926e-01,-7.897420169050139993e-02,1.234465907619173575e-01,2.471918434154116995e-01,7.174179803639619823e-01,3.988573698458412475e-01,3.515881618962256316e-02,6.441075732883202454e-01,6.807851440057727244e-01,6.695694100596805143e-01,7.667237850239013719e-01,5.235549062125192110e-01,1.000000000000000000e+00,5.080215005667541028e-01,8.449791472281313887e-01,4.876175520435191979e-01,5.486396563291222606e-01,3.343832855728942621e-01,-1.073045064028351203e-01,5.302719007664583595e-01,8.936630501603777532e-02,3.180395202027989088e-01,3.724725292586926195e-01,3.916718819040296840e-01,7.176730191341792464e-01,4.122923690462308999e-01,7.586191964795256926e-01,4.253547423873982325e-01,3.135587745107734636e-01,7.212179063946845270e-01,3.995749044572527442e-01,2.887770723537093076e-01,8.426764314553518709e-01,5.156094090333955826e-01,1.685860451862485898e-01,-4.019409009501990204e-01,4.105211569166452024e-01,-1.994953613939655646e-01,2.948113696189393340e-01,2.424181792066990859e-01,-1.539402246241473315e-01,5.005719055428883291e-01,4.298121106672665726e-02,2.112354861146862606e-01,1.131755914763598186e-01,6.807833721012830352e-01,5.213927448284014776e-01,7.388084148881687296e-01,4.045376506501355829e-01,-3.596765970504475080e-02,4.823633301530810269e-01,4.963914876036127910e-01,4.356246961017519737e-01,6.589245224020021663e-01,9.381006172075526117e-02,-2.299480707142383951e-01,-5.074782010566502022e-01,6.853325112227712235e-02,-8.486175196097629769e-02,-4.150641835628131604e-01,-1.165386035664868619e-01,9.802259300491110439e-02,-3.368155143292802384e-02,-3.987001430014032177e-01,-2.021490347212185346e-01,7.596405429638232454e-02,6.831927226657826813e-01,1.426143760923579418e-01,-7.375944376642718479e-03,4.107194839191947999e-02,2.316062082183736048e-01,-1.022313374867098029e-01
6.192884918283175777e-01,1.867049759992920055e-01,5.989449601728037420e-01,2.697007261919365795e-01,6.586802965150604372e-01,2.240754936264948982e-01,5.940537603992365190e-01,3.455906021911190340e-01,3.105872521247983742e-01,1.695901817420569779e-01,2.605339195222671766e-01,1.506670466197106428e-01,-1.825149433471046634e-01,3.064716139312522736e-01,5.278769844742423611e-01,5.363053708994934832e-01,6.316313339148112993e-01,7.303460346246101187e-01,5.080215005667541028e-01,1.000000000000000000e+00,2.903268317796123266e-01,5.427527859126773241e-02,2.422434342089887505e-01,2.509639044766933669e-01,-8.416110519214425878e-03,-4.993847428315405755e-03,-6.534627621886500426e-02,-2.079518080102736866e-01,2.132666992455839183e-01,-1.344190383841362968e-01,4.828938989119841430e-01,-7.442591354374315793e-02,4.995392602142552096e-01,4.480051306643595965e-01,2.489718618198989708e-01,4.486832416631166831e-01,4.291465032321641337e-01,2.236838985381610079e-01,4.159650425173707089e-01,4.068390148234803383e-01,-3.012179980772567434e-01,-4.873967788175229132e-01,-1.159059898127036137e-01,-5.066094923089374813e-01,-2.161693023855644491e-01,-3.264306650969681090e-01,-6.101749422751296947e-01,-5.351128935550688442e-02,-4.285867967118103250e-01,1.189410101619558097e-01,-2.711221227180713456e-01,2.183923892264536259e-01,2.494500767923058526e-01,1.854394017426917174e-01,-1.327893779797245655e-01,-5.120943629513796669e-01,-1.436492680188753979e-01,3.592776060773835572e-02,-2.139032863509505167e-01,1.306828228289597105e-01,-3.957261200884930052e-01,-6.605453041725841690e-01,-6.632462072760251237e-01,-1.989610593209903966e-01,-4.870858903478477719e-01,-5.387696487358952790e-01,-2.195536835144235310e-01,-2.014627698058091554e-01,-3.678458288699998358e-01,-3.368256977405581498e-01,-3.728062255355482080e-01,3.609712917427768814e-02,3.542726248009228085e-01,-1.116655849532461747e-01,1.314819433687303574e-03,-1.682564880978476562e-01,-1.948564869824585266e-01,-2.035642785496944718e-01
