1.000000000000000000e+00,4.817718986906674994e-01,4.597780710922420577e-01,5.224011706051483461e-01,3.503204178716465833e-01,2.927837288106944214e-01,2.464405056274269479e-01,2.268619505967519601e-01,2.509720602966379333e-01,1.857347502057358490e-01,2.081230504329804887e-01,2.119321621941243072e-01,1.559564961898586288e-01,1.863347157226110107e-01,1.775575817901313136e-01,1.236326619771530300e-01,1.159330225908119238e-01,1.166112264560013184e-01,1.046927158794494217e-01,8.392599916108715863e-02,1.113548484815420764e-01,7.668651681466834291e-02,7.585115061795590086e-02,2.700016155889366914e-02,-5.533312585688859170e-02,9.381205711076026285e-03,-3.554299340175019143e-03,1.280770982425959680e-03,4.016559563592939780e-02,3.175298552217770132e-02,6.892850525059671107e-02,1.757388610462739045e-02,4.055488517611664789e-02,3.134091234231622253e-02
4.817718986906674994e-01,1.000000000000000000e+00,5.454131375947250948e-01,6.688613288743707752e-01,5.911863041631647553e-01,2.956531173128933432e-01,3.364918645568304445e-01,2.419463654937281660e-01,3.086344504509815900e-01,2.325413101332300947e-01,2.199920911575644067e-01,2.498768171211160627e-01,1.850481868913083916e-01,1.905859290896102232e-01,1.560230612543000162e-01,1.388355037580833451e-01,1.242381033397356171e-01,9.027608966375436084e-02,1.268406845972454844e-01,1.120247015040642669e-01,8.094608575116769844e-02,9.766689154719032651e-02,8.113605793163791713e-02,4.214461106791631689e-02,-6.263815452432502928e-02,2.769234144066578737e-02,2.454460649535593168e-03,-3.767662680987850492e-03,4.332121632896679397e-02,4.392680226667386445e-02,8.524548947081952988e-02,4.168271968989430837e-02,5.274941815829990027e-02,5.171156806654238908e-02
4.597780710922420577e-01,5.454131375947250948e-01,1.000000000000000000e+00,5.530368222484457474e-01,6.487092187361955808e-01,4.511336010449422673e-01,3.417713697670479167e-01,3.178824318174178210e-01,3.252428012348020370e-01,2.618613145061371994e-01,2.920517512564208551e-01,2.614545975447575832e-01,2.132754245842120866e-01,2.356392080289441970e-01,1.848775408318730773e-01,1.568524276365059755e-01,1.698806262313947157e-01,1.252214054363658402e-01,1.375197015298537662e-01,1.369352052544207388e-01,1.068899955783300659e-01,1.043248516208933468e-01,7.235652197113963402e-02,4.973306565489477027e-02,-5.020382367876547597e-02,2.388123555806955303e-02,2.110697921895767111e-03,2.147735539086734202e-02,5.722117945664594724e-02,5.934402191076265654e-02,9.311986498614675811e-02,3.335252247201338921e-02,4.511843784281970027e-02,4.107868336490100303e-02
5.224011706051483461e-01,6.688613288743707752e-01,5.530368222484457474e-01,1.000000000000000000e+00,5.410983921506877792e-01,4.631869060272532646e-01,4.390925716960705771e-01,2.923853343031572738e-01,4.159477997389823267e-01,2.412901423527665790e-01,2.762748607283297408e-01,3.151807522640873716e-01,1.935964473710911071e-01,2.467811922678658509e-01,2.113861035494737362e-01,1.462541552118505339e-01,1.345133315078444747e-01,1.155502462127731694e-01,1.334797152356268779e-01,1.040865990636882094e-01,1.121983907145553128e-01,1.124282410049759762e-01,6.140456672658644449e-02,2.090714240313875164e-02,-9.370881368978505044e-02,2.648915369292854927e-02,-1.349350870899860763e-02,-1.099037968193835799e-02,6.220056437570859603e-02,5.779054319390341393e-02,9.838612935663075543e-02,3.948841495602457841e-02,5.169840145674264864e-02,3.399839731350520755e-02
3.503204178716465833e-01,5.911863041631647553e-01,6.487092187361955808e-01,5.410983921506877792e-01,1.000000000000000000e+00,3.697804358813692738e-01,4.526485791898731681e-01,3.585532699496639109e-01,3.489453663848899878e-01,3.456735018731589282e-01,2.696875585380558715e-01,2.909014287373594132e-01,2.800953681771489734e-01,2.216663069795553054e-01,1.852965557227537197e-01,1.876166062410744573e-01,1.713513892795840432e-01,1.011506221728723787e-01,1.556494462959757408e-01,1.388887822733572419e-01,7.090978202226985716e-02,9.128990388341878814e-02,8.100438405224111293e-02,-5.607520634588181001e-03,-8.812854755943780316e-02,2.425482634859338349e-03,-4.727411852645375945e-02,-4.289565783963982665e-03,2.997947781952179508e-02,2.456513048966454602e-02,8.934829030712722331e-02,1.261237049396090465e-02,3.698985576671119657e-02,4.069758647287453207e-02
2.927837288106944214e-01,2.956531173128933432e-01,4.511336010449422673e-01,4.631869060272532646e-01,3.697804358813692738e-01,1.000000000000000000e+00,5.147513115305668574e-01,5.496797268890321053e-01,5.633320165910467026e-01,3.647646116516483628e-01,4.981664344822794854e-01,4.263589047031016155e-01,3.081937126173936448e-01,4.254846828282112803e-01,3.199129847332811138e-01,2.478599600186783547e-01,2.667117756223553182e-01,2.284788576391404424e-01,2.352102539013317672e-01,2.311573673891534064e-01,2.140594399857449481e-01,1.716984172613479909e-01,1.007902468588113692e-01,8.901177008890159836e-02,-6.653839527219088112e-02,-4.384551035640213423e-03,5.382993149452321158e-03,-1.129002430696210944e-03,2.812119234956586555e-02,3.585344209981961017e-02,3.231277171293921863e-02,1.039783433265602589e-02,2.373116667358309353e-02,1.136717983390609851e-02
2.464405056274269479e-01,3.364918645568304445e-01,3.417713697670479167e-01,4.390925716960705771e-01,4.526485791898731681e-01,5.147513115305668574e-01,1.000000000000000000e+00,5.549649987063762779e-01,6.620981871176695455e-01,5.958029835580499478e-01,3.990466553327419730e-01,5.320644552105512348e-01,4.546056000897716332e-01,3.587286730577223803e-01,3.925604919902586087e-01,3.470749199586734002e-01,2.634367507244034234e-01,2.513313536216523203e-01,2.889320677168116802e-01,2.025783654189969307e-01,2.120524081595042132e-01,1.989982693758904908e-01,1.330113620773456240e-01,4.647718033076422145e-02,-1.232427384553007321e-01,1.000089361221363597e-02,-2.671388654864913226e-02,-1.441398251892593921e-02,8.433624112629635461e-02,1.007403782348068391e-02,7.954229039291127457e-02,1.540450552369412342e-02,2.197731918156481390e-02,3.361428406131634211e-02
2.268619505967519601e-01,2.419463654937281660e-01,3.178824318174178210e-01,2.923853343031572738e-01,3.585532699496639109e-01,5.496797268890321053e-01,5.549649987063762779e-01,1.000000000000000000e+00,5.675260567854323313e-01,5.913436155744942191e-01,7.057209913753552666e-01,4.376728954628920087e-01,4.541730572211856720e-01,5.635161556910399661e-01,3.349663195833674223e-01,3.315995599714335884e-01,3.958627848660502546e-01,2.475719851269765626e-01,2.973490783514966540e-01,3.109870552588008263e-01,2.188520088185978152e-01,2.358645861970271318e-01,1.790061679498435865e-01,1.041624029339860286e-01,-1.092258007731612551e-01,-1.910479542230450120e-02,-1.263748429863818107e-02,-3.872545951392999258e-02,2.927102305765589066e-02,9.488045400813166150e-04,5.837378123293320703e-02,-2.272228211795818131e-02,-1.265370741203713720e-02,-1.250320304625377431e-02
2.509720602966379333e-01,3.086344504509815900e-01,3.252428012348020370e-01,4.159477997389823267e-01,3.489453663848899878e-01,5.633320165910467026e-01,6.620981871176695455e-01,5.675260567854323313e-01,1.000000000000000000e+00,4.960250308166171407e-01,5.296786374055303392e-01,6.963320915690546231e-01,3.256675103855991016e-01,4.443513382968091729e-01,4.866536491042559032e-01,2.393154257796267226e-01,2.761326951038053923e-01,2.853608384273588205e-01,2.099011576796918077e-01,2.040053085265518817e-01,2.363222670851481133e-01,1.441606866110760055e-01,1.087846054179080202e-01,6.189871634786402177e-02,-9.166363055711954089e-02,1.608248039295807549e-02,-1.727772614522145311e-02,-6.808946153616479528e-03,5.629607072258006883e-02,1.928571816270861425e-02,6.459403862379128891e-02,3.125952830687117601e-02,1.668865669647778827e-02,1.991090794708965869e-02
1.857347502057358490e-01,2.325413101332300947e-01,2.618613145061371994e-01,2.412901423527665790e-01,3.456735018731589282e-01,3.647646116516483628e-01,5.958029835580499478e-01,5.913436155744942191e-01,4.960250308166171407e-01,1.000000000000000000e+00,4.688650375007190063e-01,4.295503445695242895e-01,6.363375784742530961e-01,3.869308968519213909e-01,3.148441016532312342e-01,4.639884372670072255e-01,3.357501426038133063e-01,2.013270694431190111e-01,3.803172779830230610e-01,2.497986871833019762e-01,1.596793703073301207e-01,2.751586365213833374e-01,1.886719385018582607e-01,4.774954698658782221e-02,-1.764215238366907135e-01,-4.604301377941995288e-02,-5.965099440511017342e-02,-4.827960528261898004e-02,3.004257160253954312e-02,-2.269161893814012135e-02,3.552015557514523469e-02,-4.507788790149006714e-02,-2.603837050444716625e-02,-3.174608884608861453e-02
2.081230504329804887e-01,2.199920911575644067e-01,2.920517512564208551e-01,2.762748607283297408e-01,2.696875585380558715e-01,4.981664344822794854e-01,3.990466553327419730e-01,7.057209913753552666e-01,5.296786374055303392e-01,4.688650375007190063e-01,1.000000000000000000e+00,5.205821082846590064e-01,4.932168908203430902e-01,7.855878802037067343e-01,4.002828210517576091e-01,3.622771492418817574e-01,5.045406311625413309e-01,2.800667231834135240e-01,3.477282112424983085e-01,4.012708996058194644e-01,2.629085961499245672e-01,2.904588418152594387e-01,2.006947694841295649e-01,1.503933312274338407e-01,-1.014888752953999329e-01,-6.881207441165957360e-03,2.658557707919074141e-04,-1.961393972046155537e-02,2.149911309367756249e-02,1.189525719039769003e-02,5.478050413198914947e-02,-1.338859518088046131e-02,-2.683892714695520869e-03,-7.459204789258030988e-03
2.119321621941243072e-01,2.498768171211160627e-01,2.614545975447575832e-01,3.151807522640873716e-01,2.909014287373594132e-01,4.263589047031016155e-01,5.320644552105512348e-01,4.376728954628920087e-01,6.963320915690546231e-01,4.295503445695242895e-01,5.205821082846590064e-01,1.000000000000000000e+00,5.078898964059019860e-01,4.898304030210919313e-01,6.498934241342037010e-01,3.299934592513216747e-01,3.329131643934485352e-01,3.510914508973512760e-01,2.802403199256059407e-01,2.522852831246993888e-01,2.949484283284189434e-01,1.715196174827260389e-01,1.235091976479062992e-01,4.807835319129640655e-02,-1.039121108731305282e-01,9.108253472274082871e-03,-3.174992280206547640e-02,-4.456833684609665287e-03,3.232864307068072235e-02,-1.960327875200948769e-02,2.970369887170258225e-02,7.593610886821220395e-03,-1.132813044028899846e-02,2.126526174946918868e-02
1.559564961898586288e-01,1.850481868913083916e-01,2.132754245842120866e-01,1.935964473710911071e-01,2.800953681771489734e-01,3.081937126173936448e-01,4.546056000897716332e-01,4.541730572211856720e-01,3.256675103855991016e-01,6.363375784742530961e-01,4.932168908203430902e-01,5.078898964059019860e-01,1.000000000000000000e+00,4.889824245242158085e-01,4.223815896186727814e-01,6.392215415850712734e-01,4.288570207690413083e-01,2.735212814611966969e-01,5.161068569224149805e-01,3.264441433862441122e-01,2.406893176911541199e-01,3.774616414076975568e-01,2.463148283014041928e-01,8.514965587790279677e-02,-1.997818596185711726e-01,-6.435518420118890859e-02,-6.963649251826996289e-02,-6.236945460230895050e-02,2.546535555179056665e-02,-5.699698707042295809e-02,1.662833898892090295e-02,-5.368143937552374151e-02,-4.620782734453503238e-02,-3.323514491968167228e-02
1.863347157226110107e-01,1.905859290896102232e-01,2.356392080289441970e-01,2.467811922678658509e-01,2.216663069795553054e-01,4.254846828282112803e-01,3.587286730577223803e-01,5.635161556910399661e-01,4.443513382968091729e-01,3.869308968519213909e-01,7.855878802037067343e-01,4.898304030210919313e-01,4.889824245242158085e-01,1.000000000000000000e+00,5.089821045859826976e-01,4.526137952249899565e-01,6.258363845767183076e-01,3.371395756456899151e-01,4.169576081145285884e-01,4.980443024235963190e-01,3.192290241798072525e-01,3.372136366876472557e-01,2.479269186655363721e-01,1.418088614019262228e-01,-1.096174435966235650e-01,-3.010517753368325763e-02,-1.445590625947409252e-02,-3.631339817711497220e-02,-3.432861126594354299e-04,-3.818963673438747781e-03,3.529357225914271645e-02,-2.759418977337280143e-02,-4.598552269839490704e-03,-1.292334643534085630e-03
1.775575817901313136e-01,1.560230612543000162e-01,1.848775408318730773e-01,2.113861035494737362e-01,1.852965557227537197e-01,3.199129847332811138e-01,3.925604919902586087e-01,3.349663195833674223e-01,4.866536491042559032e-01,3.148441016532312342e-01,4.002828210517576091e-01,6.498934241342037010e-01,4.223815896186727814e-01,5.089821045859826976e-01,1.000000000000000000e+00,4.598885459692888533e-01,3.997587302949523469e-01,5.735830315862520123e-01,3.904684987060416668e-01,2.897033791102922584e-01,4.680120980259835362e-01,2.511593205532575146e-01,1.709121754546794325e-01,1.462925754162640590e-01,-7.054929218466014784e-02,3.397680812817122087e-02,1.867980439718773880e-02,1.840447685640509562e-02,7.320041587236053582e-02,1.824802520860135252e-02,4.600846724129015186e-02,4.803153023934142452e-02,2.250050377855000727e-02,4.501080723568207792e-02
1.236326619771530300e-01,1.388355037580833451e-01,1.568524276365059755e-01,1.462541552118505339e-01,1.876166062410744573e-01,2.478599600186783547e-01,3.470749199586734002e-01,3.315995599714335884e-01,2.393154257796267226e-01,4.639884372670072255e-01,3.622771492418817574e-01,3.299934592513216747e-01,6.392215415850712734e-01,4.526137952249899565e-01,4.598885459692888533e-01,1.000000000000000000e+00,5.153910980408168419e-01,4.147927485517898805e-01,7.931297091440994151e-01,4.078774661563782655e-01,3.643215638026923719e-01,6.042077418226102781e-01,3.682305146655077688e-01,1.905825323354962408e-01,-1.724384367733190482e-01,-3.966278822533553239e-02,-1.213208850452941398e-02,-2.626940293919279371e-02,6.571253613683240846e-02,-3.074454234155141186e-02,6.115143433586004568e-02,-2.899540229443542741e-02,1.640526055701078609e-02,1.092496626805642725e-02
1.159330225908119238e-01,1.242381033397356171e-01,1.698806262313947157e-01,1.345133315078444747e-01,1.713513892795840432e-01,2.667117756223553182e-01,2.634367507244034234e-01,3.958627848660502546e-01,2.761326951038053923e-01,3.357501426038133063e-01,5.045406311625413309e-01,3.329131643934485352e-01,4.288570207690413083e-01,6.258363845767183076e-01,3.997587302949523469e-01,5.153910980408168419e-01,1.000000000000000000e+00,5.110976093221315519e-01,5.171815401164622239e-01,7.744318867081024793e-01,4.340515692347908239e-01,3.972904392467626056e-01,4.066149821482765159e-01,1.199302142238151958e-01,-1.267731244018856507e-01,-1.304469869835037932e-01,-6.167767799399330453e-02,-8.043010128164107542e-02,-9.304660568179233537e-02,-7.675861709061330973e-02,-4.426924124161590868e-02,-7.422817442648084463e-02,-6.270312804713124022e-02,-3.004939155586979632e-02
1.166112264560013184e-01,9.027608966375436084e-02,1.252214054363658402e-01,1.155502462127731694e-01,1.011506221728723787e-01,2.284788576391404424e-01,2.513313536216523203e-01,2.475719851269765626e-01,2.853608384273588205e-01,2.013270694431190111e-01,2.800667231834135240e-01,3.510914508973512760e-01,2.735212814611966969e-01,3.371395756456899151e-01,5.735830315862520123e-01,4.147927485517898805e-01,5.110976093221315519e-01,1.000000000000000000e+00,5.114793142849630714e-01,4.114803373009709442e-01,7.710566908517697549e-01,3.512973164649719204e-01,3.227245767037299484e-01,2.888569735020213303e-01,2.124289874470122394e-02,1.138384670753698168e-02,1.323136328106654658e-01,1.322146747868564905e-02,9.084533266611315161e-02,-5.121101834058872787e-02,4.650522112118816651e-03,1.638955135248153228e-02,1.101793688115253189e-02,6.280771256720779627e-02
1.046927158794494217e-01,1.268406845972454844e-01,1.375197015298537662e-01,1.334797152356268779e-01,1.556494462959757408e-01,2.352102539013317672e-01,2.889320677168116802e-01,2.973490783514966540e-01,2.099011576796918077e-01,3.803172779830230610e-01,3.477282112424983085e-01,2.802403199256059407e-01,5.161068569224149805e-01,4.169576081145285884e-01,3.904684987060416668e-01,7.931297091440994151e-01,5.171815401164622239e-01,5.114793142849630714e-01,1.000000000000000000e+00,5.189626323190228430e-01,4.926804415464128839e-01,7.665464837648737761e-01,4.553503409729096063e-01,2.919550145781923955e-01,-1.687803728832406314e-01,-4.545657492225685381e-02,2.108908957577685511e-02,-4.623666282909355552e-02,6.511502684518716277e-02,-7.465911049247898890e-02,3.640539035878822410e-02,-4.661911295907698177e-02,6.091962521557880029e-04,1.389710757347079918e-02
8.392599916108715863e-02,1.120247015040642669e-01,1.369352052544207388e-01,1.040865990636882094e-01,1.388887822733572419e-01,2.311573673891534064e-01,2.025783654189969307e-01,3.109870552588008263e-01,2.040053085265518817e-01,2.497986871833019762e-01,4.012708996058194644e-01,2.522852831246993888e-01,3.264441433862441122e-01,4.980443024235963190e-01,2.897033791102922584e-01,4.078774661563782655e-01,7.744318867081024793e-01,4.114803373009709442e-01,5.189626323190228430e-01,1.000000000000000000e+00,4.933450551945668949e-01,4.177407970325187625e-01,4.497878113380504028e-01,1.513739364013293731e-01,-9.188327489339390142e-02,-1.675470178247860376e-01,-2.914982336647028993e-02,-8.847444067665376222e-02,-9.471083676773345283e-02,-8.752724706926401366e-02,-4.746446090257340489e-02,-7.247432098200740080e-02,-5.986803777757097184e-02,-2.811711813749796091e-02
1.113548484815420764e-01,8.094608575116769844e-02,1.068899955783300659e-01,1.121983907145553128e-01,7.090978202226985716e-02,2.140594399857449481e-01,2.120524081595042132e-01,2.188520088185978152e-01,2.363222670851481133e-01,1.596793703073301207e-01,2.629085961499245672e-01,2.949484283284189434e-01,2.406893176911541199e-01,3.192290241798072525e-01,4.680120980259835362e-01,3.643215638026923719e-01,4.340515692347908239e-01,7.710566908517697549e-01,4.926804415464128839e-01,4.933450551945668949e-01,1.000000000000000000e+00,4.331801617350067302e-01,3.640602482644049176e-01,4.120167409029750205e-01,9.451756984977287279e-02,4.251525000251064890e-02,2.258793502203221837e-01,3.647186578246262162e-02,1.434041576818575192e-01,-3.023422544909192336e-02,2.993714535303195617e-02,5.247395225136147062e-02,3.630871985770044857e-02,7.238361113768572441e-02
7.668651681466834291e-02,9.766689154719032651e-02,1.043248516208933468e-01,1.124282410049759762e-01,9.128990388341878814e-02,1.716984172613479909e-01,1.989982693758904908e-01,2.358645861970271318e-01,1.441606866110760055e-01,2.751586365213833374e-01,2.904588418152594387e-01,1.715196174827260389e-01,3.774616414076975568e-01,3.372136366876472557e-01,2.511593205532575146e-01,6.042077418226102781e-01,3.972904392467626056e-01,3.512973164649719204e-01,7.665464837648737761e-01,4.177407970325187625e-01,4.331801617350067302e-01,1.000000000000000000e+00,5.000092877999041674e-01,4.348638088340037178e-01,-1.336806078251043528e-01,-2.784898042257808598e-02,7.714507085178552714e-02,-2.731895796435834106e-02,9.528112452599728222e-02,-5.745974949841135132e-02,5.332089121999532971e-02,-8.859064750702879895e-03,1.986280130505226060e-02,2.197183587916226935e-02
7.585115061795590086e-02,8.113605793163791713e-02,7.235652197113963402e-02,6.140456672658644449e-02,8.100438405224111293e-02,1.007902468588113692e-01,1.330113620773456240e-01,1.790061679498435865e-01,1.087846054179080202e-01,1.886719385018582607e-01,2.006947694841295649e-01,1.235091976479062992e-01,2.463148283014041928e-01,2.479269186655363721e-01,1.709121754546794325e-01,3.682305146655077688e-01,4.066149821482765159e-01,3.227245767037299484e-01,4.553503409729096063e-01,4.497878113380504028e-01,3.640602482644049176e-01,5.000092877999041674e-01,1.000000000000000000e+00,1.620754556301864657e-01,-2.311975832785850490e-02,-8.605855144919491440e-02,6.010492437931093390e-02,-3.513838648075456872e-02,6.112802282357125694e-02,-8.891762799513529270e-02,6.141836238204583139e-03,-2.168238781506608495e-02,-1.369689970913012117e-02,2.285779154777952543e-02
2.700016155889366914e-02,4.214461106791631689e-02,4.973306565489477027e-02,2.090714240313875164e-02,-5.607520634588181001e-03,8.901177008890159836e-02,4.647718033076422145e-02,1.041624029339860286e-01,6.189871634786402177e-02,4.774954698658782221e-02,1.503933312274338407e-01,4.807835319129640655e-02,8.514965587790279677e-02,1.418088614019262228e-01,1.462925754162640590e-01,1.905825323354962408e-01,1.199302142238151958e-01,2.888569735020213303e-01,2.919550145781923955e-01,1.513739364013293731e-01,4.120167409029750205e-01,4.348638088340037178e-01,1.620754556301864657e-01,1.000000000000000000e+00,4.628650763169991911e-01,4.359196455647580959e-01,5.506746188669423558e-01,3.767853566575294910e-01,3.202892106858092891e-01,1.815914364403321268e-01,2.021283636935526928e-01,2.312880478426317110e-01,2.095295555850237024e-01,1.448391878977668412e-01
-5.533312585688859170e-02,-6.263815452432502928e-02,-5.020382367876547597e-02,-9.370881368978505044e-02,-8.812854755943780316e-02,-6.653839527219088112e-02,-1.232427384553007321e-01,-1.092258007731612551e-01,-9.166363055711954089e-02,-1.764215238366907135e-01,-1.014888752953999329e-01,-1.039121108731305282e-01,-1.997818596185711726e-01,-1.096174435966235650e-01,-7.054929218466014784e-02,-1.724384367733190482e-01,-1.267731244018856507e-01,2.124289874470122394e-02,-1.687803728832406314e-01,-9.188327489339390142e-02,9.451756984977287279e-02,-1.336806078251043528e-01,-2.311975832785850490e-02,4.628650763169991911e-01,1.000000000000000000e+00,5.323758111729443021e-01,6.631103787728088728e-01,5.414205039364209382e-01,2.644547023424476118e-01,2.296909979622046016e-01,1.326813068978499044e-01,2.386623479240263801e-01,1.905840319006411321e-01,1.223737039522774933e-01
9.381205711076026285e-03,2.769234144066578737e-02,2.388123555806955303e-02,2.648915369292854927e-02,2.425482634859338349e-03,-4.384551035640213423e-03,1.000089361221363597e-02,-1.910479542230450120e-02,1.608248039295807549e-02,-4.604301377941995288e-02,-6.881207441165957360e-03,9.108253472274082871e-03,-6.435518420118890859e-02,-3.010517753368325763e-02,3.397680812817122087e-02,-3.966278822533553239e-02,-1.304469869835037932e-01,1.138384670753698168e-02,-4.545657492225685381e-02,-1.675470178247860376e-01,4.251525000251064890e-02,-2.784898042257808598e-02,-8.605855144919491440e-02,4.359196455647580959e-01,5.323758111729443021e-01,1.000000000000000000e+00,5.751851963892843367e-01,6.922343774241718206e-01,4.578173815230163757e-01,4.038370230387774984e-01,3.458539388089819644e-01,4.009519410252271321e-01,3.551238948290629249e-01,2.492114990950261288e-01
-3.554299340175019143e-03,2.454460649535593168e-03,2.110697921895767111e-03,-1.349350870899860763e-02,-4.727411852645375945e-02,5.382993149452321158e-03,-2.671388654864913226e-02,-1.263748429863818107e-02,-1.727772614522145311e-02,-5.965099440511017342e-02,2.658557707919074141e-04,-3.174992280206547640e-02,-6.963649251826996289e-02,-1.445590625947409252e-02,1.867980439718773880e-02,-1.213208850452941398e-02,-6.167767799399330453e-02,1.323136328106654658e-01,2.108908957577685511e-02,-2.914982336647028993e-02,2.258793502203221837e-01,7.714507085178552714e-02,6.010492437931093390e-02,5.506746188669423558e-01,6.631103787728088728e-01,5.751851963892843367e-01,1.000000000000000000e+00,5.370280898355419552e-01,5.388434132696015011e-01,3.939754288494616286e-01,2.813943561348475897e-01,4.012242433832407529e-01,3.070255692254894586e-01,2.063705716208443230e-01
1.280770982425959680e-03,-3.767662680987850492e-03,2.147735539086734202e-02,-1.099037968193835799e-02,-4.289565783963982665e-03,-1.129002430696210944e-03,-1.441398251892593921e-02,-3.872545951392999258e-02,-6.808946153616479528e-03,-4.827960528261898004e-02,-1.961393972046155537e-02,-4.456833684609665287e-03,-6.236945460230895050e-02,-3.631339817711497220e-02,1.840447685640509562e-02,-2.626940293919279371e-02,-8.043010128164107542e-02,1.322146747868564905e-02,-4.623666282909355552e-02,-8.847444067665376222e-02,3.647186578246262162e-02,-2.731895796435834106e-02,-3.513838648075456872e-02,3.767853566575294910e-01,5.414205039364209382e-01,6.922343774241718206e-01,5.370280898355419552e-01,1.000000000000000000e+00,3.585245477097684930e-01,4.022843575961516094e-01,3.255511396959458459e-01,3.641277446324699407e-01,3.339193179993474314e-01,2.166973706069845740e-01
4.016559563592939780e-02,4.332121632896679397e-02,5.722117945664594724e-02,6.220056437570859603e-02,2.997947781952179508e-02,2.812119234956586555e-02,8.433624112629635461e-02,2.927102305765589066e-02,5.629607072258006883e-02,3.004257160253954312e-02,2.149911309367756249e-02,3.232864307068072235e-02,2.546535555179056665e-02,-3.432861126594354299e-04,7.320041587236053582e-02,6.571253613683240846e-02,-9.304660568179233537e-02,9.084533266611315161e-02,6.511502684518716277e-02,-9.471083676773345283e-02,1.434041576818575192e-01,9.528112452599728222e-02,6.112802282357125694e-02,3.202892106858092891e-01,2.644547023424476118e-01,4.578173815230163757e-01,5.388434132696015011e-01,3.585245477097684930e-01,1.000000000000000000e+00,5.112492980002449894e-01,5.356683688525428755e-01,5.426446999853931086e-01,4.014332626479534261e-01,3.419090549452557526e-01
3.175298552217770132e-02,4.392680226667386445e-02,5.934402191076265654e-02,5.779054319390341393e-02,2.456513048966454602e-02,3.585344209981961017e-02,1.007403782348068391e-02,9.488045400813166150e-04,1.928571816270861425e-02,-2.269161893814012135e-02,1.189525719039769003e-02,-1.960327875200948769e-02,-5.699698707042295809e-02,-3.818963673438747781e-03,1.824802520860135252e-02,-3.074454234155141186e-02,-7.675861709061330973e-02,-5.121101834058872787e-02,-7.465911049247898890e-02,-8.752724706926401366e-02,-3.023422544909192336e-02,-5.745974949841135132e-02,-8.891762799513529270e-02,1.815914364403321268e-01,2.296909979622046016e-01,4.038370230387774984e-01,3.939754288494616286e-01,4.022843575961516094e-01,5.112492980002449894e-01,1.000000000000000000e+00,5.515593449645564972e-01,6.695270230433788550e-01,5.368074829769635681e-01,2.507268864737061120e-01
6.892850525059671107e-02,8.524548947081952988e-02,9.311986498614675811e-02,9.838612935663075543e-02,8.934829030712722331e-02,3.231277171293921863e-02,7.954229039291127457e-02,5.837378123293320703e-02,6.459403862379128891e-02,3.552015557514523469e-02,5.478050413198914947e-02,2.970369887170258225e-02,1.662833898892090295e-02,3.529357225914271645e-02,4.600846724129015186e-02,6.115143433586004568e-02,-4.426924124161590868e-02,4.650522112118816651e-03,3.640539035878822410e-02,-4.746446090257340489e-02,2.993714535303195617e-02,5.332089121999532971e-02,6.141836238204583139e-03,2.021283636935526928e-01,1.326813068978499044e-01,3.458539388089819644e-01,2.813943561348475897e-01,3.255511396959458459e-01,5.356683688525428755e-01,5.515593449645564972e-01,1.000000000000000000e+00,5.319656370459117101e-01,6.334495918046740837e-01,5.504203404756971008e-01
1.757388610462739045e-02,4.168271968989430837e-02,3.335252247201338921e-02,3.948841495602457841e-02,1.261237049396090465e-02,1.039783433265602589e-02,1.540450552369412342e-02,-2.272228211795818131e-02,3.125952830687117601e-02,-4.507788790149006714e-02,-1.338859518088046131e-02,7.593610886821220395e-03,-5.368143937552374151e-02,-2.759418977337280143e-02,4.803153023934142452e-02,-2.899540229443542741e-02,-7.422817442648084463e-02,1.638955135248153228e-02,-4.661911295907698177e-02,-7.247432098200740080e-02,5.247395225136147062e-02,-8.859064750702879895e-03,-2.168238781506608495e-02,2.312880478426317110e-01,2.386623479240263801e-01,4.009519410252271321e-01,4.012242433832407529e-01,3.641277446324699407e-01,5.426446999853931086e-01,6.695270230433788550e-01,5.319656370459117101e-01,1.000000000000000000e+00,5.687731217955641627e-01,3.626964042479295380e-01
4.055488517611664789e-02,5.274941815829990027e-02,4.511843784281970027e-02,5.169840145674264864e-02,3.698985576671119657e-02,2.373116667358309353e-02,2.197731918156481390e-02,-1.265370741203713720e-02,1.668865669647778827e-02,-2.603837050444716625e-02,-2.683892714695520869e-03,-1.132813044028899846e-02,-4.620782734453503238e-02,-4.598552269839490704e-03,2.250050377855000727e-02,1.640526055701078609e-02,-6.270312804713124022e-02,1.101793688115253189e-02,6.091962521557880029e-04,-5.986803777757097184e-02,3.630871985770044857e-02,1.986280130505226060e-02,-1.369689970913012117e-02,2.095295555850237024e-01,1.905840319006411321e-01,3.551238948290629249e-01,3.070255692254894586e-01,3.339193179993474314e-01,4.014332626479534261e-01,5.368074829769635681e-01,6.334495918046740837e-01,5.687731217955641627e-01,1.000000000000000000e+00,6.721266393341164269e-01
3.134091234231622253e-02,5.171156806654238908e-02,4.107868336490100303e-02,3.399839731350520755e-02,4.069758647287453207e-02,1.136717983390609851e-02,3.361428406131634211e-02,-1.250320304625377431e-02,1.991090794708965869e-02,-3.174608884608861453e-02,-7.459204789258030988e-03,2.126526174946918868e-02,-3.323514491968167228e-02,-1.292334643534085630e-03,4.501080723568207792e-02,1.092496626805642725e-02,-3.004939155586979632e-02,6.280771256720779627e-02,1.389710757347079918e-02,-2.811711813749796091e-02,7.238361113768572441e-02,2.197183587916226935e-02,2.285779154777952543e-02,1.448391878977668412e-01,1.223737039522774933e-01,2.492114990950261288e-01,2.063705716208443230e-01,2.166973706069845740e-01,3.419090549452557526e-01,2.507268864737061120e-01,5.504203404756971008e-01,3.626964042479295380e-01,6.721266393341164269e-01,1.000000000000000000e+00
