1.000000000000000000e+00,4.388392769421967099e-01,1.897451578742891387e-01,1.680002229729384011e-02,-2.606593975588214138e-02,-4.085509492527179126e-02,-1.019813438445622000e-01,-7.834699996335887928e-02,-7.096549746184800667e-02,-5.234612243916732244e-02,-4.819367471232943734e-02,7.311799855802260384e-02,-1.584173069648954491e-02,-4.684715919821521440e-02,1.528545903870494674e-02,-3.038353852379408263e-02,-2.373926026206446202e-02,-4.857909595010720394e-02,-4.054521043561058746e-02,-3.756273551439563707e-02,-1.000217113098842911e-02,-3.514637540014886596e-02,-2.361444770457740705e-02,-1.811762957910958288e-02,5.448522893694015623e-04,-5.720968615265090498e-03,-2.045415500914322254e-02,2.519115748629502383e-02,-6.502320455155378466e-03,1.085871496757843946e-02,-1.559854353988547257e-02,2.372235292983754240e-02
4.388392769421967099e-01,1.000000000000000000e+00,5.549186110075781109e-01,1.264218996241385784e-01,-7.315265615952078193e-02,-1.248245320436532357e-01,-1.274873104200185681e-01,-1.262629920719445520e-01,-1.404003000688983649e-01,-8.084617779358670153e-02,-2.641038286621402785e-04,2.537893404788009108e-02,-4.121131450237332239e-02,3.683947122628768601e-03,1.337655578712229924e-03,-2.057920716934313887e-02,-5.469987616947425552e-02,-8.093147103277370524e-02,-6.221523093706068930e-02,-5.767343302063195759e-02,-5.826110806278746862e-02,-4.729179629981967309e-02,-7.112079525746275825e-03,-2.211340586056624938e-02,-3.898682637826841879e-02,-7.652534699753860137e-02,-6.384666429326515957e-02,-1.611863036199527935e-02,-9.732936653605642197e-02,-2.807034003605493253e-02,-1.022284437372736506e-02,1.353546932160487083e-02
1.897451578742891387e-01,5.549186110075781109e-01,1.000000000000000000e+00,4.757986492736131501e-01,-7.305933093057591712e-03,-1.438590798168215279e-01,-7.790273651930143539e-02,-1.399667998446701977e-01,-1.747265144966842210e-01,-1.474598185292154418e-01,-5.354160827830821423e-02,-5.908243795319394892e-02,-1.008333299329885191e-01,-5.642710302973558134e-02,-1.692421817282222310e-02,7.400598600967000541e-03,-1.058674262432150737e-02,-4.319142758730056680e-02,-2.818875401868582015e-03,2.021609561444893954e-02,-2.733432970462983894e-03,-3.919050809846508915e-02,1.960544733736514431e-02,6.535819931236733563e-03,-7.066187302330095843e-02,-6.204066519184679718e-02,-4.501753646396417646e-02,-2.005757969950939384e-03,-5.424242616864842492e-02,-4.828000000318513618e-02,-1.590454530441425679e-02,-2.048404778839150921e-03
1.680002229729384011e-02,1.264218996241385784e-01,4.757986492736131501e-01,1.000000000000000000e+00,3.427287007172553079e-01,-1.230468542676622402e-02,-2.456470781298992351e-02,-1.624401079829463357e-01,-1.908925168675796313e-01,-1.824601200048398542e-01,-5.131684811685190140e-02,-4.097394837599458578e-02,-9.105917963260647119e-02,-6.390880791674088957e-02,-9.586593552097949500e-02,-6.202563329567872125e-02,-6.090744642718022572e-02,-2.326475534660201946e-02,-1.641727351786969463e-02,2.009796017531573914e-02,-6.109437373908604280e-02,-3.693478851571432159e-02,2.520391959367482976e-02,6.072165806253699422e-02,-6.304797529847733228e-02,-9.031839748897416142e-02,3.366292550055036831e-02,1.269302554089600868e-02,-2.686939286113011749e-02,1.891184889743668463e-03,-2.177396056173891079e-02,-4.981788198480311541e-02
-2.606593975588214138e-02,-7.315265615952078193e-02,-7.305933093057591712e-03,3.427287007172553079e-01,1.000000000000000000e+00,4.137173584775134527e-01,1.508340065636370741e-01,-5.356806298591882537e-02,-3.405731927811502663e-02,-9.871054160354739149e-02,-6.360568435142696653e-02,-4.133802457715975848e-02,-1.449945863173560112e-01,-8.777821798579711621e-02,-1.209217544944263534e-01,-1.164620398498835141e-01,-8.397734058268177537e-02,-2.861750983130537801e-02,-1.924680727555105799e-03,6.937491831592428049e-02,2.591223236836114052e-02,1.397839333844201441e-02,4.324307510447276265e-02,6.874802648711615411e-04,-6.905332534870284311e-02,-8.837764087612225150e-02,-2.687506943824865061e-02,-8.669210032031383906e-02,-6.858745981164633687e-02,-4.283527695517707484e-02,-3.352274093433307151e-02,-3.006865907134859822e-02
-4.085509492527179126e-02,-1.248245320436532357e-01,-1.438590798168215279e-01,-1.230468542676622402e-02,4.137173584775134527e-01,1.000000000000000000e+00,4.318351908124863359e-01,1.432661595304677571e-01,9.317293355001624033e-02,5.693512189053952580e-03,5.926610103715359776e-03,-5.506822463028886172e-02,-1.531797018972921032e-01,-1.330864407018253204e-01,-1.126800704173947648e-01,-1.013233170546823519e-01,-5.989965409920113698e-02,-1.454696697898999642e-02,-3.856714271447016923e-02,-9.000217580369713685e-03,-5.103471924280472694e-02,1.909662405265406425e-03,-3.079626181982361363e-02,-4.745338003539892324e-02,-2.584256681478951101e-02,-7.016281408620481108e-02,-5.366240203853926694e-02,-1.619990217982018865e-01,-6.750296627583474152e-02,-1.134052272225443275e-01,-1.119099165824553599e-01,-3.159329338846487978e-02
-1.019813438445622000e-01,-1.274873104200185681e-01,-7.790273651930143539e-02,-2.456470781298992351e-02,1.508340065636370741e-01,4.318351908124863359e-01,1.000000000000000000e+00,4.170066864417750763e-01,1.746038975733024967e-01,-2.242543721899161249e-02,-9.265600161682858993e-02,-2.060235943591565422e-01,-2.062794816666088937e-01,-1.866237734017341665e-01,-1.288775779854154091e-01,-1.152665973329971144e-01,-5.916247682171425076e-02,-3.499750320371045748e-02,-3.608703434789908154e-02,-5.884428780502342499e-02,-3.338030407626208038e-03,1.040041049192394068e-01,7.229875032824044367e-02,-4.591922074261864384e-02,-6.064522252307386757e-02,-1.152938404334953870e-01,-9.816680108121950132e-02,-7.743327719658768538e-02,-8.275957476662608447e-02,-8.786497237219885459e-02,-7.299741486923826128e-02,-1.140779992518109638e-02
-7.834699996335887928e-02,-1.262629920719445520e-01,-1.399667998446701977e-01,-1.624401079829463357e-01,-5.356806298591882537e-02,1.432661595304677571e-01,4.170066864417750763e-01,1.000000000000000000e+00,5.328217833436068585e-01,1.261331491720181497e-01,-9.358211162457219512e-02,-1.417318365202046293e-01,-1.086516805418183268e-01,-1.351777249028036088e-01,-7.682274900815799779e-02,-6.399811137205807521e-02,-2.057321978928878733e-02,-1.656024797591853105e-03,-2.260647034755920715e-02,-1.088583174242575419e-01,-3.106120085888805851e-02,-5.243684077810998288e-03,-7.693761530730353071e-02,-1.543200051476531220e-01,-3.715015370172004144e-02,-3.350931215398006424e-02,-9.349122918874552823e-02,-7.061215812258879107e-03,-4.629959486860907303e-02,-6.728334072370657781e-02,-5.462576792511943807e-02,-6.784152660445906535e-02
-7.096549746184800667e-02,-1.404003000688983649e-01,-1.747265144966842210e-01,-1.908925168675796313e-01,-3.405731927811502663e-02,9.317293355001624033e-02,1.746038975733024967e-01,5.328217833436068585e-01,1.000000000000000000e+00,3.955293604697823207e-01,-4.921432148766249209e-02,-9.157069826979660765e-02,-3.375995493680609971e-02,-1.112731442311205576e-01,-5.332306582846704779e-02,-6.292959874849594903e-02,-2.298412036932802327e-02,-3.360164775318960628e-02,-5.487308278092532104e-02,-6.101189989517444290e-02,-2.036827546190801697e-02,-4.744437071118112054e-02,-9.898378029478165085e-02,-1.059479046705194827e-01,-4.111909225992865097e-02,-2.401600372598483926e-02,-7.278370689292265605e-02,-6.326182526574102016e-02,-5.304958866880810781e-02,-8.760342075173281617e-02,-1.142462431170398335e-01,-9.333453562330065734e-02
-5.234612243916732244e-02,-8.084617779358670153e-02,-1.474598185292154418e-01,-1.824601200048398542e-01,-9.871054160354739149e-02,5.693512189053952580e-03,-2.242543721899161249e-02,1.261331491720181497e-01,3.955293604697823207e-01,1.000000000000000000e+00,4.276997437767031673e-01,1.222552882401429508e-01,9.853865210140705377e-02,1.508848875891255770e-01,6.662864016264626044e-02,-9.389671666659155091e-02,-5.006517360176055559e-02,-7.792575659347936168e-02,-7.801047487670698111e-02,-6.822173371194430180e-02,-2.727188287277743442e-02,-3.945649044221626739e-02,-9.288712315085997928e-02,-1.053474840512357569e-01,-1.160627442636244094e-01,-6.477473297520049134e-02,-9.599838088498213740e-02,-7.457934237534193100e-02,-1.462097976913461807e-02,-4.185372110543358892e-02,-2.341556166302890402e-02,-1.192146333064122293e-02
-4.819367471232943734e-02,-2.641038286621402785e-04,-5.354160827830821423e-02,-5.131684811685190140e-02,-6.360568435142696653e-02,5.926610103715359776e-03,-9.265600161682858993e-02,-9.358211162457219512e-02,-4.921432148766249209e-02,4.276997437767031673e-01,1.000000000000000000e+00,4.015135881434546139e-01,2.238709979253589721e-01,3.078367911890914077e-01,1.072340717167348800e-01,-4.837312913372091017e-02,-9.195688407609799164e-02,-9.147524839910201044e-02,-9.455734632429876885e-02,-1.253503236094357376e-01,-1.125816560763739649e-01,-4.799343187034723485e-02,-1.222379594203113623e-01,-1.094296968968711120e-01,-1.921083428183578135e-01,-1.798362126000510319e-01,-1.057927935466523445e-01,-1.559855175786475923e-01,4.110488129208774571e-02,-4.927598537966531439e-02,-3.651485973007663477e-02,-2.257041740784417397e-02
7.311799855802260384e-02,2.537893404788009108e-02,-5.908243795319394892e-02,-4.097394837599458578e-02,-4.133802457715975848e-02,-5.506822463028886172e-02,-2.060235943591565422e-01,-1.417318365202046293e-01,-9.157069826979660765e-02,1.222552882401429508e-01,4.015135881434546139e-01,1.000000000000000000e+00,3.235280715260119844e-01,2.457006672316096041e-01,2.808913193321576629e-01,1.083574246526789742e-01,-1.019501401697706922e-01,-2.429146518454357653e-02,-7.759748796223693568e-02,-1.460210924560390866e-01,-1.438987420859205169e-01,-1.086118623305871722e-01,-1.401088339282489104e-01,-4.683665426186529868e-02,-1.008359444613279726e-01,-5.807103582817767229e-02,-4.210004980849657574e-02,-1.166506365225044306e-01,1.697188532837401453e-02,-3.303542730293316382e-02,-3.785316227383286880e-02,2.705597965136584057e-02
-1.584173069648954491e-02,-4.121131450237332239e-02,-1.008333299329885191e-01,-9.105917963260647119e-02,-1.449945863173560112e-01,-1.531797018972921032e-01,-2.062794816666088937e-01,-1.086516805418183268e-01,-3.375995493680609971e-02,9.853865210140705377e-02,2.238709979253589721e-01,3.235280715260119844e-01,1.000000000000000000e+00,3.419756778308148948e-01,1.827706842564152112e-01,2.088103741932776369e-01,3.857127742858048464e-02,7.575523747538986941e-02,3.551264875856396247e-02,-1.212109667343609920e-01,-7.467198744358605200e-02,-1.663870288778227235e-01,-2.640572437369077541e-01,-1.265197504052839594e-01,-9.330457962380767079e-02,-7.182454784041146512e-02,9.565132229123158442e-03,-3.568499295143259809e-02,-6.695935970118881142e-02,-3.611805635347264259e-02,-3.683960169203794738e-02,1.439044149348454697e-02
-4.684715919821521440e-02,3.683947122628768601e-03,-5.642710302973558134e-02,-6.390880791674088957e-02,-8.777821798579711621e-02,-1.330864407018253204e-01,-1.866237734017341665e-01,-1.351777249028036088e-01,-1.112731442311205576e-01,1.508848875891255770e-01,3.078367911890914077e-01,2.457006672316096041e-01,3.419756778308148948e-01,1.000000000000000000e+00,3.666462836101292422e-01,1.219323962664027733e-01,-8.040534528892015476e-03,-7.722922501901913206e-02,-1.582024682821381312e-01,-1.494660787760703768e-01,-3.869003984028937526e-02,3.688538170320351112e-02,-3.568934349154492119e-02,-1.060746662440396199e-01,-1.402636515631503211e-01,-7.627742365540440828e-02,-5.783407963956268411e-02,-8.272932554513395820e-02,-3.425946013658487388e-02,-3.037164856690352868e-02,-2.041534093074611964e-02,-3.626712280376941100e-02
1.528545903870494674e-02,1.337655578712229924e-03,-1.692421817282222310e-02,-9.586593552097949500e-02,-1.209217544944263534e-01,-1.126800704173947648e-01,-1.288775779854154091e-01,-7.682274900815799779e-02,-5.332306582846704779e-02,6.662864016264626044e-02,1.072340717167348800e-01,2.808913193321576629e-01,1.827706842564152112e-01,3.666462836101292422e-01,1.000000000000000000e+00,3.196883915711895563e-01,-8.652934235904402582e-02,-4.262545291836115913e-02,-1.225449982256306830e-01,-1.191926713428810292e-01,5.789989660569910823e-02,2.519761884539332975e-02,-1.041517464467422716e-01,-1.087160317254137060e-01,-4.047958116274851664e-02,-8.761441351756072207e-03,-4.385007825913886381e-02,-4.645351114735448567e-02,-5.481732478839167894e-02,-7.074039501717967193e-02,-1.066863071316107546e-02,-3.068618060653762348e-03
-3.038353852379408263e-02,-2.057920716934313887e-02,7.400598600967000541e-03,-6.202563329567872125e-02,-1.164620398498835141e-01,-1.013233170546823519e-01,-1.152665973329971144e-01,-6.399811137205807521e-02,-6.292959874849594903e-02,-9.389671666659155091e-02,-4.837312913372091017e-02,1.083574246526789742e-01,2.088103741932776369e-01,1.219323962664027733e-01,3.196883915711895563e-01,1.000000000000000000e+00,4.103076065220233604e-01,1.252800345305073171e-01,-5.907529825356587494e-02,-6.307354196176181982e-02,4.746413400648868963e-02,-2.057151561622358807e-02,-3.802267980338609743e-02,-1.071894068130938016e-01,9.460908123249909055e-03,-2.626414785191905771e-02,-4.569883770270489337e-02,-1.011509407342577466e-01,-9.109872659994038002e-02,-1.075089845755539952e-01,-5.410735328304795005e-02,-3.703383993352010045e-02
-2.373926026206446202e-02,-5.469987616947425552e-02,-1.058674262432150737e-02,-6.090744642718022572e-02,-8.397734058268177537e-02,-5.989965409920113698e-02,-5.916247682171425076e-02,-2.057321978928878733e-02,-2.298412036932802327e-02,-5.006517360176055559e-02,-9.195688407609799164e-02,-1.019501401697706922e-01,3.857127742858048464e-02,-8.040534528892015476e-03,-8.652934235904402582e-02,4.103076065220233604e-01,1.000000000000000000e+00,4.512941181072979147e-01,8.329311843490945499e-02,-1.079463651926588705e-02,-1.329852976040196699e-02,-7.134504388482719450e-02,-4.755616260096056508e-02,-2.978015604776012085e-02,6.663038967714560168e-02,-8.477526706783490226e-03,-6.871101734728278509e-02,-8.819041753327133693e-02,-7.642234210361317781e-02,-6.956153456808406021e-02,-3.535782598836655771e-02,-3.882824201347698234e-02
-4.857909595010720394e-02,-8.093147103277370524e-02,-4.319142758730056680e-02,-2.326475534660201946e-02,-2.861750983130537801e-02,-1.454696697898999642e-02,-3.499750320371045748e-02,-1.656024797591853105e-03,-3.360164775318960628e-02,-7.792575659347936168e-02,-9.147524839910201044e-02,-2.429146518454357653e-02,7.575523747538986941e-02,-7.722922501901913206e-02,-4.262545291836115913e-02,1.252800345305073171e-01,4.512941181072979147e-01,1.000000000000000000e+00,3.365397686808183630e-01,-1.325137763899235654e-01,-1.524770751942870206e-01,-4.463255254928500532e-02,-1.169407596581626130e-01,1.080672537172871900e-01,4.041907027546378511e-02,-2.514151007495962764e-02,-6.781300144618900017e-02,-7.030250815802413511e-02,-1.173320091858951059e-01,-5.911642089748364581e-02,-2.527264303122288627e-02,3.094064553025578299e-02
-4.054521043561058746e-02,-6.221523093706068930e-02,-2.818875401868582015e-03,-1.641727351786969463e-02,-1.924680727555105799e-03,-3.856714271447016923e-02,-3.608703434789908154e-02,-2.260647034755920715e-02,-5.487308278092532104e-02,-7.801047487670698111e-02,-9.455734632429876885e-02,-7.759748796223693568e-02,3.551264875856396247e-02,-1.582024682821381312e-01,-1.225449982256306830e-01,-5.907529825356587494e-02,8.329311843490945499e-02,3.365397686808183630e-01,1.000000000000000000e+00,4.519790271397205461e-01,7.469300295232047908e-03,-1.300130934149614781e-01,-1.581532020345048362e-01,1.279072602818428772e-01,9.623797005752102174e-02,1.835871573644109675e-02,-4.215353062943780205e-02,3.369259407968526899e-03,-1.031365529505332973e-01,-3.597833480818583840e-02,3.369764584803557755e-02,1.799678050405676549e-02
-3.756273551439563707e-02,-5.767343302063195759e-02,2.021609561444893954e-02,2.009796017531573914e-02,6.937491831592428049e-02,-9.000217580369713685e-03,-5.884428780502342499e-02,-1.088583174242575419e-01,-6.101189989517444290e-02,-6.822173371194430180e-02,-1.253503236094357376e-01,-1.460210924560390866e-01,-1.212109667343609920e-01,-1.494660787760703768e-01,-1.191926713428810292e-01,-6.307354196176181982e-02,-1.079463651926588705e-02,-1.325137763899235654e-01,4.519790271397205461e-01,1.000000000000000000e+00,3.412537161558427679e-01,-9.772298573405957534e-02,-5.532591977873599354e-02,5.224822552523551711e-02,1.041550620369073865e-01,5.744546320122608657e-02,-6.241154583383986404e-02,-1.206828838000114854e-02,-4.357922185408259763e-02,-3.818069717768163285e-02,2.675738429185368569e-02,-2.021797883964776207e-02
-1.000217113098842911e-02,-5.826110806278746862e-02,-2.733432970462983894e-03,-6.109437373908604280e-02,2.591223236836114052e-02,-5.103471924280472694e-02,-3.338030407626208038e-03,-3.106120085888805851e-02,-2.036827546190801697e-02,-2.727188287277743442e-02,-1.125816560763739649e-01,-1.438987420859205169e-01,-7.467198744358605200e-02,-3.869003984028937526e-02,5.789989660569910823e-02,4.746413400648868963e-02,-1.329852976040196699e-02,-1.524770751942870206e-01,7.469300295232047908e-03,3.412537161558427679e-01,1.000000000000000000e+00,3.733918362220264298e-01,1.439560240267889757e-01,-9.952662551554862513e-02,-1.959862077952687076e-02,-5.557620742474822517e-02,-1.206613546935969838e-01,4.914595512501384982e-03,-6.279262065343453603e-02,-7.485796358959054264e-02,-3.631597966059309929e-02,-5.470016909891284307e-02
-3.514637540014886596e-02,-4.729179629981967309e-02,-3.919050809846508915e-02,-3.693478851571432159e-02,1.397839333844201441e-02,1.909662405265406425e-03,1.040041049192394068e-01,-5.243684077810998288e-03,-4.744437071118112054e-02,-3.945649044221626739e-02,-4.799343187034723485e-02,-1.086118623305871722e-01,-1.663870288778227235e-01,3.688538170320351112e-02,2.519761884539332975e-02,-2.057151561622358807e-02,-7.134504388482719450e-02,-4.463255254928500532e-02,-1.300130934149614781e-01,-9.772298573405957534e-02,3.733918362220264298e-01,1.000000000000000000e+00,4.883121486810230172e-01,1.097890596426374932e-01,-1.104783130829157106e-01,-1.500092266126481499e-01,-1.344997158011732863e-01,-7.876241176719758763e-02,-3.248977350242974321e-02,-7.756564391283764237e-02,-6.650358760786885537e-02,-1.859218606674167829e-02
-2.361444770457740705e-02,-7.112079525746275825e-03,1.960544733736514431e-02,2.520391959367482976e-02,4.324307510447276265e-02,-3.079626181982361363e-02,7.229875032824044367e-02,-7.693761530730353071e-02,-9.898378029478165085e-02,-9.288712315085997928e-02,-1.222379594203113623e-01,-1.401088339282489104e-01,-2.640572437369077541e-01,-3.568934349154492119e-02,-1.041517464467422716e-01,-3.802267980338609743e-02,-4.755616260096056508e-02,-1.169407596581626130e-01,-1.581532020345048362e-01,-5.532591977873599354e-02,1.439560240267889757e-01,4.883121486810230172e-01,1.000000000000000000e+00,3.217958054260046108e-01,1.209120553820284584e-02,-1.987575416094786163e-02,-6.600657581451048472e-02,-5.196324687576793500e-02,3.761889972952436184e-02,5.798178407865619936e-03,-3.609299319728598472e-03,-3.148205955001925037e-03
-1.811762957910958288e-02,-2.211340586056624938e-02,6.535819931236733563e-03,6.072165806253699422e-02,6.874802648711615411e-04,-4.745338003539892324e-02,-4.591922074261864384e-02,-1.543200051476531220e-01,-1.059479046705194827e-01,-1.053474840512357569e-01,-1.094296968968711120e-01,-4.683665426186529868e-02,-1.265197504052839594e-01,-1.060746662440396199e-01,-1.087160317254137060e-01,-1.071894068130938016e-01,-2.978015604776012085e-02,1.080672537172871900e-01,1.279072602818428772e-01,5.224822552523551711e-02,-9.952662551554862513e-02,1.097890596426374932e-01,3.217958054260046108e-01,1.000000000000000000e+00,3.471867220221069861e-01,1.415461489308356136e-01,2.669140665977733085e-02,-4.824352543089004131e-02,-3.397182499452768706e-02,1.358775126419781154e-02,-1.752619464387386930e-02,-2.076679304166554121e-02
5.448522893694015623e-04,-3.898682637826841879e-02,-7.066187302330095843e-02,-6.304797529847733228e-02,-6.905332534870284311e-02,-2.584256681478951101e-02,-6.064522252307386757e-02,-3.715015370172004144e-02,-4.111909225992865097e-02,-1.160627442636244094e-01,-1.921083428183578135e-01,-1.008359444613279726e-01,-9.330457962380767079e-02,-1.402636515631503211e-01,-4.047958116274851664e-02,9.460908123249909055e-03,6.663038967714560168e-02,4.041907027546378511e-02,9.623797005752102174e-02,1.041550620369073865e-01,-1.959862077952687076e-02,-1.104783130829157106e-01,1.209120553820284584e-02,3.471867220221069861e-01,1.000000000000000000e+00,4.868677879698195543e-01,1.111871977493391617e-01,3.502746875826209024e-03,-5.756736506484300131e-02,-3.975992652155269785e-02,-3.510603435454771187e-02,-3.074056733340284689e-02
-5.720968615265090498e-03,-7.652534699753860137e-02,-6.204066519184679718e-02,-9.031839748897416142e-02,-8.837764087612225150e-02,-7.016281408620481108e-02,-1.152938404334953870e-01,-3.350931215398006424e-02,-2.401600372598483926e-02,-6.477473297520049134e-02,-1.798362126000510319e-01,-5.807103582817767229e-02,-7.182454784041146512e-02,-7.627742365540440828e-02,-8.761441351756072207e-03,-2.626414785191905771e-02,-8.477526706783490226e-03,-2.514151007495962764e-02,1.835871573644109675e-02,5.744546320122608657e-02,-5.557620742474822517e-02,-1.500092266126481499e-01,-1.987575416094786163e-02,1.415461489308356136e-01,4.868677879698195543e-01,1.000000000000000000e+00,3.703909761887257956e-01,1.400124402255738809e-01,5.515995874686208805e-02,4.706989061436189087e-02,1.832494503572032127e-02,-1.587739370770610906e-02
-2.045415500914322254e-02,-6.384666429326515957e-02,-4.501753646396417646e-02,3.366292550055036831e-02,-2.687506943824865061e-02,-5.366240203853926694e-02,-9.816680108121950132e-02,-9.349122918874552823e-02,-7.278370689292265605e-02,-9.599838088498213740e-02,-1.057927935466523445e-01,-4.210004980849657574e-02,9.565132229123158442e-03,-5.783407963956268411e-02,-4.385007825913886381e-02,-4.569883770270489337e-02,-6.871101734728278509e-02,-6.781300144618900017e-02,-4.215353062943780205e-02,-6.241154583383986404e-02,-1.206613546935969838e-01,-1.344997158011732863e-01,-6.600657581451048472e-02,2.669140665977733085e-02,1.111871977493391617e-01,3.703909761887257956e-01,1.000000000000000000e+00,3.954962826085675620e-01,1.957472810590418777e-01,2.915201426504194226e-01,1.697577035655458977e-01,5.939440564003092837e-02
2.519115748629502383e-02,-1.611863036199527935e-02,-2.005757969950939384e-03,1.269302554089600868e-02,-8.669210032031383906e-02,-1.619990217982018865e-01,-7.743327719658768538e-02,-7.061215812258879107e-03,-6.326182526574102016e-02,-7.457934237534193100e-02,-1.559855175786475923e-01,-1.166506365225044306e-01,-3.568499295143259809e-02,-8.272932554513395820e-02,-4.645351114735448567e-02,-1.011509407342577466e-01,-8.819041753327133693e-02,-7.030250815802413511e-02,3.369259407968526899e-03,-1.206828838000114854e-02,4.914595512501384982e-03,-7.876241176719758763e-02,-5.196324687576793500e-02,-4.824352543089004131e-02,3.502746875826209024e-03,1.400124402255738809e-01,3.954962826085675620e-01,1.000000000000000000e+00,4.253320390836927145e-01,4.573100860471608908e-01,2.041635058411530590e-01,8.903064566025283011e-02
-6.502320455155378466e-03,-9.732936653605642197e-02,-5.424242616864842492e-02,-2.686939286113011749e-02,-6.858745981164633687e-02,-6.750296627583474152e-02,-8.275957476662608447e-02,-4.629959486860907303e-02,-5.304958866880810781e-02,-1.462097976913461807e-02,4.110488129208774571e-02,1.697188532837401453e-02,-6.695935970118881142e-02,-3.425946013658487388e-02,-5.481732478839167894e-02,-9.109872659994038002e-02,-7.642234210361317781e-02,-1.173320091858951059e-01,-1.031365529505332973e-01,-4.357922185408259763e-02,-6.279262065343453603e-02,-3.248977350242974321e-02,3.761889972952436184e-02,-3.397182499452768706e-02,-5.756736506484300131e-02,5.515995874686208805e-02,1.957472810590418777e-01,4.253320390836927145e-01,1.000000000000000000e+00,4.270992042481034923e-01,1.214489318345930990e-01,3.923779410899059378e-02
1.085871496757843946e-02,-2.807034003605493253e-02,-4.828000000318513618e-02,1.891184889743668463e-03,-4.283527695517707484e-02,-1.134052272225443275e-01,-8.786497237219885459e-02,-6.728334072370657781e-02,-8.760342075173281617e-02,-4.185372110543358892e-02,-4.927598537966531439e-02,-3.303542730293316382e-02,-3.611805635347264259e-02,-3.037164856690352868e-02,-7.074039501717967193e-02,-1.075089845755539952e-01,-6.956153456808406021e-02,-5.911642089748364581e-02,-3.597833480818583840e-02,-3.818069717768163285e-02,-7.485796358959054264e-02,-7.756564391283764237e-02,5.798178407865619936e-03,1.358775126419781154e-02,-3.975992652155269785e-02,4.706989061436189087e-02,2.915201426504194226e-01,4.573100860471608908e-01,4.270992042481034923e-01,1.000000000000000000e+00,5.094756160213687046e-01,2.666078333284696567e-01
-1.559854353988547257e-02,-1.022284437372736506e-02,-1.590454530441425679e-02,-2.177396056173891079e-02,-3.352274093433307151e-02,-1.119099165824553599e-01,-7.299741486923826128e-02,-5.462576792511943807e-02,-1.142462431170398335e-01,-2.341556166302890402e-02,-3.651485973007663477e-02,-3.785316227383286880e-02,-3.683960169203794738e-02,-2.041534093074611964e-02,-1.066863071316107546e-02,-5.410735328304795005e-02,-3.535782598836655771e-02,-2.527264303122288627e-02,3.369764584803557755e-02,2.675738429185368569e-02,-3.631597966059309929e-02,-6.650358760786885537e-02,-3.609299319728598472e-03,-1.752619464387386930e-02,-3.510603435454771187e-02,1.832494503572032127e-02,1.697577035655458977e-01,2.041635058411530590e-01,1.214489318345930990e-01,5.094756160213687046e-01,1.000000000000000000e+00,4.900505520635526913e-01
2.372235292983754240e-02,1.353546932160487083e-02,-2.048404778839150921e-03,-4.981788198480311541e-02,-3.006865907134859822e-02,-3.159329338846487978e-02,-1.140779992518109638e-02,-6.784152660445906535e-02,-9.333453562330065734e-02,-1.192146333064122293e-02,-2.257041740784417397e-02,2.705597965136584057e-02,1.439044149348454697e-02,-3.626712280376941100e-02,-3.068618060653762348e-03,-3.703383993352010045e-02,-3.882824201347698234e-02,3.094064553025578299e-02,1.799678050405676549e-02,-2.021797883964776207e-02,-5.470016909891284307e-02,-1.859218606674167829e-02,-3.148205955001925037e-03,-2.076679304166554121e-02,-3.074056733340284689e-02,-1.587739370770610906e-02,5.939440564003092837e-02,8.903064566025283011e-02,3.923779410899059378e-02,2.666078333284696567e-01,4.900505520635526913e-01,1.000000000000000000e+00
