1.000000000000000000e+00,3.511245729406131666e-01,3.450524919998444462e-01,2.938131855918453827e-01,1.428208927746586476e-01,-2.705482936582012318e-02,4.379499082615041089e-02,-7.814662822835648226e-02,-6.554579039637159488e-02,6.934400883023592033e-03,-1.050506432936395597e-02,-7.633202555704993175e-02,1.377119135985002164e-02,5.716876361219008079e-02,1.337263385023822193e-01,1.386247974896002121e-02,7.417380402316789412e-02,9.269064875195053010e-02,3.298943565810083284e-04,-1.308606236386864775e-02,1.128241018621301689e-02,6.735845039195190176e-02,7.661098920509604171e-02,3.690785465713190133e-02,6.083431433700781793e-02,-1.919429407393810627e-02,-3.699249186972894399e-02,-8.563807529518050604e-03,-5.016980863399174081e-03,-3.013227747736004977e-02,-5.601520520222686567e-03,2.979616447420210725e-03,-2.808926185118674687e-02,-3.391309092913311757e-02,-4.219242934896874977e-03,1.636147262394740606e-02,2.323090442248423957e-03,6.453887137390959539e-02,3.776510426947879417e-02,3.693609883084488649e-02,5.215524838295000631e-02,2.178172699015110125e-02,-8.136508123282668037e-02,-3.377982439286563582e-02,6.731903090523846944e-02,2.122996587370101079e-02,3.572945478450813978e-02,2.292680606958190370e-03,9.192393122760619817e-02,2.961155566834211203e-02,1.305117833349732359e-02,4.112903012012252696e-02,3.513911904474999875e-02,7.131021779233680247e-02,-3.597237435769167369e-03,9.095223163358918950e-02,-1.335937296000629451e-02,-5.868167384495098088e-02,-4.363888909352604123e-02,2.332701080704239344e-02,-1.936906927915125684e-02,2.026765798562258497e-02,-2.512295573289113557e-02,-3.634856793452664186e-02,2.467101265422555825e-02,3.631566924114752737e-02,3.594129464531401613e-02,-1.623857331131162152e-02,-2.398129370624972959e-02,-3.530796150609379069e-02,-1.089661967811455731e-02,-4.264623878287027159e-02,-8.470293658138799975e-02,-4.656887541813421044e-02,-1.171802997803549073e-02,-3.254233194678100155e-02,-2.012428754075599666e-02,-9.012979942021719093e-02,-3.382137594137241132e-02,3.986465571589375978e-02,1.674567336523667335e-02,-2.253155534542264360e-02,1.078784658509335335e-03,-3.427329052563423545e-02,-7.707058334636673544e-03,-9.829104706720937813e-04,-3.593391527545871517e-02,3.700092051892262066e-03,-3.103850668065509869e-02,4.738150664819700160e-03,5.013604132937153103e-03,1.656112486897784800e-02,-3.100347637480065435e-02,-4.566771290140388823e-02,1.784016554995502407e-02,-4.967175544168025286e-02,2.511726167908166774e-02,3.701667951808847862e-02,-5.051244199142650160e-02,-4.683145418868923937e-02,-7.279835854410447726e-02,-6.973223707336309585e-02,-1.689911719183465055e-02,2.387414113608127275e-02,5.517483331932107604e-02,-6.417450122446177220e-03,5.507177385913070849e-02,5.278920746166324007e-02,2.759859116146938865e-02,3.594783277115294606e-02,7.056193915872265021e-02,4.305536585666217692e-02,5.722243201019849845e-02,5.558529988838790264e-02,-1.202206530451672625e-02,5.833615605287666150e-02,-3.433528412050786821e-02,-1.250767494489404136e-02,1.172096901212668282e-02,-4.478614468928663467e-02,3.184926588898213951e-02,-3.525145974819401257e-02,6.663964376917123900e-03,2.852267946815950986e-02,-7.801795762438838711e-02,2.183543181248933512e-02,-1.447157372929425666e-02,-8.931546445269059054e-02,4.529629880194441065e-03,-5.792263858247120173e-02,-3.542449138497648364e-02,6.427498926476225838e-03,-3.689181924796458567e-02,-1.785427993048313219e-02,-5.865770249736632774e-02,-3.939215297152556111e-02,-2.734394111006973119e-02,-5.510116502662922022e-02,-1.891112160267264738e-02
3.511245729406131666e-01,1.000000000000000000e+00,3.764820400581880278e-01,4.989512547772310125e-01,3.736253256179022375e-01,8.209644760061732272e-02,1.518237129548313524e-01,-6.133317798403206678e-02,-1.060968372716297875e-01,-9.357382365227598364e-02,-1.258643388076766956e-01,-1.623658473930897628e-01,-1.529044354527532845e-01,-7.492760399742266764e-02,3.849654399836596741e-02,-5.307596901385825544e-02,-2.090744640592669904e-03,6.030098816059710487e-02,1.217489567027965347e-01,-5.022759203728462823e-03,-2.013435540859962944e-02,5.400940129002005513e-02,5.728780230716687405e-02,7.061335412593064409e-02,7.507081765912688998e-02,1.129500328254685187e-02,6.359116953715725218e-02,-7.954833545181115226e-03,-7.635827671493330970e-02,3.173048970650690220e-02,3.104102597897228505e-02,-1.055427283553588558e-01,-8.956898926756831636e-02,4.337861570952417090e-02,-2.625213121869258114e-03,1.093931060459603366e-01,1.538941313991382641e-02,1.044500836824458628e-01,8.643308733925313125e-02,3.980244386714315574e-02,3.941773802431624424e-02,2.221576057397100026e-02,-3.525645011792234024e-02,-5.962938709022125826e-03,5.830229228343721676e-02,3.400029685378543054e-02,1.237379299176933484e-02,2.881935647386272767e-02,5.563024958637407397e-02,4.416778730830352856e-02,4.844666371758232087e-02,-1.211066667938712378e-02,-6.621890607747431268e-02,1.458238138818154957e-02,-8.100145760751517598e-02,1.465289345867149201e-03,-1.514779841484688305e-02,-9.856356451381989570e-02,-7.815874381816891037e-03,-1.565592475756019675e-02,-5.336935873209254499e-02,7.559467531932658781e-03,-6.237294060095591695e-03,2.101542641584017504e-02,1.805739846621745928e-02,-5.583069831466762334e-02,-2.320992472084769734e-02,-9.638837896894077162e-02,-6.900200937244868604e-02,-4.928277895693793792e-02,-5.038204732768500338e-02,-9.979376508077918151e-02,-8.298924799663395802e-02,-6.578110074707549382e-02,-6.564661375752557648e-02,1.934392017060114488e-02,-9.230847734540677252e-02,-6.107675407281119850e-02,8.806941825682685840e-03,4.723922111484714359e-02,1.280973827538833820e-02,2.495077412267600759e-03,8.323435316613807256e-02,1.883080245663464741e-02,3.817261923441979312e-03,3.314918635742580030e-04,-5.821666770320599316e-02,-5.778286308240054674e-03,-1.476315503352501265e-02,-3.488815396673157487e-02,4.711497087165989611e-02,3.643322148570957999e-04,-5.678078873596656417e-03,2.363728296206527024e-02,9.320037095657053225e-03,-4.520449134188966878e-02,2.189171001080359932e-02,-1.167963313538535573e-02,-4.479889979015164170e-02,-1.097495791635707055e-02,-3.371821689229023700e-02,-4.438829389462276703e-02,1.304164572827071558e-02,5.090931639366165495e-02,4.628762953797001256e-02,-4.035556542777957861e-02,3.324858379925239166e-02,1.290793262791207763e-01,7.681643829100691379e-02,9.823967497741221966e-02,1.340005397567527456e-01,5.823937079611930107e-02,3.452693828585740726e-02,1.017009382409376911e-01,6.329689747517849852e-02,9.302615625458512949e-02,7.263671365201419816e-02,8.189195420404948855e-02,4.470555272152403059e-02,5.283257361069609859e-02,8.508101920834128251e-02,1.717219981701089901e-02,1.060097428107788647e-01,5.816991079618103605e-02,5.644963094170166867e-02,5.903438586033728230e-02,4.334333347540936937e-02,5.316541298419241030e-02,2.219378465346912369e-02,-2.142309224805355114e-02,-3.693928011397561856e-02,3.658832232458506667e-02,3.556575408092575025e-02,1.195930910468300575e-03,5.859807283633995494e-03,1.235925936382264653e-02,8.365491494111804496e-03,-9.347669453858368713e-03,2.643225318713794680e-02
3.450524919998444462e-01,3.764820400581880278e-01,1.000000000000000000e+00,3.564139629982228663e-01,1.677380680329409179e-01,1.107122345832230320e-01,1.282083299784718133e-01,-5.320626779286777297e-02,-1.080410969557136225e-01,-8.146046029718285661e-03,-5.828857374644713651e-02,-1.174377597416089714e-01,-2.749591847350184998e-02,2.679302679423812422e-02,8.554535541092234130e-02,4.229602308126575311e-02,8.977510282369847994e-02,5.378666404676756690e-02,9.282413375293213642e-02,3.705300182350924204e-02,9.125812053206052918e-03,3.226806836998703104e-02,7.971219208768769160e-02,8.206155510452793622e-02,5.417347544969151191e-02,-6.459109776367238931e-03,4.333720511721131374e-02,-5.410405030277996331e-03,-5.391757469530956276e-02,3.600646412358533832e-02,3.169012270246370638e-02,-5.084141243957215894e-02,-4.111811939887874412e-02,1.982705836042560066e-02,-1.223178309824634637e-02,6.081346534185433361e-02,9.036045819965355524e-03,8.380393129937406538e-02,7.113452841081023548e-02,1.687386256160814529e-02,5.511585941267610478e-02,3.957634596908198021e-02,3.328712257015205289e-03,5.714396161008039425e-03,7.091126902075342575e-02,8.212572375859976404e-02,5.174465554451028459e-02,2.758274125050252587e-02,8.337516257148226695e-02,6.479315822709208472e-02,4.188424560652731499e-02,-5.734026315824710535e-02,-1.861852235040998768e-02,8.149156301306843819e-02,-3.755843064298163697e-02,2.992910446524914975e-02,-6.375246388485034110e-02,-1.131500759167837489e-01,-3.735619566539841868e-02,-1.814161441519592660e-02,-9.154281443328736445e-02,-3.738799249780013628e-02,-5.338672915651797475e-03,-2.413190499877869519e-03,-5.129999008022180680e-04,-4.350943926773624681e-02,1.094282623689421009e-02,-6.900520732419533620e-02,-6.031061531155116479e-02,-3.657219125302527823e-02,-4.384716130033922826e-02,-1.273259239799676146e-01,-8.371495945308267406e-02,-1.074971271742375251e-01,-9.971536695198644773e-02,-6.439114879067840691e-02,-7.892373416031675526e-02,-2.675958334404952496e-02,-6.281101191587763755e-02,1.014193446099178990e-02,3.608935129269758013e-02,1.157586264327619373e-02,9.465718322680825858e-02,5.353889561961149707e-02,4.457808491764776726e-02,2.856434908301050402e-02,-6.915251845282548160e-02,-7.904903419744065476e-03,-1.608209428771633503e-02,-7.107521896575599851e-02,-6.195307681833558955e-03,-4.611977658649959316e-02,-6.891080785690753552e-02,-4.214463402716971813e-02,-2.981697254009271075e-02,-1.059269658325982660e-01,-4.372526353443298777e-03,3.242324353851939317e-02,-7.052311326561030991e-02,-5.520214519696848426e-02,-4.410005064566250438e-02,-3.789307759101536582e-02,3.042278955088729715e-03,2.786496869596826950e-02,7.292798795948313151e-02,2.623489162941481517e-02,5.992343654662935643e-02,8.053678164807101525e-02,4.056062458067243720e-02,1.194232432532083554e-01,1.454680266120890464e-01,1.403803319831879448e-01,1.268504852850508846e-01,1.623965759357311189e-01,9.097418586717083422e-02,1.375606072493518461e-01,5.239256608376880592e-02,8.967227889038152655e-02,7.235132918532091728e-02,4.550943575830188048e-02,9.823072373536868851e-02,5.954995737900058844e-02,1.073609237559821905e-01,2.794484892240184024e-02,4.143815335345985701e-03,6.450581066408644926e-02,-4.180831377946268856e-02,7.985762300359907501e-03,2.518472340421702357e-02,-3.662293891135341706e-02,-8.741867030968268615e-02,-2.153988073040878637e-02,-6.158131110575876428e-03,-1.802736298772615467e-03,-9.024646870175534810e-03,-3.352454170682003104e-02,-2.689060216402401615e-02,-2.872624755126749682e-02,-3.577647416663452817e-02
2.938131855918453827e-01,4.989512547772310125e-01,3.564139629982228663e-01,1.000000000000000000e+00,3.147469744323244112e-01,1.426254773974655055e-01,1.846935933600918900e-01,-7.329322898198371850e-02,-2.805861463081561064e-02,-1.940743406791528222e-02,-1.344404508676351750e-01,-1.158431362699050282e-01,-4.379192842753713844e-02,3.203271269029266122e-02,6.022663333755850362e-02,-2.688174707788477946e-02,7.032234951185885319e-02,2.194054913122053460e-02,3.686575040063036490e-02,7.161397075509336185e-02,2.780962805263744592e-02,7.259330249526609047e-02,9.547069906509518533e-02,7.940375224452317360e-02,4.316676903952591099e-02,2.928519455846764069e-02,1.405112050302202154e-01,-5.212882438294107884e-02,-8.954927158866290982e-02,1.148642293491895922e-01,4.669569966346669154e-02,-1.437778318968219171e-01,-1.106272467336474885e-02,8.222814445502422964e-02,-6.895047532273580748e-02,1.173535505402745760e-01,-7.638545755939817050e-02,5.631952580371816369e-02,1.953621736764127315e-02,-3.212000150732850778e-02,-2.520470126831656638e-02,3.960871393754548421e-03,-5.595080534826245983e-02,2.748413635675605454e-02,4.630103523288717909e-02,-5.211281552100132004e-03,-3.255618415600793070e-02,1.633307078202604623e-02,1.121571495598205556e-02,1.510566820185183998e-02,-1.649313361431194169e-02,-1.242422099016279695e-02,3.638647558604153447e-03,7.050015584022459314e-02,-2.322944539375135578e-02,1.831963992536189342e-02,2.069601443705059232e-02,-7.121451102109110920e-02,-3.743447631926353353e-02,1.209800184619976883e-02,-3.016342120761721091e-02,6.279418949863735562e-03,3.004172065148347226e-02,4.679794426352264919e-02,-5.601185501595810912e-02,-4.632850711236930624e-02,2.439719425209353060e-02,-3.483462992173158579e-02,-1.066645558986564248e-02,-4.480193657942977553e-02,-5.356653779256282180e-03,-5.663667479717084119e-02,-4.220047234114084750e-02,-2.763841034896312096e-02,-1.267732079051534302e-02,-2.210012603032339082e-02,-2.159581900581975314e-02,-1.671428453310374110e-02,-3.321639905922112168e-02,-9.046999387174665605e-03,2.939485759740530831e-03,2.669649006374898072e-03,4.935232853977629397e-02,4.596780956794328105e-02,4.439325125176096787e-02,1.686244782199491227e-02,-7.611284387975784591e-03,5.431347190765091482e-02,3.150301497825067076e-02,3.158128359783560213e-02,4.274027316006608762e-02,-4.193732423090731909e-02,-4.677578379425834793e-02,-2.561321764525616163e-02,-4.576980691049543915e-02,-8.583724488760083315e-02,-2.573884682001649493e-02,8.597789940289764232e-03,-4.031389307747673678e-02,-7.047926451288147320e-02,-2.412421980738226838e-03,-1.769973836299967157e-02,4.242710020426273404e-02,2.782172946507712602e-02,-3.721155268713659259e-02,-9.292821409804591370e-02,-8.730041838180675751e-02,9.820581034362745043e-02,-6.333658243660009179e-02,3.292348752757039837e-02,1.078024230214540968e-01,-1.831722273128640836e-03,7.922668262658638660e-02,6.563886142364003251e-02,9.907836069273195934e-02,7.516051661272056539e-02,6.396487466401692967e-02,1.079952537842191890e-01,5.246859911193788029e-02,7.802283749794002021e-02,9.699188540080314058e-02,1.093167904644916366e-02,8.401057060208629024e-02,3.646953320869662091e-02,1.377652611616822856e-02,4.121083820911096429e-02,3.060628349669688997e-02,4.442573673957100205e-02,2.499327967718263308e-02,4.993675081489972259e-03,-1.039120677395726361e-01,-8.711521814935329136e-03,2.506314083997755390e-02,-2.893406455736202004e-02,6.165763873676223701e-03,-1.694721313376594193e-02,-5.972519660436467585e-03,-1.877723585711164184e-02,-6.149089340118991075e-03
1.428208927746586476e-01,3.736253256179022375e-01,1.677380680329409179e-01,3.147469744323244112e-01,1.000000000000000000e+00,2.411470451439973184e-01,1.003377420594706027e-01,2.701172987995165142e-02,4.048280506665170170e-02,-2.101721060608826089e-02,-9.124679267692643869e-02,-3.001631084919362952e-02,-7.686151513629686793e-02,-3.247303806978779628e-02,1.428729468377291922e-02,-2.644646003303261980e-02,1.664611610844017597e-02,-4.305773382206710964e-02,2.005303121634596786e-02,1.240692299649065640e-02,-5.680257743110318780e-02,-1.869746575956192066e-03,1.814420815030615489e-02,-2.947190970322704703e-02,2.121412417699275466e-02,3.112897416665432598e-02,8.050403595209353058e-02,3.606534088245449358e-03,-3.246259281152223675e-02,6.538658455997889418e-02,6.551092701280142316e-02,-9.398083770309782758e-02,-5.061034694858959626e-02,5.613566891428595218e-02,-1.527683138018086709e-02,7.246121727470444807e-02,-2.898981417037491473e-02,2.530985431735481572e-02,2.733512939455471150e-02,-3.771425712312037604e-02,-6.612472078604031585e-04,2.412097505211091911e-02,-7.685426181406666835e-02,-1.401698098514530741e-02,7.247343231314698486e-02,-2.966723881967462707e-03,-3.810397044964310143e-02,5.407551913136276339e-02,5.722342299268422944e-02,-8.484848575829518529e-04,6.811559503800905524e-02,-2.186716676768178658e-02,1.699894451315131071e-03,1.006299212872798776e-01,-6.657339151138758071e-02,5.721682982450983918e-02,-1.323625275421609106e-02,-1.268773351506571057e-01,-3.242966666923632196e-02,3.611864809335731813e-02,-7.420156553560725010e-02,-6.555914086586474288e-02,-5.464021617588656760e-03,5.071707605999509205e-02,-2.938100875536461820e-02,-4.278490197994123945e-02,-2.124593585670518734e-03,1.098077045451297277e-03,-1.456200360096874787e-04,-7.793265787320545479e-02,-1.444168268734605329e-03,-1.099941078902091224e-01,-1.221947125525676831e-01,-5.778380943353885607e-02,-5.650111040384420830e-02,-1.077787373782344675e-02,-6.656901195991804521e-02,-8.046345990814862681e-02,-5.307827772551913792e-02,3.070313327812294879e-02,2.233642860831826921e-02,-3.505218041668496654e-02,1.346498795732372356e-01,9.391246593624566485e-02,7.717887834794132096e-02,5.815576253423337949e-02,-2.847670507898245051e-02,8.779979097351919837e-02,3.653400294266750253e-02,-4.635080068342990745e-02,5.838320247139818647e-02,-5.468828354391612467e-02,-5.295860167634864474e-02,-5.054794091060722805e-02,-2.936750206319756543e-02,-6.358964777124696821e-02,-5.642010499344833618e-02,-2.621405191004974600e-02,-1.636733307440570856e-02,-6.705639960348705464e-02,-5.759643601070067037e-02,-2.842771661071069253e-02,6.984278870415645823e-02,4.927141500722490020e-02,-1.349245099316557714e-02,-1.077547560620382150e-01,-2.799287286151180831e-02,1.522656750991906449e-01,4.947657894416683522e-02,9.863934659719400533e-02,5.675418832344612807e-02,2.754280338368473788e-02,3.649199681387976790e-02,1.105351372723956532e-01,6.836880419229041106e-02,8.602681698306534341e-02,3.462925307512470380e-02,8.917304240489264122e-02,8.400267716579790100e-02,2.300757474981636116e-02,1.128243103876084841e-01,1.847860533685481005e-03,1.173546387953313536e-01,6.814027784692042178e-02,-7.290214072098532595e-03,7.047643025902974867e-02,4.719211926652087594e-03,-2.482531928442707677e-05,4.314595135286249106e-02,-4.488715656607700222e-02,-6.596385233237929413e-02,3.710865567373398261e-02,2.616547902367293357e-02,-6.985157597405848399e-03,1.836875209391131136e-02,2.267571406648836302e-02,-1.992875710693895082e-03,-1.011178225995993350e-03,1.934290422030983392e-02
-2.705482936582012318e-02,8.209644760061732272e-02,1.107122345832230320e-01,1.426254773974655055e-01,2.411470451439973184e-01,1.000000000000000000e+00,3.736338944036363685e-01,1.987639431497658926e-01,2.771701586341681622e-01,1.809118239103026382e-01,1.237830906982648055e-01,1.868775319248907052e-01,7.960381452750942000e-02,3.264848995427457878e-02,-6.500582454228557953e-03,2.898212301845973574e-02,1.581025415300655115e-02,-3.141885041722621008e-02,-6.969797001555018412e-02,5.216233373416408886e-02,-8.136556343557704851e-02,-1.509451528134750087e-01,1.164317901397530011e-02,-7.669698800886304291e-02,-1.101697602870761322e-01,5.979711130051751367e-02,1.040059889831840834e-01,2.388739346638255739e-02,-1.132250070718539801e-02,1.046832521157489010e-01,5.259173725322716098e-02,-1.801720369344310402e-02,4.435475997372962526e-02,1.912532499510474424e-02,-2.762434117601677078e-02,-1.796897008468459692e-02,-9.380227493006434991e-02,-8.170370358322813498e-02,-1.069335737644570017e-01,-1.521244704708430151e-01,-1.110281004618585560e-01,-4.073646465991846710e-02,-7.352307270270640183e-02,-6.666581388211019477e-02,-2.257689306505439655e-02,-1.131277246506999096e-01,-1.358820459846121764e-01,-6.075715566495791531e-02,-3.742416150394570207e-02,-1.439794797660556569e-01,9.012916746694257797e-03,-3.265486846331274763e-03,1.097993126009644133e-01,7.558666242928931134e-02,5.768720809785764930e-02,5.540188339733764789e-02,-2.125089856148970613e-02,1.756662516560980603e-02,-5.041451163886601777e-02,4.406914527003068238e-02,2.043667462656495112e-02,-7.444259223108738721e-02,1.184763050986702843e-02,2.478472367129370968e-02,-3.763880568770395368e-02,-4.727916713532252097e-02,3.531820047870454921e-02,-1.408607373827912117e-02,8.260235770040669223e-02,3.342255644915550356e-02,4.901556087377587079e-02,-7.957115856808490151e-02,-9.922578046574721811e-02,-2.283585518838705114e-02,-3.232077459583894419e-02,8.983205210070819430e-03,1.593725796836468686e-02,-3.216098401048538696e-02,-7.314700467236019688e-02,3.847200366556255413e-02,-1.054021624472539602e-02,-8.341422693075929706e-02,3.782729744792242416e-02,6.402269188470023631e-02,5.361138379051418046e-02,5.036713872915894036e-02,2.895205831694227724e-02,1.418637269074106977e-01,1.079657135829034248e-01,3.085911408001012352e-02,8.605902926840106049e-02,6.799636217418509807e-03,1.702919942051438554e-02,5.550767949973752294e-03,6.260847343902455064e-02,-2.822194999295530096e-03,-1.092046264463996524e-02,-7.647719752960671635e-02,-2.938850288907004712e-02,-2.571198924181943360e-02,-3.875953462990687493e-02,-6.705975060158665679e-02,1.649401064932773386e-02,4.502151283985828673e-02,1.541640919478016146e-02,-9.597014382533776422e-02,2.646931198237391716e-02,1.141688303882066324e-01,1.110147089544352150e-01,8.820198878779410279e-02,-3.285676968938911618e-02,1.970725020273099079e-02,5.102359601284570806e-02,1.064885617653253541e-01,1.848289343582498745e-02,-3.609707681341528529e-02,-9.817362824504127783e-02,1.434280319423209861e-02,-5.670797482408125589e-02,-1.119032652897286595e-01,1.340639775486889874e-02,-1.125281747858681014e-01,-2.102527814099546324e-02,-7.662002643531734547e-02,-9.514604979595005230e-02,-5.952887524943317743e-02,-1.235562148600868326e-01,-6.288701069014347722e-02,-7.199981368225914780e-02,-6.246237318057517446e-02,-1.377573288243215954e-01,-1.166813947668770002e-01,-5.590184137674913262e-02,-8.952496570134998999e-02,-4.168928370871553130e-02,-8.577209090424839366e-02,-6.242336122153610556e-02,-5.525883846355766904e-02,-7.593380850631678558e-02
4.379499082615041089e-02,1.518237129548313524e-01,1.282083299784718133e-01,1.846935933600918900e-01,1.003377420594706027e-01,3.736338944036363685e-01,1.000000000000000000e+00,3.045530253291346412e-01,2.505151005156736055e-01,3.082664547098842300e-01,1.247298009687769077e-01,4.916405362846704846e-02,5.649986514099990947e-02,-2.445349144209358824e-02,-3.698610189403903764e-03,1.101898055632766910e-02,-2.991019858429555880e-02,2.046483704595774070e-02,-7.436780507946963437e-02,-3.448886068001196653e-02,-1.018757261511896856e-01,-1.334477647956087143e-01,-3.596664906819765396e-03,-4.963082696617424766e-02,-1.200641413056519891e-01,-2.052230449534494031e-02,1.258692821743075396e-01,2.969610920142254362e-02,-9.977161398555028926e-02,4.426532843302523335e-02,7.209783876845020367e-02,-4.440366924880619764e-02,-4.945355079689876115e-02,3.761577829322054756e-02,2.420472498323592361e-02,7.736111563827106907e-02,-2.564835013151922291e-02,-1.168457006910408186e-02,-7.119795661155919886e-02,-4.421542805804376530e-02,-5.678121195554997752e-02,1.215353694249811552e-02,-3.625969108222289877e-02,-2.431778384659080347e-02,4.246072665806460006e-02,-5.636541283406528574e-02,-1.222607337191682353e-01,-8.043808528673700164e-02,-4.123289608939826462e-02,-9.217449734245361515e-02,-1.253717533575635264e-02,-7.748249681743292483e-02,4.376600518514344590e-02,8.213693054984021191e-02,8.798745356962933695e-02,2.933079192149130269e-03,-8.530541516375332589e-02,-7.043609336692081835e-02,-1.344115324264971434e-01,-5.179983830325916860e-02,-2.887011009434752376e-02,-6.488084129237237097e-02,-7.009421226082437895e-02,-6.934240064624842825e-02,-4.865305657355788876e-02,-2.472148816709791776e-03,3.763871802344347095e-02,-6.733980687223124761e-02,6.500112085737702258e-03,1.484255944932238482e-02,4.502349629590571278e-02,-1.128195773410254760e-01,-9.193068215633971862e-02,-8.707888025187418557e-02,-6.654584038874031271e-02,-5.699719561142191360e-02,1.141331021773228996e-02,-3.591936635322739990e-02,-1.099242591195393748e-01,-7.349655621030042572e-03,3.556025975566397962e-02,-5.996468363560431697e-02,1.053442194969939419e-02,3.475828389797953194e-02,3.070482951869346611e-02,3.159613694715232568e-02,1.276285354393108355e-02,1.181859353704785148e-01,1.018655328152881095e-01,4.670546435496246429e-02,1.057844603216757662e-01,-1.030353016392686859e-02,-2.594358960485391855e-05,-2.853121752599841257e-02,4.370333638158511308e-02,-3.393465165089064317e-02,5.087186832666190824e-03,-5.179737152037700715e-02,-6.198942052204916425e-02,-5.984188617216819328e-02,-2.088057575176563777e-02,-2.057910146972928567e-02,6.905659600939938192e-03,9.082891406485424368e-02,3.093193874477283972e-02,-8.165436460860434065e-02,4.339982489982863872e-02,1.421976824855055443e-01,8.913610382419941136e-02,1.241445046268819102e-01,4.100562117111550275e-02,5.160808789908931382e-02,4.980008473494131060e-02,1.435890397035328447e-01,5.907388874816547203e-02,4.086385232639147547e-02,-3.116991080235172532e-02,7.631127568656179139e-02,-9.777998838764810630e-03,-5.693108148065528784e-02,7.816558257233635620e-02,-6.953023696103938223e-02,3.835732975355057861e-02,-4.188473895097222233e-02,-2.800753530255953652e-02,2.685511551170654404e-02,-7.476088242904944947e-02,2.233533954481953330e-03,-1.564033257413910763e-02,-4.307701595544770334e-02,-1.063846337739740716e-01,-8.945521854545071538e-02,7.375564521392013149e-03,-2.946105439092219433e-02,-2.255946237914715352e-02,-4.131157945464235953e-02,-5.102946433847248969e-02,-3.223249621165869688e-02,-5.208251458610953233e-02
-7.814662822835648226e-02,-6.133317798403206678e-02,-5.320626779286777297e-02,-7.329322898198371850e-02,2.701172987995165142e-02,1.987639431497658926e-01,3.045530253291346412e-01,1.000000000000000000e+00,3.995436692110011512e-01,3.658983059172531971e-01,2.594740243936090041e-01,1.591039116147963117e-01,1.664731471747153690e-01,-1.063811644753745282e-02,-1.982071795247991597e-02,-4.815411115486958882e-02,-3.243071658474578484e-02,-9.062688028580692667e-02,-1.634550976719247040e-01,-1.845421352922620856e-02,-1.518150254686314871e-01,-1.753075697379497533e-01,-9.991778457699247717e-02,-1.093695101021836258e-01,-1.972618354431169285e-01,-3.311230113611858279e-03,2.980398515617807206e-02,-8.543264363923960825e-02,-4.583490390347278592e-02,5.157752949907154494e-02,-1.418417112426380300e-02,-3.270062863366051537e-02,5.457347652194019516e-02,2.661826036218673322e-02,-6.964237079748865356e-02,-5.854788899318494333e-03,-1.110487018517438834e-01,-5.576751662042030849e-02,-1.685552566003489794e-01,-5.003029580837339146e-02,-5.588444750165361130e-02,-7.746135793618595666e-02,-2.212281862923515252e-02,-1.057556881517610070e-01,-6.235404990887141036e-02,-7.186897498969145592e-02,-1.577807149883575163e-02,-3.849273109725524777e-02,2.964071520308791952e-02,-8.647747848753249700e-02,-3.901661868435585961e-02,-1.084084924398483023e-02,5.661032164206129119e-02,1.710805216457520969e-02,2.498365136642380357e-02,-3.370314929302855710e-03,4.072681416046613351e-02,4.317964604272361145e-02,2.710847685580549532e-02,6.105834842483173069e-02,7.466429333542363989e-02,6.249900968569508525e-02,2.127012849567373742e-02,2.272569532319938454e-02,7.391422751944567993e-02,3.593217348742273193e-02,4.854621507102671596e-02,-2.033697201538136007e-04,2.193978050779312600e-02,6.774076383462870887e-02,6.964370770227219787e-02,-8.729003900821914741e-02,-7.025535227465352917e-02,-9.192431729472705371e-02,-3.057055337772103185e-02,1.548179064446242835e-03,1.348618782489103413e-02,2.894238805109032586e-02,-4.879414133700599870e-02,2.251069293864622206e-02,3.433574009109547492e-02,6.047276450897356645e-03,6.176136332306099430e-02,5.443146193499697610e-02,2.105071468211424518e-02,-5.246073729378879962e-04,-6.777449507000356255e-03,6.036512531663756898e-02,6.258459723773111827e-02,-7.105271175505340972e-03,5.284678706386609220e-02,-5.350704096748206545e-02,-1.658562926595112674e-02,6.381402684875997489e-03,2.074539043358554491e-02,-2.743884061508089847e-02,-1.032755935084896104e-02,-3.497761949141151017e-02,-1.759550662339644592e-02,1.785158734226229699e-02,-3.240801598587116084e-02,2.555641934202313587e-02,5.714543795810042570e-02,1.900293323250592387e-02,2.384637875537926402e-02,-8.441596076235408086e-02,9.662775963072885513e-03,7.618556446005037008e-02,8.290847449385639611e-02,6.612064043159637805e-02,-2.263812102435689561e-02,1.934065274600537884e-02,1.268931841384073056e-01,4.435073737754912510e-02,-8.373299680725147798e-02,-3.974792120459022526e-02,-1.037704019995745741e-01,-8.996581482303390997e-02,-2.480333236094242610e-02,-7.799835940741933760e-02,-7.807068053398472096e-02,-1.447348910228805387e-02,-4.666865193159395325e-02,-4.239540657353134401e-02,-3.711792885887532645e-02,-3.129489734517228172e-02,-1.862610456220771885e-02,-1.588356307436402173e-02,-3.373008603452131576e-02,-8.090515690991841036e-02,-2.703106982012134368e-02,1.907980273325843605e-03,7.359784446050256224e-02,1.070452572208750383e-02,2.449027351143128611e-02,7.527078914008871607e-03,6.465396459368577889e-03,3.349267391708952990e-02,-6.197588728818436126e-04
-6.554579039637159488e-02,-1.060968372716297875e-01,-1.080410969557136225e-01,-2.805861463081561064e-02,4.048280506665170170e-02,2.771701586341681622e-01,2.505151005156736055e-01,3.995436692110011512e-01,1.000000000000000000e+00,3.722302859364641225e-01,2.177538312384912911e-01,4.478981449823893346e-01,2.506375720360486947e-01,3.439385771016373328e-02,6.125680751572569471e-02,-3.819492704503934383e-02,2.091591810116785050e-02,-2.477152920841112216e-02,-2.045607774801974088e-01,-5.199367232106439632e-04,-8.826051763784878434e-02,-1.168012471356487669e-01,-2.123963079238691976e-03,-1.114808271217112151e-01,-1.930672184990449292e-01,8.499201876642346887e-02,1.320537858515404561e-01,-5.876972141757836471e-02,-1.795627932218056208e-02,1.432034360092002134e-01,3.653998953665026084e-02,-1.953992045060953114e-02,1.316615011579655437e-01,6.339626090735737962e-02,-5.238078052448430499e-02,7.071006034666934593e-03,-1.560576541844649889e-01,-1.158411068825214718e-01,-2.207451949914246425e-01,-1.410190760508781838e-01,-1.029324988397440355e-01,-7.136667048694438076e-02,-1.312835195154027634e-01,-6.888882860354343662e-02,-3.602158239255346533e-02,-1.349286103856637553e-01,-1.304444957254546344e-01,-1.103160108127837630e-01,-4.408491069684930541e-02,-1.701316088193500498e-01,-7.001438507866482308e-02,1.983223569445901821e-02,1.668167679126007774e-01,9.954821813664731234e-02,1.299173240112183048e-01,1.118761394867424097e-01,2.627994418438607191e-02,8.692308005506536872e-02,-7.127444926721468454e-02,9.592959848052705352e-02,4.840839511364604386e-02,9.531656036075164887e-03,1.035373784641697992e-03,1.514180777424709891e-02,-3.999254315675269261e-02,1.201239472200584316e-02,6.658604033659794308e-02,3.745718693426981771e-02,1.183250266774835413e-01,9.322092267479084593e-02,1.347671656441424837e-01,-4.216333766304750097e-02,-6.452240207443873943e-02,-2.089413995645559782e-02,3.257683494463178148e-02,2.059664693158717863e-02,1.304248165393603054e-01,3.315713537962225455e-02,-4.702865924706376571e-02,-1.033468903145134780e-02,1.857561202626072203e-04,-5.832627248387790841e-02,-7.650597248614207646e-02,3.245274204510253252e-02,-8.097173222520180277e-03,2.975294551165334409e-02,7.809769084823568741e-02,1.031960771236578589e-01,1.113724146131806203e-01,6.879099603546495745e-02,3.158171545297160099e-02,-3.275668950573543126e-02,-2.808976472577225450e-02,-7.439215327379411491e-02,2.731567089327613298e-03,1.838514866931039923e-02,-8.419784748009358222e-02,-4.601860713357784627e-02,3.624515617096776832e-02,-5.681954877682069555e-02,-3.626277614663717119e-02,3.704153157859450818e-02,8.156205709229659429e-02,4.319127127315421089e-02,-7.880998275388867045e-04,-1.125861225737812277e-01,-6.870831701502827515e-02,7.756735240143163880e-03,-1.539550586980987547e-02,-4.021786125833295283e-02,-1.056919540214515257e-01,-4.922026429244416579e-02,9.530231003026506942e-02,-4.835219455922292950e-03,-3.071960424015919913e-02,-7.040272034250090460e-02,-1.519877260249137829e-01,-5.250908816777467153e-02,-4.920121437077933785e-02,-1.485107566745668961e-01,-1.533847963551577230e-02,-9.765534249901869357e-02,-9.731725919018527349e-02,-9.693410365035316778e-02,-1.684413895625744007e-01,-6.654039905393825671e-02,-1.286456944001526659e-01,-1.211537539874207592e-01,-7.709756367136774702e-02,-1.125256117541874185e-01,-6.742463343258082997e-02,-6.528965332984977554e-02,-3.903603569592167116e-02,-4.436918295685943203e-02,-2.215420736267380980e-02,-7.953456592704787054e-02,-4.261486983785714444e-02,-1.828309029671676411e-02,-6.460509769112790512e-02
6.934400883023592033e-03,-9.357382365227598364e-02,-8.146046029718285661e-03,-1.940743406791528222e-02,-2.101721060608826089e-02,1.809118239103026382e-01,3.082664547098842300e-01,3.658983059172531971e-01,3.722302859364641225e-01,1.000000000000000000e+00,3.526949960115607907e-01,2.539602572205885700e-01,3.722360300093291996e-01,1.171285928851117097e-01,8.321049542341263372e-02,9.049087180940286468e-02,2.158037557337857959e-02,3.811716357741230798e-02,-2.189979830071394351e-01,-5.847134629999036805e-03,-7.527296150970395894e-02,-1.740231108749986100e-01,-4.026248928887130041e-02,-5.064822157621307747e-02,-1.879593937763771594e-01,-3.562065351377885492e-02,3.572241631035039111e-02,-4.243716550548115585e-02,-7.429712300126210811e-02,1.813554561614891952e-02,-5.433902544258364248e-02,3.584005909379995441e-02,4.337693953307911882e-02,-8.477825086369319973e-02,-5.392182667695854387e-02,2.601705470328218028e-02,-3.424937307922719387e-02,-6.657552250841068664e-02,-1.753107979559399565e-01,-2.992843646477439876e-02,-1.200589165625374696e-02,1.093885108389391035e-02,-1.383666339727398775e-01,-7.489612613127968888e-02,4.313195062468318242e-02,-8.053570696351104730e-02,-9.121515019822847015e-02,-9.658461284568314875e-02,-1.253749912608802773e-02,-1.738072825898833162e-01,-1.042363874362902815e-01,-4.930240491608776227e-02,1.616677771269322272e-01,1.354979566559182946e-01,1.959757561389004754e-01,6.474857425790737919e-02,-6.383453166522726208e-02,6.261098432975667136e-03,-1.159443792190808092e-01,4.425739635035332714e-02,8.450019235421889208e-02,6.871994488152363342e-03,-5.193320042492771682e-02,-7.411429625820024902e-02,6.609616233732455715e-03,4.679912194455954078e-02,1.192257551106276070e-01,3.834189543970450975e-02,1.363941826772977761e-01,8.672010068748091383e-02,9.985778498880758247e-02,2.551927384478592034e-03,-1.039550933864638455e-01,-8.159588041569226791e-02,-1.557463859509435403e-02,-4.318457263043768563e-02,8.192503707906151345e-02,1.910251869579940309e-02,-1.016765768798062186e-01,-3.324103926668409235e-03,7.000800407535534564e-02,-2.491339458819611177e-02,-3.371454793055378429e-02,1.793913680158147270e-02,3.439838035581014447e-02,2.459335437453159193e-03,-1.150988700347432142e-02,3.784050245565603182e-02,5.991454312297651158e-02,1.656345551451589640e-02,-1.620693183840231553e-05,-6.323784701384602136e-02,-2.417663028978522463e-02,-2.015322448827873078e-02,3.478141729453224085e-02,1.130583472925555770e-02,7.527060414893118473e-03,-7.583455531822159458e-03,3.596362051223590990e-03,3.184064314724803415e-03,-3.356268642316518475e-02,-1.674420332899924369e-02,-4.818347653048957874e-02,-5.119553840113345855e-03,4.754011588731148902e-02,-4.369506550409496190e-03,5.998216361672274038e-02,4.573080996063816697e-03,6.715843444772952309e-02,1.884343369462511061e-02,6.586197168889524126e-03,3.666333309368890320e-02,1.350786670242078991e-01,5.138032516835431412e-02,-6.632019530805736973e-02,-7.793230470622269923e-02,-1.559142107345553585e-01,-5.497672837549009983e-02,-5.325270368728342307e-02,-1.412274138633445864e-01,-2.534950440903143212e-02,-9.088949316711789073e-02,-9.547462185892670317e-02,-1.128628489921982003e-01,-1.764264503003584172e-01,-9.154018642384610660e-02,-1.422029452653495174e-01,-1.384651253739281607e-01,-9.895706491728847864e-02,-6.167885292494665328e-02,-5.582334885945561959e-02,-3.908041405206606062e-02,3.822171887272381857e-02,4.281655730840625701e-02,3.204783488157399857e-02,-3.302862333355222751e-02,1.845128412669183463e-03,2.395961114070599071e-02,-4.327719279863406071e-02
-1.050506432936395597e-02,-1.258643388076766956e-01,-5.828857374644713651e-02,-1.344404508676351750e-01,-9.124679267692643869e-02,1.237830906982648055e-01,1.247298009687769077e-01,2.594740243936090041e-01,2.177538312384912911e-01,3.526949960115607907e-01,1.000000000000000000e+00,3.611582459792435640e-01,3.923041646473053867e-01,8.495737514363695120e-02,3.840957400609086581e-02,6.778844374442363763e-02,1.186479439890301751e-03,2.746404014752518510e-02,-1.260340633847761571e-01,1.433665040884021455e-02,-1.042389090466378371e-01,-1.264879420194494619e-01,-3.961728885403487110e-02,-9.485858615056436127e-02,-1.692327276189870000e-01,-4.355905739657607578e-02,-1.164408384336970172e-02,-8.480817260050085502e-03,-2.958507563626059170e-02,-6.938741710343800280e-03,-1.251423786628816023e-02,5.527393757888781484e-02,4.488627885281072649e-02,-4.186477568240515312e-02,-2.340072211760279089e-02,-5.924369837998433308e-03,-2.604108018687409376e-02,-4.573342705517404599e-02,-8.718321289392168272e-02,-5.349233424202487486e-02,-4.734646072746312440e-02,-4.229615622935416208e-02,-1.406188603665535219e-01,-7.864280008909664554e-02,2.366168064589073070e-02,-9.111273655335937194e-02,-8.073292362450611159e-02,-1.062137063331715647e-01,-2.632751745813586772e-02,-1.397017898131546199e-01,-7.401742084188855757e-03,1.578146544341697821e-02,1.001673916636635908e-01,7.688184382768704916e-02,1.182143087525757280e-01,6.853781434421385432e-02,-4.239536181183802682e-02,3.022841363322511382e-02,-7.591961764136682944e-02,2.489577589882615780e-02,4.053495269413119606e-02,5.869671125038103052e-03,-3.343594431995457888e-02,-5.443588444816146316e-02,2.263349546316567595e-02,4.238106557218161707e-02,5.343098686125590663e-02,-5.938769403104907085e-03,9.879262913855468842e-02,5.830519983684193108e-02,2.113746658771445755e-02,-4.763845765954222156e-02,-1.431705361350108507e-01,-3.759669128779226377e-02,-1.113450530310813695e-02,-2.085501063109194281e-02,4.808666307485517238e-02,-5.579226428712106417e-02,-1.214293341484515565e-01,1.875902556970989593e-02,1.233140384178455472e-02,-6.484633167109610241e-02,-1.138542173049973856e-02,6.871175964194079812e-03,2.403302654323516419e-02,-6.647997377257694592e-04,-1.554457838057357426e-02,8.255349641130572957e-02,5.343134911913964558e-02,6.096758356762610465e-02,3.926587405320686869e-02,1.688638609319351516e-02,1.976119692844859055e-02,1.972638959302492473e-02,6.089091600962667772e-02,1.287773905131581881e-02,1.190639668506571908e-02,-2.960698225161741831e-02,-2.540028595921289822e-02,-2.676923102976288757e-02,-6.711072412457864955e-02,4.916044631814749447e-03,9.275616821292189187e-03,4.228713281419520242e-02,4.585395012054183789e-02,-1.871440777340576539e-02,4.557917913576041424e-02,4.781705124012925606e-02,8.073789336770172131e-02,6.248139425666902197e-02,-9.331591301580816067e-02,2.454816117723133614e-02,4.900798719701886241e-02,3.510557626842245732e-02,-7.646588811440380162e-02,-5.420078737963404669e-02,-1.840954521223702456e-01,-1.034951144181967125e-01,-8.734455261598352005e-02,-1.700924923253322452e-01,-3.735354366000624704e-02,-1.462373891077753951e-01,-1.048969251025013288e-01,-4.460937699545972079e-02,-1.237854720847691714e-01,-1.751747863850182732e-02,-9.015748170830151231e-02,-1.263237932787972528e-01,-9.846957227573668175e-03,-5.722621828422715801e-02,-1.862494223830690396e-02,-2.548482946360831891e-02,-2.660650194775589575e-02,-4.763410282265776764e-03,-1.777522626390975677e-02,-6.187751086770594544e-02,-8.394847968961055909e-03,1.427037868660008951e-02,-6.578228119864670820e-02
