1.000000000000000000e+00,4.097819693922847284e-01,3.968388392950271681e-01,3.549185576627567063e-01,2.514673449066496813e-01,2.920515884311787880e-01,1.811073137926418331e-01,2.004690198189593431e-01,1.266920919343157426e-01,1.355568675772036991e-01,9.909400649766525460e-02,-8.600340847086158924e-02,-1.388939278719309167e-01,-1.579805541567065874e-01,-8.856262130449751857e-02,-6.835994325077494882e-02,-2.383477746288807375e-01,-1.103285364893190901e-01,-2.137255352355704463e-01,-1.434560682752449856e-01,-1.242421206249615245e-01,-1.923299015728411610e-01,-9.589959561601743565e-02,-1.469668146131256625e-01,-1.074799456420904714e-01,-7.380337206342142686e-02,-1.211594256477865478e-01,-1.039286423762553757e-01,-1.050996040384899050e-01,-7.942043279464926220e-02,-5.963074721512352794e-02,-6.011489369670620225e-02,-5.316559751141255313e-02,3.011429325700769669e-02,-4.255475975461734534e-02,-1.754218491805617161e-02,3.864524431854265973e-02,-1.047596759643285892e-02,1.650874482205132512e-02,5.273977096238063877e-02,-1.983446062461532641e-02,7.499325943573580122e-02,-7.081340930436016631e-03,1.295856909684461600e-01,6.032620683530779543e-02,9.345355330620311318e-02,8.049096387652254769e-02,3.579398672119941949e-02,-3.871689479770907411e-02,-8.798636687160228328e-03,-1.543888506590381307e-02,-7.100602688898118020e-02,6.713944978297910898e-03,-4.910656784290692856e-02,-2.737916456525101710e-02,1.220824829715424185e-02,2.234086026191042101e-02,-3.284505591453457107e-02,2.397195815850783340e-02,1.077564162326131308e-02,-3.907110261183113428e-03,4.810748372013114171e-02,2.231392294117234831e-02,-5.085759032697790422e-02,-2.492106715105017398e-02,-4.156961597799316288e-02,-7.207556467776825293e-02,2.742258918460480782e-02,3.913138463787434879e-02,4.327094621591720536e-02,2.318755258023626545e-02
4.097819693922847284e-01,1.000000000000000000e+00,3.633651639730747229e-01,4.061370493391481817e-01,3.864821258135848203e-01,1.744521445391670755e-01,2.459883016797723976e-01,1.824692695938870957e-01,1.547852716568584308e-01,1.214707778991314102e-01,1.066185220851202653e-01,-4.927286360796339498e-02,-1.425854690320858265e-01,-1.576495142782479708e-01,-1.342319458306411029e-01,-1.611188384845130828e-01,-1.741287080438959634e-01,-1.902172710495981245e-01,-1.959983827186993210e-01,-1.377711179934557328e-01,-1.543146580258250578e-01,-1.108613581931321562e-01,-8.890691961332317095e-02,-1.409020910191318421e-01,-7.593097594481182377e-02,-9.866298521263264232e-02,-8.477338446885823720e-02,-1.091353405271824339e-01,-1.058769129175736318e-01,-8.754441988042400979e-02,-4.184081484822159414e-02,-1.138585946778182117e-01,-1.304076188357357509e-02,5.553945571959213040e-02,-7.401850996314275621e-02,1.263798111209587724e-02,5.366772292732282373e-02,3.973007124268215090e-02,5.211649511243186123e-02,1.048733304471477917e-01,3.299794290696228538e-02,1.239871078190667858e-01,5.494457422269757169e-02,1.296752018879566426e-01,1.058067875875848551e-01,1.093020244138565161e-01,9.522821742357052976e-02,5.063043320396248825e-02,9.471830961022032229e-04,-8.047812002500863773e-03,-1.889293425501435003e-02,-3.576865769373693826e-02,-2.693035042815001417e-02,-7.282992960323901588e-02,-5.685327495546132343e-02,-3.191731075910909238e-02,-3.885629839230009090e-03,-8.912452389761371663e-02,-2.201518127416113649e-03,-3.059667835806199887e-02,-1.008915074120298773e-02,8.370471352483437391e-03,2.405170882545413363e-02,-3.614592839097337251e-02,-4.697178310271921814e-02,4.110068029886840106e-04,-2.574666500735481312e-02,-4.055205365604230838e-02,-6.962080812643081131e-03,-1.700112392949102921e-02,-6.111765215015704800e-02
3.968388392950271681e-01,3.633651639730747229e-01,1.000000000000000000e+00,3.886229672259819412e-01,5.512610569499485358e-01,4.154371226227094316e-01,2.470344423620164376e-01,4.030945662484222702e-01,2.885390240619280511e-01,2.586210912252971950e-01,2.323240327671019234e-01,-6.838324671567021229e-02,-2.045887501012319254e-01,-2.779399593556568515e-01,-2.110931547834980770e-01,-1.663964216948908559e-01,-3.131772327246294951e-01,-2.646497502135172208e-01,-3.279724161879192246e-01,-2.669926686606239885e-01,-2.533914623867405402e-01,-2.596122167092321797e-01,-1.631711649911938566e-01,-2.318137938867435854e-01,-1.920207883154918527e-01,-1.504448720241338411e-01,-2.107287951886984978e-01,-1.377543897462765177e-01,-1.446780622299868035e-01,-1.343092335214191024e-01,-6.653670729045253751e-02,-1.378703141776898844e-01,-7.975516660842478511e-02,5.011401153451409962e-02,-7.522119238808024078e-02,-4.469185023409266710e-02,5.243911471070502456e-02,4.094960295954474389e-03,4.797697687105451775e-02,7.752748314931785789e-02,-3.860365824390780617e-03,9.407960130294151790e-02,7.215060543070138388e-02,1.483104057068933002e-01,1.202186028407228463e-01,1.122445678284677562e-01,1.093396104317439776e-01,3.266919409790847856e-02,-4.662036978075353999e-02,-7.070882705288417634e-03,-1.942056933313647191e-02,-7.874240168853893773e-02,-5.699551638681043565e-03,-4.626937749420424739e-02,-3.764533324490167143e-02,2.993093060442189937e-02,1.567653513217378072e-02,-3.029159963332376734e-02,3.812013665576824417e-02,-1.654561844729828674e-02,2.592786497451653183e-02,5.896947693100936666e-02,6.487101955374324769e-02,-7.914138336202497515e-03,2.823180956902908694e-03,2.257885257742671056e-02,3.070925398733588552e-02,2.619024012137688082e-02,9.135012026307618273e-04,3.242475368368776673e-02,-4.423626843270715703e-02
3.549185576627567063e-01,4.061370493391481817e-01,3.886229672259819412e-01,1.000000000000000000e+00,4.476413162773526522e-01,4.028134231885077687e-01,5.168295336516746108e-01,2.032289855625509234e-01,2.095117766647437707e-01,9.710339712440663185e-02,9.547678421905973767e-02,-2.493449422839787710e-01,-2.793182904346625528e-01,-2.713325828010910157e-01,-6.987390665156462122e-02,-2.732183952147300698e-01,-2.606322608238481053e-01,-1.524959433126882313e-01,-2.447497457727445813e-01,3.553224755495829751e-02,-1.129528920276805237e-01,-8.066490005237304806e-02,1.558358702855433021e-02,-1.257698348604530947e-01,-2.864586503676200963e-02,-6.823470698248558508e-02,-8.214882268994196102e-02,-8.243517772638533914e-02,-1.055306400452863808e-01,-1.549909462878643063e-01,-1.909093085883145288e-02,-1.179901769004227385e-01,-4.569016257463415914e-02,3.584473364841320869e-02,-6.168718952733606709e-02,3.377971560781724281e-02,1.285971889915563660e-01,5.793661529495498785e-02,1.113139286374272285e-01,1.617427824513176238e-01,6.082299684320206790e-02,1.399948828659307032e-01,6.648790403099050228e-02,1.251827203943251532e-01,1.117995911369671913e-01,7.902297892187079564e-02,9.851512155663878778e-02,4.604637437883632445e-02,-3.932557997173509456e-02,-1.186592910583535686e-02,-4.832929198060947201e-02,-6.311660065720493817e-02,-4.413504599697264802e-02,-8.618771694617773094e-02,-9.720714250502671128e-02,-2.539490686417126414e-02,-3.880285722780911495e-02,-1.032714892945890417e-01,-6.292262034779820545e-02,-5.445008665475601500e-02,-3.020410203522432349e-02,1.125644269906742739e-02,2.938259137055760153e-02,-1.000650036222742491e-02,-4.846392244313712377e-02,-3.289424406992782351e-02,-2.480703013824654343e-02,-6.336121811424764994e-02,-2.562254399996602601e-03,-3.745331550210430349e-02,-5.876686779371909086e-02
2.514673449066496813e-01,3.864821258135848203e-01,5.512610569499485358e-01,4.476413162773526522e-01,1.000000000000000000e+00,3.891738688260650281e-01,4.266626152466847510e-01,4.913590410368859351e-01,3.455153535809081244e-01,2.648759535792388764e-01,2.648002895835869230e-01,-1.154251013901431422e-01,-2.969420874385867992e-01,-3.542569992022505665e-01,-2.221688333453284425e-01,-2.689202845647050144e-01,-3.386438272747915867e-01,-2.555736601556565235e-01,-3.408152759749494276e-01,-1.692364234331934780e-01,-2.285969553169479584e-01,-1.872142499319826847e-01,-9.974522092347742896e-02,-2.118555138264228699e-01,-1.376164549524616920e-01,-1.213990906700532085e-01,-1.889189423768949105e-01,-6.852825358696140734e-02,-1.484663627326938962e-01,-1.370380798623008767e-01,-6.876588970625882591e-02,-1.472222999057749282e-01,-8.008125318827537253e-02,1.296277275702395829e-02,-1.081919011681915371e-01,-6.894832307232637292e-02,3.334375087034947838e-02,-1.821963115696828214e-02,2.276547615815870465e-02,9.940835906241148046e-02,-1.170106967503111231e-02,9.849881877996699564e-02,8.973954098860600914e-02,1.300332385103741828e-01,1.204276003442912996e-01,9.220304836904949508e-02,9.931416682390753481e-02,1.559749125846458459e-02,-3.566020906087581654e-02,-1.924402421762879886e-02,-2.340399009335997205e-02,-4.486581675117025381e-02,-2.582221138059058799e-02,-5.534682256673317813e-02,-3.450450965073406651e-02,2.189210647801491730e-02,6.285101278868490335e-03,-6.262311677080398264e-02,2.299000164900269830e-02,-1.094473801111273993e-02,1.166654493483608619e-02,5.387413273264905073e-02,8.154439139385780133e-02,1.417448381638632821e-02,2.181404462356465596e-02,6.302726039688894000e-02,4.912252960436585408e-02,1.643726526583718164e-02,1.101113308700829400e-02,2.073751394966348235e-02,-4.029641966069280601e-02
2.920515884311787880e-01,1.744521445391670755e-01,4.154371226227094316e-01,4.028134231885077687e-01,3.891738688260650281e-01,1.000000000000000000e+00,3.967938245873049441e-01,3.806773404282806084e-01,2.318263750602658768e-01,1.818554796765965431e-01,1.210414883433190841e-01,-2.903118986373474097e-01,-2.264183625279826972e-01,-2.743735046971774172e-01,-6.453274548992987691e-02,-5.985908461657416663e-02,-2.718507418160349132e-01,-1.803279863942875566e-02,-1.815552427335477004e-01,-8.736200719848935536e-02,5.212423410980398901e-03,-1.696338400121318868e-01,6.316829737450969581e-03,-8.032070138514285640e-02,-8.854343538919230705e-02,-6.635718255599784045e-03,-1.118836442986795021e-01,-5.528894837574005461e-02,-3.630133959803913402e-02,-1.099906521905505280e-01,-1.959061868141042870e-02,-5.976862091502510577e-02,-6.719609856745924203e-02,3.435736156790048651e-02,-5.033677755977529478e-02,-2.924535718737770670e-02,2.867969413388361810e-02,-1.030326282240263437e-02,-6.007119755605045547e-03,5.553280057901459343e-02,-9.477216974177526954e-03,1.466483519854979226e-02,-2.323763700459010803e-02,5.630687966973569464e-02,-3.254042090546533511e-02,2.731772134877905652e-03,-5.029014255008994877e-03,-8.131202809122149711e-02,-8.694176001803778642e-02,-4.870117587956713373e-02,-2.213796043424469742e-02,-8.352844415661167532e-02,-3.998743713414920804e-03,-2.074131676005590286e-02,-2.155425142562507682e-02,6.718671015354470144e-02,6.588992191651181496e-02,-9.301222723954397781e-03,-3.278637364331035871e-03,-2.055206594468547265e-03,2.817357686137457982e-03,7.460824289723484715e-02,3.624111733152526882e-02,1.781242620748768601e-02,3.421560277146093454e-02,-1.296074737299699429e-02,1.415044197997071714e-02,6.888292030285440848e-02,9.767432741911379057e-02,8.277833715283573757e-02,6.221380349491294204e-02
1.811073137926418331e-01,2.459883016797723976e-01,2.470344423620164376e-01,5.168295336516746108e-01,4.266626152466847510e-01,3.967938245873049441e-01,1.000000000000000000e+00,2.463318882130363097e-01,3.113406896340363272e-01,1.484623027709030263e-01,9.663082011720763864e-02,-2.605064230369945055e-01,-2.566048712845347968e-01,-2.723561776794859446e-01,-7.069379075161991155e-02,-2.054554553493468383e-01,-2.341502585674313797e-01,-7.616708301646381296e-02,-2.183082134871293101e-01,3.749276357690616707e-02,-6.920800269296506491e-02,-7.106294167406278228e-02,5.986762888450776476e-02,-1.032325910490569376e-01,-2.725987134684533519e-02,-1.570852080700389092e-02,-1.175399335576081533e-01,-6.441138304728610819e-02,-5.486333793510923124e-02,-1.073042104362726124e-01,-3.751971276204530553e-02,-6.923122600073530752e-02,-3.946412232283774690e-02,3.213742547546871720e-02,-5.805235680206113219e-02,3.363543964511579026e-02,9.798405290547587687e-02,4.125792373401576674e-02,6.728830789201342699e-02,1.309010737048791062e-01,5.528707850953605563e-02,1.042656842653331833e-01,4.236714570218919756e-02,7.553963939903339531e-02,4.974990484046779710e-02,3.487939401366231540e-02,6.697850536061079885e-02,-2.212684926811051347e-02,-6.408139628140809008e-02,-2.073021325290123201e-02,-3.257241695323928599e-02,-5.185374316645122855e-02,-3.976449284386706501e-02,-5.276990207464632432e-02,-6.702428923258339777e-02,-8.592979167224595871e-03,-3.424594419329716338e-02,-1.102528573681854501e-01,-7.267505182907900430e-02,-3.119742634008767015e-02,-2.499645070219195728e-02,3.510923509652143226e-02,1.308123777909729439e-02,-3.112230735339857959e-02,-3.576636493378509973e-02,3.505519844830790044e-02,-1.015238309846332090e-03,-3.228429500747508063e-02,3.151046453360854815e-02,-2.227917244383890646e-02,-2.416950336650030770e-02
2.004690198189593431e-01,1.824692695938870957e-01,4.030945662484222702e-01,2.032289855625509234e-01,4.913590410368859351e-01,3.806773404282806084e-01,2.463318882130363097e-01,1.000000000000000000e+00,3.586228484707607578e-01,4.819119828758035573e-01,3.322222735941854355e-01,-1.064830999911612758e-01,-3.184834618819573637e-01,-3.949460488847049700e-01,-2.896132267788769088e-01,-2.210742372353242391e-01,-3.639145816882484175e-01,-2.428743969127097058e-01,-2.876995147509132100e-01,-2.792838635972672012e-01,-2.053011851456218173e-01,-2.301182916253949051e-01,-1.584526685664245371e-01,-1.942707819941615621e-01,-1.977401362757433001e-01,-1.229971456906655686e-01,-2.107580814655974355e-01,-5.492791641945992537e-02,-9.806530050136279264e-02,-8.247672120470511681e-02,-3.578287770203573276e-02,-7.701470094402158850e-02,-6.414194625246881498e-02,-1.202982998030596891e-02,-7.784103480435142219e-02,-1.006582713037214444e-01,-2.008156414774591239e-02,-5.994511033405617445e-02,-1.979955586156885439e-03,7.830929527580784977e-03,-6.405737057315130656e-02,3.423904824292589577e-02,4.780871739218903876e-02,1.205489073501650882e-01,5.308351754578229109e-02,5.825811455221589774e-02,4.160199271182456193e-02,-1.946325167447454662e-04,-3.543838757556693614e-02,-3.141875741340213052e-02,5.456836330560218152e-04,-5.876921991872545437e-02,-1.522282864227455026e-02,-2.256137827566243731e-02,-3.675589969113085553e-02,1.389458561124879560e-02,5.470738880697535722e-02,7.172785646122164550e-03,7.781222659807675301e-02,1.770630190232730036e-02,3.649141948890993054e-02,7.238988416594129005e-02,7.902688231817532605e-02,6.143174295660446677e-02,6.045302288682639913e-02,4.274085365676206366e-02,7.516579726089021862e-02,6.190281870317127649e-02,2.830021909217038042e-02,8.970874843115539399e-02,9.889150958318734461e-03
1.266920919343157426e-01,1.547852716568584308e-01,2.885390240619280511e-01,2.095117766647437707e-01,3.455153535809081244e-01,2.318263750602658768e-01,3.113406896340363272e-01,3.586228484707607578e-01,1.000000000000000000e+00,3.823228239062894107e-01,5.799154389704817003e-01,5.368316321320778378e-02,-1.603692094366780396e-01,-3.054457076165845164e-01,-3.505978633848513826e-01,-1.416887101833112228e-01,-1.939820735512403360e-01,-2.113636321648896810e-01,-2.247477292802853577e-01,-1.778578699091632465e-01,-1.838291565652603043e-01,-1.523884260317965311e-01,-1.182442005837501808e-01,-1.498409956498150675e-01,-1.603579889412999060e-01,-1.025392192874869518e-01,-1.751658035025738247e-01,-8.862868105914462058e-02,-1.447779824783554936e-01,-1.152599458945420541e-01,-7.476236497154373217e-02,-1.414320596788210260e-01,-1.019895144367580636e-01,-9.313288780856486537e-03,-1.072218706461091076e-01,-7.326953378495403013e-02,4.424870509466072993e-02,-5.504227095504816286e-02,4.290818049631683201e-02,1.561760554622867829e-02,-3.529736653086774228e-02,5.354206685284459283e-02,7.474710786542672347e-02,6.247060509100471615e-02,9.503262953152512293e-02,9.216426484192775936e-02,5.057629145263258658e-02,2.333213063211127258e-02,-4.667442746233790157e-02,-2.848545836138312998e-02,-3.056538425123549174e-02,-7.458720416241201856e-02,-3.238875269169085025e-02,-2.841579147518846077e-02,-4.816221427476495565e-02,1.716633401399791188e-03,1.559038532936452698e-02,-5.068932692050465844e-02,1.548656881526082156e-02,-5.034034848510198640e-02,4.097680222445879150e-02,9.560699079591671035e-02,1.178358036134888182e-01,3.967933328833794793e-02,1.046880285388480658e-01,9.890446930321056263e-02,6.466241624721637271e-02,1.191956120892092436e-01,2.509878641248743450e-02,8.689033564842620072e-02,2.490450747695286196e-02
1.355568675772036991e-01,1.214707778991314102e-01,2.586210912252971950e-01,9.710339712440663185e-02,2.648759535792388764e-01,1.818554796765965431e-01,1.484623027709030263e-01,4.819119828758035573e-01,3.823228239062894107e-01,1.000000000000000000e+00,3.190229873456977283e-01,-1.584491744412639680e-01,-2.031990420434434119e-01,-3.851416599991806522e-01,-2.478497185901879785e-01,-2.135802498525305737e-01,-2.431730458698873332e-01,-2.498076002140986185e-01,-1.787662606141846022e-01,-2.476156425403188421e-01,-1.865344200272579522e-01,-1.376328333297450468e-01,-1.604196616407811693e-01,-1.548556177010554369e-01,-1.396380394239611356e-01,-1.325983778583386674e-01,-1.242752509623299972e-01,-3.943624311855287862e-02,-5.830858364738385896e-02,-4.659200641721248509e-02,2.765191638246974198e-02,-4.078792600173122840e-02,-7.652542795121724563e-03,7.057467358419119464e-03,-7.930718919922953580e-02,-5.486476580401872249e-02,1.496795953639786479e-02,-5.972605016029316344e-02,3.201990268370993181e-02,2.021563481281141855e-02,-3.319510471984353506e-02,5.086066440952095868e-02,8.843208784462620875e-02,1.171019300163567423e-01,9.059408347359416969e-02,1.060198513375762847e-01,4.207669326665519627e-02,4.220857497936795349e-02,-1.221357731939782566e-02,-2.856170731938680735e-02,-6.732664171437272027e-02,-9.941632392965872589e-02,-3.909834499366685728e-02,-5.212799751519119756e-02,-4.885337748954521331e-02,-4.362440963773479841e-02,1.246053980514712223e-02,6.460776530911637242e-03,2.555880246318419091e-02,-4.618896743700009327e-02,1.542386067749708899e-02,4.247618098409948473e-02,4.594843391480885053e-02,7.780940400385399913e-02,6.274166273075766631e-02,-1.928767077369908378e-02,2.072433835274837405e-02,4.677811544766800195e-02,-2.892126965719901688e-02,9.304822142084358261e-02,7.575758044325785374e-03
9.909400649766525460e-02,1.066185220851202653e-01,2.323240327671019234e-01,9.547678421905973767e-02,2.648002895835869230e-01,1.210414883433190841e-01,9.663082011720763864e-02,3.322222735941854355e-01,5.799154389704817003e-01,3.190229873456977283e-01,1.000000000000000000e+00,1.680051022477671296e-01,-2.539087546054975553e-01,-3.380674266309104947e-01,-3.677086044777627127e-01,-2.249579170067678990e-01,-2.041294955321683313e-01,-2.283825755040582994e-01,-2.246944336020611777e-01,-1.882578297730379546e-01,-1.841249592285992276e-01,-1.517593962357157711e-01,-1.425499501775914502e-01,-1.441004957229470307e-01,-1.644659705206831801e-01,-1.300734132730338166e-01,-1.334869083633850040e-01,-9.063694398888719195e-02,-1.156206337526883704e-01,-5.722257637225072746e-02,-5.412857797706187996e-02,-1.241994736170390912e-01,-6.067980571725185845e-02,-2.555075434710882623e-02,-9.327362963865881706e-02,-7.036254866698768429e-02,2.411538715924120557e-02,-5.524958542088617003e-02,5.047063553546542181e-02,6.154846430403974888e-03,-8.190769055980172408e-02,5.237872937501010517e-02,6.512338910378520640e-02,7.587626231117497455e-02,1.399036511584839382e-01,1.174066338103692958e-01,8.068455428394281925e-02,6.140493110598149035e-02,-1.381207263418369850e-02,-1.402599520053464388e-02,-3.175938513751734582e-02,-5.659430396320330736e-02,-5.861006172928105717e-02,-7.245724095650397933e-02,-4.224002397671573761e-02,-2.792378554173272076e-02,-2.522772228311737086e-02,-4.665990359697583939e-02,4.192663027146932564e-02,-2.331410755455492340e-02,7.224626730847900913e-02,8.295625429493261316e-02,9.839183920393482219e-02,3.475805954775089412e-02,1.079395766748677404e-01,5.417594682925510469e-02,4.195405899175892045e-02,1.160736615030078245e-01,-2.990428786010185160e-03,9.422891693024675053e-02,1.251920275425120153e-02
-8.600340847086158924e-02,-4.927286360796339498e-02,-6.838324671567021229e-02,-2.493449422839787710e-01,-1.154251013901431422e-01,-2.903118986373474097e-01,-2.605064230369945055e-01,-1.064830999911612758e-01,5.368316321320778378e-02,-1.584491744412639680e-01,1.680051022477671296e-01,1.000000000000000000e+00,2.524445267847074681e-01,2.251187275440420243e-01,-1.880978071610588664e-01,1.319895169961105563e-01,1.707288136941881862e-01,-1.593772628348285800e-02,2.620192857140502679e-02,-7.642685513827690569e-02,-5.785392375349823063e-02,-2.170651391443373726e-02,-1.638383962661950355e-02,-1.923615902547849352e-02,1.108032945519343490e-02,-1.644465668158276786e-02,-2.740830165837258858e-02,5.833530188320951160e-02,1.820785716317381911e-02,2.926594885755557512e-02,-1.107265642311136729e-02,-3.062243289143865357e-02,-2.748494169767431994e-02,-2.197534001257928429e-02,-8.270230962637119265e-03,-5.822062265279544235e-02,-8.471253266667924664e-02,-4.720770281156499298e-02,-2.975244579325054747e-02,-1.204917200357018409e-01,-7.367901828768078087e-02,-3.789363887076827031e-02,-4.777251548401622444e-02,-7.471463677736733811e-02,-1.395965260057656886e-02,-1.085096758774353742e-02,-3.682990412802005648e-02,3.145943778725809187e-02,5.770419758352349909e-02,2.432335387721653100e-02,3.260851200389961596e-02,5.511268438909476541e-02,1.326041407920159308e-02,4.512416718744024363e-02,-9.652044682362645369e-04,-3.609584329228173599e-02,1.057021535730671979e-02,5.683744590428327359e-02,7.148688387497192931e-02,2.728283726533359266e-02,4.256735888986349498e-02,2.688393080129461085e-02,3.953232405644942216e-02,-2.329631059660982120e-02,3.738035356352144289e-02,1.077826778101521749e-01,3.336207819819845405e-02,2.248841829618047211e-02,1.695566354302531845e-02,-1.152008797464453178e-02,2.840982717367578243e-03
-1.388939278719309167e-01,-1.425854690320858265e-01,-2.045887501012319254e-01,-2.793182904346625528e-01,-2.969420874385867992e-01,-2.264183625279826972e-01,-2.566048712845347968e-01,-3.184834618819573637e-01,-1.603692094366780396e-01,-2.031990420434434119e-01,-2.539087546054975553e-01,2.524445267847074681e-01,1.000000000000000000e+00,4.484455371714498040e-01,3.823836006440546886e-01,4.839191520875351094e-01,3.872691931185703318e-01,2.729102632244550519e-01,2.835465720022754543e-01,1.310952212980762699e-01,1.884860017366734586e-01,7.644990228188203174e-02,1.441654499535002798e-01,1.448397891194855014e-01,1.223963046769643986e-01,1.337776992233899176e-01,9.438660922728112079e-02,1.229708988033177824e-01,1.166906098597896013e-01,4.733763347502085994e-02,4.752282942618501344e-02,4.549102839664426190e-02,6.847189610778191748e-04,-2.139000403342450340e-02,-2.833082452244659391e-02,2.268776284625931283e-02,-8.832458910516294281e-02,-1.299768574420298931e-02,-5.963067065891031193e-02,-1.186358122406176302e-01,-1.283635146631527911e-02,-1.017376783240120514e-01,-6.693657783001608075e-02,-1.434308566661678941e-01,-1.248010136745530130e-01,-8.161511004570419503e-02,-1.321821978255018071e-01,-7.059004388495136728e-02,-2.772800449544884568e-02,-6.937842973775155617e-03,-2.191194450236513044e-03,2.412305811670820838e-02,3.364727638387202124e-02,6.554147007788907464e-02,-1.654919136111681829e-02,-3.477340677428659987e-02,3.811987499484202884e-03,3.598339566201660261e-02,-1.308216841039965515e-02,-6.482803948693069505e-04,7.927217719765587700e-03,2.355384819389031575e-02,3.359797182941277882e-02,1.657542389355127349e-02,5.731149033365839224e-02,1.041681156613863540e-01,6.137825269447129417e-02,4.916497844556048935e-02,7.706541414017470393e-02,-4.192040789740612838e-02,4.684523407424669855e-02
-1.579805541567065874e-01,-1.576495142782479708e-01,-2.779399593556568515e-01,-2.713325828010910157e-01,-3.542569992022505665e-01,-2.743735046971774172e-01,-2.723561776794859446e-01,-3.949460488847049700e-01,-3.054457076165845164e-01,-3.851416599991806522e-01,-3.380674266309104947e-01,2.251187275440420243e-01,4.484455371714498040e-01,1.000000000000000000e+00,3.822023910680915071e-01,4.424852587748447919e-01,5.265751766948476575e-01,2.770889569421892684e-01,3.455018048084437798e-01,1.522071992623319769e-01,2.322099568247151247e-01,1.877996272383327114e-01,1.229364136593968232e-01,2.435612209336133482e-01,1.609942302869423192e-01,1.470102284759317590e-01,1.875236290191774069e-01,8.397444156993899567e-02,1.089962005625511599e-01,9.885251435726846725e-02,3.832302726069191506e-02,7.037536177060024767e-02,4.308096927376437596e-02,5.369668668067696660e-02,6.248680117980430493e-02,9.513324425897320968e-02,-7.079565363486038654e-02,4.545478401831953147e-02,-3.136086848739950278e-02,-1.108856540589624323e-01,2.151881371474710994e-02,-9.272148607557766098e-02,-8.709894224478730018e-02,-1.618213548471857943e-01,-1.437517139834389446e-01,-8.849126494767110829e-02,-1.243802694754961718e-01,-5.303759122789212382e-02,-1.897355449785190565e-02,-6.761601654978723064e-02,2.819208524792960954e-02,2.910268349413796390e-02,8.701133789912060892e-03,8.085172906939219750e-02,-2.460975198699288241e-02,-1.482241560634259747e-03,2.811587537241087061e-03,1.606908448929443220e-02,-5.985238965541098827e-02,-2.579496868417205466e-03,-2.482982294014843272e-02,-3.150272622437456926e-02,-2.360266201981288739e-02,-1.212040938787337443e-02,-2.071658534282504183e-02,2.785631769886325049e-02,3.222835544486678944e-02,9.646428596193848057e-03,8.629761700549933023e-02,-1.450206841415676955e-02,5.893788651276964802e-02
-8.856262130449751857e-02,-1.342319458306411029e-01,-2.110931547834980770e-01,-6.987390665156462122e-02,-2.221688333453284425e-01,-6.453274548992987691e-02,-7.069379075161991155e-02,-2.896132267788769088e-01,-3.505978633848513826e-01,-2.478497185901879785e-01,-3.677086044777627127e-01,-1.880978071610588664e-01,3.823836006440546886e-01,3.822023910680915071e-01,1.000000000000000000e+00,2.996845335492093754e-01,3.371980306394259386e-01,3.793572970909232511e-01,2.726256720541917478e-01,2.934986755604384046e-01,3.051493695308333809e-01,1.970801021368747685e-01,2.038236073013146021e-01,2.472775263510369748e-01,1.826266772741818034e-01,1.791304319292073288e-01,2.008594591895030701e-01,7.876868227193782601e-02,1.492198151114814408e-01,7.615052500726014750e-02,5.864751281714312980e-02,9.799824421326297497e-02,6.712503791299072320e-02,4.607803357503015632e-03,1.358731246496176076e-02,7.378125496883092271e-02,-4.441424747340881607e-02,1.940302733624874043e-02,-7.769745132098823670e-02,-5.061913181088156105e-02,4.888479559152041770e-03,-1.178478088220034636e-01,-7.754729428133164126e-02,-1.136373948582661414e-01,-1.283146735210181355e-01,-1.084746955887122832e-01,-1.043861252720291316e-01,-1.116515003570770215e-01,-1.127455036818785818e-02,-2.179737712078695655e-02,3.954080606744384691e-02,1.717428401697479110e-02,2.025950236164511184e-02,4.088683070115013002e-02,1.557336539074290129e-04,1.377752049669486896e-02,-1.538733234893544660e-02,-5.206745945510436881e-05,-8.205089708058078968e-02,1.185291799203626491e-02,-1.757051938758559181e-02,-8.581139869335840942e-03,-3.898262428065666502e-02,-3.707006302260329456e-02,-1.702319869305106079e-02,-2.392556767211298507e-02,-3.275854594954701049e-02,-8.617306906125688729e-04,9.049696270929791231e-02,-9.329155059113447210e-03,7.799590684473781121e-02
-6.835994325077494882e-02,-1.611188384845130828e-01,-1.663964216948908559e-01,-2.732183952147300698e-01,-2.689202845647050144e-01,-5.985908461657416663e-02,-2.054554553493468383e-01,-2.210742372353242391e-01,-1.416887101833112228e-01,-2.135802498525305737e-01,-2.249579170067678990e-01,1.319895169961105563e-01,4.839191520875351094e-01,4.424852587748447919e-01,2.996845335492093754e-01,1.000000000000000000e+00,3.579401515705128434e-01,5.001920552168993561e-01,3.193772928614527218e-01,1.523754557132951937e-01,3.429570377724067143e-01,1.143881769893095035e-01,1.894873324459367125e-01,2.500012586626018662e-01,1.700149922203543773e-01,2.420188151448120217e-01,1.565526567494301968e-01,1.530139058995613199e-01,1.373970410619970994e-01,5.081269525269732634e-02,-2.667092437468389712e-02,7.462512956394178054e-02,-4.283937927924486022e-02,-3.208885574205367491e-02,-1.231865508763768484e-02,-2.653848105586806977e-03,-1.599691121438487074e-01,-8.653524234216224131e-02,-1.642527039185484039e-01,-1.582592985756496595e-01,-6.777611974692208940e-02,-1.595457332051809507e-01,-1.235494058663267058e-01,-1.293125227112772169e-01,-2.002719471572463605e-01,-1.049151662281725544e-01,-1.358667509591298395e-01,-1.431377785566967098e-01,-5.636382159402233277e-02,-4.763705865786232313e-02,3.581848222288502165e-02,2.182294856136849856e-02,2.123256824140182242e-02,1.063338772045992059e-01,5.316783515044471581e-02,2.741903941933735572e-02,1.110180956181380796e-01,5.240947297498677743e-02,9.524646920913072039e-04,7.279145352578658690e-02,-2.105121113377075512e-02,3.753340479349307618e-02,-6.096613076413380690e-03,-3.923395865164676366e-02,5.357533726388519907e-02,6.151902927760698886e-02,1.337286502550204259e-02,9.366862447502295741e-02,1.696597570732859550e-01,6.630512777113578560e-02,1.795910513206898651e-01
-2.383477746288807375e-01,-1.741287080438959634e-01,-3.131772327246294951e-01,-2.606322608238481053e-01,-3.386438272747915867e-01,-2.718507418160349132e-01,-2.341502585674313797e-01,-3.639145816882484175e-01,-1.939820735512403360e-01,-2.431730458698873332e-01,-2.041294955321683313e-01,1.707288136941881862e-01,3.872691931185703318e-01,5.265751766948476575e-01,3.371980306394259386e-01,3.579401515705128434e-01,1.000000000000000000e+00,3.251498244506980106e-01,3.637603783853558537e-01,1.736441769511174460e-01,2.666579147323199783e-01,2.181041096394951140e-01,1.215787782712231951e-01,2.967637355735579519e-01,1.436948862100364266e-01,1.508874888265656355e-01,2.136145319280139676e-01,6.311168045867550369e-02,1.346403929084606099e-01,5.032500018874183634e-02,7.230977921310650924e-02,5.710920010262816870e-02,4.634804261570706074e-02,5.110970812259987839e-02,1.765324112182209068e-02,1.123756276688397532e-01,-3.815664726193761930e-02,4.915898082211404840e-02,-2.816399055549660690e-02,-7.263740523300203644e-02,5.221914540465524140e-02,-9.720140297172949473e-02,-2.874267384107384929e-02,-1.523014792397373862e-01,-1.322319191387145987e-01,-1.193458898512421429e-01,-1.502280488718517604e-01,-8.388725415802918139e-02,2.836734492509812577e-02,-6.371855054982680788e-02,2.795955646335909067e-02,3.352873834257256297e-02,-3.248495803031943574e-02,5.481477551115608582e-02,-1.988447737245971694e-02,-3.801577295723501670e-02,4.788848172544692139e-03,-1.292478773046384574e-02,-9.108173068080040180e-02,-6.652383913358260459e-02,-3.133185487731766916e-02,-4.293365321384806643e-02,-6.119195505167923134e-03,1.295816741525116986e-02,2.270454802241482842e-02,2.802906285423898552e-02,2.379911049534932238e-02,5.274372182385324986e-03,1.065686885072082285e-01,5.836351624794559878e-02,7.372343921488509755e-02
-1.103285364893190901e-01,-1.902172710495981245e-01,-2.646497502135172208e-01,-1.524959433126882313e-01,-2.555736601556565235e-01,-1.803279863942875566e-02,-7.616708301646381296e-02,-2.428743969127097058e-01,-2.113636321648896810e-01,-2.498076002140986185e-01,-2.283825755040582994e-01,-1.593772628348285800e-02,2.729102632244550519e-01,2.770889569421892684e-01,3.793572970909232511e-01,5.001920552168993561e-01,3.251498244506980106e-01,1.000000000000000000e+00,4.032185916860017705e-01,4.199304683168254559e-01,4.690844835392259937e-01,2.398734542302199679e-01,3.370604972167397517e-01,3.308220585255871593e-01,2.592279066708277901e-01,2.981634210123897399e-01,2.160017583363036398e-01,1.786592103409818388e-01,1.804228470346901370e-01,4.992212524299334542e-02,1.352538792362252898e-02,1.005118891591363223e-01,-1.248530627985678862e-02,-3.436973321451321922e-02,-3.863464086722204118e-03,6.893317316656327395e-03,-1.589691252694458712e-01,-6.836589201995368903e-02,-1.752946585559890247e-01,-1.561154721648189136e-01,-7.602947045799915426e-02,-1.969117722727493913e-01,-1.773392679534441796e-01,-1.742967537477889406e-01,-2.269440738059488871e-01,-1.736568185665391950e-01,-1.489958745304718335e-01,-1.896085397088752844e-01,-9.909423615933294488e-03,-4.148745215832592981e-02,5.063650167497132232e-02,5.486049341503222015e-02,1.973808140621653717e-02,1.074638018256349747e-01,6.584610953628743102e-02,3.929878794253897911e-02,1.096109697917904968e-01,5.987163207549946187e-02,-1.406947184691080023e-02,8.823626127494335614e-02,-2.902586324312420724e-02,5.170975260018190189e-02,-4.691903784956967527e-02,-7.566980034205228467e-02,2.367605651146080514e-02,1.180040898178315182e-03,-6.081747254403423175e-02,4.597326210644132188e-02,1.689879606603327811e-01,6.257339015702974294e-02,2.124032072558501572e-01
-2.137255352355704463e-01,-1.959983827186993210e-01,-3.279724161879192246e-01,-2.447497457727445813e-01,-3.408152759749494276e-01,-1.815552427335477004e-01,-2.183082134871293101e-01,-2.876995147509132100e-01,-2.247477292802853577e-01,-1.787662606141846022e-01,-2.246944336020611777e-01,2.620192857140502679e-02,2.835465720022754543e-01,3.455018048084437798e-01,2.726256720541917478e-01,3.193772928614527218e-01,3.637603783853558537e-01,4.032185916860017705e-01,1.000000000000000000e+00,3.453796003508919910e-01,4.241738187188965337e-01,3.445388297688363743e-01,2.174701774997710169e-01,3.811464199295149236e-01,2.669192972179929568e-01,2.168258343267996935e-01,3.029709849860628967e-01,1.640026567615386344e-01,1.892966529954885624e-01,1.372214610039957094e-01,7.200405763459274966e-02,1.258915432366979059e-01,7.084233248456237031e-02,1.132992211203541488e-02,3.626626041447782167e-02,1.297122198074994737e-01,-7.928936330342420402e-02,2.013151615891300983e-02,-3.082207843362872943e-02,-1.535512978095899539e-01,4.508699977639005207e-02,-1.211026806178773785e-01,-8.328075837425608086e-02,-1.680999517696531165e-01,-2.216878993811691734e-01,-1.690067500189338101e-01,-2.371017057683254270e-01,-8.479558076217655338e-02,4.033265940014973266e-02,-4.731411076397214199e-02,-2.139890337227029916e-03,1.979888007165481884e-02,-4.451202141143067309e-02,4.517930442900604943e-02,-2.633173932062383635e-02,-5.127963443862611909e-02,-2.983704004747554130e-03,6.865769206291096050e-02,-7.760254892375416380e-02,-3.693214421867886676e-02,-2.548998214295156162e-02,-2.642108232233905674e-02,-6.056937576868585277e-02,-4.941744954308087932e-04,-1.094347628964439240e-02,-2.612757817771046639e-02,1.316741089099297650e-02,-6.319843882190746137e-03,1.097275757129673041e-01,3.181580181564649251e-02,1.297996949457080884e-01
-1.434560682752449856e-01,-1.377711179934557328e-01,-2.669926686606239885e-01,3.553224755495829751e-02,-1.692364234331934780e-01,-8.736200719848935536e-02,3.749276357690616707e-02,-2.792838635972672012e-01,-1.778578699091632465e-01,-2.476156425403188421e-01,-1.882578297730379546e-01,-7.642685513827690569e-02,1.310952212980762699e-01,1.522071992623319769e-01,2.934986755604384046e-01,1.523754557132951937e-01,1.736441769511174460e-01,4.199304683168254559e-01,3.453796003508919910e-01,1.000000000000000000e+00,3.658693719744220418e-01,4.646970036050821484e-01,4.574071282949939699e-01,3.056423889693167251e-01,4.276908845594974973e-01,2.730980480506230434e-01,3.143324018213606297e-01,2.478991307866316440e-01,1.455341862187203850e-01,7.883112344665452187e-02,4.555917844240159331e-02,6.660791280900629774e-02,5.772749082729283776e-02,-6.044540701805820732e-02,-6.032695680210407342e-03,1.369291605618904936e-02,-9.126715353701150835e-02,-2.411787986266478861e-02,-1.070604639167478112e-01,-8.897238757833419998e-02,-2.128271223912995766e-02,-1.778169783724323771e-01,-1.436849267730400947e-01,-2.026919343201813439e-01,-9.416762083709590003e-02,-1.412772997287232712e-01,-4.873715466075254771e-02,-1.004094265876612352e-01,7.336893370724241470e-02,8.796335966627695513e-02,7.912501460430909628e-02,1.260912383763200806e-01,7.898422361987950113e-02,7.305297366399059189e-02,2.612089205800715783e-02,4.676473260278302818e-02,-1.116998790532818323e-02,1.296977780325185743e-02,-9.898630909060748828e-02,-1.092183658049741823e-02,-3.625867719908552889e-02,-5.810411751090684140e-02,-9.812446957415686677e-02,-1.648516944228017866e-01,-1.137803551094031945e-01,-4.582072171347108952e-02,-1.958025702703250215e-01,-1.251987682019648496e-01,1.239241668480975805e-01,-6.826469612828345301e-02,1.712806443622404140e-01
-1.242421206249615245e-01,-1.543146580258250578e-01,-2.533914623867405402e-01,-1.129528920276805237e-01,-2.285969553169479584e-01,5.212423410980398901e-03,-6.920800269296506491e-02,-2.053011851456218173e-01,-1.838291565652603043e-01,-1.865344200272579522e-01,-1.841249592285992276e-01,-5.785392375349823063e-02,1.884860017366734586e-01,2.322099568247151247e-01,3.051493695308333809e-01,3.429570377724067143e-01,2.666579147323199783e-01,4.690844835392259937e-01,4.241738187188965337e-01,3.658693719744220418e-01,1.000000000000000000e+00,3.862634599034489025e-01,4.629362120172965667e-01,5.942195497813022032e-01,3.714395606750106049e-01,5.050766712435391659e-01,3.863961544434115769e-01,2.575997737014932287e-01,1.596950207996928051e-01,8.138981047150309345e-02,-4.366561831407400618e-02,7.159414399469596346e-02,-2.164010951510395714e-02,-1.148791516629234094e-01,-1.399793840353157348e-01,-2.457168401447436604e-02,-2.101034257536074645e-01,-1.200391612729943130e-01,-2.243528775825556210e-01,-1.897044723607168304e-01,-1.129359543548321965e-01,-2.235935736169229193e-01,-1.804920094610336645e-01,-2.028233830842652574e-01,-2.602254086815700695e-01,-1.626124775516283871e-01,-2.130523512071104131e-01,-2.141469052955785324e-01,-3.278714022657625710e-02,-9.314334760932616031e-02,2.194766165772491992e-02,5.159292755211532244e-02,-1.761727969877387168e-02,1.185485112423851073e-01,7.328896513001126323e-02,2.948870454805199715e-02,1.296345572612746244e-01,1.802429652850793748e-02,-3.972376883646003276e-02,4.394626098994498797e-02,-9.173077031815891902e-03,5.424764614312214961e-02,-7.009086249237438343e-05,-4.034821510559581659e-02,6.581035826165564095e-02,4.953693827761391361e-02,-4.579079638895106052e-02,9.830901305715862570e-02,3.449606925670771762e-01,1.605195526311531951e-01,3.583114699973030670e-01
-1.923299015728411610e-01,-1.108613581931321562e-01,-2.596122167092321797e-01,-8.066490005237304806e-02,-1.872142499319826847e-01,-1.696338400121318868e-01,-7.106294167406278228e-02,-2.301182916253949051e-01,-1.523884260317965311e-01,-1.376328333297450468e-01,-1.517593962357157711e-01,-2.170651391443373726e-02,7.644990228188203174e-02,1.877996272383327114e-01,1.970801021368747685e-01,1.143881769893095035e-01,2.181041096394951140e-01,2.398734542302199679e-01,3.445388297688363743e-01,4.646970036050821484e-01,3.862634599034489025e-01,1.000000000000000000e+00,3.311174396462164826e-01,4.876555735405207481e-01,5.487599627706769567e-01,2.240162296241092477e-01,5.142010170462525398e-01,2.462884696170935250e-01,1.438265018057518219e-01,2.251250745972596667e-01,9.944697431579108127e-02,1.119111419428032855e-01,1.745456066114915716e-01,-6.171601819087557846e-03,1.681825190615256899e-02,7.604332963812035495e-02,-8.970168638821901519e-02,1.082354064613704273e-02,-5.774510183920446293e-02,-1.180275166610706417e-01,2.913550257984443004e-02,-1.892636094248269785e-01,-4.013720588788449034e-02,-2.172588023986879446e-01,-6.318086178807114095e-02,-1.454851061398139966e-01,-9.439920494730975886e-02,-3.021624294969469174e-02,1.852263536845419889e-01,9.188416782048558495e-02,8.890469600219205737e-02,1.849802884433476013e-01,3.686153637422246582e-02,7.201423806201785738e-02,2.195823899077761418e-02,-7.528311149706752581e-02,-6.279856028476499263e-02,1.439164648585067666e-02,-1.636926703028468988e-01,-1.043490542412048583e-01,-1.111526105581917417e-01,-1.348520472996283526e-01,-1.665538358756127324e-01,-1.286992846131128354e-01,-1.631392709542928143e-01,-1.514850204073493467e-01,-2.164506645651947669e-01,-1.855490711668776604e-01,8.454711807899377429e-02,1.791763502555762319e-02,1.962269282032858553e-01
