1.000000000000000000e+00,3.264467815074321155e-01,2.249342988771924623e-01,2.858191741499102045e-01,3.223610425223606968e-01,1.176370059766378845e-01,7.881716384224662919e-02,-9.142752634530989034e-03,5.119329410333110786e-02,-2.480966917427713386e-02,-9.699855051306938147e-03,-2.859377841684215132e-02,-2.995872721834280661e-02,9.877742927949264423e-03,4.921132757487059473e-02,4.883508933559355635e-03,3.367252661029303956e-02,4.063124061892215561e-02,3.025746942306822840e-02,1.292033864660153616e-02,-2.880417613035348573e-02,2.156068960562834702e-02,-3.505227460845010412e-02,-2.188228073961982420e-02,-2.659649145215332508e-02,-4.809907758520126642e-02,-7.438097398461060439e-04,-3.781063399190085633e-02,-2.493059009542853560e-02,-2.820562929827221885e-02,-1.176809690070344805e-02,7.126449431872468321e-03,2.404979926593443264e-03,1.223676512097009693e-02,-3.002486640892166551e-03,-2.683160186658813812e-02,-2.571286311128901172e-02,-2.331331705271579013e-02,-4.971130835909235747e-03,-3.504120006361038930e-02,-4.547727715009002025e-02,-4.778301223001608922e-03,2.861858853459431709e-02,1.319818949033723342e-02,7.821330802527066972e-02,6.794123626417367112e-02,9.867877871067169682e-02,8.279327466670077795e-02,1.076774947961922357e-01,4.489457059319829774e-02,1.251547853709216590e-02,2.884662789661494517e-02,4.536251484485911978e-02,-3.451175132230652979e-03,1.493774854502083818e-02,2.818213332656000370e-03,-3.344977608702639355e-02,-5.056087116952234263e-03,-2.320292135176462225e-02,-3.741221396348333450e-02,-6.841457593053350272e-02,-4.395122344421904109e-02,-5.066767244116195806e-02,-4.015106223752275966e-02,-3.732861574414995248e-02,-4.937787906862393938e-02,-5.163169112189994886e-02,-8.070006378706693836e-03,-3.468138738394814513e-02,-3.012855357537196424e-02,-5.651055892520287505e-02,-4.280067320464246532e-03,-1.735475790190071574e-03,2.034654405865320842e-02,-1.258951033821383188e-02,-8.849095187880328880e-03,-1.952509866871759286e-02,1.693304788349284107e-02,-1.501566919610945218e-02,3.130218003873954519e-02,-1.921213591265150296e-03,2.029286734109790602e-02,2.596393497462341424e-02,2.181523828824391206e-02,1.222241020882737809e-03,1.841897338711679473e-03,-8.191840748304854425e-03,1.461509610596538333e-02,4.703968900565454019e-03,2.296539192498630103e-02,9.434419333618222769e-03,2.189760017960943120e-02,2.014896810391008167e-02,1.260676590373690717e-02,2.514427408461445204e-02,3.089031656936760614e-02,2.660841992539314527e-02,1.832309005872406402e-02,5.219811353403633163e-03,1.492932472868627918e-03,1.195775985042392582e-02,3.895540624360650708e-03,-5.892240644943035587e-03,1.390033334851207072e-02,2.411850726364696620e-02,1.856746163166383620e-02,-1.405041933968079540e-02,1.816504057836613659e-02,-1.835507356028844711e-02,-2.791528325517859260e-02,5.599317257837364446e-04,-9.318817034374338518e-03,-4.849907568361463018e-04,2.636975390936964828e-03,-1.145254753085928230e-02,5.066395541493874275e-04,-1.819587002816728388e-02,-1.307358790433589719e-02,-1.328327794095098859e-02,-8.601605285575896279e-03,1.848550177261537586e-02,1.798210385481918043e-03,-1.389228056146538104e-02,-2.157434848029583102e-02,-2.354225468622271611e-02,1.338246584938378343e-02,1.150166067308100795e-02,-6.762438920222615946e-03,2.369936609518798545e-02,1.718812074735323603e-02,1.203133599371559830e-02,2.256337567818956710e-02,-1.722021965425362902e-05,3.991706787194277024e-03,2.619541050837947624e-02,1.534659376941299551e-02,8.722621408908040955e-03,1.379120909309275791e-02,2.303193796466814283e-02
3.264467815074321155e-01,1.000000000000000000e+00,4.348053068552459322e-01,3.525943729165090246e-01,4.397195223888022975e-01,3.575425596062503653e-01,2.743494522242380662e-01,1.226039029525075041e-01,1.298924435326327953e-01,-1.150650411209642749e-03,2.398482367966943765e-02,3.810039909209283582e-04,-6.504129201347099137e-04,-1.154822300381904386e-02,3.801081503336161543e-02,-1.250366641954856611e-02,9.321009377186770912e-05,1.375345401922907149e-02,2.030921322533782436e-02,-2.298518439146920046e-03,3.140201026783206312e-02,1.766778512831288991e-02,6.939929478707014196e-03,2.437054492350905141e-02,5.589137158940205713e-02,2.120609627045663692e-02,5.440217057269405160e-02,3.251097393768156291e-02,3.502479405105523441e-02,1.080079611013079824e-02,1.632724341675044488e-02,4.836017899597531283e-02,1.460632786245297243e-02,2.445565331142350758e-03,-9.930453599256714239e-03,-2.024247602181132935e-02,7.876727487206039435e-03,-7.868374652487722734e-03,-7.602976136871275603e-03,-3.359179481506653631e-02,-3.197940941641373713e-02,1.785436960420880292e-02,-1.583151248435531178e-02,-5.190755413900752929e-02,3.096996548946210487e-02,1.878133194083916185e-02,3.074533559979658950e-02,4.501016159885341122e-02,4.457144062860494971e-02,2.393723581783263610e-02,2.187302156308757253e-02,4.311333286704866624e-02,1.545761619683313354e-02,2.537312174912881649e-02,2.733330944887465280e-02,2.163695424797923775e-02,1.060423114294184455e-02,2.201887910961938463e-02,6.278041732862866577e-03,-1.843283678772199286e-02,-5.654193708561862375e-02,-4.360247625830690477e-02,-1.977374546696912885e-02,-6.834576190505702031e-02,-4.858321244250571325e-02,-5.928505629122161197e-02,-4.619397454578981488e-02,-2.900577234366702103e-02,-5.680240259460390961e-02,-3.368924251742230758e-02,-4.439364226798074575e-02,-5.023204611411466458e-02,1.491709076386075680e-02,-1.001438995558853566e-03,4.391702549865777842e-03,-2.510111692676978562e-02,-1.600575551428116278e-02,-4.016483065809989261e-02,-4.852664033106252051e-02,-3.356211062007183332e-02,-8.224691567599208206e-03,-4.182124281699530627e-02,-2.621864386803135320e-03,1.191651622082317424e-02,-8.603357789566163163e-03,-5.346813524392278472e-03,-1.716191723902195029e-02,2.359016633956176681e-02,8.125733473057825118e-03,-2.822385922391853694e-02,1.964262761001040955e-02,6.644158889864486273e-02,5.015897410564374576e-02,6.271137826661328518e-02,5.230040462301951965e-02,5.912662407931724290e-02,1.801280205908969631e-02,3.621019769702255031e-02,3.048100107875927056e-02,4.703402321707250006e-02,4.227361900240950848e-02,1.629017301447679283e-02,1.254267839057165469e-02,3.001810646661310852e-02,3.375649204701235834e-02,3.503948113467544867e-02,9.731030678669125994e-03,2.203647497239686129e-02,1.375889356889467216e-02,1.130626200021297122e-02,1.017562214818967456e-02,1.608992362915135851e-02,2.296603506871048445e-02,5.125382328697599549e-02,2.096543177303078834e-02,3.253786969950598490e-02,9.199540234054351395e-03,1.638080866610688163e-02,7.711930364994962726e-03,4.827435323228585103e-03,5.601010017904434028e-03,1.620746775544865256e-03,8.635281363915387268e-03,2.170155231191963144e-02,-1.877916910097130257e-02,-1.966315456530076666e-02,3.336106892833924989e-03,-8.371699277781119095e-03,4.741834771980921355e-03,-1.659341862642087564e-02,-3.863876898395592757e-03,4.502974853862640181e-02,1.364870214623528600e-03,-4.270901508131206940e-03,-6.119562852674255253e-03,-1.453619693812928382e-02,7.762835916968418778e-03,-1.717458533238384530e-02,-9.226631965990874859e-03
2.249342988771924623e-01,4.348053068552459322e-01,1.000000000000000000e+00,3.410636384777924746e-01,2.500388290643056899e-01,4.145340293409434107e-01,1.904924602062183225e-01,9.694197349078552406e-02,1.484595029815265477e-01,4.385102803448309022e-02,2.138849375295657010e-02,4.222061708620312992e-02,2.385220120518251677e-02,4.457518314906498691e-02,7.832116131079289167e-02,5.783413142073458302e-03,7.132295960724760464e-02,4.874526616167486337e-02,-1.319959609165194912e-02,-1.115641222047299153e-02,5.715906195308140085e-03,-3.199463859360617002e-02,-2.117824383180040571e-03,3.090377537372721896e-03,3.140445784367814491e-02,7.894199269360573090e-03,2.246224142622504569e-02,4.554117177911112119e-02,5.118391094968774424e-02,2.666021154404316432e-02,2.293876167050991344e-02,1.981733424139916697e-02,-3.166443677175987716e-03,1.685155369142814219e-02,-2.718989699379516928e-02,-6.434620132015025917e-03,-3.521427537437831629e-02,2.594764255978170703e-02,-6.170475898513380804e-03,6.034471138030041842e-03,-4.273444340027179877e-02,-2.649032169578889942e-03,-3.546782560405208756e-02,-5.448509319942324708e-02,1.742450337284727133e-02,-1.137228672977931912e-02,1.279283222894639360e-02,1.015109921580140476e-02,3.142900272236234110e-02,-3.253759194880607997e-02,-2.917974894977850078e-02,-2.699675356580381446e-03,-2.216980261267026062e-02,-4.297934854907840135e-02,-3.152711933083550411e-02,-2.184730204047779720e-02,-3.350907905141140009e-02,-2.189090095974378578e-02,-3.407050210051660449e-02,-4.463473947534152275e-02,-4.744829344293469142e-02,-5.017860604773236727e-02,-1.965145716206765855e-02,-5.211785616646449210e-02,-3.704099279048322924e-02,-2.130131595462106744e-02,-4.333524447616553255e-02,-4.349799944365061177e-02,-1.724706281335994587e-02,-1.215282639400200662e-02,-4.978991479132154757e-02,-5.791668104464002369e-03,1.308987326875712780e-02,3.522778013193050145e-02,3.502707116024562223e-02,-1.198826158077540005e-02,-1.726723872128162890e-02,-1.252521603977899654e-02,-3.272743181270010987e-02,3.197754073215815923e-03,1.200356460471599211e-02,3.488074813822221280e-03,1.789561159951433278e-02,-1.304229412512498444e-02,-1.239145330521619799e-02,6.067653344550859307e-03,-8.131421233771880114e-03,3.459297912655154988e-02,-1.850837046894395627e-02,9.766313132829157820e-03,1.132672416007918063e-02,1.492753689059094120e-02,4.670002372872742585e-02,3.973611906854283837e-02,4.512845394992412440e-02,5.680724567868777192e-02,4.271464028872185015e-02,5.717764467099336473e-02,4.316407701814786724e-02,6.606719749952129350e-02,5.353703349818936946e-02,2.894680664559533614e-02,5.196763227698313753e-02,4.972644907942586068e-02,4.948264556852286639e-02,5.040694929430174220e-02,3.194750094261351175e-02,4.367438173265771745e-02,2.700433909899540783e-02,1.428980693565626986e-02,5.105250733898307469e-02,1.109332743312424832e-02,6.497658195742496423e-02,3.515626423801261613e-02,2.424836844875925129e-02,-4.003151125343211436e-03,-9.371910923779709201e-04,4.053737157510503737e-03,-4.014926503628173104e-02,3.189952321407561048e-02,2.302814668505202833e-02,-4.056433472689385811e-02,-9.272454140876802697e-03,2.654832520728744611e-03,-3.551786309823453530e-02,-8.965271606476196004e-04,-1.255573280315083404e-02,-1.265522100243260915e-02,-2.284596819719696050e-03,-1.710658891842841214e-02,-8.420682326149446506e-03,1.623960834943903760e-03,-2.176778619023526928e-02,-2.158245192356609762e-02,-2.285423967809329521e-02,2.115595628643477614e-03,-1.883619362599101704e-02,-3.655139289193241360e-03,9.738262844710137908e-03
2.858191741499102045e-01,3.525943729165090246e-01,3.410636384777924746e-01,1.000000000000000000e+00,3.449001002207556232e-01,2.931737620218899942e-01,2.216472613792175306e-01,5.965381183434129847e-02,1.513377840713144018e-01,-7.124018250483750425e-02,2.852715587805423718e-03,-1.886512388539366911e-02,-2.288340617726905904e-02,-1.056837310116602417e-02,7.326569448525892259e-02,-1.658887075203592174e-02,2.766242893976384939e-02,1.728991859622372798e-02,5.444054720362170342e-03,-1.428250591407436310e-03,1.675336606501263287e-02,2.262555168767166683e-02,-8.703129498462110550e-03,-2.602225813378473973e-02,4.428821937334879305e-02,-9.099055009058949761e-03,5.101552949938562009e-02,1.345864558078351328e-02,6.423699204523411824e-03,1.999293633238222873e-02,4.117547642425135705e-03,2.539206820022226960e-02,2.336850635256671610e-02,-7.608117555778279480e-03,-6.064845526855337787e-02,-2.350124998947371313e-02,-2.351425979813720479e-02,-2.982890160768830040e-02,-5.036851431321688610e-03,-4.536173970432908625e-02,-2.379841556711605882e-02,2.820384822267640174e-02,1.139605222559020303e-02,-4.138220266855766744e-02,1.041304874509331110e-02,-8.611870083699109044e-03,3.707887834161536361e-02,5.688397040320615494e-02,2.959358613060963580e-02,-5.136264170207965754e-04,2.613261302012861304e-02,5.152789700855846949e-02,-1.855539703395248747e-03,2.608502437332796409e-02,4.645914924122322709e-02,2.335078958036093319e-02,6.914382431193571467e-03,3.209691007218382075e-02,-6.149039190189310722e-03,-2.702337664853251848e-03,-7.626173646887032809e-02,-3.734778550825749305e-02,-3.668222250933676071e-02,-6.194570423020949457e-02,-4.291849797414855339e-02,-5.576323877679902064e-02,-5.082770163798023405e-02,-3.370245859634820457e-02,-2.767146292872454949e-02,-4.209768392536034076e-02,-2.279283437043470514e-02,-1.163537476111149369e-02,-9.566847482536078653e-03,7.203729658784542404e-03,-1.080731702653824242e-05,-6.615903161060668336e-02,-5.051727093446095607e-02,-5.713479074328463303e-02,-3.729639222141917926e-02,-1.937094008774732992e-02,4.108464827934855956e-02,-4.676837422517496345e-03,2.609653061701621909e-02,2.725579800348753787e-02,1.189012116671533427e-02,4.409596893945261914e-02,-4.979350434479024382e-03,5.833066073968830312e-02,-1.163905350835050048e-03,1.759755768143122373e-02,1.128044106866065224e-02,8.568957841158403657e-03,4.686787137836558037e-02,4.100309704763308721e-02,5.236781694551245758e-02,6.306350300531383957e-02,4.371058347818502360e-02,4.356572932875527743e-02,4.451690976597367372e-02,4.292074284666477779e-02,3.883537153424698740e-02,1.804993647253219993e-02,2.127632568473386207e-02,2.841011428875506867e-02,3.047676042251970183e-02,1.768662628738837048e-02,3.027396998417321988e-02,4.899729662370702621e-02,3.389422484573047928e-02,1.494194932918007160e-02,-1.365862151638603909e-02,2.098435465463531924e-03,4.378530490884441351e-02,6.148369422701192161e-02,2.547473899804536882e-02,2.309007337141442615e-02,1.055713308528816174e-02,-4.799934179308850378e-03,8.837289752392110329e-03,7.444336158934986014e-03,3.904560553150816793e-02,3.432860852848086675e-02,4.439139087557788209e-03,-1.928698663927224180e-02,-1.346500124882113979e-02,1.334129053804837886e-02,2.700438034783983476e-02,2.048409601625604190e-02,1.817931738287733093e-02,-2.271567053199679762e-02,2.707233834326904301e-03,4.593004706693886580e-02,-1.780592507071953462e-02,-1.885630277535463306e-02,-6.649996176667692660e-03,-3.671254005007614646e-02,-5.537405064741100953e-03,-1.335310389374961410e-02,-5.431021633969471823e-03
3.223610425223606968e-01,4.397195223888022975e-01,2.500388290643056899e-01,3.449001002207556232e-01,1.000000000000000000e+00,3.034121961225055841e-01,2.344452685147583593e-01,1.021322110018684365e-01,1.069476796513195022e-01,-2.287360817099437851e-02,3.409984499417226950e-02,-3.734450194071985141e-02,4.811048698906580240e-03,-8.562292543791571661e-03,3.823176031301606798e-02,-2.199841622280343176e-02,4.079203396838471107e-02,-4.428226568550360035e-05,-2.401323899606215822e-03,5.823795869192713130e-03,-6.801968828757682523e-03,1.590234133719967483e-02,-2.357288315923230723e-02,3.823439517326772657e-03,7.929160732404561679e-03,-2.146828318548787626e-02,2.482758685919595615e-02,-1.704587134527548147e-04,1.720282894092317952e-02,-1.193006934531846150e-03,2.118799997911982244e-02,4.516671962724205791e-02,-1.979185486058943153e-03,2.308876236950767671e-03,-5.005634114371040888e-02,-3.655652110081804990e-02,-2.701955840156108554e-03,-3.562049517807954358e-03,6.282850567795612157e-03,-2.308829321370105270e-02,-2.459773450687180452e-02,-1.813888677570070496e-02,-3.767679609394566399e-03,-5.551512126277939607e-02,2.793314460060780310e-02,3.362103798560379248e-02,5.589899191337206058e-02,6.898350220624162310e-02,6.651106306788699685e-02,1.763222371094621058e-02,5.563677048919505978e-03,4.155910128243665846e-02,2.693214154595725742e-03,1.602666732449613968e-02,8.100819805471871915e-03,2.355779712408065732e-02,5.778324018125963885e-03,6.959835974714283398e-03,-3.559915061560313138e-03,-2.503830727404085521e-02,-4.941252579982022969e-02,-4.165672103833201884e-02,-3.393930195061275329e-02,-4.107685652034646223e-02,-4.101095460799592668e-02,-3.702483151152975716e-02,-6.322040141786317013e-02,-1.932126675906934571e-02,-3.951130272422153505e-02,-2.186560395442074811e-02,-5.572394985892786812e-02,-1.756857123752158818e-03,3.808501264516400003e-02,2.360953154665977258e-02,1.795695267168822412e-02,2.756871076766585858e-03,-2.507268333235748454e-03,-2.410874590502581211e-03,-9.616954156941540099e-03,1.622392054458700328e-02,4.437166526086508758e-03,-3.481063105675774594e-02,-2.944944792448736526e-02,-6.508352282357627965e-03,-2.180999924337461912e-02,-1.451106259904627431e-02,-4.254499870005006013e-02,2.783128505667411060e-02,-1.864674989111261838e-02,-2.000295365030318323e-02,-6.649325888994504080e-03,4.277134300156470309e-02,2.868653717256930066e-02,1.979669133037603029e-02,3.226232994234133622e-02,4.567796066809363259e-02,6.392946178070570487e-03,4.756284366583864165e-02,6.853457698472126269e-02,4.119627527210041606e-02,4.524464125451685415e-02,3.720603124527999822e-02,3.036139444977329835e-02,2.488223838809608401e-02,5.567491797889470573e-02,5.114450789113981349e-02,3.121441398699348682e-02,5.063945223550739977e-02,3.345956832812723575e-02,-1.095978894497417686e-02,-1.372426960423008858e-02,-1.802888813052007377e-02,1.693458618380079203e-02,1.513323190734587424e-02,5.760940362616586916e-03,1.522298205459110196e-02,1.305421060074225511e-03,1.900402145639445983e-02,-7.925027958717033348e-04,-5.851221703549395158e-03,-1.111995740958278758e-02,1.177922472866615089e-03,1.093356528157913253e-02,1.548606578612639513e-02,-4.692152183686556371e-02,-7.559315784401949255e-03,-1.955229293993987830e-02,-3.053515449256137895e-02,7.713670078210996435e-03,3.758167355345927137e-04,1.638673656816933694e-02,3.954916871897209280e-02,2.570176949389155543e-02,2.536016025926079651e-02,-4.369692518147528897e-03,1.335421213235713465e-02,9.588439414201939057e-03,-1.776218231975230585e-02,1.804882978579431738e-02
1.176370059766378845e-01,3.575425596062503653e-01,4.145340293409434107e-01,2.931737620218899942e-01,3.034121961225055841e-01,1.000000000000000000e+00,5.109302103569879350e-01,2.401155625229907942e-01,3.953398659377160840e-01,1.020790019603420584e-01,8.766459537807350100e-02,2.585925363532723745e-02,-1.570066488631752938e-02,4.814604467785162274e-03,2.614343482117802153e-02,-3.646868016440022592e-02,5.239120321081663229e-02,3.007721209537234097e-02,-4.348913251613700792e-02,-4.344626359190585652e-02,-2.960565509200631384e-02,-6.366811959210985639e-02,4.070469754095492384e-04,3.125409802629628558e-02,4.930540304485644953e-02,2.333892353456747809e-02,3.921075335418471031e-02,7.643800094668409817e-02,8.448910527612965571e-02,5.684432034135181860e-02,5.163371019292721520e-02,7.198684036111233087e-02,2.254325086255116323e-02,3.561210115575053764e-02,-1.150512466693242794e-02,1.942616711252098671e-02,9.200291447438399843e-05,5.193392830424737455e-02,2.675796842280526305e-02,1.916976763013404986e-02,-4.117434311510499712e-02,1.540108020720714829e-02,2.985991806654243394e-02,-2.576595485394245905e-02,5.448570284209331566e-02,4.014472274134931601e-02,2.973048859426008148e-02,2.280065064985424897e-02,2.107495896677165706e-02,-3.292096560362463981e-02,-3.770765283167629156e-02,2.168193770730427947e-02,-2.698940799793187947e-02,-4.511394983322555147e-02,-4.268601185100608097e-02,-3.904832429903468127e-02,-6.392138247723044842e-02,-7.283347924270199003e-02,-6.184898250773340767e-02,-7.696894522657481141e-02,-9.404643977381013653e-02,-7.756168081355041544e-02,-4.947858512251612079e-02,-7.463375035236130550e-02,-5.734427891353265083e-02,-2.863980096424615859e-02,-2.268472277744377694e-02,-6.313718659873430485e-03,-2.125981433415920219e-02,1.384074226963648464e-02,-3.753917001566419581e-02,-3.798742258232658264e-03,5.375947260242387726e-02,6.019617118071140388e-02,3.340813313224952341e-02,4.062205204881398635e-02,4.703070885156346304e-02,-4.877816512331364929e-03,4.600112851853555007e-02,-2.026424974353697658e-02,-1.029176673719870219e-02,-2.704199938361447758e-02,-3.670093231775589659e-02,-3.249040839153941040e-02,-1.785232310541380596e-02,5.118122635597244230e-03,1.114578172022239085e-02,1.789871170987078139e-02,3.175010406784613943e-04,2.621453400321706664e-02,-5.639281048326889693e-03,3.481521591075211614e-02,3.126503207727786282e-02,3.474780484036481959e-02,4.033720491063114144e-02,3.173636852718227097e-02,4.012302216247740777e-03,8.247113680049750206e-02,4.421120275713402714e-02,3.884119052383343956e-02,3.203504332095256230e-02,1.510189665580075752e-02,1.256597844315796887e-02,3.905662992029709790e-02,3.793058261099224032e-02,2.674088995793255999e-02,4.215823140313799955e-02,6.355144167580938086e-02,3.318804790428039886e-02,3.791461031912125856e-02,3.468875178908525925e-02,2.844772577105685388e-02,5.985720511909167763e-02,4.676350779333630220e-02,4.073783631034850333e-02,4.547946776468755892e-02,2.627292179878809933e-02,3.110073511736161089e-02,2.309953320086679824e-03,1.782644449601821987e-02,4.167373102751837678e-03,-1.614663421926429074e-02,5.029027339427284173e-03,-1.860764175162697015e-02,-2.774691315616859000e-02,8.136195481005581431e-03,9.269297468408840487e-03,-2.596574101774317550e-02,3.567334124922478394e-02,1.054992765614781204e-02,7.361049433910174002e-03,4.105063072861679652e-02,-7.462793663408187443e-03,-3.961750510074455757e-03,-2.154195026918834938e-02,-9.701210840256673310e-03,-4.160762345537701024e-02,-1.673678766024606912e-02,-2.209889496275265278e-02
7.881716384224662919e-02,2.743494522242380662e-01,1.904924602062183225e-01,2.216472613792175306e-01,2.344452685147583593e-01,5.109302103569879350e-01,1.000000000000000000e+00,4.239848003881582783e-01,4.224964078299185410e-01,6.020980499974657590e-02,6.247362776817783070e-02,1.040033523457299137e-02,3.097499959161083977e-02,2.149140121963838759e-02,5.650252284449656937e-02,7.323715828175325800e-03,2.533793356940082855e-02,1.693369123901009368e-02,-4.068313631985846085e-02,-2.306616693357896319e-02,-4.410563287487052203e-02,-6.052654491316494800e-02,-6.954973358964558310e-03,1.955490303092695392e-02,7.348296062625974540e-03,-2.259487928179574126e-02,-1.107213721749172701e-02,2.737383744663339502e-02,4.372728148968835216e-02,-2.772687400931456245e-04,2.790731696451798430e-02,1.148492483998500152e-01,4.316735601004054873e-02,1.120595808525376262e-02,2.396992449820532431e-02,-9.291272849094291131e-03,1.158299695489120248e-02,3.348939748165752437e-03,4.366818070231611587e-02,-2.398347373088530535e-02,-3.880808089036293790e-02,1.315635004179466737e-02,3.005066739590047178e-02,-4.151218469136068456e-02,3.528937578770460770e-02,1.743776854196065623e-02,-3.522420772628661635e-03,3.718629734988711938e-02,-7.412039473608861805e-03,1.981463947981419726e-02,2.103984565362023926e-02,7.917776367597655074e-02,2.918288921699629598e-02,2.813476776107501007e-02,2.184369254848057829e-02,7.586658620857880328e-03,-2.112294712398281316e-02,-3.329125563202826009e-03,-4.053515514800459102e-02,-6.339907270818478935e-02,-8.580981971184069301e-02,-8.426707176572985347e-02,-5.500338696924501891e-02,-1.037524889819790436e-01,-8.351991516536229343e-02,-6.942005096199618808e-02,-1.322340533745257340e-02,1.328518797393431206e-02,1.234177112114320579e-03,-8.976809344735412616e-03,-4.070304233366843494e-02,-2.203368779505203087e-02,3.621604500106325591e-02,3.365397897110972147e-02,2.973802644469850792e-02,3.002777060009750518e-02,4.982442064322650799e-02,1.660922232486622060e-02,6.204408045670491145e-02,-1.323587364611306279e-02,-1.408602960387423005e-02,-2.146607606858782005e-03,-1.133287471231889457e-02,5.082281108253691726e-03,7.303969570788843707e-03,4.168850430357738147e-03,2.327900352318459931e-02,3.510681593324743027e-02,1.796065978301591634e-02,-1.539935471760800825e-02,1.459509384504198946e-02,4.351585635947653741e-02,3.177340975164662934e-02,3.247658331158236739e-02,4.758264064375746644e-02,2.116934040617211420e-03,-2.039371073168139495e-02,6.494040832887666703e-02,5.620433633057689282e-02,4.007563023191446083e-02,2.720085270038314490e-02,-1.204924272433804434e-02,2.053715216832050633e-02,3.798467792515793778e-02,6.531937669942398939e-02,5.274258059815349620e-02,6.908122090463178488e-02,7.220137727128279892e-02,7.299820848278476548e-02,5.817499795341559560e-02,3.135782831092016193e-02,6.180462590042189175e-02,6.410078636495418480e-02,6.311872377167530856e-02,7.077351005519172400e-02,6.681186937666412640e-02,5.824803404826062875e-02,5.258283564434811097e-02,3.575843251953619156e-02,3.863616089851692331e-02,4.601805498187039843e-03,9.285282153014658840e-03,2.498720596268791047e-02,1.399420565321089251e-02,2.013337667738434450e-02,1.852188383376683622e-02,3.025193281069386841e-02,9.068492391811410619e-03,2.922088883041046303e-02,4.602480106389777136e-03,-3.440150176025384698e-02,3.386125567620651422e-02,-4.071660405195494381e-02,-2.177993651695640451e-02,-3.766438437665504957e-02,-1.993889022268217903e-02,-3.607383299769241491e-02,-2.874038318374513151e-02,-2.075922433633657985e-02
-9.142752634530989034e-03,1.226039029525075041e-01,9.694197349078552406e-02,5.965381183434129847e-02,1.021322110018684365e-01,2.401155625229907942e-01,4.239848003881582783e-01,1.000000000000000000e+00,2.840480124485783575e-01,1.882434988854005675e-01,1.720291879919450539e-01,5.124570179098787703e-02,5.774574570096115828e-02,2.862189963486119239e-03,4.776123030552603677e-02,-1.191656019007478369e-02,2.314043615325667505e-02,1.517450088390102361e-03,-5.809602437781108408e-02,-4.537841027683054557e-02,-8.319627156641204446e-02,-4.791922129817575288e-02,-6.044137048783117250e-02,3.073071087850659609e-04,-1.714598589518867566e-02,-2.262323051963497506e-02,-2.676605469191298964e-02,-1.162117260694954177e-03,2.540488975066963404e-02,-1.528356612596674761e-02,-1.473815228205479014e-02,7.079980451928449825e-02,3.591498637347959044e-02,-4.930300072437159009e-02,-3.654136061414459818e-02,-7.275918253504649880e-02,-5.025483310692260841e-02,-5.091489204376914435e-02,-4.543501647022683831e-02,-6.121876260657336394e-02,-2.612466181999566900e-02,3.605179591249669385e-02,7.066669870010641903e-03,-2.807504080768233323e-02,3.225266431470465850e-02,2.101809838711814551e-02,1.525811436953832152e-02,5.740806414899631699e-02,1.299358551927679017e-02,8.127864809295361898e-03,-2.246106527291722322e-03,4.282750960191713391e-02,-1.324000960060033299e-03,9.415706016684594060e-03,9.577638634236268836e-03,5.610863100080350045e-03,2.234896061311977735e-03,-1.313081287256036810e-02,-2.264380952881231077e-02,-2.028871873729500355e-02,-4.528427475922393308e-02,-4.592864906892528409e-02,-5.024941002491744441e-02,-5.106831715474918071e-02,-6.427877499350581614e-02,-3.815338064378346467e-02,2.047463391605901933e-02,2.052515931288468806e-02,-2.455639840424563361e-02,-2.118794305510215623e-02,-4.873213587179087147e-02,-4.006894047817719656e-02,-1.854395789056979479e-02,2.003156588731866070e-03,-4.047018672563428704e-02,-3.471789825047809364e-02,-1.174910415193734098e-02,-3.825039285776594966e-02,-1.250843036564340885e-02,-3.969043227579183153e-02,-2.582502250131441315e-02,-4.254560571313042300e-02,-2.828823999862749988e-02,3.221695834943046066e-02,2.385931608647576946e-02,2.628434895107535293e-02,5.945942448168913680e-02,2.362088184409540798e-02,1.158100674783502614e-02,-1.992740530352905826e-02,1.061288933735731431e-02,3.515790532379042127e-02,1.045400562905427107e-02,3.121983441061561282e-02,3.315658724253202350e-02,-3.916621426070904591e-03,1.285944976702901518e-02,8.048421289255193456e-02,5.939379084931906139e-02,2.910635215545373869e-02,-1.010107702835514112e-02,-3.058916906939567609e-02,2.086524214019456688e-02,2.929913616627046954e-02,2.599515207036526970e-02,2.465512993830196870e-02,6.107462876468026935e-02,4.908527283388879753e-02,6.164421241299605086e-02,3.595816098888689888e-02,-1.588429434613130437e-02,2.838292384722277545e-02,-1.955192886460019319e-02,-3.455887124702269712e-03,3.872322836282635072e-02,2.288879731345503515e-02,2.110600372784605938e-02,1.945846220944531801e-02,2.089098686698570573e-03,4.669039713051524598e-02,2.312002278628069382e-02,-5.587514799585479447e-03,3.562245001176006509e-02,-4.884580298701512655e-03,3.474909263833070305e-02,2.518042880100096470e-02,6.558900091873941067e-03,2.365248592508909301e-02,4.109295315405623455e-02,5.389710674275025037e-02,3.283767860859119342e-02,6.751896291321429766e-02,3.811183013287221949e-02,-1.598477337876680685e-02,1.168723383573301404e-02,3.883469068253398229e-03,4.263425217637721587e-03,8.635245933917769234e-03,2.795535263038145552e-03
5.119329410333110786e-02,1.298924435326327953e-01,1.484595029815265477e-01,1.513377840713144018e-01,1.069476796513195022e-01,3.953398659377160840e-01,4.224964078299185410e-01,2.840480124485783575e-01,1.000000000000000000e+00,2.575486235656043732e-01,1.554813669878807869e-01,6.645794876846192190e-02,5.089839653123147227e-03,-6.050921902188340779e-02,1.698431475945190623e-03,-5.726803766760582559e-02,-2.685551730207206764e-02,4.245148705861011805e-03,-6.254594129294391291e-02,-7.749418639574148782e-02,-4.906501561587884447e-02,-6.146124037297701070e-02,-5.557845271525272551e-02,3.097371138951749651e-03,-3.291376731427748253e-02,-1.903129716916029945e-02,-2.672055662590235026e-02,1.298960456904963388e-02,2.952910436500395461e-02,1.168288205595205539e-03,1.440465776995969970e-02,6.385844761520698132e-02,-1.683252320505392377e-02,-2.174396997643923950e-03,2.745817260806788368e-02,1.307259740511022839e-02,6.445979295606304310e-03,1.733702614462510200e-02,2.109137626992748857e-02,-2.775717794046441908e-03,-6.708810957959511490e-02,5.862992359152351812e-02,6.632340745499755441e-02,2.016659121505705657e-02,3.598016335750676975e-02,3.322422237603984974e-02,3.692165810786086216e-02,3.081098211348643270e-02,2.704741722786139363e-02,-6.483642495094153139e-04,-3.006230293394670031e-02,3.972754458421047519e-02,-8.111020500025791641e-03,-1.902411963494321859e-02,-4.672956821153025769e-02,-3.714773700327685113e-02,-5.879465277547076679e-02,-6.794048038972617942e-02,-8.436878411404427625e-02,-7.984720059586633556e-02,-9.730390312996180235e-02,-1.036605038528743139e-01,-7.354052437938102260e-02,-1.048487739202402652e-01,-9.194800389756745129e-02,-6.515456854102485984e-02,-2.122777160951691902e-02,4.903450128723695935e-03,-1.066667798518839208e-02,1.921706355693922341e-02,-5.569166055856508701e-02,-2.747310645432940457e-02,4.163777446506972124e-02,4.973470939090858522e-02,1.565650820847643357e-02,7.240564266888499523e-02,6.263273705263025515e-02,2.546781700224401770e-02,9.797850182105601047e-02,-1.052148601077738249e-02,1.727666620978277751e-02,-9.404631189434339844e-03,-9.362540040539201261e-03,-7.944552276923462150e-03,-2.124520762419221907e-03,3.270022967743665965e-02,5.122108888203812105e-02,7.139212856218150015e-03,9.687300893240555558e-03,5.690462423672412035e-02,3.817774669196714182e-02,3.759456174953827723e-02,5.139083948337791474e-02,4.720749315043009514e-02,4.327930516953717305e-02,1.782473239185732375e-02,1.186616367387379259e-02,6.833591374542245800e-02,6.396836475654275878e-02,2.055378339569865348e-02,-1.752675896306279610e-02,-2.831437694314680592e-02,-3.055718520809081254e-02,9.104028268519363115e-03,2.579406100406496372e-02,2.931522727608930345e-02,7.701613716135431720e-02,8.758074289447112526e-02,5.900307476667939616e-02,3.753231243605727185e-02,2.637267481924538901e-02,3.509502502309035099e-02,5.241915778133034859e-02,1.097519235832291121e-02,3.048468198242621635e-02,2.747799958107210658e-02,2.895795136139163103e-02,1.521260993161416449e-02,1.288954847385839243e-02,3.933770623171971986e-03,4.378600612960906711e-03,-1.747639625368201458e-02,-2.324102684999788948e-02,-3.119526635979083876e-02,3.381983408759608491e-03,2.151634035414471888e-02,2.159512950083943700e-02,2.233778440674415514e-02,2.883125877654912558e-02,8.571066839597813597e-03,-1.252882908011606310e-02,1.174605945860260521e-02,-8.472521389794776536e-03,-1.002047160389647230e-02,-1.361661079440144168e-02,-3.382487166550754432e-02,-2.418040577089409365e-02,-2.113708058870670658e-03,-4.250975904636411506e-02
-2.480966917427713386e-02,-1.150650411209642749e-03,4.385102803448309022e-02,-7.124018250483750425e-02,-2.287360817099437851e-02,1.020790019603420584e-01,6.020980499974657590e-02,1.882434988854005675e-01,2.575486235656043732e-01,1.000000000000000000e+00,4.846960383888661572e-01,3.295996527367874851e-01,3.568768445905994846e-01,1.726657075500985794e-01,1.025541174799417393e-01,1.412775453023915606e-01,8.981933909741791899e-02,7.628066216061109295e-02,2.491145621411480077e-02,-9.837948499548053449e-02,-7.434884753573964278e-02,-2.078263274566472321e-02,-1.036609383725535377e-01,-3.620567365528538223e-02,-1.360234787214136265e-01,-5.986287840047836012e-02,-8.346420720452993325e-02,-2.883799960535754145e-02,-2.917663185576374954e-02,-3.433809675614994672e-02,3.696077442718991024e-02,9.798616256352177256e-02,9.903746246009714066e-03,5.237377958803864086e-02,6.270324945432771691e-02,3.104921429419838300e-02,3.179772288994964224e-02,3.021485022760184852e-02,6.255569568754754117e-02,-5.450824927927924030e-02,-1.034382506483624842e-01,4.578283473657143027e-02,-8.387730229077133490e-03,2.161380823721447547e-02,1.267376032335598875e-02,1.170621398019155296e-02,2.384884676929534611e-02,6.589216962303269358e-03,1.278337884989850376e-02,5.610823840842461656e-03,-2.579729044734287852e-02,1.765261621526144006e-02,3.990358613882353210e-03,-4.294434007149062343e-02,-1.114887093773505450e-01,-2.421200423593754258e-02,-3.014063392541474831e-02,-9.933541752254686219e-02,-6.993181830453863712e-02,-9.156972853295101966e-02,-7.113182596286560244e-02,-1.151229801323267604e-01,-7.177504882353158422e-02,-7.485541373836324119e-02,-8.450780203044908068e-02,-5.105065568557564520e-02,-2.759048372802122562e-02,-2.262886472519499981e-02,-5.151767506099862171e-02,1.697076772843648246e-02,-1.007813232978946455e-01,-9.844237743718842193e-03,2.689927911777909020e-02,1.105042474137042305e-02,2.077184313662101822e-02,4.880127369822089695e-02,6.025791527146049514e-02,4.263929838436450459e-02,6.805721280257383266e-02,1.636122571422211902e-02,-1.948798695401508102e-02,-4.557089357157402890e-03,-3.334692225743685675e-03,6.769004263493616155e-03,-6.400845558473155367e-03,1.884620562942066965e-02,5.501090718714929384e-02,-5.791341247837787816e-03,-3.073920563865738947e-02,2.456575554007560044e-02,2.292473486431531593e-02,4.256125134718493665e-03,4.089899728590590949e-02,1.436602884960791471e-02,2.025323836806768377e-02,-1.300757955585507553e-02,-1.407195149697207381e-02,1.546011005807694343e-02,5.194719856254291501e-02,-1.238144163776270026e-02,-5.075519593728725076e-02,-4.214613044082150123e-02,-4.860719316733393830e-02,-3.267920293794199932e-02,-2.963111394587225958e-02,-1.009890915209849492e-02,2.579579346543228388e-02,3.585108595435351070e-02,1.177859653611832563e-02,-1.647763006321596377e-02,1.160892200240462233e-02,-2.248379025208653570e-02,1.945975702467230006e-02,-3.352986936576703159e-02,1.143761345552537709e-02,-1.370027666545463318e-02,-2.770344904287853557e-02,-2.023215436191350830e-02,-5.944453739664851133e-02,3.747759560109365645e-02,4.555802577169723588e-02,-3.483986432652040610e-02,-1.478691987221844410e-02,-2.704895585316956924e-02,-1.441397305063523565e-02,2.107427025402719683e-03,3.605810899575083786e-03,-1.309546891147380862e-02,3.640526654975326237e-02,7.467687198984970798e-02,5.781202620374080448e-02,5.245368510460316630e-02,4.497654642020040838e-02,1.213755387575386410e-02,3.131878216245700258e-02,4.701691472273990952e-02,4.032217642756415199e-02,4.018865599984432213e-02,3.409433493318576869e-02
-9.699855051306938147e-03,2.398482367966943765e-02,2.138849375295657010e-02,2.852715587805423718e-03,3.409984499417226950e-02,8.766459537807350100e-02,6.247362776817783070e-02,1.720291879919450539e-01,1.554813669878807869e-01,4.846960383888661572e-01,1.000000000000000000e+00,3.408727647451600951e-01,3.262074240424820415e-01,1.980003329252678079e-01,8.018456108715883712e-02,1.731430529763546555e-01,8.251283152454325087e-02,1.550027652493608972e-02,4.090653735324260333e-04,-1.284408200637104924e-01,-1.273606059515462463e-01,-5.247004201437709819e-02,-1.424149503850589971e-01,-5.493144691583218275e-02,-1.400996183798992600e-01,-4.666985452441245463e-02,-6.548882383874872481e-02,-3.289322438490002720e-02,-2.604693824220427611e-02,-1.113916648556884104e-02,7.972994219933855764e-02,1.588052587244095648e-01,7.262319742159913105e-02,8.564150942380352460e-02,7.056239261362796944e-02,4.420152889558150167e-02,4.651099018000697666e-02,2.499665436984204337e-03,1.683335459193157843e-02,-5.383608221117980319e-02,-9.860284003462047031e-02,2.477820155981521819e-02,-4.876679012723967449e-02,-4.009162825347396125e-02,-2.292592152609617545e-02,-4.843792080697086749e-02,-4.047180363720097318e-02,-5.398330281165689831e-02,-2.833294934084043884e-02,-1.410946298023516184e-02,-1.424725119243875140e-02,2.060993920783731059e-02,-2.943488410845556194e-02,1.217269508747390559e-02,-3.285291395459423447e-02,3.826941093889654061e-02,1.285334312680120683e-03,-1.760025751196007265e-02,-6.020407172464408395e-03,-5.840336295903351960e-02,-9.712598318460821667e-02,-1.032691432410910298e-01,-1.150948707664093962e-01,-7.618488044553270444e-02,-7.295071383034075485e-02,-6.348022324946633876e-02,-4.805282002174620509e-02,-2.953294062723374122e-02,-9.123858751814174772e-02,-3.133606816391328043e-02,-1.351866912109812580e-01,-4.224511938445242587e-02,8.738673540647520430e-03,-6.720927410308887365e-03,-8.724513408343455984e-03,3.594338956403770463e-02,4.769078545531581226e-02,2.900320105174900714e-02,2.820449945640158759e-02,-6.274471176161667500e-04,8.891336918585584018e-03,2.399566987922240394e-02,9.948194573747702607e-03,4.480136575468760332e-03,-1.534214027275534152e-03,1.545433511235118178e-02,1.943151877259331750e-02,-5.648628016639360185e-03,-3.476871449879790493e-02,1.811420428730301652e-02,1.438585471478573234e-02,1.576475441153983234e-02,3.891751894287321517e-02,1.122517345408962459e-03,3.055216874875497576e-02,1.456416910322960896e-02,-2.039685532225174805e-02,4.000291904733541820e-02,7.891143513674428456e-02,-5.886321382502160068e-03,-3.907262323089247952e-02,-3.162180181224580333e-02,-2.625141929915114289e-02,-1.118792985756240747e-02,-1.456770622412723558e-02,3.656532487461487679e-02,8.074305906314478698e-02,6.583332248878838444e-02,5.845639310303375746e-02,1.465744785092717301e-02,2.059721135007331477e-02,4.616078755843923409e-02,2.239532568659919828e-02,4.916093745172931892e-03,6.570549550471632694e-02,3.484878532272486784e-02,1.365056909334016501e-02,2.530938702807948928e-02,-2.618825121234920339e-02,4.748445000613501360e-02,1.016073362314807126e-02,-1.248978558731546340e-02,2.035776490138692732e-02,-9.494059913141311702e-03,4.922279425900673994e-03,4.400038533220000658e-02,4.597681029211159176e-02,8.200006969851405050e-03,5.239096139829067800e-02,4.217608333682570237e-02,5.076810575251361479e-02,2.489178062799784347e-02,2.284399398878505724e-02,4.539850139846150767e-02,-6.794673644529355440e-03,3.147831572638413317e-02,5.327662366012447283e-03,1.128531734543956715e-02,2.042281845960142866e-02
