1.000000000000000000e+00,4.265899931650458110e-01,5.596336502545454783e-01,-6.341679780641278075e-02,-1.758897416010951620e-01,4.932629971053638651e-01,3.401282948137974160e-01,-2.936021606872439293e-01,5.105845287675580407e-02,5.794113002822758318e-01,6.328302569884264317e-02,-3.270894589142080422e-01,3.371658214108091967e-01,4.981201908386010957e-01,-1.445863141130147855e-01,2.011213352934286547e-01,-7.738413343605782257e-02,5.149164213126019574e-01,1.712531206191989230e-01,1.576635624594741880e-01,-5.463043192379480884e-01,-2.140653354012545528e-01,3.355572998444958377e-01,-1.631477727814883150e-01,-5.584780926082810737e-01,-2.313064892081335630e-02,-4.467420195781309222e-01,-2.360872217992786293e-01,-1.246343749663541139e-01,3.239136428621561259e-01,-1.212930259506638797e-01,4.233300985778464809e-01,4.349503700160533420e-02,3.421427034188803118e-01,6.172592318288774860e-02,2.324913520805373113e-02,2.606998959940119986e-01,-1.017838067593195145e-01,4.695726292404548419e-01,-1.848769715443469852e-01,3.482011052138431761e-01,-1.947849311857153820e-01,1.373173405289484506e-01,-1.567889385893133092e-01,-1.279101524921654742e-01,-1.729631048121910153e-01,-3.553097637680358023e-01,-4.431414825370486588e-01,-2.851095523183884706e-01,1.022685065703626273e-01,-2.090140067365590382e-01,4.463515836882984145e-01,5.755413799432735900e-01,4.633753658135845166e-01,9.584939689708375787e-02,-5.128571115673300485e-01,4.760629957285546221e-02,5.009074499136484393e-01,-2.597134738109110885e-01,-4.167112549588304349e-01,4.072482947474839188e-01,2.823709389140293680e-01,-4.944917574388935644e-01,-1.378938766513665946e-02,5.732909878609875332e-01,-4.420932239515564660e-02,-4.541181750451710464e-01,1.871801805596760848e-01,1.944339534672671344e-01,-5.201352702945589712e-01,-3.146879999166289910e-01,-2.246507989133069427e-01,2.209495382197949609e-01,-3.189345683977291013e-01,-7.361762608904906524e-02,8.882606390155885212e-02,2.286628270345917591e-01,-3.742399431490048278e-01,-1.656106478923461897e-02,-2.464136131800626350e-01,-1.260497194430620360e-01,-8.281361462216998981e-02,-1.577344878386350291e-01,3.111505254080639826e-01,-1.479261330674973562e-01,2.586952745252584229e-01,-2.124672874704414405e-01,2.062689489921994690e-01,-3.513992571857480485e-01,-3.241420193669045102e-02,-2.445541165395296035e-01
4.265899931650458110e-01,1.000000000000000000e+00,1.330459916736589365e-01,-2.956956655920514598e-01,4.959616927959561994e-01,7.234517566378296793e-01,-1.967546163830548589e-01,-1.863177001693821777e-01,7.419063488128792017e-01,4.415880386984355477e-01,-3.841818748196634270e-01,1.298807812659266980e-01,8.319273149370002285e-01,8.815897117770274405e-02,-5.083398663474231194e-01,3.749952814333832873e-01,-2.760324769574187820e-01,3.152024319148309384e-01,5.049216568299493835e-01,-4.381163686810835012e-01,-6.932744287580119291e-01,4.203451507041973678e-01,2.859043387562934524e-01,-7.825449575207280573e-01,-3.747736709324826498e-01,-5.128064618422711884e-01,-4.075655241254677041e-01,-6.431821224085748634e-01,-3.196395437833213782e-01,-4.883233001981714116e-02,-3.808975182215119659e-01,3.960562355991792405e-01,-2.326386940561346595e-01,4.415070048564315730e-01,-1.289599840783359035e-02,5.444074926177325802e-01,4.586143329460899004e-02,1.281392395726918543e-01,7.975220322990860256e-01,1.584360826700907943e-01,-3.069041122075467573e-02,-4.003471264325786927e-01,-5.143493702143512314e-01,-6.192346928221319491e-01,3.431315112945056423e-01,-5.089582653595005057e-01,-3.056015468980922134e-01,-8.269588242852684568e-01,-1.153197790679494072e-01,4.665101808493645752e-01,-7.102967015150329910e-02,7.628305730696510745e-01,4.911462500371188145e-01,3.888878286961829356e-01,7.632347829142029916e-01,-3.176826143575504635e-01,-4.987092322733343575e-01,7.160584241156775498e-01,3.984173522549440682e-01,-6.288303770109995305e-01,7.635637259808751576e-02,8.498634317437794294e-01,-1.003159261809267316e-01,-3.854538272274027344e-01,5.740490005988583277e-01,6.466440105238129288e-01,-3.459284539565384842e-01,-2.708285414124971258e-01,6.706326488712885947e-01,-1.251579354774194353e-01,-8.098168570377525244e-01,-2.050386011767475758e-01,-2.304908277611479317e-01,-8.197304377241262374e-01,-3.701521082185031397e-01,-5.408259425167072365e-01,-4.205940626009548045e-02,-3.188696226680473589e-01,-2.123835988045079670e-01,1.942087029174446033e-01,-1.035938458436019699e-01,4.892006183829249455e-01,-5.132027803059314303e-02,7.137786321894395991e-01,9.568347167617494153e-02,5.775337274040300839e-01,1.654498104648293999e-01,5.640852505286610974e-01,1.799408270752758388e-01,3.414975251249398047e-01,4.983337882060160512e-02
5.596336502545454783e-01,1.330459916736589365e-01,1.000000000000000000e+00,7.295081046107343425e-02,-6.559880078259899827e-01,5.062592637640545012e-01,7.927032785848625585e-01,-4.522850718574154549e-01,-3.706144462661283834e-01,8.572736878979940744e-01,3.757558565079807678e-01,-7.223466188115083009e-01,1.348424248203199394e-01,9.204609548363551497e-01,4.408195835694534576e-02,1.602917856584216427e-01,3.354051673650670223e-02,8.186472765226704418e-01,1.914018077369070842e-02,6.001641980257974573e-01,-6.348004117197025842e-01,-6.818653872377772318e-01,4.762136016474691202e-01,1.735628413014068672e-01,-8.554467530036877765e-01,2.750576002465113801e-01,-6.247106376032065533e-01,-6.256470800655153375e-02,-4.631335012539329610e-02,6.626979527061878095e-01,-2.517385460993514217e-03,5.748159544208724103e-01,2.289206950361741266e-01,3.832413110108425780e-01,1.207174270993400245e-01,-3.046081930281878680e-01,4.766832611968258582e-01,-2.902217014198074652e-01,4.193898105049522207e-01,-4.601958005322806522e-01,7.109540705916665981e-01,-1.241664464888894842e-01,5.994554215392835506e-01,9.110281083943798375e-02,-4.640102784250881851e-01,-3.143830581652297309e-03,-4.969222722597949615e-01,-3.451458996932826317e-01,-4.798480119110443143e-01,-9.247698271848127372e-02,-3.635750105833303603e-01,3.972707164340844033e-01,8.204714434484100538e-01,6.605813496760885029e-01,-2.988395407845631513e-01,-8.117921604394117141e-01,4.078849060129248194e-01,5.278024628895373604e-01,-7.671023461562432866e-01,-4.244174628484725376e-01,7.480338465274318782e-01,1.432723945536545744e-02,-9.121755507264133200e-01,2.113599548879255829e-01,7.608377942652304604e-01,-5.003239983567324689e-01,-6.759406314623089829e-01,5.336877936042165871e-01,-5.033795984435083387e-02,-9.428696144935965195e-01,-1.061905669755327380e-01,-3.223348702892427364e-01,5.743583104705295428e-01,-1.036186218384794328e-01,7.560438643414135740e-02,5.329758174754555267e-01,4.833221638889596550e-01,-5.289652750093353228e-01,1.120770975053576313e-01,-6.034417568811459853e-01,-1.726594893136598197e-01,-4.730267067817220950e-01,-2.690545092061797927e-01,1.631524813338840474e-01,-3.434014164060456564e-01,1.456583108882320288e-01,-5.174205658652026862e-01,4.696809398152426707e-02,-8.155482672135849764e-01,-2.855661467734934011e-01,-5.656032205504064603e-01
-6.341679780641278075e-02,-2.956956655920514598e-01,7.295081046107343425e-02,1.000000000000000000e+00,2.829064352367566260e-02,-5.773322861897418612e-01,6.082761612917970684e-01,8.214313992880206694e-01,-3.473762932846338747e-01,-2.424203612100736538e-01,8.986904451281696460e-01,4.112585746010883891e-01,-5.372220624108844378e-01,2.613403091348215357e-01,9.326369568091206208e-01,6.791322101532647482e-01,9.735600972377048690e-01,3.517457338644135456e-01,5.329398701603934585e-01,6.612195485927904182e-01,1.396495187512757641e-01,5.832139293313849671e-02,6.855894402411523147e-01,5.239172177096543814e-01,-1.531979072643630535e-01,-4.033609644598923349e-01,-4.955781914682618750e-01,-3.538753910136702707e-01,-7.240962055406181541e-01,-5.389275246287408283e-01,-6.710415885990763663e-01,-7.254906572196936354e-01,-7.253509594115102876e-01,-8.512202101992528691e-01,-8.911664573093495134e-01,-8.509156566185819282e-01,-7.531597948418848887e-01,-9.373388589539286553e-01,-2.552753582799511256e-01,6.405005065395017461e-01,6.771691438616475045e-01,9.469201055912772613e-01,5.907702344599727873e-01,8.573849067806638136e-01,4.813107267331780958e-01,9.335274461954055081e-01,7.953582323379024821e-01,2.255086010046694067e-01,7.727385752238767891e-01,5.550594007229185944e-01,8.203389325537391308e-01,2.611243924757150614e-02,3.537862212006117474e-02,-6.246432251384355094e-01,-2.849269014860866811e-01,-3.715660808224215961e-01,-3.346617478966530945e-01,-5.024943233112230123e-01,-3.135627655993060148e-01,-3.332193455420672246e-01,-5.029246165930012502e-01,-3.414499489870782556e-01,-3.048588561354607651e-01,-5.995400245181200516e-01,-3.065324940080628724e-01,-1.750458852760400086e-01,-5.148812654338915662e-01,-4.928351847030131849e-01,-8.123239491905129839e-01,-2.807660466005319419e-02,7.722112188651947956e-03,-8.022184825678383424e-01,-4.791075410421774539e-01,1.229169949802530887e-01,-6.467644350476279280e-01,6.254392295544810576e-01,8.468811251875021373e-01,7.683464696808829375e-01,9.719898216344020625e-01,4.945666353936083448e-01,9.137432053371112861e-01,2.826092594585430939e-01,8.650955047833343015e-01,2.446202833356410644e-01,7.621156579820584920e-01,4.635690073826613244e-01,5.965715373068228855e-01,4.590748742142416461e-01,-2.822407273831601948e-01,-7.043574012858654365e-01,-2.365608058270216307e-01
-1.758897416010951620e-01,4.959616927959561994e-01,-6.559880078259899827e-01,2.829064352367566260e-02,1.000000000000000000e+00,8.382190574808826705e-03,-6.141088939964991500e-01,4.989976483506066707e-01,8.445529532561528718e-01,-4.107262231313644762e-01,-3.406727215966846023e-01,8.625996993281176417e-01,4.356549059520208322e-01,-6.006360941203486847e-01,-1.608767852512913155e-01,4.359544837448913190e-01,6.737752266648751320e-02,-2.823931317241735739e-01,6.190169750456496756e-01,-6.605166306749858940e-01,-3.505559011762711397e-02,9.626581061424334118e-01,9.571594408112119035e-02,-6.554234348974372626e-01,3.273682964728312772e-01,-8.257819392516616563e-01,-1.270179266600306341e-02,-6.423907359249969584e-01,-4.972946653276159590e-01,-7.858972413000430146e-01,-5.697204187635376282e-01,-3.831873228102675721e-01,-6.525271699049511875e-01,-2.257731918274510641e-01,-4.232792406218329750e-01,4.411133547809628630e-01,-6.211325182191826944e-01,2.876914654980991873e-02,2.670668770286607763e-01,7.506703511236234583e-01,-3.850869411730020730e-01,7.970157736758436140e-02,-7.521093380882208912e-01,-3.281590447953922629e-01,8.620549991175470161e-01,-1.234269737902183167e-01,4.225817852387304674e-01,-3.667034736317921761e-01,5.696719443178646092e-01,6.849862372016370937e-01,5.272534426045067946e-01,3.538879928293287569e-01,-2.380348433413519982e-01,-4.255477301950986169e-01,8.270468416746896700e-01,2.683961263336195890e-01,-9.006810763762210792e-01,1.830247756403244330e-02,8.859333767671525584e-01,-3.191746744632464328e-01,-7.345779427619699709e-01,6.235308940220460894e-01,5.684397863982024734e-01,-7.286711146787073767e-01,-2.355957777596093816e-01,9.307938419040685529e-01,8.000672209837450533e-02,-8.580123770057334065e-01,3.535017076852434714e-01,6.681320813777154033e-01,-6.267783093893252166e-01,-1.901619220090547402e-01,-8.554923813359740503e-01,-5.973864070193628528e-01,-6.204349822448882446e-01,-7.063734723192812703e-01,-1.461311809513732296e-01,4.291393453572273087e-01,5.610880280582154767e-02,8.499531067043404331e-01,3.744432211841186020e-01,9.276237086576214486e-01,4.822607762947371257e-01,5.812964123597553767e-01,6.382112313547102511e-01,5.523635773448790642e-01,7.869804487229261625e-01,6.208457027813705231e-01,7.417871551933286067e-01,2.935089172708194583e-01,4.347706943523869660e-01
4.932629971053638651e-01,7.234517566378296793e-01,5.062592637640545012e-01,-5.773322861897418612e-01,8.382190574808826705e-03,1.000000000000000000e+00,-2.045659160976139989e-03,-6.875397582739160018e-01,4.848991896662057099e-01,8.304633697170338280e-01,-4.545703322423965687e-01,-4.289107357565755119e-01,8.737000589422708741e-01,4.052158574241123690e-01,-7.195320589917920673e-01,6.725648609943629674e-02,-5.769150296294455194e-01,4.795257011669378233e-01,1.496569378028193287e-01,-2.889158406732532658e-01,-8.573385575723390106e-01,-5.937398735113028764e-02,1.545971910504342905e-01,-6.818529481408751591e-01,-6.228222943161431102e-01,-6.355575324481586852e-02,-3.922960675289389743e-01,-3.419227229824858827e-01,4.623576685209630083e-02,5.099207119244626440e-01,2.729336356323101408e-03,8.574552633053853512e-01,2.422777490452009963e-01,8.469595710153460244e-01,4.124491431724785495e-01,5.848364875496048221e-01,5.733731171093436885e-01,3.318736978989306752e-01,8.762443674234324797e-01,-3.729408612000233991e-01,4.832988519220773882e-02,-7.321040993971229538e-01,-3.137334098024996409e-01,-7.451448167451597548e-01,-1.787358637862227762e-01,-7.433848102661354540e-01,-7.838126685266455507e-01,-8.477376631769003579e-01,-6.303308901302067113e-01,5.873988091849684928e-02,-5.638566365313377737e-01,7.242430874770774407e-01,7.343025628267428884e-01,8.548272321392428319e-01,5.105710905094971164e-01,-4.694230871960010654e-01,-1.785352586329974969e-02,9.707857088400512202e-01,3.581263728845511529e-02,-5.173286224217833462e-01,6.245440988651602687e-01,7.495900735120588632e-01,-3.918803902496515446e-01,7.433015254335739730e-02,9.023998575298125546e-01,2.863371406241976835e-01,-3.632393839427376370e-01,2.679865972768539772e-01,7.825189624416005740e-01,-5.360058499196143078e-01,-6.277819709704924867e-01,2.607724037652791454e-02,3.104429184014963483e-01,-6.861473595409628423e-01,3.729648521357395441e-02,-3.791271279678289363e-01,-1.387784151864820126e-01,-7.991829162514793028e-01,-4.902635766165562847e-01,-3.572121431044578133e-01,-5.301457572072909574e-01,1.404565405569023007e-03,-5.200744192690163192e-01,4.839842551422439687e-01,-4.108786577953267849e-01,2.909277138009830344e-01,-3.795907721429462867e-01,2.333286972134600290e-01,-1.530452347076633746e-01,3.835812113204685181e-01,-1.449449789377810216e-01
3.401282948137974160e-01,-1.967546163830548589e-01,7.927032785848625585e-01,6.082761612917970684e-01,-6.141088939964991500e-01,-2.045659160976139989e-03,1.000000000000000000e+00,7.481426512483306535e-02,-6.129142441052194412e-01,5.108793183569642071e-01,8.345646387251687282e-01,-4.125232229289054198e-01,-3.052266901839490454e-01,8.799069529096534836e-01,5.960710509243404287e-01,4.121894401013476150e-01,5.680514306257681278e-01,8.005579239658451307e-01,1.977485664879948812e-01,9.064343371710140707e-01,-3.339313992685293830e-01,-6.069417771012503016e-01,6.903477701437700231e-01,5.443659999470656929e-01,-7.198772279048493150e-01,1.118974189107758976e-01,-6.968815208177709941e-01,-1.194514129828308374e-01,-3.506569182014243058e-01,2.839195555923935688e-01,-2.758006748426032884e-01,3.986345521925648006e-02,-1.376018736941257148e-01,-1.904394671992294674e-01,-3.491608737960901210e-01,-7.761807742704721624e-01,5.765765450682476534e-03,-7.358723902860768717e-01,8.148757264867222128e-02,-8.422845312872583035e-02,9.347731218283581445e-01,4.443372745326403250e-01,8.830979832849703559e-01,6.164963921285776527e-01,-1.997482928786163403e-01,5.581076379598236548e-01,4.441641344302101058e-02,-2.855363371128531377e-02,1.405551074642538700e-02,1.240444486030341242e-01,1.267937977781926628e-01,2.104289770291372097e-01,6.116236203990507159e-01,1.635550799355333096e-01,-5.231505570519519033e-01,-8.048735724282917170e-01,2.537311584483143423e-01,5.895690229202083660e-02,-8.618538228073282514e-01,-4.114022237327413234e-01,3.512952898709228999e-01,-3.078183570861749430e-01,-8.918368219223838933e-01,-6.203062994934020746e-02,3.754005550125684709e-01,-6.139557375322924893e-01,-7.595751695066010889e-01,2.377771718183932792e-01,-5.683441870481092950e-01,-7.716275182516608711e-01,5.729489590645333447e-02,-6.363486036921729427e-01,2.729499204846717042e-01,1.167933525345470763e-01,-2.007796271818428901e-01,8.485999850661023469e-01,8.358510180303464487e-01,4.974087026720647696e-03,6.220036145488819779e-01,-2.823159865659194967e-01,3.372468543152838394e-01,-3.313255731566698281e-01,2.237580231151716781e-01,1.349860651858889593e-01,8.540045893721495696e-02,2.553471225504084230e-01,-1.542675086864693235e-01,1.730855914221084979e-01,-8.462773178768121518e-01,-6.523331372729394007e-01,-5.996436969980120102e-01
-2.936021606872439293e-01,-1.863177001693821777e-01,-4.522850718574154549e-01,8.214313992880206694e-01,4.989976483506066707e-01,-6.875397582739160018e-01,7.481426512483306535e-02,1.000000000000000000e+00,3.462794330928066489e-02,-6.376197342895411069e-01,5.513577808734099195e-01,8.315324821482307227e-01,-4.191149881741786376e-01,-2.704674777876724945e-01,7.479260571298194105e-01,6.169302552484811075e-01,8.376256575135176963e-01,-8.070881136025827296e-02,5.881620473225300794e-01,1.868883231820598345e-01,3.592759003339472401e-01,5.302643001279044865e-01,4.245151515678355914e-01,2.358261222236957277e-01,2.750513894193741260e-01,-6.375465822323470588e-01,-1.842056028577565840e-01,-4.224743336557240658e-01,-7.141934195135363206e-01,-8.965122099180947712e-01,-7.026072089160240175e-01,-9.326188653051959987e-01,-8.575417436973994390e-01,-9.302612196258166488e-01,-9.050811209666806967e-01,-5.120011914976897449e-01,-9.693523623267389366e-01,-6.840138319576863912e-01,-3.235237857096098235e-01,8.953913322792481644e-01,2.180445398942928159e-01,8.772979107669902632e-01,1.053923419918171567e-01,6.262944879459798608e-01,7.856825152804411960e-01,7.750528937757393821e-01,9.711875705743476805e-01,2.465231970750393353e-01,9.776876327385335408e-01,6.653298821626891790e-01,9.634401039520502641e-01,-5.411870390559086336e-02,-3.429427749574575635e-01,-8.886388227420373154e-01,5.637664773488186565e-02,5.759513193431012312e-02,-6.473595212573896029e-01,-6.334980385001478531e-01,2.276435955858999716e-01,-1.914674955589892036e-01,-8.875523186091009986e-01,-1.598489540732472014e-01,2.208821872930416541e-01,-7.597508458591428759e-01,-6.122985084061864924e-01,2.518710052100119334e-01,-1.613622705237724719e-01,-8.196272194450640036e-01,-5.979095249392130107e-01,4.916318118854371977e-01,-9.274253344141618338e-02,-6.041141561155353168e-01,-8.231471831598341504e-01,1.463338100665772731e-02,-7.225328181774179903e-01,1.712878480219828525e-01,5.044074289675190004e-01,9.593878422449505505e-01,8.018009379451468410e-01,8.484272663680627602e-01,9.348223439905253285e-01,6.340032904236758693e-01,9.555482539236069828e-01,2.765351585663472500e-01,9.307424287820795783e-01,4.640919379388602772e-01,8.891801105619590029e-01,5.143013790336494750e-01,2.401342617193849560e-01,-4.263514653144623301e-01,1.162772923724755547e-01
5.105845287675580407e-02,7.419063488128792017e-01,-3.706144462661283834e-01,-3.473762932846338747e-01,8.445529532561528718e-01,4.848991896662057099e-01,-6.129142441052194412e-01,3.462794330928066489e-02,1.000000000000000000e+00,1.057035530383350526e-02,-6.249554855262012820e-01,5.238771165892677217e-01,8.207919975274642344e-01,-4.078672860929985489e-01,-5.755815112713777992e-01,3.040293827742436839e-01,-3.235749925061628951e-01,-1.091299294829183031e-01,5.201186135567185120e-01,-7.972282331500236685e-01,-3.972788996060467870e-01,8.099689160279233135e-01,4.025548061159640173e-02,-9.288885668031134912e-01,5.934693992696687265e-02,-6.862126716067356025e-01,-9.245197093405906064e-02,-6.454576152166938696e-01,-3.049596347097661142e-01,-4.005237295008435838e-01,-3.947634930231745387e-01,1.216786518273533513e-01,-3.621867769482309818e-01,2.751745335209119236e-01,-6.652832399884639480e-02,7.522053624433706620e-01,-1.966981690184399223e-01,3.031771455225457101e-01,6.256067085156329366e-01,4.088325881265768569e-01,-4.224377138157337508e-01,-3.707233143101192896e-01,-8.756710763852624257e-01,-7.200496591671687874e-01,6.085647712750753557e-01,-5.519560679034564155e-01,-6.865983169911647754e-02,-6.979799713197969435e-01,1.264815847592128117e-01,5.380057521143200017e-01,1.080880849046413766e-01,5.968029654967568209e-01,8.175980540009036845e-02,6.781402716290572952e-02,9.736053641718861451e-01,1.047539114762733176e-01,-7.449487083608588023e-01,4.843140470859553792e-01,8.391390953782491557e-01,-4.361746405164318441e-01,-3.148926768051212299e-01,9.009469358106215742e-01,3.873446498988133424e-01,-5.164543415084582589e-01,2.044555029809574376e-01,9.591759739672680585e-01,1.952192048110887182e-03,-5.663353000388327008e-01,7.495117166520952612e-01,3.713568000548497783e-01,-8.043410150143329718e-01,-3.184633711897044694e-02,-5.492090391568817953e-01,-8.166635856233344093e-01,-4.281374778577619056e-01,-8.678703260029048128e-01,-3.135615378772434458e-01,-6.418021595388206935e-02,-2.993192236093943359e-01,5.245463274813029209e-01,-2.629777525638655675e-02,7.695711424682899482e-01,7.956854489010135867e-02,6.665227380548227609e-01,2.763640084965341970e-01,5.291764972134942457e-01,4.439587938601883277e-01,5.664605890805949340e-01,6.301544148660124245e-01,5.126556215301756314e-01,3.538087441580237136e-01
5.794113002822758318e-01,4.415880386984355477e-01,8.572736878979940744e-01,-2.424203612100736538e-01,-4.107262231313644762e-01,8.304633697170338280e-01,5.108793183569642071e-01,-6.376197342895411069e-01,1.057035530383350526e-02,1.000000000000000000e+00,1.985249302229709703e-02,-6.881571089804394692e-01,5.450204917907357505e-01,8.195323249879026273e-01,-3.378079927071520605e-01,1.564471691817612697e-01,-2.665370282073560859e-01,7.930486470260238452e-01,1.046220686543004319e-01,2.444469353142348089e-01,-8.651190840668416815e-01,-4.684015569556720937e-01,4.043794424770336682e-01,-2.426697635721624668e-01,-8.890904980613523190e-01,1.332988660398457259e-01,-6.248124850340528447e-01,-2.325793103158057262e-01,-2.277038960205355483e-02,6.886470898593126666e-01,-1.656480968885263791e-02,8.142767671972072074e-01,2.607074290234971392e-01,6.809336255353669598e-01,2.775871030303878051e-01,9.951154121308568301e-02,5.984805262560576322e-01,-2.939118932623190766e-02,7.375068546075905784e-01,-4.821695246282685643e-01,4.980140232763953234e-01,-4.536034090762194881e-01,2.301850743051102322e-01,-3.217057902373420264e-01,-3.832601324957172761e-01,-3.792331017325619169e-01,-7.223350904942341666e-01,-6.734111276787569933e-01,-6.294684016168510254e-01,-1.466184297695648231e-02,-5.187335662115266643e-01,6.465863858937882513e-01,9.243900741470537641e-01,8.712830915382245855e-01,7.580834432126581923e-02,-7.841015600552849740e-01,2.445134710649388976e-01,8.509971667665677808e-01,-4.815847144199872920e-01,-5.600400047099671763e-01,8.060471347723929814e-01,4.051195780534466162e-01,-8.054999521743810842e-01,1.615709947667207935e-01,9.690361058963589125e-01,-1.716146656054806097e-01,-6.425920673489142754e-01,4.742776609246445174e-01,3.689320395294915511e-01,-8.951291669087521052e-01,-4.050287811626515078e-01,-2.122798400905436811e-01,5.250100252523146604e-01,-4.348589149491455252e-01,5.418318859863006931e-02,1.518561997021209420e-01,2.564584483884568278e-01,-7.539367928855317258e-01,-1.666960952799215745e-01,-5.684235965882823427e-01,-3.758516009593683149e-01,-2.951814039653151700e-01,-4.321323062884330213e-01,3.709316837918185672e-01,-4.237557496326827544e-01,2.612065635387471052e-01,-5.228056245143400949e-01,1.657705841305826822e-01,-6.112390727328897988e-01,5.557550500855016826e-03,-4.524535374052887082e-01
6.328302569884264317e-02,-3.841818748196634270e-01,3.757558565079807678e-01,8.986904451281696460e-01,-3.406727215966846023e-01,-4.545703322423965687e-01,8.345646387251687282e-01,5.513577808734099195e-01,-6.249554855262012820e-01,1.985249302229709703e-02,1.000000000000000000e+00,2.449965899296043664e-02,-6.107463196968242469e-01,5.580207856510087661e-01,9.186961638745289038e-01,5.284215371753340218e-01,8.879506824278624588e-01,5.303397178622070163e-01,3.181341267193795175e-01,8.934587654790757671e-01,4.495695365823239309e-02,-3.255822281511006056e-01,6.788925487685186777e-01,7.010714057229023854e-01,-3.646570444379775289e-01,-9.474545619158999954e-02,-5.495023209634607442e-01,-1.524606649736316710e-01,-5.355784121338502679e-01,-1.733096421247143915e-01,-4.591410129499807757e-01,-4.764302182372251449e-01,-4.501310211262722349e-01,-6.675562715068273922e-01,-6.857410164879528258e-01,-9.590587408778514789e-01,-4.455621596443389287e-01,-9.188955764161312878e-01,-2.489826881685744120e-01,3.064043486847989328e-01,8.444903393064606689e-01,8.325480172386734434e-01,8.530765771520159024e-01,9.022524510391235486e-01,1.280234529254577480e-01,9.016538265316461631e-01,5.422956408876867807e-01,2.631482157310097714e-01,4.807199921585154079e-01,3.037435410982023964e-01,5.537883245608271610e-01,-1.798550497061421685e-02,2.246391409843186138e-01,-3.568169588349526244e-01,-5.472155608640574265e-01,-5.449996105084095044e-01,1.035107708232779929e-02,-3.918177006661469619e-01,-6.614430600959035900e-01,-2.811679220938381740e-01,-1.418667199870769224e-01,-4.942912627045433771e-01,-5.839653815838055095e-01,-3.140661279601241751e-01,-1.013632037798096047e-01,-5.071235270546298191e-01,-6.020772743705399277e-01,-1.284627701602581995e-01,-8.616156950710206486e-01,-3.593259063666353614e-01,1.728520439184410840e-01,-7.359843015635025854e-01,-1.087856040210513631e-01,2.697883299318903916e-01,-4.084612822877004001e-01,8.618780208308385316e-01,8.972050079342637208e-01,5.052924182520144303e-01,9.024149187456004251e-01,1.223548995920191451e-01,7.120992657131599568e-01,-7.512642615468764773e-02,6.237812493534641289e-01,8.369435196165052326e-02,4.716807748860424310e-01,2.924110144772705255e-01,2.490696398390965793e-01,2.534726289331363236e-01,-5.962002483665564956e-01,-7.747669878062932725e-01,-4.278909577234726869e-01
-3.270894589142080422e-01,1.298807812659266980e-01,-7.223466188115083009e-01,4.112585746010883891e-01,8.625996993281176417e-01,-4.289107357565755119e-01,-4.125232229289054198e-01,8.315324821482307227e-01,5.238771165892677217e-01,-6.881571089804394692e-01,2.449965899296043664e-02,1.000000000000000000e+00,-9.584039684913567628e-03,-6.221098024075002453e-01,2.788656659888122946e-01,4.971485104216896156e-01,4.421221624474696577e-01,-3.408853850283791731e-01,6.042575750003110757e-01,-3.597357654283933059e-01,2.802751035837630633e-01,8.845206105544338726e-01,1.684263371268413523e-01,-2.518552612562381943e-01,4.663601692591493597e-01,-7.900843716878898082e-01,2.146792807770873598e-02,-5.257362887660538275e-01,-5.986036930445566284e-01,-9.724268742868424908e-01,-6.387959640025069330e-01,-7.668401734487432231e-01,-8.017925799447518376e-01,-6.477310882353443100e-01,-6.860194326679670551e-01,2.994650154043494716e-02,-8.876382128745650135e-01,-2.683852754715690958e-01,-1.043780577136116661e-01,9.145027472535802726e-01,-2.244538355117191575e-01,4.987119072862303271e-01,-4.462386110496312508e-01,1.239668931517188405e-01,9.175288298309677293e-01,3.201470523721393624e-01,7.907844047709639002e-01,-1.858494644729021721e-04,8.667271118111379291e-01,6.971835785776759886e-01,8.156009579565314249e-01,7.825257843756303067e-02,-4.479913660026214606e-01,-7.832234587380876301e-01,5.080890850688263294e-01,3.213579531832193581e-01,-8.592049393210136055e-01,-4.048793594962130094e-01,7.124714773757044872e-01,-1.768552190375289046e-01,-9.580256994867440978e-01,2.373647917296383969e-01,5.742606004803451070e-01,-7.893674908714182203e-01,-5.683286481892454445e-01,6.971228660017007028e-01,8.902039396661699799e-02,-9.443122400168824093e-01,-1.049479222643116549e-01,7.623247017903217460e-01,-3.470584814176849164e-01,-3.337208165391477022e-01,-9.532298074953035050e-01,-2.773010562020253311e-01,-6.887366524976008542e-01,-3.776534834971393417e-01,8.260509643651602063e-02,7.947201889560049359e-01,4.024043940824298393e-01,9.688901621955745558e-01,6.870869507191408321e-01,8.778662447444247618e-01,7.709085058782506605e-01,4.035789108649712187e-01,8.525905398709252569e-01,4.844962343347093414e-01,9.408997876241378400e-01,5.632014768081059497e-01,6.524510315953363504e-01,-9.686458702363521731e-03,3.865590757550346757e-01
3.371658214108091967e-01,8.319273149370002285e-01,1.348424248203199394e-01,-5.372220624108844378e-01,4.356549059520208322e-01,8.737000589422708741e-01,-3.052266901839490454e-01,-4.191149881741786376e-01,8.207919975274642344e-01,5.450204917907357505e-01,-6.107463196968242469e-01,-9.584039684913567628e-03,1.000000000000000000e+00,5.235760686862223068e-02,-7.586490877922525966e-01,2.059277659994735443e-01,-5.345226160039380225e-01,2.576521913014608867e-01,3.681722035434223939e-01,-5.936952550165675024e-01,-7.597343529080646807e-01,3.785407328714088249e-01,1.257495809269283948e-01,-9.165704089486583772e-01,-3.752642274895795493e-01,-3.970473772534142687e-01,-3.060201540123295705e-01,-5.564656033337090912e-01,-1.323921434138614628e-01,1.212839234547257450e-01,-2.061040218797530466e-01,6.144844993308060666e-01,-3.389030469708906312e-02,6.852013443461419939e-01,2.271286702255360113e-01,7.597739927980406982e-01,2.655861306389540877e-01,3.644067158216100499e-01,8.885873599475666573e-01,-2.717803662720256336e-02,-1.812870746955738965e-01,-6.589215483812228547e-01,-6.492252706787088323e-01,-8.471935064996808373e-01,1.999112565573849809e-01,-7.596773977801414279e-01,-5.387499191790073860e-01,-9.080521822525517983e-01,-3.390046823535565745e-01,3.188039220778309257e-01,-3.046486413680727923e-01,7.777755963534181971e-01,5.196517427473462680e-01,5.854441077867234000e-01,8.301835578897842627e-01,-2.533904204367399826e-01,-3.972658515750530639e-01,8.761795805633596501e-01,4.526834907488453408e-01,-5.627975657503540008e-01,2.400123058771539142e-01,9.478635323940225454e-01,-5.762841503156200529e-02,-2.224937716168860768e-01,6.894521720612570848e-01,6.781929255998856432e-01,-2.401401322418082185e-01,-1.207334737920724294e-01,8.854229794425173550e-01,-1.583012797638776170e-01,-8.199487440869814847e-01,-4.528081664139745575e-03,-8.460749058206307183e-02,-8.631076918026955314e-01,-2.003053822562931019e-01,-6.876087068127125779e-01,-2.447202580403949890e-01,-5.456230161291099057e-01,-4.652667123720053421e-01,4.077558618777493704e-02,-3.512319733992668169e-01,3.987433215444158296e-01,-2.909318490660217082e-01,6.590178026038424619e-01,-1.192703669551586632e-01,4.646495863025826289e-01,-1.395307599541354381e-02,4.458962926052457698e-01,2.224356751417352895e-01,5.056544973901050399e-01,8.066141013411265437e-02
4.981201908386010957e-01,8.815897117770274405e-02,9.204609548363551497e-01,2.613403091348215357e-01,-6.006360941203486847e-01,4.052158574241123690e-01,8.799069529096534836e-01,-2.704674777876724945e-01,-4.078672860929985489e-01,8.195323249879026273e-01,5.580207856510087661e-01,-6.221098024075002453e-01,5.235760686862223068e-02,1.000000000000000000e+00,2.216990095990364062e-01,3.352326955431683686e-01,2.333596274635605650e-01,9.096963078939597214e-01,1.664707480878078738e-01,7.161217012713800845e-01,-6.377697602504492913e-01,-6.386599191255957209e-01,6.409054626227371765e-01,2.445017970011654496e-01,-9.057752593708692235e-01,1.533911647905389641e-01,-7.556736264155557992e-01,-1.788828652651423823e-01,-2.278416657275393609e-01,5.362589208334204161e-01,-1.754093513514094205e-01,4.319188225815657756e-01,5.217145921139501596e-02,2.142032937075043497e-01,-8.110119131942918058e-02,-4.592560848670858009e-01,3.098234820819478208e-01,-4.884153818681657433e-01,4.088344578957385789e-01,-3.061694161820258109e-01,8.534079036383065420e-01,6.111531836066959322e-02,6.967211916863994547e-01,2.467836073458188062e-01,-3.337190992123983957e-01,1.778488477908262977e-01,-3.326898255779609515e-01,-3.407788297283539380e-01,-3.101468115740435572e-01,5.947664803039832276e-02,-1.829288106379127476e-01,4.453396532284852327e-01,8.521334506837983103e-01,5.411133467295219379e-01,-3.165482419056537822e-01,-9.093582530310568846e-01,3.011080163128910248e-01,4.548719445757863356e-01,-8.098158656705788383e-01,-5.340564096111447556e-01,6.367737874583464519e-01,-1.269575603994811848e-02,-9.828380861862626716e-01,5.478249438548853795e-02,7.224048352224941016e-01,-5.013792271016656033e-01,-8.066607131327188096e-01,4.036433969285755374e-01,-1.937574936223728783e-01,-9.474590576715419266e-01,-1.482062227884500261e-01,-5.095118558058414626e-01,4.509488270803003185e-01,-1.259113049453211286e-01,-8.911738051613557476e-02,6.345711353472262006e-01,6.655532717344976312e-01,-3.758498079725717811e-01,3.193876463674117372e-01,-4.776320353276007347e-01,2.418754544296534970e-02,-3.764672557744255799e-01,-7.581528144653190693e-02,2.575845886021436160e-01,-1.646274773864999652e-01,2.820560742845463764e-01,-3.705032933386088745e-01,1.811898745462971472e-01,-8.589134140364853565e-01,-4.194922383638883812e-01,-6.127411446708512788e-01
-1.445863141130147855e-01,-5.083398663474231194e-01,4.408195835694534576e-02,9.326369568091206208e-01,-1.608767852512913155e-01,-7.195320589917920673e-01,5.960710509243404287e-01,7.479260571298194105e-01,-5.755815112713777992e-01,-3.378079927071520605e-01,9.186961638745289038e-01,2.788656659888122946e-01,-7.586490877922525966e-01,2.216990095990364062e-01,1.000000000000000000e+00,4.526354215938828141e-01,9.357434712891480322e-01,2.132149172064515819e-01,2.731813920582355504e-01,7.468620909881344971e-01,3.502182010772463272e-01,-1.250263709320186267e-01,4.986648105016758259e-01,7.381812598613565202e-01,-2.156014981736228270e-02,-1.502685353526668766e-01,-2.963819708475870507e-01,-7.134355590412773396e-02,-5.063588208376345046e-01,-4.226785843731342696e-01,-4.370126632329178751e-01,-7.477328095436427402e-01,-5.289828617365593955e-01,-8.785703633944021984e-01,-7.544046251836029615e-01,-9.369817855230843096e-01,-6.456796615880695533e-01,-8.588378793189174187e-01,-4.962124764494406648e-01,4.740334048634492481e-01,6.146167772045345590e-01,9.522062293719545378e-01,7.138240749431583598e-01,9.641942379564418797e-01,2.714155364877020027e-01,9.862651262849441158e-01,7.775740442022832655e-01,4.838513952935895035e-01,6.881184165182034906e-01,3.031775588936483912e-01,7.172097692102238353e-01,-2.419400028975323413e-01,-1.216740937442747500e-01,-6.559940260061309925e-01,-5.311893569167959184e-01,-2.296533317779508865e-01,-9.203565852830367100e-02,-6.746342404119444192e-01,-4.387421640763116693e-01,-7.022801182233265327e-02,-4.345477903653580665e-01,-6.039694333780901703e-01,-2.555943057828168885e-01,-3.665877577599380155e-01,-4.478642017918375573e-01,-4.058552253304301694e-01,-3.390081450562590359e-01,-3.038343313777973065e-01,-9.414902016475868995e-01,-9.576697618292370762e-03,3.002817782206773645e-01,-6.217356788807784085e-01,-3.040152646731271724e-01,4.024788378618323614e-01,-4.144838557667752665e-01,7.503846803659427467e-01,7.540929746555643520e-01,7.549375785557634888e-01,9.134171326413416114e-01,3.325760307337414790e-01,8.143922176847371297e-01,4.871642865536527506e-02,7.521982508042560633e-01,-4.404994524372369408e-02,6.074700727078773399e-01,1.923805422389086583e-01,4.349399038068477163e-01,1.901691283062553750e-01,-3.329530511139947024e-01,-7.292262991966097507e-01,-2.337006973919656394e-01
2.011213352934286547e-01,3.749952814333832873e-01,1.602917856584216427e-01,6.791322101532647482e-01,4.359544837448913190e-01,6.725648609943629674e-02,4.121894401013476150e-01,6.169302552484811075e-01,3.040293827742436839e-01,1.564471691817612697e-01,5.284215371753340218e-01,4.971485104216896156e-01,2.059277659994735443e-01,3.352326955431683686e-01,4.526354215938828141e-01,1.000000000000000000e+00,6.853435538367367297e-01,6.114302849074759738e-01,9.428170182831824286e-01,2.492598932991816063e-01,-4.716581725760107258e-01,4.147473056133497704e-01,9.014277652485728209e-01,-1.759387916885399861e-01,-4.795791558756394291e-01,-8.258628091688005046e-01,-8.315423322290738106e-01,-8.964030887508147583e-01,-9.687655729721154074e-01,-5.504615868958934177e-01,-9.694944878675703093e-01,-3.442019367579234879e-01,-8.912163028682081878e-01,-4.261528430206971141e-01,-8.579721589241943169e-01,-3.387944948840131421e-01,-6.719583273535407741e-01,-7.816455748926537384e-01,4.515563279350884307e-01,7.438878422422030567e-01,6.206193426910764366e-01,5.506398522094808623e-01,1.199205232610573851e-01,2.789321994134626448e-01,7.527863438005040209e-01,4.488124249868024052e-01,4.900975745342550094e-01,-5.053989349646634821e-01,6.340925193344735256e-01,9.327290268455521449e-01,7.165345099098463511e-01,6.897468019654103832e-01,4.659648940570806919e-01,-2.517559278712707127e-01,3.888908301557978398e-01,-6.352704712183171454e-01,-7.501718584657095512e-01,1.461897865432816301e-01,4.109189038239934727e-02,-8.671278460907251295e-01,-4.081446238859721132e-01,4.103170139725006993e-01,-3.849339772514471791e-01,-9.039371171498111757e-01,2.087790435535709643e-01,3.868509467639238419e-01,-7.939612814539042107e-01,-6.961661326946734230e-01,-1.932126565206879754e-01,-1.413663812913662776e-01,-6.894360504684258206e-01,-9.359920813722126809e-01,-6.519506874494992443e-01,-5.945273928298203669e-01,-9.365867546036023006e-01,1.278874395258265684e-01,7.709820592853248167e-01,4.486635773524771942e-01,7.420024891543161027e-01,6.350258938356575511e-01,7.795770278773955786e-01,6.901125658426888743e-01,7.789976442881512142e-01,8.505858379776213285e-01,8.082188706112771737e-01,9.429441754173475410e-01,7.080653521003714701e-01,9.254277984724532669e-01,-1.168167338257008886e-01,-3.833709678044002200e-01,-1.880878449302968991e-01
-7.738413343605782257e-02,-2.760324769574187820e-01,3.354051673650670223e-02,9.735600972377048690e-01,6.737752266648751320e-02,-5.769150296294455194e-01,5.680514306257681278e-01,8.376256575135176963e-01,-3.235749925061628951e-01,-2.665370282073560859e-01,8.879506824278624588e-01,4.421221624474696577e-01,-5.345226160039380225e-01,2.333596274635605650e-01,9.357434712891480322e-01,6.853435538367367297e-01,1.000000000000000000e+00,3.340528917568157952e-01,5.507584904998896747e-01,6.455950996003507747e-01,1.556074191718594124e-01,9.172440814898806527e-02,6.860983580188746433e-01,5.143539393396920900e-01,-1.300606097612970469e-01,-4.303505331653202926e-01,-4.881641228338676752e-01,-3.683409565272584563e-01,-7.415945515217867712e-01,-5.737544929581512854e-01,-6.877619063260751453e-01,-7.532268048358572443e-01,-7.487558070452198233e-01,-8.723567826333888942e-01,-9.084921323674588489e-01,-8.430491446406780387e-01,-7.803508192222399220e-01,-9.385243094045074841e-01,-2.614928515856977942e-01,6.684065647968794321e-01,6.606481553868731593e-01,9.575573186808798987e-01,5.699278968665323353e-01,8.575356622489086478e-01,5.100324413949044455e-01,9.416637202080397895e-01,8.226865167712192894e-01,2.298549875383163466e-01,8.016604805951234036e-01,5.754284675904058899e-01,8.471104390426266173e-01,2.439298670458467724e-02,1.370360351097965265e-02,-6.540000788961209954e-01,-2.687430713174311370e-01,-3.535359554739925803e-01,-3.631056594517392822e-01,-5.206110585729414320e-01,-2.862843843382078535e-01,-3.329669701250583258e-01,-5.368243143261892669e-01,-3.363693522472614994e-01,-2.795842748398164601e-01,-6.209328194989002236e-01,-3.284381229145486025e-01,-1.506078768211528418e-01,-5.050084121476543508e-01,-5.203907235894127403e-01,-8.090861368570717582e-01,2.826307917942176822e-03,2.822383305342184213e-05,-8.024491159678466268e-01,-5.092421561991130607e-01,1.146631223454519233e-01,-6.649662376489680060e-01,6.059836199615269425e-01,8.395512807573791703e-01,7.917059986938830285e-01,9.790495931061080626e-01,5.269305579666211381e-01,9.325604053548856021e-01,3.123667096266094512e-01,8.882294149856073684e-01,2.525174692357747830e-01,7.905735203819382884e-01,4.750433774242381335e-01,6.300693860545165670e-01,4.752587689635854873e-01,-2.539439529819488839e-01,-6.987678648546570281e-01,-2.193419348627902443e-01
