1.000000000000000000e+00,4.601506895258326013e-01,8.552775131884603199e-02,-4.847999642325633712e-02,-2.340869193371998835e-01,-7.739945245878905589e-02,-3.900730269303919612e-02,7.112465226728408030e-02,3.949646692604553283e-02,1.692651436053481673e-01,1.049747605427134994e-01,9.908428735242370833e-02,1.127058628089071535e-01,4.066260959552264742e-02,7.986085187906455385e-02,2.245143233333685498e-02,-5.643133417314250000e-02,-8.710659312050540726e-02,-3.288826931405607057e-02,8.558456606650903867e-03,-3.801394075083930346e-02,3.394787869765958366e-02,9.739352334820512713e-02,-1.554006494909142668e-03,-5.311597041943110636e-02,-1.648886052635850918e-01,-1.027742634048839643e-01,-1.800045176764814292e-01,-1.585045059837983938e-01,-1.595233337890943071e-01,-1.225027516371915426e-01,-8.746841533553864276e-03
4.601506895258326013e-01,1.000000000000000000e+00,4.726240667334731249e-01,-2.731841548217789697e-02,-2.638933109658128107e-01,-1.852194729915051241e-01,-2.197181789781334216e-01,-1.330004198205127497e-01,-4.785367360779007456e-02,8.077262127284655369e-02,3.339920030279587559e-02,5.102277400451284833e-02,-2.714797126786125392e-02,-4.491798331642381237e-02,-3.400438908156463297e-02,-4.217560216868930512e-02,-7.187907004333250749e-02,-7.469358075025775423e-02,-1.613958133431916270e-02,4.215605740424958198e-02,-4.878154718792648836e-02,2.243925164910047163e-02,1.030998984735733703e-01,1.556389763588586321e-02,-5.982656981870018709e-03,-7.146796569536091603e-02,1.544279093712809178e-03,-1.242307850153270971e-01,-1.032479798627371631e-01,-1.702675517870401722e-01,-1.744541029903560470e-01,-3.102829208566075872e-02
8.552775131884603199e-02,4.726240667334731249e-01,1.000000000000000000e+00,4.367715445243819938e-01,7.895311735507112849e-02,-5.062593934111866978e-02,-1.544518370410637997e-01,-1.990742924282392634e-01,-1.303671993881850844e-01,-9.590069693144362417e-02,-1.350477486129621485e-01,-8.082268513601702231e-02,-1.583673522935723221e-01,-1.676150933180565183e-01,-1.443749147183670811e-01,-9.628710110591921778e-02,-3.750986719717676332e-02,-4.400258738532172864e-02,2.470784548645681145e-02,8.990047704906939385e-02,-1.227861002302032579e-02,8.999342525273321125e-02,1.558014681759954945e-01,9.125587343035318488e-02,4.388492365493039393e-02,-4.696024063491786860e-02,2.793530610280340123e-02,-1.157628204511462477e-01,-1.551110297647952385e-01,-1.606306530308153624e-01,-1.003112058479092294e-01,3.455660489442136107e-02
-4.847999642325633712e-02,-2.731841548217789697e-02,4.367715445243819938e-01,1.000000000000000000e+00,4.239288076570139063e-01,9.063129801819973241e-02,2.753290377742263761e-02,-9.261268562542339378e-02,-1.254758827718178704e-01,-1.401073970652598477e-01,-1.545569613468915637e-01,-1.467305615144117448e-01,-1.763455387701561017e-01,-1.613956296356267028e-01,-1.024253104676612069e-01,-6.610131569086347136e-02,-1.601527195836090905e-02,-2.167779314241056673e-02,2.729534571123296005e-02,5.350804348948869776e-02,4.295208041835670010e-02,1.202243332387279984e-01,1.764842890474206116e-01,2.388018569837254551e-02,4.057287277324038433e-02,-4.302882140233971198e-02,-7.048640364712012440e-02,-1.190619779239692339e-01,-1.252828355365035173e-01,-1.165849184958013957e-01,-1.514450476692026822e-02,4.009374527636454938e-02
-2.340869193371998835e-01,-2.638933109658128107e-01,7.895311735507112849e-02,4.239288076570139063e-01,1.000000000000000000e+00,4.295958967849892174e-01,1.703023221606605186e-01,2.626909860016551218e-02,1.917461798858424715e-02,-1.569517451466463098e-01,-1.735260691320326398e-01,-1.267824650500384565e-01,-1.018150781270279748e-01,-1.311052174154963557e-01,-7.098759493332486292e-02,-5.891393092263427084e-02,3.421895025928507056e-02,5.311009667924365685e-02,-2.081437337984243588e-02,-7.945831836205359544e-02,-5.826210353580855289e-02,-4.953384805027078591e-02,-1.395764734641086711e-02,-2.824119707055725102e-03,5.282833383176064462e-02,1.613592072849669851e-02,-1.219936914321861632e-01,-4.076590713127863780e-02,3.237566700676547393e-02,3.075598072925317741e-02,7.366310531039237108e-02,2.732926761300109170e-02
-7.739945245878905589e-02,-1.852194729915051241e-01,-5.062593934111866978e-02,9.063129801819973241e-02,4.295958967849892174e-01,1.000000000000000000e+00,5.017973463021970781e-01,1.459954049275484222e-01,1.274152171683506640e-01,-1.735377541428360579e-02,-8.015392417620843812e-02,-2.731079838911230906e-02,-7.647965328842916410e-02,-9.572347892392446544e-02,-1.169026449274352675e-01,-1.138469780264639852e-01,-7.535430456171682279e-02,-6.008208997297708603e-02,-1.507827111651099672e-01,-1.503601733697968457e-01,-1.087328997010259396e-01,-3.220538353147885807e-02,-8.383032366190692683e-03,1.158930193192457964e-01,7.473894062421751472e-02,-5.813140133719077451e-02,-4.638660939410697848e-02,-2.341276101168885196e-02,2.966370565214665727e-03,-1.060552758471199238e-02,-4.436517983772423832e-03,-3.489757260987088466e-02
-3.900730269303919612e-02,-2.197181789781334216e-01,-1.544518370410637997e-01,2.753290377742263761e-02,1.703023221606605186e-01,5.017973463021970781e-01,1.000000000000000000e+00,4.109877662244016405e-01,1.168292106804185715e-01,6.093653733678715961e-02,-4.343631253154609830e-03,-4.667447098448220671e-02,-4.750827551363882156e-02,-2.024218069228131064e-02,-9.949190642937333351e-02,-1.057304367081635804e-01,-8.161094043347753846e-02,-8.320144849722886649e-02,-1.259658618629858617e-01,-1.804256849565199772e-01,-1.159515835613619122e-01,-3.853107170732497644e-02,-4.377583262571897726e-02,3.314573202580670813e-02,1.352840874887953175e-02,-3.709959145683067866e-02,3.182913808050136673e-03,3.514584060247638326e-03,7.471237366546731699e-03,-2.878387574053521344e-02,-8.932740903501096633e-03,-5.929777856612926390e-02
7.112465226728408030e-02,-1.330004198205127497e-01,-1.990742924282392634e-01,-9.261268562542339378e-02,2.626909860016551218e-02,1.459954049275484222e-01,4.109877662244016405e-01,1.000000000000000000e+00,5.168540226893332257e-01,2.171076420141944407e-01,2.975052329401332504e-02,-6.327221145911460232e-02,3.690322613309453964e-02,5.715925539903687035e-03,-4.675273841744469194e-02,-7.851888703536909209e-02,-8.663913790946958793e-02,-1.034062370888039067e-01,-9.562708133829810053e-02,-1.164832336508582755e-01,-3.528141142642989003e-02,-3.141335928138531963e-02,-5.872136387157292359e-02,-1.247199542099101596e-02,-2.685829857241544064e-02,-3.230647264164607235e-02,-2.496429682955083121e-02,7.492580671210903251e-03,-4.452348992617012093e-03,-1.202282369931046736e-02,-1.007039818695630758e-02,-6.686287133531206017e-02
3.949646692604553283e-02,-4.785367360779007456e-02,-1.303671993881850844e-01,-1.254758827718178704e-01,1.917461798858424715e-02,1.274152171683506640e-01,1.168292106804185715e-01,5.168540226893332257e-01,1.000000000000000000e+00,3.835029157631398844e-01,-2.320653514851752502e-02,1.419117813815575814e-02,5.367693967945409705e-02,-6.473414488153347857e-02,-9.936775072432299516e-02,-4.770597924262597739e-02,-6.063280910468091256e-02,-6.367104467853533512e-02,-9.980881335330142601e-02,-1.100613634987721162e-01,-7.213237233741144616e-02,-4.031153218264788007e-02,-3.985577713199683902e-02,8.803007837013996154e-03,-4.478199783399899186e-02,-5.528451158417119204e-02,-7.833264144106283355e-02,-3.153285388662972061e-02,-2.239917536264690243e-02,-3.528849739871314783e-02,-3.840974641544115525e-02,-4.873159277918152898e-02
1.692651436053481673e-01,8.077262127284655369e-02,-9.590069693144362417e-02,-1.401073970652598477e-01,-1.569517451466463098e-01,-1.735377541428360579e-02,6.093653733678715961e-02,2.171076420141944407e-01,3.835029157631398844e-01,1.000000000000000000e+00,4.517346709692149909e-01,1.345523993397828022e-01,2.055876761378784001e-01,1.444634482077886417e-01,4.070173127956194098e-02,-3.219120974268201152e-02,-8.395463191214998233e-02,-9.750719633462397173e-02,-1.110971595119675109e-01,-1.255488572637641909e-01,-9.173099455312079542e-02,-9.866078011902396083e-02,-1.016621671177564273e-01,-1.091162055407415288e-01,-8.535233889316616585e-02,-9.145166133419325993e-02,-9.907979535823993600e-02,-8.587645463743832919e-02,-2.085243374507959185e-02,-6.443977788554308694e-02,-9.860424429319976369e-02,-7.791537947008761456e-02
1.049747605427134994e-01,3.339920030279587559e-02,-1.350477486129621485e-01,-1.545569613468915637e-01,-1.735260691320326398e-01,-8.015392417620843812e-02,-4.343631253154609830e-03,2.975052329401332504e-02,-2.320653514851752502e-02,4.517346709692149909e-01,1.000000000000000000e+00,4.071906474134625031e-01,2.035003391272585949e-01,2.804501264246531678e-01,1.904281334204584453e-01,2.833347031213033843e-02,-7.649654346960668705e-02,-7.891000666236841488e-02,-9.451086154938959094e-02,-1.147702856977979580e-01,-1.310413236860031305e-01,-1.582723086159496528e-01,-1.472483701099673581e-01,-1.399147747315836188e-01,-1.185838844194256891e-01,-1.001335223935011370e-01,-4.791480783086218831e-02,-4.384311984208657392e-02,2.250320732818870267e-02,-1.949319864596391364e-03,-5.680125830921571584e-02,-5.659114781995561866e-02
9.908428735242370833e-02,5.102277400451284833e-02,-8.082268513601702231e-02,-1.467305615144117448e-01,-1.267824650500384565e-01,-2.731079838911230906e-02,-4.667447098448220671e-02,-6.327221145911460232e-02,1.419117813815575814e-02,1.345523993397828022e-01,4.071906474134625031e-01,1.000000000000000000e+00,3.230539079932798763e-01,2.349512459111385010e-01,2.267685965344158894e-01,1.628993318470993712e-01,-7.571153947161117503e-02,-9.820298090306929517e-02,-1.258422743260934618e-01,-8.618203587418486744e-02,-1.523529673684849983e-01,-1.449382075681284743e-01,-1.322802309440687663e-01,-2.029416911796873974e-02,-8.195298950296964202e-02,-8.510520868324027155e-02,1.582680569784671726e-02,1.151928607265331750e-02,3.013662924488050635e-02,1.576849929832242411e-02,-4.605014378739381159e-02,-6.258665904016204318e-02
1.127058628089071535e-01,-2.714797126786125392e-02,-1.583673522935723221e-01,-1.763455387701561017e-01,-1.018150781270279748e-01,-7.647965328842916410e-02,-4.750827551363882156e-02,3.690322613309453964e-02,5.367693967945409705e-02,2.055876761378784001e-01,2.035003391272585949e-01,3.230539079932798763e-01,1.000000000000000000e+00,3.828279345808415779e-01,3.133214290815823366e-01,3.809285555953968450e-01,1.233483280683878164e-01,1.129311463363738381e-02,-3.347493585388025550e-02,-6.082349921283688315e-02,-1.505748137995720215e-01,-1.908313344312890514e-01,-1.267698076667430618e-01,-6.253261688747259461e-02,-6.763956839110232822e-02,-4.295590085000779157e-02,-8.240569717543087119e-03,-3.844314311504114928e-02,1.037206838904611295e-02,-1.673026750086373249e-02,-8.782332332265284369e-02,-1.329495659643310235e-01
4.066260959552264742e-02,-4.491798331642381237e-02,-1.676150933180565183e-01,-1.613956296356267028e-01,-1.311052174154963557e-01,-9.572347892392446544e-02,-2.024218069228131064e-02,5.715925539903687035e-03,-6.473414488153347857e-02,1.444634482077886417e-01,2.804501264246531678e-01,2.349512459111385010e-01,3.828279345808415779e-01,1.000000000000000000e+00,4.365274278072006076e-01,3.308607007574160264e-01,1.708429829483461837e-01,2.782542399916919373e-02,-8.444858854159617567e-02,-8.865323022945151288e-02,-1.309441934489016801e-01,-1.520716322693225209e-01,-1.811507403787996073e-01,-1.176311856388935206e-01,-1.355052424163664393e-01,-1.322870925171874823e-01,-1.606837055207270548e-02,-2.075446139841298498e-02,8.509111199095001354e-02,1.081454593285888915e-02,-4.597509147461874279e-02,-9.563064716092180284e-02
7.986085187906455385e-02,-3.400438908156463297e-02,-1.443749147183670811e-01,-1.024253104676612069e-01,-7.098759493332486292e-02,-1.169026449274352675e-01,-9.949190642937333351e-02,-4.675273841744469194e-02,-9.936775072432299516e-02,4.070173127956194098e-02,1.904281334204584453e-01,2.267685965344158894e-01,3.133214290815823366e-01,4.365274278072006076e-01,1.000000000000000000e+00,3.815782687755869262e-01,9.904507426294660577e-02,5.873797719081404883e-02,-7.875410757044710996e-02,-9.865148456680521150e-02,-1.318959232756332089e-01,-1.765983841301875801e-01,-9.307223401325927237e-02,-4.291043039927715935e-02,-3.198478987405323215e-02,-2.570413713212204784e-02,-4.922341096898467244e-02,-8.078592750857721549e-02,5.130426316320025291e-03,-9.027125170621240480e-02,-9.647166413260600815e-02,-9.693448183401381923e-02
2.245143233333685498e-02,-4.217560216868930512e-02,-9.628710110591921778e-02,-6.610131569086347136e-02,-5.891393092263427084e-02,-1.138469780264639852e-01,-1.057304367081635804e-01,-7.851888703536909209e-02,-4.770597924262597739e-02,-3.219120974268201152e-02,2.833347031213033843e-02,1.628993318470993712e-01,3.809285555953968450e-01,3.308607007574160264e-01,3.815782687755869262e-01,1.000000000000000000e+00,4.786787412200838587e-01,2.518162333529039287e-01,1.505015246505814544e-02,-5.640612414578266565e-02,-1.309709961837369208e-01,-1.708193478667162646e-01,-1.451540781530795410e-01,-9.640961963138285074e-02,-1.187703290756117191e-01,-7.643036168100807159e-02,-2.341607698424263626e-02,-8.773325844432401655e-02,6.262717875708380920e-03,-7.492419679410934619e-02,-6.658568915958759660e-02,-1.006120685267843512e-01
-5.643133417314250000e-02,-7.187907004333250749e-02,-3.750986719717676332e-02,-1.601527195836090905e-02,3.421895025928507056e-02,-7.535430456171682279e-02,-8.161094043347753846e-02,-8.663913790946958793e-02,-6.063280910468091256e-02,-8.395463191214998233e-02,-7.649654346960668705e-02,-7.571153947161117503e-02,1.233483280683878164e-01,1.708429829483461837e-01,9.904507426294660577e-02,4.786787412200838587e-01,1.000000000000000000e+00,5.264329477051481465e-01,1.005764172403306456e-01,-7.141473817754134812e-02,-9.313639509083732060e-02,-1.284138096932550821e-01,-1.439291988309935877e-01,-1.307385171447044414e-01,-1.090904590169399224e-01,-2.979243729588663264e-02,-1.276307138841413676e-02,-2.588745033365302817e-02,1.701098847723962401e-02,-1.726570715190829663e-02,1.897002961935956994e-02,-1.115269963758107157e-02
-8.710659312050540726e-02,-7.469358075025775423e-02,-4.400258738532172864e-02,-2.167779314241056673e-02,5.311009667924365685e-02,-6.008208997297708603e-02,-8.320144849722886649e-02,-1.034062370888039067e-01,-6.367104467853533512e-02,-9.750719633462397173e-02,-7.891000666236841488e-02,-9.820298090306929517e-02,1.129311463363738381e-02,2.782542399916919373e-02,5.873797719081404883e-02,2.518162333529039287e-01,5.264329477051481465e-01,1.000000000000000000e+00,3.519293923782972899e-01,-1.253787023932616262e-01,-6.220548899722312675e-02,-6.754543806140116124e-02,-8.528788930464718809e-02,-6.081939717118793609e-02,-4.460803360233189102e-02,2.811369456262692579e-02,-2.399467487591155218e-02,-9.772009140037349675e-03,5.401262592356093767e-02,1.692940951765234750e-03,3.604890765755468934e-02,-2.111943032576074728e-04
-3.288826931405607057e-02,-1.613958133431916270e-02,2.470784548645681145e-02,2.729534571123296005e-02,-2.081437337984243588e-02,-1.507827111651099672e-01,-1.259658618629858617e-01,-9.562708133829810053e-02,-9.980881335330142601e-02,-1.110971595119675109e-01,-9.451086154938959094e-02,-1.258422743260934618e-01,-3.347493585388025550e-02,-8.444858854159617567e-02,-7.875410757044710996e-02,1.505015246505814544e-02,1.005764172403306456e-01,3.519293923782972899e-01,1.000000000000000000e+00,3.959029861978245468e-01,1.770315493289113251e-01,-2.785707550547537187e-02,-6.573161795872832502e-02,-9.575951031303850391e-02,-7.910106737220007345e-02,-5.187408991291897649e-03,-1.371388311409774943e-04,-5.306845912180036678e-02,-2.525701199915300968e-02,1.110481574420709751e-03,3.934910158807804897e-02,6.531530902277001005e-02
8.558456606650903867e-03,4.215605740424958198e-02,8.990047704906939385e-02,5.350804348948869776e-02,-7.945831836205359544e-02,-1.503601733697968457e-01,-1.804256849565199772e-01,-1.164832336508582755e-01,-1.100613634987721162e-01,-1.255488572637641909e-01,-1.147702856977979580e-01,-8.618203587418486744e-02,-6.082349921283688315e-02,-8.865323022945151288e-02,-9.865148456680521150e-02,-5.640612414578266565e-02,-7.141473817754134812e-02,-1.253787023932616262e-01,3.959029861978245468e-01,1.000000000000000000e+00,3.583222966021324951e-01,2.116857095123785004e-02,-3.015770058028534664e-02,-1.006795611331113699e-01,-8.339719450305187187e-02,-6.357247058975279419e-02,6.118718773416266347e-03,-3.770223562081277680e-02,-2.790055252094495591e-02,1.229158320896944941e-02,3.768713190358940340e-02,4.854603178642709349e-02
-3.801394075083930346e-02,-4.878154718792648836e-02,-1.227861002302032579e-02,4.295208041835670010e-02,-5.826210353580855289e-02,-1.087328997010259396e-01,-1.159515835613619122e-01,-3.528141142642989003e-02,-7.213237233741144616e-02,-9.173099455312079542e-02,-1.310413236860031305e-01,-1.523529673684849983e-01,-1.505748137995720215e-01,-1.309441934489016801e-01,-1.318959232756332089e-01,-1.309709961837369208e-01,-9.313639509083732060e-02,-6.220548899722312675e-02,1.770315493289113251e-01,3.583222966021324951e-01,1.000000000000000000e+00,4.218898053955061345e-01,1.378615614061821926e-01,-4.599394044380567675e-02,-2.190827987777370714e-02,-3.636580198309653095e-02,-1.801683415210130618e-02,3.213086085183436413e-02,-7.822440494888288631e-02,1.028368432193761672e-02,3.912365279625120568e-02,4.477445636071055585e-02
3.394787869765958366e-02,2.243925164910047163e-02,8.999342525273321125e-02,1.202243332387279984e-01,-4.953384805027078591e-02,-3.220538353147885807e-02,-3.853107170732497644e-02,-3.141335928138531963e-02,-4.031153218264788007e-02,-9.866078011902396083e-02,-1.582723086159496528e-01,-1.449382075681284743e-01,-1.908313344312890514e-01,-1.520716322693225209e-01,-1.765983841301875801e-01,-1.708193478667162646e-01,-1.284138096932550821e-01,-6.754543806140116124e-02,-2.785707550547537187e-02,2.116857095123785004e-02,4.218898053955061345e-01,1.000000000000000000e+00,4.620554273822247149e-01,1.497200063263485204e-01,1.138499056649910218e-01,-6.983800385311789150e-02,-5.436241925226861782e-02,-1.115386098703114760e-02,-9.948077676092127730e-02,-2.815988691067459332e-02,-2.419461864056580980e-02,3.115391971352346120e-02
9.739352334820512713e-02,1.030998984735733703e-01,1.558014681759954945e-01,1.764842890474206116e-01,-1.395764734641086711e-02,-8.383032366190692683e-03,-4.377583262571897726e-02,-5.872136387157292359e-02,-3.985577713199683902e-02,-1.016621671177564273e-01,-1.472483701099673581e-01,-1.322802309440687663e-01,-1.267698076667430618e-01,-1.811507403787996073e-01,-9.307223401325927237e-02,-1.451540781530795410e-01,-1.439291988309935877e-01,-8.528788930464718809e-02,-6.573161795872832502e-02,-3.015770058028534664e-02,1.378615614061821926e-01,4.620554273822247149e-01,1.000000000000000000e+00,3.709085356872547368e-01,2.457495627840734775e-01,2.376679256314558585e-03,-8.879120913976816520e-02,-9.107320985601725927e-02,-1.598769701086013573e-01,-1.082666113562846533e-01,-6.325800639645974555e-02,4.616798898034810833e-02
-1.554006494909142668e-03,1.556389763588586321e-02,9.125587343035318488e-02,2.388018569837254551e-02,-2.824119707055725102e-03,1.158930193192457964e-01,3.314573202580670813e-02,-1.247199542099101596e-02,8.803007837013996154e-03,-1.091162055407415288e-01,-1.399147747315836188e-01,-2.029416911796873974e-02,-6.253261688747259461e-02,-1.176311856388935206e-01,-4.291043039927715935e-02,-9.640961963138285074e-02,-1.307385171447044414e-01,-6.081939717118793609e-02,-9.575951031303850391e-02,-1.006795611331113699e-01,-4.599394044380567675e-02,1.497200063263485204e-01,3.709085356872547368e-01,1.000000000000000000e+00,4.870288350864321325e-01,4.616359681231661793e-02,4.881677536008757756e-02,-5.227406117719234080e-02,-1.178560508275416224e-01,-1.298596128549071305e-01,-1.215284694633736312e-01,-2.172704776803453808e-02
-5.311597041943110636e-02,-5.982656981870018709e-03,4.388492365493039393e-02,4.057287277324038433e-02,5.282833383176064462e-02,7.473894062421751472e-02,1.352840874887953175e-02,-2.685829857241544064e-02,-4.478199783399899186e-02,-8.535233889316616585e-02,-1.185838844194256891e-01,-8.195298950296964202e-02,-6.763956839110232822e-02,-1.355052424163664393e-01,-3.198478987405323215e-02,-1.187703290756117191e-01,-1.090904590169399224e-01,-4.460803360233189102e-02,-7.910106737220007345e-02,-8.339719450305187187e-02,-2.190827987777370714e-02,1.138499056649910218e-01,2.457495627840734775e-01,4.870288350864321325e-01,1.000000000000000000e+00,4.260836077173037473e-01,4.886042869567924080e-02,-5.459202664328444837e-02,-1.487076423594895225e-01,-9.198177943327170980e-02,-1.137884583981881581e-01,-5.774575685335096159e-02
-1.648886052635850918e-01,-7.146796569536091603e-02,-4.696024063491786860e-02,-4.302882140233971198e-02,1.613592072849669851e-02,-5.813140133719077451e-02,-3.709959145683067866e-02,-3.230647264164607235e-02,-5.528451158417119204e-02,-9.145166133419325993e-02,-1.001335223935011370e-01,-8.510520868324027155e-02,-4.295590085000779157e-02,-1.322870925171874823e-01,-2.570413713212204784e-02,-7.643036168100807159e-02,-2.979243729588663264e-02,2.811369456262692579e-02,-5.187408991291897649e-03,-6.357247058975279419e-02,-3.636580198309653095e-02,-6.983800385311789150e-02,2.376679256314558585e-03,4.616359681231661793e-02,4.260836077173037473e-01,1.000000000000000000e+00,2.901759958483006718e-01,1.322639771133442832e-01,2.050119699528708123e-02,8.263531606702778642e-02,7.239032800648286664e-03,-3.389339848693755097e-02
-1.027742634048839643e-01,1.544279093712809178e-03,2.793530610280340123e-02,-7.048640364712012440e-02,-1.219936914321861632e-01,-4.638660939410697848e-02,3.182913808050136673e-03,-2.496429682955083121e-02,-7.833264144106283355e-02,-9.907979535823993600e-02,-4.791480783086218831e-02,1.582680569784671726e-02,-8.240569717543087119e-03,-1.606837055207270548e-02,-4.922341096898467244e-02,-2.341607698424263626e-02,-1.276307138841413676e-02,-2.399467487591155218e-02,-1.371388311409774943e-04,6.118718773416266347e-03,-1.801683415210130618e-02,-5.436241925226861782e-02,-8.879120913976816520e-02,4.881677536008757756e-02,4.886042869567924080e-02,2.901759958483006718e-01,1.000000000000000000e+00,4.760721634280833947e-01,9.336538718528425429e-02,1.670831790457009136e-01,7.204051053928482717e-02,-2.220720442782860970e-03
-1.800045176764814292e-01,-1.242307850153270971e-01,-1.157628204511462477e-01,-1.190619779239692339e-01,-4.076590713127863780e-02,-2.341276101168885196e-02,3.514584060247638326e-03,7.492580671210903251e-03,-3.153285388662972061e-02,-8.587645463743832919e-02,-4.384311984208657392e-02,1.151928607265331750e-02,-3.844314311504114928e-02,-2.075446139841298498e-02,-8.078592750857721549e-02,-8.773325844432401655e-02,-2.588745033365302817e-02,-9.772009140037349675e-03,-5.306845912180036678e-02,-3.770223562081277680e-02,3.213086085183436413e-02,-1.115386098703114760e-02,-9.107320985601725927e-02,-5.227406117719234080e-02,-5.459202664328444837e-02,1.322639771133442832e-01,4.760721634280833947e-01,1.000000000000000000e+00,4.127083873981992057e-01,4.692821185942593343e-01,2.793328473093008024e-01,8.151608746301190755e-02
-1.585045059837983938e-01,-1.032479798627371631e-01,-1.551110297647952385e-01,-1.252828355365035173e-01,3.237566700676547393e-02,2.966370565214665727e-03,7.471237366546731699e-03,-4.452348992617012093e-03,-2.239917536264690243e-02,-2.085243374507959185e-02,2.250320732818870267e-02,3.013662924488050635e-02,1.037206838904611295e-02,8.509111199095001354e-02,5.130426316320025291e-03,6.262717875708380920e-03,1.701098847723962401e-02,5.401262592356093767e-02,-2.525701199915300968e-02,-2.790055252094495591e-02,-7.822440494888288631e-02,-9.948077676092127730e-02,-1.598769701086013573e-01,-1.178560508275416224e-01,-1.487076423594895225e-01,2.050119699528708123e-02,9.336538718528425429e-02,4.127083873981992057e-01,1.000000000000000000e+00,4.168897294382136187e-01,2.259080032592236387e-01,9.847969914327325477e-03
-1.595233337890943071e-01,-1.702675517870401722e-01,-1.606306530308153624e-01,-1.165849184958013957e-01,3.075598072925317741e-02,-1.060552758471199238e-02,-2.878387574053521344e-02,-1.202282369931046736e-02,-3.528849739871314783e-02,-6.443977788554308694e-02,-1.949319864596391364e-03,1.576849929832242411e-02,-1.673026750086373249e-02,1.081454593285888915e-02,-9.027125170621240480e-02,-7.492419679410934619e-02,-1.726570715190829663e-02,1.692940951765234750e-03,1.110481574420709751e-03,1.229158320896944941e-02,1.028368432193761672e-02,-2.815988691067459332e-02,-1.082666113562846533e-01,-1.298596128549071305e-01,-9.198177943327170980e-02,8.263531606702778642e-02,1.670831790457009136e-01,4.692821185942593343e-01,4.168897294382136187e-01,1.000000000000000000e+00,5.571329909247991763e-01,2.441162906176062575e-01
-1.225027516371915426e-01,-1.744541029903560470e-01,-1.003112058479092294e-01,-1.514450476692026822e-02,7.366310531039237108e-02,-4.436517983772423832e-03,-8.932740903501096633e-03,-1.007039818695630758e-02,-3.840974641544115525e-02,-9.860424429319976369e-02,-5.680125830921571584e-02,-4.605014378739381159e-02,-8.782332332265284369e-02,-4.597509147461874279e-02,-9.647166413260600815e-02,-6.658568915958759660e-02,1.897002961935956994e-02,3.604890765755468934e-02,3.934910158807804897e-02,3.768713190358940340e-02,3.912365279625120568e-02,-2.419461864056580980e-02,-6.325800639645974555e-02,-1.215284694633736312e-01,-1.137884583981881581e-01,7.239032800648286664e-03,7.204051053928482717e-02,2.793328473093008024e-01,2.259080032592236387e-01,5.571329909247991763e-01,1.000000000000000000e+00,5.126384017198010179e-01
-8.746841533553864276e-03,-3.102829208566075872e-02,3.455660489442136107e-02,4.009374527636454938e-02,2.732926761300109170e-02,-3.489757260987088466e-02,-5.929777856612926390e-02,-6.686287133531206017e-02,-4.873159277918152898e-02,-7.791537947008761456e-02,-5.659114781995561866e-02,-6.258665904016204318e-02,-1.329495659643310235e-01,-9.563064716092180284e-02,-9.693448183401381923e-02,-1.006120685267843512e-01,-1.115269963758107157e-02,-2.111943032576074728e-04,6.531530902277001005e-02,4.854603178642709349e-02,4.477445636071055585e-02,3.115391971352346120e-02,4.616798898034810833e-02,-2.172704776803453808e-02,-5.774575685335096159e-02,-3.389339848693755097e-02,-2.220720442782860970e-03,8.151608746301190755e-02,9.847969914327325477e-03,2.441162906176062575e-01,5.126384017198010179e-01,1.000000000000000000e+00
