1.000000000000000000e+00,4.791460467592587036e-01,4.339131400519508630e-01,1.966224916780403287e-01,2.155518543291195036e-02,-9.676771286642748410e-03,-7.548508027569293677e-02,-6.407420508891835398e-02,-3.468599757728704075e-02,-2.038745119605478093e-02,4.911401151717782569e-03,-1.124090056308741205e-03,1.517554085735287224e-02,9.655058736347218659e-03,-2.150651874228711943e-02,2.766887531706953198e-03,1.173364233048690029e-03,1.265872116897710786e-02,1.339147443265209687e-02,1.331535451203988071e-02,2.685702561247660727e-02,3.431622757171456234e-02,9.563869672013272302e-03,2.437322509059439493e-02,3.496545983124955265e-02,3.732923671038812508e-02,6.571348230049518790e-02,-7.484497230778836691e-03,-3.312958896172173845e-02,2.561260290264699962e-03,-3.344625620782556291e-02,-1.451470748361473155e-02,-1.085363592810585772e-04,-1.643197171019819547e-02,-1.424147787007589740e-02,1.996795913001771228e-02,-1.087833852253925100e-02,-1.414820862321668378e-02,-1.836944697386715467e-02,-3.180608800501138339e-02,-1.568386179943683303e-02,1.140985255524298511e-03,-5.113799926661262950e-03,-1.189990038010922246e-03,-3.416430651650646105e-02,1.098475442486094959e-02,5.697350372022991216e-02,7.209045766321291876e-03,-2.778016827711191419e-02,4.363075670512044091e-02,5.135414728034972537e-02,2.051493190738060482e-02,1.002798646163818690e-02,2.995941758072527550e-02,-4.170296083864921503e-03,2.228279772604979669e-02,5.327254609505410743e-02,1.370756314876107364e-02,1.391567417495309829e-02,1.602215865225899150e-02,-7.980820463125490663e-03,-1.045212169195331060e-02,-1.705435113242143464e-03,-1.755295801082217694e-02,-1.541977694855191545e-02,1.540292108791373117e-04,-6.846891147975192778e-03,1.700211376549226605e-02,3.273731727603099509e-03,-2.082779082120686433e-03,9.945924249744823430e-04
4.791460467592587036e-01,1.000000000000000000e+00,3.588137689186579049e-01,1.143125920576748833e-01,7.982835500288874842e-02,4.864207153624726387e-02,-3.986912648517824259e-02,5.444191178638653483e-02,1.843269953416818915e-02,4.034507861797605871e-02,2.706779884838480046e-02,2.240169735139213580e-02,2.307639812498448253e-02,2.966161140837602836e-02,7.169145667185631426e-03,-4.346089757112511602e-03,4.300536509413286496e-02,5.187718516717756273e-02,4.512811847831923323e-02,2.638675060547384862e-02,2.875027750477455318e-02,4.245817520976818277e-02,2.700274382401568127e-02,4.478921230768871664e-02,3.208324489921697553e-02,4.633001381919510386e-02,3.779524825589780646e-02,-5.109887711176016971e-03,-1.273990387975412883e-03,2.305124068074423591e-02,-3.756020228267513070e-03,-1.241210596696459660e-02,1.977630148905945920e-02,7.884615841198795716e-03,1.049094924191860609e-02,3.290367470503122171e-02,-1.662903687989225783e-03,2.923501290982037301e-03,1.394837010116742630e-03,-3.013542515318586024e-02,-1.721934243026614075e-02,1.206336985910184956e-02,-1.134353632076586481e-02,-4.198492889224444253e-04,-4.390471686325227510e-03,3.049912376280652145e-03,1.348603518600800452e-02,1.345254646464875969e-02,6.300095181101681742e-03,8.116090813852613189e-03,2.134277524261179657e-02,3.569987647544053955e-02,1.861137404236451812e-02,2.513972957093591268e-02,-8.479239879462419083e-03,-1.848436949694988798e-02,2.642653198489965105e-02,-2.489097172807290537e-02,-2.055147020772181508e-03,2.835410243954608958e-02,4.891399962059750708e-03,-5.048892363534778806e-03,1.396095993243649802e-02,-1.319178240559518156e-02,1.864512245874436940e-03,7.633142452777255671e-03,-3.524841536652691815e-03,1.672960701697662894e-02,2.961903447904913958e-02,3.847872724012592338e-02,2.696106380561761121e-02
4.339131400519508630e-01,3.588137689186579049e-01,1.000000000000000000e+00,3.222742721308355374e-01,-8.757997775534119567e-02,2.620256703199068740e-02,-5.750403600419768529e-02,-4.510796567702560905e-02,-1.211503555137743819e-02,1.152474750813322832e-02,1.894499723680982337e-02,1.894727941993332859e-02,3.715833976044977029e-04,8.976736853419748849e-03,-3.288919917273384202e-02,4.185601007880518018e-03,2.795703401594643381e-02,2.744269165385899295e-02,1.257811889059983618e-02,-1.485930912640050401e-02,1.970718255605280120e-02,4.144151152368569929e-02,-2.779532445378370825e-03,2.635541693320503365e-02,4.968755310672117592e-02,5.318965234614883575e-02,7.043941392929048417e-02,-6.604195864657253986e-03,-1.786895086362420837e-02,-1.043616537499601586e-02,-2.753002854212092954e-02,-2.478813972559172369e-03,-8.430152068816804470e-03,-1.440525987323350993e-02,-4.321893305535725455e-02,2.184134035220881148e-02,-1.037804961793440707e-03,-2.181137878254545484e-02,-3.399788928971810009e-02,-1.155028339102980375e-02,-9.141114425994949916e-03,-1.263435866751468940e-02,-2.000843821158278246e-02,-3.479346665337933967e-03,-1.763982123824142656e-02,1.478328184443259904e-02,4.195423973100377568e-02,7.215262923547524979e-04,-2.289330682714972934e-02,2.251555839193974604e-02,3.495617297485935360e-02,-8.756082248946194706e-04,1.273315826884977540e-02,4.746499188756248683e-02,-6.597442245078799505e-03,-4.070187801263692833e-03,3.358092472467889139e-02,1.301565462288557665e-03,4.419281937884729505e-02,2.491788896092137634e-02,5.759621048070450756e-03,-9.188345144212727370e-03,9.806374647060402735e-04,-1.383255599279792011e-02,-2.587767169548839744e-02,-1.800041201032025889e-02,-1.863442706302884111e-02,2.337938795978131146e-02,2.474290775400475248e-02,2.878889648967987241e-04,1.824333267017000382e-02
1.966224916780403287e-01,1.143125920576748833e-01,3.222742721308355374e-01,1.000000000000000000e+00,1.903766966841545782e-01,1.817118460473102770e-01,1.389158641331193489e-01,3.417563785136251003e-02,8.422471014804434886e-02,4.554882519066760782e-02,1.122586460572247286e-01,6.562662711822271622e-02,3.682291394838571597e-02,5.638786169360933409e-02,2.477725098430134248e-02,3.048046683110703856e-02,2.288259743681246919e-02,-3.084995845400283297e-03,2.050425450128135277e-02,-2.614039680263794373e-03,-7.543419080316198129e-03,3.129079941620892952e-02,1.750120499391077944e-02,1.148491128139246358e-02,2.214990604863593948e-02,3.531272705618220681e-02,4.748445046325760338e-02,-2.695176703016570127e-02,-1.716263243641031385e-03,-1.570463946756081933e-02,7.236992353506067985e-04,9.693119478524256719e-03,-6.534517340099776244e-05,1.716407185977770686e-02,-1.816117035047791831e-02,1.307429111569522774e-02,-1.213766250694722944e-02,1.084912319189585729e-02,-1.750665261498648637e-02,-2.666118524075621402e-02,-2.943792734569338713e-03,9.601792063088877491e-03,2.279402488264393664e-02,2.983005937367365964e-03,-2.225358910530637890e-02,3.382982663806661638e-03,4.618973577411715492e-02,2.817470957138977147e-02,-3.273385129580420189e-02,4.263117968680658204e-02,3.297762961012639521e-02,-1.139426875123122906e-02,2.760073128605099180e-02,4.459371659409636091e-02,1.902895771023329144e-02,-1.726639850797707584e-02,8.361096214819707315e-03,-2.358012949071219833e-02,2.943294718998969856e-02,3.040890216178230090e-02,1.016915571739034074e-02,1.424504106857300660e-02,-1.453275169223641793e-03,2.214779110776221582e-02,-6.183441515621708549e-04,-2.934613688770679532e-02,-2.021447636295161526e-02,1.725724399652254354e-02,-1.318855658263212195e-02,1.172599527933279942e-02,-3.361161315543317700e-03
2.155518543291195036e-02,7.982835500288874842e-02,-8.757997775534119567e-02,1.903766966841545782e-01,1.000000000000000000e+00,3.196028998942356258e-01,1.660450102425038987e-01,1.392224459591758223e-01,1.163625137854418096e-01,8.088916368036401516e-02,9.871990609725948829e-02,1.048142305164811022e-01,6.245172674999763945e-02,9.301667710384629861e-02,9.252204422097720649e-02,3.705580583598547945e-02,6.524734016434094452e-02,-8.610099496042288372e-03,2.728948445060225964e-02,1.972159645286960736e-02,4.663334503697388889e-02,2.488023074619260394e-02,-1.354901224518676806e-03,2.394698979900004160e-02,2.365549735614509361e-02,3.366157226218040310e-02,2.735261583938471824e-02,1.337032629988740362e-03,5.337835905826070898e-02,1.684477011647394357e-02,3.509324627402179118e-03,4.935855483812587492e-03,-9.085117272857122072e-04,2.928389494453776526e-02,5.115039140203116175e-02,1.239203718501138106e-02,-2.766247663153411154e-02,3.285928368271452682e-02,1.122521178185785506e-02,-4.739611476257837158e-02,-8.651738996961371927e-03,1.432292428351218151e-02,9.909779716721221071e-03,6.389331920336714654e-03,-1.576885200554864475e-02,1.495527162407643031e-02,2.357890943560789904e-02,2.413289639411131046e-02,-1.460288992050801787e-02,3.360196187537510537e-02,1.668285646792561777e-02,1.999697300695435498e-03,3.170998225181484442e-02,2.444220990196963733e-02,1.487763820497354714e-02,1.052726551481687062e-02,-1.075920714955673485e-02,1.448165880648013236e-02,7.754099089934073617e-03,-2.651674053298620076e-02,4.408221175171193884e-03,1.645397710793720589e-02,1.291752126651312706e-02,4.378379899261480163e-02,1.432949767324201602e-02,2.708185706172163386e-03,1.435318142912407093e-02,1.475298587483644432e-02,-2.994033232293043245e-02,3.306583864225145358e-02,1.242654788015725310e-03
-9.676771286642748410e-03,4.864207153624726387e-02,2.620256703199068740e-02,1.817118460473102770e-01,3.196028998942356258e-01,1.000000000000000000e+00,3.668282336967558788e-01,2.429090611530889676e-01,2.303208623852736892e-01,2.030852738183019368e-01,1.676902828179651639e-01,1.711467929309384017e-01,1.085933103213342771e-01,1.276069147858650554e-01,9.260531323365488177e-02,1.785159702503423540e-02,9.917132131537356732e-02,4.290948223094607356e-02,4.787016941264552600e-02,3.754425607098330064e-02,2.662717981185121208e-02,3.287719147973572342e-02,4.420825300799328950e-02,2.063356522683739216e-02,-5.418301139145421247e-03,-4.077704411606549763e-03,1.530549073545062156e-04,-1.444368413908161605e-02,3.411466907228439399e-02,-1.013358972428152335e-03,1.113873110082115245e-02,3.904639605084769122e-02,-3.817466815008388730e-03,3.056571470010456190e-02,2.294792356080967502e-02,1.249724031801771953e-02,-1.991425572436159724e-02,4.114992930340176380e-02,2.926173398881078483e-02,-4.633852182695488015e-02,-3.827247605824012685e-03,1.612745927104957538e-02,1.765073541338352259e-02,3.657500191465793554e-02,-1.768124012006545148e-02,-1.261587921101397364e-02,4.760133167240720997e-02,2.098663580533309189e-02,-2.440130781074596744e-02,1.773514913295350451e-02,1.656708551706211410e-02,1.068152052555409147e-02,1.716799144539209176e-02,6.909846800201994814e-03,1.155632241104300600e-02,-1.508545955380449256e-02,-2.819053447502568605e-03,-2.897301097277634949e-02,5.028828302249512688e-03,3.226113859490353092e-03,5.304703132268661324e-03,3.293804172164402355e-02,1.769214272206353147e-02,4.732189325241802774e-02,1.702707226717343689e-02,-1.676816532520751524e-02,-1.595393222152082652e-02,1.043379420320274253e-02,1.213483645209068257e-03,3.661300457479774867e-02,4.260269148459734211e-04
-7.548508027569293677e-02,-3.986912648517824259e-02,-5.750403600419768529e-02,1.389158641331193489e-01,1.660450102425038987e-01,3.668282336967558788e-01,1.000000000000000000e+00,2.608754593839222036e-01,1.366458967781123413e-01,1.195974236760155018e-01,1.369350005229562073e-01,8.378310785603740318e-02,7.227750903091269274e-02,1.229091483571131266e-01,1.027248284472418449e-01,2.712491295389982821e-02,9.617381696037638483e-02,8.054959474194886559e-02,4.337453380633055078e-02,6.790055854392761103e-02,2.100516956991843598e-02,1.202422397469049206e-02,6.235691031902156067e-02,2.144763706235698272e-02,-3.784732493980668550e-02,1.725242272400118876e-02,2.665562613161543467e-03,-2.413450697552197224e-02,1.734228758270763698e-02,-2.461932501753070004e-02,-1.613999151032023682e-02,1.264000370700771141e-02,-1.918878613704961753e-02,2.189671961659821892e-02,-4.582763905816417647e-03,3.756617091359779059e-02,1.678879533491506315e-02,2.167794440643454335e-02,1.409655963859897908e-02,-2.103983750224336716e-02,1.099504787428475482e-02,1.606223558101487967e-02,-5.823906842792911202e-03,-5.782624075006136816e-03,9.060736228885120716e-03,1.577627916378004924e-02,1.341111167741671634e-02,-3.162348952926002151e-03,1.868363157116977730e-02,1.857977410012463804e-02,-1.914822605717803744e-02,1.569351223870252277e-02,6.957215168069836794e-03,-3.319320521969149496e-03,6.228031743738140710e-03,8.565298733113098709e-03,-2.541367603311796286e-02,-1.613836968844846800e-02,1.568947787113759290e-02,-1.399024268668916902e-02,3.989272058027495439e-03,2.483220388198386155e-02,1.237465167148604946e-02,4.707852644222208088e-02,4.059063495058653354e-02,2.014520216770661343e-02,2.614862850080879389e-02,1.681805179910509512e-02,-1.863194825697266424e-02,3.948803945396073961e-02,9.324648224197713831e-03
-6.407420508891835398e-02,5.444191178638653483e-02,-4.510796567702560905e-02,3.417563785136251003e-02,1.392224459591758223e-01,2.429090611530889676e-01,2.608754593839222036e-01,1.000000000000000000e+00,4.035991238358639377e-01,4.311117583531067221e-01,3.104602720729585097e-01,1.880126876806155478e-01,1.157139492345950205e-01,1.395730984224732574e-01,1.047607619034565118e-01,1.932439220915531039e-02,1.183074093002983024e-01,3.660599331859435562e-02,2.946694644758108064e-02,3.629074986985675409e-03,1.820403360851073279e-02,-1.543455410691577101e-03,2.586354598621853559e-02,-6.981905122051259779e-03,6.802201236268632170e-03,-3.197128878961143228e-02,-1.140279536588442375e-02,-1.425960788568062724e-04,1.528404092646933922e-02,7.452982931975347947e-03,-1.978462399347330003e-04,1.269814472747787630e-02,1.665280868677571774e-02,2.954829869701102937e-02,1.139120696164911545e-02,2.112819352063210337e-02,6.511534822859255112e-02,3.704292466780773063e-02,-1.964171879429246759e-02,2.052789093297268958e-03,3.862686644912880635e-02,1.622010874861735605e-02,4.181484671013674381e-03,7.129734899672043012e-03,1.678299631376944587e-02,-2.007440176901596762e-02,-2.804345471155860609e-02,4.271146924163426312e-03,1.771205088540794836e-02,4.489377429407445490e-03,-1.488057862337003635e-02,9.887016843019350715e-03,4.050416958307181958e-02,4.709680322501333849e-04,-2.933243473358971426e-02,-3.223735454956908747e-02,-3.539198513575168414e-03,-8.909908707821098672e-02,-1.444882435479478804e-02,1.202384952969443033e-02,2.979306359702941012e-02,3.797742521398110582e-02,3.662354694286345386e-02,4.902916300520102945e-03,1.651168763678613136e-02,7.083177458485440114e-03,-1.760968463005684048e-04,-1.380145848254692512e-02,2.828460762117961796e-02,4.654862119172981788e-02,1.165736578059375222e-02
-3.468599757728704075e-02,1.843269953416818915e-02,-1.211503555137743819e-02,8.422471014804434886e-02,1.163625137854418096e-01,2.303208623852736892e-01,1.366458967781123413e-01,4.035991238358639377e-01,1.000000000000000000e+00,3.344393869808982567e-01,4.430616790395881521e-01,1.875775604920084660e-01,1.475774719051305139e-01,1.034573411093549639e-01,8.652703090339791681e-02,7.929815181634283783e-03,1.200331408819129281e-01,4.238122865018714713e-02,1.999824824817090802e-03,-1.136612932574664926e-02,3.231503023814974451e-02,3.009219353876725969e-02,4.394178347058418088e-02,-1.660075355596569643e-02,1.827034801465141425e-02,-3.885216743502819571e-03,5.065309302372644762e-03,-3.163104222436490150e-03,5.448545513404647045e-02,5.126057234375745730e-02,3.320611969615892139e-02,7.174029464419862112e-02,4.410243066116511373e-02,7.705001143937256769e-02,3.347581398645996242e-02,-1.083748081021789107e-02,3.564995466849336936e-02,8.424789736944880703e-02,-6.562062631633612184e-03,-2.238088978568812323e-02,4.350615590422896028e-02,4.970940168389646058e-02,2.537590190298268447e-02,3.626656470785859926e-02,3.897203913064816588e-02,-2.690975337583186022e-02,-1.144713147752633373e-02,4.787100294781252569e-02,1.854908455563188119e-02,-1.680781792146026493e-02,1.334881589905584538e-02,3.547514173415749344e-02,1.774639802909434502e-02,4.871149990332600071e-04,9.193415208504779335e-03,-2.636721085816504800e-02,5.800049563850643956e-03,-4.087350551671936616e-02,-1.579624395635039966e-02,3.064887731991658773e-02,3.137364555165202823e-02,-3.666580096331763326e-03,-8.422383105618845567e-03,-5.055500171331336196e-02,-3.616816982492746663e-02,-2.424594884888684604e-02,-5.699175956384182340e-02,-7.543662835611668338e-02,-4.035514247451365091e-04,9.438473812857641615e-03,-2.478169458924631488e-02
-2.038745119605478093e-02,4.034507861797605871e-02,1.152474750813322832e-02,4.554882519066760782e-02,8.088916368036401516e-02,2.030852738183019368e-01,1.195974236760155018e-01,4.311117583531067221e-01,3.344393869808982567e-01,1.000000000000000000e+00,3.684809470122820674e-01,2.841758178181187922e-01,1.533303268686601051e-01,1.839510421864915257e-01,1.309215977147663024e-01,4.808331745486121162e-02,1.447109500815723926e-01,7.597855383881819968e-02,5.345948687131103771e-02,3.516673424719653218e-02,8.543238536470926237e-02,5.878036482615814351e-02,2.829057864177965051e-02,2.545555921597748156e-02,1.477217699503265320e-02,8.806460227098786286e-03,4.540970220265809140e-03,2.566179728046876635e-02,3.644301251937784314e-02,3.214717626918080912e-02,3.371142063978403713e-02,5.754698462122107699e-02,6.588991532508914339e-02,6.030208362273795086e-02,4.882787206609108532e-02,3.668987631323897963e-02,6.896206350647410277e-02,6.338620833492243645e-02,-1.388582850384284528e-02,1.773052995845198843e-03,5.535575064619363550e-02,1.241988728429865158e-02,1.480675955767340839e-02,-2.228028477135120256e-02,2.077510254150519153e-02,1.341030907874107489e-02,-3.868171230458883336e-02,1.162190601230912723e-02,4.440452850605723645e-02,2.889381840814165582e-03,-2.199085110722371131e-02,1.764942160975784685e-02,2.121139798475927402e-02,-2.961078065209097471e-02,-3.512584905033774851e-02,-4.668186518082378250e-02,4.640265343254344624e-04,-8.253306019830326801e-02,-4.066618110301122545e-03,2.822454046800603952e-02,1.451169518165027102e-02,1.407103230247625913e-03,1.573031498587939940e-03,-1.053263449488592816e-02,-9.448251984360015387e-05,6.361064774192451074e-03,-5.073695959232345926e-03,-3.938950849051345293e-02,1.966946810745075214e-02,6.559189531770170944e-02,-2.032109809205155312e-02
4.911401151717782569e-03,2.706779884838480046e-02,1.894499723680982337e-02,1.122586460572247286e-01,9.871990609725948829e-02,1.676902828179651639e-01,1.369350005229562073e-01,3.104602720729585097e-01,4.430616790395881521e-01,3.684809470122820674e-01,1.000000000000000000e+00,2.538978984095396907e-01,2.257687487155261297e-01,1.793965077406326492e-01,1.549005750116790314e-01,6.869185543627237545e-02,1.303350870060406841e-01,2.532775747107843950e-02,5.211715097312174388e-02,3.667998952244952426e-02,6.541551521663763191e-02,5.035464653954032505e-02,3.866581817119170428e-02,1.810778325311072912e-02,-5.765368537012528077e-04,2.388912675499151039e-02,1.075622480143859257e-02,2.308861228349906938e-02,7.562486886704189448e-02,4.485183650970468033e-02,4.123506593931683395e-02,5.333505884542450587e-02,7.166993089087962676e-02,6.025264796157310532e-02,3.123793545674089997e-02,5.394431845627063911e-03,4.530081071139810400e-02,5.913989680282816935e-02,-2.230055926592086277e-02,1.754780923402288282e-03,4.701133181005249378e-02,2.051425601184773267e-02,1.992966669855555581e-02,-8.598564678338780493e-03,-3.726116135800816142e-03,1.662114616907945167e-02,-4.242331695745036463e-03,-1.908925211580450327e-03,1.270189809077713547e-02,7.014877608822933999e-03,-2.121899538567957166e-03,-1.270517489252230743e-02,3.468717358491853198e-02,2.235156172741047803e-02,-2.878252120491742172e-02,-6.892248492613044231e-02,1.468334778600520474e-02,-7.891934895042322651e-02,1.207489589043535434e-02,4.511990548244871474e-02,8.570846817754367714e-03,-2.025659695419563741e-02,-1.165276558272414220e-02,-3.121182071632045210e-02,-2.545532806323462863e-02,-2.000853796993432368e-02,-3.518577838141494218e-02,-5.046851274738283627e-02,1.148719996501754506e-02,9.117895354673524050e-03,-1.441424988839670046e-02
-1.124090056308741205e-03,2.240169735139213580e-02,1.894727941993332859e-02,6.562662711822271622e-02,1.048142305164811022e-01,1.711467929309384017e-01,8.378310785603740318e-02,1.880126876806155478e-01,1.875775604920084660e-01,2.841758178181187922e-01,2.538978984095396907e-01,1.000000000000000000e+00,3.546433887348187652e-01,2.310506869494062809e-01,1.431250987043199974e-01,-3.235678371769035166e-02,1.735867544537943452e-01,5.026511983293555086e-02,4.084663813975894509e-02,5.219494300096903794e-02,3.484668731279876724e-02,4.009980256673145033e-02,6.133174839724980093e-02,3.433441402374723395e-02,3.886989194253225727e-02,-9.065041627408969641e-03,4.261168121701772865e-03,1.892190836586101627e-02,7.065781434565744645e-02,6.586607929156786112e-02,5.082791837488601777e-02,6.706257817272462396e-02,7.551710670745297171e-02,5.489320249822626091e-02,4.049085065335170097e-02,2.192642720675440013e-02,7.647217922684602931e-02,6.543790825798996569e-02,-4.294132072502113845e-02,1.676993774186422842e-02,6.786893909011315618e-02,-3.420430627695377791e-03,9.455458193272359840e-03,-4.605120199977327106e-03,2.693220104073590013e-02,7.033316043346548967e-03,-1.246963811986998537e-02,-2.545522066478159932e-03,-2.253674242741934841e-03,-1.587575778485044581e-02,2.610731980844880826e-03,2.470586063330192095e-02,1.063865955324821630e-02,-9.981336306873924216e-03,-2.803961624695511939e-02,-2.760708320372232474e-02,-1.343699017914588324e-02,-5.428803126042689581e-02,6.609685521626217607e-03,-8.235471498120159120e-03,-8.550671067202340186e-03,1.336997572952747064e-02,-1.969513820321315556e-02,-4.516116699829292314e-03,-1.016069797687554899e-02,-2.072084835446421497e-02,-3.413192527691626729e-03,-4.561496017049537777e-02,-2.734318150915729384e-02,-7.961007577857502279e-03,-1.273791136928506540e-02
1.517554085735287224e-02,2.307639812498448253e-02,3.715833976044977029e-04,3.682291394838571597e-02,6.245172674999763945e-02,1.085933103213342771e-01,7.227750903091269274e-02,1.157139492345950205e-01,1.475774719051305139e-01,1.533303268686601051e-01,2.257687487155261297e-01,3.546433887348187652e-01,1.000000000000000000e+00,2.571372107336539758e-01,1.815115168595137773e-01,-6.662242559106723583e-02,1.938450437880617494e-01,1.067898168106939938e-01,-8.085916385189085773e-03,8.430053249228484924e-02,8.885639088859551005e-02,5.330699384256588208e-02,5.563378099391431270e-02,9.740961043329594837e-02,6.029192737263493196e-02,3.568135040925127059e-03,2.455843288092904655e-02,3.519058770821413551e-02,6.136922146857676924e-02,3.449434828204285541e-02,3.062925790959299469e-02,5.911626490828720409e-02,6.030877172426851035e-02,4.504095521565799898e-02,1.365568283312786936e-02,4.128976799731699093e-02,1.065151638793519068e-01,3.667020399122551677e-02,-4.271679225700968086e-02,5.238637757025221137e-02,6.176330946189944465e-02,-2.855893955186650582e-02,5.604440977682203021e-03,-8.755890002454278648e-03,1.788461075116106564e-03,-4.233244857863280135e-03,-9.564618015565616929e-03,-2.940174891911265243e-02,-3.515280047501975064e-02,5.196433153696715379e-03,1.061589720698636469e-02,1.462430647055291098e-03,2.056261778752485614e-02,-1.160490492953257340e-02,-2.187468558312550063e-02,-1.229401517786036895e-02,-7.174873804395399263e-03,-4.105278449598761398e-02,-5.759911526933263887e-03,-2.353773064702008658e-02,-5.795765825109644269e-03,-1.480066667845070585e-02,-2.169668367478608945e-02,-2.371265177131500965e-02,-1.188864894476731639e-02,-1.507272326581012359e-02,-2.300697698810273001e-02,-3.586317063031482788e-02,-2.135420264223750197e-02,-2.308133643565406234e-02,-1.572571307159579407e-02
9.655058736347218659e-03,2.966161140837602836e-02,8.976736853419748849e-03,5.638786169360933409e-02,9.301667710384629861e-02,1.276069147858650554e-01,1.229091483571131266e-01,1.395730984224732574e-01,1.034573411093549639e-01,1.839510421864915257e-01,1.793965077406326492e-01,2.310506869494062809e-01,2.571372107336539758e-01,1.000000000000000000e+00,4.838269029820234102e-01,3.383504598190230084e-01,5.722502385941915515e-01,1.766070011378357840e-01,1.099896748518948558e-01,1.550402271036560031e-01,8.711261661605342044e-02,1.721293113926148852e-02,1.221298025568485629e-01,1.316516090241091341e-01,1.025106727154770359e-02,3.466459312342203697e-02,7.431584086262530732e-03,2.692451728890930818e-02,8.170281862434540521e-02,5.063439296905537790e-02,2.988986339367950829e-02,8.697112938806686455e-02,5.380436798085287686e-02,6.500731259343239810e-02,4.461029840360256071e-02,4.915074689397758850e-02,9.732983119760807433e-02,8.248211033780544765e-02,-4.728330199756824136e-03,6.597625245352115031e-02,7.177193812138998874e-02,-3.876821004935114730e-03,3.451680905759769297e-02,-6.755567113572538175e-03,1.537381581088665024e-03,-3.872059491159969644e-03,-2.506340565023706946e-02,-6.199194181586258068e-03,-1.726111371508133943e-03,-5.183339573147115187e-03,-1.731151830402095915e-02,1.016690415901199546e-02,-5.676949150121029901e-03,-3.921033636530056599e-02,-3.146424225880036646e-02,-4.917522204989404483e-02,-9.981902402454653767e-03,-9.009957631067580519e-02,-3.343843349032225160e-02,-4.964664377837465017e-03,-2.516426514296042985e-02,-1.414018131801426069e-02,-7.779889179952953482e-03,2.441705653419578605e-04,9.719321250496536224e-03,1.245473833689635622e-02,-4.461135895687411840e-02,-1.714030861385845012e-02,-1.675667979268808880e-02,-3.850505618874384278e-02,-9.266507545299987672e-03
-2.150651874228711943e-02,7.169145667185631426e-03,-3.288919917273384202e-02,2.477725098430134248e-02,9.252204422097720649e-02,9.260531323365488177e-02,1.027248284472418449e-01,1.047607619034565118e-01,8.652703090339791681e-02,1.309215977147663024e-01,1.549005750116790314e-01,1.431250987043199974e-01,1.815115168595137773e-01,4.838269029820234102e-01,1.000000000000000000e+00,3.900366915326174966e-01,4.861121557326157916e-01,1.503602830573878835e-01,6.574043740680994563e-02,1.578177113630738204e-01,1.650773090381878749e-01,-6.361904506388836589e-02,5.723208774570032881e-02,1.318506992192200189e-01,3.812492754629846076e-02,5.227064334826216074e-02,-2.849929382316877119e-03,6.751194133035541556e-02,1.178220713292549987e-01,9.001433584087407958e-02,6.574735302602523201e-02,8.700861205280274735e-02,9.229609420676362919e-02,7.325045974192044562e-02,5.101248636751362642e-02,1.364668402710484361e-02,5.133816881083855949e-02,6.041905901767369302e-02,-1.342229424824346873e-02,2.768802610226097152e-02,4.737015508434411215e-02,-9.176670712015085399e-03,3.319016818027315657e-02,-1.129305630434109149e-03,2.268486143577167630e-02,-2.471644623767420973e-02,-4.271213634933029857e-02,1.440256905822700703e-02,-1.338194204540875919e-02,-3.205903543726109500e-02,1.507127329562088318e-04,4.661305518048408127e-03,1.542140998605920008e-02,1.687050920014441374e-02,-1.400566563561108681e-02,-3.602619728612285743e-02,-1.225829034106106072e-03,-4.622349708536083179e-02,-4.350647336537735027e-02,-1.518178018330066520e-02,-3.710304662281891513e-02,-3.300388799153795849e-02,5.963314453603944711e-04,1.263610456961976498e-02,1.467389289961558083e-02,1.853400285108896053e-02,-1.896118023366982416e-02,-1.276328693954406493e-03,2.036456949844541939e-02,-3.088799778362444348e-02,1.828531988678655171e-02
2.766887531706953198e-03,-4.346089757112511602e-03,4.185601007880518018e-03,3.048046683110703856e-02,3.705580583598547945e-02,1.785159702503423540e-02,2.712491295389982821e-02,1.932439220915531039e-02,7.929815181634283783e-03,4.808331745486121162e-02,6.869185543627237545e-02,-3.235678371769035166e-02,-6.662242559106723583e-02,3.383504598190230084e-01,3.900366915326174966e-01,1.000000000000000000e+00,3.364051724827127332e-01,5.353158961970613805e-02,1.108900854270278569e-01,6.926186699252816215e-02,6.976169184662675549e-02,-2.729651977939312815e-02,4.486431899094148884e-02,5.576816548703061871e-02,2.102049936603818045e-02,6.637348250782877657e-02,3.518989991917156196e-02,1.722578399881139269e-02,4.609856865254659264e-02,8.064974843153989437e-02,5.230262622744388801e-02,5.943119502720635439e-02,6.726510409849260907e-02,2.590319320662886476e-02,5.995653705805761846e-02,2.082510811229257644e-02,4.572820656509679615e-02,3.571670116371149922e-02,-8.527182510100892365e-05,2.597410293078113164e-02,4.099273309377754471e-02,-2.841162400697227509e-03,2.259537257192857640e-02,-3.772226664549339914e-02,-1.572853962499904182e-02,1.534088186833206489e-02,-9.989899861958429980e-03,7.705703174648773253e-03,3.762629082098171117e-03,1.145314014499270068e-02,-1.335644215879655712e-02,-2.656286101611253156e-02,-1.932172965368944215e-02,-1.737836836562202045e-02,-7.402531388825411493e-03,-3.837434943979674273e-02,-1.138363691150777977e-02,-4.056198178174363206e-02,-4.058154303626855530e-02,3.717114653113480494e-03,9.866108985296788772e-03,-2.775796227010563291e-02,3.036787726360529985e-04,-2.834374463190051166e-02,-2.075588631605872550e-02,9.703989988289619950e-03,-5.825768863394714669e-02,-8.824195904190651127e-03,3.143885888924603800e-02,-4.732940692253675974e-02,-2.292886450443611460e-02
1.173364233048690029e-03,4.300536509413286496e-02,2.795703401594643381e-02,2.288259743681246919e-02,6.524734016434094452e-02,9.917132131537356732e-02,9.617381696037638483e-02,1.183074093002983024e-01,1.200331408819129281e-01,1.447109500815723926e-01,1.303350870060406841e-01,1.735867544537943452e-01,1.938450437880617494e-01,5.722502385941915515e-01,4.861121557326157916e-01,3.364051724827127332e-01,1.000000000000000000e+00,2.709869247816267257e-01,2.012706422189551314e-01,1.695184846649684385e-01,7.020239518180573790e-02,7.231222654579391729e-02,2.172896970403854489e-01,1.622903195386869724e-01,4.634839393745433106e-02,9.338213134215636591e-02,-9.751818424510963913e-04,5.914931160670186538e-02,1.162964076989280032e-01,1.074433392513353541e-01,6.398636419014060162e-02,1.201471501918701668e-01,9.426344928937356593e-02,9.034657821320338233e-02,7.952810677011432072e-02,8.557748301976531025e-02,1.098345110491692617e-01,1.019389460645177964e-01,4.377308393717806514e-03,7.132635675224339999e-02,8.781164281869686949e-02,6.525690882209745150e-03,4.312737388408180439e-02,1.568326944238574230e-02,2.952697588379093671e-02,-2.553828622645904281e-02,-9.955521266051575030e-03,1.735030592455034503e-04,-1.554001254514160088e-02,-2.470778736746099061e-02,-4.114387340705237192e-03,-1.670643021430757644e-03,6.841837771277016131e-03,-2.206038395896095863e-02,-2.779199976925822435e-02,-6.103801109981979445e-02,-2.269818572769928197e-02,-9.486811180875574789e-02,-4.382484734150358247e-02,-7.381559063209205442e-03,-3.191207713054621670e-02,-3.437232372005331188e-02,-2.500386881772368591e-02,-1.036168280478843781e-02,-9.188076917422042730e-03,-1.085730977729646753e-02,-6.713037314887530804e-02,-2.399972004091972116e-02,-2.227300794930488909e-02,-6.562028808366193733e-02,-7.407444127462668899e-03
1.265872116897710786e-02,5.187718516717756273e-02,2.744269165385899295e-02,-3.084995845400283297e-03,-8.610099496042288372e-03,4.290948223094607356e-02,8.054959474194886559e-02,3.660599331859435562e-02,4.238122865018714713e-02,7.597855383881819968e-02,2.532775747107843950e-02,5.026511983293555086e-02,1.067898168106939938e-01,1.766070011378357840e-01,1.503602830573878835e-01,5.353158961970613805e-02,2.709869247816267257e-01,1.000000000000000000e+00,2.515223131930023892e-01,2.289972358640798566e-01,8.331446389897322058e-02,1.697947132100956769e-01,1.425357286153078884e-01,4.262468873370147543e-02,5.984414647544940291e-02,1.114564598482761792e-01,3.754861796759093040e-02,-4.396514772839454910e-02,5.513752551752976010e-03,4.784665188650045337e-02,3.073538248773068776e-02,6.338930497104020012e-02,1.201065717869250794e-02,2.490788590553244530e-02,3.563506618484099664e-02,6.462675519015755043e-02,1.095405370134077960e-01,7.110516363406894913e-02,-1.687558909282482408e-02,9.008781013358058143e-02,1.111084720606215076e-01,-1.412291978198651661e-02,6.257854009096031067e-02,5.544575856802114872e-03,-2.013758486518724827e-02,-2.947378513973016728e-02,-2.555656390961999480e-02,-6.559065773908032485e-03,-3.128077066270657652e-02,2.808811898982963191e-03,1.989117104830349144e-03,9.951199059957331616e-03,-1.677304506033071296e-02,-8.791444491401114933e-03,-4.465220696999415428e-02,-3.327277430413168313e-02,1.870119903872534753e-02,-2.927458798400511819e-02,-5.328681174775307984e-03,3.010960996457485994e-03,-3.378678057196354400e-03,-6.373605683999532256e-02,-4.946767393917978622e-02,-3.553599722148125667e-02,-4.047707828593485185e-02,-6.117387576655356624e-02,-5.423488909267240587e-02,-5.485853652461248828e-03,-1.131683028783066376e-02,-2.851512235785803526e-02,2.092973395853084395e-02
1.339147443265209687e-02,4.512811847831923323e-02,1.257811889059983618e-02,2.050425450128135277e-02,2.728948445060225964e-02,4.787016941264552600e-02,4.337453380633055078e-02,2.946694644758108064e-02,1.999824824817090802e-03,5.345948687131103771e-02,5.211715097312174388e-02,4.084663813975894509e-02,-8.085916385189085773e-03,1.099896748518948558e-01,6.574043740680994563e-02,1.108900854270278569e-01,2.012706422189551314e-01,2.515223131930023892e-01,1.000000000000000000e+00,1.922017336562324152e-01,-7.630495859899180666e-02,3.460259981785499539e-01,3.373582845576363898e-01,2.889808538672321986e-02,-8.494675397083835400e-02,1.449694054131806797e-01,4.372367401506348401e-03,-1.230588445260856305e-02,3.166572298289647286e-02,5.980956870142255938e-02,4.055801401608706558e-02,8.724576146385219430e-03,2.041854146866818598e-02,8.409356320598513007e-04,5.091201928502742807e-02,3.780895602836437108e-02,8.081418536145311415e-02,8.611797478586517840e-02,-7.453609564844419430e-03,4.588410088179101232e-02,8.655800254579273934e-02,1.942522983162709924e-02,6.034500733047302307e-02,1.439481408531844038e-02,2.744357269458692211e-02,8.503481680785952151e-03,-2.863096960507060477e-03,3.017218268488112976e-02,1.849466826241182374e-02,3.232334841846148943e-02,4.176528715539105929e-02,5.970281762328109171e-02,3.102481553712144874e-02,-6.987703767071030449e-03,-1.161290227006643062e-02,-2.382504585931020935e-02,2.720107956855721820e-02,-4.796347396040144540e-02,1.076386982047292584e-03,3.204743745088864393e-02,-3.476859558451413090e-02,-2.003437244585149282e-02,1.374531498029821393e-02,-2.475141122800096627e-02,-9.549241377744166655e-04,8.372629604555460736e-03,-1.309462588347090270e-02,-2.864451465581141845e-02,5.396163895468652182e-03,-3.640750597385173509e-02,-2.909165775306290710e-02
1.331535451203988071e-02,2.638675060547384862e-02,-1.485930912640050401e-02,-2.614039680263794373e-03,1.972159645286960736e-02,3.754425607098330064e-02,6.790055854392761103e-02,3.629074986985675409e-03,-1.136612932574664926e-02,3.516673424719653218e-02,3.667998952244952426e-02,5.219494300096903794e-02,8.430053249228484924e-02,1.550402271036560031e-01,1.578177113630738204e-01,6.926186699252816215e-02,1.695184846649684385e-01,2.289972358640798566e-01,1.922017336562324152e-01,1.000000000000000000e+00,2.154599606343866047e-01,6.223094069464223631e-03,3.906323422071103502e-01,3.625428397859354890e-01,-1.599534329394262933e-02,1.419298061403608258e-01,7.857277231428620723e-02,7.827868892192184347e-02,5.076295911060176025e-02,1.266193934841059465e-01,1.051401968566447326e-01,1.089740249269448846e-01,1.048270008991700614e-01,8.281716307432031299e-02,7.916895253145893319e-02,-7.039203659398112455e-03,4.962118137233916676e-02,8.443293038348040347e-02,-6.649153133926469835e-04,1.928117156821132494e-02,4.745524648836664527e-02,-4.824560810240206832e-02,2.950622464960899957e-02,-3.406137311045751015e-02,-5.783654948759244657e-02,-3.509066137607428498e-02,-3.972833434880503056e-02,-8.764298935145650726e-02,-6.235597332659520431e-02,-6.045006782690424095e-03,-2.480299532641691215e-02,-5.495437123666477297e-02,-4.086707858845597258e-02,1.318120544779803095e-02,-5.939127399516661715e-02,-7.670267827172422281e-02,-1.808030668645425887e-02,-4.982725238988645888e-02,-2.481942897668824172e-02,-3.534687653245686956e-02,-2.476341386774154329e-02,-6.413048684813207889e-02,-1.007268838841302444e-01,2.599178111938279731e-02,4.755686255047729405e-02,4.934636378100010212e-02,5.945434790828835019e-03,2.667673252328904912e-02,2.111710942743197025e-02,4.913607672395159040e-03,-1.239715056804487417e-02
2.685702561247660727e-02,2.875027750477455318e-02,1.970718255605280120e-02,-7.543419080316198129e-03,4.663334503697388889e-02,2.662717981185121208e-02,2.100516956991843598e-02,1.820403360851073279e-02,3.231503023814974451e-02,8.543238536470926237e-02,6.541551521663763191e-02,3.484668731279876724e-02,8.885639088859551005e-02,8.711261661605342044e-02,1.650773090381878749e-01,6.976169184662675549e-02,7.020239518180573790e-02,8.331446389897322058e-02,-7.630495859899180666e-02,2.154599606343866047e-01,1.000000000000000000e+00,1.330151681043257872e-01,-6.961646294253409639e-02,3.140137076147130335e-01,3.042532063723264457e-01,2.528766568912289014e-01,1.738942679550146420e-01,1.590736043004393474e-01,8.928550499492116099e-02,2.166232661878163268e-01,1.400839102873706055e-01,1.073206721011280146e-01,1.089798082431344545e-01,2.851467533234811665e-03,1.773092781303831772e-02,-7.097067365766453889e-03,-9.685071878573319956e-03,4.004013802005026990e-02,1.800254530808988174e-02,-2.513919670114217464e-02,1.393470367929675567e-02,-2.235358146644148003e-02,8.265608914550430855e-03,-7.458580591173320784e-02,-4.968047981036035482e-02,3.271174122438396184e-03,-2.590284412253448729e-02,-5.847643008716955915e-02,-3.364531104685651586e-02,-1.514604560826947333e-02,-4.031531650795922711e-02,-6.769442169230706352e-02,-4.784950490448643991e-03,-4.696527561367904238e-03,-5.195842968212124185e-02,-7.953978804906218503e-02,-2.712617808285645166e-02,-5.041752033249814052e-02,-5.841300974233031712e-03,3.428335648405829699e-03,-2.175138541739354402e-03,-3.654293813111187533e-02,-4.851655829781182511e-02,2.138945058147468346e-03,-4.231815321264659722e-03,7.511429741335089172e-02,6.516821767133439136e-02,3.889088322936508357e-02,1.051651858213528412e-01,7.069896964248349736e-02,-1.104756328317984745e-02
3.431622757171456234e-02,4.245817520976818277e-02,4.144151152368569929e-02,3.129079941620892952e-02,2.488023074619260394e-02,3.287719147973572342e-02,1.202422397469049206e-02,-1.543455410691577101e-03,3.009219353876725969e-02,5.878036482615814351e-02,5.035464653954032505e-02,4.009980256673145033e-02,5.330699384256588208e-02,1.721293113926148852e-02,-6.361904506388836589e-02,-2.729651977939312815e-02,7.231222654579391729e-02,1.697947132100956769e-01,3.460259981785499539e-01,6.223094069464223631e-03,1.330151681043257872e-01,1.000000000000000000e+00,7.683482409638911492e-02,-1.248441474283740193e-02,1.221427425056327565e-01,3.148069581784626592e-01,7.108535601570682705e-02,-2.615616419400429438e-02,-3.056807119059581218e-02,1.056438813405713578e-01,4.125821482576762927e-02,5.169704341080520738e-02,3.048559386060071402e-02,-3.042802735781285212e-02,4.382702176341619210e-02,3.562537049156839358e-02,3.877383594949000006e-02,5.434420183647308694e-02,1.983714701773996517e-02,3.608525760796540971e-02,5.599235453109102645e-02,5.856809037007989702e-04,6.533418150401584801e-02,1.510714267853982995e-04,-1.393797578637428342e-02,-5.915429753544710831e-03,1.617526049449832110e-02,7.511381775538420943e-03,-2.453689671221058813e-02,-6.195388390734165316e-04,5.741951968014217741e-03,-1.953319435899981971e-02,1.220974797832836273e-02,-3.004427912507109250e-02,-5.856295857982633801e-02,-5.916813159363051161e-02,1.225457348790892978e-02,-2.110985392475842395e-02,5.055405559306751229e-02,2.833197348055077613e-02,-2.404739099649493700e-02,-6.188056292073121356e-02,-1.830889909483875144e-02,-2.799073573470264517e-02,4.285242449363894923e-03,5.753292879579000041e-03,-8.702113439296036215e-03,-8.752544123957307909e-02,1.267650580241807450e-03,-6.805128494325278499e-02,-4.620072283920712009e-02
