1.000000000000000000e+00,3.200339746059523427e-01,2.505950522468616826e-01,9.377205610237761280e-02,1.252181764143150133e-01,7.491048285396355311e-02,7.197960547566922829e-02,7.269965898239107160e-02,4.590421015713495867e-02,8.434036023488176992e-02,3.847193539069993645e-02,3.367371081240147501e-02,3.307686530132419173e-02,3.734469519398325027e-02,3.711196992855162607e-02,5.695614317225265039e-03,4.108230569497807461e-02,1.513097056354019421e-02,3.018445208337491165e-02,2.369349323162642240e-02,8.857195799492937130e-03,5.390495980641393965e-03,2.255397206283625208e-02,3.867999696611566091e-02,2.344317497779794743e-02,-1.193782320815857736e-02,4.097208195926751312e-02,1.519874972915580442e-02,-4.665796634667337614e-03,-1.043062062724020404e-02,-4.048934561802093254e-03,-2.658865721420948514e-02,6.377291179846209532e-04,1.567948128691744542e-03,4.047011112449005500e-03,-2.027715654175283114e-02,-3.820603983396512332e-03,-8.715217978733568946e-03,1.396033264850590544e-03,1.850252177761230145e-03,9.049674825643063206e-03,-1.274166416635105076e-02,-2.512768393406616257e-02,-2.299246808547225976e-02,-1.907331256935041949e-02,-1.018456693926523583e-02,1.772259299228744851e-03,-1.665438371118707281e-02,-2.226683168550038991e-02,-1.582154245221346206e-02,-6.668528478117948834e-03,-3.657408893251634652e-02,-1.917975071866015457e-02,-1.437407400882272784e-02,-1.647065865374642765e-02,-1.944888239934150845e-02,-1.114212200636556689e-02,-1.575002864180898715e-02,1.422675630630791492e-02,-9.924005321519465198e-03,-1.666162466421935648e-02,-1.705444641072491330e-02,-6.437049432244007540e-04,3.474244347719669668e-02,5.214396484220151437e-03,1.412000479616799808e-02
3.200339746059523427e-01,1.000000000000000000e+00,2.230722906170510000e-01,1.339812856036750877e-01,1.920396010538015230e-01,6.202830186963651654e-02,4.127368882410253209e-02,3.750725088674360802e-02,2.703509080621192828e-02,5.848663083106830918e-02,2.874365698329490321e-02,1.304791361414922232e-02,2.027509506937032885e-02,1.764022711397798815e-02,1.335495635805819536e-02,-5.545227295421947117e-03,1.833364562717717389e-02,2.031554683266080172e-02,3.508122350732300471e-02,2.984037825647639988e-02,1.922621085775263333e-02,4.000374427765550356e-02,3.129127111493192059e-02,3.389342318168350743e-02,-2.344710411373741171e-02,-2.839754464957574762e-02,4.150384789178792472e-02,2.062268227459069028e-02,-3.182162581531106788e-03,2.014311590662758167e-02,2.026102351191321621e-02,-1.134189077028643564e-02,1.548817420078230957e-02,-5.805869315328732704e-03,-1.124603790484282433e-02,-1.675319595218597267e-03,9.688044496293818364e-03,2.598050340763764440e-02,1.340243196719449748e-02,1.075653311766489343e-03,-9.476321948420450905e-03,-1.028824136278395050e-02,-1.711899888004669509e-02,1.409075761254090925e-02,8.703792897144860263e-03,-1.734056568002726936e-02,9.185631295793484849e-03,1.428257917623045048e-02,-3.118939895462304393e-03,1.592713334058852136e-03,6.449814502052153217e-03,-2.328877385563270577e-02,-4.305815984495535605e-04,8.681133088777813174e-04,-2.448303451161157242e-03,-1.980332585862637929e-03,-2.747195146120049586e-02,-4.164279168800002345e-02,6.124286444743685942e-03,-1.933304108050506315e-02,-2.964133150928944735e-02,-2.980497938815546144e-02,6.597097948991498782e-03,2.746019206608003860e-02,1.653400896865096434e-02,-7.318122378021111631e-03
2.505950522468616826e-01,2.230722906170510000e-01,1.000000000000000000e+00,2.240486648695239891e-01,2.267596993215945655e-01,7.916552961351712436e-02,1.193524340427705444e-01,9.932724099119383254e-02,5.828751817602124269e-02,1.207217172139722350e-01,4.560260390571025529e-02,1.928895762995780708e-02,1.425501644055305640e-02,4.172160316735933072e-02,2.823062034593384895e-02,-2.628495130125252724e-02,3.398730148051519462e-02,4.204643638879776435e-02,3.745106224927886862e-02,4.697867148785386804e-02,3.352339450808974192e-02,3.967931298601278661e-02,5.093736272636059312e-03,1.636608931439651610e-02,-1.005425309018190619e-02,-3.214767543357788249e-02,3.994725271718106707e-02,4.222421700905078235e-02,-1.628955148200347466e-02,-2.171301852005104970e-03,-5.460583599689031696e-03,-5.398527744930969874e-02,-6.227279479781000146e-03,2.676844309598991681e-03,-9.484683819771190863e-03,-3.385280728240780412e-02,2.124429114471947100e-02,9.633095643104617675e-03,-2.083539152568531644e-02,-1.950622071688034795e-02,-7.129072404149648830e-03,8.450632647390281596e-03,-8.709816343954495527e-03,-1.042151358088902816e-02,-1.385758692620283478e-02,-2.325602787742498540e-02,-6.916683305172914575e-03,-2.891361138763273719e-02,-1.568946408602115913e-02,-7.476510200718014705e-03,-7.395266887637467167e-03,-2.259934579106584462e-02,-6.320844586114440777e-03,-1.815283292543990248e-02,-2.416630716636479492e-02,-1.746876798661561175e-02,1.931587478770769792e-02,-1.622741542457563704e-02,1.817633123510040485e-02,-2.409011314098344694e-02,6.718205986692564122e-03,-2.228524731999953490e-02,4.173018585455063028e-04,1.245384645617819003e-02,-5.478802099215950190e-03,-1.199674127249349131e-02
9.377205610237761280e-02,1.339812856036750877e-01,2.240486648695239891e-01,1.000000000000000000e+00,3.125021170756404065e-01,1.795005021377894805e-01,3.226593961661100018e-01,2.098038157886463473e-01,1.380447068726829429e-01,2.747775069773813472e-01,1.838230015358251757e-01,9.823588626019494341e-02,1.097873486838259055e-01,1.535887808773212238e-01,4.956881380317036678e-02,-4.790528901439650850e-03,3.656527665178375269e-02,9.682367985589687698e-02,6.197059313825062365e-02,7.372256942861257767e-02,3.484742362343828254e-02,7.309532392600019690e-02,4.197637232645906602e-02,7.213393227682700359e-02,-4.082954958722876553e-04,-3.047696820262712700e-02,5.159407358002582322e-02,4.216636925591955853e-02,-1.981508131510261936e-02,1.529914647664688647e-02,6.626124365920547932e-03,-1.662943426088037135e-02,-5.548638971512902078e-03,-1.452219701754925603e-02,-2.053825632997981210e-02,-1.961028613996920397e-02,2.154070439274925752e-02,8.520759107106283189e-03,-1.251448032264696093e-02,-3.941490183373892731e-02,-2.815998795654992004e-02,-1.917713763048686793e-02,-2.989299205939553380e-02,-8.296548620715708811e-03,-4.243369608362823099e-03,-4.324833641483920993e-02,-2.657492297636665501e-02,2.191534669039547044e-03,-4.693172919158140888e-02,-4.064337261932898793e-02,-3.996061206283589573e-02,-4.074175861894428069e-02,-2.897451011852986147e-02,-3.128364983362529744e-02,-2.820760204193143578e-02,-1.463159138501208406e-02,-7.903066761169186966e-03,-4.744655227288229610e-02,8.599126613517860118e-03,-2.931264180869703681e-02,-2.171098509748089871e-03,-1.771923165535484309e-03,-1.277439620442497904e-02,9.635394841234070501e-03,-3.754047695376018425e-03,-6.548110463760843311e-03
1.252181764143150133e-01,1.920396010538015230e-01,2.267596993215945655e-01,3.125021170756404065e-01,1.000000000000000000e+00,2.564354572262208531e-01,1.126848482753120828e-01,1.216310128696381360e-01,-1.309239980396204560e-02,1.311429752006017524e-01,3.667802362529148236e-02,1.844512719090243705e-03,5.589413485443420378e-03,3.466713597383746376e-02,-1.304496096246529624e-02,-8.912678135520082923e-02,2.285419925812598105e-02,5.980324466185134996e-02,5.788315666459832587e-02,6.581232701864400680e-02,3.072491591394399882e-02,6.441370195562343137e-02,4.302613637747222664e-02,4.186460422423982086e-02,-2.369636299749428715e-02,-5.119632516547636958e-02,2.345127718338670120e-02,4.483322889341252726e-02,-2.075116999337307463e-02,4.685381660432187678e-02,5.733469436301155513e-03,-1.434467335931732639e-02,-7.538347480202747287e-03,1.235391199681576749e-02,1.665347531493109254e-02,8.039534902000486762e-04,4.239760588721255309e-03,3.448894945923177552e-02,2.312176823999129854e-02,-1.564132451240075536e-02,-4.861927330142651327e-03,-1.921210189285100026e-02,-9.071887420522686818e-03,-6.733005936764823070e-03,-1.390074385943602074e-02,-1.060819581528347003e-02,-2.374773358859631062e-02,-1.289260645823847758e-02,-2.284049224099582096e-02,-2.652160880396443529e-02,-2.232116045303596599e-02,-2.938360444734348584e-02,-1.236252533974214335e-02,-1.627637691357234143e-02,-1.378229287492921395e-02,3.070927740681345889e-03,-1.128526222777468703e-02,-4.750000377199630613e-02,1.737533193978899222e-03,-2.993678918402075187e-02,-2.097418940647357774e-02,-3.276134411242499073e-02,-1.612269269679319356e-02,6.761675307260356024e-03,1.898724486014734258e-02,6.601707403954984975e-03
7.491048285396355311e-02,6.202830186963651654e-02,7.916552961351712436e-02,1.795005021377894805e-01,2.564354572262208531e-01,1.000000000000000000e+00,2.044362640763076888e-01,1.135490060197780204e-01,3.684165377692261850e-02,2.050512984589527854e-01,5.260218042081753198e-02,4.068765336486463574e-02,8.486945428990416707e-02,4.807956651241976354e-02,1.291796747776113342e-02,-2.580317868315404675e-02,-1.792761225012901721e-02,6.222023096587523533e-02,4.037017433230097319e-02,5.663193096374840446e-02,5.113374805672632473e-02,9.099455503246461907e-02,2.717427952997967036e-02,4.053227855675999719e-02,-9.666971127550614065e-03,-3.421005602344896063e-02,1.893218580161327644e-02,2.641557513576800464e-02,6.319323538433867541e-04,2.046299163885229033e-02,-1.437503204677016526e-02,-1.540651096364362670e-02,-1.198362893638845253e-02,-2.731631560911889842e-02,-1.584146488878625594e-02,-3.271252952532997804e-02,-1.696488615117823506e-02,1.283798498941405956e-02,3.757090452958204707e-02,-2.875989800994974838e-02,3.363216495391047338e-04,-3.822946497169115582e-02,-5.012902427194976251e-02,-2.911381211779461367e-02,-8.165709598611988265e-03,-3.865500189516753431e-03,-3.594804382276376581e-02,-1.172903670616796436e-02,-2.246164805214090343e-02,-1.773953099874022235e-02,-6.655353298729215980e-04,2.686718809031891225e-02,8.606081620898259690e-03,9.030721874065172688e-04,-1.617425068787045270e-02,-3.533652155750800772e-02,-3.237079125181049899e-03,-1.545936409332235827e-02,1.802173916381302754e-02,-2.769615165543099986e-02,-2.458086024950933285e-02,-2.072557565780315525e-02,-1.776600682624418157e-02,-6.133679513188018510e-03,1.139032215925625882e-02,5.585527531113691074e-03
7.197960547566922829e-02,4.127368882410253209e-02,1.193524340427705444e-01,3.226593961661100018e-01,1.126848482753120828e-01,2.044362640763076888e-01,1.000000000000000000e+00,3.897963596165469613e-01,3.494879858407506368e-01,5.594440578564178201e-01,3.326083376026786054e-01,2.299170712551535933e-01,2.165272156054201813e-01,3.072223556872476502e-01,1.239207136744405330e-01,-4.294450154631710218e-03,6.750723635214211926e-02,1.770682334149273063e-01,5.144282908165792589e-02,8.673765950641069977e-02,8.521246616458909295e-02,1.184548868895933388e-01,9.568420967813814904e-02,1.253246124033990661e-01,2.028542999648378330e-03,-4.406249486267325988e-02,4.428517205015120028e-02,5.852057738008265009e-02,7.140823832556788403e-03,1.585844747033721483e-02,-2.997785694105453008e-03,-4.294731620866323873e-02,-1.874911218737437130e-02,-2.072991740672030722e-02,-6.048136749553961397e-03,-2.707892856377643390e-02,-6.746111490865692659e-03,-7.558751102649067903e-03,1.290862546958735160e-02,-3.126387456989945107e-02,3.146468596644606255e-04,-6.450673230913131148e-03,-4.781353896757202515e-02,-3.317708491880864280e-02,-2.900659118209067064e-02,-2.382321328027356064e-02,-5.851458590263527298e-02,-1.715601429628233268e-02,-1.855461976273290597e-02,-3.434244562348533897e-02,-3.394155730755504807e-02,-2.570658163184937756e-02,-2.715206125574654364e-02,-2.723031589576322894e-02,-5.414614357449964305e-02,-5.131175314534098392e-02,-3.392680050893832899e-02,-4.218433600318630822e-02,-3.548284577836330507e-03,-1.449987745243740828e-02,8.571639814327061332e-03,8.989304089016035906e-03,1.144413062071047461e-02,3.502139468690772250e-02,2.041199893364798942e-02,1.015313271479295273e-02
7.269965898239107160e-02,3.750725088674360802e-02,9.932724099119383254e-02,2.098038157886463473e-01,1.216310128696381360e-01,1.135490060197780204e-01,3.897963596165469613e-01,1.000000000000000000e+00,3.518715809648245707e-01,2.219189246799861126e-01,3.759523873714016307e-01,1.233174308783962919e-01,3.492243880716848492e-02,2.937839111739022901e-01,5.409736170851150300e-02,-3.501719613840030554e-02,4.647085843766798896e-02,1.196406131929878547e-01,5.052297999212591872e-02,6.595347438358177550e-02,5.965758760755859869e-02,8.849301386049797380e-02,8.393858609600410303e-02,1.048056109659385310e-01,3.499326890580478806e-03,-4.646419307995838105e-02,3.918889903390632840e-02,5.261694510488621607e-02,1.154620562608086286e-02,1.295332358806388327e-02,7.525117427372396374e-04,-2.978943423307561789e-02,-1.099786805506547914e-02,-1.478627616187299341e-02,1.494320517868934564e-02,-1.934235294624107523e-02,1.822182425058515437e-02,5.565423135613013772e-03,8.832327532781385042e-04,-3.374785505618732584e-02,8.354138079742791032e-03,-7.974788542125129526e-03,-1.722070732280742145e-02,-1.626020948101144364e-02,-1.891216887068915276e-02,-1.154973595270921555e-02,-4.851452877817603176e-02,-1.947981174998776946e-02,-3.059977554190890930e-02,-5.465344375712415798e-02,-3.230297169802309742e-02,-2.342828050992303360e-02,-4.497955284238101814e-02,-2.517540308471628852e-02,-4.533885322711316002e-02,-3.959382849990075726e-02,-2.025362760353392050e-02,-3.511643882290377272e-02,1.191315491984919683e-03,-9.607401699563190151e-03,3.059401092500819638e-02,1.427534046658475789e-02,2.787638299711132570e-02,2.259843591878564137e-02,2.095166268864407863e-02,-9.458513832738017421e-03
4.590421015713495867e-02,2.703509080621192828e-02,5.828751817602124269e-02,1.380447068726829429e-01,-1.309239980396204560e-02,3.684165377692261850e-02,3.494879858407506368e-01,3.518715809648245707e-01,1.000000000000000000e+00,3.366957491251215684e-01,3.597311380182329765e-01,3.136922163236502414e-01,6.311186741946658851e-02,2.862225836043462146e-01,1.502574127396826276e-01,-9.043743321182486777e-03,2.628560386036337890e-02,1.584516783631583492e-01,5.316607465324746373e-02,6.269791645305013150e-02,5.397423018095076630e-02,1.226550449111713514e-01,9.296128387280533367e-02,1.156226070203831141e-01,-1.712838935734618123e-02,-1.354571294114227144e-02,4.520464578936273653e-02,5.191477239841880281e-02,2.783438084212040350e-02,-1.214698396452699395e-03,1.726829758578145996e-02,-1.701763320806151322e-02,-6.045055602265608612e-03,3.134064168539180215e-03,5.705227874246704411e-02,-2.315684695966270176e-02,3.071318677839496736e-03,-3.380624512123824033e-02,-3.028522287184916631e-02,-1.127640288998154640e-02,-1.344795537507274819e-02,-1.283372989149482273e-02,-2.695965457882199337e-02,-3.043348358047846466e-02,-7.784643592625815553e-03,-1.366397673073171601e-02,-2.892790220907014501e-02,3.613635341321960737e-03,-4.887970797368858950e-02,-4.379878924707352600e-02,-1.721058824663049269e-02,-3.318641253546347064e-02,-3.532982366188787415e-02,-1.210569923336493429e-02,-3.041452400950370172e-02,-4.318309194050007349e-02,-2.504461867639936473e-02,-4.636064771474277674e-02,-3.660609885912913253e-02,-6.313613396269665556e-03,2.081226549941639012e-02,5.146105612243915065e-03,2.004646730710555116e-02,3.043739619540502747e-02,2.837602561994168743e-02,-7.160208515740677966e-03
8.434036023488176992e-02,5.848663083106830918e-02,1.207217172139722350e-01,2.747775069773813472e-01,1.311429752006017524e-01,2.050512984589527854e-01,5.594440578564178201e-01,2.219189246799861126e-01,3.366957491251215684e-01,1.000000000000000000e+00,3.390788385826709050e-01,3.319827862614029290e-01,2.819575592238867667e-01,3.395085361272482949e-01,1.862293632140485655e-01,-2.443772300997724967e-02,5.958580817132499985e-02,2.495189018980740470e-01,7.472770965537307852e-02,1.172344006927542037e-01,1.045989592783096861e-01,1.481925667767502175e-01,9.696824291056263534e-02,1.221932670593996878e-01,2.234271205160579324e-02,1.600364248396267484e-03,5.645590155662198739e-02,6.431698549876790905e-02,3.059319194574626824e-02,2.754810860540397865e-02,2.194777775329014025e-02,-1.582760416325288549e-02,-1.885729675096674968e-02,-1.631217706330959430e-02,2.601544193300344169e-04,-3.046463306584938288e-02,-8.673762507009659742e-03,-1.827821466150440430e-02,-1.335432904044767761e-03,-9.191211229732031487e-03,-1.298560525866365722e-02,-1.288119629512592774e-03,-3.481892301263313227e-02,-1.879655194279278643e-02,-1.144797915832137733e-02,-3.047162459433468834e-02,-4.577873928785260171e-02,-1.617884882273684004e-03,9.722845613643784149e-03,-5.286387077088543045e-03,-2.008592910307525556e-02,-2.122725849775902382e-02,-4.223660560308318407e-02,-2.775841762211529035e-02,-4.757413804978705835e-02,-4.578306154704054470e-02,-3.738453371119560692e-02,-4.704947329871615735e-02,-2.076531888390676858e-02,-2.788714441069948050e-02,-1.471043719831762429e-02,-9.350098260583045856e-03,-1.014977735417870071e-02,4.009925947070645813e-02,2.521224091111174195e-02,3.732023170621904390e-02
3.847193539069993645e-02,2.874365698329490321e-02,4.560260390571025529e-02,1.838230015358251757e-01,3.667802362529148236e-02,5.260218042081753198e-02,3.326083376026786054e-01,3.759523873714016307e-01,3.597311380182329765e-01,3.390788385826709050e-01,1.000000000000000000e+00,4.000327647601100711e-01,3.166846923624414556e-01,6.122019429119218703e-01,1.190606352699772746e-01,4.326642412253575015e-02,1.896157370301425060e-01,3.018154960560217037e-01,1.242558361447498871e-01,1.376176321837606631e-01,8.606068502865811543e-02,1.857388886865984079e-01,1.201360906151935637e-01,1.496226328566425401e-01,-1.131381535854292459e-03,-2.532133929042330520e-02,7.587673496381547311e-02,8.576377506595211919e-02,2.737298552791290335e-02,4.581510847786894602e-02,1.503657308800136760e-02,-9.347607680416845227e-03,2.187741898869139875e-02,-3.243562433325154065e-02,5.894506544073224719e-03,4.867897732833284009e-03,1.949737452628855575e-02,1.729596737673204029e-02,2.443701677019104873e-02,-1.459949095286716984e-03,-3.369073851461313988e-03,1.724059434355941500e-02,-1.850532533769841045e-02,1.802575933600348776e-03,2.599046583860938758e-02,1.487543828814664147e-02,-2.752573092415155215e-02,3.959805612418534904e-02,-1.645428195188374573e-03,-1.959453917938741227e-02,-2.217170811088630539e-02,-2.141712136932785032e-03,-3.849839819529760065e-02,-1.709424502791194109e-02,-3.120652653340089122e-02,-3.154969170498978653e-02,-2.813516572640407595e-02,-2.097515113213018964e-02,-6.276266849683521942e-02,-2.324154570200045664e-02,1.541393311046316238e-02,-5.822503123148707084e-03,2.273622151012706649e-02,2.536462239079830677e-02,2.749852371686364177e-02,2.192076082988043614e-02
3.367371081240147501e-02,1.304791361414922232e-02,1.928895762995780708e-02,9.823588626019494341e-02,1.844512719090243705e-03,4.068765336486463574e-02,2.299170712551535933e-01,1.233174308783962919e-01,3.136922163236502414e-01,3.319827862614029290e-01,4.000327647601100711e-01,1.000000000000000000e+00,3.714687154854762752e-01,3.667715062449515839e-01,2.594464898788473306e-01,6.143131980298931899e-02,1.316653596917760627e-01,2.698639136667462801e-01,9.547433312769706970e-02,1.124182877301395239e-01,6.151218958208798382e-02,1.453679103681067564e-01,9.721648489207221355e-02,1.250004197795486494e-01,1.898004491247796965e-02,2.396300932555857702e-02,5.212607160956628238e-02,4.486332262627981682e-02,1.438272647721947940e-02,2.833009646746303956e-02,2.722174953299068625e-02,7.721739103952492481e-03,3.241830105756846221e-03,2.087092843712098217e-02,4.497580292538945479e-02,-1.690763299044429485e-02,1.801726395472497827e-02,-8.975886921280108385e-03,2.406459804649346834e-02,2.384292333689018786e-02,-1.424649977739238585e-02,-6.932196989534175798e-03,-3.258844692522268327e-02,-1.729587664017160492e-02,3.330285684902088705e-02,1.784119344181676545e-02,-2.387076027856924881e-02,3.104656383875529363e-02,-5.997847899027986332e-03,-1.723929843514246038e-02,-3.854984068489324123e-02,-3.083770919761617563e-03,-6.347449460425924617e-02,-3.234361154894064422e-02,-3.774779969536870561e-02,-4.562779828741837101e-02,-3.081942291005125220e-02,-3.441862720930016772e-02,-4.579729943693639643e-02,-3.790546640754644675e-02,-1.969197465293915858e-02,-3.330044053570656998e-02,-2.609801348366542345e-02,4.933381221391402310e-02,3.878795568409343364e-02,5.226298896064951460e-02
3.307686530132419173e-02,2.027509506937032885e-02,1.425501644055305640e-02,1.097873486838259055e-01,5.589413485443420378e-03,8.486945428990416707e-02,2.165272156054201813e-01,3.492243880716848492e-02,6.311186741946658851e-02,2.819575592238867667e-01,3.166846923624414556e-01,3.714687154854762752e-01,1.000000000000000000e+00,3.259080590444606851e-01,1.237486191142192216e-01,1.829590984375701335e-01,2.104619100688134015e-01,2.757442453342022204e-01,9.024295424276924937e-02,1.270108548861599018e-01,9.093055857484175220e-02,1.608321342530948106e-01,7.138838907179806403e-02,1.110092031161042797e-01,4.867084817165913402e-02,4.856944357267372475e-02,3.841579734860160050e-02,8.093567475969083713e-02,4.752319116123023685e-02,7.085148540284151586e-02,4.875462427614971062e-02,3.394310672411202101e-02,4.307814386052330469e-02,2.563083948215369792e-02,8.246179391615010568e-03,2.228313645347648059e-02,3.481090686794272027e-02,3.430249366099184793e-02,5.643196708920145827e-02,5.065501820036404784e-02,2.548293167823557220e-02,3.336631707889190640e-02,-1.522845550186018720e-02,-1.893349756610869018e-04,3.146756517769882383e-02,2.206449759560284371e-02,-1.829752848636210377e-02,4.291888064028431121e-02,-8.488693279957859258e-03,1.487538051077010948e-03,-2.142633007866233050e-02,7.613722727837937340e-03,-5.119942819937880335e-02,-3.301557398607767729e-02,-4.201584386213991218e-02,-2.378157825779901591e-02,-3.255865022068440973e-03,1.641566367927514355e-02,-1.000966416322372760e-04,-2.003646039856699090e-02,1.274563683170379901e-02,-1.057701625997495287e-02,-2.437712018869777481e-02,1.949211777702823320e-02,1.730296409333282812e-02,5.574365243864636693e-02
3.734469519398325027e-02,1.764022711397798815e-02,4.172160316735933072e-02,1.535887808773212238e-01,3.466713597383746376e-02,4.807956651241976354e-02,3.072223556872476502e-01,2.937839111739022901e-01,2.862225836043462146e-01,3.395085361272482949e-01,6.122019429119218703e-01,3.667715062449515839e-01,3.259080590444606851e-01,1.000000000000000000e+00,1.602733123688893924e-01,1.011618322461675830e-02,1.799444276144458454e-01,3.623816793192815577e-01,1.062403587193898047e-01,1.302909375159019556e-01,8.332341774526862144e-02,1.773079025208076087e-01,9.740029691703619430e-02,1.324764016564179969e-01,-2.571460491593823179e-03,-2.526194436421485764e-02,7.820646132593682409e-02,8.352484662166646812e-02,6.138164824626439822e-03,4.898908948352592024e-02,2.384485196649752115e-02,-1.214737553097265145e-02,3.205609331406107654e-02,-1.470656114033919333e-02,9.746166759500640014e-03,-9.648631319590662489e-03,3.649456061990088984e-03,1.996426301969655287e-02,8.486790972571940650e-03,-2.432772154486730033e-04,-5.207007209659461275e-03,-1.315193503575515580e-03,-8.770303939351695513e-03,-8.662650198983357606e-04,2.019765134439661242e-02,6.590308220974146550e-03,-3.299038914288050101e-02,3.799771491916813237e-02,9.393715102750048451e-03,-1.802333492639457066e-02,-1.490732447928892757e-02,3.766737544565941422e-03,-1.795908678169919406e-02,-2.200858546799509298e-03,-1.930539597693520237e-02,-2.225497621343155291e-02,-2.450680403523505108e-02,-2.251192715072469763e-02,-3.121503941499251603e-02,-2.451441421417402400e-02,1.677463475609465918e-02,8.419018875482540964e-03,1.070146071392799256e-02,2.052156778909491538e-02,-2.054281048859603678e-03,5.019721864942179937e-03
3.711196992855162607e-02,1.335495635805819536e-02,2.823062034593384895e-02,4.956881380317036678e-02,-1.304496096246529624e-02,1.291796747776113342e-02,1.239207136744405330e-01,5.409736170851150300e-02,1.502574127396826276e-01,1.862293632140485655e-01,1.190606352699772746e-01,2.594464898788473306e-01,1.237486191142192216e-01,1.602733123688893924e-01,1.000000000000000000e+00,1.294306386787925367e-01,-2.079755378154169165e-01,1.649510619461156402e-01,6.191142647318069459e-02,5.382499783828469109e-02,-1.274001904926182248e-03,7.637834429565222572e-02,3.740610705673814984e-02,4.415517107554031012e-02,-4.923460090049258144e-03,4.177740306641373330e-02,5.787064416014749829e-02,3.581128700940111338e-03,-2.945836166972657516e-02,6.736411576752322425e-03,3.926692034851553964e-02,2.923405355243022599e-02,-3.579190876625569333e-03,-7.360862064999643822e-03,4.821355489055048626e-02,-2.352169308779999274e-02,7.544712335166268297e-03,9.288377173150483973e-03,1.362519328360848811e-02,1.103369006984174922e-02,7.773483382818176766e-03,-1.347977113011994063e-02,-9.673664174837609889e-03,1.247909303498716434e-02,4.371944457609023421e-02,-2.202558471873504974e-03,-2.940053831354186298e-02,7.892296881095166479e-04,-2.007804918655867708e-03,-5.818702824916792415e-02,-5.053152112828234593e-02,-6.146479719556090932e-02,-6.523287185353703055e-02,-5.690490956946443052e-02,-4.909121926236681421e-02,-7.796617369221260641e-02,3.268727246815977946e-04,-2.680527527178909811e-02,7.375945482737689303e-03,-4.045213407334871669e-02,-1.427401734663970301e-03,-1.585536950530796020e-03,3.530708362215032037e-02,5.978010753011964856e-02,3.637074689651015325e-02,2.725187424858334720e-02
5.695614317225265039e-03,-5.545227295421947117e-03,-2.628495130125252724e-02,-4.790528901439650850e-03,-8.912678135520082923e-02,-2.580317868315404675e-02,-4.294450154631710218e-03,-3.501719613840030554e-02,-9.043743321182486777e-03,-2.443772300997724967e-02,4.326642412253575015e-02,6.143131980298931899e-02,1.829590984375701335e-01,1.011618322461675830e-02,1.294306386787925367e-01,1.000000000000000000e+00,9.459293248692100808e-02,-5.064108191734403852e-02,4.374367772253966169e-03,-3.000590034632544256e-02,1.122161469845040643e-02,9.926594088601861654e-02,7.392870408223101153e-02,4.923328795160093058e-02,6.659904532272825986e-03,-1.979215619419794417e-03,6.549377471744496221e-03,3.877799882682281263e-02,2.836599097160476604e-02,7.338142709541285724e-02,7.025492381695584709e-02,7.001414093358418467e-02,6.624136111479245193e-02,2.666902178197191886e-02,1.833803173982226364e-03,-4.240910002580665361e-02,1.342821845941511577e-02,-6.673970341909953247e-04,1.412822120297005379e-02,1.136871973251200006e-02,-2.198832547001784016e-02,-5.439491773512960572e-03,-5.726541184587506661e-03,1.237065216128606718e-02,1.245347739854362618e-02,-3.104966014890047656e-04,-1.942051477591485303e-02,1.802277707047067468e-02,1.559165281196070278e-02,-4.998664164378938948e-04,-9.507136083450641595e-03,-1.682658956160572664e-02,-3.318184519495501195e-02,-1.554166335864186170e-02,-2.092969687517775429e-02,-1.016045736684101190e-02,-2.949137543019808051e-03,-2.243691657498960573e-02,-1.917522175862918649e-02,-3.618346068477169396e-03,7.506502228375987358e-03,-1.044324015372720361e-03,2.895535950388077387e-02,7.903072177711262941e-03,1.464143465126000604e-02,1.574924560928088598e-03
4.108230569497807461e-02,1.833364562717717389e-02,3.398730148051519462e-02,3.656527665178375269e-02,2.285419925812598105e-02,-1.792761225012901721e-02,6.750723635214211926e-02,4.647085843766798896e-02,2.628560386036337890e-02,5.958580817132499985e-02,1.896157370301425060e-01,1.316653596917760627e-01,2.104619100688134015e-01,1.799444276144458454e-01,-2.079755378154169165e-01,9.459293248692100808e-02,1.000000000000000000e+00,1.377375951940874865e-01,1.387143109443409461e-01,4.340264265127820320e-02,-1.782724314322732193e-02,1.537134094622359670e-01,1.565865352704563784e-01,1.781764408967474178e-01,4.313270651755912038e-02,4.368638714872978557e-02,6.221508090630897825e-02,7.558727251804879532e-02,1.611234989559851005e-02,1.272400437700607796e-02,-1.388025850795548619e-02,-5.326215744024565685e-02,3.186148899671814583e-02,2.101856737773568490e-02,-3.033770073720008266e-03,2.370863545108931394e-02,3.492391307432485964e-02,1.387277095038847580e-02,2.169056195359622685e-02,2.985097218798841295e-02,1.797215846614150583e-02,2.046287846175337197e-02,-9.851897072720345455e-03,1.758343446648339553e-02,8.601513044949557832e-03,1.937954833764357968e-02,1.135757100014577609e-02,-2.460839341076531683e-02,-8.999157922987884722e-03,5.619100791415736901e-02,-3.986976479683952863e-03,1.857872935737843109e-02,-4.841466751231866816e-02,1.221967589571903642e-02,-2.867100157631458091e-02,-1.221514319057076005e-02,-2.574720004381552546e-02,4.165067439025207235e-02,-1.271991647435100764e-02,2.174515688517065365e-02,3.001122965979359514e-02,-3.627734872869710619e-03,6.148202930684727383e-03,-3.358134604604600532e-02,-1.471299326954582203e-02,-2.954196470618026052e-02
1.513097056354019421e-02,2.031554683266080172e-02,4.204643638879776435e-02,9.682367985589687698e-02,5.980324466185134996e-02,6.222023096587523533e-02,1.770682334149273063e-01,1.196406131929878547e-01,1.584516783631583492e-01,2.495189018980740470e-01,3.018154960560217037e-01,2.698639136667462801e-01,2.757442453342022204e-01,3.623816793192815577e-01,1.649510619461156402e-01,-5.064108191734403852e-02,1.377375951940874865e-01,1.000000000000000000e+00,2.560673279076661202e-01,2.996366676699688814e-01,1.190622568966756556e-01,2.337711322265275393e-01,8.611041734697509609e-02,1.438030643203678238e-01,4.540550970995781144e-02,3.155401892579393769e-02,7.794505963268603954e-02,5.953018118145699672e-02,4.478323920804637426e-02,3.673129987407635494e-02,4.256506559375725779e-02,-1.863604775213107941e-03,-2.058916662594081903e-02,6.074777594417868354e-02,1.048518780434596308e-02,-2.746201494507037252e-02,-2.543490183649045958e-02,-2.073301272592803415e-03,2.524341299659663834e-02,1.803331835727152790e-02,1.625128430871154500e-03,-3.218923775257750627e-03,-3.183067217045165015e-02,-3.352367722620668358e-03,2.776969337774660290e-02,3.063727620085338749e-02,-2.076694070825654825e-02,1.246731987764118123e-02,1.493575219301094452e-03,-1.568797151653044883e-02,-2.834559582274855105e-02,-3.525675082275080835e-02,-6.004109403657612032e-02,-2.095766193831748864e-02,-3.222071709129698674e-02,-2.160155471040923689e-02,-1.430716681155356877e-02,2.937438852425870717e-02,4.288213903100234620e-02,-2.861091746954242451e-03,1.918246333224263300e-02,-1.062914305848349557e-03,-1.939447946822609598e-02,-1.554930787458837010e-03,2.725090077801460911e-03,1.106573244254782477e-02
3.018445208337491165e-02,3.508122350732300471e-02,3.745106224927886862e-02,6.197059313825062365e-02,5.788315666459832587e-02,4.037017433230097319e-02,5.144282908165792589e-02,5.052297999212591872e-02,5.316607465324746373e-02,7.472770965537307852e-02,1.242558361447498871e-01,9.547433312769706970e-02,9.024295424276924937e-02,1.062403587193898047e-01,6.191142647318069459e-02,4.374367772253966169e-03,1.387143109443409461e-01,2.560673279076661202e-01,1.000000000000000000e+00,4.558061212277877972e-01,-8.582436045581995354e-02,3.351578067620496482e-01,1.346821048290927358e-01,1.465801256485207427e-01,1.577161920734045791e-02,-1.055796858324721012e-02,5.479247801569159942e-02,3.316912848696023514e-02,9.492349176310364844e-02,3.406321136338204270e-02,4.602501888070407304e-02,4.674821036517477768e-02,2.862258977043473721e-02,7.573586093357902171e-02,4.381837360999698422e-02,2.306466711949044929e-02,5.977264909365787027e-03,1.379459939899686967e-02,4.192380308274776951e-02,3.744564626326720574e-02,3.171603866463855448e-02,4.378767414839828537e-02,6.314823393498940687e-03,3.077679297160564736e-02,5.243060024186825541e-02,5.863074616301498093e-02,1.161728877464609892e-02,4.142687208962862744e-02,5.522948612743351464e-03,-1.127867452341960609e-03,7.414718882802364026e-03,-1.509294317679426255e-02,2.789402901491949086e-03,7.181560733967504856e-03,-8.672993967637822668e-03,7.041550404686415174e-03,5.200076547032829281e-03,2.676624913546355594e-02,1.055717040049743670e-02,9.327623759923383065e-03,2.461297388862552019e-02,-1.167016200359298136e-02,-1.863301236614189199e-02,1.676654048936496513e-02,1.882684064162325546e-02,2.334844565107386735e-02
2.369349323162642240e-02,2.984037825647639988e-02,4.697867148785386804e-02,7.372256942861257767e-02,6.581232701864400680e-02,5.663193096374840446e-02,8.673765950641069977e-02,6.595347438358177550e-02,6.269791645305013150e-02,1.172344006927542037e-01,1.376176321837606631e-01,1.124182877301395239e-01,1.270108548861599018e-01,1.302909375159019556e-01,5.382499783828469109e-02,-3.000590034632544256e-02,4.340264265127820320e-02,2.996366676699688814e-01,4.558061212277877972e-01,1.000000000000000000e+00,3.434170383019965467e-01,4.108963065919480906e-01,1.451365313456848549e-01,1.944069808491482587e-01,1.343101796134460457e-02,-1.019921218618118214e-01,5.873867102582791544e-02,8.582174583399440615e-02,7.274968346718808931e-02,8.108592898788845316e-02,4.951169772690094256e-02,4.087499908490292017e-02,6.050171676255132643e-03,3.789561887357809772e-02,1.214845730180977084e-03,6.761581666612942812e-03,4.063739742888547793e-03,4.287094819762737874e-02,8.023002313583126044e-02,1.330099938466777071e-02,3.789316830091773308e-02,4.815358373733916869e-02,6.546990559896015763e-03,4.348293796017871360e-02,4.884096728887763611e-02,5.964865528036665532e-02,1.122165755487822963e-02,3.167652258421879696e-02,9.088489239442708659e-03,-1.042806972109452598e-02,-1.603110318939971954e-02,-9.753445215037154226e-03,5.695170137178707896e-03,-3.404918991537986273e-02,6.424411527131175179e-03,3.677390985787787770e-03,-1.085946663944191252e-02,2.549170401731157276e-02,3.450261910908204027e-02,1.382844068080983473e-02,4.292955123510063670e-02,1.108028400194096576e-02,-2.641464074503780367e-03,2.570117824812310353e-02,2.108032560733072783e-02,1.699799780543369970e-02
8.857195799492937130e-03,1.922621085775263333e-02,3.352339450808974192e-02,3.484742362343828254e-02,3.072491591394399882e-02,5.113374805672632473e-02,8.521246616458909295e-02,5.965758760755859869e-02,5.397423018095076630e-02,1.045989592783096861e-01,8.606068502865811543e-02,6.151218958208798382e-02,9.093055857484175220e-02,8.332341774526862144e-02,-1.274001904926182248e-03,1.122161469845040643e-02,-1.782724314322732193e-02,1.190622568966756556e-01,-8.582436045581995354e-02,3.434170383019965467e-01,1.000000000000000000e+00,2.641286084256581068e-01,9.898229020875148887e-02,2.089614349289988793e-01,2.802400337967603239e-02,-1.283833746501053252e-01,4.122648245048794041e-02,1.760473967122823669e-01,6.630627161127392033e-02,1.204567400444526981e-01,8.095437070800633184e-02,3.060162589638911260e-02,1.712427361694388722e-02,4.440116462396595000e-03,-9.182977982973529116e-03,-9.377942568368716897e-03,3.536464564660330573e-02,5.199203342428756341e-02,4.635398929911871413e-02,-1.676449089642110396e-02,1.718180613979067295e-02,4.581084219377456329e-02,2.280957860731131631e-02,2.867245910337485118e-02,2.255296614367621050e-02,2.412432098938135580e-02,-2.295559921374302776e-03,4.163206620201365983e-03,2.301280438146173501e-02,3.311083336797956272e-02,-2.054961008585020395e-03,3.221335457612077569e-02,2.261495217346578158e-04,-3.226116857984274999e-02,-6.712206260268057398e-04,-7.922448546278458570e-03,-2.941290046652416182e-02,3.451839349881579821e-03,2.058913561182635146e-02,2.176326626046174231e-02,3.601184552668244832e-02,3.546940855669702963e-02,2.795045827134498562e-02,3.662985272413834224e-03,1.187006090036260997e-03,-7.146494657924042267e-03
5.390495980641393965e-03,4.000374427765550356e-02,3.967931298601278661e-02,7.309532392600019690e-02,6.441370195562343137e-02,9.099455503246461907e-02,1.184548868895933388e-01,8.849301386049797380e-02,1.226550449111713514e-01,1.481925667767502175e-01,1.857388886865984079e-01,1.453679103681067564e-01,1.608321342530948106e-01,1.773079025208076087e-01,7.637834429565222572e-02,9.926594088601861654e-02,1.537134094622359670e-01,2.337711322265275393e-01,3.351578067620496482e-01,4.108963065919480906e-01,2.641286084256581068e-01,1.000000000000000000e+00,2.534336342064997250e-01,2.800412976446967073e-01,-6.459822949803697978e-02,-1.464286562383681004e-02,1.677297235813011711e-01,1.592120798577632557e-01,1.613581966502587173e-01,1.401120755941671625e-01,9.281355079273131969e-02,8.734731544264226488e-02,5.028311217118316273e-02,4.706744989468179818e-02,4.143386813611084352e-02,3.967628754545168834e-02,5.578373882662692601e-02,8.748052271532003044e-02,7.347888345831023182e-02,3.580481029267428700e-02,4.603401924278716778e-02,7.306683646481990091e-02,4.240378052952997051e-02,6.457015313081466978e-02,7.803394730168067284e-02,8.227842134288475273e-02,4.547698084722044676e-02,2.299347213194920941e-02,2.172113888648268681e-02,6.661270468180531534e-02,2.270706085906315161e-02,8.441073799500093192e-03,-1.630129671006674483e-02,2.003308955175559392e-03,-2.136664124028281493e-03,7.999212647784947547e-03,-1.649555783086629340e-02,2.439259079245727560e-02,1.580669127679601091e-02,2.649425342847729764e-02,4.226579967747687294e-02,3.874255504283666274e-02,1.158412290966088186e-02,2.170362137418937673e-02,2.327072661281624072e-02,1.213855710593879193e-02
2.255397206283625208e-02,3.129127111493192059e-02,5.093736272636059312e-03,4.197637232645906602e-02,4.302613637747222664e-02,2.717427952997967036e-02,9.568420967813814904e-02,8.393858609600410303e-02,9.296128387280533367e-02,9.696824291056263534e-02,1.201360906151935637e-01,9.721648489207221355e-02,7.138838907179806403e-02,9.740029691703619430e-02,3.740610705673814984e-02,7.392870408223101153e-02,1.565865352704563784e-01,8.611041734697509609e-02,1.346821048290927358e-01,1.451365313456848549e-01,9.898229020875148887e-02,2.534336342064997250e-01,1.000000000000000000e+00,4.537677549547701195e-01,-6.190199655333777223e-02,-1.620340019580270574e-01,-3.738823216281950742e-03,1.627221459610571630e-01,1.117112295350837226e-01,9.397372191040298528e-02,3.757993659727185132e-02,5.791203778028120638e-04,2.160178332900644996e-02,8.122450615203085549e-04,1.772438069869371191e-02,2.767848321561633754e-02,4.945349143163375177e-02,5.365673243661383401e-02,4.939772272980277185e-02,6.426305381383147497e-03,2.062524932904045982e-02,3.241753437883201222e-02,-2.271459606895581945e-03,1.952970840587167634e-02,3.017469321339335056e-02,5.880968639576841794e-02,2.454137983191563913e-02,-1.902024329190552324e-02,3.928399405336394090e-02,6.602044060894675381e-02,9.128503934684102303e-03,1.132240898242073586e-02,-4.772863046630301115e-02,-2.555878508103421112e-02,-3.235470178469737612e-02,-9.092879380699152650e-03,2.424732426014754831e-05,-1.102273006879156934e-02,5.767742317745945188e-03,-2.266364815823491280e-02,1.153996960210334176e-02,1.727101302029199550e-02,2.095875754345718350e-03,2.995076178221096203e-02,4.746510747413391212e-02,4.984256813036738037e-02
