1.000000000000000000e+00,3.105383762359310573e-01,9.773061108923981888e-02,1.976365715700312553e-01,2.119358947847108654e-01,3.521420167570447207e-02,3.471290530960280396e-02,6.796243252359458753e-02,5.086108961761321573e-02,-1.062757661473648189e-02,5.251887247873205473e-04,4.991657852146982877e-02,-9.346395851050452730e-03,-2.346654615996849116e-02,6.142224958504877846e-03,6.561362903451079627e-04,2.616831605913513825e-02,-6.233662352671580364e-02,-5.391082988425442007e-02,3.743441741637820730e-02,-2.202962432129995651e-02,-4.465895533297750686e-02,-1.503765192666289829e-02,-6.490372594406097762e-02,-2.133641501741167373e-02,4.617675100607238070e-02,-5.171885272906395076e-02,-2.876160076209421587e-02,3.147471959231459143e-02,-4.178655052579666879e-02,-1.825120451704949354e-02,-2.417193447952753482e-02,-4.040442952026328943e-02,-4.877573207423314267e-02,-5.730305012898623956e-02,-3.302486888553925887e-02,-5.767619944074523636e-02,-7.690598797907748085e-02,-2.244305941119578793e-03,-1.342607979413913341e-02,3.142584152556743195e-03,5.829038706341432841e-02,7.067610961509686318e-02,2.614648748848878365e-02,2.527402285712931906e-02,5.511866806722354878e-02,4.362317087224480347e-03,-6.342810544943269790e-02,-1.274988571152602980e-02,7.288947443576181129e-02,8.298868823965170616e-02,-8.755628880330016892e-03,-1.095893320468519366e-01,-2.425400573619153691e-02,1.332432905436356507e-02,-6.291346331410738874e-03,-1.499699137527687846e-02,-1.158972180794782571e-02,-4.979612154116863643e-02,1.608784928034643832e-02,-2.369100293876030480e-02,-9.603691972047921632e-02,-1.066202608909330024e-02,3.683727113441104262e-02,3.146928063605865938e-02,1.288330161023850361e-02,-2.074752641384551566e-02,9.011592735622070763e-03,2.200820299707305448e-03,1.185783235899492451e-02,-4.320323523737152477e-02,-7.546200388517319531e-04,-3.427695151704410886e-02,-6.242883856670086717e-02,-4.869526004496500110e-02,-1.650944915917081784e-02,-1.910071515796800748e-02,-4.704178993588262886e-02,-4.814025561798553066e-02,-8.027105010778899652e-02,-2.998249400529066563e-02,-1.583456318243485136e-02,-4.345791049420303503e-02,-1.164888237332126902e-02,4.814025616766470089e-02,4.504544115916063463e-02,3.940272815354114826e-03,-2.970169212025200456e-02,3.446417783153001013e-02,5.900399210766044990e-03,-3.353773863884217631e-03,-4.946532052094783794e-04,4.788180307115048884e-02,2.219146669531484733e-02,3.140542127069563538e-02,3.903873173424593501e-02,3.344977830652121065e-02,7.321502875230538609e-02,6.451305146719060746e-02,3.717337990649985380e-02,3.867064081799203440e-02,7.061398758165531031e-02,2.728030058317806525e-02,-8.406075302628596493e-03,-4.335156111300470655e-02,-1.861390961967415367e-02,-3.063268107111651040e-02,-9.302748269850969268e-03,-3.168325391381865419e-02,3.031777784743218580e-03,-3.414972728966716303e-02,-6.682806084133915449e-03,2.357359379868142688e-02,1.348949876976239179e-02,7.096785041685248555e-03,-6.992541423836916292e-02,-1.193665893072948410e-02,-2.887181234984555547e-02,-1.245158996172343298e-03,2.910212079713267452e-02,-5.826137861312631616e-02,2.847335664826031176e-02,-2.153523908409795198e-02,-7.662579607793114367e-02,-5.958924687472159920e-02,-1.058004769195271082e-02,-3.206542947972165075e-02,5.646914707845538534e-02,-1.729506512701400184e-02,2.574752145325936645e-02,-1.239208347419951985e-02,-2.109506435870308824e-02,-3.350128125142173147e-02,1.376578614131352199e-02,3.346252206294827222e-03,-4.293624955324476522e-02,-2.665448079937039402e-02,-1.771428625612215396e-02,-5.429989785689300595e-03
3.105383762359310573e-01,1.000000000000000000e+00,2.935140208392977845e-01,1.589506733671047500e-01,2.742751715625682540e-01,3.149082946484131340e-01,1.252543762639105607e-01,1.001865506926443578e-01,4.089155284413638347e-02,2.315762484740112054e-03,5.237402616756837992e-02,7.800110425587079843e-02,1.258502322340449842e-01,2.675588546297553993e-02,1.381372525320373641e-02,-5.257541999745003053e-02,5.891347754184019653e-02,3.506409782330679320e-02,-6.905032143789105459e-02,3.231680650120798831e-02,6.812746865842431165e-02,-2.846346502072386389e-02,9.222094483467767334e-02,3.432658596148959601e-02,-1.519901937178542994e-02,-4.165190756452868959e-02,-6.603117760999392682e-02,-2.796811558976989090e-02,3.678757241558932439e-02,-5.391858399223824899e-02,-1.624644893598201079e-02,-4.029841422950859037e-02,-2.788567756224292690e-02,-4.262706163746603910e-02,-4.575465107110266577e-02,-1.028578877870818878e-02,-3.959863219941004570e-02,-5.279447767602157143e-02,2.983214354708764796e-02,-2.420700089695185329e-03,9.064260021046672416e-03,1.828981966744172225e-02,-3.655922015890113175e-02,9.172294842983329949e-03,1.731485502090620091e-02,1.788110978678673565e-02,3.638763722241181858e-02,-4.841762610307227821e-02,-8.171541276255712971e-02,-4.333301750799514046e-02,-6.143469381455449185e-02,-3.975877030027594877e-02,-7.572089915297172680e-02,-8.363467903592521069e-02,-5.185535356015232022e-02,-3.169264800983933456e-02,-2.278960016915650144e-02,3.439021101835040145e-02,-3.795284471543680649e-02,-9.739146906466958353e-02,-8.954797475314546507e-02,-4.614452776000012996e-02,4.691255737365104816e-02,-6.813202862217111744e-02,-7.694785762965299439e-03,4.414335371610974418e-02,4.677692705822299180e-02,7.482936089808886471e-02,7.923969740765125780e-02,3.681505143082399595e-02,-2.925660545138834747e-03,1.315983672004747244e-02,-1.887187677827228960e-02,-2.617697030521301538e-02,-1.597544359793684476e-02,8.494518851883325547e-03,6.070526027659707557e-02,-5.701727094563267817e-02,2.527260241412207162e-02,-6.243194796950100878e-02,-2.670185654923875815e-02,1.512168933782838398e-02,-8.881905672287795581e-03,1.571095200182262477e-03,6.778305481425468682e-02,3.758222936650807561e-02,3.503449163936345201e-02,5.455169726201433461e-05,2.872169851037643246e-02,-2.604713093430659608e-05,-1.262242400520033336e-02,7.430168680255123080e-03,2.367216623337902934e-02,-2.100170581927169808e-02,2.008110256733979318e-02,8.332654752101728568e-02,1.062537050595414000e-02,-1.244720301919283179e-02,8.129182607116128279e-02,3.159690720375826767e-02,-1.224897322619692211e-02,3.664191454765945016e-02,1.217496707795223676e-03,-2.151614658650201004e-02,-3.527513046707726752e-02,-3.984681211343501367e-02,-7.823814785789824644e-02,-8.991962130952217691e-02,-2.748272444971780817e-02,-2.052243570006058448e-02,1.523178740999005590e-02,1.186986883820049209e-02,4.333921317649463284e-02,5.852263822158088741e-02,1.782489780491258724e-02,4.788534090929921078e-02,-8.043058720877290652e-03,2.924944127315590864e-02,5.321189369525837487e-03,1.482710433713080658e-02,-2.736927143612373839e-02,2.681356674106969568e-02,5.035829497060405335e-02,-1.523144441652501263e-02,2.171052057639182714e-02,-3.722600370489748817e-02,-1.923314659835478196e-02,-1.540004820681747238e-02,-6.870112810175411922e-02,4.243834937951542624e-02,2.413448365326102338e-02,1.327154509171163226e-02,-5.371612986717892724e-02,1.315148129457758240e-02,7.272329417576810923e-03,2.145231530070203230e-02,-4.233578159218439468e-02,2.131420732108301255e-02,7.207152522593503717e-03
9.773061108923981888e-02,2.935140208392977845e-01,1.000000000000000000e+00,2.658546518934180591e-01,-3.109338135596593014e-02,1.964706808991907583e-01,6.147655626384559979e-02,-5.059499220764939603e-02,-3.487971701501837302e-02,9.774867424004568539e-02,4.735688037366914821e-02,8.034373208438277958e-02,1.534920747614536007e-01,1.027552133301307263e-01,4.354234497213799182e-02,3.142594533569701559e-02,1.252996684829396079e-01,1.893542545495068702e-02,1.828149891760146029e-02,1.152171098336282340e-01,8.403964740777568332e-02,-2.772512682347148816e-02,7.928194732398859135e-02,8.885549199580301816e-02,5.509184738855766802e-03,4.038339406981423553e-03,-1.160530283996867931e-02,-8.449432032592603392e-02,-5.926267277329087119e-02,-1.336506310585754975e-01,-7.896066746723742757e-02,-5.171198254907430347e-02,-1.075676980479161604e-01,-4.284108780979486303e-02,-7.551462235582258320e-02,-6.590011916210308796e-02,-4.684490599909418851e-02,-1.028823633309244034e-01,-4.204495991627064944e-02,-5.025099313459224781e-02,-7.717062455042128510e-02,1.931860810597436223e-02,4.104786002091979718e-04,3.176385055783316111e-04,7.162760897041158155e-03,1.725663168410504489e-02,-4.821591988383845326e-03,-9.039494854805260604e-02,-6.368249959320514131e-02,-4.792975416559975416e-02,-5.267266917375922758e-02,8.593489663355373398e-03,-1.034066354782238323e-01,-9.215048574118527014e-02,-5.993353395707517323e-02,-4.264090839226345603e-02,-4.069972651719296758e-02,4.449395938373144899e-02,-5.146922284394163383e-02,-8.299342094570038783e-03,1.871541092229753525e-02,-5.742633763882206560e-02,-4.992106958916413349e-04,2.004723135738785758e-02,-2.713305317558594928e-02,-9.012861845400592029e-03,-1.749568505772731292e-02,1.871433209453503277e-02,8.714322952662519051e-02,2.241323957212673634e-02,-8.134024236953996123e-02,-1.897628675095433190e-02,1.033745108069124286e-02,-4.328992702770119438e-02,-2.938856934504121068e-02,-2.168745645194877780e-02,3.141442767470856157e-02,-9.103130958061617095e-03,-6.123683265818791188e-02,-4.059532209943338826e-02,-5.440496207508989379e-02,-5.307429192568017401e-02,-5.962319352072894402e-02,-4.334486285128805877e-02,-2.681061707694646495e-02,-6.083587592501705360e-03,-3.439970084590129873e-02,-1.614709769890026667e-02,3.696777112924129471e-02,2.286344347279247943e-02,5.439054736392070349e-02,7.081769851474624400e-02,9.225835519713930510e-02,3.035526474321363632e-02,-3.108653179569803929e-02,7.677962280888959209e-04,6.039938763434157809e-03,-1.215946950029578137e-02,4.641862077376743279e-02,7.780970358655650565e-02,1.256026214447913437e-02,-1.372426468723390164e-02,-1.307769317168985292e-02,1.004156667190062892e-02,-2.365840645245277998e-02,1.334161843288324094e-02,-2.930234927937537537e-02,-2.724671492775102705e-02,-4.213637828492509084e-03,6.577361761239612636e-02,-2.054376994567152018e-02,3.221761001353330017e-02,3.200473703166162309e-02,2.654918636691389749e-02,3.226306512189907466e-02,-2.481336588416209119e-02,-9.812690015083337658e-02,4.498249885454312473e-03,5.085395641465609989e-02,4.813148714854466326e-02,-5.374398221751680582e-02,-3.255199618589498488e-03,1.832601175589206478e-03,-2.712715877091197506e-02,3.853288246617835727e-02,-1.056712903133020034e-02,-1.313799742266498136e-02,3.951784166265846082e-02,-2.652802572880231038e-02,1.167509489708901671e-01,4.557101990318777190e-02,8.461805759271241734e-02,7.156378520418284206e-02,7.414852995261962676e-02,1.059310013359322095e-02,-5.284263055780796629e-03,-6.705821672166403964e-03,1.881928892974327541e-02,-1.405468323815925631e-02
1.976365715700312553e-01,1.589506733671047500e-01,2.658546518934180591e-01,1.000000000000000000e+00,3.081422928455166965e-01,1.439565588510264837e-01,1.462813699213227348e-01,1.952500010539149622e-01,-5.811737589897163214e-03,-2.032826212437684535e-02,4.746802936007571416e-02,1.301989789082992344e-01,7.396237136778559262e-02,2.026647071288404517e-02,5.155487642433403961e-02,5.959999238211875772e-02,6.052862144787617832e-02,-4.538051120616015850e-03,7.045968554654667357e-03,1.100245140382928449e-01,3.130920649739209888e-02,-3.910505272973239382e-02,1.849508308028686640e-02,5.142965682656023413e-02,6.389088998614519954e-02,1.271007011912793083e-01,4.348725198650608970e-02,7.782934222098090819e-03,8.820249585054715236e-03,-1.225966378281142209e-02,2.598988412002422189e-03,3.598346208718854189e-02,-1.542348915188121623e-02,-1.561545819594631866e-02,-1.240527176745615315e-02,-8.061862880892185085e-03,1.552021776346748129e-02,-5.034740389555553836e-02,-1.225168037573333077e-02,-3.293207417639274631e-02,3.466086049223881388e-02,9.510523688018844568e-02,7.454733930762220961e-02,9.524737510284539410e-02,5.211843376623435248e-02,6.833653946040274541e-02,-1.672809970088037779e-02,-1.181647645836672311e-01,9.618044806812711331e-03,4.247005764889646984e-02,3.218790033190119942e-02,1.964399576015509255e-02,-4.796462170139506598e-02,-1.644935689685809305e-02,-5.177867720788886102e-02,-5.284729840222721076e-02,-1.207847122545623736e-01,1.408414968425837285e-02,-1.182559231282213769e-01,-4.792273415118841751e-02,-8.931670272526669174e-02,-1.747290170677130439e-01,-2.668503057492598723e-02,2.526660559129439640e-02,-7.816537951253230837e-03,3.879212935179592731e-02,-3.225685519183820555e-04,4.265887753300037083e-02,9.314321907730895023e-02,5.644221637806532028e-03,-9.058768803192887575e-02,-2.842283474090981019e-02,-5.258697309287617416e-02,-3.058655005630627269e-02,1.866401898062788542e-02,-4.665955812413116049e-02,1.265441726621524890e-02,-5.720871339259879507e-02,-8.103502000862077004e-02,-5.158303130179492380e-02,-9.269174466304296034e-02,-5.328913481777633465e-02,-2.461981337640258005e-02,-2.545888928205150212e-02,-3.943625188760053329e-02,-2.823747285867872839e-02,-4.327521601776501692e-02,1.406274605446931024e-02,5.705610957065408717e-02,-2.391196534886270292e-02,5.800707276104948712e-02,1.514355191720779918e-02,-2.556105697449616646e-02,-1.197217173288513958e-01,-5.726279250988075727e-03,-1.100275986423544794e-01,-6.039252508917403173e-02,-4.815011231210875216e-03,-6.235445060344408513e-02,-4.583898255491744567e-02,3.799074907154340736e-03,-5.534038197120586672e-02,-9.627689850206989919e-02,1.491965356855093176e-02,3.526176765777278010e-02,2.951926938662385522e-02,4.719215982979400870e-02,-5.369312852821233467e-02,2.367117970207274422e-02,-2.908264960914825475e-02,1.469168856369669658e-02,9.392089677105254497e-02,8.463838081990267270e-02,6.109057596566214859e-02,1.336274081724155571e-01,7.000202521226681074e-02,-2.713859039168104240e-02,1.098669864387556150e-01,1.285768886367164021e-01,5.237650429345477865e-02,2.248068234954462424e-02,3.740232413789413429e-02,2.471247240794155475e-02,4.992760356724728482e-03,3.736522726979463194e-02,3.269867843217688641e-02,1.605264741628349701e-02,7.659873446094976612e-02,2.722336828972355544e-02,8.178033387415517552e-02,-1.063664956561169092e-02,6.067067641807345757e-02,-4.240272188814050991e-02,-8.372909201726924655e-03,4.645893866189344801e-02,1.614663507151522723e-02,1.292803857681642035e-02,-7.638371234227760154e-03,3.493697601091918375e-02
2.119358947847108654e-01,2.742751715625682540e-01,-3.109338135596593014e-02,3.081422928455166965e-01,1.000000000000000000e+00,2.399153708424176801e-01,2.386430308368108211e-01,1.608157806954646218e-01,9.013232688509958956e-02,1.289810787352482432e-02,6.229908704930355035e-02,7.262737947128823646e-02,-4.894342339204519818e-03,2.983465822035000561e-02,6.426607429534778038e-02,1.328928008605058993e-03,1.681615155416934029e-02,-1.547810996651522060e-02,5.316988969600419841e-04,4.286793828392230360e-02,-3.558377122367906761e-03,-3.684292596442394208e-02,5.486149240049219278e-02,-2.206434376525274327e-02,5.464266208871753489e-02,2.390281694549455452e-02,-1.490708288400308503e-03,2.491888441293070230e-02,5.235722276424244551e-03,2.057418896917252021e-02,4.554882509879679825e-02,2.213274280388039320e-02,-1.526305810394338464e-02,-1.973941956629026318e-03,5.836196641276635705e-02,5.270818298545492525e-02,3.011389152277620801e-02,-6.487937912858957740e-03,2.554228618831515946e-02,3.278621935936766596e-02,8.264754468562321432e-02,1.086168777556542758e-01,7.383349675675771051e-02,8.248383249377812254e-02,2.867759778088316627e-02,4.701216018456548518e-02,6.439380675564643046e-03,-6.965248258894628230e-02,-4.780381283838084500e-02,8.727550795586427879e-02,4.108953721086985866e-02,-1.229871936393774588e-02,-3.319832105414488588e-02,2.968905981505804564e-03,5.052409372046377106e-02,8.896639583535630212e-04,-2.164832472630965135e-02,3.866807358325125097e-03,-3.479194443514474488e-02,1.356246315110358827e-02,-8.302962054116627688e-02,-9.569079457937124111e-02,-5.609499799607597925e-02,3.852302623647654942e-03,-1.120875839611111535e-02,1.767559864031904501e-02,-8.086532447898121811e-03,2.532484082415000989e-02,2.127358604187237767e-02,5.657687914841780935e-02,1.564819330444468248e-02,1.433912840848040708e-02,3.255566332488597087e-03,-2.135827319803055777e-02,3.333468108600300128e-02,3.123767841860939851e-02,3.282936569227372370e-02,-4.994646592429390769e-02,3.232744829414967852e-02,-5.375506476466544031e-02,-3.198774327013632901e-02,-1.945022693788904175e-02,-8.779809791459258772e-03,5.013500550350372814e-02,4.916374749804146294e-02,2.844653957942790481e-02,-6.960711956354002569e-03,1.090088521706543759e-02,1.795315775429262226e-02,3.428105212948127749e-03,-1.908680212288902875e-02,-1.364802022079197874e-02,-3.523612403026002426e-02,-7.588189629736361019e-02,-2.949721083619909201e-02,-3.986818711142758875e-02,-9.122069120918271934e-02,-7.323336201436002335e-02,2.637679460849788604e-02,-6.106263580196974461e-02,-1.303075972676672745e-01,-6.813336734416482188e-02,-5.256544302684630979e-03,-2.704430126154932015e-02,1.710244699018024714e-02,-1.440658118203226113e-03,-3.256932618981183292e-03,-1.240537678947813485e-02,2.323069325051066881e-03,-2.185485302638695559e-02,-4.715175730927829295e-02,1.651076753594581115e-02,-1.698594578259563295e-02,-2.825530510799715818e-04,8.253299412856819617e-02,3.752080416313643974e-02,6.204085963550002442e-02,2.978361998086272514e-02,5.952949381348868890e-02,2.005840455360082333e-02,1.166923068371821491e-02,5.278620595050443481e-02,2.312003706505412828e-02,1.365802609416622709e-02,4.806682522977592104e-02,4.709640000265627457e-02,5.560392248790997638e-02,7.509682461167772535e-03,1.742235321983017296e-02,7.305990627408537330e-02,2.185991735900965488e-02,4.862552499537505651e-02,9.369023799076819231e-03,3.155987591981584267e-02,1.405832412724614469e-02,6.683893884222028492e-04,-8.339563764821568415e-03,-1.475360417925663734e-02,1.670657420270727639e-02
3.521420167570447207e-02,3.149082946484131340e-01,1.964706808991907583e-01,1.439565588510264837e-01,2.399153708424176801e-01,1.000000000000000000e+00,3.831204490509204086e-01,1.536187265190981643e-01,1.156900679401800941e-01,4.541094122951146866e-02,1.045473188004327897e-01,9.896926227323331327e-02,1.386908593865602279e-01,5.179098156556234678e-02,3.648623355120048789e-02,-5.236275433304529020e-02,2.927671176422825313e-03,3.706267818522923641e-02,-3.405378189205050810e-02,-7.588986661566947747e-03,8.176323490987309761e-02,2.602787214484667683e-02,9.070551947415518568e-02,6.138050841055297385e-02,4.183877786831521894e-02,-6.499758372561147135e-02,-1.018361953366958977e-01,-2.323163735082113199e-02,2.408231392662923617e-02,-7.944463705690150979e-02,1.319971343460742130e-02,-2.662036941696540107e-02,-3.231639640856578261e-02,1.494203302847164211e-02,-1.433997084302048378e-02,2.908343544967556885e-02,-1.749804587546451365e-02,-4.055892857131013912e-02,-1.595118589336659088e-03,-2.091216930645389133e-02,2.766218540107705619e-05,9.816731858731532478e-02,-2.638384535478023249e-02,1.374793804783933440e-02,-5.299867252571735000e-03,-2.305103737768641678e-02,-4.865898462319488693e-02,-8.174812400596924433e-02,-8.182467961415951230e-02,-7.127627180587491063e-02,-7.142185720512066183e-02,-9.316760474408652959e-02,-5.102141879583674267e-02,-7.311677382525216817e-02,-8.313976478932560976e-03,-7.892151574782023393e-02,-1.129517787468285739e-01,-5.539800433984563843e-02,-1.245175670121387718e-01,-9.814678121175011982e-02,-6.177726429953098175e-02,-1.231801910371902453e-01,-4.527012160468393137e-02,-5.760741238387707269e-02,7.551462893608878839e-03,9.619587150522865412e-04,9.861396880221761502e-04,4.834064705515388888e-02,7.024921224933158848e-02,1.800274212325536985e-02,-4.799765691490625458e-02,1.244268111289301149e-02,3.146422702587778342e-02,1.505358301211112346e-02,2.848815129340662861e-02,2.094546873286745603e-02,8.439805086501564468e-02,-1.543842452549190787e-02,2.349666967241994045e-02,-2.910656049881180790e-02,-2.010619229115131676e-02,5.448783147589585096e-03,-5.954268514268799828e-04,3.010345218734400072e-02,1.188355838985277919e-02,3.009764048760343175e-02,8.078425488057176806e-02,1.883984000476699935e-02,2.760334291696722384e-02,3.854847893506507805e-02,1.887149262295530552e-02,-1.295496282162603673e-02,-7.176857093995728763e-03,-6.671099758182913453e-02,-2.168617681595133573e-02,6.145934515024348982e-02,-1.068218943214874067e-01,-5.356866737904586451e-02,8.840851900509102967e-02,-4.222973097828101180e-03,-7.194703992796794290e-02,-6.597632781971981934e-03,-1.302484167546012934e-02,1.863245396297440876e-02,-2.010505176537817976e-02,-3.307342324654852922e-02,-2.830961293875227866e-02,-2.971544583763544890e-03,2.127700170299003362e-03,7.722103806960592225e-03,1.832680036012175259e-02,4.048127117019630072e-02,1.488058072612977872e-02,5.323571184578759427e-03,9.608108080736413315e-02,3.602839347194849301e-02,-5.776749971957800128e-03,6.805331514144298544e-02,7.130474789726203022e-02,-4.321300211869202011e-03,3.627790725701865449e-02,2.076308047848555993e-02,2.218518561786322202e-02,5.200836679744839756e-03,4.336238717324664843e-02,-1.397022512540153048e-02,-4.609058835896553442e-03,-1.613428152607301880e-02,-6.318516150667638498e-02,8.878979165742784466e-03,1.960628188893161206e-02,7.727677151350364169e-03,2.507714442192503571e-02,1.899762331953731842e-02,4.391987979457637886e-02,5.464486819295961278e-02,2.850312579680685035e-02,5.739055380882437246e-02,2.490991482032096568e-02
3.471290530960280396e-02,1.252543762639105607e-01,6.147655626384559979e-02,1.462813699213227348e-01,2.386430308368108211e-01,3.831204490509204086e-01,1.000000000000000000e+00,1.897296034118569896e-01,1.105755940990752195e-01,1.514740822334318393e-01,1.843827788048792160e-01,1.138344193933982923e-01,2.872850860230964296e-02,-9.438697679219402309e-03,4.415581865400722457e-03,-8.876857543357645486e-02,-3.448736525675988318e-02,-1.918917028661283955e-02,-3.992528377567876319e-02,-3.726004471713177668e-02,-6.933407900598217467e-03,-1.705880945829829631e-02,2.676831630490454292e-02,5.118939390451502508e-02,4.185484274843978558e-02,-1.594896813764219365e-02,-6.012982836037494838e-02,3.490188871351405497e-03,-5.116823608664396172e-02,-1.801810301038015219e-02,4.181600071368336315e-03,2.129801548895915442e-02,1.236322369053455099e-02,-2.140980705332200945e-02,6.009123919168702505e-02,6.130262930393466647e-02,3.960923336108554405e-02,-1.489419952527466610e-02,4.215434895892564843e-02,1.196732385843841517e-03,2.417332293047682115e-02,1.509961791150808141e-01,5.751729260800747881e-03,1.826845460085618766e-02,5.504915932723117300e-02,-9.963119546803997362e-03,-5.908096334921485865e-02,-8.150332893790772359e-02,-6.799407873461102425e-02,-3.585704962349340469e-02,7.528876464119287591e-03,-4.293784663821122172e-02,-4.516033628976919012e-02,-4.001472824387374699e-02,-2.768553531742654408e-02,-7.193174000559635073e-02,-1.243492513775329156e-01,-6.726190590036372485e-02,-1.377354208141524927e-01,-7.289751376794270654e-02,-3.285107425353462479e-02,-1.332100512073080834e-01,-8.923135949381331977e-02,-2.473602191303059250e-02,4.377398980148147767e-03,4.023548338538426861e-02,-7.598172744810919796e-03,3.312802838467546890e-02,3.130040016097475342e-02,5.073023851774545456e-02,2.220015651073977900e-02,1.142163761651560430e-02,5.330339785173966727e-02,2.165995859345400815e-02,7.799685268177153352e-02,2.966103691734805342e-02,6.755880629457809705e-02,-5.278577115564179328e-02,-1.431692168387383238e-02,-9.004906092259529204e-02,-2.705716099847121914e-02,-2.247893443544166092e-02,-6.508220604030168221e-02,-1.623428174893264131e-02,-4.071769952449161463e-03,-3.182564498036814099e-02,3.349185563270475757e-02,-9.756479890666858168e-03,-7.498190980927520047e-04,2.528563955304459140e-02,1.638627476114055265e-02,-4.263271037596334107e-02,-7.791851698416978056e-02,-9.983497904495243491e-02,-1.007481242710831469e-02,2.372424806160109562e-02,-9.859292795267439458e-02,-6.028765345595330644e-02,7.531456940037274672e-02,-1.713472798993746077e-02,-7.421095997781500253e-02,-5.606046311817111660e-02,-3.519414287149530418e-02,-6.903704716473017811e-02,-2.232079288762793198e-02,-5.134520400041223814e-02,-3.908319761450653601e-02,-2.533534527902055883e-02,-2.674751962166677446e-02,-1.799093403085558207e-02,2.172756192784048440e-02,3.400595193586853499e-02,-7.818542901417174784e-03,7.095115738054127985e-02,9.304789763340677589e-02,3.373591476672031797e-02,2.262720689800606921e-02,6.264985082587691545e-02,6.810463018997073292e-02,-1.040854078227618218e-02,6.043016631326861288e-02,2.699292370363577664e-02,8.739825599689393654e-02,5.499755874026927838e-02,5.515256359993229995e-02,8.666153866208561873e-02,6.125403036785968813e-02,2.644852470399665714e-02,5.153633464725647373e-02,5.280607603933078903e-02,-1.334428396641617644e-02,3.625359291430079595e-02,2.528744745565177435e-02,-1.158666602941348447e-02,2.028414969895093317e-02,5.904398213436964221e-02,2.274472142687381307e-02,4.643167060513607447e-02,2.286715390072588741e-02
6.796243252359458753e-02,1.001865506926443578e-01,-5.059499220764939603e-02,1.952500010539149622e-01,1.608157806954646218e-01,1.536187265190981643e-01,1.897296034118569896e-01,1.000000000000000000e+00,1.742105680749445329e-01,-7.536167367039899034e-02,7.418469493161812534e-02,1.550847709967832500e-01,3.991531246056206905e-02,6.972614960854112143e-02,4.241727865599437958e-02,1.857754174814868139e-02,3.157358471672216949e-02,-3.762581313155920117e-03,-7.312271489682523051e-02,1.974232710589749959e-02,3.998419057969843093e-02,-8.310049375489346121e-03,5.249796038907749568e-02,1.249370731473678844e-02,1.696599581576630628e-02,5.490200871197978283e-02,-3.048864242137700603e-03,1.403392462125691541e-02,6.742856589415936741e-02,2.972517044243826179e-02,7.905170936229509449e-02,3.771044012860066963e-02,5.107087082379688225e-02,3.440690440112582904e-02,6.287425865014358017e-02,4.953911511473095552e-02,4.919400667010691286e-02,-2.977788807659020875e-02,4.240957526304550695e-02,2.706440427241376540e-02,4.543112587607964215e-02,1.258734264877225395e-01,6.666414505433312931e-02,5.645284366454750985e-02,9.850899591296289476e-03,-2.289745889855705763e-02,-3.127876613462815536e-02,-9.482781510652714407e-02,-1.780872178038540518e-02,1.183642801245221240e-02,8.302593262372218175e-03,-2.519287814882158888e-02,-2.886600033995260703e-02,-3.239292945844294419e-02,-8.033242293024156488e-02,-4.237650465239416880e-02,-6.417359687931428747e-02,6.165807515241070180e-02,-6.071045257152195285e-02,8.650400435308812364e-03,-4.324240791960934360e-02,-7.446129861991122867e-02,2.701560642859606245e-02,1.689718381114190676e-02,2.757074510901099187e-02,4.360219644055283311e-02,7.102426126163738362e-02,5.243381156234927509e-02,5.216175079310167439e-02,2.269540208606531106e-02,-2.772878971276442062e-02,-1.895892574776412293e-02,-1.390259280017410240e-02,2.681183891476014280e-03,-2.001835042949455610e-03,-4.138247052856170588e-02,2.384720770278307006e-02,-6.880146517685190033e-02,-7.556685500136854292e-03,-4.701934666167655041e-02,-3.633911401437469463e-02,5.417297181979779247e-02,2.477609459292590133e-02,1.945240737931229827e-02,2.033070189197968419e-02,-3.226167110166667379e-02,3.698088539676541719e-02,-1.050782164410898195e-02,1.562783518581087674e-02,-4.704102678978513974e-02,-4.425081354521182703e-02,-9.725528497060945132e-02,-6.678955235976126448e-02,-1.363155054222124629e-01,6.664352165514860621e-03,-1.542920353978515825e-02,-8.787191560870583062e-02,-8.505154029216518974e-03,-4.069231430015882861e-02,-7.696295748986348162e-02,-3.684320294058570505e-02,-1.583686250654008434e-02,-1.079479404498951134e-01,4.353908500976445307e-03,-1.395681987526567122e-02,-5.136424918290702357e-02,1.542668826117721791e-02,-3.766368837124473706e-02,-1.800794298543238053e-02,-6.348563395129658282e-02,2.503255188191018041e-02,-1.824320063655892124e-02,1.452889222772086320e-01,1.081793190839669822e-01,1.265299761446342097e-01,3.665986929032231251e-02,5.683029450112407448e-03,1.126800130404973649e-01,8.415979262262456018e-02,9.450660086022988696e-03,1.008832303120379831e-01,2.768837714644317369e-02,2.761796167315060113e-02,6.358616611023315546e-02,7.445929116919411395e-02,8.553322918171951672e-02,2.422655349922262294e-02,2.275793847135304179e-02,8.096641658644820883e-02,1.825098619901136324e-02,-6.329130652289788328e-02,-1.565502093561968455e-02,-5.719275813336786168e-02,-4.715757889702223288e-02,-2.658543658404171478e-02,1.770655815907999989e-02,-4.243215748599444420e-03,-3.477171610552513142e-02,-3.482413900101347798e-03
5.086108961761321573e-02,4.089155284413638347e-02,-3.487971701501837302e-02,-5.811737589897163214e-03,9.013232688509958956e-02,1.156900679401800941e-01,1.105755940990752195e-01,1.742105680749445329e-01,1.000000000000000000e+00,3.368116245036263390e-01,2.789817734748557543e-01,3.202138944944839527e-01,1.604757054818475304e-01,9.407382576036617261e-02,4.726659279231965050e-02,2.874978754616975760e-02,8.192585651763079069e-02,-6.055138928223604416e-02,-3.169214164668764100e-02,1.034609267792261783e-01,3.384611848701269549e-02,-6.316471830841142998e-02,6.908007354296086255e-02,-8.254130538158341301e-02,-5.364038927490833580e-02,6.569037319338202376e-03,-4.490523874529038506e-02,2.242603418215534730e-02,3.453888961646403577e-03,-8.704396462820515948e-03,9.874539825253129954e-02,2.365542980869022108e-02,-6.640587080152777523e-03,5.518374488712479708e-03,4.016588191631867422e-02,1.318840028947669378e-02,-2.312434882982450715e-02,2.567615064535973962e-02,6.792066120156543818e-02,2.586120129080619195e-02,3.987671907381463293e-02,-7.612706870809812613e-03,5.947552891663500374e-02,-3.323410326237717888e-05,-2.325925107628080968e-02,-2.106736974431801246e-02,1.123802811701364417e-02,-5.114308294987634368e-02,-5.038804563335336217e-02,9.099377254913927626e-02,7.848694282232107633e-02,4.528603402045897064e-02,7.191972216263034512e-02,8.709397892439152411e-02,7.957157715277178578e-02,-7.267840002432743481e-03,2.207119502153740212e-02,1.084890045939788765e-02,-1.296070578692888053e-01,8.778887177802915942e-02,-1.480884455816912706e-02,-9.433516775092788686e-02,-6.659301617546618812e-02,7.096910443670717550e-02,6.361631594822018954e-02,4.494034437969083445e-02,1.469266455291438900e-02,-1.102632097502912085e-02,2.861156535474743481e-02,3.492927600033863145e-03,-2.291559042297971419e-03,1.583508502539195464e-02,-5.824079995056639751e-03,4.142764992756522990e-02,7.548131604209240564e-02,1.412571455617579394e-02,-5.922478951441222106e-02,-5.992298230265887676e-02,-8.667607774840566104e-02,-7.492116522223396524e-02,-3.470626325145783220e-03,7.927960132732699353e-03,-5.189069778402978506e-02,-1.663676295844350971e-03,-9.230328492154726144e-03,-5.963565610164593689e-02,4.642999204287417796e-03,-7.938499203380550151e-02,-3.827512940438382305e-02,-1.901683748041121946e-02,-1.085942220229206001e-01,-8.234452977491345249e-02,-1.157367182774573511e-01,-2.387995950787813113e-02,5.165953747435236831e-02,7.180645957434438065e-02,7.814597872946435139e-03,4.138727253347273746e-03,-2.655243454017340923e-02,-4.683564715691875859e-03,1.575249443872858354e-02,5.552100775525576487e-02,5.626908151748587911e-02,-7.980222340267462133e-02,-1.265989072376917379e-01,-1.369982171784961955e-01,-8.495603670083398673e-02,1.010323024606608472e-01,-1.306514184162046177e-01,-6.775391666094400522e-02,-1.068967792371207232e-01,-1.877297769299248187e-01,-7.568341446315703103e-02,1.317130342898592717e-02,5.424660926604189803e-02,3.675325155493109480e-02,2.897180995799555209e-02,5.698631257856545673e-02,7.390096925472276757e-02,2.303351923450367572e-02,6.022026561907055375e-02,2.134710737137427219e-02,7.160672016760993852e-02,5.793934709758807172e-02,9.814525800500105424e-02,5.548472952698193378e-02,7.163863866553960014e-02,-2.702717081557733103e-02,4.748948797916359432e-02,-3.487078853809982837e-02,-3.194271386282928477e-02,-6.191461009420638067e-02,-9.077647350792239500e-02,-1.094819148280517379e-01,-1.130425274144794545e-01,-2.293486135067248494e-02,-5.175170679156328862e-02,-5.053331961755819224e-02,-1.079477487107913421e-02
-1.062757661473648189e-02,2.315762484740112054e-03,9.774867424004568539e-02,-2.032826212437684535e-02,1.289810787352482432e-02,4.541094122951146866e-02,1.514740822334318393e-01,-7.536167367039899034e-02,3.368116245036263390e-01,1.000000000000000000e+00,3.811255668806537433e-01,2.863887287244690216e-01,2.503671260510795249e-01,4.052349343258248443e-02,1.627873842079335248e-02,-2.069088128180446989e-02,6.734324207467612400e-02,-5.643502908642591964e-02,8.201484146222922647e-04,8.130107401842559534e-02,-5.986225473667772939e-03,-6.448507190672933542e-02,-4.064727078997525805e-02,-1.130212083490436531e-01,-1.679573336984673260e-01,-2.879029837885103624e-02,-4.777841466558092193e-02,-1.259010056007669499e-02,-1.466137065978718734e-01,-1.020976508532615429e-01,-1.065280811874144001e-02,-1.535517483351672187e-02,-5.783400215318090093e-02,-6.161391544580348267e-02,1.736134829721223960e-02,5.281911539951401197e-02,2.217830762676859663e-02,6.260181106054868438e-02,6.933204027295435112e-02,7.475276870723159689e-03,2.847208592078694783e-02,2.396777994301844093e-03,2.425681979427931831e-02,-9.610685011061754698e-03,-2.806519072060299075e-02,-3.742978314791104572e-02,-1.004525540507835227e-02,-6.518363653552250447e-02,-1.017376526760010724e-01,-1.779317945790554259e-02,8.879217956845717255e-03,1.029187809319760255e-01,9.427882050743220665e-03,3.326718318752680537e-02,4.900426383807923031e-02,4.368413773986518089e-02,3.169575377330986765e-02,-2.818087287490458025e-03,-1.667402607055733926e-02,4.974866504518813543e-02,-7.995551796749159057e-02,-1.027566427342525707e-01,-1.052288746681620396e-01,-1.863476716848125672e-02,-3.352619638963942605e-02,-2.752372107823581118e-02,-5.872080228450729522e-02,-9.015611463380509075e-03,-2.057294377668074034e-02,9.603300105871252768e-02,4.083632097625877061e-02,-1.747842682861322841e-02,3.802523809218052997e-02,2.658323613391543397e-02,3.710197539569391745e-02,6.720534869257707711e-02,-9.729824968515798575e-03,-7.939030452372637658e-02,-7.848851333239222072e-02,-7.828973886719357844e-02,-1.678465244797213915e-02,-8.817686527892323531e-03,-4.816769842270837015e-02,-1.363433324907754179e-03,-3.572900537986448133e-02,-3.713386524086197127e-02,2.192175758616892595e-02,-1.962633998786326647e-02,-1.705928905106649310e-02,6.510585702428939303e-02,-5.947330897382767725e-03,6.370613088921327216e-02,5.057303998562998060e-02,6.392087615474036089e-02,-5.506024911586288213e-04,4.760476071843688234e-02,-2.622391719492047496e-03,-4.965933196373523151e-02,2.157532380646147788e-02,9.284328064989209872e-03,-2.312094234784485905e-02,-3.258274119445721956e-02,4.245837268572968254e-02,-2.878735444069045746e-02,-4.679872508038209616e-02,-6.293349233917454322e-02,-4.200654876011380989e-02,6.445253470266379403e-02,-2.566899874408637428e-02,5.797149937231312056e-02,-2.964293855987466808e-02,-1.150562157892890958e-01,-1.332575785141522084e-01,-5.289756458750394241e-02,-5.262203165880816047e-03,-1.147276520630163311e-02,-1.100236148253354307e-02,-1.570281466375075125e-02,7.352252720433322120e-02,4.086844909915169494e-02,-1.638898078357356805e-02,6.123492819833005474e-02,6.197652944989166107e-02,2.392755533719830713e-02,1.203528170464331776e-02,4.642034673618386509e-02,3.117405552540604072e-02,9.437791593768106359e-04,3.482497509470126873e-02,3.242090115135702610e-02,5.023414764969571546e-03,3.015073031116959415e-02,3.164736803299390139e-03,-2.010621595655667088e-02,-7.361017255998823783e-02,1.581966360912150787e-02,-1.706760567275929924e-02,9.508366540807996342e-03,-7.022386288022158460e-03
5.251887247873205473e-04,5.237402616756837992e-02,4.735688037366914821e-02,4.746802936007571416e-02,6.229908704930355035e-02,1.045473188004327897e-01,1.843827788048792160e-01,7.418469493161812534e-02,2.789817734748557543e-01,3.811255668806537433e-01,1.000000000000000000e+00,2.766963427994394431e-01,2.216761971643802509e-01,1.789699707996866840e-01,1.638326702381983496e-02,-9.112607380621887132e-02,4.271247250863385164e-02,2.910391053226338981e-02,-9.842886129183460453e-02,-1.662413508235966939e-02,5.749142895961095734e-02,-2.082247572986447096e-02,2.831537166702594033e-02,-3.824235854518592131e-02,-1.783796402382455404e-01,-1.088465502652552069e-01,-1.763558131640260984e-02,-5.976562027151258172e-02,-9.554455461269581451e-02,-7.455183617397585782e-02,5.288379593291484687e-02,2.268688855315045133e-02,1.348163804918868329e-02,-4.325686332957637270e-02,2.997940134690134720e-02,7.229544131108735228e-02,1.576507351642604179e-02,3.921216517859017758e-02,7.143235457694763202e-02,5.671950896407438464e-02,5.798572745500789327e-02,2.365271932612836303e-02,7.026556227050753667e-02,6.564217468873760619e-02,-7.552736257564415800e-02,-1.103275798119077861e-01,3.405159393554917872e-03,-1.135307553172866524e-01,-1.564084592409807628e-01,-5.561932656685811271e-02,-7.021070118762021139e-02,-7.994481950880734291e-04,-1.603976950743202234e-02,3.733211245490349051e-02,8.685041249235184169e-02,-9.325452083856048541e-03,1.373058837826803729e-03,-6.297180891928724766e-02,-4.130278549707223218e-02,-3.824087848488310747e-03,-4.426494798783087853e-02,-8.168976598731902961e-02,-1.119943932454929847e-01,-2.886087978242979357e-02,2.777970665794926228e-02,1.494140093223747523e-02,1.309845015615656617e-02,4.723589561766435713e-02,3.124994061985798301e-03,5.256671989992303673e-02,7.170195705988502421e-02,5.647207358737558330e-02,1.131446868221557128e-01,9.892236247638915014e-02,1.785862682569967080e-02,-1.561582666037803456e-02,8.036049576035082798e-02,-8.093530040491812849e-02,2.946071051074816011e-03,-6.549936160893946036e-02,-2.065619934298224686e-02,5.652963123800776486e-03,-1.810398485984266934e-02,-1.261587103787452369e-02,-1.664786064725708170e-02,-1.092850957199016128e-02,8.485309344213612381e-02,3.495934443361515404e-02,3.591391397336034935e-02,6.652011376290614675e-02,4.472648271159686273e-02,3.223386806326048598e-02,-1.038740794934879703e-02,5.757068064279246590e-03,-4.719642273745836697e-02,4.852736803044415542e-02,-5.537206134849418510e-02,1.462474803357909775e-02,4.428131442580551108e-02,-2.925418940802266415e-02,-7.072807833801829196e-03,-3.352890575492449565e-02,-3.413680080945038098e-03,-5.544848169756473599e-02,-7.035153188776542554e-02,-5.515127202144506219e-02,-6.887870047054561740e-02,-8.417838334149374546e-02,-2.056237779207998120e-02,7.090585429195581102e-02,1.054071816628186498e-01,-1.362633552382918889e-01,-9.737463224495859770e-02,-4.131607036734096655e-02,1.086916010442045763e-02,2.520609617725754967e-02,2.848084960454476747e-02,-3.026956717710876932e-02,2.302864931291794676e-02,-1.651245010797964055e-02,4.942897829079829879e-03,1.118316069248585926e-01,4.749833338780041353e-02,2.378911222190404490e-02,-3.200288934291363463e-02,-5.719320640817510126e-03,1.685254757533527492e-02,-2.966731534238583115e-02,2.322440184247499036e-03,3.557526977108831090e-02,1.833881057264437689e-02,5.124144895171259956e-02,-6.233438451254000312e-02,1.214581595783333773e-02,-8.588274149394215656e-03,2.509753466319331744e-02,2.291844558908967544e-02,4.104613327298033826e-02,5.153913140926841968e-02
