1.000000000000000000e+00,3.794380630029591805e-01,2.733970509882264199e-01,1.216195639698507691e-01,2.735378082819989523e-02,6.220525375899333548e-02,2.930177893885901191e-02,1.199494060334596601e-02,-4.730793984511578315e-02,-2.359979424350413038e-02,4.063233211703318366e-03,-3.218608907267825076e-03,-9.183062769899191791e-03,-9.492198208313361654e-03,-4.482834172206923845e-02,-3.240625932834722417e-02,-6.648220901241416389e-03,1.529668568407991334e-02,7.492246543424317846e-03,-4.138583495896638181e-02,-6.635568701704656902e-02,-7.642346125981089311e-02,-8.334415455881201418e-02,-4.215741215744724102e-02,-3.386583245449806961e-02,-1.852873500627437095e-02,-2.843913333241759531e-02,-1.508870516943117655e-02,-1.056581339905345029e-02,-3.186730290338649074e-02,-1.402769924007144647e-02,-4.665489739519931844e-02
3.794380630029591805e-01,1.000000000000000000e+00,5.380404683949864264e-01,1.132062373382457937e-01,6.273480085676587381e-02,5.914951567231365587e-02,-4.963515141332838776e-02,-5.468029218027935928e-02,-1.163537958418189439e-01,-4.816059289201453375e-02,-1.626233472860984589e-02,2.474062003760163497e-02,1.895112358142251804e-02,-3.001049462501058362e-02,-9.701406867502904152e-02,-9.141554520469714895e-02,-5.028801659030012611e-02,-1.618288736452085097e-02,-9.355603423102862304e-04,-4.430987088145702663e-02,-5.916236235455173131e-02,-5.501501335594888298e-02,-6.718513910848721016e-02,-6.740358476012317523e-02,-8.517539468251297818e-02,-6.179600365687349522e-02,-7.930768362080613254e-02,-4.621922303902627899e-02,-4.472318875373564040e-02,-3.279163783635329760e-02,-1.499083824241548291e-02,-7.802488837644344644e-02
2.733970509882264199e-01,5.380404683949864264e-01,1.000000000000000000e+00,4.726863759680910992e-01,1.652319997028547927e-01,1.299923312874710635e-01,-1.485707224398212511e-02,-6.314343157052262727e-03,-8.915045761989738582e-02,-2.685612918154099346e-02,-5.765395629901501340e-02,-8.969409999040863293e-04,-3.635672788421065449e-02,-9.168814707295463995e-02,-1.342326375427401186e-01,-1.139440452354308353e-01,-7.031482035125531660e-02,-4.779840455074634009e-02,-3.921519501599172314e-02,-7.769542900870934909e-02,-7.174523650377895301e-02,-6.869633210257207467e-02,-7.517522111076672953e-02,-8.543982587122961325e-02,-1.132730716926712566e-01,-8.313902570198487829e-02,-7.455986044156133474e-02,-4.282367517323314166e-02,-4.706088690066588531e-02,-4.309822300276822116e-02,-1.486559058812568154e-02,-6.027985528254031083e-02
1.216195639698507691e-01,1.132062373382457937e-01,4.726863759680910992e-01,1.000000000000000000e+00,3.487353749116220425e-01,1.481630480378173242e-01,-1.993678868768282431e-02,5.545177282602781893e-02,7.804471732091167310e-04,4.285577240210529902e-03,-6.107644452934753165e-02,-2.638098887366682049e-02,-4.654663987960374824e-03,-7.533012453278506437e-02,-5.145156690478065731e-02,-5.054923202770149337e-02,-6.884851836365198097e-02,-8.005695945667698488e-02,-7.520668315625174405e-02,-9.393525442769470879e-02,-1.025836243218423843e-01,-8.671066107215509577e-02,-8.998453950258242240e-02,-7.066510328376918171e-02,-7.429338828003974327e-02,-6.480621432926281233e-02,-7.038518775955232565e-02,-5.252300117152956804e-02,-3.725058484045323109e-02,-4.755418527908081977e-02,-3.203080399453960003e-02,-3.947373009563685808e-02
2.735378082819989523e-02,6.273480085676587381e-02,1.652319997028547927e-01,3.487353749116220425e-01,1.000000000000000000e+00,4.910414973628765001e-01,1.045167753679740741e-01,1.745982588755973230e-01,8.006817188342639502e-02,4.281149645672482906e-02,-4.654859446441465126e-02,-3.105592542548495441e-02,-3.466592753407982813e-02,-6.732869600892692208e-02,-4.975831836570173555e-02,-8.465139594490962704e-02,-1.234582990311319517e-01,-1.148839451999529027e-01,-8.047157149364667084e-02,-9.096022430778263890e-02,-5.564710696809551521e-02,-6.773640500829350430e-02,-6.732651904187633707e-02,-7.067938755567915177e-02,-2.942828374974750319e-02,-3.554610196348566981e-02,-6.231122409256152628e-02,-2.205818008961003135e-02,-3.121703338820140325e-02,-2.541064603940594580e-02,-3.673570603304098653e-02,-3.143202570162064585e-02
6.220525375899333548e-02,5.914951567231365587e-02,1.299923312874710635e-01,1.481630480378173242e-01,4.910414973628765001e-01,1.000000000000000000e+00,4.339170977114638061e-01,2.260526176741806392e-01,1.439704434505498232e-01,1.173985832028660442e-01,-2.127570151972748083e-02,-8.703268965503651103e-03,-3.791264777610648534e-02,-6.269965778829446335e-02,-7.917233649826704855e-02,-9.003009699040015468e-02,-1.173328274194807841e-01,-1.120557101080135731e-01,-9.260935823923158172e-02,-1.260120197886585025e-01,-7.987238872787032207e-02,-9.978388163464464722e-02,-8.515895098583586842e-02,-8.903926270024986600e-02,-4.925746663286575955e-02,-4.967950314806737766e-02,-4.926324510761197900e-02,-3.275690817640781322e-02,-4.491503544478585991e-02,-5.462646353010080363e-02,-4.905369888864299921e-02,-3.884698132302013412e-02
2.930177893885901191e-02,-4.963515141332838776e-02,-1.485707224398212511e-02,-1.993678868768282431e-02,1.045167753679740741e-01,4.339170977114638061e-01,1.000000000000000000e+00,3.830528935163692861e-01,2.751132614256225906e-01,1.893184317136446526e-01,6.136156031268114042e-02,2.258236308585305149e-02,-3.295969524720448324e-02,-2.557360476962258072e-02,-4.279356668880288095e-02,-4.492318453565624647e-02,-4.880744150381272767e-02,-5.876098069262108980e-02,-1.023873204374036866e-01,-1.167509244848469463e-01,-6.261382575891649704e-02,-9.506056728252684773e-02,-7.469237653570730273e-02,-7.080442635505983240e-02,-3.149015987389114368e-02,-4.190972622607624237e-02,-1.350041931727427764e-02,-1.874019933994931081e-02,-4.417604858849899507e-02,-7.832543136164867026e-02,-9.752260605150643580e-02,-5.818794771283365697e-02
1.199494060334596601e-02,-5.468029218027935928e-02,-6.314343157052262727e-03,5.545177282602781893e-02,1.745982588755973230e-01,2.260526176741806392e-01,3.830528935163692861e-01,1.000000000000000000e+00,5.336791301159976575e-01,1.299984166751022019e-01,-3.991416411592367541e-02,-5.806356127726729210e-02,-6.306090305031282484e-02,-1.166454773584867100e-01,-7.478114196307907025e-02,-2.901257755481635031e-02,-5.207144300204791243e-02,-5.570690778315264685e-02,-9.932287137323149440e-02,-1.287582446634312761e-01,-3.288875160872556380e-02,-5.838195359698249848e-02,-4.787673604158928370e-02,-7.070579822359540634e-02,-4.118510430435302211e-02,-4.026030316429174416e-02,-2.474916994127464298e-02,-2.115405443077882086e-02,-4.520665353820183668e-02,-5.207204349009854349e-02,-4.453710928255547041e-02,-2.263527832916299026e-02
-4.730793984511578315e-02,-1.163537958418189439e-01,-8.915045761989738582e-02,7.804471732091167310e-04,8.006817188342639502e-02,1.439704434505498232e-01,2.751132614256225906e-01,5.336791301159976575e-01,1.000000000000000000e+00,3.683615563961681327e-01,1.153661275740567038e-01,1.662553950813675657e-02,6.011777323109022964e-02,-1.989781803584890138e-02,4.782448629786104077e-02,7.560967359164047497e-02,-2.233763021357112848e-03,-3.880175621757196019e-02,-1.101150245585185150e-01,-1.228239048073818396e-01,-4.941587291171781193e-02,-7.231994516334236400e-02,-7.036645850738738883e-02,-1.068444590561374585e-01,-7.064955688004267986e-02,-7.407663242915996094e-02,-5.902175942624437316e-02,-8.038473507136827123e-02,-9.713631754870490076e-02,-8.713582367526646888e-02,-9.144760685130366717e-02,-6.810196158353580553e-02
-2.359979424350413038e-02,-4.816059289201453375e-02,-2.685612918154099346e-02,4.285577240210529902e-03,4.281149645672482906e-02,1.173985832028660442e-01,1.893184317136446526e-01,1.299984166751022019e-01,3.683615563961681327e-01,1.000000000000000000e+00,4.755826747110269981e-01,-7.389828611642815237e-02,-3.024349030370477448e-02,1.219710536944865475e-01,4.823991433997671524e-02,1.350277121537867648e-03,-3.558977182428581937e-02,-6.057933078437371249e-02,-8.589509664923446197e-02,-1.447716127764118732e-01,-7.202471742719855630e-02,-1.169056945191202512e-01,-8.370460947324388779e-02,-7.238816518949688084e-02,-6.989229780795097602e-02,-6.302862988583599058e-02,-7.150805035546585475e-02,-9.557040618544465627e-02,-4.147446452601988992e-02,-5.925770400646449693e-02,-5.987591220045990897e-02,-4.945467365565505563e-02
4.063233211703318366e-03,-1.626233472860984589e-02,-5.765395629901501340e-02,-6.107644452934753165e-02,-4.654859446441465126e-02,-2.127570151972748083e-02,6.136156031268114042e-02,-3.991416411592367541e-02,1.153661275740567038e-01,4.755826747110269981e-01,1.000000000000000000e+00,2.437067078704729106e-01,-1.093509246022225101e-01,2.279007957503035864e-01,2.162881225740654612e-01,4.692869943370450020e-02,1.739746283617268560e-02,-5.795551757498016571e-02,-9.877467605158786468e-02,-1.260572590002524695e-01,-9.137060369814117844e-02,-8.736347486551797326e-02,-7.538856671982006874e-02,-8.803122929703992294e-02,-9.359885563264995489e-02,-9.246038688752605816e-02,-6.587470659016506080e-02,-8.247809103306943945e-02,-3.616278033999990871e-02,-4.287557777984118967e-02,-2.509599841969056833e-02,-3.393206721482391885e-02
-3.218608907267825076e-03,2.474062003760163497e-02,-8.969409999040863293e-04,-2.638098887366682049e-02,-3.105592542548495441e-02,-8.703268965503651103e-03,2.258236308585305149e-02,-5.806356127726729210e-02,1.662553950813675657e-02,-7.389828611642815237e-02,2.437067078704729106e-01,1.000000000000000000e+00,2.346569720908535106e-01,-8.046073885518016666e-02,1.461795025473087706e-01,8.313656889596260369e-02,2.808353386273262919e-02,-3.259629260544366636e-02,-1.050613005319953330e-01,-7.650646549480834280e-02,-4.574607131765656004e-02,-5.809224080365232162e-02,-3.213850326273167963e-04,-1.112104148533015618e-02,-5.342805865465934546e-04,-3.501295125374025152e-02,-2.385453669840965907e-02,-3.186957733571112172e-02,-7.131041359079240416e-02,-6.176304219712636101e-02,-1.619065900607846720e-02,-3.119667935364680775e-02
-9.183062769899191791e-03,1.895112358142251804e-02,-3.635672788421065449e-02,-4.654663987960374824e-03,-3.466592753407982813e-02,-3.791264777610648534e-02,-3.295969524720448324e-02,-6.306090305031282484e-02,6.011777323109022964e-02,-3.024349030370477448e-02,-1.093509246022225101e-01,2.346569720908535106e-01,1.000000000000000000e+00,2.759849384314285170e-01,1.817119597328610558e-02,8.803503924885730525e-02,1.960893855352964857e-02,-6.338865698117256663e-03,-2.478914175374547293e-02,6.441496339160779870e-03,-7.397823968252832671e-02,-8.600073751263405397e-02,-4.422583637455140826e-02,-5.892853568360321287e-02,-5.615538618863644138e-02,-5.971676622786994959e-02,-2.098854526055020028e-02,-3.080618784255172854e-02,-7.007387595812290815e-02,-3.946779469518382072e-02,-3.040834224811248335e-02,-4.017139860668363094e-02
-9.492198208313361654e-03,-3.001049462501058362e-02,-9.168814707295463995e-02,-7.533012453278506437e-02,-6.732869600892692208e-02,-6.269965778829446335e-02,-2.557360476962258072e-02,-1.166454773584867100e-01,-1.989781803584890138e-02,1.219710536944865475e-01,2.279007957503035864e-01,-8.046073885518016666e-02,2.759849384314285170e-01,1.000000000000000000e+00,3.199630221896540005e-01,1.303559804947916345e-01,8.428704862325292479e-02,4.719497169335314796e-02,-1.071939569397492228e-02,-2.959248178707763605e-02,-8.086348128443519856e-02,-7.918463073718720602e-02,-1.083957853750154438e-01,-9.998052132875545617e-02,-9.033431260252192119e-02,-8.612443513560993913e-02,-4.255402470340387266e-02,-4.315675863718188010e-02,-5.728991218505972982e-02,-3.556338414234296030e-02,-5.941545766756129582e-02,1.403264070588110431e-02
-4.482834172206923845e-02,-9.701406867502904152e-02,-1.342326375427401186e-01,-5.145156690478065731e-02,-4.975831836570173555e-02,-7.917233649826704855e-02,-4.279356668880288095e-02,-7.478114196307907025e-02,4.782448629786104077e-02,4.823991433997671524e-02,2.162881225740654612e-01,1.461795025473087706e-01,1.817119597328610558e-02,3.199630221896540005e-01,1.000000000000000000e+00,4.242828590829452740e-01,2.293103358294212579e-01,1.230608022572974997e-01,-6.422578944230439291e-02,-5.860369583963986190e-02,-4.560514379217585346e-02,-4.999611248610161263e-02,-9.699335874174751237e-02,-5.747011942765098413e-02,-6.098742613210728775e-02,-1.022062008565863267e-01,-5.831836480751506624e-02,-4.522598884674811776e-02,-5.997207204402588143e-02,-7.288898812094657398e-02,-5.816001819654778582e-02,-3.189060717259702138e-02
-3.240625932834722417e-02,-9.141554520469714895e-02,-1.139440452354308353e-01,-5.054923202770149337e-02,-8.465139594490962704e-02,-9.003009699040015468e-02,-4.492318453565624647e-02,-2.901257755481635031e-02,7.560967359164047497e-02,1.350277121537867648e-03,4.692869943370450020e-02,8.313656889596260369e-02,8.803503924885730525e-02,1.303559804947916345e-01,4.242828590829452740e-01,1.000000000000000000e+00,5.247312018092270547e-01,2.082365947350162949e-01,-7.166373965726838269e-02,-4.638758730723858970e-02,-1.826291426374419477e-02,-5.255982322279269259e-02,-5.351041085228287753e-02,-8.853861687098563138e-02,-4.971845382224411580e-02,-8.487914433920364099e-02,-5.345994700904520974e-02,-5.739375447053041840e-02,-6.539545093097692829e-02,-9.363830160653649481e-02,-5.044275043052447172e-02,-2.227811202400710108e-02
-6.648220901241416389e-03,-5.028801659030012611e-02,-7.031482035125531660e-02,-6.884851836365198097e-02,-1.234582990311319517e-01,-1.173328274194807841e-01,-4.880744150381272767e-02,-5.207144300204791243e-02,-2.233763021357112848e-03,-3.558977182428581937e-02,1.739746283617268560e-02,2.808353386273262919e-02,1.960893855352964857e-02,8.428704862325292479e-02,2.293103358294212579e-01,5.247312018092270547e-01,1.000000000000000000e+00,4.819514683708832625e-01,1.281502288639019445e-02,2.387146198755917340e-02,-5.636590363965265395e-03,-9.272323311906324750e-02,-5.575461546801031149e-02,-4.857894072508522204e-02,-3.222781447148717615e-02,-7.954871929013958287e-02,-2.445322492747110249e-02,1.076034889080033138e-03,-4.413225600101879781e-02,-3.939471129567339441e-02,-1.905226763043297786e-02,-1.322097036553374939e-02
1.529668568407991334e-02,-1.618288736452085097e-02,-4.779840455074634009e-02,-8.005695945667698488e-02,-1.148839451999529027e-01,-1.120557101080135731e-01,-5.876098069262108980e-02,-5.570690778315264685e-02,-3.880175621757196019e-02,-6.057933078437371249e-02,-5.795551757498016571e-02,-3.259629260544366636e-02,-6.338865698117256663e-03,4.719497169335314796e-02,1.230608022572974997e-01,2.082365947350162949e-01,4.819514683708832625e-01,1.000000000000000000e+00,3.016532368306638623e-01,1.426798856645102309e-01,6.443724733341156530e-02,-6.772327921571465181e-02,-5.669136838839481524e-02,-3.111990660325100050e-02,-3.950460051304273412e-02,-5.698530988448816809e-02,-2.729395152451275907e-03,3.230503113529582110e-02,-1.905336134308393409e-02,-5.608939052066055919e-02,-3.102263416015885178e-02,-1.833740058222378677e-02
7.492246543424317846e-03,-9.355603423102862304e-04,-3.921519501599172314e-02,-7.520668315625174405e-02,-8.047157149364667084e-02,-9.260935823923158172e-02,-1.023873204374036866e-01,-9.932287137323149440e-02,-1.101150245585185150e-01,-8.589509664923446197e-02,-9.877467605158786468e-02,-1.050613005319953330e-01,-2.478914175374547293e-02,-1.071939569397492228e-02,-6.422578944230439291e-02,-7.166373965726838269e-02,1.281502288639019445e-02,3.016532368306638623e-01,1.000000000000000000e+00,4.442386684649490824e-01,4.437442020783094465e-02,4.642216071047539777e-02,6.583446676883255785e-03,4.148932385703692216e-02,2.104635676642806555e-03,-4.532104806615502163e-03,-1.774586754273646191e-02,-6.731171112304144485e-03,-7.914183569839689306e-03,8.871120725338932714e-03,1.297171735122990693e-02,-4.763832067467199324e-03
-4.138583495896638181e-02,-4.430987088145702663e-02,-7.769542900870934909e-02,-9.393525442769470879e-02,-9.096022430778263890e-02,-1.260120197886585025e-01,-1.167509244848469463e-01,-1.287582446634312761e-01,-1.228239048073818396e-01,-1.447716127764118732e-01,-1.260572590002524695e-01,-7.650646549480834280e-02,6.441496339160779870e-03,-2.959248178707763605e-02,-5.860369583963986190e-02,-4.638758730723858970e-02,2.387146198755917340e-02,1.426798856645102309e-01,4.442386684649490824e-01,1.000000000000000000e+00,3.050444702989668078e-01,1.877637282790919349e-01,6.274867481496751442e-02,5.740460889491933588e-02,4.133388708026203978e-02,3.705002443304361570e-02,7.127423627245084783e-03,-8.667703790085998922e-03,-1.139209425663648308e-02,5.392599009419086348e-02,2.107589706932619378e-02,-1.602111497665298021e-02
-6.635568701704656902e-02,-5.916236235455173131e-02,-7.174523650377895301e-02,-1.025836243218423843e-01,-5.564710696809551521e-02,-7.987238872787032207e-02,-6.261382575891649704e-02,-3.288875160872556380e-02,-4.941587291171781193e-02,-7.202471742719855630e-02,-9.137060369814117844e-02,-4.574607131765656004e-02,-7.397823968252832671e-02,-8.086348128443519856e-02,-4.560514379217585346e-02,-1.826291426374419477e-02,-5.636590363965265395e-03,6.443724733341156530e-02,4.437442020783094465e-02,3.050444702989668078e-01,1.000000000000000000e+00,4.707091414095737059e-01,1.086552242578643496e-01,6.149706935630894211e-02,3.723614689482029200e-02,3.116403793462283606e-02,-2.599936597642259553e-02,-3.184005616794236080e-04,7.955621451713003334e-02,3.921613329059066289e-02,-1.311228034880748336e-02,4.884048576096765119e-03
-7.642346125981089311e-02,-5.501501335594888298e-02,-6.869633210257207467e-02,-8.671066107215509577e-02,-6.773640500829350430e-02,-9.978388163464464722e-02,-9.506056728252684773e-02,-5.838195359698249848e-02,-7.231994516334236400e-02,-1.169056945191202512e-01,-8.736347486551797326e-02,-5.809224080365232162e-02,-8.600073751263405397e-02,-7.918463073718720602e-02,-4.999611248610161263e-02,-5.255982322279269259e-02,-9.272323311906324750e-02,-6.772327921571465181e-02,4.642216071047539777e-02,1.877637282790919349e-01,4.707091414095737059e-01,1.000000000000000000e+00,4.226778691704273228e-01,2.013157652773635287e-01,9.217952392337797063e-02,7.762844406173498302e-02,-3.022373427771146009e-02,-1.236951401838090256e-02,5.173381900107763831e-02,1.285941696012698858e-02,-1.031759236738245475e-02,1.160730395069885929e-02
-8.334415455881201418e-02,-6.718513910848721016e-02,-7.517522111076672953e-02,-8.998453950258242240e-02,-6.732651904187633707e-02,-8.515895098583586842e-02,-7.469237653570730273e-02,-4.787673604158928370e-02,-7.036645850738738883e-02,-8.370460947324388779e-02,-7.538856671982006874e-02,-3.213850326273167963e-04,-4.422583637455140826e-02,-1.083957853750154438e-01,-9.699335874174751237e-02,-5.351041085228287753e-02,-5.575461546801031149e-02,-5.669136838839481524e-02,6.583446676883255785e-03,6.274867481496751442e-02,1.086552242578643496e-01,4.226778691704273228e-01,1.000000000000000000e+00,4.306993353446084694e-01,2.430232020391968895e-01,1.879405660110096132e-01,-2.142779829367206026e-03,-4.831386598228792212e-02,9.131138406760217971e-03,-8.987484435393185492e-03,6.929267298329843706e-03,-8.967875481968408044e-03
-4.215741215744724102e-02,-6.740358476012317523e-02,-8.543982587122961325e-02,-7.066510328376918171e-02,-7.067938755567915177e-02,-8.903926270024986600e-02,-7.080442635505983240e-02,-7.070579822359540634e-02,-1.068444590561374585e-01,-7.238816518949688084e-02,-8.803122929703992294e-02,-1.112104148533015618e-02,-5.892853568360321287e-02,-9.998052132875545617e-02,-5.747011942765098413e-02,-8.853861687098563138e-02,-4.857894072508522204e-02,-3.111990660325100050e-02,4.148932385703692216e-02,5.740460889491933588e-02,6.149706935630894211e-02,2.013157652773635287e-01,4.306993353446084694e-01,1.000000000000000000e+00,4.587821341698755107e-01,2.487724038661638659e-01,6.884820871667801656e-02,1.187093043803371002e-02,4.651192066455759472e-02,-2.762378115315325053e-02,1.204250950392101198e-03,8.190635137840178437e-03
-3.386583245449806961e-02,-8.517539468251297818e-02,-1.132730716926712566e-01,-7.429338828003974327e-02,-2.942828374974750319e-02,-4.925746663286575955e-02,-3.149015987389114368e-02,-4.118510430435302211e-02,-7.064955688004267986e-02,-6.989229780795097602e-02,-9.359885563264995489e-02,-5.342805865465934546e-04,-5.615538618863644138e-02,-9.033431260252192119e-02,-6.098742613210728775e-02,-4.971845382224411580e-02,-3.222781447148717615e-02,-3.950460051304273412e-02,2.104635676642806555e-03,4.133388708026203978e-02,3.723614689482029200e-02,9.217952392337797063e-02,2.430232020391968895e-01,4.587821341698755107e-01,1.000000000000000000e+00,5.029047212432042890e-01,1.404939801452791404e-01,5.240773295676821181e-02,2.819538167042992625e-03,1.517959308395829335e-02,5.923464809240068865e-03,1.415687448810329548e-02
-1.852873500627437095e-02,-6.179600365687349522e-02,-8.313902570198487829e-02,-6.480621432926281233e-02,-3.554610196348566981e-02,-4.967950314806737766e-02,-4.190972622607624237e-02,-4.026030316429174416e-02,-7.407663242915996094e-02,-6.302862988583599058e-02,-9.246038688752605816e-02,-3.501295125374025152e-02,-5.971676622786994959e-02,-8.612443513560993913e-02,-1.022062008565863267e-01,-8.487914433920364099e-02,-7.954871929013958287e-02,-5.698530988448816809e-02,-4.532104806615502163e-03,3.705002443304361570e-02,3.116403793462283606e-02,7.762844406173498302e-02,1.879405660110096132e-01,2.487724038661638659e-01,5.029047212432042890e-01,1.000000000000000000e+00,3.615524427530216744e-01,1.781564920962973309e-01,1.124311366103301901e-02,7.355794653569533437e-02,5.033111727086825304e-02,6.103470434673360229e-02
-2.843913333241759531e-02,-7.930768362080613254e-02,-7.455986044156133474e-02,-7.038518775955232565e-02,-6.231122409256152628e-02,-4.926324510761197900e-02,-1.350041931727427764e-02,-2.474916994127464298e-02,-5.902175942624437316e-02,-7.150805035546585475e-02,-6.587470659016506080e-02,-2.385453669840965907e-02,-2.098854526055020028e-02,-4.255402470340387266e-02,-5.831836480751506624e-02,-5.345994700904520974e-02,-2.445322492747110249e-02,-2.729395152451275907e-03,-1.774586754273646191e-02,7.127423627245084783e-03,-2.599936597642259553e-02,-3.022373427771146009e-02,-2.142779829367206026e-03,6.884820871667801656e-02,1.404939801452791404e-01,3.615524427530216744e-01,1.000000000000000000e+00,4.201348317304018920e-01,-3.367170960231279098e-02,1.475075996054251992e-01,8.260063325971568615e-02,5.959406453007401461e-02
-1.508870516943117655e-02,-4.621922303902627899e-02,-4.282367517323314166e-02,-5.252300117152956804e-02,-2.205818008961003135e-02,-3.275690817640781322e-02,-1.874019933994931081e-02,-2.115405443077882086e-02,-8.038473507136827123e-02,-9.557040618544465627e-02,-8.247809103306943945e-02,-3.186957733571112172e-02,-3.080618784255172854e-02,-4.315675863718188010e-02,-4.522598884674811776e-02,-5.739375447053041840e-02,1.076034889080033138e-03,3.230503113529582110e-02,-6.731171112304144485e-03,-8.667703790085998922e-03,-3.184005616794236080e-04,-1.236951401838090256e-02,-4.831386598228792212e-02,1.187093043803371002e-02,5.240773295676821181e-02,1.781564920962973309e-01,4.201348317304018920e-01,1.000000000000000000e+00,2.612537262670763805e-01,9.833631540786155756e-02,6.057293889028311090e-02,6.811552036718981906e-02
-1.056581339905345029e-02,-4.472318875373564040e-02,-4.706088690066588531e-02,-3.725058484045323109e-02,-3.121703338820140325e-02,-4.491503544478585991e-02,-4.417604858849899507e-02,-4.520665353820183668e-02,-9.713631754870490076e-02,-4.147446452601988992e-02,-3.616278033999990871e-02,-7.131041359079240416e-02,-7.007387595812290815e-02,-5.728991218505972982e-02,-5.997207204402588143e-02,-6.539545093097692829e-02,-4.413225600101879781e-02,-1.905336134308393409e-02,-7.914183569839689306e-03,-1.139209425663648308e-02,7.955621451713003334e-02,5.173381900107763831e-02,9.131138406760217971e-03,4.651192066455759472e-02,2.819538167042992625e-03,1.124311366103301901e-02,-3.367170960231279098e-02,2.612537262670763805e-01,1.000000000000000000e+00,3.030654303020116624e-01,2.002245490010483575e-01,1.509080310610388942e-01
-3.186730290338649074e-02,-3.279163783635329760e-02,-4.309822300276822116e-02,-4.755418527908081977e-02,-2.541064603940594580e-02,-5.462646353010080363e-02,-7.832543136164867026e-02,-5.207204349009854349e-02,-8.713582367526646888e-02,-5.925770400646449693e-02,-4.287557777984118967e-02,-6.176304219712636101e-02,-3.946779469518382072e-02,-3.556338414234296030e-02,-7.288898812094657398e-02,-9.363830160653649481e-02,-3.939471129567339441e-02,-5.608939052066055919e-02,8.871120725338932714e-03,5.392599009419086348e-02,3.921613329059066289e-02,1.285941696012698858e-02,-8.987484435393185492e-03,-2.762378115315325053e-02,1.517959308395829335e-02,7.355794653569533437e-02,1.475075996054251992e-01,9.833631540786155756e-02,3.030654303020116624e-01,1.000000000000000000e+00,4.508881903203090236e-01,2.376649161906945196e-01
-1.402769924007144647e-02,-1.499083824241548291e-02,-1.486559058812568154e-02,-3.203080399453960003e-02,-3.673570603304098653e-02,-4.905369888864299921e-02,-9.752260605150643580e-02,-4.453710928255547041e-02,-9.144760685130366717e-02,-5.987591220045990897e-02,-2.509599841969056833e-02,-1.619065900607846720e-02,-3.040834224811248335e-02,-5.941545766756129582e-02,-5.816001819654778582e-02,-5.044275043052447172e-02,-1.905226763043297786e-02,-3.102263416015885178e-02,1.297171735122990693e-02,2.107589706932619378e-02,-1.311228034880748336e-02,-1.031759236738245475e-02,6.929267298329843706e-03,1.204250950392101198e-03,5.923464809240068865e-03,5.033111727086825304e-02,8.260063325971568615e-02,6.057293889028311090e-02,2.002245490010483575e-01,4.508881903203090236e-01,1.000000000000000000e+00,3.199961800794802191e-01
-4.665489739519931844e-02,-7.802488837644344644e-02,-6.027985528254031083e-02,-3.947373009563685808e-02,-3.143202570162064585e-02,-3.884698132302013412e-02,-5.818794771283365697e-02,-2.263527832916299026e-02,-6.810196158353580553e-02,-4.945467365565505563e-02,-3.393206721482391885e-02,-3.119667935364680775e-02,-4.017139860668363094e-02,1.403264070588110431e-02,-3.189060717259702138e-02,-2.227811202400710108e-02,-1.322097036553374939e-02,-1.833740058222378677e-02,-4.763832067467199324e-03,-1.602111497665298021e-02,4.884048576096765119e-03,1.160730395069885929e-02,-8.967875481968408044e-03,8.190635137840178437e-03,1.415687448810329548e-02,6.103470434673360229e-02,5.959406453007401461e-02,6.811552036718981906e-02,1.509080310610388942e-01,2.376649161906945196e-01,3.199961800794802191e-01,1.000000000000000000e+00
