1.000000000000000000e+00,5.094426520452349783e-01,3.384734784404281882e-01,5.417888187817321288e-01,2.093824799279459317e-02,-1.363380416922016503e-01,1.986289516995385362e-01,3.119507328408767655e-01,-8.440063016518654926e-02,-4.967942400116764912e-02,3.123867110436178707e-01,1.462856433538548828e-01,-1.691441381894647489e-01,1.111917495377001824e-01,-1.186210593075062020e-02,7.859325070219536080e-02,2.639245375066940902e-01,-6.058902730854440893e-02,1.530247395281248701e-01,1.979863006362021505e-01,2.054465450298675055e-01,1.978434251047992143e-01,6.088094589812743929e-02,1.492991227791524989e-01,1.839443675943879808e-01,4.250913223274585540e-02,-2.799307203017049363e-03,2.587913086183622480e-01,1.161273381615686717e-01,-1.116651078094035993e-01,1.755117608171480326e-01,-1.363187206506590865e-01,9.148072674660061299e-02,-5.688667026714579189e-02,-2.506307174772998136e-01,-3.426783742037210062e-02,4.295538083139858326e-02,-2.599939063752075286e-01,-2.374602037845816027e-01,-1.534796214731659891e-01,-9.905065274668223285e-02,7.782537849441925615e-02,2.351104623999931142e-01,2.728728796398551815e-01,1.297520351122316840e-01,-1.384705842689911148e-01,6.650978802659954225e-02,1.725222667327683534e-01,-8.433014894641414905e-02,3.348416163522622835e-01,1.365495847705301413e-01,2.440564155960791293e-01,3.369614598246234993e-01,1.258398246096568418e-01,1.060224497881767300e-03,-1.022759373363705954e-01,-1.537301619943576975e-02,5.899872293440090731e-02,-2.067654485666028386e-01,-1.802772359515682210e-01,-3.525042416313709515e-01,-1.852853019590459671e-01,-2.930717773609345378e-01,-1.868372511401444058e-01,7.239878922044079568e-02,-1.780502474727169437e-01,-1.289358824068739251e-01,-9.791049775594475035e-02,-1.345041965522232319e-01,-1.700900105871202272e-01,-1.454051057397972302e-01,-7.667504505317476737e-02,-1.465172201609675207e-01,-1.798243480987642140e-01,-1.059583932459933486e-01,-9.026370250886781021e-02,-1.722475388113224315e-01,-1.619319701978647330e-01,-7.771077758646013911e-02,9.508484563703709092e-02,3.782352327247189006e-02,1.803593107521511696e-01,-1.356669314503375634e-01,1.621515282903376876e-01,-2.920602155554957811e-03,1.548578908501832274e-01,2.117672357434606523e-01,1.835623431971007136e-01,2.072248180073906366e-03,6.646264304357103747e-02,2.429819090090222788e-01,1.210309938997839174e-01,-4.371325465103063912e-02,1.359245894668674459e-01,2.576396863148032179e-01,-8.001803359309107855e-02,-9.341203256868202409e-02,-3.390537753939164012e-01,6.630986617200035349e-02,1.507762224736183543e-01,-2.808988674433613997e-01,-2.027208613610334276e-01,1.831206768972448717e-01,-8.739178558968626817e-03,-3.451890396296231622e-01,-2.699575356474376298e-02,1.960312896742346656e-01,-1.802263678501221655e-01,-2.911038420254378201e-01,1.965834483511712250e-02,-1.780399530131269448e-01,-1.288832440271163449e-01,4.388582160416520245e-02,-1.459174468996171092e-01,-9.877540346166936713e-02,-1.752401348623209079e-02
5.094426520452349783e-01,1.000000000000000000e+00,4.614912891355841262e-01,4.264468514929671272e-01,-1.442771287905572977e-02,-5.372518944218013237e-02,-8.878556813198668074e-02,4.465912910543818337e-01,2.885027308108062960e-01,-1.776979128415837328e-01,1.093524864354544907e-01,4.615865026773184887e-01,5.325831478427538179e-02,-1.328526404651476367e-01,2.861075319856899030e-02,4.279562011093183127e-01,3.982926386124660545e-01,-1.629478893450805183e-02,3.977752162314555084e-01,3.568115967175785608e-01,1.484522365410903544e-01,1.212698437698379733e-01,-4.510922725997052601e-02,1.057180310896528586e-01,7.331834983005561246e-02,1.208981486584553566e-01,-2.169826683244444609e-01,1.193781715747567473e-01,1.925081166310903813e-01,-2.729964529810308127e-01,1.258241412682455096e-01,-2.669041778675778839e-03,1.548226142104014991e-01,1.818547187591808834e-01,-2.556552185496575591e-01,1.475363311193662597e-01,2.333919740269627396e-01,-1.763256629199216330e-01,-1.414145832684645387e-01,-2.902916304502983214e-01,-5.967045833777008534e-02,-6.328050270180868297e-02,2.197516927764046335e-01,2.637235076124253563e-01,-1.063514573775316135e-01,-4.001674187170126129e-01,-2.045834519889332959e-01,-3.236591932921161624e-02,-3.719118101813806976e-01,2.373382230258905545e-01,1.071452208104027581e-01,4.112527417341784730e-01,2.431574285485023357e-01,2.300735836136196810e-01,-1.089336950042017610e-01,1.682043602739825006e-01,1.571013115330526511e-01,3.130483153184608902e-01,4.663487632337055128e-02,-3.199185963653807668e-02,-3.829339833145964378e-01,6.392135156778241956e-02,-1.174158851034950435e-01,-1.931912309812976181e-01,3.177867144425669532e-01,6.236760129348126874e-02,-2.830982290014718572e-01,-3.967711839157945231e-01,1.305884532214692667e-02,-4.887861664421144911e-04,-4.371553748336121648e-01,-2.418867681910474299e-01,1.067892121971997232e-01,-1.941358440839034138e-01,-4.415341073285577456e-01,-5.594419310611652152e-02,6.648342316748583058e-02,-3.767771288535609608e-01,-3.288103542866273599e-01,7.793363072679052039e-02,-2.871947920444736790e-01,3.525507191648984823e-02,-3.867505655989445512e-01,-7.507554998883958497e-02,1.958617715043484489e-02,4.486114068519467812e-01,2.083226842960470004e-01,1.476460850043094346e-02,1.954444723733009814e-01,3.643834436451549030e-01,1.380204711072401114e-01,5.745953896821482526e-02,2.602499996530271975e-01,3.236045804022475436e-01,8.223645401287713042e-02,-1.979634008035241477e-01,-3.847285700562065869e-01,-4.500139109768688805e-01,6.755421895188287729e-02,4.728367967271609462e-01,-1.964606860849618108e-01,-3.998608509766981567e-01,3.274833869839778866e-01,2.976793780831986647e-01,-4.274850478141198895e-01,-1.564882442842762400e-01,4.777178914796639808e-01,5.226203004175034028e-03,-4.544262334682275251e-01,-1.883907744751221400e-02,-2.771091023418996158e-01,1.361295188529120515e-01,1.058595973785582400e-01,-1.932255477732061633e-01,6.767615858636309711e-02,2.366506755308409038e-02
3.384734784404281882e-01,4.614912891355841262e-01,1.000000000000000000e+00,3.551964048330631396e-01,-2.175988455692575915e-02,-5.189436479078977094e-01,-9.145723735559291301e-02,5.802466947935069896e-01,-7.733554885567184289e-02,-5.109968800162069114e-01,2.698305398451628090e-01,4.049064855494987070e-01,-3.966104692253470954e-01,-2.681817069293235822e-01,3.576556199737882663e-02,1.438382911483092053e-01,3.509216594960080232e-02,-4.122657299790827290e-01,1.662000272790468691e-01,3.921449097181676779e-01,2.121449058465488535e-01,4.216186874534606499e-01,7.427487009430359943e-02,2.884318717750913863e-01,3.869203520760209902e-01,4.468199586845667537e-01,2.386855390250048059e-01,3.848718993899781227e-01,5.080151082083966818e-01,1.685375491628459121e-01,4.949102456475719669e-01,2.202568606319426359e-01,5.012476503899522262e-01,2.518699784483014459e-01,1.246691639897366290e-02,3.230307379966182446e-01,1.252797410789555643e-01,-9.427776215854180575e-02,-4.057534193780722998e-01,-3.170681190071192312e-01,-2.445983910963513142e-01,-2.965350774404015843e-01,3.969390862852056195e-02,4.641483866883206466e-01,-1.750330286747269204e-01,-2.465956858698520049e-01,-1.924830696282533726e-01,3.518177549553923589e-01,-1.179973985480858995e-01,2.509462398141123485e-01,-2.061289955796956341e-01,1.411142692541080268e-01,3.348832981293765054e-01,-1.291074417313303191e-01,-4.384910284105782430e-01,-1.759616222319367873e-01,-1.333083830842633488e-01,-1.763833791136560150e-02,-5.506637121716237426e-02,-4.315605828434664337e-01,-4.275374127228526722e-01,7.224533184440942724e-02,-2.393794652603682960e-01,3.554769866077037155e-02,3.723686879562109198e-01,-9.928178850640247133e-02,1.191833190650005564e-01,-3.292903758301541361e-01,-3.772798597346832539e-01,7.699924226727836163e-02,-5.383549514430085309e-02,-4.282123518903530601e-01,-2.131804230331250383e-01,1.134906937161391238e-01,-2.157392277835900041e-01,-4.298837333531965177e-01,-2.555033000558100745e-02,3.231103958057548325e-02,-3.685155646167751486e-01,-2.480031951587800543e-01,5.065854470663047442e-03,3.989572114365135258e-01,1.661332074723682189e-02,1.824372215160194044e-01,3.443254208301079200e-01,1.902516437137447836e-01,-2.228564836842643684e-02,3.384016328210190938e-01,3.159560344848120206e-01,-2.925715296340421212e-02,9.275673505257271689e-02,4.136741612124018586e-01,1.504016167388407543e-01,-8.236913616174597330e-02,2.152555502173692514e-01,-4.553353222370370434e-01,-3.366489035737711411e-01,-4.490524196310340388e-01,-2.862069569424492421e-01,2.245815746997857631e-01,-1.221826383123641030e-01,-4.763019894290361211e-01,-6.358227756777658224e-02,1.880607998377694656e-01,-3.479896704888209014e-01,-3.876917724546111166e-01,1.288883436364242074e-01,2.808581613425644233e-02,-5.028067456856535333e-01,-2.985032467664989336e-02,-5.667084766514197680e-01,-2.127058305833339769e-01,-2.196015340372989844e-01,-3.824338922860859857e-01,-1.787219621884982568e-01,2.381303208272294442e-02
5.417888187817321288e-01,4.264468514929671272e-01,3.551964048330631396e-01,1.000000000000000000e+00,6.102150135757435090e-02,-5.360574658346332205e-02,2.712239684485475144e-01,3.264364295188511567e-01,-5.169047837688962865e-02,3.411169141618489858e-02,3.573806947401224621e-01,1.609511665588919116e-01,-1.039368906381003405e-01,1.892394702916203875e-01,-5.095861390416328573e-02,1.519978541822833151e-01,4.063669986863953087e-01,3.995786590407084810e-02,2.870567723062004140e-01,2.377049804912125808e-01,1.228234517780349144e-01,2.311729598994578805e-01,2.475926243865799597e-02,3.877927996829026031e-02,1.938700638265333787e-01,-2.723955467301023003e-02,-1.242260274374191870e-01,2.826891077640850680e-01,6.925634782764460151e-02,-2.507357465666540941e-01,1.113178009457795464e-01,-2.479841959963767495e-01,1.044339064175656660e-02,-1.210827018624239942e-01,-3.988500412084875490e-01,-1.239804941013132322e-01,8.185569454710886483e-02,-4.088393367039577786e-01,-2.788189900609717164e-01,-1.689992502337067104e-01,-8.727243357457069306e-02,1.993184144595577800e-01,3.893920374005225837e-01,3.222807824389940512e-01,2.209124784255268870e-01,-2.031788856201026949e-01,1.115256113332067506e-01,1.156086256811095364e-01,-1.528283544030452357e-01,4.269877125183725308e-01,2.820802710619547682e-01,3.547645175944443285e-01,4.148886457987460696e-01,2.486232428467821387e-01,1.066030289873810821e-01,-6.910672232702910756e-02,4.881338725357178138e-02,1.513323967218253019e-01,-2.589776423494377644e-01,-1.312430435102457382e-01,-4.195109503922944127e-01,-2.634730697789831599e-01,-3.167235443189412858e-01,-2.482546828213695045e-01,7.330053392976761117e-02,-1.727218572029846910e-01,-2.439131639525367323e-01,-1.362536692189912357e-01,-7.042755221546126432e-02,-2.235887717130550512e-01,-2.671278275307249483e-01,-4.387286523614985362e-02,-1.022202787791909179e-01,-2.914226321971182254e-01,-1.782367012796236549e-01,-1.793794362245259774e-02,-1.898070515231072286e-01,-2.915336929184848547e-01,-8.084607550319770908e-02,1.955715234216567067e-01,-7.749768379062058413e-03,1.319337829236866266e-01,-2.807392089193346263e-01,1.342530718420284486e-01,-9.292583796742391600e-02,2.810110944510428865e-01,3.082408515224628331e-01,1.378201324241944969e-01,-2.196282162455064427e-02,1.558064035217017751e-01,2.889678860048689457e-01,6.504402364322162122e-02,-3.356947334317490067e-02,2.505824004385457382e-01,2.807949986861484337e-01,-1.847709575176680052e-02,-1.128736792443330028e-01,-4.016993956132791643e-01,1.710973474394122951e-01,2.419513517981906059e-01,-3.651782308033094115e-01,-2.239770489891877991e-01,3.172168684352885126e-01,1.364198845974783428e-02,-4.386805329910569706e-01,2.567854950166813602e-02,3.233572828873365612e-01,-2.247891921519733771e-01,-3.452485042967818329e-01,6.205509806216925189e-02,-1.111954293556348533e-01,-7.172774092456243866e-02,1.366760770380635592e-01,-1.050950681649039931e-01,-4.098724330807788224e-02,-5.667753126475467973e-02
2.093824799279459317e-02,-1.442771287905572977e-02,-2.175988455692575915e-02,6.102150135757435090e-02,1.000000000000000000e+00,9.946066818346529365e-03,1.237647230441113163e-03,-1.459744754953313794e-01,-9.016612220558968549e-02,3.646559969628701547e-02,-6.873423005091999771e-02,-1.255651652393722784e-01,-3.042224074923576688e-02,8.028742636742691730e-03,-9.994909730618465327e-01,-8.696807284693257312e-02,-6.608111615853290433e-02,7.233013646669560204e-02,9.111459874532841507e-02,-2.176690433588721885e-01,-4.402164572394207109e-02,-1.961142138464970763e-01,-1.454063804446898145e-01,6.257335820414286140e-03,-1.894149222963461554e-01,-1.037029313562465166e-01,-1.094331300102229475e-02,-1.667532412794981433e-01,-1.342669138323427658e-01,5.317960802184845681e-02,-1.243596289758820833e-01,5.533021562317370912e-02,-5.690260647503032204e-02,-1.145553045092553152e-02,6.558603389096560876e-02,4.147805301748651308e-02,8.923713753558772110e-02,1.633809824682001810e-01,1.127253788772090842e-01,2.918398282759014292e-02,-6.286966410219532730e-02,-2.804264047215878491e-02,-1.179122650926581334e-01,-1.150008484973780581e-01,-3.798376315684800358e-02,8.713098368294602825e-02,1.935279197815082926e-03,-7.596962361916483053e-02,5.573309459425333963e-03,-1.092164732170290420e-01,-5.027848444928522537e-02,-4.768805800877868456e-02,-4.628977950338727249e-02,-5.203034475992155544e-02,-2.850258796740163907e-03,-5.421398757819051450e-02,2.077780293235635678e-01,-1.015494249061044268e-01,-2.648351922953154011e-02,6.041987654420202108e-02,1.744339846008621242e-01,6.846412206679381579e-03,8.848025476972841419e-02,9.920433578944319597e-02,-5.835631073506947208e-02,1.384542838816221200e-01,1.721691519595168821e-02,4.783520002149020678e-02,1.439199159731209543e-01,8.324149782592982216e-02,2.618325926104976206e-02,8.019828892959189603e-02,1.292820937570085260e-01,5.294874704968945134e-02,3.082397092592361124e-02,1.121750060366619728e-01,1.022372841122318743e-01,3.830813137931884937e-02,5.558980855355057787e-02,5.556567038615688008e-03,-3.112308807344116648e-02,-1.740066537093225563e-01,3.988457993987069850e-02,-1.921438125279644471e-01,-5.394935210775868295e-02,2.091978884984824552e-02,-1.261155526002594451e-01,-1.459142386554078130e-01,-5.450612644960877752e-03,-1.997538524880451694e-02,-1.562624112864645920e-01,-1.161235532380774788e-01,3.262144602588260694e-02,-5.450126428593716349e-02,-1.335139436700789328e-01,8.894980728052381824e-02,6.975197793387022394e-02,1.927768108285728421e-01,1.999153633119488821e-02,-5.982990311175414438e-02,1.563739527111086824e-01,1.394777496389782989e-01,-5.704242440542519471e-02,1.834956629445597467e-02,1.851056917057499474e-01,4.793805233985222458e-02,-6.443120635596273627e-02,1.120155153451523333e-01,1.864342582066619847e-01,9.995993151365949458e-01,4.599250170323244263e-02,-3.377066502940055670e-02,-3.718222591138195445e-03,3.924610361112082502e-02,-2.023871146155112669e-02,-9.994504378621298368e-01
-1.363380416922016503e-01,-5.372518944218013237e-02,-5.189436479078977094e-01,-5.360574658346332205e-02,9.946066818346529365e-03,1.000000000000000000e+00,3.490672630700165924e-02,-5.878159115383334576e-01,5.534258867522113823e-01,7.751845412287773351e-01,-4.313006696499323556e-01,-2.153644248434262443e-01,8.774889547920261545e-01,3.307651205076372891e-01,-1.657389136449045203e-02,2.899918326963854542e-01,4.208302687125945463e-01,7.563229987844125590e-01,3.314062128979489708e-01,-1.181782526452652554e-01,-4.413943128238491109e-01,-6.260327558180679430e-01,-4.335170313394948738e-01,-5.244512316901401849e-01,-6.214553592617618749e-01,-7.151719626602032198e-01,-7.417407995536435816e-01,-6.064262650681615519e-01,-7.531863476025619786e-01,-6.761021058750434909e-01,-8.271402257906035338e-01,-4.167046347442878163e-01,-7.283150471031923923e-01,-2.098041408463780233e-01,-3.155800326386978272e-01,-3.752967528653430862e-01,2.988073623563126599e-02,-4.946725697338401340e-02,4.587139835208852157e-01,2.437467870177583429e-01,4.307399052125940875e-01,3.762377144019595221e-01,1.684247480252155649e-01,-4.364672623453384470e-01,1.801024917286342675e-01,-3.772266639317724268e-02,1.078765042840978683e-01,-6.661807328841394815e-01,-2.518950682503702243e-01,-1.756280812432597371e-01,5.015009152549100291e-01,2.461126694264336723e-01,-3.391779956114996941e-01,5.221758223602659399e-01,6.571143123814701115e-01,6.331272673880143920e-01,4.202477798390376051e-01,4.138017951254076565e-01,2.109978035513557226e-01,8.068064996369698205e-01,3.645620739775161101e-01,-5.123986149812460866e-02,4.068263316242429206e-01,-3.286505800021927715e-01,-2.972659268261561571e-01,3.493481754584284449e-01,-6.498632265190429358e-01,9.166248640047242047e-02,8.293958699744217178e-01,-1.205621542397450063e-01,-5.189378972549741897e-01,5.268061225398104064e-01,6.338023611276333291e-01,-4.822063913863575135e-01,-2.015115519990853254e-01,8.163136976648638354e-01,1.945356480015865697e-01,-5.939501717027652061e-01,2.793975805094989773e-01,5.966058497667721117e-01,-4.676923629213285416e-01,-7.850039349759021512e-01,-5.717371739385879170e-01,-4.892239303155883068e-01,-6.697224673942284712e-01,2.612549295273555172e-01,3.030612651042053352e-01,-7.610112891546252367e-01,-3.401360703476137837e-01,6.149692514196126725e-01,-7.842012578512305709e-02,-8.231303382894813447e-01,1.059340713203135997e-01,6.303751493212635948e-01,-3.771226344381431450e-01,6.638284028474998877e-01,1.503660784895589908e-01,3.224951368218391679e-01,6.776256971981883259e-01,2.023281803761071418e-01,5.945848477536936315e-03,4.373781235745400897e-01,5.801270649827753312e-01,5.893708137581522150e-02,1.421521343898950185e-01,5.615098134340661407e-01,4.047757395401540559e-01,-9.786579134495878088e-03,3.864765738761583025e-01,1.808895862859987921e-02,7.510116609463945991e-01,6.655676698774278810e-01,6.517510815052439677e-01,5.363080494878028626e-01,5.236302690843968044e-01,6.769916818887891099e-05
1.986289516995385362e-01,-8.878556813198668074e-02,-9.145723735559291301e-02,2.712239684485475144e-01,1.237647230441113163e-03,3.490672630700165924e-02,1.000000000000000000e+00,2.558493621160367118e-02,-6.213786657105172528e-01,5.570249240812275016e-01,7.855944341223292104e-01,-4.278960628389926191e-01,-2.610597502274591974e-01,8.783143743276946580e-01,-7.695281599800773444e-05,-5.684789323546561857e-01,2.329327953307489263e-01,1.608028085780840999e-01,-2.984804124220069577e-01,8.804093578477339976e-02,3.230874442633209220e-01,1.287938680664966473e-01,1.817611732108470948e-02,1.982511108956698798e-01,2.651154374327574503e-01,-5.140495353779318544e-01,1.421131548694526681e-01,4.828911524622215845e-01,-3.430114283323762447e-01,-1.655824918848035621e-01,-2.080361449870983884e-02,-7.637834970672801038e-01,-3.895470128667104515e-01,-7.700097945441358727e-01,-5.010470239271053172e-01,-6.634298493351500348e-01,-5.778555767223007011e-01,-5.229917356209097257e-01,-4.050043223886899968e-01,1.502172428865795606e-01,2.451958052538833199e-01,5.982142560765273398e-01,4.858536486973639157e-01,1.790866813497215826e-01,8.260678534972684117e-01,4.416254108197250061e-01,8.085150797710463078e-01,3.924234018012311975e-01,4.303403258151334287e-01,6.370033171167207575e-01,5.386415504117937347e-01,7.939615835604870581e-03,4.582966653586890704e-01,2.440607238636806897e-01,4.833286684699110713e-01,-3.022772555549183005e-01,-2.811184084824837615e-01,-5.300819476438650701e-02,-7.868316003753491605e-01,-2.466555638891706204e-01,-3.267789262704038911e-01,-8.865380381646276176e-01,-6.623373455215462169e-01,-6.194187569512338287e-01,-6.810268189960123619e-01,-7.617683989472509021e-01,-2.901022252764532405e-01,6.470829680120949723e-01,-1.193063347075030423e-01,-8.501028262579215511e-01,1.513471269246572104e-01,5.993812501157952388e-01,-5.529570920984943072e-01,-6.184339585447453658e-01,5.350607991205198477e-01,2.317094596251647598e-01,-8.387581987279359996e-01,-1.317100941600531094e-01,6.770501489714174648e-01,6.088925679990327966e-01,6.095003054724292824e-01,2.584883118262957802e-01,8.828975875298422649e-02,6.547842020383229933e-01,-4.999827406722991974e-01,-4.104473682911206622e-01,6.689346787496920355e-01,2.989591435550858489e-01,-7.498721573851002686e-01,-1.564030895943092359e-01,7.560374723450165035e-01,-1.645449216172563123e-01,-7.924107006231896344e-01,2.233659924193714119e-01,7.287465815354864374e-01,5.199086912563913865e-01,6.547071881087682677e-01,-1.859868780009059641e-01,5.395717523062750764e-01,-4.351391404404448271e-01,-7.540578492349322426e-01,3.893313870311383984e-01,3.321767712024927821e-01,-7.769628143846818435e-01,-3.741756623496101941e-01,6.321198675991644977e-01,-9.793735435806842637e-02,-8.571320298614075739e-01,1.120093662825353970e-01,1.569598462166365768e-02,2.298981027011474387e-01,-3.401011248644810192e-01,2.302486276846840429e-01,-9.267597312060461487e-03,-2.332486039412047518e-01,-5.321024759121510163e-03
3.119507328408767655e-01,4.465912910543818337e-01,5.802466947935069896e-01,3.264364295188511567e-01,-1.459744754953313794e-01,-5.878159115383334576e-01,2.558493621160367118e-02,1.000000000000000000e+00,4.924317347228819586e-03,-6.030691398858383234e-01,5.507691050320486781e-01,7.584161566743169436e-01,-4.699275825574784071e-01,-2.342258841907746136e-01,1.657468507492595999e-01,2.905143847832650783e-01,3.229346906850961152e-01,-4.606107175511821583e-01,1.441357106466083782e-01,5.017704753812776142e-01,5.948194621103100044e-01,6.858416207955959631e-01,3.666658188557102016e-01,4.958422539984019828e-01,6.213411144254743501e-01,5.141052231977695230e-01,1.521795427682290092e-01,6.700176896026126538e-01,6.837868992054845219e-01,-2.468892208684151865e-02,6.987632654280290234e-01,7.429264316028519333e-02,5.799310613173180862e-01,1.832392831216834717e-01,-2.555738744894323622e-01,2.968262501866719139e-01,1.372133125236737750e-01,-3.305155949584914765e-01,-5.543543516188794706e-01,-5.273651425743517418e-01,-3.006739027190495350e-01,-1.655810360828018080e-01,3.128941500548136356e-01,6.666733117647740681e-01,-7.161285087931590354e-02,-4.418999903921057015e-01,-1.775582035978631457e-01,4.343999512240972471e-01,-2.393684420183243566e-01,5.361297800372453182e-01,-2.554958685004582106e-02,3.932165993666917325e-01,5.738155457291966854e-01,5.744792503645265030e-02,-3.821397132938011421e-01,-1.577118782246713369e-01,-2.320238920614520195e-01,2.397437248898450779e-01,-1.927866636728791938e-01,-5.495049100992724922e-01,-8.255835371031671199e-01,-5.205281541819076901e-02,-5.361178936398043327e-01,-1.954527620839970059e-01,4.829658471150132804e-01,-3.350563749669885905e-01,-1.482213155891786392e-02,-4.560330599887481018e-01,-5.778241922089534244e-01,-1.139874302086116564e-01,-2.124666435796434272e-01,-5.523348161006370605e-01,-4.068892149160073246e-01,-8.045601180515875306e-02,-3.538530408413577133e-01,-5.726341061935437127e-01,-2.239296608806362610e-01,-1.558014913757288233e-01,-4.885231858803177341e-01,-1.552732312856556218e-01,3.182528510088764029e-02,6.353666824455040940e-01,-1.369241269379782855e-01,4.061594368994401738e-01,3.693020116024011146e-01,3.203879966485559394e-01,2.530036425060466221e-01,5.973677033242391632e-01,3.240123050804853966e-01,6.728936283341988012e-02,4.301721915197128654e-01,5.933607139225615112e-01,1.095049780583109145e-01,9.400935745802983801e-02,5.127519381768727014e-01,-5.979926925350851352e-01,-5.009722956992217480e-01,-8.770708837656983059e-01,-2.374769446462992040e-01,4.325557577698552758e-01,-4.537221572842592976e-01,-7.721332265241619419e-01,1.446157539461457586e-01,1.984138073660170476e-01,-7.746531648739993781e-01,-4.537082814610306492e-01,3.714343608395218044e-01,-1.756960722278823051e-01,-8.446105140268408418e-01,-1.506486252158752981e-01,-7.960513065367526009e-01,-2.776776805287486383e-01,-2.162835351019665175e-01,-5.820555201131093481e-01,-2.220419532038337418e-01,1.486253854203168356e-01
-8.440063016518654926e-02,2.885027308108062960e-01,-7.733554885567184289e-02,-5.169047837688962865e-02,-9.016612220558968549e-02,5.534258867522113823e-01,-6.213786657105172528e-01,4.924317347228819586e-03,1.000000000000000000e+00,1.397659662624038852e-02,-6.495871776992824254e-01,5.528404839024892992e-01,7.776962873230787165e-01,-4.373116198745614081e-01,9.471479181194443486e-02,8.706894394819377769e-01,4.587962242960720305e-01,3.642594185786570127e-01,6.317946908041285337e-01,1.269461720572122310e-01,-3.041006794874616670e-01,-2.990707603252916735e-01,-2.130196196969711686e-01,-3.516010490874975081e-01,-4.284343198262703378e-01,-3.309973306561896783e-02,-7.510060165545116018e-01,-5.392271000225125066e-01,-8.550925420555716139e-02,-5.717052630797392343e-01,-3.795948422378638831e-01,1.757483567262821955e-01,-9.006779461126394881e-02,4.551665161039465946e-01,-1.163113624543814090e-01,2.843712979794508211e-01,5.313254346508348158e-01,1.122185520315276130e-01,4.086890739508619030e-01,-1.955459064546051506e-01,6.128121568931989283e-02,-1.481683356210625746e-01,2.199047582290467734e-02,-1.517643252498329376e-01,-4.550491736531152576e-01,-6.299139552237559281e-01,-5.805038186310678139e-01,-6.797301407229467962e-01,-7.088758007231663605e-01,-2.990881179601968531e-01,1.023012034168843676e-01,4.805966615480820048e-01,-3.133668668036505012e-01,3.900925210583632285e-01,8.081138945098725879e-02,7.495844021330357876e-01,4.766474205381360241e-01,5.974774165241075741e-01,6.516055447269654133e-01,6.418203603065930629e-01,8.928680814540287947e-02,5.518147841889350369e-01,5.384411030304210311e-01,-9.886700022307112756e-03,4.802802333872850937e-01,6.764571512847845636e-01,-4.481970656757621740e-01,-6.435513009915062588e-01,5.517596023469218958e-01,4.096187197293068016e-01,-7.507470329253475017e-01,-2.377453502092157778e-01,7.689684094083812926e-01,-9.156574448040137593e-02,-7.927064801453883591e-01,2.957014983609190795e-01,6.469092211659025482e-01,-5.907357305077236553e-01,-4.984917106985153890e-01,6.563299501957546578e-02,-8.738289685279257979e-01,-5.690759205659210451e-01,-7.150255056378950203e-01,-7.015087045643976227e-01,-8.762220587441002517e-02,7.481316493172174287e-01,-1.548939789178957124e-02,-5.972957526782400883e-01,3.890433476113283051e-01,7.603226273723248108e-01,-3.455414982302730809e-01,-3.361694936124109412e-01,7.291211687383003515e-01,5.251248153058087897e-01,-5.719216465787978487e-01,-7.537270479857864636e-02,-6.195669348251342523e-01,-8.618003405743061840e-02,1.458809419064032997e-01,7.730320402141312996e-01,2.609050198703863899e-01,-3.142652356268212932e-01,4.291311244731921271e-01,7.276303733804587726e-01,-6.913448232044114294e-02,-1.654703381576476950e-01,6.974802447386854176e-01,4.862618229334272346e-01,-2.115590910455864837e-01,-9.520884876258230156e-02,9.625405940782919001e-02,7.285603773968781782e-01,3.475575855143349102e-01,1.859706189471840299e-01,5.549872851439067167e-01,1.044456241696189308e-01
-4.967942400116764912e-02,-1.776979128415837328e-01,-5.109968800162069114e-01,3.411169141618489858e-02,3.646559969628701547e-02,7.751845412287773351e-01,5.570249240812275016e-01,-6.030691398858383234e-01,1.397659662624038852e-02,1.000000000000000000e+00,2.276628191056422751e-02,-5.805247038716930819e-01,5.591776766255490694e-01,7.867330494384311423e-01,-4.508496565456494160e-02,-2.064066653680959040e-01,3.372688162642172305e-01,7.208993035439278385e-01,2.176718476617616263e-02,-1.524276885766362999e-01,-2.646393626225012063e-01,-5.226734489314165399e-01,-3.779056116880417093e-01,-3.730085028284652604e-01,-4.190058666222299943e-01,-9.041074466309541036e-01,-4.561472100399588947e-01,-2.972081577524507412e-01,-8.724501830311184314e-01,-5.443170164932634725e-01,-7.406429248838544144e-01,-7.383198424845587304e-01,-8.584365192066606420e-01,-6.193580989562138539e-01,-4.375357971020570891e-01,-7.015810071634537293e-01,-3.455725573590677779e-01,-2.553700642676748345e-01,2.078784451878007145e-01,3.833618839565244851e-01,5.008213524382424398e-01,6.401843733725148811e-01,3.181039355991957529e-01,-3.548983289538785724e-01,6.090386323082691566e-01,3.317978829063628621e-01,5.775489424209866440e-01,-3.318142497544002145e-01,1.291328964478965224e-01,1.184436663706213283e-01,6.532375822535840815e-01,7.729699910826377807e-02,-9.993289248007097836e-02,4.814240324058428055e-01,8.066567697428493888e-01,2.972959452661320667e-01,1.813743652920181415e-01,1.899758069567015761e-01,-2.628616648733048677e-01,5.333934537732244463e-01,2.593731300917498372e-01,-5.304590783942181309e-01,2.422143490838848945e-02,-5.298195361405731996e-01,-7.114225035155888888e-01,-1.183000088862426469e-01,-6.029799539160967115e-01,5.456909237230924692e-01,6.362344300194174851e-01,-5.416548574756266943e-01,-2.127259643061921446e-01,8.378880687897599655e-01,2.134365152618287742e-01,-6.628545404293401111e-01,2.580838928500824303e-01,8.286239458501168942e-01,-2.941116282432136297e-01,-4.406811398970050808e-01,6.990291620393855876e-01,7.926624632348200361e-01,2.200307950604094356e-02,-5.405318148903218711e-01,-2.976135992932382179e-01,-5.337825625965914034e-02,-8.332204522280114434e-01,-1.398024106672420830e-01,5.279615518372833272e-01,-4.942480665969416487e-01,-7.420183574008304417e-01,3.143425579354432453e-01,2.742734050440274740e-01,-8.019915106985179287e-01,-4.100743697702253221e-01,5.322009471860198460e-01,3.848805760418236993e-02,8.946993095426301057e-01,6.027244358920800238e-01,3.280365174176642085e-01,8.274570041708830814e-01,-2.210497005321945818e-01,-3.161664274103854755e-01,7.120815972270635452e-01,5.474736808835499735e-01,-4.558884396469110589e-01,7.339200337167695043e-02,8.571016280930872089e-01,1.258413596663271461e-01,-4.569135614184899330e-01,5.376737800941681078e-01,5.119944334476562997e-02,8.331973848550677797e-01,3.191937559880334008e-01,6.225850020376140215e-01,5.011610602169993545e-01,2.720732709481606948e-01,-3.245691305347740002e-02
3.123867110436178707e-01,1.093524864354544907e-01,2.698305398451628090e-01,3.573806947401224621e-01,-6.873423005091999771e-02,-4.313006696499323556e-01,7.855944341223292104e-01,5.507691050320486781e-01,-6.495871776992824254e-01,2.276628191056422751e-02,1.000000000000000000e+00,8.414915471783603745e-03,-6.372939410950076988e-01,5.613420078017831161e-01,7.945867007489645917e-02,-4.360435302976632399e-01,2.113353048289400016e-01,-2.565505631131325681e-01,-2.929247057997371173e-01,2.900962629720311714e-01,6.157075994860856660e-01,5.510097602836049324e-01,2.814304919122364024e-01,5.093474514700766509e-01,6.379994660833753217e-01,-3.984121374024836987e-02,3.779634310611221792e-01,8.354492592404644258e-01,1.823157909671895283e-01,2.865194990913865619e-02,4.780346348324805983e-01,-5.078111142829487834e-01,9.297269281247702577e-02,-5.285273940303554241e-01,-4.359146240197527833e-01,-3.458262902310242359e-01,-4.545375200871581978e-01,-5.512883841713162036e-01,-6.817165116295563765e-01,-1.478143159226599501e-01,-1.232960119476728643e-02,3.377556082985354591e-01,4.833617644950074510e-01,5.258783581721316880e-01,6.237314876136772490e-01,2.195727215200919402e-01,5.867439991803919952e-01,6.822411790965674516e-01,3.411193697432055583e-01,7.899613452680782633e-01,3.046305261327298952e-01,8.793518092787037943e-02,6.974647934773163804e-01,7.933886044930921200e-02,7.970456037930472026e-02,-4.761299900289248654e-01,-4.338727525077999969e-01,-4.831407306648263789e-02,-7.949786491522092824e-01,-6.341142172717296743e-01,-7.006312188437725519e-01,-7.564807915473260591e-01,-8.665426074075019969e-01,-5.133477196276065024e-01,-3.008846438251575606e-01,-8.636865782189593332e-01,-8.248072390014699051e-02,3.361627610339243954e-01,-5.462098116662433833e-01,-7.289543705851465605e-01,1.761839434782489222e-01,1.452724355901219011e-01,-7.926030579608824844e-01,-4.274788580892908696e-01,3.598357983684432604e-01,-2.469010083933402266e-01,-8.460316767134862248e-01,-2.008561513434704154e-02,3.015975523101169231e-01,2.963804125025183978e-01,6.446241938014335426e-01,6.751745940123186074e-01,1.688444029190699358e-01,8.437189987498235899e-01,-9.645657708380148132e-02,-2.898105132381288418e-01,5.855976391312126550e-01,6.867193285526524971e-01,-4.129483537186330877e-01,-2.614192294730965371e-01,8.285551033929320353e-01,3.120931456575825602e-01,-6.485169893576603339e-01,6.383047029939782624e-02,9.126283278052190751e-01,2.596973729497202912e-02,3.106406531263596338e-01,-5.923510423931316327e-01,1.832255700318515257e-01,-2.447456538636361423e-01,-8.193354711804514690e-01,-9.614892337766170471e-02,1.881745869148729045e-01,-5.884763882685460912e-01,-6.635350126917404223e-01,2.030995679032535639e-01,-3.605825952383919647e-02,-7.892472801817674855e-01,-3.461097606832790330e-01,-6.063026199633106406e-02,-3.223719631233760707e-01,-5.651731364607468500e-01,-5.710130338066918276e-02,-3.878925075191819727e-01,-4.248945507278918954e-01,6.396835325233865555e-02
1.462856433538548828e-01,4.615865026773184887e-01,4.049064855494987070e-01,1.609511665588919116e-01,-1.255651652393722784e-01,-2.153644248434262443e-01,-4.278960628389926191e-01,7.584161566743169436e-01,5.528404839024892992e-01,-5.805247038716930819e-01,8.414915471783603745e-03,1.000000000000000000e+00,1.570020594849935378e-02,-5.589490214112645683e-01,1.428169779235312076e-01,7.085003459915260038e-01,4.161494208883997903e-01,-2.427076444865976512e-01,4.008985781620777455e-01,3.587067570033617980e-01,2.944893091010769570e-01,4.155878965055920249e-01,2.859548539077051976e-01,2.734765473095405741e-01,2.710958969443220123e-01,4.990833884809043330e-01,-2.313873152882285067e-01,2.189493843445820820e-01,5.805885574717017938e-01,-2.393822135867635925e-01,4.049846857892814844e-01,2.748425048397151738e-01,5.050811191043945714e-01,4.738147855995691882e-01,-1.669502660642260272e-01,4.947418569751640960e-01,4.604483367568001917e-01,-1.147217065954078685e-01,-1.678882023779455224e-01,-6.093976761917698770e-01,-2.836413966185539204e-01,-2.933650651695716705e-01,1.858500032936355184e-01,4.412923476248624688e-01,-4.042198310548372753e-01,-7.036712434198828525e-01,-5.398505097705555977e-01,-1.981845889943558217e-02,-5.749142690223434382e-01,1.857932175205763703e-01,-7.092378817009278857e-02,5.140125205352874538e-01,2.356967500039598151e-01,1.629234646345650572e-01,-3.496003751317657837e-01,2.396763599724644478e-01,9.481144112196876472e-02,4.773726155502178714e-01,2.659940421290279411e-01,-1.195373269951717776e-01,-5.719877982919283621e-01,3.605872458067650443e-01,-8.725931805209223568e-02,-5.259672063397029251e-02,7.206761853594907397e-01,1.531520999108411107e-01,-1.489008208530491484e-01,-7.618535753808873823e-01,-2.145154396800963703e-01,2.361245975110406736e-01,-5.182301811300649153e-01,-6.593518468843286851e-01,9.493561683408205387e-02,8.624665282548521147e-03,-7.208248890419686195e-01,-3.833226143084016990e-01,2.441250855183273727e-01,-3.507381100546153596e-01,-7.298760845238215778e-01,-2.104064998147215093e-01,-4.539756016377282655e-01,2.224217227687384502e-01,-4.251338094823079450e-01,-9.285349343703186431e-02,3.538321348633888253e-01,6.535202427436551664e-01,7.551853222462447113e-02,1.782710265445111852e-01,5.666928584248115408e-01,4.034118835175486417e-01,6.533312387479851824e-02,3.719795231919285627e-01,5.450556974651189490e-01,2.584433801656351726e-01,4.128992721808971006e-02,-6.138680438675557793e-01,-7.923134845341900379e-01,-7.192759765118751369e-01,-2.303580160973530411e-01,7.661603963369555403e-01,-1.217663142945969862e-01,-8.379021290449296666e-01,2.411512541413135258e-01,6.152815484416183089e-01,-5.962134782648315090e-01,-5.573882636667442103e-01,6.256397275907400468e-01,2.205229213478020200e-01,-7.870284496115935724e-01,-1.341861836646313366e-01,-6.537114610841530116e-01,1.479985421359617248e-01,-6.285945427454872614e-02,-3.961859630630681361e-01,9.917197753234767432e-02,1.336591507567918558e-01
-1.691441381894647489e-01,5.325831478427538179e-02,-3.966104692253470954e-01,-1.039368906381003405e-01,-3.042224074923576688e-02,8.774889547920261545e-01,-2.610597502274591974e-01,-4.699275825574784071e-01,7.776962873230787165e-01,5.591776766255490694e-01,-6.372939410950076988e-01,1.570020594849935378e-02,1.000000000000000000e+00,2.788603021693225950e-02,2.505850796677163914e-02,5.347099386672872212e-01,4.237940810689283522e-01,6.843730286706278809e-01,4.787528227033928663e-01,-5.137011960009081613e-02,-5.007603523832568904e-01,-5.956816301907238431e-01,-4.029908196095997042e-01,-5.817608000851639538e-01,-6.350158882014951267e-01,-5.172077232509070255e-01,-8.147781353188793263e-01,-6.924816542712262102e-01,-5.816560010882657616e-01,-6.705881279840191223e-01,-7.628194361442781624e-01,-1.866255410846502927e-01,-5.530934881867580755e-01,6.417009975095235019e-02,-2.104145210791731890e-01,-1.437067147517742949e-01,2.318506244117529147e-01,4.217804377054402976e-02,5.419781160742979109e-01,1.201246543815055745e-01,3.406695074704104709e-01,1.794902829368197339e-01,7.891420571277844853e-02,-4.148110160516751410e-01,-8.710862445452088876e-02,-2.629020446067109051e-01,-1.769846759527287927e-01,-7.632998467283883537e-01,-4.488472005024438105e-01,-2.998705804119708995e-01,3.520366277023204704e-01,3.243165700840441312e-01,-4.062360753434776095e-01,4.811068290408758719e-01,4.849584298850360131e-01,7.579158815788821224e-01,4.786530461821904003e-01,5.032012825171825465e-01,4.442060051892728900e-01,8.502468108913018296e-01,3.646747795529458602e-01,2.244111705707472482e-01,5.599322376295055026e-01,-1.748314836042648701e-01,-2.517401360830917589e-02,5.558310653931801681e-01,-5.931138955367274423e-01,-1.765237611096169557e-01,8.228093280558568257e-01,1.244973886846189037e-01,-6.261752183685405093e-01,2.822264148419747487e-01,7.809591712103065575e-01,-3.252563934811178448e-01,-4.339069958079179168e-01,6.989179354451622306e-01,4.359949350054202477e-01,-6.065606118660427093e-01,5.267443995217151870e-03,4.107236107804171366e-01,-6.835467030720410175e-01,-8.084835435877495424e-01,-6.471074579460175391e-01,-6.650396942293047564e-01,-4.927383869283089024e-01,4.539120858328054009e-01,1.474905586707793148e-01,-7.999879755530692194e-01,-7.515746732191133650e-02,7.073271984507886190e-01,-2.522892522857383413e-01,-7.266497890522236602e-01,3.758080234473091807e-01,6.079431160237942500e-01,-5.451158448702858594e-01,4.412237923882658119e-01,-1.244948619828317865e-01,2.668521277082199772e-01,5.098439717803074922e-01,4.160331735993116897e-01,1.759860326710135647e-01,2.217368920978108893e-01,5.288343336939143047e-01,3.364597721896574467e-01,1.516896692167908067e-01,3.275932932324035485e-01,5.142576924352868506e-01,2.274941629879687066e-01,2.367926017363179980e-01,-2.634334338990337865e-02,6.283209146206981677e-01,8.077287761134738231e-01,5.993514268454103178e-01,5.126517729782638089e-01,6.255293254604887832e-01,4.188384818849882202e-02
