1.000000000000000000e+00,4.242126926001827947e-01,5.634602066285648858e-01,-1.246779980874941213e-01,-2.815770873225208540e-02,4.601152497280728837e-01,2.899617095830528402e-01,-2.060855918644347584e-01,1.537094538192728954e-01,4.771232737166172244e-01,1.123823429824986897e-01,-2.006576995452802326e-01,3.141297417374023238e-01,4.308144173078619077e-01,-1.490849734970681739e-01,2.281288713561622772e-01,1.019369608177663061e-01,4.570609691401973929e-01,2.498794655440565726e-01,1.049518912499515233e-01,-4.285942352146406287e-01,-9.999243824864119390e-02,1.209139767088840411e-01,-4.122944034862695006e-01,-3.833803532796397073e-01,-3.131947944024516262e-01,-4.219473488089294233e-01,-2.523372961769890788e-01,-1.334835178927095689e-01,9.918349751614095877e-02,-3.275988129010408700e-01,2.856778584156930423e-01,-7.486172912638858201e-02,3.328078048520539678e-01,4.770283501223409467e-02,2.480316057941360508e-01,1.620391882880027890e-01,-3.215649528096226062e-02,5.169122704001821722e-01,-6.267235238333024316e-02,1.969910203357121137e-01,-2.139564488042980661e-01,5.398115997594110649e-02,-2.510428381496502270e-01,-2.017191569180088184e-01,-3.086486539473424773e-01,-2.074075113158875272e-01,-5.167459661229933943e-01,-4.199737565326541050e-02,3.003214556359307119e-01,2.556345490226781189e-02,5.142121460330560945e-01,2.959774081443518612e-01,2.022782947892698691e-01,4.704295386677581070e-01,-1.083767131554480845e-01,-3.275101985759040213e-01,3.624650142356744542e-01,2.141656280764812625e-01,-4.082687639242000288e-01,-2.326479360104012281e-02,4.623327544251652488e-01,-1.292915409477364275e-01,-3.819419401504824396e-01,2.986255747580689457e-01,3.156820829005952400e-01,-3.639362345899179174e-01,-2.136590086885586104e-01,4.051592436784440809e-01,-2.060530641447790717e-02,-4.826527217827316640e-01,-8.566350820428383916e-02,-9.892936704188948216e-02,-4.935842042689494447e-01,-2.153897903296931593e-01,-8.905785418481396154e-02,1.194557743443077913e-01,-3.419532805593131219e-01,-1.040512589383069397e-01,-1.178847523071896858e-01,-1.717381552605634631e-01,5.604636018743372472e-02,7.939074873734067173e-02,4.766805664039975854e-01,1.195534583569416998e-01,4.661535677562956281e-01,2.264264680316151745e-01,2.015754747574541594e-01,3.129205887372627504e-01,3.712784823247468613e-01,1.792314308142714252e-01
4.242126926001827947e-01,1.000000000000000000e+00,1.893820355187576521e-01,-2.722966321538580203e-01,4.720683221273205832e-01,5.287995141035458646e-01,-1.722681889048990611e-01,-1.108429506426604344e-01,6.255331011582865308e-01,3.024397220659952867e-01,-2.731616661435406490e-01,1.053234092649088793e-01,6.569309247202395063e-01,6.081708424376630617e-02,-4.122075661527939139e-01,3.393523518032145470e-01,-7.257326566385177702e-02,3.155676451139092231e-01,5.274068107463236732e-01,-1.810391790374012988e-01,-4.755727641897941615e-01,3.153819921710562246e-01,5.077362489717397454e-01,-3.058370381040457775e-01,-3.058674064569493201e-01,-5.532227729982202025e-01,-3.547156967798184013e-01,-5.656936732177448857e-01,-4.109546537253316867e-01,-4.043107526223879145e-01,-5.575888595798946801e-01,-4.277841939968789198e-02,-4.050910140096253276e-01,1.714915595863735209e-01,-8.479483303583848497e-02,5.311481939008302344e-01,-3.605403203801015727e-02,1.961815503975682939e-01,4.933644993185005712e-01,2.223744897244655239e-01,-1.757703401276655142e-01,-3.220796559126045122e-01,-3.978651425211873760e-01,-3.096778216455955413e-01,1.487328042207704537e-01,-3.592501632068041406e-01,1.240447519550605393e-01,-4.778894813537838959e-01,2.799413703598258585e-01,5.817139026920272737e-01,2.854856487377444574e-01,3.966736999808734843e-01,-1.230602090432852957e-01,-2.098430097881058276e-01,5.272415137213395386e-01,3.429342891786194003e-01,-4.340757997186829864e-01,7.053094753103665571e-02,6.169824176480520617e-01,-1.915413533362955723e-01,-4.173627588574167491e-01,4.941839582109058826e-01,3.696915199630886883e-01,-4.836143445869652280e-01,-4.188296444835219040e-02,6.532346830552268058e-01,1.229233660823746480e-02,-5.106048140642708288e-01,3.053657519115036689e-01,4.475927958048485644e-01,-3.931327070930561440e-01,-8.177880331613925080e-02,-5.309286548718522569e-01,-5.717326914032183627e-01,-3.555003742517093834e-01,-5.318663326482565568e-01,-1.766455908347351611e-01,-1.823701888796996629e-01,-1.872390320660361485e-01,2.854305808780152609e-01,-7.737048737258450659e-02,5.299316316092256285e-01,3.664349696650929800e-01,6.246443949413678087e-01,5.026711690026428592e-01,5.486469352374085950e-01,6.200005825051826402e-01,5.222046220084044510e-01,4.313240727750397019e-01,2.691828273787347792e-01,9.604487283017359989e-02
5.634602066285648858e-01,1.893820355187576521e-01,1.000000000000000000e+00,9.546780860413479897e-02,-3.813796238679937889e-01,4.710276882590100356e-01,7.934613264648878728e-01,-2.165588962674893647e-01,-1.866963729675151507e-01,7.007790690844105663e-01,5.593099501653043815e-01,-4.069591985548033364e-01,7.304143765329650095e-02,8.719624472090049538e-01,1.584475868742051541e-01,3.365467263298307921e-01,4.422582690955731977e-01,7.664852704613404066e-01,1.783064935855205035e-01,5.290758692647207218e-01,-5.090317218368975993e-01,-5.084488636509404413e-01,-6.128311949688898530e-02,-5.912090038615084309e-01,-6.379694590329414439e-01,-3.414283629465489356e-01,-6.827349469555198391e-01,-1.640980992271919847e-01,-8.286664409226204842e-02,4.830651834360799035e-01,-3.011048308945488694e-01,5.502084687924703177e-01,7.969469679736418399e-02,4.586423140673873688e-01,4.743707712568744073e-02,1.550191742070394308e-03,2.567854098550327313e-01,-3.470222845188864480e-01,7.005475334361123130e-01,-2.111489951888024519e-01,6.324741677256781047e-01,-7.148842444144584696e-02,4.976677774051110892e-01,-1.832589990672899016e-01,-4.689143877429223783e-01,-2.333074673088295081e-01,-4.458931723170315720e-01,-6.811272844845995822e-01,-2.097732409416167287e-01,2.337756075099572950e-01,-7.124744143034729416e-02,7.809458608146881975e-01,7.374519980803884156e-01,5.174086719787758248e-01,5.974273135149497094e-01,-5.249177418118846639e-01,-4.335236478596850018e-01,6.453577474898317679e-01,-7.906880876474280118e-02,-7.994383707477281664e-01,2.039224486146520299e-01,5.464643782876072997e-01,-6.119517715159189519e-01,-5.130590593026485013e-01,6.073140394272017462e-01,1.353694704075774635e-01,-8.379131237469077398e-01,-1.287241132660775222e-01,5.631378417151122751e-01,-4.360598380500769755e-01,-7.349165505520409702e-01,-2.258428842086813992e-01,1.891190072095323138e-01,-5.907942977376047233e-01,-2.884179163158472337e-01,3.091912391492026568e-01,5.131092390923690516e-01,-4.770065927682687335e-01,6.329773677449751501e-02,-4.165334599245784086e-01,-1.681924498136186663e-01,-2.765167642439084750e-01,-2.359295880312244423e-02,4.991341855540182282e-01,-7.726964590956363066e-02,5.833129005190119676e-01,-1.025126731247655992e-01,5.622182679464520633e-02,1.707464390598107395e-01,5.418207968351717030e-01,1.124143217552962537e-01
-1.246779980874941213e-01,-2.722966321538580203e-01,9.546780860413479897e-02,1.000000000000000000e+00,6.369229499696445196e-02,-7.006699250002924595e-01,4.533972533161101381e-01,8.564824381094613415e-01,-3.390895653405339716e-01,-5.049820797151561846e-01,7.728221206833472134e-01,5.811270211349098824e-01,-6.059477484116589929e-01,7.765223453323130687e-02,9.106964085047346558e-01,5.365001802770038575e-01,7.698798771335582103e-01,2.946040203685940106e-02,1.438590919313400551e-01,6.362445095638937786e-01,4.526179705320788615e-01,-1.205204438649084830e-01,-8.402733874638412814e-02,3.457341609451081710e-01,-3.886105595484652953e-01,1.070024311107904552e-01,-2.448716876174971413e-01,2.067232445221371326e-02,-3.908847726942814016e-01,2.655003903178286464e-03,-1.665033883294927686e-01,-5.067428805238459733e-01,-3.857825118701237455e-01,-7.314456385334388022e-01,-7.778333851061287607e-01,-8.430155601829893985e-01,-7.279142157423552639e-01,-9.071309770990467758e-01,-1.953930740402680943e-01,5.624781879674746188e-01,7.057021998978801891e-01,9.167552271836133526e-01,5.294341917454961077e-01,8.725889503301077488e-01,4.340875105356603036e-01,8.721932525548693471e-01,5.180416079160775622e-01,3.760085836587823138e-01,5.011638701683817088e-01,7.080863582349999907e-02,5.202376894169227217e-01,-1.521192426632874961e-01,4.945132667379509295e-01,-2.872603526762993464e-01,-1.515261407131917037e-01,-6.090326805912875674e-01,-3.289814444400500082e-01,-4.455498358972093675e-01,-5.235072688012684106e-01,-2.569864776134208606e-01,-2.431943695442943532e-01,-5.656066083331785510e-01,-3.981412485339380081e-01,-2.029002624182501824e-01,-3.920456487383353061e-01,-5.018717247607096255e-01,-3.070063405239532583e-01,-2.178294184753910845e-01,-5.928552544453808970e-01,-4.667623698498706286e-01,-7.731795144469168213e-02,-8.025830008267110793e-01,-1.840864444562935465e-02,2.609200538174125117e-01,-5.242278777141115009e-01,6.659580601981678338e-01,8.287904562162926592e-01,7.078549721224540736e-01,9.395788369651901784e-01,3.247543838641496761e-01,8.475720778851409953e-01,-4.216505007965547225e-02,4.745859143094662280e-01,-3.140828634511212414e-01,2.101518773455129940e-01,1.737786521321032368e-02,-6.361577991679309152e-01,1.346672226657970040e-01,-6.828983923880524998e-01,-3.885656818747377228e-01,-5.741851348740354410e-01
-2.815770873225208540e-02,4.720683221273205832e-01,-3.813796238679937889e-01,6.369229499696445196e-02,1.000000000000000000e+00,3.500781892751502616e-02,-5.685742250372441964e-01,4.755901321077983801e-01,8.550958279726541544e-01,-3.561386978979531603e-01,-3.696776260919701351e-01,7.775952522105599174e-01,5.587211364432865812e-01,-5.016559242858390499e-01,-1.944848580987974807e-01,5.511996118180093607e-01,1.436372547752261947e-02,-7.433280419222469682e-02,7.254575524640599626e-01,-2.770641643548856226e-01,-5.393839325132956941e-02,7.368974860174134500e-01,7.400704610357186075e-01,1.964322442023634097e-01,-1.985700265644390061e-01,-5.070217844930038353e-01,-1.581252666685320496e-01,-7.034586614702765806e-01,-7.733477242640508509e-01,-9.386458095620400233e-01,-6.922093337212792408e-01,-7.459042723640815220e-01,-8.692368203125807602e-01,-4.918986024943893809e-01,-6.013428930730370103e-01,2.930611842749836771e-01,-6.511742402399700591e-01,2.096128515083322055e-02,1.001033334695063948e-01,7.983004331417796751e-01,-3.154631352470659844e-01,1.050159041562917922e-01,-6.285460943415980273e-01,1.803601485889640976e-01,7.828492835456577481e-01,1.449156117296697688e-01,7.995595458584812132e-01,3.033864099888699574e-03,8.436301216523688362e-01,7.271882442783216272e-01,7.857371872069562890e-01,-9.443799491196143425e-02,-4.451020756349848839e-01,-8.588141974898625408e-01,2.504218053801846033e-01,5.464893165122478580e-01,-5.184782521275866918e-01,-6.009239217725352855e-01,6.508272683578111284e-01,1.379373960593984205e-01,-8.830741797984880126e-01,7.470627800732809569e-03,7.421822420889510052e-01,-4.445889980287666132e-01,-7.141127782860096085e-01,5.666472307268544117e-01,4.429454639347401579e-01,-7.747330515996052602e-01,-2.962802263862681640e-01,7.233429968015696598e-01,-8.292722991563224177e-02,-4.023557293158296910e-01,-9.195378231546768033e-01,-2.641840429594705109e-01,-6.081771120223257165e-01,-6.176214715007342093e-01,-1.573033501582753457e-01,4.807717529623922736e-01,2.162964489277635627e-01,9.019690056365200492e-01,4.816105266962792397e-01,9.492225470204544990e-01,8.200981792271271331e-01,3.723224436026298934e-01,9.053974220011011820e-01,3.852170353828227589e-01,6.160609219439505679e-01,7.970156488280528695e-01,1.298941276180704818e-01,-2.288358183528981515e-01,-2.428002556213215424e-01
4.601152497280728837e-01,5.287995141035458646e-01,4.710276882590100356e-01,-7.006699250002924595e-01,3.500781892751502616e-02,1.000000000000000000e+00,5.909286604499047746e-02,-6.911560699853807055e-01,4.806511509219667522e-01,8.650043178824431411e-01,-3.189806536748753252e-01,-5.020936586603298446e-01,8.005919251243878154e-01,4.693566497479720323e-01,-7.058667650711152319e-01,7.083454816750545113e-02,-2.578395144699287544e-01,5.905157492791129892e-01,3.304892833504448624e-01,-2.013552837159401365e-01,-8.186422865056736109e-01,-1.672657693840014226e-02,3.271530043131909982e-01,-6.942237268950385287e-01,-2.959745230610982825e-01,-5.963147477516501649e-01,-4.459223285950422722e-01,-4.590245347992302771e-01,-7.237864425079952591e-02,1.724855449187095990e-02,-4.087653062389939862e-01,5.767039726365502661e-01,2.397589276998016855e-02,7.880446800259555129e-01,4.323133047433548315e-01,8.197421785058901511e-01,5.503539980756373406e-01,4.684010814271054035e-01,7.994428563712033808e-01,-3.118319526125241103e-01,-1.832636409461013971e-01,-7.763660849150056942e-01,-2.692383003688490484e-01,-8.001548970520599990e-01,-4.318829118841860382e-01,-8.622378688069157748e-01,-4.755441619202787629e-01,-8.904545742246264828e-01,-2.419583970400364104e-01,4.420357035293831505e-01,-1.614472697805449664e-01,7.466738707975235645e-01,2.605676931456780976e-02,3.137548804925403001e-01,7.389496526969057122e-01,2.860064667576157071e-01,-3.142455424277245113e-01,6.696736587241763905e-01,6.389631119949384930e-01,-4.024346535991300544e-01,8.536809134987452877e-03,9.331349575065742696e-01,1.208406855888867759e-01,-4.469763612241458572e-01,5.439646014529431195e-01,7.642660346094964918e-01,-2.713727268825121830e-01,-2.504225202755842039e-01,8.400468765662982840e-01,3.185716831841391428e-01,-5.952557440268392286e-01,3.032603632191768761e-01,-2.060204736661516989e-01,-8.289856443355327897e-01,-6.036485023605527023e-02,-5.494796177110670143e-01,-3.183382418132144620e-01,-7.907098130502735467e-01,-6.356966501125168589e-01,-2.482850380123332312e-01,-6.409780268300332429e-01,1.950939628880576371e-01,-7.019312674108649230e-02,8.410036640440282651e-01,1.395013645301941829e-01,6.427672078139688994e-01,6.979899309268194907e-01,2.706157442341390884e-01,7.665956934611256601e-01,6.930989681212327280e-01,4.615132927718681444e-01
2.899617095830528402e-01,-1.722681889048990611e-01,7.934613264648878728e-01,4.533972533161101381e-01,-5.685742250372441964e-01,5.909286604499047746e-02,1.000000000000000000e+00,4.263206328697411590e-02,-5.695683244673337420e-01,4.520241771082157967e-01,8.900692209946396982e-01,-3.268058426488136825e-01,-3.796673944049628879e-01,8.851221966830837840e-01,5.712967487050382154e-01,3.149002452136681063e-01,6.659142426394385472e-01,6.223680748732274282e-01,-4.272784484415260292e-02,7.560114565651497864e-01,-1.679206093364858376e-01,-6.761451751635755292e-01,-3.278757899825253119e-01,-3.706086902120489524e-01,-5.915670629680511716e-01,-5.851783811038763911e-02,-5.918297545185948749e-01,1.037231348759375116e-01,1.715989382682284875e-02,6.883952686459483550e-01,-8.498146193411888760e-02,4.613667443768484921e-01,1.822350967928040577e-01,2.098424701645275892e-01,-9.406858024299409593e-02,-4.494945073300330995e-01,1.102342703070540997e-01,-6.587425157795522290e-01,4.357180973439018223e-01,-1.934029751220113780e-01,8.937629463618909087e-01,2.963222788964470777e-01,8.386330909162126312e-01,1.615437243619959884e-01,-4.485627163736231049e-01,1.375515763825698734e-01,-3.918466587877477147e-01,-3.797515019705582917e-01,-2.269247512519980969e-01,-2.313166328954374337e-02,-8.845604711662381769e-02,5.750002744370396046e-01,9.266128594902663940e-01,5.613086665436973766e-01,3.281616102086493680e-01,-8.512641644658096585e-01,-3.179064439917082541e-01,5.229401611041019082e-01,-4.924477462319737375e-01,-7.800711268503249807e-01,3.453366113906142787e-01,1.855183826799587099e-01,-8.869018639359914635e-01,-3.398513098232822660e-01,5.425552489263880673e-01,-2.895419427378361221e-01,-9.317803513851903308e-01,5.877879450715486204e-02,2.890875257657714026e-01,-7.693736601661809171e-01,-5.864074228568546543e-01,-3.807127286193823235e-01,4.408835015788841183e-01,-2.675203834536943326e-01,-2.448460507645693063e-01,7.230849749907378721e-01,7.996556628089331875e-01,-2.364571411133278567e-01,3.706264857934404300e-01,-4.884085029102995246e-01,7.091265944140794086e-02,-5.461304865423911581e-01,-8.377902122850974798e-02,1.396381391408788308e-01,-2.657416479906767881e-01,3.412474460305708335e-01,-5.492057139442236835e-01,-1.585538745863213084e-01,-1.991070019210598452e-01,3.317583731398094371e-01,-7.508187324887234670e-02
-2.060855918644347584e-01,-1.108429506426604344e-01,-2.165588962674893647e-01,8.564824381094613415e-01,4.755901321077983801e-01,-6.911560699853807055e-01,4.263206328697411590e-02,1.000000000000000000e+00,3.625208957559197809e-02,-7.380876927653512443e-01,4.546796616006293923e-01,8.950019958043943236e-01,-3.683503569725559146e-01,-2.946129963720344747e-01,7.270541063097563095e-01,6.151716342771528234e-01,6.085673602547078120e-01,-1.565384217833155067e-01,3.613731059898784292e-01,3.654343713107134350e-01,4.846563327282747968e-01,2.615408325422697300e-01,2.070347828081809394e-01,4.929295447950017839e-01,-3.027567747663145181e-01,-4.924372701662224627e-03,-1.214421917077936480e-01,-1.810385040185450711e-01,-6.178219347732936129e-01,-4.365392817786112323e-01,-3.390269968651374866e-01,-8.453192264672659828e-01,-6.824648983738804686e-01,-9.389992657260484155e-01,-9.336959568748398608e-01,-6.618442597167976116e-01,-9.531216813542197075e-01,-7.514847733799364660e-01,-2.896959777882154863e-01,8.437434040147768766e-01,4.009512554907434523e-01,8.951139212918907129e-01,1.622067932323518202e-01,8.986162888654720682e-01,7.700687226633657900e-01,8.877367939566843669e-01,8.530391153334779819e-01,4.852373160067969260e-01,8.061166966388936261e-01,2.832618193305385668e-01,7.748733986231424176e-01,-3.314540065890084208e-01,1.403372310388364685e-01,-6.782044934058613084e-01,-1.780157388992649192e-01,-2.469816962939264671e-01,-3.927299919224240821e-01,-7.645302113861723869e-01,-2.323430017259507652e-01,-1.305200758838417213e-02,-5.851283189219491643e-01,-6.320280491158027925e-01,3.677024175379269011e-02,-2.381688676067020560e-01,-7.492448698262798024e-01,-2.827154315356795178e-01,5.811836783040408988e-02,-4.522316275110255801e-01,-7.627576379714592347e-01,-6.747089311744103313e-02,4.866072580248911872e-02,-8.279618618945008279e-01,-3.900602776735028754e-01,2.616147141652059860e-01,-6.418423598386532314e-01,3.212326051497039758e-01,5.948185292677471425e-01,9.194881624685222743e-01,9.222834733039605437e-01,7.083160964371119084e-01,9.792853652994760738e-01,3.615165652089032400e-01,7.340072985191463673e-01,-2.548703320823196838e-01,5.330180915861963964e-01,3.134883071478773015e-02,-3.361103442404713704e-01,3.917370253727553431e-01,-6.095045204333873201e-01,-5.529980150674005390e-01,-6.123672020411483619e-01
1.537094538192728954e-01,6.255331011582865308e-01,-1.866963729675151507e-01,-3.390895653405339716e-01,8.550958279726541544e-01,4.806511509219667522e-01,-5.695683244673337420e-01,3.625208957559197809e-02,1.000000000000000000e+00,6.060948630424276701e-02,-5.882496799989300751e-01,4.257462996424775659e-01,8.860767536465076200e-01,-3.135334025993288254e-01,-5.843194085195290155e-01,4.148846349664505606e-01,-2.136793148848716573e-01,1.359279224501441230e-01,7.360783882757747643e-01,-4.202718236206386404e-01,-4.136169915022002153e-01,6.659254470699319528e-01,7.911475937235065148e-01,-1.167207997677331827e-01,-2.070019940544065851e-01,-6.759567449966968899e-01,-2.435424413151354162e-01,-7.904796443168035092e-01,-6.488994997617091309e-01,-8.432192741400514890e-01,-7.280466434317489632e-01,-3.868139717856184934e-01,-7.047922594808148089e-01,-4.467956392544975702e-02,-2.533175229022599506e-01,6.973409968625917665e-01,-2.711066429526260424e-01,3.469798277906331885e-01,3.920163859606219936e-01,5.158370330635905221e-01,-4.805635391496000941e-01,-3.362145864917100990e-01,-7.696804997391348824e-01,-2.601893142290199190e-01,4.853903561535486966e-01,-3.207484240649683960e-01,4.654666396897880754e-01,-3.618309103630190093e-01,5.864004211694894275e-01,7.883811140270806650e-01,5.566517687112179091e-01,1.913827163519304375e-01,-4.837747073355497807e-01,-6.195121643034967596e-01,4.948060271147404210e-01,7.037096080184026547e-01,-5.046435281119340255e-01,-2.465038787884817895e-01,8.992588136683277167e-01,5.153399348143010428e-02,-7.479610441506345797e-01,4.219194530454032921e-01,7.865871256811229895e-01,-5.110683033404622710e-01,-3.916590342059141361e-01,8.598735347187604905e-01,3.688160632804705075e-01,-7.457267039388008056e-01,1.243433252492119889e-01,8.493114445230312004e-01,-2.610138474903858086e-01,-1.132454372807193549e-01,-8.964387696703491892e-01,-5.604186760658662614e-01,-4.691288902963926533e-01,-8.683293718921903936e-01,-4.052241679165175525e-01,4.104830112350361937e-02,-1.918627342716933970e-01,6.745548445173604746e-01,6.159780558817792157e-02,9.305539068022984361e-01,6.273544688551982995e-01,6.734014012115088210e-01,8.235170865851492161e-01,5.573982522979775700e-01,9.082344592139282025e-01,7.862023503376962541e-01,5.070285694275871169e-01,1.063895576288589051e-01,4.589978523908386232e-02
4.771232737166172244e-01,3.024397220659952867e-01,7.007790690844105663e-01,-5.049820797151561846e-01,-3.561386978979531603e-01,8.650043178824431411e-01,4.520241771082157967e-01,-7.380876927653512443e-01,6.060948630424276701e-02,1.000000000000000000e+00,3.467333374960904907e-02,-7.474705066338916959e-01,4.800823306388643519e-01,7.863621835008557381e-01,-4.427209076331132809e-01,-5.884472817971154318e-03,-6.630408813148613856e-02,7.070467490333447458e-01,8.120809257693391292e-02,8.599711226144976517e-02,-7.624866852606076995e-01,-3.961130242054592410e-01,2.231675871711089054e-02,-7.397398412725401107e-01,-3.536899083951483558e-01,-4.213220900653570355e-01,-5.226901748750617527e-01,-2.144803308549382281e-01,1.424934074837078124e-01,4.382619063013999394e-01,-2.056274058426692253e-01,8.349001717745545559e-01,3.000823445716705451e-01,8.966619059308470474e-01,5.293968511657917153e-01,5.516735210048373528e-01,7.020315099469620623e-01,2.577967439581039244e-01,8.051751971082025117e-01,-5.454148909782767785e-01,1.392555644682539062e-01,-6.631662741459547483e-01,1.277361936233611106e-01,-7.346275198182883326e-01,-7.100402335403352971e-01,-7.754651466244748548e-01,-7.413524855939467306e-01,-8.991711581778349949e-01,-5.005639304270453893e-01,1.946149843651691635e-01,-3.788858562564231258e-01,8.356074067428072016e-01,3.673383451123238275e-01,6.503087313721807039e-01,6.804253789678995634e-01,-1.034126297851121895e-01,-2.242371031258400260e-01,9.011964036497789321e-01,2.821804443348427949e-01,-5.958306645129096690e-01,3.377885606812138231e-01,8.908004637712312324e-01,-3.154842057478104977e-01,-3.673038238038073278e-01,8.234267736182165898e-01,4.680661431879303280e-01,-5.999165722416756052e-01,-3.475753649489782531e-03,9.114911066540747342e-01,-1.022805593278043879e-01,-6.572803922671116572e-01,2.909755117084796838e-01,1.738777734093449323e-01,-7.372649612571358091e-01,5.357726088843680484e-02,-1.513981403589579611e-01,-5.077366025223916529e-02,-9.069888798713987565e-01,-5.436121575375166826e-01,-5.909130816679900589e-01,-6.897494077680571545e-01,-2.139442698055497583e-01,-3.034867769095539458e-01,6.944864528240923818e-01,-1.842869833219461795e-01,5.644777528412058265e-01,3.270477977364870115e-01,-4.142834038595557059e-03,6.091969066607899608e-01,7.789219554046163951e-01,4.563110771889644646e-01
1.123823429824986897e-01,-2.731616661435406490e-01,5.593099501653043815e-01,7.728221206833472134e-01,-3.696776260919701351e-01,-3.189806536748753252e-01,8.900692209946396982e-01,4.546796616006293923e-01,-5.882496799989300751e-01,3.467333374960904907e-02,1.000000000000000000e+00,5.738201395901869339e-02,-5.951669325692051649e-01,6.301574275534977954e-01,8.584430470891102338e-01,4.554519996515718483e-01,8.238332882117230804e-01,4.095288418542567532e-01,1.362202598901873785e-02,8.273296417755632293e-01,1.311499826911347866e-01,-5.298778847662780622e-01,-2.863201732788757670e-01,-6.490746833211960554e-02,-5.652126112006223835e-01,4.135486897831889413e-02,-4.927871596043122415e-01,1.166596132040964851e-01,-1.533632792414343082e-01,4.876670976260368273e-01,-1.047934101994171946e-01,6.414394218130921310e-02,-4.116467215298222349e-02,-2.272518750739522808e-01,-4.347613327048376330e-01,-7.455187034377117605e-01,-2.773162476075671234e-01,-8.976426909634309670e-01,1.653642986612454402e-01,1.280858199719831225e-01,9.533826674581812322e-01,6.697837699379168841e-01,8.590611036052764327e-01,5.467609522392413712e-01,-1.045683896005092373e-01,5.386178650955606440e-01,-1.707533035602506327e-02,-4.257125170487935373e-02,7.682409428789392647e-02,-1.216559389398907780e-02,1.792758309985290344e-01,2.882120126578280872e-01,8.639161348643814575e-01,2.483315541429645945e-01,1.149921203060706165e-01,-8.830309404586725863e-01,-3.488827505773715032e-01,1.300142685026633438e-01,-6.235421916505431428e-01,-6.431418154515260444e-01,1.337543523185862615e-01,-1.812614392009582465e-01,-8.095362443715111711e-01,-3.033579258417814506e-01,1.713928441617550424e-01,-4.743902050320964459e-01,-7.761268039189904711e-01,-3.746975321025512035e-02,-1.113381890761701576e-01,-7.678614970665295081e-01,-4.067450446042579770e-01,-6.367366921533301749e-01,3.194328362163474377e-01,-1.734764125699824258e-02,-3.988387112145421742e-01,8.435531693462352543e-01,9.518488160367778450e-01,1.968832065038687296e-01,7.174149585453003519e-01,-1.901910281227550681e-01,4.656090533032163914e-01,-4.203178405956323749e-01,1.546908056528397968e-01,-9.686430388577546569e-02,-1.059695520756377546e-01,2.043030252912703681e-01,-7.176611483315670226e-01,-7.848135073201460699e-02,-4.953117344936566746e-01,1.629533281721814650e-02,-3.303392281193555657e-01
-2.006576995452802326e-01,1.053234092649088793e-01,-4.069591985548033364e-01,5.811270211349098824e-01,7.775952522105599174e-01,-5.020936586603298446e-01,-3.268058426488136825e-01,8.950019958043943236e-01,4.257462996424775659e-01,-7.474705066338916959e-01,5.738201395901869339e-02,1.000000000000000000e+00,-1.143486566195704365e-02,-5.461896823297580639e-01,3.777836815243750257e-01,6.053802603890267031e-01,3.516986836623682278e-01,-2.361692399462246295e-01,5.438682484570203091e-01,5.532213252488247385e-02,3.657453598293016750e-01,5.709435614063420594e-01,4.619253327852568813e-01,4.722874807864765878e-01,-2.036631913018110418e-01,-1.782716666655460303e-01,-5.075462632589556461e-02,-3.999829580524320027e-01,-7.348490737133309691e-01,-7.707670114692894980e-01,-4.856342484815050486e-01,-9.672381303238656303e-01,-8.471465255241228398e-01,-9.052744627335806982e-01,-8.928375989081924757e-01,-3.103026118732220007e-01,-9.594758717926110680e-01,-4.422774983343742417e-01,-2.475279368276352976e-01,9.449135116446704119e-01,3.816484393489625454e-02,6.540794159835586763e-01,-2.469250480969036321e-01,7.047941222347758883e-01,9.258515522206552939e-01,6.856066983120193692e-01,9.815566878358641389e-01,4.204233232250309538e-01,9.352998116638019388e-01,4.767602282504821432e-01,8.691540087459490582e-01,-3.657871816649689856e-01,-1.993024606706054747e-01,-8.967870449206735151e-01,-8.818709555083370510e-02,1.499062604794742792e-01,-4.282288378495011094e-01,-8.690938118483375607e-01,1.451318954911547110e-01,1.642015895049557250e-01,-8.123871417341244072e-01,-4.922677102253887882e-01,4.385371930575824306e-01,-2.881074452665817742e-01,-8.981075107547882297e-01,4.484441618448131023e-02,3.510947488269191008e-01,-6.263961955206509558e-01,-7.097662320357852606e-01,3.369026569541305749e-01,9.351029618268921761e-02,-6.991981992523017553e-01,-6.944878527351809883e-01,1.383371026359454803e-01,-6.566004617921686881e-01,-1.034682301118839964e-01,2.550534081290145583e-01,8.937485708860107847e-01,7.019501334920780211e-01,9.316504029408803067e-01,8.841705955973185871e-01,6.968904031442253455e-01,8.508316058623059952e-01,-7.726435743210012530e-02,7.648768894934082629e-01,1.076393811129627981e-01,6.212033456849378604e-02,6.021824159821731470e-01,-3.698116587219509310e-01,-5.455861157937602623e-01,-5.267079560475969036e-01
3.141297417374023238e-01,6.569309247202395063e-01,7.304143765329650095e-02,-6.059477484116589929e-01,5.587211364432865812e-01,8.005919251243878154e-01,-3.796673944049628879e-01,-3.683503569725559146e-01,8.860767536465076200e-01,4.800823306388643519e-01,-5.951669325692051649e-01,-1.143486566195704365e-02,1.000000000000000000e+00,3.109846636976080700e-03,-7.905147215991127352e-01,2.440764067189607478e-01,-3.262256101812744946e-01,3.464069104849789582e-01,6.003373445744880632e-01,-4.259004288405818794e-01,-6.711466563049945933e-01,4.321067954492062158e-01,6.582824755536743622e-01,-4.095276758124704597e-01,-2.281743972655890240e-01,-7.076946268872786883e-01,-3.385117718090130401e-01,-7.206311612798714794e-01,-4.104510652319038333e-01,-5.327844014327655087e-01,-6.355311491244344246e-01,6.039289321904281471e-02,-4.045834529538798185e-01,3.983367553601656064e-01,1.073482529590593787e-01,9.022871104630126871e-01,1.453732134700993217e-01,5.254570061793489844e-01,6.324335816202830696e-01,1.368876283431811614e-01,-4.607649303991327994e-01,-6.603044939643855082e-01,-6.752196608385371279e-01,-6.113271707985904468e-01,7.677983448014510937e-02,-6.789007405195830458e-01,3.425072131594270736e-02,-6.693850319720804354e-01,2.186497427921135495e-01,6.943920059374119047e-01,2.325942218826309027e-01,4.691491523543954156e-01,-3.451480918739953108e-01,-2.295199861817913134e-01,6.642178494926613830e-01,6.347228468484856778e-01,-4.328215561302078407e-01,1.866777565121919835e-01,9.209609380420776814e-01,-1.153904019455955082e-01,-4.501716767254545504e-01,7.460063302107753369e-01,6.002412389826795591e-01,-5.040053220125024769e-01,3.196773348898412220e-02,9.435609260628267103e-01,1.461039876064513521e-01,-5.694899570469298400e-01,5.136033328707468870e-01,7.324015041044490415e-01,-4.285500597506227138e-01,1.416976139297802806e-01,-6.668485312036597223e-01,-7.548879707498120650e-01,-2.737513321761129714e-01,-8.731620204156956833e-01,-4.879308007851866913e-01,-4.010855925694525870e-01,-5.035359265921641736e-01,2.911457189708334670e-01,-3.316277328866455432e-01,6.905534333921758972e-01,3.241771633818513187e-01,8.403468486781539015e-01,5.698650180118437492e-01,6.475080420092228506e-01,9.637365150726329155e-01,6.153069625989289193e-01,7.496734295729539088e-01,4.225838097489350020e-01,2.985847855517160809e-01
4.308144173078619077e-01,6.081708424376630617e-02,8.719624472090049538e-01,7.765223453323130687e-02,-5.016559242858390499e-01,4.693566497479720323e-01,8.851221966830837840e-01,-2.946129963720344747e-01,-3.135334025993288254e-01,7.863621835008557381e-01,6.301574275534977954e-01,-5.461896823297580639e-01,3.109846636976080700e-03,1.000000000000000000e+00,1.752799342589027032e-01,2.643438956549184482e-01,4.361888027482499486e-01,7.798606495710660447e-01,6.436482486091850419e-02,5.573343307220293141e-01,-4.992438866433580036e-01,-6.195170385281847381e-01,-1.655517891091405902e-01,-6.064802643165387863e-01,-6.105337951003884100e-01,-2.904732912428066860e-01,-6.943920642826197920e-01,-8.611454026803175288e-02,2.362939823053021235e-02,6.390810677573096621e-01,-2.136233305491889722e-01,6.868583024092674849e-01,2.145925787458713152e-01,5.565067191449645234e-01,1.511019755447424173e-01,-2.772206366635877189e-02,3.788776895061847227e-01,-3.417651606841147216e-01,7.153193821860398538e-01,-3.492608447611381117e-01,6.830426290424521651e-01,-1.074418399648769951e-01,6.235151990854879145e-01,-2.363977996127695214e-01,-6.177611575052204262e-01,-2.730698424288875992e-01,-5.870559350969117851e-01,-7.151621866795401239e-01,-3.463916485807351786e-01,1.340013002134434472e-01,-1.896864912317240415e-01,8.129736637965954138e-01,8.039674331058173085e-01,6.550143044372688239e-01,5.881101111186983754e-01,-6.147169629933894042e-01,-3.758411809679312321e-01,7.769246998023693340e-01,-1.640344140956103980e-01,-8.440799603814854724e-01,3.489161663324472085e-01,5.732656642652990131e-01,-7.353320526114818234e-01,-4.566191078876286058e-01,7.412460684947629330e-01,6.609227261980335499e-02,-9.304412126651353532e-01,-1.519247244407126614e-02,6.330790691751659871e-01,-5.471888511006340883e-01,-7.478788054858322987e-01,-1.546450770576763833e-01,3.343667220710329624e-01,-5.728585006687764158e-01,-1.926549189089147296e-01,3.969988650718534462e-01,5.341585485230482266e-01,-5.826221813547467487e-01,1.128524305777016748e-02,-5.782005904797519191e-01,-2.533705649798689286e-01,-4.272423511365182613e-01,-1.479573708020680833e-01,4.695923148610396947e-01,-2.133751450917626136e-01,5.545321669194561709e-01,-1.882129942652429055e-01,-6.073257470821576826e-02,1.755984781484833390e-01,6.102662523271608075e-01,1.570275329538700360e-01
-1.490849734970681739e-01,-4.122075661527939139e-01,1.584475868742051541e-01,9.106964085047346558e-01,-1.944848580987974807e-01,-7.058667650711152319e-01,5.712967487050382154e-01,7.270541063097563095e-01,-5.843194085195290155e-01,-4.427209076331132809e-01,8.584430470891102338e-01,3.777836815243750257e-01,-7.905147215991127352e-01,1.752799342589027032e-01,1.000000000000000000e+00,3.792848535306757030e-01,7.638449175521061507e-01,1.750434496389260963e-02,-6.136119368409153479e-02,7.205882884544885236e-01,4.879946982711484416e-01,-3.239909412779173881e-01,-2.920006142378984149e-01,2.888085229830006373e-01,-2.990246135710187270e-01,2.467887457406289509e-01,-1.796681300129379377e-01,2.313309427406105567e-01,-1.588628863796693602e-01,2.536943361752391213e-01,5.111048092254230624e-02,-3.164646495756182620e-01,-1.356912349959479847e-01,-6.152935223939868248e-01,-6.068150523830480036e-01,-9.378725495529305345e-01,-5.528313553252136581e-01,-9.050220911130958390e-01,-2.621673994093181581e-01,3.363536523179792015e-01,7.697873737067625344e-01,9.048315881780966130e-01,7.096463721612596975e-01,8.160428426573050897e-01,2.272158475401206412e-01,8.560518557791743088e-01,3.086600999375199161e-01,4.057375654263150611e-01,2.670508552074649100e-01,-1.424004438993222432e-01,3.001754214090229800e-01,-1.509315510938848415e-01,5.886150951567084011e-01,-5.520429775798317562e-02,-2.420372923600742909e-01,-7.432742785163517496e-01,-1.728153385966845756e-01,-2.908222370852009409e-01,-7.165075899087067768e-01,-2.982056239005398957e-01,-3.014128151226342246e-03,-5.833205162255644671e-01,-5.995891080158982644e-01,-7.700957384038688291e-02,-2.035419961264114397e-01,-6.606995708204826956e-01,-4.134781983496241820e-01,7.363671981268944157e-03,-5.119373853603133018e-01,-6.551867179986975431e-01,-2.427734011595755401e-02,-6.737623259410219223e-01,2.418894532305655154e-01,3.638769082353356943e-01,-3.388813283367991258e-01,8.404829891625748006e-01,8.585392044896819064e-01,5.958805345216535709e-01,8.808090121981597687e-01,7.954902456625945195e-02,7.186648901355378039e-01,-3.101290157802964464e-01,2.382573319630742759e-01,-4.492463151129603705e-01,-4.749562300830977718e-02,-1.204023006915333205e-01,-8.184283763642915543e-01,-1.119057780910484162e-01,-7.533170472418523334e-01,-3.646954017239247281e-01,-5.175165767935887562e-01
2.281288713561622772e-01,3.393523518032145470e-01,3.365467263298307921e-01,5.365001802770038575e-01,5.511996118180093607e-01,7.083454816750545113e-02,3.149002452136681063e-01,6.151716342771528234e-01,4.148846349664505606e-01,-5.884472817971154318e-03,4.554519996515718483e-01,6.053802603890267031e-01,2.440764067189607478e-01,2.643438956549184482e-01,3.792848535306757030e-01,1.000000000000000000e+00,7.233388112649902224e-01,5.028962381663587555e-01,8.195473797748621392e-01,4.815360453783436578e-01,-1.873807397234386052e-01,1.876347117210969695e-01,4.922373434055235530e-01,-1.740205370266247886e-01,-8.147948889254543747e-01,-6.635952486525953375e-01,-7.819197481663137106e-01,-7.219000057127160641e-01,-8.674299473195047350e-01,-4.128123938522344494e-01,-8.735408489636515839e-01,-4.343124005691861855e-01,-8.355496140394661486e-01,-3.954810571655479334e-01,-8.123027367172120927e-01,-1.279922210667610860e-01,-6.732191369541145054e-01,-6.406836019270488736e-01,5.196426678451697700e-01,7.560977960323556069e-01,5.162290489617721301e-01,4.490365004445760477e-01,1.027740641578086533e-01,3.864079325722105662e-01,4.816017637308902533e-01,3.418835475918427513e-01,5.642282391712540868e-01,-3.447260538222155501e-01,7.693571335421265367e-01,8.235371031457859869e-01,8.422193488454874366e-01,4.444936665539094278e-01,3.946756137172998669e-01,-4.579013729049214998e-01,6.130413508164540559e-01,-2.015975308663841004e-01,-9.285547321040359403e-01,-2.106742912333642581e-01,2.721769371903115520e-01,-6.185122948661005982e-01,-7.179418269460423607e-01,1.768566428656432599e-01,-9.735742856543057322e-03,-8.744912512473759225e-01,-3.160267789399305860e-01,3.722609878626989555e-01,-4.017600976284332326e-01,-8.544194630053498773e-01,-6.081972109499963336e-02,8.590801162295247373e-02,-6.742534644690117984e-01,-8.558895384474487500e-01,-6.391633170391622931e-01,-5.498033481852240278e-01,-9.530967080472064756e-01,6.272524017431608916e-03,6.167313198336756841e-01,3.599783266001452819e-01,6.437631559251951741e-01,5.856192737551464411e-01,6.540229454146012644e-01,5.617078460629733039e-01,8.746514717386347781e-01,5.385242665075044011e-01,7.943245813842924052e-01,7.738970398268778528e-01,1.612557483023786542e-01,7.550336469804181938e-01,-5.077192675308345865e-02,2.288794029339872443e-02,-3.783643341997182663e-01
1.019369608177663061e-01,-7.257326566385177702e-02,4.422582690955731977e-01,7.698798771335582103e-01,1.436372547752261947e-02,-2.578395144699287544e-01,6.659142426394385472e-01,6.085673602547078120e-01,-2.136793148848716573e-01,-6.630408813148613856e-02,8.238332882117230804e-01,3.516986836623682278e-01,-3.262256101812744946e-01,4.361888027482499486e-01,7.638449175521061507e-01,7.233388112649902224e-01,1.000000000000000000e+00,4.659117135455272951e-01,3.000221336682173390e-01,8.605897728274944924e-01,7.689232252836686321e-02,-3.370390893897296514e-01,-6.871522076416159558e-03,-9.201094428349614052e-02,-6.843646321492984352e-01,-2.430542102663431903e-01,-6.507496729614543618e-01,-2.591288849490309687e-01,-4.633707574035511034e-01,1.083579614430267846e-01,-4.043153857064369916e-01,-2.079690977349876457e-01,-3.955655459550595499e-01,-3.931898246404788022e-01,-6.721305416362182150e-01,-5.955076996170698411e-01,-5.267574378046019357e-01,-8.742376077143916291e-01,2.519539441269061930e-01,4.471592926463853757e-01,8.289261162918816206e-01,6.883266587282332871e-01,5.854472652452056280e-01,5.740905679198913258e-01,1.963250773710446540e-01,5.739640135446456570e-01,2.838649417482901893e-01,-9.416465246107079412e-02,4.083428173741747713e-01,3.150570218085986252e-01,4.914446585687095581e-01,3.209871338858093504e-01,7.154590291128920532e-01,-7.047839168925536246e-02,2.745307378359076456e-01,-6.657493849400979435e-01,-6.148919414200566536e-01,-7.885872606594374057e-02,-3.059494753912297416e-01,-6.470522189934290180e-01,-2.503801028856359467e-01,-1.027019325092128899e-01,-5.166109202580502213e-01,-5.617533767367506314e-01,-7.521326883385395790e-02,-1.754336368662435253e-01,-6.394331031885982508e-01,-3.991030670828513149e-01,-1.623653755766554796e-01,-4.470068979456591762e-01,-4.923130851805044839e-01,-8.017182539264308128e-01,-7.187139391117493281e-02,-1.708443963133000343e-01,-6.552391341679316694e-01,5.682296418028491836e-01,8.846225771307478780e-01,3.629421676087316029e-01,7.897598347289985776e-01,1.767534743450759893e-01,6.344372052708826537e-01,-2.184625120992600422e-02,4.821370225501430684e-01,9.572384205895317910e-02,2.697590806667749530e-01,4.034481705670558416e-01,-4.173133212907248479e-01,2.601561163428353640e-01,-4.023348277771056636e-01,-7.638270362635919686e-02,-4.328620914912166828e-01
