1.000000000000000000e+00,3.838358370194446256e-01,4.434909504264579194e-01,5.395914101284332576e-01,2.910542088444003084e-01,3.358162159709320305e-01,4.353571441070731018e-01,4.179684855102806518e-01,3.161752604100755426e-01,2.654755000510221619e-01,-2.116737211458776524e-01,-6.185219721961766198e-02,-3.662699645780816415e-01,-2.971389732734531219e-01,-4.372711273021893247e-02,-2.270062662284912658e-01,-6.891549442567643236e-02,7.764359576990385869e-02,1.717636072090261146e-01,-1.451822104214828268e-01,-3.137277177114430327e-01,-4.720335346970190582e-02,-3.128532194632516750e-01,-2.702278352188535182e-01,1.557490285231507010e-01,-2.243814694738255622e-01,2.081598875037680707e-01,1.390808623180896375e-01,1.118596139222118174e-01,3.308597987498980153e-01,2.173028984050007772e-01,1.992621862554809151e-02,2.541411660128238270e-01,2.428687970666283946e-01,1.602964851689468173e-01,6.205044182319360141e-02,1.344463798092638274e-01,1.090265282432639482e-01,8.302306142894785856e-02,3.683768993791158766e-03,1.168210552659587897e-01,1.352199337067770402e-01,2.008685616221609488e-02,7.466752473031523785e-02,7.441019821239762411e-02,-6.937933229864375224e-03,-5.488678028842057088e-04,-1.021816268048912207e-01,-9.184596007914891391e-02,-6.600563817982015025e-02,-1.270234065444916238e-01,5.554716870423398629e-03,4.649806184812238508e-02,1.442019441713510153e-01,7.367818410122588257e-02,2.554184186725524247e-02,8.335775300970288404e-02,1.110956316924511245e-01,-6.335298138393776098e-03,-5.730370143492494878e-02,-6.003798794777084197e-02,-1.203646412377073691e-02,-6.684919518194981647e-02,-5.235098759228174782e-03,-5.665046218473047783e-03,-9.627749802362164933e-02
3.838358370194446256e-01,1.000000000000000000e+00,4.235693103365542056e-01,3.795513407210183154e-01,5.682006023797819827e-01,3.441117209323049653e-01,2.370131673493919011e-01,4.955934236478663490e-01,7.244311623374855014e-02,-8.935492427573094032e-02,-2.549638253905799345e-01,-4.099388368116101411e-01,-3.688025076875669495e-01,-3.273700154038011179e-01,-4.399999982345912386e-01,-3.438602437779352816e-01,2.875694539958714713e-01,2.062929650852537988e-02,3.702760203500050085e-01,1.688295551487574431e-01,-3.046660706440021960e-01,-4.310597577672569680e-01,-4.224382355771198472e-01,-4.507671546976590310e-02,4.833104816740779186e-01,-1.717804332109394982e-01,2.252465438968972999e-01,-1.881823816284132755e-01,6.264268273148351773e-02,3.918562652337117536e-01,-2.256844294691021796e-02,-6.306050800888587764e-03,3.602263480763762127e-01,2.575690872518947017e-01,1.968070516411992987e-01,1.234245216485901214e-01,1.390404479692819995e-01,-7.746492113164572119e-03,-4.946287599494832848e-02,-7.747838053876964469e-03,1.152151353681941104e-01,1.252029029954104533e-01,-5.968600113460976325e-02,7.918871612848480150e-04,6.193783281841288429e-02,6.803412426028491999e-02,1.688606679609393549e-02,-5.738196829421868278e-05,-9.029457628805256930e-02,1.052171790081183125e-02,-4.157344374924774703e-03,-3.340108525556217262e-02,4.010332552987910804e-02,5.980422945880832508e-02,-3.477706451939466953e-02,-9.230760382663643140e-03,4.091704877013483538e-02,-1.094087980494090964e-03,-8.612600421649592181e-04,-2.564659815082270811e-02,8.592774795700075519e-02,7.069092143460885269e-02,3.230969926234341597e-03,5.063742296161081319e-03,2.661552237759614789e-02,-8.159490801075081068e-02
4.434909504264579194e-01,4.235693103365542056e-01,1.000000000000000000e+00,3.929956575953609255e-01,3.195441818875534024e-01,5.782008609900937124e-01,2.966456620668207478e-01,4.915273063646323215e-01,4.910327283902755080e-01,8.489407324282369216e-02,-4.665222497202949903e-01,-1.996203889209460514e-01,-2.763329455507573251e-01,-5.071782454973104981e-01,-1.551783977799618131e-01,-1.501655555360789998e-02,1.702257685936587051e-01,4.096169133323254163e-01,4.077806078391646993e-01,7.749499273103742369e-02,-1.784732352310607895e-01,-1.683183400271821839e-01,-5.182031000226315909e-01,-4.851561125953779974e-01,1.143594880571065092e-01,-5.634124864059670834e-01,-9.921504925758083127e-02,-6.821988974225602631e-02,-1.796507969951252892e-01,2.810134308584149032e-01,1.028452840595187184e-01,-2.602077503654989798e-01,1.396548299899342815e-01,3.281328962825296736e-01,1.687164624699394599e-01,3.749321161498472832e-02,1.049035605342715921e-01,7.556432602534433884e-02,8.899184175708967082e-02,2.319904785687553275e-02,1.664465634471340993e-01,1.751546207387100762e-01,2.044404604198510333e-02,5.426586470264695150e-02,1.645970700826192290e-02,-2.773898676692890600e-02,7.261920752924069800e-02,2.613249670505555025e-02,-6.792732435062660487e-03,7.179194420378634534e-02,-3.022417662041483252e-02,-8.235311127934522024e-02,-2.943004822355635083e-02,2.473279139329279119e-02,-1.891729479476278106e-02,-6.138453488590270291e-02,-3.263911474128351753e-02,-1.216799059060492960e-02,-6.827939296881271880e-02,-2.244864552817637041e-02,2.630345730448811412e-02,4.620832986580700880e-02,-7.420227883939104797e-03,7.057769429230024982e-02,6.899940993868483412e-03,-3.638155247449866014e-02
5.395914101284332576e-01,3.795513407210183154e-01,3.929956575953609255e-01,1.000000000000000000e+00,3.429973035752914012e-01,3.618679522285400130e-01,6.590240596455319011e-01,5.044323742832432789e-01,3.517942371979471683e-01,4.530795964540154097e-01,-1.395054836257259012e-01,2.077450606466850133e-02,-4.891654012247544370e-01,-2.569227074048251458e-01,3.506515715420283757e-02,-3.645299787839731409e-01,-2.379847213426661834e-01,-3.378078345729147725e-02,9.009738096897466908e-02,-2.937050074615386031e-01,-4.442182581439322875e-01,-1.435543490966675363e-02,-3.465099696937646301e-01,-2.973963775527383446e-01,2.101706568840484568e-01,-1.948621237268973183e-01,4.353244097713760419e-01,2.878547314116229328e-01,2.739088909589524334e-01,4.694954690748149861e-01,3.633497439613238011e-01,1.505080193000224997e-01,3.787765817940030311e-01,2.923590371922061282e-01,2.220883180235051768e-01,1.329186666066324851e-01,2.008684046318235383e-01,1.379695370216240113e-01,8.607223662667187747e-02,-1.896907918575548024e-02,1.325613328034896399e-01,1.480495927064529038e-01,2.960535897137636652e-02,8.362905458093970734e-02,9.826401093860975822e-02,-6.666009792314232102e-03,-5.864988802193138451e-02,-1.901843649406305681e-01,-1.479168526744704393e-01,-1.633769823885664330e-01,-1.836586678627906144e-01,7.131793872305766668e-02,1.155862336240425781e-01,2.313860432566263170e-01,1.490832288893886859e-01,8.963223600606971819e-02,1.438440626465259387e-01,1.997931350667379868e-01,2.529672355541060999e-02,-5.828041247019699611e-02,-8.828394095990750590e-02,-6.583754949139304646e-02,-1.512704556297954361e-01,-6.724388774506588617e-02,-5.695012932382959026e-02,-1.888885395247534293e-01
2.910542088444003084e-01,5.682006023797819827e-01,3.195441818875534024e-01,3.429973035752914012e-01,1.000000000000000000e+00,3.274527575107581967e-01,2.463668191321502499e-01,5.651819415421415194e-01,-5.357812207430430462e-03,-1.328797102059122159e-01,-2.038669991935682380e-01,-4.887124466681432855e-01,-4.778724887215785033e-01,-2.654969200755626924e-01,-4.269588501841733441e-01,-4.815254056860562848e-01,2.119074688842029208e-01,-5.267352004822046380e-02,3.031629335965427829e-01,2.049013093241758288e-01,-2.334071970530507689e-01,-4.212753272534600080e-01,-3.573005938585122609e-01,3.311222660938657747e-02,4.966886173795332926e-01,-1.021439893145602434e-01,2.617904543977997434e-01,-1.856458578253521452e-01,9.733273713807162608e-02,3.699867606857660252e-01,-3.345683378030463867e-02,4.616710609090997341e-02,3.677112009560787875e-01,2.828265183820745654e-01,1.630622409931934691e-01,7.575194920627077722e-02,1.178133646429175840e-01,1.363050265505846154e-02,2.742038862147567883e-04,4.052660841306322814e-03,1.512098505412762528e-01,1.396542080102947114e-01,-4.383632805904153634e-02,4.152303752835626721e-02,3.894167671225421540e-02,-7.029743614209968232e-03,2.770077977516382378e-02,-3.294856866389622024e-02,-2.162112065605591854e-02,8.646572132773273217e-03,-5.952368800751796363e-02,-4.274969451520001240e-02,3.585666759974409298e-03,5.719199460024696618e-02,2.023547497441785872e-02,-3.288700258475722726e-02,-3.585473843505627913e-04,4.547960971152808368e-02,-6.559311807001408368e-02,-7.406341228143067945e-02,5.643924277381071747e-02,5.138227917271877276e-02,-2.095135702621050283e-02,3.786324296787247495e-02,1.286328075048047762e-02,-8.539723778773999907e-02
3.358162159709320305e-01,3.441117209323049653e-01,5.782008609900937124e-01,3.618679522285400130e-01,3.274527575107581967e-01,1.000000000000000000e+00,3.055104653616341204e-01,6.399620096731777341e-01,5.756180513876038018e-01,2.756768446911053022e-02,-5.784686559598650746e-01,-2.844046525548752924e-01,-4.215577274071401481e-01,-5.492503653421989540e-01,-1.514251886005496817e-01,-1.063204589502123737e-01,1.357560642578728161e-01,4.718987966505604481e-01,4.661176424266643137e-01,2.354089337792752701e-01,-1.061401682383889822e-01,-2.210078851954546120e-01,-5.990097872619295494e-01,-5.268068634372700121e-01,1.359189254392372537e-01,-6.176269004773355942e-01,-1.387405575568662064e-01,-1.227314125503111558e-01,-2.467589169985777986e-01,2.666357745415100511e-01,1.010267602341596710e-01,-2.869822432488652320e-01,1.187668247337933386e-01,3.330930518180809097e-01,1.242899189056909381e-01,4.484011444211244424e-02,1.059711234462868551e-01,1.625020533049076343e-01,1.681762958306463052e-01,4.595768068642773485e-02,1.966206990954226796e-01,1.592681593684908969e-01,2.282315402711555113e-02,2.808294330344621170e-02,-6.153157610762300528e-02,-9.634582859033267999e-02,3.650695268303913443e-02,1.617533854187535799e-02,6.021497131340524528e-02,7.055322890246548684e-02,-5.353504285204838814e-02,-6.393056274490577229e-02,-4.106464590356684319e-02,1.422588647276835233e-03,3.885065697425595793e-02,-5.413974632988176328e-02,-8.381440870381290376e-02,-8.913726813365701468e-04,-1.003437611923056194e-01,-4.238493417641703287e-02,-1.613545311440541669e-02,1.058647584838282550e-02,-1.238171045326930987e-02,9.102387448861913588e-02,-2.684105478154846097e-02,5.370913073397225526e-03
4.353571441070731018e-01,2.370131673493919011e-01,2.966456620668207478e-01,6.590240596455319011e-01,2.463668191321502499e-01,3.055104653616341204e-01,1.000000000000000000e+00,4.707882933025416827e-01,3.371532967143091031e-01,6.180712239761613214e-01,-4.309932613535329138e-02,1.210305804326804041e-01,-5.011472454366922014e-01,-1.416689839932641082e-01,1.198627420781477881e-01,-4.120570949858194387e-01,-3.648595604366379752e-01,-1.107437836865214908e-01,-8.763805679601872900e-02,-3.920399046666436793e-01,-3.884609104660783907e-01,-3.525772574766172784e-02,-3.227867872218422862e-01,-2.590240682736062450e-01,2.307205437051651209e-01,-1.314729433698262617e-01,4.742290992344300182e-01,3.581429520745011419e-01,3.313110869787530000e-01,4.855489342509526907e-01,4.381929977379946939e-01,2.247927974819346753e-01,4.153433358473982429e-01,2.657321467332496856e-01,2.545716315669947494e-01,1.684049342305194708e-01,2.577248844971876118e-01,1.740753904504435956e-01,6.552384396046624648e-02,-6.495302577181782944e-02,5.659977216250713927e-02,1.111823305104986115e-01,7.453578101627711394e-02,1.077178333700206797e-01,1.355131689489625091e-01,4.328845472827480730e-03,-1.172707822345904066e-01,-2.669194667205257443e-01,-2.002362546830263046e-01,-2.444925607391348621e-01,-2.364435265414238374e-01,1.309157588668744820e-01,1.865781355510331696e-01,3.040344604334785927e-01,2.010353005630592105e-01,1.595617497487968328e-01,2.212392730968804622e-01,2.758252578157413537e-01,8.056046784388988524e-02,-5.987389444104011804e-02,-1.327738141694813634e-01,-1.353800544078819224e-01,-2.200934492738205461e-01,-1.359714726321931133e-01,-1.049962808911000800e-01,-2.404952362476575345e-01
4.179684855102806518e-01,4.955934236478663490e-01,4.915273063646323215e-01,5.044323742832432789e-01,5.651819415421415194e-01,6.399620096731777341e-01,4.707882933025416827e-01,1.000000000000000000e+00,3.269212059493846745e-01,6.812606768999512896e-02,-4.240662946798077759e-01,-4.083392228177354366e-01,-6.384570571425798313e-01,-4.706909746319130616e-01,-2.851746010481278626e-01,-4.480268843662029710e-01,9.961107351700961010e-02,2.057310383941244325e-01,3.500481355019943175e-01,1.197902120282832578e-01,-2.337723111104946794e-01,-2.903307164926129391e-01,-5.130067554765073146e-01,-2.768389589145335283e-01,3.523066553435690862e-01,-4.005991925322082148e-01,1.403704008763868027e-01,-1.229913794698689750e-01,-1.145598361780215783e-02,3.784076613929417965e-01,9.516667796861648376e-02,-7.040621505578815997e-02,3.290291463759871249e-01,4.095047242524577635e-01,2.152956598868603078e-01,4.703969266072412225e-02,1.395136209209772715e-01,1.032422288916511749e-01,9.828324414155258093e-02,3.786872695598263866e-02,2.363525482318721282e-01,2.115246783714265777e-01,-3.465611696507157197e-02,4.799739365990688539e-02,2.861031614895521297e-02,-3.600390638343017868e-02,4.146654377258600366e-02,-4.511316232731944070e-02,-2.644439328731531744e-02,1.674270905883494878e-02,-1.025356629268104891e-01,-6.338937886754336670e-02,-2.394493288989734629e-03,8.976271491973579486e-02,5.257115062185172688e-02,-3.565485376104865489e-02,-2.878447931641195303e-03,6.437043844185107166e-02,-6.954958583229631230e-02,-7.614798769602158790e-02,-1.833091535051992876e-02,3.021590536299633908e-02,-3.878306143539705930e-02,6.163402373632841103e-02,1.205793970803206543e-02,-8.647776652022735877e-02
3.161752604100755426e-01,7.244311623374855014e-02,4.910327283902755080e-01,3.517942371979471683e-01,-5.357812207430430462e-03,5.756180513876038018e-01,3.371532967143091031e-01,3.269212059493846745e-01,1.000000000000000000e+00,3.129577496532796599e-01,-5.068250308458290831e-01,1.530738595388589363e-01,-1.957694856764984059e-01,-3.667517155709775212e-01,2.754920336385021651e-01,1.908257333692939262e-01,-1.840845644461052699e-01,4.342890929116654530e-01,2.714666119325828131e-01,-1.077804388265529018e-02,-1.237161675466875860e-01,7.903154759606002833e-02,-4.746944041884733068e-01,-7.025665093447174270e-01,-1.720469318547430404e-01,-5.749265742339199070e-01,-1.392946344477767329e-01,1.997476386108414104e-01,-2.014081752941786208e-01,1.772664016697793887e-01,3.229920793367422327e-01,-2.391583223416922921e-01,-2.316495739596872300e-02,1.872763825715055286e-01,4.964555041648937433e-02,6.421884105322481218e-02,1.182981660984320088e-01,2.526553787322133315e-01,2.394020443197003023e-01,1.108735107575390365e-02,1.008581897027019669e-01,6.498022531450454997e-02,1.172211205386284316e-01,3.429729211109990017e-02,-9.030247277724710864e-02,-1.410744625923208706e-01,-4.904682686050972767e-02,-7.367472297381605362e-02,3.547537156635777872e-02,-5.355500861127410195e-02,-1.104560512674674644e-01,5.357561450852178775e-02,2.150285217909322227e-02,6.384032828796518122e-02,1.460706938090521045e-01,4.908164042080438022e-02,-3.100334572055249774e-02,8.722308702512186762e-02,-5.421094630873433268e-02,-1.097463767286563840e-04,-1.020978927425174737e-01,-1.110131530780389536e-01,-9.781398848506771271e-02,5.294070925452041936e-03,-1.119507602527189949e-01,-7.371480537541682740e-03
2.654755000510221619e-01,-8.935492427573094032e-02,8.489407324282369216e-02,4.530795964540154097e-01,-1.328797102059122159e-01,2.756768446911053022e-02,6.180712239761613214e-01,6.812606768999512896e-02,3.129577496532796599e-01,1.000000000000000000e+00,1.088134289037080565e-01,5.012493972873913739e-01,-1.697391833553823226e-01,1.190871109936466887e-01,4.347991869241679685e-01,-1.080170297034726556e-01,-5.644836527269033732e-01,-1.832530639432708719e-01,-3.416587902554685252e-01,-5.665607829265170148e-01,-2.702967793779925687e-01,2.228073386566086223e-01,-6.543633087197432696e-02,-2.451696599980980884e-01,-7.195890671004734340e-02,1.759715741085900176e-02,3.893616055259918607e-01,5.377177453166720467e-01,3.305908887761862536e-01,2.839124702447073378e-01,5.005060672279991740e-01,2.559325755576529748e-01,2.130015238581409454e-01,5.838485441032459367e-02,1.489606251065383746e-01,1.525172392475217797e-01,2.176854682479021641e-01,1.948254557671475762e-01,8.541731147938608215e-02,-8.754008955312843343e-02,-6.458699495543347713e-02,-1.092816593054748465e-03,1.457612045228119380e-01,1.006463079788539189e-01,1.030743465080844884e-01,-2.235861929378881591e-02,-1.739301147583043050e-01,-3.009142600674634682e-01,-1.971120714089688031e-01,-3.109298835228091473e-01,-2.245386398301061626e-01,2.137152243555932307e-01,2.153201775731179712e-01,3.026626665031182384e-01,2.476855030248061029e-01,2.159014060429973458e-01,2.374576122365927022e-01,3.041994961075877857e-01,1.280942717379592033e-01,-1.024841874063837054e-02,-1.862909173796456763e-01,-2.089240203237615612e-01,-2.528865304788426305e-01,-1.853736318602544619e-01,-1.483353998038967614e-01,-2.200759379277792971e-01
-2.116737211458776524e-01,-2.549638253905799345e-01,-4.665222497202949903e-01,-1.395054836257259012e-01,-2.038669991935682380e-01,-5.784686559598650746e-01,-4.309932613535329138e-02,-4.240662946798077759e-01,-5.068250308458290831e-01,1.088134289037080565e-01,1.000000000000000000e+00,3.828386759473402234e-01,3.155657760792507371e-01,6.960086410283725655e-01,2.529555035839101684e-01,-5.554217410313654762e-02,-3.571287180749909140e-01,-5.689513721671463076e-01,-6.235549521824174102e-01,-3.634965199878870123e-01,4.663084639396847947e-02,9.371096181078160392e-02,4.144198227465385465e-01,4.532645519439861270e-01,9.864867775827431198e-03,5.193040805047342001e-01,2.556009125679319371e-01,6.396261857023645414e-02,3.103201583013436293e-01,-8.748068499381313201e-02,-6.873555039044247639e-02,3.252901126706984059e-01,6.667531165487521061e-02,-1.925206456109544439e-01,4.134911633864585961e-02,2.440863915231803252e-02,4.295944529345876312e-02,-1.236909809258859294e-01,-1.509858578510134552e-01,-3.122275055090662638e-02,-1.376042462632483532e-01,-2.456540543348802175e-02,1.526498087750806192e-02,9.040730739826000062e-02,1.803902731741246213e-01,1.125885671679028449e-01,3.511902836180985470e-03,-1.046671913480498595e-01,-1.207738689363286461e-01,-1.393089680296937249e-01,-7.815787486119973870e-02,4.304971229014482176e-02,4.873658263764921866e-02,1.033129710811754448e-01,-1.805291901118888376e-02,6.092114025631276825e-02,1.796889453766557787e-01,8.925621992858054354e-02,1.067263147304047533e-01,-2.086494490712818145e-02,-4.473369911234047896e-02,-3.933793940237990255e-02,-4.299381679319011496e-02,-8.225053232411540238e-02,2.298592467986927332e-02,-1.149850551566223567e-01
-6.185219721961766198e-02,-4.099388368116101411e-01,-1.996203889209460514e-01,2.077450606466850133e-02,-4.887124466681432855e-01,-2.844046525548752924e-01,1.210305804326804041e-01,-4.083392228177354366e-01,1.530738595388589363e-01,5.012493972873913739e-01,3.828386759473402234e-01,1.000000000000000000e+00,3.074812880663256309e-01,4.415807562477834236e-01,6.869836350410339909e-01,3.157597884175386560e-01,-5.984548609042222855e-01,-1.510130065748610251e-01,-4.859379701507520743e-01,-4.478971245175707439e-01,2.935624218252377154e-02,3.580926997419105473e-01,1.737524495200062635e-01,-1.447973057215576342e-01,-3.533159773634352296e-01,1.130747955128827420e-01,6.258331326385437043e-02,4.014244188147620407e-01,8.394773535462318748e-02,-7.914782544946975806e-02,2.793079950487286078e-01,8.220242658673937441e-02,-1.377107237773114445e-01,-1.867961697065865234e-01,-2.205646773848349285e-02,5.488482398189057504e-02,9.364609674690599350e-02,1.552023317588523410e-01,9.257379720684784374e-02,-9.470859878918985730e-02,-1.523086747158150234e-01,-5.646898988642792133e-02,1.996601501404208778e-01,1.237493916184374959e-01,7.100981378172267766e-02,-5.508258967975753623e-02,-1.115089626230705289e-01,-2.005598899840872751e-01,-9.085922072406932282e-02,-2.257964706768516572e-01,-1.749692027119641169e-01,1.425762891525488574e-01,1.114095068179708353e-01,1.794292541055817758e-01,1.621406262035182122e-01,1.433098956774992716e-01,1.632346853869003911e-01,1.837966911300250861e-01,9.023526163023541657e-02,-1.731369013031804766e-02,-1.794604099025164934e-01,-1.827739735329731441e-01,-1.538209508857363295e-01,-1.155681529405754443e-01,-1.327591433088356199e-01,-1.032451128778956728e-01
-3.662699645780816415e-01,-3.688025076875669495e-01,-2.763329455507573251e-01,-4.891654012247544370e-01,-4.778724887215785033e-01,-4.215577274071401481e-01,-5.011472454366922014e-01,-6.384570571425798313e-01,-1.957694856764984059e-01,-1.697391833553823226e-01,3.155657760792507371e-01,3.074812880663256309e-01,1.000000000000000000e+00,4.229745850825961107e-01,1.922338317041275835e-01,6.405824805770881092e-01,7.105757284847075139e-02,-1.109705880173413733e-01,-2.242045340295768241e-01,-1.272459004007983965e-02,2.815890269361868703e-01,9.380096785696676043e-02,3.193674981533425328e-01,1.356871704442559889e-01,-3.176631852225385577e-01,2.026272852182673112e-01,-2.591006310195875795e-01,-4.802289486578114469e-02,-1.518203898831462506e-01,-3.504464656860374339e-01,-2.002299762453582654e-01,-9.863988254857904148e-02,-3.269313099182665217e-01,-3.343650202342647315e-01,-1.413572543893123756e-01,-1.378506418100442464e-02,-9.259135008471171269e-02,-1.019085075447394712e-01,-5.776534682217051436e-02,2.363061870928754964e-03,-1.742952408376733653e-01,-1.194890871039768904e-01,6.714730053380937869e-02,-2.071876429192636565e-03,-2.721208090188450418e-02,2.531842395356373454e-02,4.625514008979455388e-02,1.126494357344139663e-01,8.857538627818040133e-02,5.366867002266268588e-02,1.267522407585952304e-01,-1.272178747557127856e-03,-6.158382524203393632e-02,-1.431557933634337310e-01,-9.441479252438983449e-02,-1.351838199336936018e-02,-5.957238861342475933e-02,-1.221555392392858486e-01,2.490363749155021997e-02,6.503694472897314505e-02,2.754712031678773973e-02,1.299058704136211127e-02,9.003458024096137879e-02,-6.920456372220986198e-04,6.214800960331148295e-03,1.229186975095735296e-01
-2.971389732734531219e-01,-3.273700154038011179e-01,-5.071782454973104981e-01,-2.569227074048251458e-01,-2.654969200755626924e-01,-5.492503653421989540e-01,-1.416689839932641082e-01,-4.706909746319130616e-01,-3.667517155709775212e-01,1.190871109936466887e-01,6.960086410283725655e-01,4.415807562477834236e-01,4.229745850825961107e-01,1.000000000000000000e+00,3.642950053575737535e-01,6.319324811116172613e-02,-4.383355253641194604e-01,-5.799754546516546760e-01,-6.498213820757791082e-01,-2.143573924065573511e-01,1.870490493370609020e-01,1.093933579732063975e-02,3.403276739446200461e-01,3.717420830715780777e-01,-1.473575366483852178e-02,5.148031664333073687e-01,2.109594952126028766e-01,1.204636293065013547e-01,2.317731730715743288e-01,-1.440684858151560221e-01,-3.018421489936179425e-02,2.864239730539704376e-01,-4.085035356407348134e-02,-3.166691146451499628e-01,-9.571020578382720412e-02,6.625829820590348196e-02,4.279981677428359305e-02,-2.969760570988247764e-02,-7.868284747193356188e-02,-7.327065297814296108e-02,-2.143008454570549393e-01,-1.239472386942129106e-01,1.326390273860222069e-01,7.756648293137161088e-02,6.147183703827157480e-02,1.881529611057390942e-03,-8.899033676077727772e-02,-1.511591206984314040e-01,-4.001241648238053339e-02,-1.952479783711566497e-01,-9.287639872786580819e-02,1.294583699794758513e-01,8.032008066604506835e-02,8.336737529760954168e-02,9.288885750167065469e-02,1.294952208248355552e-01,1.240793286326748873e-01,1.341697950458516087e-01,8.844531813003993215e-02,3.293876944143047866e-03,-9.788980658542344171e-02,-1.343122414291423317e-01,-8.903483216311811055e-02,-1.232863090977981413e-01,-8.338615248259916013e-02,-8.189597607139158242e-02
-4.372711273021893247e-02,-4.399999982345912386e-01,-1.551783977799618131e-01,3.506515715420283757e-02,-4.269588501841733441e-01,-1.514251886005496817e-01,1.198627420781477881e-01,-2.851746010481278626e-01,2.754920336385021651e-01,4.347991869241679685e-01,2.529555035839101684e-01,6.869836350410339909e-01,1.922338317041275835e-01,3.642950053575737535e-01,1.000000000000000000e+00,3.200148048755719343e-01,-7.564519281181630861e-01,-6.590346113907084857e-02,-3.912715611366914259e-01,-3.226389156218775200e-01,6.173425593538477835e-02,4.800941930022722959e-01,1.647268980353304157e-01,-2.836740719184290271e-01,-4.753620910856585224e-01,1.103769752090677861e-02,-4.789108346014765705e-02,4.353763525721427996e-01,3.564173170940052732e-02,-1.985026013816609258e-01,3.263374075257888252e-01,7.337785865092169568e-02,-2.473665127077014914e-01,-1.799879160391592847e-01,-1.314035846589183265e-01,1.493957282499571446e-03,5.768755285276177223e-03,1.929277179459336355e-01,2.018893745827649855e-01,1.639045577134855963e-02,-6.051071118883674660e-02,-7.004848626043508331e-02,1.653995081041534088e-01,7.375319213471269453e-02,-5.031786239081897233e-02,-1.420281652178878862e-01,-7.442632764861782657e-02,-1.472928310203727720e-01,4.116862118833120032e-02,-1.681795380185010791e-01,-1.707352290715818677e-01,1.213408675790111635e-01,1.755934460968809271e-02,8.279581655505059701e-02,1.843419406436381247e-01,9.590913284092236757e-02,3.259313610577656284e-02,1.502744435664960521e-01,-3.836000901309661020e-03,-1.013397559556360183e-02,-1.854719802717545163e-01,-1.945274379926149044e-01,-9.541965723125044041e-02,-5.385910091360207597e-02,-9.657375888365422878e-02,1.437465998930055264e-02
-2.270062662284912658e-01,-3.438602437779352816e-01,-1.501655555360789998e-02,-3.645299787839731409e-01,-4.815254056860562848e-01,-1.063204589502123737e-01,-4.120570949858194387e-01,-4.480268843662029710e-01,1.908257333692939262e-01,-1.080170297034726556e-01,-5.554217410313654762e-02,3.157597884175386560e-01,6.405824805770881092e-01,6.319324811116172613e-02,3.200148048755719343e-01,1.000000000000000000e+00,1.755067989406778120e-02,2.727431181931657678e-01,9.693062872413525655e-02,1.095009869640061750e-01,2.196415140822759460e-01,2.686523226550027177e-01,1.231679638272054900e-01,-2.815323737447864016e-01,-5.340902111462024759e-01,-1.661397533712624663e-01,-4.787545946844176115e-01,2.560759824777810237e-02,-3.590981135541944091e-01,-3.702684235175539573e-01,-4.761176307594311430e-02,-2.976668096840691113e-01,-4.524048663149335403e-01,-2.262843072447385251e-01,-1.887682869889878157e-01,-4.861249407950956475e-02,-1.344632468642366352e-01,-5.219802304948368589e-03,9.076377396002724418e-02,6.395009543256814644e-02,-7.458967540600211499e-02,-9.737531854222207517e-02,7.162000754807258673e-02,-2.909271318700272502e-02,-1.315621398422008592e-01,-7.740454855060500960e-02,6.642773960058206972e-02,1.728595208015370754e-01,1.812609600334778026e-01,1.309155740509299892e-01,1.295918271931311705e-01,-3.971946545515485372e-02,-1.389707256602136509e-01,-2.117910889768419846e-01,-7.423130523193245678e-02,-7.572798278633076363e-02,-1.746230796096900351e-01,-1.618326364745707180e-01,-6.926255936957799453e-02,5.565864546372443350e-02,2.429851453376636120e-02,1.512088558354692143e-02,1.281661300825759353e-01,7.889045648552035772e-02,1.157399024786586947e-02,2.151376832395237304e-01
-6.891549442567643236e-02,2.875694539958714713e-01,1.702257685936587051e-01,-2.379847213426661834e-01,2.119074688842029208e-01,1.357560642578728161e-01,-3.648595604366379752e-01,9.961107351700961010e-02,-1.840845644461052699e-01,-5.644836527269033732e-01,-3.571287180749909140e-01,-5.984548609042222855e-01,7.105757284847075139e-02,-4.383355253641194604e-01,-7.564519281181630861e-01,1.755067989406778120e-02,1.000000000000000000e+00,2.678081763779344149e-01,5.185398918192448692e-01,4.499511670793426843e-01,7.991777896111432189e-02,-3.480177797342581814e-01,-1.226461741132511690e-01,1.380113461426965005e-01,2.071361884829522326e-01,-1.518292237233664355e-01,-2.647380182527989678e-01,-4.894176773661634838e-01,-2.913019007906635371e-01,-3.080849450085837438e-02,-3.989124579286615346e-01,-2.871712736300532365e-01,-2.036743480779732926e-02,9.359643534670591958e-02,1.307334167483818407e-02,-6.734154980299186799e-02,-1.079433549443363782e-01,-1.999187688552238329e-01,-1.430273648529656605e-01,1.967102331019525766e-02,4.905795813741883893e-02,3.714844224308128801e-02,-1.476280698227265820e-01,-9.606319846423350128e-02,-3.352829697167089562e-02,8.909695829366492958e-02,1.243979923242058833e-01,2.629794497868580549e-01,6.904294974937791318e-02,2.784638711292133917e-01,2.508467361278069463e-01,-1.758250210621493115e-01,-1.124442993096296112e-01,-2.135188788080936428e-01,-2.413872418782711804e-01,-1.718693948278813000e-01,-1.534080666527794512e-01,-2.652450724521842607e-01,-5.935747405608130661e-02,2.592921410173930352e-02,2.114208000708503177e-01,2.280661806908866607e-01,1.867567160799473991e-01,1.304562113286807934e-01,1.158644742686597007e-01,1.090124368807101618e-01
7.764359576990385869e-02,2.062929650852537988e-02,4.096169133323254163e-01,-3.378078345729147725e-02,-5.267352004822046380e-02,4.718987966505604481e-01,-1.107437836865214908e-01,2.057310383941244325e-01,4.342890929116654530e-01,-1.832530639432708719e-01,-5.689513721671463076e-01,-1.510130065748610251e-01,-1.109705880173413733e-01,-5.799754546516546760e-01,-6.590346113907084857e-02,2.727431181931657678e-01,2.678081763779344149e-01,1.000000000000000000e+00,4.388466027324290919e-01,3.368724268101782049e-01,2.838120131975830351e-01,8.799351257124458925e-02,-3.139128614686559349e-01,-5.532795798060808901e-01,-3.041028287201483771e-01,-7.076411020321490275e-01,-6.160565204207621992e-01,-2.811684034348690964e-01,-6.055202728494458730e-01,-1.896586185775597233e-01,-1.239060876958841956e-01,-5.717692281317039438e-01,-3.264744681472275256e-01,1.950786963658969198e-01,-4.457182537097076347e-02,-1.760926798506183000e-01,-9.323693658289192165e-02,7.893104607246453908e-02,1.735475920179806175e-01,6.708708870075281994e-02,1.357070385475238339e-01,1.283580099734535351e-01,2.276990680044111912e-02,2.958104975346349114e-02,-8.642797058083856454e-02,-1.082004810203556350e-01,1.316932219404444160e-01,1.872726001248402050e-01,1.500709821248025488e-01,2.535707451960168557e-01,4.215014994744045035e-02,-2.117072420114788911e-01,-1.639333164389474295e-01,-1.463999088657445269e-01,-1.125255138069111149e-01,-1.887370875040851881e-01,-1.793039981327212984e-01,-1.552278028905235696e-01,-1.449634058358376665e-01,-4.121258175945242963e-02,1.018159880104929117e-02,9.783900321899055563e-02,1.230137437822054897e-01,2.124552454574747395e-01,6.444417780088737557e-02,1.396692434546095707e-01
1.717636072090261146e-01,3.702760203500050085e-01,4.077806078391646993e-01,9.009738096897466908e-02,3.031629335965427829e-01,4.661176424266643137e-01,-8.763805679601872900e-02,3.500481355019943175e-01,2.714666119325828131e-01,-3.416587902554685252e-01,-6.235549521824174102e-01,-4.859379701507520743e-01,-2.242045340295768241e-01,-6.498213820757791082e-01,-3.912715611366914259e-01,9.693062872413525655e-02,5.185398918192448692e-01,4.388466027324290919e-01,1.000000000000000000e+00,4.873806413048478170e-01,-2.193246263067558099e-01,-1.923413580708157322e-01,-4.091926959604468839e-01,-3.130588591087241079e-01,8.931207267350597945e-02,-4.260526138513633376e-01,-2.327390762436306881e-01,-2.403797348430201097e-01,-2.722743736562456274e-01,7.746378518585692041e-02,-1.037912127177298138e-01,-3.014207004200384898e-01,-3.370325339326191161e-02,1.760945368845010517e-01,-2.261181142805909761e-02,-4.856347448378079031e-03,-8.603255090074203582e-02,-1.309283752994732687e-02,7.671080303700136827e-02,1.206241167467919095e-01,1.799963785973123231e-01,5.669983710392251242e-02,-1.370653298932837383e-01,-1.174164915333728437e-01,-1.308832650069849390e-01,-2.029324041425632080e-02,9.495986437023998250e-02,2.430685413651327287e-01,1.283209159996697712e-01,2.429866064992291241e-01,1.655668908271348549e-01,-1.398041411148412683e-01,-1.423801373005147419e-01,-2.084388315404551717e-01,-1.294149009913437565e-01,-1.457921427820551008e-01,-2.111727314903157071e-01,-2.196231518925493009e-01,-1.187363189104940764e-01,2.194454739766911119e-02,1.533113140384496365e-01,1.404405139785984968e-01,1.833992752006384230e-01,1.473408546438826072e-01,9.618631822984662072e-02,1.961188406719432953e-01
-1.451822104214828268e-01,1.688295551487574431e-01,7.749499273103742369e-02,-2.937050074615386031e-01,2.049013093241758288e-01,2.354089337792752701e-01,-3.920399046666436793e-01,1.197902120282832578e-01,-1.077804388265529018e-02,-5.665607829265170148e-01,-3.634965199878870123e-01,-4.478971245175707439e-01,-1.272459004007983965e-02,-2.143573924065573511e-01,-3.226389156218775200e-01,1.095009869640061750e-01,4.499511670793426843e-01,3.368724268101782049e-01,4.873806413048478170e-01,1.000000000000000000e+00,3.231397848000365225e-01,-3.278174030699064212e-01,-2.240346305305692676e-01,-6.327889937248495911e-02,6.734702784478678594e-02,-2.719421921612450443e-01,-3.891269480402474445e-01,-5.025289410551615488e-01,-4.739738048467411202e-01,-2.038769433786536966e-01,-3.921263476365621781e-01,-3.942383605532238100e-01,-2.415602314060677769e-01,-9.178166366924459321e-03,-1.876197689455513795e-01,-1.150471202310843488e-01,-1.651575082945576645e-01,-5.127799181660887967e-02,4.841367285713698426e-02,7.726184481495237955e-02,9.438472227253673352e-02,2.867322660512235458e-02,-6.534173211601246312e-02,-4.240829004334514124e-02,-1.263521159444493669e-01,-6.589041398054215626e-02,1.207415266285609134e-01,2.745387212729401005e-01,2.568426567584399800e-01,3.052524867660779684e-01,1.430789953280437454e-01,-2.087887263237391822e-01,-2.038584611020712589e-01,-2.854128883863487065e-01,-1.598875659166291152e-01,-2.080011217436020798e-01,-2.744005384283620397e-01,-2.511404684189373904e-01,-1.772759203405957495e-01,-1.156351239293826674e-02,1.406690880327716719e-01,1.456200274699429031e-01,2.000540674752148973e-01,2.108256800486122406e-01,6.238080740091134918e-02,2.178398071128995750e-01
-3.137277177114430327e-01,-3.046660706440021960e-01,-1.784732352310607895e-01,-4.442182581439322875e-01,-2.334071970530507689e-01,-1.061401682383889822e-01,-3.884609104660783907e-01,-2.337723111104946794e-01,-1.237161675466875860e-01,-2.702967793779925687e-01,4.663084639396847947e-02,2.935624218252377154e-02,2.815890269361868703e-01,1.870490493370609020e-01,6.173425593538477835e-02,2.196415140822759460e-01,7.991777896111432189e-02,2.838120131975830351e-01,-2.193246263067558099e-01,3.231397848000365225e-01,1.000000000000000000e+00,2.604765267412399027e-02,1.795512455045953359e-01,3.142933430423480723e-02,-3.116937110545736633e-01,-1.311573089314633789e-01,-5.010782556094667273e-01,-3.631938993127908355e-01,-5.003988390682331255e-01,-4.675709070070755424e-01,-3.743562566954206638e-01,-3.824242176336178356e-01,-4.331665917217960016e-01,-1.219246622329861474e-01,-1.896442521651973412e-01,-2.501361082754752219e-01,-1.684356843872951703e-01,-5.642209197500943491e-02,4.933381818876694802e-02,8.298507916352511338e-03,-8.560237653689385662e-03,6.858618645083328080e-02,8.569826542592509644e-02,1.279133300645986515e-01,7.129548710585856958e-03,-8.022267602044645673e-02,1.405997265178488553e-01,1.371980217719697692e-01,2.174783570587131287e-01,2.132140460548724026e-01,-5.119648031144630358e-03,-2.041246464174720499e-01,-1.738688944052681762e-01,-1.596470107066208788e-01,-9.983073957319327230e-02,-1.928122086661942791e-01,-1.666842069142777660e-01,-1.119814730661627816e-01,-1.581227311233813215e-01,-9.418176383989543266e-02,-3.676136115988246078e-02,8.183275139888264438e-02,1.038701010818811193e-01,2.105531885159186434e-01,3.408124014928391038e-02,9.855443113625725338e-02
-4.720335346970190582e-02,-4.310597577672569680e-01,-1.683183400271821839e-01,-1.435543490966675363e-02,-4.212753272534600080e-01,-2.210078851954546120e-01,-3.525772574766172784e-02,-2.903307164926129391e-01,7.903154759606002833e-02,2.228073386566086223e-01,9.371096181078160392e-02,3.580926997419105473e-01,9.380096785696676043e-02,1.093933579732063975e-02,4.800941930022722959e-01,2.686523226550027177e-01,-3.480177797342581814e-01,8.799351257124458925e-02,-1.923413580708157322e-01,-3.278174030699064212e-01,2.604765267412399027e-02,1.000000000000000000e+00,4.453993700520211263e-01,-1.749021828083810459e-01,-6.957392676510266716e-01,4.729741009474230234e-02,-1.693392935177419900e-01,3.366587203229266523e-01,9.344767878020790106e-03,-3.447543543792199183e-01,1.376427946983382056e-01,1.469589903559432621e-02,-3.335104002805762136e-01,-1.143491490049947795e-01,-1.501189486852627375e-01,-1.799530856196795148e-01,-2.094105553385360308e-01,-9.552169485710082508e-03,1.381866832309940341e-01,1.478520307035569858e-01,9.004719643112653327e-02,-1.187576746065892525e-03,-5.750990353154112472e-02,-2.775145608899110689e-02,-4.143324882768292805e-02,-4.448999796764766673e-02,7.757685243896772498e-02,5.792262380162339908e-02,9.333382698106712505e-02,5.780754176725156485e-02,-1.080027641888897834e-02,-4.779230142379233687e-02,-1.216935741479057975e-01,-8.259462311306678406e-02,3.713069933921744892e-03,-8.574027329881973858e-02,-8.612086557718763580e-02,-2.739029270217687578e-02,-6.146899279034730157e-02,-1.444311102482491969e-02,-5.898523462601026890e-02,-2.008443808746697597e-03,7.767171821384973029e-02,8.359816609171862034e-02,9.976095068789384013e-02,1.279983432031678581e-01
-3.128532194632516750e-01,-4.224382355771198472e-01,-5.182031000226315909e-01,-3.465099696937646301e-01,-3.573005938585122609e-01,-5.990097872619295494e-01,-3.227867872218422862e-01,-5.130067554765073146e-01,-4.746944041884733068e-01,-6.543633087197432696e-02,4.144198227465385465e-01,1.737524495200062635e-01,3.193674981533425328e-01,3.403276739446200461e-01,1.647268980353304157e-01,1.231679638272054900e-01,-1.226461741132511690e-01,-3.139128614686559349e-01,-4.091926959604468839e-01,-2.240346305305692676e-01,1.795512455045953359e-01,4.453993700520211263e-01,1.000000000000000000e+00,4.640473038421235041e-01,-4.192182732022214364e-01,5.326173597217497280e-01,-3.908913845608711496e-02,1.007547891659758416e-01,1.400912948463964303e-01,-4.316298960390647643e-01,-1.619053386615041112e-01,1.892822336042848941e-01,-2.592394211971331131e-01,-2.869921078680507942e-01,-1.786923214555083128e-01,-1.652162728249794710e-01,-2.536981872814015881e-01,-1.891378803768967720e-01,-5.390570433770780490e-02,1.030718791927003330e-01,-5.027974682565791720e-02,-9.067901049839290073e-02,-1.261839829040923011e-01,-5.897700483406382449e-02,2.427974850570173426e-02,6.860952288887453565e-02,6.876899732152413902e-02,1.105043014036876520e-01,5.948777234404929726e-02,8.316231153226623374e-02,1.122732546823368843e-01,-4.065434005473522044e-02,-8.489766104503809752e-02,-1.133046084650767837e-01,-1.003603493388925821e-01,-8.277611132341256006e-02,-5.191147724305854305e-02,-1.018942617877820617e-01,5.531202478510533968e-03,2.963614017287622207e-02,3.950950380519582111e-02,7.604186264397226613e-02,1.122796645538893384e-01,4.036537547639670181e-02,1.171725471809938884e-01,1.099349503207080470e-01
