1.000000000000000000e+00,4.510750497745371623e-01,4.195470025537937908e-01,4.977547342443455203e-01,2.719707113729257220e-01,2.083673082781474228e-01,1.223105672295028840e-01,4.438570475883415328e-02,8.726107633043116152e-02,4.294886955644307280e-02,3.566376522307071473e-02,4.641967683539591910e-02,-2.345179892964229310e-02,-4.870878541981839109e-03,-7.618750530899649764e-02,-1.718259886869650532e-01,-4.997556400893776729e-02,-1.396744013359450531e-01,-1.255570665392605478e-01,-1.229363356793454487e-01,-1.773182612062303154e-01,-3.578553572273780736e-02,-1.526591954404439289e-01,-8.729217018508185488e-02,-6.525355240489780217e-02,-1.013386420619730999e-01,-4.925906753609522043e-02,6.644860027905501176e-02,-7.133893725521192608e-02,1.809562745732838304e-02,8.094320142952468600e-02,-8.613795102902700729e-02,1.093533195037334031e-02,1.886196925430867061e-02,-9.694986160724025637e-02,-1.520354349714051357e-03,7.420863739539170986e-03,1.481217498629175920e-02,-1.839402881356181144e-02,-2.197533965862931427e-02,-6.197154508488540020e-02,2.433671921953201728e-02,-7.747286674218754887e-02,-8.944202715805077419e-02,-1.607517252747768868e-02,5.407999904407586461e-02,-1.308538029127249286e-02,5.996029630706251751e-02,-2.146938891130462448e-02,-6.990641377671082124e-02,-6.853692386199873587e-02,1.258431794621609964e-02,-1.010024823469590598e-02,-2.682845439617569452e-02,2.561324652459005466e-02,2.219092122632520744e-02,6.052114231588433257e-02,-2.153766952048843594e-02,2.717851776151218243e-02,1.145139558932252860e-01,-1.600280955365910099e-02,3.123477424636375566e-02,5.783354638916821805e-02,9.721726371872214945e-02,1.316099006510323965e-01,3.084628500324921099e-02,-1.728992965757747413e-02,1.008490850824933782e-01,-8.014530501493663181e-03,7.943204581071784676e-02,4.690217492044961717e-02
4.510750497745371623e-01,1.000000000000000000e+00,3.970634317361975141e-01,3.589072038162874345e-01,3.405746640729218067e-01,1.109992922299195967e-01,1.121683218635696061e-01,1.079707146156858172e-01,6.927424472085307039e-02,6.877550995367437414e-02,3.604732350442838018e-02,3.459706589858272535e-02,-2.073170786988546427e-02,-3.054704681851574000e-03,-1.040585798414751101e-01,-1.756333359782098757e-01,-4.212546365614683319e-02,-1.778278613368865224e-01,-1.671463019083340995e-01,-9.999351282454417567e-02,-1.759818229251585153e-01,-2.410838728316172172e-02,-1.430591619109065904e-01,-6.915710168655314627e-02,-1.151638514022159526e-02,-8.389402412096189088e-02,-6.296447892544920766e-02,5.702842219342302288e-02,-7.808663962618403453e-02,-5.465363209775492975e-03,1.038836976503745707e-01,-4.344657272840653922e-02,4.665817266765330366e-03,6.186510181137339082e-02,-2.784651628137877963e-02,-5.094684199462635142e-03,2.093815910407648140e-02,2.003026429348912091e-02,1.608604609815850184e-02,-3.168606537094830616e-02,-5.858679243820445054e-02,5.415363547736471578e-02,-4.385194209431435980e-02,-1.231317527841782090e-02,4.477996915544121131e-02,3.129680489502455198e-02,-6.722485140415276894e-02,1.044839416138665031e-02,-9.186830318435064424e-02,-6.902973565666091493e-02,-4.860043620281511573e-02,-6.403215783067149613e-02,-6.235570699232082653e-02,-3.646153110615160675e-02,-1.777194988607056977e-02,-4.188698587269712448e-02,2.811406510651313223e-02,-2.753142260599778304e-02,4.490236116604057887e-02,1.020961302363899009e-01,-1.770482975916755700e-02,1.928769044287842373e-03,6.473311473858153753e-02,8.480188579753802913e-02,1.334400491757570528e-01,5.700209241489620493e-02,2.932612875702002991e-02,1.186075397242306595e-01,-1.133728188806617555e-02,8.244432230187014043e-02,3.298107880170585843e-02
4.195470025537937908e-01,3.970634317361975141e-01,1.000000000000000000e+00,3.438760503741501440e-01,3.494677598279010700e-01,2.632982742029214007e-01,1.283349060336872738e-01,1.438447235717046357e-01,9.757199339661193349e-02,8.049867106128452687e-02,8.242966402581231034e-02,-2.056609317756217213e-03,-6.627235489416763436e-02,-7.607486213802472363e-02,-1.249904926027047142e-01,-1.770648705052744742e-01,-1.063309128067857906e-01,-1.406649721715903523e-01,-1.266489472930448501e-01,-5.885099360016210479e-02,-1.402458344903417531e-01,-2.308657271008428963e-02,-8.081684093134049174e-02,-5.916206293888511686e-02,-4.038231191556258121e-02,-6.349552389743794156e-02,1.529665326233743163e-02,8.008061874220674670e-02,-1.388882100489825973e-02,7.557552362151298553e-02,8.823926303055433518e-02,1.211406059272164895e-02,6.220795408476567645e-02,9.330055074918337799e-02,1.919983248295572056e-02,6.905164494497208205e-02,1.505971985247256395e-02,-1.404674012136189129e-02,-3.365231367542043453e-03,-3.426879393489335596e-02,-7.587169268887834772e-02,-6.348880839707883583e-02,-1.137866484301873066e-01,-7.381915394783113149e-02,-3.007808084808937313e-02,7.992628038698888771e-02,-4.951067639930380182e-02,8.009407449008301705e-02,-3.556193194574960859e-02,-2.028953296735382106e-02,-3.355796120087647938e-02,-2.773668971864452076e-02,-4.685226358720739198e-02,-4.476325841912095344e-02,-8.142140679504545481e-03,-9.444032197593382402e-03,-2.209512296873049689e-02,-7.193398424167969651e-02,-3.567227052412066945e-02,5.849653854445343443e-02,-2.889619205753992531e-02,-3.240294373963735486e-02,-6.712111477685478618e-03,6.699711217692427834e-02,9.863280707074538467e-02,4.612993180126141041e-02,7.143546578064071621e-04,5.828641568998508410e-02,-3.405994775081040704e-02,5.055740107909527381e-02,3.067941235781285886e-02
4.977547342443455203e-01,3.589072038162874345e-01,3.438760503741501440e-01,1.000000000000000000e+00,3.743865232302845403e-01,3.525227757847548826e-01,2.818957783589678967e-01,1.177570008020262932e-01,1.593725179756612931e-01,1.202465824584768028e-01,6.955148437056887789e-02,9.699081567499856504e-02,2.533352041854190426e-02,3.540257182467005520e-02,-3.205704967718849691e-02,-2.034721856754231339e-01,-3.779727467595891954e-02,-1.566767557981393888e-01,-1.655180569832286064e-01,-1.359665679614895928e-01,-2.313639961974540415e-01,-9.639073921104418519e-02,-1.844555331612742211e-01,-1.459530217667059371e-01,-1.227325895456098243e-01,-1.798754889759112408e-01,-9.263039876246111082e-02,4.752813107044758650e-02,-1.281640223719793803e-01,-2.885412984609454085e-02,2.022914502325958569e-02,-1.407541798514480857e-01,-2.862131595324436673e-02,-2.805383596066319749e-02,-1.463501843917413836e-01,-5.505600182624623140e-02,-2.664061936693464319e-02,1.122536176549775687e-02,-4.591477222428361205e-02,-3.057520321898131097e-02,-2.042342283368168976e-02,5.442778705585489540e-02,-1.970321404015195482e-02,-5.294836653934862497e-02,-1.237869972206557048e-02,1.270789620494703308e-02,-1.498756614367518028e-04,3.149610137819496003e-02,-1.008427434053595084e-02,-6.287572475934373462e-02,-1.582198926051722396e-02,4.062206689627866768e-02,-8.334364251555651665e-03,9.444233805181990321e-03,5.583657108201933034e-02,5.295501161249791672e-02,1.021965771364533454e-01,5.674338074277652383e-02,7.377461553610578648e-02,1.572050955646104309e-01,2.469051522024492268e-02,5.847430752867009002e-02,6.785305568891691896e-02,8.429398545808096388e-02,1.351775135673444761e-01,6.382366972141202688e-02,-1.656037131388620950e-02,1.406673687825824581e-01,1.551307932324354905e-02,8.383116230731865737e-02,7.539904047184992075e-02
2.719707113729257220e-01,3.405746640729218067e-01,3.494677598279010700e-01,3.743865232302845403e-01,1.000000000000000000e+00,3.853657741967993489e-01,3.336003558182210615e-01,3.127534179905224754e-01,1.977805180852065803e-01,2.664434065150513842e-01,1.157126287530038100e-01,1.372842223305487108e-01,-2.196934972508526526e-02,-2.808508582776441179e-02,-7.991881217194089781e-02,-2.028382857926141758e-01,-1.076909710719818336e-01,-1.707391092192278303e-01,-1.173026448908616320e-01,-1.054303494957429671e-01,-2.018596711423374934e-01,-9.744092772886792098e-02,-1.019502658792019872e-01,-8.321503542557331934e-02,-9.405868941510833747e-02,-1.226202878896163889e-01,-2.897969629469142674e-02,3.273323756693046187e-03,-6.590807245160341943e-02,1.135992200871414025e-02,2.461366689995848206e-02,-5.720991083966311258e-02,7.916147701228568381e-03,1.744625399620178957e-02,-6.409335232449059339e-02,-3.625359214267033243e-03,-4.141976517400958874e-02,-3.596416726163168681e-02,-7.162766517169567859e-02,-2.361384541832469916e-02,-4.054669282029108729e-02,3.759341888773959361e-02,-1.884919600605576215e-02,-5.869477134005154917e-02,1.359390782067051821e-02,7.329948268514785252e-03,-5.062589404729775019e-03,4.007184119229691144e-02,-2.971200382063898804e-02,-3.641333125545744703e-02,3.072248935062998898e-02,4.799298910826029201e-04,-4.623495600876578737e-02,2.795701839269692374e-02,7.235826893551426664e-02,2.127635325548788217e-02,4.757968131942213325e-02,2.183279367103788463e-02,4.174803438179774950e-03,1.290811421026151762e-01,4.697594290433463465e-02,2.449787737917881458e-02,8.006814631026253071e-03,1.733899479869387139e-02,9.870985086070664660e-02,6.079056188459828342e-02,-3.120136702755498329e-02,9.983544033545702079e-02,2.383681602312160558e-02,6.098579922967720113e-02,1.065539833194985159e-01
2.083673082781474228e-01,1.109992922299195967e-01,2.632982742029214007e-01,3.525227757847548826e-01,3.853657741967993489e-01,1.000000000000000000e+00,4.180731042287110788e-01,3.620313616952918201e-01,4.291473291404207524e-01,2.994097543133871775e-01,2.808043843022808295e-01,2.116282205777341996e-01,2.769076843306267355e-02,-4.844033607917447998e-02,-7.846972220004314047e-02,-9.303787421603665342e-02,-8.849041882074458465e-02,-8.289199311607092779e-02,-1.245849651847060063e-01,-9.016099043549002934e-02,-2.054296095584826343e-01,-9.719616352529827918e-02,-1.306011516406632156e-01,-1.874894216223923216e-01,-1.742498529295744281e-01,-2.027595122360894286e-01,-9.731266821014766810e-02,-3.979208309374701602e-02,-1.033564147862360560e-01,-1.355878132676733780e-02,-1.876875955848269703e-02,-9.290275710731805969e-02,-1.282001123214188479e-02,4.509719916955207651e-03,-6.498120466058704414e-02,-1.448712754769660750e-02,-1.803562628389386580e-02,2.731577894640979318e-02,-1.874419124662385881e-03,-2.834549501406679467e-02,1.641528397445228592e-03,4.225338348551025205e-03,1.493181172957024939e-02,-7.063269028707037933e-02,-1.692253398699120406e-02,-8.597313060753531203e-03,2.046796335105274464e-02,5.229783652601576946e-03,1.749037091356151971e-02,-3.935146649757100684e-02,6.661567050113413602e-02,5.638914415529359958e-02,-5.010721522029839420e-02,4.712797344422910151e-02,5.378856096684368066e-02,3.484153206885912818e-02,2.195198852794888814e-02,5.914193669552232635e-02,4.620352187127890059e-02,1.139146646368084381e-01,3.236463502119737295e-02,9.936859924349580875e-02,6.847907587363412374e-02,2.454015314716629509e-02,1.321327259966956769e-01,1.731808032510673556e-01,4.339231105750664119e-02,1.038016528269653238e-01,1.206587112078399415e-01,7.974028822476013356e-02,9.209987284652915163e-02
1.223105672295028840e-01,1.121683218635696061e-01,1.283349060336872738e-01,2.818957783589678967e-01,3.336003558182210615e-01,4.180731042287110788e-01,1.000000000000000000e+00,3.782921597472680975e-01,4.351031325172293185e-01,4.765787676005098783e-01,2.218815103928052368e-01,3.104477010786171887e-01,1.496458675359201018e-01,-7.898370473930922675e-02,-1.756324270686082309e-02,-1.469309862499218189e-01,-1.349665777907242681e-01,-4.353574956478556413e-02,-1.878460351403347384e-01,-3.300109651389991627e-02,-1.961031647387703469e-01,-2.045630857705328098e-01,-1.233457141459459866e-01,-2.096779390440935975e-01,-2.226864844019588452e-01,-1.542466773824204829e-01,-1.912232620068867739e-01,-1.093607124396947378e-01,-1.295638531249764247e-01,-1.177922832813483034e-01,-7.220530056683903408e-02,-1.179626152526276478e-01,-1.046755263024348043e-01,-4.079561056413474884e-02,-8.748841280543938337e-02,-5.864228318385209665e-02,-1.504094661596541704e-02,-5.472385091152962532e-03,-2.685441722324955274e-04,6.084242859190795022e-02,7.398689485915026232e-02,1.847590637989191334e-02,8.001046968447479701e-02,-6.759513092607741767e-03,1.122863237609244072e-02,2.887920737930534370e-03,4.761077440541778422e-02,1.175789502063660612e-02,6.577409388171166771e-02,1.008385821307461461e-02,7.923900360890615002e-02,4.399600490003272718e-02,2.417781705332243056e-02,8.147056505575053786e-02,1.031565868571249558e-02,7.099582459762271425e-02,3.202976522117096519e-02,1.010203865939512669e-01,8.754260220459414432e-02,1.089855346643356926e-01,1.038347641987228953e-01,9.415072194152583618e-02,1.942802264271988391e-02,-8.182113044628414045e-02,2.715051371406338593e-02,1.152437832431875836e-01,-7.422536079933543529e-02,2.364451662655918905e-03,6.535834320465608825e-03,-1.390078393792376112e-02,3.272862336640548070e-02
4.438570475883415328e-02,1.079707146156858172e-01,1.438447235717046357e-01,1.177570008020262932e-01,3.127534179905224754e-01,3.620313616952918201e-01,3.782921597472680975e-01,1.000000000000000000e+00,3.684098514713673445e-01,5.903207586321942424e-01,4.665806388905904267e-01,2.118270207137854244e-01,2.849367456886246763e-02,-7.449673402164455616e-02,-1.310276085898302856e-01,-1.127618324294658997e-01,-1.194935969798937292e-01,-1.441729339460665060e-01,-1.930723458456060637e-01,-1.756825919821880522e-02,-1.540154782619413409e-01,-1.513152732253289778e-01,-8.477005626326847287e-02,-1.373318922848851820e-01,-1.188033171909902430e-01,-1.081357074618008729e-01,-1.075003197084239831e-01,-8.374969575477667072e-02,-1.194266271268835250e-01,-1.219431017420022356e-01,-8.206218422545401292e-02,-7.747600779562621720e-02,-1.172932901337166572e-01,-1.282197367607090972e-02,-1.315259200322780285e-02,-4.284797324947454966e-02,3.590612502225155184e-02,3.791124034636790541e-02,5.945568489915763893e-02,7.086816591749073302e-02,7.739746564547354823e-02,5.183509571396528043e-02,8.309962545506996423e-02,7.537593331946880471e-02,3.458863380235303875e-02,-2.999183415811115111e-02,2.003372513257591775e-02,-1.530998715981746541e-02,-1.449900599131739333e-02,1.650479690235296878e-02,1.023260900464008499e-01,-3.369077727382275428e-02,-7.757760668317439934e-02,5.899249036800190138e-02,-2.596251633857621366e-02,-2.312243839519172867e-02,-2.901105141464602535e-02,5.062094515123698180e-02,4.414942688295308421e-02,5.204032165410766436e-02,5.772608133222647576e-03,1.019265031571784386e-01,6.587973590810621005e-02,-1.394850317612439904e-02,6.686659196271871330e-02,1.274502599126204616e-01,4.700587240434491582e-02,3.755454429025263663e-02,7.187815839790406836e-02,3.992744777859607436e-02,2.994135531867395464e-02
8.726107633043116152e-02,6.927424472085307039e-02,9.757199339661193349e-02,1.593725179756612931e-01,1.977805180852065803e-01,4.291473291404207524e-01,4.351031325172293185e-01,3.684098514713673445e-01,1.000000000000000000e+00,4.177082555625232785e-01,5.084563056361107725e-01,4.265768838930463214e-01,1.108350776539482885e-01,-8.901484969605721886e-02,-4.208726762678676597e-02,-2.671486753133096859e-02,-6.684375166476086427e-02,-1.076097257202439546e-02,-1.180765857356410320e-01,-5.705383500039778316e-03,-2.193351180333370509e-01,-1.098026432296104749e-01,-1.630257905576200927e-01,-1.881788927445031956e-01,-2.368467124977826910e-01,-2.194092006059328304e-01,-1.763755925511449330e-01,-1.123208821675874131e-01,-1.774947714667096665e-01,-8.299122332260065737e-02,-8.137859582796075353e-02,-1.030902000405122115e-01,-3.742493426467978501e-02,4.143833565067912145e-02,-5.083258721035856936e-02,7.587617859308348929e-03,4.742021786118745530e-02,7.789812936963415313e-02,4.378288153887290729e-02,2.073977937001884528e-02,3.448148764511294040e-02,-5.020533019245761001e-03,3.781430860816323292e-02,-3.920207723485334000e-02,7.639632065569838988e-03,1.442804202880978125e-02,4.526327991492058028e-02,3.538324685231875044e-02,5.075548875691631573e-02,-1.770457599958896386e-02,3.317161469044326016e-02,3.360862478228222872e-02,-2.657686655524045191e-02,2.611369732834166804e-02,1.850952498763501096e-03,8.348239520835137525e-04,1.319986021335049602e-02,6.739126397045487604e-02,1.119712802487305564e-01,1.231368777334663211e-01,5.961349353930500694e-02,1.525701353839457874e-01,8.264591589905340152e-02,-1.965693347717292414e-02,9.791238418207609540e-02,1.833351329673288399e-01,5.986443508293414449e-03,3.392115973146567903e-02,1.512788654835897084e-01,9.158735033620395150e-02,8.884912007525999633e-02
4.294886955644307280e-02,6.877550995367437414e-02,8.049867106128452687e-02,1.202465824584768028e-01,2.664434065150513842e-01,2.994097543133871775e-01,4.765787676005098783e-01,5.903207586321942424e-01,4.177082555625232785e-01,1.000000000000000000e+00,3.986140313246819833e-01,4.063463648107156767e-01,1.661368485726090471e-01,-1.056459700907811106e-01,-6.343716428004116115e-02,-1.142807161466782712e-01,-1.509578379833942108e-01,-5.760434075536684934e-02,-1.401553406358805876e-01,-2.932915790389782618e-02,-1.759857489135820685e-01,-2.038877409598808810e-01,-1.113914153277906355e-01,-1.775191219199248049e-01,-2.165099234163623820e-01,-1.528599368120854562e-01,-1.625694598363456311e-01,-1.263620292079327689e-01,-1.625420735004539652e-01,-1.188536317790559876e-01,-1.103487778067857444e-01,-1.096961750611075287e-01,-9.881310262889160534e-02,-2.943428173053084726e-02,-5.154820433312666539e-02,-4.361675145795870789e-02,6.004387107014939884e-02,4.377417498358266573e-02,4.668235054870149836e-02,1.097661846609468278e-01,5.528940918134654658e-02,2.164281253827347526e-02,8.654156314604796729e-02,1.631223065123975358e-02,8.985073208828332769e-03,-1.504641600428253609e-02,2.428189408448539963e-02,8.226600799534387193e-03,1.966475556769668384e-02,2.285369337207415752e-02,8.089782760757201208e-02,-1.488253372751615830e-02,-3.756076848359574810e-02,7.054008820757019793e-02,-1.690081522380670540e-02,-4.625340577341486930e-04,2.808693773684482406e-02,9.987863121404380595e-02,9.618395152206120347e-02,1.195293937171311993e-01,9.719299207101078641e-02,1.418366708299640955e-01,6.580680179371323213e-02,-5.813416995654969999e-02,7.473918023363844421e-02,1.303815998561906331e-01,-4.397677087816940361e-02,-9.901058169888213648e-03,5.063960999568707655e-02,1.168756754075481489e-03,5.509190324940416855e-02
3.566376522307071473e-02,3.604732350442838018e-02,8.242966402581231034e-02,6.955148437056887789e-02,1.157126287530038100e-01,2.808043843022808295e-01,2.218815103928052368e-01,4.665806388905904267e-01,5.084563056361107725e-01,3.986140313246819833e-01,1.000000000000000000e+00,3.414391169517052571e-01,-3.398782965823135549e-02,-5.274687242366281337e-02,-1.250854130792427021e-01,-7.159760009760099408e-02,-8.418884686498831482e-02,-9.728160519710218890e-02,-1.145931176248746880e-01,-4.649991452658588931e-02,-1.433703686600467375e-01,-8.164613841036191810e-02,-1.166931461987466556e-01,-1.418354151667166330e-01,-1.372277962720420685e-01,-1.597190863781794423e-01,-1.211987257706662185e-01,-5.134105729714696226e-02,-1.461918100607798865e-01,-8.436399465957736266e-02,-4.608250785894871943e-02,-1.122563080752576187e-01,-6.322495514594446420e-02,3.025717527638604326e-02,-4.455022732017543258e-02,-4.986826405471516364e-04,7.049022198512015780e-02,6.300727633263920879e-02,6.557478672628931637e-02,5.791056709588893181e-02,3.240942413320188620e-02,1.616074076492943906e-02,7.046871542701534097e-02,-3.600476839563359396e-03,3.764756967335883275e-02,-5.870220909661224597e-03,4.644292297890905905e-03,1.369180581085153135e-02,2.047069907018959564e-02,-2.758682717871793755e-02,4.562084483841893218e-02,2.825924211470220646e-02,-6.569844970678562213e-02,-1.411741163197841389e-02,-1.147817586013325473e-02,-1.314568465193852002e-02,-4.216729686469643940e-02,3.104163544413121242e-02,5.595406129446806043e-02,6.399899985643722755e-02,3.569453186351887256e-03,1.181319550874375124e-01,9.285785980300691189e-02,3.287604885811677702e-02,1.179069322743948461e-01,1.544501548660671131e-01,4.781348507769266065e-02,4.299927158028346574e-02,1.012116280101991311e-01,7.280970505781186874e-02,3.518158139112448346e-02
4.641967683539591910e-02,3.459706589858272535e-02,-2.056609317756217213e-03,9.699081567499856504e-02,1.372842223305487108e-01,2.116282205777341996e-01,3.104477010786171887e-01,2.118270207137854244e-01,4.265768838930463214e-01,4.063463648107156767e-01,3.414391169517052571e-01,1.000000000000000000e+00,3.886562811415502083e-01,8.680541029124726193e-02,3.858510588158635402e-02,-1.017272787296286118e-02,-1.265133732407415501e-02,2.232248202156050104e-02,-4.475602869625841529e-02,-5.124542631829512307e-02,-1.684120887293281410e-01,-1.591381844251033295e-01,-1.330339789716067367e-01,-2.166945048976807731e-01,-2.370120263914786696e-01,-2.181508148358476396e-01,-1.919518788354086791e-01,-1.651844048220452998e-01,-1.916230864819028490e-01,-9.111626140652274997e-02,-9.810812365482403374e-02,-1.319288417154562965e-01,-4.414644758891054371e-02,1.109389970435789227e-02,-5.664025496787501723e-02,-1.294233624733162093e-02,8.203542595795505765e-02,4.161784105169737819e-02,9.354986072309376399e-03,4.955337514320647813e-02,1.438317350967485003e-02,4.798744623844435064e-02,8.591625566943103531e-02,-2.283930301849463468e-02,5.285863379799981415e-02,4.639549776898706235e-02,4.830175817872506966e-02,3.898238637431791775e-02,6.903840254608914484e-02,-4.275489192914584680e-02,-1.458334398369466687e-03,3.671874957103041237e-02,1.178538332687979751e-02,-1.256465079848574640e-02,-2.818121971262370264e-03,4.674360425651975792e-02,3.550254055621975685e-02,1.312455137831545771e-01,1.210825363049283232e-01,1.536929878220106294e-01,1.125782048051345852e-01,1.655332739122934993e-01,8.891013188596634531e-02,-5.299576124557479895e-02,1.024497007612738680e-01,1.635980611807889840e-01,-5.554397460171388301e-02,5.619981730497810440e-02,1.184914228780826889e-01,4.138140612716399019e-02,1.213911276332241967e-01
-2.345179892964229310e-02,-2.073170786988546427e-02,-6.627235489416763436e-02,2.533352041854190426e-02,-2.196934972508526526e-02,2.769076843306267355e-02,1.496458675359201018e-01,2.849367456886246763e-02,1.108350776539482885e-01,1.661368485726090471e-01,-3.398782965823135549e-02,3.886562811415502083e-01,1.000000000000000000e+00,3.140448105961922698e-01,3.040153142661736752e-01,2.057102064793913110e-01,2.379331504177114587e-01,1.656985145828032968e-01,4.657494880578572603e-03,2.981073613394321503e-02,-1.316380339333708405e-01,-2.016160751072917368e-01,-1.553582169867869789e-01,-2.231318130740397032e-01,-1.815411547446515728e-01,-1.690739918915713791e-01,-1.932222437968080242e-01,-1.626324216186607330e-01,-1.464656138715269840e-01,-1.021892236476613786e-01,-9.440630910298869471e-02,-8.922958540844010134e-02,-5.422373133115980515e-02,1.395604778202527187e-02,-9.785509583570986200e-03,-4.020187585556035561e-04,8.194923932498793251e-02,2.460510380449641363e-02,1.750355457564705189e-03,5.542997537623710336e-02,4.916081246952347383e-02,7.678422157036578904e-03,3.772155340874353002e-02,8.382743943028006170e-03,4.867033893147731764e-03,3.043620877456621951e-02,5.534389167653063629e-02,1.575164447160003200e-02,2.149718644954885099e-02,7.354210720717690086e-04,-7.721982125697859738e-03,-1.052059090549891524e-02,1.314334049735628625e-02,-8.316047992712450460e-03,-3.926126406827942089e-02,5.360795190442848787e-03,5.201906166060534659e-02,1.590965413511831184e-01,1.422661792729524310e-01,1.327336732356330373e-01,1.162682562494722349e-01,1.661610991636827406e-01,7.708161904607613302e-02,-8.117981905093001049e-02,4.622647851621532189e-02,1.221565862570060251e-01,-5.829354402173081429e-02,2.459699791364141144e-02,1.248828293953521545e-01,1.069974857202359887e-02,7.997744560153111082e-02
-4.870878541981839109e-03,-3.054704681851574000e-03,-7.607486213802472363e-02,3.540257182467005520e-02,-2.808508582776441179e-02,-4.844033607917447998e-02,-7.898370473930922675e-02,-7.449673402164455616e-02,-8.901484969605721886e-02,-1.056459700907811106e-01,-5.274687242366281337e-02,8.680541029124726193e-02,3.140448105961922698e-01,1.000000000000000000e+00,4.385695227653137462e-01,2.263508785130700918e-01,6.613325232603032289e-01,1.494145480573162987e-01,8.861918799010093384e-02,1.956139541035706655e-02,-1.601885220363988560e-01,-8.109604027873905385e-02,-1.996747619292273679e-01,-1.724358089324435628e-01,-3.733780515857135218e-02,-1.570224107881660336e-01,-1.567732400193630748e-01,-9.527836411990124599e-02,-1.458821106497517617e-01,-1.198934723287616022e-01,-4.696092071486533681e-02,-8.968850836307037944e-02,-3.516369473154561803e-02,4.768653883895376464e-03,-7.926712572278749036e-02,-7.784023137768357470e-02,-1.326970107622665700e-02,-7.600347741704710156e-03,-1.126601668820884639e-01,-7.067113037478474358e-02,-1.920820835957990150e-02,3.542428418862425543e-02,-1.904843890058251221e-02,-6.094815794776585471e-02,6.375854208851114598e-03,-3.868050560080071171e-02,5.756680100608600748e-02,-1.922049434418144145e-02,-1.002309183094962121e-02,-2.862402927828987947e-02,-1.893013017566072889e-02,2.355598298651965031e-02,-2.119487896828812015e-02,6.385797918024260474e-04,5.535775237791899783e-02,-2.213188368758388456e-03,1.309560058993723686e-01,1.979163075997200372e-01,2.139529856592354007e-01,1.692533328198345677e-01,1.201355718876029322e-01,1.867037117418736958e-01,1.254228246546910397e-01,3.033910116552622840e-02,1.640363220071047456e-01,1.565971242913811179e-01,1.206242750538600271e-02,1.680341620833464555e-01,2.482815057386937307e-01,2.121017334042416824e-01,2.047602014336401266e-01
-7.618750530899649764e-02,-1.040585798414751101e-01,-1.249904926027047142e-01,-3.205704967718849691e-02,-7.991881217194089781e-02,-7.846972220004314047e-02,-1.756324270686082309e-02,-1.310276085898302856e-01,-4.208726762678676597e-02,-6.343716428004116115e-02,-1.250854130792427021e-01,3.858510588158635402e-02,3.040153142661736752e-01,4.385695227653137462e-01,1.000000000000000000e+00,3.284083215533215028e-01,4.231659151110776507e-01,4.869524194683079732e-01,3.616970164110338004e-01,1.417075337381653866e-01,-4.226734195549703560e-02,-1.057096659017237872e-01,-9.866385034890307049e-02,-1.747899561276152272e-02,-1.454420328093666281e-01,-9.921674435275128212e-02,-3.995287687888812028e-02,-2.239865809925784546e-01,-1.188435407627899537e-01,-6.428042535140905678e-02,-1.696504328681171236e-01,-5.711732241531054799e-02,-1.397236861755720740e-02,-7.485432400974117995e-02,-4.502857354898121695e-02,-4.850033167697920256e-02,-5.487771638159358312e-02,-7.769510400657261839e-02,-1.211774379375945149e-01,9.331476876184864253e-03,2.707141343164261305e-02,-3.623459312549831557e-02,-2.703411367181572308e-02,-8.469942382799625080e-02,-8.276893647441689594e-02,9.472085981703931568e-03,1.316435864929404453e-01,4.194161005692405297e-02,9.452915467812263162e-02,8.049139425581644525e-02,2.452226092532649310e-02,8.395188602554061463e-02,6.735711823228951456e-02,8.296887377396942875e-02,1.092249820866846161e-01,9.203782234608524904e-02,1.776854651835317878e-01,2.186009044308187821e-01,1.611797415160713676e-01,1.782797451757003604e-01,2.274789300006669346e-01,6.954667747273518552e-02,-1.545608393021724591e-01,-1.894331209768150004e-01,-1.757991723870820297e-02,3.234963254059188692e-02,-2.204954123603862781e-01,-3.350770313180914672e-02,1.108942808857255324e-01,-4.276006841081703841e-02,2.228422709386648770e-01
-1.718259886869650532e-01,-1.756333359782098757e-01,-1.770648705052744742e-01,-2.034721856754231339e-01,-2.028382857926141758e-01,-9.303787421603665342e-02,-1.469309862499218189e-01,-1.127618324294658997e-01,-2.671486753133096859e-02,-1.142807161466782712e-01,-7.159760009760099408e-02,-1.017272787296286118e-02,2.057102064793913110e-01,2.263508785130700918e-01,3.284083215533215028e-01,1.000000000000000000e+00,4.022134897510423190e-01,5.064497994721980367e-01,2.891525630114888390e-01,3.975953552758063614e-01,1.287605949796134797e-01,-1.428561084540356518e-01,1.273192394301577053e-02,-1.294228197894807253e-01,-1.409491001725752257e-01,3.502728252196610909e-02,-1.242096115088711095e-01,-2.413932093983530980e-01,-1.008123234566191476e-02,-9.710837802010729991e-02,-1.550154351542531728e-01,9.635684710474117301e-03,-6.720123456743246071e-02,-5.321800865068939540e-02,4.646639221311566620e-02,-9.749503486452964357e-03,-5.418532059242538862e-02,-1.625481129441447292e-02,-2.324925218330042669e-03,6.392970780067804004e-02,9.279395752799728114e-02,-2.967971670472420095e-02,2.159244751040519106e-02,-2.287744703599235013e-02,-5.031613315335781850e-02,-3.882401342545724332e-02,1.135502458843109519e-01,3.155451775826074046e-03,1.108074771898589495e-01,9.122344053700068289e-02,5.768751736623518173e-02,5.142528021951667944e-02,3.790778302930798704e-02,4.181523698397578148e-02,1.993696133330123948e-03,4.899070375155175315e-03,-1.109651774977927878e-03,1.179735568704007170e-01,7.526006586626624029e-02,-5.370090052948490317e-02,1.967621214079086911e-01,1.113327514119150236e-01,-1.376068141427756394e-02,-2.371717052350751087e-01,-1.494501696259569190e-01,1.200837505396952082e-01,-3.146208923668726565e-02,-1.863547211494023526e-01,2.042064439342120841e-01,-9.516943773324104683e-02,2.895477106308452439e-02
-4.997556400893776729e-02,-4.212546365614683319e-02,-1.063309128067857906e-01,-3.779727467595891954e-02,-1.076909710719818336e-01,-8.849041882074458465e-02,-1.349665777907242681e-01,-1.194935969798937292e-01,-6.684375166476086427e-02,-1.509578379833942108e-01,-8.418884686498831482e-02,-1.265133732407415501e-02,2.379331504177114587e-01,6.613325232603032289e-01,4.231659151110776507e-01,4.022134897510423190e-01,1.000000000000000000e+00,2.351880334504375669e-01,1.245780465559800931e-01,1.833735863326027837e-01,-1.330852938905244809e-01,-7.067658399039539185e-02,-1.789587093774901994e-01,-1.907777328579959020e-01,-3.292691806073608923e-02,-1.215364647779113710e-01,-1.743073779439689719e-01,-1.118496288472742711e-01,-1.056481948827847350e-01,-1.381553797243845472e-01,-5.811585716554980990e-02,-7.855507185404397852e-02,-4.857167877142614526e-02,3.023447843132097846e-03,-7.063821438861062063e-02,-7.160167408116800691e-02,-5.017519491729955511e-02,8.933808793792998026e-03,-1.035059625949497769e-01,-8.402888490227224116e-02,-1.368577758044843724e-02,-4.849483359220154409e-03,-2.333348678167216500e-02,-7.161262951158205159e-02,-5.593566598448271310e-03,-4.348148768214728233e-02,7.458794622040895717e-02,-3.308815126153611102e-03,1.853404107692076253e-02,-1.089042907933141652e-02,-4.701524443671291006e-03,5.351314671439952320e-02,-2.707823514613036039e-02,4.011821923921140599e-03,5.222790931714066387e-02,-2.817769338079072899e-02,1.497259969881725439e-01,1.720554155313098188e-01,2.463957789427798362e-01,1.027255057017707751e-01,1.370408490145877400e-01,1.754475491556860833e-01,1.390855342425788288e-01,4.991962157483222605e-03,1.141797691440066265e-01,1.900354599219536145e-01,7.014489993573914950e-02,9.597513010371704067e-02,2.946535140288383814e-01,2.292767040359618147e-01,1.609412376505429121e-01
-1.396744013359450531e-01,-1.778278613368865224e-01,-1.406649721715903523e-01,-1.566767557981393888e-01,-1.707391092192278303e-01,-8.289199311607092779e-02,-4.353574956478556413e-02,-1.441729339460665060e-01,-1.076097257202439546e-02,-5.760434075536684934e-02,-9.728160519710218890e-02,2.232248202156050104e-02,1.656985145828032968e-01,1.494145480573162987e-01,4.869524194683079732e-01,5.064497994721980367e-01,2.351880334504375669e-01,1.000000000000000000e+00,4.505109517116656637e-01,5.048103405095392127e-01,2.398236862054747842e-01,-8.231533446558667033e-02,1.245219287361428451e-01,4.495419468565238497e-02,-1.345028177101625644e-01,9.103360243935899876e-02,-2.931840907705297525e-02,-3.326999696141304530e-01,2.505924241907775754e-02,-6.988385178756946481e-02,-1.930307612402666351e-01,3.973096668838490414e-02,-3.538118122394570686e-02,-7.797169885473982653e-02,4.276269399446166325e-02,-1.645480521128700122e-02,-7.202254912371727769e-02,-1.161831565943826639e-01,-1.025298827520548517e-01,3.953869467743661992e-02,5.047127984797421946e-02,-9.170869741936463204e-02,-1.682601421543169357e-02,-3.762410158982962965e-02,-8.919216828791688700e-02,4.741120527995180967e-02,1.740750492030115892e-01,8.291884862182151428e-02,1.837882648907900596e-01,1.792723010919059223e-01,6.678779747055875460e-02,8.936726926487340017e-02,1.689337644410755235e-01,1.319482073186452054e-01,3.713220613473369736e-02,1.122491928999044264e-01,8.274463432719116052e-02,1.535734738155361823e-01,8.530653125658788083e-02,2.477551257466879819e-02,2.661947620634159128e-01,-2.743468919285931354e-02,-2.692258440154075561e-01,-3.441577863452119912e-01,-2.669706134457773272e-01,-6.012141166045232438e-02,-2.664575102328207157e-01,-2.975653125251281339e-01,-6.144303664345890197e-03,-2.495147485267809884e-01,4.145099118759560525e-02
-1.255570665392605478e-01,-1.671463019083340995e-01,-1.266489472930448501e-01,-1.655180569832286064e-01,-1.173026448908616320e-01,-1.245849651847060063e-01,-1.878460351403347384e-01,-1.930723458456060637e-01,-1.180765857356410320e-01,-1.401553406358805876e-01,-1.145931176248746880e-01,-4.475602869625841529e-02,4.657494880578572603e-03,8.861918799010093384e-02,3.616970164110338004e-01,2.891525630114888390e-01,1.245780465559800931e-01,4.505109517116656637e-01,1.000000000000000000e+00,1.444861200138916613e-01,2.068380148046739253e-01,2.158922538015866643e-01,1.647681998081335086e-01,2.431496317185922185e-01,-2.429585929377751918e-02,1.024134944366804495e-01,2.600700214182118941e-01,-8.557638807639415812e-02,1.307760068475775084e-01,1.591859293624427740e-01,-3.413975131653463474e-02,1.010080929712278280e-01,1.492034960373209429e-01,-6.617310137440783092e-03,8.160430902698656563e-02,8.901549958407083130e-02,-2.226447945452202787e-02,-9.554017313722495963e-02,-1.017686997528550741e-01,1.974649869916737452e-02,-5.658606648874643652e-02,-1.317980611407310598e-01,-7.957201582609421675e-02,-1.229935212095859681e-01,-9.491574564933914770e-02,1.843518029245846263e-02,1.817339085090068085e-02,8.498162297796531869e-04,3.264380318541196951e-02,3.059726470433109941e-02,-1.045463427463340887e-02,8.955835643914282496e-02,7.118029446101227509e-02,1.589952929689248187e-02,1.093258519244703353e-01,1.085615673517878188e-01,6.042688077578081685e-02,1.123233181054622554e-01,-1.996535716623207279e-02,5.411259583032365650e-02,1.514640807146723500e-01,-1.250066974700482225e-01,-2.702253717266779875e-01,-1.561791537632763460e-01,-1.377187314248737582e-01,-1.950792258899249898e-01,-2.909794866768560806e-01,-1.309413305103682423e-01,-9.948077411340755516e-02,-1.753740861249867833e-01,1.649741268577426534e-01
-1.229363356793454487e-01,-9.999351282454417567e-02,-5.885099360016210479e-02,-1.359665679614895928e-01,-1.054303494957429671e-01,-9.016099043549002934e-02,-3.300109651389991627e-02,-1.756825919821880522e-02,-5.705383500039778316e-03,-2.932915790389782618e-02,-4.649991452658588931e-02,-5.124542631829512307e-02,2.981073613394321503e-02,1.956139541035706655e-02,1.417075337381653866e-01,3.975953552758063614e-01,1.833735863326027837e-01,5.048103405095392127e-01,1.444861200138916613e-01,1.000000000000000000e+00,3.541153958850103978e-01,3.652938554990311365e-02,3.589585227441967619e-01,2.654200888899718030e-02,1.654396704427857443e-03,2.148395207058652889e-01,-4.195551308947961106e-02,-2.258792254620350382e-01,1.517098977898150292e-01,-1.487879313093405931e-01,-1.048256711071564873e-01,8.096202975940978985e-02,-7.817588749183362884e-02,-8.224508763542146342e-03,5.077648874135341078e-02,-2.788398354235313223e-02,-8.466721231792544156e-02,-1.373354967047478448e-01,-6.769894192762365703e-02,-9.861268081919127154e-03,5.844123703299015232e-02,-5.656908879482029640e-02,-1.922471267456219920e-02,5.176704445092953494e-02,-2.483369880802572399e-02,2.117198233573011276e-02,1.288784052893650056e-01,6.934172489938525419e-02,1.521269844221662670e-01,1.783733124771999246e-01,1.420529028714302699e-01,4.366521272245303675e-02,1.274334043128750593e-01,1.381772251818510489e-01,-2.526209734914248994e-02,2.036288717240988810e-02,-1.213728440793391400e-02,3.436747456580749316e-02,3.094243790047498596e-02,-1.131353160206405861e-01,1.821707864461544757e-01,-1.032206939291009512e-01,-2.154320726252182960e-01,-2.963650626140236222e-01,-3.564388458461494325e-01,-9.966330537087018937e-02,-1.225122641627860859e-01,-3.932453218930319627e-01,-3.873081934650433877e-03,-2.108307990579672275e-01,-1.478921982900224807e-01
-1.773182612062303154e-01,-1.759818229251585153e-01,-1.402458344903417531e-01,-2.313639961974540415e-01,-2.018596711423374934e-01,-2.054296095584826343e-01,-1.961031647387703469e-01,-1.540154782619413409e-01,-2.193351180333370509e-01,-1.759857489135820685e-01,-1.433703686600467375e-01,-1.684120887293281410e-01,-1.316380339333708405e-01,-1.601885220363988560e-01,-4.226734195549703560e-02,1.287605949796134797e-01,-1.330852938905244809e-01,2.398236862054747842e-01,2.068380148046739253e-01,3.541153958850103978e-01,1.000000000000000000e+00,2.898508730836033553e-01,6.027352131228762566e-01,4.140549096222764236e-01,2.948678839697788656e-01,5.062701099279017791e-01,2.851975961366473578e-01,3.504431610949725745e-02,2.796950020576857154e-01,1.723327189587156930e-02,-7.196085546648639183e-03,1.231641790836588424e-01,-2.532579329419064676e-02,-8.587674480912553532e-02,9.387130173821366108e-02,2.820065525431001731e-03,-3.670084973504962600e-02,-1.122433788795125925e-01,-3.339904679773689905e-02,1.118859786752345910e-02,2.897494922782926571e-02,8.309106847805503016e-03,-2.067989710094987263e-02,1.270596048444490034e-01,-8.973876986811929468e-03,5.267959899295449749e-02,7.351574690731405015e-02,6.004601823596544125e-02,8.762960474588955828e-02,1.940010341262664029e-01,9.074153806198935468e-02,-4.640490562504997335e-02,1.514249415027328627e-01,1.072441422036292530e-01,-6.058433868084667218e-02,1.789325693904066442e-02,-1.219971925115220374e-01,-1.353561317836559641e-01,-1.861326526815438864e-01,-2.549559249551740514e-01,-3.914158484739740929e-02,-2.962625078732898931e-01,-3.183394100847246611e-01,-1.500177437063960340e-01,-3.575936798858191379e-01,-3.941387904094261763e-01,-1.532047311565004344e-01,-4.352886384739953485e-01,-3.101358661595453592e-01,-3.845883291818489313e-01,-3.110049255077537711e-01
-3.578553572273780736e-02,-2.410838728316172172e-02,-2.308657271008428963e-02,-9.639073921104418519e-02,-9.744092772886792098e-02,-9.719616352529827918e-02,-2.045630857705328098e-01,-1.513152732253289778e-01,-1.098026432296104749e-01,-2.038877409598808810e-01,-8.164613841036191810e-02,-1.591381844251033295e-01,-2.016160751072917368e-01,-8.109604027873905385e-02,-1.057096659017237872e-01,-1.428561084540356518e-01,-7.067658399039539185e-02,-8.231533446558667033e-02,2.158922538015866643e-01,3.652938554990311365e-02,2.898508730836033553e-01,1.000000000000000000e+00,3.009342190109952631e-01,4.871590991957130412e-01,4.192151911262793629e-01,2.716699125245443103e-01,4.263872352470831628e-01,3.323980517216753583e-01,3.638298103642260695e-01,2.896503093294571229e-01,2.774800276648043962e-01,2.154026430791259883e-01,2.895480131063414841e-01,1.442479766265039876e-01,1.345649515125233453e-01,1.918449674016605988e-01,4.947779807311101369e-02,3.338231806874186053e-02,-4.712708511733645911e-02,-1.601403802996736458e-01,-1.641491404637240858e-01,-1.303901688417822557e-01,-1.927537474320959177e-01,-8.168732742825302040e-02,-5.793746264799855966e-02,5.600439651837963578e-02,-1.273696119707745655e-01,4.515946883676531104e-02,-9.872692464386163824e-02,-3.215637898438550302e-02,-1.472080516865501287e-01,-9.859048428083865001e-02,-1.314080667774565614e-02,-1.071161754244348147e-01,-6.738608032429867223e-02,-5.541879528523031839e-02,-7.897378465546331383e-02,-2.403741928178322329e-01,-1.450076301832032566e-01,-1.819177369331884675e-01,-2.141345433844675794e-01,-3.625298146568113888e-01,-1.645907492501496594e-01,2.794021096685515015e-01,-5.908790776776066955e-02,-4.131513653734538716e-01,2.202250154643526844e-02,4.664932209900066878e-02,-1.560772177413374817e-01,3.349504213789268603e-02,7.548540745152792185e-03
