1.000000000000000000e+00,3.069697964197864448e-01,1.679624598571985150e-01,1.302002005457910394e-01,1.631104804573700051e-01,1.720204555366635357e-01,6.353125433828463176e-02,5.630059623521371792e-02,5.539516009991425627e-02,6.880429175945902351e-03,3.967697425181414446e-03,9.272787344725305636e-02,4.913894809749812242e-02,1.886825520599890935e-02,8.024159486297940957e-02,2.839509087149427041e-02,9.499753725863976234e-03,6.489386432553018169e-02,5.138136954744795815e-02,-9.077116122037974869e-03,-3.327502776180332050e-02,-3.785690001822877154e-02,2.592610046883916594e-02,1.493636693647827770e-03,5.847756149476069504e-02,-1.920474515995676881e-02,-1.026640230799040834e-02,6.732879153884811785e-03,-1.087643188496580093e-02,-2.799965719531593428e-02,-3.088670707583200670e-02,-2.255461039617080027e-02,1.854447307477932391e-02,-7.777828746449477748e-02,-1.148136326605103813e-01,-4.294856107322012756e-02,1.079436277807173383e-02,-5.866665327998548535e-02,-8.026594734898342964e-02,-3.011824491661062309e-02,-5.055616502698149356e-02,-7.266527432868662151e-02,-4.619992470873611652e-03,-5.303232145132757286e-02,-2.800807355047508010e-02,-6.098392696359602322e-02,-7.070133208875253872e-02,-3.612575905147880073e-02,-6.505225531967696873e-02,1.161003325361124709e-02,2.443957954950065972e-02,-3.992738005051627709e-02,3.617272066957433890e-02,1.693173447164691980e-02,-1.630757080453777361e-02,-3.968770753568339610e-02,-4.876717414868090433e-03,1.107298714593828387e-03,-6.584983350343133479e-02,-1.618013063763541065e-02,-4.818329474679235863e-02,-1.806443315008620515e-02,-6.377688093863255470e-02,-7.827728275670456370e-02,-9.004340129879466123e-03,-7.772808025533087251e-02,-6.779898800030446926e-02,-4.937135015526276233e-02,-2.902326244046865567e-02,-2.823576856954215439e-02,5.994977128847677611e-02,-4.907537421282817669e-03,1.501113320153273610e-02,1.038527302512960368e-02,4.559367311144512519e-02,-2.414582074020598518e-02,-4.410923760005220837e-03,5.887458176351879208e-02,4.790664621947759820e-03,3.537786634980455425e-02,5.721976035792040310e-02,4.589723974663603018e-02,5.655915249052723831e-02,4.399516380132591220e-02,-4.028717587399248401e-02,-3.249888544703170151e-02,4.212426199256828069e-03,-3.892557367625384263e-02,-3.804489168734842552e-02,-7.428451917497021911e-03,-1.798822321044746264e-02,2.248181661232860271e-02,7.984980840915676531e-03,1.545658296707203526e-02,3.541577958256099390e-02,-3.538922037939577769e-02,3.105718313332117217e-02,-4.851940680419838947e-02,-8.922051983972908995e-02,-3.396039370088935194e-02,1.069331574317403111e-02,7.124236479319429050e-02,-3.079247955546285040e-02,-2.542330007685222448e-03,2.381512416622190431e-02,3.465673657640167687e-02,2.330149907627174916e-02,-1.750885393932758230e-02,-6.466250548702762689e-03,-2.464939230497073877e-02,-3.636952939669833157e-02,6.678921410602339445e-03,6.769480289614159723e-04,-4.598190956484856859e-03,-1.411222727659358807e-02,2.220741465918139521e-02,2.409960885120878207e-02,1.297585808857576808e-02,1.065434400424493250e-01,8.437407265392769806e-02,4.609690971801447268e-02,-2.156995823556408926e-02,2.062879825683739538e-02,2.929150323960888220e-03,-1.701219013558079047e-03,7.678772386369954461e-02,3.709828444837977302e-02,4.972262031974468421e-02,6.329061475434205608e-02,3.829993035642174914e-02,3.004382653598640721e-02,1.652791718921197209e-02,8.181842874798921084e-02,2.447090176455068294e-03,6.695079515543015010e-03,-4.322356408873492817e-02,-2.760106852593812582e-02,2.407205876137181663e-02,-2.389731762246213517e-02
3.069697964197864448e-01,1.000000000000000000e+00,3.054939936237019982e-01,1.778993417022735890e-01,2.493280901091641522e-01,3.244133098521654324e-01,1.209791736811121343e-01,6.244845232133641733e-02,1.732980990771458563e-01,1.218058126689964271e-01,-5.062691425422378121e-03,-1.395297927158189663e-02,1.055403086325789747e-01,6.836218552865586107e-02,-1.729275352624609630e-02,3.877472568481363235e-02,-1.513838918226781925e-02,-1.577008283938483024e-02,-2.549792384347239829e-02,-5.401574123142960371e-03,6.962232247270063422e-03,-2.666500805375856056e-02,-4.201373644528320905e-03,3.199812264539909912e-02,-1.835441528067432299e-02,-4.205493981338892517e-02,7.251839497263552758e-03,5.728603535643030445e-03,-4.588743216182764040e-02,1.402467301595016966e-02,3.291605100222812913e-02,-2.908299604993439674e-02,3.354064631370949623e-02,-2.653020214362172141e-02,-7.450612929275076714e-03,-3.371890999473548412e-03,4.236276770272280612e-02,-1.991322623141623949e-02,-7.767733182596028851e-02,-2.197024344858857989e-02,-1.216045382475904567e-02,-2.764103625093098163e-02,-6.654059466850727710e-03,-1.896606888246841344e-02,3.663124606647985993e-03,-1.467431459586350344e-02,-3.750734275380639832e-02,-3.882754601888899204e-02,-1.104356980884259494e-02,4.511701447579655883e-02,6.605387751983976541e-02,-3.650694995605551245e-04,3.476425030279344658e-02,5.851425069254959782e-03,-3.226130026994463579e-02,-9.122600101365059555e-02,-7.441845901442753486e-02,-4.451686971138403559e-02,-9.071588749059139589e-02,-7.826045500521071341e-02,-8.270499986084395294e-02,-3.422477047497549107e-02,-6.451054072751541413e-02,-8.503812940276338217e-02,-4.799894661454649769e-02,-1.033193633965396457e-01,-1.128674659873413755e-01,-1.124917516660969424e-01,-3.219188227198265667e-02,1.747132212926567202e-02,5.913706494447239226e-02,-5.575611638723110275e-03,2.418279895176273647e-02,-5.639380811184323099e-03,3.986956151824893463e-02,1.704382131916170641e-03,3.198569996445207227e-03,8.819133554087456306e-02,3.670255176541903364e-02,6.746334259194584904e-02,7.382266768097639487e-02,8.106917844303350440e-02,1.224996346636035988e-01,4.564725551164950518e-02,-1.994024944086086881e-02,3.451617727657042139e-02,2.828998581830641929e-03,-3.086767614011775782e-02,3.022220313806450384e-02,3.095689515089355623e-02,-6.239088605719982084e-02,2.338982078351674668e-02,-2.668739353883558749e-02,4.246773469753675756e-03,9.900434706127366272e-03,-3.545300704651564716e-02,1.185493574257538013e-02,-3.235885654218578072e-02,-2.026725345383748392e-02,-3.599407894256208967e-02,2.653212995586924985e-02,2.237069910571306067e-02,-7.655633649375961913e-02,-1.338308990494047751e-02,4.687116088954702137e-02,4.815050916490623556e-02,-2.427730735705396423e-02,-8.150434877343071260e-03,1.242626328093202927e-02,-1.533508917907308935e-02,-1.534610143539220060e-02,-2.145159954396677615e-02,-1.745277694233982740e-02,3.342998586236459874e-02,5.747190168865774773e-02,4.209131230607626034e-02,6.108927023446562160e-02,5.069970501552548831e-02,8.622809200662920337e-02,6.491869009703640780e-02,2.641884399398535324e-02,2.263052978498144782e-02,-5.482178400445490013e-03,1.690963172099120213e-02,-6.307007074991496411e-03,7.617595824493467171e-02,2.792612598472766008e-02,2.460546595711776349e-02,4.352562222967644272e-03,-2.334708860822704360e-03,3.161732158231959217e-02,2.024558230553625410e-02,4.845584842629797884e-02,-1.444888949409063377e-03,1.226179585626297960e-02,-2.767970435842421854e-03,-4.010970604818336893e-02,4.536018798053759182e-02,6.246940819533570435e-04
1.679624598571985150e-01,3.054939936237019982e-01,1.000000000000000000e+00,3.112425278002471929e-01,1.188574098051364963e-01,3.380961146566250908e-01,1.399037425983989946e-01,-2.189534523268520452e-02,5.601490603961054721e-02,1.614721446833634888e-01,3.507855507024299629e-02,1.384068150184735585e-02,1.233628234127802648e-01,1.626131285750614108e-01,5.297742174075866645e-02,-8.425175421331605047e-03,-2.693660767614863664e-03,1.350940528697559123e-02,1.983880801529433816e-02,5.139208265318567607e-03,1.141707566210529989e-02,4.155556240790768407e-02,4.644189656939161359e-02,1.032012377304851458e-02,5.555970316597365344e-02,1.771098310041235857e-02,2.875197665259464005e-02,5.572232037014009792e-02,-1.251899479997232827e-02,4.923243232713187152e-03,-4.263008740856942189e-03,4.753388779787054430e-02,4.670250082630850175e-02,-3.909284431111502423e-02,-7.477125544084095750e-03,-6.831250947759556682e-04,1.942413032654089280e-02,-1.244667939582619863e-02,-3.769035829463725923e-02,-2.396033413126810035e-02,-8.975116825714089114e-03,8.319266390569516473e-03,3.101820572224188444e-02,4.995310721289673850e-02,1.453154955824598193e-02,-1.817775339764143155e-02,-3.110488108780271044e-02,1.917908248083819225e-02,-4.600165807838516030e-02,-1.739785020486044401e-02,2.543526154180936194e-02,4.694968475796146290e-02,5.743020869870060774e-02,-4.242223208702906867e-02,-4.375102302048469727e-02,-5.744169780159381899e-02,-2.628285749779493349e-02,-6.066130326125759864e-02,-8.152743153960217981e-02,-6.682303344621132180e-02,-4.882360984072858096e-02,-6.978902371534233262e-02,-4.095938454522885658e-02,-8.299857968672300079e-02,-6.830033084330003335e-02,-1.280704526772997454e-01,-1.129561746675262490e-01,-1.392628259645707078e-01,-5.244242028317445958e-02,3.047486229321695606e-02,-8.630858261452295510e-03,-5.564962197268279870e-02,2.442399290247439583e-02,-3.331250052909151549e-02,1.845597738529433304e-02,1.148519682343854134e-03,-8.671340747949431160e-02,1.890070538451141952e-02,-4.354306253073171530e-04,-3.308316917320208023e-02,-8.161497676303891557e-03,-1.287520836559232808e-02,5.600958130344865088e-02,4.451317090227405876e-02,-2.243982188946810549e-02,-2.514045861058073969e-02,-4.930675289487056190e-02,-3.918181397904184349e-02,9.716577756800997417e-03,-2.814140484729490965e-02,-5.324159425089101949e-02,7.828531258021098616e-02,-9.453902165449671463e-03,4.104514966801149634e-03,-7.323707299940148720e-03,-7.506694712907954758e-02,1.089946862209017521e-02,-9.609498056483789172e-03,-3.256550412120023247e-02,-5.196548280271501286e-02,-3.576895539165063365e-02,-3.407909820271727563e-02,-1.111926960516310403e-01,-7.047067311637569831e-02,3.774992836752031483e-02,5.238089404109062819e-02,-2.692571346401676641e-02,-4.881888117486925596e-03,4.092257901122673541e-02,2.091383662608539001e-02,-2.882463535726564278e-03,7.405200091879213242e-02,-5.898911011662788528e-04,5.231233084953107459e-02,1.126910471576889894e-01,9.661814101852436720e-02,1.159398938633370152e-01,1.328728905301498342e-01,1.251838533187169533e-01,1.035769504151482223e-01,1.290462452490661605e-01,7.889669023418731386e-02,4.314260291791369856e-02,2.471042662545103533e-02,3.591808098256456944e-02,2.714668444677197437e-02,-3.301566818277890114e-02,-4.617765782360262056e-02,-3.504819317016264098e-03,1.276478042682059437e-02,-1.856791058540171319e-02,-1.814606331921612623e-02,1.607631734712703167e-02,2.712882300504068298e-02,-7.487650552803662429e-03,4.449362463847979232e-03,-6.167523687503216091e-03,1.982251874916209425e-02,3.154766178986271458e-02
1.302002005457910394e-01,1.778993417022735890e-01,3.112425278002471929e-01,1.000000000000000000e+00,3.673860806095848308e-01,2.798463865990920563e-01,4.835926592525739004e-02,1.109602135408113560e-01,8.811166789492871909e-02,1.288211862378720318e-01,4.362128287322372330e-03,4.401563338779171386e-02,1.152107442009620425e-01,1.526530760665486541e-01,8.515475674989474164e-02,4.022668223569735718e-03,-7.786474014437719249e-02,2.426033171375708078e-02,-6.566413301215534570e-02,-4.582729458649950627e-02,-1.183212287330977393e-02,4.060648691090845003e-02,1.837527244931309433e-03,-2.391252931124556239e-02,2.265658356679937143e-03,1.313605035824553721e-02,5.561522289704393801e-02,8.023810261600736182e-02,-2.126734258853767157e-02,4.100276604546265746e-02,2.766325714410764521e-03,1.358981436045772831e-02,1.135881649266665128e-01,-3.295757779945670835e-03,6.478021147257165269e-02,6.216741871058616836e-02,6.121740188631651612e-03,4.515451185340747797e-02,-4.446510174812515898e-02,5.361349694119742215e-02,3.058693969742228014e-02,-1.254347255820568649e-02,1.892961903368323151e-02,5.681274319538350687e-02,-1.261957137989306416e-04,-5.394993745518422007e-02,-8.114375658087742693e-02,-9.547050096941497865e-02,-7.102605807536145621e-02,-1.958202688847283934e-02,-5.801516016180322324e-03,5.850623579221096715e-02,2.912212444537628717e-02,-5.867546272581802141e-02,-6.853932249981794025e-03,-4.971790478666748836e-02,-5.742575606942178224e-02,-2.296681143369905254e-02,-1.346102937922960888e-02,-7.006003726493217898e-02,-7.995969895674939765e-02,2.115724937269987047e-02,-7.618655666760566249e-03,-6.421410830692671212e-02,-7.146513617539147767e-02,-7.456000367516829597e-02,-5.968977978196188944e-02,-1.402875172370605106e-01,-6.442988371439672957e-02,6.602657414032109262e-02,-3.273082701252023104e-03,-3.793005134649708038e-02,1.088483441609443617e-02,-1.849203868154574923e-02,1.958810473453183841e-03,6.461104118012797951e-03,1.004397376694106565e-02,4.263450202162211156e-02,7.911838122562823636e-03,-5.909224431590643679e-03,-1.440843938396028402e-02,-1.438581645725530399e-02,5.412777384321164342e-02,5.819840789690215038e-02,-1.650414749922168856e-02,-1.738108973248158468e-02,-4.079603380383587524e-02,-6.240583932558467495e-02,-3.751614995279845682e-02,-2.789640009700633180e-02,-1.460806465554959944e-02,3.223431036514985693e-02,7.711654844857336079e-03,-1.994584789707949408e-03,-2.705030878363337901e-02,-1.108691532864035656e-01,-3.216125235207863142e-02,-3.797822801569317175e-02,-2.041767469186278952e-02,-1.635084933985797226e-02,-2.895846150030428195e-02,-7.157662526084371257e-02,-1.680625538796539087e-01,-2.488728871310301113e-02,4.517982030398366711e-02,7.651418241453808444e-02,-2.054631292268335740e-02,1.778509993673900100e-02,1.079739026605239238e-01,8.112302859719940085e-02,3.271530806279478870e-02,3.654568014977796746e-03,-3.015881406598851233e-02,4.215267676712066564e-02,1.801724006095942465e-01,1.562422731720821967e-01,2.109672355517651920e-01,1.625023482066918490e-01,2.374624176520983010e-01,1.722400205937178741e-01,1.438722987298298173e-01,6.333689835622639819e-02,3.299670300453019789e-02,1.031189500594334313e-01,5.868186081736336684e-02,1.441495678167837025e-01,4.727433052225172433e-02,5.443497174907151875e-02,1.101374028505544729e-02,-1.665297079849525907e-02,-9.977224442583951247e-02,-1.680271221169260532e-02,8.676796733348117116e-03,-2.233970687185724349e-02,1.148227054356508806e-03,5.315407023480426402e-02,1.632645691725433112e-02,2.213281675825277267e-02,6.171208453807858901e-02
1.631104804573700051e-01,2.493280901091641522e-01,1.188574098051364963e-01,3.673860806095848308e-01,1.000000000000000000e+00,2.856398524974184672e-01,6.902150684519541002e-02,3.438497570284096971e-01,2.162203527102252443e-01,-7.151090929108293477e-03,7.647612731982366026e-03,1.553443006164367257e-01,2.076657576972502084e-01,1.624807128529835443e-01,8.348573020438539161e-02,9.070856329387538830e-02,4.835433078244762324e-03,6.343987926715799475e-02,6.368645664745013757e-02,-4.666857133186440298e-02,-4.073767778420776808e-02,7.094750754726006359e-02,5.904529325460352446e-02,-4.211567360705919388e-03,2.733414611096605940e-02,-1.879806663281142348e-02,-7.056491263014641989e-03,-5.028048803237002151e-02,1.938554156832013667e-02,7.696361877377275174e-02,6.982962938064071756e-02,4.690727148460444897e-03,5.474124553441438168e-02,-1.059785175557138859e-02,-1.354289515563216265e-02,2.825038783075051532e-02,6.116681521228818641e-02,-8.097386331600033276e-04,-6.981984918996936296e-02,8.067199020230226127e-05,5.987092993546800669e-03,-2.523671366858456014e-02,1.710483175526405011e-02,-3.480842124215367817e-02,-2.045011351016622070e-02,3.466426891407346257e-03,-5.002172760157991976e-02,-8.692192532881359845e-02,-4.466423806254281315e-02,3.875784395904190160e-02,2.657923440232428866e-02,-5.758514240946643881e-03,2.268557325487529502e-02,-7.248523654479144263e-02,-5.073368932402774756e-02,-1.193368990178920452e-01,-1.659848167348590420e-02,1.097994206621900198e-02,-1.109541442920363441e-01,-9.329613158211098878e-02,-9.013664272830723689e-02,-6.825486673478824151e-02,-9.985807462982179694e-02,-1.251625325192264604e-01,-4.957482439963387111e-02,-1.560709444776794685e-01,-1.693202535915098450e-01,-1.892097107771233688e-01,-4.648340685155749608e-02,4.393100543740392772e-02,-4.859280577122244982e-02,-6.943580553486296270e-02,-3.301675662077392052e-03,-6.983516787034058093e-02,4.566512378665155765e-04,1.722226068729044643e-02,-7.970590420639885390e-03,4.440048182583881259e-02,1.406115541871618552e-02,5.626244591832697123e-02,7.238028164228153816e-02,6.755296454929909933e-02,9.534351345838545932e-02,5.646629256650587819e-02,-3.599087562686946028e-03,6.095427746751575990e-03,-9.942967111216272774e-03,-2.987231258163697972e-02,-2.783007415870868834e-02,-8.402858631472017933e-03,-5.725841932197440337e-02,3.877867775379754967e-02,-5.066145195997441564e-03,-3.989682296070827831e-04,1.998090632449942353e-02,-1.238179679266005612e-01,3.768803516363016665e-02,2.516947763508232613e-02,-8.486686136029217287e-02,-3.927702083637670677e-02,-5.185236457991134786e-03,-3.494674025434713061e-02,-1.159268741956130944e-01,-3.024818208013356144e-02,7.770224900284485037e-02,1.568373591506026510e-01,-1.927050302704506196e-02,-3.744444155681860616e-03,1.233813555860861361e-01,8.952048123419191483e-02,1.646347112610757960e-02,4.755885194142743522e-02,3.260945796898005039e-02,1.497399587059632664e-01,1.333023452162926115e-01,9.831301006193818304e-02,1.438863649052924409e-01,1.071712679906370036e-01,1.772154826654230297e-01,1.201904099142882959e-01,7.152616911998686822e-02,6.582740255122017381e-03,2.767000163233126336e-02,7.360078732503852472e-02,-3.440658947628557479e-02,1.471665768969185606e-01,6.330996306963308784e-02,4.057676667276322036e-02,9.104719325873621150e-02,5.588520281602633866e-02,1.806811820583232794e-02,4.215348168786070548e-02,6.375666169670501926e-02,4.468372926834478231e-02,1.044945801263906932e-01,5.295680552558285070e-02,3.617925131592788449e-03,4.083357211656118285e-02,6.021968808164267911e-02
1.720204555366635357e-01,3.244133098521654324e-01,3.380961146566250908e-01,2.798463865990920563e-01,2.856398524974184672e-01,1.000000000000000000e+00,3.694503950024041750e-01,-2.993188314802486087e-03,1.789633167060731278e-01,2.204646750186721738e-01,-9.999071162213701847e-02,-1.514611898007648533e-02,1.847804902091589596e-01,1.450888509277087901e-01,-2.190552073588307447e-02,-8.033662878827414755e-02,3.369828793865811689e-02,5.543331018981211000e-02,-2.200686648732638750e-02,2.706847808480724107e-02,9.768778478007762722e-02,-4.466061883795589132e-02,-5.150908459381882409e-03,9.085642049088754613e-02,8.744526077176380252e-02,-1.464838486502727417e-03,9.779339153121351103e-02,-2.624296667376015135e-02,-9.277771591065195333e-02,-1.753481997520953475e-02,1.231626778425021912e-02,-3.975259255533844169e-03,3.327996370908391406e-03,-2.515306928593482108e-02,-6.783521613510597181e-02,-1.356044464110381029e-02,1.013172729418770294e-03,1.295114667005781541e-03,-1.406564296378255141e-01,-2.391948838429253099e-02,9.196045962442989802e-03,-2.524686884678814416e-04,-3.221288466285780056e-02,-6.017604325600278692e-02,-3.867669879874922716e-03,1.351940369405301400e-02,-3.672596096573772090e-02,-1.906207998982635543e-02,-9.603548720331872568e-02,-3.432932634266928212e-02,2.872129943168500246e-02,3.677188497209896156e-02,1.572244614560756523e-02,-8.742782373520437134e-02,-7.923475807134681970e-02,-9.838684186941334953e-02,-6.757712722675995876e-02,-4.913841149002776826e-02,-1.236844291994329131e-01,-7.444256414223025808e-02,-1.424432950389470098e-01,-8.944425070783552922e-02,-5.445864047624455334e-02,-1.222655190734403680e-01,-5.863627265446014897e-02,-1.185445348823760126e-01,-8.920368810396490933e-02,-9.388036724970721947e-02,-2.091664347191034973e-02,-6.362509628766237560e-03,2.426619202554124513e-02,-2.869545618942059145e-02,5.223273608279981051e-02,-9.776323146236453460e-03,-9.095140723840136956e-03,-2.206842270381486129e-02,-4.010195308767899175e-02,6.817587336029774792e-02,2.319426622029466603e-02,5.807261870335191090e-02,4.285755183818846376e-02,1.949585735816121088e-02,1.300153310578429089e-01,9.956835842867883812e-02,2.500869295819718383e-02,5.305375824989917027e-02,3.132694994789249343e-02,1.674967648772839740e-02,3.228931643688270903e-02,3.867613668449966513e-02,-4.826832979867605455e-02,8.295462403193933076e-02,-2.029517309771427733e-02,3.946111391851814948e-02,4.201075209902609131e-02,-1.300045289659555459e-01,2.041156793233483979e-02,7.785850398244868048e-03,-1.189813124091299024e-01,-2.750374380005936314e-02,-2.141058222432151194e-03,-1.642600636815255005e-02,-3.819166474810148371e-02,-3.201167903211666471e-02,-4.690804450031967054e-02,-5.826820636636471755e-03,-5.435457631554781177e-02,-2.042510660875675524e-02,-1.243681251415571637e-04,-2.582198455162388814e-02,9.558469232846101768e-03,2.776145156319717588e-02,2.432473589649404577e-02,5.373583371167917760e-02,4.713644652753306435e-02,3.456164931305208410e-02,1.362532853178984316e-01,5.970905728905458870e-02,1.391949449097100167e-01,1.320993470964286487e-01,7.432678717876067820e-02,2.166550980818218383e-02,5.361253524138853699e-02,6.390226328855256981e-03,-2.566753804712738202e-02,6.655812885981698956e-02,3.520437340502218654e-02,7.056225956026157542e-02,6.019700000554468328e-02,-3.349439675284836271e-02,4.644178236470204724e-02,8.366538677746317154e-02,5.436260911889462949e-02,2.260857916096226800e-02,3.018816030108680340e-02,-4.097747625091222035e-02,1.489304516681626278e-02,1.173219345023105223e-02,-6.780402665226022314e-03
6.353125433828463176e-02,1.209791736811121343e-01,1.399037425983989946e-01,4.835926592525739004e-02,6.902150684519541002e-02,3.694503950024041750e-01,1.000000000000000000e+00,1.798996519903661995e-01,-8.212409617980809262e-03,2.422093383448584714e-01,2.270398427856662182e-01,-4.328405153788879300e-02,1.600909729322286951e-02,1.457440103773618711e-01,-3.349829915129758084e-02,-1.134359782610572936e-01,-2.126927755011792653e-02,1.252457242937103365e-01,-3.701315749679684464e-02,-7.174430730906472542e-02,1.234217222784572826e-01,8.901871809646752509e-02,-1.288616932531646588e-02,7.348716826830260784e-02,5.771774720126897351e-02,1.657662148515909664e-02,3.744195706143593760e-02,1.105415123430876154e-02,-2.800084137556231242e-02,-4.333859332381884838e-02,1.351517185342486667e-02,1.145344934232286546e-02,3.593156256550562606e-03,1.617040010953077825e-02,-6.891967230660080157e-02,1.744754786747396494e-02,5.998223913811367297e-02,2.988386573062078513e-02,-4.889525378445329362e-02,5.484820703053618421e-03,3.536449018809121464e-02,-1.665124554473217100e-04,1.717007767815148869e-02,-5.625515497917112084e-02,1.987359283261753290e-02,2.215959508189479718e-02,3.694890038120424939e-03,1.302526253154002132e-02,-8.290679143495013415e-04,-1.957169879672570126e-02,1.857268420360923614e-02,2.630218260063646105e-02,-7.075743890398980031e-03,-1.775915041775060627e-02,-6.228163740997887110e-02,-5.963138064878946605e-03,6.397161451800506896e-03,-3.249157345323819279e-02,-5.448796743301590612e-02,1.559610740131386897e-02,-8.766462143399185447e-02,-9.808362174051561688e-02,1.555723497713250303e-02,-6.506634987755359478e-02,-8.671768832604034860e-02,-7.585912319593557385e-02,-3.087359510921320813e-02,-3.729751549778936859e-02,-3.714381811769487673e-02,-2.101296921738107434e-02,-1.630826189211818586e-02,-2.458210984027422996e-02,-1.608481160023548162e-03,-5.323124863710969323e-02,6.869292871409573772e-03,5.329554766639181844e-04,2.909918358584467207e-02,6.903481238235753548e-02,6.298763223523883015e-02,1.203453338144668955e-01,6.800225752389718603e-02,8.128541088559985278e-03,1.299500616782423845e-01,8.603155015155727892e-02,2.548216193191948573e-02,1.333469913657904515e-02,-1.378469267251417572e-02,2.086703782181186656e-02,-3.217271196710554050e-04,-3.412697622099200578e-02,-1.354748225879439383e-01,2.755117026815516457e-03,-1.346031286323020881e-01,-1.110538414380862586e-02,-2.843686112942193575e-02,-1.341994733754820757e-01,5.586639353850891962e-04,-6.734428620100590956e-02,-1.653221776983206381e-01,-7.829715594102257259e-02,-7.405827813489229998e-04,7.345000759727994544e-02,9.820693174627408151e-02,-8.610427348838085512e-03,-6.595152440761765933e-02,-2.324702936500638861e-02,-3.011246841500013829e-02,-8.958526282896668580e-02,-2.998929759767564665e-02,-5.950521865958461470e-02,-6.104743781775295169e-02,-2.691108292966731819e-02,-2.263699325761934708e-02,1.962577016112435763e-02,-9.618428910433476919e-02,-9.661711949760155849e-02,-6.214822646670058182e-02,-7.035862103020222580e-02,-7.374261900415697568e-02,5.113618717113636164e-02,-2.835684099008424150e-02,-2.094093009391544830e-03,8.885569025139691823e-03,-7.249819842382450308e-02,-7.411806794112778089e-03,-1.056527840275999081e-01,-4.233861802093091126e-02,-3.362419454747505448e-02,1.192260368178955400e-02,-2.257578304425109095e-02,7.497684812631554008e-02,8.339782079959204286e-02,9.303359649732233227e-02,2.541000840310215017e-02,1.022178501565998154e-01,2.319152553169268743e-02,3.425901281449888341e-02,2.423670219126691089e-02,3.758168276229002097e-02
5.630059623521371792e-02,6.244845232133641733e-02,-2.189534523268520452e-02,1.109602135408113560e-01,3.438497570284096971e-01,-2.993188314802486087e-03,1.798996519903661995e-01,1.000000000000000000e+00,1.696177439878976678e-01,-1.757294989923452733e-01,1.913088731889552863e-01,1.144109363051898920e-01,6.670744816585824069e-04,1.549400965310856193e-01,3.334802344383883121e-02,4.003622984304833904e-02,-7.919392324854429566e-02,1.019436591054066338e-01,-2.690389024303866533e-02,-1.479066139781348710e-01,-8.001128102283865118e-03,1.430672677654595826e-01,-1.775851066104050177e-02,-5.635367394274614500e-02,-8.889315969335473411e-02,-1.232898225130543285e-01,-1.335277006125764332e-01,-1.189031322964573256e-01,6.416190800301114876e-03,-4.595957358042604413e-02,-4.698944713480221469e-02,-3.262500155367965837e-02,-1.635655609217001941e-02,5.723658591258101724e-02,6.708593020289532749e-02,1.224900581141214473e-01,8.531822842815826868e-02,1.081708552310536309e-01,-5.996704784112506965e-03,1.155640190660152805e-01,8.174350098754902538e-02,6.325563146356322219e-03,1.870146206572551387e-02,9.021674713536861900e-03,1.686068218812298083e-02,2.158951073051827707e-02,3.159763083192405897e-02,-5.525214140399800633e-02,2.497203801135403078e-02,8.476835420264274001e-02,4.088695233561807224e-02,2.675613960960870202e-02,1.786837130543141375e-02,2.572213398688532812e-02,6.050247999678614978e-03,-1.078827149438112316e-02,-2.156408897923844589e-02,5.372736406190391570e-03,-2.011756587563871129e-02,-3.079615812730317551e-02,-7.674743509983354695e-02,-3.718753575669310474e-02,-4.896267885600461001e-02,-6.650790594569506997e-02,-3.575125430087251061e-02,-7.556442943826068015e-02,-1.072754521068696454e-01,-1.083347240827931268e-01,2.278478380940301279e-02,1.094895732695928686e-01,-2.395944435699210763e-03,-6.769506734657161628e-02,1.563796505604051618e-02,5.596931864117299371e-02,-3.061355601478031249e-02,3.771420839572396655e-02,-2.779779154955224277e-02,-2.610409507042664792e-02,2.126882768446763244e-02,1.108198446952510796e-01,3.908519146545667150e-02,-5.096561253108033984e-02,4.004417541897530020e-02,4.616253390758113390e-02,-1.450557920084145046e-02,7.404955027873795503e-02,-1.877042461636354437e-02,-6.001827268358079365e-02,-1.364934036970171828e-02,-2.842678605579009640e-03,-9.360603083352161957e-02,3.782376779043760979e-03,-9.426725368931028470e-02,2.751248456436023587e-02,3.259913441308805865e-02,-2.464096606824924679e-02,9.253843475039226496e-02,-1.033233146048377106e-02,-6.731058954380564341e-02,3.268059488487329994e-02,-1.186048250299719282e-02,-2.283159039218122556e-03,-3.208043199253681615e-02,2.951901176435000555e-03,3.736947659244797132e-02,6.566098824326459249e-02,-6.261027993829168872e-03,1.789003509161619238e-02,7.602415745500766542e-02,2.366608670036903644e-02,2.084320975962160663e-02,1.041137946083024041e-02,-1.434400565416755254e-03,1.061352445997040123e-01,3.426721284363756087e-02,-3.220586805672596281e-02,-1.720443312790556145e-03,-6.247459748318559547e-02,-4.769106649582427297e-03,-1.166476201827902105e-02,-7.370297850355472802e-02,-3.911597400698149651e-02,-6.788963369520332374e-04,-4.180216399817868189e-02,-4.903609782392647637e-02,1.452496525421051107e-02,-6.617921993507631939e-02,-7.210766279278468804e-03,4.219376259607863361e-03,-1.758340918559690019e-02,-2.944126577474000597e-02,5.027532859789715473e-03,2.428625851707887431e-02,-6.228886646892543844e-02,9.399994414383365526e-02,5.541395955825088177e-02,3.967604646371111592e-03,-1.148375585112639333e-02,5.966954447716454196e-02
5.539516009991425627e-02,1.732980990771458563e-01,5.601490603961054721e-02,8.811166789492871909e-02,2.162203527102252443e-01,1.789633167060731278e-01,-8.212409617980809262e-03,1.696177439878976678e-01,1.000000000000000000e+00,1.828281515859544737e-01,-6.139814438453996409e-02,2.434534594069323876e-01,2.488159558492721024e-01,2.170604380341453199e-01,5.746088168355299036e-02,1.821845558117568264e-01,1.036700562341647813e-01,7.152763263521338954e-02,4.816315881669106652e-02,4.127809988495756421e-02,-3.364632864080108199e-02,-4.188650111984715263e-02,-6.477258979420518273e-03,3.788536859043030620e-03,1.560975262226565324e-02,-2.723946535124884688e-02,-4.884403840167220179e-02,-8.209925802543563411e-02,-1.125198741709076272e-01,-1.359390760482604155e-01,-9.387782725812622575e-02,-4.738849383805653070e-02,-1.290207846699113203e-01,-4.277843411547584129e-02,-1.683440578476964530e-02,-6.770583793354946478e-02,-2.165494914442952709e-02,-3.833506760303958399e-02,-1.208478723550033551e-01,-2.018197060087068007e-02,-8.856978676904589398e-03,-1.103711952728461121e-01,-1.678387462880616687e-01,-7.113002450598353288e-02,-3.326387045927464703e-02,-6.072150251097869350e-02,-8.900448262411207734e-02,-6.216892378999641644e-02,-9.925140640763292083e-03,-1.174339642343187606e-01,-1.013541738688030491e-01,-1.219111110637958600e-01,-3.535513962350837064e-02,-1.364336412238226492e-01,-1.454079658631748651e-01,-2.345163080662999444e-01,-7.139757095285051425e-02,-1.292616474277366034e-01,-1.699117426088992688e-01,-1.907876443760729568e-01,-1.284486886254322668e-01,-9.790398964697810680e-02,-5.729059236429456803e-02,-7.958932581579750143e-02,-7.961482562984173450e-02,-1.665045055353220615e-01,-1.453058590787686122e-01,-7.389195596985582981e-02,-4.468177559131661369e-02,5.001913799143367645e-02,4.626207517161986388e-02,-2.404858089233566452e-03,-3.913729820295599321e-02,-1.844024024953513224e-02,-2.982099708990357603e-02,-3.409441690359452798e-02,-2.875104883207960788e-02,3.678712553691979026e-02,-2.183180133412546478e-03,1.965969187581067396e-02,8.250310538264946092e-02,1.117827468300094072e-02,1.001240079703736574e-01,9.126917543773967190e-02,8.736332293135803950e-02,1.379383775365822518e-01,5.074236873076143350e-02,-4.586707080256341440e-02,7.189776428042946033e-02,1.338732288317919517e-01,3.140775732038093848e-02,7.025534936452604295e-02,3.141522561459166724e-02,1.002062153669205369e-01,1.801004002427980255e-01,-1.484795171899352777e-02,9.643120143667445465e-02,5.435365314845502088e-02,2.771648120905032681e-02,1.159374252177708120e-01,1.087776335511888848e-01,1.445615505430857851e-02,2.156187972411565887e-02,6.006470010535676363e-02,7.118032827657860481e-03,9.511130036412114575e-02,2.399856562129909152e-02,1.077991032700533966e-02,5.774315037662351713e-02,6.465817643105047086e-02,3.053399290312040770e-02,4.021658673524588362e-02,1.470637873041364535e-02,1.447430511834141842e-01,1.217360189554135275e-01,1.326606871948071142e-01,1.639193607907391270e-01,1.492236608668687237e-01,1.337971445966990025e-01,4.736565121612225371e-02,9.757047550348370291e-02,6.591024146465802869e-02,1.062169531814859402e-01,4.075350273577348081e-02,9.260239245266520258e-02,1.283442009919090188e-01,5.038649802563051686e-03,1.935488128547992875e-02,1.370918894510598507e-01,9.339444672024263538e-02,1.029675286456986222e-01,1.036541280114389035e-01,1.561155806759217390e-01,6.207332069746426817e-02,9.939657349132326181e-02,1.344916485110462384e-02,5.857903686356678852e-02,4.173571105741764181e-02,6.668538217419617276e-02
6.880429175945902351e-03,1.218058126689964271e-01,1.614721446833634888e-01,1.288211862378720318e-01,-7.151090929108293477e-03,2.204646750186721738e-01,2.422093383448584714e-01,-1.757294989923452733e-01,1.828281515859544737e-01,1.000000000000000000e+00,3.060900205662148710e-01,6.468995835308065379e-02,1.782158286580997064e-01,2.077036661506173887e-01,2.148541369425723338e-02,8.030803035520723068e-03,-4.914690912859617095e-02,1.654745677995773934e-02,-1.083170165080852981e-01,7.809834843248790459e-02,9.816670414067572847e-02,4.270038295413790264e-02,5.875020564951349833e-02,5.708167965892218393e-02,7.739005022544144519e-02,6.993073309481134814e-02,1.258984907828410715e-01,6.900402660850818437e-02,-1.035010549666934704e-01,4.235003157167669535e-02,6.485185378109140086e-02,1.132344803489727415e-02,1.132151408499404710e-01,3.601816866965101838e-02,-1.280759528916888303e-02,-1.697466461756065234e-02,-2.504164921867137530e-02,6.858648002389062213e-03,-4.678733619979170283e-02,-2.311861491705395968e-02,-1.112513245147032405e-02,-3.493068798866245939e-02,-9.606269293542013532e-02,-9.621928894835037049e-02,3.887668200275742197e-02,-2.135945390041324443e-02,-6.661855138059256942e-02,-8.825182751515721347e-02,-6.256187032179900964e-02,-1.503637514698272226e-01,-1.278663457066368525e-01,-1.068293795119198697e-01,-6.238895526019578447e-02,-1.215895839035647519e-01,-1.400186389767411055e-01,-1.345807197971564118e-01,-9.306480016543045367e-03,-8.189144727484071185e-02,-1.369824031684950816e-01,-1.259092731551491873e-01,-1.248647434282982305e-01,-8.490554127697062803e-02,3.512139413142272709e-02,-1.627712263641855478e-02,-7.770494441002630259e-02,-1.326272082004246733e-01,-8.839878097481715380e-02,-9.584657139304374185e-02,-9.042443516804844761e-02,-2.713578764192338053e-02,-1.070947429999293404e-01,-6.860186969124425216e-02,-2.529322745047654294e-02,-1.003912156192334204e-01,-9.010745108472537068e-02,-4.125540818091636558e-02,-8.667789635937886081e-03,-2.461662257733738743e-02,-1.631325068481257259e-02,-8.531121047219268616e-02,-1.234537648040354846e-01,-6.841972456169011230e-02,1.296524047217613093e-02,-3.615080538935492444e-02,-3.030123439151424791e-02,-5.237882061137634493e-02,-8.050935573052639405e-02,-8.782189279349679467e-02,-7.083666503382210489e-02,-6.067577547121563719e-02,-1.628658884502967238e-02,2.931399216914818556e-02,-5.083003591065287513e-02,-6.186616071737103054e-03,-6.201706376370776964e-03,-1.064722468141217071e-01,-1.750561454776388207e-02,-3.211683143181747716e-04,-4.145645144436331531e-02,-5.346756373935773049e-02,-1.638149320276413926e-02,-1.379040940565431743e-02,5.033980141570093547e-02,2.271811431888259153e-02,-1.313644029834538061e-02,-8.916093406774088306e-03,-4.831645164740230175e-02,-5.398097525349006276e-02,6.059610669322999799e-02,9.768944738934338956e-02,1.101337964350428272e-01,1.595296404365467158e-01,9.935195445038629003e-02,1.249086526754693144e-01,1.069436865997061142e-01,9.660885807705010819e-02,1.106451471623049049e-01,1.638274072512227453e-01,1.050196935351593724e-01,1.255356360995023846e-01,1.605448922533033729e-01,1.234979099986453638e-01,1.425752726640530932e-01,1.301238884564553944e-01,1.399592192048293993e-01,7.416688308069314950e-02,7.905201495288972924e-02,2.517608768430272884e-02,1.399177399566453421e-02,-4.284620550965152243e-03,-2.975900845855036086e-02,1.824102205461853449e-02,-8.802312736299961610e-03,-4.846751639029928636e-03,3.256495010206138241e-02,7.464416211203846185e-02,9.637652841527918901e-02,6.291146181654502789e-02,6.407461865669421275e-02
3.967697425181414446e-03,-5.062691425422378121e-03,3.507855507024299629e-02,4.362128287322372330e-03,7.647612731982366026e-03,-9.999071162213701847e-02,2.270398427856662182e-01,1.913088731889552863e-01,-6.139814438453996409e-02,3.060900205662148710e-01,1.000000000000000000e+00,2.422807894510117244e-01,-5.082393865818552597e-02,1.110130790915086207e-01,1.391568308384346642e-01,1.136271810319168934e-01,-1.133760071724254637e-01,5.666415635749834888e-03,-6.862768464512009059e-02,-5.307384053446623229e-02,6.657242609786462317e-02,1.394086682243503850e-01,5.148626588422714617e-02,-2.483589153824695972e-02,-1.162178928065356193e-01,1.780902767860532282e-02,-2.242277344027732155e-02,-4.321668066545793913e-02,2.052733495579143422e-03,6.833190805276866120e-02,6.200495000973940685e-02,5.561968244060385216e-03,3.987260582429673350e-02,4.717158372915912501e-02,3.618884680151843863e-02,3.961774481365551437e-02,-1.882007150760482868e-03,1.877275599190586855e-02,4.857468890264003691e-02,-1.752092657183980037e-02,1.476511683266442353e-02,-2.354119166608369812e-02,-1.209968989016800903e-02,-6.675259186468542050e-02,6.488970365184208722e-02,-1.330456783085971241e-02,-4.856622540404742505e-02,-1.011272889716397227e-01,-2.358227259155652733e-02,-5.632600982883537166e-02,-6.949192563435825643e-02,-3.657257803825957748e-02,-7.603628304688682393e-02,-5.777073227842078468e-02,-3.350351346168987249e-02,-5.695953308227199446e-02,1.591873355293949022e-02,-1.506007076177449770e-02,-3.420208730507627581e-02,-7.001960971307046033e-02,-5.094438739013096296e-02,-6.591254490897642364e-03,5.854474589876889484e-02,-1.967745695036450873e-02,-7.886382040486494827e-02,-6.411511697932793796e-02,-9.378550395322429734e-02,-6.149022898452360247e-02,-2.593352615327293789e-02,3.133101435399628099e-02,-7.077522521530207888e-02,-8.888348510621786602e-02,-1.110215890020495311e-02,-4.555689565037382427e-02,-5.664833517488050002e-02,4.220817259320675668e-02,-1.231426070082503044e-03,-4.421209327007583068e-03,4.912590073364173776e-02,-2.259047642126224553e-02,-5.861295464111524606e-02,-9.022017245613817016e-02,-2.765413076885805954e-02,-4.228780646661421672e-02,-3.244216024852651474e-03,-4.582742941452973284e-02,-5.653292473505684007e-02,-4.529688225528275686e-02,-8.787745741199667893e-02,-9.274968155212355569e-02,-4.076888947884801245e-02,-3.333234306431526878e-02,-1.163496488015951513e-01,-7.032654178345752738e-02,-5.827937687241932507e-02,2.587359789317479879e-03,1.092301550130777947e-02,-2.460108559924804872e-02,-1.775079262242636180e-02,-8.329320575332657683e-02,-6.087771826329332198e-02,8.267820286693379483e-02,8.632791463364201945e-02,5.647730825565785984e-02,4.689933184323873128e-02,1.214885732456346713e-02,-8.678035075660255060e-02,-7.496492782726917048e-02,4.937211690595531832e-02,-4.989100692746722618e-03,4.005759805541871110e-02,7.244490498376768284e-02,-9.760649868317950026e-04,1.025801416110640463e-01,-1.810876863653815283e-02,-3.017036348685725976e-03,-1.463985802289829996e-01,-2.339713085937330725e-02,-2.438358651864507357e-02,-6.159242503226097093e-02,5.920825167858759924e-02,-2.749048812969214980e-03,2.928733656344544023e-02,-9.667351500372870984e-03,1.347512705293431486e-02,-2.820103358635343838e-02,4.557883987206098886e-02,-9.007120740393004255e-02,3.018431303174077748e-02,1.606901502672603357e-02,4.651989615972316333e-02,3.696518245585169588e-02,9.732285939165483124e-02,4.653658505104694976e-02,1.976080641987038311e-01,1.821616063116097139e-01,1.372015388823719373e-01,1.195167911736675498e-01,1.548083833963168066e-01
