1.000000000000000000e+00,5.276903382713573620e-01,5.428330618235970295e-01,-1.084494594365849746e-01,4.006250521910406648e-02,9.990740318175142173e-03,-4.149347268161460156e-01,-2.451275983272678816e-01,-3.633403074167377844e-01,1.413031944880412671e-01,3.390727898771524196e-02,-5.317201016280273529e-02,-2.549149255306672468e-01,4.336277062904552171e-01,1.802842824465023669e-02,1.273385862373410671e-01,5.016312583233437650e-01,2.068315861429576297e-01,-4.712149797832210912e-02,3.201407911298038145e-01,4.622459557321083046e-01,4.676231832579903075e-02,1.525992278021622850e-01,-1.376874981620281324e-01,6.122696041610781181e-02,5.977888444617881492e-01,1.990139427198492628e-01,-2.414707535894848045e-01,-2.948436765217220534e-01,5.085452079049940233e-01,3.201516641868399904e-01,4.607741275513828061e-01,-2.661162288369725015e-01,6.156559771324328079e-01,-9.153148505090084180e-03,5.479042137562558645e-01,7.703756409172299868e-01,3.596046043678308851e-02,6.910001408562239655e-01,9.732633594796097354e-02,2.229100198708320324e-01,-3.439940480974292836e-01,1.052912176098306507e-01,-1.653339643589145092e-01,8.308833690119134252e-02,-6.244579908076673680e-02,9.888554769880888995e-02,-4.864928441282790894e-01,-3.477506455956108633e-01,3.741164651287428033e-01,-1.219409684928713239e-01,3.220124378494358397e-01,5.296920779268373680e-01,3.956511817500600880e-01,3.618965903835944520e-01,5.181114310586056870e-01,6.053989613521574276e-01,1.736475984944039208e-01,-2.703072426897003555e-01,2.667421768892873080e-01,5.655406357662569050e-01,-8.396294480224752999e-02,-1.705165417888662716e-01,-6.394887996060194535e-01,-3.626962112302898333e-01,-2.867707074993567362e-01,2.556525445860096113e-01,-1.634342021057786365e-01,-3.601476713624250370e-01,-2.342163765693869582e-01,-1.224411513365471493e-01,3.563807868722164707e-01,-9.773558014959869700e-02,3.821120877434273644e-01,2.101504790920422361e-01,-4.706910756050538547e-01,-5.326374499430449605e-01,-2.280190373858076436e-01
5.276903382713573620e-01,1.000000000000000000e+00,1.016062643459735987e-01,-2.686424803455456090e-01,-6.189757774966742065e-01,-2.383704570479540652e-01,-8.115699024011147067e-01,-5.687115974576517630e-01,-4.103993786267970956e-01,-5.169716980498737513e-01,-1.538569942489991516e-01,-5.771062660189518745e-01,-4.165631695123889755e-01,-8.396403002973533425e-02,1.705938496000410642e-01,-4.179602088522088033e-01,1.134924819995155043e-01,5.682247427899200787e-01,-1.271587097026462831e-01,-3.275023925531076463e-01,4.367420263185642915e-01,3.661266617010778823e-01,-3.439309966487222314e-01,1.985356169897325163e-01,-4.002007928859126484e-01,2.018357225335211114e-01,6.026495684867811953e-01,1.055298375675240569e-01,-4.744732595244675610e-01,-1.037889195523855473e-01,4.654865109246890675e-01,2.403098053999000103e-02,-3.237666644700185614e-01,6.278312940891480620e-01,5.827306567725812902e-01,6.655388758552358563e-01,6.634505662780193491e-01,6.876528413650316862e-01,3.406856437533170023e-01,-4.335711228212343338e-01,-3.575309144615261281e-01,-5.954543246707213466e-01,1.272375564078192800e-01,-6.789059459671205055e-01,-5.501384557518624874e-01,-6.314154882429966475e-01,-3.881792227774916171e-01,-5.088316756664189588e-01,-5.802556360796048418e-01,-1.872607824068573679e-01,-6.847963667698989676e-01,-2.551517278138207834e-01,3.594703101904961895e-01,-2.353309711545122085e-02,2.432891370416372379e-01,4.215058816916873730e-02,3.532481229960725555e-01,-1.219635947889597533e-02,2.501317822061023266e-01,5.241956081322580729e-01,2.074294001360127704e-01,1.015638117807220603e-01,4.203964721476072253e-01,-4.238032208317105698e-01,7.706242764929830714e-03,2.330317360412319239e-01,6.383969652728415101e-01,4.315906647339975977e-01,6.979670784141868875e-06,-5.484688490137319405e-01,-2.757116034713407715e-01,-1.286542678302749487e-01,-5.087662129529449961e-01,-2.199064606913677389e-01,3.943978180945029166e-01,-2.698938692721262744e-01,-3.057301332679265155e-02,3.044159011874412735e-01
5.428330618235970295e-01,1.016062643459735987e-01,1.000000000000000000e+00,6.732452757492951578e-01,4.468542073661364022e-01,7.317087589622442989e-01,-2.606122410852214355e-02,3.437620959092985706e-01,-3.787818407743999138e-01,3.930064241278726223e-01,-3.177727943238318753e-01,-2.135270905350890036e-01,-4.301230867486423581e-01,3.242970466653195827e-02,-4.071762527509752982e-01,-1.271662659222944636e-01,5.065160525608149999e-01,5.852827035939662387e-03,-4.515904269815953498e-01,2.089665206378827911e-01,4.310496104729846234e-01,-2.872789264575554280e-01,-1.357778018667613606e-01,-4.362327327238013086e-01,-7.661612642825313402e-02,4.419416868623620154e-01,-6.459084458562214595e-03,-4.848531926099666767e-01,-3.168364792905708494e-01,3.341901068092834048e-01,-2.696281148460021315e-01,6.104556964523537299e-02,-5.716913160480621148e-01,8.466606556487779600e-02,1.072374130706938294e-01,5.965004791664235695e-01,3.724357416480111871e-01,-1.597169087805663246e-01,4.217619386813147853e-01,5.180108476004520179e-01,-7.624945519898636281e-02,-4.183996346427998336e-01,-4.713862238285656536e-01,-3.627562897885564658e-02,3.806936170557360111e-01,1.262444432417492990e-01,5.059565778073533693e-01,-2.271228738024599625e-01,2.037714895843842355e-01,5.991087182361669594e-01,1.640867908709042478e-01,5.140459015564826650e-01,1.854079382645442975e-01,-3.839148614380918922e-02,-1.860331473928105717e-01,2.279754124830994932e-01,3.098348670626210333e-01,4.960930260904173883e-01,-1.263411747449956490e-01,-1.880411387488121200e-01,4.709899154464151638e-01,2.793703067129947870e-01,-3.411707976365161987e-01,-3.994159740139995307e-01,-5.462633035891137911e-01,-4.522854644014092651e-01,-1.026696479508517612e-01,-4.988443473484810431e-01,-7.596198883772303789e-01,-3.136850362071464393e-01,-4.205359785352257851e-01,7.711226564411903517e-02,2.067073568034968611e-01,2.322356766505176695e-01,-2.076819828894723441e-01,-7.272090637110628641e-01,-6.572027943698478536e-01,-3.538914765355057890e-01
-1.084494594365849746e-01,-2.686424803455456090e-01,6.732452757492951578e-01,1.000000000000000000e+00,4.640705693461621428e-01,8.725619964081686719e-01,3.504533637182098427e-01,6.123065288448371613e-01,-1.188999954027397943e-01,3.718765078176561878e-01,-3.287214254669970637e-01,-2.941598715965269562e-01,-2.472621732622005131e-01,-3.403764306471424028e-01,-4.249826903761470542e-01,-2.724612693462268864e-01,1.205668306758328201e-01,-1.208841958252034332e-01,-4.421748919461889749e-01,-7.227012314060486664e-02,9.820667384312660453e-02,-3.172779411650245018e-01,-2.880663325957121268e-01,-3.598929021035324749e-01,-1.474916982781227792e-01,6.153041356808838791e-02,-1.368926452892580137e-01,-3.539166202774897685e-01,-1.454233566031230829e-01,-1.257153148448281188e-02,-6.008675847703558448e-01,-2.835160160002356267e-01,-5.151294879131858018e-01,-3.986301512607223207e-01,1.105602735329556802e-01,2.963644159656707022e-01,-1.793377985233821081e-01,-2.267149749333187969e-01,-6.841694688217972442e-02,5.578659738886663222e-01,-2.967046235408609678e-01,-1.790779434899074374e-01,-6.204405749868353581e-01,1.176535332253195176e-01,4.356764156442646807e-01,2.375139334413775838e-01,5.217680539193371159e-01,1.619358299778085597e-01,5.684150140704220533e-01,4.285763090638987083e-01,3.259141866815341571e-01,3.396516874581700374e-01,-2.378553534826703120e-01,-4.323443727491275146e-01,-5.870665459789023988e-01,-1.628611117766479710e-01,-1.168721776791191991e-01,4.885451183002326170e-01,8.050780470595776672e-02,-4.586196007544282582e-01,1.195726410483761853e-01,4.254800313127359290e-01,-2.756032648866360568e-01,2.527979330882853745e-02,-3.487978106490519647e-01,-3.696623353716408378e-01,-3.672791457589592579e-01,-4.745199938327376299e-01,-6.087344047416373138e-01,-1.589703052892777191e-01,-3.444911306194762268e-01,-2.453537312480107702e-01,3.170237080121592887e-01,-6.319241385058986527e-02,-4.183189115793879420e-01,-3.933768884777238406e-01,-3.146182934942174381e-01,-1.970528251859996471e-01
4.006250521910406648e-02,-6.189757774966742065e-01,4.468542073661364022e-01,4.640705693461621428e-01,1.000000000000000000e+00,5.253823520570972683e-01,6.122536346171860711e-01,4.889271740249846454e-01,4.427493700460930631e-02,8.038788526571351012e-01,1.974308581651412764e-01,4.981349318593640274e-01,9.034858884640430132e-02,3.922627702133424377e-01,-2.602770599641084925e-01,3.448855508005849724e-01,3.994207934162869456e-01,-3.054584479822965437e-01,-9.323693068174361553e-02,5.168416591925789616e-01,1.047528053397001335e-01,-3.524068577025774029e-01,2.704087513952368460e-01,-3.950605917878649564e-01,2.763643807416365505e-01,3.601526370278330669e-01,-3.092961025893189442e-01,-4.179291035465741433e-01,4.854102087078089600e-02,4.941584566517012167e-01,-3.694796546526982750e-01,2.253705798071832800e-01,-8.944639769354857661e-02,-2.276305539989229021e-01,-4.869514381755941645e-01,-8.631310671537723023e-02,-7.845573860674619204e-02,-6.338221977291148557e-01,1.806928227224052219e-01,5.577051519151617898e-01,5.222043202977857401e-01,2.527709398269937235e-01,-1.014261254269829826e-01,5.557481813445691587e-01,7.394176633473386051e-01,5.697910947505460122e-01,6.078319598919998956e-01,9.142115213441841248e-02,4.173888593907872369e-01,7.473932357575224783e-01,7.355547776467187271e-01,7.160493196206488831e-01,-3.440017374350833740e-02,2.803758646335126059e-01,-2.176343948006457252e-01,3.312738664682839396e-01,2.210731575134352589e-01,3.759461249254076320e-01,-4.996494789587295204e-01,-4.310860179750906074e-01,4.133358035253638096e-01,-1.784502628789097142e-02,-6.764133575060745640e-01,-1.905001737815312790e-01,-4.486228605135810787e-01,-5.666540474511064795e-01,-5.076195047093419177e-01,-7.617030881491257954e-01,-5.184990674571892111e-01,2.658888544009186394e-01,2.282437492358052947e-02,3.246130656635592970e-01,5.452203764579343082e-01,4.901778067195832200e-01,-3.798464373043538012e-01,-2.723874746170576455e-01,-5.239681254672861055e-01,-4.889480968582023412e-01
9.990740318175142173e-03,-2.383704570479540652e-01,7.317087589622442989e-01,8.725619964081686719e-01,5.253823520570972683e-01,1.000000000000000000e+00,2.742630227025535383e-01,6.715449370596778822e-01,-2.351808812202092203e-01,3.643255077127691699e-01,-4.654767207653597305e-01,-2.397130563686845628e-01,-2.371271117241085524e-01,-2.470816153537207516e-01,-4.962813471017061828e-01,-1.853293899509761700e-01,2.224184507924879817e-01,-2.030194280307437982e-01,-4.727155763012276801e-01,5.862435730899674680e-02,1.235571906945844983e-01,-4.112539184450357266e-01,-2.434299976046108149e-01,-4.615841014432134903e-01,-1.360425406806789195e-01,1.506818240256889985e-01,-1.507327651260139678e-01,-4.528949065439815125e-01,-1.962874553222621887e-01,6.804700170810740190e-02,-5.242087403396379353e-01,-2.295543127261425453e-01,-5.739325141390264617e-01,-2.607316241599377249e-01,1.281791510550303326e-01,3.989670618646048994e-01,-2.739708418836440951e-02,-2.263730161852945677e-01,3.369386375731885097e-02,5.970208336376419123e-01,-2.879935239554976545e-01,-2.907794379842175148e-01,-7.183960744923975072e-01,6.407334683123400176e-05,4.176550748910641819e-01,2.120038268559245875e-01,5.052919738361145718e-01,3.083300405525120358e-02,5.170966488706778552e-01,4.613551299927719507e-01,2.772525759668679757e-01,4.375189798222777204e-01,-9.355101416838595974e-02,-3.980317541299850381e-01,-4.648660841180561887e-01,-7.001027263599554629e-02,-4.437124508651448668e-02,5.771533501685484069e-01,4.824358424820986146e-02,-4.845100152016960093e-01,2.131342339366269212e-01,4.792695677803425203e-01,-3.373793621849744961e-01,-5.547691665720447252e-02,-4.508185317549769922e-01,-4.090583066494299369e-01,-2.738486675820744343e-01,-4.902136262283070534e-01,-7.273307054740634214e-01,-2.730866812216185546e-01,-4.420925972147782268e-01,-1.575839808787767304e-01,2.794141148734027302e-01,3.375106366730191987e-02,-3.601272432045312111e-01,-5.897482694829357941e-01,-4.828662297708909423e-01,-2.490905552360517805e-01
-4.149347268161460156e-01,-8.115699024011147067e-01,-2.606122410852214355e-02,3.504533637182098427e-01,6.122536346171860711e-01,2.742630227025535383e-01,1.000000000000000000e+00,5.502766176546706189e-01,5.496030550579082963e-01,5.299219758306837891e-01,2.085511990217635003e-01,4.048857857240181768e-01,3.751551989303460455e-01,-6.170692781643552158e-03,-2.763962622731012120e-01,3.538396451730209114e-01,-8.842849549821933663e-02,-5.980943687495429151e-01,1.059062006649871650e-02,3.027400756684496264e-01,-4.121920007581952317e-01,-4.649717229771753724e-01,1.793539330754496675e-01,-2.924354418622218121e-01,2.531340785207779609e-01,-1.848866769782594455e-01,-5.367066384043376326e-01,-2.030469946924816360e-01,3.708652835484295696e-01,4.531958197923075665e-02,-6.780199934723379895e-01,-1.735209324924510965e-01,4.175106910708071412e-02,-7.462975422348356869e-01,-4.567587898542203595e-01,-4.649923520813785682e-01,-6.912358479800144728e-01,-6.278434150516500889e-01,-3.912580081553044820e-01,4.633117790548172410e-01,2.722639249024159103e-01,5.631893065909846507e-01,-1.250407103526260943e-01,6.801408394415324743e-01,4.859858487261927151e-01,7.186157387856577650e-01,6.116875268619561545e-01,6.874823162224679152e-01,7.505240780068117568e-01,2.098285440154198656e-01,8.290129774259175077e-01,4.072134139094593652e-01,-5.451785838770103476e-01,-1.058438617790977976e-01,-4.934289385267568440e-01,-1.256114285599425062e-01,-3.984212564592718442e-01,2.155315605986007077e-01,-1.616344784758422526e-01,-6.853812321756254100e-01,-1.637609531300368293e-01,1.143015215950249491e-01,-4.816076051295414273e-01,4.297963653271352769e-01,-1.581911714007362413e-01,-4.023567851219962965e-01,-8.318603400866660946e-01,-6.071321660473782966e-01,-8.113426608276223806e-02,5.909424093758661733e-01,1.245762141635827769e-01,-3.221582374006173866e-02,7.319129202931995426e-01,1.833682125404428043e-01,-6.859786323672804054e-01,2.125086012204311370e-01,6.765746634561402122e-03,-3.892144740675675396e-01
-2.451275983272678816e-01,-5.687115974576517630e-01,3.437620959092985706e-01,6.123065288448371613e-01,4.889271740249846454e-01,6.715449370596778822e-01,5.502766176546706189e-01,1.000000000000000000e+00,1.248897945112850683e-01,5.340846476856057068e-01,-4.152015596336943726e-01,1.952184346167191442e-01,6.024262074844956988e-02,-2.150990477336017503e-01,-5.392483869160711318e-01,1.685632982237786348e-01,1.142452474060858952e-01,-5.937516144024084230e-01,-2.921673817601312950e-01,3.083201387274428495e-01,-2.144812855627122594e-01,-6.357254334830960696e-01,1.152600529709066346e-02,-6.073304151102263404e-01,1.088376430749520007e-01,9.817751727216750268e-02,-5.037534254653937005e-01,-5.475962400692351295e-01,9.690128488438597143e-02,1.348360217857600962e-01,-5.656095510253255076e-01,-1.206655476237936536e-01,-2.633975058324605767e-01,-5.002217514898210649e-01,-2.200428717345125629e-01,-6.888030485148599613e-02,-3.689980349339534449e-01,-5.891844834270398845e-01,-2.080933553290758020e-01,8.012423466610999467e-01,-1.390649556531809716e-01,9.995845153802324079e-02,-7.304050987282912910e-01,3.201982552718601882e-01,5.069190881928137271e-01,5.013886136538322491e-01,5.837691274389500418e-01,3.654686808718118352e-01,7.096329560517493640e-01,2.926391243509273155e-01,4.875451393089371699e-01,4.011419597280732607e-01,-2.139670356870610468e-01,-2.723228515750456546e-01,-2.898483637861608564e-01,2.270706370630357074e-03,-1.934802995453970276e-01,5.128073024647226141e-01,-1.410968623904352293e-01,-7.185739814858763674e-01,1.102617589205064780e-01,3.375677238307112082e-01,-5.632733812844609167e-01,1.993761997538695263e-01,-4.650747609456072351e-01,-5.174925235039667948e-01,-5.423942388089630917e-01,-4.837586365381189024e-01,-5.061546644833380126e-01,8.154474562575063368e-02,-2.045886130141814918e-01,-1.363787162044915735e-01,3.778422283619224942e-01,6.704965301739782002e-02,-4.105144487114533169e-01,-2.061856538456533217e-01,-2.399915204848387662e-01,-3.439818836033634031e-01
-3.633403074167377844e-01,-4.103993786267970956e-01,-3.787818407743999138e-01,-1.188999954027397943e-01,4.427493700460930631e-02,-2.351808812202092203e-01,5.496030550579082963e-01,1.248897945112850683e-01,1.000000000000000000e+00,5.323076594380463100e-02,4.326005282466285351e-01,3.035486611857639017e-01,6.303103357626963499e-01,2.626133005004371856e-02,-8.015056199521210234e-02,3.946906878221420056e-01,-2.419434406112018765e-01,-5.232459687219714883e-01,1.975791522194488559e-01,2.409260300526397114e-01,-5.143348021123268499e-01,-3.016717262513257669e-01,3.423105938974757567e-01,-1.089442684415240920e-01,4.237968790138786912e-01,-2.756772224170486174e-01,-6.055550681845923711e-01,-8.592059985568997055e-03,6.069837350369351459e-01,6.030238730527950897e-02,-3.529644321625813319e-01,-5.105344882361220055e-03,2.850097676986164119e-01,-5.324069856199563633e-01,-4.658136525093077296e-01,-5.561695621605993178e-01,-5.530489063014184525e-01,-4.561320658732967992e-01,-6.424606187187055228e-01,1.317204105142537052e-01,2.158332239352726833e-01,7.377212815271644297e-01,1.294814098481862907e-01,6.138206086109029291e-01,3.534923374798711743e-02,6.068172381759023848e-01,3.691785768195556261e-01,7.143952178770250905e-01,4.735547973619079198e-01,-1.679625593753481527e-01,5.421439052117040802e-01,2.376755150161793673e-01,-3.177281165212604841e-01,-6.815524494561278103e-03,-2.326342955549666192e-01,-2.344590212197788723e-02,-3.936161134362079483e-01,-9.790919087655711173e-02,-1.849855827088184856e-01,-4.329298060442309803e-01,-2.954053468227353374e-01,-1.338589067593970172e-01,-3.097108478150826238e-01,5.035874791193766242e-01,1.112218458704891666e-01,-2.674330432595156126e-01,-6.129495399290159074e-01,-3.212559101687456620e-01,2.954404454108792155e-01,7.148875634488276454e-01,3.516794837333132584e-01,1.138039258640764773e-01,5.121908872599819640e-01,2.587440799353538656e-01,-4.244532889222143446e-01,2.823491591025686365e-01,1.450075971442843781e-01,-3.361613679482947092e-01
1.413031944880412671e-01,-5.169716980498737513e-01,3.930064241278726223e-01,3.718765078176561878e-01,8.038788526571351012e-01,3.643255077127691699e-01,5.299219758306837891e-01,5.340846476856057068e-01,5.323076594380463100e-02,1.000000000000000000e+00,2.715969714610665942e-01,5.667587285339327208e-01,8.309109488594829118e-02,3.932562792015935060e-01,-2.105025628363949852e-01,3.805621841141041406e-01,3.908501719432490584e-01,-2.973136317401629536e-01,-4.255500714294909587e-02,5.363091755529983962e-01,9.005047604199906131e-02,-3.233635822531194526e-01,3.225371682288734609e-01,-4.155512565132166158e-01,3.495979393956206160e-01,4.369954509379173624e-01,-3.626631452212692452e-01,-4.565423829080239027e-01,9.093949262499717578e-02,5.705104161717537981e-01,-2.620323451445970009e-01,3.517602077679048977e-01,-3.919795088004766198e-02,-1.792831437066396416e-01,-5.392590795874675491e-01,-1.067158094702944371e-01,-4.409759190134431017e-02,-6.915197878639665063e-01,2.390176333735190839e-01,6.667490574217908028e-01,5.078140694495308916e-01,2.336611733405849489e-01,-1.354771726365483486e-01,5.785536837267508670e-01,7.755224446745494493e-01,6.088330641831350976e-01,5.971655616268315425e-01,8.528019541560841188e-02,3.770387965830895860e-01,7.084238503716687729e-01,6.974024196294068556e-01,6.545719479434103372e-01,4.964705167625683285e-02,3.629288969090362915e-01,-3.644383978696288939e-02,4.382978165502649515e-01,2.695357966699775121e-01,3.104509323060289927e-01,-5.675395601915999011e-01,-3.846087900725247422e-01,4.373035882442520839e-01,-1.020833426471615402e-01,-7.038420786532433304e-01,-2.284523720432672378e-01,-4.998770704243152285e-01,-6.114869491688406100e-01,-5.041720897035509852e-01,-7.230053387769389550e-01,-5.054345565897571113e-01,3.269670193975751094e-01,1.110409259414584099e-01,3.228109746268478242e-01,4.461273305674442469e-01,4.793458039564698625e-01,-2.759300809623983497e-01,-1.824517668485281796e-01,-5.012603301053552007e-01,-5.256440641731308094e-01
3.390727898771524196e-02,-1.538569942489991516e-01,-3.177727943238318753e-01,-3.287214254669970637e-01,1.974308581651412764e-01,-4.654767207653597305e-01,2.085511990217635003e-01,-4.152015596336943726e-01,4.326005282466285351e-01,2.715969714610665942e-01,1.000000000000000000e+00,4.288889302184255015e-01,5.443067862272876756e-01,6.000158238923074538e-01,5.115057183089471993e-01,4.428828373833913479e-01,-1.445446421343663246e-01,4.830758537581701650e-02,5.941928072594796495e-01,1.911396345786571527e-01,-1.977121944891263305e-01,3.431156560580111980e-01,5.758370019005928375e-01,3.852800116037514710e-01,5.474677549931059595e-01,-1.707142380277959851e-02,-1.935541187411256026e-01,3.536126633470892400e-01,4.739080981234475298e-01,3.595615877188261256e-01,2.157754125805063650e-01,4.544436158300447226e-01,5.196571122175762669e-01,7.088922465196731415e-02,-5.616794567780641900e-01,-4.391416106022373866e-01,-2.408767795976000589e-02,-2.608865411811025492e-01,-4.023584720495486378e-02,-2.212287028502144537e-01,6.992437460909187719e-01,6.211799049520954075e-01,7.345126757541430296e-01,5.301098693933348205e-01,1.634677708151942299e-01,3.324733369367852687e-01,6.812903019396822184e-03,5.245990029090544932e-02,-1.878222419402602317e-01,1.943877659290134674e-01,3.782134167198950014e-01,2.523574581886233181e-01,1.208999952790451443e-01,5.645790080277633960e-01,1.393347180990334999e-01,3.467650787272454349e-01,1.607848738937854849e-01,-4.285717689634795380e-01,-4.666699130127764938e-01,2.045957705917563207e-01,1.357672760162007344e-02,-6.026900221145513603e-01,-1.610517584035091598e-01,-3.439762924702423341e-02,2.568782716912790254e-01,-5.857087880541637231e-02,-1.662728697700375236e-01,-2.392523112880150515e-01,3.565163107583362301e-01,6.365176534860242930e-01,6.727692989757952935e-01,5.577856064349742127e-01,2.683090823310586015e-01,5.203918934739026891e-01,-4.880640908528196577e-03,2.817499215420921632e-01,-9.697029705128844268e-02,-2.704098100355377121e-01
-5.317201016280273529e-02,-5.771062660189518745e-01,-2.135270905350890036e-01,-2.941598715965269562e-01,4.981349318593640274e-01,-2.397130563686845628e-01,4.048857857240181768e-01,1.952184346167191442e-01,3.035486611857639017e-01,5.667587285339327208e-01,4.288889302184255015e-01,1.000000000000000000e+00,4.275580888876720498e-01,6.004847623971603099e-01,8.820353742060152435e-03,6.502764606911782819e-01,2.616097024892469758e-01,-3.576765928510043380e-01,2.686839953748249576e-01,6.460924019830581733e-01,-8.444728855798108724e-02,-2.185214370121374150e-01,6.087675455202790076e-01,-1.989202784008970715e-01,5.425601359206780883e-01,2.974038738761609624e-01,-4.298889518378023467e-01,-2.032258064835676947e-01,3.279598627976993974e-01,5.371535962515352480e-01,8.858640689840044380e-02,5.343817525918260758e-01,5.112358788835434931e-01,-3.892091918387621113e-02,-7.798799770189255298e-01,-5.961482025221497283e-01,-1.378941394561721823e-01,-6.990475122828133658e-01,6.316514467948160239e-02,2.881279341539049188e-01,7.808713310763129023e-01,6.127668162488879577e-01,2.769709693367352066e-01,6.577294899147363427e-01,4.945912690558237901e-01,4.911060571886396997e-01,2.167986251284033106e-01,1.109897288593140185e-01,8.085292418658938940e-02,3.403005597075735578e-01,5.002715695580066679e-01,3.750345971314610338e-01,1.477658536082421259e-01,6.743138790340538202e-01,3.154824743478975568e-01,4.964670263889180424e-01,2.755378759386345466e-01,-8.012655587629761988e-02,-6.851147580501092405e-01,-1.370218480424762186e-01,2.848101330722200286e-01,-4.555478154014616643e-01,-5.578847212566234726e-01,-1.171585217464634482e-01,-1.931749683167126030e-01,-3.375484135881725578e-01,-3.188000238258067442e-01,-3.253392140787739750e-01,6.719355228838570782e-02,5.395134523322731024e-01,4.431069147436761946e-01,5.368973517155973818e-01,2.656516433176827618e-01,5.353724263600856403e-01,-5.940100475068456169e-03,2.213010129572574036e-01,-1.647524091507637789e-01,-3.717441058566386958e-01
-2.549149255306672468e-01,-4.165631695123889755e-01,-4.301230867486423581e-01,-2.472621732622005131e-01,9.034858884640430132e-02,-2.371271117241085524e-01,3.751551989303460455e-01,6.024262074844956988e-02,6.303103357626963499e-01,8.309109488594829118e-02,5.443067862272876756e-01,4.275580888876720498e-01,1.000000000000000000e+00,4.219933096444987708e-01,2.866909650545312882e-01,7.332234073291382659e-01,-4.095744770829236048e-01,-5.365158932961219262e-01,6.559982957848673468e-01,3.543095280672068359e-01,-7.292118372187232911e-01,-6.978607201762583589e-02,7.172890150851463087e-01,1.324033140188049240e-01,7.266161071535528482e-01,-2.217834019227351849e-01,-6.572355716186490948e-01,2.115491838158786442e-01,7.719606478802094607e-01,2.837959148854610203e-01,1.981480892703898350e-02,3.293331119170063714e-01,5.599968066963496582e-01,-1.656076823193847747e-01,-6.668772927312455190e-01,-6.383061126642189942e-01,-2.858485479133848761e-01,-4.901823582374025268e-01,-4.505026164140153999e-01,3.068607417351583086e-02,4.168854222551404143e-01,7.996040411289313532e-01,2.640741227016111248e-01,5.383563685679074728e-01,9.866078634680104653e-02,5.047249040892352046e-01,8.686639715291760711e-02,3.247691513126798046e-01,1.772861964452419892e-01,-5.117935605103578200e-02,4.157651912427138829e-01,2.512156220039182264e-01,6.122963097448187730e-02,2.272147970087692592e-01,1.090079810711163111e-01,2.467419112759116906e-01,-1.833413731003031844e-01,-2.869195256529005755e-01,-3.997582900892345248e-01,-2.107364998724011451e-01,-1.868350183820510213e-01,-4.123910567498251800e-01,-3.283665388390666351e-01,3.675172733727634644e-01,2.244231327864651959e-01,-1.912614066632243037e-01,-3.081044301614596637e-01,-2.084493172212085188e-01,3.712199779497035723e-01,6.675789926806298125e-01,6.535296776906764915e-01,4.989679621925829367e-01,2.910114705086371822e-01,5.243780183598967248e-01,-4.911143957422213491e-02,2.558502040842695613e-01,-4.035733780831399914e-02,-3.357915475318403731e-01
4.336277062904552171e-01,-8.396403002973533425e-02,3.242970466653195827e-02,-3.403764306471424028e-01,3.922627702133424377e-01,-2.470816153537207516e-01,-6.170692781643552158e-03,-2.150990477336017503e-01,2.626133005004371856e-02,3.932562792015935060e-01,6.000158238923074538e-01,6.004847623971603099e-01,4.219933096444987708e-01,1.000000000000000000e+00,2.706215512061260209e-01,7.008765265490056739e-01,3.550822852822423381e-01,-9.144777756625575849e-02,4.494572623180247417e-01,6.692251849592247837e-01,8.302512354320644439e-02,6.730824449159260314e-02,6.988470749386801462e-01,9.660026383483453702e-03,5.662060191831878031e-01,5.081293483778556164e-01,-1.750078623621491025e-01,-7.349173476702458574e-02,1.871483255129638978e-01,7.372376125350238452e-01,3.993212556969760740e-01,7.936201694890863134e-01,3.886026197390654580e-01,4.735621037472897421e-01,-6.446201213849238609e-01,-1.723136893300497574e-01,4.372300467117604672e-01,-4.126610446041663049e-01,4.207680854390060121e-01,6.073565858898895276e-02,7.989538712291341938e-01,3.734007676759791283e-01,5.086565521000209200e-01,3.846405856759526620e-01,4.110209837227497554e-01,2.430523460534384783e-01,6.724771422318502612e-02,-3.400468239888314037e-01,-3.102760357982876638e-01,5.361270309179819726e-01,2.792516746403821970e-01,4.584919764452013990e-01,5.212620541074017844e-01,8.297044748182066387e-01,4.471087644830794017e-01,7.195100616180802877e-01,5.986225162820880685e-01,-9.103793067077735335e-02,-7.231326842083697359e-01,1.793339399415015412e-01,5.287843808113747990e-01,-5.240296963195609781e-01,-4.531174397479978411e-01,-4.857783281960299515e-01,-1.765708711468220449e-01,-2.837940263305175348e-01,8.573978869689276305e-02,-3.047798833002415275e-01,-4.589113672764490864e-02,3.052249997010871851e-01,4.796139299556463342e-01,7.860552788018261294e-01,6.672815188065987779e-02,7.504246997473646985e-01,2.501696626811487634e-01,-7.932954678686437999e-02,-4.611459355773493973e-01,-3.431857810346696791e-01
1.802842824465023669e-02,1.705938496000410642e-01,-4.071762527509752982e-01,-4.249826903761470542e-01,-2.602770599641084925e-01,-4.962813471017061828e-01,-2.763962622731012120e-01,-5.392483869160711318e-01,-8.015056199521210234e-02,-2.105025628363949852e-01,5.115057183089471993e-01,8.820353742060152435e-03,2.866909650545312882e-01,2.706215512061260209e-01,1.000000000000000000e+00,8.690779456249703161e-02,-5.965461763536690221e-01,5.045112926844370627e-01,8.370667197268171211e-01,-3.973057800613083446e-01,-2.634125512058493879e-01,8.876270197174620513e-01,4.035441335885155412e-01,8.732314823124069925e-01,3.143007778502863170e-01,-2.726316191311988768e-01,2.262171688649856072e-01,8.136838757597406602e-01,3.106938768820720065e-01,2.620120874690643267e-02,5.882579328781178951e-01,3.396672948359419353e-01,5.745829525593123543e-01,4.182228883845304224e-01,-1.855121487011967274e-01,-2.972745108676959069e-01,1.498442992625861614e-01,2.140199667303401831e-01,4.450990995797932982e-03,-5.831561252066340684e-01,3.291641334800934349e-01,2.512888171874816945e-01,6.804732917312689144e-01,-5.182873483921757174e-02,-2.299550763227016514e-01,-2.873892440515175006e-01,-6.469465434768235657e-01,-4.083938097424748559e-01,-6.572795913991110739e-01,-1.328747573923349523e-01,-3.017343667023408837e-01,-2.469884806050697268e-01,3.543316167261498228e-01,3.195184835364406339e-01,3.959601699006787823e-01,1.942868446500830570e-01,1.833070302205955238e-01,-7.401657769017542243e-01,-1.637458065825123932e-01,7.031048461553477402e-01,-1.678317050060831317e-01,-6.967992943694056862e-01,3.863289005772366780e-01,-6.366244290406954109e-02,6.417133744571633658e-01,4.955029920079987438e-01,4.493271342578867289e-01,4.338820215163068927e-01,6.191296060720069550e-01,1.461159970602222691e-01,6.492574991496324888e-01,4.299992160850934497e-01,-2.070496203509985256e-01,1.976822005924925019e-01,4.289401447432647507e-01,3.912257355540704196e-01,1.102547042242319336e-01,2.230746059742682863e-01
1.273385862373410671e-01,-4.179602088522088033e-01,-1.271662659222944636e-01,-2.724612693462268864e-01,3.448855508005849724e-01,-1.853293899509761700e-01,3.538396451730209114e-01,1.685632982237786348e-01,3.946906878221420056e-01,3.805621841141041406e-01,4.428828373833913479e-01,6.502764606911782819e-01,7.332234073291382659e-01,7.008765265490056739e-01,8.690779456249703161e-02,1.000000000000000000e+00,2.697973524562282538e-02,-6.725875835086123633e-01,5.582121980380999604e-01,7.919093772511768270e-01,-4.951261219909643407e-01,-3.001160185434526007e-01,8.631064409988924435e-01,-1.902711860943706590e-01,8.130183217721534961e-01,2.181724100753783535e-01,-6.951885339245037487e-01,-1.528294460268119492e-01,6.087092948151162641e-01,6.620086726878957606e-01,9.683096526634998868e-02,6.185338124247270475e-01,4.924692558616418081e-01,3.688798762861608682e-02,-7.922649978083735611e-01,-4.651976225991965586e-01,-9.182589016422579992e-03,-6.705634095039820775e-01,-2.680709435554038539e-02,3.164355658570078278e-01,6.055164690159863250e-01,6.447595290830411274e-01,2.059551305564727430e-01,6.252422569650845086e-01,3.962314311315057180e-01,5.887877741589560010e-01,2.714553433183188869e-01,1.692937009037080165e-01,1.375718234634876469e-01,2.414916309189654720e-01,5.041765417551797857e-01,4.718290704514786493e-01,2.829354863292355415e-01,5.568792717167125872e-01,3.526506847100260300e-01,5.619071119913950918e-01,1.169256794191986942e-01,-6.112799411265860960e-02,-6.602524490282382086e-01,-2.787299383472057746e-01,1.781657411897110133e-01,-4.316599349219867321e-01,-6.209767050546782796e-01,5.366705741145730985e-02,-1.316869281141631598e-01,-4.091080820157835807e-01,-2.940083239282990646e-01,-3.844271396559766352e-01,9.519419321474782703e-02,6.302819867064739512e-01,5.169079634022255565e-01,6.457554670897321936e-01,2.864525581399101073e-01,6.899716140756972926e-01,7.541612093898981094e-03,7.372281503001315572e-02,-2.402282375223625532e-01,-4.332935764252339728e-01
5.016312583233437650e-01,1.134924819995155043e-01,5.065160525608149999e-01,1.205668306758328201e-01,3.994207934162869456e-01,2.224184507924879817e-01,-8.842849549821933663e-02,1.142452474060858952e-01,-2.419434406112018765e-01,3.908501719432490584e-01,-1.445446421343663246e-01,2.616097024892469758e-01,-4.095744770829236048e-01,3.550822852822423381e-01,-5.965461763536690221e-01,2.697973524562282538e-02,1.000000000000000000e+00,-1.370038746358325475e-02,-6.159647373894006073e-01,5.948657074754226670e-01,7.712461739297276075e-01,-4.660450211617762073e-01,-1.342851785852305080e-01,-6.649573592652765486e-01,-1.960777220601582216e-01,7.903643488461702393e-01,1.374307388893423743e-01,-7.475323978347248044e-01,-5.511684762556459116e-01,4.375127495629556607e-01,-3.472097314852873318e-02,2.706541886702836242e-01,-3.928501395985960487e-01,2.456855217434659455e-01,-3.481035121268532401e-02,4.249625725945697097e-01,4.679645392869764553e-01,-2.083430823105005825e-01,6.063313596402144512e-01,3.990539453154866578e-01,2.268847360086869991e-01,-3.090354881262433739e-01,-1.661751794949911654e-01,2.712374156891544930e-02,4.082339804736159206e-01,8.329403010978662925e-02,4.117696182105293756e-01,-2.248799486445007267e-01,6.004650079481289870e-02,5.711845566068346480e-01,1.556990150542345852e-01,3.939760048025393591e-01,2.009508827719093116e-01,3.415405923989983661e-01,5.210571686741791858e-02,3.659531846564364477e-01,5.534257258053096873e-01,5.914840456856358397e-01,-2.917565662355558476e-01,-1.550700729233792097e-01,7.201436218627197405e-01,2.466608171531328719e-01,-4.430116016021828362e-01,-6.439133206805641718e-01,-7.294205246616850546e-01,-4.775361458392847758e-01,-3.084859149877069301e-02,-3.997085073977156289e-01,-6.685643801349161475e-01,-2.727653996768010791e-01,-4.056729524971715573e-01,1.050173316288906672e-01,-2.782149299108650428e-02,2.025534365567055184e-01,8.750347120896761685e-03,-4.713692665853275177e-01,-4.537552445227189257e-01,-2.234266714573021617e-01
2.068315861429576297e-01,5.682247427899200787e-01,5.852827035939662387e-03,-1.208841958252034332e-01,-3.054584479822965437e-01,-2.030194280307437982e-01,-5.980943687495429151e-01,-5.937516144024084230e-01,-5.232459687219714883e-01,-2.973136317401629536e-01,4.830758537581701650e-02,-3.576765928510043380e-01,-5.365158932961219262e-01,-9.144777756625575849e-02,5.045112926844370627e-01,-6.725875835086123633e-01,-1.370038746358325475e-02,1.000000000000000000e+00,-5.273772462772094438e-03,-6.496931622343473656e-01,5.867529306905345798e-01,7.989792621041295062e-01,-3.742452902929392922e-01,5.827432058714623331e-01,-4.476887302866803808e-01,3.915182962270032097e-02,8.316053254087499846e-01,4.487875140715666955e-01,-4.984512819512292858e-01,-2.310373772458647335e-01,4.800608909379084910e-01,-5.055614622259710714e-03,-6.352465331226747614e-02,5.123282129747529501e-01,4.390714459945534442e-01,3.307062085685058550e-01,4.183687572091226992e-01,6.144781946002985107e-01,3.706467620865150359e-01,-5.689790977183203369e-01,-5.005940029189316631e-02,-4.519426658150506593e-01,3.841513371826798529e-01,-5.217692599893032357e-01,-3.046624414630414446e-01,-6.988599562197435056e-01,-5.968909129462067753e-01,-6.488594584426126133e-01,-6.979950719518760449e-01,3.667851778416786942e-03,-5.976456113955960214e-01,-3.791963019975054805e-01,2.345074513898009749e-01,5.968336833763843857e-02,1.240431870265921305e-01,-5.761050888377732687e-02,3.893580209103996159e-01,-3.142132017839003866e-01,2.046597707870980720e-01,7.930000551257277985e-01,1.057040438789672715e-01,-1.742164879607783490e-01,6.049738405514739625e-01,-4.711255578741757599e-01,2.916561190019249517e-01,5.199895847811930594e-01,6.463742336968162361e-01,4.993388034945943077e-01,1.376108607730934519e-01,-4.985696845732835447e-01,-3.426579371814397756e-02,-5.232263506498402439e-02,-4.560614676882507879e-01,-2.531194833990976223e-01,4.180197972555757535e-01,4.311546812468988049e-02,4.828614964754398414e-02,4.326335379856842134e-01
-4.712149797832210912e-02,-1.271587097026462831e-01,-4.515904269815953498e-01,-4.421748919461889749e-01,-9.323693068174361553e-02,-4.727155763012276801e-01,1.059062006649871650e-02,-2.921673817601312950e-01,1.975791522194488559e-01,-4.255500714294909587e-02,5.941928072594796495e-01,2.686839953748249576e-01,6.559982957848673468e-01,4.494572623180247417e-01,8.370667197268171211e-01,5.582121980380999604e-01,-6.159647373894006073e-01,-5.273772462772094438e-03,1.000000000000000000e+00,-3.595728018166802231e-04,-6.146801720859378371e-01,5.534485855349757788e-01,7.508312816362429087e-01,6.456101562205083244e-01,6.829999726276467786e-01,-2.554277844324631119e-01,-2.465470939530676475e-01,6.449991521184678112e-01,6.593948819964123853e-01,2.589266750885615975e-01,4.603280289095020850e-01,4.841930016142853010e-01,7.444875091737015449e-01,2.475490388808406772e-01,-5.228533771406106423e-01,-5.451605989833624433e-01,-1.499992211492396331e-02,-1.463582057050861474e-01,-1.553358386914776013e-01,-3.230062988040062755e-01,4.656403142378041649e-01,5.650929745691756212e-01,5.944031106159777256e-01,2.810750743517638206e-01,-4.616548162000763678e-02,8.689607658508809174e-02,-4.002393964109849378e-01,-1.418413105507788097e-01,-3.909899578042991819e-01,-1.032445961576285987e-01,9.570119283415371228e-03,-2.896415798325270574e-02,3.428803623193894534e-01,4.184313623773560642e-01,4.427410773665368948e-01,3.296735559957386097e-01,4.797478769974342083e-02,-6.722459680008144867e-01,-3.810272379946903487e-01,3.657852946851513076e-01,-1.975094071555303921e-01,-7.518681243276948978e-01,4.703645488675252395e-02,1.437981037280409990e-01,5.442788819197439398e-01,2.507666312878191750e-01,1.649756408125895302e-01,1.959912790118909509e-01,6.211949184570575433e-01,4.847621314196470244e-01,7.978565350678722412e-01,5.983708262902841524e-01,-5.609858091831013832e-03,4.366005165906606256e-01,3.112611940291319379e-01,4.093531466866962565e-01,6.760521105647049334e-02,-3.518551305629984399e-03
3.201407911298038145e-01,-3.275023925531076463e-01,2.089665206378827911e-01,-7.227012314060486664e-02,5.168416591925789616e-01,5.862435730899674680e-02,3.027400756684496264e-01,3.083201387274428495e-01,2.409260300526397114e-01,5.363091755529983962e-01,1.911396345786571527e-01,6.460924019830581733e-01,3.543095280672068359e-01,6.692251849592247837e-01,-3.973057800613083446e-01,7.919093772511768270e-01,5.948657074754226670e-01,-6.496931622343473656e-01,-3.595728018166802231e-04,1.000000000000000000e+00,3.009706853728787764e-03,-6.367310316882357490e-01,5.630698130282477676e-01,-6.388479321129403310e-01,5.135632537458668656e-01,5.996472216117366694e-01,-5.557457408043723346e-01,-6.356064917285970672e-01,1.855385273684454217e-01,7.419230153470619538e-01,-5.616697182140612671e-02,5.660538954837668335e-01,1.083960507873628631e-01,5.565246068954211867e-02,-6.354645308339332832e-01,-1.308125940607260951e-01,1.743539902302085609e-01,-6.974523446635269019e-01,2.432399314128399215e-01,5.698905507433141837e-01,5.294116100995203134e-01,3.452411941624062841e-01,-5.284201539002473386e-02,5.410275886527518008e-01,5.601755860114161489e-01,5.816323415265288732e-01,5.434521669345213635e-01,1.219703292915706866e-01,2.776121151395296027e-01,4.873959319895920794e-01,5.388279478148602086e-01,6.164857374096929243e-01,2.579515871695383655e-01,5.389779984767880672e-01,2.303972691812250229e-01,5.964602671512849730e-01,3.170819293923254900e-01,3.704208274414418911e-01,-6.475915657123866298e-01,-4.403624195133438723e-01,5.154836479237656643e-01,-1.033655647785833853e-01,-7.966618257456169472e-01,-2.417792169839406979e-01,-5.701662666107112365e-01,-6.575024274683780590e-01,-3.458958709827368860e-01,-5.862226535134682504e-01,-3.580034847579217638e-01,3.573797831133671554e-01,1.087188086695097672e-01,4.911127925358429458e-01,2.620533716940144364e-01,6.220220634119338898e-01,-7.340427548173704408e-02,-2.426633852410262637e-01,-4.381187533997761285e-01,-5.051080988199031507e-01
