1.000000000000000000e+00,4.366536434223740049e-01,4.004911844839309509e-01,-4.607196735498319401e-02,-5.285833727825389565e-03,2.458693382545674433e-01,7.071104206055761621e-02,7.241228813146813499e-03,1.166190873673103590e-01,6.495234454503759185e-03,7.527043062573195165e-02,1.035389872869471456e-01,-7.435869484827817115e-03,1.842544340390339652e-01,2.543019837767580005e-01,3.181845755226277161e-02,1.694278924346946224e-03,2.925630486859324975e-02,1.161557781578071991e-01,4.131898666107347573e-02,1.333318259690972896e-01,3.053574621417241564e-01,2.787112405594258657e-01,1.587124806876023808e-01,-2.559184299553645681e-01,-5.272505062948262128e-02,1.197440701520696565e-01,2.414009742015768012e-01,-2.713624584857867589e-02,-6.628487398808503850e-02,1.919226576184946687e-01,-1.247005484313674084e-01,1.015704167398298607e-01,-1.070155779535532509e-01,1.732688332936037356e-02,-1.178360670418005657e-02,1.060290395061574097e-02,8.438891312546251133e-02,-7.843040209016707842e-02,3.454991711563937945e-02,-4.631282068336658314e-02,4.093251604881738975e-02,-8.407879455361196019e-02,6.141462586921696276e-02,2.774633351773623125e-03,8.443809112528186112e-02,1.004624696467612717e-02,1.914319364201783336e-01,3.619540966722561981e-02,6.195771270733059499e-02,-1.234590145718399701e-01,1.674670217504522496e-01,5.062951080669648996e-02,-1.116152205406020642e-01,-3.191555074186313012e-01,-1.355833701961909332e-01,-3.736891264335968216e-02,3.156391953470093492e-01,1.467482768083883948e-01,1.120536455094776479e-01,-2.044041101105686653e-01,5.268991354540493444e-02,-7.954819033234337977e-02,-1.228150224132305152e-01,1.767248332659356325e-01,-4.750111026367766220e-02,-9.352641432499263219e-02,-1.988476816792121848e-01,-1.099207027046880669e-01,-3.396535590827162721e-02,-1.642099191653468571e-01,-1.806810078156294574e-01,-4.925373981011311325e-02,-8.618222400682001849e-02,-2.047091393818152860e-01,-1.141096992164554735e-01,-3.859749985954445684e-02,-1.719947288828300447e-01,-1.669333172712833824e-01,1.448924218189469836e-02,-5.178626009956242837e-02,1.096688228141375898e-01,-1.771204851326965146e-01,4.793275995972721970e-02,5.378523145044684928e-02,2.149632518151096683e-01,1.334467499844592397e-01,1.260535150284233241e-01,9.102449213181135201e-02,1.305879739793655014e-01,1.541132324921227759e-01,1.087749281248763661e-01,7.756195294847766097e-02,1.442004093477125826e-01,1.219244325988699251e-01,-1.479805118926718066e-01,-2.078339926574401253e-01,-2.875802999817556049e-01,-3.492530085640985910e-02,2.350972171474292605e-01,-1.572517692278444235e-01,-2.697885511885139698e-01,1.401764626145561854e-01,1.214827402136263584e-01,-2.882777181333756600e-01,-1.208257191619965254e-01,2.236006710513125384e-01,-4.468139599731435485e-02,-2.660092978158758448e-01,-5.334708418736796437e-02,-1.333830620579510573e-01,6.662307620074914283e-02,-5.150487571310714829e-02,-4.991252238753064036e-02,-6.807418185468699923e-02,-3.365374981159761220e-02
4.366536434223740049e-01,1.000000000000000000e+00,2.809757315302878200e-01,-4.645968337122801349e-03,3.278687896612580421e-01,3.448021433977748185e-01,-9.559879253934615295e-02,9.281467761252734650e-02,2.278017282057997195e-01,-1.827400908952220293e-02,1.868750356674504509e-01,9.196685750102596979e-02,-1.450196790116443923e-01,5.556854427891601972e-02,2.701613356015724055e-01,-1.104983726900111568e-01,7.175263459182183723e-02,2.240758640373562149e-01,2.910001206261264572e-01,2.175643063681036715e-01,2.460667902341725499e-01,3.968503507290609966e-01,3.663768072809645560e-01,2.810535965421081528e-01,-2.124711576904499133e-01,-2.367235799197962495e-02,2.986101975716288770e-01,2.613557879785310956e-01,-1.095325687166056744e-01,4.188277724147517617e-02,2.560965779556409472e-01,-2.151211831425804966e-01,4.322592627933324883e-02,-2.954774915398393764e-01,1.187968747579210308e-03,-2.035476598853611929e-01,-1.806672796907061729e-01,1.334098774466805915e-01,1.318116124572445147e-02,9.106084164425738703e-02,6.714497120855965340e-02,1.956413770746208702e-01,-1.327839600821226207e-01,-2.641512010736632443e-02,1.432228828127836140e-01,2.770447984832123955e-01,1.850484618306572349e-01,2.921413080471256807e-01,2.292031462939138897e-01,1.857090414660924615e-01,-1.662846724857455494e-01,1.259494052871112657e-01,1.935999853996304143e-01,-2.251064469664606771e-01,-4.090659506070652984e-01,-3.477790052512632624e-01,-4.139501795007408808e-02,4.368401019285794162e-01,4.307250406849455482e-02,-5.813679571742164792e-02,-4.120670393101483753e-01,-1.331453485292510286e-01,-2.952126005092903793e-01,-2.905465797309509379e-01,9.396325723156120913e-02,-2.689404328077181772e-01,-5.284232453136283175e-02,-1.044798277573063261e-01,-2.922386626559526079e-01,-1.821985713581144584e-01,-4.643067929007699962e-02,-1.825368704052166002e-01,-2.845007802872994707e-01,-1.130355938319787951e-01,-8.128553356227871673e-02,-2.445991334441094955e-01,-2.366807743752765147e-01,-9.155578997647181860e-02,-1.106216225695876992e-01,1.230848975039523438e-02,1.452365192661270732e-01,3.305344856689452770e-01,-5.814780316881682648e-02,2.712968342196717120e-01,9.794594973303508145e-02,9.861987077216341491e-02,2.200012833645577093e-01,3.464885663286821349e-01,2.067589130794003638e-02,-1.411064004128340967e-02,3.267822500580743195e-01,2.494445804478800655e-01,-9.034104948641524802e-02,9.201434370426304910e-02,3.477410959659534284e-01,-1.962507735260776431e-01,-1.299083543964432153e-01,-4.097738762362411191e-01,-8.623270536384602947e-02,1.447810797325579102e-01,-3.248583773776214101e-01,-3.089901319580690142e-01,1.033494951762339853e-01,-2.932314051025239690e-02,-4.150021343724121237e-01,-1.274107218423904953e-01,1.353993158102975991e-01,-2.280308193929674043e-01,-3.590982874927663993e-01,-1.469451915813316523e-01,-2.513129066284984781e-01,-7.021209149463293608e-02,-9.611512541000392928e-02,-1.255095091310932109e-01,-8.959366948835896516e-02,-7.917232001974312816e-02
4.004911844839309509e-01,2.809757315302878200e-01,1.000000000000000000e+00,1.820327741681976863e-01,-2.303408217628403198e-01,2.231867025455222531e-01,2.840928294164605794e-01,3.707511310806614613e-02,2.234372111665909044e-01,1.909370154423081778e-01,1.508817677230177012e-01,-6.985364776810483976e-03,-1.052950707950094100e-01,3.881437615810400810e-01,5.720936988391855937e-01,3.115501702664711936e-01,2.544865231862547539e-01,9.837676092261762525e-03,5.686287974656024924e-02,-1.889690714378202546e-02,1.542588214085032217e-01,3.388283619031644545e-01,1.088899742563175371e-01,-5.868761470252589069e-02,-3.163439834057230615e-01,-3.755736285103573602e-01,-9.351727349441464610e-02,1.570250895849183426e-01,-2.397877921164014714e-01,-3.589609634048071540e-01,1.680987818193687214e-02,-3.433025749005014782e-01,1.184708570722343562e-01,-2.392631040594286329e-01,-9.765425579696926373e-02,-1.620194361082779033e-01,9.208482770526521533e-02,-2.798051837258009114e-02,-1.048736017723751607e-01,1.257779304543869547e-01,2.444301165072479756e-02,1.382022842865252843e-01,2.989236527223405535e-02,1.497631321370073224e-02,-4.464911768814259357e-02,9.706365622208129595e-02,1.659021524140980725e-02,2.269386256907200972e-01,1.698558272743195402e-02,1.294183295052753757e-01,-6.887873425613950419e-03,3.806973504864218372e-01,6.721171005533693732e-02,1.283873457715742350e-01,-2.969931859480685055e-01,-2.706279873455407284e-02,2.148656086877877847e-01,3.806044344949224278e-01,8.911883975467876917e-02,3.331759247790786471e-01,-1.751804347829946096e-01,5.961728228271389457e-02,4.975653766547272205e-02,-2.469391960109360573e-01,1.825170425200947355e-01,7.947090058968941245e-03,-4.012844272200864482e-01,-2.799770003385541051e-01,1.031904981611558025e-01,-1.527967656867740276e-01,-4.543634219228928073e-01,-7.448754826860572165e-02,9.381973462136826425e-02,-3.616392217087005534e-01,-3.507106040656515211e-01,1.136847133613552857e-01,-7.988598212484081251e-02,-4.738625556185720455e-01,-1.182468718783463019e-01,2.828151958098086283e-01,-1.927034658491198482e-01,-7.421548616152562339e-02,-4.496680944886815023e-01,-3.908221764438507551e-02,-1.736365870866433958e-01,3.874163243512083188e-01,3.529270482830883515e-01,-3.276297959722377501e-02,-1.354706249367660167e-02,4.119595191535576073e-01,2.731770041615920186e-01,-1.053140254962604133e-01,1.227527191452830874e-01,4.558997783386764535e-01,1.194544620548669139e-01,3.229250039380159032e-02,-2.278096131443848871e-01,-4.240273526168334417e-01,2.287736569928964514e-01,4.263447462537455213e-01,-3.180248566742147065e-01,-2.618230760295062187e-01,4.604707713552870230e-01,1.549323500200055770e-01,-4.534957285318433895e-01,4.194782994641672175e-02,5.062026225161088133e-01,-1.390042410180747645e-01,-2.680135313114190843e-01,1.622880800027437787e-01,-9.980508003880991796e-02,1.787635483571711481e-01,4.167983448569100371e-03,-1.536601854216633478e-01,-8.294926282703456166e-02,-3.852350714910682955e-02
-4.607196735498319401e-02,-4.645968337122801349e-03,1.820327741681976863e-01,1.000000000000000000e+00,5.693905060732839390e-02,-4.081037191245053264e-01,4.972128319204487390e-01,6.741983425646099759e-01,1.017654088077202777e-02,-2.311663728624758496e-01,1.381271744896284681e-01,-4.716681961999704131e-01,-5.954232704167817802e-01,1.099704014400025159e-01,2.285873361077216392e-01,2.992893254690789373e-01,6.620242643862329912e-02,-6.706227844512797909e-02,-3.144902809316389280e-03,-2.153466250881517496e-01,-1.390219470867721796e-01,7.107143108335081672e-02,-3.050041642197670599e-01,3.300806873717885420e-02,4.680694003739104270e-01,-2.066168676704380203e-01,-1.804772551944470310e-02,-4.636305066360444926e-01,-4.503251373071492369e-01,1.434162735383651827e-02,-3.869395328405381695e-01,-2.080551246510006225e-01,-2.461710508772065598e-01,-3.529686388662690022e-01,-2.748848172969919346e-01,-2.844373004950921380e-01,-2.765929955702421394e-01,-1.756272233402299265e-01,-2.399515111195758832e-01,1.328617320950762071e-01,-9.007933319423291896e-02,4.036722776073686791e-01,1.757482637140542758e-01,8.216909984807374556e-02,3.608322009204278924e-02,3.301648269144007442e-01,4.074088041345113598e-01,3.423940944153368582e-01,1.681742689772930954e-01,3.088513597796587185e-01,4.051202275177397949e-01,1.601438843958686020e-01,4.054074645251998232e-01,2.383211923077157846e-01,2.292946459790312919e-01,-2.484498380966302378e-01,3.855551379034112269e-01,-7.196355938771566152e-02,-5.776147170829405431e-01,-3.390580556428338665e-01,-1.772031973962225060e-01,-5.443128450217982195e-01,-2.586207903303468503e-01,-4.384316358482724385e-01,-6.070115076832638401e-01,-4.224362803353118867e-01,-1.906237463578516478e-01,5.661029807129662750e-01,8.012432690628640275e-02,-5.174253662877879023e-01,1.917073495731962673e-01,5.307065643219818218e-01,-2.860863455912818210e-01,-3.289230024041181477e-01,5.047604154986925495e-01,2.464800053485822762e-01,-5.125997743754689973e-01,7.939146246845553423e-02,5.895925221469157096e-01,3.999637817140972440e-01,4.397404593374184545e-01,4.431385035535206907e-02,2.284665404032673874e-01,3.266410753426395863e-01,-3.700509349320991737e-01,-4.426878930768330389e-01,3.135402021107783765e-01,5.000261956284367953e-02,-5.634903381519706933e-01,-1.814771058080440480e-01,3.332560421870452982e-01,-2.267135732932394343e-01,-5.365594815350093194e-01,4.122874495684186041e-02,3.276736877652972613e-01,4.454132978570123913e-01,5.686452631865634988e-01,1.481177643554831003e-01,3.517445706654684368e-01,-4.301674673660833559e-01,-3.356496606868467070e-01,4.494828417919182750e-01,1.119395279886598871e-01,-5.773437453247654005e-01,4.506385393744233303e-03,5.083867998955970968e-01,-2.121296887580900736e-01,-4.623226872348128458e-01,3.633269489834173305e-01,2.374267364731850460e-01,4.006890937500026117e-01,9.238500026565106549e-02,-3.077140211875681406e-03,-6.275591279375461462e-02,-2.019900836676123690e-01,-5.914380792222577454e-02
-5.285833727825389565e-03,3.278687896612580421e-01,-2.303408217628403198e-01,5.693905060732839390e-02,1.000000000000000000e+00,3.458871539728887445e-02,-5.466634000758416878e-01,2.609096407821291930e-01,3.582123309477190931e-01,-1.462035094037683891e-01,3.239750635668579570e-01,1.788630328620222643e-01,-3.476661622292286924e-01,-3.120400289820028372e-01,1.299407267009993483e-01,-4.291099395287985979e-02,2.418905583763517331e-01,2.882417539404943385e-01,4.376103698853200941e-01,3.028608967651512107e-01,1.784089003191346307e-02,1.628334323169309261e-01,1.796045503799071075e-01,3.965829176674563472e-01,1.197665214141594436e-01,8.205350579748089956e-02,4.423322685963025358e-01,9.082808705574790809e-02,-2.194870206157848169e-01,2.442042939382008948e-01,2.320292092845814003e-01,-2.337949406470613833e-01,-3.592753654058371549e-01,-3.724880732934524041e-01,-3.410885220901548331e-01,-2.773118296050509080e-01,-2.566718316004756861e-01,8.286141257702472895e-02,6.886780063132155738e-02,-7.795931848420692423e-02,6.761268342674521536e-02,1.715482030750809239e-01,-8.302101381046084194e-02,2.049373324043408159e-03,3.320691497358925770e-01,3.332931207327756717e-01,4.826537936640946103e-01,4.212596897539520047e-01,2.878276586002406212e-01,4.384878984032398175e-01,5.843145452084019115e-02,1.482431496847912700e-01,4.420887267946018717e-01,-2.181224799497729350e-01,-2.950222367405959112e-01,-5.133306828632666630e-01,-2.521973695451065062e-02,3.566343709439765419e-01,-1.878383661791647175e-01,-3.571569027590149603e-01,-5.182583234802042860e-01,-3.983810537689071452e-01,-4.924459876579037609e-01,-3.748761021575167662e-01,-1.337033167431531666e-01,-5.042308037749653193e-01,7.371107402260820840e-02,1.769706678227888630e-01,-4.287669563592558797e-01,-3.383744474977997130e-01,2.253796809653820232e-01,-3.504727246879768554e-02,-5.244678685835003629e-01,-7.708161540235972109e-02,2.237697514425116552e-01,-3.147284219660011484e-01,-4.309065410996199552e-01,1.498468915494868270e-01,8.455701292834300054e-02,-2.607569364779082494e-02,4.268989187202995583e-01,5.276217196683933297e-01,1.889198885795439209e-01,5.134491982173936542e-01,8.315572424738751356e-02,-1.613649433879232320e-01,2.463128102437928957e-01,4.766489714663700861e-01,-1.484765522301682850e-01,-2.891875801879129071e-01,4.015180020106621228e-01,3.031549278026549610e-01,-3.694568596275852879e-01,-8.086823512040097750e-02,5.101415316570133696e-01,-1.180672199457940136e-01,1.420898378593173361e-01,-2.790368709474509434e-01,-1.045111309531802785e-01,-1.690178013342673591e-01,-3.969862942232004199e-01,-1.234562908563120592e-01,-4.939530672007174522e-02,-3.167913090341800131e-01,-3.331191923071848970e-01,-7.960380177029784468e-03,-1.400157244569359694e-01,-4.238058641131181581e-01,-2.462330676675672791e-01,-6.956124473386537943e-02,-1.955413261185159624e-01,-3.934242644136348721e-01,-1.948141611341241419e-01,-2.218256220240915066e-01,-1.402880752087629912e-01,-2.938612830657565816e-02
2.458693382545674433e-01,3.448021433977748185e-01,2.231867025455222531e-01,-4.081037191245053264e-01,3.458871539728887445e-02,1.000000000000000000e+00,9.823184009940205685e-02,-4.147075516423525121e-01,3.172473586093110254e-01,5.077479329279985798e-01,2.088822727464929863e-01,-9.576806256379762072e-02,1.130450299785321494e-01,4.041415987649245589e-01,3.283831543209815851e-01,-1.058185516649346458e-01,1.270807211451425722e-01,3.008086150172667450e-01,2.168478173702090839e-01,9.411222175141567559e-02,1.909994241023940387e-01,4.716411288442664551e-01,1.971803263261232841e-01,1.103412446296649640e-01,-2.926676725686986891e-01,-3.520904773283211608e-01,5.559388954889413377e-03,1.596093986155737443e-01,-2.798334092680364593e-01,-3.149182904620750900e-01,7.703287546186281254e-02,-4.882650015289339840e-01,-1.054527979372480023e-01,-3.666495267792135859e-01,-1.722883932413623101e-02,-2.348238371506848887e-01,-7.853681492634931316e-02,2.039752088081012160e-01,2.493844649311576511e-01,3.514044595378653102e-01,3.392819083793582324e-01,1.194185098163562525e-01,-2.012471705016931345e-01,-3.075895572742078921e-01,1.625660022700237406e-01,2.921191449865517820e-01,8.607742456744549298e-02,1.385198998763742806e-01,2.050460775960529503e-01,8.026753496027728974e-02,-8.969990295653307300e-02,2.912020888938173235e-01,1.045717643495452653e-01,2.217172922091526985e-02,-3.680897981761791504e-01,-1.599036732293849794e-01,2.049808020898460093e-01,4.591259719666428984e-01,4.841448609796620423e-02,2.317747447866289889e-01,-2.924110188596298343e-01,-3.501163512339552225e-02,-3.948846758958052955e-02,-3.082568107705914162e-01,1.727877151591325211e-01,-9.823093354131068322e-02,-4.149888738929516929e-01,-2.599210153694963554e-01,2.227659840164238417e-02,-2.341160443742281994e-01,-4.235743022579129824e-01,-8.098104020488688937e-02,-2.176436348227422934e-02,-3.974203940949481706e-01,-3.156835860459333287e-01,5.304064231293757065e-02,-1.745332047639817918e-01,-4.877455061907499667e-01,-1.112482700651154649e-01,2.878432731671970446e-01,-9.157581335803596789e-02,4.735929451801473150e-02,-4.106066764999181662e-01,5.775812952789184662e-02,-1.538972429960532573e-01,3.572538462629240574e-01,4.074729513066548403e-01,9.549781197321018100e-02,-6.258721991282140129e-02,3.613198019151684370e-01,4.044151191375623955e-01,-4.188237614580108542e-02,6.025549467092077525e-03,4.742301150958475042e-01,2.862765058638143123e-01,6.733069528278744047e-03,-1.929314391426328601e-01,-5.255814410169221684e-01,2.143420407239954029e-01,3.944434143667303050e-01,-4.087266247500779826e-01,-2.893441170139989249e-01,4.415174410680598460e-01,9.121731687433290436e-02,-5.331195296915840487e-01,3.273406319227431527e-02,4.652991166740764739e-01,-2.165267746034024721e-01,-3.449447979660201780e-01,1.755895200451528804e-01,-1.799110186207424078e-01,1.979142814038787612e-01,1.413636913456225996e-01,-1.039575164719519496e-01,5.739897379186890969e-02,-3.846072303653987057e-02
7.071104206055761621e-02,-9.559879253934615295e-02,2.840928294164605794e-01,4.972128319204487390e-01,-5.466634000758416878e-01,9.823184009940205685e-02,1.000000000000000000e+00,2.136173421348783186e-01,-1.762894675021784707e-01,7.650776079150076181e-02,-7.895493216526736080e-02,-6.196345998333977478e-01,-2.325204156501327890e-01,4.625084898553428192e-01,2.176886345633053110e-01,2.870158784197529012e-01,-5.023465241987046942e-02,-1.405032364558393421e-01,-2.523999982784325136e-01,-4.039291158040316243e-01,-7.015937212461594019e-02,1.251148542880887449e-01,-3.381664929085201332e-01,-1.708661155004808918e-01,2.318529043560759451e-01,-3.692492366981930951e-01,-3.123065140407302320e-01,-4.270063331766055792e-01,-3.743485844058093703e-01,-2.875593029376840026e-01,-4.666520630715525475e-01,-2.206203599533987647e-01,-6.069508905131019982e-02,-2.009436227571584077e-01,-2.161750850778961300e-02,-1.097750072991926507e-01,-1.302473766299024616e-01,-1.257597884473934668e-01,-1.607234229771009604e-01,3.318539053297620001e-01,-1.168660328370425654e-02,2.884879671827813574e-01,1.265333494293757466e-01,-4.645718482947765876e-02,-8.619371968139553919e-02,1.900864321777009647e-01,7.535205533901130626e-02,5.294600798440045331e-02,4.306864599376956926e-02,2.621097570875737665e-02,3.167553348208617114e-01,1.499969769549169829e-01,1.120824967246920600e-01,3.614553695013295598e-01,2.799062525103704346e-01,5.421279246408458596e-02,4.436549657787944301e-01,-1.495088085000566835e-01,-3.920563425490761200e-01,5.151725560174503366e-03,7.775730650494644403e-02,-2.567142070031972478e-01,7.529874140387811388e-02,-2.546721120325612375e-01,-4.087736973546621799e-01,-9.101209286999051296e-02,-3.765896163284007114e-01,3.155167146417865442e-01,3.711469376622772431e-01,-3.388623163848409336e-01,-1.221961722031959519e-01,4.871896223782323787e-01,7.680321283744501182e-02,-3.994428624971696484e-01,2.076349021376818482e-01,4.637158064425375703e-01,-2.492090358156875407e-01,-2.073386242677906777e-01,4.477180716772197200e-01,4.947936698558524360e-01,9.070928118553604758e-02,-2.891791891471804932e-01,-5.693249500953685704e-02,-2.471818620769792793e-02,-4.603611015846474919e-01,-1.823481663772390793e-01,2.754400055344506382e-01,-2.395634550257239592e-01,-4.526442174413066732e-01,1.601795968487440547e-01,1.944078749277358409e-01,-4.381702228185730408e-01,-2.535947983897497982e-01,2.790246702954670699e-01,7.482269838755017943e-02,4.983194122388194813e-01,3.591974875217790464e-01,1.317961915031502229e-01,4.802341018531103845e-01,-1.527469996401188135e-01,-1.856339865053222016e-01,4.042788158422868650e-01,2.833366023143827350e-01,-2.934512954307161303e-01,4.412344306978242120e-02,4.946350855020523185e-01,5.331073727761938968e-02,-2.249404381611355142e-01,3.784374732749513637e-01,3.739048470339262353e-01,4.561490812021505303e-01,4.195345403239627569e-01,1.894983938790638922e-01,8.021484891445641863e-02,-1.956050149161991589e-02,-6.832594561417111578e-02
7.241228813146813499e-03,9.281467761252734650e-02,3.707511310806614613e-02,6.741983425646099759e-01,2.609096407821291930e-01,-4.147075516423525121e-01,2.136173421348783186e-01,1.000000000000000000e+00,2.024056202166802654e-01,-4.557982900084263100e-01,1.042110696175609225e-01,-2.052481247555792421e-01,-6.748384461906788978e-01,-1.217258743269682836e-01,2.217670077181491395e-01,1.968492266257596546e-01,9.951816788317849327e-02,6.364432381180439025e-02,2.129120366824603650e-01,-6.658151294526623576e-02,-3.021238371628718819e-02,1.258229456155988135e-01,-9.830383514984747384e-02,2.372972618802534628e-01,3.926445047011328793e-01,-3.415187355350909892e-02,2.326494267493739998e-01,-2.492513809147081094e-01,-3.419556623513753113e-01,2.005557935221303489e-01,-1.186916946250820004e-01,-1.391764835241404707e-01,-2.436756080888163034e-01,-3.426536862877074263e-01,-3.133009332781597767e-01,-2.258082096294893037e-01,-3.484595854061745546e-01,-6.533516628454012765e-02,-2.594742357321788151e-01,-6.830929814198168082e-02,-1.877535111321200212e-01,4.282872503577898615e-01,6.469365510013676268e-02,2.263702960231777916e-01,1.596206257085153735e-01,2.667786335460194391e-01,5.235181097346934820e-01,3.913740996825392782e-01,1.217149532256524141e-01,4.558283874427187521e-01,3.092846679491875195e-01,1.339448009230736480e-01,4.835071437352501111e-01,2.349843872388115984e-02,4.203965573628790781e-02,-4.144052587311746749e-01,1.973608976068388643e-01,7.917882563679809471e-02,-4.757360238619850468e-01,-4.413565317334683380e-01,-3.589477722405550741e-01,-5.607144455427572893e-01,-4.436524806440176882e-01,-4.197590953349205067e-01,-4.684790734208951757e-01,-5.364817038250739856e-01,1.226804317313734058e-02,4.857414237601943574e-01,-2.168316684347476042e-01,-4.647170600847015942e-01,3.247038662179391744e-01,3.013131629563738922e-01,-4.760371824786152617e-01,-1.687731816591580003e-01,4.890658949609409389e-01,-4.913541941923210005e-02,-5.290104262987993522e-01,2.248080343040602391e-01,4.221272836632126157e-01,1.853381129055834686e-01,5.172451333971525012e-01,3.005349243095504774e-01,3.355261137749839251e-01,5.100580598316298842e-01,-1.318247779520708984e-01,-4.581040981567824910e-01,2.674063089567769724e-01,2.963941378390633763e-01,-4.143019538414098868e-01,-3.352466409836978301e-01,3.746882226664901561e-01,5.093560355300292414e-02,-5.264146665032235495e-01,-1.011927674451596759e-01,4.455853035471548096e-01,1.852124731187105577e-01,4.362925104396793707e-01,5.087489033758713433e-03,1.128235562651673796e-01,-4.199375386317519276e-01,-3.611718374932582076e-01,2.338369230239655816e-01,-3.548443189672553094e-02,-5.473070006039121305e-01,-1.065546103543894840e-01,2.984934036694062987e-01,-2.926778694681469450e-01,-4.942468308672407495e-01,1.208508171956621385e-01,2.924091219227950567e-02,1.801157098892738617e-01,-1.308311636212865225e-01,-1.033193192025848167e-01,-6.261818907543753587e-02,-1.293500026921854396e-01,-4.333143176650856160e-02
1.166190873673103590e-01,2.278017282057997195e-01,2.234372111665909044e-01,1.017654088077202777e-02,3.582123309477190931e-01,3.172473586093110254e-01,-1.762894675021784707e-01,2.024056202166802654e-01,1.000000000000000000e+00,3.651442671447567845e-01,4.286982612006862703e-01,5.030057348273977991e-02,-3.708958289044626544e-01,2.223651529396575288e-01,5.370508216789567912e-01,8.404252755715645173e-02,3.768454640035355241e-01,4.600948266144253562e-01,4.011663203797439792e-01,1.321553666602161281e-01,7.354400685494018319e-02,4.673784550644007330e-01,1.085865648419973989e-01,2.634775968642635302e-01,-7.254832723151624641e-02,-3.661220691817190231e-01,1.956009768014405903e-01,7.855328594069992121e-02,-5.241465561504309312e-01,-1.800204012564362577e-01,9.677687439042535755e-02,-6.303210051176308948e-01,-4.579895675700614288e-01,-6.111004021840316103e-01,-5.098814023847433319e-01,-3.605374224916915726e-01,-2.275324845312115818e-01,1.395337209963599390e-01,2.793039285434822383e-01,9.302989892514622328e-02,2.774375486271296598e-01,3.295665891343665388e-01,-1.371092986436996397e-01,-1.551621591480921714e-01,3.887071230165395352e-01,3.354230200925431560e-01,5.724101279525998232e-01,3.414765144361476823e-01,8.377030474595946463e-02,5.964684137917106721e-01,2.187156035552614564e-01,5.023428084966903295e-01,5.466702043580207171e-01,4.344510025797469754e-02,-4.218195893149653819e-01,-4.710511911331963786e-01,3.301322409100768129e-01,6.192788012882668447e-01,-2.232532073642810866e-01,-1.777297423402606977e-02,-6.027502331471620289e-01,-4.009998709618278756e-01,-3.493356152530441849e-01,-5.870324856788590173e-01,-4.793636800710403961e-02,-4.599457907727598771e-01,-4.191457465837997165e-01,-1.432197393787392088e-02,-1.671776898930686095e-01,-5.431368684352004816e-01,-2.584332700561325913e-01,5.637989068991344083e-02,-3.497994937401012749e-01,-5.229098325274932346e-01,-6.475708402914641393e-02,-2.352949917786904474e-02,-5.087519652528190717e-01,-3.758638103298126976e-01,1.030695856406367988e-01,3.879238359841081230e-01,1.914999117340991652e-01,2.612884980422819359e-01,-2.707761558939523194e-01,4.419157642981727530e-01,-2.335638406393160948e-01,1.735340570841856778e-01,6.550233094591871863e-01,3.278838188344286864e-01,-3.033828024906522480e-01,1.619425568418113304e-01,6.899279115684824326e-01,3.832876029227787196e-02,-3.253555881416481665e-01,4.393865758528328613e-01,6.077450059402366156e-01,8.333502931661777857e-02,3.720713593122586260e-02,-5.886124671953372189e-01,2.668687623478256388e-01,1.929123766956040431e-01,-7.003283201244789868e-01,-2.226700447771106928e-01,4.667251678599269038e-01,-2.343374341802809402e-01,-6.980358762891059055e-01,1.994227021859249771e-01,3.307619690814068703e-01,-6.129023570575717894e-01,-4.139533570335520718e-01,2.521355864669778124e-01,-8.176110639165919125e-02,-8.084467784734925000e-02,9.613073666525355498e-02,-1.249307948781827743e-01,-3.178518606440580707e-02,-2.539093007596357476e-02
6.495234454503759185e-03,-1.827400908952220293e-02,1.909370154423081778e-01,-2.311663728624758496e-01,-1.462035094037683891e-01,5.077479329279985798e-01,7.650776079150076181e-02,-4.557982900084263100e-01,3.651442671447567845e-01,1.000000000000000000e+00,2.161878202594228471e-01,-2.332476391047791642e-01,1.331683758247166338e-01,4.894038156729520472e-01,2.587263422855046735e-01,1.632914631010134177e-01,2.204461028503693631e-01,1.323177965663201450e-01,-1.680401994857822628e-03,-1.825736219594525644e-01,-1.184987827881192196e-01,1.817733830712630616e-01,-1.414354151596485532e-01,-2.351278250199105302e-01,-1.398792519874324236e-01,-5.378813678151650457e-01,-3.465674189921822412e-01,-1.473775864458377605e-01,-3.945624092953211037e-01,-5.279849927624207240e-01,-2.556507743105809194e-01,-4.903535973393948200e-01,-2.908900697675676494e-01,-3.115511432890431531e-01,-1.114566274997624978e-01,-1.150889517696621622e-01,-8.512108870360041157e-02,1.616610526617051902e-01,5.470587821311915233e-01,5.115992626904714013e-01,5.837125348752182363e-01,1.258931523834149191e-01,-1.569151859129773452e-01,-5.846781620729681883e-01,-8.655645621247441690e-02,1.579137426328371119e-01,2.869825048386208041e-02,-1.558570542145480131e-01,-9.327506683348366079e-02,2.405933902019155579e-02,1.266811560085584765e-01,3.904514576640583101e-01,-4.120698840629874633e-03,3.433381148455232901e-01,-6.124904472933015431e-02,1.246667647589901617e-01,4.061254447299129100e-01,1.998146386668006314e-01,-4.891734884565560049e-02,3.855310953787655648e-01,5.928651874916410214e-03,-6.058703858713460934e-03,2.327728991767604727e-01,-2.244213358097017497e-01,9.884331089367705617e-03,8.711995033176192504e-02,-5.919764503247173515e-01,-1.450377167774572484e-01,3.952482845062845196e-01,-2.384157562032559186e-01,-5.432765171586574349e-01,2.062356352531081738e-01,2.462471917686611944e-01,-5.243319287922575400e-01,-2.654254126196168850e-01,4.155289568004564837e-01,-8.580356466696605067e-02,-5.795596101116237131e-01,9.880950828346457548e-02,4.784198730546799228e-01,-2.288629497228844567e-01,-3.228120697499565206e-01,-5.441536358289607023e-01,-2.041257283731123806e-01,-4.492795751693634543e-01,4.062109499998217688e-01,4.358340593696204412e-01,-2.471207659992039340e-01,-2.299395039034875521e-01,4.946958843075948131e-01,2.871897780460559990e-01,-3.982835223409041392e-01,-8.291859058411376812e-03,5.934913888667757709e-01,7.651823207961837292e-02,3.374607188541790537e-01,-4.338274036086216950e-03,-2.484801628751024949e-01,4.798007988980413363e-01,3.440681400815852609e-01,-3.004344028829006308e-01,5.549434415108102196e-03,5.760793648288120572e-01,6.171827393415057345e-02,-3.154556205305130145e-01,2.929761334869318001e-01,4.912548755827957359e-01,-1.898130453315865218e-01,-2.797019775585571008e-02,4.862028270777710715e-01,1.509526417486374006e-01,3.323350456349574711e-01,3.867618842895651499e-01,-3.901477657804768018e-02,1.300021596390887324e-01,-2.366776780362597060e-02
7.527043062573195165e-02,1.868750356674504509e-01,1.508817677230177012e-01,1.381271744896284681e-01,3.239750635668579570e-01,2.088822727464929863e-01,-7.895493216526736080e-02,1.042110696175609225e-01,4.286982612006862703e-01,2.161878202594228471e-01,1.000000000000000000e+00,1.421051240298014384e-01,-5.212927131290056026e-01,1.840101153959712021e-01,4.459596187623341979e-01,-1.991889969452592581e-03,3.061002816244247637e-01,4.400323313844059503e-01,2.592517025540697628e-01,1.759252719737851023e-01,-4.903877499075547791e-02,4.565327852677204534e-01,8.253353127301504832e-02,2.254982238962117136e-01,1.187925085108376549e-01,-3.225811421073188634e-01,2.203275944664164210e-01,-2.703677229300194274e-02,-5.209518797077328234e-01,-9.148407267724943670e-02,5.449217606821438707e-04,-6.166727073328260866e-01,-5.569635683754642352e-01,-6.840187169239814180e-01,-4.175974386283809459e-01,-6.411105061289038565e-01,-3.023801391518371462e-01,1.373732802644113959e-01,2.711255368219387396e-01,1.956251854399124468e-01,3.712208260686176153e-01,3.035377466480648767e-01,-1.348696910724758724e-01,-2.704388583448603112e-01,4.674838940523984854e-01,5.734015097827890317e-01,5.680871588626272839e-01,3.912312472986312351e-01,4.441811413523370500e-01,5.272100327392658103e-01,2.239716493570143852e-01,3.719183195344214488e-01,5.661598718428147992e-01,-2.401825119110698528e-03,-3.241213384155056665e-01,-4.962633702588325479e-01,3.074566265995570813e-01,4.884428847729904155e-01,-3.315272183183948229e-01,-1.677092502630394000e-01,-5.602868565249021771e-01,-4.914480738802493032e-01,-4.110938857094050825e-01,-6.552451167476226468e-01,-2.509978194855069233e-01,-5.404879642513155114e-01,-3.682782300060155611e-01,1.856474937112545798e-01,-1.582892728761138568e-01,-6.120595980357991239e-01,-9.491552830732229162e-02,1.943540874528681961e-01,-4.264845391616877146e-01,-4.933688679512122643e-01,1.311659539333828728e-01,2.352192825853246811e-03,-5.865950766861609544e-01,-2.422629918739174493e-01,2.466238149200801477e-01,3.869163824007315067e-01,3.263800587582939561e-01,3.266958575360451866e-01,-7.305969587591815140e-02,5.318300657612505811e-01,-2.702031746667395429e-01,-4.519160276824980144e-02,6.015486761796520199e-01,3.240958616019503080e-01,-4.039338148650845062e-01,2.040455875964434021e-02,6.621964708764856988e-01,6.506753472553342479e-03,-4.476911328207923702e-01,3.166658689549396999e-01,6.088417438027184936e-01,1.700952144567409730e-01,2.284686784711671692e-01,-4.186959037733476441e-01,2.765618480616988673e-01,-2.684264188248274702e-02,-6.847617288963313564e-01,-2.929486894248880743e-02,3.575470215486106773e-01,-4.074650901842395978e-01,-5.502269048857814093e-01,2.966959740464923945e-01,1.353907955031095067e-01,-6.595470588290731628e-01,-2.223646147152597286e-01,1.927250139635859894e-01,-2.553508776066840125e-02,-1.585748562563939201e-01,-4.240238874660363227e-02,-8.882804885139036766e-02,-1.262577155126121398e-01,-7.209273030671103921e-02
1.035389872869471456e-01,9.196685750102596979e-02,-6.985364776810483976e-03,-4.716681961999704131e-01,1.788630328620222643e-01,-9.576806256379762072e-02,-6.196345998333977478e-01,-2.052481247555792421e-01,5.030057348273977991e-02,-2.332476391047791642e-01,1.421051240298014384e-01,1.000000000000000000e+00,2.329266214174430527e-01,-3.181260317543067595e-01,-6.754041812947583941e-03,-2.288496529220912235e-01,7.372004149949694732e-03,1.488902342587937189e-01,1.302032667379448561e-01,5.049619718355056186e-01,3.147054578365964250e-01,8.369026204884583153e-02,5.497534460701699599e-01,1.903244674294360672e-01,-5.231039073545363793e-01,3.247701387435594778e-01,3.205168056333244642e-01,6.792737649812556899e-01,4.406659515785218972e-01,1.617217921697606531e-01,6.163852092815169659e-01,1.679787718965313204e-01,2.366087013658642046e-01,2.085798347235029160e-01,7.094765693698154574e-02,9.319314365287473256e-02,2.647354425344779494e-01,6.690175633157535717e-02,-7.611511829352254899e-02,-4.725988569072639978e-01,-1.639802318131856340e-01,-2.446365765882087817e-01,-6.905411336349913387e-02,2.679695181293023087e-01,2.139732476021462548e-01,-2.634267759905897788e-01,-1.558072663752855525e-01,-4.148888384186689288e-02,-4.122513712122453239e-02,1.705519141038242675e-02,-3.632860655480686374e-01,-7.342626787149474088e-02,-1.239853929263091403e-01,-4.243646338525631223e-01,-4.651332228686922421e-01,-4.947108106578029796e-02,-4.815752264129040117e-01,3.171049979285173737e-01,5.560385414108319768e-01,1.688744257066078225e-01,-1.269091920605164847e-01,4.093934818583011559e-01,-3.285155083003678256e-02,2.599076805205335905e-01,6.430222391866571297e-01,1.849504809743234279e-01,3.064102474643410901e-01,-5.749159730318129657e-01,-3.950241669775335640e-01,4.195290138459595308e-01,-6.499125254418716691e-02,-6.883131450649803140e-01,3.580574980865823889e-03,3.777703434751944478e-01,-4.689059026999903290e-01,-5.251725592268177145e-01,3.520512832162569494e-01,2.673645031655071461e-02,-6.720070848567658572e-01,-5.177227711665606247e-01,-2.921831608995717477e-01,2.916951822078225343e-01,-8.917633219595950955e-02,-8.177593591250266122e-03,5.517088216528619471e-01,3.622838228645747227e-01,-2.479842707650067035e-01,2.349465039474223638e-01,6.157658487145813986e-01,3.911219253232030985e-02,-1.830809087997479212e-01,4.903255996798345784e-01,4.733315325429526821e-01,-1.375623398009338250e-01,-1.229771094767703882e-01,-6.459517659001411394e-01,-6.305099428153660979e-01,-3.427345007139290245e-01,-5.207521951197164878e-01,4.086787221593909947e-01,1.572444111008475809e-01,-6.357562954799789168e-01,-1.708288065582817539e-01,4.914804026644145618e-01,-2.160674096823134993e-01,-6.232016838865710451e-01,1.624651108644430686e-01,2.809723869793960271e-01,-6.192722012933525866e-01,-4.890041661432632525e-01,-5.458963658876070379e-01,-4.914012757559200195e-01,-2.998341342908566465e-01,-3.477395820257211251e-02,2.398916735794006088e-03,3.394979976401378552e-02
-7.435869484827817115e-03,-1.450196790116443923e-01,-1.052950707950094100e-01,-5.954232704167817802e-01,-3.476661622292286924e-01,1.130450299785321494e-01,-2.325204156501327890e-01,-6.748384461906788978e-01,-3.708958289044626544e-01,1.331683758247166338e-01,-5.212927131290056026e-01,2.329266214174430527e-01,1.000000000000000000e+00,1.153023719521144436e-01,-4.150054544766870745e-01,-1.787523364075931653e-01,-2.453463427304492239e-01,-3.085851886457276483e-01,-2.842434664387897825e-01,-3.293769979062124119e-03,9.198555506818975602e-02,-3.908699474881027203e-01,1.036622272556921159e-01,-4.530517132854187667e-01,-5.094588491867643176e-01,1.057587622142268230e-01,-4.188503922535139479e-01,2.341657295344925782e-01,5.235723957691829078e-01,-2.327282835569804975e-01,3.707670796350949483e-02,4.154458993449653414e-01,5.190816812428176164e-01,6.635310076748800467e-01,4.176955644794623224e-01,5.101523570359642878e-01,5.387738789318740062e-01,-1.201910265607508514e-02,5.574588491172007693e-02,-2.206002595070155614e-01,-1.225503391483327154e-01,-5.468754218844759096e-01,1.124367657094332319e-02,7.067718131352043742e-02,-3.356598420705694252e-01,-6.257807257693033254e-01,-7.242366232799449799e-01,-6.090506028360131996e-01,-4.374507465654879912e-01,-6.022848387509038837e-01,-2.889809091907624694e-01,-2.015929573693476529e-01,-7.068609083340970933e-01,8.008678029086276073e-02,1.548082530713248139e-01,7.039623090137091532e-01,-2.636036925504547379e-01,-3.181339463918818611e-01,6.149327797682468955e-01,5.877575532249746937e-01,6.574345248889238436e-01,7.890139981673451874e-01,7.058223882319164533e-01,7.393902420743134751e-01,5.966586051898929988e-01,8.309844867324768236e-01,1.029483454680758525e-01,-6.032065615762652877e-01,3.543660765450096783e-01,7.468241398609879456e-01,-3.525618609312948237e-01,-3.744266039720887673e-01,7.385213235644181307e-01,3.500936293509191999e-01,-5.956154449581478882e-01,1.106769616836395242e-01,8.329386837008021516e-01,-1.783496144338030387e-01,-5.465870163121228087e-01,-3.126436052466052828e-01,-7.594758259386922283e-01,-5.085593920520719013e-01,-3.609899283043672691e-01,-7.587882420887159807e-01,2.004588236638883414e-01,5.093933006099418126e-01,-4.897678491638832732e-01,-5.249664930525154150e-01,5.847023716763735113e-01,4.080536879004248441e-01,-6.911989365969728460e-01,-1.266921886708643474e-01,7.808869170016714545e-01,2.067604543082336710e-02,-7.674818121299104012e-01,-2.313508362223966885e-01,-5.642612838830555200e-01,1.913038762416664207e-01,-1.832036614916839612e-01,4.767098745020217354e-01,6.630049735271632549e-01,-2.037493297545214521e-01,-5.150468845534159762e-02,7.501369467065723828e-01,3.443275377254348402e-01,-3.865763961392765236e-01,2.938568319938155704e-01,7.927454092395129770e-01,7.911852377121057723e-04,-1.217314277951885571e-01,-1.345954163156924677e-01,1.512646895228341448e-01,9.490184003664846324e-02,7.662423689927588821e-02,1.240447283049110477e-01,6.104815656644905358e-02
