1.000000000000000000e+00,3.679172138385229385e-01,3.208341481980430676e-01,2.427080469802909701e-01,8.509971239909612517e-02,1.470795015916259718e-01,7.467239586257501394e-02,8.507221111861822116e-02,7.002662513821229784e-02,1.272663818925302559e-01,9.760607741286890515e-02,9.517296096290087104e-02,2.657172716990553393e-02,4.098308552948453677e-03,-3.734605803164989940e-02,1.444671331501447623e-02,-8.892599107040157283e-03,5.099786804729502035e-03,-3.376310824958358298e-02,-1.040889303365294671e-01,-3.777197210922522003e-02,-5.827904616187718628e-02,-5.809183954517453674e-02,-8.596761363711717674e-02,-1.682621170817983139e-02,1.587870376813863699e-02,6.525313046877245782e-02,-1.012799316359550873e-02,-2.579636274718851915e-02,1.322204160777807301e-03,-1.347649125880098255e-02,5.259131243107120768e-02,1.541289898118232068e-03,-6.683822028012879890e-02,-2.010349147526445390e-02,1.338954941433607645e-02,3.731231946347457473e-02,-2.396194984571816192e-02,-1.456938943439431075e-02,-1.387671877810016212e-02,-3.711867551440706237e-02,3.143079018916862533e-02,4.741729109487031503e-03,5.720275037726510470e-02,5.491280108031190016e-02,-1.383295104997479125e-02,-3.806486830612350325e-02,-5.719018864406600310e-03,2.541531371290822738e-02,3.276365542959693705e-02,-3.698198633253372246e-03,7.147325985227137579e-02,2.019793615625688557e-02,5.927549078618865597e-02,9.044224746607110177e-02,1.091587713749219563e-01,-6.760441422535920508e-02,-6.866834884141051476e-02,9.697168226139175895e-02,6.316076251920792195e-02,7.155622742796546865e-02,5.365272183413682255e-02,1.033658111911264499e-01,3.572755216899566044e-02,-4.650867854894863429e-02,-5.637480804582661875e-02,-4.569396085554383591e-02,-7.533785414491554755e-02,-8.243451300219410693e-02,1.229695214661199456e-03,2.108728911304391662e-02,-9.123204272440246787e-02,-2.612345621427160022e-02,-1.858155973138100533e-02,8.075806974853034712e-03,-4.150522600081506946e-02,-9.284807355169321860e-03,6.669418732196759347e-02,1.536611494345847297e-02,1.350530156546924342e-02,1.358562689533180864e-02,8.474819843544689757e-02,-3.665019516547909223e-02,-1.046217700069378836e-02,-3.084499208681730845e-02,-4.672270708245527399e-02,3.932299056495178191e-02,-3.652196817259523165e-02,-5.386596840815895820e-02,-2.598731858078293794e-02,2.611335216163045495e-02,1.572001111075165339e-02,8.450889806321081055e-02,5.583331140292906170e-02,2.120532203114461334e-02,4.484246714807305079e-02,1.626168440825669081e-02,-1.313718876164337614e-02,-1.880671688423489127e-02,1.655507005433817444e-02,4.483942588726971129e-02,6.404326025948189893e-02,3.125189306825528618e-02,-7.778763064795600479e-03,-1.243234732279300397e-01,-8.393696597053214303e-02,-1.208865073953962338e-01,-1.723382730292613851e-01,-1.013340497326814527e-01,-1.046158800675536654e-01,-1.348197842480943764e-01,-5.337016108102708017e-02,-1.065871525644419698e-01,-3.478886535728404478e-02,-3.336937336492840078e-02,-2.240127078625103740e-02,1.103757341192934151e-02,-6.564324979269428595e-02,-3.132006586270622700e-02,-7.414849648397577042e-02,2.698300322549846211e-02,-1.523478017469826612e-02,-1.967073089369049399e-02,2.643245474097007455e-02,3.876361791565496179e-02,-2.088116106335167685e-02,1.079951884986651324e-02,3.434044010658970220e-02,-1.848992847967973613e-02,2.234484466175858108e-02,5.049955575255368062e-02,-7.723617187048397933e-03,8.762086206117774417e-03,-4.682761145263386604e-02,2.861385584255069989e-02,2.310414452387310122e-02,1.138133905079749021e-02,8.720286389066999808e-03,-1.659963790417169280e-02
3.679172138385229385e-01,1.000000000000000000e+00,2.908397040960986613e-01,1.005513253524466522e-01,2.924345257754177863e-01,3.163379445781646093e-01,8.244981403060762382e-02,7.304106468318576073e-02,7.504774786440936152e-02,3.332409034394368669e-02,4.507040220914629997e-02,3.652523679267520584e-02,-1.400909606233557373e-03,3.167541440103820161e-02,-4.547820645266433676e-02,-3.443748837820238828e-02,1.404871227462089513e-02,2.847998558936927840e-02,3.542088709274916064e-02,4.214533672219732130e-02,7.680243590410439081e-02,2.196327751240103807e-02,9.533988121882238861e-03,1.926320222757253384e-02,4.548387793533520407e-02,2.777599885267833732e-02,-6.833344744530007835e-03,5.827581531146146243e-02,5.857746946429764207e-02,3.734620165403142178e-02,1.463273266247849466e-02,6.008647110079957249e-02,2.140210804959023425e-02,-5.857660546211238689e-02,1.809209797402657610e-02,3.459057648759094467e-02,4.234186473780552490e-02,-4.307542878663664539e-03,2.159592758423218000e-03,-9.913158345611761471e-03,-4.332748678014976262e-02,1.161836707909046085e-02,-1.949587119943512262e-02,3.651667664690093698e-03,-1.167132116765164096e-02,-3.710249938335642012e-02,-3.080709470715310358e-02,-1.214076190010197811e-03,1.379594187106805529e-02,2.832145634958529654e-02,-1.283684388459987264e-04,4.776864052085093987e-02,3.641809628014614636e-02,1.038113917034422240e-02,4.950924865757098253e-02,1.139827148395454876e-01,-9.003283945696582968e-02,-8.645128834234068471e-02,1.176921810160319048e-01,2.628614256216231515e-02,5.486317778570071885e-02,2.355179465430477098e-02,8.399294846811457271e-02,9.016178903960325730e-02,1.817834113308229929e-02,-7.618316744249122030e-02,-6.119428362188936502e-03,-2.418681805929188272e-02,-8.724638594220830712e-02,-5.528632822657973678e-02,-1.467468517142622719e-02,-8.422297275690872331e-02,-5.271728058025915500e-03,2.194962705206978879e-02,-3.246313890895857063e-02,-5.835698132887524869e-02,-6.701387342316345030e-02,-2.668112583771909112e-03,-3.803102686851908554e-02,-1.242373065117428378e-02,-2.055263708384884314e-02,2.446848230580337888e-02,-9.220403995250193302e-03,1.704698128112817901e-02,3.234969948259273920e-02,1.227219016412499364e-02,4.224675755331494531e-02,2.949022933439731861e-02,1.728386372886928438e-02,-3.325426314030122815e-02,-4.179422569553332793e-03,6.632394015933565368e-02,8.291688493850019048e-02,4.693457157746797059e-02,4.650497944353736146e-02,1.332253106446882884e-01,-1.837530228917318457e-03,-2.803644708087695697e-02,2.595341150784030021e-02,-3.306320569954915994e-02,5.014931126151309093e-02,7.543052144467835007e-02,-2.464200094308928099e-02,-1.002915603231440134e-01,-6.204842833413466707e-02,-5.008229721420023872e-02,-6.209759191866066896e-02,-1.280776550225229682e-01,-4.171077384013775757e-02,-6.228184764894086067e-02,-1.014433858294801344e-01,-6.981497605233956405e-02,-1.015993198387467739e-01,-6.812068425475728550e-02,-2.302101256319692441e-03,3.750669807244431941e-02,4.201403779822120328e-03,-2.323462420268252154e-03,5.202068933531838607e-02,-4.250684122141318994e-02,-8.940566257364277944e-03,-1.136273072099169487e-02,-1.708441332955184730e-02,1.150470269625302432e-02,5.446477119185198779e-02,-1.054207330921281063e-02,5.941859608480932337e-02,1.143846511559865886e-01,6.313088108428792367e-02,9.254488555952400386e-02,6.206885289122245075e-02,-1.094688356661550899e-02,-7.849427550196216852e-02,-8.886270788512694307e-02,3.852269403595322966e-02,7.934408268730154881e-03,4.424646661575691586e-02,-3.060671688455026199e-02,3.992907605233869672e-02
3.208341481980430676e-01,2.908397040960986613e-01,1.000000000000000000e+00,2.441726439427072959e-01,-9.186455205961220616e-02,2.149668065482089885e-01,1.613927787107654888e-01,6.549073328172896891e-02,-8.011013484804750673e-02,3.959677694221783867e-02,6.699531958227893103e-02,1.130538435773978667e-01,7.467501796331059427e-02,8.714000482944865567e-02,6.013989343496421031e-02,3.142227315858154429e-02,6.941041540113733477e-02,6.957780937960833523e-02,5.157659677847046403e-02,4.325413691701526959e-03,5.042817827175116382e-03,8.323839641226331298e-02,1.053516794706120668e-01,8.504706244248620706e-02,1.048893070424114088e-01,7.353645974638899074e-02,1.803590327742674720e-02,5.164466085081430985e-02,6.483900053144436848e-02,5.929118341520368124e-02,1.370349686961474904e-02,2.961220216194108967e-02,4.489760130243340003e-02,9.325614466592534874e-03,3.547404957789011132e-02,7.991369671353609760e-02,1.672368370717460320e-02,-4.102410555924451002e-02,-2.275593073977948480e-02,-3.336094573713671574e-02,-4.410708740971880371e-02,-1.434404042714289979e-02,-5.004945187198971135e-02,-7.279227672474218591e-02,-2.305427782341737050e-02,-1.613957563269176332e-01,-2.182340433827524573e-02,-6.442980538489133380e-02,-3.172729270589661615e-02,-3.432494580379703841e-02,-6.978970857248334436e-02,1.037844932025141359e-01,5.715051090682372187e-02,-1.202052310104866628e-01,-7.439071507640314385e-02,1.167476646537321389e-01,-3.037281164595562882e-02,-1.602059660754106274e-01,4.212588635243222357e-02,6.181533960042932818e-02,3.058762725479346328e-02,-3.610682003183410260e-02,3.785725025862350657e-02,7.182746260366318358e-02,-5.745595031760904192e-02,-9.035571853492618821e-02,1.908678505860779764e-02,-7.448806553558315335e-02,-1.238033956058594981e-01,-4.286682995109062505e-02,7.235542550886324593e-03,-3.671308145903714321e-02,-4.234064697152264273e-02,3.225409070465622141e-02,6.098966267952455299e-03,-6.645030181241293188e-02,-2.682707573784464880e-02,3.252760386353421851e-02,6.931655821771708949e-03,6.557091647814899948e-02,-9.884217450878586553e-02,2.455710649649906277e-02,4.930346469233220369e-03,1.477697563718489461e-02,6.243482605547000935e-02,5.247499070136790733e-02,6.539792545317793526e-02,6.071224259561928439e-03,7.148440627259608493e-02,-3.928864650063840225e-02,-9.809783035926226968e-02,6.932816888661823274e-02,9.793296054085795510e-02,1.986970569818428262e-02,2.259957519729590206e-02,3.225619302932053456e-02,-2.290506896539123635e-02,-7.910157473960348351e-02,-1.344867710753188707e-02,2.529370115357110899e-02,7.774925413853597811e-02,4.006345697639577402e-02,-3.462129583555489248e-02,-3.351683648019959660e-02,-7.929032176493580608e-02,-6.770872828199817582e-03,-1.013022949370120523e-01,-1.993384113611875175e-01,-5.895147734479951052e-02,-8.446821094408148156e-02,-9.993670414738911600e-02,-1.488340704606260501e-01,-9.135751120935338421e-02,-3.012218793267499098e-02,4.723773038956124298e-02,9.812778501084107319e-02,8.316408973343351885e-02,4.765074712853270555e-02,8.585651222965655360e-02,1.227118394050729505e-02,5.843812067076772920e-02,6.793573878119778253e-02,1.069626144323091582e-01,9.330564026410420597e-02,1.127039797138883331e-01,8.820031040588420523e-02,1.436593950806845654e-01,1.887821148350097844e-01,8.902249718153916469e-02,1.245937793049206183e-01,1.234524366890368124e-01,7.171685269070948721e-02,5.527291244465460524e-02,7.440770585224520083e-03,5.228115792884158175e-02,6.891361617584944310e-02,2.540830077825348768e-02,4.037948334176309773e-02,2.223482899641387664e-02
2.427080469802909701e-01,1.005513253524466522e-01,2.441726439427072959e-01,1.000000000000000000e+00,3.419681958648601028e-01,1.730725604751084667e-01,2.855670865903083278e-01,2.271666943815932316e-01,1.301536432772021079e-01,1.312367625598523935e-01,1.395278004276053752e-01,1.730101087765662515e-01,1.465613712913111377e-01,1.084243006588720415e-01,-1.266221913387222640e-02,2.096826112972741130e-02,-3.381803795859712747e-02,-3.883608632915701298e-02,-5.315739743140926454e-02,-1.164735960121881381e-01,5.885066726723227337e-02,2.770997268792556312e-02,-4.601897887306918150e-02,5.860542281351818414e-03,4.171072759849485390e-02,4.612827286731555759e-02,5.522032466216242330e-02,-1.351359776809395695e-02,-3.956806589789273881e-02,-8.014932582274152117e-02,-7.794627740369039492e-02,-5.593152415468063271e-02,-4.595385401956073035e-02,1.177032543729897469e-02,5.463079828478901306e-02,4.292527719092299049e-02,-2.461163850941194831e-02,-5.135863148038840448e-02,-7.381416753603247316e-05,-3.776693366498254378e-02,-1.323566420414865746e-02,-3.520604157492663450e-02,-1.675165079899894327e-02,-3.928461629066058031e-02,-5.037764467654363282e-03,-3.490329852712284377e-03,-1.514105923512433852e-02,-4.800502264780038414e-02,3.837088850168746124e-02,-9.675648379405749067e-02,-1.493488050825128935e-02,1.553577989879681709e-01,1.625816840622758552e-01,7.967083158254402442e-02,6.508838143147409154e-03,2.289109219746026380e-01,2.558528229366977685e-02,-8.721176120974426238e-02,1.433113293959435708e-01,1.368844546664051698e-01,1.845498757832511952e-02,5.902432233325035499e-02,1.131249945477410535e-01,3.832328971072039570e-02,-8.659183778346674076e-02,-9.297168126187306536e-02,-5.160610814126272150e-02,-7.091464528859180161e-02,-1.103256771431778277e-01,-1.480629929919108356e-02,-7.027054100490459296e-03,-1.588932266100114010e-01,-1.056132167078709799e-01,1.645278651781951346e-02,-2.363201196528034401e-03,-1.118289784975960710e-01,-1.732634488391849026e-01,-1.230640129550201189e-01,-9.286012991800660088e-02,-4.751227352997615394e-02,-1.544409150030766897e-01,-6.176596265301148581e-02,-1.471151301855918581e-01,-5.703550574173424370e-02,-7.445369433565104944e-02,-7.839956300346463680e-02,-2.891485560278150152e-02,-5.580409995701728076e-02,9.794018286436589546e-03,-4.692309589207074860e-02,-3.559221724684155652e-02,7.525738399092284092e-02,1.352252141080562409e-01,1.347367244989784996e-01,1.763165760693257977e-01,1.841674107936849270e-01,2.184606403201561076e-02,1.938053526942382435e-03,1.135799631299301699e-01,-1.568597671557375381e-02,4.275560890316898455e-02,2.944756805118161833e-02,-1.582529338071814520e-02,-5.121998731133924759e-02,-8.911896971062377437e-02,-4.833840019650589154e-02,-5.784373274960740580e-02,-1.423649473704519941e-01,-9.616248068370203406e-02,-5.458612910969053156e-02,-8.786268414070674826e-02,3.376858800074864636e-02,-9.619638321647119850e-02,9.023368305002429923e-03,6.770010382391869475e-02,6.063094133263785546e-02,3.249761322426648197e-02,5.902439762275018403e-02,5.894544430573708110e-02,2.211851061742440422e-02,2.540996853712272630e-02,2.961190509775529431e-02,-2.773025116708746976e-02,4.671455641607528270e-02,1.469364031913492352e-01,-6.369988441255056144e-02,-1.634350213638660967e-02,3.637451978229704758e-02,-3.159253804674071187e-02,2.642949885215914452e-02,5.954548549708204436e-02,2.930427925162926075e-03,-5.527126199917908010e-03,-1.181878431215223207e-01,1.685365328486972472e-02,-5.863467451752096479e-03,1.914665641787847636e-02,-1.465544952717680142e-02,1.399969964198587678e-02
8.509971239909612517e-02,2.924345257754177863e-01,-9.186455205961220616e-02,3.419681958648601028e-01,1.000000000000000000e+00,3.227998853799441958e-01,1.663928998193195952e-01,2.158635661776775183e-01,2.669136714157094858e-01,7.910727839429465558e-02,1.997622126183606350e-01,1.378085713487394171e-01,1.574284170325999932e-01,1.352062913096077623e-01,3.427088043639778259e-02,2.060743851729343948e-02,2.401756697910198413e-02,2.751861612699955939e-02,4.117754216668228356e-02,3.909656570394737934e-02,1.665645260342033807e-01,1.931701358010322681e-02,5.470522398593456737e-02,7.945127238720110785e-02,8.734392021957627927e-02,1.100052891943417571e-01,-3.414702553099990649e-03,9.269823796424320542e-03,4.414401383810873797e-02,-1.980720020738490836e-02,9.901410946866629620e-04,1.629185399187934105e-02,-4.646159877701445257e-02,-6.334830605944365145e-02,-5.693607743445624342e-02,-8.080064262148503595e-02,-1.443832730854687982e-02,1.721544756853691377e-02,1.360163135057539541e-03,-8.648729307969530919e-03,6.584524405838605363e-04,-4.519168460331878662e-02,-5.031319151985080146e-02,-1.863976516884376100e-02,-7.201978863669787102e-03,-3.327641394261304786e-02,-9.141929176692534242e-02,-9.419312471779908713e-02,-1.918803765331736702e-02,-1.075629961293230047e-01,-2.255188578698653218e-02,1.417783129770399109e-01,1.971441597559595860e-01,-4.920579385302301101e-02,-6.037054107201567099e-02,1.997514815868134952e-01,4.501494617601574377e-02,-1.247617992567862655e-01,7.727138950478203150e-02,2.253979843625674925e-02,-1.316247595337959216e-02,-3.319853958685693718e-02,1.816295659224253850e-03,1.017929887649801218e-01,-2.068187490214240185e-02,-4.047995053476027144e-02,-9.283604869070078910e-03,-3.808428032573143930e-04,-1.656482465715161945e-01,-2.379680405987004421e-02,1.289588695724398076e-02,-1.011230640058494029e-01,-7.528155524797880416e-02,-2.342516494614272846e-02,-3.939559274096100794e-02,-9.698616826136734204e-02,-1.560133450433611457e-01,-1.435954569624265653e-01,-1.956142386161095204e-01,-1.099839687192254306e-01,-1.652952525521182991e-01,-6.730848289351606950e-02,-3.794656514738870001e-02,-1.669774812804478842e-02,2.939788342393953938e-02,1.477280126666608538e-02,1.576418629872555766e-02,1.713154972782748517e-02,-3.889187960926085343e-03,-1.092181431562793716e-02,-6.126015974723353352e-02,1.312326888549324999e-01,2.119071443787343967e-01,1.388926967778994770e-01,4.768343823312765767e-02,2.410342171822192625e-01,-4.020759029968760945e-02,6.659450687280638048e-02,1.093415792210616355e-01,3.771366666438429049e-02,3.001571639229963506e-02,5.819225820315660630e-02,-8.144060366879786461e-02,-7.180423055750290162e-02,5.052119533936527684e-03,2.649847212224519175e-02,8.280306931540701645e-03,-7.818240356372332641e-04,-1.674195420174340657e-02,-1.748364083990978533e-03,-4.810794581142137198e-03,6.090495168406874493e-02,-4.508084100012589579e-02,-1.808574873289528484e-02,7.757006632367943744e-02,3.116908141646114808e-02,9.561114289524547463e-03,3.748078845826518374e-02,6.013605947355801784e-02,-6.010124953386117297e-02,-3.236263934718755508e-02,-1.569112800100359514e-02,-6.705490412420953006e-02,4.055389200832299618e-02,4.335229996095515265e-02,-5.332509134212902457e-02,5.544986689971674425e-03,-2.667849873942862091e-02,3.575613100023529445e-02,3.846559924181757600e-02,1.028328996834045467e-01,3.815280590381722042e-02,-3.846260091376989265e-02,-8.438816418657542340e-02,9.860949270904391731e-03,-4.060173618530243944e-02,3.867954988615207590e-02,1.533138473783868770e-03,3.119762134400160675e-02
1.470795015916259718e-01,3.163379445781646093e-01,2.149668065482089885e-01,1.730725604751084667e-01,3.227998853799441958e-01,1.000000000000000000e+00,4.016650933418730030e-01,1.829429501765557353e-01,2.734608253106953768e-01,1.816002132089079291e-01,2.024740428428679351e-01,1.437276216376727200e-01,1.684969503489341380e-01,1.480487520171101523e-01,8.816046943552650894e-02,9.167094266254317836e-02,2.734568887633851905e-02,4.469458141969112619e-02,5.984334541916438294e-02,-5.851643593122115433e-02,5.382825159721053854e-02,1.030650779849543591e-01,4.824454577266841689e-03,3.043849211678039540e-02,2.479992553160721008e-02,1.541824915868541916e-02,8.850652035381845542e-03,-1.297752403785965535e-02,-2.788941407404102110e-02,-2.587115657856486894e-02,-4.555897806273066092e-02,-1.109485423230226891e-02,-8.805397675496721976e-02,-3.792905942797173552e-02,6.820318488981864241e-03,-9.309613174378791878e-02,-2.759425536160500445e-02,-9.526143989520181876e-02,-1.538537847694213534e-01,-8.181580063004637027e-02,-7.668493564157960463e-02,-1.212264444537510394e-01,-1.015325406894174859e-01,-1.507750961397329448e-01,-1.208231182663837833e-01,-1.284046826064606794e-01,-1.228305542619463758e-01,-8.691287832127617130e-02,-1.620478593014739246e-02,-7.945672766212397153e-02,6.672239854388356539e-02,1.469465312765408926e-01,1.489632662954929743e-01,-3.211575823141031572e-02,7.001415541268299694e-03,1.773282330325262612e-01,1.188186532878818692e-03,-1.267809134763731860e-01,7.521684357314845082e-02,4.260013536932739930e-02,-5.457097128317991985e-02,-6.023291246561969514e-02,8.547213628954335174e-02,1.424938090014985226e-01,-1.851469334324924373e-02,-1.260495732589229367e-01,-2.834710038960620848e-02,-2.841838691599600161e-02,-4.398956704604983087e-02,4.582368427790744353e-02,2.605549206183086289e-02,-9.212344301866397245e-02,-8.613776111656078205e-02,-1.903919136439835916e-02,9.908426920742114188e-03,-2.353087669867259465e-02,-8.675998133188222994e-02,8.646870651320248680e-03,-8.310186236438696361e-02,-6.817536146194938529e-02,-1.729076640315220514e-01,-8.294111597017173043e-02,-4.714924177426643367e-03,5.736297144676161253e-02,3.879490256699203582e-02,3.651324581640444378e-02,5.806290387994390151e-02,-2.416959155449355592e-02,2.587900959503629250e-02,-3.885506688590627256e-02,-7.074699821851714032e-02,9.803070083967457826e-02,1.169806649326826375e-01,2.922376271115263019e-02,1.802210137108929688e-02,1.048224109165573487e-01,-1.145718950098096461e-01,-4.832871917837366915e-02,1.332142461501094853e-02,7.574251173986154204e-03,7.892958874736084179e-03,1.264360838008234469e-02,1.704290348630833202e-02,-2.156538717506053041e-02,-4.190216158822409297e-03,6.023870621089004625e-03,-1.128224533112166111e-01,-8.674693647546817543e-02,-2.733563754053769043e-02,-1.916984829274059193e-02,-1.172898731746949141e-01,-3.704626783007991531e-02,-7.351267934080490951e-02,6.183526624902552921e-02,1.564225457044987055e-01,1.318548714914070386e-01,1.380642305727289576e-01,1.504584443155984053e-01,1.094480453623935950e-01,5.668005339352425592e-02,-8.485643486257514467e-03,4.578586931282663253e-02,-1.036525598695612893e-01,3.366405137878766135e-02,2.848204740465901455e-02,2.776248118549497906e-02,-2.572307116451453754e-02,9.499323065328925397e-02,1.596880835746773003e-02,2.034391101051667011e-02,1.424027936079755134e-02,-1.036294161439577088e-01,-6.261013650335598042e-03,-1.061800464403542810e-01,-2.685951060117664629e-02,-6.013131538474131288e-02,8.945011550763432365e-03,-9.473650753770167243e-02,-6.625424005779987149e-03
7.467239586257501394e-02,8.244981403060762382e-02,1.613927787107654888e-01,2.855670865903083278e-01,1.663928998193195952e-01,4.016650933418730030e-01,1.000000000000000000e+00,3.207850584028748564e-01,3.356499869922303647e-01,2.398310629067169075e-01,1.777887135932346152e-01,1.316052632421521873e-01,1.497521708444537469e-01,1.406587580226479617e-01,8.473207651963510223e-02,-2.865491709335594300e-02,-7.223489067545509068e-02,6.241373644848225571e-02,1.029593697298099124e-02,-1.070782877828006519e-01,8.865839230950774141e-02,8.423443550657201684e-02,2.041664526112829323e-02,7.666122123990644355e-02,-9.342802194475132924e-03,4.692776498595038065e-02,2.318906740056409996e-02,-6.456545177983588624e-02,-9.830645133638378497e-02,-1.092384993173096536e-01,-1.179439409013859213e-01,-7.056148261513879583e-02,-1.154036164987883584e-01,-1.262235530255522570e-02,6.122930380894038918e-03,-5.933187822832394070e-02,-2.428535336880773346e-02,-3.719229082170329853e-02,-1.088271932564360972e-01,3.107469201781994442e-02,6.516816737932785986e-02,-2.132004464275332432e-03,-3.784483740649390721e-02,1.291543278765565003e-02,-8.890074135095311914e-02,-4.515705811193503755e-02,-7.279629016834462951e-02,-1.679778477155133287e-01,-1.339418577088134950e-02,-1.592831138565216631e-01,-4.353229700981277317e-02,2.819364414710392661e-02,1.464161996743164884e-01,1.248334892718293461e-02,-1.100848317003133015e-01,7.442068378905382364e-02,6.996557875422511341e-02,-8.127266674256153345e-02,6.753388785564458374e-02,7.192869683233611700e-02,-1.356870887275840251e-02,-2.941146715727378097e-02,1.058693658545126481e-01,1.415210539235674803e-01,-9.526364690312290329e-02,-1.673586920392177713e-01,-5.993318623293536485e-02,-7.786039445359864419e-02,-8.721445868772828569e-02,4.460839322637877996e-02,1.996151893173070749e-02,-1.157483325271386337e-01,-9.940906104692182055e-02,-7.239314280749176156e-02,-1.340231878417670781e-02,-9.485514373981439318e-02,-1.976675971111674368e-01,-1.530511095402712629e-01,-1.302941494073303619e-01,-1.509834150104530648e-01,-2.493752384870064898e-01,-8.667509645615109615e-02,-2.203118487663477398e-02,1.124970675310677480e-02,4.593147069947322442e-02,2.775254181609633497e-02,5.121612298345720737e-02,2.034580524284025985e-02,1.137241581930701351e-01,9.753632892836117119e-02,6.265399880837145032e-03,1.125236871290997281e-01,1.375588013245776509e-01,8.845439468404432681e-02,9.173751226858906094e-02,1.743153838751588802e-01,-5.878946356677362817e-02,2.592532215853457153e-02,1.629136079502692958e-01,-1.335500242453478183e-02,1.608254290202891859e-02,-7.503112487008667050e-03,4.267091184962028098e-03,5.521492788430500814e-03,-9.288946313333951155e-02,5.459125940923938158e-03,1.236646584893383305e-02,-9.250356479016309807e-02,-3.203084290360680431e-02,-2.322553304778475491e-02,-3.807219480801576905e-02,6.763263678300382442e-02,-5.881767911969892904e-02,1.601116053995361999e-01,1.231306473299924736e-01,1.019489286172931830e-01,6.468066996466079188e-02,1.542946813700150077e-01,1.158777063238238952e-01,1.261703116368556032e-01,-1.800529371586908484e-02,1.284182568363550492e-01,2.670486422817861666e-02,1.097526034953511670e-01,1.185003551194824534e-01,9.409022707465540536e-02,2.899980217026599041e-02,6.738071099550611842e-02,4.743398092208961359e-02,-2.878789690757116090e-02,-2.324483913592871251e-02,-4.306128141548470206e-02,1.365195433809695928e-02,-2.572265384318685871e-02,3.582011961482092777e-02,1.365221980976908701e-02,3.672868794709445439e-02,2.660074711496850379e-04,5.093855589689903762e-02
8.507221111861822116e-02,7.304106468318576073e-02,6.549073328172896891e-02,2.271666943815932316e-01,2.158635661776775183e-01,1.829429501765557353e-01,3.207850584028748564e-01,1.000000000000000000e+00,3.572392692525139246e-01,2.685384396952820718e-01,1.229044601673668219e-01,1.632788652850180044e-01,1.336201279073076786e-01,1.704995585540224623e-01,8.426138265242211212e-02,3.274355702993784339e-02,5.231134159078933837e-02,5.494681639850234472e-02,3.401267782693748881e-02,-9.655385304216811126e-02,1.001344221353718811e-01,1.144205516620509788e-02,-1.734905472541596605e-02,-2.080076180075633718e-02,6.061295369122901913e-03,2.237967585746031968e-02,4.335148754639822632e-02,-1.924437289468025614e-02,-1.070168157024205535e-01,-1.749016434143674248e-01,-1.300623348401176438e-01,-7.064123948111988849e-02,-1.451694146848262756e-01,-3.730401606016808813e-02,-3.198103852206777425e-02,-7.736240637384754482e-02,-5.556892063305952922e-02,-2.613408107389522325e-02,-1.235459737661641494e-01,8.940425003603954049e-03,6.162990159074191454e-02,-3.069473139649308256e-03,8.158053899984432644e-02,1.048031858606716799e-01,3.196954000748392782e-02,1.995036485014511571e-02,-8.124864451821239841e-02,-3.040187710372494259e-02,1.321274964290811427e-01,-6.210155572273765717e-02,4.716121489202789591e-02,2.219295178072080432e-01,1.509055359001448826e-01,2.609363396236612231e-02,1.863450113117262608e-02,2.666379085697007656e-01,3.636362234500084556e-02,-5.862382936350785806e-02,2.681315151699945609e-01,1.962850387852914658e-01,-7.788481563277835362e-02,2.871929692722141603e-02,2.085906934269873558e-01,1.130574315626635823e-01,-5.604622930334367953e-02,-1.987223784346892619e-01,-1.180046008831348164e-01,-1.390062229484640421e-01,-1.223710537910788487e-01,3.484380458147236931e-02,-6.632938483336593694e-02,-2.137414064279516968e-01,-1.605951827073240912e-01,-1.286297739767550963e-01,-2.885255670084446375e-02,-1.201760049679767850e-01,-1.610648146921568602e-01,-1.269522981607013046e-01,-1.098025235976123198e-01,-5.588352113630995488e-02,-1.628115106174113369e-01,-5.065266659166405699e-02,-6.459412376077752760e-02,9.754001268252271081e-03,-4.209231776794915281e-02,-3.821270655888400064e-02,4.367436496850363170e-02,-1.388884053872644145e-02,8.138322598728418844e-02,3.785223930777512763e-02,-3.810387635120602960e-03,1.414326622407571510e-01,2.093088638515221422e-01,8.229345928300541013e-02,5.709373942128925100e-02,2.101030057289522412e-01,-6.201702515531800491e-02,3.041983811329461787e-02,1.397747750767796282e-01,-1.216936444763805532e-02,2.703539610161718315e-02,3.545029624371345139e-02,-4.269893926972016113e-02,-5.009190747832233115e-02,-1.157428654391039202e-01,-1.103481908874347911e-01,-7.422742635613820139e-02,-7.665838568095763306e-02,-1.197143883266984093e-01,-1.316130172298553558e-01,-1.628378933138520390e-01,-6.328433599790672659e-02,-1.539752369556138256e-01,-4.573239944477143493e-02,-5.437215923129155165e-02,-7.771177271038105794e-02,-2.882535019560963918e-02,-9.879035929601422128e-02,-2.689525577157362429e-02,-1.065853517486384586e-02,9.032463927285833138e-02,1.142909931770718646e-01,8.170866290451513081e-02,1.410167544250684746e-01,4.194091728570609190e-02,2.027059111124389357e-02,-2.669852836307471527e-02,1.819828672785734833e-02,1.287861172554701644e-02,6.513124164989135111e-04,4.077251941063739227e-02,1.203742355152317839e-01,9.046098690886114624e-02,-1.525183546203611037e-03,6.635207955389008094e-02,1.569052215199816247e-02,5.931871880508065437e-02,3.300352914682470711e-03,5.014389508340256346e-02
7.002662513821229784e-02,7.504774786440936152e-02,-8.011013484804750673e-02,1.301536432772021079e-01,2.669136714157094858e-01,2.734608253106953768e-01,3.356499869922303647e-01,3.572392692525139246e-01,1.000000000000000000e+00,2.995295572992562882e-01,1.541025819767207206e-01,1.689554009079039243e-01,2.362160973694393262e-01,1.648483232464867665e-01,1.353112660997380090e-01,8.666660990851450530e-02,5.508639827756318941e-02,9.968309479537368345e-02,6.698908785534646824e-03,-2.760230074688177493e-02,1.358566920738288886e-01,-1.284725430474219394e-02,-6.755177759554968631e-02,-2.365531140174765776e-02,-6.109890239004377860e-02,-3.729486877172770443e-02,-4.069042389998700493e-02,-1.205769372787596355e-01,-1.201295641510454204e-01,-1.887578065423077822e-01,-1.279314562964180280e-01,-9.558073281579129721e-02,-1.972257212669705218e-01,-6.753101789449993120e-02,-5.434875629908640648e-02,-1.646664617168763500e-01,-5.534307769412390859e-02,-5.168008349489110892e-02,-2.173784719099974005e-01,-9.301692965794555734e-02,-4.659419341542380029e-03,3.372135092248951943e-02,-3.699442572907486737e-02,5.794709194270031283e-02,-3.954683041208747335e-02,4.497480977786667139e-02,-1.013804038757471215e-01,-1.380814696102346806e-01,7.610616987843928094e-02,-1.407412902810849797e-01,-1.612382628399474868e-02,8.680671011965299111e-02,1.833673028781080405e-01,5.621016158486211861e-02,1.196504202845568438e-02,1.513964878069579134e-01,7.118430163657622767e-02,-8.710535343601302077e-03,1.620804038299075156e-01,7.163997339413612220e-02,2.487627042336284719e-02,4.009430945572714511e-02,1.439270301305309308e-01,1.390128629321381593e-01,-6.537174180831401005e-02,-8.371981374725090408e-02,-7.041448706773927035e-02,-5.648122081948426382e-02,-1.302120592829947576e-01,1.203021393329921085e-01,8.286839159843345515e-02,-1.200144269451903778e-01,-4.633462623637628341e-02,-8.180271380972554962e-02,-2.502167443814969430e-02,2.472209606379340008e-02,-1.105696191700299147e-01,-1.527578853685997717e-01,-1.859382912378213515e-01,-1.992276076426730269e-01,-1.637730318744219926e-01,-1.388957594627708569e-01,-1.373342493378879592e-01,-3.733326004810073179e-02,-6.261035146781206151e-02,-3.377868205000270074e-02,8.467027120527544082e-02,1.476180259992975093e-02,1.666352980544195256e-02,8.668553734546569078e-02,8.764743736040943312e-02,9.362502179365184141e-02,1.330486925824451994e-01,3.394568626192039085e-02,9.570832419239281783e-03,1.700320070535532302e-01,-7.572867050257436894e-02,1.195332806364679951e-01,1.534496312274304941e-01,1.961128492474595655e-02,4.962215221840139863e-03,6.077251275013757781e-02,4.475683060940629371e-02,5.989564819857639416e-02,-6.510881426968748165e-02,-4.224284132705047323e-02,1.097302921613050111e-02,-4.803843826415367391e-02,-6.503486488978599267e-02,-3.594550296442582810e-02,-2.559414888008971350e-02,1.531548732684286929e-01,-3.291664456788032794e-02,1.294174123940344812e-01,4.967253293936291225e-02,-7.928077519010609184e-03,-9.044585522603338160e-03,1.839159783503183272e-03,-9.346050701672193933e-04,-4.186814929120732573e-04,-1.560400514977535943e-02,6.591492099199358634e-02,-2.827402432306489952e-02,9.863645564066773896e-02,5.495311131211148836e-03,2.826796246781168587e-02,-8.758470239524943080e-02,-2.837085179123887205e-02,-4.985099228667943388e-02,-9.747823818068532264e-02,-9.354789263518933917e-02,-8.713721631583734584e-02,-6.050940208012422356e-02,-7.187634755068572634e-02,-1.031891153066839990e-02,-4.036715191425813143e-02,8.548691493240877584e-03,-4.868361952731686815e-02,-1.975685134311687234e-03
1.272663818925302559e-01,3.332409034394368669e-02,3.959677694221783867e-02,1.312367625598523935e-01,7.910727839429465558e-02,1.816002132089079291e-01,2.398310629067169075e-01,2.685384396952820718e-01,2.995295572992562882e-01,1.000000000000000000e+00,3.166412652790404625e-01,2.119985759820509075e-01,3.173604618002472955e-01,1.610171682071276089e-01,1.161726150046816647e-01,5.981102349837315313e-02,1.363488329066755815e-02,3.197202805631098321e-02,4.101325129466475150e-02,-2.185668718502668806e-01,-5.088560958434264203e-02,-9.848650204092838922e-02,-8.447412519140408416e-02,-1.511114766018931965e-01,-9.202317417871785921e-02,9.110713712982448573e-03,1.125961055032269897e-01,-4.149344934840395321e-02,-1.625248031373323354e-01,-1.846632319415431600e-01,-1.297677458930706074e-01,-1.011608809589579772e-01,-1.663110523313552913e-01,2.628485368640636963e-02,-5.496551781233986744e-02,-1.152584815040741811e-01,-1.159484314688503798e-01,-4.700680513016252532e-02,-6.477858810052644634e-02,-2.564898814249399334e-02,-2.255820179117790005e-03,1.111282661933894744e-01,1.429923840822427961e-01,1.723864062993750168e-01,1.464544256074587769e-01,5.710862309242359380e-02,-1.019727469689735849e-01,5.983333959298478728e-03,2.456521722296385046e-01,-2.154131711898090232e-02,3.057682780933360100e-02,2.083737749512363513e-01,1.367975570677427422e-01,1.923380924760062505e-02,2.658144318171513226e-02,2.339576321333997899e-01,4.882716312419421029e-02,-5.432571023133325738e-02,1.528978029343612266e-01,1.359060913241228741e-01,-1.832787575229061564e-02,1.957398685674562391e-02,1.407754188770349302e-01,6.671846969771037805e-02,-8.508469612187390119e-02,-1.530594518641669732e-01,-1.487604701482577174e-01,-1.489431320238950307e-01,-6.120962982809288744e-02,9.462505367934251344e-02,-7.448341535327275553e-02,-1.396053143679943931e-01,-2.061752246260529012e-02,-2.392033342144026659e-02,2.224542755021112830e-02,1.526264033815299612e-02,-1.269950962959515983e-01,-1.786665640203144098e-02,-3.251290067617618185e-02,-8.368509130013754294e-02,-5.700153779187168424e-02,-4.184101937611593020e-02,-8.491425149511321047e-02,-8.409748557011062498e-02,-1.150324554401696148e-01,-8.839399416907829654e-02,-1.468720822779538346e-02,-6.795354271958291281e-02,4.551467520654491755e-02,4.698009474002370900e-02,6.122000799988459169e-02,1.085316437582228843e-01,1.342681528014408321e-01,9.311015558450411178e-02,6.378431557696913334e-02,9.775903512269254469e-02,-1.383635238930261760e-02,-4.448805536618019585e-02,7.056626993658821068e-02,3.578720047231987583e-02,2.968004296948026366e-02,3.549058751524796634e-02,2.412631560385607860e-02,-1.359696371497726847e-02,-1.681500664421339275e-01,-2.313227067916930613e-01,-1.652752579448203696e-01,-1.093747767509385682e-01,-2.506549196309912353e-01,-1.348833800032382957e-01,-1.893873318438608622e-01,1.031577067153416488e-01,-8.105239853273514539e-02,4.114464797495893944e-02,-6.025246245323553212e-02,-8.026589751119292404e-02,-3.428666548872444375e-02,-7.624959514728708865e-02,-8.339818368593808484e-02,-1.227391776773117775e-02,9.432232879873067577e-02,1.104926548555860699e-01,6.228098315390374895e-02,4.243694893679085534e-02,2.096870578120400841e-02,-6.196108318898736755e-02,-1.616614713352448884e-01,-9.422183172898714043e-02,-1.568611683095599563e-01,-3.383803364419992604e-02,1.146501769522707999e-02,4.517110881846708725e-02,7.981862841509398954e-02,-5.800088709123114861e-02,-2.039139523541010079e-02,-4.765829314274516726e-02,-6.339136161273536615e-03,-2.792744478097701835e-02,-3.826190967181834768e-02
9.760607741286890515e-02,4.507040220914629997e-02,6.699531958227893103e-02,1.395278004276053752e-01,1.997622126183606350e-01,2.024740428428679351e-01,1.777887135932346152e-01,1.229044601673668219e-01,1.541025819767207206e-01,3.166412652790404625e-01,1.000000000000000000e+00,3.545651352525691080e-01,4.472300676079684068e-01,1.923407710180470298e-01,1.813914433523702852e-01,9.957720246758086646e-02,1.203766354198821664e-01,2.402249300021074355e-02,6.928211637590367327e-06,-7.291220775080312078e-02,-3.232472045206646188e-02,-1.659031309547524119e-02,2.735983262535054625e-02,-5.437393207165512610e-02,-1.046695796269781487e-01,4.219783582825820112e-03,-2.886779359794755181e-02,-1.202255424313269788e-01,-1.509574293379395693e-01,-1.970003016230734427e-01,-1.598074969119675226e-01,-1.465761494309273660e-01,-2.119876382179680663e-01,5.780605854039623515e-02,-4.952620886557822406e-03,-1.470406209166676137e-01,-1.430682170153163846e-01,-9.107247262852509462e-02,-1.712425030287656469e-01,-3.146570261314707295e-02,-1.518624062266487988e-02,-5.783278901552387635e-02,-2.969291165994565954e-02,7.726228082899161409e-02,1.105123738932338104e-02,-5.185647045421119816e-02,-6.494095533584992586e-02,-9.018180925648774937e-02,4.159341477214297672e-02,-7.435735748737749840e-02,7.155522140149290708e-03,1.508737147056828098e-01,1.346554589083321374e-01,-3.396100715647280138e-02,-4.186318529421288043e-02,1.580587020780375718e-01,3.864835818137125206e-02,-8.368314422124678575e-02,6.943863879600024880e-02,3.982711684938584212e-02,-9.456378872237300448e-02,-6.355810597292811670e-02,2.125946635729790424e-02,1.048354188025044237e-01,-4.749350714047033406e-02,-7.201122449212422894e-02,-1.344840377083405278e-04,-7.066731902075423788e-02,-2.623081277232861344e-02,8.215115738995208694e-02,-3.220998829697587634e-02,-7.689482704615423214e-02,-4.269210424372057999e-02,-2.908353198670060244e-02,-5.039484560531153068e-03,1.022587558447455788e-02,-2.791156036501713303e-02,4.810494862077431370e-03,-4.849319721387908289e-02,-8.845115398290472053e-02,-7.402475696845590980e-02,-9.097462429151454560e-03,7.669106879301200832e-04,8.680010598358244185e-04,3.795431664395034800e-03,-1.881138386120257203e-02,-8.618093830245842843e-03,-2.351585102283487369e-02,-3.017119279006616819e-02,-7.160529707786970899e-02,8.009369759233452707e-03,1.227631279393802122e-01,1.269234930748259216e-01,5.806426609531935984e-02,2.105094600933830537e-02,1.304216371391426488e-01,-3.228064205817855747e-02,-7.240925960233866865e-02,6.798791821981199635e-02,1.062646452243411754e-01,4.919483482554767168e-02,5.290019847074377973e-02,4.515693063271965929e-02,-2.231761024655990865e-03,-6.694094135101388843e-02,-1.035698031183425322e-01,-1.429894254914411966e-01,-7.797933262084261186e-02,-1.550540675078537767e-01,-1.064323343632769120e-01,-1.016895149138024590e-01,3.240093735919185453e-02,-4.020863756391550303e-02,7.262153790369611783e-02,2.624194349903151077e-02,-4.092694465976525614e-02,-4.173852045089652962e-02,1.374918896162274570e-02,8.844211345787753031e-02,6.606666694973323262e-02,-1.431367752688501513e-02,1.514491130373194772e-01,-2.845752692848795354e-02,1.392807958338445617e-01,5.968424847174978037e-02,3.956655508313087696e-03,-1.067562944838135880e-01,-7.773363005117074620e-02,-4.945217928640876365e-02,2.052676123965655949e-02,1.848003869463006946e-02,2.374160908189461294e-02,6.430535894949279685e-02,-2.637649323214026967e-02,1.066815048387671945e-02,9.396809856851016246e-03,6.116553942624503894e-03,-1.693981857800143723e-02,-2.079541392787922702e-02
