1.000000000000000000e+00,3.743953939701732958e-01,4.358768259466139217e-01,3.887623183566550900e-01,2.735376181680070351e-01,1.434903894669908864e-01,2.542718251661776341e-01,1.752426907058934336e-01,1.573551965460585067e-01,2.460916331467321305e-01,-1.256650302390607543e-01,-5.312255486687652087e-03,-2.385715970728895241e-01,-1.525445125569281912e-01,-8.419244531760876338e-02,3.159162591518432928e-02,2.227385345079354456e-02,-1.727655267012903340e-01,-1.258265039337297941e-01,-1.885620296723619915e-01,-7.582082811031579106e-02,3.188897711800850465e-02,-6.970881325551427088e-02,-7.114476188002404056e-02,3.544518228103818447e-02,-3.521549582202389977e-02,1.020735991288537342e-01,3.007819380521885994e-02,-7.314047117224128924e-02,7.972466723073801109e-02,-3.114402625967435667e-02,-3.522843349925117162e-02,7.150530937184758351e-02,7.296875664379330606e-02,5.609925653893930997e-02,9.695801260372768904e-02,7.867312284520074084e-02,7.281909274743768312e-02,2.292434175926210977e-03,1.008225540225532804e-02,3.042479288772105030e-04,4.424746769783149958e-02,5.328424523071986080e-02,5.968323231783141669e-02,6.562954133317364103e-02,6.665165709487406998e-02,4.402219143152300701e-02,5.124173144621925469e-02,4.601397167287602299e-03,6.230260849412355695e-02,2.889149843092092898e-02,4.912658046312189629e-03,3.002850164361037938e-02,1.547297409269090228e-02,2.071504336281098507e-03,-6.334042379310020690e-03,4.977314946171717191e-04,4.964010253995122281e-03,-5.387198558690853289e-03,-5.960990934544383585e-02,-1.582826546516460584e-02,-3.294085804319824701e-02,-2.703726538324332379e-02,-1.355162250392406842e-02,-2.956675881326396513e-02,-4.277786783392236586e-02
3.743953939701732958e-01,1.000000000000000000e+00,3.923520665559835363e-01,3.410845858417735910e-01,4.085714278723386328e-01,1.409114790126850258e-01,1.471525998320696027e-01,2.092066460599794064e-01,1.357618476257084483e-01,1.170974547335821986e-01,-1.967049668424933062e-01,-7.687622474870497991e-02,-2.163537807508993105e-01,-2.330157349974971426e-01,2.628201828101461249e-04,5.621184138724679563e-02,-9.333369370317946834e-02,-2.440382442654401296e-01,-1.093995755174479861e-01,-1.338311248142790011e-01,-1.739633037425583062e-01,-8.234107373746804570e-02,-1.035170580567419951e-01,-3.699832368838963399e-03,1.629575490185327657e-01,5.995851393129199985e-02,1.188964659610742963e-01,-3.672933749156265248e-02,-5.592502121130698417e-02,-2.278818607646331679e-02,-6.688028674776366755e-02,3.152048637690403610e-02,1.724726234515354048e-02,3.746906751670744939e-02,6.946958973053937725e-02,1.218926943583663880e-01,4.990005779261767055e-02,6.115100444257545037e-02,2.402073997414174225e-02,2.620418316161406136e-02,-3.221591122081073066e-02,-4.895158025454323693e-03,2.379697135600545091e-02,6.533316218938015063e-02,6.401091846812802244e-02,2.060425183832795618e-02,2.900661098206512578e-02,3.721718436166511490e-02,-2.782648033324795073e-02,6.424821190408365468e-02,-1.747663302408729562e-03,4.251996116591036379e-02,3.518989047176170060e-02,5.575444045397208274e-03,-2.069066354977293354e-02,-3.353102440289275343e-02,-9.391405761751542292e-03,4.830489476813542432e-02,-2.960872292308779422e-02,-4.411909515163400103e-02,-2.278604849207783306e-02,-5.890973812687817952e-03,6.949431963396719876e-03,-1.054433629951021835e-02,-1.051281683955088489e-02,-3.233180368150260359e-02
4.358768259466139217e-01,3.923520665559835363e-01,1.000000000000000000e+00,3.145245100944641936e-01,3.220064466754141153e-01,3.192032789857571218e-01,2.846497925714078781e-01,2.438894167464276952e-01,2.573463656183351267e-01,2.334255062695536898e-01,-1.834545371660986357e-01,2.233600160712089291e-02,-2.753572235238916921e-01,-1.754076681441721908e-01,-6.225218386281752489e-03,8.552997753901379896e-02,-2.927366515973452502e-02,-1.091656813310247359e-01,6.474062592058459163e-04,-1.374050546520740324e-01,-1.552783205501375718e-01,-7.585720019774203071e-02,-1.626436866443691787e-01,-1.073642061453618235e-01,1.314281118103688140e-01,-7.372410290925436593e-02,4.902032056274226168e-02,-8.266893957219455247e-02,-1.705475727109514728e-01,-8.705108403928007998e-02,-1.527838305528780305e-01,-1.146031679504761619e-01,-3.926734303673479892e-02,-6.227115026301015700e-04,9.974134547800118586e-03,5.755312831391777573e-02,4.690003555148260575e-03,2.347370961956270902e-02,-2.627687952398057372e-02,9.163219806865663397e-02,1.209434469817499171e-02,9.817680452096078092e-02,1.032186391913298279e-01,8.681969152205511187e-02,1.415807862337283840e-01,1.017618124206901981e-01,2.841296167540352524e-02,1.069364184293088160e-01,1.022625731752407029e-02,8.973440413392436144e-02,3.278120709624575413e-02,1.666894608306757064e-02,5.037537166487269201e-03,-1.795452609234523753e-02,-3.921727978060070979e-02,-3.315627801738284947e-02,1.126786385261368444e-03,2.609589628339833642e-02,-2.307054366886255106e-02,-4.387304496791088332e-02,2.291152818939934822e-03,-3.343588326719654225e-02,-4.860394365822591489e-02,-2.093243587013675008e-02,-3.946318490075345631e-02,-1.804585403332725421e-02
3.887623183566550900e-01,3.410845858417735910e-01,3.145245100944641936e-01,1.000000000000000000e+00,3.071135818683583540e-01,1.087740940408752077e-01,3.749007773067995486e-01,1.829821724046938880e-01,1.315086090739180646e-01,3.671988572868690182e-01,-3.536434424199083604e-02,3.870733729022792641e-02,-2.801962484828068867e-01,-1.294546299102562470e-01,-5.081853383846457461e-02,1.252992483853126449e-01,6.237476204074231083e-03,-3.033138243433879944e-01,-2.144245844607107487e-01,-3.529682334088522500e-01,-2.728720116301869281e-01,7.321598716584974686e-02,-1.764184808529994930e-01,-2.157486207004687406e-01,1.226487741319504284e-02,-6.496877549399752982e-02,1.626001735523275593e-01,-3.171801964994865747e-02,-1.654568783407592836e-01,8.378142672274906111e-02,-1.183939393347247307e-02,-1.153405338057885646e-03,8.184632543695670448e-02,9.135506240036862791e-02,1.206086038258374765e-01,1.190028395001062750e-01,4.876497583165332467e-02,1.025915179545327238e-01,-3.438998291323823106e-03,7.380069873057995208e-03,7.571784809627390977e-02,1.077493697548535245e-01,-5.057695574646717436e-03,1.619948167070211706e-02,4.983400195003716976e-02,8.607765317324181376e-02,1.136052367154730541e-01,6.664970979915973981e-02,8.602868909430397282e-02,1.079263567514861938e-01,1.025735279968426616e-01,5.476243934591472351e-02,1.002336991672478639e-01,3.797245952596413343e-02,-5.320405943080071948e-02,-5.537300294325975952e-02,-6.001261660260042569e-02,5.287746793063623219e-02,-3.049610458492815757e-02,-2.794537802217390496e-02,-1.021040960472088463e-02,-3.363562224147927798e-02,-2.637093749058286307e-02,1.741909887295035875e-02,-3.079496485179087500e-02,1.653712237676500593e-02
2.735376181680070351e-01,4.085714278723386328e-01,3.220064466754141153e-01,3.071135818683583540e-01,1.000000000000000000e+00,1.851912338875684738e-01,1.708557116789679586e-01,3.543597763631947117e-01,2.703091160913810853e-01,1.099800225326102859e-01,-3.647491540165412327e-01,-1.234562775583755156e-01,-2.131177465202905019e-01,-3.876302579635239609e-01,-6.881263232405750163e-02,8.503256128763292399e-02,-3.145196172678570157e-02,-2.724604536093259144e-01,-1.016130033387430409e-01,-4.248134387007511392e-02,-1.559795867518130319e-01,1.081945246200407022e-03,-1.340948893139087827e-02,1.041491053153573709e-01,1.481391850400104460e-01,3.233520939924902637e-02,2.852618031463241555e-01,-6.546655530508146970e-02,7.956158779220195987e-02,8.576934131947745732e-02,-9.262453336287775063e-02,1.154836197172462026e-01,1.589819306135256127e-01,4.331168896678699864e-02,8.841635010275324114e-02,1.529677304063821464e-01,3.608575468912828682e-02,1.356444533483756876e-01,7.908907002958502630e-02,5.626085399555291744e-02,2.328611268543699306e-02,2.069166202156293849e-02,2.537087178708620321e-03,8.035674227460427865e-02,9.750848028573529114e-02,6.692626471726953463e-02,1.024623756304083727e-01,1.612063507638689941e-01,8.580681627317619797e-02,1.469814479095804260e-01,9.090440812992341135e-02,7.615858468729752584e-02,7.131544206846743283e-02,4.010612093315199522e-03,-7.542484628638788935e-02,-7.252051311554960633e-02,-4.189948195910709466e-02,6.404119674106906190e-02,6.389728917602668229e-03,2.227645097748285133e-02,7.364816502754628624e-02,-3.796691637502862173e-03,-7.465256091279519335e-02,-5.233758228344361635e-02,-3.487948030607879168e-02,-7.474602149802957694e-03
1.434903894669908864e-01,1.409114790126850258e-01,3.192032789857571218e-01,1.087740940408752077e-01,1.851912338875684738e-01,1.000000000000000000e+00,3.178189310637682952e-01,5.315955015764187719e-01,2.768221861663963668e-01,1.348209347148024706e-01,-4.255258997961169909e-01,-2.663363112443326575e-01,-4.433242527869904470e-01,-3.190020582136188221e-01,-2.377900602597109447e-01,1.431123069364829414e-01,-1.352704913720271900e-02,-2.418643539800774400e-01,-3.494596403084652449e-03,-1.019635165402754673e-01,-2.446439158633993416e-01,-1.988424703916641390e-02,-1.011103426116883447e-01,-9.800781868292524415e-03,1.557480627951812191e-01,5.034874822932331601e-02,1.820105484992762535e-01,-8.505698213043082212e-02,-3.814524309059449253e-02,-1.747146237307975469e-01,-1.896624886406067523e-01,-2.430861677861763381e-02,-6.995484534914706010e-02,-1.785138792798236090e-02,4.834792705771389504e-02,5.085110373651167970e-02,3.052514418391089751e-02,3.742217450277679491e-02,-4.423433587581982601e-02,5.643956401486605740e-02,-1.272669284369490512e-02,7.235914108147233070e-02,3.844732491019127452e-02,8.792227719724246895e-03,6.099922230147174218e-02,4.077262363228383035e-03,-7.101146011796581614e-02,3.552868160871114345e-02,-6.068142217710919065e-03,6.626427125440020882e-02,6.163872137680786317e-02,3.613452624382606365e-02,3.179646399962082065e-02,-2.832545481647988708e-02,-6.660652766179431250e-02,-1.948259547315900689e-02,2.644437800017066832e-03,6.157974691687679442e-02,5.260018798164473736e-02,7.583994590712042627e-02,4.798372287554685672e-02,-7.278924477466272580e-02,-1.047875216804736442e-01,-9.225693164940579338e-02,-6.465456834854420298e-02,5.983688013103752312e-02
2.542718251661776341e-01,1.471525998320696027e-01,2.846497925714078781e-01,3.749007773067995486e-01,1.708557116789679586e-01,3.178189310637682952e-01,1.000000000000000000e+00,4.823342127133121715e-01,1.863530520778680089e-01,7.083459059930294899e-01,-6.137610852048280136e-02,1.466392392254269603e-03,-5.551595203721308991e-01,-2.099079036583283708e-01,-1.130866517776486363e-01,1.216070952197229743e-01,-3.864645671439754376e-02,-3.228959308111661319e-01,-1.514618887261998392e-01,-3.335174687315389797e-01,-2.850932098631162592e-01,-3.609690796266737389e-02,-1.723996200195801742e-01,-1.442378731271175551e-01,1.242686810062991892e-01,2.862361675430392591e-02,2.357289962803332251e-01,4.039196078812773427e-02,-7.521581523751441622e-02,-8.271390272667546520e-03,-1.006107256657712556e-01,-1.160088916783536504e-02,7.373111152378798716e-02,4.915878062619582350e-02,4.425296109555423157e-02,1.096505088324331162e-01,9.044735704585020464e-02,8.228504868837610564e-02,-5.962534663132983137e-02,-8.510743642221939992e-03,2.870358064228695563e-02,1.272472052378774143e-01,4.047929042941583039e-02,3.208503900303034950e-02,5.748360539175805667e-02,1.117491805217135648e-01,1.205238728358336842e-01,1.149882407429419495e-01,1.466796975818705773e-01,1.335250812928027997e-01,1.847486522470623005e-01,1.324505300736889268e-01,1.761090764103622197e-01,5.278983454035925810e-02,-1.162407508910171805e-01,-3.716107049683716607e-02,-5.989126156242524125e-03,1.003584848420531056e-01,5.288384440500440431e-02,4.232023700772129943e-02,5.011001936487696762e-02,-5.010035004348103310e-02,-1.073217120327179391e-01,-7.820381410481434814e-02,-8.279964207098475248e-02,5.172760029670747661e-02
1.752426907058934336e-01,2.092066460599794064e-01,2.438894167464276952e-01,1.829821724046938880e-01,3.543597763631947117e-01,5.315955015764187719e-01,4.823342127133121715e-01,1.000000000000000000e+00,2.872007250096705877e-01,2.592733899984324131e-01,-5.310708782945722239e-01,-3.552894043802815038e-01,-5.885485997574377848e-01,-5.110347109096738949e-01,-2.677493829523548419e-01,1.578704358471502978e-01,-5.726017705698541183e-02,-4.418354099715883221e-01,-1.689918369196766468e-01,-1.644523087929006533e-01,-3.492366231366977325e-01,-3.983708726817939035e-03,-1.837245745609160721e-02,1.165336110740578107e-01,2.319973240674831627e-01,2.023856883923396133e-01,4.462440592393073779e-01,5.425318274232190235e-02,1.287022115290228363e-01,-2.237592905454132298e-03,-7.791857635281368433e-02,1.425823071526370056e-01,1.237272317110804792e-01,4.167482114192624931e-02,1.406101517356364017e-01,2.054845677787718039e-01,1.317016314139611011e-01,1.690170409335952639e-01,1.367344784022791679e-02,1.453774690563181329e-02,-4.168075064451493006e-02,3.766748252086052438e-03,-1.875270542564555845e-02,4.236723673463869272e-03,2.470789403395998174e-02,1.841983748500647736e-02,2.669708696898607722e-02,3.737880027559057489e-02,2.629870630236215770e-02,1.042309425980663812e-01,9.617564157815573778e-02,6.608329783312839878e-02,6.866341325918541572e-02,-1.600966609811096605e-02,-8.792462647083473803e-02,-3.493033971176204289e-02,1.692658418159456377e-02,1.027197394262898134e-01,7.624443453528896575e-02,7.635329971216836542e-02,6.833884368011598764e-02,-7.170731376477959551e-02,-1.292110888510205335e-01,-8.828101855959900879e-02,-8.515022876364766735e-02,3.850445411089604281e-02
1.573551965460585067e-01,1.357618476257084483e-01,2.573463656183351267e-01,1.315086090739180646e-01,2.703091160913810853e-01,2.768221861663963668e-01,1.863530520778680089e-01,2.872007250096705877e-01,1.000000000000000000e+00,1.448339079471933910e-01,-3.914791167643018599e-01,3.072902956018859211e-01,-3.931994880979813867e-02,-3.191419569737810047e-01,2.334295135458469561e-01,1.720171646378405028e-01,-1.415878917909599299e-01,-1.261523717678215417e-01,1.403811951293162663e-01,1.712036472248728014e-01,-1.550802297398417573e-01,-2.054431582433981773e-01,-2.062103783553163872e-01,9.115114380658422000e-02,3.126493304963604558e-01,-1.131496047575714925e-01,1.049154565494298252e-01,-2.059616347108620127e-01,-2.557329324801788095e-01,-2.265625196348423909e-01,-2.356151979772843630e-01,-1.621781866186431942e-01,-1.545500069066968740e-01,-8.802658783366339168e-02,-1.268914321685725433e-01,2.787036715622650401e-02,-1.114666747080800130e-01,1.290256729709954612e-03,4.609655540596006851e-02,2.188628106995704758e-01,1.362027023677307713e-01,1.954825108861975580e-01,2.078376373586119374e-01,1.320245896482596382e-01,6.748793328603795716e-02,5.896138051308410372e-02,3.459224478364080618e-02,1.073393514815623034e-01,8.336191383166102753e-02,8.019258580692030514e-02,1.352884671251660953e-01,3.496227714739956471e-02,6.317069113124575142e-02,-9.331844231234799267e-03,-7.968054795539696034e-02,-7.660280277193097509e-02,-8.065676185337869453e-02,2.617675206439903229e-02,-2.250700426420510977e-02,3.214422912545060462e-02,7.439710898076221102e-02,1.179332731719756611e-02,-6.124718089284226369e-02,-3.949262492682670961e-02,-7.404251824531034309e-03,1.744818643822949183e-02
2.460916331467321305e-01,1.170974547335821986e-01,2.334255062695536898e-01,3.671988572868690182e-01,1.099800225326102859e-01,1.348209347148024706e-01,7.083459059930294899e-01,2.592733899984324131e-01,1.448339079471933910e-01,1.000000000000000000e+00,5.316095439265351025e-02,1.968658078353276164e-01,-4.081476182288542587e-01,-8.544854020792429228e-02,5.519367559240603155e-02,7.043594282786166949e-02,-8.968431778448007763e-02,-1.857585144428627599e-01,-6.760781821500318201e-02,-2.643548526696744005e-01,-2.114022804559257118e-01,-1.301716104004073948e-01,-2.252573598367535734e-01,-1.765030131452999529e-01,1.270588476104808073e-01,-3.988027034134511428e-02,1.060090472213325447e-01,-3.794654631840469871e-03,-1.745114902765903808e-01,-1.614120471121792411e-02,-1.219969738887762833e-01,-1.059805099280728274e-01,2.662394211777072833e-02,4.426736242263441118e-02,-3.782798982044804914e-02,4.392527699705858768e-02,3.069535458805198666e-02,1.142680359449962935e-02,-6.174668458380075386e-02,1.775859496770278156e-02,7.771086179548365724e-02,1.393638444240417884e-01,1.003194710704760906e-01,9.776725530495061767e-02,8.708703147966316560e-02,1.392281349810821356e-01,1.607199371646198249e-01,1.244500737289272185e-01,1.622305000546105380e-01,1.102441467123602692e-01,1.813972393341287126e-01,1.052041574505496319e-01,1.899337462888234240e-01,9.922383668945609914e-02,-6.278461923385733612e-02,-8.275501127512638680e-03,-7.531482157262639476e-03,7.379435301657671920e-02,3.141098044993380356e-02,3.451152569792961117e-02,5.938717333536024795e-02,-3.131880467552806968e-02,-8.753504119406047002e-02,-3.601406585888713985e-02,-6.597150836008210117e-02,4.250952982718520651e-02
-1.256650302390607543e-01,-1.967049668424933062e-01,-1.834545371660986357e-01,-3.536434424199083604e-02,-3.647491540165412327e-01,-4.255258997961169909e-01,-6.137610852048280136e-02,-5.310708782945722239e-01,-3.914791167643018599e-01,5.316095439265351025e-02,1.000000000000000000e+00,3.685487614291952374e-01,3.146381093523208938e-01,6.254536302686531934e-01,2.140741224895511552e-01,-1.864493941484235140e-01,8.371302066522114810e-03,3.254897015323099385e-01,1.617352570262645117e-02,-6.830728876156941243e-02,2.684804965201821325e-01,4.422650095249693741e-02,-9.293962321389319034e-03,-2.105000064307068763e-01,-2.620757480467012512e-01,-1.340928996131577622e-01,-3.824466852600010291e-01,8.806421747424425777e-04,-1.097345580490634576e-01,7.633090200488907087e-03,1.009384291698681296e-01,-7.299240350851858572e-02,-6.552992360287858420e-02,5.965335578228830177e-02,-4.529595988767400050e-02,-1.247924743710572826e-01,-7.403817861461083061e-03,-1.261372643961047868e-01,-9.493375304872617160e-02,-1.139476634520396464e-01,2.149966172178102708e-02,1.161635795046927870e-02,-5.658058163230667709e-02,-6.192639886565081547e-02,-3.274550529840312973e-02,2.555165931218187497e-02,3.271167876898291305e-02,1.284089735950150017e-02,4.045700147574225747e-02,-4.336011912376342564e-02,-2.173501787631628226e-02,1.035080301816577314e-02,-5.298447951178264156e-03,8.774599553117736622e-03,2.257529500709011192e-02,9.986137966743305653e-05,-2.661422997740152743e-02,-1.020120647539418252e-01,-7.955462983223043905e-02,-9.713315360336748083e-02,-6.752680229287925939e-02,5.045821440891310600e-02,1.480650728477284350e-01,9.327162740359139226e-02,8.570978767205381099e-02,1.867370291709655530e-02
-5.312255486687652087e-03,-7.687622474870497991e-02,2.233600160712089291e-02,3.870733729022792641e-02,-1.234562775583755156e-01,-2.663363112443326575e-01,1.466392392254269603e-03,-3.552894043802815038e-01,3.072902956018859211e-01,1.968658078353276164e-01,3.685487614291952374e-01,1.000000000000000000e+00,3.107467486257343703e-01,3.038501986109305997e-01,5.252655094867088037e-01,-3.844521177284686980e-03,-1.381705806281809390e-01,2.692995807375277439e-01,2.369282249018252740e-01,1.476789343309947156e-01,1.381724469045552683e-01,-2.158625387613842261e-01,-2.686926954114639554e-01,-1.556161150972315832e-01,3.912757776140559501e-02,-3.057513287264345681e-01,-3.286320228374708940e-01,-1.944074752572348408e-01,-3.394418776424841799e-01,-1.945185095231315164e-01,-1.023263172094779350e-01,-2.297852383416155164e-01,-2.117726982740969488e-01,-5.701241106332782110e-02,-2.295388527056024808e-01,-1.261651853607152485e-01,-1.978104177375528405e-01,-1.874742934945585471e-01,-3.019432589664446456e-02,1.499602754056842402e-01,1.845074681905052860e-01,1.609081776440793032e-01,2.144715288311632995e-01,1.694526531507123679e-01,8.642060550981658928e-02,5.445912187268739379e-02,7.287209752101617144e-02,6.349680787496307655e-02,7.437688730615218957e-02,1.312748390854625788e-02,4.069867903172776080e-02,-1.719737738709177510e-02,4.926414249106460946e-02,3.657652448933884637e-02,1.737313921288710997e-02,-4.255194664603883375e-02,-1.074243538665794057e-01,-3.384845906361241830e-02,-1.006856351205306782e-01,-2.943565640694359442e-02,4.096185333488682606e-02,6.763070068537582746e-02,6.667935691366677631e-02,7.007671994276286342e-02,8.036392079114704212e-02,4.310575086544679579e-02
-2.385715970728895241e-01,-2.163537807508993105e-01,-2.753572235238916921e-01,-2.801962484828068867e-01,-2.131177465202905019e-01,-4.433242527869904470e-01,-5.551595203721308991e-01,-5.885485997574377848e-01,-3.931994880979813867e-02,-4.081476182288542587e-01,3.146381093523208938e-01,3.107467486257343703e-01,1.000000000000000000e+00,3.338107220900902727e-01,3.289594195475896155e-01,-1.397996592211315225e-01,-1.166736528507073822e-01,3.791583316506498269e-01,1.877638515278006459e-01,4.288221999549661767e-01,3.128803086816245860e-01,-5.515774353752157105e-02,1.485256369190477432e-01,1.705020973871802237e-01,-6.586279767474439995e-02,-5.981380018446078722e-02,-3.199775320001606027e-01,-1.406387772449320672e-01,-7.468769861066870686e-02,-6.738893865520499682e-02,2.860944753341662650e-02,-1.024763515277010567e-01,-1.578552435971415646e-01,-9.326178477713559234e-02,-1.531549408584874372e-01,-1.969711369761227848e-01,-1.847383376161050306e-01,-1.151142954329683749e-01,9.308217744765447110e-02,7.056034066815695949e-02,1.000139501502550765e-01,2.679531828425621431e-02,5.516422209536528398e-02,1.708934417142315629e-02,-5.113253057799731216e-02,-5.075695293497645838e-02,-5.808863420165472080e-02,-4.169090204262702881e-02,8.154183509366356997e-03,-1.190533759806014918e-01,-6.071189730886625280e-02,-6.269392508720272872e-02,-7.349307237829623418e-02,-2.868243855150940519e-02,4.703239677211450837e-02,2.062146939825607039e-02,-3.442543142076268103e-02,-1.156050890881542698e-01,-6.385785846197984672e-02,-4.762187336732094656e-02,-5.319094232396760075e-02,7.625795049165746964e-02,1.238823700229963048e-01,4.639065927084187746e-02,8.949203261482051308e-02,-3.289133624586674381e-02
-1.525445125569281912e-01,-2.330157349974971426e-01,-1.754076681441721908e-01,-1.294546299102562470e-01,-3.876302579635239609e-01,-3.190020582136188221e-01,-2.099079036583283708e-01,-5.110347109096738949e-01,-3.191419569737810047e-01,-8.544854020792429228e-02,6.254536302686531934e-01,3.038501986109305997e-01,3.338107220900902727e-01,1.000000000000000000e+00,1.300362179250833528e-01,-1.320542796444296729e-01,1.969892000659691500e-01,4.492980807089237971e-01,1.448791388568202165e-01,-6.304173146650701720e-02,3.327618596582588850e-01,7.826491106682031962e-02,-9.948549090522283700e-02,-3.631504121339249602e-01,-3.599427257850474349e-01,-3.287900576441736278e-01,-5.300426819186551120e-01,-4.977769619487226044e-02,-1.710651191564649398e-01,-1.201864237513025250e-04,6.511080285869072504e-02,-1.521209891569946515e-01,-9.083634567841084029e-02,1.681070120558837352e-02,-4.492288598312432768e-02,-1.292827049012248153e-01,-3.987403157352237271e-02,-1.426561204011288220e-01,-1.069497363210739765e-01,-8.380203781295812726e-02,3.311045633522796683e-02,9.716779774956519136e-03,-6.197403416959164357e-02,-5.308346011367832962e-02,-3.447209691572399731e-02,-3.898600471104844700e-02,1.959574359170725665e-03,-2.127937360777163930e-02,3.415509664291596637e-02,-4.946503059874584468e-02,-5.384817248519720156e-02,-3.693446445472720052e-02,-5.741381714732279179e-02,-2.996903929666891453e-02,5.630270108669385709e-02,1.351625059685566434e-02,-4.781716535096966481e-02,-1.134781829545630227e-01,-9.084152985377272338e-02,-8.798248767887624500e-02,-9.455675674804416009e-02,2.925667841830034699e-02,1.396554076156037161e-01,8.818831940340540743e-02,9.187103425791229294e-02,3.187760711428986454e-02
-8.419244531760876338e-02,2.628201828101461249e-04,-6.225218386281752489e-03,-5.081853383846457461e-02,-6.881263232405750163e-02,-2.377900602597109447e-01,-1.130866517776486363e-01,-2.677493829523548419e-01,2.334295135458469561e-01,5.519367559240603155e-02,2.140741224895511552e-01,5.252655094867088037e-01,3.289594195475896155e-01,1.300362179250833528e-01,1.000000000000000000e+00,3.662566345016329827e-02,-4.936617088309190327e-01,2.756974516493770344e-01,3.741129181465074893e-01,3.795995217587588288e-01,2.822935318082457970e-02,-4.948146367921483768e-01,-3.328001629461783129e-01,-1.404310041222179509e-03,3.365077233539943702e-01,-1.847123117786593771e-01,-3.085416989428249601e-01,-3.495455330354785284e-01,-3.576497127898902728e-01,-3.013962527667889413e-01,-2.268011120444919926e-01,-1.914392859930746926e-01,-2.526642476889429112e-01,-1.711535523528885938e-01,-2.652937063691688802e-01,-1.722254040384726126e-01,-2.312083124112444543e-01,-2.340497090800988389e-01,-5.162566128705611129e-02,8.907852663518285585e-02,1.164047652770458796e-01,9.834102978506292780e-02,1.658585651500260050e-01,1.514753368139410139e-01,1.380434565165924166e-01,1.258644282121931801e-01,7.583066715700328975e-02,1.077272474933963914e-01,2.632084992179141089e-02,3.613046136409735903e-02,3.296313008080283685e-02,3.814248355439760207e-02,3.205143956436554836e-02,4.283013695777827118e-02,-1.959128708689131595e-02,-4.577826058519957747e-02,-4.851562240444987073e-02,-4.701557673491715827e-02,-6.408828204950614560e-02,-1.121358548870199888e-02,4.279243802293154070e-02,1.044346765716765435e-01,7.735449206016714596e-02,8.950266119053838787e-02,7.484965440833485362e-02,3.505619584047441062e-02
3.159162591518432928e-02,5.621184138724679563e-02,8.552997753901379896e-02,1.252992483853126449e-01,8.503256128763292399e-02,1.431123069364829414e-01,1.216070952197229743e-01,1.578704358471502978e-01,1.720171646378405028e-01,7.043594282786166949e-02,-1.864493941484235140e-01,-3.844521177284686980e-03,-1.397996592211315225e-01,-1.320542796444296729e-01,3.662566345016329827e-02,1.000000000000000000e+00,8.046361187868737719e-02,-2.639559743594820929e-01,2.484846890568003785e-01,9.486067779931450089e-03,-4.473677020237059598e-01,-7.531619016225134244e-02,-3.952312457334588580e-01,-3.176999583654927517e-01,1.536518321431590561e-01,-3.194868917776141348e-01,3.043765774940194839e-03,-4.048288804449494127e-01,-1.541503492568311318e-01,-9.630778027053220336e-02,-2.266666224831777043e-01,2.636453164125102458e-02,4.454696052646237026e-02,-5.679897041855806739e-02,-6.272448835822896918e-03,4.038635822031204359e-02,-9.137527406882188508e-02,-3.964213490862477512e-02,-3.776090645039679311e-02,3.968244455521871550e-02,-7.322831059652387675e-02,1.396348255582774076e-02,2.212106994824048628e-02,5.686560455011028387e-02,1.295658771337541426e-01,-2.348778450372739958e-04,-1.233896413383246508e-02,1.869617629115775601e-02,-4.190853043335183992e-02,6.274098914048996389e-02,1.676116186336931019e-02,2.300356425308019287e-02,6.995859566060451395e-02,7.217389615399617819e-02,2.072036007240369432e-02,9.519019990722868418e-03,-4.046380845520679281e-02,4.106330593660014600e-02,4.632351590640760956e-03,8.389848168976628273e-02,4.414786229601263406e-02,5.415392855601246919e-02,-5.262839952404649996e-02,-1.438827189924852049e-02,1.783979206592105349e-02,4.908100362219842971e-02
2.227385345079354456e-02,-9.333369370317946834e-02,-2.927366515973452502e-02,6.237476204074231083e-03,-3.145196172678570157e-02,-1.352704913720271900e-02,-3.864645671439754376e-02,-5.726017705698541183e-02,-1.415878917909599299e-01,-8.968431778448007763e-02,8.371302066522114810e-03,-1.381705806281809390e-01,-1.166736528507073822e-01,1.969892000659691500e-01,-4.936617088309190327e-01,8.046361187868737719e-02,1.000000000000000000e+00,8.726940099386372440e-02,3.418658387549730615e-02,-2.927365470602508735e-01,1.245841803614388815e-01,3.891938358391693331e-01,-2.474471294217392425e-02,-3.966332770292305132e-01,-4.552266070100109419e-01,-3.680058509915080656e-01,-7.778499012619524700e-02,8.906756754055587810e-02,1.242286501117639830e-01,2.771245743230084102e-01,8.491227312532799443e-02,3.082472047859515993e-02,2.004808071858439622e-01,1.348730731287190732e-01,1.010001583571840389e-01,1.052462103594677123e-01,1.163446026413942624e-01,1.077217499048044591e-01,-8.424522764417250245e-03,-8.512468846658487187e-02,-1.059382156156086358e-01,-3.177526109440063917e-02,-1.334433629168083890e-01,-9.246733987757049800e-02,-6.162356563719104119e-02,-1.156225013889541631e-01,-6.843756603698258889e-02,-2.907320299607165162e-02,-2.383365159721089269e-02,-2.433665770103995291e-02,-6.475152209853485274e-02,-4.455833523492611775e-02,-3.628959094476751079e-02,-1.149865379165637518e-02,7.427125606246855194e-02,1.629967622639308389e-02,-3.005131950106384314e-02,-2.438062585459950526e-02,-4.408486098491697092e-02,-1.606102115924034485e-02,-9.189834214439869531e-03,-8.072613135780088095e-04,2.310661580710512281e-02,1.810621321418996342e-03,4.741563247920966423e-02,-2.726391665387783297e-02
-1.727655267012903340e-01,-2.440382442654401296e-01,-1.091656813310247359e-01,-3.033138243433879944e-01,-2.724604536093259144e-01,-2.418643539800774400e-01,-3.228959308111661319e-01,-4.418354099715883221e-01,-1.261523717678215417e-01,-1.857585144428627599e-01,3.254897015323099385e-01,2.692995807375277439e-01,3.791583316506498269e-01,4.492980807089237971e-01,2.756974516493770344e-01,-2.639559743594820929e-01,8.726940099386372440e-02,1.000000000000000000e+00,4.292575700855346121e-01,2.684566499371378590e-01,3.829691731078021522e-01,-1.537383035540755838e-01,-9.387107180291308361e-02,-1.207380166963480939e-01,-1.131505707963277318e-01,-3.020250520923751791e-01,-4.484929998976653343e-01,-9.843951085992608263e-02,-1.246584698446513012e-01,-6.409634847391952606e-02,-8.913814752589908907e-02,-1.795532434628015206e-01,-1.569126618548186969e-01,-1.004727172464991297e-01,-2.048359904694501132e-01,-1.766966332828533992e-01,-1.169067868951630951e-01,-1.844224200643929112e-01,-7.037188840648279931e-02,2.248025813467974688e-03,4.830996335036682326e-02,3.432379007598036769e-02,6.059871257874870770e-02,5.162486183620500213e-02,4.994875148632491046e-02,3.287493353418823733e-02,9.768059678064221034e-05,5.759060647950992734e-02,-6.588171478371268250e-03,-5.954646677627954687e-02,-4.007067245618238516e-02,-5.509977945319417814e-02,-6.883188661708190825e-02,-3.296055064363359252e-03,5.165621786803266391e-02,2.417847286550879604e-02,3.449854989733342620e-02,-7.604620771768454135e-02,-3.644959314790494065e-02,-2.891906566379721932e-02,9.480742038753393842e-04,4.886581717700991950e-02,9.441069185744807579e-02,8.076722285388304723e-02,7.135993294725628822e-02,-1.464563153717235097e-02
-1.258265039337297941e-01,-1.093995755174479861e-01,6.474062592058459163e-04,-2.144245844607107487e-01,-1.016130033387430409e-01,-3.494596403084652449e-03,-1.514618887261998392e-01,-1.689918369196766468e-01,1.403811951293162663e-01,-6.760781821500318201e-02,1.617352570262645117e-02,2.369282249018252740e-01,1.877638515278006459e-01,1.448791388568202165e-01,3.741129181465074893e-01,2.484846890568003785e-01,3.418658387549730615e-02,4.292575700855346121e-01,1.000000000000000000e+00,4.422025534186785345e-01,-3.480801249831759481e-02,-4.427995442969655526e-01,-4.769577551589418984e-01,-2.087965573125301066e-01,2.381630016455694443e-01,-4.484145320173057447e-01,-3.443448777299709662e-01,-3.972216795623535468e-01,-2.245010157869752332e-01,-1.646414307859631609e-01,-3.048990563576400303e-01,-1.590612277590975898e-01,-1.241153657959222778e-01,-1.558479119189586648e-01,-2.583579920114230655e-01,-1.290955901371422798e-01,-2.339012270977145480e-01,-2.396711308906689653e-01,-9.492872850898328996e-02,4.982816035911905028e-02,1.886143089585875371e-02,4.074850821486156183e-02,1.454846211014061419e-01,1.500452138189695417e-01,1.651267138428446080e-01,4.572185799555156249e-02,-2.534774359635690033e-02,6.192025745293289196e-02,-3.604886696264648221e-02,1.150961154037946459e-02,-1.235396619681621878e-02,-3.149118878198928217e-02,-8.690248012656807269e-03,6.057041256276382568e-02,5.851604073064511219e-02,3.651131786854895644e-02,7.982459883087494532e-03,-2.520848781349844386e-02,-3.582095334744180275e-03,7.755335310689807915e-02,7.434364464988058030e-02,8.611767486356740331e-02,1.202680932944555879e-02,5.455157276283312956e-02,7.940639522486354906e-02,2.959078975475225998e-02
-1.885620296723619915e-01,-1.338311248142790011e-01,-1.374050546520740324e-01,-3.529682334088522500e-01,-4.248134387007511392e-02,-1.019635165402754673e-01,-3.335174687315389797e-01,-1.644523087929006533e-01,1.712036472248728014e-01,-2.643548526696744005e-01,-6.830728876156941243e-02,1.476789343309947156e-01,4.288221999549661767e-01,-6.304173146650701720e-02,3.795995217587588288e-01,9.486067779931450089e-03,-2.927365470602508735e-01,2.684566499371378590e-01,4.422025534186785345e-01,1.000000000000000000e+00,1.346619735715953170e-01,-4.373301399726178262e-01,8.559219115283820539e-03,3.538275145245903808e-01,3.389586877685510924e-01,-1.632715138121860338e-02,-1.642908364838843449e-01,-3.163203927492840850e-01,-1.015391744119986672e-01,-1.756163298647464843e-01,-2.150750906357696002e-01,-9.606168490811216321e-02,-1.433549756678292875e-01,-1.897588115453504309e-01,-2.179849606232387715e-01,-1.680170078042705906e-01,-2.269888346818267066e-01,-1.510929445353891287e-01,5.500188378057092181e-02,9.545172588210348863e-02,6.513685785376152615e-02,9.453741435155363013e-03,1.542003781724054778e-01,1.176009264820033762e-01,5.845951262036191975e-02,3.007942658762203722e-02,-3.338183230287667530e-02,8.436887831622028738e-03,-1.613046305705364072e-02,-4.937278886205630213e-02,1.815866790983112003e-02,-2.371721444551319613e-02,-1.371024891717063585e-02,2.971157073914179950e-02,2.201006290779799687e-02,3.056743388753543900e-02,2.036596423385508836e-02,-4.059576686014662594e-02,3.278957782254101477e-02,7.348386795743117039e-02,7.872913395834120476e-02,9.328633920433014592e-02,1.405734933650361167e-02,1.376028609092150475e-02,3.518867962288221851e-02,8.683374087368056146e-03
-7.582082811031579106e-02,-1.739633037425583062e-01,-1.552783205501375718e-01,-2.728720116301869281e-01,-1.559795867518130319e-01,-2.446439158633993416e-01,-2.850932098631162592e-01,-3.492366231366977325e-01,-1.550802297398417573e-01,-2.114022804559257118e-01,2.684804965201821325e-01,1.381724469045552683e-01,3.128803086816245860e-01,3.327618596582588850e-01,2.822935318082457970e-02,-4.473677020237059598e-01,1.245841803614388815e-01,3.829691731078021522e-01,-3.480801249831759481e-02,1.346619735715953170e-01,1.000000000000000000e+00,1.008235729207020981e-01,2.445795054944525093e-01,8.452180876247818164e-02,-3.214680812671410481e-01,-9.551438352467395143e-02,-2.634437085665350398e-01,1.771273404046860289e-01,8.512103121336456191e-02,1.225594650853914086e-01,1.589805565905461904e-01,-5.980414592079821151e-02,9.407323398610015208e-03,5.398863526822108433e-02,-3.018842156748209604e-02,-8.828826054014464464e-02,1.803992162216706829e-02,-6.504023945816672647e-02,-5.977896254238764494e-03,-3.372012453957314027e-02,3.746164310711153078e-02,-2.213095835696712171e-02,-4.050464689689992764e-02,-5.150685948205755565e-02,-1.224201216399743719e-01,-2.532175464089629624e-02,-2.533971646987498091e-02,-2.503955126690979652e-02,2.867255094279794886e-02,-6.157008585482677543e-02,-5.334915117322508449e-02,-3.852198677218374862e-02,-6.811622147758789048e-02,-2.474791669082691131e-02,1.952277018989174301e-02,-4.042575638181069263e-03,-4.403090823040591018e-02,-1.264969505442212483e-01,-4.729920911733153516e-02,-8.920464965382954303e-02,1.806163407122043582e-02,4.945742369074132561e-02,8.937224818961454764e-02,5.118865827688288267e-02,7.768334372900381757e-02,-1.271926886724397861e-02
3.188897711800850465e-02,-8.234107373746804570e-02,-7.585720019774203071e-02,7.321598716584974686e-02,1.081945246200407022e-03,-1.988424703916641390e-02,-3.609690796266737389e-02,-3.983708726817939035e-03,-2.054431582433981773e-01,-1.301716104004073948e-01,4.422650095249693741e-02,-2.158625387613842261e-01,-5.515774353752157105e-02,7.826491106682031962e-02,-4.948146367921483768e-01,-7.531619016225134244e-02,3.891938358391693331e-01,-1.537383035540755838e-01,-4.427995442969655526e-01,-4.373301399726178262e-01,1.008235729207020981e-01,1.000000000000000000e+00,3.593772247409195431e-01,-1.543630720847490034e-01,-6.612091019723034258e-01,-6.169553100130884850e-03,1.098661165707632281e-01,2.102564490177135370e-01,3.051257361774832866e-01,3.134666278819959739e-01,3.013935712671824696e-01,2.339791872280408691e-01,2.778937567450257551e-01,2.263147994877116320e-01,2.840154747365957744e-01,1.347920717912744759e-01,1.826414477882609688e-01,1.950423824828567410e-01,3.299097099444686654e-02,-8.652370705872983181e-02,-7.137099421177632574e-02,-8.306669977025046836e-02,-2.339191066287585885e-01,-2.189982929814315027e-01,-2.105868827940534094e-01,-1.213309105017442019e-01,-3.908199532876838189e-02,-7.609232962175306592e-02,6.591816552254806116e-02,-2.170963977718618453e-03,-4.445377188658340001e-02,-2.244498987671082746e-02,-9.033723005346852575e-02,-1.185077082615065974e-01,-1.429620665222736120e-02,-4.374556221210929019e-02,-3.499588836847574574e-02,-2.518598067654908776e-02,-3.790845350432193832e-03,-5.647022410362892431e-02,-4.031783496717895876e-02,1.960204228759959005e-03,3.922075615453125830e-02,-7.504064168883835262e-02,5.496987035190908401e-03,-4.247129184375072336e-02
-6.970881325551427088e-02,-1.035170580567419951e-01,-1.626436866443691787e-01,-1.764184808529994930e-01,-1.340948893139087827e-02,-1.011103426116883447e-01,-1.723996200195801742e-01,-1.837245745609160721e-02,-2.062103783553163872e-01,-2.252573598367535734e-01,-9.293962321389319034e-03,-2.686926954114639554e-01,1.485256369190477432e-01,-9.948549090522283700e-02,-3.328001629461783129e-01,-3.952312457334588580e-01,-2.474471294217392425e-02,-9.387107180291308361e-02,-4.769577551589418984e-01,8.559219115283820539e-03,2.445795054944525093e-01,3.593772247409195431e-01,1.000000000000000000e+00,4.789209313438139159e-01,-3.552455986008086763e-01,4.901296930974305965e-01,2.420402823456011543e-01,3.469716451044118632e-01,3.687215355826224394e-01,2.423395794253518643e-01,2.525439632262886369e-01,1.309151014200918561e-01,1.422509211650641037e-01,5.886666375194436057e-02,1.327574785705119276e-01,-2.183016936051682122e-02,9.357667834652134975e-02,1.571349213931660938e-01,1.216300755252551491e-01,-3.828568990818240897e-02,-7.661336179064667101e-03,-7.330378888760451239e-02,-1.382188088038087403e-01,-1.363616614934837212e-01,-1.908502204770630428e-01,-9.223104274980117867e-02,-4.165492192518891607e-02,-8.702582060462102365e-02,4.550388549652173431e-02,-6.754399107155233117e-02,-5.824651952501796320e-02,4.867347438544934041e-03,-6.196374472634461061e-02,-8.345294551962739726e-02,-3.500541766535406746e-02,1.148382743978333849e-02,6.999076714960714152e-02,-5.577823527165516951e-03,6.393976787379505866e-02,-9.186137999452712033e-03,-2.746859513666598251e-02,-4.697154204030666580e-02,-7.161384759041058111e-03,-1.052834828783832943e-01,-7.962064278685539176e-02,-7.739637835441073865e-02
