1.000000000000000000e+00,7.171377836250589777e-01,5.639964316809047418e-01,1.364681267025647515e-01,4.109916765712425812e-01,4.883501873761561529e-01,7.630212074896655094e-01,4.558931253052834198e-01,5.456894466416409850e-01,4.418452796271664651e-01,5.778164300919156338e-01,1.053122865753110121e-01,7.228048014157245627e-01,1.955801254163475889e-01,4.453282431778585737e-01,7.481133730689237815e-01,5.250153073292496142e-01,1.860928991525458431e-01,-4.354409931246164267e-01,-6.151435925091749413e-01,-3.438076794440727557e-01,-6.568254937914776159e-02,-1.943227039703010126e-02,-7.339502373900974597e-01,-2.553179660534166118e-01,-5.912374712344422578e-01,-3.067216708192961327e-01,-5.901025359098859280e-01,-4.720408134135449241e-01,-6.032477452902252901e-01,-4.612876302579362875e-01,-5.155490435585071696e-01,2.805531934384178916e-01,-3.845690332114638510e-01,5.219294642508109927e-01,6.246362646625478465e-01,-2.848104065446840916e-01,-2.876629593884123121e-02,-6.514088620530296136e-01,-1.165790525151680357e-01,-5.449382421643028662e-01,2.532284159349483255e-01,-3.958093870264226544e-01,6.497472116001445919e-02,5.252673150284249692e-02,-2.236740504184631106e-01,2.616366043839407074e-01,2.662487367299757463e-02,8.858889223081421738e-02,-1.713796579855141333e-01,-7.198968717850848797e-01,-4.904002671329277807e-01,-1.286964163550382012e-01,-1.929848372439474380e-01,6.771627245987185684e-02,-5.190206479818132435e-01,-5.152809174507811951e-01,-5.524943753108351174e-01,-2.798082313754955974e-01,-4.484296095000516180e-01,2.628543337664717705e-01,-6.108852945098428577e-01,-3.985998452970292427e-01,-6.104713013141803701e-01,-7.191601561284957089e-01,-4.132362374529953697e-01,2.444044454604016592e-01,-2.927014274715258324e-01,1.658579569541598908e-02,-3.918977243147702128e-01,-2.288236601223064826e-01,6.810108804610323086e-01,-2.016624939401315819e-01,-4.827819362991307983e-01,-7.273315295830481420e-01,-2.979182572052158084e-01,3.132842521182040429e-01,6.011695537735415318e-01
7.171377836250589777e-01,1.000000000000000000e+00,2.122064325976263655e-01,5.085505083403721871e-01,5.104555927930040093e-01,6.361027884731960125e-01,5.028672158308928886e-01,1.532595620128259228e-01,6.593265320486970671e-01,-7.964262215916886878e-02,4.259070166743682551e-01,-4.283860771749931073e-01,5.440019975387582196e-01,3.911969806521750082e-01,7.089291238877766244e-01,7.464937656663764853e-01,4.300149617930576484e-01,5.587341118734250323e-01,-1.159317448533298545e-01,-2.612473403022216867e-01,-4.796217344670518357e-02,-1.120889097563575604e-01,3.107770625119664620e-01,-4.890461756548346584e-01,8.359640510414492742e-02,-3.019366037998592045e-01,-4.797241021555189583e-02,-1.636893930749487580e-01,-2.484503240249186506e-01,-2.007344395930976966e-01,-5.981981242721300385e-01,-6.425271554636664550e-01,-1.585025981724499378e-01,-5.053390246189176649e-01,8.813745863094378519e-02,5.621912129367289124e-01,-2.490987500991042325e-01,2.988482133323484558e-01,-4.095670449782936595e-01,-4.722592930423912816e-01,-7.348803475370541127e-01,-2.097277870525694199e-01,-6.069082015912293793e-01,-9.140166957593211239e-02,-2.551771930930993859e-01,-4.627355554705942509e-01,2.011276432490784749e-01,-4.596667248286588903e-01,-3.616244474186662283e-01,-6.213816631082363928e-01,-6.633812017187714627e-01,-3.216618644085879608e-01,9.558720882994520274e-02,-4.060789798922845306e-01,-3.201942886115159426e-01,-5.698283940098185507e-01,-4.765255121962592155e-01,-3.738937960204192779e-01,-1.774169990611064174e-01,2.952833313619835157e-02,4.495703238793284928e-01,-5.692032505355174576e-01,-6.803583224006366503e-01,-5.986051194931532038e-01,-7.201213603188196810e-01,-3.807961752794727928e-01,-5.907345657456554433e-02,-4.515245589168903617e-01,-2.009192953273918926e-03,-5.520196036645602655e-01,-6.615463674076929035e-01,3.292173577374127302e-01,-3.644798230313665011e-01,-6.720930840622125757e-01,-5.329769014893617207e-01,-2.126535376455791215e-01,2.655634844993143839e-01,3.531074605848702475e-01
5.639964316809047418e-01,2.122064325976263655e-01,1.000000000000000000e+00,2.842769665828202563e-01,7.121662345282867568e-01,-4.531897423841437650e-02,4.553581236184587322e-01,-1.184155084818621639e-01,1.473772903347208077e-02,3.395290722097642488e-01,7.283862437078137964e-01,4.686142527688170190e-01,3.976440875439564149e-01,-4.046520471398575847e-01,-4.012493994000912445e-02,2.966208288221450773e-01,-5.954023470141633217e-02,-1.489663680607330454e-01,6.401687314506358806e-02,-5.659614911782464564e-01,1.713321493686566221e-01,4.869746243510889028e-01,3.440975158724636773e-01,-1.235200426225282339e-01,1.602612486518548984e-01,-1.725786070214693213e-01,2.689939780638567757e-01,-3.307348818439084792e-01,1.047671859677874046e-01,-2.992345117748995142e-01,-1.901261546890878340e-02,-5.683164393811002135e-01,8.523715620975301499e-02,1.025973543272420824e-01,5.395736511247750666e-01,5.135932309146155061e-01,2.563336006442920034e-01,3.252055379093928278e-01,-2.824141050273471509e-01,5.246101097962273252e-02,-1.481945774070295985e-01,5.052330028037995552e-02,-4.753768824397036075e-01,-3.254379601978392156e-01,-1.939821839704911066e-01,-4.350134693530628982e-01,-2.762248338806281289e-01,8.307157849565185992e-02,-1.518111406975838629e-01,-6.265946747340578847e-03,-4.374135790608308372e-01,-3.308993312391583785e-01,-3.764153856588112190e-01,-3.267989608129714951e-01,-1.717618994581971564e-02,-2.306794169087749979e-01,-5.730421865948727156e-01,-6.625948983343720178e-01,-5.254967760375867103e-01,-6.252529859378277433e-01,-3.811372573024943144e-01,-6.239867274566326394e-01,-3.852037394191770714e-02,2.754316769409084764e-02,-5.191937227675258448e-01,-6.229678250066816858e-01,-1.017993025106499472e-01,-4.480212981884246770e-01,-4.725581483388139326e-01,-4.605368521471100984e-01,-1.227375666089639689e-01,2.100153695983401347e-01,-6.289686379297895202e-01,-5.102072505401490377e-01,-4.192823167032853626e-01,-6.086933406457606388e-01,-2.975315011116379527e-01,2.578181498113003012e-01
1.364681267025647515e-01,5.085505083403721871e-01,2.842769665828202563e-01,1.000000000000000000e+00,5.469952936288129397e-01,4.164740271702198071e-01,-7.813295445755051583e-02,-3.507928155056534436e-01,3.004640471360822684e-01,-6.138247713263857985e-01,2.167757936658127882e-01,-5.185323668860616353e-01,-1.173607659548106573e-03,2.003949954015619705e-01,5.753235976411751329e-01,2.747462156652376031e-01,1.986155740842103848e-02,6.871516137318063322e-01,4.186463623112927079e-01,2.611205162743888697e-01,3.230703086384750788e-01,9.386747151076834175e-03,5.624531294837853412e-01,8.709426985177225189e-02,3.575751328484517710e-01,2.569342703843083831e-01,3.371605797327226761e-01,4.688326389678539874e-01,2.988838312518914964e-01,4.208906407886537360e-01,-4.775528029374813688e-01,-7.050584442025058518e-01,-7.289315766179869094e-01,-3.496328909350949754e-01,-4.350143874735020177e-01,2.307945344983558175e-02,-8.456488149302757726e-05,7.443034528876012468e-01,1.023766562733200297e-01,-7.550180410172316892e-01,-3.444294058021058480e-01,-7.484352588462074296e-01,-6.494957239549340455e-01,-4.023618868526760428e-01,-8.451325510217718717e-01,-6.163292979477051903e-01,-2.043739541564727757e-01,-8.503422182564854825e-01,-6.319304705314210402e-01,-7.136760630785446979e-01,-2.683270151139540149e-01,2.949453389767627831e-01,4.080540330116779746e-01,-2.354507598168968929e-01,-3.180552594628950902e-01,-3.949245018728602674e-01,-1.437759487128306979e-01,-2.689997174665580970e-01,7.321185652323897175e-02,2.399668633954074592e-01,8.819814623417346344e-02,-2.428688416851389198e-01,-4.930470277106264732e-01,-1.929807917213484381e-01,-3.465313560590228548e-01,-1.874977113898387004e-01,-2.240544289860852134e-01,-3.638594051724229339e-01,-1.343854042968060103e-01,-4.249647260458802589e-01,-8.056291795400690736e-01,-2.894250833983527671e-01,-5.262828596261910352e-01,-6.279946593302510038e-01,4.831196182444479070e-02,-7.595254948513786852e-02,-5.242499226707767607e-02,-2.523387959577181872e-01
4.109916765712425812e-01,5.104555927930040093e-01,7.121662345282867568e-01,5.469952936288129397e-01,1.000000000000000000e+00,8.613970938177144265e-02,4.006455527199955791e-01,-4.123967944028248955e-01,1.404407620385275668e-01,-8.244202129932860432e-03,7.895670687124557441e-01,8.122785921676797805e-02,3.803596645870769288e-01,-3.301911892312704433e-01,1.494451307791718198e-01,4.251077923528694402e-01,-1.450308617552535650e-01,1.192150030698369417e-01,3.586504818965302599e-01,-4.155032255203077729e-01,5.306204058595982431e-01,5.817773769340905954e-01,7.512869407665112576e-01,4.645202548369252449e-02,5.497462416126194240e-01,-1.773076926194352976e-02,5.690068385316887634e-01,-9.785786834786776300e-02,2.777895931484513081e-01,-8.253346955885645930e-02,-1.070830536350193818e-01,-7.618283946776450710e-01,-2.156763361549366154e-01,5.251481721016072052e-02,3.267315753286727520e-01,6.815077183898954338e-01,3.355392235575037629e-01,6.433373249686727968e-01,-1.409620052706012650e-01,-1.994093789095926772e-01,-4.794235513507390523e-01,-2.869508970806938786e-01,-7.431673004021736029e-01,-4.533327504695126575e-01,-3.431785945131116122e-01,-7.247299346796833852e-01,-3.867773952648350111e-01,-2.667070203773404535e-01,-6.045792559048730475e-01,-4.225039684240427529e-01,-5.066027375566383162e-01,-3.997745358154727313e-01,-3.411525648400817179e-01,-7.092451991756592022e-01,-4.487302629195437653e-01,-2.935043906394871338e-01,-7.174108760697601728e-01,-6.305864627800873423e-01,-6.225620022834147393e-01,-2.995972393966902514e-01,-2.575591200767636257e-01,-7.420102426788196537e-01,-3.247965032045765921e-01,5.751838329649396064e-02,-6.838697894109043718e-01,-8.077256560505661209e-01,-4.748231155250061120e-01,-7.431906051928156565e-01,-6.424086077594776123e-01,-7.944341715764389189e-01,-5.205173024993571262e-01,-6.161572201200878063e-02,-8.740618606992800466e-01,-7.643865570991755787e-01,-3.759296416429626642e-01,-7.255998570369068812e-01,-4.324325988009611321e-01,9.739264745165999992e-02
4.883501873761561529e-01,6.361027884731960125e-01,-4.531897423841437650e-02,4.164740271702198071e-01,8.613970938177144265e-02,1.000000000000000000e+00,5.268452689918826648e-01,5.432298298915395618e-01,8.398209647153023205e-01,-1.879050631986145178e-02,1.810082855094889420e-01,-4.817977112696027464e-01,5.522490406472931879e-01,6.405042931549995711e-01,8.659112241996846926e-01,6.808465124102881516e-01,6.919714156778423719e-01,7.025768589714448398e-01,-3.664315896327728916e-01,-4.601089894522993051e-02,-3.859223909854400114e-01,-4.466593460429257312e-01,-5.387066333338443036e-02,-6.854243389924976615e-01,-2.877133304955707960e-01,-5.049957148125056028e-01,-4.762627360830614665e-01,-1.439683662422052424e-01,-5.820130431734724663e-01,-2.393743363863088947e-01,-8.616892368894253362e-01,-4.766406387278319112e-01,-1.427897237833473387e-01,-8.444786206935590567e-01,-1.106821603512343904e-01,1.401826395307657069e-01,-6.679245522279902980e-01,6.938329414852238697e-02,-6.197085520670077008e-01,-6.552054258110576734e-01,-6.696168144054904792e-01,-1.126487159674911115e-01,-3.114142816024626503e-01,3.764330494425349172e-01,-1.758461368853427575e-01,-1.371113939598503917e-01,5.013295054418474006e-01,-4.241544129034439115e-01,2.228688704606369975e-02,-4.349510628768525344e-01,-6.006956211269279811e-01,8.007042331146380088e-03,4.130924838018532608e-01,-4.431088836348025944e-02,-3.999960284068568295e-02,-4.828966239144085737e-01,-1.650525630761303375e-01,-2.776416853595126133e-01,1.033897328057219872e-01,1.126260588075017194e-01,4.359421646843635312e-01,-2.136874904945524900e-01,-6.157303727916622060e-01,-7.124278450619705438e-01,-4.879586560624759040e-01,-3.224637597004052086e-02,2.172928301831125175e-01,-1.348620497023026166e-01,3.709397718062511506e-01,-2.041415708668819773e-01,-5.495171119135193738e-01,4.693974606258682347e-01,1.027123490884007673e-01,-4.866967123941554063e-01,-4.857747624821308063e-01,1.009344325569503376e-01,5.894868000630435478e-01,3.983220429396946427e-01
7.630212074896655094e-01,5.028672158308928886e-01,4.553581236184587322e-01,-7.813295445755051583e-02,4.006455527199955791e-01,5.268452689918826648e-01,1.000000000000000000e+00,5.399177257049634360e-01,5.907444926601004287e-01,6.434995984494452648e-01,6.597080725343968943e-01,2.509915557557598764e-01,8.573546081313763167e-01,1.053179867103491291e-01,3.323416476953100496e-01,6.958811770444102152e-01,5.321036275747242916e-01,2.315400994251697042e-02,-5.132503550857041574e-01,-7.433641268699928695e-01,-2.900116677667706200e-01,9.383067902844771657e-02,-6.755105630288931254e-03,-7.038312129128634353e-01,-2.075720010173369712e-01,-7.772638652997052588e-01,-3.279033053990796920e-01,-7.649237779187011421e-01,-6.327368223612714893e-01,-7.986976769694218437e-01,-3.949556889246509384e-01,-4.133896129844625289e-01,4.764471899227340490e-01,-3.655790379204548746e-01,7.076006282585167728e-01,7.088804921146014681e-01,-3.523463174453472790e-01,-1.544921461168733967e-01,-8.335326867831751585e-01,-1.290654243764999612e-02,-6.322578031572108070e-01,4.701493874352780100e-01,-2.802117301772870106e-01,3.682948568257469746e-01,3.689286021579125663e-01,-8.439119200804641452e-02,3.783823115305855467e-01,2.703742448666363041e-01,1.910140924415509867e-01,-1.827928317210187475e-02,-7.770537813791754678e-01,-5.991520375232628481e-01,-3.140676538747871338e-01,-3.739568512006109513e-01,-4.139501624052415937e-03,-3.318817515044692468e-01,-6.737829830952946075e-01,-6.500226338438636065e-01,-5.237363828507861641e-01,-5.272500093809943111e-01,3.328792050834505217e-02,-6.058311187484799465e-01,-2.850118147150169645e-01,-4.500102478710886200e-01,-7.447872750431469013e-01,-5.572011744223289709e-01,1.073961203432137190e-01,-3.848409429481983168e-01,-6.941171235924663285e-02,-4.176141188287241235e-01,-1.035983285455046726e-01,7.160323326579156600e-01,-1.822714377571681421e-01,-5.300821073223684898e-01,-8.863085529469302282e-01,-4.965891311904947480e-01,2.312513132311908581e-01,7.366269078571237028e-01
4.558931253052834198e-01,1.532595620128259228e-01,-1.184155084818621639e-01,-3.507928155056534436e-01,-4.123967944028248955e-01,5.432298298915395618e-01,5.399177257049634360e-01,1.000000000000000000e+00,5.783792287872147053e-01,5.006787386933492234e-01,-6.194226456443226170e-02,4.456127727359122243e-02,5.251925778315613691e-01,5.347770895890991971e-01,3.466136913496965510e-01,4.150659735558284713e-01,7.431858082224256368e-01,1.120389437524080545e-01,-7.960172732552208696e-01,-2.697888473287793354e-01,-7.857274465266161911e-01,-5.289405784058534010e-01,-6.440592823962985047e-01,-7.788173290760161960e-01,-6.932944258707736118e-01,-7.532463441773378232e-01,-8.429071968764206835e-01,-6.152516856705664283e-01,-8.497717353050724398e-01,-6.636190052574334475e-01,-3.807326432915500436e-01,1.352409421902938669e-01,4.994140613735765788e-01,-4.888316878557842915e-01,3.036622886396435628e-01,4.748921876271372522e-02,-7.352812947001283739e-01,-5.839476376705496907e-01,-6.267379441503471149e-01,-3.973896782040607645e-02,-2.702185853585814534e-01,5.815954462794239443e-01,2.560255955871921230e-01,7.128995443478418625e-01,4.610843367867277220e-01,4.823290149141551408e-01,7.314062416769215869e-01,3.130803131944806528e-01,6.609229006750000357e-01,2.446394414783538418e-01,-3.579454035231269815e-01,-1.659308954669965197e-01,1.396437979452766487e-01,3.256014630945430754e-01,3.278002641572499432e-01,-2.580896028343614423e-01,1.496021708804829743e-02,-2.722017110251946648e-02,1.198687843157748151e-01,-2.301135102728363302e-01,3.256824172533712702e-01,1.698954568506090904e-02,-1.459530276032444951e-01,-6.266066626487218905e-01,-1.687789077305607011e-01,2.268172404965450584e-01,5.068293501738476703e-01,2.335998053215311010e-01,5.346483077831384323e-01,2.222653128506107134e-01,1.922978370287019567e-01,6.941717935741952283e-01,5.706064720953069047e-01,7.607098487249581986e-02,-4.996698237950354948e-01,2.127051936362254481e-01,6.419479028678035659e-01,5.043754825523383278e-01
5.456894466416409850e-01,6.593265320486970671e-01,1.473772903347208077e-02,3.004640471360822684e-01,1.404407620385275668e-01,8.398209647153023205e-01,5.907444926601004287e-01,5.783792287872147053e-01,1.000000000000000000e+00,8.771105814853856486e-02,3.089124081788259257e-01,-4.339980966299152865e-01,6.788074029462679571e-01,6.451640847088221387e-01,7.766321459381466674e-01,6.643990382161946151e-01,7.587423755182337581e-01,5.724702982536945539e-01,-4.902912061412986744e-01,-2.266922928521642178e-01,-4.308697954874419755e-01,-3.659497603467166682e-01,-9.593018872012899767e-02,-6.559351552785105399e-01,-3.157168956951737493e-01,-6.373310844935519137e-01,-5.184627893999945725e-01,-3.268573118336692285e-01,-6.590039165136335475e-01,-4.102039070830384437e-01,-7.419491049146959005e-01,-4.295566539383955385e-01,3.795899092258094021e-02,-7.343777666134261306e-01,1.089803302673141017e-01,3.219788558228736108e-01,-6.837099727710980179e-01,-2.890792028807374556e-02,-6.444853457179334777e-01,-5.327398080186862561e-01,-7.084674490100888455e-01,7.956418297837183906e-02,-2.765707383614952608e-01,4.551946467074085012e-01,-6.692416753308987748e-03,-2.941638437078723453e-02,6.222880145754433601e-01,-2.700413384671729311e-01,9.991207083249120657e-02,-3.616985727626191860e-01,-7.137182308798470931e-01,-2.021642746941505753e-01,2.426636940492089278e-01,-1.444936627028696186e-01,-9.527328752316248373e-02,-3.879980887348717933e-01,-2.224867899143912475e-01,-3.022354065621244423e-01,-4.684478456952922976e-02,-4.270215734432501742e-02,3.276358774536165530e-01,-3.445645385750811251e-01,-5.809125852945733470e-01,-7.044495131661162590e-01,-5.363898618663777151e-01,-1.229455302047245679e-01,2.259575823602837652e-01,-1.720524703095597796e-01,3.187914072067297155e-01,-2.290968586250978212e-01,-4.581426453925089293e-01,4.880863757253879887e-01,1.529248156581179859e-02,-5.125049926262628119e-01,-6.175916758681188057e-01,-1.212585475478792328e-02,5.490968124330156686e-01,4.545978909478043395e-01
4.418452796271664651e-01,-7.964262215916886878e-02,3.395290722097642488e-01,-6.138247713263857985e-01,-8.244202129932860432e-03,-1.879050631986145178e-02,6.434995984494452648e-01,5.006787386933492234e-01,8.771105814853856486e-02,1.000000000000000000e+00,4.234877926210804389e-01,6.993523167446195066e-01,5.771580266607096998e-01,-2.474317985930455932e-01,-2.258407079425756026e-01,2.320453829100171672e-01,2.209273134516205606e-01,-5.207260093381582688e-01,-5.290059423322664989e-01,-6.863490975672567052e-01,-3.447518931891230820e-01,1.149326346823927175e-01,-3.502254331569031875e-01,-4.918692178296572015e-01,-3.517390111820401510e-01,-6.158228729079213704e-01,-3.602529333025813463e-01,-7.761362695324595107e-01,-5.393111882737680052e-01,-7.592785521895285550e-01,6.111464511029733593e-02,1.062797373955882557e-01,7.509321328454205968e-01,-3.028131389724320836e-03,8.197186756454755141e-01,4.211923208720399492e-01,-1.444848066153059940e-01,-5.125581475714351409e-01,-6.258662551249819517e-01,5.260015625385386917e-01,-8.154159560921060701e-02,7.888655598153655468e-01,2.084227280204123123e-01,3.772362032121173159e-01,7.149188895266489485e-01,2.543559650261811300e-01,2.584299616583243253e-01,7.530691554801528520e-01,5.243735779315554790e-01,5.361910496532271697e-01,-3.353463441468088613e-01,-5.335163863966317921e-01,-5.525820306098441215e-01,-4.647726268559511376e-02,2.697089851713045383e-01,-1.722751201720887360e-02,-3.890035643704878310e-01,-2.691004499832456709e-01,-4.663122192084827589e-01,-6.222627056785930977e-01,-1.947230655414258216e-01,-2.890748074305198867e-01,2.342772885933617211e-01,-8.311116075532765102e-02,-2.380934157381726646e-01,-2.583253539205801474e-01,2.046832374983231506e-01,-2.698673567927416597e-02,-5.501621966284978189e-03,-1.551598050659759413e-02,4.647889947516044562e-01,6.851098747488433283e-01,1.150035366230196393e-01,1.935292388159197061e-02,-6.035856244090029854e-01,-3.222461789802127385e-01,1.203328548687618710e-01,6.690647895730769124e-01
5.778164300919156338e-01,4.259070166743682551e-01,7.283862437078137964e-01,2.167757936658127882e-01,7.895670687124557441e-01,1.810082855094889420e-01,6.597080725343968943e-01,-6.194226456443226170e-02,3.089124081788259257e-01,4.234877926210804389e-01,1.000000000000000000e+00,3.391674191412906159e-01,6.827485545730699323e-01,-3.342701988144902159e-01,1.379861037470402896e-01,4.646205848821144957e-01,5.455824084760767245e-02,-6.443172122445087191e-02,-9.355810081538256176e-03,-6.594568621853048596e-01,2.323551789274661550e-01,4.806623658496290696e-01,3.977923430375085445e-01,-2.773870088807222078e-01,1.906120002672979930e-01,-3.636811814841702239e-01,2.326886064934972354e-01,-4.221194426498410257e-01,-1.112194225771417494e-01,-4.344750960001529383e-01,-2.104246072756951746e-01,-6.455358089806825239e-01,1.277873354611022416e-01,-9.806905045567573809e-02,6.137658815194647621e-01,7.446033530431938052e-01,1.080096618504605144e-01,2.850702740152172843e-01,-5.042746432332383399e-01,-1.280077882461490117e-02,-4.775246779470184166e-01,9.005440508462350668e-02,-5.106793467580836854e-01,-1.234340383332993701e-01,1.382548586060475086e-02,-4.632440320067767736e-01,-1.674678869597202024e-01,9.104297383507196917e-02,-2.335475464387032352e-01,-1.577479258121407824e-01,-6.753016253796965129e-01,-5.279755208965646318e-01,-4.670959598136089630e-01,-5.649616513664376116e-01,-2.018622034987500313e-01,-2.183662044114958178e-01,-6.902727861870568971e-01,-7.230095992601294208e-01,-7.052305489813135431e-01,-5.462721303658012451e-01,-3.234531872671922992e-01,-7.730246889214131834e-01,-1.829986082640501222e-01,-5.735185476594215070e-02,-7.012783140626632772e-01,-7.925699745442016386e-01,-2.343021837286558551e-01,-5.866428250997898219e-01,-4.655147672417720428e-01,-6.444873444760798042e-01,-2.825736836856330703e-01,3.249379888460962595e-01,-6.465287131540674581e-01,-6.592005841057899662e-01,-6.252919810815444901e-01,-6.956994661567384997e-01,-1.919471292824605213e-01,4.575153467158468712e-01
1.053122865753110121e-01,-4.283860771749931073e-01,4.686142527688170190e-01,-5.185323668860616353e-01,8.122785921676797805e-02,-4.817977112696027464e-01,2.509915557557598764e-01,4.456127727359122243e-02,-4.339980966299152865e-01,6.993523167446195066e-01,3.391674191412906159e-01,1.000000000000000000e+00,9.186138688285032383e-02,-6.981627015806897152e-01,-6.002364099049309898e-01,-1.920775083295156727e-01,-3.059964450125487456e-01,-7.307860339670723127e-01,-7.182992376843989890e-02,-4.570095504091669092e-01,3.739133480983235225e-02,3.827897578385800470e-01,-1.388385425043502652e-01,8.814610357784592384e-03,-1.997995133134796222e-02,-1.113633768538268148e-01,9.580239640173834892e-02,-4.587078209064909817e-01,-1.124582061860607794e-02,-3.959810606302180958e-01,4.482023946159180983e-01,1.658142714327584810e-01,5.075757275055082784e-01,4.150061449441679873e-01,6.476932080129860214e-01,1.961903087429971437e-01,2.857233736120001200e-01,-2.983084121267320921e-01,-1.630486441490781591e-01,6.780255984331052810e-01,3.461828099296955785e-01,5.440857415791919838e-01,2.025727026101024897e-01,1.776334457082015539e-02,4.865667155055040105e-01,1.600149917147156431e-01,-2.622345983911713585e-01,7.461144397173888887e-01,3.153673281471153222e-01,6.294117731667459026e-01,5.087970024839412464e-02,-2.945017795180873699e-01,-6.102082779418066538e-01,2.429743458223198108e-02,2.569077133762691090e-01,1.472028796140631979e-01,-2.489340379975025774e-01,-2.095314940493001321e-01,-4.573891200903295040e-01,-6.178064488864355441e-01,-5.293317759606949169e-01,-1.347043480334806920e-01,5.461552244484679797e-01,3.484417383751580721e-01,1.493834648101300885e-02,-2.537824172259747768e-01,-3.247904509173957927e-02,-3.713124619929324133e-02,-2.662441139271160551e-01,-6.393079398493815499e-03,5.734929333171443488e-01,2.698354339387887268e-01,-9.880709920662320012e-02,1.582062140580043075e-01,-1.363509528977410179e-01,-3.346921255876951218e-01,-2.876294158500360409e-01,2.178781295795634565e-01
7.228048014157245627e-01,5.440019975387582196e-01,3.976440875439564149e-01,-1.173607659548106573e-03,3.803596645870769288e-01,5.522490406472931879e-01,8.573546081313763167e-01,5.251925778315613691e-01,6.788074029462679571e-01,5.771580266607096998e-01,6.827485545730699323e-01,9.186138688285032383e-02,1.000000000000000000e+00,2.173529891409659298e-01,3.875018633665559542e-01,7.190195229828884038e-01,5.744799357956988928e-01,7.217517950873370003e-02,-5.301106058700043588e-01,-7.138581467771691891e-01,-2.900705557818010205e-01,6.659465271888334592e-02,-4.644011033188555349e-02,-7.040390124335097477e-01,-2.801246369409305381e-01,-8.078472901997356681e-01,-3.362802572438215454e-01,-6.974825186789564979e-01,-6.276633790961114734e-01,-7.588302673297313561e-01,-4.213291409569293045e-01,-4.427951706327571402e-01,4.115326167168462668e-01,-3.733823692194990218e-01,6.161506568601538003e-01,6.629534364225164733e-01,-3.814332186938409475e-01,-1.075410341799463571e-01,-7.946140402421845161e-01,-7.329001699139106596e-02,-6.609917875500302964e-01,4.142362884784578370e-01,-2.694348769305467406e-01,3.308157327627582744e-01,2.590591510838513578e-01,-9.996173854042096629e-02,4.587917863473367497e-01,1.925792806901519549e-01,1.823961828707664212e-01,-7.193126134503159685e-02,-7.950346172166515846e-01,-5.714118073599878667e-01,-2.796963794891795807e-01,-3.350630137132182829e-01,-5.783715770434379178e-02,-2.681479210705751126e-01,-5.791063428726078710e-01,-5.649132941569213751e-01,-5.216478016471305379e-01,-5.294181563583925110e-01,5.377113670693160069e-02,-6.736664550482391878e-01,-3.488915369351827112e-01,-4.546218118042661960e-01,-7.117886369792905121e-01,-5.414719036354604942e-01,4.783979854422214240e-02,-3.560172445492674753e-01,-6.736686050841793338e-02,-3.846632244597203432e-01,-1.741136590722628386e-01,6.539153424353206789e-01,-1.804004200288688020e-01,-5.155927127447955671e-01,-8.519034567459964347e-01,-4.606861814978872038e-01,2.295597629301042442e-01,6.617704884463662118e-01
1.955801254163475889e-01,3.911969806521750082e-01,-4.046520471398575847e-01,2.003949954015619705e-01,-3.301911892312704433e-01,6.405042931549995711e-01,1.053179867103491291e-01,5.347770895890991971e-01,6.451640847088221387e-01,-2.474317985930455932e-01,-3.342701988144902159e-01,-6.981627015806897152e-01,2.173529891409659298e-01,1.000000000000000000e+00,6.405763376463385894e-01,3.145026385054238149e-01,7.639417049596136655e-01,6.364630845224489297e-01,-5.298050764639863353e-01,1.761522582054493025e-01,-6.058494752626646385e-01,-6.681748144861788807e-01,-3.804478451355339796e-01,-4.695029580487305454e-01,-4.889835279131411472e-01,-3.807118836393487138e-01,-6.270425887311453783e-01,-7.987130844411553798e-02,-4.905100910862504326e-01,-1.162002058706801677e-01,-4.965370727008674989e-01,2.028941321787297927e-02,-3.056157121690985037e-02,-5.601521856072827488e-01,-3.072577254239452493e-01,-1.773866543288799280e-01,-7.257734514949580884e-01,-1.715867534893157909e-01,-1.668218970669954615e-01,-5.656468883350481702e-01,-3.559972995705728005e-01,7.732799680650909169e-03,8.429027366217407835e-02,4.578363424567196693e-01,-8.294445953620298295e-02,3.075022239731103335e-01,7.046971756286114497e-01,-3.388397056898040938e-01,2.280007900798000919e-01,-2.796037447580742019e-01,-2.334556555079784490e-01,1.468394376956100866e-01,5.769285881149867068e-01,2.764841904827846641e-01,8.723170218640008411e-02,-2.625998826768403682e-01,2.404016410385905189e-01,1.349710714745878393e-01,4.461180153866347586e-01,2.773454436348078977e-01,5.993767130485760930e-01,1.597680089402753190e-01,-4.630219740701442821e-01,-6.606304813388111929e-01,-8.005993779368601737e-02,3.765577846422746289e-01,3.856378871474100412e-01,2.633489813964752790e-01,5.725619857177838279e-01,1.791908907207556412e-01,-2.723188940040234818e-01,1.322282396900577583e-01,3.929916887725193320e-01,-2.256364936040668873e-02,-1.452587411259206596e-01,4.575023845365127073e-01,6.483023599156247929e-01,3.790341142273287445e-02
4.453282431778585737e-01,7.089291238877766244e-01,-4.012493994000912445e-02,5.753235976411751329e-01,1.494451307791718198e-01,8.659112241996846926e-01,3.323416476953100496e-01,3.466136913496965510e-01,7.766321459381466674e-01,-2.258407079425756026e-01,1.379861037470402896e-01,-6.002364099049309898e-01,3.875018633665559542e-01,6.405763376463385894e-01,1.000000000000000000e+00,6.192446630974024480e-01,6.196261022878143399e-01,8.173993090718603138e-01,-2.401923812132334968e-01,1.053580606414325216e-01,-2.921492668671532011e-01,-4.951656890012296475e-01,1.367448823324812074e-02,-5.476434904280960136e-01,-2.110920198025455219e-01,-3.233643395418061006e-01,-3.551737370209874789e-01,4.925759573177949241e-02,-4.327676912804851450e-01,-4.593897003292383291e-02,-8.621969081751107433e-01,-5.173012901083255954e-01,-3.238939016454828734e-01,-8.290598722824380484e-01,-2.339775985535125780e-01,9.451208378431839863e-02,-5.916428830837401343e-01,1.623530230294982779e-01,-4.592080237919947683e-01,-7.091684288818922433e-01,-5.914601420512629604e-01,-3.034238543631698204e-01,-3.764285791583462659e-01,1.938154583960949306e-01,-3.425342182328884877e-01,-1.821030976204869589e-01,4.030908042952547898e-01,-5.833535757363534913e-01,-1.385378585662176421e-01,-5.709410058866811744e-01,-5.742079349050792647e-01,1.214197873673001915e-01,5.169163639759025708e-01,-4.893164331339678458e-02,-1.370316256282955725e-01,-5.579728600857655207e-01,-1.088469865018052984e-01,-2.049846829027057171e-01,1.755534237411385257e-01,2.777015765551318349e-01,5.262412879210969230e-01,-1.911331186767500634e-01,-6.902737942412231487e-01,-7.358552568326165444e-01,-4.540344858352842183e-01,3.550327379323268279e-02,1.782981998356528985e-01,-1.134288006418263245e-01,3.936406228708934640e-01,-2.481352259436146457e-01,-6.554983391798047121e-01,3.013747618383916804e-01,-1.221400384129628543e-02,-5.030376338821634929e-01,-3.340415860352419219e-01,1.907130397378100084e-01,5.712160905355471163e-01,2.754014661710219025e-01
7.481133730689237815e-01,7.464937656663764853e-01,2.966208288221450773e-01,2.747462156652376031e-01,4.251077923528694402e-01,6.808465124102881516e-01,6.958811770444102152e-01,4.150659735558284713e-01,6.643990382161946151e-01,2.320453829100171672e-01,4.646205848821144957e-01,-1.920775083295156727e-01,7.190195229828884038e-01,3.145026385054238149e-01,6.192446630974024480e-01,1.000000000000000000e+00,5.736239343754546693e-01,4.351953746452696392e-01,-2.872259012865573946e-01,-4.553293458342101974e-01,-1.974037043565498584e-01,-9.516211141412977970e-02,1.795787158637471848e-01,-6.849383855897746010e-01,-1.153075885137343215e-01,-5.807836086420140598e-01,-2.067512321014359777e-01,-4.144210153635942695e-01,-4.136889165607481322e-01,-4.640626714503803818e-01,-5.835259055922021876e-01,-6.260357964767403471e-01,4.692580683949893611e-02,-4.986838700996660267e-01,3.405005860785573768e-01,6.301280365427247565e-01,-3.176815094057766631e-01,1.581236405191763783e-01,-5.897048363475306809e-01,-3.654772536696933583e-01,-8.196907720494328586e-01,1.821167646699337062e-02,-5.409056477287561560e-01,7.443674635302044429e-02,-3.907378925541523523e-02,-3.788540147039448636e-01,2.845814520458868069e-01,-1.922163863652441018e-01,-1.302231449710888334e-01,-4.413635480814510070e-01,-7.373447452170293070e-01,-4.645045567288471622e-01,2.193316440166932779e-02,-3.291287008447567053e-01,-2.770060133574142602e-01,-6.034822781675841519e-01,-5.413871347828049796e-01,-3.472997864638446286e-01,-2.500682407832648391e-01,-1.413540373411438233e-01,4.293912429794966013e-01,-6.227510635040682807e-01,-7.045477490459982617e-01,-6.654566050875085903e-01,-7.751521112864538932e-01,-4.267380936202978536e-01,-1.828657810892812818e-02,-4.485575538994584499e-01,-1.251057418858412922e-02,-5.333092983794779363e-01,-4.895369635036642686e-01,5.155046337917567056e-01,-1.942066141168483639e-01,-6.291378688509937644e-01,-6.704029910706712503e-01,-2.985343740971446724e-01,2.857802014922710132e-01,4.662423235072059580e-01
5.250153073292496142e-01,4.300149617930576484e-01,-5.954023470141633217e-02,1.986155740842103848e-02,-1.450308617552535650e-01,6.919714156778423719e-01,5.321036275747242916e-01,7.431858082224256368e-01,7.587423755182337581e-01,2.209273134516205606e-01,5.455824084760767245e-02,-3.059964450125487456e-01,5.744799357956988928e-01,7.639417049596136655e-01,6.196261022878143399e-01,5.736239343754546693e-01,1.000000000000000000e+00,4.612072228183977662e-01,-8.259016898223026093e-01,-2.818710127150155786e-01,-7.646702604309272289e-01,-5.575593914140383189e-01,-4.711238795871884877e-01,-7.725772346837175286e-01,-6.673763727809106650e-01,-7.291964095703015181e-01,-7.775028105761753183e-01,-4.806215870932070144e-01,-7.764492760250231163e-01,-5.504516347355314920e-01,-5.757801830098530083e-01,-5.591804225347729584e-02,3.301493520886229494e-01,-6.547056021086178346e-01,1.870996009639344926e-01,1.622953634583365057e-01,-8.760903703819711286e-01,-3.612252065586440963e-01,-5.471682978335073999e-01,-4.139249637991017639e-01,-5.160920713228411838e-01,3.563637831314450666e-01,1.097187201309730992e-01,6.610142334520220375e-01,1.711770972623141707e-01,3.399223191006289779e-01,8.141416309401251494e-01,-2.110864750483154584e-02,4.329006113356125840e-01,-9.655076494153644329e-02,-5.558858612826579337e-01,-1.571900768772876711e-01,3.211403813703888610e-01,2.011555952176402040e-01,2.443443914789959759e-01,-3.571502452272432016e-01,-7.575800676242162857e-02,-1.922758493207237518e-01,1.998467595612075098e-01,-5.515644878787109850e-02,5.046017217610276884e-01,-6.901138247688595739e-02,-4.468685995936839128e-01,-8.093305697344338467e-01,-3.738859655761661571e-01,1.310272705808394056e-01,5.326579377161481110e-01,1.589545053264524443e-01,5.634788218292379192e-01,7.484925550443595477e-02,-1.280807405941907229e-01,5.309109909494901247e-01,3.442090710493265204e-01,-1.836490262704027765e-01,-5.496100823373932798e-01,2.357396147655241025e-01,7.496537626852863845e-01,4.725797823465421321e-01
1.860928991525458431e-01,5.587341118734250323e-01,-1.489663680607330454e-01,6.871516137318063322e-01,1.192150030698369417e-01,7.025768589714448398e-01,2.315400994251697042e-02,1.120389437524080545e-01,5.724702982536945539e-01,-5.207260093381582688e-01,-6.443172122445087191e-02,-7.307860339670723127e-01,7.217517950873370003e-02,6.364630845224489297e-01,8.173993090718603138e-01,4.351953746452696392e-01,4.612072228183977662e-01,1.000000000000000000e+00,3.004540819621406150e-02,3.993138872138718987e-01,-1.217669474943811198e-01,-4.643981830809201794e-01,1.764285808489808316e-01,-2.864507281965470442e-01,-3.570154402061269383e-02,-4.425827333920617779e-02,-1.573875666849285371e-01,3.555297467646503229e-01,-7.918064941365267340e-02,2.991980830921769918e-01,-7.659005210696532284e-01,-5.033792982092278878e-01,-6.170055745697782257e-01,-7.156425247246754884e-01,-4.885050670208788137e-01,-7.965717016758483426e-02,-4.379633579803579035e-01,4.058911523731392745e-01,-9.841121578636863321e-02,-8.882369339679520026e-01,-5.061792566163048068e-01,-5.869467488327564375e-01,-4.423100703182911708e-01,1.492319628957741728e-02,-5.513613521577598320e-01,-2.867433166671081723e-01,1.957624177541604227e-01,-7.712883006280203402e-01,-3.281434714124901730e-01,-7.154102126125386762e-01,-3.565914502557929744e-01,3.203420811708649341e-01,7.012498573522079059e-01,-3.255651333413919768e-02,-2.882123634694370162e-01,-5.129573909165323631e-01,5.446902372586540780e-02,-2.601876869720285215e-02,3.722202525182992661e-01,5.373038738343325349e-01,5.602139156890186822e-01,-4.347365820276720416e-02,-7.362675473465475351e-01,-6.002293221877519347e-01,-2.911509184525292726e-01,1.730035088477323291e-01,6.282232853231675684e-02,-7.424828513225210924e-02,2.952388580083046832e-01,-2.652148614619711520e-01,-7.625082529107848339e-01,-4.118865763396305224e-02,-4.835724000584926130e-02,-4.401574820993950921e-01,-1.309606920981575863e-02,3.055779540340376466e-01,4.435583730840383376e-01,-8.640367528395877239e-02
-4.354409931246164267e-01,-1.159317448533298545e-01,6.401687314506358806e-02,4.186463623112927079e-01,3.586504818965302599e-01,-3.664315896327728916e-01,-5.132503550857041574e-01,-7.960172732552208696e-01,-4.902912061412986744e-01,-5.290059423322664989e-01,-9.355810081538256176e-03,-7.182992376843989890e-02,-5.301106058700043588e-01,-5.298050764639863353e-01,-2.401923812132334968e-01,-2.872259012865573946e-01,-8.259016898223026093e-01,3.004540819621406150e-02,1.000000000000000000e+00,4.488233855930560123e-01,8.760839187497384550e-01,4.660075094887657920e-01,7.496054669388492186e-01,7.210395513847945859e-01,8.119834505944184544e-01,7.377785517405869298e-01,8.467800694779669124e-01,6.779584411715465775e-01,8.404672962509334155e-01,7.198463058451027852e-01,2.361139726294397279e-01,-2.976077159847753117e-01,-6.999445241950152941e-01,3.597329394012284687e-01,-4.005323260779757311e-01,-8.933398849012182119e-02,7.554388779537154486e-01,7.328940637512338929e-01,5.489952789777098330e-01,-8.531671273245304554e-02,1.485058378192393447e-01,-7.340382702041552410e-01,-4.708838274972224625e-01,-7.452563211527284404e-01,-5.325245666216518181e-01,-6.393532473760715762e-01,-7.946567355789162512e-01,-4.415235430716226706e-01,-7.312958533000932793e-01,-3.399250675594719939e-01,3.465323541595586310e-01,2.249157607404596304e-01,-4.203791030884919400e-02,-3.766269420980165594e-01,-5.230399843015393069e-01,8.309937022128051354e-02,-5.775521513147292493e-03,1.396024850458709443e-01,-1.013279244484116132e-01,3.248275243898469666e-01,-3.017110957844498231e-01,-7.119136157925534669e-02,-4.722710950754971902e-04,5.735270356545043580e-01,1.399904746045352866e-01,-1.942376767740481291e-01,-6.514406400531357333e-01,-3.630481756274780425e-01,-5.728201768467890975e-01,-3.342763216826895589e-01,-3.456016260935951268e-01,-6.433501231573542922e-01,-5.110311258701825121e-01,-1.721146934924137339e-01,5.310351657004109827e-01,-2.251554478106083668e-01,-6.772548387225002520e-01,-5.819966908075620005e-01
-6.151435925091749413e-01,-2.612473403022216867e-01,-5.659614911782464564e-01,2.611205162743888697e-01,-4.155032255203077729e-01,-4.601089894522993051e-02,-7.433641268699928695e-01,-2.697888473287793354e-01,-2.266922928521642178e-01,-6.863490975672567052e-01,-6.594568621853048596e-01,-4.570095504091669092e-01,-7.138581467771691891e-01,1.761522582054493025e-01,1.053580606414325216e-01,-4.553293458342101974e-01,-2.818710127150155786e-01,3.993138872138718987e-01,4.488233855930560123e-01,1.000000000000000000e+00,1.578558708108427910e-01,-4.186815361776973776e-01,-3.409336444718042997e-03,4.159773213368591072e-01,1.522369687492095558e-01,6.006187979038529745e-01,1.128180639704932098e-01,8.007236532326705847e-01,3.733041061480673606e-01,7.793695833613566437e-01,-6.666373613193091185e-02,1.860450590460754339e-01,-6.920450020176585060e-01,-1.141272219421964884e-01,-8.613988231023069764e-01,-7.370521234165798852e-01,4.896511349294987298e-02,2.012467157288049813e-01,5.273070038135910798e-01,-3.320705316842412214e-01,3.592795300335064890e-01,-6.089404394571346080e-01,9.520189164966891271e-02,-1.689639098512140114e-01,-4.138384700168580843e-01,2.312474850274889165e-02,-2.199509900184770106e-01,-5.073863951472800116e-01,-1.897980021982671184e-01,-1.859893594071234113e-01,5.181127388816307855e-01,6.956496823742353008e-01,5.970164626874805425e-01,3.238131521151674796e-01,-1.174633640996958772e-01,7.300630740227317950e-02,6.413267104573775468e-01,5.433332420169423305e-01,5.995400310805795163e-01,7.355750725236540610e-01,1.921961021837839678e-01,5.708627937513852668e-01,-1.808825563986030116e-02,1.353632635740009416e-01,5.698230762311413677e-01,6.510467913481734481e-01,-9.203394632873007630e-02,3.587452695327834618e-01,2.416576466604535289e-01,2.410974793362780089e-01,-1.973967535246606841e-01,-5.140735804689842148e-01,2.635931295882147918e-01,2.923879996824458316e-01,7.720869534532625034e-01,6.226079188747326576e-01,7.244749358109231485e-02,-6.249093340431969290e-01
