1.000000000000000000e+00,4.770475725980578008e-01,3.800694682026807825e-01,2.660127809477384475e-01,1.397694457641278920e-01,-1.275670559936565307e-01,9.609035359114596886e-02,1.613883199889310227e-01,-9.460320054316993799e-02,-5.614533535605613357e-02,1.119948405112481948e-01,-3.714945766826937418e-02,-1.369134320181092934e-01,-2.396982337848740496e-03,4.388851408824716999e-02,-3.154245634353732008e-02,-4.861302446842172276e-02,-8.307959688271644716e-03,-1.430161512097667155e-02,8.498111259574317455e-02,4.484193538471056145e-02,3.181052046934529365e-02,3.742393326848779400e-02,4.105252306115977218e-02,4.686993942220658849e-02,6.591214358926666961e-02,4.214174423609066272e-02,1.286698280654241244e-01,-5.723254424493349861e-03,5.652843533183210534e-02,1.666507452477718754e-01,2.435599180695300486e-02,-2.430087763933045514e-02,-8.241636462746405878e-02,5.746766381578531299e-03,-3.924114977606389665e-02,9.791675292872799308e-02,1.025718369344282982e-01,5.003947768047176115e-02,4.025918519601193180e-02,9.719199581144481737e-02,2.759990806704055652e-02,6.599486876734890310e-03,7.976990593115068987e-03,3.525258468611628532e-02,6.666992047057586183e-03,-2.161928227255154739e-02,3.810498077374079723e-02,4.031317910753070416e-02,-2.856875748460254317e-03,4.121444568570129668e-02,8.592788073796023621e-03,2.885076423408573917e-04,8.818056182365838908e-03,8.485449444585553211e-03,1.635084588479188486e-02,-2.423242024935609931e-02,-1.569523400048813272e-02,1.022918102583950974e-02,4.575885784689199382e-04,1.389006580835025137e-02,-3.383260789643049299e-02,-4.561405451771845948e-02,2.918998256081443629e-02,1.043869036825929159e-02,-6.467969765966311707e-03,3.818639905384161454e-02,-7.021232969904476692e-03,-3.584628969683231747e-02,1.564457328437550074e-02,2.510965678254152220e-02,-3.121920412504431558e-02,-1.857606916344040071e-02,3.276490369660160773e-02,-1.656368682486969359e-03,-4.131901678945252426e-02,9.540835220290311280e-03,2.584142467219997102e-02,-3.456465968584684217e-02,-5.250716938956747487e-02,6.322035392837391243e-03,3.857808214961459120e-02,1.717287217982842867e-02,1.472595195274204426e-02,3.286619803821133612e-02,6.629129235675408974e-04,-1.067582763310735879e-02,2.358106826730610797e-02,2.331393243511323612e-02,-1.396462918663131901e-02,-2.996545341069814083e-03,3.512243618065523376e-02,1.263897055835932169e-02,-1.930766449714869243e-02,-2.137253885396017770e-03,-4.885600265217080601e-02,-1.435134818774120267e-02,-3.335471996293352080e-03,-3.229361405938457885e-02,2.281820704328495208e-03,1.334095074498384097e-02,-2.625452306434448990e-02,-2.152839263177824120e-02,8.471813942788800067e-03,1.748495548149074305e-02,-2.242377259912676016e-02,-3.186471671937261829e-02,1.662043333227514880e-02,3.905701777770403255e-02,-2.138340221801363766e-02,1.912164779876057361e-02,-4.860786835862274113e-03,-9.114513839747921675e-03,-6.883648664884603127e-03,-2.109887191784879171e-02,-3.945040093988816388e-02
4.770475725980578008e-01,1.000000000000000000e+00,3.074663084995281070e-01,1.771155101298202139e-01,1.809897207944945463e-01,-1.337000887771370994e-02,3.494322122254665819e-03,1.229952774669597626e-01,3.276777494017884401e-02,-3.191693170109951433e-02,8.222759870945156591e-02,5.331177074247557546e-02,-3.083226599383556005e-02,2.471733482375033583e-02,6.866829418473593960e-02,-1.961300459983443892e-02,-4.705009564924363119e-02,1.396515097052247224e-02,6.037581654528095115e-02,1.042183244249281354e-01,4.614233356416893445e-02,1.130771914815743850e-01,7.516054949717225486e-02,7.503040409814641654e-02,1.159783773700840681e-01,-7.777765354285505299e-03,-1.181927991954612525e-02,1.914974155031377856e-02,1.192623265735286153e-02,6.911275217537343751e-02,9.953255751092306147e-02,6.168601552425320017e-02,-4.739122885805159384e-03,-6.753957196282146802e-02,1.902380548209992028e-02,-6.304577796932596401e-02,1.500647691852771172e-02,6.209973860034575383e-02,1.855087671238297986e-02,6.021492877489793838e-02,4.478020316206552526e-02,-3.979283820774391287e-03,-3.972112945435841286e-02,-2.872195845728353625e-02,-3.788406849825589479e-02,2.000713715149556038e-02,-1.038024882933430426e-02,-1.496658408029128730e-02,8.748918030541928681e-02,-1.218448639782166582e-02,2.112415908977939918e-02,6.053742910360172813e-02,7.190098648697122730e-03,8.378724240654716882e-02,1.209872846872578865e-02,7.979076805545376808e-03,-5.747922041696447437e-02,-1.975357255429931527e-02,1.890548429123699824e-03,-1.159643412660977917e-02,1.218423704904598656e-02,-5.472903309168290070e-02,-1.198676151606196949e-02,-1.296831524576895489e-02,-1.553536766000150442e-02,-4.963226217547923175e-02,3.963199000896240262e-03,1.183173357184697308e-02,-4.129720323425199735e-02,-3.962376834609117326e-02,1.375477465533926809e-02,-4.110783334304557793e-03,-5.452397551096793693e-02,-1.996460889877563205e-02,1.310982522102182961e-02,-3.095186483423961743e-02,-4.855675977657089581e-02,-3.899577802637398160e-04,-1.899401162255320071e-03,-4.083012905962755783e-03,2.290827848098876338e-02,5.483053304643269177e-02,3.039551113872241209e-02,5.702323380360403010e-02,1.900168174636135757e-02,-2.557366271674429981e-02,2.438244228850673309e-02,5.927641387205253437e-02,-3.317692026718021148e-03,-2.033790774432479853e-02,5.016587085285410114e-02,4.126870984046528135e-02,-2.664787569865290778e-02,5.416626031397241484e-03,5.905027305814522509e-02,-2.602998378764309270e-02,8.512785699687958757e-03,-4.238477977731128221e-02,-4.504518146541105529e-03,-7.060088258359354697e-03,-4.387888972184494918e-02,-1.525442193295324829e-02,5.812501696078079157e-03,-3.882165159105905455e-02,-3.469241131391645472e-02,2.683269175425816513e-03,-2.440681867267494032e-02,-3.648582164581359866e-02,2.891870760000807890e-03,-3.725458043819356718e-02,2.499350743397516297e-02,4.855292641553145966e-02,4.670209853760027771e-03,6.146066906867927310e-02,7.106887250035009290e-03,-8.125448706542819435e-03
3.800694682026807825e-01,3.074663084995281070e-01,1.000000000000000000e+00,4.515758546240532523e-01,3.012504380578022167e-01,-7.690874318876314564e-02,4.673185700361250083e-02,1.167169389941061231e-01,-7.292904024655878781e-02,-1.109925355570424849e-01,1.035550150548890380e-01,9.826563009554149797e-02,-8.221745164941814121e-02,-1.672242678952548522e-02,1.267233819661038596e-01,2.861814732329015162e-02,-5.502401436611219221e-02,2.879167166842299189e-02,-3.163813101602395289e-02,2.836664053545776346e-02,-3.450036560651156825e-02,2.321802618152738959e-02,-2.319746688383341783e-03,4.395982390111474736e-02,1.543913470403565982e-02,1.452065072076083249e-02,8.489942651546275587e-02,3.381673535661917224e-02,-2.159559613201540024e-03,4.057655888716969229e-03,3.694784289364665131e-02,1.036213642193384646e-02,-7.633081988289033837e-03,-7.623440214392113168e-02,3.544584796278733158e-02,-9.999341183779779721e-03,7.248020728425043357e-02,1.209977220447028129e-01,7.290958441071966611e-02,8.683386368015620638e-02,7.796818971857699676e-02,-3.004483334164634312e-02,-6.521385382028997701e-02,-2.212963634023992765e-02,4.322456396225624053e-03,-7.777184231236977836e-03,-1.013155851553863840e-01,-1.538710968421835683e-02,-5.609611295189186747e-02,-7.983520763784569818e-02,-7.209041953083550336e-02,3.775039337616805605e-04,-6.477453041682044999e-02,-2.011567926030326248e-02,-9.928217891811599860e-03,3.328070820206201902e-02,3.076867870450092704e-03,-2.174329219115705980e-02,-1.457898540108023243e-02,-4.905613445481760496e-03,-9.646003615243797097e-03,-3.745100616648670833e-02,-5.148367554050225364e-02,-1.295574784588078912e-02,1.546972310361912316e-02,-8.249101317400983624e-02,4.939248021114799742e-02,-1.152655620338976020e-02,-1.132993756208006686e-01,-2.935401643316956286e-02,4.280061869385266837e-02,-6.313340450041630969e-02,-1.022329981398432952e-01,2.096154814266911609e-02,7.457463116501401520e-03,-1.111480112925901376e-01,-5.778989578646474140e-02,3.831931690394219797e-02,-5.496794778519775715e-02,-6.192073582301645118e-02,5.028840985722213969e-02,1.297307697240013269e-01,6.121209042620396473e-02,9.309938059225485174e-02,8.167931753063994993e-02,-2.604288996326904401e-02,1.168450315270645225e-02,1.175328911010196375e-01,3.186744267292856286e-02,-6.160127071056142184e-02,5.930570268472614565e-02,1.086266620438448294e-01,-2.626416263097867618e-02,-2.753563281664694190e-02,8.299092631892830696e-02,-7.876413213956781623e-02,-2.846773874031442025e-02,-9.302933134157358175e-02,-6.047262461153199431e-02,-1.058982304109554184e-02,-5.215754361504681275e-02,-6.164388626661734122e-02,-6.194971870702267042e-02,-1.078889477667981621e-02,-1.919602630764387016e-02,-6.439188962025406415e-02,-5.875209846067866448e-02,1.085397153846694596e-03,-4.964994110570721333e-03,-5.768288543466475876e-02,1.815566856009822455e-02,-3.854872769886802386e-02,-1.945260302951510797e-02,-3.061525050847128601e-02,-2.225685993719068653e-02,-3.376881876309528741e-02
2.660127809477384475e-01,1.771155101298202139e-01,4.515758546240532523e-01,1.000000000000000000e+00,1.940071264248698635e-01,-3.214377985217863748e-02,2.971443496744385904e-01,3.226444809602908026e-01,-1.039309258431229538e-01,1.618381227340642825e-02,2.593902895300994604e-01,8.352556140891480296e-02,-4.476945701871910821e-02,2.543541672388747177e-01,1.822857467900570183e-01,8.912602989766783834e-02,-4.015719241812745061e-02,7.496744910613439838e-02,5.491230106603097599e-02,2.872895091195973999e-02,3.929498150393186812e-02,2.152383636063676022e-03,6.191247577655003241e-03,-3.594458509271609981e-02,2.969985168766467801e-02,6.737971679524583368e-02,1.890098604685559736e-01,6.635912297491308731e-02,-6.373379452104939620e-03,-4.346943519778768278e-02,1.288802727702494447e-02,-2.975298782032294656e-02,2.733859633474231346e-02,-5.534485049689637920e-02,-1.943398796003210222e-02,1.782411367426094129e-02,7.545716992914562604e-02,5.036401583660114756e-02,4.419534540254478616e-02,5.170323686793801971e-02,6.261876167258159653e-02,-6.180041455945831791e-02,-7.101288504337921470e-02,4.126528319378063026e-02,3.276257762050752143e-02,4.311837492902088204e-02,-1.000714989818603934e-02,9.727435700520561945e-02,5.763294571900721280e-02,-2.035921905029828075e-02,-5.116608023599412275e-02,-5.803003287445065300e-02,-2.757829332957251883e-02,-6.360719237317737085e-02,-4.807990630879720867e-02,-1.174445577375718697e-01,-1.179411745704918579e-01,-6.882868139305224620e-02,-9.344160576175938870e-02,-1.206397733094131536e-01,-9.617931247668790040e-02,-1.005171726904495189e-01,-1.097184339303396844e-01,-6.751338110564009121e-02,2.452660241678313036e-02,-1.060352353497054784e-01,-3.438707719604806173e-02,-4.017185161967444518e-02,-9.594310934630281840e-02,-8.465481493884514930e-02,-3.179744519088222726e-02,-5.117258339904507541e-02,-1.058356016564277191e-01,-5.896187325489220254e-02,-3.738253468278229102e-02,-8.710125080347433379e-02,-9.038356590319493455e-02,-4.817296678053784725e-02,-5.401277301195582525e-02,-1.262188591485065639e-02,1.554302246657092608e-02,1.257483782205523482e-01,1.219391804855825094e-02,1.357480246779382282e-01,3.753079501814736429e-02,2.533778686367157973e-03,1.011548039266169235e-01,1.214407792076998005e-01,-1.689998502503452813e-04,5.178359663102223738e-03,1.413283205508823193e-01,8.145628853836754668e-02,-4.334389540523331252e-02,6.339701511384165933e-02,1.340828086194436608e-01,-4.585861840212781398e-02,-2.197136947081421848e-02,-1.553590523615452357e-01,5.656632744351187221e-04,3.448027297311029998e-02,-1.404557702903207472e-01,-8.848510567251005599e-02,3.867395569617139428e-02,-4.066837423599543172e-02,-1.335146815121467934e-01,-1.404648929670088663e-02,1.601982095737749731e-02,-8.754144606228161929e-02,-5.902678677196682849e-02,-4.063492971029575990e-02,1.891077995724829708e-02,-4.675051731049226222e-02,-9.832462460635425783e-02,-1.186615417242481429e-02,-4.455110420739104293e-02,-5.550432635214731791e-02
1.397694457641278920e-01,1.809897207944945463e-01,3.012504380578022167e-01,1.940071264248698635e-01,1.000000000000000000e+00,1.981114711413516083e-01,-2.271236158539519379e-01,2.019559305018173989e-01,3.008647720836028494e-01,-8.437043204197998414e-02,-7.972925207017342308e-02,2.089138808667126423e-01,1.130913749520791739e-01,-1.950270941813211922e-01,4.533075597262369721e-02,1.819930973684026343e-01,1.697847570480646995e-01,1.878400325127459040e-04,3.147782817600679184e-02,3.588624374212537327e-02,-4.183978928287262339e-02,-5.500411868115803737e-02,-9.405463472238338729e-02,-8.301465750028183543e-02,-3.690698689747950317e-02,-2.942351554628661048e-02,-8.173132158469651951e-03,-9.156393417975042248e-03,-2.353960272038024479e-02,-1.440335951331583875e-02,8.926930700993108633e-03,1.685045735387165691e-02,-1.586561619438709922e-02,-4.761639660927574624e-02,-7.779586039387668961e-02,-4.169958411830792383e-02,8.141990752383347022e-04,-3.750192371274278791e-02,-5.309125245063400778e-02,-2.477690976415423268e-02,-5.277509674809278961e-02,-1.023421579225125902e-02,8.999808924772666197e-03,3.732274503946510225e-02,5.302531979723482808e-02,1.700039972572292904e-02,-1.296600014008241581e-03,6.419028333316521839e-02,3.924503855557171655e-02,6.327339306526369445e-02,5.205379209792863849e-04,9.204102160625934892e-02,4.633845859304721454e-02,7.872332707156760867e-02,5.658885992112631241e-02,8.667457279592040431e-03,-4.492380925504128875e-02,5.307400534032895301e-02,1.978803348115778377e-02,-3.987875886091464539e-02,-8.075461410542712770e-02,-4.492833287463413039e-02,-4.605942354436844827e-02,-2.146454415236896326e-02,1.419731945894858738e-01,5.293753895406533294e-02,-9.311655153931906737e-02,-1.783204249988033785e-01,9.377300154676105129e-03,2.511689871598179677e-02,-1.749061585915048789e-01,-1.069749556904577709e-01,6.102812458396654482e-02,-5.606372534432340488e-02,-2.011963777390281538e-01,-2.499026398318179853e-02,6.619877222219257284e-02,-1.542035353138784814e-01,-1.585836642534472762e-01,4.903608163473864058e-03,-1.634803106689664276e-01,-9.891301243009034683e-03,-1.311775674090423782e-01,1.796857792847505325e-02,5.306443143033840078e-03,1.536272963423696569e-01,9.518304087032707084e-02,-5.033184668410541768e-03,7.142820645275106684e-02,1.415686283831991132e-01,5.666230992134676375e-02,1.692391015537033847e-02,1.049206798244356753e-01,1.348085708726341481e-01,-4.893639796376765723e-03,-4.989350110543375877e-02,-1.357421907529722249e-01,-1.523498850272418104e-01,2.810507053954599405e-02,1.806624249004448457e-01,-6.326195580782072170e-02,-1.617714824484429714e-01,1.042896190536771739e-01,1.149253435798864992e-01,-1.354555815510215533e-01,-7.187619096056911683e-02,1.405574054289705221e-01,2.615857038854125377e-02,-1.136527057815550634e-01,-3.995124132977351250e-02,-2.180505366129762215e-02,-4.943359532609886697e-02,3.463202773313030225e-02,1.340435424236241860e-02,3.278415812991244266e-02,1.929047241015967654e-02
-1.275670559936565307e-01,-1.337000887771370994e-02,-7.690874318876314564e-02,-3.214377985217863748e-02,1.981114711413516083e-01,1.000000000000000000e+00,2.856012778006986053e-01,1.109260825077121176e-01,4.827405994196304895e-01,4.603467214129879359e-01,-1.408965802443321869e-01,-2.924811740143726246e-02,4.670732881235521439e-01,1.011959084150958893e-01,-1.286736351525639144e-01,1.334771234884089552e-01,1.138406404526115384e-01,-7.968796348302760457e-02,4.102568629514168758e-02,-1.244013197891828404e-01,-2.113806816530072741e-01,-8.166811008124678917e-02,-1.239146915685814532e-01,-1.411104236948909629e-01,-7.149500657983791363e-02,-1.746763935930620640e-02,1.730326380872461781e-02,-1.022347123322738388e-01,-1.009439038799387831e-02,-8.617646362969365315e-02,-1.465890362261589863e-01,4.667150852886804702e-02,1.410408797982899420e-01,6.742328112968129505e-02,-2.141059681525652944e-02,1.143596754057229492e-01,-3.320911688684088925e-02,-8.203925327904226794e-02,-3.674160117896846378e-02,-4.315097674675366646e-02,-1.000753641816200107e-01,3.434045755059982746e-02,9.072072450067199256e-02,2.405203508589769112e-02,4.067105197748310114e-02,1.114823725190229251e-02,-1.179931945684982580e-01,-7.747888514107895142e-02,-3.558205716115711570e-02,-1.023954346385547581e-01,-5.111495207999400964e-02,-3.900625434442841349e-02,-2.357523617837736438e-02,9.200528150614582790e-03,-8.500777103469532581e-02,-8.355088194382054301e-02,-6.288681704105662795e-02,-4.993478850094110882e-02,-5.039549904441755629e-02,-2.971650479608988274e-02,-3.979319781937759593e-02,-4.718243788882484080e-02,-1.114110666424360067e-02,-4.068846785061383531e-02,-3.863000929255877569e-02,-2.541358754345855037e-02,-6.699005975549217340e-02,2.546755244026084261e-02,3.398464461269045528e-02,-5.689113781850822782e-02,-3.867579695701628406e-02,4.594072808995298962e-02,-1.917941076500248023e-03,-7.324677396738672741e-02,-6.641238926204799317e-03,5.040854761480496188e-02,-4.434242747335028628e-02,-6.726340689788512517e-02,4.224137057941438483e-02,7.847268972805783449e-02,-1.371602236657474758e-02,-2.681593971062803602e-02,-3.432845179844460498e-02,1.641492953888936193e-02,-4.986955058775503768e-02,9.181517642038594315e-03,5.799827238607412755e-02,-1.967757874307967531e-02,-4.047317245094329830e-02,4.117718940590549270e-02,4.523853038117290476e-02,-4.010887384151385487e-02,-1.751006026960598427e-02,6.648157389425154995e-02,2.632923678163819753e-02,5.923629444501098129e-02,3.656467001104815595e-02,-3.510986401567482013e-02,7.698695912237077388e-02,2.368687381525837535e-02,-7.075159450808916894e-02,8.254724192322473661e-03,6.647536611563997777e-02,-4.007601764482948692e-02,-3.991171309689642982e-02,4.855068118138480132e-02,1.348867516098267196e-02,-6.032683101442957302e-02,2.469026483970510402e-02,1.172433382893446965e-02,4.060496897794177440e-02,3.151341894361821966e-02,4.593563274153596859e-02,2.645107199205166959e-02,5.460825248959136347e-02,5.412892028738462008e-02
9.609035359114596886e-02,3.494322122254665819e-03,4.673185700361250083e-02,2.971443496744385904e-01,-2.271236158539519379e-01,2.856012778006986053e-01,1.000000000000000000e+00,1.684737536842182137e-01,-2.277324557901769519e-01,4.267777175895317576e-01,3.256510306737644966e-01,-2.014217269382634345e-01,1.128238431004660036e-01,4.201701150349493874e-01,4.096357988524104710e-02,-4.289312774892301006e-02,-4.552680306414991912e-02,1.207150665228072517e-01,4.059684570374401391e-02,1.078531830305272648e-03,-2.342573851694345829e-02,1.819206052901977365e-03,-5.995101247109758946e-03,1.986182365943294642e-02,2.772389586026798372e-02,6.833035824362389266e-02,2.171746072779652537e-01,1.036116582201918185e-01,-2.626910009795144219e-02,-1.127233280237949498e-01,1.766697603679208417e-02,-8.794510495835919373e-02,1.009181620046711858e-02,-5.947173207867806344e-02,3.384193497564472013e-03,3.551297035498214311e-03,8.985475231833464638e-02,1.132878859027741797e-01,3.684451806784536793e-02,6.035086964688056443e-02,1.206354099250966233e-01,6.253716416779239728e-02,-7.526202075975577457e-03,6.173348893516528504e-04,-6.389396521420863395e-03,6.436225630235143866e-03,-1.241275934601250852e-01,-4.688743033891113604e-02,-1.661947858046001342e-02,-1.657232428534677893e-01,-8.207766473632706339e-02,-1.769475643977981294e-01,-1.358110666974431668e-01,-1.290784463522567649e-01,-1.916334526343275169e-01,-1.677461314480838128e-01,-8.222230848048893426e-02,-1.804591839579645640e-01,-1.357486587079839990e-01,-8.933521741482418344e-02,-4.959257432493502371e-02,-8.190447814569919160e-02,-1.264864433174776592e-01,-9.745493614299699514e-02,-7.429786741547440843e-02,-1.665304805525840703e-01,-1.781138256158049799e-02,7.436405488338052039e-02,-1.001278359548922470e-01,-1.415044708416207386e-01,4.950206425790595194e-02,2.799641787269842308e-02,-1.595225876183842262e-01,-7.405544981650245828e-02,7.247316610109162671e-02,-5.147604680278448225e-02,-1.647349168659276442e-01,-1.472388102012727297e-03,5.641564880945778432e-02,3.402507509312042988e-02,1.075142806214507141e-01,1.439776294892358421e-01,7.160202003309044938e-02,1.570651337559626493e-01,-2.692651509593988000e-03,-7.867452742494723816e-02,1.009155271355329370e-01,1.220357801849821233e-01,-7.967484554463218072e-02,-5.079457372655995367e-02,1.549960081602838324e-01,4.447711028358892343e-02,-1.236217020242638548e-01,3.654181014933022276e-02,1.630480542426980817e-01,2.653219825893407546e-02,6.944843079240137218e-02,-9.803119768406133583e-02,4.849778715106185106e-02,-5.230689238803753333e-02,-1.620122798646472240e-01,2.953155393108887299e-03,8.364152252323326861e-03,-1.540974894591114475e-01,-8.965205212114217559e-02,3.944867347425787957e-02,-8.916132557952267945e-02,-1.547196707118320413e-01,2.280650478585980606e-02,-8.393544888333144549e-02,3.741956709651027974e-02,-3.059378987740229636e-02,-7.374564896585929230e-02,-1.722219039865759832e-02,-7.872535208035452703e-02,-5.573356431254411492e-02
1.613883199889310227e-01,1.229952774669597626e-01,1.167169389941061231e-01,3.226444809602908026e-01,2.019559305018173989e-01,1.109260825077121176e-01,1.684737536842182137e-01,1.000000000000000000e+00,2.589500030516170836e-01,-9.120758104633376606e-02,2.791269922423862404e-01,2.515175818504087890e-01,-1.274203587343497590e-01,-2.691575727307582086e-02,2.793722370547253586e-01,1.118786618930015242e-01,3.856882824320483679e-03,1.004071905440225426e-01,7.087604615177436895e-02,4.044313884805737086e-02,9.043677554764551971e-03,8.129314593697524460e-02,1.693130644784181238e-02,4.322294080071327482e-02,1.808517921764199801e-02,4.810901033985921088e-02,1.152668380013137095e-01,1.040800256718558831e-01,-7.255138565648155437e-03,7.432505831905492077e-02,1.050250151195289694e-01,1.350163327873125652e-01,2.207233957599697427e-01,3.330247815136998246e-02,5.857189531841947711e-02,1.246462352302385446e-01,3.986420579673127101e-02,-3.937205428482520864e-02,4.854204558541636710e-02,-2.701451902626734666e-02,7.243394904676250801e-02,3.514087058811617148e-02,-1.457152935716515309e-03,1.564885513768241726e-02,1.321453127519429394e-01,5.044326705376024622e-02,-3.033292852667585776e-02,6.392203245964191149e-02,2.030732659309962551e-02,-3.806695169509422688e-02,-6.602985407766080728e-02,-3.788098124671482325e-02,-5.466997213717441489e-02,-1.354602396534347331e-01,-2.515227990147230613e-02,-1.657965364098936412e-01,-1.640008875118397769e-01,-1.132176012665709469e-01,-7.418114856503130183e-02,-2.019921601217052887e-01,-9.818979551881668044e-02,-1.291726037292661444e-01,-1.905712771041405684e-01,-9.363239812670598461e-02,-2.332294714783646541e-02,-1.417604218883991574e-01,-2.832466921647934163e-02,-3.735183940223523271e-04,-1.038034000185308614e-01,-1.188760020019919011e-01,-7.417041379308160487e-03,-1.686651083551401684e-02,-1.310401665186480546e-01,-7.622907111922601342e-02,-1.463671410587837974e-03,-7.256137559684254501e-02,-1.171934150730189056e-01,-4.129075805802292359e-02,-2.068557923774004201e-02,1.151285645255681681e-02,2.982925561077880497e-02,1.446158472961938390e-01,5.770186901716648636e-02,1.644984833073529218e-01,2.268226937618077546e-02,-3.851908599416306589e-02,1.096551490025971937e-01,1.383619347238341513e-01,-3.705535499632561791e-02,-2.298088415771680493e-02,1.590378520651030692e-01,7.091333530484902892e-02,-7.884762614953504112e-02,5.896972161132034429e-02,1.453779981087293671e-01,-1.808414025038107206e-02,2.611452088238282176e-02,-1.280365533598619154e-01,3.990799155107584845e-02,-8.495187500194095742e-03,-1.436322298115266516e-01,-4.294772132726167035e-02,4.594586551451128320e-02,-1.051867624625430625e-01,-1.280067401285331641e-01,2.531083387420979963e-02,-2.598310794815951452e-02,-1.638378681262551428e-01,-5.032410343658282742e-02,-3.155903420469863274e-02,3.543010844271531068e-02,-6.415094809537358334e-02,-7.025020328723374785e-02,4.387290567821521686e-02,-1.446634132670217938e-03,-1.049070892290879763e-02
-9.460320054316993799e-02,3.276777494017884401e-02,-7.292904024655878781e-02,-1.039309258431229538e-01,3.008647720836028494e-01,4.827405994196304895e-01,-2.277324557901769519e-01,2.589500030516170836e-01,1.000000000000000000e+00,1.574173164951847836e-01,-2.254608964533710291e-01,2.719335035517370103e-01,3.378861457692221015e-01,-1.253881227274167287e-01,5.670328284630870436e-02,2.734931562335016775e-01,1.321588013225041547e-01,-7.640379912740918877e-02,1.527302978754208895e-01,-4.775895811296282378e-02,-1.893520942017669073e-01,-8.016884836945674386e-02,-1.247015017920384411e-01,-1.372570905269030472e-01,-1.612766197366340970e-01,-1.256673483973214656e-01,-1.428839475686369820e-01,-1.132111844642651466e-01,-7.956163411615382874e-02,9.515720773112792616e-03,-5.638325301210306284e-02,1.330437445845108480e-01,1.662583949246395076e-01,1.295018468500027109e-01,3.787911517613111803e-03,1.581513801836192668e-01,-9.354074652176941340e-02,-1.836111271540327994e-01,-1.835090345804703260e-02,-1.587347958971449535e-01,-1.463444909551329665e-01,2.955779938665461723e-02,9.100497773202252672e-02,2.617088803063999033e-03,9.682246594898719083e-02,3.730379206304686689e-03,-7.384510664207724791e-03,-1.143892270797997913e-02,1.303118765330259742e-02,5.550486762759694603e-02,-9.655046361837490770e-04,1.111965734259467847e-01,1.119988206796597580e-01,1.155462828421308236e-01,8.859710085107083688e-02,2.403728421508102495e-02,-2.226969171656981682e-03,1.110089763218030656e-01,5.553872602781487894e-02,1.839112990058582725e-02,-7.727950482845434566e-02,-1.678028535828144166e-02,1.477987177607694748e-02,-7.394475453633966855e-02,-9.860796695782053645e-02,-4.023802112553783936e-03,-1.137069620067514969e-01,6.756492501190108912e-02,1.184092260827790954e-01,-8.227160366236786759e-02,-5.824409523150545637e-02,1.306757378540092385e-01,4.681168162482546996e-02,-1.191305076673666308e-01,1.676994587324149091e-02,1.374520192843604327e-01,-3.643325128052737200e-02,-9.753174036932316104e-02,9.983983527413244075e-02,1.369185587993685671e-01,-5.479119118493938796e-03,-1.047187984400535232e-01,-1.061762047486066070e-02,1.056611412476343194e-02,-1.150935294993723074e-01,-3.307928741575072440e-02,7.069414550246058693e-02,-6.431963499268278373e-02,-1.058278093907851353e-01,4.132440378142634985e-02,3.641301684354877194e-02,-1.109835269859300311e-01,-5.516349031333674796e-02,8.039080352119347406e-02,-1.004938505418795369e-02,1.319298795325198892e-01,1.066705489338984070e-01,5.360114602461424349e-02,1.227480302958032232e-01,-2.439611124561818015e-02,-2.264091300816158461e-02,9.424811592248788505e-02,1.000397675503549022e-01,-6.154002985224316796e-02,-4.295670368683021309e-03,1.358458465394470349e-01,5.400080881996701526e-02,-4.892503384542116335e-02,7.370484079438489877e-02,6.969158641226960715e-02,9.012670271990469439e-02,8.357161365714436962e-02,8.769197861506851377e-02,9.627603819586991185e-02,9.512296155544860965e-02,8.201838281771342554e-02
-5.614533535605613357e-02,-3.191693170109951433e-02,-1.109925355570424849e-01,1.618381227340642825e-02,-8.437043204197998414e-02,4.603467214129879359e-01,4.267777175895317576e-01,-9.120758104633376606e-02,1.574173164951847836e-01,1.000000000000000000e+00,3.128822043663039704e-02,-5.878741763120751695e-01,4.601498036394322533e-01,4.500667104044151490e-01,-2.205348951285899806e-01,-4.507498484117786197e-02,-4.186083267610017644e-02,-1.146954417383969638e-01,3.757636953226085874e-02,-1.358324284909233071e-01,-2.487561243958298085e-01,-7.996690322429307607e-02,-1.077042434688500611e-01,-8.157146604471689211e-02,-3.267170812254170664e-02,2.166540307495152737e-02,3.016174057565278177e-02,-2.902250225367447936e-02,-1.342180385469842092e-02,-5.336752994736462113e-02,-3.312049088495506305e-02,1.622532600983658466e-02,2.372312187867127095e-02,2.502000841829280647e-03,4.624316283873215749e-02,1.984551140934793026e-02,3.104746134320995887e-02,7.884293037604991894e-02,1.500168929592133639e-02,-4.184063036647423656e-02,5.113884642056609059e-02,1.847250704729353765e-01,1.553612082491764024e-01,-5.810584148388716480e-02,-2.859294965679915965e-02,-8.683939764623374580e-02,-1.462815735717376553e-01,-1.374649997647742483e-01,-1.313554871107269484e-01,-1.069422801072322654e-01,-8.569210886380226877e-03,-7.521375379817843432e-02,-5.300006522261083847e-02,-1.350595795465154951e-02,-1.214733899505321957e-01,-7.730483805845987655e-02,3.721969926461818606e-03,-6.677299564700836521e-02,-4.908910685377049915e-02,4.465735960338678562e-02,-1.642492486876514536e-03,-3.471076290771510364e-02,-1.173591338529042776e-03,-7.720557717235343453e-02,-1.381941716358232874e-01,-4.909727643414005249e-02,-8.364228618983929331e-02,1.270035981807610959e-01,8.319275150606392222e-02,-1.075846566367820167e-01,1.019087340407941536e-02,1.509110276902529135e-01,-1.180720557364967581e-02,-1.049429894631332683e-01,9.522989263977564567e-02,1.169002722408696432e-01,-9.917963950394602379e-02,-3.497920549528450024e-02,1.617198870867051219e-01,1.302982296591382871e-01,8.660693002891942105e-02,-5.218615326532551751e-02,2.149887717460259931e-02,1.990686127918604026e-02,-1.231006132318391566e-01,-7.406441602152805115e-02,6.373896594748772182e-02,-5.332823993171650900e-02,-1.379497578217420695e-01,3.658199036814477247e-03,4.717953640470865656e-02,-1.113053951995816859e-01,-1.013844277688927681e-01,4.696750219774490503e-02,2.178764075594761748e-02,1.389410392926454241e-01,1.447732776388448162e-01,7.701028467590266546e-02,1.175740524194509029e-01,-7.458100532518044390e-02,-4.245365902515306489e-02,1.407704316387741739e-01,7.115992746565490135e-02,-1.389182947866777484e-01,1.000452850418583756e-02,1.470917470001555094e-01,-4.757194855010156431e-02,-1.114844364415745609e-01,7.740682646894014862e-02,5.269113554614742768e-03,3.642442971297850385e-02,5.563758649349967444e-02,4.862059639683759954e-02,6.457427312573980893e-02,3.779762173413275805e-02,4.547204454912544269e-02
1.119948405112481948e-01,8.222759870945156591e-02,1.035550150548890380e-01,2.593902895300994604e-01,-7.972925207017342308e-02,-1.408965802443321869e-01,3.256510306737644966e-01,2.791269922423862404e-01,-2.254608964533710291e-01,3.128822043663039704e-02,1.000000000000000000e+00,6.858724751989589419e-02,-5.052034078287066521e-01,4.761935969715236916e-01,4.403495486110976520e-01,7.483251558954137628e-02,3.296007981235532514e-02,2.551391247457678313e-01,9.856025617669722516e-02,1.794571367873813716e-01,1.518800866585841569e-01,1.471736701059427888e-01,1.537562955439064349e-01,2.476717986935601454e-02,2.567969961957205366e-02,-1.552580976262278763e-02,1.388525127762508804e-01,1.391332846097927678e-01,-5.276374877984908729e-02,7.965143623551830532e-02,1.685349708443309447e-01,1.791515373477246473e-02,1.317253373390230575e-01,1.247037655894100011e-01,4.646775034759260958e-02,5.607155282784032774e-02,-2.038171960001474228e-02,-2.739652784923537684e-02,-6.808923625725461781e-02,1.678075744099753047e-02,2.495281290187000012e-02,-4.855531749892607468e-02,-1.272507900049655027e-01,-7.716208421246292630e-03,3.127875336683204766e-03,-7.378098719210258657e-03,-1.476899742678541294e-01,-9.131193687040764506e-02,7.235956749249329578e-02,-1.786494935737275858e-01,-1.047021368444805006e-01,-1.406303312142620499e-01,-1.289533495732739510e-01,-1.441516189974755835e-01,-1.338512750944283736e-01,-1.329559859646837205e-01,-1.403044895982066553e-01,-2.290330619972359982e-01,-6.366410743207157052e-02,-1.375895596533485143e-01,7.166067127379827095e-03,-8.889651712685335549e-02,-1.217588700237556831e-01,-5.785676459540531336e-02,-3.444141657450778410e-02,-1.240346577259134886e-01,-1.471318063857295251e-02,3.194089534019375898e-02,-8.345375219983813819e-02,-1.065472941230114490e-01,1.788266664492219743e-02,6.606278917277173639e-03,-1.209140672602052463e-01,-6.370705082741340286e-02,3.785834545101655207e-02,-4.746711933933046162e-02,-1.223714280626233275e-01,-9.697929836444066018e-03,2.151718057571072595e-02,2.204389607490338243e-02,6.046081336355122599e-02,1.187107664009519614e-01,4.747207386823930342e-02,1.287070616642075893e-01,1.444400623383894399e-03,-5.709529943802339053e-02,8.277842731369362828e-02,1.067172046766216992e-01,-4.968612639735313363e-02,-2.733036622390077816e-02,1.317756938854034443e-01,3.943583659457041563e-02,-8.188633915150041187e-02,3.593792730813163278e-02,1.276224900138969165e-01,1.379540969221398515e-03,3.908416562691236634e-02,-8.962598558039505670e-02,3.121589721362444045e-02,-2.599974066504271569e-02,-1.193432692195382921e-01,-1.106803288760059047e-02,3.632971549650113041e-02,-1.049236603771247500e-01,-1.366910742443749049e-01,3.889645069407416528e-02,7.688901282152959572e-03,-1.850620113645541076e-01,-6.135222050398665694e-02,-4.539843643614453750e-02,5.361071616389444933e-02,-8.552580509912641182e-02,-7.078242630320170925e-02,1.923782299395681433e-02,-6.321549095316303379e-02,-4.956626962080967758e-02
-3.714945766826937418e-02,5.331177074247557546e-02,9.826563009554149797e-02,8.352556140891480296e-02,2.089138808667126423e-01,-2.924811740143726246e-02,-2.014217269382634345e-01,2.515175818504087890e-01,2.719335035517370103e-01,-5.878741763120751695e-01,6.858724751989589419e-02,1.000000000000000000e+00,3.614267590988556877e-02,-2.426592048894487541e-01,3.933624430386423731e-01,2.545025668692189602e-01,8.524679303205565106e-02,2.208409505286519636e-01,7.752586626905422218e-02,1.406999708808027161e-01,1.963756913031512452e-01,5.994514938889700800e-02,7.382358436354763409e-02,-6.852010276410104399e-04,1.251303180647529538e-02,-1.755331096910061617e-01,-3.713424940759969817e-03,-1.553632545105816942e-01,-7.795162610887970689e-02,-3.184351185821133329e-02,-1.273525220932640589e-01,-2.409278294251282829e-02,1.224119511822045619e-01,8.825419044792272294e-02,-7.213540464708129152e-02,1.096975178818489355e-01,-9.507068633559929982e-02,-1.929425910053763071e-01,-5.770647458965997428e-02,-5.558671146318508796e-03,-1.686167936529616163e-01,-2.281758337912950518e-01,-1.650465184670978358e-01,8.846151957903150564e-02,1.298951393248533835e-02,6.542994553979118721e-02,8.685352711141160198e-02,2.885671619201187615e-02,6.325001708614069740e-02,6.390711569395859937e-02,-8.048511138903851475e-03,7.959180978476017299e-02,5.404595037491731480e-02,2.652365891450830793e-02,8.309597554133286990e-02,-1.762765820672430178e-02,-3.627068326207510962e-02,2.809550991362002453e-02,-1.968488782682081481e-02,-1.035019581439172442e-01,-7.709264572884529099e-02,-5.045670153612967501e-02,-8.147786188057561108e-02,-6.516024640355318198e-02,4.436544259816035257e-02,-8.438748572337598230e-02,-4.694100967811110081e-02,-6.932631081073087342e-02,-8.400955947214173991e-02,-7.023883384858610468e-02,-6.524343654595093911e-02,-6.187883169948329987e-02,-7.973093715223328326e-02,-6.861863171773438519e-02,-7.321538545448991187e-02,-7.157192663215987405e-02,-6.373721459737538564e-02,-7.999434550763229179e-02,-8.306034137060946954e-02,4.663961959902880594e-03,-4.534847035230517992e-02,9.858925243181144993e-02,-3.386795821768472884e-03,1.269602514981199026e-01,5.800082340633021943e-02,1.384095173949575347e-02,8.740667973375822186e-02,1.235009156701414590e-01,2.816223140905639924e-02,1.714407209030245280e-02,1.292840579039008231e-01,9.062909192723112017e-02,-1.442367495867904331e-02,6.853877576734490606e-02,1.273076816324932581e-01,-4.722568270178420513e-02,-5.576993395739082010e-02,-1.834446259561073322e-01,-6.022897796116465433e-03,6.505098960988713042e-02,-1.388219969121506914e-01,-1.277077297852369786e-01,5.270384370565690813e-02,1.007128831922303111e-02,-1.533913737925078347e-01,-3.735732565735867816e-02,8.231777540679369176e-02,-6.686350294867629551e-02,-8.427275154510592559e-02,-1.615433874671093339e-02,5.917087408625616718e-02,-4.057318057096312436e-02,-7.868571466590863761e-02,5.865080916428852889e-03,-1.177310347474051777e-02,-1.031276745597244950e-02
-1.369134320181092934e-01,-3.083226599383556005e-02,-8.221745164941814121e-02,-4.476945701871910821e-02,1.130913749520791739e-01,4.670732881235521439e-01,1.128238431004660036e-01,-1.274203587343497590e-01,3.378861457692221015e-01,4.601498036394322533e-01,-5.052034078287066521e-01,3.614267590988556877e-02,1.000000000000000000e+00,8.024629358384700872e-02,-2.426777343011588262e-01,1.542400416619405801e-01,5.029026885623114583e-03,-1.266661752598673141e-01,9.417593952956928791e-03,-1.089151738123373958e-01,-1.943396471112988910e-01,-2.000748878586500190e-01,-1.625276221795000087e-01,-1.333282546671888669e-01,-1.580071980576116739e-02,-9.161516433747252108e-02,-4.511534807369268346e-02,-2.696916151076758639e-01,-4.037204934190457423e-02,-1.615156538818277310e-01,-3.185869821459573203e-01,-1.090263383683515025e-01,-5.233321311467608455e-02,-1.025037239728025379e-01,-9.462433554032755045e-02,3.074213415334255822e-03,1.188519554415337978e-02,-6.291010742778603039e-03,2.865184057934756171e-03,2.535490478804983345e-04,-1.029183764233889131e-01,2.506876330416354937e-02,1.257336863180191500e-01,6.446536568830360525e-02,-2.974222608077062985e-02,1.541750047466584894e-02,6.179197554965355083e-02,-1.074527255727846485e-02,-9.201446775228996899e-02,1.104426115647535178e-01,8.498872676065677423e-02,1.067835798157990707e-01,9.980632640455655569e-02,1.421112260496430468e-01,5.846694044779341543e-02,2.238759289635967875e-02,7.482186191132468578e-02,1.062332876446737684e-01,4.798853880622185801e-04,8.624785763354944623e-02,-4.452532874280840103e-02,1.104524459231942882e-02,3.252585270303059994e-02,-9.067813513569458750e-02,-7.436576673094437429e-02,-4.052420327550427387e-02,-1.088669269747056106e-01,4.953015915281432785e-02,6.198506758666444405e-02,-9.507566903446001971e-02,-4.833898505508285592e-02,9.148806359280794998e-02,-4.848387024836912917e-03,-1.149527484952330009e-01,1.542459094553250837e-02,8.194002800445589207e-02,-7.597247121018403659e-02,-8.663717469274087590e-02,8.219672131461862319e-02,1.157798722683512360e-01,1.629802647838484234e-02,-4.370698517102989539e-02,-1.043846399872467787e-02,4.234376469278505750e-02,-7.372791538420141177e-02,-2.443574804965098837e-02,8.107246721503859332e-02,-2.189204788873908014e-02,-8.179935987406693199e-02,3.393136105598903995e-02,6.801328712853946246e-02,-6.010640037112734840e-02,-6.218084218906876764e-02,7.566013772200851084e-02,4.933321188810230878e-02,9.912162248126521469e-02,7.404165023400498258e-02,-1.608021780025654934e-02,9.059543797502657425e-02,-9.764732978487509693e-03,-8.343333658061242997e-02,4.770160093802161549e-02,7.817970907262213054e-02,-6.766676981706420957e-02,-2.237482507562274167e-02,8.339687456485109229e-02,-3.509985711182791231e-03,-4.699957340098861319e-02,5.078961944821048374e-02,9.315821494060315400e-03,3.591202826385753860e-02,7.417123559929730825e-02,3.192509839864305504e-02,4.028987286104777910e-02,5.369707406699249924e-02,5.963301585616744005e-02
