1.000000000000000000e+00,4.366505305381347402e-01,4.314467192845262145e-01,3.279114438026509704e-01,1.715961013472648566e-01,-3.906252886848248645e-02,-1.609098432518503430e-01,2.169627990102992177e-01,-2.254800394680855080e-01,-1.398488051397648591e-01,7.562396791858484041e-03,-3.847054340436938946e-01,-2.988461995790109849e-01,-1.924752311833841101e-01,-2.169948294756311180e-01,-2.169706690895619461e-01,6.952767388962595441e-02,1.607480934634459291e-01,3.169887588136188761e-01,2.078671499630540750e-03,-1.661721167804689758e-01,7.971742010776418363e-02,-4.312773036529368720e-02,3.641515595293018381e-01,3.228643716521550355e-01,2.587686240958435580e-01,1.034231207864675164e-02,-3.840760945964111911e-02,3.293861505377495558e-01,2.427897633887276252e-01,2.513561401016951580e-01,4.045323921315142901e-02,4.941240905060746008e-02,-2.683943082090511356e-01,-6.979506968753768949e-03,-3.481635196564738383e-02,-8.318664400901684686e-02,-2.368509615277875624e-01,-3.127216114900026045e-01,-3.254780221504661175e-01,8.022684203412165996e-03,5.967575788661203667e-02,7.387806675822741753e-02,8.609409672664014579e-02,-4.678356632271438165e-02,-4.859826536324817620e-02,-1.250632643656799659e-01,-2.485443537481394072e-01,2.665369756185931305e-02,-1.660172584467524415e-01,-1.355559507773552164e-01,5.651282441050382854e-02,-2.024337818706710979e-01,-6.225428027338721776e-02,-9.355698028993220117e-02,-3.042485536655864520e-02,2.678863043551413595e-02,-1.727268151485393810e-01,2.477336341303503220e-01,2.637842436681435698e-01,2.140629476810163856e-01,2.968651996172175789e-01,2.953295709668314339e-01,2.229308674480025010e-01,-1.270809194271445286e-01,-5.457974067510086569e-02,-4.271816068846596981e-02,1.380886062633269185e-01,6.735692226311235098e-02,-8.292378233124679532e-02,9.546370090220082649e-02,1.408615233207302087e-01,-2.020380917310100888e-02,5.388685076031966836e-02,1.473836194279351253e-01,1.209986841621428499e-01,3.812135556963964014e-03,7.985622178073896460e-02,9.331924961993146028e-02,7.670630545663199851e-02,-8.818414030011267890e-02,-1.543172321995235907e-01,6.311280031296104438e-03,7.059008130223762278e-02,-1.583857700806063362e-01,-9.132249886067718425e-02,1.386155055381976531e-01,1.061264251933946058e-03,-1.851974587786076043e-01,-3.712014250195182913e-02,1.373762146274003504e-01,-8.005859028032570601e-02,-1.717858200839948724e-01,2.466653582733172728e-02,7.875398421271620486e-02,1.390732780977788352e-01,1.734430363226083238e-01,1.064833664490791171e-01,7.851270059102535837e-02,-1.566492566426725130e-01,-4.845582523993479523e-02,1.659127336878243875e-01,-2.172677185962246932e-02,-1.543540024625825180e-01,6.834092749154001278e-02,1.317814104563601318e-01,-1.233618758638749674e-01,-8.410580190907814002e-02,1.385991363364831863e-01,-6.777161608406209736e-02,4.766097634782661546e-02,-9.540090875892906497e-02,-1.173294351466275531e-01,-8.167360679457413841e-02,-7.238889080320863589e-02,-5.000325894602646731e-02
4.366505305381347402e-01,1.000000000000000000e+00,3.118399834612570753e-01,2.254303574684553835e-01,9.841641702181025408e-02,1.876239012993836663e-01,1.681101793440660241e-01,3.197093295510139432e-01,-2.216211557541257204e-01,-2.043236475196344992e-01,1.602007786209337092e-01,-4.677367305166264533e-01,-3.901750455933358785e-01,-1.867963168125723883e-01,-3.394495426829240992e-01,-1.849915651790388915e-01,5.321954277588844540e-02,-9.310509191353680269e-02,3.133870443740035538e-01,1.498495150032435053e-01,5.871630304756613600e-02,2.796215928129134332e-01,1.588444581420162330e-02,2.512248877323680629e-01,3.244670846637471295e-01,1.684005652836908229e-01,-1.015362305162690881e-01,-4.091861765030176123e-02,2.142225912478753769e-01,1.814620875318579962e-01,3.657184022400011281e-01,4.445309602645537012e-02,9.404019575125273367e-02,-2.760336946301643613e-01,1.923639490586091794e-01,2.050117358567799253e-01,2.911129093855851363e-02,-2.354511361635429692e-02,-3.580741045738405903e-01,-1.512058643171032279e-01,1.771505745463330256e-02,1.188937204717754464e-01,5.325260570547229316e-02,-1.196700790150830723e-01,-6.709586071304560195e-02,-1.755700477665468329e-01,-2.625261753001985054e-01,-2.571678468929448069e-01,-9.277272438550540623e-02,-2.840694459398025451e-01,-2.812099161048486895e-01,-4.015344007198549947e-02,-2.200930127068517761e-01,-1.743256237441190848e-01,-1.012108349368690680e-01,-4.710036680818315002e-02,-6.430643994176051155e-03,-8.190008701640666411e-02,9.885231111933381887e-02,2.431897754316687255e-01,-2.306872811243377078e-02,1.751535098248284406e-01,9.185344200873368781e-02,-4.116877694261458082e-02,-1.599581156148394134e-01,-2.201293986783346701e-01,-1.000076845455108165e-01,1.638821559812313478e-01,-2.724506251380608493e-02,-2.529119087082561945e-01,3.890555872179313202e-02,1.440969071247903688e-01,-1.306237317545228538e-01,-1.337001022984913579e-01,1.615590930892799038e-01,1.287169391755868808e-01,-1.938491068014585317e-01,-3.874827331737257241e-02,2.087689327680757601e-01,2.125696277251427901e-01,8.653796791283190071e-02,-8.726945551856189753e-02,-1.251978612303149829e-01,1.102228879981826531e-01,-1.173469559638949528e-01,3.328570341033818686e-02,1.921087251579933208e-01,1.415704262819587333e-01,-1.293586657251651617e-01,-4.307198766880393492e-02,2.276624592209436915e-01,4.809563182227012679e-02,-2.024861775793296570e-01,6.029331775184970654e-02,2.362369387780035024e-01,9.264173544013248884e-02,1.235841160280657519e-01,-9.675218210135733132e-02,1.591100494952863709e-01,-9.065310436777762604e-02,-2.386309674188760999e-01,7.322347882456536894e-02,9.768466928466543187e-02,-2.035410792786336021e-01,-1.484939409555320333e-01,1.508893713122599345e-01,-1.534538478950029858e-02,-2.509260974674650813e-01,1.099004497038874248e-02,-1.332920728936810018e-01,-1.424486129868135775e-01,-1.254710224272510555e-01,-1.988406681682915733e-01,-1.055716550401174375e-01,-7.482828158530328844e-02,-5.423785207588007612e-02
4.314467192845262145e-01,3.118399834612570753e-01,1.000000000000000000e+00,3.761311143115493860e-01,3.911941802254441103e-01,1.643876756589494198e-02,-1.289736856747694393e-01,3.296303522230324967e-01,-1.755356390069452155e-01,-2.485617374897965137e-01,1.982176293476993131e-03,-1.608304151022851292e-01,-3.825510757059131794e-01,-3.402063027233009906e-01,-3.749056803700967500e-01,-3.304675154957168459e-01,-1.709698323949707943e-01,6.011533714158546343e-02,1.330353105105372691e-01,-1.149123116349435314e-01,-6.651874525115450409e-02,2.157247238909103526e-01,1.336843201313058782e-01,2.356256104429108045e-01,4.573907443531423089e-01,2.375463440393512163e-02,-3.470323501314795389e-01,-8.876201945755726741e-02,1.838157597595474479e-01,5.070327247995883857e-01,3.811807548034612525e-01,9.050875726120166664e-02,4.170989567088095318e-01,-2.133505552818812379e-01,-9.472857508763678214e-02,1.610055626176446486e-01,-2.045554191478440587e-01,-1.576329851358891365e-01,-1.280925441166715639e-01,-1.729615105610038672e-01,4.583743922615486979e-03,2.168172389532010969e-01,3.483205793454060561e-01,9.053011361712877403e-02,-4.675673222731320522e-02,1.101609208166051956e-01,-4.608791241268772598e-02,-2.446932466692982033e-01,-8.727516525581358042e-02,-7.918303753805730483e-02,-2.431074168672598124e-01,1.718885375732814511e-02,-2.118603856306095212e-01,-2.834300376127342203e-01,-2.276745148603858127e-01,-3.202996581965457668e-01,-2.165245302201174449e-01,-3.849345303875132962e-01,-7.596674246794174468e-02,1.315744018832924189e-01,1.461236673516525530e-01,8.565691651399212625e-02,2.897543694194321673e-01,-4.063176285936874466e-02,-3.177594786373446611e-01,-2.611817880263107572e-01,5.699589200466290834e-03,3.448124330916038094e-01,-3.308428991623503512e-02,-2.477344671495707029e-01,2.579365755736886534e-01,2.383614095345799877e-01,-2.134968344484715619e-01,3.456065675798369874e-02,3.519281043021399991e-01,1.080247230591289825e-01,-1.734282664542322605e-01,1.833074838233178794e-01,2.810522158145628557e-01,1.669028823789246996e-01,6.611612894885607328e-02,-9.929470508883102287e-02,7.854011792497025968e-02,2.716756395478302499e-01,-1.792785058038710022e-01,-1.859965012346743440e-01,1.926875934289080938e-01,1.529461960613973104e-01,-2.856133025815443260e-01,-2.011641310932483495e-01,2.457014811599261828e-01,1.208459366199472924e-03,-3.448159942234302333e-01,-3.242946992158456804e-02,2.413920383421377658e-01,1.744661819727039431e-01,3.221705434254892864e-01,5.818399410220628787e-02,1.125088679347819032e-01,-3.020656518200176555e-01,-1.748872725030071185e-01,2.075149465700840135e-01,-7.295969215801502428e-02,-3.478061616903357911e-01,2.465515402855823074e-02,1.966962291053746537e-01,-2.494663951171507132e-01,-2.411008473578714062e-01,1.871337954671725146e-01,-1.475470711531539844e-02,2.973765782795916718e-02,-2.668591651456684311e-01,-2.179591365621949550e-01,-2.444641160017237969e-01,-1.563465345455434530e-01,-1.128473681750194885e-01
3.279114438026509704e-01,2.254303574684553835e-01,3.761311143115493860e-01,1.000000000000000000e+00,1.196505616174322884e-01,9.856293706964022738e-02,1.499181272012821975e-01,5.128132288787510262e-01,-2.460673014303958739e-01,-2.498537789311114921e-01,2.863987031614411150e-01,-3.503572385687711011e-01,-3.676633924742558346e-01,-2.731833340628558177e-02,-3.161737832103032608e-01,-1.792662293070697854e-01,1.197213823897681634e-01,5.166892264390001571e-02,3.991113038184698758e-01,1.949743025679672448e-01,-4.406336413379861178e-02,1.241503546987593881e-01,-2.280166755650373800e-01,3.007490153469180028e-01,1.483134399049598207e-01,1.482339134562802585e-01,-8.821898037908039447e-02,-1.733628872147390532e-01,1.689073841548096588e-01,1.435555840450186693e-01,4.137908348871134900e-01,1.764789050082238575e-01,7.002199236017021822e-02,-3.721920016413271526e-01,7.092056083338162120e-02,3.622769822351361579e-01,2.973664468121022253e-01,2.825407774685041729e-02,-1.362875414373591887e-01,3.721217439777575742e-02,2.122428074896223760e-01,9.367101099194208302e-02,-3.539851587828519303e-02,-2.642891018623892349e-02,-3.564219852607363737e-01,-1.452070353702042405e-01,-4.755902705574013845e-01,-5.606046966066939863e-01,-3.466809439240632895e-01,-4.950384046023683648e-01,-4.474224987416206556e-01,-1.186088736710017022e-01,-4.409331785303327589e-01,-1.681803659025868369e-01,-3.188709194965135829e-01,8.749416371965421102e-02,-2.883430453476685737e-02,7.584093959681288688e-02,8.871864002307969232e-02,4.704256194322685158e-01,3.046403197602808310e-01,3.111210114739189070e-01,3.782612918367522781e-01,1.780433189264906541e-02,-4.480988728891052708e-01,-2.961550541031839900e-01,-1.196528757240896135e-01,4.483527335215646281e-01,9.167887006218897183e-02,-3.578538852695070105e-01,2.268055611693721441e-01,4.288158934779801590e-01,-1.704860031805041642e-01,-1.717959059964606003e-02,4.129060884279370791e-01,2.199654687465774361e-01,-1.866283414225635151e-01,1.923908039713267126e-01,3.117982054979303586e-01,2.255690529585583914e-01,6.223024956610249958e-02,-1.338559326894687151e-01,6.927355200387062817e-02,2.089509923470160013e-01,-3.506830304420206490e-01,-2.288621600561057123e-01,2.958099950694433322e-01,4.150634772869590122e-02,-4.413712653307118594e-01,-1.391843314034710011e-01,3.074771204622371301e-01,-1.687620538694260541e-01,-4.399770964033141718e-01,5.566114356226750659e-02,2.460798420886594062e-01,3.583833886123732881e-01,4.299812248345762367e-01,1.732891623864851460e-01,2.724190255894411994e-01,-3.727690707974425921e-01,-2.089099162820088340e-01,3.754610531764715486e-01,-1.395524995013202024e-03,-4.522908888080063861e-01,1.067728080293962739e-01,3.817081098017354734e-01,-2.917785559490256864e-01,-2.848220858673515821e-01,3.841005002967936011e-01,-9.062624866716406657e-02,2.488566195455916008e-01,-4.593449286423947897e-02,-3.749292103886361222e-02,-1.318494788834994880e-01,-1.714947374832488936e-01,-6.850217751499938779e-02
1.715961013472648566e-01,9.841641702181025408e-02,3.911941802254441103e-01,1.196505616174322884e-01,1.000000000000000000e+00,3.269078894767831200e-01,1.141441769425119990e-01,3.665070183854995944e-01,8.034715687269076978e-02,-4.693654509988294810e-01,-3.032406366333461611e-01,-1.375401249658695368e-01,-2.822700115517700614e-01,-6.095903153350415993e-01,-3.754736220660347401e-01,-5.714946210775678770e-01,-4.575187981866922771e-01,-1.261534993751860234e-01,-1.449060139816373272e-01,-3.350640545108185542e-01,-1.290187801909050691e-01,5.015408435112591601e-01,3.698758797631804818e-01,2.561941938785847750e-01,6.012488596057786738e-01,4.137237582947664999e-02,-3.069812972298920362e-01,-8.598137178355731713e-02,2.039713751853590162e-01,5.324931163612434126e-01,7.398136661888007892e-02,8.510823410012856305e-02,3.227363491189179090e-01,-9.368597673463466280e-02,-2.597411191278170550e-01,2.173841256595619997e-01,-3.041239790034205859e-02,2.724272126399192029e-01,3.046873628783704491e-01,6.907078228921044449e-02,2.597186670052760715e-01,4.015585726922501486e-01,2.715441389004732975e-01,-2.117233808189496747e-01,2.082343183786645666e-02,9.691713892771262884e-02,1.269327658578519036e-01,-2.023009418801792469e-01,-3.916982260986243691e-01,-2.841439889476544620e-02,-4.284199740294231673e-01,-1.125386131790278299e-01,4.961987854771782863e-02,-4.915423014420035042e-01,-3.950915619256228917e-01,-4.907914048427441944e-01,-3.246151623960145116e-01,-4.799178696645957642e-01,-2.544612546508500106e-01,-2.047400125257736736e-01,1.280915749929246172e-01,-2.944350505183279676e-01,1.307276983631718847e-01,-1.005916926924187715e-01,-1.692496356474746944e-01,-1.187253141045185589e-01,3.298285875145292589e-01,2.282336741078013764e-01,-2.279570900683229318e-01,3.963159607676228907e-02,3.938568217833351981e-01,-7.511121855741399733e-02,-3.040821989711597340e-01,2.495138667354412365e-01,2.990113817592211509e-01,-2.166610949299180300e-01,-9.989085573246089811e-02,3.650557812790028445e-01,1.572567772405960573e-01,-9.325823985818745832e-02,1.498575542681713502e-01,2.035931313039532342e-01,3.405011984934189218e-01,4.011858294153585747e-01,8.468241461549794180e-02,-3.319285733920596670e-01,-9.112869108524594697e-02,2.265548425130899657e-01,-6.631597027437748093e-02,-4.022289660163705372e-01,1.117063013509152908e-02,1.901432059098989991e-01,-2.219610600277995838e-01,-3.344058210801973408e-01,1.271479755804688916e-01,-6.434292232295643621e-02,2.331125632583496143e-01,4.969717385806791260e-02,-2.126482638282122528e-01,-3.332409382425635114e-01,2.590948647587905732e-02,3.964781227389660434e-02,-3.497980550971034885e-01,-1.956727361635885731e-01,1.053405954307110870e-01,-1.336839191004136340e-01,-3.665794300703291153e-01,-4.064135078406890672e-02,7.004506959040980585e-02,2.862421060577818310e-01,7.227249298472926409e-02,7.492898847909219839e-02,-1.646458164651874445e-01,-5.255026787162012103e-02,-2.808788991050150535e-02,-1.351792636964461169e-01
-3.906252886848248645e-02,1.876239012993836663e-01,1.643876756589494198e-02,9.856293706964022738e-02,3.269078894767831200e-01,1.000000000000000000e+00,4.211599355497475106e-01,4.232978105642840605e-01,2.441095501635735798e-01,-1.273986941586033039e-01,1.469800066871646549e-01,-9.506673948289615095e-02,-2.739547506595458870e-01,-1.186981808989334558e-01,-3.361056844389882503e-01,-1.926889944918193098e-01,-4.767095990990899423e-02,-2.384585284341785849e-01,2.335677378406542659e-01,1.275548983756435439e-01,4.136307459952813514e-02,1.802078893199942078e-01,-9.111583268641405831e-02,-1.423776305008687959e-01,1.410701738077103640e-01,-2.425248910367318600e-01,-3.853117923758171970e-01,4.497181414373610520e-02,-1.854247576846450030e-01,2.509887935648824064e-01,3.318375222103608913e-01,-4.466548680816549710e-02,3.046016304801801855e-01,5.678646153914689715e-02,4.310529487283550343e-01,6.749691879184768206e-01,2.874270614324599959e-01,4.643443247186503364e-01,3.123571522646701945e-02,2.966802776443843159e-01,2.867511375530036877e-01,2.161489987537676127e-01,1.611111681658043693e-02,-4.516720672121871671e-01,-1.287482014328358293e-01,6.756214402697048420e-03,-3.354140632962514523e-01,-8.515467745994743931e-02,-3.788938515180217403e-01,-4.747044889025311964e-01,-4.010294628864416455e-01,-4.765562899348233517e-01,-2.468814703457242743e-01,-3.864979340603684199e-01,-2.718806588929553181e-01,-2.510041764560242417e-01,-2.791998773812335299e-01,-1.271542725658418860e-01,-4.683476195365874339e-01,-1.137492581517578899e-01,-3.232202145768311996e-01,-3.439663232505074664e-01,-2.249488292193238814e-01,-4.498905367766138919e-01,-1.966207266466756809e-01,-3.936814112758299511e-01,-7.847224779029567110e-02,2.016284741579026929e-01,-1.935037668700981539e-01,-3.745065922437353922e-01,6.069985491712739933e-02,7.859041017713667976e-02,-3.449958327797309487e-01,-2.557766870393003433e-01,2.114546863395117271e-01,2.386816714223512909e-02,-4.195730147801424170e-01,-6.930413950719656324e-02,3.318952781341991121e-01,3.222837472637891665e-01,2.674034272580121940e-01,8.158012066896905279e-02,-1.363672788363628208e-01,2.985593491868223648e-01,-1.384798782674366013e-01,5.770916238269831189e-02,3.218783383827296118e-01,3.223834073288436297e-01,-1.891557456283458893e-01,-1.351012463371179251e-01,3.944006379151573927e-01,1.442031117268246232e-01,-2.844464309150912529e-01,7.273533289826011883e-02,4.005533538373525215e-01,4.911487137707609696e-02,1.552096060644921338e-01,-3.035702871679583081e-01,1.964935608688355706e-01,-7.815179846757784599e-02,-4.215546887803746090e-01,-4.711868612021783559e-02,1.468759321723567268e-01,-3.094031158354629829e-01,-3.358197938732089272e-01,1.453369157606884399e-01,2.940086957145275539e-03,-4.290911396264453503e-01,-8.992097807223438377e-02,-1.304500976215127173e-01,-2.159894032959546462e-01,3.705353217631003615e-02,-2.044997256617902270e-01,-7.660835558890986829e-02,-4.975073121632837131e-02,-1.544289676872204753e-01
-1.609098432518503430e-01,1.681101793440660241e-01,-1.289736856747694393e-01,1.499181272012821975e-01,1.141441769425119990e-01,4.211599355497475106e-01,1.000000000000000000e+00,5.005875710163303349e-01,2.768737718526300129e-01,-2.995945188958183403e-01,1.450643233207716820e-01,-8.700592535391037108e-02,-3.928971396817496076e-01,-2.498012657644445300e-01,-4.395202719620168175e-01,-3.164994220320975216e-01,-1.641479037691470355e-01,-1.648711481937154832e-01,3.207607457176328558e-02,7.400602186766179480e-02,8.758369604951987686e-02,3.874280556245581209e-01,1.196098743882966914e-01,1.835944695522939152e-01,2.579635841273638652e-01,3.252965097473096284e-02,-2.362214035999292971e-01,-8.219151576606337553e-05,6.652641097231398737e-02,2.542030001274642736e-01,2.675518863603312258e-01,4.710654902561291538e-04,1.846189408144303656e-01,-5.368582572198560277e-02,5.427350976455085074e-02,3.683066982067816908e-01,2.633979294366051715e-01,2.947795228744570228e-01,2.629694634019426047e-01,2.743668862119520435e-01,2.339497189655667664e-01,5.757195193108026205e-04,-1.205257656814671396e-01,-3.019429148069834867e-01,-1.138425776858189159e-01,-3.404847574143896050e-02,-3.000160486308914298e-01,-2.745762981421704940e-01,-4.807296675480985382e-01,-4.160077722804817468e-01,-5.325572252185680755e-01,-4.670915154036464068e-01,-2.587919685569949335e-01,-4.592987587709514985e-01,-2.981144194575447437e-01,-1.663676512020600129e-01,-3.257676817936693281e-01,1.101607676744001223e-02,-3.016191295720964671e-01,1.944279261000115416e-02,-3.116820127465749768e-02,-1.583753371945618993e-01,1.650158742561717504e-02,-2.944340695343881653e-01,-1.882301057419099310e-01,-2.776848848570330763e-01,1.978417554902043018e-01,2.409978268890236586e-01,-2.487563600563787447e-01,-1.497139746035126007e-01,2.497272927934408027e-01,-7.281653030882671331e-03,-3.454505152105597499e-01,1.628738336219832938e-02,2.698376804036132226e-01,-1.316253794223544715e-01,-2.815130576254440964e-01,1.853830981156552038e-01,2.724792507955211551e-01,6.823821964598683620e-02,3.064943654033854825e-01,2.072306018213221357e-01,1.500208700769006531e-01,3.255594663995038940e-01,1.307625481895602175e-02,-1.738645866526237760e-01,5.594583593238760394e-02,2.547619754790644842e-01,-1.114990016219167546e-01,-2.944194231831000486e-01,1.381116060997655548e-01,1.604515198716196245e-01,-2.449577048355674191e-01,-1.861115370977513284e-01,2.356748199542901268e-01,-1.009125091657394648e-02,2.030074332743947996e-01,-7.806499698133492759e-02,-3.915065048671896586e-02,-2.448628442016319018e-01,-1.590322494434663614e-01,1.523866866084606399e-02,-1.513010372871465281e-01,-2.465733930759189951e-01,-5.573200695518341213e-02,-1.081732353067466762e-02,-2.254599392521742796e-01,-1.810359535332722314e-01,5.304944365912384052e-02,1.650141827754487145e-01,7.318299979282424927e-02,1.928125971686475149e-01,-6.846579386414393398e-02,2.536849050936296202e-02,-8.990061226564237395e-02,-1.367278167234890762e-01
2.169627990102992177e-01,3.197093295510139432e-01,3.296303522230324967e-01,5.128132288787510262e-01,3.665070183854995944e-01,4.232978105642840605e-01,5.005875710163303349e-01,1.000000000000000000e+00,7.861655424116349711e-02,-6.558642590566150510e-01,3.115906182873587893e-01,-1.563539046573683700e-01,-6.094350075120844590e-01,-4.009871621952005305e-01,-6.502434666733212243e-01,-4.006806315730463419e-01,-1.526454295001297146e-01,-1.765854375116179265e-01,2.085982367459817410e-01,1.638777060692458987e-01,2.008119641122980414e-01,4.045241639315251270e-01,-1.761689318732337015e-02,1.795352238008368351e-01,4.428649716879118903e-01,-4.121990571296701988e-02,-3.733453958152682661e-01,-1.065050126494324761e-01,1.622693419158823536e-01,4.491168821939319211e-01,4.211921939361422673e-01,1.081871276121743608e-01,3.746558591279001149e-01,-1.340503404503252394e-01,2.993537362963230759e-03,5.697174573107047779e-01,1.389692643633283486e-01,2.904454255245440542e-01,1.295783969167981220e-01,1.646844105620755838e-01,2.883212253902867062e-01,2.858577415856340953e-01,1.584073935037811631e-01,-2.142607241902005077e-01,-3.943970852378074488e-02,5.255036817986197262e-02,-2.615188453611584918e-01,-3.324859172662993356e-01,-5.287718004452206522e-01,-4.603042771705240233e-01,-6.434138205944741618e-01,-4.583977540233199477e-01,-3.688840654291795085e-01,-5.950830309546997210e-01,-3.581203341797170037e-01,-2.741274059660362972e-01,-2.944160964365885591e-01,-2.340904722244225578e-01,-2.747252676074652955e-01,2.946332114649888659e-02,6.319470648320735240e-02,-1.165104791295278469e-01,1.601166680712784451e-01,-2.321598462932935036e-01,-2.617149339298660560e-01,-3.867866720603664321e-01,1.839033175143321430e-01,3.260794632164230045e-01,-2.874330252944205522e-01,-2.460871791961438126e-01,3.299778193574454677e-01,6.887083388226361569e-02,-4.001118746147573901e-01,6.010657621431046704e-02,3.488462001163928905e-01,-1.179095515602929106e-01,-2.948346808901362581e-01,2.527828179847418366e-01,2.714107813626657761e-01,6.274925273576074936e-02,3.014422303874569331e-01,1.816284243922494657e-01,1.778880824464667276e-01,4.059359312739007075e-01,-5.669856324460606847e-03,-2.011485410040127764e-01,1.176085051354705396e-01,3.605616758563147672e-01,-1.647627236721550259e-01,-3.678302150069546750e-01,2.441288171053204725e-01,2.166798782181993954e-01,-3.518847550785487721e-01,-2.145034479342811107e-01,3.498245214198741349e-01,-5.648071888916169139e-03,2.595956783833682779e-01,-8.620462191845582045e-02,-2.836054304518248817e-02,-3.165917841694277923e-01,-2.127528829511456665e-01,3.941263698172813718e-02,-1.738034283742428132e-01,-3.391332507733456625e-01,-8.207147218741234207e-02,3.195074699674062269e-02,-2.901157774917789700e-01,-2.652185680904858289e-01,5.692932086756655186e-02,1.231771896595156152e-01,2.371257148106506105e-02,-6.677286186981011562e-02,-2.022155576719996128e-01,-1.693768300894819279e-01,-1.543044506619993816e-01,-1.910122533839369585e-01
-2.254800394680855080e-01,-2.216211557541257204e-01,-1.755356390069452155e-01,-2.460673014303958739e-01,8.034715687269076978e-02,2.441095501635735798e-01,2.768737718526300129e-01,7.861655424116349711e-02,1.000000000000000000e+00,1.591156040154892148e-01,9.774341902761495005e-02,3.967795489984933810e-01,-1.883396978763658136e-01,-8.358905100236725672e-02,-2.407136118449837436e-01,-7.808745412892490780e-03,-2.200036695804332698e-01,-4.964036131756775494e-01,-2.046363010599885901e-01,1.011482272501119939e-01,2.553851631456247051e-01,1.626969210930560295e-01,4.981633778687260400e-02,-2.820614345482092000e-01,1.224996244837236042e-01,-3.453472500334581752e-01,-2.972286910812292349e-01,-3.241398066966272307e-02,-2.750200212896584118e-01,1.787864393570751387e-01,-3.542340416378457479e-02,2.949665893068912845e-02,1.887034612652573606e-01,5.537204544347795743e-01,2.119143931959584504e-01,2.194907746038311791e-01,5.152799894365257122e-02,4.092906579754568286e-01,3.044999979626298314e-01,1.314055609270123604e-01,2.487978825106003100e-01,-4.085605060443676939e-02,-1.335176373378419989e-01,-2.352038543822445316e-01,2.916076024890054130e-01,3.234693779163418936e-01,3.410463693947773933e-02,2.327229952755701659e-01,-2.795436751841697820e-01,-1.489328374679460831e-01,-2.275652584305430937e-01,-5.545363558431197770e-01,-7.086720261296804158e-02,-3.451188801977559950e-01,-3.637272077322954017e-02,-1.996193638325198250e-01,-3.832685854230601374e-01,-3.670203788408991225e-02,-3.857566958471106977e-01,-4.635656243478296079e-01,-4.169235077932028632e-01,-4.366426864219646875e-01,-4.129128885468522636e-01,-4.852216357077649977e-01,1.506687879491837578e-01,-2.605037230519528513e-01,4.985996418373014752e-04,-1.522122327741972925e-01,-3.366887692255772779e-01,-1.568253790413572379e-01,-1.256364805809937479e-01,-2.182522789650389039e-01,-2.651950282523648506e-01,-2.508181923839338801e-01,-9.257047233697322797e-02,-1.707223947874434156e-01,-3.263630912704444387e-01,-2.134535658351907061e-01,5.263431005530952445e-02,9.862854837212343961e-02,3.014641771674626547e-01,2.647089767507951885e-01,-1.929466098398508744e-01,1.373654777861776366e-01,1.107654566031837234e-01,2.581723719803361572e-01,1.795623763934193762e-01,3.326711731226884572e-01,9.418611880595736952e-02,-1.071843555820474816e-02,2.629630036356960243e-01,2.799546628756774402e-01,-6.568370800446715445e-03,7.576911584515681752e-02,3.035057283118813842e-01,-2.320562761999646340e-01,-1.721802488480719262e-01,-4.610468560899685930e-01,-3.589314668641461884e-04,1.932685267688505071e-01,-3.132686723891076053e-01,-3.423683943598885282e-01,1.701617569974160082e-01,-8.435789272915271073e-03,-4.466901028292918352e-01,-9.647935484993362676e-02,2.194044956947127367e-01,-2.623458735730296865e-01,-3.540821096197904749e-01,-9.937743353608086139e-02,-2.969135323691778350e-01,3.820349937001463886e-02,-2.275849653383256455e-01,-7.731613362605456452e-02,-4.471013116905432627e-02,-1.962146778336709974e-01
-1.398488051397648591e-01,-2.043236475196344992e-01,-2.485617374897965137e-01,-2.498537789311114921e-01,-4.693654509988294810e-01,-1.273986941586033039e-01,-2.995945188958183403e-01,-6.558642590566150510e-01,1.591156040154892148e-01,1.000000000000000000e+00,2.681680814109896338e-01,1.084875823801039335e-01,1.287181014156272840e-01,4.916306266411916148e-01,2.399528356173875332e-01,3.228255744551924433e-01,1.530003247053301485e-01,1.899176189400789572e-03,6.714872142870621785e-02,2.532565827439349770e-01,1.052497650463059681e-01,-3.244682916503319747e-01,-2.369580560695208615e-01,-3.310324797061086621e-01,-3.222280277652888603e-01,-2.176560615067363591e-01,2.922930943435481793e-02,6.608152006066286832e-02,-3.258611085079868852e-01,-2.246600370215405817e-01,1.108543664092703773e-01,-6.466590579877286304e-02,-1.198738099945447638e-01,2.572633834823030430e-01,4.253435062401504929e-01,-1.272065839287037647e-01,-3.627144734747769078e-02,-1.911146256586645775e-01,-3.048601125859599636e-01,-1.829622443841682489e-01,-4.747667769046378522e-02,-1.897563134941733509e-01,-9.614967058109126496e-02,8.965406373588014066e-02,5.602793143994766467e-02,8.598884141829642863e-03,-1.288683586079513721e-01,2.177481168865944561e-01,2.191511937990932024e-01,-5.229657681678496345e-02,2.783700714520457309e-01,2.011721361988617202e-03,-9.501836368753727169e-02,3.532308345530598137e-01,2.468652050072180637e-01,2.180562351572759572e-01,6.743006366610396207e-02,2.545525774200063096e-01,4.751256253035612831e-02,3.513944096679524811e-03,-2.870130536138774668e-01,3.937650529969935476e-02,-2.750124740118957134e-01,-1.282877867911563219e-01,6.465117685775564893e-02,-6.587592181819927617e-02,-2.440297820586093680e-01,-1.063928783769133163e-01,5.790208830058214684e-02,-1.562452624447314142e-01,-2.475550673517523392e-01,6.369354840596659628e-02,4.110638077857486222e-02,-3.616849746789596587e-01,-7.968901607857585556e-02,1.518399510797846241e-01,-1.742235328626917379e-01,-3.016950998127139738e-01,9.925429558293860643e-02,2.269141544306773062e-01,8.982848452599888345e-02,-8.013693969348986701e-02,-2.994335176284652622e-01,-1.452434452580872448e-01,-1.240259648913856760e-01,2.432252518344278358e-01,2.050654060303639115e-01,-1.127807841189884704e-02,-4.807729827447460719e-02,2.189735861947327278e-01,1.674475607654412612e-01,-6.143340481668410624e-02,2.457409784466869224e-02,2.802116397073023957e-01,1.013497558904514345e-01,5.498529501468552017e-02,-8.909225779789387012e-02,-1.796336205800438957e-01,2.327344150335621253e-01,1.949062831142245322e-01,-2.203325863449899780e-01,-4.744593581342273353e-02,3.055463348406439184e-01,-1.241067564478965692e-02,-2.150006898295247493e-01,1.673484020139812123e-01,2.530025985725661286e-01,-1.714918430767328750e-01,-8.055578504086151337e-02,-3.254477202845945660e-01,-1.683728022014854553e-01,5.355194460417556784e-02,6.352876587927831775e-02,2.070257546535445633e-03,7.069574296094749410e-02,3.347690551990891578e-02
7.562396791858484041e-03,1.602007786209337092e-01,1.982176293476993131e-03,2.863987031614411150e-01,-3.032406366333461611e-01,1.469800066871646549e-01,1.450643233207716820e-01,3.115906182873587893e-01,9.774341902761495005e-02,2.681680814109896338e-01,1.000000000000000000e+00,7.443073756161647236e-02,-5.430059154937417754e-01,1.672690943974534383e-01,-4.404473684603310568e-01,9.816264420586534589e-02,4.484335013814174514e-02,-2.470165484453227533e-01,2.012662903914046175e-01,5.737161389493100616e-01,5.303801502199622098e-01,4.818431050340699073e-02,-3.387165891500648618e-01,-3.088409336471978905e-01,2.358065111967495072e-03,-4.719875005542569224e-01,-4.666576053069373953e-01,-6.520738144878476805e-02,-3.516326525322697183e-01,1.698206087230673955e-01,6.151950580837264315e-01,7.007832184816813192e-02,3.668939717635692488e-01,2.550461723366388989e-01,4.529579543359772975e-01,4.193967682518514595e-01,-1.468479820818329937e-02,-9.029129904134398921e-02,-2.353852559312724912e-01,-6.651922649074519522e-02,1.520921520394999671e-01,1.406511508880992911e-01,2.019035174599461691e-01,5.257231175113043220e-02,1.551452278025366449e-01,1.173487940732322321e-01,-3.287186868827473574e-01,-4.169743686714950243e-02,-2.535725717339947227e-01,-4.657161197787593743e-01,-3.218757629316113533e-01,-4.424111471125099504e-01,-4.676155403677090816e-01,-1.999614083698747491e-01,-2.698830263843174718e-02,-1.495131817364271642e-02,-2.041133501905009473e-01,1.702647145945992285e-02,-1.557346353620154555e-01,2.004129402618790370e-02,-2.369841715973023677e-01,-7.722296860938396290e-02,-1.811125604413341694e-01,-3.903347284596580535e-01,-7.413213379209927789e-02,-4.427682494349136078e-01,-6.963260700438429762e-02,1.021786301545811182e-01,-2.835891939082380575e-01,-3.837709035469822894e-01,-2.387382659879084754e-02,5.080365148355520805e-02,-3.264075117466460063e-01,-3.832370216008834651e-01,1.481461516938548384e-01,-3.545477287634965502e-02,-4.775693718271856736e-01,-1.465583672652378544e-01,2.651710477702840518e-01,2.026682724273443092e-01,4.696001264114079143e-01,1.994552146173397267e-01,-1.846056046963507891e-01,2.060356208971932113e-01,-1.322988363033014356e-02,1.550701955502327978e-01,2.766922938403665322e-01,4.130787990274137345e-01,-8.100078036047408947e-02,-9.916793685344407749e-02,3.912450943757477262e-01,2.496485119520597817e-01,-2.281983823281823753e-01,8.830194101238628135e-02,4.642302878352821405e-01,-6.844540628700086782e-02,1.670273419518512187e-02,-3.916454037092204632e-01,1.606070799106538438e-01,1.789042735714306553e-02,-4.535067905028036805e-01,-1.572580823514462822e-01,1.923532281650443543e-01,-2.475224872167872125e-01,-4.115617121884267982e-01,1.222429509606893644e-01,9.116464429199558350e-02,-4.172048802825624736e-01,-1.692742060024700068e-01,-1.970864460367356408e-01,-2.010232848619591117e-01,-1.304977192667233499e-01,-1.048149676156961974e-01,-2.508751953869796658e-01,-1.103404287947776785e-01,-1.532268300279578388e-01
-3.847054340436938946e-01,-4.677367305166264533e-01,-1.608304151022851292e-01,-3.503572385687711011e-01,-1.375401249658695368e-01,-9.506673948289615095e-02,-8.700592535391037108e-02,-1.563539046573683700e-01,3.967795489984933810e-01,1.084875823801039335e-01,7.443073756161647236e-02,1.000000000000000000e+00,2.051449121761517447e-01,5.852558519622227950e-02,1.031855477639111174e-01,2.615069679187833618e-01,-2.722289830304678304e-01,-1.660202549389019899e-01,-4.602578596769040242e-01,-9.229404960166996685e-02,1.326765121866837482e-01,-1.482554865234718688e-01,8.437271955639620569e-02,-5.383448042594968230e-01,-3.170415646914147012e-01,-6.288166293997650147e-01,-2.417731300242910164e-01,2.257010271623517347e-03,-6.399382633723350589e-01,-1.233227741529501487e-01,-3.183818930247099277e-01,-6.593318995191814295e-03,1.500983433450528981e-01,6.653276964620659095e-01,-7.143379115692623238e-02,-9.351764944741786795e-03,-3.863009880883187808e-02,1.590711256842829435e-01,4.042852915733305408e-01,2.912617680962824585e-01,3.354661754871302026e-02,5.388221666658451862e-03,1.081856698066923222e-01,1.029807440044410230e-02,3.337945904871889025e-01,6.032902088960840903e-01,3.711223726557500990e-01,4.255584573326325337e-01,5.350338251970649522e-02,3.158791977554178398e-01,1.886038184677489016e-01,-2.283677349342320140e-01,1.995465884088013508e-01,-4.023323557706022513e-02,1.626032839584345691e-01,-1.034700705912524610e-01,-2.529323917490859386e-01,-1.026292886240034313e-01,-3.603103153685274784e-01,-4.005688671922826849e-01,-2.660183227592467503e-01,-3.973997745062375908e-01,-3.591285485298487679e-01,-3.077006829796554155e-01,2.271233023851859378e-01,-2.364647177642524925e-02,-4.676601832760013573e-03,-2.400691411012416954e-01,-1.718539191252499432e-01,2.650361953636174925e-02,-1.788722987683784016e-01,-2.447697571389141069e-01,-4.686739566072556373e-02,-1.309262025120222495e-01,-2.457796483102796525e-01,-1.872040940051502289e-01,-6.359570321108677649e-02,-1.917079271321341094e-01,-1.692983690958595466e-01,-6.782925329728332897e-02,9.233760005245106317e-02,2.102896195083529818e-01,-1.351329339004463670e-01,-1.026095551712843078e-02,1.691661602444697043e-01,2.537402502595708098e-01,1.196727639668805805e-02,1.360771430580991759e-01,2.134713032057327653e-01,7.633238099197592330e-02,3.659618560256197584e-02,1.880637996399019130e-01,1.584380879899325301e-01,7.415921731454760968e-02,8.324449679972954763e-02,-2.355809535360650908e-01,-2.800235828161203311e-01,-3.412475038094716084e-01,-8.190906281343801609e-02,2.878811778867587656e-01,-1.035267359644985175e-01,-3.502434129791807127e-01,1.279192969462898677e-01,1.834693332133147392e-01,-2.940941356559386155e-01,-1.811076598383112024e-01,2.607656671317957198e-01,-3.202148051898097425e-02,-3.350808049062498628e-01,6.650556850729833110e-03,-1.929268105184988036e-01,-6.759213044253520319e-02,-3.736131713749585997e-02,-1.069345964834137602e-01,2.658588544572503681e-02,-4.057567372154397695e-02
-2.988461995790109849e-01,-3.901750455933358785e-01,-3.825510757059131794e-01,-3.676633924742558346e-01,-2.822700115517700614e-01,-2.739547506595458870e-01,-3.928971396817496076e-01,-6.094350075120844590e-01,-1.883396978763658136e-01,1.287181014156272840e-01,-5.430059154937417754e-01,2.051449121761517447e-01,1.000000000000000000e+00,5.358837168044915389e-01,8.692514494842488171e-01,5.458169994881574283e-01,3.426754993690147577e-01,2.823482623565242711e-01,-1.924820340153395037e-01,-3.179385115756797053e-01,-4.169567262079813541e-01,-5.639106611889539433e-01,-1.283544226843961467e-01,-1.866563184091773464e-01,-6.349844709738682313e-01,1.374802401455391399e-01,5.780208118866310141e-01,1.073788269438110399e-01,-8.941225482014793224e-02,-6.495105898407329548e-01,-6.867302668400615540e-01,-1.112563154988195219e-01,-5.034688520534850165e-01,-2.961196130166577137e-02,-1.925380706370760364e-01,-4.399161512507485106e-01,1.154882571325252863e-02,-5.079032902294917246e-02,9.697586775427256833e-02,1.672869905424615722e-01,-3.267407288758953365e-01,-3.413445362211973699e-01,-3.097324816789255308e-01,1.490647044370452534e-01,-1.086083911048446038e-01,-1.008877324251056112e-01,2.132941918675219928e-01,2.687159462347888939e-01,5.039383787868212394e-01,4.591464100670521464e-01,6.727109110208947529e-01,4.627540904804650634e-01,4.626229763297649566e-01,5.817714591719959083e-01,3.241690892957302950e-01,3.383527968449495105e-01,4.673496298393188253e-01,3.121592626800262504e-01,1.510556792749486732e-01,-3.977403607680879416e-02,8.838263323924129555e-03,4.651495440286425309e-02,-1.067728390527134114e-01,3.328325958126349682e-01,2.841310052151785892e-01,4.813293500498251887e-01,-2.087886015221196712e-01,-3.502612570559298644e-01,3.721084942454822020e-01,3.085181455731024203e-01,-3.513929365540349181e-01,-5.888047699094908077e-02,5.185522023603065245e-01,6.911841496814848107e-02,-4.477067697160805326e-01,1.351837728914499215e-01,4.740020885659448902e-01,-2.205739976293042970e-01,-4.242091589941381913e-01,-1.251591901625146441e-01,-4.986740729557248564e-01,-2.460204228129563020e-01,-1.383677864338602737e-01,-4.944794559709261295e-01,-1.799494064542802446e-02,1.968916915164837800e-01,-1.691899646084927822e-01,-5.087184634642556436e-01,1.907882748713910781e-01,4.431926232911805874e-01,-3.387522869450571572e-01,-3.187619283908348367e-01,4.277263186162871822e-01,2.238119666911477790e-01,-4.804086728772322124e-01,4.552881048513391510e-02,-2.883770757094274440e-01,1.838751476022131015e-01,9.481544500243698631e-03,3.549100770391243609e-01,3.376839222566953569e-01,-1.525518172593259315e-02,1.646923241073626754e-01,4.264686943623073878e-01,1.711337576368009150e-01,-4.730564879056384231e-02,3.038540616989620080e-01,3.728556620109835795e-01,-2.002567179378900164e-02,-7.409341508127802178e-02,4.941161905297872942e-02,1.699725626063868997e-02,2.550605537851782234e-01,1.963684491159509160e-01,1.187834385833502204e-01,2.207333406190328806e-01
