1.000000000000000000e+00,4.471022719079458807e-01,2.829265699933323774e-01,4.089378936582619556e-02,4.323212578303877590e-02,5.478125101464800112e-02,2.321227265532240652e-02,5.601338306287838992e-02,3.915676069868426201e-02,3.699064133377513719e-02,1.977159345500845503e-02,-1.155768709199290513e-02,-2.947526993802258855e-02,-2.272042818410250492e-02,9.932962575896590873e-03,-3.002770738883547320e-03,-1.413010140146359062e-02,-9.666121045965401365e-03,-1.413814897347856828e-02,-4.446954433273682047e-03,1.501059264745840428e-02,-3.179160156306586049e-02,-1.244708674053009861e-02,-1.821105143513369884e-02,-3.567683758555668244e-02,9.970606072385132523e-03,1.298907642155630593e-02,3.876110881471488568e-03,5.178846433831040506e-03,-1.497599136012635031e-03,-3.142793270813978856e-02,-1.596139362136458906e-02,-3.007394885263727294e-02,-5.434348905641725978e-03,-1.846224675634305923e-03,-4.693756892085233258e-04,-1.239170046893500743e-02,2.498396402675381878e-02,2.819838631091484485e-02,5.798387564905082246e-03,3.650244457452088420e-02,1.083134728983650361e-02,-1.778736205910376109e-02,-4.703343896330966500e-03,-7.547871918340144214e-04,8.517664276517905239e-03,-1.744768378074336435e-02,-5.163431891974695938e-03,-1.024875677291578122e-02,3.473846408174835563e-03,-1.369575000415007918e-02,-1.803041411752396433e-02,-3.166652288334845244e-02,-2.785999421401050280e-02,-3.597174934977533101e-02,-4.668420001104340439e-02,4.712567324049036816e-04,-9.051769132223868447e-03,1.381684017494732653e-03,1.739574927437992965e-03,2.435129265363469506e-02,1.836694831054294999e-02,2.043741520896394728e-02,2.066117297983490614e-02,3.381248653241134688e-02,2.536309593699033818e-02,-2.329829853146749702e-03,-3.164920609145039504e-02,4.338296583976217376e-03,2.074207181639010911e-02,4.595910911070534045e-03
4.471022719079458807e-01,1.000000000000000000e+00,2.476625448367121562e-01,1.019440158070373526e-01,1.161923937224391690e-01,8.996905060257699704e-02,5.092701927291352904e-02,9.497949717254879076e-03,-3.004694035525539569e-03,1.685941402601597722e-02,-2.042574400249436845e-02,-3.239925264500968793e-02,-5.105608383268506190e-02,-1.859467382400519300e-02,1.563606671537444773e-02,-3.895181600253462117e-03,-8.244490058103201222e-03,2.823799616497170688e-03,-7.021500272632484260e-03,3.382822804277754811e-03,-6.596539656666934592e-03,-3.903751105203033794e-03,-6.685143342002480317e-03,-5.450498362286999247e-04,-2.538194079640434045e-02,-5.818916127716467108e-03,-2.890043189077257449e-03,4.228885810407995854e-03,7.272139324704628149e-03,-2.378103196281305780e-03,-1.363891957617053945e-02,2.400543577620881455e-03,-2.849079671360527782e-02,2.249404556396472285e-03,7.591571468855969973e-04,4.364272117268739627e-03,-3.997008688367560680e-02,1.851064491172647181e-02,4.538786889258596829e-02,9.490888737014738577e-03,2.892956892173538866e-02,3.310238740068052743e-02,7.702927664475408762e-03,-1.348902190416411025e-02,9.909110998472563797e-03,3.462741964305787040e-02,-6.085438995205603996e-03,-7.596468912672410187e-03,2.394956636693984509e-02,4.540099623935118546e-03,-3.612310177024274233e-03,-2.367754626955006700e-03,-2.005140335029567331e-02,-1.684652947527472133e-02,-6.610264791300787812e-02,-4.768332564117151035e-02,-8.341105114084671965e-03,-2.281322845932784796e-02,-2.142072994879272354e-03,3.741646205286547257e-03,1.208879545548990041e-02,7.896978667836406646e-03,8.716845521565439250e-03,5.953838417836273753e-03,2.931150352984778287e-02,2.174540716572703064e-02,-1.237926649230611936e-02,-3.041062088520681689e-02,-3.336603198458825271e-04,-1.500053368990092494e-03,3.388034093177804285e-03
2.829265699933323774e-01,2.476625448367121562e-01,1.000000000000000000e+00,2.220620651015201563e-01,-4.111721204533693580e-02,7.521830142080736248e-02,2.370632395520291813e-02,1.021846039918132554e-01,5.597355423330969276e-02,7.368557206030960927e-02,4.780380166798536140e-02,-2.764929660465149583e-02,-5.782710760717851145e-02,-5.919331541568080557e-02,-2.082267045519682266e-02,1.208059494662967097e-03,-5.091501626561751453e-02,-2.527965365050518012e-02,-5.411562069089546553e-03,-2.004441096761015034e-02,5.485142755624716586e-03,-3.039485324928481100e-02,2.297697056566749482e-02,-4.214039812192041379e-02,-3.321386781517125103e-02,3.420621401779185694e-02,-1.403209793240863500e-03,-2.440812560088502503e-02,-1.976333233354576890e-02,-1.340125435844124677e-02,-3.914904799135909830e-02,-2.593521317240264634e-02,-3.801392493369996212e-02,-4.512200974026452441e-03,-5.411359662587946449e-03,-4.483060688568810993e-03,-1.375180426825487606e-02,3.929053230189210461e-02,3.264808729387554120e-02,1.787020134938564764e-02,4.155741387943694132e-02,1.773393826588045771e-02,-2.024337478946409974e-02,6.113521765387538304e-03,2.650191394359256714e-02,-3.209109329478511234e-04,-2.268056464634218838e-02,1.316971300716706164e-02,2.862433035872189932e-04,-1.889556148177546843e-02,6.987355221297614563e-03,-4.960806061319593396e-03,-2.218895477186031903e-02,1.450886331443933426e-02,-1.449384972635044989e-02,-3.836371884626818551e-02,-1.393114144987556147e-02,-3.514818982643393847e-02,-4.599885187105424425e-04,1.542181828488757740e-03,1.685866898030510819e-02,-9.307170255391539540e-03,-9.590347306512670214e-03,1.520042581088879366e-02,2.215510953096757468e-02,2.965449378717859366e-02,-2.715040928080080830e-03,-6.816974186073094383e-03,3.439185277051125256e-02,3.891139433177234763e-02,8.840965648926503787e-03
4.089378936582619556e-02,1.019440158070373526e-01,2.220620651015201563e-01,1.000000000000000000e+00,2.827060000649532778e-01,2.426349388425399489e-01,8.563288295831032737e-02,4.595730678013662529e-02,1.287940397142091353e-01,4.557357256597037443e-02,9.147931852581958623e-02,4.980226816412771512e-02,3.149309336314216196e-02,5.427826255509886864e-03,-1.005074913101990965e-02,-2.818014959208124150e-03,-7.179850973183837977e-04,1.382107164748964077e-02,2.314760883155146665e-02,3.343722208051370937e-02,1.782717663878172210e-02,3.439015896363784713e-02,5.548520205662537536e-02,2.475230684224355264e-03,-1.906580115405734008e-02,1.646915557945479239e-02,1.809874310880065645e-02,2.634171585932730195e-02,5.716800651918192699e-02,2.350591507864246629e-02,2.826782348121327157e-02,2.746047175975643850e-02,-5.720909032226680242e-03,1.461944590894807133e-02,-1.547295825977015871e-02,-8.225014046597249606e-03,-1.138843259483803341e-02,1.786613689702448021e-02,-3.636848855992312612e-02,4.573584577461267502e-03,-3.728024382031870036e-03,-4.032323581674233243e-02,-2.250249463705534039e-02,1.666879691102231015e-03,5.544147033644217758e-03,-4.121011054668250601e-02,-2.844630043836615663e-02,2.009097106185019077e-02,-3.577503467708746665e-02,-3.857104879182238211e-02,-2.397968775200236269e-02,-7.135145143589535083e-03,-2.117956743697459870e-02,-2.508621674298203846e-02,6.663536305311129962e-03,-2.743938687990764985e-02,1.296568128548094417e-02,-1.971585617779238880e-02,-1.517103858255929201e-02,-1.000253258812859071e-02,-4.079669900200670260e-03,-1.346834147923894887e-02,-2.158924169947653779e-02,1.651621191762502050e-02,3.141628362905243832e-02,1.885511791172062718e-02,-1.524508997039003382e-02,-2.395810898152010184e-03,4.527831453344808438e-02,2.450926506394534091e-02,3.966997252888047887e-02
4.323212578303877590e-02,1.161923937224391690e-01,-4.111721204533693580e-02,2.827060000649532778e-01,1.000000000000000000e+00,3.441991511389956848e-01,2.649028670198076973e-01,8.643757576165567169e-02,1.435282756778910040e-01,9.249125377851800944e-02,1.047691111156013183e-01,1.114813778595382804e-01,3.169582409036163922e-02,4.739079941049053474e-02,2.142897495492183599e-02,-8.189789723651542605e-03,3.549284149798697524e-02,5.689389531276833889e-02,3.249655705136028291e-03,3.844555566859141765e-02,-2.782961716133999786e-03,2.197095903224928135e-02,3.009827607986220385e-02,2.594841044580553993e-02,3.221339448122327153e-03,2.280042720477465021e-02,2.194704756342731600e-02,6.399842347065945458e-02,8.438268003988086408e-02,4.167515695302299872e-02,4.798554780026133976e-02,3.765508804634747075e-02,1.693438476901264894e-02,1.357577203085509610e-02,2.347385441898974454e-02,-7.113264422642883150e-04,-1.000864101019037500e-02,6.701408976625828880e-04,-3.261343535233438007e-02,-1.460719767161056983e-02,-5.078464440865669473e-04,-2.219791801666054151e-02,-1.643683439352478307e-02,1.114181384321364168e-02,-2.465226586355364485e-03,-3.737368834787500177e-02,-2.426064207085629545e-02,3.342808431292502691e-06,-4.098308147648829086e-02,-3.367868274031428355e-02,-1.390347146845581638e-02,-2.002439153684162573e-02,-2.745855814460522806e-02,-2.188438688331242887e-02,-3.446453198595490763e-02,-3.037638651465242659e-02,-4.944607733700741824e-03,-1.839984378424770403e-02,3.743104478530392097e-03,1.010144975190187255e-02,-1.642760045584993082e-03,3.123160255059060069e-03,2.587051462206033797e-03,-6.990596624613786437e-04,-6.266917313479467531e-03,-2.067761463053229345e-02,-3.056229310104831287e-02,-2.118915834183301289e-02,2.023886531303719857e-02,-9.776213847755583358e-03,2.248137550716203942e-02
5.478125101464800112e-02,8.996905060257699704e-02,7.521830142080736248e-02,2.426349388425399489e-01,3.441991511389956848e-01,1.000000000000000000e+00,2.901850575125715648e-01,1.081088479831099347e-01,1.917952558811379937e-01,2.028379592709825263e-01,1.553365206583090519e-01,1.268657156581008416e-01,3.184786582803018906e-02,3.029733026128940757e-02,5.844949863754525694e-03,-1.534106335088550321e-02,1.563475290832261680e-02,3.318281665838449662e-02,5.209371730177939086e-02,4.657406182704316999e-02,4.042656650361006049e-02,5.246874746743229040e-02,4.089648092478544855e-02,2.294985661759720713e-02,-9.643863194821382032e-03,3.425502172556804670e-02,2.601948966769726188e-02,4.947005353068066602e-02,4.436262128115951026e-02,2.209046807367689644e-02,4.628447973517833824e-02,3.357935144141534906e-02,-1.069803140466870804e-03,2.375666049916359129e-02,1.195877123913946516e-02,-1.680806372487118200e-02,6.350460048189640258e-03,4.220793143072213566e-02,-1.666303389703812851e-02,-9.597484281864743227e-03,1.736768078740954027e-02,-3.500915351040810586e-02,-1.763949069266844763e-02,2.478542895276909797e-02,3.814862087371046623e-03,-4.625221405490606563e-02,-1.823906288190594444e-02,1.045181194126812776e-02,-5.694096193169788378e-02,-3.976082706337798894e-02,-2.521628641199166396e-02,-2.638441059600845837e-02,-2.952715493049618001e-02,-4.168090593300861207e-02,-5.018668828339928334e-02,-2.545873881585515586e-02,-3.594834945111993058e-02,-1.628332826877933875e-02,1.804760178911719165e-02,1.396987984718860501e-02,-1.563538108474540889e-02,-1.275652406840327956e-02,-2.342954053499329142e-02,1.022987807014887930e-02,1.403050883819792656e-02,-1.904310884952577568e-02,-3.531223812953824398e-02,-6.729258260613006984e-03,4.834197875096268165e-02,3.480646534402422748e-02,4.601927434911588094e-02
2.321227265532240652e-02,5.092701927291352904e-02,2.370632395520291813e-02,8.563288295831032737e-02,2.649028670198076973e-01,2.901850575125715648e-01,1.000000000000000000e+00,1.812377192609558318e-01,6.537243059660569067e-02,6.410073588469135386e-02,2.403857819744306679e-02,5.970789224633946818e-02,8.738755936077750863e-03,-7.650854891310785930e-03,2.367176779239752935e-02,-2.394242230494627449e-02,-8.992011533635156520e-04,2.608381091398752349e-02,-3.425264439521441551e-02,-2.118370538639849712e-02,-3.719294946253395157e-02,3.180993554051685795e-02,4.824462203707396285e-02,3.063052815905044704e-02,3.833953109123870023e-02,2.625217830905565708e-03,-1.478527164077843813e-02,3.937096484538404190e-02,4.814616907219538416e-02,3.887215070853426019e-02,1.268827201184043185e-02,6.072087860105453150e-02,2.025813023168388655e-02,-1.353215497368173356e-02,3.775920565039427024e-02,1.566097285596114441e-02,-2.236560527809734744e-02,-1.218456911042489071e-02,-1.151549979686085877e-02,-1.152204371850967281e-02,1.821598573194996989e-02,-2.084360435645834717e-02,3.686356929595040188e-02,-2.670836583986292007e-02,-8.214159152445152379e-03,-1.769096437370484484e-02,-2.521278965917740644e-02,-7.465472343072652658e-03,-2.316212694709069916e-02,-2.668492614764251050e-02,-3.588994860179094831e-02,-3.772607346793659111e-02,-2.893415196864230349e-02,-2.209188550100794554e-02,-3.581736934561442764e-02,-2.126081852186506929e-02,-8.629846871787397525e-03,1.145132698334875958e-02,1.233733475091213991e-02,5.815345773180848749e-03,2.167514984294402827e-02,2.390217393097450460e-02,2.035417255930533145e-02,1.475599235229973355e-02,8.672866347769416992e-03,-3.461676547108517854e-02,-4.503604110196296993e-03,-2.536661078780983597e-02,-1.187334878981741171e-02,-3.769216369309891929e-02,8.336568213324542856e-03
5.601338306287838992e-02,9.497949717254879076e-03,1.021846039918132554e-01,4.595730678013662529e-02,8.643757576165567169e-02,1.081088479831099347e-01,1.812377192609558318e-01,1.000000000000000000e+00,3.013073002270204581e-01,3.456229051742278346e-01,2.768472359013114947e-01,1.064009163668406255e-01,8.659566909157970227e-02,6.503089693018683504e-02,5.958156740574269139e-02,2.695654949075142887e-02,4.736352665419740759e-02,-9.674441628300759280e-03,-2.103237325429514748e-02,-9.678995408775738218e-03,-3.890328865042192580e-02,-2.190716061965215095e-02,5.208767475511642819e-02,1.240199480284562283e-02,1.596592590053115199e-02,5.724141546742499836e-02,5.027495113233718289e-03,5.121193727289385239e-02,3.337642862018780354e-02,3.395073156045977369e-02,6.219218971027844168e-04,1.323470044042196828e-02,2.658286395929039883e-02,-1.309272804897711022e-02,3.300440966241879122e-04,2.747921252213487639e-02,1.540083597971839482e-02,7.556534553279126674e-03,-1.407819810030058391e-02,-1.563399394411746010e-02,-9.441636279358865680e-03,-2.195398193404878018e-02,4.108391960442722181e-03,-2.405366666796862271e-02,-3.357612452637306899e-02,-3.249221737702463753e-02,-4.931697054338424202e-02,-6.346846480661203285e-03,-2.516649451698081685e-02,-2.526325750729667766e-02,-3.471634794114087513e-02,-5.122333602674021547e-02,-2.395853161183095908e-02,2.823282092777681940e-02,-1.144587613057215271e-02,-3.040440044697681823e-02,-2.301175003760527402e-02,1.942197426977240043e-02,7.291183999872627962e-03,-2.778091850771612081e-02,2.623590767083590347e-02,4.684520148236123727e-02,2.080828134157786113e-02,6.155125703651000320e-03,1.540380515791368345e-02,1.109566455868509285e-02,-4.708230240769964610e-03,8.211109315963072836e-03,1.048302426124240322e-02,4.696874909151881571e-03,1.179291298777542657e-02
3.915676069868426201e-02,-3.004694035525539569e-03,5.597355423330969276e-02,1.287940397142091353e-01,1.435282756778910040e-01,1.917952558811379937e-01,6.537243059660569067e-02,3.013073002270204581e-01,1.000000000000000000e+00,3.654507068344517440e-01,5.753178559329739095e-01,2.728818485600195132e-01,1.926409510641467204e-01,1.548118050554355141e-01,1.012761270786183831e-01,7.185655969399522280e-02,1.114395780810404080e-01,4.827889903931804894e-02,2.642253045022914179e-02,6.630465480085090402e-02,4.271436755265197588e-02,-9.055730478655621765e-03,-9.675963329534012156e-04,3.086295948594854413e-02,-1.667598562505777371e-02,4.065097466612348914e-02,5.390324344883996865e-02,5.629173232162778401e-02,7.247899131288815244e-02,6.332455169504458414e-02,6.160984677744941324e-02,2.530325975388890078e-02,2.781159032336613310e-02,2.944626658984105666e-02,7.738862914679804118e-03,1.598516073639337162e-02,4.531952083418341187e-02,2.472413200015008070e-02,-1.703838442710200324e-02,-2.328244938323222220e-03,-2.350338735697330144e-04,-3.417550901384441148e-02,-2.362295391826407104e-02,5.643437338556358575e-03,-1.540299372830817269e-02,-4.156063349800494244e-02,-4.655540486042315101e-02,-4.733194137216116537e-03,-5.408269746407906586e-02,-3.180608868726898797e-02,-5.668244947113662557e-02,-1.705854430663243312e-02,1.198455557473989373e-02,-5.802454361153732559e-02,-6.392168797737845555e-03,-2.494150787084468274e-02,-5.881876108915227302e-02,-2.014900838631573498e-03,-1.698853093205002565e-02,7.476768874833636695e-04,-6.795883888704494502e-03,-1.944850381349848972e-02,-1.201040764954297568e-02,-3.490517413840241862e-02,-3.230893817234761073e-02,2.225284413670381573e-02,-3.125165008935389122e-02,1.634048462925978898e-02,3.402636544468548574e-02,5.168119347658046286e-02,2.169892573787601461e-02
3.699064133377513719e-02,1.685941402601597722e-02,7.368557206030960927e-02,4.557357256597037443e-02,9.249125377851800944e-02,2.028379592709825263e-01,6.410073588469135386e-02,3.456229051742278346e-01,3.654507068344517440e-01,1.000000000000000000e+00,3.173184665854201780e-01,1.747104803817229324e-01,4.312509837438326110e-02,1.176923070153377548e-01,4.109170188651296851e-02,3.183334684136410186e-02,4.670049732577992441e-02,2.852636468791319713e-02,2.234353905680494523e-02,5.163863858796057665e-02,2.186098564315606604e-02,2.266044914384720416e-02,-1.176790178473145071e-02,1.444771655160926281e-02,-1.446398692086813334e-02,7.173440791944199479e-02,3.619980061089390216e-02,3.380820561739899394e-02,3.055570373555567890e-02,-1.510194793308941401e-02,-5.529308999263466383e-03,-1.757550790047302663e-02,-1.385231889738362636e-02,6.890137221029320885e-03,1.198955027966299054e-02,-2.843002911149763133e-03,-7.155187502800927982e-03,1.322717754940897807e-02,-9.961988735814100368e-03,-1.687861247475300544e-02,-4.480493378797944376e-02,-1.538159610367030236e-03,7.537796752401926606e-03,-1.661029799154746175e-02,-3.913421474164704289e-02,-1.035064626497594203e-02,-5.730647200042263308e-03,-2.833213967469276270e-02,-2.624200362661289684e-02,-6.986631838869370760e-03,-7.779572534546323227e-03,-1.380261408314598526e-03,1.599479659986953461e-02,7.899244289462751005e-04,-2.035980394235302818e-02,-2.224334727375816556e-02,-4.805905601138546479e-02,6.827687323556824381e-03,1.473824945436976765e-02,-8.805908418548056768e-03,5.430568770923379154e-03,-5.901395161989168858e-03,-6.000462406360199639e-03,-1.049832070382592832e-02,2.189984067916077304e-02,2.629044946348853620e-02,-3.386777425086085619e-02,-2.644655301638557804e-02,2.760918888463818194e-02,2.010918557128646422e-02,2.767950199420692731e-02
1.977159345500845503e-02,-2.042574400249436845e-02,4.780380166798536140e-02,9.147931852581958623e-02,1.047691111156013183e-01,1.553365206583090519e-01,2.403857819744306679e-02,2.768472359013114947e-01,5.753178559329739095e-01,3.173184665854201780e-01,1.000000000000000000e+00,2.978451834535902898e-01,2.382878590832035737e-01,1.531070342805328222e-01,1.127211286235154653e-01,1.023091673054745826e-01,1.149579265978483700e-01,5.095072499352944900e-02,3.326451879115665394e-02,7.110817177762586427e-02,3.347370987917985818e-02,-1.545225040074694849e-02,-8.490048946454659476e-03,6.097550394424772202e-02,-2.346226530181222056e-02,1.966308881677319986e-02,4.901463540912345818e-02,5.444380649691117624e-02,6.228417967427769819e-02,7.343212280732745734e-02,3.252695109856426625e-02,-2.912608341357814101e-03,7.064955738127463164e-03,1.410471688620840158e-02,-2.354589265682346597e-03,1.632719680472779697e-02,5.354172822613958299e-02,1.054147932029738874e-02,1.727829444421056333e-03,-1.694501594796091540e-02,1.330275182103987305e-02,4.569966070492653340e-04,-1.466744870782854364e-02,-2.482421967919166625e-02,1.214874802221333622e-02,2.654953768801785081e-03,-6.578523099227669146e-02,-1.713730334085309184e-02,-1.790917681320914126e-02,-3.212842474874892662e-02,-6.238068721257985366e-02,5.379743753688551221e-04,2.822036341473305870e-02,-4.668214437703026298e-02,6.215764868685186642e-03,-1.841336839189788854e-02,-3.042989433551051767e-02,-5.365688903463311293e-04,-2.024561763013307814e-02,-1.047782132277997116e-02,-4.127946969279743666e-02,-1.772200890466544068e-02,-2.390028819276182256e-02,-5.777234519806333235e-02,-4.434643882676125859e-02,3.843834311196374365e-02,-6.017295370371496949e-02,4.662970508725081120e-02,6.477727824125900646e-02,4.583460587875163444e-02,4.249087165881313549e-02
-1.155768709199290513e-02,-3.239925264500968793e-02,-2.764929660465149583e-02,4.980226816412771512e-02,1.114813778595382804e-01,1.268657156581008416e-01,5.970789224633946818e-02,1.064009163668406255e-01,2.728818485600195132e-01,1.747104803817229324e-01,2.978451834535902898e-01,1.000000000000000000e+00,3.337781439658817351e-01,2.765854158695703613e-01,9.433547791349304601e-02,-6.068225103001316685e-03,1.756826663765351515e-01,1.255013328498460756e-01,4.208082040210133629e-02,4.085749191912811662e-02,-2.039877987956269928e-02,6.759558485703806574e-02,4.649250041761243679e-02,8.660526236786139642e-02,4.201706751237414134e-02,-1.339260676956991608e-02,8.200479555634637707e-02,8.909024222668550375e-02,7.787858017294993496e-02,4.589993329729331883e-02,1.289092855549156535e-02,1.476216587406844506e-02,2.449594519966706921e-02,-1.101539872689045498e-03,-2.503555879779742824e-02,1.295081616815814754e-02,5.161373978297876391e-02,1.309728599951238449e-02,1.146337742226429673e-02,-3.816685474825060737e-02,1.226230467871943473e-02,1.445657801704715480e-02,3.395766241193883157e-03,-1.465806082790690155e-02,-3.617014480172866739e-03,-1.130532717388908932e-02,-3.446735296036016610e-02,-3.466464546733415142e-02,-5.244483605534472695e-03,3.217622176080021934e-02,-4.708658092732729422e-02,-2.439998887567447483e-02,2.802678479692085126e-02,-2.054714994483892998e-02,-1.190604416452871635e-02,-3.823831069891531903e-02,-2.643699436242932452e-02,-6.563087253862839865e-02,1.087511123189418422e-02,2.632240261819479218e-02,-6.362597699117538384e-03,-5.081044471816847236e-02,3.601244210672350631e-03,-6.667587947895751987e-02,-4.555833307284246070e-02,-1.534033957561106373e-02,-1.080533415841400530e-01,-3.531037285765181721e-02,3.307883946698295108e-02,-3.955746090966625467e-02,7.350312753573769176e-02
-2.947526993802258855e-02,-5.105608383268506190e-02,-5.782710760717851145e-02,3.149309336314216196e-02,3.169582409036163922e-02,3.184786582803018906e-02,8.738755936077750863e-03,8.659566909157970227e-02,1.926409510641467204e-01,4.312509837438326110e-02,2.382878590832035737e-01,3.337781439658817351e-01,1.000000000000000000e+00,2.695332852033974214e-01,2.210136025608448185e-01,-2.279829454851710346e-02,2.418867344622953053e-01,8.644428154305186518e-02,1.646721360499552034e-02,1.840797480228326469e-02,-2.691700937669603416e-02,-1.069006645013318921e-02,6.584652598499280383e-03,3.946013341587893686e-02,2.101254875315248030e-02,-3.765484872666429589e-02,1.405061652832078148e-04,3.995789287680518581e-02,5.346278695332135067e-02,3.703427028676017224e-02,2.803299932838035705e-02,7.817579863555634834e-03,5.065193462694030091e-02,1.425127186419862871e-02,-4.275305148276967865e-02,3.334793088389614857e-02,8.599670806458981076e-02,3.363213537328531288e-02,3.624356804405454852e-02,7.172598571144539296e-03,2.927432862149402862e-02,2.559790543635244442e-02,2.365426985486044839e-02,-2.459354425307297073e-02,1.556920856467935987e-02,-3.062041598463780857e-03,-2.419639097951146664e-02,-1.956064828336576480e-02,4.505890021557240610e-03,1.281331508363340276e-02,-3.060668687060303511e-02,-2.026856214018446511e-02,-1.841884922798022947e-02,-4.882379729071611996e-02,-5.187210934005933617e-03,1.825538274695883041e-03,4.002323383861684965e-03,5.742083736111413400e-03,-2.320267576965504702e-02,-5.118579678526627430e-02,-8.277229334196611887e-03,2.573541754580873850e-02,3.190478734554463847e-02,-3.697975379055303685e-02,-6.092944933672964081e-02,-3.457978785607719596e-02,-3.337509973260008311e-02,2.186565138582888604e-02,-1.520357717726391299e-02,-1.116829257287178800e-02,-3.268539532407892505e-03
-2.272042818410250492e-02,-1.859467382400519300e-02,-5.919331541568080557e-02,5.427826255509886864e-03,4.739079941049053474e-02,3.029733026128940757e-02,-7.650854891310785930e-03,6.503089693018683504e-02,1.548118050554355141e-01,1.176923070153377548e-01,1.531070342805328222e-01,2.765854158695703613e-01,2.695332852033974214e-01,1.000000000000000000e+00,4.822361434670294766e-01,3.258736279847505024e-01,5.908474021822823774e-01,2.769363097163204945e-01,8.217890462203747415e-02,1.284968263122922838e-01,1.697875789084905135e-02,3.807322315600199236e-02,1.042659327801952543e-02,1.477029488483073694e-01,5.117883563335445113e-02,-3.969678102722918461e-02,1.179950284252479081e-01,1.049550290284504833e-01,8.996139371227143688e-02,9.745227653456260686e-02,8.522116854908039218e-02,9.191822052057409265e-03,6.626922944226425194e-02,7.235777187732740645e-02,1.481062992329098583e-02,5.027282949500406356e-02,7.109528177079460498e-02,3.465924863779803328e-02,2.758028494463247299e-02,-9.374923165048171594e-03,1.275075208400197786e-03,2.749434280487632679e-02,6.424282016674599805e-02,-4.376564959559926110e-02,-4.737665962217447319e-02,2.823823174291490226e-02,1.407529298325352340e-02,-7.354331172045186493e-02,1.015293875107094223e-03,7.496580290048325546e-02,-5.545860980122890166e-02,-9.068695571304676017e-02,2.375415687527557274e-02,-2.481920247257694834e-02,-8.650769881518616256e-02,-7.646952115243746406e-02,-3.952820331862523517e-02,-3.578850934142774332e-02,1.433571492594153097e-04,-3.162586053722890589e-02,7.711314917255645933e-03,-5.003337776983119399e-03,6.335029110587316048e-02,-7.416163967961597603e-02,-8.947391754993051782e-02,-6.738159147454594877e-02,-8.778827127749753989e-02,2.409597611807803071e-03,-3.786807678733883353e-02,-1.259010553615364236e-01,2.920921572659287979e-02
9.932962575896590873e-03,1.563606671537444773e-02,-2.082267045519682266e-02,-1.005074913101990965e-02,2.142897495492183599e-02,5.844949863754525694e-03,2.367176779239752935e-02,5.958156740574269139e-02,1.012761270786183831e-01,4.109170188651296851e-02,1.127211286235154653e-01,9.433547791349304601e-02,2.210136025608448185e-01,4.822361434670294766e-01,1.000000000000000000e+00,3.820849078043309643e-01,5.350406537589273981e-01,1.066880508042301196e-01,-2.201040255083874450e-02,3.359460290784440500e-02,3.411210997565818082e-02,-1.229562616040313916e-02,5.324193471090499924e-02,1.372901901712676453e-01,8.335622869535892765e-02,-8.719216035011039326e-03,7.151841540586403867e-02,4.485517223350752453e-02,4.505822927340195211e-02,1.293273040482013081e-01,9.512104441564622759e-02,8.002738374955281619e-02,1.162192450788006176e-01,1.319097572757721715e-01,4.424234069548896309e-02,8.689495563751394036e-02,9.257141024285082953e-02,7.025922599664584378e-02,9.676277789885426306e-02,2.093807260020609518e-02,4.138523280808182464e-02,4.685658788696928090e-02,5.822925011989286276e-02,-1.977707301717166952e-02,6.172593401768663134e-03,2.467915550410210851e-02,-2.330625130886958274e-02,-4.730233380166679047e-02,2.515870577730688548e-02,2.827945657549288047e-02,-4.374617467511503210e-02,-4.026848191862864718e-02,-1.570860714076116474e-03,-3.934635643736679456e-02,-8.355170083073397425e-02,-5.483024423777396045e-02,-6.579565912306412079e-02,-3.413851802224504572e-02,-2.783958777723401223e-02,-7.023095377955874963e-02,1.561375905729326004e-02,2.312857185855983835e-02,3.835623324952285723e-02,-6.527793801617666480e-02,-1.496301187698050872e-01,-1.137061157195891070e-01,-5.271093417444414758e-02,5.317552786084263350e-02,-1.110025052208897800e-01,-1.413833408858444773e-01,-5.636830731427418251e-02
-3.002770738883547320e-03,-3.895181600253462117e-03,1.208059494662967097e-03,-2.818014959208124150e-03,-8.189789723651542605e-03,-1.534106335088550321e-02,-2.394242230494627449e-02,2.695654949075142887e-02,7.185655969399522280e-02,3.183334684136410186e-02,1.023091673054745826e-01,-6.068225103001316685e-03,-2.279829454851710346e-02,3.258736279847505024e-01,3.820849078043309643e-01,1.000000000000000000e+00,2.143737550479070386e-01,8.629900862747423573e-02,1.049801968501169608e-01,9.736028053676558380e-02,1.668495251918722388e-01,3.970749360644490467e-02,-3.684293685547365693e-02,1.620654047847532864e-01,-2.240884160961455554e-02,-3.995310746346057706e-02,1.235517209852450005e-01,-2.487222664338289329e-04,5.694391319180134442e-02,1.060857678107342411e-01,1.122672626911480342e-01,4.950508612995960928e-02,9.383891353527901158e-02,1.039343227688757365e-01,6.566880859975786355e-02,4.542466120339726243e-02,2.722531388236124408e-02,2.343497594418386329e-02,3.459393268928528942e-02,-2.250049433125823201e-02,2.404907387871889693e-02,7.888887843398603716e-02,5.217545631215831509e-02,-2.618192858764762168e-02,-1.654745009481167414e-02,5.570982084586626609e-02,3.386471516417662031e-02,-6.517433172363676364e-02,-4.138475665264861048e-02,4.527515432800410800e-02,1.034602354104386182e-02,-5.610657036738170983e-02,-1.886858561346260385e-02,-3.545983347146329512e-02,-2.024759000617634003e-02,-2.789308537064988033e-02,-3.661121410525251113e-02,-8.684853427838220771e-03,-5.191186938184957217e-02,-5.358220414940068760e-02,-4.361899345749851303e-02,-1.841366995510343788e-02,-2.505188424207998796e-02,-8.408586735456237415e-02,-1.223037651198192882e-01,3.786563046238304153e-03,-5.213258308013717091e-02,1.010151781461319370e-01,1.191789622485031098e-02,-2.675459555054343023e-03,3.629650410729857307e-02
-1.413010140146359062e-02,-8.244490058103201222e-03,-5.091501626561751453e-02,-7.179850973183837977e-04,3.549284149798697524e-02,1.563475290832261680e-02,-8.992011533635156520e-04,4.736352665419740759e-02,1.114395780810404080e-01,4.670049732577992441e-02,1.149579265978483700e-01,1.756826663765351515e-01,2.418867344622953053e-01,5.908474021822823774e-01,5.350406537589273981e-01,2.143737550479070386e-01,1.000000000000000000e+00,2.719443752024024441e-01,3.719926854149733370e-02,7.216563683491226955e-02,-9.493242789217233926e-03,6.718792419214189744e-03,5.200651289182123965e-02,8.204628829947147040e-02,6.958560172890840279e-02,8.375533309234906021e-03,8.206777603875931026e-02,1.027372793873372603e-01,7.422523299304173428e-02,1.090806368702366136e-01,6.743714602905168110e-02,2.941590204648486962e-03,2.223291968107752453e-02,6.400855049042969425e-02,-8.459313749760185783e-03,3.269137658455821549e-02,5.254665813671754310e-02,2.808519810960100494e-03,4.722287903089421313e-02,8.631190128653232554e-04,-1.828120486567543640e-02,6.586492162894418438e-04,6.632159967213943630e-02,-3.007310377514414018e-02,-4.460284146215438839e-02,1.007743606204605097e-02,4.086108200264911179e-03,-6.229278319353613591e-02,3.039144208765594615e-02,6.565485923024691473e-02,-3.648986659312618286e-02,-6.353576899268909006e-02,3.196043782868182581e-02,-4.752810229586599405e-03,-6.892556110977497708e-02,-4.715642165394519358e-02,-1.804104306347347267e-02,3.814857354043019785e-03,2.004354769380830431e-02,-6.319073547612698294e-02,4.458376954714550477e-03,1.089722673620663676e-02,7.123332404650768723e-02,-2.396248835238771677e-02,-7.429460047330350980e-02,-1.073051090667367508e-01,-4.232897941678274989e-02,1.489337328330121724e-02,-8.192049911085538816e-02,-1.450142772289764181e-01,-3.465893914164498279e-03
-9.666121045965401365e-03,2.823799616497170688e-03,-2.527965365050518012e-02,1.382107164748964077e-02,5.689389531276833889e-02,3.318281665838449662e-02,2.608381091398752349e-02,-9.674441628300759280e-03,4.827889903931804894e-02,2.852636468791319713e-02,5.095072499352944900e-02,1.255013328498460756e-01,8.644428154305186518e-02,2.769363097163204945e-01,1.066880508042301196e-01,8.629900862747423573e-02,2.719443752024024441e-01,1.000000000000000000e+00,1.331431825928175994e-01,2.572572087612355340e-01,1.000213627714911097e-01,2.582076416463597868e-01,5.549251467538372784e-02,2.161799454297913814e-01,1.164593181426629709e-01,3.110932315349294527e-02,1.242617430704016368e-01,1.267632259426279273e-01,8.048519855851062055e-02,6.367339948396491534e-02,3.929208636363017842e-02,3.017183934734702852e-02,-4.445723110000961847e-03,6.779520548256711548e-03,-2.090241527352076911e-02,-3.368804781793153375e-02,-4.763777592041301689e-02,-5.996168980371517632e-02,7.894477075450660047e-03,-7.566677040927059783e-02,-1.027711367165121958e-01,1.961077382888094800e-02,8.198871674052099490e-02,-4.046356104014020572e-02,-1.255889113542638658e-01,1.605174258059356013e-02,5.309943631990090424e-02,-1.064405684509369537e-01,-7.148971928181158120e-02,4.635181589455472650e-02,-6.766250887575868400e-02,-1.064803247260204949e-01,7.093957941998544833e-03,-2.624661427509920875e-02,-8.370589412581722066e-02,1.273511766274109357e-02,3.513210205590485725e-03,2.743415769137386162e-02,5.962023151554444317e-02,-1.583048800839904902e-02,-9.988871423461718677e-03,-1.376019926799715298e-02,4.552006007969936624e-02,-5.544158250322963472e-02,1.753571851793587003e-02,-8.077997734015091025e-02,-9.960328606299850840e-02,-6.572099626520513937e-02,1.494038708473740575e-02,-1.112937125545608030e-01,1.176141674326297015e-01
-1.413814897347856828e-02,-7.021500272632484260e-03,-5.411562069089546553e-03,2.314760883155146665e-02,3.249655705136028291e-03,5.209371730177939086e-02,-3.425264439521441551e-02,-2.103237325429514748e-02,2.642253045022914179e-02,2.234353905680494523e-02,3.326451879115665394e-02,4.208082040210133629e-02,1.646721360499552034e-02,8.217890462203747415e-02,-2.201040255083874450e-02,1.049801968501169608e-01,3.719926854149733370e-02,1.331431825928175994e-01,1.000000000000000000e+00,2.787136820415200278e-01,2.612439878978212726e-01,1.417141030795436851e-01,-2.900446182650524493e-02,1.730613099641494512e-01,-4.144324815777256088e-02,9.262774760216486644e-03,1.058676532779436602e-01,4.688716458079581623e-02,-8.953124120603703912e-03,1.481372600610612184e-02,9.829277471410559353e-02,5.507718766656794634e-02,6.368160978334147515e-02,3.584075545736468277e-02,6.582189761683109042e-02,6.929375809782160889e-02,-2.940652058635053953e-02,3.953336491427666272e-02,-2.358180116292493342e-02,-2.193778480260021729e-02,-2.628719039080306893e-02,1.422712512348902475e-02,7.381510468373878031e-02,4.981506315152611081e-02,-2.564745584304625389e-02,6.060914906529710211e-02,8.907888819868022001e-02,-2.553107620241104950e-02,-3.015617051323874961e-02,6.245757200412457855e-02,-3.288094858490148847e-02,-2.976414743181756209e-02,2.882118913474624941e-02,-1.380167463892505685e-02,-2.516611800476636560e-02,-4.179390563285544091e-02,-6.592789054515381386e-02,-5.332805301391281561e-02,2.365064059079215533e-02,9.888218202639646737e-02,-5.927561188405858217e-02,-1.699839871340617370e-01,-1.775760461685848279e-01,-2.057655935108112510e-01,-9.787406323239235262e-02,-1.449985002023543822e-02,-2.414913753044959366e-01,-4.895140359729399648e-02,1.373115647890653102e-01,3.750348750070256476e-02,1.104751551059651726e-01
-4.446954433273682047e-03,3.382822804277754811e-03,-2.004441096761015034e-02,3.343722208051370937e-02,3.844555566859141765e-02,4.657406182704316999e-02,-2.118370538639849712e-02,-9.678995408775738218e-03,6.630465480085090402e-02,5.163863858796057665e-02,7.110817177762586427e-02,4.085749191912811662e-02,1.840797480228326469e-02,1.284968263122922838e-01,3.359460290784440500e-02,9.736028053676558380e-02,7.216563683491226955e-02,2.572572087612355340e-01,2.787136820415200278e-01,1.000000000000000000e+00,2.591502484969216424e-01,2.609130993375263774e-01,1.501486206978984161e-01,2.977402036890975379e-01,-4.050113393925397487e-02,-6.951866726899580580e-03,2.144877814304725905e-01,9.125007025681346196e-02,4.611541352358644597e-02,1.343725520883596591e-01,1.840672910238503046e-01,1.183636388925177335e-01,1.291953335056303387e-01,1.387025153061972049e-01,7.036335362652766656e-02,6.511274401333115667e-04,-4.609695484160666185e-02,2.076178256029490715e-02,3.203781493756170662e-02,-4.355448572166933929e-02,-4.115508134937572587e-02,6.099240852022813630e-02,-1.864024899882570085e-02,-3.493664637026489689e-02,-2.345567463683789419e-02,5.591753004758341639e-02,3.912251234679778311e-02,-4.817411893510872845e-02,-5.196873698294807165e-02,-9.147800527931961587e-04,-7.222916021373558537e-02,-6.172225527896565977e-02,-4.022447719848263464e-02,-7.281409163667633411e-02,-8.924078646567919215e-02,1.146436769985681794e-02,-2.513023083988403378e-02,-6.988216239618799674e-02,-5.911408877101709952e-02,-3.685462521352432172e-03,-2.167640816363772260e-01,-1.434756187487359336e-01,-1.246740299889447373e-01,-1.802866568721598339e-01,-8.610015593840668335e-02,3.684075512829522534e-03,-2.102997556654254419e-01,-5.139083189214645880e-02,1.320455373443448766e-01,6.035760250755789653e-03,1.007150043243429938e-01
1.501059264745840428e-02,-6.596539656666934592e-03,5.485142755624716586e-03,1.782717663878172210e-02,-2.782961716133999786e-03,4.042656650361006049e-02,-3.719294946253395157e-02,-3.890328865042192580e-02,4.271436755265197588e-02,2.186098564315606604e-02,3.347370987917985818e-02,-2.039877987956269928e-02,-2.691700937669603416e-02,1.697875789084905135e-02,3.411210997565818082e-02,1.668495251918722388e-01,-9.493242789217233926e-03,1.000213627714911097e-01,2.612439878978212726e-01,2.591502484969216424e-01,1.000000000000000000e+00,1.061277128520981272e-01,-1.926802244347294857e-01,1.323285542628431788e-01,-1.295552357031807267e-01,6.734512688932209334e-02,1.758399764113343366e-01,-1.355972660577996758e-01,-1.007978735003430514e-02,-2.242363751619103410e-02,5.631775027020453211e-02,1.752881929838896388e-02,1.950093046280799297e-02,8.426283278789097834e-04,2.047876457221264879e-02,-3.623395057792840740e-02,-6.448789288075194859e-02,8.675786594859164966e-03,-7.042526962012240176e-03,-6.433128848186427107e-02,-2.230292708741070384e-02,6.341828882352831820e-02,-3.701051001578666011e-02,3.178628503424842794e-02,-2.884470349129262395e-02,4.330877076863581115e-02,9.746351480835377390e-02,-1.161488169931281476e-02,-9.565088080194110443e-02,4.122730945247587292e-02,5.872435965182013634e-02,-2.126929173296216238e-02,-4.772272133144743467e-02,-5.445237243236464991e-02,-3.150826151341739462e-02,-2.245049471977696859e-02,2.141458577672903860e-02,-1.008686252702874556e-02,-2.237716415324077224e-02,8.458490572570429022e-02,-1.196147695097181662e-01,-1.558915806765346634e-01,-1.523739494597532440e-01,-1.195135984195926232e-01,1.054808642739719048e-02,1.598562582631414819e-01,-1.336926563495255127e-01,-1.083452727658579667e-01,1.999985960305362687e-01,2.427332993020347718e-01,1.024039394221519100e-01
-3.179160156306586049e-02,-3.903751105203033794e-03,-3.039485324928481100e-02,3.439015896363784713e-02,2.197095903224928135e-02,5.246874746743229040e-02,3.180993554051685795e-02,-2.190716061965215095e-02,-9.055730478655621765e-03,2.266044914384720416e-02,-1.545225040074694849e-02,6.759558485703806574e-02,-1.069006645013318921e-02,3.807322315600199236e-02,-1.229562616040313916e-02,3.970749360644490467e-02,6.718792419214189744e-03,2.582076416463597868e-01,1.417141030795436851e-01,2.609130993375263774e-01,1.061277128520981272e-01,1.000000000000000000e+00,6.498477085137822906e-02,3.109139978332280396e-01,9.966137257361376567e-02,-1.950171636233655886e-02,1.121257471004544759e-01,2.226472008705173422e-01,9.985588553188397276e-02,6.919841471854228099e-02,1.679943338878849834e-01,1.260591840976391931e-01,1.139545391710225369e-01,8.058599190090828812e-02,4.941489579744108053e-03,9.795210397182865097e-03,-3.603774834454044618e-02,2.656653396379669504e-02,5.804730601542648638e-02,-5.354926394854780253e-02,4.409628665613655324e-02,3.888779960546030756e-02,-2.588906462413765805e-02,-6.796746848796123008e-02,-7.936749970127799161e-03,3.520435054512911777e-02,-4.401119537208941779e-02,-7.889417091549734418e-02,-6.830875909315881067e-02,2.291028904370301378e-03,-9.660365869660980653e-02,-9.670798199093066927e-02,-6.125410338944215632e-02,-1.233919609551884788e-01,-8.433966007361894113e-02,-3.908978270674703243e-02,-3.607973889052187855e-02,-5.198864050882488763e-02,-4.422071733741258365e-02,-8.923782804695813350e-03,-6.688466341029274120e-02,-5.493441155995792968e-02,-3.796309307706309533e-02,-1.396368783524144785e-01,-3.214319142322966116e-02,-1.399760668281916642e-01,-1.622285759383592096e-01,-7.215930779741758228e-02,4.928218344884417734e-02,-1.510639898036804929e-01,1.314636322363351151e-01
