1.000000000000000000e+00,4.409253072912743265e-01,3.560608724983851947e-01,2.098510680275286477e-01,1.286547779340249109e-01,6.698663405697552475e-02,1.343519659593293489e-02,-1.815260188542381845e-02,-5.204436014270216043e-02,-5.898088990527886044e-02,-3.310330441593660467e-02,2.284015989548807829e-02,-5.466554327277716591e-02,-6.472778175867226202e-02,-7.152945271990480448e-03,-2.697910501166331590e-02,-3.611031136477205888e-02,-2.426431176880262941e-02,8.326854469052957786e-03,-1.277881978230772930e-02,1.575546756130539626e-03,4.849170573395485476e-03,1.296862449036100332e-02,-8.662274432576601898e-04,1.822280741438073864e-02,-3.060453853322326820e-02,-7.608377930855714927e-04,2.106413675494500995e-02,-2.767951717487483754e-02,-4.855725396186519327e-02,-1.061529885988649752e-01,-4.735158176241943684e-02
4.409253072912743265e-01,1.000000000000000000e+00,5.602852912397090490e-01,1.776370795560132665e-01,1.909257019288252422e-01,6.335218661407855667e-02,3.048522777064105807e-02,-2.733980726223157048e-02,-7.590927899031443826e-02,-7.270219928774955542e-02,2.898015320377138673e-02,3.996989085398571298e-03,-1.405286170555702235e-02,-4.180718835603029065e-02,-7.161701646319748593e-02,-3.391877843610453802e-02,-3.748428692283061608e-02,-5.882839914938906706e-02,-1.522076464463188727e-02,-5.331509271283908780e-02,4.297226160976795606e-03,1.656231339217112755e-02,3.958630805293187477e-02,-9.887469442640845277e-03,-2.615295686777193221e-02,-3.691813773530765869e-02,-4.362672967420807429e-02,1.555629271602631050e-02,-9.700458144237920910e-02,-8.449257430334099206e-02,-1.445283132062504805e-01,-1.117437307647502626e-01
3.560608724983851947e-01,5.602852912397090490e-01,1.000000000000000000e+00,4.623285943059056158e-01,1.859246345524624699e-01,1.003251747349664380e-01,5.293415447228942000e-02,-9.793420918788075732e-03,-7.614238728249862753e-02,-9.750407044390128897e-02,-2.582943837812617591e-02,-3.529859288538698958e-02,-9.116775559729811684e-02,-5.406188061320985061e-02,-5.515016474218562004e-02,-5.741350450690967805e-02,-2.778737325934444585e-02,-3.172384529702748646e-02,2.221853607418099175e-02,-4.918564639624008888e-02,-1.531905128535531943e-02,4.163191976196837368e-02,6.206934646029452912e-02,-1.657822640121093052e-02,1.774359183994973430e-02,-5.629674694824002290e-02,2.121964689975949694e-03,3.569362204411909850e-02,-7.771826447859686571e-02,-7.193737491275729867e-02,-1.392132800410810778e-01,-9.931483489723044733e-02
2.098510680275286477e-01,1.776370795560132665e-01,4.623285943059056158e-01,1.000000000000000000e+00,3.646153679494312794e-01,7.555359929030038002e-02,2.593795272509887700e-02,-4.295911919049185540e-02,-9.312951716949854908e-02,-1.256793572824816962e-01,-4.088984125195763153e-02,2.676950847891522434e-02,-1.383663326595915323e-02,-2.814678227568108166e-03,-5.688291322709105799e-03,4.621170836473633553e-02,6.236923884236060533e-02,4.420231874498958130e-02,5.028488155232166412e-02,-7.411814772248377647e-02,-4.749813762274885526e-02,-4.982029243404762636e-02,-3.594681999369687009e-03,8.093365212499125869e-03,5.506504395878146843e-03,-1.327091676818982213e-01,-7.546758246175264140e-02,-6.893786724882401684e-02,-8.763488608702099669e-02,-3.203849330138035245e-02,-8.611204817420124724e-02,-1.052980594036617701e-01
1.286547779340249109e-01,1.909257019288252422e-01,1.859246345524624699e-01,3.646153679494312794e-01,1.000000000000000000e+00,4.169522581276154938e-01,7.921100610019629618e-02,-4.278344782113677885e-02,-1.362181511959285607e-01,-1.535536747766747534e-01,-3.317108585771027379e-02,-4.587918655047715233e-02,-2.575266991006785675e-02,-4.869192094557605460e-02,-1.031920171718190421e-01,-3.959853068756655908e-02,3.216009719695931551e-02,-1.850348632780849127e-03,-6.721699810713308021e-02,-1.088908207925830401e-01,-2.368748774220990824e-02,-3.269533557661238876e-02,1.310304498214417274e-02,-9.587815625262752564e-03,-1.300055648995750504e-02,-8.542138080247667353e-02,-1.024659448250398452e-01,-4.409405364734760718e-02,-3.739595849116932047e-02,1.313757441676553783e-02,-1.070131517047872849e-01,-1.061479459159925531e-01
6.698663405697552475e-02,6.335218661407855667e-02,1.003251747349664380e-01,7.555359929030038002e-02,4.169522581276154938e-01,1.000000000000000000e+00,4.204303336028065718e-01,1.521812005334846896e-01,-6.580417086467849064e-02,-9.537509579788819303e-02,-1.099616552590097635e-01,-1.373880455339130391e-01,-7.019912844447173672e-02,-4.672802216963629907e-02,-7.618757263784282918e-02,-9.626333723651109286e-02,-1.182289911305610744e-02,-9.610753660150889340e-04,-9.184589940430601396e-02,-1.060253519557832758e-01,-1.179417056454084706e-01,-6.742811857382638441e-02,-6.522373354089047726e-02,-8.212831751894796029e-02,5.035204049762531664e-02,-1.559850872581397020e-02,-1.005445857585374886e-02,-6.424720503238320890e-03,9.978756196517078736e-03,2.328281959271474855e-02,-4.065229041519580200e-02,-5.400564934377467818e-02
1.343519659593293489e-02,3.048522777064105807e-02,5.293415447228942000e-02,2.593795272509887700e-02,7.921100610019629618e-02,4.204303336028065718e-01,1.000000000000000000e+00,3.873783652069080485e-01,6.197532785622961171e-02,-8.939431672355463432e-02,-1.237147325536762099e-01,-1.485113678348813082e-01,-1.331396000118261480e-01,6.262689166919553629e-02,-4.230423111385449297e-02,3.672618764082096962e-04,3.386516652657686061e-02,1.556448805897070985e-02,-5.456492289571328314e-02,-6.406464556664695498e-02,-1.934389922057533628e-01,-1.135514290621028322e-01,-1.175879397123945763e-01,-3.240803436596708526e-02,1.679460516075436533e-02,-4.363791451924741577e-02,-3.440110233248545174e-02,-1.070584149242318761e-01,1.383624231631315309e-02,-4.987080422053805084e-02,-8.205013428653681884e-02,-3.820104101231967114e-02
-1.815260188542381845e-02,-2.733980726223157048e-02,-9.793420918788075732e-03,-4.295911919049185540e-02,-4.278344782113677885e-02,1.521812005334846896e-01,3.873783652069080485e-01,1.000000000000000000e+00,4.940201615078851360e-01,4.217487248291762469e-02,-1.329254464058829688e-01,-1.114668721220127556e-01,-7.040945695695553785e-02,-3.746891688200698275e-03,-1.062301946699526489e-01,-5.974375773869353146e-02,2.247602481312880110e-02,-2.004631285029212159e-02,-6.924781398165150148e-02,-4.446270318667656929e-02,-1.499031539194772555e-01,-1.134016024760003266e-01,-1.835533191855663049e-01,-8.104522369496752754e-02,2.998576553191554736e-02,1.720087995621426280e-02,3.173231035011919721e-02,-6.703326547508900099e-03,6.592625020293799154e-03,-6.770363451416377965e-02,-7.099335533344423854e-02,-3.274625722694178565e-02
-5.204436014270216043e-02,-7.590927899031443826e-02,-7.614238728249862753e-02,-9.312951716949854908e-02,-1.362181511959285607e-01,-6.580417086467849064e-02,6.197532785622961171e-02,4.940201615078851360e-01,1.000000000000000000e+00,3.511530193176595205e-01,-2.764083103429314930e-02,-6.195882477176640341e-02,5.392219103181632167e-02,-7.911316810127760890e-02,-1.293132417243890719e-01,-6.785965874547347787e-02,-5.184016850433866008e-02,-8.531002788463490361e-02,-4.622164147965612813e-02,-1.097653705867044846e-02,-1.174741358246982198e-01,-1.356801201106427324e-01,-2.099420988447573966e-01,-1.237429589522171108e-01,1.443810580265561527e-02,3.303473542439893523e-02,4.211518133344833298e-02,-6.287847132107996255e-04,-2.328793649316658956e-02,-5.447960054758058113e-02,-2.004471500863393152e-02,-3.240495228406223283e-02
-5.898088990527886044e-02,-7.270219928774955542e-02,-9.750407044390128897e-02,-1.256793572824816962e-01,-1.535536747766747534e-01,-9.537509579788819303e-02,-8.939431672355463432e-02,4.217487248291762469e-02,3.511530193176595205e-01,1.000000000000000000e+00,4.395220980402644306e-01,3.790856189247571173e-02,1.486193469302548309e-01,8.053717324249016693e-03,-6.069737356515815530e-02,-1.059074350336880049e-01,-1.230033904138887330e-01,-1.703569605273439758e-01,-9.391633918057276653e-02,1.838403318372632336e-02,-2.791817008560727471e-03,-5.600494443371230313e-02,-5.841570745802428244e-02,-1.108909864022304265e-01,-7.743667696784251042e-02,-1.497245712765497491e-02,-7.618321756162911573e-02,4.163425185575823917e-03,2.075175383201201956e-04,-6.407457449635242663e-02,5.483527047780489133e-02,1.867613317611671944e-02
-3.310330441593660467e-02,2.898015320377138673e-02,-2.582943837812617591e-02,-4.088984125195763153e-02,-3.317108585771027379e-02,-1.099616552590097635e-01,-1.237147325536762099e-01,-1.329254464058829688e-01,-2.764083103429314930e-02,4.395220980402644306e-01,1.000000000000000000e+00,3.808142302435562621e-01,2.240521443306006111e-01,1.006226635280833004e-01,1.024203821765350408e-01,-1.436835841335149487e-02,-1.279601430704521148e-01,-1.408246154847860032e-01,-8.543918972541830748e-02,-2.862150706255477128e-02,1.798652152731411435e-02,-1.635636107384121768e-02,3.039597328425598308e-02,-7.501125333814739893e-02,-1.414901863520434677e-01,-8.594099042097251562e-02,-1.262285238984393876e-01,-3.883768306483352528e-02,-1.058929285406896292e-01,-1.412822094393988426e-01,-3.957536557207576300e-02,-6.130401957642911404e-02
2.284015989548807829e-02,3.996989085398571298e-03,-3.529859288538698958e-02,2.676950847891522434e-02,-4.587918655047715233e-02,-1.373880455339130391e-01,-1.485113678348813082e-01,-1.114668721220127556e-01,-6.195882477176640341e-02,3.790856189247571173e-02,3.808142302435562621e-01,1.000000000000000000e+00,4.058737845179185011e-01,1.877274913224365738e-01,4.534648422349908392e-01,2.247886221242558769e-01,-3.142414366335026521e-02,-9.323117077011404408e-02,-7.821219003377090362e-02,-1.110106303737609934e-01,-4.559131175689593030e-02,-1.474877271947357994e-02,2.469802696456572730e-02,1.600265328056047626e-02,-9.567828182060812703e-02,-2.550182916142536976e-02,-9.823569408499134570e-02,-7.754676342504170095e-02,-1.203291934937001928e-01,-6.656699973683738447e-02,-1.948678621644035856e-03,-5.833510480556686195e-02
-5.466554327277716591e-02,-1.405286170555702235e-02,-9.116775559729811684e-02,-1.383663326595915323e-02,-2.575266991006785675e-02,-7.019912844447173672e-02,-1.331396000118261480e-01,-7.040945695695553785e-02,5.392219103181632167e-02,1.486193469302548309e-01,2.240521443306006111e-01,4.058737845179185011e-01,1.000000000000000000e+00,3.511996077506197023e-01,2.090871503146242427e-01,3.120990719859061402e-01,1.073978496513069841e-01,4.897333610477640903e-02,-1.084380541656616709e-01,-1.747456686091042322e-01,-9.489487986988991153e-02,-1.073096258917325130e-01,-3.665895621554235428e-02,-6.203138894778058299e-02,-5.995058485543101889e-02,-2.541843414268150914e-02,-1.230627681138165286e-01,-6.774275834840419452e-02,-8.398030694509588112e-02,-7.057808420195926802e-02,-1.987205013659250688e-02,-6.516847397664089769e-02
-6.472778175867226202e-02,-4.180718835603029065e-02,-5.406188061320985061e-02,-2.814678227568108166e-03,-4.869192094557605460e-02,-4.672802216963629907e-02,6.262689166919553629e-02,-3.746891688200698275e-03,-7.911316810127760890e-02,8.053717324249016693e-03,1.006226635280833004e-01,1.877274913224365738e-01,3.511996077506197023e-01,1.000000000000000000e+00,4.061112443337527300e-01,3.221917896191997532e-01,6.678913759062600486e-02,1.808715572457166368e-02,-6.745192472903592529e-02,-1.227825257901283829e-01,-9.926069545867978461e-02,-2.436932510163693916e-02,4.868099893858569144e-02,2.891582906231366518e-02,-9.920292519476296700e-02,-1.264358487210356929e-01,-1.407303722929948431e-01,-1.387312245752487516e-01,-7.913797252005351501e-02,-5.739548192259925213e-02,-1.963560632371692816e-02,-8.563058310302326063e-04
-7.152945271990480448e-03,-7.161701646319748593e-02,-5.515016474218562004e-02,-5.688291322709105799e-03,-1.031920171718190421e-01,-7.618757263784282918e-02,-4.230423111385449297e-02,-1.062301946699526489e-01,-1.293132417243890719e-01,-6.069737356515815530e-02,1.024203821765350408e-01,4.534648422349908392e-01,2.090871503146242427e-01,4.061112443337527300e-01,1.000000000000000000e+00,3.973893218046454789e-01,4.082700380633315362e-02,2.555833837709467482e-02,-1.690592426881351584e-02,-4.240597774280676496e-02,-7.025342630308148428e-02,-2.511063926864183157e-02,2.753676653009056938e-02,3.579029482453494754e-02,-9.801620408234010262e-02,-7.532351665460129686e-02,-1.026892368579593040e-01,-1.160330376905044647e-01,-5.887644478645550489e-02,-5.933037923272262149e-02,4.955924629829268346e-02,3.822061233136685859e-02
-2.697910501166331590e-02,-3.391877843610453802e-02,-5.741350450690967805e-02,4.621170836473633553e-02,-3.959853068756655908e-02,-9.626333723651109286e-02,3.672618764082096962e-04,-5.974375773869353146e-02,-6.785965874547347787e-02,-1.059074350336880049e-01,-1.436835841335149487e-02,2.247886221242558769e-01,3.120990719859061402e-01,3.221917896191997532e-01,3.973893218046454789e-01,1.000000000000000000e+00,4.556852390609037462e-01,2.213487153586263800e-01,-1.915829289183538847e-03,-1.004264104869298929e-01,-1.085365530732069345e-01,-2.168045653528929625e-02,-4.055595127608205286e-02,6.293413369072670127e-02,-1.191036548161957531e-01,-1.252091274975672686e-01,-1.039516781592209893e-01,-1.061274881591020014e-01,-6.992877593240971745e-02,-7.027490992034560180e-02,1.545876564182978655e-02,6.568838070943181472e-03
-3.611031136477205888e-02,-3.748428692283061608e-02,-2.778737325934444585e-02,6.236923884236060533e-02,3.216009719695931551e-02,-1.182289911305610744e-02,3.386516652657686061e-02,2.247602481312880110e-02,-5.184016850433866008e-02,-1.230033904138887330e-01,-1.279601430704521148e-01,-3.142414366335026521e-02,1.073978496513069841e-01,6.678913759062600486e-02,4.082700380633315362e-02,4.556852390609037462e-01,1.000000000000000000e+00,5.664994018666349440e-01,1.042180496972807680e-01,-1.310587983799512413e-01,-1.441144632595279529e-01,-7.461037933697851898e-02,-1.039193854641052434e-01,-3.077509798822414874e-03,-5.323265036641729869e-02,-1.216343367663577646e-01,-4.224171310277775870e-02,-7.685271301509383202e-02,-2.722255096414426603e-03,-3.451148365347934954e-02,-3.448458825051733956e-02,3.428861493429178980e-04
-2.426431176880262941e-02,-5.882839914938906706e-02,-3.172384529702748646e-02,4.420231874498958130e-02,-1.850348632780849127e-03,-9.610753660150889340e-04,1.556448805897070985e-02,-2.004631285029212159e-02,-8.531002788463490361e-02,-1.703569605273439758e-01,-1.408246154847860032e-01,-9.323117077011404408e-02,4.897333610477640903e-02,1.808715572457166368e-02,2.555833837709467482e-02,2.213487153586263800e-01,5.664994018666349440e-01,1.000000000000000000e+00,3.918366989029084535e-01,-6.990953411910759419e-02,-1.138369995614897795e-01,-1.071049469968244627e-01,-1.571657459365716214e-01,-4.488697779789204562e-02,-3.877332165237388703e-03,-1.048680196830741179e-01,-2.931085555448521840e-02,-4.390834962856916823e-02,3.070054809331321591e-02,-3.621738736976114897e-02,-3.114317984897082420e-02,-5.945159008769616317e-03
8.326854469052957786e-03,-1.522076464463188727e-02,2.221853607418099175e-02,5.028488155232166412e-02,-6.721699810713308021e-02,-9.184589940430601396e-02,-5.456492289571328314e-02,-6.924781398165150148e-02,-4.622164147965612813e-02,-9.391633918057276653e-02,-8.543918972541830748e-02,-7.821219003377090362e-02,-1.084380541656616709e-01,-6.745192472903592529e-02,-1.690592426881351584e-02,-1.915829289183538847e-03,1.042180496972807680e-01,3.918366989029084535e-01,1.000000000000000000e+00,4.253175398061722623e-01,3.343288521731265645e-02,-8.615736470560018956e-02,-1.962790388258664198e-01,-9.366314431545602615e-02,-1.456043226386550919e-02,-8.212455535791327033e-02,-1.130823090332764473e-03,-3.993218881012795818e-02,2.174362384336967630e-02,3.379017641242623715e-02,3.040176828600640868e-02,2.541703660637721282e-02
-1.277881978230772930e-02,-5.331509271283908780e-02,-4.918564639624008888e-02,-7.411814772248377647e-02,-1.088908207925830401e-01,-1.060253519557832758e-01,-6.406464556664695498e-02,-4.446270318667656929e-02,-1.097653705867044846e-02,1.838403318372632336e-02,-2.862150706255477128e-02,-1.110106303737609934e-01,-1.747456686091042322e-01,-1.227825257901283829e-01,-4.240597774280676496e-02,-1.004264104869298929e-01,-1.310587983799512413e-01,-6.990953411910759419e-02,4.253175398061722623e-01,1.000000000000000000e+00,3.153666208232482893e-01,2.787530535234037949e-03,-9.222347005762407401e-02,-6.142241840900885402e-02,-4.891080100623418359e-02,-1.983358524920417892e-02,5.120142172988372681e-02,-7.856208964294818633e-05,3.776209230619057000e-02,7.715530779078925983e-02,8.951513202974015204e-02,6.698007890519690199e-02
1.575546756130539626e-03,4.297226160976795606e-03,-1.531905128535531943e-02,-4.749813762274885526e-02,-2.368748774220990824e-02,-1.179417056454084706e-01,-1.934389922057533628e-01,-1.499031539194772555e-01,-1.174741358246982198e-01,-2.791817008560727471e-03,1.798652152731411435e-02,-4.559131175689593030e-02,-9.489487986988991153e-02,-9.926069545867978461e-02,-7.025342630308148428e-02,-1.085365530732069345e-01,-1.441144632595279529e-01,-1.138369995614897795e-01,3.343288521731265645e-02,3.153666208232482893e-01,1.000000000000000000e+00,4.436969263562952071e-01,1.902425478078826893e-01,1.138016897386880458e-02,-8.538832627706444134e-02,-9.540500540037669119e-02,-5.185824872870743729e-02,1.907955783900504992e-02,-1.143726740712494930e-02,5.489842732572589729e-02,5.674986703353845918e-02,5.056626119505035211e-02
4.849170573395485476e-03,1.656231339217112755e-02,4.163191976196837368e-02,-4.982029243404762636e-02,-3.269533557661238876e-02,-6.742811857382638441e-02,-1.135514290621028322e-01,-1.134016024760003266e-01,-1.356801201106427324e-01,-5.600494443371230313e-02,-1.635636107384121768e-02,-1.474877271947357994e-02,-1.073096258917325130e-01,-2.436932510163693916e-02,-2.511063926864183157e-02,-2.168045653528929625e-02,-7.461037933697851898e-02,-1.071049469968244627e-01,-8.615736470560018956e-02,2.787530535234037949e-03,4.436969263562952071e-01,1.000000000000000000e+00,4.985629550349883199e-01,1.992988112759164765e-01,-1.179480109839970044e-02,7.550115940950977329e-03,-2.593897519414982769e-02,4.578223910061086574e-03,-4.599259943757195990e-02,4.909401474067444024e-03,3.862836197190831072e-02,4.932034359011998326e-02
1.296862449036100332e-02,3.958630805293187477e-02,6.206934646029452912e-02,-3.594681999369687009e-03,1.310304498214417274e-02,-6.522373354089047726e-02,-1.175879397123945763e-01,-1.835533191855663049e-01,-2.099420988447573966e-01,-5.841570745802428244e-02,3.039597328425598308e-02,2.469802696456572730e-02,-3.665895621554235428e-02,4.868099893858569144e-02,2.753676653009056938e-02,-4.055595127608205286e-02,-1.039193854641052434e-01,-1.571657459365716214e-01,-1.962790388258664198e-01,-9.222347005762407401e-02,1.902425478078826893e-01,4.985629550349883199e-01,1.000000000000000000e+00,4.026361195383591496e-01,8.270318835487296127e-02,-3.681865158570370167e-02,-9.632945061991267377e-02,-5.081144211735965505e-02,-1.453390739146458999e-01,-2.036682042034713286e-02,1.783259575863922752e-02,4.041263096961566353e-02
-8.662274432576601898e-04,-9.887469442640845277e-03,-1.657822640121093052e-02,8.093365212499125869e-03,-9.587815625262752564e-03,-8.212831751894796029e-02,-3.240803436596708526e-02,-8.104522369496752754e-02,-1.237429589522171108e-01,-1.108909864022304265e-01,-7.501125333814739893e-02,1.600265328056047626e-02,-6.203138894778058299e-02,2.891582906231366518e-02,3.579029482453494754e-02,6.293413369072670127e-02,-3.077509798822414874e-03,-4.488697779789204562e-02,-9.366314431545602615e-02,-6.142241840900885402e-02,1.138016897386880458e-02,1.992988112759164765e-01,4.026361195383591496e-01,1.000000000000000000e+00,4.208753154492077542e-01,1.528752198550167030e-01,4.863263213550319403e-02,-1.654167060101958131e-01,-1.825585192752685049e-01,-1.087521663665375338e-01,-2.370040611755643012e-02,-2.817084241233255154e-02
1.822280741438073864e-02,-2.615295686777193221e-02,1.774359183994973430e-02,5.506504395878146843e-03,-1.300055648995750504e-02,5.035204049762531664e-02,1.679460516075436533e-02,2.998576553191554736e-02,1.443810580265561527e-02,-7.743667696784251042e-02,-1.414901863520434677e-01,-9.567828182060812703e-02,-5.995058485543101889e-02,-9.920292519476296700e-02,-9.801620408234010262e-02,-1.191036548161957531e-01,-5.323265036641729869e-02,-3.877332165237388703e-03,-1.456043226386550919e-02,-4.891080100623418359e-02,-8.538832627706444134e-02,-1.179480109839970044e-02,8.270318835487296127e-02,4.208753154492077542e-01,1.000000000000000000e+00,4.641249456595378797e-01,1.757565535436086956e-01,-1.081139386197496333e-01,-1.021894149568529780e-01,-5.469861335116644324e-02,-3.225101716999817514e-02,-2.506414675216179708e-02
-3.060453853322326820e-02,-3.691813773530765869e-02,-5.629674694824002290e-02,-1.327091676818982213e-01,-8.542138080247667353e-02,-1.559850872581397020e-02,-4.363791451924741577e-02,1.720087995621426280e-02,3.303473542439893523e-02,-1.497245712765497491e-02,-8.594099042097251562e-02,-2.550182916142536976e-02,-2.541843414268150914e-02,-1.264358487210356929e-01,-7.532351665460129686e-02,-1.252091274975672686e-01,-1.216343367663577646e-01,-1.048680196830741179e-01,-8.212455535791327033e-02,-1.983358524920417892e-02,-9.540500540037669119e-02,7.550115940950977329e-03,-3.681865158570370167e-02,1.528752198550167030e-01,4.641249456595378797e-01,1.000000000000000000e+00,3.965989391261230401e-01,5.755324492010173432e-02,9.875819329515730938e-02,4.584219580062656035e-02,1.259411347972041149e-03,7.878145883893813636e-03
-7.608377930855714927e-04,-4.362672967420807429e-02,2.121964689975949694e-03,-7.546758246175264140e-02,-1.024659448250398452e-01,-1.005445857585374886e-02,-3.440110233248545174e-02,3.173231035011919721e-02,4.211518133344833298e-02,-7.618321756162911573e-02,-1.262285238984393876e-01,-9.823569408499134570e-02,-1.230627681138165286e-01,-1.407303722929948431e-01,-1.026892368579593040e-01,-1.039516781592209893e-01,-4.224171310277775870e-02,-2.931085555448521840e-02,-1.130823090332764473e-03,5.120142172988372681e-02,-5.185824872870743729e-02,-2.593897519414982769e-02,-9.632945061991267377e-02,4.863263213550319403e-02,1.757565535436086956e-01,3.965989391261230401e-01,1.000000000000000000e+00,4.399008460298983736e-01,7.788092964521844963e-02,2.125591003442882931e-01,1.032592023516711865e-01,7.768948130549477304e-02
2.106413675494500995e-02,1.555629271602631050e-02,3.569362204411909850e-02,-6.893786724882401684e-02,-4.409405364734760718e-02,-6.424720503238320890e-03,-1.070584149242318761e-01,-6.703326547508900099e-03,-6.287847132107996255e-04,4.163425185575823917e-03,-3.883768306483352528e-02,-7.754676342504170095e-02,-6.774275834840419452e-02,-1.387312245752487516e-01,-1.160330376905044647e-01,-1.061274881591020014e-01,-7.685271301509383202e-02,-4.390834962856916823e-02,-3.993218881012795818e-02,-7.856208964294818633e-05,1.907955783900504992e-02,4.578223910061086574e-03,-5.081144211735965505e-02,-1.654167060101958131e-01,-1.081139386197496333e-01,5.755324492010173432e-02,4.399008460298983736e-01,1.000000000000000000e+00,3.853407696319023912e-01,3.002023603001535146e-01,1.356226845497324751e-01,9.936496189270752066e-02
-2.767951717487483754e-02,-9.700458144237920910e-02,-7.771826447859686571e-02,-8.763488608702099669e-02,-3.739595849116932047e-02,9.978756196517078736e-03,1.383624231631315309e-02,6.592625020293799154e-03,-2.328793649316658956e-02,2.075175383201201956e-04,-1.058929285406896292e-01,-1.203291934937001928e-01,-8.398030694509588112e-02,-7.913797252005351501e-02,-5.887644478645550489e-02,-6.992877593240971745e-02,-2.722255096414426603e-03,3.070054809331321591e-02,2.174362384336967630e-02,3.776209230619057000e-02,-1.143726740712494930e-02,-4.599259943757195990e-02,-1.453390739146458999e-01,-1.825585192752685049e-01,-1.021894149568529780e-01,9.875819329515730938e-02,7.788092964521844963e-02,3.853407696319023912e-01,1.000000000000000000e+00,3.858156354165553914e-01,1.425441454454311752e-01,1.716897339200951500e-01
-4.855725396186519327e-02,-8.449257430334099206e-02,-7.193737491275729867e-02,-3.203849330138035245e-02,1.313757441676553783e-02,2.328281959271474855e-02,-4.987080422053805084e-02,-6.770363451416377965e-02,-5.447960054758058113e-02,-6.407457449635242663e-02,-1.412822094393988426e-01,-6.656699973683738447e-02,-7.057808420195926802e-02,-5.739548192259925213e-02,-5.933037923272262149e-02,-7.027490992034560180e-02,-3.451148365347934954e-02,-3.621738736976114897e-02,3.379017641242623715e-02,7.715530779078925983e-02,5.489842732572589729e-02,4.909401474067444024e-03,-2.036682042034713286e-02,-1.087521663665375338e-01,-5.469861335116644324e-02,4.584219580062656035e-02,2.125591003442882931e-01,3.002023603001535146e-01,3.858156354165553914e-01,1.000000000000000000e+00,4.328456297302644140e-01,2.408116379137863194e-01
-1.061529885988649752e-01,-1.445283132062504805e-01,-1.392132800410810778e-01,-8.611204817420124724e-02,-1.070131517047872849e-01,-4.065229041519580200e-02,-8.205013428653681884e-02,-7.099335533344423854e-02,-2.004471500863393152e-02,5.483527047780489133e-02,-3.957536557207576300e-02,-1.948678621644035856e-03,-1.987205013659250688e-02,-1.963560632371692816e-02,4.955924629829268346e-02,1.545876564182978655e-02,-3.448458825051733956e-02,-3.114317984897082420e-02,3.040176828600640868e-02,8.951513202974015204e-02,5.674986703353845918e-02,3.862836197190831072e-02,1.783259575863922752e-02,-2.370040611755643012e-02,-3.225101716999817514e-02,1.259411347972041149e-03,1.032592023516711865e-01,1.356226845497324751e-01,1.425441454454311752e-01,4.328456297302644140e-01,1.000000000000000000e+00,4.206141882406843613e-01
-4.735158176241943684e-02,-1.117437307647502626e-01,-9.931483489723044733e-02,-1.052980594036617701e-01,-1.061479459159925531e-01,-5.400564934377467818e-02,-3.820104101231967114e-02,-3.274625722694178565e-02,-3.240495228406223283e-02,1.867613317611671944e-02,-6.130401957642911404e-02,-5.833510480556686195e-02,-6.516847397664089769e-02,-8.563058310302326063e-04,3.822061233136685859e-02,6.568838070943181472e-03,3.428861493429178980e-04,-5.945159008769616317e-03,2.541703660637721282e-02,6.698007890519690199e-02,5.056626119505035211e-02,4.932034359011998326e-02,4.041263096961566353e-02,-2.817084241233255154e-02,-2.506414675216179708e-02,7.878145883893813636e-03,7.768948130549477304e-02,9.936496189270752066e-02,1.716897339200951500e-01,2.408116379137863194e-01,4.206141882406843613e-01,1.000000000000000000e+00
