1.000000000000000000e+00,3.403082358068033053e-01,3.852284816737429618e-01,3.582527457598490006e-01,2.622389220106869923e-01,2.043450617917884626e-01,2.806364505954480060e-01,1.026176854437896718e-01,7.032702740828833399e-02,2.635556457401006525e-01,4.767761152961664389e-02,1.739670225957631530e-02,-3.667374224620967987e-02,-2.164487054446372072e-01,-6.774965005980940203e-02,-7.744905729242680670e-02,-1.141020682725242125e-01,-5.301855990143704289e-02,-1.205631808224782997e-01,-7.533872963061606642e-02,-3.828481739143518164e-02,-1.403938701749319617e-01,2.207319236156959213e-02,1.449279570381944715e-01,1.642330808644552886e-01,5.993626269628912068e-02,-8.010110891079613715e-02,-1.132486171208340470e-01,-4.818663151280989237e-02,-7.208662527104217621e-02,-8.513953871292674613e-02,-1.581777337636166431e-02,-6.308496030872172422e-02,9.598133817905465590e-03,9.933061900483174111e-02,1.449703562143655755e-01,1.491474506014616175e-01,-1.842449261288194029e-02,3.620554583688888241e-03,1.075232748368947222e-01,-2.765340418971395930e-02,-3.824776879074003044e-02,-7.091894941507112353e-03,6.880041932104382328e-03,1.263181254586931423e-01,1.236471060163008839e-01,-4.932423783688277136e-02,1.267178574153967063e-01,-2.067693917359373149e-03,1.725363986670097882e-01,6.425762919792102346e-02,-4.326314203893306259e-02,-7.168179721260235782e-02,-1.384563379799394756e-01,-9.419162361354793678e-02,-1.897022468522931854e-02,5.992423806444448914e-02,-5.382381574305006994e-02,7.701827198756078241e-02,-1.214392239562333414e-02,-4.807676865267310889e-02,-3.909073179006581494e-02,-1.618013101600050338e-02,-2.757575741459358451e-02,3.003616013249182579e-02,-6.154056012137488346e-02
3.403082358068033053e-01,1.000000000000000000e+00,3.271835675289350709e-01,2.771264387381134342e-01,3.484387439887697280e-01,1.372763292886359510e-01,2.559540962736634451e-01,9.069227497299534035e-02,6.912415518040043727e-02,2.433383103347958598e-01,5.047768331053370527e-02,1.248459427798157169e-02,-5.030346506457507305e-02,-1.965202443667217469e-01,-7.254241832762903242e-02,-1.136940413303521719e-01,-1.291877412788557389e-01,-5.754679928414568879e-02,-9.359614050638974392e-02,-4.431790013762386404e-02,-4.595859289988395158e-02,-1.328336826331926734e-01,2.046014271797131148e-02,1.268401142571194129e-01,1.472863548302674741e-01,1.719229148961889941e-02,-9.714640696579272816e-02,-1.117910335221719009e-01,-6.871941398402185708e-02,-1.252061926310855111e-01,-1.140432455906659759e-01,-4.641540382058057662e-02,-9.422313792584924297e-02,3.277366112848043023e-02,5.574166415912344685e-02,1.118261682575369120e-01,1.341376992466800089e-01,2.210796033427265758e-02,2.723714413996999179e-02,1.291947601542559887e-01,-5.669969626570245391e-02,-3.050300854912761303e-02,9.074222346877422463e-03,8.380510546585651088e-02,1.721509991869430989e-01,8.852533470673366878e-02,-2.083293787735382430e-02,1.593610430285751223e-01,2.186606960715680587e-02,1.327444526391424184e-01,6.861654539675271502e-02,-1.069570071291246621e-01,-8.211945730052060133e-02,-1.145514909559081640e-01,-8.796943004414546630e-02,-1.036701368562713017e-03,8.178228179986729574e-02,-2.531925389754993705e-02,8.208367129307496401e-02,-1.583236579556181883e-02,-4.149521533417285107e-02,-8.397884151298691535e-02,-3.601392754044203254e-02,-7.430246116677582252e-03,1.842644684038036509e-02,-4.561611833884442191e-02
3.852284816737429618e-01,3.271835675289350709e-01,1.000000000000000000e+00,3.262255159598017040e-01,3.904271125756395011e-01,4.280147723921820524e-01,3.341606125976348540e-01,1.453325809054798190e-01,8.674760797323530226e-02,2.782035530445508553e-01,5.001653617278967873e-02,-2.205970982238372041e-02,-4.215754034954045243e-02,-2.221846601850671066e-01,-6.546737226107894603e-02,-1.059558546422233599e-01,-6.071480614575355123e-02,-2.981258029060514930e-02,-1.104368295064191013e-01,-2.614064370671052157e-02,-5.496593695115727790e-02,-1.830462522829553185e-01,1.326098497838787416e-02,1.653951602116058017e-01,2.084912065778950496e-01,5.522750718477919402e-02,-9.745417543181325581e-02,-1.653041821349283402e-01,-5.213416432480142554e-02,-1.158763720105990686e-01,-1.293743540145947668e-01,-5.523902222456428257e-02,-1.099631195481340085e-01,7.826451269052868420e-02,1.049914324875713123e-01,1.631473079514347557e-01,1.990880186613969427e-01,1.062744369528588473e-02,5.006027217180812616e-02,1.182628256485215162e-01,-8.290807806690725368e-02,-4.267758362295222263e-02,9.394758220479676458e-02,8.155331786787541060e-02,1.590215681626662714e-01,5.706982762011966748e-02,-1.737331098406470486e-01,1.430271996592215877e-01,5.549702435938547521e-03,2.019867507458928402e-01,3.961829466930278515e-02,-8.262050158278429202e-02,-5.647004335724834651e-02,-1.388383826650038677e-01,-9.620653836910011969e-02,4.261138975074805352e-02,1.570025080755828029e-01,1.029884297626929707e-02,1.038114097852280843e-01,-1.433077526349255636e-02,-6.435595322532967899e-02,-9.891879413224086148e-02,-8.805530166680597404e-02,-6.289278236509548980e-02,-3.424249484827511747e-05,-9.343265066844018418e-02
3.582527457598490006e-01,2.771264387381134342e-01,3.262255159598017040e-01,1.000000000000000000e+00,3.656756512442495000e-01,2.672782866320580486e-01,5.387639409261865131e-01,1.529516275197201070e-01,1.639981209692307207e-01,4.956062583429962087e-01,5.293532479090849036e-02,4.914003396005190566e-02,-1.399913950107250227e-01,-4.433605718546488883e-01,-2.146478436564445980e-01,-1.553285714141171003e-01,-2.740411862197964510e-01,-1.703370644050125338e-01,-2.995657668062331469e-01,-2.439837460572849004e-01,-3.473544202100487671e-02,-1.913635724080918754e-01,7.635352728748344420e-02,2.825368405248397385e-01,2.507872338787868194e-01,1.286131145672047005e-01,-1.479187384262429517e-01,-1.072437788719123597e-01,-8.391334931248137230e-02,-1.904288716241946677e-01,-1.405873716394423767e-01,-1.717879749140820405e-03,-7.335778643922673259e-02,-9.684482552147367224e-03,8.872357271036319937e-02,2.575810742841793122e-01,2.025924923479042739e-01,-3.356868788604198267e-02,-6.539993533342641774e-02,1.932204397361944048e-01,-5.021577150587838018e-02,-1.044496745552032924e-01,-7.258254762931565240e-02,-4.242132184589081367e-02,2.280105396123341122e-01,2.850798556302154840e-01,-7.291630678637059382e-02,2.221944422093044824e-01,7.420568080788385312e-02,3.153618081297429043e-01,1.365609546625300430e-01,-9.197046754967677651e-02,-8.838671783058746345e-02,-3.147980736271354663e-01,-2.174045598844852878e-01,-1.147403421737544782e-01,1.145691427919266932e-02,-1.449324815896758101e-01,9.377654982128597050e-02,-7.978283986182074447e-03,-2.470376917299479599e-02,-3.321930321260613966e-02,2.928265928134845403e-02,-5.694459810894080681e-02,4.603414569298342612e-02,-6.405255612088972539e-02
2.622389220106869923e-01,3.484387439887697280e-01,3.904271125756395011e-01,3.656756512442495000e-01,1.000000000000000000e+00,2.974698699783230871e-01,4.882686061602993788e-01,1.746189501739935923e-01,1.967741871750728622e-01,4.388356101519901853e-01,3.325205197445180866e-02,6.715467637118131610e-04,-1.459500561065805169e-01,-3.750988974343104077e-01,-1.861241977123763158e-01,-2.979152673706085275e-01,-2.681823133847019425e-01,-1.788720698879003035e-01,-1.789574834587435437e-01,-9.526697764271870039e-02,-1.358182608191673725e-02,-1.727528690029551117e-01,1.097729342691962651e-01,2.794243507633425994e-01,2.238866696014378543e-01,7.174449593473061770e-02,-1.319519172322875522e-01,-1.141872130938032803e-01,-8.334962958743816208e-02,-2.374566669135349251e-01,-1.684704186446032981e-01,-4.612327587887504049e-02,-1.771731213637308400e-01,3.809498529400937722e-02,1.905646049415263624e-02,1.867660059577395393e-01,1.713271797156543930e-01,1.479755786924441714e-02,-2.329516206277990140e-03,1.776050399946673131e-01,-2.259617624532014590e-01,-1.338440621006976583e-01,8.790349315213681625e-02,2.532288515171451926e-01,3.435603215757505047e-01,1.314294063023745962e-01,1.207745898561516339e-02,3.004474297626537060e-01,1.881583939638313552e-02,1.611385309597918869e-01,1.422267333939177814e-01,-2.402127140599062127e-01,-2.029604415085100033e-01,-2.209779144061720657e-01,-1.400325305841109702e-01,-2.484276882400964295e-02,1.032045602408057094e-01,-5.812362609252097467e-02,9.186954620857344656e-02,-4.888038090709456024e-02,-4.285898485919703571e-02,-1.136219038098790768e-01,-7.724389083022173419e-02,-2.078593441779362158e-02,8.433098962792096032e-02,-9.989579548402180431e-02
2.043450617917884626e-01,1.372763292886359510e-01,4.280147723921820524e-01,2.672782866320580486e-01,2.974698699783230871e-01,1.000000000000000000e+00,2.232518206446593712e-01,6.465720580751241342e-02,1.160087946870473619e-01,1.914429584687412644e-01,-3.105942117338616679e-02,-1.439098144055500801e-02,-9.828523517218425154e-02,-1.174642620711216084e-01,-1.016048150439943371e-01,-1.531987294281088874e-01,1.460368820097207067e-02,-4.204758213522257621e-02,-9.600183123440213240e-02,-3.463917821908452099e-02,6.771536973540439111e-03,-1.451143182872988158e-01,9.021353111112906387e-03,1.427387136878548735e-01,1.725204006010134239e-01,7.503194579421498811e-02,-2.367818685383563798e-02,-3.160816277936367297e-02,4.507815252955556934e-02,-1.173097445500161512e-01,-6.623184675385614117e-02,-8.030764699724114719e-03,-1.365781991774513981e-01,7.600586259759907481e-02,5.513259951023829347e-02,1.788410353417165533e-01,1.279536856036312398e-01,-3.683311887533919499e-02,-4.695421733744744447e-02,2.823536819820506721e-02,-2.202532914600638381e-01,-1.830900861437020632e-01,2.879632854352935922e-01,1.417903053002548819e-01,1.333550482340034316e-01,-5.633134025385884425e-02,-3.569708692946685358e-01,7.021380335006170703e-02,3.707433377866421048e-02,1.380560442721261716e-01,-5.905971985250273171e-03,-2.991533100813415294e-02,9.454930305981130989e-02,-1.069599199562294017e-01,-6.524812203290716872e-02,1.842504930478623681e-02,7.446526307999898342e-02,3.599678193600228809e-02,-6.772483589059823117e-02,-5.940642802684786838e-02,-4.755848321127438896e-03,-6.246976277858384829e-02,-1.708036720097027561e-01,-9.593411798035518523e-02,-3.221736354360140581e-02,-1.548388828841295584e-01
2.806364505954480060e-01,2.559540962736634451e-01,3.341606125976348540e-01,5.387639409261865131e-01,4.882686061602993788e-01,2.232518206446593712e-01,1.000000000000000000e+00,4.041453894648486256e-01,4.349303955600665739e-01,6.238287906197529376e-01,-1.444343075094259021e-01,-1.679263575384395968e-01,-3.509713079624386389e-01,-6.695805672093094740e-01,-2.080127240495955598e-01,-3.933470939176710313e-01,-2.675164733894346281e-01,-3.217803346579999890e-01,-2.860465564530992322e-01,-1.793667186747890663e-01,1.000554093821368201e-01,-2.635138470602119698e-01,1.879701901110530649e-01,4.915094687824471675e-01,3.947748874834927646e-01,3.118604214365791050e-01,-6.496226199259513834e-02,-1.531985043186241680e-01,3.066810858143301233e-02,-2.407726516449010534e-01,-1.564587923608849462e-01,1.043367843080950652e-01,-4.213893389163092529e-02,-1.334902799031469425e-02,1.291073551729738644e-01,3.113596799612776689e-01,1.876503075480165927e-01,-1.346960857511971532e-01,-1.358412428463314225e-01,8.254851374178590051e-02,-2.291011121017408059e-01,-1.329776966804065430e-01,2.648402638752339264e-02,1.172730949030242747e-01,3.610102720170766943e-01,3.346905558108042578e-01,-6.418075932612168563e-03,2.753915676521612177e-01,-1.327495607679287370e-01,2.900040843161087456e-01,2.292841409581140855e-02,-2.764932535669069602e-01,-3.330503155451210451e-01,-3.964532419745472880e-01,-1.114776415075134364e-01,6.206235909009727436e-02,1.154048404787576809e-01,-2.699454451252082318e-02,1.591150491823561941e-01,-3.936974567971278371e-02,-3.056606362501409699e-02,-6.828399298505569148e-02,2.807806050882113991e-02,-1.385743957744632084e-02,1.298802377899503091e-01,-4.494138353875132968e-02
1.026176854437896718e-01,9.069227497299534035e-02,1.453325809054798190e-01,1.529516275197201070e-01,1.746189501739935923e-01,6.465720580751241342e-02,4.041453894648486256e-01,1.000000000000000000e+00,3.215058546498094638e-01,4.050344097898892978e-03,-4.427793624508061243e-01,-6.958836981926059817e-01,-2.230014853876695624e-01,-3.092725271393338971e-01,3.467180097605354616e-01,-1.147390546401811234e-01,2.719470491068037288e-01,-3.557161014965315449e-02,2.460711416563184650e-01,2.877848862534911900e-01,2.142274473133066737e-01,-2.159309184841818052e-01,2.699779419557696639e-02,2.500890068903778851e-01,2.691948236244410819e-01,2.948368719615012123e-01,2.541341727088817781e-01,-1.412154588599378591e-01,1.359255130348256402e-01,1.232921235502950630e-01,-1.042871698861373847e-01,2.223264836577686643e-01,1.804727096494503635e-01,1.359253006496116967e-01,2.608259939716771059e-01,1.795842026623887533e-01,1.113236856883712961e-01,-2.721869515842582632e-01,-3.308155196871057080e-02,-1.804980121625246459e-01,-1.692533430060581823e-01,-2.291457045731307499e-02,1.124442214498014569e-01,4.423201432632260094e-02,-3.129001407241730620e-02,-1.368720663862181552e-02,-8.938495934493576045e-02,-1.383029015897114800e-01,-4.483988589204860875e-01,-6.912951519034903070e-02,-2.226616816980230562e-01,-1.219051566622287308e-01,-2.493667720847636271e-01,-1.082062547855055651e-01,2.884063423489248712e-01,2.698720975215525009e-01,1.789609687881500710e-01,2.799586092222106637e-01,2.420199578314772004e-01,-4.050542505732676601e-02,-3.713872818398090275e-02,3.736176608227742384e-03,-2.784653799179067843e-02,-1.194357726916697587e-01,1.035993080796211718e-01,2.642608084966595675e-02
7.032702740828833399e-02,6.912415518040043727e-02,8.674760797323530226e-02,1.639981209692307207e-01,1.967741871750728622e-01,1.160087946870473619e-01,4.349303955600665739e-01,3.215058546498094638e-01,1.000000000000000000e+00,2.799925614932979312e-01,-6.746449312690152578e-01,-2.135201042795634163e-01,-7.081133802164134572e-01,-4.807632996798577585e-01,-2.821897510797760633e-01,-5.042960543314704003e-01,-1.351833107090405772e-01,-4.873915268998038064e-01,-1.662423782119271665e-01,-1.001841222464746883e-01,4.481979988719720920e-01,3.766245624556861793e-02,4.160293499855797217e-01,4.909440690038335275e-01,1.142666558424115936e-01,5.067245722585520529e-01,2.596847983701517926e-01,1.704594245055621460e-01,3.204449103770855012e-01,-9.337501110239598834e-02,1.369300745566822686e-01,2.834306852396313303e-01,8.094940552035598258e-02,-1.739831200252451582e-01,-3.759297428241877015e-02,1.500828945255958669e-01,-1.828722146052661202e-01,-2.058006204612179701e-01,-3.754325713080592930e-01,-2.066288104663257241e-01,-3.569568834795626699e-01,-2.380021256429468712e-01,1.704192597544828755e-02,5.531881201937674519e-02,1.973550976071477836e-01,2.426450515407936881e-01,3.676841826932335938e-02,3.971163321675150876e-02,-2.680989403181521791e-01,-1.514250072125470671e-02,-1.976161584675785732e-01,-3.858068165505601499e-01,-3.581874097929108602e-01,-3.537988822475981454e-01,8.240360120515712039e-02,2.160962067581118640e-01,8.449552986515403152e-03,9.588946822149592430e-02,1.557723194263955536e-02,-2.926412257281930940e-02,1.635654262451534113e-01,1.303353394875640947e-01,1.883636173997605412e-01,2.394039601025941266e-01,2.480089341987879725e-01,1.801820480637315591e-01
2.635556457401006525e-01,2.433383103347958598e-01,2.782035530445508553e-01,4.956062583429962087e-01,4.388356101519901853e-01,1.914429584687412644e-01,6.238287906197529376e-01,4.050344097898892978e-03,2.799925614932979312e-01,1.000000000000000000e+00,6.825947249506301995e-02,2.263217017524367103e-01,-2.614580333441247628e-01,-6.347525170328723876e-01,-4.192264935036144613e-01,-3.366527347575738460e-01,-5.172301054880981130e-01,-2.971351513215159112e-01,-4.618819807843159708e-01,-3.467329461555047065e-01,-7.843927313751795916e-02,-2.318023778292128967e-01,1.430222242899422680e-01,3.938095367100916122e-01,3.409612622301509410e-01,1.296415872380675405e-01,-2.794287975523321865e-01,-1.523772424863816533e-01,-1.066111558491082412e-01,-3.845562752353632319e-01,-1.602031254421410200e-01,-3.442402757148030346e-02,-1.632027275881290651e-01,-6.758607455685289311e-02,4.674668655708539428e-03,2.541642391226484055e-01,1.908598990395335981e-01,5.237746572995538585e-02,-8.867728310359862531e-02,2.625900445991015131e-01,-1.204029160469620024e-01,-9.446254615311774905e-02,-5.238158310011493957e-02,1.343674963696279978e-01,4.538217590259088774e-01,4.036374302122765489e-01,6.743312060033704314e-02,4.429932739318717116e-01,1.366462574262438390e-01,4.136749003797845492e-01,2.027532014215801814e-01,-2.122319863879847945e-01,-2.633990255513143919e-01,-3.820383331010489547e-01,-3.358394231694365462e-01,-1.170650018141518173e-01,7.773229864395422850e-02,-2.327762428653071258e-01,5.043760378132809696e-02,-3.573440279734928920e-02,-4.937781272092242602e-02,-1.255291039342230075e-01,1.802634197626371351e-02,5.566102852071386220e-02,7.054951986968316380e-02,-7.765258450417454605e-02
4.767761152961664389e-02,5.047768331053370527e-02,5.001653617278967873e-02,5.293532479090849036e-02,3.325205197445180866e-02,-3.105942117338616679e-02,-1.444343075094259021e-01,-4.427793624508061243e-01,-6.746449312690152578e-01,6.825947249506301995e-02,1.000000000000000000e+00,4.016871731049002636e-01,6.158621232431181758e-01,1.659107559333422299e-01,-1.156621219052530059e-03,3.200226297369160311e-01,-1.631136043919061418e-01,3.537456404554216727e-01,-1.232929448068949690e-01,-1.307177718036492409e-01,-5.378048360713181264e-01,-1.373071088922308836e-01,-3.545611663825266047e-01,-3.317397741410191836e-01,2.618128006518563936e-02,-4.920142344137848345e-01,-4.536370542242473269e-01,-2.575267893756394422e-01,-3.974216657685267218e-01,-1.347051914306332809e-01,-2.115192813555333562e-01,-3.533889374421143592e-01,-1.983507380054394531e-01,1.502329515199121446e-01,-3.037467192008432015e-03,-4.947223272810894606e-02,2.771273763626718178e-01,3.015978418731800059e-01,3.569292294238651242e-01,3.760912156155543640e-01,3.075733930490526791e-01,2.072202140205862686e-01,-6.683470988841300198e-02,2.619238019843158141e-02,5.721158154557384051e-02,-3.890164458432163186e-02,9.948100356456158512e-04,2.326035371844791533e-01,4.068412496743266660e-01,2.538259931450061457e-01,3.371907091411410762e-01,2.593027298016779558e-01,2.515881632218998631e-01,1.838150688249856335e-01,-3.084658075943063626e-01,-2.917098317350053094e-01,3.768093002817973769e-02,-2.333540073970677697e-01,-2.676046815879793914e-02,1.772989336788360210e-02,-1.789944017759540484e-01,-2.005326311925669514e-01,-1.924143418550297857e-01,-2.159661716009475818e-01,-2.396432181366671132e-01,-2.225053605342096896e-01
1.739670225957631530e-02,1.248459427798157169e-02,-2.205970982238372041e-02,4.914003396005190566e-02,6.715467637118131610e-04,-1.439098144055500801e-02,-1.679263575384395968e-01,-6.958836981926059817e-01,-2.135201042795634163e-01,2.263217017524367103e-01,4.016871731049002636e-01,1.000000000000000000e+00,7.661371464262900499e-02,6.616407345537859974e-02,-4.604094286313165640e-01,3.489101821038994439e-02,-3.891880111005491250e-01,-5.768213806743858335e-02,-3.608048125583333543e-01,-3.811398045560272507e-01,-2.278010929055614420e-01,1.246837790881580726e-01,-1.334531800784258433e-02,-1.361165147568871858e-01,-1.555074748821234920e-01,-2.569274926444627405e-01,-3.181081926297428253e-01,1.022916379290303573e-01,-1.789020148969995561e-01,-2.013596993958888526e-01,4.305756770264015237e-02,-2.574165794843860100e-01,-2.242962689670557896e-01,-1.771799107085541281e-01,-2.528221177087448535e-01,-1.218562808252229290e-01,-4.519844305120705730e-02,3.088038548318824961e-01,3.169061223827050744e-02,2.822199233649169137e-01,1.406986125276234456e-01,3.299391825670950490e-02,-1.092343461139889532e-01,-9.855767145382892877e-03,1.427556104385343805e-01,1.074653106329175045e-01,9.273164031643275906e-02,2.499225919368002757e-01,4.742133341194085250e-01,1.586510494004043925e-01,3.062160404579033490e-01,7.813154339654525271e-02,1.345683179020321363e-01,8.310784314769550582e-03,-3.497747562594875625e-01,-3.056891206271724615e-01,-1.599067874259200439e-01,-3.342894031927460263e-01,-2.026082180290336709e-01,1.416807022081346045e-03,1.880259351201813084e-03,-2.911956698922299816e-02,4.840023031840176571e-02,1.252980218458841499e-01,-7.067312611082142426e-02,-6.098769392719089605e-02
-3.667374224620967987e-02,-5.030346506457507305e-02,-4.215754034954045243e-02,-1.399913950107250227e-01,-1.459500561065805169e-01,-9.828523517218425154e-02,-3.509713079624386389e-01,-2.230014853876695624e-01,-7.081133802164134572e-01,-2.614580333441247628e-01,6.158621232431181758e-01,7.661371464262900499e-02,1.000000000000000000e+00,3.807169961081463549e-01,3.805088858235446958e-01,5.107986463966932567e-01,1.270129783735493845e-01,5.497306650616705648e-01,1.870603897559554307e-01,1.494079623394397316e-01,-4.925043317170601509e-01,-1.752117610756529220e-01,-4.887941770571914146e-01,-4.589273075578343963e-01,1.431414348836080284e-02,-4.921064779324663685e-01,-2.759781747043816291e-01,-2.871723975532347595e-01,-3.365782289110818559e-01,9.313298152883742187e-02,-2.017697269778742641e-01,-2.803576514587342028e-01,-6.228462261645103387e-02,2.503050188093402517e-01,1.366144426965223702e-01,-1.071900331755133023e-01,2.732489852844346978e-01,1.974706846022307172e-01,4.363176652175781434e-01,2.234510985809995687e-01,3.629323054036980301e-01,2.808614462542223800e-01,-8.247425390386265917e-03,-5.022954267547842522e-02,-1.782064186444791698e-01,-2.245137024804100545e-01,-9.644129574840111518e-02,-2.272303416078594665e-02,2.052796548232509177e-01,9.423458988902212730e-02,2.111265480434002528e-01,4.259095411134194431e-01,3.645985916724325815e-01,3.675020186574712855e-01,-7.844913020084527677e-02,-1.835100621304373847e-01,8.045394827038485075e-02,-5.039880228831971481e-02,1.240098850213744268e-02,7.432808821744299292e-03,-2.213524796167647135e-01,-1.725000951094733392e-01,-2.621478372906633214e-01,-3.408511481394586040e-01,-2.941739198997597726e-01,-2.223952715533865088e-01
-2.164487054446372072e-01,-1.965202443667217469e-01,-2.221846601850671066e-01,-4.433605718546488883e-01,-3.750988974343104077e-01,-1.174642620711216084e-01,-6.695805672093094740e-01,-3.092725271393338971e-01,-4.807632996798577585e-01,-6.347525170328723876e-01,1.659107559333422299e-01,6.616407345537859974e-02,3.807169961081463549e-01,1.000000000000000000e+00,2.691358074787522647e-01,4.232130373503812382e-01,3.612411444914483405e-01,3.899763003753047852e-01,3.527090889039039556e-01,2.396284544073193634e-01,-1.128045955504246023e-01,2.083446062993629666e-01,-2.677453956080594888e-01,-5.389702531215939674e-01,-3.645004506124596144e-01,-3.188735071864576831e-01,8.552301037218965063e-02,8.511257684520058542e-02,-2.237934874372270871e-02,3.161329240708989907e-01,1.366682681169902325e-01,-1.179771059832938895e-01,8.575840490508980507e-02,8.352494448889505319e-02,-1.522552649853475479e-02,-2.896054455736717381e-01,-9.729815044170297966e-02,9.283596882063703537e-02,2.036730777840325690e-01,-8.648577693631918917e-02,2.323587690091344637e-01,1.093607586268508236e-01,-1.795513394949115049e-02,-1.823290770341928213e-01,-4.236412894284635744e-01,-4.006379652842896877e-01,-1.312088992643499763e-01,-3.506155056283852822e-01,9.175596328876586827e-02,-2.698788225196075974e-01,-3.951367512858341979e-02,3.415872628191737870e-01,4.079716002723917656e-01,4.231544503239770827e-01,1.537851967411397736e-01,-2.700724488485477942e-02,-8.613402769051699270e-02,9.349494853229008140e-02,-1.729178952018128879e-01,-5.640682334554950744e-03,-1.769263284928465976e-02,6.414539599744167875e-02,-9.316625429126011715e-02,-9.133563929143130589e-02,-1.656906672610051201e-01,-3.582342849223601328e-02
-6.774965005980940203e-02,-7.254241832762903242e-02,-6.546737226107894603e-02,-2.146478436564445980e-01,-1.861241977123763158e-01,-1.016048150439943371e-01,-2.080127240495955598e-01,3.467180097605354616e-01,-2.821897510797760633e-01,-4.192264935036144613e-01,-1.156621219052530059e-03,-4.604094286313165640e-01,3.805088858235446958e-01,2.691358074787522647e-01,1.000000000000000000e+00,3.412563137142889946e-01,4.939350526655158502e-01,4.867356849342445169e-01,5.553900778106092284e-01,5.359910747193251668e-01,-1.312099542052723722e-01,-1.825553903624300700e-01,-3.576145273923814760e-01,-2.701407179279528004e-01,8.221271256987003340e-02,-1.235985769291878672e-01,1.478760477902683890e-01,-2.605386301449322262e-01,-3.139505017971159356e-02,3.228604488778551440e-01,-1.090018514150146584e-01,7.203311423104497013e-02,1.687010859343889002e-01,2.881484560900968717e-01,2.861867235752426075e-01,-2.539683993583302310e-02,1.631127971073194904e-01,-1.167455445907313732e-01,2.685596486098158486e-01,-1.137089343103250966e-01,2.009139877168799881e-01,1.937992203315758999e-01,7.689908646378341983e-02,-8.159206613945686748e-02,-3.474855835946149551e-01,-3.114977452808566638e-01,-1.397892161180254722e-01,-3.354086365896405963e-01,-2.967273292369469462e-01,-1.547365743092666279e-01,-1.388397647613786035e-01,2.830110442967355699e-01,1.890182322988846475e-01,3.554592462839418765e-01,3.064511302719866714e-01,1.793244579563036956e-01,1.715840776962085090e-01,2.803937009222264853e-01,1.924641108894634967e-01,6.103776518843493509e-02,-9.458845587490574691e-02,-6.765466363849315101e-02,-1.759794062129496628e-01,-2.776660251239350674e-01,-1.544829572594642042e-01,-5.170921231474309709e-02
-7.744905729242680670e-02,-1.136940413303521719e-01,-1.059558546422233599e-01,-1.553285714141171003e-01,-2.979152673706085275e-01,-1.531987294281088874e-01,-3.933470939176710313e-01,-1.147390546401811234e-01,-5.042960543314704003e-01,-3.366527347575738460e-01,3.200226297369160311e-01,3.489101821038994439e-02,5.107986463966932567e-01,4.232130373503812382e-01,3.412563137142889946e-01,1.000000000000000000e+00,2.251565661551446218e-01,5.207557372837197107e-01,2.231869084524558955e-01,1.551814248452409728e-01,-3.115489282262430826e-01,-3.501500763938610039e-02,-4.382053603089332006e-01,-5.109022297270953139e-01,-1.402335718528237574e-01,-3.527207328742079651e-01,-4.326398025720070567e-02,-1.084231934562059074e-01,-1.426512867517445993e-01,3.045585861041316122e-01,-1.400586316134263837e-03,-9.579260080737951599e-02,1.048118819012571895e-01,1.772190491747763774e-01,1.319110978977206805e-01,-1.385570451780133161e-01,1.116320724863425484e-01,8.387761545930641494e-02,2.638075868307607208e-01,6.162827291068606606e-02,3.787277186025375109e-01,1.627444246739324640e-01,-8.205070150537323304e-02,-2.647722285783019602e-01,-4.134886881789571200e-01,-2.972140277105875805e-01,-1.367907811880767488e-01,-2.670150226278408256e-01,8.544067545237409023e-02,-8.711465736224288658e-02,9.936039008053099142e-02,4.779333622042133967e-01,3.863471103347845270e-01,3.610428389052049991e-01,2.442619160383207796e-02,-1.590457300969131404e-01,-3.978066879749620616e-02,-1.858375953112962817e-02,-9.928964962043518305e-02,-4.682924567822649431e-02,-1.629659244320557365e-01,-6.546220668274937982e-02,-1.836366450511801029e-01,-2.789176805239015899e-01,-2.377184797909576430e-01,-1.572864511170669333e-01
-1.141020682725242125e-01,-1.291877412788557389e-01,-6.071480614575355123e-02,-2.740411862197964510e-01,-2.681823133847019425e-01,1.460368820097207067e-02,-2.675164733894346281e-01,2.719470491068037288e-01,-1.351833107090405772e-01,-5.172301054880981130e-01,-1.631136043919061418e-01,-3.891880111005491250e-01,1.270129783735493845e-01,3.612411444914483405e-01,4.939350526655158502e-01,2.251565661551446218e-01,1.000000000000000000e+00,2.946889573724782996e-01,5.557644626896153239e-01,4.918801578436081123e-01,8.820434966374017527e-02,1.332602542594242545e-01,-1.601264245444537215e-01,-3.199937841588479936e-01,-2.272052068410051473e-01,-2.975528489912076385e-02,3.921345132280642520e-01,3.575833592530029692e-02,1.394432007568740250e-01,4.200039936135340768e-01,1.274329054743287559e-01,1.483263606908147847e-01,2.281953844599803050e-01,2.126387130115495461e-01,1.599190014812992555e-01,-1.661264567018577165e-01,-7.692547605169847147e-02,-1.440026108396633420e-01,1.550802666430170784e-01,-3.213269096310197304e-01,-2.614975099218491000e-02,-1.258078362690692557e-02,1.321107888368326100e-01,-9.697854379587808604e-02,-4.860581427467428051e-01,-4.825507963013976331e-01,-2.457258423960012594e-01,-5.187546865160816978e-01,-3.312213437017316742e-01,-4.152241950627730271e-01,-3.791787545630579404e-01,1.026475319331407732e-01,1.739970800656963079e-01,3.604122377366667518e-01,5.248494522362771031e-01,3.899983692395085910e-01,1.452859993545005113e-01,4.535336371131897804e-01,1.060410443011451237e-01,5.785712157408867684e-02,8.632753166623728658e-02,1.313013136657664726e-01,-4.382367525178879758e-02,-1.656803853898117795e-01,-4.429306793664582881e-02,9.989302181328910124e-02
-5.301855990143704289e-02,-5.754679928414568879e-02,-2.981258029060514930e-02,-1.703370644050125338e-01,-1.788720698879003035e-01,-4.204758213522257621e-02,-3.217803346579999890e-01,-3.557161014965315449e-02,-4.873915268998038064e-01,-2.971351513215159112e-01,3.537456404554216727e-01,-5.768213806743858335e-02,5.497306650616705648e-01,3.899763003753047852e-01,4.867356849342445169e-01,5.207557372837197107e-01,2.946889573724782996e-01,1.000000000000000000e+00,3.691987627115820292e-01,3.843664409923552294e-01,-5.776948604331125781e-01,-2.514732558557620790e-01,-6.459871394440324099e-01,-5.912758387313451491e-01,1.403114194650116955e-02,-5.452920406721651903e-01,-2.202374153823592751e-01,-3.613499137376297576e-01,-3.401808258760539716e-01,1.519027637766686145e-01,-1.749009022344280850e-01,-1.665392942931105680e-01,-1.310049463160455584e-02,3.348203300799440507e-01,2.035370642380499584e-01,-1.138545213328446826e-01,2.961919477802555933e-01,2.130931532283065477e-01,4.728124517030913854e-01,2.163425942802285340e-01,4.144738037639376649e-01,3.024231610718445262e-01,-4.804153529967362252e-02,-9.977233583493996805e-02,-2.836370365153043083e-01,-3.637125536929743941e-01,-2.622658083175091193e-01,-1.376448567057651229e-01,1.581793450802281564e-01,1.639321650326087607e-02,1.455518200949748320e-01,4.568432984041431721e-01,4.184888480334044703e-01,5.103782125592833951e-01,2.171714029197489154e-02,-7.285853384106594222e-02,1.641302613627670104e-01,8.543445987195776026e-02,-6.346327271698019856e-02,5.824145544417486109e-03,-1.825995736346391063e-01,-2.354609913984226643e-01,-3.383312328743206532e-01,-3.205962268707043816e-01,-3.340973436047202094e-01,-1.329490820434642284e-01
-1.205631808224782997e-01,-9.359614050638974392e-02,-1.104368295064191013e-01,-2.995657668062331469e-01,-1.789574834587435437e-01,-9.600183123440213240e-02,-2.860465564530992322e-01,2.460711416563184650e-01,-1.662423782119271665e-01,-4.618819807843159708e-01,-1.232929448068949690e-01,-3.608048125583333543e-01,1.870603897559554307e-01,3.527090889039039556e-01,5.553900778106092284e-01,2.231869084524558955e-01,5.557644626896153239e-01,3.691987627115820292e-01,1.000000000000000000e+00,7.320771906013540109e-01,-3.699196912104812333e-03,1.333598400535586717e-02,-2.763430759982859475e-01,-3.777290320370932930e-01,-1.467088056705231347e-01,-1.702283413573988380e-01,2.724187554227570640e-01,-9.643888724758381548e-02,-3.871412249698281960e-02,3.230632632132292015e-01,-4.356004584743706359e-02,9.438764580777232738e-02,2.155881325585466135e-01,2.698102587894973814e-01,1.790737512173181112e-01,-1.847227024917876825e-01,1.034661792411633446e-02,-3.804613956539230901e-02,2.633193507353983054e-01,-1.329634093093179370e-01,1.464339321455943033e-02,9.676005399736307966e-02,1.163621425573913015e-01,4.251168444516862516e-02,-3.669971304942931667e-01,-5.184450025418358976e-01,-2.131507213354628394e-01,-4.088352518208944741e-01,-2.895596331298976867e-01,-3.522572671181555259e-01,-1.972871794376710730e-01,8.890263018625554903e-02,1.049377012551795108e-01,3.833564495469521938e-01,5.043473861722209683e-01,3.151477108520915893e-01,1.372024367271827139e-01,4.220610315758945297e-01,1.581879737525381802e-01,1.176727853965275350e-01,9.962718725022209898e-02,-1.061512007284796597e-02,-1.389915828483585247e-01,-1.126174450865906063e-01,-6.536172740045716190e-02,9.614165537079039092e-02
-7.533872963061606642e-02,-4.431790013762386404e-02,-2.614064370671052157e-02,-2.439837460572849004e-01,-9.526697764271870039e-02,-3.463917821908452099e-02,-1.793667186747890663e-01,2.877848862534911900e-01,-1.001841222464746883e-01,-3.467329461555047065e-01,-1.307177718036492409e-01,-3.811398045560272507e-01,1.494079623394397316e-01,2.396284544073193634e-01,5.359910747193251668e-01,1.551814248452409728e-01,4.918801578436081123e-01,3.843664409923552294e-01,7.320771906013540109e-01,1.000000000000000000e+00,-9.402662520284406356e-02,-9.773778526152553103e-02,-2.834812017853511334e-01,-2.863013525616143751e-01,3.042116176041075905e-04,-1.521824115269139743e-01,1.978697640644096478e-01,-2.557663290592558925e-01,-1.128676942253390714e-01,2.180759905517396513e-01,-1.301681939833526369e-01,1.107539350176520859e-01,1.939330999786698928e-01,3.469928784148803569e-01,2.855912687860702737e-01,-8.692426971165735650e-02,1.488814947012165879e-01,-3.546611220463293662e-02,3.164157140701601145e-01,-6.313132083868194799e-02,1.870680262841584868e-03,1.156262092721824647e-01,1.234103765399930941e-01,8.813075749303742046e-02,-2.873128986605510971e-01,-4.916946932047315810e-01,-3.011805859738045932e-01,-3.347810918186768792e-01,-3.108437178795978584e-01,-2.212667386957905269e-01,-2.002722062957805194e-01,4.493477893309926613e-02,4.904969450024836142e-02,3.435727425681274760e-01,4.262514775356728292e-01,3.973596844980972764e-01,3.245352349703514161e-01,4.987029889037231656e-01,2.149790420135352376e-01,1.970085954123763361e-01,1.004096903415051534e-01,-1.154328929976795176e-01,-2.010004264653192096e-01,-1.035721533603607691e-01,-9.815548030609592967e-02,7.694605390364087083e-02
-3.828481739143518164e-02,-4.595859289988395158e-02,-5.496593695115727790e-02,-3.473544202100487671e-02,-1.358182608191673725e-02,6.771536973540439111e-03,1.000554093821368201e-01,2.142274473133066737e-01,4.481979988719720920e-01,-7.843927313751795916e-02,-5.378048360713181264e-01,-2.278010929055614420e-01,-4.925043317170601509e-01,-1.128045955504246023e-01,-1.312099542052723722e-01,-3.115489282262430826e-01,8.820434966374017527e-02,-5.776948604331125781e-01,-3.699196912104812333e-03,-9.402662520284406356e-02,1.000000000000000000e+00,3.708891573793288710e-01,5.883761212866744916e-01,3.908572268507240488e-01,-2.205344912005614555e-01,6.145365055946360178e-01,5.725756851089554011e-01,4.787560735205572682e-01,5.309331433852113591e-01,2.137978340279729772e-01,3.161516246057272661e-01,3.359245063443157542e-01,2.428971869356252311e-01,-2.625959289445691791e-01,-1.078521559519978745e-01,3.396557474366441315e-02,-4.217376732890923963e-01,-4.093831226695405778e-01,-4.978318573971851624e-01,-4.966026623431555320e-01,-4.385437584362705254e-01,-3.845355266521593429e-01,8.051066683360814935e-02,-4.918494854338433669e-02,-9.210208114476663155e-02,1.113705416569045065e-01,1.981666413086699552e-01,-2.763240957149422639e-01,-4.268123277496017054e-01,-3.455265407608543726e-01,-3.865775553369490414e-01,-3.570956911229666297e-01,-2.548603217617293470e-01,-3.455105059790780087e-01,2.916989625381123385e-01,2.432602470731343725e-01,-2.062087354356129110e-01,1.399781642653833147e-01,6.618627000409048333e-02,-1.598810085509253659e-02,2.580198095768670430e-01,3.998772547178587322e-01,3.672109298581016090e-01,2.487511040307716081e-01,3.787367267549294758e-01,2.632242085783854102e-01
-1.403938701749319617e-01,-1.328336826331926734e-01,-1.830462522829553185e-01,-1.913635724080918754e-01,-1.727528690029551117e-01,-1.451143182872988158e-01,-2.635138470602119698e-01,-2.159309184841818052e-01,3.766245624556861793e-02,-2.318023778292128967e-01,-1.373071088922308836e-01,1.246837790881580726e-01,-1.752117610756529220e-01,2.083446062993629666e-01,-1.825553903624300700e-01,-3.501500763938610039e-02,1.332602542594242545e-01,-2.514732558557620790e-01,1.333598400535586717e-02,-9.773778526152553103e-02,3.708891573793288710e-01,1.000000000000000000e+00,4.473178228251948885e-01,-1.683037674157167318e-01,-7.621157833933630554e-01,1.865170197888718351e-01,4.304101634142478705e-01,5.987620654191672109e-01,2.977875789251153149e-01,2.926033207726170260e-01,4.730758759220085041e-01,1.214258948815977041e-01,8.468138547366781121e-02,-2.677498286111951176e-01,-2.992826156457615294e-01,-3.042850072802013028e-01,-4.859990678777655893e-01,-7.413286684423349426e-02,-2.074281455054400869e-01,-3.404871471305202513e-01,-3.128781733997064718e-01,-3.879227681750903045e-01,-9.923982940258004037e-02,-1.060328508009018428e-01,-2.823283326613201805e-01,-1.566267674552101474e-01,2.081618293829554656e-01,-3.318953269436066833e-01,-5.223820525932747205e-02,-4.499348479806026257e-01,-2.662879884281360021e-01,-2.765708611110513360e-01,7.891466803477333036e-02,-4.831987763358195492e-03,1.992447164009583938e-01,1.788840676376155514e-01,-2.208615711196804943e-01,1.601750981770826698e-01,6.677807353102375998e-02,2.254806062805758682e-01,4.431857798792187553e-01,4.277203918909834313e-01,3.310413115547223284e-01,1.685833188742304201e-01,1.450571023542155669e-01,3.167034013951158244e-01
2.207319236156959213e-02,2.046014271797131148e-02,1.326098497838787416e-02,7.635352728748344420e-02,1.097729342691962651e-01,9.021353111112906387e-03,1.879701901110530649e-01,2.699779419557696639e-02,4.160293499855797217e-01,1.430222242899422680e-01,-3.545611663825266047e-01,-1.334531800784258433e-02,-4.887941770571914146e-01,-2.677453956080594888e-01,-3.576145273923814760e-01,-4.382053603089332006e-01,-1.601264245444537215e-01,-6.459871394440324099e-01,-2.763430759982859475e-01,-2.834812017853511334e-01,5.883761212866744916e-01,4.473178228251948885e-01,1.000000000000000000e+00,4.744476777891039054e-01,-3.098860996485914843e-01,5.968060305926446985e-01,3.866702800820956409e-01,5.128668463525666299e-01,4.147002050081761704e-01,-4.109736890046970272e-03,3.002327270294352091e-01,1.863682136325271743e-01,3.740747171223441497e-02,-3.445442904109392579e-01,-2.639423329753787795e-01,-9.063388719774547603e-03,-4.244092547434224483e-01,-2.514323622563038318e-01,-4.598032159223901516e-01,-3.497666138361695820e-01,-5.040324066542737347e-01,-4.273738685870712151e-01,3.968539912616302068e-02,8.514091794880766784e-02,1.389482020103133542e-01,2.589263060540726857e-01,3.496511034429389264e-01,-1.853568163764958768e-02,-2.325511378005739593e-01,-1.907107139267382456e-01,-2.907071130892190935e-01,-5.259638305615406129e-01,-3.332378034139490408e-01,-4.466163794641725415e-01,8.135685356157153214e-02,1.709570331929691211e-01,-1.676597856010262066e-01,2.962685529555439401e-02,1.815738661015947886e-01,1.155340307652728410e-01,3.456485290687839607e-01,3.946709500418672523e-01,4.428222501021872315e-01,3.023919035561382640e-01,3.608123829482955403e-01,2.871011008393492547e-01
