1.000000000000000000e+00,3.036650717111447628e-01,4.121812345928369536e-01,2.665956880502208248e-01,2.204831267397152073e-01,9.405305442169342722e-02,6.529888589055844739e-02,-6.842044284780576802e-02,1.113690419393548320e-01,2.978573775925263609e-02,4.554729653260873590e-02,9.683410367370400007e-02,-1.455384135310940075e-02,-1.896678105797296220e-03,6.028086388664223583e-02,-3.627302528323278572e-03,2.237185188197792288e-02,3.400332397396880341e-02,2.671445054309606881e-03,-6.837159103025974849e-02,-1.117744534200793283e-01,-8.795065432281851114e-02,-2.523084550008928770e-02,8.371894860263423555e-02,1.179892689968463498e-01,1.040282458211970115e-02,-1.215877739522949232e-02,-3.164978340118868028e-02,-8.300703915902425678e-02,-3.738009271748445050e-02,-5.547949567048669067e-02,-9.727905179938288460e-02,-5.854324375995364343e-02,-4.895183682235032530e-02,-1.528143137442592170e-01,-8.539732696751202445e-02,-1.103150965413558920e-01,-1.587729577509200962e-01,-1.164971764134443560e-01,-1.976266099679182403e-02,-4.334121926426849625e-02,-1.415336234759700766e-02,1.217515106515756063e-01,6.622613271533104445e-03,3.372620681120681863e-02,3.148190333253891859e-02,8.720729823484742183e-02,2.662190156787428569e-02,-1.348143600908810556e-03,2.114798490902441638e-02,2.597216603400462906e-04,8.409646522776706434e-02,6.266830891862679165e-02,4.801908087188888619e-02,8.055762388253867590e-02,9.014876780821592939e-02,-8.659075496757326698e-03,4.521068731872683599e-02,-1.777628191037960645e-02,6.362008796668450206e-02,5.692886078351071938e-02,5.354273893200746370e-02,1.279490980872093411e-02,1.096694104079572879e-02,-3.568867887859575316e-02,-8.447048126817633187e-03
3.036650717111447628e-01,1.000000000000000000e+00,3.164286756607919693e-01,2.710679227057921636e-01,3.505660937404742605e-01,1.700986119448943679e-01,1.802103801120852056e-01,3.956277408488369229e-02,2.276875271011585267e-01,1.742868131423715439e-01,1.151376330264083925e-01,1.913273572671556899e-01,1.173223019667923028e-01,5.820389692737087256e-02,1.138091611179541385e-01,1.056269761104653565e-01,4.447004603768445023e-03,1.556769465226628124e-01,2.527175522691421997e-02,-8.131917473516131478e-02,-1.915511470627466739e-01,-5.063816227943784831e-02,-6.287748527416010813e-02,2.587631665976218576e-02,1.303458095211219858e-01,-1.005870429728867588e-01,-1.454754954284588064e-01,-1.529989824740805859e-01,-1.662056485173106779e-01,-2.152558057761711219e-01,-1.280954063274910848e-01,-1.095152675366526385e-01,-2.407661593296454294e-01,-1.761829508172396697e-01,-1.417702427257617748e-01,-3.043322866345463118e-01,-1.139015043263320037e-01,-2.006902692369162411e-01,-8.931449814996134107e-02,4.656860722548111092e-02,5.212620393935514518e-02,1.885097587869709879e-01,1.216943284788096213e-01,1.223323142034253436e-01,1.550016720757168009e-01,1.450157471673533538e-01,4.958156301886159495e-02,2.563395062768071553e-02,1.601763911903827386e-01,2.658295578906541209e-02,-4.301328420340327918e-02,-1.435732253003838867e-02,9.323119211288048713e-02,6.509497333195697621e-02,9.447610366058734055e-02,1.278792264126027978e-01,-1.005195923586839624e-01,2.668514632444942206e-02,-1.161344044232440753e-01,1.675811277195456139e-02,9.508029077910158666e-02,1.015335946082790985e-01,7.725947165452337617e-02,8.120974001467473613e-02,1.876880119685359408e-02,-2.841617700849548289e-02
4.121812345928369536e-01,3.164286756607919693e-01,1.000000000000000000e+00,3.421524480452230454e-01,4.203674033226111884e-01,2.199461380600993554e-01,2.368213414644922965e-01,4.965521564659424597e-02,1.805751564127448250e-01,1.676659227155696819e-01,1.141876442229936700e-03,1.934904506027807503e-01,-1.101636647051924215e-03,-7.892439823606373084e-02,1.115238427934574783e-01,-3.321234991371575795e-02,-8.799312644579462394e-04,8.632407986338413997e-02,-6.911151607990843881e-02,-2.133517146506899997e-01,-2.085937162482750795e-01,-2.454131503376031087e-01,-6.952094118490693975e-02,1.556468015306944341e-01,2.663787326905611152e-01,5.111125031140992259e-02,3.484682406358327600e-02,2.722369605094367151e-02,-3.582068659746410338e-02,-1.170617379824211435e-01,-9.483126661591442796e-02,-5.406194940728201170e-02,-9.433339683420011168e-02,-1.388099835622053912e-01,-2.055852992701491244e-01,-2.175259941222437432e-01,-2.621268181708149014e-01,-2.455353760818796971e-01,-2.225186172679780583e-01,-1.011846925283241272e-01,-9.461815529675968173e-02,-5.923731620971010164e-02,2.016062697082239563e-01,-2.087316116385752249e-02,-3.850933567417332698e-02,7.604731072662335558e-04,1.105784812353006880e-01,-2.955755999931344857e-02,-2.136939287017303180e-02,4.258603483964287090e-02,1.062675735560550533e-01,2.134543910938598854e-01,1.255345936339901103e-01,-1.440777461060631891e-02,1.709539198734467136e-01,2.685162536375604869e-01,6.872368543119571072e-02,1.811819001238976212e-01,6.343438801322966170e-02,1.427100588253122637e-01,9.315833274557046295e-02,8.519603040172882280e-02,-1.967518175326846835e-02,-1.669813630117441411e-02,-7.801262167156401695e-02,-6.087604344279194668e-02
2.665956880502208248e-01,2.710679227057921636e-01,3.421524480452230454e-01,1.000000000000000000e+00,4.219330457466125561e-01,4.537667287572988983e-01,2.549407273094022597e-01,-5.431451823833235992e-02,4.834838668608255063e-01,1.388947975913137622e-01,1.840779605141280861e-01,1.623655809297937791e-01,1.620089954765481510e-01,1.629662581894067985e-01,1.929604699097213147e-02,1.648722881829914610e-01,-2.885330506578619170e-02,1.285789184821576059e-01,5.166840449346928738e-02,1.057786841068354133e-01,-2.896551188110876168e-02,-2.146205181120305894e-02,5.037281060311829105e-04,2.686242439215330916e-02,5.273180380719894034e-02,-9.652643187862094964e-02,-2.706600922318584956e-01,-1.986882122417363283e-01,-4.422370407970901973e-01,-2.714229037660039756e-01,-1.850078416742851339e-01,-4.088881285765929019e-01,-3.902392219675276941e-01,-2.911580877258718170e-01,-5.593201246629766477e-01,-4.805988867950609644e-01,-3.736170587323332515e-01,-4.495733732075198330e-01,-2.793406514894743453e-01,7.689906942480541352e-02,-1.194910895906674958e-01,3.948448111743572964e-02,2.372968812569567487e-01,2.387396975694688339e-01,2.487473274494308439e-01,1.364355009058800527e-01,2.143217501338766373e-01,2.494952619195178189e-01,1.361121869084381264e-01,5.516189835182590956e-02,2.518268107536382749e-01,2.438802812945745357e-01,2.454539609983844295e-01,1.911592666990550859e-01,3.347617831685572587e-01,2.512319384791315557e-01,1.216090901427502868e-01,1.696024159613120641e-01,9.614026000668215999e-02,2.251599918562988412e-01,1.784231819198987823e-01,4.509969691232432187e-02,-4.734965737496235616e-02,-1.617723145195190948e-01,-2.349606813859397292e-01,-5.975098881320427963e-02
2.204831267397152073e-01,3.505660937404742605e-01,4.203674033226111884e-01,4.219330457466125561e-01,1.000000000000000000e+00,1.147110422146895847e-01,4.221307133012380253e-01,-9.758601286560211752e-02,6.173048531850978266e-02,3.841437059545766419e-01,3.767049528030243510e-01,5.361547016340432181e-01,2.716365399673256187e-01,2.656811423145197248e-01,4.667242912497719942e-01,3.366943418857343273e-01,2.852827574171983849e-01,4.092555227721427213e-01,2.389764774403311254e-01,1.526006005889907202e-02,-3.066880643980517407e-01,-2.250866191193495180e-01,-3.585017134379859249e-01,-1.928944173280770225e-01,1.567811343009489489e-01,-3.605354004652127631e-01,-1.836697192100597287e-01,-3.917681660806964783e-01,-1.743838620589910071e-01,-2.918983498372137997e-01,-4.441466542642464321e-01,-2.235140462123525185e-01,-2.354177647543658491e-01,-4.152047417301714116e-01,-3.880648004254009797e-01,-4.306424059362886081e-01,-4.478135529262118886e-01,-2.356854003400248587e-01,-1.826008990967739054e-01,3.219083771805749533e-02,2.048149909068187891e-02,3.425673184338324379e-02,6.594348022971201206e-02,1.737156579676706405e-02,9.739580530092011024e-02,1.313323390295514925e-01,2.305216970611259075e-01,1.437185786443779534e-01,2.733664327147927731e-01,1.396442792909731445e-01,3.001988132950163257e-02,1.014959619748160152e-01,-1.783753713725864595e-02,1.354971512049841197e-02,1.978106888035654765e-01,2.935682952350012753e-01,-6.201429814733839391e-02,9.842971469023611975e-02,-6.031249246024715516e-02,1.002007264740503861e-01,2.042619490339283583e-01,1.369877174476624437e-01,9.364778593136388607e-02,7.345811430657611663e-02,1.990077946663800987e-02,4.334057121180560218e-02
9.405305442169342722e-02,1.700986119448943679e-01,2.199461380600993554e-01,4.537667287572988983e-01,1.147110422146895847e-01,1.000000000000000000e+00,4.295009035327729263e-01,5.269661026604846032e-01,6.559383622558796478e-01,2.803211665705758748e-01,-6.559089396994399745e-02,-8.519787431692354973e-02,1.314445354311528646e-01,-5.167456695478261225e-02,-2.669873036601628224e-01,-2.742941652026492996e-02,-3.269032235825531929e-01,-4.294959454040125912e-02,-2.030341959464207480e-01,-5.915397117681064215e-02,8.530398694416155281e-02,8.709146543058047391e-03,2.112605912990150325e-01,2.152622431717208795e-01,5.940740519862504343e-02,1.361305181436516798e-01,-2.704502418328753044e-01,2.946132702192357997e-02,-3.059112399167991936e-01,-3.739258312009348106e-01,-8.595641866828877126e-03,-1.844101772418052509e-01,-4.765361291382316233e-01,-2.288914462482939949e-01,-2.793689878692397488e-01,-4.810488142988494920e-01,-2.572246342400774100e-01,-3.250952128120023765e-01,-3.322671605182580534e-01,-8.802525577779934940e-02,-1.788431368022647683e-01,2.826007067952885504e-02,2.836701792775494502e-01,2.566746174417957604e-01,1.654319197276651610e-01,6.221286823904245006e-02,1.162944826554105776e-01,6.046156085155894588e-02,-1.906819864131309439e-01,8.148232232355996640e-02,3.895457757785403263e-01,3.272830102235935734e-01,2.583423239352815037e-01,1.762887034052446284e-03,2.995591480062967382e-01,3.045029379060211205e-01,2.085106647051474804e-01,2.778404268330170179e-01,2.244893615299801692e-01,2.028354401048517164e-01,1.348814371252308741e-01,9.286455386479658403e-02,-1.841211991500714407e-02,-1.130225863143600462e-01,-1.760414752319006959e-01,-5.084111520609898432e-02
6.529888589055844739e-02,1.802103801120852056e-01,2.368213414644922965e-01,2.549407273094022597e-01,4.221307133012380253e-01,4.295009035327729263e-01,1.000000000000000000e+00,4.471094421806467434e-01,2.339459001062438592e-01,7.711931180995383883e-01,2.479742694004818948e-01,3.601781064031385760e-01,2.683736870512555828e-01,1.289935849747186059e-01,2.632388793264175963e-01,2.331142671573403491e-01,4.924634807468736275e-02,3.394857796530518779e-01,-1.181968466609952537e-03,-1.159036212238340469e-01,-1.904645590479991935e-01,-2.767618693624253057e-01,-2.307953114475906620e-01,-2.058470385473003955e-02,2.270750633748529201e-01,-1.977679699672118818e-01,-2.481822178751498520e-01,-2.336843263297794515e-01,-1.086891496505204557e-01,-5.127664820712383165e-01,-4.226526600733459538e-01,-7.215520512605311243e-02,-3.715505787182910580e-01,-4.769904783820487770e-01,-2.503694310202177475e-01,-5.742429395001319437e-01,-4.321907158447370612e-01,-1.919310879183890317e-01,-3.162425472136292659e-01,-1.007461987208134874e-01,-1.226231070111187954e-01,5.997595693436510132e-03,1.792749212028725281e-01,1.483896000875447041e-01,5.585707455146753098e-02,-2.854756873968766024e-04,1.908482542079524835e-01,-8.361256589629309857e-03,-3.290849905066142722e-02,3.353357050721881283e-01,3.665815601716784222e-01,2.244238756196045015e-01,2.727134054450617781e-02,-1.570418500247180160e-01,1.367128896663700466e-01,4.246860254142583724e-01,5.179439460103248127e-02,2.831820254085602451e-01,1.093247106758630238e-01,7.033961446869288481e-02,1.426200788070598746e-01,1.983594684827350019e-01,9.184715247790231629e-02,2.781018411688058328e-02,-1.178429569874652090e-02,1.400382014823364774e-01
-6.842044284780576802e-02,3.956277408488369229e-02,4.965521564659424597e-02,-5.431451823833235992e-02,-9.758601286560211752e-02,5.269661026604846032e-01,4.471094421806467434e-01,1.000000000000000000e+00,3.164469180188536068e-01,3.759960889001707218e-01,-3.243290578144499836e-01,-1.842028596690327147e-01,6.801693250362485232e-02,-2.833851212537062958e-01,-3.023314227097996798e-01,-1.794709046980242362e-01,-4.409576501208320454e-01,-1.296304535548599146e-01,-3.951373307500488097e-01,-2.682802191335832975e-01,5.905634940401577326e-02,-7.609324639867101614e-02,2.646040793263054192e-01,3.382344238855494734e-01,1.102456012182834871e-01,2.815474383024053617e-01,-1.010066973853762096e-01,2.330651521961594475e-01,7.745328193121833738e-02,-2.912389806497011624e-01,1.425964831430338586e-01,2.622645806379534927e-01,-2.548968610798656997e-01,-1.076383205074769450e-01,1.865274869294293314e-01,-2.551465360715897690e-01,-1.171117179943569064e-01,-2.801589861211428376e-02,-1.480440492833245691e-01,-1.238345259074758453e-01,-6.740132124179838702e-02,2.606687155629023103e-02,1.124141209541617975e-01,4.775404585242747774e-02,-4.744073061243284095e-02,-1.487023026273761594e-01,-1.536816413820298599e-01,-1.722774974491050326e-01,-3.282670510242458040e-01,8.643720785450323407e-02,3.087423668879455407e-01,1.738969303318803339e-01,9.803562836469574548e-02,-1.890153193246589258e-01,8.689413477156664178e-02,2.404315685158713023e-01,1.422665269298802881e-01,2.708632450845979145e-01,1.853528602003627346e-01,8.404275682181933105e-02,1.297144551322537177e-02,1.280075159383284034e-01,9.185470405171031194e-02,-1.122604069623673283e-02,2.137589333859012813e-02,6.548127041262538639e-02
1.113690419393548320e-01,2.276875271011585267e-01,1.805751564127448250e-01,4.834838668608255063e-01,6.173048531850978266e-02,6.559383622558796478e-01,2.339459001062438592e-01,3.164469180188536068e-01,1.000000000000000000e+00,7.837077138159614931e-02,-1.084216550126757828e-01,-1.068626479346119484e-01,1.660983361210437437e-01,-6.759126597263848124e-02,-3.318765728314970187e-01,-8.743859461352839271e-03,-4.026948482494908665e-01,-5.326852504882900741e-02,-2.222163207505884752e-01,-4.250394559047589865e-02,4.175463623948456188e-02,4.370473941074228680e-02,2.779567087762031541e-01,2.759133798717731678e-01,6.986727726889825629e-02,1.698676847985243488e-01,-3.648840576027750360e-01,1.379641286721238098e-02,-4.710245296126854830e-01,-4.211236154408674603e-01,3.744471594452505187e-02,-3.172301609777509745e-01,-5.325497279425313035e-01,-1.856924395768749514e-01,-2.982414941752318804e-01,-4.168634063931132561e-01,-1.737811269266609504e-01,-2.557252392488472137e-01,-1.750357835371724735e-01,5.572516149310598188e-02,-9.540086578301597287e-02,1.834498750733824235e-01,3.075508087399653756e-01,3.922267195718235899e-01,2.735702004264699005e-01,8.762320392851116746e-02,1.918425055547273994e-01,1.920859090787206958e-01,-2.861876811242159563e-02,3.415790160951684418e-02,2.842177577583727688e-01,1.345572837415581480e-01,2.449304715014961331e-01,1.148986899602368328e-01,2.892286314658512048e-01,1.650660530052256436e-01,4.560824731389859915e-02,9.025938549094957020e-02,5.019275713238208897e-02,1.985477677047242651e-01,1.852178735910362528e-01,8.185070745538791659e-02,3.711554440098895763e-02,-7.537652447135327616e-02,-1.685010704218552757e-01,-2.802319781788229283e-02
2.978573775925263609e-02,1.742868131423715439e-01,1.676659227155696819e-01,1.388947975913137622e-01,3.841437059545766419e-01,2.803211665705758748e-01,7.711931180995383883e-01,3.759960889001707218e-01,7.837077138159614931e-02,1.000000000000000000e+00,2.673235339570643743e-01,4.148235939213780754e-01,2.919355244462298327e-01,1.420678319747828156e-01,3.337599791309369124e-01,2.738286782110961326e-01,9.445660268812498817e-02,3.910227604197092366e-01,3.965074058540332680e-02,-1.250318440751829741e-01,-2.455831364299382591e-01,-2.927557812531939585e-01,-2.911958574956023948e-01,-6.312764267962785170e-02,2.431792750543212145e-01,-2.519038716554816704e-01,-2.462098601584151170e-01,-2.748674622705486459e-01,-6.014633178735491470e-02,-5.016188594536811207e-01,-4.377356405512953241e-01,-2.735799795129175219e-02,-2.980796707759462705e-01,-4.621501550463199548e-01,-1.674453300441866299e-01,-4.765167301800991573e-01,-3.645557695975324419e-01,-1.076916590273049174e-01,-2.393691091568959095e-01,-9.362738139095498624e-02,-9.508501423626790350e-02,1.854276630057076838e-02,1.366227783473469015e-01,1.163689521862150411e-01,2.397557066967396719e-02,9.763101557158201244e-03,1.910383033732759028e-01,-3.303079331540315078e-02,1.654547554302360571e-02,3.388847009437759294e-01,3.033928203772875976e-01,1.270303305536898686e-01,-4.779038434281683567e-02,-1.691899202355019449e-01,7.365639864729928155e-02,3.563040504446463030e-01,1.690738179085696203e-04,2.025900671661400032e-01,4.168108908516560129e-02,-2.416022905791316566e-02,8.614233861433465145e-02,1.960987193946320262e-01,1.179510820017034556e-01,6.047324821042690535e-02,3.630128033050453867e-02,1.640763193523511188e-01
4.554729653260873590e-02,1.151376330264083925e-01,1.141876442229936700e-03,1.840779605141280861e-01,3.767049528030243510e-01,-6.559089396994399745e-02,2.479742694004818948e-01,-3.243290578144499836e-01,-1.084216550126757828e-01,2.673235339570643743e-01,1.000000000000000000e+00,3.738192367793922166e-01,2.838218847918264620e-01,7.193216006258724704e-01,4.642752731157405721e-01,5.699849938594336862e-01,5.131351534716774854e-01,4.828523670307075522e-01,5.593087225594323142e-01,3.975194987723090767e-01,-1.833819766910335936e-01,3.645326529314527747e-02,-4.721986903360600452e-01,-5.392418039188751067e-01,-6.928804388331527564e-02,-6.279005732859992417e-01,-3.371850732966233388e-01,-6.710285077679603027e-01,-3.957626823660703175e-01,-2.786719716234208888e-01,-6.005464222607364011e-01,-4.815364522925006940e-01,-2.528727432820511156e-01,-4.002538584546154188e-01,-3.784446072902295510e-01,-2.834106120655340288e-01,-1.235773146870608602e-01,-8.939074156329300525e-02,-7.936308072356773602e-02,1.215682559182489908e-01,1.130781196961432554e-02,9.098843030897525719e-02,5.752597967635941084e-02,1.547571833406294617e-01,2.144937965926180801e-01,3.109326653554111419e-01,3.520965667051809689e-01,2.530613092156409616e-01,2.684649939596910895e-01,2.012439197048899175e-01,-5.229414235967307784e-02,-1.848577297621883248e-02,-1.280411464889575635e-01,8.766056029927207782e-02,2.658224769114197333e-02,5.589689038325305719e-03,-1.220619393225205462e-01,-1.605459681932732696e-01,-1.448538231491124650e-01,-2.159410894039375806e-01,-6.784714205883335186e-04,3.827574957047796822e-02,3.329428494194271605e-03,1.269842197151208607e-01,4.835204021148174769e-02,8.806519045185093320e-02
9.683410367370400007e-02,1.913273572671556899e-01,1.934904506027807503e-01,1.623655809297937791e-01,5.361547016340432181e-01,-8.519787431692354973e-02,3.601781064031385760e-01,-1.842028596690327147e-01,-1.068626479346119484e-01,4.148235939213780754e-01,3.738192367793922166e-01,1.000000000000000000e+00,3.717800140629365369e-01,2.491656746736497507e-01,6.803559054274868068e-01,4.617209794764423614e-01,3.727679231489993139e-01,5.985184597056958378e-01,2.494680198018801309e-01,-4.879144968930333032e-02,-4.701343297518819631e-01,-3.418401129047156650e-01,-5.153643799798640623e-01,-2.646714632112647791e-01,2.243903317076431925e-01,-4.685669684591827200e-01,-2.565643591028335946e-01,-4.637408957381346508e-01,-9.403577812758270871e-02,-3.965694585675710870e-01,-5.474751156415754716e-01,-1.376146286893317472e-01,-1.790148343930960118e-01,-4.610237960197915985e-01,-2.538653501191665551e-01,-2.615077040522666985e-01,-3.302590389848590879e-01,-5.415476182519365217e-02,-3.047508162286628047e-02,5.825628426994885860e-03,-2.146919376026890352e-03,1.360541907033761648e-02,-2.505297930551435986e-02,2.951931527383121895e-02,4.368929775703857266e-02,4.567278062203410788e-02,2.441947336388992640e-01,1.145932661894119575e-01,3.089671245352370033e-01,1.181521259075207914e-01,3.330963406763866319e-02,-8.477015894762474080e-02,-9.001519453634969359e-02,1.178441140795821046e-02,1.047412390842731578e-01,2.762336820779328628e-01,-1.553705094820549693e-01,-2.611929343267334336e-02,-1.321566769516645534e-01,6.581504907457663700e-02,2.441909484302785815e-01,1.776840562014000424e-01,1.118890521311261821e-01,1.001574634163599209e-01,4.685654113035683799e-02,7.315929551045974311e-02
-1.455384135310940075e-02,1.173223019667923028e-01,-1.101636647051924215e-03,1.620089954765481510e-01,2.716365399673256187e-01,1.314445354311528646e-01,2.683736870512555828e-01,6.801693250362485232e-02,1.660983361210437437e-01,2.919355244462298327e-01,2.838218847918264620e-01,3.717800140629365369e-01,1.000000000000000000e+00,4.180691292888001342e-01,2.151094062791268913e-01,6.194350076996602006e-01,-5.969439885661076417e-02,5.248585378523727973e-01,1.459715653568534333e-01,1.062957635634982911e-01,-4.108726645503993913e-01,-9.031171997843134847e-02,-1.927114800120409976e-01,-1.189736938317072640e-01,7.861418436085508554e-02,-4.159342849237966933e-01,-6.774070758687784632e-01,-5.182473734064442228e-01,-4.653371916126778363e-01,-6.165346836726289803e-01,-3.518470464316950097e-01,-2.935294660694716118e-01,-5.176159927634134128e-01,-5.142223075056493453e-01,-2.889145555549517685e-01,-2.911160844620026000e-01,-3.966666495691465455e-01,3.502955392668858497e-02,1.440522270447271852e-02,1.369400447122852138e-01,6.356513267129768052e-02,2.636097023370970183e-01,5.481562665060758094e-02,2.802729869363828619e-01,3.507190094027637928e-01,2.398909566711236452e-01,2.407356161698089303e-01,3.121042543590936691e-01,8.164461190544923530e-02,-1.492708126217339726e-01,1.042481861832798840e-01,-1.341367389012161904e-01,1.569743149601666443e-01,2.971115423839372771e-01,2.539601330808677893e-01,1.765282822290122899e-01,1.554007924817042349e-02,-7.768909114580765940e-02,-3.259248209112137334e-02,1.198252642554763214e-01,2.621187419913330596e-01,1.689421097890770884e-01,1.427723961332592051e-01,1.298889646374652151e-01,5.857829098521528249e-02,6.870334608686876066e-02
-1.896678105797296220e-03,5.820389692737087256e-02,-7.892439823606373084e-02,1.629662581894067985e-01,2.656811423145197248e-01,-5.167456695478261225e-02,1.289935849747186059e-01,-2.833851212537062958e-01,-6.759126597263848124e-02,1.420678319747828156e-01,7.193216006258724704e-01,2.491656746736497507e-01,4.180691292888001342e-01,1.000000000000000000e+00,3.319757043633794202e-01,6.657784433041873395e-01,4.196769448629227295e-01,4.647472427444984677e-01,5.509774967062724960e-01,4.820411439300305023e-01,-1.828435575897902898e-01,1.368688742163265415e-01,-3.750715481518935857e-01,-5.220717132725953835e-01,-1.477828880419225221e-01,-6.274639174461463798e-01,-4.775524757355116279e-01,-7.099216626133270092e-01,-5.304603675903999394e-01,-3.147370104375857847e-01,-5.373173649328660817e-01,-5.220418077662838385e-01,-3.341533573925334899e-01,-3.932014512016245300e-01,-3.721069834497879869e-01,-2.442712085210011763e-01,-1.466309288577383463e-01,-8.675753876163408429e-02,-6.364152766571178066e-02,1.733373741545635727e-01,3.932657130581265065e-02,1.500430896565914107e-01,3.220785341704558019e-02,1.979846260430350169e-01,3.108098450756038300e-01,3.664545213842013149e-01,2.999885701740767074e-01,3.229006598675610018e-01,1.798103954394500714e-01,3.334883819782454711e-02,-7.179468361905741447e-02,-3.609074528689149713e-02,-1.510089869885597284e-02,2.345222785060125381e-01,1.165535527006761746e-01,-1.971703904979563160e-02,1.999356845038998721e-03,-1.780723087007277661e-01,-4.635364802813785046e-02,-1.398771755871849876e-01,2.195188889992257322e-02,1.260756746458329552e-02,-6.161256832908757960e-03,1.286523728548497614e-01,4.288661531318486292e-02,3.182745487136045409e-02
6.028086388664223583e-02,1.138091611179541385e-01,1.115238427934574783e-01,1.929604699097213147e-02,4.667242912497719942e-01,-2.669873036601628224e-01,2.632388793264175963e-01,-3.023314227097996798e-01,-3.318765728314970187e-01,3.337599791309369124e-01,4.642752731157405721e-01,6.803559054274868068e-01,2.151094062791268913e-01,3.319757043633794202e-01,1.000000000000000000e+00,4.376156333486714289e-01,5.901540767260227138e-01,5.988725528386508179e-01,3.943317981049938581e-01,2.688181542187753972e-02,-4.216892329564845832e-01,-3.083647771078859567e-01,-6.497576150303007170e-01,-4.392826803277944947e-01,1.718330444530999090e-01,-5.630610071381448867e-01,-1.092031925475392129e-01,-5.255266751778518985e-01,4.835923252342078787e-02,-2.002049357716305933e-01,-5.764962357843494978e-01,-7.710232884170827028e-02,-1.986898337940518847e-03,-3.576993809164371041e-01,-1.796592658014679322e-01,-1.585235674496138780e-01,-2.230064854746065528e-01,-1.014045337464013728e-02,-2.980003525952158294e-03,-7.321274902157674097e-03,2.500702738714774900e-02,-5.044586940482909121e-02,-9.373201726122924737e-02,-9.626241506344557219e-02,-3.026107702986137460e-02,9.800292991569022061e-02,1.865465006919634627e-01,3.170702522580635258e-02,3.032888400459156086e-01,1.530560354572698400e-01,-1.060071826467794132e-01,-1.308646686852572849e-01,-2.328860205358657953e-01,-3.810821431720715774e-02,-4.275960968047163441e-02,1.452741189071017347e-01,-1.595920358641177150e-01,-7.081842883836526881e-02,-1.304644762870857122e-01,-8.142264447675236216e-02,9.926078574577222591e-02,1.051148748246133469e-01,7.059307523780115889e-02,1.212822721987745073e-01,1.059621110658483661e-01,8.436327221868768211e-02
-3.627302528323278572e-03,1.056269761104653565e-01,-3.321234991371575795e-02,1.648722881829914610e-01,3.366943418857343273e-01,-2.742941652026492996e-02,2.331142671573403491e-01,-1.794709046980242362e-01,-8.743859461352839271e-03,2.738286782110961326e-01,5.699849938594336862e-01,4.617209794764423614e-01,6.194350076996602006e-01,6.657784433041873395e-01,4.376156333486714289e-01,1.000000000000000000e+00,3.165133564775971520e-01,6.422473928526069020e-01,4.146967329564396620e-01,2.932875458550246450e-01,-3.910540275588009207e-01,-6.196193999124226248e-02,-4.395856049857427839e-01,-4.224581691128324601e-01,-1.233568973549385543e-02,-6.699210031955893374e-01,-6.101104988259758999e-01,-7.354389143020114705e-01,-4.711042897203393531e-01,-4.730615996530160294e-01,-5.492404915797193254e-01,-4.242875010145072401e-01,-4.118648334633217556e-01,-5.072928711648435618e-01,-3.537766876525294535e-01,-2.959472278311637838e-01,-2.830852138271157670e-01,-3.455478724919773537e-02,-1.057587239493174014e-02,1.799555705962472274e-01,5.413778186984833513e-02,2.039074765081591856e-01,2.772749615327407477e-02,2.277008092651695015e-01,3.191543503350112720e-01,2.924789109593312619e-01,2.952528800781512031e-01,3.235803830240214229e-01,2.020049599820462338e-01,-7.844791033602773606e-03,-1.786598709526130910e-02,-1.391879518090268775e-01,6.897449497058833270e-04,2.697528090533751199e-01,1.836094143930144806e-01,9.663927165613742098e-02,-2.274062694514401850e-02,-1.347793912402390215e-01,-5.630682273118359227e-02,-2.526057218249181530e-02,1.528167383770493160e-01,9.611816827411219510e-02,6.873926054564828692e-02,1.319449275699681179e-01,6.179218996563737992e-02,5.640386932495695255e-02
2.237185188197792288e-02,4.447004603768445023e-03,-8.799312644579462394e-04,-2.885330506578619170e-02,2.852827574171983849e-01,-3.269032235825531929e-01,4.924634807468736275e-02,-4.409576501208320454e-01,-4.026948482494908665e-01,9.445660268812498817e-02,5.131351534716774854e-01,3.727679231489993139e-01,-5.969439885661076417e-02,4.196769448629227295e-01,5.901540767260227138e-01,3.165133564775971520e-01,1.000000000000000000e+00,3.489367039748613175e-01,5.359570921839199587e-01,2.562811078705283241e-01,-1.288189528988307186e-01,-8.140807771635140411e-02,-5.862568289191227855e-01,-5.793438190546532640e-01,-5.862538532421106285e-02,-5.898277913102391024e-01,1.119001053443332561e-01,-4.433000986150575917e-01,1.433392204275355832e-02,8.560645875249456305e-02,-4.696338582619529745e-01,-1.761089069772888704e-01,1.535795018859149041e-01,-1.620213559505746803e-01,-1.479232276508096744e-01,-5.923852404793157611e-02,-2.651782295320628813e-02,-7.009281866334203526e-02,-9.134065910314778658e-03,3.467142705147090859e-02,-2.601953904307257454e-02,-1.097892485187586392e-01,-8.073798661496128792e-02,-1.180981948973280904e-01,-7.380425518602935775e-02,1.087224621962200599e-01,1.264020130080735493e-01,-1.264111430053690413e-03,2.289576364915575646e-01,1.431719554615545620e-01,-2.140058881832728466e-01,-5.631177046475474568e-02,-2.298986753074268863e-01,-3.027165418995407878e-02,-1.162590722740364652e-01,-2.819993933006300843e-02,-1.180104954569220627e-01,-1.039678347290191041e-01,-9.100413836647083810e-02,-1.849433449568431143e-01,-5.781458220210453774e-02,-3.092198026302170680e-02,-5.364359303018859104e-02,7.494745111958192596e-02,7.381113772571704090e-02,1.872374176914938515e-02
3.400332397396880341e-02,1.556769465226628124e-01,8.632407986338413997e-02,1.285789184821576059e-01,4.092555227721427213e-01,-4.294959454040125912e-02,3.394857796530518779e-01,-1.296304535548599146e-01,-5.326852504882900741e-02,3.910227604197092366e-01,4.828523670307075522e-01,5.985184597056958378e-01,5.248585378523727973e-01,4.647472427444984677e-01,5.988725528386508179e-01,6.422473928526069020e-01,3.489367039748613175e-01,1.000000000000000000e+00,3.524555787766635029e-01,5.784659057170291746e-02,-5.527027802033681603e-01,-3.247684185563517456e-01,-5.949387354067015021e-01,-3.818443175463480665e-01,2.052834898621503368e-01,-6.264211933250923847e-01,-4.223260841101702523e-01,-5.792277908358026695e-01,-2.495882721059173581e-01,-4.579593862931659598e-01,-5.496516993902456072e-01,-2.319977341374122037e-01,-3.009068712891861397e-01,-5.052910255279791096e-01,-2.762473582995819132e-01,-3.025751877349111552e-01,-3.115485114820323309e-01,-1.670889047872368277e-02,9.649032389483926759e-04,7.703800513749833878e-02,1.328966552934674784e-02,1.108825256559578532e-01,-7.915650759785768792e-03,1.239300130898872004e-01,1.550867552588882925e-01,1.864248035636617840e-01,2.601669841709798869e-01,1.481530473611843701e-01,2.588650836603558769e-01,4.307921303407390851e-02,-3.239327462324519450e-04,-1.526508113093684449e-01,-5.133182499739418619e-02,1.379660219806717880e-01,1.277911580638949607e-01,1.838513543571106967e-01,-1.178413584797205205e-01,-7.806639368030861281e-02,-1.048307746146544539e-01,-3.074515040938555904e-02,1.762405508058075554e-01,1.483722501676702499e-01,1.084518463860373177e-01,1.447190787977435389e-01,9.047781416659471387e-02,1.011169039877380521e-01
2.671445054309606881e-03,2.527175522691421997e-02,-6.911151607990843881e-02,5.166840449346928738e-02,2.389764774403311254e-01,-2.030341959464207480e-01,-1.181968466609952537e-03,-3.951373307500488097e-01,-2.222163207505884752e-01,3.965074058540332680e-02,5.593087225594323142e-01,2.494680198018801309e-01,1.459715653568534333e-01,5.509774967062724960e-01,3.943317981049938581e-01,4.146967329564396620e-01,5.359570921839199587e-01,3.524555787766635029e-01,1.000000000000000000e+00,4.681614738642335127e-01,-2.249244388442263876e-01,3.047411620786470710e-02,-4.967969223587800354e-01,-6.055923810515213557e-01,-1.481703160416668885e-01,-6.154908426999067261e-01,-1.787583937179269000e-01,-5.502820047901768596e-01,-2.471212017397031169e-01,-5.577635941592824081e-02,-4.273821181240369249e-01,-3.233232943661809577e-01,-4.957610602863651850e-02,-2.128935152515654960e-01,-2.010317227692273723e-01,-1.039672174825987672e-01,-4.018528191303556707e-02,-6.682609826428932698e-02,-2.085807179001215525e-02,1.457553939589569525e-01,6.861641059059161996e-02,5.939283496860221778e-02,-6.266434671022712288e-02,3.834891527571678699e-02,1.591277789293654155e-01,2.413654894272594942e-01,2.257043101132473750e-01,2.011255497676085191e-01,2.320994993139331997e-01,7.372376952796891314e-02,-1.887212283333944418e-01,-6.543246574671653104e-02,-1.428935114601396494e-01,1.016195283027595125e-01,4.857972663205957498e-03,-7.374696517104925575e-02,-5.811446256295334234e-02,-1.606253102796924292e-01,-9.799928436502308715e-02,-1.724918663040768962e-01,-1.523284349756268835e-02,-2.214498812058377994e-02,-2.574417976644768208e-02,1.043884595488989570e-01,4.521867733917101645e-02,1.342331570576708270e-03
-6.837159103025974849e-02,-8.131917473516131478e-02,-2.133517146506899997e-01,1.057786841068354133e-01,1.526006005889907202e-02,-5.915397117681064215e-02,-1.159036212238340469e-01,-2.682802191335832975e-01,-4.250394559047589865e-02,-1.250318440751829741e-01,3.975194987723090767e-01,-4.879144968930333032e-02,1.062957635634982911e-01,4.820411439300305023e-01,2.688181542187753972e-02,2.932875458550246450e-01,2.562811078705283241e-01,5.784659057170291746e-02,4.681614738642335127e-01,1.000000000000000000e+00,1.378840342351639880e-01,4.338200397197782276e-01,-7.986867713816619974e-02,-5.013658643585164887e-01,-5.319210599098618264e-01,-4.323838306866037429e-01,-2.764365636638519419e-01,-4.394982788657449402e-01,-3.873623070104523225e-01,2.109138816681556134e-03,-2.264010036243713497e-01,-3.734062980126013342e-01,-9.250831334676605511e-02,-1.153263437142277026e-01,-1.775196235871876471e-01,-6.669203785747851443e-02,2.931165652049515929e-02,-9.161285018025849824e-02,2.130027116371699392e-02,2.518658451328940617e-01,1.115876235913951936e-01,1.356472178598387146e-01,-4.765292893266637880e-02,9.445860068281569655e-02,2.240808586508197531e-01,2.039206902174822145e-01,1.065939464709255574e-01,2.909635135669198513e-01,7.748620816167466063e-02,-9.249582145218580983e-04,-1.269555613962942697e-01,-2.649790724689616087e-02,-5.662699522008211861e-02,1.022747546962367027e-01,3.331506140747120953e-02,-1.439237696758627616e-01,7.276463435613553243e-02,-1.364779574155936259e-01,5.360204280912920886e-03,-6.477652849651439892e-02,-2.000777726317110386e-02,-6.330438195382381839e-02,-6.821875024596611714e-02,-2.257550610905929497e-02,-5.777993655012765573e-02,-3.504642245718080085e-02
-1.117744534200793283e-01,-1.915511470627466739e-01,-2.085937162482750795e-01,-2.896551188110876168e-02,-3.066880643980517407e-01,8.530398694416155281e-02,-1.904645590479991935e-01,5.905634940401577326e-02,4.175463623948456188e-02,-2.455831364299382591e-01,-1.833819766910335936e-01,-4.701343297518819631e-01,-4.108726645503993913e-01,-1.828435575897902898e-01,-4.216892329564845832e-01,-3.910540275588009207e-01,-1.288189528988307186e-01,-5.527027802033681603e-01,-2.249244388442263876e-01,1.378840342351639880e-01,1.000000000000000000e+00,4.244340339371669435e-01,3.542790467013591793e-01,-3.603353283773157861e-02,-3.983770764690619526e-01,2.786454416265684575e-01,2.750398321000185331e-01,2.863815055083898664e-01,6.734969077732488874e-02,3.700236256472594909e-01,2.928238328640666022e-01,3.435064159173489839e-02,2.133842206356187932e-01,3.140831532719158825e-01,1.061504169587164370e-01,1.216859382170009107e-01,2.662266775840434474e-01,-5.212150407380571060e-02,2.980761817581718473e-02,1.471359489930765957e-02,-8.690122653457744983e-02,-1.352227010238733762e-01,7.847348818131955062e-03,-6.104922786546757713e-02,-1.288899913345049608e-01,-1.408331529655518499e-01,-2.204286755825675126e-01,-1.246675578960513148e-01,-1.760573358113819709e-01,2.392179642770651121e-02,-3.679937558571212686e-02,1.295414828444284572e-01,-6.710618314962685065e-03,-1.615157923992305844e-01,-1.869676602775316165e-01,-2.445605215830740642e-01,5.557159328515672014e-02,1.494540329792951212e-02,7.516312511989207967e-02,-4.658231622616811063e-02,-2.324589130321058905e-01,-2.134659568851476341e-01,-1.597891901595570041e-01,-1.714302414084101500e-01,-6.136402446038447672e-02,-6.882422167820725911e-02
-8.795065432281851114e-02,-5.063816227943784831e-02,-2.454131503376031087e-01,-2.146205181120305894e-02,-2.250866191193495180e-01,8.709146543058047391e-03,-2.767618693624253057e-01,-7.609324639867101614e-02,4.370473941074228680e-02,-2.927557812531939585e-01,3.645326529314527747e-02,-3.418401129047156650e-01,-9.031171997843134847e-02,1.368688742163265415e-01,-3.083647771078859567e-01,-6.196193999124226248e-02,-8.140807771635140411e-02,-3.247684185563517456e-01,3.047411620786470710e-02,4.338200397197782276e-01,4.244340339371669435e-01,1.000000000000000000e+00,3.847623635490283744e-01,-2.635067979747633959e-01,-7.103775858440465329e-01,-4.722239206496994801e-02,-9.271156958462321851e-02,-8.924884254564127706e-02,-2.022725797365323708e-01,1.688047634303237177e-01,1.339287628053917878e-01,-1.514544398388358304e-01,-1.176285514794482437e-03,1.426300284280142550e-01,2.608689695068617392e-02,9.215911527973945361e-02,2.226557689738584978e-01,1.220174147956428964e-02,1.227048313259554574e-01,1.771527560517551780e-01,9.846168464004642629e-02,1.576983069655016612e-01,3.491178081053626647e-02,8.059981800017936016e-02,1.074663009128348085e-01,6.085926888589605205e-02,-1.247630784066307008e-01,1.613295535090338850e-01,-1.055373927327998285e-01,-6.943808841213257310e-02,-1.539714277980619439e-01,-1.777655081929757283e-02,1.697268619797425923e-02,5.315194316074025975e-03,-8.140269354691899439e-02,-2.670561874671106839e-01,1.156469410797624914e-01,-8.896782007915680912e-02,6.021322213123346534e-02,-4.162392936942826277e-02,-1.104928195831832161e-01,-9.618405320266271152e-02,-7.262163570821424108e-02,-5.373986657986348781e-02,-3.797971334474845029e-02,-7.477376284062282885e-02
-2.523084550008928770e-02,-6.287748527416010813e-02,-6.952094118490693975e-02,5.037281060311829105e-04,-3.585017134379859249e-01,2.112605912990150325e-01,-2.307953114475906620e-01,2.646040793263054192e-01,2.779567087762031541e-01,-2.911958574956023948e-01,-4.721986903360600452e-01,-5.153643799798640623e-01,-1.927114800120409976e-01,-3.750715481518935857e-01,-6.497576150303007170e-01,-4.395856049857427839e-01,-5.862568289191227855e-01,-5.949387354067015021e-01,-4.967969223587800354e-01,-7.986867713816619974e-02,3.542790467013591793e-01,3.847623635490283744e-01,1.000000000000000000e+00,4.567159210523443202e-01,-3.592626090784505344e-01,4.987126881963827030e-01,3.070523173454883098e-02,3.990908045730328091e-01,-5.676965840645688439e-03,1.598100709175191148e-01,4.893287654634038697e-01,1.225024621153469467e-01,5.305634971756885074e-03,3.011390166832487170e-01,1.732204331577408551e-01,1.573179105782361586e-01,1.465294091135813659e-01,2.498730389395135282e-02,3.114901553307011448e-02,4.606865074733139387e-02,8.919900228137830900e-02,1.376172310529538423e-01,7.912808324004179383e-02,7.004004605501724934e-02,6.493231285458263280e-02,-9.203135071307987081e-02,-2.054330701282658378e-01,6.507194551985162612e-02,-2.731598799671100530e-01,-9.545227655403901168e-02,1.224173666591259202e-01,7.227380362341780107e-02,1.632507974612571744e-01,-3.274235006932049719e-02,4.079833403232751426e-02,-8.075748802550603012e-02,1.947828348193302306e-01,1.042925684185057877e-01,1.646754694225252835e-01,1.492477462986844527e-01,-2.368436368003944484e-02,-1.874344704998625460e-02,-3.100671414562430547e-02,-1.314528181247799909e-01,-1.412259835643335237e-01,-8.280717049659067075e-02
