1.000000000000000000e+00,4.399512001845876652e-01,3.585984081634030485e-01,2.793179771049252857e-01,2.094927132773266865e-01,1.187238479089444687e-01,8.931907881568758312e-02,5.776035485809578179e-02,8.158123990837568007e-02,4.089039297542424595e-02,2.883553430657337033e-02,4.118938133393895001e-02,2.233335261501212185e-02,-8.958379180739772796e-03,7.599793345836397367e-03,4.336254652018920082e-03,-4.118477785480858903e-03,-3.366271519954765548e-03,2.641440420094611288e-02,5.856160329701051194e-03,2.432322410537969548e-02,1.786426858512099938e-02,1.271971946923144926e-03,1.655015144821643091e-03,1.312730859939265082e-02,6.142245998869553213e-03,4.396651686075154705e-03,1.870705836587282372e-02,-2.534515683218105560e-03,2.537033584371175057e-02,6.635898524261068902e-03,-1.478380729451566136e-02,-6.615061187788313750e-03,-1.929824305720825167e-02,-1.862583643938385547e-02,-8.268171206779426421e-03,-7.134501047232397371e-03,-9.681077980764368762e-03,-3.641770103015885829e-02,-2.697439175976420675e-02,-2.362620602789904795e-02,-3.222484221559934053e-02,-4.719911350691476971e-03,-1.322519026235519785e-02,1.724272024265453363e-03,1.745653116085326686e-03,-2.153186128222850382e-02,-1.827502295829627754e-02,1.317165505623747387e-02,5.701340210023784875e-03,1.094221877720274972e-03,-1.977135850132832710e-03,5.984121822184902857e-03,-1.100010778574471611e-02,-8.747074929724303269e-03,1.006770558092734413e-02,1.635974377523374823e-02,-6.715029547983568424e-04,1.236456141129677055e-02,1.519347625440035064e-02,2.720843891907355830e-02,6.333369185712298989e-03,-1.172603118329146321e-02,-3.959557382900231320e-03,-2.975791633287507270e-03,5.903901562501414832e-03,-5.345824762293310828e-03,5.923956770726440321e-03,9.020746600187810535e-03,2.176898605426146049e-02,6.129429412600423920e-03
4.399512001845876652e-01,1.000000000000000000e+00,3.392063651858905904e-01,3.069839220027159032e-01,2.414310578203361923e-01,1.296643544589914654e-01,1.207629015837703157e-01,6.807338679954383354e-02,1.041706878901302036e-01,3.438305634648965853e-02,3.171036105323454812e-02,3.897438833972480254e-02,2.586008635843332903e-02,-7.486561223370086400e-03,-1.358848766211364148e-02,-1.667414877042719748e-02,5.309424032180665338e-03,2.625699260770747792e-02,3.047045684955606779e-02,7.344685962120766839e-03,1.624622682842857477e-02,1.723435490085704902e-02,4.580715694283053752e-03,1.195236519757887986e-02,1.790613399309390688e-02,1.765555929970110544e-02,1.153417472523378569e-02,1.663077104040657297e-02,7.558415639985855729e-03,4.181815516212852857e-02,6.107821135315096191e-03,1.336083431575110607e-02,2.786601579676958873e-03,1.127602419128999204e-03,-6.821647049047652352e-03,-1.482050973631453793e-02,2.700973706262384689e-03,-8.815918823166174825e-03,-2.983643142753905977e-02,-1.888524743305025622e-02,-3.143389308946612642e-02,-2.478986472895128648e-02,-2.075796580254038112e-02,-5.139433913438384502e-03,8.036026805293833286e-03,-3.104011833893946526e-02,-1.587704760699286746e-02,-1.222632443197268874e-02,1.787640901104029650e-02,4.508737776362872936e-03,1.916930106336968160e-03,1.131647280906782072e-02,1.617368479336297321e-02,-8.830097092320557742e-03,-5.652581991960527880e-03,6.749234187579272216e-03,1.611209618744888217e-02,4.048567217767389502e-03,1.326366675497032445e-02,-7.207179856504799566e-03,1.217825657521662101e-02,1.825311716720751098e-02,1.321683588322388348e-03,1.022803811762294790e-02,2.836825250880634780e-02,2.988260524983379907e-02,1.274859776607130228e-02,1.035716383375848669e-02,1.422642915096176096e-02,3.075630646761661965e-02,1.088492261008449508e-02
3.585984081634030485e-01,3.392063651858905904e-01,1.000000000000000000e+00,4.293369810610182524e-01,5.547800218235783287e-01,2.632224775631131219e-01,1.936534659479679510e-01,1.424309311913693199e-01,1.770852998451820648e-01,8.649241236678811839e-02,4.450282666846737401e-02,5.672983330922722750e-02,3.293231958093081890e-02,1.367879471863858720e-02,2.187271376923156235e-02,-1.813337510521589868e-02,2.591881819236359005e-02,7.035014160078056087e-04,3.683825545774263577e-02,1.800780513287391152e-02,4.721519937467026640e-02,3.232305829427627175e-02,4.109127090902053858e-02,1.977900692319738141e-02,5.900257400624862869e-02,3.456754941903836253e-02,3.473713816908801516e-02,4.006929003575675913e-02,1.891039916844673707e-02,2.432249940490166865e-02,2.353688020107242221e-02,8.992909487600300299e-04,-7.307219681811741828e-03,-1.389266121335061901e-02,6.531730785514513159e-04,-2.738454678371915127e-02,-1.082782122469707654e-02,-7.904911726527298968e-03,-2.399426590310066096e-02,-3.721077232702597187e-02,-2.637457935237736209e-02,-2.232805241770104837e-02,-1.782003431464515911e-02,-9.659064510239958115e-03,-4.317952886799559034e-03,-1.341975268822728773e-02,-4.500886380515222579e-03,-2.502863562766849403e-02,3.268351476752830165e-02,6.528129234385747492e-03,8.780167414999144604e-03,1.139141313156760357e-02,4.460270918852458216e-04,7.464465429124845890e-03,6.519844269446967676e-03,3.848497505162377951e-04,1.157336975531905211e-02,1.554846510830856787e-02,-4.020154846235881457e-03,-3.131639140774417161e-03,1.897691698855160985e-03,7.863844631463438872e-03,-2.110381197796125027e-02,-1.669205591856484996e-02,6.781491638700192295e-03,2.635833985662124068e-02,6.859359208383812578e-03,1.692719572448283735e-02,-2.421540536952042962e-03,3.898651717281995804e-02,2.648705905742621686e-02
2.793179771049252857e-01,3.069839220027159032e-01,4.293369810610182524e-01,1.000000000000000000e+00,3.746150352541040007e-01,3.026958924301775822e-01,2.666203364411862120e-01,1.678439436828869646e-01,2.138617064004082746e-01,6.830845800419139968e-02,3.528856193599439611e-02,6.901997315440701330e-02,4.039221984814266031e-02,3.429481859416800421e-02,1.656716023739207783e-03,-1.157459964919895293e-02,4.333915959382978605e-02,4.843337008067553906e-02,4.052729922333953710e-02,2.251843692307566730e-02,4.792297065117989002e-02,2.357514529253296187e-02,2.635684323287702802e-02,2.035625750731497735e-02,2.073949066787901876e-02,1.817641973466250713e-02,3.028708571423851387e-02,2.183515612786493532e-02,1.479736204428319310e-02,2.312013182906212660e-02,-7.829138992572510375e-05,-1.107970705860331345e-03,-1.866998375792448817e-02,-3.699796360568984813e-03,-1.289839685363875291e-02,-1.228373579810402259e-02,-3.185402117254595078e-04,5.785172649273946123e-03,-4.848035411668208394e-02,-1.629577812131938891e-02,-4.119715811445419894e-03,-5.221234132339524353e-02,-3.399176763668554889e-03,-3.418634047532054503e-03,-1.167691947826927229e-02,-8.759819230142936244e-03,-1.268057017246253205e-03,-3.380220076448593042e-02,2.722433641468586032e-02,6.859233551260237281e-03,-1.021343147351762466e-02,1.011181717563753961e-02,6.775981630367174623e-03,-4.150622565136767757e-03,-9.065314798605356855e-03,-1.007312160332297576e-02,6.851041114085351831e-03,4.854562431812404176e-03,7.775287160619813107e-03,1.150837856916007811e-02,6.493498793792172076e-03,-6.950107029397287195e-03,-2.538495467609661049e-02,-9.618253749936769154e-03,2.744877332431274602e-02,4.922009098151795825e-02,2.003260273182917023e-02,4.536651419145528580e-02,1.392472364485511545e-02,2.770490616277258844e-02,4.507670105187872381e-03
2.094927132773266865e-01,2.414310578203361923e-01,5.547800218235783287e-01,3.746150352541040007e-01,1.000000000000000000e+00,3.057979520510474281e-01,2.498012462294832703e-01,1.722013573852563539e-01,2.297119618888690540e-01,1.013328781656167021e-01,6.157652186892908358e-02,5.274710387422248958e-02,2.782639390399968549e-02,2.385447257871115348e-02,1.507034460172528359e-02,-1.963161555349322851e-02,2.763259271971331074e-02,7.658628871048209913e-03,3.083715069197174100e-02,2.353788037611081671e-02,4.265727287923257866e-02,2.282095150181151846e-02,3.426601316688176330e-02,1.426019843835373696e-02,5.127352734744958923e-02,2.587423627993113914e-02,2.263196178413968973e-02,3.093799984790680108e-02,2.833379596277156923e-02,2.290609506759565608e-02,1.173371418521662775e-02,2.426224426133298615e-03,-9.284189950808038189e-03,-4.038033380820958869e-03,5.651361405382126883e-03,-1.411728423551577606e-02,1.103910368434057399e-03,3.968987131839083263e-03,-1.603627080249669587e-02,-2.361419877466391232e-02,-2.801987098340262897e-02,-2.388990003183409302e-02,-1.673799457315623337e-02,-8.154080594697601242e-03,-1.080342338019259392e-02,-1.988622361409506101e-02,-9.272141733939321881e-03,-2.369472952872888477e-02,2.462245994734767532e-02,2.480729656974745099e-03,1.377777979009170949e-02,1.617544064230020534e-02,-3.287332132578145091e-03,1.990901562779734488e-03,8.752683679017067217e-03,-7.607935591617561930e-03,1.273034350954081739e-02,2.564486902662331536e-02,3.386836162038995776e-03,4.428048802155292731e-05,-1.499527449202540941e-02,-3.989276111747166141e-03,-2.927757399303755614e-02,-2.304368962649969502e-02,9.861641355805014775e-03,3.859650912519944216e-02,6.010548252550721761e-03,2.995746159938779754e-02,-5.113268362233198104e-03,3.657608517889109068e-02,3.181819817214717738e-02
1.187238479089444687e-01,1.296643544589914654e-01,2.632224775631131219e-01,3.026958924301775822e-01,3.057979520510474281e-01,1.000000000000000000e+00,4.159138978945547960e-01,3.675417225268959309e-01,3.979964221929650492e-01,1.567392215151892088e-01,1.250429601811848257e-01,5.178861245827749010e-02,3.246229616342568430e-02,4.987043220472015675e-02,6.047166250270145406e-03,-2.445701931336495896e-02,6.639741921204821151e-02,5.197469863683423091e-02,9.466528818571925616e-03,4.494132420065329037e-02,4.809543198548597853e-02,4.643674741035676984e-02,3.299577451307388748e-02,-8.573563364727385420e-04,3.891088230357235556e-02,2.061067898726623784e-02,1.476160540658109747e-02,1.263113483605483173e-02,1.730687269951568545e-03,5.216243636006064402e-03,7.838539006599394912e-03,-5.958568457031757949e-03,5.810118583633947995e-03,1.160253854896140489e-02,-1.689992187810993030e-02,1.090783810287100338e-03,7.611970640102642786e-03,1.627475726496010675e-02,-1.197247219898288362e-02,-6.624337940055845773e-03,-2.204571646190742890e-02,-4.189585998568259861e-02,-6.369602983451292874e-03,-1.431935001018184951e-03,1.968633816924024969e-03,3.644277044378384667e-03,-3.561245534238962739e-03,-2.838737453583030368e-02,2.426787850884015718e-02,7.489926988884110931e-03,-1.606508892891573767e-02,-3.831980528214677315e-03,-6.192664484609964638e-03,-5.590041919867710886e-04,-2.200772127480601914e-02,-3.698117064939393517e-02,1.089470516720766153e-03,3.511743088231548699e-03,-8.215562430955917692e-03,7.787884209362357438e-03,1.222596524716721214e-02,-3.182477289315805563e-02,-3.097711120256274944e-02,9.720642992667130611e-03,3.238547864748142491e-02,4.216372450428002017e-02,1.856668402571528750e-02,2.495994793331261785e-02,6.341020449642609767e-03,3.663672775806692955e-02,9.573409425010425897e-03
8.931907881568758312e-02,1.207629015837703157e-01,1.936534659479679510e-01,2.666203364411862120e-01,2.498012462294832703e-01,4.159138978945547960e-01,1.000000000000000000e+00,4.018073163056631869e-01,5.358312471852564318e-01,2.345267782685724611e-01,1.590496961995775393e-01,1.295620939909490343e-01,8.063186410659874126e-02,9.103603526266904056e-02,3.232509803332114795e-02,1.784022670101782998e-03,9.397724040428052927e-02,3.880660724515534038e-02,1.801763910497557880e-02,6.828423434761286825e-02,7.242930200184466427e-02,5.368132288492410281e-02,3.844601022356806952e-02,3.090143123564860483e-02,6.498996520733944793e-02,4.178854006679087740e-02,3.239757505419153805e-02,2.276535796682574095e-02,4.219249251723611316e-02,2.103374393429187361e-02,3.666394089213217272e-02,2.571304198458374685e-03,1.007108317892754963e-02,1.931362856870407624e-02,-1.670293535296189097e-02,-2.303413276001952878e-03,1.246566178589049098e-02,2.740190871720286220e-05,-1.224229027190834249e-02,-3.445108346995938604e-03,-3.472559072414199699e-02,-5.235501167287112678e-02,-3.711865777078984796e-02,5.885926602500702633e-03,2.851671053364394220e-02,-1.644917976264033063e-02,-8.214895783050858366e-03,-1.331953839562887397e-02,1.411273937123534543e-02,-1.282476004840450365e-03,-3.054795550807507584e-03,1.676260827906153736e-03,-1.051055905346990694e-03,6.217652747438035671e-03,8.180175935027369366e-03,-2.336548031537552875e-02,2.018754181884391610e-02,2.871756704299254989e-02,1.530914562327801050e-03,2.685904862311492766e-02,-1.944399934480813344e-02,-1.991083337262355632e-02,-3.611202155524289442e-02,-3.900291580234946376e-02,-1.017413701510572720e-02,2.889274232431397402e-02,-1.435692562078224113e-02,1.110811029024265026e-02,-1.649615900188546036e-02,2.157734596509323227e-02,1.344400493919637981e-03
5.776035485809578179e-02,6.807338679954383354e-02,1.424309311913693199e-01,1.678439436828869646e-01,1.722013573852563539e-01,3.675417225268959309e-01,4.018073163056631869e-01,1.000000000000000000e+00,3.489312325561838013e-01,4.034926369454492345e-01,2.723359682454001840e-01,2.551790443697579125e-01,7.277584823128722957e-02,9.889916295964652770e-02,3.945546283380840791e-02,1.666151152158740559e-02,9.640244840247816360e-02,2.590845868780195307e-02,-7.076526431335022037e-03,4.040189368191705876e-02,3.921935853125210064e-02,2.685701377980681537e-02,1.093930482054893301e-02,-9.241271707129346952e-03,5.428226786417512245e-02,2.384170138473339431e-02,1.683429374400249520e-02,1.894482805972979439e-02,2.970769070329766504e-02,1.934366102089347256e-02,2.864909645076135422e-02,-1.637884143289110653e-03,1.648942673766518041e-02,1.356214751261602437e-02,6.056437232483793953e-03,5.223665100623092056e-03,-6.926543658052270944e-03,9.366373483964074431e-03,7.977642106315735795e-03,-1.576334187903720777e-02,-2.314263854007789570e-02,-2.588847231540798710e-02,-1.382571854398790927e-02,3.423344304358724895e-03,1.045899596433027580e-02,9.522892134556825566e-03,4.017150063343854181e-03,-3.440531751112165665e-02,2.383539781226066273e-02,5.775188403318890114e-03,-1.964721029980828759e-02,-1.715042073299370001e-02,3.142324243762001194e-03,2.857771349932012889e-03,-2.914651834865787704e-04,-3.302317020694853916e-02,6.992011396643777084e-03,1.762322301492043677e-02,-5.689743429951142975e-03,1.298481196507290068e-02,-2.704934429309143601e-02,-4.187437807595138783e-02,-4.676978947709276024e-02,-4.117872249414718938e-02,-1.816626145197618517e-02,3.446670682748544101e-02,3.003517767647169174e-03,2.343842832537244500e-02,4.680576454309619099e-03,3.418679738700522441e-02,8.377569380203874969e-03
8.158123990837568007e-02,1.041706878901302036e-01,1.770852998451820648e-01,2.138617064004082746e-01,2.297119618888690540e-01,3.979964221929650492e-01,5.358312471852564318e-01,3.489312325561838013e-01,1.000000000000000000e+00,2.156182403229316147e-01,1.052221201334305883e-01,7.381213404959252600e-02,1.805812947456308937e-02,2.264322668151697721e-02,1.443436813509238643e-02,-3.393929770101182519e-02,4.518896685661513701e-02,2.485727855539552125e-02,9.035951964418033680e-03,2.796068764280910252e-02,3.060444936726767692e-02,4.770576960507609543e-02,2.079949088685351111e-02,1.455661511168640163e-02,4.145292933826793397e-02,1.415729925881609695e-02,3.193378562877544069e-02,7.181690155369035468e-03,1.487435887286116427e-02,2.724930626158733778e-03,2.326665556813468580e-02,-1.369740701535560046e-03,1.440437849912154511e-02,2.441939764278398470e-02,-2.033120405250059270e-02,2.212197479569984193e-02,3.089100685558475445e-02,1.401059804367673842e-02,2.239509257247185650e-02,1.823584598429554837e-02,-2.357410379984128945e-02,-3.872715672768999723e-02,-1.548962747740643096e-02,7.459719677820154243e-03,3.415537962450281712e-02,-9.868266584541856429e-03,-2.683518239033165086e-04,3.766227649835419446e-03,1.694732536384332272e-02,7.640699286825996910e-03,-2.551243927954034707e-03,1.956414529801015628e-02,-1.070530825586411394e-03,1.627473026880071200e-02,-1.557328769632227274e-03,-1.005265904039334864e-02,2.067642484242260617e-02,4.233594359872025481e-02,1.916134188976740746e-02,3.275035950165509219e-02,8.602599598177213328e-03,-1.068524637772970756e-02,-3.353443644195296808e-02,-1.886575905371008083e-02,1.107364402298409651e-03,1.069739864674787953e-02,-2.332273938121259479e-02,-5.421563237808970336e-03,-1.203818146445782312e-02,2.530154622800406122e-02,-1.414375974841125191e-03
4.089039297542424595e-02,3.438305634648965853e-02,8.649241236678811839e-02,6.830845800419139968e-02,1.013328781656167021e-01,1.567392215151892088e-01,2.345267782685724611e-01,4.034926369454492345e-01,2.156182403229316147e-01,1.000000000000000000e+00,4.227153256585851615e-01,4.543510692028912001e-01,8.456592705426618783e-02,5.284693193359274455e-02,6.135688125742694288e-02,4.008827794396763872e-02,6.253527753734056116e-02,7.099595177260275463e-04,-8.945768441605828070e-03,3.510691102316876311e-02,2.101730585845867222e-02,3.580275464150404346e-02,4.467063214258282233e-02,-6.371396443193991579e-03,3.747583400554406474e-02,2.028878142352465933e-04,2.049498494944716753e-02,3.660129382981028214e-03,-1.636531230808439298e-03,-5.431867241728107962e-03,5.374294451408059316e-03,-1.527425784738781732e-02,1.145226537925147017e-02,9.880242600259079438e-03,-1.323383671308813250e-03,3.094876939922987409e-03,-3.350690297446763753e-03,-3.140237198653440115e-02,8.446819844318791473e-03,-8.209602336334264130e-03,-3.068663908958663145e-02,-2.427284905047232683e-02,-1.295598147487886072e-03,2.784139035622603883e-02,1.907884913567820320e-02,2.182378323401227074e-02,1.799404283055957773e-02,-1.764260999204743732e-02,6.759752283960339565e-03,8.359995505664763807e-03,-1.732732721278558777e-02,-5.080802240061216279e-02,1.831198655421701488e-02,-2.081651567756091434e-02,5.799034349444748965e-03,-2.729234874387767226e-02,-1.544109887365937607e-02,-7.873333101120968958e-03,-2.823940640223820270e-02,-5.732109688949348081e-03,-5.902541273454770671e-02,-4.012243549862691550e-02,-6.678956156522602994e-02,-5.120466615581358710e-02,-2.192804075051444507e-02,1.862557776633986736e-02,-2.148294697553676177e-02,-6.113175278203350320e-03,-5.106976315528148798e-04,1.205670581605877006e-02,-3.447598178809313345e-03
2.883553430657337033e-02,3.171036105323454812e-02,4.450282666846737401e-02,3.528856193599439611e-02,6.157652186892908358e-02,1.250429601811848257e-01,1.590496961995775393e-01,2.723359682454001840e-01,1.052221201334305883e-01,4.227153256585851615e-01,1.000000000000000000e+00,2.100775818538252460e-01,7.112919319775061130e-03,7.878274513297879589e-02,7.161578106280899747e-02,1.061003601938499408e-01,7.957263426757617275e-02,1.764384483851622314e-04,-1.726273035970083553e-02,7.258659514530546586e-02,8.698043298336170792e-02,5.733822099640551589e-02,3.390490697665816261e-02,3.301569986363762227e-02,2.893327964019871620e-02,3.081155284647395243e-02,4.179734522625676296e-02,-5.863940951043397458e-03,1.070418039736398264e-02,2.123946709401421541e-03,1.994653780051922065e-02,-1.499778029962004974e-02,2.662852655869469252e-03,1.751287399224844832e-02,-3.009266659568566888e-03,-3.511441233903973141e-02,-1.447968188662069125e-02,-4.219314940499001299e-02,-4.907514958957428369e-02,-3.285397557430156518e-02,-3.538275504484086897e-02,-4.345365413532624455e-02,-1.401060764850589266e-02,8.667280225131166827e-04,6.199711872898215625e-03,6.645622593126989698e-03,1.014010854704239586e-02,-1.608653698620799918e-02,7.783039918761366742e-03,-5.156769069604577593e-03,-3.316864991859827527e-02,-4.868404541580521189e-02,2.299795388048256686e-02,-4.127415149314659498e-02,6.193856189724087323e-03,-2.851508622592712622e-03,3.693398614010696534e-03,-1.089980121553350140e-02,1.446150511157844347e-03,-1.906783266351079822e-02,1.041709579857560660e-03,-8.999029049443864336e-03,-1.695188257979859253e-02,-1.865050423016985370e-02,3.438477075645137836e-03,2.595406802023313489e-02,9.371025470973947183e-03,1.432781973330994607e-02,1.367510506099387825e-02,1.621719387316822303e-02,1.506791393712322499e-02
4.118938133393895001e-02,3.897438833972480254e-02,5.672983330922722750e-02,6.901997315440701330e-02,5.274710387422248958e-02,5.178861245827749010e-02,1.295620939909490343e-01,2.551790443697579125e-01,7.381213404959252600e-02,4.543510692028912001e-01,2.100775818538252460e-01,1.000000000000000000e+00,2.080234123451371597e-01,7.776809339143549160e-02,4.521313225764004434e-02,-4.765787060590261776e-02,1.046792806894936700e-01,4.793445097703226063e-03,-2.027804323391477551e-02,2.613906342237235989e-02,3.841544657629390042e-02,2.341869517309306398e-02,3.350485849473752026e-02,1.449476999142992016e-02,6.195000773216148560e-02,4.628107888469081693e-02,2.810922113501607492e-02,3.605892219980149499e-02,3.258317642122507407e-02,3.264489053309758276e-02,4.159901028632246450e-02,1.130303774464561095e-02,3.505769624995917072e-02,3.384112884613398736e-02,-4.169202448087865748e-03,2.222614206971323253e-02,2.521102000552434552e-02,-2.224079431826179662e-02,3.918666657671125014e-02,1.451683815153644377e-02,-1.422430760569877092e-02,-3.786581919536218671e-03,5.403856205826640738e-03,2.773622052531217463e-02,1.273610175838730185e-03,4.378497126013636970e-02,3.848782225173915522e-02,1.385481702470742552e-02,8.978171430683077811e-03,2.246055414913948264e-02,5.285035096953273094e-03,-3.429390553234888672e-02,1.716926901851988790e-02,3.896482350862642916e-03,1.915085848154472400e-02,-2.917144248856254167e-03,-2.636763740556966051e-02,-7.943335473079654596e-03,-4.137663523091308915e-02,-1.999996326589905532e-02,-5.693162736833970450e-02,-2.989456508127434284e-02,-5.522520724254072894e-02,-3.768907996821143497e-02,9.164941438445612732e-04,3.224458917096386518e-02,-2.283739920510555275e-03,6.559575615415320048e-03,1.863353239348848958e-02,1.143361946778265539e-02,-6.774331099670493836e-03
2.233335261501212185e-02,2.586008635843332903e-02,3.293231958093081890e-02,4.039221984814266031e-02,2.782639390399968549e-02,3.246229616342568430e-02,8.063186410659874126e-02,7.277584823128722957e-02,1.805812947456308937e-02,8.456592705426618783e-02,7.112919319775061130e-03,2.080234123451371597e-01,1.000000000000000000e+00,1.793166410298272506e-01,4.311652446403604205e-02,-1.134888147406312303e-01,2.254483738327664188e-01,1.824225953368190795e-02,-3.218463866330115164e-02,3.346817455142737929e-02,6.322318311339132635e-02,2.931791057748303619e-02,2.574789101426068136e-02,1.023870171004699972e-02,2.249073493767797527e-02,4.981097382161896181e-02,2.531160344653367875e-04,2.070643664935128969e-02,3.172955796088475222e-02,1.593455821261376137e-02,6.326819657871448309e-03,1.816387099391545161e-03,-8.751181448990980050e-03,8.947350190035919040e-03,-2.968192988868607191e-02,-3.701397683319797814e-03,1.518332393155111086e-02,-3.181948891398123092e-02,-3.060607369983090256e-02,-3.813234704817037440e-02,-6.277667015290482044e-02,-7.046550309951853108e-02,-5.623202676490919594e-02,-1.414370735814130496e-02,-2.978669873910114174e-02,6.017074132295485191e-03,-4.847093754852816773e-03,-9.471794959038808831e-03,6.536931961805154132e-04,1.536145168001328866e-02,-3.139332244874002038e-03,-2.275078721092904828e-03,2.136150871997171893e-02,1.725515460816437821e-02,1.562536078128504841e-02,-8.929705959548749506e-04,1.685400569967861412e-03,1.942344084328978537e-02,-1.533407272792829470e-02,-3.877570473199358925e-03,-3.947290511829777693e-02,-2.561797269976404459e-02,-3.545024572816069669e-02,-2.259614290763554620e-02,3.030005880310699881e-03,2.034828374077390922e-02,-9.650294820488973871e-03,-6.515948207496257728e-03,2.975992927980180072e-02,-2.009787592156644584e-02,-2.515693976094905693e-02
-8.958379180739772796e-03,-7.486561223370086400e-03,1.367879471863858720e-02,3.429481859416800421e-02,2.385447257871115348e-02,4.987043220472015675e-02,9.103603526266904056e-02,9.889916295964652770e-02,2.264322668151697721e-02,5.284693193359274455e-02,7.878274513297879589e-02,7.776809339143549160e-02,1.793166410298272506e-01,1.000000000000000000e+00,4.284422904265478560e-01,3.731097804980854082e-01,5.752943382762510938e-01,1.334357760728919484e-01,8.732677038945169112e-02,2.428396252791728271e-01,2.029572119046777201e-01,1.650759903918281590e-01,7.162206114561310566e-02,6.456389914563900878e-02,1.030526793473750535e-01,1.019885528695250315e-01,8.270389343074020794e-02,8.428008005986308004e-02,7.338865194423320470e-02,6.925455727936430383e-02,9.139599583148853845e-02,1.479679387669510446e-02,5.061892185659445931e-02,1.785167206242361734e-02,-1.169297194451769141e-02,-1.115099493586200162e-02,1.162274184564367728e-02,-3.285376808315673691e-02,-4.109102207388198869e-02,-1.030785152916631302e-02,-2.757292520432035737e-02,-5.736925811010201715e-02,3.319544718921550990e-03,-1.294043044968106772e-02,-2.188701929742908892e-02,1.000619804666536168e-02,5.004559226533662926e-03,9.094048951174982937e-03,2.081442602248825130e-02,-3.522580822796328014e-03,-1.427316502189023700e-02,-1.448742739217601279e-02,-9.328617243497691613e-03,4.189887440194543788e-03,1.444778061986525496e-02,-8.908342081345048402e-03,4.249584920231369231e-03,1.081485487069959624e-02,1.229431289224257318e-02,1.321877129215925060e-02,2.798467849072807517e-03,-3.530843221190188563e-02,-2.549767120837307180e-02,8.943076878179991723e-03,1.127570966900141511e-02,1.336886271970341364e-02,1.378213972470707614e-02,3.053997706241048937e-02,4.531280786753424245e-02,3.125826935864772088e-02,-2.700727697568550221e-03
7.599793345836397367e-03,-1.358848766211364148e-02,2.187271376923156235e-02,1.656716023739207783e-03,1.507034460172528359e-02,6.047166250270145406e-03,3.232509803332114795e-02,3.945546283380840791e-02,1.443436813509238643e-02,6.135688125742694288e-02,7.161578106280899747e-02,4.521313225764004434e-02,4.311652446403604205e-02,4.284422904265478560e-01,1.000000000000000000e+00,3.696349218221628985e-01,3.675171629489080716e-01,-2.050541725434351925e-01,7.041786270884357012e-03,1.837555628652927375e-01,3.921485963248377143e-02,7.222350534119242882e-02,2.424352439726823460e-02,-1.627625529607748880e-03,2.912990904689086863e-02,3.017508791628183140e-02,2.177584868731638132e-02,3.761399145690644957e-02,2.949386216218607970e-02,3.549857855753493774e-02,4.780859697371580425e-02,-1.254872308667944912e-03,4.185919829432274003e-02,5.501410808967247337e-03,9.078013889754507713e-04,-1.694775084078825600e-02,-2.667002961119663588e-04,-2.584016254029705695e-02,-1.867875375988803377e-02,-2.718280654266798033e-02,-1.243702675178379180e-02,-1.868226735438410085e-02,1.251986146064823502e-02,3.125341753329147557e-03,-5.219598178059190602e-02,-3.572509748022486696e-04,2.295934259451341830e-02,8.255266274245463831e-03,-2.704828828567445997e-02,-9.461509029959095859e-03,-6.758165245975100537e-03,-2.165371463590103074e-02,-2.538395299095661667e-02,1.003461307471031905e-02,3.315983599773824481e-02,5.190499235942766521e-03,3.154972789151781060e-02,1.510552452955245262e-02,2.644730295049004670e-02,1.534197307832384401e-02,-5.901644854445995021e-03,-1.349320208022947686e-02,-7.901674395994888814e-03,5.707447959743801834e-03,-1.729348566969823430e-03,7.386649945889740138e-03,8.436748729807543382e-03,3.610592026092204060e-02,3.406777096957406409e-02,1.684531370550639354e-02,1.805612055083557349e-02
4.336254652018920082e-03,-1.667414877042719748e-02,-1.813337510521589868e-02,-1.157459964919895293e-02,-1.963161555349322851e-02,-2.445701931336495896e-02,1.784022670101782998e-03,1.666151152158740559e-02,-3.393929770101182519e-02,4.008827794396763872e-02,1.061003601938499408e-01,-4.765787060590261776e-02,-1.134888147406312303e-01,3.731097804980854082e-01,3.696349218221628985e-01,1.000000000000000000e+00,8.908404492621146975e-02,-5.699176227184372251e-02,1.798618063203246409e-01,2.068552927445446443e-01,1.168764626622777053e-01,1.025925926886273459e-01,4.106756400961369610e-03,3.876549047503187462e-02,5.216808285673520118e-02,6.906413089531472649e-02,5.796114968407256596e-02,5.514606025648834120e-02,3.736945241849038563e-02,6.852692133397036978e-02,7.257494364978694934e-02,5.295419717180596154e-03,5.500557458882891770e-02,1.480846024169497378e-02,7.680629388927104513e-03,-3.200513514146460098e-02,-5.054484253767021866e-03,-4.432251649529475590e-02,-7.409028488205611496e-02,-2.593726661617992701e-02,-2.551018017084637560e-02,-5.269596927629367072e-02,3.059563709367658924e-02,-2.818800760871578021e-02,-2.098311693228722963e-02,3.666683693876856154e-03,-7.438125384551395793e-04,1.701392829283523284e-02,-5.505591476817351011e-03,-2.216367522580229774e-02,5.955633943354013936e-03,-1.585609866064093681e-02,-2.348589087501215533e-02,-2.227178662808087725e-02,-2.285673180364379900e-03,-1.241753547380727851e-02,1.290462890820209081e-03,-1.509088970448195337e-02,-3.490524234087194130e-03,-6.065621346977329888e-03,-1.143161652101688797e-02,-3.566279993679547650e-02,5.999708892274998977e-03,1.489947792446722104e-02,6.010613770250194943e-03,7.839564246393057254e-03,1.861792041888792049e-02,3.126241824541296094e-02,2.845918981413795082e-02,2.525407360872655715e-02,3.138185872955104316e-02
-4.118477785480858903e-03,5.309424032180665338e-03,2.591881819236359005e-02,4.333915959382978605e-02,2.763259271971331074e-02,6.639741921204821151e-02,9.397724040428052927e-02,9.640244840247816360e-02,4.518896685661513701e-02,6.253527753734056116e-02,7.957263426757617275e-02,1.046792806894936700e-01,2.254483738327664188e-01,5.752943382762510938e-01,3.675171629489080716e-01,8.908404492621146975e-02,1.000000000000000000e+00,1.966963286106272468e-01,3.117710147299103396e-02,2.393102286030710790e-01,2.073079508615228717e-01,1.705489306282677864e-01,9.240471288746605893e-02,6.673713921939768146e-02,1.211693052279064070e-01,8.356269102293419071e-02,8.836892067697627029e-02,8.636421222048347446e-02,7.479132535050442288e-02,7.032200739244530430e-02,7.564569974658168217e-02,2.262001863923286671e-02,4.032964642353548124e-02,1.243860187903516636e-02,1.819463476802326359e-04,6.585308422036157544e-03,8.807574474747756820e-04,-9.934874082628058697e-03,-1.995500528125786557e-02,-2.174226924212420420e-02,-3.964544384912054714e-02,-3.295864014820804044e-02,-1.372023467958535803e-02,8.278133325760779482e-03,4.388388209237586469e-03,3.332319238085058432e-03,9.440674074314916661e-03,2.812869363673660590e-03,1.756817197957054669e-02,-8.429590533956036981e-04,-2.484261697147582826e-02,-1.680337070302869926e-02,6.589769744421940419e-03,8.335369827557118777e-03,1.080299592451003203e-02,-1.767662801348591356e-02,7.080721356029643157e-03,1.387052846899510146e-02,4.389131188933309211e-03,2.210397053993288716e-02,-2.015345950621118699e-03,-4.014965891347641036e-02,-4.071632136334556173e-02,-1.299369129953249768e-02,-1.197068788607950560e-02,2.139820831900808920e-02,1.686097550251012352e-04,8.115094347124214569e-03,3.347160796575918834e-02,1.567897329275214774e-02,-1.536971824680459162e-02
-3.366271519954765548e-03,2.625699260770747792e-02,7.035014160078056087e-04,4.843337008067553906e-02,7.658628871048209913e-03,5.197469863683423091e-02,3.880660724515534038e-02,2.590845868780195307e-02,2.485727855539552125e-02,7.099595177260275463e-04,1.764384483851622314e-04,4.793445097703226063e-03,1.824225953368190795e-02,1.334357760728919484e-01,-2.050541725434351925e-01,-5.699176227184372251e-02,1.966963286106272468e-01,1.000000000000000000e+00,1.585750136433687063e-01,-4.299794939278595712e-02,1.357100981310479793e-01,-1.365826550174872173e-02,1.089342385698984124e-03,7.359452813828189222e-02,3.194738667674700688e-02,3.036995143230710945e-02,6.645760969318230404e-02,2.405114403840176440e-02,1.304515283652985663e-02,1.941589151979893069e-02,2.499167937018349078e-02,2.318128063551407395e-02,2.851482708104632197e-02,9.980329341324362460e-03,2.741817921367768057e-02,2.613839108426825597e-02,1.866393548343972530e-02,1.585577473240044541e-02,2.096975973875232074e-02,3.453688108763697251e-02,-4.482352606910754503e-03,1.235312114149732113e-03,1.224454182416281380e-02,2.895524092944949321e-02,3.889015893730249362e-02,1.227808196908234707e-02,1.634820675980498683e-02,3.380173727874215273e-02,5.230705767510657189e-02,1.096534357645741024e-02,3.201106529504194748e-02,-1.521802939101357839e-02,2.048972641745877218e-02,3.416337895194710567e-02,-5.225452503981174723e-03,-1.157166037766715026e-02,-1.082077509425529230e-02,1.485800183778258898e-02,-1.314202220513627922e-02,2.497387712264686251e-03,1.145555029588915703e-02,-2.751701762200245774e-02,-1.284306549153707566e-02,-8.257043644969990978e-03,-3.789287195112333098e-04,2.166455881660872204e-02,-2.865082472980772996e-02,-9.149833087568512782e-03,-2.530282117479944887e-02,-1.117349234082225078e-03,-2.051415037290757123e-02
2.641440420094611288e-02,3.047045684955606779e-02,3.683825545774263577e-02,4.052729922333953710e-02,3.083715069197174100e-02,9.466528818571925616e-03,1.801763910497557880e-02,-7.076526431335022037e-03,9.035951964418033680e-03,-8.945768441605828070e-03,-1.726273035970083553e-02,-2.027804323391477551e-02,-3.218463866330115164e-02,8.732677038945169112e-02,7.041786270884357012e-03,1.798618063203246409e-01,3.117710147299103396e-02,1.585750136433687063e-01,1.000000000000000000e+00,1.727079791934962028e-01,2.130935805994202681e-01,6.340419742901935718e-02,-1.848055383787031505e-02,9.949797623843319172e-02,4.298231581145028901e-02,8.755616738985932956e-02,5.819487595513049560e-02,1.887502325449881904e-02,-1.007244830696455394e-02,1.789551676696425273e-02,1.741813183508143445e-02,1.261876670186377197e-03,9.392494352264111473e-03,-1.045440159663546358e-02,6.144669704050862921e-03,-2.456451786312111377e-02,-4.255503745429490593e-03,-1.858775869778487091e-02,-1.934724761326856932e-02,1.120277173244221998e-02,1.964884194835250439e-02,-4.545395978552275312e-02,3.091038817324319801e-02,-4.498754359126104496e-03,1.574642999943592914e-02,2.035388828847175396e-02,2.804320409923072299e-02,2.078282726773051509e-02,3.575818686039023038e-03,2.463218411227109314e-03,3.483176945273392527e-02,4.185213451448692792e-03,1.613017332501764239e-02,3.717227308765753968e-02,9.681795684472284391e-03,2.062140973587908016e-02,2.669444242142069920e-02,5.008338258702119128e-02,2.368372995163193703e-02,1.659820056540179875e-02,6.887634654772101239e-03,-2.530422697446978869e-02,-2.425910608446025726e-02,-1.935611343292598444e-02,-2.425661016967000858e-02,-1.520446635685241375e-02,-2.581334809353747275e-02,-4.344045647937257171e-03,-1.487264950548935517e-02,-2.450547545515791795e-03,3.242377988599880884e-02
5.856160329701051194e-03,7.344685962120766839e-03,1.800780513287391152e-02,2.251843692307566730e-02,2.353788037611081671e-02,4.494132420065329037e-02,6.828423434761286825e-02,4.040189368191705876e-02,2.796068764280910252e-02,3.510691102316876311e-02,7.258659514530546586e-02,2.613906342237235989e-02,3.346817455142737929e-02,2.428396252791728271e-01,1.837555628652927375e-01,2.068552927445446443e-01,2.393102286030710790e-01,-4.299794939278595712e-02,1.727079791934962028e-01,1.000000000000000000e+00,3.610592827176047348e-01,5.480352689279982537e-01,1.561191915342468872e-01,1.485069005708762879e-01,1.872758021339384626e-01,1.691910130338614704e-01,1.368371540627670857e-01,6.442294958751795808e-02,7.760215978120288405e-02,7.008024787678170109e-02,6.359164572369868651e-02,5.213412869770296318e-03,1.061473788394568483e-02,1.677699142954966124e-02,-4.977282907646794069e-02,-4.035165511808412597e-02,3.270605349473623864e-03,-6.515247010986123521e-02,-4.746731048471788256e-02,-2.075025702984606424e-02,-2.161077321910339494e-02,-1.605238237008771787e-02,3.908156794355809732e-02,1.004592514191170530e-02,2.262558453883379422e-02,4.905522287085630623e-02,4.421415358195160406e-02,1.537196111657718016e-03,2.959108616571028486e-02,3.023448789779338217e-02,1.824125393424945452e-02,2.244651389475301601e-02,2.307968246624593489e-02,4.161845584129951828e-03,1.481049075108714641e-02,-1.303678494644715594e-02,-8.417468358681488155e-03,1.477436715051274750e-04,-8.282058301090905808e-03,-1.109251724522090227e-02,1.129479273956828303e-02,-1.159872139832758553e-02,-9.678785433293717391e-03,-5.091516664580200691e-03,-1.719922572271074743e-02,-1.136080318175111334e-02,-7.954753909156529745e-03,2.203220136506499338e-03,6.622761203440157528e-03,1.142473020315008803e-02,1.768703748748051002e-02
2.432322410537969548e-02,1.624622682842857477e-02,4.721519937467026640e-02,4.792297065117989002e-02,4.265727287923257866e-02,4.809543198548597853e-02,7.242930200184466427e-02,3.921935853125210064e-02,3.060444936726767692e-02,2.101730585845867222e-02,8.698043298336170792e-02,3.841544657629390042e-02,6.322318311339132635e-02,2.029572119046777201e-01,3.921485963248377143e-02,1.168764626622777053e-01,2.073079508615228717e-01,1.357100981310479793e-01,2.130935805994202681e-01,3.610592827176047348e-01,1.000000000000000000e+00,3.352570361567021595e-01,2.557018385953110928e-01,3.987984362442041908e-01,3.268364261981013263e-01,3.336726540204817404e-01,2.837848728028614098e-01,1.669885257415970881e-01,1.407643077765606821e-01,1.463986868596884316e-01,8.506590815297762620e-02,3.690434315479663302e-02,3.330577458348530501e-02,3.811550044561914236e-02,3.174430972286380968e-03,-2.586801126125391412e-02,3.360551696448992043e-02,-1.706327828093787136e-02,-6.198533721945682223e-02,-1.454333121867693902e-02,-2.161239287145236623e-02,-5.899444741893634242e-02,2.093038473919307807e-02,1.084795400897033482e-02,2.183768426460703030e-02,3.284263529857994746e-02,3.210346017283608605e-02,-4.254737511277075987e-03,4.986838799245590231e-02,3.523293213400045115e-02,1.083778259968983665e-02,-4.044773095352883346e-03,2.642264208646162571e-02,9.808410740183757213e-04,-5.125659673372577607e-03,8.503040006389154734e-03,2.388357069087091930e-02,3.263539009821885689e-02,1.821863198779794316e-02,1.212900720970671448e-02,1.988924595688922395e-02,-3.006563253277001399e-02,-3.802556541344938312e-02,-2.137473142274593993e-02,-2.177122961905098714e-02,4.539912823223671637e-03,-2.563750175812480603e-02,8.672220053479022875e-03,-2.564830475981902391e-02,1.597362213621856489e-03,1.225644637761630308e-03
1.786426858512099938e-02,1.723435490085704902e-02,3.232305829427627175e-02,2.357514529253296187e-02,2.282095150181151846e-02,4.643674741035676984e-02,5.368132288492410281e-02,2.685701377980681537e-02,4.770576960507609543e-02,3.580275464150404346e-02,5.733822099640551589e-02,2.341869517309306398e-02,2.931791057748303619e-02,1.650759903918281590e-01,7.222350534119242882e-02,1.025925926886273459e-01,1.705489306282677864e-01,-1.365826550174872173e-02,6.340419742901935718e-02,5.480352689279982537e-01,3.352570361567021595e-01,1.000000000000000000e+00,2.172636956132772967e-01,1.508376359318699400e-01,2.054699008004571004e-01,1.415013639735815398e-01,1.406264365759192780e-01,6.248039892457480510e-02,5.801843933953950566e-02,7.092866721880738967e-02,6.519202124363111805e-02,7.273009038031364067e-03,2.753739582218827850e-02,2.290365148772115222e-02,-4.305941716240223316e-02,-3.927370665553504142e-02,1.302700055803703016e-02,-6.157507032957659776e-02,-4.587548323793380622e-02,-7.612243699380333468e-03,-8.519290067432757838e-03,-1.646278283193615757e-02,3.680501670214832849e-02,-1.207343906701838384e-04,4.654367394621469756e-02,3.205796109616854128e-02,5.439615912728383400e-03,1.776536343904260712e-02,2.986836168256745694e-02,3.103983251967805065e-04,-3.359241677672363761e-03,-6.000851454918722239e-03,1.007631802507853377e-02,-1.880372076900638928e-02,-4.395056463321436388e-03,-1.416020681936114474e-02,-3.719610880992742230e-03,-8.587778377707792898e-03,8.271732273338177135e-03,-3.933413788001440328e-03,2.629982163622259297e-02,1.418250946590431496e-03,3.513248574166905926e-03,1.157405925251607688e-02,7.220956620332120686e-04,-1.530535899594183229e-02,4.688441746409043845e-04,-1.051659856514121187e-02,5.456019128818864750e-03,7.591897323227072072e-03,-2.384088608622707706e-03
