1.000000000000000000e+00,4.204102145730046480e-01,3.746560622803936647e-01,4.612449148678808286e-01,2.396962194551541525e-01,2.677127222307794652e-01,2.538433694067794288e-01,1.477145422967904853e-01,2.155793727912257429e-01,1.502782280321305342e-01,1.793423476851389864e-01,1.107929477621835551e-01,2.846993118530465744e-02,1.410689508795255273e-02,-5.259274354727098283e-02,2.993155194623040027e-02,1.269244272603947676e-02,1.526367589314157024e-02,-6.403210727342989461e-02,9.112211313971005713e-03,-3.070014210257785217e-02,-2.826671337819214314e-02,9.672993404379660876e-02,1.208308836516743846e-02,9.375177826192340746e-02,6.513509770751088612e-02,-4.525108985502385335e-03,2.557622817761684084e-02,-6.854914112123372538e-02,-6.062754419771641985e-03,-6.608290145987609499e-02,-6.584608622401762201e-02,-3.359138401026993959e-02,-1.164974080987173366e-01,-7.879545261821312152e-02,-8.293283753346036846e-02,-2.438173185917266728e-02,-7.389266605314493211e-03,-1.042104035179818172e-01,-1.169801308805371379e-02,-3.640064825366073897e-02,-7.021493267349830647e-02,4.289990292601943145e-03,-6.124704137090423300e-02,5.976331629181782373e-02,1.572976603665495257e-02,1.978737547394077145e-02,9.984591356522358463e-02,6.515208721160710426e-02,3.006679555648482036e-02,6.601354390442318310e-02,4.854705271467551347e-02,8.699848727000575321e-02,3.519041625168852633e-02,3.847222667932116702e-02,1.960471234034832574e-02,1.166780956428181693e-02,1.938401491148536090e-02,3.442774176063147229e-02,-3.404620058861504341e-03,-6.801999085641354664e-03,3.338907237120489202e-02,2.642635563913728683e-02,7.927736516327471561e-02,5.030776432379246293e-02,3.575407302204081789e-02,-3.155959032313961771e-02,2.946059318964483129e-02,-3.588265666371420705e-04,-4.407803205623144621e-02,-4.712827432209254659e-03
4.204102145730046480e-01,1.000000000000000000e+00,3.962566362279418830e-01,5.026454628845188344e-01,4.584441689510559970e-01,2.299658082994196495e-01,3.205519920170990522e-01,2.384747765756909943e-01,2.118500983300314611e-01,2.227636994334629694e-01,1.868903975981459908e-01,8.796230093484738721e-02,-8.201368459994881274e-03,-6.762032290746256002e-02,-1.083645679727985728e-01,-1.933743985327993770e-02,-8.056224583621338087e-02,-7.100591717858856233e-02,-1.409104673729920654e-01,-6.486637393387191530e-02,-8.956538054257739967e-02,-1.028636941689531070e-01,6.403279662612811063e-02,-2.129224529319553513e-02,5.826494105203389173e-02,5.149372047647934880e-02,3.076365700050762847e-02,5.624271842973511959e-02,-3.066801700117093021e-02,5.767858603415033231e-02,-1.962286019012550453e-02,-3.170837445224896495e-02,9.680604669961579908e-03,-1.056194055441191659e-01,-1.238037312490541074e-02,-5.324033220638817870e-02,2.599690787422075100e-02,-1.744305677810117569e-02,-9.657763233880728437e-02,1.657233936871704491e-02,-1.020163264069449405e-01,-5.480568733115601804e-02,-2.743280833644485758e-02,-8.113215313685606667e-02,3.200984499181974002e-02,3.772646627765562088e-02,2.233596925249227948e-03,7.462780927377908602e-02,1.205992870736484479e-01,-4.615869932260897694e-03,8.312084723393724228e-02,4.283761328133534746e-02,3.211943903609189299e-02,7.357848453450404995e-03,3.425643562965594024e-02,-2.920619914040525900e-02,-4.421554761664484717e-02,-3.984468905276634249e-02,-2.331043514905922071e-02,-1.900712209178555614e-02,1.905087874621902867e-03,7.064611265957785463e-03,8.647442886496515060e-03,8.671953622290569375e-02,8.345783096122161293e-02,-7.006372878064249209e-03,-5.711998886790103230e-02,9.532521456529849391e-02,-3.322800759015143851e-02,-4.861098170514003419e-02,-5.629904112185535325e-02
3.746560622803936647e-01,3.962566362279418830e-01,1.000000000000000000e+00,3.953093422744315966e-01,4.724423403219561446e-01,4.382729932742756018e-01,2.481101198360980420e-01,2.208774555297111641e-01,2.219201861832020561e-01,1.492133628118975652e-01,2.070321409152860448e-01,7.576523019223439792e-02,-3.226235548627946759e-02,-4.079109698056797989e-02,-9.295056684401191427e-02,-1.478640459850354139e-02,-2.556127381299481624e-02,7.792779550280776570e-04,-9.242430569286665121e-02,-5.884317071855308182e-03,-1.574799956879995716e-02,-7.001838855294914565e-02,1.146874812229349005e-01,4.521268851441407471e-02,1.154856225413803394e-01,9.813755210208650881e-02,4.757899450572156130e-02,5.414326827578098966e-02,-5.315985017116485467e-02,6.561251896841462095e-02,-7.687322202785883130e-02,1.171979039893987495e-03,-1.916122406684328192e-02,-1.268775765437429870e-01,-4.839557453304556278e-02,-1.075249844206811467e-01,-3.258446498343720021e-02,-4.321973896074859933e-02,-1.595598716847482224e-01,-6.022112033726943758e-02,-9.148660278981936289e-02,-1.394883387086170989e-01,-7.013235614886434433e-02,-1.257236955067121686e-01,1.191583649217697362e-03,-2.279299312155256760e-03,4.748100509756315174e-03,1.272626249412605604e-01,1.234811987851632820e-01,-2.391095853072836008e-02,6.495421784334690085e-02,2.983248614848869190e-02,2.545846785666181639e-02,7.568445043521242199e-03,1.726468035006584884e-02,-2.354373133051232414e-02,5.229889514848246219e-03,-1.633861979298453782e-02,3.420160956223468329e-02,2.483738507512930644e-03,1.925284021378395605e-02,5.103504779879754899e-02,8.974724857442875625e-02,1.465560644826871539e-01,1.450583985646283769e-01,7.859283916313751506e-02,-3.985455457291884468e-02,1.092018664677465861e-01,2.283433902563611340e-02,5.997031668855175995e-03,2.534314049374115224e-02
4.612449148678808286e-01,5.026454628845188344e-01,3.953093422744315966e-01,1.000000000000000000e+00,4.098201004806012460e-01,4.107388880356839245e-01,5.018357984516127468e-01,2.428449043469658453e-01,3.295134979738229553e-01,2.879692807902346496e-01,2.576936569986388870e-01,1.367783039777248077e-01,-1.793688482896887634e-02,-3.457388182615078742e-02,-1.139421732157297612e-01,2.399195167614662921e-02,-7.521145397953735157e-02,-2.964572311476181693e-02,-1.589052665205831216e-01,-6.879693251565657287e-03,-7.336840438549974142e-02,-6.875612423327008560e-02,1.308007418944421296e-01,8.901709972300213269e-03,1.355718016088925670e-01,6.331746207464983289e-02,-5.256996143275791296e-03,8.409355349580560982e-03,-7.944951847249900889e-02,7.645249292243242421e-03,-6.193940421677472663e-02,-7.718417033088038892e-02,-3.700040413089435154e-02,-1.264909396325384905e-01,-5.779138689748829910e-02,-7.055620977313378783e-02,7.297625591048956251e-02,5.400853801092696943e-02,-6.914697584379120299e-02,4.732293547071284023e-02,-2.380438807335705578e-02,-3.624748651513470116e-02,3.106814673189547266e-02,-5.541035768553814744e-02,8.566193180476382174e-02,2.835135769344431303e-02,-4.100374358870157061e-03,1.147067011635360262e-01,1.210084345896750568e-01,2.823293875206066630e-03,9.456432485767213292e-02,2.549912153620951735e-02,4.842004199219890337e-02,1.335354855542154190e-02,7.235894621628238821e-02,-4.931173617062512005e-02,-5.690547453000163736e-02,-5.708219040911656494e-02,-4.253930140656049519e-02,-2.520677223496422398e-02,-2.013267618550316357e-02,2.918421606967727677e-02,2.571049616256615086e-02,1.103844899710428040e-01,7.611099723423564445e-02,2.570081456721350771e-02,-4.925438859359536348e-02,5.987288879297888305e-02,-1.610916456724836160e-02,-3.840211236247361576e-02,-2.559606583664046642e-02
2.396962194551541525e-01,4.584441689510559970e-01,4.724423403219561446e-01,4.098201004806012460e-01,1.000000000000000000e+00,4.053750461930313853e-01,3.721779442969654350e-01,3.625590852714036250e-01,2.387987972926563784e-01,2.867797091613341620e-01,2.321331895370845888e-01,4.617920764854348964e-02,-7.229502731725637177e-02,-1.099320318702238231e-01,-1.405286964222077495e-01,-6.228510311701532243e-02,-1.416882428818384831e-01,-1.028316428141996947e-01,-1.612900506487335850e-01,-1.064142794169405937e-01,-1.254111512753209867e-01,-1.845377802417165480e-01,4.587522364312631579e-02,-3.495086790031165513e-02,5.646257243084956690e-02,5.845373123351280814e-02,8.420158707343736171e-02,8.632940174602067585e-02,1.079994579146075807e-02,1.278011283034742041e-01,-1.671747961188990717e-02,3.272791650719864692e-02,4.348770048661558529e-02,-1.285076129721393623e-01,-1.025784273746462895e-02,-2.159869030112693614e-02,2.892058476646342316e-02,-5.052184849197752931e-02,-7.066137974589913051e-02,2.760006788954480136e-02,-1.007709583144352494e-01,-7.679178255798956021e-02,-7.727110589242079663e-02,-1.073136241834380528e-01,6.052910206593433221e-03,-1.897860892629613366e-03,-3.894227077918022834e-02,7.088601605671071559e-02,1.509764271692083382e-01,-3.348629052477417045e-02,7.813641421450641389e-02,-3.750288813906624014e-04,-5.271903713316756362e-02,-2.303149396609383698e-02,1.731927408272168623e-02,-8.915928940079478893e-02,-8.580402622899360732e-02,-9.047255075557134041e-02,-5.171983867369391724e-02,-1.569395168056786707e-02,1.525069751766186359e-02,1.921029594242537608e-02,7.264462878156743852e-02,1.086943769677556765e-01,1.416687232074354263e-01,3.550546150519606065e-02,-5.517684055849161884e-02,1.552017052189580137e-01,-4.218754936019213780e-02,-3.067666114819319126e-02,-3.702235203902756039e-02
2.677127222307794652e-01,2.299658082994196495e-01,4.382729932742756018e-01,4.107388880356839245e-01,4.053750461930313853e-01,1.000000000000000000e+00,3.977933802015606313e-01,3.267736768925645352e-01,4.522985832575906473e-01,2.574150172861634500e-01,3.748099658838633941e-01,8.788885731479692542e-02,-4.965539072376968371e-02,-2.134898300304622840e-02,-3.998693375661779154e-02,8.124823704255209472e-03,-4.536372541968780592e-02,1.930306801728810112e-02,-1.056131695113452090e-01,3.116546427839659520e-03,-2.591480944245229748e-02,-7.195672905004776854e-02,1.378887563187659870e-01,2.710301275459043105e-02,1.506291432959159515e-01,8.355072053768841656e-02,-6.898434786908375430e-03,3.624690042943944090e-02,-7.913395444543612489e-02,7.625868311317381652e-03,-7.507630843457598069e-02,-4.724327815012531462e-02,-5.695582455746491662e-02,-1.359558181803648125e-01,-9.485580400987665695e-02,-9.120184803686577635e-02,-4.273997521768637536e-02,-2.080959259455404664e-02,-8.365093168855453065e-02,-3.489074281020023566e-02,-1.277348511585649389e-02,-8.883804172440498692e-02,-7.455441429230004122e-03,-9.181040058465561593e-02,3.804496901756016652e-02,-1.987210897420159383e-02,1.313662828863534048e-02,1.208070495352376317e-01,1.407758870305512444e-01,3.474323052251489241e-02,7.991995302970837656e-02,2.931156433914721901e-02,3.199154225882153840e-02,-3.144456209504196270e-02,6.052404288824518586e-02,-5.364403089283951986e-02,-6.142441398684697455e-03,-3.837693634958532635e-02,3.511828840028045212e-02,1.037234441436366526e-02,5.717602433273655249e-02,8.767160661769669849e-02,9.465368589554325196e-02,1.140267602501442989e-01,9.858339697484641562e-02,6.616936023080366436e-02,-6.275053969969261736e-02,4.670081564402304292e-02,4.986319251505719370e-03,-3.137354571692985844e-02,-1.003907437563008459e-02
2.538433694067794288e-01,3.205519920170990522e-01,2.481101198360980420e-01,5.018357984516127468e-01,3.721779442969654350e-01,3.977933802015606313e-01,1.000000000000000000e+00,3.267759672790772063e-01,4.694608120881820779e-01,4.192129913901531113e-01,3.219844125166008153e-01,2.033413528865971598e-01,5.480777524582301774e-02,-5.706742784155964532e-02,-8.403764362989653292e-02,-1.075507257487874277e-02,-1.513501700108338677e-01,-7.329317473659210935e-02,-2.230973830479450193e-01,-6.255535606805007198e-02,-1.186324642269086932e-01,-1.095370572494876737e-01,9.649100247536422648e-02,-3.234326118128739991e-02,1.494074530774324172e-01,3.022981152027908597e-02,-1.818167255740650926e-02,6.185454027132118553e-03,-6.086740112212470077e-02,8.594956039435346432e-03,-2.967217064807493171e-02,-7.216891723462479091e-02,-2.256376260352973423e-02,-1.254116512392552119e-01,-8.002203211514397063e-02,-3.458495300026400571e-02,7.466497311822985206e-02,4.241626765357404960e-02,-5.632490907015276667e-03,3.654423428661350559e-02,1.857411685244635124e-02,9.887398295368429735e-03,3.122209686685745167e-02,-9.028151258089203712e-02,1.322537297167382386e-02,-4.633047991751809702e-02,-5.940161636618603025e-02,6.354808257942157201e-02,1.522289351663768109e-01,1.836231768404934100e-02,8.954130390000054895e-02,5.307569414320889275e-04,1.656279065093517813e-02,-1.749548156851535655e-02,6.771306881407997136e-02,-8.892765351094404636e-02,-9.718695457707009211e-02,-9.290243909517648113e-02,-5.037571154620465452e-02,-2.213232928326963264e-02,3.528789518455706375e-02,8.590631338633546166e-02,9.407158447841569571e-02,1.310177285943905923e-01,1.007671741499090584e-01,3.680791334126658904e-02,-6.265678480546846285e-02,5.512847599701194840e-02,-1.401878145151336762e-02,-4.516216082721714181e-02,-3.942372219800378830e-02
1.477145422967904853e-01,2.384747765756909943e-01,2.208774555297111641e-01,2.428449043469658453e-01,3.625590852714036250e-01,3.267736768925645352e-01,3.267759672790772063e-01,1.000000000000000000e+00,3.766365414834767500e-01,5.042522541882203946e-01,4.926680068643018995e-01,5.481400140942480070e-02,-1.091533165270975048e-01,-1.456863883961461714e-01,-1.464809709051611009e-01,-1.446818110857656936e-01,-1.836914595058748989e-01,-1.497758339097159941e-01,-1.852375138106639174e-01,-9.916587667598335265e-02,-5.735463261252578965e-02,-1.567498923514600295e-01,6.121283728314604738e-02,-3.802993928710982768e-02,6.723985558024489495e-02,7.158817258620145396e-02,1.487545153416702445e-02,6.457475922352781672e-02,-4.921308440143518786e-02,6.173738140806591529e-02,-7.815383544412517203e-02,-5.552382261348125236e-02,-3.372281551849297399e-02,-1.559474595322769275e-01,-6.768976815758309673e-02,-8.059897445257295512e-02,-5.282737310078533532e-02,-5.144903503390010208e-02,-4.978692242803908763e-02,-4.840516229860051568e-03,8.940619070747750016e-03,-2.399569356580250751e-02,2.675506723146206176e-02,-7.314183812292240905e-02,4.299035462687741949e-02,-1.473611522111092920e-02,-1.520661457343705503e-02,5.431504308444900370e-02,9.469768376374874952e-02,2.157668189961763072e-02,8.254305298966592430e-02,7.163044839363735990e-03,8.293497166689377947e-03,-7.829173345001616546e-02,-3.982751546981513208e-02,-7.350709979208580602e-02,-4.423391273892631620e-02,-8.354062440968884617e-02,-3.678285106739671243e-03,-2.326749887434647474e-02,1.093346801839584909e-01,9.632958155197719752e-02,1.177120874727255739e-01,8.463599216780660905e-02,1.123606764560446392e-01,1.144768545580843178e-02,-1.013107292986950708e-01,6.910830609639959099e-02,-1.539762289840653810e-02,-6.092801131617427146e-02,-2.288987704846827398e-02
2.155793727912257429e-01,2.118500983300314611e-01,2.219201861832020561e-01,3.295134979738229553e-01,2.387987972926563784e-01,4.522985832575906473e-01,4.694608120881820779e-01,3.766365414834767500e-01,1.000000000000000000e+00,3.926406162350469797e-01,5.718778938786264199e-01,3.409214463609367973e-01,1.013606809004151676e-01,3.328913934630373106e-02,-5.413218414447597271e-02,2.505862894815013425e-02,-3.561002449297320793e-02,-2.893235427005547318e-03,-1.413460665238662761e-01,-3.646534661138425837e-02,-7.862764667968215326e-02,-8.983329557816910338e-02,1.410400944841181392e-01,-1.502258930797388710e-02,1.900377479525242330e-01,7.858897019836023901e-02,-4.211985386318600755e-02,-3.212917168988280864e-03,-9.899111206188179746e-02,-3.118914436345322436e-02,-4.244201127467602669e-02,-1.188793368082130680e-01,-5.570137626750827631e-02,-1.976782643666061268e-01,-1.536346488238791164e-01,-6.546398070221307042e-02,-8.384128078283056493e-03,-1.954097028979405806e-02,-3.484139839067595945e-02,2.577502385204060234e-02,5.503920067801624377e-02,5.960416039703259408e-03,9.579777353575563703e-02,-6.159995826322343937e-02,7.330522510843935635e-02,-1.211064868748639410e-02,-2.502629185313315005e-02,1.384507788909777326e-01,1.951909329069938803e-01,4.417455381459420294e-02,1.183403965359292875e-01,2.775842160042088502e-02,3.197329062014266782e-02,-7.115713828798199414e-02,3.201073291676768268e-02,-8.358641492178904564e-02,-4.059642882517192769e-02,-7.222766724736298660e-02,9.276122560093658445e-03,2.979618880344561335e-02,6.747087076541541384e-02,9.924083223129522013e-02,1.025430437656023597e-01,9.427883539632306298e-02,6.288947144860218552e-02,4.205536781033553106e-02,-8.225630546624820849e-02,5.310748405060960325e-02,-2.104733819958001795e-02,-5.394286812850099255e-02,-4.351652485456036779e-02
1.502782280321305342e-01,2.227636994334629694e-01,1.492133628118975652e-01,2.879692807902346496e-01,2.867797091613341620e-01,2.574150172861634500e-01,4.192129913901531113e-01,5.042522541882203946e-01,3.926406162350469797e-01,1.000000000000000000e+00,4.088773334280588756e-01,1.834448492026236888e-01,5.694128836199598837e-02,-1.074646054311602095e-01,-7.660445232587911879e-02,-1.462230301306025569e-02,-1.240852387962274594e-01,-9.833463576805905049e-02,-1.681322918023497870e-01,-1.009331379306376425e-01,-1.492373127447075010e-01,-1.640396705511490416e-01,3.545821652453436112e-02,-9.761650344905246912e-02,9.589620057284999055e-02,-2.669448804400147493e-02,-1.839225298253977306e-02,-2.263675665131150219e-02,-1.057769353624872510e-01,-1.356642556449643745e-02,-5.534028024321155370e-02,-9.654782144875537209e-02,-6.058858857248988067e-02,-1.248103970061666124e-01,-4.839984115119958658e-02,2.830404262178647795e-02,8.181839004260137160e-02,3.059953048344230334e-02,6.060860547041437701e-02,4.427124035070881258e-02,3.726318693946499561e-02,6.433674167891952067e-02,6.886215271371269597e-02,-3.363446124724910058e-02,7.880374892421972144e-02,1.578061698005467708e-02,-2.089048782442398666e-02,7.774713175867839499e-02,1.874543189314426539e-01,3.254956408769879572e-02,1.372769135293793186e-01,7.313752011927053716e-03,-5.668693941470472585e-03,-1.876676369039137135e-02,7.349034108417846047e-04,-1.085630274421272023e-01,-9.125333542912637819e-02,-1.183104517141947420e-01,-6.518365171610335240e-02,-1.150617277263847778e-02,4.784178337523528612e-02,9.226376802939251220e-02,9.863845388404041126e-02,4.950402258083221041e-02,6.959829677929040004e-02,-2.986885148950244387e-03,-8.878446402721741626e-02,2.790719628495366700e-02,-6.917598560932522456e-02,-7.427962778485466822e-02,-8.258517960953552783e-02
1.793423476851389864e-01,1.868903975981459908e-01,2.070321409152860448e-01,2.576936569986388870e-01,2.321331895370845888e-01,3.748099658838633941e-01,3.219844125166008153e-01,4.926680068643018995e-01,5.718778938786264199e-01,4.088773334280588756e-01,1.000000000000000000e+00,2.511187289166227909e-01,-5.992391831568164712e-02,-8.029065102021937239e-02,-1.613239271278942288e-01,-2.923508379422293246e-02,-1.031863405932761379e-01,-5.202182865457443545e-02,-1.408861039585689867e-01,-4.934257078058883889e-02,-5.827686815698212425e-02,-1.388350613789844645e-01,1.025588637558249028e-01,-4.577072605018410456e-02,9.881331825972262950e-02,6.893107109581912695e-02,-2.398139725852545256e-02,2.812540097316582402e-02,-9.379855329246555851e-02,1.463400253019709902e-03,-5.157306958316390522e-02,-8.870536044313875879e-02,-2.559243968218713212e-03,-1.411431474130585006e-01,-8.368375332130319200e-02,-7.299327769168831304e-02,-3.749671679050382844e-02,-2.586374842147116590e-02,-6.128227726304431855e-02,1.972778064216691111e-03,2.983365956058858445e-02,-2.804321305832031819e-03,8.529095302635865405e-02,-6.175857834953563802e-02,4.699291461046140733e-02,-4.102831940880426013e-03,-2.970863938717020411e-02,1.092460942517699263e-01,1.058836116032689095e-01,1.807376751676771989e-02,7.730697622331890451e-02,1.225190823907173696e-02,5.879674067736334435e-03,-7.793461976627695520e-02,-9.219385785437463413e-03,-1.045405510588147679e-01,-1.200386031204128678e-02,-8.133789356634545109e-02,3.964323672961512363e-02,1.482664202868586370e-02,6.696668521640516958e-02,6.199608965001870975e-02,9.503394923872812705e-02,8.734824943658915652e-02,7.658056112036878971e-02,2.501779481292581986e-02,-6.957382476942214344e-02,7.529753177021997201e-02,-3.814704070735880359e-02,-3.584946099985954898e-02,-3.826401496608382302e-02
1.107929477621835551e-01,8.796230093484738721e-02,7.576523019223439792e-02,1.367783039777248077e-01,4.617920764854348964e-02,8.788885731479692542e-02,2.033413528865971598e-01,5.481400140942480070e-02,3.409214463609367973e-01,1.834448492026236888e-01,2.511187289166227909e-01,1.000000000000000000e+00,3.313179317491988241e-01,1.722204890251942955e-01,-7.299796098800133415e-02,1.514826789624474646e-01,9.018554869834904952e-02,2.786858526506441266e-02,-8.615380059045738004e-02,-5.015731342738885545e-02,-8.665716459695688156e-02,-4.631756563029872792e-02,9.046696312045485189e-02,-2.788488400357299127e-02,1.232782649405025355e-01,3.738020590316346731e-02,-4.304773774056361302e-02,-1.465057850173823520e-02,-7.786570308382127770e-02,5.202103688848980917e-03,1.902935507508010313e-02,-1.111396284154873293e-01,-1.893281467477486019e-02,-1.295571840896902749e-01,-8.605622776746883751e-02,1.576387295954620460e-03,4.849821005643985966e-02,-1.620727663716325234e-02,3.284736991232657926e-03,3.844196418993436892e-02,5.628266846889521530e-02,3.121550971492866380e-02,5.998522969422157014e-02,-5.795502252550954747e-02,3.851871806146931615e-02,-4.005345555859965434e-02,-1.814914948443130047e-02,7.439238337085862796e-02,1.478733466737578994e-01,4.112310090719427380e-02,9.302672938411325754e-02,-3.661323704306982275e-03,-1.691049398528973041e-02,-4.575039768971617821e-02,-4.583471649878442800e-02,-8.196026298160372092e-02,-2.074771398027548328e-02,-7.611471087206256314e-02,-1.841666003571982430e-02,2.265919536249010741e-02,1.606687236204673921e-02,6.267459087854231059e-02,6.307655861346719850e-02,3.774686052052184798e-02,6.039940217153177970e-02,3.931404545684504676e-02,-5.452915758704574706e-02,8.230237888258958023e-02,-5.554428069131140192e-03,-6.548873997877982696e-03,-9.247266546936371706e-03
2.846993118530465744e-02,-8.201368459994881274e-03,-3.226235548627946759e-02,-1.793688482896887634e-02,-7.229502731725637177e-02,-4.965539072376968371e-02,5.480777524582301774e-02,-1.091533165270975048e-01,1.013606809004151676e-01,5.694128836199598837e-02,-5.992391831568164712e-02,3.313179317491988241e-01,1.000000000000000000e+00,3.982179963913571874e-01,3.383313110399207013e-01,3.805054894915121388e-01,2.406557269253893350e-01,2.112117527962902863e-01,-2.730380485291837231e-02,1.437545879578797439e-02,-6.641472149165463662e-03,3.118737616853787392e-02,7.353462370246974245e-02,8.659310944846667843e-03,1.688216778981508348e-01,1.354050324063571856e-02,-6.266426356866100500e-02,-2.188697640461269300e-02,-9.020679406393343480e-02,-2.997558124330148080e-02,7.763018264286400058e-03,-8.354953232652856387e-02,-3.972874356059941797e-02,-6.673779554565795191e-02,-9.368027434197136183e-02,3.361165996449336918e-02,3.631792189598798126e-02,-2.515099533761558717e-02,9.802399269430966955e-02,6.910297275113359838e-02,1.297205621181463930e-01,6.251707362861834427e-02,6.617683158263866494e-02,-4.299408579185098889e-02,-1.795428234801529563e-02,-5.500548783522151569e-02,-6.402471918124996719e-02,-3.098521801157768513e-03,8.833964590473109002e-02,1.600188010205849318e-02,1.357842934233965612e-02,-3.340040998620084911e-02,-5.072706025400883396e-03,-5.613391311750170337e-02,-1.117473148513270509e-01,-2.930716503521047650e-02,1.260945664412742133e-02,-3.640673380893229283e-02,2.964584204631385417e-02,3.944287354022666531e-02,8.794613554288863155e-02,8.993704166458790783e-02,8.133935406080988750e-02,2.677963461619039739e-02,2.181351611958262660e-02,4.440955909867352197e-02,-1.097571592166047584e-02,-2.901703306861851822e-02,1.704425852433741687e-02,1.138581687234638956e-02,2.797220984995900037e-02
1.410689508795255273e-02,-6.762032290746256002e-02,-4.079109698056797989e-02,-3.457388182615078742e-02,-1.099320318702238231e-01,-2.134898300304622840e-02,-5.706742784155964532e-02,-1.456863883961461714e-01,3.328913934630373106e-02,-1.074646054311602095e-01,-8.029065102021937239e-02,1.722204890251942955e-01,3.982179963913571874e-01,1.000000000000000000e+00,4.294208114860874059e-01,4.380219405411404643e-01,5.362198792846557538e-01,2.626318679390762800e-01,2.296348996054543568e-01,9.977153534368808641e-02,1.298752069045998880e-01,1.584450797771438380e-01,1.558772270888862665e-01,-4.757192945918246180e-02,1.136671980182594882e-01,4.085489101213714974e-02,-2.238902403314488032e-01,-5.177979241116064703e-03,-7.567225270945492077e-02,-1.022174419082741564e-01,-1.142880212238318698e-02,-1.454562001525935844e-01,-9.644565838766112897e-02,-6.532465894507689941e-02,-2.007567345360425914e-01,-6.745524226329439876e-02,-1.457359241718004794e-01,-8.720607909484809350e-02,1.044376355730697488e-02,7.112926844263289805e-02,1.459636262548159036e-01,3.430269663536383157e-02,1.276643840361106896e-01,6.664564580341050815e-02,2.977016025103793734e-02,1.380963694818057586e-01,6.908718294948502925e-02,7.774711042040273468e-02,-1.313450118884965101e-02,4.271391363678901654e-02,-2.963560796886047580e-02,4.390226290218131322e-02,4.536400243823963258e-02,5.484109928291470634e-03,3.450526391658330361e-02,1.221626442726308909e-01,1.195740172742894153e-01,8.409247789111352900e-02,1.081697281126808297e-01,9.952583393459192573e-02,5.567887167194078557e-02,-7.277721376298433575e-02,-9.157780194463341350e-02,-6.544309306501629175e-02,-1.804210384520898713e-01,6.317575332855894510e-02,7.981323188228883758e-02,-1.853320682054883928e-01,-1.088085537602842684e-01,-1.351979312062827343e-01,-4.851860289830910861e-02
-5.259274354727098283e-02,-1.083645679727985728e-01,-9.295056684401191427e-02,-1.139421732157297612e-01,-1.405286964222077495e-01,-3.998693375661779154e-02,-8.403764362989653292e-02,-1.464809709051611009e-01,-5.413218414447597271e-02,-7.660445232587911879e-02,-1.613239271278942288e-01,-7.299796098800133415e-02,3.383313110399207013e-01,4.294208114860874059e-01,1.000000000000000000e+00,3.028706572564117128e-01,3.464254421118537763e-01,3.261083729492592620e-01,1.218856987395871005e-01,1.467204814027951165e-01,1.730964585068173189e-01,2.326119017105835463e-01,8.762271140548590076e-02,7.346945964157554354e-02,5.930140719336275679e-02,2.250037986106292413e-03,-1.945918238332813022e-01,-1.073483041453966724e-01,-3.316437530788297200e-02,-2.119549861443674466e-01,-5.453482177520812407e-02,-1.241718299558138144e-01,-1.853700788716847458e-01,-1.506157932593506915e-02,-1.588971529190243981e-01,-5.697808996257317654e-02,-8.350184654157578878e-02,-6.506177301482550523e-02,6.178717402878156767e-02,1.530621488539979716e-02,1.521468719633221334e-01,4.467412070814311131e-02,1.102354689442122671e-01,1.129620804019066116e-01,7.353451884667758232e-02,1.358068226833867576e-01,9.724243220874581595e-02,4.846342698610230093e-02,-6.788691807778673287e-03,7.335658855103548148e-02,-7.373186882690992670e-03,6.932065148738417171e-02,1.200510355344072827e-01,3.251689981842455918e-02,3.861468195991060726e-02,1.381110866899984135e-01,7.400508612454216595e-02,1.360658592746408491e-01,7.069500101365908118e-02,8.103706906831158185e-02,6.549143862068207075e-03,-2.868233794529289130e-02,-6.930522162013741383e-02,-5.935589185072377705e-02,-1.752590620107567498e-01,-9.644932908857201115e-02,5.157594773925908843e-02,-2.290775196185159956e-01,2.286739960955103471e-02,-3.195846996554738834e-02,1.712525500242611728e-02
2.993155194623040027e-02,-1.933743985327993770e-02,-1.478640459850354139e-02,2.399195167614662921e-02,-6.228510311701532243e-02,8.124823704255209472e-03,-1.075507257487874277e-02,-1.446818110857656936e-01,2.505862894815013425e-02,-1.462230301306025569e-02,-2.923508379422293246e-02,1.514826789624474646e-01,3.805054894915121388e-01,4.380219405411404643e-01,3.028706572564117128e-01,1.000000000000000000e+00,3.824521053021422978e-01,3.735025606716038116e-01,2.675062817246526281e-01,1.399676253474722576e-01,5.466288497887000775e-02,1.254319429495648341e-01,9.076227638252083729e-02,-6.114446120831001225e-02,8.877988966395441994e-02,-2.849766078308119815e-02,-1.408204398479071251e-01,-8.442305982537878090e-03,-6.823216124606019083e-03,-5.971235523158606451e-02,8.439401613414794501e-02,-2.215149938312334019e-02,2.325411064567141015e-03,9.887139992078955442e-02,-6.664733406131441440e-02,2.446675720023940015e-02,2.302879032969808518e-02,4.857217314621070913e-05,6.385665216434438518e-02,2.185377104637140078e-02,1.091747051698066934e-01,3.169111397569689820e-02,1.047631745556708294e-01,4.063150515826444847e-02,-6.650814421681703129e-03,9.993941526156803479e-02,-2.208460355245940240e-02,3.200597605352525216e-02,-1.541202906991134131e-02,-1.148170633825094378e-01,-3.810193867155088621e-02,-5.171921733460964343e-02,-5.085069330792734571e-02,-4.975370479200023899e-02,-1.659536372431565793e-02,-8.011961590714244963e-02,1.802582947825393314e-02,-4.987418900268052874e-02,6.981063951862681582e-02,1.113060022954957540e-01,-4.958141959214927216e-03,-6.361521470922791577e-02,-3.677247078637675692e-02,2.867199453508257126e-02,-6.062151559280028190e-02,1.259965162045041387e-01,2.150905910106230556e-01,-5.105401334891772336e-02,-1.773607467535801008e-01,-1.052916793882451713e-02,-9.586911717700169477e-02
1.269244272603947676e-02,-8.056224583621338087e-02,-2.556127381299481624e-02,-7.521145397953735157e-02,-1.416882428818384831e-01,-4.536372541968780592e-02,-1.513501700108338677e-01,-1.836914595058748989e-01,-3.561002449297320793e-02,-1.240852387962274594e-01,-1.031863405932761379e-01,9.018554869834904952e-02,2.406557269253893350e-01,5.362198792846557538e-01,3.464254421118537763e-01,3.824521053021422978e-01,1.000000000000000000e+00,3.551096131442499360e-01,4.128847955413338378e-01,2.369309100525807121e-01,1.988206130408585459e-01,2.635677436009802310e-01,2.208758629555804265e-01,5.834690790024744944e-02,1.030960310462974289e-01,1.131379896405163427e-01,-1.810260708982765199e-01,2.932310000344805385e-03,-1.064366236940963023e-01,-1.148487427124600668e-01,-2.764873032481591358e-02,-1.711950209359562602e-01,-1.246270525924672579e-01,-7.616982054994966833e-02,-1.623519050298121436e-01,-1.026990498093566656e-01,-1.798392034094589698e-01,-8.910852070143475412e-02,-9.126207667779634436e-02,-7.787910879757013738e-02,5.846696464751085370e-02,5.885407814912313462e-03,1.315759771146594592e-01,9.485432533290737156e-02,9.683187019220866609e-02,1.742059548396797941e-01,1.466081607458129821e-01,1.129284121886610648e-01,-5.942387484258740415e-02,2.209409883731692364e-02,-3.739599108794693788e-02,8.570131492248020399e-02,6.512914291603021100e-02,6.887614446999704154e-02,1.045498706925160615e-01,1.478207819758612096e-01,1.531813032849256295e-01,1.182001124150644095e-01,6.769525914153061430e-02,9.124072713339399787e-02,-3.113126504016866525e-02,-7.816934961235015578e-02,-1.109242818136368242e-01,-2.342035078164179246e-02,-1.496883891327080718e-01,6.305150947595955513e-02,9.625035113875940462e-02,-1.524282311631993125e-01,-4.086592534997558757e-02,-8.841077007412045941e-02,-2.823091921674777266e-02
1.526367589314157024e-02,-7.100591717858856233e-02,7.792779550280776570e-04,-2.964572311476181693e-02,-1.028316428141996947e-01,1.930306801728810112e-02,-7.329317473659210935e-02,-1.497758339097159941e-01,-2.893235427005547318e-03,-9.833463576805905049e-02,-5.202182865457443545e-02,2.786858526506441266e-02,2.112117527962902863e-01,2.626318679390762800e-01,3.261083729492592620e-01,3.735025606716038116e-01,3.551096131442499360e-01,1.000000000000000000e+00,3.324923891090194594e-01,3.147848066160491287e-01,3.785915324145887051e-01,3.018307454155834679e-01,3.193317270797390584e-01,2.429555957557138768e-01,2.570067987840372048e-01,1.782251947516238499e-01,-5.109798682511109552e-02,1.144189352490761376e-02,-9.273786545456848274e-02,-1.403785528053371201e-01,-4.792496601008653517e-02,-1.338953221289371220e-01,-1.422675700857052861e-01,-1.133803711852405041e-02,-1.748966257805927016e-01,-7.403967705310210423e-02,-1.026058474211461458e-01,-1.167159224797877232e-01,-2.390697715712480562e-02,-7.198682698750022424e-02,6.729584980943860428e-02,-4.883435944978593152e-02,3.964530256029105693e-02,2.159080296271220778e-02,8.486315504993725833e-02,2.139253542519836404e-01,2.940892771105897696e-02,2.255152490021564982e-01,-9.330059350806764462e-02,-1.256094935494758702e-01,-8.904660911154510528e-02,-8.917767723433914218e-02,3.924805105624132665e-03,-5.805669679355999341e-02,2.642891630501923578e-02,2.384998316032163959e-02,1.111911148093766427e-01,3.196426026724294434e-02,1.249904106493240907e-01,1.579523279547252190e-01,-1.879194023881851014e-02,-3.433552942689405835e-02,-1.597239870790724547e-02,1.249715756203274020e-01,-3.785725011199209122e-02,7.878176966445388230e-02,2.155861691788364398e-01,-8.198308699047890391e-02,6.876652795892776449e-02,1.471212422509341200e-01,1.024644415976339179e-01
-6.403210727342989461e-02,-1.409104673729920654e-01,-9.242430569286665121e-02,-1.589052665205831216e-01,-1.612900506487335850e-01,-1.056131695113452090e-01,-2.230973830479450193e-01,-1.852375138106639174e-01,-1.413460665238662761e-01,-1.681322918023497870e-01,-1.408861039585689867e-01,-8.615380059045738004e-02,-2.730380485291837231e-02,2.296348996054543568e-01,1.218856987395871005e-01,2.675062817246526281e-01,4.128847955413338378e-01,3.324923891090194594e-01,1.000000000000000000e+00,3.102997754734265756e-01,3.296068918731675512e-01,2.909998345657290875e-01,1.415823770776445112e-01,9.964560332416480537e-02,7.110669227999048825e-02,4.302586096419309947e-02,1.258947686139071792e-02,7.511591902376534013e-02,1.013525853934287152e-01,-2.317683808233323567e-02,1.019318651431559697e-01,2.124042646770311210e-02,8.036483624909404253e-03,1.543731443162490446e-01,-7.136342540279519420e-02,4.941152706205537495e-03,-1.225892678272067771e-01,-9.442354913114524295e-02,6.406290960674338071e-03,-1.245495415817574197e-01,1.070398973860633464e-02,2.434676193604611710e-02,2.285617480388210665e-02,7.298043323097289092e-02,-7.257502611292990236e-02,1.383445524373454194e-01,1.486009891007270683e-02,-2.127147077076505660e-02,-2.330454648026217823e-01,-1.574950923446981066e-01,-2.253328575705044745e-01,-9.978313572905525564e-02,-7.890332661368792966e-02,-3.156257004568811808e-02,2.485587631401347739e-02,4.063066582855140441e-02,1.029473541258122821e-01,7.930839505108348841e-02,9.453387297950570367e-02,1.072178768743300703e-01,-5.384708690689234828e-02,-1.260602265608344319e-01,-7.033670835342326066e-02,-2.410202348963080832e-02,-8.653718610319145743e-02,2.435350494020338818e-01,2.691077640791338932e-01,-1.258740639038584963e-01,-8.266239667560661142e-02,6.299901197713834999e-02,-2.660291257007030633e-03
9.112211313971005713e-03,-6.486637393387191530e-02,-5.884317071855308182e-03,-6.879693251565657287e-03,-1.064142794169405937e-01,3.116546427839659520e-03,-6.255535606805007198e-02,-9.916587667598335265e-02,-3.646534661138425837e-02,-1.009331379306376425e-01,-4.934257078058883889e-02,-5.015731342738885545e-02,1.437545879578797439e-02,9.977153534368808641e-02,1.467204814027951165e-01,1.399676253474722576e-01,2.369309100525807121e-01,3.147848066160491287e-01,3.102997754734265756e-01,1.000000000000000000e+00,3.912197104173757989e-01,4.567437143318009429e-01,3.508691170209219945e-01,3.455418823177780485e-01,1.973952250816732867e-01,2.447318886781160441e-01,5.895144144418874160e-02,3.182360012628138862e-02,2.114173697634427404e-02,-1.573985580546738705e-01,-1.289804461850561634e-01,-4.656129629442915668e-02,-1.980621598283218709e-01,-6.777400980195978641e-02,-1.553118479812986286e-01,-2.106718088804798994e-01,-1.221427189000229285e-01,-1.024311596773480604e-01,-2.293375090544460815e-01,-2.025042600981842578e-01,-1.255345643523194388e-01,-1.184972328106585204e-01,7.903515221048321854e-03,-4.726777248758296662e-02,1.095276079004880859e-01,1.027147546052741556e-01,5.409385694117715276e-02,1.595792274045499115e-01,-1.471272057666820898e-01,-6.634409809583344253e-02,-3.310381035008694989e-02,-4.882524897471521297e-02,1.179876449428317042e-01,8.756847714744024624e-02,1.245456297788608419e-01,1.219837122105159044e-01,1.187614549573446782e-01,1.829545812310152120e-01,9.483661971447533701e-02,1.610066670798525890e-01,-1.172267719275441739e-01,-3.667385459678427356e-02,-3.520254000383958581e-02,2.211764276638450433e-01,8.958169191289010874e-03,2.638573370001823237e-02,1.608340263866596120e-01,-8.937586694773330676e-02,1.679405397988361914e-01,1.614171293585570377e-01,1.855220021693786414e-01
-3.070014210257785217e-02,-8.956538054257739967e-02,-1.574799956879995716e-02,-7.336840438549974142e-02,-1.254111512753209867e-01,-2.591480944245229748e-02,-1.186324642269086932e-01,-5.735463261252578965e-02,-7.862764667968215326e-02,-1.492373127447075010e-01,-5.827686815698212425e-02,-8.665716459695688156e-02,-6.641472149165463662e-03,1.298752069045998880e-01,1.730964585068173189e-01,5.466288497887000775e-02,1.988206130408585459e-01,3.785915324145887051e-01,3.296068918731675512e-01,3.912197104173757989e-01,1.000000000000000000e+00,4.555655532304820898e-01,4.920226511294676364e-01,4.906450626778160462e-01,2.556861656484492595e-01,4.774689989813708513e-01,4.829679297973855229e-02,1.661769041808245639e-01,4.974794060761735665e-02,-1.203511434304972982e-01,-1.249748162357306874e-01,-4.844852893917515890e-02,-2.472410427165135649e-01,-8.034092303455782347e-02,-2.698851450813171682e-01,-3.640548299904727281e-01,-3.372783184324484318e-01,-3.465394694636831918e-01,-2.838168643566379434e-01,-2.236929998527897312e-01,-1.179297195032077278e-01,-1.755768141325230181e-01,-3.580784787914190193e-02,-3.836670880700986108e-02,5.283186524839688682e-03,1.477275400446038944e-01,4.357458323718756826e-02,1.598948154464802651e-01,-2.276554868700013945e-01,-1.138140798984241114e-01,-2.097792598624354521e-01,-8.293676813729980446e-02,4.436755905431611496e-02,-9.177211429151416189e-02,-8.671330793609464266e-03,1.210542289775303343e-01,2.092318670306319572e-01,1.535969926422355025e-01,2.217823410844387277e-01,1.659427677310358618e-01,6.074002639470513221e-02,-1.808431526420005431e-02,4.714428834844141408e-02,1.954760184317423655e-01,2.777336293526730740e-02,3.760237810199369701e-02,1.816489041852144271e-01,-9.696166390946053815e-02,3.611489813687900896e-01,2.344648118144467275e-01,3.318467296682127143e-01
-2.826671337819214314e-02,-1.028636941689531070e-01,-7.001838855294914565e-02,-6.875612423327008560e-02,-1.845377802417165480e-01,-7.195672905004776854e-02,-1.095370572494876737e-01,-1.567498923514600295e-01,-8.983329557816910338e-02,-1.640396705511490416e-01,-1.388350613789844645e-01,-4.631756563029872792e-02,3.118737616853787392e-02,1.584450797771438380e-01,2.326119017105835463e-01,1.254319429495648341e-01,2.635677436009802310e-01,3.018307454155834679e-01,2.909998345657290875e-01,4.567437143318009429e-01,4.555655532304820898e-01,1.000000000000000000e+00,2.646495404042228383e-01,3.786763306234873783e-01,1.911619709302941894e-01,1.121927431372099077e-01,-1.399076604364192511e-01,-1.918720031572483109e-01,-1.537962030250760725e-01,-3.292644286303139656e-01,-2.724736275686066023e-01,-2.156037483565416135e-01,-3.389976129355802281e-01,-4.994568790153797178e-02,-1.623756532564316624e-01,-1.844923061405475406e-01,-1.407441122805216938e-01,-6.889081721004247649e-02,-9.761339524236455067e-02,-4.289021932015839311e-02,8.469621332271946856e-02,1.160967778892733546e-02,1.781317984466111448e-01,1.707295734738274451e-01,1.903279707390468090e-01,1.456541737116202051e-01,2.488327737488942315e-01,1.219792128342734455e-01,-1.114826172454718850e-01,1.648006656720537033e-01,1.019802686183718344e-03,1.900658970645384971e-01,2.014840554506267534e-01,1.375899481831753257e-01,1.522513321027730293e-01,3.010250171973973821e-01,1.243967369552396868e-01,2.889869778171796355e-01,6.156140515856194095e-02,-4.485755338122045244e-02,-6.227489920591474520e-02,-4.380409501616992773e-02,-1.082676087352300448e-01,-2.364133810341847650e-02,-2.084858671698151533e-01,-1.606055027354234832e-01,-1.757838058316340407e-02,-3.933211637292557961e-01,2.451837496309683950e-01,1.025788999204505503e-01,3.079185478145303745e-01
