1.000000000000000000e+00,3.861641589226273985e-01,1.202692282499034371e-01,2.172132242519548562e-01,3.036405482591652549e-01,-2.976793535470412602e-02,-4.046170299022495975e-02,1.368408488681002733e-01,1.364016580785518129e-01,-5.697812591698704632e-02,-1.640318571275914405e-02,2.569810054468806282e-01,1.318228011877433936e-01,-5.396119837941823483e-02,1.103644757844425284e-01,1.853922856286042697e-01,-7.303779989335466849e-02,-6.183134553622640639e-02,9.053171804734565231e-02,-1.360877795496880371e-01,-2.149099116174697441e-02,9.671887726158248655e-03,-2.275121973016786328e-02,5.273023367017823371e-02,5.068122732220111532e-02,9.400290739094847858e-02,2.304510858554194644e-02,5.325522252524535899e-02,8.814513322349948332e-02,-6.953387058917684382e-02,4.917490924323474760e-02,5.245724939456165642e-04,1.205521364710103738e-01,1.559367048733049932e-01,2.491239482767784383e-02,1.290594624980503369e-01,-1.157727594835836482e-01,-8.776125122016517621e-02,-3.274432395971037940e-03,5.255387027710929637e-02,-1.210198301738738963e-01,-6.467787514711607899e-02,-4.611315210645386409e-02,-2.929517758424833584e-02,-5.352173859919031468e-02,3.555206564065121339e-02,-3.089035208802043755e-03,-5.083445351734137280e-02,1.650593026077618389e-02,2.621785665018051218e-03,2.784600447324881919e-02,-1.360402988604158918e-02,6.551361009810915959e-02,1.533913562802614004e-02,1.536298289148208158e-02,6.957620955684160578e-03,2.971559638513928889e-02,5.650939273218883591e-02,5.375247180247074742e-03,2.753320430549381984e-02,3.238787978811270840e-02,1.918367123696280681e-03,1.055265500963425418e-01,-5.791306881355063468e-02,-5.365114417611871987e-03,-6.354919201210090796e-02,-9.794908235185291120e-03,-2.451519030308315738e-04,-4.685422467942618185e-02,-4.609233248865588634e-02,-5.468839988217651452e-03,-1.288863823997352456e-02,-5.858806102964197321e-02,-2.844221379128967012e-02,1.005108966527503908e-02,-3.302385509126545826e-02,-4.702166692417059785e-02,-8.164132959605722301e-03,-8.767558582491941782e-03,1.900873000742947863e-02,1.455257424738765244e-02,6.371959373082701494e-02,6.275228785771891880e-03,7.537029409321678586e-02,7.201093119868915565e-03,-1.188271101275619780e-02,5.139546743700421083e-02,6.064595760339663855e-02,-2.972593543220024628e-02,-2.508524284383401026e-02,7.037228872728237827e-02,2.858628572259507353e-02,-5.242322423528188169e-02,1.630877963931057911e-02,7.232592123582322341e-02,1.648567331349551010e-02,1.998365789285514588e-02,-5.223108306093761366e-02,2.274893637865478893e-02,-1.917185435320769779e-02,-7.219919591510425005e-02,-5.995640594459045354e-03,-3.526573043084314796e-02,-4.105765518079658449e-02,-3.971623859668677731e-02,-3.580826630739235295e-02,-3.621849747980234596e-02,-6.332502000980864965e-02,-3.409334459326586464e-02,-1.910058629775005998e-02,-6.025298143124246247e-02,-3.995238700945466515e-02,-4.095904008574330346e-02,-1.964083610881163077e-03,-5.182473960889434628e-02,-2.531328067551726155e-03
3.861641589226273985e-01,1.000000000000000000e+00,2.134358274761650742e-01,-2.682611318096332631e-02,2.400773890528218046e-01,1.668174381702447195e-01,-1.529382124321418956e-01,-1.044096784064461186e-01,3.034779894408148326e-01,9.638438556579272121e-02,-1.691057869114410694e-01,1.061308403151862562e-01,2.762667876124492161e-01,-2.417640185815461348e-02,-9.303268445051765534e-02,2.485818541289188388e-01,-1.464060493686305808e-01,1.639519809680441420e-01,1.278390310763213855e-01,2.545144162042199329e-02,5.363086021459997216e-02,1.086178868818413051e-01,-6.615359060176158323e-02,1.822991247777351262e-02,9.351051803469141721e-02,1.206970224970204016e-02,-7.366954138413035758e-02,6.069202489369270731e-02,7.030666884623189457e-03,-1.585648158358834159e-01,-2.136133250096823241e-02,-8.495214488172095346e-02,1.633951420717560943e-01,1.506306103320980416e-01,9.746452667008036197e-02,1.624042227576110442e-01,-6.842544719187200475e-02,-6.506976280199339678e-03,1.112940880530911003e-01,1.175055671142436198e-01,-1.559507888365143161e-02,-1.376785694133924043e-01,-7.866558873492567050e-02,5.859320212441389980e-02,-5.537838993790660663e-02,4.454599773244982686e-02,5.568058202292097691e-02,-4.580815282743441741e-02,-4.506966856171319008e-02,5.346866420198378295e-02,3.347651739740536980e-02,-2.297481115416174710e-02,1.794243842979024312e-02,-1.485256159437095200e-02,-2.696231334493749687e-02,2.172442225333792720e-02,2.759542939652268739e-02,-2.492596908855754939e-02,-7.749847387256102171e-02,-8.089170974933735866e-03,1.202091058216904831e-02,-6.226673231427483357e-02,2.352853066617150400e-03,-6.477438799269972548e-03,6.952481199984085480e-02,5.941277318193433077e-02,-7.102731452824496972e-02,-7.705516270476266139e-02,5.881069508779066674e-02,1.381015107031993011e-02,-1.033091475595035863e-01,-1.673256459559020401e-02,7.802297310452237233e-02,-5.010935505060888639e-02,-8.673747292677287668e-02,4.425070667080967246e-02,5.255888043150076100e-02,-8.668738651384222393e-02,-4.978117999132232463e-02,3.288570618808727558e-02,-9.897533157818028116e-02,-3.122904215084020343e-02,-8.225583519993848181e-02,-2.917110590997112896e-02,-5.687400252239462051e-02,6.441477787854041348e-02,3.466355289146431928e-02,-4.798064787058774205e-02,6.760922108536064623e-03,9.700129282137610887e-02,5.149438142212910824e-03,-4.902010786765621103e-02,5.859534586034530201e-02,7.753541304042356475e-02,-4.632962119481089797e-02,4.035803960686585104e-03,-4.624189724993800488e-02,-1.861900140546110874e-03,3.993288307172233181e-02,7.591896346518511862e-02,1.330463083462508911e-02,-1.981094265705513752e-02,8.933402733433101761e-02,1.127461859523935794e-02,-8.406208185660411780e-02,-9.869417397262290892e-03,2.518950244279702030e-02,-5.814119476767505568e-02,-1.060426035742285528e-01,2.506887370621734695e-02,-6.247080191640176638e-02,-1.250165711852085637e-01,-6.497374283803923622e-02,-1.004074673708073989e-01,-3.097290044203461143e-02,2.225828911318618666e-02
1.202692282499034371e-01,2.134358274761650742e-01,1.000000000000000000e+00,3.087883108086394435e-01,6.655114247472057598e-02,1.216594977032520453e-01,2.955208717817983111e-01,-1.251161405283368333e-01,3.384498230888514231e-02,3.741974327039775394e-01,2.389390672525792958e-02,-1.031408074488197463e-01,2.976990155003442773e-01,3.062652374055994109e-01,-9.216045495515538810e-02,-6.035366676333660946e-02,-3.933534119909397053e-01,-1.585985917799571654e-01,-1.725911342502233214e-01,-2.176112985605512251e-01,1.764770019021559555e-02,-1.771065351776159383e-02,1.727284245632063342e-01,6.530960004070630875e-02,8.893346973096309671e-02,7.097083132948382722e-02,-3.741529713939922147e-02,7.544487042096888370e-03,-1.426497325257317268e-02,-1.055865033123257885e-01,-4.992834848617537513e-02,-9.188334898294648126e-03,1.189789506220830378e-01,7.330621075458407243e-02,3.892624935568836722e-03,1.269540312518409875e-01,1.682851797001427147e-02,-4.795849141633645729e-02,7.884680648578597240e-02,1.567733976957425002e-02,-9.446153623435022892e-03,6.344428608605112707e-02,7.159240516745053740e-02,7.038106204616502437e-02,1.509641550694864331e-01,9.846447969366926845e-02,1.355864586216563583e-01,1.528576125433078470e-01,1.062643638540696905e-01,1.549753567661332487e-01,1.665512495573919227e-01,1.179958161185342136e-01,1.473730048290165240e-01,8.332981505292287594e-02,9.359306304981160340e-02,3.633254268296400719e-02,-4.269584215906748088e-03,9.126004314673190343e-02,5.281744108491238932e-02,2.273956915148625524e-02,-5.198063133281201342e-02,1.031432131028933025e-01,8.278571868895963359e-02,9.632303403667441533e-02,9.940274449990665895e-02,9.019451789326025926e-02,4.516305609302544155e-02,-7.315786613765201674e-02,-1.461373617846787156e-03,1.039224732606567753e-01,-1.002885419961049331e-02,-8.002175305163951313e-02,6.453532954599325300e-02,7.419110482333289569e-02,-3.483646545338462547e-02,-4.754570158742264102e-02,7.153090436084663661e-02,3.854913290741254772e-02,-7.258624141584371636e-02,-8.339179548345732051e-02,-3.499810732472592723e-02,-4.097214744408880088e-02,-4.002035628280081053e-02,-6.437263538884381575e-02,5.316438182042389216e-02,6.781396790630919713e-02,-9.573329418135212432e-02,3.616847506924634938e-03,1.014878236506863707e-01,-2.563599004110763118e-03,-9.055495106188450605e-02,5.762101401741936274e-02,9.237119273286623078e-02,-6.201604233693421703e-02,-5.739764555471774110e-02,-1.134659486950079094e-01,-7.647473629836874787e-02,8.932195563548999545e-03,-9.772126338125124156e-02,4.692737263474939385e-02,7.502658009359075564e-02,-7.985918122147261933e-02,-1.152745507862932769e-02,1.217951033200944388e-01,-2.282927218716220702e-02,-9.782100479866991105e-02,3.309778001212400345e-02,2.506297909472794336e-02,-7.687680548127277802e-02,-5.499752442023888438e-02,-5.110817562395946617e-02,-2.806079522939012791e-02,-3.070873146922553990e-02,-5.362455998919521405e-02,-4.759668409470187850e-02,-2.312857339882007368e-02
2.172132242519548562e-01,-2.682611318096332631e-02,3.087883108086394435e-01,1.000000000000000000e+00,2.654324765847941303e-01,-9.304565990834039180e-02,3.752227697764062841e-01,3.168401819775411576e-01,-1.661936227034092606e-01,6.882889411321209405e-02,4.279966761908368111e-01,1.056074948231955080e-01,-1.581030706106139050e-01,2.778510699232151770e-01,3.854506682772945725e-01,-1.094325570138677400e-01,7.194328147581658534e-03,-4.256772780273984091e-01,-7.904348788224839495e-02,-1.226788775532402370e-01,-6.337972082920605155e-02,-1.972243836309253984e-01,-1.454368513647617545e-01,-4.524151650371723704e-02,-1.868366957715957566e-01,-7.127085288205665947e-02,-9.853384853915909958e-02,5.805872726998171501e-02,-4.612087226628213549e-02,-2.657141135500815099e-02,2.816773372876449355e-02,-1.602744839699299095e-01,-5.302992335563254389e-02,2.727869158776437958e-02,1.681710600561904245e-01,-6.375793044317859537e-02,-4.288529791573795352e-02,1.890496948298226176e-01,5.044184638207586252e-02,1.522383005348802998e-01,8.468524202020741298e-02,5.245169507550711402e-02,-1.911359001578323905e-02,5.831112413402506772e-02,7.424510834363090388e-03,1.060456498228744271e-02,3.383697879601355735e-02,1.403296311908403260e-01,-2.787002939425950107e-02,8.508572301964051343e-02,1.025477566870615781e-01,1.069843928867091343e-01,2.963713174819911089e-02,4.572536493476322267e-02,5.850100179281832180e-02,-3.660566316316321567e-02,-4.123467807268124219e-04,5.645686962973659601e-03,2.697706799675051240e-02,1.926083054869935987e-02,-2.212098697694878449e-03,1.028422208572696978e-01,6.442406009573502235e-02,1.271430823122948195e-01,4.899477381161846529e-02,-1.854905216716334210e-02,1.837654796181861783e-01,-1.286078134610894701e-02,-1.545465662063253975e-01,1.011640787543247461e-01,1.421586388016398972e-01,-1.266914757950599046e-01,-8.675183782440966385e-02,1.728956331127433910e-01,4.283936647065779424e-02,-1.790826188672420549e-01,4.996772273797520265e-03,1.665408049199362250e-01,-7.564209834520714548e-02,-1.739574268001577440e-01,9.056521824919659680e-02,1.088463293000674625e-01,1.206894825148756567e-01,1.765065962722221424e-02,1.979993765234800973e-01,-3.730255120237043615e-02,-1.394845710018015050e-01,1.156612862400291375e-01,1.124080859753672224e-01,-1.492278790959298274e-01,-7.121831617091650690e-02,1.708019986380448219e-01,7.796273710466611372e-04,-1.768142906741964060e-01,3.931493572909598028e-02,-1.354572981012421573e-01,-2.858539668337494941e-02,-2.570642971725378700e-02,-1.842539639687554021e-01,-6.911725437947147110e-02,3.541155402824628512e-02,-6.790106151185715255e-02,-1.850732545205570345e-01,1.011040190440384429e-01,1.394068725529193364e-01,-8.925243531890607318e-02,-1.390012136245034613e-01,4.325068558212127184e-02,9.059691394525847680e-03,-4.212991889285028907e-02,-3.015757642103101405e-02,-3.879449465860733415e-02,-1.131974181758006737e-02,-3.398758094484811282e-02,-8.361507910399836041e-02,-3.384234847526895740e-02
3.036405482591652549e-01,2.400773890528218046e-01,6.655114247472057598e-02,2.654324765847941303e-01,1.000000000000000000e+00,1.627367425015505964e-01,-1.709213137580168906e-01,4.145216734909469292e-01,3.087598014614571507e-01,-1.755822528088075984e-01,-5.327655337312815764e-02,5.000113160269427093e-01,1.923741025226542445e-01,-2.254718197832921434e-01,2.496533367694525052e-01,3.785531713426890654e-01,1.677181937869003103e-02,-1.450248240208498185e-01,3.073655690123870965e-01,6.231649877066734039e-02,-3.501211336896481452e-02,-1.047996469240661394e-01,-1.634158836579332197e-01,-1.709046030787000070e-01,-5.066031868463498344e-02,1.630380452983637429e-01,1.390587110934148884e-01,2.313608754322305505e-01,2.065683747948382776e-01,7.983490128937510699e-02,2.321873087164323668e-01,-7.528755906418085897e-02,-5.654380255361380475e-02,1.764790912033132597e-01,1.096317877869880525e-01,-7.385802403255291304e-02,-2.879303568763347809e-01,4.627782789646416733e-02,-1.321222231975248407e-01,1.477983887938346952e-01,-1.188332996813132314e-01,4.385736474201838708e-03,-7.090228697528283552e-02,-1.518319594867874045e-01,-2.303809072166514704e-01,-2.495608247258119528e-01,-1.474420054549970271e-01,-1.767109831283928678e-01,-1.646368339959854987e-01,-1.502944545975368751e-01,-1.374796398282949472e-01,-1.490586247264309716e-01,-9.862965970662646020e-02,-1.255915881214349494e-01,-8.094469245338116459e-02,-7.411098691086914769e-02,3.629517464349478473e-02,-2.987321249278609286e-02,-1.123382983607765784e-01,-2.863301122154566364e-02,3.388591583111912747e-02,-3.547717731409264635e-02,1.002016231697174936e-01,-1.770710608625715443e-02,4.238741643087199501e-02,-2.767059217544671698e-02,8.926242764197333049e-03,-4.862606368427943582e-02,-6.336427620086242107e-02,-6.666422451920089864e-03,-9.462766931521111174e-03,-5.469559618701406306e-02,-5.207392481646791471e-02,5.905989064932128628e-03,-3.745717043733479135e-02,-6.009141596159654763e-02,-1.554599026213002340e-02,-3.287011923654489104e-03,-5.217499817256404659e-02,-2.543217689122148975e-02,6.322067631343636883e-03,1.090629410390938497e-01,3.612019931122712607e-02,5.288301726785407664e-02,5.927007571479269571e-02,1.880583072828717270e-02,2.054500191910886911e-02,5.974740928547325053e-02,4.890589948160462344e-03,-3.575076702460205230e-02,3.629139279686759839e-02,5.091862135722286659e-02,-2.810849188911980143e-02,-1.616226088637305949e-02,5.855787196452467286e-02,-1.607784300185290116e-02,-8.977839625385694231e-03,-4.883707701009095542e-02,-1.977428036019778304e-02,-7.329485889955301460e-03,-4.205248931422331249e-02,-2.655729208430044133e-02,-4.582690560869291663e-02,-6.979073000490420772e-03,-2.150636920465068963e-02,-3.936015181515524486e-02,-5.713833255838680902e-02,-1.173792723346216010e-01,-6.472548268606466426e-02,-2.702308610035330724e-02,-2.703461464845940618e-02,-7.699777740603536147e-02,-5.881599185894057641e-02,-1.572972770598941861e-02,-6.625771607703580257e-02,-1.096331637949668654e-02
-2.976793535470412602e-02,1.668174381702447195e-01,1.216594977032520453e-01,-9.304565990834039180e-02,1.627367425015505964e-01,1.000000000000000000e+00,2.275720608963359148e-01,-6.889410758891521824e-02,1.335050007990964682e-01,3.545499607420356525e-01,-1.272924850257786678e-01,-1.416334606184641021e-01,3.423545223698477025e-01,1.804152626052334674e-01,-2.608174834971999090e-01,2.702271123981115145e-02,-4.012086736728147640e-01,-6.619098769601815258e-02,-1.073670353169471209e-01,3.820743792771833652e-02,8.317112095012452536e-03,1.451285536329127990e-01,1.418198520225358861e-01,-1.533819082803796752e-01,1.612696582608491580e-01,3.297696370586890302e-02,1.069936822938993698e-01,1.221009903772052180e-01,8.451918357228227485e-02,2.236739672375779586e-01,9.596825375453159335e-02,4.091502369863622701e-02,-2.319638080888156151e-01,-1.589134371176682547e-01,-1.225894629875592806e-01,-2.119658596264056283e-01,3.129907992193433491e-02,-2.157926778821198620e-03,-1.700020699351486309e-01,-1.478955077653273942e-01,5.940859449409054138e-02,1.998481051216553783e-01,1.225585319270911522e-01,-2.702975124359090486e-01,-2.471898540572833591e-01,-5.293375931855096028e-02,-1.450937178867184318e-01,-1.204060726895929551e-01,-6.753950552800490337e-02,-1.509400449728215132e-01,-9.095958761104096235e-02,-8.327070809161901677e-02,-5.674853293764312717e-02,-5.257730835475975945e-02,-6.208622786611230071e-02,1.048855380010146193e-02,1.680996089405390262e-02,-6.393357763817948680e-02,6.040045991948573591e-03,-7.606248249617686419e-02,6.044022097764429821e-03,1.606927086959889645e-02,6.647347808854862927e-02,6.290510493720766205e-02,3.742270659639651553e-02,5.783796470781636667e-02,2.544781623159975744e-03,-2.182261736880476699e-02,3.865906665020990562e-02,4.296136824448013036e-02,-1.430335651027830370e-02,-7.422630218735840578e-03,6.340686902014822102e-02,1.641005769169287878e-02,2.645708224506033318e-04,2.558795061774461060e-02,4.819020375012113278e-02,8.768381944400899936e-03,-7.524692520672305110e-03,-1.614850060815257657e-02,-9.828116119127320444e-03,-3.544194213835534513e-02,-2.483194580148705838e-02,-4.626567476790982569e-02,-1.927508255854820662e-02,2.075986121041784038e-02,-4.608943558337374319e-02,-6.868372808782027827e-02,2.192228462663713823e-02,2.945872921107862974e-02,-6.467663600782651290e-02,-3.795444956004941084e-02,4.663875168466264515e-02,-7.997677355794485798e-03,-7.487387793041953843e-02,-1.345180530918451203e-02,1.041785956339506651e-02,6.574603417409720374e-02,-1.470275596794035078e-02,9.960485570283453965e-03,7.929443345222807193e-02,2.596479793321680024e-02,4.607066505917516153e-02,3.090343902898869469e-02,-1.507776103653588572e-02,4.570930044573015549e-02,1.791975136038612415e-01,4.949482741841905453e-02,-1.261102190300397163e-01,-6.648271369143823883e-03,-6.870053590861691095e-02,-7.332293434564161883e-02,-2.786266035485417125e-02,-1.132433720990251858e-01,-3.762922775130655290e-02,-5.330522626282037379e-03
-4.046170299022495975e-02,-1.529382124321418956e-01,2.955208717817983111e-01,3.752227697764062841e-01,-1.709213137580168906e-01,2.275720608963359148e-01,1.000000000000000000e+00,5.763151514840644113e-02,-4.756623478000644445e-01,5.665296156886159284e-01,5.069612950687901742e-01,-4.139419055716977436e-01,-6.720550472463979186e-02,7.177816134280764482e-01,7.165731089097901463e-02,-5.763474449088924478e-01,-4.064620023452473752e-01,-6.253116494288532001e-01,-5.420908200318018677e-01,-3.858388633965578185e-01,-1.784965501258210241e-01,-2.376395695809686293e-01,3.431842241770693275e-02,1.055451250680703237e-02,-1.662267818241102701e-01,-5.858292425518592250e-02,-6.740085380089136380e-02,2.644920174165514299e-03,-4.818211868469599035e-02,5.399751477970435309e-02,1.203673813876555629e-02,-1.050109213123994467e-01,-1.180538653578913910e-01,-8.255510595858991940e-02,7.636011795518468648e-02,-1.137208670158498941e-01,6.521489726826054656e-02,1.634863232512456799e-01,4.145909340453306918e-02,4.421587574188327874e-02,1.636869685366108829e-01,2.577120062255601751e-01,1.313037818012057489e-01,-7.022885636459208492e-02,4.324888269625021264e-02,6.757203635653301343e-02,9.786938296814574889e-02,2.367135702944614117e-01,5.815162782110364081e-02,1.648709463478739978e-01,1.813089857126601590e-01,1.474720283374293395e-01,1.926401719271530200e-01,1.810581507925559941e-01,1.318909760779835016e-01,1.494343773481876247e-01,2.530729005152032932e-02,1.011019805427601920e-01,1.957192628804703127e-01,9.388608246467400331e-02,2.222526061709756764e-02,2.551400345058852381e-01,1.628600198418370115e-01,1.434457758278518402e-01,-1.751052816230290812e-02,-3.879631092574523793e-02,2.247006403248368311e-01,7.975593471930783607e-02,-1.467180408609088382e-01,8.791854897655899947e-02,2.256178514069981933e-01,-6.657867504593983909e-02,-9.980466046238227473e-02,1.950593980138381200e-01,1.626712175499241964e-01,-1.632743608830039828e-01,-3.179348907123492191e-02,2.474447386776995050e-01,7.463128886069044822e-03,-1.812254384834209031e-01,1.703677837913412096e-01,7.785559334689166888e-02,1.776330147610217236e-01,3.258069481591496785e-02,1.919132285394349879e-01,-1.153170527621961844e-01,-2.017746243013762708e-01,1.048741266577998404e-01,9.342678211811707156e-02,-2.167813731430265622e-01,-1.240249714918879725e-01,1.655299123488407353e-01,-3.123950675197173163e-02,-2.532486480145875185e-01,1.896478326346419732e-02,-1.329643811264304698e-01,4.094435415372958686e-02,6.122219634305275243e-02,-2.046214385648234824e-01,-1.545333486435020720e-01,8.598746256573862323e-02,5.521356019812311347e-03,-2.318901254019733182e-01,6.499424806469628058e-02,1.879339746316873450e-01,-5.915017107570553351e-02,-5.934618703958139535e-02,6.221661716114506441e-02,2.720399664393472958e-02,-7.750277220071291606e-02,-7.310885662948150843e-02,1.559753473378973181e-02,-1.562197471034477113e-02,-4.256180072259747871e-02,-4.416315207464513448e-02,-3.820796659858521210e-02
1.368408488681002733e-01,-1.044096784064461186e-01,-1.251161405283368333e-01,3.168401819775411576e-01,4.145216734909469292e-01,-6.889410758891521824e-02,5.763151514840644113e-02,1.000000000000000000e+00,2.761446648909300985e-02,-4.617856987674988090e-01,4.803208436519068592e-01,6.699402026131048293e-01,-3.768350628700233296e-01,-1.491664894493479609e-01,7.335021066296353309e-01,2.736575187318464608e-01,3.037580566307586660e-01,-4.522979716756789226e-01,2.945839647687300555e-01,-5.462460224112961754e-02,-3.882152514075302707e-01,-2.538709203878324328e-01,-2.188857600424696515e-01,-1.844977264143174145e-01,-2.310892331046025816e-01,-4.419432922002001357e-02,1.216606847128974128e-01,1.302954445067505684e-01,4.888903545381564214e-02,3.030205854534581689e-02,1.104509010496787791e-01,-8.437729336067725794e-02,-5.095289201419146707e-02,9.099256034823038908e-02,1.223606343676314767e-01,-6.626708629761456082e-02,-1.453711269289982566e-01,1.121373699692324033e-01,-5.485228504873319172e-02,1.210526948189382529e-01,-1.148404979057045320e-04,1.408321510301444209e-02,-6.146204686565843317e-02,-3.312522975347028525e-02,-5.681518112420676225e-02,-1.428763824208765243e-01,-7.063809049017232000e-02,-7.183146374931305422e-02,-1.051721141300833301e-01,-6.788790988129700388e-02,-6.909649732610194384e-02,-1.625184459244677360e-02,-8.003958209171434246e-02,3.836205783469540196e-03,-2.894964314270145542e-02,-2.730347235222298913e-02,5.184344067337737921e-02,6.154953882693408457e-02,-9.081238697407668231e-03,9.731227278088790122e-02,-1.123832273030718996e-02,1.741981242289578069e-02,5.797491752141599973e-03,-6.211189200513052289e-02,-2.034971280810236871e-01,-1.050399324611725055e-01,3.806599417304158683e-02,1.930715756459364663e-01,-3.125163874659108408e-03,-7.967037545003412269e-02,1.407529888962253672e-01,1.352581622402176109e-01,-7.645812994105991023e-02,-5.044697516084079882e-03,1.551102270632491176e-01,5.151036147817973643e-02,-9.238972495189691492e-02,7.590486795055266522e-02,1.468820434264990205e-01,3.624795547547541436e-02,1.566887170550673447e-01,2.069182221813592459e-02,1.731931141470766655e-01,8.446157850514086907e-02,1.259996595719887168e-02,-1.981120627695517056e-01,-8.223785826760041454e-03,6.818159252354916329e-03,-1.268447313124487497e-01,-1.358125366097219233e-01,1.405408409006973260e-02,-3.983057443622884525e-02,-1.586673299433764006e-01,-7.737495160168433861e-02,4.194365114280115825e-02,1.144223398974200528e-01,1.930003436648595472e-01,1.093479355985354784e-01,1.939829517067395356e-02,-1.968667741131012727e-01,8.661030710159101781e-03,1.647688874257541292e-01,-8.632720618189125561e-02,-1.104090752945854487e-01,1.529981307787615930e-01,1.237111746728726952e-01,-1.242960132035224596e-01,6.149224835204893796e-02,1.641748542279315159e-01,4.750268795705987063e-02,9.984571056118954346e-02,6.556649661689895048e-02,7.878038548071830682e-02,8.600493734315024785e-02,-5.008814718583905375e-03,4.913400668783781539e-02
1.364016580785518129e-01,3.034779894408148326e-01,3.384498230888514231e-02,-1.661936227034092606e-01,3.087598014614571507e-01,1.335050007990964682e-01,-4.756623478000644445e-01,2.761446648909300985e-02,1.000000000000000000e+00,4.664816658048438064e-02,-5.737212395977033808e-01,4.047277743544108741e-01,6.965395601399830827e-01,-3.757715551885545957e-01,-2.441564756064116826e-01,8.132758661610253181e-01,-2.171885178540171046e-01,3.897574198140525414e-01,5.342088293523611364e-01,1.252726102070044756e-01,-1.101994343550366517e-02,2.344497207422300000e-01,5.805937847693955212e-02,8.780922821785356810e-03,3.381643675804645865e-01,2.241437703598627429e-01,1.857462808119182962e-01,1.098622129650833196e-01,1.571005345987995794e-01,-3.875517013077123263e-02,7.392040175579252248e-02,1.046044376887738797e-01,1.382678841602815456e-01,1.608881823947145573e-01,-9.169209920603338393e-02,1.476845355867988652e-01,-1.545922068102457969e-01,-2.252345914258545856e-01,-9.749841380756699150e-02,-3.714795623060451746e-02,-2.005883033464870846e-01,-1.376908275035180484e-01,-9.055567954041149337e-02,1.687859256580981609e-03,-6.385829646952978500e-02,-1.400770313403730885e-02,6.189595782603696944e-02,-1.574102802186214678e-01,-6.725980838046261186e-03,-4.853584112224734043e-02,-1.562592281879673917e-01,-1.527902895286362139e-01,-1.144261081876642855e-01,-2.224335673834997584e-01,-9.196026182192601484e-02,-1.887214441562665435e-01,-4.852166363799054888e-02,-5.053746032638287838e-02,-2.402818688518464363e-01,-1.335084688157865407e-01,-1.998829039956711850e-01,-1.890185751801337632e-01,-1.025030939661114721e-01,-7.501272696637963089e-02,6.925361563575431478e-02,5.415982976740656846e-02,-1.667676975124491034e-01,-1.125537801469868454e-01,9.903000292826465156e-02,-3.567428056237957612e-02,-1.926312780307786465e-01,-8.472624755559015090e-05,9.008252262042243386e-02,-1.331003037119904420e-01,-1.553827544824060991e-01,8.568548483789759085e-02,3.603637722918026642e-02,-1.842634814907833929e-01,-5.970167323073567039e-02,1.001612712316024695e-01,-1.476737874354863977e-01,-2.609739957244423467e-02,-1.237688365579853039e-01,-1.576222501348397559e-02,-9.508518677108396266e-02,9.722398423155942382e-02,1.199402582853523885e-01,-6.316118484271598943e-02,-2.807935676393352731e-02,1.659411015252770516e-01,7.741253271563891536e-02,-9.134281171482720729e-02,5.574094747823354901e-02,1.763022829617016674e-01,-1.579800049606817566e-02,4.792998688628880705e-02,-6.309911277069125968e-02,-7.130496104060858598e-02,1.143464004684334873e-01,1.438216254494206758e-01,-5.944494584191051950e-02,-6.254337132522196085e-02,1.835600698028417577e-01,-1.709639916895596898e-02,-1.561282574095036457e-01,1.414472972607869021e-02,3.423430922439229390e-02,-7.726764863764119806e-02,-8.918883479132415359e-02,3.231288864357534374e-02,-6.271336982989873278e-03,-5.103310541641688236e-02,-2.727097580261773208e-02,-3.770122874676481994e-02,-1.549748922882089944e-02,1.360191113687861907e-02
-5.697812591698704632e-02,9.638438556579272121e-02,3.741974327039775394e-01,6.882889411321209405e-02,-1.755822528088075984e-01,3.545499607420356525e-01,5.665296156886159284e-01,-4.617856987674988090e-01,4.664816658048438064e-02,1.000000000000000000e+00,3.667832541657008172e-02,-6.363734103057380187e-01,5.303905229669451105e-01,7.700803893368102226e-01,-4.608670268174596130e-01,-3.104551173371658535e-01,-7.884982310892921786e-01,-2.357355797146921117e-01,-4.705486118884140700e-01,-2.609770431006670499e-01,3.718435470634266771e-02,-3.051949376995525751e-02,1.507138286130100535e-01,4.938082453055943344e-02,1.149019970300824839e-01,3.926783830277841281e-02,-4.982006132401606280e-02,-3.260794793591093033e-02,-1.966307048384977746e-02,-9.617399820233808391e-03,-3.054615859970989666e-02,-5.416397905272919006e-02,-1.814723329828799026e-02,-5.397212391957493388e-02,3.272546034667735138e-03,-3.849684026211758377e-04,7.192316669438893195e-02,2.955805943548841033e-02,6.224637272111634839e-02,-1.920208396654424221e-02,1.201211508923497318e-01,2.264120350696010864e-01,1.825505205389941765e-01,-2.733583602201129434e-02,2.227579191569481823e-02,1.301491519924040940e-01,2.094216870587898016e-01,1.813883351284603096e-01,1.380785054580681015e-01,1.971235937296605123e-01,1.234936076363058605e-01,8.609060184951856931e-02,1.939850908065382518e-01,8.523716327059285836e-02,1.160014608148283721e-01,1.012331746971776442e-01,-2.603990674446048786e-02,4.439026735337645024e-02,7.398907483397904050e-02,6.898630452191559584e-03,-7.521078852955191685e-02,1.434672847882547675e-01,1.209892932672152338e-01,1.567439401649276254e-01,1.332625267005088654e-01,1.164844267042951936e-01,8.176302030525685327e-02,-1.012362238442716666e-01,-1.877750665737082381e-02,1.489624581562062622e-01,6.237900763932534634e-03,-1.244724799896069628e-01,6.890913710542075077e-02,1.248364307616335600e-01,-3.642656620157697089e-02,-9.394582754658611923e-02,9.753945257366353205e-02,8.273081196996011355e-02,-1.111540104222557973e-01,-1.434010016011201816e-01,-4.514108867705340228e-02,-2.283374572095830599e-02,-3.480109705590744840e-02,-9.205407153947807453e-02,9.162677942542628295e-02,8.211381411351685589e-02,-1.393652978125597963e-01,-1.732631934892684550e-02,1.527741153510531469e-01,8.398686261314720555e-03,-1.364971467302546759e-01,7.310128219877663758e-02,1.343962748407959706e-01,-8.875668243294566884e-02,-8.844565287179823043e-02,-1.489583693854100721e-01,-1.101586531287175597e-01,1.525794950499827392e-02,-1.316975090046269559e-01,6.731298394309803701e-02,1.025863306593659541e-01,-9.411349183617050140e-02,-2.091856652148590956e-02,1.473375572230607999e-01,3.150547637414918140e-02,-8.528304773858826071e-02,8.394702434531541371e-03,7.275252623326976253e-03,-1.054938951283303644e-01,-4.686221850050416998e-02,-1.378421279026604829e-01,-4.643387060543979067e-02,-5.218763964224058804e-02,-1.411949499214439352e-01,-4.546978913110129999e-02,-5.037297538006049735e-02
-1.640318571275914405e-02,-1.691057869114410694e-01,2.389390672525792958e-02,4.279966761908368111e-01,-5.327655337312815764e-02,-1.272924850257786678e-01,5.069612950687901742e-01,4.803208436519068592e-01,-5.737212395977033808e-01,3.667832541657008172e-02,1.000000000000000000e+00,3.567441624681608886e-02,-6.500224563578802517e-01,6.070198711849340567e-01,7.286553479490299745e-01,-3.825249578505398595e-01,1.396997040282941804e-01,-7.329714678460536037e-01,-2.587115048149541963e-01,-1.644413544160890639e-01,-2.455115609245897279e-01,-3.460334099641397820e-01,-1.899091239216267879e-01,-1.096038869811917366e-01,-3.426285373405517087e-01,-2.807138833007829515e-01,-1.780895092200130980e-01,-1.043517558129287565e-01,-1.731393452997363747e-01,-4.576302832614671107e-02,-8.143716918309361341e-02,-1.833102112726467392e-01,-7.927993618298237455e-02,-8.803658839417172199e-02,1.744827218936921831e-01,-8.876465327151596141e-02,1.006600008823782672e-01,2.646100588016225275e-01,1.401191225533826301e-01,1.023698127610709191e-01,2.370759993053644099e-01,1.197292141207784988e-01,8.169876339006618138e-02,6.706082502196382411e-02,8.960012862521606058e-02,5.484805878839729698e-02,8.554063639265431507e-02,1.728603286639486813e-01,5.275647451576311042e-02,1.266702021177795734e-01,1.423875281412928795e-01,1.861815868671313767e-01,1.112543776739381984e-01,2.095654203719073128e-01,1.283875015335039504e-01,1.228744073367894207e-01,3.936274168200171869e-02,8.923932024354197523e-02,9.396383761457327566e-02,1.502242415547930532e-01,2.677074741196276003e-02,1.064297674497130808e-01,2.734958456161667995e-02,6.276469527581179930e-02,-1.401235043156806581e-01,-6.265141757080605785e-03,1.136563846928447807e-01,1.527938847628809715e-01,3.137228886352208361e-03,4.447691390692375124e-02,1.704300636835908433e-01,6.464426199371063608e-02,-1.232587064400375056e-02,1.131143547966298735e-01,1.496330184087766024e-01,-1.214147330402869616e-02,7.826425714705028151e-04,1.616270791796415029e-01,7.835396232612631962e-02,-8.654130220943855034e-02,1.299636749448236095e-01,-4.819840653359468152e-02,1.336941058295484652e-01,-2.497147173642000686e-02,5.437433789495115660e-02,-1.307868616008368290e-01,-1.197507880179603384e-01,-1.931459518544494450e-02,-1.703586016851330043e-02,-1.287227209421564489e-01,-1.077873311664123562e-01,3.075387497573899356e-03,-5.201568142226887376e-02,-1.543925450727972604e-01,-4.924481454740757547e-02,8.695406195371534197e-03,1.155445329207866606e-01,1.541002498536650778e-01,-7.971964913629581151e-02,-1.573862453122535643e-01,1.127180180340545124e-01,1.203097426150794430e-01,-1.224588900020125992e-01,1.904775872794810601e-02,2.249686412558313808e-01,5.891351513111198201e-02,-2.320886952019190763e-01,8.381588779031581837e-02,1.628768214709655215e-01,3.380993771599639236e-02,2.495772825757020322e-02,7.441532154679755817e-02,8.309945822320799480e-02,-1.104130150757700419e-03,-1.769006051603482649e-02,1.102842641790370733e-02
2.569810054468806282e-01,1.061308403151862562e-01,-1.031408074488197463e-01,1.056074948231955080e-01,5.000113160269427093e-01,-1.416334606184641021e-01,-4.139419055716977436e-01,6.699402026131048293e-01,4.047277743544108741e-01,-6.363734103057380187e-01,3.567441624681608886e-02,1.000000000000000000e+00,-1.621218492761053107e-02,-5.200947408605726130e-01,6.242928409892808395e-01,7.020717597703923785e-01,3.753677846166512122e-01,-8.017346996586308117e-02,6.404930568917895917e-01,1.240225161603456944e-01,-2.688629079959962143e-01,-5.378746468019458132e-02,-1.393265670605692286e-01,-1.331537847706470157e-01,-2.790134235329389673e-02,4.852369216259627693e-02,1.466986749754087271e-01,1.287709229248912846e-01,1.234042832947436358e-01,-2.641341516600865386e-02,1.168756780600939543e-01,1.759965564026642892e-02,8.004100538940334131e-02,1.879119961316181864e-01,3.285337060137837051e-02,7.006793874769796926e-02,-2.090842220467444557e-01,-7.437268895955904957e-02,-8.896790614684918497e-02,7.412545440868323343e-02,-1.671177741998570720e-01,-1.761933124502097492e-01,-1.641933502851225801e-01,-1.816000290828746061e-02,-4.839027464432894138e-02,-1.291503446027293944e-01,-9.044419628394885502e-02,-1.519026071405995271e-01,-9.278975724747856590e-02,-1.123939434684464722e-01,-1.074243759461463721e-01,-9.163843881371709632e-02,-1.305340673721182010e-01,-9.851460591285844670e-02,-7.832435109697891140e-02,-9.769341333163858443e-02,5.379599990955115374e-02,1.339179470850700333e-02,-1.936586865225127796e-01,-2.159265146123107854e-02,-4.047260378342848464e-02,-2.109205448976988195e-01,-9.197821974745069851e-02,-2.223411460928897965e-01,-1.531357599414992499e-01,-1.452489830505005186e-01,-1.710112166593439620e-01,1.044658308102401761e-01,5.254647623525772471e-02,-2.118065169285538452e-01,-6.578542460771721889e-02,1.611202130242025965e-01,-6.828555217407775157e-02,-2.109779280453170092e-01,2.075785915204685431e-02,1.237957016632187379e-01,-1.499977981394911564e-01,-1.493419739322346118e-01,1.211744468165567301e-01,2.042840878634001878e-01,3.460786254134874673e-02,3.770314464435513269e-02,1.930409597741148883e-02,1.534554373886509449e-01,-1.305316676431440004e-01,-8.120825874521037102e-02,2.127787432089044140e-01,3.325095988550030163e-02,-2.205658547585929719e-01,1.319984232336660589e-02,2.091416585335777178e-01,-1.029139432977628221e-01,-1.803383140792202133e-01,1.489861758799712887e-01,1.349849935663503808e-01,2.047480954125246444e-01,1.447786485697341585e-01,-4.945503747486560547e-02,1.976287685596886112e-01,-6.640809683758865101e-02,-1.705990011274086671e-01,1.026632449501195254e-01,5.131420077858581813e-02,-1.861150882152798891e-01,-8.496953622091658886e-02,7.623152030005594937e-02,-1.264782438441960644e-01,-9.784972712434369946e-02,9.005085152771800938e-02,5.687699842192508320e-02,1.096045522203726030e-01,6.440491103913776466e-03,4.427122848997633309e-02,8.149647152519030879e-02,-8.374333206998667636e-03,4.624009909784889544e-02
1.318228011877433936e-01,2.762667876124492161e-01,2.976990155003442773e-01,-1.581030706106139050e-01,1.923741025226542445e-01,3.423545223698477025e-01,-6.720550472463979186e-02,-3.768350628700233296e-01,6.965395601399830827e-01,5.303905229669451105e-01,-6.500224563578802517e-01,-1.621218492761053107e-02,1.000000000000000000e+00,-2.525496014999011052e-03,-5.858813867740377823e-01,4.081043829280187607e-01,-6.428860724253447900e-01,2.494887044731160797e-01,1.246053543951988613e-01,-6.247576126781981959e-02,4.264403807121754791e-02,1.888905389418784886e-01,2.079314650263748843e-01,5.604120964060160803e-02,3.445472473499150423e-01,2.686142712029692681e-01,1.650956650393876901e-01,1.159318424226264965e-01,1.842605286434439715e-01,4.151317018171021833e-03,1.011805123613489926e-01,9.455633336342485207e-02,9.514809465425314028e-02,1.317458972437582643e-01,-1.029448941515144766e-01,1.107418058640757819e-01,-1.352669241058104266e-01,-2.078996924410837221e-01,-9.579341520110752628e-02,-4.234567296142325438e-02,-1.622513437299636652e-01,2.188185141897121613e-02,1.419335790548372118e-02,-8.884209476910914782e-02,-6.163747644469999565e-02,4.478374547463948550e-03,8.562372532535791891e-02,-4.242077073011521482e-02,4.025388593372269258e-02,3.361590869198274878e-02,-4.001524142316371241e-02,-9.603435666955291439e-02,3.295033928858427663e-02,-1.244037701857278189e-01,-2.242880664946544575e-02,-5.389956127274345837e-02,-1.288935291344176816e-02,-4.544640898938189476e-03,-1.166509046200463473e-01,-1.190167997038643899e-01,-1.157211364201145010e-01,-7.309270613447219067e-02,3.852700692776209190e-02,-3.707666146456249645e-02,1.394512006345283162e-01,2.632058608527235513e-02,-1.156904884292843660e-01,-1.480474377797646734e-01,1.228108643615973689e-02,-2.374599594732498820e-02,-1.654033669525729611e-01,-6.738384855602197465e-02,3.198987662712096669e-02,-9.868661197453086620e-02,-1.346479269856796224e-01,-3.420435402107233243e-03,-2.389767823120665484e-03,-1.369441208127437637e-01,-8.944136856778835132e-02,5.695196655995912738e-02,-1.199690390695369591e-01,3.726171601720762450e-02,-1.273615396565282720e-01,2.499906330268290150e-02,-3.637206977489866599e-02,1.310378062329239368e-01,8.994620635694662580e-02,2.419321166321966587e-02,2.185925550581967539e-02,1.117939058961362891e-01,8.304948124464493764e-02,6.858020956322933431e-03,5.421946559022135931e-02,1.240375168684172552e-01,3.983488402308359849e-02,-2.162118116967683829e-02,-1.033935774060276286e-01,-1.374211634118387704e-01,5.698949343813357327e-02,1.417705149158499378e-01,-9.713143671155666237e-02,-1.187619783636257725e-01,9.979837352226833547e-02,1.403017132452451590e-02,-1.960928106976862206e-01,-8.787815951668617731e-02,9.886193937782189467e-02,-1.160860760738035707e-01,-1.674357574783749969e-01,-3.349789475626933216e-02,-8.698384363934694163e-02,-8.965289774767684627e-02,-7.827282892255187086e-02,-8.608102662059882726e-02,-3.322514945881177573e-02,-2.645744728558733702e-02
