1.000000000000000000e+00,5.266567492556277763e-01,5.054883135661066840e-01,4.602089412442816885e-01,1.792941013707262665e-01,3.643790039958745841e-01,1.136411644887715816e-01,-3.290701040342296907e-02,1.743821064408484778e-01,-8.117695632680140341e-03,-2.063007463243367312e-02,1.070794425596686000e-01,-5.640475759253798377e-02,-4.257083511403877973e-02,-9.427702796953917400e-03,-6.396536719506193402e-02,-3.317670916524168012e-02,-2.202174118509733422e-02,-6.133089583923592020e-02,-2.258931260528062798e-02,-2.552601927421897093e-02,-6.527673602488791305e-02,-2.091800240117803328e-02,-1.690586546982605215e-02,7.772911847082261509e-03,-3.542576524627153757e-03,8.443186489718691040e-03,-4.814029306931312015e-03,5.732867720745163376e-02,5.448253177159598226e-02,5.517257811769559622e-02,6.038599377386941885e-02,6.221466588297938638e-02,3.877719626621022042e-02
5.266567492556277763e-01,1.000000000000000000e+00,5.351138014567332624e-01,5.035721594254704003e-01,4.302056165744619909e-01,1.720089177624848087e-01,3.676155303080521491e-02,-7.212632433882541771e-02,1.827902477983978924e-01,4.370123389321253771e-02,-7.837471369970867852e-02,1.113352574805310802e-01,-3.459156973093980431e-02,-1.123806868677965504e-01,1.776008227791520469e-02,-4.982103367255743404e-02,-8.493556842055087486e-02,1.455211563535113890e-02,-7.025867602131784240e-02,-6.035484177492723284e-02,3.050962178279836151e-02,-5.736514840253143649e-02,-4.783412818600930871e-02,5.380660469471919283e-02,7.111402400745944763e-02,4.188519673347546046e-02,6.045219068866928419e-02,2.954860051647181102e-02,4.515623687518566243e-02,3.207168521053563402e-03,2.687459753095647330e-02,7.381255527447258373e-03,3.352959159054549193e-02,1.007277289864933487e-04
5.054883135661066840e-01,5.351138014567332624e-01,1.000000000000000000e+00,4.992717355644558097e-01,5.585650227940389678e-01,4.133977214911541131e-01,2.649304041105262075e-01,1.899667579234871548e-02,3.449522785179050532e-01,9.499634390538565232e-02,5.696372612217712184e-02,2.504444283342431299e-01,-2.665457349747142688e-03,2.384256828500303654e-02,1.294771465938233945e-01,1.090073250435017252e-02,3.769556487025325919e-02,1.006138459337247715e-01,1.904753201261609116e-02,5.266258476971862057e-02,8.947765531557227980e-02,1.456650038939655452e-02,4.333123155981001562e-02,8.328851350350427452e-02,4.595955561434102860e-02,7.207475616089788206e-02,6.521463093644280784e-02,5.487769159138636277e-02,6.589935107139353876e-02,3.353898486263356959e-02,5.441131866887524704e-02,1.750584916397430676e-02,3.423022445058264418e-02,2.083374849728706138e-02
4.602089412442816885e-01,5.035721594254704003e-01,4.992717355644558097e-01,1.000000000000000000e+00,5.319151677985841653e-01,5.751786158188485487e-01,2.667888718384873736e-01,5.973965137733368985e-02,3.847195818466745965e-01,1.660476943239924397e-01,3.806820011692336331e-02,2.482222369275648155e-01,1.205973348613165533e-02,-3.630958015780414577e-02,9.832818352310472576e-02,-1.776958184181322287e-02,-1.307547192387767572e-02,7.216226860291315159e-02,-3.434819841876728119e-02,-8.122197656997350024e-03,5.282192867671488962e-02,-3.566260741174748922e-02,7.156034318844055678e-03,4.895616553335037369e-02,7.239201657103680465e-02,4.469360800558889318e-02,5.550248167386853670e-02,-2.468349700200478045e-02,5.590547359490297130e-02,-1.861531921968367573e-02,3.438867778165469180e-02,-2.153141907275981628e-04,1.025795325799894360e-02,3.402757904991007658e-03
1.792941013707262665e-01,4.302056165744619909e-01,5.585650227940389678e-01,5.319151677985841653e-01,1.000000000000000000e+00,3.318184146411576330e-01,4.358857088771727617e-01,1.903948541056614541e-01,4.643955200639049430e-01,2.571468009371373764e-01,1.183785397828025082e-01,3.221490780062593040e-01,5.207119860049255061e-02,-9.707161605268554202e-04,1.748699533232256076e-01,2.924664778711678209e-02,1.595565298278523933e-02,1.405656254950155559e-01,1.651925980965071247e-02,3.428410874261567445e-03,1.047990776751595854e-01,8.294460136902326308e-03,5.921217552709604967e-03,9.733934787333586858e-02,4.916326952135084694e-02,8.444208862604184185e-02,4.732366543300970535e-02,7.224977821216145915e-03,1.789108190501268250e-02,-3.111759012012512565e-02,7.708444619889563351e-03,-5.564133881037820750e-02,7.030252536826272309e-04,-3.256037930626660276e-02
3.643790039958745841e-01,1.720089177624848087e-01,4.133977214911541131e-01,5.751786158188485487e-01,3.318184146411576330e-01,1.000000000000000000e+00,4.998635722452096641e-01,3.524336004353076368e-01,5.698357306304394632e-01,1.521787132120058228e-01,2.469475927856931430e-01,3.849799162205441161e-01,5.439776259403353992e-02,1.018624162166330283e-01,1.851951064286883886e-01,8.682525195477741597e-03,9.826006559716907174e-02,1.431238844959644152e-01,2.635044141359601036e-02,7.474615921264202156e-02,1.098431013847898791e-01,2.191756664245709044e-02,7.970826157470405071e-02,6.660509145377453699e-02,3.536017811785621690e-02,2.077232878225020868e-02,5.106460839783218825e-02,-4.529422591950259605e-03,5.560952556267467067e-02,-2.296391582375020834e-02,3.965173122509266929e-02,5.828488697486171842e-03,2.172236516037729173e-02,3.188983660302369127e-02
1.136411644887715816e-01,3.676155303080521491e-02,2.649304041105262075e-01,2.667888718384873736e-01,4.358857088771727617e-01,4.998635722452096641e-01,1.000000000000000000e+00,5.857754593597402915e-01,7.252170966738923363e-01,4.589946196377851506e-01,3.695160428292215693e-01,5.569439398054923940e-01,2.377916452309884465e-01,2.649064081847827823e-01,3.279771827379206472e-01,1.773775329132687983e-01,2.191554380617969644e-01,2.440014107834581336e-01,1.511327885275573768e-01,1.523213511415091870e-01,1.842170658806498440e-01,1.289973962756375825e-01,1.351255687629577817e-01,1.329098436775653092e-01,3.081202686794384457e-02,7.062450862977331933e-02,4.625953998359309122e-02,-1.464882207957156693e-02,5.773913199330354268e-02,-1.675208583298563772e-04,5.680279262902308141e-02,-2.557640002517594033e-02,1.549600858350936791e-02,-2.054504203883063609e-02
-3.290701040342296907e-02,-7.212632433882541771e-02,1.899667579234871548e-02,5.973965137733368985e-02,1.903948541056614541e-01,3.524336004353076368e-01,5.857754593597402915e-01,1.000000000000000000e+00,5.215222984020031483e-01,5.070782872935317709e-01,4.999031945983573588e-01,4.391925446517172538e-01,2.962542660866853694e-01,2.787207572043844395e-01,2.657820730873537984e-01,1.983368168784577779e-01,2.170645068198535088e-01,2.106530402507144628e-01,1.641459143183562064e-01,1.465411389562121247e-01,1.740827491667610860e-01,1.432966269171409013e-01,1.242346320712319346e-01,1.273982348151101729e-01,-2.931374025929272403e-02,-1.017435043877110146e-02,1.609877258165178307e-02,1.949043060093486089e-03,-2.905887555863313765e-02,-7.810053060227116484e-02,-2.908621031856130010e-02,-5.399962434796695687e-02,-3.649099489732438029e-02,-3.367261538746930960e-02
1.743821064408484778e-01,1.827902477983978924e-01,3.449522785179050532e-01,3.847195818466745965e-01,4.643955200639049430e-01,5.698357306304394632e-01,7.252170966738923363e-01,5.215222984020031483e-01,1.000000000000000000e+00,5.161013929876621109e-01,5.251857317903183553e-01,6.833576590089028846e-01,2.385985680537597575e-01,2.912474611499447086e-01,3.765932506885431574e-01,1.572186390356095920e-01,2.518360613218927901e-01,2.891935760442068126e-01,1.412300821415446161e-01,1.848601823305025538e-01,2.331741479873991052e-01,1.197408021487098850e-01,1.717352700675593424e-01,1.811024302661145002e-01,5.638316137635279029e-02,7.256232433414763761e-02,5.962402057271288386e-02,-1.196924570635195771e-02,6.655750878504677892e-02,-5.135430876112235393e-02,3.521501497283489879e-02,-3.515588873947023824e-02,-4.858033438837787606e-03,-3.503116952766960942e-03
-8.117695632680140341e-03,4.370123389321253771e-02,9.499634390538565232e-02,1.660476943239924397e-01,2.571468009371373764e-01,1.521787132120058228e-01,4.589946196377851506e-01,5.070782872935317709e-01,5.161013929876621109e-01,1.000000000000000000e+00,4.600556448729317682e-01,4.602823221859795311e-01,3.451014226646069716e-01,2.107832963894596123e-01,2.384787649930616982e-01,2.697114750479683298e-01,1.548954470696618790e-01,1.622962877944412463e-01,1.822918014666670972e-01,1.047364080708375333e-01,1.143087317226116201e-01,1.503687461792644342e-01,9.068653178740732068e-02,8.643019480923837261e-02,-1.971752226284237755e-02,-2.773894611627547493e-04,-2.016748297190911962e-02,-3.776884917715846862e-02,-1.353218473245375829e-02,-6.938247079954693031e-02,-3.054257131319030455e-02,-3.827148120637036133e-02,-3.245483899904601927e-02,-5.237697795651348985e-03
-2.063007463243367312e-02,-7.837471369970867852e-02,5.696372612217712184e-02,3.806820011692336331e-02,1.183785397828025082e-01,2.469475927856931430e-01,3.695160428292215693e-01,4.999031945983573588e-01,5.251857317903183553e-01,4.600556448729317682e-01,1.000000000000000000e+00,4.618126958903159274e-01,3.374414115014559012e-01,5.381098295858264269e-01,3.003215495366958754e-01,2.197682589913316220e-01,4.238072548751840030e-01,2.323821687235677058e-01,2.106981310532913543e-01,3.143969337229204353e-01,2.030955651069767942e-01,1.695479940340445801e-01,2.611103250354055438e-01,1.169152521452260923e-01,9.647751509864136571e-03,2.749082455019175031e-02,2.983374779359548173e-02,-2.465003662755761715e-02,1.672885426548020513e-02,-1.060441711221901812e-01,-6.635234299640904373e-03,-7.418058589927803426e-02,-2.397078250044237108e-02,3.064258767677229770e-03
1.070794425596686000e-01,1.113352574805310802e-01,2.504444283342431299e-01,2.482222369275648155e-01,3.221490780062593040e-01,3.849799162205441161e-01,5.569439398054923940e-01,4.391925446517172538e-01,6.833576590089028846e-01,4.602823221859795311e-01,4.618126958903159274e-01,1.000000000000000000e+00,4.732400283547320563e-01,3.852937218524234431e-01,6.055102044747819878e-01,3.587280277609791734e-01,3.377255226673903099e-01,4.784273152785100680e-01,3.114703092333401258e-01,2.588282136797775967e-01,3.719591298286882841e-01,2.507394458281781424e-01,2.284269139396132575e-01,2.653443931363543284e-01,7.135400151795366630e-02,7.590077886549584374e-02,9.112945926455411072e-02,5.416053918128971301e-02,3.739889696307073519e-02,-4.962204262770781443e-02,2.459975070995583379e-02,-2.695520260016220568e-02,-2.830716789803996644e-02,-1.953786829584625365e-02
-5.640475759253798377e-02,-3.459156973093980431e-02,-2.665457349747142688e-03,1.205973348613165533e-02,5.207119860049255061e-02,5.439776259403353992e-02,2.377916452309884465e-01,2.962542660866853694e-01,2.385985680537597575e-01,3.451014226646069716e-01,3.374414115014559012e-01,4.732400283547320563e-01,1.000000000000000000e+00,4.944246316300440203e-01,4.769589213171736009e-01,7.373846141493141104e-01,4.530892988133992660e-01,4.003960438122675103e-01,5.777188924460499031e-01,3.682663506268276654e-01,3.552123941585196287e-01,4.881884615987278631e-01,3.304085559398516336e-01,2.773333885483737493e-01,7.681199772884658716e-02,7.093303874562476019e-02,1.328629844453929620e-01,7.015658530189394781e-02,4.178129533880958063e-02,-2.249509780363785280e-02,3.580822329357287448e-02,1.784680785056305674e-02,9.200868793095205028e-03,1.703428810584505654e-02
-4.257083511403877973e-02,-1.123806868677965504e-01,2.384256828500303654e-02,-3.630958015780414577e-02,-9.707161605268554202e-04,1.018624162166330283e-01,2.649064081847827823e-01,2.787207572043844395e-01,2.912474611499447086e-01,2.107832963894596123e-01,5.381098295858264269e-01,3.852937218524234431e-01,4.944246316300440203e-01,1.000000000000000000e+00,5.136000195286463121e-01,4.543713464212175701e-01,7.906438595904680122e-01,4.215241755809217561e-01,4.151474259103917208e-01,6.067704207619847301e-01,3.679795716408982287e-01,3.404228867250341795e-01,5.033634899404125784e-01,2.212335519262623729e-01,7.010798702385236114e-02,1.118755660014273540e-01,1.286680806463748883e-01,4.902890485593325992e-02,6.243960873138834633e-02,-4.634101462127786925e-02,5.416087813976545179e-02,-3.550567371230110847e-02,-1.858848106217905099e-03,-1.678868856769802353e-02
-9.427702796953917400e-03,1.776008227791520469e-02,1.294771465938233945e-01,9.832818352310472576e-02,1.748699533232256076e-01,1.851951064286883886e-01,3.279771827379206472e-01,2.657820730873537984e-01,3.765932506885431574e-01,2.384787649930616982e-01,3.003215495366958754e-01,6.055102044747819878e-01,4.769589213171736009e-01,5.136000195286463121e-01,1.000000000000000000e+00,5.229846183121331649e-01,4.987352049666590736e-01,7.932613999239273017e-01,4.443074116878032442e-01,3.956554932011180914e-01,6.284621448353954198e-01,3.563833232213340363e-01,3.637288813982327285e-01,4.405024869925741049e-01,1.453065300536871551e-01,1.522250310560259168e-01,1.825642532094129689e-01,9.588977264136627765e-02,6.519166466614847999e-02,-4.185121561148394398e-02,4.128808577198198743e-02,4.651806299875253618e-03,-1.900304375240986082e-02,-1.358167951744330276e-02
-6.396536719506193402e-02,-4.982103367255743404e-02,1.090073250435017252e-02,-1.776958184181322287e-02,2.924664778711678209e-02,8.682525195477741597e-03,1.773775329132687983e-01,1.983368168784577779e-01,1.572186390356095920e-01,2.697114750479683298e-01,2.197682589913316220e-01,3.587280277609791734e-01,7.373846141493141104e-01,4.543713464212175701e-01,5.229846183121331649e-01,1.000000000000000000e+00,5.158555167056528834e-01,4.507757298899180975e-01,7.596770079646837370e-01,4.222816654666420866e-01,4.124246936709483058e-01,6.194194593187766218e-01,3.753837051169986450e-01,3.302937690646319813e-01,1.037083520449945812e-01,1.136158184321377773e-01,1.704312239465962664e-01,9.092649777012251633e-02,6.990419680280131332e-02,-1.304295893347402063e-02,6.252535010787317604e-02,2.772675003176142822e-02,1.272566794353823319e-02,2.680519571638716528e-02
-3.317670916524168012e-02,-8.493556842055087486e-02,3.769556487025325919e-02,-1.307547192387767572e-02,1.595565298278523933e-02,9.826006559716907174e-02,2.191554380617969644e-01,2.170645068198535088e-01,2.518360613218927901e-01,1.548954470696618790e-01,4.238072548751840030e-01,3.377255226673903099e-01,4.530892988133992660e-01,7.906438595904680122e-01,4.987352049666590736e-01,5.158555167056528834e-01,1.000000000000000000e+00,5.131546922541835309e-01,4.888625456258582913e-01,7.616028069783160603e-01,4.414106829416645228e-01,3.909615147154979486e-01,6.210077362986399230e-01,2.525299635291239908e-01,8.870014832068276456e-02,1.186900999010895158e-01,1.512845680413699156e-01,6.511742946985553393e-02,4.586616096689413724e-02,-7.023426511661520766e-02,3.153385764314050460e-02,-4.016360078493608210e-02,-1.073744398915254909e-02,-1.779703794124338351e-02
-2.202174118509733422e-02,1.455211563535113890e-02,1.006138459337247715e-01,7.216226860291315159e-02,1.405656254950155559e-01,1.431238844959644152e-01,2.440014107834581336e-01,2.106530402507144628e-01,2.891935760442068126e-01,1.622962877944412463e-01,2.323821687235677058e-01,4.784273152785100680e-01,4.003960438122675103e-01,4.215241755809217561e-01,7.932613999239273017e-01,4.507757298899180975e-01,5.131546922541835309e-01,1.000000000000000000e+00,5.153274729747191474e-01,4.441289617897217212e-01,7.862032129858167462e-01,4.055755435761245753e-01,4.066874258054073987e-01,5.461661405909198352e-01,2.293081601213324550e-01,2.106674294612495835e-01,2.588265818836766319e-01,1.366487136088470611e-01,8.086809198588600089e-02,-7.660064134562322158e-02,2.896554726949697803e-02,-6.540229428528653369e-03,-2.646944610576276724e-02,-6.975858422925955253e-03
-6.133089583923592020e-02,-7.025867602131784240e-02,1.904753201261609116e-02,-3.434819841876728119e-02,1.651925980965071247e-02,2.635044141359601036e-02,1.511327885275573768e-01,1.641459143183562064e-01,1.412300821415446161e-01,1.822918014666670972e-01,2.106981310532913543e-01,3.114703092333401258e-01,5.777188924460499031e-01,4.151474259103917208e-01,4.443074116878032442e-01,7.596770079646837370e-01,4.888625456258582913e-01,5.153274729747191474e-01,1.000000000000000000e+00,5.212753939316400187e-01,5.115805576372858265e-01,8.027450486904808002e-01,4.526635183678483498e-01,4.120677057504973373e-01,1.581761944845511969e-01,1.549744326138506045e-01,2.322656851523558219e-01,1.277003371417289590e-01,8.992516647070446234e-02,-2.954160163304310471e-02,6.692066490925090150e-02,2.544165583099496780e-02,1.856866040440406998e-02,3.158825555376115757e-02
-2.258931260528062798e-02,-6.035484177492723284e-02,5.266258476971862057e-02,-8.122197656997350024e-03,3.428410874261567445e-03,7.474615921264202156e-02,1.523213511415091870e-01,1.465411389562121247e-01,1.848601823305025538e-01,1.047364080708375333e-01,3.143969337229204353e-01,2.588282136797775967e-01,3.682663506268276654e-01,6.067704207619847301e-01,3.956554932011180914e-01,4.222816654666420866e-01,7.616028069783160603e-01,4.441289617897217212e-01,5.212753939316400187e-01,1.000000000000000000e+00,5.183073252726292379e-01,4.292517495298043273e-01,7.937864378699454049e-01,2.581825418147398743e-01,9.372626287133946354e-02,1.247252874898417824e-01,1.573474209313711347e-01,6.596044327701294785e-02,3.418679950367282255e-02,-7.612003580661103053e-02,3.067461279802135773e-02,-3.822359068248420977e-02,-1.380370254853703280e-02,-1.329387966895946918e-02
-2.552601927421897093e-02,3.050962178279836151e-02,8.947765531557227980e-02,5.282192867671488962e-02,1.047990776751595854e-01,1.098431013847898791e-01,1.842170658806498440e-01,1.740827491667610860e-01,2.331741479873991052e-01,1.143087317226116201e-01,2.030955651069767942e-01,3.719591298286882841e-01,3.552123941585196287e-01,3.679795716408982287e-01,6.284621448353954198e-01,4.124246936709483058e-01,4.414106829416645228e-01,7.862032129858167462e-01,5.115805576372858265e-01,5.183073252726292379e-01,1.000000000000000000e+00,5.142656875479507672e-01,5.027735286343818499e-01,6.882224889703631998e-01,3.267491895043090899e-01,2.767192254976232890e-01,3.375517436372716951e-01,1.631043882990525495e-01,1.123598038673356420e-01,-1.070397854000976201e-01,3.334209818074648085e-02,-1.568864433412225229e-02,-1.985542713634240106e-02,-5.650023459226631226e-03
-6.527673602488791305e-02,-5.736514840253143649e-02,1.456650038939655452e-02,-3.566260741174748922e-02,8.294460136902326308e-03,2.191756664245709044e-02,1.289973962756375825e-01,1.432966269171409013e-01,1.197408021487098850e-01,1.503687461792644342e-01,1.695479940340445801e-01,2.507394458281781424e-01,4.881884615987278631e-01,3.404228867250341795e-01,3.563833232213340363e-01,6.194194593187766218e-01,3.909615147154979486e-01,4.055755435761245753e-01,8.027450486904808002e-01,4.292517495298043273e-01,5.142656875479507672e-01,1.000000000000000000e+00,4.923469098228005492e-01,4.375349631725055088e-01,1.608687036426482697e-01,1.490035002154045940e-01,2.479046975973310252e-01,1.366920622759415227e-01,8.962635096689795799e-02,-4.276446009959256750e-02,6.391735527613955081e-02,2.284126200377906840e-02,1.970895474128902050e-02,3.016341798690909751e-02
-2.091800240117803328e-02,-4.783412818600930871e-02,4.333123155981001562e-02,7.156034318844055678e-03,5.921217552709604967e-03,7.970826157470405071e-02,1.351255687629577817e-01,1.242346320712319346e-01,1.717352700675593424e-01,9.068653178740732068e-02,2.611103250354055438e-01,2.284269139396132575e-01,3.304085559398516336e-01,5.033634899404125784e-01,3.637288813982327285e-01,3.753837051169986450e-01,6.210077362986399230e-01,4.066874258054073987e-01,4.526635183678483498e-01,7.937864378699454049e-01,5.027735286343818499e-01,4.923469098228005492e-01,1.000000000000000000e+00,3.010027361029972148e-01,1.348997507550789843e-01,1.425721878841725021e-01,1.955288251169391978e-01,6.590934940013293275e-02,5.209704878899602126e-02,-9.075942797627356562e-02,3.113764744609500562e-02,-3.843756880142901178e-02,-9.234119389143959078e-03,-1.329397016009101554e-02
-1.690586546982605215e-02,5.380660469471919283e-02,8.328851350350427452e-02,4.895616553335037369e-02,9.733934787333586858e-02,6.660509145377453699e-02,1.329098436775653092e-01,1.273982348151101729e-01,1.811024302661145002e-01,8.643019480923837261e-02,1.169152521452260923e-01,2.653443931363543284e-01,2.773333885483737493e-01,2.212335519262623729e-01,4.405024869925741049e-01,3.302937690646319813e-01,2.525299635291239908e-01,5.461661405909198352e-01,4.120677057504973373e-01,2.581825418147398743e-01,6.882224889703631998e-01,4.375349631725055088e-01,3.010027361029972148e-01,1.000000000000000000e+00,4.508419247722836865e-01,4.527027254381275068e-01,3.700353531709563160e-01,1.294645882024747785e-01,1.583066633280876268e-01,-1.274316255983657664e-01,7.377296103377845027e-02,-4.330912154679812665e-02,1.180984334725637165e-02,7.236423786590284735e-03
7.772911847082261509e-03,7.111402400745944763e-02,4.595955561434102860e-02,7.239201657103680465e-02,4.916326952135084694e-02,3.536017811785621690e-02,3.081202686794384457e-02,-2.931374025929272403e-02,5.638316137635279029e-02,-1.971752226284237755e-02,9.647751509864136571e-03,7.135400151795366630e-02,7.681199772884658716e-02,7.010798702385236114e-02,1.453065300536871551e-01,1.037083520449945812e-01,8.870014832068276456e-02,2.293081601213324550e-01,1.581761944845511969e-01,9.372626287133946354e-02,3.267491895043090899e-01,1.608687036426482697e-01,1.348997507550789843e-01,4.508419247722836865e-01,1.000000000000000000e+00,5.365877685202296021e-01,7.874679744057559994e-01,3.925957465342290176e-01,4.778185458255257423e-01,-4.655602696369796206e-02,1.664072484340603508e-01,1.214891550747154020e-01,6.031670529279858223e-02,1.188896022986719175e-01
-3.542576524627153757e-03,4.188519673347546046e-02,7.207475616089788206e-02,4.469360800558889318e-02,8.444208862604184185e-02,2.077232878225020868e-02,7.062450862977331933e-02,-1.017435043877110146e-02,7.256232433414763761e-02,-2.773894611627547493e-04,2.749082455019175031e-02,7.590077886549584374e-02,7.093303874562476019e-02,1.118755660014273540e-01,1.522250310560259168e-01,1.136158184321377773e-01,1.186900999010895158e-01,2.106674294612495835e-01,1.549744326138506045e-01,1.247252874898417824e-01,2.767192254976232890e-01,1.490035002154045940e-01,1.425721878841725021e-01,4.527027254381275068e-01,5.365877685202296021e-01,1.000000000000000000e+00,3.110739060176089810e-01,-6.540822715687670541e-02,2.802440170974562217e-01,-1.084370005708089890e-01,2.229237845650172689e-01,-7.910923520273344112e-02,6.761554519688105225e-02,-5.957017656628553828e-03
8.443186489718691040e-03,6.045219068866928419e-02,6.521463093644280784e-02,5.550248167386853670e-02,4.732366543300970535e-02,5.106460839783218825e-02,4.625953998359309122e-02,1.609877258165178307e-02,5.962402057271288386e-02,-2.016748297190911962e-02,2.983374779359548173e-02,9.112945926455411072e-02,1.328629844453929620e-01,1.286680806463748883e-01,1.825642532094129689e-01,1.704312239465962664e-01,1.512845680413699156e-01,2.588265818836766319e-01,2.322656851523558219e-01,1.573474209313711347e-01,3.375517436372716951e-01,2.479046975973310252e-01,1.955288251169391978e-01,3.700353531709563160e-01,7.874679744057559994e-01,3.110739060176089810e-01,1.000000000000000000e+00,6.241159523407771026e-01,5.579886524351919119e-01,2.777783509837118345e-02,1.855727132587305372e-01,1.895176434428232637e-01,9.573681015344306933e-02,1.085438766114147774e-01
-4.814029306931312015e-03,2.954860051647181102e-02,5.487769159138636277e-02,-2.468349700200478045e-02,7.224977821216145915e-03,-4.529422591950259605e-03,-1.464882207957156693e-02,1.949043060093486089e-03,-1.196924570635195771e-02,-3.776884917715846862e-02,-2.465003662755761715e-02,5.416053918128971301e-02,7.015658530189394781e-02,4.902890485593325992e-02,9.588977264136627765e-02,9.092649777012251633e-02,6.511742946985553393e-02,1.366487136088470611e-01,1.277003371417289590e-01,6.596044327701294785e-02,1.631043882990525495e-01,1.366920622759415227e-01,6.590934940013293275e-02,1.294645882024747785e-01,3.925957465342290176e-01,-6.540822715687670541e-02,6.241159523407771026e-01,1.000000000000000000e+00,1.564125357285341134e-01,3.727920935804009128e-02,-4.702626639164959182e-02,1.547871307756160941e-01,-1.789399466587402593e-02,4.038591745111640152e-02
5.732867720745163376e-02,4.515623687518566243e-02,6.589935107139353876e-02,5.590547359490297130e-02,1.789108190501268250e-02,5.560952556267467067e-02,5.773913199330354268e-02,-2.905887555863313765e-02,6.655750878504677892e-02,-1.353218473245375829e-02,1.672885426548020513e-02,3.739889696307073519e-02,4.178129533880958063e-02,6.243960873138834633e-02,6.519166466614847999e-02,6.990419680280131332e-02,4.586616096689413724e-02,8.086809198588600089e-02,8.992516647070446234e-02,3.418679950367282255e-02,1.123598038673356420e-01,8.962635096689795799e-02,5.209704878899602126e-02,1.583066633280876268e-01,4.778185458255257423e-01,2.802440170974562217e-01,5.579886524351919119e-01,1.564125357285341134e-01,1.000000000000000000e+00,4.854351472689442670e-01,6.721934360088011040e-01,4.305582468952162123e-01,4.449775890085310159e-01,2.283876819218498555e-01
5.448253177159598226e-02,3.207168521053563402e-03,3.353898486263356959e-02,-1.861531921968367573e-02,-3.111759012012512565e-02,-2.296391582375020834e-02,-1.675208583298563772e-04,-7.810053060227116484e-02,-5.135430876112235393e-02,-6.938247079954693031e-02,-1.060441711221901812e-01,-4.962204262770781443e-02,-2.249509780363785280e-02,-4.634101462127786925e-02,-4.185121561148394398e-02,-1.304295893347402063e-02,-7.023426511661520766e-02,-7.660064134562322158e-02,-2.954160163304310471e-02,-7.612003580661103053e-02,-1.070397854000976201e-01,-4.276446009959256750e-02,-9.075942797627356562e-02,-1.274316255983657664e-01,-4.655602696369796206e-02,-1.084370005708089890e-01,2.777783509837118345e-02,3.727920935804009128e-02,4.854351472689442670e-01,1.000000000000000000e+00,6.146263896835245655e-01,6.727606405956859659e-01,5.251888427434722173e-01,2.373001796365861726e-01
5.517257811769559622e-02,2.687459753095647330e-02,5.441131866887524704e-02,3.438867778165469180e-02,7.708444619889563351e-03,3.965173122509266929e-02,5.680279262902308141e-02,-2.908621031856130010e-02,3.521501497283489879e-02,-3.054257131319030455e-02,-6.635234299640904373e-03,2.459975070995583379e-02,3.580822329357287448e-02,5.416087813976545179e-02,4.128808577198198743e-02,6.252535010787317604e-02,3.153385764314050460e-02,2.896554726949697803e-02,6.692066490925090150e-02,3.067461279802135773e-02,3.334209818074648085e-02,6.391735527613955081e-02,3.113764744609500562e-02,7.377296103377845027e-02,1.664072484340603508e-01,2.229237845650172689e-01,1.855727132587305372e-01,-4.702626639164959182e-02,6.721934360088011040e-01,6.146263896835245655e-01,1.000000000000000000e+00,4.956494023735779075e-01,6.107960950972316505e-01,3.004032250704776752e-01
6.038599377386941885e-02,7.381255527447258373e-03,1.750584916397430676e-02,-2.153141907275981628e-04,-5.564133881037820750e-02,5.828488697486171842e-03,-2.557640002517594033e-02,-5.399962434796695687e-02,-3.515588873947023824e-02,-3.827148120637036133e-02,-7.418058589927803426e-02,-2.695520260016220568e-02,1.784680785056305674e-02,-3.550567371230110847e-02,4.651806299875253618e-03,2.772675003176142822e-02,-4.016360078493608210e-02,-6.540229428528653369e-03,2.544165583099496780e-02,-3.822359068248420977e-02,-1.568864433412225229e-02,2.284126200377906840e-02,-3.843756880142901178e-02,-4.330912154679812665e-02,1.214891550747154020e-01,-7.910923520273344112e-02,1.895176434428232637e-01,1.547871307756160941e-01,4.305582468952162123e-01,6.727606405956859659e-01,4.956494023735779075e-01,1.000000000000000000e+00,5.370881994213121402e-01,5.207324437416928076e-01
6.221466588297938638e-02,3.352959159054549193e-02,3.423022445058264418e-02,1.025795325799894360e-02,7.030252536826272309e-04,2.172236516037729173e-02,1.549600858350936791e-02,-3.649099489732438029e-02,-4.858033438837787606e-03,-3.245483899904601927e-02,-2.397078250044237108e-02,-2.830716789803996644e-02,9.200868793095205028e-03,-1.858848106217905099e-03,-1.900304375240986082e-02,1.272566794353823319e-02,-1.073744398915254909e-02,-2.646944610576276724e-02,1.856866040440406998e-02,-1.380370254853703280e-02,-1.985542713634240106e-02,1.970895474128902050e-02,-9.234119389143959078e-03,1.180984334725637165e-02,6.031670529279858223e-02,6.761554519688105225e-02,9.573681015344306933e-02,-1.789399466587402593e-02,4.449775890085310159e-01,5.251888427434722173e-01,6.107960950972316505e-01,5.370881994213121402e-01,1.000000000000000000e+00,4.049195421326252098e-01
3.877719626621022042e-02,1.007277289864933487e-04,2.083374849728706138e-02,3.402757904991007658e-03,-3.256037930626660276e-02,3.188983660302369127e-02,-2.054504203883063609e-02,-3.367261538746930960e-02,-3.503116952766960942e-03,-5.237697795651348985e-03,3.064258767677229770e-03,-1.953786829584625365e-02,1.703428810584505654e-02,-1.678868856769802353e-02,-1.358167951744330276e-02,2.680519571638716528e-02,-1.779703794124338351e-02,-6.975858422925955253e-03,3.158825555376115757e-02,-1.329387966895946918e-02,-5.650023459226631226e-03,3.016341798690909751e-02,-1.329397016009101554e-02,7.236423786590284735e-03,1.188896022986719175e-01,-5.957017656628553828e-03,1.085438766114147774e-01,4.038591745111640152e-02,2.283876819218498555e-01,2.373001796365861726e-01,3.004032250704776752e-01,5.207324437416928076e-01,4.049195421326252098e-01,1.000000000000000000e+00
