1.000000000000000000e+00,4.586753598298995982e-01,7.561296235518003561e-01,1.660134412789635860e-01,7.916374612058136861e-01,2.775451800417493356e-02,7.588977255786881759e-01,3.585382941335675810e-01,7.590345485574616635e-01,7.687276394202163798e-01,-2.261162933244339340e-02,6.823489009022051244e-01,-1.904206151381935552e-01,4.550542984175461880e-01,4.558086671545528157e-01,3.863854858341063125e-01,4.033446667004976782e-01,7.832318511642598624e-01,7.187379078411696431e-01,7.066687773247778415e-01,5.980329129101694674e-01,-1.304567654198906246e-01,9.461149802070377424e-02,4.113777930123235782e-01,4.814470202417943656e-01,-8.907441614786701378e-02,2.491833823661996072e-01,-3.792783930854800034e-01,-1.503013025297978145e-01,-6.830477029864050476e-01,2.087841590478633769e-01,-4.912961155299285787e-01,7.194860256064535831e-01,8.990354568363517762e-01,2.486701806656307079e-01,9.282648343997072782e-02,3.914346922940255546e-01,7.758129005597641514e-01,-1.623288733632969050e-01,7.344705776945188724e-02,-7.067680454496750864e-01,-7.029053229010526760e-01,-7.848859245709187693e-01,-7.228411475344425074e-01,-7.140542569943743034e-01,-6.662833169049353632e-01,3.584322058044064202e-02,-2.466369968257215439e-01,-1.184142475466817696e-01,3.840602368426320190e-01,-3.737091289228936519e-01,1.591136808156616567e-01,2.985282022740872732e-01,-9.673781922438182135e-02,-3.793861358027020292e-01,-7.362769071725343561e-01,-3.958626601446927906e-01,-7.521728254199766539e-01,-4.447307336968877034e-01,-7.033512391813652176e-01,-6.596722274685851151e-01,-5.871993507809785129e-01,-2.036225044864058975e-01,-4.213020081606373424e-01,-6.874274290089568140e-01,-8.172842134510601708e-01,-4.928045504170000535e-01,-3.067728266236834922e-01,-2.326887455509278058e-01,-7.193320202186249679e-01,-3.823064466430352026e-01,1.238861703230338257e-01,-9.918012360608984002e-02,-1.869295473208063552e-01,1.739858460988853370e-02,-5.539201544282845724e-01,-7.039433999592734081e-02,-1.372045338159467477e-02
4.586753598298995982e-01,1.000000000000000000e+00,1.003851107862763631e-01,-5.190707817436542859e-01,1.624767838093458747e-02,1.734874492546496505e-01,5.752637064830660174e-01,4.175760513796933915e-01,1.384346407022701286e-01,7.757388035972160312e-01,5.074464565349410261e-01,7.609877863362581873e-01,6.340373343056650013e-01,8.252465210404762441e-01,-1.660805849505997134e-01,6.099009898804466090e-01,7.369126859600101664e-02,6.909534477530441254e-01,1.815539978439721647e-01,4.016268019816259804e-01,2.232658613168942430e-01,8.755197961350925885e-04,-6.222125601239324455e-01,5.313008941909858063e-01,8.406461032683456569e-01,4.978299018987520363e-01,8.251790379257777364e-01,2.891440021080938227e-01,7.338531709150382110e-01,8.012308004509281767e-02,7.744370050645620340e-01,9.127243364085192712e-02,4.124193298533550545e-01,2.992010518374792483e-01,8.449351391235444542e-01,5.538059686441351159e-01,1.398851957191968309e-02,6.299608712461860494e-01,2.040518289265833562e-01,8.085303879914158554e-01,-3.037282045937380048e-01,1.589575218860379488e-02,-4.261680844975564986e-01,-3.125633977956880638e-02,-6.196941292538478141e-01,-4.782592950933106102e-01,-2.860844688118538426e-01,1.657685303157097334e-01,-4.529376530275502216e-02,5.569660510028990874e-01,2.873588368081548272e-01,4.241228947001812188e-01,-4.560548750127300655e-01,-3.405730451602718284e-02,2.725401624411263879e-01,-3.294169809091470613e-01,-9.322917845404857240e-02,-1.394271110438554950e-01,-5.704769399943645514e-01,-2.131054725211314338e-01,-7.972615863569879613e-01,-3.836260095726412578e-01,-2.430917830517009826e-01,-6.117231847367228526e-02,-7.615563194127662472e-01,-3.613406991768192134e-01,-8.467824945417868898e-01,-7.596710434351433561e-01,-8.657865799086738035e-01,-7.482228899735143823e-01,-8.221567280607987582e-01,-6.943629897163516862e-01,-7.064930002279601329e-01,-7.981829687571438958e-01,-7.403525454011595786e-01,-7.994844248427116495e-01,-7.697530748052964222e-01,-6.468854263073937627e-01
7.561296235518003561e-01,1.003851107862763631e-01,1.000000000000000000e+00,5.892147348394632944e-01,9.150974882640653396e-01,2.925672716837094400e-01,7.477284923281551920e-01,5.597364407461029590e-01,7.978844134979530267e-01,4.665114894948120261e-01,-4.484462626557814136e-03,4.002297234129288950e-01,-4.974051295201946110e-01,2.793043518840441219e-01,7.424043954170617132e-01,4.462075997857958831e-01,6.795207779352655519e-01,6.243998276271628400e-01,7.862529611185362644e-01,4.689732794475953703e-01,7.241323259148629843e-01,1.659734956484986701e-01,4.283078013522706451e-01,4.883723895967604922e-01,2.258905368271204861e-01,5.971024279198316499e-03,2.603648735613379311e-02,-2.275563055936415391e-01,-3.364463800302162633e-01,-7.786538207641765519e-01,9.597757814798091314e-02,-2.148173940438826979e-01,6.797647513446136713e-01,6.914536263662588444e-01,1.286539400267929234e-01,1.989373233214161429e-01,6.662598466239730843e-01,5.919912962657901678e-01,6.278210245041170035e-02,-1.224792228249684811e-01,-3.788807882644236735e-01,-7.812035023087223751e-01,-5.092981218948090527e-01,-7.215573774555698039e-01,-6.697712113871671091e-01,-3.319571002336342835e-01,3.259972292961254570e-01,-3.507922567983915579e-02,2.213302000693868898e-01,3.574011543825931225e-01,-2.353917644851670488e-01,2.557998818001774866e-01,6.374406604869164994e-01,2.227911575286614654e-01,-3.132558462071876049e-01,-5.777240217197163741e-01,-1.145555744025312100e-01,-6.388215023639152168e-01,-1.789834359330837177e-01,-5.899077549411633203e-01,-4.349510067957657045e-01,-3.042651031089190772e-01,2.039507221479519017e-01,-2.070330004220051201e-01,-3.721440197290112883e-01,-5.399502890197384053e-01,-1.743581485568235223e-01,-1.486339677927057124e-01,1.259987217764782334e-02,-3.665071774435397778e-01,-2.153326225904957369e-01,3.760952624063020333e-01,3.094154826825393778e-01,7.027344010761650550e-02,4.278820046902868102e-01,-2.700098646368359612e-01,1.077968943490953124e-01,4.083530321095820148e-01
1.660134412789635860e-01,-5.190707817436542859e-01,5.892147348394632944e-01,1.000000000000000000e+00,5.872790896573716335e-01,5.104634528833593698e-01,2.715353286897632668e-01,3.736669971624091979e-01,5.941645782663075304e-01,-1.114206987850753505e-01,-1.144795135571096030e-02,-9.518824594999983346e-02,-8.053117443399085973e-01,-2.176049907944055672e-01,7.795236187149915397e-01,1.202353891450484019e-01,6.646891432596852001e-01,-5.532522179445621691e-02,5.871133633104047567e-01,-1.358954859492943479e-01,6.055184205742111248e-01,5.130662651074217040e-01,8.564329533730854482e-01,2.567595187998455986e-01,-3.919678855785098670e-01,-3.468179568518579836e-02,-4.672487383333049360e-01,-2.003013493514192722e-03,-5.055801204388336023e-01,-3.757107127571394645e-01,-1.906270553677310020e-01,9.597514313483869464e-02,4.382924960588479579e-01,3.104247635433344810e-01,-3.950672471528173801e-01,8.518727365069753144e-02,7.547557314560773278e-01,2.986785785398438781e-02,2.982977996105210527e-01,-4.862917802622858665e-01,2.090493979149850856e-01,-6.570259911691954668e-01,1.571986391260024596e-01,-4.831891151606138579e-01,-1.412408572245232689e-02,3.807964412821187028e-01,6.911992429615828604e-01,1.721329614363484584e-01,5.094383600720591154e-01,1.724566824613586458e-01,-6.211926201647587076e-02,2.580639235695421640e-01,8.412986920377301114e-01,5.718169975725873044e-01,-5.196813741351480331e-02,4.278913589982534516e-02,3.627789936477968102e-01,-8.248165302342005956e-02,5.472731491345864674e-01,-3.889464168303283231e-03,2.540298847572057261e-01,3.632685269092729707e-01,5.942261554692745973e-01,2.733647119163901129e-01,3.240038226113276520e-01,-1.303546712434194565e-01,4.746409975346839727e-01,1.877584242265674663e-01,5.274550447090615712e-01,1.357037094097740815e-01,2.694538859142133203e-01,4.845987760389807719e-01,7.553160164161017986e-01,4.062769642627163114e-01,7.963256867617153345e-01,2.857004655600901555e-01,4.517959091054851717e-01,8.587902385360532964e-01
7.916374612058136861e-01,1.624767838093458747e-02,9.150974882640653396e-01,5.872790896573716335e-01,1.000000000000000000e+00,1.106995464499781062e-01,6.766329517665125026e-01,3.411755117027300832e-01,8.041078802722593233e-01,4.380636556000445103e-01,-1.257762820718265062e-01,3.696364409069809454e-01,-5.164591038358611330e-01,1.868094081313846078e-01,7.010597987537935394e-01,2.790660036833400581e-01,5.268321994726939961e-01,5.864971982547101392e-01,7.345728173122160198e-01,5.503065921959239271e-01,6.622670020373162547e-01,1.228172084322346445e-02,4.580634497560036045e-01,3.659517462204530114e-01,1.620745919013464043e-01,-1.709030645672731108e-01,-6.586856132655964646e-02,-4.061043266720938405e-01,-4.598148070960954015e-01,-8.299833585556868343e-01,-3.385758281155060168e-02,-4.184226501982002966e-01,6.531448662876032651e-01,7.770552669418225866e-01,-3.925068253441620775e-02,-1.008493871490393802e-02,5.562235968895716809e-01,5.532028962512138826e-01,-9.007601559787692391e-02,-2.202111145553036220e-01,-5.062194481249308042e-01,-7.764904754930569419e-01,-5.703337256439441338e-01,-7.512457642770876687e-01,-5.632346124595598580e-01,-4.382692998068970502e-01,2.714032447241135348e-01,-2.441935357673332974e-01,9.657293503724520556e-02,2.815366232574588734e-01,-3.786341804452271198e-01,1.290922265949951964e-01,6.221482834574233456e-01,7.990029756373592806e-02,-4.740219510360552668e-01,-6.484115753680504968e-01,-2.674031647186091432e-01,-7.263973581671824276e-01,-2.294392053346538396e-01,-6.785760591865480640e-01,-3.546988632533412678e-01,-3.802915519098846175e-01,9.337743103427453839e-02,-2.956172730007424199e-01,-3.357934866031431764e-01,-6.105749435927425584e-01,-1.234245462847296942e-01,-6.073749327551373339e-02,1.071079918771857820e-01,-3.865930458546402160e-01,-1.033747736586986127e-01,4.627357825486700937e-01,2.656050464872824479e-01,1.493802183705397191e-01,4.246802353613051695e-01,-2.712373828396056896e-01,2.414960872221664501e-01,4.333128800716545825e-01
2.775451800417493356e-02,1.734874492546496505e-01,2.925672716837094400e-01,5.104634528833593698e-01,1.106995464499781062e-01,1.000000000000000000e+00,4.951295670347461431e-01,8.016784615503601552e-01,3.705305989649681497e-01,2.260297316826301306e-01,6.244108032865781643e-01,2.900363753214633133e-01,-1.717892824309711908e-01,3.650914512573195658e-01,5.030455155658234423e-01,6.684136695124645033e-01,7.651616912150894789e-01,1.551715044605914695e-01,4.781914781756046451e-01,-2.865901436514576850e-01,6.459131958879060775e-01,8.425568036513090275e-01,3.257402104982006219e-01,7.201694245775429604e-01,1.273796516296561432e-01,6.780177199364728624e-01,2.085978295441920094e-01,7.051005756152510795e-01,3.792849259296480757e-01,2.239477091694198896e-01,5.874704983720872020e-01,6.566783828428546244e-01,5.452781393635696139e-01,9.119155141942224263e-02,3.448480820951801973e-01,8.053250484279058652e-01,7.614952265977710244e-01,2.077734499251253086e-01,8.231094301200095886e-01,2.930231593580180371e-01,4.997413546515239724e-01,-3.286705124224583718e-01,3.252794696479276437e-01,-1.052097206741056945e-01,-2.221434930810272657e-01,5.123591344527217428e-01,5.614367812582622408e-01,7.206019632895264149e-01,7.338822415993446757e-01,6.380516841490309066e-01,5.909758798414986858e-01,7.990573582728480728e-01,3.480323034266765703e-01,8.705025126848324746e-01,6.845236909643847012e-01,3.062518491558510747e-01,7.780090784782196511e-01,3.786761409988297911e-01,4.337880216389540800e-01,3.680949414585762969e-01,-1.564290706660107222e-01,5.122518275361490625e-01,6.773137459695809381e-01,6.785894912548454672e-01,1.586768622213561089e-02,1.540328151770787093e-02,-1.341786644621882803e-02,-4.240732443935310569e-01,-2.007242357331509852e-01,-2.061013049073459058e-01,-4.060810340240293415e-01,-3.748022273154361650e-01,2.414583535059813546e-01,-3.610927131514928834e-01,1.454637422918926559e-01,-1.351541018949090067e-01,-3.509677155468929888e-01,3.420626229712320776e-01
7.588977255786881759e-01,5.752637064830660174e-01,7.477284923281551920e-01,2.715353286897632668e-01,6.766329517665125026e-01,4.951295670347461431e-01,1.000000000000000000e+00,7.091112735993132521e-01,6.813774854440037831e-01,7.468022102006106611e-01,3.984261281259929288e-01,7.204784772406173099e-01,-3.795788010968637050e-02,6.690322237417747342e-01,5.109534394082888564e-01,7.354530359333434353e-01,6.513922972110534060e-01,7.992297955833110867e-01,6.944914977183695992e-01,4.896018637158919273e-01,7.726048329156008920e-01,2.794818522331485311e-01,6.727879162556503478e-02,7.733207460484992080e-01,6.021754554289714401e-01,3.710076942136867895e-01,4.834226163158373279e-01,1.046202933312753020e-01,2.090256340662538237e-01,-4.379394037818697405e-01,5.882809438805568503e-01,-1.160496071392059549e-02,8.058841414248105739e-01,6.925253324972150404e-01,5.538640373833941810e-01,5.365858247023495009e-01,6.048677948386310677e-01,7.389427913715221896e-01,3.158924042169691804e-01,3.771792230371123766e-01,-3.020236054811064053e-01,-5.783170812241690273e-01,-4.900308106792202745e-01,-4.989177372919376685e-01,-7.423472535387628524e-01,-4.047098727011594899e-01,1.091409614256921706e-01,1.164427364486520927e-01,2.567371222801512753e-01,6.869757832847055434e-01,7.854299482779436570e-02,5.719209800211109140e-01,2.582355178222769387e-01,3.068725858478547619e-01,5.374185413198599715e-02,-5.219199392751174837e-01,1.155159815474576281e-02,-4.219677253329020550e-01,-3.332456891607463167e-01,-4.416185000651395298e-01,-7.042390659401801534e-01,-3.018723569621936109e-01,1.690877578257131142e-01,2.708706379888864771e-02,-6.611726209496335827e-01,-5.743392501723049159e-01,-5.036016408883019491e-01,-5.460517892662837269e-01,-4.718465945719446664e-01,-7.107220193944729925e-01,-6.409943567944971221e-01,-2.002725264320202314e-01,-1.159803170791734728e-01,-4.582270455722677882e-01,-5.314818087163016708e-02,-6.212313758437549849e-01,-3.707358244015196425e-01,3.389620060624489589e-02
3.585382941335675810e-01,4.175760513796933915e-01,5.597364407461029590e-01,3.736669971624091979e-01,3.411755117027300832e-01,8.016784615503601552e-01,7.091112735993132521e-01,1.000000000000000000e+00,6.147584157931730298e-01,5.501879870488717295e-01,6.169856491124555697e-01,5.896776240912844358e-01,-6.841781390622594938e-02,6.319718193145563712e-01,5.334343963664998078e-01,8.145414757068509815e-01,7.919124787628396556e-01,5.381171726352267370e-01,6.711813071734912262e-01,4.042724630868344687e-02,7.448826554403334965e-01,6.390266598730196534e-01,1.938265303615455404e-01,7.973909711237582298e-01,4.431266133663173123e-01,6.582661060837360356e-01,4.481811364108970186e-01,5.121783077505288606e-01,3.626049974230728945e-01,-1.056744312679191583e-01,6.655594957603332418e-01,4.758889581287660819e-01,7.265959243352125840e-01,3.488120593431860428e-01,5.682144174898789979e-01,8.367210722192448547e-01,8.067905512357981257e-01,6.196066942827147539e-01,6.501681485655649295e-01,4.205149123865877248e-01,1.102351106982878831e-01,-5.148640466715368458e-01,-1.361931930938149460e-01,-3.938846139858155349e-01,-6.583881107634158569e-01,1.503410856146426000e-01,4.832229180267652580e-01,6.204405253468027182e-01,6.174990128783367505e-01,7.326659549207048538e-01,4.372725470239258172e-01,7.493043479395280482e-01,3.136020634564821163e-01,6.129926620743267884e-01,4.103074558390642501e-01,-8.147311563129462642e-02,4.883672373372185405e-01,-1.005999899342779023e-02,3.600772733448315971e-02,-6.795035920442936417e-02,-5.661104911237202497e-01,6.495486900469364666e-02,3.817756688054171899e-01,2.874097617514121406e-01,-3.336161839075299507e-01,-2.959131549705003583e-01,-3.738625161071155723e-01,-5.997496207201951091e-01,-4.098833528656923852e-01,-4.739617743106861458e-01,-6.399585054159755426e-01,-2.947780002001076372e-01,1.920083036905431001e-02,-4.176034016572420238e-01,3.550990944493115364e-02,-4.615592560550032530e-01,-4.677592542882783588e-01,1.710471593839558435e-01
7.590345485574616635e-01,1.384346407022701286e-01,7.978844134979530267e-01,5.941645782663075304e-01,8.041078802722593233e-01,3.705305989649681497e-01,6.813774854440037831e-01,6.147584157931730298e-01,1.000000000000000000e+00,6.326022055845103020e-01,1.244799559252707521e-01,5.839606654368054706e-01,-4.831996786815460077e-01,3.481900438183345714e-01,7.818006626937193948e-01,4.900790655243217886e-01,7.101192446287395432e-01,6.159598178021308268e-01,9.283962336774218560e-01,3.976392855662249093e-01,8.100648834775295848e-01,2.628795432493763462e-01,4.892279033834295299e-01,5.393134070856936413e-01,2.918025962027241960e-01,7.198995414281610106e-02,8.650895921403287114e-02,-1.704963214967680774e-01,-2.553046115433121321e-01,-6.432123048468360027e-01,1.982943601361943087e-01,-1.795132439389051926e-01,8.588030147451577445e-01,8.478064669540383846e-01,7.501339090560255052e-02,2.621436890545937870e-01,7.836357110127745162e-01,7.352734109747398605e-01,1.464341613023712740e-01,-6.703445624831252947e-02,-4.118733405736558773e-01,-9.285661598558264673e-01,-5.312633731815993299e-01,-8.765650701681579893e-01,-6.307340404382069110e-01,-1.955145204688051586e-01,5.392509345795420961e-01,7.201483777869202574e-02,2.871199824483494645e-01,5.121069421476315275e-01,-1.985617725682845003e-01,3.622221325149599380e-01,6.228631986850715618e-01,2.629968532648191970e-01,-2.093817457513627855e-01,-4.581631355717939447e-01,3.274613397371958692e-03,-5.730236362173325437e-01,-9.280136217024460496e-03,-5.014766263075245423e-01,-4.702748556179567885e-01,-2.681241626477822715e-01,8.818738857858539337e-02,-1.924354061490164136e-01,-3.642587494115435698e-01,-7.123433047422681463e-01,-2.262899392211608074e-01,-2.885174064678776018e-01,-1.139086167720627929e-02,-5.441305620554687250e-01,-2.826088513693895132e-01,2.262626138492889738e-01,1.958383086480450508e-01,-4.421010605902005175e-02,3.057541149888992060e-01,-4.420020710322764002e-01,6.079700364064648949e-02,3.977643625000742977e-01
7.687276394202163798e-01,7.757388035972160312e-01,4.665114894948120261e-01,-1.114206987850753505e-01,4.380636556000445103e-01,2.260297316826301306e-01,7.468022102006106611e-01,5.501879870488717295e-01,6.326022055845103020e-01,1.000000000000000000e+00,4.025134326025363585e-01,9.151282406147372983e-01,2.411003105054032036e-01,8.080560401070063792e-01,2.572498861412609861e-01,6.592040604909285006e-01,3.647078574827210540e-01,8.509105070074428623e-01,6.438926004542360193e-01,5.676557824687947784e-01,5.756570384821645403e-01,7.069866925537052205e-02,-2.131626875516494102e-01,6.336706454833958002e-01,7.936106824638187174e-01,3.617852175844197271e-01,6.642578264989514869e-01,4.383174210761325851e-02,3.644425058751660229e-01,-3.092071966335250832e-01,6.597755516339677273e-01,-1.046863842001894973e-01,7.843458667811288310e-01,7.404322967319881821e-01,6.137440516215002528e-01,4.649062159408616779e-01,3.632641112252040783e-01,9.049907109993917675e-01,1.637039158389216598e-01,5.607501300552637513e-01,-5.218836678110959637e-01,-4.907108312994584165e-01,-6.609368053888143857e-01,-5.089236548410042138e-01,-8.000093292106705833e-01,-5.210225504269023755e-01,7.383348954231230832e-02,1.034067290763549529e-01,9.318080962687579072e-02,6.852936333971937355e-01,3.795082309956299138e-02,4.841278997938180950e-01,-5.598780264726010286e-02,2.803635429726612435e-02,1.940285239605826079e-02,-5.349308172604112510e-01,-1.404390504229207359e-01,-4.622100123060245980e-01,-4.608865426650715635e-01,-4.489632650173182027e-01,-8.746482644385237259e-01,-4.973021268103212655e-01,-2.146387254486456786e-01,-2.212323423390560595e-01,-7.949321602914899421e-01,-7.154045658962191467e-01,-7.981316405038526574e-01,-7.061438800189996368e-01,-6.552124347000604088e-01,-8.969699344447630285e-01,-7.345017090452617969e-01,-3.788510003448269381e-01,-4.715600029494694256e-01,-6.032462608525139824e-01,-4.385416592529438051e-01,-8.750761409762970455e-01,-5.456629358762905557e-01,-3.172405247884686474e-01
-2.261162933244339340e-02,5.074464565349410261e-01,-4.484462626557814136e-03,-1.144795135571096030e-02,-1.257762820718265062e-01,6.244108032865781643e-01,3.984261281259929288e-01,6.169856491124555697e-01,1.244799559252707521e-01,4.025134326025363585e-01,1.000000000000000000e+00,5.658755913815418648e-01,4.457622013526277849e-01,6.805566832530599575e-01,1.828687337820318962e-02,6.164063477759239573e-01,3.414882102004677122e-01,2.601632720538510357e-01,2.238099344592000273e-01,-2.548794443094317130e-01,4.545881978129501233e-01,6.267653943851457798e-01,-7.452535037990083711e-02,6.202094241733392410e-01,5.428411106869708291e-01,9.060416353704879855e-01,6.822846630007399771e-01,7.705941079207816458e-01,7.173631183180899651e-01,3.594055608321223838e-01,8.003401021266369764e-01,7.373121952206573848e-01,4.911042274334340152e-01,-1.521021373688723546e-02,6.510542332834979851e-01,8.084742624902842012e-01,3.898631862189115838e-01,3.651475212821838068e-01,8.547355907288528565e-01,7.151011283128676510e-01,4.253631125011286818e-01,-4.261182730875120485e-03,1.547196366232966580e-01,1.445015480465915714e-01,-3.279454503886389816e-01,2.520878273870962860e-01,2.675827420238041654e-01,6.161925009094292305e-01,6.444875841531655380e-01,8.042014066193384769e-01,7.807327167037396709e-01,8.329064234718994708e-01,-1.644928367599813035e-01,4.976529988801368098e-01,5.870726041041214316e-01,2.403258662123210210e-01,5.220497624562208117e-01,3.793510368247670073e-01,-1.462129296796363907e-02,2.443895901539931692e-01,-4.291880298767415391e-01,1.981178200170405079e-01,3.329891720200976457e-01,4.618374658690820866e-01,-2.488299052150924617e-01,6.888433023859323601e-02,-4.399232905084448642e-01,-8.172567182931790297e-01,-5.583735068373442134e-01,-3.663157299405013778e-01,-6.583097714859090788e-01,-6.818980730732230322e-01,-4.196860572632523101e-01,-6.528582680466142873e-01,-4.334023262754974071e-01,-4.946304087660284288e-01,-7.173728034165739453e-01,-1.250884133318786728e-01
6.823489009022051244e-01,7.609877863362581873e-01,4.002297234129288950e-01,-9.518824594999983346e-02,3.696364409069809454e-01,2.900363753214633133e-01,7.204784772406173099e-01,5.896776240912844358e-01,5.839606654368054706e-01,9.151282406147372983e-01,5.658755913815418648e-01,1.000000000000000000e+00,2.831814363185738426e-01,8.633526948067987705e-01,2.174784899908035474e-01,6.743440561883674578e-01,3.817998566752566769e-01,7.842605213523153873e-01,5.922790351833080447e-01,3.826651842929819081e-01,6.245841236892658577e-01,2.003540210361957896e-01,-1.581884627250934872e-01,6.636536215315913534e-01,8.015605060291101092e-01,4.727463747231094859e-01,7.308205878704437941e-01,1.478041917359818880e-01,4.219285226408499012e-01,-2.148152081629110532e-01,7.002107524007946671e-01,2.558843603743113024e-02,7.747799190183874973e-01,6.685294437037082593e-01,6.563573371961558545e-01,5.428265424777735104e-01,4.068116337484991574e-01,8.874148251410246546e-01,3.023626514247683694e-01,5.919632958055135452e-01,-3.940631575716056489e-01,-4.557560014648606717e-01,-6.028138286910280641e-01,-4.579220638272891719e-01,-7.639811685697708299e-01,-4.159186440765417214e-01,1.023191542233572032e-01,1.483431256152667466e-01,1.789082693993115369e-01,7.511490303319926509e-01,1.412896165303699214e-01,5.459550612451040674e-01,-6.912076008508670488e-02,4.670238082623805881e-02,1.067048354056147896e-01,-3.707670896336299760e-01,-4.107728319618277057e-02,-3.399082291173080028e-01,-4.477358688455791436e-01,-4.147951081884690416e-01,-8.602230455852731827e-01,-4.585372041338595106e-01,-2.054254487424106712e-01,-1.759104840147961979e-01,-7.617663482944815323e-01,-6.524595052513781912e-01,-7.627042821098192205e-01,-7.823080051209332364e-01,-6.603648772614830742e-01,-8.967955172132867636e-01,-7.723195458658637103e-01,-4.187674555351524885e-01,-5.233814332697410698e-01,-6.351351814696045706e-01,-4.343568819917580370e-01,-8.601545445969746018e-01,-5.707520819058627959e-01,-2.768816186975411875e-01
-1.904206151381935552e-01,6.340373343056650013e-01,-4.974051295201946110e-01,-8.053117443399085973e-01,-5.164591038358611330e-01,-1.717892824309711908e-01,-3.795788010968637050e-02,-6.841781390622594938e-02,-4.831996786815460077e-01,2.411003105054032036e-01,4.457622013526277849e-01,2.831814363185738426e-01,1.000000000000000000e+00,5.242768985325635400e-01,-7.434564372093396267e-01,1.352168192973743632e-01,-4.887498810389132586e-01,1.852615709080575879e-01,-4.602754411923018485e-01,6.177290443933420444e-02,-3.617433141533842877e-01,-2.143713959963907401e-01,-8.095335912659576971e-01,5.358846951619650884e-02,5.595441382719603673e-01,4.093636141300404652e-01,7.186539661662559864e-01,3.392633626117906309e-01,7.615591239576708915e-01,4.757675151750200837e-01,5.272295046861983359e-01,2.441077800046392576e-01,-1.860510616594648614e-01,-3.170876056632919160e-01,6.567569662393795138e-01,2.737757315868588059e-01,-5.107232096376267405e-01,1.019081678199921931e-01,1.228162864559670525e-01,7.762083569895150692e-01,7.168396508005200896e-03,6.268127515282415629e-01,-3.501043280188981255e-02,5.295423406379675679e-01,-1.239265645702295332e-01,-2.543609307100490047e-01,-5.596650463600946201e-01,1.260700787379536725e-01,-1.275490807959853423e-01,1.971469781051263248e-01,4.311748731789606937e-01,1.516423815936183972e-01,-8.580240715419359399e-01,-2.846419072387097460e-01,2.453436279318069180e-01,-2.119005106263401918e-03,-1.359502814194964715e-01,2.280235659256056313e-01,-5.366316940307438443e-01,1.017142852133525316e-01,-3.945025929787500663e-01,-2.103118748397347915e-01,-3.189738406205132049e-01,-1.147857711374606314e-02,-3.809700777833943119e-01,2.270255195929401781e-01,-5.689011068118609016e-01,-5.243065649534446315e-01,-7.407475599317050463e-01,-2.549332529228221511e-01,-5.557674711064120032e-01,-7.250996995927130317e-01,-8.559587966125281611e-01,-6.572989799351666163e-01,-8.960322549706548623e-01,-4.754937444844000716e-01,-7.267130576887839144e-01,-7.593426173670630996e-01
4.550542984175461880e-01,8.252465210404762441e-01,2.793043518840441219e-01,-2.176049907944055672e-01,1.868094081313846078e-01,3.650914512573195658e-01,6.690322237417747342e-01,6.319718193145563712e-01,3.481900438183345714e-01,8.080560401070063792e-01,6.805566832530599575e-01,8.633526948067987705e-01,5.242768985325635400e-01,1.000000000000000000e+00,7.851033267901937063e-02,7.831388478808432030e-01,3.099545656512640579e-01,7.849917766519454165e-01,4.094509343885208152e-01,3.135599099201026863e-01,4.862127131249044942e-01,2.558062694999633790e-01,-3.966278732671948970e-01,7.650996757317924946e-01,8.872908466855736753e-01,6.727713063691169726e-01,8.983062291047273495e-01,3.850500982541656403e-01,6.636000835225702721e-01,-3.154812822035470837e-02,8.464559671683156150e-01,2.653817738065934462e-01,6.064493714551523196e-01,3.632872150297073999e-01,8.718730484287039451e-01,7.171121446929717980e-01,3.008444483490389509e-01,7.744039023552682366e-01,4.410872608108426518e-01,8.295405038862961877e-01,-2.064248939348181655e-01,-1.861472595298357680e-01,-4.421345366154096901e-01,-2.101427792396148297e-01,-7.762618500551869971e-01,-3.381260804110866047e-01,-1.306337360308911302e-02,3.455356206155978382e-01,2.746804533781388447e-01,7.642147129089751356e-01,3.911081741367394282e-01,6.370603169124093856e-01,-2.834194808041116675e-01,1.112623482846796102e-01,2.944607302328841603e-01,-3.060146454935001037e-01,7.539030420510457742e-02,-1.700579049021468947e-01,-5.119657681296942986e-01,-2.909657797680034741e-01,-8.504202966510326922e-01,-3.554121983838953724e-01,-1.221187024608771099e-01,-4.977174265962358568e-02,-7.476051647910082476e-01,-3.635109406745333227e-01,-8.175722040801974844e-01,-8.725247549870808195e-01,-8.575360966248493089e-01,-7.449192163883865403e-01,-9.111170033557395298e-01,-5.894025770227740990e-01,-6.381436873385174513e-01,-8.007811500241351910e-01,-5.920917736339567083e-01,-8.722057343371105720e-01,-7.830612867105161135e-01,-4.002701768025399010e-01
4.558086671545528157e-01,-1.660805849505997134e-01,7.424043954170617132e-01,7.795236187149915397e-01,7.010597987537935394e-01,5.030455155658234423e-01,5.109534394082888564e-01,5.334343963664998078e-01,7.818006626937193948e-01,2.572498861412609861e-01,1.828687337820318962e-02,2.174784899908035474e-01,-7.434564372093396267e-01,7.851033267901937063e-02,1.000000000000000000e+00,4.802544724023648515e-01,8.195407428009484629e-01,3.527090647336721396e-01,8.075774935847809255e-01,1.399630452647392109e-01,7.561371682563370333e-01,4.730324678713104802e-01,6.255706155333180529e-01,5.451987298407630078e-01,1.104438870475003658e-02,8.739059324006749618e-02,-1.749065881958931090e-01,-3.152600812531472507e-02,-3.589717446733340922e-01,-5.338564471820745894e-01,5.753556816363244314e-02,-3.602878903204425644e-03,6.349201515791328410e-01,5.481213980984771528e-01,-1.122500753306353433e-01,2.313323553895914875e-01,7.966581352890899081e-01,3.870062195613644396e-01,2.488660396826755938e-01,-2.374419952949212986e-01,-7.200424769450790297e-02,-8.101482411618253776e-01,-2.061953190338748076e-01,-7.152747074807728200e-01,-3.824933871788820383e-01,1.099338388805318617e-01,6.515803633594347000e-01,1.461314896852375367e-01,4.073021122579381648e-01,3.481702795157204378e-01,-1.322359946815886422e-01,3.323935547011100944e-01,8.085941118593956700e-01,4.907514548578458813e-01,-2.005452165483544852e-02,-1.998253129219756674e-01,2.729737139569914928e-01,-3.250282229685400037e-01,2.724511745181842359e-01,-2.735695227558822551e-01,-1.081238245377178220e-01,4.854466906516444885e-02,3.700378042579258731e-01,5.256902595763834896e-02,-4.736253086411629232e-02,-4.453206805204521501e-01,7.426126298465958453e-02,-3.809715678402537248e-02,2.147295153907435028e-01,-1.558773093948921662e-01,-2.355836350344586369e-02,3.694202523348392719e-01,5.358400784430950026e-01,1.696843790612251601e-01,5.846275704964164488e-01,-8.285424132450057433e-02,2.196373401315506457e-01,5.830311919423349920e-01
3.863854858341063125e-01,6.099009898804466090e-01,4.462075997857958831e-01,1.202353891450484019e-01,2.790660036833400581e-01,6.684136695124645033e-01,7.354530359333434353e-01,8.145414757068509815e-01,4.900790655243217886e-01,6.592040604909285006e-01,6.164063477759239573e-01,6.743440561883674578e-01,1.352168192973743632e-01,7.831388478808432030e-01,4.802544724023648515e-01,1.000000000000000000e+00,7.042361394566765131e-01,6.975885083240028761e-01,5.874281077668733753e-01,1.494374892291854551e-01,6.769723708612812585e-01,5.497287906892454057e-01,-9.926097955240845150e-02,9.317077779595221987e-01,7.048433747029659857e-01,7.329987253473185804e-01,6.623834797474278391e-01,5.092538417954337593e-01,5.300262771082056013e-01,-7.950878361433359742e-02,8.150203592015541343e-01,4.202882776035307688e-01,6.801414946176521648e-01,3.335529021260841276e-01,7.292155224747596254e-01,8.189793159770470954e-01,5.873714583829101610e-01,6.632908381670165054e-01,6.060248858573008546e-01,6.548551239201616525e-01,2.129688391351197696e-02,-3.635775519051123728e-01,-2.486316312082061941e-01,-3.136161514132035921e-01,-7.207448136633615166e-01,-5.890638411538269559e-02,2.720581120499525607e-01,4.968824549814286895e-01,4.704126931151404456e-01,7.766267808112992110e-01,4.523867933057288959e-01,7.494409783840471073e-01,8.822290087470296971e-02,4.805691682733705394e-01,4.871282755779305362e-01,-1.533385063625399281e-01,3.729705251081273931e-01,-6.107793728503469605e-02,-1.775510071830186110e-01,-1.469206389317361250e-01,-6.563361689425587508e-01,-8.882728628970067153e-02,1.906564944258162531e-01,1.751509463160549063e-01,-5.168278788099587295e-01,-3.531380680106316894e-01,-5.795544674182001588e-01,-7.114636528610528421e-01,-6.573594391865446029e-01,-5.572086526900837944e-01,-7.770146820176447866e-01,-4.628894739232815581e-01,-2.386874873755650550e-01,-6.319700865522797084e-01,-2.498795369942705680e-01,-6.750032599386973642e-01,-6.330909430770329527e-01,-1.086045263147388668e-01
4.033446667004976782e-01,7.369126859600101664e-02,6.795207779352655519e-01,6.646891432596852001e-01,5.268321994726939961e-01,7.651616912150894789e-01,6.513922972110534060e-01,7.919124787628396556e-01,7.101192446287395432e-01,3.647078574827210540e-01,3.414882102004677122e-01,3.817998566752566769e-01,-4.887498810389132586e-01,3.099545656512640579e-01,8.195407428009484629e-01,7.042361394566765131e-01,1.000000000000000000e+00,3.954456616033504290e-01,7.894247964243739091e-01,-3.376278766556645855e-02,8.470534563915503856e-01,6.721241885717458286e-01,5.266380494874360885e-01,7.203345459303995835e-01,1.989313798519244114e-01,4.011774112845238327e-01,9.567843369700824996e-02,2.909519316633484842e-01,-9.066142686560280106e-04,-2.862285799119119178e-01,3.818662285292825920e-01,3.053141314451811028e-01,7.152312939426239691e-01,4.434387204266588278e-01,2.155734261956785414e-01,5.946193213248881504e-01,9.002703508768749030e-01,4.591050501407010209e-01,5.505389843264810734e-01,2.372448308564500258e-02,1.266530494177909028e-01,-7.178353786510285328e-01,-8.325295487265375882e-02,-5.531821169699066010e-01,-4.612501321939626031e-01,2.137835555554420952e-01,5.953003363477403775e-01,4.304198032675876640e-01,5.402537699578537911e-01,5.610061261685840295e-01,2.014820425755098621e-01,6.217016568396598331e-01,6.670918402219871979e-01,6.792027836411895780e-01,3.084841458045876617e-01,-2.381074848616326206e-02,4.832367400613901687e-01,-9.618755899757894245e-02,2.795468029728292447e-01,-7.561338898403187347e-02,-2.764109013176768714e-01,1.562863441374941487e-01,4.747167617475614998e-01,2.697927572841477550e-01,-1.525434780784558075e-01,-3.517785144305580203e-01,-4.447235630236156395e-02,-2.833957019685643397e-01,-4.198309365329929571e-02,-2.683827494473196573e-01,-3.154251030541015410e-01,1.935317365702473452e-02,3.844947112085072005e-01,-1.462145896835300163e-01,3.878408820406379909e-01,-2.027336363939810648e-01,-7.389628301341004402e-02,4.654313674127781852e-01
7.832318511642598624e-01,6.909534477530441254e-01,6.243998276271628400e-01,-5.532522179445621691e-02,5.864971982547101392e-01,1.551715044605914695e-01,7.992297955833110867e-01,5.381171726352267370e-01,6.159598178021308268e-01,8.509105070074428623e-01,2.601632720538510357e-01,7.842605213523153873e-01,1.852615709080575879e-01,7.849917766519454165e-01,3.527090647336721396e-01,6.975885083240028761e-01,3.954456616033504290e-01,1.000000000000000000e+00,6.319525209622793849e-01,7.191347252852305916e-01,5.368238124005744183e-01,-4.776073850609797306e-02,-2.687423077217066525e-01,6.611057102105724059e-01,8.147879932018141647e-01,2.578924146360973557e-01,6.537677240458207306e-01,-9.169595685945906849e-02,2.316686320523874965e-01,-5.173470885973276978e-01,5.469180330160762216e-01,-2.057951362158361996e-01,6.684399024044178628e-01,6.831399208149219193e-01,6.488264569664333736e-01,4.004194284522254454e-01,3.447251842955301737e-01,8.643602992261015805e-01,3.663492112392531530e-02,5.047637343169067980e-01,-6.180517070382468559e-01,-4.857559186741636781e-01,-7.671056701284806323e-01,-5.785642918175326610e-01,-8.974978418774485212e-01,-6.529160685991115542e-01,-6.090505308481923563e-02,-2.508828654394309673e-02,3.474144723941520203e-03,5.496823174098486309e-01,-9.338889105203691809e-02,3.417625221222185816e-01,1.543211810667162107e-02,-8.361560138648919949e-02,-1.589656202967556775e-01,-7.307735741439566057e-01,-2.865100157189006680e-01,-6.377637036915141389e-01,-6.270499378072866836e-01,-6.776635353340830781e-01,-8.554263599292534215e-01,-6.209288003429200842e-01,-2.435835579818085017e-01,-3.683068888476693781e-01,-8.406832089804401331e-01,-6.309407041462223864e-01,-7.379796835275379552e-01,-5.954821222382414847e-01,-6.298382893059700782e-01,-7.454622120590892465e-01,-7.241794637729374040e-01,-1.721097707944858057e-01,-4.147284633079943439e-01,-5.128315746272951170e-01,-3.072118223026393813e-01,-8.097597157569446091e-01,-4.477100750637054150e-01,-2.822887884275074866e-01
7.187379078411696431e-01,1.815539978439721647e-01,7.862529611185362644e-01,5.871133633104047567e-01,7.345728173122160198e-01,4.781914781756046451e-01,6.944914977183695992e-01,6.711813071734912262e-01,9.283962336774218560e-01,6.438926004542360193e-01,2.238099344592000273e-01,5.922790351833080447e-01,-4.602754411923018485e-01,4.094509343885208152e-01,8.075774935847809255e-01,5.874281077668733753e-01,7.894247964243739091e-01,6.319525209622793849e-01,1.000000000000000000e+00,3.501747790965325513e-01,8.468147196684479017e-01,3.722698306393041889e-01,4.496866643032463862e-01,6.216786626661487958e-01,3.446997274216226925e-01,2.061586728502761978e-01,1.522352487281995737e-01,-4.157994479159206336e-02,-1.720482020309737070e-01,-5.748235133532981767e-01,2.834798656115445903e-01,-5.024065142892531616e-02,8.784238665327991358e-01,7.882690198321994357e-01,1.437705646823979333e-01,3.778769972492850848e-01,8.183686019562580460e-01,7.196690089544032221e-01,2.704302340636438595e-01,1.689649851839775119e-02,-3.102548592256929583e-01,-9.209592093761166387e-01,-4.555802144355888816e-01,-8.311829915140799274e-01,-6.574761191635479785e-01,-1.242545015063555996e-01,6.199616077198859543e-01,1.850025139258083262e-01,3.665490693183980353e-01,5.744789790768887183e-01,-1.057473146997306157e-01,4.833701911485783209e-01,6.273317619215427188e-01,3.640582582090672870e-01,-8.381993903689664849e-02,-3.976319008581362668e-01,1.200426359762742506e-01,-4.802736154824635562e-01,6.938397501092122277e-02,-3.917942432698701127e-01,-4.627371528326934547e-01,-1.829413985693765787e-01,1.566110903960510614e-01,-1.222709647568539643e-01,-3.791890195786909445e-01,-6.386744030331243938e-01,-2.695823490777951026e-01,-3.486274252648212668e-01,-5.528608333497952998e-02,-5.124581027260812771e-01,-3.219585172389392569e-01,1.614198517966700941e-01,2.064516797314703556e-01,-1.191309308320732258e-01,2.653641722955072946e-01,-4.300868060802929826e-01,-4.147944013251902984e-02,3.686023272042868726e-01
7.066687773247778415e-01,4.016268019816259804e-01,4.689732794475953703e-01,-1.358954859492943479e-01,5.503065921959239271e-01,-2.865901436514576850e-01,4.896018637158919273e-01,4.042724630868344687e-02,3.976392855662249093e-01,5.676557824687947784e-01,-2.548794443094317130e-01,3.826651842929819081e-01,6.177290443933420444e-02,3.135599099201026863e-01,1.399630452647392109e-01,1.494374892291854551e-01,-3.376278766556645855e-02,7.191347252852305916e-01,3.501747790965325513e-01,1.000000000000000000e+00,8.323602110877691140e-02,-5.864024135752242683e-01,-3.245420442599140642e-01,1.283492182034390861e-01,4.448691125314409578e-01,-3.030405484409969818e-01,2.534495152309811927e-01,-5.592075930615826307e-01,-1.410343216077385720e-01,-6.112482534566552328e-01,6.822892940179715870e-02,-6.554355988893775242e-01,2.928569339133224037e-01,6.272988820816610689e-01,2.224157396991129632e-01,-1.617841857428798658e-01,-4.909106187171317914e-02,5.169468080569278312e-01,-4.954127637385267180e-01,1.016412939707100616e-01,-8.264488205680821098e-01,-3.258989569249620688e-01,-7.312510403155095817e-01,-4.502664256224143124e-01,-5.341324267141580595e-01,-8.383342828221934662e-01,-3.075095086988052784e-01,-4.664651848179375837e-01,-4.286816349393843262e-01,3.991108316700382047e-02,-5.082172989008044706e-01,-1.690374850896415315e-01,-8.445377446105375302e-03,-4.003330645451786407e-01,-5.676184833297360788e-01,-9.024437412906486378e-01,-6.722265486207257279e-01,-7.778832665736244989e-01,-6.212748571122777008e-01,-7.302195672939697513e-01,-5.077298263501316411e-01,-6.466271220125899832e-01,-3.805128689143984499e-01,-5.241874210201165063e-01,-6.605489899018356370e-01,-5.607590431030363698e-01,-4.595831445644979474e-01,-1.049382120382418987e-01,-2.911408000230180648e-01,-5.237662685430795051e-01,-2.552497147372071451e-01,1.636737574847009768e-01,-2.485204181411798385e-01,-1.538411843311792426e-01,-1.716808585721941172e-01,-4.723243745144453665e-01,-3.545806582365510634e-02,-2.527983096619064729e-01
