1.000000000000000000e+00,4.841256140169595823e-01,3.809976606603807658e-01,3.195020635374012929e-01,2.306967161814973133e-01,6.960983300259308837e-02,5.254416089065189893e-02,1.123336672713142609e-01,1.143425071272904103e-01,1.124378822090909141e-01,1.169172159627004243e-01,6.336779400078701441e-02,5.680706148200789958e-03,1.276578142243503175e-02,1.762182596237559309e-02,4.467305909371571682e-02,-1.677147788421622446e-02,-1.260154143550553350e-02,3.511621270537954032e-02,-1.234671497272371229e-02,-3.007261737434355867e-05,-2.568750444968978530e-02,1.030072687492329837e-02,2.766502213009779110e-02,2.369490663319591059e-02,6.250181015348790434e-03,5.412479602178266874e-03,6.621853938492149039e-03,2.428567913209897511e-02,-3.077071236438407281e-03,-5.764495326611695711e-03,-1.780091949900877712e-02,-2.710624077488617972e-02,-2.521043436584862601e-02,-1.537737553513446494e-02,-4.421273457678401991e-02,-3.008495634397013313e-02,-1.417262575278593721e-02,-1.068531832126329122e-02,2.325521418840870505e-03,2.166895943552712284e-02,1.291388341299883925e-02,1.271350996982089851e-02,2.174609051834639623e-02,1.968662337272051102e-02,-1.589730365443774857e-02,4.926113772992520880e-03,1.007987745930255009e-02,-2.122904585913355444e-02,-1.654909283283875418e-02,1.409308869987843009e-03,2.440901855605279863e-02,9.909213182541287690e-03,-9.054780210883027957e-04,1.110797467332320584e-02,4.722581985229584722e-02,1.435291233459680058e-02,2.696782794654153242e-02,2.252831042128627601e-02,-8.634222953412585416e-03,-1.143612700214789377e-02,-6.453821462689467679e-03,-1.942666953858556561e-02,9.245205467381088088e-03,8.078779078190915022e-03,2.041273214263995568e-03,1.916095185119603972e-02,-2.027426222632792291e-02,-6.014015646317384320e-03,-6.237421967343448337e-03,9.577126205354020289e-03
4.841256140169595823e-01,1.000000000000000000e+00,3.740503405700870698e-01,3.769133289389230423e-01,3.013194087015555467e-01,8.165971525580097146e-02,8.623301898037877278e-02,1.189965456058287852e-01,1.097661005839664916e-01,1.188355794302527746e-01,1.113049853240962034e-01,8.168596870603560267e-02,4.973892376554322169e-03,2.838921074744948578e-02,2.228050641902987183e-02,5.276440527035102662e-02,-6.916523603413155322e-03,-3.699690828754870903e-02,3.265190487479092268e-02,-4.278654383219181873e-03,2.071183710728977459e-02,-2.543230635836030845e-02,1.567442511647702125e-02,2.591643939409549874e-02,2.359214441527537551e-02,1.242629987996338170e-02,1.453996880617472454e-02,9.926125748719762457e-03,2.505104053453973550e-02,3.549640175336197124e-03,-1.101923607500107823e-02,-3.929715765166305608e-02,-3.572080450018160630e-02,-3.237656908405831674e-02,-3.497452532262042280e-02,-4.969320953978038913e-02,-1.298646919073299238e-02,-2.016773522182829098e-02,-2.295194253350077429e-02,-1.149004269983558424e-02,2.509223806037454152e-02,5.729412952515848013e-03,1.881981504963745749e-02,1.052438002690472309e-02,1.703480925618906013e-03,-1.802031650108302380e-02,8.057795499254508369e-04,4.433112105704748243e-03,-2.035681393199624198e-02,2.732880150884871035e-03,4.645460831674854546e-03,2.385802215816138633e-02,7.673513059291454420e-03,-5.889299276954256153e-03,1.538920470035574049e-02,3.571322799868985320e-02,9.184682304308728826e-03,2.009482499732154204e-02,1.680801844002220366e-02,9.412557969575269246e-03,-7.745518388859256274e-03,8.119341383642290216e-03,-4.261591741993768848e-03,2.992016026067855286e-02,1.154166764355421884e-02,5.840246807941080684e-03,4.435626329326421841e-02,-1.098346288052530137e-02,7.550181395617641504e-03,3.259315280061614783e-04,1.189427524682156075e-02
3.809976606603807658e-01,3.740503405700870698e-01,1.000000000000000000e+00,4.746263242171506747e-01,6.214407863882557281e-01,1.478956687333206066e-01,1.166733870516762778e-01,2.573544171177110096e-01,2.305106752356111677e-01,1.554336037308396978e-01,1.579254515117226032e-01,7.108498005708278888e-02,-1.026052278504924371e-02,2.585324060915972569e-02,3.532120107475560794e-02,5.973660726054868392e-02,-8.140749734029258458e-03,2.894540447313362808e-04,2.442451138300593197e-02,1.995393454840068553e-02,2.378448203881098136e-02,-2.212729715851170093e-02,7.805820545376215315e-03,5.267888881151467501e-02,4.681068741119411014e-02,2.818925166539082774e-02,3.892272576044603777e-02,2.322782874160720865e-02,4.635024302073870867e-02,2.150343023909460222e-02,1.276769650336022355e-02,-1.331858649056783840e-02,-3.216016652649431040e-02,-2.730632402303427922e-02,-2.560323595118493487e-02,-5.831645045047740422e-02,-3.247539000314405427e-02,-5.462169923507562835e-02,-2.986992876259084856e-02,-4.214048115065170685e-02,3.469774036163496798e-03,4.859971349732154083e-03,-8.022120411536860785e-03,1.110974864196586157e-02,3.006215888924987020e-02,1.468689916409273138e-03,8.716877742951134253e-03,3.144255329095394652e-02,-1.289914519076456115e-02,-8.591400573396140369e-03,2.131428679783948024e-02,3.718047363541519823e-02,2.335846005794093086e-02,-3.423673805339756107e-05,2.031228716424938671e-02,3.272580000562495817e-02,1.270157097730494067e-02,2.039682803764544458e-02,1.473077999732099255e-02,-5.063874306410606416e-03,-2.163030036256702315e-02,-4.459965887607782176e-03,-7.203805092740125232e-03,1.062699832568159836e-02,2.044366178953509888e-02,1.017060323163096122e-02,9.289387169208601636e-03,-2.305253902105676087e-02,7.949706454728963645e-03,-8.561398458692125527e-03,1.625876017114849525e-02
3.195020635374012929e-01,3.769133289389230423e-01,4.746263242171506747e-01,1.000000000000000000e+00,3.510862989721593719e-01,2.159914628816630988e-01,3.102918232844754653e-01,2.813868917376658452e-01,1.801349343204284581e-01,1.479028954607372326e-01,1.424567418592712353e-01,7.177692567526390566e-02,-2.205674291881635357e-02,1.288101402810501624e-02,2.561849551909047007e-02,3.553691486321879089e-02,-8.529605240486889950e-03,-7.734618133966503217e-03,1.208587056045381733e-02,2.798156909036695131e-02,5.844759772942434602e-03,-5.480721431035074850e-03,1.650256507247381196e-02,3.464415142872524778e-02,3.373627187504689429e-02,8.954687856245202582e-03,4.644314237100056336e-02,3.933562026171215364e-02,8.021033260131477105e-02,3.885332988556471079e-02,1.235436305170896885e-02,-2.121862012957159010e-02,-1.578229798395104980e-02,-2.131463272688279356e-02,-3.425462833570747101e-02,-6.235318134393279255e-02,-2.510126556414696633e-02,-6.216112351303593880e-02,-3.827667202562405613e-02,-3.360709787365084855e-02,9.268419842020404753e-03,8.696215146778187022e-03,9.886685905190170306e-03,2.302911241245460608e-02,3.172965566998601356e-02,-3.223195221548286107e-03,2.614598920892780010e-02,3.809639457762632742e-02,-3.192665786023759014e-03,-1.015415857605374110e-02,2.914329436959374117e-02,4.489857923121504113e-02,3.138960405468601417e-02,-1.550244774454503883e-03,3.792012785383604145e-02,1.975787669074218975e-02,2.858550843014255258e-03,-1.348134227242674728e-03,1.167728505802182251e-02,9.577827805533930053e-03,3.516885564768759947e-03,-1.866376847724511567e-02,-8.370728921136442319e-03,2.157743221490781779e-02,2.768682265936286621e-02,1.188892790586112275e-02,2.303697602320652418e-02,-1.317192371508991771e-03,4.974243655651237883e-03,5.179563794956866703e-03,2.876955113763459901e-02
2.306967161814973133e-01,3.013194087015555467e-01,6.214407863882557281e-01,3.510862989721593719e-01,1.000000000000000000e+00,2.998029250506323851e-01,1.392359670880393696e-01,2.536209850452034176e-01,2.883629221080289406e-01,1.282598500591194401e-01,1.358410931444456182e-01,8.063045331144119698e-02,-1.949066103978771419e-02,2.076050766004646983e-02,3.972041347055047661e-02,5.529554328884528358e-02,-1.067828547282613852e-02,7.243011113393681318e-03,2.375754015764560551e-02,7.452583319127681349e-03,9.500940285200957722e-03,-4.085409176972489703e-02,-1.160870615918083507e-02,4.807318345941073018e-02,3.289996318194836344e-02,2.773025187898473659e-02,4.921832665094885706e-02,2.322626015274051672e-02,5.231941901864044231e-02,3.375196950589010730e-02,6.832362454671766193e-03,-3.457475121846995385e-03,-8.798583352689041612e-03,-7.586037468984885117e-03,-1.529571817830679623e-02,-3.535718883995521422e-02,-2.286679228744550874e-03,-4.257505060458682128e-02,-2.148769414174349704e-02,-3.622295085281527355e-02,-1.816172857161936710e-03,5.656820554016649301e-03,2.569384421523109464e-03,2.767410836793318760e-03,5.087925721226227264e-03,-1.470631717866920226e-03,-3.465966505280161907e-03,9.660773332445266731e-03,-8.471096461355492879e-03,-3.415954803430341479e-03,1.774569019105420170e-02,2.410975000921239744e-02,1.512104354590053032e-02,-1.132245568747668879e-02,9.980583488036293138e-03,2.699447196286859380e-03,-1.486348610259733555e-03,1.632744472558569915e-02,2.078594727902463579e-03,6.053666096695507585e-03,-1.846514273979418114e-02,-2.701889882051990762e-03,6.397321752346565339e-03,1.764809395003578626e-02,2.155627616940496497e-02,1.336676455167403951e-02,1.176666427251102549e-02,-1.794084049402686065e-02,3.760872522447095134e-02,-7.587074345103124971e-03,2.223311851309211010e-02
6.960983300259308837e-02,8.165971525580097146e-02,1.478956687333206066e-01,2.159914628816630988e-01,2.998029250506323851e-01,1.000000000000000000e+00,3.534589948304329710e-01,1.678091269641532879e-01,1.905884736960892223e-01,3.012442817661560579e-02,5.880168001792382415e-02,3.093603585318080093e-02,-3.581111859972363476e-02,3.152022279683094376e-03,2.394121489812297415e-02,2.443978792017691484e-02,7.066632267942422364e-03,-1.094964829656014816e-03,9.819667888217029680e-04,-9.787135191792537339e-03,-4.099884070137374895e-03,-3.221498693349038323e-02,-2.665889217673682310e-02,-2.634098407409930960e-03,-6.409868044088494130e-03,-2.878530973342265792e-02,1.920207161048382780e-02,4.182079373772963106e-03,2.697820291431086634e-02,1.003274544543764427e-02,-3.163946924610565314e-02,-4.408251946311638608e-03,2.121625795622967409e-02,-3.227735856808590462e-03,-5.426575571001354160e-03,-1.348750816583349325e-02,1.080931182942264195e-02,-1.566013319462968012e-02,-2.292731824456514019e-03,-1.902658886406888641e-02,3.835897674106857752e-02,3.884536025186616226e-02,4.029992596029613461e-02,2.325684424699679329e-02,1.304124560736346673e-02,2.688966444384394486e-02,-2.403932235138421872e-02,2.018973242624390319e-02,1.543940151376755644e-02,-3.158717724859387566e-02,7.981191383121984118e-03,1.362357352506434957e-02,1.068880855099140978e-02,-2.166144343382807660e-02,-1.737725589321404557e-02,4.727161928111010478e-03,-8.517954167052638539e-03,-9.064294808506481033e-03,1.012223751895515410e-02,2.667313445000983954e-02,-2.793756258693597810e-02,-2.888629696528357063e-02,3.244835609893519535e-03,9.366832551297601603e-03,3.268798779640911395e-02,2.703491521858713414e-02,1.080681870085290798e-02,-8.521955418863141766e-04,2.876001513263810871e-02,1.257822206434977552e-02,2.239487832074209955e-02
5.254416089065189893e-02,8.623301898037877278e-02,1.166733870516762778e-01,3.102918232844754653e-01,1.392359670880393696e-01,3.534589948304329710e-01,1.000000000000000000e+00,3.823484000815899897e-01,3.458634278647400584e-01,2.758714693733060330e-01,2.207641481342379197e-01,1.565017654200126507e-01,4.060146525417169389e-02,7.620560223745213857e-02,9.267147557738311670e-02,4.100446189348755377e-02,4.932658451713575753e-02,2.676130505145214375e-03,3.497440794509187184e-02,3.994943359750548206e-02,2.764528057566812899e-02,-5.080919987995496760e-03,1.402863984775899395e-02,3.966958124025361104e-02,2.111701685361076428e-02,4.061694583035308642e-03,5.671611382055132683e-02,1.632316487088916745e-02,4.569163261227600359e-02,1.948860486862091790e-02,-1.590056873361345505e-02,3.318667453989770770e-04,6.160397408203495927e-03,-5.579417744371010721e-03,-3.176622823770296894e-02,-5.687581971877300052e-02,-2.874790006124753119e-02,-4.588341332850885690e-02,-3.576161892850876489e-02,-5.243274143514196906e-02,1.441404240292505287e-02,1.780790180249343033e-02,3.705415346805993743e-02,8.394968603661000575e-03,1.678398867590481444e-02,1.326294676241720344e-02,-1.103572590832040991e-02,1.941285115902730701e-02,2.756715174016660663e-02,-6.313432095682699509e-03,4.632551944286381757e-02,4.865069328345424798e-02,4.032759299601907516e-02,1.343070061873395324e-02,2.240500769248586835e-02,2.384213936432743458e-03,8.877747608455933276e-03,8.648944129388496868e-03,1.951832108068519978e-02,1.538420244862069575e-02,-1.024248037859189914e-02,-7.841317516894107803e-03,1.067438807896665780e-02,1.882074193432909867e-02,2.836868061522306375e-02,1.852213581170278345e-02,-7.339095272927754522e-04,3.484165944569696770e-03,6.898723007902734725e-03,3.482570900202457218e-03,2.123180123272859487e-02
1.123336672713142609e-01,1.189965456058287852e-01,2.573544171177110096e-01,2.813868917376658452e-01,2.536209850452034176e-01,1.678091269641532879e-01,3.823484000815899897e-01,1.000000000000000000e+00,4.823746781806779182e-01,5.123530198562180615e-01,3.521580660925290873e-01,2.314359460334455554e-01,5.939744414261439662e-03,4.937351264411688617e-02,6.515951059259883493e-02,7.457463650506114539e-02,1.473875683165885506e-02,-1.307658114276872077e-02,4.075162463766179161e-02,6.895813598772985997e-02,1.426408559643483134e-02,4.036673409033881589e-03,4.811292978072143241e-03,6.755539256281080374e-02,3.361018832411794000e-02,5.350181655541154380e-02,5.273964017172047547e-02,3.339010316194161720e-02,5.752062887474058972e-02,5.275648833541607408e-02,1.512437045584449219e-02,-2.501081730124687236e-02,-1.172925679500410462e-02,-4.328127595202469619e-02,-4.999508739926900036e-02,-6.878527559907378353e-02,-3.287627033891932921e-02,-5.806359737175761926e-02,-4.255912769516527472e-02,-6.387156095774304543e-02,-2.223790082971877861e-04,1.686797449162541485e-02,2.800816079992351701e-02,2.018131645791135676e-03,-2.555365155876004792e-03,2.921110378780987851e-02,1.601808387209894061e-02,9.156307694277776577e-03,4.892025776498965320e-03,1.827738019562986298e-04,7.960240484665015090e-03,3.784381251076358865e-02,3.163377421259405686e-02,-1.166245613560008354e-03,1.676112149239339377e-02,2.922324979801154549e-02,1.432467484386071820e-02,1.731109941159116039e-02,2.124629506332305351e-02,3.492260151324317469e-02,1.214100882725438479e-02,-1.501627749802328902e-02,-1.161610898898191892e-02,-6.629173213112949520e-03,4.816810863157538862e-03,4.038954027730939055e-03,-6.242973076778751511e-03,-3.334103354070584203e-03,1.774390117040618164e-02,-2.301514282409716089e-02,-1.022816777898650359e-02
1.143425071272904103e-01,1.097661005839664916e-01,2.305106752356111677e-01,1.801349343204284581e-01,2.883629221080289406e-01,1.905884736960892223e-01,3.458634278647400584e-01,4.823746781806779182e-01,1.000000000000000000e+00,3.027630301055937445e-01,3.144568410867498165e-01,1.580045719580602803e-01,1.244262706184804876e-02,4.108753663221358793e-02,5.669644449422555493e-02,1.844255902256190446e-02,4.184023119728791373e-02,-2.714681694565096448e-02,-5.241090525622871948e-03,4.569556169048945293e-02,1.501475311713903549e-03,-1.652497525445153354e-02,1.264815392887248986e-02,3.845096093318529223e-02,1.883541817887131320e-02,3.100637272742389275e-02,5.160331806501326779e-02,3.167364605384929283e-02,5.152149184513126617e-02,4.565080619286783492e-02,2.444287494534305716e-02,2.464745504173211990e-02,6.414800904076253980e-03,-2.261718221848756181e-03,-1.231222362920772646e-02,-6.317022258519526534e-02,-2.430265611772581408e-02,-5.352994765301401225e-02,-3.760501647143899007e-02,-4.353650336294284662e-02,7.537755965602190369e-03,4.002608469811788638e-02,2.857323410007357734e-02,1.024308328935837585e-02,1.850593526869390550e-03,1.934699101633923293e-02,-8.303674738521836171e-03,-2.294236846560147869e-02,-1.419215064459105648e-02,-1.887142133930801505e-02,-3.755926240541303252e-02,-8.021522216098746216e-03,3.572437699281800789e-03,-1.187100109562746336e-02,3.274449451412581383e-03,9.515942098511549069e-03,1.431313665507866130e-04,2.574012014328615899e-02,2.657306571868790768e-02,2.721913359059581483e-02,1.261363951317306074e-02,1.360103878341524172e-03,-4.294120490835129714e-03,2.305637220395125898e-03,6.657198972621271305e-03,6.971551375921080165e-03,2.029494866298835534e-02,-5.211033124739737100e-03,2.878678317872351150e-02,-3.513646619370142804e-02,-2.583691776572406840e-02
1.124378822090909141e-01,1.188355794302527746e-01,1.554336037308396978e-01,1.479028954607372326e-01,1.282598500591194401e-01,3.012442817661560579e-02,2.758714693733060330e-01,5.123530198562180615e-01,3.027630301055937445e-01,1.000000000000000000e+00,5.028620200934184048e-01,5.779589311807401542e-01,1.219726766890304737e-01,9.399104677760472537e-02,1.252462118070009345e-01,7.989603168756832796e-02,7.313259181431630562e-02,8.517796827573588872e-03,8.383422631218710730e-02,4.809725144324751567e-02,-7.852180700932905738e-03,-5.972126823852573312e-03,1.496643681416567201e-02,2.668106161010112831e-02,3.797631185754654637e-02,1.687562790463260909e-02,3.506360148999355247e-02,1.884226806811097402e-02,2.587300928966826397e-02,3.009073449329982899e-02,2.793273749411436663e-02,-1.252417865873313267e-02,-1.190822569615655746e-02,-2.312497075057064547e-02,-3.876065556702487647e-02,-6.815536602205686523e-02,-4.301820428055266876e-02,-5.072266827640144887e-02,-5.354328479488310727e-02,-7.551738155079991410e-02,-9.652900323142922859e-03,2.407454439376384425e-02,1.681399115344295661e-02,-8.699937088869002036e-03,1.687448596780196514e-02,1.897850925393157126e-02,3.891124282734648339e-03,1.471714076004996402e-02,2.829745432764759969e-02,-2.267439031701484753e-02,-1.008851348001015084e-04,3.526838838722613084e-02,2.111855956163083414e-02,3.693792554054367051e-03,-4.592501943967207921e-03,7.403352916701073753e-03,-6.503038925977085855e-03,2.152269649976373996e-03,3.402112165122841720e-03,-1.363328221220847132e-02,3.820361219481197088e-03,-3.194388625073724119e-02,-2.705332067873084459e-02,-2.640174602652969535e-02,-1.448922503898588364e-02,-4.803916335612523972e-03,-3.407917767915422114e-02,-1.088980729924806518e-02,1.763168114832897732e-02,-1.146321890466748573e-02,-8.537575816679764118e-03
1.169172159627004243e-01,1.113049853240962034e-01,1.579254515117226032e-01,1.424567418592712353e-01,1.358410931444456182e-01,5.880168001792382415e-02,2.207641481342379197e-01,3.521580660925290873e-01,3.144568410867498165e-01,5.028620200934184048e-01,1.000000000000000000e+00,2.805896550499052955e-01,6.070631937329042105e-02,4.898466910329684482e-02,9.405329579276842933e-02,7.963509200153778833e-02,3.584365818200814513e-02,1.521626831891617453e-02,5.832061419887399345e-02,4.917953487984250138e-02,-2.269476200997623538e-02,-4.724718857234703508e-03,-1.230471660160263603e-02,3.231682400708454223e-02,1.488504153956024881e-02,6.272624276340081975e-03,2.155006947614352894e-02,2.013122636405361137e-03,3.966996217209588227e-02,-5.444929030189048572e-03,2.626092463488687717e-02,-7.614184948800422313e-03,-1.956737357267513550e-02,-2.115212974062953555e-02,-2.210140157255310531e-02,-6.388847584651569100e-02,-4.709264323448012629e-02,-3.473116176465245591e-02,-2.940058038378675492e-02,-4.029690503622970071e-02,-2.034273521190746881e-03,1.617505817824367673e-03,4.245844480421149397e-03,-2.216258730784872750e-03,3.215017240919991470e-02,1.197645587187138629e-02,-2.332038127728249671e-03,2.439012560033653951e-02,1.232095837401674283e-02,-1.544180888747872550e-02,4.080023875842227199e-02,2.758150172500659428e-02,2.245312485284614232e-02,1.922822785522056849e-02,3.406689284948576785e-02,2.352716394759498536e-02,5.032383669681194695e-03,1.493058891382307088e-02,6.305097658338545746e-04,1.511169752928065522e-03,6.734233739547435069e-04,-1.087005941847190345e-03,-2.183111036456445928e-02,-3.523003613857445676e-02,-2.801062125871682865e-02,-1.596945392813598624e-02,-4.339722356101727296e-02,-4.417861542800707864e-02,-1.244363327169522096e-02,-8.273888677719474366e-03,-2.404321723966269808e-02
6.336779400078701441e-02,8.168596870603560267e-02,7.108498005708278888e-02,7.177692567526390566e-02,8.063045331144119698e-02,3.093603585318080093e-02,1.565017654200126507e-01,2.314359460334455554e-01,1.580045719580602803e-01,5.779589311807401542e-01,2.805896550499052955e-01,1.000000000000000000e+00,2.353665672045616442e-01,7.826462193489336361e-02,1.027822480171203673e-01,1.563211413063083852e-02,9.919999087377816271e-02,2.033131562063969847e-02,4.050986886292309852e-02,-4.526130269658542303e-04,-1.160065730432419465e-02,-2.828043357880878628e-02,-5.061399437108470359e-03,-9.717957931340415537e-03,1.011290907361606616e-02,-1.891039176483543319e-02,1.937650030108880803e-02,4.964724275433542514e-03,8.269016958405497886e-03,1.404380324911226607e-02,3.010845817706018709e-02,3.144747843561716393e-03,3.011008400207420502e-03,2.333630245405044108e-03,-1.631914544483897139e-03,-2.336299449805485928e-02,-1.756602030294643693e-02,-1.779249429264409196e-02,-4.740818685853054326e-02,-3.207238819840601413e-02,-7.748097760039587487e-03,2.331093493259036795e-02,2.293287083434412260e-02,-1.002768706182304709e-02,-4.440666450739769525e-03,-8.543652253866798564e-04,-1.519292006869568494e-02,6.920934842393007894e-03,3.426297161711296113e-02,-2.169666528228501173e-02,-2.559398319421253218e-02,2.264780901422087586e-02,2.067060667804729301e-02,-1.198347627025003748e-02,-1.988007661113357777e-02,-6.237383856854597682e-03,-1.424977785450682113e-02,-3.123751761899943441e-03,-1.507534531880015335e-02,-2.096362056961809800e-02,-1.577604199119054390e-02,-3.963175108539162411e-02,-2.513058239976829339e-02,-3.468848117675019105e-02,-2.715046364728725473e-02,-2.374901159346789244e-03,-3.834883677464612228e-02,1.345983944194056696e-02,2.689906443718724852e-02,4.808853205808838807e-03,4.157267129106381048e-03
5.680706148200789958e-03,4.973892376554322169e-03,-1.026052278504924371e-02,-2.205674291881635357e-02,-1.949066103978771419e-02,-3.581111859972363476e-02,4.060146525417169389e-02,5.939744414261439662e-03,1.244262706184804876e-02,1.219726766890304737e-01,6.070631937329042105e-02,2.353665672045616442e-01,1.000000000000000000e+00,2.287502180076622371e-01,8.219305909716234648e-02,-6.586170396970320029e-02,2.406820167499029162e-01,1.279966465656808272e-01,-1.969536064571189224e-02,4.685395624114564034e-02,6.037024891447353298e-02,5.751240926117292401e-02,4.042341220985477129e-02,3.789091797551694119e-02,3.989821712287368316e-02,-9.080891406461058177e-03,3.210572029558527579e-02,8.214321111172411677e-03,1.690756017635983155e-02,1.771810948321114743e-02,-2.731466193497638479e-04,-9.895775661257844372e-03,-2.695498887201974725e-02,9.336361397092639638e-03,-5.126614807238952590e-03,1.305754765225684323e-02,-7.155808219363627570e-03,-1.571436057851303232e-03,-1.212300185418173359e-02,9.251967378525188454e-03,1.927988992233928538e-03,1.388033776154436356e-02,5.567376169210853237e-02,1.483908222222695902e-03,-1.348342007245752596e-03,1.959885424845434973e-02,1.254605506258975503e-05,2.707541266614909236e-04,2.346546427010756317e-02,-2.317523241780209894e-02,-2.607992930613134072e-02,1.468351018180225238e-03,3.260074980265526001e-02,4.539996502794550921e-03,-9.062641967583646638e-03,-1.945148557838207934e-02,-1.386359732035947513e-02,-1.060427576148330504e-02,1.189001009299446490e-03,1.770018945287369153e-03,-1.940049142385886702e-02,-5.279111152097733239e-03,6.281643665854330823e-03,-5.400542392241368221e-03,-1.003723807031488974e-02,-2.577463568012351366e-02,-4.130100555429682546e-02,-1.776333003430584107e-03,-1.474001814903165303e-03,-1.838003796636039980e-02,-2.803438696135162125e-02
1.276578142243503175e-02,2.838921074744948578e-02,2.585324060915972569e-02,1.288101402810501624e-02,2.076050766004646983e-02,3.152022279683094376e-03,7.620560223745213857e-02,4.937351264411688617e-02,4.108753663221358793e-02,9.399104677760472537e-02,4.898466910329684482e-02,7.826462193489336361e-02,2.287502180076622371e-01,1.000000000000000000e+00,4.591963873754126291e-01,4.195822926796116126e-01,5.975451336659685087e-01,1.890481577193873497e-01,1.984046876151493166e-01,2.754540928610365036e-01,2.634970445533709738e-01,1.914432150075126016e-01,1.449160206344497215e-01,1.269070761643406597e-01,1.145733054437574894e-01,9.489378380771693045e-02,1.142061016794674450e-01,5.773754492015474582e-02,8.972035820089818703e-02,8.552892607750468834e-02,1.982294404924661579e-02,3.910834879209790921e-02,1.299657086478595881e-02,3.775638847064274189e-02,2.583355017668330714e-02,-1.369786776702865312e-02,1.222087259386446870e-02,-3.103345975168220455e-03,-2.513729466651729375e-02,-1.886019738897447284e-02,9.488033075578232792e-03,9.214533544633054379e-03,2.022781757560673105e-02,-7.082375257020640143e-03,7.282594624978476830e-03,5.508078992405609749e-04,-1.696778418697003285e-02,-2.904696283684522415e-02,6.665612448820639087e-03,-1.667659264339697162e-02,-2.158826705458510159e-02,3.688278788912171830e-03,2.660003353310813265e-02,2.118341595699716265e-02,2.286615122772456613e-02,-2.531853728074325580e-06,1.197212134132442062e-02,1.322386864479327406e-02,1.107152986124373614e-02,1.919398988956363267e-02,-3.612425023304330091e-03,-4.527601610282616131e-03,2.109318844904648632e-02,3.099884385181838828e-02,-2.946764664021865425e-03,-3.802287513775529787e-02,2.490571542042956110e-03,1.582543590086248064e-02,9.479585598961911760e-03,-3.123418032515192302e-02,3.212347154202537837e-03
1.762182596237559309e-02,2.228050641902987183e-02,3.532120107475560794e-02,2.561849551909047007e-02,3.972041347055047661e-02,2.394121489812297415e-02,9.267147557738311670e-02,6.515951059259883493e-02,5.669644449422555493e-02,1.252462118070009345e-01,9.405329579276842933e-02,1.027822480171203673e-01,8.219305909716234648e-02,4.591963873754126291e-01,1.000000000000000000e+00,3.898257089211694670e-01,3.841570471727058234e-01,-1.285902878335559996e-01,8.571289030145122501e-02,1.723185645732166205e-01,8.457121787528006085e-02,8.259048569883317703e-02,4.084155852000843218e-02,3.858093112379570866e-02,5.001036808201624051e-02,2.886085999530197191e-02,4.484611726278234234e-02,1.119264936765337892e-02,2.940684641603963714e-02,5.066514509368510999e-02,1.429525246570391948e-02,1.341950954636162395e-02,8.330335843727932482e-03,2.698576951561118477e-04,-9.513061489263629350e-03,-4.488692540136666326e-02,-1.810776553053616844e-02,-7.184406091921982651e-02,-1.070409790765592013e-02,-7.750395593769791348e-03,-5.782988909243362216e-03,-2.223045900464303004e-02,7.028150473178436256e-04,-3.650940983130875409e-03,-1.265056488823015392e-02,-2.603318710728415308e-02,-2.554739208414657722e-02,-1.454547852828512802e-02,9.155669725176670409e-03,-1.189796875297162784e-02,-3.368556563180356844e-02,1.265052407641277174e-02,9.433422311825319373e-03,-1.101480299047851406e-02,1.406043987365167280e-02,-1.905565500667594095e-03,6.099097212786615090e-03,-4.737452181791150345e-03,3.068063094814385289e-03,-2.713807906358637820e-02,2.340808380184972691e-03,-1.409187936874065766e-02,1.898042390241867078e-02,3.212826877363464395e-02,2.438729462639186926e-02,1.350497562350311265e-03,5.010725507529340331e-03,2.654281013054677132e-02,2.051302827845392137e-03,-8.577181972475556374e-03,2.158804177859064213e-02
4.467305909371571682e-02,5.276440527035102662e-02,5.973660726054868392e-02,3.553691486321879089e-02,5.529554328884528358e-02,2.443978792017691484e-02,4.100446189348755377e-02,7.457463650506114539e-02,1.844255902256190446e-02,7.989603168756832796e-02,7.963509200153778833e-02,1.563211413063083852e-02,-6.586170396970320029e-02,4.195822926796116126e-01,3.898257089211694670e-01,1.000000000000000000e+00,1.463605972126089672e-01,1.221751219091085985e-02,2.402840823280638360e-01,1.986546328261585836e-01,1.694481403878912995e-01,9.078215738906103560e-02,9.343966199454036003e-02,1.420108406451494609e-01,7.224213426888122236e-02,9.428713109700619099e-02,1.034070204940980980e-01,4.558286164410099706e-02,7.025526195093151349e-02,5.631294028960498466e-02,3.698562808918478412e-02,9.530492681544062289e-03,5.801506497585115149e-03,-3.552285308427599077e-03,-1.212352269581446970e-02,-2.200725248769162465e-02,1.244741007285121541e-02,-1.803654145731168473e-02,-2.331278662181541714e-02,-1.861478724304717336e-02,2.799962921502406957e-02,1.908316197252076310e-02,-6.647320864901301585e-03,1.983117628228120780e-02,-3.687675251924951670e-04,-4.528572210811972198e-02,-5.146269094671024683e-03,-1.302679717510466829e-02,1.023684009094113535e-02,-1.094432936539274648e-02,-1.683158597741269899e-02,1.141630028135118616e-02,3.173202331994998127e-02,7.434811689095613407e-03,6.258112018815099355e-03,1.792856492705611343e-02,4.088172969536588153e-02,2.243365071543177228e-02,3.406782261513074950e-02,-8.332092346709420866e-04,7.202702852095343999e-03,-5.592501600316539256e-03,-5.050516677705198069e-03,1.312339174902487325e-02,-4.957124316773591985e-03,-1.604868723404020980e-02,1.267914901140246818e-02,1.613474608305724006e-02,1.620200431825494225e-02,4.566666076256622152e-03,1.908294224320292208e-03
-1.677147788421622446e-02,-6.916523603413155322e-03,-8.140749734029258458e-03,-8.529605240486889950e-03,-1.067828547282613852e-02,7.066632267942422364e-03,4.932658451713575753e-02,1.473875683165885506e-02,4.184023119728791373e-02,7.313259181431630562e-02,3.584365818200814513e-02,9.919999087377816271e-02,2.406820167499029162e-01,5.975451336659685087e-01,3.841570471727058234e-01,1.463605972126089672e-01,1.000000000000000000e+00,2.875870370530345665e-01,1.396659556656012768e-01,2.431057235940115024e-01,2.589423701843909242e-01,1.880819469228358354e-01,1.181332407070889851e-01,1.027786137892191670e-01,1.169597203889321396e-01,1.132704699103644352e-01,9.040808095672014932e-02,5.216959187134129206e-02,6.738413635535599189e-02,4.880242375982107167e-02,1.694094521602285131e-02,3.560201792453987490e-02,1.455004875930362290e-02,2.644641115618078658e-02,4.356511223709401415e-02,-1.502180861338186200e-02,-9.822279726384048129e-03,5.941396425430095496e-03,-1.608260195812703450e-02,-2.224336007414676533e-02,-2.410473215922651936e-03,-2.824065608082521137e-03,2.748994642829000884e-02,-2.444132109636545404e-03,-2.321648945416557048e-03,5.062112851439501057e-03,-1.648107024429875441e-03,-2.733021948423973446e-02,2.660421195537786103e-03,1.462458287841052543e-02,-4.331484282015511666e-02,-2.042317576573134466e-02,9.016543565525342394e-05,9.809030847054475005e-03,-3.941140783046758822e-04,-1.132733103658501231e-02,-1.430103402458321460e-02,3.791635365257965164e-03,-9.933474441563174342e-03,1.083422929979754520e-02,-4.373346679131251413e-02,-3.202649845991028393e-02,1.769314574906745430e-02,3.050978507340568538e-02,-1.514856241644480005e-03,-1.094148332303823343e-02,1.635029816572598467e-03,1.139051625864241808e-02,1.266960671468639853e-02,-4.630746532150206013e-02,-1.493713502045784965e-03
-1.260154143550553350e-02,-3.699690828754870903e-02,2.894540447313362808e-04,-7.734618133966503217e-03,7.243011113393681318e-03,-1.094964829656014816e-03,2.676130505145214375e-03,-1.307658114276872077e-02,-2.714681694565096448e-02,8.517796827573588872e-03,1.521626831891617453e-02,2.033131562063969847e-02,1.279966465656808272e-01,1.890481577193873497e-01,-1.285902878335559996e-01,1.221751219091085985e-02,2.875870370530345665e-01,1.000000000000000000e+00,2.077471369684416036e-01,-9.401636167526424698e-03,1.900173157869789742e-01,7.895885217250715737e-02,6.462610842763108487e-02,7.555003335181170732e-02,7.246902711293920496e-02,9.083726542302023033e-02,5.979324432365811653e-02,2.891491662696714371e-02,3.870589210083715676e-02,-4.713899424951710666e-03,1.470406427139063542e-03,1.895438120072774971e-02,1.480166228915029587e-02,2.110132105487316084e-02,3.093247986330952340e-02,3.083036460767897211e-02,3.092145675100326299e-02,4.328977986879066486e-02,1.259007249586307012e-02,6.810511898891083958e-03,2.919490356439757503e-02,2.447640068811764505e-02,3.591578502863709832e-02,1.938748110076752434e-02,-5.535208555020033200e-03,-2.015829022693898381e-02,1.803788386109955039e-02,3.414459756201373552e-03,-5.765151578396625343e-03,6.614749482962053659e-03,1.363981377838604028e-02,-4.956796144969934786e-03,1.724424969037454194e-02,2.803986789222241705e-02,-1.174991723904644965e-02,-5.135495035637442987e-03,1.117220322051762013e-02,-6.565245499530134206e-03,5.326928929399477389e-03,1.001943921326301119e-02,-7.657497898755256938e-02,-3.331074432908717742e-02,-7.802935663427087998e-03,-1.118682555414252273e-02,-3.370899354911718188e-02,-2.559298645009852602e-02,1.146275269788576100e-02,1.710367063270535129e-02,2.237519315848794654e-02,5.602212260833019973e-04,-5.990965156606057121e-03
3.511621270537954032e-02,3.265190487479092268e-02,2.442451138300593197e-02,1.208587056045381733e-02,2.375754015764560551e-02,9.819667888217029680e-04,3.497440794509187184e-02,4.075162463766179161e-02,-5.241090525622871948e-03,8.383422631218710730e-02,5.832061419887399345e-02,4.050986886292309852e-02,-1.969536064571189224e-02,1.984046876151493166e-01,8.571289030145122501e-02,2.402840823280638360e-01,1.396659556656012768e-01,2.077471369684416036e-01,1.000000000000000000e+00,2.075146295554037568e-01,1.907631699801374536e-01,1.203302091046287992e-01,1.275938070302397309e-01,9.316665590978863432e-02,9.749065774761613012e-02,1.047995556007972062e-01,8.796668829483983432e-02,4.435866067021206754e-02,6.643951243865099665e-02,2.930798635363462273e-02,3.123584516404874500e-02,9.760031767794302704e-03,2.403076031495087611e-02,1.056224744872753113e-02,2.327932947183906226e-02,1.179168053114767328e-02,3.044181380002709478e-02,4.014066179583591909e-02,-1.380970329287187735e-02,-5.595461160055969704e-03,-1.822765501349473934e-03,-8.942943011002900053e-03,3.484058552739784098e-02,-2.666777661509026434e-04,-3.296174420361972640e-02,-2.378563623801956128e-02,1.047215468429567482e-02,-4.044224393172932835e-02,-7.396320595493189980e-03,2.208021849339431367e-02,-1.936046781692679977e-02,4.364883258774048154e-03,3.486565222128399505e-02,3.077503444568107857e-02,-5.929339393166727090e-03,2.874946800497825763e-03,3.005944494285827176e-02,1.655819350932769690e-02,3.230643934778748561e-02,-5.735401786147578673e-03,-4.501115104668312189e-02,-1.799707044931414882e-02,1.945252300229243555e-03,1.104516916805839584e-02,2.938148868862516566e-04,2.369589930121819912e-03,3.326753870208688964e-03,-3.059515745812395326e-02,-3.675969066075703007e-02,-4.442900846388839198e-02,-1.146830390887998083e-02
-1.234671497272371229e-02,-4.278654383219181873e-03,1.995393454840068553e-02,2.798156909036695131e-02,7.452583319127681349e-03,-9.787135191792537339e-03,3.994943359750548206e-02,6.895813598772985997e-02,4.569556169048945293e-02,4.809725144324751567e-02,4.917953487984250138e-02,-4.526130269658542303e-04,4.685395624114564034e-02,2.754540928610365036e-01,1.723185645732166205e-01,1.986546328261585836e-01,2.431057235940115024e-01,-9.401636167526424698e-03,2.075146295554037568e-01,1.000000000000000000e+00,4.106178401099337405e-01,5.370979677438076916e-01,3.072988093771509277e-01,1.945779043727544344e-01,2.148930540031036285e-01,1.901482912306606821e-01,1.779166116190235014e-01,1.035223185558230424e-01,1.248495199649733711e-01,1.063425532955953878e-01,5.276920229518488464e-02,5.207831097765141387e-02,3.990286470916289130e-02,4.037307152021243906e-02,5.332623143121995729e-02,-3.126489260963299672e-03,1.062805336341451391e-02,1.673825870184201051e-02,-1.799588202203487169e-02,-3.399442675022677079e-02,8.994099927688174734e-03,-2.876573853517881262e-03,2.060075944251349780e-02,-1.685636751920995685e-02,-9.349001644141379137e-04,2.254232415034409034e-02,2.838091117059981031e-02,-2.478441610308326423e-02,-1.789885742819617015e-02,7.212082192346594249e-03,-4.113497043582268337e-02,-3.138124438768546964e-02,-1.937852428620539559e-03,8.021075083026013922e-03,-5.993846424089928696e-03,-3.521784362456451684e-02,-2.004779039294755927e-02,7.156537674527061084e-03,-7.892091552684468020e-03,-1.090770931481182052e-02,-5.847184743404333813e-03,-2.265372456287703673e-02,1.096049838642055956e-03,-3.437110233012008833e-04,1.892410190648200277e-02,7.401847016877972571e-03,-3.024985868577939607e-02,-1.222594721294920257e-02,-3.342376310423373492e-02,-4.373978402945163241e-02,-2.470465352488042388e-02
-3.007261737434355867e-05,2.071183710728977459e-02,2.378448203881098136e-02,5.844759772942434602e-03,9.500940285200957722e-03,-4.099884070137374895e-03,2.764528057566812899e-02,1.426408559643483134e-02,1.501475311713903549e-03,-7.852180700932905738e-03,-2.269476200997623538e-02,-1.160065730432419465e-02,6.037024891447353298e-02,2.634970445533709738e-01,8.457121787528006085e-02,1.694481403878912995e-01,2.589423701843909242e-01,1.900173157869789742e-01,1.907631699801374536e-01,4.106178401099337405e-01,1.000000000000000000e+00,4.052953359972562564e-01,4.325417747611978725e-01,3.031765057582976319e-01,3.006061549975422298e-01,2.660853006449707681e-01,2.322971174938731620e-01,1.404835133830994454e-01,1.558964139378753166e-01,1.271900742741531032e-01,5.207184950738528301e-02,7.785721888915431155e-02,5.298761485980423014e-02,4.320449409991135997e-02,5.941270691776068952e-02,-9.228220465686418766e-03,1.470799146160258440e-02,2.548952975942817001e-02,5.430499002609390224e-03,-2.167550927701445210e-02,4.219605457550914401e-02,3.137367795870507799e-03,1.971487003385592046e-02,1.621229154451205023e-02,-7.964758354409922584e-04,-1.035666023010230717e-02,1.781386834644256914e-02,9.931380599816200250e-03,-3.077127287739480840e-02,-1.473632754803793320e-02,-3.398194835336363490e-02,-2.911746374432187118e-02,3.630141928022255493e-02,1.178601157268482913e-02,-4.993063665765738041e-02,5.653843606929062106e-03,3.312269717738797713e-03,2.451223216057943442e-03,-6.856447316018706752e-04,5.515021048690949002e-04,-3.665372906868166053e-02,-7.681454927346786921e-03,-2.254940290724033805e-02,1.713847073721868567e-03,-1.438906698821384306e-02,-2.287294741743122958e-02,-1.273345881142269251e-02,-3.113915178055772035e-03,-1.125628395978810724e-02,-5.420204609091015119e-02,-2.901768229527625087e-02
-2.568750444968978530e-02,-2.543230635836030845e-02,-2.212729715851170093e-02,-5.480721431035074850e-03,-4.085409176972489703e-02,-3.221498693349038323e-02,-5.080919987995496760e-03,4.036673409033881589e-03,-1.652497525445153354e-02,-5.972126823852573312e-03,-4.724718857234703508e-03,-2.828043357880878628e-02,5.751240926117292401e-02,1.914432150075126016e-01,8.259048569883317703e-02,9.078215738906103560e-02,1.880819469228358354e-01,7.895885217250715737e-02,1.203302091046287992e-01,5.370979677438076916e-01,4.052953359972562564e-01,1.000000000000000000e+00,2.646834777272443762e-01,1.864572005988518744e-01,2.115980188563762465e-01,1.770200111080856009e-01,1.788553753741350671e-01,1.256714817862562561e-01,1.169302092045074876e-01,1.127551885242753932e-01,4.844388313785786410e-02,4.889182252167213749e-02,2.106079668671671443e-02,3.370005414091527957e-02,3.974151443340256940e-02,2.702125124590525496e-03,6.627342334322387958e-03,2.165429909055937782e-02,-1.609740200783998931e-02,-2.350184253346884397e-02,-8.652851041971875226e-03,9.333208826499760080e-03,-5.291249579167048994e-03,-2.164073383089518132e-02,2.683353608504563878e-02,2.722263728392931847e-02,3.297086641708642935e-02,-1.452642537495422471e-02,-1.928828036890884584e-02,4.656388133319198583e-03,-2.322153983720762899e-02,-4.172413372630112693e-02,-1.982756974956451784e-02,1.300154897010369391e-03,-3.170949740165569103e-02,-2.893114643782005932e-02,-3.627437619393183987e-02,-2.069667116606755536e-02,-3.476300058008358757e-02,-1.222579534457107590e-02,2.348158670402760145e-03,-2.406305627552384613e-02,1.097621246867123805e-02,7.447631433130464350e-03,1.332231000822238672e-02,-1.496108936146155991e-04,-3.399130240156392202e-02,-1.510537320506831135e-02,-2.261870591174194867e-02,-4.987572194576973816e-02,-4.238461649407090220e-02
