1.000000000000000000e+00,3.521629539433381861e-01,3.476853252257567362e-01,3.630718783452573373e-01,2.358583585727655751e-01,1.956703919282085646e-01,1.868523075735542827e-01,1.078577263546312698e-01,1.032287572896909839e-01,1.512858995889203306e-01,8.142916341319335338e-02,5.228012948318423725e-02,7.104457798368264687e-02,3.786414328917215438e-02,1.041416279819831238e-02,7.193066511789313056e-02,-6.856044723464356505e-03,-3.453215196470611759e-02,3.771929455536800809e-03,-2.140397269379569131e-02,-1.503483087309809285e-02,-2.338099469930716642e-02,-3.133319575186934575e-02,-3.469305083167417703e-02,1.706662538776443664e-03,-1.081596036234198401e-02,2.171417311969331757e-02,6.288854945531855908e-03,-7.826749643494466946e-03,1.355355370646795996e-02,3.809562316876049983e-03,-9.099484602091098898e-03,1.253238596870822827e-02,1.547218332819193156e-03,2.162135643390521861e-02,-1.626819722638476323e-02,2.071479677949639164e-02,3.909505889012603735e-02,2.273859415335684891e-02,-9.569947109942387314e-03,2.549318896959344542e-03,-3.833805830212731487e-03,8.721948787453701404e-03,-2.830140277471652685e-02,-3.054470668096972985e-02,-1.428175709174369333e-02,-2.336671704806142502e-02,-2.845800393621427532e-02,2.214385421804947011e-03,1.952681732107606257e-03,-6.719157597636978008e-03,-6.876553228033564780e-03,-7.081288775089111635e-03,4.717753026394153233e-03,1.723249445098468113e-02,5.120296023520340065e-03,-7.563125181226107441e-03,1.075853628517551945e-02,-8.825869267732209741e-03,-2.910396776871978716e-02,-5.336188887745597041e-03,1.983648437127296868e-02,2.885217151999854360e-03,1.409581049066394856e-03,3.909593130214138873e-02,2.020725919210268617e-02
3.521629539433381861e-01,1.000000000000000000e+00,3.122047626081710936e-01,2.869731600156478768e-01,3.273730857887685031e-01,1.663242938624181766e-01,1.497248585507491847e-01,1.297525677381920484e-01,9.119851451322054381e-02,1.092504261321344539e-01,8.568804563990771450e-02,6.371113433012653982e-02,7.492247116272321428e-02,5.018585632111600275e-02,4.241631215571414759e-02,5.890101610582137298e-02,-1.739219265971316680e-02,6.457024389503397861e-03,4.169182868654886659e-02,1.282492743581949320e-02,4.671442389341439773e-03,1.369593551553312250e-02,1.895048975373795274e-03,-1.999466472068445536e-02,-8.639682937155713366e-03,3.521657128712046315e-03,6.917109444283101906e-03,2.334177074727766463e-02,-5.825828483743140940e-03,3.727191224467120163e-03,-1.353689239307031373e-03,-5.101293753284216054e-03,2.395614257944586600e-02,1.039758704975612090e-02,4.234844790343690601e-02,-7.745281311302832164e-03,4.570526433818800083e-02,6.410599414109342808e-02,4.774990538090463643e-02,2.895902378242478856e-02,4.610006747961146317e-02,3.221233975680324463e-02,1.671304871865446004e-02,-7.249224087677011343e-04,1.819186697635895300e-02,1.332652925039044291e-02,8.007506511653729540e-04,2.677904169344912273e-03,1.152899732954744058e-02,1.440372998470158469e-02,-8.479592949320805331e-03,1.260415725290689806e-02,-3.304847725079989185e-03,-5.360642269993623477e-03,3.864870485305460599e-03,-1.901957213318724443e-02,-1.874827639243615077e-02,6.625440809588867969e-03,-6.808399912693072729e-03,-6.779846841874563948e-03,2.179463227974787545e-02,4.181395840951632192e-02,2.615875209066573573e-02,2.643864027025109864e-02,7.829676069100030555e-02,5.070452004533113066e-02
3.476853252257567362e-01,3.122047626081710936e-01,1.000000000000000000e+00,2.914069505190055587e-01,3.477496336643570163e-01,3.804100163215234920e-01,1.849249357672674288e-01,1.707351356953794586e-01,1.925244288035669604e-01,1.400609551453817214e-01,1.190384573559152143e-01,7.693631467482899000e-02,9.374127905180840159e-02,4.284955605535347573e-02,5.386835935960704314e-02,8.671400824253414075e-02,-3.006521468326948943e-02,-4.107781251096408182e-02,-1.741355052980074957e-03,-5.146668635587594784e-03,1.371479423183497026e-02,-8.213532969669919831e-03,-2.443934875837201412e-03,-8.747765004065538932e-03,1.447776207777625931e-02,6.088431743928930662e-03,4.189857137461443226e-02,2.048486027051854216e-02,1.848150685810824242e-02,1.516215982977217255e-02,1.707483622656120331e-02,5.462796419949529809e-03,2.374513850041085408e-02,1.374294046878406401e-02,4.280407492038835332e-02,-1.066753605569889301e-03,4.333815928085555519e-02,3.903937707795031298e-02,2.669474072309760068e-02,1.479508139795164545e-02,3.378095619201233052e-02,2.278741387025649823e-02,2.694723570729097573e-02,2.482140463381855757e-03,1.408659719392593495e-03,-2.293973340336160835e-02,-1.380147503555352075e-02,-8.149684135956049291e-03,3.465686040624893580e-03,1.261072844129416774e-02,-6.787881957797837519e-03,-9.223605884286982352e-04,1.013966345178431844e-02,1.086749679970247344e-02,9.511992351557665287e-03,-6.829798014417820008e-03,1.553702055033165559e-02,1.333627147320754804e-02,5.828155735606334320e-03,-1.437636357331295058e-02,1.306266131262440351e-02,3.819975807501965748e-02,2.142656327892281803e-02,4.323816807079995661e-02,5.402801988942714656e-02,5.589207088322648703e-02
3.630718783452573373e-01,2.869731600156478768e-01,2.914069505190055587e-01,1.000000000000000000e+00,3.468904367218649809e-01,3.401240408736403431e-01,4.452089626995155980e-01,2.357982118753231549e-01,2.286881677096589127e-01,3.721719710904235479e-01,2.038449217941954439e-01,1.111730249929314684e-01,1.390396696014348787e-01,1.335981216243612435e-01,3.388154734028781673e-02,1.132287157656841070e-01,-6.218740820479547182e-02,-9.314026835279369532e-02,-1.533423935528032550e-02,-2.736399716925465297e-02,-3.051091058081206037e-02,-2.835041971139848002e-02,-6.305286849314727105e-02,-4.665166226457015397e-02,2.613366556501311392e-03,8.180447271249629074e-03,5.976971392023081031e-02,5.825110887231812334e-02,3.037929958193419724e-02,6.098782175590477389e-02,3.488648180917400254e-02,3.158449556936906294e-02,6.213323008433840888e-02,2.609507042403117275e-02,5.755411727160220092e-02,1.277931007081369030e-02,5.676417530414423762e-02,6.889939617062916521e-02,4.622344991289051991e-02,5.247494348209450973e-03,2.333951380874963941e-02,1.772966503556919204e-02,-2.450337239325874137e-03,-4.056018005652829023e-02,-4.308941444852893571e-02,-1.737251900451366321e-02,-1.878088130484250121e-02,-4.290360270768416723e-02,3.852066671492093176e-03,6.186002219009404703e-03,6.565305321259526372e-03,8.521783002131348705e-03,1.845749270692338814e-03,-8.653440064813824537e-03,-1.837704748413430955e-02,-3.354443215839563591e-02,-2.665891397625372652e-02,-2.811043836972150836e-02,-2.401489982936624856e-02,-2.772249496617786024e-02,-3.745886563566680223e-03,2.934887502699844164e-02,6.203876119878690837e-03,2.664809097783571099e-02,6.463067270667993691e-02,4.470285084205082027e-02
2.358583585727655751e-01,3.273730857887685031e-01,3.477496336643570163e-01,3.468904367218649809e-01,1.000000000000000000e+00,3.078749462954497584e-01,2.275055411412680029e-01,2.938392336218909051e-01,1.740806171237322952e-01,1.401851661659976045e-01,1.937026943322424088e-01,9.654238042810527054e-02,9.999956595280352911e-02,9.475407595682600048e-02,4.639683212067575308e-02,8.867211726525912885e-02,-3.710710840275446842e-02,-9.627330233502434317e-03,4.563898808793333262e-02,1.243991917976245039e-02,1.219870223058134619e-02,1.337670988240460997e-02,-7.238110063291801344e-03,-7.785510369865819222e-03,2.240774277034620135e-02,-1.265302010872830160e-02,2.383120190027389687e-02,2.377857721360435508e-02,1.004709188158935639e-02,1.236248217774597175e-02,4.470152309751754434e-04,1.960325083675392918e-02,4.041892487097985959e-02,2.548550240295474265e-02,4.053581928847663912e-02,1.098138540182340070e-02,6.582890629215533418e-02,4.309433599215731908e-02,5.802783253499425170e-02,4.656780845217518144e-02,3.749295306838563990e-02,3.598035013487314859e-02,5.894739600819755981e-02,2.912173908356764304e-02,1.736498377746165458e-02,5.147872559023101632e-03,1.724491871360994341e-02,-2.006522122094588426e-02,1.014539267916636511e-02,3.331967964573522706e-02,2.684614964474748428e-02,4.101571602847729758e-02,4.106311862196693890e-02,2.266439794773197208e-02,3.517652557737842994e-02,4.109717583491397271e-03,2.345656609326866177e-02,1.268596910531800959e-02,1.567890106451027069e-02,-5.978033238361660923e-03,1.059662078941473948e-02,2.668567547622926681e-02,4.837374744209993471e-02,6.280535090693442624e-02,5.466049414024167635e-02,4.999680435645200566e-02
1.956703919282085646e-01,1.663242938624181766e-01,3.804100163215234920e-01,3.401240408736403431e-01,3.078749462954497584e-01,1.000000000000000000e+00,2.618429479079692479e-01,2.927730379837813479e-01,4.004036087626036133e-01,2.263356457859568571e-01,2.163180520790664862e-01,1.407717491993489278e-01,1.082765254827403462e-01,9.947269876247363807e-02,3.259615651349900139e-02,6.534767521360133891e-02,-8.550982713324194184e-02,-6.398351345510745747e-02,-4.669823038876577681e-02,-1.949285781911758164e-02,2.048063900587979505e-02,-1.917594542309029176e-02,-2.435617435878709505e-02,-1.343160218233215367e-02,2.431465059872976731e-02,3.324236986242602720e-03,3.578960755343292555e-02,-1.415824719615303359e-02,9.345313751118420340e-04,4.694678746779388525e-04,-2.075157894462375391e-02,1.316972843524466183e-02,7.327189667877581809e-03,-1.575005216963261748e-02,1.924025957936433343e-02,2.628473376562391953e-02,4.203467506954187971e-02,2.553506730151608450e-02,3.704677698784281797e-02,1.487808212164185365e-02,2.858092406193973867e-02,6.913620710303042607e-03,1.372166158421848046e-02,-2.366336957164717064e-02,-3.308145195386915510e-02,-1.803799669279965157e-02,-2.751233657385992667e-02,-2.889799379180858774e-02,-7.199593609583862346e-03,7.259411200075484294e-03,1.344863132043812998e-02,-9.667969532256620938e-03,2.154529778465558588e-03,-3.259089320658194611e-04,-3.249639576121773205e-02,-4.248371463964163014e-02,-3.850373829684803316e-03,-9.899248184157152450e-03,-1.414652936682088760e-02,6.482353251473106821e-03,1.626369602861031660e-02,4.192745968425150294e-02,3.974829904445560669e-02,6.354525209077126202e-02,6.971131945553106501e-02,5.083581076066146648e-02
1.868523075735542827e-01,1.497248585507491847e-01,1.849249357672674288e-01,4.452089626995155980e-01,2.275055411412680029e-01,2.618429479079692479e-01,1.000000000000000000e+00,3.297435086265556037e-01,3.374530881790877013e-01,6.430230344921039620e-01,3.132621173066060805e-01,2.154531166473866721e-01,1.912389969321126593e-01,2.045048908866124726e-01,6.470181890818028914e-02,1.604598432919466799e-01,-1.185566653505950446e-01,-1.001018602608865354e-01,4.122882829040400848e-02,-8.803126250913296744e-04,-9.642701448908272410e-02,-5.168746108088563551e-02,-7.170044181214076107e-02,-5.480325166732466502e-02,1.517286255873166213e-02,4.143444880358679652e-03,3.550131143282751756e-02,7.553983315637249896e-02,7.394770561693972399e-02,8.676957948708567681e-02,6.530423844329132088e-02,7.304008631351152636e-02,5.044961601621741204e-02,1.901363700287183114e-02,2.203174759967966093e-02,3.990509227557315769e-02,7.686741601440544303e-02,5.986260247890087816e-02,5.342106327839078739e-02,3.527876915856635598e-02,3.646679616697921789e-02,2.466880006187241112e-02,2.215732434564078590e-02,6.403369864582567766e-03,-9.166859230519845475e-04,2.011101633514178130e-02,2.370305898815243742e-02,-1.269490134875759547e-02,3.536093968253641029e-02,2.773860800478353608e-02,1.042760157332159668e-02,2.153450513640286362e-02,2.639853793768610901e-02,2.526424085719391338e-02,-2.317938970493687786e-02,-3.014698706663790709e-02,-1.770375696041346161e-02,-4.057377939584722037e-02,-2.527716344365422280e-02,-3.802884311627959674e-02,-3.576530597293971908e-02,-6.010467801217175962e-04,1.338564709221186887e-02,2.399253470006476249e-02,4.012072464662110038e-02,1.396362432135290176e-02
1.078577263546312698e-01,1.297525677381920484e-01,1.707351356953794586e-01,2.357982118753231549e-01,2.938392336218909051e-01,2.927730379837813479e-01,3.297435086265556037e-01,1.000000000000000000e+00,3.364507847822718056e-01,2.078134837178772787e-01,4.736739046018712540e-01,2.559968109518236390e-01,1.561354150014797881e-01,2.516338565832512142e-01,1.167631576272006172e-01,6.232298050765305852e-02,-2.213023433413949803e-01,-2.562434368427717740e-02,3.956725020169586660e-02,2.015751847411777556e-02,-5.013059428582182508e-02,3.454018280447238021e-02,-2.313560626232789505e-02,-2.486473809907329205e-02,2.896185360859814331e-02,-4.589891471933589540e-02,4.511544629775329253e-03,6.295896777526932553e-02,7.070911822863833185e-02,5.373696286564204339e-02,4.737536533023631313e-02,4.720544965332060944e-02,3.171093011961621799e-02,6.974924030062204516e-02,4.756047127583785950e-02,8.158700794802843659e-02,1.058809332137339437e-01,4.437551131398959764e-02,7.394664102150640128e-02,3.199699929234565976e-02,3.200853630514853554e-02,3.578547101253939933e-02,3.625169113974151952e-02,2.325823712227931966e-02,7.908493955631267641e-03,1.089499684750446992e-02,-1.662322224280104316e-02,-1.253478717528926784e-02,3.058833654205190405e-02,4.642562826715360830e-02,2.709818178739590785e-02,5.385006072514073039e-02,4.824807679118789383e-02,1.686434423701102872e-02,-1.433987761043494479e-02,8.561766725669811085e-04,2.431341898129917717e-02,-5.562793897589567681e-03,-1.684205643228123966e-02,4.885064502971135821e-03,1.279584698337181978e-03,7.470781935676360300e-03,6.681123377288155328e-03,4.134460297245001748e-02,1.395769044359256895e-02,4.774734879083473299e-02
1.032287572896909839e-01,9.119851451322054381e-02,1.925244288035669604e-01,2.286881677096589127e-01,1.740806171237322952e-01,4.004036087626036133e-01,3.374530881790877013e-01,3.364507847822718056e-01,1.000000000000000000e+00,3.246503631896018316e-01,2.589509244477452010e-01,2.555686553917007608e-01,1.280401658367278650e-01,1.162735313082717548e-01,1.323352323162110267e-01,7.546104523289906552e-02,-1.089874587765265884e-01,-6.622316251687976503e-03,1.722833074741258672e-02,1.894272794798072118e-02,-5.852072450551273203e-03,5.516991915182454728e-03,-1.330658047122707140e-02,-8.591962188498385167e-03,1.828566126206454187e-02,-7.628305784555305426e-03,4.191095510327961376e-02,1.892281207542992338e-02,1.272643105295533095e-02,2.344212362014221757e-02,2.329031836212862999e-02,2.440909995964593918e-02,3.522261075015797188e-02,1.859520283763991741e-02,2.046150015804460223e-02,5.082908196396094397e-02,5.421901350515529600e-02,2.645011614210580550e-02,4.389062226884084261e-02,3.662957996925517504e-03,2.863121391705466395e-02,6.945173194154647019e-03,-1.601227756194148477e-02,-2.514434991954217144e-02,-1.676161544334888592e-02,1.152273668515585003e-03,-3.481488386852646388e-02,-1.770223010081702422e-02,1.256597366916297268e-02,6.975172537700098175e-04,1.882797646337177125e-02,-6.267884521528938567e-03,1.909737384209221275e-02,-1.239651117571784547e-02,-5.952265978950344733e-02,-3.570408219414851481e-02,-7.950559568069563016e-03,-2.947448093579907794e-02,-3.700660231421121910e-02,1.685040741491181104e-02,8.251304118614601751e-03,4.642156759282550782e-02,5.188831378210455314e-02,5.331088807374985417e-02,7.616335373933386110e-02,7.586914940937870833e-02
1.512858995889203306e-01,1.092504261321344539e-01,1.400609551453817214e-01,3.721719710904235479e-01,1.401851661659976045e-01,2.263356457859568571e-01,6.430230344921039620e-01,2.078134837178772787e-01,3.246503631896018316e-01,1.000000000000000000e+00,2.228214364392645530e-01,2.075041680314094472e-01,1.880188287661405666e-01,1.686366087725285345e-01,6.436808078434852476e-02,1.807869889896500104e-01,-8.558225494075064055e-02,-1.079905982873243797e-01,3.758265478807190640e-02,1.713051592857426069e-03,-9.848521623804043501e-02,-6.220875964735440855e-02,-7.846879245433650840e-02,-6.693413698368726183e-02,9.818571426653401740e-03,2.544133532778096798e-02,4.070100343048622255e-02,6.208048076276435207e-02,6.079129836435440137e-02,7.708481236616647470e-02,7.572818777970247162e-02,7.570990827511268895e-02,4.477337941882009870e-02,1.347716467265617363e-02,5.037861323849297454e-03,1.988157980146822851e-02,5.754095177253537585e-02,4.860398038325273312e-02,2.927826033076073864e-02,2.009749848972925204e-02,2.322803466682279994e-02,1.517419429867259729e-02,-1.813702296493275180e-03,7.406086447608404427e-03,1.213792264885558102e-02,2.156602673367784273e-02,1.500632458402102916e-02,-1.345778564616358260e-02,2.339677664843559449e-02,1.526325378520289669e-02,-5.349492557753364290e-03,5.969740859446578431e-03,1.531516151523363255e-02,1.296481551977375461e-02,-2.863107863121045274e-02,-3.467236671728828046e-02,-1.962545194456204525e-02,-4.769145272241916145e-02,-3.977472799177703827e-02,-3.886477074778504903e-02,-4.503796928337960165e-02,-1.247394275836364100e-02,8.076253131395082566e-03,1.560417019698205274e-02,4.356749947099663317e-02,1.614327298563089652e-02
8.142916341319335338e-02,8.568804563990771450e-02,1.190384573559152143e-01,2.038449217941954439e-01,1.937026943322424088e-01,2.163180520790664862e-01,3.132621173066060805e-01,4.736739046018712540e-01,2.589509244477452010e-01,2.228214364392645530e-01,1.000000000000000000e+00,3.311599423219203642e-01,3.718331230342950544e-01,4.534674027241274441e-01,1.726350238842762619e-01,9.934828105782567143e-02,-2.716516404283890185e-01,-9.758351494499631351e-02,1.924617557777770840e-02,6.636485269462195739e-03,-7.532241793880026237e-02,-1.010178322050956333e-02,-5.318396795379862901e-02,-5.385169120269667903e-02,-1.121218758424727749e-02,-8.036208015291312901e-02,-6.567280143077892929e-02,1.492711658385646734e-02,2.050192378424667283e-02,4.091474323554356030e-02,2.123869082422407198e-02,4.921330401673929683e-02,2.747682012972105584e-02,5.129765717985575180e-02,3.608214077707226717e-03,6.706764410163930379e-02,9.814345272986636781e-02,3.191434377219128093e-02,6.059823508852062862e-02,3.964364413252359498e-02,8.637016998128634396e-03,6.408837100521029562e-03,3.167541205709191454e-02,1.794887588299115544e-02,3.686513521014289640e-03,1.267533648744358261e-02,-1.109092116477996236e-02,-1.943016885334836533e-02,3.216220034441242409e-02,6.002622632240002531e-02,7.547843627187099391e-02,6.172669078768664580e-02,5.945002044442793815e-02,2.792607738680077598e-02,-3.551620686401547877e-02,-1.319137533149501024e-02,1.508540224676308168e-02,-1.709687163378903127e-02,-3.151039609439571648e-02,-2.599657683545798098e-02,-1.819078905310095307e-02,1.219911333708827671e-02,3.190989782475245340e-02,2.536928503161004628e-02,1.739769834857386732e-02,4.084646380745507455e-02
5.228012948318423725e-02,6.371113433012653982e-02,7.693631467482899000e-02,1.111730249929314684e-01,9.654238042810527054e-02,1.407717491993489278e-01,2.154531166473866721e-01,2.559968109518236390e-01,2.555686553917007608e-01,2.075041680314094472e-01,3.311599423219203642e-01,1.000000000000000000e+00,2.723507092941286345e-01,2.487207273152369780e-01,3.296131601419548529e-01,5.504800777664735356e-02,-1.428496173201548591e-01,7.926848667274051519e-02,1.367844543086956521e-01,7.179021852377726054e-02,-9.141027461765975637e-02,-4.720587372713536296e-03,-3.265614318430377222e-02,-4.418846273369896049e-02,1.527354186836117449e-02,-9.452115649192123492e-02,-7.935188017771604985e-02,2.550985336152741118e-02,-5.172973950306631978e-03,3.693524192834171660e-02,2.724401378582311933e-02,-2.758278780879336745e-03,2.899335821607236172e-02,4.656166132732110496e-02,1.250564776684637107e-02,1.085697101953639193e-01,8.866873859856505558e-02,2.962456837073653218e-02,7.495711619353541411e-02,4.573077003192939360e-02,1.127337050231390012e-02,1.801367039984219653e-02,1.944087947347113154e-02,5.553693163397746893e-03,5.682490871434100338e-03,2.347125041369415438e-02,-1.908232710165519430e-02,8.119421519240187235e-03,5.049888135190560429e-02,3.957173100272206798e-03,1.689310000022590033e-02,3.559287582896572544e-02,4.965957149735662768e-02,5.249403888534644874e-02,-3.170506259233685231e-02,-2.158825539708184721e-02,3.504743881700705249e-02,-5.185579880034721367e-03,-9.848696415506098811e-03,-4.075566376979639083e-02,-4.560408756745090025e-02,2.305065522075583004e-02,2.219210490381989809e-02,4.555436695697343691e-02,4.923458930038561443e-02,2.715777323056450809e-02
7.104457798368264687e-02,7.492247116272321428e-02,9.374127905180840159e-02,1.390396696014348787e-01,9.999956595280352911e-02,1.082765254827403462e-01,1.912389969321126593e-01,1.561354150014797881e-01,1.280401658367278650e-01,1.880188287661405666e-01,3.718331230342950544e-01,2.723507092941286345e-01,1.000000000000000000e+00,3.351331994974295903e-01,3.090704571456062144e-01,3.359181633812184375e-01,-2.094957501829974519e-02,-1.641580130601900389e-01,7.998740698489140155e-02,4.768187787176816905e-02,-4.831284218297231259e-02,1.239120429515640220e-02,-5.069326232959789347e-02,-6.054475346156742988e-02,-2.184182695073259156e-02,-9.899502846952759616e-02,-8.196702450109596971e-02,-2.037472042115974144e-02,-2.993801609787683643e-02,-4.203960643930427718e-03,-7.705348394894781690e-03,-4.092461246174879802e-02,2.278057815044137388e-02,5.475017301559496896e-02,4.850307584241107632e-03,6.207629250886415734e-02,9.476891025876345298e-02,2.946276659414745827e-02,8.042581450827702982e-02,8.291990186956706144e-02,5.092256647237983908e-02,4.400114791184960711e-02,7.479395769859885357e-02,5.024659231589537201e-02,3.568317472654126965e-02,1.947139239400135641e-02,1.961595378771808368e-02,3.969974167699272943e-02,1.719987842563929295e-02,3.912034493982818190e-03,5.482572331018514822e-02,2.225202856260600007e-02,5.950115861957400165e-02,-1.342155817483797926e-02,-1.707554407025049792e-02,-1.628628556007657643e-02,3.647687800460622937e-02,-1.258692005683886665e-02,-5.758319372859858030e-03,-1.958921449082981145e-02,-2.251268254410615163e-02,9.304524198848180758e-03,2.261015717925943941e-02,-6.597889884809159111e-03,4.762957332108258557e-02,1.158637033824981392e-02
3.786414328917215438e-02,5.018585632111600275e-02,4.284955605535347573e-02,1.335981216243612435e-01,9.475407595682600048e-02,9.947269876247363807e-02,2.045048908866124726e-01,2.516338565832512142e-01,1.162735313082717548e-01,1.686366087725285345e-01,4.534674027241274441e-01,2.487207273152369780e-01,3.351331994974295903e-01,1.000000000000000000e+00,2.468226013237535543e-01,7.347411888918083112e-02,-2.981607138341652030e-01,-8.125635105589261442e-02,4.413078276541047146e-02,8.518964024368856636e-02,-4.318793298959443944e-02,4.017662819563889293e-02,3.253181133528391424e-03,-3.620772043355222763e-02,-5.365614846754494793e-02,-3.798687045746165086e-02,-9.766401099667561259e-02,-3.677797033916527583e-03,6.420018913819357416e-03,1.845915722328551412e-03,-2.157375444355274022e-02,2.596222102125015849e-02,2.784928075997764041e-02,3.654158681971795240e-04,-7.012729691229360740e-02,3.107123363000341768e-02,5.633620585195815711e-02,-2.087288123226123740e-02,3.146990651133222544e-02,1.318469900508603514e-02,-1.375857868373330656e-02,5.331323646437407734e-03,2.097090138479093188e-02,-2.179629734843925061e-03,-1.300773691796976682e-02,-1.286164715166403932e-02,-1.317139501460247789e-02,-1.779079883510153309e-02,3.270859767059079715e-02,5.208822117882930258e-02,5.801910963474860711e-02,4.586907245953368573e-02,4.417030458396725007e-02,7.051150650242226335e-03,-3.098494088633748506e-02,-3.310807888003592520e-02,-2.046147584938993406e-03,-4.279058733949672733e-02,-2.809866991583782198e-02,-3.841346838487307708e-02,-3.448100293023340090e-02,1.854321023761194495e-02,3.272795587156763358e-02,-2.037612172659421586e-02,-4.665864328908946555e-03,-1.206899117396851087e-02
1.041416279819831238e-02,4.241631215571414759e-02,5.386835935960704314e-02,3.388154734028781673e-02,4.639683212067575308e-02,3.259615651349900139e-02,6.470181890818028914e-02,1.167631576272006172e-01,1.323352323162110267e-01,6.436808078434852476e-02,1.726350238842762619e-01,3.296131601419548529e-01,3.090704571456062144e-01,2.468226013237535543e-01,1.000000000000000000e+00,5.870169836953718911e-02,-1.469839850729336150e-01,2.059339557595297465e-01,2.417587053623318771e-01,1.972637356284871468e-01,-2.589584194793712046e-02,9.560529044888900485e-02,8.686294547727417548e-02,1.526583558907454105e-02,-2.073285532913710094e-02,-2.305386052020023599e-02,-8.337220799262609616e-02,-5.099208866587390254e-02,-2.237744513391085738e-02,-6.431810085015024492e-02,-2.609026739922695043e-02,-3.883285270713404680e-02,3.491872845181705470e-03,-3.179525268290221088e-03,-1.138903501343329662e-02,4.125515695096075575e-02,7.090366231194175639e-02,-2.842360273681228226e-03,2.178717405814905098e-02,6.142970020159063682e-02,3.023753874400380431e-02,1.760679255967290352e-03,3.497419608393118745e-02,-2.555553131531512149e-03,-1.296815784335895311e-02,-2.673431433955558972e-03,-2.044264044912693853e-02,4.255229075067684837e-03,2.058254611981370427e-02,-7.447706062783319460e-03,-3.294806963749207646e-02,1.926428685617465400e-02,3.513091802249082574e-02,3.106247903560360735e-02,1.785042389636684254e-02,3.042019382053153323e-02,4.389103120006698083e-02,2.199547694228095804e-02,-1.555394180994669300e-02,-2.171378866841701394e-02,-6.997471593416327261e-03,3.643419680339474165e-02,2.203348145969436997e-02,3.395087495133823630e-02,1.121945426866792668e-02,-6.572122074487421126e-03
7.193066511789313056e-02,5.890101610582137298e-02,8.671400824253414075e-02,1.132287157656841070e-01,8.867211726525912885e-02,6.534767521360133891e-02,1.604598432919466799e-01,6.232298050765305852e-02,7.546104523289906552e-02,1.807869889896500104e-01,9.934828105782567143e-02,5.504800777664735356e-02,3.359181633812184375e-01,7.347411888918083112e-02,5.870169836953718911e-02,1.000000000000000000e+00,8.316739372811740583e-02,-3.227570199735854128e-01,1.301869083792523973e-01,1.146829121850501815e-01,6.238556337263892471e-02,5.794138254578358460e-02,4.309260942482286832e-02,6.774727384864147328e-02,6.118756373642152135e-02,4.722436690043900487e-02,7.022381608715666523e-02,1.589271216844371018e-02,8.772718709167905138e-02,6.310456281306513204e-02,2.275476803569620107e-02,5.447514372927651088e-02,7.424096537923022265e-02,8.155634591401834943e-02,2.687448416465692061e-02,4.483103757140478179e-02,8.566179100323720319e-02,2.935393407889306042e-02,5.535266564069002415e-02,9.252467429682081912e-02,6.400718185677015115e-02,6.935950882490712899e-02,1.004089634694781824e-01,7.890861848554507618e-02,5.356694285674347411e-02,1.843750566508126423e-02,3.668321360877190018e-02,5.474054011669300668e-02,9.867078688250660937e-03,8.046333982609539873e-03,4.883390679368027759e-02,3.973177651255740961e-02,3.449787644219055871e-02,-1.548029539843862393e-02,4.779007002736674649e-03,2.309182503450638718e-02,1.771563488052697519e-02,1.500938164072240658e-03,5.473645605885256102e-03,-2.305964323247612462e-03,-4.220269239637870762e-03,-6.373700415324895507e-03,5.181161994432645704e-03,-2.016710552294855019e-02,1.151803757942659531e-02,-1.351311574139980529e-02
-6.856044723464356505e-03,-1.739219265971316680e-02,-3.006521468326948943e-02,-6.218740820479547182e-02,-3.710710840275446842e-02,-8.550982713324194184e-02,-1.185566653505950446e-01,-2.213023433413949803e-01,-1.089874587765265884e-01,-8.558225494075064055e-02,-2.716516404283890185e-01,-1.428496173201548591e-01,-2.094957501829974519e-02,-2.981607138341652030e-01,-1.469839850729336150e-01,8.316739372811740583e-02,1.000000000000000000e+00,1.000564104803592369e-01,1.299486050019244554e-01,1.020324245048652989e-01,1.191526656896659958e-01,6.579989239781172672e-02,4.019300834193355321e-02,-1.334618863931814848e-03,-4.579104904539261361e-02,6.379493117586804152e-02,8.827118172195347334e-02,-9.285625807220601602e-03,-2.327281675655294702e-02,-3.086527332643644941e-02,3.763800428629329037e-02,-4.862767577907762401e-02,3.700728112004506715e-02,7.416259572212598183e-02,5.026343579554260615e-02,2.170536557226180382e-03,4.847274482636792364e-02,5.669255714571178745e-02,4.349520254761233412e-02,4.320262305712162937e-02,7.529850341056770757e-02,8.019256059813202608e-02,3.949915565868562795e-02,6.192496769728642048e-02,5.736011147929710730e-02,5.806810206481501091e-02,4.923419986850657154e-02,7.024142277164091563e-02,2.092717487938587639e-02,-3.938202848163876307e-02,8.938396624374555025e-03,-1.364629777731968946e-02,-5.497731984566920672e-03,-7.814883453675529335e-03,7.943759432569568596e-03,1.231213459500615955e-02,-7.660801321107657894e-03,6.509104338316010555e-03,5.673659251390718999e-02,5.114490354409586409e-02,4.608999988256411856e-02,5.112380113236560802e-02,1.878416710760309402e-02,1.222851687605831274e-02,3.956321689909566425e-02,1.219256037432413925e-02
-3.453215196470611759e-02,6.457024389503397861e-03,-4.107781251096408182e-02,-9.314026835279369532e-02,-9.627330233502434317e-03,-6.398351345510745747e-02,-1.001018602608865354e-01,-2.562434368427717740e-02,-6.622316251687976503e-03,-1.079905982873243797e-01,-9.758351494499631351e-02,7.926848667274051519e-02,-1.641580130601900389e-01,-8.125635105589261442e-02,2.059339557595297465e-01,-3.227570199735854128e-01,1.000564104803592369e-01,1.000000000000000000e+00,2.336551608673588520e-01,1.761581178613796650e-01,3.288736780334765991e-02,1.412918813997659229e-01,6.956675097323439250e-02,-1.491228808588080171e-02,-8.244981075786676772e-02,-5.117956213608346877e-02,-5.431745256322452475e-02,2.048268538580483387e-03,-6.036740190919420712e-02,-4.530127193426553706e-02,2.686899115415877087e-02,-5.705453134204873517e-02,-1.052793422534815731e-03,1.010157102501117385e-02,2.801285335460144271e-02,3.645031372330944514e-02,4.737340293154090193e-02,3.402455132856024855e-02,2.963850724807347292e-02,6.038252683842150470e-03,4.883493229824093645e-02,2.683327785941742871e-02,2.091955473226569148e-04,2.166465133974444790e-02,3.762407873809387598e-02,3.520769886719396502e-02,3.830507695408391601e-04,5.061193860635466307e-02,7.435480401035425568e-02,9.608403350126488301e-03,-3.275089288751435040e-02,3.603687263546102165e-02,2.097235393214641475e-02,5.204806515740950656e-02,-1.800159720815728073e-02,-2.707653139405421204e-03,1.434642429003830932e-02,1.059436571745569870e-02,-1.042259645258946342e-03,2.573086648368696008e-03,1.790283179320685536e-02,5.302713358789276632e-02,4.423163695432986292e-02,5.661243722442660387e-02,2.195144438485201535e-02,6.465300083247302494e-03
3.771929455536800809e-03,4.169182868654886659e-02,-1.741355052980074957e-03,-1.533423935528032550e-02,4.563898808793333262e-02,-4.669823038876577681e-02,4.122882829040400848e-02,3.956725020169586660e-02,1.722833074741258672e-02,3.758265478807190640e-02,1.924617557777770840e-02,1.367844543086956521e-01,7.998740698489140155e-02,4.413078276541047146e-02,2.417587053623318771e-01,1.301869083792523973e-01,1.299486050019244554e-01,2.336551608673588520e-01,1.000000000000000000e+00,4.464277189334543428e-01,-1.354513833145538915e-02,3.235117157969626955e-01,2.279000736472739652e-01,1.439517059135243249e-01,2.645196363075656351e-02,3.136544758392648125e-02,-5.911120637668989403e-02,-6.532675234315216128e-02,2.087643902974253493e-02,-2.008438879934768342e-02,-4.961380209668075913e-02,-2.510790746148151842e-02,1.614667882221656678e-02,1.988338548683207460e-02,8.791101667483614338e-03,4.824165596120354171e-02,9.472758719075233258e-02,5.587901391584978311e-02,7.503496466591083602e-02,8.758299625229125362e-02,5.870162439718716596e-02,7.551549856184769371e-02,6.328176297092312497e-02,9.139393850323589141e-02,8.333016752308788910e-02,4.658689396362562102e-02,4.009324089493147836e-02,9.710954197699471491e-02,7.016085561901458378e-02,3.427062667246687233e-02,3.109067779596118297e-02,4.439335297805342695e-02,3.923921232833525730e-02,4.717367425321272040e-02,-7.944272133024676830e-03,1.517393433522592171e-02,1.626028672483022589e-02,4.249386465675053168e-03,1.755144957022032604e-02,-1.577164928416119327e-02,-6.734899064341756669e-03,3.486847815057628197e-02,2.720574080017220189e-02,3.672355909055861813e-03,7.568591129521414808e-04,-2.323061774617315306e-02
-2.140397269379569131e-02,1.282492743581949320e-02,-5.146668635587594784e-03,-2.736399716925465297e-02,1.243991917976245039e-02,-1.949285781911758164e-02,-8.803126250913296744e-04,2.015751847411777556e-02,1.894272794798072118e-02,1.713051592857426069e-03,6.636485269462195739e-03,7.179021852377726054e-02,4.768187787176816905e-02,8.518964024368856636e-02,1.972637356284871468e-01,1.146829121850501815e-01,1.020324245048652989e-01,1.761581178613796650e-01,4.464277189334543428e-01,1.000000000000000000e+00,3.364473337405749498e-01,3.189476148923608978e-01,3.101380214520441103e-01,1.956280098376596277e-01,-8.118802859530940830e-02,-2.577482260555439761e-02,-1.254945701074518805e-01,-1.721336155752230257e-01,-8.082172550888905294e-02,-4.513377941716641140e-02,-1.017618590864526606e-01,-8.335580926005754787e-02,3.618867055566870553e-03,1.588506405974550797e-02,-1.247709556633895718e-02,4.146228117525041501e-02,7.388092786302725978e-02,4.225316191521036324e-02,1.053918027299024784e-01,9.493803379374897433e-02,7.131330761025926612e-02,1.574674284322330475e-01,9.108461268454182136e-02,8.531260316783512154e-02,1.047664978148327014e-01,6.498367270458826894e-02,3.381483982780342928e-02,1.214066211847421028e-01,5.789996161198587843e-02,3.223604868055816169e-02,2.385471688612368288e-02,4.826101846297992104e-02,1.690650215478732218e-02,4.989199833538438683e-02,-2.654136125758293357e-02,-9.475036523140904776e-03,2.288798087534584490e-03,-2.148428434083024530e-02,-1.994747588177770651e-03,2.098686152105415023e-02,9.810098062391713059e-03,2.936035254482313034e-02,3.183988546733624442e-02,1.097720251358229836e-02,-1.202637936863470459e-02,-2.271633384656044502e-02
-1.503483087309809285e-02,4.671442389341439773e-03,1.371479423183497026e-02,-3.051091058081206037e-02,1.219870223058134619e-02,2.048063900587979505e-02,-9.642701448908272410e-02,-5.013059428582182508e-02,-5.852072450551273203e-03,-9.848521623804043501e-02,-7.532241793880026237e-02,-9.141027461765975637e-02,-4.831284218297231259e-02,-4.318793298959443944e-02,-2.589584194793712046e-02,6.238556337263892471e-02,1.191526656896659958e-01,3.288736780334765991e-02,-1.354513833145538915e-02,3.364473337405749498e-01,1.000000000000000000e+00,3.041615636003180967e-01,2.923387529179377053e-01,2.733748402673226163e-01,-1.632462164858131462e-02,4.338655432261370043e-02,-1.115930968035929415e-03,-1.565786389016010083e-01,-4.984387934553519139e-02,-3.355388516704744042e-03,-8.926537067867244823e-02,-5.640212269538001644e-02,3.682013846621929459e-02,1.751887781448112358e-02,-2.008173380275977971e-02,-5.902651849801819270e-03,2.517365684308625270e-02,-2.406186811790485269e-02,6.501750680688229977e-02,4.697110308765729825e-02,3.434502363277815162e-02,1.297273157310805947e-01,6.780041987305936158e-02,4.811385045585776093e-02,8.639490457358157960e-02,6.671723073993940378e-02,2.670860837278988403e-02,8.955933358311775339e-02,5.188361953604365973e-02,9.626590827776100243e-03,1.870911023241158622e-03,1.489521724391992125e-02,-3.525238592311344399e-02,-2.756969538098861736e-02,-1.002104137192831937e-02,9.578048843340179405e-03,-2.045426529346051209e-02,-1.729879628733745067e-02,-6.842939927402904611e-03,2.628467748978743912e-02,2.033988274749453512e-02,2.283958112813644012e-02,2.379875268346388212e-02,3.443239525318109173e-02,2.871216590917552436e-02,7.870496243855584426e-03
-2.338099469930716642e-02,1.369593551553312250e-02,-8.213532969669919831e-03,-2.835041971139848002e-02,1.337670988240460997e-02,-1.917594542309029176e-02,-5.168746108088563551e-02,3.454018280447238021e-02,5.516991915182454728e-03,-6.220875964735440855e-02,-1.010178322050956333e-02,-4.720587372713536296e-03,1.239120429515640220e-02,4.017662819563889293e-02,9.560529044888900485e-02,5.794138254578358460e-02,6.579989239781172672e-02,1.412918813997659229e-01,3.235117157969626955e-01,3.189476148923608978e-01,3.041615636003180967e-01,1.000000000000000000e+00,2.808954342036979468e-01,2.435986022077193391e-01,4.080315658025562148e-02,5.303794479132505069e-02,-3.938455069081464067e-03,-4.784431084152727248e-02,5.360533526892726636e-02,-8.947924174183861240e-03,-4.153550494992348102e-02,-2.863258175272638192e-02,4.398593100243257392e-02,7.561131367325135688e-02,-1.602220470559127590e-03,6.665457178630838919e-03,8.482082762295868605e-02,-7.309994943758775336e-03,4.293500177602583429e-02,4.268258177040828993e-02,7.204344603922528852e-03,9.604590752966653266e-02,5.104514409305380834e-02,4.654649563913050569e-02,7.296870823550122287e-02,5.247367543877503454e-02,2.528579666222441000e-02,6.504077690784004773e-02,3.451343386930742774e-02,1.205289833788518623e-02,3.505574860879362431e-02,1.009323124491583352e-02,-1.379781744065478391e-02,-2.215957722216994191e-02,-1.147339374480605377e-02,2.884270157558318018e-02,2.764560429920158782e-02,5.651910054224383237e-03,2.387028405044155921e-02,6.642274631607571894e-03,-3.012042305429747505e-04,3.060873237525705767e-02,1.344246944395569238e-03,1.837387276200799779e-02,1.065051831467656029e-02,-1.167480685382043387e-02
-3.133319575186934575e-02,1.895048975373795274e-03,-2.443934875837201412e-03,-6.305286849314727105e-02,-7.238110063291801344e-03,-2.435617435878709505e-02,-7.170044181214076107e-02,-2.313560626232789505e-02,-1.330658047122707140e-02,-7.846879245433650840e-02,-5.318396795379862901e-02,-3.265614318430377222e-02,-5.069326232959789347e-02,3.253181133528391424e-03,8.686294547727417548e-02,4.309260942482286832e-02,4.019300834193355321e-02,6.956675097323439250e-02,2.279000736472739652e-01,3.101380214520441103e-01,2.923387529179377053e-01,2.808954342036979468e-01,1.000000000000000000e+00,5.152054822093802278e-01,-6.095744916831184051e-02,2.293736427292555891e-01,-2.633535752969288699e-02,-2.427814922735403447e-01,-2.015185245899633187e-02,-1.167963354309376617e-01,-1.815798146939943125e-01,-5.974709988172757780e-02,-3.294489805113328534e-02,-3.867878224750102845e-02,9.715633393692794939e-03,1.933330701485206152e-02,6.369759163817781400e-02,3.712596101238326007e-02,7.827315259154622729e-02,4.888113914061643223e-02,4.581625807993976174e-02,8.069098174815059199e-02,7.223861876693646322e-02,9.041993180049692769e-02,8.769666258188825447e-02,2.877520516699904121e-02,1.023766843655904250e-02,7.516077515748259552e-02,5.364358049325028410e-02,4.775859563038122729e-02,-6.050365984113367443e-03,-4.160486494474685722e-03,-5.994370521434528448e-02,-1.486188948237162494e-02,2.882840756735012208e-02,4.286209080448147996e-02,1.427154994540689135e-02,2.325827571389034454e-02,2.087388015468752758e-02,3.136844080452600575e-02,1.052865382369105006e-02,4.122242736665979873e-02,2.496195329202765059e-02,8.476482009974490445e-03,5.312553919068795268e-03,1.486834782123400839e-02
