1.000000000000000000e+00,4.269480313126041704e-01,3.815970725958691134e-01,2.978437253861488387e-01,8.558599907182033728e-02,1.578386426811183296e-01,1.410811696645044022e-01,2.493017791209176659e-01,2.416750787843858217e-01,1.824383994078944068e-02,-3.511708795443859582e-02,2.407658061540672301e-01,2.149684114317484962e-01,1.946699113361987157e-02,4.337834079037907603e-02,2.498588303522491783e-01,-1.898807296037879622e-01,2.932382786611979764e-02,3.489194734140591003e-01,2.575030440860386904e-01,1.229351452752276003e-01,-9.085943969620954852e-02,-2.797912117188358638e-01,-2.504558107362822583e-02,-8.005704692127989242e-02,-1.894530429022709406e-01,-3.046328677944088459e-01,-6.977429194915304653e-03,-5.931354624964645106e-02,-1.105762943426478184e-01,5.290190707263214137e-02,-3.105085441780662259e-01,-1.830347643176475497e-02,1.320010368149512614e-01,2.665708699324517150e-01,8.920339157431943569e-03,2.103902043364315744e-01,-1.409076482663388918e-01,-1.779380821501771737e-01,-1.824547800847588774e-01,-1.583112257597172057e-01,3.606803304767958185e-02,7.168916381995561748e-02,1.422648485175437572e-01,2.310185166396568346e-01,1.487082423136816545e-01,8.356245269913911700e-02,2.661899858929837048e-01,2.339694968430358069e-01,6.878707021816263256e-02,2.723629673221549252e-01,1.546790940076082643e-01,-1.282411871567795403e-01,2.817337363742612455e-01,1.960858034721585097e-01,-1.478312759523145448e-01,-2.930845279902900002e-01,6.637891940487533268e-03,-2.618968396268633869e-01,7.073073381033119500e-02,-6.394453302598071195e-03,2.309043731856977658e-02,8.153571571297886511e-02,-1.783648585034229572e-01,1.319711239372477751e-01,-6.896995226129601538e-03,-2.573450695735807758e-01,-2.000916404613167499e-01,4.326630775913454380e-02,-9.650022463678105400e-02,-3.016377428637844749e-01,-6.844410127609455718e-02,5.039755636679352918e-02,-2.315949509078242541e-01,-2.366086995462288456e-01,3.624974135350701038e-02,-3.148397599352242143e-02,-2.092623647100683715e-01,-1.666474529614540567e-01,1.190831558836344395e-01,-2.197265365804838000e-01,6.194494366836406779e-03,-2.797492894773710992e-01,-5.202437629598625699e-03,-4.798689173472119041e-02,2.607756261664737063e-01,1.888793071597508477e-01,5.596362592865276528e-03,1.219823548509379931e-03,2.803016371187926348e-01,1.766262171958563609e-01,-7.121867717841001699e-02,9.271442155523308692e-02,3.065883150861035134e-01,7.238149811503591380e-02,2.743853365504529511e-03,-1.396328593846915544e-01,-2.966229248452781908e-01,1.421564872848024574e-01,2.814214733390820733e-01,-2.193981180642761430e-01,-1.919034545892615018e-01,2.818836437466286093e-01,1.162558644019234533e-01,-3.099873715054085599e-01,-9.658078273086604174e-03,3.155031777541921212e-01,-9.334201903860871175e-02,-1.128069840650776645e-01,-1.910954341422482772e-01,-9.427857339230817646e-02,-7.953467119857858536e-02,-9.548783258714611810e-02,4.559203626679893956e-02,5.346346042836083029e-02,1.315845215560314529e-01
4.269480313126041704e-01,1.000000000000000000e+00,2.818127839943910251e-01,2.428528900255035594e-01,2.150843488022556871e-01,2.799818903457909069e-01,1.556771995624904592e-01,2.751239801746114266e-01,2.428184918760330213e-01,3.102813237956560805e-02,-5.646747901936830481e-03,2.159422685865981517e-01,1.919340841479721393e-01,7.029147145686111264e-02,7.600469306604509812e-02,2.273415085894485432e-01,-1.895793324134089630e-01,-2.295894755708089569e-02,3.371173748319689634e-01,2.652759769526579769e-01,5.435113113669081536e-02,-6.845994525713439138e-02,-2.717881944618197876e-01,5.594107354113934949e-02,-5.651068253235919797e-02,-1.742832175164713004e-01,-3.250281459187951971e-01,1.160850248640293500e-02,-2.599723096754756949e-02,-1.412720579044823010e-01,8.438371149699680496e-02,-3.290383693669287624e-01,2.367711451023605737e-02,2.030049157906430035e-01,3.066265068184269582e-01,7.977471098425174822e-02,2.400922457500460905e-01,-1.584908778746522140e-01,-2.218823318757826846e-01,-1.785417488978133238e-01,-1.653612529697205125e-01,6.861510283795815845e-02,6.404669902885974653e-02,1.142978160094761525e-01,2.051691662389317217e-01,1.176164735684290946e-01,4.942641182245239434e-02,2.429673725908910453e-01,1.929542098253809734e-01,4.621551420139118072e-02,2.958257366186958226e-01,1.321663685510305053e-01,-1.343190704937728408e-01,3.021897192837608159e-01,2.390837564109205560e-01,-1.284740582837910761e-01,-2.970904993968202512e-01,9.354194861401689265e-02,-3.071341973952700921e-01,2.621659934288851287e-02,-1.010462733815783859e-01,-5.568090435663779897e-02,3.829741339715963394e-02,-2.345766369917655358e-01,1.073721426377450411e-01,-7.104981179643495015e-02,-2.771484829567370523e-01,-1.715681221923868183e-01,1.276228633590010923e-02,-1.596391797490631925e-01,-2.974252782554387964e-01,-4.624918621171868194e-02,-1.802446043083783369e-03,-2.741795877201396725e-01,-2.125489656180621634e-01,4.110326863435317252e-02,-6.861460834343001414e-02,-1.898416428915233045e-01,-1.407777938061802181e-01,1.628814859443813157e-01,-2.008273152850802434e-01,7.866357745948173927e-03,-3.271522195287382417e-01,1.331648907682950363e-02,-6.846436830082365532e-02,2.903635408594509304e-01,2.395848149496999091e-01,5.434856633771272677e-02,-4.430557820764939592e-02,2.726474026445387389e-01,2.500503209022958417e-01,-6.387985759445320710e-02,4.233796943611463359e-02,3.493438464861049475e-01,1.319285491296838808e-01,2.788055826426903347e-02,-1.182450804602217520e-01,-3.483235048175760684e-01,1.796228458842039910e-01,2.812298564564381653e-01,-2.912537368574562580e-01,-2.066661867369922745e-01,3.110377351029289250e-01,7.648110850039971376e-02,-3.688184639900496942e-01,8.278151665351316663e-03,3.368212426533861992e-01,-1.636374822796468620e-01,-1.864046539986915774e-01,-2.132226351526616548e-01,-2.299043363783133120e-01,-1.166404276859857592e-01,-1.439326512575948847e-01,6.508300219278306820e-02,5.536080285188498679e-02,7.512874637732490368e-02
3.815970725958691134e-01,2.818127839943910251e-01,1.000000000000000000e+00,4.243429138556665259e-01,-1.373214068273360955e-01,-1.688469630740239980e-02,1.708304081512498560e-02,-6.053531408679152515e-02,1.146100684748031923e-01,-9.286371449868198458e-02,-1.271406952572767257e-01,1.325516759833675340e-01,8.057559582625253847e-02,-1.255012243077592848e-01,-4.562739896549396906e-03,1.906319315495025590e-01,-2.145039610409932296e-02,1.642370380303805610e-01,1.042509119097670273e-01,1.132648027384296208e-01,1.543154764970982584e-01,-1.602828768802782439e-02,-1.362176710298840521e-01,-1.413532804710753987e-01,-4.293685760002978469e-02,-1.245806832023075850e-01,-9.207458343602002715e-02,-4.791437621774525049e-03,-9.925579265932245321e-02,2.860195641867044163e-03,-6.016020340228897534e-02,-1.184833778832524581e-01,-7.532448744754746683e-02,-6.326681803995760911e-02,9.578668084329872157e-02,-2.454523124121850419e-02,8.713560596251433699e-02,-9.703961983085164153e-03,5.059926996714846255e-03,-1.753267625758490877e-01,-1.633133264918370242e-01,-1.016208041042989119e-01,-8.225300984899003298e-02,5.964457959468305419e-03,8.677654202649071058e-02,1.564206062440014894e-02,1.527723291117800419e-01,1.548085369141526668e-01,7.088455800480696067e-02,1.668252504399840019e-01,1.502126681104068717e-01,1.948352217857197144e-01,7.429869176102905926e-02,1.577018182134855839e-01,-7.379857186103984390e-02,-1.744192577144961231e-01,-4.110093644086124792e-02,1.109449176894600902e-02,-2.377896000044753266e-02,1.238831622310074959e-01,1.232985108655755557e-01,1.220098692671467838e-01,1.633529764595333111e-01,6.735160327255944324e-02,1.636563953609622146e-01,1.262223192947039829e-01,-5.055251244561908414e-02,-1.794150733115772722e-01,4.074018109108577812e-02,9.831580168055038815e-02,-1.397722415863645873e-01,-1.124420550327161344e-01,1.131926992682063676e-01,4.024904815588461506e-03,-1.674295700136206599e-01,-1.704023386561969583e-02,1.081182819174917042e-01,-5.672877175038504305e-02,-1.728363573134396591e-01,-5.722460300625881180e-02,-1.886579331601080378e-01,-5.458766700607843581e-02,-1.060313873841849663e-01,-8.537168467963754392e-02,7.240002745032979303e-02,1.108848246842037699e-01,-4.600144042914063036e-02,-4.872859891262318333e-02,1.250998862305280346e-01,1.496583495134184982e-01,-5.467340060376554844e-02,-1.032699492588045297e-02,1.724641035631941099e-01,7.273290773580554092e-02,-1.059385051239727787e-01,-8.201699037621081045e-02,-1.504464251633494676e-01,-7.393225376745662936e-02,-2.689006147434767555e-02,1.885687368627729232e-01,5.176175538392405878e-02,-1.342650646469625286e-01,5.980398447196381279e-02,1.725375405799466078e-01,-4.585680709625165885e-02,-1.060136949118404559e-01,1.371598295936664880e-01,9.359254726192521578e-02,8.783489478856720128e-03,-5.589493337842401516e-02,-3.061950277066277995e-02,8.725253819170889630e-03,-6.520076431114804616e-02,7.186195766149768016e-02,6.821570968120028999e-02,1.601689294813223030e-01
2.978437253861488387e-01,2.428528900255035594e-01,4.243429138556665259e-01,1.000000000000000000e+00,2.381229766921400814e-01,2.204439492247514676e-01,1.634915161071529011e-01,5.935085411421442414e-02,1.533711856347029223e-01,4.930725824263920698e-02,-1.108016965917935220e-01,8.949357844238374493e-02,2.165462609830158813e-01,8.781382106599185111e-02,-1.077018847285353825e-01,1.502140916617296651e-01,-2.126810520029295548e-01,9.627531107698064639e-02,2.303821929356988374e-01,9.973039898582559959e-02,3.634648015135516497e-02,-1.786438111167051035e-01,-2.162000331548532273e-01,-8.313536837547942648e-02,-1.589307199619974797e-01,-6.709474425725986402e-02,-1.168888021703249347e-01,8.485852647988073594e-02,9.525695090240333951e-02,8.307011408015978204e-02,1.626807101924926946e-01,-1.650760314877710300e-01,-1.438169728522352697e-01,3.660757677007295263e-02,1.097633581294276961e-01,-1.843990833379988425e-01,4.892913623655689714e-02,-2.063947499666086149e-01,-8.506805157038949128e-02,-2.108077610731301232e-01,-7.813934767013175353e-02,6.382418184663549154e-02,9.826882877004139427e-02,2.492645812715145459e-01,2.609805318171568578e-01,1.400951879910684317e-01,1.720073319464707762e-01,1.878488389413166537e-01,1.987641522017378204e-01,3.405588661560438046e-02,9.315402920951602883e-02,8.420329878600646412e-02,-1.963172804664772841e-01,1.308831937162696080e-01,1.496526735344626824e-01,-1.026065012903287915e-01,-2.587374768612614728e-01,-1.391014045458105752e-01,-2.189237237320466045e-01,-1.894059169435541312e-02,4.597513906906806891e-02,-1.226608024738264947e-02,-2.316342299701315728e-03,-1.253556164090447733e-01,3.349787907727412584e-02,3.560360257856332727e-02,-2.249320746933811122e-01,-1.052805284110408662e-01,1.246024680698814002e-01,-7.165113179776304297e-02,-2.338737860082452102e-01,2.709341200076810854e-02,1.045278397572908247e-01,-1.900963194508433207e-01,-1.526857410962310646e-01,1.140931721148575884e-01,1.636985560529222172e-02,-1.804920798492273826e-01,-8.278943303584226920e-02,9.662223082138071684e-02,-1.605406671190466872e-01,-6.124564289644807841e-02,-2.242358951646372389e-01,-4.942015086251868444e-02,-1.187778833154192748e-01,1.795471778046587308e-01,1.841322748725017777e-01,-1.275055978963498815e-01,-5.511472242833875823e-02,2.484289685906130585e-01,8.175079549882338648e-02,-1.603121625495518843e-01,5.540894428834713947e-02,2.461634692675347680e-01,-7.979015661689179903e-03,1.016741115157812486e-01,-2.859945487382127560e-02,-1.319288296019920093e-01,1.652355109364843921e-01,1.732091155567711815e-01,-1.221855473299333500e-01,-4.836409137446880807e-02,2.469585634959755860e-01,6.077146094995469761e-02,-1.653963525482459729e-01,7.392502889623003837e-02,2.340991349479197847e-01,-3.161215835922112638e-02,2.334481345192222779e-02,-1.560618682052910267e-01,5.921192734348875580e-02,-8.939855093178288026e-02,6.290909364385124936e-02,6.209358648362587468e-02,8.297129626104941813e-02,8.703648544972034107e-02
8.558599907182033728e-02,2.150843488022556871e-01,-1.373214068273360955e-01,2.381229766921400814e-01,1.000000000000000000e+00,3.238563291132944832e-01,1.511130493762769533e-01,3.621737043333102535e-01,3.388061471478282516e-01,1.040339769771384260e-01,2.509921029224186900e-03,2.409371310383844056e-01,2.667149327969033368e-01,1.907267372478236578e-01,-2.526497969375147631e-02,1.546570166351595166e-01,-2.971495370281710957e-01,-1.182769933016466907e-01,3.725131965797416900e-01,2.195373879622903035e-01,-1.043582029836210949e-02,-2.037866568301787418e-01,-3.068038956570090514e-01,1.147835449845370087e-01,-6.602620490405457232e-02,-7.574004587147790957e-02,-2.733002282263212179e-01,4.801040926137335740e-02,1.226250789961112336e-01,-3.113607163564325112e-02,2.263104908605114429e-01,-2.513235693239030955e-01,-3.534635052820426365e-02,2.250558435375154542e-01,1.839759322066276959e-01,-1.319101262519244144e-01,1.465860459856015152e-01,-2.860787915472690068e-01,-2.908214174314557865e-01,-1.467831620375566748e-01,-6.649376679580129568e-02,1.383713086221288469e-01,2.132546488455044909e-01,2.370286556048089022e-01,3.043623627377901597e-01,2.263510165544602437e-01,2.899207676678372189e-02,2.251717142927611714e-01,2.552700783527573347e-01,-5.317308111234358287e-02,1.950585141582257820e-01,1.957914615671613526e-02,-2.924458648052949972e-01,2.236706509063622894e-01,3.471070628201640140e-01,-3.425580648673900996e-02,-3.474337884897137352e-01,8.606505848525423941e-03,-3.854593005815369344e-01,-6.089778227025603730e-02,-1.534619136797592265e-01,-1.384968350971952644e-01,-8.472692658846479874e-02,-3.046189492326971116e-01,-2.514505848627526102e-03,-1.463266650627125798e-01,-3.218471285557457096e-01,-7.551752924783128318e-02,3.544242897072807236e-02,-2.527421501373350865e-01,-2.694275857383525707e-01,4.942470469539995276e-02,-4.083644501551444289e-02,-3.282758354312114712e-01,-1.487196882292571298e-01,9.557761927831767701e-02,-1.266317232767172341e-01,-2.756209773539400332e-01,-2.201262299936389971e-02,2.360113086514185055e-01,-7.377572495566241118e-02,6.561177524253170024e-02,-2.571507943275712638e-01,6.997329532716711764e-02,-1.654678693589133331e-01,2.054079430909739878e-01,3.104378965840455806e-01,2.459518019776719619e-02,-1.677820307108732756e-01,2.666752216806036468e-01,3.019175820363726448e-01,-1.391858072554083281e-01,-6.624014222120468143e-02,3.604807812070849327e-01,2.016138790134936742e-01,1.247457265544573424e-01,-6.443146140738196560e-03,-3.020091322408040013e-01,2.524113804084155976e-01,1.645860563277182220e-01,-3.559855430268618615e-01,-9.841442612472378615e-02,3.366416179658256458e-01,-3.973650770700363349e-02,-3.741473487008106225e-01,1.213549245546827471e-01,2.842927844303440588e-01,-2.388530448744520251e-01,-1.965574572081476568e-01,-1.642583325946666561e-01,-9.378440529461667952e-02,-1.881462220265248675e-01,-3.060986300502753499e-02,-7.031698871686817634e-03,3.098424223583534295e-02,-1.093192126691628838e-02
1.578386426811183296e-01,2.799818903457909069e-01,-1.688469630740239980e-02,2.204439492247514676e-01,3.238563291132944832e-01,1.000000000000000000e+00,4.282822090409170723e-01,3.857211728321676691e-01,5.411167855141665317e-01,3.642285798247457684e-01,-5.266714815877754363e-02,1.327039231158387289e-01,5.075015302402807738e-01,3.950831300989787742e-01,-2.188914024965873950e-01,1.291949825823922593e-01,-5.500069700301797315e-01,-1.701333606298167933e-01,4.969816330722190978e-01,1.372488407691013490e-01,-1.426415442576658421e-01,-4.001309551143556464e-01,-4.115863389258738181e-01,8.692771652441075303e-02,-2.909139662959969175e-01,1.192111604310714529e-02,-2.279062046763997706e-01,8.785944116494140421e-02,3.019634413167899822e-01,8.458307895125131981e-02,4.876574869023118652e-01,-3.411082484147887062e-01,-1.735072048284463653e-01,2.725590675196882251e-01,2.205609756935928423e-01,-2.982958600646944958e-01,1.923927585501964688e-01,-4.963039157485735764e-01,-4.443398395853910277e-01,-2.737720227886893398e-01,-3.285021018954878413e-02,3.800394099730018960e-01,4.337130899380760574e-01,3.357283543370112588e-01,5.527686686308068698e-01,3.520825705734176858e-01,1.032985392939540920e-01,3.846093245980619635e-01,3.218282433587378311e-01,-9.089388103150961018e-02,1.559702152123962904e-01,-6.448763482040193069e-03,-5.307827050178528516e-01,2.493474382942121037e-01,5.108540197550438533e-01,-4.234476928858011552e-02,-5.806126373279152375e-01,-1.709992439534852304e-01,-6.067997761146123326e-01,-2.386744780728760340e-01,-1.592730703609359644e-01,-2.804984958760057823e-01,-2.235575653072213731e-01,-4.955952076442657339e-01,-1.339066243564853431e-01,-1.541535956929455942e-01,-5.530554355501221542e-01,-1.693517157408827795e-03,2.397433352393029404e-01,-4.043048245973721033e-01,-4.238014286594501967e-01,2.596696836537758513e-01,4.835163813605630051e-02,-5.701104292560825737e-01,-1.110883605077637171e-01,3.322138550163398762e-01,-1.990702514184140293e-01,-3.483054965729250885e-01,1.236640668948565253e-01,4.901958818892770964e-01,-1.953074362255422802e-01,-1.115136275490489770e-01,-3.991196097745594584e-01,5.575213707462469553e-02,-4.324599469760498915e-01,2.076418826047684851e-01,5.472698802697437692e-01,-1.788859125779624359e-01,-3.712890451608343301e-01,4.309673083888874712e-01,3.921394373428354063e-01,-3.908171721766379725e-01,-1.472369603688679918e-01,5.700537163785059924e-01,2.097981166778805917e-01,3.762500169730597088e-01,1.521235293663358856e-01,-2.804474801594372679e-01,5.090715099114728748e-01,1.941395207990118943e-01,-4.728709568425978893e-01,3.338420473527576454e-02,5.689725649997813273e-01,-1.220019201214968957e-01,-4.264031743673064589e-01,3.504571715576192958e-01,4.437428670889917437e-01,-3.243203910346266761e-01,-5.536113042304195014e-02,-2.139131330964232913e-01,-7.821449691117399183e-02,-2.111911888866331022e-01,-1.200419353829649954e-01,1.140695915776972769e-01,-5.796069350670137073e-03,6.545876883443509098e-02
1.410811696645044022e-01,1.556771995624904592e-01,1.708304081512498560e-02,1.634915161071529011e-01,1.511130493762769533e-01,4.282822090409170723e-01,1.000000000000000000e+00,4.123342648035344671e-01,3.130918993482144641e-01,3.950110535699228875e-01,4.205830313112357000e-01,4.413413902864164740e-02,1.917843063909553114e-01,6.920167740598613948e-01,-9.554456012204738322e-03,-2.690946619516729199e-01,-4.566635370984661324e-01,-5.182450388868632407e-01,2.801933584643862551e-01,-2.140790002880500753e-02,-4.584647869379026575e-01,-9.685755095653623969e-02,-3.097010233711029389e-02,5.053186151561991357e-01,-2.135276264235939567e-02,4.060939373196542634e-01,-1.177102589251722703e-01,-3.524214759739725811e-02,5.190573841850266712e-01,3.356573619811718118e-02,6.075488114330344080e-01,-5.473240235773565304e-02,6.774121963377088829e-02,4.630810004172069561e-01,-9.316350627422023342e-03,-2.828285088751238963e-01,9.782337393108497814e-02,-3.909626133776608614e-01,-4.593995335765006516e-01,5.711127978671445143e-02,1.861423208983701283e-01,5.859245493979773345e-01,5.107459286697973999e-01,1.727088853237423727e-01,4.569580628585174775e-01,1.560780760230878195e-01,-3.024079563665852399e-01,9.753030989530568629e-02,4.981717698720016657e-02,-4.995939822576817013e-01,-9.425576665005969135e-02,-4.265370978537478819e-01,-5.587708463922622659e-01,-6.179858797203150594e-02,6.396588161486528312e-01,3.998863438104173773e-01,-3.989072072233250665e-01,-4.558189375665669396e-02,-5.453768273774994846e-01,-4.715057730137756642e-01,-5.329968996712098894e-01,-5.121740630093252200e-01,-6.036171637024052572e-01,-6.694639885847877281e-01,-4.185734926328888439e-01,-5.715734438142608953e-01,-4.233368851939016131e-01,3.578259368657856210e-01,-2.761570317962973309e-02,-7.064802768404863098e-01,-8.075498278254723827e-02,4.267467094915993187e-01,-3.763997481378990595e-01,-6.193297556313036578e-01,2.843248538893584088e-01,2.153709114959860282e-01,-6.263270101966982306e-01,-1.179687684338265596e-01,4.246234258437038833e-01,5.493516178171263808e-01,2.495341715786161818e-01,2.646605522616469197e-01,-6.642274766138092645e-02,4.949189000109719405e-01,-5.494458204852795680e-01,-1.416074709471061288e-01,7.522661438884646889e-01,8.584504790356281556e-02,-6.306392516606200704e-01,6.991952859885154636e-02,6.623469201645203475e-01,-2.256158150189527811e-01,-5.610564425272166478e-01,3.884800807172993364e-01,5.894819517214260340e-01,4.118825070431794133e-01,4.679440994788839348e-01,-2.728110385128510451e-01,4.545733476861443245e-01,-1.958797592825520795e-01,-6.688923766495777912e-01,2.134322178937508863e-01,4.066597509855284232e-01,-5.373583063170268570e-01,-4.593172649980775679e-01,4.953166918576035749e-01,1.125400143023711497e-01,-7.003298759235075943e-01,-9.907707599747056504e-02,-4.837146542599508603e-01,-2.139325380600518856e-01,-9.693817091307477263e-02,-2.136424488576662284e-01,1.126858569768409563e-01,1.263894889460617788e-01,1.665081443594998711e-01
2.493017791209176659e-01,2.751239801746114266e-01,-6.053531408679152515e-02,5.935085411421442414e-02,3.621737043333102535e-01,3.857211728321676691e-01,4.123342648035344671e-01,1.000000000000000000e+00,4.460959938493652688e-01,3.616579071309170001e-01,1.606365950068148751e-01,2.499485086113522048e-01,4.721493131429390644e-01,3.733312367279745803e-01,-7.865894516277611992e-02,1.145226780941076411e-01,-5.589408016969996673e-01,-2.465015194651098418e-01,6.470481169119948195e-01,2.046365479001864551e-01,-1.303151295239279306e-01,-3.288794982013832358e-01,-4.076016890864914144e-01,2.251356440233500400e-01,-2.214718369919380925e-01,-2.359858287198820549e-03,-3.546910344869208531e-01,1.972813602148250356e-01,2.983078695745269293e-01,-3.833516151251313477e-03,4.552886615411617099e-01,-3.857800140635187502e-01,-8.811176010852354856e-02,3.477916091490028672e-01,2.502264463121018356e-01,-1.994181255287430787e-01,1.685230799018182235e-01,-4.777704490711783825e-01,-5.086833387749204460e-01,-1.831049814196309411e-01,-3.198284317990199993e-02,3.316709933302405267e-01,4.271178328602427965e-01,3.429033614757737158e-01,4.883209244854007092e-01,3.964080972189627516e-01,-6.341210607462497957e-04,3.196945992612083010e-01,4.072672879715494854e-01,-1.268473030556249437e-01,2.142535314838597549e-01,-5.705092239444937985e-02,-5.328383027942309447e-01,2.880951926351532633e-01,6.106558023262846913e-01,2.830731992865014382e-02,-5.994966586393909447e-01,-9.644863481882964829e-02,-6.237491096731661022e-01,-2.517827422404680382e-01,-2.814412611262896435e-01,-3.601161507184693078e-01,-1.763357603758258230e-01,-6.705647406877893735e-01,-1.492376244748267466e-01,-2.811911876503619956e-01,-6.324659962596345109e-01,-6.355654333834539517e-03,1.696477141874698502e-01,-5.284961659921069144e-01,-4.706498126068163756e-01,2.485616904135267702e-01,-4.824707847923367932e-02,-6.837308482682743493e-01,-1.614074642822993233e-01,3.131331182060431151e-01,-3.704592102982469659e-01,-5.494490435805746698e-01,1.663834119080999652e-01,6.313397382715499884e-01,-1.125793565790717543e-01,5.258338182150205931e-02,-4.578242178640475890e-01,1.248272396181173555e-01,-4.536165261677741478e-01,3.396932427399211862e-01,6.235089439230256936e-01,-5.670876118672935756e-02,-3.992780836068020589e-01,4.176918269197473776e-01,5.365806407886255514e-01,-3.408588472067580755e-01,-2.103732574451318837e-01,6.530833035890494243e-01,3.733802121149267239e-01,3.622018745113538829e-01,1.468119358525528106e-01,-4.439704168384983052e-01,5.636452027020503186e-01,2.235161087192175100e-01,-6.565788551208082691e-01,-2.763038866823795334e-02,6.477910674935649649e-01,-1.621656299941575952e-01,-6.037557717373748245e-01,3.681207039435093198e-01,5.057757467961808695e-01,-5.035324283897192332e-01,-1.323071785322357807e-01,-3.971937596686272998e-01,-1.275179401782703115e-01,-6.736537267768527570e-02,-9.088105832713445908e-02,1.862422189920891757e-01,1.473669515001469199e-01,1.315883174824832302e-01
2.416750787843858217e-01,2.428184918760330213e-01,1.146100684748031923e-01,1.533711856347029223e-01,3.388061471478282516e-01,5.411167855141665317e-01,3.130918993482144641e-01,4.460959938493652688e-01,1.000000000000000000e+00,1.074776438204864543e-01,-4.084937642788566414e-02,5.592408875653672728e-01,5.641097826287461148e-01,2.452465217714885071e-01,-2.970157205339528372e-02,3.994435484953144377e-01,-4.715157963741861136e-01,-1.426316665136584394e-01,6.657194298224632378e-01,5.067223451121591893e-01,6.586995599978578975e-02,-3.300558854720515578e-01,-6.299819035986052862e-01,6.837893608848932825e-02,-1.289189520943383460e-01,-2.340108389038521863e-01,-5.057400035531695037e-01,-1.429919749862151312e-01,5.165089391222216220e-02,-1.552259684521206939e-01,3.305612602997288763e-01,-5.985833054031421963e-01,-4.699851779218613967e-02,3.925733191680103595e-01,4.837945162489094564e-01,-1.312613282580327168e-01,5.440990738151174622e-01,-4.244818994555061842e-01,-5.965098774982647845e-01,-4.324480822914374967e-01,-2.569180586275892630e-01,3.121519007919279498e-01,3.122687649619086958e-01,1.641345067289423920e-01,6.564621101339216391e-01,3.736362790255634003e-01,8.278673734243160998e-02,6.351178927537194374e-01,3.895136892615209123e-01,9.003881747971132984e-03,4.593168283444029609e-01,1.707801184267994377e-01,-3.964629636895314890e-01,5.296190194101343396e-01,5.688285348537299724e-01,-1.981422568037310150e-01,-6.428649184302224207e-01,9.806524621501749861e-02,-7.121872181423963832e-01,1.214067220982403827e-02,-1.722885663262123113e-01,-1.182673956335578980e-01,-7.426749399961288245e-02,-3.949882527299469204e-01,1.391196450282684016e-01,-1.196383192303016041e-01,-5.470952566838891418e-01,-2.600094268718781687e-01,1.027052513231891118e-01,-3.143855424659908748e-01,-5.501594125942509406e-01,3.168473975532261518e-03,3.549292609104116869e-02,-5.394164465379612805e-01,-3.380178332581863510e-01,1.503305799595843484e-01,-2.287989677387598508e-01,-5.558008326514420894e-01,-6.950461652477593621e-02,4.472944208964519941e-01,-3.040980814282007727e-01,8.376374111241532971e-02,-4.179247021888876090e-01,9.747932484010951582e-02,-2.182436778693808699e-01,2.910806928491509460e-01,4.855884646484839307e-01,-1.669365834273010135e-02,-1.872301190843581598e-01,5.341886827820555572e-01,4.496849871169307788e-01,-2.236378677437806384e-01,1.757713952899006213e-02,6.025400227944746057e-01,2.435934300718049228e-01,1.055204573518835065e-01,-1.277002358677186977e-01,-5.018290024015742423e-01,3.599838385491528348e-01,4.134723013985903695e-01,-5.069026278052791712e-01,-2.670073847751162632e-01,5.769622308381047171e-01,7.324876423097000100e-02,-6.136703375589264153e-01,1.036313170721517574e-01,5.648268575442385586e-01,-3.106519795205291423e-01,-2.582013508337412389e-01,-4.249880010618144466e-01,-2.790014501577356421e-01,-1.260028122548416951e-01,-2.906657407433365647e-01,1.398917388041163723e-01,7.321358053208693040e-02,1.531390687657674110e-01
1.824383994078944068e-02,3.102813237956560805e-02,-9.286371449868198458e-02,4.930725824263920698e-02,1.040339769771384260e-01,3.642285798247457684e-01,3.950110535699228875e-01,3.616579071309170001e-01,1.074776438204864543e-01,1.000000000000000000e+00,8.795332574255783353e-02,-5.964496059859029087e-01,5.028034600223443285e-01,5.634222752152365787e-01,-6.165633682327279486e-01,-4.482949322273312998e-01,-7.084495840233893116e-01,-2.539182922017289568e-01,2.723647673404534508e-01,-5.325841715939001464e-01,-6.633168540523352030e-01,-5.801474681683234103e-01,-1.335430592580605369e-02,2.308696230425595353e-01,-5.719306572811051481e-01,5.574172709501250544e-01,3.964188486946092493e-01,6.282724828835885011e-01,8.242744390163716517e-01,6.410215698263952433e-01,8.028778917085976907e-01,2.613410728611311740e-01,-4.749232264284339311e-01,-6.449801275441213733e-02,-4.230233183100577943e-01,-6.830268936403257607e-01,-4.400845471387898056e-01,-6.872519087418368366e-01,-3.931873713670086534e-01,1.155116630777479475e-01,5.208641408424431463e-01,4.883284222552899401e-01,7.022722021321434749e-01,4.653555443189352214e-01,4.204919813022675035e-01,5.861000107721250352e-01,2.018420675723174920e-02,-1.595250257024958263e-01,3.473424154223007654e-01,-2.582329851836484003e-01,-5.094508818683444185e-01,-4.228512733957262015e-01,-7.768219795843182007e-01,-3.743816290847489792e-01,3.909251487474458275e-01,3.542078529792921926e-01,-3.809769623682591200e-01,-6.123806123579108585e-01,-4.507054379734018457e-01,-8.300884081798880487e-01,-2.433057152795469191e-01,-8.045735206868191991e-01,-3.805829586993222935e-01,-6.705350936607850088e-01,-7.338204933652985318e-01,-1.893624496326871132e-01,-6.094424264430414739e-01,5.652703894028113796e-01,6.008082859637359219e-01,-5.921870182737478672e-01,-1.736622893977974036e-01,8.523003356237700556e-01,1.407682106127179644e-01,-6.504495540937178522e-01,3.312006341591753888e-01,8.014496449311219184e-01,-2.387454443567057216e-01,-1.118451586625247851e-01,6.205789733318488599e-01,7.057417662471470177e-01,6.680086490001201083e-02,-4.187023468982531416e-01,-2.105309028605315269e-01,-1.289554860454461827e-01,-8.392982918579300344e-01,-4.644224111569798114e-02,4.965458891268355601e-01,-5.029404319937176293e-01,-7.379807972870915389e-01,1.945784728924908891e-01,2.508983218678039195e-01,-7.531050652982403948e-01,-4.663108295596763431e-01,4.104314901107123381e-01,9.515833827391495525e-02,8.640904080646986118e-01,6.738024289352173568e-01,3.325028142738209458e-01,8.108226301807808234e-01,-2.949022791200998084e-01,-3.062180566930871040e-01,7.266096525361653846e-01,5.289390547611174664e-01,-5.088027248174984418e-01,4.477681143707818584e-02,8.705393409670185711e-01,1.296364035951318439e-01,-3.629848836747629481e-01,5.394440198491265992e-01,9.718367408322706180e-02,2.590966653118099150e-01,3.818400497642545494e-02,5.025397373619154562e-02,1.568828739793687657e-02,-1.981136780695650842e-02,4.449345824638741703e-02
-3.511708795443859582e-02,-5.646747901936830481e-03,-1.271406952572767257e-01,-1.108016965917935220e-01,2.509921029224186900e-03,-5.266714815877754363e-02,4.205830313112357000e-01,1.606365950068148751e-01,-4.084937642788566414e-02,8.795332574255783353e-02,1.000000000000000000e+00,2.602539618529037604e-02,-5.340554992276081991e-01,6.618687005461172390e-01,5.719890424610946100e-01,-5.958716944952631156e-01,1.602580925390763023e-01,-8.035420060791492736e-01,-2.858067342303273750e-01,-1.041083831419653133e-01,-5.621682423835342446e-01,5.557015106390000847e-01,5.865531159950791995e-01,9.045888882578734247e-01,6.385116318610090103e-01,5.633181877859189113e-01,1.206248617233831449e-01,-3.638536403888668613e-01,2.745060042301305514e-01,-3.576730880793232425e-01,1.974423128606639655e-01,3.290723989786836223e-01,6.695490587554367989e-01,6.557509521350857185e-01,-1.897431917386512290e-01,1.851995451655346070e-01,9.841053404851371478e-02,1.998782046369207699e-01,-2.609317090360000480e-01,6.419155474954110208e-01,3.215807188621255808e-01,4.918963966859355441e-01,1.692835062117514222e-01,-4.513773573596355226e-01,-1.727962075854284352e-01,-3.827408742621725701e-01,-8.356460192591944613e-01,-4.615884338672447962e-01,-5.754686262329311575e-01,-8.176906997085706674e-01,-2.821353328545355144e-01,-7.686521973228560567e-01,-5.375953941582597984e-02,-4.098496195543184784e-01,4.215297991789561105e-01,7.906805864783681415e-01,2.584719318508094110e-01,4.787248049989710763e-01,-5.967845817634713501e-02,-3.565229015248919109e-01,-8.724228061624864639e-01,-4.424473701646053359e-01,-7.257854281133743202e-01,-3.572733022640895428e-01,-4.327860395631248913e-01,-8.714020751372830720e-01,1.802240655547923398e-01,5.565967397815934081e-01,-6.086123903057456541e-01,-6.221841704292075947e-01,5.388229078501765024e-01,1.918137985722706551e-01,-8.704008090951503851e-01,-1.426561710925364768e-01,6.353538304506696210e-01,-3.099390916577739463e-01,-8.278502056409245968e-01,2.196622630151657263e-01,5.726162408854890140e-01,2.695685077267520602e-01,7.791253973192734383e-01,7.210504349370444599e-01,5.251224079906385844e-01,7.910245091572085663e-01,-9.577020858177633100e-02,-5.662367175451124002e-01,3.720368180289277404e-01,6.923950515562434793e-01,-4.707668305303477907e-01,-5.922338884314624075e-01,6.776725870976015864e-01,3.760291263447351207e-01,-7.670744747559197219e-01,-2.006034988176430278e-01,8.298383797530058947e-01,-2.240271744409994686e-02,4.768110694064146560e-01,-2.209254423138525547e-01,-5.500643018055929173e-02,-5.868460345841511883e-01,-5.448092348821881314e-01,1.183974054006793342e-01,-2.102840495182203007e-01,-7.254851908870189048e-01,-2.867056582491029904e-01,1.909556847639484467e-01,-4.579653480657914222e-01,-7.532996068572818116e-01,-3.619735643295485250e-01,-4.069033774738385345e-01,-4.006282674893411611e-01,-1.375365441563983215e-01,-3.775619627009291213e-01,-1.187506122025318994e-01,1.692988161802813293e-02,-9.416545505667653360e-02
2.407658061540672301e-01,2.159422685865981517e-01,1.325516759833675340e-01,8.949357844238374493e-02,2.409371310383844056e-01,1.327039231158387289e-01,4.413413902864164740e-02,2.499485086113522048e-01,5.592408875653672728e-01,-5.964496059859029087e-01,2.602539618529037604e-02,1.000000000000000000e+00,6.082077176835573584e-02,-1.479293405723680899e-01,5.452689843172973116e-01,6.604747234766937813e-01,1.069506759421278430e-01,4.624710580394603664e-03,4.278067109326609274e-01,8.601587072512510979e-01,5.309020616069485277e-01,2.233008030135575084e-01,-4.865492509272722477e-01,3.034832301260993476e-03,3.777604516450564498e-01,-6.013299418884311409e-01,-7.969994691832329448e-01,-5.587511192510125069e-01,-5.486238446235908173e-01,-6.795156064956802133e-01,-3.167260896985751861e-01,-7.116884057023820098e-01,4.022919617421666927e-01,4.786949487493996069e-01,7.579576470823080614e-01,4.569548992646343955e-01,7.801641371084068188e-01,1.540752542876301368e-01,-2.349407504106802991e-01,-3.811188586664499001e-01,-5.994206131466606191e-01,-8.916408366445449651e-02,-2.455436042835245913e-01,-1.879361488850755380e-01,2.071249889596343541e-01,-1.547694546898787382e-01,-1.547624629929918692e-02,6.130360249282846841e-01,6.612381569931811975e-02,1.281435488046782922e-01,7.907437412650548669e-01,4.010677830464594029e-01,2.274268013020549206e-01,7.274279467255857501e-01,2.619076353229876641e-01,-3.644049696441687414e-01,-2.721536725980031601e-01,5.765100481541668431e-01,-2.866490490824903925e-01,6.085155482848119135e-01,-7.101790894072623761e-02,4.507033850183436718e-01,1.961015273008685778e-01,4.265321715770449551e-02,6.482716054909121173e-01,-7.320671142196358283e-02,-5.741108140429964507e-02,-6.330866259208508540e-01,-4.328070948860954226e-01,7.056571277354511951e-02,-3.534782771486223441e-01,-6.390684137660618269e-01,-1.738150856777229414e-01,-5.460361023132688507e-02,-5.423781459093286461e-01,-5.043002095357514980e-01,-1.308513447132001462e-01,-4.539551742641889098e-01,-5.139910553304080087e-01,-8.990483338483863662e-02,-2.357528767843986295e-01,4.882499826480639071e-01,-2.559272609440621515e-01,2.521123491062661759e-01,4.203700403463290214e-01,3.693005901479709530e-01,1.393675328972308336e-01,4.588529802220422393e-01,3.573944889961916394e-01,2.958701591801902175e-01,3.203292252615752012e-01,4.188793912303690470e-01,2.954067210361800422e-01,2.721592327545466761e-01,2.699234912375540474e-01,-5.570950233225352433e-01,-6.002519099529853852e-01,-8.074424977360613598e-01,-2.644644001471497807e-01,5.748516217112042970e-01,-3.453587953312748371e-01,-8.066147845202303879e-01,1.498980395620065076e-01,3.885433974693380255e-01,-6.915639758052888331e-01,-5.443415540493298233e-01,4.254365155839839319e-01,-1.217427412864043046e-01,-7.113210140813753801e-01,-5.250289431117922678e-01,-4.619489837830748069e-01,-8.486411326401092914e-02,-2.365260640147246463e-01,1.539316437178910590e-01,1.321026644977796038e-01,1.183516287675232398e-01
2.149684114317484962e-01,1.919340841479721393e-01,8.057559582625253847e-02,2.165462609830158813e-01,2.667149327969033368e-01,5.075015302402807738e-01,1.917843063909553114e-01,4.721493131429390644e-01,5.641097826287461148e-01,5.028034600223443285e-01,-5.340554992276081991e-01,6.082077176835573584e-02,1.000000000000000000e+00,6.496500589746072307e-02,-6.937293544100817666e-01,3.960015676296687603e-01,-7.823294126208134580e-01,2.581944688319004477e-01,7.803518305201745386e-01,1.150880336401479548e-01,3.949108776872422427e-02,-8.766361780594313924e-01,-7.995171419485898046e-01,-3.721095445041615601e-01,-8.048063862905645571e-01,-2.197015756392560748e-01,-2.500113168365282190e-01,5.241753536936393232e-01,3.126572531987952819e-01,4.430046528032842712e-01,5.238316624000748378e-01,-4.857686571577105039e-01,-6.902051531616154589e-01,-1.635322425316702022e-01,2.354075603091027036e-01,-5.545614960762338397e-01,3.502729136215176897e-02,-7.877563307910639967e-01,-4.445820187737390405e-01,-5.919384547880962577e-01,-5.980606303457320500e-02,1.590431349263684568e-01,4.813732469400896496e-01,6.710978863709018416e-01,7.574113818499452755e-01,8.097738592004395386e-01,5.738233651072704999e-01,5.964236753139774416e-01,8.357290357150205518e-01,3.561956249293936061e-01,2.266989225137775177e-01,3.523734719046762720e-01,-6.636278060943308077e-01,4.204083895128812864e-01,3.638274738822593335e-01,-4.166873985045846940e-01,-8.148802473298134563e-01,-5.661279878679956745e-01,-6.888917017782332231e-01,-2.251862510711411525e-01,2.820755514424844179e-01,-2.561711464103615388e-01,2.248704425015206898e-01,-4.500053894058336779e-01,-2.626523738318126133e-02,3.542994073779192066e-01,-8.360011492831493918e-01,-2.306677990415131330e-01,7.772172582727456813e-01,-1.595603583707560225e-01,-8.259965010978390643e-01,3.389803276043759084e-01,6.438755624528608168e-01,-6.547127937500970551e-01,-4.721483952898337666e-01,7.369872548403082479e-01,2.245165218432849941e-01,-6.007585003236879384e-01,-9.422871131357728192e-02,5.112841257135029016e-01,-6.499956732204197341e-01,-6.046151018160359492e-01,-7.748948156027805068e-01,-5.096142810502978238e-01,-5.584120320848185992e-01,6.006204864822264344e-01,3.937546232238595678e-01,-7.152766208162774086e-01,-2.277302038789532357e-01,8.512198538452885321e-01,3.153332806587087755e-02,-7.913037459715182020e-01,2.448570127059186419e-01,7.899998853575193047e-01,-2.856212521849933461e-01,5.599335401571339244e-01,-2.926758661609049975e-02,-6.294930743239599003e-02,7.320930966533263362e-01,5.133852439225473629e-01,-2.013312522871016363e-01,1.266368439925152911e-01,8.378541019848391169e-01,2.360468284687272933e-01,-2.479051508729923636e-01,4.254986126402837687e-01,7.699094160575528090e-01,4.368434624073227329e-02,3.162443870230986498e-01,-2.655178820632192113e-02,1.929069786121541952e-01,6.341377173192606909e-02,1.169160679519115065e-01,2.213272041838448834e-01,4.865084997258356525e-02,2.078717541129232738e-01
