1.000000000000000000e+00,2.998738534667714783e-01,2.627476183236798213e-01,2.816194367357383599e-01,9.005221244882996579e-02,2.512863090112042452e-01,1.119784585933690513e-01,1.414149569561218289e-01,2.107899136536944551e-01,4.233385766646341475e-02,-1.459682098429269659e-01,2.105823339069523570e-02,-1.085695664477143024e-01,-1.930027597927767014e-01,1.785868828990162110e-02,-7.324012581153220569e-02,-8.983546749842345747e-02,-1.213313162742547802e-01,-1.587141754775001912e-01,-1.760104594815193810e-02,-1.767843984919652556e-01,-1.391441449837905187e-01,8.464748243137452943e-02,1.050573378824362775e-01,7.895724386831405595e-02,1.834797218604081737e-01,1.126147380194391784e-01,1.174033343746785779e-01,1.578659101584589386e-01,1.602930940224751299e-01,5.074616365543898472e-02,-9.274791469390630816e-02,-1.140505068191500528e-02,-1.401158887300108513e-01,-9.739658073641270508e-02,-1.392543754588399241e-01,-1.715612843578844804e-01,-1.180032643114517221e-01,-1.028635305238980446e-01,-1.431752846428955284e-01,-1.608682818577596152e-01,-4.897230846634285928e-02,8.613117871725464725e-02,1.505114114381566337e-01,-3.467016522859171779e-02,8.423418020082852620e-02,1.444279431642943035e-01,7.828600689495765486e-02,1.543383926817123997e-01,1.914558568223088675e-01,7.775068845356805647e-02,1.339199881150787697e-01,1.733204192446889669e-01,6.162781599116585324e-02,9.216552219042808969e-02,4.863748897263489579e-02,3.454224740843043345e-02,3.277165263416448315e-02,1.269957167934422128e-02,-3.612326602377913948e-02,8.978736471493102556e-02,-3.370122840704101522e-03,-1.058925902241740838e-02,5.662199534296814829e-02,1.282265822020988433e-01,-4.389109613508704322e-03,3.228366189237330975e-03,1.539072326182451822e-01,1.633282722457305436e-01,5.924798454731053376e-02,-7.307098711892641429e-02,-9.780076858404927742e-02,8.002034105522368157e-02,-1.489884757651254721e-01,-1.650116440850121213e-01,4.435510002137645069e-02,-2.420670172012027166e-01,-2.644470573009806702e-01,-1.162120267987920286e-01,-2.346564228047655076e-01,-1.548964771132586016e-01,-8.055986560908626193e-02,-1.956966985702724704e-01,-1.397565818632234835e-01,-1.431925208318517995e-01,-1.936029048085394499e-01,-8.980840436214722333e-02,6.768453875766054957e-03,7.489139852417529830e-02,3.712550040964576054e-02,-3.619283899158665108e-02,-4.487494507442316843e-02,-9.117268448913039280e-02,-5.655412694776027621e-02,-2.358369805906352853e-02,-1.288558135258401592e-02,-8.391915172835416603e-02,-8.005573787347947112e-02,-8.061722261857229288e-02
2.998738534667714783e-01,1.000000000000000000e+00,3.472496857475340093e-01,6.209808435253943992e-01,4.824907440428762850e-01,5.906289152156427580e-01,5.435940368853502402e-01,3.551023798109467222e-01,4.713109949272391019e-01,2.423212955202460051e-01,-1.289602569104888463e-01,1.723463958621450076e-01,-2.147186310745997362e-01,-1.879285089627935057e-01,2.051333252640927252e-01,-1.631194605822401111e-01,3.757883101485648414e-02,-2.135415668110475507e-01,-3.402142053474690453e-01,1.014887541767017093e-01,-1.996229930673561193e-01,-9.383117992935115226e-02,3.698545278870077890e-01,2.980776405996074518e-01,-4.078493921292353219e-02,2.671679386625798736e-01,1.458552572340373124e-02,1.040429494076301198e-01,1.493963014812126622e-01,1.885524508226668894e-01,1.335209759081407432e-01,6.103113339482086480e-02,1.029445984447505957e-01,-1.629210642200165926e-01,-8.725290608818941918e-02,-2.004649404852887618e-01,-2.374936340171388827e-01,-3.419274887245729033e-01,-5.029700964279278097e-02,-3.923612490470502201e-01,-2.141510312237953906e-01,-2.788561935239483591e-01,1.236211884684797202e-02,1.542782273171076357e-01,-2.504330492023218446e-01,1.093553292933026888e-01,1.896588311373099134e-01,-3.272193418097966294e-02,3.689178890064978567e-01,3.532738284130017559e-01,-3.123336730239212669e-02,2.913706031320056344e-01,3.854187220759591193e-01,7.859655017317500325e-02,2.600251891354385392e-01,1.728525239481131792e-01,8.022853408700748867e-02,1.834984815660309909e-01,3.374097071195666930e-02,-2.241222954136588147e-02,1.654702808562545646e-01,-3.746985296959632478e-02,5.000793243914985337e-04,8.361687545519885800e-02,1.362918951694426506e-01,-9.854934425923950192e-02,-7.209631514861987445e-02,1.496318807133583950e-01,1.219355629533454555e-01,-2.959746458346892289e-02,-1.723608450944824066e-01,-3.589358383155255572e-01,2.077406204617803301e-02,-2.258558897591599890e-01,-4.289162950483705883e-01,-4.586302137051016109e-02,-5.572076197045174872e-01,-4.419531641458125382e-01,-2.176080035601514751e-01,-5.735829193526240655e-01,-1.172347145472432961e-01,-1.799949968123621125e-01,-4.560605199391791764e-01,-1.552135324330604638e-01,-4.613029257706770525e-01,-4.222045911390385764e-01,-2.649739167370711579e-01,-1.577458434347435989e-01,8.335569144043809831e-02,-1.084049899899776070e-01,4.763441228783309167e-02,1.224245470092848315e-01,-2.683733798887464814e-02,7.987609761304919828e-03,1.337139436550811508e-02,-2.054584955626388362e-02,-3.131797059542373862e-02,-3.115457186066478493e-02,-5.330361617258102397e-02
2.627476183236798213e-01,3.472496857475340093e-01,1.000000000000000000e+00,5.368075505730683927e-01,-5.798120332885734612e-02,4.749341733815430899e-01,4.129651836627445949e-02,1.797154184240520314e-01,3.795807150809243913e-01,-9.859396230747011214e-02,-3.320279227235808928e-01,-4.440447699369834411e-02,-1.222161907568752037e-01,-4.501489746661884728e-01,-6.512350557090312853e-02,-4.805136388508319395e-02,-3.555285717254256794e-01,-2.570922958933687941e-01,-1.312133626915622797e-01,-3.446137030610457730e-02,-3.661359903912990710e-01,-3.389568198444115055e-01,2.674325014545958501e-02,1.376804010424056979e-01,2.643806164648748180e-01,3.566117679204255930e-01,2.886737690051398020e-01,2.914950857161609510e-01,2.781220448233748810e-01,3.358411666757265546e-01,1.372015692030029155e-01,-1.605173184487372617e-01,-1.627873811483472599e-01,-2.776534775618365036e-01,-2.165388194545978806e-01,-2.399912697298836328e-01,-2.375952286649653244e-01,-1.573985233377845072e-01,-1.991074573049949614e-01,-1.729865422371875128e-01,-3.480968077483445056e-01,9.481609854398855008e-02,3.194149422066695498e-01,4.308328822583368245e-01,1.789657434207454489e-01,3.933657206883607871e-01,3.822130851552708597e-01,3.652319597606247248e-01,3.762733997887006687e-01,3.710919165251954643e-01,3.459450938171829137e-01,3.514569735535787998e-01,3.246701433724510921e-01,3.061957157152540576e-01,2.440983360807922331e-01,1.086013886572963355e-01,-4.735458138275814438e-02,1.056506753857475445e-01,1.251687225894325128e-01,-5.369794152789847397e-02,-7.081701019445241219e-02,-1.455435068033776591e-01,-1.327907869270062158e-01,-1.146405751343704538e-01,-4.148266388654835851e-02,-1.771775637809544224e-01,-1.479616714367275876e-01,1.198444486354918390e-02,1.223168195913313244e-01,1.091765350563497217e-01,-1.733586230689463659e-01,-6.265264348900467795e-02,1.676661394694230478e-01,-2.936117471660401046e-01,-1.106912627253447273e-01,1.900795773912800357e-01,-2.727349123503143291e-01,-5.800437197244515675e-01,-2.085119804550616407e-01,-4.313102427683006557e-01,-5.178403654478309637e-01,-1.426713565231473024e-01,-5.128725277113522774e-01,-3.940156905375140628e-01,-1.444250229092450544e-01,-3.802387987150367965e-01,-2.595198668097484229e-01,1.129593978954634287e-02,2.300420621210984562e-01,1.627727053917440714e-01,6.812894163786353818e-02,4.262569005573638159e-02,1.600772634364148322e-02,-2.406160141240127129e-02,4.364664037791501222e-02,-3.831595297589833124e-03,-7.203153773908244073e-02,-6.159538889926752941e-02,-7.569630098860442857e-02
2.816194367357383599e-01,6.209808435253943992e-01,5.368075505730683927e-01,1.000000000000000000e+00,3.644417400120931183e-01,6.443004986327521832e-01,5.354078542348092995e-01,2.693898813258293057e-01,5.660258353653963015e-01,1.368319062983468781e-01,-1.415962463239734681e-01,2.409654225825363372e-01,-1.431851267280627171e-01,-2.507189158582935895e-01,2.425276604430190441e-01,-7.616241563350008292e-02,-4.641655870641025333e-02,-3.302442723052048112e-01,-2.900638044406514959e-01,1.774519312080557742e-01,-2.169207537293068588e-01,-1.056347926411754096e-01,3.353921119334039580e-01,3.635568423759384937e-01,5.470517991639822081e-02,3.391951930332051113e-01,2.676958163016739806e-02,1.646193545712909267e-01,2.316620286113404703e-01,2.261103976838564067e-01,1.743723471825223414e-01,9.536227998659663196e-03,2.711515897172676187e-02,-2.169697850199491518e-01,-1.141328299709888083e-01,-2.949667317159884172e-01,-2.769761920618688533e-01,-3.749171437993890632e-01,-1.735014886611934426e-01,-3.963242792016551941e-01,-2.512747945562572860e-01,-1.844891102350351975e-01,1.481592812221061983e-01,2.033381572891283795e-01,-1.765498053926195243e-01,2.392410948859094166e-01,1.936142921358542934e-01,5.952317978799201437e-02,4.536271499778083416e-01,3.470734484596788572e-01,4.083837877085944035e-02,3.713027027866880880e-01,3.709297188640057752e-01,1.112715290481471331e-01,2.847778100383948074e-01,2.075785095102504751e-01,1.016900064588141528e-01,1.795014223186784663e-01,9.497824716450764537e-02,4.498009347661939029e-04,1.558597696070498362e-01,-4.113849152844094303e-02,-1.777574789554233056e-03,4.058814784545593246e-02,1.433178099114196247e-01,-1.277377457379178516e-01,-1.478272367567233514e-01,1.937718328872614637e-01,1.314090316825660409e-01,-5.626757059447600601e-02,-2.609529006342127810e-01,-3.913496301662037213e-01,-1.074649026868969119e-02,-3.974399132568696702e-01,-4.772501094382140541e-01,-1.039145257158334973e-01,-5.974186078527621291e-01,-5.427515434325856925e-01,-1.124140878849187453e-01,-5.804883733705942239e-01,-1.878614909669683308e-01,-8.380281903288147594e-02,-5.277750236035837483e-01,-1.425899916787107813e-01,-3.524663081917022711e-01,-4.592136712608380633e-01,-3.149021044685155757e-01,-1.354413038364990496e-01,1.337563034621382929e-01,-1.803933800690427081e-02,6.144818588984609503e-02,9.345397624121538904e-02,-1.338910245481504495e-02,5.328799501945410966e-04,2.560069701759536479e-02,-1.123560542969563592e-02,-5.403317399351355993e-02,-3.553320292879097453e-02,-6.467394837247479600e-02
9.005221244882996579e-02,4.824907440428762850e-01,-5.798120332885734612e-02,3.644417400120931183e-01,1.000000000000000000e+00,4.892898400873220699e-01,6.735924855670714084e-01,5.813516566926273388e-01,2.881260260030581999e-01,6.032799092092855364e-01,1.808002777877639258e-02,7.504826221340114845e-02,-3.659148349890331553e-01,4.614586848747483788e-02,1.505478670191941204e-01,-3.519446266540060542e-01,2.511080847622277346e-01,9.321587229675856734e-02,-4.210669760193161415e-01,-5.405427229363067576e-03,-3.895665497168222108e-02,4.630184456967713358e-02,4.991888130891133923e-01,1.519985656699919252e-01,-3.545606504152807315e-01,2.831367402796831911e-02,-1.261154923426529018e-01,-1.339676414986757658e-01,2.597825418006751916e-02,-1.298362474707817453e-02,-1.790210211395897033e-02,1.459204650798126002e-01,3.144635821369251572e-01,9.899635574294124440e-02,1.195493070610225833e-01,1.748962242887264554e-02,-5.858003678438194334e-02,-2.470208947292869550e-01,2.736918288062422655e-01,-3.241723526535543742e-01,-4.562898169423013073e-02,-4.395710978529821511e-01,-3.526473727678847148e-01,-5.410752820330266138e-02,-3.715391904458300032e-01,-2.470043680096326300e-01,7.987337984879373798e-02,-3.149901768730302143e-01,6.865621081408636306e-02,2.581744479144890692e-01,-2.769511902295969663e-01,-4.470667925000514076e-02,2.973007341125321057e-01,-1.027002007238104198e-01,7.426341501053067284e-02,7.551555409890013670e-02,4.343589047644543649e-02,1.702529013674237424e-01,-1.245773657889399366e-01,-1.117275996587563380e-01,2.070039181029306452e-01,-1.175856520317880571e-02,7.332935945954179024e-02,1.748702672771821343e-01,1.821374136677641753e-01,1.325003776562137629e-02,8.682704797860955892e-02,1.232577423659296650e-01,1.113568647057005673e-01,2.427349490092365128e-02,6.312156465061231903e-02,-3.289289184680371791e-01,7.665155315294444605e-02,1.050630711864927874e-01,-3.956174066929290523e-01,-3.521055701586678355e-02,-5.602431777838321469e-01,-1.306422748417593316e-01,-4.007378927349265485e-01,-5.405993845117534891e-01,1.592829751607933164e-01,-4.653772236106992199e-01,-2.135435936100884557e-01,-7.790204192660425686e-02,-6.044985131355968822e-01,-1.566567087395648317e-01,-1.975085950920623876e-02,-1.415419961702969187e-01,-8.815607947164136315e-02,-1.381484015013823008e-01,-3.615007045411292724e-02,8.525637170319537439e-02,-8.302466877805791956e-02,-2.357398736960537519e-02,-6.348397346224900206e-02,-7.510658479844808944e-02,-1.895851371665041585e-02,-4.319919842643101665e-02,-1.670912500633675232e-02
2.512863090112042452e-01,5.906289152156427580e-01,4.749341733815430899e-01,6.443004986327521832e-01,4.892898400873220699e-01,1.000000000000000000e+00,4.936006498580474688e-01,5.906582392078145727e-01,6.076981597121479117e-01,3.103676558652648243e-01,-2.894660669387947305e-01,3.608995342353751856e-02,-3.516606013002260278e-01,-3.888265239964056597e-01,7.108228374021526019e-02,-2.821173137957218580e-01,-1.302762739091179178e-01,-2.114762861247930226e-01,-4.223881947647128432e-01,-1.858838646644647707e-02,-3.767435730162195240e-01,-2.916889084667692034e-01,3.450511437998158848e-01,2.193266791646014124e-01,3.175962312657320402e-02,3.652860706720555961e-01,1.806541344919878334e-01,2.148484976500801003e-01,2.597430042592369648e-01,3.282725053292294692e-01,1.492124783294545287e-01,-2.011203876476722399e-03,4.544260603103916080e-02,-2.042654244176859979e-01,-1.831112557381401884e-01,-2.256835683084195132e-01,-2.930347395708388092e-01,-3.148240822730830057e-01,-1.593579454687471184e-02,-3.862548227133476564e-01,-3.736070074644152195e-01,-2.221200080790573794e-01,5.406939731826358037e-02,3.624105379111515757e-01,-1.112192985056766892e-01,2.018858741790280353e-01,4.075467446840470020e-01,1.254693446598011131e-01,4.405052389348975139e-01,5.268800297098760188e-01,1.237810446942371884e-01,3.375174226747940098e-01,5.134986958286547054e-01,2.066143172353817892e-01,3.009719410049788157e-01,1.837170741459361600e-01,3.661399271556319002e-02,1.856253723327536687e-01,7.013389379187458250e-02,-9.540077765860327519e-02,6.261251419199911905e-02,-1.315367188872461068e-01,-8.992354566463146848e-02,1.980838861152762684e-02,4.560193507641499555e-02,-1.535453122891919375e-01,-1.091146121325163448e-01,5.819342745045994608e-02,1.819778859060616760e-01,6.294495271461947317e-02,-1.721190982928513524e-01,-2.947750698388938995e-01,2.191646060657778117e-01,-2.192033128785910723e-01,-3.731857073063621910e-01,1.694114184767221143e-01,-6.328573988474763823e-01,-6.273610469752337604e-01,-4.708665953186709774e-01,-8.203144458155162688e-01,-4.033949256368534741e-01,-4.325827353276384679e-01,-6.741600503430428271e-01,-4.040265318142924333e-01,-5.654163394353955985e-01,-4.755009406467072819e-01,-2.409171720447590148e-01,-9.553092040253023665e-02,1.100526989775021530e-01,-3.791197694412457020e-02,1.539184336580742829e-02,1.151073958912476464e-01,-2.523897233871076617e-02,-1.682783983062859090e-02,8.920924782942504447e-03,-3.080761108589515421e-02,-4.888815369816418982e-02,-8.352443715046183048e-02,-5.671072124705237721e-02
1.119784585933690513e-01,5.435940368853502402e-01,4.129651836627445949e-02,5.354078542348092995e-01,6.735924855670714084e-01,4.936006498580474688e-01,1.000000000000000000e+00,3.236821119640184707e-01,4.430425422586039552e-01,4.679008739403695549e-01,1.398006015971266780e-01,3.400440323369210427e-01,-1.975427537908868436e-01,1.231033182806957754e-01,3.872640818409603947e-01,-1.923394869454360667e-01,3.362834170191700278e-01,-1.337501085663646005e-01,-4.088907970135008396e-01,2.259210025926308707e-01,4.974934759367218712e-02,1.779827652348690004e-01,5.434822166288771905e-01,3.502673709718772677e-01,-2.879731478575862647e-01,1.024355407571460042e-01,-2.489650874534954095e-01,-8.546660229159945554e-02,8.007189007975662465e-02,8.753824038127543117e-03,9.137307808870136216e-02,2.054494366643831449e-01,2.596143520870228816e-01,1.071321112172409027e-03,8.541736893289679500e-02,-1.425338692467995050e-01,-1.288307000707373251e-01,-3.964416959198272528e-01,6.296116897315806593e-02,-4.402794468678526418e-01,-4.449821884155474166e-03,-4.686417721358431265e-01,-2.328133079427632535e-01,-1.519248229371206738e-01,-4.936180796562689155e-01,-1.607295759549897951e-01,-8.268454450245016352e-02,-3.603077541680445584e-01,2.194095021086346353e-01,1.643199889637925737e-01,-3.420188411479440083e-01,1.205107425552436051e-01,2.566547175012734994e-01,-1.602524826496911636e-01,1.437248084019960015e-01,1.822737571257735945e-01,1.635705438048496163e-01,1.898807032492778324e-01,-3.771916424327503847e-02,1.911761403274694557e-02,3.190331612639051850e-01,7.448688770243949708e-02,1.469885097545163000e-01,1.942735392743800138e-01,2.454772184524948719e-01,1.650472493148507150e-02,-2.723544025442445945e-03,2.095652620524483256e-01,1.030167810380550053e-01,-1.387113277816746371e-01,-1.049028331172186523e-01,-5.036689309973612083e-01,-1.177411452211903353e-01,-1.615229706909818708e-01,-5.869768631433175399e-01,-3.192477662238226710e-01,-6.751549338050553128e-01,-1.792124299818068922e-01,-6.991465921505976566e-02,-5.288822654070354234e-01,3.336681831249143637e-01,-1.202035746848986592e-01,-2.519117227354137900e-01,1.791931121478153033e-01,-4.814875405407190723e-01,-2.607750114794107343e-01,-9.727716197707644841e-02,-2.004839056119834539e-01,-6.545927592172919030e-02,-1.605433646720012264e-01,-3.489995430855297870e-02,8.999556021810399542e-02,-4.825016639502317101e-02,4.846630827492012100e-02,-2.094869739249354337e-02,-8.300620844943993118e-03,3.758010996907387713e-02,1.620825174903518101e-02,1.264152617308470644e-02
1.414149569561218289e-01,3.551023798109467222e-01,1.797154184240520314e-01,2.693898813258293057e-01,5.813516566926273388e-01,5.906582392078145727e-01,3.236821119640184707e-01,1.000000000000000000e+00,3.726372687325281152e-01,5.571290554705156106e-01,-3.285261120816093117e-01,-2.558647487041141866e-01,-5.369333950539824096e-01,-3.258060451911671818e-01,-1.935672594273220859e-01,-4.648661166879584639e-01,-1.304156099989655926e-01,1.056186358519373703e-01,-4.174296429966137256e-01,-2.567713895379301059e-01,-3.824000933348790654e-01,-3.525381992628313643e-01,3.382010133138881880e-01,-1.951157790690023069e-02,-1.496670379452452460e-01,1.938354452345478485e-01,2.295971445111877618e-01,9.765039051775797896e-02,1.583545195695051921e-01,2.391174976117192430e-01,8.536354122657545049e-03,-1.974499787043496393e-02,1.381901079768491636e-01,-1.811663992366938786e-02,-8.336459445981257710e-02,-1.204681147489051985e-03,-1.840807692051135425e-01,-1.589301518855848749e-01,2.573192212174032489e-01,-2.484983987298799990e-01,-3.498682330846373811e-01,-2.741017593548155107e-01,-2.155995343648185181e-01,3.385149143634284541e-01,-6.339443057287702521e-02,-3.055926523350088048e-02,4.555688467776276562e-01,4.565995032589750119e-02,1.557743771332868454e-01,4.780172707460593196e-01,9.126755404315531339e-02,8.170826139357849349e-02,4.483307895078775251e-01,1.688338108677891192e-01,1.825122611987071708e-01,7.786223631157965230e-02,-5.614711287141503637e-02,1.570529907456912622e-01,-1.187394411641310744e-02,-2.052932051033632688e-01,-4.242316743558695313e-02,-1.773571057515239968e-01,-1.387558162069865153e-01,-4.481084123175268358e-02,-5.544281683128963328e-02,-1.564531059192520446e-01,-8.594936269385981473e-03,-8.592666165330602179e-02,1.705466912765811194e-01,2.178129196843171522e-01,4.686000018466508071e-02,-6.078692637503955304e-02,4.056570390263590231e-01,1.886495698628125051e-01,-1.450375531989641087e-01,4.470390305721297364e-01,-4.224332340572764521e-01,-3.766871238112955433e-01,-7.640236391830798057e-01,-6.734280013934165199e-01,-3.130331802174720623e-01,-6.837937412105016266e-01,-3.927040376886324347e-01,-4.833246506210104321e-01,-6.203422955607857947e-01,-2.086912120707815066e-01,-1.547443023965585675e-02,1.267931045523192340e-03,5.836478014283024394e-03,-3.446071508638309105e-02,-4.275657330583355203e-02,8.332810799472330221e-02,-9.510822202735433328e-02,-8.491870985482813383e-02,-8.027325726274947559e-02,-9.851293145267700502e-02,-7.158489776428055007e-02,-1.214109462415460666e-01,-4.412786255699143595e-02
2.107899136536944551e-01,4.713109949272391019e-01,3.795807150809243913e-01,5.660258353653963015e-01,2.881260260030581999e-01,6.076981597121479117e-01,4.430425422586039552e-01,3.726372687325281152e-01,1.000000000000000000e+00,1.247864082150490078e-01,-2.036165164360995705e-01,2.930742234627034537e-01,-1.472260199905332523e-01,-2.836018990013697838e-01,2.239545977495470963e-01,-1.011606076405993787e-01,-6.144226908978561025e-02,-3.327989783253636480e-01,-2.324211351644056567e-01,1.985235901079833165e-01,-3.011138596492303754e-01,-2.123647026990118647e-01,3.058753765353820486e-01,3.189880924043944632e-01,1.037992624221609067e-01,3.833214035574817879e-01,9.966194776532022459e-02,2.596997953829443539e-01,2.640935877039389257e-01,3.064856912346987650e-01,1.742483449299686571e-01,4.387840824230298219e-03,-1.684676604351986740e-02,-2.228527774547665874e-01,-2.199915632543167354e-01,-2.854964821244715956e-01,-3.420144953152323142e-01,-3.730581730340571944e-01,-1.805715063743141557e-01,-3.920696108823348291e-01,-3.682802425956031023e-01,-1.947962704900673414e-01,1.582697996018267439e-01,2.543109880597135830e-01,-1.738140740267753448e-01,2.450065199157586970e-01,2.204828779701628605e-01,9.415927116577595124e-02,4.455778237239813033e-01,3.192943889701095883e-01,9.215855497276524699e-02,3.886846331746850458e-01,3.479510884765100731e-01,1.587778819484956805e-01,3.215088154970796586e-01,2.839740350853113826e-01,1.220544884825588983e-01,1.891279520913392298e-01,2.134078348474174880e-01,3.038216763933141579e-02,1.098939309434132650e-01,-6.770622082468785718e-02,-7.156164386098450014e-02,-2.164979110117695726e-02,-5.104192248665723880e-02,-1.883771545082149335e-01,-2.988294859868842468e-01,-1.138271284691619138e-02,8.864745257250866706e-02,-1.300557065667327927e-01,-3.524723435869268617e-01,-3.717139790254166964e-01,3.596718030537704447e-02,-3.807143473345866447e-01,-4.504531524618198834e-01,2.226388446381050157e-02,-4.999299080915058924e-01,-5.224711950073473998e-01,-1.664484942766733533e-01,-5.691545254415970589e-01,-2.272715560638484122e-01,-1.154029597115693584e-01,-5.152105246610504397e-01,-1.809864734503769113e-01,-3.616347498528832971e-01,-4.069495831565834165e-01,-2.630348709031506971e-01,-7.617263618633399180e-02,6.947456454250426627e-02,-4.518205570956292105e-02,5.043326255226079739e-03,1.380835979721876938e-01,1.461133196130133538e-02,5.666589842455427295e-02,2.150497770467170791e-02,-2.985194394210515835e-03,2.342180673350430578e-02,-3.066998855200420149e-02,-7.040834781512825963e-03
4.233385766646341475e-02,2.423212955202460051e-01,-9.859396230747011214e-02,1.368319062983468781e-01,6.032799092092855364e-01,3.103676558652648243e-01,4.679008739403695549e-01,5.571290554705156106e-01,1.247864082150490078e-01,1.000000000000000000e+00,1.079499096371062672e-01,-3.237041293211052190e-02,-4.066065922759098394e-01,1.161592369561552374e-01,-2.230773713957338519e-02,-4.113804155511427418e-01,2.403482284521040457e-01,2.755834250717813516e-01,-3.899865059197667461e-01,-1.381792762357237914e-01,4.092087502638432940e-03,3.498710799459425064e-02,4.046111474881127767e-01,-5.142989179958986495e-02,-4.234287469706515816e-01,-1.251525606263648449e-01,-1.018727377309052579e-01,-2.304339089203964464e-01,8.195276625413718680e-03,-9.973470541449784565e-02,-6.862791896259823332e-02,1.527814280073702125e-01,2.920132978162705562e-01,2.039332318443734526e-01,1.563009445312605328e-01,1.433474715991243931e-01,7.405954927371301288e-02,-7.459924675252023463e-02,3.858714395965425203e-01,-1.566575609724186469e-01,6.908378490943473983e-03,-4.092398029105341339e-01,-4.570911226327535326e-01,-6.950792917113809977e-02,-3.093791762862556638e-01,-3.744030762179502148e-01,6.139742959539476463e-02,-3.437845518540951772e-01,-1.276869203405150144e-01,1.577228082716950752e-01,-2.891417416402393137e-01,-2.070150654311072314e-01,1.813955343013909927e-01,-1.549174777439670525e-01,-2.641098974717927261e-02,1.491140161087118297e-02,1.800335279689693063e-02,1.011559296954646497e-01,-1.365129314699028151e-01,-1.628141787703465404e-01,8.992843326856704567e-02,-4.340552346002304884e-02,2.701511996784534270e-02,7.866833787204863260e-02,1.194583841589938189e-01,2.853086844691550203e-02,1.627595369872759656e-01,3.858118973309564159e-02,1.442062292149882963e-01,9.543290201517730387e-02,1.639965600513986765e-01,-1.690398716972121851e-01,2.103072081690489925e-01,3.129345491950491498e-01,-1.763299358387874771e-01,1.124937143890755858e-01,-3.931189209220354863e-01,-7.253515209254443596e-02,-4.110497227468875026e-01,-3.832483152539992166e-01,1.373199773112166733e-01,-4.762324394876067402e-01,-8.371074793237648359e-02,-7.354723763458585750e-02,-5.406966589443900073e-01,1.187591434144259425e-02,1.177817069807514244e-01,-1.410647216656076008e-01,-1.642599534686321194e-01,-1.010748385902779656e-01,-7.907995351902979975e-02,1.009929376513706619e-03,-1.175332263805238808e-01,-5.900827759548427087e-02,-8.622241549985104614e-02,-5.872767481630036812e-02,-5.086605228454273847e-03,-2.043132548148888020e-02,-2.679309967352621127e-03
-1.459682098429269659e-01,-1.289602569104888463e-01,-3.320279227235808928e-01,-1.415962463239734681e-01,1.808002777877639258e-02,-2.894660669387947305e-01,1.398006015971266780e-01,-3.285261120816093117e-01,-2.036165164360995705e-01,1.079499096371062672e-01,1.000000000000000000e+00,4.791713125397535356e-01,4.255781240292143552e-01,6.760824006277214027e-01,3.608772878878401258e-01,2.875980570644107170e-01,5.530812686422553748e-01,5.974084919244040254e-02,2.005843738835088041e-01,3.833423957336737908e-01,5.640367555435894520e-01,5.886522587517640792e-01,8.191252458553947846e-03,1.126172408140611036e-01,-1.685072821048738123e-01,-3.207483399510082656e-01,-4.708386680933536739e-01,-3.371453423401815641e-01,-1.601631911698745969e-01,-3.876230031775226292e-01,-5.972359378451200934e-02,1.921530296975764163e-01,5.817520418550374550e-02,1.971447754786735673e-01,2.059843965018450795e-01,7.230675114136241033e-02,2.849203357975151896e-01,6.485556240997086830e-02,2.514358926255481127e-03,9.863429569252636642e-02,4.926492851870106771e-01,-8.290309488033038854e-02,-1.317545143110669115e-01,-5.390175687999185783e-01,-3.135813601155533203e-01,-3.322009676024729186e-01,-5.951655693084552112e-01,-4.139552954928116257e-01,-2.588097842113271096e-01,-5.316050479754436120e-01,-4.397143837437799685e-01,-2.638628303513907980e-01,-4.521573344153622664e-01,-4.494967487458986222e-01,-2.686809565040126913e-01,-3.212467462873164203e-02,1.731086037596610283e-01,-4.086652346289710441e-02,-9.650751269773825969e-02,1.135127823800579638e-01,1.994800293291930093e-01,1.905680888703218945e-01,1.494703537836525598e-01,1.423967092423129299e-01,5.945804122448781343e-02,9.984390682395202776e-02,-3.760225762697565199e-02,2.831468339894998437e-02,-2.103752037391288243e-01,-3.941308761035657304e-01,-4.096407245044399875e-02,-2.817359800233422695e-01,-3.815248967398274793e-01,-1.990272427115851589e-02,-1.071426873210193226e-01,-4.477267526460599889e-01,4.971532483684570208e-02,3.592444500131083407e-01,4.415055625978523413e-01,3.541077468612953694e-01,5.244582309355015903e-01,3.849073377956254149e-01,3.646583068096201363e-01,5.716193642777159800e-01,1.985314730253868454e-01,2.652801662048362985e-01,1.512153096691929710e-01,-1.662647021255982127e-01,-1.924371657021027859e-01,-9.419933369522759739e-03,8.365413367157004121e-02,1.569088779563507230e-02,1.455893263953898231e-01,1.824242277357146780e-01,1.298624697569247533e-01,1.502597088832805516e-01,1.921259496970958158e-01,1.794376661531732198e-01,1.041461430338717076e-01
2.105823339069523570e-02,1.723463958621450076e-01,-4.440447699369834411e-02,2.409654225825363372e-01,7.504826221340114845e-02,3.608995342353751856e-02,3.400440323369210427e-01,-2.558647487041141866e-01,2.930742234627034537e-01,-3.237041293211052190e-02,4.791713125397535356e-01,1.000000000000000000e+00,3.941190293087759589e-01,3.953185016563455778e-01,6.516358907334447448e-01,2.953929263247697112e-01,4.354059063876864477e-01,-2.669246151920631194e-01,7.574076651041179720e-02,5.661078814541136150e-01,2.845104622582845244e-01,3.853285055707081908e-01,2.149149916737529142e-01,3.951948652903378711e-01,-1.943616326466554231e-02,2.776741862729472515e-02,-3.531926478819977233e-01,-8.319142680571779691e-02,2.586208723675105514e-02,-1.422815719477673879e-01,1.106441202438635529e-01,1.700985385441708131e-01,1.093955740826412816e-02,-3.192131878453197819e-02,3.115365229395508986e-02,-2.210796758919041094e-01,-6.616784150613157223e-02,-2.893555746073883106e-01,-2.900189483486341757e-01,-2.446264591964305568e-01,1.460269664151680191e-01,-1.757124360916566819e-01,8.801899261423651311e-02,-3.486828987149511727e-01,-4.016654997302297470e-01,-2.770554243211652626e-02,-4.585837855241026717e-01,-2.535180236361977979e-01,1.620070920774000500e-01,-2.819279800344189901e-01,-2.857627211987457394e-01,1.391875339153208768e-01,-1.904869886354187691e-01,-2.773616658812359526e-01,3.341854494925897839e-02,2.069048550933805242e-01,2.934449775551740691e-01,9.003939037598911177e-02,1.120278325670451963e-01,1.694938546134609481e-01,2.800636866185870488e-01,1.628086803694173135e-01,1.198775050206618564e-01,9.947843213657084349e-02,6.530355267245860351e-02,-4.412834542342300437e-03,-2.218073472351010378e-01,8.618938923080098069e-02,-1.155153436213525175e-01,-4.414297218159420333e-01,-3.373882899451348116e-01,-4.830006595674578018e-01,-4.341414896752098240e-01,-4.091158776098962613e-01,-4.768414167001393533e-01,-4.817687450779137848e-01,-2.429910294186367059e-01,-1.706836423207570841e-02,4.762074139939858619e-01,7.679887151713371551e-02,3.518320663918471092e-01,4.693188485294189083e-01,1.503030651108635748e-02,4.596073351124628226e-01,9.317503818241808233e-02,-1.259700787966654967e-01,-1.238825381591343311e-01,-1.965927255723264322e-01,-5.338665928851255016e-02,-1.837982057150929632e-02,7.370859474801386146e-02,8.607759347652242654e-02,1.547398498486700913e-01,1.877915830958434285e-01,1.179829395379129175e-01,1.429568969454379779e-01,1.707434032560589954e-01,1.542102857447473774e-01,1.040567931579315653e-01
-1.085695664477143024e-01,-2.147186310745997362e-01,-1.222161907568752037e-01,-1.431851267280627171e-01,-3.659148349890331553e-01,-3.516606013002260278e-01,-1.975427537908868436e-01,-5.369333950539824096e-01,-1.472260199905332523e-01,-4.066065922759098394e-01,4.255781240292143552e-01,3.941190293087759589e-01,1.000000000000000000e+00,4.290976494013852283e-01,3.731343383233216571e-01,7.339390425899570136e-01,2.615215146077989883e-01,-7.652427142038463470e-02,5.934488989517940905e-01,4.463021641622162416e-01,3.874078233015564310e-01,3.631475619725776371e-01,-2.753126304302840888e-01,1.276740019210715615e-01,1.957659861118178912e-01,-1.400250166465707158e-01,-2.336240868984271746e-01,-7.535343627617210882e-02,-1.822637281085111305e-01,-2.435795871197492801e-01,-4.286742392960791320e-02,-5.412441301860074520e-04,-2.014573871533260063e-01,-7.900576856333007408e-03,-1.319296952788955903e-02,-3.864744098612946793e-02,1.636533537660031512e-01,1.058836127745502731e-01,-2.974119029226931499e-01,2.059686102306794719e-01,3.061319067782086734e-01,3.029858888699612507e-01,2.732983189119672085e-01,-2.604632501364341213e-01,5.108435927135576704e-02,7.211762838596101621e-02,-4.024818521546069672e-01,3.384133498870409151e-02,-7.282861285842248678e-02,-5.265390698527971924e-01,-1.611656619810630103e-02,-8.919537209897862281e-04,-5.187881184488685182e-01,-1.997450911383024386e-01,-2.170952436533734875e-01,-6.999361182381244606e-02,7.596587915815411485e-02,-1.530939249989069217e-01,5.116449453342161724e-02,1.979538958375719471e-01,6.821912911771380907e-03,8.498098169263271218e-02,1.223765193496113325e-02,-7.386640075590060472e-02,-1.599906377205137509e-01,-8.892353566337099502e-02,-2.353278486772925615e-01,-1.367345401816402184e-01,-3.809001132105758192e-01,-4.256164542323593314e-01,-3.361914099279051382e-01,-1.059793987832672590e-01,-5.149924671031903545e-01,-2.666821758435055645e-01,4.550519677988576484e-02,-2.700176776244586074e-01,2.724139544426696924e-01,2.599699398095645653e-01,5.212141376682788430e-01,4.384690973027838834e-01,2.066242556661618823e-01,5.420190183615087864e-01,2.657650945803899933e-01,3.921930858752505356e-01,4.784311740248865519e-01,1.453978916265924737e-01,-2.093603480866783675e-02,-2.475952873164431398e-02,2.961731387603781795e-02,1.311162240362579723e-01,1.792053745168145085e-01,8.352649955783648938e-02,2.737633558839470682e-01,2.420748173274409887e-01,2.272524010565957209e-01,2.054585858497270934e-01,1.928308185938542862e-01,1.249028378270405498e-01,9.346075667285504152e-02
-1.930027597927767014e-01,-1.879285089627935057e-01,-4.501489746661884728e-01,-2.507189158582935895e-01,4.614586848747483788e-02,-3.888265239964056597e-01,1.231033182806957754e-01,-3.258060451911671818e-01,-2.836018990013697838e-01,1.161592369561552374e-01,6.760824006277214027e-01,3.953185016563455778e-01,4.290976494013852283e-01,1.000000000000000000e+00,3.579633361023835114e-01,3.119790142157445878e-01,6.283453520292439087e-01,1.758009443177636910e-01,2.751502088352688058e-01,2.874580148493993126e-01,6.183690670043664461e-01,6.161939076233725610e-01,-3.647893809692625156e-03,2.167162987460545878e-02,-2.527787692954422960e-01,-4.165087816625674955e-01,-4.866522029902144997e-01,-4.175363180829426146e-01,-2.658898666454244109e-01,-4.672685421943131856e-01,-1.463351528449334804e-01,1.965317649715273007e-01,1.223091836107921826e-01,2.869571629544679925e-01,2.738144414719300146e-01,1.845262455047420036e-01,3.523479128952913819e-01,1.102051222745706466e-01,7.461651080044559570e-02,1.272804542054324917e-01,5.220682620517965722e-01,-9.504715404228673836e-02,-2.343482198003317141e-01,-6.003815951298894227e-01,-2.926178950777069132e-01,-4.007620521639129185e-01,-6.118421479644742256e-01,-4.384145149285740284e-01,-3.623909693154014344e-01,-5.779551594889082988e-01,-4.441412620396091859e-01,-3.545329079038098130e-01,-5.091439136683992839e-01,-4.406927666978909808e-01,-3.198223568630073621e-01,-8.286976732580388083e-02,1.086681126041248863e-01,-9.136457190709697251e-02,-1.124687029405001676e-01,1.231557322905370983e-01,1.541710620701289836e-01,1.800453943727104433e-01,1.494130337368281825e-01,1.323770146712381079e-01,6.432312341488963248e-02,1.209822424822205172e-01,3.707831678711186879e-02,1.578000531984476498e-02,-2.520506245609552831e-01,-3.281109631564304019e-01,1.647773516702158002e-03,-1.973859997058276805e-01,-4.065817419580152747e-01,7.720643515902192444e-02,-7.080346516199978457e-02,-4.216079691447112143e-01,1.205156740223342210e-01,5.020887455609204242e-01,4.153533667333249024e-01,4.238496813677366526e-01,6.210705652209981276e-01,3.318146798585112078e-01,4.823853012725556888e-01,5.896484656441479677e-01,1.842419083065350016e-01,3.078331957707351463e-01,1.592461745271264439e-01,-1.627389144191370429e-01,-2.125434903565249223e-01,-2.932637287286058228e-02,7.911197189993048051e-02,1.935553388450757901e-04,1.285031439649516882e-01,1.644841318234339378e-01,1.170927353289443335e-01,1.295686157635463354e-01,1.729171647091821695e-01,1.689035662443526820e-01,1.049419387285851490e-01
1.785868828990162110e-02,2.051333252640927252e-01,-6.512350557090312853e-02,2.425276604430190441e-01,1.505478670191941204e-01,7.108228374021526019e-02,3.872640818409603947e-01,-1.935672594273220859e-01,2.239545977495470963e-01,-2.230773713957338519e-02,3.608772878878401258e-01,6.516358907334447448e-01,3.731343383233216571e-01,3.579633361023835114e-01,1.000000000000000000e+00,3.395908267670738057e-01,4.774768444516920840e-01,-3.015703778025494164e-01,1.966182151381380694e-02,5.216421409256499775e-01,2.835406420305691122e-01,3.864086332158782056e-01,2.425249152794951846e-01,4.596184820134871507e-01,-7.470320641111514483e-03,8.303704003728937244e-02,-3.607771058463956626e-01,-5.194118951523530453e-02,3.760431570644269528e-02,-1.152585594175511291e-01,1.309511913295015595e-01,1.961165511579557874e-01,3.831057695323340090e-02,-5.124074954896309930e-02,-1.576861829516147326e-02,-2.606497456018109782e-01,-1.166573951235036211e-01,-3.657994514728755697e-01,-3.173800980251749171e-01,-3.448174789506821547e-01,1.240212952521331097e-01,-2.119443317771254887e-01,6.020729993185416906e-02,-3.573110541056904732e-01,-4.318281476082992398e-01,-3.560470445684559004e-02,-4.297983244605945718e-01,-2.766518233048679831e-01,1.794361319929648757e-01,-2.478416145128611026e-01,-3.029607997490206817e-01,1.342325108062701333e-01,-1.667099185128886607e-01,-2.575318611217655151e-01,2.624392727559525171e-02,1.960672645576910789e-01,2.883667752431163245e-01,9.525378874195836176e-02,8.954527723861961663e-02,1.907188006061666385e-01,2.783016636281821499e-01,1.510949021710509821e-01,1.255592583092463299e-01,1.453220581254844601e-01,8.734887521634085439e-02,9.198246919386246154e-03,-1.619912168920291662e-01,8.908773494404255422e-02,-8.777057370952608129e-02,-4.482329307008858232e-01,-3.685253395636154949e-01,-4.748601057348407761e-01,-4.056416653722894616e-01,-3.243780575900872543e-01,-4.556272819539595176e-01,-4.449655421999086924e-01,-2.718369944671038541e-01,1.685242904434943595e-02,3.931115769154226447e-01,2.653018784812308239e-02,3.433960532299971113e-01,3.741976838719038301e-01,-3.423654688442458877e-02,3.830743093430109547e-01,1.177182400296641201e-02,-1.802983949443347222e-01,-1.405745013922360398e-01,-2.325510013125652031e-01,-4.209244884038323975e-02,-8.352264763217992494e-02,7.238993397930479357e-02,5.610212959814640105e-02,1.117046728370545972e-01,1.512053611562115540e-01,9.463108694578201141e-02,1.024902977818498290e-01,1.086544953603170438e-01,9.673980328257238137e-02,6.937998078997582863e-02
