1.000000000000000000e+00,4.402792662178358629e-01,3.775815077985547052e-01,4.811954415089425008e-01,1.800557215348556062e-01,2.060579428152824744e-01,2.682543579042032666e-01,3.718385946685522081e-02,1.352785253668877252e-01,2.237952462319514266e-02,1.297638806578751275e-02,7.612510114976969722e-02,1.606257166944405068e-01,6.937775202767876292e-02,-3.645579412662867773e-03,-1.062215358407757847e-02,-3.033277917343718804e-03,-7.265624699145364906e-02,-5.028145733847780990e-02,-1.585614938505338148e-02,-4.699442474726774760e-02,-4.804427899764417836e-02,6.046786035247068980e-02,1.269480883311793207e-01,5.611543531143819291e-02,9.774631356182236774e-02,1.098007068992751245e-01,9.743106515664046174e-02,8.361375421174412070e-02,3.167099060393058219e-02,-6.441276206474608190e-02,-5.803927871157704699e-02,-3.674640356683464559e-02,-8.039115780149110350e-04,-4.110487041339042774e-02,7.586609141474663642e-02,-7.419436457494792657e-03,-7.707663168278275356e-02,-6.128980827244634444e-02,2.363459508818658260e-03,-9.780226504270546350e-02,-1.684388336201475198e-02,1.232448894454832161e-01,5.156096043685649832e-02,6.764177827426379186e-02,1.147863841094928922e-01,9.785701543954004877e-02,9.172817197136338974e-02,7.157138886315261850e-02,7.293608898599793222e-02,6.855990602194803052e-02,1.239583927749004708e-02,-9.174804292349054632e-03,3.144089774819560507e-02,-2.861440547888945835e-02,4.058867978380889530e-02,-7.774559935414873668e-02,-8.427667912076335088e-02,-5.027493719154007418e-02,-1.380831533192845850e-01,-5.338994634881940107e-03,-6.120081360509335017e-02,-1.740729300122232509e-02,2.015631168266671450e-02,-4.276184047069395144e-02,-9.013900008802949726e-02,-1.525515478961049878e-04,-6.880091185430987910e-02,-5.537991596611959583e-02,8.526144637663343392e-03,-3.108612129704932392e-02
4.402792662178358629e-01,1.000000000000000000e+00,3.774669587695724804e-01,4.806223581645530096e-01,4.321762776097313741e-01,2.043142637989905086e-01,3.289328256038914211e-01,1.546430347952773010e-01,1.974899882640797355e-01,1.354780567041235506e-01,5.412043105549950439e-02,-6.898789478200365380e-03,1.841166661055206877e-01,8.012175401969807986e-02,-6.676790313471618610e-02,5.523554081584863135e-02,-2.517594927485402104e-02,2.222331522278512064e-02,1.028570334575790689e-02,1.009080938275584184e-02,3.924050228863177475e-02,2.910660895145419924e-02,9.153404419900185163e-02,8.645304229894364145e-02,1.184951526482742705e-02,1.057875715456949167e-01,3.530308917349551934e-02,8.951009692485191460e-02,2.124122825266066758e-02,-1.834308717655218010e-02,-1.165627951405957957e-01,-2.569280861934623243e-03,-9.074600214764497186e-02,-5.991858383114358894e-02,-5.165474958178771503e-02,3.584978402729541158e-02,-1.234813530849435473e-02,-1.712620766897648625e-02,-6.431620263065460086e-02,8.078557821035978193e-02,-6.926552511022875114e-02,-5.340902926201071543e-02,7.937995770705716381e-02,-2.935026104100162819e-02,-4.476621284786223322e-03,1.055159659288576329e-01,1.188115760053375797e-02,1.117737460704159580e-01,3.785593030076796206e-02,5.303255194267062628e-02,9.975314294331137643e-02,4.767830719788924282e-02,5.379622731512243711e-02,8.290326321993565784e-02,2.660677175042106685e-02,9.227278436738932388e-02,-4.569829162159724789e-02,-1.445960568164760540e-01,-6.355660099291764176e-02,-1.517925244890755143e-01,-6.914633513166273948e-02,-5.072579405612431813e-02,-1.322238488247030191e-02,8.127443059211471310e-02,2.793524038615774474e-02,-2.635073254657610900e-02,5.201400890266590082e-02,2.089784130959315353e-02,-3.382594560090984061e-03,1.089721326488655023e-01,5.453452096587825537e-02
3.775815077985547052e-01,3.774669587695724804e-01,1.000000000000000000e+00,4.010888758376455199e-01,4.109030992951525074e-01,4.183326994928263654e-01,2.520272311482275041e-01,2.046925155818494213e-01,1.793490692003341935e-01,5.319286393700575072e-02,8.524426863846673585e-02,7.567620287197464324e-02,1.048218478287738092e-01,6.649629477082618853e-03,-3.575551694761231608e-02,-3.150753577895101798e-02,-7.446284953523728267e-02,-5.394003581949473325e-02,-1.440763629621662906e-02,3.148989059975707688e-02,-6.110034729764211858e-02,6.580767866916303020e-03,-3.509141029229753683e-02,4.203567870835620002e-02,-8.674469174906711266e-02,3.640402717843124400e-04,4.175905581427029334e-02,-4.269697408765978780e-02,9.091824925361938203e-04,-7.094045746350849391e-02,-7.366502416707570999e-02,-6.864554644798510907e-02,-2.584339581153142357e-02,-8.156421998342341939e-02,1.564607924606855466e-02,1.183593022509017018e-01,5.163201942834281383e-02,-1.085769288565522055e-03,3.423548552668893158e-02,7.016746083615299501e-02,-3.965137971170849124e-02,4.892985676833400827e-02,1.139563000009132798e-01,2.612387937904459348e-02,-3.536130032849062188e-02,1.207267037976687968e-01,-8.538656538191165615e-04,7.320021690192006492e-02,9.388900524795955327e-02,-9.971397526958957272e-03,4.644432639918235489e-02,-2.513250887894253119e-02,1.147759813631310695e-02,2.259739357135871415e-02,-5.196803340869021043e-02,5.586817600723543303e-02,1.650841876886998197e-02,-5.875881370199266540e-02,3.190195409005375932e-02,-7.711946776289459182e-02,-3.014933997437809995e-04,-5.465830778307002175e-02,-8.182290672143585630e-02,-5.837834970569721893e-03,-6.364600011269468116e-02,-2.848495856745598617e-02,7.908781832828640224e-02,-5.946513683451952643e-03,6.621398700439595775e-02,5.409414958928240869e-02,6.945125222370819584e-02
4.811954415089425008e-01,4.806223581645530096e-01,4.010888758376455199e-01,1.000000000000000000e+00,3.966754385602428989e-01,3.967028931466679564e-01,4.769184845421042263e-01,1.662094976705340843e-01,2.674806071721318457e-01,1.246762904509643027e-01,1.050538800430192016e-01,5.709164114386466871e-02,1.945546120735450746e-01,4.961242794896464359e-02,-6.646699933775342128e-02,-1.678751255548015242e-02,-4.116407301263109997e-02,-6.063009286571481582e-02,-4.444271220216628598e-02,5.013154050442850986e-03,-3.239118193468035894e-02,-2.309702845409410468e-02,7.079259697873839519e-02,1.410256918980987151e-01,5.055690815749891431e-02,1.187737262189446780e-01,1.057237016324826112e-01,9.628567497452579504e-02,5.614804428904867500e-02,-2.396437348043693738e-02,-1.160788856467940416e-01,-6.050133932669288228e-02,-8.385131294655551182e-02,-7.035786986014901101e-02,-4.749640638743688609e-02,9.355108635480186008e-02,1.538462011713773690e-02,-5.293166498135610382e-02,-2.499093981711545537e-02,6.636154678957437159e-02,-8.375540663175994049e-02,-2.249880396763753471e-03,1.335783250781061859e-01,3.379070873716964740e-02,2.612553479347233878e-02,1.592757392865221944e-01,8.013160430737770179e-02,1.152752482708702120e-01,8.778079392161225458e-02,6.427634966741244127e-02,9.825146224324469990e-02,3.757213144422565793e-02,1.530443135830831386e-02,6.698671465574440598e-02,-3.051790796979890474e-02,1.046905626760703673e-01,-6.407690984757652419e-02,-1.511487163446953164e-01,-5.447780245945423039e-02,-1.762126260614282902e-01,-3.909938043995301454e-02,-1.175417070429175537e-01,-6.138982460557264320e-02,3.402421914778960138e-02,-4.562051368634814641e-02,-8.194523693268634945e-02,3.696511781810062763e-02,-4.099180453318043010e-02,-1.962142466350432282e-02,5.566103533632757450e-02,2.043961097308521699e-02
1.800557215348556062e-01,4.321762776097313741e-01,4.109030992951525074e-01,3.966754385602428989e-01,1.000000000000000000e+00,4.037616629835877879e-01,4.215213657570359707e-01,4.034003629483531306e-01,2.590781800126946144e-01,2.508621250208375453e-01,1.400966838890771726e-01,-6.069242214561306609e-02,1.379952401415458774e-01,4.000258757191536146e-02,-1.183798932928926961e-01,7.954549475748835807e-02,-6.990138888549704554e-02,9.390535226389201684e-02,8.257935345023356688e-02,9.911394169243323282e-02,9.838367147437426796e-02,1.077029028079458522e-01,7.283198923292960592e-02,1.975883871099668593e-02,-6.636944995465489383e-02,4.983787835805954941e-02,-5.949794561012509281e-02,-1.292139045925215501e-02,-8.169890520036100778e-02,-6.479821681702377378e-02,-1.113394911734361670e-01,3.617475328816586316e-02,-6.811527545699896935e-02,-1.021904980192515217e-01,-4.642294504126482507e-02,1.588823820026436656e-02,-2.282924448734881262e-02,5.017118503591562473e-02,-7.286037355195105515e-03,1.463394362760841727e-01,8.731523851481426748e-03,-2.735881432162922539e-02,-3.338812203066881591e-04,-9.536011955761600212e-02,-9.038550630857464241e-02,3.178336773257805364e-02,-7.354930331684723932e-02,6.735529411351319495e-02,-8.212804108629626759e-03,-3.141719181686857681e-03,8.379795990458038801e-02,6.577651603880303732e-02,6.522758044367066299e-02,1.019335749378791067e-01,4.657962835946654473e-02,1.033570978617974756e-01,3.477019681304859000e-02,-1.385174245642769864e-01,-2.555912597460534633e-02,-6.671430887020467215e-02,-1.273774713480109455e-01,-4.403361549133258390e-02,-1.926784223627060061e-02,9.707117829346702254e-02,6.776570926216106405e-02,6.590460074597848106e-02,1.110481885543182778e-01,8.234269404071167808e-02,8.313436485735616055e-02,1.323980116677579977e-01,1.216164095091007424e-01
2.060579428152824744e-01,2.043142637989905086e-01,4.183326994928263654e-01,3.967028931466679564e-01,4.037616629835877879e-01,1.000000000000000000e+00,3.859968821689518936e-01,3.653361197592726040e-01,3.201380356050229081e-01,1.552036275196124471e-01,2.409687900718751330e-01,3.657451142025536922e-02,3.143393431719301162e-02,-7.104127669271648182e-02,-1.146894542428068958e-01,-5.593046462028005567e-02,-1.202075535785699228e-01,-3.266690818852268502e-02,3.174722372392605602e-02,8.482880494148760386e-02,-7.475082623139578386e-02,3.746937466695168806e-02,-6.787259445396411073e-02,1.883442664116168411e-02,-1.098920846200282936e-01,-3.511142230393603930e-02,2.703915423570478482e-03,-8.148637929922598888e-02,-8.522382902893838041e-02,-1.312654584321369389e-01,-1.189978085863446500e-01,-6.121881725921890505e-02,-3.897514846213367273e-02,-9.068106180111785986e-02,6.404556542341148517e-02,1.437684410760080578e-01,9.018913256137987833e-02,6.673582898767195515e-02,1.105881872112636916e-01,1.349865920850296108e-01,8.903199138731368936e-03,1.208772480153633005e-01,8.934983066591098422e-02,1.669143250600772094e-02,-8.461332342567837173e-02,1.207524077337698148e-01,-3.454457682469676272e-02,3.047685715696692166e-02,3.391021213144627955e-02,-3.819420611634655877e-02,2.446128331675125056e-02,-5.699136002553717439e-02,5.883980889448942909e-03,2.230707277100383440e-02,-6.656791713097846841e-02,8.381521559421091505e-02,4.566202243821577272e-02,-8.993038366524352956e-02,4.652193066438473773e-02,-5.800136962930444590e-02,-4.935984565813879288e-02,-7.564182868890584333e-02,-1.175718439243445268e-01,-9.121808308465467058e-03,-6.713723534245109870e-02,-1.637564349563111130e-02,8.465943593283976887e-02,1.154280614063784953e-02,1.166345309211369724e-01,6.458684191332116076e-02,1.090954368152249887e-01
2.682543579042032666e-01,3.289328256038914211e-01,2.520272311482275041e-01,4.769184845421042263e-01,4.215213657570359707e-01,3.859968821689518936e-01,1.000000000000000000e+00,2.712548240465957883e-01,4.246155373842664948e-01,2.489352710895144372e-01,2.408249332905379736e-01,6.179487036103099157e-02,2.037307699051429666e-01,-1.217003995693169589e-02,-1.755366890194745011e-01,-3.059727719995791392e-02,-1.132572094756922887e-01,-1.463500696235970830e-02,-7.838753295464545578e-03,9.992799126620229011e-02,4.661734823008770179e-02,5.567676302261564264e-02,8.972328900298957854e-02,1.270583251433413663e-01,4.315492597687286408e-02,8.347185096355019818e-02,4.864185095077341175e-02,4.708724891936579005e-02,6.634577916901309878e-04,-8.723608932506721203e-02,-1.346982679748024714e-01,-4.157316036671233200e-03,-1.198214965252058506e-01,-1.253797482128857776e-01,-4.015986236479045235e-02,5.482744797977882889e-02,7.333000970284655681e-03,-2.274308934256090084e-03,9.589212120047263532e-03,9.712803698903549332e-02,-4.846986716385169591e-02,4.628159034122532670e-03,8.470721595998779996e-02,-1.801311431189671092e-03,-2.531517249705977565e-02,1.087055689172652800e-01,8.593220978240214900e-03,6.809678941037086708e-02,5.315004697893148389e-02,2.916855049830070767e-02,1.426477058773301387e-01,5.125172402044791964e-02,4.650052926219074012e-02,1.090811907752878146e-01,2.673825517512565903e-04,1.483844342738371291e-01,-6.687383060225655929e-03,-1.815224073780240810e-01,-4.005707118892926771e-02,-1.494556057639254698e-01,-1.156209571376714818e-01,-1.161244095399401044e-01,-4.386631971330661600e-02,6.812768509891412028e-02,-8.414764603459018791e-04,-1.629880721439381326e-03,9.665881169229634251e-02,2.947826680566308435e-02,6.141511597830284774e-02,1.237572511464812564e-01,1.064060101061934938e-01
3.718385946685522081e-02,1.546430347952773010e-01,2.046925155818494213e-01,1.662094976705340843e-01,4.034003629483531306e-01,3.653361197592726040e-01,2.712548240465957883e-01,1.000000000000000000e+00,3.112625869697840386e-01,3.425886123056522403e-01,2.427005479537214516e-01,-7.638924565520875676e-02,1.058684353819307894e-01,-2.904267425048940362e-03,-1.667339178814544742e-01,2.854595957810436915e-02,-5.026558620366444047e-02,8.744606265067174367e-02,1.376476812308460307e-01,1.506034280141228254e-01,8.955038540701358574e-02,1.532884762766998921e-01,-8.565494171760437356e-03,-3.159752645447549968e-02,-1.237925985469839896e-01,-3.017979104195988097e-02,-9.374502146579784256e-02,-9.038965727353553969e-02,-1.302501764373071858e-01,-7.452659966317552731e-02,-6.588808619572564251e-02,5.109915064101911569e-02,2.503390676497628878e-02,-4.676157071139594446e-02,3.749790178644155786e-02,2.061528771049228256e-02,3.806384614361661700e-02,1.061077104809149962e-01,7.154999931748926012e-02,1.596890003703506089e-01,8.141575735372763578e-02,2.533075517794676143e-02,-5.463360517202155153e-02,-9.843422876613357186e-02,-1.257285207455630660e-01,-2.431225086794091758e-02,-9.984593395563563789e-02,-2.894149844076767189e-02,-2.530076635879645666e-02,-7.071511124646626123e-02,-1.115531068596725206e-03,-1.111869242010747952e-02,5.544922961965847302e-02,3.911554488397233492e-02,3.764584168153429361e-02,7.199521563796337786e-02,9.025202051575546836e-02,-7.669366894931094192e-02,5.501940565383753139e-03,5.863755106074537184e-03,-7.902832158917359739e-02,4.596934474474945014e-03,-4.950669140343780250e-02,3.505837827708259413e-02,4.626492525407662620e-02,1.191581320889129603e-01,1.368899119329535785e-01,1.086488955427000747e-01,1.445041295408362736e-01,1.088188199173092952e-01,1.272324692117031142e-01
1.352785253668877252e-01,1.974899882640797355e-01,1.793490692003341935e-01,2.674806071721318457e-01,2.590781800126946144e-01,3.201380356050229081e-01,4.246155373842664948e-01,3.112625869697840386e-01,1.000000000000000000e+00,3.839674704075903833e-01,6.156263150489782454e-01,3.944425252176985558e-02,2.362685347074406361e-01,-2.324930876838559313e-01,-4.753472562224028142e-01,-2.131280658844214859e-01,-3.134099074073604108e-01,-1.654415304567290468e-01,-8.721577113989029129e-02,-2.620459523202315830e-02,-5.134747477256253190e-02,9.289600921601690042e-02,-4.235201101398693851e-02,8.985791265025701302e-02,-1.765900278275354604e-02,-3.735960508809280274e-03,4.662117392860033044e-02,-3.696443767370341527e-02,-9.429765775141461109e-03,-1.391630547972105558e-01,-1.929426945285116490e-01,-5.850776089834857502e-02,-1.710442752273023670e-01,-1.247468316745589667e-01,-1.346302604473310037e-02,2.172107251843697837e-02,4.654955351108362553e-03,2.621678760262016045e-02,2.178257603283964214e-02,5.688745414432817143e-02,-4.283459439846053901e-02,8.808841039835599643e-03,7.757825108509718015e-02,-1.215895074296298624e-02,-2.710977262255525808e-02,1.344164567793494636e-01,2.745861645021377764e-02,7.869288261490704761e-02,5.410909531705407338e-02,1.351488270861852560e-02,1.196586971172529518e-01,4.271263630739922240e-02,2.366254897023763182e-02,9.356890551530173961e-02,3.498094105895922096e-02,1.316463830566468596e-01,3.416260632359183896e-02,-1.354982740978619982e-01,-3.234325605569070283e-02,-7.681014721898053732e-02,-6.700864133720237092e-02,-5.122377599424236816e-02,-5.364646407933752748e-02,9.863658166250288684e-03,-2.643693226145413938e-02,6.620060577790726208e-02,1.111477048902888287e-01,1.474994913390333812e-02,9.708609313275341768e-02,8.214923216403130501e-02,1.125667809570807809e-01
2.237952462319514266e-02,1.354780567041235506e-01,5.319286393700575072e-02,1.246762904509643027e-01,2.508621250208375453e-01,1.552036275196124471e-01,2.489352710895144372e-01,3.425886123056522403e-01,3.839674704075903833e-01,1.000000000000000000e+00,3.337692410105252971e-01,-4.607176892381854572e-01,4.417815054889780504e-03,-2.144082431664711200e-03,-3.384049373636410230e-01,3.024295179380322995e-01,-4.976411779165697269e-02,1.399607897141242896e-01,1.437158010792875251e-01,4.778501637621500320e-02,1.853185390619590811e-01,1.808712744654985827e-01,3.716893505664926878e-02,-3.616961758808034250e-02,-2.251434259172207727e-02,8.176459742857054153e-03,-6.212934869131402776e-02,1.040968642739908273e-02,-7.507292391082398542e-02,-1.544921985573903880e-02,-7.446254870014876182e-02,8.627872391728934331e-02,-5.132337740235794199e-02,-6.505480814638476585e-03,5.391868146880973711e-02,-3.968912469248069008e-02,4.937310821853362758e-02,1.308328572047061378e-01,3.355014135992472057e-02,1.112949605000559949e-01,5.882090910259513139e-02,5.270841960814134051e-03,-5.109140600881064559e-02,-6.507121414855067398e-02,-7.831118691925506581e-02,-2.924120216419558854e-02,-1.074165576204197808e-01,1.109510933110206474e-02,-6.485307524917784117e-02,-1.418551419605087148e-02,3.986919035565110458e-02,6.493794266714651708e-02,4.260489837990746875e-02,8.051874079119583638e-02,5.882183810074927827e-02,6.141491136347296959e-02,2.918709746053640974e-02,-9.417000724105409337e-02,-5.955578966156496040e-02,-6.173941708177415645e-03,-1.065494577690299649e-01,3.699001395959224808e-02,4.281131051525045861e-02,4.992025995396783683e-02,1.013090448906143470e-01,1.090920417621265709e-01,4.522352703720843026e-02,1.253618855794768339e-01,6.900325147719453545e-02,1.068716759832454566e-01,9.658037035475647292e-02
1.297638806578751275e-02,5.412043105549950439e-02,8.524426863846673585e-02,1.050538800430192016e-01,1.400966838890771726e-01,2.409687900718751330e-01,2.408249332905379736e-01,2.427005479537214516e-01,6.156263150489782454e-01,3.337692410105252971e-01,1.000000000000000000e+00,5.834467650558162327e-02,-1.564958286034850710e-01,-4.936560360238893552e-01,-4.868456578143701141e-01,-2.773811419130946532e-01,-3.872841041873731904e-01,-1.128109500842961882e-01,-1.147866653448939567e-01,-3.302172641895068789e-02,-4.702343009900222803e-02,8.170351983716576949e-02,-6.816568924876124924e-02,4.585929269435115585e-02,1.131748059243850232e-02,-4.457625234843690110e-02,-5.105333283090936203e-03,-6.839977618472947718e-02,-3.419087113289594887e-02,-1.413688911508061696e-01,-1.331710522047641621e-01,-3.211932858410474628e-02,-1.175019391275784614e-01,-1.142583389956724343e-01,6.333196437115216904e-02,9.964186026367123639e-03,7.465968995507131500e-02,1.036289252921974297e-01,1.156268534268340281e-01,1.045540782426437887e-01,5.522158670795329627e-02,1.011358294984206763e-01,4.897624967245486904e-02,2.425154874545886255e-02,-7.762901492035742534e-02,1.063502387833887147e-01,-9.615339739918212295e-03,9.145621625987561745e-03,1.707990952972107679e-02,-5.163509859435876787e-02,9.305364835269357149e-02,4.987357024015323138e-03,1.234282986062612379e-02,6.427495308200173452e-02,9.107547909200377004e-03,1.103104950784263016e-01,4.586561610322468369e-02,-1.019550960637754244e-01,1.068525239937191673e-02,-4.514210561326029159e-02,-5.029661752963602434e-02,-5.686636424774811627e-02,-9.448524178970099663e-02,-7.047756434580094986e-02,-5.995010564433641415e-02,4.241264033479098111e-02,6.159292739519808824e-02,1.780636598799471143e-02,8.881171822745852207e-02,4.184372305123511271e-02,8.210784418548404406e-02
7.612510114976969722e-02,-6.898789478200365380e-03,7.567620287197464324e-02,5.709164114386466871e-02,-6.069242214561306609e-02,3.657451142025536922e-02,6.179487036103099157e-02,-7.638924565520875676e-02,3.944425252176985558e-02,-4.607176892381854572e-01,5.834467650558162327e-02,1.000000000000000000e+00,1.118495718157634794e-01,-8.354589206927985623e-02,1.741951028187780914e-01,-3.399762446544880024e-01,-1.464023108266855784e-02,-1.414263706444344459e-01,-1.192357930345444711e-01,2.327213081081480270e-02,-1.359787112052390778e-01,-7.765383788173083057e-02,-7.440148747715710255e-03,1.234236902846887751e-01,8.080213578803471797e-02,4.034320195772507500e-02,1.145174962554016546e-01,1.249042825540322074e-02,9.650461687661152088e-02,3.492424295738212180e-03,2.206661487119147835e-02,-3.768323616472957216e-02,1.377584047600906303e-02,-6.552176874754660207e-02,-1.511939026751062988e-02,5.894346335097057354e-02,-6.957332329494338163e-03,-6.332179295290921162e-02,-1.926840250032469185e-02,-4.167100706193083148e-02,-3.534216162958211949e-02,2.350183073867920941e-02,1.425789781216104946e-01,1.059870233424933111e-01,8.931047855390170098e-02,1.176425517760100459e-01,1.493457022341669327e-01,3.775855846907218843e-02,9.664205672769177191e-02,3.188813607676563994e-02,3.094906095070898075e-02,-4.273755307745141785e-02,-2.554454383224380107e-02,-3.182992499272812442e-02,-5.709271415777016079e-02,3.000114109048419853e-02,-1.886094550501934280e-02,-1.760437784189277516e-02,3.302390137461200248e-02,-6.449786383552805202e-02,9.477242420220240160e-02,-4.799726454010339732e-02,-6.489828266224755005e-02,-6.050220064171724088e-02,-1.191520070901725403e-01,-1.026781591995728771e-01,-9.567739974189916688e-03,-1.324301607191886165e-01,-2.501286832869432236e-02,-7.747686598651942758e-02,-3.466481668227866519e-02
1.606257166944405068e-01,1.841166661055206877e-01,1.048218478287738092e-01,1.945546120735450746e-01,1.379952401415458774e-01,3.143393431719301162e-02,2.037307699051429666e-01,1.058684353819307894e-01,2.362685347074406361e-01,4.417815054889780504e-03,-1.564958286034850710e-01,1.118495718157634794e-01,1.000000000000000000e+00,3.567949532683132863e-01,6.081236129413755687e-02,1.210484665899037166e-01,1.680706918979400499e-01,-5.550608988174691311e-02,3.382632245927430503e-02,-7.919260211722532750e-03,7.525614046128438657e-03,1.663533227298541126e-02,7.557350854040727206e-02,1.636545246718175695e-01,5.595900683421860949e-02,1.318449530782283274e-01,1.228971647730929123e-01,1.093932461221754499e-01,1.062328874104904591e-01,4.289689168401531610e-02,-5.699889828451692314e-02,-3.261544163047883776e-02,-6.915549922150245055e-02,-2.874346688429461893e-02,-1.140862353058098438e-01,1.455053626798443259e-02,-8.223800156463202671e-02,-1.152163548294366374e-01,-1.251974171650743761e-01,-3.901201931417852542e-02,-1.284255391561798521e-01,-1.162593667647945361e-01,1.265611295611730747e-01,-1.206034996492063791e-02,1.400720025331801954e-01,1.089045904543650273e-01,1.448729835019478829e-01,1.639088659699458883e-01,1.184360726240276523e-01,1.399262002462738352e-01,7.380870225396109208e-02,7.947664397452586238e-02,4.455785508751673903e-03,4.153446801167824665e-02,4.483613372338018238e-02,1.248577807261296718e-02,-6.683560732009258265e-02,-9.020238334512949152e-02,-1.111595987029804222e-01,-1.049841047181663961e-01,-1.572284807322987810e-02,3.076378971921439869e-03,2.275858181618418616e-02,8.015231628198063452e-02,2.264503459165007407e-02,-3.522116812921666923e-02,2.208071479959804184e-02,-6.708564937926009275e-02,-6.108731174423331217e-02,2.043901938894663803e-02,-1.544485240346653472e-02
6.937775202767876292e-02,8.012175401969807986e-02,6.649629477082618853e-03,4.961242794896464359e-02,4.000258757191536146e-02,-7.104127669271648182e-02,-1.217003995693169589e-02,-2.904267425048940362e-03,-2.324930876838559313e-01,-2.144082431664711200e-03,-4.936560360238893552e-01,-8.354589206927985623e-02,3.567949532683132863e-01,1.000000000000000000e+00,4.493218430917869655e-01,5.412837079967822707e-01,5.985734428995043155e-01,2.232209642784931114e-01,2.710089103593016913e-01,1.538400549836060893e-01,1.508313879765108834e-01,5.766832506933050606e-02,1.431856288025262214e-01,6.148441895589904643e-02,5.932623017523700609e-02,1.470218176623143969e-01,5.507356944919870184e-02,1.532024121356818369e-01,8.561174585731642916e-02,1.962263211841784316e-01,9.838512642923272211e-02,9.906670217726386285e-02,1.333647085614608485e-01,1.123532597749088840e-01,-4.058003227775049127e-02,1.242917485159702670e-02,-5.355149422156238459e-02,-3.630703162952388791e-02,-9.606328372094857793e-02,-2.631602564449164391e-02,-2.359465594197737021e-02,-9.431585245410639695e-02,-7.090285678403303142e-03,-3.654092247944175365e-02,9.917031178563166793e-02,-5.881770979257635451e-02,3.513314817459119860e-02,4.752008052909115904e-02,-1.825978631719803180e-02,8.633765934863477098e-02,-3.753892552151659456e-02,4.050321236152499421e-02,-1.035586778791385693e-02,-2.997604033520697570e-02,2.801105529320508866e-02,-5.858390269123742861e-02,-8.101739258935120036e-02,-1.777874208859815328e-02,-1.135303247994786241e-01,-2.426540254755318177e-02,8.763397676370380737e-03,7.327381516700906539e-02,8.703780495541457718e-02,8.669657755129957233e-02,8.691509005154257617e-02,-3.947261838433669540e-02,-5.796527644951086217e-02,-8.963013802717989878e-03,-8.052913181284408750e-02,-5.403743406370981051e-03,-5.138091773806319207e-02
-3.645579412662867773e-03,-6.676790313471618610e-02,-3.575551694761231608e-02,-6.646699933775342128e-02,-1.183798932928926961e-01,-1.146894542428068958e-01,-1.755366890194745011e-01,-1.667339178814544742e-01,-4.753472562224028142e-01,-3.384049373636410230e-01,-4.868456578143701141e-01,1.741951028187780914e-01,6.081236129413755687e-02,4.493218430917869655e-01,1.000000000000000000e+00,2.833966713596245968e-01,5.082119344077395962e-01,2.976445128305749144e-01,1.485902103867130508e-01,9.922602459437523947e-02,3.792770447721870164e-02,-3.975553730907781247e-02,2.384128062462962522e-02,-3.705065815418120273e-02,3.438624415258807049e-02,2.327586611918035578e-02,-7.980372963245977239e-03,7.320427732721507263e-02,4.492830753503052055e-02,1.708550844686807790e-01,1.696085820031431879e-01,5.671417573294405129e-02,2.300061118968309559e-01,1.129124901186647628e-01,2.118302065946510437e-02,2.894685095289957835e-02,-2.467600189967520535e-02,-2.770528055162804065e-02,-2.495040438140446945e-02,-6.131969622279190291e-02,2.630911922167172151e-02,2.110126923334580164e-03,8.004149348130266267e-03,4.552202011513814539e-02,7.079725346935362984e-02,-7.442358617530536735e-02,2.710072714847278075e-02,-4.367244879740632413e-02,-2.343335684695432852e-02,2.018328906820189908e-02,-1.007705317666951900e-01,-4.713416456352110401e-02,-4.214531023157527118e-02,-8.527679421116206304e-02,-4.070922793508145038e-02,-8.631918964280944906e-02,-3.702921454878838753e-02,6.575756498713737630e-02,1.179394014854795274e-02,2.714981546604930407e-02,6.993442013477241259e-02,5.236215958132910825e-02,3.464292683548662877e-02,-1.356319246240617884e-03,-5.073869032007337701e-03,-9.079000264376028972e-02,-7.516715538529698815e-02,-6.191299459905324348e-02,-7.184308911750063309e-02,-9.337131956842677216e-02,-1.029090474734045274e-01
-1.062215358407757847e-02,5.523554081584863135e-02,-3.150753577895101798e-02,-1.678751255548015242e-02,7.954549475748835807e-02,-5.593046462028005567e-02,-3.059727719995791392e-02,2.854595957810436915e-02,-2.131280658844214859e-01,3.024295179380322995e-01,-2.773811419130946532e-01,-3.399762446544880024e-01,1.210484665899037166e-01,5.412837079967822707e-01,2.833966713596245968e-01,1.000000000000000000e+00,4.291631991797484891e-01,4.620156336410144449e-01,3.587515985926522100e-01,1.025017274239343607e-01,2.929552275687011265e-01,1.268029209827701842e-01,1.119217084111446547e-01,-2.264101150416588867e-02,-8.810361226736567949e-03,8.918203744152675139e-02,-6.040089645715526756e-02,1.007279112852343811e-01,-2.951560762734517160e-02,1.478394643615515425e-01,9.080335597536016989e-02,1.316667728037190788e-01,1.323068904898398457e-01,1.048264568861646678e-01,3.432652726566188389e-02,-5.253116509638938725e-02,-1.926523213807890961e-02,5.776734723458798459e-02,-3.002604316316542787e-02,3.299801568646967831e-02,6.504700377640895703e-02,-4.853170893002180242e-02,-1.135046734890240300e-01,-1.051303213669946696e-01,-1.944388612964951385e-02,-1.341342639590859809e-01,-1.021554511523745240e-01,-3.253087924868699327e-02,-1.122863426092077510e-01,5.427285721289250124e-03,-6.220025550121319191e-02,5.144985951457004686e-02,1.654604249439659697e-02,1.649933063677028446e-05,6.230467589210225005e-02,-3.867278328303276613e-02,-2.299246620851081238e-02,1.876281092595379063e-02,-7.709315690088569539e-02,3.204385000557804369e-02,-5.334253985667262304e-02,9.889984450623882928e-02,1.159901971031292306e-01,7.566434064156737915e-02,1.475251067234535085e-01,6.069662271417860383e-02,-5.105896725953531362e-02,1.024822427113633722e-01,-5.358985169325411468e-03,5.326982530703963659e-02,1.193541228029456475e-02
-3.033277917343718804e-03,-2.517594927485402104e-02,-7.446284953523728267e-02,-4.116407301263109997e-02,-6.990138888549704554e-02,-1.202075535785699228e-01,-1.132572094756922887e-01,-5.026558620366444047e-02,-3.134099074073604108e-01,-4.976411779165697269e-02,-3.872841041873731904e-01,-1.464023108266855784e-02,1.680706918979400499e-01,5.985734428995043155e-01,5.082119344077395962e-01,4.291631991797484891e-01,1.000000000000000000e+00,2.984977808017846845e-01,3.534998767460381663e-01,1.949833322687650194e-01,1.891470192119849847e-01,7.259465969659346929e-02,1.206247035641128534e-01,1.379771260966770538e-02,4.845585589940851201e-02,1.307496761869608726e-01,1.854101098923860783e-02,1.349961522184829343e-01,5.177623076560428778e-02,2.331101812017300212e-01,1.862588004848514944e-01,1.404257021711856346e-01,2.023306888799059899e-01,1.165421549107026195e-01,-1.779253322791966158e-02,-2.167306604553613861e-02,-4.223242809055841041e-02,5.340668302384404646e-03,-5.863065700816913473e-02,-5.809920333050864333e-02,2.533693552602311536e-02,-7.299627525143079221e-02,-4.302553938887979795e-02,-2.786994576765799286e-02,7.793604053843658508e-02,-9.582287417200216484e-02,-3.521572377566829521e-03,-1.769401954705154476e-02,-4.187781303998525106e-02,1.734582308942659787e-02,-7.321501727221156608e-02,7.797539147649628667e-03,-6.673667205016199644e-03,-5.836665424233618282e-02,2.550134067490504933e-02,-7.765036404500523515e-02,-2.764806240359334727e-02,4.813978722722208475e-02,-5.861188735397878519e-02,3.118312462153634973e-02,1.492494299396776754e-02,9.670206786998723769e-02,1.019272770062573663e-01,4.743046576671720166e-02,7.491979861851956468e-02,-2.847400857781652063e-03,-7.064612159004750314e-02,-2.360546100493737462e-02,-6.320130401139326115e-02,-3.400883274870905582e-02,-6.804380123963604809e-02
-7.265624699145364906e-02,2.222331522278512064e-02,-5.394003581949473325e-02,-6.063009286571481582e-02,9.390535226389201684e-02,-3.266690818852268502e-02,-1.463500696235970830e-02,8.744606265067174367e-02,-1.654415304567290468e-01,1.399607897141242896e-01,-1.128109500842961882e-01,-1.414263706444344459e-01,-5.550608988174691311e-02,2.232209642784931114e-01,2.976445128305749144e-01,4.620156336410144449e-01,2.984977808017846845e-01,1.000000000000000000e+00,3.945502384729051015e-01,3.088711448063722331e-01,4.099649055933264896e-01,2.907915713161404736e-01,1.518161693984219074e-01,-1.264709064701393347e-02,-5.582074386494251944e-02,1.121398690440313928e-01,-7.489333924852387137e-02,1.208946647596791518e-01,-5.980647582230517317e-02,1.260272507586143453e-01,1.067778063890435919e-01,2.364145752216512963e-01,1.600326900081776305e-01,-5.420772584674406896e-03,2.830092232295853064e-02,-5.278302447115137269e-02,-2.308041267328314952e-02,1.306121396428061021e-01,3.363609955297806181e-02,1.279238151836173398e-01,1.585644854769380774e-01,-3.015455396196824525e-02,-1.962648075422423477e-01,-1.946612510863277301e-01,-1.375830797632674185e-01,-1.453866657056184508e-01,-1.951759630723537975e-01,-1.128644851129887439e-01,-1.758640804905075850e-01,-1.112524029605623105e-01,-6.988468257166313702e-02,-3.253997334024052134e-03,4.892446815320290049e-02,1.913358088344555355e-02,6.839945576563946639e-02,4.477085699404474706e-02,5.693625060092099427e-02,-1.775428776790451829e-02,1.105179663160953292e-02,3.925081072141729105e-02,-1.324825702205232048e-01,4.720183006035839554e-03,6.928388165450499736e-02,5.712550888156223139e-02,1.369748256641953599e-01,1.294741561257435614e-01,2.489056465807949065e-02,1.509070218573619337e-01,5.541307577948673124e-02,1.382232253846284176e-01,7.633034447878757345e-02
-5.028145733847780990e-02,1.028570334575790689e-02,-1.440763629621662906e-02,-4.444271220216628598e-02,8.257935345023356688e-02,3.174722372392605602e-02,-7.838753295464545578e-03,1.376476812308460307e-01,-8.721577113989029129e-02,1.437158010792875251e-01,-1.147866653448939567e-01,-1.192357930345444711e-01,3.382632245927430503e-02,2.710089103593016913e-01,1.485902103867130508e-01,3.587515985926522100e-01,3.534998767460381663e-01,3.945502384729051015e-01,1.000000000000000000e+00,3.720166280684629734e-01,4.289707156968464163e-01,3.748073193902101696e-01,1.144868031010548570e-01,-1.001356441350290949e-01,-1.108811116231714494e-01,2.024892837207229249e-02,-8.788311420375219396e-02,3.764690091102072117e-02,-7.244955049192272623e-02,8.883531454481342904e-02,1.125208260507193220e-01,1.719066945629225962e-01,1.481675961118878171e-01,4.434527842397194969e-02,8.894817100934897247e-02,-1.527172363785043487e-02,1.042376601962115706e-01,1.353719233022150081e-01,7.796280886394822696e-02,1.227869077033314216e-01,1.791255163469539502e-01,4.280571503731841337e-03,-1.269327396523398654e-01,-1.286659447902483433e-01,-1.379884624001299631e-01,-1.027090835189575918e-01,-1.808576656888156997e-01,-7.902681802934483080e-02,-1.846664320273984083e-01,-9.101714449170740517e-02,-9.221568794237754163e-02,-3.365194077888600255e-02,7.918683836870067314e-03,-7.739777556837884598e-02,1.750306946448867626e-02,-7.058810545028652850e-03,-5.217265340538421907e-04,8.620498027182945874e-03,-2.016633786771681799e-02,4.455726659339787760e-02,-5.340805054344939518e-02,5.100248185521522037e-02,1.442851397019277206e-02,1.304284757949885753e-03,9.925937059506199922e-02,1.285642054066084838e-01,-1.155514374377602377e-02,1.688645447366226848e-01,9.316706773834854127e-02,1.261626829571224073e-01,1.077730630651234228e-01
-1.585614938505338148e-02,1.009080938275584184e-02,3.148989059975707688e-02,5.013154050442850986e-03,9.911394169243323282e-02,8.482880494148760386e-02,9.992799126620229011e-02,1.506034280141228254e-01,-2.620459523202315830e-02,4.778501637621500320e-02,-3.302172641895068789e-02,2.327213081081480270e-02,-7.919260211722532750e-03,1.538400549836060893e-01,9.922602459437523947e-02,1.025017274239343607e-01,1.949833322687650194e-01,3.088711448063722331e-01,3.720166280684629734e-01,1.000000000000000000e+00,2.950110903881964508e-01,4.780266352814066533e-01,2.502431461291839132e-01,1.059769897870482952e-01,-5.952553318223791773e-02,1.481834198597706542e-01,6.977199120069096927e-02,5.525142315195901571e-02,2.484281540660972926e-02,1.184327632009877888e-02,4.550338311281942882e-02,1.509302262577096598e-01,3.762384050123458029e-02,-1.378711861894735546e-01,-2.665219903114291605e-02,-2.763433817049514019e-02,-1.843088063427753345e-02,1.004070635278935530e-01,2.533504831120091810e-03,1.100434106027846637e-01,1.115519024134041665e-01,-5.237101297278223822e-02,-9.402954661141807446e-02,-1.402677429974769907e-01,-1.762281544394295463e-01,-5.639243483220948705e-02,-1.398950044949835991e-01,-8.920444715555438109e-02,-1.269269427960568464e-01,-7.134212895279180844e-02,3.947466309827457262e-03,-3.101248316283998496e-02,6.841738977942767030e-02,2.319476069465725709e-02,1.715860241731854974e-02,1.066017365083609947e-01,5.452940386351019797e-02,-3.619410440084105257e-02,3.391204060234719736e-02,3.996394568455618850e-03,-7.033237623510209258e-02,-6.563076843037753128e-02,-4.144137455739940051e-02,5.581336068299076747e-02,5.058445106034739625e-02,1.054098914082768068e-01,1.326286382027140054e-01,1.591540145887396784e-01,1.110872598671919925e-01,2.181076503512039411e-01,1.408881265940654937e-01
-4.699442474726774760e-02,3.924050228863177475e-02,-6.110034729764211858e-02,-3.239118193468035894e-02,9.838367147437426796e-02,-7.475082623139578386e-02,4.661734823008770179e-02,8.955038540701358574e-02,-5.134747477256253190e-02,1.853185390619590811e-01,-4.702343009900222803e-02,-1.359787112052390778e-01,7.525614046128438657e-03,1.508313879765108834e-01,3.792770447721870164e-02,2.929552275687011265e-01,1.891470192119849847e-01,4.099649055933264896e-01,4.289707156968464163e-01,2.950110903881964508e-01,1.000000000000000000e+00,3.947046652441300041e-01,4.727399725760810800e-01,1.378675304318922601e-01,1.164582052772215187e-01,3.143866732468131864e-01,7.170801660784814971e-03,2.738679598365539314e-01,4.696972035081715957e-03,1.760213792251444642e-01,1.316659682438399426e-01,2.293664910912933952e-01,1.372112700782530670e-01,3.010821839696089033e-02,-8.236811344231154131e-03,-9.435108294161834164e-02,-1.071824167430553143e-02,1.408160827584142294e-01,-6.112496059865190484e-02,7.913123347556016984e-02,1.303684991545175365e-01,-1.113393513006434438e-01,-1.638352757746469046e-01,-1.752326900612024008e-01,-9.379844284131033660e-02,-1.253548127543738788e-01,-2.061308368729589946e-01,-1.054759848831883645e-01,-1.631997067808331758e-01,-9.791072018967846013e-02,-5.272087184875900306e-02,5.299167943438505557e-02,4.092368274878323969e-02,2.180571836702751426e-02,6.874028951923251418e-02,6.120351114102819644e-03,-1.590440824817894450e-02,-4.676840507176526288e-03,-3.924065424941623054e-02,1.737881718112926563e-02,-1.517140440037935689e-01,2.712102415071096159e-02,8.960267806882318831e-02,9.675925830701898045e-02,1.764153034328801717e-01,9.520824072439663943e-02,-7.982223048550821098e-02,1.386475160548295560e-01,-7.077557595069212948e-02,1.240805960428199434e-01,-1.512727893305989071e-02
-4.804427899764417836e-02,2.910660895145419924e-02,6.580767866916303020e-03,-2.309702845409410468e-02,1.077029028079458522e-01,3.746937466695168806e-02,5.567676302261564264e-02,1.532884762766998921e-01,9.289600921601690042e-02,1.808712744654985827e-01,8.170351983716576949e-02,-7.765383788173083057e-02,1.663533227298541126e-02,5.766832506933050606e-02,-3.975553730907781247e-02,1.268029209827701842e-01,7.259465969659346929e-02,2.907915713161404736e-01,3.748073193902101696e-01,4.780266352814066533e-01,3.947046652441300041e-01,1.000000000000000000e+00,1.752237977428246496e-01,2.122320186293607733e-02,-1.897775214201521954e-01,9.067173876149772771e-02,1.150602187324712838e-01,7.196044783418578672e-02,4.772805352183698974e-02,-1.790332742608680833e-02,2.220106835809379855e-02,1.074707039942103814e-01,-5.094597000286392452e-02,-1.742443245036295330e-01,-3.079949802277375318e-02,-8.806413792753409187e-02,1.135605973168450980e-02,1.716869765735121733e-01,-1.515726293851594325e-02,1.487697468448576088e-01,1.144122994761302137e-01,-1.026728669850676123e-01,-1.085159998496538908e-01,-2.031213685392537216e-01,-1.759751624521473379e-01,-5.847322218721570652e-02,-1.782810781423768975e-01,-2.544402587305268429e-02,-9.676080088580771288e-02,-7.320826287182159720e-02,8.967415650624123435e-03,6.154943781192131341e-03,6.878996403753566413e-02,3.214605088455295412e-02,3.006340903000716616e-02,6.305189543006173292e-02,1.435905444647641964e-02,-4.608493448031755757e-02,-5.453735844295476767e-03,2.322766073701137274e-02,-9.555710243046157404e-02,-2.108558087352448585e-03,3.210514746823225690e-04,6.161163008968347649e-02,1.483742559078798373e-01,2.278168411325929843e-01,1.302395427998107036e-01,2.763170706903441132e-01,1.462309125843831714e-01,3.240643183362818536e-01,1.923783284422562190e-01
