1.000000000000000000e+00,2.312858219173985486e-01,5.730404329341969027e-02,2.159492294116162250e-03,-8.701967733898960389e-02,-1.654358322428484684e-01,-9.605454537421945216e-02,-1.484302335262942252e-01,-1.301392094365463881e-01,-1.114464707786539110e-01,-1.411129377110595662e-01,-1.072603122270624348e-01,8.815976597104095008e-03,-8.772770583651684495e-02,-1.973897529006631360e-02,-1.242650054307869491e-02,6.954408810488297600e-03,-2.030932148366535253e-02,1.060357205389397123e-01,1.880523663703499992e-01,-2.065579558124495257e-02,3.626518854776709239e-02,1.934501651840756231e-01,2.328111026552467100e-01,-8.186078498045878948e-02,-3.321705228065970072e-02,-9.453447711795641417e-02,-1.384194566783218151e-02,4.557091427275242190e-02,-3.635238063557269961e-03,-6.380878880210424063e-03,-1.050750496779287663e-03,-8.230916898942402735e-03,-1.562359407857379263e-02,-1.815756651215595652e-02,-9.667626673011187055e-03,-2.886995488638804605e-03,-1.584620494328282600e-02,7.547551638061427044e-03,-3.843220812934759756e-02,2.559717663197604346e-04,-1.090937585714077222e-02,-2.455751353276719017e-03,-1.013171000805957421e-02,-2.676804319143213234e-02,-2.088259782941893558e-02,-5.277749656293801188e-04,-3.183841467215053900e-02,-3.049609513565620933e-02,-1.341793528379241728e-02,-2.755085070465933955e-02,-4.167005864033016677e-02,-3.423418357632978908e-03,-1.081925954814803338e-02,-8.988694617911002077e-03,2.363675741100117189e-02,4.034855948526214209e-02,8.329792755975938545e-02,5.142077858120662481e-02,-1.125753517500440240e-03,-4.157072050348680631e-02,1.376839244326563856e-02,-1.551539316844719602e-02,-6.617057867255067560e-02,-1.853540377214325102e-02,-5.782034146430965749e-02,-2.021202129223873684e-02,-1.235960898416200125e-02,-1.639907969805902161e-03,-1.236638674890231174e-02,1.917042975123871285e-02,-1.398411690267361944e-02,-2.666406784157868831e-02,1.417409113917789294e-02,-2.529063530809063168e-02,-2.221339130293257386e-02,-1.719845887056929354e-02,-3.149225963654941202e-02,-2.911965132599150449e-02,-1.224512823649454019e-02,4.777447335248598617e-03,1.283994389228844055e-02,2.620006315210543155e-02,4.925406149284055485e-02,3.979626715040757851e-02,4.015096136913535313e-02,3.073312693136153601e-02,2.257097244196819980e-02,1.740775797954180124e-02,1.624685030724267246e-02,-7.737309190337850022e-03,1.990680627271861763e-02,3.921812586318428051e-02,-2.688842254685900116e-02,-1.102522406001345441e-02,-9.965473902985513485e-03,5.745324494612507639e-03,9.801838586044903795e-03,1.559288450488343844e-02
2.312858219173985486e-01,1.000000000000000000e+00,3.893777771173531632e-01,4.096615864134601770e-01,-1.203573372752268777e-01,3.181859139932219360e-01,8.208983276744390156e-02,7.260469522344467630e-02,1.303965617222441475e-01,3.452228609310011714e-02,-1.956001745216786811e-02,-1.540605732531170613e-01,-3.718937143968754216e-02,-1.492620071302650508e-01,-1.550738151378782681e-01,-8.745371580711402970e-02,-1.675971955743780217e-01,-1.009444894313790281e-01,-1.338509292691341668e-01,1.478491268605468534e-01,6.519453285183356671e-03,1.667313111732602049e-01,1.715987901455270637e-01,-1.028024299159577132e-01,-2.381079900743553190e-01,-1.334697947861558653e-01,-1.280458704044351304e-01,-7.147177193933199058e-02,-2.657144791720211438e-02,-7.179897536043075568e-02,-5.140748678625308571e-02,-2.430902936130365649e-02,4.382615036091020225e-03,3.649145432146993877e-03,2.010416231950482805e-03,-4.550793087118382846e-02,-5.664146406878328710e-02,-5.848407836153897421e-02,-4.796501166368452584e-02,-6.000384307296976333e-02,-4.872997456938446548e-02,-7.254488837517436561e-02,-7.622188322830572571e-02,-4.272063274361532353e-02,-7.242689988297604242e-02,4.697408195260089486e-03,-1.308768624384802279e-02,8.162288557550839013e-03,1.405365480961358847e-02,1.046556808672845229e-02,3.543120966263052073e-03,-2.845018832835702685e-02,2.026213834493214780e-02,-2.259707429591772607e-02,-2.974611561392935012e-03,2.509426943315208949e-02,1.380752254531840417e-02,1.923846104329462320e-02,1.987252576853430416e-02,3.726969787259044875e-02,2.589836706781069309e-02,4.496251455831799110e-02,1.701607209351093178e-02,7.978697057157432089e-04,-1.033423072961184123e-02,-7.467905224432768753e-03,1.837037758604660731e-02,-2.169155732539197051e-02,1.068192543322773330e-02,-1.327124925625691168e-03,4.246442192000754456e-02,2.474642797715153816e-02,2.013875901276570082e-02,5.170481513456540168e-02,3.255059471459992998e-02,1.761171104162462947e-02,5.382560787295814775e-02,9.748092115317873174e-03,4.107614268960890769e-02,1.363412109160340446e-02,1.806717428185738647e-02,3.329203496799235801e-02,3.672600165134953798e-02,3.024687377688433862e-02,3.483816328164091036e-02,2.439086796098892396e-02,1.403367259396095558e-02,1.278154887422782923e-02,-1.648654482469109200e-03,8.291314461659406165e-03,2.138532409361769415e-02,1.910005005018644564e-02,2.204898309698608699e-02,-1.740953719611227973e-03,-6.617248190520835707e-04,-2.051571952501325506e-03,3.799827600992730387e-03,6.217812811801073057e-03,2.109350293433513365e-02
5.730404329341969027e-02,3.893777771173531632e-01,1.000000000000000000e+00,8.030156286949995392e-01,1.231056237014825083e-01,5.206142701703335707e-01,7.065745964653635802e-02,1.069082900600365621e-01,1.486948822598267994e-01,1.431441986799906509e-02,-1.359361704415447403e-01,-1.857889481257940789e-01,-1.794859204763937233e-01,-1.902192486024920637e-01,-1.189319450666636857e-01,-1.094432272638809212e-01,-1.513906472371934209e-01,-1.069026042461881758e-02,-1.082934850483573963e-01,6.522915765351439132e-02,2.092156022830708451e-01,2.024062952794645209e-01,5.638375440780294540e-02,-5.692841726756230764e-02,-1.421973480693857206e-01,-2.265258246862797975e-01,8.134575068810493553e-04,-1.583695994020857881e-02,6.247139895069583893e-02,-2.213291297768713375e-02,2.270549420168860646e-02,2.214882014660652168e-02,4.288455726221145070e-02,3.266778656068746595e-02,-5.535988384592928184e-03,-2.188859409043625304e-02,-3.130714557027926281e-02,-3.472464753721517250e-02,-3.827662940335751357e-02,-1.211478556245682014e-02,2.457866307273697676e-02,-2.613525302740762803e-03,1.837867408883903445e-02,-6.999560686369925462e-03,-1.802746749995767783e-02,-1.857467950905334134e-02,-3.474613982525531081e-02,-2.343453416126388411e-02,-2.222320867906459052e-02,-4.061845935792313123e-02,-5.189791510593832341e-02,-5.226112203744499168e-02,-2.531449583602135220e-02,-2.640004317611544665e-02,-1.651440650144153297e-02,2.656329926596834312e-02,1.697311894430886736e-03,1.703856054330573147e-02,6.942091730533645789e-03,7.957117303047182497e-03,1.789058988722709229e-02,1.350943231456537032e-02,3.258759766888663645e-02,-4.243830418291127948e-03,4.443406185537655990e-03,1.469139578897516590e-02,-7.459697691972967150e-03,9.245419024639128791e-03,1.794348433670472226e-02,-3.606622103117767403e-02,2.924713671811984134e-02,-1.042226541685860319e-02,3.651446340490739802e-03,5.047979329085948430e-02,8.840110388249335441e-03,2.164795002777302607e-02,4.691341026606935666e-02,9.688509349351328778e-03,4.272729416476116898e-02,7.460864648568790031e-03,1.325374454980336736e-02,3.662716713568896221e-02,4.325478074965336678e-02,1.212047491805126088e-02,1.929620969368304323e-02,-5.850266906680924583e-03,-2.893365381239469333e-02,8.769379263138706027e-03,1.266696413330251590e-02,4.114756680679680645e-02,4.711765570454373719e-02,4.214386297249000934e-02,3.333838896350261455e-02,2.878824743159371508e-02,1.782691693625527637e-02,2.495690879092139422e-02,2.599547260591303366e-02,7.398182113458687433e-03,1.509508622031556502e-02
2.159492294116162250e-03,4.096615864134601770e-01,8.030156286949995392e-01,1.000000000000000000e+00,6.406956954853104680e-02,6.223334867166593343e-01,1.109234443032191819e-01,1.310886570057732681e-01,1.782212063647437283e-01,3.449642275300889016e-02,-1.181871941211729143e-01,-1.920996105490593298e-01,-1.672413373947422011e-01,-2.000072498830070267e-01,-1.395730077237441469e-01,-1.160582956107082814e-01,-1.764630034188577057e-01,-3.076420314027270356e-02,-1.425704104434523112e-01,5.459851666464238251e-02,1.903612887942065512e-01,2.059139001016081771e-01,5.052840993889457649e-02,-9.544584092445553003e-02,-1.543219319578902904e-01,-2.184318169009538957e-01,-6.885999616244409087e-03,-1.351688831883088651e-02,5.102137503597840157e-02,-3.237857246815942225e-02,1.785431180413218303e-03,8.270719774631479781e-03,3.897701055561050149e-02,3.344988517926859861e-02,-1.784193860990312790e-03,-1.981679612867562335e-02,-3.049331825778334518e-02,-3.439306509586322058e-02,-4.084460531284072465e-02,-1.145731708194122622e-02,2.409541841382532162e-02,-9.627857757087483065e-03,8.135717973513102372e-03,-5.328831497162256695e-03,-2.236508676486997915e-02,-1.455276817481452288e-02,-3.964782747742007923e-02,-1.378625198081771981e-02,-1.690354452297214080e-02,-3.533186486258536180e-02,-3.982128536087927578e-02,-5.205659754825114199e-02,-2.182761767671180173e-02,-2.556645950242505960e-02,-1.722631662056818558e-02,3.463040748837809685e-02,8.948765837419769831e-03,1.241455590178084170e-02,4.997509532082426535e-03,1.917937319562853724e-02,3.108917662322356959e-02,1.926331999524925551e-02,4.947686307608595291e-02,2.009534635066214173e-02,2.039759223621864445e-02,2.893202854436142599e-02,3.982769378371766797e-03,2.405004407013108109e-02,2.216206792562519859e-02,-2.820627460771875719e-02,2.240569375383373238e-02,-4.264328595607527229e-03,9.336299321863420625e-03,4.454810314976770380e-02,1.248820644087021529e-02,2.715528913954709175e-02,5.840137132726960778e-02,2.007854166639134672e-02,5.416978717443761415e-02,2.112869066244606533e-02,1.437505991266989878e-02,3.608699996513810987e-02,4.917796187978390465e-02,-8.322911414369115303e-04,2.238805318154748689e-02,-1.380951922368369930e-02,-3.413971563042216689e-02,2.772581988564821239e-03,5.321723138299113906e-03,4.580784985774234708e-02,4.670742816707135203e-02,5.263915182915734209e-02,3.842559208791467007e-02,3.536356352979532630e-02,2.447673355891348199e-02,2.626256631251948012e-02,3.312843624381634627e-02,1.102762754651790550e-02,1.998233483176155637e-02
-8.701967733898960389e-02,-1.203573372752268777e-01,1.231056237014825083e-01,6.406956954853104680e-02,1.000000000000000000e+00,2.344659489814236442e-01,7.601700043166316478e-02,1.916392088272247662e-01,1.222446310781478279e-01,5.165957788648162935e-02,-4.068578495625052582e-02,4.392037856471567303e-02,-7.523015169933508495e-02,3.614631354940453511e-02,2.876374808984711109e-02,-5.929315558697515441e-03,3.156682220360167157e-02,9.054075005306345958e-02,-8.838358798953636908e-03,-1.343917511985288638e-01,1.335087446729857352e-01,-3.247543200872767682e-02,-1.773478153360080189e-01,-3.465197158601295707e-02,1.496314707302207891e-01,-2.271667958563938078e-02,1.598376082588807146e-01,3.481266553004631892e-02,7.957006661823033677e-02,5.488504709072713345e-02,5.159228047874318823e-02,6.094755976794999364e-02,2.980288017930744771e-02,1.906035722599881688e-02,1.951134985515463535e-02,8.156916362437149903e-03,2.060706730403779816e-02,4.852728802680822580e-03,-1.375280611463158484e-02,-7.999747370228502130e-03,-2.686240769912532148e-02,2.508568936644597035e-03,2.175996944223697674e-02,-1.157472509254020739e-02,1.761284039766521439e-02,-4.812785986958938167e-03,1.143495571139561268e-02,2.204929168387952457e-02,1.231131424804845706e-02,6.825660734814331665e-03,8.166040381622517719e-03,1.969559488505337463e-02,-4.415189250300796502e-03,3.275699430078989755e-02,-4.670314043215585686e-03,2.833523481500464618e-03,1.612096552077202025e-02,3.281347063963454755e-03,1.809268331921692202e-02,7.518030841173866004e-03,-1.618500358057379032e-02,-5.822817665931689923e-02,-1.188938294311269774e-02,-6.052189930293899733e-02,-2.277793143169270021e-02,-1.650178238709599024e-02,-6.173930694513021789e-02,2.425408307544473901e-05,-8.055458754226644397e-04,-3.974625138103714955e-02,-3.071292859394477576e-02,-4.111643751031777982e-02,-4.547824703635799937e-02,-2.913457377737892900e-02,-3.131249719414007371e-02,-2.259202151924599375e-02,-1.278509157155016153e-02,7.903987586280039612e-03,-1.168143904708899943e-02,7.480221574203576619e-03,5.738581122935082664e-03,2.787061154163994470e-03,3.013805262739558538e-02,-8.796021382211083317e-03,-7.630409466843220655e-03,-1.531249576201848886e-02,-2.454591889866468706e-04,-1.281808517740693626e-02,-1.480647662532451683e-02,-4.275763038189347651e-03,6.928204302934538004e-03,2.202070269608075517e-02,-1.143723456458264551e-02,1.133628140066347302e-02,-2.197902506233690920e-02,1.979094364253098509e-02,-1.482347004221256119e-03,1.468897200305292056e-02,1.873907173951853272e-02
-1.654358322428484684e-01,3.181859139932219360e-01,5.206142701703335707e-01,6.223334867166593343e-01,2.344659489814236442e-01,1.000000000000000000e+00,3.796671556116125723e-01,3.073427230554739986e-01,3.186132839418206464e-01,1.599602585437589486e-01,4.495871783518064907e-03,-5.734253037799737912e-02,-1.072831938059803092e-01,-7.936346378541031532e-02,-1.127482615345539035e-01,-9.888979496852545736e-02,-1.328143675252138334e-01,-2.323141806176764676e-02,-1.993663728073720165e-01,-6.070399841143802461e-02,1.179285752903049267e-01,1.092527281412573742e-01,-7.282532408564910964e-02,-2.079143452372602674e-01,-5.873207082004017893e-02,-1.242751718011640000e-01,8.997489876476726101e-02,7.299540344071560501e-04,2.030965844534679543e-02,-3.990231220467085893e-02,-2.519640504050105895e-02,1.437848747530725592e-02,4.300930315046411212e-02,3.359985404891752819e-02,7.577421009327287189e-03,-1.310520441936707109e-02,-2.450393739012558803e-02,-3.496228048542766864e-02,-3.788546376740721533e-02,-1.298418930654549920e-02,-5.176673144995039971e-03,-1.213997844233712098e-02,-1.861773290204859002e-02,1.485027226932218898e-02,-2.164846572698548091e-02,3.454368665517256951e-03,-1.306706180666927959e-02,4.334694165628486667e-02,1.452784094393110015e-02,-4.466204442519940490e-03,3.127561358407993791e-02,-2.800665671233361353e-02,-6.511064739554203035e-03,-8.318021369352365086e-05,-8.634983623531919394e-03,2.301844054960478295e-02,-6.476241373968489624e-03,7.505483902342677434e-03,2.309666592700764919e-03,2.983589467079575744e-02,5.858857513082955763e-03,-2.855592583935672585e-02,4.064606435277545032e-03,-1.460640098764633479e-02,-2.146354087507548400e-02,-1.026110626254679581e-02,-3.744801945029582746e-02,-7.777173507262399692e-04,-4.657958886862947033e-03,-4.555713785157651519e-02,-1.933712564624884625e-02,-1.528817135502974142e-02,-1.113695466425028945e-02,1.554251822478353896e-02,5.271815738655613245e-03,7.832840496480466749e-03,6.841336872219683229e-02,4.911067950359677275e-02,7.678221978290690475e-02,3.039169684796123178e-02,2.299636505080206172e-02,4.101601748831577854e-02,5.019780216880098678e-02,-2.745669805757723972e-02,5.098485628577705334e-03,-2.378524237892113563e-02,-2.228749815149415683e-02,-3.715838862695009133e-03,-6.010250909155431462e-03,1.992061060367555231e-02,2.794211850006040471e-02,3.656240278598606869e-02,2.746655623967485943e-03,3.619935903446244024e-02,1.764879198305939825e-02,3.445182926253170796e-02,2.389890290674627146e-02,2.255449896995991715e-02,2.802867786353955420e-02
-9.605454537421945216e-02,8.208983276744390156e-02,7.065745964653635802e-02,1.109234443032191819e-01,7.601700043166316478e-02,3.796671556116125723e-01,1.000000000000000000e+00,4.157393170869536636e-01,4.174391371454019839e-01,2.083015134604674357e-01,1.003340633224460328e-02,-1.618194397196526593e-02,-5.824862913362243572e-02,-7.048594648043432498e-02,-3.860569853495358222e-02,-9.780634758686089503e-02,-7.474774748092258281e-02,-5.072727650032394370e-02,-1.462819479070237016e-01,-7.930404904315137282e-02,1.162361422969876018e-01,6.937328171971961221e-02,-7.802326125077115038e-02,-1.111355062728621168e-01,-1.450315625361406346e-02,-8.088855683060479362e-02,5.824557452482904962e-02,3.419064370830499858e-03,3.150197228896154528e-02,2.979712012489077726e-03,1.684658924967438395e-02,5.557378371107565829e-02,6.502825779806586937e-02,5.210932177673553711e-02,5.558771065559032359e-02,3.489362263321349467e-02,8.049220139858837345e-03,2.284183471122981299e-02,5.476159866519969902e-03,1.406439839475674691e-02,-1.802325484405584502e-02,3.287592047512094551e-02,2.618122327340420205e-02,4.077943127153604852e-02,2.716398788028376310e-02,3.443033349610366556e-02,4.268569642553533827e-02,5.817413109369768548e-02,6.912290637455341391e-02,3.002027826018898241e-02,6.848453753760240514e-02,8.661861207429025211e-03,1.261885457916272525e-02,1.496330761545213578e-02,1.494193847467510314e-02,7.908486349819563235e-03,-1.296349469442537386e-02,9.995617837432031749e-03,1.158168994404114652e-02,1.888121452374836445e-02,-5.623909650677231566e-03,-2.339017051733139479e-02,-2.330353260793890588e-02,-3.974522739304943431e-02,-2.603162622306895695e-03,-5.002754602565055025e-02,-5.638237304376732956e-02,3.097391014023060524e-02,7.671454171558253141e-03,-3.113671662390338213e-02,-3.982985918603544617e-02,-6.671255108705281822e-03,-2.182165767779130697e-02,-1.235277279122531241e-02,-7.282081388895782041e-03,2.193956684761770928e-02,1.467602764121424784e-02,2.318060212180617086e-02,9.531480288931963585e-03,2.346970904153437495e-02,1.168262451862298913e-02,4.117383497808514703e-02,3.475839677684084555e-02,-1.190458583994869271e-02,2.177984884405874486e-03,-2.901772010188202397e-02,-3.067418137444638884e-02,-1.507435066340599141e-03,3.824917787158817455e-03,-1.240370224374264321e-02,2.304036353473170803e-02,1.865953833098122835e-02,1.085664195783577791e-02,4.845510317743614848e-02,3.054068787089183820e-02,3.572441360407672961e-02,3.273824985601060666e-02,1.951831473426663896e-02,4.000541601917319973e-02
-1.484302335262942252e-01,7.260469522344467630e-02,1.069082900600365621e-01,1.310886570057732681e-01,1.916392088272247662e-01,3.073427230554739986e-01,4.157393170869536636e-01,1.000000000000000000e+00,3.021876278114018488e-01,1.547586917511738214e-01,1.613989229761171318e-01,5.200148598193687216e-02,-4.831019770407002367e-02,5.819495340753990179e-03,-7.770623501514077602e-02,-4.511321344721126725e-02,-1.219955701402270359e-01,-5.741187930265041761e-02,-1.885570470074517946e-01,-6.473318747714910948e-02,7.844390360861577816e-02,5.930374004821140771e-02,-1.058824100026217740e-01,-1.904924816924775943e-01,-3.387341671618249866e-02,-5.376940227824460877e-02,8.050860429223728743e-02,1.956098335543272546e-02,4.090356252906256207e-02,2.476399245962683168e-02,3.083045529634189166e-02,9.730774175575528095e-02,1.216974528557163981e-01,7.048355921684142100e-02,5.810377347129961484e-02,5.363727729987836229e-02,1.654608699946823885e-02,2.295641959404742458e-02,2.226751032194168936e-02,2.046628524591419945e-02,-1.523870720465104675e-02,1.685334398200561204e-02,1.916523850423784009e-02,1.578243142245102856e-02,1.191969046162355376e-02,2.675939289583809111e-02,3.691593171031863629e-02,2.078989417753277294e-02,1.770265758336207751e-02,6.643766576292101447e-03,3.291503342390871001e-02,-1.347376128969834594e-02,-1.079673108391654597e-02,-1.614506253574458580e-02,-2.162316976660604712e-02,-2.096133305834446681e-02,-1.951141436877809957e-02,4.811909596834497253e-03,-4.980720007885693079e-04,5.641715642886757642e-02,4.311771432639000673e-02,-2.392335109908966945e-02,-5.983584026299554673e-03,-2.823555258999006431e-02,1.227214165754234206e-02,-1.868138761205530296e-02,-5.080497790254919627e-02,2.890531364022786570e-02,1.298332391504303934e-02,-1.890677745564695728e-02,1.896427324332390597e-03,6.637368584901392338e-03,-1.125326555692381450e-02,2.091372676860420166e-02,8.754344636245532663e-03,4.854093263556287507e-02,2.129394391096314787e-02,3.938053559309673268e-02,1.583962890309048924e-02,7.993131554973961425e-03,1.520615125459055111e-02,3.077835629942635848e-02,1.452349987071461374e-02,-2.434655780112568793e-02,1.096826706430649375e-04,-6.333414429418694758e-02,-4.028840803041369711e-02,-2.517742243789611659e-02,-2.329777687138788814e-02,-1.555364592872443899e-02,2.581189580783651433e-02,1.809881809188363874e-02,-9.299795299619807720e-03,3.305907732022560219e-02,2.436610210932172935e-02,3.225187029378129289e-02,1.147430214038114814e-02,2.232247773359478937e-02,2.000424807935690871e-02
-1.301392094365463881e-01,1.303965617222441475e-01,1.486948822598267994e-01,1.782212063647437283e-01,1.222446310781478279e-01,3.186132839418206464e-01,4.174391371454019839e-01,3.021876278114018488e-01,1.000000000000000000e+00,3.715396322445668753e-01,1.510090106145453581e-01,6.239848691519746943e-02,6.574546156003160946e-02,4.303759837383699244e-02,-3.405485283988271029e-03,-2.520001254543091044e-03,-1.115662912956066066e-01,-1.594734837922742177e-01,-1.865513777419522956e-01,-5.531892564254298900e-02,3.759506225735124302e-02,2.366119226104616835e-02,-5.587369370225944015e-02,-1.446356995870424489e-01,-2.167439667940810472e-02,-5.047873572516728413e-02,5.633275701941642399e-02,2.762315242807994453e-02,6.221398527706960280e-02,3.480549888743770387e-02,1.468780876623701839e-03,4.770915741430187262e-02,5.993265801839718632e-02,3.409010509411313644e-02,3.037019054310346328e-02,1.178293919154970067e-02,-4.289072857124480442e-03,2.823852870246780847e-03,-8.117990834344640527e-03,8.020876273230462261e-03,-7.565772601720171207e-03,-2.157089857488867195e-06,-2.041942489222387316e-02,-3.494943555816670388e-03,-7.784240945297726810e-03,2.696504347505154775e-02,9.524515222494991940e-03,4.301193635682490357e-02,4.424390710192419029e-02,-1.054810810647930502e-02,5.363128758063305523e-02,4.880871617613652229e-03,-1.988503873408650757e-02,7.163575303385027321e-03,-1.902058416835030602e-02,1.824914060345587258e-02,-3.868436281902286073e-03,3.248607989844801321e-03,1.169823823792121367e-02,1.195556479227546758e-02,5.889523756426110791e-03,-3.308737817320152319e-02,-1.483441203468717495e-02,-1.571447324016082489e-02,-5.285553181057169383e-03,-2.573846495065569215e-02,-2.159507211615434644e-02,1.060692032777417644e-02,4.963903606837689886e-02,-1.276097714431411725e-03,1.451659897931884685e-02,3.055787017847245643e-02,2.943131930031656161e-03,1.044295040087162355e-02,2.771825225060922313e-02,2.897177811434890199e-02,3.763137667680775678e-02,5.776497443933397216e-03,-1.764853693553785144e-02,3.790780588826942604e-02,-3.046259649532345737e-02,8.876346148847704797e-04,-1.615220524382056030e-02,-3.347940537058251287e-02,1.551955303112048483e-02,-4.777722198741003734e-02,-4.338380809384252690e-02,-2.921951951019241545e-02,-2.809276928176006414e-03,-5.068945836778354988e-03,4.429369648026445366e-02,2.824842453365896539e-02,-2.333316282818424792e-02,3.196558411608844963e-02,3.462588392798338945e-03,1.655454427593208017e-02,2.182760625897840756e-02,1.265365919838661209e-02,3.136444727187791270e-02
-1.114464707786539110e-01,3.452228609310011714e-02,1.431441986799906509e-02,3.449642275300889016e-02,5.165957788648162935e-02,1.599602585437589486e-01,2.083015134604674357e-01,1.547586917511738214e-01,3.715396322445668753e-01,1.000000000000000000e+00,3.525235073398235719e-01,2.856250612840409153e-01,3.184681915402908237e-01,2.650435737066100805e-01,1.738480220033628842e-01,2.233767499872358897e-01,3.968528555495443033e-02,-1.040795507993882429e-01,-4.808313575347780700e-02,-3.667821325453091141e-02,1.595920748048276425e-02,-3.557031187721378107e-02,-6.892891570633714882e-02,-8.061152617134029197e-02,5.905196237189440367e-02,-5.115841849332507935e-02,8.106805633752343920e-02,3.150289565458161412e-02,4.158214881692440246e-02,4.187301272045502315e-02,-3.287260323864273776e-02,-5.786266371200357106e-04,4.665655722382926890e-02,3.051559765542902203e-02,5.989720281871725727e-02,6.202048005678611337e-02,7.586296174847503848e-02,6.192873046711570156e-02,4.427731186350306741e-02,4.452010439002456604e-02,3.774253998568220803e-02,3.374402176467897196e-02,3.905539795045485929e-02,1.859106938647921495e-02,2.848917776307287320e-02,-1.574251906059542794e-02,-2.582326462638096648e-02,2.889682072333428497e-02,-8.727973124363594057e-03,-2.728322256685429895e-02,5.427776915369414423e-02,4.533012430248048452e-03,-4.508731261423850473e-02,2.652158306085794243e-03,-5.288240388040486850e-02,-4.469104253444422525e-02,-2.509480990692536037e-02,-2.409074205805199903e-02,3.698330214250061376e-03,-3.112299707307327606e-02,1.005707856553265250e-02,-1.167059409480332433e-02,-3.066211723351401283e-02,-3.526042075974342160e-02,-3.264320991844761599e-02,-3.125319372170883708e-02,-6.588022608473487196e-02,-1.636782953618643940e-02,-2.808333795676786621e-02,1.697013641018992394e-02,-2.624389503280347494e-02,1.713085830996859474e-02,-3.660539190381693897e-03,-1.842057351680689153e-02,2.685017201400940329e-02,1.544691581742592586e-02,3.879183109007267038e-02,1.842364083047152989e-02,-6.099317159146346208e-03,1.303416119345842013e-02,-4.590582012066696249e-02,-3.172711320633234133e-02,-3.519839791221273523e-02,-3.809198355436432121e-02,-2.907090850676808530e-02,-4.770623497354047060e-02,-6.352183872621339211e-02,-5.607197649444316950e-02,-3.317562922424716759e-02,-1.496882366559139322e-03,5.426876924620454429e-02,5.505948049904892594e-04,-2.779085641981880739e-02,5.109224232807942773e-02,5.233530522529071353e-03,1.549672514659437665e-02,2.931386190023940047e-02,1.585055883483992706e-02,2.880753003402191162e-02
-1.411129377110595662e-01,-1.956001745216786811e-02,-1.359361704415447403e-01,-1.181871941211729143e-01,-4.068578495625052582e-02,4.495871783518064907e-03,1.003340633224460328e-02,1.613989229761171318e-01,1.510090106145453581e-01,3.525235073398235719e-01,1.000000000000000000e+00,4.411159807256221921e-01,4.362610091796577105e-01,5.432271769789662752e-01,1.441330037430494648e-01,2.985630838246225993e-01,1.626522567366847360e-01,4.039224260604951794e-02,1.002448499992294184e-01,8.908748002478777961e-02,-3.379450354271407164e-02,-1.069165440693679997e-01,-1.493499400223859130e-01,-1.339502063926986120e-01,8.953140024490968685e-02,4.465676420377751726e-02,5.879118272951965735e-02,-3.173840729003869071e-02,2.060337995064852670e-02,2.263949811702292095e-03,-4.587462452333408020e-02,2.169197382081741385e-02,8.462022079133459107e-02,7.980692853277489285e-02,9.760724895066599793e-02,9.655072765875161167e-02,1.090948512641332913e-01,1.144204388106892512e-01,6.248116985299045217e-02,8.623966023176241058e-02,4.775863552722227345e-02,5.540308728470200172e-02,4.068089191692738499e-02,3.173275949011830632e-02,2.817407211750769941e-02,-3.485656649591229502e-03,-1.506058999602925136e-02,1.562908583150589975e-02,-2.336741754967164644e-02,1.682801141569200548e-02,4.577250731932273886e-02,-2.218146203395504265e-02,-1.370359900314889511e-03,-2.834120681373935788e-02,-2.873269341509458383e-02,-2.179008108240725050e-02,-3.752996003008441522e-02,-4.227411570490582221e-02,-3.792441213883593343e-02,-3.663592572048317286e-02,5.034756615412451508e-02,1.894854918198305566e-02,5.695562016128300452e-03,4.081599563282599374e-02,1.310489816318547752e-02,3.008089311811379396e-02,-1.610631242625445948e-03,2.604517567316024657e-02,-9.018846192394706137e-04,4.296085811656339543e-02,7.110180931945183150e-03,2.883881120521417096e-02,1.804778133823179212e-02,-9.677211176404777737e-03,5.189272725801843955e-03,2.832761139478524176e-02,-3.141483433895780886e-02,-5.683043730174988867e-04,-2.523990576159727828e-02,-5.765870058867519216e-02,-5.948080800098565213e-02,-7.680392159972308785e-02,-5.028104829711566026e-02,-7.846550919496697585e-02,-5.240384840680474554e-02,-6.749138286373923545e-02,-7.969680964047884397e-02,-1.003278543598415534e-01,-1.009674070003124952e-01,-5.933972772225274556e-02,2.269485855789275808e-02,-2.812814126350738839e-02,-6.574784715770067012e-02,1.027228371253579957e-02,-7.498552278712307048e-03,2.723395762306227152e-02,-4.357268126127137459e-03,3.142328736351584356e-02,8.066417709973558448e-03
-1.072603122270624348e-01,-1.540605732531170613e-01,-1.857889481257940789e-01,-1.920996105490593298e-01,4.392037856471567303e-02,-5.734253037799737912e-02,-1.618194397196526593e-02,5.200148598193687216e-02,6.239848691519746943e-02,2.856250612840409153e-01,4.411159807256221921e-01,1.000000000000000000e+00,4.205717627552664206e-01,5.331905918585218007e-01,3.512046149549416518e-01,2.572696588147064811e-01,3.054044753581359184e-01,1.284712991450870367e-01,1.974751277765605384e-01,5.141327806618540414e-03,-5.362991680141492717e-02,-1.502654997053107233e-01,-1.309992387491328014e-01,-4.153002541867245601e-02,1.359842209560448989e-01,8.724248692973325670e-02,8.656355882450170180e-02,-5.148429126984968573e-02,5.124834298569493768e-03,-1.602239256598420340e-03,-4.917816886203286303e-02,-4.002233497760222802e-03,1.758272344398403506e-02,-7.248514761293629871e-03,5.866870147596742885e-02,2.819794978492980164e-02,5.315391824272334975e-02,6.305084063618235368e-02,5.180117658474252956e-02,6.992728262529569749e-02,2.818898914662089014e-02,4.571958945297962401e-02,5.044038178747262818e-02,2.680399107730308678e-02,1.800998792054740380e-02,-3.790062880865349010e-02,5.340905023893010792e-03,5.356428002797820193e-02,8.519073585273923346e-03,1.456878849963511371e-02,7.916589879428290177e-02,1.346375527560473087e-02,-4.534702257746444677e-03,3.215765272578512829e-02,2.431106095730723587e-02,2.022004772380550999e-02,2.380570615855758659e-02,9.620485730736526644e-03,1.902148337104225817e-02,-3.368214336356159522e-02,-2.010934636490335423e-02,-3.632537329049971564e-02,-5.142477514787160975e-02,-5.781526058650954258e-02,-3.159218184437084798e-02,-6.099531306674040726e-02,-6.172275339446490344e-02,-1.247720629875399140e-02,-5.625159693585720516e-02,-3.700031606566579062e-02,-5.817674858729439402e-02,-5.133117485064129376e-02,-5.852526331255028524e-02,-8.490256603960680271e-02,-4.706560943727153279e-02,-5.753927035695493436e-02,-4.416508243732299166e-02,-2.179542722327800636e-02,-3.954244756149841861e-02,-4.674832321104066546e-02,-5.443585738415689101e-02,-1.030329545374273903e-01,-5.863222332760409383e-02,-5.584647324762943843e-02,-8.973274518041855774e-02,-3.382824745130538074e-02,-9.968106715438526666e-02,-1.158842610015747426e-01,-1.108092643413445127e-01,-3.892689805278282816e-02,4.978987271813142129e-03,-3.027254797005683729e-02,-5.534080465163253304e-02,1.370734626898193441e-02,-9.103190511909897004e-03,1.724651233684527246e-02,1.221564934568355066e-03,1.498969137018853030e-02,1.593707596608810381e-02
8.815976597104095008e-03,-3.718937143968754216e-02,-1.794859204763937233e-01,-1.672413373947422011e-01,-7.523015169933508495e-02,-1.072831938059803092e-01,-5.824862913362243572e-02,-4.831019770407002367e-02,6.574546156003160946e-02,3.184681915402908237e-01,4.362610091796577105e-01,4.205717627552664206e-01,1.000000000000000000e+00,4.401460116478470574e-01,2.798429474157183017e-01,4.389928763685085888e-01,2.053636644681843260e-01,-1.061991975485155303e-02,1.669934223404562212e-01,9.143085112380715251e-02,-1.082844439553386773e-01,-1.343107147789919797e-01,-4.746448271097632871e-02,1.944481905543413852e-02,1.120849779630400805e-01,8.732665645480140737e-02,4.350479705918457174e-02,-2.542718339318515361e-02,-2.862317937987037507e-03,-1.828538389641224879e-02,-8.723915154306273456e-02,-1.837896463991357116e-02,4.573773546760959846e-02,8.086603530777536353e-02,1.215249504277985948e-01,1.229078962686871029e-01,1.172959605191131738e-01,9.825511778135934127e-02,7.236580553732122056e-02,6.732406986851961761e-02,4.044857191888601849e-02,4.825054683841627917e-02,3.666810153014321561e-02,1.633316313383125981e-02,2.390949089704811834e-02,-1.759743574214043095e-03,-9.259116262810417053e-03,3.587867516693745568e-02,-2.587548179715890018e-02,2.076164189944406865e-02,8.538068091632257384e-02,1.576503229294911766e-03,6.172946760940966173e-04,2.293703461441687352e-02,-3.703147448535343278e-02,-3.857568774416555990e-02,-1.666772765484178520e-02,9.312123644639484429e-03,3.729407398842810029e-03,-4.623419903674749754e-02,-1.415183359862108060e-02,-1.379488552473649363e-02,-3.535988594001892443e-02,-3.044942074901937565e-02,-2.119736028139952710e-02,-3.681628458919347646e-02,-6.368155036465757146e-02,6.202753572583656790e-04,-7.222880871503402356e-02,1.444387192234685736e-02,-2.665253387338097774e-02,-2.067219171122183438e-02,-1.516328567641555755e-02,-4.069292847756448422e-02,-2.931372891600438069e-02,-1.247595539095695816e-02,-3.514057377019624145e-02,-3.540556439170788883e-02,-5.058960729338745493e-02,-3.131081170048137519e-02,-6.090129382510055950e-02,-2.963131255949706319e-02,-3.527583679248733756e-02,-4.029515615218886432e-02,-1.298290271103213871e-02,-3.204873683335522638e-02,-6.504188058879641077e-02,-8.918378150436415130e-02,-1.008599500413493860e-01,-7.094802636592745237e-02,1.324542520704529054e-02,1.065976650764047240e-02,-5.387079890332177601e-02,-2.847229348495991866e-02,-2.172808787569336514e-02,-8.101607426786488347e-03,-2.629172945102136588e-02,5.401922790834323349e-03,-2.999139916963953177e-03
-8.772770583651684495e-02,-1.492620071302650508e-01,-1.902192486024920637e-01,-2.000072498830070267e-01,3.614631354940453511e-02,-7.936346378541031532e-02,-7.048594648043432498e-02,5.819495340753990179e-03,4.303759837383699244e-02,2.650435737066100805e-01,5.432271769789662752e-01,5.331905918585218007e-01,4.401460116478470574e-01,1.000000000000000000e+00,3.972796859784039070e-01,4.729409543780587755e-01,3.858732397761755473e-01,1.783006193724186728e-01,2.880773567438023042e-01,1.455327284506233998e-01,-2.261984600070307203e-02,-1.909362330568151744e-01,-1.922054261965040201e-01,-3.263769964422654629e-02,2.098187797932732634e-01,7.377465840689252652e-02,1.207975594707180744e-01,-5.415847733236602013e-02,4.767737618520714177e-02,-3.096898707430506374e-03,-8.444031681009407653e-02,-2.757039811419650932e-02,3.338013259869124921e-02,2.234012974421846140e-02,4.924489380743203581e-02,8.760503518387506572e-02,9.904612709370325119e-02,1.039007581050532536e-01,7.551427532998511438e-02,8.735975089761310874e-02,5.453450508584074125e-02,5.296626362274951816e-02,6.103592270316637175e-02,4.010530298939399968e-02,2.640688835819791219e-02,-2.647066314675293117e-02,-3.215919712701925670e-02,1.934314862694361259e-02,-4.174097612834595794e-02,-1.753317870943659623e-02,5.083662396722021110e-02,-2.836607894660406540e-02,-3.702245746949237720e-02,-2.391709146489538404e-02,-2.394147615187628211e-02,1.738446354593047027e-02,7.558023302496339260e-03,1.209320451357205617e-02,2.078080391679213226e-02,-3.753626348365441540e-02,-4.142443913603991064e-03,-2.612589931191969597e-02,-5.682708397680370782e-02,-5.101769428648065402e-02,-4.756596126621725346e-02,-5.023365681709927866e-02,-6.708851050762344725e-02,-9.635516138275833711e-03,-3.266164926316482420e-02,-5.691930244165763556e-03,-3.960483087505423799e-02,-2.995543577009582986e-02,-5.437357700833585217e-02,-6.741957695817155094e-02,-2.177249675006569588e-02,-5.356337017905597742e-02,-4.480724724774165502e-02,-1.334477803465357673e-02,-1.887429598474539214e-02,-5.298866139093971750e-02,-3.695806068552447143e-02,-8.633683644090577036e-02,-4.241652015083727245e-02,-5.529163201295885649e-02,-7.561039714995440586e-02,-4.694582155368016985e-02,-8.980948488673014263e-02,-9.308425296868867715e-02,-9.233572181088750552e-02,-3.834199280363387308e-02,2.437652145391015768e-02,-2.475363888649840388e-02,-7.844885697319922691e-02,-2.213876108529786585e-02,-4.535983763370894650e-02,-6.303704618757814335e-03,-4.599921841320335492e-02,1.617063096658002963e-02,-5.728791704780803601e-03
-1.973897529006631360e-02,-1.550738151378782681e-01,-1.189319450666636857e-01,-1.395730077237441469e-01,2.876374808984711109e-02,-1.127482615345539035e-01,-3.860569853495358222e-02,-7.770623501514077602e-02,-3.405485283988271029e-03,1.738480220033628842e-01,1.441330037430494648e-01,3.512046149549416518e-01,2.798429474157183017e-01,3.972796859784039070e-01,1.000000000000000000e+00,4.484777750469790547e-01,5.253646174630357546e-01,5.643677541868113989e-02,3.626907728025673960e-01,-2.156263455598377704e-02,5.875988991569035952e-02,-1.667603437796548460e-02,4.101130114338218113e-02,1.391706988604422546e-01,7.083864063977975134e-02,-7.475421558433036073e-02,-3.989263572089904453e-02,-1.511610163769648019e-01,-1.703629304054370686e-01,-1.202974091511024163e-01,-1.091931689073974143e-01,-1.300937511070015262e-01,-6.816643437850167242e-02,-8.219398302606794812e-03,4.233138918159856656e-02,6.238349910597126846e-02,8.256303814660774509e-02,6.923628608788723326e-02,4.780977737245101222e-02,7.636246080510278311e-02,3.032030891564868949e-02,1.783748411541445297e-02,1.899265088064372095e-02,-1.676939670078215344e-02,1.221749549423093058e-02,-2.276967505419082508e-02,-2.034079144104792083e-02,-3.276338528918660339e-03,-9.903948437063301441e-03,-4.431545832617284769e-02,1.024993749549405787e-02,3.153317293437726040e-03,-5.855585649328410441e-02,3.504055141803665875e-03,-4.309774717706725544e-02,5.591727184951375725e-03,1.613444627023490757e-02,-1.905595307283253215e-02,6.604412307774887303e-02,-2.155803924265416172e-02,-6.512635135007423769e-03,-1.571199808621797462e-03,-2.830661708665592469e-02,-4.800144000147361228e-02,-1.718856796645382157e-02,-5.077741460239566101e-02,-6.181881057852862960e-02,2.891227340592794105e-03,-6.733781708959396539e-02,-1.451812410156084511e-02,-2.491900381258165334e-02,-4.284427614945776619e-02,-2.009677634629064222e-02,-2.804775801551808931e-02,-3.527305163623496026e-02,-4.257424130382738564e-02,-1.423747796586792742e-02,-2.588433683705608154e-02,-8.481983909903968374e-03,-2.000769770972147393e-02,1.451657028836267219e-03,-2.305477811157199616e-02,1.056750240512327813e-02,4.138941609960485046e-02,-1.427329539993174232e-02,1.360314310642088929e-02,-4.434315231450532135e-02,-3.075721393183276225e-02,-4.023784449317287237e-02,-6.584704795969680176e-03,3.734861334439858876e-02,-7.709959408167313920e-03,-2.576944876613251195e-02,2.369242862631901203e-02,-1.782668972473873750e-02,8.170236043168563334e-03,9.467239470484047677e-04,1.873381915699958572e-02,-6.014327794960545176e-03
