1.000000000000000000e+00,4.230985369181927691e-01,2.866578374571134846e-01,1.431217942152125111e-01,8.656940509953403584e-02,2.102267860034590097e-01,4.501176259719030098e-02,-6.094728244537853806e-02,1.193844050173238809e-02,1.913216438462618518e-02,4.113773529722026699e-04,3.478948547862548146e-02,-1.436835603462791738e-02,-9.371218858306782154e-03,3.780030011401195461e-02,2.442751390617238852e-02,1.064289323633260329e-03,5.008056843180940659e-02,1.789546914611971160e-03,4.610524077295198586e-02,3.531776430106067788e-02,2.334102920218770680e-02,5.770102105661453762e-02,3.427639068649624560e-02,2.305617909025447360e-02,4.990840182434909400e-02,3.861057525575930377e-02,8.040731544142473014e-03,5.372566648062045147e-02,5.525848869288128851e-02,-5.483173849224437339e-03,5.925856851043735662e-02,2.131090802119774835e-02,3.413963012871219782e-02,2.813146504383466986e-02,-1.901428828791111580e-02,-5.751272021180609331e-03,3.142850211783854847e-02,5.008439302355996089e-03,-4.880871859852134974e-03,9.087427378815474133e-03,-2.065856690909788698e-02,-2.046286499073107779e-02,-5.654338959771563512e-03,-1.189662218765365903e-02,6.192714681879197408e-03,2.492489461427040490e-02,-8.493055044098199707e-04,2.535178093192230753e-03,1.511438587967061688e-03,2.568819655919682421e-02,1.225734076309901305e-02,3.185031363857199205e-02,1.676274089739101039e-02,7.710544503937646552e-03,7.888208047886155830e-03,-5.918503536704081830e-02,-1.639624642003798330e-02,-6.106268097151711788e-04,-1.105940985853171368e-02,-1.209664926443008645e-02,-7.358581261680523233e-02,-8.632912109279057555e-03,-3.767945441363611259e-02,-4.932338500121336705e-02,-2.352946504265264818e-02,-2.586884965883506915e-02,2.633608994826102181e-02,-1.359718416397322389e-02,-2.428532733758165512e-03,-3.161296195273908399e-02
4.230985369181927691e-01,1.000000000000000000e+00,2.844644947516357103e-01,1.730486888923734590e-01,3.756596901194310667e-01,2.801818657682528801e-01,5.510091973642726459e-02,3.783881612743044548e-02,1.313758734920618954e-01,5.838734649211237138e-02,5.674494213608805709e-02,4.856771365829747750e-02,3.540835619140053625e-02,-5.850073786158268598e-03,2.860850313355019908e-02,1.879060342454800039e-02,2.328961633557172922e-03,2.640624345043795368e-02,2.235718740972439476e-03,1.171319701309732515e-02,-9.476669470629561429e-03,-2.139426906305402429e-02,4.014794158758524384e-02,-1.131897994833091711e-02,-3.290655679707760184e-02,1.236838527077280953e-02,-2.699763068557016477e-02,-2.744420239415139989e-02,-1.401660958713701194e-03,9.885591914599891044e-04,-4.440556192092490889e-02,3.262913252131880142e-04,-3.035781009966437294e-02,-1.958930964994999059e-03,-2.752809593197748372e-02,-2.387695851449936346e-02,-3.532762658620786783e-02,2.736908245594273353e-03,2.165869955201523561e-02,1.188647867139222894e-02,-2.354713535008105471e-02,1.840297657246126950e-03,1.294627976227792285e-02,-4.235483462808818352e-04,7.039714158977527191e-03,1.176941936556241859e-02,2.815129241588897047e-02,2.087183262331926414e-03,1.358251721135466175e-02,1.693972136513004212e-02,4.667971792111484663e-02,4.799795762602836191e-02,5.838602419606885724e-02,6.364702319170632838e-02,3.261342226778751047e-02,1.826974428222944910e-02,-5.210603415681675649e-02,-1.696589354791170831e-02,9.654863721595109693e-03,-2.690963934454645382e-03,-1.419242076185921707e-02,-1.422613411200377223e-02,-1.658656641709658694e-02,-2.459950224070069427e-02,-2.390616955072728887e-04,3.930051356876853447e-02,-2.237944360813268543e-03,5.961741546347502918e-02,3.323791161726332571e-02,3.269262365816588689e-02,1.699980739641737681e-02
2.866578374571134846e-01,2.844644947516357103e-01,1.000000000000000000e+00,2.805265051598315740e-01,2.096525061134290879e-01,4.343430882154362127e-01,2.225283987507025163e-01,9.335610082710280727e-03,7.265282911368509122e-02,5.166330551075738742e-02,5.563196428142032357e-02,4.771643335761853455e-02,2.478797607672014736e-03,-5.152606116186534031e-03,6.735367101830559700e-02,7.045668133662951090e-03,-8.735132605101020992e-03,2.889091444339136200e-02,2.926623748044550333e-02,4.647367453708800555e-02,2.222265159177096161e-02,3.653507674290798479e-02,5.714460479029043194e-02,6.052088742612778127e-02,6.987812913839333562e-02,8.245470180793412762e-02,8.217195554706217819e-02,5.449858344413067296e-02,5.875307517797695445e-02,9.979702518725369620e-02,2.598509740710525096e-02,4.067685494494723691e-02,4.811277758495403206e-02,2.749530048917573841e-02,2.863620928157736140e-02,-7.228870623345387547e-03,-4.480611165048812954e-03,6.540493115673955138e-02,-1.537496849778611716e-02,2.297881339938742662e-02,4.969433092033687105e-02,-8.922988974977820453e-03,8.527477925379027199e-03,5.191589859133152133e-04,-1.333385829139578649e-02,-3.835494008813963851e-02,-2.393561695478962567e-02,-2.229527990056583142e-02,-4.302494254723358835e-02,-3.108176703567915033e-02,-1.120675779778365112e-02,-1.692114192436460288e-02,1.441240827471842838e-02,4.873456215120500375e-03,7.090253844782813501e-03,7.751839155145228213e-03,-7.102088345565517324e-02,3.283805796818529271e-02,4.878138244615778767e-03,-1.973741364108241598e-03,-1.053917002135968881e-02,-2.120870389831387356e-02,-1.659126824280328372e-02,-1.410643930757169394e-02,-5.484836277505251295e-02,-6.051399541379846869e-02,-3.188174030263269537e-02,-1.197908124174878845e-02,-6.557405950052634658e-02,-2.231192914665178911e-02,-5.738432914175236460e-02
1.431217942152125111e-01,1.730486888923734590e-01,2.805265051598315740e-01,1.000000000000000000e+00,3.155484660079739268e-01,1.883772009915262169e-01,3.578514004039450858e-01,1.682803743148942599e-01,1.388046741447005183e-01,1.608654450789662460e-01,1.055204619162954938e-01,1.192575561225017039e-01,8.060112302759772640e-02,7.134378945929661237e-03,4.747014235055938003e-02,2.391110419911599699e-02,-1.220803732628879951e-02,-3.035154536676136841e-02,1.424602684064491106e-03,-3.103194325630500086e-03,-2.726008844934351555e-02,-2.372064405313032212e-02,-2.443812122797890847e-03,-1.985633645801451394e-02,2.050069042057637431e-02,-2.805123544335696648e-02,-9.055179787933081634e-03,2.854187050043862847e-02,-4.774397074145297210e-02,1.808050093560952323e-02,1.385842865336182027e-02,-4.003579469950399594e-02,1.204826864225820452e-03,1.118399644415398256e-02,-2.344207471133061965e-02,2.672005105395519955e-02,-9.055998241402962723e-03,3.868920490992318328e-02,-5.938427160111773261e-03,3.584910263690275350e-02,-1.173133744088136927e-02,-3.285597921237928126e-02,1.385563890323125962e-05,-2.876260067023947778e-02,-2.930670046117924560e-02,-4.113679133729042370e-02,-4.506591992002429575e-02,-5.020935710439582145e-02,-3.936650007627388176e-02,-3.489578686910738137e-02,-4.558394389222536480e-02,-7.954483057374969399e-03,-2.148027265103109873e-02,3.013239773833940524e-03,-8.765050711351498247e-04,4.021643438150646760e-02,-2.404588151870491741e-02,4.220498047833336208e-02,8.626448911390957597e-02,5.442845655652546466e-02,1.335305492190964720e-02,4.313136010362984135e-02,2.339191204781000330e-02,6.226548729716527286e-02,5.706285410415370268e-02,1.735595249837178916e-02,3.790959334028465300e-02,-2.553323105689115583e-03,-7.694828414138737104e-03,-4.683062762014227748e-02,-6.173597822231851467e-03
8.656940509953403584e-02,3.756596901194310667e-01,2.096525061134290879e-01,3.155484660079739268e-01,1.000000000000000000e+00,2.720984037427125468e-01,1.322801867958155742e-01,2.965028145789968539e-01,2.845908453662552851e-01,1.575279912435085528e-01,1.733520459517494394e-01,1.068950244291901053e-01,1.230841788208808379e-01,2.615664238306950745e-02,1.800273365265391001e-02,5.727806053803805031e-02,3.292523980827405383e-02,-3.907158077140017449e-02,-5.728484188902536675e-03,-1.598761285713075006e-02,8.511853107076715330e-03,-3.459569119911245355e-02,1.395885705313300480e-02,-3.567947093599181663e-02,-1.771899314685004140e-02,-1.825595432234915563e-02,-4.246406853297050865e-02,1.356530606549216297e-02,-2.815793249656471306e-02,-9.790632304380280163e-03,-4.900828158026705739e-03,-3.354150178318471981e-02,-3.393021486826773570e-02,1.426468571813604459e-02,-3.755048468150481294e-02,-1.255490065684767252e-02,-4.239949998440779161e-02,3.381196985895560878e-03,-2.365341571125464655e-04,3.086174223650765130e-02,-5.726148265410008209e-02,-2.483685116500337908e-02,-2.435896472288650791e-03,-2.545012676222867601e-02,-3.162902615540513773e-02,-3.221312022811927828e-02,-2.672257692716447156e-02,-1.372613256471293293e-02,7.742483678176047962e-03,3.436289922080323911e-02,4.588726069544907249e-02,5.425404297132659787e-02,5.192598958376260648e-02,7.659188874807758285e-02,2.734219441700291506e-02,4.989953523030512400e-02,-2.386371659997471237e-02,-1.337455532677699933e-02,5.058979378591539622e-02,2.073634551025081707e-02,1.007794357251159782e-02,5.704970336278213788e-02,-3.411856019451518784e-02,3.590965038429590889e-02,4.418746011543633889e-02,4.699627939483499994e-02,5.112519069544887301e-02,5.009733214668188328e-02,3.574272770826210366e-02,2.813206264224414263e-02,4.682786679211724951e-02
2.102267860034590097e-01,2.801818657682528801e-01,4.343430882154362127e-01,1.883772009915262169e-01,2.720984037427125468e-01,1.000000000000000000e+00,2.438097815561337811e-01,-7.470981908305770677e-03,2.174995325469082363e-01,9.286398243677890241e-02,9.124447604563104552e-02,1.024831883946450556e-01,3.161718391765706848e-02,1.195057026450740620e-02,5.736841478625374219e-02,2.153311716091516753e-02,9.448599323256402782e-03,4.007424381661702645e-02,2.839314625861009619e-03,2.322084265268076902e-02,1.496990522176110290e-02,4.309437545753951049e-02,3.610672419270834904e-02,5.290377202911463600e-02,3.090778457007115065e-02,7.450511069326022640e-02,4.025744687460859617e-02,1.418808667940891707e-02,4.839239064823055991e-02,6.173630309125077015e-02,3.147574016125638790e-04,3.322241514921018407e-02,1.235937854958379413e-02,2.555581871350973838e-02,3.692503421258249569e-02,-2.376617367879365565e-03,-2.954120538781673799e-02,4.360068349074582711e-02,-3.730900898840044250e-02,2.802082968061254259e-02,2.289640005003376957e-02,-1.314500664566594160e-02,-4.194649538903582296e-03,1.718224352534076724e-02,-9.694801822410217471e-04,-2.438505203892718867e-02,3.086610525852931993e-03,2.474589204413336907e-02,-2.975256880036841051e-02,-2.798454498134617455e-03,8.899080020938189518e-04,8.636144990291669959e-03,3.908704601574074927e-02,2.342373486303829175e-02,1.395645545429538559e-02,1.339236471317984637e-04,-8.316429493813802531e-02,3.240933537617827348e-02,3.491154096823164722e-03,-1.980857587827697386e-02,-4.686409001605721519e-02,-3.210158544650081741e-02,-2.304269117718847973e-02,-3.430674601265099044e-02,-3.964598380048802578e-02,-1.886354359085012618e-03,-3.714550683470485559e-02,2.261613974745960848e-02,-2.147322621765067677e-02,1.490108706785172807e-02,-2.375127666917694821e-02
4.501176259719030098e-02,5.510091973642726459e-02,2.225283987507025163e-01,3.578514004039450858e-01,1.322801867958155742e-01,2.438097815561337811e-01,1.000000000000000000e+00,2.247966775678433005e-01,1.313832185583618528e-01,1.493914023162122295e-01,9.601764344879182289e-02,9.544670254710048429e-02,5.056276379904887236e-03,-1.270903678169131232e-02,2.034968311566628593e-02,-2.603773438481515878e-02,-3.053376002251460136e-02,-6.331750012151489415e-02,-2.168782025290353493e-02,1.489770044096545495e-02,-2.159629513605988010e-02,1.597016376622758388e-02,6.817320174655563426e-03,5.299075209502526057e-02,6.246592090349309401e-02,3.960158083413939378e-02,7.006634696718364030e-02,4.883046472323650244e-02,2.388468268529554336e-02,9.030410593239897310e-02,4.389307021637483402e-02,3.598204312046843212e-02,6.509469887444739589e-02,3.080076796982713153e-02,2.111708819686039865e-02,3.128693053434694615e-02,-3.389200364138056365e-02,4.474816978931923234e-02,-5.458315016233525850e-03,2.000776626804513444e-02,9.814235721354145833e-03,-1.622783618117802640e-02,3.438207927156283067e-02,-5.094552703152003224e-03,-3.622959735679984195e-02,-5.992372040613892781e-02,-6.265573977021916818e-02,-4.996327477555606578e-02,-3.734252231724660004e-02,-3.997340442460337734e-02,-1.256056436815112393e-02,-4.307155942101908302e-02,-1.664232506392161748e-02,-2.867450038787587585e-02,-3.739688686972840286e-03,-1.253194586378373124e-02,-5.809615665814896190e-02,4.101352389337108856e-02,2.562787280761480782e-02,3.877465254693936159e-03,6.838036608633276834e-04,3.225224624497887056e-03,-9.533629349602725303e-03,6.250293951118823105e-03,-2.079298831733713063e-02,-5.311832396889209357e-02,-2.072044287275881524e-02,-5.226801998550234529e-02,-7.354217086827068151e-02,-5.911527106628908235e-02,-6.383776853067865686e-02
-6.094728244537853806e-02,3.783881612743044548e-02,9.335610082710280727e-03,1.682803743148942599e-01,2.965028145789968539e-01,-7.470981908305770677e-03,2.247966775678433005e-01,1.000000000000000000e+00,2.845922418403176168e-01,2.938895534168772805e-01,3.203020250440185568e-01,5.455906422766219899e-02,7.954562891380211054e-02,2.006095688964091087e-02,1.776479026545380729e-02,7.797318201524738868e-02,5.531992191970023544e-03,-5.218915705094147317e-02,2.442425132737051016e-02,-2.601210121079239670e-02,1.501674391106738726e-02,-7.202068146260689162e-03,-2.585962509948416463e-02,1.862998822366129792e-02,1.911782476180920801e-02,1.845364394797630297e-03,-1.067127468330180545e-02,2.532704379245466486e-02,7.897645551686966955e-03,2.341054355507526247e-02,2.944019719066693838e-02,-8.518239090304635663e-04,-7.394488420843428091e-03,4.023725453319980383e-02,-4.667829393150907391e-02,-3.724060795500496162e-03,-9.826651922023969810e-02,-2.374195849003465919e-02,-2.696427304713895981e-02,-5.750356793624186204e-03,-5.195843980990674099e-02,-3.654584229005224810e-02,1.717295831013765156e-03,-3.498850418432744580e-02,-5.694497641664342941e-02,-2.897612781003553253e-02,-5.498602894158338694e-02,-3.341374155791485001e-02,1.865725616162259778e-02,3.210661998862892469e-02,3.986670273271095827e-02,3.590826077912949443e-02,2.286836203908464496e-02,5.604675710281333684e-02,2.758072176072486059e-02,1.385611812883473515e-02,1.871705183173693818e-02,5.090819177265547973e-02,6.020951450133193994e-02,-1.825800330258058046e-02,3.595237173837995126e-02,4.810222870715679527e-02,-5.827919383969646511e-02,1.730883271819113126e-02,1.700640257023370780e-02,5.385368232781707724e-03,2.042905191790058556e-02,-1.166435393585999424e-02,-1.857265552230319720e-03,-8.332285090416116907e-04,1.639617601873387181e-03
1.193844050173238809e-02,1.313758734920618954e-01,7.265282911368509122e-02,1.388046741447005183e-01,2.845908453662552851e-01,2.174995325469082363e-01,1.313832185583618528e-01,2.845922418403176168e-01,1.000000000000000000e+00,3.273980134510574569e-01,4.900931395241914235e-01,2.302865119491098456e-01,1.301600576495079431e-01,-2.758130285916322432e-03,-8.754338390292518146e-02,1.051370863210993739e-02,-1.067152570108057495e-02,-7.981044237268584973e-02,-2.897857139321826508e-02,-2.302251901977047169e-02,-5.844815332089575016e-02,-2.476437833535651348e-02,2.745582877447904843e-02,-1.478753568655087440e-02,-4.842574174250034030e-02,1.367512611082345210e-02,-7.395899218932491803e-02,-2.494710783980602642e-02,-5.153902902275267657e-03,-3.774225478113427124e-02,-1.509458529519060871e-02,-2.844741474424685584e-02,-4.394048441008365641e-02,1.779423328360004233e-02,-3.373089169284061023e-02,2.595490492213952879e-02,-8.245330506146880678e-02,-6.640003861566240234e-04,-7.290620891987983736e-03,1.536715948748954876e-02,-6.227206071674573629e-02,-1.593587772639409178e-02,-4.668997023783979378e-03,-2.808355687832779848e-02,-2.590716171539493226e-02,-4.679217522419162889e-03,-1.792646690622512473e-02,-4.197523043835169748e-03,1.637059745087803908e-03,6.191977996435344550e-02,1.901284884239508310e-02,4.981188969522675619e-02,4.536330733634688639e-02,4.246151003599391016e-02,3.408542300416905757e-02,2.707652146215961189e-02,-2.846824941081257596e-03,3.055582584351812167e-02,2.723300805448626571e-02,-1.597075053341311807e-02,-3.042493645668660311e-03,7.313532360926959519e-02,-4.813522005612230065e-02,-9.866288641230576417e-03,2.484988253361984992e-02,9.479747365818827487e-02,8.351639048328855786e-03,8.548213235405185961e-02,6.629960838977468074e-02,9.135035275565439594e-02,5.660949836154467035e-02
1.913216438462618518e-02,5.838734649211237138e-02,5.166330551075738742e-02,1.608654450789662460e-01,1.575279912435085528e-01,9.286398243677890241e-02,1.493914023162122295e-01,2.938895534168772805e-01,3.273980134510574569e-01,1.000000000000000000e+00,3.735680015569228796e-01,8.687656987007523479e-02,8.583923568270133975e-02,-5.102803410522717756e-03,4.948318618731990803e-02,7.519093194406474556e-02,2.013459245834606573e-02,-1.124950128345646172e-03,4.758109141742120768e-02,4.374342566373167623e-02,-1.505184546448843849e-02,8.828422012714453454e-03,5.211225464451597206e-02,5.765173360528173807e-02,7.478298532923598890e-03,3.951658737023369672e-02,6.270516081846175954e-03,2.813878825207765874e-02,1.840124060257911087e-02,2.674187425610936863e-02,1.663797017135068557e-02,-4.761817689995047863e-03,3.639943690043472013e-02,2.517917285794737253e-02,2.849940710720893014e-02,4.421134859174317977e-02,-7.694816638970922162e-02,2.011561874626148841e-02,-1.913047434111640266e-03,2.721114085625424284e-02,-1.728919179242877427e-02,-2.841044014660998665e-02,-1.141860809126570182e-02,-1.573792479253889598e-02,-3.512244998057392070e-02,-1.366160568798346908e-02,-4.589267261919487140e-02,-3.536087066078182073e-02,-1.358044045208469525e-02,8.125202106449833095e-03,1.405574748353397713e-02,6.472525226331973802e-03,1.537123575756774857e-02,1.203215501718255497e-02,7.447248835164082051e-03,-1.398859921232383473e-02,-1.577448854526456931e-02,4.626270992107705399e-02,5.686194464408075248e-04,-2.686758782652848981e-02,3.172142154473752123e-03,3.509754559602690227e-02,-4.242933334732173351e-02,4.974299618826771678e-03,-2.557998069180071089e-03,9.544151045314204496e-03,6.248505866839232023e-03,1.968376386837821304e-02,-2.815907565920352379e-02,1.361536583130465439e-02,-1.656449698920863661e-02
4.113773529722026699e-04,5.674494213608805709e-02,5.563196428142032357e-02,1.055204619162954938e-01,1.733520459517494394e-01,9.124447604563104552e-02,9.601764344879182289e-02,3.203020250440185568e-01,4.900931395241914235e-01,3.735680015569228796e-01,1.000000000000000000e+00,1.550127040286279345e-01,-2.828334513283813079e-02,-1.218066240582497961e-01,-1.138842702981543442e-01,4.033493711810897525e-02,-8.607500541273875594e-02,-8.182334698800239337e-02,-1.323536003125893278e-02,-4.106604228007685459e-02,-4.073013561679451888e-02,-1.941240237482065589e-02,1.718788633409008837e-02,-1.023720965607993229e-02,-5.703021429577897344e-02,2.042149290292239253e-02,-8.153804873050841950e-02,-3.287626857810078962e-02,-1.054762157540187380e-02,-5.484368241700166013e-02,-4.132006334661836311e-02,-5.004661225300896521e-02,-4.071606765535831784e-02,-1.453540622644490868e-02,-3.407809922560089272e-02,1.752943260567938963e-02,-6.163017925004728864e-02,4.059215406864062972e-03,1.117474945933030588e-02,3.446868734213214686e-02,-4.199612641485870462e-02,8.564599323792713992e-03,3.332617895443629880e-02,-5.238141858446536923e-03,-9.676973605860821753e-03,-1.602120284452517376e-02,4.375171829730064785e-03,-3.326437819069524848e-02,-1.498583337797606239e-02,4.948572834787764302e-02,-7.796980323797012870e-03,2.833787177901615079e-02,2.914751960982941634e-02,1.665404870090304162e-02,3.192553683334051207e-02,4.072714845031094599e-02,3.387404637651336009e-02,4.323987195965074692e-02,2.259638757213510568e-02,-1.992350619309853424e-02,6.174125024945176059e-03,7.021171791543827367e-02,-6.127757432115807368e-02,-2.957983400679241662e-02,1.883463968433468291e-02,8.755413291985199298e-02,-1.167757885556465307e-02,7.076034122150696992e-02,6.009573658573658106e-02,1.044861993784127890e-01,2.479207810460331771e-02
3.478948547862548146e-02,4.856771365829747750e-02,4.771643335761853455e-02,1.192575561225017039e-01,1.068950244291901053e-01,1.024831883946450556e-01,9.544670254710048429e-02,5.455906422766219899e-02,2.302865119491098456e-01,8.687656987007523479e-02,1.550127040286279345e-01,1.000000000000000000e+00,2.312419247880447559e-01,2.218342202537544050e-01,4.494170573652434171e-03,9.442199204166419613e-02,1.320320410141378464e-01,-2.119613178584911842e-02,6.011133133841208703e-02,6.050518774484597850e-02,4.173423172905740136e-02,4.390399131893218260e-02,1.141345503787324495e-01,4.626077608620389470e-02,2.499141984575115744e-02,8.597367446770891319e-02,2.253569344800961799e-02,3.769648392692932087e-02,7.333692598575132504e-02,1.754621545564301333e-02,1.658862366942916167e-02,4.506664794682977565e-02,2.929753535031429795e-02,7.631837639392419215e-02,3.197149555474178284e-02,1.862712775740630808e-02,-4.746535590879755184e-02,-1.921809141162863967e-03,-4.326939019619292781e-02,-3.768778813216340506e-02,9.928952639547202960e-03,-3.912777110473004971e-02,-6.966849831566528962e-03,-2.286639536118829051e-03,-5.855122471777423482e-02,-9.821368619391017407e-02,-4.708741303606532938e-03,2.498697408494749209e-02,-5.037726994709883915e-02,3.638350179296964693e-02,1.419878166985954343e-02,-8.818327261335764597e-03,1.999012756510615968e-02,3.414936282573884097e-02,3.500906502780940649e-02,2.721789822097044759e-02,6.794422150140234928e-03,4.132586216873392060e-02,5.885340797335305435e-02,-5.332968818335637184e-02,3.925176517878726720e-03,2.796148591588090617e-04,-8.172252009710584408e-02,-2.614438979196453960e-02,-4.982166178502962089e-02,-7.349986367248723161e-04,1.713049886873474828e-02,4.664289250180509577e-02,-2.061494197598746914e-02,6.354334823817671396e-02,1.142647940100783611e-02
-1.436835603462791738e-02,3.540835619140053625e-02,2.478797607672014736e-03,8.060112302759772640e-02,1.230841788208808379e-01,3.161718391765706848e-02,5.056276379904887236e-03,7.954562891380211054e-02,1.301600576495079431e-01,8.583923568270133975e-02,-2.828334513283813079e-02,2.312419247880447559e-01,1.000000000000000000e+00,3.929716565342211698e-01,2.761138351342654063e-01,3.583634394782014287e-01,3.353047658053656122e-01,1.771753446760915285e-01,2.169909381813983351e-01,1.822130368067546302e-01,6.140709100867262210e-02,8.539104306116013232e-02,1.770136093323749771e-01,7.599345378302845011e-02,2.062479459400298060e-03,1.039013767698843543e-01,6.838401997190453330e-02,4.754239064937248321e-02,9.097619985649649244e-02,5.018949112415599378e-02,7.185019019029534326e-02,6.041399503441097218e-02,9.613227237562943506e-02,9.707211159547241008e-02,8.745316048192083858e-02,7.544346787234969265e-02,-2.120837498869022203e-02,1.496105707981576320e-02,-4.656476487816252341e-02,-7.107583801949857172e-02,-2.867344418803819284e-03,-8.029252570469054551e-02,-4.043731643656064967e-02,1.230362221926869365e-02,-8.288155892790356749e-02,-6.848096372674818133e-02,2.782080858952750910e-02,2.929715015691644608e-02,-4.993445044334645505e-02,2.763245425999997715e-02,-3.206287853744385890e-03,1.192474543115743142e-03,-1.554825582105620954e-02,1.056235630008383469e-02,-5.137654023607982762e-02,-8.136282028571301464e-03,-1.712501670994693789e-02,-3.075289027004173351e-02,-3.063022535403302563e-02,-3.185424632376351872e-02,1.049443145246987605e-02,-2.305935601349526701e-02,-5.272321883343835530e-02,-4.609100934894979490e-02,-7.109048187375170691e-02,-3.467457527814339635e-02,-1.253989950126802033e-02,3.992543613292997423e-02,-4.933346793515122619e-02,4.588098730386241941e-02,7.018272642339540811e-03
-9.371218858306782154e-03,-5.850073786158268598e-03,-5.152606116186534031e-03,7.134378945929661237e-03,2.615664238306950745e-02,1.195057026450740620e-02,-1.270903678169131232e-02,2.006095688964091087e-02,-2.758130285916322432e-03,-5.102803410522717756e-03,-1.218066240582497961e-01,2.218342202537544050e-01,3.929716565342211698e-01,1.000000000000000000e+00,3.968308052493350613e-01,3.423895867486982381e-01,6.418797483028015893e-01,2.636189570068158683e-01,2.744896167037945145e-01,3.340560585520828130e-01,1.598215845874477459e-01,8.328003752817114691e-02,2.480761954569737637e-01,1.779790756789677020e-01,1.504829801178896725e-03,1.718060847505955280e-01,8.793542363516007598e-02,5.591840904854951388e-02,1.672803290662842057e-01,7.703586379815602347e-02,6.046710026454479164e-02,1.059568709301828976e-01,7.853619572621557687e-02,1.232400786726746966e-01,8.326939945557597367e-02,2.586644356213831791e-02,-5.959322111217132262e-02,-2.753584975196177870e-02,-8.696164688513212393e-02,-1.146985957307397608e-01,-1.624735657590932816e-02,-8.074261572627589034e-02,-7.618827690473262138e-02,-1.944295380031593398e-02,-8.900052177721566593e-02,-5.613427535423332060e-02,9.358025782741308252e-03,6.755303240591797875e-02,3.737656573992807069e-03,6.182953086548435839e-02,5.884903806103176926e-02,2.295407476589548385e-02,9.799235140069501027e-03,3.993380321594777044e-02,-4.207143474887671715e-03,1.704152591061927971e-02,-8.585761789618092180e-03,-3.612697473360664685e-02,-1.676345071633429662e-02,-6.689399661493616867e-02,-2.193713975700732621e-02,-5.250448335536328504e-02,-6.555332625301324434e-02,-9.690821593726395289e-02,-1.230629067391001141e-01,-6.043800579923126748e-02,-4.061586542289926521e-02,5.959895133056238720e-02,-6.470065577566121162e-02,8.863309942334646196e-02,8.577484687607616481e-03
3.780030011401195461e-02,2.860850313355019908e-02,6.735367101830559700e-02,4.747014235055938003e-02,1.800273365265391001e-02,5.736841478625374219e-02,2.034968311566628593e-02,1.776479026545380729e-02,-8.754338390292518146e-02,4.948318618731990803e-02,-1.138842702981543442e-01,4.494170573652434171e-03,2.761138351342654063e-01,3.968308052493350613e-01,1.000000000000000000e+00,3.777718744471256773e-01,4.016476338960319192e-01,3.943673297175833703e-01,2.295199979100373266e-01,2.903928085646694246e-01,6.479480594067660304e-02,1.896855857048001734e-02,1.854349992160850280e-01,1.161122683990997440e-01,-4.420939277362292280e-02,7.980013764315935232e-02,8.295103496257824616e-02,4.108309404759680726e-03,8.238264691188261490e-02,6.256517920318174775e-02,1.069441212018062103e-02,3.795083510170497998e-02,6.351859238522589157e-02,3.871959582257359506e-02,8.534792904705676420e-02,1.272727018738565273e-02,8.390817440875927846e-03,2.190252764708544228e-02,-5.156719991146815202e-02,-4.140348542805500492e-02,2.652890177517300968e-02,-6.128813986709741313e-02,-3.480841560598807449e-02,2.354537015302847393e-03,-8.697831769445427130e-02,-3.043125124507782206e-02,6.175649313841883323e-04,2.752162721569292869e-02,1.156265700275075671e-02,2.769993888259906362e-02,3.186201883623990261e-02,2.161578517329818330e-02,1.707010680429288732e-02,4.149820520977257066e-02,-1.149901244532163490e-02,6.663031079915121557e-02,-8.184160464897297094e-03,-8.555995404132378870e-03,-4.057721494311482269e-02,-3.839307502054531418e-02,-2.953533008698779744e-02,-6.440083937681343254e-03,-1.628571055234050852e-02,-5.465123510173600790e-02,-5.315631169908167919e-02,-2.741729759238769465e-02,-5.319234312756631472e-02,-1.139974803524555655e-04,-4.952020673419063601e-02,4.474980763586501598e-02,-1.088594191089857846e-02
2.442751390617238852e-02,1.879060342454800039e-02,7.045668133662951090e-03,2.391110419911599699e-02,5.727806053803805031e-02,2.153311716091516753e-02,-2.603773438481515878e-02,7.797318201524738868e-02,1.051370863210993739e-02,7.519093194406474556e-02,4.033493711810897525e-02,9.442199204166419613e-02,3.583634394782014287e-01,3.423895867486982381e-01,3.777718744471256773e-01,1.000000000000000000e+00,3.271039464522721985e-01,3.031320609781901765e-01,3.937078173915664059e-01,2.115748110642821644e-01,8.738972892808043180e-02,1.329627875107249613e-01,2.411833946948230001e-01,8.747555872061128779e-02,1.157651895091047628e-02,1.401467519120057625e-01,1.026650970889938091e-01,3.567031038276061855e-02,1.136906906253754845e-01,7.599374297533469103e-02,5.341432074337428004e-02,5.943467978063395052e-02,1.074987906655374276e-01,7.688217160093578639e-02,1.277424321935985985e-01,3.183875343747825937e-02,-7.073973541364401334e-04,-6.790103508650485904e-03,-6.105811479830224736e-02,-6.320579976861770422e-02,9.773909930810627256e-03,-7.616785546845132593e-02,-3.731099057808130032e-02,3.108292005796773477e-02,-6.338299644547099043e-02,-3.073329452336865872e-02,2.367758713271013796e-02,5.280591052330254470e-02,-1.768000173269634184e-02,4.976594896661723499e-02,2.260895356415826979e-02,2.628996706494574759e-02,1.834721809841950973e-03,1.990917664100201601e-02,-1.802916153963911652e-02,2.597095473407896524e-02,1.001264698460437030e-02,-5.174479604204042238e-02,-3.553250355711196073e-02,-7.837771060742133866e-02,8.021746113900119759e-04,-3.935181643033293375e-02,-9.331618657939359796e-02,-6.996220335969642601e-02,-8.578529263023343399e-02,-5.804740189925711863e-02,-6.142761110569811001e-02,2.180407834054601951e-02,-6.944693003396022746e-02,5.398674539936588329e-02,-4.280338318096480604e-02
1.064289323633260329e-03,2.328961633557172922e-03,-8.735132605101020992e-03,-1.220803732628879951e-02,3.292523980827405383e-02,9.448599323256402782e-03,-3.053376002251460136e-02,5.531992191970023544e-03,-1.067152570108057495e-02,2.013459245834606573e-02,-8.607500541273875594e-02,1.320320410141378464e-01,3.353047658053656122e-01,6.418797483028015893e-01,4.016476338960319192e-01,3.271039464522721985e-01,1.000000000000000000e+00,3.279144082779859026e-01,3.718536089961558266e-01,4.274582443865735937e-01,1.519003140108855232e-01,6.562135306438234006e-02,2.800406096673929701e-01,2.036591983721794952e-01,-8.106382537808487498e-03,1.886446004970422363e-01,1.026116937951681435e-01,5.734832498946883933e-02,1.810219698178012482e-01,7.127504476043777792e-02,6.706184454145175389e-02,1.111092795822822971e-01,7.076236702620994357e-02,1.218699462438364162e-01,8.161292324341000437e-02,1.548082394185791317e-03,-4.234229793592606678e-02,-1.137390067907340617e-02,-7.804127257397505679e-02,-8.211226853765120348e-02,1.321152932974620046e-02,-5.351929979323231945e-02,-7.500405497762052676e-02,-1.487879139475288201e-02,-9.318510942508824446e-02,-3.734384079617970170e-02,-8.757446963139915372e-03,4.883017485811574215e-02,2.190809042697907869e-02,5.298462993026446799e-02,6.580179471995942220e-02,2.685006597504386097e-02,2.387162076357563639e-02,4.564141438891640423e-02,6.393845845219219698e-03,1.611530010454340425e-02,-7.332639304368982446e-03,-3.052551782833545432e-02,-3.077369945559949374e-02,-6.818502452706108607e-02,-3.287372817893492727e-02,-6.525318270848200208e-02,-9.986941306686029918e-02,-1.154568646425164213e-01,-1.345595012212384145e-01,-6.183685635857791990e-02,-6.352910006334047677e-02,5.656894282290594184e-02,-7.760222247518107352e-02,9.307930699901176275e-02,-1.555782752647655136e-02
5.008056843180940659e-02,2.640624345043795368e-02,2.889091444339136200e-02,-3.035154536676136841e-02,-3.907158077140017449e-02,4.007424381661702645e-02,-6.331750012151489415e-02,-5.218915705094147317e-02,-7.981044237268584973e-02,-1.124950128345646172e-03,-8.182334698800239337e-02,-2.119613178584911842e-02,1.771753446760915285e-01,2.636189570068158683e-01,3.943673297175833703e-01,3.031320609781901765e-01,3.279144082779859026e-01,1.000000000000000000e+00,3.517704797556444052e-01,3.101770053594398724e-01,1.050498124406079870e-01,7.574568847216274492e-02,2.407845495432817395e-01,1.149906862299781424e-01,-5.676803640826603298e-02,9.205386187362867012e-02,1.202155238425869771e-01,-2.748263570753848098e-02,8.902894774109304521e-02,5.010145958581299630e-02,-1.401888327927085752e-02,6.030202717637446475e-02,1.492943048979284218e-02,-1.409273714242494091e-03,7.048781610066154335e-02,7.131489720089694874e-03,1.564840073193110928e-02,1.306670794983460192e-02,-1.387194276571340236e-02,-1.743648318911094133e-02,5.997340985696310994e-02,-2.045894617042495062e-02,-1.101720715958189566e-02,5.360899344794044924e-02,2.113894043601707157e-02,-1.061645444492555213e-02,5.918253085420457221e-02,5.328538251233325834e-02,1.788472661768474720e-02,2.756623352788048140e-02,2.865889924856485776e-02,-7.653426284393525722e-03,2.681700082754581368e-02,1.321272270806394741e-02,-2.713767311853246961e-02,4.612211261669491719e-02,-2.276943767300124155e-02,-5.236993927696984713e-02,-9.254874734437537609e-02,-1.087828388068295266e-02,-5.409403376001437752e-02,-8.866643429244377983e-02,-1.064532024113488962e-02,-7.726757606045887850e-02,-6.816946230616556524e-02,-6.882750839320503355e-02,-1.137451286003068329e-01,-1.362482038482515020e-02,-8.602324237952425900e-02,3.364646124205019490e-02,-6.963083767358209386e-02
1.789546914611971160e-03,2.235718740972439476e-03,2.926623748044550333e-02,1.424602684064491106e-03,-5.728484188902536675e-03,2.839314625861009619e-03,-2.168782025290353493e-02,2.442425132737051016e-02,-2.897857139321826508e-02,4.758109141742120768e-02,-1.323536003125893278e-02,6.011133133841208703e-02,2.169909381813983351e-01,2.744896167037945145e-01,2.295199979100373266e-01,3.937078173915664059e-01,3.718536089961558266e-01,3.517704797556444052e-01,1.000000000000000000e+00,2.466970358772717919e-01,1.522947134163759875e-01,3.044618577971021645e-01,2.902950408588190756e-01,1.608467280691300849e-01,1.079496244986569292e-01,2.509594628991750342e-01,2.471206042491935206e-01,1.057349944913131279e-01,2.205900519708738905e-01,1.575177162621463345e-01,1.290342132480677695e-01,1.654935701061087949e-01,1.538850650724960245e-01,1.129280207146079740e-01,1.459357845521878638e-01,3.133426826896420353e-02,2.876320381053462313e-02,4.844577356802003132e-02,-3.563851968638107048e-02,-5.224513084838846525e-04,1.003804947043329954e-01,-4.877997841874377738e-02,-7.085707842410571278e-02,4.141593189115812951e-02,-6.294127346956389889e-03,-1.995724677939774219e-02,1.446304943126016686e-02,1.006309122944192280e-01,1.265187249698500674e-02,2.100289009707577426e-02,2.403632511711623412e-02,-2.753436024728280265e-02,-5.964245326242270662e-02,-3.502811594312554844e-02,-9.748739428897688908e-02,-4.092658924766814921e-02,-3.922752743741902276e-02,-8.436415193303402338e-02,-8.038091917352857552e-02,-1.290534606531789918e-01,-3.773147142899326012e-02,-1.240406481540000522e-01,-1.767034966578275579e-01,-1.182235108674785234e-01,-1.914388279051501551e-01,-2.086959493101507579e-01,-1.041631329043352094e-01,-8.978856832581599834e-02,-2.113711325055703250e-01,-2.112169905377509968e-02,-1.609700205340509893e-01
4.610524077295198586e-02,1.171319701309732515e-02,4.647367453708800555e-02,-3.103194325630500086e-03,-1.598761285713075006e-02,2.322084265268076902e-02,1.489770044096545495e-02,-2.601210121079239670e-02,-2.302251901977047169e-02,4.374342566373167623e-02,-4.106604228007685459e-02,6.050518774484597850e-02,1.822130368067546302e-01,3.340560585520828130e-01,2.903928085646694246e-01,2.115748110642821644e-01,4.274582443865735937e-01,3.101770053594398724e-01,2.466970358772717919e-01,1.000000000000000000e+00,2.207840355172573654e-01,7.772932854513392442e-02,3.682218694136125681e-01,3.680089899060519643e-01,6.141852095152025570e-02,2.337824611010644871e-01,1.286409324510469354e-01,1.155117445991588887e-01,2.425249329751854865e-01,1.406157342159268242e-01,9.277693890706033286e-02,1.507133027092224520e-01,1.121154715271289320e-01,1.308009462520353106e-01,1.228226278091609780e-01,7.244722156157282211e-02,-7.562977656199143875e-03,3.414726826064202331e-02,-7.695225830137744638e-02,-5.127812282372364722e-02,1.276520765159193035e-02,-8.245622151102904862e-02,-7.888156175761724953e-02,-2.345972048690550885e-02,-1.091966157556912842e-01,-9.159116402397265988e-02,-1.300542989525502353e-02,4.591368498796304792e-02,-4.150205121752449655e-02,3.937633338259551724e-02,5.433083949012969781e-03,-1.739987789299414847e-02,-2.458451229446074332e-02,1.535703293628726089e-02,-2.849229235345681135e-02,-1.500938701341983893e-03,-7.392313988149808168e-02,-3.811669352867783078e-02,-6.984124310676141645e-02,-7.460435514786130373e-02,-6.325134274294069714e-03,-6.627068928267948467e-02,-8.777013422206542126e-02,-1.251073375756204809e-01,-1.996023861067586502e-01,-9.700288795676814679e-02,-6.095179790362224848e-02,8.256720316826478279e-02,-1.028450924270190997e-01,4.955721252077956163e-02,-3.640233012163650306e-02
3.531776430106067788e-02,-9.476669470629561429e-03,2.222265159177096161e-02,-2.726008844934351555e-02,8.511853107076715330e-03,1.496990522176110290e-02,-2.159629513605988010e-02,1.501674391106738726e-02,-5.844815332089575016e-02,-1.505184546448843849e-02,-4.073013561679451888e-02,4.173423172905740136e-02,6.140709100867262210e-02,1.598215845874477459e-01,6.479480594067660304e-02,8.738972892808043180e-02,1.519003140108855232e-01,1.050498124406079870e-01,1.522947134163759875e-01,2.207840355172573654e-01,1.000000000000000000e+00,2.231358992198600733e-01,1.685426409181845983e-02,3.000539226818363381e-01,3.204949702512890353e-01,2.456342452178670865e-01,2.193530676914778321e-01,2.569211507719703635e-01,2.365866880713790310e-01,2.054535744285089227e-01,1.974735572529808525e-01,1.701295984472322720e-01,1.564336892377703458e-01,1.192577837078541841e-01,6.116434599408335226e-02,1.952626291345107819e-03,-6.460992467624884598e-03,-9.402292987785391271e-03,-5.778313685098600966e-02,-7.501207208503678225e-02,1.619694932626073239e-02,-4.818284842707031002e-02,-1.709292848930075298e-02,1.050339448565867570e-02,-4.240172964291976515e-02,-7.409024059728616662e-02,1.995820377333075782e-02,4.711735926128894636e-02,-7.763624954211359452e-02,1.071111347310950077e-02,-3.787629183291706808e-02,-5.337035730031856190e-02,-8.615926640825366523e-02,-3.611303185965444168e-02,-7.214595759370877326e-02,-1.098551950105501190e-01,-1.199950486963774626e-01,-5.538086191395666380e-02,-4.485777512304721382e-02,-3.361081617152485157e-02,3.995938983795861016e-02,-8.244096033165256021e-02,-1.462426993522097651e-01,-4.336764708057058715e-02,-2.311501112254363555e-01,-2.548588625529593088e-01,2.423613048181496796e-02,-2.867280815435309035e-02,-2.353809719887398344e-01,-1.457866145328365892e-01,-1.033552767482740220e-01
2.334102920218770680e-02,-2.139426906305402429e-02,3.653507674290798479e-02,-2.372064405313032212e-02,-3.459569119911245355e-02,4.309437545753951049e-02,1.597016376622758388e-02,-7.202068146260689162e-03,-2.476437833535651348e-02,8.828422012714453454e-03,-1.941240237482065589e-02,4.390399131893218260e-02,8.539104306116013232e-02,8.328003752817114691e-02,1.896855857048001734e-02,1.329627875107249613e-01,6.562135306438234006e-02,7.574568847216274492e-02,3.044618577971021645e-01,7.772932854513392442e-02,2.231358992198600733e-01,1.000000000000000000e+00,1.687171879490820814e-01,2.291476702449987413e-01,3.117753201556480169e-01,3.621682344225006234e-01,3.598601270609214087e-01,1.586643531239174121e-01,3.083024293531498317e-01,2.347441441697313558e-01,2.094819371668796004e-01,3.056493163250342260e-01,2.323307475572222447e-01,1.371976966201915726e-01,2.541452904632973686e-01,1.173749234074433628e-01,6.327951089590748424e-02,1.226401721304809234e-01,2.761726522183329067e-03,3.579182046319864807e-02,1.315435058978735861e-01,-3.746823384852072947e-02,1.370243565165894621e-02,4.844440489113283066e-02,5.523407627837009781e-02,-5.094435009375532231e-02,4.822621156638311202e-02,1.257866797497134981e-01,-5.328008755739538360e-02,-3.906701068309388625e-02,-3.937794695303729192e-02,-1.302699146310676570e-01,-1.191319858860597630e-01,-1.564840094072453835e-01,-2.012439914457627710e-01,-1.470473856507263921e-01,-9.847832188210675630e-02,-1.510787609404373455e-01,-2.659915735948941568e-02,-1.583649776924250796e-01,-1.117085395741501536e-01,-2.183444366150185667e-01,-2.031190971653921429e-01,-2.208857573507403416e-01,-3.439819847393862373e-01,-3.556138425534445813e-01,-1.459146800017738776e-01,-1.522294170325145801e-01,-3.225985837584618987e-01,-1.372830096385605492e-01,-2.661951865294235331e-01
