1.000000000000000000e+00,4.062628755795585356e-01,3.791811563176107347e-01,4.558630515726174171e-01,2.727104352725223668e-01,3.075829839578338998e-01,2.345878243045481926e-01,1.623231510997541760e-01,2.364076820956300951e-01,1.540159930778435549e-01,1.322976914425322004e-01,1.858811844921163803e-01,1.194387602656896419e-01,1.060054978727838215e-01,1.533025421527691168e-01,9.404449508296799931e-02,9.873367407071760582e-02,1.086436814383820171e-01,6.949170987082924078e-02,3.974418402538992118e-02,8.592994568422808455e-02,3.942200910669986513e-02,9.296648026906988160e-03,2.461911143731311882e-02,-1.922852567763736614e-02,-1.624363916810826758e-02,1.715102920050034369e-02,-2.196732133697465103e-02,1.682682903065906704e-02,4.801783529442452993e-03,2.558704977444452387e-03,1.911156085041082128e-02
4.062628755795585356e-01,1.000000000000000000e+00,4.431471979899417879e-01,5.512775879096529774e-01,4.384997324030616150e-01,2.626904898925523368e-01,2.293767573297182949e-01,1.366593000912285916e-01,2.152777464740066871e-01,1.372797019748258907e-01,9.338396638360950408e-02,1.618729950147940466e-01,8.370090729110690742e-02,6.690019693418804148e-02,1.141849647072950141e-01,5.036598535813813227e-02,4.781393814571032602e-02,7.242221057015017782e-02,4.611349873756651757e-02,1.704101288729344826e-02,4.960686108447242421e-02,5.101312709175552518e-02,3.138851380200927826e-02,4.214127395921728192e-02,1.860336492858901888e-02,-6.095412847562740183e-03,6.102445339588168788e-02,1.454408155158247928e-03,4.587429659753960304e-02,1.817683186624472619e-02,1.597459709868908131e-02,3.464930557989968907e-02
3.791811563176107347e-01,4.431471979899417879e-01,1.000000000000000000e+00,4.316563994492156886e-01,4.907435199353890609e-01,3.477006705925216323e-01,3.041502684950202484e-01,2.049433059179475991e-01,2.680322142359520265e-01,2.045695980910403888e-01,1.347304393600562145e-01,1.981145869050403852e-01,1.328287573583424586e-01,9.025572730677930422e-02,1.372941027074960352e-01,1.048256350958064603e-01,7.719193646510624784e-02,1.041178977105609721e-01,8.836317050748844493e-02,4.236798824377555062e-02,6.958600487085142561e-02,7.732065654545899891e-02,4.841735136972054321e-02,1.419532376024268058e-02,1.695852564258800137e-03,-2.376353295604307150e-02,2.381941700821681510e-02,-5.104097706625716421e-03,-1.989176351697021601e-04,-1.854333404931546520e-03,1.194318527403865661e-02,2.162387432279053862e-02
4.558630515726174171e-01,5.512775879096529774e-01,4.316563994492156886e-01,1.000000000000000000e+00,4.522677629324181048e-01,4.945577100772101109e-01,3.624052143628942457e-01,2.341622883580601611e-01,3.443631400573115564e-01,2.064829084112949631e-01,1.822660579420807003e-01,2.565769730844091878e-01,1.330510867832058186e-01,1.460884025431327393e-01,2.007910406031247763e-01,9.788015439584268895e-02,1.333466449730046077e-01,1.391517132677264346e-01,6.964082571739077521e-02,5.472941505013156210e-02,1.056282410194271520e-01,5.099364051217707139e-02,2.323522499781521464e-02,2.951946905625538187e-02,-4.170524721568635677e-03,-3.188744270287138804e-02,3.348468697055185378e-02,-1.642996199076815489e-02,3.325535207201069359e-03,-3.688588699606218900e-03,-1.400681897012719633e-02,1.846420289406257645e-02
2.727104352725223668e-01,4.384997324030616150e-01,4.907435199353890609e-01,4.522677629324181048e-01,1.000000000000000000e+00,2.806472124105386379e-01,3.750411512753356602e-01,2.282097240951501127e-01,3.182427141848827024e-01,2.493531504325302572e-01,1.326426032718238668e-01,2.425696581028280174e-01,1.494173072845653705e-01,9.582369111134021733e-02,1.898229927574217046e-01,1.053615707204621915e-01,8.480542784437894444e-02,1.479015646783624349e-01,9.647511753515972122e-02,6.665464973528864578e-02,1.129132698623029896e-01,9.602601612541242226e-02,8.085707014141851889e-02,6.853720363861136311e-02,3.012939714158818783e-02,-2.543608885298109714e-03,7.858145457339478501e-02,2.711454258108130302e-02,4.485418439881929537e-02,1.803470276635156869e-02,3.560212407383373662e-02,3.264775553676652065e-02
3.075829839578338998e-01,2.626904898925523368e-01,3.477006705925216323e-01,4.945577100772101109e-01,2.806472124105386379e-01,1.000000000000000000e+00,4.226095820626420974e-01,4.004836293862523156e-01,4.436513980766607634e-01,2.866040651080280499e-01,3.053643841870842812e-01,3.369228214375920016e-01,2.022517305532646192e-01,2.371576375928778624e-01,2.689516454310221794e-01,1.663633957452295420e-01,2.112417627820300237e-01,2.066949411541034454e-01,1.172243171916060034e-01,1.092285165771970795e-01,1.612997964372560877e-01,8.637342965408854878e-02,4.527963984284645582e-02,3.223309803432342080e-02,-3.326695450938866455e-02,-4.806424087178579746e-02,1.272446596753072472e-02,-4.713310863436528941e-02,-1.546383339282018628e-03,-2.408978831352751732e-02,4.000797614995099498e-03,7.019550649980407873e-04
2.345878243045481926e-01,2.293767573297182949e-01,3.041502684950202484e-01,3.624052143628942457e-01,3.750411512753356602e-01,4.226095820626420974e-01,1.000000000000000000e+00,4.769548970663317622e-01,5.828286783541349880e-01,4.980249416718320332e-01,2.682163926486652028e-01,4.476828478140167378e-01,3.080750711533442598e-01,2.253399788216641497e-01,3.565521554404015303e-01,2.547438134227069662e-01,2.141620549303874244e-01,2.784126081217349058e-01,2.028543325449317369e-01,1.358065093574725435e-01,1.894198230714170261e-01,1.633433370122836237e-01,1.045750745714689317e-01,5.617363050119074386e-02,-1.378265224435199290e-02,-2.401316450702895358e-02,2.973746819919383111e-02,-2.343251364499395265e-03,2.437244220376119999e-02,1.253670200816992507e-02,1.328722804049622258e-02,4.303758494769169274e-02
1.623231510997541760e-01,1.366593000912285916e-01,2.049433059179475991e-01,2.341622883580601611e-01,2.282097240951501127e-01,4.004836293862523156e-01,4.769548970663317622e-01,1.000000000000000000e+00,4.690999049082492101e-01,5.393855245069566484e-01,5.600119416412716600e-01,3.888849271868152213e-01,4.011655692706095344e-01,4.319525707393795377e-01,3.223858360549544666e-01,3.195053559790089204e-01,3.553797661224519233e-01,2.604216032591187280e-01,2.512765375499602105e-01,2.224838841006779866e-01,2.096932070511735302e-01,2.167359677531557061e-01,1.374262102630199323e-01,1.109080055133578463e-01,-1.663231360235320477e-02,3.563806117932038359e-02,9.029583726533590982e-02,2.223285185065366695e-02,8.983726460161155225e-02,4.587177528900870244e-02,4.214803922829828825e-02,5.100974205762656699e-02
2.364076820956300951e-01,2.152777464740066871e-01,2.680322142359520265e-01,3.443631400573115564e-01,3.182427141848827024e-01,4.436513980766607634e-01,5.828286783541349880e-01,4.690999049082492101e-01,1.000000000000000000e+00,4.336684415123988612e-01,4.539492062788696436e-01,6.051324611107399276e-01,2.801339659265534299e-01,3.513982938291769775e-01,4.634451001935750991e-01,2.431815697002177035e-01,3.010674523305724160e-01,3.507880175827531311e-01,2.154923242796766558e-01,2.074164553773095721e-01,2.392812515467578893e-01,1.544276173585588108e-01,1.160235427182053081e-01,3.841216208268792565e-02,-5.066085193387405428e-02,-4.748996559182452892e-02,7.457824636681609394e-03,-4.137799754723887197e-02,1.056270047194897768e-02,-8.593717680149241464e-03,-2.771503287052477955e-04,2.300364468251166888e-02
1.540159930778435549e-01,1.372797019748258907e-01,2.045695980910403888e-01,2.064829084112949631e-01,2.493531504325302572e-01,2.866040651080280499e-01,4.980249416718320332e-01,5.393855245069566484e-01,4.336684415123988612e-01,1.000000000000000000e+00,4.005027296118814917e-01,4.032713450941383670e-01,5.645639398084107974e-01,3.283216137683108160e-01,3.539178965988406533e-01,4.461667978762924869e-01,2.864843919865364130e-01,2.883315033324966858e-01,3.245809564061205577e-01,1.958521270896367850e-01,2.253641343938235231e-01,2.693488893739990897e-01,1.688015839264348228e-01,1.312792430142786237e-01,1.345536766368164022e-02,4.715099690033200397e-02,9.142978075143728955e-02,3.913684261047013085e-02,9.209123621602009757e-02,7.393003162616181012e-02,3.979238505755749999e-02,7.118765733529680562e-02
1.322976914425322004e-01,9.338396638360950408e-02,1.347304393600562145e-01,1.822660579420807003e-01,1.326426032718238668e-01,3.053643841870842812e-01,2.682163926486652028e-01,5.600119416412716600e-01,4.539492062788696436e-01,4.005027296118814917e-01,1.000000000000000000e+00,4.466075583794872905e-01,4.403561862895783441e-01,6.717390310200421766e-01,3.728432416573374542e-01,3.682470670815456981e-01,5.257480694500504814e-01,2.653031236992717812e-01,2.589790302241211095e-01,2.941123638643205473e-01,1.938658255894714910e-01,2.066698958005504794e-01,1.122408386111042461e-01,9.686442831758039496e-02,-3.329045802850112007e-02,3.614556254066607355e-02,5.058108815240746486e-02,-2.179082172364093638e-04,6.031005697262977611e-02,1.575181830228461824e-02,3.402568166775540859e-02,2.351048780841918234e-02
1.858811844921163803e-01,1.618729950147940466e-01,1.981145869050403852e-01,2.565769730844091878e-01,2.425696581028280174e-01,3.369228214375920016e-01,4.476828478140167378e-01,3.888849271868152213e-01,6.051324611107399276e-01,4.032713450941383670e-01,4.466075583794872905e-01,1.000000000000000000e+00,4.275817104410111202e-01,3.875659754172759430e-01,6.553099701278802813e-01,3.741660906861996594e-01,3.559635223381495961e-01,5.118799186896758613e-01,3.212547717674054115e-01,2.505815174918672450e-01,3.627856592949063042e-01,2.245325004471687980e-01,1.771021889505242086e-01,1.242228439208689361e-01,-3.586645371335760168e-03,5.137281972584894184e-03,7.990601808108342696e-02,-7.813907956311514497e-03,6.602251913451856469e-02,1.162570988165031842e-02,2.829323557394772259e-02,2.470681398143118393e-02
1.194387602656896419e-01,8.370090729110690742e-02,1.328287573583424586e-01,1.330510867832058186e-01,1.494173072845653705e-01,2.022517305532646192e-01,3.080750711533442598e-01,4.011655692706095344e-01,2.801339659265534299e-01,5.645639398084107974e-01,4.403561862895783441e-01,4.275817104410111202e-01,1.000000000000000000e+00,4.385901264424494905e-01,4.297991262485217900e-01,6.739124503079254591e-01,3.767075493317711410e-01,3.544527498941318910e-01,4.237196112143227222e-01,2.635840430031659021e-01,2.899671104078567763e-01,3.595401358268980330e-01,2.187550186875359404e-01,2.156871580813722045e-01,4.657970089777845046e-02,1.127123611946817122e-01,1.696637283757447268e-01,8.737406289627454303e-02,1.791191473560643233e-01,1.064849139513975584e-01,7.022599176155838729e-02,9.032262442447003270e-02
1.060054978727838215e-01,6.690019693418804148e-02,9.025572730677930422e-02,1.460884025431327393e-01,9.582369111134021733e-02,2.371576375928778624e-01,2.253399788216641497e-01,4.319525707393795377e-01,3.513982938291769775e-01,3.283216137683108160e-01,6.717390310200421766e-01,3.875659754172759430e-01,4.385901264424494905e-01,1.000000000000000000e+00,4.369370318522233232e-01,3.835841062373179233e-01,6.774446919612625573e-01,3.175610101886044978e-01,2.723213367143970109e-01,3.669333286012175788e-01,2.353466060920618441e-01,2.202340682329954613e-01,1.221454522845615703e-01,1.148261491975969689e-01,2.507130266137602610e-06,5.247944238273639928e-02,7.381656932618506362e-02,2.869025538748952789e-02,7.850135261127595687e-02,4.737223819613335662e-02,5.645677969306901051e-02,4.540417918161174238e-02
1.533025421527691168e-01,1.141849647072950141e-01,1.372941027074960352e-01,2.007910406031247763e-01,1.898229927574217046e-01,2.689516454310221794e-01,3.565521554404015303e-01,3.223858360549544666e-01,4.634451001935750991e-01,3.539178965988406533e-01,3.728432416573374542e-01,6.553099701278802813e-01,4.297991262485217900e-01,4.369370318522233232e-01,1.000000000000000000e+00,4.400497910181653816e-01,4.323288478396125067e-01,6.867418792014802209e-01,3.925718739790273748e-01,3.185550293538852440e-01,4.871798719378950815e-01,2.655848705080968708e-01,2.103309671812714221e-01,1.876382570886897805e-01,3.463203054106523543e-02,4.382265758459382571e-02,1.317195190604054100e-01,3.413810414234749041e-02,1.125833558255012190e-01,5.782938303309737710e-02,5.934287508108904152e-02,6.489726519724232923e-02
9.404449508296799931e-02,5.036598535813813227e-02,1.048256350958064603e-01,9.788015439584268895e-02,1.053615707204621915e-01,1.663633957452295420e-01,2.547438134227069662e-01,3.195053559790089204e-01,2.431815697002177035e-01,4.461667978762924869e-01,3.682470670815456981e-01,3.741660906861996594e-01,6.739124503079254591e-01,3.835841062373179233e-01,4.400497910181653816e-01,1.000000000000000000e+00,4.314073701092592805e-01,3.919609264942192639e-01,4.883356188891067595e-01,2.931560863908811432e-01,3.088854460543006830e-01,4.091347765808902026e-01,2.493889646823475859e-01,2.344384951426784769e-01,4.539072090641347451e-02,1.122299005713601611e-01,1.708806941127705981e-01,8.973297273088755299e-02,1.951921077864602061e-01,1.132230948121282360e-01,8.070063875807298448e-02,1.046882235147016116e-01
9.873367407071760582e-02,4.781393814571032602e-02,7.719193646510624784e-02,1.333466449730046077e-01,8.480542784437894444e-02,2.112417627820300237e-01,2.141620549303874244e-01,3.553797661224519233e-01,3.010674523305724160e-01,2.864843919865364130e-01,5.257480694500504814e-01,3.559635223381495961e-01,3.767075493317711410e-01,6.774446919612625573e-01,4.323288478396125067e-01,4.314073701092592805e-01,1.000000000000000000e+00,3.789454426864909964e-01,3.189029126256566760e-01,4.445225028976926285e-01,2.774283014938219161e-01,2.489090951991089762e-01,1.401715791875158823e-01,1.361992475731730878e-01,3.345168607631967671e-03,6.261890858926653924e-02,7.244104416508459487e-02,2.757070461625428168e-02,8.963893143942845698e-02,4.630558771467896406e-02,6.770798572923883429e-02,5.803188125517366736e-02
1.086436814383820171e-01,7.242221057015017782e-02,1.041178977105609721e-01,1.391517132677264346e-01,1.479015646783624349e-01,2.066949411541034454e-01,2.784126081217349058e-01,2.604216032591187280e-01,3.507880175827531311e-01,2.883315033324966858e-01,2.653031236992717812e-01,5.118799186896758613e-01,3.544527498941318910e-01,3.175610101886044978e-01,6.867418792014802209e-01,3.919609264942192639e-01,3.789454426864909964e-01,1.000000000000000000e+00,4.296158930489831773e-01,4.011749862005982714e-01,6.322696037606591046e-01,2.874074918340092100e-01,2.652537751923672027e-01,2.420389340515850807e-01,6.458403877222484990e-02,7.588986148251974928e-02,1.696389054275440067e-01,6.368760115007725264e-02,1.283859589335823725e-01,5.518273535150648723e-02,5.537886876807038977e-02,7.054542775711300506e-02
6.949170987082924078e-02,4.611349873756651757e-02,8.836317050748844493e-02,6.964082571739077521e-02,9.647511753515972122e-02,1.172243171916060034e-01,2.028543325449317369e-01,2.512765375499602105e-01,2.154923242796766558e-01,3.245809564061205577e-01,2.589790302241211095e-01,3.212547717674054115e-01,4.237196112143227222e-01,2.723213367143970109e-01,3.925718739790273748e-01,4.883356188891067595e-01,3.189029126256566760e-01,4.296158930489831773e-01,1.000000000000000000e+00,4.341159680324842562e-01,3.962956608622205668e-01,6.537926393830580940e-01,3.798343270925243487e-01,2.911093087115770861e-01,6.790475568123842398e-02,1.348404334370317537e-01,2.066707519118942127e-01,1.133612206721445748e-01,1.933772090537479171e-01,9.414842472285996078e-02,8.310319674834534820e-02,8.782406777073706317e-02
3.974418402538992118e-02,1.704101288729344826e-02,4.236798824377555062e-02,5.472941505013156210e-02,6.665464973528864578e-02,1.092285165771970795e-01,1.358065093574725435e-01,2.224838841006779866e-01,2.074164553773095721e-01,1.958521270896367850e-01,2.941123638643205473e-01,2.505815174918672450e-01,2.635840430031659021e-01,3.669333286012175788e-01,3.185550293538852440e-01,2.931560863908811432e-01,4.445225028976926285e-01,4.011749862005982714e-01,4.341159680324842562e-01,1.000000000000000000e+00,4.147677082146807304e-01,3.696162581162375504e-01,4.080698064561988914e-01,1.935813075430528329e-01,3.068261063305880235e-02,9.599101808689539106e-02,1.284048458955749927e-01,7.194439584714648617e-02,1.024588534102510023e-01,4.306958702516666682e-02,7.809437839705461737e-02,6.374626946935996186e-02
8.592994568422808455e-02,4.960686108447242421e-02,6.958600487085142561e-02,1.056282410194271520e-01,1.129132698623029896e-01,1.612997964372560877e-01,1.894198230714170261e-01,2.096932070511735302e-01,2.392812515467578893e-01,2.253641343938235231e-01,1.938658255894714910e-01,3.627856592949063042e-01,2.899671104078567763e-01,2.353466060920618441e-01,4.871798719378950815e-01,3.088854460543006830e-01,2.774283014938219161e-01,6.322696037606591046e-01,3.962956608622205668e-01,4.147677082146807304e-01,1.000000000000000000e+00,3.265961605171625592e-01,2.928681199082291964e-01,3.539702442817322936e-01,1.407550232584548755e-01,1.562933867790615716e-01,2.565790301398984119e-01,1.287748999763400626e-01,1.765072041946091352e-01,7.510060019588356284e-02,6.351727150673038003e-02,8.393647148779553868e-02
3.942200910669986513e-02,5.101312709175552518e-02,7.732065654545899891e-02,5.099364051217707139e-02,9.602601612541242226e-02,8.637342965408854878e-02,1.633433370122836237e-01,2.167359677531557061e-01,1.544276173585588108e-01,2.693488893739990897e-01,2.066698958005504794e-01,2.245325004471687980e-01,3.595401358268980330e-01,2.202340682329954613e-01,2.655848705080968708e-01,4.091347765808902026e-01,2.489090951991089762e-01,2.874074918340092100e-01,6.537926393830580940e-01,3.696162581162375504e-01,3.265961605171625592e-01,1.000000000000000000e+00,4.095523274335279851e-01,4.145049077364285628e-01,1.425594607545974946e-01,2.043447769374110157e-01,2.981278530248826497e-01,1.618900139609062150e-01,2.527139723106074376e-01,1.321382562733467436e-01,1.006616090393659818e-01,1.027280624028238110e-01
9.296648026906988160e-03,3.138851380200927826e-02,4.841735136972054321e-02,2.323522499781521464e-02,8.085707014141851889e-02,4.527963984284645582e-02,1.045750745714689317e-01,1.374262102630199323e-01,1.160235427182053081e-01,1.688015839264348228e-01,1.122408386111042461e-01,1.771021889505242086e-01,2.187550186875359404e-01,1.221454522845615703e-01,2.103309671812714221e-01,2.493889646823475859e-01,1.401715791875158823e-01,2.652537751923672027e-01,3.798343270925243487e-01,4.080698064561988914e-01,2.928681199082291964e-01,4.095523274335279851e-01,1.000000000000000000e+00,1.771608875469425914e-01,9.011438095513131519e-02,1.987647884324972650e-02,1.784025261620463820e-01,3.812545842431219051e-02,1.405736617987931036e-01,2.995867469882126932e-02,3.211962358729924388e-02,3.576961861974909535e-02
2.461911143731311882e-02,4.214127395921728192e-02,1.419532376024268058e-02,2.951946905625538187e-02,6.853720363861136311e-02,3.223309803432342080e-02,5.617363050119074386e-02,1.109080055133578463e-01,3.841216208268792565e-02,1.312792430142786237e-01,9.686442831758039496e-02,1.242228439208689361e-01,2.156871580813722045e-01,1.148261491975969689e-01,1.876382570886897805e-01,2.344384951426784769e-01,1.361992475731730878e-01,2.420389340515850807e-01,2.911093087115770861e-01,1.935813075430528329e-01,3.539702442817322936e-01,4.145049077364285628e-01,1.771608875469425914e-01,1.000000000000000000e+00,4.472990736429368064e-01,4.934533637717928856e-01,5.467223706104553660e-01,3.876205051212382457e-01,3.883232072234114596e-01,2.504123880923673218e-01,1.657772309922513343e-01,2.028871137499354826e-01
-1.922852567763736614e-02,1.860336492858901888e-02,1.695852564258800137e-03,-4.170524721568635677e-03,3.012939714158818783e-02,-3.326695450938866455e-02,-1.378265224435199290e-02,-1.663231360235320477e-02,-5.066085193387405428e-02,1.345536766368164022e-02,-3.329045802850112007e-02,-3.586645371335760168e-03,4.657970089777845046e-02,2.507130266137602610e-06,3.463203054106523543e-02,4.539072090641347451e-02,3.345168607631967671e-03,6.458403877222484990e-02,6.790475568123842398e-02,3.068261063305880235e-02,1.407550232584548755e-01,1.425594607545974946e-01,9.011438095513131519e-02,4.472990736429368064e-01,1.000000000000000000e+00,4.510615553872519556e-01,5.210165201854690675e-01,4.890342398545393654e-01,1.806546821673740977e-01,1.779905065263208408e-01,8.374035320581699193e-02,1.182978840548395416e-01
-1.624363916810826758e-02,-6.095412847562740183e-03,-2.376353295604307150e-02,-3.188744270287138804e-02,-2.543608885298109714e-03,-4.806424087178579746e-02,-2.401316450702895358e-02,3.563806117932038359e-02,-4.748996559182452892e-02,4.715099690033200397e-02,3.614556254066607355e-02,5.137281972584894184e-03,1.127123611946817122e-01,5.247944238273639928e-02,4.382265758459382571e-02,1.122299005713601611e-01,6.261890858926653924e-02,7.588986148251974928e-02,1.348404334370317537e-01,9.599101808689539106e-02,1.562933867790615716e-01,2.043447769374110157e-01,1.987647884324972650e-02,4.934533637717928856e-01,4.510615553872519556e-01,1.000000000000000000e+00,4.651378372581953524e-01,6.156360973510913714e-01,3.722618918985828307e-01,3.078088512380035002e-01,2.035158574388010178e-01,2.424977589696773739e-01
1.715102920050034369e-02,6.102445339588168788e-02,2.381941700821681510e-02,3.348468697055185378e-02,7.858145457339478501e-02,1.272446596753072472e-02,2.973746819919383111e-02,9.029583726533590982e-02,7.457824636681609394e-03,9.142978075143728955e-02,5.058108815240746486e-02,7.990601808108342696e-02,1.696637283757447268e-01,7.381656932618506362e-02,1.317195190604054100e-01,1.708806941127705981e-01,7.244104416508459487e-02,1.696389054275440067e-01,2.066707519118942127e-01,1.284048458955749927e-01,2.565790301398984119e-01,2.981278530248826497e-01,1.784025261620463820e-01,5.467223706104553660e-01,5.210165201854690675e-01,4.651378372581953524e-01,1.000000000000000000e+00,5.000956814044605903e-01,5.039144962047801268e-01,3.712656766753965054e-01,2.137300341400210635e-01,2.709457982576786161e-01
-2.196732133697465103e-02,1.454408155158247928e-03,-5.104097706625716421e-03,-1.642996199076815489e-02,2.711454258108130302e-02,-4.713310863436528941e-02,-2.343251364499395265e-03,2.223285185065366695e-02,-4.137799754723887197e-02,3.913684261047013085e-02,-2.179082172364093638e-04,-7.813907956311514497e-03,8.737406289627454303e-02,2.869025538748952789e-02,3.413810414234749041e-02,8.973297273088755299e-02,2.757070461625428168e-02,6.368760115007725264e-02,1.133612206721445748e-01,7.194439584714648617e-02,1.287748999763400626e-01,1.618900139609062150e-01,3.812545842431219051e-02,3.876205051212382457e-01,4.890342398545393654e-01,6.156360973510913714e-01,5.000956814044605903e-01,1.000000000000000000e+00,3.082682424641836616e-01,3.665891914884681357e-01,2.444086625568130389e-01,2.734056236346019131e-01
1.682682903065906704e-02,4.587429659753960304e-02,-1.989176351697021601e-04,3.325535207201069359e-03,4.485418439881929537e-02,-1.546383339282018628e-03,2.437244220376119999e-02,8.983726460161155225e-02,1.056270047194897768e-02,9.209123621602009757e-02,6.031005697262977611e-02,6.602251913451856469e-02,1.791191473560643233e-01,7.850135261127595687e-02,1.125833558255012190e-01,1.951921077864602061e-01,8.963893143942845698e-02,1.283859589335823725e-01,1.933772090537479171e-01,1.024588534102510023e-01,1.765072041946091352e-01,2.527139723106074376e-01,1.405736617987931036e-01,3.883232072234114596e-01,1.806546821673740977e-01,3.722618918985828307e-01,5.039144962047801268e-01,3.082682424641836616e-01,1.000000000000000000e+00,4.403904354624204043e-01,4.215030542182554019e-01,4.219987691841541877e-01
4.801783529442452993e-03,1.817683186624472619e-02,-1.854333404931546520e-03,-3.688588699606218900e-03,1.803470276635156869e-02,-2.408978831352751732e-02,1.253670200816992507e-02,4.587177528900870244e-02,-8.593717680149241464e-03,7.393003162616181012e-02,1.575181830228461824e-02,1.162570988165031842e-02,1.064849139513975584e-01,4.737223819613335662e-02,5.782938303309737710e-02,1.132230948121282360e-01,4.630558771467896406e-02,5.518273535150648723e-02,9.414842472285996078e-02,4.306958702516666682e-02,7.510060019588356284e-02,1.321382562733467436e-01,2.995867469882126932e-02,2.504123880923673218e-01,1.779905065263208408e-01,3.078088512380035002e-01,3.712656766753965054e-01,3.665891914884681357e-01,4.403904354624204043e-01,1.000000000000000000e+00,4.590760993239285659e-01,5.385350173772414095e-01
2.558704977444452387e-03,1.597459709868908131e-02,1.194318527403865661e-02,-1.400681897012719633e-02,3.560212407383373662e-02,4.000797614995099498e-03,1.328722804049622258e-02,4.214803922829828825e-02,-2.771503287052477955e-04,3.979238505755749999e-02,3.402568166775540859e-02,2.829323557394772259e-02,7.022599176155838729e-02,5.645677969306901051e-02,5.934287508108904152e-02,8.070063875807298448e-02,6.770798572923883429e-02,5.537886876807038977e-02,8.310319674834534820e-02,7.809437839705461737e-02,6.351727150673038003e-02,1.006616090393659818e-01,3.211962358729924388e-02,1.657772309922513343e-01,8.374035320581699193e-02,2.035158574388010178e-01,2.137300341400210635e-01,2.444086625568130389e-01,4.215030542182554019e-01,4.590760993239285659e-01,1.000000000000000000e+00,4.248145402203977739e-01
1.911156085041082128e-02,3.464930557989968907e-02,2.162387432279053862e-02,1.846420289406257645e-02,3.264775553676652065e-02,7.019550649980407873e-04,4.303758494769169274e-02,5.100974205762656699e-02,2.300364468251166888e-02,7.118765733529680562e-02,2.351048780841918234e-02,2.470681398143118393e-02,9.032262442447003270e-02,4.540417918161174238e-02,6.489726519724232923e-02,1.046882235147016116e-01,5.803188125517366736e-02,7.054542775711300506e-02,8.782406777073706317e-02,6.374626946935996186e-02,8.393647148779553868e-02,1.027280624028238110e-01,3.576961861974909535e-02,2.028871137499354826e-01,1.182978840548395416e-01,2.424977589696773739e-01,2.709457982576786161e-01,2.734056236346019131e-01,4.219987691841541877e-01,5.385350173772414095e-01,4.248145402203977739e-01,1.000000000000000000e+00
