1.000000000000000000e+00,3.667497716865981139e-01,3.538133743050221325e-01,2.548602866492116203e-01,1.205714227056788462e-01,1.765545623055764513e-01,3.595882661490922005e-02,3.840404982543967061e-02,5.381491944456474885e-02,2.269479693403341630e-02,1.980844849083043119e-02,-9.799985506000944910e-03,-1.384049435657131247e-02,1.319634032453391621e-02,-2.663713360789855735e-03,-2.553147752776470034e-02,-5.468676445715265049e-04,6.983679039916891595e-02,-1.956310199776190983e-03,1.490638838858498842e-02,2.692998631654569888e-02,4.021638226104504860e-02,-2.834490616863048762e-03,-3.616179676599770316e-03,-3.793362037766988271e-02,4.684808464980795562e-02,-2.918988472879602281e-02,-1.508915405729297290e-02,1.480087704086124542e-02,2.592731793622124817e-02,-1.860832036809881990e-02,-3.952688703825068400e-02,-2.156558992951758402e-03,3.393798348492416822e-02,-2.243103330805532036e-02,-2.597025052579705548e-02,-6.128297256801204865e-03,4.472931322398659981e-02,1.669343451667232043e-03,7.137623663666604369e-03,2.878203443101493356e-02,2.184218634897955313e-02,9.219049540079522764e-03,1.884800633565653430e-02,2.310999731774349836e-02,-2.327293142894544097e-03,-2.314113881895782550e-03,2.319600816580022831e-02,-6.764796397352474712e-03,-1.749298604378938735e-02,-9.347838531422686045e-03,1.200025776730286042e-02,1.335816355296495263e-02,2.441811806287982889e-02,3.397254598813603810e-02,4.483938112728806658e-02,2.338459972878425761e-02,-9.263018408559782826e-03,3.365382002655654264e-02,2.361403830873584977e-02,-8.123182093819845614e-03,1.922496705857364152e-02,-1.440897245262862548e-03,2.893911173032642087e-02,3.626539553517701270e-02,3.052117400674936656e-02,1.811618118609799322e-02,2.487167590720722535e-02,4.265544170332658154e-03,-1.140731596409657982e-02,-3.879518926389039033e-03,-2.674033389755121545e-02,-4.749253022927548556e-02,-2.059677968405757703e-02,1.825424851083358446e-02,-2.641520526803125494e-03,9.925469781679099185e-03,3.885289971910623613e-02,4.855811649400348234e-02,9.805647980634693561e-02,1.253910782050357206e-02,1.094952560739737360e-02,2.990431960818274934e-02,-1.000854917455545022e-02,3.719471116697613960e-02,2.042959449157064067e-02,3.743495313806904402e-03,-1.138131020643489387e-02,9.343980185614598338e-03,1.002166004139150995e-02,-2.482270021173548641e-02,-6.629268769868557586e-03,-2.084170941598944768e-02,1.856921332592070470e-02,-8.486555144323041158e-03,-3.637203544059857546e-02,-1.761073466616403654e-02,-2.256159775672336720e-02,-1.594059321042841718e-03,8.985962600431478958e-03,2.336299660588261190e-03,2.999150067059611069e-02,1.866215426091865845e-02,1.126178235704558030e-02,-1.448282957790945034e-02,-3.746066433304789250e-02,1.804002418076522743e-02,2.087123650294165841e-02,-7.285985725751262070e-03,1.372672463182997120e-02,-1.930121014980106312e-02,-3.502047284792007137e-02,-2.519769536167951185e-02,-6.170403183542559622e-02,7.228143718781910101e-03,1.824757024232991770e-02,2.089291811049004063e-02,-3.504854295070191326e-03,-1.544603426939109535e-02,-3.981566330765370226e-02,-4.833374622715084232e-04,-3.937408134139259996e-02,-4.403232302669279202e-02,-7.280487962455387614e-05,-5.244476882698356074e-02,-3.975103483690069911e-02,-2.165962675069369597e-02,-5.919053257652812788e-02,-7.185362568457422106e-02,-3.499995433902537700e-02,1.846430129079842594e-02,2.970671088355479952e-02,1.226758229647194505e-02,3.044650067708485827e-02,-5.805841334466874289e-03,7.593715674996486670e-03,-2.831014964031445050e-02,-1.456561779087699876e-02,-3.382170864767514856e-02
3.667497716865981139e-01,1.000000000000000000e+00,2.957234484018251286e-01,2.596493564310279889e-01,1.065546010136292632e-01,2.475876115146442291e-01,1.752604607655814939e-01,5.584742529379321807e-02,1.520640741149771602e-01,8.966942735111115004e-02,7.520787685369897946e-02,3.414998513565545984e-02,7.856722426988971275e-02,6.572991943954288596e-02,3.597770694546428838e-02,-2.105826253951295201e-03,5.308472656679740637e-02,5.319534095016878461e-02,1.578351333364871184e-02,2.843419954220687343e-02,3.619248793076539593e-03,6.715159450844049652e-03,2.400716362970251039e-02,8.962565199920027176e-03,2.639127525518240869e-02,2.192998706565403230e-02,-7.657914378318063549e-03,2.310375229054170351e-02,4.443954897931512438e-02,1.014988262788663921e-02,2.842463431891500275e-02,-6.680728137570627126e-03,1.061274507596240459e-02,6.184919615805919979e-02,6.223211095008489985e-02,2.276436825295800881e-02,-6.889558892650952948e-02,1.613647475278517885e-03,3.749607965968303896e-02,8.678831897366037079e-03,1.410710991786394940e-02,5.905444735102585024e-02,2.031618310689175394e-02,1.321750593056066417e-02,5.659143257146624639e-02,3.411175503589181784e-02,3.021874980954079512e-02,2.098503302753629632e-02,3.462056281587143347e-02,1.926999295671459611e-02,9.270694060785226792e-04,2.355502635446337506e-02,1.849969701675785103e-02,1.255664583841067071e-02,3.768913791737295294e-02,3.756563924983122998e-02,3.376336755538256185e-02,-9.398348492554284631e-03,2.906553564030621428e-02,1.490459185143040016e-02,-1.447967698943314688e-02,2.529171298148165034e-02,6.070018046387307999e-03,2.593303926340917789e-02,2.697121342119872603e-02,3.525543608454143746e-02,2.050943882274635158e-02,-2.546760286570276879e-02,-1.482292020985191867e-02,-1.018500942266384324e-02,3.913410710455160479e-02,-1.415205847621316300e-02,-4.272219646329215859e-02,-3.788016505562743358e-02,2.732109944487607842e-02,-2.113205103511145780e-02,-3.379186400463294465e-02,-7.407375636403982361e-03,1.490171607181574494e-02,2.624220603452669109e-02,-4.967858717641824434e-02,-4.078052491772177907e-02,1.374541157960920690e-02,-5.732956151655160641e-03,-7.474519243080170357e-03,-3.617487742192764671e-02,-3.474987836705909633e-02,-5.291486503060238017e-02,-2.577371954272637128e-02,-1.051135730834841346e-02,2.243864695324174555e-02,3.671610651997758018e-02,5.219114635107075656e-02,2.122922407649572782e-02,3.188377281928321452e-03,1.476299983559404769e-02,7.600940932258611928e-03,-9.710493541094666198e-03,7.904676190892763465e-02,3.803803334693565963e-02,7.562653207858339999e-02,6.394492561488726579e-02,2.834438429658328942e-02,-2.271158685821876230e-02,-1.377834644427673033e-02,5.764871303548552151e-03,4.027115198706370663e-02,5.464892550004175203e-02,4.680108924645850002e-03,2.203990083502862726e-02,-1.457798475347057282e-02,2.875895819695162628e-02,8.822819834950318060e-03,1.104299828309826016e-02,1.557904006544469713e-02,3.368703238358604357e-02,5.444247396812590747e-03,1.834669663882959253e-02,3.047652524081096229e-02,6.491993170430212200e-03,1.626357852876516782e-02,-3.223853954678225497e-02,1.025223713656866001e-02,3.198474035205074728e-02,-5.293039024671532256e-02,-1.161353158560029381e-02,-1.976158130211038214e-02,-5.417664062549761017e-02,-3.367679260447747902e-02,-4.235927145563585933e-02,1.747402743243161097e-02,-5.338522650470674778e-03,1.140153050160918648e-02,3.916941807253077751e-02,7.538114729671911707e-03,-2.822974726692494820e-04,-3.298675790176694412e-04,-2.787320319966108545e-02,8.918544421977101302e-03
3.538133743050221325e-01,2.957234484018251286e-01,1.000000000000000000e+00,4.603442474125296613e-01,2.154083943688940295e-01,3.379912135972663600e-01,1.427544565089798601e-01,1.185957188834829562e-01,1.388037171246893353e-01,6.260059742991669340e-02,3.900992486772283246e-02,3.257726912386726265e-02,1.844463437406582812e-04,2.395003758660476517e-02,3.114289468595579646e-02,-1.363955476068974548e-02,-2.310861026393877093e-03,6.520815491051613899e-02,1.907192937838322541e-02,-2.033104003278310770e-03,2.024311455190111117e-02,7.082734300916633530e-02,2.009055359469422847e-02,2.292672640462822473e-02,2.738019273211234061e-02,8.867671438249946636e-02,1.945529845311985652e-03,-1.910446667775151904e-03,3.303506505321717086e-03,1.369052392974381971e-02,-2.747068234953871022e-02,-5.808166801476484162e-03,2.591497918719011528e-02,2.407652648788712740e-02,-2.215237981321548002e-03,1.407916853988113587e-02,1.026921861005189451e-02,6.797430814677245248e-02,2.843152598887096344e-02,2.940231301317497437e-02,6.923145321855596335e-02,3.791821230797928766e-02,1.436161535533844562e-02,1.216145350473302363e-02,1.202778887574155846e-02,3.988937842942950895e-02,6.900402218127804806e-03,2.118210166139980824e-02,2.574778398812454724e-02,3.860173050744015316e-02,4.509331874098214399e-02,8.931843188908435149e-02,5.441650763907630861e-02,6.736404000565159554e-03,4.602575868578829416e-02,6.561707713895706395e-02,5.479778789080570756e-02,-1.588493721920750459e-02,4.113531136394223305e-03,2.047929771203328350e-02,2.157932410906961140e-02,4.751639913010537175e-02,2.569199172063470118e-03,6.259336882195702667e-02,5.229355758422183503e-02,5.780697716917235218e-02,4.423784596591280593e-02,3.251275482981678955e-02,2.633815409194252902e-02,1.048189096683309893e-04,1.300675076284633046e-02,-2.887329022892170388e-02,-2.256893477800934675e-02,7.143669999012899647e-05,3.800279887410515367e-02,2.194206661824821963e-02,5.529784977605362722e-02,5.875164344520090315e-02,6.337721043039054591e-02,1.115639612671346509e-01,1.110514729315924785e-02,2.221968373330534055e-02,-4.803221180774868912e-03,-5.916335757373277632e-02,2.433342774680169809e-02,7.740762581182878722e-03,-3.451258568775308205e-02,-9.790958616622079391e-02,-4.553292638708617696e-02,-4.911309957367411549e-02,-2.094297471594301283e-02,-2.368672605857721769e-02,-4.221081051346960850e-02,3.025762653296718355e-02,1.891627090093440933e-02,-2.312334371558280241e-02,-1.067203779664276098e-02,-8.071543596265258122e-03,3.667314334720237629e-02,5.148264027074879283e-03,-5.980209488363784527e-03,1.080579008821311478e-02,-7.074954387250650002e-04,-1.732812471031468932e-02,-4.266684906038760265e-03,-5.879236269427071809e-02,-4.050908310700548215e-02,-2.044948034812868812e-02,-3.642485698133461625e-02,8.646365744083247748e-03,-2.473785965973003542e-02,-3.238265427131613999e-02,-4.938375914799231214e-03,-7.880882776681766289e-02,-6.603989016589240611e-03,9.113377801128875674e-03,4.390099608771604045e-02,-3.490657076916248852e-02,-2.268917253720080171e-02,-5.752090981440156209e-02,-2.672497226758620628e-02,-4.469410451368702186e-02,-2.345018949712362501e-03,-2.896075367304276962e-02,-4.399640018654516621e-02,5.896869678243541087e-03,8.355487619102050859e-03,-4.793904453042038133e-02,-3.241307649489567899e-02,-6.700736051383707204e-02,-1.751085570191188850e-03,2.104452901516352167e-03,4.086830903210631784e-03,1.060684340658987930e-02,-1.325721784807705299e-02,2.207314503473930233e-03,-3.846032780014943531e-02,2.200409950135452316e-04,-2.300430630965830114e-02
2.548602866492116203e-01,2.596493564310279889e-01,4.603442474125296613e-01,1.000000000000000000e+00,4.000466539498520047e-01,5.429835875666177980e-01,3.230318294099744358e-01,1.431382259384957056e-01,2.314501196667066718e-01,1.357637584243244211e-01,8.131917176141677250e-02,6.494081571142333587e-02,8.394338416035947159e-02,5.302557029406481520e-02,5.804609420479851789e-02,2.057874582279477574e-02,7.401716233522862010e-02,1.050495368019006281e-01,4.953038039505406470e-02,2.928685194358571914e-02,8.361810366691588281e-02,1.143931421749038030e-01,5.418009685490248611e-02,7.050777805955289745e-02,3.849195645288173290e-02,1.104780252354225084e-01,2.678378357911586141e-02,4.494403528283612975e-02,3.136653156268118248e-02,7.015638551447106463e-02,3.645180949533122217e-02,-1.090457586409507079e-03,2.358515141219099179e-02,1.539435679648708949e-02,2.453980715929332881e-02,7.255363912018288931e-03,1.997116480321321948e-03,6.788869577675818445e-02,3.400842927938067372e-03,2.381844529677862483e-03,7.218206850088981774e-02,3.301688018069658115e-02,2.537996485922236825e-02,4.211547443824299741e-02,2.093142541791807171e-02,3.443388041582930853e-02,3.595769270488041736e-02,2.580596625938085670e-02,2.044067420164024165e-02,5.077758416432402028e-02,2.904301925064881745e-02,4.638729213129810097e-02,4.282692356475545359e-02,1.980045059110846842e-02,8.703321022225682206e-04,1.380215574147710192e-02,6.021447610079306428e-02,3.145460490319977424e-03,-7.021739676996219433e-03,-1.796651142231169007e-02,-1.764485933354949417e-03,5.054899709000606339e-03,-2.291815593737807702e-02,4.218260429369809911e-02,7.492564898252071504e-02,2.758280907740005145e-02,5.386318443206818823e-02,6.648914411391630697e-02,3.765886465604593308e-02,-1.695752149726856587e-03,3.861176728859692930e-02,-7.769356688560778539e-03,-7.471744636566066133e-03,2.914315674258817490e-02,4.629646501485824156e-02,5.932802332615646351e-02,4.119515698541342807e-02,2.346987910456740239e-02,4.227525799629761050e-02,5.083764901758415500e-02,-2.533462934012686851e-02,-2.364682930301443761e-02,-2.263747566268689559e-02,-6.828708761434366947e-02,1.783029650675685765e-02,3.023048861086747099e-02,-5.567156835992988911e-02,-5.918412931538549054e-02,-3.338717598383581647e-02,-1.026309517271061997e-02,-1.127196953830950782e-02,-1.404241664659310745e-02,-5.055601575267895664e-02,-1.866048046765326693e-02,1.124009087055941568e-02,-3.623896956785371132e-02,-1.747841660627304228e-02,-4.881390905545409525e-02,4.566988292783182024e-02,2.736282835513983644e-02,4.776495212561730069e-02,8.060789953045122136e-02,8.655449651892013763e-02,-1.271265866602705984e-02,-4.733803053033046326e-02,-3.709939526102709606e-02,-5.886990798003860351e-05,2.104665748461560446e-02,-2.993163474774630448e-02,-1.796351901725466021e-02,-6.937082253872231541e-02,-3.650620684792571513e-02,-3.195170386240434729e-02,-6.491607434853227665e-02,-4.335409488874526762e-02,-5.705309556471168525e-02,-1.901925769515157641e-02,-8.619466108333151411e-02,-8.224900933226299282e-02,-5.780483052914319603e-02,-6.737516634775821134e-02,-1.530849502844836181e-02,2.550359829390285230e-02,-5.007721261755333081e-02,-2.314263311640926690e-02,2.849183781982487368e-03,-1.089186288174297246e-02,-3.027748195843055559e-02,-2.406875686651256327e-02,-7.552238471868381875e-02,-3.802024870831760550e-02,-4.215521970876543595e-02,-2.292642506750489431e-02,-3.317363115072464314e-02,-4.305979629307369466e-02,-3.680653145927297032e-02,-4.509067085333684499e-02,-4.143875532139160850e-02,-3.765240451858732629e-02
1.205714227056788462e-01,1.065546010136292632e-01,2.154083943688940295e-01,4.000466539498520047e-01,1.000000000000000000e+00,4.233262355694946133e-01,2.829524964989741376e-01,2.131058905132817705e-01,1.851750809439562384e-01,1.027328612272614683e-01,4.508944974894161378e-02,7.032579252562888572e-02,8.062090780116759614e-02,1.912419571654929221e-02,3.597533027337526668e-02,2.940133553563761479e-02,5.082719596682780394e-02,7.622489687763184252e-02,3.917796854581146598e-02,3.770305485577210222e-03,2.768688506847888017e-02,5.517568907154701829e-02,3.725764597326036709e-02,-2.350324525759787259e-02,-1.874129671651223600e-02,4.776618214370038223e-02,-2.333158473543597150e-02,-3.789235845598275601e-03,3.235626594117588239e-02,2.703234884576238492e-02,7.446917421614524489e-03,2.588834093441178333e-02,1.013723742760086477e-02,-5.255260317206488646e-02,6.665171121725170858e-04,1.634058543643213124e-02,4.470324076991027962e-02,4.316883330872994806e-02,-4.035427336934001297e-02,2.536880121555814063e-02,8.225444673289371289e-02,-1.143212175972993516e-02,-1.760288501695122729e-02,7.461697556197728620e-02,3.421565562407986177e-02,5.176264180130898257e-02,3.500809657450502932e-02,5.726237698781583979e-02,1.628778168045272659e-02,4.244540008683030802e-02,1.864966765635492352e-02,2.017536405272440589e-02,3.562981967564510938e-02,3.129005017185802068e-02,4.751172017221076682e-02,6.462331942096882775e-02,8.008337668225780186e-04,2.480674061458975135e-02,3.711133457408676006e-02,2.830252747136525072e-03,-3.663774081712790898e-02,-3.415006542786352267e-02,-1.417650271847364571e-02,-1.401492835200957715e-02,8.789699618995415464e-03,-1.451930032401531345e-02,-6.565535828884546884e-03,2.356495671699997824e-03,-6.021112248631720586e-03,-6.369442910054649853e-02,-2.878354567711652323e-02,-3.825217894316319464e-03,2.599678061217386774e-02,8.782079820767718648e-02,-1.344797416857910176e-02,3.157743971917384429e-02,3.429366978249615006e-02,2.405555111691067699e-02,3.390672165797860294e-02,4.693683216879194348e-02,-2.743398013108430331e-02,-4.361545690539935655e-02,-2.458075570680397139e-03,-2.245115897486953116e-02,-4.487849567202221307e-03,-1.611491914516867451e-03,-2.792111492447414342e-02,1.425910810995097665e-02,-1.141173287797950762e-02,2.655939348676503511e-02,2.348510399389078934e-02,-5.385702418906269939e-03,-4.019769196902930886e-03,-4.059419645429428875e-02,-2.644087846436459985e-02,-1.030772476147827528e-02,-6.842858944783132558e-02,-5.285196479530837599e-02,5.250085244377358101e-02,-1.037595406667749486e-02,5.246152364306468779e-02,5.878311043937322483e-02,6.446723841499302221e-02,-5.321168160119743584e-02,-4.290766618290911549e-02,-2.823453272976710754e-02,3.030440815700595480e-02,4.382740402212712688e-02,-2.043181106719902870e-02,-1.933141452983527797e-02,-5.464792375086072185e-02,-3.078939276435496350e-02,-4.511692077339977958e-02,-2.119227176457616751e-03,-4.365148800171401305e-02,-4.142710075632100725e-02,1.445051381433927126e-02,-5.414597021376116315e-02,-4.061717782735690561e-04,-3.660236951815257905e-02,-1.147047675496466398e-02,-3.413886350240149907e-03,-1.867487627303685048e-03,-6.358692000167674718e-02,-4.981579465414394392e-02,-3.403073956997130362e-02,1.437403072329500320e-02,-2.410947228092274758e-03,-2.252297121464900964e-02,-1.907956529872877754e-02,-3.936135159217934304e-02,2.501329465068032314e-03,5.830738534798378565e-03,1.779735816326713169e-02,-4.239993851104098543e-02,2.802451266828321665e-03,-6.445899273698635357e-02,-9.777618789478258882e-03,-4.521653196063588065e-02
1.765545623055764513e-01,2.475876115146442291e-01,3.379912135972663600e-01,5.429835875666177980e-01,4.233262355694946133e-01,1.000000000000000000e+00,4.777092016115687123e-01,1.753540020126899412e-01,3.116718257577067441e-01,1.553199350888780361e-01,1.491706036312279715e-01,1.131159356752141770e-01,1.290043382172587072e-01,8.311147555941333920e-02,5.962678905524227552e-02,2.456608459597574290e-02,6.897487839774539553e-02,1.151207730736504009e-01,5.436246886685512647e-02,2.222120661513560941e-02,4.844354355654380273e-02,7.935463563268811693e-02,3.385156457968564736e-02,5.608459758241927939e-02,2.107446950622368989e-02,5.273730979456341811e-02,-5.061903697246105012e-03,5.715965867565651198e-02,6.134302096130468673e-02,4.687197323551627048e-02,1.221910691653156113e-02,6.792883207198553881e-03,1.066446675340588200e-02,8.914813701395546408e-03,3.695502356711814068e-02,1.614422119103385567e-02,2.769374203101425402e-02,5.385891035347994960e-02,2.214261436892484003e-02,2.600128970718188631e-02,1.165394128273063573e-01,4.749387936912864705e-02,1.651640298875655874e-02,7.998376928684750031e-02,7.440513707107872243e-02,6.996950438432787689e-02,4.213784316972987026e-02,6.832234552997057397e-02,4.787674487882727370e-02,6.550007710066138578e-02,6.119304018624938807e-02,2.418590474242171898e-02,1.408973891431220503e-02,5.728893202466143336e-02,5.188101590724845252e-02,2.272524733516476103e-02,5.324074837831173357e-02,3.162414754847755333e-02,2.917442161901076525e-02,3.373039942322553914e-02,-7.582407194644299152e-03,-3.090204743917952107e-02,-6.663736344068854969e-03,1.881506302067938174e-02,3.419043233769250567e-03,-1.432512066086701757e-02,1.215966117132390341e-02,2.401849019054327905e-02,1.810579322040604261e-02,-4.866629296742640276e-02,-4.458877889998043124e-03,-4.522099033156770642e-02,2.456900169149376506e-03,3.881951896316578748e-02,2.023195834053963596e-02,6.330524444450220944e-02,2.234855822678486273e-02,2.924383207908826804e-02,4.183083715670588704e-02,4.385608197423560006e-02,-3.486846374420042582e-02,-3.871414780596475758e-02,1.886540883046099529e-02,-3.549634155415710285e-02,1.771026792489248033e-02,1.022704922523168941e-02,-2.533234533149886572e-02,-5.012634295044648969e-02,-4.328365694148038345e-02,5.406467620498130178e-03,-9.543098889280751109e-04,-2.980483655565813357e-03,-6.117724992851544634e-03,-3.257427317006414413e-02,8.813070678912467149e-03,-4.145553843431942949e-03,-4.820138873719409522e-02,-1.771811696321074631e-02,7.551243062084804503e-02,1.748786768338789080e-03,5.927158589850532039e-02,8.203377621924511087e-02,5.516259499987474085e-02,-4.143810819898618297e-02,-5.951325370096192946e-02,-4.979771352720565453e-02,-2.778784173030422397e-02,7.802387820951783154e-03,-6.019506971109544330e-02,2.023440612697277943e-02,-3.599882964102089911e-02,-3.346311022024149682e-03,-1.429101248356136333e-02,-2.058240967933501822e-02,-1.760186233812166892e-02,2.164618156514194498e-03,3.306502427346727502e-02,-4.415819572793234365e-02,-3.154390456869866216e-02,-4.532110519927378539e-02,-7.656582050046406573e-02,-5.082524997663871030e-02,3.017296856378999526e-02,-1.244849271924616980e-02,-6.120067051522765089e-02,-3.811310176731944055e-02,1.139862991023109923e-02,-7.042084858464688069e-02,-2.983486139302459969e-02,-5.829906720875360771e-02,-6.451281811481556980e-03,-6.925596581588144840e-03,4.907028558874003193e-04,3.754117078656345197e-02,-2.904074334708742905e-02,-9.159866400290306993e-03,-4.858136258581391420e-02,-2.325624491167426616e-02,-3.121730834186194070e-02
3.595882661490922005e-02,1.752604607655814939e-01,1.427544565089798601e-01,3.230318294099744358e-01,2.829524964989741376e-01,4.777092016115687123e-01,1.000000000000000000e+00,3.312124489372477720e-01,3.835723786655012568e-01,2.448317032219355094e-01,2.084694977332526844e-01,1.822742293646555378e-01,2.144059339455725577e-01,1.387160564410732932e-01,1.223746566666925606e-01,7.368422839808265457e-02,1.006887530368623107e-01,6.101474707446205570e-02,5.419366663022774644e-02,4.672416634981303024e-02,5.863245098413994577e-02,6.408783226104824982e-02,7.884946932740757863e-02,1.023759458232588598e-01,7.213411743709391422e-02,4.153779790931133586e-02,4.163805721649283670e-02,6.485982272570546547e-02,9.686661015946212983e-02,8.102211351401301942e-02,2.658345852408365920e-02,5.142393839362758429e-02,3.800481452042444447e-02,2.098100076999417918e-02,5.517936744287505607e-02,6.008945390839783018e-02,1.194793247299654783e-02,4.245414027368654697e-02,4.506783538132494438e-02,1.758556110582968832e-02,1.000323598236293604e-01,6.336259881099297331e-02,3.737858953138924190e-02,7.342695295687855228e-02,9.414642581283114153e-02,5.976555870308838947e-02,5.681421647419093029e-02,1.068369149240946808e-01,7.855998129574681688e-02,8.927047928136590260e-02,7.846280882179006155e-02,3.196448290342833454e-02,1.225143889440142783e-02,1.244004224093833190e-02,3.883934683483160344e-02,-2.650369517984900447e-02,7.815847371130200949e-02,5.274891178245438850e-02,1.099314965374498547e-03,7.539668755828359339e-03,1.939754147290757499e-02,-5.555483143879669933e-02,-2.282516639199968621e-03,3.394051323977104184e-02,2.238908851473503641e-03,-4.234827014410195295e-02,-1.392609411558829759e-02,-2.086486069121988238e-02,7.369738167852123503e-03,-5.242351700592022545e-02,-3.126374956051750087e-02,-3.273420558284219350e-02,4.869669873484444578e-03,4.429632526883064275e-02,-1.183697304984399935e-02,5.613056924136076292e-02,4.909643997835820561e-02,9.423601376600936400e-03,5.364431243635067216e-03,1.124522554396067617e-02,-2.830122111753494152e-02,-5.802900344714007758e-02,-1.543664318235010886e-02,-4.947528588414996931e-02,-5.945421953420646638e-02,-1.845934278945820378e-02,-1.393067775233574127e-02,-3.223599958057585951e-02,-4.616839580576143076e-02,2.399836697481025002e-02,1.743836884788287772e-02,1.190965463955968309e-04,2.372313800185844868e-02,-6.195807490793015654e-02,-4.387487485262230730e-02,-1.784146269800924653e-02,-5.730564525138742010e-02,2.363388591034034855e-02,1.186051384283936527e-01,9.184926017683286634e-03,7.522571070567439511e-02,7.981187396269900924e-02,7.145044109696037371e-02,-2.777067565928441339e-02,-2.541458306042227236e-02,-1.898032811740814688e-02,-2.430139362046133608e-02,6.613209411843542877e-03,-3.111975418220530934e-02,1.325787715222892342e-02,-4.467790834898500291e-02,6.645852412701652202e-03,7.597664701412697522e-03,-1.103371653724821017e-02,-4.020134639003893062e-02,-2.106651050292332461e-02,7.186097723540488605e-03,-7.762812313255171293e-02,-1.859983533582314913e-02,-4.404840515920455113e-02,-7.889368167407129206e-02,-7.466608283736314577e-02,3.249421825003336040e-02,-4.301322160877144030e-02,-7.947629425528529579e-02,-5.464935856527350366e-02,-2.549476439277980136e-02,-5.852614305015921281e-02,-3.722815205662925037e-02,-4.477794662809209125e-02,-4.358720438611139725e-02,-3.889305563099161589e-02,-2.824393041896833614e-02,-1.829049562315608959e-02,-3.779417375117165821e-03,4.477064000769349211e-03,-3.708749280690684658e-02,-2.591552078684711963e-04,-2.665451262917971700e-02
3.840404982543967061e-02,5.584742529379321807e-02,1.185957188834829562e-01,1.431382259384957056e-01,2.131058905132817705e-01,1.753540020126899412e-01,3.312124489372477720e-01,1.000000000000000000e+00,3.085890950914660369e-01,3.106204728538916049e-01,1.606690911630131169e-01,1.684331664577456700e-01,1.885982435652005240e-01,1.243717658465639947e-01,7.806874302855797143e-02,4.333420100868223823e-02,8.358597782764953799e-02,6.235354750421769066e-02,3.464098769265239186e-02,3.649067414189923614e-02,5.839460447631543427e-02,6.933738782892190367e-02,7.679680218735497610e-02,7.231403355114932041e-02,2.047287265073123239e-02,3.227358998474613022e-02,2.931784695755391620e-02,3.933557929133856511e-03,7.233219480522230793e-02,2.110839670000858037e-02,3.687249051507063887e-03,4.150209260874719586e-02,3.824458175223312967e-02,-3.490249942030382042e-03,3.621962099066571711e-02,8.469229847816900358e-02,6.509742864848283919e-03,4.558292766325657691e-02,9.055496889587988374e-02,4.725121324285534719e-02,9.710429510981415102e-02,6.786758742505442921e-02,5.804272498621606408e-02,1.107860045850703051e-01,8.863815335437012777e-02,6.774379440529830487e-02,4.065675544267936120e-02,8.528396434869849052e-02,5.366447296536693695e-02,3.119259568154716250e-02,7.539311021815288394e-02,6.626105650965356808e-02,1.712515765005194479e-02,3.221263474783715719e-02,6.460350542426986087e-02,1.246134683976241747e-02,4.070096074436131001e-02,3.559556671065029071e-02,3.140353046434752465e-02,5.261057641325132817e-02,2.576598326943004350e-02,5.400575897331339609e-02,-7.217541073728435744e-03,8.386460474296964646e-03,2.878801276420383387e-02,2.994995052888952194e-02,4.915517398552171624e-02,1.455564347835653326e-02,-1.035423624792728911e-02,-3.516141593550582700e-02,-5.195707027498095570e-02,-3.318160031287722966e-02,-1.921171520689083159e-02,5.653090711699473164e-03,-2.301352769902541024e-03,1.765000094485586965e-02,5.713960286308582270e-02,5.253034103910717706e-02,3.373956916952970588e-03,5.455807659457844599e-02,-1.210712011114247269e-02,-2.636218651611928199e-02,-1.528189308912852699e-02,-3.698155725853077141e-02,-1.571476305426394368e-02,-1.801076759327216795e-02,-3.629725438467291260e-02,-7.622343574661036292e-02,-8.459042224152295286e-02,-3.714019077957399911e-02,-5.602980377800079181e-02,-7.741785409540948015e-02,-6.313745805926690435e-02,-3.068225745014952974e-02,-2.103688399128475495e-02,-1.426654147656143852e-02,-5.266359305758363911e-03,3.476610379911411475e-02,1.010406004178832501e-01,7.898444126634608653e-02,1.138851550965779696e-01,6.010102097811713395e-02,4.976185966443549824e-02,-3.223751547998982090e-03,-6.995738061354819792e-02,-6.693469355129057219e-02,-1.380752219991524671e-02,3.589764589332121447e-02,-3.098586174711826999e-02,-5.328285062387218968e-03,-6.273628610075057677e-02,-4.349036764982563974e-03,-3.761411233337381282e-02,-6.494831686441927994e-03,2.795715669409231177e-02,-1.690427972045904087e-02,1.683781185575121755e-02,-1.500531308745602435e-02,3.250803506699482637e-04,-2.171806733876621709e-02,-3.391804171131321353e-03,-1.274515913206142846e-02,-3.202475720095664113e-02,-2.805943273863391318e-02,-4.592169152332778448e-02,-3.731521312918435751e-02,-1.666872727252570116e-02,-4.983502203505529166e-02,-6.360148105197775681e-02,-6.259955465425409704e-02,-8.425000128773670049e-02,-4.132640449246591241e-02,-5.083592910242194091e-02,-5.616688118626253674e-03,-3.561083554156085212e-03,-3.216251865331794767e-03,-3.113775855041223464e-02,-1.090656481787329740e-02,-2.810322740420794288e-02
5.381491944456474885e-02,1.520640741149771602e-01,1.388037171246893353e-01,2.314501196667066718e-01,1.851750809439562384e-01,3.116718257577067441e-01,3.835723786655012568e-01,3.085890950914660369e-01,1.000000000000000000e+00,4.114919773723479945e-01,3.351280602389363206e-01,3.422089163450787175e-01,3.384165191363405767e-01,1.663494492839609762e-01,8.916467329157835853e-02,7.115356964336122525e-02,1.224869970923326556e-01,8.687556449726703545e-02,1.137870451196098913e-02,5.719452960274116343e-02,6.693898890301537563e-02,3.053653602009703816e-02,4.435973009717442128e-02,7.868352102427676742e-02,8.549856988929607771e-02,7.580770335119381420e-02,5.050674479810815520e-02,6.561215435625873671e-02,1.164375891173070471e-01,6.338267985607827504e-02,3.670770372226892647e-02,3.056497308981488345e-02,2.344978377294470312e-02,4.842033697990402730e-02,4.498210655340909719e-02,5.957706259938185672e-02,-1.956937940643102905e-02,6.654007540330851567e-02,9.829133964625164088e-02,4.522101227879109231e-02,1.340656509625537673e-01,6.674694757779504883e-02,5.012801541633227914e-02,1.237892187633995861e-01,9.274153131230847280e-02,4.371790358054202658e-02,2.635660647065595635e-02,1.736726781826117630e-02,3.364356008904274831e-02,3.469813944645000481e-02,6.631916277366700641e-02,3.751006512342775628e-02,1.381799893968683850e-02,2.671263203389831822e-02,4.327967378262306819e-02,-1.130821981497092017e-02,4.165351900225146980e-02,6.908532147893800546e-02,8.653645627719601732e-03,-5.669360881989330553e-04,-2.448089459087459969e-03,-3.267393917529756026e-02,-3.242758068069662852e-03,-4.488122928307374665e-02,-2.692971126885093658e-02,-6.112520851356442048e-02,-3.814924188608504602e-02,-1.923813769303311591e-02,-2.485363904585220773e-02,-5.520051725343734506e-02,-3.776208694605234090e-02,-3.074676156084995074e-02,7.379823781491122447e-03,2.023262933977889796e-02,-2.377495630929261916e-02,-2.569823675116265221e-02,-1.281440716799936257e-02,2.745252410498134725e-03,-7.241225179075301034e-03,-5.834504213820451701e-03,-4.951672249365928619e-02,-5.452416106966324200e-02,-5.052108221327222121e-02,-7.699116865885782812e-02,5.851781288688745995e-03,2.801554804666100268e-02,-1.245185493586921724e-02,-3.489892096991160930e-02,-8.600083792554960582e-02,-7.745834876719025555e-04,1.316054288980996606e-02,-1.964111820833525091e-02,-9.699468138086793020e-03,-2.095793373383328384e-02,-1.943787545163305416e-02,1.084302528712960227e-02,-6.630511385631329691e-02,3.873036760228697195e-02,3.339274830631708268e-02,1.300535722157806010e-02,9.933456600640168388e-02,7.705793837068732055e-02,8.555467011873649219e-02,3.743045838674540632e-02,-2.431182029327415978e-02,-4.629938239410913946e-03,3.143953044541314412e-02,5.258792281349990855e-02,7.247592802948826102e-03,3.400602064246813216e-02,-4.303586240985521338e-02,1.604270389924819171e-02,1.960834272672067492e-03,1.306498522271813331e-02,-4.253996375448373252e-02,-4.730436047041451653e-02,-1.239752356510684383e-02,-6.384402700717943524e-02,-3.248956841290353420e-02,-1.238149469749083922e-02,-4.676910355010473197e-02,-5.965830634750689254e-02,-4.202021762714784787e-03,-1.471066735179362914e-02,-6.136728991327100591e-02,-4.073749255953443282e-02,-2.149289238729291604e-02,-5.130350897319124748e-02,-5.088647574106722887e-02,-2.195580652570285410e-02,-5.983612954652649946e-02,-3.237477084899042373e-02,4.164322677225489912e-04,-2.999244707585317984e-02,2.481110747860769405e-02,2.559450834204812786e-02,2.164267049500454357e-02,2.325275782746015832e-02,2.271934329879240350e-02
2.269479693403341630e-02,8.966942735111115004e-02,6.260059742991669340e-02,1.357637584243244211e-01,1.027328612272614683e-01,1.553199350888780361e-01,2.448317032219355094e-01,3.106204728538916049e-01,4.114919773723479945e-01,1.000000000000000000e+00,5.122525189085450625e-01,3.859022197195722259e-01,4.983803342881388265e-01,3.070086228299938047e-01,1.441833046650099481e-01,1.127844713033174656e-01,1.399538807743593571e-01,8.343524029871084158e-02,6.058264943755650028e-02,7.805535223092198438e-02,6.242391388023730420e-02,5.737621267676520226e-02,9.315907821202369654e-02,9.550786513475408024e-02,7.131580750027181892e-02,4.414827288257575783e-02,4.012195725106949828e-02,4.930900727817181389e-02,6.731536850379689352e-02,3.040187334757316409e-02,5.996479757380342862e-02,3.037902201042039577e-02,2.378956858974308128e-02,4.486410300748256558e-02,6.862205506170233893e-02,8.731862533967847673e-02,-5.953091554528216513e-03,6.303926327112616135e-02,1.159793385822878303e-01,3.420518150115150341e-02,8.899173029791199174e-02,6.821457370891605143e-02,1.986809261476057964e-02,6.693376188334629329e-02,7.334239225813031504e-02,5.160883901568334015e-02,6.625777163280650861e-02,5.838977364364663497e-02,6.144030695592105767e-02,6.515589957555149858e-02,8.809927018421025158e-02,6.549652637998959470e-02,1.592750180311790914e-02,2.923148521301362560e-02,6.832152136742547510e-02,3.403806002962186938e-02,1.013026108809711445e-01,6.097088312370622931e-02,-1.600810527095825086e-04,4.561891101588951697e-02,3.990370153193640440e-02,3.504719845351226409e-02,3.016471776596530915e-02,-3.638793708669102456e-02,-1.344211040169376870e-02,-1.391394693857221990e-02,-7.312119337042204646e-03,2.038730390621273231e-02,1.101526508913478267e-02,-2.407433327354853436e-02,-2.571962291344064705e-02,-1.133374582403260181e-02,-8.006206326611694374e-03,-1.364401508984541128e-02,-4.136547284189082824e-02,3.257627308462378996e-02,1.230251455118498531e-02,-2.243132557779670480e-02,-3.986086679049347797e-02,-1.418685697415302850e-02,-6.209279754060439971e-02,-5.978450736388490894e-02,-1.242687365752813064e-02,-6.137565031582446068e-02,-1.753075106142593792e-02,-5.482529920626539287e-03,-2.995378663528539876e-04,-3.661703020663287234e-02,-6.097767563512000027e-02,-1.912677972334399928e-02,-1.269477257052359538e-02,-1.411547600910058493e-02,-3.452090510052350375e-02,-2.505212813432074540e-02,-4.102394151082433549e-03,2.665053771810259320e-02,-9.085709800368529238e-03,2.072548388795166646e-02,4.831656239617804910e-02,5.813726421849680498e-02,1.462043411488155031e-01,1.382204049718676608e-01,1.135720704445249279e-01,5.788084607813214627e-02,-2.274059858163831813e-02,1.358226933272792779e-02,2.247705820203473731e-02,6.613282538403256194e-02,6.639193651578476768e-03,3.120674655046387289e-02,-4.180295583287006733e-02,4.825117206295586464e-02,-2.560721659094416808e-03,2.430917821127714235e-02,-9.895704377070442537e-03,-4.399957446653286752e-02,-1.262726688990092189e-02,-3.513045054864186167e-02,-2.675287417564701717e-02,2.474255861826467253e-03,-1.133345422249414048e-03,-7.382823791945002795e-03,-2.924456366485367418e-03,-1.560382259573354566e-02,-5.540255763843329045e-02,-6.285780307775000464e-02,-3.453511224432915389e-02,-5.437471420453449111e-02,-5.012250114612093466e-02,-4.387763071696860334e-02,-9.222904372474137469e-02,-3.500397862877738936e-02,3.584022769417630379e-03,-2.263079673236124967e-02,-1.684572017616206563e-02,-4.377994486499398041e-02,-2.679199891800431235e-02,-2.960176245701639283e-03,-3.357997359968580009e-02
1.980844849083043119e-02,7.520787685369897946e-02,3.900992486772283246e-02,8.131917176141677250e-02,4.508944974894161378e-02,1.491706036312279715e-01,2.084694977332526844e-01,1.606690911630131169e-01,3.351280602389363206e-01,5.122525189085450625e-01,1.000000000000000000e+00,3.979777346836227969e-01,5.022024352892721089e-01,3.164298124287189262e-01,1.098687298525357209e-01,1.301613540860141749e-01,2.009510105547932801e-01,1.094197568587850777e-01,5.770071017473642205e-02,5.200839252255440304e-02,6.344698713946039792e-02,6.463232229482290814e-02,5.057431239568686843e-02,4.409550908068103625e-02,5.606171596826057396e-02,-6.970927463306247560e-03,3.466678085474330512e-02,6.235733722563027714e-02,3.066846314829523371e-02,6.581328826816559840e-02,1.009342029358608478e-01,3.213686973946454362e-02,1.064120051565982557e-02,6.799107190709587079e-02,3.997301705418002810e-02,5.674841196984169861e-02,9.043600244858117018e-03,4.388004143189747075e-02,7.348589118649613561e-02,2.916278199994832426e-02,9.064701518053315532e-02,7.077625156818841134e-02,2.560652480905022468e-02,4.842443849857904631e-02,4.897502366311822647e-02,4.770954061992046386e-02,5.653074837774529904e-02,4.622160956775536039e-02,5.990023259204386302e-02,5.790326821528496426e-02,7.640608194254658314e-02,5.257870491379759009e-02,5.313578316257447365e-02,3.703913272291032427e-02,4.425955779110696958e-02,1.154294510201991399e-02,1.005678259421196041e-01,6.522031397159808175e-02,-1.093170662363658965e-02,4.788745171735161316e-02,5.634526964740484145e-02,5.709659801582026017e-02,8.269174629192789505e-02,-7.094138135872096740e-02,-1.625139529883039627e-02,3.514223380396867130e-03,1.123236895910724280e-02,2.930086406114631656e-02,-2.873174622435744133e-02,-1.685706382752414495e-02,2.512966432488513563e-02,-5.963785153368088288e-02,-5.607454459019120888e-03,-2.295953243692956669e-02,-3.342939481944420810e-02,-2.285016293631092141e-02,2.842710570934728689e-02,-1.332854073348391233e-02,-4.787106011535611355e-02,-3.589005572936522503e-02,-4.217254750759295845e-02,-2.977549326611566086e-02,-6.161480754131525711e-02,-7.143617385237172046e-02,9.708218170348522844e-03,1.441159908330883095e-02,-9.685706221608043204e-03,-6.391797696867974887e-02,-6.739103714444732995e-02,-5.593712215589476816e-02,-1.594288193823800714e-02,-4.032091301345661072e-02,-4.393132986597463735e-02,-1.674882094858115567e-02,5.786749381401824072e-03,6.340875780365617942e-02,8.400386329491922599e-03,4.671908174948779385e-02,4.808854007825423549e-02,6.273529790081772139e-02,1.335460936945066512e-01,1.206607259387151437e-01,7.983827988397954045e-02,2.629440742988747512e-02,-2.968952788410715929e-02,-1.593853616115445751e-02,-5.771158251209242834e-03,2.327979487768224234e-02,-1.006291748179070390e-02,3.456777707160327978e-02,-4.908032196773137040e-02,5.687617503285601062e-02,8.458631316915191448e-03,5.248519686031464376e-02,-5.994812200974163063e-03,-5.601947461505957931e-02,-4.706672992095380093e-03,-5.292523239904861621e-02,-2.561624466409385958e-02,2.019954884308034285e-02,-3.180461130746327358e-02,8.811060447434846885e-03,3.001415175271220440e-02,-1.968579568655253777e-03,1.061380897191270371e-02,-8.831667227852872670e-02,-3.520226709606310428e-02,-8.492196433680647416e-02,-5.115565983004556616e-02,-7.209663842138638867e-02,-9.809503670243713280e-02,-4.103989469518777577e-02,-1.589263666327385763e-02,-2.094191526467177947e-02,-6.465575963412408325e-03,-1.923010617603647041e-02,-3.863457455239267813e-02,-1.407141483527387348e-02,-2.223969931332197766e-02
