1.000000000000000000e+00,2.988787105134178002e-01,3.525866431337267293e-01,1.201159136563477309e-01,1.284520688741972450e-01,7.964616072103844480e-03,-7.742698818270866978e-02,-3.051962901577653930e-02,3.102139511769572838e-02,-6.453215067182685449e-02,-6.341461343729111466e-02,-5.192106168138226757e-02,4.381459516249378711e-02,-4.853546119124834551e-02,-9.119804010535283167e-02,-1.220793567021951839e-02,-5.226364891286995606e-02,-6.189993513665939529e-02,-1.630608916961874544e-02,-6.258695755927463911e-02,-7.470280203622234327e-02,-5.307565741743326682e-02,-6.852287722912833723e-02,-1.691208038343990430e-02,3.365435239295257175e-02,-5.746106660138000644e-02,-2.488002604278574670e-02,4.237269208266027792e-02,5.246221910515780351e-02,2.478385570463238069e-02,6.774318415495894641e-02,6.800436733061408778e-02,2.159138878916408780e-02,9.798017706277661887e-02,1.119988406038383844e-01,9.985173935131021195e-02,1.165725578024486980e-01,6.924905739416199746e-02,4.906048293122920040e-02,4.719502825103216032e-02,-3.345552733060999824e-03,1.184058218674136943e-02,1.099308986797808141e-01,8.098027038496284635e-02,4.839998021457486005e-02,-1.543633881262762575e-02,-3.939080209994978710e-02,3.492272815104886102e-02,-5.141788731661983691e-02,-2.480897290368489806e-03,-1.649184842737010104e-02,-5.343854121342286184e-02,-4.232338342486331381e-03,5.153633488971597065e-02,-4.831389943787010866e-02,-7.905546125575230176e-02,1.837727446958186198e-02,-8.355904626008677991e-03,1.341190665964786879e-02,8.327531605358809083e-03,-4.823139020595849230e-02,4.517710850993825883e-02,8.966841799167414584e-02,9.322731675868688173e-02,5.049157038086709431e-02,4.748102644148486512e-02
2.988787105134178002e-01,1.000000000000000000e+00,3.556778838087881756e-01,1.711912368012780961e-01,2.605950061845146437e-01,-2.711702753274063474e-02,-1.217406353511200218e-01,-5.768295846837282609e-02,4.103791604713973029e-02,-9.721822810041341745e-02,-1.087301721405766614e-01,-7.939579005572731940e-02,1.010829812561914870e-01,-7.957145632277354275e-02,-1.905383425811480180e-01,2.070548292248972772e-02,-1.138261328224374064e-01,-9.211911659230090366e-02,9.081935406859982518e-03,-4.944953446742332559e-02,-8.077920140738230337e-02,-6.535997540397792127e-02,-1.332754277626470585e-01,-1.714374416525814293e-01,-3.920738815531796262e-02,-2.110308435629451029e-01,-6.407792368928902360e-02,1.800408677563364590e-01,5.491380873548938613e-02,6.462131426071893170e-02,1.981672876545328976e-01,1.220702188247566183e-01,6.738304607277033342e-02,2.078935519284964561e-01,2.058109241028873437e-01,1.898997179037295591e-01,2.360689463242172104e-01,1.324231253321813406e-01,8.600206245653024828e-02,4.349345662683314767e-02,-3.776368349406957620e-02,3.575764110004740065e-03,1.430886072766878736e-01,9.015916930110956518e-02,8.465028724693622608e-02,1.846815919314230905e-02,-9.666236339615709439e-02,2.023197398576512610e-02,-1.110285889233629357e-02,-3.418598275392817354e-02,1.266514880449754431e-02,-6.399738966357117198e-02,-5.820771607146672105e-02,5.523837682558764908e-03,-7.304054890173039549e-02,-6.424317100001587788e-02,-1.589788723176948628e-03,-3.293362612653678856e-02,3.881445875097383480e-02,-3.550990939215226128e-02,-4.647689332910350662e-02,1.281377317577482577e-01,1.516989029057943250e-01,8.166907747098091364e-02,9.952375881259481472e-02,8.068719313356331746e-02
3.525866431337267293e-01,3.556778838087881756e-01,1.000000000000000000e+00,3.003046832618528339e-01,4.015392772697501389e-01,1.614247928253438047e-01,-2.495658583285852855e-02,1.169381324083099416e-01,2.597400083782297475e-01,-4.294459471969985787e-02,-3.066466277739572921e-01,-1.309647857577143637e-01,-4.492852600538910224e-02,-2.870022524901495453e-01,-2.300118094165006510e-01,-1.223963378197516771e-01,-2.649100215667419267e-01,-2.175559840980157977e-01,-1.361088612224124195e-01,-7.396302450988899435e-02,3.176119036281219166e-02,-1.529508394268073446e-01,-2.580999477128621544e-01,-1.371776604582725101e-01,1.213712769700075189e-01,-2.175670411414681316e-01,2.635552973844886016e-03,2.287905756534270862e-01,1.728120041901563264e-01,1.553099218282133764e-01,2.836751710494475054e-01,2.356825990255161651e-01,1.814107479336813655e-01,2.201148166356611535e-01,2.128411568399014298e-01,4.374726199213375272e-02,2.682977735590120760e-01,2.375128013273423710e-01,3.918750839678163816e-02,-8.764248526346331281e-02,-9.175078230253216893e-02,-1.297822523569062692e-01,1.211529928447616089e-01,1.910969049379666607e-01,2.589411184149362777e-01,1.229671537119424868e-01,2.686680618863182372e-03,2.046785088847202783e-01,9.133387224837000162e-02,1.077340258824344560e-01,1.463270439198370021e-01,5.285853115645471577e-03,1.165534669099838466e-01,1.246633426712109166e-01,-8.688235518714049199e-02,-1.861771557911938435e-01,-3.225568388054945307e-02,-1.639324017808514722e-01,-7.847283291433489183e-02,-1.289038122677498288e-01,-2.268625902025434848e-01,2.910156142274905600e-02,4.695372373672065253e-02,3.590906295442149870e-02,-2.625631605440987767e-02,-3.693252307584897823e-03
1.201159136563477309e-01,1.711912368012780961e-01,3.003046832618528339e-01,1.000000000000000000e+00,3.991692722526182235e-01,5.059012212282434362e-01,1.055401661244741163e-01,4.146141095749344974e-01,2.442080679950174027e-01,-1.860859962076658602e-01,-4.532794231990648903e-01,-4.248848589587946867e-01,-3.546242812685078127e-01,-4.239405348782701588e-01,-4.254606192141743848e-01,-4.347599099796787270e-01,-4.109676326905843391e-01,-4.457152834374336070e-01,-3.282321068835286626e-01,-1.421399946138401649e-01,1.397856320062298707e-01,-2.958698002173993369e-01,-3.586699847745299374e-01,-6.873109197503068923e-02,3.256173401998969097e-01,-2.698332458606756967e-01,-2.081460029939214210e-02,2.626588989396254625e-01,2.978588750301145449e-01,4.280303016720729548e-01,3.071016893862834052e-01,2.410788799544222316e-01,4.202785268741232039e-01,1.457858093995903770e-01,3.547479055426447370e-01,-7.077835210126270926e-02,1.591010922092417623e-01,4.338703318332950976e-01,1.170180090352238161e-01,-1.744381448543252389e-01,6.096606348462624281e-02,-1.941301492922616612e-01,6.449633925407102786e-02,2.766600823285212396e-01,3.582233664559036912e-01,2.042103048159200906e-01,2.416205901917534149e-01,3.984321922158625129e-01,2.200940140041791893e-01,3.022767457850307760e-01,1.762623400611184055e-01,1.510610792306277816e-01,2.048761371470952941e-01,1.403080411368762825e-01,-8.779719362509058600e-02,-2.300951165595994663e-01,-1.176009918670407467e-01,-1.196589244915101519e-01,-1.481615801496501683e-01,-2.070904670401764180e-01,-2.304184411561223667e-01,-3.873096022481363476e-02,-1.186559851296234147e-01,-1.115061752946007734e-01,-1.432517629462349840e-01,-1.645082022930971499e-01
1.284520688741972450e-01,2.605950061845146437e-01,4.015392772697501389e-01,3.991692722526182235e-01,1.000000000000000000e+00,9.387516283373768811e-02,3.498892613803419177e-02,2.021890028147824703e-01,4.246501567618535811e-01,-1.041231622440809412e-02,-4.682000049134353858e-01,-1.452433311753029421e-01,-7.972794484312115126e-02,-4.699432876663662828e-01,-2.831785334524070663e-01,-1.330632702253000954e-01,-4.295729072411012539e-01,-2.780768596078962984e-01,-2.809924539742680860e-01,-1.958161881084717892e-01,5.039888680939079435e-02,-2.918736715315164987e-01,-4.319237406672043478e-01,-2.808997292936405432e-01,2.105512674821074515e-01,-3.790193555463579611e-01,6.553145324683083695e-02,4.439674097293679900e-01,3.464550776641727170e-01,3.152883355693884004e-01,4.383144112931771086e-01,3.920418148855661089e-01,3.673759917532357089e-01,3.471732819194567332e-01,2.330550691224067827e-01,1.911521720439398470e-02,3.767440853182509319e-01,2.986559378294353362e-01,5.537721842478045275e-02,-1.777832590289703252e-01,-1.329879532880569870e-01,-2.354022860227929226e-01,7.828518846449540602e-02,2.271874611938581034e-01,3.717378958138962131e-01,2.611164559200226942e-01,4.374931413294939203e-02,2.846452563757405629e-01,1.906634611236485977e-01,1.638498512350282932e-01,2.081417894901783083e-01,8.255865587029029284e-02,1.054480797184591673e-01,1.078286447337929860e-01,-6.783949714646941853e-02,-2.004927744943690859e-01,-1.370817045137020240e-01,-2.299357268129118004e-01,-1.707466282363230281e-01,-2.435547970386300054e-01,-2.453583146809990012e-01,3.368329335000157937e-02,-1.330904061951293169e-02,-5.572559617448078623e-02,-3.246762422691285704e-02,-7.725883476305954456e-02
7.964616072103844480e-03,-2.711702753274063474e-02,1.614247928253438047e-01,5.059012212282434362e-01,9.387516283373768811e-02,1.000000000000000000e+00,3.447275344339122971e-01,6.822250088987634742e-01,3.261811084937886185e-01,-6.413938650370418215e-02,-5.123967681131448293e-01,-4.637298119399953511e-01,-6.299183275148512173e-01,-5.138721101203547192e-01,-3.317584300518581220e-01,-6.092797447744250361e-01,-3.728346091147314301e-01,-4.771882874776982586e-01,-4.916025292251561263e-01,-2.461708588696616962e-01,1.944880317463781594e-01,-3.967047630585182616e-01,-2.750480105742874049e-01,1.531793422616713474e-01,5.017378724635657150e-01,-8.136703393650598914e-02,1.514022209082651060e-01,1.708028642574749567e-01,4.106418663945496927e-01,4.378280019573955739e-01,2.169990232334275126e-01,2.621569224531551390e-01,4.059386327514478143e-01,-2.643876726736485785e-02,2.299764761894826648e-01,-2.874442577704973689e-01,3.743004431624478989e-02,4.063858670073781099e-01,-9.545272379930890005e-02,-2.171061309281558105e-01,7.953163952074175647e-02,-1.767558678475661671e-01,-1.189393829489098914e-01,2.037515780337676996e-01,3.919975864568263635e-01,3.042500308404066378e-01,4.381677335668827111e-01,5.089343461709595617e-01,3.478902936054468764e-01,5.210266927439435314e-01,2.423074470903935629e-01,3.833969432019887491e-01,3.978135691404902086e-01,1.851805234962575486e-01,-4.359215378174029903e-02,-2.546161025906080178e-01,7.425185508795242861e-03,-7.209979310548876585e-02,-9.621196932324090068e-02,-2.932320153367736770e-01,-2.869741196963559449e-01,-4.104284394382307077e-02,-2.683063185831918163e-01,-8.242138560416525928e-02,-2.045297118548087267e-01,-3.686641983904411779e-01
-7.742698818270866978e-02,-1.217406353511200218e-01,-2.495658583285852855e-02,1.055401661244741163e-01,3.498892613803419177e-02,3.447275344339122971e-01,1.000000000000000000e+00,4.933697166095645237e-01,3.747541608317270234e-01,6.070138962626480117e-01,-1.209207013215812532e-01,1.735105404400871798e-01,-5.177266178609278846e-01,-2.512037587854816234e-01,2.935023878981046774e-01,-2.912551772079907675e-01,-2.779426792244787947e-01,6.979914014311409953e-02,-2.754413514169609112e-01,-2.820892992585561365e-01,-4.755099550541517367e-03,-3.647419810670702311e-01,3.237691861616720512e-02,3.456812783816369250e-01,4.567413809576397754e-01,2.760461516962220974e-01,4.601667397923590030e-01,-2.089234217168732186e-02,3.926782294900559855e-01,7.157054729147413474e-02,-9.401828009846635581e-02,2.930148529841566374e-01,1.577487634626916491e-01,-3.024436574520448229e-01,-3.645900077573974718e-01,-6.126042364463428758e-01,-2.140467747522557529e-01,-1.454142614096834984e-01,-4.462907742869934302e-01,-6.984748689529306220e-02,-2.701113672061790094e-01,-2.049204352533907092e-01,-4.470279190026605898e-01,-2.737889693970171900e-01,6.754975933805033861e-02,4.558270086534563226e-01,3.939715256664343412e-01,9.219658283113414676e-02,4.627111171584751825e-01,2.976753732497449678e-01,2.670207427652084298e-01,3.185098944399304965e-01,3.335056391916141338e-01,9.082582460092449017e-02,1.489395803843507338e-01,1.148917582200828374e-01,2.559428216558226610e-01,-3.104979366144688360e-04,1.570578989484708310e-01,-1.320332313487168618e-01,-2.516984067524340452e-01,-1.405407343482082128e-01,-3.286399103697174584e-01,-9.411567642056750671e-02,-1.872419121120492413e-01,-2.241442864895968057e-01
-3.051962901577653930e-02,-5.768295846837282609e-02,1.169381324083099416e-01,4.146141095749344974e-01,2.021890028147824703e-01,6.822250088987634742e-01,4.933697166095645237e-01,1.000000000000000000e+00,3.538621087567869195e-01,6.833891429420700658e-02,-5.374564058961932567e-01,-4.411150214232276712e-01,-7.760012387072959816e-01,-5.214438388300494109e-01,-2.532640682012532451e-01,-6.878388183842074621e-01,-4.077862800721260839e-01,-4.303170131799882725e-01,-5.396948295773801307e-01,-3.093654709113702328e-01,1.910371757877911136e-01,-4.718243078295354387e-01,-2.173237475216279191e-01,2.741047815790707554e-01,6.007621095965173241e-01,2.218189149790055284e-02,2.226610713990812562e-01,1.185096854119018633e-01,4.772556892969334608e-01,4.716679659427645555e-01,1.391887103830404815e-01,2.988846453385309854e-01,4.096154183367784474e-01,-1.254012576655585687e-01,1.469860025563156369e-01,-4.288899862894159920e-01,-6.807879985924912558e-02,3.713557037482356771e-01,-1.827671246842348385e-01,-1.559365174592937109e-01,1.101460906677517865e-01,-1.685443656854592742e-01,-2.006593396116131134e-01,1.409883289987944321e-01,3.629923169330400157e-01,3.450276198883387435e-01,5.249593134316765664e-01,4.946841023102029888e-01,4.474085294420300785e-01,5.570415060006834729e-01,1.951705033699556169e-01,4.781225329249818579e-01,3.786710845508690082e-01,8.429153219189898516e-02,-1.141205219570756713e-01,-2.330703655705675947e-01,7.667468438446024825e-02,2.467072530360308116e-02,2.701968577176678751e-03,-2.326111542674421662e-01,-2.848208586348298654e-01,-8.149504226051203226e-02,-3.661162838293232635e-01,-2.205759061260376408e-01,-2.741069391156963353e-01,-4.250194756900504967e-01
3.102139511769572838e-02,4.103791604713973029e-02,2.597400083782297475e-01,2.442080679950174027e-01,4.246501567618535811e-01,3.261811084937886185e-01,3.747541608317270234e-01,3.538621087567869195e-01,1.000000000000000000e+00,3.562327777234177151e-01,-6.559496763297116839e-01,8.694502229461605058e-02,-2.283672949064455837e-01,-6.717074190438002690e-01,-5.840931192401700028e-02,-1.432114306663331005e-01,-5.607421877673176569e-01,-2.477470742375554591e-01,-4.435177258367867803e-01,-2.090002338340480603e-01,2.178071374850513720e-01,-3.901170202473045467e-01,-4.341941251708365535e-01,-1.805430939171136506e-01,3.611820832047865082e-01,-2.510621024940620782e-01,3.240866402794012613e-01,4.580982003873376729e-01,4.955732516009621058e-01,2.219168474691371740e-01,4.638643621951257789e-01,5.486754326766566381e-01,3.319529811386049412e-01,2.967263942899491802e-01,-1.707750129232351449e-02,-2.645342488711314721e-01,4.090911270219876328e-01,2.108641868514212203e-01,-2.531296443676522845e-01,-3.586193473302791701e-01,-4.011704471913495329e-01,-3.994481523586145832e-01,-1.299281345807283827e-01,9.936376621512536811e-02,4.766150563383045324e-01,5.187167821159145431e-01,1.383329516858900765e-01,3.502415675990017130e-01,3.809159898586226278e-01,3.844955026698980705e-01,4.943302907538181801e-01,2.869536509049708251e-01,4.007809868236594797e-01,3.091497684239430388e-01,7.683236089258103918e-02,-2.115515901835609280e-01,-2.828220394440044555e-02,-3.682736314722825366e-01,-1.867385126529071959e-01,-4.227829153762838743e-01,-4.020428985643063613e-01,3.641877145678086569e-02,-1.480074974804065635e-01,3.729104095892655374e-02,-9.570361293690345106e-02,-2.260660915689360062e-01
-6.453215067182685449e-02,-9.721822810041341745e-02,-4.294459471969985787e-02,-1.860859962076658602e-01,-1.041231622440809412e-02,-6.413938650370418215e-02,6.070138962626480117e-01,6.833891429420700658e-02,3.562327777234177151e-01,1.000000000000000000e+00,8.357487468889000792e-02,6.149071340854065371e-01,-1.384381832667836987e-01,-4.526049163248279522e-02,5.917673822308368026e-01,1.409272559001158720e-01,-1.239092452530213551e-01,3.654911934946147856e-01,-4.631859141880678016e-02,-1.228802063332672251e-01,-7.391172555556634050e-02,-1.995646188556759737e-01,1.456366648917517270e-01,2.232738932645366436e-01,1.872014280084464688e-01,3.143836077326875311e-01,4.666349207616730110e-01,-5.446654954098319873e-02,2.229835590473325801e-01,-2.471469172859322161e-01,-1.573261731741010805e-01,2.697363592523046583e-01,-6.467005302480348383e-02,-2.507286799535881072e-01,-6.049404042739016107e-01,-5.355228990930157584e-01,-1.492063317040324133e-01,-4.074998921492428705e-01,-5.653950283024576917e-01,-4.422227551856165034e-02,-4.700858027302689535e-01,-1.890789176438696373e-01,-4.505218016036751649e-01,-4.402925110761601313e-01,-9.189271297156026419e-02,3.823315037212660639e-01,1.164322708074816831e-01,-1.862933108728665743e-01,3.401068276377123278e-01,-1.833946868734613904e-03,2.203594661406124422e-01,1.498360266688603948e-01,1.641322584626912773e-01,2.565265551285688186e-02,1.820496192419752690e-01,2.542711873609458939e-01,3.285651474989876308e-01,-1.398487967952110819e-02,2.478926697947284874e-01,-1.355390978796459749e-02,-1.729593742158306580e-01,-1.299792816774262283e-01,-2.227487757739091134e-01,-5.429299608914944092e-02,-1.342946634912470794e-01,-1.681458658730795169e-02
-6.341461343729111466e-02,-1.087301721405766614e-01,-3.066466277739572921e-01,-4.532794231990648903e-01,-4.682000049134353858e-01,-5.123967681131448293e-01,-1.209207013215812532e-01,-5.374564058961932567e-01,-6.559496763297116839e-01,8.357487468889000792e-02,1.000000000000000000e+00,4.254859526841228701e-01,3.588380585921615018e-01,7.579712368370238318e-01,5.216490762339373033e-01,4.349908095958563981e-01,5.804405824489216048e-01,5.894815856965547329e-01,5.267409593613121555e-01,1.920530556904161135e-01,-3.068117336711910781e-01,3.645169111052536937e-01,5.436755163249082923e-01,2.214918720774524674e-01,-3.821852492696303782e-01,4.271414600967485264e-01,-6.785777293677661137e-02,-4.802435366606038203e-01,-4.398054589909234924e-01,-4.878093757421405052e-01,-5.581438669489354742e-01,-4.213726215346628168e-01,-4.464235333299176878e-01,-3.860784063476936923e-01,-4.195832442510223914e-01,3.813668632889478938e-02,-4.576455941214710443e-01,-5.704310233039275868e-01,-4.463013598172106688e-02,3.576900085212130209e-01,6.495743153736420472e-02,3.135717026765784121e-01,-9.659999211353738346e-02,-4.071812093099599905e-01,-6.074610698390278118e-01,-3.486479559149804897e-01,-1.991345161759748572e-01,-5.803723803641920309e-01,-2.758209893354611197e-01,-5.117185588558078591e-01,-3.792990918681735657e-01,-3.277061053499385479e-01,-3.673897793270503587e-01,-2.693649950266401860e-01,1.137928104872401730e-01,4.354182052614509746e-01,1.751291596246166704e-01,3.190652421114576476e-01,3.043718905544247066e-01,4.458553936765773384e-01,3.874423930565042973e-01,-9.615200576084954875e-02,1.261046860717423557e-01,2.445015260546947594e-02,9.356216367066196027e-02,3.214849822501227306e-01
-5.192106168138226757e-02,-7.939579005572731940e-02,-1.309647857577143637e-01,-4.248848589587946867e-01,-1.452433311753029421e-01,-4.637298119399953511e-01,1.735105404400871798e-01,-4.411150214232276712e-01,8.694502229461605058e-02,6.149071340854065371e-01,4.254859526841228701e-01,1.000000000000000000e+00,3.574883865622056067e-01,2.849366723068310625e-01,7.204690229813249802e-01,5.747581855785136584e-01,1.842834422781940984e-01,6.097021326307910938e-01,2.790768438125558748e-01,5.870752803941068493e-02,-1.969230226507183434e-01,1.048819252928199081e-01,2.420371161167431395e-01,4.046516921887993896e-03,-2.030456398832114484e-01,2.586277648127658368e-01,2.901884533068192495e-01,-1.062236584661533922e-01,-7.605340843311297894e-02,-5.140006502341205596e-01,-2.258641264810297977e-01,6.236364578615021664e-02,-2.986790725946393832e-01,-1.476850921026942043e-01,-6.544177139601088378e-01,-2.106761902633899064e-01,-9.286914638097477914e-02,-6.147071485902807497e-01,-3.700839980867789980e-01,9.676790708819822673e-02,-4.227250773995595567e-01,-1.912230006272530938e-02,-2.728081842513898070e-01,-4.873373440717528871e-01,-3.230532496992056801e-01,9.969698666023180111e-02,-2.161432260118876791e-01,-4.849528660952139303e-01,4.669783448544136129e-03,-3.356910795478368903e-01,4.618832100680381192e-02,-1.618504778236105057e-01,-9.555849779656827581e-02,-2.768612341500290008e-02,2.515624576872846352e-01,3.770325552584208317e-01,2.048534065714921193e-01,-1.272835662247821277e-02,1.948649568338080840e-01,1.451911974892720614e-01,7.421445321361594405e-02,-7.083051391744253633e-02,3.799328387948396057e-02,8.325016629459394690e-02,4.902771672155233768e-02,2.422916228769161073e-01
4.381459516249378711e-02,1.010829812561914870e-01,-4.492852600538910224e-02,-3.546242812685078127e-01,-7.972794484312115126e-02,-6.299183275148512173e-01,-5.177266178609278846e-01,-7.760012387072959816e-01,-2.283672949064455837e-01,-1.384381832667836987e-01,3.588380585921615018e-01,3.574883865622056067e-01,1.000000000000000000e+00,3.762818448115626824e-01,1.627492411184225107e-01,7.317394055393771080e-01,3.317338726377376812e-01,3.552913527062265819e-01,4.862609041113572506e-01,2.962124021451313372e-01,-1.413557775726395072e-01,4.507846073009186827e-01,8.971126200257127647e-02,-4.218477812126105730e-01,-6.093163541547651496e-01,-1.590837599405640346e-01,-2.228628924146360823e-01,2.723294597721135496e-02,-4.111725322092990575e-01,-4.251154815418356492e-01,2.438581220618239037e-02,-1.978954246525169713e-01,-3.574259312750813211e-01,2.913979038278504685e-01,-5.254355307894385124e-02,5.252598188496357956e-01,2.415146221260114634e-01,-2.838978101577768198e-01,2.332240132846940539e-01,1.321238747115037748e-01,-1.095555561986298054e-01,1.460071410770637235e-01,2.667653809006358401e-01,-6.195609245079426730e-02,-2.511328467962257172e-01,-2.980794253815510220e-01,-5.606203876015042331e-01,-4.199764376480965011e-01,-4.539855838397879317e-01,-4.947529219899364783e-01,-1.375916871549213438e-01,-4.582818147367817563e-01,-3.450767511711981816e-01,-2.937874012345065289e-02,1.116108181349993178e-01,1.565872617829233704e-01,-1.542449225558244208e-01,-1.059516998399785137e-01,-9.361501768469902840e-02,1.380846918229051146e-01,2.447359133890686655e-01,1.436680102016365812e-01,4.095205943312488772e-01,2.619620480989081623e-01,3.216621354374659125e-01,4.094567112650646656e-01
-4.853546119124834551e-02,-7.957145632277354275e-02,-2.870022524901495453e-01,-4.239405348782701588e-01,-4.699432876663662828e-01,-5.138721101203547192e-01,-2.512037587854816234e-01,-5.214438388300494109e-01,-6.717074190438002690e-01,-4.526049163248279522e-02,7.579712368370238318e-01,2.849366723068310625e-01,3.762818448115626824e-01,1.000000000000000000e+00,3.904283215409438124e-01,4.058670263666489531e-01,6.172692888625908036e-01,4.869707663207176740e-01,5.703783147244768648e-01,2.760782322603209105e-01,-2.613285788108942187e-01,4.284670085681793195e-01,5.584046125027782859e-01,1.988181620822819240e-01,-4.460277861570738356e-01,3.796636301831899929e-01,-1.980042064468643670e-01,-5.121696312212110636e-01,-5.260007614250871155e-01,-4.467569585995148085e-01,-5.427411119004469375e-01,-5.184748215878876021e-01,-4.813244969283341224e-01,-3.768299765926292344e-01,-2.865024689425222926e-01,1.388901615475542917e-01,-4.861049755620140966e-01,-4.876670212462708709e-01,5.778266047334180977e-02,3.998047098540236655e-01,1.771760319874336187e-01,3.877012751501528465e-01,1.128437794697246047e-02,-3.219159441222463891e-01,-5.749528706665418820e-01,-4.330357146785447364e-01,-2.454858329033620945e-01,-5.249984076926816901e-01,-3.599194383598969815e-01,-5.004169644703785336e-01,-4.336742434420359782e-01,-3.393747065702018562e-01,-4.059821096894599690e-01,-2.841554024210162233e-01,2.176829756594440141e-02,3.384512729591376834e-01,1.211542030955095328e-01,3.210315511706031133e-01,2.574085208690328752e-01,4.607818438610676304e-01,3.964853601715667142e-01,-5.058343107841695163e-02,1.600284195055505509e-01,1.131935087243107242e-02,1.243316910626166422e-01,3.079481090968684276e-01
-9.119804010535283167e-02,-1.905383425811480180e-01,-2.300118094165006510e-01,-4.254606192141743848e-01,-2.831785334524070663e-01,-3.317584300518581220e-01,2.935023878981046774e-01,-2.532640682012532451e-01,-5.840931192401700028e-02,5.917673822308368026e-01,5.216490762339373033e-01,7.204690229813249802e-01,1.627492411184225107e-01,3.904283215409438124e-01,1.000000000000000000e+00,4.150529347060680219e-01,3.144869710624987880e-01,6.512551899900704822e-01,2.514299462280241704e-01,-7.028576717046770839e-03,-2.255075650128864073e-01,8.581780004176554899e-02,4.110696546103739246e-01,2.634977207211962602e-01,-9.924730170490082826e-02,4.897875276877294293e-01,3.575517019428258725e-01,-3.115047265701531010e-01,-8.658422856027418735e-02,-5.004071421586341328e-01,-4.448841479572684943e-01,-6.027464888764724749e-02,-3.420915101804968272e-01,-4.433170551281573335e-01,-7.931168603408409457e-01,-4.139489223319605116e-01,-3.764141816592750378e-01,-7.074392103468885029e-01,-4.285596395553184501e-01,2.076753952846077111e-01,-2.626022827352832989e-01,1.108244425294418883e-01,-3.806099274682270273e-01,-5.635432253669019342e-01,-4.151826775151459814e-01,5.062710486057438869e-02,-4.934962123967875230e-02,-4.625979483936003556e-01,2.829966989621421694e-02,-2.672797780346551355e-01,-5.647513334099228677e-02,-8.364073450522796493e-02,-7.074182041056112369e-02,-1.030449368646487868e-01,2.351734467103343829e-01,4.309340383578445510e-01,2.768377712448658601e-01,1.474988106969840340e-01,2.876479157749535776e-01,2.392149462059647291e-01,1.169597039505605313e-01,-1.545218048897551433e-01,-8.160508192675894334e-02,-3.850100748200942138e-03,-3.275965526015037210e-02,1.565013952260009000e-01
-1.220793567021951839e-02,2.070548292248972772e-02,-1.223963378197516771e-01,-4.347599099796787270e-01,-1.330632702253000954e-01,-6.092797447744250361e-01,-2.912551772079907675e-01,-6.878388183842074621e-01,-1.432114306663331005e-01,1.409272559001158720e-01,4.349908095958563981e-01,5.747581855785136584e-01,7.317394055393771080e-01,4.058670263666489531e-01,4.150529347060680219e-01,1.000000000000000000e+00,3.382195461044769091e-01,5.458173264389857282e-01,4.896901235111702499e-01,2.187066929680056837e-01,-2.120833765617987643e-01,3.702848109341373428e-01,1.671679657650702033e-01,-3.316295806535752844e-01,-5.527889105969984174e-01,-2.773923726211433363e-02,-4.484951483465959149e-02,-6.315022156482402553e-03,-3.444138099661133157e-01,-5.343114849193597582e-01,-8.275334427926275827e-02,-1.329360795337590495e-01,-3.952296194689296494e-01,1.332971410925694877e-01,-3.546598406635135259e-01,3.335073801122231951e-01,1.320089580859456768e-01,-4.829480721099324581e-01,3.295859767192686057e-02,1.326903120714204021e-01,-2.347971682340715127e-01,1.153884823443283303e-01,6.605178655905678820e-02,-2.532516837009056165e-01,-3.250273673017019527e-01,-1.834474383708735168e-01,-4.922606105202823046e-01,-5.003076040302408822e-01,-3.252761717788761886e-01,-4.706307301154848965e-01,-9.892594980536670302e-02,-3.664420432786985038e-01,-2.862606519000430172e-01,-3.664758830717216448e-02,1.977166381865334555e-01,2.813889163524738168e-01,-3.856231223803602975e-02,-6.978491796101891909e-02,5.159956298951501839e-03,1.382409722918078177e-01,2.119786031879999366e-01,9.526244269070380244e-02,2.970982870197201309e-01,2.225027559933454857e-01,2.706465060200562989e-01,3.512605675503061020e-01
-5.226364891286995606e-02,-1.138261328224374064e-01,-2.649100215667419267e-01,-4.109676326905843391e-01,-4.295729072411012539e-01,-3.728346091147314301e-01,-2.779426792244787947e-01,-4.077862800721260839e-01,-5.607421877673176569e-01,-1.239092452530213551e-01,5.804405824489216048e-01,1.842834422781940984e-01,3.317338726377376812e-01,6.172692888625908036e-01,3.144869710624987880e-01,3.382195461044769091e-01,1.000000000000000000e+00,3.937983006255187379e-01,4.513671038804145663e-01,2.262213391123724382e-01,-1.922259844643090243e-01,4.652157239747473638e-01,4.942918503850532441e-01,1.290266240703362433e-01,-4.601674962894723442e-01,3.326563544233406278e-01,-1.849888607068829183e-01,-4.660748920601855416e-01,-5.023674962942021871e-01,-4.343752805987591281e-01,-4.821895437349147939e-01,-5.368368132999323805e-01,-5.116604937258050212e-01,-3.257716828861751401e-01,-2.295783296229433612e-01,1.581851865046758898e-01,-3.323705703164865910e-01,-3.657769392184601620e-01,7.408010030805314838e-02,3.669552280867845462e-01,3.161386055793714012e-01,4.499746892044098057e-01,-2.613204762632020603e-02,-2.214886555609062724e-01,-4.662987425200071923e-01,-4.186615851643539221e-01,-1.364944160701021814e-01,-4.055662321288351357e-01,-3.016937600386200846e-01,-3.727747414441223706e-01,-3.623041657900899493e-01,-2.469787555257587364e-01,-3.248069824537427874e-01,-2.898293260724155718e-01,1.680964739205430963e-02,2.683634844069495706e-01,9.333637082322515655e-02,3.380082947254883230e-01,2.148014938765758775e-01,3.763469890743761370e-01,3.314264381641847113e-01,-1.003704652225276273e-01,8.046860036240349734e-02,3.038706627213324206e-03,7.948716197744566669e-02,2.172988408337885036e-01
-6.189993513665939529e-02,-9.211911659230090366e-02,-2.175559840980157977e-01,-4.457152834374336070e-01,-2.780768596078962984e-01,-4.771882874776982586e-01,6.979914014311409953e-02,-4.303170131799882725e-01,-2.477470742375554591e-01,3.654911934946147856e-01,5.894815856965547329e-01,6.097021326307910938e-01,3.552913527062265819e-01,4.869707663207176740e-01,6.512551899900704822e-01,5.458173264389857282e-01,3.937983006255187379e-01,1.000000000000000000e+00,4.231486210839101592e-01,5.146692344929696544e-02,-2.982430968187344544e-01,3.067608057254628262e-01,4.374564773514838523e-01,9.467501801758351765e-02,-3.363674326704841344e-01,3.732892830584430555e-01,1.755223050998862278e-01,-3.054706794561381500e-01,-2.914678068522905674e-01,-6.044767533512619417e-01,-4.571364047577395895e-01,-2.124077300098798637e-01,-4.854015249360610351e-01,-3.181991444096209931e-01,-6.182827922778041385e-01,-1.036004217575287462e-01,-2.614326537925943383e-01,-6.519481972833102157e-01,-2.009920046140974415e-01,2.486447943810282946e-01,-1.988299538474709027e-01,1.207322611363018244e-01,-2.370070843505884262e-01,-4.799238982774483575e-01,-4.738892896370054397e-01,-7.858936318355477790e-02,-1.642631737828699756e-01,-5.186319175022069405e-01,-1.068508514709828189e-01,-3.694472825074981981e-01,-1.365051833767194078e-01,-2.104968188667722673e-01,-1.838316489757595984e-01,-1.066475897217344371e-01,1.916551243231448820e-01,4.093759132206644114e-01,2.210504633448409917e-01,1.492888849229915826e-01,2.674856355804297592e-01,2.675513690984457349e-01,1.906184199641826893e-01,-8.263165519402439207e-02,4.319979049286568756e-02,6.173939911059404817e-02,7.241949694556869266e-02,2.301708565135220097e-01
-1.630608916961874544e-02,9.081935406859982518e-03,-1.361088612224124195e-01,-3.282321068835286626e-01,-2.809924539742680860e-01,-4.916025292251561263e-01,-2.754413514169609112e-01,-5.396948295773801307e-01,-4.435177258367867803e-01,-4.631859141880678016e-02,5.267409593613121555e-01,2.790768438125558748e-01,4.862609041113572506e-01,5.703783147244768648e-01,2.514299462280241704e-01,4.896901235111702499e-01,4.513671038804145663e-01,4.231486210839101592e-01,1.000000000000000000e+00,4.781668843756714526e-01,-3.067610950026781191e-01,5.320599545737516589e-01,3.714737702411477493e-01,-1.177694050105523582e-01,-6.104700438548832375e-01,1.038154047382896933e-01,-3.458741819592583977e-01,-3.292672413479542093e-01,-6.156374724121467246e-01,-5.001768369649278734e-01,-3.248174554220792931e-01,-3.959403614352282608e-01,-4.277234839127234678e-01,-7.983925160953345146e-02,-1.225283327747095918e-01,2.785281904722820556e-01,-1.607455268700525575e-01,-2.736434632746563844e-01,2.049763566621121691e-01,3.142719146863063306e-01,1.991867728478868491e-02,2.670320702057963902e-01,2.225106002665069582e-01,-1.578225614077579941e-01,-3.999063650409142023e-01,-3.387562569815153468e-01,-3.900563682167616508e-01,-4.254368212254093229e-01,-3.624998326565522233e-01,-4.737179358635927318e-01,-2.449273375124072782e-01,-3.923956324117281458e-01,-3.557303884742205602e-01,-1.571610766251233526e-01,4.546267937529088060e-02,2.018990494135295133e-01,-6.247151320207417488e-04,1.133404859492649214e-01,7.004479004945277087e-02,2.717431657036906145e-01,2.646363698963267730e-01,3.049025470208623079e-02,2.543786646149959751e-01,1.028777554529445304e-01,2.025734420731522267e-01,3.420764503295681269e-01
-6.258695755927463911e-02,-4.944953446742332559e-02,-7.396302450988899435e-02,-1.421399946138401649e-01,-1.958161881084717892e-01,-2.461708588696616962e-01,-2.820892992585561365e-01,-3.093654709113702328e-01,-2.090002338340480603e-01,-1.228802063332672251e-01,1.920530556904161135e-01,5.870752803941068493e-02,2.962124021451313372e-01,2.760782322603209105e-01,-7.028576717046770839e-03,2.187066929680056837e-01,2.262213391123724382e-01,5.146692344929696544e-02,4.781668843756714526e-01,1.000000000000000000e+00,3.450954604434355866e-01,5.549376513787591669e-01,2.668015132272773537e-01,-1.318703294807424820e-01,-5.466914477612234702e-01,-2.727636573208022316e-02,-5.046684725113278480e-01,-2.991124034591349790e-01,-6.396372401776628802e-01,-3.571191969515158937e-01,-1.327404006692556315e-01,-4.372669884047274969e-01,-4.025672200754641938e-01,8.915241108160424158e-03,9.364815117620511886e-02,2.068526928608959703e-01,-8.458818055358352517e-02,3.246551159587063307e-02,1.717095899853550434e-01,4.995565202628382551e-02,3.373756825878165139e-02,7.750377062458116417e-02,2.368433420594215910e-01,2.867607238280281412e-02,-1.388435600948247917e-01,-2.591892482488095117e-01,-2.713440629806347926e-01,-1.173695353531121754e-01,-2.110451646351514388e-01,-2.106031819122311244e-01,-1.001129579859454943e-01,-2.002990537643253577e-01,-1.780703020764561051e-01,-2.321513223966320191e-02,-3.215034692219779361e-02,-3.495541193987768570e-03,-8.484237405257696873e-02,-3.606322147380408571e-02,-5.062721205508916716e-02,1.212165007300684966e-01,1.252754121930683140e-01,6.295819321412930367e-03,1.289735464694319322e-01,4.677927739438221544e-02,8.383859563658763170e-02,1.766709123053020469e-01
-7.470280203622234327e-02,-8.077920140738230337e-02,3.176119036281219166e-02,1.397856320062298707e-01,5.039888680939079435e-02,1.944880317463781594e-01,-4.755099550541517367e-03,1.910371757877911136e-01,2.178071374850513720e-01,-7.391172555556634050e-02,-3.068117336711910781e-01,-1.969230226507183434e-01,-1.413557775726395072e-01,-2.613285788108942187e-01,-2.255075650128864073e-01,-2.120833765617987643e-01,-1.922259844643090243e-01,-2.982430968187344544e-01,-3.067610950026781191e-01,3.450954604434355866e-01,1.000000000000000000e+00,1.707243166976815385e-01,-2.953527141571889517e-02,-3.541385697102853586e-02,-3.665768000643021551e-02,-1.225675596469531087e-01,-1.902303431789618693e-01,-4.377122584033052606e-03,-1.628551071837156528e-01,5.862943266297838268e-02,1.743424886880936275e-01,-1.781966380410463791e-01,-1.076278330702113983e-01,5.264188926923078771e-02,1.691736133149119026e-01,-7.427743731548509809e-02,3.676415410488885482e-02,2.235930578676987024e-01,-1.601319273795657680e-02,-2.625636681930917371e-01,7.696689290643015345e-03,-1.765646774681482734e-01,-8.940661865030008482e-03,1.486301668553812461e-01,2.299772197548538011e-01,7.485810110181441435e-02,1.254393006449541770e-01,3.053941063165517278e-01,1.384101068015005376e-01,2.796818092316784021e-01,1.691543496452997397e-01,1.785727012856772045e-01,2.139118238578257558e-01,1.875233495481059276e-01,-2.826950634284504382e-02,-1.754491019331798352e-01,-8.606890151661306110e-02,-1.610330517298638742e-01,-1.267058367599524782e-01,-1.362409554005106493e-01,-1.412738719237178475e-01,-3.867937828148979712e-02,-1.563450837313794251e-01,-2.225595460953804991e-02,-1.020308195427419851e-01,-1.756345354689354821e-01
-5.307565741743326682e-02,-6.535997540397792127e-02,-1.529508394268073446e-01,-2.958698002173993369e-01,-2.918736715315164987e-01,-3.967047630585182616e-01,-3.647419810670702311e-01,-4.718243078295354387e-01,-3.901170202473045467e-01,-1.995646188556759737e-01,3.645169111052536937e-01,1.048819252928199081e-01,4.507846073009186827e-01,4.284670085681793195e-01,8.581780004176554899e-02,3.702848109341373428e-01,4.652157239747473638e-01,3.067608057254628262e-01,5.320599545737516589e-01,5.549376513787591669e-01,1.707243166976815385e-01,1.000000000000000000e+00,3.693575849079976381e-01,-1.825605916604425560e-01,-7.335623003343723081e-01,6.679753002910567006e-02,-4.155629962726219429e-01,-3.394120963560370852e-01,-7.052248283342674728e-01,-4.634027176675682425e-01,-1.956224503676909365e-01,-5.525991505854288555e-01,-5.462317126324943706e-01,-1.324075461768823778e-02,2.242940198380373451e-03,3.094107038194168768e-01,-1.138964144076857893e-01,-1.927449230292932747e-01,2.470150250589398522e-01,1.540906877051040347e-01,1.059157377314655230e-01,2.103526651377448098e-01,1.907686680359066689e-01,-3.489946884546550609e-02,-2.798106466281531368e-01,-3.523542358888676063e-01,-2.783742722902741162e-01,-2.399910492439965570e-01,-3.290507211456671910e-01,-2.855384881092971616e-01,-1.476400924716776419e-01,-3.040961634273911529e-01,-2.042311409536959610e-01,-3.256565130303044897e-02,4.741691412806146866e-02,1.059939377613867972e-01,-6.112922997934278763e-02,2.811425994524200528e-02,-1.448988297487734979e-03,2.124538668094683447e-01,1.903800685839419082e-01,-2.400107679628007626e-02,1.705990365978038714e-01,1.287138986024536358e-01,1.374113159449867061e-01,2.276624741670451868e-01
-6.852287722912833723e-02,-1.332754277626470585e-01,-2.580999477128621544e-01,-3.586699847745299374e-01,-4.319237406672043478e-01,-2.750480105742874049e-01,3.237691861616720512e-02,-2.173237475216279191e-01,-4.341941251708365535e-01,1.456366648917517270e-01,5.436755163249082923e-01,2.420371161167431395e-01,8.971126200257127647e-02,5.584046125027782859e-01,4.110696546103739246e-01,1.671679657650702033e-01,4.942918503850532441e-01,4.374564773514838523e-01,3.714737702411477493e-01,2.668015132272773537e-01,-2.953527141571889517e-02,3.693575849079976381e-01,1.000000000000000000e+00,4.981439646008947730e-01,-3.598046662476679924e-01,6.274589216642826317e-01,-8.856002165208967658e-02,-6.989543407827822907e-01,-5.116393711642129860e-01,-4.794402238000119443e-01,-6.467359597115616143e-01,-4.907931180195378440e-01,-5.437346258746412753e-01,-5.094363476860005457e-01,-3.600798792735720455e-01,-1.679552790293325493e-01,-5.309255789424314198e-01,-4.181481636825414294e-01,-1.792626000276065779e-01,2.358988871186157854e-01,8.400277561676491866e-02,2.356425319199207946e-01,-1.927693154258970643e-01,-3.481905438036268507e-01,-4.344616316834866154e-01,-2.316095099258377588e-01,7.901823959774239778e-03,-3.256856223383793325e-01,-1.102994195703859981e-01,-2.428238215236091235e-01,-2.996057193624179771e-01,-1.093177034743554182e-01,-2.021346180237024726e-01,-2.119494430953710595e-01,1.372400082140103755e-02,2.804924390175347892e-01,2.329289927555360795e-01,2.995260010891661606e-01,3.218813089011300366e-01,3.411649411740714788e-01,2.598857336055256928e-01,-9.178442255284212370e-02,-4.419773500321740739e-02,-4.321012683461535747e-02,2.056697151080320515e-02,1.267423782212440952e-01
