1.000000000000000000e+00,4.017250276742585502e-01,3.431720105440593249e-01,3.393667234880288208e-01,1.417047731682042899e-01,3.517702457041512187e-01,1.654976154053544313e-01,-2.099160009064173979e-02,-9.403508058597100094e-02,1.520993951061711501e-02,3.441864203481614370e-01,2.601829523217817908e-01,2.179013122399737490e-01,3.362526260061585170e-01,9.236745359491840834e-02,9.671212216469850242e-02,1.551571992160629687e-01,2.928763289776199069e-02,1.049259906799709652e-01,3.798667436001385012e-02,9.393826681146885682e-02,6.988172990664132112e-02,-1.092274040552934124e-02,9.047586365220945670e-02,8.028002813957776929e-02,-5.133876568941900254e-02,2.184335112711972837e-02,-1.164369232468066839e-01,-4.661686457214079919e-03,-7.441094553183168203e-02,-1.114169431847407271e-01,-1.237422814064670362e-01,-1.412995727975411564e-01,-8.932986958635842634e-02,-1.490986327430747216e-01,-1.746867558552957778e-01,-1.137688276862487552e-01,-7.412602651065597348e-02,-5.304315250489071570e-02,-1.769676617102406424e-01,1.736918162160470958e-02,3.286856506904749925e-02,-2.015550798210923034e-01,8.114651745479573020e-02,-8.300680227780415921e-02,-2.261546301931347536e-01,1.838803138510104462e-01,-2.041271416380421311e-01,-3.769416916743165702e-01,-1.576934757456991895e-02,-1.652666016383370906e-02,-2.799609421275570664e-01,2.987914508560602506e-02,-4.292670016009430406e-02,-9.836625520741848483e-02,1.123068744231545402e-01,2.197150807676757911e-01,1.468779733695422807e-01,1.699976917060632420e-01,8.995318041384507690e-02,-7.093829381039798432e-02,3.034746431209498982e-02,-7.527693842408481051e-02,-1.352094870794363912e-01,-1.008302683471711120e-01,-1.547560025319214272e-01,-6.529696641757801179e-02,-5.616812832705090491e-02,6.787056109480368860e-02,1.213656908920955346e-01,1.012063322445064112e-01,1.521044021555797709e-01,2.251637052786003290e-01,1.057693203687068290e-01,9.687601369537519880e-02,1.814891762118971130e-01,1.604271715302022991e-02,-1.235923759977177600e-01,-9.814366741635024982e-02,-7.498044919274982067e-02,-2.171299455408278734e-01,-4.138187623923297170e-02,-1.771753176727961232e-01,-9.280110189496736106e-02,6.025843190737645294e-02,-1.227709566165208349e-01,-9.047646564026964877e-02,-3.196870161353985995e-02,-4.442864373380838589e-02,1.627560750035206977e-02,-8.805212692469411434e-03,1.022020316027088260e-01,5.150331495150172606e-02,-3.602393624525652982e-02,-4.777682735247065077e-02,-4.187626024233492145e-02,-4.387282292444583121e-02,-2.962629233548773333e-02,-1.203710525219022637e-02
4.017250276742585502e-01,1.000000000000000000e+00,4.379179862524933964e-01,4.278695586935895023e-01,5.202486728004256378e-01,5.821037822700712017e-01,5.343227840856034083e-01,2.994048951581040896e-01,-1.942466975445175659e-01,2.538205754577676498e-01,3.497931172300884906e-01,7.871515024823291795e-02,-3.516500420288851125e-02,2.097209054366950542e-01,-1.902595843809090637e-01,-1.035759160395533784e-01,-3.908461054398683354e-02,-2.024263762842388459e-01,-9.243737306119627350e-02,-1.606442795322197692e-01,-4.184935960861867373e-03,-4.258620220846212612e-02,-1.249343625690283871e-01,7.139297235687772081e-02,2.131301901466245430e-01,7.144239976040023254e-02,1.713943172981898244e-01,5.685757252888314767e-02,8.744979907203866143e-02,1.421774327748130951e-01,2.492562773620267402e-02,-2.141727305294462147e-02,-1.028285043289261513e-01,-1.419359772201404246e-01,-2.743256677953863631e-01,-2.360946254110851406e-01,-4.155124157680879088e-02,1.217330846187080207e-01,-8.622726425033082343e-03,-9.703678419208777370e-03,1.657848382000834120e-01,-1.352239538371170649e-03,-2.495025441411139744e-01,-1.886465730429218723e-01,-8.346406285167155825e-02,-4.863478663949627467e-01,1.002217819430303684e-03,-5.222149248963480206e-01,-4.359761287470133029e-01,-1.730881469534851780e-01,-3.915179767758974472e-01,-4.324647080203114502e-01,-8.344601474575787103e-02,-3.042860767167549496e-01,-1.693190242851599636e-01,1.322581795683921979e-01,3.218770590789157837e-01,1.653837055150560453e-01,3.202468306219684036e-01,3.073332465747890541e-01,1.845365000902399744e-01,2.513210231063360278e-01,1.317248005097123864e-01,-1.121027330338579889e-02,2.122877720569713300e-01,4.593978159247245896e-02,5.657604374885392279e-02,5.404351483996570199e-02,9.247461009175247937e-02,1.276560046432408391e-01,-2.894775799192719073e-02,1.304469214997432402e-01,1.106246937013579679e-01,-1.033394564630230605e-01,1.345487919662719245e-01,1.252814893127500717e-01,-7.361596464915861650e-03,-2.556258367473769888e-01,-1.488592437918647262e-03,4.654003800209761260e-02,-2.525769961342415049e-01,1.725025722362701422e-02,-8.586379998722848406e-02,-1.409944337291937910e-01,1.174703732623630648e-01,1.658581123234147137e-02,8.204705065876956305e-03,-8.363749745453265272e-02,-8.844714339470864661e-02,-4.973540385717480083e-02,-6.909705789256506692e-02,1.286110561414585129e-01,1.235152841474051050e-01,1.020106789106079402e-02,6.260502019476749461e-03,5.518243763724465546e-03,1.011064044661278381e-02,2.443304320034275084e-02,3.078333690821653118e-02
3.431720105440593249e-01,4.379179862524933964e-01,1.000000000000000000e+00,8.436514064434317284e-01,-1.652576605750709707e-02,5.947670345251532265e-01,1.190424161983655998e-01,2.979057274185090143e-01,1.288760550340889433e-01,2.922393642740294672e-01,2.854196405112774948e-01,3.513480475953179027e-01,-4.050613060089463396e-02,3.019599949047451770e-01,9.928475940214975815e-02,-1.985442573242029718e-01,6.210223464631354356e-02,4.665818104599870285e-04,-7.046817211254433055e-02,5.686656627120689061e-02,9.267622346804740840e-02,4.314460207632293820e-02,-4.491887545655508934e-02,2.161865145677504575e-03,2.577420778780515481e-02,-1.867054281255057235e-01,1.126168483711471359e-02,-1.920176862327815370e-01,-1.452578915847462238e-01,-9.927374780854965330e-02,-1.171037220081269092e-01,-2.014287133042442779e-01,-2.337092406561610269e-01,-1.621316166501601541e-01,-1.555108180349077662e-01,-3.534038012649946547e-01,-3.687520678117365280e-01,-1.496851903966957553e-01,-2.374835006174129404e-01,-1.652191200741671417e-01,1.003318746258797522e-01,2.933597571113228386e-01,3.729175285061176598e-02,2.560564818953993127e-01,2.662781828911965354e-01,-1.816809611757769782e-01,4.210321398748116950e-01,-2.883743364492642458e-01,-4.947584320061496066e-01,-4.362594678653803904e-01,-1.479186916389276241e-01,-4.556563129283907054e-01,-3.619064517850207330e-01,-2.632883617215364680e-01,-3.582398530210486043e-01,-1.394249935798434759e-01,1.847098674872925672e-01,-3.357863227537699613e-02,9.958495885788906654e-02,2.206166715177439730e-01,1.065811555479704020e-01,2.392771496596817205e-01,1.135057353759004184e-01,1.410931023234324733e-01,1.639527562763920809e-01,6.456767425127356297e-02,1.592170994165226505e-01,-4.123425232393391343e-02,1.064664545304697674e-01,4.029938854695073319e-02,3.732101559382047795e-02,-7.331243011143057098e-02,1.579876956645047958e-01,-3.381734368954234654e-02,-1.339888123436573097e-01,8.174681749701681599e-02,-1.638377920944110722e-01,-2.579019134496348120e-01,-1.839013698586149104e-01,-5.191306573905053734e-02,-2.046966663638310202e-01,9.587069937098178715e-03,-1.559597998998184798e-01,-4.864759519690321776e-02,6.919240730694622976e-02,-1.025846258179810983e-01,-8.382800390717211336e-02,2.590154923307556867e-02,-1.627819738678760314e-02,3.820622870111890779e-02,-2.093417536779723989e-02,1.175645546190881296e-01,6.846213486615251864e-02,6.605455133790237576e-02,-1.894539731707406416e-02,2.726583899357266916e-02,3.025194471340214228e-02,1.372336112398250471e-02,3.981445569899783737e-02
3.393667234880288208e-01,4.278695586935895023e-01,8.436514064434317284e-01,1.000000000000000000e+00,5.653243841975135082e-03,6.514673198700784429e-01,1.619178854525837319e-01,3.151747659840674065e-01,1.481976606509724792e-01,3.328943131220385987e-01,2.948286641819617415e-01,3.723837106161391186e-01,-3.228558289382325863e-02,3.166928058087642439e-01,1.116413101851475853e-01,-1.989222438777626389e-01,6.994372157889648667e-02,1.841965987051517872e-02,-7.069196433258109757e-02,5.724460628102296528e-02,1.005746391756406899e-01,3.775905579183549965e-02,-5.022365799820124876e-02,-1.268893041746196361e-02,1.420231353185953498e-02,-1.959650565147245393e-01,8.811826214994598547e-03,-1.959578861863447707e-01,-1.471930533525787066e-01,-1.007247147244493130e-01,-9.886464358196005164e-02,-1.825605224862496268e-01,-2.266791316910716225e-01,-1.638816739125691369e-01,-1.672679558465841876e-01,-3.578878768555019962e-01,-3.800862516164209004e-01,-1.389799265240284076e-01,-2.532278122697677603e-01,-1.686157364316863139e-01,1.014670655715486508e-01,2.864880123514922938e-01,2.702598285731892813e-02,2.519828004536376342e-01,2.676572063153077052e-01,-1.958575966295310611e-01,4.126133561309432429e-01,-3.043307442886003522e-01,-5.186353436735295919e-01,-4.493744971255554388e-01,-1.713162818942291221e-01,-4.790228688126088596e-01,-3.704578087573543455e-01,-2.725695699508735581e-01,-3.569631244224936717e-01,-1.417445792728823095e-01,1.969558701460634165e-01,-3.366420422355831388e-02,1.095589872448450297e-01,2.126544129627451207e-01,1.219682164523031159e-01,2.465005736923270019e-01,1.310944369180809810e-01,1.475135380846828714e-01,1.767855328403423743e-01,8.750824447666484540e-02,1.566891799062736790e-01,-2.843810039744750981e-02,1.338639473838361960e-01,3.860643415170863374e-02,4.898428423926113467e-02,-7.117816318835773481e-02,1.462517807448722174e-01,-3.586300702565596576e-02,-1.316067820667327914e-01,8.538709749907952284e-02,-1.621804243304313109e-01,-2.640510216548895839e-01,-1.873569655853442040e-01,-5.367719276967810454e-02,-2.109486270712550016e-01,7.409566722988115799e-03,-1.675265409657800686e-01,-6.692449262979190128e-02,7.140977480369475883e-02,-1.114330682259743466e-01,-8.990460454123462564e-02,1.224369764541937897e-02,-1.564080913860456390e-02,3.229908159272726342e-02,-2.891672108419598292e-02,1.231468783929490357e-01,7.898254785978248149e-02,5.049760090314943384e-02,-2.433958877905418108e-02,9.122670277734142366e-03,1.822876288622011717e-02,1.199605254337995398e-02,2.811545770287981333e-02
1.417047731682042899e-01,5.202486728004256378e-01,-1.652576605750709707e-02,5.653243841975135082e-03,1.000000000000000000e+00,4.975443713345267249e-01,6.241740687669425913e-01,3.911292821556109911e-01,-2.466712666905273021e-01,1.575338225287304106e-01,1.308312324568958185e-01,-2.324593399478281086e-01,-1.912790200620735348e-01,-8.672434112231404424e-02,-3.922347376559490173e-01,-1.569364602767448769e-01,-2.247657494593884864e-01,-2.686110868682283215e-01,-1.869587602101874524e-01,-2.689582585357060962e-01,-1.125777090709609435e-01,-1.197324302025451065e-01,-1.264786911714197715e-01,6.948684539229969814e-02,2.148027848773120252e-01,1.705361612067613775e-01,1.544520750415755150e-01,2.127799310480925354e-01,1.639582762940905714e-01,2.489802834612976079e-01,1.909746094090893631e-01,1.293806212837331493e-01,5.273355797426133862e-02,-8.840529365511501370e-02,-2.557602996988725952e-01,-5.442189283712582648e-02,2.126594370451484195e-01,3.482227830521368861e-01,1.582103335097414520e-01,1.962272174244434342e-01,2.421108439644526211e-01,-1.288609266187329128e-01,-1.987678761759752721e-01,-3.900191709513031735e-01,-2.048361875430749490e-01,-5.166195881397140921e-01,-2.526634371296170301e-01,-5.201291404290220299e-01,-1.401196956321028864e-01,-2.193743144420833360e-02,-5.103215714622474364e-01,-2.424444900819856807e-01,4.853060004454552712e-02,-3.241796484162259850e-01,1.039807554071917571e-02,2.026910089218140754e-01,2.384469480168538436e-01,1.705281427098102875e-01,2.982342902929368544e-01,2.678801917749999983e-01,2.809355104640579026e-01,2.050159553191737705e-01,1.679348005523033649e-01,2.872094613507529537e-02,1.767536441281652437e-01,1.434819114526399153e-01,-5.794878003105587670e-04,9.778108227404387620e-02,1.404918455132952715e-01,1.187106160338643607e-01,-2.860011690203207585e-02,1.695786478557833321e-01,-1.245255253374601264e-03,-1.297917061362973967e-01,1.920090767828484812e-01,6.630406128272457733e-02,6.313744148165860437e-02,-1.697294938878399773e-01,1.166482370996892032e-01,1.464533569466381913e-01,-1.323352052347029351e-01,6.374770564942036644e-02,1.504294172682867602e-02,-9.573957562378575259e-02,1.609500975012474744e-01,1.164186289950608216e-01,7.357092609172914688e-02,-1.054565185313746656e-01,-1.250950000325271039e-01,-9.855491254649573207e-02,-1.122956054763374900e-01,7.074383380901821949e-02,8.096787145309075617e-02,-1.190395547588582112e-02,-1.917552671000278056e-02,-9.812157333052840685e-03,6.875548427087767485e-03,1.244242221541650047e-02,3.772423073185459524e-02
3.517702457041512187e-01,5.821037822700712017e-01,5.947670345251532265e-01,6.514673198700784429e-01,4.975443713345267249e-01,1.000000000000000000e+00,4.932951859019415464e-01,5.449629676843610326e-01,2.835341662624058304e-02,3.553690049413475438e-01,3.300128945431031191e-01,1.770829379372438062e-01,-1.182519452825163686e-01,2.299143102496533642e-01,-1.363844843387140571e-01,-2.339383723089360767e-01,-5.450587826319900492e-02,-1.063642150100789358e-01,-1.671596931914361428e-01,-1.023259657037227793e-01,3.188176740117160818e-02,-3.059439290764828095e-02,-9.016958264779717513e-02,2.357758859962703207e-02,1.292604653320997832e-01,-5.572769359316592092e-02,8.221403554735307040e-02,-3.868049407776825988e-02,-3.208374207009227763e-02,4.119866868491763034e-02,3.739249101225858903e-03,-6.359521636046308601e-02,-1.378734234725166319e-01,-1.488774982453089646e-01,-2.746611116831361166e-01,-3.591449349980150307e-01,-2.111034794725215047e-01,4.642785021099912063e-02,-1.391203796482630983e-01,-5.647228596073609191e-02,2.031253701122471833e-01,1.475537687730718583e-01,-1.221095266866055185e-01,-2.186773064343026929e-02,7.964630199042681269e-02,-4.721831916721739297e-01,1.892595770726825388e-01,-5.298157404623996536e-01,-4.931028784006538102e-01,-3.787517874324344835e-01,-4.046775465755391155e-01,-5.194104378703620073e-01,-2.849705513872021201e-01,-3.709497681040167527e-01,-2.924780228940038196e-01,-9.675461297810010811e-03,2.770545381420312370e-01,6.010235408567839166e-02,2.623913646483078677e-01,3.175346830647573504e-01,2.166541576466907426e-01,2.824733725373532178e-01,1.950090275401853424e-01,1.195646037900182923e-01,2.038351476273733143e-01,1.161462851666339308e-01,1.238358610124142695e-01,1.325022151181121446e-02,1.650803488052617340e-01,1.353231151592330372e-01,8.783779784607713415e-02,5.815305268582101478e-02,1.848627208861284565e-01,-4.541837777188103414e-02,-1.408738824311571436e-02,1.503273571184441382e-01,-1.119281557365942037e-01,-3.214091122042626036e-01,-1.418543867703031813e-01,5.911950678151464689e-02,-2.322551264450583852e-01,6.798171356683077593e-02,-1.447694136341801108e-01,-3.530726949913046836e-02,2.005174878532104688e-01,-5.127068126215401228e-02,-8.720760710280282824e-02,-4.496491431754326418e-02,-1.111510878378799000e-01,-1.084100048929456835e-02,-1.064430177395487009e-01,1.422124226728420093e-01,1.041637865089221904e-01,1.106689524189355400e-02,-5.343169103553927629e-02,-1.213638538669404958e-02,-2.269361235515705150e-02,-7.655210560695625312e-04,4.345504869959983425e-03
1.654976154053544313e-01,5.343227840856034083e-01,1.190424161983655998e-01,1.619178854525837319e-01,6.241740687669425913e-01,4.932951859019415464e-01,1.000000000000000000e+00,3.689096393397141016e-01,-1.963599359739061079e-01,2.950158968933467296e-01,2.737899717835179936e-01,-1.318800789546531460e-01,-1.019849426791293867e-01,5.494191800723858404e-02,-3.373566029473125116e-01,-7.896662907240140084e-02,-6.525936571999972624e-02,-2.191744150250961587e-01,-5.542284113366328230e-02,-1.549321335326268034e-01,2.902453408746655944e-02,1.099031768128198860e-02,-1.520343684627142311e-01,8.302778839893065754e-02,2.407608206627471492e-01,1.515474621950285428e-01,1.708797203883034299e-01,1.337634932317032233e-01,1.612244650061109841e-01,1.915519480540572861e-01,1.171039681765564111e-01,4.862025596693492213e-02,5.680699688539782993e-02,-4.934255774387052984e-02,-2.599661630146776758e-01,-1.292904979030619350e-01,1.203439427532662781e-01,2.608309078861247854e-01,7.181198087714228684e-02,1.199079104114930544e-01,1.556275154131871730e-01,-2.012487909590894852e-01,-3.590808053458704463e-01,-4.300059604705502858e-01,-2.128796862924072220e-01,-5.212952666321915007e-01,-2.729069204770077639e-01,-4.559085260141306217e-01,-2.239076966581088068e-01,-8.459786207705224936e-02,-3.924194491514469418e-01,-2.737243579541224214e-01,-1.518010627470802072e-02,-2.521068404563084897e-01,-2.803943980785968473e-02,1.477498391339245598e-01,2.457946268951185786e-01,1.221950539851921480e-01,2.983878297112484423e-01,2.142774353859742686e-01,1.489154602212950373e-01,1.699959372782972877e-01,1.119686597355040308e-01,-3.782093261279573237e-02,1.590330998234307514e-01,5.699863009774590317e-02,6.531691797742490702e-02,9.825896169893154342e-02,1.349630425914143672e-01,2.159166397469807208e-01,1.191749398400309412e-01,2.582937651920474420e-01,6.767064537291707371e-02,-3.855450466476438576e-02,2.585411666552361876e-01,1.239260356141151237e-01,1.456706860611884646e-01,-1.540241340638112411e-01,9.182701369750469189e-02,6.825419369006362202e-02,-2.122983832759494927e-01,-2.244165415639205047e-02,-7.091653875782136240e-02,-1.507956288285050295e-01,1.045869093781262582e-01,1.338222512113529383e-02,5.005401881321007440e-02,-1.060839046376409328e-01,-8.941068101281811342e-02,-3.466955884266900711e-02,-8.584276509356955631e-02,1.548234934999630219e-01,1.169120734502224201e-01,-5.822621282297952422e-03,3.680648613563981125e-02,2.554380938838041876e-02,-2.617533509916059042e-03,7.344310230461613409e-02,3.972559916356806220e-02
-2.099160009064173979e-02,2.994048951581040896e-01,2.979057274185090143e-01,3.151747659840674065e-01,3.911292821556109911e-01,5.449629676843610326e-01,3.689096393397141016e-01,1.000000000000000000e+00,2.074824927304269873e-01,4.872092977701704686e-01,-1.647452040419617250e-02,-8.791047973676206773e-02,-4.880019165348202792e-01,-1.006645586620178168e-01,-3.055141900163917401e-01,-4.831038305558906232e-01,-2.693709846568927424e-01,-1.952061396037164664e-01,-3.296558513278654567e-01,-1.704287972654538186e-01,-7.174679507391187872e-02,-1.223379351492224348e-01,-1.605572233869954624e-01,-9.718014910176386856e-02,8.927808427360481303e-02,-1.587125730250889960e-02,1.003987343205516303e-01,8.599504779320750469e-02,-4.807003154410591922e-02,1.053014935284217191e-01,1.191430104711368038e-01,5.302552618524403877e-02,2.493638730294447242e-02,-7.030646425812153710e-02,-1.410463442113303878e-01,-2.187753343481746160e-01,-1.115668674527019594e-01,1.182529447176921961e-01,-1.188369155749849082e-01,1.210347147886241953e-01,2.126705222127543704e-01,1.561458051242280431e-01,9.522408880378790963e-02,-6.633451630426095980e-02,2.624260233987507074e-01,-2.214719740548932725e-01,1.298488061197917709e-01,-3.116130569973497577e-01,-1.530050675237544511e-01,-3.873859753191767341e-01,-3.775093425141970993e-01,-2.718199282484726198e-01,-3.332479153641717540e-01,-3.230102984267338440e-01,-2.070789421754326842e-01,-1.408062220597738057e-01,6.950058887854970724e-02,-1.521676592084821034e-01,1.155517750289970225e-01,2.229298210537565827e-01,2.751634469527439175e-01,2.521924207726647382e-01,2.984615571736890516e-01,2.919454291489391173e-01,3.011268492564887489e-01,2.876185588973064755e-01,2.177555637208901940e-01,9.061346485083422719e-02,9.340866044339357632e-02,4.144274328298164223e-02,-8.149737525073634525e-03,-1.116706837153911974e-01,-2.170619558874466171e-02,-1.961561562429465500e-01,-1.313928576989409625e-01,-8.643599161841545447e-03,-1.935481509986470838e-01,-2.784935119644275092e-01,-1.053330521068595108e-02,2.313100661571744765e-01,7.950842066044185377e-03,2.191278274121785941e-01,1.102727189352468856e-01,8.369486560074478054e-02,2.674062855514214299e-01,1.448215629490653689e-01,-1.447259057338475549e-03,-2.935980682535896738e-02,-1.273037319847900306e-01,-8.456364263225114863e-02,-1.437147208263894194e-01,2.221310809133428613e-02,9.843249524013925056e-02,1.118449748543639544e-01,2.790559769543596302e-02,7.967564398470607101e-02,6.333132591766714448e-02,4.542219267657391507e-02,5.667145907003761501e-02
-9.403508058597100094e-02,-1.942466975445175659e-01,1.288760550340889433e-01,1.481976606509724792e-01,-2.466712666905273021e-01,2.835341662624058304e-02,-1.963599359739061079e-01,2.074824927304269873e-01,1.000000000000000000e+00,1.922824322199366553e-01,-1.170217273805429226e-01,2.889624024516327938e-01,-7.283296450509624265e-02,1.091684578696336533e-01,3.303143440941183617e-01,-1.350328268904145979e-01,5.999674563214352219e-02,1.527183780746109443e-01,-6.317390000673964168e-02,1.240903872571894329e-01,-4.035147293401814342e-03,-1.809963436797618064e-02,3.620263706776756518e-02,-1.869556882023526712e-01,-1.854667718244750463e-01,-2.592443531488375918e-01,-1.493196469084706879e-01,-1.406721180928653114e-01,-2.203298139026902691e-01,-1.763705630597449947e-01,-1.129863447678965682e-01,-6.882892647709203116e-02,-1.378086662872230958e-02,5.074723579125646261e-04,1.477019784902857402e-01,-4.806596328755574632e-02,-2.085892888157574176e-01,-2.095681566186665123e-01,-2.470079763197825240e-01,-1.244777254595342414e-01,-6.215907998246686383e-02,1.594933785106146806e-01,2.455495114514642252e-01,2.850388893910095200e-01,2.888807554945574951e-01,2.578272752159332937e-01,2.553831748737435681e-01,1.951333274765311709e-01,-6.334679580081175980e-03,-2.601186877763171368e-01,1.782555935708990402e-01,-1.741985988332864915e-03,-2.688493007169495130e-01,3.544483015039832235e-02,-1.271778333638428349e-01,-2.427995437197662532e-01,-1.892169350045355691e-01,-2.229437303045248286e-01,-2.134735945236958254e-01,-1.409360293278568155e-01,-2.111028608096164605e-02,-4.592614636407761630e-03,4.234531908062935668e-02,1.603904755586739173e-01,1.947726941521705016e-02,1.008705505243652351e-01,5.571694951361233494e-02,-4.346439346561515281e-03,3.157787871499161125e-02,-1.222243444415689190e-01,5.563776972275550486e-02,-2.272261706595946062e-01,4.692713044388682753e-02,9.254288214223235776e-02,-2.675366088636009776e-01,-3.279202244208480332e-02,-1.807242203381396184e-01,1.589402077982154590e-02,-2.151276763501931699e-01,-2.030186414496657973e-02,1.464984200202093523e-01,1.033600648692361429e-01,-3.234735562871868340e-03,1.851773547889922766e-01,5.337837319095238564e-02,-1.044611084099829751e-01,-1.260933333757905672e-01,4.969659087454459528e-02,-3.295370417246416134e-02,5.912451591899462594e-02,-3.409136361175713753e-02,-4.912205717787458681e-02,-8.437061259383640821e-02,-4.823153230520789425e-02,-1.978317295779488671e-02,-2.797313129550373784e-02,-7.818035384890548167e-02,-4.644992869071769281e-02,-6.831308734090739410e-02
1.520993951061711501e-02,2.538205754577676498e-01,2.922393642740294672e-01,3.328943131220385987e-01,1.575338225287304106e-01,3.553690049413475438e-01,2.950158968933467296e-01,4.872092977701704686e-01,1.922824322199366553e-01,1.000000000000000000e+00,1.836387139266425217e-01,1.459903016495050221e-01,-2.529490089207886427e-01,1.535588799787474534e-01,-1.289867500289373081e-01,-3.301280781588479818e-01,-6.726781411726952264e-02,-1.511661547731381339e-01,-1.839527690255425008e-01,-8.637885617932530846e-02,1.317360099738260418e-02,-2.150230474215534746e-02,-1.407674739963724053e-01,-8.492823835215843054e-02,4.335873657019602423e-02,-1.269268049283946154e-01,6.401947044029383804e-02,-5.114073035042016394e-03,-5.990669627659152979e-02,5.622657668748421572e-02,7.332898893095109172e-02,-1.470412776999271802e-02,-1.592413534065787589e-02,-1.165896514415887403e-01,-1.887081092398792126e-01,-3.061750026144245962e-01,-2.596404472452219503e-01,-1.261406749409391820e-02,-1.640742357844588439e-01,-1.160498380556613390e-02,1.586779724217096399e-01,8.040941269154923410e-02,4.532111202635973751e-02,-3.722772685073887089e-02,2.018914845297742622e-01,-2.613186554099528602e-01,1.304166947267398069e-01,-3.144797712483912155e-01,-2.413287174526811130e-01,-4.277496253369372226e-01,-2.911539277670756043e-01,-2.974609481715295711e-01,-3.748129311883723891e-01,-3.030379228453583540e-01,-2.211576651850657438e-01,-1.627129186028884733e-01,1.112662751647951337e-01,-1.738266638272467079e-01,9.386035416041263457e-02,1.616298933820889960e-01,2.158800331188893140e-01,2.258117654053666545e-01,2.410233080299897801e-01,1.995856213021834635e-01,2.506369441732876902e-01,2.434463175283053948e-01,1.541177423883363373e-01,1.347763143436844259e-02,9.397627197674496280e-02,7.439981727356546892e-02,4.995663447474651964e-02,-5.236832291807511086e-02,2.855616163669689664e-02,-1.250640967854075858e-01,-5.939640814635492594e-02,4.889996871681853707e-02,-1.270228672072950815e-01,-2.576698770560141849e-01,-4.770163257187799710e-02,1.026034012473465012e-01,-8.898226279031312691e-02,1.198601779098596581e-01,-9.387580851162624293e-03,-1.038083955024854919e-02,1.756928701969131534e-01,3.280001730229231693e-02,-1.920446995899136380e-02,-1.486939585867559296e-02,-3.796166619333318087e-02,1.963033132400657590e-02,-4.061658899013634305e-02,1.086978937128922212e-01,1.348836536328726077e-01,1.072747698463840382e-01,4.437174322764084883e-02,8.161764143095605328e-02,6.631639605559706829e-02,4.441438410619754501e-02,7.159426097284496415e-02
3.441864203481614370e-01,3.497931172300884906e-01,2.854196405112774948e-01,2.948286641819617415e-01,1.308312324568958185e-01,3.300128945431031191e-01,2.737899717835179936e-01,-1.647452040419617250e-02,-1.170217273805429226e-01,1.836387139266425217e-01,1.000000000000000000e+00,4.571532147086059816e-01,4.565824734693198494e-01,7.309155355457105374e-01,1.138373438796333598e-01,2.485063101027205623e-01,2.944570681717341154e-01,-5.448972695671613214e-02,2.049944107782982194e-01,8.342701223302118052e-02,1.310902967290942245e-01,1.025058408264883647e-01,-5.053088170524028949e-02,1.181784758725823864e-01,1.293680814631836540e-01,-6.542266780764598166e-02,7.221281804449709851e-02,-1.773968951579593945e-01,5.449781710544641250e-02,-4.029890109817788058e-02,-1.197695607804199064e-01,-1.719895552163900609e-01,-1.689259195879936060e-01,-1.334311378077269183e-01,-1.878998849453265563e-01,-2.748397851679337811e-01,-1.918488831737399924e-01,-1.415463824469386789e-01,-7.955238666965136485e-02,-2.495659419365661158e-01,-4.278658414545380428e-02,-1.171243466309480202e-01,-2.470654716285774766e-01,-5.110166211734321062e-02,-1.959706434968195576e-01,-3.432010187523197864e-01,5.848609401006849527e-03,-3.155527971128579967e-01,-4.825262817338450971e-01,-6.872456912942062623e-02,-7.416575019024625182e-02,-3.776615837641417728e-01,-2.147380790861035463e-02,-1.355887538624631905e-01,-1.662263176947811893e-01,8.766028218813548545e-02,2.783848974454162795e-01,2.194153429183162973e-01,1.716774597174234307e-01,1.503576736016793980e-01,-3.327930523148547176e-02,1.128988027187590171e-01,-1.142390596982655569e-02,-1.380044466937608849e-01,-7.455568102931466393e-03,-8.618137535881344180e-02,1.842520286091411247e-02,-3.662068052651848427e-02,8.521254602578566539e-02,2.065412275090325045e-01,7.611052133865177372e-02,2.726528295204099228e-01,2.763385790482784099e-01,1.199019822613946740e-01,2.249728244430450608e-01,2.501441741095241644e-01,9.331408688933465201e-02,-1.678103794366012924e-01,-7.870470762783550456e-02,-2.106994560511013526e-01,-3.936962960521242505e-01,-1.972794396748185630e-01,-3.008536718835229107e-01,-2.566857124133827273e-01,-2.580938494236476727e-02,-2.117380335133829949e-01,-2.830455116497412882e-02,-3.346003889153140176e-02,-2.775723148123909745e-03,7.716372780792668529e-02,5.668665810113350523e-02,2.099729905416608533e-01,6.789854108626652840e-02,-4.801740130848986682e-02,1.428609407151354774e-02,-9.380317082032789411e-03,-2.501829044298779087e-02,2.507090621584491183e-02,5.148833946624912367e-03
2.601829523217817908e-01,7.871515024823291795e-02,3.513480475953179027e-01,3.723837106161391186e-01,-2.324593399478281086e-01,1.770829379372438062e-01,-1.318800789546531460e-01,-8.791047973676206773e-02,2.889624024516327938e-01,1.459903016495050221e-01,4.571532147086059816e-01,1.000000000000000000e+00,4.272453139903730213e-01,6.416905243644669410e-01,6.411867044058549014e-01,1.379294722361388836e-01,4.290149080756163191e-01,3.004128592909375284e-01,2.343060132189332956e-01,2.760452637083836147e-01,1.828745621301015867e-01,1.137090972456242244e-01,3.452156971784969830e-02,-6.588876390575337805e-02,-1.217393259394199262e-01,-3.476018193948532953e-01,-1.361793295842865237e-01,-3.834898739791162137e-01,-2.005634428658249480e-01,-3.166291575572461880e-01,-2.856076242362409201e-01,-2.695133624445405496e-01,-3.057150852800115115e-01,-1.652920741490767065e-01,-9.678804442900300342e-02,-2.754249928590734586e-01,-4.130874169073687208e-01,-3.387987973716679591e-01,-2.606199096918169755e-01,-3.033113605419300307e-01,-8.354959820109836288e-02,9.086329636843558377e-02,2.168297589776256237e-02,2.998931200079842929e-01,8.618600344184594586e-02,6.589251032121684615e-03,3.262918233333823026e-01,-2.215955977684139558e-02,-3.823374386692942606e-01,-2.171070111057232244e-01,1.605833038976868243e-01,-2.833852003041779088e-01,-2.115013705759199725e-01,-2.661510654238712081e-02,-2.437603807128696232e-01,-1.214135690373677329e-01,2.088827300522815011e-02,1.772181842735065516e-02,-6.155042754832710378e-02,-1.712635321014891604e-02,-1.035897653032363946e-01,6.268659657234269822e-02,-3.396185353555312980e-02,2.441748134631810396e-02,-2.867915911283614935e-02,-4.586182941661375023e-02,7.014353571014973754e-02,-2.299284557480248126e-02,1.031803037862925737e-01,7.089433247945865768e-02,1.235098740110176369e-01,-3.439578603149419291e-03,3.173025296698803732e-01,2.136308962984138915e-01,-8.062479950847316335e-02,2.050307175551333017e-01,-1.284544546247281815e-01,-1.395117271486777666e-01,-3.187538576667889867e-01,-2.232133251434834931e-01,-2.242076796444684161e-01,-9.320397752531438262e-02,-2.922126114479793868e-01,-5.299712327699949987e-02,1.248233262110393354e-03,-2.917504326625446343e-01,-2.149125986130898669e-01,1.316989050690084255e-02,-2.879626964547002399e-02,9.249638184769155835e-02,1.496586963595897442e-02,1.331305842439590437e-01,8.996577586153201023e-03,-5.931389848729668596e-02,-4.833511780036735261e-02,-8.373488932056129264e-02,-6.685939134851047461e-02,-4.345103787813167640e-02,-3.428081406413269888e-02
2.179013122399737490e-01,-3.516500420288851125e-02,-4.050613060089463396e-02,-3.228558289382325863e-02,-1.912790200620735348e-01,-1.182519452825163686e-01,-1.019849426791293867e-01,-4.880019165348202792e-01,-7.283296450509624265e-02,-2.529490089207886427e-01,4.565824734693198494e-01,4.272453139903730213e-01,1.000000000000000000e+00,5.597795242805339022e-01,4.877686555164923998e-01,7.395618148288578553e-01,4.620427866523927896e-01,2.315104226038199597e-01,4.597201817584503636e-01,2.180996105237027471e-01,1.316123435997740287e-01,1.664881535364657328e-01,1.478022050839550849e-01,1.097854567463685538e-01,-6.483456248772956343e-02,-1.126954733833369499e-01,-1.169431750748973348e-01,-2.348150871540485296e-01,1.055560219831480628e-02,-1.942122106212646748e-01,-2.340762962871721919e-01,-1.821326573264725746e-01,-1.581072916167909348e-01,-1.999044353423095818e-02,2.113310181541239174e-02,-3.023275599590136142e-02,-8.841656837015303416e-02,-2.330491775309398994e-01,-4.267631209550775545e-02,-2.512897944892432678e-01,-2.185080272815661528e-01,-1.769660516701682118e-01,-1.743929760306120180e-01,1.097376549676705448e-01,-2.530193306619747950e-01,-2.755418229094345854e-03,-4.442249079243988652e-02,9.314884194421653441e-02,-1.760066674286203670e-01,1.980675110817968765e-01,2.716995222292689083e-01,-4.630436532449197506e-02,1.649646821213016090e-01,1.582997896391607762e-01,-1.433985130313768924e-02,1.276270924920455963e-01,6.703546151227805783e-02,2.341876046498405362e-01,1.707623781991427989e-02,-6.288319655918740703e-02,-2.436092309094252950e-01,-1.082133467541400579e-01,-2.457059039056298799e-01,-2.749022551446881346e-01,-2.076828892185597075e-01,-2.730192310065104322e-01,-8.945308314734651267e-02,-7.176337353480209680e-02,1.394908979506075987e-02,1.195019244761328647e-01,1.187655846023282641e-01,2.417363857890115486e-01,2.356575225966860143e-01,3.093585149445978733e-01,2.076461355121709818e-01,1.997552859274197012e-01,1.821950897190355023e-01,1.423698129024118242e-01,-1.716700765168739651e-01,-3.894090822085839454e-01,-2.659214620474302238e-01,-3.263329143311115010e-01,-3.223935177054566004e-01,-1.955915654751640975e-01,-2.220044021046968519e-01,-3.245345833334061791e-01,-1.082499770599796157e-01,1.027893375350677485e-02,5.016633941572491012e-02,1.330848069955554713e-01,8.709608568681548313e-02,8.032646028948989270e-02,-9.010727247780843385e-02,-2.107293679289996002e-01,-6.997547282141053371e-02,-1.336820573952611779e-01,-1.614528900789440058e-01,-7.845742707090083701e-02,-1.015350453042242057e-01
3.362526260061585170e-01,2.097209054366950542e-01,3.019599949047451770e-01,3.166928058087642439e-01,-8.672434112231404424e-02,2.299143102496533642e-01,5.494191800723858404e-02,-1.006645586620178168e-01,1.091684578696336533e-01,1.535588799787474534e-01,7.309155355457105374e-01,6.416905243644669410e-01,5.597795242805339022e-01,1.000000000000000000e+00,4.160203990657834749e-01,3.258855711985087500e-01,4.528687360782145954e-01,1.367000972055800179e-01,2.801981582053736930e-01,2.225872936382215783e-01,1.645715344519875500e-01,1.328250808048558329e-01,9.244396560237014976e-03,5.096431193328559983e-02,4.575011052138089340e-03,-2.326249619353916720e-01,-2.957511376834708744e-02,-3.057715317314469439e-01,-8.427537423850281484e-02,-2.126565614314818164e-01,-2.254861832155821977e-01,-2.370382232088976138e-01,-2.368054134980852321e-01,-1.606340823202166146e-01,-1.357103445918757534e-01,-2.767535157516921029e-01,-3.171820772508684438e-01,-3.048506818138493890e-01,-1.814783255364172676e-01,-3.401187336392408334e-01,-1.182022019182299988e-01,-5.951160621767845327e-02,-1.712972847776095819e-01,1.140153786962930932e-01,-1.040680028560005549e-01,-1.875263413946240409e-01,1.464607664709547952e-01,-1.622383783855817219e-01,-4.809366979556197741e-01,-1.262458410445473911e-01,8.164758047955901488e-02,-3.655986627312890480e-01,-9.137310768371685599e-02,-5.695835877313899787e-02,-1.979677443211962928e-01,-7.102987759051046686e-03,1.786228019257960764e-01,1.342974613242744752e-01,5.999439306149804974e-02,5.783015114794744227e-02,-1.012798948654412001e-01,7.285507108072630800e-02,-4.025831725853212806e-02,-1.098908583358343544e-01,-4.896452195250170641e-02,-9.309300151274521595e-02,9.673375792909579690e-03,-7.993150226450020102e-02,7.803354877834750569e-02,1.386712312583594231e-01,9.956547665194286079e-02,1.781419043848140316e-01,3.121782411125738621e-01,2.080531354930348076e-01,1.215703535757235998e-01,2.585791029797193663e-01,2.813186297521537427e-02,-1.337371912306115629e-01,-1.986728252633500891e-01,-2.771776873864468249e-01,-3.483512763949848656e-01,-1.936540239081963322e-01,-3.396747077914671897e-01,-1.980739227122930712e-01,-5.591768177311459004e-02,-2.880157501798960018e-01,-1.129490872451371919e-01,-2.193234940368317398e-02,-3.969973883998970283e-03,8.851517805919303927e-02,4.573813349822040270e-02,1.752155316749307024e-01,2.646731197559587870e-02,-8.484838846904181608e-02,-1.537529477523281833e-02,-5.691749519210066721e-02,-6.920687403739494981e-02,-1.339820999621891238e-02,-2.499555594914564666e-02
9.236745359491840834e-02,-1.902595843809090637e-01,9.928475940214975815e-02,1.116413101851475853e-01,-3.922347376559490173e-01,-1.363844843387140571e-01,-3.373566029473125116e-01,-3.055141900163917401e-01,3.303143440941183617e-01,-1.289867500289373081e-01,1.138373438796333598e-01,6.411867044058549014e-01,4.877686555164923998e-01,4.160203990657834749e-01,1.000000000000000000e+00,3.501656964350827739e-01,4.222565010503976923e-01,4.777173943954760582e-01,3.367529811221854352e-01,3.553873019077420370e-01,1.236565816766457410e-01,8.523733653332940530e-02,1.532039636443038866e-01,-6.464545679286906599e-02,-2.248683443484909561e-01,-3.598681387436876156e-01,-2.235828404343606357e-01,-3.663343274896215251e-01,-2.526725638882904024e-01,-3.850160395413956271e-01,-2.737824679528037541e-01,-1.846865325933725044e-01,-1.988867283904719729e-01,-8.760035280555907022e-02,9.268962406728636916e-02,-5.285576732090620233e-02,-2.661232649820626794e-01,-3.687476475558973954e-01,-2.200405853257894895e-01,-2.531456693928114676e-01,-2.200075534338264416e-01,3.819425856992732238e-02,9.323168379219576307e-02,3.655812874927490408e-01,8.971587819879527081e-02,2.713517584539036909e-01,2.268470294871258730e-01,2.881124547994841634e-01,-8.757188593903769691e-02,-3.896659593937363414e-02,3.832717463741096009e-01,-1.092356911677162291e-02,-9.304484870227394677e-02,1.798046141707054513e-01,-1.080253382405949453e-01,-1.384945246720180601e-01,-1.565284216837577458e-01,-4.078328538899185507e-02,-1.809354483181988271e-01,-1.582761703637618478e-01,-2.122805807347637186e-01,-9.159431576125935670e-02,-1.586849015653564454e-01,-4.465523188850634151e-02,-1.305927480072984204e-01,-1.373458978479656367e-01,1.706994684482227020e-02,-5.824691405959345203e-02,5.414415438111735979e-02,-1.479510002192485629e-02,1.362081881128593408e-01,-4.558168082194020282e-02,2.144852514843472724e-01,2.973506178158406565e-01,-1.036336065346810525e-01,1.131396906666351648e-01,-5.671783239557507544e-02,9.850389254559757668e-02,-3.068892352006771240e-01,-2.868348255292002547e-01,-6.320084773170882297e-02,-1.323700313643559612e-01,-2.321394244871859691e-01,2.024874005766904086e-02,-1.288456511319516773e-01,-2.918486532208787176e-01,-2.043395277036600122e-01,4.041957098763793166e-02,1.294838254798313590e-02,8.997723040027295893e-02,2.845463082398775809e-02,1.191889862494797600e-02,-1.156122199935561978e-01,-1.560346734691026305e-01,-8.782805471827787036e-02,-1.490099113152129340e-01,-1.517307486687064499e-01,-1.161174677517760739e-01,-8.748433216095258258e-02
