1.000000000000000000e+00,4.593182661741795902e-01,4.583223222941758546e-01,4.592082896110927792e-01,3.095404496339516087e-01,2.166684566052315408e-01,2.520299173891044076e-01,1.839260662981843653e-01,1.522431835499741815e-01,1.780158842585616852e-01,6.806403448695215463e-02,1.835013811142068019e-01,1.046324066990349244e-01,-4.889758394943656550e-02,-1.442703502265385851e-01,-8.670416090935359477e-02,-1.819359052304591884e-01,-1.653443520204579964e-01,-1.165045368667061432e-01,-1.769839483958922932e-01,-5.979094707741612613e-02,-1.794479039145353283e-01,-5.654443815080279628e-02,-1.320372044237547726e-01,-1.023079828764676125e-01,-7.734542829821498822e-02,-8.813354992673369526e-02,-1.214344093948056293e-02,-5.765788663856059176e-02,-7.704010084859011509e-02,-2.384516152562875246e-02,-5.041104633566701604e-02,-7.169439817742846721e-02,-9.403234112379037224e-02,-7.858698496401432532e-02,-5.132853116369364560e-02,-1.504418763078345378e-02,-2.982457029754454966e-02,4.375011937785776295e-02,3.210289269378024512e-04,7.029653438650695918e-02,7.202061188066437303e-02,4.530806085200338867e-02,8.516827474901854378e-02,-1.089026688853737606e-03,1.499128937312305815e-02,-8.251693155321873641e-02,4.135567789447350089e-03,-8.212720900868417107e-02,-3.872465116965083387e-02,-5.224254341956646036e-02,2.869591871442046110e-02,-1.592774850443260531e-02,-3.780545589925152911e-02,2.400458340406133248e-02,8.273306566498841996e-02,-4.430836805280853608e-02,3.030937124857852050e-02,-2.950125388345133451e-03,7.904416028927149784e-02,2.053094596366987837e-02,3.618530372546691770e-02,-6.276773158734474944e-02,7.857058492078562023e-03,7.157152052588923452e-02,5.141860400351892790e-02,2.875088208911657714e-02,3.504599055994048196e-02,-4.224003390076319642e-02,2.640329410101947827e-02,-1.141777261659389885e-02
4.593182661741795902e-01,1.000000000000000000e+00,4.199409618730007843e-01,4.752036141490190713e-01,4.756622905472028817e-01,1.347557673872453732e-01,2.642351298689004091e-01,1.290631585932087988e-01,6.549286058386996623e-02,1.377871205196036786e-01,-2.287401156271777827e-02,1.375403581943412945e-01,1.509770895512446420e-01,-7.133147019822621247e-03,-6.100655675888179419e-02,-1.094073624040769604e-01,-1.183084438683554562e-01,-2.070959023366018836e-01,-1.273164449727900160e-01,-1.368970903129177463e-01,-1.020227354213416038e-01,-1.371178284298986971e-01,-1.128289894191306514e-01,-1.102052918983152940e-01,-7.192625927240287043e-02,-4.831164402288520149e-02,4.863299151079152755e-02,1.486901659016007238e-02,1.977698288343476482e-02,3.009210053117934974e-03,-5.538686284168355123e-02,2.226321411940447581e-02,-3.635887382682517072e-02,-8.995349506496597147e-02,4.771285918801410932e-04,-4.386224612258540767e-02,-1.854460975363012715e-02,-3.439395908774357108e-02,5.178573169734208836e-02,-1.860020298954410207e-04,-1.378006552430327200e-02,3.233322683579931134e-02,3.628604033196026341e-02,4.627407618675798140e-02,1.658276727175592158e-02,-3.297650841178166592e-02,-2.904731232743890459e-02,-2.597199222019197420e-03,-8.289624074791608621e-02,1.783424161095053737e-02,-4.829925234108611160e-02,4.956444074667162164e-02,5.339745687908280247e-02,1.124578431530197419e-03,5.473946239890500193e-03,8.493805059751705078e-02,1.497989601126398750e-02,2.493359287500310564e-02,1.564501773242387914e-02,5.156936986276770829e-02,-1.636690315553988861e-02,-4.663352295749142139e-03,-1.101455001692182856e-01,-7.125434968900670740e-02,-9.253480928282504375e-03,4.026921231494209191e-02,-8.967619226732510829e-02,-2.374432866803562539e-02,-5.774596261004295156e-02,-7.033286110028973137e-02,2.064893394480615124e-02
4.583223222941758546e-01,4.199409618730007843e-01,1.000000000000000000e+00,3.873756347506963627e-01,5.495026868383604546e-01,3.514757329001853003e-01,2.847359466422121343e-01,2.852647815660492858e-01,1.279650674411246525e-01,2.338179439693808537e-01,9.481319644869472263e-02,1.993207385772679807e-01,1.688894437161861939e-01,9.025324456030582587e-03,-1.420022282937912494e-01,-8.223779070174518091e-02,-1.713965997410103193e-01,-2.352689154493849966e-01,-1.512354631496179158e-01,-2.476797142224596848e-01,-1.138729900799388683e-01,-2.278858845799428823e-01,-9.735921568970538897e-02,-1.804500913291046116e-01,-1.547961869649643607e-01,-1.001056036267534838e-01,-1.006466203262826181e-01,-2.206259162621817399e-02,-7.038982962759224304e-02,-6.583579933401777218e-02,-1.955682268218779385e-02,-6.118464780747980697e-02,-1.974884219904271196e-02,-5.421348250039200595e-02,-1.234790956237378223e-01,-2.566867571557997565e-02,3.606092927336154459e-03,9.696219094940600799e-04,4.240841378405019180e-02,-4.098698834354281423e-03,3.942798285126794533e-02,7.725972574931649905e-02,3.142442839697507512e-02,7.697438313090783357e-02,-2.832429659517571655e-02,-1.014203201830005292e-02,-6.716540816306132422e-02,-2.389672398976788043e-02,-7.580556628843532208e-02,-7.440343781861841199e-02,-8.702307520666506535e-02,4.110321954328245014e-03,-4.320318406027284786e-02,-3.745643691929541330e-02,-7.406378678218492571e-03,1.086988378178382064e-01,-2.724264348053478252e-02,4.523339139874966303e-02,-1.123465835129934531e-02,1.056557078371140462e-01,6.400322393940879005e-04,4.907291983422825549e-02,-5.623538345284825879e-02,1.173949830706847233e-02,6.113907671182358672e-02,6.769218728070877655e-02,3.961950876254858450e-02,6.209453127138762213e-02,8.350203438293610442e-04,2.046719931881757146e-02,1.707650042376205463e-02
4.592082896110927792e-01,4.752036141490190713e-01,3.873756347506963627e-01,1.000000000000000000e+00,4.245987416336788889e-01,3.671584497782807710e-01,3.938375874415941391e-01,1.927545680582968268e-01,2.565574162974493810e-01,1.693258212176555477e-01,1.266178662282609058e-01,2.106811129830728213e-01,1.243324967847132673e-01,-1.376603405389761614e-01,-1.226539177809417847e-01,-1.933788891943405419e-01,-1.966823274574068525e-01,-1.874445623067367561e-01,-2.663804994938743231e-01,-1.549085305464616424e-01,-1.232058018928631760e-01,-1.653758646607481064e-01,6.961138211297869353e-03,-7.778447491196162356e-02,9.064212226107369597e-02,6.150518200664967933e-02,7.772138077819927549e-02,1.643644183094347122e-01,4.923025328106730991e-02,8.748396676568308272e-02,-1.719221550891851177e-03,2.539459488904288742e-02,5.417879590758041541e-02,-7.289303239336893114e-02,-1.107242268732951986e-02,-4.718985931744101858e-02,-5.898703150894874653e-02,-1.268413381567253251e-01,-5.377417314941957543e-02,-9.975122196240272798e-02,-2.002485135909595412e-02,-2.252169706519137685e-02,3.618295620480326685e-02,5.674287267721549871e-02,9.183737099664805725e-02,6.355356019590847894e-02,5.807678380859919443e-02,1.052982254954038382e-01,1.172320574544360658e-02,7.744983154759925437e-02,8.156607010217033563e-03,4.826228235202124212e-02,4.482390349755151215e-02,2.471336932980858908e-02,6.199795252448873223e-02,3.063526673663273872e-02,-5.064823099531175210e-02,-6.792715224988959966e-02,-4.546181046997353065e-02,6.159534931097462515e-03,-3.103559053417443217e-02,-8.996559614358422968e-03,-4.814574393194905044e-02,-5.708221544604115405e-02,-5.445474291715545617e-02,-6.319408451911803781e-02,-9.866374937467727035e-02,-1.471655003955010532e-01,-1.140293558704664340e-01,-1.587684552909646718e-01,-6.923016889020111586e-02
3.095404496339516087e-01,4.756622905472028817e-01,5.495026868383604546e-01,4.245987416336788889e-01,1.000000000000000000e+00,3.785241549172584374e-01,4.353553052058205530e-01,3.376699570712218268e-01,1.572612798474004037e-01,2.683596121818541680e-01,6.997412141437606148e-02,2.572694065743651448e-01,2.485880563905319973e-01,-5.785549531390171002e-02,-1.556866030992613559e-01,-2.203298185158309719e-01,-2.346339541348650137e-01,-3.192990268611844984e-01,-2.693369875448013429e-01,-2.693960084000284194e-01,-1.591185368328542071e-01,-2.539376705465909434e-01,-9.033984016708518361e-02,-1.597312902468182860e-01,-6.292653926816786647e-02,-5.923233713820064139e-02,-4.083475006062017160e-02,5.391081722315693020e-02,-5.200365881432301995e-02,3.321696406429824975e-03,-2.858476360140023778e-02,-5.275200841527777351e-02,-5.417963400240700424e-03,-1.124714273136131898e-01,-9.342521001084530541e-02,-5.542903442348515175e-02,-2.833097639315869040e-02,-6.921391315121205867e-02,-1.133799075987722282e-02,-4.825763071163673840e-02,7.877865270793059371e-03,2.798168918336910865e-02,4.884046741078836018e-02,8.158151765749097062e-02,7.692458112342752397e-02,4.538671782890443124e-02,1.575591081596434614e-02,6.402564465352902912e-02,-1.770584058070135899e-02,1.841032002657176647e-02,-3.403386977785488599e-02,5.981984899745700079e-02,-1.027937015860004751e-02,-1.244592945699708568e-02,1.097771117719094879e-02,9.851437103876450885e-02,-6.092162294128451033e-02,1.285536238679945049e-03,-3.805984979148179653e-02,6.915909843303662263e-02,-2.554772194356724757e-02,1.592867006291300014e-02,-7.781462646028484975e-02,-5.381827318922779296e-03,3.236876337907133167e-02,2.536231847576515819e-02,-2.142583482898535036e-02,-1.357262087070965767e-02,-7.647206280594254224e-02,-7.552314273168224401e-02,-4.947393024079781154e-02
2.166684566052315408e-01,1.347557673872453732e-01,3.514757329001853003e-01,3.671584497782807710e-01,3.785241549172584374e-01,1.000000000000000000e+00,4.448073117626699657e-01,5.382302780042683699e-01,4.176198088116677698e-01,4.063366155201321717e-01,3.751231013996481067e-01,3.913576075319004643e-01,1.551886420073772810e-01,-2.381011549769409541e-01,-3.741802788398118085e-01,-2.291815026595576676e-01,-4.030652372877172041e-01,-2.201104356529055561e-01,-4.076712836635802972e-01,-3.143985016465986049e-01,-1.140872220585276500e-02,-2.624968999688772620e-01,7.950976809522738997e-02,-1.958429958649578889e-02,-1.123237374996616245e-02,9.036822862305188275e-02,-5.595620640502058790e-02,1.030353565491206463e-01,3.577698622197139633e-02,3.926226859972452993e-02,5.395853013064538101e-02,4.449312328565297771e-03,5.504671722447749410e-02,-2.920114768709571734e-02,-6.725756203670987809e-02,-4.137261323844443339e-02,1.799061699651938878e-02,-5.554021661398001602e-02,-3.458333217343014659e-02,-8.479914782105882343e-02,3.524005251036326641e-02,1.741500581424324998e-02,4.451335960941970454e-02,5.124347325439469747e-02,2.970287935616092515e-02,8.213424627849914839e-02,1.173442465921099853e-02,3.823272988089897184e-02,1.271455658635465939e-02,-2.303481553596149409e-02,-3.642478938159320750e-02,-2.155455804294141922e-02,-5.622027125865127622e-02,-1.678575854672543360e-02,5.382978248154331180e-02,1.636695475105515857e-02,-6.865813328521586101e-02,-3.110221273328812180e-02,-5.965240139493636906e-02,-6.604525115688715531e-03,-2.968970685940537646e-02,1.456147946980941577e-02,-1.037318200205229399e-02,2.264733047336424734e-02,-1.475595027621682924e-02,-3.113972632684583117e-02,1.226282305434044616e-02,-6.493705695791934795e-02,-2.600633429345658096e-02,-7.048099097493050469e-02,-4.577576765024093247e-02
2.520299173891044076e-01,2.642351298689004091e-01,2.847359466422121343e-01,3.938375874415941391e-01,4.353553052058205530e-01,4.448073117626699657e-01,1.000000000000000000e+00,4.225514563335994733e-01,4.680735169470580659e-01,4.465560836112357213e-01,1.752394333976755314e-01,3.405892506157429112e-01,1.265379086443129963e-01,-3.590581952357538298e-01,-2.510983109233310695e-01,-4.264048957553778219e-01,-4.259595284635162571e-01,-2.582971118557477186e-01,-4.361895342526345143e-01,-1.765573128124114932e-01,-2.373679882869580982e-02,-1.210005362587242284e-01,1.488602441242881380e-01,-2.176258836932402907e-02,1.498535859137651027e-01,9.607213777756032358e-02,9.648152162918390007e-02,1.942095885412658263e-01,2.027459632100755624e-02,1.267424379271887835e-01,-1.165515135533463052e-02,-8.444534035543373868e-03,8.412169033347735581e-02,-8.406390759298466853e-02,-5.196755860336971927e-02,-3.229868644634684149e-02,-5.461451691986877327e-02,-1.342844680739682384e-01,-7.758712251491924061e-02,-1.421951071688367929e-01,-3.047530591750171811e-02,-5.359535854136259631e-02,-1.330817156867426972e-02,2.489819404454806859e-02,1.285801973066125203e-01,9.013357676447218692e-02,8.980575230019480215e-02,1.252072490263587690e-01,6.446191559913544422e-02,9.388801834993404372e-02,8.631491162172363896e-03,1.309960612676532854e-01,4.668126488165522808e-02,4.115258369775520730e-02,7.514378845030519893e-02,5.306662858290961404e-02,-9.275474220366851374e-02,-1.741328686694500194e-02,-4.455525400310073048e-02,-1.224619174075463387e-04,-6.922284017323790395e-02,9.436006970699638979e-03,-8.729805432453227598e-02,-1.843285040586901263e-02,-4.813242934176130416e-02,-8.646875550178588499e-02,-8.039753745441134691e-02,-1.668688626779652184e-01,-1.340718662340148470e-01,-1.763370191001365217e-01,-1.275274490633126201e-01
1.839260662981843653e-01,1.290631585932087988e-01,2.852647815660492858e-01,1.927545680582968268e-01,3.376699570712218268e-01,5.382302780042683699e-01,4.225514563335994733e-01,1.000000000000000000e+00,3.539916170663677253e-01,6.166747683255051626e-01,3.436391252510495598e-01,4.231394571460447285e-01,2.208543078688845196e-01,-2.710445846023298300e-01,-4.132926926964160530e-01,-3.229696277770154889e-01,-4.776090255175847177e-01,-3.002469204940442227e-01,-3.969234855002439777e-01,-3.162940967857681418e-01,2.119125863694831802e-02,-2.295464610955401663e-01,5.775208841921597447e-02,-1.345035383449479788e-02,-9.454171579885241317e-02,6.385265117229935172e-02,-1.014052396367116637e-01,5.821474622277796052e-02,1.593115282594161422e-02,-1.132404225771854386e-02,8.037032870406585205e-02,-8.313060689990475066e-03,1.309597515262200459e-02,-2.183143966750301923e-02,-5.816064606038891249e-02,-4.932132084391627896e-02,4.260621730479881297e-02,-2.979110937045094387e-02,6.600164699657925724e-03,-3.264498741778121965e-02,2.161509714180842243e-02,2.043556056634373425e-02,-4.202593854963630748e-02,2.497367018404987940e-02,-2.389021034305060381e-02,3.308480656547061870e-03,-2.710590053468336230e-02,-1.598391985765915124e-02,-1.927982921308368097e-02,-2.958404270571714928e-02,-3.759916864391292524e-02,-1.112836426873328212e-02,-5.017186687045070703e-02,-5.927894488288667704e-03,1.475038818733763121e-02,6.747159335018471094e-02,-7.478304479536727889e-02,8.425412910854607196e-03,-3.643820545307421832e-02,2.103781549864337450e-02,-3.650248344248715332e-02,9.047697475661418617e-03,-5.371037380209287698e-02,2.976794796783615096e-02,3.317333929183272079e-02,2.548787244721035725e-02,6.574087876920653439e-02,3.336916087094939087e-02,3.934486198410203084e-02,-3.071092292145819971e-05,6.258282646266333411e-03
1.522431835499741815e-01,6.549286058386996623e-02,1.279650674411246525e-01,2.565574162974493810e-01,1.572612798474004037e-01,4.176198088116677698e-01,4.680735169470580659e-01,3.539916170663677253e-01,1.000000000000000000e+00,4.466134034759043914e-01,6.162309849097449277e-01,3.904944157486588407e-01,-1.427132654893499553e-01,-4.190310535802018177e-01,-3.329693172000593449e-01,-1.451330846572103928e-01,-3.910046401474883138e-01,1.252553581709315855e-01,-2.552023956505883318e-01,1.007552771757879752e-02,1.965924864051254162e-01,4.580982596120219963e-02,1.646439898979805416e-01,1.667733652782190656e-01,1.885329073376014186e-01,1.458770034776785962e-01,1.488922158884750380e-01,1.160660803936330726e-01,5.010050895629094420e-02,9.711758977117618263e-02,-6.050624756669715359e-02,1.749307975800082349e-02,1.826487420842549600e-02,-6.797814918174795162e-02,-3.682329923949534747e-03,-2.210166195489878319e-02,-8.506946114479307583e-03,-8.551190762222510289e-02,-6.393530148120178669e-02,-1.057018165690912087e-01,2.890058607472291430e-02,-3.562421766637779291e-02,3.485196507534928101e-02,3.044678843459001222e-02,6.728435374749495990e-02,7.271805293225262756e-02,3.420151499130119621e-02,8.102806268492096509e-02,4.153560482641956153e-02,2.480903585519184454e-02,3.171709122930092828e-02,7.691144029797737647e-02,3.184130976372212540e-02,1.366493580698378320e-02,4.799190010527066425e-02,-7.258588716762832092e-03,-7.080829440894247095e-02,-1.748076186219123598e-02,-1.228555007674194191e-02,1.023801693654047100e-02,-4.569123115891023101e-02,3.719577953274119664e-02,-2.620616551003311645e-02,-4.107294837073476035e-02,-4.904779737364481362e-02,-6.552354548174738058e-02,-1.327924927120892329e-01,-1.425422830907856764e-01,-1.751321368388999988e-01,-1.939130115243363206e-01,-1.553305492597879534e-01
1.780158842585616852e-01,1.377871205196036786e-01,2.338179439693808537e-01,1.693258212176555477e-01,2.683596121818541680e-01,4.063366155201321717e-01,4.465560836112357213e-01,6.166747683255051626e-01,4.466134034759043914e-01,1.000000000000000000e+00,3.836705346420828944e-01,4.200566006024944454e-01,1.059500744461021882e-01,-4.019242056418426690e-01,-4.326119697199617420e-01,-3.529999518580159701e-01,-5.283163715939622751e-01,-2.405383343337888225e-01,-3.830745427080036736e-01,-2.637740866860204814e-01,5.428762326580534314e-02,-1.633311965576574321e-01,5.960659307206071789e-02,-8.943836264544258174e-03,-5.918357454859406869e-02,6.562523236737537180e-02,-4.272605393938802565e-02,5.653121527506517474e-02,3.861012377475882273e-02,1.139178858091333818e-02,5.742279687879739414e-02,2.282213533710706135e-02,3.835266881663869365e-02,-2.326965540587232206e-02,-6.305845917224781050e-02,-1.256950769644024288e-02,1.625332971476817342e-03,-3.845424225711586291e-02,3.589350312372176135e-03,-4.052641265630639589e-02,3.066137054030650122e-02,8.163575141353457756e-03,-3.531066065037698903e-02,1.490478898838219421e-02,-1.976809403861318551e-02,5.780523126513250481e-03,-1.361061800345532424e-02,-1.468174394973506026e-02,-9.417434859875067552e-03,-2.623797172015758170e-02,-6.147511617759397057e-02,2.087288998053572417e-02,-2.616989397114117058e-02,-4.645559763969300815e-02,7.981353044507399561e-03,3.895007917507913031e-02,-5.239021040182169353e-02,-1.298055360595485631e-02,-2.220941919946459436e-03,1.629935332129795258e-02,-4.635006419803420347e-02,7.131865607785631105e-03,-9.098512343460321561e-02,1.740099670674765883e-02,3.089036039752897020e-02,3.298528265230119688e-02,3.292920106737931563e-02,1.557342854001772525e-02,3.270612994583527861e-02,-2.005661644342588909e-02,-1.503059817630702719e-02
6.806403448695215463e-02,-2.287401156271777827e-02,9.481319644869472263e-02,1.266178662282609058e-01,6.997412141437606148e-02,3.751231013996481067e-01,1.752394333976755314e-01,3.436391252510495598e-01,6.162309849097449277e-01,3.836705346420828944e-01,1.000000000000000000e+00,2.381937724511270227e-01,-2.357269803226297311e-01,-2.897890382614341509e-01,-3.930336567714157181e-01,5.076441996779090110e-02,-2.899478806566062050e-01,1.112924707622610226e-01,-1.357702160282676929e-01,-6.008029922832928971e-02,1.540171898755914037e-01,-3.502467603369424642e-02,2.226887331080006083e-02,1.047959511676399419e-01,5.131784374630877013e-03,7.194235953755588608e-02,-1.254921108563389169e-02,5.411158168841826918e-03,1.689176023939157126e-02,-2.218615313175261242e-02,1.299394533005737186e-02,-9.199222570144808056e-03,-1.258252028679559577e-02,-2.590680875903777006e-02,-3.667333445684990006e-02,-3.377988343284601264e-02,2.630478473002473283e-02,-7.244988135962644737e-03,-5.211944671299218075e-03,-1.480553691012725936e-02,9.990800748329767278e-02,2.060617870999605777e-02,6.591981525016471499e-02,6.036822455213999156e-02,-1.609122938399527511e-02,4.022973328114889946e-02,-5.133778505059224950e-02,-5.394972738878922938e-03,-1.025045892146653551e-02,-8.133669039800904554e-02,-1.220220593401793487e-02,-4.767794804166424621e-02,-3.598471856765064758e-02,-5.392993976410196538e-02,3.201683817965605972e-02,-3.392530741216267381e-02,-5.814352703471138695e-02,-2.759288590708656314e-02,-3.023367317710500685e-02,2.157774174648458693e-02,5.331857476277173692e-03,5.335096019741792511e-02,8.622855220533152953e-03,1.731307659119873249e-02,2.019352200101627581e-02,2.020509963668803630e-02,3.826998735108920263e-05,1.467292172783862120e-03,-3.603743007134411341e-02,-2.875795189078541106e-02,-4.553725233844012343e-02
1.835013811142068019e-01,1.375403581943412945e-01,1.993207385772679807e-01,2.106811129830728213e-01,2.572694065743651448e-01,3.913576075319004643e-01,3.405892506157429112e-01,4.231394571460447285e-01,3.904944157486588407e-01,4.200566006024944454e-01,2.381937724511270227e-01,1.000000000000000000e+00,3.340869779764014114e-01,-2.131521026682392794e-01,-4.042096265584394499e-01,-3.004320247360006690e-01,-3.939074887838269756e-01,-2.390141030596737159e-01,-3.549449018931442046e-01,-2.694350494849617750e-01,2.412451544117275720e-02,-1.978660356807426246e-01,7.610875687319422489e-02,-1.595322027347725186e-02,3.741491403992475324e-03,6.098522144840159281e-02,4.457212138144931585e-03,8.057497744299657594e-02,6.395631473628000940e-02,6.292084196536296137e-02,1.039682041624280864e-02,4.989239492000240028e-02,4.310250952432845284e-02,-8.581592757331810845e-03,-1.042367585157661508e-02,-1.041673989723906207e-02,1.607724969164338671e-02,-3.807213961556398657e-02,-7.772637424431618099e-03,-2.453433147741772985e-02,9.523407131562721881e-03,1.613616474696325984e-04,5.698923303060623308e-03,5.032280127957689886e-04,-2.917157482067158150e-02,-2.633731290361903191e-02,-2.738759980659742285e-02,-4.476324556524034076e-02,-3.849588023597685232e-02,-2.374810500742309191e-02,-3.769700354620954957e-02,2.976024529079302969e-02,-1.568870334583798848e-02,-2.761960247152974455e-04,2.045616304842185970e-02,3.678847697402710948e-02,-1.613127328879145755e-02,1.070605740224022870e-02,2.199206820748013380e-02,3.146963173187852791e-02,-2.757742894325162022e-02,9.124033934354982417e-03,-4.944255295653644106e-02,1.655946562240886988e-02,-2.359081182922442149e-02,-2.770885960087762431e-02,1.849096365952770851e-03,-4.652446956978230352e-02,-1.019324754188064702e-02,-8.194350080982602813e-02,-3.470699734590480118e-02
1.046324066990349244e-01,1.509770895512446420e-01,1.688894437161861939e-01,1.243324967847132673e-01,2.485880563905319973e-01,1.551886420073772810e-01,1.265379086443129963e-01,2.208543078688845196e-01,-1.427132654893499553e-01,1.059500744461021882e-01,-2.357269803226297311e-01,3.340869779764014114e-01,1.000000000000000000e+00,2.282960795469851367e-01,7.573042876263774703e-02,-1.912674071520623631e-01,-3.552491986999028323e-02,-3.690895058198068179e-01,-2.016856098799113539e-01,-2.887990094377566042e-01,-2.405035365147870086e-01,-2.734021134562421573e-01,-7.272475442979088600e-02,-2.131538700778699835e-01,-9.922896973825567901e-02,-1.150819258546559309e-01,-1.061733490496459681e-01,1.535547143819157231e-02,-6.914429371566785387e-02,-1.766644237729095290e-02,-3.852276446481957273e-02,-4.825757773602346035e-02,1.704267167704102276e-02,-6.593054290409163833e-03,-5.688766523954744136e-02,-5.147713211937294392e-02,5.041980143600789839e-03,-1.142320184759747052e-02,4.736075540459805389e-02,2.168749804964185957e-02,-1.734147359165346194e-02,4.317426549064223157e-02,1.628217773157920878e-02,-2.129262022656288472e-02,-4.395035534592361959e-02,-9.038475434224477190e-02,-7.823871292672442135e-02,-7.501087432943739919e-02,-9.884873163491594839e-02,-1.978589575939169662e-02,-2.828525094373257609e-02,4.612199577135176441e-03,-3.196357099544000577e-03,1.107508041578049614e-02,3.614857468435402760e-02,1.075189385642176948e-01,6.777491682405712738e-03,6.772814065447017862e-02,5.373175918436894245e-03,5.396153549052959408e-02,1.605778086695539356e-02,1.909186979619279662e-02,1.031824520674111401e-02,9.284833748289421373e-02,9.070905081712157814e-02,1.707715514462650880e-02,8.416600091495454738e-02,6.359284773804134427e-02,3.852141283073140521e-02,3.235301845289299122e-02,1.176992084650124032e-02
-4.889758394943656550e-02,-7.133147019822621247e-03,9.025324456030582587e-03,-1.376603405389761614e-01,-5.785549531390171002e-02,-2.381011549769409541e-01,-3.590581952357538298e-01,-2.710445846023298300e-01,-4.190310535802018177e-01,-4.019242056418426690e-01,-2.897890382614341509e-01,-2.131521026682392794e-01,2.282960795469851367e-01,1.000000000000000000e+00,4.849744647110417195e-01,4.768288713637598430e-01,6.126549694389610279e-01,2.618150548827949051e-02,3.915569631816625540e-01,2.291729070896387707e-02,-2.185475268985963282e-01,-7.140784387428093793e-02,-3.391725155025374083e-01,-1.731150361285804518e-01,-2.421857783257161945e-01,-2.795494996981228164e-01,-1.571278376615416472e-01,-2.515856267675543601e-01,-1.721984094114110964e-01,-2.419670834500483036e-01,-1.410886519203892187e-01,-1.269086612669496628e-01,-1.884484375995686689e-01,-2.298585340686860878e-02,-5.460381034759743957e-02,-9.974033921678927828e-02,-3.053544822872680461e-02,1.103663911957892263e-01,6.843946423975472149e-02,1.210888755967727687e-01,5.706050373068232567e-02,1.138139836434546720e-01,1.228835682384241124e-01,3.807771447185290259e-02,-9.248451596886268777e-02,-9.984392416228200784e-02,-1.431872815495650875e-01,-9.886049543449035304e-02,-1.478141326594140659e-01,-7.512129491469615727e-02,-5.120269387565701269e-02,-4.714946750149633103e-02,-1.091780349493303402e-02,-3.892179037184872320e-02,-6.464965425870368432e-02,6.716865845276956404e-02,3.827688942957559876e-02,8.869627084959394447e-02,-3.621108444565952680e-03,6.296740684858288806e-02,7.601296396850638903e-02,6.379896305213249297e-02,9.203459480071989052e-02,9.381443833273113431e-02,1.905851227165499540e-01,1.765211026187204213e-01,1.043807659363237134e-01,2.648608315961569204e-01,4.326185341640331750e-02,1.844405383686923139e-01,7.491676949979385325e-02
-1.442703502265385851e-01,-6.100655675888179419e-02,-1.420022282937912494e-01,-1.226539177809417847e-01,-1.556866030992613559e-01,-3.741802788398118085e-01,-2.510983109233310695e-01,-4.132926926964160530e-01,-3.329693172000593449e-01,-4.326119697199617420e-01,-3.930336567714157181e-01,-4.042096265584394499e-01,7.573042876263774703e-02,4.849744647110417195e-01,1.000000000000000000e+00,3.053215709063564764e-01,6.074435563688029838e-01,2.729144223942698289e-01,3.356711980082794922e-01,3.002209988326327017e-01,-1.147211274033209660e-01,2.337709234604807562e-01,-7.525460970177710873e-02,-2.149030799459664479e-02,1.161166251109681247e-01,-1.180635096405638906e-01,1.052080195510781552e-01,1.522671938893201474e-02,-8.990043637561853651e-02,1.092651783009820909e-02,-9.044158545568278806e-02,-7.188724012473883540e-02,-9.328347181988185660e-03,-2.690368119454973964e-02,1.475924810264438647e-03,-1.121831797994269145e-02,-7.831991384767739151e-02,-5.071443055096236732e-03,-4.551174422585536894e-02,-1.733596101464577460e-02,-8.273393074479373777e-02,-1.856470273677875843e-02,4.100416875445001691e-02,-2.607457141922971122e-02,1.163755735007030931e-02,-2.602474461878932083e-02,7.062063061671640385e-03,3.392155514380423148e-02,6.518398650346412908e-03,6.362936344243559639e-02,8.708431113620339337e-02,3.468194529684220928e-02,6.477735170410126031e-02,7.140937766566113343e-02,-2.537115784071704641e-02,-3.076629177382818499e-04,3.235962004970124872e-02,6.341767898230714524e-03,-3.100236498701776366e-02,-2.014400617157517323e-02,-5.432509851737425677e-03,5.493813679904588354e-02,6.762419702565242163e-02,1.343505316334200721e-02,4.613176316449110748e-02,-3.356679313701042139e-02,-6.476664381780404545e-02,1.255406063595436265e-02,-9.766630682054991408e-02,1.231057025937573775e-02,-6.072626639346778016e-02
-8.670416090935359477e-02,-1.094073624040769604e-01,-8.223779070174518091e-02,-1.933788891943405419e-01,-2.203298185158309719e-01,-2.291815026595576676e-01,-4.264048957553778219e-01,-3.229696277770154889e-01,-1.451330846572103928e-01,-3.529999518580159701e-01,5.076441996779090110e-02,-3.004320247360006690e-01,-1.912674071520623631e-01,4.768288713637598430e-01,3.053215709063564764e-01,1.000000000000000000e+00,5.092155341990166617e-01,5.170230734136387341e-01,5.769687290241848343e-01,2.980363561235658265e-01,1.881594136316263877e-01,2.264793385739889420e-01,-1.443720940269857256e-01,1.352103919936686605e-01,-8.973406432876315786e-02,-6.623648228888905087e-02,4.430044923086722680e-03,-2.319325254988298668e-01,-4.854459168650839679e-02,-1.473971037177383148e-01,-7.171005931668998634e-02,-2.278803964420623301e-02,-1.113334550893060881e-01,5.587177417159926857e-02,-1.329145042248017911e-03,-1.675884490475975513e-02,3.699239041810707673e-02,1.337503088142625030e-01,5.643485800049739126e-02,1.258592208434397008e-01,8.376462778818459520e-02,6.903816009713976964e-02,1.052896207940128837e-01,1.952033623272199023e-02,-8.753805302200969030e-02,-6.669568458575843295e-02,-1.235257412230288121e-01,-9.054862727903865982e-02,-9.000942276979893852e-02,-7.968644940064448234e-02,-3.095501852528396644e-02,-8.505886061092800265e-02,-1.813678451551649709e-02,-2.959192576429782451e-02,-1.068803323604562705e-01,-4.671166620167105377e-02,5.652631803528328919e-02,3.129897239101946116e-02,1.294260508928752294e-02,5.698075072952026726e-03,1.855565102528565144e-02,-1.281108200331019728e-02,2.908188680568542933e-02,-3.724871113367313191e-02,5.621278015384073568e-02,1.298662075862867527e-01,2.843095936530992685e-02,1.659143003010651041e-01,3.609794268340038581e-02,1.221985948705116010e-01,7.890508852732149025e-02
-1.819359052304591884e-01,-1.183084438683554562e-01,-1.713965997410103193e-01,-1.966823274574068525e-01,-2.346339541348650137e-01,-4.030652372877172041e-01,-4.259595284635162571e-01,-4.776090255175847177e-01,-3.910046401474883138e-01,-5.283163715939622751e-01,-2.899478806566062050e-01,-3.939074887838269756e-01,-3.552491986999028323e-02,6.126549694389610279e-01,6.074435563688029838e-01,5.092155341990166617e-01,1.000000000000000000e+00,3.703017461986688463e-01,5.892022875701276030e-01,3.435897265300405512e-01,-7.510761856855142915e-02,1.946029672313000225e-01,-1.791442449129674597e-01,-8.079776384441780812e-03,-3.917841845668659090e-02,-1.382364823565210010e-01,-2.044223791495436426e-02,-1.388719657028631427e-01,-9.964476502645067124e-02,-1.122602223589582587e-01,-7.521245586407464268e-02,-8.256983960499286734e-02,-6.737109541791760914e-02,4.195317707733827589e-02,2.981290276533427389e-02,-2.089541070581578397e-02,-5.220085001899570781e-02,7.679567596267902752e-02,-4.704715631398653786e-02,4.581662702291462719e-02,-2.032147676190033947e-02,-1.562455643108119456e-02,6.351727575907985257e-02,-3.482366301223610572e-02,-6.827835482935440403e-02,-5.037099810361655994e-02,-3.895141107006648562e-02,-2.957248391025099274e-02,-1.390068208974629821e-02,-8.158796359537702839e-03,3.112603708667413538e-02,-3.840072375918580916e-02,8.916974617286002949e-03,2.387346585158996518e-02,-7.839193438412836445e-02,-4.545952489607956587e-02,6.108041696956583583e-02,7.215455032136158277e-04,-1.511141270207517866e-02,-2.495477599660893622e-02,3.934863522840342104e-02,4.687044277617421345e-02,1.189389654275130742e-01,6.373997869466882515e-02,8.950601956518532132e-02,6.130972143642938327e-02,5.030779074841656290e-02,1.464435495832099587e-01,2.067952288156012924e-02,1.252820854519249016e-01,2.808129628457233309e-02
-1.653443520204579964e-01,-2.070959023366018836e-01,-2.352689154493849966e-01,-1.874445623067367561e-01,-3.192990268611844984e-01,-2.201104356529055561e-01,-2.582971118557477186e-01,-3.002469204940442227e-01,1.252553581709315855e-01,-2.405383343337888225e-01,1.112924707622610226e-01,-2.390141030596737159e-01,-3.690895058198068179e-01,2.618150548827949051e-02,2.729144223942698289e-01,5.170230734136387341e-01,3.703017461986688463e-01,1.000000000000000000e+00,4.494725371930310409e-01,5.716010188872341358e-01,4.167392607616451361e-01,4.944894507182458487e-01,1.635610623051942936e-01,3.828011605093730729e-01,2.494640827082341972e-01,1.422800261602985561e-01,2.303407060908102266e-01,-7.742069238118758946e-03,4.599069315047175227e-02,9.221049880249196362e-02,-3.193956259785060009e-02,3.241602565314538609e-02,3.739361326680550740e-02,8.898510538434793726e-02,8.188890427635525660e-02,9.204137894170813516e-02,3.334735887420572226e-02,8.544559939041557195e-02,-4.349431906571961381e-02,-2.419629076988365733e-03,2.138761131733111359e-02,-5.775486158251726815e-02,2.217445943870578751e-02,-3.905933104324644384e-02,-2.851160070461856641e-02,1.195036778415006773e-02,-1.095780229942013885e-02,1.149304020926618028e-02,7.026044583827212309e-02,8.006143072562152754e-03,7.462974588374865492e-02,-2.356103463024259576e-02,3.708041001666298464e-02,5.016841583552451161e-02,-8.933050844227931331e-02,-1.416838072356550460e-01,2.024947335453054775e-02,-4.957384922558127210e-02,2.403992656121403931e-03,-8.090020017154245235e-02,-2.749727282496023523e-02,-2.691010011248256770e-02,2.902834405195481651e-02,-8.777476998511159201e-02,-9.005374707501859199e-02,-8.811073339694153184e-02,-1.086489351908954265e-01,-8.022056097602964231e-02,-1.209306474960145095e-01,-6.598768587746776937e-02,-1.129509311991396397e-01
-1.165045368667061432e-01,-1.273164449727900160e-01,-1.512354631496179158e-01,-2.663804994938743231e-01,-2.693369875448013429e-01,-4.076712836635802972e-01,-4.361895342526345143e-01,-3.969234855002439777e-01,-2.552023956505883318e-01,-3.830745427080036736e-01,-1.357702160282676929e-01,-3.549449018931442046e-01,-2.016856098799113539e-01,3.915569631816625540e-01,3.356711980082794922e-01,5.769687290241848343e-01,5.892022875701276030e-01,4.494725371930310409e-01,1.000000000000000000e+00,4.643226607535574368e-01,1.905038797009575291e-01,3.065601117316780755e-01,-9.849640107577747883e-02,1.414743277022796897e-01,-7.124014677333702361e-02,-3.790486825708798413e-02,-5.928375548007873939e-03,-2.133329761059087060e-01,-2.718270444081118120e-02,-1.415244876043392497e-01,-4.760939126273063676e-02,-3.417444415507671189e-03,-1.229255652369729696e-01,6.200610275936958848e-02,3.636921139748506421e-02,4.850515662951147139e-02,4.447485061017927843e-02,1.750359832156611894e-01,3.213790222538738528e-02,1.358655865270530227e-01,7.772638608908283286e-02,2.869553165625131005e-02,4.223224463443609605e-02,-4.521597642134091849e-02,-1.315348619570947397e-01,-7.941232519853676231e-02,-1.355203829043484520e-01,-1.208989124913573271e-01,-6.546045524750644662e-02,-1.152704034930552845e-01,-5.355949082920707927e-02,-5.355053342074993922e-02,-5.899556290781532777e-03,-3.099890171905340247e-02,-1.228632099605581757e-01,-4.495712853041568952e-02,5.576787140672943843e-02,3.180877894154589269e-02,3.172034542199340945e-02,7.511617833156800442e-03,4.809339320205849311e-02,-7.268806615107011385e-03,2.781934141368468116e-02,-7.190750485231355189e-03,7.411433911718424972e-02,1.056202073407298270e-01,2.800403857584817316e-02,1.634928767845885145e-01,2.706379197670420039e-02,1.510937358147513843e-01,7.335439184284162084e-02
-1.769839483958922932e-01,-1.368970903129177463e-01,-2.476797142224596848e-01,-1.549085305464616424e-01,-2.693960084000284194e-01,-3.143985016465986049e-01,-1.765573128124114932e-01,-3.162940967857681418e-01,1.007552771757879752e-02,-2.637740866860204814e-01,-6.008029922832928971e-02,-2.694350494849617750e-01,-2.887990094377566042e-01,2.291729070896387707e-02,3.002209988326327017e-01,2.980363561235658265e-01,3.435897265300405512e-01,5.716010188872341358e-01,4.643226607535574368e-01,1.000000000000000000e+00,2.683574486385245095e-01,6.416225252948842828e-01,1.673970679770986347e-01,3.647932063082595100e-01,3.695786708271582843e-01,1.380861089516212115e-01,3.490172947316657059e-01,7.864956595816122165e-02,9.524993512754589831e-02,1.850788030726485123e-01,-2.137710712697943327e-02,9.190312517140497572e-02,7.834173333537483574e-02,2.431630008312538060e-02,8.293545199594200279e-02,1.101983322614963484e-01,-4.999717193945379598e-04,4.965326256539946692e-02,-3.488245958695852106e-02,4.662006530418275931e-03,-1.129192470221430586e-02,-6.797826214056239269e-02,1.932645667295120745e-02,-5.214255271260764824e-02,2.056607261601621148e-02,5.342314162630766410e-03,3.249411117003343091e-02,4.524493335468227073e-02,4.589028602687719727e-02,5.912022923738725205e-02,6.336511248290523091e-02,-1.079774573995313618e-02,9.746849728069839625e-02,4.723571065601383373e-02,-9.375607554379616904e-02,-1.077615409690793058e-01,6.665248656514180525e-02,-4.683430730888374360e-02,2.098748343038571093e-02,-1.089773098935272744e-01,-6.328754082104777468e-02,-8.651017416755578393e-02,-3.343207705382450490e-02,-1.606697054125325874e-01,-1.437228485750423612e-01,-1.190584558148120309e-01,-2.201651631142841348e-01,-1.633123268979344289e-01,-1.757810783474336447e-01,-1.588693228013951797e-01,-1.159356600766640183e-01
-5.979094707741612613e-02,-1.020227354213416038e-01,-1.138729900799388683e-01,-1.232058018928631760e-01,-1.591185368328542071e-01,-1.140872220585276500e-02,-2.373679882869580982e-02,2.119125863694831802e-02,1.965924864051254162e-01,5.428762326580534314e-02,1.540171898755914037e-01,2.412451544117275720e-02,-2.405035365147870086e-01,-2.185475268985963282e-01,-1.147211274033209660e-01,1.881594136316263877e-01,-7.510761856855142915e-02,4.167392607616451361e-01,1.905038797009575291e-01,2.683574486385245095e-01,1.000000000000000000e+00,4.868962535181766138e-01,4.804496560866407529e-01,6.215804617711434554e-01,2.755851908500894787e-01,4.217030916669560203e-01,3.040717218028751168e-01,8.093734882662884100e-02,2.859958534155169763e-01,2.187151999147021186e-01,1.171896583306139966e-01,2.449699966636771087e-01,1.338149183704110678e-01,1.821165067464044773e-01,1.221929047899159709e-01,1.788520691601622470e-01,1.912959896826177397e-01,1.103284375998717787e-01,9.829171873540008385e-04,1.532803686953271294e-02,2.128906828362176970e-02,-3.647724199757203939e-02,-7.005098477735134666e-02,-1.064177883369531868e-01,-1.047436542493053180e-01,-5.191859004566227315e-02,-3.299358264633115573e-02,-1.342429991703376346e-01,-2.897091954683575325e-03,-7.104075686906499709e-02,-3.634373911881885744e-02,-3.383011520303698394e-02,-2.715469232312250902e-02,3.806037328476030018e-02,-7.122884495239512059e-02,-1.096692377637775301e-01,6.317681255767211568e-02,9.840106549647729614e-03,6.027206280975275221e-02,-1.093341698914924859e-01,-1.321998613717390580e-01,-1.298061259185989136e-01,-1.600692269857940386e-01,-2.036010736609812910e-01,-2.535986501556325434e-01,-8.810956938409071626e-02,-1.369083320556717942e-01,-1.814164508741225035e-01,-5.398035356404508149e-03,-1.754459702351449102e-01,-2.833757475870144621e-02
-1.794479039145353283e-01,-1.371178284298986971e-01,-2.278858845799428823e-01,-1.653758646607481064e-01,-2.539376705465909434e-01,-2.624968999688772620e-01,-1.210005362587242284e-01,-2.295464610955401663e-01,4.580982596120219963e-02,-1.633311965576574321e-01,-3.502467603369424642e-02,-1.978660356807426246e-01,-2.734021134562421573e-01,-7.140784387428093793e-02,2.337709234604807562e-01,2.264793385739889420e-01,1.946029672313000225e-01,4.944894507182458487e-01,3.065601117316780755e-01,6.416225252948842828e-01,4.868962535181766138e-01,1.000000000000000000e+00,3.253447814708181896e-01,5.664035644298711647e-01,4.814247501508518989e-01,2.596008941511223078e-01,4.458783412814698588e-01,1.404304469198743022e-01,1.611239807494871945e-01,2.696750525196670578e-01,1.259204778240843869e-02,1.484338516300773847e-01,1.334572338982022710e-01,5.572516200766557126e-02,9.146093228252190344e-02,1.648111019962554269e-01,7.511868432164141296e-02,4.126033163077973132e-02,-4.386971127416065125e-02,-2.269937331924438279e-02,-4.130624796935634252e-02,-8.036735401314616667e-02,-3.244702860691492385e-02,-9.001465391006685524e-02,1.278804285506013154e-02,-2.809466506506054506e-02,3.095145584311818562e-02,4.094935259629938276e-03,3.788554230165774861e-02,6.642536119710473752e-02,5.357668234640153293e-02,4.135621580344610825e-03,8.210045778682116546e-02,9.707789792336607437e-02,-8.180257725552936288e-02,-9.669744728749295193e-02,6.854700342135611191e-02,-2.324395014717372046e-02,4.952286418010141966e-02,-1.193774544011563521e-01,-9.226653683094517000e-02,-8.959940614212570653e-02,-7.718739987054849816e-02,-2.218416006949383568e-01,-2.281195775015242844e-01,-1.592590464167281394e-01,-2.525691525707662310e-01,-2.322968130556203603e-01,-2.121191619546752838e-01,-2.367442504225336364e-01,-1.507724825935049806e-01
