1.000000000000000000e+00,3.552216896797305012e-01,1.659886080758122828e-01,-1.264351040364538881e-01,1.202936422213280766e-02,9.690397686387731968e-02,-8.707294922155597861e-02,-1.670166412329982530e-01,6.206885838918287795e-02,6.131541467084705710e-02,-4.717693702417560114e-02,1.680774617058002629e-01,5.132208367553717232e-02,8.582396599826695727e-02,8.367543796516752064e-02,-2.353757936931614309e-02,-4.197907088021358285e-02,-1.190478047095789998e-01,-1.607971931645232194e-02,-9.529219490436416362e-02,-2.482653841152257512e-02,-8.699803963790013472e-02,3.473549316302228240e-02,-8.271948939726185557e-02,1.045352618673113521e-01,2.227954180394919048e-01,2.072913506892391788e-01,1.280653065049718042e-01,2.276154929012925987e-01,1.910195208106441056e-01,-2.825418419079820526e-02,-2.522312434895742639e-01,2.627592959712246601e-02,1.092426506948288023e-01,-1.792916797755758906e-01,-1.725042717929105018e-01,-7.182693828638191461e-03,-1.916387347689007814e-01,-9.631741627962447927e-02,-2.210931861685785371e-01,-2.359801406810786151e-01,-1.494545205893437478e-01,-1.302203351882063043e-01,6.637267193738120852e-02,2.863934773187926455e-02,8.214231988757579594e-02,-1.554696955154482307e-01,-1.428892400723197620e-01,-1.197533813292853550e-01,-1.238312545994696007e-01,-1.914587652581128396e-01,-4.832076568184881515e-02,-9.235676005240361919e-02,-6.329989202549116123e-02,-6.983709248642201717e-02,2.294325175840805295e-02,8.174081938576414907e-02,-5.502309641447739735e-02,-4.484448066413228989e-02,8.924897794962993736e-02,9.221525640843104832e-02,-8.240840400483333272e-02,-9.771991873716730226e-02,5.646273581522844032e-02,5.764756602588756024e-02,-2.400445688213267981e-02,6.269667640405643914e-03,3.442787249358449098e-02,3.521686523398552537e-02,2.345488348399752537e-02,-4.188026279311044681e-02,4.064853563324203473e-02,4.597175224761722301e-02,6.301603455346786731e-02,-4.445499109730472603e-02,-3.320058968886240719e-02,3.175652859979460202e-02,-2.853133664695393229e-02,2.751654234342209779e-02,-5.138400817479429200e-03,-2.318227054781510452e-03,7.128113883556158083e-03,-2.687947747016128375e-02,9.999459742122603426e-03,-5.095340324928131562e-03,3.370361391718728478e-02,-1.927697961988567021e-02,4.292234324774956561e-02,1.304649947910558050e-01,2.679557160445472305e-02,1.341799559086326787e-03,-1.926415708651473685e-02,1.414109672084082857e-02,-1.030726998775327412e-02,-1.799868328254569660e-02,-1.400029222490151160e-02,1.055150529473547656e-02,-3.199002487501533681e-02,7.930161403326642724e-03,-3.880832297954129456e-02,-4.225735798193887283e-02,-5.967608225092882468e-02,-6.113928428147653860e-02,-5.032364980561460088e-02,-5.383633548746401265e-02,-7.556100933342801106e-03,-6.179903383616394338e-03,2.510367747931519997e-02,-2.041070631837361374e-03,4.880242894402096743e-02,7.558336621159432445e-02,6.232745260139159471e-02,6.721736398664868162e-02,4.855858101919634240e-02,3.602809913463642620e-03,1.388679748780193880e-02,2.173740037139518418e-03,3.435554462031988748e-02,-3.806672826313464014e-02,6.069126012992168313e-03,-3.381327668347981069e-02,-8.398785276645216041e-03,1.108759934527936697e-01,7.935162566257784877e-02,5.922154800626937970e-02,6.618380999305094325e-02,8.532857438567260921e-02,6.886376378720054925e-02,3.673600702773910376e-02,-5.461112341833759126e-02,8.377367412092763055e-04,-1.714556533361472762e-02,-6.085709004851930920e-02,-7.145066470188070340e-02,1.084977005122857857e-02,7.471116862568766281e-02,5.520104052436542591e-02,3.069708357659227393e-02,9.227153835667459281e-02
3.552216896797305012e-01,1.000000000000000000e+00,3.094593696448464382e-01,1.544940400007024650e-01,3.264599647997344922e-01,3.640646680552386827e-01,-1.486961686412462125e-01,-1.819756856912220500e-02,2.756779591105944505e-01,4.161569594824048035e-02,4.091128729104336059e-02,5.239272646733627442e-02,-8.677941878538641962e-02,-1.029750496946837540e-01,-1.189394752922285220e-01,-1.713507210251695723e-01,-6.945936554315654266e-02,-1.549939991141300877e-01,-1.541237502883254229e-01,-1.305842059095498053e-01,-1.030582034326640167e-01,-9.964692678939826923e-03,1.114755890878449049e-02,5.976940334961280271e-02,1.271306224584132227e-01,1.368954608659053371e-02,1.220123561817753888e-01,6.330569553256436277e-02,-2.459348693999314356e-02,6.518432585686806391e-02,1.300570515076219236e-01,-4.958800427148044032e-02,1.956738836985148430e-02,1.695737807248740570e-01,-4.831441611265375677e-03,-1.202985281959440683e-01,-9.459426705523960033e-02,-1.786758964687668316e-01,-1.221971291916659069e-01,-1.228683854752794513e-01,-4.508099633508701881e-02,-2.555455557503628211e-02,5.931747994045348006e-03,-9.407479248638719871e-02,-5.067310707590092639e-02,-8.709931954556918154e-02,-9.692456807602164992e-02,3.950840710152377783e-02,-9.628324759501982744e-02,-2.456276466191422911e-02,-1.607960915809063251e-01,-1.176346163595943239e-01,-6.482839667316292465e-02,-1.035112143011722857e-01,-6.744561304202614793e-02,5.900822280901802264e-04,-9.398443243422444082e-02,-5.301812487022830589e-02,-4.492727836427518745e-02,-5.413606805809836192e-02,2.078898038498648571e-02,-2.114818641704965460e-02,-9.730234223834140217e-02,-2.133229283604083995e-02,6.382271265697847529e-02,5.618488943321225254e-02,9.113786488244400574e-02,-1.112690894934775321e-03,-5.618531028221619705e-02,1.077376507161758867e-01,-2.190558386095280835e-02,-4.103620542431611617e-02,-3.859218614462238406e-02,8.545947328973324542e-02,2.954873354434797011e-02,-7.690240728708643003e-02,3.088764542438073718e-02,5.774942662848544378e-02,-7.191317213696032939e-02,-2.748609381715692510e-02,6.505513081900386740e-02,-4.140334908476149545e-02,1.261967428217697189e-02,2.714175781615017422e-02,6.057242348512303226e-03,1.850282709873537698e-02,1.852267744424803894e-02,3.464116980574422078e-02,4.578450910815056590e-02,-6.909437359273522261e-02,1.849544526062481611e-02,1.182441798475710321e-01,-2.503332434290765716e-03,7.117707836210221406e-02,-4.989077181376750519e-02,5.052139340955603269e-02,-4.353072166974459450e-02,2.077175927381004483e-02,2.431391742769044816e-03,2.719458319550898014e-03,2.771938684082391260e-02,2.099164070898397547e-03,-1.337556389034265554e-02,4.100084471059559088e-02,1.362026246388292963e-02,7.520828721125499827e-02,7.229671280716704063e-02,3.650601832284329495e-02,5.520776777369775651e-02,3.003574884985033694e-02,1.483920917934110524e-02,7.399155894625729368e-02,3.697950705281617678e-02,-1.081713654592141895e-02,-4.031811595940167081e-02,2.602705068657664052e-03,-1.240095796638666231e-01,6.859497634897989207e-03,-8.987240443750192653e-02,-6.294717381775936926e-02,-3.330496770657414424e-02,8.118764388184632197e-02,1.109585980410614514e-01,6.663921722888711818e-02,1.971746306791839418e-02,9.235051364405545693e-02,7.356110476532293219e-02,-4.433916244189765182e-02,9.678510567237529061e-02,4.542098766664281334e-02,1.178783082774145508e-01,7.678352924565677584e-02,-3.209949761230199150e-02,1.034537689728060178e-01,-4.028305092307605390e-02,5.546254407232256711e-02,-4.565067401987352169e-02,5.331234366912145431e-03,3.622057979542985667e-02
1.659886080758122828e-01,3.094593696448464382e-01,1.000000000000000000e+00,1.845431164224738407e-01,-5.474903686704024608e-02,3.894577285273196909e-01,1.912642588254654663e-01,3.530933113393657646e-02,1.281325244176629297e-01,4.857790133263740345e-02,1.216473887450244956e-01,4.824216860256014261e-02,-2.550489930783366582e-02,-4.448298447173369696e-02,-2.521757627922168940e-02,-2.894708282747252698e-02,9.269619992515483464e-02,2.883360479907681392e-02,2.484263812574707617e-02,-1.839036526873663938e-02,3.283686375393055773e-02,1.371752545249252109e-01,-4.439579710741799537e-03,3.144947444500753586e-02,3.621159250756048747e-02,-2.376427535026338304e-03,3.083887819996722346e-02,5.527616858841922359e-02,-7.315821861924183198e-03,2.113566349226296201e-02,6.739971255893950630e-02,3.870782756160676824e-02,-4.818649418411023733e-02,2.049976915482879664e-02,6.745866513373655060e-02,7.542791447621714079e-03,-5.556180116992883583e-02,2.643905890020587998e-02,2.201826634346280842e-02,4.427818552901918031e-02,6.241235422511309805e-02,-5.495324079270812873e-02,5.731837915219864521e-02,-9.468919815181928157e-03,3.961783562262020941e-02,4.465899472585785346e-02,7.626898750979416164e-02,-3.567237099303349843e-03,4.159350399793646132e-03,-7.742440717708495845e-02,-1.060548814611183138e-01,1.080043387911278768e-01,4.115822372664789536e-02,-1.794802170397659935e-01,7.599066676801312717e-03,2.414092263321039600e-02,-1.433606666131842511e-01,-1.798357915761593928e-01,1.381976518893779093e-01,3.992272192481187421e-02,-1.643895564231752093e-01,-1.550236053814647019e-01,1.100214558658861586e-01,-5.756660874118122578e-02,-1.651873333292778745e-01,-9.566054737346224579e-02,-4.810959410971528405e-02,-8.513261294459170681e-02,-5.029099772599772422e-02,-2.595684692003629931e-02,-7.683911842737527198e-02,2.870679234088191478e-02,1.848404745210839861e-01,1.115355336775114697e-01,-2.681555343615275866e-02,4.348681297088729386e-02,1.391544371946092928e-01,-3.822884188031771407e-02,-1.793822447355685745e-01,1.576907944548177898e-01,1.327547576467343060e-01,1.033367323836205942e-01,5.015063945096976533e-02,-1.484904973355923204e-02,-7.905486250056248387e-02,-1.020000433291205211e-01,-3.582167408818438554e-03,-7.957761796533858664e-03,-3.328731955640087947e-02,-4.391877221253583791e-02,1.303566392874503039e-03,5.132937813665385679e-02,-7.070645153526748661e-02,3.177735009766317897e-02,-6.707898254390531889e-02,1.651656939175269109e-02,-8.069118558700505428e-02,-7.775033058034434841e-02,-3.383470645431577856e-02,2.833644686814437014e-02,-7.377723898020549509e-03,1.320326160192659797e-02,1.754351475392216392e-02,7.971476547033680415e-03,1.697665810127257924e-02,5.483686444278375316e-02,5.114175089047135608e-02,2.763485342895910871e-02,4.294700004612615751e-02,1.334847168250534975e-02,-3.269767722982031000e-02,6.260492400762852905e-02,1.414209242444117685e-02,-6.110987172137860579e-02,-7.337196677783935916e-02,-6.547828559648403990e-02,-1.408648691405836595e-01,-9.169306607742598592e-02,-1.098369659821736566e-01,-5.663804259119239320e-02,-6.700546258770911923e-02,-3.267608250644830209e-02,-2.957654112527960052e-02,3.186975078085849816e-02,-7.537853746598299765e-02,5.500726450329107564e-02,-5.145754935448952627e-02,-8.580685198409895853e-02,1.087838751176681690e-01,1.580298525214302030e-01,1.250416536727036732e-01,1.257382107987096431e-01,3.436796107036814429e-02,1.330697320016375196e-01,-9.696774931050164414e-02,-4.663986108703708361e-02,-1.452241048742189122e-01,-5.810273476669063943e-03,-8.735097194282652466e-02
-1.264351040364538881e-01,1.544940400007024650e-01,1.845431164224738407e-01,1.000000000000000000e+00,2.724559498377620015e-01,1.176819721372778654e-01,1.316015677314574250e-01,2.066489189325534104e-01,1.291777698049312861e-01,9.976661945839107593e-02,1.874558651581416102e-01,4.541279429932627149e-02,-9.746840035526412038e-02,-7.307154824775784208e-02,-1.105757218839931860e-01,-1.602841244017757516e-01,-8.175172535044712696e-02,-1.420408100672795326e-01,-2.180344528819986583e-01,-1.332568193245936838e-01,-1.812620332314246185e-01,-7.908843287222775548e-03,1.276750417369727254e-02,1.142345118524841219e-01,2.656431472420741138e-02,-1.633256560070928121e-01,-5.139905447955584600e-02,2.899069214088421595e-02,-1.795197036807802127e-01,-3.278836530449994596e-02,1.884670090134574483e-01,1.734411633325819990e-01,-5.087553240900286738e-02,8.900448944531381967e-02,2.190037279173732143e-01,2.494015822245595343e-02,-1.139059091739643703e-01,5.837883300775000006e-02,6.504076196792005216e-02,1.334211790999813296e-01,2.175133668930740449e-01,3.099401419957258444e-02,8.934479524067842626e-02,-9.034373825230422594e-02,-1.431905352593377256e-01,-1.020159762566795053e-01,9.212818751513432436e-03,7.722330126899885905e-02,-3.781954399055509342e-02,1.162097703398916604e-01,9.182471940218987771e-02,7.270462956646914221e-02,-2.313268896849211831e-02,-7.146155057420232326e-02,-1.600823894710380613e-02,-9.018800284802588885e-02,-1.653730820913838773e-01,3.004655990897224516e-02,1.098749258145891722e-01,-1.615756625826816339e-01,-1.319658020548910293e-01,9.761439483328041011e-02,5.521165538315507548e-02,-1.540862539260717257e-01,9.489673311526112751e-03,1.061183662479177198e-01,5.890679635269756298e-03,2.101893441042727503e-02,-6.101202996499455883e-02,5.510290412115480263e-02,-7.941658390264542955e-02,2.816800765548343327e-02,2.692745562255273103e-02,-1.013144993404663068e-02,-4.664334404834523384e-02,-8.983999359424638120e-02,1.428944961087121046e-02,-8.965102048986534067e-02,-1.896598202609734996e-01,-2.800702224508265850e-02,-9.627041458857921521e-03,-4.295300594707669728e-02,-6.063034935726123453e-02,-2.456857144351794892e-02,-5.188664015491492587e-02,-4.551568988863650272e-02,2.874783420748527191e-02,-1.683702352320081558e-02,-4.468207258226808420e-02,-5.515677932250077908e-02,4.981632009678899770e-02,3.234464160697226448e-02,-3.778913410440575254e-03,1.930092783300505974e-02,3.015262079839502521e-02,4.558432551264751144e-03,-6.617559564326427890e-02,-7.064976241065007954e-04,-1.275871848189446232e-02,2.089178753825628523e-02,-1.152014503122632955e-02,-9.702861524407553964e-03,-2.091849356543814403e-02,1.431143951184241613e-02,4.755523966746676851e-02,3.527778990205911180e-02,1.197630450665605230e-02,-1.410726263679563421e-02,1.503802133089055318e-02,-3.311232591991961766e-02,-4.034214999115975225e-02,6.370920999080492697e-02,4.574084372041369029e-02,1.960848926284811458e-02,2.095735909601140895e-02,1.095105953324592984e-01,-2.006457438061255705e-02,9.617937025929178263e-02,6.193884786454835478e-02,5.729587163215345280e-02,1.256900104606089585e-01,9.074998948111674679e-02,-3.847715493342764720e-02,7.914854002118201781e-02,1.015858406007010273e-01,9.974262854456396321e-02,1.270041334564691038e-01,7.548876607470571265e-02,1.123913046963467555e-01,8.563321341012374022e-02,1.128979060163306652e-01,1.581899521955073551e-01,-4.538982322925572827e-02,1.361651078612793331e-01,-1.399710174170952504e-01,-2.257183088168632917e-02,-1.250956643478288444e-01,-3.022189000046030666e-02,-5.047913577373355082e-02
1.202936422213280766e-02,3.264599647997344922e-01,-5.474903686704024608e-02,2.724559498377620015e-01,1.000000000000000000e+00,2.058656072765331080e-01,-3.238771647958889055e-01,3.058415372909252250e-01,3.444418330971206754e-01,-9.702346788346052214e-03,2.598675168455815560e-02,-5.037199052449226055e-02,-1.712323730572679892e-01,-1.765164841564028642e-01,-2.452526351852498399e-01,-1.795304996217921001e-01,-8.954227110101016518e-02,-2.308268936447464559e-01,-2.772793062722060387e-01,-2.324977396678467034e-01,-1.105497937728855129e-01,-3.285213781682166934e-02,7.912422062392966693e-02,1.095190342816172446e-01,1.093484994292495266e-01,-4.425686844303898526e-02,6.332418391003387381e-02,-8.396760528174028460e-02,-1.223989010671930333e-01,-4.930750348034099867e-02,6.752228082730252212e-02,4.394022658564863265e-02,1.254700871406798368e-01,1.124305050866693662e-01,-7.212381263988952573e-03,-1.329033678142518479e-02,2.316756949724028611e-02,-1.393672012000473914e-01,-1.653152918204037758e-01,-6.677354620035748367e-02,6.460034586806222279e-02,1.328400227093300690e-01,-5.968820417665395006e-02,-1.943332478200639757e-01,-7.942375138681463664e-02,-1.726886343119751477e-01,-1.203730280768123273e-01,4.006106559562124664e-02,-1.094554628508131039e-01,-1.619798716480408190e-03,-7.856071328906046036e-02,-1.048556477925218916e-01,-1.490384503835474710e-02,-8.851860038590023128e-03,-1.023719589505233361e-02,-3.131461359521634652e-02,-7.171066841623466304e-02,4.505128515452600652e-02,-7.737205378794646815e-02,-1.172819804853243164e-01,8.277936073838042252e-02,8.834649586868130455e-02,-6.997145334974806674e-02,1.901715721183646138e-02,1.367299140139775215e-01,1.594567223998523131e-01,1.409240395681164160e-01,7.855524961671177253e-02,-9.009684209912635633e-02,7.060158150043253922e-02,-3.804552827576442031e-02,-1.163273478142795303e-01,-1.847903485231176257e-01,1.136178360201936001e-02,1.332587033827445089e-01,-1.393440592063214523e-01,-1.215928311367350662e-01,2.276252085423179777e-02,-1.999821358878028227e-02,-7.018119982871035001e-02,3.655283646242712958e-02,-7.072983184422627911e-02,-1.378518070728693840e-02,-9.336246692765231767e-03,1.757638764940787704e-02,5.069731828423236497e-02,3.513043515682066215e-02,4.988953998927581242e-03,-2.864240246762833793e-03,3.467537545696611906e-02,4.340777457931051936e-02,6.257985222177495088e-02,7.593865774689081104e-04,4.774986613893261039e-02,-2.707818066831111162e-02,2.386223424674635551e-02,-4.818294894582404037e-02,3.847223763242527128e-02,3.258087651573187554e-02,-1.207928345836424555e-02,-8.484795894115068279e-03,3.256463695187705731e-02,-9.336055886222761196e-03,6.822099875878853692e-02,5.501793827723725633e-02,9.057629963282541607e-02,5.607729607605716621e-02,1.238743139470285456e-02,6.725874118473902652e-02,1.769888830469846033e-02,-1.020922085544705496e-02,5.692057418126589968e-02,2.666146181545307400e-02,4.954362978490836449e-04,9.068638964644538253e-03,6.753437111172107266e-02,-1.275382230910757919e-01,5.900619341475139834e-02,-4.913757604561101722e-02,-7.245125879889827147e-02,1.834193578247198322e-02,1.107325261448369319e-01,4.327261956014437361e-02,3.773704834601282476e-02,8.650798894299009667e-02,1.345955887937797801e-01,1.097807534388208633e-01,5.677377431701020882e-02,9.719311308343879519e-02,8.006027581133109972e-02,8.781087888750704895e-02,1.475178638212110982e-01,3.796583785513479858e-02,1.463177489993642000e-01,6.724213265243236815e-02,1.410287426475408390e-01,6.122646498867684306e-02,6.947111426019515756e-02,9.691536454446326998e-02
9.690397686387731968e-02,3.640646680552386827e-01,3.894577285273196909e-01,1.176819721372778654e-01,2.058656072765331080e-01,1.000000000000000000e+00,1.900437260619570745e-01,5.617960363557483738e-02,2.749830171358278452e-01,8.238738885270210921e-02,1.974734994980004432e-01,7.032966417649208490e-02,-7.874467301064762281e-02,-1.935972219812931161e-01,-1.413202046023374070e-01,-1.602036162248026419e-01,3.422586674143044544e-02,1.513991022637495298e-02,-4.607785926066478022e-02,-6.012543595445988404e-02,4.617136902288273594e-03,9.306143928845331259e-02,-5.705296057577555896e-03,-2.047072200606518677e-02,-8.519182514979069254e-02,-9.877037341509180279e-02,-6.194921730226762846e-02,6.185407894293178804e-02,-3.567130610506585864e-02,2.084024837506154304e-02,8.502226758954105346e-02,3.731307511107430364e-02,-1.602431256368532231e-01,-6.496422614300401306e-04,1.219023078737842131e-01,-3.082492644886527383e-02,-1.306341199993794611e-01,5.980372937206361594e-02,9.868804125219501899e-02,9.193865432738572430e-02,5.341096995323254409e-02,-8.900796810243878643e-02,9.671454076956610690e-02,1.636969959999853841e-02,1.449728738545463975e-02,1.455376774107533175e-02,2.530810099165498733e-02,-2.417438147222424625e-04,1.445388655480307327e-03,-7.226520367614092111e-02,-1.284532368637919808e-01,3.546823094959220685e-02,2.041049591318635018e-02,-2.379577082207874061e-01,-4.162213548627887588e-02,-9.167628217652729061e-02,-2.175905828295433553e-01,-1.217218680563524752e-01,5.716112112393145761e-03,-1.061969045092318875e-01,-1.060309275480089547e-01,-1.051511774662454018e-01,-4.270091931228765098e-02,-7.929813370923084748e-02,-3.755940153367790663e-02,-7.587428075520954995e-02,-7.083714054028726614e-02,-7.630945994978988178e-02,6.409075402524968407e-03,1.292785900828652690e-01,5.362179642994963774e-02,3.977445191827958665e-02,4.278558630437807181e-02,1.592784814345331035e-01,5.719334645881711532e-02,-3.882075704437728397e-02,1.064354734764752231e-01,1.315047452926718929e-01,-1.150983112547946524e-01,1.034109810548293831e-02,1.085466046825319664e-01,-1.630081906975531722e-02,6.082273252410917014e-02,4.169447255159822868e-02,1.245018205531713516e-02,-7.437224818925365112e-03,1.431882657444215334e-02,1.759396663436549497e-03,-4.662460371819366484e-02,-7.968878018349871695e-02,2.049599512920056640e-02,8.845885799462434307e-02,2.258967584464286263e-02,1.445310612680300033e-01,4.017899289096911464e-03,1.165866961303181765e-01,-3.038918852027438231e-04,2.791483952913368510e-02,4.591344905942728455e-02,-2.776504509223950718e-03,1.950784592445763480e-02,3.314220577783252158e-02,4.312710064684095040e-02,3.992720068873310824e-02,1.162410444916977398e-03,2.211229711353314420e-02,1.010672143064507596e-02,-2.037481856962603671e-02,-1.746993201858569253e-02,-2.918864801944090134e-02,-3.789530325898633756e-02,4.712606194723577280e-02,-4.979674466196334914e-03,-3.535780629683737269e-02,-6.170948147710090398e-02,-4.660632798122939235e-02,-1.841930549920031412e-01,-3.758334621501834699e-02,-1.310136595153438277e-01,-7.209723043313220892e-02,-6.130076947890836930e-02,-4.477780904648542837e-02,2.676896505030208068e-02,-4.103639676078284920e-02,-1.209814471334735853e-01,5.215453027393919527e-02,-5.784986073930793032e-02,-1.766203345881594833e-01,1.243708334013542832e-01,1.831070530060510959e-01,1.946460875877973895e-01,1.611440162103162932e-01,4.665095604747689778e-02,1.957455803099167058e-01,-5.187084050423127618e-02,-8.470075920066240513e-04,-7.080753221607369308e-02,-2.946690356522187887e-02,-4.797032416879695033e-02
-8.707294922155597861e-02,-1.486961686412462125e-01,1.912642588254654663e-01,1.316015677314574250e-01,-3.238771647958889055e-01,1.900437260619570745e-01,1.000000000000000000e+00,1.543243855657649155e-01,-1.408934048115379201e-01,1.638971700357423067e-01,2.868837181806624947e-01,1.168002397045703883e-01,5.543736781355222687e-02,-1.767711193178797546e-02,1.181890163523295345e-01,-1.992845468708891871e-02,1.489429730699886462e-02,1.389044714233336197e-01,9.399015710597903583e-02,1.544121059598724810e-01,-9.624205297505328272e-02,-3.006952536267061549e-02,-1.999714879421452540e-01,-1.932681741869993197e-01,-2.776356582117273097e-01,-1.801190131039739351e-01,-2.367404203275322583e-01,8.710381073260559104e-02,-2.408555070294966793e-02,-2.343517868279710453e-02,2.249132082385609660e-02,1.230677971411114763e-01,-2.842605858643899031e-01,-1.697685113652847022e-01,2.371415774274648336e-01,8.570157668257794015e-02,-1.258597077536644793e-01,3.217040845622488043e-01,3.622166533426480206e-01,2.767431497896701842e-01,1.238750455148943247e-01,-1.205997361432125242e-01,1.513292177922296866e-01,1.256299389159823976e-01,-7.401143933524848353e-03,1.710560377098228613e-01,2.093908591580371514e-01,4.927504259404545672e-02,1.602560385909031770e-01,5.433050003800020400e-02,1.139935138434772788e-01,2.448095927950955653e-01,1.054222162161067566e-01,-1.469559357970499636e-01,4.314323055436514176e-02,-1.667484028646306071e-01,-1.563578670012982785e-01,-7.650821734763643689e-02,3.822118379305109587e-02,-1.215377925274573612e-01,-1.549409752779863370e-01,-7.724428730197170634e-02,5.464862648435794661e-03,-9.696093846993091014e-02,-7.353113388461755828e-02,-1.639462497572534982e-01,-2.012464142753992158e-01,-3.793749918813452138e-02,8.681547050751126093e-02,3.805575137500012001e-02,5.973103589786104423e-02,1.241494230806667320e-01,1.618720582333773306e-01,7.856175573425261405e-02,-1.697561908053544719e-02,7.517562850310341438e-02,1.523959230695743905e-01,9.708337620029780513e-02,-4.798014172828862084e-02,3.925781006063555623e-02,5.760612906084983109e-02,2.009599456736776632e-02,9.275808934189289090e-02,5.760315815043776100e-02,5.933082324594684404e-02,-5.023160512286776840e-03,-2.361809550994684731e-02,-6.981961521159339712e-02,-1.352881109863937614e-02,-4.482456251979467093e-02,-4.558287170636234759e-02,-4.429945757797801309e-02,4.437192311781341936e-02,1.080519331337585764e-01,8.053192962166488833e-02,1.032100164463386621e-01,7.966196913577443250e-02,1.134549361494058967e-02,2.690156299553362121e-02,4.964608131096534364e-03,9.079836050472892342e-03,1.215891198959528213e-02,4.401983998225493522e-02,-1.266066859728831248e-02,-3.283202349266758913e-02,-6.573929592768520958e-02,-8.138305017381858297e-02,-8.864759799161268938e-02,-6.964118853717980728e-02,-9.027187157805154072e-02,-8.220228576635171813e-02,-6.300627142323284025e-02,-4.429841633732195527e-02,-2.515912627925449493e-02,-9.616104922456512882e-02,-5.603179897008130766e-02,-1.977243661506283834e-02,-5.563681472358349839e-02,1.560492292732622820e-02,1.588735667761552103e-02,1.113945260386253917e-02,-9.823267229075632878e-02,-8.741286421047742006e-02,-1.145685277013892139e-01,-8.490154506668703971e-02,-5.133161508894629882e-02,-8.488350729133666006e-02,-1.021312058957151575e-01,-1.365179175988813845e-02,6.031916992854447629e-02,7.503689050803277749e-02,-2.296640441212175268e-02,-1.218789641981046223e-01,-2.832722739134201431e-02,-2.254687425704509085e-01,-2.447422355496800817e-01,-2.083714249979094491e-01,-2.143931507901220002e-01,-2.168305501713378713e-01
-1.670166412329982530e-01,-1.819756856912220500e-02,3.530933113393657646e-02,2.066489189325534104e-01,3.058415372909252250e-01,5.617960363557483738e-02,1.543243855657649155e-01,1.000000000000000000e+00,1.665393666646067805e-01,-1.958901985339716115e-02,1.922255804225074249e-01,-9.339601310902377607e-02,-1.122119116656208337e-01,-1.902081668184922025e-01,-1.745444716499186255e-01,-1.012610753298835431e-01,-5.277160811295177750e-02,-8.920493401496475128e-02,-1.070466141303039048e-01,-5.761547570740101903e-02,-1.178385600139937178e-01,-2.027979306993215464e-02,-8.671946034758477861e-02,-1.066622403700815021e-02,-3.964618364169072984e-02,-1.446342621374956949e-01,-8.456459128829614535e-02,-4.276137196854341155e-02,-1.376635134000590288e-01,-6.323494557310702091e-02,6.773906664722149917e-02,1.307303471322721622e-01,-4.239129229514812525e-02,2.067688547968563138e-03,1.388534165555196098e-01,5.843046339910590997e-02,-2.747554601930432203e-02,7.177954357776333838e-02,6.464093493212094699e-02,1.141892885820931097e-01,1.602640884412900035e-01,1.460525933421791545e-01,6.985945114867940812e-04,-1.556570334703067660e-01,-4.596974876025230333e-02,-2.313323449567668971e-02,9.377137243092296959e-02,1.329654760950605419e-01,4.850434683465223995e-02,6.914672347210640280e-02,8.748243906484168275e-02,3.984967262496128676e-02,6.295190735128317061e-02,-3.097539813838473891e-02,7.960208005295783817e-02,-5.612182341769137578e-02,-8.388432649151544851e-02,-3.305796849051294978e-02,-2.562123601329310829e-02,-8.688385415640891007e-02,1.898293731670662107e-02,2.599681116328266678e-02,-1.103504266774542331e-02,1.521633820821341639e-02,2.388957642392715991e-02,3.828256778610394234e-02,7.739186912904245583e-03,4.848091936399145409e-03,-5.409052553047425521e-02,-3.187371868851936185e-02,-2.808168308488968173e-02,-1.068958334344942834e-01,-6.886053605061419336e-02,-3.958682556714918782e-02,1.109166984601689804e-01,1.997496165437390864e-03,-7.800410165420290642e-02,3.255153106152778447e-02,1.989460241212110542e-02,-4.864948847737611028e-03,6.831484815526449317e-02,-1.910896409249680447e-02,7.610626520186038191e-02,5.727695257198835849e-02,6.171109824100599883e-02,4.349781149328925400e-02,8.315178510014512719e-03,-2.783452232383491765e-02,1.341990761718845487e-02,5.670830758963621432e-02,-2.374422170460421117e-02,1.401653374906148414e-02,-1.961194209603037836e-02,2.379075538963178887e-02,4.522299315907155927e-03,8.341208139520772669e-03,2.707447696247456802e-03,5.294699405687824413e-03,-1.135667052542498924e-03,-1.224874376050752618e-02,4.663662495590219746e-03,3.527436719867106663e-02,4.617732131074241998e-03,3.906178746603117258e-02,7.054626851140576027e-02,8.421942466935666838e-02,4.006936045112174244e-02,-1.109016440541193624e-02,6.832208510120540979e-02,-1.302796681468809323e-02,-1.038375313667047467e-01,1.299487471427381718e-02,1.694478427794165326e-02,-3.521380899117347585e-02,-3.356361785045410689e-02,2.931123974844762961e-02,-1.086684712674332587e-01,-6.688399911061724580e-03,-2.943421695752662312e-02,-6.603922810772805407e-02,3.368871199798956911e-02,5.626727233941327538e-02,-2.970663108928408083e-02,-6.837178837220454775e-02,-1.811444408027732683e-02,1.672375319781600539e-03,-5.269858361532783059e-02,-3.099457157916646680e-02,6.970986976899101739e-03,1.361427711122209228e-01,4.145613417055721978e-02,1.053374070027741083e-01,4.426605446170770591e-02,7.284458741388892544e-02,-3.124394618743730687e-03,-5.184860214779188348e-02,-5.418548422143933813e-02,-2.457046114268704798e-02,-6.912238986343739733e-02
6.206885838918287795e-02,2.756779591105944505e-01,1.281325244176629297e-01,1.291777698049312861e-01,3.444418330971206754e-01,2.749830171358278452e-01,-1.408934048115379201e-01,1.665393666646067805e-01,1.000000000000000000e+00,1.845203815616443255e-01,1.040092454160304464e-01,1.554585183478432997e-01,-9.810071249224340539e-02,-1.492594183194197177e-01,-2.309883064972816924e-01,-1.747147847516442032e-01,-7.453598417749586480e-02,-2.328584114699146224e-01,-1.694669307356709009e-01,-1.946481301520226748e-01,-1.245826696761002106e-01,-3.521758895419632718e-02,-1.354123631064822753e-02,-9.394804256434761969e-03,5.452091336258473031e-02,-3.788702725615605837e-02,7.202326010768279885e-02,1.030228288040668516e-01,-3.291598909302121539e-02,9.127766486305670390e-02,1.761347424812151063e-01,-2.977731967204844121e-02,-9.010189764747764118e-02,1.559551249733327483e-01,6.834520599593130186e-02,-1.479843126470412329e-01,-1.644513654016498960e-01,-1.236827074249784164e-01,-3.370993389479606112e-02,-6.221878182923150369e-02,-6.169330597555687870e-03,-5.924728906446348475e-02,-2.247467610588515033e-02,-1.704652048210045234e-01,-8.601195833066171970e-02,-7.922631127575614773e-02,-1.088650195962675565e-01,1.476426775147076861e-02,-1.224295810035983395e-01,-3.519563882241365238e-02,-1.371650106259315327e-01,-1.233349673852842943e-01,-5.719626166349153079e-02,-8.693279918446365773e-02,-1.146414554979882372e-01,-7.381174569796386531e-02,-9.757984272021773264e-02,1.905602652488163837e-02,-6.826465293568365067e-02,-9.886575988441557994e-02,7.587125167564530426e-02,5.430675012824339593e-02,-8.650073063013467844e-02,1.204109381709130705e-02,1.224311259434286842e-01,1.102612520902930965e-01,8.901031534503153764e-02,-1.572358008985306338e-02,-4.301178534624403721e-02,9.755039852001240464e-02,-6.571645724590727267e-02,-7.180717847837574108e-02,-1.100565810235741571e-01,3.097939156412845077e-02,6.626959637066123787e-02,-1.176698471011306951e-01,-5.185029318808561521e-02,3.585385519835432300e-02,-7.267727048570692128e-02,-5.721616469266174732e-02,6.252877396684200680e-03,-5.673335650708858507e-02,-3.603189855444324102e-02,-2.128591215464659819e-02,-3.271525714865620993e-02,-1.780299061953290532e-02,5.934053550989915743e-02,5.077391568155503743e-02,-1.170622984949174286e-02,-2.906367790273567051e-02,9.247198620936536440e-02,1.136689529900595380e-01,6.998200440142615664e-02,7.122872812382056995e-02,5.387420608043692882e-02,2.325351620579615974e-02,-1.091189495720560655e-02,2.997567873400158213e-03,1.394785935317365173e-02,-4.337662570755319857e-02,-2.946679935903352698e-02,5.206725737413467683e-04,-9.867672881001866153e-03,1.922144960936575733e-02,1.680209442748455129e-02,1.929169420903069365e-02,1.417416371659844902e-02,-1.126360818272560682e-02,2.555150661387483799e-02,1.764522310158927673e-02,-2.169539571836900937e-02,5.295781070490555853e-02,7.936875071776361423e-02,1.348684349944382320e-02,2.886665686601361247e-02,1.171372797438434560e-01,-1.849650099976697659e-02,1.185635599726581613e-01,-4.218378717785369048e-02,3.312578682437337593e-03,1.325837364584856945e-02,1.300954860209956321e-01,1.296762935732667932e-01,1.084702235832292333e-01,8.425493410470491495e-02,1.134187497545171008e-01,1.562418978652927448e-01,2.032220762061681327e-02,1.235806194629170962e-01,4.839676643151373525e-02,1.358477664908455951e-01,1.719082761768906120e-01,-8.681020697830679755e-03,1.383017996120117499e-01,-2.471691149274394400e-02,4.626302511684234758e-02,-1.594882854458834487e-02,-2.186716885525749957e-02,2.017693953237984297e-02
6.131541467084705710e-02,4.161569594824048035e-02,4.857790133263740345e-02,9.976661945839107593e-02,-9.702346788346052214e-03,8.238738885270210921e-02,1.638971700357423067e-01,-1.958901985339716115e-02,1.845203815616443255e-01,1.000000000000000000e+00,4.132183230738053492e-01,2.967372088738304825e-01,-1.627980055549044236e-02,-8.599399352909374572e-02,-5.730318939562978331e-02,-2.289534068164753855e-01,-2.204310862066877208e-01,-1.640484578661289272e-01,-2.250523743920798403e-01,-1.105016925214833273e-01,-2.633264354394376783e-01,-1.050362710814304740e-01,-1.618531213236160116e-01,-1.091575212226747471e-01,6.300509773316026463e-02,-4.240457141899611065e-02,4.791748572742886986e-02,1.605428095184172343e-01,-1.182484295667905749e-02,1.391919611200887474e-01,2.135924914512606909e-01,-2.173074429574845673e-02,-1.317223612583938164e-01,1.629655542518960443e-01,1.086602625829770352e-01,-1.446898489339717153e-01,-2.204867328952639649e-01,-6.032055900801978204e-02,3.805062475704166364e-02,-5.644965821388168298e-02,-5.536758137501988919e-02,-7.427333152936213545e-02,2.314636200930101501e-02,-5.784285669848723832e-02,-9.115424564759740111e-02,-4.660309499975227865e-02,-9.094879554754940754e-02,9.536707459531383602e-03,-8.368913681111991854e-02,-5.815790330727758917e-02,-1.032562845092373227e-01,-6.600945519177060274e-03,1.023215514147624537e-02,-1.619093814634962325e-01,-2.300121413044381169e-01,-2.128253815829131701e-01,-7.267749035566413440e-02,-8.729306477294535016e-02,-1.560115020738151725e-01,-1.205139647557682964e-01,5.863363643763041394e-02,2.152139696357690049e-02,-1.272990352075127063e-01,2.513980192359725752e-02,1.411219634976858539e-01,2.159235210631448368e-02,-9.186662758627189840e-02,-4.960465548995365154e-02,9.676461504297305394e-02,1.094415519333552522e-01,-1.936810531207143818e-02,8.906277921667350717e-02,-8.464238323603592504e-03,2.974344192125929001e-02,-7.354603500022589835e-02,-1.005580337761106807e-01,6.105516626836487298e-02,1.022668560661531140e-01,-2.480151235475766894e-02,-3.134895709085143423e-02,-1.913385366733187307e-02,-3.796520007169324612e-02,-1.876135161744397345e-02,1.341910267933250564e-02,6.044276490066288234e-03,1.668910975275929992e-02,5.033640393040161864e-02,2.221121828019129510e-02,-1.823308698090716704e-02,-4.160381811120122258e-02,5.771122591096577298e-02,3.378469644253993126e-02,1.196533923043381492e-01,1.311345402173372809e-01,7.634760232999648899e-02,1.018167787065549085e-01,8.150195591286822638e-02,3.211547745669093845e-02,2.943423791532332259e-02,-4.638015764284593445e-02,-7.147875305185767691e-02,-4.648512583582366936e-02,-3.343068857343400174e-02,-3.356455824602338350e-02,-2.447571811035592626e-02,-6.913543009283021346e-02,-7.123795323841057570e-02,-3.272098017049011182e-02,-7.582002674086248117e-02,-3.760433679389641598e-02,3.210782256202707186e-02,1.881016706575587213e-03,2.736274425999911039e-02,1.174585063261469331e-01,-1.729407273036433559e-02,8.972713150954014782e-02,1.032943988990722151e-01,1.209475753324061043e-01,1.381763612586240642e-01,1.342148917746537329e-01,4.158888524627530475e-02,3.672470106774865239e-02,1.369306192718908188e-01,6.746434938038284312e-02,1.336395297390557679e-01,8.424095702013845166e-02,2.081489101910633799e-01,6.245340916813203747e-02,1.002699180942241697e-01,-8.382848055127235798e-02,2.029563478736428339e-01,6.172856747152781487e-02,-8.983676520182072578e-02,2.596552047151173825e-02,-1.676095217600239162e-01,-1.032673540253067623e-01,-1.106936363738977025e-01,-1.328673512146324731e-01,-8.316021946717531976e-02
-4.717693702417560114e-02,4.091128729104336059e-02,1.216473887450244956e-01,1.874558651581416102e-01,2.598675168455815560e-02,1.974734994980004432e-01,2.868837181806624947e-01,1.922255804225074249e-01,1.040092454160304464e-01,4.132183230738053492e-01,1.000000000000000000e+00,1.268379615452266962e-01,-1.440127379667993923e-01,-3.056297492468033061e-01,-1.680579207787045171e-01,-3.185920466498041170e-01,-2.031063028992325104e-01,-5.210965885174231177e-02,-1.769290162625940521e-01,-1.567720019458042693e-02,-2.189122927641703187e-01,2.673843869849468202e-02,-1.538463773440454374e-01,-2.597251565086395458e-02,-7.137602821099273132e-02,-2.104270700605025690e-01,-1.369166459185233164e-01,-4.055222681051882244e-03,-1.710624159984163173e-01,-4.762537164404453266e-02,1.239476040398665435e-01,1.710189026070252916e-01,-1.506141729059193857e-01,4.712227607972225771e-03,2.479963891083560301e-01,3.954234772942457482e-02,-1.524410899250075169e-01,1.373262735081268726e-01,1.242202545507116312e-01,1.567248044997675283e-01,1.569618520785061588e-01,7.264005417909674689e-02,1.423249915655923070e-01,-1.636952314361353120e-02,-7.620769078678277242e-02,-3.366686732597355680e-02,7.347297983635059371e-02,1.101702145332748434e-01,7.615646717121916931e-02,3.497709648980708991e-02,7.229987660409277483e-02,7.662324254702690407e-02,1.076259761383549368e-01,-1.098529414586991715e-01,-6.608337944123890417e-02,-1.596995580569067485e-01,-1.262959950802362008e-01,-8.790424568890022050e-02,-6.466101996864670465e-02,-1.145105949695165715e-01,-8.634663926679067569e-02,5.953530433505326534e-03,2.814646626347683950e-02,-3.075670503294845523e-02,-2.294401529160395442e-02,-2.154081409102249350e-02,-1.005919837679157131e-01,-1.041309840990031765e-01,2.047438571694564901e-03,2.994754405160925115e-02,-1.741537152968504649e-03,7.716721110796007088e-02,6.511307867109501768e-02,1.193878667906205990e-02,-2.874911849609936010e-02,5.173662573411333052e-03,9.603606221534265186e-02,7.114217007488519984e-02,-7.250077863546988688e-02,3.225483090233593336e-02,9.144374698078079622e-02,3.565369763406965598e-02,8.582139627144579064e-02,9.235958402339071449e-02,3.251571056374132074e-02,-2.428383427451043242e-02,4.660384497195729780e-02,-2.560581502160417036e-02,-6.553554433749779473e-02,-6.720373473244620199e-02,-1.347607537165568248e-02,3.440104687912880904e-02,4.857079662030267669e-02,1.081819540273224467e-01,7.928670040469083802e-02,8.979529404762245925e-02,1.930719317612120123e-02,5.047942752328007758e-04,-1.175189575406491993e-02,-1.085218427573285361e-04,-2.674243977090897534e-02,-2.775356699858509343e-02,1.237988492875145407e-03,-3.609141012861085546e-02,-9.223840218907698035e-03,-4.327620126899133640e-02,-3.982181768380334969e-02,-1.007237847753783902e-02,-5.555979426299853530e-02,-2.857988681204122472e-02,-4.739020492693668540e-02,1.110360994674632756e-02,3.192193041552274929e-03,2.399796980814692532e-02,-5.132574164341631440e-02,2.047478656760411478e-02,-7.396005092041716463e-04,3.710170161249766452e-02,6.866035233982660524e-02,3.971262742663518586e-02,6.131191166298387285e-02,-2.803496424562208073e-02,4.282792120931653429e-02,-1.300386431884200875e-02,-3.143366304116117227e-02,3.642962346707962623e-02,4.707177832512551147e-02,-1.115117370319434476e-01,1.521711490986213666e-01,8.768743033135126264e-02,2.636474738116276195e-01,1.603985653616960272e-01,3.561049035206187430e-02,1.399933235154348365e-01,-1.234770021225374270e-01,-1.184192877078829031e-01,-1.354158052851434924e-01,-9.619309868568090560e-02,-1.317753125167559491e-01
