1.000000000000000000e+00,4.317139196038171645e-01,6.294826439517235972e-01,-4.867904260811241057e-01,-4.103174606653552936e-01,6.991555111605637363e-01,1.995871926675137353e-01,-7.250953930987220630e-01,4.174666262461273342e-02,7.436147444682642549e-01,-2.680542574557104318e-01,-6.573147852342992037e-01,4.506845360504128095e-01,4.895439558988906037e-01,-5.058541663526677779e-01,-1.794335206499099167e-01,-5.252833357308239748e-01,3.534277619997187037e-01,-2.987798121031047249e-01,-6.074034471682226988e-02,-3.552163054974175616e-01,-5.222020847622106388e-01,-1.116292785306133017e-01,-1.100113033155751263e-01,-4.791231768263844448e-01,4.696920459101487366e-01,-1.790367612179084023e-01,2.043468457208668654e-01,3.482632046489793076e-01,7.721792135629986786e-01,2.527433415136356443e-01,7.646276452873103091e-01,4.657738807685801730e-01,6.858338351406795264e-01,4.928214894161906945e-01,1.695977969865168078e-01,6.965157504862364846e-01,2.042019039955992321e-01,5.802986426693684807e-01,-5.329611121779211924e-01,1.042414868244749410e-01,-5.880939888088567713e-01,1.299476633118001323e-01,-3.866874924972623639e-01,-5.526430704031908281e-01,-4.682814609240176229e-01,-7.326584815255654526e-01,-3.593327583075618947e-01,-7.165845570440927403e-01,-3.676873059436732150e-01,-6.986144835955447885e-01,3.084680811065307338e-01,5.814822755882539385e-01,7.875489985633257195e-01,-8.691022894983625735e-02,-3.677590523610477780e-01,4.544501382284275581e-01,6.405540823194020295e-01,-3.737021943752673603e-01,-1.350123141692148310e-01,7.687894871980558431e-01,2.402923792587768892e-01,-5.000910586380088452e-01,3.388521348111577791e-01,7.398943467858717371e-01,-1.560480243232926778e-01,-3.859895203469203007e-01,6.108166403894493834e-01,3.979647754677516636e-01,-5.989229818709683739e-01,-1.030356798637977050e-01,1.234374141718497381e-01,6.081367906031328596e-01,-2.312192442744743781e-01,2.153480300452829677e-01,2.185543666009145611e-02,1.793585519156969121e-02,-7.477438213503445619e-01,-3.303640507034630303e-01,-6.296820026354691402e-01,-5.579628604496972288e-01,-4.066432725902542344e-01,-5.978631036727579673e-01,7.573016233183203771e-02,-6.996266958388008828e-01,-1.072068208019759800e-01,-7.126211764573581187e-01,-2.924077996306658211e-01,-4.067633251791795690e-01,1.859577448635992003e-02,-1.528154505483321490e-01
4.317139196038171645e-01,1.000000000000000000e+00,7.054957658549761146e-02,-5.079236080833225975e-01,4.870376905283244628e-01,8.231647321951457430e-01,-3.596388516033240390e-01,-2.774463266196888211e-01,8.438767869261578625e-01,4.532136109769566157e-01,-5.688010840262566203e-01,1.047241276122915787e-01,9.454010670621371126e-01,1.816363343650470585e-02,-6.700663627767086128e-01,2.836732494756439849e-01,-5.068644388458319883e-01,3.027684623659847585e-01,4.089718414354212017e-01,-4.959063487784911572e-01,-7.982684618382436259e-01,2.486346406479970628e-01,2.337788919778896191e-01,-8.146011881547809974e-01,-4.989299512092698619e-01,-3.355978186794349449e-01,-4.121883498331884721e-01,-5.307221176836856014e-01,-1.525538193665374187e-01,2.164824419217330209e-01,-3.456637466881192777e-01,6.168839593819390732e-01,-1.740357258311916455e-01,6.374976056936048074e-01,1.558049893575260136e-01,6.644495268396493071e-01,1.543763350667154421e-01,2.872440134530924172e-01,8.290458805401695885e-01,1.693533214387710761e-01,-2.171346247597477908e-01,-5.535968342246117002e-01,-5.846190943364885095e-01,-7.344953697573846085e-01,2.121012637056091110e-01,-6.942178204343354420e-01,-4.264746519305301908e-01,-8.937231029959333828e-01,-2.878034514706517832e-01,3.566479189679276907e-01,-2.867843700912804383e-01,7.859906271991560223e-01,5.543023547557180963e-01,5.830485408288708093e-01,7.654250414500245459e-01,-3.079526763476241880e-01,-3.866097730252369691e-01,8.567741938371065125e-01,4.014996086495669081e-01,-5.752910688677559392e-01,1.910867474406996169e-01,9.271317141615029733e-01,-9.281054637801543217e-02,-3.773354805417940550e-01,6.451993267927229603e-01,7.030912365820508603e-01,-3.804831165706422658e-01,-1.087691712893988777e-01,8.837074249089592604e-01,-1.516144992185010920e-01,-8.163532084928309951e-01,-5.286732782435929479e-02,-1.271525845670768429e-01,-8.727254850647115925e-01,-3.377226098126499543e-01,-6.517840290787334512e-01,-1.111715292681039469e-01,-4.792540856196471077e-01,-3.980884748323679778e-01,1.048160835379760986e-01,-3.376826064080920564e-01,4.621932545800436776e-01,-2.491070475363428849e-01,7.526449272630378884e-01,-1.836558487452855659e-01,4.936862243928978322e-01,-7.849385869849262454e-02,4.374025453248023831e-01,1.148210444375121903e-01,3.922920093772636063e-01,1.550618850312777963e-01
6.294826439517235972e-01,7.054957658549761146e-02,1.000000000000000000e+00,4.458988668871066013e-02,-7.167209158077978426e-01,5.202349323048922614e-01,8.025209549890691685e-01,-5.083022081253621982e-01,-3.877670549177583137e-01,8.944129580192943241e-01,3.472508556365531684e-01,-7.597553688690131812e-01,1.069866595205145043e-01,9.477634406608481665e-01,3.317530454127476033e-03,1.093235104494041654e-01,-4.235891052179893701e-02,7.490079318636485572e-01,-2.070845667330057371e-01,5.568707812775997024e-01,-3.547363013097487583e-01,-8.862027939953531774e-01,2.493579791575515070e-01,3.996228392007594166e-01,-7.420118660156529433e-01,5.152873740932637503e-01,-5.124092982125926232e-01,1.665862463447363995e-01,5.299361005250630835e-02,7.776271684003669415e-01,4.528826029662957886e-02,5.245718328980117917e-01,2.876624338291440264e-01,3.155039053492184609e-01,1.035821692146489531e-01,-4.428440690577768457e-01,5.285952121254989811e-01,-3.781746962128841316e-01,5.003657308966811268e-01,-4.488854991931592875e-01,6.990740363593952456e-01,-1.291533246359433118e-01,6.997330175790877904e-01,1.736197652388897783e-01,-5.536044454705308926e-01,6.737068438431484396e-02,-4.647613239531585561e-01,-2.162733223183158915e-01,-5.029913661998338670e-01,-2.783577489956916562e-01,-4.462905777642621752e-01,3.263336743706161669e-01,7.846793578875046471e-01,6.655812549798437727e-01,-4.622110766088073919e-01,-7.694161312569693933e-01,5.473550205085229159e-01,4.552669318571831436e-01,-8.579350483363550328e-01,-3.344894017571922729e-01,8.229845073419571611e-01,-8.493193422866159026e-02,-9.437174072989253926e-01,2.422245059845137549e-01,7.515238416849425729e-01,-5.816395816785028261e-01,-7.455062901570406186e-01,5.816720802475459084e-01,-5.855464376551905437e-02,-9.643458859414276718e-01,1.217713028130489386e-02,-3.511876401007655857e-01,6.050390120295089380e-01,-2.698232040808908397e-02,-1.085918632316091627e-02,5.937919907205500003e-01,5.860246020929505972e-01,-4.792127127274356524e-01,2.385898573830520231e-01,-6.470395590338058334e-01,-1.367631240559990524e-01,-5.605260433629684069e-01,-2.507333774372574320e-01,4.325015112966784647e-02,-5.229018157391323030e-01,5.224058429513288998e-02,-6.859405637718439808e-01,-2.356328473980456584e-01,-8.469392880031960669e-01,-3.437252559023237786e-01,-4.827348214294864270e-01
-4.867904260811241057e-01,-5.079236080833225975e-01,4.458988668871066013e-02,1.000000000000000000e+00,1.279791024381627187e-02,-5.858750457270495149e-01,6.016486446911450958e-01,7.993281873056377052e-01,-4.221290708603820940e-01,-2.516594830705942698e-01,9.299957758937756891e-01,3.933208261517536219e-01,-5.842443573357489761e-01,2.643031631326662190e-01,9.474895395696749656e-01,6.008422282841030526e-01,9.681202006732435583e-01,3.653444569932595143e-01,4.696319169754269440e-01,7.962704007721431720e-01,7.120120548652938974e-02,-4.679897908468395179e-02,6.598820111639134289e-01,5.997134804871145919e-01,-1.304854873542128091e-01,-3.858672913852896902e-01,-4.373527396778236764e-01,-3.515282121170927310e-01,-7.289668212117412782e-01,-5.397759172577800690e-01,-5.793280379141145797e-01,-7.780592329435171983e-01,-6.591296923899656601e-01,-8.978574780777962561e-01,-8.970328569034057287e-01,-8.270108352885969794e-01,-7.364508598430064001e-01,-9.074791538219281195e-01,-3.552731798840739197e-01,5.779763519411671435e-01,7.035281483677571224e-01,9.631527677379636554e-01,5.554001415460693147e-01,9.030578553407705433e-01,4.869334139959030638e-01,9.461285632017885083e-01,8.410263765896404120e-01,2.502677306270993385e-01,7.921911242497845507e-01,5.040204881658628677e-01,8.275999086664244109e-01,-1.149496451304118060e-02,-2.210543141922463942e-02,-6.387742343206496143e-01,-2.707775008190685395e-01,-3.558318635489998161e-01,-3.234697567797282791e-01,-5.421024506038105706e-01,-2.888231811631841728e-01,-3.216456944356173020e-01,-4.784496934767146215e-01,-4.112698549665644299e-01,-2.553646863854606153e-01,-5.004362136600811750e-01,-4.014537302544181618e-01,-2.976717986224292067e-01,-3.027961148875279451e-01,-5.493069311353208084e-01,-7.372530635495262441e-01,-8.528534407792238980e-02,4.124225886525562795e-02,-7.780296632048152583e-01,-5.043440708030336728e-01,2.353355133945467526e-01,-5.703664933716920959e-01,6.214837856208988986e-01,7.592307018845041444e-01,8.356487734308940540e-01,9.608282909083161183e-01,4.986748557085636246e-01,9.465426827163643253e-01,2.186871153249624611e-01,8.949348723696016750e-01,8.678306614561047405e-02,7.479676838367484981e-01,4.387052259162725898e-01,5.719850673098295646e-01,4.112488360463495418e-01,-2.780718058280161609e-01,-4.354195954039776773e-01,-3.261939863432502529e-01
-4.103174606653552936e-01,4.870376905283244628e-01,-7.167209158077978426e-01,1.279791024381627187e-02,1.000000000000000000e+00,-9.131375881334189825e-04,-6.600440379034696603e-01,5.592030520203643551e-01,8.276463503318708392e-01,-4.545559635020389178e-01,-3.139586606269533231e-01,8.909142358992332422e-01,4.336211072179024240e-01,-6.166081364888218452e-01,-1.162417067810207760e-01,4.465259047441197948e-01,6.973702700237885410e-02,-1.660207524612274665e-01,7.424930557324533886e-01,-4.855207850385938606e-01,-3.618485421565698079e-01,9.016841693813717473e-01,3.183667303691068429e-01,-7.264555509839123459e-01,1.072645716029004548e-01,-8.873974153432609979e-01,-1.509076191444891080e-01,-7.575079557535923103e-01,-5.254985410454670047e-01,-7.017237133095094448e-01,-6.116723866145059585e-01,-2.712987292533761141e-01,-6.982020201994183495e-01,-1.431446755446910135e-01,-3.833468742991223421e-01,5.245321959109151555e-01,-6.492370866981148625e-01,1.110193648754315698e-01,1.338179491980638902e-01,7.848981514980419849e-01,-4.075638152383554424e-01,9.631345797999066316e-02,-7.942663783438629332e-01,-3.304128276813358411e-01,8.614912116064016301e-01,-1.898925010905928024e-01,4.160182949237052896e-01,-4.679405539690173477e-01,5.415833045494602427e-01,7.721303473233710468e-01,5.143687497855266022e-01,4.032396801137703712e-01,-1.685311278780541044e-01,-3.467228946289948044e-01,8.948178671027252618e-01,1.832287688005041215e-01,-9.264411129505341069e-01,1.033610367467551749e-01,8.926662547996330188e-01,-3.779444120832322063e-01,-7.291261717468358050e-01,6.609251425300671778e-01,5.550638117573032382e-01,-7.582306651891232985e-01,-2.464932427915673407e-01,9.229383888521552892e-01,1.281718490604335514e-01,-8.247176537575453548e-01,4.469192940631463995e-01,6.042406179394355092e-01,-6.866613094020764807e-01,-1.375444587033953225e-01,-8.378789042704216650e-01,-6.087836982049646961e-01,-5.571174079640909271e-01,-7.343445318496938379e-01,-2.002312856188900869e-01,3.799425177891770367e-01,-6.814767681422308210e-02,8.507513046726312700e-01,2.784436531730795639e-01,9.509785981843287272e-01,4.215244564033195918e-01,6.498790189247103388e-01,6.257996332805104700e-01,5.912572420985617860e-01,7.614666084987405936e-01,7.622663916892221669e-01,6.436341387090610544e-01,4.049212866084739848e-01,3.614868195226306757e-01
6.991555111605637363e-01,8.231647321951457430e-01,5.202349323048922614e-01,-5.858750457270495149e-01,-9.131375881334189825e-04,1.000000000000000000e+00,-1.524762248175106326e-02,-6.442629447520314967e-01,5.279829182811290877e-01,8.298674994131026716e-01,-4.694125209858713288e-01,-3.899176239136401545e-01,8.792195725020772734e-01,4.150255875904700353e-01,-7.147126548811610913e-01,1.192626924816349854e-01,-6.225803212768620254e-01,5.013971585842289524e-01,8.462924860600894161e-02,-2.796366317050641426e-01,-7.739214279616453140e-01,-2.416908656338444816e-01,1.350271203923814611e-01,-5.427074493015624501e-01,-6.968995499006004346e-01,9.962985421292462618e-02,-4.467417626538326969e-01,-2.222831803931390737e-01,8.907565138022849327e-02,6.678448625415023265e-01,-9.165326751287387885e-02,8.934514613314616938e-01,1.714692789918419724e-01,8.341470635652643573e-01,3.784834661087431162e-01,4.662066566994709782e-01,5.472730535306610244e-01,2.412099903575580795e-01,9.356644182544019417e-01,-2.340437549666774253e-01,1.594383368655637873e-02,-6.977565020407223706e-01,-2.173912717196712363e-01,-6.667931906679616105e-01,-2.324238472821696100e-01,-7.003179700284465348e-01,-7.401311608488007066e-01,-8.182954789511526217e-01,-6.461907298216703621e-01,3.637138439126490208e-03,-6.259430033688136996e-01,7.369004329893769079e-01,7.943344931037145118e-01,9.037853971504609119e-01,3.983842600671753109e-01,-5.166512191358173522e-01,6.296659023265979704e-02,9.784078154012486594e-01,-5.767793894965187601e-02,-5.071584936919106834e-01,6.570332634641272707e-01,7.338381706497859591e-01,-4.690189839609530953e-01,-3.729107574803114389e-02,9.351170655106724183e-01,2.991092364985517005e-01,-5.695157439911722186e-01,3.357347848829346781e-01,7.919958858604849716e-01,-5.609026125449053657e-01,-5.998716601186815378e-01,-2.465286055041624597e-02,3.245709385093850097e-01,-7.084295976588403931e-01,-1.174448242447478363e-01,-3.338543969435056602e-01,2.496613695947485709e-02,-7.844178448839052020e-01,-4.026269408713835651e-01,-3.589281915446912996e-01,-5.396328468555804392e-01,1.116109363703916141e-02,-5.184703935039747247e-01,5.501646685075557430e-01,-5.687499645372267043e-01,2.807043638760854942e-01,-5.297940737512607523e-01,1.063902248233934422e-01,-2.657160070698577625e-01,2.267883581952098160e-01,-4.511292378352825538e-02
1.995871926675137353e-01,-3.596388516033240390e-01,8.025209549890691685e-01,6.016486446911450958e-01,-6.600440379034696603e-01,-1.524762248175106326e-02,1.000000000000000000e+00,2.082326951218241989e-02,-6.713855729359495816e-01,5.149569708465910889e-01,8.266132579597987862e-01,-4.450430641725596215e-01,-3.683035194516197652e-01,8.833780914777470405e-01,5.772398511873464422e-01,3.180766574331126972e-01,5.190321743289353362e-01,7.167108852538826014e-01,-2.127332997304300782e-02,9.169494392450422415e-01,-1.007475568491824763e-01,-7.804819258750022026e-01,4.681364639122213567e-01,7.578747564957604155e-01,-5.633948278033479307e-01,2.945588974707977203e-01,-5.406649384649797607e-01,6.747824515285175129e-02,-2.733928785106178871e-01,3.283023569010069531e-01,-1.725018952704210073e-01,-6.304281172418116364e-02,-4.805831459500675695e-02,-2.917236490984544961e-01,-3.707731989879957113e-01,-8.723072095311523722e-01,4.691022741656870193e-02,-7.873100483232491342e-01,7.720936270658974865e-02,-1.190691990835649472e-01,9.354665127302610461e-01,4.565749325181038820e-01,9.351381617082592523e-01,7.051220090335718060e-01,-2.541012846622641708e-01,6.325137765089575703e-01,1.050340133605815462e-01,1.129973520804693210e-01,2.505089675975947019e-02,-5.223406031334037330e-02,8.709319922279291915e-02,1.085855446519590206e-01,5.152364536022668862e-01,1.225552316792967028e-01,-6.433861072092001976e-01,-7.279849061223727658e-01,3.592618699845680497e-01,-5.224217733299137828e-02,-9.009227781161084359e-01,-3.122529749857395620e-01,3.982272714215427944e-01,-4.373611058664549356e-01,-8.605823207899289118e-01,2.890725086400190713e-02,2.916722635113346840e-01,-7.399852718876275270e-01,-6.694879881522345366e-01,2.265682325027898458e-01,-5.635005094467264719e-01,-7.858832969901007326e-01,1.832073840907613993e-01,-6.412339267159037348e-01,2.708821125973007726e-01,2.540009222900455055e-01,-2.150383961568998747e-01,8.942566154500486419e-01,8.513745703284649746e-01,1.008330855549588734e-01,7.213704502669840979e-01,-3.031978346276184566e-01,4.020038937953697156e-01,-4.334764024279222361e-01,2.689535052884007849e-01,-6.613391726788746261e-02,-3.155085314464819296e-02,1.564575135292659014e-01,-2.655315025140270735e-01,-7.724508202550095515e-02,-8.339351693386299891e-01,-5.566201490972474408e-01,-5.721379948033771257e-01
-7.250953930987220630e-01,-2.774463266196888211e-01,-5.083022081253621982e-01,7.993281873056377052e-01,5.592030520203643551e-01,-6.442629447520314967e-01,2.082326951218241989e-02,1.000000000000000000e+00,4.454635731671605786e-02,-6.413607550790131340e-01,5.480901192654722420e-01,8.533082335211658043e-01,-3.738366271996870216e-01,-2.877901278527926210e-01,7.345092966446575833e-01,5.974600373511047557e-01,8.251267253582640349e-01,3.737368193519636974e-03,6.874537880635098741e-01,3.143109805311328220e-01,5.612979460308528679e-02,5.360361203385317630e-01,5.598414269253130238e-01,1.274137403558057990e-01,1.667692782032588750e-01,-7.649482549076145332e-01,-2.401969246946047687e-01,-5.831505780471424316e-01,-7.799803042915580686e-01,-9.153806584695205473e-01,-6.829756190746663069e-01,-8.898009636731561978e-01,-8.535309622570765864e-01,-8.783187237499052724e-01,-8.861334053578122649e-01,-3.625357162256701016e-01,-9.777466615629208935e-01,-5.814058143587064187e-01,-4.076072463584224925e-01,8.662476484521931530e-01,2.171760338151272063e-01,8.565314964826350463e-01,-2.762563642487306584e-02,5.733782851831373817e-01,8.507516680135365217e-01,6.881929296151809705e-01,9.682719961621842897e-01,1.234907716997614840e-01,9.811497212649662458e-01,7.480894325353142360e-01,9.832794604714207853e-01,1.475744035620289545e-02,-3.247375393612424443e-01,-8.457533414565289176e-01,2.148372255281834897e-01,1.611616876457953873e-02,-7.368791075166969406e-01,-5.552600702901611118e-01,3.266926983845149790e-01,-2.756664901120232103e-01,-8.881932861338713847e-01,-9.605509170194714841e-02,2.730163983864705712e-01,-7.286231936498663853e-01,-6.475037425477513375e-01,2.400834783709743792e-01,3.331135528684599223e-02,-8.971002199140512001e-01,-4.370380922608950724e-01,4.335492420506070754e-01,-1.903981534133883935e-01,-5.639234820895338007e-01,-8.734884500795705442e-01,6.930975110311433408e-03,-6.396523874294037793e-01,7.966558526091684078e-02,3.644604158414795902e-01,9.562662792925521460e-01,6.828063093209161272e-01,8.865792660437921135e-01,9.038736909928636321e-01,6.632331478646631417e-01,9.449574163876288679e-01,2.654516398892334816e-01,9.787568179733268092e-01,5.305695373530913139e-01,9.311539184368188282e-01,6.556626511384647804e-01,2.524159555962032786e-01,-1.148168618594388735e-01,4.326970016541024054e-03
4.174666262461273342e-02,8.438767869261578625e-01,-3.877670549177583137e-01,-4.221290708603820940e-01,8.276463503318708392e-01,5.279829182811290877e-01,-6.713855729359495816e-01,4.454635731671605786e-02,1.000000000000000000e+00,1.471042251701829180e-02,-6.392676081483540385e-01,5.082428445293946107e-01,8.449244388120641380e-01,-3.939861412988899803e-01,-5.780294389578853886e-01,3.089348846066610199e-01,-3.865989602033844119e-01,2.290614530019030246e-03,5.668359491208667666e-01,-6.740819290828767851e-01,-6.407398404613002807e-01,6.609245995819603703e-01,1.974395763816176874e-01,-9.485932615664001144e-01,-1.780305494206504968e-01,-6.265121443867522899e-01,-2.301375987214779872e-01,-6.592893769822757433e-01,-2.631640516074444380e-01,-2.037716125302204417e-01,-4.393734870558156924e-01,2.956847631333958115e-01,-3.862212794936323301e-01,4.004500928458095133e-01,8.679956797962401840e-03,7.905920973517333028e-01,-1.732063051655478303e-01,3.659982725123736014e-01,5.712557437926020221e-01,4.478365077825463558e-01,-4.669670548198821547e-01,-3.948162768588438509e-01,-8.601478518931772177e-01,-7.270315102582480815e-01,5.298927171713890827e-01,-6.319669858586691724e-01,-1.225227358371534375e-01,-7.814319138460723568e-01,3.089868337886787081e-02,5.506698140021307752e-01,9.940555219507263285e-03,6.479261115053104314e-01,1.961892370783259176e-01,2.104977344079268231e-01,9.661601094020978442e-01,4.645514558160313869e-03,-6.863322380290907132e-01,5.996105844582417799e-01,7.767865141822234420e-01,-4.670942920734940662e-01,-2.428931377922648738e-01,9.382370696603807847e-01,3.155601785092043143e-01,-5.544732318720636544e-01,2.623838016665551720e-01,9.534066746466789422e-01,-7.509135336226169244e-02,-4.432718385628403035e-01,8.443430948876481379e-01,2.860651241100783948e-01,-8.329721279717082760e-01,2.232569306496816688e-02,-4.682002211639125777e-01,-8.498887240298353962e-01,-4.066913870746236004e-01,-8.711630858200132277e-01,-3.006529631370984390e-01,-1.700328640056372187e-01,-4.078864924640169254e-01,4.655978775604137088e-01,-1.734213980541629563e-01,7.575138742579419215e-01,-3.507890993752608988e-02,7.576630506156414313e-01,1.421928546498643642e-01,5.283396688286877696e-01,3.054071349763142207e-01,6.033615622449181037e-01,4.802381664588086796e-01,5.139554660271635766e-01,3.463181032563057427e-01
7.436147444682642549e-01,4.532136109769566157e-01,8.944129580192943241e-01,-2.516594830705942698e-01,-4.545559635020389178e-01,8.298674994131026716e-01,5.149569708465910889e-01,-6.413607550790131340e-01,1.471042251701829180e-02,1.000000000000000000e+00,-3.810922687665866098e-03,-6.804284136603704347e-01,5.120966619936525577e-01,8.251724130838151705e-01,-3.474473929559820373e-01,1.439044343960297900e-01,-3.283850049878834221e-01,7.427225327721661552e-01,-7.842580478421817824e-02,2.266038402457422052e-01,-6.237481106345559301e-01,-6.897736328797218208e-01,2.420632564898485828e-01,-1.335963970079789322e-02,-8.346453904387162170e-01,3.714834665775679223e-01,-5.656055196996702117e-01,-1.593857690369709576e-02,6.470044009496407622e-02,8.284508484632692182e-01,-3.050535958663715477e-02,7.783520301646023043e-01,2.578521239055735492e-01,6.113907022391535939e-01,2.414874913367386355e-01,-5.948086510323850190e-02,6.029817576539754365e-01,-1.360651666294147299e-01,7.931945965057519699e-01,-3.939080422671365489e-01,4.686963377593565405e-01,-4.212408883660635484e-01,3.456139450732015894e-01,-2.136611872162490489e-01,-4.620655067602709165e-01,-2.982392622745393962e-01,-6.598903149075047159e-01,-5.544119646148149005e-01,-6.370683010364031063e-01,-1.647738870805331435e-01,-5.899519157818366999e-01,5.879917670246410655e-01,9.091383156219656758e-01,8.765672222629371513e-01,-9.402942900800616288e-02,-7.637008414221738706e-01,3.741220133426041983e-01,7.834017688233695376e-01,-5.816836587409104364e-01,-4.814105406358423767e-01,8.525938482513842898e-01,3.160736914606304682e-01,-8.477140859583200960e-01,1.244443503500471948e-01,9.523763262090405579e-01,-2.222890625174575308e-01,-7.738797317269870968e-01,5.302991904507664556e-01,3.539127647140168920e-01,-9.049580873631806188e-01,-3.007987919374965902e-01,-2.541730173869800047e-01,5.412680150688494729e-01,-3.784001604160635579e-01,-8.017621031372298979e-02,2.194358828186964150e-01,4.032760506938388723e-01,-6.916694488727059831e-01,-3.428609904987317547e-02,-5.860391778946720809e-01,-3.445068533338608296e-01,-3.460848207461297288e-01,-4.081389208972913130e-01,3.128170319994704185e-01,-6.108715186079661796e-01,1.871798546447576705e-01,-6.979950188116894605e-01,-8.659588846218621572e-02,-6.827056921442604676e-01,-1.098484274394959798e-01,-3.379055546944400024e-01
-2.680542574557104318e-01,-5.688010840262566203e-01,3.472508556365531684e-01,9.299957758937756891e-01,-3.139586606269533231e-01,-4.694125209858713288e-01,8.266132579597987862e-01,5.480901192654722420e-01,-6.392676081483540385e-01,-3.810922687665866098e-03,1.000000000000000000e+00,5.616579782575333718e-02,-6.329260798619952277e-01,5.288097864169837292e-01,9.148991302322669883e-01,4.784572949437422285e-01,8.839850989859048269e-01,4.884202744430450327e-01,2.430616871199688112e-01,9.355425070459303383e-01,9.570772914540144616e-02,-3.751710266656711479e-01,5.832296383776260917e-01,7.825424474029341049e-01,-2.547470391684908408e-01,-8.739127478640175417e-02,-4.510961372590091001e-01,-1.356063526874572434e-01,-5.575530053093245009e-01,-2.347416824107555477e-01,-3.991009103446687689e-01,-5.908133320258173171e-01,-4.185029225273495523e-01,-7.613001294196712898e-01,-7.376320134808695972e-01,-9.554324229046944339e-01,-4.656547922825834962e-01,-9.286281740303211629e-01,-2.886431027185391018e-01,2.985010715784589541e-01,8.514432904160244009e-01,8.599667938783839283e-01,7.996111985824685409e-01,9.437253432462399116e-01,1.814659630036581928e-01,9.373641006250463814e-01,6.261833907031918445e-01,3.070269580269470167e-01,5.469972924161033978e-01,2.588736311735119200e-01,5.947254135539077335e-01,-5.301042580883746913e-02,1.320761302911052926e-01,-4.226638929520201149e-01,-5.213965450582989103e-01,-4.874840902453129177e-01,-1.539604429168778960e-02,-4.638667440105790352e-01,-5.961280991877847546e-01,-2.657820815942980586e-01,-1.637068456840919117e-01,-5.454539009414627326e-01,-5.020267437293453039e-01,-2.625065642107669017e-01,-2.096322450786609615e-01,-5.712954897380048136e-01,-4.214647487260511083e-01,-2.432295656820643026e-01,-7.978162659548538871e-01,-3.578383328506463679e-01,1.946443579134233826e-01,-7.478411032463733177e-01,-1.946189340023993519e-01,3.531817446150172790e-01,-4.100153528879859066e-01,8.324094551266404407e-01,8.400531286617570759e-01,6.256643841327474975e-01,9.480783779496678720e-01,1.807532100445652101e-01,8.033853865008075967e-01,-9.017944079725417894e-02,7.065142030524248495e-01,-5.800836031312790048e-02,4.840844229846937852e-01,2.865618476726784492e-01,2.648426072071651816e-01,1.804459021423988341e-01,-5.296342738593512456e-01,-5.490525785574283946e-01,-4.595957743211262492e-01
-6.573147852342992037e-01,1.047241276122915787e-01,-7.597553688690131812e-01,3.933208261517536219e-01,8.909142358992332422e-01,-3.899176239136401545e-01,-4.450430641725596215e-01,8.533082335211658043e-01,5.082428445293946107e-01,-6.804284136603704347e-01,5.616579782575333718e-02,1.000000000000000000e+00,2.436163251832731622e-02,-6.029227839083723950e-01,3.014281154540742191e-01,5.107518976984793957e-01,4.486391424851525200e-01,-1.922133723926968685e-01,7.534717046797223539e-01,-1.772748311253510012e-01,-1.088349902788418866e-01,8.597040525405775790e-01,4.049190991040954035e-01,-3.716698570429738391e-01,2.450316112978485061e-01,-9.117112244395446652e-01,-1.225510726381830867e-01,-7.041965682194392118e-01,-6.646371395626183842e-01,-9.275484438569177037e-01,-6.604034601754912304e-01,-6.550153225748835961e-01,-8.239638188986668776e-01,-5.523272558942977639e-01,-6.495269286379629081e-01,1.574101922135708320e-01,-8.940302300031157667e-01,-1.737475769249897106e-01,-2.040558563821791571e-01,8.974226201358160848e-01,-2.053761243074954945e-01,4.901477966870191882e-01,-5.262389651019812042e-01,8.579915338061237795e-02,9.453074514740881229e-01,2.309401321426176601e-01,7.598725434038985371e-01,-1.502093252264018464e-01,8.368584003788006598e-01,8.091966870052279548e-01,8.159957569100458885e-01,1.687917625229494456e-01,-3.613557296033164667e-01,-6.930945951591909182e-01,6.365619886025628560e-01,2.146286757108087639e-01,-9.228569223549193401e-01,-2.861411278927857293e-01,7.479867028346642854e-01,-2.831278439627289978e-01,-9.347206490793049660e-01,3.074593720689328125e-01,5.584957764678600833e-01,-7.871705594086065849e-01,-5.556250831660459744e-01,6.807565794182330876e-01,1.900238146244756787e-01,-9.523317742351472548e-01,2.517634213352626382e-02,6.658328852896641115e-01,-4.506551204217846274e-01,-2.970722579660763918e-01,-9.516527788000292976e-01,-3.076462960529142143e-01,-6.020983426865680332e-01,-4.268607429898114702e-01,-9.716399616119315852e-03,7.366960901721901767e-01,2.659169418685488617e-01,9.707553135055736471e-01,6.089031179653909831e-01,9.000872623815127094e-01,7.208111356733591935e-01,4.620794124263231106e-01,8.827320644299144758e-01,5.605058237449472847e-01,9.530415056042496058e-01,7.528916492605821631e-01,5.809568385157188875e-01,2.038448911205575087e-01,2.603013029399667277e-01
4.506845360504128095e-01,9.454010670621371126e-01,1.069866595205145043e-01,-5.842443573357489761e-01,4.336211072179024240e-01,8.792195725020772734e-01,-3.683035194516197652e-01,-3.738366271996870216e-01,8.449244388120641380e-01,5.120966619936525577e-01,-6.329260798619952277e-01,2.436163251832731622e-02,1.000000000000000000e+00,3.383288332002896970e-02,-7.518766139008757898e-01,2.246615825895512120e-01,-5.913674671158288820e-01,2.954715216390997878e-01,3.424682190566483153e-01,-5.351791204330547114e-01,-8.021732616420349515e-01,2.044248377469970734e-01,1.748771372065020258e-01,-8.343064134026960676e-01,-5.092242283802698166e-01,-2.647593931668665856e-01,-3.832289194167693425e-01,-4.758230471409143347e-01,-7.480097744953811967e-02,3.013394943549645433e-01,-2.781828314822356596e-01,7.028831992345926372e-01,-9.088899157109735227e-02,7.235224607495611693e-01,2.438701826214101920e-01,7.072434951213877330e-01,2.471636092084432967e-01,3.497986337082277797e-01,8.664466464171741711e-01,8.765434758244494695e-02,-2.459126942876834476e-01,-6.397111718836862027e-01,-5.907412814501283860e-01,-7.948489244899703543e-01,1.326120651443224441e-01,-7.660868193216384681e-01,-5.206038667119167185e-01,-9.060751662729408240e-01,-3.832065526809187439e-01,2.850363601816930381e-01,-3.823875965975238045e-01,7.840431896170586556e-01,5.805430732268953564e-01,6.625023185269627302e-01,7.519733178786538463e-01,-3.023512682341653046e-01,-3.193984847564577123e-01,9.111212529647020331e-01,3.790151827534503637e-01,-5.461751021495834246e-01,2.728617996326159756e-01,9.409454458819755951e-01,-1.111879975436054491e-01,-3.080687251337707044e-01,7.051037191032891727e-01,6.869865563120742813e-01,-3.778795457038741645e-01,-2.511289061537103420e-02,9.296042093049760036e-01,-1.862845356502061678e-01,-7.981586043550447096e-01,7.802737463010879330e-03,-4.562833882436388017e-02,-8.763659799268824768e-01,-2.772903773299267849e-01,-6.674471927781278069e-01,-1.530996577901889977e-01,-5.713483819247019424e-01,-4.694215994487112020e-01,2.324560407743099869e-02,-4.282675606483242747e-01,4.025875974144740299e-01,-3.421728360267990987e-01,7.279934268009151666e-01,-2.773501423165349866e-01,4.405219788812758663e-01,-1.651527772688137774e-01,3.751372043461913552e-01,9.675619818494592128e-02,4.111952899083980983e-01,1.581563585968761565e-01
4.895439558988906037e-01,1.816363343650470585e-02,9.477634406608481665e-01,2.643031631326662190e-01,-6.166081364888218452e-01,4.150255875904700353e-01,8.833780914777470405e-01,-2.877901278527926210e-01,-3.939861412988899803e-01,8.251724130838151705e-01,5.288097864169837292e-01,-6.029227839083723950e-01,3.383288332002896970e-02,1.000000000000000000e+00,1.934714443518075200e-01,3.051948780582323106e-01,1.733580202855915520e-01,8.437512459863089065e-01,-1.853280628152395929e-02,6.949534971488898760e-01,-4.050381162417109326e-01,-8.235506060476610601e-01,4.476687106707479269e-01,4.551539531472354461e-01,-7.947756520915096878e-01,3.413171280507605321e-01,-6.546081438537223463e-01,-1.338023495702882638e-03,-1.726435954205497725e-01,6.080061538648848796e-01,-1.590916840936538179e-01,3.461084419726216388e-01,6.762042838075682516e-02,1.161088389869062570e-01,-1.375572571038388425e-01,-5.784736126301782688e-01,3.100533387300472565e-01,-5.817371135180980923e-01,4.656593330621573990e-01,-2.430612353264664516e-01,8.351259004400759522e-01,8.770245679132834815e-02,7.541344257355252489e-01,3.376691831396649857e-01,-3.635409861947192511e-01,2.529420920120374339e-01,-2.503938410135941317e-01,-2.338309487353609772e-01,-2.851083610454907546e-01,-8.121945820626777501e-02,-2.213361368788002992e-01,3.941891006737652248e-01,7.990670968226532001e-01,5.156247604251635863e-01,-4.273161943100394766e-01,-8.636420913616582595e-01,3.835223702528630096e-01,3.746289380859898488e-01,-8.488989883254447477e-01,-4.720090320844016474e-01,6.664424933933406070e-01,-9.307198041665148969e-02,-9.768787228820964286e-01,4.778065275412867602e-02,6.718507271058913322e-01,-5.592173322775780830e-01,-8.337294027941185570e-01,3.838994799518755663e-01,-1.686638756231424452e-01,-9.527618576002193640e-01,-6.635851094973850561e-02,-5.572997683476457187e-01,4.167682010671072690e-01,-5.773808372408823636e-02,-2.087625662246761493e-01,6.640585383877756209e-01,7.566733976298369857e-01,-2.715246654017455241e-01,4.529219717155529290e-01,-4.605573971705206326e-01,1.001124055957371001e-01,-4.172374581454297293e-01,-1.292081681666838039e-02,1.493084679478474119e-01,-3.045474674459067721e-01,2.289331718216871536e-01,-4.965945867784124501e-01,-5.751699700085897288e-02,-8.669950323954420668e-01,-4.080972233788808801e-01,-5.311298049407158217e-01
-5.058541663526677779e-01,-6.700663627767086128e-01,3.317530454127476033e-03,9.474895395696749656e-01,-1.162417067810207760e-01,-7.147126548811610913e-01,5.772398511873464422e-01,7.345092966446575833e-01,-5.780294389578853886e-01,-3.474473929559820373e-01,9.148991302322669883e-01,3.014281154540742191e-01,-7.518766139008757898e-01,1.934714443518075200e-01,1.000000000000000000e+00,3.851817805856810328e-01,9.436338926778397029e-01,2.026155685364188774e-01,2.705171788178259429e-01,7.885698509398478828e-01,2.914749186692026650e-01,-9.740426277047274650e-02,4.716252402355277651e-01,7.201264179310942204e-01,4.658754905255712425e-02,-2.278683136551185595e-01,-2.322812486914280217e-01,-1.384224865278133598e-01,-5.543312954424980399e-01,-5.168990952688423679e-01,-3.756074607129091802e-01,-8.236698780489611904e-01,-4.938756587837717649e-01,-9.229448975828237201e-01,-7.791488101766526064e-01,-8.602784633705449213e-01,-6.541976371698888792e-01,-8.173718813917275616e-01,-5.387980115188256702e-01,4.296994806375637466e-01,6.256641592166973798e-01,9.487048855473263487e-01,6.114584734943601108e-01,9.468697884711524404e-01,3.458682933534350523e-01,9.729697329010309481e-01,8.200604604888938054e-01,4.651980605191528562e-01,7.403994459416436413e-01,3.146973025742285102e-01,7.674383776006432623e-01,-2.407723261647598256e-01,-1.901195480329578025e-01,-7.029897019764236310e-01,-4.349243328106390805e-01,-1.891992126179706246e-01,-1.624761311861827873e-01,-6.987022505054129029e-01,-3.381239245530530679e-01,-9.109181354372164474e-02,-4.604116439740524314e-01,-6.042169172672614552e-01,-1.672654732256397547e-01,-3.040435247463831869e-01,-5.286103577329989145e-01,-4.398998713906194236e-01,-1.254152428744018666e-01,-4.253818471883158425e-01,-8.566119861680185910e-01,-1.129763968130865701e-02,2.713706474044536021e-01,-6.121431954398358632e-01,-3.849919071608350341e-01,4.467012838402039110e-01,-3.656828617853210561e-01,6.860421410275538978e-01,6.409303265215272605e-01,8.280228421768270897e-01,8.946167411459919894e-01,3.871115142433969036e-01,8.743435877735004080e-01,5.399291364984996205e-02,8.092833651814922424e-01,-1.463393733120297024e-01,6.740028674698380629e-01,2.165811722645891169e-01,5.028482651611688725e-01,2.164606171999871875e-01,-2.453037303964376858e-01,-4.647961037813306828e-01,-3.031066782700866935e-01
-1.794335206499099167e-01,2.836732494756439849e-01,1.093235104494041654e-01,6.008422282841030526e-01,4.465259047441197948e-01,1.192626924816349854e-01,3.180766574331126972e-01,5.974600373511047557e-01,3.089348846066610199e-01,1.439044343960297900e-01,4.784572949437422285e-01,5.107518976984793957e-01,2.246615825895512120e-01,3.051948780582323106e-01,3.851817805856810328e-01,1.000000000000000000e+00,5.568556894464131712e-01,6.585984930766722867e-01,8.651611613824218283e-01,3.944404952951047760e-01,-6.468249644065281467e-01,1.753369015041282286e-01,9.114530443631492229e-01,-1.011644845438444129e-01,-5.917302149329591865e-01,-7.150289735675250391e-01,-8.434779628439411647e-01,-8.571394595317913812e-01,-9.197904111329527899e-01,-3.792221921170568222e-01,-9.345548266726524389e-01,-2.720159002840095153e-01,-8.621996692049231914e-01,-3.828224295504685792e-01,-8.182310146668339002e-01,-2.839453309259831193e-01,-6.464493316133338441e-01,-7.113960436922852626e-01,3.707364640816518397e-01,7.704430433155525781e-01,5.581631377549185480e-01,5.284161931652240352e-01,6.663407552233267805e-02,3.019260347694647795e-01,7.119251606826429990e-01,3.841544877108635236e-01,5.127831668369448037e-01,-5.433078489804681332e-01,5.854630175591977181e-01,8.636368477549025702e-01,6.253739372649941286e-01,7.029821748182318863e-01,4.815971325932013603e-01,-1.504052782501840158e-01,4.075515677171218654e-01,-6.665730195482889586e-01,-6.969158165196730481e-01,1.996890899861355761e-01,5.118323923108603762e-02,-8.706056419849097505e-01,-3.354009926095516958e-01,3.990257399153328000e-01,-3.644852202032320965e-01,-8.777151526873484544e-01,1.590586071654201683e-01,3.125484571378370768e-01,-6.747076044884366963e-01,-6.805602797431165030e-01,1.115924385949988891e-02,-2.313683673073605174e-01,-6.901452998937507299e-01,-8.764389563933402405e-01,-6.520161693381822943e-01,-5.392827188783086978e-01,-9.183935567947187906e-01,7.507700062738238700e-02,7.106808049890873669e-01,4.577093994365299956e-01,6.674437627368663417e-01,6.260405451082696748e-01,7.059418437707727367e-01,6.500298010397342896e-01,7.331218715913775386e-01,7.762594642781914800e-01,6.334235225210809173e-01,9.198742480839130486e-01,5.387856804603924354e-01,8.358094445843922138e-01,-1.946227211079641362e-01,-1.022856577551399804e-01,-2.084633418886110701e-01
-5.252833357308239748e-01,-5.068644388458319883e-01,-4.235891052179893701e-02,9.681202006732435583e-01,6.973702700237885410e-02,-6.225803212768620254e-01,5.190321743289353362e-01,8.251267253582640349e-01,-3.865989602033844119e-01,-3.283850049878834221e-01,8.839850989859048269e-01,4.486391424851525200e-01,-5.913674671158288820e-01,1.733580202855915520e-01,9.436338926778397029e-01,5.568556894464131712e-01,1.000000000000000000e+00,2.943852507629889370e-01,4.857275389888412453e-01,7.478938363772412723e-01,1.121563901866369506e-01,3.374231896943374887e-02,6.327887105931835343e-01,5.695904142305565632e-01,-5.601542060435526355e-02,-4.292575298318396237e-01,-3.831743501602861701e-01,-3.586367176126471490e-01,-7.255313690602493981e-01,-6.080150622343682976e-01,-5.722151240226563962e-01,-8.256817728317749072e-01,-6.740668589055596183e-01,-9.237549881525809470e-01,-8.952989709274723484e-01,-7.847507063286425222e-01,-7.748690069135585334e-01,-8.637165486097576617e-01,-4.061827191758641820e-01,6.068141997756594241e-01,6.329129178686802026e-01,9.673057379303844350e-01,4.934185093045267978e-01,8.852489459507765224e-01,5.262710777176086152e-01,9.385921870815618906e-01,8.793369236735898431e-01,2.795784470062985805e-01,8.320718470392379773e-01,5.195775215407582026e-01,8.636959611432852846e-01,-5.016317338107752211e-02,-9.922896824486633627e-02,-7.019100636057198361e-01,-2.383040594317917260e-01,-2.780152471234963452e-01,-3.642277427174398508e-01,-5.898507210001862067e-01,-2.143959766589892402e-01,-2.806384638252630848e-01,-5.494002706243359402e-01,-4.124987182415296161e-01,-1.678482906156302246e-01,-5.112070959464979358e-01,-4.716146070715224181e-01,-2.531616047899042932e-01,-2.284064970670362793e-01,-5.882959219122997352e-01,-7.295515136776381526e-01,1.966046381788520009e-03,5.352818856621116561e-02,-7.301295465326719247e-01,-5.490957687161542866e-01,2.449739587208663305e-01,-5.555748414705969918e-01,5.677881928201534700e-01,6.948438866233068723e-01,8.723159824978832244e-01,9.298136538161254627e-01,5.487117003319441633e-01,9.522002312779774824e-01,2.588531622638822749e-01,9.118219434940714185e-01,7.131772259111809897e-02,7.907845342767321206e-01,4.214752077178281486e-01,6.317731333213155720e-01,4.272027391486335479e-01,-1.990777223085131442e-01,-4.057405074089057706e-01,-2.866884525616473223e-01
