1.000000000000000000e+00,3.524380558114871831e-01,3.779803180724488065e-01,4.254471499391430656e-01,5.119315244286762323e-02,1.298437466250106642e-01,1.565384970046672097e-01,3.280871920911587747e-03,1.249306607518564129e-02,-3.874972722519772622e-02,1.254182098540866999e-02,5.593028197247626454e-02,-3.431854086148283106e-02,-2.241319021339659504e-03,9.052563837258791046e-02,-1.059855119877307688e-03,1.560706177462125102e-02,-1.350586342443000840e-02,5.502187613172351832e-02,-5.918809544934688915e-02,-1.248503398305518403e-01,-2.609222783337490290e-02,1.345615664661321542e-01,-6.562927086062218633e-03,2.078610759586123867e-04,-5.626257019726408487e-02,-7.669390004269384387e-02,-1.020979018401244331e-01,-7.808270255684400529e-02,1.841682184706915776e-02,1.178660486614415692e-01,1.044816349423454416e-01,7.022033190463686930e-03,-3.381992583224776444e-02,-2.074528793700385759e-02,-4.145688600107571425e-02,-5.274972724022972820e-02,6.190907057776003780e-02,-2.293235708014775345e-02,3.012828553182910971e-02,-5.105671280649405619e-02,-3.980553780146658949e-02,1.464842196214130067e-02,-7.029842091523796910e-02,-6.364143444910229375e-02,9.509374528886352373e-03,-6.907411560664139527e-02,-2.038730148232233141e-02,2.737052600087321041e-02,-1.703374241226169455e-02,-8.768700813233325231e-02,-1.742085311578450311e-03,2.517715233416429471e-02,-3.125776872984823134e-03,7.231608602243574935e-04,4.806281578790526365e-02,1.585415534058295245e-02,1.015379729506819297e-02,1.699190966096694386e-02,6.103058504094079073e-02,3.123153811123382043e-02,1.272039882430660643e-02,7.707143982852645257e-03,-3.795713736208664035e-02,-2.038896386311995525e-03,1.008141384351056435e-02,-2.998628513728802958e-02,-5.909418345744581885e-02,4.336264747034923595e-02,1.383073204247215566e-03,-1.763967912621113021e-02,4.748775102546067689e-02,3.951728524994379405e-03,-6.047207329280253427e-04,7.551378337693033516e-02,1.042233157468167720e-02,-1.402506114487126734e-04,3.490348212993777538e-02,-4.440153019814190721e-02,-8.142193961685405615e-03,1.484911486669534750e-02,-3.949104599080890954e-02,4.969324073645938616e-02,-3.632161859344481408e-02,8.793017976579810269e-03,-3.157533696310124011e-02,4.604835092384444023e-02,2.917375068318368153e-02,-3.445682192846953595e-02,-3.520700308811469670e-02,-1.414896074849028573e-02,-2.336409491357104712e-02,-4.646936216108694256e-02,-2.086166886788598171e-02,1.231785081568144945e-02,-5.971175732978466211e-02,-3.431390189191772105e-02,-7.280590373692288897e-02,-6.990341512001781166e-02
3.524380558114871831e-01,1.000000000000000000e+00,3.525619383523355133e-01,5.574325075863596490e-01,4.800617962951269080e-01,5.151092955067451129e-01,4.480169052505944549e-01,3.105863614488741931e-01,1.440914717444786719e-01,1.793233293861853372e-01,3.020503247916167533e-01,2.709694888855159189e-01,4.772453896124718986e-02,2.397082036121472304e-01,2.425232051898797703e-01,1.934058857538696954e-03,-2.691027675593140461e-02,-1.387213945485380462e-01,1.416132994099048546e-02,-2.345679574798259226e-01,-1.971723594961472537e-01,-5.350597944573540210e-02,2.542372891711912608e-01,1.573537875461231417e-01,-1.862020620451182093e-02,-2.497111089571689979e-01,-1.163428420522177043e-01,-3.000604972870000720e-01,-2.648774605210988398e-01,-2.690428787210694672e-01,-3.264237807112337769e-02,9.320677480389510938e-02,8.960243321100885838e-02,3.377675192878561855e-02,5.585314583830708335e-02,1.233172317751658059e-01,-6.113630300490702912e-02,-4.344224533762650053e-02,-1.065841101433624982e-01,1.399066624192402408e-01,-1.461648213879666591e-01,1.358009560208754407e-01,1.750163331318444621e-02,-2.202324506915818159e-01,7.739520045390913851e-03,7.350477608367612936e-02,-3.914785175790054007e-03,8.767404979369756990e-02,1.270931954300239322e-02,9.804813767516676326e-02,-1.094321243021512124e-01,-9.578829396083826664e-02,1.693163996519251036e-01,7.933297308633822931e-02,9.845036792255142111e-02,6.333129184252646315e-02,-4.621104717364110659e-02,1.605825512428870477e-02,-1.101123855415562930e-01,-5.086685036398316123e-02,-2.231402246621667917e-02,-4.867295803216543926e-02,-6.869748377507028415e-03,-9.406167321933271708e-02,-4.547810321505130204e-02,-7.755206674124424937e-02,-4.226264469521599093e-02,-1.950777764502301670e-01,2.404020345766997788e-02,-4.321528182753765768e-02,4.007206407245376967e-02,1.008095102010929250e-01,4.418937151355860349e-02,8.875002366551161277e-04,1.692672508930121444e-01,5.773455471658487520e-02,-9.251387327140679628e-02,9.003696939419034151e-03,7.613686916505209290e-02,5.925261878354304897e-04,1.556926921228876104e-01,-8.273745717838214969e-03,6.204718502917310613e-02,3.137313066728603106e-02,4.073470267481072576e-02,-1.329956371107804056e-02,3.335215174891355272e-02,-9.995023128479982311e-03,-7.160568124258698264e-02,4.738974230617824801e-02,2.638794291102314338e-02,-6.125369621042238422e-02,2.585460160265637755e-02,-5.483346590241022778e-02,-1.483661329422241403e-02,5.704398124315587792e-02,-7.499370055262973012e-02,-1.333478211251043835e-02,-4.462425039105545610e-02
3.779803180724488065e-01,3.525619383523355133e-01,1.000000000000000000e+00,5.327365583725997000e-01,-1.868190713964905381e-01,2.710097472555311193e-01,2.494390892170164908e-01,-1.887403548458439773e-02,2.246632404729426505e-02,1.186031695588668500e-02,2.275861049658314469e-02,6.876624371036028915e-02,-1.492693437375285613e-02,-1.326851755695755523e-02,-2.193782567255094310e-02,-1.222593649338366145e-01,-1.823357745031187194e-01,-7.170535130213286090e-02,5.062351892160274480e-02,-1.161908027905595026e-01,-5.249453062665934699e-02,1.455631655785885048e-01,2.436572051013579099e-01,1.486193832465626252e-01,1.064661581206796243e-01,-6.256634131246546771e-02,-1.530292197766114012e-02,-1.170022496714621107e-01,-2.223861581010742883e-01,-6.303459860171499451e-02,1.759531790654939032e-02,8.891117800403057492e-02,9.095445002140073454e-03,-3.492567692351500330e-02,1.811226645067623431e-03,7.216798442864372221e-02,2.143325873500983789e-02,9.100391936302952567e-02,-3.094737365156212741e-03,3.476411617864783032e-02,-6.662427678744037296e-02,-3.246084897494554838e-02,2.189172769269517177e-02,-3.848013311857652330e-02,-1.120651674560906308e-01,9.798267407836938614e-02,6.981943683253821753e-02,8.011675266694089775e-03,1.594001359163772780e-01,5.857721966156983345e-02,-1.017777397484791874e-01,2.682623662507762838e-02,1.388290993838212362e-01,8.987569827830002578e-02,1.045737553575014633e-01,1.424871149215667654e-01,5.607608952255183077e-02,7.982460606721207552e-02,4.829904781521820317e-02,8.387989483946050109e-03,3.440833365379548578e-03,-3.686571278898260334e-02,-3.018104981223897545e-02,-1.783272345647791690e-01,-1.054855442512873109e-01,-1.060100519180845191e-01,-8.835817617907720800e-02,-1.568795548588201305e-01,-5.364005932694524553e-02,-1.620904307665808619e-01,-7.898874554741830423e-02,6.796379785989756228e-02,-4.748050038373452519e-02,1.077418224633564514e-01,1.096847201084513584e-01,-1.280331875109028475e-02,-1.677584363439940315e-02,-7.049478560752165703e-03,-4.736947569747035347e-02,-3.436234366315841365e-02,-1.015889200696852915e-02,-6.101195031526809170e-02,4.933329373878336116e-02,-7.536076727985213664e-02,-2.520533090715942892e-02,-6.117768217480664544e-02,-2.215018133783177093e-02,-2.959134005130494710e-02,-6.425882867686200095e-02,2.951599088704291371e-02,1.220219173436329768e-01,9.431595383995763221e-03,4.337218186341291332e-02,2.849210417185529202e-03,9.040567252917439123e-02,1.271986246169162435e-02,-4.265903336563731801e-02,-1.373199373831651693e-02,-1.021087659022099081e-01
4.254471499391430656e-01,5.574325075863596490e-01,5.327365583725997000e-01,1.000000000000000000e+00,3.521665649731073322e-01,3.490920309239018415e-01,4.576907872657220433e-01,1.676257156301774187e-01,6.587749725265765188e-02,9.764810511898876222e-02,1.352051872043784353e-01,1.853391913263482682e-01,4.958426746005661911e-02,9.450865028302703197e-02,2.046215185705694828e-01,-3.982779990070627052e-02,-6.219489504955250103e-02,-1.252695234786747325e-01,-1.039605262644772120e-02,-2.036684056863584669e-01,-2.422158213703063390e-01,-1.334405973302473652e-02,3.265950936785486647e-01,1.090901681900998399e-01,-4.041063177330816297e-02,-2.118728719230232593e-01,-1.698973790511720539e-01,-2.532583883078743381e-01,-2.278324379596435023e-01,-1.735934606172561123e-01,7.422996160652775566e-02,1.375713963282264030e-01,4.789391632317600150e-02,-2.909891916064851619e-02,-1.199396485985903746e-02,5.836577096947363763e-02,5.422843147552744436e-03,1.234273268793280587e-01,2.932071297069180349e-02,1.198104921270841255e-01,-3.188400251696812959e-02,7.792059067269857531e-02,6.045207701330567590e-02,-8.563029740757208130e-02,-3.729216896682845638e-03,7.561855931626031146e-02,1.893190424893215901e-02,6.482960616193637893e-02,8.098322185917475324e-02,5.438989116000294416e-02,-1.140655159739080715e-01,-5.539253097789310909e-02,1.099733866830096274e-01,4.061625613580168576e-02,3.105500462506382425e-02,6.213483149543790746e-02,-5.104762289685649268e-02,1.344308408177773834e-02,-5.095942057882050374e-02,4.235213467373120932e-02,3.449854516032928309e-02,1.264765632682664015e-03,7.322610908144835951e-02,-6.462735044085665681e-02,-4.888752684075460542e-02,1.445199457989428289e-02,-5.015633899320402073e-02,-1.800741701183996568e-01,-4.539423228182418169e-03,-6.604761900268087127e-02,-7.396436120456598151e-02,6.230226398685632244e-02,-1.241832278806213885e-02,-4.876452087216951586e-02,1.218372566895155468e-01,-4.244473160810334489e-02,-5.813238628748957498e-02,-2.276470873358287655e-02,-1.074254819315100667e-01,-9.221916745801890525e-02,-6.043154309509093068e-04,-1.295766325844133204e-01,4.554234895749132567e-02,-1.099410478859393081e-01,-5.562351573849270286e-02,-8.242287389884604687e-02,-1.232676078149126143e-02,-1.540689027412978779e-02,-4.513950056393717380e-02,2.289518792636944036e-02,8.889285555898715496e-02,-5.753543018419468927e-03,-1.230636126863274109e-02,-8.522985593900231360e-03,4.089993131433204698e-02,-1.074786567406482186e-02,-4.679599045362115711e-02,-2.740496363722216486e-02,-5.902910266527890831e-02
5.119315244286762323e-02,4.800617962951269080e-01,-1.868190713964905381e-01,3.521665649731073322e-01,1.000000000000000000e+00,3.533733403764451886e-01,4.034297366453313827e-01,4.026524680499612430e-01,1.215304067098902652e-01,2.174345270211932857e-01,2.915519374300735711e-01,2.308488605999702570e-01,1.024832746448639531e-01,2.587444559167763058e-01,3.386159695723039986e-01,9.967568075240050562e-02,1.149120747186831992e-01,-1.305587089608806761e-01,-7.304818866507478692e-02,-1.861784339247830600e-01,-2.501662740033247512e-01,-1.989460757619314346e-01,1.565752115160188029e-01,1.668651138871353121e-02,-1.800332081056724154e-01,-2.740382133910079232e-01,-1.858135954812875912e-01,-2.800095819266001373e-01,-1.416856938349018158e-01,-2.733758766213190694e-01,1.615538390129315355e-02,8.705895116586583049e-02,1.092326951856131823e-01,5.021160728974878584e-02,4.987714097716029749e-02,7.849220916972346473e-02,2.949293321045304755e-05,-4.849781526308977186e-02,-8.784835221853625267e-03,1.312992893825501717e-01,-2.800057169413155272e-02,2.010896686429832492e-01,1.223953072227328999e-02,-1.747432221953326703e-01,1.432281313474044193e-01,2.782281935642333393e-02,-5.572259709030688568e-02,1.367390530945938876e-01,-7.331217553838499656e-02,7.137806363315872538e-02,-4.022335913083721626e-02,-1.384909830100015116e-01,7.819039708323066717e-02,2.532659891448676981e-02,1.095247297298701343e-02,-5.954860388249972464e-02,-1.444852380994730567e-01,-6.408382370136848916e-02,-1.735125479487984734e-01,-3.886757622226240383e-02,2.129634224461341568e-02,-2.122697153654577382e-02,6.691981209922397145e-02,3.522516232413919895e-02,1.289156095531091874e-02,4.240615269164118434e-02,-1.072135855437415276e-02,-7.041169228491300780e-02,8.835372958302180335e-02,1.092908650403145721e-01,3.042747549560391104e-02,8.708395727509281314e-02,7.417193064982564865e-02,-1.665432630387388147e-01,1.397603364157516959e-01,-2.908919559136979166e-02,-8.916616668688133462e-02,-4.811543435475418296e-02,2.769741998125405721e-03,-5.426455242810090951e-02,7.251191719248194223e-02,-8.278432385432935026e-02,-3.418937985214970388e-02,-1.690450510730810013e-02,-2.466649412305934458e-02,-4.934791127887424439e-02,-1.133724284976406899e-02,-2.460543363750038875e-02,-1.858905807956335102e-02,4.593706816576688390e-02,1.133886408020320404e-02,-4.104416256326102325e-02,-1.557729209609234541e-02,-2.710809426329697028e-02,-8.940843083785632306e-02,4.672026109136027949e-02,-1.816997431339642532e-02,1.458885074738086249e-02,2.231317988309231698e-02
1.298437466250106642e-01,5.151092955067451129e-01,2.710097472555311193e-01,3.490920309239018415e-01,3.533733403764451886e-01,1.000000000000000000e+00,4.473890897408764333e-01,5.208185003420512382e-01,3.572299332475495914e-01,3.694921839619927373e-01,5.967253814342901030e-01,3.958730247323856144e-01,9.528113040833177672e-02,4.649988247343095349e-01,3.243100683062328238e-01,4.284370588802877827e-02,-4.146671547581565892e-02,-2.816835062708523130e-01,7.333229585853279220e-03,-2.734034208379116371e-01,-2.480407048650157542e-01,-1.684707018639969855e-01,1.958458412704847107e-01,1.163088005321802343e-01,-8.372939331430487298e-02,-3.758630305576632913e-01,-2.132344218055966800e-01,-4.447198554825622652e-01,-4.219137267745756703e-01,-4.389154821153253838e-01,-1.038734490714843528e-01,1.131424909456955064e-01,2.521418691766882936e-01,2.080781302546554079e-01,2.438631556471086426e-01,3.312719956893585005e-01,-6.780438059675344270e-03,-2.018800100917832185e-01,-1.597497722307401613e-01,2.003589321783214305e-01,-2.858635129091485760e-01,2.926386845395206882e-01,-7.340795493222240786e-02,-3.453733538186109508e-01,8.823707468820218836e-02,1.635353156878807113e-01,2.598705560954348362e-02,2.054867612797889598e-01,3.602108111143500352e-02,2.528141210606792422e-01,-7.546467942254979355e-02,-5.834777529900907894e-02,3.483537329901546520e-01,2.035755444114411006e-01,2.470631307541120425e-01,8.332133013243132880e-02,-5.134330797092962612e-02,-8.071874802109722325e-04,-1.581552008333139692e-01,-2.083922097193252332e-01,-1.268719875429105137e-01,-1.799175939938272850e-01,-1.478672028067933852e-01,-2.532764532988309170e-01,-7.582397045637054300e-02,-1.963445217765806272e-01,-1.254926886500437599e-01,-1.775238233842650892e-01,6.942256973459214053e-02,-1.047584863709845882e-01,9.289593839357573879e-02,2.099226874901726214e-01,5.194573075794418210e-02,1.462014223671277147e-01,2.605176719587249945e-01,8.708178204766339747e-02,-1.896624256522088103e-01,-1.110603051303091088e-01,2.881890658911052117e-01,4.718572954688305711e-03,2.726834571489387682e-01,2.475932210744043530e-02,-4.923412896881053380e-02,1.797971905592883612e-01,-4.900946496210017989e-02,-1.506824626888559476e-02,4.491926690781501003e-02,-7.219403475342628385e-02,-1.495257919058376184e-01,3.772839049283786828e-02,6.076192549579228358e-02,-9.556233985176773582e-02,1.035802760703092434e-01,-8.712225211360284660e-02,-1.266612795138175734e-02,1.414974289062208013e-01,-1.117701634573972092e-01,5.610264755576693102e-02,-7.303802882088561432e-02
1.565384970046672097e-01,4.480169052505944549e-01,2.494390892170164908e-01,4.576907872657220433e-01,4.034297366453313827e-01,4.473890897408764333e-01,1.000000000000000000e+00,3.300204833552208838e-01,2.105604128220586735e-01,2.886420356363449402e-01,2.179156505751417283e-01,4.224533239157490239e-01,2.212110122700433334e-01,2.410329288366053757e-01,2.446784690840295706e-01,-7.892732034422846044e-02,-1.852350111533682675e-01,-2.540693733606516069e-01,-1.170451834027439880e-01,-4.733393363667106613e-01,-3.625333186613488579e-01,8.746489451066225690e-03,5.435441829986238371e-01,3.376025660883084090e-01,-1.352401819904505698e-02,-4.274775114976478441e-01,-2.154903838732367682e-01,-3.379293884264375492e-01,-2.957959156510050480e-01,-3.788851819655317810e-01,-1.305589090647582273e-01,-4.344659235548415516e-02,-4.163282390884008588e-02,-1.227496833550482253e-01,-1.470513847738388891e-01,1.097030623781043157e-01,5.985854831464792331e-02,2.724365013399439595e-01,1.133930373373693151e-01,3.714690869812095619e-01,7.485515632659613117e-02,2.510655427750316804e-01,2.551006972765878511e-01,-5.215747375888666465e-02,1.114248732538090508e-01,2.230157339373428083e-01,1.113555949938192652e-01,1.921751958212141731e-01,1.694527526966950470e-01,6.893161595398370443e-03,-1.961329155539081881e-01,-2.506419320972068099e-01,4.996599694891488974e-02,8.588075966382470450e-02,5.561741633945030405e-02,1.229351192784022273e-01,-8.884350889300283993e-02,1.172364202185871840e-01,-2.161172829148071475e-02,9.184477220397214980e-02,1.377420517969820957e-01,3.623902339144673135e-02,1.644664772609489845e-01,-7.954821303741331506e-02,-1.789977556685061477e-01,-2.624192648594712244e-04,-9.102167111064277116e-02,-3.545437125411546875e-01,-5.332013168847111323e-02,-1.461047506807160723e-01,-1.556939012062978356e-01,4.605767959319190252e-02,-1.321530880952510867e-01,-1.990209847358313244e-01,8.968843354824164449e-02,-1.854202372192183257e-01,-2.622094583742433649e-01,-9.158615149241845776e-02,-2.732105509565664336e-01,-2.421211490910580022e-01,9.111503428945420813e-02,-1.982329590710255052e-01,2.123213032069345418e-01,-8.668033052529602878e-02,-5.445877017338091736e-02,-1.515521418953803866e-03,-8.045047884877407074e-03,3.630202361254304374e-04,1.037050004236554981e-02,1.652165244469775418e-01,1.595953594421917476e-01,2.397387046150491891e-02,6.528536516941006729e-02,2.480337032407446685e-02,2.567335790198093520e-02,9.068218300673250298e-02,-2.851881870105986080e-02,7.028345436057446827e-02,-2.895840253023878805e-02
3.280871920911587747e-03,3.105863614488741931e-01,-1.887403548458439773e-02,1.676257156301774187e-01,4.026524680499612430e-01,5.208185003420512382e-01,3.300204833552208838e-01,1.000000000000000000e+00,3.411710788773097969e-01,5.512872835501942959e-01,6.595751279417592094e-01,3.436213352873827565e-01,3.133760291037012702e-01,4.391560339573143401e-01,4.638069672314494296e-01,1.866982296268937871e-02,5.784361853314868435e-02,-3.553381103193790636e-01,-2.656884837899516905e-01,-2.572279816937930730e-01,-3.195583327368369253e-01,-3.294464019006794753e-01,4.401350721555237488e-02,-1.001697226981016070e-01,-2.671148002637878660e-01,-4.426435074804848657e-01,-2.531891246874908852e-01,-4.418482415894061099e-01,-2.972207659097328980e-01,-5.386246057671864040e-01,-8.027871006252436381e-02,7.237209174715254767e-02,2.643696852321284485e-01,2.414683755215852601e-01,2.870598397830305681e-01,3.496983865282590198e-01,2.258893843217189001e-01,-1.504161491701381526e-01,1.100589104644637273e-01,2.905571515583785236e-01,3.845742886842234975e-02,5.382672352705172303e-01,-1.113267822136604921e-03,-1.598160068161755543e-01,4.118933910658342801e-01,1.835052426617560795e-01,7.210064196337591380e-02,3.739372704592301422e-01,-8.208418632875731299e-03,3.222047506260023453e-01,1.022941452489309205e-01,-8.120743680892403282e-02,2.814340634690812859e-01,1.882623472450545010e-01,1.425862324430697825e-01,-1.134538807871353638e-01,-2.549988571774978174e-01,-1.599291461697499861e-01,-2.630384127949276785e-01,-1.937389370181845649e-01,-7.018788885724271120e-02,-1.680712931238057539e-01,-7.930693743377104088e-02,-7.100492486366326295e-02,-1.472804353797252906e-02,-1.487990692395670979e-02,-8.614394697629824960e-02,2.811741025809887085e-04,6.475974025783323706e-02,4.963405267760993833e-02,-1.650997348442853965e-02,1.250583775842363243e-01,-3.470750909420796532e-02,-2.182566384392699288e-01,1.171110208622426624e-01,-1.711909224040907840e-01,-2.661708614750821211e-01,-3.222293961150406449e-01,1.046529096736351916e-01,-1.968603382784280265e-01,8.548141172830529821e-02,-1.912947649139330186e-01,-2.942476954067231310e-01,3.832321233662397408e-02,-2.652363106194461917e-01,-1.131834070153419081e-01,-4.058363558404524951e-02,-1.019774053424728072e-01,-1.248642935988554248e-01,1.196023602432879085e-01,5.668601480722584157e-02,8.629015697889311221e-02,1.378046262311733161e-01,1.114244419472969344e-01,-4.904540120171350243e-02,1.794827809934523288e-01,4.862937847073794950e-02,8.785709558655155349e-02,7.234304710107437864e-02
1.249306607518564129e-02,1.440914717444786719e-01,2.246632404729426505e-02,6.587749725265765188e-02,1.215304067098902652e-01,3.572299332475495914e-01,2.105604128220586735e-01,3.411710788773097969e-01,1.000000000000000000e+00,5.314888733821955258e-01,4.249766821961266650e-01,6.539621782383580051e-01,3.602470553406810772e-01,5.536478861442708510e-01,1.200608953126518219e-01,2.404155417187393839e-01,-1.850404750998527470e-01,-4.954388054588194090e-01,-5.592357580709517162e-02,-3.356901003146502416e-01,-3.842811889875794584e-01,-4.062014902105655634e-01,-1.048457530998794796e-02,-4.696891809697424647e-02,-3.493117261975130505e-01,-4.077012224091678405e-01,-4.217585574654468816e-01,-1.799453706278148490e-01,-1.915064835374611918e-01,-3.420636668451296769e-01,-3.008474466800818981e-01,-1.776060962240537944e-01,-7.500307940903591652e-02,9.327195292291460063e-03,-8.654451293038059601e-03,3.160882601681196391e-01,1.732925168136031646e-01,2.479901930092290319e-02,1.088720583658485952e-01,6.750505342030947986e-01,9.006106682699452359e-02,5.505619419104315071e-01,4.219036483641419588e-01,-7.706388149121942699e-02,3.008336005513513878e-01,5.758893788182983808e-01,4.243726382170599082e-02,5.105249500747143232e-01,1.567048286830000636e-01,2.613572817720031041e-02,-9.048476731088288608e-03,-8.137168829468766074e-02,1.026006693413140103e-01,2.899821500480428971e-01,2.541323797690913100e-01,1.617376527496358907e-01,3.921837842860136092e-02,3.633380192168304823e-02,9.450877455245830505e-03,-2.342166402982143181e-01,-5.504586441650818895e-02,-2.525328654712353793e-01,-1.749546747151609627e-01,-1.937823529770637543e-01,-2.655940900659604642e-01,-2.572067500500836434e-01,-2.013812943355079432e-01,-2.602820956800566340e-02,2.257667967642354723e-01,-1.646009359472622446e-01,-5.897524321476965703e-02,-1.083686531155778413e-02,-3.251266353305110046e-01,1.084117591805032173e-03,-5.998799574278902702e-02,-2.520282246568911200e-01,-7.030788345503136139e-01,-4.149871075386393215e-01,4.163782084494620922e-02,-3.750918022202781588e-01,4.517752593507751713e-01,-1.063735550997794016e-01,1.068293913183363392e-01,4.237157130485987300e-01,-2.843354583932294899e-01,1.952215829500018318e-01,1.278040846592278512e-01,7.071839005950747437e-02,5.973856719565374951e-02,1.255481439798064036e-01,-4.067693777742385081e-02,1.043729662328973656e-01,9.641315408711371993e-02,1.427343153518972063e-01,1.768209933962370736e-03,1.540942912046759650e-01,1.059520075080597201e-01,2.020877007189296470e-01,9.407900547029419969e-02
-3.874972722519772622e-02,1.793233293861853372e-01,1.186031695588668500e-02,9.764810511898876222e-02,2.174345270211932857e-01,3.694921839619927373e-01,2.886420356363449402e-01,5.512872835501942959e-01,5.314888733821955258e-01,1.000000000000000000e+00,5.074924202517469007e-01,4.728563607721607553e-01,7.043936514213005040e-01,3.519943429695108206e-01,2.267473256535492421e-01,-1.969535276298667037e-01,-3.648907872401052632e-01,-6.146531596346829218e-01,-5.151037415466265257e-01,-4.712203671367356517e-01,-3.891734147633862384e-01,-2.457500595709993241e-01,1.999475875422054849e-01,-5.511368011643172360e-02,-2.965472043184269602e-01,-4.334893035310941056e-01,-2.403364788960582199e-01,-2.304421469986399351e-01,-2.792755395942406738e-01,-4.696744076519752120e-01,-3.189974054944375026e-01,-1.589805280196366910e-01,-3.317048527723286122e-02,1.673595963989610302e-01,8.324131502475912159e-02,4.789084545240148705e-01,4.997694752271528706e-01,1.563053249576640824e-01,4.355789096192694276e-01,5.914988198803292629e-01,4.333997502437462179e-01,7.864042134814722695e-01,3.362448157508821645e-01,2.234141009311957082e-01,6.099593835264165431e-01,5.006866647158739747e-01,4.249570838243133530e-01,5.849964243043876966e-01,3.660532135355014649e-01,2.675802936915048780e-01,1.574827921940926412e-01,-1.568636408392615200e-01,1.338564380049981350e-01,3.841951111977971456e-01,1.450595149227664749e-01,6.963234037488506833e-02,-1.495645286206768731e-01,2.606172942094446207e-02,-8.008640357319631031e-02,-1.310172392217802684e-01,2.774384263753713539e-02,-1.305699463237907088e-01,-2.523589718249969957e-02,-1.906527624149170208e-01,-2.519959213774621287e-01,-1.917028374594307860e-01,-6.564569158957045403e-02,-6.393308533994994380e-02,-1.631041270791949438e-01,-3.167810088097824384e-01,-3.339232682798009555e-01,-1.707689451544345260e-01,-4.355450005299508209e-01,-3.037033814224003869e-01,-1.977712542151895403e-01,-4.599227727078878392e-01,-5.656346619711803969e-01,-6.006936310080724928e-01,-1.756023842592532025e-01,-5.656782696165656432e-01,3.875777000176982429e-02,-3.995539907419216052e-01,-1.492350280663080342e-01,1.238357377765838818e-01,-4.361622907262722726e-01,-9.435157816312473786e-03,-8.642626432368936962e-02,-1.688171760802942845e-01,-1.393137942765861753e-02,3.023150264257224995e-01,1.285684549395834098e-01,2.958940908114311985e-01,2.782193606965068788e-01,3.110066343910772857e-01,9.219599503143663388e-02,2.757594133890963195e-01,1.746931209489576975e-01,2.693227232129934423e-01,1.271933404752238761e-01
1.254182098540866999e-02,3.020503247916167533e-01,2.275861049658314469e-02,1.352051872043784353e-01,2.915519374300735711e-01,5.967253814342901030e-01,2.179156505751417283e-01,6.595751279417592094e-01,4.249766821961266650e-01,5.074924202517469007e-01,1.000000000000000000e+00,4.011959517408258402e-01,1.953718482647501808e-01,6.184078777552967088e-01,5.133167014611691448e-01,1.047348543347825095e-01,8.850314442489717881e-02,-3.909427503002541049e-01,-1.034968027044598504e-01,-2.097084874755847372e-01,-3.364096763006738655e-01,-4.287843874993803595e-01,-3.819545973317116372e-02,-1.128571258870103983e-01,-3.167542236665114586e-01,-4.699942315448316643e-01,-3.341021867231368514e-01,-4.690336034919435626e-01,-3.912323738007351115e-01,-5.036480094906469196e-01,-7.984951973123574631e-02,1.431275391546757147e-01,3.800197392180865164e-01,3.227780485494616269e-01,4.289325420723418825e-01,3.869210992723306486e-01,1.181032758463780585e-01,-3.585787980184168000e-01,-7.558117532315949960e-02,2.416661264509936957e-01,-2.122778723198344153e-01,5.111480504763781241e-01,-1.202690117498275146e-01,-3.465794979162059031e-01,2.993571859999292206e-01,1.743774884070005693e-01,-6.243869883602259051e-03,3.322894861807340061e-01,-8.226712598169515613e-04,3.710342230408543163e-01,4.433359086025242396e-02,-7.777987592008651918e-02,3.948584870810400993e-01,2.310396209152027203e-01,2.555190399784211253e-01,-2.121074158724745723e-02,-1.596755420110258505e-01,-8.478780656006446037e-02,-2.629432455296946136e-01,-2.607021377903315784e-01,-1.623907267830862200e-01,-2.266850919957050514e-01,-1.816994595563069803e-01,-2.062074039401483594e-01,-4.206084821077227254e-02,-1.661338161190002438e-01,-1.925027252980222592e-01,-4.283369152332267699e-02,1.494042676920960544e-01,1.145541189921900002e-02,1.125527732181337698e-01,2.928676157093123567e-01,3.607360130295014788e-02,5.698897209245955275e-02,2.686371370740606723e-01,-7.627876996193613292e-03,-2.549733990968759967e-01,-3.117353332945856370e-01,3.741937680890868867e-01,-7.172383505907849177e-02,2.780323192430972923e-01,1.224085473684544817e-02,-2.052280102385060645e-01,2.940037436243109203e-01,-1.550675938740604110e-01,1.204875500326333705e-02,8.038732160531067428e-02,-1.211783358823015078e-01,-1.783514922039055317e-01,1.673134180666404833e-02,-3.579949893534641048e-02,-5.627430378462867228e-02,7.372282384107266273e-02,-3.702095342775506281e-02,-6.337886501790858385e-02,1.293129339428256142e-01,-5.433881427345838705e-02,5.044579375755031680e-02,1.223507699812963548e-02
5.593028197247626454e-02,2.709694888855159189e-01,6.876624371036028915e-02,1.853391913263482682e-01,2.308488605999702570e-01,3.958730247323856144e-01,4.224533239157490239e-01,3.436213352873827565e-01,6.539621782383580051e-01,4.728563607721607553e-01,4.011959517408258402e-01,1.000000000000000000e+00,3.759122180767636712e-01,5.966444438094425928e-01,1.628680961345435607e-01,9.725802186120123538e-02,-2.104739439366112852e-01,-3.890057342552203368e-01,-8.567558751568379871e-02,-5.732543222892263479e-01,-3.473828773890151322e-01,-2.290396843950620320e-01,2.408874003022302979e-01,2.533490808668785732e-01,-1.375281296810462461e-01,-4.822693269152201756e-01,-3.375482663652175641e-01,-2.779414402520273830e-01,-1.736592901647207587e-01,-4.077982451895451055e-01,-3.705540221124168365e-01,-2.925142923827999675e-01,-1.885948371141809021e-01,-1.658256642371463419e-01,-1.622307615933786806e-01,1.547123758409420791e-01,-4.346637603969197121e-03,1.034488173250404375e-01,-2.703859822300902493e-02,6.867046490366636169e-01,5.996551715389196457e-02,5.131588174254211321e-01,5.362641513334778232e-01,-1.199741567975848022e-01,2.132118197674471305e-01,4.336932405708579519e-01,4.076267188199169528e-02,3.169461899067937960e-01,7.199396739782068511e-02,-1.304143491732054905e-01,-1.959873870252764327e-01,-2.988481426652124240e-01,-3.706191391519009920e-02,1.862751224713453668e-01,1.079579557752017027e-01,1.626271158874075806e-01,5.254967720183705004e-02,6.422260793062374573e-02,4.263949464351726032e-02,-6.196049152840973212e-02,9.973857521256199177e-02,-2.345268815964669795e-02,1.112485277191375618e-02,-1.135675615595555521e-01,-1.567787751909053562e-01,-1.554052229530513696e-01,-5.404736929142641561e-02,-2.430956649907823897e-01,1.159672668958514341e-01,-1.708391964936868956e-01,1.455514409335989696e-02,-8.536776340004596786e-02,-2.741851995286991861e-01,-1.569906487944555951e-01,-1.542034487316787383e-01,-1.606602766765508894e-01,-6.588962600844592288e-01,-1.723589593028265199e-01,-2.883673480276641166e-02,-2.408761004983130394e-01,5.547347489812902710e-01,5.656497404752965780e-02,3.891280749818824547e-01,4.675465244466375792e-01,-2.887835593803950510e-02,3.964743770920850507e-01,2.427209346596854722e-01,1.013439431742266805e-01,5.707655472546092901e-02,1.572569100204476433e-01,-1.220182996906720163e-01,-3.470399115381147398e-02,-5.038652863647546942e-02,4.284336128900070005e-03,-1.469499110443658885e-01,2.395654680328753935e-02,-6.595327590635530202e-02,7.402029030948777122e-02,4.214440486207817610e-02
-3.431854086148283106e-02,4.772453896124718986e-02,-1.492693437375285613e-02,4.958426746005661911e-02,1.024832746448639531e-01,9.528113040833177672e-02,2.212110122700433334e-01,3.133760291037012702e-01,3.602470553406810772e-01,7.043936514213005040e-01,1.953718482647501808e-01,3.759122180767636712e-01,1.000000000000000000e+00,9.207422780655293015e-02,5.872839469314904831e-02,-3.683425869720794443e-01,-4.718935855375418487e-01,-5.115247024814360000e-01,-6.168318628715824259e-01,-5.144866942539232380e-01,-2.876290266595522005e-01,-2.053155593901434192e-02,3.072187454160984488e-01,1.640047096282511163e-02,-1.420223034345377555e-01,-2.976213968999633086e-01,-1.121321856602404549e-01,-7.604983208265539418e-02,-1.011342776997872228e-01,-3.021298808288052085e-01,-3.372601612598091214e-01,-3.119361333485329846e-01,-2.704271027402613270e-01,-1.176641642037896951e-02,-1.537016033771037571e-01,3.045156052633037347e-01,4.960107194112028384e-01,3.935971589272649340e-01,5.242563580378865051e-01,5.770180514361626933e-01,6.324350533613115610e-01,7.069592272938544086e-01,5.173811365750989877e-01,5.014487361618061856e-01,6.064466477644723241e-01,4.326822788238391948e-01,5.125005314777405507e-01,4.472455743097563108e-01,3.885647488483599532e-01,8.300778221787788458e-02,1.233849761671227258e-01,-2.289565550986126241e-01,-1.130345277280085520e-01,2.880500360807398685e-01,-4.442395708297935952e-02,4.698105906331352666e-02,-1.250477645661666193e-01,7.650348156132814881e-02,4.780535756572724948e-02,3.889602063584633035e-02,1.876634330423429253e-01,4.177178992779190941e-02,1.521633065925687978e-01,-6.802787303440291367e-02,-2.013080615545469743e-01,-6.490111962827208036e-02,8.572707980588169241e-02,-8.814233305100127591e-02,-3.086733914745773411e-01,-3.708659514355127640e-01,-4.264116587057699692e-01,-3.903561152877572660e-01,-5.533638254820804070e-01,-4.728009674627075554e-01,-4.667615687534627522e-01,-5.480860594433343280e-01,-5.178028395045262133e-01,-5.050849842168368964e-01,-4.175348295205746352e-01,-5.975561803347504419e-01,-6.684999988136790250e-02,-4.083615059024969796e-01,1.926247582308687756e-02,4.874270510957497832e-02,-3.810524950140708467e-01,7.510875782507286935e-02,-9.298123739636864060e-02,-1.341579913945340485e-01,6.707362244408235363e-02,3.352776953115964020e-01,8.855769348400359398e-02,3.434453089555229988e-01,2.082589183092335428e-01,3.573008262509200228e-01,6.540412399942907573e-02,1.753193558252572892e-01,1.927670288288330092e-01,2.315922786662463484e-01,1.373584290998814961e-01
-2.241319021339659504e-03,2.397082036121472304e-01,-1.326851755695755523e-02,9.450865028302703197e-02,2.587444559167763058e-01,4.649988247343095349e-01,2.410329288366053757e-01,4.391560339573143401e-01,5.536478861442708510e-01,3.519943429695108206e-01,6.184078777552967088e-01,5.966444438094425928e-01,9.207422780655293015e-02,1.000000000000000000e+00,3.686019218252968854e-01,3.202972059268860971e-01,1.128240044292015548e-01,-3.186682736215416534e-01,7.628495366861060001e-02,-2.854756245996860065e-01,-3.442508834081169367e-01,-4.437642003444705052e-01,-3.241343263735863012e-02,3.481858426020456587e-02,-3.433411942019684027e-01,-5.133059974517965030e-01,-4.277850540013329317e-01,-4.086970588366768964e-01,-1.605393233504977535e-01,-4.318128334790558021e-01,-1.512253676921885837e-01,-6.472851315325076071e-02,1.223631325972267536e-01,6.589094072903084465e-02,1.521394564797391435e-01,2.297660212579796246e-01,-3.115647915669590359e-02,-2.217182867976128513e-01,-1.585504389073157383e-01,3.766401997202543650e-01,-2.258563916074543820e-01,3.626725454482607192e-01,8.361212214746639726e-02,-4.033655219296993777e-01,1.236444757462087513e-01,2.367125943012668154e-01,-1.838699399416696412e-01,2.624730412828464310e-01,-9.589285317594437030e-02,9.092439286029581347e-02,-9.391591749449201831e-02,-1.703757130604654502e-01,1.854564520731158128e-01,1.236582447515064132e-01,1.998852460962078914e-01,3.744892495280716105e-02,-2.492311124732965802e-02,-5.464878793278090535e-02,-1.447280693199623214e-01,-2.086873652957082215e-01,-7.434975883452461798e-02,-1.486143737700531819e-01,-1.533100078798234622e-01,-1.332755815562659540e-01,-6.442098439823860934e-02,-1.290638071905343687e-01,-1.975857007915399477e-01,-6.411277447805555085e-02,3.304605638947060164e-01,9.590650641589763825e-02,2.122761896272430948e-01,2.730946587028454386e-01,2.888951080738432278e-02,6.250051524213037779e-02,2.306840368360154325e-01,1.248661217255562887e-02,-3.864160142854544122e-01,-1.697873440944029089e-01,2.958388108134412664e-01,-5.163915186292046544e-02,4.856921232226649732e-01,1.571194697062428813e-01,1.418551162771637675e-01,4.646657216573235605e-01,-2.256965255379032170e-02,2.279981247174666104e-01,1.418400482167674892e-01,3.232183160610411360e-02,8.065607145825371338e-04,1.954826077304446311e-02,-9.692954948337242915e-02,-1.569509056948736048e-01,-9.712942224758172594e-02,-1.199883082707212251e-01,-1.391590191714147384e-01,-4.662864150996680508e-03,-1.155481534897522117e-01,3.940142854751606249e-02,3.092877000123218229e-02
9.052563837258791046e-02,2.425232051898797703e-01,-2.193782567255094310e-02,2.046215185705694828e-01,3.386159695723039986e-01,3.243100683062328238e-01,2.446784690840295706e-01,4.638069672314494296e-01,1.200608953126518219e-01,2.267473256535492421e-01,5.133167014611691448e-01,1.628680961345435607e-01,5.872839469314904831e-02,3.686019218252968854e-01,1.000000000000000000e+00,1.152962687069064573e-01,3.208352204872030322e-01,-2.252691383058821328e-01,-9.600582896535314603e-02,-9.911876737260473524e-02,-4.468128101692925846e-01,-4.751177870722887997e-01,2.809335864462342985e-02,-2.129332389110842882e-01,-3.527663621492579393e-01,-4.190473439017002311e-01,-3.537339206218025889e-01,-4.380653343370345398e-01,-1.421420182961757317e-01,-2.636384818528688667e-01,2.138002407914511571e-01,2.454646379289693314e-01,3.212843134852942928e-01,1.978250790022536842e-01,2.643115199675368232e-01,9.119423715611768566e-02,4.685877508239960632e-02,-2.115239059511862252e-01,1.135849724179142754e-02,4.319530467196402296e-02,-1.158208673938860012e-01,2.366469362046479674e-01,-2.172996641867335488e-01,-2.839840567225099255e-01,2.176268544937974281e-01,-8.372676136547643755e-02,-1.526549076596676324e-01,1.171661483173056517e-01,-6.963659388997171795e-02,2.368753764745591961e-01,2.082913567656432402e-02,-1.243919287751790170e-01,1.920709922277865911e-01,2.217886487279641106e-02,4.751813918603351589e-02,-1.647774665910733127e-01,-2.326433706347259822e-01,-1.072867024582692536e-01,-2.366190143195861517e-01,-2.343099677882156881e-02,-1.454820789520003613e-02,-5.494642842503760088e-02,-6.416739806454669834e-03,-2.092342612342520947e-02,7.187660412655447195e-02,1.019706764112450897e-01,-1.415971125923999041e-01,3.223059906232510208e-02,1.743170960565159633e-01,2.583286826585265983e-01,5.756858843148337374e-02,3.349288879522374085e-01,1.720105479850019825e-01,-1.388940056779923993e-01,2.939929469203331758e-01,-3.423648145084182137e-02,3.311307482264635310e-02,-1.479681588826192995e-01,1.192152594309776187e-01,-3.549005116752364936e-02,4.562256115102256843e-02,-4.297641556125255530e-02,-1.082763314180237718e-01,6.097093225558970764e-02,-4.155300992841604035e-02,-4.440427937650653911e-02,4.511589418437321475e-02,-6.747914785869466026e-02,-1.339593817182521962e-01,-1.044421125775933795e-01,-8.791028886766959205e-02,-1.220204413455952680e-01,-1.221347412788906933e-01,-1.093693630209446044e-01,-1.163316383376687413e-01,-8.627384728254849922e-02,-8.537906877488504742e-02,-9.952077540617272622e-02,1.011188348693614278e-02
