1.000000000000000000e+00,4.932743694790256983e-01,4.225370876613812610e-01,4.802102310236943117e-01,2.870405656244537917e-01,1.821519756310840954e-01,1.420259827557611987e-01,-7.904457433171915848e-02,7.997546327916368880e-02,-5.784628545775916120e-02,-1.138954119229358269e-01,4.548034352394852292e-02,-2.098681156035496487e-01,-1.331765863373015613e-01,-1.225014899423402942e-01,-2.445641038633427355e-01,-2.010012587398369854e-01,-4.602395498431236659e-02,-2.526619403262427843e-01,-1.424552418348871141e-01,-1.118172817836721178e-02,-2.219763897553578280e-01,-1.843964631635520157e-01,7.843525394825089092e-02,2.660946886088298435e-01,1.056067078037702112e-01,2.045731367975765214e-01,1.562245809993804690e-01,1.406659663383901318e-02,8.189914544971821364e-02,-3.320527618992086261e-02,1.141371718148834064e-01,-4.261140946045815364e-02,1.569888970917206750e-01
4.932743694790256983e-01,1.000000000000000000e+00,5.113042704996781929e-01,6.076877095638613113e-01,4.468375038277217492e-01,2.670504860983256568e-01,2.785018777577488724e-01,-1.283679249862141117e-02,1.629252344561034072e-01,7.785140128325152876e-03,-6.173803637611036815e-02,9.221649396831801959e-02,-1.666988642736571824e-01,-7.869670794756389309e-02,-8.181455184002447978e-02,-2.199599797858034778e-01,-1.417026894148627758e-01,-3.738517810060441177e-02,-2.773741084529296463e-01,-1.100811721452215480e-01,-1.067894306891197138e-02,-2.553582525494036415e-01,-1.448332087114197753e-01,5.796114710394450337e-02,2.732997492699474895e-01,4.245018576427526252e-02,1.006919747022904377e-01,4.502478429066461563e-02,3.155763323998241748e-02,7.777572798856326186e-02,-3.404156076860446328e-02,2.222784344172533955e-01,9.898591687302159617e-03,3.040393626097767088e-01
4.225370876613812610e-01,5.113042704996781929e-01,1.000000000000000000e+00,4.909941173939714743e-01,5.319784225955868084e-01,4.474196203254657278e-01,3.546479250466696431e-01,2.274264356770103468e-01,3.085795739328124343e-01,1.202519165985904137e-01,1.144329297791674416e-01,1.948057995449868351e-01,-1.325314605693816983e-01,6.719901285232066090e-02,-4.511049238012526837e-03,-2.280230203702876268e-01,-3.248529163819519755e-02,9.928380977753097775e-03,-3.009333070632851936e-01,4.236373004761418565e-03,4.086392246780717495e-04,-3.242041064029273501e-01,-8.999963132130943400e-02,-1.603571643095344501e-02,3.226430797986611365e-01,-1.571293709482248641e-02,1.170781555687767372e-01,-1.739817471422442502e-02,7.643473667982356168e-02,5.541776825100041409e-02,-1.887358848469259109e-01,1.056614841303906843e-01,-1.546728565578091297e-01,1.915528317905390576e-01
4.802102310236943117e-01,6.076877095638613113e-01,4.909941173939714743e-01,1.000000000000000000e+00,5.552303243297073143e-01,5.714731581341440103e-01,4.108306206131359661e-01,7.064333296220851044e-02,3.769213798129560922e-01,8.354628662371373082e-02,1.780088215646170521e-02,2.016544312594721888e-01,-1.974547382505658921e-01,-2.323877486302448891e-02,-4.790706950230360500e-02,-2.919402563496083514e-01,-1.429734578397477696e-01,9.381716791560159446e-03,-3.266594709842711719e-01,-1.323780276986148974e-01,1.168094962212468634e-02,-3.205915866758862198e-01,-2.238446512055634330e-01,9.319137054487705574e-02,3.814771625397446742e-01,1.804491375178685908e-01,3.131046962536659928e-01,1.756365621466373095e-01,2.044504601975075109e-01,2.250156357162591270e-01,-6.038594658245765440e-02,3.167056393854477125e-01,1.355956540525178090e-02,2.635495971370159785e-01
2.870405656244537917e-01,4.468375038277217492e-01,5.319784225955868084e-01,5.552303243297073143e-01,1.000000000000000000e+00,3.786914745202886734e-01,4.403553178702673265e-01,2.823320297094792930e-01,3.141512252625395796e-01,2.983355188794923896e-01,1.294929705864391323e-01,2.686457336192127898e-01,2.413285912882468312e-02,7.718109886000222575e-02,9.343963495777649064e-02,-7.178848192981190923e-02,6.760561318049731518e-03,1.600834196061696191e-01,-1.176765908627877139e-01,2.467794640136744891e-02,1.624660103048005122e-01,-1.470282301733755737e-01,-3.082876561762038295e-02,1.792553861167552332e-01,3.430567700117699292e-01,1.032709266443384427e-01,1.518102418156926925e-01,-2.897452011795892835e-03,1.049631481248953502e-01,1.190195225085998246e-02,-1.677303225976562728e-01,1.715138501283106076e-01,-9.140591639671058477e-02,2.759745228012993601e-01
1.821519756310840954e-01,2.670504860983256568e-01,4.474196203254657278e-01,5.714731581341440103e-01,3.786914745202886734e-01,1.000000000000000000e+00,5.396220607997761487e-01,4.461738422808234628e-01,6.057305135283648223e-01,2.080950527438682751e-01,3.260105752297618453e-01,3.599973274952033009e-01,-3.955882702974713311e-02,2.002461959405733571e-01,4.966875902669044829e-02,-2.230760237120582301e-01,7.510427060429321344e-02,3.330996228440408907e-02,-2.909744556431685392e-01,6.851242574812026198e-02,-1.699244319021619640e-02,-3.452724158173750002e-01,-5.400606073123037643e-02,-6.778151121917329325e-02,2.366799932289190278e-01,-8.667595399535035425e-03,1.768853238657464577e-01,-2.310711628664023978e-02,1.742247513250122504e-01,1.266197904088643134e-01,-1.599277433074204613e-01,1.558337676924572979e-01,-7.540835126391366716e-02,1.207054171530006076e-01
1.420259827557611987e-01,2.785018777577488724e-01,3.546479250466696431e-01,4.108306206131359661e-01,4.403553178702673265e-01,5.396220607997761487e-01,1.000000000000000000e+00,5.201027914307200239e-01,6.915377204617957352e-01,5.019952789417893024e-01,3.330159829140804661e-01,5.555683336082050117e-01,1.661222988351317986e-01,2.987148656945660674e-01,2.955412077476633481e-01,-1.613644984557472892e-02,1.908104385486205645e-01,2.892917749792744408e-01,-8.479558856142760392e-02,2.093563015807236583e-01,2.665709162443313240e-01,-1.584494890477037288e-01,1.330573590370079107e-01,1.783263286274328341e-01,4.186875655816950648e-01,8.823236329147306212e-02,2.403771711558878310e-01,-5.341391335626072268e-02,1.895100320854587461e-01,-4.129047516164256748e-02,-2.090646980465480087e-01,1.515616654277934516e-01,-1.279492273032913907e-01,2.820246334201503280e-01
-7.904457433171915848e-02,-1.283679249862141117e-02,2.274264356770103468e-01,7.064333296220851044e-02,2.823320297094792930e-01,4.461738422808234628e-01,5.201027914307200239e-01,1.000000000000000000e+00,5.326824731066280849e-01,4.696437580248318255e-01,6.122710634316202993e-01,4.898659498653739064e-01,3.296402841080223745e-01,4.288879451369372320e-01,2.325435970039231026e-01,1.237285854595293610e-01,3.626940664556598248e-01,2.065219019297225567e-01,5.179859945016347667e-02,3.518977317640910041e-01,1.277984439092031133e-01,-5.460974182227811002e-02,2.646985014398094971e-01,-3.275132838855263767e-02,1.364820176424054177e-01,-1.132581497265938431e-01,4.788702196229242813e-02,-2.248366452468043009e-01,1.201053859179553734e-01,-4.797849557589690256e-02,-2.478328244240548539e-01,1.418415414253514258e-02,-1.880875252794118879e-01,7.944279277954348351e-02
7.997546327916368880e-02,1.629252344561034072e-01,3.085795739328124343e-01,3.769213798129560922e-01,3.141512252625395796e-01,6.057305135283648223e-01,6.915377204617957352e-01,5.326824731066280849e-01,1.000000000000000000e+00,4.921266338061978107e-01,5.289091438503478182e-01,6.439811604437862824e-01,1.332109767360633856e-01,3.958227942048075931e-01,2.711666809258019284e-01,-1.033060733595592418e-01,2.253642519609364847e-01,2.225831515402738048e-01,-1.684188641580557366e-01,2.115541183368711553e-01,1.770695415790223826e-01,-2.417634959410973894e-01,1.104760569760595140e-01,7.297468077285607091e-02,3.553042731106341168e-01,1.826781929602173948e-02,2.468065595138747292e-01,-7.814850658887903534e-02,1.945272514620522142e-01,1.374929731490369574e-02,-2.383328492964686685e-01,1.072462350560447614e-01,-1.444178174675567194e-01,1.761146078048906605e-01
-5.784628545775916120e-02,7.785140128325152876e-03,1.202519165985904137e-01,8.354628662371373082e-02,2.983355188794923896e-01,2.080950527438682751e-01,5.019952789417893024e-01,4.696437580248318255e-01,4.921266338061978107e-01,1.000000000000000000e+00,4.579930079526317033e-01,5.545075023924211921e-01,5.432566882801714847e-01,3.740607806524889334e-01,4.304203846320325821e-01,3.050331840709615827e-01,3.777277713840218043e-01,4.275667263691535491e-01,2.218229614491168677e-01,3.695634831457376146e-01,4.031849822197747790e-01,1.149093023716791923e-01,3.009642624639649044e-01,2.649883021860804933e-01,3.266177895401446429e-01,1.824835778717551205e-02,1.440028977762325413e-01,-1.754206787863062111e-01,1.040019838701881638e-01,-2.021078339500637089e-01,-3.427932629862611158e-01,3.114101062958978504e-03,-2.533219886335134619e-01,2.232277608435149774e-01
-1.138954119229358269e-01,-6.173803637611036815e-02,1.144329297791674416e-01,1.780088215646170521e-02,1.294929705864391323e-01,3.260105752297618453e-01,3.330159829140804661e-01,6.122710634316202993e-01,5.289091438503478182e-01,4.579930079526317033e-01,1.000000000000000000e+00,5.557906505463908742e-01,4.794196375483827932e-01,6.916353014460671078e-01,2.643006022962469115e-01,2.098865277836744758e-01,5.325422250191748086e-01,2.002540753661270490e-01,1.061019555856302227e-01,4.660456450693231667e-01,1.069574522804645350e-01,-3.614093114403912899e-02,3.689469740464901837e-01,-1.240797342030645484e-01,5.565342596406248205e-02,-3.167545312103700050e-01,-5.225902938215922638e-02,-3.930775463920312407e-01,-2.698299193144635538e-02,-1.431141036186538429e-01,-3.775232163625991677e-01,-1.097372170505931666e-01,-2.907381385628969861e-01,3.888635390129433628e-02
4.548034352394852292e-02,9.221649396831801959e-02,1.948057995449868351e-01,2.016544312594721888e-01,2.686457336192127898e-01,3.599973274952033009e-01,5.555683336082050117e-01,4.898659498653739064e-01,6.439811604437862824e-01,5.545075023924211921e-01,5.557906505463908742e-01,1.000000000000000000e+00,4.848010563237876158e-01,5.512824124384335667e-01,6.007072951958714047e-01,1.950062532441002305e-01,4.320819651559440477e-01,5.052923110550048280e-01,1.140038756431516059e-01,4.224399037609303242e-01,4.398986594919699900e-01,-2.394706705626560225e-02,3.092171811890642719e-01,2.579225761239635206e-01,4.200927510268460674e-01,-1.523096107125064373e-02,2.099344780149832168e-01,-1.981451229006375159e-01,1.123619752650879544e-01,-1.622033706176186640e-01,-3.461803826745001311e-01,-9.608891118626042629e-03,-2.776818359856421115e-01,2.496986688711956281e-01
-2.098681156035496487e-01,-1.666988642736571824e-01,-1.325314605693816983e-01,-1.974547382505658921e-01,2.413285912882468312e-02,-3.955882702974713311e-02,1.661222988351317986e-01,3.296402841080223745e-01,1.332109767360633856e-01,5.432566882801714847e-01,4.794196375483827932e-01,4.848010563237876158e-01,1.000000000000000000e+00,5.542380371854056520e-01,4.770964997557793907e-01,6.742924235237217623e-01,6.078365463062261886e-01,4.462325977477611949e-01,5.331799618069332780e-01,5.651554063521115889e-01,4.267516469004352109e-01,3.562244382292848455e-01,5.290553233531298805e-01,1.926969502268158219e-01,6.660693435520097239e-02,-2.460870555311027164e-01,-1.065420067656637909e-01,-4.377210654065821216e-01,-1.714343471809977870e-01,-3.854694009521019149e-01,-3.801574256102764893e-01,-2.500956979710871608e-01,-3.230398307724722806e-01,1.250960053457364773e-01
-1.331765863373015613e-01,-7.869670794756389309e-02,6.719901285232066090e-02,-2.323877486302448891e-02,7.718109886000222575e-02,2.002461959405733571e-01,2.987148656945660674e-01,4.288879451369372320e-01,3.958227942048075931e-01,3.740607806524889334e-01,6.916353014460671078e-01,5.512824124384335667e-01,5.542380371854056520e-01,1.000000000000000000e+00,5.040372475998134982e-01,2.934989474599696280e-01,7.377312660456917248e-01,4.156476754297563359e-01,2.296734008027205287e-01,6.212606838388730068e-01,2.905933415313321500e-01,5.729644099364250565e-02,4.817101747724062966e-01,1.882369328314452070e-02,1.484399826284819313e-01,-2.634363488856352187e-01,-3.324773030451969730e-02,-3.859677830608324034e-01,-5.296118335408856598e-02,-2.354510225584907357e-01,-3.560999420167608176e-01,-1.360797496093028580e-01,-2.955757390669376816e-01,1.078829259761727999e-01
-1.225014899423402942e-01,-8.181455184002447978e-02,-4.511049238012526837e-03,-4.790706950230360500e-02,9.343963495777649064e-02,4.966875902669044829e-02,2.955412077476633481e-01,2.325435970039231026e-01,2.711666809258019284e-01,4.304203846320325821e-01,2.643006022962469115e-01,6.007072951958714047e-01,4.770964997557793907e-01,5.040372475998134982e-01,1.000000000000000000e+00,4.755074708659825511e-01,5.121075533991469309e-01,7.713740625197154088e-01,4.060772276908927170e-01,4.658774239127048689e-01,6.225905211403990336e-01,2.785749591606396791e-01,4.101811853779592232e-01,4.247951851629734321e-01,3.120050782768871711e-01,4.590162343976290915e-02,8.069950717485978309e-02,-1.865784996501033965e-01,2.716697330890611647e-02,-3.189890494642000363e-01,-2.466264354645118229e-01,-8.524539841190233169e-02,-2.122389611064407211e-01,2.662076596711334675e-01
-2.445641038633427355e-01,-2.199599797858034778e-01,-2.280230203702876268e-01,-2.919402563496083514e-01,-7.178848192981190923e-02,-2.230760237120582301e-01,-1.613644984557472892e-02,1.237285854595293610e-01,-1.033060733595592418e-01,3.050331840709615827e-01,2.098865277836744758e-01,1.950062532441002305e-01,6.742924235237217623e-01,2.934989474599696280e-01,4.755074708659825511e-01,1.000000000000000000e+00,5.260899393888920361e-01,4.479068305288819163e-01,7.815059645241437813e-01,4.945364092605070705e-01,4.401997768146354573e-01,6.170810529027248581e-01,5.204843408423723838e-01,2.808487358490371899e-01,-7.544370863333611787e-02,-1.483455914491481897e-01,-1.953936993650889353e-01,-3.352406827719578430e-01,-2.480440301873150510e-01,-4.156652442708994588e-01,-2.100477834696239110e-01,-2.877833777263981707e-01,-2.039776433557472790e-01,1.091877463333170012e-01
-2.010012587398369854e-01,-1.417026894148627758e-01,-3.248529163819519755e-02,-1.429734578397477696e-01,6.760561318049731518e-03,7.510427060429321344e-02,1.908104385486205645e-01,3.626940664556598248e-01,2.253642519609364847e-01,3.777277713840218043e-01,5.325422250191748086e-01,4.320819651559440477e-01,6.078365463062261886e-01,7.377312660456917248e-01,5.121075533991469309e-01,5.260899393888920361e-01,1.000000000000000000e+00,5.250289297865667892e-01,4.699419645663354128e-01,8.016433467310031258e-01,4.064531317612349870e-01,2.766045455489469229e-01,6.658682018745532005e-01,5.805128723269611934e-02,1.947074115721937962e-02,-3.380183908894186517e-01,-1.822260643607361563e-01,-4.729808144438676920e-01,-2.143668009413847164e-01,-3.973589319605539405e-01,-3.874034087053442876e-01,-2.873153056843475439e-01,-3.746910930883702306e-01,7.697668302714780197e-02
-4.602395498431236659e-02,-3.738517810060441177e-02,9.928380977753097775e-03,9.381716791560159446e-03,1.600834196061696191e-01,3.330996228440408907e-02,2.892917749792744408e-01,2.065219019297225567e-01,2.225831515402738048e-01,4.275667263691535491e-01,2.002540753661270490e-01,5.052923110550048280e-01,4.462325977477611949e-01,4.156476754297563359e-01,7.713740625197154088e-01,4.479068305288819163e-01,5.250289297865667892e-01,1.000000000000000000e+00,5.036423308848355651e-01,4.896229755962435148e-01,7.769670245837211331e-01,3.564194732829307211e-01,4.384155392525709849e-01,5.652080882891620250e-01,3.865736115601299816e-01,1.098311295744239385e-01,1.389332256451721870e-01,-1.604596995705992457e-01,2.425982243582838760e-02,-3.359170427669598280e-01,-2.264033015483909173e-01,-5.304427824799535368e-02,-1.778745980548450956e-01,3.461025014500785923e-01
-2.526619403262427843e-01,-2.773741084529296463e-01,-3.009333070632851936e-01,-3.266594709842711719e-01,-1.176765908627877139e-01,-2.909744556431685392e-01,-8.479558856142760392e-02,5.179859945016347667e-02,-1.684188641580557366e-01,2.218229614491168677e-01,1.061019555856302227e-01,1.140038756431516059e-01,5.331799618069332780e-01,2.296734008027205287e-01,4.060772276908927170e-01,7.815059645241437813e-01,4.699419645663354128e-01,5.036423308848355651e-01,1.000000000000000000e+00,5.390621398105376327e-01,5.337075826061490336e-01,8.036250284372502550e-01,5.739337875389521892e-01,3.819856414104237929e-01,-1.136970745722065690e-01,-5.683563551193224900e-02,-2.027214767467184486e-01,-2.765189915555923972e-01,-2.347546875362150898e-01,-4.111979290937227693e-01,-8.493865916038184638e-02,-2.522616892583058323e-01,-8.510628906488648671e-02,1.377078204911029169e-01
-1.424552418348871141e-01,-1.100811721452215480e-01,4.236373004761418565e-03,-1.323780276986148974e-01,2.467794640136744891e-02,6.851242574812026198e-02,2.093563015807236583e-01,3.518977317640910041e-01,2.115541183368711553e-01,3.695634831457376146e-01,4.660456450693231667e-01,4.224399037609303242e-01,5.651554063521115889e-01,6.212606838388730068e-01,4.658774239127048689e-01,4.945364092605070705e-01,8.016433467310031258e-01,4.896229755962435148e-01,5.390621398105376327e-01,1.000000000000000000e+00,5.221836726699523590e-01,3.282291981747464948e-01,7.988261288919449310e-01,9.260254840249504404e-02,4.454603625943266004e-02,-3.181509129378883305e-01,-1.850025624526432100e-01,-4.704922338762090317e-01,-2.245170113130391110e-01,-4.117416215835659199e-01,-3.648072187237603736e-01,-2.860746034985067743e-01,-3.738888510071668447e-01,1.124166963270950143e-01
-1.118172817836721178e-02,-1.067894306891197138e-02,4.086392246780717495e-04,1.168094962212468634e-02,1.624660103048005122e-01,-1.699244319021619640e-02,2.665709162443313240e-01,1.277984439092031133e-01,1.770695415790223826e-01,4.031849822197747790e-01,1.069574522804645350e-01,4.398986594919699900e-01,4.267516469004352109e-01,2.905933415313321500e-01,6.225905211403990336e-01,4.401997768146354573e-01,4.064531317612349870e-01,7.769670245837211331e-01,5.337075826061490336e-01,5.221836726699523590e-01,1.000000000000000000e+00,4.973746487704555075e-01,4.956378313901230181e-01,7.472280744498457361e-01,4.285177462784832692e-01,2.064542098851286644e-01,1.836682936098593399e-01,-1.296330237487411940e-01,4.685125586393713848e-02,-3.663563790303163148e-01,-1.847940100956645404e-01,-3.251638175923073776e-02,-1.072988981583000850e-01,4.211981278989662680e-01
-2.219763897553578280e-01,-2.553582525494036415e-01,-3.242041064029273501e-01,-3.205915866758862198e-01,-1.470282301733755737e-01,-3.452724158173750002e-01,-1.584494890477037288e-01,-5.460974182227811002e-02,-2.417634959410973894e-01,1.149093023716791923e-01,-3.614093114403912899e-02,-2.394706705626560225e-02,3.562244382292848455e-01,5.729644099364250565e-02,2.785749591606396791e-01,6.170810529027248581e-01,2.766045455489469229e-01,3.564194732829307211e-01,8.036250284372502550e-01,3.282291981747464948e-01,4.973746487704555075e-01,1.000000000000000000e+00,5.091237013722232918e-01,4.428884679030055671e-01,-1.858401713743562389e-01,4.864577250206593428e-02,-1.668791499971608583e-01,-1.685460292387045145e-01,-1.597468397543646557e-01,-3.345304216513150797e-01,7.175768214562379399e-02,-1.696589748998610092e-01,6.242662018740138125e-02,1.450155902796596008e-01
-1.843964631635520157e-01,-1.448332087114197753e-01,-8.999963132130943400e-02,-2.238446512055634330e-01,-3.082876561762038295e-02,-5.400606073123037643e-02,1.330573590370079107e-01,2.646985014398094971e-01,1.104760569760595140e-01,3.009642624639649044e-01,3.689469740464901837e-01,3.092171811890642719e-01,5.290553233531298805e-01,4.817101747724062966e-01,4.101811853779592232e-01,5.204843408423723838e-01,6.658682018745532005e-01,4.384155392525709849e-01,5.739337875389521892e-01,7.988261288919449310e-01,4.956378313901230181e-01,5.091237013722232918e-01,1.000000000000000000e+00,9.450210346087677127e-02,-6.504556305385082726e-02,-3.361525467804521994e-01,-2.454059803044219279e-01,-4.886735635541564204e-01,-2.865264223126481880e-01,-4.719758373429764897e-01,-2.853493133294135453e-01,-3.495535843317312819e-01,-3.284660339620092406e-01,7.102793172913211828e-02
7.843525394825089092e-02,5.796114710394450337e-02,-1.603571643095344501e-02,9.319137054487705574e-02,1.792553861167552332e-01,-6.778151121917329325e-02,1.783263286274328341e-01,-3.275132838855263767e-02,7.297468077285607091e-02,2.649883021860804933e-01,-1.240797342030645484e-01,2.579225761239635206e-01,1.926969502268158219e-01,1.882369328314452070e-02,4.247951851629734321e-01,2.808487358490371899e-01,5.805128723269611934e-02,5.652080882891620250e-01,3.819856414104237929e-01,9.260254840249504404e-02,7.472280744498457361e-01,4.428884679030055671e-01,9.450210346087677127e-02,1.000000000000000000e+00,5.323444709573096345e-01,5.321383532595230781e-01,3.786526821015177013e-01,1.841878864676709249e-01,2.441560594282164154e-01,-1.304467271426267561e-01,5.336561308399928594e-02,1.986471242372429002e-01,1.724682322077284446e-01,4.950574381253907141e-01
2.660946886088298435e-01,2.732997492699474895e-01,3.226430797986611365e-01,3.814771625397446742e-01,3.430567700117699292e-01,2.366799932289190278e-01,4.186875655816950648e-01,1.364820176424054177e-01,3.553042731106341168e-01,3.266177895401446429e-01,5.565342596406248205e-02,4.200927510268460674e-01,6.660693435520097239e-02,1.484399826284819313e-01,3.120050782768871711e-01,-7.544370863333611787e-02,1.947074115721937962e-02,3.865736115601299816e-01,-1.136970745722065690e-01,4.454603625943266004e-02,4.285177462784832692e-01,-1.858401713743562389e-01,-6.504556305385082726e-02,5.323444709573096345e-01,1.000000000000000000e+00,4.909517633693052940e-01,6.476858137763522594e-01,3.139733045333351624e-01,4.154389960511429281e-01,1.330747316931548130e-01,-1.368602849958223400e-01,3.562327821481376389e-01,9.979249822356879573e-03,4.481056257556442768e-01
1.056067078037702112e-01,4.245018576427526252e-02,-1.571293709482248641e-02,1.804491375178685908e-01,1.032709266443384427e-01,-8.667595399535035425e-03,8.823236329147306212e-02,-1.132581497265938431e-01,1.826781929602173948e-02,1.824835778717551205e-02,-3.167545312103700050e-01,-1.523096107125064373e-02,-2.460870555311027164e-01,-2.634363488856352187e-01,4.590162343976290915e-02,-1.483455914491481897e-01,-3.380183908894186517e-01,1.098311295744239385e-01,-5.683563551193224900e-02,-3.181509129378883305e-01,2.064542098851286644e-01,4.864577250206593428e-02,-3.361525467804521994e-01,5.321383532595230781e-01,4.909517633693052940e-01,1.000000000000000000e+00,5.949676678822133358e-01,6.864116660248555934e-01,5.947728273837379342e-01,3.448498869100628528e-01,3.446764175673478481e-01,5.365876159962341685e-01,4.753900587111682396e-01,3.150637342694148080e-01
2.045731367975765214e-01,1.006919747022904377e-01,1.170781555687767372e-01,3.131046962536659928e-01,1.518102418156926925e-01,1.768853238657464577e-01,2.403771711558878310e-01,4.788702196229242813e-02,2.468065595138747292e-01,1.440028977762325413e-01,-5.225902938215922638e-02,2.099344780149832168e-01,-1.065420067656637909e-01,-3.324773030451969730e-02,8.069950717485978309e-02,-1.953936993650889353e-01,-1.822260643607361563e-01,1.389332256451721870e-01,-2.027214767467184486e-01,-1.850025624526432100e-01,1.836682936098593399e-01,-1.668791499971608583e-01,-2.454059803044219279e-01,3.786526821015177013e-01,6.476858137763522594e-01,5.949676678822133358e-01,1.000000000000000000e+00,4.853871446185889504e-01,6.378106402140114595e-01,3.323902606141223570e-01,5.882733497101659548e-02,4.662004192511977618e-01,2.433953622100476222e-01,2.665133021582440920e-01
1.562245809993804690e-01,4.502478429066461563e-02,-1.739817471422442502e-02,1.756365621466373095e-01,-2.897452011795892835e-03,-2.310711628664023978e-02,-5.341391335626072268e-02,-2.248366452468043009e-01,-7.814850658887903534e-02,-1.754206787863062111e-01,-3.930775463920312407e-01,-1.981451229006375159e-01,-4.377210654065821216e-01,-3.859677830608324034e-01,-1.865784996501033965e-01,-3.352406827719578430e-01,-4.729808144438676920e-01,-1.604596995705992457e-01,-2.765189915555923972e-01,-4.704922338762090317e-01,-1.296330237487411940e-01,-1.685460292387045145e-01,-4.886735635541564204e-01,1.841878864676709249e-01,3.139733045333351624e-01,6.864116660248555934e-01,4.853871446185889504e-01,1.000000000000000000e+00,5.175945851503815920e-01,5.289569838803173107e-01,4.707098432987999459e-01,4.961689807562806309e-01,4.548905825332331121e-01,6.545331148774459484e-02
1.406659663383901318e-02,3.155763323998241748e-02,7.643473667982356168e-02,2.044504601975075109e-01,1.049631481248953502e-01,1.742247513250122504e-01,1.895100320854587461e-01,1.201053859179553734e-01,1.945272514620522142e-01,1.040019838701881638e-01,-2.698299193144635538e-02,1.123619752650879544e-01,-1.714343471809977870e-01,-5.296118335408856598e-02,2.716697330890611647e-02,-2.480440301873150510e-01,-2.143668009413847164e-01,2.425982243582838760e-02,-2.347546875362150898e-01,-2.245170113130391110e-01,4.685125586393713848e-02,-1.597468397543646557e-01,-2.865264223126481880e-01,2.441560594282164154e-01,4.154389960511429281e-01,5.947728273837379342e-01,6.378106402140114595e-01,5.175945851503815920e-01,1.000000000000000000e+00,4.899995296347493534e-01,3.106965060992595840e-01,6.236451516814358609e-01,4.412497881410620826e-01,2.687744302736884694e-01
8.189914544971821364e-02,7.777572798856326186e-02,5.541776825100041409e-02,2.250156357162591270e-01,1.190195225085998246e-02,1.266197904088643134e-01,-4.129047516164256748e-02,-4.797849557589690256e-02,1.374929731490369574e-02,-2.021078339500637089e-01,-1.431141036186538429e-01,-1.622033706176186640e-01,-3.854694009521019149e-01,-2.354510225584907357e-01,-3.189890494642000363e-01,-4.156652442708994588e-01,-3.973589319605539405e-01,-3.359170427669598280e-01,-4.111979290937227693e-01,-4.117416215835659199e-01,-3.663563790303163148e-01,-3.345304216513150797e-01,-4.719758373429764897e-01,-1.304467271426267561e-01,1.330747316931548130e-01,3.448498869100628528e-01,3.323902606141223570e-01,5.289569838803173107e-01,4.899995296347493534e-01,1.000000000000000000e+00,5.301667470691842077e-01,6.634186839366489341e-01,4.718803686022661759e-01,4.611883732049899126e-02
-3.320527618992086261e-02,-3.404156076860446328e-02,-1.887358848469259109e-01,-6.038594658245765440e-02,-1.677303225976562728e-01,-1.599277433074204613e-01,-2.090646980465480087e-01,-2.478328244240548539e-01,-2.383328492964686685e-01,-3.427932629862611158e-01,-3.775232163625991677e-01,-3.461803826745001311e-01,-3.801574256102764893e-01,-3.560999420167608176e-01,-2.466264354645118229e-01,-2.100477834696239110e-01,-3.874034087053442876e-01,-2.264033015483909173e-01,-8.493865916038184638e-02,-3.648072187237603736e-01,-1.847940100956645404e-01,7.175768214562379399e-02,-2.853493133294135453e-01,5.336561308399928594e-02,-1.368602849958223400e-01,3.446764175673478481e-01,5.882733497101659548e-02,4.707098432987999459e-01,3.106965060992595840e-01,5.301667470691842077e-01,1.000000000000000000e+00,4.746277116609428637e-01,6.514800403921731098e-01,1.083480630081530421e-01
1.141371718148834064e-01,2.222784344172533955e-01,1.056614841303906843e-01,3.167056393854477125e-01,1.715138501283106076e-01,1.558337676924572979e-01,1.515616654277934516e-01,1.418415414253514258e-02,1.072462350560447614e-01,3.114101062958978504e-03,-1.097372170505931666e-01,-9.608891118626042629e-03,-2.500956979710871608e-01,-1.360797496093028580e-01,-8.524539841190233169e-02,-2.877833777263981707e-01,-2.873153056843475439e-01,-5.304427824799535368e-02,-2.522616892583058323e-01,-2.860746034985067743e-01,-3.251638175923073776e-02,-1.696589748998610092e-01,-3.495535843317312819e-01,1.986471242372429002e-01,3.562327821481376389e-01,5.365876159962341685e-01,4.662004192511977618e-01,4.961689807562806309e-01,6.236451516814358609e-01,6.634186839366489341e-01,4.746277116609428637e-01,1.000000000000000000e+00,6.284622911591424277e-01,4.913012708952545493e-01
-4.261140946045815364e-02,9.898591687302159617e-03,-1.546728565578091297e-01,1.355956540525178090e-02,-9.140591639671058477e-02,-7.540835126391366716e-02,-1.279492273032913907e-01,-1.880875252794118879e-01,-1.444178174675567194e-01,-2.533219886335134619e-01,-2.907381385628969861e-01,-2.776818359856421115e-01,-3.230398307724722806e-01,-2.955757390669376816e-01,-2.122389611064407211e-01,-2.039776433557472790e-01,-3.746910930883702306e-01,-1.778745980548450956e-01,-8.510628906488648671e-02,-3.738888510071668447e-01,-1.072988981583000850e-01,6.242662018740138125e-02,-3.284660339620092406e-01,1.724682322077284446e-01,9.979249822356879573e-03,4.753900587111682396e-01,2.433953622100476222e-01,4.548905825332331121e-01,4.412497881410620826e-01,4.718803686022661759e-01,6.514800403921731098e-01,6.284622911591424277e-01,1.000000000000000000e+00,3.251090513651665459e-01
1.569888970917206750e-01,3.040393626097767088e-01,1.915528317905390576e-01,2.635495971370159785e-01,2.759745228012993601e-01,1.207054171530006076e-01,2.820246334201503280e-01,7.944279277954348351e-02,1.761146078048906605e-01,2.232277608435149774e-01,3.888635390129433628e-02,2.496986688711956281e-01,1.250960053457364773e-01,1.078829259761727999e-01,2.662076596711334675e-01,1.091877463333170012e-01,7.697668302714780197e-02,3.461025014500785923e-01,1.377078204911029169e-01,1.124166963270950143e-01,4.211981278989662680e-01,1.450155902796596008e-01,7.102793172913211828e-02,4.950574381253907141e-01,4.481056257556442768e-01,3.150637342694148080e-01,2.665133021582440920e-01,6.545331148774459484e-02,2.687744302736884694e-01,4.611883732049899126e-02,1.083480630081530421e-01,4.913012708952545493e-01,3.251090513651665459e-01,1.000000000000000000e+00
