1.000000000000000000e+00,4.012244408244522442e-01,6.393056572920225999e-01,1.439611857010887896e-01,2.323037846094240522e-01,6.357726208319248729e-01,2.051535982993291651e-01,4.441758754427869160e-01,3.028897565107547818e-01,5.168746789388898311e-01,-1.147609737632497573e-01,8.166039819744858042e-02,1.647383093008668586e-01,-9.925659268699801863e-02,-1.752278109009338114e-01,1.721439136708083004e-02,-1.581356239330061475e-01,-4.910467337303445201e-02,-7.944489071769347821e-02,-1.218646980845141670e-01,-5.951668826870581963e-02,-2.217023651030882673e-03,-2.176147711905527249e-01,-3.251050063984636807e-01,-4.034322094670930725e-01,-2.953695891989614464e-01,-4.842256547257777766e-01,-3.795536493474708784e-01,-3.030062126601401618e-01,-4.805902113293686329e-01,-4.129158852205307983e-01,-1.460833126319149022e-01,1.076548774251657493e-02,-1.284441206974741012e-01,6.616412719678528565e-02,1.612964289108998472e-01,-3.245089990906207720e-04,2.911164457896336932e-01,1.508326615828105566e-01,4.768005482202522516e-01,5.164284623123711615e-01,4.196348108479237005e-01,4.528655214390069905e-01,4.200499159833260832e-01,5.275716775639810452e-01,4.654816981064536230e-01,4.468631189792958147e-01,4.900729940910062421e-01,4.475201855052032274e-01,4.741715923999207383e-01,3.164806259420500090e-01,7.670962779482350981e-03,1.600782413007531546e-01,1.051647458575328230e-02,-1.827821018649274654e-01,-3.781547430811440513e-01,-5.473677771139024983e-01,-4.684412672580829939e-01,-5.399689413458205189e-01,-6.844039552578038421e-01,-6.095691533688633035e-01,-3.959079125484473716e-01,-6.406206934882175963e-01,-5.823078096674837445e-01,-3.170319976157443542e-01,-5.539364504388424315e-01,-5.930408444287946779e-01,-3.446298563964141914e-01,1.138933684762944015e-01,-8.896447684835301351e-02,-1.993350144459299644e-01,-3.633016457369106500e-01,-2.413028456850566383e-01,4.146651872274111778e-02,5.948000509317063512e-03,1.985692300063658100e-01,-5.702470109017981556e-03,4.286461313760859815e-01,2.456593774613602399e-01,2.755642035456795647e-01,5.140543327203775936e-01,2.954609490867404209e-01,2.450009208963407070e-01,-4.921025483498230046e-02,-2.043837895633998647e-01,1.398291679323897529e-01,-1.889458690551933384e-01,-4.395208531430329357e-02,1.176821259991410740e-01,-1.764784181966878307e-01,1.577919736165611098e-01,1.841887957652336982e-01,-2.230018260361499582e-01,-1.422915297024532344e-01,-4.395558105506291446e-01,-3.305925895025373928e-01,-4.986001704711298110e-01,-2.526700938491724946e-01,-4.092426957740714077e-01,-1.936789692603052837e-01,1.229623415495034316e-01,4.776641774667204077e-01,5.593533278876740011e-01,3.827863505411831513e-01,5.023406900784783691e-01,4.053256765146578400e-01,-2.721613687013003935e-02,4.035281833590532163e-01,1.398039474989777320e-01,9.489354203039009061e-02,1.320380014207530872e-01,-2.469024154628722267e-01,4.239537949543771556e-02,-9.734874923986185091e-02,-4.357824371833477484e-01,-2.620290782963241583e-02,-3.342594719636451384e-01,4.551709214570599793e-02,4.838144733388217988e-02,-3.964959843685569862e-01,-1.358921846003616485e-01,-3.420717449305245017e-01,1.224683677609831114e-02,-2.728485093596933267e-02,-3.158643707988590954e-01,1.642876154092600682e-01,-1.677657200780168223e-01,-1.635867893766941583e-01,-7.830554830788173659e-02,-3.095066359884485752e-01,-3.721609888631015328e-02,-1.442600691413349900e-01,-3.243393872264752065e-01,-1.619296402247208944e-01,4.243836074689335408e-02,-2.342848135540755439e-01,-7.827631297631845730e-02,8.827764372858296418e-03,-1.412544923962508192e-01
4.012244408244522442e-01,1.000000000000000000e+00,6.758209300864807811e-02,-3.368771160153504196e-01,-5.048018107918642583e-01,2.505198885973684009e-01,6.654257509186403130e-01,6.544448860974971804e-01,7.038605809689845172e-01,6.536270809585195130e-01,4.339660568949562092e-01,5.349576347957960554e-01,4.844841095796196262e-01,9.191595838793330253e-02,9.054059325405003356e-02,1.749266629598603406e-01,-5.240869829259680451e-02,-6.419309344799811745e-02,-1.167472527088856266e-01,-1.957073938661936519e-01,-1.121394873220748628e-01,-1.026815648737157416e-01,-1.453092332510168283e-01,-2.412973314508832789e-01,-2.925439225426932355e-01,-2.822037538314907668e-01,-2.983904291566279454e-01,-2.616706215700637106e-01,-1.496850838065721945e-01,-2.447293461599491238e-01,-4.379343718900743920e-02,8.052626725551804976e-02,2.691388198669701359e-01,1.837284362787034442e-01,1.878433247955381413e-01,3.342018686315194054e-01,2.725519734533010108e-01,4.365045618145191320e-01,3.161291038396461112e-02,3.016981723394072112e-01,2.012792603185393492e-01,1.380990085784233878e-01,1.147126160659934224e-01,1.835919106416137314e-01,1.339221202428323987e-01,2.305037946203858101e-01,2.435815617614526529e-01,1.977507543654098143e-01,1.936546370015928831e-01,1.078578754397265527e-01,-1.851680495693878437e-01,-3.144231205645339200e-01,-2.903708810951760588e-01,-2.890593779658324758e-01,-4.612541160949532038e-01,-5.339500531836672836e-01,-2.199593617687671254e-01,-5.450025752539510160e-01,-5.668281693824780421e-01,-2.342716824600852010e-01,-6.072173230522465159e-01,9.113656396478365257e-03,-9.139838681185430413e-02,-6.236927841017106955e-01,7.240364939224396001e-02,-5.132293014905072726e-01,-3.690473757591177795e-01,1.356243185431024734e-01,4.740784881684013130e-01,1.156458073215175936e-01,2.674648750308278311e-01,9.707653494539393926e-03,2.567839600372145981e-01,4.222549812310111839e-01,3.383714425646930368e-01,3.989445568978967072e-01,4.398345407007248631e-01,5.044480015179308996e-01,3.749317382605106830e-01,4.963780441322601100e-01,3.620359216624366994e-01,4.439268074416281573e-01,2.683489146552023308e-01,-9.995834842534927211e-02,-3.695178233576696947e-01,-2.253367362667669516e-01,-2.526695120212024137e-01,-3.187008499209169066e-01,-8.279026597486548178e-02,-1.903158817051760765e-01,-1.443956026416912397e-01,-2.208507583873018931e-01,-4.298044499736159985e-01,-4.710365810503354123e-01,-4.667360934645762849e-01,-5.094478794861044824e-01,-3.854572957864543237e-01,-3.188060287361337286e-01,-4.796166662762880728e-01,-1.282857987459096738e-01,2.010755097670294256e-01,4.013978155112870594e-01,2.753673848504247235e-01,-1.651482611468396700e-01,2.489613373383765815e-01,5.612623461600297903e-01,5.769781751317898388e-01,4.498577458216470037e-01,5.956395750120014876e-01,3.598447245587927390e-01,4.391307737049510163e-01,2.401151747165328199e-01,3.535747721421121370e-01,2.903336911490425609e-01,-2.906366857966501821e-02,2.391403085460437894e-01,-4.225601423991814237e-02,2.358592340510538010e-01,-8.897431643291658920e-02,-2.909240365149187713e-01,-9.690680975225027249e-02,-3.968587257492590115e-01,-3.238490260935031340e-01,-1.019322346341949292e-01,-4.118843671317987676e-01,-1.597693141384671500e-01,-1.789033553295218959e-01,-3.656973092157214111e-01,-1.935806977084441050e-01,-3.924173897680670042e-01,-2.169245157726706341e-01,-3.256218421384209361e-01,-3.919752588204389321e-01,-3.230610155159884256e-01,-2.492005825844718914e-01,-4.284544294884705118e-01,-2.336603077375489501e-01,-1.056069904426477218e-01,-3.183318955488141921e-01
6.393056572920225999e-01,6.758209300864807811e-02,1.000000000000000000e+00,5.622249922372621889e-01,4.446973496360258626e-01,7.332441969563852080e-01,8.925936059824368662e-02,7.643629107301544434e-02,1.430731470513812997e-01,1.938026408923513300e-01,-4.771419998089537762e-01,-2.761588813179832735e-02,-1.524757930293764441e-01,-3.516130066736855020e-01,-3.306434015120269798e-01,-1.262293284595385756e-01,-3.011167106399186832e-01,-1.805756158477833939e-01,-1.300027093389652944e-01,-9.915090571959146726e-02,-1.100920368167826180e-01,1.054988233428992214e-02,-2.563229867838746623e-01,-2.830431757408791160e-01,-3.138575275011338261e-01,-1.758438951026464470e-01,-3.638471739088574575e-01,-2.457445964609775158e-01,-2.180449715211307538e-01,-3.838027215138105630e-01,-3.736491558955123971e-01,-1.965080298270812653e-01,-2.459863459689072204e-02,-1.031963329232661597e-01,1.933783285605190916e-01,1.161541133862427216e-01,-4.543810352466644970e-02,2.505257844599658168e-01,3.038824784995767248e-01,4.571964975959629252e-01,4.221701845459800984e-01,3.392176271076717819e-01,3.815035306059021969e-01,3.996263059273686968e-01,5.041198476060947398e-01,3.971332324465249308e-01,3.781785619820767219e-01,4.317596340403368482e-01,4.009578703190009308e-01,4.914031020861723276e-01,4.867773290673176878e-01,1.259888312784351594e-01,2.682014011568523704e-01,1.963476885979002773e-01,-1.062241565554033484e-01,-1.593821853522933152e-01,-5.764686200370372493e-01,-4.142314130776165171e-01,-2.136851427375277279e-01,-7.200129868191056381e-01,-3.201183449861478847e-01,-1.745777189774931071e-01,-7.452870382574824371e-01,-2.610278069568482961e-01,-9.469758189017703220e-02,-3.680970152191100908e-01,-5.724896847591192106e-01,-5.367159700451280546e-01,-2.479812007577770205e-01,-2.726235054787279899e-01,-3.929366220389978737e-01,-3.981858319691701786e-01,-3.382812498339626828e-01,-2.013373266479820956e-01,-1.630398498710196875e-01,-1.213069541394899351e-02,-1.185638761154382687e-01,2.695378416075771000e-01,2.193857262439647283e-03,1.459577692141951488e-01,4.533435120537238072e-01,1.072537129201865391e-01,3.041162493508818288e-01,1.645281164211770397e-01,3.983788201975545055e-03,3.934340073124615866e-01,3.384928897452856716e-02,1.663401492825869743e-01,3.156979097877130602e-01,5.527866197745443660e-02,3.436484127365567742e-01,2.910467620793158461e-01,-1.833928508918741540e-01,6.768870214033888451e-03,-3.315334468505853893e-01,-9.951661692243587987e-02,-3.976978478603113154e-01,-2.728792881013493155e-01,-2.210771717168722728e-01,-2.517463567468776753e-01,-6.570062084990625773e-02,3.151551237802786565e-01,5.862611678962770245e-01,5.150017636061167137e-01,3.305258524609624993e-01,7.856047897883985595e-03,-2.432322635862032567e-01,4.526173085720338052e-01,-1.268386764504725872e-01,7.590313541002612074e-02,-2.548406683224815894e-02,-4.610075256179207992e-01,-5.114269800166472424e-02,-3.382959428682056902e-01,-5.172006038643929271e-01,-9.283708566221438030e-02,-5.082613995285334418e-01,-1.863427303417823921e-01,-6.326960120112269659e-02,-4.459997235143192684e-01,-2.923881989047074081e-01,-2.105607338601497847e-01,1.959237098675302990e-01,1.915033381328483109e-01,-1.129789080092553910e-01,3.491867161919631202e-01,4.153465670521172548e-02,-3.308335421627833089e-02,8.358561162130166700e-02,-1.524246245622462859e-01,7.210173371082670424e-02,-1.773281185315325748e-02,-2.032993341230057149e-01,-5.269106653757267555e-02,1.429964210153446824e-01,-5.322905961136913805e-02,-7.928591483003941121e-03,5.286749232739022114e-02,-2.268110584283287295e-02
1.439611857010887896e-01,-3.368771160153504196e-01,5.622249922372621889e-01,1.000000000000000000e+00,3.787250107307006397e-01,4.415553267958897687e-01,-8.160616857988474415e-02,-4.303722912951060686e-01,-9.799280413223827868e-02,-3.025670702014683355e-01,-6.246003677856710734e-01,-1.077239530299382159e-01,-4.223498646896150510e-01,-4.580832107777083606e-01,-3.210210268437493353e-01,-2.251062079558506790e-01,-3.063903305468576588e-01,-2.339720151362794653e-01,-1.195616194386720510e-01,-2.516448586871381649e-02,-1.145912191135855934e-01,-1.116030184267142490e-02,-1.625270828092410524e-01,-6.812245008709327809e-02,-2.734397099624278488e-02,6.059793472187336577e-02,-1.276988484582044581e-03,5.411455920930688390e-02,2.519576499625659702e-02,-1.997625088716753483e-02,-9.001958466562966221e-02,-1.259383727707694967e-01,-4.780935474996143159e-02,2.257816105201422563e-02,2.547031840670197500e-01,8.749245443019169205e-03,-3.012592735996955443e-02,1.037221395137981339e-01,3.439016145429764082e-01,1.958995397384955262e-01,5.205915549063075409e-02,5.042587659742008704e-03,3.351421411908200171e-02,1.115535988760710667e-01,1.588712366813907206e-01,5.846831317944977541e-02,6.705875174667359773e-02,1.063872652921693251e-01,1.089999916198612223e-01,1.947011530211786579e-01,3.891342190369426746e-01,1.793112816083752004e-01,2.164966391474509033e-01,3.017501704975230070e-01,2.343992756258445054e-02,1.990022636322008320e-01,-2.386744552421183052e-01,-1.414475897469238408e-01,3.422781481858629404e-01,-3.306163851286766930e-01,2.409023129446521139e-01,2.684631073900584641e-01,-4.208458680942810393e-01,3.663986018270161682e-01,2.840126815333230414e-01,8.282628948038650574e-02,-2.383217258212715628e-01,-4.817237216012758561e-01,-5.146468751539255981e-01,-3.559198553269384835e-01,-4.087198236770773763e-01,-2.234323909920144791e-01,-2.435684818988867739e-01,-3.583108072983858805e-01,-2.753491540687150740e-01,-2.793744869986182211e-01,-1.674757689198544119e-01,-7.478211763751220487e-02,-2.890036888363814449e-01,-5.035012384115526707e-02,1.297457254916007385e-01,-1.573154438802157051e-01,2.448329841749336544e-01,3.361743697737644143e-01,2.307728762568904968e-01,4.839877636800113403e-01,2.885228562440554367e-01,3.280917095358677482e-01,4.089803373220089466e-01,3.250962778710914103e-01,3.910109372880792855e-01,2.903571949355560067e-01,-5.359506345428413643e-02,1.692940749412146784e-01,-5.023471269491108782e-02,2.061478222671650762e-01,-9.016465359321584883e-02,-1.786391134023529448e-01,7.039568420546439553e-02,-2.147082934563419587e-01,-2.537906973685751799e-01,-3.075601786242170010e-02,3.321645255107579797e-01,3.860594172051012296e-01,-5.842739374620230935e-02,-4.593031479291769248e-01,-3.444556638937794069e-01,2.640333650251557862e-01,-3.550688074622051493e-01,3.154968332270604442e-02,-1.777401032905241984e-01,-4.411750569575418890e-01,-1.091245750279503934e-01,-4.345074196036103342e-01,-3.244267050296515964e-01,-1.035380989610630575e-01,-4.431927245637267698e-01,-3.536514235710876974e-01,-1.693025992561850712e-01,-2.761704392653022699e-01,-3.264233242978308858e-01,5.408106308373732130e-02,3.111049365618190343e-01,3.684067676478197662e-01,1.983970791109200549e-01,3.945948176505187921e-01,2.757895650912318142e-01,1.399681165260048821e-01,2.595375432899826862e-01,1.066024251651344346e-01,1.631867359415363206e-01,1.407487176787836636e-01,3.925539671245509288e-02,7.940917871388264437e-02,1.693280234282872887e-01,1.740034380865259911e-01,5.404046521068652659e-02,7.965730597349132691e-02,1.263754165834681531e-01
2.323037846094240522e-01,-5.048018107918642583e-01,4.446973496360258626e-01,3.787250107307006397e-01,1.000000000000000000e+00,2.608043449507373990e-01,-6.200656392317874799e-01,-2.971935772582862678e-01,-5.389382522596860570e-01,-2.335568083690117980e-01,-5.198410423451897966e-01,-5.489280926778686842e-01,-3.381254007916691950e-01,-1.220041903041570175e-01,-2.259685019076614898e-01,-1.362107834838870157e-01,-2.996538418742285617e-02,8.492820190265346070e-02,7.426138769418486052e-02,1.066772478710372313e-01,9.232589685845696281e-02,1.699725877862884871e-01,-5.991205644483645586e-03,-1.313161220878064942e-03,-3.618220388604653781e-02,3.604989862079141516e-02,-1.085946126018782626e-01,-6.346630207987104255e-02,-1.272419403799939508e-01,-1.767943346593775777e-01,-3.306485557527097940e-01,-2.028878580532529063e-01,-2.734144464389380302e-01,-3.266356423401744480e-01,-1.874461141082837956e-01,-2.339757205463187106e-01,-3.220766076960832058e-01,-2.728518950770674190e-01,2.035632278660226210e-02,1.876475945748052460e-02,2.476033042366080628e-01,2.710359878227318053e-01,3.147781280828604311e-01,1.686493941333802038e-01,3.301300147184988987e-01,1.640904589108188316e-01,1.310939345321255334e-01,2.162007750926151772e-01,1.936265216457949412e-01,3.044563726376103840e-01,4.453554720290740510e-01,3.514416241161232302e-01,4.638078865167036269e-01,2.768267170081770701e-01,3.897741584376063773e-01,2.395554792997358073e-01,-2.512038709636573164e-01,2.515042620301053966e-01,8.294317998684409832e-02,-3.326717174385927511e-01,8.524366011839398793e-02,-4.753966213942539265e-01,-4.481622360670641791e-01,1.083027433718102839e-01,-4.391005071732065335e-01,5.914454848960108702e-02,-8.034491085875004879e-02,-3.710732152461018729e-01,-3.666042821237909810e-01,-1.402056164206438305e-01,-3.963213520786708077e-01,-2.803183074084961146e-01,-4.863673261937411230e-01,-3.865195602825272636e-01,-3.567712355595914486e-01,-1.884304434262002170e-01,-4.932684123037059942e-01,-1.885209494080185566e-01,-1.235582556364030332e-01,-3.246175111614147957e-01,2.984482360900847162e-02,-2.071537086169798203e-01,-1.449622485101372260e-01,-1.724848873118230239e-03,1.996084355279885703e-01,2.929657916614880064e-01,6.263541466729728724e-02,2.494332525503759612e-01,1.107599500463734010e-01,-2.655834125322215772e-02,2.257423580339984193e-01,3.477174262852474884e-01,2.759702381866039889e-01,4.041619699285973200e-01,1.455983460561118270e-01,2.300219550978334360e-01,1.148315400373599131e-02,1.727092494224906905e-01,1.852258408083113927e-01,5.412510842642519887e-02,-4.298462860737178870e-02,-8.892201068407943124e-03,1.486284675212341255e-01,4.903714309420864614e-01,2.254765560257918078e-01,-1.847626512127637510e-01,-6.664890655159437793e-01,-2.017393280068807970e-01,-5.145327032172121173e-01,-3.583947005463792301e-01,-3.607868885926426850e-01,-4.144705162042894298e-01,-3.512789356965913545e-01,-3.289624467307253330e-01,-3.001267567991753871e-01,-2.788108604130593027e-01,-1.573347669921114356e-01,-1.442519528427125552e-01,1.945370233127946269e-01,3.817493918757710464e-02,7.072050022588480256e-02,1.106123627925997277e-01,3.096522284610342957e-01,-1.939142102744360538e-02,1.341657625878843463e-01,2.269983567654758894e-01,-2.571332358004206620e-02,2.335143734366505464e-01,7.053287839701101458e-02,1.518044600186686799e-01,1.876341053245558499e-01,2.233518156689761336e-01,1.654914164750787287e-01,2.225821023071294091e-01,3.114713368594549392e-01,2.618176594423124448e-01,2.052205797984956170e-01,1.122575281872174313e-01,2.165307681143992524e-01
6.357726208319248729e-01,2.505198885973684009e-01,7.332441969563852080e-01,4.415553267958897687e-01,2.608043449507373990e-01,1.000000000000000000e+00,2.053353941459238885e-01,2.272132958412638737e-01,3.044042787185058385e-01,3.440226522753274674e-01,-3.341395965610863827e-01,1.053452020243051818e-01,3.601383042128574602e-03,-2.877284295874909525e-01,-2.810883536162897545e-01,-6.444309788021930496e-02,-2.828116349530301332e-01,-1.808079195411128604e-01,-1.639457760105602069e-01,-1.640543151892006057e-01,-1.175946323064378102e-01,-2.001970361368866566e-02,-2.756273174913521640e-01,-3.125385750971549914e-01,-3.564359770811479922e-01,-2.249418104750426639e-01,-4.127709274868389122e-01,-2.920495383619688412e-01,-2.297263375245637007e-01,-4.186173018089570097e-01,-3.379044091264399863e-01,-1.498526142489858548e-01,2.774593643882665786e-02,-3.654577500593669814e-02,2.221606481286056700e-01,1.769119043667067293e-01,4.144315842971794256e-02,2.933888444018774022e-01,2.658197654694169354e-01,4.706634697852889460e-01,4.261753928685522719e-01,3.620141499366925086e-01,3.617510140423648712e-01,4.155624141487989087e-01,5.004335435430909973e-01,3.950138369328345389e-01,3.932189786093819861e-01,4.280051550026864882e-01,3.796428708330784052e-01,4.622269941523098336e-01,4.038647263954702749e-01,5.603673949228504120e-02,1.890345129855958983e-01,1.229503454192069495e-01,-1.690427584695478047e-01,-2.432727393444195363e-01,-5.721335603080760501e-01,-4.852429008727661142e-01,-3.322842146362917082e-01,-7.210525324027077243e-01,-4.293810870276349445e-01,-1.801857533213807594e-01,-7.018308470354365225e-01,-3.649100195156466664e-01,-7.526966143225394257e-02,-4.483592887906861502e-01,-5.724776848592191270e-01,-4.327002241544562477e-01,-1.294106000464424755e-01,-2.170223470356336948e-01,-2.961612857278921873e-01,-3.554550606078877850e-01,-2.335672755338476514e-01,-8.040834467947825803e-02,-7.530836213157299230e-02,1.016937427145551964e-01,-3.082228087621015702e-02,3.485925930569470088e-01,7.566150666080470599e-02,2.282442856017127264e-01,4.754503584934915428e-01,1.790109411856834198e-01,3.348458200402714691e-01,1.315292454367245067e-01,-6.779718895757022579e-02,3.107356489091949170e-01,-9.779313584910690610e-03,8.567773001264870902e-02,2.813162965996190978e-01,1.625712001817787231e-02,2.842152677031784536e-01,2.362476910579704437e-01,-2.579122229370932051e-01,-1.019651648651828252e-01,-4.201385283638392476e-01,-2.061700521534035879e-01,-4.453266127272901831e-01,-3.411965327930754355e-01,-3.114537628622939813e-01,-2.539036085425021572e-01,-2.278719813140602998e-02,3.637578861982212475e-01,5.952526001586361248e-01,4.149145003127235887e-01,3.518367900619520650e-01,1.487389959115099636e-01,-8.718480112978017893e-02,5.059331792478023448e-01,2.300075927884773219e-02,1.302241658352831233e-01,4.491144449652027110e-02,-3.553979862437993131e-01,2.471204523555292978e-02,-2.503948542550966661e-01,-4.596294539656053391e-01,-3.251618008354017347e-02,-4.795149378598456136e-01,-1.138084544859194053e-01,-7.853429052623860096e-02,-4.714606390972689298e-01,-2.730637573515505845e-01,-2.658095760969441668e-01,1.253139713637988206e-01,1.467596393209522621e-01,-1.756822093261186379e-01,2.904168963912064361e-01,2.652135024276486980e-03,-9.281633317697640662e-02,5.811435008007120179e-02,-2.099516281283894947e-01,3.184877643522857765e-02,-7.832203764419427838e-02,-2.540683981428383809e-01,-9.911904271865509819e-02,7.397000668568044779e-02,-1.360901197842788179e-01,-5.059273081606427414e-02,3.324605186456712491e-02,-7.962338840428559439e-02
2.051535982993291651e-01,6.654257509186403130e-01,8.925936059824368662e-02,-8.160616857988474415e-02,-6.200656392317874799e-01,2.053353941459238885e-01,1.000000000000000000e+00,4.349599434069119641e-01,7.654044763832423826e-01,4.683746255807652581e-01,2.918862368794341022e-01,6.361212062490791963e-01,3.281866559337004996e-01,-8.874859004335292068e-02,2.382041359330562894e-02,5.732075005700187909e-02,-1.492127602586450219e-01,-1.812703324456868548e-01,-1.283013117285026483e-01,-1.891303684358638937e-01,-1.331985882448744052e-01,-1.212010712992842854e-01,-1.530286691623067574e-01,-2.009147977768195314e-01,-1.949164806271694861e-01,-1.911067411225782775e-01,-1.601609000412695938e-01,-1.198702071264242525e-01,-5.393096929989159988e-02,-9.393821838716931438e-02,1.248411839057602946e-01,1.239932872077940396e-01,2.949874336195427715e-01,3.102743269631060841e-01,3.468798317948553755e-01,3.450303928076712268e-01,3.369434661114780738e-01,4.808997065987574149e-01,1.959835217753983783e-01,2.508426601939798828e-01,5.843531428768296981e-02,-4.249180681678819266e-02,-6.779527261417880868e-02,1.293443578602088695e-01,-6.406586115805688528e-03,9.665746140585648738e-02,1.247526171030803738e-01,3.639806860255229148e-02,7.135087423615936453e-02,-3.067984476233678089e-03,-2.046870108569913416e-01,-3.232686549287044908e-01,-3.636017664786106995e-01,-2.225874057981410137e-01,-5.387144278815685361e-01,-4.409862183790193568e-01,-1.432144324425677628e-01,-5.571830236920528590e-01,-2.966118010400353167e-01,-1.524599147916637365e-01,-3.739970375193626961e-01,3.323820529077705643e-01,-1.830398863351216307e-02,-3.569288721239679552e-01,3.780573010404770784e-01,-3.263972378987469725e-01,-2.735828877207331367e-01,1.173321022188741486e-01,3.090771813366590681e-01,4.785122724283673995e-03,2.433027854249287802e-01,6.235833769627479456e-02,3.105975677089025666e-01,3.309737745126741237e-01,2.869850651479850523e-01,2.596796927408541733e-01,4.644325120415585539e-01,4.219743428438482713e-01,2.169343555930260958e-01,4.992380163822912609e-01,2.810322069532711353e-01,3.574825197277380906e-01,3.595787126665292432e-01,5.921606609807446991e-02,-2.881356287054584464e-01,-1.212162736207672703e-01,-9.839932275597890188e-02,-2.399098783556473380e-01,3.472342357943197788e-02,-3.464024602680280582e-04,-7.948973277057541642e-02,-2.451808834267063808e-01,-4.563227199232023357e-01,-5.001422008921331264e-01,-4.122889803485982885e-01,-3.532143479195639091e-01,-3.059561398651882702e-01,-3.639017118613264157e-01,-3.516309081494556343e-01,-1.565153852264424272e-01,8.647647428311878992e-02,2.452099182647830833e-01,2.304719882586143687e-01,-2.100279062342209346e-01,5.060759611772063654e-02,2.921281606554224086e-01,5.954703169035022725e-01,5.250944220576447830e-01,5.196752777549742408e-01,4.486160087430868249e-01,4.310053893702151528e-01,1.929832023980682099e-01,3.802709391850848109e-01,2.167395681067375846e-01,1.093839637662975296e-02,2.675422923373830808e-01,-1.068922500225563677e-01,1.195111259717896168e-01,-2.292375628841843704e-01,-3.201524806376666588e-01,-2.198700630712303872e-01,-3.199050773087372956e-01,-2.859985118361074719e-01,6.355945062208426255e-02,-2.799693681185350114e-01,-8.090975034330415150e-02,-1.835103134340375017e-02,-3.236949700635112226e-01,-8.210394834069394132e-02,-3.043489006324249235e-01,-1.913362626579838965e-01,-2.874325747354716243e-01,-3.224078443306654940e-01,-3.002184127101546474e-01,-2.719267268240414537e-01,-3.403409195756744166e-01,-2.457158617234964371e-01,-9.785451761531741011e-02,-2.704054639528629678e-01
4.441758754427869160e-01,6.544448860974971804e-01,7.643629107301544434e-02,-4.303722912951060686e-01,-2.971935772582862678e-01,2.272132958412638737e-01,4.349599434069119641e-01,1.000000000000000000e+00,5.681708439357588958e-01,7.844897190120170283e-01,4.534101980905950180e-01,3.490297347607806966e-01,5.543212241899221349e-01,2.270475277458691155e-01,6.446181868278914873e-02,2.431163204659247679e-01,4.301483976485406813e-02,4.691040184733830110e-02,-6.984901980469400418e-02,-1.367705691156901049e-01,-3.126915197489935766e-02,-7.491125723563830940e-02,-8.843234116238500586e-02,-2.331176822534753723e-01,-3.506892390562403872e-01,-3.025179277337342598e-01,-3.577783198252983410e-01,-3.449435301503089857e-01,-2.436408423729589101e-01,-3.340528490344538692e-01,-1.832987762997595194e-01,4.765311490245520420e-02,1.309098027807723275e-01,-5.417870486437041449e-04,2.485435472222311676e-02,2.201932197052530460e-01,1.405813088869165839e-01,2.418702668769728281e-01,-1.170882920936719696e-01,2.400505196819900933e-01,3.033656047997528860e-01,2.809996535882607338e-01,2.211145929145678923e-01,2.329040238593882706e-01,2.541349588541442772e-01,2.792277416232170628e-01,2.845395529338121121e-01,2.835653804015492718e-01,2.361393914069105371e-01,2.048247123363689248e-01,-8.044946851710109426e-02,-1.860936426787095643e-01,-1.030753158965311833e-01,-2.419872311743235527e-01,-2.790939784752139441e-01,-5.030643050453101894e-01,-2.960893271070326183e-01,-3.538233499946583094e-01,-6.648650043855269809e-01,-3.180336205994781507e-01,-6.760504299850796928e-01,-3.231566517006981276e-01,-1.978071959575856131e-01,-6.990393125434098964e-01,-2.354558564030155843e-01,-5.143577206220615317e-01,-2.870565151573609142e-01,1.575116570566145735e-01,4.707006979196387553e-01,2.049538447870662139e-01,2.130343562772879507e-01,-3.284334912721053462e-02,1.060989097823580585e-01,3.524058157139397518e-01,2.870417077807449480e-01,4.062057269837713314e-01,2.436166124168863412e-01,4.680529304924560541e-01,3.906435898140685481e-01,3.490388859119603615e-01,3.351529593455481737e-01,3.716138160355871856e-01,9.619921261455539885e-02,-2.203238258973765074e-01,-3.389595852538971332e-01,-2.378577993537629998e-01,-3.138886374207335295e-01,-2.955395737258805777e-01,-1.602115448231007100e-01,-3.066891755356889182e-01,-1.571141067172493744e-01,-1.281081460377990477e-01,-2.752341447755399795e-01,-3.684107465212186905e-01,-4.110754325117916275e-01,-4.920055112577165768e-01,-3.726129482913421165e-01,-1.868265251575675634e-01,-4.380079819362519000e-01,-5.449034173775328671e-02,2.765337508805748579e-01,4.106073271597131535e-01,2.320033836859781706e-01,-7.300440462663200514e-02,3.947809036633487256e-01,6.572379015811493641e-01,4.003514942812104183e-01,2.763597136825719502e-01,5.043503807778074721e-01,1.660300750127857994e-01,3.035442205593068543e-01,1.972735404052566865e-01,1.901979279234712050e-01,2.543318900321704379e-01,-6.229564460541716503e-02,1.121199623985597998e-01,6.276703697097913044e-04,2.840950120184562722e-01,5.884919067343981347e-02,-2.106947751129812085e-01,4.412218070677041692e-02,-3.571944836431386605e-01,-2.608028670954859463e-01,-2.354847120112991132e-01,-4.230195013209732124e-01,-1.632328749616517027e-01,-2.997762659476151392e-01,-2.994204228389851230e-01,-2.378798581900629650e-01,-3.625782105842297320e-01,-1.689133003315144710e-01,-2.636265207132284516e-01,-3.362812905524010243e-01,-2.265486687160384871e-01,-1.359322217470148586e-01,-3.644326457019024801e-01,-1.415964797610514692e-01,-7.399650534896839993e-02,-2.597966526936711928e-01
3.028897565107547818e-01,7.038605809689845172e-01,1.430731470513812997e-01,-9.799280413223827868e-02,-5.389382522596860570e-01,3.044042787185058385e-01,7.654044763832423826e-01,5.681708439357588958e-01,1.000000000000000000e+00,6.047090899214442317e-01,3.486106692507478511e-01,7.072955484648323354e-01,4.369121159041967073e-01,-6.413623868742310274e-02,-1.683327221459221534e-02,1.319937840942403406e-01,-1.803272687905094762e-01,-1.957185865129029700e-01,-2.135061579564731804e-01,-2.655689255018542916e-01,-2.163826579742305911e-01,-1.885936637363085089e-01,-2.381139549923522447e-01,-2.920832743312598012e-01,-2.927079825365240251e-01,-2.054811774767529298e-01,-2.189205051712088124e-01,-2.282159311561978432e-01,-8.141705959589486119e-02,-1.502782129675031830e-01,2.663127815472576126e-02,1.153212455867663605e-01,3.103977914089307011e-01,2.673716097907687383e-01,3.467946957812629849e-01,3.797982207390451781e-01,3.105407681007631426e-01,4.383301739593705171e-01,1.090461706618510301e-01,2.598406963507218781e-01,1.307397667669749075e-01,8.682798358840544684e-02,2.295474576005029563e-02,1.651063891712593601e-01,1.123091404196838033e-01,1.681010430660088428e-01,2.050595262135403718e-01,1.686002183090067608e-01,1.331275748543582771e-01,9.532529446091914105e-02,-1.405691167390223650e-01,-3.035835197521776774e-01,-2.959074214457633745e-01,-1.905438036472962005e-01,-4.993216556888950275e-01,-4.913631210750891154e-01,-2.306123245904790342e-01,-5.966292217191789815e-01,-4.435890623770798458e-01,-2.695852439555452840e-01,-5.325011334958333897e-01,2.337834540992099475e-01,-1.171488606754230166e-01,-4.707466763796420151e-01,2.912016813169460150e-01,-4.294525501776764731e-01,-3.491146056558436794e-01,7.086125442473470426e-02,3.451162777759805844e-01,6.013520731864464841e-02,2.378092763246051622e-01,3.900192345932861765e-02,2.457813608823748719e-01,3.282002852120411984e-01,2.933042014144530141e-01,3.054147577625423438e-01,4.268324068207894340e-01,4.758206126411057557e-01,2.637791882751688299e-01,4.760306539574822859e-01,3.460117683061545990e-01,3.659196291188974159e-01,3.084871882043647151e-01,-6.406530430586198331e-03,-2.812652538613089059e-01,-1.022777875693696853e-01,-1.490647409346289032e-01,-2.180028619864601558e-01,3.229620809259709652e-02,-5.976418849889465756e-02,-4.557209303735571676e-02,-1.811597329655735555e-01,-4.644483419877686314e-01,-4.850392896780981178e-01,-4.634105790728232366e-01,-4.423649505016287176e-01,-3.765049297502343073e-01,-3.855668193523588694e-01,-4.109548837820281020e-01,-1.747635386006925473e-01,1.451566901401955823e-01,3.503391059221246384e-01,2.993350676938244526e-01,-1.625026688423550358e-01,1.393338011682225264e-01,3.721932041611986652e-01,5.796615476190183358e-01,5.461777309137963998e-01,5.359056834250919277e-01,3.624946419879131465e-01,3.731613092286224509e-01,1.670050422213889552e-01,3.081351848475463173e-01,1.664301942061588435e-01,-7.360736057718159087e-02,1.921037963591671061e-01,-1.606436927001045900e-01,1.282232849182464995e-01,-1.841675299605320670e-01,-3.773622804350603710e-01,-2.052860070861438624e-01,-3.593397799339951848e-01,-2.643088218134953538e-01,6.247808979904799324e-03,-3.372758501090043493e-01,-7.718719282303931895e-02,-9.570530781482233795e-02,-3.227876772277012418e-01,-1.128910293087331401e-01,-3.521638534548789390e-01,-1.712781208094838470e-01,-2.995697456698301342e-01,-3.682483583360642854e-01,-2.857888240776453315e-01,-2.286632641778143793e-01,-3.742786205745508021e-01,-2.200525901335226575e-01,-1.045534401997033624e-01,-2.951721258720442775e-01
5.168746789388898311e-01,6.536270809585195130e-01,1.938026408923513300e-01,-3.025670702014683355e-01,-2.335568083690117980e-01,3.440226522753274674e-01,4.683746255807652581e-01,7.844897190120170283e-01,6.047090899214442317e-01,1.000000000000000000e+00,4.028321677097602693e-01,4.065904220179200612e-01,6.054121907053154894e-01,2.374143452598885817e-01,2.069281760783340043e-03,2.598544760874049175e-01,-9.039972439182974995e-03,3.696742395443961687e-02,-1.252007678518386735e-01,-1.577178938815859133e-01,-4.357332178271827033e-02,-8.281273825101520547e-02,-1.075524639890993034e-01,-3.061739719759413725e-01,-4.464359750653463244e-01,-3.579425219404299141e-01,-4.005357896282387142e-01,-4.095555112190651381e-01,-3.014346247528476019e-01,-3.606094985393146768e-01,-2.062795136748691582e-01,2.473335196581261455e-02,1.307350667379618692e-01,7.541884838341259044e-04,5.106843784969006955e-02,2.000069462106573714e-01,1.367115219687406458e-01,2.595339422615200453e-01,-1.121933251258983300e-01,3.196156331497764791e-01,3.558706543077448381e-01,3.115300571691543841e-01,2.651363625181733519e-01,2.924495877664103349e-01,3.277039988684725125e-01,3.291200489405132767e-01,3.431024980682145231e-01,3.560267062539798633e-01,3.119241830974906482e-01,2.768108978581323432e-01,-3.623813200266967627e-02,-1.890538237364514373e-01,-7.217591235388902404e-02,-2.161187187742663884e-01,-3.005056120076629589e-01,-5.335439976351165070e-01,-3.785284577116682647e-01,-4.841491161743587401e-01,-7.208084275196492419e-01,-4.342469659021135353e-01,-7.222988118598979712e-01,-2.989651278060366790e-01,-2.565382130451459020e-01,-6.840835101094572268e-01,-1.979629311639017897e-01,-5.338739093202483632e-01,-3.314537342000969389e-01,6.488700298520432008e-02,3.857415792832490364e-01,2.067973371148813522e-01,1.439478215854300969e-01,-6.465995212417097182e-02,7.302628543784389636e-02,3.118960024031908751e-01,2.521965804893311347e-01,4.129336819455752816e-01,2.199706043105014996e-01,5.099643585483527586e-01,3.554416570964592514e-01,3.196340246082982062e-01,3.730188752819659781e-01,3.287999648063400504e-01,1.128754602470054269e-01,-1.715479093387826948e-01,-2.880505995091826588e-01,-1.521952156890247210e-01,-2.675744431601933537e-01,-2.242132600279141685e-01,-1.101135644321136892e-01,-2.684142546814391461e-01,-7.943029952198206456e-02,-7.782564791410227778e-02,-2.937235081626110023e-01,-3.430730276829072056e-01,-4.312468224439957587e-01,-4.949778257071714704e-01,-4.395561390342845876e-01,-2.281810983432780437e-01,-4.701048122051149636e-01,-1.130726620760076212e-01,2.299031462354341471e-01,4.365035277174993955e-01,3.089405692368802359e-01,-1.618107539460662825e-02,4.353146660728837158e-01,6.393043348485866195e-01,3.718017234604629184e-01,3.403858498473909533e-01,4.906945194048142889e-01,1.424128831750759439e-01,2.795934691958171237e-01,1.512918240729271280e-01,1.655337719177377431e-01,1.780229747774011995e-01,-1.238222355803414443e-01,7.219129225328874133e-02,-7.810765105759286120e-02,2.337342468181153043e-01,6.291588302332398741e-02,-2.593526844530392172e-01,5.588378787312601147e-03,-3.344059351924951740e-01,-1.905708887847363808e-01,-1.682663604922521039e-01,-3.830139165654063427e-01,-7.892443325575855539e-02,-2.499082617416879259e-01,-2.434749755449689690e-01,-1.833441426161493415e-01,-3.484653308153398688e-01,-1.263666107284307505e-01,-2.639584928992901869e-01,-3.470115425899578110e-01,-2.082076604439240253e-01,-1.048814483240935180e-01,-3.472861028976452769e-01,-1.245072942102688623e-01,-8.461523851482906367e-02,-2.408478163854700649e-01
-1.147609737632497573e-01,4.339660568949562092e-01,-4.771419998089537762e-01,-6.246003677856710734e-01,-5.198410423451897966e-01,-3.341395965610863827e-01,2.918862368794341022e-01,4.534101980905950180e-01,3.486106692507478511e-01,4.028321677097602693e-01,1.000000000000000000e+00,4.307965517790123267e-01,5.883810838496534856e-01,4.038507498556080377e-01,2.553310906455182883e-01,2.684894221784113744e-01,2.008397300141617769e-01,1.185976768493822303e-01,-4.069752371041456679e-02,-1.028309285710408832e-01,-5.906205758519173649e-02,-1.063473866903110049e-01,2.735670063287035450e-02,-3.959730195547043335e-02,-7.607686791101095358e-02,-6.718769231617502391e-02,2.865611282063470350e-02,-1.014400407317196245e-01,4.526283442822102640e-03,1.082569356799335109e-01,1.708711436800464112e-01,2.001550160912313192e-01,1.398108267831402740e-01,1.152100047921700843e-01,-1.749974447284502813e-02,9.459731930986596538e-02,1.236918640564597660e-01,5.197303254813462337e-03,-3.413890520099538417e-01,-1.937338543579900929e-01,-1.444764584659977980e-01,-6.323953002850571381e-02,-1.091791175912413814e-01,-1.715291273668538841e-01,-1.621482976595518544e-01,-1.086358571746749296e-01,-7.667943018114360687e-02,-9.633701537861352748e-02,-1.318417028853386408e-01,-2.056887644809796134e-01,-4.105132066508245803e-01,-2.478183291230038054e-01,-2.996612781761910371e-01,-2.834305516112448631e-01,-1.428525722122647723e-01,-2.580432623500518163e-01,2.423032031515114093e-01,-1.037550947455891104e-02,-3.089135386236077641e-01,3.341595800469784328e-01,-2.076153060360604596e-01,2.238379383832046852e-03,4.255670434696097737e-01,-2.490674064169704216e-01,3.685444552842159164e-03,-7.065984528875701720e-02,1.792199587054585652e-01,4.063599937186394007e-01,4.482450421872104518e-01,3.427599472328080044e-01,4.536697670938712457e-01,2.870842211578491510e-01,3.000112775086090089e-01,3.561715098354331088e-01,2.748621376818956574e-01,2.602148028707174654e-01,2.707106995341117539e-01,1.071045954781890686e-01,2.779635929664108218e-01,1.183296563032130294e-01,-4.413212561901749126e-02,1.779754816172582632e-01,-1.859055214642996723e-01,-2.903002684539167655e-01,-2.019787972231156248e-01,-4.001868429447680287e-01,-2.542877877748241922e-01,-2.507771400225800584e-01,-2.781295037711978280e-01,-2.381109993895244303e-01,-3.022056579006063837e-01,-2.718376666862096780e-01,-9.808011699355151380e-02,-2.107896851578447417e-01,-5.624885267227982405e-02,-2.655440147502760029e-01,2.761941472446168000e-02,4.003022596833025887e-02,-1.250562670911218865e-01,1.408640141209984986e-01,2.462921249821591052e-01,8.768706360404779354e-02,-2.277478711363065123e-01,-4.359292900389529213e-01,-1.631517443391761191e-02,3.942280970467122447e-01,4.792708312476532950e-01,-8.394826596098872717e-02,4.406886486350914955e-01,1.367468133834968437e-03,1.860171008632646172e-01,4.435137428925554626e-01,1.146281851754502867e-01,3.479944592401302272e-01,2.428035644126862735e-01,7.451882456038648461e-02,2.999033887056921643e-01,2.684243655453283917e-01,7.826794097187005084e-02,1.311432990555008726e-01,2.104900449378142580e-01,-1.098174778972044879e-01,-2.895747592549066107e-01,-2.710995292553098901e-01,-2.223307377306512622e-01,-3.387404692026833586e-01,-2.498579256592596554e-01,-1.697813591546500911e-01,-2.142688342096298881e-01,-1.492294414794972934e-01,-1.411111773864438534e-01,-1.572126134497597583e-01,-8.538563193146564423e-02,-1.062426703082673674e-01,-1.844429308307807547e-01,-2.125174960815411351e-01,-6.980672738922105713e-02,-7.540687994951161821e-02,-1.632875189735218668e-01
