1.000000000000000000e+00,4.511365304607788396e-01,5.794370128581103341e-01,-1.651658930935983871e-01,-2.570917973664472167e-01,5.400209518145515641e-01,3.062031796854472465e-01,-4.102086088566476718e-01,4.294061449046073821e-03,6.284717026396624551e-01,8.317307482865934215e-03,-4.399762868576922448e-01,3.419201245652466192e-01,5.166436120499480200e-01,-2.115157081088855917e-01,8.552777232545183406e-02,-1.712868125714848422e-01,4.963021285829145035e-01,5.045579343302797337e-02,1.521529519922115714e-01,-5.386352510517591341e-01,-3.122278497379946116e-01,2.362686367382022534e-01,-1.462534030587826217e-01,-5.538713490495834613e-01,9.725365669854027506e-02,-3.932075335109361802e-01,-1.244422731204662402e-01,-8.622538121742630637e-04,4.483317494004449011e-01,2.658243097580394957e-03,5.235592139775658849e-01,1.778125215826334149e-01,4.396799689334218719e-01,1.873079677893033090e-01,6.180995441265516727e-02,3.839962539983511891e-01,-1.411711040156046065e-02,4.567966328333482040e-01,-3.199527270468939255e-01,3.167131713104606172e-01,-2.852752883906241044e-01,1.535248368805559593e-01,-1.992417742602557440e-01,-2.602606131325699290e-01,-2.473430489296831458e-01,-4.657107490116303983e-01,-4.208806124099993551e-01,-4.088419001161963107e-01,-1.513927851439545585e-02,-3.224995889072288513e-01,4.031347620866296277e-01,5.776518920811880564e-01,5.548221001104107764e-01,2.357444762731545490e-02,-4.887405042868561700e-01,1.704936025061949689e-01,5.358829687902488814e-01,-3.136357547417405467e-01,-3.434384113815692752e-01,5.186666315445125353e-01,2.486679119998082554e-01,-5.129629166042752875e-01,1.133531687082596773e-01,6.115734589932994014e-01,-1.264583926065222241e-01,-4.042167654724048709e-01,3.181413580624528614e-01,2.244954909944975319e-01,-5.705878546662251916e-01,-2.506376590151151995e-01,-1.309974480167188093e-01,3.502143771600183531e-01,-2.559972972745180320e-01,5.758485773990544565e-02,1.084666034714448363e-01,1.555583845433211876e-01,-4.850766051862016037e-01,-1.158246227290786745e-01,-3.681775166104259145e-01,-2.571213092704326408e-01,-1.920366519081745382e-01,-2.872489842684139427e-01,2.243518199472429031e-01,-2.814982292558686483e-01,1.544068240467480202e-01,-3.534317906365973538e-01,7.141764598015029608e-02,-4.207255957624057574e-01,-1.212403356942487465e-02,-3.204220861376257390e-01
4.511365304607788396e-01,1.000000000000000000e+00,1.302625374270140191e-01,-3.026996374811183332e-01,4.830319044787911853e-01,7.438120857865434532e-01,-1.954415956284603351e-01,-1.884891584151235644e-01,7.454040358019827783e-01,4.844074730440555143e-01,-3.652919111994926138e-01,1.154808607557254591e-01,8.520709850215862913e-01,1.279317177795636917e-01,-5.134300589405130788e-01,3.887568762307304637e-01,-2.782184849454313880e-01,3.425429809273423665e-01,5.223322523415552254e-01,-4.226731380100886004e-01,-7.359143815040739556e-01,3.977542647138337939e-01,3.041637530688650060e-01,-7.890786632028127245e-01,-4.118481960829022959e-01,-5.190928389319986458e-01,-4.431344797163787042e-01,-6.563558548223085154e-01,-3.229312469558532350e-01,-2.538921094395760539e-02,-3.943075016479392070e-01,4.266747874603001867e-01,-2.306371439094282993e-01,4.597181353515802926e-01,-1.358384221338510695e-02,5.514307948136362159e-01,8.191915880399802674e-02,1.319473576510485635e-01,8.351529715607961535e-01,1.258030378171283992e-01,-4.989812668110314188e-03,-4.302602492410571577e-01,-5.013275929535111475e-01,-6.272661947127703419e-01,3.312273086148557755e-01,-5.174546093078619124e-01,-3.270423208909392643e-01,-8.602849519508365406e-01,-1.318551122377404350e-01,4.760726968230521994e-01,-7.762127368036043917e-02,7.991309763232079533e-01,5.210421572726372519e-01,4.330843919653893370e-01,7.589864902730103502e-01,-3.573038555970189378e-01,-4.926705386175616597e-01,7.516969535895891008e-01,3.764521450388572665e-01,-6.606615076335148329e-01,1.057272630464616142e-01,8.708373502398139010e-01,-1.410643602707304933e-01,-3.889460090177286333e-01,6.205183243292941020e-01,6.366128984276502312e-01,-3.849747712909570296e-01,-2.426533535068471914e-01,6.859873328225534195e-01,-1.710822885896964851e-01,-8.309069776832407328e-01,-2.334938487012809261e-01,-2.174441846490654806e-01,-8.442721360191390856e-01,-3.615856734517489679e-01,-5.247550657070509939e-01,-2.742617375890668563e-02,-3.624301631036080384e-01,-2.015640941592199142e-01,1.844682106974987190e-01,-1.332302500304142767e-01,4.935597461376945994e-01,-5.376284688060673639e-02,7.360094763346727298e-01,8.744104541400318786e-02,5.958007984723376893e-01,1.392070257815400669e-01,5.740492015285398875e-01,9.840037512663035724e-02,3.060208055063727284e-01,-1.779555672750923745e-02
5.794370128581103341e-01,1.302625374270140191e-01,1.000000000000000000e+00,6.286138916728606363e-02,-7.027248950069030498e-01,5.053073350085462989e-01,7.985671744750488799e-01,-4.865643715871408870e-01,-4.306993858593772262e-01,8.676271288576731244e-01,3.882632073311553800e-01,-7.776694766662587410e-01,1.020949331167640001e-01,9.424780924322889719e-01,5.926046466019508491e-02,1.110405537288782774e-01,2.673240941426936051e-02,8.190984867064169395e-01,-4.083816574695275925e-02,6.177295438889138790e-01,-6.043980690505009745e-01,-7.455658482893630090e-01,4.435380194676069032e-01,2.226275475770089496e-01,-8.583799572006141076e-01,3.307768525633798529e-01,-6.070401206719446829e-01,5.094167505538281515e-03,2.518468451929114192e-03,7.159918808387358835e-01,4.961082608513320280e-02,5.971804388957363541e-01,2.815556796935368422e-01,4.027644179303474514e-01,1.592142324391878916e-01,-3.315137273803027695e-01,4.966910173889652613e-01,-2.900548304108048758e-01,3.788844716126881784e-01,-5.058310809271994168e-01,7.296600917955500254e-01,-1.116743269358870527e-01,6.445107069541158307e-01,1.166140672879287382e-01,-5.291523943139735398e-01,-5.258825832789328775e-03,-5.260915826071871360e-01,-3.101626041267144251e-01,-5.198726201564727312e-01,-1.369191200296134836e-01,-3.753594755044870612e-01,3.530014056075406748e-01,8.157524040337429394e-01,6.689332716110347743e-01,-3.639989774777563913e-01,-8.057149124142100050e-01,4.722261498419209058e-01,5.131725708724484969e-01,-8.156417205602645160e-01,-3.832796914718010761e-01,7.906634188692958087e-01,-3.452303753897698751e-02,-9.329938223592688651e-01,2.643692124531289989e-01,7.543458087096444054e-01,-5.655074573463529930e-01,-6.645858646092541733e-01,5.868622997649750594e-01,-8.728148883839610683e-02,-9.653295558065184689e-01,-5.351906909523677924e-02,-2.924200492648644789e-01,6.346481561395082016e-01,-5.301819020961750367e-02,1.299466509399850311e-01,5.898361768297842866e-01,4.799926263423066053e-01,-5.470706012255878159e-01,9.123762588286143949e-02,-6.562414224068211510e-01,-2.088337455310969037e-01,-5.281004612928263953e-01,-3.130277870111409788e-01,1.116605549211208831e-01,-3.937612846712764680e-01,9.631692018378391895e-02,-5.817410596367941222e-01,-4.089779678738856422e-02,-8.708513240860422666e-01,-3.198394093249204984e-01,-6.218240222531344896e-01
-1.651658930935983871e-01,-3.026996374811183332e-01,6.286138916728606363e-02,1.000000000000000000e+00,2.462314602487258863e-02,-5.799752455015949604e-01,6.193232045197093472e-01,8.137527174453785817e-01,-3.770747055974086881e-01,-2.393374031225436738e-01,9.169694999000583824e-01,3.898256071402073086e-01,-5.601970256050045061e-01,2.765997075121087168e-01,9.427705132928158038e-01,6.771150034062125567e-01,9.783795238947988748e-01,3.614425127055750919e-01,5.174101025910244900e-01,6.929095964467479885e-01,1.321902936881206303e-01,3.772968473476277090e-02,6.920344467398781285e-01,5.343998752763958748e-01,-1.635862465118565756e-01,-3.863767099429000762e-01,-4.922524299183841934e-01,-3.492878258510118683e-01,-7.257497898925363566e-01,-5.249547733742534472e-01,-6.625324329277180180e-01,-7.223110682259599180e-01,-7.206132941878744536e-01,-8.522908240023724380e-01,-8.886181783891523578e-01,-8.547853009731899432e-01,-7.706775240291777740e-01,-9.423456203823371569e-01,-2.524217057719390644e-01,6.537202914414795840e-01,6.744586430379804209e-01,9.534251600327934284e-01,5.964996839351219826e-01,8.699184663962986619e-01,4.702693563284225386e-01,9.431558277087369602e-01,7.918708000469044661e-01,2.346934083484103761e-01,7.670263198690321360e-01,5.490445017048668497e-01,8.246356659205122952e-01,-7.149244262076485425e-03,6.374544632515564968e-02,-6.298806393386167102e-01,-2.952036878515956198e-01,-3.788004619263963813e-01,-3.241206573593639062e-01,-5.101717089888887502e-01,-3.306092934206645295e-01,-3.289159252684377699e-01,-4.951175005271706286e-01,-3.563738621204515233e-01,-3.105987621200892446e-01,-5.928324495145533835e-01,-3.140596564432340809e-01,-1.851425622247203362e-01,-5.081866647977232310e-01,-4.987012618143957798e-01,-8.143937983939232295e-01,-2.253528868062601789e-02,2.197510922799339114e-02,-7.956063498190882877e-01,-4.622983585802916129e-01,1.259579045946224440e-01,-6.546126803299335828e-01,6.272652219750866065e-01,8.517785538382588451e-01,7.712922464697934410e-01,9.783012644678105163e-01,4.816212678221812316e-01,9.191644601895646582e-01,2.614858110641039013e-01,8.578495695593240100e-01,2.353455710189364669e-01,7.543788222999704418e-01,4.588658902769836012e-01,5.830881395754833330e-01,4.384629008723484045e-01,-2.546231816876335374e-01,-6.975967995589320569e-01,-1.890100873925097402e-01
-2.570917973664472167e-01,4.830319044787911853e-01,-7.027248950069030498e-01,2.462314602487258863e-02,1.000000000000000000e+00,3.982449269490639758e-03,-6.218658546118844832e-01,5.189112734160346019e-01,8.562946656607312024e-01,-3.991561731094808163e-01,-3.256010906778715741e-01,8.747111816402693973e-01,4.407081383462490565e-01,-5.879372045361443977e-01,-1.679217464040012042e-01,4.555662980547190433e-01,6.721401671691765167e-02,-2.788487938609430228e-01,6.426050620696289739e-01,-6.411490158736482536e-01,-6.683734304993539654e-02,9.693596043055020539e-01,1.128782303680373467e-01,-6.706601894280481702e-01,3.190437591331826139e-01,-8.397646721102214329e-01,-2.639759068051324847e-02,-6.692517514771042508e-01,-5.119502778832468737e-01,-7.924537940372416989e-01,-5.903495131230104276e-01,-3.805257929376776316e-01,-6.655573299641784901e-01,-2.325593956084321956e-01,-4.368767668744558130e-01,4.578217894185745984e-01,-6.002038450908379064e-01,4.303831263432153498e-02,3.006002557470313086e-01,7.430563459169144958e-01,-3.919773388592802665e-01,4.612583209993034034e-02,-7.634020904177925004e-01,-3.367704781899212851e-01,8.749412212484789508e-01,-1.177533351567566222e-01,4.272070350969801589e-01,-3.830928803326108523e-01,5.759754273719969175e-01,6.943183795750400567e-01,5.210195609195674704e-01,3.722731495491708453e-01,-2.254039493968170993e-01,-4.039841807287706255e-01,8.420371147737055750e-01,2.494673217103796081e-01,-9.139529691635938091e-01,3.205795941902837842e-02,8.880098468639777698e-01,-3.415790163299032289e-01,-7.351841634229173694e-01,6.400602799199572868e-01,5.596686183192337571e-01,-7.422187349949687096e-01,-2.150942664410549765e-01,9.449612597144367854e-01,6.618388188435868347e-02,-8.571033753677347322e-01,3.794349192129662374e-01,6.577521699087721663e-01,-6.434674791260629467e-01,-2.099700770162110930e-01,-8.651956071496935685e-01,-6.236570681051435416e-01,-6.287596398231740658e-01,-7.257356377770692868e-01,-1.428956828806588475e-01,4.066382196468179000e-01,7.644677405151348304e-02,8.615277988420749766e-01,3.664590311871550599e-01,9.413953005549932085e-01,4.996587585662172759e-01,5.998111160329646641e-01,6.511068808577905598e-01,5.694146151650330001e-01,7.961826875808659665e-01,6.609927221321891810e-01,7.265495515826591033e-01,2.942467989910461656e-01,4.408255823583039912e-01
5.400209518145515641e-01,7.438120857865434532e-01,5.053073350085462989e-01,-5.799752455015949604e-01,3.982449269490639758e-03,1.000000000000000000e+00,-1.651648571141123636e-02,-6.863007329167880588e-01,4.812681097620855053e-01,8.440707379568723745e-01,-4.463802757749092964e-01,-4.345636578708079734e-01,8.788830503174129838e-01,4.185975716117554812e-01,-7.146982636821738177e-01,6.032764419804876460e-02,-5.756929325192285951e-01,4.803342626298500728e-01,1.490736831128834927e-01,-2.917425685173573591e-01,-8.578443919122826777e-01,-7.525711541825760853e-02,1.484847951356838558e-01,-6.739695722376574105e-01,-6.271314059680560549e-01,-6.524990529981213039e-02,-4.024635605003234473e-01,-3.281705403157192391e-01,5.896726353892668693e-02,5.228035585107116967e-01,4.525345656526786990e-03,8.688889812363753684e-01,2.532366272662155415e-01,8.533784454055162172e-01,4.159551298809076036e-01,5.794205921293595907e-01,5.939409806998967589e-01,3.333550737693061761e-01,8.739413552697470333e-01,-4.039944552948810386e-01,6.778469963986451241e-02,-7.373055094237217499e-01,-2.968138699353762289e-01,-7.397472769340736054e-01,-1.948435797317079055e-01,-7.473706788341257790e-01,-7.928274217713449090e-01,-8.516044174332174643e-01,-6.415078308189313683e-01,5.891500322238871906e-02,-5.564325253704759389e-01,7.381176126774652291e-01,7.241572669109846982e-01,8.693865597728893668e-01,4.917916572087192573e-01,-4.777477367577734890e-01,-4.737875004536353830e-03,9.781192739844216666e-01,2.314880743590951376e-02,-5.196288191556499569e-01,6.393225212861126661e-01,7.482347200033949708e-01,-4.090692231690684078e-01,7.990414140015882072e-02,9.172857968188646849e-01,2.674782616451373274e-01,-3.808419131233902744e-01,2.947744237828297531e-01,7.723167899609042486e-01,-5.606821474321461718e-01,-6.272773360399819254e-01,1.496827253998002198e-02,3.223395906201551586e-01,-6.823505541192204094e-01,5.972183233839464811e-02,-3.492905546515404636e-01,-1.328422248811578776e-01,-8.194369508470632502e-01,-4.893339312109715178e-01,-3.625270758747859423e-01,-5.569398526283096951e-01,4.897440871543466169e-03,-5.244509077959040866e-01,4.833646212230782169e-01,-4.197558890406380971e-01,2.876952437236538485e-01,-4.008774971276866661e-01,2.187777183550725368e-01,-2.337165697856457280e-01,3.469909583379389706e-01,-2.259401581082984833e-01
3.062031796854472465e-01,-1.954415956284603351e-01,7.985671744750488799e-01,6.193232045197093472e-01,-6.218658546118844832e-01,-1.651648571141123636e-02,1.000000000000000000e+00,6.790656354336162270e-02,-6.583533814669183526e-01,4.946809380837896564e-01,8.509836816959532868e-01,-4.347429162796508928e-01,-3.443583076561542167e-01,8.813111006121010504e-01,6.234087612552827729e-01,3.876730531618923781e-01,5.806419661753206007e-01,7.936657821545916036e-01,1.611734029404562896e-01,9.237306562030194179e-01,-3.014397142464015911e-01,-6.367109669021283613e-01,6.740617273078587379e-01,5.802179388436690122e-01,-7.103311985271242301e-01,1.391249740032193816e-01,-6.779096698843974922e-01,-8.087408236123783123e-02,-3.325266841242534577e-01,2.989253431343890099e-01,-2.502635788018550134e-01,3.104714083552558013e-02,-1.206875976197816086e-01,-1.982597883514231885e-01,-3.402807555738925349e-01,-8.006482640728030953e-01,-2.259755422404508343e-02,-7.500631264388414321e-01,4.260355104954743899e-02,-7.783678045460433459e-02,9.405908298661170841e-01,4.800465664929814413e-01,9.067638526505746865e-01,6.481659044315853935e-01,-2.248817632740802985e-01,5.725388349738321780e-01,4.733810509673740119e-02,6.623066881574449227e-03,9.788479842875915868e-03,1.083575529869605092e-01,1.474189462230875158e-01,1.572088435500348380e-01,6.065700158411214682e-01,1.361354034079566566e-01,-5.621698344845795781e-01,-7.899297639718255715e-01,2.808659065861753845e-01,2.676459287752919539e-02,-8.836388884078504313e-01,-3.800276494679199479e-01,3.545136778551545853e-01,-3.479180375171876394e-01,-8.884341417430015042e-01,-4.255724899933024247e-02,3.429298557163520944e-01,-6.465521998861042396e-01,-7.410315167505342471e-01,2.414155925506373812e-01,-6.045139955250319330e-01,-7.577120721707676365e-01,9.527299521800046411e-02,-6.186503090362580615e-01,2.949554005711573779e-01,1.524361801083598256e-01,-1.872785746789236705e-01,8.829915331685964652e-01,8.383408685651241310e-01,2.539676938536760201e-02,6.205786193867817158e-01,-2.982146815062939882e-01,3.393325476844583632e-01,-3.585539822987754977e-01,2.108824802598747439e-01,1.017237404369487480e-01,7.044063532637620528e-02,2.288255447437915480e-01,-1.784983536732283049e-01,1.113466888511270014e-01,-8.460496781559575519e-01,-6.707764254757724309e-01,-5.931401260928618191e-01
-4.102086088566476718e-01,-1.884891584151235644e-01,-4.865643715871408870e-01,8.137527174453785817e-01,5.189112734160346019e-01,-6.863007329167880588e-01,6.790656354336162270e-02,1.000000000000000000e+00,4.197073721542021740e-02,-6.368908734076365041e-01,5.485951391615171424e-01,8.335777521259323253e-01,-4.169268001609228724e-01,-2.720439194630878688e-01,7.334412752001314706e-01,6.269051594820308493e-01,8.280857789235063215e-01,-8.216505804407510383e-02,5.942207602290751067e-01,1.965162039186764964e-01,3.361070782240038191e-01,5.421390266786575429e-01,4.318086851613945343e-01,2.133186619982317955e-01,2.734460610419527926e-01,-6.426628972003805007e-01,-1.797482274394731905e-01,-4.445475867250196500e-01,-7.257737426960496618e-01,-9.018828017876451275e-01,-7.087932465820736549e-01,-9.293405170869788456e-01,-8.661436946164088324e-01,-9.282789393992565419e-01,-9.070046247592508104e-01,-4.853640815374035133e-01,-9.772914640296329614e-01,-6.674293057299739429e-01,-2.954809662488310229e-01,9.145552315585140368e-01,1.905667912146446208e-01,8.553797500487710925e-01,7.657429110511419779e-02,6.105635883490297955e-01,7.993509924436885683e-01,7.699023405600577963e-01,9.702897881345625697e-01,2.354751287880474109e-01,9.798594942331000368e-01,6.707357794001906903e-01,9.588452231778988866e-01,-6.339994047887319295e-02,-3.196730164152167264e-01,-8.850656437985612301e-01,8.224764673747801680e-02,5.559058271987043359e-02,-6.628277952649974658e-01,-6.260778089289654735e-01,2.416535060637997057e-01,-2.007125860944613815e-01,-8.935793279666297551e-01,-1.444639659854204672e-01,2.322543474897751925e-01,-7.685520766216265010e-01,-6.112157533917582652e-01,2.774469651175798246e-01,-1.499741600035302269e-01,-8.396161926201803904e-01,-5.655450328752408273e-01,5.098591863955785897e-01,-1.036999259380925048e-01,-5.985631985171704361e-01,-8.313166240321465672e-01,-1.063315038088661832e-02,-7.414042386544946739e-01,1.321320300185655217e-01,4.935614661263143521e-01,9.542014617988502367e-01,8.027372014116700427e-01,8.559377145934776721e-01,9.378051653108196994e-01,6.380645868538770138e-01,9.573978793500332873e-01,2.876117470284790256e-01,9.356921940209741440e-01,4.746699240327129088e-01,8.982813635253268369e-01,5.319353033791104357e-01,2.925408120609551688e-01,-3.945723897832157934e-01,1.852496243113128382e-01
4.294061449046073821e-03,7.454040358019827783e-01,-4.306993858593772262e-01,-3.770747055974086881e-01,8.562946656607312024e-01,4.812681097620855053e-01,-6.583533814669183526e-01,4.197073721542021740e-02,1.000000000000000000e+00,1.162588266963869056e-02,-6.231810048052933704e-01,5.265505345993519715e-01,8.169683712139660381e-01,-4.089865387222887949e-01,-5.889598180944473071e-01,2.898317144783566501e-01,-3.393811139452422854e-01,-1.315100849987453080e-01,5.160621670386705828e-01,-7.947899975723496935e-01,-4.016648090887046108e-01,8.061489533400675311e-01,2.329242140840293712e-02,-9.327777387661990716e-01,7.469586475160065742e-02,-6.804156120671615016e-01,-8.002128613311587646e-02,-6.369974470666471822e-01,-2.856426310944792935e-01,-3.949976823049268781e-01,-3.863337821190847010e-01,1.282603166336789002e-01,-3.480040683193027506e-01,2.753334334619635948e-01,-5.769762474660242169e-02,7.722345711405362856e-01,-1.553753649222236466e-01,3.372011819807421151e-01,6.326439733990851799e-01,3.715162541661185536e-01,-4.401206229765670663e-01,-4.123365754294804897e-01,-8.841620862480102927e-01,-7.300888285180883175e-01,5.981063165783254698e-01,-5.568802579251606044e-01,-7.268529059138956194e-02,-6.928449785908405989e-01,1.173284346783097232e-01,5.210603607554546990e-01,9.048979239923704565e-02,5.984655894421537781e-01,6.110636274558620129e-02,9.060093426951221218e-02,9.688898997677882763e-01,1.103346016052898781e-01,-7.339507597948209394e-01,4.869073911548241207e-01,8.413183920468858545e-01,-4.273701849309473055e-01,-3.075480307269809477e-01,9.003737218308770496e-01,3.919730175528113869e-01,-5.032295762512192239e-01,2.133079551606480162e-01,9.548120672018748367e-01,1.034169080819403487e-02,-5.404307852485287222e-01,7.680316264405129267e-01,3.656272725406001234e-01,-7.962502613967096243e-01,-2.894921041535816406e-02,-5.430859821261355691e-01,-8.172652519020964235e-01,-4.005025838104225855e-01,-8.759197728735633737e-01,-3.321449609097444355e-01,-9.645297322600104861e-02,-2.986374782257826266e-01,5.223053259255143743e-01,-6.146052305138826471e-02,7.689501378928613740e-01,7.786417665454999082e-02,6.562920653654605863e-01,2.673651385176342155e-01,5.149259553290944647e-01,4.327186995969488637e-01,5.727991970165284830e-01,5.912896030736779496e-01,5.167816932178466161e-01,3.302376763422473216e-01
6.284717026396624551e-01,4.844074730440555143e-01,8.676271288576731244e-01,-2.393374031225436738e-01,-3.991561731094808163e-01,8.440707379568723745e-01,4.946809380837896564e-01,-6.368908734076365041e-01,1.162588266963869056e-02,1.000000000000000000e+00,1.935255235213173206e-02,-6.865487589961226655e-01,5.508562897125492963e-01,8.183008545446313065e-01,-3.289710435867637672e-01,1.503311217770447183e-01,-2.606282476620054300e-01,7.892638513925303023e-01,1.041024457363092792e-01,2.307063316456494373e-01,-8.571905497941508800e-01,-4.727967794894601949e-01,3.966310688949211127e-01,-2.397856956199394540e-01,-8.863063643640505251e-01,1.228995815717803947e-01,-6.294105148892846779e-01,-2.208355416305756991e-01,-1.580597684887378312e-02,6.909159449466050207e-01,-1.672721547271248388e-02,8.167363501486161192e-01,2.630197241221024496e-01,6.849318609597515595e-01,2.773930292323087965e-01,9.541696112317273049e-02,5.876929560301804578e-01,-3.604152477831673584e-02,7.277455660410913074e-01,-4.868080868105025827e-01,5.118738578110888504e-01,-4.387630334441441904e-01,2.368901068945847843e-01,-3.151643704799738654e-01,-3.885649055101005889e-01,-3.853939691974195836e-01,-7.247705864664256703e-01,-6.761755890632552557e-01,-6.316302648433634870e-01,-3.444990416864943811e-03,-4.927469931456859853e-01,6.493064711346215878e-01,9.131131870860623723e-01,8.650425902478341422e-01,6.519571979304610021e-02,-7.810752588943965513e-01,2.461913662373998446e-01,8.497900310326712559e-01,-4.807092218762850089e-01,-5.592054326086597360e-01,8.064392856861727354e-01,4.060712766100060822e-01,-8.079927568166767049e-01,1.575575251765833629e-01,9.668954235937406994e-01,-1.783398930065678567e-01,-6.510615300844306841e-01,4.784057309960912940e-01,3.552805014098932568e-01,-8.978893817193934757e-01,-4.081665253966968998e-01,-2.186075136356059878e-01,5.263859950436201585e-01,-4.335067891266958795e-01,6.239088122919128621e-02,1.759012434282290482e-01,2.603794139083291936e-01,-7.527893807460371844e-01,-1.701792112004927859e-01,-5.622737928698769982e-01,-3.895713428629148933e-01,-2.822455029965418305e-01,-4.350335401228615506e-01,3.733058583512102735e-01,-4.258807614496047944e-01,2.625670726899498875e-01,-5.354465685590287238e-01,1.409014816803580150e-01,-6.630901513922842216e-01,-2.761917781704716773e-02,-5.088005737719554222e-01
8.317307482865934215e-03,-3.652919111994926138e-01,3.882632073311553800e-01,9.169694999000583824e-01,-3.256010906778715741e-01,-4.463802757749092964e-01,8.509836816959532868e-01,5.485951391615171424e-01,-6.231810048052933704e-01,1.935255235213173206e-02,1.000000000000000000e+00,2.358294313100570833e-02,-6.077132350094780477e-01,5.585362832921720866e-01,9.227743500698409873e-01,5.421606793751487796e-01,8.951906040001506026e-01,5.416636204651938957e-01,3.239332130351302852e-01,8.964836252702177433e-01,3.295422178549060194e-02,-3.178984890284562437e-01,6.922143509243914306e-01,6.880632408039213388e-01,-3.746824655142576010e-01,-1.071613381575801244e-01,-5.558945353254113320e-01,-1.686857315554508296e-01,-5.543317328039216729e-01,-1.791237190849596927e-01,-4.691906327050843761e-01,-4.771330734728925216e-01,-4.650805546501082799e-01,-6.651361381235019188e-01,-6.938227442306853510e-01,-9.529818525588427125e-01,-4.876543563538309756e-01,-9.313809863443230919e-01,-2.359314084039196846e-01,3.455508895276717674e-01,8.400838691069560937e-01,8.508955309016413837e-01,8.392973933447012147e-01,9.022168108950799903e-01,1.420006965210604544e-01,8.992626164209377437e-01,5.433740026031884662e-01,2.511497720558074631e-01,4.872290834350094801e-01,3.253675005175903912e-01,5.785012948095017427e-01,-3.017573073593386029e-02,2.534511412853823198e-01,-3.740153096034798952e-01,-5.306897961067482683e-01,-5.489776070834386790e-01,-7.509875387868299168e-03,-3.901067406337942467e-01,-6.529205694301883911e-01,-2.932418927045817303e-01,-1.513619659993886701e-01,-4.831361978397561430e-01,-5.791172700002125140e-01,-3.319703696110807289e-01,-1.095003210541288935e-01,-4.884990277912938939e-01,-6.017326108570999477e-01,-1.604237851719870489e-01,-8.553549956440865687e-01,-3.407606407090454925e-01,1.592960681243153487e-01,-7.360488257201184270e-01,-1.177283412853635802e-01,2.504221679709537907e-01,-4.380787940845975448e-01,8.487200514839133847e-01,9.034830722086036880e-01,5.233233957086581567e-01,9.024526535718635500e-01,1.333055431599719232e-01,7.300519244802440300e-01,-6.631752336198713793e-02,6.250070018993870713e-01,9.942931626366104114e-02,4.803270928272097007e-01,3.108531441692261588e-01,2.555294935282208524e-01,2.469554112867514695e-01,-5.546611394546075990e-01,-7.692553864072421144e-01,-3.808977307044611460e-01
-4.399762868576922448e-01,1.154808607557254591e-01,-7.776694766662587410e-01,3.898256071402073086e-01,8.747111816402693973e-01,-4.345636578708079734e-01,-4.347429162796508928e-01,8.335777521259323253e-01,5.265505345993519715e-01,-6.865487589961226655e-01,2.358294313100570833e-02,1.000000000000000000e+00,-1.285060451828220693e-02,-6.225940391721479505e-01,2.596143021405640794e-01,4.954932492309929160e-01,4.246701355765325481e-01,-3.521371804408697792e-01,6.034116627325556426e-01,-3.474879196103560219e-01,2.612997721841417431e-01,8.884963256942232102e-01,1.649511583438501017e-01,-2.673332208947075683e-01,4.723993247747108604e-01,-7.846298397559359206e-01,3.335313081838154475e-02,-5.362068760992751981e-01,-5.954538393307556854e-01,-9.708557683450600440e-01,-6.358611885278160347e-01,-7.602084440946003108e-01,-7.976089684272138491e-01,-6.457257515424444927e-01,-6.798703881518701753e-01,5.811605761991021218e-02,-8.650794482664305729e-01,-2.368536822847212009e-01,-8.088358482714377851e-02,9.052416497583248844e-01,-2.551006875477500602e-01,4.573805719367537437e-01,-4.693323076745599676e-01,1.069249221289424595e-01,9.188005148178992609e-01,3.152371453338948526e-01,7.867136630455529023e-01,-2.792921560283510417e-03,8.614817882881199429e-01,6.860092933767977241e-01,7.937131673996019599e-01,7.090504818567143486e-02,-4.402105630656628632e-01,-7.657346330032251958e-01,5.227883070365293428e-01,3.221767653950464161e-01,-8.607281061612057638e-01,-3.983028981719726747e-01,7.201416129920690246e-01,-1.767009223462668310e-01,-9.556192018425767598e-01,2.449332446713857470e-01,5.834503355206738240e-01,-7.838579603715015720e-01,-5.618223562292254947e-01,7.104716122462417793e-01,1.038176775362075061e-01,-9.416051338450042163e-01,-7.116738254463106372e-02,7.701109971324162640e-01,-3.470513428905369069e-01,-3.247273541226959881e-01,-9.521485819499286851e-01,-2.920325583260355851e-01,-6.858098584628338212e-01,-4.120777699701541064e-01,6.427166311177476277e-02,7.720844860439896040e-01,4.025614666145479470e-01,9.672791502736092228e-01,6.724036746723623947e-01,8.730434423260874377e-01,7.696429133060858074e-01,4.026091757895840506e-01,8.489774509780263489e-01,4.810292671097398665e-01,9.416248975309450264e-01,5.821549228802364029e-01,6.796239842269937714e-01,2.245652072850062853e-02,4.344643797629128557e-01
3.419201245652466192e-01,8.520709850215862913e-01,1.020949331167640001e-01,-5.601970256050045061e-01,4.407081383462490565e-01,8.788830503174129838e-01,-3.443583076561542167e-01,-4.169268001609228724e-01,8.169683712139660381e-01,5.508562897125492963e-01,-6.077132350094780477e-01,-1.285060451828220693e-02,1.000000000000000000e+00,5.632922084207131475e-02,-7.634153491202030350e-01,1.885830903334421715e-01,-5.439748039053139417e-01,2.423198200633310262e-01,3.613952213359270527e-01,-5.951203436552536807e-01,-7.588813684170863105e-01,3.653916586048771564e-01,1.085650793721718438e-01,-9.121111619739470378e-01,-3.656808672781222125e-01,-3.923473925275522411e-01,-3.007342429986175070e-01,-5.390587850978355577e-01,-1.093085117115945165e-01,1.332915552424215611e-01,-1.960597701404656890e-01,6.245171644924049081e-01,-1.622229799437371195e-02,6.894225339839116229e-01,2.369763453456909807e-01,7.672532426639042669e-01,3.003909272078668646e-01,3.855883876569572433e-01,8.858672096700193066e-01,-6.768174240753306592e-02,-1.808731559796104282e-01,-6.835625849688771183e-01,-6.433962491758732360e-01,-8.488904760560666007e-01,1.816495103653243681e-01,-7.657287219427721947e-01,-5.469009008546793504e-01,-9.036173493705352833e-01,-3.522031842384195643e-01,3.058309717664619565e-01,-3.110458165469289771e-01,7.826845357911852430e-01,4.980154796057087441e-01,6.057540664581103629e-01,8.137970530224833965e-01,-2.513546824497970289e-01,-3.803362850642694193e-01,8.792892056640279064e-01,4.468277765868496898e-01,-5.543938983453519098e-01,2.530339262646674747e-01,9.437249593175565110e-01,-6.252005149562540887e-02,-2.085168752927167579e-01,7.001322568883092679e-01,6.628932978388090147e-01,-2.427132285335443507e-01,-8.916102846437529150e-02,8.876156719968512077e-01,-1.734366686635268051e-01,-8.113122566784394252e-01,-6.368133877946676076e-03,-7.196171346364993449e-02,-8.571534333301644715e-01,-1.681196353926470710e-01,-6.724693262306379316e-01,-2.543731729535012032e-01,-5.745821540824427309e-01,-4.665947137627431962e-01,3.477297247555167364e-02,-3.890826364106595991e-01,3.982390855496545368e-01,-2.971230256147739390e-01,6.487105603863105863e-01,-1.323899490854208438e-01,4.503028386073296141e-01,-3.550316314650392435e-02,4.355873900128712783e-01,1.530383377236667342e-01,4.872466423004659375e-01,2.158036817275460831e-02
5.166436120499480200e-01,1.279317177795636917e-01,9.424780924322889719e-01,2.765997075121087168e-01,-5.879372045361443977e-01,4.185975716117554812e-01,8.813111006121010504e-01,-2.720439194630878688e-01,-4.089865387222887949e-01,8.183008545446313065e-01,5.585362832921720866e-01,-6.225940391721479505e-01,5.632922084207131475e-02,1.000000000000000000e+00,2.344050349782208775e-01,3.373555557400303440e-01,2.444010832096884245e-01,9.128609572060247812e-01,1.672890872234472914e-01,7.071491478338759462e-01,-6.330316780651278341e-01,-6.390338290856225623e-01,6.416731856382767996e-01,2.437560808914114030e-01,-9.092837202532148000e-01,1.405444194519168410e-01,-7.625726290464840407e-01,-1.755279257585790065e-01,-2.322812822147966583e-01,5.348577908199202424e-01,-1.799790218344199111e-01,4.313519588859016651e-01,4.614729408431374191e-02,2.169198813273952309e-01,-8.606774961256973000e-02,-4.643750437092448169e-01,2.757514646591784913e-01,-5.047686298629320278e-01,4.029358073983787536e-01,-2.871709381240548642e-01,8.651348493238429915e-01,8.873841810339219704e-02,6.988590112002723842e-01,2.557359718932242232e-01,-3.314862863584737696e-01,1.741919874026631454e-01,-3.326745367811199117e-01,-3.462304625858447782e-01,-3.073330359244715870e-01,7.904135588320480854e-02,-1.479042522701453366e-01,4.389688389662676493e-01,8.571795424469390579e-01,5.238954713135408614e-01,-3.194155937438787340e-01,-9.083256120246280263e-01,2.946011609512514950e-01,4.517029931614798266e-01,-8.068284620212091696e-01,-5.378864472080152614e-01,6.316582697558807968e-01,-9.784630383501323470e-03,-9.827140336634636597e-01,4.306425012311015238e-02,7.136823507046294868e-01,-5.003520193444697117e-01,-8.133436927631083613e-01,3.900218724759654254e-01,-2.073428742977106720e-01,-9.400012017194051550e-01,-1.548030642865834139e-01,-5.145627265511751869e-01,4.477853609856831674e-01,-1.306587163128318241e-01,-9.845167288182354870e-02,6.511615770204646214e-01,6.743306283299517201e-01,-3.610592264300701015e-01,3.172179551875197734e-01,-4.680209570548120035e-01,2.651731350794207798e-02,-3.637015532078585744e-01,-7.732757322871927630e-02,2.658609361943725657e-01,-1.615979208528982858e-01,2.915668709231161726e-01,-3.769395150088665214e-01,1.545660676307978598e-01,-8.777954118882789203e-01,-4.471614370663438143e-01,-6.378538550876993174e-01
-2.115157081088855917e-01,-5.134300589405130788e-01,5.926046466019508491e-02,9.427705132928158038e-01,-1.679217464040012042e-01,-7.146982636821738177e-01,6.234087612552827729e-01,7.334412752001314706e-01,-5.889598180944473071e-01,-3.289710435867637672e-01,9.227743500698409873e-01,2.596143021405640794e-01,-7.634153491202030350e-01,2.344050349782208775e-01,1.000000000000000000e+00,4.579747595747905020e-01,9.349772228825423692e-01,2.304804150871832547e-01,2.660510314112796149e-01,7.639528019737987785e-01,3.339547579582956560e-01,-1.345851952182502143e-01,5.106623578363337357e-01,7.344749976445327233e-01,-3.932892693906266807e-02,-1.419502807409648015e-01,-2.997821372356417879e-01,-7.865153135565344789e-02,-5.147857834487021833e-01,-4.112152324976061091e-01,-4.339253877759847722e-01,-7.381599639478780839e-01,-5.287561067666982639e-01,-8.694099607649588002e-01,-7.500613099004836970e-01,-9.335673141077398540e-01,-6.660066127267461056e-01,-8.644828536347984871e-01,-4.830451892609692877e-01,4.955985428335499821e-01,6.101954636308454250e-01,9.575408604671895585e-01,7.094482674652835552e-01,9.634555956336494642e-01,2.685057597319907563e-01,9.845553490799293650e-01,7.676436410067073446e-01,4.779127445924904460e-01,6.810126051712337425e-01,3.052742946988613038e-01,7.178139315485717598e-01,-2.598952159186569966e-01,-8.479325158371563143e-02,-6.580431114830272987e-01,-5.250884993749814766e-01,-2.396163003047544482e-01,-9.167594598521755511e-02,-6.690546936293337854e-01,-4.466054859262313936e-01,-7.598736889917029336e-02,-4.270133291899733674e-01,-6.029391153274346049e-01,-2.606722298839883600e-01,-3.663263303975800023e-01,-4.477952947198854949e-01,-4.028532472577826540e-01,-3.361615426338255830e-01,-3.172308248663527341e-01,-9.334078301398980315e-01,-3.498242062077614248e-03,3.002677305079297643e-01,-6.128681183236163177e-01,-2.947418080921769268e-01,3.932413824336221109e-01,-4.312926795057970830e-01,7.389944477636393172e-01,7.579120697848872323e-01,7.590199673760060772e-01,9.096474984901422589e-01,3.224667670630074756e-01,8.243015110050848637e-01,3.382505926401999791e-02,7.422825640505699152e-01,-4.077835521141198738e-02,6.012878094662535977e-01,1.980932625735354613e-01,4.280483058399766616e-01,1.810804154446581382e-01,-2.888185866979015026e-01,-7.134687603801225242e-01,-1.813841928739617360e-01
8.552777232545183406e-02,3.887568762307304637e-01,1.110405537288782774e-01,6.771150034062125567e-01,4.555662980547190433e-01,6.032764419804876460e-02,3.876730531618923781e-01,6.269051594820308493e-01,2.898317144783566501e-01,1.503311217770447183e-01,5.421606793751487796e-01,4.954932492309929160e-01,1.885830903334421715e-01,3.373555557400303440e-01,4.579747595747905020e-01,1.000000000000000000e+00,6.874186711795543525e-01,5.991352327536787481e-01,9.353052027848769434e-01,2.669495023769892783e-01,-4.768422050226067688e-01,4.072465030702224764e-01,8.984425849468469227e-01,-1.748462899416318717e-01,-4.725843013378955293e-01,-8.246525914409654767e-01,-8.234981215872509974e-01,-8.936305657403739167e-01,-9.670184642475415648e-01,-5.490858920836236834e-01,-9.678419843223076136e-01,-3.465308907260706284e-01,-8.904285111371060824e-01,-4.338615674009851930e-01,-8.612398550630225857e-01,-3.272418235403084519e-01,-6.824959092651693426e-01,-7.701597677072853365e-01,4.578348233454707650e-01,7.488581675095806744e-01,6.056529245094467440e-01,5.421473137272803111e-01,1.113143134349877800e-01,2.858506683855524533e-01,7.508488970408693230e-01,4.548313179607533785e-01,4.944912326018346405e-01,-4.983473421272440751e-01,6.359742420965187604e-01,9.344438257890239630e-01,7.345550219184343588e-01,6.627632341488014500e-01,4.719373755610000720e-01,-2.572178866291837118e-01,3.837806890688733041e-01,-6.331806085735115497e-01,-7.491362918228411383e-01,1.362473646741801658e-01,3.976908767203159861e-02,-8.626857755132107952e-01,-4.116584110788787387e-01,4.040903841313376321e-01,-3.779552434441611486e-01,-9.055404990683003641e-01,1.987058311420738799e-01,3.874009653564883249e-01,-7.841610277117586625e-01,-6.994102151258122513e-01,-1.858616015900894369e-01,-1.277158311837211235e-01,-6.815142889529146597e-01,-9.361745773514114077e-01,-6.497467588283947215e-01,-6.007937775720537665e-01,-9.375534371405961354e-01,1.229444314518004372e-01,7.673700711164642696e-01,4.434567465495402594e-01,7.518727100081593617e-01,6.412673406018415401e-01,7.665663387451842059e-01,6.907240140478629886e-01,7.819406149953191942e-01,8.458266028695686778e-01,8.086158834367518367e-01,9.400476696846873370e-01,6.982191508746996567e-01,9.108159972909822821e-01,-1.254460218349695011e-01,-3.913363228705120656e-01,-1.715195137002314407e-01
-1.712868125714848422e-01,-2.782184849454313880e-01,2.673240941426936051e-02,9.783795238947988748e-01,6.721401671691765167e-02,-5.756929325192285951e-01,5.806419661753206007e-01,8.280857789235063215e-01,-3.393811139452422854e-01,-2.606282476620054300e-01,8.951906040001506026e-01,4.246701355765325481e-01,-5.439748039053139417e-01,2.444010832096884245e-01,9.349772228825423692e-01,6.874186711795543525e-01,1.000000000000000000e+00,3.443589156100601012e-01,5.428189164726457960e-01,6.667043791318095769e-01,1.388844323241743561e-01,8.121067462074621490e-02,6.935909040480092713e-01,5.099429266668699112e-01,-1.421003052235013386e-01,-4.220577125197465529e-01,-4.877123824155056853e-01,-3.735474300257343727e-01,-7.463472461036437799e-01,-5.630558416993749482e-01,-6.833482884011088387e-01,-7.446521348049021105e-01,-7.465437311880661619e-01,-8.660065248393628012e-01,-9.042068617790741669e-01,-8.346292160337092092e-01,-7.955858033478792057e-01,-9.354786158340946400e-01,-2.474662288145751121e-01,6.837819706391358165e-01,6.497412889002007752e-01,9.549121125842779945e-01,5.626114965245181399e-01,8.572301626247659234e-01,5.057414444445295088e-01,9.407923545646721397e-01,8.146159735122778800e-01,2.272035148686098738e-01,7.946815939950437890e-01,5.755738411752707728e-01,8.495224162673753465e-01,1.555153706201698556e-03,4.624671062899667062e-02,-6.553032692213274224e-01,-2.644587456053871799e-01,-3.609819745806848168e-01,-3.617566295046012459e-01,-5.182432830095459186e-01,-2.927072776973199120e-01,-3.356311649258472696e-01,-5.305139615769577377e-01,-3.374629205895673389e-01,-2.813280053627581490e-01,-6.195488046123265313e-01,-3.306026658396563067e-01,-1.482458468288314901e-01,-4.982890240029093643e-01,-5.296635705677588124e-01,-7.981335100715657438e-01,1.111997838317310347e-02,3.777350692144372697e-03,-7.939407074802343756e-01,-4.990804020695868704e-01,1.058289057752296036e-01,-6.761075321723134524e-01,5.932492288772440725e-01,8.386149408328904542e-01,7.899573177061269824e-01,9.781455037261822527e-01,5.186278435561090250e-01,9.342974326154298570e-01,2.987649295024905061e-01,8.794712084604374702e-01,2.526465693100168886e-01,7.844090747417168386e-01,4.781727241812884777e-01,6.203498080469532772e-01,4.642844398805734962e-01,-2.200628874643504873e-01,-6.842573582732864867e-01,-1.646681342359729017e-01
