1.000000000000000000e+00,4.657359056250044427e-01,3.504058494913196986e-01,2.789501036073168683e-01,8.272262854269837873e-02,-1.215704898499171127e-01,1.873195640351138780e-01,8.382212401868603668e-02,-7.425113680250915171e-02,6.666504764609179623e-02,1.042789662892573965e-01,-1.102293810415792136e-01,-4.218628702292483851e-02,3.422140395803337926e-02,3.938940092813349864e-02,2.186608648554582979e-01,2.119107653531340507e-01,1.194327577327842227e-01,-7.316312168108697611e-02,1.678742526729719853e-01,1.099995646593593668e-01,1.531926687585176972e-01,9.971885306142264094e-02,-3.045105041486559014e-02,1.143832818428538317e-01,9.366567581784579488e-02,-6.799455897157291595e-02,-8.124044543819418721e-03,1.335645400419912740e-02,5.569627764744138412e-03,-9.183535528720283836e-02,5.886151034722240764e-03,-8.406253216762684874e-03,6.204628739714664748e-03,4.176853920980160700e-02,6.610532598530213799e-02,6.345814457690233945e-02,-7.034220767483967754e-03,1.617887365904416286e-01,4.037301453014633529e-02,6.959073886910518980e-02,-6.599309917816621740e-02,-4.566794310032198934e-02,2.666714879345894601e-02,1.445981578050045810e-03,-5.128312288833277062e-03,2.546751913177912070e-03,-2.960571383166513137e-02,-1.519294445850230720e-02,-3.488416364745407922e-02,6.364276926890645447e-02,-1.460556551930942415e-01,-8.947472420654651454e-03,5.782954333470851499e-03,-8.436186239585051483e-02,-1.321331431649932220e-01,-8.756964580507502205e-02,-1.469154642604201394e-02,1.839419833629022116e-01,5.576888548564907372e-02,8.309480413889425154e-02,1.634239583221805403e-01,-4.534692412216848045e-02,7.966936190947621066e-02,2.677336974670107422e-02,-1.027297422378266600e-01,1.788343972364633272e-01,3.905410153335059364e-02,-1.968294661021685876e-01,8.537225169590312995e-03,1.793898356860149368e-01,-8.127167574416856166e-02,-1.712831222807560672e-01,1.251732984813020422e-01,1.094912349309352106e-01,-1.751426928657854876e-01,-6.514764890798477315e-02,1.696131335351361014e-01,-1.793575278985064247e-02,-1.299158285595432005e-01,1.609958761046799691e-01,1.717889639521407996e-01,1.888750441159046112e-01,1.127378183317963162e-01,1.695360556321547918e-01,-1.166552964685222404e-01,-9.982068060062650183e-02,1.827254223348576123e-01,5.207057421046897006e-02,-2.043915550658405578e-01,-4.939307352852691495e-04,1.815488812544866770e-01,-8.233804494043958644e-02,-1.777788859981235814e-01,1.140465283725876494e-01,-9.309987019761933880e-02,1.227303695782085320e-02,-3.450680596513460568e-02,-1.460735144616318593e-01,-1.234488230432995021e-01,-3.207524196153263129e-03,8.408077204287031647e-03,-2.229376859687347556e-01,-6.996318404125902168e-02,1.464782617020438452e-02,-1.068842139305505728e-01,-1.577547127671105331e-01,-3.216957750992942289e-02,-1.329302071465112908e-02,-1.400962323935796561e-01,-1.748389901323051110e-02,-5.644484876528947648e-02,-6.615540241046184711e-02,-7.600245584660015111e-03,-5.448291672240595076e-04,-3.123523487975379126e-02
4.657359056250044427e-01,1.000000000000000000e+00,3.758770641783183986e-01,3.065679623546951893e-01,3.604897245486524127e-01,5.362830604567822568e-02,1.593588158774450758e-01,2.753546325743034817e-01,-7.898970895873000733e-03,4.529245043079686145e-02,2.418366850649372735e-01,-5.369154695939646477e-02,-1.152478033181187356e-01,8.823184309514674195e-02,-1.776468496661958232e-02,2.416675429198771596e-01,3.544164557102358337e-01,1.020767049566056600e-01,-8.336419098284372775e-02,4.538969383277885461e-02,-4.822247623437107833e-02,8.359398204484649875e-02,1.396616521969646085e-01,-2.788822047083290567e-02,-1.365660142757724529e-02,1.148040342282151960e-01,-7.975186199993339331e-02,-1.056257879303206144e-02,1.069603116546945405e-02,5.892427167462624057e-03,-1.266732406196594829e-01,6.182495565981960609e-03,-1.010928279970561665e-02,5.665772185788162107e-03,5.423899668437706656e-02,-1.651601299821752952e-02,8.449528700409139614e-02,-7.226844650814769760e-03,9.228421738067087154e-02,-3.784518232190835912e-02,9.025959940738453868e-02,-8.832709687444706415e-03,4.936582400699947998e-02,8.122773261483309803e-02,6.232470847890136251e-02,6.050145919458289889e-02,7.625560322959083759e-02,6.496561263674965891e-02,5.337601857707295616e-02,4.769851188227232364e-02,1.232642491194532730e-01,-9.201868807519830717e-02,-9.309080200533252289e-03,5.675869911945742065e-03,-1.075399031902003408e-02,-1.636550380802463400e-01,-9.773024686308832976e-02,-8.041234544459617550e-02,1.056906553724300396e-01,-7.361703132614395850e-02,5.846148434485041318e-02,3.457694769438132698e-02,-1.451594537436221299e-01,-2.759613020686588550e-02,-1.199842974627965547e-01,-1.361609008929578479e-01,9.988070924175639076e-02,1.641498279742304445e-01,-9.270677334253234203e-02,-8.076154928237318231e-02,1.736651074739251344e-01,7.568632484753963496e-02,-1.407707181588248868e-01,2.927584255628907020e-02,1.837873694212728004e-01,-3.937860028253497430e-02,-1.154480119505997965e-01,1.316186657492747769e-01,1.184176289221612055e-01,-1.374377854417473468e-02,1.960694384153567338e-01,7.907941131768195242e-02,1.996402137568938084e-01,1.313189348203158968e-01,5.092362474026741748e-02,-1.892093838704921871e-01,-4.389595114545312426e-02,9.273348079738023830e-02,-7.469903234861635655e-02,-1.836290731763675355e-01,1.381566881980773528e-02,4.425005980291941282e-02,-1.503559206690793515e-01,-1.213001736424446086e-01,7.348893771067056824e-02,5.388649217136159270e-02,1.418390159822174867e-01,6.768907669061234589e-02,-2.409261619096017895e-02,-1.897112093231681229e-01,8.754723276177522537e-03,1.373389121844058869e-01,-1.069298647247913930e-01,-1.780040609923691786e-01,4.022285823811806021e-02,5.529341004162438566e-02,-1.747966822514796237e-01,-1.198596682859566220e-01,1.059391414349086097e-01,-2.500862346925512153e-02,1.243891645602744483e-01,3.741812071104774068e-02,2.120556583579505036e-02,7.880129962963192125e-02,2.711556557564411343e-02,9.057077107713380065e-03
3.504058494913196986e-01,3.758770641783183986e-01,1.000000000000000000e+00,4.458831085532659055e-01,2.486594210520347292e-01,-2.049755502734573187e-01,-1.023496403462268306e-01,1.730949679411720177e-01,-6.662051112947298126e-02,-7.199760668422686138e-02,8.432189700368850072e-02,2.138896204289165992e-02,-8.738691338544621323e-02,-2.832906146310777348e-02,4.528360221080292292e-02,1.404415276540364466e-01,1.199872675289327811e-01,1.448495944404478986e-01,7.508763563841816535e-02,1.551882763715103086e-01,1.235842197853229130e-01,2.443143205889079447e-02,-3.449902543230148194e-02,-3.174770260827604329e-02,7.106024351288992014e-02,-3.754916630768798808e-02,-1.311517968331153694e-01,-2.584714386516022769e-02,-1.000739462386976940e-02,2.145748960529208701e-02,-1.428412348048412328e-01,2.172096754236985464e-02,-2.568523793180573292e-02,2.249699779865516058e-02,6.202364835631526789e-03,-2.177519210289019513e-02,5.562608239245140501e-02,-2.297945277786122772e-02,9.400207575563089557e-02,1.761950795425715199e-02,2.816686264934524508e-02,-3.769153304528058412e-02,-2.000145219167206306e-02,3.866690939312915354e-02,6.993123916618237956e-02,5.498431590688029891e-02,1.098782210894656969e-01,3.386807250440060368e-02,2.427650710787299451e-02,5.234141323997641010e-02,6.212828293364430071e-02,-5.688902802101889616e-02,-2.518124066282821302e-02,2.429339829950556001e-02,1.117353338855093560e-02,-3.155551391122305045e-03,-6.801472295136996860e-02,9.247737083867631214e-02,8.896747199822535590e-02,9.061141780130514689e-02,4.934940324393800870e-02,9.619592493764021757e-02,6.757493612705620101e-02,7.966460868550022389e-02,6.850571456983566010e-02,3.157020309226205718e-02,6.631819927309703933e-02,-5.611472546673679923e-02,-5.681455309970769724e-02,7.147049367614483062e-02,2.568843888548741697e-02,-9.157217511431593737e-02,-8.749430975264557361e-03,8.374992220819049704e-02,-3.320615176508204258e-02,-7.945957333994775607e-02,5.260700953450225120e-02,3.892315084149500226e-02,-7.626995382285123304e-02,-8.458112148893655313e-02,1.081958008020083434e-02,3.832605223241776493e-02,1.178973169717783577e-02,-4.487216303690031056e-03,6.729733696056199033e-02,3.810121025482224311e-02,-5.285515542130276440e-02,4.448198135563665584e-02,6.990015365528168267e-02,-4.672651286823509276e-02,-3.612460624805988174e-02,8.416677792832043259e-02,3.378997614892880613e-02,-6.625067494843840665e-02,-2.274087741750598166e-03,-8.817052353873067183e-02,-5.622691416559082167e-02,-1.208480499157402188e-02,-9.087178013143987210e-02,1.714329743227599803e-02,3.818574393304555170e-02,-5.197636072397498336e-02,-1.157441932693435704e-01,6.119623000099292526e-02,1.050699328657952108e-04,-1.070519741767691629e-01,-8.801322183141812791e-03,4.534236727969775949e-02,-7.315031176329143958e-02,-6.772385742799276465e-02,-8.523728400602492705e-02,-4.003328733579593454e-04,-1.066842165725653477e-02,-4.177632699773133063e-02,5.098399530256563471e-03,7.667590027756707475e-04
2.789501036073168683e-01,3.065679623546951893e-01,4.458831085532659055e-01,1.000000000000000000e+00,2.248451691715749601e-01,7.338399120149315114e-02,2.425534610801022839e-01,4.185593933615512907e-01,-6.547154413991601585e-02,-1.269576029713433141e-01,2.116482330013208513e-01,6.953427305687477633e-02,-1.841006929803878922e-01,-4.071587743773853914e-03,-3.787702033977528165e-02,1.322230563947947024e-01,1.547973677221575750e-01,4.674283259584024325e-02,2.311146279985992064e-02,2.804786807506418067e-02,2.888088956407651800e-02,2.753168698049419244e-02,1.484651323447445936e-02,-2.123326275411756801e-03,2.532302723612593620e-02,-4.031253089106650450e-02,-7.831509080537289724e-02,3.759137094952167552e-02,1.167014813780900204e-02,-4.111800581992214321e-02,-4.368401946421193727e-02,-4.382342371121390745e-02,4.025064752624371578e-02,-4.440912955490903397e-02,-7.638434583979508696e-02,-8.611340877952021466e-02,5.017302418494533345e-02,4.170821505357406866e-02,1.132867179943248120e-01,1.254838976134403303e-02,-1.452504335990230898e-02,-1.100150463303715825e-01,-5.263880897624215877e-02,9.536808049123813441e-03,2.325402951857792264e-02,-2.137885982102554275e-02,1.137909824350301219e-01,5.309280042693951401e-02,1.125798016877577147e-03,1.087881081728536703e-01,4.452155415258399890e-03,8.275358088005246859e-02,4.076979276491025928e-02,-3.992442239327823744e-02,8.931208891399930461e-02,6.167757209547677921e-02,-2.262670607408254209e-02,1.249311453421460133e-01,2.249908514810950930e-02,1.565518201342459143e-02,5.843912486993750599e-03,3.202543049471786446e-02,-7.893676693470257424e-03,2.029633519964427896e-02,-8.676937201059799470e-04,-1.658125702721557904e-02,2.551861384856458914e-02,1.200745319715881831e-02,-2.754661934480936991e-02,-3.318127651773373262e-03,2.538167867108057432e-02,-5.981069570781611527e-03,-3.006413995726103100e-02,1.035077133575061127e-02,1.033432745703699238e-02,-1.707171604987442817e-02,-8.726952893777390266e-03,1.238540775104269784e-02,-1.073214062119278757e-02,-2.044191622463097796e-02,4.371689411788005908e-02,5.131122093226120513e-03,5.879690925645152805e-02,4.476922910663746341e-02,1.912446938877158942e-02,-5.502111957884207871e-02,-8.008522418552576835e-03,3.090381982402173183e-02,2.344210156724756220e-03,-3.842429868431843087e-02,9.459743692068723134e-03,2.915603034339094360e-02,-1.585205767578527422e-02,-2.314104519525258044e-02,1.356758351290052525e-02,-1.520610822373404114e-02,-3.960877332631419605e-03,-9.742393311186708579e-03,-2.618836202702067018e-02,5.050336203687340320e-04,1.822368653430005841e-02,-5.993486224922919825e-03,-4.028953023409811290e-02,-2.027107475018315175e-02,4.566277982588884919e-03,-9.886418527731949402e-03,-4.097319936167157645e-02,-2.306200773158012529e-02,-1.068425404129482933e-02,6.400534083087695836e-02,6.792172797367096448e-02,-4.536106657573169693e-02,6.078356827612498708e-02,-2.857115216657812526e-02,5.007138701476798043e-02,3.645932421196971390e-02
8.272262854269837873e-02,3.604897245486524127e-01,2.486594210520347292e-01,2.248451691715749601e-01,1.000000000000000000e+00,2.557533361500688440e-01,-6.770650971641320459e-02,3.282553076786255408e-01,7.327423862006829380e-02,4.079159403733953471e-02,3.587213320969200314e-01,6.233900231059431168e-02,-1.249943417414560581e-01,2.237680070520716435e-01,-1.806628086274287073e-02,9.818718755451484592e-02,3.501927781172993193e-01,-9.400611105001968615e-03,-7.964437351687307654e-02,-1.557739647701956998e-01,-2.453021874115975387e-01,-8.917061588783051218e-02,1.183013437477371532e-01,-1.786993805187978707e-02,-2.027765427424309264e-01,5.014619368873118876e-02,-8.986589456087858141e-02,1.093806805589106201e-01,-1.486230152477907226e-02,-1.120197931299708322e-01,-4.072813552193306486e-02,-1.123132831813915822e-01,1.092419726229941074e-01,-1.131349203051747743e-01,1.474911049152148601e-01,-3.867288650510511405e-02,5.406533894514212873e-02,1.125955211376985510e-01,-3.597050606203240023e-03,-1.171145206120015742e-01,7.097677879168697024e-02,5.799586880690499324e-02,5.372331111883025395e-02,2.394928134311137893e-02,8.172285527549182083e-02,7.932083161081558698e-02,1.394396733913217390e-01,1.409408715840582138e-01,9.186120510416680152e-02,1.442130816900491219e-01,2.142624140975250002e-01,2.294953773783012588e-02,1.118211060456282963e-01,-1.142645344264659468e-01,3.693846295047341355e-02,-1.650646397898550277e-01,-4.811966297661180586e-02,-2.048791137433389198e-01,-1.267912712879035453e-01,-2.398622331900340521e-01,-1.479517149205784518e-02,-1.887940986995758075e-01,-2.156475674209889226e-01,-1.808011652711166428e-01,-2.840377123694464712e-01,-9.419163415473960632e-02,-9.248591714155408872e-02,2.560455255296162913e-01,1.411216035122201673e-01,-1.690008849312952810e-01,5.399105072977882641e-02,2.815927399597522029e-01,3.182912595077781303e-03,-1.421622743612762085e-01,1.923157181481018885e-01,2.190827135740069653e-01,-1.224967307289561991e-01,-1.660962647555796687e-02,2.762913074503868804e-01,1.930194978228018943e-01,1.377880572912627277e-01,-1.217798363571342274e-01,1.059286936026567066e-01,5.855921962675030013e-02,-1.936215767212033645e-01,-1.967639821018932755e-01,7.392676631897587836e-02,-1.175620593698018801e-01,-2.421868738044387903e-01,-3.118732088367791311e-02,2.988222215257273218e-02,-2.122325620220709141e-01,-1.696948261453891105e-01,3.903939322611296031e-02,-2.905175734345136901e-02,2.444377064057016158e-01,2.790466457763924324e-01,1.925811240409448510e-01,1.864664754768935173e-01,-1.818741339741346275e-01,2.159597386910223210e-02,2.698068198723435063e-01,1.079483183079488484e-01,-2.261213436293472434e-01,5.394137929375168727e-02,2.622629746997746092e-01,-7.675066206309576200e-02,-1.724934300671260023e-01,1.800781720964320654e-01,1.268638194859253721e-01,1.430505844787289538e-01,1.183848923176359647e-01,3.352039435402373591e-02,9.039234035638246678e-02,3.924296293082610299e-02,8.929081084186310871e-03
-1.215704898499171127e-01,5.362830604567822568e-02,-2.049755502734573187e-01,7.338399120149315114e-02,2.557533361500688440e-01,1.000000000000000000e+00,4.094314917695038858e-01,2.560901707740328437e-01,-1.660967965706085514e-01,-5.287627082510305138e-02,3.451409052237611186e-01,2.699020603136191229e-02,-2.448548627921574850e-01,-3.272697578143450407e-03,-9.920204180657823945e-02,3.750429828605369997e-02,2.005681197652737779e-01,-1.357807739555799420e-01,-1.370552260407158773e-01,-3.184449223217808989e-01,-3.475262162088089690e-01,-8.238507725672331028e-02,2.252859256988876957e-01,1.156765861754463151e-02,-2.663074568356179617e-01,1.769870332693014581e-01,9.668535412911745397e-02,9.579982803345525599e-02,1.354763483892060250e-01,-9.482542419477328621e-02,-5.198738472108481445e-02,-9.670468390891900912e-02,9.681192789027395773e-02,-9.887280663194755737e-02,1.542075118764720532e-01,-5.705864774296286884e-02,-2.330969029619243672e-05,1.002450138621652082e-01,2.240786764295563289e-03,-2.634282921407353137e-02,1.590850457661504291e-01,6.246217377226909867e-02,2.664744915928543567e-02,-7.475619448485198992e-02,1.661177237621290145e-02,3.437624429762678154e-04,2.633503866942236635e-02,6.118238251579370679e-02,-4.037127217940312401e-02,7.620742406292248250e-02,8.736934431511286792e-02,9.788645702517970171e-02,9.242234697522758169e-02,-9.889812546209982014e-02,-4.692530430673144161e-03,-1.234424470243088851e-01,-9.532396384823370317e-02,-1.914113613129826141e-01,-1.074167844122166648e-01,-3.560870190460392326e-01,-3.154691721589421988e-02,-2.515012430179998648e-01,-3.456568985924202697e-01,-2.816915570242481404e-01,-4.168260330185203921e-01,-2.091739619976192843e-01,-1.179038946690368350e-01,3.937877490053815488e-01,1.456992651024455465e-01,-2.974982329097258238e-01,1.091310179474903053e-01,4.071574822435276575e-01,-7.416485428449691442e-02,-2.259009280828511157e-01,3.123589642279504530e-01,2.746058327175677771e-01,-2.527489848568606479e-01,-1.049304201589441789e-03,4.148895491204301900e-01,2.856285356280757193e-01,2.383645115803120218e-01,-8.255876831815887884e-02,2.091876642747775850e-01,1.457691943736383888e-01,-2.623623072129993572e-01,-3.347042796811549592e-01,1.276031829027549913e-01,-7.904465467856597316e-02,-3.758878404851596078e-01,-9.719388312920811124e-02,1.139357704073322847e-01,-2.669565009674507716e-01,-3.114068095778587120e-01,5.520963468154004017e-02,5.021597196848251454e-02,3.714460767324112012e-01,4.178095218758469120e-01,2.147061183614667468e-01,2.731663687262163576e-01,-2.902059286139120897e-01,-4.286594239003227447e-02,4.066885046400152692e-01,6.608500488724881883e-02,-3.517236039957347682e-01,5.623391021008403157e-02,3.844100359767325115e-01,-1.168533774509811496e-01,-2.612731547602129556e-01,2.644618254519164324e-01,2.024235784920221937e-01,3.447445307523486213e-01,9.446745714272804240e-02,1.450859700272106312e-01,1.820541862529243826e-01,8.747205660257664772e-02,1.045391523973302067e-01
1.873195640351138780e-01,1.593588158774450758e-01,-1.023496403462268306e-01,2.425534610801022839e-01,-6.770650971641320459e-02,4.094314917695038858e-01,1.000000000000000000e+00,2.199377053773902968e-01,-2.142513603136736444e-01,1.703809515358244431e-01,2.995508025551235631e-01,-6.188749003900475415e-02,-3.075283341568742224e-02,1.537297350147882324e-01,-5.812222170676988042e-02,1.609846328014438999e-01,2.745134297972820492e-01,-2.473007644540021477e-01,-3.893347967513737240e-01,-1.481348019576748665e-01,2.372858957894462620e-02,2.155600435854171382e-02,1.074929377880663728e-01,-2.756068925469186137e-01,-1.273438675288004474e-01,6.663038456156743228e-02,-2.132753373299829669e-01,1.846215803198298921e-01,-6.132308489056622486e-02,-1.873203901810717442e-01,6.842466225895738052e-02,-1.872677675091288241e-01,1.915036677869448867e-01,-1.904361904847675091e-01,1.921095480576923697e-01,-7.190450810545614968e-02,-1.325069526409539677e-01,1.891555304679839455e-01,9.560044333292319618e-02,1.079355092491195989e-01,-1.852979747956604029e-02,-1.235790659138856634e-01,-1.234104450536239184e-01,-5.051383994985655934e-02,-1.884089970418976190e-01,-1.261672791138130634e-01,-1.072025526210228785e-01,-1.769083290072684111e-01,-1.623327828686888519e-01,-3.516500449932563610e-02,1.624814305823464589e-01,7.888250887109635179e-02,1.885858866652898591e-01,-1.899542168832512867e-01,1.228882959808962894e-01,-1.045599709847579717e-01,6.790691085137628979e-02,-1.272736237154217520e-01,2.399098359838983952e-01,1.672958569738628234e-02,3.287808858442503590e-01,1.930462533516957291e-01,-1.410699451905180479e-01,1.269201519061572969e-01,-2.014986211170752828e-01,-1.282640488682575408e-01,3.165600583389048261e-01,2.969784439864863179e-01,-1.492122018265325534e-01,-3.639955877512793606e-03,4.160766937322518122e-01,1.075059169384205010e-01,-1.926897009167526376e-01,2.010340872274969382e-01,3.801956985559195590e-01,-8.411314010571405153e-02,-1.060174406126030422e-01,3.760127215431206538e-01,2.028641059463850149e-01,-1.459061903560817941e-01,3.434553270821398274e-01,1.278565359433475324e-01,4.113019892192490423e-01,6.253015934558807387e-02,1.619326379094192803e-01,-3.657157758578667983e-01,-2.710322914947706496e-01,1.132806183206764711e-01,-3.812410893160678854e-02,-3.818108528186558437e-01,-1.495816958617538495e-01,9.930427740613949339e-02,-1.920289595723045362e-01,-3.604105410315990854e-01,2.361824678433325359e-02,-5.069937457969388162e-03,2.313518345013851896e-01,2.505214719191289352e-01,-1.676875445788144625e-01,-3.607268902727818749e-01,1.888404049878039115e-01,2.762443493298076813e-01,-2.866988274739405429e-01,-2.551918070489127555e-01,2.976011762308652386e-01,5.809787732499092916e-02,-4.425274732985929882e-01,-1.082069135995631683e-02,3.483936284268359662e-01,-1.278189883897808653e-02,2.623301687225176315e-01,1.934300341089421893e-01,1.404264189067366275e-01,9.567175237149126710e-02,1.117654329411783970e-01,7.875284214102554192e-02
8.382212401868603668e-02,2.753546325743034817e-01,1.730949679411720177e-01,4.185593933615512907e-01,3.282553076786255408e-01,2.560901707740328437e-01,2.199377053773902968e-01,1.000000000000000000e+00,1.356840713731627124e-01,-2.699011337400780142e-01,4.448815269858806820e-01,3.941148264473215423e-01,-2.713137165400864026e-01,1.730459326517895802e-01,1.373350334562548850e-03,2.041414068869792323e-03,1.890546211433639934e-01,-2.506890831042721257e-01,-1.410032560311525462e-01,-2.280261694329836220e-01,-2.089098249730663229e-02,-2.517037899486432306e-01,-1.753460603558874287e-01,-2.590878073280996619e-01,-2.348961329751421967e-01,-2.052030649524879125e-01,-2.728773720924388413e-01,-4.320424192512794560e-03,-1.547087057265497945e-01,-1.922590927440093753e-03,9.810193301990625253e-03,-3.492747107815078519e-03,1.810348640388937443e-03,-4.945893577601530658e-03,1.558468656325929722e-02,-2.272631490132261400e-01,-9.505723896464932099e-02,1.997867237261618731e-03,-4.128848613404029200e-02,1.914369258851138841e-03,-1.027443398968785060e-01,-3.193913102125549297e-02,-2.839911604079941448e-02,-5.222876963492553010e-02,4.048561414896889414e-03,-1.604801112596666510e-02,9.011220380465868873e-02,9.131988073890838498e-02,6.759273748012746032e-03,1.663751325798876746e-01,1.257819666278332249e-01,2.147465070892382588e-01,5.753613217636369299e-03,1.396608938102162712e-04,2.947747687258087113e-01,1.870639675810255587e-01,1.529715049904365465e-01,1.019140159932190870e-01,-4.425617383618222350e-02,2.157668223071691066e-02,2.079582397255711201e-01,8.365375664349876741e-03,8.052500550719229877e-02,1.172207451236206704e-01,-8.951398617495209820e-02,2.079096274628748631e-01,5.370789458214453305e-02,6.756180437195143107e-02,1.942547398826116600e-01,1.582343968033995407e-01,5.161624955255988273e-02,8.850388494827113317e-02,2.054363515771237547e-01,1.084146768293302726e-01,3.802727091349266536e-02,1.543592812019141391e-01,1.982568416737970629e-01,6.167363688875320687e-02,5.094700815995055476e-02,-5.010790280089909982e-02,-4.025465236023920146e-02,-2.650340985354229795e-01,3.287549129039045448e-02,-1.862100838231968980e-01,-3.608266047498493584e-02,-5.949986529809893343e-02,-1.812344385693447912e-01,-2.428503515784194433e-01,2.689020572749683050e-02,1.798203847299422592e-02,-2.691916623385843255e-01,-1.502318056376908129e-01,1.221052888388042684e-01,-9.398862692655296502e-02,-2.914914227523941470e-01,1.439713509230235340e-02,3.964964523170386862e-02,3.067576589064404113e-01,-2.824652569746540290e-02,-9.069725740089846881e-04,3.179654554407591593e-01,1.297053448619675808e-01,2.739901493215909228e-02,3.203577573812120549e-02,2.815576141122169140e-01,7.956561171578387104e-02,-1.286117761737018139e-01,1.540616043636745536e-01,2.549665846617936715e-01,2.709402535362560593e-01,1.418689520346415600e-01,2.228839993333604774e-01,1.729963591875017526e-01,5.206619600199109688e-02,1.240604533664317055e-01,1.109376411512305871e-01
-7.425113680250915171e-02,-7.898970895873000733e-03,-6.662051112947298126e-02,-6.547154413991601585e-02,7.327423862006829380e-02,-1.660967965706085514e-01,-2.142513603136736444e-01,1.356840713731627124e-01,1.000000000000000000e+00,7.499778216964678168e-02,-3.133289404319082871e-01,4.411889614801543513e-01,4.821607308483251142e-01,7.844856464012224528e-02,1.989325796075337438e-01,2.480077540328632160e-02,7.897484299674736863e-02,-1.686074300191985065e-02,-9.982387559191666093e-02,5.374450570043654007e-02,1.131933581878062367e-01,-7.663648923553820214e-02,-1.359833129593740753e-01,-9.097958188598175011e-02,-4.055629309953857550e-03,-6.164494364238970459e-02,-1.225473836086944240e-01,1.055881401973629286e-01,-1.266163202002306420e-01,-1.022492882123052921e-01,1.873464661155529454e-01,-9.980830840490576006e-02,1.075528510377946750e-01,-9.815852729415656952e-02,1.873493743854866000e-01,1.009958892192129171e-01,-1.767090147887335760e-01,1.042379232346685031e-01,1.828133067679229423e-02,1.367767773180348367e-01,-1.079339771181785229e-01,-1.009809251896811172e-01,-1.886729878246123926e-01,-1.493737993509178241e-01,-1.642728895220195717e-01,-1.304162141924236351e-01,-2.157665062749013762e-01,-1.140160275738840018e-01,-8.406814269011252116e-02,-1.800059160468316932e-01,-1.221862877613700687e-01,-1.139426435380612446e-02,1.077309564804846964e-01,-1.023646457425404638e-01,-4.498471221540917969e-02,1.055528557597204542e-01,2.005885816623484419e-01,2.818118691984955806e-02,-1.591876161456769884e-02,9.870332960410434231e-02,8.741020688958693607e-02,9.845752415472057428e-02,1.402514867108418661e-01,1.272878889708403127e-01,9.715589302455285292e-02,1.272204078423942730e-01,7.174512440175911943e-02,-9.046280697767103418e-02,8.956148980202024296e-03,1.512055506705831387e-01,2.893829230836067381e-03,-9.702567930370013805e-02,8.880338317798740222e-02,1.231171452852715953e-01,-6.553637580919670358e-02,-5.200245334147507448e-02,1.445068313094239609e-01,5.741755860995052113e-02,-1.097281885683716457e-01,-1.399715486144777199e-01,-5.720568743688554669e-02,-5.888890522978777742e-02,-9.071403563086863353e-02,-1.229327694794971199e-01,4.631802850490457368e-02,1.223704767399736715e-01,-8.184187551485008760e-02,-6.440399800163160160e-02,1.234988732456479971e-01,3.141720261092342120e-02,-1.293675741576812976e-01,4.126841652331857124e-02,1.413225682531742411e-01,-6.340366048216418415e-02,-1.106734838699839213e-01,-1.273003329295545882e-01,-1.230861658427291339e-01,4.021617749818272997e-02,-1.312205235808329984e-01,8.314411857195390387e-02,1.410416237704023856e-01,-1.068842077023542531e-01,4.596258189867807181e-02,1.059037376411163384e-01,1.020638508239169184e-01,-9.028053916155098779e-02,-3.018201441678443689e-02,1.356152396570253771e-01,1.150925373848432805e-02,9.447444522720013782e-02,-2.486089177096298952e-01,6.164069116983644098e-02,-8.948178251842532627e-02,9.106891717340274625e-03,3.798027871352615409e-02,3.126104486952863831e-02
6.666504764609179623e-02,4.529245043079686145e-02,-7.199760668422686138e-02,-1.269576029713433141e-01,4.079159403733953471e-02,-5.287627082510305138e-02,1.703809515358244431e-01,-2.699011337400780142e-01,7.499778216964678168e-02,1.000000000000000000e+00,1.816027591006606073e-02,-5.489470200363895103e-01,5.887772571390079701e-01,5.761852811520556950e-01,1.090632409802420356e-02,9.766775523061435593e-02,2.234881798198902203e-01,-1.680722511984030776e-01,-3.113039931401040405e-01,-9.458825706910610476e-02,-4.419998805066249065e-02,1.092425978208747817e-01,1.741783351178758654e-01,-9.903204311185394293e-02,-5.415953540514500952e-02,1.445219999970734359e-01,-5.723679099489466932e-02,1.658162784083719032e-01,2.596876023615865905e-02,-1.670849735982180839e-01,6.503962122851798811e-02,-1.639532481379295803e-01,1.704039479104366983e-01,-1.628549402703405313e-01,1.720160779489036118e-01,2.151860329458177845e-01,5.092987745632768237e-02,1.675759078397833501e-01,1.509445207122144250e-01,1.341791861388574869e-01,7.455679292306068018e-02,-1.546137358294447928e-01,-1.578858813084886015e-01,-7.732569899051179585e-02,-2.541136544624000848e-01,-1.787276215395477430e-01,-1.184355727006378700e-01,-2.688767439651219560e-01,-1.947657213652616848e-01,-1.451921293654001577e-01,1.049306266697874468e-01,-1.229204746981602675e-01,1.678866575568777331e-01,-1.669464115282126015e-01,-1.417486150401874034e-01,-1.938225535892632301e-01,1.807587003472128084e-01,-2.578020694284989256e-01,1.648007057639237771e-01,-5.713625699892479343e-02,1.622765742695242985e-01,1.073678981499808366e-01,-1.648486294247821227e-01,1.124159287017673092e-02,-1.679702421976311810e-01,-1.864478730032304299e-01,1.818836368673903137e-01,2.356737005989195943e-01,-1.431335103445781631e-01,-8.890560879722032850e-02,2.788638666677489275e-01,9.969767829314736540e-02,-1.938105264463759470e-01,7.735014620681555930e-02,2.952923960659730174e-01,-7.334157308548443222e-02,-1.712445087443759117e-01,2.554158678596560317e-01,1.835011974997041717e-01,-6.327073525905554940e-02,3.054203951859545407e-01,1.631195959957526254e-01,2.671322061078104659e-01,1.096605523915913788e-01,7.892382508812614827e-02,-2.586437403061738194e-01,-1.034947141811082272e-01,1.354291817082875493e-01,-8.828186925911014893e-02,-2.673146063481700030e-01,7.982807343441020165e-03,7.976777012439567605e-02,-2.137655830796491574e-01,-2.086477359939108711e-01,1.257430965527522038e-01,3.567636556403447345e-02,2.136311053353325828e-01,9.613618453239050621e-02,-7.151185051656559766e-02,-3.182642158227440010e-01,-4.150692425374397261e-03,1.909002377952499219e-01,-1.397423724251383725e-01,-2.321685375189957712e-01,1.490409770476953666e-01,7.846348897014066015e-02,-2.992767563196431224e-01,-8.932904564129034997e-02,2.331502084114085716e-01,-1.164608177891964524e-01,8.056194256655389851e-02,6.484480724299591936e-02,7.897745413726485475e-02,1.543722641253079397e-01,1.699303287137685359e-01,1.017914961784080058e-01
1.042789662892573965e-01,2.418366850649372735e-01,8.432189700368850072e-02,2.116482330013208513e-01,3.587213320969200314e-01,3.451409052237611186e-01,2.995508025551235631e-01,4.448815269858806820e-01,-3.133289404319082871e-01,1.816027591006606073e-02,1.000000000000000000e+00,8.821626913601421024e-03,-5.499908277450415994e-01,5.350374784705200781e-01,1.667821057009815644e-01,6.548859861403936999e-02,2.457286288527192608e-01,-1.979853622397070578e-01,-2.796916813527748347e-01,-2.538495435507520104e-01,-1.593166107118101638e-01,-1.208651892137917877e-01,5.287366708440603691e-02,-1.216988105801137393e-01,-2.144551664479061870e-01,4.191934354964285854e-03,-1.840864476327860322e-01,1.553614760483646579e-02,-1.772689524641289649e-02,-2.072071860805711763e-02,-9.763797315403693888e-02,-2.197448863169153971e-02,1.842609439795663689e-02,-2.445427094918443955e-02,8.776126294685360207e-02,-1.690667272227249496e-01,-5.423823418701367860e-02,2.052801798738670275e-02,-8.011520691772848479e-03,-5.664383457092467961e-02,5.816800018632307945e-02,6.575153931118619954e-02,5.669532135555838126e-02,6.146014909934072179e-02,8.539774889372385436e-02,3.463760970735675626e-02,1.813769244779990519e-01,1.647174839300983296e-01,4.044296117654982287e-02,2.371144187912763435e-01,2.324678542270118831e-01,1.056206720527874121e-01,2.103502053760919130e-02,-2.209225773627366413e-02,1.305357232486434316e-01,-8.439581851365864085e-02,4.872748745339546689e-02,-1.695951459264625760e-01,-7.726769412718156871e-02,-1.526138135648355543e-01,9.430221560474040532e-02,-9.462254037376650884e-02,-1.406100231049731419e-01,-5.560216116621868876e-02,-2.236160508510013911e-01,-1.363124173121563198e-02,3.185020361828128869e-03,2.119145697441494058e-01,1.176542517039162739e-01,-6.022032155633263995e-02,1.041486322687552174e-01,2.111363136835175403e-01,2.963107923824596576e-02,-3.223544004758551601e-02,1.813361372117893167e-01,1.745542562764343664e-01,-4.074195063942196576e-02,5.336572859649792167e-02,2.187818201433431309e-01,1.022475515509061600e-01,1.198305149371041156e-01,-1.346949541090966262e-01,1.583142659885962977e-01,-1.326440028924818701e-02,-8.305301632300918224e-02,-2.194726342878661196e-01,-6.835742365295276179e-02,-1.266049035504179798e-01,-1.337383074477196676e-01,-6.026672573694515783e-02,-8.435261429569985980e-02,-1.596800624248719547e-01,-8.952480728135348009e-02,-5.215261641903887191e-02,-1.011488297975278450e-01,1.557348891716945904e-01,2.142721178982217867e-01,2.358208178669679023e-01,9.636178102622405817e-02,-1.677826914130958191e-01,1.186327589007230704e-01,2.627393543017646493e-01,2.422114277433286625e-02,-1.694498676834012840e-01,1.524600405771293632e-01,1.943343541713133671e-01,-1.491919396803113029e-01,-7.159904444014092428e-02,2.468677952928098884e-01,1.210173899798365482e-01,2.650409574313509209e-01,1.779970633203942498e-01,1.708890687599467495e-01,9.781142174779745846e-02,9.565745057154662057e-02,6.392894094330697774e-02
-1.102293810415792136e-01,-5.369154695939646477e-02,2.138896204289165992e-02,6.953427305687477633e-02,6.233900231059431168e-02,2.699020603136191229e-02,-6.188749003900475415e-02,3.941148264473215423e-01,4.411889614801543513e-01,-5.489470200363895103e-01,8.821626913601421024e-03,1.000000000000000000e+00,1.090184670306336770e-02,-1.679475398720044477e-01,2.209279494397092258e-01,-6.199073028319228990e-02,-2.227599774786943182e-02,-1.770076848943743231e-01,-6.374622073187123650e-02,-1.699884240505118993e-01,4.510802618417521920e-02,-2.627080274068804844e-01,-2.135039394491866915e-01,-2.009377934646819908e-01,-1.748182307593653395e-01,-1.535440440401329154e-01,-2.366899879558452546e-01,3.624054210266917930e-02,-1.399993672497248653e-01,-3.323974136062539386e-02,1.434749654578217348e-01,-3.276840518781988509e-02,4.015754982156780062e-02,-3.508888404144520218e-02,1.870134504547375509e-01,-1.417346935542401765e-01,-2.534989573777297056e-01,3.618855761962298107e-02,-1.329452467558001616e-01,6.870258386158480113e-02,-1.979208165591477275e-01,-2.662926717355578246e-02,-1.024636727231285072e-01,-1.693759999583657194e-01,-8.466377636744272517e-02,-1.054260058418344248e-01,-1.433381452849169513e-01,-2.758700698999189474e-02,-5.125067131792028496e-02,-3.859043853037550514e-02,-6.258008837305194250e-02,1.880522500957892695e-01,3.934776564662566950e-02,-3.434450332791245258e-02,2.320786427866424750e-01,2.778377291976312224e-01,2.018986014512437477e-01,1.280586766862921166e-01,-1.068354189392182740e-01,4.826585400794583536e-02,1.386631816523495320e-01,2.784841095125408991e-03,1.394565794882114407e-01,1.163323064950831237e-01,-1.158467035759452174e-02,2.390762784517740658e-01,1.882227455996787410e-02,-2.434100508630833090e-02,1.890949609297827572e-01,1.818521506222434136e-01,-2.052249076785813905e-02,2.368721100372410751e-02,2.289875621540960471e-01,9.987075297394558404e-02,-4.955943817840734178e-02,1.214865144638186678e-01,2.285461230437828839e-01,1.273358588934063798e-02,-2.318112717484258761e-02,-5.724085146831527776e-02,-1.285764296541931362e-01,-2.546820879713230790e-01,-7.749212064290385282e-02,-2.156901784482385676e-01,-5.783279628214507001e-02,6.549414238714600101e-02,-1.216639366776691711e-01,-2.394177707286430645e-01,6.592218545639443039e-02,8.758297068379372607e-02,-2.379246771859449550e-01,-1.212935400786705198e-01,1.803526356940537423e-01,-4.450527119184028574e-02,-2.764208444677238585e-01,-4.478665733270584953e-02,-4.946429250794120991e-02,2.340610293964851263e-01,-5.043068834504793596e-02,8.817032422859978624e-02,2.834851475633780593e-01,2.188963471131084165e-02,8.259836495572130122e-02,1.079190247697374705e-01,2.231273254302349462e-01,1.579757121627065747e-02,-3.090955442779514881e-02,1.880016355257808636e-01,1.132810353230861294e-01,2.674582931088586579e-01,-8.687645495370192872e-02,2.635924990691905778e-01,8.015237037279744625e-02,3.051909804338330187e-02,6.288270850533242418e-02,5.369301338099199267e-02
-4.218628702292483851e-02,-1.152478033181187356e-01,-8.738691338544621323e-02,-1.841006929803878922e-01,-1.249943417414560581e-01,-2.448548627921574850e-01,-3.075283341568742224e-02,-2.713137165400864026e-01,4.821607308483251142e-01,5.887772571390079701e-01,-5.499908277450415994e-01,1.090184670306336770e-02,1.000000000000000000e+00,1.929066396834915875e-01,2.904456791756515090e-03,3.805617486610909928e-02,6.740261562208467450e-02,-1.870666271064613806e-01,-2.045569976687832692e-01,-6.258840855855954399e-02,1.016623238125574785e-01,4.086608847694821189e-02,2.010326210146207854e-02,-1.498703296820463604e-01,-8.552061986942664437e-03,6.427315272791581102e-02,-1.019088922761361427e-01,1.909354652641864214e-01,-4.420595829195530374e-02,-1.884988808382976888e-01,2.282354382103177481e-01,-1.838593943208951531e-01,1.964920152747914872e-01,-1.823837328193946838e-01,2.583736615403701697e-01,2.454770757938518067e-01,-6.910778164135845947e-02,1.901987372825725275e-01,7.386778404931325370e-02,2.244813618682150180e-01,-8.581491711542878209e-02,-2.167946689170137942e-01,-2.592108412056995381e-01,-2.271098247867161801e-01,-3.514129449863049870e-01,-2.721268515486039430e-01,-3.253455305574881606e-01,-3.871814857178361158e-01,-2.608979362471743890e-01,-3.269509382067701253e-01,-7.810842263357742343e-02,-1.021963774499536209e-01,1.926719981057343212e-01,-1.874547435515229454e-01,-6.703503418521068735e-02,1.013391050950624740e-02,2.800504754002071661e-01,-8.338697133829124641e-02,1.650226494124675536e-01,7.633343328445549303e-02,1.969452678928785005e-01,1.871386052523942578e-01,5.690649211328412983e-03,1.327242527631495583e-01,-2.665608094334496331e-02,-4.242292488258659483e-02,2.149346450970833489e-01,8.924242943672690276e-02,-1.270329399406031901e-01,6.315941733909459510e-02,2.223217491286617331e-01,-3.188442961063928799e-02,-9.403792092934727676e-02,1.751874092077014833e-01,1.608745975435464104e-01,-1.336444405457190010e-01,-1.542380916911966979e-02,2.484283644003456026e-01,2.485412962542441276e-02,-1.784505684057893227e-01,1.777956082612995869e-01,1.155482820462122723e-01,1.375246476504666249e-01,-8.686631152832921879e-03,1.190726611464656970e-01,-8.935476355737118070e-02,-1.508154333360382238e-01,9.426047130582414224e-02,4.765890647830532678e-02,-1.986577497018153227e-01,-8.383995520096226839e-02,1.316991477211820749e-01,-5.395686247212002490e-02,-2.238139247201887394e-01,3.283210367601838847e-02,-1.052474357256420051e-01,4.369042706916886898e-02,8.516091519545015975e-02,-1.813561816966094420e-01,-1.705134063204152284e-01,9.248657582798004706e-02,3.225103356763343865e-02,-1.183900832574742990e-01,-6.986409649279270995e-02,1.880960161843499567e-01,-4.684999099777301806e-02,-2.464651863145386756e-01,6.288677711387295755e-02,1.411691440339488124e-01,-6.196943833363120768e-02,-1.359100516199873432e-01,1.118403812279964715e-01,1.245070457802758233e-02,1.112114619026816215e-01,1.577845788913939395e-01,7.571482917026779724e-02
