1.000000000000000000e+00,4.464844654968654347e-01,4.913211074385537280e-01,5.210887985656222909e-01,1.445170273960280360e-01,-2.808091633961766476e-02,-3.406726429574807868e-01,-1.156044085441695762e-01,-5.512421708139359638e-02,-1.564776844363258423e-01,4.712846101006844257e-02,-4.783271978531571100e-02,-7.561701960633421260e-02,3.308869968109048182e-02,-2.349888393525126351e-02,-2.226571178351209948e-02,2.955605172691632213e-02,-9.932031321738519526e-04,7.050660886318151944e-03,3.644760584118373475e-02,-1.421518140118930781e-02,3.501975646763655359e-02,2.471859724853753271e-02,-9.152147217273028795e-03,-3.615627765386407455e-02,-1.253470612128243684e-02,-3.317043648670407741e-02,3.312401734888700128e-02,-1.269371328039705510e-02,1.675467979238289690e-02,4.678555407129523711e-03,-8.950974339456706230e-03
4.464844654968654347e-01,1.000000000000000000e+00,4.812611747468997780e-01,6.288715732551496407e-01,3.913189369609871293e-01,3.513594899779710068e-01,-1.608224126927306208e-01,2.921456513744859901e-02,2.274711123105001287e-01,6.384533846458738567e-03,2.315044243992982198e-01,2.073551281276906355e-01,9.540393329818432078e-02,2.033129554838801478e-01,1.689841243257232395e-01,1.157810348269071032e-01,1.785289358729506282e-01,1.526919786101352816e-01,1.309284309011304603e-01,1.542180873827397047e-01,9.789501979126419284e-02,1.047355792153140674e-01,1.325005861105344185e-01,5.478879478946912379e-02,5.487589498495189753e-03,2.699764765736413843e-02,5.197999661549895616e-03,-2.118669288938903814e-02,-3.649954053246894786e-02,-3.225941683644727859e-02,3.473269763163100432e-02,3.769461688481226536e-02
4.913211074385537280e-01,4.812611747468997780e-01,1.000000000000000000e+00,4.842531751849719068e-01,3.803626624464466754e-01,-6.966362610246583376e-02,-4.548197735786472795e-01,4.031316565082965903e-02,-6.794048160312209095e-02,-9.684547421149777846e-02,1.651862083066483189e-01,-2.454514870480094951e-02,-5.650365527032966823e-03,1.098051866555504186e-01,-1.622835037102661861e-03,3.219594568978466353e-02,9.227157650260570110e-02,1.743756645002265959e-02,3.576877742757859219e-02,8.768594523631227655e-02,1.007059140613851198e-02,6.294135548917643985e-02,6.063812426395649019e-02,-2.821171150745541405e-03,-1.793702775346180112e-02,-1.297733093897013475e-02,-2.434310260470318871e-02,6.505606049076810039e-03,-2.682673644174908209e-02,-6.590632199242974464e-03,2.900716390013441046e-02,2.868301812506379722e-02
5.210887985656222909e-01,6.288715732551496407e-01,4.842531751849719068e-01,1.000000000000000000e+00,1.221548857488895523e-01,9.621908445197205340e-02,-3.862545591833193015e-01,-2.095576692078633951e-01,7.255541542335379630e-03,-2.034820690996252401e-01,6.460777118508810590e-02,1.187751266078816530e-02,-7.894989296134408141e-02,5.886586800279918624e-02,9.093000346075312892e-03,-2.778957372194121311e-02,5.904551090227087851e-02,2.254435316356059177e-02,1.134165659613577473e-02,5.592545677027276757e-02,-7.991581769822522774e-03,2.738396769858861615e-02,3.864188428521073831e-02,-2.187053798163365523e-02,-6.285964943883431966e-02,-2.568874774922219953e-02,-6.712538810622162289e-02,-2.474343671196064381e-02,-4.562354150582238754e-02,2.061623853909733128e-02,6.040069386183243710e-02,5.532433008400081120e-02
1.445170273960280360e-01,3.913189369609871293e-01,3.803626624464466754e-01,1.221548857488895523e-01,1.000000000000000000e+00,4.181629243272667051e-01,1.789615364146383281e-01,4.656898531834949284e-01,4.044701603400147616e-01,3.051979839172436204e-01,4.088750179905681348e-01,3.537864507807925718e-01,2.936813928685412800e-01,3.341994594632741178e-01,3.006811849414632865e-01,2.539063193267455110e-01,2.866325728784313021e-01,2.407179875163104610e-01,2.159738949005240716e-01,2.189295616718498205e-01,1.806637068332902218e-01,1.608008090962320946e-01,1.857596688609223501e-01,9.889718065164913863e-02,8.859627048823368045e-02,5.383868198972780600e-02,8.794574420241892121e-02,1.244684009861874059e-02,2.451911521621073092e-02,-6.725590830180923352e-02,1.321233727970182127e-04,1.737445225125009351e-03
-2.808091633961766476e-02,3.513594899779710068e-01,-6.966362610246583376e-02,9.621908445197205340e-02,4.181629243272667051e-01,1.000000000000000000e+00,4.150229194414182810e-01,4.068437522662634032e-01,5.579195027031247367e-01,3.302937897797627587e-01,4.161497063835361554e-01,4.454979324137881003e-01,3.335155987781754927e-01,3.622133398848554897e-01,3.473424561151119971e-01,2.804157095778353481e-01,3.093078041672927547e-01,2.904610596522368415e-01,2.685027810814241689e-01,2.438022928969030001e-01,2.134450674251252289e-01,1.737342590948198207e-01,2.168843826005526221e-01,1.351813060692859114e-01,8.376679499520529870e-02,3.513972392684311385e-02,1.016540060163699383e-01,2.183142385983430703e-02,1.577795055522897977e-02,-4.934130105157299995e-02,2.589684366940947502e-02,5.823048893647122387e-03
-3.406726429574807868e-01,-1.608224126927306208e-01,-4.548197735786472795e-01,-3.862545591833193015e-01,1.789615364146383281e-01,4.150229194414182810e-01,1.000000000000000000e+00,4.545265831088723951e-01,4.670769945251413979e-01,4.755041841742910225e-01,2.078549559350342246e-01,3.676622491004955529e-01,3.369201086919196286e-01,1.967638982362849287e-01,2.882513683409815841e-01,2.562064924249312092e-01,1.710789008978901571e-01,2.158675674135604461e-01,2.176822683832438377e-01,1.137879721710256808e-01,1.707011423582963650e-01,1.290158133307267030e-01,1.246370313751990894e-01,9.968600527264849520e-02,8.137936339420800969e-02,2.320952158494983195e-02,1.096908272849027727e-01,5.547445914178747439e-02,5.098153624705425990e-02,-3.532472157601900670e-02,-6.748679148793751241e-03,-4.097500936562712553e-02
-1.156044085441695762e-01,2.921456513744859901e-02,4.031316565082965903e-02,-2.095576692078633951e-01,4.656898531834949284e-01,4.068437522662634032e-01,4.545265831088723951e-01,1.000000000000000000e+00,4.274809408925467347e-01,5.312926902127075302e-01,5.247712303954404911e-01,3.591219400685989882e-01,4.253201345244304044e-01,4.126327478667002335e-01,3.029567157439305158e-01,3.396719266976000462e-01,3.428288175814445671e-01,2.405990103300562621e-01,2.876110436078623822e-01,2.608604098803243287e-01,2.287071593556418148e-01,2.198672641305715325e-01,2.304480051987500833e-01,1.427071023831184560e-01,1.228399367048161467e-01,4.875118426844742003e-02,1.341552405589253039e-01,6.603083881415280909e-02,4.707345366621058097e-02,-5.858175921088033117e-02,-6.604778824352344584e-03,-4.795220659059181573e-02
-5.512421708139359638e-02,2.274711123105001287e-01,-6.794048160312209095e-02,7.255541542335379630e-03,4.044701603400147616e-01,5.579195027031247367e-01,4.670769945251413979e-01,4.274809408925467347e-01,1.000000000000000000e+00,4.231071925166968728e-01,4.690149707923015887e-01,6.336397522717025499e-01,3.568833310309234008e-01,3.845040773978675719e-01,4.794179499295377900e-01,2.809347828848777207e-01,3.269492121550621189e-01,3.937448598793644172e-01,2.718119207255600966e-01,2.483485222807603199e-01,3.004932195603003953e-01,1.940146479351171072e-01,2.233503147961598823e-01,1.976474512245450232e-01,1.235844127960199629e-01,6.655312878691400924e-02,1.532164840739570766e-01,2.712002568896314941e-02,1.422296276200535683e-02,-9.494943657836055206e-02,-1.764055135655961601e-02,-1.463258520433425094e-02
-1.564776844363258423e-01,6.384533846458738567e-03,-9.684547421149777846e-02,-2.034820690996252401e-01,3.051979839172436204e-01,3.302937897797627587e-01,4.755041841742910225e-01,5.312926902127075302e-01,4.231071925166968728e-01,1.000000000000000000e+00,4.006785181153210140e-01,3.534304319490356727e-01,5.771439704435820106e-01,3.275597636559031689e-01,2.909349777861731656e-01,4.354345947618977752e-01,2.587347568823586408e-01,2.141282437555072915e-01,3.422349839200544697e-01,1.921956682132283101e-01,1.963023386847064788e-01,2.402024764937012447e-01,1.782502822500786621e-01,1.300957709440702104e-01,9.814970014027082912e-02,3.466570730132707834e-02,1.203995603884873145e-01,6.908664887518807529e-02,3.105142764314230974e-02,-6.159896914287860820e-02,-1.991145910634253141e-02,-4.921408381342615157e-02
4.712846101006844257e-02,2.315044243992982198e-01,1.651862083066483189e-01,6.460777118508810590e-02,4.088750179905681348e-01,4.161497063835361554e-01,2.078549559350342246e-01,5.247712303954404911e-01,4.690149707923015887e-01,4.006785181153210140e-01,1.000000000000000000e+00,4.287607060349086230e-01,4.473987777324255899e-01,6.718867323412143211e-01,3.512197536370191830e-01,3.622388684929284675e-01,5.364050283441419431e-01,2.928721947854467378e-01,3.205675401897326027e-01,4.206337697585446067e-01,2.728092244564856439e-01,2.626754828368335626e-01,3.444787922857017737e-01,1.661623536579197591e-01,1.255770301575218628e-01,5.634371996292246443e-02,1.326718451272476118e-01,3.672462396807048279e-02,5.395197489031818526e-03,-7.763654664002694883e-02,-7.342176832501998499e-03,-2.924545704524428649e-02
-4.783271978531571100e-02,2.073551281276906355e-01,-2.454514870480094951e-02,1.187751266078816530e-02,3.537864507807925718e-01,4.454979324137881003e-01,3.676622491004955529e-01,3.591219400685989882e-01,6.336397522717025499e-01,3.534304319490356727e-01,4.287607060349086230e-01,1.000000000000000000e+00,4.472021554593973436e-01,4.058902786951510966e-01,6.747834807656943878e-01,3.680299806206710489e-01,3.613918957484897887e-01,5.373500257789965984e-01,3.457152620723502601e-01,2.976542074852047137e-01,4.105397386919817371e-01,2.642631367702384382e-01,2.712026943050347971e-01,2.707637609137974466e-01,1.809747995422787969e-01,9.224498088273937191e-02,2.126867980180921214e-01,5.534179440456406252e-02,3.026439763055964807e-02,-1.171105217840778534e-01,-2.508307243348044391e-02,-5.303365972344152579e-02
-7.561701960633421260e-02,9.540393329818432078e-02,-5.650365527032966823e-03,-7.894989296134408141e-02,2.936813928685412800e-01,3.335155987781754927e-01,3.369201086919196286e-01,4.253201345244304044e-01,3.568833310309234008e-01,5.771439704435820106e-01,4.473987777324255899e-01,4.472021554593973436e-01,1.000000000000000000e+00,4.649983412124302218e-01,4.324567191946623868e-01,6.941858752005498623e-01,3.980299917067181004e-01,3.341563972450727893e-01,5.462959489810701452e-01,3.112033023571211254e-01,3.016220457536681887e-01,3.998605126315299407e-01,2.867237681856071307e-01,2.204182398345854998e-01,1.670653314862407257e-01,7.382718037218528873e-02,1.903297634333147303e-01,9.462319266615917823e-02,3.078808692911321615e-02,-1.250619587237985775e-01,-2.704587894135926027e-02,-3.952319200344130146e-02
3.308869968109048182e-02,2.033129554838801478e-01,1.098051866555504186e-01,5.886586800279918624e-02,3.341994594632741178e-01,3.622133398848554897e-01,1.967638982362849287e-01,4.126327478667002335e-01,3.845040773978675719e-01,3.275597636559031689e-01,6.718867323412143211e-01,4.058902786951510966e-01,4.649983412124302218e-01,1.000000000000000000e+00,4.466799121852675358e-01,4.005913988955964178e-01,7.109393027967280121e-01,3.695305840613318793e-01,3.642984126247936771e-01,5.582286314782856085e-01,3.345679807424908891e-01,2.946094537806018820e-01,4.539469192705451461e-01,1.907223285771534327e-01,1.674246640167110778e-01,7.166490198406763601e-02,1.730734186573003874e-01,3.260144728052833535e-02,1.969403855697885591e-02,-1.030947324675237087e-01,7.550542860606775444e-03,-2.017862931163388884e-02
-2.349888393525126351e-02,1.689841243257232395e-01,-1.622835037102661861e-03,9.093000346075312892e-03,3.006811849414632865e-01,3.473424561151119971e-01,2.882513683409815841e-01,3.029567157439305158e-01,4.794179499295377900e-01,2.909349777861731656e-01,3.512197536370191830e-01,6.747834807656943878e-01,4.324567191946623868e-01,4.466799121852675358e-01,1.000000000000000000e+00,4.424830969764111388e-01,4.391504116980635697e-01,6.856344384466939168e-01,4.065649231127097529e-01,3.625654072077509338e-01,5.160927535698162094e-01,3.152880307966039464e-01,3.275295257772680158e-01,3.291623647545911524e-01,2.471034628432675906e-01,1.287405963142474741e-01,2.560895249860720146e-01,7.838510159016531809e-02,6.397099286971183463e-02,-1.429199062081004390e-01,-2.967535345064168870e-02,-6.585442836142563205e-02
-2.226571178351209948e-02,1.157810348269071032e-01,3.219594568978466353e-02,-2.778957372194121311e-02,2.539063193267455110e-01,2.804157095778353481e-01,2.562064924249312092e-01,3.396719266976000462e-01,2.809347828848777207e-01,4.354345947618977752e-01,3.622388684929284675e-01,3.680299806206710489e-01,6.941858752005498623e-01,4.005913988955964178e-01,4.424830969764111388e-01,1.000000000000000000e+00,4.459743158137002284e-01,3.630208793011003299e-01,6.844887001676603910e-01,3.583047731846760731e-01,3.263161061381266159e-01,4.945893591022930136e-01,3.225554010774342450e-01,2.446294835177336979e-01,1.911215106762117477e-01,7.169117769652803840e-02,2.024944406939650499e-01,1.181338963638944306e-01,4.886945641642131966e-02,-1.217346531917594121e-01,-1.610528934205446294e-02,-4.680292059533390503e-02
2.955605172691632213e-02,1.785289358729506282e-01,9.227157650260570110e-02,5.904551090227087851e-02,2.866325728784313021e-01,3.093078041672927547e-01,1.710789008978901571e-01,3.428288175814445671e-01,3.269492121550621189e-01,2.587347568823586408e-01,5.364050283441419431e-01,3.613918957484897887e-01,3.980299917067181004e-01,7.109393027967280121e-01,4.391504116980635697e-01,4.459743158137002284e-01,1.000000000000000000e+00,4.304714745783496666e-01,4.405912865081650365e-01,6.861878807019408111e-01,3.960987327137951985e-01,3.411098905572482187e-01,5.495329370559871585e-01,2.132864096442544377e-01,2.224489723323644363e-01,8.076929004398722411e-02,2.085453172951548528e-01,5.248843751511155648e-02,5.427758390684964823e-02,-1.075414709301598382e-01,1.651281064565767939e-02,-2.984487613940739817e-02
-9.932031321738519526e-04,1.526919786101352816e-01,1.743756645002265959e-02,2.254435316356059177e-02,2.407179875163104610e-01,2.904610596522368415e-01,2.158675674135604461e-01,2.405990103300562621e-01,3.937448598793644172e-01,2.141282437555072915e-01,2.928721947854467378e-01,5.373500257789965984e-01,3.341563972450727893e-01,3.695305840613318793e-01,6.856344384466939168e-01,3.630208793011003299e-01,4.304714745783496666e-01,1.000000000000000000e+00,4.405838184506352118e-01,3.866620408038756729e-01,6.411290650126401092e-01,3.467180505002638857e-01,3.549273085041200759e-01,4.183795410113679836e-01,3.155510851137682815e-01,1.711788237069311880e-01,3.175686656060324742e-01,1.306071643801592075e-01,9.426511075209982604e-02,-1.787357417506967028e-01,-4.126467645440595050e-02,-8.705483324169416282e-02
7.050660886318151944e-03,1.309284309011304603e-01,3.576877742757859219e-02,1.134165659613577473e-02,2.159738949005240716e-01,2.685027810814241689e-01,2.176822683832438377e-01,2.876110436078623822e-01,2.718119207255600966e-01,3.422349839200544697e-01,3.205675401897326027e-01,3.457152620723502601e-01,5.462959489810701452e-01,3.642984126247936771e-01,4.065649231127097529e-01,6.844887001676603910e-01,4.405912865081650365e-01,4.405838184506352118e-01,1.000000000000000000e+00,4.371295374739965767e-01,4.104515788262582121e-01,6.438288451279293723e-01,3.952342233143559258e-01,3.138419754042653942e-01,2.238519452570711388e-01,8.841152059878946978e-02,2.557560112298511434e-01,1.806374887876424917e-01,7.108995091160662250e-02,-1.400068560268193929e-01,-3.949321825524443504e-03,-4.385240635225806649e-02
3.644760584118373475e-02,1.542180873827397047e-01,8.768594523631227655e-02,5.592545677027276757e-02,2.189295616718498205e-01,2.438022928969030001e-01,1.137879721710256808e-01,2.608604098803243287e-01,2.483485222807603199e-01,1.921956682132283101e-01,4.206337697585446067e-01,2.976542074852047137e-01,3.112033023571211254e-01,5.582286314782856085e-01,3.625654072077509338e-01,3.583047731846760731e-01,6.861878807019408111e-01,3.866620408038756729e-01,4.371295374739965767e-01,1.000000000000000000e+00,4.365806891165364134e-01,3.671707324738842648e-01,6.853127078748697532e-01,2.146517945439002095e-01,2.457077031866816141e-01,8.773759331998071120e-02,2.347964819311829932e-01,5.385676578994651881e-02,5.209761715685892747e-02,-1.185837571471281965e-01,2.907134290291760528e-02,-6.492447352314284666e-03
-1.421518140118930781e-02,9.789501979126419284e-02,1.007059140613851198e-02,-7.991581769822522774e-03,1.806637068332902218e-01,2.134450674251252289e-01,1.707011423582963650e-01,2.287071593556418148e-01,3.004932195603003953e-01,1.963023386847064788e-01,2.728092244564856439e-01,4.105397386919817371e-01,3.016220457536681887e-01,3.345679807424908891e-01,5.160927535698162094e-01,3.263161061381266159e-01,3.960987327137951985e-01,6.411290650126401092e-01,4.104515788262582121e-01,4.365806891165364134e-01,1.000000000000000000e+00,4.263371563084240035e-01,4.257429492004692895e-01,5.807028183785587494e-01,4.046307190778917207e-01,2.693076962166066624e-01,4.127578113551862993e-01,1.739016680753092681e-01,7.702873716437382001e-02,-2.751539486102960175e-01,-9.933978723224889951e-02,-9.120145067557577923e-02
3.501975646763655359e-02,1.047355792153140674e-01,6.294135548917643985e-02,2.738396769858861615e-02,1.608008090962320946e-01,1.737342590948198207e-01,1.290158133307267030e-01,2.198672641305715325e-01,1.940146479351171072e-01,2.402024764937012447e-01,2.626754828368335626e-01,2.642631367702384382e-01,3.998605126315299407e-01,2.946094537806018820e-01,3.152880307966039464e-01,4.945893591022930136e-01,3.411098905572482187e-01,3.467180505002638857e-01,6.438288451279293723e-01,3.671707324738842648e-01,4.263371563084240035e-01,1.000000000000000000e+00,4.075389502051499635e-01,3.880209981394995844e-01,2.100722109659430015e-01,8.681694578686977026e-02,2.419866528178240273e-01,1.439608678388566987e-01,1.101530344159148446e-02,-1.736422034494974620e-01,2.120937657857423914e-02,2.097010595822310780e-02
2.471859724853753271e-02,1.325005861105344185e-01,6.063812426395649019e-02,3.864188428521073831e-02,1.857596688609223501e-01,2.168843826005526221e-01,1.246370313751990894e-01,2.304480051987500833e-01,2.233503147961598823e-01,1.782502822500786621e-01,3.444787922857017737e-01,2.712026943050347971e-01,2.867237681856071307e-01,4.539469192705451461e-01,3.275295257772680158e-01,3.225554010774342450e-01,5.495329370559871585e-01,3.549273085041200759e-01,3.952342233143559258e-01,6.853127078748697532e-01,4.257429492004692895e-01,4.075389502051499635e-01,1.000000000000000000e+00,1.998254585817447471e-01,2.606646718243160188e-01,6.308589606112896542e-02,2.370933441387354512e-01,5.454877232501181145e-02,5.882856825656009037e-02,-1.059445508429891492e-01,7.224066268839955673e-02,1.375011873515161707e-02
-9.152147217273028795e-03,5.478879478946912379e-02,-2.821171150745541405e-03,-2.187053798163365523e-02,9.889718065164913863e-02,1.351813060692859114e-01,9.968600527264849520e-02,1.427071023831184560e-01,1.976474512245450232e-01,1.300957709440702104e-01,1.661623536579197591e-01,2.707637609137974466e-01,2.204182398345854998e-01,1.907223285771534327e-01,3.291623647545911524e-01,2.446294835177336979e-01,2.132864096442544377e-01,4.183795410113679836e-01,3.138419754042653942e-01,2.146517945439002095e-01,5.807028183785587494e-01,3.880209981394995844e-01,1.998254585817447471e-01,1.000000000000000000e+00,4.289434317168751565e-01,4.813997839496424458e-01,4.811638565632182507e-01,2.397195331039115307e-01,-1.611486307193122497e-02,-4.549127869717479733e-01,-3.010224007517405265e-01,-1.611412459831493282e-01
-3.615627765386407455e-02,5.487589498495189753e-03,-1.793702775346180112e-02,-6.285964943883431966e-02,8.859627048823368045e-02,8.376679499520529870e-02,8.137936339420800969e-02,1.228399367048161467e-01,1.235844127960199629e-01,9.814970014027082912e-02,1.255770301575218628e-01,1.809747995422787969e-01,1.670653314862407257e-01,1.674246640167110778e-01,2.471034628432675906e-01,1.911215106762117477e-01,2.224489723323644363e-01,3.155510851137682815e-01,2.238519452570711388e-01,2.457077031866816141e-01,4.046307190778917207e-01,2.100722109659430015e-01,2.606646718243160188e-01,4.289434317168751565e-01,1.000000000000000000e+00,4.840272860271193633e-01,7.165082152842505714e-01,2.411294541584813322e-01,3.995585787284650636e-01,-3.169233300337032100e-01,-1.704625602269393414e-01,-2.410837175142664657e-01
-1.253470612128243684e-02,2.699764765736413843e-02,-1.297733093897013475e-02,-2.568874774922219953e-02,5.383868198972780600e-02,3.513972392684311385e-02,2.320952158494983195e-02,4.875118426844742003e-02,6.655312878691400924e-02,3.466570730132707834e-02,5.634371996292246443e-02,9.224498088273937191e-02,7.382718037218528873e-02,7.166490198406763601e-02,1.287405963142474741e-01,7.169117769652803840e-02,8.076929004398722411e-02,1.711788237069311880e-01,8.841152059878946978e-02,8.773759331998071120e-02,2.693076962166066624e-01,8.681694578686977026e-02,6.308589606112896542e-02,4.813997839496424458e-01,4.840272860271193633e-01,1.000000000000000000e+00,4.380393067671060625e-01,1.518487844827477729e-01,-2.859784152744954469e-02,-6.255686245420016833e-01,-5.954472593057090757e-01,-3.010480537184474503e-01
-3.317043648670407741e-02,5.197999661549895616e-03,-2.434310260470318871e-02,-6.712538810622162289e-02,8.794574420241892121e-02,1.016540060163699383e-01,1.096908272849027727e-01,1.341552405589253039e-01,1.532164840739570766e-01,1.203995603884873145e-01,1.326718451272476118e-01,2.126867980180921214e-01,1.903297634333147303e-01,1.730734186573003874e-01,2.560895249860720146e-01,2.024944406939650499e-01,2.085453172951548528e-01,3.175686656060324742e-01,2.557560112298511434e-01,2.347964819311829932e-01,4.127578113551862993e-01,2.419866528178240273e-01,2.370933441387354512e-01,4.811638565632182507e-01,7.165082152842505714e-01,4.380393067671060625e-01,1.000000000000000000e+00,3.383567723959025053e-01,3.662778659201537668e-01,-4.487736294082435018e-01,-2.249352262885290776e-01,-2.376400073581658168e-01
3.312401734888700128e-02,-2.118669288938903814e-02,6.505606049076810039e-03,-2.474343671196064381e-02,1.244684009861874059e-02,2.183142385983430703e-02,5.547445914178747439e-02,6.603083881415280909e-02,2.712002568896314941e-02,6.908664887518807529e-02,3.672462396807048279e-02,5.534179440456406252e-02,9.462319266615917823e-02,3.260144728052833535e-02,7.838510159016531809e-02,1.181338963638944306e-01,5.248843751511155648e-02,1.306071643801592075e-01,1.806374887876424917e-01,5.385676578994651881e-02,1.739016680753092681e-01,1.439608678388566987e-01,5.454877232501181145e-02,2.397195331039115307e-01,2.411294541584813322e-01,1.518487844827477729e-01,3.383567723959025053e-01,1.000000000000000000e+00,2.871738940824929420e-01,-3.848321966919410198e-02,-2.234690910360261906e-01,-4.738122102363521715e-01
-1.269371328039705510e-02,-3.649954053246894786e-02,-2.682673644174908209e-02,-4.562354150582238754e-02,2.451911521621073092e-02,1.577795055522897977e-02,5.098153624705425990e-02,4.707345366621058097e-02,1.422296276200535683e-02,3.105142764314230974e-02,5.395197489031818526e-03,3.026439763055964807e-02,3.078808692911321615e-02,1.969403855697885591e-02,6.397099286971183463e-02,4.886945641642131966e-02,5.427758390684964823e-02,9.426511075209982604e-02,7.108995091160662250e-02,5.209761715685892747e-02,7.702873716437382001e-02,1.101530344159148446e-02,5.882856825656009037e-02,-1.611486307193122497e-02,3.995585787284650636e-01,-2.859784152744954469e-02,3.662778659201537668e-01,2.871738940824929420e-01,1.000000000000000000e+00,2.501659753634098982e-01,5.485620375157852086e-02,-4.061976115834070034e-01
1.675467979238289690e-02,-3.225941683644727859e-02,-6.590632199242974464e-03,2.061623853909733128e-02,-6.725590830180923352e-02,-4.934130105157299995e-02,-3.532472157601900670e-02,-5.858175921088033117e-02,-9.494943657836055206e-02,-6.159896914287860820e-02,-7.763654664002694883e-02,-1.171105217840778534e-01,-1.250619587237985775e-01,-1.030947324675237087e-01,-1.429199062081004390e-01,-1.217346531917594121e-01,-1.075414709301598382e-01,-1.787357417506967028e-01,-1.400068560268193929e-01,-1.185837571471281965e-01,-2.751539486102960175e-01,-1.736422034494974620e-01,-1.059445508429891492e-01,-4.549127869717479733e-01,-3.169233300337032100e-01,-6.255686245420016833e-01,-4.487736294082435018e-01,-3.848321966919410198e-02,2.501659753634098982e-01,1.000000000000000000e+00,5.250567878864954574e-01,-3.687185466351693836e-02
4.678555407129523711e-03,3.473269763163100432e-02,2.900716390013441046e-02,6.040069386183243710e-02,1.321233727970182127e-04,2.589684366940947502e-02,-6.748679148793751241e-03,-6.604778824352344584e-03,-1.764055135655961601e-02,-1.991145910634253141e-02,-7.342176832501998499e-03,-2.508307243348044391e-02,-2.704587894135926027e-02,7.550542860606775444e-03,-2.967535345064168870e-02,-1.610528934205446294e-02,1.651281064565767939e-02,-4.126467645440595050e-02,-3.949321825524443504e-03,2.907134290291760528e-02,-9.933978723224889951e-02,2.120937657857423914e-02,7.224066268839955673e-02,-3.010224007517405265e-01,-1.704625602269393414e-01,-5.954472593057090757e-01,-2.249352262885290776e-01,-2.234690910360261906e-01,5.485620375157852086e-02,5.250567878864954574e-01,1.000000000000000000e+00,5.092358166067927350e-01
-8.950974339456706230e-03,3.769461688481226536e-02,2.868301812506379722e-02,5.532433008400081120e-02,1.737445225125009351e-03,5.823048893647122387e-03,-4.097500936562712553e-02,-4.795220659059181573e-02,-1.463258520433425094e-02,-4.921408381342615157e-02,-2.924545704524428649e-02,-5.303365972344152579e-02,-3.952319200344130146e-02,-2.017862931163388884e-02,-6.585442836142563205e-02,-4.680292059533390503e-02,-2.984487613940739817e-02,-8.705483324169416282e-02,-4.385240635225806649e-02,-6.492447352314284666e-03,-9.120145067557577923e-02,2.097010595822310780e-02,1.375011873515161707e-02,-1.611412459831493282e-01,-2.410837175142664657e-01,-3.010480537184474503e-01,-2.376400073581658168e-01,-4.738122102363521715e-01,-4.061976115834070034e-01,-3.687185466351693836e-02,5.092358166067927350e-01,1.000000000000000000e+00
