1.000000000000000000e+00,4.257875106987248359e-01,5.398996503951376535e-01,2.015925387363087101e-02,1.638364596982212762e-02,4.211116352215987235e-01,2.851373269765657970e-01,-1.868701634274546053e-01,3.186015258754877344e-01,4.029385063480845353e-01,-1.287206222969304592e-01,-7.900266316531953659e-02,4.666188008385835917e-01,2.219018548832963900e-01,-2.914777146196896318e-01,1.907359678274804793e-01,-1.432382599430941372e-01,3.381952436198275569e-01,2.662999247368059708e-01,-9.450358056969221376e-02,-4.952479460228440544e-01,6.404707762309273800e-02,2.547686169280130031e-01,-3.612800637709359108e-01,-3.810440054213413696e-01,-1.984520365524320151e-01,-3.366958622132796841e-01,-3.188166387996532181e-01,-1.625041206516450454e-01,7.822545439774880593e-02,-2.203477713734098842e-01,3.342387690795596278e-01,-1.004062387204428808e-01,2.996638365336428689e-01,1.015748012807160842e-03,2.566029043413754485e-01,8.723320795608137390e-02,-5.088427584170349127e-02,5.187983764752015503e-01,-1.564454849166180966e-02,2.016960886864937186e-01,-2.281587797409357354e-01,-1.308737670272731857e-01,-2.081078645527693338e-01,-5.077661418926868869e-02,-2.658782263656241929e-01,-1.787562963073331401e-01,-4.413852639112567089e-01,1.779184306326234144e-02,-5.843156884299430948e-02,-1.192435134714892563e-02,3.806933953881121435e-01,4.416514439967309524e-01,3.183008113074128898e-01,3.510949550116864160e-01,-3.282134706514450162e-01,-1.681116033677258204e-01,4.817924006825100580e-01,5.660575347140880259e-02,-4.055007902118399898e-01,1.775757672662554298e-01,4.547597386346543535e-01,-2.158722445705195114e-01,-1.887426349390270153e-01,4.283686992721987830e-01,2.867069428552729837e-01,-3.009576730333052286e-01,-8.095896782576310347e-02,4.225514233817568299e-01,-1.999435815438430075e-01,-4.886341052573395238e-01,-1.427156972028354731e-01,-1.773209078317725118e-01,-5.000781149407605986e-01,-2.791338195998416816e-01,-7.718910828159432358e-02,1.251835621468593285e-01,-2.676471088575031465e-01,-8.526048598528265798e-02,-1.310733184718223220e-02,-9.741271988654394420e-02,1.299837379958858619e-01,-2.263969452855025752e-02,4.344367014315665965e-01,-2.546892286584132373e-02,3.231679786635586193e-01,-4.270862529251174405e-02,2.854984573447704177e-01,-3.856260400869370580e-02,1.496441447445231443e-01,3.314304614220232176e-02
4.257875106987248359e-01,1.000000000000000000e+00,2.633609529472828448e-01,-3.172317389354933903e-02,3.748493584449721916e-01,3.461204057013216318e-01,-2.013625045137748190e-02,-3.953873575338198720e-02,5.457068983762729530e-01,1.035592734718330243e-01,-3.187382936519542742e-01,2.250050215644407159e-01,5.079837202748792579e-01,-1.346960135059153962e-01,-3.184275214797854248e-01,2.328131448094833134e-01,-1.802895751747006503e-01,6.244465632157659291e-02,3.439553248301039368e-01,-3.882035745184976294e-01,-3.424532269059271661e-01,4.081797821699640894e-01,1.442401324580260547e-01,-5.390284967787710713e-01,-9.796155924952745786e-02,-4.138930881723324462e-01,-1.699256026946799891e-01,-4.120246930339986902e-01,-1.955288933630919268e-01,-2.090864544184557750e-01,-2.466838777439610275e-01,1.707619614724442403e-01,-2.731521983718113167e-01,1.633430975831047516e-01,-1.167262422026767443e-01,4.083896139324480479e-01,-5.875226501070403978e-02,1.341621142810883460e-01,4.461759331467987644e-01,1.993901150646699427e-01,-1.078219817597957930e-01,-2.694755967097385296e-01,-4.356991824743056685e-01,-2.420273287734688028e-01,1.606039078626759209e-01,-2.956256084284656915e-01,4.949825815422760622e-02,-4.595189266214493307e-01,-3.817749065715277113e-02,1.021717691316108845e-01,1.097351854248540953e-01,5.356342229194758220e-01,2.374420630417219402e-01,5.889271901750910837e-02,5.582159081952734470e-01,-4.565379344630085545e-02,-4.115785435075930976e-01,3.538917870259813969e-01,4.171643029288992222e-01,-3.215664119979478319e-01,-1.393834790058600948e-01,5.411891774451231818e-01,1.418038128051538893e-01,-3.308291121198098095e-01,1.390436713088840925e-01,5.429352791837631642e-01,-7.014610998704533251e-02,-3.576088652931893042e-01,4.183360868145441502e-01,1.776663598357968166e-01,-4.945795706250861734e-01,-4.061689960516827458e-02,-3.995018659281395768e-01,-4.658035814644061468e-01,-3.035641655651211690e-01,-4.125598398000355771e-01,-1.225796737973300632e-01,-1.147890289822454252e-01,-1.282437040422637342e-01,2.978656966662793781e-01,2.373172917603795680e-03,4.025105357527605232e-01,7.419870746026542563e-02,4.442249119203531271e-01,1.357722518370879927e-01,3.732502278016753272e-01,2.071493043499819664e-01,3.838106606733340254e-01,2.701569769248411412e-01,3.288719196078157547e-01,1.700021674170181241e-01
5.398996503951376535e-01,2.633609529472828448e-01,1.000000000000000000e+00,1.123304216159937141e-01,-3.500731773378714107e-01,6.244374420720302243e-01,7.130952428343901861e-01,-3.644158398867312076e-01,1.591038467917491317e-01,8.277352154123979178e-01,7.606698593000550679e-02,-4.055056121108179812e-01,5.486771694957039980e-01,6.833165589378017435e-01,-2.980113516175604826e-01,2.622151878584026430e-01,-8.455927820596047251e-02,7.877610383626630908e-01,3.194331487175111617e-01,2.341642590128536761e-01,-8.324712295782443761e-01,-2.779073185712746530e-01,5.146675788830054055e-01,-2.683686728564398938e-01,-8.334702457788061292e-01,-7.679512955019215936e-02,-6.619730683872814270e-01,-3.485619881113955487e-01,-2.448324187871713520e-01,3.806330593964074582e-01,-2.843842517918060420e-01,5.770270193907940381e-01,-1.720966886216207178e-02,4.765175124896899872e-01,5.944400014783621927e-02,1.131656475135903589e-01,2.095065420035948367e-01,-3.276242958829230778e-01,7.199646469011344863e-01,-1.850659608991624405e-01,6.201596656066989954e-01,-1.648531387464910181e-01,2.422554765913463026e-01,-1.867088073835232731e-01,-2.543397467199887130e-01,-2.684539302531285809e-01,-4.157784904589701402e-01,-6.087913377665021830e-01,1.263928454928843481e-01,-2.443585521696401974e-01,-7.350358708028509325e-02,4.229226761507185461e-01,8.093069309934490807e-01,6.557988528970333242e-01,2.343828083017900354e-01,-7.754698612685306802e-01,1.112361852974559813e-02,7.594965789165877279e-01,-3.288114307286267857e-01,-6.649072642690171397e-01,5.503240090736934986e-01,5.024948338594101838e-01,-6.961245172113547097e-01,-1.434497099704874490e-01,8.460491482890372117e-01,9.211750807163573973e-02,-6.833305487068380701e-01,1.503277344098137014e-01,4.964311008512584666e-01,-6.770542414864580971e-01,-6.250736076864564783e-01,-3.404762575867065211e-01,-3.935911313415747098e-02,-6.787539689830546230e-01,-3.861928848783265367e-01,2.684117663143719690e-01,4.683696736972918773e-01,-4.643503155848670572e-01,4.381712539152704533e-03,-3.026184268293908852e-01,-1.555938852578324372e-01,-7.695261595784357034e-02,-9.001708366153357566e-02,5.615938497750244673e-01,-1.598882295396992226e-01,4.134586649178548234e-01,-2.912639195442663920e-01,3.176264799765048941e-01,-4.560399229048009428e-01,7.148750115961079177e-02,-1.240079393200758523e-01
2.015925387363087101e-02,-3.172317389354933903e-02,1.123304216159937141e-01,1.000000000000000000e+00,1.511560232192807676e-02,-5.763059455831671674e-01,6.140973825763581528e-01,8.384517304837597607e-01,-7.546272531651822268e-02,-2.124446699481346013e-01,7.431905534800773427e-01,5.373389338367230428e-01,-2.790131440841037702e-01,2.726913289183554578e-01,7.728987841425026817e-01,8.047718143743367580e-01,9.129951811991882105e-01,3.806273377085012677e-01,6.807997899789101082e-01,5.114822269760107565e-01,6.342941708253920299e-03,1.993794499732555736e-01,7.521892087411917727e-01,3.324683127062473265e-01,-2.191239122982393817e-01,-5.373849571203075381e-01,-6.164441325054388354e-01,-5.540573440456361132e-01,-8.452354925880429803e-01,-5.974424255983997734e-01,-7.934939261966809099e-01,-6.928240356895555285e-01,-7.719739132006844251e-01,-7.806775422134316633e-01,-8.942055607093825076e-01,-6.849796609969240890e-01,-8.807702408321081977e-01,-8.205975914832642770e-01,-6.896809706360942926e-02,7.904362276752734395e-01,5.415456332580204091e-01,8.435262922617199344e-01,4.844543284665942667e-02,8.540768924665984585e-01,7.782497136411801186e-01,8.196786724159628168e-01,7.494808850661737187e-01,3.677114023162019740e-01,8.773546297720345999e-01,7.038405735879422753e-01,8.512756333013062893e-01,-2.090896152567221777e-01,2.200073649697235623e-01,-5.750407983477264784e-01,-1.007600123155812932e-01,-4.030798083157638989e-01,-5.085933245438387651e-01,-3.387314008766617590e-01,-1.563297894886713224e-01,-5.066713043341768419e-01,-5.132417365590575820e-01,-1.403548109579638437e-01,-2.715730502939455171e-01,-7.270819639269797685e-01,-2.017910528496558720e-01,-4.187143207100585754e-03,-5.607272283873480090e-01,-5.775871592559882473e-01,-5.488548523266556511e-01,-1.839707653918529195e-01,-2.310853197518659696e-01,-8.764783675773033522e-01,-5.510973414950491867e-01,1.127475880714140788e-01,-7.282126198860242594e-01,3.313571505892274338e-01,7.272931271038144407e-01,7.838905538016741614e-01,9.263045167962913329e-01,5.525031282466034144e-01,9.154461840563343777e-01,5.114679846582524947e-01,9.009643352746896650e-01,3.835034449039742555e-01,8.396116251843872558e-01,6.191748579344410475e-01,6.814294388671541247e-01,6.098261791525496633e-01,-1.852620873629338416e-01,-4.636677214070537567e-01,-3.590702503063974982e-01
1.638364596982212762e-02,3.748493584449721916e-01,-3.500731773378714107e-01,1.511560232192807676e-02,1.000000000000000000e+00,-3.588576275224945270e-03,-5.702106207301853580e-01,3.549815860418277791e-01,7.576433936668371949e-01,-5.375186838975589687e-01,-4.951856638669289157e-01,7.777544927336581537e-01,3.535184991686365907e-01,-7.254782260299550423e-01,-2.017545864561914593e-01,2.811751685859762429e-01,-1.112347490231302971e-01,-4.637567520322785630e-01,4.073944987817992858e-01,-7.571446308542520987e-01,9.085944315017077666e-02,9.161782329752188314e-01,-6.595908542344243453e-02,-6.290610490932151411e-01,4.509537986554809641e-01,-6.909132306472192120e-01,1.557166052220240460e-01,-4.841987710434667025e-01,-2.479307329775881641e-01,-7.279335456674272953e-01,-3.118060626858570328e-01,-2.679413831880960717e-01,-5.172143055506763787e-01,-1.902914320771223189e-01,-3.352135129493014065e-01,5.020357062713795004e-01,-3.673429398103035259e-01,3.976986990162894586e-01,1.643338042659819309e-01,5.445461993350581009e-01,-6.062851191841377441e-01,-2.266603898514320259e-01,-9.145316407297496841e-01,-1.453154136485518555e-01,5.498638050622858264e-01,-1.736262199610678070e-01,4.930242136614108595e-01,-1.599038441412189704e-01,-3.384247265476088978e-02,4.745321236995406755e-01,3.644513633664608343e-01,4.352464717587213872e-01,-1.990988440409764137e-01,-4.817510684071392713e-01,7.275465500001012664e-01,4.741201734274291257e-01,-7.585896047725723124e-01,-4.920518784406691798e-02,9.241423190217620265e-01,-8.824247867428011705e-02,-7.215583685603033093e-01,4.837256773068160376e-01,7.414069589021833329e-01,-5.076247517052089320e-01,-4.503494449372787423e-01,8.140309409761387061e-01,3.558381689521025737e-01,-7.435637898741374041e-01,2.399667224566645329e-01,7.873058335345579639e-01,-3.358704275493943903e-01,9.070844694506666195e-02,-7.119875315692583140e-01,-2.347564127622250307e-01,-2.864192763785635143e-01,-8.616932412465607705e-01,-4.955559236492840247e-01,2.915831040577904210e-01,-1.127943189670444490e-01,7.795127182800822840e-01,2.293955328677144412e-01,7.742987755621379975e-01,3.044346113142019083e-01,3.614671468177962366e-01,4.668764135848281760e-01,3.735729309827583444e-01,6.621818421280869504e-01,4.456251475478086865e-01,7.795362569533123009e-01,3.970513583915726286e-01,3.054760442833852063e-01
4.211116352215987235e-01,3.461204057013216318e-01,6.244374420720302243e-01,-5.763059455831671674e-01,-3.588576275224945270e-03,1.000000000000000000e+00,4.714558734414223823e-02,-7.742166688092904092e-01,4.858070510568330280e-01,7.530483617572331090e-01,-5.874411940461286008e-01,-4.603155598868288179e-01,8.440779622291125772e-01,2.257270207632027792e-01,-8.605172195480362829e-01,-1.590161268137889050e-01,-7.064995634773435507e-01,3.488053469311868660e-01,2.090694904793775205e-02,-3.738535282816193850e-01,-7.752586268513784740e-01,-6.414183858126747129e-02,-5.190164428437350416e-03,-6.981736188257675613e-01,-5.034987528472069096e-01,1.716641740573142047e-02,-1.922599202967857079e-01,-1.649312308936954352e-01,2.156734139271871131e-01,4.856688000715881914e-01,1.202561827449947635e-01,9.140651428400099476e-01,2.844096690447334153e-01,8.906955818180183337e-01,5.043661788985032146e-01,7.316566365276863104e-01,6.412585395284920997e-01,3.545134975168133251e-01,8.030605069588367950e-01,-4.930141991907415200e-01,3.441353783882012546e-02,-7.825070481511514631e-01,-1.317665639498049601e-01,-7.756271171138934273e-01,-5.464961671019307188e-01,-8.472846591053293519e-01,-6.958425010204569716e-01,-8.875097012937550600e-01,-4.947138794219076985e-01,-5.196106255560702936e-01,-4.744704620832690956e-01,7.216686382922147258e-01,5.872998175391956899e-01,8.260575496827361475e-01,5.562385812955633613e-01,-3.223862788814330638e-01,5.861683986716247768e-02,9.346755896330309898e-01,1.172173578026655671e-01,-3.521680522142581760e-01,5.984200609228994550e-01,7.528593340663005673e-01,-2.325300794940432791e-01,1.421247926388374272e-01,7.857188374337880088e-01,3.889481860110488021e-01,-1.792832731444244931e-01,2.410885863976721111e-01,9.118632414929848107e-01,-2.542032930686721204e-01,-5.654569904662445357e-01,2.679212908250207525e-01,6.125905254693974483e-02,-8.171266843704165783e-01,-6.980954223182369439e-03,-2.642252959768525700e-01,-1.958263649358996106e-01,-8.581641813481825087e-01,-6.263425538341040877e-01,-3.616702177814605235e-01,-6.524741179351583042e-01,-1.174779014726751725e-01,-5.528723452190899001e-01,4.280162000102957776e-01,-5.239762440033645108e-01,1.416502796638020034e-01,-4.762737485511092106e-01,8.197067041601004134e-02,-4.147565789740358111e-02,5.099347552940890482e-01,2.091701125010745621e-01
2.851373269765657970e-01,-2.013625045137748190e-02,7.130952428343901861e-01,6.140973825763581528e-01,-5.702106207301853580e-01,4.714558734414223823e-02,1.000000000000000000e+00,1.514083592911074916e-01,-2.260637856128722978e-01,5.881440590321671547e-01,6.876045265742823931e-01,-2.118029418825034260e-01,4.159950490854178590e-02,8.598291317117088273e-01,3.596941966783386846e-01,5.485108593981258274e-01,5.429170626009293121e-01,8.906588296803440441e-01,4.610075867069010624e-01,7.370944748457822771e-01,-5.456825647739645957e-01,-3.900941054564902588e-01,8.028058586642107253e-01,2.698399878580298172e-01,-8.181421354458797701e-01,-1.188376198046285359e-01,-8.460872454916673613e-01,-3.782427114100568311e-01,-5.733036710003471814e-01,1.403719466346675937e-01,-5.417584257207457288e-01,4.187244465144437239e-02,-2.937629706548516295e-01,-1.113515070845046695e-01,-3.869797646214851450e-01,-5.325842627114301120e-01,-2.667999686742164589e-01,-8.513794310802138554e-01,3.459378610058429504e-01,1.635964635207221851e-01,9.406206139855816106e-01,4.959435797022288539e-01,5.169843682872877766e-01,4.636060277918919725e-01,1.113189716740742990e-01,3.957321802653110399e-01,2.591177997646239989e-02,-9.404660732669792300e-02,6.025579462610015646e-01,8.102806903061880728e-02,3.452768019571093583e-01,-1.488805193593777630e-02,7.223865695976936507e-01,2.354652947528076967e-01,-1.843865280198385970e-01,-9.038268537554843274e-01,-2.198364388334560215e-02,2.852849067161602470e-01,-6.409610942817453028e-01,-6.887304135886507250e-01,2.966603070179582025e-01,4.847998954779928621e-02,-8.732381331931996504e-01,-3.468917160749945827e-01,5.703971523612484384e-01,-2.479949441887235873e-01,-9.033993570084672964e-01,1.164435609033780128e-02,-1.207998807586128653e-01,-8.206928647341907856e-01,-3.980622617928535889e-01,-7.772986922318187997e-01,-9.406834570821252794e-02,-2.671878927881125021e-01,-5.765761162855137512e-01,6.895040310417631657e-01,9.162781777619380952e-01,7.375494352629617667e-02,6.124867987467640384e-01,-1.386752881588292907e-01,3.759740532877117736e-01,-2.022851011980190267e-02,3.824494038645065430e-01,4.477426473257516415e-01,2.379353867380212817e-01,4.968241687541286589e-01,-1.132860438930064807e-02,4.057179649188098480e-01,-6.868319059459537801e-01,-3.836651712626942268e-01,-4.074223090200564945e-01
-1.868701634274546053e-01,-3.953873575338198720e-02,-3.644158398867312076e-01,8.384517304837597607e-01,3.549815860418277791e-01,-7.742166688092904092e-01,1.514083592911074916e-01,1.000000000000000000e+00,1.994231132277017940e-02,-6.359023893483538581e-01,5.633714509387247604e-01,8.200167461008472936e-01,-4.061183484044902925e-01,-1.672392821101286453e-01,7.870879557660166448e-01,6.892411551474356690e-01,8.443070056030287374e-01,-5.541906542270733094e-02,5.783510549938329914e-01,2.229069556493057380e-01,3.514509469737239211e-01,4.761151009877460649e-01,4.724228878419561850e-01,2.826373130370338771e-01,2.178310714400173986e-01,-5.999267415575142426e-01,-2.722913681256743379e-01,-4.658510924861432589e-01,-7.264920919263416765e-01,-8.425091968439355483e-01,-6.749704584389177864e-01,-9.127792606154900845e-01,-8.055156420972280351e-01,-9.416528866720481616e-01,-9.080678447933144826e-01,-5.695078836670971478e-01,-9.591143350588032801e-01,-5.413048328027755263e-01,-3.117222284844411440e-01,9.025682323035705279e-01,1.287490091553296356e-01,7.902139330533103356e-01,-2.331119167630078537e-01,8.262021484603389032e-01,9.209324893228739706e-01,8.204260939628047478e-01,9.538646251075560967e-01,5.383484663068537346e-01,7.530225293323441482e-01,8.169986678824627813e-01,8.836053542051599541e-01,-2.645256061844143414e-01,-1.578805873854638719e-01,-8.805882760151305666e-01,-3.809573414441699141e-02,3.148506517491940493e-02,-6.206274482940505877e-01,-6.178771884551396143e-01,1.720038904482508457e-01,-2.186035081794824864e-01,-8.309724597372900590e-01,-2.288076684667719185e-01,1.738053692906843251e-01,-7.142885430323058227e-01,-6.068271686584306712e-01,1.234078133028344848e-01,-1.768691859205028249e-01,-7.391321761047553451e-01,-6.503399185706929542e-01,2.624776804231472305e-01,-3.159191991955379725e-02,-6.493968121584424713e-01,-6.287445800691245923e-01,3.233946197542369450e-01,-5.701866013468398497e-01,2.543842160590205348e-02,3.803987806343818723e-01,9.540132704167693101e-01,8.225773324467116066e-01,7.812055005051261602e-01,9.427289596231470670e-01,6.535765190332426533e-01,9.233845789766257361e-01,2.025109169160297373e-01,9.245447416470573554e-01,4.787215194909129612e-01,8.706423562628388124e-01,5.242013439645711870e-01,1.668079582205349576e-01,-3.747287819032812939e-01,-2.138974347445088131e-01
3.186015258754877344e-01,5.457068983762729530e-01,1.591038467917491317e-01,-7.546272531651822268e-02,7.576433936668371949e-01,4.858070510568330280e-01,-2.260637856128722978e-01,1.994231132277017940e-02,1.000000000000000000e+00,2.946971789759608024e-03,-6.207855216834808898e-01,5.186183624233891010e-01,8.252541209443863268e-01,-3.893718673617261317e-01,-5.397024708456654718e-01,3.732393850998268481e-01,-2.977614412393465582e-01,-3.795994735221955296e-02,5.672184057465643470e-01,-7.408809330735298682e-01,-4.514093345716021499e-01,7.935701961604259003e-01,1.704528642826108886e-01,-9.106970705161439028e-01,-2.714061568174060482e-02,-7.390922974809862600e-01,-1.883879778222346812e-01,-6.922698129711647441e-01,-3.188882446948702598e-01,-4.640243156499148092e-01,-4.224352116244882716e-01,1.967386607055081893e-01,-4.810420745738539505e-01,2.194429784676174278e-01,-2.063525878245556500e-01,7.218477928331705762e-01,-1.285651433385281706e-01,3.283366746132737046e-01,6.793489893520540113e-01,3.508670494807469287e-01,-3.162193200497022683e-01,-4.769494254075301587e-01,-8.471759802947581575e-01,-4.039276137101238118e-01,3.207501451867699749e-01,-4.790186556369354087e-01,1.605172217809164859e-01,-6.636324761693669361e-01,-1.057995853264223629e-01,2.696665790581164734e-01,2.439702875278869088e-01,8.231281945583802662e-01,2.989272603425955355e-01,-1.780824980151025916e-02,9.649201748577875826e-01,5.919424265426691256e-02,-7.575454192420517652e-01,4.910748906936391323e-01,8.137722422586642912e-01,-4.687544745851591199e-01,-3.614382836193244519e-01,8.837035736648027884e-01,3.860281912323514919e-01,-5.555903562951278740e-01,1.036538253630336220e-01,9.667323261536844292e-01,3.236250756058720816e-03,-6.404080166414585218e-01,6.662977573768312789e-01,4.276762674255624175e-01,-7.445940094492572436e-01,-4.624056686472865184e-03,-7.209291787959704045e-01,-7.309533209620042715e-01,-4.673294777864312466e-01,-7.995329970742031112e-01,-3.253477520041752613e-01,-1.161563357814434649e-01,-2.478213747889882745e-01,5.792523128192158532e-01,2.055144510491144910e-02,7.336663291924815367e-01,1.493159889317680067e-01,7.154089106195782310e-01,2.903403519319574522e-01,6.029930458532306581e-01,4.432423418114839198e-01,6.189459830880202906e-01,5.808673556836364549e-01,5.534063066391700092e-01,2.992584669846384271e-01
4.029385063480845353e-01,1.035592734718330243e-01,8.277352154123979178e-01,-2.124446699481346013e-01,-5.375186838975589687e-01,7.530483617572331090e-01,5.881440590321671547e-01,-6.359023893483538581e-01,2.946971789759608024e-03,1.000000000000000000e+00,1.854952735371769371e-02,-6.997387105791280648e-01,5.271041391583767277e-01,7.738059198602300626e-01,-4.306554338565273810e-01,3.717781760805191713e-03,-2.725874851564751289e-01,7.736103738435158306e-01,6.073338484560781431e-02,2.747539394340272612e-01,-8.265385318734149722e-01,-5.169660155218379627e-01,3.403078012471917879e-01,-1.961267261620866231e-01,-8.580781359508722339e-01,2.022400393671620333e-01,-5.352599456920538179e-01,-1.093257366821361598e-01,1.524060810052998115e-02,6.646593067248260933e-01,-2.244406939929743938e-02,7.893601392856796073e-01,2.672471274618809511e-01,6.791532532261437272e-01,3.332567210883471409e-01,1.594867764416885714e-01,4.963653385119837780e-01,-2.127448170712817610e-01,6.804970383701440806e-01,-4.871353454171145625e-01,6.082815105608965212e-01,-3.056937498819182752e-01,4.215620233244034565e-01,-3.388843818947795405e-01,-5.486895990605894502e-01,-4.122816461592448412e-01,-6.679118096206545507e-01,-6.343665762536490060e-01,-1.126871094136183693e-01,-5.305813344646196361e-01,-3.379994901585782197e-01,3.759662697011664778e-01,7.986516447279039532e-01,8.755726178877254462e-01,9.207693795856136676e-02,-7.651260202364174035e-01,2.946003850880429820e-01,8.294846882952298106e-01,-4.848487896403926856e-01,-5.091668100197299651e-01,8.126045915168088607e-01,4.161661296468588955e-01,-7.785926786913339726e-01,1.377909038095614935e-01,9.709355598299770351e-01,-8.942487054547156033e-02,-6.225419230215754052e-01,4.345748750138203609e-01,5.431850600820409269e-01,-7.841375205018551453e-01,-4.637320176853844678e-01,-1.449526006340027262e-01,2.510538339964429322e-01,-6.353524614283939664e-01,-1.381157987600216963e-01,3.718795407192553859e-01,3.887279842875363545e-01,-7.096864202180206416e-01,-1.795859151451880964e-01,-5.910292670012310401e-01,-4.112717476014841056e-01,-3.571126869000763038e-01,-3.576997445625947347e-01,3.750970934447243610e-01,-4.533746214883214165e-01,1.772481076121009691e-01,-5.853667959602275594e-01,6.927733294599899838e-02,-5.729366058005086471e-01,8.583615958929435852e-02,-1.102484629862341137e-01
-1.287206222969304592e-01,-3.187382936519542742e-01,7.606698593000550679e-02,7.431905534800773427e-01,-4.951856638669289157e-01,-5.874411940461286008e-01,6.876045265742823931e-01,5.633714509387247604e-01,-6.207855216834808898e-01,1.854952735371769371e-02,1.000000000000000000e+00,2.579868676519446111e-02,-5.988383938946204577e-01,6.083962222147164534e-01,8.611022233901400869e-01,4.579890086232689117e-01,8.635874380536331385e-01,4.882643528876879357e-01,2.561361580711337127e-01,8.921913954967261029e-01,9.389676451695387616e-02,-3.825196040391949381e-01,5.956436265165957478e-01,7.472069974795625402e-01,-3.387309333711107096e-01,1.007039155982976386e-02,-5.129391501675635290e-01,-9.424109990150564276e-02,-5.168961685558783881e-01,-1.037302266427656688e-01,-4.222904254665962309e-01,-5.214445176288876604e-01,-3.228161245702579341e-01,-6.406357752638709435e-01,-5.613588640563307308e-01,-9.407833635808726669e-01,-5.540523078772816579e-01,-9.055075724769520162e-01,-3.016295762674027769e-01,3.583375546585200189e-01,7.447944528862695535e-01,9.061011987752627395e-01,6.003693669495830942e-01,8.737526723882628188e-01,3.547347055782763547e-01,8.659837955023067524e-01,4.138697843672322629e-01,5.500265517505614765e-01,7.542889079795095375e-01,2.914849546669108227e-01,5.080535163198399706e-01,-5.497297041023998521e-01,1.829711936732436595e-01,-2.913381278702936727e-01,-6.046140586421008267e-01,-5.206106361518380021e-01,6.328851781724610659e-02,-3.875428364123814085e-01,-6.814508034045503315e-01,-2.577781777638918914e-01,-5.903380535566359749e-02,-5.277779703156914026e-01,-5.991441446699392603e-01,-2.693167258497011218e-01,-2.960013961937049340e-02,-5.664422299537934524e-01,-6.017907636221765388e-01,-3.998589703083034463e-02,-7.320692892300629806e-01,-5.400679862699034883e-01,1.444959552664877855e-01,-7.522973942334132413e-01,3.516767868180040082e-03,3.788605305733263595e-01,-3.646821578759553706e-01,7.969242327738196296e-01,8.583987926550157299e-01,5.638832395789432628e-01,8.745962445256146855e-01,1.621563791426414158e-02,6.651199216807015535e-01,-5.684591271916484417e-02,5.978785469386955764e-01,-9.413268376902067525e-03,4.421778329965037613e-01,2.109423355341390471e-01,1.991264126760649011e-01,1.750194238524216406e-01,-5.931987238788523076e-01,-6.849051541914338292e-01,-4.859061818744551120e-01
-7.900266316531953659e-02,2.250050215644407159e-01,-4.055056121108179812e-01,5.373389338367230428e-01,7.777544927336581537e-01,-4.603155598868288179e-01,-2.118029418825034260e-01,8.200167461008472936e-01,5.186183624233891010e-01,-6.997387105791280648e-01,2.579868676519446111e-02,1.000000000000000000e+00,5.505996441463554061e-03,-5.480865820184221970e-01,3.448279790242391729e-01,6.158624298844350697e-01,4.523609087726339628e-01,-2.971808335122156919e-01,6.283204060548637226e-01,-3.294580423778249445e-01,2.444703444194925024e-01,8.633807550241524575e-01,2.717167789571964809e-01,-2.314676834420287543e-01,3.898836543755964112e-01,-8.129178093078580636e-01,-9.615276757762472593e-02,-6.087747206150376789e-01,-6.163810106915111886e-01,-9.668402174671257843e-01,-6.260617658160405608e-01,-7.104595977937452345e-01,-8.281050622394960925e-01,-6.815160587034752027e-01,-7.703178678505472332e-01,-3.001464105468540713e-02,-8.133595896429518524e-01,-9.701235480046502269e-02,-5.802666324656555186e-02,8.896543526939114654e-01,-2.756180424343860347e-01,3.380725823438037181e-01,-7.120549287791778648e-01,4.082476883121726186e-01,9.053756863744182315e-01,3.898308764717564601e-01,8.810929007460640561e-01,1.909361762291769404e-01,4.437470352201878243e-01,8.097488419666980519e-01,7.764994357806949132e-01,1.427390030512162289e-01,-1.952948170606063349e-01,-8.278296672036171699e-01,4.430846353303846685e-01,2.905840484702125748e-01,-8.644004002471608050e-01,-3.896490769207627269e-01,6.766212094765358120e-01,-2.152347292869606910e-01,-9.539180430794949039e-01,1.817183140431304356e-01,5.505924332284822809e-01,-7.693344570871238908e-01,-6.265322368588734925e-01,6.004874274733407180e-01,8.833513432296866141e-02,-9.209833616239421206e-01,-2.311743171773659455e-01,6.293898199108475255e-01,-2.539997601887284961e-01,-3.554040350068317089e-01,-8.366284827565743099e-01,2.446957260275749516e-02,-5.475175011367071631e-01,-5.128566444777012956e-01,-5.641323713345582774e-02,7.514886031635172881e-01,4.357013571790352424e-01,9.652607207578792758e-01,7.207976872299671767e-01,8.918650104602471318e-01,7.588901881171219443e-01,3.740387517476471690e-01,8.619805320609863486e-01,5.492513791488813357e-01,9.488439755881038495e-01,6.201356117365991460e-01,5.834047028711281113e-01,2.861810030386316081e-02,6.029705898331208513e-02
4.666188008385835917e-01,5.079837202748792579e-01,5.486771694957039980e-01,-2.790131440841037702e-01,3.535184991686365907e-01,8.440779622291125772e-01,4.159950490854178590e-02,-4.061183484044902925e-01,8.252541209443863268e-01,5.271041391583767277e-01,-5.988383938946204577e-01,5.505996441463554061e-03,1.000000000000000000e+00,2.733715050750389064e-02,-7.679738666300004457e-01,2.051733641156024968e-01,-4.981842853800375615e-01,3.056449273047891491e-01,4.099041360978483151e-01,-5.390081154256226581e-01,-7.846332513264506758e-01,3.700250280003012371e-01,2.132569629606589356e-01,-8.900892856005941933e-01,-4.221000560646021582e-01,-4.383214254160133216e-01,-3.441753193911765707e-01,-5.534460114489978544e-01,-1.474877830493679098e-01,2.559008058509266298e-02,-2.585751394436215378e-01,6.441401463067198963e-01,-1.629991129330546629e-01,6.201324645343838649e-01,1.106204156500944086e-01,7.609268529362717137e-01,2.528386544288278581e-01,2.682005816843360813e-01,9.074650256198207865e-01,-5.366208780278872159e-02,-2.549512671823290708e-02,-6.526569850901711156e-01,-4.936502055774023012e-01,-6.104065276958074993e-01,-1.085969174522605357e-01,-7.056573547460560647e-01,-2.987337156342920186e-01,-9.060393669115460735e-01,-2.487127337654864434e-01,-1.313035961260432538e-01,-7.842076733113963194e-02,8.851591160920345702e-01,6.158299557374046218e-01,4.970022551671792743e-01,8.529928759305126507e-01,-2.817505326693434120e-01,-4.113262031537416319e-01,8.618937174096196197e-01,4.477436576135689350e-01,-5.756498607992602823e-01,1.741795265321516295e-01,9.536737875720511237e-01,-3.594023524393229196e-02,-2.959678014522780787e-01,5.964445370299302773e-01,7.527574055209687032e-01,-2.374635048580900909e-01,-2.358577307827544323e-01,8.882695563582595488e-01,-1.685523234375954291e-02,-8.155911264116477710e-01,3.745547821134918853e-02,-3.996862011648696367e-01,-9.345761921660754590e-01,-3.624293492942895489e-01,-5.154686899135836331e-01,-1.657642327126844228e-01,-5.475575783749824232e-01,-4.118249494920856457e-01,1.108737590848248994e-01,-3.052269916947862871e-01,3.603548661687183130e-01,-1.716730357136145579e-01,7.290034499554264302e-01,-9.482548516931418869e-02,5.059644009005045406e-01,-1.473571968861780296e-02,4.663278381715807441e-01,2.167980665687387620e-01,5.625464631056159570e-01,2.434358474177296949e-01
2.219018548832963900e-01,-1.346960135059153962e-01,6.833165589378017435e-01,2.726913289183554578e-01,-7.254782260299550423e-01,2.257270207632027792e-01,8.598291317117088273e-01,-1.672392821101286453e-01,-3.893718673617261317e-01,7.738059198602300626e-01,6.083962222147164534e-01,-5.480865820184221970e-01,2.733715050750389064e-02,1.000000000000000000e+00,1.800578728414503893e-01,2.554256001030963397e-01,2.944935079730436334e-01,8.816720918096963011e-01,1.736934931961572615e-01,7.532311501215281924e-01,-5.705173045654896580e-01,-6.504062080575315763e-01,6.005537463995677117e-01,3.116526034616537988e-01,-8.603614112727639984e-01,1.895349269378535095e-01,-7.067042143163286827e-01,-1.162189666991120113e-01,-2.761637558143404947e-01,4.738824531551207864e-01,-2.494315366315627835e-01,3.043747605405101586e-01,4.115622488151875202e-02,1.501132501247953166e-01,-5.737734157360543236e-02,-4.460851476925944414e-01,6.961357526383983585e-02,-6.980892350337853935e-01,3.282704680765061167e-01,-1.844240071689818850e-01,9.117280592770508063e-01,3.031011636677306553e-01,7.038372022385650517e-01,2.567008206045354735e-01,-2.321881896860210071e-01,1.977765926202997016e-01,-2.892469046873719085e-01,-1.467061580678813704e-01,3.511051485299215846e-01,-2.430334212394751059e-01,1.921547946715184904e-02,-6.004995718151871775e-02,7.178244264912995165e-01,5.128737710497388580e-01,-3.130746466677681861e-01,-8.973588073906996199e-01,2.923385068645747986e-01,4.025924254605642849e-01,-8.002413945090547376e-01,-5.289130272117656961e-01,6.112083279093284416e-01,-1.410756668029877758e-02,-9.663931408271684287e-01,-2.528537667225004212e-02,7.348906681901050675e-01,-4.363516834738298544e-01,-8.315971659336867106e-01,3.418674139192446892e-01,-2.849778834235240296e-02,-9.387410646453907548e-01,-2.460772473618940970e-01,-5.440346497351818966e-01,2.221448557219324049e-01,-2.465552934860136824e-01,-2.994929331386300686e-01,7.752145895435474943e-01,8.070823649547801404e-01,-2.197824850265963359e-01,3.742723390771096059e-01,-4.726223949817188741e-01,6.298816104982425668e-02,-3.388999365645606887e-01,6.244363439310003649e-02,2.625773192519438304e-01,-1.063102588167782470e-01,2.385166786102076442e-01,-3.551921967919660639e-01,1.336612601769275877e-01,-8.133834381640898670e-01,-3.460389166231800373e-01,-3.823628214584908758e-01
-2.914777146196896318e-01,-3.184275214797854248e-01,-2.980113516175604826e-01,7.728987841425026817e-01,-2.017545864561914593e-01,-8.605172195480362829e-01,3.596941966783386846e-01,7.870879557660166448e-01,-5.397024708456654718e-01,-4.306554338565273810e-01,8.611022233901400869e-01,3.448279790242391729e-01,-7.679738666300004457e-01,1.800578728414503893e-01,1.000000000000000000e+00,4.220005706995821892e-01,9.051041974528610812e-01,8.750195018913652090e-02,2.126718962443086836e-01,6.724382794472480995e-01,4.579251090605772623e-01,-9.751867104433162292e-02,3.856581494351606354e-01,7.536138280358883890e-01,8.843310216139935176e-02,-9.571639373104844084e-02,-2.209936911980135421e-01,-4.701964536728181487e-02,-4.816379482954279978e-01,-4.047214997104296996e-01,-3.806283077663339398e-01,-8.342029771130936577e-01,-4.227784642676918336e-01,-8.887162541622198875e-01,-6.650697024274173641e-01,-9.153713215606028575e-01,-7.314740990438274304e-01,-7.168947317931136931e-01,-5.767006414970079486e-01,5.516804327963513721e-01,3.916403444424990665e-01,9.543181645099286792e-01,3.366518538898444213e-01,9.385807615178999308e-01,5.795613574098460452e-01,9.698611606181140044e-01,6.810917381278243088e-01,7.743177197935502409e-01,7.281310843561912272e-01,5.288115112900754200e-01,6.181249743178096612e-01,-6.509928695249566077e-01,-2.002390609764801432e-01,-6.698168039583404232e-01,-5.763904621744867507e-01,-1.183273252971135808e-01,-9.046996670936431617e-02,-7.277079968096551443e-01,-3.829829039947000302e-01,-6.424748595195315000e-03,-4.350615800175427483e-01,-6.589084750074551966e-01,-1.798276215676301026e-01,-3.154461797020554625e-01,-4.743127723324481737e-01,-4.613178882361848587e-01,-2.569830948559691519e-01,-2.427533858261519406e-01,-9.026730564833731485e-01,-1.251541632609395327e-01,3.353162404882112924e-01,-6.115713482055017414e-01,-1.201215693312983890e-01,6.251478554489309225e-01,-2.730371332082114910e-01,5.407362338369847699e-01,5.948908567368296207e-01,8.361010295582594898e-01,8.703660974626690194e-01,2.956352307012334313e-01,7.932348845494477940e-01,1.231707465153668857e-01,7.089763316257547965e-01,-1.708006800765071165e-01,6.147421973850830668e-01,1.197560098597913875e-01,4.581822834087216356e-01,1.361018524340432134e-01,-2.638287873881622336e-01,-6.417619483681848980e-01,-3.903120213140686134e-01
1.907359678274804793e-01,2.328131448094833134e-01,2.622151878584026430e-01,8.047718143743367580e-01,2.811751685859762429e-01,-1.590161268137889050e-01,5.485108593981258274e-01,6.892411551474356690e-01,3.732393850998268481e-01,3.717781760805191713e-03,4.579890086232689117e-01,6.158624298844350697e-01,2.051733641156024968e-01,2.554256001030963397e-01,4.220005706995821892e-01,1.000000000000000000e+00,6.823540644042969117e-01,5.086857809500862082e-01,9.308625117558753104e-01,2.024141166884810827e-01,-3.771843973595432331e-01,4.556461324529739176e-01,8.770471866539865102e-01,-1.433226708143326977e-01,-4.054959626326739563e-01,-8.237835519188750899e-01,-8.013689270118240504e-01,-8.906991274861554286e-01,-9.635464016743973126e-01,-6.562528993819641832e-01,-9.688641765753560620e-01,-4.101256563579505632e-01,-9.206214533432260927e-01,-5.182723229539032417e-01,-8.947635094411722223e-01,-2.923512557096380471e-01,-8.038891714286741097e-01,-6.794888383893433748e-01,3.869234838025673584e-01,8.242539663865631194e-01,4.954701682934133378e-01,5.320125849095803661e-01,-2.634620354554394472e-01,5.752526678649717562e-01,7.896049789748423864e-01,4.856081862331583787e-01,6.759696108991879449e-01,-8.241821005159911950e-02,7.492288312089935287e-01,6.772769367967255150e-01,8.739076905622837899e-01,2.789978400205389009e-01,5.336060920369307681e-01,-3.855644583963815930e-01,3.722879209979786941e-01,-5.247003500855130786e-01,-7.842401070349351855e-01,7.572651309496492011e-02,1.258171306112389198e-01,-8.166023082953347556e-01,-4.949089246221269889e-01,3.588970854725179183e-01,-2.500696168525473606e-01,-9.346176098786076469e-01,5.356111393453021757e-02,4.169617754662169329e-01,-6.796137715351375785e-01,-7.655611770174850506e-01,-1.247095986980684412e-01,-1.346243399567771670e-01,-6.446579406791010936e-01,-8.713913695829147432e-01,-8.084928060287175366e-01,-3.575894542010411015e-01,-9.413027784280351140e-01,1.877000845971289050e-02,6.209663923743075076e-01,5.481234353306017049e-01,7.453250893075692440e-01,6.827630335872517664e-01,8.103647009896542963e-01,7.605103338888259401e-01,8.734379485393676257e-01,7.816153314600347013e-01,8.557259170920584745e-01,9.197262231764390394e-01,7.484234963869818014e-01,9.015517079669607137e-01,-2.148100518567911885e-02,-1.782223247414317091e-01,-2.246910911856307147e-01
-1.432382599430941372e-01,-1.802895751747006503e-01,-8.455927820596047251e-02,9.129951811991882105e-01,-1.112347490231302971e-01,-7.064995634773435507e-01,5.429170626009293121e-01,8.443070056030287374e-01,-2.977614412393465582e-01,-2.725874851564751289e-01,8.635874380536331385e-01,4.523609087726339628e-01,-4.981842853800375615e-01,2.944935079730436334e-01,9.051041974528610812e-01,6.823540644042969117e-01,1.000000000000000000e+00,3.201570545926085143e-01,5.266405732076134827e-01,6.572443940653948102e-01,1.808911425100106218e-01,4.788929185794721377e-02,6.718023980705164488e-01,5.579300894458897320e-01,-1.408804109125210702e-01,-3.673453080974358742e-01,-5.148786639386073727e-01,-3.685411678969917615e-01,-7.505865217186348248e-01,-5.268474467033712472e-01,-6.681632326270449118e-01,-7.746357952300282346e-01,-6.623948181326655416e-01,-8.661939064509012187e-01,-8.449880145285000310e-01,-8.438769545064257471e-01,-8.541222735262707921e-01,-8.522076152140259930e-01,-2.805492182721748273e-01,7.138265744854064287e-01,5.494588168654302995e-01,9.538879000346853765e-01,2.125774846975919952e-01,9.525124831964627559e-01,7.198278789541553424e-01,9.423237543569309427e-01,7.544054146205834144e-01,5.590543212022237585e-01,8.688178954991006009e-01,6.441111255328058061e-01,8.088475374865901069e-01,-4.118713097513493904e-01,9.013277310705521128e-02,-6.249541286378870186e-01,-3.344387219502436559e-01,-3.488036929198211067e-01,-3.400551602088126568e-01,-5.106551236950930273e-01,-3.082424347512120466e-01,-3.430320954343266115e-01,-4.774913005074478134e-01,-3.782945736672939652e-01,-2.987007265208651008e-01,-5.885852424180750830e-01,-2.925356521630274598e-01,-2.258258069672708368e-01,-5.082098991884068662e-01,-4.458885176272140427e-01,-7.397222173983594162e-01,-2.141613087902511370e-01,4.517771750966299849e-03,-8.302697761231683238e-01,-3.737841640093565454e-01,3.334705576889337442e-01,-5.771432296214131785e-01,4.800797160152583398e-01,7.440308884075911289e-01,8.300023094718564920e-01,9.705026183471414658e-01,4.460966309089007265e-01,9.145373319181754335e-01,3.520557566385777992e-01,8.709302873441064907e-01,1.716112506644650870e-01,7.842691001250601257e-01,4.475667399982266037e-01,6.053999290800912148e-01,4.417030447654129444e-01,-2.799615962515597523e-01,-5.916501346017838392e-01,-4.111055316357609124e-01
