1.000000000000000000e+00,4.538192329691541071e-01,5.124387029121247883e-01,2.892968484240037719e-01,2.168392349660721585e-01,2.951621295979346971e-01,2.470300286599493300e-01,1.573150460092351544e-01,1.867853876499613319e-01,1.939487233291952994e-01,1.292117427151272813e-01,1.182974075779009426e-01,1.317783235091816163e-01,9.010217913345386354e-02,8.485508308599970517e-02,1.581511822009339097e-02,-1.589756849281604681e-04,3.376496526675121929e-02,2.055360158299054593e-02,3.223476821876464227e-02,2.213655273505528431e-02,8.881130088047651736e-03,-1.128884664992080289e-02,9.252239336397327304e-03,3.168409264678532372e-02,4.477585346294404162e-02,5.749286464593149348e-02,5.128269108975363338e-02,6.014640886341605236e-02,6.232234614623002183e-02,7.140467250914575570e-02,4.584074908970289103e-02,2.532977957946389025e-02,5.313452513463869271e-03,1.950443983637629303e-02,2.231052109434178074e-02,4.643213853304415523e-02,4.478220815356664768e-03,-2.355083934157208188e-03,1.159516790218091502e-02,7.437379465884103036e-03,-2.819997435462828078e-02,-2.187410869804074995e-03,4.694892197702671931e-03,5.303610602685094808e-03,1.495961909212265711e-02,1.844989484614322980e-02,7.039896060729309082e-03,9.544566766978811179e-03,-6.867181313337036852e-03,3.085030439706962571e-03,7.215198018040996572e-03,4.155895227107578999e-03,1.897742105334991819e-03,6.315076003081069450e-03,-3.604568758368599090e-03,5.703831856931078532e-03,-2.753919052630122988e-03,-7.720362174792488354e-03,-3.848784778736259998e-03,-2.162863487975970941e-03,-6.095011656244933400e-03,-6.242771747673547464e-03,-1.465202397622842722e-04,-1.037041927859800976e-02,4.184541794239419847e-03
4.538192329691541071e-01,1.000000000000000000e+00,3.784318548236993984e-01,2.595751538729512697e-01,3.017506180022139217e-01,2.289650939943111696e-01,2.646361300147132556e-01,1.471802198794939232e-01,1.295803932963811023e-01,2.140518996704265930e-01,1.231446708404954626e-01,8.000481708365266009e-02,1.526640134187478015e-01,7.503883177204809241e-02,6.286933872149222391e-02,3.992730856722087607e-02,-2.289713149003008014e-02,-4.033046598386691092e-04,2.726095929577405930e-03,4.903848692310645158e-03,-1.391607321876175626e-02,1.299603672246905407e-02,-1.578762730780253545e-02,3.093992690946742365e-03,3.391328376256265431e-02,4.570782595445490454e-02,5.502634528913483841e-02,5.071055942853421039e-02,5.515459101756564619e-02,5.703208760091730417e-02,6.559244075408150743e-02,4.075312455658178928e-02,1.591592152641027602e-02,-3.220636082523503467e-03,1.522911392436458039e-02,5.429570541591596973e-03,2.119270069581210766e-02,5.498945505459275872e-03,-1.194081240461036288e-02,1.156450420898301815e-02,1.216933887961219388e-02,-2.072928186107832194e-02,1.673790270748875403e-02,3.117450669337755269e-03,8.028903999578977310e-03,-1.717294520374667904e-03,-9.193670915370820082e-03,1.353001939215517022e-02,-4.970319530302733102e-03,-1.951612090991559911e-02,-9.246832581734313466e-03,-6.457029758636772523e-04,-3.254542836057820656e-03,1.647499387676676363e-02,1.598920327296343008e-02,1.151536446787473564e-02,4.704246968654009903e-03,-8.317722351310339809e-03,-1.661514108404598886e-02,1.107843403495756968e-02,-7.222979408862584445e-03,-4.275974392224501236e-03,-6.413884692482495729e-03,-5.569298003390625758e-03,-1.308620813085588711e-02,-5.172097729032644649e-03
5.124387029121247883e-01,3.784318548236993984e-01,1.000000000000000000e+00,4.016240700168723365e-01,4.091596392025486639e-01,4.898342685123166507e-01,3.779804833349082460e-01,2.834183843302256478e-01,2.815452479298992117e-01,2.955800887714797320e-01,2.290373358427560679e-01,1.669250675905445680e-01,1.946338650706999074e-01,1.594289173329841158e-01,1.155571654655966202e-01,2.919911749368386475e-02,3.778466902504370572e-03,3.568737229028705327e-02,1.950313121054149737e-02,9.421136595788302467e-03,-7.262897125432540152e-03,7.400534814936693059e-03,-3.025500978821573511e-02,-2.008778757127673703e-02,2.268274280149257596e-02,1.814901352144593014e-02,5.291780282664078350e-02,5.937413457231527358e-02,7.035150582160937249e-02,5.754405309673213398e-02,7.944428941562427238e-02,5.227932047905307217e-02,3.409326162539694227e-02,1.015360184243207196e-02,3.291861128894692928e-02,4.360578493555775093e-02,3.856713475053034218e-02,3.911862917948197814e-03,-1.194536039531933838e-02,1.339247710139122513e-02,-7.897669721454815550e-03,-4.189167379974984007e-02,2.638382337012760027e-03,6.033704620386846906e-03,7.740038774161280520e-03,9.971625633727804194e-03,1.585727598440471453e-02,1.887155949865526594e-02,1.686609109103819754e-02,4.828274770856661076e-03,-4.692542180391649737e-05,1.533481124042654527e-02,5.627273981865153762e-03,1.525476343817832800e-02,1.738818135362411865e-02,2.093035000514289687e-02,2.513409191050302791e-02,-1.740370688079845643e-02,-5.812385549697864692e-04,6.160440020079911358e-03,-3.897974801418914968e-03,2.368400188191048788e-03,5.653460031773777095e-03,1.117821601422623254e-02,-5.705378197169598889e-03,6.896847337185518442e-03
2.892968484240037719e-01,2.595751538729512697e-01,4.016240700168723365e-01,1.000000000000000000e+00,4.089860748385826250e-01,4.819518814911771254e-01,6.345577091331903175e-01,1.995636682308104815e-01,3.756004214328514390e-01,5.381787571001249715e-01,2.904418285407023292e-01,2.810978416975660199e-01,3.709896064132485183e-01,2.187807186946854610e-01,2.256074675025419030e-01,7.570797495308616287e-02,1.504169207994045243e-02,7.650316975715183709e-02,2.285194271218621634e-02,1.929422066724054488e-02,4.343218515356030152e-02,5.561162918153254170e-02,1.077719764582875037e-02,2.964753939675313435e-02,2.870536876902012383e-02,3.446340409919051301e-02,9.531560470689995346e-02,5.527318202916896295e-02,5.863906344490255745e-02,6.888689657447323589e-02,7.604466560482110726e-02,3.247544269827837976e-02,2.205919568469617842e-02,6.802640312234043730e-03,1.423107643320429584e-02,5.488601863565453765e-02,3.211867673975345172e-02,-2.282099282767842234e-03,-9.125558965564847455e-03,2.741818343529347710e-02,-1.369023916579258440e-02,-5.329103767638551648e-02,-2.292886177467729283e-02,-6.644005008540993136e-03,7.834954962689167843e-03,5.891239709405764538e-03,-3.410143322914956088e-03,3.248562202098432151e-03,-1.782414355669436831e-02,-2.832855832481650724e-02,-1.679977557890547854e-02,-7.320483081826211630e-03,-1.839400788039357096e-02,-4.256448494499696748e-03,-7.372861814605013303e-03,1.177543123738532607e-02,7.513451625656268097e-04,-2.317392993829764380e-02,-2.184122639845024333e-02,-4.934909897185170251e-03,-1.115997208759414439e-02,-4.420891713435327018e-03,-6.896044809788938641e-03,1.438039387662002483e-02,8.014464519258747768e-03,1.207765255309858378e-02
2.168392349660721585e-01,3.017506180022139217e-01,4.091596392025486639e-01,4.089860748385826250e-01,1.000000000000000000e+00,4.608144799487233767e-01,5.906032250472378342e-01,4.526348088062161490e-01,1.822032189075413200e-01,4.641457800655860999e-01,3.283729043221293997e-01,1.302478392584264233e-01,3.461117916481800671e-01,2.305312044618169909e-01,1.268989371632064656e-01,5.378940970805162064e-02,-9.774040756556059886e-04,5.553068911726143086e-02,3.270628996852875670e-02,2.878026384361785997e-02,-2.053065935791565950e-03,3.333704762229112301e-02,-1.325340475075659739e-02,1.726840801829768873e-02,6.154445904068426426e-02,1.836723871649264747e-02,6.204055722032141701e-02,6.725476557890291973e-02,7.388346822255424662e-02,4.435873948633586167e-02,9.944608102577331965e-02,4.460536587625629767e-02,2.315628779715252564e-02,-1.208739602688281393e-02,9.145628380418118278e-03,3.993059783921145550e-02,1.798458660123976316e-02,-1.870776907299073755e-02,-1.877122104019524063e-02,1.727002757013729531e-02,-2.597210333971599477e-02,-4.552626573714890074e-02,-1.221202875970062770e-03,-2.233363867253143620e-02,-6.358894848046755567e-03,-2.253154139157924601e-03,-1.624945765881418910e-02,3.561918358659519040e-03,-2.020105749445532881e-02,-3.141678404615936421e-02,-3.450569870328239891e-02,-8.635870144596356074e-03,-2.366040182550222665e-02,3.175137153438362461e-03,-3.237332862103854333e-03,1.681707076619833388e-02,2.139226637067124029e-02,-1.651888822310764587e-02,-6.434425089099271057e-03,1.382401799312318359e-02,1.769539914688468552e-02,2.812082686857284713e-02,2.400870983849724694e-02,1.472393767985689418e-02,1.529153191402352237e-02,3.556731681877159813e-03
2.951621295979346971e-01,2.289650939943111696e-01,4.898342685123166507e-01,4.819518814911771254e-01,4.608144799487233767e-01,1.000000000000000000e+00,4.883675258677697140e-01,4.683121851936886682e-01,5.527862184059632034e-01,3.468350632569531800e-01,3.477365142698532474e-01,2.463084668243214481e-01,2.266908803084067281e-01,2.787109079211321228e-01,1.737948648194286017e-01,7.325477140922420638e-02,-2.433448654724138654e-02,4.372775399160722110e-02,3.833271727075825142e-02,5.706545575677583228e-03,2.210303717997920761e-02,9.666631406901236845e-03,-4.748595882038713495e-02,-6.154375615499325242e-03,4.314109472822978686e-02,1.469715863525509168e-02,8.081048656763276106e-02,9.490002176629085129e-02,8.262945212296686492e-02,8.538085393178518334e-02,1.143104684864826859e-01,6.151419686553136895e-02,5.683887999773282185e-02,9.800490645198620468e-03,2.357557016313478401e-02,5.405481377803343646e-02,3.939405915633748673e-02,8.441923344661064060e-03,5.708202658544789775e-03,3.077352217437954313e-02,-1.812497107675281171e-03,-1.398811428747474307e-02,1.147508361855778536e-02,1.211131240612602945e-02,1.462865156067324514e-02,2.075877805579533046e-03,1.732064767180328119e-02,1.306008348190844728e-02,2.307608804460834634e-02,6.893238062024539467e-03,6.820244162161262329e-03,1.719700458404237881e-02,7.347580148426214285e-03,2.013545500125362570e-02,1.279254184274478991e-02,2.206197105237112793e-02,2.611781497936698643e-02,-1.616823562886278084e-02,3.079576258757447862e-03,5.432305107409043585e-03,-1.125989321758230459e-02,-2.095889532492975840e-02,-1.493665934987984355e-02,-1.298926125134482884e-02,-1.959898211807107118e-02,-1.548049007354053777e-02
2.470300286599493300e-01,2.646361300147132556e-01,3.779804833349082460e-01,6.345577091331903175e-01,5.906032250472378342e-01,4.883675258677697140e-01,1.000000000000000000e+00,4.549480719968336251e-01,4.211591171510399301e-01,7.447084139570838701e-01,4.416985740989162190e-01,3.041233516865473607e-01,5.119013038023568773e-01,3.243255328101384283e-01,2.513617505723054202e-01,1.010539729724979074e-01,2.259677934617525252e-02,1.063428095096430187e-01,2.296004343286598900e-02,2.044823074387073017e-02,3.262350049440729954e-02,6.131882662820319074e-02,-7.096935262576735057e-03,2.915762796357801792e-02,5.828882754373885394e-02,4.234668738772442986e-02,1.186539084755371953e-01,7.967708779669997743e-02,9.086234175705695804e-02,8.458742150500320189e-02,1.223247346830757115e-01,6.514026860571779654e-02,2.380717414996202930e-02,-1.074621124063845044e-02,1.993467303699981638e-02,6.672005048180461306e-02,5.047162848173079169e-02,-2.173004481532961156e-03,-1.112696456313498530e-03,5.143199037692550851e-02,-3.566935533687125553e-03,-5.942358927320237627e-02,4.289029626660415158e-03,-3.163571723938619993e-03,1.123118159524780744e-02,9.299022781753684894e-03,-7.615611486546468474e-03,1.579814388052940693e-02,-1.478604233292111873e-02,-2.904385788707462140e-02,-1.882440922677617798e-02,-3.079905600811868541e-03,-2.463404230715951146e-02,-7.614878224003913780e-03,-4.948803927047047517e-03,1.296420555533088666e-02,1.112237992318468316e-02,-2.715049768431346960e-02,-2.193794239784923467e-02,9.249961717364455285e-03,1.098808265469371562e-02,1.301320393665129568e-02,7.496921424251197681e-03,1.636641834017753261e-02,7.342004816655448192e-03,1.288793786648449388e-02
1.573150460092351544e-01,1.471802198794939232e-01,2.834183843302256478e-01,1.995636682308104815e-01,4.526348088062161490e-01,4.683121851936886682e-01,4.549480719968336251e-01,1.000000000000000000e+00,4.165865841862705921e-01,2.924477226824461762e-01,4.527297062229586055e-01,1.077636325678356655e-01,1.826095766069804616e-01,3.284358396651995138e-01,5.428381066008668848e-02,2.672100028688388987e-02,-6.345417281442252214e-03,4.529970867194921952e-02,3.474298690129266204e-02,2.758593889935512244e-02,-1.094801489309057789e-02,-2.332109678996456895e-02,-6.918262481568225597e-02,3.745922607535456892e-03,7.809003011772169822e-02,2.219844244255324631e-02,5.335654312714693814e-02,9.849481602388746038e-02,1.139437454250118859e-01,8.698069968710918365e-02,1.174525388957208816e-01,9.108431868338826010e-02,6.051164377236636915e-02,-1.606874039808014673e-02,3.756927657245541508e-02,5.443199785295829013e-02,4.744418038540759025e-02,2.527534654754029150e-02,1.689928835955004788e-02,3.278907104491520647e-02,1.642546814594193424e-02,-7.127239759320028352e-03,3.621958484039063814e-02,1.385745826620778109e-02,2.886221038121469795e-02,2.096932196912844673e-02,1.951617387519132690e-02,3.675324629322932607e-02,2.002229581865574981e-02,1.017108141172536409e-02,-6.740709577783950135e-03,1.207517960456235863e-02,-1.068702835828806014e-02,1.923090195685849338e-02,3.615784356136741116e-03,6.186837297740505580e-03,2.622676407449894137e-02,-2.155997454919853645e-02,-5.925236889062643342e-03,2.427133998887034613e-02,2.419660248715110179e-02,1.705734995731458120e-02,2.073017189845918415e-02,1.305489106577673031e-02,5.558785378817418521e-03,-1.233161709135506372e-02
1.867853876499613319e-01,1.295803932963811023e-01,2.815452479298992117e-01,3.756004214328514390e-01,1.822032189075413200e-01,5.527862184059632034e-01,4.211591171510399301e-01,4.165865841862705921e-01,1.000000000000000000e+00,3.845285149989763895e-01,3.762569511917158160e-01,3.786068059502242789e-01,2.034498782152342478e-01,3.131939017745594689e-01,2.512539145154328857e-01,7.581173394430702761e-02,-2.290398657656299644e-02,5.322606650995464345e-02,4.121511111230178465e-02,-3.462229142991849525e-03,2.825238075424510095e-02,-2.334049683092817573e-02,-7.336804712708407117e-02,-9.939040260249058095e-03,6.150048281844400916e-02,1.376436462283641554e-02,8.864077655718338722e-02,1.070089204113261472e-01,7.874855586283376063e-02,1.074004939293778660e-01,9.354970269638258895e-02,7.320960264321871303e-02,6.339905256955689905e-02,6.608706173252672407e-03,1.357686808017456552e-02,3.618393472430170288e-02,3.028391001987457143e-02,1.372393298390917928e-02,6.297763091702929597e-03,3.706938044395374776e-02,1.150625968215603090e-02,4.942746377900577616e-03,1.672556840568601572e-02,1.638709517657844020e-02,1.487651763442479104e-02,-5.573031187026667582e-03,8.925887728891456277e-03,8.211701981567776781e-03,1.998141527464306413e-02,-2.857966510235786760e-03,7.119324558541298940e-03,1.150127730268109792e-02,-7.302633388596485933e-03,-8.052503754199562963e-03,5.823666492065720330e-04,-3.141455474068123328e-03,1.719130636763386080e-03,-3.618471471304685050e-02,-1.038494515804923302e-02,-7.098152336089992576e-03,-1.720929445133857413e-02,-1.350660859549346511e-02,-1.518626558410917250e-03,1.568570107373251990e-02,-1.504178207444135332e-03,1.437823743735488179e-02
1.939487233291952994e-01,2.140518996704265930e-01,2.955800887714797320e-01,5.381787571001249715e-01,4.641457800655860999e-01,3.468350632569531800e-01,7.447084139570838701e-01,2.924477226824461762e-01,3.845285149989763895e-01,1.000000000000000000e+00,4.430635842856034401e-01,4.012618555722170521e-01,5.666727412967768052e-01,3.373556244988621944e-01,3.130446179448284627e-01,1.057300586840015794e-01,2.595584469752372156e-02,1.218965109822716525e-01,2.451048715649630991e-02,2.502267700892581853e-02,3.240051481482891099e-02,6.234666568207689052e-02,-9.622939630708451236e-03,2.385518452394009073e-02,5.881824532682832646e-02,3.280108856203818590e-02,1.345903978741524454e-01,8.161194863539651678e-02,9.635002715340562629e-02,8.793793519424190908e-02,1.124552344627544193e-01,6.841885564151903298e-02,2.656840237860178672e-02,1.925396316815785854e-03,2.130535363158796505e-02,6.545379718964086657e-02,4.832934327365701055e-02,-1.190278662264887370e-03,6.424907655699173660e-04,6.673963480705585871e-02,5.003832205145032630e-03,-5.335495856374842388e-02,8.489652020871112439e-03,1.869945395829956947e-03,1.917138312798075464e-02,1.560015483721819557e-02,1.330980492514674497e-03,1.977644060059341111e-02,-5.020291312028115661e-03,-1.927337097208951452e-02,-8.481309972364223237e-03,9.326123046757910443e-03,-1.375457830921533210e-02,-6.737447361514142113e-03,-2.103595596709998024e-03,5.762392564466692867e-03,8.723368498860859313e-03,-2.020681911511299986e-02,-1.866510993792951448e-02,1.347258266906501897e-02,1.422263705446069615e-02,1.774490878016953682e-02,5.046379839490415693e-03,1.974136650241577889e-02,9.049189426087471746e-03,1.591973921827317603e-02
1.292117427151272813e-01,1.231446708404954626e-01,2.290373358427560679e-01,2.904418285407023292e-01,3.283729043221293997e-01,3.477365142698532474e-01,4.416985740989162190e-01,4.527297062229586055e-01,3.762569511917158160e-01,4.430635842856034401e-01,1.000000000000000000e+00,3.700123767526776186e-01,3.783204977336269148e-01,6.257822502629379890e-01,1.800482752947858422e-01,4.732182519119481484e-02,1.011378586235816140e-01,1.297288289276634088e-01,6.886802758171146899e-02,3.756336769288412536e-02,-9.652449311941244114e-03,2.942381909199279916e-02,-6.533060998412484888e-02,1.153223203210826300e-03,7.316759024264631039e-02,7.327642967690068364e-03,1.047089412742558123e-01,9.112659005120542222e-02,1.320016288931822046e-01,1.134141408174105387e-01,1.006369632273217130e-01,9.778519382071480803e-02,5.610787353603050726e-02,2.814297894389536370e-02,7.411085986263864223e-02,1.026531694608835560e-01,8.117683580174375746e-02,6.434951983403108811e-02,5.579629141928903191e-02,7.020580629609217416e-02,2.336343687248971374e-02,-2.379475990120984846e-02,3.638027085223306117e-02,5.595133532259344636e-03,2.278318409422365812e-02,1.848456232072864108e-02,3.304696930231575125e-02,1.617828747710246123e-02,2.541613939858780591e-02,9.658698297799566540e-03,1.442146865633805140e-02,1.720510305078260319e-02,-1.265370011452827438e-02,2.889190283703301550e-03,1.177553757988445381e-02,2.852863590757509504e-03,4.318463283313340312e-02,-6.622024303349848505e-03,1.016362046425803127e-02,2.973587346476275553e-02,1.775634906659922380e-02,-3.220301431202272739e-03,-2.116217860798884527e-03,3.461255974846184566e-03,3.345740834907602514e-03,-6.146622755280196915e-03
1.182974075779009426e-01,8.000481708365266009e-02,1.669250675905445680e-01,2.810978416975660199e-01,1.302478392584264233e-01,2.463084668243214481e-01,3.041233516865473607e-01,1.077636325678356655e-01,3.786068059502242789e-01,4.012618555722170521e-01,3.700123767526776186e-01,1.000000000000000000e+00,4.115156790366840678e-01,3.888399872588196859e-01,5.922853010321806888e-01,9.803596136539438621e-02,4.724546800243494687e-02,1.843995347018483333e-01,1.601355692832172606e-01,6.930577874958239459e-02,7.123945023254064923e-02,3.141370350526610788e-02,-4.923273367041954701e-02,1.762697299262350192e-02,4.626347222207402576e-02,-3.061921879623360002e-02,9.689543985723897412e-02,1.157359387160626363e-01,8.766870324185280228e-02,1.368761984177072899e-01,9.727468193406017816e-02,6.670130432606449777e-02,7.536220410755407884e-02,5.024149891954249325e-02,6.056709869018551962e-02,7.564020371830651457e-02,6.015519299131375647e-02,4.723422960771315321e-02,4.217697669732359267e-02,7.608918471712219911e-02,2.951067994383074419e-02,-2.288043533476524088e-02,2.662407096930789405e-02,1.576504715849888147e-02,8.597441138712474604e-03,5.672901084827238274e-03,1.861051883906382140e-02,-8.702017310995127696e-04,8.934272134468927359e-03,-9.398729480633017525e-03,7.965079034515260351e-03,-4.200235441785741750e-03,-7.634991020804629547e-03,-1.489684058684061056e-02,-1.285714433853098367e-02,-2.195333894194785931e-02,1.199573511964183506e-03,-1.840038335042362347e-02,-1.936675156730081285e-03,7.140098250294418109e-03,2.693223807443379750e-03,9.738297906224371511e-03,-4.476251004296210624e-03,3.096130383981158824e-03,-3.278813519369218419e-03,5.837264230270891759e-03
1.317783235091816163e-01,1.526640134187478015e-01,1.946338650706999074e-01,3.709896064132485183e-01,3.461117916481800671e-01,2.266908803084067281e-01,5.119013038023568773e-01,1.826095766069804616e-01,2.034498782152342478e-01,5.666727412967768052e-01,3.783204977336269148e-01,4.115156790366840678e-01,1.000000000000000000e+00,3.792862047823304938e-01,4.540290843959545741e-01,1.191525947063262897e-01,5.184045170856811310e-03,2.038449711766308625e-01,7.247337763146656509e-02,4.555692461731491311e-02,9.467760019945022087e-02,9.939793547126125894e-02,-7.521473607736239679e-03,3.177478141169715747e-02,3.078804487052614475e-02,-3.697714414893363971e-02,1.245623722345502310e-01,9.344158405359581643e-02,5.744275494270092292e-02,8.537241529082530145e-02,1.320978288385143973e-01,3.490847048680500303e-02,2.927223282477352945e-02,-1.505587425009671625e-02,-3.267771828058802343e-04,6.297575180194631139e-02,5.282072903328697416e-02,-1.308911502016399907e-02,2.126261974110457698e-02,6.047820613222133074e-02,9.423355509331838437e-03,-5.653503328643715714e-02,1.438904397825254734e-02,4.557920208120506966e-03,-1.340838726761507844e-02,-1.523083713460999557e-02,-4.254660063132812732e-03,-2.542788682662298558e-02,-1.050617858051427350e-02,-2.535460047327207228e-02,-1.024306089255348599e-02,-9.884529643153314865e-03,-1.573835972057171725e-02,-9.246050446636086204e-03,1.975829311291336585e-03,2.412471186347287314e-02,1.606596052271924355e-02,-7.204472081687503075e-03,-3.261814953395907827e-04,5.910743968944637619e-03,1.272589647414225193e-02,8.312309386956486315e-03,1.001371343774877867e-02,1.512603330494242948e-02,1.109408648261634052e-02,1.672851907234272975e-02
9.010217913345386354e-02,7.503883177204809241e-02,1.594289173329841158e-01,2.187807186946854610e-01,2.305312044618169909e-01,2.787109079211321228e-01,3.243255328101384283e-01,3.284358396651995138e-01,3.131939017745594689e-01,3.373556244988621944e-01,6.257822502629379890e-01,3.888399872588196859e-01,3.792862047823304938e-01,1.000000000000000000e+00,2.428781198057892998e-01,6.342693914006847233e-02,1.718497688492746089e-01,1.880939288711666879e-01,1.063637603443794710e-01,9.285102701232981343e-03,3.190521549258610451e-02,5.260037966663290432e-02,-7.908858039108492000e-02,-2.404605977750086040e-02,2.353501019963850915e-02,-5.823843387161482116e-02,1.075573142514387598e-01,9.064316891712737023e-02,9.744908344411698509e-02,1.013126957865306821e-01,1.058247597396029804e-01,6.074259238031698427e-02,6.439789248488661522e-02,2.985418623182523046e-02,7.110508092869330388e-02,9.830761210927668747e-02,7.100234922242185109e-02,7.717327108903712651e-02,5.429888895760908579e-02,4.196380852069750422e-02,1.269281857094641669e-02,-2.188269407975137332e-02,2.300153030340677807e-02,1.067339008533121567e-02,6.732763900784252860e-03,4.961300985038048610e-03,9.788735840377432371e-03,7.635432945561923188e-03,1.438886658133823292e-02,-6.639926558364513034e-04,1.721190633039122730e-02,3.213187066842342152e-03,-1.094359509290526201e-02,4.458906267715730663e-04,4.823852496906130827e-03,1.286343388136325372e-02,3.158063049358192376e-02,-3.690010875211843181e-03,2.518795497581855641e-02,2.940266081486440572e-02,2.064795356938432802e-02,-1.855385547140430379e-03,-6.015752911713427922e-03,1.469055408022018443e-02,5.816594117307127138e-03,1.033843312688265473e-02
8.485508308599970517e-02,6.286933872149222391e-02,1.155571654655966202e-01,2.256074675025419030e-01,1.268989371632064656e-01,1.737948648194286017e-01,2.513617505723054202e-01,5.428381066008668848e-02,2.512539145154328857e-01,3.130446179448284627e-01,1.800482752947858422e-01,5.922853010321806888e-01,4.540290843959545741e-01,2.428781198057892998e-01,1.000000000000000000e+00,1.265020105213869595e-01,-8.757120657680717013e-02,2.363484443397539658e-01,2.224225619599906889e-01,1.054748887110747435e-01,1.170968233401447761e-01,2.177817487094000151e-02,-3.202647089682261056e-02,5.610172135818313616e-02,7.481312280513223445e-02,-6.562522719804755877e-02,2.442455906420319331e-02,1.063572520627643347e-01,3.499227519204086562e-02,1.197947457760365764e-01,1.078338993455203315e-01,1.356523850538362413e-02,8.245647517994093845e-02,3.069442621947612859e-02,2.217972502388095360e-02,5.173360317158605393e-02,3.354556605022493421e-02,1.193240257760058362e-02,4.449259933356006919e-02,3.677224477637363459e-02,1.461063990255243375e-02,-2.422386103492379233e-02,6.779646741457966488e-03,2.033974941537237610e-02,1.125549957198815863e-03,-9.295857089199440620e-03,1.060362623554552850e-03,-4.308153782020518116e-03,-1.802070719107665142e-02,-4.195659392759808204e-02,-2.078991728792923058e-02,-3.822479340212588117e-02,-3.243704681489673752e-02,-1.590324416122601905e-02,-1.252434430088159370e-02,-8.539465407300330171e-03,2.363320982213399941e-03,-2.087114347070474080e-02,9.770350289158095600e-03,8.405420027408917402e-03,7.270062848888342311e-03,1.094045557160568463e-02,1.118559745631353582e-02,8.656923602377970817e-03,1.514088755834101969e-02,2.153072081927263209e-02
1.581511822009339097e-02,3.992730856722087607e-02,2.919911749368386475e-02,7.570797495308616287e-02,5.378940970805162064e-02,7.325477140922420638e-02,1.010539729724979074e-01,2.672100028688388987e-02,7.581173394430702761e-02,1.057300586840015794e-01,4.732182519119481484e-02,9.803596136539438621e-02,1.191525947063262897e-01,6.342693914006847233e-02,1.265020105213869595e-01,1.000000000000000000e+00,1.701423337482951825e-01,2.737665316464665127e-02,1.365940314301504477e-01,5.542843777171110875e-02,-1.681088979827770336e-02,1.589593950457331706e-01,-8.592580812351255370e-02,-1.169797215603020357e-01,-1.276381462366904807e-01,-1.366576423024043752e-01,-4.776137276540290411e-03,-7.503681669431556955e-02,-1.666961832561876244e-01,-9.175302559426297411e-02,-8.249997088531762016e-03,-1.132673321505542757e-01,-5.125900985431323942e-02,-5.178610835231604870e-02,-8.099891066717866683e-02,-2.216966129099890923e-02,-1.628261418611537739e-02,-1.051024656990926093e-01,3.370113636252446143e-02,2.043744036687727972e-02,-3.003229230944282763e-02,-6.432968459320873023e-02,-1.035614482851968110e-02,-8.857067128327988578e-03,-1.337674750132692922e-02,-3.706143483380873460e-02,-3.385889407413839730e-02,-2.629154767810427951e-02,-1.269843945176309108e-02,-4.337002851595146702e-02,7.346749084033404008e-03,-2.375801766346479979e-02,-5.022504514331682657e-02,-4.773869934356213089e-03,-8.367785046866395293e-03,-2.129723473773527387e-03,1.250798829727860044e-02,3.043409974373102039e-02,2.323230915277554182e-03,2.873034239832390410e-02,-5.503387865184709458e-04,-1.844594486936759412e-02,-2.101085861566099472e-02,-1.369081176969008315e-02,-1.846313194470378116e-02,6.274378647922784595e-03
-1.589756849281604681e-04,-2.289713149003008014e-02,3.778466902504370572e-03,1.504169207994045243e-02,-9.774040756556059886e-04,-2.433448654724138654e-02,2.259677934617525252e-02,-6.345417281442252214e-03,-2.290398657656299644e-02,2.595584469752372156e-02,1.011378586235816140e-01,4.724546800243494687e-02,5.184045170856811310e-03,1.718497688492746089e-01,-8.757120657680717013e-02,1.701423337482951825e-01,1.000000000000000000e+00,2.147479269786121137e-01,1.099808304239404400e-01,6.277958590051220533e-02,1.512191351919075881e-02,1.749088193679307623e-01,6.516266035470358320e-02,3.433107732529624111e-03,-7.149852966553824074e-02,-1.579966916685098671e-02,-6.684571352619457507e-02,-1.722419053869452821e-01,-1.041093848093309210e-01,-7.972277857763607201e-02,-7.480821885874437693e-02,-6.754832394805992957e-02,-5.103188303238243018e-02,6.989170565348410726e-03,2.688542919082537869e-02,6.687127511672064095e-02,4.966491926630811626e-02,-5.443726600218011004e-04,6.790992575815799071e-02,1.244468070985716400e-02,-1.453650865616370851e-02,-3.180801541469032573e-02,-4.487271601099654394e-02,-4.072873755758975312e-02,-3.336935431141734021e-02,-5.774333030385859176e-03,-2.517223470971568372e-02,-3.301592577059692807e-02,1.239674232432216514e-02,-1.936971970575697075e-02,1.173123223983223162e-02,-2.420857754829899844e-02,-2.351400902153782599e-02,-7.410670290291646034e-03,-4.155480719504995105e-03,-3.286341282043722493e-03,1.828391985744582879e-02,1.675034368925651038e-02,1.795666394503194234e-03,2.763506926511550069e-02,6.269231499925945368e-03,-1.649915664387532205e-02,-3.301137287334146575e-02,-3.083476559228326419e-02,-1.144723902112198405e-02,-2.005737177437124860e-02
3.376496526675121929e-02,-4.033046598386691092e-04,3.568737229028705327e-02,7.650316975715183709e-02,5.553068911726143086e-02,4.372775399160722110e-02,1.063428095096430187e-01,4.529970867194921952e-02,5.322606650995464345e-02,1.218965109822716525e-01,1.297288289276634088e-01,1.843995347018483333e-01,2.038449711766308625e-01,1.880939288711666879e-01,2.363484443397539658e-01,2.737665316464665127e-02,2.147479269786121137e-01,1.000000000000000000e+00,4.168550894902282589e-01,3.055805543724144924e-01,9.278839575806503703e-02,1.048514559292276771e-01,2.154378248134084309e-02,6.042588072419487200e-02,3.370504304283460789e-02,-4.344716859061101277e-02,-4.847022483701913381e-02,-1.391972423730009067e-02,-2.679059736970074157e-02,5.036774916408662262e-02,2.272329426213099204e-02,1.961709851439547014e-02,-5.183931170728703006e-04,4.268108182006887658e-02,9.169021654819685396e-02,1.217006706452682108e-01,9.426111962113815912e-02,4.394674319594139844e-02,1.451312568218122434e-01,1.015005194369572594e-01,8.493023127174366416e-02,1.282760875120435989e-02,4.542754229679769190e-02,2.351526112991566067e-02,1.930058685217783676e-02,4.374358427191404192e-02,2.347314147274782992e-02,2.001626081157563408e-02,3.253964311331979803e-02,2.719573715734444411e-02,4.652463413399861997e-02,1.695030754132632184e-02,-2.843329799228423802e-03,-9.010127023860808881e-03,-7.909193640584771118e-03,6.478175695178080978e-04,4.442681177032778428e-02,1.065972787037794238e-02,1.171463692793927105e-02,2.178267779635044074e-02,2.254496686300860864e-02,2.327765998883148113e-02,1.138809139173145753e-02,2.407222195705704948e-02,9.401983955295241391e-03,1.505384176129761185e-02
2.055360158299054593e-02,2.726095929577405930e-03,1.950313121054149737e-02,2.285194271218621634e-02,3.270628996852875670e-02,3.833271727075825142e-02,2.296004343286598900e-02,3.474298690129266204e-02,4.121511111230178465e-02,2.451048715649630991e-02,6.886802758171146899e-02,1.601355692832172606e-01,7.247337763146656509e-02,1.063637603443794710e-01,2.224225619599906889e-01,1.365940314301504477e-01,1.099808304239404400e-01,4.168550894902282589e-01,1.000000000000000000e+00,5.058026697646995640e-01,9.603704412457308992e-03,2.526574092555138318e-01,4.901507415363182824e-02,1.021809913514120094e-01,5.372837154598098658e-02,-7.743870258507000448e-02,-1.842162898975035351e-02,2.410151167456859710e-03,2.379432268292665329e-03,8.933055363062275545e-02,1.978215590647921379e-02,1.185417662720907213e-02,4.233953732204013935e-03,2.999070695021703939e-02,4.719531811845753544e-02,1.009618050903988568e-01,9.033027903610368892e-02,1.281769821607342888e-02,9.553560126449527068e-02,3.615701612329775411e-02,1.994204660378593244e-02,-3.167670943147504053e-02,2.203387427470071547e-02,4.584111744793215905e-03,-2.577088590627706413e-03,1.633547860449972161e-02,-1.659744398192154920e-03,-7.979051854369676594e-03,7.970847910380732260e-03,-1.762535271320045394e-02,4.189004155578766745e-04,-1.571362026571098205e-02,-1.603848170236460424e-02,4.562743843776947798e-03,-9.098392221806875235e-03,-3.044362210267218677e-03,4.180326756305149244e-02,2.756602639330816423e-02,2.516192963540284100e-02,1.020154824645225916e-02,-5.924817391290054802e-03,1.252558406412663215e-02,-2.775968853997998805e-03,-4.444843765513296387e-03,1.529360770914850107e-02,2.075244112580160519e-02
3.223476821876464227e-02,4.903848692310645158e-03,9.421136595788302467e-03,1.929422066724054488e-02,2.878026384361785997e-02,5.706545575677583228e-03,2.044823074387073017e-02,2.758593889935512244e-02,-3.462229142991849525e-03,2.502267700892581853e-02,3.756336769288412536e-02,6.930577874958239459e-02,4.555692461731491311e-02,9.285102701232981343e-03,1.054748887110747435e-01,5.542843777171110875e-02,6.277958590051220533e-02,3.055805543724144924e-01,5.058026697646995640e-01,1.000000000000000000e+00,3.393016606763575305e-01,2.424076222759265764e-01,8.983769044516035085e-02,1.580426580884553012e-01,6.918834361879638850e-02,5.752462634044683276e-02,3.650253025705159360e-02,3.636154860589958099e-02,6.173575930753831542e-02,1.375084611703875914e-01,2.941614096989329449e-02,3.985163589034815268e-02,4.473821349796212182e-02,4.379907905830945913e-02,2.213659623454200531e-02,7.952633414589432848e-02,8.384416576790192088e-02,8.903796855520278164e-03,3.818166708214583427e-02,2.989848650270097649e-02,6.380630037596303657e-03,-2.362117399083812908e-02,4.895568932148623015e-02,1.840960419938456744e-02,6.021916701399373899e-03,3.919793243054954524e-02,5.095629644852563665e-03,-1.088121548365876713e-04,1.846378596665566169e-02,-1.468385985312405280e-02,-1.640974529493823691e-02,6.022949102129424373e-03,-1.937660993316154753e-02,-1.214125551315660412e-02,-7.761410135995710623e-04,-3.151967870414501202e-03,2.689567146013059629e-02,1.757637074881481659e-02,2.127519983983839486e-02,-8.406746395365054594e-03,-2.665145939971071479e-02,-5.619069645882246097e-03,-9.150272068510247048e-03,-2.398701221722893823e-02,-1.534174915622208216e-02,-3.544165566738368637e-03
2.213655273505528431e-02,-1.391607321876175626e-02,-7.262897125432540152e-03,4.343218515356030152e-02,-2.053065935791565950e-03,2.210303717997920761e-02,3.262350049440729954e-02,-1.094801489309057789e-02,2.825238075424510095e-02,3.240051481482891099e-02,-9.652449311941244114e-03,7.123945023254064923e-02,9.467760019945022087e-02,3.190521549258610451e-02,1.170968233401447761e-01,-1.681088979827770336e-02,1.512191351919075881e-02,9.278839575806503703e-02,9.603704412457308992e-03,3.393016606763575305e-01,1.000000000000000000e+00,1.529743127913096301e-01,4.440650033218746656e-02,1.281625895346062971e-01,1.433480185113613237e-03,-3.234932789018907869e-04,8.919423726990780010e-02,9.933771772670101086e-02,1.954041207501961558e-02,1.037912014504554642e-01,3.134600071263482501e-02,-3.638134368490653775e-02,6.255203726550760679e-02,-3.910252253884396735e-05,-4.038054427270159480e-02,-1.010221824325422887e-02,1.243635857927028951e-02,-1.719662316129288299e-02,-7.446837208322387713e-02,-3.635034630397231820e-02,-5.984060515624870652e-02,-1.797296684149225776e-02,1.071638964358347622e-02,-1.838675927313189809e-02,-3.947561903592102656e-02,9.383836394043882593e-04,-2.907881287909163184e-02,-3.432742438911926680e-02,-1.296866593619747619e-02,-2.504750873890996404e-02,-3.433522164650161523e-02,-3.982537648616434403e-03,-2.604250773431867130e-02,-2.565249170175453591e-02,-4.217498370022624600e-03,3.988366706310220514e-03,-7.662494107956758713e-03,-1.998601484180745434e-03,-1.039030158857982659e-02,-1.419655650329688934e-02,-3.344168860099708263e-02,-1.192920346340497172e-02,-9.859066560678727068e-03,-9.661387700638384562e-03,-1.680061574426826645e-02,1.133609619335777634e-02
8.881130088047651736e-03,1.299603672246905407e-02,7.400534814936693059e-03,5.561162918153254170e-02,3.333704762229112301e-02,9.666631406901236845e-03,6.131882662820319074e-02,-2.332109678996456895e-02,-2.334049683092817573e-02,6.234666568207689052e-02,2.942381909199279916e-02,3.141370350526610788e-02,9.939793547126125894e-02,5.260037966663290432e-02,2.177817487094000151e-02,1.589593950457331706e-01,1.749088193679307623e-01,1.048514559292276771e-01,2.526574092555138318e-01,2.424076222759265764e-01,1.529743127913096301e-01,1.000000000000000000e+00,2.548209439309445656e-01,1.280131894888831556e-01,-1.898760595102357840e-01,6.326587891322357771e-03,8.607853149819809369e-02,-1.739972807611487593e-01,-5.753359050271759229e-02,-9.692938530409764275e-02,-8.340888830132575649e-02,-5.315830171924147696e-02,-1.310478093308972136e-01,-5.190131394478338794e-02,-1.034483192756663686e-02,1.374620878379647498e-02,4.508121708098476732e-02,-4.038246291023168261e-02,-3.935434903724054773e-02,-5.357113879233239145e-02,-5.378296116268992122e-02,-8.130137849547158790e-02,-2.667036005155274531e-02,-2.125930249336325725e-02,-3.895616976130213127e-02,-2.020233236456942319e-02,-6.257857754764738212e-02,-3.788658901822283820e-02,-1.144960993712704732e-02,-4.519677908622832946e-02,-3.548837536183500202e-02,-2.683700220729713301e-02,-2.889127995983813840e-02,-2.622773175458120373e-02,-2.499519325680054846e-02,-1.919284740228962768e-02,-5.574076530225678325e-03,-2.181208961476381603e-02,-6.530242419877986017e-04,-4.732103158761017531e-02,-4.225682977773763394e-02,-2.727745815862120740e-02,-2.716365395809039116e-02,-2.506958751934271548e-02,-1.251035339580820055e-02,2.442000351704798691e-03
-1.128884664992080289e-02,-1.578762730780253545e-02,-3.025500978821573511e-02,1.077719764582875037e-02,-1.325340475075659739e-02,-4.748595882038713495e-02,-7.096935262576735057e-03,-6.918262481568225597e-02,-7.336804712708407117e-02,-9.622939630708451236e-03,-6.533060998412484888e-02,-4.923273367041954701e-02,-7.521473607736239679e-03,-7.908858039108492000e-02,-3.202647089682261056e-02,-8.592580812351255370e-02,6.516266035470358320e-02,2.154378248134084309e-02,4.901507415363182824e-02,8.983769044516035085e-02,4.440650033218746656e-02,2.548209439309445656e-01,1.000000000000000000e+00,5.033461089510914421e-01,-4.025490415641994058e-02,2.095356384798639227e-01,-2.731143123629689584e-02,-1.584558730486126110e-01,5.094276492678883467e-02,-4.909445066026711657e-02,-5.165103006751326636e-02,3.504023506806133725e-02,-8.547635595623027938e-02,-4.986803604770610743e-02,3.096086581903045865e-02,6.881279752413895640e-03,4.432123609919786517e-02,-1.538179449280344981e-02,-3.594984529470546947e-02,-7.228269871132152191e-02,-3.335604485200219238e-02,-5.007586039853855614e-02,-2.707378604147895815e-02,-2.843360556961840174e-02,-2.679097730850042713e-02,1.163784684440125235e-02,-4.787713203382716609e-02,-2.969621812214539441e-02,-3.944586224524113810e-02,-4.382300634346283918e-02,-3.819605054564879920e-02,-4.370227710050691300e-02,-1.149077752260941991e-02,-2.441686526725611248e-02,-1.622572199515346161e-02,1.305112290923085029e-04,-3.274437518060704932e-02,-3.363317176262640290e-02,-1.874300454109606787e-02,-4.145629550644436973e-02,-4.774950966447892575e-02,-2.865039996103965758e-02,-3.220372206781665914e-02,-2.489744665055838163e-02,-5.184997695470826978e-03,-1.598737515507682580e-03
