1.000000000000000000e+00,1.717524982101358844e-01,-5.974889031962965502e-01,4.308737604098792362e-01,8.943785457491275626e-01,-2.219494661850471562e-01,-4.708306213144228813e-01,4.300175355209223671e-01,-1.977733454486581555e-01,1.999086371708364701e-02,5.815404425740635652e-01,3.435835738709182297e-02,-1.587670795481594677e-01,-8.694880465569410077e-02,3.582636049739232331e-01,4.876588001098660502e-02,6.172800666570973371e-01,4.738152648062875505e-01,-3.787638994725238129e-01,4.639950264601868657e-01,4.675157711135587424e-01,-4.255222013228966982e-01,-1.073495248238559713e-01,6.602923773558599940e-01,8.596725853895838265e-02,-4.588010828663867113e-01,3.012116272345308210e-01,5.807694407334331732e-01,-1.837490762144774470e-01,2.731674357656264651e-01,-6.087543708505540607e-01,-4.720679211063747993e-01,-4.417956876690739554e-01,-5.126147741064324137e-01,-3.101864031260929133e-01,-4.990339456994447587e-01,1.933954855341828150e-01,3.535743475031487004e-01,-2.995304359338849531e-01,-1.347305826866545819e-01,4.790924776515727013e-01,6.457232347519652194e-02,-3.402196409786263920e-01,1.377769771047308023e-01,-1.199952680780916325e-02,2.438216883511662714e-01,2.182529188449146562e-01,-9.232814731545410658e-02,-4.804977502878062801e-01,-3.120798325704088882e-01,-2.034434491476697915e-01,-3.615719959450252596e-01,-2.236364737017455251e-01,1.629309358692156151e-01,4.375524551517968042e-01,7.421912384337166213e-02,4.584095503063676524e-01,1.944732945740309804e-01,-1.213456936846762785e-01,5.019432423214308381e-01,3.927267513127773169e-02,-3.905407105896956943e-01,-1.463572975897060313e-01,-9.897100104202501136e-02,2.303065145595294405e-01,-2.720825507429167622e-01,-5.091731937533481300e-01,1.029141462028926451e-01,1.890391453402351374e-02,-5.779002004366345924e-01,-2.834288705648336792e-01,5.973590836387657893e-02,-1.308434036808213408e-01,-5.123128076705981693e-01,-2.602591596008045349e-01,3.831626096059222945e-03,-4.218563066789768334e-01,-1.871888430884096344e-01
1.717524982101358844e-01,1.000000000000000000e+00,4.750856162562033802e-02,-6.512549359130290760e-01,5.003301047155547243e-01,8.644066641481893409e-01,-2.427687268635758677e-01,1.408111798603533804e-01,-1.743746482147351395e-01,1.932758542186464590e-01,7.444732155997106637e-02,-3.712729524284832383e-01,1.013519598660867632e-01,-2.164527267834237267e-01,-2.721232284261220769e-01,-3.045436645844120660e-01,5.239791985848332723e-02,3.196440464857376318e-01,1.454029215781205420e-01,4.754455993993504659e-02,4.523299228457667853e-01,3.542196961781562958e-01,-2.165944097204925214e-02,2.060580074887001512e-01,4.989403067500494671e-01,1.762993086587050229e-01,-3.510636501703766343e-02,3.903582685760600413e-01,5.006191720168889914e-01,5.819731501833373954e-01,-1.024167803370932411e-02,-5.331913431522834479e-01,-5.353229953314152523e-01,9.331526268789148981e-02,-6.612807520155380425e-01,4.911187657083588946e-03,7.499983021579502696e-01,1.740310798745747234e-01,7.824987476274317122e-02,4.930259148417480697e-01,4.435233430121932052e-01,3.680415617682011170e-02,3.118140702369703865e-01,4.947937216298434193e-01,2.493150846879831628e-01,6.928628295356296096e-01,5.160039778576518410e-01,-4.762805017019391268e-02,-3.698301240017501934e-01,-5.976678037667608745e-01,-7.382154184903665373e-01,-4.545790795927077133e-01,-1.221634743890276653e-01,-5.408026593936237081e-01,1.419650042897633024e-01,5.289168991293299316e-01,3.683844581650733696e-01,1.855271246396265894e-01,-5.039151834915024386e-01,2.460681045626523511e-01,3.116519783427575824e-02,-6.141632280637566721e-01,-6.660095509552916848e-01,-1.657565839803083751e-01,2.810390189501136837e-01,1.353863911247201735e-01,-3.035903163741390798e-01,4.372993751206537966e-02,3.353233245874716051e-01,-9.793817239157967536e-02,-2.196321202924903238e-01,1.729278024881940323e-01,1.959720576080551391e-01,-5.286097693173531092e-02,-7.894778507203829149e-03,3.206482360316488811e-01,1.648020417890272149e-01,2.303770272254918872e-01
-5.974889031962965502e-01,4.750856162562033802e-02,1.000000000000000000e+00,1.773839735883021851e-02,-6.531083892259952339e-01,4.451725121323396595e-01,8.537674025208248363e-01,1.683586044110659263e-01,6.431490105924537737e-01,3.806480495635785610e-01,-2.588913173559306280e-01,1.996582307376487952e-01,4.672952446182674358e-01,3.778190777616897700e-01,-3.752420343510080025e-01,2.416589427868710560e-01,-7.151260476290000057e-01,-3.148324716729806322e-02,7.109193432698711623e-01,3.749507205670913473e-02,-5.990405103891501826e-01,2.999097032221943460e-01,6.155986088329729045e-01,-4.029000915313022402e-01,-3.554504631083799104e-01,6.279039322937318701e-01,2.211601499966764084e-01,-6.090432009962339910e-01,9.173348797458867609e-02,1.713610194651761509e-01,3.731708694818036687e-01,4.551524756987296860e-01,9.745013908232699404e-03,3.565057179827348377e-01,-7.321291275274126320e-02,1.999104984095115278e-01,9.598721748534018439e-02,-4.877556864164393491e-01,-1.108278793939264512e-01,4.678066048709821345e-01,-9.944759275409248422e-02,-4.585841356523842061e-01,2.136225750988565986e-01,3.665529283989220066e-01,1.606098484929381898e-01,4.692480556585883894e-02,2.821019886910248672e-02,2.168616406097262639e-01,2.648852846228829661e-01,3.190989643811973919e-01,-3.174742167265785786e-02,9.300175684569367274e-02,4.259111933137915695e-01,-1.080341956814370730e-01,-2.600163223541792079e-01,2.937374478777194931e-01,-1.952548541930908266e-01,-4.755801486039438752e-01,-2.054828715504764536e-01,-3.410944933495778097e-01,3.786277259950625029e-01,2.884106885567807588e-01,-1.205816652923778765e-02,3.017286623807236556e-01,1.091138920697141829e-01,3.061540393609870070e-01,4.269875576159011810e-01,1.898145662204254180e-01,2.021917807059775973e-01,3.975547367249709918e-01,3.512560912653187040e-01,2.579513740443082903e-01,1.403198422383948873e-01,3.219389644680535900e-01,4.251702530066187036e-01,2.865548961944264783e-01,5.390364342541211773e-01,-1.896916611235896846e-02
4.308737604098792362e-01,-6.512549359130290760e-01,1.773839735883021851e-02,1.000000000000000000e+00,2.363561578015736450e-02,-6.749725197658227316e-01,3.092395147175681092e-01,4.150216744934856483e-01,3.786575688975800102e-01,1.163147009136727694e-01,3.471008070700448700e-01,4.911759683460014680e-01,8.340745727481967131e-02,3.623146933934945912e-01,3.538990449688714790e-01,4.829841123218852061e-01,1.024466064839314877e-01,1.841854289256218968e-01,-3.155885265498344777e-02,4.554366155600687027e-01,-3.258269211328194137e-01,-5.419980951774356903e-01,3.241947035690874723e-01,2.173836094365026450e-01,-5.916621903849008657e-01,-1.992769906946487979e-01,4.852318488225078053e-01,-1.644694122265267233e-01,-5.587735666819695357e-01,-1.124177286972357914e-01,-3.494079688029513853e-01,2.945444208885198423e-01,3.437405637789995444e-02,-3.540275371772805824e-01,2.283777983750547858e-01,-3.616445257267926205e-01,-4.040021155645042161e-01,-1.297822969124632353e-01,-4.372308114822998082e-01,-2.478036490388070834e-01,1.318281142319095017e-02,-2.766705444983064699e-01,-4.644980767231071672e-01,-5.371597577039486510e-02,-1.405082388527601200e-01,-3.221219900065110942e-01,-2.118320245661424739e-01,1.037309262499310769e-01,2.569436463522839845e-02,4.217100412517740260e-01,4.232267966350123367e-01,1.100386942270607238e-01,1.646451702101188463e-01,5.741679648804303149e-01,1.383862760223401045e-01,-2.135682189634531825e-01,-1.174330917185479467e-02,-2.834078626270086221e-01,1.839137153832783589e-01,5.872696326738581496e-02,2.661242753712779741e-01,3.434665895914489897e-01,4.299779219203565539e-01,2.668156777067368091e-01,5.015324341448388484e-02,-2.042793962700971966e-01,5.851151981255624246e-02,2.031194932881772441e-01,-1.583741170099074447e-01,-2.270856733147415540e-01,1.600029652775962485e-01,6.977311983293653375e-02,-2.216110747050867302e-01,-2.399131579399461089e-01,3.813960025935759363e-02,-9.700936614466704189e-02,-2.131711768564180098e-01,-3.935290769953060930e-01
8.943785457491275626e-01,5.003301047155547243e-01,-6.531083892259952339e-01,2.363561578015736450e-02,1.000000000000000000e+00,7.560403922941294486e-02,-6.591286381831067409e-01,2.993335163385923425e-01,-3.781087556823118367e-01,-9.361326450782763223e-03,5.123672301083831426e-01,-1.464556728032909150e-01,-1.943173665659522764e-01,-2.314205700131960197e-01,2.583510089305729451e-01,-1.266166443651284002e-01,6.524704192685916171e-01,4.714425468536990738e-01,-4.040879804895525229e-01,3.465909501625664690e-01,6.639702452497505680e-01,-2.562674857881462875e-01,-2.455195817052566454e-01,6.637064658810801765e-01,3.373123328294850287e-01,-4.339383615649253789e-01,1.504478222577797786e-01,7.296988135530820818e-01,2.308055614181405910e-02,3.683444694199163871e-01,-5.534204148334110895e-01,-6.664535553337425089e-01,-5.282264536043593806e-01,-4.382231716242155350e-01,-4.512022925489190817e-01,-4.123074236526764191e-01,3.922993182193288408e-01,4.640680234646130109e-01,-1.524173276661648646e-01,-4.231961321584438995e-02,5.442866165991714356e-01,1.991100532565737435e-01,-1.815656529938054486e-01,1.774109500259099248e-01,5.256431052865379039e-02,4.226511932031325469e-01,3.507887896130293393e-01,-1.611115893092923967e-01,-5.558122723596200521e-01,-5.549118132620224353e-01,-4.200576848682407993e-01,-4.617390010170112080e-01,-3.450728893225054050e-01,-6.289247410765295976e-02,4.449474603867297762e-01,1.603146603859758046e-01,5.190145535488766004e-01,3.541024368206932005e-01,-1.950635909469629337e-01,5.513793576537640018e-01,-6.440994501691764407e-02,-5.724755314412164342e-01,-3.510849836555873238e-01,-2.099185098973550545e-01,2.201002348122019225e-01,-2.262480142189790266e-01,-5.696769866139900218e-01,3.104189594874125213e-02,7.047833959593580166e-02,-5.415908937994786676e-01,-3.758004520947447746e-01,1.921924475295950369e-02,-6.601169599906314689e-02,-4.543174068456887760e-01,-2.992307424973570940e-01,2.739957485663358991e-02,-3.894342856626722971e-01,-4.078586417665748531e-02
-2.219494661850471562e-01,8.644066641481893409e-01,4.451725121323396595e-01,-6.749725197658227316e-01,7.560403922941294486e-02,1.000000000000000000e+00,1.414577787729071612e-01,1.144470246674414993e-01,8.278245090729247080e-02,3.172618263043547326e-01,-1.125094918540578554e-01,-2.663549360037153479e-01,3.121269779844464409e-01,-1.798082761773504498e-02,-4.231921819175719635e-01,-1.863640721746806506e-01,-2.748352155250198825e-01,2.051603022449142999e-01,4.179797674030930055e-01,-4.308721738990096972e-02,1.732615538790740484e-01,5.269101835184025751e-01,1.811776447039814830e-01,-5.008952114226424002e-02,3.684192572683757660e-01,4.605742517145635095e-01,-2.701288600896472117e-02,8.493512327168227516e-02,5.615875835844915676e-01,5.792748829295254476e-01,2.688841672866880139e-01,-2.559117866818901299e-01,-4.105233183868821079e-01,3.592248288492957409e-01,-5.790761645464644891e-01,2.294242190645810753e-01,7.163549634446537695e-01,-1.026133630741549591e-01,1.359626425137860917e-01,6.789542361905529511e-01,2.384732363813654721e-01,-1.444830717098510020e-01,4.894756646762518648e-01,5.611273367316146343e-01,2.527814975853160950e-01,6.354407691478550779e-01,4.276256371892965813e-01,7.815832994795099409e-02,-1.095181909866401460e-01,-3.699027085067767007e-01,-6.555545336133488110e-01,-2.773536853510791822e-01,7.753631640012204063e-02,-5.517177678686265851e-01,-8.723981031757623017e-02,5.196979282739362382e-01,1.381629929207097984e-01,-2.737517281822810997e-02,-5.429834841850245120e-01,2.300701996250006584e-02,1.236545325370805443e-01,-4.353874127150939577e-01,-5.945918632114288727e-01,-1.113814783435402786e-03,2.651404100192009672e-01,2.192700430499350539e-01,-6.533170146219255403e-02,1.297352263789935400e-01,3.530572986766010168e-01,8.395327696127154182e-02,-4.739735969648252445e-03,2.856365706632386647e-01,2.024108559462721169e-01,1.017653624337378493e-01,2.232376586185402800e-01,3.955535430015850729e-01,4.293280601905811733e-01,2.772871405518769206e-01
-4.708306213144228813e-01,-2.427687268635758677e-01,8.537674025208248363e-01,3.092395147175681092e-01,-6.591286381831067409e-01,1.414577787729071612e-01,1.000000000000000000e+00,3.961947437033300212e-01,8.248919769671836377e-01,4.965479393017362963e-01,-5.462147914960311518e-02,5.076273243930110590e-01,5.546567784187975692e-01,6.388647027411482604e-01,-9.176881259284958015e-02,5.471889940361122084e-01,-5.697592387055947505e-01,1.100712935956749683e-01,6.481817157377902650e-01,2.648228958961644230e-01,-6.746421364928769648e-01,4.478965807801075366e-02,7.366872629812651896e-01,-2.367410136159016076e-01,-5.955404719247665568e-01,5.073291189273351209e-01,4.649800857503462725e-01,-6.148892179129147317e-01,-1.806538895685438073e-01,1.194679534632779316e-01,2.353450927805318393e-01,5.513784849782070729e-01,-8.675901821462351018e-03,1.991634494986272985e-01,3.932206495817333960e-03,5.645095664697483834e-02,-5.879179772115735586e-02,-5.424216176806415657e-01,-2.923095786100299298e-01,3.821621197012338156e-01,-1.191018973358994176e-01,-5.972068484215431461e-01,3.700229664110855216e-02,3.616008433021546398e-01,8.945521028011731157e-02,-5.971164434073315125e-02,-7.079090107124896315e-03,3.246803981823077612e-01,2.903638086307875343e-01,5.214454149913312353e-01,1.204221086611325514e-01,1.407398905004386691e-01,4.129124386274554137e-01,1.014771924552009819e-01,-2.117993234757896692e-01,1.129407228839846705e-01,-2.264718201618023952e-01,-5.484190883182761267e-01,-1.203124073208359929e-01,-2.081729484884424775e-01,4.929070087352428464e-01,3.721206014925233507e-01,2.433067950986652905e-01,5.604569285781324517e-01,4.859255070838630619e-02,3.174765617406980628e-02,5.415443050268373693e-01,3.696195340832488241e-01,-2.926645687898225823e-02,2.681917566544683718e-01,5.773450811734476273e-01,2.574621238852384253e-01,-8.855266919527632341e-02,2.547248766253561447e-01,5.521973995116004064e-01,2.468778294110098581e-01,3.564083671207224913e-01,-2.309001499274312419e-01
4.300175355209223671e-01,1.408111798603533804e-01,1.683586044110659263e-01,4.150216744934856483e-01,2.993335163385923425e-01,1.144470246674414993e-01,3.961947437033300212e-01,1.000000000000000000e+00,5.543139914935190093e-01,6.178425866606237493e-01,6.259981109535057708e-01,5.581399873234613729e-01,4.322822285587911706e-01,5.654654147072885051e-01,3.312472121556896409e-01,6.386421441512781794e-01,1.291547328202251599e-01,6.482009869483145170e-01,2.409180110384673001e-01,7.245400101824773786e-01,-6.208417966444963743e-02,-3.049897204876891310e-01,5.780847107711076793e-01,4.940815677541010587e-01,-3.754165497644563754e-01,6.020205169151515712e-02,7.456097371914015559e-01,1.020397464089337070e-01,-2.931031493691513279e-01,4.676409690134233355e-01,-3.464257167737088139e-01,-2.806241679990109303e-02,-5.679968751893377243e-01,-2.982912698132014206e-01,-4.540809599217390802e-01,-4.346364941513880531e-01,2.846669064309587105e-01,-1.420168019342626931e-01,-5.927246136726435077e-01,3.436589495738317512e-01,4.609384972601950903e-01,-5.276780707312006546e-01,-2.450873289049275705e-01,6.025377578046579030e-01,1.598084561449291952e-01,2.875429407759658162e-01,3.736864281330525839e-01,2.460093213093854925e-01,-2.791054834587083922e-01,1.205457072389378992e-01,-2.290210469163644902e-01,-3.194627073667489214e-01,8.738465342531301361e-02,1.384083691397730020e-01,2.398885018805618774e-01,2.315509593231239727e-01,2.919086030426570333e-01,-2.849421413444543916e-01,-3.390402510381863577e-01,4.575044058390799750e-01,5.645856635715500449e-01,-1.827693592693910019e-01,6.043336888889782460e-02,5.260943384353615748e-01,2.847083084143209319e-01,-3.412336393079377639e-01,3.658686132398032698e-02,5.346323474832691547e-01,-6.109384682152269735e-02,-3.451321359452610427e-01,3.586407010433919629e-01,3.424918712278010591e-01,-3.329972063582753994e-01,-1.857681014400351660e-01,4.453378270660355298e-01,2.806411963722644787e-01,-4.146154910464610460e-02,-3.748123564806585817e-01
-1.977733454486581555e-01,-1.743746482147351395e-01,6.431490105924537737e-01,3.786575688975800102e-01,-3.781087556823118367e-01,8.278245090729247080e-02,8.248919769671836377e-01,5.543139914935190093e-01,1.000000000000000000e+00,6.323938746813682066e-01,1.475990148976528693e-01,6.697721507399427843e-01,6.008920610222775460e-01,7.439030847737168051e-01,7.515520122979441053e-02,6.648551958426144326e-01,-3.426378135523970303e-01,3.434966963942965856e-01,5.522750912472150775e-01,5.087491010419085136e-01,-5.454274861357008009e-01,-1.458408880820753484e-01,7.718638835551160371e-01,4.119849415940435994e-02,-6.269935580601686542e-01,3.585688744193709088e-01,6.562810386770295823e-01,-4.122253300557179867e-01,-3.056641154668280347e-01,2.105839432148652601e-01,-1.546090532089958863e-02,4.174014944386912895e-01,-2.192403729015347247e-01,-5.043753831886019223e-02,-1.406385161270825024e-01,-1.924653704007602828e-01,7.686035877085726012e-03,-3.991331938714951511e-01,-4.534850392763480342e-01,3.635532047894256547e-01,1.190900934733202382e-01,-6.101197606882602376e-01,-1.034133682674796412e-01,4.863538586133112629e-01,2.139575158694272117e-01,-1.655439194533342429e-02,1.539809670237987371e-01,2.838518192626870440e-01,1.106724766819286582e-01,3.902849419411060783e-01,-5.447233723679630046e-02,-4.457515062655712651e-02,2.877332380612293017e-01,5.495972928946570024e-02,-1.183961934199779902e-02,2.159111478900381520e-01,7.285497449203027359e-03,-4.540543167078755493e-01,-1.849348312591240218e-01,-1.016366921496583567e-03,5.372592530163335933e-01,2.010807887468001875e-01,2.518432242492661954e-01,5.474490134824803178e-01,1.268792777260287219e-01,-8.089495122999913745e-02,3.778373247318372319e-01,4.125380215586246790e-01,-4.456948709844024692e-02,7.623639326590385401e-02,5.092650345125715461e-01,3.464714316658893400e-01,-2.040975588334410784e-01,4.569897296641113604e-02,5.412004431669904525e-01,3.276184209367044575e-01,2.781456936501838229e-01,-3.375284838090545914e-01
1.999086371708364701e-02,1.932758542186464590e-01,3.806480495635785610e-01,1.163147009136727694e-01,-9.361326450782763223e-03,3.172618263043547326e-01,4.965479393017362963e-01,6.178425866606237493e-01,6.323938746813682066e-01,1.000000000000000000e+00,5.041496617444868322e-01,4.939502820537646222e-01,8.496526556357771875e-01,7.207109445495166744e-01,4.695485375872150008e-02,5.936538134828366342e-01,-1.241229019809760858e-01,6.595265527607643286e-01,5.232840480390258397e-01,6.417643192397527452e-01,-1.990704654712501243e-01,-6.483639316110351158e-02,7.428474073107134146e-01,3.017003443469473134e-01,-3.603033959835909572e-01,3.536170088187857719e-01,7.161727794878104403e-01,-8.359283635213902997e-02,-9.668434581638037095e-02,5.675401279468926807e-01,-4.242677870423505748e-02,2.274215607034803244e-01,-4.925198853665715415e-01,3.887875800125198400e-02,-3.745424552438361698e-01,-1.031464934644870240e-01,2.714201685215741899e-01,-5.376649268992305108e-01,-4.055975843352651045e-01,6.187408026647437387e-01,1.110385338906671182e-01,-7.265196878752281373e-01,1.111247528924871331e-01,6.546844022468202295e-01,-2.556338648458164609e-02,3.696819587505406624e-01,4.837022035592818403e-01,5.658827352761097718e-01,6.851696397213016820e-02,3.172851649859054768e-01,-2.158589248731958565e-01,-4.181397655768420707e-02,4.117543190174757228e-01,5.424142516022529420e-02,-1.217476701947322881e-01,2.231579341018574414e-01,-9.303851712689210907e-02,-5.437360956775171283e-01,-5.332152213237146832e-01,8.850181111174780513e-02,7.110699760398636604e-01,-6.613074644867293628e-02,7.961382934261966582e-02,6.800142915588881509e-01,3.973767457052012064e-01,-2.745598348481402828e-01,1.674696942011679179e-01,7.040330483398216099e-01,5.753610168476358533e-02,-2.418243052613956445e-01,4.937587536542629163e-01,6.077638869133160648e-01,-2.270434007737754112e-01,-2.661677869837908994e-01,5.776806858454492932e-01,5.567823179714266324e-01,3.021097132628888793e-01,-1.638365213990969349e-01
5.815404425740635652e-01,7.444732155997106637e-02,-2.588913173559306280e-01,3.471008070700448700e-01,5.123672301083831426e-01,-1.125094918540578554e-01,-5.462147914960311518e-02,6.259981109535057708e-01,1.475990148976528693e-01,5.041496617444868322e-01,1.000000000000000000e+00,5.585859751626798264e-01,2.020550443523609907e-01,4.306879309333208061e-01,6.361699495217996159e-01,5.619843370620013490e-01,5.738306804782048465e-01,7.246473447447538963e-01,-2.273276109879900642e-01,7.619518890129424182e-01,2.545369772500942207e-01,-6.162447565044384401e-01,2.248147971477784945e-01,7.680861174746829168e-01,-2.664244292005064629e-01,-4.140088689179053372e-01,6.426991690840599958e-01,4.478435756007176360e-01,-4.761022329340351411e-01,2.727452891241742283e-01,-6.473588942193250206e-01,-2.448633037204638874e-01,-4.798238642479268345e-01,-5.091182341306959014e-01,-2.621139668329001138e-01,-4.666007865868073146e-01,7.666655103048333753e-02,9.386435164142116483e-02,-3.632278700127240523e-01,1.504623278687352260e-02,3.325595245582827486e-01,-1.731648886803392184e-01,-2.566978177729251076e-01,2.251884614022573727e-01,-8.894783505505790555e-02,1.592893299677889118e-01,3.383159550902412049e-01,1.307191222243282713e-01,-3.317215043969799493e-01,-8.919892766854752020e-02,-1.394217775860984165e-01,-2.884181098232964091e-01,-1.510976261643162122e-01,2.110444905531712600e-01,3.333665437229350048e-01,-1.677087421359202760e-02,2.727638960498402487e-01,1.924037379626181501e-02,-5.599960938128622362e-02,5.595898438651313311e-01,2.979626151063436423e-01,-1.642546690815279709e-01,1.156956130659164139e-01,3.945537756893949255e-01,9.716297183711115892e-02,-5.799558136898453897e-01,-9.050338317015778344e-02,4.149520250218655115e-01,-3.235024545114815742e-01,-5.373520287511819316e-01,2.491727214535343904e-01,1.819574848105612874e-01,-5.086675354141712013e-01,-4.125864751177540368e-01,2.470188488192441578e-01,5.639117801023451476e-02,-3.923193235529249812e-01,-4.655849395601985852e-01
3.435835738709182297e-02,-3.712729524284832383e-01,1.996582307376487952e-01,4.911759683460014680e-01,-1.464556728032909150e-01,-2.663549360037153479e-01,5.076273243930110590e-01,5.581399873234613729e-01,6.697721507399427843e-01,4.939502820537646222e-01,5.585859751626798264e-01,1.000000000000000000e+00,3.827074896643669066e-01,8.373215455655493855e-01,6.173602223276027923e-01,8.802978844180862072e-01,1.358100626910007935e-01,3.764839828330120430e-01,4.082222593329126736e-02,6.363111846106117575e-01,-3.521362636095710652e-01,-6.168060028355162316e-01,4.911037816808040968e-01,3.537954424616813198e-01,-7.194611375063983960e-01,-1.774173097446283542e-01,6.936206103911265464e-01,-1.328530833718143955e-01,-6.980242365929225645e-01,-6.083625289043337325e-02,-3.833781803936339161e-01,2.701097019174441005e-01,-1.182512018093101469e-01,-3.892984915888721975e-01,9.651644481902514616e-02,-3.501024024949374036e-01,-2.798244976194811384e-01,-1.212375779970794876e-01,-3.998738719684699072e-01,-5.633739285163470029e-02,8.162717744117617413e-02,-3.016300646620461157e-01,-3.054965099957919206e-01,1.003301171619658677e-01,6.761718887861803071e-03,-2.201542616542661590e-01,2.903131911055579356e-02,1.128334946525056531e-01,-2.382147527518755498e-03,2.938834272974799044e-01,1.465894872476203314e-01,-3.290182304129594254e-02,-5.096229411194443809e-02,3.068797421439207196e-01,1.652854257599249976e-01,-1.920407402230964733e-01,4.353133491053227250e-02,-1.526208527628774014e-01,2.173603307086079683e-01,2.925216483347740093e-01,3.373193692187784754e-01,3.066307158807358157e-01,4.677521065134210287e-01,6.117206659373131128e-01,-2.015016311458690257e-01,-4.794568869162248448e-01,4.331318788565092226e-01,3.575687274436190055e-01,-5.247514619576366668e-01,-1.251428812130629398e-01,6.148732210341109061e-01,5.578949017535574095e-02,-6.124450344590559592e-01,2.737617479127958144e-03,5.259547189361891695e-01,-7.748794897610179755e-02,-2.334856270904267228e-01,-6.380615398881532840e-01
-1.587670795481594677e-01,1.013519598660867632e-01,4.672952446182674358e-01,8.340745727481967131e-02,-1.943173665659522764e-01,3.121269779844464409e-01,5.546567784187975692e-01,4.322822285587911706e-01,6.008920610222775460e-01,8.496526556357771875e-01,2.020550443523609907e-01,3.827074896643669066e-01,1.000000000000000000e+00,7.364431761593711601e-01,-1.455157700235373275e-01,5.026464080348366226e-01,-3.455513853669696656e-01,4.211265449495049107e-01,5.941692861297270811e-01,4.206876705159981467e-01,-3.223185659905163924e-01,9.478827293007126287e-02,7.018408274653291645e-01,5.639702274476322136e-02,-3.292610561027363159e-01,4.857877732653997915e-01,5.453367526243695362e-01,-2.569167171456495646e-01,5.158444768912237577e-02,5.267997311198717725e-01,2.149426065536171881e-01,3.880562647166529988e-01,-2.922453356891647203e-01,2.755763172971173458e-01,-2.092127439989694138e-01,1.322150937061953024e-01,1.864988327390064426e-01,-6.986761087998452080e-01,-2.495584478995883648e-01,6.616118318666041054e-01,-1.217877106728168651e-01,-7.287299127614975669e-01,2.630407290804982479e-01,5.420399502984739604e-01,-1.376792276836150686e-01,3.139208934998024003e-01,3.119996645433892879e-01,6.082946835000789809e-01,2.960994932773839960e-01,4.400508592248269513e-01,-8.116211996558217456e-02,1.783618185318618932e-01,5.444064785347557667e-01,1.063134737315503259e-01,-3.201037768553893215e-01,9.981795958515721212e-02,-3.228263666066530924e-01,-6.220612455550516007e-01,-5.224527998075092494e-01,-1.308363221413026967e-01,6.440299949172014760e-01,3.793752590074523506e-02,1.128600811117468350e-01,6.697920379673933944e-01,3.821891401243162623e-01,-1.871766574438398778e-01,2.293852792052052114e-01,6.649009893444021158e-01,9.951840107939012581e-02,-1.424549865755776468e-01,4.990883229451570924e-01,5.890397485282397039e-01,-1.551060042316794174e-01,-1.772148256366547214e-01,5.712942296571879019e-01,5.233316849147419125e-01,4.708068039166614649e-01,-8.039133058501351722e-03
-8.694880465569410077e-02,-2.164527267834237267e-01,3.778190777616897700e-01,3.623146933934945912e-01,-2.314205700131960197e-01,-1.798082761773504498e-02,6.388647027411482604e-01,5.654654147072885051e-01,7.439030847737168051e-01,7.207109445495166744e-01,4.306879309333208061e-01,8.373215455655493855e-01,7.364431761593711601e-01,1.000000000000000000e+00,3.778835587106356697e-01,8.555481798799725590e-01,-7.452484687673474606e-02,4.277051229590828618e-01,2.907268913618567541e-01,6.062795149312942833e-01,-3.990082784132815141e-01,-3.760449354497142904e-01,6.451976006343983494e-01,2.495755596505309648e-01,-6.425816829216056680e-01,1.002438167472405051e-01,7.052389817714136422e-01,-2.220064354914453864e-01,-4.478927416337787348e-01,1.863395947175820466e-01,-1.297355575496776103e-01,3.629070135171094669e-01,-1.657975002226083072e-01,-7.832428041410924302e-02,7.561961706169730187e-03,-1.020792775614573211e-01,-1.074269837065171262e-01,-4.307300134736732899e-01,-3.166388250827533168e-01,2.872662390777328545e-01,-6.493262969661489636e-02,-5.248953722133709032e-01,-2.046906802588643881e-02,2.956054318609446230e-01,-8.465917398115950510e-02,-6.066283050217966509e-03,1.100956519764129810e-01,3.632278707338180701e-01,1.924611999640417903e-01,4.109244493725802694e-01,6.077794445174023591e-02,8.606531994613376979e-02,2.113274061309858287e-01,2.407891529176574008e-01,-6.680337509924971773e-02,-1.144823105331836954e-01,-1.594237385634538762e-01,-3.731314926635028728e-01,-7.731030114968361067e-02,1.204247471679992521e-01,4.740878816183546896e-01,2.358832557221550441e-01,3.434990646005477988e-01,7.548061577631181018e-01,-3.235902860654728264e-02,-4.464306141971116082e-01,4.482314766457924371e-01,5.569368427117893372e-01,-3.666474961563368495e-01,-1.431657767579772866e-01,7.039026503661590661e-01,3.020539587640069246e-01,-5.410486328792459831e-01,-5.094259021524925879e-02,6.751264961025896794e-01,1.639235160740013242e-01,6.383034260994903397e-02,-4.347243575185940068e-01
3.582636049739232331e-01,-2.721232284261220769e-01,-3.752420343510080025e-01,3.538990449688714790e-01,2.583510089305729451e-01,-4.231921819175719635e-01,-9.176881259284958015e-02,3.312472121556896409e-01,7.515520122979441053e-02,4.695485375872150008e-02,6.361699495217996159e-01,6.173602223276027923e-01,-1.455157700235373275e-01,3.778835587106356697e-01,1.000000000000000000e+00,5.857276767544488116e-01,7.195101331963230651e-01,3.395290326036786710e-01,-6.185049627996281885e-01,5.185214349575725246e-01,1.865927902322355725e-01,-8.564942335286538366e-01,-1.303847108814241984e-01,6.442170145658273617e-01,-3.538117586453722874e-01,-7.588671900392219838e-01,3.892398789673787163e-01,3.894819727602866766e-01,-7.293561927086444907e-01,-2.556076896808575638e-01,-7.110893059740658328e-01,-2.343980255968809989e-01,-4.422742020376763117e-02,-6.433822424288181407e-01,1.882509028208887436e-01,-4.487815512569700571e-01,-3.475490380868687668e-01,3.841421638367490954e-01,-1.917842923283122059e-01,-4.766393606676831984e-01,1.780358887406872648e-01,2.303510087097571379e-01,-4.449755069421889031e-01,-2.555607353125258219e-01,-4.678829497959419853e-02,-3.209850374067006462e-01,-1.107643954232403194e-01,-2.562867069563037892e-01,-2.910742869953154566e-01,-9.527438663411776087e-02,1.425502850543317046e-01,-2.390582274182636302e-01,-5.239235165840421260e-01,3.295500295131343904e-01,4.816815232562261517e-01,-3.541961069222022140e-01,2.909673021344484911e-01,3.868120781716289369e-01,4.769627807778509254e-01,6.200550742233199575e-01,-1.379350638763774117e-01,4.925500689882550409e-02,3.573220618334782550e-01,2.765609828934798564e-01,-4.283458917686676637e-01,-7.191896822525213340e-01,1.187361008069889728e-01,9.767865513100833230e-02,-7.649714453045105556e-01,-3.768497113454370440e-01,3.290197604912729612e-01,-2.855127656505431766e-01,-7.755271793943717684e-01,-1.225864202655308488e-01,2.056613433757227827e-01,-4.461386717545153258e-01,-6.746261789259726527e-01,-6.198460410615983518e-01
4.876588001098660502e-02,-3.045436645844120660e-01,2.416589427868710560e-01,4.829841123218852061e-01,-1.266166443651284002e-01,-1.863640721746806506e-01,5.471889940361122084e-01,6.386421441512781794e-01,6.648551958426144326e-01,5.936538134828366342e-01,5.619843370620013490e-01,8.802978844180862072e-01,5.026464080348366226e-01,8.555481798799725590e-01,5.857276767544488116e-01,1.000000000000000000e+00,8.957159154593294370e-02,4.777773958666847731e-01,1.430334343060586100e-01,7.159346829447734706e-01,-3.773259095728626611e-01,-5.806668090870193977e-01,6.010274608882061331e-01,3.764897185168593063e-01,-7.406490097716557086e-01,-8.751625296352187611e-02,7.800728851989939816e-01,-1.511605089816797087e-01,-6.599682668587558698e-01,6.461392577930553938e-02,-3.250909651270035283e-01,3.280563951983959670e-01,-1.693254046322449358e-01,-3.009133710134840878e-01,5.470385241426094225e-02,-3.002658286863883474e-01,-2.312313135297419664e-01,-2.743192927375406320e-01,-4.427966242021726950e-01,8.588461635505735547e-02,4.160050244588874013e-02,-4.559232493251895169e-01,-2.524178015768483996e-01,2.060918791362034708e-01,-9.078316609909756196e-02,-1.371834136592824105e-01,9.734873259455921468e-02,2.810898106445873790e-01,7.703192502693605170e-02,3.890037052262976802e-01,1.706981226058973122e-01,3.621538549249288946e-02,8.491635644308505315e-02,3.554431289453934273e-01,8.502871321214795775e-02,-2.014023151536457890e-01,-4.527721824983588217e-02,-3.012895166080699627e-01,6.538090084390529855e-02,2.639719898166499323e-01,4.758824913320042205e-01,2.859942184068191562e-01,4.792058141435240337e-01,7.410862156422377556e-01,-9.118334989072970909e-02,-5.362220257609138230e-01,4.227050822612822278e-01,5.209717113247962494e-01,-4.810988922101288034e-01,-2.175252045911384990e-01,6.780028426102298056e-01,1.987860124005492723e-01,-6.465165891778772433e-01,-8.602306513003030175e-02,6.302696381448156249e-01,2.426917246052393354e-02,-1.426044352809954785e-01,-5.829239872715381576e-01
6.172800666570973371e-01,5.239791985848332723e-02,-7.151260476290000057e-01,1.024466064839314877e-01,6.524704192685916171e-01,-2.748352155250198825e-01,-5.697592387055947505e-01,1.291547328202251599e-01,-3.426378135523970303e-01,-1.241229019809760858e-01,5.738306804782048465e-01,1.358100626910007935e-01,-3.455513853669696656e-01,-7.452484687673474606e-02,7.195101331963230651e-01,8.957159154593294370e-02,1.000000000000000000e+00,4.315931641932406193e-01,-8.103896925185151145e-01,3.779871015003489765e-01,7.262704344517260102e-01,-6.207779492360011586e-01,-4.777804473624122084e-01,8.101876092284193698e-01,2.101254651451807398e-01,-8.400064496747583487e-01,1.272224762383398489e-01,8.401801683315105462e-01,-3.462965732572326760e-01,-3.866429069573143473e-02,-7.573195369076164418e-01,-6.732867087245940629e-01,-2.826187161874978981e-01,-6.584041627945477204e-01,-1.117164944114290570e-01,-4.895552204720023393e-01,-2.458058846451686291e-02,6.105127505305920632e-01,-1.340260227862644093e-01,-4.371006555552023332e-01,4.008268680911034609e-01,3.894929827406962697e-01,-3.945303524325059485e-01,-1.566231976861128528e-01,6.817981646499197967e-02,-2.563009905407569178e-02,1.128464873535713342e-01,-3.320731156558199282e-01,-5.305099470146764640e-01,-4.370304208234335741e-01,-1.546072512343169558e-01,-4.846925616505320389e-01,-6.444987431827818858e-01,1.204433595554275371e-01,6.046298706044022087e-01,-1.149745108866684490e-01,5.047265130945304268e-01,5.724547521711227382e-01,2.224793226145507785e-01,7.350391616502950365e-01,-2.775614048173307702e-01,-4.135507349580804237e-01,2.919484050641176290e-02,-9.495068384519574078e-02,-1.454834559609689271e-01,-6.090178424286498693e-01,-3.966410055937844570e-01,-8.641449361817370167e-04,-4.253778263849807839e-01,-5.949853181312328987e-01,-1.549818961506249371e-01,-2.196003817213603160e-01,-4.765480899956435756e-01,-3.928181802022405744e-01,-1.793052983128534394e-01,-3.082330925152252377e-01,-6.788898304520865068e-01,-3.292150873914366782e-01
4.738152648062875505e-01,3.196440464857376318e-01,-3.148324716729806322e-02,1.841854289256218968e-01,4.714425468536990738e-01,2.051603022449142999e-01,1.100712935956749683e-01,6.482009869483145170e-01,3.434966963942965856e-01,6.595265527607643286e-01,7.246473447447538963e-01,3.764839828330120430e-01,4.211265449495049107e-01,4.277051229590828618e-01,3.395290326036786710e-01,4.777773958666847731e-01,4.315931641932406193e-01,1.000000000000000000e+00,1.081759040647939235e-01,8.703910703810253668e-01,3.427473214614364938e-01,-3.241256621469385535e-01,4.588879399125063707e-01,8.136037565292857376e-01,-1.033803475746253309e-01,-8.729086054314245946e-02,7.741098256592278126e-01,4.965258683017720887e-01,-1.773202116683574026e-01,6.589124816367043502e-01,-5.541615423455156231e-01,-3.312220422071679993e-01,-8.110040491721236533e-01,-4.404977855071442461e-01,-6.251377080514052276e-01,-5.531075789492345685e-01,3.828889198997997290e-01,-1.605801813724107643e-02,-5.892764229209315197e-01,3.336118968022624975e-01,5.597216426970519354e-01,-4.570600990942965680e-01,-2.491786626436503227e-01,6.491045456895345733e-01,1.857248418719318339e-01,4.307640965879522277e-01,6.754445103519913784e-01,2.743913805218306523e-01,-4.382544833475884305e-01,-1.110757678278376653e-01,-3.896156089983585646e-01,-4.974793767879335804e-01,-6.497427941316367972e-02,2.588677602285006582e-02,3.934144679077748452e-01,3.431355869035839778e-01,4.212442858928676093e-01,-1.391063677321426328e-01,-4.477325588732000705e-01,5.622116731382814647e-01,5.266124234639942836e-01,-4.315601889420256354e-01,-3.667979904096992094e-02,4.189493154613325165e-01,4.232086279344035584e-01,-4.538074575488285078e-01,-2.275446926582044005e-01,5.898660953814356400e-01,1.061119603614814680e-02,-5.571562558740340565e-01,1.384535414647030116e-01,3.859796497269927795e-01,-2.457582880744380582e-01,-4.864477587081491583e-01,2.144932323154846443e-01,4.016099268343609752e-01,-8.248822349111949170e-02,-2.404521374643901754e-01
-3.787638994725238129e-01,1.454029215781205420e-01,7.109193432698711623e-01,-3.155885265498344777e-02,-4.040879804895525229e-01,4.179797674030930055e-01,6.481817157377902650e-01,2.409180110384673001e-01,5.522750912472150775e-01,5.232840480390258397e-01,-2.273276109879900642e-01,4.082222593329126736e-02,5.941692861297270811e-01,2.907268913618567541e-01,-6.185049627996281885e-01,1.430334343060586100e-01,-8.103896925185151145e-01,1.081759040647939235e-01,1.000000000000000000e+00,7.825984569588213813e-02,-5.792521211653671731e-01,5.556399378475778139e-01,8.050224396996578102e-01,-4.235962710687750099e-01,-2.512231697326824387e-01,9.221782850624286043e-01,3.089725242381307080e-01,-6.245528994810362056e-01,3.204289488216947590e-01,4.626125491551109636e-01,5.387511087068128646e-01,5.304021035929692429e-01,-2.116370425382559095e-01,4.732598925550567381e-01,-2.969542259506093296e-01,2.061131338822840275e-01,3.056014681343520167e-01,-6.722297643698698089e-01,-2.190647728422119300e-01,6.977684942046672445e-01,-8.561575481504085650e-02,-7.189049898726903587e-01,2.811798219373316532e-01,5.965176479756266748e-01,7.445404408418912490e-02,3.408178347191870849e-01,3.130339022192428766e-01,5.358402368755876832e-01,3.082447263393173209e-01,4.044978286667281209e-01,-7.807310755960196469e-02,2.332772061523828433e-01,6.625932899987611036e-01,-1.519654803187445724e-01,-4.323409881002534538e-01,3.494509825013214499e-01,-2.959604269363643181e-01,-7.262014136452364932e-01,-5.536703939898346416e-01,-4.746684574037420834e-01,6.371652275818295852e-01,1.540238606958447276e-01,-6.338690287654763500e-02,3.501221834874768124e-01,4.361310869346153862e-01,4.185445686778734853e-01,2.935442969561903870e-01,3.574599540459686420e-01,5.065596477316454127e-01,3.345338650986438012e-01,2.377271102094493660e-01,4.658480529465576225e-01,4.232162871138999694e-01,1.674676512396219008e-01,2.972668204948657467e-01,5.835676894958835570e-01,6.898401541500210898e-01,2.567118237430598970e-01
4.639950264601868657e-01,4.754455993993504659e-02,3.749507205670913473e-02,4.554366155600687027e-01,3.465909501625664690e-01,-4.308721738990096972e-02,2.648228958961644230e-01,7.245400101824773786e-01,5.087491010419085136e-01,6.417643192397527452e-01,7.619518890129424182e-01,6.363111846106117575e-01,4.206876705159981467e-01,6.062795149312942833e-01,5.185214349575725246e-01,7.159346829447734706e-01,3.779871015003489765e-01,8.703910703810253668e-01,7.825984569588213813e-02,1.000000000000000000e+00,2.418304027073809107e-02,-6.250465211408593458e-01,5.922256852244062175e-01,7.791329619901076198e-01,-5.074511274622232060e-01,-2.079016136330895936e-01,9.388032677730022701e-01,2.651310231464489853e-01,-5.446422751144878172e-01,4.012885524537844750e-01,-6.574302781275329632e-01,-1.004622196348556040e-01,-6.282231037644439020e-01,-5.992503506261087631e-01,-3.687055955355601489e-01,-6.659064447911597906e-01,7.646480397531785211e-02,-1.477512916509836523e-02,-6.876829866918724443e-01,1.056437800067867722e-01,4.820879700480532604e-01,-4.547264662728447981e-01,-4.593720642880347871e-01,4.555578013117040914e-01,9.292504756201983018e-02,1.717504492207899136e-01,4.595377669184640967e-01,2.221572091415563721e-01,-3.731978437969918350e-01,6.790658475659959448e-02,-9.995275516450759234e-02,-3.699697546108290935e-01,-7.911555384690595327e-02,2.889120369244566056e-01,4.416815950106725008e-01,1.055784826045161606e-01,3.722262512298394332e-01,-1.781858562423748737e-01,-1.654869778641412659e-01,5.443992724777009240e-01,5.546690079520996131e-01,-1.105708099483597578e-01,2.299983700356378613e-01,5.645548270682441139e-01,2.031891899778921762e-01,-5.304057735821700037e-01,1.775563886107640876e-02,5.601124713787920539e-01,-2.401892560871240478e-01,-4.714759713800248386e-01,3.296880588172639293e-01,2.312882834172758362e-01,-4.289849570166978654e-01,-3.390335818925661049e-01,3.120950555201624232e-01,1.845209415058314817e-01,-2.292908726479598591e-01,-4.504827798062259747e-01
