1.000000000000000000e+00,4.353016683471684356e-01,3.820982783857828080e-01,3.745623325107773072e-01,2.594137237636797710e-01,2.873453965616537542e-01,1.797381231724257122e-01,1.387619375171712799e-01,1.443811385148825177e-01,1.465886021936773920e-01,6.728914531842111746e-02,4.643583338522185022e-02,-9.224639791460020888e-02,-2.031297455512816041e-01,-1.974785951249762306e-01,-1.600463121046209469e-01,-1.956470944730186456e-01,-1.552848537836953313e-01,-1.135480306839310172e-01,-1.838548629139875878e-01,-1.490591020667505762e-01,-2.082060108530872367e-01,-1.585777124709359109e-01,-1.156411259944600950e-01,-2.399864917661605201e-01,-5.278075556286797310e-02,-1.861766486920531649e-01,-1.974474023217443197e-01,-1.203960754526272325e-01,-1.873963509548776940e-01,-9.210490757054708155e-02,-5.089102976050321331e-02,8.533618571653928120e-02,8.864385046666807544e-02,1.060736801295139760e-02,3.890932297237871540e-02,1.012752650872909277e-01,1.454269379151604813e-01,1.152150921819339868e-01,8.670040465655141915e-02,1.963015495958339574e-01,9.073555167046978842e-02,1.405821319427723592e-01,3.345980579603650279e-02,5.376656838140943251e-02,5.294822190088076946e-02,8.612617480284145977e-02,2.878324311330516388e-02,6.334398467920535070e-02,3.722228503424713369e-02,-1.152113309452093837e-01,1.704559528052882605e-02,-1.421026484261617706e-01,-1.466667586765794951e-02,1.504557856418980433e-01,-4.018732481682225910e-02,8.982239706571910898e-02,-3.736429790361647102e-02,1.006686319976458494e-01,-4.223503925544391108e-02,-2.403357412840043464e-02,-1.824099994867171004e-01,-2.247507189661932803e-01,-1.700226580963094536e-01,-1.746890527031003948e-01,-8.154689102814142998e-02,9.609930454029906588e-03,-3.463024818222387030e-02,-1.351240225681417939e-01,-1.651351560936116514e-02,-4.505093769284767430e-02
4.353016683471684356e-01,1.000000000000000000e+00,3.201917318518330835e-01,2.474402514608735615e-01,3.272976118332091566e-01,1.685919152416598121e-01,1.277113921298913546e-01,1.132620331491015486e-01,2.487032032811522034e-02,8.617837978185691195e-02,-2.988785207932073001e-02,-4.580165759932804809e-02,-1.774721403638416795e-01,-1.892374537552084512e-01,-2.092233957218511131e-01,-1.551796973964288950e-01,-2.016617909139691023e-01,-1.922807225692582667e-01,-1.417786840827182926e-01,-1.502453724847386263e-01,-2.328810461116438690e-01,-9.249256451354857800e-02,-1.979169949365448544e-01,-3.564809375659333535e-02,-1.607933947143905529e-01,5.801671446986306040e-03,-1.071988733341043415e-01,-1.354982020886782434e-01,-5.053402939370303659e-02,-1.822370432628089565e-01,-2.863450217514655269e-02,-1.140936266631579210e-01,1.062253017410454553e-01,1.585424691419057980e-02,-3.669132807615625713e-02,7.875170240620008033e-02,-1.976168916554575661e-02,1.060864079165706741e-01,-1.637220932339466042e-03,1.886909731054494527e-02,1.469216320352018379e-01,-5.280632917295317343e-03,1.555240665704494540e-01,8.796517925501248780e-02,1.043679281219105914e-01,9.834212147485887900e-02,1.755854507291152999e-01,1.052426507415692158e-01,1.578367246405484037e-01,2.235341580941678785e-01,9.234449433675149003e-04,1.924366161639390616e-01,-9.148777477221698221e-03,7.031605724714562466e-02,5.617919413503032894e-02,-1.389897565794197265e-01,-1.398801783518500638e-02,-1.725128155794121709e-01,-2.406155862679302745e-02,-1.396680528577133318e-01,-7.254680224378483311e-02,-1.597741942997573938e-01,-2.221063922205821217e-01,-1.272695837766854299e-01,-1.404030689837034718e-01,-9.658294639065526099e-02,-1.056268718860731981e-01,-1.009742750305562126e-01,-1.290409884123424611e-01,-1.350143376681996743e-01,-9.745736643335592420e-02
3.820982783857828080e-01,3.201917318518330835e-01,1.000000000000000000e+00,3.636308651489230104e-01,4.879745826229139327e-01,4.857142465755394656e-01,2.125758890869335060e-01,2.076335375415592488e-01,1.709011824710570115e-01,1.599413279549020128e-01,1.044578991300568749e-01,1.556574972896661128e-02,-1.781397572654574990e-01,-2.953171199362319421e-01,-2.862006471000317909e-01,-2.240184963645743543e-01,-2.736287573998207323e-01,-2.471496274642497326e-01,-1.390262836808986713e-01,-2.509019708913288182e-01,-2.244483260874827746e-01,-2.171864525558884484e-01,-3.250189714095945148e-01,-1.283693081708205674e-01,-2.475428879257840775e-01,-2.141389150337476635e-02,-2.560033439424728718e-01,-1.685730819915103595e-01,-1.360502199455861927e-01,-3.192214279886501638e-01,-1.262744922980444384e-01,-2.066171987936230858e-01,2.498943871087290491e-02,6.386498329534873175e-02,-9.555786988559046569e-02,-1.441601869621767472e-02,9.147315587683470250e-02,2.228700527329176284e-01,1.606683946560613641e-01,2.821838310195417393e-02,2.716582082598652526e-01,4.721038631227892496e-02,1.284904660257353559e-01,2.809338349706968357e-02,1.119757246408798340e-01,1.280464786601201999e-01,1.556644536633982334e-01,1.341001812006686889e-01,1.722554746256474145e-01,1.260423163993380224e-01,-8.864979890823838568e-03,1.345009028037311982e-01,2.905836768414445104e-02,1.593934015877937205e-01,1.826413375282309459e-01,1.882717368078153444e-02,-1.527261415190284653e-02,-1.507376235755590044e-01,-5.058497043559013334e-02,-1.110209042347531788e-01,-2.069813463831070843e-01,-3.019976234502699808e-01,-2.839877638185145936e-01,-1.254467619754542074e-01,-2.682968953043171623e-01,-1.869830005268565132e-01,-7.106582528933189091e-02,1.437948185434635403e-03,-2.086780638501504193e-01,-7.459518023142025500e-02,6.669011552709491102e-04
3.745623325107773072e-01,2.474402514608735615e-01,3.636308651489230104e-01,1.000000000000000000e+00,3.625974863837434503e-01,4.002375979377184034e-01,4.002135097112234363e-01,2.415497833426726026e-01,2.648417974494919336e-01,2.391265873249464047e-01,7.753816021217321830e-02,4.054757442508068882e-02,-9.208595647767393866e-02,-2.830771025562828780e-01,-2.338820337989918619e-01,-1.895753565642610550e-01,-2.481592365693243707e-01,-1.644373125418408799e-01,-1.555751833437056253e-01,-2.401302210205603915e-01,-6.220581281926235856e-02,-2.123404738193972463e-01,-1.953199532845521780e-01,-1.343254727973912099e-01,-2.430473022883340162e-01,-9.058577875368324650e-02,-1.993058730262521616e-01,-1.712644817281858411e-01,-1.106222615667577930e-01,-2.207402790729274533e-01,-9.945635691794660338e-02,-1.075017125217260922e-01,4.710320779140619862e-02,4.384454877552772245e-02,-6.214301163815020776e-03,9.235393335820397259e-03,1.144104913206363261e-01,1.792592849376344333e-01,1.543549602229525031e-01,8.988964006196512035e-02,2.292239019339096240e-01,1.374119880160950269e-01,1.348839204652611257e-01,5.903237030255371193e-02,7.432670124784451771e-02,1.581916240953368247e-02,3.732767377489683985e-02,5.008881305830773650e-02,1.387584905841917401e-03,5.952968918135267268e-02,-1.449380649921782060e-01,-9.679410038296829000e-02,-9.319084751193747185e-02,5.503002122560469306e-02,1.696715320111127634e-01,-3.515251015960551423e-02,1.245024801026133610e-01,-1.279477143685844691e-02,9.658338554824955069e-02,1.202775940628595351e-02,-3.324612679131218329e-02,-2.083038438036619866e-01,-2.298086698707475506e-01,-1.541281580977577059e-01,-1.995474998419614621e-01,-1.192311186481294916e-01,-1.299231469157659594e-02,-1.298509196723704115e-02,-1.677261182312258236e-01,-4.836663611852490968e-02,-4.642179320339114706e-02
2.594137237636797710e-01,3.272976118332091566e-01,4.879745826229139327e-01,3.625974863837434503e-01,1.000000000000000000e+00,3.686424689540117594e-01,3.581259961922690915e-01,2.827239250568698847e-01,1.774136130865638372e-01,2.042389510728374602e-01,9.690211272494379802e-02,-6.909333750088962611e-02,-2.527846246442265188e-01,-3.257799217141981174e-01,-2.642176744603197958e-01,-2.533213022348236310e-01,-2.903166265815829150e-01,-2.341471824433699889e-01,-1.685962528235217528e-01,-2.733108136589905146e-01,-1.778180434736473248e-01,-1.778180840717469291e-01,-2.462464775722532639e-01,-7.308392826848408852e-02,-2.156157786024230083e-01,9.598455671071197404e-03,-1.974353807700022223e-01,-1.545539110911509084e-01,-7.672063982170494734e-02,-2.579933454566328832e-01,-8.999571564844138782e-02,-1.863658370701533340e-01,3.052652350508443593e-02,3.871131942877695936e-02,-8.313329475834357885e-02,-3.147238859792040461e-02,6.472102505950777518e-02,1.993842056098314719e-01,1.163400428597522046e-01,3.494256540503137137e-02,2.335022130973146148e-01,4.604867828371424221e-02,1.730699502096478826e-01,7.475792994869370767e-02,1.534331096754210921e-01,1.208843294983567296e-01,1.767969349719327177e-01,1.351208300859266243e-01,1.459130032219186912e-01,1.587032846251542062e-01,-6.467434392615985239e-02,1.143990839724466357e-01,-2.322693861044974190e-02,2.951568286448318784e-02,6.183086029293780733e-02,-1.483604244082316059e-01,-2.943302635317108715e-02,-1.778734648298253285e-01,9.447295187653991823e-04,-1.242348451819963867e-01,-8.990559265862634042e-02,-2.101630412024058925e-01,-2.003882818187177894e-01,-6.520115450450783556e-02,-1.824703158667638769e-01,-1.538515130341872039e-01,-6.624416488626916344e-02,-1.112639813106531227e-02,-1.856372108001314025e-01,-9.953402790597420946e-02,-2.703825223518768056e-02
2.873453965616537542e-01,1.685919152416598121e-01,4.857142465755394656e-01,4.002375979377184034e-01,3.686424689540117594e-01,1.000000000000000000e+00,3.457472391647631871e-01,2.555026590380715112e-01,3.426720509840501805e-01,2.514692165790895495e-01,1.892890355625161392e-01,7.972309492057165492e-02,-1.595376517654714110e-01,-2.617714602681087133e-01,-2.549580889935274541e-01,-2.276901294561576583e-01,-2.448074659053204594e-01,-2.054992765048931358e-01,-1.082501438213813033e-01,-2.722314742248100328e-01,-1.552687584730693127e-01,-2.522479696704236773e-01,-2.623921436044496236e-01,-1.920574927055053172e-01,-2.767118377352847380e-01,-7.449971076916454826e-02,-2.197590385805068824e-01,-1.910722852354380663e-01,-1.651564541763226868e-01,-2.657138044407465483e-01,-1.075856508109129250e-01,-1.394151024812644579e-01,5.631390793569448355e-02,1.097789095209535659e-01,1.954350751997445748e-02,5.518065907050299403e-03,1.705501800858563455e-01,1.972917866126045749e-01,2.139001220024243644e-01,9.003363050255269728e-02,2.644644631101943366e-01,1.110538035218630731e-01,1.309588334497917284e-01,2.655743837598787196e-02,5.074994090767482452e-02,4.054191738306329312e-02,5.242947276890934372e-02,7.798818422511781534e-02,5.388865381335530141e-02,6.306059159521668067e-02,-5.431322476917838094e-02,-1.915356323481936032e-02,-3.541365747780021028e-02,9.687622242850370269e-02,2.240119511932665564e-01,6.439902784722323359e-02,4.008388424996507486e-03,-9.976636734572030818e-02,-3.788949270134391034e-02,-8.159314968333600260e-02,-1.325372302315938056e-01,-2.566419896160893055e-01,-2.640268365784990690e-01,-1.772432518824140490e-01,-2.577447013362893502e-01,-1.177054323805529490e-01,2.177227519756460422e-02,2.150815811087095075e-02,-1.617213478155778983e-01,2.873695763382281762e-03,-2.596792121934845404e-02
1.797381231724257122e-01,1.277113921298913546e-01,2.125758890869335060e-01,4.002135097112234363e-01,3.581259961922690915e-01,3.457472391647631871e-01,1.000000000000000000e+00,3.753220238277093501e-01,4.187451573638229507e-01,4.112328763615944460e-01,1.594646402739152147e-01,-3.309000467734064116e-02,-1.418870032649375279e-01,-2.805372530514902429e-01,-2.329486518014126650e-01,-1.772339376485360385e-01,-2.347425457365241719e-01,-1.253724003634924256e-01,-1.189783789955401877e-01,-2.887739106414630164e-01,-6.483672378672471204e-02,-2.034584481498235009e-01,-1.586682631979280667e-01,-1.722406143085365993e-01,-1.986908434147071356e-01,-1.028217590099828466e-01,-1.600503560258940416e-01,-1.118205076711532436e-01,-1.083393376530429192e-01,-1.721076501747114407e-01,-8.960116353765153197e-02,-9.666756811723743736e-02,5.855714818682605100e-02,7.215938775038301112e-02,3.939010419460153151e-02,2.692226698178382463e-02,1.279951637067787695e-01,1.673894018715807452e-01,1.546551277751049280e-01,1.327247529453223773e-01,2.073186992873362611e-01,1.753655561959851228e-01,1.658605099177069830e-01,7.074725313632425350e-02,8.192343191737466723e-02,4.812563002677996277e-02,-1.947084330839197368e-03,5.999589773860822262e-02,-2.760478541005258885e-02,5.219226146143484540e-02,-1.261009153561306051e-01,-9.269035155328901598e-02,-9.524798872420724150e-02,1.984630165085447470e-02,6.609464413973085983e-02,-8.211150792707902490e-02,4.057072584202403576e-02,-8.471196791137369786e-02,3.238592575789531885e-02,-1.807851109485886579e-02,-9.333299363950137151e-03,-1.525391063307380279e-01,-1.857314798293275282e-01,-1.236089286155314659e-01,-1.365613958199464462e-01,-1.017426297113634831e-01,-8.845682278734117278e-04,-2.579311318172516562e-02,-1.561705149625620126e-01,-5.341479744887740744e-02,-7.378848031245245631e-02
1.387619375171712799e-01,1.132620331491015486e-01,2.076335375415592488e-01,2.415497833426726026e-01,2.827239250568698847e-01,2.555026590380715112e-01,3.753220238277093501e-01,1.000000000000000000e+00,3.113612018111147073e-01,5.983640856875351854e-01,3.488882815063923393e-01,5.188242793573212552e-02,-1.691243857087527669e-01,-2.432234338824392494e-01,-2.301213566136811883e-01,-2.439886033873976956e-01,-1.867998871197755761e-01,-1.614611647808979755e-01,-1.617367359019722950e-01,-2.855613616677361577e-01,-8.100432118065456488e-02,-2.119192267589352363e-01,-1.905301939101806952e-01,-1.561307592251388043e-01,-2.121271245279636730e-01,-3.609947739868251543e-02,-1.432746071346134298e-01,-1.353226663177129752e-01,-1.048788593816460252e-01,-1.901290899735782192e-01,-2.946721399198417093e-02,-1.288974868183160316e-01,4.825626210850545578e-02,8.115063618512942389e-02,-8.419549953430041644e-03,-4.971538846848536086e-02,1.170756755830702767e-01,1.367399068895630287e-01,1.541446203930313674e-01,3.310636949131548490e-02,1.540411107408705405e-01,6.929782629737589461e-02,7.518182308193989416e-02,-1.369212075537931618e-04,2.090938155423108236e-02,-6.953237608556514515e-02,-3.356519838081942902e-02,1.527855500153391111e-02,-4.323585150184848513e-02,1.755752493564252323e-02,-6.386945558147191782e-02,-1.120703449240022936e-02,-3.027324551589024790e-02,1.255728782730782256e-01,2.031343495398366950e-01,9.208946734978570858e-02,3.009661361317210113e-02,2.150079104882184414e-02,-8.783103042918778344e-03,-3.880142075072717193e-03,-6.490325343440050965e-02,-1.604150211158780759e-01,-1.592492789643541462e-01,-1.162764836318285616e-01,-1.753583219759479728e-01,-1.135783677093954586e-01,3.060689238302501114e-02,5.617389315759398899e-02,-1.146774730525781244e-01,4.150562439570827981e-04,1.519372202918315568e-02
1.443811385148825177e-01,2.487032032811522034e-02,1.709011824710570115e-01,2.648417974494919336e-01,1.774136130865638372e-01,3.426720509840501805e-01,4.187451573638229507e-01,3.113612018111147073e-01,1.000000000000000000e+00,3.442241376066700331e-01,3.961512160840044983e-01,1.358561149798147571e-01,-2.761758435452086116e-02,-1.682998167929654898e-01,-2.055694702675628094e-01,-1.547539612772017015e-01,-1.438698209057361621e-01,-1.158490216776996151e-01,-9.915921919002779195e-02,-2.537901403788762056e-01,-5.364034667794458089e-02,-2.475510963525538455e-01,-1.092993607421966773e-01,-2.039282194875410847e-01,-1.897535816382035778e-01,-1.197885307341671202e-01,-1.156915636027264910e-01,-1.146262092716750086e-01,-1.181416934588682827e-01,-1.110739331147876513e-01,-5.163284050474957476e-02,-3.207386794287905157e-02,5.508134734767627244e-02,8.512336498452756361e-02,1.263259273550529083e-01,1.863174013030230447e-02,1.913236736629420065e-01,1.047077696862374757e-01,1.956845130191075532e-01,1.281674449996575704e-01,1.717136200846913208e-01,1.557380747066378635e-01,7.693444656896555878e-02,1.492637574631922384e-02,-5.081919046934704884e-04,-1.030725664112823042e-01,-1.096083570780848199e-01,-4.406118705688535225e-02,-1.281030364641349562e-01,-4.039255056858501863e-02,-1.014515550044578496e-01,-1.297890101284725206e-01,-1.460036455771815678e-01,1.259293802262049546e-02,8.206622286707142278e-02,2.822097562187326006e-02,4.693739769479751689e-02,6.273066397658781657e-02,2.362487738266726492e-02,5.245932020668386125e-02,-1.804820127795994308e-02,-9.849282319428301347e-02,-1.247454887384200212e-01,-1.420998934547413051e-01,-1.197769878460629850e-01,-2.279474034536796770e-02,1.155607654319948385e-01,3.987428081012853176e-02,-7.631945914479799919e-02,6.193303684999180991e-02,-2.704346224697531595e-02
1.465886021936773920e-01,8.617837978185691195e-02,1.599413279549020128e-01,2.391265873249464047e-01,2.042389510728374602e-01,2.514692165790895495e-01,4.112328763615944460e-01,5.983640856875351854e-01,3.442241376066700331e-01,1.000000000000000000e+00,3.195428374967941854e-01,1.673625921203294176e-01,-8.875624237817328344e-02,-2.167784869867196706e-01,-2.445976748404672108e-01,-2.056246994420101448e-01,-1.701122548248114041e-01,-1.563135331213197921e-01,-1.341110620529559760e-01,-2.758147257735045765e-01,-9.755007517340250067e-02,-2.199882487734270975e-01,-1.478178653725794323e-01,-1.750843900637334694e-01,-2.047583946680629208e-01,-5.997503751358445462e-02,-1.422791930116456272e-01,-1.576962488916344995e-01,-1.165898982979413773e-01,-1.761551600510500026e-01,-3.668203812786775125e-02,-7.648398000953002263e-02,5.923609053115965611e-02,7.921456384795032279e-02,2.198342914348243651e-02,-3.258571803946386236e-02,1.408598905761311026e-01,1.272600862415147471e-01,1.680723050923881023e-01,5.285382793403457791e-02,1.611662247921115398e-01,9.104715183626006791e-02,7.518484989500638649e-02,1.686690857747495447e-03,9.922489367841876365e-03,-6.573664421488695231e-02,-6.298520279541665323e-02,-2.348235614068757814e-03,-5.464873501823924035e-02,-3.293635676425852015e-03,-6.726452857225830029e-02,-8.259632676708704435e-02,-6.570626813629143470e-02,6.491700478270845398e-02,2.051616149912258713e-01,7.087992699012052311e-02,4.507525458957856168e-02,2.962357195393158088e-02,2.653197957181972419e-02,-4.715946452049777325e-03,-4.435513542584292035e-02,-1.533147145912658327e-01,-1.507047137880559162e-01,-1.164594926249828272e-01,-1.682082469459094398e-01,-7.693768082117051488e-02,5.040628166388012171e-02,6.510558467752187994e-02,-9.500127810895811487e-02,2.413570650445405127e-02,2.019321948531382221e-02
6.728914531842111746e-02,-2.988785207932073001e-02,1.044578991300568749e-01,7.753816021217321830e-02,9.690211272494379802e-02,1.892890355625161392e-01,1.594646402739152147e-01,3.488882815063923393e-01,3.961512160840044983e-01,3.195428374967941854e-01,1.000000000000000000e+00,3.126169531461736040e-01,-1.812860920041516402e-02,3.599639645447343800e-02,-1.400853059722018956e-01,-1.689821899983006137e-01,-6.273775317972200838e-02,-1.461259412330146445e-01,-1.625868866201190255e-01,-2.215790720347394216e-01,-8.840554707787276478e-02,-1.993544397784020872e-01,-1.291588241765789513e-01,-1.295577882848843176e-01,-2.021971055468421152e-01,-5.474658423153486164e-02,-1.358400216395048155e-01,-1.022401075926247377e-01,-7.402485323916642435e-02,-1.348133517880059640e-01,-4.094588888299605101e-02,-6.361481137175685474e-02,-3.271091124970507136e-02,8.747320344051949526e-02,5.814103565350149661e-02,-6.325413782780184291e-02,1.570700729180105060e-01,1.021910295668644608e-01,1.834395879186239420e-01,4.454517998667818085e-02,1.226528131927369369e-01,5.742275235612558787e-02,1.693387455312531445e-02,-4.962710980529468768e-02,7.823286565009005336e-03,-5.845581022159398316e-02,-5.649991512541270577e-02,1.281549530070398915e-02,-5.014015832202266265e-02,-6.142963359729189388e-02,-3.898178627042622746e-02,-4.205642933289752139e-02,-4.307407926408212545e-02,-2.835996557234375659e-02,9.872968634285526901e-02,4.922840661706448517e-02,-4.915558964298141764e-02,6.783250332326751231e-02,1.002469528350819795e-02,1.677101066585389572e-02,-4.062626892111505239e-02,-1.086567040428336461e-01,-6.529210470938434652e-02,-6.680264526946463888e-02,-1.152508125873176054e-01,-2.677556547253230612e-02,1.140210784693176382e-01,1.050535266672363022e-01,-5.865192181301068924e-02,7.761044301047806404e-02,5.388818379715806794e-02
4.643583338522185022e-02,-4.580165759932804809e-02,1.556574972896661128e-02,4.054757442508068882e-02,-6.909333750088962611e-02,7.972309492057165492e-02,-3.309000467734064116e-02,5.188242793573212552e-02,1.358561149798147571e-01,1.673625921203294176e-01,3.126169531461736040e-01,1.000000000000000000e+00,2.733382406526682629e-01,1.864191676052546209e-01,-6.797643504099876166e-02,-8.975264246977961158e-02,-7.089085047576981768e-02,-2.362574862030975553e-01,-1.458298826017441763e-01,-1.075738405696657352e-01,-5.094794342908967599e-02,-1.116961181147206328e-01,-4.651154567502239351e-02,-2.022377321934497318e-02,-1.112609731725206913e-01,3.781886000120471270e-02,-1.920523054959499126e-02,-1.134417920827782700e-01,-4.389054150262568232e-02,-5.338757123533720977e-02,2.002926340373284431e-02,2.718785888019350366e-02,-8.710324325478852395e-03,2.459771594032272163e-02,2.672190788996779004e-02,-5.845156544369206619e-02,5.692161453811699773e-02,-9.557459476116719754e-03,7.699123696993855070e-02,-1.214161851740423390e-02,7.916265393688188406e-03,-1.222473827104932423e-02,-6.387869683048290337e-02,-5.748582348003515585e-02,-3.737247280963849200e-02,-7.131209371500568661e-02,-5.433361888951410146e-02,-1.207144717768190122e-02,-4.072106681315823540e-02,-2.445037081718653624e-02,7.205680522623102158e-02,-8.953720507139642862e-03,6.413074450196702345e-03,-4.612442900537868512e-02,6.607952818445801679e-02,2.588487122644613642e-02,-7.587863915263890098e-03,9.673685404604064064e-02,5.039661305274078379e-02,-2.761286980033070704e-03,-5.309767089674195112e-02,-6.455183438573254551e-02,-3.259793626682062884e-04,-1.165801015951682673e-02,-6.668057181186562432e-02,3.515181001387966686e-02,9.588143725902752157e-02,7.972565254707869586e-02,3.218704796147425079e-02,1.182581715649884263e-01,7.658642376886107273e-02
-9.224639791460020888e-02,-1.774721403638416795e-01,-1.781397572654574990e-01,-9.208595647767393866e-02,-2.527846246442265188e-01,-1.595376517654714110e-01,-1.418870032649375279e-01,-1.691243857087527669e-01,-2.761758435452086116e-02,-8.875624237817328344e-02,-1.812860920041516402e-02,2.733382406526682629e-01,1.000000000000000000e+00,3.672925198458198426e-01,2.769702591982716178e-01,3.547625082587524958e-01,2.945855197286627036e-01,1.149665388601525534e-01,4.400008683628080924e-02,1.028972900486426478e-01,1.181807879018493962e-01,3.280312307153016027e-02,1.452116068594513365e-01,2.331407698151720387e-02,9.013409249551769531e-02,8.541995275353222138e-04,9.048215669839300423e-02,5.354978754005511321e-02,6.067872248646129923e-02,1.153514497444984160e-01,4.084868501125049622e-02,1.190045767416145622e-01,-2.546791765588985942e-02,-5.584278767663325427e-02,2.451692467533119271e-02,2.906533847586362934e-02,-5.115882501411746913e-02,-9.099635625255041160e-02,-6.853028106923010621e-02,7.954198272911548392e-03,-1.168666610052023214e-01,-3.990887538984400768e-02,-9.348171908542911301e-02,-5.349270684879572912e-02,-1.542233384636298166e-01,-1.086830639457252168e-01,-1.553590956541441859e-01,-1.611871767052903415e-01,-1.474398362610576940e-01,-1.479948373673583284e-01,-1.247020931910133509e-02,-1.087275879440929571e-01,-2.683913426616265502e-02,-5.799182798109854542e-02,-5.706766627811254988e-02,6.708874136733118665e-02,1.263402319935107432e-01,2.069724526466069081e-01,1.155774413311562443e-01,1.573862083006913604e-01,8.714227386861247981e-02,1.960400547468019727e-01,1.964321258541584236e-01,4.954022518317711260e-02,1.400455871588408285e-01,9.058519064278922062e-02,1.273885586391223373e-02,-1.838799088460658579e-02,6.219592635712489770e-02,-4.430665586552120323e-04,-1.640452238617621378e-02
-2.031297455512816041e-01,-1.892374537552084512e-01,-2.953171199362319421e-01,-2.830771025562828780e-01,-3.257799217141981174e-01,-2.617714602681087133e-01,-2.805372530514902429e-01,-2.432234338824392494e-01,-1.682998167929654898e-01,-2.167784869867196706e-01,3.599639645447343800e-02,1.864191676052546209e-01,3.672925198458198426e-01,1.000000000000000000e+00,4.019691984252973804e-01,2.556918106084846154e-01,4.820191714520553616e-01,1.547380862038407467e-01,9.632451536170232032e-02,2.041415197906384649e-01,7.781196016700686613e-02,8.784515581071312973e-02,1.533501957232123736e-01,6.694976015641368461e-02,1.588398912725920153e-01,5.354215740426630787e-02,1.457073258262544524e-01,1.181300505332701506e-01,8.140873201885655275e-02,1.535335440602851320e-01,8.739233301855900415e-02,8.970035483295360490e-02,-5.414176800979311754e-02,-6.127167633851641343e-02,1.918241434889133429e-02,-4.211341397572913869e-02,-8.092541168133869645e-02,-1.542692221282177256e-01,-1.020989557420650951e-01,-4.713847251793473747e-02,-1.900258008736370741e-01,-1.052109767951523861e-01,-1.627465542369825602e-01,-7.314359145659495021e-02,-1.025072030700472925e-01,-1.023061850764997310e-01,-1.445836803256945746e-01,-1.337261004088817207e-01,-1.154917430818239721e-01,-1.650051216811910249e-01,1.794761636961472381e-02,-5.000319702439041253e-02,-5.162671926320729944e-03,-9.455910253750481054e-02,-5.191138426396391808e-02,4.104222383270896002e-02,5.718479509688003531e-02,1.674440499773876823e-01,8.093409539421339560e-02,1.513236475523750957e-01,7.539036811141476557e-02,2.156586231619603278e-01,2.350450212374798620e-01,8.380497013926929695e-02,1.678409649202301790e-01,1.280504417511785509e-01,6.731534662887884990e-02,2.796439242259146293e-02,1.372384539309264573e-01,5.365659563171626401e-02,4.283286735016818975e-02
-1.974785951249762306e-01,-2.092233957218511131e-01,-2.862006471000317909e-01,-2.338820337989918619e-01,-2.642176744603197958e-01,-2.549580889935274541e-01,-2.329486518014126650e-01,-2.301213566136811883e-01,-2.055694702675628094e-01,-2.445976748404672108e-01,-1.400853059722018956e-01,-6.797643504099876166e-02,2.769702591982716178e-01,4.019691984252973804e-01,1.000000000000000000e+00,2.959672777746630290e-01,4.053254577147832882e-01,3.297181862730919066e-01,9.639158109289421017e-02,1.879402870551679650e-01,1.787078951204164601e-01,9.947264052279433666e-02,2.084854263213446190e-01,7.172767662804287181e-02,1.950407707146523395e-01,3.182524944983840254e-02,1.522790034015726046e-01,1.482851649895147172e-01,9.501054047453545703e-02,2.057887781580345354e-01,5.266117302272060180e-02,1.123975472931774550e-01,-4.092248689510712134e-02,-7.594286000193495312e-02,-1.446438217236114404e-02,-2.797384142785149658e-02,-9.818401497766536534e-02,-1.490425432692630836e-01,-1.370605004805264537e-01,-2.852933477119640876e-02,-2.009463626704935946e-01,-8.514499390830564118e-02,-1.480766244465785142e-01,-7.253431649150610117e-02,-1.560806762388917690e-01,-1.074595972947101075e-01,-1.916723192621215266e-01,-1.614091081705727182e-01,-1.573453926928437552e-01,-1.756930423348961323e-01,-6.162698094615483985e-02,-1.012772623071352129e-01,1.687368787926741935e-03,-6.615194371095244052e-02,-5.146387750506186548e-02,6.784709138655542482e-02,1.372960114159045009e-01,1.728830284237573289e-01,8.776603833909311925e-02,2.045458438052423500e-01,9.674985280847687996e-02,2.664693790297686382e-01,2.758785417822367525e-01,1.267182580247163404e-01,2.216449637285599628e-01,1.157813356744310795e-01,2.825753122961755306e-02,-3.602540127012388016e-03,1.267441394656634857e-01,2.284941324049475156e-02,2.006811229861499291e-02
-1.600463121046209469e-01,-1.551796973964288950e-01,-2.240184963645743543e-01,-1.895753565642610550e-01,-2.533213022348236310e-01,-2.276901294561576583e-01,-1.772339376485360385e-01,-2.439886033873976956e-01,-1.547539612772017015e-01,-2.056246994420101448e-01,-1.689821899983006137e-01,-8.975264246977961158e-02,3.547625082587524958e-01,2.556918106084846154e-01,2.959672777746630290e-01,1.000000000000000000e+00,3.138647893570939984e-01,3.201421045829812573e-01,2.075418840241753105e-01,1.840666948899416511e-01,1.712290631074464275e-01,1.284032214872981581e-01,1.702023002476157343e-01,2.576002208205542890e-02,1.748913701050403835e-01,-2.232131023793030439e-02,1.084714523072057013e-01,1.678442743151923044e-01,6.808634235565529103e-02,1.198427890191989947e-01,4.978233978089724975e-03,4.919495895156818233e-02,-4.619770839441421362e-02,-7.037704733474423047e-02,3.779616894642000638e-03,2.384364261376223024e-02,-5.514307519301221705e-02,-6.309332414472924866e-02,-6.671480984510266832e-02,1.730858166108167548e-02,-1.116943597560930146e-01,-2.947810256722105306e-03,-9.563734622726938195e-02,-2.652252315078348910e-02,-1.096475541067730014e-01,-6.288775714164837605e-02,-1.057932479889816951e-01,-1.210230387608023095e-01,-1.044954369629046559e-01,-4.080184578595118239e-02,1.321419533032748214e-02,-8.421209008599175871e-02,-4.121227041396576148e-03,-2.475626872628811960e-03,-8.078188439397250564e-02,5.926497661943902484e-02,6.667530173943858607e-02,1.139461253409863456e-01,-5.147847640856830810e-03,1.008486924453880496e-01,5.472985670518969864e-02,2.256123435359657647e-01,1.648240734254324547e-01,5.532699336976536209e-02,1.652804231850121541e-01,5.544627911725731606e-02,-2.134548487308533110e-02,-3.614821108779776859e-02,2.363148319749412002e-02,-5.881831262905016372e-02,-2.462606653402613435e-02
-1.956470944730186456e-01,-2.016617909139691023e-01,-2.736287573998207323e-01,-2.481592365693243707e-01,-2.903166265815829150e-01,-2.448074659053204594e-01,-2.347425457365241719e-01,-1.867998871197755761e-01,-1.438698209057361621e-01,-1.701122548248114041e-01,-6.273775317972200838e-02,-7.089085047576981768e-02,2.945855197286627036e-01,4.820191714520553616e-01,4.053254577147832882e-01,3.138647893570939984e-01,1.000000000000000000e+00,3.621478799705414309e-01,3.147688355330864329e-01,3.558401498913640881e-01,2.529819996576124774e-01,2.098360879522200573e-01,2.484687229308327749e-01,1.053801525915945281e-01,2.268978538215153662e-01,8.474395834723889853e-03,1.670981251522315747e-01,2.367864047863799393e-01,1.442684221117654375e-01,2.238987356557281261e-01,7.964388525449013490e-02,1.354222202805491493e-01,-7.761341315645202410e-02,-5.796277397317740887e-02,-8.586658827906479968e-03,-3.260626007362758122e-02,-1.056845164493122463e-01,-1.550788623137278333e-01,-1.358813059578639071e-01,-6.113441681666931249e-02,-2.111698609290006412e-01,-1.022165387060441494e-01,-1.750019493655707858e-01,-5.553765672241162132e-02,-1.332016810632676018e-01,-1.202584602048120954e-01,-1.567888728823361999e-01,-1.801761807780292435e-01,-1.945962742287438707e-01,-2.051032650975431193e-01,-7.216176147738860569e-02,-1.226174361502539861e-01,-4.198908009510677469e-02,-1.186034235781541490e-01,-9.224463494783292916e-02,7.899115394325287309e-02,9.873890389281335389e-02,2.062864848916488303e-01,8.698357408332389740e-02,1.919673466470797618e-01,1.646425968929532413e-01,2.963588529777922420e-01,2.795303304595065375e-01,1.585645577315491495e-01,2.597114854265472617e-01,8.928994454338036457e-02,-1.962397929836739302e-02,-1.704714020969108970e-02,1.362620436265201129e-01,-6.815286528895740832e-03,3.821566327686077430e-02
-1.552848537836953313e-01,-1.922807225692582667e-01,-2.471496274642497326e-01,-1.644373125418408799e-01,-2.341471824433699889e-01,-2.054992765048931358e-01,-1.253724003634924256e-01,-1.614611647808979755e-01,-1.158490216776996151e-01,-1.563135331213197921e-01,-1.461259412330146445e-01,-2.362574862030975553e-01,1.149665388601525534e-01,1.547380862038407467e-01,3.297181862730919066e-01,3.201421045829812573e-01,3.621478799705414309e-01,1.000000000000000000e+00,3.820304263548955359e-01,3.733638231212476066e-01,3.683591298311490458e-01,2.039046429756637413e-01,2.665334604616572678e-01,4.406501175341134835e-02,2.144414355207222844e-01,-5.014262660526695031e-02,1.136177999726009358e-01,2.469456810356699117e-01,1.060350831232091812e-01,1.783192544310705507e-01,7.773316685568595549e-03,8.977684383222254982e-02,-1.108893170628744984e-01,-7.655454433661060265e-02,-2.928293529073748135e-03,-7.265654078268110605e-02,-4.553269346031108694e-02,-6.870637129270865118e-02,-4.941999132406846296e-02,-1.569236887649529122e-02,-1.396881694250472206e-01,-2.138381332083037246e-03,-1.399702371129047662e-01,-5.925318517360304849e-02,-1.494705933489028082e-01,-8.155051839017032900e-02,-2.095794965077096561e-01,-1.540994948348260174e-01,-1.631829511184585413e-01,-1.844789887106348114e-01,-9.343996157309063244e-02,-1.583944146269107012e-01,-5.302923332490683955e-02,-3.428100159665078278e-02,-3.365554276282365503e-02,1.083343504350732511e-01,1.260706180020629286e-01,1.608149763018968670e-01,5.201577401627577313e-02,2.313459826223443483e-01,1.408726868876846450e-01,2.289246586323333554e-01,1.693061533209001546e-01,1.023607981645173470e-01,1.951675064691180683e-01,3.504774220762858078e-02,1.413546357546384760e-03,2.404667209883949025e-02,7.301866318623892460e-02,-5.303118242297196958e-03,5.786436910276127055e-02
-1.135480306839310172e-01,-1.417786840827182926e-01,-1.390262836808986713e-01,-1.555751833437056253e-01,-1.685962528235217528e-01,-1.082501438213813033e-01,-1.189783789955401877e-01,-1.617367359019722950e-01,-9.915921919002779195e-02,-1.341110620529559760e-01,-1.625868866201190255e-01,-1.458298826017441763e-01,4.400008683628080924e-02,9.632451536170232032e-02,9.639158109289421017e-02,2.075418840241753105e-01,3.147688355330864329e-01,3.820304263548955359e-01,1.000000000000000000e+00,3.153510354786275283e-01,3.561624887035879095e-01,2.521914847331103160e-01,1.697530324210028141e-01,7.269193833440280861e-02,2.368745327131609180e-01,-1.143726532925030091e-02,1.040819917116477811e-01,2.428514520794381737e-01,5.240359507817079349e-02,8.025880848601484041e-02,-1.293472520671672642e-02,2.535499332865738184e-02,-1.119389752255818410e-01,-7.343897605765999093e-02,-2.569664719736126923e-02,-4.950802025378907290e-02,-3.519668585221701756e-02,-3.620570268402645286e-02,-2.199716228898142625e-02,-2.964574161536020352e-02,-8.266222702889171325e-02,-6.747915386728531306e-03,-1.079939543886802439e-01,-2.889865263907919271e-02,-1.036325110529636995e-01,-3.906907882987165070e-02,-1.217640527883489115e-01,-5.780364558140395348e-02,-9.932753314234515907e-02,-1.088728110633858104e-01,1.232397520707596318e-02,-9.887937260652847338e-02,-5.062245539750188233e-02,1.757119942289706721e-02,-7.998752806230621792e-02,9.386381605981075626e-02,2.048301041221111188e-02,7.554870495557100551e-02,-5.766094109484980884e-02,1.492876570053869589e-01,4.823940162705667861e-02,1.533440623752060916e-01,1.662158378838848871e-01,1.533768155744776318e-01,1.507252749174748663e-01,-3.480711505689639690e-02,-3.309408647129313819e-02,-8.944265172670683162e-03,2.097968133761198353e-02,-2.014757882379624235e-02,4.583528124658492464e-02
-1.838548629139875878e-01,-1.502453724847386263e-01,-2.509019708913288182e-01,-2.401302210205603915e-01,-2.733108136589905146e-01,-2.722314742248100328e-01,-2.887739106414630164e-01,-2.855613616677361577e-01,-2.537901403788762056e-01,-2.758147257735045765e-01,-2.215790720347394216e-01,-1.075738405696657352e-01,1.028972900486426478e-01,2.041415197906384649e-01,1.879402870551679650e-01,1.840666948899416511e-01,3.558401498913640881e-01,3.733638231212476066e-01,3.153510354786275283e-01,1.000000000000000000e+00,3.063423655841324145e-01,4.620245320088242624e-01,3.963264250568104829e-01,2.727212683099606294e-01,3.357177035116692965e-01,8.581257638780298569e-02,2.485447643075134605e-01,3.098108739025633995e-01,2.315695258604055229e-01,2.610840890174786488e-01,1.369599808637574079e-01,1.373277578207886540e-01,-1.471185699368873501e-01,-1.481583487588280235e-01,-9.922731961237105103e-02,-1.252317428387399456e-01,-2.170225221703580010e-01,-2.076451644943766994e-01,-1.949732869360021326e-01,-1.605969539870736318e-01,-2.983453336767897257e-01,-1.613590366796360531e-01,-2.196279052560478062e-01,-5.436405045747212499e-03,-8.743201507844527987e-02,-4.689335962931559521e-02,-4.381931991791660624e-02,-7.072711814253421214e-02,-8.117230201487656005e-02,-8.152450634920567485e-02,-1.030152818879664922e-02,-1.236096937786726989e-02,-8.508284764313162746e-03,-1.451799944927341102e-01,-1.780534446831904538e-01,-6.405574702094232395e-03,3.685511386616105705e-03,1.124331967204720562e-01,1.433637478250244200e-02,8.568431244421767512e-02,1.682300785846249647e-01,2.842193988730357668e-01,3.080788112543910717e-01,3.111015893704982549e-01,3.250033950282519846e-01,5.263861650958901600e-02,-6.797946601494252172e-02,8.643197357815560200e-03,1.872428251075659855e-01,-1.363703508745415030e-02,1.472172923319010340e-01
-1.490591020667505762e-01,-2.328810461116438690e-01,-2.244483260874827746e-01,-6.220581281926235856e-02,-1.778180434736473248e-01,-1.552687584730693127e-01,-6.483672378672471204e-02,-8.100432118065456488e-02,-5.364034667794458089e-02,-9.755007517340250067e-02,-8.840554707787276478e-02,-5.094794342908967599e-02,1.181807879018493962e-01,7.781196016700686613e-02,1.787078951204164601e-01,1.712290631074464275e-01,2.529819996576124774e-01,3.683591298311490458e-01,3.561624887035879095e-01,3.063423655841324145e-01,1.000000000000000000e+00,2.905728627993817703e-01,3.695781166510870852e-01,2.356302870665742122e-01,2.646516998785520824e-01,1.082393247483792592e-01,1.987636392763546533e-01,2.630910717879663130e-01,2.211618755940003289e-01,2.182178869366065421e-01,1.277682553021455281e-01,1.295082576520967810e-01,-1.701881470893185921e-01,-2.198390205867624125e-01,-1.046592148478097256e-01,-1.798641085369931114e-01,-1.559522937991870972e-01,-1.744594333228186023e-01,-1.242164161321917260e-01,-1.872116695118188068e-01,-2.533215656197746468e-01,-1.139900136498610411e-01,-2.508549837554783779e-01,-1.233065144713440253e-01,-1.867551896750633544e-01,-1.329728555557915248e-01,-1.977675516078449824e-01,-1.084518437531296342e-01,-1.962167546367695747e-01,-1.907344019882881714e-01,-6.969564121712078231e-02,-1.763418823434633187e-01,-4.236884049059022606e-02,-1.022903919816311874e-01,-8.170990935279140444e-02,7.211834651979348587e-02,1.374612160265447913e-01,2.371114606856702389e-01,1.412309107665287444e-01,3.053327904461228814e-01,2.402057040206822813e-01,2.626138384159973915e-01,2.967641013199914246e-01,2.499577126881895595e-01,2.639168617081310009e-01,6.897927853082749805e-02,-1.215490470951202141e-02,1.256440509914049652e-01,1.867943905592022724e-01,4.745132908356726464e-02,2.053361569878957849e-01
-2.082060108530872367e-01,-9.249256451354857800e-02,-2.171864525558884484e-01,-2.123404738193972463e-01,-1.778180840717469291e-01,-2.522479696704236773e-01,-2.034584481498235009e-01,-2.119192267589352363e-01,-2.475510963525538455e-01,-2.199882487734270975e-01,-1.993544397784020872e-01,-1.116961181147206328e-01,3.280312307153016027e-02,8.784515581071312973e-02,9.947264052279433666e-02,1.284032214872981581e-01,2.098360879522200573e-01,2.039046429756637413e-01,2.521914847331103160e-01,4.620245320088242624e-01,2.905728627993817703e-01,1.000000000000000000e+00,3.156003967505121022e-01,5.509192425743475452e-01,3.264571442244239008e-01,1.364428188052917990e-01,1.853304988416800692e-01,4.243561920695524958e-01,3.382353971978056539e-01,2.294616759572361275e-01,4.053031314863921736e-02,2.143522116283563123e-02,-2.451371850359027049e-01,-3.457297061598901822e-01,-2.235436455960740643e-01,-4.696039149700616949e-02,-3.798521799253654074e-01,-1.325532847043418283e-01,-3.340948718145593799e-01,-2.025850332798022346e-01,-2.765101790561907413e-01,-2.301668619195924026e-01,-7.803650769023805223e-02,1.293573717612296614e-01,2.921494131472947633e-02,3.359590539696918204e-02,1.120486433037006999e-02,7.304344709675594793e-02,5.314293840453756385e-03,8.784237921783978609e-02,4.751615958776046061e-02,3.475180967590762310e-02,1.849248121174944526e-01,-2.047530999902642465e-02,-2.485552961384087378e-01,-9.121690666337819997e-02,-3.875332262081836870e-02,-1.131124462139147975e-02,-1.032675925180181753e-01,7.133630281969088882e-02,2.227226770385304921e-01,3.065071735744454018e-01,2.364434566301223950e-01,4.245214188251327792e-01,3.903902563523762304e-01,-1.360118258134645208e-01,-3.508477575509353352e-01,-1.215029944172451165e-01,6.212768916152611176e-02,-2.856951089023128110e-01,8.551731885491839491e-02
