1.000000000000000000e+00,4.351822277233062253e-01,2.210476906890703197e-01,-1.012233968219365546e-03,6.219945257275896061e-02,4.257883275736179182e-03,-8.861652136114627626e-03,4.791214900891001272e-02,7.487387688119464049e-03,-4.114465101448321754e-02,-6.267017218440867551e-03,-1.817158667710911529e-02,-7.379324472136095450e-03,2.222310982088401019e-04,1.507078757344137987e-02,2.673758343596079404e-02,-2.483388755115402066e-02,-2.162481884926136314e-02,5.907190573364734694e-03,-2.808930387695009884e-02,-2.050782951823721528e-02,-3.658153219268460432e-02,-3.508161789774747429e-03,8.514482777841786074e-03,1.964911738755274750e-02,3.559037310163131601e-02,-4.559882824478792875e-03,1.779738839129615946e-02,1.004317140074282612e-02,-3.325785900295699649e-02,-7.524291716649413216e-03,-2.777334153812019771e-02,-2.038235265716845102e-02,7.960051011964666343e-03,-2.245420642859238813e-02,-1.352839342427257160e-02,5.769979486086898764e-03,-3.093216179848743905e-02,-2.541437808951821711e-02,-2.592459544434152011e-02,-3.305677267084564802e-02,-1.744749504963875528e-02,-2.204681292515442426e-02,-2.913200655942108086e-02,-2.048211116091504594e-02,2.217798968912035773e-04,1.221655325880664777e-02,-3.465834057345713176e-02,-3.101564337654146193e-03,1.869914580727916747e-02,-3.329282625727839062e-02,6.454324431498099403e-03,2.597141229011871305e-02,-2.230298707556350232e-03,1.031324786226848512e-02,7.664757449892763141e-03,-1.460964992622412577e-02,-3.467885033899679309e-02,-1.757578399878938213e-02,-7.264298706949463141e-03,-2.920151365426233714e-02,1.699996565711912530e-02,4.274248489249262567e-02,4.478805278538509210e-02,4.912610183807953473e-02,4.269961537510836430e-02,6.223821594843201299e-02,-1.213215754182191131e-02,-4.288182638980766320e-02,2.137024315153941006e-02,-2.548283919392457103e-02
4.351822277233062253e-01,1.000000000000000000e+00,2.292648689661996309e-01,1.228647472632523469e-01,1.580445316893685226e-01,3.668327385337464414e-02,-1.239032055634590318e-02,2.584639176022283935e-02,-5.541260305561877125e-03,2.623720033100383612e-04,1.387623983269687701e-02,2.221651349845120763e-02,1.767539836770404618e-02,3.453853928139447027e-02,9.901887866433088312e-03,3.950749848348039661e-02,-1.037080327004069949e-02,-1.497543851827834623e-02,1.668976737603056551e-02,-3.582684410818781640e-02,-1.014386568161300059e-02,-2.425750503615967113e-02,7.089245832974416426e-05,-1.935596913024014223e-02,1.128294565041401644e-03,2.126684415066601788e-02,-9.393754539622817604e-03,4.189579991961274452e-02,-9.776394068663374348e-03,-1.910033681059250879e-02,-7.762168960405751300e-03,-2.565801049332820313e-02,-2.726151895198062128e-02,4.007081923322616292e-03,-3.107300076507427816e-02,-3.946571568581531096e-03,3.603371302344168803e-02,-6.963005077781090138e-03,-1.447447287082416663e-02,1.373926461756356382e-02,-1.103749245544971558e-02,-1.138457670423490865e-02,-2.094502631219651370e-02,-8.910932750535895466e-03,-3.349976170309295481e-02,-5.446752519579136677e-03,-2.405674248998935789e-04,-2.063830157065879925e-02,2.397139295492675855e-03,2.263161096490230381e-02,-5.271091659694350680e-03,-6.740824722080210156e-03,8.599781465553100329e-03,8.655803482283633277e-03,2.274230712526251544e-02,-1.914386624575888790e-02,-2.163164044475333544e-02,-1.681079453076668451e-02,-4.866930984920949700e-03,2.188740067805434227e-03,-1.811885360756351412e-02,1.654274647213001964e-02,1.867447841155650198e-02,7.623651665827595701e-03,1.098207864401725201e-02,2.889091330318831197e-02,3.748736740709876503e-02,2.059512181054053148e-03,-4.759972753813337953e-02,-4.000143602291785297e-03,-4.190366605824083664e-03
2.210476906890703197e-01,2.292648689661996309e-01,1.000000000000000000e+00,2.462096589523684875e-01,3.344328939662632311e-02,8.645030585699858827e-02,5.658183209149737769e-02,7.375594841902403942e-02,6.568187133925690313e-02,1.634567692942056477e-02,3.444458282340941840e-02,1.994845379829353338e-02,1.820037092533164161e-02,-1.631438281687506639e-02,-1.402337308470058899e-02,-1.327460679197474923e-02,-1.825372228444847519e-02,-3.437506387942079744e-02,3.182500503020807558e-02,-1.565272575860088972e-02,-2.018918765552012162e-02,-4.993363444863138656e-02,-9.013317149375772025e-03,1.109485649303725008e-02,-7.156733158732114450e-03,5.929301399368088615e-03,-2.063973654265515226e-02,-6.390931472952139127e-03,-1.769475936249257503e-02,-5.644730331954515151e-02,-1.490709052176993760e-02,-7.751931965452024849e-03,-2.164913454363115441e-02,-1.674914693390554266e-02,-3.671413995420722692e-02,2.130813515785255977e-02,-5.459545823993990771e-03,-5.576604897328212712e-02,4.753916107295946825e-03,4.772002053349541704e-04,-4.250056816495018097e-02,-3.200191660363860269e-02,6.516140139011581019e-03,-3.666367321328062312e-02,-4.801525976120960687e-02,-4.267732806769928525e-04,5.098863381770641495e-03,-4.374174372684726947e-02,-4.000214438432264652e-03,3.711301546835493043e-02,6.265515030980209864e-03,-2.200016017960577420e-03,2.776660271655734605e-02,-1.571037175378210389e-03,1.715051585731936293e-02,-2.003073475786387031e-02,-3.070222163058509632e-02,-1.152355552342354712e-02,-5.141353581371145218e-03,-2.578356522244780371e-03,7.261221327680492110e-03,3.617120433673261942e-02,3.100832526193805089e-02,3.582294519278746842e-02,3.112985381454033348e-02,2.293543567461488880e-02,5.079559362515539273e-02,8.938056609986939210e-03,-7.861852192465801012e-03,1.926534899800854544e-02,1.571914703378789885e-02
-1.012233968219365546e-03,1.228647472632523469e-01,2.462096589523684875e-01,1.000000000000000000e+00,3.790244739840507582e-01,2.390628561748281700e-01,1.807646646450481454e-01,1.346618631652742315e-01,1.186046417159692667e-01,4.158674385033357852e-03,7.078746157938732575e-02,3.819631390743915417e-02,3.882266588404041652e-02,1.623989580220206244e-02,2.289990916880029620e-02,3.351742976195721396e-02,-3.101495299594063393e-02,-1.166788105988801616e-02,-3.084394373283414967e-02,-4.056474402150655675e-03,-1.969066442006320219e-03,-2.499630540063656897e-02,1.102334890373572913e-02,-2.716578583450846539e-03,2.614766661395751327e-02,1.824484157896864508e-02,1.316437996345366963e-02,8.155422484575442985e-03,-4.633447615050971698e-03,-7.702358915826058514e-03,2.168832441157352714e-02,-7.910493965286102130e-03,9.060662644798373258e-03,1.714058535936217875e-02,-3.753722074666817482e-02,1.035734533632725815e-02,4.218235812094336956e-03,-2.073183902977785917e-02,1.889350701935078132e-03,-4.814513143664235945e-05,-1.312727919106511897e-02,-3.460396516078741158e-02,-1.748738774441496030e-02,-2.713304833660183310e-02,-2.071373791658582403e-02,-2.145614813919337685e-02,-2.461914881255398979e-02,-2.571316676394805670e-02,-2.913206536146569284e-02,2.796198441280013311e-02,-5.478547057740252961e-03,-4.778568785697894297e-03,3.639520464874900548e-03,-2.729068255442255314e-02,1.554421856083188294e-02,-3.461058912302260315e-02,-3.647201277122848629e-03,1.818229874420259143e-02,3.946364537335637912e-02,1.295841521573850089e-02,-1.522098923215010717e-02,2.668491965059930499e-02,-4.295929407605978897e-03,-2.121417235527668990e-02,-1.826816193210141232e-03,3.270779992444907552e-02,-6.099497069043403050e-05,-1.169499516505443509e-03,9.675361262222378087e-04,9.716149248979394706e-03,1.630313530638401176e-02
6.219945257275896061e-02,1.580445316893685226e-01,3.344328939662632311e-02,3.790244739840507582e-01,1.000000000000000000e+00,3.375923679251749965e-01,2.985307368230222802e-01,1.282116407351848730e-01,1.056239162434051554e-01,2.178047490908063821e-02,6.982125387702702024e-02,4.429511567806559275e-02,2.593057095431214668e-02,5.943573451154711418e-02,7.584431942379973868e-02,7.823508679789863141e-02,7.943402660843508836e-04,1.399636173866576107e-02,3.602585191632184242e-02,6.290112893044869438e-03,1.064765227034004252e-02,-1.692754794554719722e-02,-4.561466653869246206e-03,2.595167523063617379e-02,7.219267405741612575e-02,4.047432082512485152e-02,2.927036697772386273e-02,3.152777487001430512e-02,-6.241814626645337226e-03,-3.976619891401710939e-03,4.075966495881701984e-02,-9.477219455667295830e-03,-1.653655975943832878e-03,4.853545336728149612e-02,-2.791598283594324062e-02,-2.540099712824877773e-02,2.341504046888693777e-02,-4.344516025301616360e-03,-4.417716601477842536e-02,7.886875479114944338e-04,3.603990549811054295e-02,-5.423289955734467843e-02,-5.137465426440322031e-02,2.487729165463654652e-03,-3.326868126682240578e-02,-7.495789529811648644e-02,-5.466175466870227401e-02,-3.174445128531665152e-05,-3.983677722988239467e-02,-3.125584636927513510e-02,-3.041444708529808180e-02,-3.602313713875902185e-02,-4.456626414370853939e-02,-5.088100786318888735e-02,2.159313022552874703e-02,-2.685345088786541753e-02,-5.615354383590625761e-03,2.170927257849831690e-02,3.294724346749930421e-02,-7.348195971902817631e-04,3.043775155035143010e-03,2.772542573138344832e-02,3.067708662884057261e-03,3.058495630711180815e-02,2.568311588944278273e-02,3.291643333128466825e-02,4.605196082826627096e-02,-2.632923018001523136e-03,1.060325150473444104e-02,3.752316541389504739e-02,2.057499201395233956e-02
4.257883275736179182e-03,3.668327385337464414e-02,8.645030585699858827e-02,2.390628561748281700e-01,3.375923679251749965e-01,1.000000000000000000e+00,3.449705520715001805e-01,1.001663166324369275e-01,1.646047521618855258e-01,4.909014947790631828e-02,1.150705096565130398e-01,8.921570293949246389e-02,5.853708834179250503e-02,7.532955552227693641e-02,4.739539816527220395e-02,4.756999253816224932e-02,4.242208307071669571e-02,2.556024904496994807e-02,3.831660374887571607e-02,-4.215299272087626344e-03,-1.942013558721852884e-02,-2.672944395179008628e-02,5.928285459072812902e-03,1.771509641349406153e-02,5.021242890394304187e-02,2.718788818429658180e-02,9.623801852462959133e-03,-4.979481675750889284e-03,-6.081423951354009844e-02,-3.001151396686536910e-02,-7.243494515130515995e-03,-4.977096882171096887e-02,-3.157326974122013491e-02,-4.070622411050515976e-03,-3.210505002087565146e-02,-1.526948163431225518e-02,-2.476780183542820479e-02,-1.754668221640877032e-02,-9.845519007345992363e-03,-3.154282572217563529e-02,-1.442252947069321001e-02,-3.565662926885664399e-03,-2.044280517657450641e-03,-3.630601698317328235e-02,-2.150317077046961373e-02,-1.659099242516044737e-02,-8.776827902716929919e-03,-9.416869264419759980e-03,-1.761389236777029590e-02,4.306639784795908941e-03,-8.423412817391473864e-03,3.183552382616985921e-03,-2.795002099552722826e-03,-1.988568386501945659e-02,2.999078167424785654e-02,9.158381721067834075e-03,4.476298576644678270e-03,5.474923699892995585e-03,1.900634127663210736e-03,1.283011624297248830e-05,1.142861619554949408e-02,4.450656582200140238e-02,-5.123302637137383368e-03,3.820490522599109817e-02,1.494214276657433900e-02,2.736333489552104665e-03,4.216472489127848222e-02,1.542162036693071718e-02,-2.250917531869905605e-02,2.919880034397656296e-02,1.517520563551865397e-02
-8.861652136114627626e-03,-1.239032055634590318e-02,5.658183209149737769e-02,1.807646646450481454e-01,2.985307368230222802e-01,3.449705520715001805e-01,1.000000000000000000e+00,2.324447407134299370e-01,9.344061555929006335e-02,2.144870615149451626e-02,8.364934890529471256e-02,9.135103988946553788e-02,4.123116450949664696e-02,6.540524621046885090e-02,6.914530628902901266e-02,3.022929411637848354e-02,3.068862129379607007e-02,4.041690789843418313e-02,6.069120619747531142e-02,4.325436674594312220e-02,3.802335154465148748e-02,7.768239747609238105e-03,7.866025038228464938e-02,8.121183961645027372e-02,1.065228253941107178e-01,8.207810695302739101e-02,8.707087308657310287e-02,3.601503182301443728e-02,5.365218379762107768e-03,2.365564483931428819e-02,5.474529442821376296e-02,6.993579696088356645e-04,1.941267738962230288e-02,3.711540415690680467e-02,-3.743249251673975292e-02,-9.993162423504146560e-03,1.982846186036224187e-02,-4.959189660905525404e-02,-4.850260612393370724e-02,-1.225040980243030653e-02,9.601122302128697189e-03,-5.709550558381810970e-02,-3.809208259143832820e-02,-2.123384661028146839e-02,-3.932001281529248077e-02,-3.987055111235247168e-02,-1.939883846518556179e-02,-1.719112680206272628e-02,-3.012653043965963715e-02,-1.748279087770961138e-02,9.438370356717563437e-04,-4.644591666239036160e-02,-4.690955729705258148e-02,-3.940599076132234729e-02,-2.355785803763905961e-04,6.377385027344961536e-03,1.584230971704401352e-04,-2.023458131061721746e-02,2.260609843320479304e-02,1.733995333093557231e-02,1.065090442118757537e-02,4.147237181617349430e-03,-2.295204759521675408e-02,1.147105840573788352e-02,-2.780117251767993958e-02,1.117905167876837372e-02,2.317774416689510897e-02,3.724842637523338718e-03,1.159330719386882438e-02,4.835299613007555675e-02,4.211849015803639101e-02
4.791214900891001272e-02,2.584639176022283935e-02,7.375594841902403942e-02,1.346618631652742315e-01,1.282116407351848730e-01,1.001663166324369275e-01,2.324447407134299370e-01,1.000000000000000000e+00,3.346791422922288928e-01,2.179216295229797762e-01,2.180674347289014159e-01,9.169271369728623777e-02,6.757035795652746590e-02,9.743681764130504575e-02,7.198830639545258925e-02,2.925350395560867567e-02,-3.468552786004758942e-02,1.802507651016498763e-02,6.077492279498040301e-02,3.612786140950645375e-02,6.418232873681047057e-02,3.594141866905893503e-05,3.127131962974052243e-02,4.857402414061336160e-02,4.490771353652155129e-02,4.802661803358988096e-02,8.245581835042174387e-03,2.662312691685528657e-02,3.591097608880779472e-04,-7.124876535376577745e-03,-9.039302167924895270e-03,-2.817349585532693754e-02,-1.698260496554030233e-02,-2.390647292232050275e-02,-6.402074818885820917e-02,-4.616658763292318807e-02,-9.732190628785667569e-03,-3.998809312501071245e-02,-9.842161375114651112e-02,-6.364483697781736504e-02,3.776991164118496253e-02,-1.353721286528350269e-02,-5.013318542436175779e-02,-9.195855656955017471e-03,-1.483058515548404954e-03,-5.065809947771797439e-02,-5.885982421706836137e-02,-2.115715401936172843e-02,-1.433891298537108908e-02,-9.556285152540283656e-03,-2.047980488027665788e-02,2.093898335705571268e-02,-1.014133193913097086e-02,8.799519551787012353e-04,9.869781251871931338e-02,2.226859204644156265e-02,2.826760542016021685e-02,-1.692274843256671990e-02,1.817497631334250366e-02,2.210261322517355007e-02,2.443508996309575951e-02,3.889741547009354511e-02,4.136941973628437304e-03,1.123148108071613492e-02,-1.533052636706731114e-02,1.406583012309598792e-02,3.382605126243148908e-02,5.620953790409183998e-03,-1.526270847724971527e-02,1.477330910039347141e-02,1.248390470994319677e-02
7.487387688119464049e-03,-5.541260305561877125e-03,6.568187133925690313e-02,1.186046417159692667e-01,1.056239162434051554e-01,1.646047521618855258e-01,9.344061555929006335e-02,3.346791422922288928e-01,1.000000000000000000e+00,3.360221936246250429e-01,5.576380315226467932e-01,1.435856115479990924e-01,1.423736260730616432e-01,1.409663511725207097e-01,9.067723438200613051e-02,4.533293060094697319e-02,3.752929568212844819e-02,6.551495043762350923e-02,1.842319493670180330e-02,3.165263620323897908e-03,3.530732610938963623e-02,7.620030330507383820e-02,7.271753989732196444e-02,6.205616233618183042e-02,3.713398931375530565e-02,3.422025727397261241e-02,4.725359398333831007e-02,3.240016148152047304e-02,2.648215878900995329e-02,-1.998338287572603428e-02,1.269018614613212463e-02,-1.137330042382949519e-02,4.152271229296936039e-02,-1.505748728947082539e-02,-5.288338425527665948e-02,-5.301695017736325795e-03,2.217320704292372741e-03,-9.138928707173132882e-02,-5.842248329409684138e-02,-9.088651231619955528e-03,4.274763897077457457e-03,-3.532302569993454183e-02,2.697025899052526640e-02,3.908096024764756704e-02,-4.943065025816379549e-02,-6.124028098676376902e-02,1.100274129127157795e-03,-1.962408308521018316e-02,-3.255982428349860763e-02,-1.943036050881673596e-02,-4.570670418448778000e-02,-3.066333752826062853e-02,-2.084848126927871942e-02,-4.470755089059767762e-02,6.738458880623984792e-02,2.557727709088994730e-02,-2.170764539496775059e-02,-1.885922131542408856e-02,8.574867750241986497e-03,-2.104089132354994632e-02,3.348740782219106898e-02,1.708882220934877100e-02,3.168473064761616331e-02,1.573072946331497204e-02,1.486884184991009439e-02,1.267242221409595193e-02,4.004234610913028070e-02,4.158759686357343943e-03,-3.517341517736060491e-02,8.729459095835223614e-03,-2.373786588955252921e-02
-4.114465101448321754e-02,2.623720033100383612e-04,1.634567692942056477e-02,4.158674385033357852e-03,2.178047490908063821e-02,4.909014947790631828e-02,2.144870615149451626e-02,2.179216295229797762e-01,3.360221936246250429e-01,1.000000000000000000e+00,3.563743647243786672e-01,2.071534416724760130e-01,1.079214300629462164e-01,1.398035694950503782e-01,1.415422254032467630e-01,5.670168942044537946e-02,-8.412047918276988057e-03,1.039062269017525936e-01,5.183615539488391905e-02,3.422103109961614070e-02,3.725455861149931658e-03,6.346562690089201098e-02,6.048030968442547756e-02,3.658416379744922758e-02,-5.218565746728694166e-03,5.443695602072928796e-02,1.502369904536517663e-02,3.106310482140619417e-02,-4.629962323084622217e-02,-2.252849922996289292e-02,-3.758812266778468331e-02,-2.190635881749642203e-02,-5.075207443737120294e-02,-6.244044967689131587e-02,-5.387318180842835813e-02,-1.576281783135958722e-02,-2.911379659310584650e-02,-4.082546795185981042e-02,-2.490282770039088309e-02,-1.261375365326307223e-02,-1.274464172284775487e-02,5.046642750237253019e-03,1.631369957887929614e-02,1.716619205016274921e-02,-1.825713029550044345e-02,-6.009533404904029638e-03,-6.123766605724530535e-03,1.688877851838133451e-02,-2.006898835391061203e-02,-1.839924051297813987e-02,-8.622667830438322367e-04,3.256204143965323039e-02,-2.484783513079593525e-02,6.789021482516612721e-03,6.310808170702464359e-02,1.202020324908245966e-02,-1.271748318871169766e-03,-3.356221135423021612e-02,-3.012773599287207373e-03,2.799466079885423817e-03,2.320451247165782049e-02,2.388972237211971564e-02,4.309055820209791582e-02,4.937849293255031774e-02,2.409511620209208588e-02,-3.048485884219984121e-02,2.566709434295459669e-02,4.583040115820331654e-03,4.689869756975506739e-03,-1.209008900463662446e-02,1.340184821171238987e-02
-6.267017218440867551e-03,1.387623983269687701e-02,3.444458282340941840e-02,7.078746157938732575e-02,6.982125387702702024e-02,1.150705096565130398e-01,8.364934890529471256e-02,2.180674347289014159e-01,5.576380315226467932e-01,3.563743647243786672e-01,1.000000000000000000e+00,2.822772931998419610e-01,1.689918062097401086e-01,1.585040975608822955e-01,1.039186373046886158e-01,5.802964944510366485e-02,5.158517316379892387e-02,7.972793698316996136e-02,2.401987082596456977e-02,1.740123900173326868e-02,3.813047622898319000e-02,9.914000844821407865e-02,7.759222380483450643e-02,5.255915543819625335e-02,2.555221020353921207e-02,4.944888360757158929e-02,5.537114745604030525e-02,5.789234582855622147e-02,-2.152350447523490931e-02,-2.346913212670392879e-02,-1.091877923674956785e-02,-2.345264712018262782e-02,1.795632420649633659e-02,-6.404065588209796600e-02,-5.098218417119279589e-02,2.170017389918275919e-02,7.930965807534605047e-03,-6.178778435371666544e-02,-4.475310569243703962e-02,1.004333639914338841e-02,1.113948913197932399e-02,-3.629612232473410083e-02,8.200933581193921643e-03,4.032851471030484553e-02,-3.074117708405730773e-02,-7.069791749829888727e-02,1.580151051524331107e-02,-1.493507624814311742e-02,-4.812674666419795161e-02,-6.801269303430561471e-03,-4.885653245684821316e-02,-2.840792439560693716e-02,-1.115928673015857339e-02,-2.385670800979837122e-02,6.349330304885499043e-02,2.897581361082155957e-02,-3.159180388474099044e-02,6.804692573966292235e-03,-7.643595843229618499e-03,-4.596988208555830013e-02,5.029278334863242217e-02,1.664174405548435667e-02,1.819652088567204687e-02,2.808996747623562079e-02,3.186055693402137928e-02,1.302133911959327088e-02,5.806868455204218515e-02,4.566029370509606944e-02,7.342876703591261559e-03,7.829970473612773464e-04,1.496171598306300470e-02
-1.817158667710911529e-02,2.221651349845120763e-02,1.994845379829353338e-02,3.819631390743915417e-02,4.429511567806559275e-02,8.921570293949246389e-02,9.135103988946553788e-02,9.169271369728623777e-02,1.435856115479990924e-01,2.071534416724760130e-01,2.822772931998419610e-01,1.000000000000000000e+00,3.462420330853392958e-01,2.770089182899901359e-01,1.805651748207916241e-01,2.594342427223355826e-02,8.913490961539311322e-03,-1.707603334847751508e-02,3.161451577367446752e-02,-4.787957490356140045e-02,-1.623428468656216983e-02,-1.500631389105432957e-02,5.706840924112844410e-02,5.342376272634921652e-02,3.546688051687011106e-03,5.688430451123763221e-02,3.280905014900771521e-02,6.997960509290626629e-02,-4.059610722719331904e-02,2.657746081965991353e-02,1.809069042944248806e-02,-2.219511628349973148e-02,-2.798637482182688568e-02,5.748530776386987645e-03,-6.234836557034080518e-02,-7.276420143148623620e-02,-1.041624275358087916e-02,-2.594052734297831384e-02,-6.865115503739281644e-02,-3.344242466955835158e-02,3.962535899658896354e-02,-2.637590283801124688e-02,-7.193681719987997381e-02,-3.832228845384878096e-02,-4.058769047692486337e-02,-7.485283400049368152e-02,-6.961371648709524518e-02,-2.235926788511648569e-02,-1.477037194457827066e-02,-1.170038813470826444e-02,1.227422281198226398e-02,1.595591711820892877e-02,-2.494430399965908655e-03,2.075244586383959491e-02,4.205893043619971655e-02,6.504943594890906511e-03,2.043817313006726644e-02,2.145162024655470311e-03,1.103267597745150909e-02,1.871719348763044299e-02,6.389128128558684006e-02,3.782295747009997017e-02,7.236376456107042332e-02,4.818036604715768972e-02,3.545046208175056668e-02,2.264517916595143454e-02,6.992680283268112862e-02,5.648021605690414088e-02,3.042574158830670117e-02,4.675729907858679202e-02,4.845711166535975750e-02
-7.379324472136095450e-03,1.767539836770404618e-02,1.820037092533164161e-02,3.882266588404041652e-02,2.593057095431214668e-02,5.853708834179250503e-02,4.123116450949664696e-02,6.757035795652746590e-02,1.423736260730616432e-01,1.079214300629462164e-01,1.689918062097401086e-01,3.462420330853392958e-01,1.000000000000000000e+00,2.459184211629437400e-01,1.532304119598630054e-01,-1.030404601583901625e-01,-5.215048358904871006e-02,-3.699796574768891844e-02,-7.601686397463940092e-03,-7.001246293365277762e-02,5.183249567163153437e-02,2.496942105825495153e-02,-6.425440928265894851e-03,7.896357020173584707e-02,-2.195719674870935320e-02,4.917644793387113827e-02,1.345721121486652405e-02,3.865364701419626153e-02,-1.962904469530270951e-02,-1.651592727149515244e-02,3.070963076009941908e-02,1.061659735545722981e-02,-2.171612868059420720e-02,5.254904558920828368e-03,-6.565295434691569010e-02,-7.781443666401723080e-02,1.975079122261523545e-02,-1.040056074732868818e-02,-4.670771241551179703e-02,-2.262847909531276458e-02,4.179079615204778220e-02,-3.577948416672333855e-03,-2.330407099439168669e-02,-4.507876105694489689e-03,-2.001814650343494012e-02,-5.731764879405908120e-02,-1.281333193906329833e-02,-1.677580233174813182e-02,-2.376575374714009689e-02,1.551554985304693345e-02,-2.847223187375216152e-02,-1.399889145108499950e-03,1.366811928278647073e-02,-8.561308919654982488e-03,5.561188650066947042e-02,3.269459178528534571e-02,2.000045048658484828e-02,3.529176938035859246e-02,1.872630096145478642e-03,-5.232573030735752397e-03,4.212885482535426440e-02,1.849702809966932010e-02,3.007424305178231852e-02,4.036843537732972415e-02,1.255250275051226702e-02,-1.180744389734625192e-02,5.998157802050929632e-02,4.492070021004374025e-02,-1.129745429168585100e-02,1.832581302918314184e-02,-2.077177956960580153e-03
2.222310982088401019e-04,3.453853928139447027e-02,-1.631438281687506639e-02,1.623989580220206244e-02,5.943573451154711418e-02,7.532955552227693641e-02,6.540524621046885090e-02,9.743681764130504575e-02,1.409663511725207097e-01,1.398035694950503782e-01,1.585040975608822955e-01,2.770089182899901359e-01,2.459184211629437400e-01,1.000000000000000000e+00,4.606962869279293549e-01,3.382621343357070653e-01,2.049297000055853302e-01,-1.091528976971933287e-04,2.095686839703282955e-01,-1.758306232058462482e-02,3.521899755382762454e-02,2.844534953820971809e-02,3.088430285122416297e-02,2.892906830361571119e-02,6.232031065241114970e-02,3.353979696322421239e-02,3.862090301767257677e-02,7.193426469725519579e-02,-6.381629532425561746e-02,4.779904357863220404e-02,3.704076823060736129e-02,9.082870478834052103e-03,2.201098480141919916e-02,3.100623875806448812e-02,-8.218966923322234067e-03,-6.350009823704141909e-02,2.068997727837623354e-02,1.081453447645219952e-02,-4.084913096043663039e-02,-3.485483171501201766e-02,1.880362346927577644e-02,8.458970168530163466e-03,-5.307996878000198482e-02,3.944863690048002088e-03,-2.147753478664790258e-02,-3.723050812490544259e-02,-3.098017285868152199e-02,5.939609044624120232e-02,-1.612074576810454754e-02,-3.869552061293370787e-02,1.208511710996459064e-02,2.323170320615481916e-03,-5.881452631654154883e-02,-2.660000772509241510e-02,2.385221020783191356e-02,-2.987090403415402010e-02,3.483394214943374197e-03,1.543160282807152367e-02,1.402298292664706618e-02,2.737991069508331331e-03,3.518177000864890214e-02,3.096928360041626901e-02,2.307363298499906859e-02,4.273694657556086594e-03,-4.668666710868042691e-02,-4.347678478619910331e-02,4.232758946589258719e-02,6.091896988605832036e-02,3.832809607177780492e-02,7.129964175569851459e-02,7.185765724330185622e-02
1.507078757344137987e-02,9.901887866433088312e-03,-1.402337308470058899e-02,2.289990916880029620e-02,7.584431942379973868e-02,4.739539816527220395e-02,6.914530628902901266e-02,7.198830639545258925e-02,9.067723438200613051e-02,1.415422254032467630e-01,1.039186373046886158e-01,1.805651748207916241e-01,1.532304119598630054e-01,4.606962869279293549e-01,1.000000000000000000e+00,3.217969446820162505e-01,8.082266009129542017e-02,1.532478083868869523e-01,1.227441211288620854e-01,4.363161566689458676e-02,6.525826172282946092e-02,-5.231100845973587002e-03,-2.162173290141400361e-02,4.854693657119676237e-02,5.077422890663610411e-02,2.928388876910428471e-03,3.251630278999578794e-02,4.263648491979104421e-02,-3.865151044248530537e-02,6.864774847777592448e-02,4.727902648394854968e-02,4.533210239527693530e-02,1.757748970998460405e-02,4.400934292149904364e-02,2.665404427103004736e-02,-5.761560045421366960e-02,1.902353543080663109e-02,6.470946078755951403e-02,1.532670263680750494e-03,-6.616619400989591504e-02,1.334926949040673647e-02,5.042297803750025315e-02,-2.899293226053162656e-02,-5.701804777517421527e-03,1.371605629379858519e-02,-1.264472705000593833e-02,2.125896941391190731e-02,6.234489465812374093e-02,-2.843645826723890588e-02,-6.058022000268582091e-02,-1.800450520162685114e-02,-1.435036845530044541e-02,-3.237212466564482610e-02,-2.156134926769650781e-02,3.584118985492763115e-02,8.421478549850041836e-03,-8.174746942907816158e-03,-1.340256032082204514e-02,-9.859722292514029943e-03,1.769356982999033268e-02,-1.780079077596261050e-02,-2.056299526796017199e-02,-2.517275917819637721e-02,8.314936694489795735e-03,-4.813959723842962252e-02,-3.972575523392306990e-02,6.856210220048080187e-03,-6.914765034965263991e-03,8.617642592850539287e-04,4.393274431067781954e-02,3.071394962060852024e-02
2.673758343596079404e-02,3.950749848348039661e-02,-1.327460679197474923e-02,3.351742976195721396e-02,7.823508679789863141e-02,4.756999253816224932e-02,3.022929411637848354e-02,2.925350395560867567e-02,4.533293060094697319e-02,5.670168942044537946e-02,5.802964944510366485e-02,2.594342427223355826e-02,-1.030404601583901625e-01,3.382621343357070653e-01,3.217969446820162505e-01,1.000000000000000000e+00,2.002243111903942996e-01,1.685857332570908917e-01,1.830625145631764594e-01,1.505609000745045389e-01,1.660766577338903538e-01,5.651913347708235891e-02,6.585002494289578234e-02,2.466220897880689808e-02,1.160473023653986885e-01,3.747788319028853843e-02,7.136406990844769427e-02,1.107944459625254535e-01,2.738336162924084882e-02,9.977634065114757145e-02,7.678408417721852008e-02,3.389693477085014423e-02,7.160570960570240839e-02,9.169209890860505197e-02,4.989557412690778793e-02,-1.912814414468421223e-02,2.630314605210257173e-02,5.131641646292198211e-02,-9.223292114520657836e-03,1.641861343381072593e-03,8.292955512751470915e-03,-6.153709865387941257e-03,-6.418922072728208694e-02,-1.378373394397036135e-02,-6.998688670263688606e-04,-1.573699965383030912e-03,-2.316492220422729730e-04,2.153644022927972065e-02,-5.302838977595435849e-02,-7.068129232520832528e-02,-5.081298989506858460e-02,-3.667304843626448263e-02,-7.493345648042826213e-02,-3.659975584348211519e-02,1.427687358632342973e-02,-2.735271508746291158e-02,-2.637641522640874273e-02,-2.462247085750516370e-03,9.443397656139039878e-03,1.234842877952784315e-02,-1.375727695626944615e-02,-1.568766364344793482e-02,-6.348707259344223142e-02,-2.820620857052033581e-02,-8.537709564372022997e-02,-6.017678353972694821e-02,-4.065816869660700966e-02,5.120724603471501352e-02,4.324631080664027849e-02,2.060285398447824975e-02,4.428100778843142155e-02
-2.483388755115402066e-02,-1.037080327004069949e-02,-1.825372228444847519e-02,-3.101495299594063393e-02,7.943402660843508836e-04,4.242208307071669571e-02,3.068862129379607007e-02,-3.468552786004758942e-02,3.752929568212844819e-02,-8.412047918276988057e-03,5.158517316379892387e-02,8.913490961539311322e-03,-5.215048358904871006e-02,2.049297000055853302e-01,8.082266009129542017e-02,2.002243111903942996e-01,1.000000000000000000e+00,2.338166020902606446e-01,2.388369257676768442e-01,1.005696025122900933e-01,2.427497946528289069e-02,9.547188705565756717e-02,4.265813442351510526e-02,7.719883113404851782e-03,5.098915170688112647e-02,-4.339197843738636790e-02,-2.653567823717622315e-02,4.150313225595913397e-02,-3.960320258369259827e-02,1.679017941840819581e-02,1.012877706370225034e-01,-1.426409828893865882e-02,9.338906719946260537e-02,3.515375951421344236e-02,3.179218677965956093e-03,1.282905670305074970e-02,4.385077446236815280e-02,-2.350194165669450275e-02,-1.801184645737042081e-02,-1.827501195596039837e-02,-9.761247618589477190e-03,-9.559391165531885490e-03,-6.593362961922105692e-02,1.769806410500425128e-02,8.733209411447433873e-03,-5.421270509961669676e-02,-3.219690389586541551e-02,2.499084662474099564e-02,7.203440031958297310e-03,-8.069021024693145971e-02,-1.106512536800351686e-02,-3.324896194454966120e-02,-1.024650479890420046e-01,-1.012322386002433294e-01,-3.362754381442574492e-02,-8.285007209544299756e-02,-1.598989056074118925e-02,1.908892949760391394e-02,1.536002269644685773e-02,2.182133154598736233e-02,7.633856115343858051e-02,2.643019352499359487e-02,-1.970932267988377909e-02,-1.091082597282953467e-02,-3.807884412306741101e-02,-8.221349738375656815e-03,1.711647323762258838e-02,6.494463748425886862e-02,6.614998423318695087e-02,7.858098511152301902e-02,3.537387131867181927e-02
-2.162481884926136314e-02,-1.497543851827834623e-02,-3.437506387942079744e-02,-1.166788105988801616e-02,1.399636173866576107e-02,2.556024904496994807e-02,4.041690789843418313e-02,1.802507651016498763e-02,6.551495043762350923e-02,1.039062269017525936e-01,7.972793698316996136e-02,-1.707603334847751508e-02,-3.699796574768891844e-02,-1.091528976971933287e-04,1.532478083868869523e-01,1.685857332570908917e-01,2.338166020902606446e-01,1.000000000000000000e+00,1.491584077160839350e-01,2.810891048111480162e-01,1.516648343522191134e-01,1.265297698599130993e-01,1.092939462876940243e-01,9.641958061609096076e-02,8.358368824468237479e-02,8.368998046367481791e-02,6.397867014658230322e-02,2.321987012539068751e-02,3.769557993528888790e-02,-2.738105777765363191e-03,5.489887820881996644e-02,-3.524308824860991011e-03,4.385734964353401460e-02,-1.029245252682028407e-04,-1.782302404645127666e-02,2.176725192714677737e-02,1.599003491952485229e-02,-2.524309961774073852e-02,-8.411365117044170003e-03,-1.615065266709689307e-02,-2.278819063783516646e-02,-2.979561869174984085e-03,1.882317987544522217e-02,1.957639651120217372e-02,-3.221053306133166844e-02,-2.469408221936805065e-02,-1.853325908095715055e-02,-4.892604803135272573e-02,-3.625847253201084502e-02,-7.633962349004341785e-02,-4.032743044246534653e-02,-7.187299634592800301e-02,-5.381510554187251411e-02,-2.609876492911863272e-02,4.859824539785912584e-02,-1.962332959087957976e-02,-1.158547401083093002e-02,2.720552510484671241e-03,-2.802055520775418446e-02,4.398825933094761484e-03,-3.013578181119133410e-03,-1.129860290456762700e-02,-4.310910045857525852e-02,-1.646465773855564432e-02,-4.827095201635329264e-02,4.426558520360295360e-03,-1.815565976340996826e-02,4.478823373163320909e-02,4.458291904235812952e-02,-3.990577966874195304e-02,2.127569156499991079e-02
5.907190573364734694e-03,1.668976737603056551e-02,3.182500503020807558e-02,-3.084394373283414967e-02,3.602585191632184242e-02,3.831660374887571607e-02,6.069120619747531142e-02,6.077492279498040301e-02,1.842319493670180330e-02,5.183615539488391905e-02,2.401987082596456977e-02,3.161451577367446752e-02,-7.601686397463940092e-03,2.095686839703282955e-01,1.227441211288620854e-01,1.830625145631764594e-01,2.388369257676768442e-01,1.491584077160839350e-01,1.000000000000000000e+00,1.402378868404295376e-01,2.468058589707210898e-02,5.308282605976475527e-02,1.112273735155571708e-01,1.775832368062352506e-01,1.739417996855910642e-01,8.974630230390567842e-02,6.090627397484382755e-02,9.050035077713165788e-02,3.237252614444031951e-02,1.192673416538826692e-01,1.428393947469249747e-01,4.293830363208919060e-02,7.683992102460661389e-02,4.984494757041664503e-02,-6.674354620626064827e-03,3.204755680622326658e-02,6.000880856036909516e-02,-1.541860860521057121e-03,-9.546061431267474640e-03,1.379663165521570652e-02,6.990183064284550413e-03,6.748315014566909700e-03,-1.179749558180447945e-02,2.960563466803758925e-02,5.567999514121254809e-03,-2.329195020205246033e-02,-1.813722879001192570e-02,-7.568261589837571753e-03,-6.273759525015784599e-02,-4.853570766829611721e-02,-1.162682639660408274e-02,-4.637883591972472019e-02,-9.282551335282522575e-02,-6.516053873621353854e-02,-2.717847893115345539e-02,-7.639554702612944004e-02,-8.320786291617689179e-02,-7.000300986891351551e-02,-4.777394968585021301e-02,-1.400183931200330197e-02,-1.228177769220191971e-02,7.605935916078033175e-03,-1.422326729417030741e-02,1.851970062473707115e-02,-5.273991318293625580e-02,-3.455188621064656657e-02,-6.577634154493269478e-03,1.256659645392825021e-02,3.903449679741880646e-02,7.678061877427520832e-02,3.829072315139053773e-02
-2.808930387695009884e-02,-3.582684410818781640e-02,-1.565272575860088972e-02,-4.056474402150655675e-03,6.290112893044869438e-03,-4.215299272087626344e-03,4.325436674594312220e-02,3.612786140950645375e-02,3.165263620323897908e-03,3.422103109961614070e-02,1.740123900173326868e-02,-4.787957490356140045e-02,-7.001246293365277762e-02,-1.758306232058462482e-02,4.363161566689458676e-02,1.505609000745045389e-01,1.005696025122900933e-01,2.810891048111480162e-01,1.402378868404295376e-01,1.000000000000000000e+00,1.981737842073622857e-01,-2.576505470347626933e-02,3.060176025702489588e-01,2.143609561985752587e-01,1.229798465737574481e-01,1.812851686821613240e-01,1.085280425097178564e-01,1.325910158037937187e-02,1.565042548877698322e-02,2.774628879024806580e-02,1.266863155130048824e-01,6.942246649785070722e-02,1.328702007414677699e-01,5.272904194741919598e-02,-1.452570878592130202e-02,7.663927603655978915e-02,1.158019261993635945e-01,-3.117325858787478240e-02,-4.260726979005529519e-02,4.715790463972035357e-02,1.147193475474180338e-02,-5.845610923378962570e-02,-6.773522702910297379e-03,6.670334672877516712e-03,-9.060730762011862116e-02,-9.787013314207464176e-02,-2.406327030548366039e-02,-4.142734737137870882e-02,-8.816485834116756515e-02,-1.222862949243592873e-01,-1.772915918315692146e-02,-6.651949523880809623e-02,-1.007178242634259868e-01,-4.278869680697640343e-02,2.631517953187540934e-02,-6.619354211509945185e-02,-6.592289074799558002e-02,-5.893991203095391013e-02,-4.392506213159575595e-02,-3.080696687306496914e-02,-6.627899868854596199e-02,-4.945258907035913337e-02,-2.391946984924462477e-02,-2.389939833839523076e-02,-4.108349906803647478e-02,-6.534333427141737587e-03,-2.508988627575485172e-02,1.491125761696407079e-02,6.965625433342213790e-02,5.605490117884413467e-03,6.753660401613811870e-02
-2.050782951823721528e-02,-1.014386568161300059e-02,-2.018918765552012162e-02,-1.969066442006320219e-03,1.064765227034004252e-02,-1.942013558721852884e-02,3.802335154465148748e-02,6.418232873681047057e-02,3.530732610938963623e-02,3.725455861149931658e-03,3.813047622898319000e-02,-1.623428468656216983e-02,5.183249567163153437e-02,3.521899755382762454e-02,6.525826172282946092e-02,1.660766577338903538e-01,2.427497946528289069e-02,1.516648343522191134e-01,2.468058589707210898e-02,1.981737842073622857e-01,1.000000000000000000e+00,1.654431917014485831e-01,-9.906826843683422257e-03,1.963421342293945326e-01,2.359174832276896561e-01,1.372048347293992332e-01,1.140986375360432542e-01,1.867024480387910745e-01,4.310023131828268766e-02,5.209099716693651322e-02,1.348555421075601224e-01,-4.311993391672128834e-03,4.407801123821080552e-02,7.247089320886269947e-02,4.411323321944578615e-03,-7.365363697649039004e-03,4.831014948417741012e-02,1.137872943493884598e-02,-1.294748078445545625e-01,-4.802798738140104384e-02,7.617863944514767505e-02,-9.782056321377413655e-02,-1.137683227877713532e-01,-4.716347148441588089e-02,-2.550349281001693461e-02,-1.138434650433687023e-01,-5.803976874957768317e-02,-1.071441945435155779e-01,-1.058736396552362874e-01,-3.390772061643720220e-02,-9.044458511952438440e-02,-7.437870352696829279e-02,-7.064827505160485577e-02,-2.285155318436450644e-02,5.521077430598222979e-02,3.025667157260245044e-02,1.731856577772794906e-02,2.942995914853257719e-02,-1.306934508813534235e-02,1.884884254351384264e-02,-2.687352449054204728e-02,-6.169422778767039151e-02,-1.028395425144371517e-01,-8.798683529313527929e-02,-9.918462507503457426e-02,2.244338196398511232e-02,-4.629748210477262205e-02,4.147345520489483656e-02,6.818539277403190546e-02,1.406717824040645652e-02,8.180500835107488988e-02
-3.658153219268460432e-02,-2.425750503615967113e-02,-4.993363444863138656e-02,-2.499630540063656897e-02,-1.692754794554719722e-02,-2.672944395179008628e-02,7.768239747609238105e-03,3.594141866905893503e-05,7.620030330507383820e-02,6.346562690089201098e-02,9.914000844821407865e-02,-1.500631389105432957e-02,2.496942105825495153e-02,2.844534953820971809e-02,-5.231100845973587002e-03,5.651913347708235891e-02,9.547188705565756717e-02,1.265297698599130993e-01,5.308282605976475527e-02,-2.576505470347626933e-02,1.654431917014485831e-01,1.000000000000000000e+00,1.387598952665983765e-01,-2.096896065611620064e-01,1.005894469329822599e-01,1.468709594998989509e-01,3.785993467022264608e-02,4.216621402813210129e-04,1.644114827232252656e-03,-2.752175567449585691e-02,5.093541966055337329e-03,-8.682459655495769479e-02,2.119287387863908953e-02,-6.739969493683092838e-02,-8.705702241914488326e-02,-4.137180876903274671e-03,-3.380637093618577005e-02,-8.141458893799057017e-02,-7.363072515651578054e-02,-4.456086645562116338e-02,-4.177129266956406545e-02,-7.888133548952386276e-02,7.039557577182772603e-04,6.097647364280125298e-02,8.780476442940061965e-03,-6.484721810225457794e-02,-1.157608850090521835e-02,-7.508726797569746647e-02,1.225860027577558437e-02,3.891786528887004187e-02,-2.018660329481417048e-02,-2.298986722659634996e-02,3.784767082196829283e-03,3.556564434248020434e-02,1.028944706102985322e-02,1.649706722691930954e-03,5.439651126782438229e-02,1.045793961991880183e-01,4.791910742972353004e-02,2.271926844984768854e-03,8.451438875986118371e-02,3.090644576231954543e-02,-4.712300364588738882e-02,-7.064880654892499723e-02,-1.022338056222741737e-01,-4.670427389222736592e-02,-6.483065013777872254e-02,4.106186856030859950e-02,3.876456458210966044e-02,-2.380203187303047904e-02,4.533516929463050210e-02
