1.000000000000000000e+00,4.521755975984629305e-01,3.082471067950060539e-01,3.137062495779076587e-01,2.367973371773104130e-01,1.804372311508878335e-01,1.911225650517842378e-01,9.966355031763222960e-02,5.037309556099374419e-02,7.175565967205188578e-02,5.562743777048225619e-02,6.856518729366987974e-02,3.674888443875703320e-02,2.165744276094453552e-02,-7.862608368690522653e-03,1.061290599941572266e-02,1.515828654051993261e-02,-3.394932399361204334e-02,2.042765475130926475e-02,-9.176183923400660705e-03,4.278047455101469804e-02,3.841226056751476103e-02,-5.211080179219220072e-03,1.951054126502404021e-02,5.744915865361677199e-02,2.485533998734049121e-02,5.133507146517844039e-02,4.208682365239557743e-02,6.007899118266709498e-02,7.822054452163799965e-02,7.684181428714050022e-02,5.197356598265101546e-02,5.064668809679237493e-02,4.025196411274938046e-02,1.902778362119323871e-02,1.427683243083606446e-02,2.104654304840394841e-02,-1.102515910652798053e-02,-1.345835100174398724e-02,-1.203107324347490840e-02,-9.268134299357740774e-03,-5.678150786639190456e-02,-2.465097338320852011e-02,-4.095404757146364760e-02,-5.598563654258394140e-02,-1.076025570944203098e-02,-3.947700522105124926e-02,-5.637231538933013680e-02,-3.354546784386445296e-02,-5.310601610273745464e-03,-1.977907123553620389e-02,-3.023268545444042152e-02,-1.430685086870997318e-02,-2.404522565269783668e-02,-2.790968386144681082e-02,-3.104035227295898203e-02,-3.119693801406625555e-02,-5.335470863439784051e-02,-2.132738126834307722e-03,-3.580758074662621776e-02,2.356677960550632514e-02,3.795721353929006059e-02,2.882541772401760530e-02,5.330074827451594839e-03,4.386303863802411968e-02,5.250057971719646749e-02,1.290846730293145582e-02,3.047488135192471734e-02,-3.438204335837199282e-02,2.066425043398367745e-02,-1.751719330573961453e-02
4.521755975984629305e-01,1.000000000000000000e+00,3.278888557184240771e-01,2.567826950847362788e-01,4.111304629696388435e-01,2.657549225763808365e-01,2.026254746577993149e-01,1.327694568143374387e-01,7.347845255367288497e-02,6.610790494237819837e-02,6.584402977728857909e-02,6.658252716114892999e-02,5.351846519468413804e-02,2.902052849949404711e-02,2.613058336658881028e-03,8.991577955026646904e-03,2.625674492159612086e-02,-1.465893961777558173e-02,1.725064498715195987e-02,7.617229585497657836e-03,2.278055801973073030e-02,2.126770203393012204e-02,1.229645131024903471e-02,1.828768273643846878e-02,3.883246357190341808e-02,2.084407199659732424e-02,5.596577513765244039e-02,4.580408139683305596e-02,7.905893175201454681e-02,7.834196269046272976e-02,6.311311252177342901e-02,3.082998921112971996e-02,5.574822188148243624e-02,3.425115124973243663e-02,4.959182628390295527e-02,4.073343285782946716e-02,6.051886963094254765e-04,-2.925895493812906423e-02,-3.692048445212305074e-02,-1.261529330747589508e-02,-4.140661624627143406e-02,-5.339758908269714999e-02,-3.868082496407797277e-02,-6.022766827105677928e-02,-3.572400398900656138e-02,-1.006107583938718741e-02,-3.852688465520676120e-02,-4.262308637915742521e-02,-2.691203688448514514e-02,-1.187244501979710463e-03,-3.095856246566911288e-02,-4.515421438812786820e-02,-1.992028438900537990e-02,-1.782465564603830793e-02,-1.320188808281946499e-02,5.111320631298285925e-04,-3.076749375622082200e-02,-4.348642753076055467e-02,-1.660044825122669468e-03,-3.413609841772772407e-02,5.036076462031931905e-02,2.797795312369381546e-02,1.379490905215916864e-02,1.213276300475934523e-02,5.272051670162245657e-02,5.384529133776173870e-02,8.668064960418530793e-03,3.952754243753289071e-02,-3.489754036739220900e-03,3.377788286748665408e-02,5.120415827282477888e-04
3.082471067950060539e-01,3.278888557184240771e-01,1.000000000000000000e+00,3.111361146754157425e-01,2.776059375395008022e-01,4.057468522430955904e-01,2.217622082935414574e-01,1.419637270788551286e-01,1.611166151341943131e-01,1.079666755996629424e-01,1.496848232668066547e-01,1.112493637301804061e-01,9.089791762880218562e-02,3.511450658868563862e-02,-6.773365878641469419e-03,5.518138813396008396e-02,5.107540298338881374e-02,-1.247466451594457341e-02,5.769809098654662960e-02,4.702768559773092862e-03,2.170183069590758684e-02,5.690796435495142080e-02,3.021723037181051411e-02,1.350614499905162559e-02,5.246506710261508721e-02,6.049578365763626925e-02,7.921283006588887565e-02,7.130388001107557105e-02,7.827025458134248548e-02,9.580330732787034620e-02,8.995942278169047346e-02,5.315473733111974325e-02,8.313966882229924249e-02,6.220510152269622534e-02,2.813071890683992507e-02,3.437978468666889192e-02,1.178030168480970717e-02,-1.092102924772669556e-02,-3.135589258995853668e-02,7.396010524861096379e-04,-6.353794464579024838e-03,-3.597462794099705319e-02,-1.146190005912857716e-03,-1.941802835777902553e-02,-3.572376087183368881e-02,-4.582080154289525781e-02,-5.075730412615597764e-02,-4.577606576717006132e-02,-5.595901696066703235e-02,-4.935250604480321407e-02,-6.151490946064504250e-02,-3.482728848730281407e-02,-5.196111147419452125e-02,-5.323827767463192723e-02,-4.472741570995602406e-02,-6.103732437700091357e-02,-4.324581256485660052e-02,-4.240999898133583634e-02,3.131357304337945013e-02,-2.607105154260002527e-02,6.568154143849853910e-02,6.350523296116521166e-02,3.695479798379067843e-02,6.025916852289451772e-03,4.100183341192338571e-02,6.324132305937386900e-02,1.352235579686534087e-02,1.560986693547945260e-02,6.692174175776290611e-03,1.459579678730562463e-02,-1.399138423623350752e-02
3.137062495779076587e-01,2.567826950847362788e-01,3.111361146754157425e-01,1.000000000000000000e+00,3.542787930474375901e-01,2.704632815845340321e-01,4.166186267417456568e-01,1.649251069529217018e-01,1.355560291746543689e-01,9.344232641929930971e-02,9.307144740776548963e-02,9.955637325484860412e-02,8.772769921060674658e-02,4.465439457327005125e-03,-2.324261296894438930e-03,2.906729818356222628e-02,2.022829503587948111e-03,-3.861448086773937999e-02,2.452506976898910507e-02,-2.466094608866847837e-02,3.476792185799466861e-02,5.752514178057977628e-02,-8.272650361222374377e-03,-1.217796536770259256e-03,7.008688698787951532e-02,3.565295249848926540e-02,4.875935983308303523e-02,4.619853750480682614e-02,8.039664612479260897e-02,6.922040962836333022e-02,7.567563906605907775e-02,6.337539269645549311e-02,5.803918732274616216e-02,2.859595854305067159e-02,1.997306146242514707e-02,1.375242773637900921e-02,1.229577861024962887e-02,-3.019429710354452900e-02,-3.785689477084227400e-02,4.667129898872944072e-04,-2.091563426453596497e-02,-5.263773982913491634e-02,-8.783572858536497011e-03,-2.208449980021409687e-02,-4.737115925657010146e-02,-4.934677323354861450e-02,-6.581971427010478715e-02,-3.148653857970963588e-02,-6.390967259058281946e-02,-3.481315100174466048e-02,-7.635974289199597143e-02,-3.528218511748735381e-02,-5.200665607797473611e-02,-6.148723868558391044e-03,-2.678914055899589333e-03,-4.946595181165196892e-02,-3.106387662375595729e-03,-5.797163990585950388e-02,-2.799350222703889546e-03,-3.483248044425984319e-02,3.128190717850444502e-02,1.157842227513039557e-02,4.129483863929860749e-02,1.529080891194159117e-02,3.602088492550634818e-02,6.241633601120869651e-02,1.676413068255088248e-02,5.640160831901144811e-02,5.447539342926725758e-02,6.410211421864928094e-02,3.435783463932984977e-02
2.367973371773104130e-01,4.111304629696388435e-01,2.776059375395008022e-01,3.542787930474375901e-01,1.000000000000000000e+00,3.680714130791460370e-01,2.719081455909352352e-01,2.277802900721576929e-01,1.876005430711110145e-01,1.285749358842231405e-01,1.635742847086973373e-01,1.090641734404407537e-01,9.882437764924399681e-02,7.439030190480552807e-02,1.655086322848400501e-02,3.292567917373659392e-02,6.110560833251629798e-02,1.558420656692870165e-02,4.724643471438575576e-02,3.086736867304279430e-02,-1.636410220044046170e-03,1.759610308479287594e-02,4.672143684809752090e-02,1.300070837647686328e-02,1.496317866845458394e-02,2.820665697490967738e-02,6.923002470579883716e-02,7.106814396935090539e-02,6.809945187809289535e-02,8.853781085512418825e-02,9.341102417970356675e-02,1.316709414900540422e-02,6.677453393214596855e-02,6.958343654212493720e-03,1.418555762637530721e-02,2.712926621287643780e-02,-1.931827769666981734e-02,-3.685778178153582135e-02,-3.359383433928734425e-02,-2.368750301764401683e-02,-4.015269199906214281e-02,-6.703554444447529237e-02,-6.649132198742357946e-02,-5.898868334802351981e-02,-6.183117058315593800e-02,5.414738544292119725e-03,-2.475228170954113516e-02,-5.250072723017550763e-02,-3.360283284233140516e-02,-1.948207007934650570e-02,-2.308742962072763208e-02,-4.158019644882907789e-02,-1.555608553174933975e-02,-2.274372339241329324e-02,-1.329940397691398418e-03,5.449988318230666005e-03,-1.561608870472316717e-02,-3.123596631080953825e-02,-2.222562639316399968e-02,-5.147367163535915974e-02,4.627680662327243732e-02,5.849980380227120386e-02,4.085683909935978325e-02,3.431407059045541580e-02,7.801517946032128503e-02,5.927813966889033948e-02,1.202851804333244026e-02,5.496189656278907543e-02,2.539494523748623764e-02,5.526920648494161592e-02,2.999466668957381094e-02
1.804372311508878335e-01,2.657549225763808365e-01,4.057468522430955904e-01,2.704632815845340321e-01,3.680714130791460370e-01,1.000000000000000000e+00,3.053387405512760777e-01,1.913324099389000499e-01,3.986348092059281423e-01,1.629703134825495892e-01,2.784243637930089443e-01,1.199981691837749970e-01,9.876894090892938960e-02,6.714912741595052692e-02,7.386611345934110395e-02,4.243775544434021801e-02,7.540658160203474181e-02,3.356427019357517000e-02,4.885427352357599173e-02,6.145684358089810451e-02,-1.526714821080198646e-02,-8.365624412161109386e-03,6.315921755358874790e-02,2.770335102131593272e-02,-1.679211241686668493e-02,2.162891241534411688e-02,8.133392177131873457e-02,7.280984553656411062e-02,2.124365019373290753e-02,9.387114406607680039e-02,9.387155090655163736e-02,-2.606063809367635542e-02,6.543433330402044501e-02,-7.945251730307226548e-03,-2.058370692727180817e-02,6.055856560436242986e-02,-1.720641591188893857e-02,2.383954497980662196e-02,7.459431202398363568e-03,-2.769946091952572159e-02,-2.338921373957863342e-02,-1.563617206809163329e-02,-1.834627314147210808e-02,-3.825830164418985921e-03,-1.314825590839506682e-02,-2.245065119236357501e-02,-3.106714054617873769e-02,-9.662957729792602882e-03,-2.174326848341076937e-02,-3.060580438543406261e-03,-3.479282961038245719e-02,7.729454608040073988e-04,8.988542652919347467e-03,1.272944925523521002e-02,1.211396171112189002e-02,6.922345374764306281e-03,-4.567393602682254944e-02,-2.427134538925871179e-02,-3.606367053267793554e-02,-6.908074010315398694e-02,2.256351658803800939e-02,5.171864161740706740e-03,1.031384353235575979e-02,3.005750370662871318e-02,3.759087262120288514e-02,2.258288003368322770e-03,3.388524143658072640e-02,6.374681653675841331e-02,-7.077691983352891840e-04,3.363042710106002586e-02,-2.741641909152310683e-03
1.911225650517842378e-01,2.026254746577993149e-01,2.217622082935414574e-01,4.166186267417456568e-01,2.719081455909352352e-01,3.053387405512760777e-01,1.000000000000000000e+00,2.511285118207306488e-01,1.938775968690465701e-01,1.993314768273514170e-01,1.068059413718567968e-01,1.250572685994292832e-01,7.911463043250822891e-02,1.747935428677362818e-02,2.786307651584484998e-02,5.589751410185103122e-04,3.191566143321056953e-02,-2.415124727141842662e-02,-7.611101555340728806e-04,4.166259786248760477e-02,4.203029537457460968e-02,-1.196343552394195202e-02,6.023666818364773953e-03,5.514805755625729056e-02,3.276889068280211537e-02,-1.448549663671904603e-02,5.560791904717186929e-02,3.255729997009900595e-02,6.921214875745147765e-02,1.012349942442186679e-01,6.512504150787640222e-02,5.688688753013546734e-02,6.746772781860790880e-02,2.101160098573112353e-02,-1.329980604329525796e-03,2.572828125703053095e-03,4.482284260017128930e-03,-1.476936191568479009e-02,-3.398635216826573213e-02,-2.549154427940166900e-03,-1.461328392217556803e-02,-2.788513965990271903e-02,-1.910070319248939261e-02,-2.619140831824438159e-02,-1.850330780609616213e-02,-4.814312201619239118e-02,-6.836983735368527826e-02,-8.389884526714044138e-03,-5.840415676073162921e-02,-1.218963285748451454e-02,-7.557360750720143461e-02,-3.294458354189284260e-02,-1.319185161467195319e-02,1.800529316748664815e-02,-2.712914709037866478e-03,-3.612037392921335632e-02,-1.567795481891245610e-02,-5.656187332754356034e-02,-1.450747740998811416e-02,-5.693972618787332407e-02,-1.460866995450137325e-02,1.670380806333582758e-03,5.165504039773526068e-02,5.319963445660089857e-02,3.957103249775226206e-02,4.016121063525873724e-02,4.127293005402526277e-02,5.494958362692673598e-02,4.211668160820804946e-02,6.313580498428887633e-02,9.951177242752032304e-03
9.966355031763222960e-02,1.327694568143374387e-01,1.419637270788551286e-01,1.649251069529217018e-01,2.277802900721576929e-01,1.913324099389000499e-01,2.511285118207306488e-01,1.000000000000000000e+00,2.985528791514882596e-01,4.606262126953219460e-01,3.970129996184011967e-01,2.134553911177087537e-01,2.606232235452853388e-02,6.205233185264109191e-02,4.667165143331263727e-02,-1.245706963515413011e-02,8.276685991791046804e-02,2.424128153692672524e-02,-1.451216100053646235e-02,1.133285911104309068e-01,2.103477943446875956e-02,-8.547817648637254240e-02,4.238789080214042104e-02,9.285646615879193655e-02,-3.660766765402946599e-02,-5.118645759766749653e-02,8.462283480909184308e-02,1.064967072240501425e-02,3.352400520862913041e-02,7.572516828364704577e-02,1.615607162386008613e-02,-3.135057197891228916e-04,4.655854208340522854e-02,-4.758918191266614528e-02,-3.847909905987873663e-02,-1.780004941671701341e-02,-5.340804683006521170e-02,-6.275476916012028006e-02,-6.487376733067161394e-02,-3.720371898014583623e-02,1.316140346437618108e-03,-8.888289229402166272e-03,1.557349966935478273e-02,7.370689241047101263e-03,9.480067525678901458e-03,-3.646337835208815492e-02,-5.910580126283045133e-02,-3.867325633799118673e-03,-3.756938539401399185e-02,-3.308128484071749722e-03,-2.433166119147643636e-02,4.214259690129941449e-02,-2.696591127846622790e-02,5.927557969836896173e-02,1.894168161167278722e-02,6.363428329367620817e-03,7.749757695919731737e-02,-1.547049621391425808e-02,-9.411297031094322321e-03,9.395468338879171821e-03,-2.254936528179455474e-02,4.105377380286107623e-03,8.340194875705089772e-02,7.651614951553059596e-02,6.189355265702655567e-02,4.745253971264998261e-02,5.554666173706530874e-02,6.687813646527179801e-02,8.410765235929687500e-02,6.466690993871522519e-02,6.505782916165862850e-02
5.037309556099374419e-02,7.347845255367288497e-02,1.611166151341943131e-01,1.355560291746543689e-01,1.876005430711110145e-01,3.986348092059281423e-01,1.938775968690465701e-01,2.985528791514882596e-01,1.000000000000000000e+00,3.619315786267183754e-01,5.559989431239479307e-01,3.309614463049961319e-01,1.775784879712916653e-01,1.369400907503120213e-01,1.181377276799954607e-01,5.553614122790935526e-02,1.354597898541566869e-01,8.534502140946191584e-02,6.211055367459467069e-02,1.286606237292968469e-01,-3.908798870587552182e-02,-6.552554949441602439e-02,1.230236093077177184e-01,6.454117025507653815e-02,-8.659131182575727226e-02,3.385317562437712390e-03,1.127043827138052290e-01,9.537262750006456069e-02,3.806955878357814321e-02,1.135611919025287658e-01,6.693121406606253321e-02,-3.842497929639709930e-02,6.704500808484187280e-02,-2.745986543133988739e-02,-5.302863058727108614e-02,5.018187869062219059e-02,-6.697973465411488636e-02,1.461688249396813320e-02,-2.674894385820635739e-02,-3.141674908568917873e-02,-2.591571543240801453e-02,-4.379432177243316321e-03,1.678599459299354515e-02,1.910722888662560667e-02,9.568877233436894753e-03,-3.494762608224776662e-02,-7.092255452205829813e-02,-9.106727922572136749e-04,-2.460979252734081177e-02,-7.036996594008085130e-03,-5.569932293055736977e-02,2.849113636578956207e-02,3.466948548005670261e-02,4.120091687501142158e-02,1.578934620142222883e-02,5.571244764945261149e-03,-2.108699662584076137e-02,-3.109247708562884460e-02,-6.337954146650241760e-02,-9.229608124274638059e-02,-2.906653319316013229e-03,1.102549457474987990e-02,5.024052575526979231e-02,9.165151294352327782e-02,6.862948437143984171e-02,-1.854490793221216099e-02,6.255964892479522199e-02,3.958760860016268673e-02,3.483622590517196360e-02,3.924185111133599718e-02,1.666902359994321473e-02
7.175565967205188578e-02,6.610790494237819837e-02,1.079666755996629424e-01,9.344232641929930971e-02,1.285749358842231405e-01,1.629703134825495892e-01,1.993314768273514170e-01,4.606262126953219460e-01,3.619315786267183754e-01,1.000000000000000000e+00,3.911050408604795359e-01,3.791446718200922050e-01,1.100340636535353106e-01,1.362253991057811031e-01,1.109370220303994847e-01,1.263530651963605707e-02,1.478299966288822154e-01,7.551504285938544225e-02,2.884810963449360027e-02,1.576437950816180211e-01,-1.092200040876997735e-02,-9.632308130800396051e-02,1.047302619462014001e-01,1.058615165727435359e-01,-7.921177625103249798e-02,-2.955916519702591130e-02,1.342163443042190818e-01,6.443095110986514495e-02,6.068538457784834056e-02,1.120725553653080242e-01,1.068267627945896497e-02,7.889360258192337078e-03,3.262779496967630616e-02,-3.691636068716967062e-02,-3.795708720042236667e-02,-9.723409318240880395e-03,-5.148264571428315395e-02,-7.275999246798108000e-02,-6.919067055422915835e-02,-7.846799107360037662e-02,-1.713191789328982403e-02,3.024085605940811383e-02,1.394521183104305978e-02,3.495806017410724859e-02,1.287381551505925245e-02,-3.264715012295842794e-02,-3.672147799559827980e-02,-2.279102965780499708e-03,-3.980691698529657818e-02,-2.578409689358609948e-03,-3.451950206342167121e-02,3.675207724867080722e-02,3.158599747723526540e-03,8.905967372550713246e-02,-9.860405809392596820e-04,1.736688798188681590e-02,5.893612532659736614e-02,-3.278137503938840375e-02,-2.395661445406225762e-02,-1.822095579421604758e-02,-5.132303668457867396e-02,-4.541716285262015727e-03,7.513406960587139249e-02,9.007254964056481128e-02,6.126803535010515167e-02,2.436057702556200175e-02,5.050291180731900087e-02,5.304964726930311986e-02,6.282355769349251551e-02,6.113541432828401706e-02,4.189495063811098097e-02
5.562743777048225619e-02,6.584402977728857909e-02,1.496848232668066547e-01,9.307144740776548963e-02,1.635742847086973373e-01,2.784243637930089443e-01,1.068059413718567968e-01,3.970129996184011967e-01,5.559989431239479307e-01,3.911050408604795359e-01,1.000000000000000000e+00,2.985809020809440106e-01,1.057926791823959323e-01,1.238442711456208545e-01,9.597451634519260644e-02,3.838315850414622532e-02,1.317830772297618191e-01,6.367399366906223435e-02,3.671215048530763331e-02,1.414124618917116105e-01,-1.058780925843651882e-02,-7.595226099376695128e-02,1.021463874432890773e-01,9.019204919500813100e-02,-7.189466730751227497e-02,-2.024859999709781311e-02,1.255440081894610427e-01,7.210735806850190888e-02,2.344716080557233268e-02,1.124058367444585593e-01,5.042608185976098223e-02,-1.451295003242059241e-02,7.145430529724444702e-02,-3.729870245343992058e-02,-5.675380331655275473e-02,1.334256966878107770e-02,-8.746623289393221090e-02,-2.497725319292087853e-02,-4.127444590337694258e-02,-4.540384375028706093e-02,-1.972285694641291373e-02,1.020902457591346506e-03,1.874189121230014632e-02,3.069983434296135252e-02,6.569499332463533394e-04,-5.390278284632490924e-02,-2.686951616489109337e-02,1.833056868895316729e-02,-1.818756981656819566e-02,-6.235259633203143505e-03,-1.084935189310119209e-02,4.056422848450842722e-02,9.884302495807748348e-03,5.586088584744521718e-02,-1.495483004528721550e-02,3.219147826958953899e-03,1.736307597785591988e-02,-4.044613134214729289e-02,-4.832543807805203540e-02,-2.698793877221097523e-02,-1.636797675266963084e-02,2.680768809496555591e-02,8.070480443769657841e-02,8.490895582647502160e-02,7.683108717429504297e-02,4.260213636642881316e-03,3.461876785134713336e-02,2.097096604724377200e-02,2.672083329183217587e-02,2.427642900797619477e-02,1.083228473814009003e-02
6.856518729366987974e-02,6.658252716114892999e-02,1.112493637301804061e-01,9.955637325484860412e-02,1.090641734404407537e-01,1.199981691837749970e-01,1.250572685994292832e-01,2.134553911177087537e-01,3.309614463049961319e-01,3.791446718200922050e-01,2.985809020809440106e-01,1.000000000000000000e+00,3.356576233151861710e-01,2.662369207870717847e-01,1.040459927974045767e-01,1.174639283388032446e-01,2.401355018526315777e-01,1.055751005154026839e-01,1.043794128225357665e-01,2.038400050542561182e-01,-3.337946070798566978e-02,-6.907744010462803230e-02,1.943533598833266651e-01,1.200423176569826583e-01,-9.034343204731139221e-02,2.283683830630542366e-02,2.144344800709717669e-01,1.288976619887379771e-01,1.057700959570296861e-01,1.494196043625186376e-01,7.365510896216347081e-02,3.863967001144041902e-02,1.058093435009270916e-01,-2.475436859127208913e-02,4.592410669954557004e-03,1.317330720263710196e-02,-8.898385724910640171e-02,-1.406539642733994032e-02,-1.010523728977867214e-01,-5.642525038909294854e-02,-3.712681357627226758e-02,-3.083134585532332217e-02,-4.166648613451265359e-02,-1.427443408094667202e-02,-5.665699016625561774e-03,-1.685023536074983092e-02,-5.988087623478201976e-02,-3.006008547462971081e-02,-2.440497500691116844e-02,-2.434541469384941467e-02,-4.655551632808829776e-02,-1.030452415573331580e-02,6.639430620515907738e-03,2.846781414047745012e-02,-5.235134787096017150e-02,-3.814873134926078518e-02,-2.292980646674805389e-02,-8.423993320832866283e-02,-5.408952812990457798e-03,-5.230448899747137254e-02,2.519849341794900069e-02,7.654400430854563231e-02,1.109080070706913307e-01,8.572737875558490706e-02,1.098407441269354107e-01,5.495990374887901875e-02,5.096840817064565710e-02,-3.902247592533397008e-02,3.407561917605132079e-02,6.732936658097930446e-03,-2.055074285807397330e-02
3.674888443875703320e-02,5.351846519468413804e-02,9.089791762880218562e-02,8.772769921060674658e-02,9.882437764924399681e-02,9.876894090892938960e-02,7.911463043250822891e-02,2.606232235452853388e-02,1.775784879712916653e-01,1.100340636535353106e-01,1.057926791823959323e-01,3.356576233151861710e-01,1.000000000000000000e+00,3.586681983438553822e-01,2.561420929753117637e-01,3.252821097701028008e-01,3.160541356953383008e-01,2.343641978811060178e-01,2.111117706431375751e-01,1.974188048185911148e-01,-1.726390120251192484e-01,-5.562961498068247357e-02,2.953095442470329290e-01,2.458263065060228847e-02,-1.888838659471248071e-01,1.253968829740976509e-01,2.331125874185228930e-01,2.208972523544606437e-01,8.467004937145951315e-02,1.525204233767330220e-01,1.127795693953718981e-01,9.309175489331199954e-03,1.070250952591645099e-01,-1.671713335920431420e-02,8.028549754500138858e-03,1.497492480549864578e-02,-9.119587164416799452e-02,3.659039957094865902e-02,-5.899633486080181621e-02,-3.606147003229918241e-02,-5.296569318912689589e-02,-3.231750068447427487e-02,-4.619941947034445634e-02,-2.492817122445373929e-02,-5.593070896317981107e-03,-1.801439711143851220e-03,-2.640023123984593795e-02,-1.736108287893983401e-02,8.982353033850977789e-03,-2.410938125063616724e-02,-5.009621090004823252e-02,2.361862396012331163e-03,4.644102455698732868e-02,-1.015933368203058218e-03,-1.238121391599623054e-02,-2.811280628343138660e-02,-8.720915371604978650e-02,9.348206155918489454e-03,-5.759635575595689963e-03,-9.522943543747448836e-02,4.002196888476419745e-02,9.523173078346454379e-02,5.567814889086076385e-02,8.324036882840807339e-02,9.768861277010677802e-02,-1.471637430079241089e-02,2.567913191407981965e-02,-4.813760771180009695e-02,1.996492377559442449e-02,-1.112308503581298062e-02,-2.236320248217309875e-02
2.165744276094453552e-02,2.902052849949404711e-02,3.511450658868563862e-02,4.465439457327005125e-03,7.439030190480552807e-02,6.714912741595052692e-02,1.747935428677362818e-02,6.205233185264109191e-02,1.369400907503120213e-01,1.362253991057811031e-01,1.238442711456208545e-01,2.662369207870717847e-01,3.586681983438553822e-01,1.000000000000000000e+00,4.285582345647924729e-01,3.509392177288103154e-01,6.998694248767389769e-01,4.005345952547061938e-01,3.208565274629686659e-01,5.414303466243355345e-01,-1.905454567655002207e-01,-2.085374058378419992e-01,5.579729105852898607e-01,2.650111385429091970e-01,-3.380855290731053509e-01,1.177704407753140115e-01,5.038258912642379350e-01,3.151556425167073017e-01,8.563706932171354091e-02,2.746429388374859726e-01,1.611528047173761968e-01,1.819897575683286986e-02,1.831522800867643186e-01,2.238969174468507725e-03,6.695310631282973268e-03,6.768914993185788827e-03,-1.242477959861547632e-01,-4.206576053775824137e-02,-1.381225315384449204e-01,-9.943627839204524643e-02,-1.221735764118849349e-01,-4.524236968191843594e-02,-1.052206393470099116e-01,-6.834655347399115621e-02,-1.292544409523152180e-02,2.729636765430387343e-02,-1.850920069754973321e-02,-2.717178651787781340e-02,1.660717761726416761e-02,-1.361914149083780397e-02,-2.333447767756993696e-02,4.773545655613716659e-03,9.199513330847172710e-02,3.351220550613236843e-02,-5.256829926113384260e-02,-1.518671768900647402e-02,-8.981391512076611350e-02,-5.440046276242378048e-02,-7.174213349794564265e-02,-1.526083085110335746e-01,-2.033948367518564893e-03,1.372720877682893914e-01,1.805586751970647830e-01,2.192490781946145606e-01,2.433875113774215115e-01,2.017737052972176995e-02,8.793282996176006450e-02,2.590207902143664212e-02,6.337411476386248244e-02,1.790475144037531260e-02,-9.235016460187600454e-04
-7.862608368690522653e-03,2.613058336658881028e-03,-6.773365878641469419e-03,-2.324261296894438930e-03,1.655086322848400501e-02,7.386611345934110395e-02,2.786307651584484998e-02,4.667165143331263727e-02,1.181377276799954607e-01,1.109370220303994847e-01,9.597451634519260644e-02,1.040459927974045767e-01,2.561420929753117637e-01,4.285582345647924729e-01,1.000000000000000000e+00,4.263923555068684923e-01,4.044536674390698527e-01,4.896782047475467525e-01,1.469416312610288822e-01,3.667979909435970520e-01,-3.335696595173572865e-01,-3.286662031884911572e-01,3.790462677381365997e-01,8.875230352630700259e-02,-4.752108727253023801e-01,-1.051868206383237310e-02,2.186885490133746723e-01,1.593330771450104100e-01,-8.255808655964298748e-02,1.555339975454484991e-01,1.195002960809016940e-02,-1.102904702624877831e-01,4.783642429178263517e-02,-2.162996476162512907e-02,-4.182379200932787033e-02,-2.487556766112986734e-02,-8.506975545594179511e-02,3.792125116498140658e-02,3.325019359621797510e-02,1.073173650252765444e-03,-4.198634788961486813e-02,1.141208145275597607e-01,6.737452690919458476e-03,4.390940379313769404e-02,1.196766596380715308e-01,4.241557510920394153e-02,2.463141112304630814e-02,1.184563435091653127e-01,7.770565198342994917e-02,4.486380434594747918e-02,1.410996469812198818e-02,1.100720395318990213e-01,1.248013047775449746e-01,3.201680859908037635e-02,6.447054735774990220e-02,8.705794863385177274e-02,-4.599701722848830582e-02,8.290536264367563690e-02,-4.929190840907680948e-02,-1.154462514084413360e-01,-4.801893331792407571e-02,-2.332814671401474416e-02,4.498717760664769361e-02,1.800300438270095726e-01,1.577495034370921256e-01,-6.946190832935147941e-02,7.557070789397297983e-02,6.277516471990925162e-02,3.605968791231727727e-02,-1.734590269043955260e-02,-2.337681716489587239e-02
1.061290599941572266e-02,8.991577955026646904e-03,5.518138813396008396e-02,2.906729818356222628e-02,3.292567917373659392e-02,4.243775544434021801e-02,5.589751410185103122e-04,-1.245706963515413011e-02,5.553614122790935526e-02,1.263530651963605707e-02,3.838315850414622532e-02,1.174639283388032446e-01,3.252821097701028008e-01,3.509392177288103154e-01,4.263923555068684923e-01,1.000000000000000000e+00,3.366456612955670558e-01,4.269119801611724885e-01,4.218701548765668163e-01,8.284782155214619193e-02,-4.005926802540341058e-01,8.675311737265893608e-02,4.174955861764825804e-01,-2.077830604343227916e-01,-2.729693428328180405e-01,3.522886849468551684e-01,2.341243335156627525e-01,3.147978841765128322e-01,7.365643044813424689e-02,1.711297466603265427e-01,8.800299248189885626e-02,8.177508994616670274e-03,1.150728108727541998e-01,8.362247827372447373e-02,3.026083741771747049e-02,5.266834545173185861e-02,2.610298143568939161e-02,1.012282801169718111e-01,1.611763823110804947e-02,4.582244380278487073e-02,-3.450191417305436409e-02,4.067973815402808977e-04,-1.340114894571933085e-02,1.560066294475980289e-02,-3.921176183339249860e-02,3.653751314908933873e-02,6.591122454141147557e-02,-3.274616542922516565e-03,-2.419144039020927964e-02,-4.151488129689688555e-02,-3.467561451263222877e-02,4.387688044000919579e-02,2.699155771907413640e-02,-1.230252759542812546e-01,-1.842380392024473013e-02,-7.830842564336100431e-02,-1.731569359754551729e-01,1.044994605190112391e-02,1.209733115108243585e-02,-1.480553020561241329e-01,5.260181776534832154e-02,6.776938535682332232e-02,-9.383044543738111934e-03,4.201522508724982174e-02,1.068792233434324723e-01,-1.530915942635164943e-02,-7.877424768026742088e-03,-6.877460200859661366e-02,2.767533857691399993e-02,-4.722950823192956227e-02,-2.306850653860805997e-02
1.515828654051993261e-02,2.625674492159612086e-02,5.107540298338881374e-02,2.022829503587948111e-03,6.110560833251629798e-02,7.540658160203474181e-02,3.191566143321056953e-02,8.276685991791046804e-02,1.354597898541566869e-01,1.478299966288822154e-01,1.317830772297618191e-01,2.401355018526315777e-01,3.160541356953383008e-01,6.998694248767389769e-01,4.044536674390698527e-01,3.366456612955670558e-01,1.000000000000000000e+00,4.681246016337695104e-01,4.798558632590138595e-01,6.361198373962805297e-01,-2.452622778315832197e-01,-1.643272884441865089e-01,7.276545850065463394e-01,2.809532609664298630e-01,-3.882678407648798014e-01,2.296680051179421367e-01,6.478477410858738406e-01,4.233752272922871041e-01,1.523101401788477249e-01,3.766961217702442521e-01,2.219609168159972223e-01,4.912976047248687750e-02,2.456392954717314947e-01,1.687942532492446579e-02,2.356483356289575462e-02,2.916586946762249680e-02,-1.194490084667658297e-01,-3.186972305431811509e-02,-1.792737574614615415e-01,-1.244305310569935319e-01,-1.444886111229733427e-01,-8.609914408387908669e-02,-1.483317892850201380e-01,-7.095597163565343923e-02,-7.910891643755275926e-02,8.966199295194054314e-03,-3.231229161756932027e-03,-5.991205928129117453e-02,-2.301751043662565027e-02,-2.841781234034679304e-02,-4.334975183054902426e-02,-1.436990875926794260e-02,1.007238940387954890e-01,1.126513283301102536e-02,-8.142947833551711367e-02,-3.387887617115704908e-02,-1.247381288308614389e-01,-8.558894023916945037e-02,-8.866725988281692894e-02,-2.026185283623056499e-01,-6.670755158488582068e-03,1.839857482596833904e-01,2.183395198452185160e-01,2.499237754114553289e-01,3.067926410585806729e-01,6.320701520302651755e-02,1.175699156659780753e-01,1.954675100036271790e-02,8.000058527784856266e-02,2.474576178018561903e-02,-3.301219106239402460e-03
-3.394932399361204334e-02,-1.465893961777558173e-02,-1.247466451594457341e-02,-3.861448086773937999e-02,1.558420656692870165e-02,3.356427019357517000e-02,-2.415124727141842662e-02,2.424128153692672524e-02,8.534502140946191584e-02,7.551504285938544225e-02,6.367399366906223435e-02,1.055751005154026839e-01,2.343641978811060178e-01,4.005345952547061938e-01,4.896782047475467525e-01,4.269119801611724885e-01,4.681246016337695104e-01,1.000000000000000000e+00,4.278423942767966004e-01,2.951344327007122681e-01,-7.866345712290435666e-01,-2.753025172947975996e-01,6.337421819226713993e-01,-2.230081508887316877e-01,-7.510662469668716312e-01,2.079376237874330513e-01,1.927632518903577008e-01,3.185427988246651299e-01,-1.387345741204373817e-01,1.637653914536361943e-01,5.726752168239169355e-02,-1.022943896820393134e-01,1.019223322093372325e-01,4.664693968770245586e-02,-4.141727693525617399e-02,3.267020055711741811e-02,1.288404075370537007e-02,1.575478194893222272e-01,1.619117501616219035e-01,6.826610788080068881e-02,2.099789330847293134e-02,1.593624713651597413e-01,2.544759415997696617e-02,9.268522266788373903e-03,9.353986255600887922e-02,4.970606871756932943e-02,5.659638374739032335e-02,8.165109157315933452e-02,6.050829321505407643e-02,5.140326427173260576e-02,1.263816730242313391e-02,1.812462118210928230e-01,1.318220738611284581e-01,-7.808876232445334520e-02,1.048055841659037979e-01,2.779381848346716699e-02,-1.889681719558478912e-01,1.085329006031815480e-01,-6.427264983127090048e-02,-2.379808672341532372e-01,-3.159457646446466733e-02,8.023429791051793838e-03,-6.445809381363630519e-02,1.346699057794657206e-01,1.655518023063446975e-01,-9.107250987403321674e-02,-1.053355536346951143e-02,1.488032300983014450e-02,-1.432592602119065958e-02,-1.137126923359078057e-01,-6.641712635965572875e-02
2.042765475130926475e-02,1.725064498715195987e-02,5.769809098654662960e-02,2.452506976898910507e-02,4.724643471438575576e-02,4.885427352357599173e-02,-7.611101555340728806e-04,-1.451216100053646235e-02,6.211055367459467069e-02,2.884810963449360027e-02,3.671215048530763331e-02,1.043794128225357665e-01,2.111117706431375751e-01,3.208565274629686659e-01,1.469416312610288822e-01,4.218701548765668163e-01,4.798558632590138595e-01,4.278423942767966004e-01,1.000000000000000000e+00,-2.749900960586063384e-02,-5.499998081832759844e-01,5.082739942582741310e-01,7.089931353446599083e-01,-4.199036660884167826e-01,-1.785901176294849846e-01,7.661919075423300196e-01,4.353017908954356363e-01,5.874548048949151946e-01,3.040724970992883525e-01,2.843537671119563681e-01,2.878116064392657325e-01,1.137917714738601732e-01,1.923987245289571490e-01,1.398431728089691850e-01,7.625924763744183765e-02,1.518866215607657388e-01,7.704530487898220148e-02,1.287609818131975614e-01,-2.482553227976271037e-02,2.076043084755984508e-02,-4.580611890348370435e-02,-1.298529140252691616e-01,-1.297313514540646973e-01,-7.152008289083897075e-02,-2.009608355881669084e-01,-1.283279995243914208e-03,5.395812285186678270e-02,-1.598336658992316750e-01,-1.639560842612430847e-01,-9.318012094903431464e-02,-9.864705421945196839e-02,-7.730196793900158403e-02,-9.509497506850355525e-03,-2.189446423091845617e-01,-1.338644206639477419e-01,-2.166401738884139450e-01,-3.007339815364295510e-01,-8.558032344983824979e-02,1.440456045009843797e-02,-2.298462171856329173e-01,1.338190368202720748e-01,2.145825251400532707e-01,-2.180377644132433512e-02,-5.941378630240948255e-02,1.274169093512653173e-01,8.561530035813268158e-02,-5.254936777126417713e-02,-1.152444158035748345e-01,3.075596868855313970e-02,-5.864397540292647787e-02,3.091407658475832029e-03
-9.176183923400660705e-03,7.617229585497657836e-03,4.702768559773092862e-03,-2.466094608866847837e-02,3.086736867304279430e-02,6.145684358089810451e-02,4.166259786248760477e-02,1.133285911104309068e-01,1.286606237292968469e-01,1.576437950816180211e-01,1.414124618917116105e-01,2.038400050542561182e-01,1.974188048185911148e-01,5.414303466243355345e-01,3.667979909435970520e-01,8.284782155214619193e-02,6.361198373962805297e-01,2.951344327007122681e-01,-2.749900960586063384e-02,1.000000000000000000e+00,-9.329249426128238126e-03,-6.252768527779732910e-01,5.129910932607341101e-01,6.826952075809962217e-01,-4.426702227672879575e-01,-2.511116513311918985e-01,5.627548483761536380e-01,1.425935741566582704e-01,-1.185955746585143702e-02,3.263349841275501317e-01,9.777002668617952585e-02,-2.701735601551280563e-02,1.844903861956089797e-01,-9.683486662451903926e-02,-2.215528732089068475e-02,-7.616669219413484127e-02,-2.218963407472554217e-01,-1.275544578221567416e-01,-2.026803010343135314e-01,-1.757102433396615093e-01,-1.519271840743985913e-01,-6.913170957635617238e-03,-1.035387198307231027e-01,-4.424476945791999682e-02,4.463544031989041816e-02,2.795157712850274839e-02,-3.138481127436632684e-02,3.152404635545746903e-02,8.897562794076172010e-02,4.695308429149545881e-02,1.885431291306232521e-02,4.014352934507981613e-02,1.729943385323476912e-01,2.043487331756587699e-01,2.410691711429485597e-03,1.336838426333306629e-01,5.494947625699132809e-02,-4.559649699752756080e-02,-1.570984487045813394e-01,-1.083325768928946053e-01,-1.375311735389659618e-01,8.114003483429642338e-02,2.883357321858105449e-01,3.623993952798265639e-01,3.024364683366564943e-01,1.440337266947376224e-02,1.885503548194020773e-01,1.097303088773212559e-01,5.055793618851571469e-02,6.016517855054537983e-02,-1.967845202674642358e-02
4.278047455101469804e-02,2.278055801973073030e-02,2.170183069590758684e-02,3.476792185799466861e-02,-1.636410220044046170e-03,-1.526714821080198646e-02,4.203029537457460968e-02,2.103477943446875956e-02,-3.908798870587552182e-02,-1.092200040876997735e-02,-1.058780925843651882e-02,-3.337946070798566978e-02,-1.726390120251192484e-01,-1.905454567655002207e-01,-3.335696595173572865e-01,-4.005926802540341058e-01,-2.452622778315832197e-01,-7.866345712290435666e-01,-5.499998081832759844e-01,-9.329249426128238126e-03,1.000000000000000000e+00,-1.339806607532374565e-02,-5.517003930698068936e-01,5.563269367233615315e-01,6.479905893875896883e-01,-3.958789798165847640e-01,-3.168184524643372080e-02,-3.248818624821858680e-01,1.184488201438563537e-01,-6.256640397866818082e-02,-4.474022734891594522e-02,1.031062451382352141e-01,-3.218824773728869160e-02,-8.257740308305075438e-02,4.943933356821558073e-02,-6.788106182233591412e-02,-1.051061847082719880e-01,-2.191439620928810061e-01,-2.512055823362638884e-01,-1.346856543433420927e-01,-8.880943276231702266e-02,-1.517944093664753968e-01,-3.656390949389708156e-02,-2.312664142749491086e-02,-3.289438814387656701e-02,-3.848276859262573374e-02,-9.055974632641641819e-02,-4.647760144602718080e-02,-9.825309093969811919e-03,-4.500786239965821889e-02,-3.867780866145531515e-03,-1.810823014797456609e-01,-9.035890384575881451e-02,1.585006906670781701e-01,-1.248267243281021011e-01,3.198542857180818044e-02,2.416627306770414985e-01,-1.408927112344657562e-01,1.792530841193354374e-02,2.370215341975969725e-01,-2.466527668477622864e-02,2.399698289137172300e-02,1.982230452278636867e-01,8.793050966685349995e-03,-6.235617990690890677e-02,1.190006037493438473e-01,9.531915411368903357e-02,4.110081406770976775e-02,4.384307845294032474e-02,1.541072384541306572e-01,6.292838091602052930e-02
3.841226056751476103e-02,2.126770203393012204e-02,5.690796435495142080e-02,5.752514178057977628e-02,1.759610308479287594e-02,-8.365624412161109386e-03,-1.196343552394195202e-02,-8.547817648637254240e-02,-6.552554949441602439e-02,-9.632308130800396051e-02,-7.595226099376695128e-02,-6.907744010462803230e-02,-5.562961498068247357e-02,-2.085374058378419992e-01,-3.286662031884911572e-01,8.675311737265893608e-02,-1.643272884441865089e-01,-2.753025172947975996e-01,5.082739942582741310e-01,-6.252768527779732910e-01,-1.339806607532374565e-02,1.000000000000000000e+00,-3.371971746275740506e-02,-5.592668619327625379e-01,5.384497449019448601e-01,6.682329786846957775e-01,-3.304377918781797874e-03,2.509574391889631273e-01,3.571463097794210229e-01,-4.582734433516494170e-03,1.686905900746283049e-01,1.781369218963043677e-01,2.167081548271035038e-02,1.504811229870293421e-01,1.186865825542414155e-01,1.537782690270960151e-01,1.703690363826246279e-01,8.274392471820213313e-02,-2.868842818941386152e-02,6.174042749483998199e-02,1.382934290724888854e-02,-2.096044535333490277e-01,-7.183647961431603723e-02,-5.492610241544245570e-02,-2.446207657087868803e-01,-4.542455191307803730e-02,1.571760402696802811e-02,-2.075402997961762475e-01,-2.179101540438895257e-01,-1.452739672920100311e-01,-1.029476883973866608e-01,-2.016031131120925024e-01,-1.806925187648249775e-01,-2.531815666814461463e-01,-1.904723733720863899e-01,-2.733302616061890067e-01,-1.753050733802725691e-01,-1.227841067815977488e-01,1.345743782433057312e-01,1.004735888702192438e-03,2.024657516707370208e-01,1.442043875928626928e-01,-1.096079924086863083e-01,-3.035092548255041156e-01,-1.374136284259253604e-01,1.272040684187654147e-01,-1.303365188971710997e-01,-1.600041735666172249e-01,1.006068191148999647e-02,-8.496042205092865091e-03,5.151477368504393112e-02
