1.000000000000000000e+00,4.534964546614976832e-01,8.745289290128889503e-02,2.591955646482331233e-01,2.907749715924923262e-02,1.494031632443932334e-01,1.410777732347322233e-01,2.030726307202612158e-01,7.469800452508162936e-02,-1.362123497924065153e-02,1.214073932082115614e-01,5.885362039530067646e-02,-1.222801256487103944e-01,-2.633780113971504952e-02,2.670592983751142110e-02,2.311178767369273523e-02,-3.032530075455577498e-02,-2.356799312572789920e-02,1.309769971409317224e-01,-3.415496254732723613e-02,-2.406381214677568922e-02,2.521873954699169543e-02,1.237188602255942342e-02,8.271063639897179021e-02,6.867784294633058617e-02,2.807968583809393286e-03,3.088723453175901482e-02,5.954948852671770702e-03,8.267469679081504408e-05,-2.375622416821217969e-02,1.978158943152018290e-02,-1.803703088594029585e-02,4.297904269994724108e-02,-4.825448090179464827e-02,2.705990399457030779e-02,-5.297907357304491860e-02,-7.378168486654310132e-02,-8.590308464325163013e-03,2.492699096906345058e-02,-2.240187404734099441e-02,7.353665404817498474e-02,1.926382295092551877e-02,-3.164933287265658118e-02,2.196142978839074264e-02,5.749165307930636376e-02,8.578536664742378304e-02,4.498416228310805204e-02,3.570039945547450605e-02,6.122553711849475222e-02,2.188422716976731394e-02,6.349136991130731322e-02,4.252029321738603346e-02,-1.759860630572590567e-02,2.695543847807737800e-02,2.060409204119629037e-02,2.230006070076527569e-02,4.224141903483096677e-02,-1.926020062109245340e-02,-2.851496182002529953e-02,-9.031156416429723943e-02,-7.919045341871126797e-02,-7.281502923184951515e-02,-2.455384252245971372e-02,2.244464423184975785e-02,-3.727507355808870604e-02,-8.206015064305906270e-02,-7.419775777816135787e-02,1.896505319036697820e-02,2.370238272830517065e-02,-9.687065392792480745e-02,-2.536136038899712217e-02,2.862408922523438162e-02,2.347711058663836878e-02,-2.577256896677670647e-02,-2.880320700108743564e-03,1.506299473133406244e-02,2.295864142384191481e-02,-2.572892333603936030e-02,3.359785398112893895e-02,8.243551855128132544e-02,2.547542319177186279e-02,3.589371946615404346e-02,-5.894174141131391237e-02,4.710782012863957979e-02,-6.404108451337980901e-02,4.838724741662035062e-02,1.045491602090000971e-01,3.315517071600063148e-02,-5.125375548426593098e-02,3.366081920082378276e-02,1.036651374952585192e-01,-1.430870788801016230e-02,-4.415115639375337409e-02,8.459554884991914159e-02,8.254337265175350213e-02,3.098390844251764850e-02,1.381692594820766416e-02,-8.370035486899504718e-02,6.840806665708992762e-02,2.573892992794108228e-02,-1.135461578942228572e-01,-2.232707268443660450e-02,8.162766793301075297e-02,-4.035082549304910837e-02,-1.059045668853999395e-01,4.349222739977300078e-02,2.564860821095417756e-02,-9.025820801851612563e-02,-6.160001122717090327e-02,5.003533719113891810e-03,2.771819929680505168e-02,-4.669930049337499278e-02,4.432430487517000778e-02,-4.345790975723858030e-02,-3.332641739669724244e-03,4.937998630946752177e-02
4.534964546614976832e-01,1.000000000000000000e+00,3.055279669226038108e-01,3.711421205802968859e-01,2.340896266815824939e-03,2.205897976058859011e-01,1.830583588361441028e-01,2.722133989762253736e-01,1.766738615745560570e-01,1.599399102429575545e-02,1.356149633423399670e-01,2.194396626884967672e-01,-9.508794664597816637e-02,1.578587452334762314e-03,1.932407473807650281e-02,-4.309593918808665020e-03,6.608664141901951332e-03,3.430868065440851201e-03,1.568816404700039135e-01,-1.812763465555802811e-02,-1.089557331868538578e-02,1.742200668548047893e-01,1.320101806794514721e-01,1.701914981127154447e-01,1.764508978346577550e-01,3.408700830742007748e-02,1.467784803189126630e-01,5.773220449705836893e-02,1.729868895927734809e-02,3.507444787189915869e-03,9.443249409078818477e-03,3.331589152180929742e-02,1.397012804625008542e-01,-2.304159157306109873e-02,4.008639459478192946e-02,-2.185472312531673567e-02,-5.243814516790425845e-02,2.087717799103562186e-02,-2.308598178383210360e-03,4.190758665669499713e-03,1.901400099225821969e-02,-4.552087902072467739e-03,-2.918239072639405157e-02,-4.418730904903018022e-03,4.487823846750461226e-02,3.919793876827049744e-02,1.915278652748656982e-02,4.386556872857345912e-02,8.171532151262354826e-02,5.980129926780966901e-03,4.116998792131733309e-02,-2.321682517497445503e-02,-2.692292376993231547e-03,-1.196736342753333682e-01,5.525568235651147700e-03,-2.926074488818856956e-02,8.864214736475131695e-02,-4.994009668745063441e-03,-1.539212382376809185e-01,-2.222913540258315834e-01,-1.552640514145346706e-01,-1.907579896964291533e-01,1.823085599890266265e-03,-5.427440311823591643e-03,-5.634310698749747659e-02,-2.108753602795664928e-01,6.548765396115154361e-03,6.869026842167505476e-02,-6.257128877943912704e-03,-1.505440279101442624e-01,4.735831565739161489e-03,-5.719970773322725736e-03,-6.731960097181064785e-03,2.733086340138351535e-03,8.102707786467665263e-02,-1.011214430093761441e-01,-6.409119576480395118e-03,3.953034339276226272e-03,3.815312606221928082e-02,4.196819849376009354e-02,1.587262853891433512e-01,1.870184951985041089e-01,5.086064420951377091e-02,2.057552600381280239e-01,-1.557997160374199799e-03,-5.894816321789279889e-02,1.268669497533363999e-01,1.876950476907618959e-01,-7.493710644108250718e-02,-8.577442106322002990e-02,1.846663393379264217e-01,9.873657839621569066e-02,-1.430262623555365598e-01,1.385917437572352882e-02,2.122622441110394165e-01,-3.199546576366280731e-02,5.008429498918491596e-02,-1.482507846516275263e-01,-8.889714408987207548e-04,-5.578618796070633490e-02,-1.764225330329401709e-01,-5.443376189913447932e-02,2.492604589726945055e-03,-1.206160460798771789e-01,-1.546759333709451512e-01,5.927165573455098809e-04,-4.126698198116835262e-03,-1.693426147235908286e-01,-1.139639535059978892e-01,-1.041434835006656429e-01,-5.375007410912853445e-03,-8.534124461257175387e-02,-1.803161701780196108e-02,-4.500433222800079291e-02,-6.431367557285777581e-02,5.408309323886714010e-02
8.745289290128889503e-02,3.055279669226038108e-01,1.000000000000000000e+00,3.537712171833960473e-01,-3.676906909475962520e-02,7.508011319365842651e-02,-1.321195518928764204e-02,2.193068592113160964e-01,1.899335924618383298e-01,2.061725639266644983e-01,1.095971913629701228e-01,2.119469915811304506e-01,1.749731682409699784e-02,3.992676462206246751e-02,4.375358815618743402e-02,-3.499924424801012512e-02,1.787751536603253144e-01,3.895892896378241183e-02,1.471679169563986089e-01,1.101113084049448465e-01,8.826385425459434830e-02,2.186385264365021397e-01,1.685622855055431413e-01,1.392401071095610010e-01,2.296652160316322022e-01,1.470296987124014298e-01,1.417923720794995457e-01,1.382203600902375262e-01,1.439725079139379804e-01,4.024747372289732422e-02,4.064139293282370557e-02,1.066571903720082981e-02,6.641783712536081241e-02,6.957229809928632133e-05,2.519348371915159507e-02,-1.274310893559409130e-02,-6.547008986595349855e-02,4.411336003999749567e-02,-3.696278264248734069e-02,3.954070082962610894e-02,-7.213873632204692576e-02,-3.355252485642176707e-02,-6.759079772418592758e-02,-3.902025268326816260e-02,-3.245104690533598402e-02,2.949097784903786240e-02,-1.406142761451075265e-02,2.499489159368334379e-02,2.783969027247690242e-02,1.630356509466140622e-02,1.175357291612267631e-02,-9.729499076363497256e-02,-1.642417953655552626e-02,-1.403395585551454328e-01,1.491016420093122484e-02,-8.286027911366512788e-02,7.964362531755194569e-03,-1.875005961375245112e-02,-1.713311920134648614e-01,-2.334048088396166454e-01,-8.117758882340302129e-02,-2.640481267152410272e-01,3.891314213152815421e-02,-3.681595946641483263e-02,1.057632789922339084e-01,-1.051667929214006175e-01,1.214030554867275985e-01,-6.926757332072608353e-02,-4.196189856338883306e-02,1.872651184777748487e-02,4.009015222325578581e-02,-1.765532622968456200e-01,-4.045215952480810812e-02,4.078978355630023117e-02,-2.374006001872069893e-02,-2.250152941680331753e-01,-3.825845337217342879e-02,4.025440670359837353e-02,-1.369489413223119734e-01,-1.282792859456402257e-01,8.280417196988411332e-02,2.213635233799201296e-01,8.123501381347786321e-02,1.350937605874767689e-01,1.866429032616865324e-01,-4.078245629698228764e-03,-3.360858655373798881e-02,2.152679105936474158e-01,1.075709837368714616e-01,-1.012718274034157540e-01,6.568131193176010574e-02,2.209173151118687395e-01,-4.112517169713839765e-03,-8.940454120338958699e-02,1.178832725461662900e-01,-2.034921197709154417e-01,-1.085098507568806603e-01,-1.587492925515244790e-01,-1.662170347099754253e-01,1.207857857566733972e-02,-4.138975695214850564e-02,-1.805865079003368678e-01,-1.027432085128772432e-01,2.801832887913948203e-02,-1.085032630225854916e-01,-1.751923135260849973e-01,-3.935785409500420357e-02,-5.368383031396841733e-03,-1.689835835137306619e-01,-1.913904899896437528e-01,-1.426960188162241794e-01,-1.075465884423504881e-01,-1.411853100321464605e-01,-3.321270590201243211e-02,-7.347924547481855806e-02,2.770139190165750789e-04
2.591955646482331233e-01,3.711421205802968859e-01,3.537712171833960473e-01,1.000000000000000000e+00,1.376622903886393079e-02,1.538738515811134688e-01,9.651226241545558804e-02,3.414544108749430484e-01,1.994455172982545835e-02,8.392287298451654720e-02,2.329573252351325174e-01,1.480280819735896869e-01,-1.578021826193405364e-01,-8.820666113595942992e-03,-1.051862807820346801e-01,6.147757578295789081e-03,1.552700665284453829e-02,-6.967426399743016120e-03,1.700601456312610393e-01,4.408884236311594318e-02,-6.854471528208818699e-03,1.159742339578825471e-01,9.202470474786988985e-02,1.099650636632940881e-01,1.429610339628447080e-01,7.721612310137627999e-02,1.636197281036848861e-01,9.316899066658584916e-02,1.727701233550188800e-02,-7.133279297166551097e-03,9.584039926028610490e-02,4.922253843002223628e-02,1.472269625017592620e-01,-8.315157504784391473e-02,2.248935127273755941e-02,-1.219864829593203526e-01,-6.717435371179743264e-02,-4.351407416982484844e-02,7.942343939952632367e-03,-8.622749418688164733e-03,4.111818721440398811e-02,3.909089373931808747e-02,-1.516069971090757557e-02,6.563047137586241683e-03,5.961645439502469973e-02,9.581081286181054868e-02,7.331684972508009657e-02,1.039138328597890848e-01,1.518660609568488751e-01,1.199813147700776877e-01,1.069156434303533687e-01,5.805181340162894783e-03,-1.162939730309971720e-01,-8.597868582481664468e-02,1.181441844174544037e-01,-5.362942904759625956e-02,1.695461474078496095e-02,-1.187249782962506300e-01,-7.855334019299096970e-02,-2.591599455540125052e-01,-6.946151224025423621e-02,-1.960234827904539789e-01,-8.112680718116795781e-03,6.358174682160581785e-03,1.668449176797724264e-04,-1.585005972522145756e-01,-6.268066338133625182e-02,-1.055345480291269671e-02,6.708292953371199942e-03,-1.338047259752000728e-01,-9.517702359915131832e-03,-4.017998309430599602e-02,6.465921046205292538e-03,-1.033696568436531273e-02,-1.392151027479223042e-02,-7.281944975980292334e-02,6.213249293316784605e-03,-1.021072617963910203e-02,-1.288955386035459810e-02,7.840579307330498848e-02,6.362689214725082698e-02,1.494973584873014738e-01,-4.677335340196746294e-02,1.174441599063206915e-01,-2.494922758709285614e-03,5.504081114184790346e-02,1.464846223910695189e-01,1.468264878710925925e-01,-2.643411758100187511e-02,1.202216638314518478e-02,1.891209655125692668e-01,7.863606017899213430e-02,-7.663793810038274645e-02,8.390551521159211878e-02,1.860538519886678899e-01,-4.002777754638709579e-02,-1.866141373413866475e-02,-2.029186254503196063e-01,1.912998699413361384e-02,4.030613774320800785e-02,-1.858896680340864638e-01,-1.134212107918313311e-01,7.383956731450899702e-02,-4.838302051683068816e-02,-2.033080958297876495e-01,-1.218020974884566343e-02,1.018003603320382679e-02,-1.346521008688064402e-01,-1.623923874252015953e-01,-4.020454280680450798e-02,-7.903440443133473436e-02,-9.665004707433709485e-02,-1.595564471270780743e-02,-6.921837282260041857e-02,-5.799018765889786542e-02,5.462391695815900505e-02
2.907749715924923262e-02,2.340896266815824939e-03,-3.676906909475962520e-02,1.376622903886393079e-02,1.000000000000000000e+00,-3.499511692370666643e-02,-7.597406890729588302e-02,1.612361363242546808e-02,-6.981396134990557056e-02,4.060218737124745778e-03,7.231492365849648274e-02,4.551168102112277541e-02,2.433696633253761878e-03,-9.995604957227622878e-01,-1.189756697771453438e-02,9.994574246814894591e-01,4.829590175241066374e-02,-9.995137042021291496e-01,5.594026250303583969e-02,2.179992952176481105e-02,1.919452826953896296e-02,2.928932012345505931e-02,-4.324429499910147079e-02,-1.674517300130759154e-02,-4.605802412778126770e-02,-8.366617742402188140e-02,-3.653571961621946557e-02,1.729279891666928304e-01,-6.641002358194056376e-02,-9.995044340953016526e-01,7.350099342747389193e-03,-2.174354897063850156e-02,-1.480371349331553732e-01,9.403970433094684112e-02,-6.324641368410384434e-02,1.686289117416779615e-01,1.944401600137746489e-01,3.943390674145479807e-02,9.995454092814592961e-01,-9.994422327014466090e-01,6.780113616564674428e-02,-1.031912660711854501e-01,-5.770038842179794208e-02,9.994479906901002630e-01,-4.438789803773598303e-02,-1.445849345843589484e-01,-8.240390765623986646e-02,-2.580557199502939505e-02,-5.834268654279258642e-02,-1.105025598493629885e-04,6.553103542843044527e-02,-3.482917319983507010e-02,-6.667347164105517920e-03,-1.071192889106406948e-01,-5.102260887634309759e-03,-1.610980649500028117e-01,-2.444572121999731562e-02,-6.565874879869814783e-04,1.715174907777146721e-02,3.481541718171370786e-02,5.309635859199665631e-02,-3.597550349079233541e-03,-9.995511724312086121e-01,9.993717394315090319e-01,-5.754960623641196260e-02,-3.758585380359902306e-02,-1.168571995377261086e-01,3.574110375991548100e-02,9.995239352820167733e-01,-9.713931687607012255e-02,-9.995222866864300615e-01,8.414891500934201796e-02,9.994735223521452605e-01,-9.995550431715120032e-01,-7.090377065104647505e-03,9.177815119496880725e-02,9.994036374476124029e-01,-9.995386639440649867e-01,6.305352436767364122e-02,1.073297674933897938e-01,-1.288546432847463737e-02,-3.114599454692242378e-02,-5.025763214942630119e-02,6.090065688058399901e-02,-1.152857888900988836e-01,-3.196823533425223809e-03,1.201751736889267730e-01,-4.625266587116971112e-02,-7.873254467303918147e-02,7.572192035004005062e-02,6.558891660393452450e-02,-9.078341864502359471e-02,-2.952556410595724018e-02,9.887889563594307041e-02,4.094401725932053648e-02,7.790452169721144571e-02,4.664594961133205347e-02,-2.267996775292859327e-02,1.080390285757032026e-01,2.160423262161088528e-02,-9.230609996898313241e-02,3.966262136882893474e-02,1.114428148621763731e-01,-4.315938384085748342e-02,-6.714943965117770031e-02,9.232081107594261593e-02,9.995220498609428406e-01,-5.718766074479197936e-02,-8.710754175365448965e-03,8.103989737961407591e-02,2.034521367381041113e-02,-5.380979846436252829e-03,2.410007485146940798e-02,-8.754898345603341625e-03,-3.792643644927283508e-02,-7.794937990599108690e-02
1.494031632443932334e-01,2.205897976058859011e-01,7.508011319365842651e-02,1.538738515811134688e-01,-3.499511692370666643e-02,1.000000000000000000e+00,5.131311658210943039e-01,4.321240237279473928e-01,3.573266643615305993e-01,-1.180981188860131537e-01,-5.877360554091488887e-02,2.008915463836316306e-01,1.210362605285895260e-02,3.986523734061615115e-02,1.517492484824040366e-01,-4.126410715702900911e-02,5.814012654294130507e-03,3.822960031029425110e-02,7.737635816891529073e-02,-6.306036145850422991e-02,-7.660558993609420386e-02,3.829595382166012252e-03,3.438452979872275161e-02,1.003131678734324322e-01,6.413530300491621094e-02,1.438475401509100270e-02,1.025047901309775189e-02,-6.883234846865771139e-02,8.043688202621572525e-03,4.024650072675189233e-02,-8.144605349115510706e-02,-1.056235096537621633e-02,9.699477764554059744e-02,-1.191647601780667851e-02,5.772052945055920065e-02,-2.776100759460518007e-03,-1.052952796166823912e-01,8.727565516867709372e-02,-3.789966221536610752e-02,4.264371142126437836e-02,-2.046840990948024797e-02,3.372648795481222872e-02,-6.916993959655075297e-02,-4.337559135216060430e-02,-2.097293310520471910e-02,2.295485441755299241e-02,-3.601414372426561816e-02,-9.989885897108113921e-02,6.933786975783239048e-02,4.413247969663976894e-02,-9.095917956518015379e-02,-2.590632591363241713e-02,-4.324988356058558775e-02,-6.889810546280546177e-02,4.657252803672866370e-02,-6.810915228767744356e-02,1.146588254431778336e-01,-4.704334190205362864e-02,-1.582694208902715727e-01,-9.934284973078139069e-02,-1.241148810946444414e-01,-1.335321278816606894e-01,3.935758016496795214e-02,-4.159786056301974927e-02,-1.618047815987155025e-01,-1.307871848864202990e-01,4.854415902745844169e-02,1.910246152331143421e-01,-4.123313669161964012e-02,-1.057725040702848646e-01,4.288889809762697070e-02,1.338650069275945931e-01,-4.215351307990539143e-02,4.102384157604007514e-02,1.983136135230112729e-01,1.756824510679586698e-02,-4.228014736455743688e-02,4.268309669907073556e-02,1.576984146833663447e-01,2.361796926330501922e-02,1.758049501954559724e-01,5.914895270759496643e-02,1.072904467618518293e-01,9.860051089122291723e-02,-7.456394679878453058e-02,-1.401661734410143412e-01,2.021545010483539670e-02,5.668352868315852666e-02,-1.350308516524909852e-01,-1.428763667946442439e-01,4.892041376838932726e-02,-2.271880817691527069e-02,-1.710664381314326299e-01,-6.586523512908962208e-02,9.107107528902434745e-02,9.211972970614595857e-02,1.794520343634402604e-01,9.572477623724122420e-02,2.819175824997069771e-02,-1.885172275917447737e-01,-3.105955324792784508e-02,1.446205646020249647e-01,-6.742176455564963256e-02,-1.790235453052886061e-01,6.390229386489378050e-02,1.051750870620475342e-01,-4.317820908466728919e-02,-1.127076993378154923e-01,1.204414577089560345e-01,-5.404128515130199317e-02,1.626147276060446456e-01,-4.209410228866243553e-02,6.817397996013178918e-02,7.261533373941939616e-03,-4.998535409117082357e-02,-2.693094280303633473e-02
1.410777732347322233e-01,1.830583588361441028e-01,-1.321195518928764204e-02,9.651226241545558804e-02,-7.597406890729588302e-02,5.131311658210943039e-01,1.000000000000000000e+00,3.993117637937961262e-01,3.072288661424907863e-01,-3.451527120887564748e-01,-9.607078832830251436e-02,-5.033792794312081514e-02,-1.475493569146235640e-02,8.233362799600955906e-02,1.406717098071334215e-01,-8.575220985309434107e-02,-1.645007308082884201e-01,8.164351296228450350e-02,-6.783678193265898961e-04,-1.332883108201899092e-01,-1.654708367104595901e-01,-8.967263437593872566e-02,-3.424815585311707239e-02,2.397900518128037381e-02,3.924349917592929310e-02,-3.187858618612809947e-02,-1.502746600730284427e-03,-2.688370604755755192e-02,-7.680315689617288333e-02,8.259405346335071951e-02,-7.464118462194467563e-02,2.246561635319196254e-02,1.024446807090351186e-01,-1.234609635742668077e-01,3.666527024842483606e-02,-1.242450730421345434e-01,-1.920183129387828813e-01,6.491760267891998580e-03,-8.108326763902194700e-02,8.634106004603007978e-02,1.801415208046373492e-02,6.767252927773188820e-02,-1.936586755132190668e-02,-8.548197635190503407e-02,7.348031728532031237e-02,1.013686617275718627e-01,4.500338715017969393e-02,-6.656739844934787820e-02,5.521281197750999015e-02,-6.421265164417765126e-02,-5.088739924302967954e-02,3.510498450691755534e-02,6.904926646661961598e-02,4.014459080765914872e-02,-6.214035670844512277e-02,2.321591590369874100e-02,1.207437218500663351e-01,6.507301368293107180e-02,-2.246489677304677746e-02,-3.806808374310000770e-02,-1.941396404901875039e-01,6.421101256502130539e-03,7.989450118672600243e-02,-8.591480721698084577e-02,-2.530449375679346691e-01,-1.088353391898208289e-01,-7.380429746959286941e-02,2.381333190665981814e-01,-8.241632289999860361e-02,-1.724616060451995281e-01,8.487473931240903380e-02,2.518351164801855835e-01,-8.464987305598638268e-02,8.162503572265476792e-02,1.975207124789677138e-01,1.648705007664225120e-01,-8.608855271258955555e-02,8.411559237337594419e-02,2.561378957140366674e-01,1.636777521606733454e-01,1.205033867252740115e-01,-8.432551452075105758e-02,2.593656789294617945e-02,4.452554752056470805e-02,-1.994847790399810195e-01,-1.320216008123284712e-01,1.108839184965610125e-01,-4.895809086003098665e-02,-2.333251395622558955e-01,-3.423488319405002672e-02,8.402140911905585374e-02,-1.693056036405971576e-01,-1.848055980981416768e-01,4.659334733641059406e-02,6.472295847519035639e-02,2.223739458973325589e-01,2.392961827583473811e-01,1.329491279972941364e-01,1.758938308907238568e-01,-1.767812343863858771e-01,-7.395895100565223756e-02,2.371246443256892489e-01,5.226995712300371022e-02,-2.164786924642473354e-01,5.772232299538151978e-02,2.384901150065875941e-01,-8.526483059971329270e-02,-1.732964408210546925e-01,1.820455433889992536e-01,1.290538925996500275e-01,2.206970840311668902e-01,8.541526152577653963e-02,1.472575839563274591e-01,5.614535345969821206e-02,2.671736123268245860e-02,9.584216061027267877e-03
2.030726307202612158e-01,2.722133989762253736e-01,2.193068592113160964e-01,3.414544108749430484e-01,1.612361363242546808e-02,4.321240237279473928e-01,3.993117637937961262e-01,1.000000000000000000e+00,1.560542653759771914e-01,-5.549028204540338433e-02,2.498511451967677377e-01,2.627523550538531927e-01,-1.606665757528772664e-01,-1.332032257917558499e-02,1.566960327239037554e-01,8.205857820125858279e-03,-3.287326784438544119e-02,-1.179388710077322079e-02,2.351430304556990647e-01,-3.420312505248455925e-02,-4.589760388821147868e-02,1.094233647085447042e-01,7.597608696171152809e-02,2.573238173624559089e-01,2.081919777552818096e-01,1.616246631611210072e-01,1.846780774159504923e-01,7.679223548236124852e-02,1.289149371742891459e-01,-8.740803135834236334e-03,1.027676413138620820e-01,1.186878637991434227e-02,1.664025412673987570e-01,-5.938011031852922367e-02,3.703534874981197905e-02,-1.061240794726602821e-01,-1.057212632448692458e-01,-3.378304433317838584e-02,1.085813430534057940e-02,-9.282799662816742028e-03,7.035074159146904871e-02,6.445850729377295904e-03,-6.068965068258096868e-02,8.435951282868657877e-03,2.341062338023753436e-02,9.895517257143164602e-02,5.263989408015352575e-03,-1.033798404612604367e-02,9.898484227645834577e-02,7.420362104289798810e-02,-3.817756213872786769e-02,-5.765596664989419695e-02,-7.067708431123780055e-02,-1.320301464576893735e-01,7.468109078015373881e-02,2.807432200175983758e-03,7.835710548622216998e-02,-7.601830570814308019e-02,-1.545095148799757456e-01,-2.452705422640645838e-01,-1.727711478197678230e-01,-2.604554821010285348e-01,-1.447954143325566774e-02,7.206309662963697980e-03,-1.825983766685346787e-01,-2.994316991958735907e-01,-6.393364985546705348e-03,1.903953712709972879e-01,7.295847688758511432e-03,-2.450767998703456407e-01,-8.385098769493561435e-03,9.337941862363852152e-02,5.786019434993485561e-03,-1.216895560260149514e-02,1.905010527520419050e-01,-6.309540810214218920e-02,5.786714403566253426e-03,-9.585493084635623648e-03,1.503471011845745886e-01,9.926242465311249652e-02,2.476778285925490541e-01,2.076628242575970229e-01,1.082890868480743257e-01,2.518930935872766841e-01,-4.572436098536008381e-02,-1.431133009758675523e-01,1.503828010781502467e-01,2.177218306886801735e-01,-1.643055023743531518e-01,-1.354697927662211476e-01,2.402648203308676289e-01,6.265216200623956178e-02,-2.477772485472831965e-01,2.696381190543314932e-04,2.721628849806907446e-01,3.515048523080518961e-02,1.629308452858496958e-01,-1.001185453183008195e-01,5.249161987188774581e-02,-1.634907587472708979e-01,-2.225136279240307602e-01,4.355463637998641113e-02,-3.396625127127132077e-03,-2.392866807605237289e-01,-1.418484921511045660e-01,9.393615694613419165e-02,9.074243802630508129e-03,-2.607754733590323948e-01,-4.888982446138532417e-02,-7.956677571626873113e-02,6.345950625761867525e-02,-8.335061485960493233e-02,5.766166218075090277e-02,2.158339161791347424e-02,-5.493196784495847293e-03,2.744169910975311974e-02
7.469800452508162936e-02,1.766738615745560570e-01,1.899335924618383298e-01,1.994455172982545835e-02,-6.981396134990557056e-02,3.573266643615305993e-01,3.072288661424907863e-01,1.560542653759771914e-01,1.000000000000000000e+00,1.241583366996728138e-01,-1.222169656219660588e-01,2.402256568342464038e-01,3.048912541882040639e-01,7.678355123254942960e-02,2.557078626324358339e-01,-6.867800128302173346e-02,1.826049163912656093e-01,7.289053511104150174e-02,4.289094863258037515e-02,2.015850588966053639e-02,4.135468819584305587e-03,1.486181755949076422e-01,1.777626267913878233e-01,1.862159344181616161e-01,1.587949867045246599e-01,2.965761351194883336e-02,7.064909042500583380e-02,4.217566143140814156e-02,1.684918192746098775e-02,7.256487099359998361e-02,-2.136382358241079860e-01,8.030848249619354853e-03,3.463078917027311715e-02,-1.289805534652589680e-02,-2.633195245248470123e-02,-2.429551986161464228e-02,-8.235981310017677359e-02,5.886895221185896310e-02,-6.878307232208009936e-02,7.491018186125639189e-02,-6.894757803455170420e-02,5.883928456925123507e-02,2.371170807733159053e-02,-7.373173349928777154e-02,-3.133809349107793268e-02,-6.022679316630199370e-02,-1.138992097392541453e-01,-1.693559551686933118e-01,-1.343842065438372035e-01,6.596920999838251642e-02,-2.250633650766246940e-01,-1.913606331181767484e-01,-7.282248398752652618e-02,-8.615142243219656160e-02,6.901703119795389585e-02,-1.450495187784772433e-01,-2.056235183268882369e-02,-7.439274094597056464e-02,-1.877038157942978180e-01,-1.355080143253572789e-01,-7.627557903517942495e-02,-1.525720473278155409e-01,7.595943333114281437e-02,-6.835981795871895472e-02,1.005446787629429434e-01,3.442423118194609666e-02,2.697587128510028354e-01,-2.783451517104465825e-02,-7.648972690742592007e-02,1.822299751958059155e-01,7.688598012831221462e-02,-1.530523182261799287e-01,-7.344261658801957970e-02,7.989349622495897640e-02,4.648747459503981688e-02,-2.029097302056056540e-01,-6.997627905891033728e-02,7.822869418287344001e-02,-1.234462656258706603e-01,-2.678224925475242157e-01,7.434643877200855511e-02,1.357789359348799130e-01,1.631536838292608482e-01,1.438296932287213593e-02,2.112795556138785669e-01,-6.267133925634485458e-02,-2.301309601889352241e-01,9.938916570939901329e-02,1.627840727574327850e-01,-1.959693407310596491e-01,-1.651117772701662101e-01,1.932210127278982115e-01,5.468405669403798158e-02,-2.510457604937502141e-01,-5.779231666414430535e-02,-1.929882699187323303e-01,-6.863733818741679649e-02,7.395421569826872432e-02,-2.573253841441087708e-01,-8.345580534778700155e-02,1.893484500093774725e-01,-6.244434514684449322e-02,-2.632706041096646854e-01,5.729543101769649094e-02,1.486969775226407720e-01,-1.911616501325301143e-01,-7.695683939438457966e-02,1.402327002025240965e-01,3.574461564365303406e-02,-2.048463530654994202e-01,-9.425231610217686684e-02,-1.222975332764428824e-01,-1.250843968502230452e-01,-6.984666837099108572e-02,-9.639638495199082113e-02,-4.330476514991695586e-02
-1.362123497924065153e-02,1.599399102429575545e-02,2.061725639266644983e-01,8.392287298451654720e-02,4.060218737124745778e-03,-1.180981188860131537e-01,-3.451527120887564748e-01,-5.549028204540338433e-02,1.241583366996728138e-01,1.000000000000000000e+00,3.100221739596082937e-01,1.010303936735881727e-03,-8.727008025709645511e-02,-5.003947374203821484e-03,-4.160003565890707522e-02,1.227680657824955189e-02,1.820995342401704464e-01,-6.204304685826454550e-03,1.525826931744895809e-01,1.852865620745169084e-01,9.239347178063209154e-02,1.631318814329726918e-01,7.443238853200621896e-02,5.579220693357302835e-02,1.252702299234398076e-01,-1.495564035019547600e-02,8.532848032844295161e-02,-4.723917997456996559e-02,8.480809123417776610e-03,-7.987010345092342839e-03,-5.620248754835778515e-02,3.688285655633658650e-02,9.866873612505691962e-03,1.148859300934213928e-01,-8.833600510966853336e-02,1.378047628775002920e-01,1.308771108437184472e-01,6.073543193945676877e-02,9.620207643863060501e-03,-1.066096437957057830e-02,3.752467333196164343e-04,-7.089047779213293599e-02,1.817033812514950953e-03,9.915644090302242614e-03,-9.836615544776611264e-02,-1.242192564529453341e-01,-9.780650979933251665e-02,-5.686900365264173363e-02,-8.934720648563179712e-02,7.952729932281840663e-03,-3.206620579904359558e-02,-9.072593640665682635e-02,-1.214228882894553482e-02,-7.320994554185518421e-02,6.873227671063672495e-03,-4.965823466812192832e-02,-2.595363575134277540e-02,-1.041065145501951332e-02,-1.312897114768432801e-02,-1.117741415080044654e-01,5.563470261002642636e-02,-9.509610603549160934e-02,-5.129721564572452437e-03,1.161587819819508496e-02,2.456174330943023953e-01,3.580871657477561337e-02,8.638664659735958984e-02,-2.140856677015626763e-01,6.139440751287748507e-03,1.260833884085340861e-01,-9.455731534166766580e-03,-2.623021168531383673e-01,8.355018532562074815e-03,-6.956129616712204873e-03,-1.632989786457544334e-01,-2.154514947342461018e-01,1.024486345150574067e-02,-9.129748175713199229e-03,-2.495580824433741574e-01,-1.524373794333829246e-01,-5.783148680714468581e-02,1.535297837714861280e-01,-1.786078587850417621e-02,4.208480314950785450e-02,2.038055283932068418e-01,1.021371022306688386e-01,-6.344698052882020989e-02,1.204788425570687965e-01,2.144108476680242903e-01,2.390173322286431694e-03,-9.982613701784036689e-03,2.122773449981857352e-01,1.367600042557415574e-01,-4.211546684286232578e-02,2.573936996075130990e-02,-2.476443082671511697e-01,-2.306891262212444893e-01,-1.954580259016171773e-01,-1.855910167960505841e-01,1.556322270718760725e-01,1.218029666420067901e-02,-2.671004742201302240e-01,-6.324157577300620892e-02,1.778421069555934930e-01,-1.085658481968534844e-01,-2.496986812081822826e-01,1.013749682078759172e-02,1.254977419427186769e-01,-2.162109410650561170e-01,-1.853849556417738187e-01,-1.582423936442954315e-01,-1.285756577979010606e-01,-1.454095550072743992e-01,-7.220268629558423967e-02,-7.067424398285918064e-02,-5.899845843068912687e-02
1.214073932082115614e-01,1.356149633423399670e-01,1.095971913629701228e-01,2.329573252351325174e-01,7.231492365849648274e-02,-5.877360554091488887e-02,-9.607078832830251436e-02,2.498511451967677377e-01,-1.222169656219660588e-01,3.100221739596082937e-01,1.000000000000000000e+00,8.773398471883793459e-02,-2.266371076017381081e-01,-6.934161831623414374e-02,-1.897795899438267306e-02,7.055632874715055125e-02,2.383681063418214424e-02,-6.699660922110466099e-02,3.534368382063929892e-01,1.925022455673927879e-01,1.613677047935405950e-01,2.688254836927813085e-01,8.602005021977561505e-02,1.323009900554642793e-01,2.839599229764983024e-01,8.307105183755778000e-02,2.535716201414603410e-01,1.101345798107775248e-01,6.987755299251166563e-02,-6.850473733212664174e-02,1.824066689589038670e-01,2.392575105769334243e-01,1.762693341619715470e-01,-7.708020184335490077e-02,-1.216937230795257785e-01,-7.166242214003329392e-02,-9.228791856613889621e-02,-1.878886426520521083e-02,7.114053714796148009e-02,-7.163155634657698834e-02,4.823110355552964745e-02,-6.592840693952130293e-02,-1.722664968185678297e-02,7.345332339608363903e-02,-1.202745682715797813e-02,1.844370555559430398e-03,-3.404377692629537849e-02,1.730094391069922702e-02,1.890280311421277046e-02,1.406867129272721673e-01,-1.878769542336101994e-02,-8.695908838761073900e-02,-1.416031855908410630e-01,-1.729506261695078206e-01,1.367122282913623976e-01,-4.127181935780119271e-02,-1.450682593336495296e-01,-1.382102745572194868e-01,5.521753964299405681e-02,-1.843855011595491034e-01,-3.543560811736903154e-02,-1.722792312274328830e-01,-6.866340590792423260e-02,7.359413449313413624e-02,2.328729831731222166e-01,-6.157255649403665237e-02,4.212169887024114212e-02,-2.205271534118325716e-01,6.713807104524818770e-02,3.739728683866871267e-02,-7.289401417019103491e-02,-2.855358610112190276e-01,6.963944714319103557e-02,-7.046036006136245644e-02,-1.757309295044114927e-01,-2.525747382366827498e-01,7.200537144799708245e-02,-7.282055564296770200e-02,-2.435374783285378097e-01,-9.040579759291149375e-02,-2.988956760553930850e-02,2.227873746231852914e-01,-5.882259545576160736e-02,9.004946401037366988e-02,2.216454125384144103e-01,1.425434599023986115e-01,1.238028125502751639e-02,2.278911339012259785e-01,2.046327803925392375e-01,1.925305579380445081e-02,1.046285339780746865e-01,2.595932076798574406e-01,1.021746216477700253e-01,1.701530735075096334e-02,1.254607477359145629e-01,-2.717715297098288740e-01,-2.425532566558162573e-01,-3.257104203010698362e-01,-1.625546168467257580e-01,1.836795029361464604e-01,-1.050124278172968884e-01,-3.324847794216447827e-01,-1.247292849021852494e-02,1.506324994796678918e-01,-2.487883420658648370e-01,-2.598740763775230778e-01,7.436824811955194958e-02,3.040574257485390008e-02,-3.558894282024782640e-01,-1.661913487092913366e-01,-1.079930948725507239e-01,-6.256248726455973519e-02,2.179740944672283950e-02,-3.093923463088341444e-02,2.105468784112814878e-02,6.291923769659565902e-02
5.885362039530067646e-02,2.194396626884967672e-01,2.119469915811304506e-01,1.480280819735896869e-01,4.551168102112277541e-02,2.008915463836316306e-01,-5.033792794312081514e-02,2.627523550538531927e-01,2.402256568342464038e-01,1.010303936735881727e-03,8.773398471883793459e-02,1.000000000000000000e+00,2.036852912358016188e-01,-4.639520097890204725e-02,1.223671222708625494e-01,4.547391072055833455e-02,1.733851656398535390e-01,-4.254834140506825318e-02,2.288548074237867769e-01,1.067166760426428995e-01,1.347130575961028864e-01,2.828822953658196582e-01,2.718266835712294660e-01,3.686182404064086704e-01,2.903399587348764466e-01,1.937573761383817039e-01,2.802680750097120699e-01,1.115587308544387646e-01,1.628795487142626619e-01,-4.414709712939834246e-02,-1.883523500324357780e-02,1.236366546644659115e-01,1.065164561753561973e-01,9.856553241870289958e-03,-5.000941050960224649e-02,-3.579679168043375243e-02,1.540186488687958141e-02,-7.637333596824906479e-02,4.304330096919709719e-02,-4.343419115015033360e-02,-4.333797358645919556e-02,-1.351008273887023547e-01,-2.464691494276451469e-02,4.583789869331358902e-02,-8.023797396473740517e-02,-1.145177993735471689e-01,-1.711639250080314867e-01,-3.543083292102530701e-02,-1.094865066196456099e-01,4.744512691407740818e-02,-1.412566447641230294e-01,-2.440888313215977268e-01,-5.347710522971518832e-02,-2.574939082021269199e-01,4.769800556632866617e-02,-7.598376074486441756e-02,7.638921696316811061e-02,-5.619137472231561237e-02,-2.706249580811497246e-01,-2.886548131029844644e-01,-1.075366774309900741e-01,-3.454020679042867359e-01,-4.432524219526013526e-02,4.548795107229989393e-02,2.825112705150676501e-02,-2.347932739787824685e-01,2.950057940724518657e-01,6.272186692412827502e-02,3.811151203822294581e-02,-1.329125462148234840e-03,-3.911590489527578401e-02,-1.730766737709689140e-01,3.933749781749056040e-02,-4.008003948290706636e-02,1.577195032317114110e-01,-3.523835843297009607e-01,4.257505337408443863e-02,-3.925559676324182762e-02,-8.296888056368419140e-02,-2.369695128192846612e-01,2.743708724870272953e-01,3.929398922575699227e-01,2.921080789535218103e-01,3.046627474299765659e-01,2.429808911960061046e-01,-1.952773677721683088e-01,-1.077901416467618723e-01,3.601267708681843427e-01,9.034224681476558938e-02,-3.365091694356129315e-01,7.145888806634052848e-02,3.529761599019957674e-01,-1.433276935990156764e-01,-2.712679506913460714e-01,2.238483712625245203e-01,-2.562206979564378151e-01,-1.138044920013925315e-04,-1.092373728591411047e-01,-2.796521787036115314e-01,-1.800207607501126683e-01,-2.926691832429016010e-02,-1.234474370263092813e-01,-2.901831129295385781e-01,-1.045944483436757749e-01,-3.772998389135755193e-02,-2.055326276543517072e-01,4.002986598797805828e-02,-6.551604029303691179e-02,-1.081840020459090973e-01,-3.535137706285564896e-01,-1.833767119593197881e-01,-2.390520910898073503e-01,-1.562688333277497121e-01,-9.941765222262201329e-02,-7.676073569226785076e-02,-3.587292417472672489e-03
-1.222801256487103944e-01,-9.508794664597816637e-02,1.749731682409699784e-02,-1.578021826193405364e-01,2.433696633253761878e-03,1.210362605285895260e-02,-1.475493569146235640e-02,-1.606665757528772664e-01,3.048912541882040639e-01,-8.727008025709645511e-02,-2.266371076017381081e-01,2.036852912358016188e-01,1.000000000000000000e+00,3.749553200018749480e-03,2.223230426514097302e-01,1.158384218619240569e-02,2.161203077113701132e-01,-7.295126836001037361e-03,-9.008947619538433538e-02,5.048362459769440563e-02,3.264036179413718625e-02,-1.556529281359826655e-02,1.785536647990794423e-01,4.844398894482172813e-02,1.934502113086231795e-02,4.177090953574683768e-02,2.111537039227567511e-02,2.434363561658484457e-02,-6.967627907814012006e-03,-1.007338343589439869e-02,-3.279528439460787093e-01,-6.199804630637577307e-02,-9.375205728466347310e-02,1.289928162875110806e-01,-3.425866902885919135e-02,5.817918206804243569e-02,1.280502308636087272e-01,2.184293000060815847e-03,6.468324139312540792e-03,-7.957568578932075823e-03,-2.624123584235374951e-01,-1.596383397523588321e-01,-8.166274607880980030e-02,7.331534844988113128e-03,-2.730885247015740203e-01,-2.924104483670427745e-01,-3.461015755134475569e-01,-2.938951841053286662e-01,-3.272165172826544954e-01,-5.477351522412298584e-02,-2.712003261124004694e-01,-3.240824046607113651e-01,3.984943833486805781e-02,-8.934879481628547893e-02,-5.135415748501113986e-02,-1.162949187879020324e-01,-7.742317065952210309e-02,4.207626772712903807e-02,4.781366675903922503e-02,3.798617871081646363e-02,1.970434247688511997e-01,-4.681745870984585847e-03,-3.224301975450114075e-03,1.467605481475930951e-02,1.014976631088961440e-01,2.174105623533046927e-01,3.994529808214791755e-01,-3.411556119027448104e-03,4.555843542472865632e-03,3.664931821649573540e-01,3.212391797996784742e-04,-1.324431129972938603e-01,8.010012665565497195e-03,4.061842378773298720e-03,8.819440533223793510e-02,-1.580218305875690232e-01,1.225477604415548503e-02,2.379226393136676769e-03,-1.229652882505130052e-01,-4.025707356183814700e-01,9.914425202496629855e-03,8.673249922751367783e-04,2.686799048139696389e-01,-1.540500815607398488e-01,2.756171973757869376e-01,-1.440822345386232883e-01,-4.629349598242020747e-01,-5.501115399557938296e-02,2.398530695572671234e-01,-2.476283076123664273e-01,-4.206104463170002306e-01,1.396333853855175056e-01,1.468765089578066008e-01,-4.099689089572420286e-01,-2.852916236528530991e-01,-1.791534595595893065e-01,-4.930146780343378637e-02,3.323846969866962042e-01,-3.324346984148395245e-01,-1.647640860072321634e-01,4.453355120853226268e-01,7.048607022201770766e-02,-4.088790522225513313e-01,1.133566052268280833e-01,4.320346851223956230e-01,-2.061822209128521544e-01,-1.198629600730557630e-03,3.410667233417557509e-01,2.457219435652581441e-01,-1.661923887625708918e-01,-1.851307358701066441e-01,-7.685057767080031785e-03,-1.315436062666683892e-01,-3.659722610868135911e-02,-4.526593213665800614e-02,-3.366433028075987988e-02
