1.000000000000000000e+00,4.184588372945545753e-01,2.172795482476006235e-01,-2.851845153127849711e-02,1.443074455977582937e-01,1.157574499654855371e-01,3.399739008458212142e-03,5.053575981571321180e-02,-1.026670331847862327e-01,-1.327129359148601362e-01,-1.408934581944664699e-01,-1.598868936043472411e-02,-1.115333338840907712e-01,-1.184058697986303532e-01,-8.016349706691425214e-02,-3.132498461940879525e-02,1.027106662556893507e-01,-2.332558544547099280e-02,-1.005249938309651508e-01,-5.507703287440901541e-02,-1.061336279583755121e-01,9.488796413181556366e-02,-1.063787544345709407e-01,-1.820929125036341023e-01,-1.137628589846754468e-01,-8.665826805478392403e-02,-9.780319869052651882e-03,1.369682063055156218e-01,6.210138087814266739e-02,1.827014557401097222e-02,-1.118511580325402405e-01,-8.316574783637659118e-02
4.184588372945545753e-01,1.000000000000000000e+00,5.776290975079685364e-01,1.318957549616020519e-01,6.672955330624052994e-02,1.178360946212486382e-01,9.859794340497383958e-02,-6.147182132074021504e-02,-1.688151754791892001e-01,-2.281672119357989748e-01,-2.971852585684571779e-01,-1.869841449458558014e-01,-2.919110025598331548e-01,-2.339383896436188215e-01,-7.962590734099406209e-02,-4.296727122077451111e-02,2.526002224393176787e-01,2.069810808617793541e-01,1.328843009986517727e-02,1.528803317238738579e-01,1.540220673350810830e-02,-7.861927771379197127e-02,-9.928729992699671103e-02,-1.815476026828928557e-01,-3.622288265204569313e-02,-4.916130335471657203e-02,-1.147886877370778574e-01,-1.131290229007104152e-02,1.196683547288062144e-01,-1.843805601581135212e-01,-3.090421105346183861e-01,-2.867638092951793061e-01
2.172795482476006235e-01,5.776290975079685364e-01,1.000000000000000000e+00,4.267536294579417078e-01,1.339831513684394682e-01,1.384525604310918034e-01,7.217010439656332266e-02,-1.148988473203098326e-01,-2.506993546056818789e-01,-2.579660411129394704e-01,-3.047398971960600389e-01,-1.346634922241307653e-01,-2.403476032981793631e-01,-1.164212213891168551e-01,2.635662521316895629e-02,2.266127905327023837e-02,2.343620638935223210e-01,1.651730581313311796e-01,-1.472991715984411087e-01,7.413859413591249170e-02,1.713727314444887795e-02,-1.055719828566959589e-02,-4.782020261521675863e-02,-2.644063942053657690e-01,-9.271020113791045292e-02,3.835792068710674931e-03,-3.017846452654021280e-03,1.902810364908216409e-02,1.185540704274854334e-01,-1.471998004994198028e-01,-2.604821112766663171e-01,-2.425793461931017858e-01
-2.851845153127849711e-02,1.318957549616020519e-01,4.267536294579417078e-01,1.000000000000000000e+00,3.400007161350638851e-01,1.405695404630891709e-01,8.434359805264959875e-02,7.246116105083529046e-02,-4.659722635203598223e-02,-1.153346534431673176e-01,-2.254361494848737824e-01,-2.071137516938139078e-01,-2.392561255102579332e-02,-1.345643944302931660e-01,1.234278266197435941e-01,-7.024636562699282383e-02,-9.258499755585763991e-02,4.816313623941848726e-02,-5.928266920426548958e-02,9.951312320231824049e-02,-4.459952887411421790e-02,-3.189813020468917903e-01,-1.155086401029420118e-01,-1.057469459521561267e-01,-1.211969268882303746e-01,-5.439735034600005903e-02,-9.322705046677125240e-02,-3.755538304338159467e-02,1.446652775947770697e-01,2.379008061102438898e-02,-9.832208224852079931e-03,-1.655589229417353259e-01
1.443074455977582937e-01,6.672955330624052994e-02,1.339831513684394682e-01,3.400007161350638851e-01,1.000000000000000000e+00,5.486519456904236369e-01,3.777416471302231238e-01,2.960625945350022215e-01,6.007456117215497632e-02,-1.924667340838444596e-01,-3.337118694898408844e-01,-2.946465739351692426e-01,-2.308414787666364099e-01,-2.729853770652233558e-01,-1.119870900198083885e-01,-2.530659552547154800e-01,-5.914334278441429199e-02,1.177640370771379924e-01,7.583476758093936343e-02,2.343025851302657225e-01,1.481251240092976845e-02,-1.612733770812220524e-01,-2.477812193472614666e-01,-1.647772562261181351e-01,-2.052901947800255256e-01,-2.028873289245411993e-01,-1.828068842379425296e-01,7.092171201312880147e-02,2.844067669197592463e-01,6.975485815183402050e-02,-6.132363816598059014e-02,-2.858904008530300800e-01
1.157574499654855371e-01,1.178360946212486382e-01,1.384525604310918034e-01,1.405695404630891709e-01,5.486519456904236369e-01,1.000000000000000000e+00,6.131720977213780399e-01,1.630331259437313995e-01,-8.233112698085397196e-02,-3.539992896973178649e-01,-3.909553882050016971e-01,-3.185528163726919493e-01,-2.330790470086288035e-01,-1.951182179076466905e-01,-1.388250137683974261e-01,-1.164304669275446069e-01,7.901224733846766435e-02,1.295860877375978049e-01,1.544750243766391563e-02,2.216017667103745148e-01,-2.101922094914723815e-02,-1.031765001051589969e-01,-3.615485719434114592e-02,-2.029270700446387798e-01,-1.161590174423783317e-01,-6.487166573114637458e-02,-4.902345301899983104e-02,1.013109096568452355e-01,2.253118775407039476e-01,-6.658733141898414906e-03,-1.585441298734485138e-01,-2.424470950707699746e-01
3.399739008458212142e-03,9.859794340497383958e-02,7.217010439656332266e-02,8.434359805264959875e-02,3.777416471302231238e-01,6.131720977213780399e-01,1.000000000000000000e+00,4.502696281685653612e-01,1.033164393959098426e-01,-2.713790739215533043e-01,-3.096948138781528970e-01,-3.434319425139975013e-01,-1.873229957058662742e-01,-2.015529119268548441e-01,-2.231995791033207222e-01,-2.160065824613754681e-01,-6.276780426451808795e-03,1.250996181525960704e-01,9.395823746531646592e-02,2.611204320473092810e-01,9.079446712726738089e-02,-1.567754223991975060e-01,-8.153574837845538326e-02,-9.163697382107081901e-02,-5.972642635158478819e-02,-9.287569888998178924e-02,-1.776128724333413955e-01,-1.688082971912958224e-02,1.689236819876529516e-01,-6.092608730213781854e-02,-9.288803851625868080e-02,-1.914691107648680835e-01
5.053575981571321180e-02,-6.147182132074021504e-02,-1.148988473203098326e-01,7.246116105083529046e-02,2.960625945350022215e-01,1.630331259437313995e-01,4.502696281685653612e-01,1.000000000000000000e+00,6.016135759866477750e-01,5.585748294932495889e-02,-1.956700431460934309e-01,-2.487582488810834713e-01,-5.997744111858061000e-02,-2.646735730959816624e-01,-9.082776641932537032e-02,-3.018927175685695574e-01,-2.779703214251598165e-01,2.627762789316878678e-02,1.137138227003344770e-01,1.774803068785590354e-01,1.335740919344804156e-01,-1.359792639901834244e-01,-1.799889362818134775e-01,9.560352049334345029e-03,-1.433829403081586518e-01,-2.346507668957004411e-01,-2.222603396835919620e-01,-5.160503298759956670e-02,7.314231805635422468e-02,2.437613151649148727e-02,9.435111471740154077e-02,-1.099735833116185363e-01
-1.026670331847862327e-01,-1.688151754791892001e-01,-2.506993546056818789e-01,-4.659722635203598223e-02,6.007456117215497632e-02,-8.233112698085397196e-02,1.033164393959098426e-01,6.016135759866477750e-01,1.000000000000000000e+00,3.945205533385167662e-01,-1.280118423814155700e-02,-1.015947189939848394e-01,-1.074609690753267066e-02,-1.981340542944797500e-01,-1.211192424837229942e-01,-3.276109201073157950e-01,-3.644387758731346127e-01,-5.151070579466548310e-02,1.233647154348861130e-01,9.383178314075790727e-02,2.113163699796518358e-01,-1.491825853248725069e-02,-4.543626803055469260e-02,1.804562587438724719e-01,2.140897236872969702e-03,-1.190942604774858499e-01,-2.415201245697723986e-01,-2.017319659121027675e-01,-1.373052109405484000e-01,-1.048836213455229954e-01,1.124907802667222817e-01,-1.549816717940695476e-02
-1.327129359148601362e-01,-2.281672119357989748e-01,-2.579660411129394704e-01,-1.153346534431673176e-01,-1.924667340838444596e-01,-3.539992896973178649e-01,-2.713790739215533043e-01,5.585748294932495889e-02,3.945205533385167662e-01,1.000000000000000000e+00,4.864129914104175501e-01,1.768702093544681775e-01,1.186584411129490840e-01,1.037108529650311445e-01,1.489900444482109565e-01,-1.100873157713301437e-01,-2.806214941648553785e-01,-1.676259965264970120e-01,-4.764121708848236686e-03,-1.816110288050322152e-01,-1.216462334511853385e-02,3.478253968733752144e-02,1.174502557574525104e-02,1.896261247315798315e-01,-1.448597036721806751e-02,-1.157585145199310911e-01,-1.109944022999024005e-01,-1.604737485987224876e-01,-1.948328946769644632e-01,-1.930876324199747029e-02,1.363234767097856182e-01,5.777382828808570042e-02
-1.408934581944664699e-01,-2.971852585684571779e-01,-3.047398971960600389e-01,-2.254361494848737824e-01,-3.337118694898408844e-01,-3.909553882050016971e-01,-3.096948138781528970e-01,-1.956700431460934309e-01,-1.280118423814155700e-02,4.864129914104175501e-01,1.000000000000000000e+00,4.137889044920142201e-01,2.610358026758571870e-01,4.407892128146342903e-01,1.924936403551116004e-01,1.083523043675659880e-01,-1.342416605883594571e-01,-2.221753626522053882e-01,-4.084545336328807702e-02,-2.680952765416085848e-01,-6.393199996255924389e-02,1.887819735147157618e-01,1.130633181868982567e-01,1.226507971398334423e-01,5.418089681889840230e-04,-3.439784086202761493e-02,3.418790537150429715e-02,-7.017262482969231774e-02,-2.319506936331357516e-01,1.871880855513190049e-03,1.212968822790796847e-01,1.710613152941099779e-01
-1.598868936043472411e-02,-1.869841449458558014e-01,-1.346634922241307653e-01,-2.071137516938139078e-01,-2.946465739351692426e-01,-3.185528163726919493e-01,-3.434319425139975013e-01,-2.487582488810834713e-01,-1.015947189939848394e-01,1.768702093544681775e-01,4.137889044920142201e-01,1.000000000000000000e+00,4.004710795161592340e-01,3.891452936260318962e-01,3.285118342413513859e-01,2.820125599023300400e-01,9.037832720237570783e-02,-1.679367862121184385e-01,-7.511007994792394393e-02,-3.333894266168807574e-01,-1.289560459380373336e-01,1.802836171344116556e-01,1.204161414811529343e-02,-6.574861702199953639e-02,3.180833313938363771e-02,1.744753634102504461e-02,1.583137677859795256e-01,5.174063691165597251e-02,-1.968106677441350816e-01,7.542443041395299752e-02,1.025262148255774580e-01,1.579883577906827652e-01
-1.115333338840907712e-01,-2.919110025598331548e-01,-2.403476032981793631e-01,-2.392561255102579332e-02,-2.308414787666364099e-01,-2.330790470086288035e-01,-1.873229957058662742e-01,-5.997744111858061000e-02,-1.074609690753267066e-02,1.186584411129490840e-01,2.610358026758571870e-01,4.004710795161592340e-01,1.000000000000000000e+00,4.948230291403075132e-01,2.370925577656667893e-01,3.714198029179867633e-01,-1.229473690820593879e-01,-2.957538352781491908e-01,-2.220199116132672845e-01,-3.102916853994570068e-01,-1.716219783783581310e-01,1.138761905459247104e-02,-2.295022111359601436e-02,-6.876148557039883299e-03,3.573230299311033580e-03,-4.972964726452525075e-02,1.617756604492884276e-01,1.130814556094465323e-01,-1.277575986246382300e-01,1.847387785781569036e-01,2.600350735075064867e-01,2.331862619960451133e-01
-1.184058697986303532e-01,-2.339383896436188215e-01,-1.164212213891168551e-01,-1.345643944302931660e-01,-2.729853770652233558e-01,-1.951182179076466905e-01,-2.015529119268548441e-01,-2.646735730959816624e-01,-1.981340542944797500e-01,1.037108529650311445e-01,4.407892128146342903e-01,3.891452936260318962e-01,4.948230291403075132e-01,1.000000000000000000e+00,3.706497685810415943e-01,4.619609047390120793e-01,9.318142936597978432e-02,-2.633298645646172109e-01,-3.411407961622996421e-01,-4.154224337121895649e-01,-2.116249912913919506e-01,1.548300146790447529e-01,2.588503884177822956e-02,-8.531105639190626755e-02,-7.973245851811876228e-02,-3.899345899641883106e-02,2.672990883065328727e-01,1.390892755586235485e-01,-9.766929545712786653e-02,7.094550981875474838e-02,9.620415916222928299e-02,1.499065217574940545e-01
-8.016349706691425214e-02,-7.962590734099406209e-02,2.635662521316895629e-02,1.234278266197435941e-01,-1.119870900198083885e-01,-1.388250137683974261e-01,-2.231995791033207222e-01,-9.082776641932537032e-02,-1.211192424837229942e-01,1.489900444482109565e-01,1.924936403551116004e-01,3.285118342413513859e-01,2.370925577656667893e-01,3.706497685810415943e-01,1.000000000000000000e+00,4.431004655679991466e-01,1.065915790336520591e-01,-8.711102422855838967e-03,-2.066176098279956796e-01,-2.958790669959693309e-01,-2.564558009655165671e-01,-1.240593387194373620e-01,-1.360181576049259156e-01,-1.575860413857975983e-01,-1.848804703529979276e-01,-1.184737151151816492e-01,1.708068351475499069e-01,9.006007654706313370e-02,8.529425263074411068e-02,1.516377468681050222e-01,4.656839683499254534e-02,-3.958996854719507019e-02
-3.132498461940879525e-02,-4.296727122077451111e-02,2.266127905327023837e-02,-7.024636562699282383e-02,-2.530659552547154800e-01,-1.164304669275446069e-01,-2.160065824613754681e-01,-3.018927175685695574e-01,-3.276109201073157950e-01,-1.100873157713301437e-01,1.083523043675659880e-01,2.820125599023300400e-01,3.714198029179867633e-01,4.619609047390120793e-01,4.431004655679991466e-01,1.000000000000000000e+00,4.467149623686201831e-01,-2.932324956672015606e-02,-3.251544881203662363e-01,-3.393822096117889431e-01,-2.881074054879966262e-01,2.565898085707899248e-02,5.219978588007138622e-05,-9.900695100517412084e-02,-5.708651118700523025e-02,4.777671975436590529e-02,3.693451187823491577e-01,1.398785763275650629e-01,-1.961854347630096612e-02,6.787366539719555392e-02,-2.817094420857515699e-02,5.175908868457352457e-02
1.027106662556893507e-01,2.526002224393176787e-01,2.343620638935223210e-01,-9.258499755585763991e-02,-5.914334278441429199e-02,7.901224733846766435e-02,-6.276780426451808795e-03,-2.779703214251598165e-01,-3.644387758731346127e-01,-2.806214941648553785e-01,-1.342416605883594571e-01,9.037832720237570783e-02,-1.229473690820593879e-01,9.318142936597978432e-02,1.065915790336520591e-01,4.467149623686201831e-01,1.000000000000000000e+00,4.719671312053506651e-01,-5.016385865967560448e-02,-1.150483217567342675e-01,-1.583544951621637109e-01,-1.987183947961105798e-02,-3.275910599812050655e-02,-2.010795324393454264e-01,-4.352065395960479782e-02,3.598729220265802636e-02,1.717072314803236022e-01,5.770504449064048358e-02,9.508777830789137686e-02,-7.443863898077990315e-02,-2.664878636082969598e-01,-1.464148838916695949e-01
-2.332558544547099280e-02,2.069810808617793541e-01,1.651730581313311796e-01,4.816313623941848726e-02,1.177640370771379924e-01,1.295860877375978049e-01,1.250996181525960704e-01,2.627762789316878678e-02,-5.151070579466548310e-02,-1.676259965264970120e-01,-2.221753626522053882e-01,-1.679367862121184385e-01,-2.957538352781491908e-01,-2.633298645646172109e-01,-8.711102422855838967e-03,-2.932324956672015606e-02,4.719671312053506651e-01,1.000000000000000000e+00,3.806140482050287543e-01,2.500210778939747636e-01,1.773325043573544257e-01,-1.727416562343947748e-01,-7.994962726670266917e-02,-1.494498792783839070e-01,-8.714049256299256918e-02,-1.040877724609226423e-01,-1.417055897302934298e-01,-1.534765723858436959e-01,9.099055140741987846e-02,-1.356561433608539091e-01,-2.367457694272457891e-01,-2.384098695643551147e-01
-1.005249938309651508e-01,1.328843009986517727e-02,-1.472991715984411087e-01,-5.928266920426548958e-02,7.583476758093936343e-02,1.544750243766391563e-02,9.395823746531646592e-02,1.137138227003344770e-01,1.233647154348861130e-01,-4.764121708848236686e-03,-4.084545336328807702e-02,-7.511007994792394393e-02,-2.220199116132672845e-01,-3.411407961622996421e-01,-2.066176098279956796e-01,-3.251544881203662363e-01,-5.016385865967560448e-02,3.806140482050287543e-01,1.000000000000000000e+00,5.362839404203236793e-01,2.098938031366517909e-01,-2.067406145764585090e-01,-9.311745912273718118e-02,-5.522791491790461638e-03,-2.278615172562241040e-02,-9.517100525127814015e-02,-2.556540190858441197e-01,-7.044243918265845339e-02,9.900219016854518161e-02,-8.796042009636748440e-03,-2.638295425649366324e-02,-9.216622881325241268e-02
-5.507703287440901541e-02,1.528803317238738579e-01,7.413859413591249170e-02,9.951312320231824049e-02,2.343025851302657225e-01,2.216017667103745148e-01,2.611204320473092810e-01,1.774803068785590354e-01,9.383178314075790727e-02,-1.816110288050322152e-01,-2.680952765416085848e-01,-3.333894266168807574e-01,-3.102916853994570068e-01,-4.154224337121895649e-01,-2.958790669959693309e-01,-3.393822096117889431e-01,-1.150483217567342675e-01,2.500210778939747636e-01,5.362839404203236793e-01,1.000000000000000000e+00,4.204050670201724405e-01,-1.555205876771705020e-01,-6.807292862514990883e-02,-5.872601820734103112e-02,-1.795261516854663314e-02,-1.431812012449199811e-01,-2.836368500190592501e-01,-8.924518027193834024e-02,1.302221893666897778e-01,-9.531492435044858214e-02,-1.344188754240234207e-01,-2.158042166576102927e-01
-1.061336279583755121e-01,1.540220673350810830e-02,1.713727314444887795e-02,-4.459952887411421790e-02,1.481251240092976845e-02,-2.101922094914723815e-02,9.079446712726738089e-02,1.335740919344804156e-01,2.113163699796518358e-01,-1.216462334511853385e-02,-6.393199996255924389e-02,-1.289560459380373336e-01,-1.716219783783581310e-01,-2.116249912913919506e-01,-2.564558009655165671e-01,-2.881074054879966262e-01,-1.583544951621637109e-01,1.773325043573544257e-01,2.098938031366517909e-01,4.204050670201724405e-01,1.000000000000000000e+00,3.205436365618365424e-01,1.330396956892510030e-01,1.955482890024856368e-01,1.643816996712710310e-01,-1.024134205527114233e-02,-2.594275042159167044e-01,-2.786338433632910005e-01,-2.272216577429281292e-01,-3.549713720247281712e-01,-1.456409980607764054e-01,-1.893934616507476215e-02
9.488796413181556366e-02,-7.861927771379197127e-02,-1.055719828566959589e-02,-3.189813020468917903e-01,-1.612733770812220524e-01,-1.031765001051589969e-01,-1.567754223991975060e-01,-1.359792639901834244e-01,-1.491825853248725069e-02,3.478253968733752144e-02,1.887819735147157618e-01,1.802836171344116556e-01,1.138761905459247104e-02,1.548300146790447529e-01,-1.240593387194373620e-01,2.565898085707899248e-02,-1.987183947961105798e-02,-1.727416562343947748e-01,-2.067406145764585090e-01,-1.555205876771705020e-01,3.205436365618365424e-01,1.000000000000000000e+00,4.712089992368466707e-01,1.226415445183224595e-01,1.304680843465327589e-01,8.229727119138195712e-02,2.690466700590032900e-02,-8.966054833457559603e-02,-2.782578316732651214e-01,-2.511490835751702955e-01,-1.598279580509094355e-01,9.797260893708582830e-02
-1.063787544345709407e-01,-9.928729992699671103e-02,-4.782020261521675863e-02,-1.155086401029420118e-01,-2.477812193472614666e-01,-3.615485719434114592e-02,-8.153574837845538326e-02,-1.799889362818134775e-01,-4.543626803055469260e-02,1.174502557574525104e-02,1.130633181868982567e-01,1.204161414811529343e-02,-2.295022111359601436e-02,2.588503884177822956e-02,-1.360181576049259156e-01,5.219978588007138622e-05,-3.275910599812050655e-02,-7.994962726670266917e-02,-9.311745912273718118e-02,-6.807292862514990883e-02,1.330396956892510030e-01,4.712089992368466707e-01,1.000000000000000000e+00,3.705836269352548173e-01,3.290663477797914904e-01,2.670712740614655800e-01,-9.131028486172683076e-03,-2.384371653157918158e-01,-3.254988230579231034e-01,-2.713534767907486156e-01,-1.551154550157783640e-01,1.035354268630345326e-01
-1.820929125036341023e-01,-1.815476026828928557e-01,-2.644063942053657690e-01,-1.057469459521561267e-01,-1.647772562261181351e-01,-2.029270700446387798e-01,-9.163697382107081901e-02,9.560352049334345029e-03,1.804562587438724719e-01,1.896261247315798315e-01,1.226507971398334423e-01,-6.574861702199953639e-02,-6.876148557039883299e-03,-8.531105639190626755e-02,-1.575860413857975983e-01,-9.900695100517412084e-02,-2.010795324393454264e-01,-1.494498792783839070e-01,-5.522791491790461638e-03,-5.872601820734103112e-02,1.955482890024856368e-01,1.226415445183224595e-01,3.705836269352548173e-01,1.000000000000000000e+00,4.854388713538441702e-01,3.920838778553641379e-01,-7.970671894469145979e-02,-3.703450674824065869e-01,-3.627507873475412370e-01,-2.105335505874477153e-01,1.081584953725219130e-02,1.799002098763118618e-01
-1.137628589846754468e-01,-3.622288265204569313e-02,-9.271020113791045292e-02,-1.211969268882303746e-01,-2.052901947800255256e-01,-1.161590174423783317e-01,-5.972642635158478819e-02,-1.433829403081586518e-01,2.140897236872969702e-03,-1.448597036721806751e-02,5.418089681889840230e-04,3.180833313938363771e-02,3.573230299311033580e-03,-7.973245851811876228e-02,-1.848804703529979276e-01,-5.708651118700523025e-02,-4.352065395960479782e-02,-8.714049256299256918e-02,-2.278615172562241040e-02,-1.795261516854663314e-02,1.643816996712710310e-01,1.304680843465327589e-01,3.290663477797914904e-01,4.854388713538441702e-01,1.000000000000000000e+00,5.671304676731375727e-01,-1.087296085366781621e-02,-2.551590988828037476e-01,-3.507592112097211445e-01,-2.344748870179913791e-01,-8.430994337868125132e-02,1.530832545299818659e-01
-8.665826805478392403e-02,-4.916130335471657203e-02,3.835792068710674931e-03,-5.439735034600005903e-02,-2.028873289245411993e-01,-6.487166573114637458e-02,-9.287569888998178924e-02,-2.346507668957004411e-01,-1.190942604774858499e-01,-1.157585145199310911e-01,-3.439784086202761493e-02,1.744753634102504461e-02,-4.972964726452525075e-02,-3.899345899641883106e-02,-1.184737151151816492e-01,4.777671975436590529e-02,3.598729220265802636e-02,-1.040877724609226423e-01,-9.517100525127814015e-02,-1.431812012449199811e-01,-1.024134205527114233e-02,8.229727119138195712e-02,2.670712740614655800e-01,3.920838778553641379e-01,5.671304676731375727e-01,1.000000000000000000e+00,2.865044959213881026e-01,-2.028440575489067199e-01,-2.625194606147362442e-01,-1.552836926297652131e-01,-1.052348811667176420e-01,1.476745014788344856e-01
-9.780319869052651882e-03,-1.147886877370778574e-01,-3.017846452654021280e-03,-9.322705046677125240e-02,-1.828068842379425296e-01,-4.902345301899983104e-02,-1.776128724333413955e-01,-2.222603396835919620e-01,-2.415201245697723986e-01,-1.109944022999024005e-01,3.418790537150429715e-02,1.583137677859795256e-01,1.617756604492884276e-01,2.672990883065328727e-01,1.708068351475499069e-01,3.693451187823491577e-01,1.717072314803236022e-01,-1.417055897302934298e-01,-2.556540190858441197e-01,-2.836368500190592501e-01,-2.594275042159167044e-01,2.690466700590032900e-02,-9.131028486172683076e-03,-7.970671894469145979e-02,-1.087296085366781621e-02,2.865044959213881026e-01,1.000000000000000000e+00,4.295211478116545134e-01,-4.644763873783048364e-02,2.102386765803209434e-01,7.925329555391462388e-02,1.378794095164740108e-01
1.369682063055156218e-01,-1.131290229007104152e-02,1.902810364908216409e-02,-3.755538304338159467e-02,7.092171201312880147e-02,1.013109096568452355e-01,-1.688082971912958224e-02,-5.160503298759956670e-02,-2.017319659121027675e-01,-1.604737485987224876e-01,-7.017262482969231774e-02,5.174063691165597251e-02,1.130814556094465323e-01,1.390892755586235485e-01,9.006007654706313370e-02,1.398785763275650629e-01,5.770504449064048358e-02,-1.534765723858436959e-01,-7.044243918265845339e-02,-8.924518027193834024e-02,-2.786338433632910005e-01,-8.966054833457559603e-02,-2.384371653157918158e-01,-3.703450674824065869e-01,-2.551590988828037476e-01,-2.028440575489067199e-01,4.295211478116545134e-01,1.000000000000000000e+00,3.747512851178078086e-01,4.486910698254585328e-01,2.124733748483970397e-01,5.446733895942954679e-02
6.210138087814266739e-02,1.196683547288062144e-01,1.185540704274854334e-01,1.446652775947770697e-01,2.844067669197592463e-01,2.253118775407039476e-01,1.689236819876529516e-01,7.314231805635422468e-02,-1.373052109405484000e-01,-1.948328946769644632e-01,-2.319506936331357516e-01,-1.968106677441350816e-01,-1.277575986246382300e-01,-9.766929545712786653e-02,8.529425263074411068e-02,-1.961854347630096612e-02,9.508777830789137686e-02,9.099055140741987846e-02,9.900219016854518161e-02,1.302221893666897778e-01,-2.272216577429281292e-01,-2.782578316732651214e-01,-3.254988230579231034e-01,-3.627507873475412370e-01,-3.507592112097211445e-01,-2.625194606147362442e-01,-4.644763873783048364e-02,3.747512851178078086e-01,1.000000000000000000e+00,4.060801777572382032e-01,1.238731826688548449e-01,-1.356791457000017520e-01
1.827014557401097222e-02,-1.843805601581135212e-01,-1.471998004994198028e-01,2.379008061102438898e-02,6.975485815183402050e-02,-6.658733141898414906e-03,-6.092608730213781854e-02,2.437613151649148727e-02,-1.048836213455229954e-01,-1.930876324199747029e-02,1.871880855513190049e-03,7.542443041395299752e-02,1.847387785781569036e-01,7.094550981875474838e-02,1.516377468681050222e-01,6.787366539719555392e-02,-7.443863898077990315e-02,-1.356561433608539091e-01,-8.796042009636748440e-03,-9.531492435044858214e-02,-3.549713720247281712e-01,-2.511490835751702955e-01,-2.713534767907486156e-01,-2.105335505874477153e-01,-2.344748870179913791e-01,-1.552836926297652131e-01,2.102386765803209434e-01,4.486910698254585328e-01,4.060801777572382032e-01,1.000000000000000000e+00,5.763583923043705814e-01,2.558191782625857669e-01
-1.118511580325402405e-01,-3.090421105346183861e-01,-2.604821112766663171e-01,-9.832208224852079931e-03,-6.132363816598059014e-02,-1.585441298734485138e-01,-9.288803851625868080e-02,9.435111471740154077e-02,1.124907802667222817e-01,1.363234767097856182e-01,1.212968822790796847e-01,1.025262148255774580e-01,2.600350735075064867e-01,9.620415916222928299e-02,4.656839683499254534e-02,-2.817094420857515699e-02,-2.664878636082969598e-01,-2.367457694272457891e-01,-2.638295425649366324e-02,-1.344188754240234207e-01,-1.456409980607764054e-01,-1.598279580509094355e-01,-1.551154550157783640e-01,1.081584953725219130e-02,-8.430994337868125132e-02,-1.052348811667176420e-01,7.925329555391462388e-02,2.124733748483970397e-01,1.238731826688548449e-01,5.763583923043705814e-01,1.000000000000000000e+00,4.776552520155827875e-01
-8.316574783637659118e-02,-2.867638092951793061e-01,-2.425793461931017858e-01,-1.655589229417353259e-01,-2.858904008530300800e-01,-2.424470950707699746e-01,-1.914691107648680835e-01,-1.099735833116185363e-01,-1.549816717940695476e-02,5.777382828808570042e-02,1.710613152941099779e-01,1.579883577906827652e-01,2.331862619960451133e-01,1.499065217574940545e-01,-3.958996854719507019e-02,5.175908868457352457e-02,-1.464148838916695949e-01,-2.384098695643551147e-01,-9.216622881325241268e-02,-2.158042166576102927e-01,-1.893934616507476215e-02,9.797260893708582830e-02,1.035354268630345326e-01,1.799002098763118618e-01,1.530832545299818659e-01,1.476745014788344856e-01,1.378794095164740108e-01,5.446733895942954679e-02,-1.356791457000017520e-01,2.558191782625857669e-01,4.776552520155827875e-01,1.000000000000000000e+00
