1.000000000000000000e+00,2.373269621248139949e-01,2.931880771644054112e-02,-6.461318254369813330e-02,-6.503172835108353422e-02,-7.163594752737918736e-02,-4.684382725100812161e-02,-3.002006403194464740e-02
2.373269621248139949e-01,1.000000000000000000e+00,1.437916225284131544e-01,-3.341757117948861155e-02,-7.849713155460961989e-02,-1.037382269684875569e-01,-5.729387938373203121e-02,-3.382638536661754930e-02
2.931880771644054112e-02,1.437916225284131544e-01,1.000000000000000000e+00,1.546745218305558556e-01,7.338971437671608714e-03,-8.763583892928292207e-02,-6.254103028134190556e-02,-5.581489900465135684e-02
-6.461318254369813330e-02,-3.341757117948861155e-02,1.546745218305558556e-01,1.000000000000000000e+00,1.742897467265594746e-01,1.687774493632914624e-02,-4.144794651880460978e-02,-6.080100104995569965e-02
-6.503172835108353422e-02,-7.849713155460961989e-02,7.338971437671608714e-03,1.742897467265594746e-01,1.000000000000000000e+00,1.293074252449707973e-01,-6.087065571450197936e-03,-3.645361163703340901e-02
-7.163594752737918736e-02,-1.037382269684875569e-01,-8.763583892928292207e-02,1.687774493632914624e-02,1.293074252449707973e-01,1.000000000000000000e+00,1.452924559527224713e-01,8.807127506131372241e-02
-4.684382725100812161e-02,-5.729387938373203121e-02,-6.254103028134190556e-02,-4.144794651880460978e-02,-6.087065571450197936e-03,1.452924559527224713e-01,1.000000000000000000e+00,1.934408086980547725e-01
-3.002006403194464740e-02,-3.382638536661754930e-02,-5.581489900465135684e-02,-6.080100104995569965e-02,-3.645361163703340901e-02,8.807127506131372241e-02,1.934408086980547725e-01,1.000000000000000000e+00
