1.000000000000000000e+00,4.211178142749753550e-01,4.200327012950772487e-01,4.286506332011401632e-01,1.572602895404207057e-01,2.923584437169233774e-01,2.416832664084506699e-01,1.031395198314308398e-01,2.226899248898269248e-02,6.726567115048513734e-02,4.962899796740120884e-02,7.731191464007865222e-02,-4.782611646112076148e-02,-6.625871592438088709e-02,-8.373446119652047659e-02,4.767686044730479883e-03,-8.760514243415631896e-02,-2.898919313674080955e-02,-2.642601054898648452e-02,1.924800978560434195e-02,2.543838773233559128e-02,1.177763819570193521e-01,6.221729426386606032e-02,1.094221167566661324e-01,1.151262904569956211e-02,1.082796881962908436e-01,1.797447167949025801e-02,5.037809492294759162e-02,7.942047357502894644e-02,3.736017976807240459e-02,-3.254411083322882731e-02,1.750419344710462191e-02,-5.444823368099692418e-02,-7.777227635898912791e-03,-2.090628891863292524e-02,-5.418913574666989891e-02,5.382075762024417231e-02,-1.053441971393769688e-02,-1.659359929271816969e-02,8.347925331025501938e-02,3.832299612757253393e-02,-4.628240475851684056e-03,3.780652821569956828e-02,4.815517116021379718e-02,5.065393710260630324e-03,1.206498464579216015e-02,-4.584265155860079571e-02,-4.986033594822308901e-02,-6.098138534113170528e-02,-3.470141033095227451e-02,-9.623531639432726659e-02,-3.534746973960876254e-02,-1.387600893866239998e-02,4.594668214102723414e-02,2.146500723027018609e-02,5.304313434039888142e-02,4.691961908236200879e-02,-3.177986840824604392e-02,-2.379690926827628811e-02,1.033043854742673150e-02,-1.438519397779174439e-02,-3.090982599103333714e-02,-4.605777888521209174e-02,-2.845129205687121215e-02,-7.230791858572020725e-02,1.141451859475896280e-02,2.206067278775603047e-02,-4.364959592797298255e-02,2.942900322195859952e-02,-1.160403071666523539e-02,4.674482498640482320e-02
4.211178142749753550e-01,1.000000000000000000e+00,3.778662465721631114e-01,4.057524534226413238e-01,3.885815026430742836e-01,1.974804507836560585e-01,2.390925018096504984e-01,4.795068273063954334e-02,-1.137870019172657413e-02,-3.014340833538681121e-03,-2.153294100615616227e-02,9.537786605944092999e-02,6.789824117528107938e-02,-7.217934818950527687e-02,2.055187867910305416e-02,-1.297596407565020267e-02,-5.993971086199150616e-02,5.986054723971514363e-02,-1.012202587644876577e-02,6.019347299889956510e-02,-5.095517735776850660e-02,3.419788133046456659e-03,1.044077758677599693e-01,1.628657204195350558e-04,-6.617695996951988846e-02,5.470144998782938001e-03,-8.487617861874861835e-02,-4.828820387839179162e-02,-5.198195177430964741e-04,-5.184111966427854684e-02,-5.063320209800301758e-02,-5.592387594241744753e-02,-6.225098905997378251e-02,-3.713173887693966418e-02,-4.012320542226076314e-02,-7.078673472911044262e-02,-1.991282576889252809e-02,-1.208167703578220259e-02,3.660075360371649322e-02,3.293202529839035081e-02,-4.079367759922955528e-02,2.115713962089176350e-02,6.332671740851845976e-02,-2.050814335985254658e-02,-1.021370481851087246e-02,2.461423346513132507e-02,-8.799209324788757197e-03,1.371276775164752271e-02,-5.501549321096509300e-03,1.339778653900287192e-02,-4.327664431253527150e-02,-1.260582777736440722e-02,2.155274487146773346e-02,5.548987514980214739e-03,-4.192788223476946047e-02,-3.973554347201618819e-03,6.812255895610054568e-02,8.848055118501127600e-04,1.772705319274759869e-02,4.346904589585922490e-02,3.830068539689960205e-04,2.708789231286758137e-02,4.416419606307101647e-02,-2.403668574087274024e-02,-9.671267576087749437e-03,1.107170934954934127e-01,4.634317000083738175e-02,8.040614285535578609e-02,7.065982492277875227e-02,7.916603005453502762e-02,1.143674061826519539e-01
4.200327012950772487e-01,3.778662465721631114e-01,1.000000000000000000e+00,3.600929649748796368e-01,3.187161477008030874e-01,4.057402613767476796e-01,2.692308821131175756e-01,1.345577118245284143e-01,3.939684250711825153e-02,4.868118419079741493e-02,4.442736983866490269e-02,1.088190344797807102e-01,9.650987708354211853e-03,-9.331974502315590336e-02,-6.624245067849690582e-02,-2.390442044635077146e-02,-1.002891537922684373e-01,-1.323998886376874734e-03,-1.758890291405938375e-02,1.771212656710452471e-02,-1.093697150949527255e-02,1.179199283744118143e-01,1.124892408363965673e-01,9.494456969017008030e-02,8.941275911824730568e-03,9.216761203708029315e-02,1.504004410599195374e-02,-7.169655777436248663e-03,8.245504086775792829e-02,-9.913477838817855853e-03,-6.474974773335821776e-02,2.189176314148340730e-03,-7.009697684766677539e-02,-3.685369139531209474e-03,2.378507902179341840e-02,-5.560447756174906331e-02,2.715057726494915502e-02,2.027023352974102743e-02,1.263832243225932080e-02,5.010622406217866281e-02,1.728565945260109732e-02,2.120665887957713311e-02,3.398949137095096801e-02,5.294555163461980157e-02,3.891179663504699265e-02,3.476276617624906445e-02,-4.013140486348023422e-02,-3.425442227697583775e-03,-4.909875059335792186e-02,-4.982157162587239757e-02,-9.072157178175800640e-02,-5.257619213739612996e-02,-6.218647108952418158e-03,4.049364868214216234e-02,1.784718233367788010e-02,5.732790591162433003e-02,7.741978765493247316e-02,-1.091696967099986190e-02,-4.401266056131120097e-02,3.193348140233647544e-03,-2.811136530601123645e-02,-2.310231560304571233e-02,-5.792041900443174740e-02,-6.354933343692212300e-02,-8.857110327505739178e-02,3.629014676546830215e-02,-2.422352466155769379e-02,-1.111044889665560934e-02,3.236423214073391036e-02,6.262235157857374418e-03,1.017290222599133709e-01
4.286506332011401632e-01,4.057524534226413238e-01,3.600929649748796368e-01,1.000000000000000000e+00,3.478689770343476595e-01,4.656291350102710336e-01,3.361571570667369890e-01,2.021303274780268389e-01,1.307738624259001115e-01,1.935996287287624074e-01,1.121026837040782070e-01,2.056071198374593428e-02,1.224263916118678922e-02,-3.474030849176878988e-02,3.012919929208130333e-03,1.288291466447673561e-01,-5.828173247725216069e-03,3.408225843432944463e-02,8.475373586542321591e-02,9.717858238046658825e-02,5.882406839046749186e-02,6.011397223302344939e-02,-2.516972508910520281e-02,4.349012797447414369e-02,-8.227506298703431142e-02,5.258392075146078176e-02,-8.899232190856604108e-02,5.410333865891873983e-02,1.020219150810034239e-02,-5.461660716750607776e-03,-1.490621596802762551e-02,-4.570905105648460226e-02,-4.154782129533447776e-02,-6.648265411561046084e-03,-8.649302728961982822e-02,-8.084643438001026805e-02,2.320317288416715029e-02,-8.109191629914905275e-02,-3.333946899254112972e-02,1.097678990904625562e-01,-2.119544667936958809e-02,-4.801041402563482885e-02,6.388567102540511355e-02,4.969473184893814788e-02,-5.332304474776380226e-02,-3.654318403791169401e-02,-8.290537888239379871e-02,-8.878897900281539080e-02,-4.654407909768656232e-02,4.427989720936841705e-02,-4.293306323889806153e-02,5.382928919931548317e-02,4.471824895414981682e-02,6.055559224101440124e-02,-4.900649700807290648e-02,-1.791935329457609719e-04,-2.341763415481748142e-03,-5.230106430423353547e-02,2.876284567549797916e-02,6.629854244836128063e-02,6.035775788331066566e-02,-1.189934479854061478e-02,2.309937485357841172e-02,6.792023733847757372e-02,2.252217992154791418e-02,7.592129612524003979e-02,1.491805301578011111e-01,6.088447070233265340e-02,1.199426408277701889e-01,7.418515675603265525e-02,1.107404621936299884e-02
1.572602895404207057e-01,3.885815026430742836e-01,3.187161477008030874e-01,3.478689770343476595e-01,1.000000000000000000e+00,3.035815016049513426e-01,2.780948379825228245e-01,1.312525590853496626e-01,4.768379398653892903e-02,7.126823881726708498e-02,3.229882999079883299e-02,9.711428405538188868e-02,1.615830939392673971e-01,-7.403219794396308229e-03,8.678865674547563136e-02,6.618896214152907020e-02,3.936633766934075074e-02,1.345100107505002307e-01,6.241756523309754945e-02,1.384645549379173723e-01,-4.965239259057439153e-02,-2.840528108210941746e-02,6.382717257094255858e-02,-3.271329355346080242e-02,-9.738042177771298602e-02,-2.882237348146046707e-02,-1.130493025557225556e-01,-4.265506249411097489e-02,-4.199206825385091990e-02,-8.315718006629550796e-02,-2.582364451936077637e-02,-6.730459774428154685e-02,-2.605765621076787039e-02,-1.799106378566187395e-02,-4.237298745132260513e-02,-6.412977788752974306e-02,-3.967430975282198319e-02,-3.804983806355854981e-02,5.439767213072876917e-02,3.719489736791564000e-02,-9.825165179468035859e-02,-5.267270014977980773e-03,7.252681271735805790e-02,-4.875723773913626796e-02,-6.737218557445744105e-02,-2.207971216659097846e-02,-1.553699031371525915e-02,1.662853753675698140e-02,2.178273083147844018e-04,4.177510346202872871e-02,-3.677187126975736686e-02,2.756070806385779118e-03,3.284956904084767454e-02,-2.034482956086575839e-02,-1.056300782754090589e-01,-7.085726213136923912e-02,2.584045646833944485e-02,-9.606788440164127697e-05,6.017578411251757464e-02,7.499182992130659642e-02,7.385321969099443995e-02,4.726663491640543252e-02,9.040393202603386191e-02,2.869750029719723983e-02,5.468050504597905814e-02,1.541613297324289367e-01,9.242114072707748040e-02,1.332716913357922250e-01,1.160695650344358287e-01,1.366320746596093594e-01,8.892695076370060736e-02
2.923584437169233774e-01,1.974804507836560585e-01,4.057402613767476796e-01,4.656291350102710336e-01,3.035815016049513426e-01,1.000000000000000000e+00,3.580311823827311835e-01,2.811971034660556978e-01,2.354471578397889786e-01,1.977634964361631720e-01,2.018390558071532781e-01,7.020040690103772352e-02,1.552846623983456659e-02,-2.947174725154191356e-03,-1.210680520827566754e-02,9.945325595606516189e-02,-1.967379641322499623e-02,2.499053838329547486e-02,7.494342456565425414e-02,7.614355605841785501e-02,4.206863292303704427e-02,1.193633122841147171e-01,-1.512336194877090395e-02,9.106974675610617076e-02,-1.613012483409263786e-02,1.105248119535922890e-01,2.983145402995673705e-03,4.335710952757050596e-02,8.826569199877642991e-02,4.565574695572532059e-03,-3.866487809005413750e-02,-9.416316882610674746e-03,-4.829065953569455782e-02,3.599458269760331258e-02,1.699160087159657176e-02,-2.461435641385462808e-02,7.458942077076116672e-02,-1.784075274375982595e-02,-1.639726314670198262e-02,1.161734403295402729e-01,2.705608037675703501e-02,-3.774323278014939803e-02,4.768298804045808387e-02,6.618547489031863240e-02,-1.131696458629531665e-03,-3.660477843882130322e-02,-9.234347055378064328e-02,-5.105211571410654681e-02,-8.683401982091433491e-02,-2.879267297568233880e-02,-6.390732177385087531e-02,-1.522110901456802910e-02,8.651310152754122448e-03,3.002232925433990021e-02,4.127552079791745737e-03,9.479581019840437398e-03,5.953030597753292607e-04,-4.950934393213671236e-02,-3.927657097554838883e-02,6.438060910043749349e-03,1.781708148429985913e-02,-3.643928589611031971e-02,-4.815036286195726462e-02,3.169227462152852948e-02,-2.899886382968231216e-02,2.867596725735404792e-02,6.744513521793391031e-02,-2.023181303373139742e-02,7.229860975120085131e-02,1.959121632369481558e-02,1.049656654322268443e-02
2.416832664084506699e-01,2.390925018096504984e-01,2.692308821131175756e-01,3.361571570667369890e-01,2.780948379825228245e-01,3.580311823827311835e-01,1.000000000000000000e+00,2.533675832142362472e-01,2.509644506464235314e-01,2.657494861562521571e-01,2.818276662274514233e-01,2.623312786229461957e-01,1.919538838357055105e-02,-9.007929905368433632e-02,-5.295357268759196684e-02,-2.368217688058870188e-02,-1.010478832335732352e-01,-5.175103875830126647e-03,-6.123804940962323390e-02,-1.385234572976237234e-02,7.204549635734421899e-03,9.872445794121416374e-02,1.000604026794357226e-01,1.122109683334538838e-01,2.266851592573648072e-02,1.465971101593463166e-01,2.609070846482306957e-02,-7.307442926470140987e-03,1.015868909412928206e-01,5.990846220379025117e-02,-3.768120114368795487e-02,5.518234396589980634e-02,-1.621790365234127007e-02,2.196398506985361779e-02,3.490438581379042698e-02,-4.031762409495014826e-02,5.231514351708810989e-02,2.611695163782224924e-02,-2.356611297636444433e-02,5.610737542172430925e-02,4.495061735020060983e-02,1.897849452051044578e-02,1.570607499257863776e-02,3.371904644121422046e-02,6.018120997889609552e-02,4.288451716618365411e-02,-1.052647867302572426e-02,-1.144974172956835998e-02,-3.991737503800205089e-02,-4.443208591478450126e-02,-1.186161718693549416e-01,-5.318169790781614170e-02,-5.213537864455225490e-02,9.678752374849788898e-03,3.036154274239145565e-02,3.971243982364685426e-03,4.150553282433745717e-02,-1.085217603652076195e-02,-8.477020647383406993e-02,-3.697063942361764055e-02,-4.567805812217125977e-02,-5.822816489676735374e-02,-8.630292867704734971e-02,-9.599571986028157533e-02,-1.280861067625549410e-01,-2.511081605415449620e-03,-2.633463292606389242e-02,-3.465116829835829942e-02,1.855281034630510903e-02,-3.230455487480538707e-02,7.468164784487738017e-02
1.031395198314308398e-01,4.795068273063954334e-02,1.345577118245284143e-01,2.021303274780268389e-01,1.312525590853496626e-01,2.811971034660556978e-01,2.533675832142362472e-01,1.000000000000000000e+00,2.920560534560395216e-01,5.074187093534405779e-01,4.340973790854574799e-01,1.840125684101406173e-02,-1.382185674014917709e-01,3.021187088085362099e-02,-1.730599624160671784e-02,6.935168157062047978e-02,-1.119560723093876962e-02,-5.998003402957539920e-02,7.049148534407385924e-02,-2.382507614405933796e-02,1.909386914098535337e-01,9.634210452463126684e-02,-6.676637978777057170e-02,1.148729544917884010e-01,3.949124326701667492e-02,1.588436036027586484e-01,5.628126737337353636e-02,1.400440193295637847e-01,5.434299868559477886e-02,1.657945799505783080e-01,4.649532355970317776e-02,4.847574412251549197e-02,3.419263258908439296e-02,4.601426892740225622e-02,1.057951087904819912e-02,2.020069595137909124e-02,8.846313534137455192e-02,-4.597471256442686033e-02,-9.680837903723418791e-02,5.991200473204072452e-02,5.432971194005332266e-02,-7.252872178838516704e-02,1.472533988873705188e-03,1.086275483001622189e-01,1.916545352855925088e-02,-1.084684544034910346e-02,-9.141329157619729195e-02,-7.840742986543791648e-02,-7.843403411116221802e-02,3.487148138822286636e-02,-3.265199496971084303e-02,1.162062717349251692e-02,-3.444216367472766049e-02,3.564720755586065631e-02,3.305322370256653930e-02,-7.134745886076778419e-03,-6.219153835316967166e-02,-5.302950418411395833e-02,-5.807060113364117399e-02,-6.628918187672904264e-03,9.592277197766429717e-03,-6.027539108298023834e-02,-9.500516471839472177e-02,-2.508582960158516409e-02,-9.237520967874435218e-02,-1.467381684884100923e-01,5.677793496276559854e-02,-1.075872698131650207e-01,-2.323384438540953504e-03,-9.303700028041886338e-02,-1.092732611980416213e-01
2.226899248898269248e-02,-1.137870019172657413e-02,3.939684250711825153e-02,1.307738624259001115e-01,4.768379398653892903e-02,2.354471578397889786e-01,2.509644506464235314e-01,2.920560534560395216e-01,1.000000000000000000e+00,3.583955475467303087e-01,5.511812836270578719e-01,1.412792169912104046e-01,7.125488028308384070e-02,2.549444480203556518e-01,1.776848922313500889e-01,4.313874299203058343e-02,1.722681451692280874e-01,4.303204123854294932e-02,8.059677084579351669e-02,-3.093049385949899616e-02,3.200057460649478880e-02,-4.511250294081541046e-02,-1.327436752299306355e-01,-4.676412801754398219e-02,6.600465083510996533e-02,-4.739365792233787150e-02,5.656836754006058093e-02,-1.172057306540592869e-02,-4.333509854322035310e-02,7.309299302860552960e-02,3.207013707690960919e-02,5.218325417788588494e-02,5.633056847043077520e-02,1.151330523367549707e-01,1.020819245464701791e-01,1.219284953608412297e-01,7.024506956112039346e-02,2.436647046742318468e-02,-6.825092807488364333e-02,-2.566580352634859410e-03,5.178261225434255266e-02,-5.858052119882326686e-02,-6.224108763564719510e-02,-2.942664901104864034e-02,4.286278645077528510e-02,-7.884354016751943250e-02,-3.088191908174464997e-03,-1.124702771333877666e-02,-1.111710499258804219e-02,-2.968991765769545335e-02,5.236328846809587545e-02,-5.331409004102353501e-03,-5.562814337958791461e-02,-4.615561996764726976e-02,6.637838250045992317e-02,-6.111835466649943177e-02,-6.036505528677856697e-02,2.765077245776121836e-02,-2.071946683874809070e-02,-2.566759151050658147e-02,2.429734387128780135e-02,-1.547349551099519958e-02,-3.380888087702856037e-02,5.606174457530675899e-03,1.209551002292964111e-02,-1.124687774185672839e-01,-8.321264823028590163e-02,-7.056011976187967494e-02,-1.263631104868671029e-01,-1.114579550482413806e-01,-1.713731307984892871e-01
6.726567115048513734e-02,-3.014340833538681121e-03,4.868118419079741493e-02,1.935996287287624074e-01,7.126823881726708498e-02,1.977634964361631720e-01,2.657494861562521571e-01,5.074187093534405779e-01,3.583955475467303087e-01,1.000000000000000000e+00,3.924933181992936171e-01,-1.617119309577996072e-02,-6.322133289520434629e-02,8.537332531358488019e-02,4.535890669417343146e-02,1.412503168665309727e-01,4.795216649649444024e-02,-3.456561148548683432e-02,1.202576392402669170e-01,-4.197148083509751049e-02,1.135373547345209511e-01,1.913557347203114975e-02,-1.179027975608096940e-01,2.547988398541345054e-02,4.569693382498953710e-02,6.540803742316957103e-02,3.669857943431858310e-02,7.330254310403890028e-02,-2.045878215676267056e-02,1.371203621277357898e-01,1.036256936325318997e-02,4.640370270241752498e-02,1.058390937288524597e-02,1.170122274447836785e-01,3.788614355735945433e-02,6.565815250359074984e-02,5.273150269734695750e-02,-6.706427125149325152e-02,-8.439820782772107510e-02,7.438210274178218284e-02,2.835576239089572861e-02,-7.335109111555063177e-02,-2.414155313022069843e-02,5.169896929600334423e-02,7.675297081268273557e-03,-1.066834393576492068e-01,-1.074452113231139649e-01,-1.349383247320510570e-01,-7.305683700333286124e-02,-2.413407528170236765e-02,5.007827947344398525e-03,3.150742884788968606e-02,-2.976586128632680017e-02,2.529834750875948127e-02,4.315440574426442771e-02,-3.982843217512155656e-03,-5.261867026194067681e-02,1.458572093462178615e-02,2.909482668022773943e-02,3.824352634104509485e-02,6.705185417055181674e-02,-2.729320991347254644e-02,-2.100848254259116490e-02,4.817459690188088256e-02,1.775936562216172063e-02,-1.086236417182058211e-01,4.327023268166350217e-02,-8.774184688822518619e-02,-5.540533182156537340e-02,-9.023636251637252859e-02,-1.486749372613775377e-01
4.962899796740120884e-02,-2.153294100615616227e-02,4.442736983866490269e-02,1.121026837040782070e-01,3.229882999079883299e-02,2.018390558071532781e-01,2.818276662274514233e-01,4.340973790854574799e-01,5.511812836270578719e-01,3.924933181992936171e-01,1.000000000000000000e+00,2.133105178539917157e-01,-6.389555442597466550e-02,1.234909286230197606e-01,3.369056178840162778e-03,-3.034315070503639921e-03,2.851525482098762540e-02,-9.488360096594704307e-02,9.133825220216966120e-03,-1.205361160800984266e-01,1.187028468421588989e-01,2.917331360146185187e-02,-3.097457696921498971e-02,6.272748457479931927e-02,1.409066031855866763e-01,1.216191693660191864e-01,1.253761237391136929e-01,4.136154743793886424e-02,1.318028072888545281e-02,1.829289133862730954e-01,3.485781078638041514e-02,1.312707672047594698e-01,7.454563520089335649e-02,1.186933075253057690e-01,6.322433804464180906e-02,7.710538010856202162e-02,8.628354699113331694e-02,-3.549077966234479888e-04,-1.301117053704437254e-01,2.287313517233681079e-02,1.013562685385626938e-01,-2.687527055418732769e-02,-7.353421412030951287e-02,3.990351883843872016e-02,8.135498550268192852e-02,-1.714194807702932102e-02,3.328889892349669657e-03,-5.423416425905581983e-02,-5.111933557990226001e-02,-3.588648927003265654e-02,-2.919804185713982883e-02,-4.322635979457149086e-02,-1.228691913517494377e-01,-4.430522723298847138e-02,7.944893859262446012e-02,-4.919258744082493501e-02,-5.062865447778418931e-02,1.566497920158757204e-02,-7.561431173349880686e-02,-7.290811453445669721e-02,-1.875621729078394764e-02,-5.860990683830723247e-02,-1.183517687955187303e-01,-3.013601034794398739e-02,-8.190815561401319778e-02,-1.408421019722188028e-01,-5.700009163361043768e-02,-1.089525638755609871e-01,-1.368078988139096730e-01,-1.491599144277435951e-01,-1.505155356472892558e-01
7.731191464007865222e-02,9.537786605944092999e-02,1.088190344797807102e-01,2.056071198374593428e-02,9.711428405538188868e-02,7.020040690103772352e-02,2.623312786229461957e-01,1.840125684101406173e-02,1.412792169912104046e-01,-1.617119309577996072e-02,2.133105178539917157e-01,1.000000000000000000e+00,2.507548673907842307e-01,8.690907003030011457e-02,-3.774375407572091046e-03,-8.449066573816187142e-02,2.775129464354914727e-02,-2.991817122353739727e-02,-6.846321271064455261e-02,-1.828730623106262360e-02,-2.289592832237873077e-02,6.561656581438075897e-02,1.619951849149594836e-01,6.829601380356285778e-02,8.694275885429865458e-02,1.022603880753365502e-01,6.814215048079740045e-02,-6.954127203809727653e-02,7.666031973923949361e-02,2.485310873272834203e-02,-4.562979968315652481e-03,9.023649386834572961e-02,3.283222096308040239e-03,2.473239220215170397e-02,8.810352560319230364e-02,2.296414706185169810e-02,3.010565382148244068e-02,1.045056232511225591e-01,4.282185047782521153e-02,-4.416191418409592950e-02,4.646542430829507520e-03,6.055064582479716823e-02,-2.164418675920865356e-02,-2.077847358142174278e-02,7.708466469381818065e-02,5.419063335573679613e-02,8.258322173632651197e-02,7.953033700968585584e-02,-8.986993219529950186e-03,-8.014517674245517920e-02,-9.167896056561061768e-02,-6.493055049871715445e-02,-6.956454276681109383e-02,-2.751280158149985514e-02,6.467075321176145308e-02,-7.019478146901641461e-04,4.170076112168356886e-02,5.024955847353899940e-02,-1.365120013094011098e-01,-8.701891588835782010e-02,-1.298451918503716329e-01,-7.542330758693818749e-02,-1.268564245452123707e-01,-1.371522199521294783e-01,-1.667825380443555550e-01,2.719522439450546350e-02,-1.296674052105907526e-01,1.186887920291931388e-02,-4.986494014975918071e-02,-1.634302040566776998e-02,8.384569722175802542e-02
-4.782611646112076148e-02,6.789824117528107938e-02,9.650987708354211853e-03,1.224263916118678922e-02,1.615830939392673971e-01,1.552846623983456659e-02,1.919538838357055105e-02,-1.382185674014917709e-01,7.125488028308384070e-02,-6.322133289520434629e-02,-6.389555442597466550e-02,2.507548673907842307e-01,1.000000000000000000e+00,3.305104710628400388e-01,4.291339742689764813e-01,2.817882549183765573e-01,3.404240091304963634e-01,3.197232190803307450e-01,2.079808233097389936e-01,2.029245513366985387e-01,-6.339567753662507521e-02,-1.048946329837961711e-01,2.647963952160960546e-02,-1.313269996355147240e-01,-8.608376014283496136e-02,-1.378689302932725458e-01,-1.213461932965598095e-01,-1.666330101387792084e-01,-1.136324942537840360e-01,-1.752370968709363874e-01,-3.861083947657210219e-02,-9.276255516423927150e-02,-3.682215928865380239e-02,1.746341325803600283e-02,1.446177457317865097e-03,-2.411103833719077660e-02,-9.818497159401808061e-02,2.114645043113787606e-02,1.002100743793044174e-01,-6.134217140797186552e-02,-1.384568862066222483e-01,5.700248871119618921e-02,3.583418728248132651e-02,-1.373193805827431779e-01,-7.051370884353232171e-02,-5.068827117998243176e-02,7.034452684811420831e-02,8.117652345990085394e-02,7.809521664379415196e-02,3.498645326711427583e-02,4.043176687687127790e-02,2.883656961706761515e-02,7.527162366822993944e-02,-3.958135587356015339e-02,-8.732510971601993577e-02,-7.394679748440767530e-02,2.575207456252983501e-02,5.323608977310595458e-02,5.785391990240413423e-02,9.087882138452009484e-02,6.469914796427876647e-02,7.655457271237435524e-02,1.264384343110471487e-01,2.241227772489828851e-02,7.391248073568305876e-02,1.768489403975927743e-01,1.771111688254955671e-02,2.044149809798906925e-01,6.851273314285503957e-02,1.769648222085805356e-01,6.950002195634208402e-02
-6.625871592438088709e-02,-7.217934818950527687e-02,-9.331974502315590336e-02,-3.474030849176878988e-02,-7.403219794396308229e-03,-2.947174725154191356e-03,-9.007929905368433632e-02,3.021187088085362099e-02,2.549444480203556518e-01,8.537332531358488019e-02,1.234909286230197606e-01,8.690907003030011457e-02,3.305104710628400388e-01,1.000000000000000000e+00,3.983770226510814916e-01,3.943471527269490351e-01,6.372920992373865001e-01,2.032014316808720689e-01,3.801461866325339667e-01,1.951475608259360395e-01,1.210823873451296190e-01,-4.461803944039931247e-02,-1.573768587989948509e-01,-5.839956855398130420e-02,7.496775851953961511e-02,-6.003576957438641615e-02,5.670671638105154871e-02,-2.402874714222384689e-02,-8.152430665518513309e-02,4.256088661647362131e-02,6.076788174693858319e-02,1.276748726934268628e-02,8.298151059147275410e-02,1.118288374510650329e-01,8.379308052036951726e-02,9.974116684720427117e-02,4.057718877974765548e-02,4.312688787247683647e-02,-1.003439133622878454e-03,-3.318223011476018058e-02,-1.581546126308413375e-02,-4.853488186392114490e-02,-6.864317328118019201e-02,-6.908823383571331689e-02,-4.143094970098485513e-02,-1.172963361380439939e-01,4.033738527859296458e-02,-1.862102084628686465e-03,3.237298676594743685e-02,-1.516817229910187061e-02,7.887852351345989166e-02,1.831355129017218572e-02,-3.196933293672988424e-02,-7.784441138187792042e-02,-8.052135607087420460e-03,-1.061601489716679642e-01,-8.840510876353585568e-02,2.641898354256655077e-02,2.482150638905240153e-02,1.513953685207339176e-03,4.453747147214028729e-02,-1.048708869913469663e-02,4.510406948054345756e-03,8.143788341096874772e-02,2.711703079319652265e-02,-4.666038982915580308e-02,-1.649621984121903140e-02,4.323317217048489036e-02,-5.995442042480893935e-02,1.772491550873821990e-03,-1.705786663490120314e-01
-8.373446119652047659e-02,2.055187867910305416e-02,-6.624245067849690582e-02,3.012919929208130333e-03,8.678865674547563136e-02,-1.210680520827566754e-02,-5.295357268759196684e-02,-1.730599624160671784e-02,1.776848922313500889e-01,4.535890669417343146e-02,3.369056178840162778e-03,-3.774375407572091046e-03,4.291339742689764813e-01,3.983770226510814916e-01,1.000000000000000000e+00,3.125697242092697059e-01,4.285346209667750261e-01,4.685335027228002547e-01,2.012962276469826006e-01,2.137669383186862893e-01,-4.075272916742833651e-02,-1.581134807450408908e-01,-2.295951117820169141e-02,-1.495818263753691535e-01,-6.943490357204799845e-02,-1.509558239984509775e-01,-9.704995413664782578e-02,-1.293389904993340889e-01,-1.455992018212307892e-01,-1.110008701351946903e-01,-3.338310164451166462e-02,-8.568028795213444848e-02,-3.126216773292109924e-02,5.706549959533455812e-02,2.984665976341697655e-02,6.084927040735296777e-02,-7.744357003287796748e-02,1.704407272717751998e-02,7.513645050697165262e-02,-5.059139166601824000e-02,-8.795694442782872602e-02,2.288569954137869081e-02,3.820725761057389147e-02,-1.535203418405482467e-01,-7.188825147780797398e-02,-1.042702374989873254e-01,3.873675792067426266e-02,2.326086396498329174e-03,4.502474522931881190e-02,2.047184705316278802e-02,6.125980484493157713e-02,1.511005451868271954e-02,4.214016214425529011e-02,-4.363765346627911101e-02,-7.237970107220445537e-02,-1.181174140401839157e-01,-1.501996139711327463e-02,9.230471395910937182e-02,1.220216910743466832e-01,1.185763776709001932e-01,1.036963134376210766e-01,1.216331378225913862e-01,1.536502505471519231e-01,5.676967062252886997e-02,1.118464701068051931e-01,7.423184270569499477e-02,3.078403236117220956e-02,1.235141028141907571e-01,5.630975858878482961e-03,9.940768595162222110e-02,-2.293902357816805446e-02
4.767686044730479883e-03,-1.297596407565020267e-02,-2.390442044635077146e-02,1.288291466447673561e-01,6.618896214152907020e-02,9.945325595606516189e-02,-2.368217688058870188e-02,6.935168157062047978e-02,4.313874299203058343e-02,1.412503168665309727e-01,-3.034315070503639921e-03,-8.449066573816187142e-02,2.817882549183765573e-01,3.943471527269490351e-01,3.125697242092697059e-01,1.000000000000000000e+00,3.997209171127970029e-01,4.340445945612353418e-01,4.759311557461514686e-01,3.356471084136242733e-01,2.288057233324548023e-01,9.577731580098998443e-02,-1.108887669218103500e-01,1.426779098602134165e-02,2.283300099198506874e-03,1.025282431945201151e-03,-5.410331955177716430e-03,5.043055366975360276e-02,-4.806744341564638673e-02,-5.483684966489820421e-03,3.238357536269474007e-02,-4.055608309951574258e-02,8.534203697300922487e-03,6.707272022236292208e-02,-3.615025339422708178e-02,-5.721044919072172316e-03,-9.567622488032063999e-03,-6.432911656542261714e-02,2.498720245573980703e-02,4.722643019914629647e-02,-6.431374193201244704e-02,-5.816606732532043911e-02,3.653026318645908460e-02,-2.311523389909904067e-02,-1.306474407662857051e-01,-1.398152220192953876e-01,-6.926865997886656745e-02,-1.063544920816660161e-01,-2.944594895179187405e-02,2.762884284867620638e-02,1.640758797485485088e-02,5.137333400613819379e-02,5.685532353345432860e-02,1.199022164963036048e-02,-9.716253526042786803e-02,-7.892020835382138055e-02,-5.935401626943801606e-02,-4.464507988004290731e-03,1.003540621337176975e-01,1.385159964391727005e-01,1.379455723584920024e-01,-1.799153262406855483e-02,8.887793361941156989e-02,1.392305977860405219e-01,4.266908228403985814e-02,5.405353715467105941e-02,1.490156286447199552e-01,7.338286738608010285e-02,9.163616976424314442e-02,9.099853514786337971e-02,-9.077120952938086407e-02
-8.760514243415631896e-02,-5.993971086199150616e-02,-1.002891537922684373e-01,-5.828173247725216069e-03,3.936633766934075074e-02,-1.967379641322499623e-02,-1.010478832335732352e-01,-1.119560723093876962e-02,1.722681451692280874e-01,4.795216649649444024e-02,2.851525482098762540e-02,2.775129464354914727e-02,3.404240091304963634e-01,6.372920992373865001e-01,4.285346209667750261e-01,3.997209171127970029e-01,1.000000000000000000e+00,3.366227551459030076e-01,4.356848221058481352e-01,3.046583159372641680e-01,9.256440313060831926e-02,-5.342810935275147527e-02,-1.719910100801446962e-01,-1.117527862885551726e-01,-7.287621490865738016e-03,-1.447771108537900253e-01,-1.043331252043171176e-02,-6.507496616414761015e-02,-9.716391257496349854e-02,-5.900557488320670729e-02,5.894554883446914695e-02,-5.193605406792520252e-02,6.417643102678619038e-02,1.016490456259612485e-01,5.377924352988183027e-02,9.433734870759112601e-02,-4.169873042344635072e-02,-1.695091077914698957e-02,6.167229332096468147e-02,-8.082227584450140181e-03,-8.266225249028781585e-02,-7.634758378372001608e-02,3.039997580667557018e-03,-9.267416579614386196e-02,-6.884296643585199882e-02,-1.116576399864605829e-01,8.908076674543937215e-03,-9.291386335723864076e-03,3.456058671872764415e-02,3.762358245233485689e-04,1.108130864039762187e-01,5.771425216551758636e-02,4.697447913316266793e-02,-5.261710732590006018e-02,-4.156880313262918680e-02,-1.033479726786576680e-01,-7.739717863027886779e-02,1.238276274859034624e-02,6.216155643726260088e-02,5.526354570017098095e-02,9.737676852483713452e-02,2.591819074343835669e-02,5.857317037574805152e-02,1.124048738789659024e-01,8.959730730407669541e-02,1.351713210432076498e-02,3.760351142075220310e-02,8.658425268610368819e-02,-2.215234536812126648e-02,6.319093904511177695e-02,-1.610411190364282874e-01
-2.898919313674080955e-02,5.986054723971514363e-02,-1.323998886376874734e-03,3.408225843432944463e-02,1.345100107505002307e-01,2.499053838329547486e-02,-5.175103875830126647e-03,-5.998003402957539920e-02,4.303204123854294932e-02,-3.456561148548683432e-02,-9.488360096594704307e-02,-2.991817122353739727e-02,3.197232190803307450e-01,2.032014316808720689e-01,4.685335027228002547e-01,4.340445945612353418e-01,3.366227551459030076e-01,1.000000000000000000e+00,2.881788758194998024e-01,3.454009937606041802e-01,3.609354159403403012e-02,-5.039622475844464378e-02,1.901282780639081127e-02,-5.898508898583557786e-02,-1.165086659100788152e-01,-1.228266020393476987e-01,-1.060713973274550193e-01,-1.154393278258074168e-01,-7.322268002706967815e-02,-1.711549498910107103e-01,-5.952236341800316854e-02,-1.437057095950210750e-01,-8.632804503154606346e-02,-1.565057636988857054e-02,3.113244790147763272e-02,-2.721174030104289102e-03,-1.269963310311495175e-01,-7.232994141904147689e-03,1.729573660938510393e-01,-3.303803591076236862e-02,-1.235226156623210891e-01,3.578483913888839962e-02,1.536631721192985578e-01,-9.804788946603062993e-02,-7.770554608281782238e-02,-3.980200677372380119e-02,-3.431593346163649971e-02,2.787920326492649911e-02,-1.343350740547402666e-02,1.140063712782541684e-02,2.255259290019113322e-02,4.181034114721179223e-02,1.275803480048130212e-01,4.896580349863662029e-02,-7.401260789283756192e-02,-5.227011714290086958e-02,3.839621269324954012e-02,4.294523970184892930e-02,1.211465659652056631e-01,1.376509206485594661e-01,8.893955431689762325e-02,4.984677753473572975e-02,1.260046726008220430e-01,-1.619013905212736762e-02,3.963347195612653556e-02,9.707747881713595095e-02,3.954016640644147235e-02,1.021192198514342675e-01,5.752449777711317325e-02,1.121097537672116340e-01,4.039662491264869176e-02
-2.642601054898648452e-02,-1.012202587644876577e-02,-1.758890291405938375e-02,8.475373586542321591e-02,6.241756523309754945e-02,7.494342456565425414e-02,-6.123804940962323390e-02,7.049148534407385924e-02,8.059677084579351669e-02,1.202576392402669170e-01,9.133825220216966120e-03,-6.846321271064455261e-02,2.079808233097389936e-01,3.801461866325339667e-01,2.012962276469826006e-01,4.759311557461514686e-01,4.356848221058481352e-01,2.881788758194998024e-01,1.000000000000000000e+00,3.795336661291350833e-01,3.706700383058028625e-01,1.381988724700336513e-01,-1.854376157373286704e-01,6.711010009122460318e-02,3.049810548447559957e-02,3.343301613269240163e-02,7.276653226298697430e-02,6.991042684620077385e-02,-2.011538784964138175e-03,4.775910333003211342e-04,1.124580286870998369e-01,-3.367450998683623603e-02,7.514058262400800936e-02,5.251150581196194211e-02,-8.837251050802148039e-03,-2.350773727897797344e-02,-3.602954657459192522e-02,-1.057377609511406386e-01,3.268087215344507579e-02,6.473664819843896745e-02,-7.668416659332011331e-02,-7.175478651202613078e-02,1.919144548795286009e-02,-2.924255038513315537e-03,-5.896096765625059855e-02,-5.315627314060714093e-02,-6.261924071556169979e-02,-7.035248289788220699e-02,-8.636635747454383255e-03,2.637316348130199981e-02,8.821134737133907999e-02,6.563203723952086566e-02,6.056931534322113064e-02,-2.408905847317303547e-02,-8.632723198622418992e-02,-7.443870974578112309e-02,-8.091322145590165715e-02,-3.030319442344322697e-02,7.043076761225437743e-02,4.870332611848519205e-02,1.148773964979855483e-01,-6.589740916114901481e-02,-5.983053011087888749e-03,8.134365809202480369e-02,-3.025624110268621686e-02,-4.445672301662143000e-02,5.018965518355195110e-02,-3.952649094969486188e-03,7.087470847270385677e-02,2.086261007545360882e-02,-1.688020181356686411e-01
1.924800978560434195e-02,6.019347299889956510e-02,1.771212656710452471e-02,9.717858238046658825e-02,1.384645549379173723e-01,7.614355605841785501e-02,-1.385234572976237234e-02,-2.382507614405933796e-02,-3.093049385949899616e-02,-4.197148083509751049e-02,-1.205361160800984266e-01,-1.828730623106262360e-02,2.029245513366985387e-01,1.951475608259360395e-01,2.137669383186862893e-01,3.356471084136242733e-01,3.046583159372641680e-01,3.454009937606041802e-01,3.795336661291350833e-01,1.000000000000000000e+00,1.897113069995058077e-01,2.678753163231527568e-01,1.628219354100518199e-02,1.183382164196808833e-01,-3.119002584517792387e-02,1.547234613784732350e-02,5.308614138138466505e-03,2.349474659191297041e-02,5.706544951169083973e-02,-7.661553108782329091e-02,1.622169109265601816e-02,-6.974739304020126374e-02,-1.364046840804808425e-02,4.581066555627508197e-02,-5.495552180631699257e-02,4.254851329446100033e-02,-4.764803957669554862e-02,-7.178571780553535953e-02,1.692562058740485764e-01,8.800313943320470234e-02,-1.415467910261440365e-01,-9.746481292865943891e-02,1.152272608649773933e-01,-1.076743445483174244e-01,-2.229584503254489203e-01,-1.259395564387554289e-01,-5.437319311665538002e-02,-2.534764843992527023e-02,1.594307680531305239e-03,1.022759028867761301e-02,5.081805572803686777e-02,1.229482376996068327e-01,9.439072150352174895e-02,1.348730595432132834e-02,-1.315017923548137957e-01,-7.776628853980356582e-02,-3.181462634411287571e-02,-6.557325649969221459e-02,7.632587262855232424e-02,9.416671394791685523e-02,2.059937916905906982e-02,-3.989297912331372237e-02,2.743547591810116190e-02,4.107935853311278640e-02,-3.642697453020429105e-02,1.446318199141463368e-01,6.794631102253197164e-02,1.387649670384473732e-01,2.318790083173708494e-01,2.019336690182258476e-01,1.023980760156614628e-01
2.543838773233559128e-02,-5.095517735776850660e-02,-1.093697150949527255e-02,5.882406839046749186e-02,-4.965239259057439153e-02,4.206863292303704427e-02,7.204549635734421899e-03,1.909386914098535337e-01,3.200057460649478880e-02,1.135373547345209511e-01,1.187028468421588989e-01,-2.289592832237873077e-02,-6.339567753662507521e-02,1.210823873451296190e-01,-4.075272916742833651e-02,2.288057233324548023e-01,9.256440313060831926e-02,3.609354159403403012e-02,3.706700383058028625e-01,1.897113069995058077e-01,1.000000000000000000e+00,3.949709447501210668e-01,-8.958004301873436284e-03,4.218891489092007063e-01,2.469874737183195001e-01,3.263589102277406617e-01,3.169436926755894168e-01,2.851977267219461543e-01,2.324060814436237632e-01,2.498178217941031121e-01,2.680097034378048360e-01,1.840727679743247025e-01,2.173837099356557001e-01,5.346368645487790255e-02,-6.102303016518838275e-02,4.658837268608941734e-02,5.774346925013953968e-02,-1.754716268573901228e-01,-5.682063371605762525e-02,4.343055985486508896e-02,-6.221039202695387987e-02,-1.380469217110047164e-01,-6.928403410550920682e-02,8.438320108537440689e-02,-1.043509036765462722e-01,5.150972336575188916e-03,6.574742368133087989e-03,-9.371380195174557060e-02,-6.826192691209831799e-04,2.118925626091916481e-02,4.626386165557856700e-02,7.853059909717428899e-02,-7.605220477261033507e-02,-3.514186601855680270e-02,-1.839720103180873464e-02,-7.803962490394361629e-02,-1.780752356457460939e-01,-1.242886532687766943e-01,-6.575975710626384696e-02,-9.880422290218573989e-02,-5.787052870839932278e-02,-2.268532982400373321e-01,-2.804464298019073709e-01,-8.945646572598468793e-02,-3.084295012301980221e-01,-2.015242252606326001e-01,-3.352233549770381599e-02,-1.378792275888317820e-01,5.044255904726197004e-02,-9.545393440105298666e-02,-1.127867443729878988e-01
1.177763819570193521e-01,3.419788133046456659e-03,1.179199283744118143e-01,6.011397223302344939e-02,-2.840528108210941746e-02,1.193633122841147171e-01,9.872445794121416374e-02,9.634210452463126684e-02,-4.511250294081541046e-02,1.913557347203114975e-02,2.917331360146185187e-02,6.561656581438075897e-02,-1.048946329837961711e-01,-4.461803944039931247e-02,-1.581134807450408908e-01,9.577731580098998443e-02,-5.342810935275147527e-02,-5.039622475844464378e-02,1.381988724700336513e-01,2.678753163231527568e-01,3.949709447501210668e-01,1.000000000000000000e+00,2.310951665634808916e-01,5.966471691311001635e-01,4.883500375241736080e-01,4.468899194434550193e-01,5.165086911281309145e-01,2.462348613655823137e-01,4.170831017781222450e-01,2.945249320498763423e-01,1.288542874424414286e-01,3.182885156418774897e-01,8.987524841755727134e-02,1.854262405873303432e-01,8.614540161469703972e-02,1.419624140090603726e-01,1.538957550901576266e-01,-6.003274725314057536e-02,6.896132361863938076e-02,2.079331005376911790e-01,1.107759718433294627e-02,-1.206771246698058464e-01,-2.889370041286561802e-02,-3.082215901280170936e-02,-1.090002953964131494e-01,-7.588469040309363256e-02,-3.071619306126640442e-02,-1.068660291239218463e-01,-4.044924185320091653e-02,-2.004543113883381078e-01,-8.909726088011836465e-02,-5.183022488994840776e-02,-1.915026873525812467e-01,-5.548333305423910899e-02,-2.671741522187158144e-02,-2.138316509844803877e-03,-7.733895536452396746e-02,-4.890519121695886817e-02,-1.327157276228011495e-01,-1.122575210655831490e-01,-1.386132524117247578e-01,-2.415554989358212334e-01,-3.105225242130810748e-01,-1.131381880892805697e-01,-4.266618491863836127e-01,-1.611283115159287127e-01,-2.672638370321586687e-01,-2.647243174830731793e-01,3.298145004187903739e-02,-1.737418446159213481e-01,5.941768306439511316e-02
