1.000000000000000000e+00,4.275281859228205472e-01,4.901428618649465441e-01,4.360833239128994454e-01,2.790080150184916508e-01,3.271568468345462111e-01,3.839958250972083098e-01,1.899705821363207592e-01,3.027770320049864017e-01,3.520173609147070337e-01,-6.345088324194518570e-02,1.819594739209391965e-01,-1.027932408218696081e-01,-1.061398585851184156e-01,1.584455383739430956e-01,-4.612083411682742912e-02,-6.968756963321488807e-02,7.284434561228904370e-02,8.069372441655656147e-02,9.670343329687899891e-02,-3.139258840927223321e-02,-9.699001663107383042e-02,-1.695130239788645785e-02,-1.006566436875145215e-01,-2.527065722316776050e-02,-1.022504714485485272e-01,-3.577903919628996204e-02,-7.000318064736138490e-02,-3.724420002773234928e-02,6.592241407847163059e-02,-4.229641154484818644e-02,-2.515810118401655068e-03,1.620331171865063147e-01,8.277931501824777050e-02,3.339142647354716859e-02,1.985586225639903446e-01,1.508664092172441913e-02,-7.104781713450014462e-03,9.340844761775338179e-03,-4.963827065858996551e-02,-1.240177890979577216e-02,-1.485603847984895247e-02,-1.099972947596202953e-03,-1.260493797623056175e-02,1.079959692180847315e-02,2.151019239481174669e-02,7.389886317330042259e-04,-1.115241004481412092e-03,1.276224311944827196e-02,-1.339096288449021302e-02,1.808886891317611906e-02,-8.955285379667068946e-03,5.977574616524524397e-03,1.067920697413291507e-02,2.322832352474725991e-03,-1.545280008965648801e-02,4.680737554960471593e-03,-3.047482387753853300e-02,-1.143977861070731919e-02,-6.039465744282628522e-03,1.930340740455949817e-03,1.244649075958895873e-02,3.213958792604783288e-02,2.493321445356399754e-02,-7.212198464850647951e-03,1.977302844034927592e-02
4.275281859228205472e-01,1.000000000000000000e+00,3.689473722375179454e-01,3.857212506442178057e-01,4.096733657991459276e-01,2.054705825936917196e-01,3.633114663234536246e-01,2.916694360646243656e-01,2.038220105642345459e-01,2.846973604575931960e-01,-8.130794249329345580e-02,3.600625848238823978e-02,-2.031408247181474003e-01,-8.834537472681960879e-02,3.488443744434473887e-02,-1.296238349879005880e-01,-6.478710406313416270e-02,7.936802623547454735e-03,4.195407874067550585e-02,2.895586552282756326e-02,-6.097258044240946168e-02,-5.548823586945339503e-02,-5.180285324018553059e-03,-3.431712819089009076e-02,3.652402055335740583e-02,-7.140575416819987253e-02,2.210571616680516438e-02,7.485735071450452631e-03,7.907243468296860922e-03,5.156215999034585024e-02,6.656837504833663238e-03,-6.575849683985895977e-02,1.072705411124672270e-01,1.420238440484653530e-01,-4.112215336687006367e-02,1.399066886635863816e-01,6.135481132864954723e-02,-7.709033721259925254e-02,-4.075145808415549936e-02,-5.166617535234666048e-02,-5.713778199518529388e-02,-3.390922576902567070e-02,-4.316804180521752535e-03,-3.044594513033931082e-02,-1.592072538910297569e-02,2.897303469360273248e-03,-2.226989503538839496e-02,-3.664293295577369936e-02,-6.726377033299416573e-03,-3.081304655058958106e-02,-1.369486522381257836e-02,-2.452187296986634707e-02,-2.764334399845475368e-02,-5.084679117887614536e-03,1.712104200711678584e-02,2.006449411909204741e-02,1.860387680654328191e-02,-1.116979069105316150e-02,7.052624340546655938e-04,2.357602481860644750e-02,-2.485912313443717006e-03,-2.260819601542617130e-02,-7.637256291392956024e-04,1.305192269895626188e-03,-3.361830763739199601e-03,-4.850941078226788002e-03
4.901428618649465441e-01,3.689473722375179454e-01,1.000000000000000000e+00,3.907648903391347517e-01,4.901488826902599127e-01,5.301923392464454876e-01,3.655449402955615046e-01,3.392169193859439491e-01,4.365954479673778699e-01,2.990859241142955205e-01,-2.273684007188757905e-01,7.868706835707235669e-02,-1.614203107905452517e-01,-2.507477196335761160e-01,6.426046290910432390e-02,-9.892076393770742049e-02,-1.704498381291611186e-01,6.268873977487936233e-02,6.530428431708784620e-02,1.258269467264587771e-01,-1.115861238481319490e-01,-1.675588991382226389e-01,4.000585470818015382e-02,-9.907976853178185328e-02,-7.282251417440405161e-02,-1.909715411350606240e-01,-4.085917940391040060e-02,-1.391342168471276786e-01,-5.566309147096486915e-02,1.781190920588576754e-01,1.456148718530857374e-02,9.064944895639479028e-02,2.830473916132204004e-01,2.090112560442174694e-01,1.532644676243925252e-01,3.456089119880036420e-01,1.437546261361685451e-01,9.949419124657199465e-02,8.197319640697647847e-02,-4.651156142219874806e-02,3.484951423126274317e-02,2.269996619291823892e-02,-1.778292250249779993e-03,7.456046948678367661e-03,3.522509294492975201e-02,3.689789459282248607e-02,3.708002882188627877e-03,2.358732047800398204e-02,3.073080993274444894e-02,6.558068480269578678e-03,4.389703442329776634e-02,4.688977817657561005e-03,1.964127129140686226e-02,1.933682086545872661e-02,-6.271190855667216173e-03,-4.071870783765895591e-02,-4.729393978256409177e-03,-2.520877204851649719e-02,-9.683517134139976029e-03,-4.179021246665100275e-02,-1.570287733081596887e-02,2.089859373258115202e-02,3.816274057370552808e-02,1.721080207795943479e-02,-3.469906738440902555e-02,2.113858398299589547e-02
4.360833239128994454e-01,3.857212506442178057e-01,3.907648903391347517e-01,1.000000000000000000e+00,4.432334566366454842e-01,4.090040688887666143e-01,7.273183102042888315e-01,3.665698775145038724e-01,4.057597970508706187e-01,6.456220231834599588e-01,3.735225746090490434e-02,3.093978513736581615e-01,-1.686424010110349758e-01,-2.896430243596736023e-02,2.879118873187485605e-01,-9.742558753425915874e-02,-7.091438806942261530e-02,6.053458067940963028e-02,9.438534198302400702e-02,3.915450597997728599e-02,1.780747194857794369e-02,-4.638760942742798515e-02,-7.198366857585601630e-02,-1.029092056010436351e-01,8.505383543246104738e-02,-1.320509883056119327e-01,1.901147582041038189e-02,1.407747627610252301e-02,-2.035488632780755106e-02,1.453954790627584245e-02,-9.574222813109777019e-02,-9.579523249595804646e-02,1.235749022374492134e-01,6.501486661446004289e-02,-1.357569561861259044e-01,1.630770911307665161e-01,-3.487030390392040907e-02,-1.662769002487462511e-01,-8.537797734755252221e-02,-9.852761737077739279e-02,-1.316811834911674473e-01,-8.806218407214859434e-02,-3.549289061347034313e-02,-6.265418070914745285e-02,-3.216608422988242316e-02,-1.133031882667270146e-02,-4.283494243585003747e-02,-6.000937273931652993e-02,-1.259291066757584239e-02,-5.288136723778441572e-02,-1.389836918481359394e-02,-3.584051070116627685e-02,-4.679430671236220474e-02,-2.351571902477842674e-02,2.763884239717119898e-02,4.093638650122204820e-02,8.775582172362409589e-03,-4.801905089414922924e-03,-7.542401916296037753e-04,5.779319979157393483e-02,4.260494052429316530e-02,2.517297813750010715e-02,3.078795507823510122e-02,4.062079395817821958e-02,3.451308840631497898e-02,3.296156455286704950e-02
2.790080150184916508e-01,4.096733657991459276e-01,4.901488826902599127e-01,4.432334566366454842e-01,1.000000000000000000e+00,4.323295396795001633e-01,4.086044885265379123e-01,6.498583788217574542e-01,3.565081932634751039e-01,2.236039544346472563e-01,-2.746559339835779601e-01,-1.853257527324006226e-01,-3.987602336044507312e-01,-2.412795060144231618e-01,-1.587202321724799359e-01,-2.868299199357745577e-01,-2.298861504384684395e-01,-1.069145588927635226e-01,-5.291734376683360913e-02,2.203011529063263630e-03,-1.813813545715748654e-01,-5.916237497843676585e-02,9.974704356601828137e-02,5.169502823238713435e-02,4.069818580983261547e-02,-1.063116369833919800e-01,1.271961334698077373e-01,8.949292596489631310e-03,9.749012348326309418e-02,2.077770229893040055e-01,1.349920373565619836e-01,4.460793642529276015e-02,2.389731690874692116e-01,3.590950215892367847e-01,6.910163605444828716e-02,3.035320284533575275e-01,2.999757682082384025e-01,9.608410876512280679e-03,-1.394309514373351898e-02,-7.240934299440782151e-02,-3.832091008697283141e-02,-3.094220221603578153e-02,1.486173852384004663e-03,-1.172328433952731300e-02,1.014798389357939729e-02,2.083263530643214220e-02,-3.749402019828762100e-03,-5.921022157047743477e-03,2.633263151794390175e-02,-1.161196039131004269e-02,1.909029394241849864e-02,-1.648810319963666879e-02,3.532947628254693752e-03,1.602765430165203507e-03,6.076837211004910456e-03,9.771591319407404649e-03,7.934246314698086000e-03,-2.335379168012107973e-02,1.044187449362948134e-02,1.686561142566610216e-02,8.383655485438101448e-03,2.003551112745250926e-02,2.786082891616883592e-02,2.803345221834696067e-03,-2.850285586496702564e-02,2.038116812767243671e-02
3.271568468345462111e-01,2.054705825936917196e-01,5.301923392464454876e-01,4.090040688887666143e-01,4.323295396795001633e-01,1.000000000000000000e+00,4.094985362836571219e-01,4.334210120750306428e-01,7.047127540449681371e-01,3.310975759250494588e-01,-3.007441481897690227e-01,1.296102413445509582e-01,-1.408207728553359517e-01,-3.596020601945990602e-01,9.744923471158140060e-02,-5.962040718676828860e-02,-2.284450706394835218e-01,1.144864374919795924e-01,3.846756658199163709e-02,1.738853880020473641e-01,-8.797326667548963086e-02,-2.104798360193631257e-01,6.191749628533138594e-02,-1.206138685475076355e-01,-1.475555933771591777e-01,-3.052034454961349286e-01,-5.646036795583030815e-02,-2.112470885963499134e-01,-8.681643059164785570e-02,2.438955493189237655e-01,2.803690004170080602e-02,2.053734020903056068e-01,3.788172968191406698e-01,2.641448620614166853e-01,2.852107389719162889e-01,4.352304515654746853e-01,1.802405921246012788e-01,2.056407132163789730e-01,1.344688646361143491e-01,-6.635804934661385102e-02,7.095128095253196154e-02,4.350429327202300772e-02,6.387955738613351753e-03,2.120450510060278501e-02,1.645245423124117035e-02,2.636014431336788574e-02,2.207083162142477531e-02,1.272281100664574872e-02,4.657096322115238801e-02,1.756805099120191740e-02,6.343922465576377900e-02,1.983369364902058674e-02,3.281897680266935430e-02,2.409464564012813240e-02,-4.952605950971990072e-03,-4.979260087572771887e-02,-1.983998886562284361e-03,-1.273487508853372169e-02,2.071823627272590881e-02,-1.620052577368291669e-02,1.493494131198093130e-03,3.804360091604114952e-02,5.124741569961303173e-02,3.736939160560025924e-02,-4.159986928634880343e-02,3.149991329278273300e-02
3.839958250972083098e-01,3.633114663234536246e-01,3.655449402955615046e-01,7.273183102042888315e-01,4.086044885265379123e-01,4.094985362836571219e-01,1.000000000000000000e+00,4.052738626109678166e-01,4.812505712759154730e-01,8.125000557923409694e-01,7.153215330687710816e-02,3.989853807167840216e-01,-1.338048274617304745e-01,-2.536282163385357447e-02,3.623391966363601613e-01,-4.460059933532910248e-02,-7.223740294475244905e-02,1.440549631440398159e-01,1.396102495653407105e-01,1.174280004417991435e-01,6.813801339065143903e-02,-7.499777317258261855e-02,-5.068309984857666955e-02,-1.309018606537543927e-01,5.028451247235676824e-02,-1.857579822078647691e-01,-5.629422111659699961e-03,-2.156781983206215725e-02,-3.979889293912198395e-02,7.828553156107941058e-03,-1.069894000860415195e-01,-8.023231452878604175e-02,1.305461151951744225e-01,5.374002504343112357e-02,-1.223438919174845985e-01,1.856521765581422012e-01,-6.144340394458895627e-02,-1.582813246463670720e-01,-7.698723298882330368e-02,-9.212337740632001171e-02,-1.215221660196007941e-01,-6.748119200815522190e-02,-1.315277576545601824e-02,-6.098256363209184766e-02,-3.026777896982065993e-02,-4.909161264460216306e-03,-6.817628650131760115e-02,-5.972757188399788891e-02,2.848060499580513374e-04,-7.565539509656733774e-02,4.369755233625330360e-03,-5.638645265555382313e-02,-4.533964256392217923e-02,-1.062270523233324430e-02,4.329974646193321397e-02,5.626547850303916659e-02,-3.989324606037981773e-03,3.649709556088256718e-03,-9.357666385011086108e-03,7.605820123776382835e-02,4.483580021902164314e-02,1.629867715996272809e-02,2.872772125374462027e-02,5.363966981606112933e-02,4.279896740900011876e-02,4.240517162019868946e-02
1.899705821363207592e-01,2.916694360646243656e-01,3.392169193859439491e-01,3.665698775145038724e-01,6.498583788217574542e-01,4.334210120750306428e-01,4.052738626109678166e-01,1.000000000000000000e+00,4.604019276596623134e-01,1.692068468154915573e-01,-3.281572962922648662e-01,-2.901805179008091762e-01,-5.088291383550187508e-01,-2.559427280431122442e-01,-2.403509078110103725e-01,-3.607629467036588822e-01,-2.401055224154580725e-01,-1.673235831438230625e-01,-9.759005201610632119e-02,-5.165637483387171269e-02,-1.780649738490436007e-01,-1.827458291508517879e-02,9.265158144252373662e-02,9.498111550026151761e-02,7.243269886579865868e-02,-6.600402092206389404e-02,1.591927692784561033e-01,4.036405846126875363e-02,1.222844612861823527e-01,2.052883779361317218e-01,1.559331833491796326e-01,4.052227501478901373e-02,1.956362524288967342e-01,3.282504767329681439e-01,5.089099903657685192e-02,2.632503600198804472e-01,3.028233374291243729e-01,-2.038484159345435587e-02,-4.303834421924582904e-02,-6.807761668509822173e-02,-4.144623719471290935e-02,-3.520163404352544961e-02,3.089277173347196922e-03,-1.883284167672211185e-02,-1.245460522086005647e-02,6.858929265615153724e-03,-2.600309431719956613e-02,-1.970463582660158045e-02,2.821265034307926869e-02,-2.145408652444663958e-02,1.966376120440292349e-02,-7.337358880802479985e-03,-2.829864254062584416e-03,-7.245662243325283036e-04,1.453700577025128504e-02,1.762147634486587941e-02,-5.925007550445742302e-03,-2.110391739774765754e-02,5.201272208215010611e-04,3.014372914912245155e-02,2.555208471164515174e-02,3.118477403466133821e-02,3.280444066300323286e-02,2.946494868077902465e-02,3.379067540336258731e-03,4.018557795689540330e-02
3.027770320049864017e-01,2.038220105642345459e-01,4.365954479673778699e-01,4.057597970508706187e-01,3.565081932634751039e-01,7.047127540449681371e-01,4.812505712759154730e-01,4.604019276596623134e-01,1.000000000000000000e+00,4.085024834191497978e-01,-3.881088284744473871e-01,1.668130701974292196e-01,-1.761735682833572292e-01,-4.384218223141873039e-01,1.070887835996262027e-01,-9.086353171454347732e-02,-2.459504772413205753e-01,1.071835277136939379e-01,4.604950869035498440e-02,1.514766567293037158e-01,-7.183238790445323207e-02,-1.982466211247028154e-01,4.275029744731663472e-02,-1.229414210223032655e-01,-9.853450060678656253e-02,-2.856948790372204616e-01,-2.534392647897064713e-02,-1.480941560267547419e-01,-4.029539185434773130e-02,2.681576003587962109e-01,6.744298540574419909e-02,1.938077326714362780e-01,3.905360563720944866e-01,2.680228669927056662e-01,2.545135436771537862e-01,3.831391502135170213e-01,1.575717709165523894e-01,1.544408363052329203e-01,1.231417120130538084e-01,-3.694116767183188571e-02,5.750559272460781940e-02,3.807033103221329345e-02,3.796745946272389594e-02,1.931176888788625756e-02,2.969896733763633875e-02,4.308306511960582202e-02,7.930728615463561795e-03,2.275353272969249038e-02,7.119281229990950810e-02,1.211139805858788172e-02,8.636594467117847396e-02,2.913597886763409986e-02,4.416679498467563497e-02,2.890749244645017535e-02,3.426661051658673549e-03,-3.626662952676005386e-02,-3.129611348205250249e-02,-2.717388902480937299e-02,-1.169433253195363565e-02,4.581463060470045124e-04,1.242793820243986644e-02,4.038916903242315698e-02,5.258806354251372578e-02,4.664774396257802269e-02,-1.431970627799125997e-02,5.647328056341085339e-02
3.520173609147070337e-01,2.846973604575931960e-01,2.990859241142955205e-01,6.456220231834599588e-01,2.236039544346472563e-01,3.310975759250494588e-01,8.125000557923409694e-01,1.692068468154915573e-01,4.085024834191497978e-01,1.000000000000000000e+00,1.796492524445284233e-01,5.883597405404861203e-01,3.244526712189723522e-02,4.768821934333514201e-02,5.173569835297364694e-01,8.645386719360431682e-02,-1.152282536046245198e-02,2.308320896228650831e-01,1.777970572364918067e-01,1.530599756391944621e-01,1.463438192565265916e-01,-8.261304694192714293e-02,-7.485078978977877107e-02,-1.794552429851163089e-01,2.182284736856867496e-02,-2.138628294827131515e-01,-6.684871410783702061e-02,-6.841810201523314261e-02,-8.410188644479185682e-02,-4.717737249557160673e-02,-1.634280672339735729e-01,-6.765593405197294075e-02,9.688154354854495998e-02,-4.015244872774749452e-02,-1.125152248228357410e-01,1.294160886752806494e-01,-1.580919429424407774e-01,-1.460611057863501761e-01,-6.486367602161750845e-02,-8.224640953101802765e-02,-1.039828612729814250e-01,-6.247998240791592661e-02,-2.472065656659887950e-02,-6.273462771681051486e-02,-2.279289104010660816e-02,1.380092867954813354e-02,-5.662750250246030570e-02,-4.895644541371411279e-02,1.722951033240672711e-02,-7.737746827065232480e-02,2.094134006959198074e-02,-4.731950282949106551e-02,-4.160649709051884165e-02,-1.515305342058901814e-02,3.862702644645650552e-02,3.861240031748461310e-02,-2.245946889399873594e-02,-1.176500124082994559e-03,-2.379315730960352912e-02,6.005895732395987591e-02,4.354912674414215812e-02,2.709267498608274038e-02,4.428477598033787183e-02,5.658474205412723779e-02,4.665963183262453878e-02,5.107371009949383117e-02
-6.345088324194518570e-02,-8.130794249329345580e-02,-2.273684007188757905e-01,3.735225746090490434e-02,-2.746559339835779601e-01,-3.007441481897690227e-01,7.153215330687710816e-02,-3.281572962922648662e-01,-3.881088284744473871e-01,1.796492524445284233e-01,1.000000000000000000e+00,5.173505466251854257e-01,4.759370689050579362e-01,7.727882379718944428e-01,5.124586199167676659e-01,3.856213430749629856e-01,2.866599366990988385e-01,2.039359286703500418e-01,7.365411186495912643e-02,2.705577886176531444e-02,2.946143857968764324e-01,1.475057272685873222e-01,-3.662398243558175753e-02,-1.264935229251968468e-02,6.164956950304540523e-02,-2.419036893918299208e-02,-6.685322961339736081e-02,6.943393963249079592e-02,1.442605353073167507e-02,-3.304864459049513536e-01,-1.721751477171669376e-01,-9.454012139804708614e-02,-3.225542969742524746e-01,-3.237156140011069327e-01,-2.471415524596737856e-01,-3.234989989835689861e-01,-2.505035059738270897e-01,-1.501196499482787272e-01,-1.436067572573185014e-01,-6.951428143049583064e-02,-1.481322752768395590e-01,-9.148566145702802244e-02,-5.712600032338455841e-02,-8.197510618312989217e-02,-1.205724993690921593e-01,-7.548272464267284654e-02,-9.808150306460912404e-02,-1.105723571016263146e-01,-8.681744288824609634e-02,-1.262519354528608695e-01,-8.674395758369725373e-02,-8.452537352780427338e-02,-9.730310039699542612e-02,-3.923442071247455754e-02,2.775164271585113182e-02,4.146301640940490418e-02,-1.506121576794512001e-02,2.358866545234071695e-03,-9.117476342824018531e-03,9.050427938754393442e-02,5.228868573809231091e-02,3.879919546713264406e-03,-1.185195077238641176e-02,9.140233647508065606e-03,4.686437647239915377e-02,-1.069116002291976841e-02
1.819594739209391965e-01,3.600625848238823978e-02,7.868706835707235669e-02,3.093978513736581615e-01,-1.853257527324006226e-01,1.296102413445509582e-01,3.989853807167840216e-01,-2.901805179008091762e-01,1.668130701974292196e-01,5.883597405404861203e-01,5.173505466251854257e-01,1.000000000000000000e+00,4.530859396218846480e-01,3.117489823072103761e-01,7.918395272467687596e-01,4.030398654708143291e-01,9.381836497882789505e-02,3.620371789872418034e-01,2.143928937351928243e-01,1.957553360052468328e-01,2.962592219685066253e-01,-6.633011531991094001e-02,-9.399453461901306761e-02,-2.152981112407853226e-01,-2.337433291342560712e-02,-2.396860277466027200e-01,-1.368137656594111962e-01,-7.296425187395111367e-02,-1.105379985549942018e-01,-1.402144581073163088e-01,-1.976373904924410285e-01,2.463911907087334291e-02,-1.099964112584806385e-02,-2.221706864806722026e-01,-4.206594982350751744e-02,-5.063139526204396557e-02,-2.671710097303652276e-01,-5.148408296496181230e-02,-3.598134602050177128e-02,-8.435816193058354173e-02,-8.144854647175366058e-02,-5.496878709979602373e-02,-3.836417891101728816e-02,-6.543335409043946060e-02,-4.353251358996369780e-02,1.975599825404528512e-02,-2.574419015490444357e-02,-5.533721120264272625e-02,2.464415911187868916e-02,-6.052401338372264544e-02,2.497026541766871749e-02,-1.989442684458411423e-02,-3.344481882304150416e-02,-1.269246065886640677e-02,2.691690308603128870e-02,1.388244235925738430e-04,-3.379469273998934875e-02,-5.824773684356408451e-03,-1.840148194231591358e-02,4.409190437249401601e-02,2.872767034355854995e-02,1.009114913033360220e-02,1.654690189710471965e-02,3.024081227544606759e-02,2.684758392403679625e-02,2.217530586989659158e-02
-1.027932408218696081e-01,-2.031408247181474003e-01,-1.614203107905452517e-01,-1.686424010110349758e-01,-3.987602336044507312e-01,-1.408207728553359517e-01,-1.338048274617304745e-01,-5.088291383550187508e-01,-1.761735682833572292e-01,3.244526712189723522e-02,4.759370689050579362e-01,4.530859396218846480e-01,1.000000000000000000e+00,3.722486435207758571e-01,4.139199079304571316e-01,6.060349498644781452e-01,1.916855152073003166e-01,3.917840387821227566e-01,1.235430415815388788e-01,2.001915679438287798e-01,2.943326642078026856e-01,-2.210749572076461944e-02,4.461259733670021321e-02,-1.061702028769894307e-01,-1.578562283914571041e-01,-1.697483508679420716e-01,-2.115110729081625673e-01,-4.622492543132785542e-02,-4.242754344936910949e-02,-1.732824367782692665e-01,-4.745392561516462854e-03,1.399801497222930846e-01,-1.198272988089569974e-01,-1.920086042361907053e-01,5.558850661810643690e-02,-1.896013788154690960e-01,-1.655302547987163586e-01,1.311960926110630754e-01,7.534065507957440899e-02,2.580952991243185696e-02,2.801192553613589958e-03,1.559513046522830772e-02,1.071141022284978657e-02,4.355362628598908811e-03,1.202570568252542792e-02,-1.237565566847196805e-02,-6.201808805478576520e-02,6.421630645613434461e-03,-2.722499098835691814e-02,-5.678057430731073274e-02,3.526971585073083310e-02,-4.965271042333340573e-02,8.813668425251702104e-03,2.373796268292616835e-02,4.002616612835011023e-02,-2.687475525522554573e-02,-2.172746791159338095e-02,2.685031005738612586e-02,1.882938623655455420e-03,1.716429769192021407e-02,1.166359651652239780e-02,1.569933041959445386e-02,1.260937008844910563e-02,2.849453215472212350e-02,1.612991853581080548e-02,1.121918215292566981e-02
-1.061398585851184156e-01,-8.834537472681960879e-02,-2.507477196335761160e-01,-2.896430243596736023e-02,-2.412795060144231618e-01,-3.596020601945990602e-01,-2.536282163385357447e-02,-2.559427280431122442e-01,-4.384218223141873039e-01,4.768821934333514201e-02,7.727882379718944428e-01,3.117489823072103761e-01,3.722486435207758571e-01,1.000000000000000000e+00,3.755533651962699171e-01,3.109754918814081059e-01,3.402348665259844473e-01,1.568192102320843107e-01,7.008880866000888332e-02,2.313794021614973967e-02,2.352749562298984409e-01,1.319818733898224794e-01,-3.987553537911556201e-02,1.575889822176346558e-02,6.303767490001019325e-02,-1.621880178713966045e-02,-7.095584689382795907e-02,8.913538151501182449e-02,-1.738995309554183452e-02,-3.722270703091237753e-01,-2.032467113445984574e-01,-1.734861973588754103e-01,-3.534910569856705709e-01,-3.059312486787931773e-01,-2.829050190387679131e-01,-3.121987158131310225e-01,-1.814695584758870273e-01,-1.558251880218991525e-01,-1.530318401431443875e-01,-7.468349985041571049e-02,-1.531037241596913401e-01,-7.846683020074884940e-02,-4.928572147462079167e-02,-8.303223112728234934e-02,-1.230220271659957648e-01,-8.623743705995812192e-02,-1.135385091137293134e-01,-1.058473342939227763e-01,-1.026955129094982988e-01,-1.262993367886723062e-01,-9.449756702871413283e-02,-8.101702840094114622e-02,-9.651015094617607093e-02,-3.136814838039717057e-02,4.951583007967587380e-03,2.907559531768389577e-02,-1.807158148911295822e-02,-6.390897589465844176e-04,-8.626694170450940544e-03,8.450706608972374800e-02,5.261530563205319561e-02,-6.093131943641046273e-03,-1.550781618538495978e-02,-5.170561049268857824e-03,4.289357723126201866e-02,-2.265699342803652316e-02
1.584455383739430956e-01,3.488443744434473887e-02,6.426046290910432390e-02,2.879118873187485605e-01,-1.587202321724799359e-01,9.744923471158140060e-02,3.623391966363601613e-01,-2.403509078110103725e-01,1.070887835996262027e-01,5.173569835297364694e-01,5.124586199167676659e-01,7.918395272467687596e-01,4.139199079304571316e-01,3.755533651962699171e-01,1.000000000000000000e+00,3.713796528236126271e-01,8.563243906031813013e-02,3.359260704606305548e-01,1.977815548800411494e-01,1.680293134421471102e-01,2.967920870868913097e-01,-3.394745345572997702e-02,-1.131695420090747944e-01,-2.014473119420396030e-01,2.393604833079382432e-02,-2.393323466803951860e-01,-1.157473863052334156e-01,-5.114599283858108081e-02,-1.110828522501809690e-01,-1.341886988067617081e-01,-2.060267340391695734e-01,1.678106022579714182e-02,-1.719751905125033523e-02,-2.011066209076876887e-01,-3.398669736706746991e-02,-5.742734148637159558e-02,-2.285905670838383474e-01,-7.802729400480153121e-02,-8.715773462768408586e-02,-1.292073844097136881e-01,-1.288315022309141356e-01,-9.205272915077571116e-02,-8.730286567813298759e-02,-1.019220990968416063e-01,-6.757140873979686213e-02,1.679353292305351200e-02,-2.010617734523084676e-02,-7.721531671786878437e-02,2.544841200393724301e-02,-6.860600998552579544e-02,1.837198318190792420e-02,-1.684019324235085796e-02,-4.010153681438075046e-02,-1.603057437143688008e-02,-6.934280790681884681e-04,-1.793243188109284666e-02,-4.355807019628444438e-02,-1.410758166837900243e-02,-3.266982000003665343e-02,2.811860554980103247e-02,3.181564164062298389e-02,2.180085911186084927e-02,2.462819287348077743e-02,7.380767408156967309e-03,1.517948073143174544e-02,1.027255543557332659e-02
-4.612083411682742912e-02,-1.296238349879005880e-01,-9.892076393770742049e-02,-9.742558753425915874e-02,-2.868299199357745577e-01,-5.962040718676828860e-02,-4.460059933532910248e-02,-3.607629467036588822e-01,-9.086353171454347732e-02,8.645386719360431682e-02,3.856213430749629856e-01,4.030398654708143291e-01,6.060349498644781452e-01,3.109754918814081059e-01,3.713796528236126271e-01,1.000000000000000000e+00,2.744200838322647384e-01,5.944860156758443592e-01,1.754518373075232562e-01,3.444361326891058339e-01,3.341834532413380243e-01,-5.891545948293425150e-02,9.807863583359703596e-02,-1.228691349127094545e-01,-2.596704061114870621e-01,-3.434315479642877644e-01,-3.058588746956411586e-01,-1.602357511742097118e-01,-1.015553470718132817e-01,-2.067282457188669431e-01,-7.059671770607774122e-02,1.334222925293445106e-01,-1.228348217974629675e-01,-9.685887773833372349e-02,6.133714715210801527e-02,-1.197246060007048363e-01,-5.139062841789327624e-02,1.155217340131238918e-01,1.197868847276404268e-02,-5.466971842653970542e-02,-5.719613086982151123e-02,-9.080247890500079549e-03,-4.464872800438152850e-02,-6.065744237003042882e-02,-5.834242584437870222e-02,-1.565365596170960674e-02,-1.231441651840438495e-01,-4.966500609497530305e-02,-3.474523803877473810e-02,-1.111929884957089248e-01,1.418174188167708495e-02,-5.715970569982728455e-02,-3.268774365023363604e-02,1.693067187463365847e-02,8.339783264218622594e-03,-2.047341774543697673e-02,-5.225484117499636788e-02,-1.566342324453099885e-02,-2.762248857925183460e-02,2.861238980180215788e-02,4.085664260296750783e-02,3.533258788665163616e-03,4.397776816926796811e-02,3.403072829174353525e-02,3.260326200983746509e-02,3.217440362823243555e-02
-6.968756963321488807e-02,-6.478710406313416270e-02,-1.704498381291611186e-01,-7.091438806942261530e-02,-2.298861504384684395e-01,-2.284450706394835218e-01,-7.223740294475244905e-02,-2.401055224154580725e-01,-2.459504772413205753e-01,-1.152282536046245198e-02,2.866599366990988385e-01,9.381836497882789505e-02,1.916855152073003166e-01,3.402348665259844473e-01,8.563243906031813013e-02,2.744200838322647384e-01,1.000000000000000000e+00,2.982692515782281450e-01,2.492803579483977294e-01,2.311995931850773511e-01,1.022079995490364906e-01,-1.745597115044301428e-01,-1.182330244119971507e-01,-2.450533684928958011e-01,-2.493377804533967457e-01,-1.113720670844579597e-01,-3.761192815335259731e-01,-1.993307174344706723e-01,-3.337754307653813535e-01,-4.437025074542994552e-01,-3.478175804306938845e-01,-2.973066891560005587e-01,-3.484324137305597757e-01,-2.996624342639011007e-01,-2.520076454773274577e-01,-1.476317210494839383e-01,-1.861800144798774759e-01,2.833356161330084430e-02,3.361836922811853312e-02,3.563053584013606973e-02,4.825258004909346865e-02,1.097709811345934650e-01,5.408377205748726019e-02,7.309289177802041904e-02,4.954867605895661720e-02,-4.225982420493815117e-02,-4.108254246810739280e-02,8.331710383033121003e-02,-3.066346726696716346e-02,9.124369707633900057e-04,1.434479125307754933e-02,-1.403677839914400580e-02,-6.058485106562768764e-03,2.695876347239126863e-02,2.480508933926717230e-02,4.092242141196719002e-02,1.975491106142802673e-03,3.639802151483147868e-02,-1.949302557516486428e-02,2.233513897645994506e-02,7.384182250945088566e-02,-1.588902551774241251e-02,3.161502544398906572e-02,2.787091944923498002e-02,4.706958039218149537e-02,4.558831749453032961e-02
7.284434561228904370e-02,7.936802623547454735e-03,6.268873977487936233e-02,6.053458067940963028e-02,-1.069145588927635226e-01,1.144864374919795924e-01,1.440549631440398159e-01,-1.673235831438230625e-01,1.071835277136939379e-01,2.308320896228650831e-01,2.039359286703500418e-01,3.620371789872418034e-01,3.917840387821227566e-01,1.568192102320843107e-01,3.359260704606305548e-01,5.944860156758443592e-01,2.982692515782281450e-01,1.000000000000000000e+00,4.454675014816545930e-01,6.704039088264782675e-01,3.650679534201072274e-01,-3.480646925343540143e-01,1.043552430729572170e-02,-3.697317416226817977e-01,-4.105059420527732428e-01,-5.158096358649693070e-01,-5.012057267612983757e-01,-2.494864975753292025e-01,-3.169585369009524922e-01,-2.462970456135474273e-01,-1.534938756865332210e-01,-2.720443122074965060e-03,-5.718032016023485986e-02,-5.368437582598546698e-02,9.229136823078380389e-03,4.031741315608761839e-02,-3.366641911373410151e-02,1.659316562978300214e-01,1.241681261196553032e-01,-2.292944158843355888e-03,1.383653428770059007e-02,8.390585165633786258e-02,4.184833300027103464e-02,3.889002101439863190e-02,3.865471385113111724e-02,5.506071107945102912e-03,-6.225787802001465226e-02,2.691431667944027203e-02,2.107688564229137987e-02,-3.516050660215189888e-02,4.916518105774066866e-02,-1.166207715631705291e-02,-4.314830531382143550e-03,4.387444283744369733e-02,4.188768841601491454e-03,-1.469961286580719236e-02,-2.650004943815353203e-02,-2.452795481237376660e-02,-1.334982508694449073e-02,2.199823117364920963e-02,3.392099280450117105e-02,-3.583873507455182048e-03,3.433109821234804626e-02,1.202554828115595838e-02,2.606148779420806513e-02,2.992174499255814343e-02
8.069372441655656147e-02,4.195407874067550585e-02,6.530428431708784620e-02,9.438534198302400702e-02,-5.291734376683360913e-02,3.846756658199163709e-02,1.396102495653407105e-01,-9.759005201610632119e-02,4.604950869035498440e-02,1.777970572364918067e-01,7.365411186495912643e-02,2.143928937351928243e-01,1.235430415815388788e-01,7.008880866000888332e-02,1.977815548800411494e-01,1.754518373075232562e-01,2.492803579483977294e-01,4.454675014816545930e-01,1.000000000000000000e+00,4.987686363046471283e-01,2.265724691729329998e-01,-5.770491289871033658e-01,-5.103228918483587728e-01,-5.757680596816804330e-01,-4.127385808258419997e-02,-2.032186735088902518e-01,-3.277250564253991749e-01,3.591667930299813089e-03,-4.189355602539700518e-01,-1.705209470526997118e-01,-1.956186957667650217e-01,-3.052277235075133710e-01,-5.317157773108017321e-02,-1.890971184650445946e-01,-1.392094646067500163e-01,1.937159162765234033e-02,-1.810203919388729543e-01,8.911143172531263423e-03,1.081050137205423201e-01,4.047477337554303972e-02,6.319833005381238211e-02,6.912142109457330985e-02,7.613474962241210953e-02,1.152670627407060833e-01,1.496079786756560059e-01,4.205704279470014184e-02,1.551890783254099987e-02,1.335173728789542102e-01,3.634441125191310851e-02,5.247533006611027756e-02,7.611331343019762941e-02,4.532863640826010135e-03,4.810101996709079120e-02,6.551981291230787874e-02,2.691993526880385318e-02,-1.640430600834036834e-03,7.291890666581752126e-03,3.942363739578004511e-02,5.830977155486563937e-03,3.926446957626265888e-02,3.439706496113174861e-02,-5.027006959261475644e-02,-2.584193318290240252e-02,5.030657463334563956e-02,4.415467449467654071e-02,1.630610126233060161e-02
9.670343329687899891e-02,2.895586552282756326e-02,1.258269467264587771e-01,3.915450597997728599e-02,2.203011529063263630e-03,1.738853880020473641e-01,1.174280004417991435e-01,-5.165637483387171269e-02,1.514766567293037158e-01,1.530599756391944621e-01,2.705577886176531444e-02,1.957553360052468328e-01,2.001915679438287798e-01,2.313794021614973967e-02,1.680293134421471102e-01,3.444361326891058339e-01,2.311995931850773511e-01,6.704039088264782675e-01,4.987686363046471283e-01,1.000000000000000000e+00,7.404834904489017433e-02,-6.275722567875016145e-01,4.710758342498750501e-02,-4.008902932146350961e-01,-4.876390132735176075e-01,-4.708018736278847260e-01,-4.931181091608987099e-01,-3.038392949548573418e-01,-3.746591435477716892e-01,-1.461024719429290797e-01,-1.199722478119619323e-01,-1.062728953889397442e-02,2.330746156195520613e-02,7.840176695067124432e-03,5.948059762463541594e-02,1.938350483821882630e-01,4.924255453933737425e-02,2.604270141148645190e-01,2.008208347339744959e-01,4.844012847535640598e-02,1.456786140621090242e-01,1.400854331804082809e-01,1.062241266427887687e-01,1.356938473591368932e-01,1.201225006557754132e-01,3.117812482203425120e-02,-1.169751094704414227e-02,1.057800810680809694e-01,4.237092521925575617e-02,3.122333773609370020e-02,7.945440354304986186e-02,1.346241334587523243e-02,6.110447300848441399e-02,9.571535381463369685e-02,1.441885389379035133e-02,-3.379641208843874034e-02,-2.507402970172185538e-02,-4.337810915838422564e-03,-9.261974651325204783e-03,1.073529765237084786e-02,2.127068218247977691e-02,-2.946763201451561495e-02,1.511377180356326781e-02,2.329369129172264782e-02,-1.289842658236504177e-03,3.426803770045855346e-02
-3.139258840927223321e-02,-6.097258044240946168e-02,-1.115861238481319490e-01,1.780747194857794369e-02,-1.813813545715748654e-01,-8.797326667548963086e-02,6.813801339065143903e-02,-1.780649738490436007e-01,-7.183238790445323207e-02,1.463438192565265916e-01,2.946143857968764324e-01,2.962592219685066253e-01,2.943326642078026856e-01,2.352749562298984409e-01,2.967920870868913097e-01,3.341834532413380243e-01,1.022079995490364906e-01,3.650679534201072274e-01,2.265724691729329998e-01,7.404834904489017433e-02,1.000000000000000000e+00,1.543808672478901856e-01,-2.028330734503959454e-01,-1.437121335447630044e-01,1.165160246973206554e-01,-9.170507183065676471e-02,-1.262333214723427299e-01,2.170983026392655224e-01,4.825703969155343415e-02,-1.955172661886220575e-01,1.478078086270572487e-02,-5.050293185379310830e-03,-1.034936566116580747e-01,-1.104345361749043825e-01,-9.658545265288404069e-02,-2.826125830478268264e-01,-1.515601728062474507e-01,-1.256101315936802021e-01,-1.011252549176219762e-01,-8.745134869127882404e-02,-1.759195801372041290e-01,-7.230426165317715981e-02,-3.593458915865047065e-02,-8.591421046464593758e-02,-2.713587383157676711e-02,6.590140318812180709e-02,-2.757263482787856643e-02,-4.704556029204010059e-02,6.752293671182318935e-02,-4.514561086871739237e-02,5.902538058795063491e-02,-9.531038157665937737e-04,-2.018243510136811386e-02,-2.370588937307755925e-02,-3.222756509070572734e-02,4.176756013760271613e-02,7.030438271942760810e-03,1.211439935225949380e-02,3.828786230937358814e-02,7.868571989414660517e-02,2.255204934630322677e-02,-3.256373688880474099e-02,-2.607382376520488501e-02,5.766680165111022667e-03,4.018647701764984509e-02,-2.070762798905847676e-02
-9.699001663107383042e-02,-5.548823586945339503e-02,-1.675588991382226389e-01,-4.638760942742798515e-02,-5.916237497843676585e-02,-2.104798360193631257e-01,-7.499777317258261855e-02,-1.827458291508517879e-02,-1.982466211247028154e-01,-8.261304694192714293e-02,1.475057272685873222e-01,-6.633011531991094001e-02,-2.210749572076461944e-02,1.319818733898224794e-01,-3.394745345572997702e-02,-5.891545948293425150e-02,-1.745597115044301428e-01,-3.480646925343540143e-01,-5.770491289871033658e-01,-6.275722567875016145e-01,1.543808672478901856e-01,1.000000000000000000e+00,2.113952061263301707e-01,5.451367472410768578e-01,3.309357487163447353e-01,3.281731759829791262e-01,3.611273850094895432e-01,2.538282599338663736e-01,4.377305792057705203e-01,5.654931036315270429e-03,1.351429450614043681e-01,1.186384529124474563e-01,-1.126601919097810212e-01,1.596027752063439858e-02,-5.978604224073976597e-02,-2.353080864878661915e-01,1.458736667186154128e-02,-2.140648253974395399e-01,-2.305243108024172816e-01,-1.340325884503622555e-01,-2.056197269894295965e-01,-1.839375914869834372e-01,-1.597872522762469050e-01,-2.153751966667104556e-01,-2.083996452573345648e-01,-5.148745065727709097e-02,-8.123844171094710132e-02,-2.009174328025031819e-01,-6.741908823836247067e-02,-1.271534250369522612e-01,-1.119943954743318759e-01,-5.840832835161415687e-02,-1.046259316640704706e-01,-1.078035907653149550e-01,-3.254500862350023782e-02,5.461296549018811869e-02,-1.164311629619854162e-02,-3.242346143918323209e-02,-8.952394754146095202e-03,2.532749516859002931e-02,-2.312321368588789259e-03,4.056784705213941494e-02,1.875319691986336362e-03,-3.075910637282574037e-02,2.310255137213391985e-02,-2.573576787601214444e-02
-1.695130239788645785e-02,-5.180285324018553059e-03,4.000585470818015382e-02,-7.198366857585601630e-02,9.974704356601828137e-02,6.191749628533138594e-02,-5.068309984857666955e-02,9.265158144252373662e-02,4.275029744731663472e-02,-7.485078978977877107e-02,-3.662398243558175753e-02,-9.399453461901306761e-02,4.461259733670021321e-02,-3.987553537911556201e-02,-1.131695420090747944e-01,9.807863583359703596e-02,-1.182330244119971507e-01,1.043552430729572170e-02,-5.103228918483587728e-01,4.710758342498750501e-02,-2.028330734503959454e-01,2.113952061263301707e-01,1.000000000000000000e+00,4.893245438724030949e-01,-3.312584220833601489e-01,-5.461814921212767432e-02,4.031800450059411234e-02,-1.155613240991070906e-01,3.007898230270046325e-01,4.017815190920823870e-02,2.264918543551311392e-01,3.060979798518068673e-01,-1.015646497794962799e-02,2.494994780545337631e-01,1.116627965785545462e-01,8.318443567053124266e-02,2.841119536958799374e-01,1.630666381586549363e-01,9.155536809678579968e-03,-3.579881850865282433e-02,3.142866329213177354e-03,4.950480983505354572e-03,-1.243973830127159848e-02,-5.826381356521859178e-02,-8.096811445821143483e-02,-1.854308062355916262e-02,-9.591980809945119257e-02,-7.102528416770892417e-02,-3.053862669545261838e-02,-8.518948544030023606e-02,-2.666944169118307811e-02,-5.647724484692424191e-02,-3.858084567613094540e-02,-3.561936007081969481e-03,2.176403129330240285e-02,-2.856119726237889636e-02,-3.837501560713212773e-02,-5.367137770935565683e-02,-2.849760607601877632e-02,-2.745859447994350791e-02,-5.653615291025244557e-03,3.627399632261964907e-02,5.069108605222313185e-02,-1.550408514208954924e-02,-3.900819051919676705e-02,2.352928460685782888e-02
