1.000000000000000000e+00,2.278168401098292772e-01,-1.913226513875824486e-01,-2.033589077899660702e-01,1.900558765615999179e-02,-1.299679201746375690e-01,4.883128278023353940e-03,5.190987995895542800e-02,4.819877529391428800e-02,3.850617221860380690e-02,3.539924531132764007e-02,-2.943509614285764586e-03,1.993328967128156493e-02,2.427589621179412557e-02,2.138997431555306888e-02,6.580247734543029359e-02,-5.316263071067830331e-02,-1.790913087557885735e-03,5.388490354384443959e-02,-4.192891084002374480e-02,-2.036368051846601523e-02,6.959873490716449347e-03,2.666977410681294416e-02,1.101393240787254015e-02,4.820113011153936283e-02,4.446406912312366594e-02,1.431970136737462269e-02,-1.021381378781209548e-02,6.844579860235686097e-02,1.877112152426124725e-02,-2.519889269424649414e-02,-7.611363088474540524e-04,-2.030305234044752286e-02,2.743902868587714747e-02,-1.926627361601013222e-02,2.571882999370290329e-02,1.455171357854533748e-02,-1.567148935926909736e-02,-3.001075427389101810e-02,-5.687574237220078145e-04,6.270949985932754156e-02,4.197874727045095011e-02,3.514728990386296187e-02,3.091660121047474022e-02,6.427337028125221230e-02,1.641409366309024356e-02,1.834794060716858632e-02,-4.254668471740022558e-03,-1.251395570696336133e-02,1.828089328255545765e-02,-2.520836437904071942e-02,-3.825504975887786957e-02,1.562643300183925998e-02,-3.012857785015862072e-02,-5.883042283467165325e-03,9.071743650672488279e-03,-1.888829064401174873e-02,6.185188814615433586e-03,-1.010450539776547004e-03,2.013672695141917324e-02,3.349210123124411048e-02,3.387762583886134299e-02,1.635367300088609544e-03,1.129924507094717118e-02,-1.725084196409928244e-02,3.515520687767279689e-02,-1.979212701704844216e-02,4.231053180520790574e-02,8.794012439315185281e-03,1.853196115716198222e-04,-6.496966189802339496e-03,-1.000133434488218028e-03,-2.034877500608787623e-02,1.151927995597477536e-02,-4.688840782904447890e-02,-4.420855254686779229e-02,-6.708964682473976537e-02,-5.301934260315666753e-02,-5.158071215666425006e-03,-3.656628161840592972e-02,1.467687186569936872e-03,-3.515877568306342155e-02,-6.149359469361049407e-02,-4.797385727758624041e-02,-4.496325905479789907e-03,-6.401963882240305215e-02,-5.158810888187916055e-02,-2.134386031591407190e-02,-1.546818208670721478e-03,1.025055108607623132e-02,1.171177436082571771e-02,7.463883090381640689e-03,7.885094936522920456e-03,-7.480939050328464304e-03,-1.563859439825644043e-02,7.943194693833742839e-03,-2.049251185251326976e-02,-1.908564849624051415e-02,-1.065865207611450989e-02
2.278168401098292772e-01,1.000000000000000000e+00,3.554021976957266182e-01,3.303028608356935458e-01,2.100056043529008598e-01,2.679989738440349822e-01,1.022800794243646644e-02,1.015131193790867747e-02,2.578308974179381319e-01,1.396135286168754541e-01,-1.956305972946010066e-02,-5.597864859092638312e-03,-5.858166905830793081e-02,9.212071030405276015e-03,-2.055661437629670643e-02,1.653448693394610550e-02,-8.178458725054883749e-02,-7.635983982709114437e-02,-2.591400951814015058e-02,-6.307768301498806185e-02,-2.761708338772813492e-02,-4.354307548677257417e-02,-2.802816541799054914e-02,-1.214099411334320505e-02,3.825877004963025574e-02,7.663223977304771395e-02,-3.548497990645523362e-03,7.692397512949299132e-02,1.229116823656779822e-01,7.555273626365949236e-02,3.995297579711004632e-02,3.365009477340110550e-02,1.500333087474938105e-02,2.884669015909142181e-02,-4.293808961298934204e-03,7.271255998028264972e-03,-2.108277573442264574e-02,-4.338747219057283860e-02,-3.697557613756174977e-02,-3.995258439152057223e-02,1.712339828842910543e-03,-3.519558514860758602e-02,-4.727516550430053283e-02,1.075338157066549338e-02,-2.941103403749572784e-02,6.758028168970267591e-03,-2.603121153153000258e-02,2.086566105554482631e-02,-2.695213177393758139e-02,-2.251582816147159639e-03,-6.975950229601977914e-03,-6.385116834229596916e-02,-2.506489780669382897e-02,-2.782673553215919346e-02,3.440159668618407961e-03,4.526126707403108768e-02,6.903755997993879512e-02,4.359826244737242951e-02,4.789892707508940084e-02,-1.391029901515610824e-02,-2.486173787872763413e-02,-4.227084327040803863e-02,-4.947087654349759112e-02,-2.786625997627704271e-02,-2.789994610584128898e-03,-2.806668451020440450e-02,2.842858950675188501e-03,3.217247766873695958e-02,3.540814189277687735e-02,6.432775802210574656e-02,7.222793684468506448e-02,3.180827815550830301e-02,1.025545977428132284e-02,5.627794906797527891e-02,7.088228420861403256e-03,-1.942635905168600338e-02,-3.072814851251285534e-02,2.748801353206264605e-02,1.346821753248459222e-02,-6.904497130382531052e-03,1.109197374324527065e-02,4.866651062559063448e-03,9.580656649555843035e-03,3.584253555683727249e-03,-3.754569986802795863e-03,1.443658780465019963e-02,-1.822550061692804549e-02,-7.080338471742341627e-03,-1.282184952281664909e-02,-1.873474709639900634e-02,-4.263321413342754593e-03,-5.714483089585249698e-02,-2.606003090026133562e-02,1.421210380485216258e-02,-6.210478801705718484e-03,2.610142410837147306e-02,-1.589024716897982983e-02,-2.651619716406110674e-03,1.349549703796565012e-02
-1.913226513875824486e-01,3.554021976957266182e-01,1.000000000000000000e+00,5.387858664813279796e-01,-5.021939924210849088e-02,4.798059407205850224e-01,-3.420562215104034492e-02,-2.803201468533995655e-01,6.212561525666861900e-02,-9.462268363286174822e-03,-7.772820362330008781e-02,-1.260403196974381468e-01,-1.816023729808043802e-02,-8.291802356337367452e-02,-8.318565179573422785e-02,5.382529487497264391e-03,-1.009076144261916302e-01,-9.442250343655153588e-02,-5.098037996352614704e-02,-1.384191874845638014e-02,1.748335383587278427e-02,4.168460131146352332e-02,3.841631649471995147e-02,-1.389041249350176851e-02,5.372620184194554227e-02,6.980852635463678790e-02,1.205496681475725501e-02,3.848847948439522437e-02,1.345802704875817268e-01,5.096555758678975034e-02,2.493590655232720034e-03,2.445189252422597451e-02,2.590799322114501271e-02,-3.129688970373858958e-02,2.915727638184114137e-02,7.714499786426890285e-03,-5.682637833175985601e-03,-4.733693365974690412e-03,-1.854898225545519030e-02,-2.730587035283642966e-02,-4.489932152956667422e-02,-5.465912688827922333e-02,-5.695416004665019433e-02,4.901017274318891781e-02,-6.851559365583106964e-02,-3.814282820596885670e-02,4.573179357339550444e-02,5.121073194203188544e-02,4.518216291130735390e-02,6.085705778184197917e-03,1.932866221135459001e-02,1.466369489017873423e-02,-1.016126256043250846e-02,2.567539045324454539e-02,-2.952153519874811498e-03,5.675927979525478839e-03,2.787977034231652745e-02,-3.792907735792903912e-02,4.552717747726755387e-02,9.474092750914262992e-03,-4.693730566694982731e-02,-3.184335725045951693e-02,-6.137743384287092790e-02,-5.044496301384585046e-02,2.235467941204683298e-02,-2.295530015803191881e-02,2.118942060775479488e-02,5.940755961382201966e-03,4.528041100352241805e-02,6.396643702113199992e-02,7.372179518345982341e-02,4.304278795603889290e-02,5.251490778352502220e-02,7.789423628419245293e-02,3.007322880637270344e-03,-1.499947364936766309e-02,1.862818143147535084e-03,5.566035839681777314e-02,-2.582781737311142835e-03,1.898416724190658475e-02,1.595041237410547638e-02,4.019789100911845547e-02,3.122216270621042122e-02,5.756039444971985941e-02,-1.831484360736626918e-02,5.833257452428536327e-02,3.124625714094300677e-02,1.892848550409055586e-02,6.677014500322130293e-03,-4.514565668776546192e-03,1.700504912243971239e-02,-3.344199130175640189e-02,5.913802203737456931e-04,4.792364142651812237e-02,2.794945877467354400e-02,1.108018200915209320e-02,2.300444094505105230e-02,1.588253846203439498e-02,2.675798211664014159e-02
-2.033589077899660702e-01,3.303028608356935458e-01,5.387858664813279796e-01,1.000000000000000000e+00,3.650262317062522577e-01,4.069827091825265475e-01,-3.025389744521043145e-01,-1.406564886928176328e-01,2.419716081466379287e-01,7.366198378119784285e-02,-8.049743424352841237e-02,2.248562410694187436e-04,-5.687220813408239628e-04,-8.592632845336912670e-03,2.621406673640755414e-02,1.683156922048012483e-02,-1.203060471532477194e-01,-8.095263976487872271e-02,-1.872357599578157797e-02,1.028774642098752821e-02,3.410295488852092133e-02,4.474077990644584335e-02,-4.951543414140950790e-03,-4.337749779712172377e-02,1.100468841351676802e-02,7.091476732829198049e-02,1.594002626130735026e-02,9.521004963596851889e-02,9.947500823163442363e-02,3.173068087634556972e-02,8.652382040095453128e-03,-3.143127030587226228e-03,1.684025751997183726e-03,-6.877477293054218288e-02,-2.146907038280243540e-02,-1.962037030535125626e-02,-2.619620612789177322e-02,-3.999643961747147841e-02,-1.221658379095785091e-02,-3.688213452411048809e-02,-6.898188434026862603e-02,-6.376108657942068658e-02,-6.162778691841463291e-02,4.374002635182114990e-02,-4.674538984872917552e-02,1.512774298016705127e-02,2.504062493964076194e-02,4.557485275829167154e-02,2.656523454423581274e-02,5.458186573522013502e-02,2.081945505823682915e-02,-7.272937492597215991e-04,2.489457483290222900e-02,3.022290277759369717e-02,2.233364748889207774e-02,1.503387533522253759e-02,3.174849542579381845e-02,6.022197073439790674e-03,1.884174488900648009e-02,1.885754379833936081e-02,-1.137130599440971078e-02,-2.985744603160124522e-02,-1.769711487399776295e-02,-6.647280827367577083e-02,2.226359429223126116e-02,-5.368175696814986991e-02,5.570875089497915461e-03,1.539178715866454383e-02,3.396009131770996031e-02,7.003790302514267818e-02,8.973870596746853778e-02,4.766639374972224397e-02,5.996090347540328908e-02,7.157992454710962460e-02,1.542335216040354590e-02,3.690942642070997592e-02,3.351343283465510730e-03,4.240871150305110249e-02,-2.452104406719916949e-03,-3.837866814130409462e-03,-1.063687150199206337e-02,2.698661919232785492e-02,4.342335300229673706e-02,4.468244530507636814e-02,-2.316581412912490506e-02,6.181031750686828696e-02,2.373358237725912284e-02,5.745782160544628259e-02,5.005632145328087201e-02,1.664036213222959415e-02,1.710374488505731275e-02,-2.401442068122847454e-02,-3.188776306819885581e-02,3.970633102404555470e-02,3.246747865436750563e-02,2.887293445873012274e-02,1.684326082347339590e-02,4.377600456665630026e-05,2.459536556498320703e-02
1.900558765615999179e-02,2.100056043529008598e-01,-5.021939924210849088e-02,3.650262317062522577e-01,1.000000000000000000e+00,7.429754438288722895e-02,-2.771090141702438059e-01,2.618287198902873869e-01,4.229600937897251001e-01,1.948472072475838368e-01,-3.132353332043798233e-02,1.581679802663779333e-01,-7.315679043733278042e-02,1.074868527126608408e-01,1.014009014544062781e-01,-3.157955794897577412e-02,-7.409678891146144475e-02,3.198769931358651925e-02,2.768584505625618780e-02,1.742523449624750961e-02,3.751291696824082811e-02,6.517550347319003845e-03,-6.457192587928993477e-02,-9.530746375103014978e-02,-8.068171297115264706e-02,-8.895031142597611962e-03,-5.074358706643847250e-02,9.627463842699354735e-02,3.666536700666378490e-02,1.737964806637154469e-02,1.207049723645067622e-02,-3.497419003547048988e-02,-5.530382246096565008e-02,-7.154669498556541496e-02,-6.583555221126899393e-02,-5.803488111262997129e-02,-6.256313469666113791e-02,-8.067995856680593159e-02,-2.662893967478109983e-02,-7.465243630345430592e-02,-3.498456091237635290e-02,-1.995606544558753415e-02,-4.884195502116938509e-02,-3.166229706560005908e-02,1.333443008664006099e-02,2.407966541350005027e-02,-8.087557913152383648e-02,-1.582915983637682433e-02,-2.308940398392779134e-02,2.798816057447783487e-02,1.385260529797749211e-03,-4.035619426488110811e-02,3.210192609780905537e-02,-2.315909933985816141e-02,3.025919984131740167e-02,2.411273033665038007e-02,1.660193959558536880e-02,7.208229393182320754e-02,1.668802855352659840e-03,2.148179620305914334e-02,3.890456287401125590e-02,-1.830085229593429036e-02,5.722893941943061474e-02,7.451385467628123330e-03,3.245707461658418891e-02,1.866851439330861721e-03,5.519566931924821222e-03,-2.713909689644385809e-02,9.481178831868282419e-03,2.940907276268972179e-02,4.606198857530246354e-02,2.107421059567815905e-02,7.239705317760126513e-04,3.011626927858763320e-02,5.788128282736660496e-02,5.782287272687564733e-02,1.167365486820779071e-02,1.567138536801358437e-02,2.751460530554588821e-02,1.990672256673085144e-02,-7.688597646227562921e-03,1.718883784300601070e-02,4.399948894999911736e-02,3.719878083793046533e-03,-1.248436153441903097e-02,5.534983375510223180e-02,-3.021635567447477841e-02,2.405423726286524955e-02,2.907402405523254116e-02,-4.425892467054687307e-02,-5.089812977286425899e-02,-3.000971427945070547e-02,-4.063537561006594356e-02,-7.879319566417989848e-03,1.853475176946749181e-02,3.069549709833640019e-02,-1.965657335430024896e-02,-3.169921874789081301e-02,2.003041607082799505e-02
-1.299679201746375690e-01,2.679989738440349822e-01,4.798059407205850224e-01,4.069827091825265475e-01,7.429754438288722895e-02,1.000000000000000000e+00,8.039147903220393576e-02,-3.886336780799156676e-01,1.840763203768838174e-01,2.991175621373038870e-02,-6.658757878564534882e-03,-6.564162930726979983e-02,-3.136796126019393560e-03,-2.017814613250017847e-02,-1.128618435111596041e-01,1.268275707542999842e-02,-1.445649235153415590e-01,-7.796871721778619868e-02,-3.111930071605616480e-02,1.753594616425281638e-02,3.324636092407000365e-02,4.503771495557244015e-02,1.415272123791204081e-02,-3.598574935788166618e-02,5.643792593304010341e-02,5.427479205985659416e-02,5.785450409222654385e-04,1.936884911275908033e-02,1.884674489828618571e-01,7.994566666927621634e-02,9.776815511348459567e-03,-7.459531799992795247e-03,1.122497158332183553e-02,-2.902679959170843468e-02,1.888078031332859549e-02,-5.092111292811463304e-03,-2.239806777642966776e-02,-3.532299684858649855e-03,-3.590073782458697016e-02,-6.078762581617196126e-02,-3.194584743627417595e-02,-3.158148184623538191e-02,-5.706482508196356052e-02,1.860225407360849639e-02,-4.604358554867004488e-02,-6.371558311831448940e-02,1.037650636140793198e-02,2.897003769266329881e-02,3.227682630673709557e-02,3.542811367900339844e-03,1.995593224968236420e-02,1.680068658959191219e-02,-1.295744575702705188e-02,1.251800197672513389e-02,1.412980080982269120e-02,-1.339207639730973474e-02,7.378448552702646795e-03,-3.401902185813558688e-02,3.290117005207805756e-02,-2.722569561992196560e-02,-4.554539276276569487e-02,-1.596937114841015049e-03,-4.403947491070653308e-02,-3.364841416543335600e-02,2.321666084965908622e-02,-1.886490781149424353e-02,2.615069042373089833e-02,8.576568961555995976e-03,5.238343763931529486e-03,5.955727319680233223e-02,8.467977104577778524e-02,4.459471419996598185e-02,2.173316593943096578e-02,6.139626542785773383e-02,-1.523580095217077351e-02,-2.037453238582763795e-02,-2.452124685972709855e-02,2.541771612511414813e-02,-5.564703654634316054e-06,-5.002795573668345451e-03,4.672498043222175074e-02,5.879466986516257432e-02,4.043643942973209476e-02,3.129760699862627060e-02,-1.718030477229517961e-02,4.851049096367447688e-02,-2.091334908895490716e-02,2.082396232544144257e-02,1.208069492492502318e-02,8.421389032342791250e-03,-1.836616033345725603e-03,-2.852998177851267039e-02,-1.011243431193648706e-02,1.716737180628548007e-02,-2.014138168605031018e-02,2.985457874644964482e-03,-1.982619815557851856e-02,-1.901416161354247888e-02,-4.727313597095298033e-03
4.883128278023353940e-03,1.022800794243646644e-02,-3.420562215104034492e-02,-3.025389744521043145e-01,-2.771090141702438059e-01,8.039147903220393576e-02,1.000000000000000000e+00,1.776788167015456998e-01,-1.772926554071908578e-01,2.092296676200045696e-02,9.616594969747746524e-02,8.876462568307664711e-03,-1.217418086312638606e-02,6.292022004371258803e-02,-7.502171223222642293e-02,5.343019837206370443e-02,5.276000759366000076e-02,-1.644139935050027354e-02,4.154079387312036020e-02,-3.111573246720812300e-02,-2.187169047316774029e-02,1.956056903045864936e-02,3.400878653088786063e-02,3.729061210248513225e-02,6.607672060784168522e-02,-3.141157277253255053e-02,-5.164997866265821219e-02,-6.793878549245491172e-02,1.018911467098999532e-02,3.551607162611002816e-02,-4.757810336779077159e-05,-1.946563661432881842e-02,-7.081758175862252341e-03,7.322014331739895576e-02,4.870819570988788039e-02,2.432210339776867333e-02,-9.739104140239037560e-03,-9.618448754315932561e-03,-5.400871596232936778e-02,7.008202599906355763e-04,6.654187098804493009e-03,-3.232052908258351009e-02,-2.722936329399761046e-02,-6.755958892134558691e-02,-6.859613418200664892e-02,-6.216102933724872159e-02,2.485497585083578514e-03,-1.008610542724619821e-02,1.807006530930673621e-02,-7.751443469022716720e-03,1.776876692536821095e-02,1.740284097062692187e-02,-1.794332767924337229e-03,-1.618570953163221693e-02,2.689382499209005874e-03,3.022086083714375232e-02,1.113110630403909077e-02,7.896266676949183216e-03,-2.084137800787424447e-03,-5.081391407014434342e-02,-2.616244840757218221e-02,-5.598004317939723334e-03,-3.931427317852751596e-02,2.203258680224266450e-02,-1.178993952456705921e-02,-7.408366858788254482e-03,3.054849902995832381e-02,2.626578805483789983e-02,-5.385856860972463092e-03,2.731620661709172754e-02,-8.811333609873612735e-03,1.045981216273860620e-02,-5.938183239394037582e-02,-5.282491576257654364e-02,-2.076737469447638429e-02,-5.518187819473969330e-02,-5.783980816095132815e-02,-3.154500622492766720e-02,3.509931965478826216e-02,-2.135200307641873727e-02,3.233659839791457741e-02,-1.997218660295287454e-02,-4.875525001323997853e-02,-3.632325304944596794e-02,-2.160883401224516012e-03,-4.705793723815914625e-02,-3.520585011242586410e-02,-4.168614392610018454e-02,-6.211389081965917186e-02,-2.072317222509125617e-02,-3.105064201448837528e-05,-4.858164403818286854e-03,-2.462413464634489318e-02,-2.830451094757878081e-02,-5.884195719374919753e-02,-2.046386004664487585e-02,-3.910796460921577011e-02,-1.884471888799272091e-02,-2.162163966143601859e-02
5.190987995895542800e-02,1.015131193790867747e-02,-2.803201468533995655e-01,-1.406564886928176328e-01,2.618287198902873869e-01,-3.886336780799156676e-01,1.776788167015456998e-01,1.000000000000000000e+00,1.339797948738152833e-01,2.283783548770693950e-01,2.161717237053583512e-02,1.084693778109922097e-01,-1.614896119189695167e-01,4.429101133026613901e-02,2.940846488507119216e-02,-8.114978504645556368e-02,-3.554996016017753901e-03,2.323388498747838010e-02,4.727302244767180722e-02,-5.276505665712253462e-03,2.652333894981287118e-02,1.765187825894038234e-02,-4.395304183183979668e-02,6.109192297641397040e-04,-5.414805156576762979e-02,-7.653822710312740973e-02,-1.124617378661294936e-01,4.367404452521859472e-03,-1.468266804231804779e-01,-7.936431395949182163e-03,5.719402681189618420e-02,7.620552368992241331e-03,-3.496219182863329750e-02,4.472616713471397332e-02,2.550496079075079484e-02,1.220740992935646398e-02,2.636153488302810446e-02,-1.920409726201136036e-02,-4.300535715304742990e-02,3.997536264957130686e-02,4.672463583156136885e-02,-1.284839859532054852e-02,-1.307181839883517216e-02,-8.610182382503396570e-02,-1.564336048455499187e-02,4.013583339051963322e-02,-4.104874828656591285e-02,-4.046519057987457701e-02,-9.104923837788880814e-03,1.496872411150378937e-03,-3.283639154015697420e-02,-3.081753049169791772e-02,1.226837521087831458e-02,-4.384521045148402629e-02,3.793824117537569762e-02,5.015101641109568492e-02,5.082622840538543463e-02,8.504050541616757497e-02,2.634554834394670086e-02,-1.396273756501188040e-03,5.376912614980171139e-03,-4.866098818910476881e-03,1.102687879846875676e-02,1.376231655095011899e-02,2.755502593465985681e-02,-2.170956102175818948e-03,6.843652373347497431e-02,4.299989871368233019e-02,4.413619154651914067e-02,1.184486527973451463e-02,8.393133819535575357e-03,-4.780429696149781499e-02,-3.521411411092925658e-02,-6.642030483831208587e-02,7.571179715695648682e-02,6.233954939120912170e-02,-2.096249559160611592e-02,-5.073768091894949317e-02,6.710577235032411623e-03,-3.686692796819331791e-02,-4.119135720913032206e-02,-3.708516428437001397e-03,-5.993494268009834369e-02,-7.917447121862498938e-02,-3.956491003681134738e-02,-5.966808864616179875e-02,-3.222134706940787963e-02,-3.238964883985185478e-02,-2.689772066769028844e-02,-4.078230738865384897e-02,-4.893241572452559918e-02,-3.054296617247354712e-02,-7.254093651079203398e-02,-4.728197759882377810e-02,-2.318137335598011509e-02,5.226365408801671511e-03,-3.961271134648602227e-02,-3.173685296358623713e-03,1.554962335496565262e-02
4.819877529391428800e-02,2.578308974179381319e-01,6.212561525666861900e-02,2.419716081466379287e-01,4.229600937897251001e-01,1.840763203768838174e-01,-1.772926554071908578e-01,1.339797948738152833e-01,1.000000000000000000e+00,2.972044483726083430e-01,1.150860421678075868e-01,2.432720982288145151e-01,1.190099999436204387e-03,1.816200749856196062e-01,7.863294432014690527e-02,-4.146652831910064077e-03,-1.372870157516275502e-01,4.314322599678384329e-02,4.464763796735479739e-02,6.905606930061859890e-03,-1.525435918945463459e-02,-3.702366304872298924e-02,-3.631740133156253353e-02,-8.532330542330256173e-02,-7.287223992246868662e-03,3.395211122147560878e-02,-7.514694365171696588e-02,5.666112489736352398e-02,9.139942605976425494e-02,1.402655682936906900e-02,-4.979197722685186484e-02,-8.078560377875380893e-02,-8.482180129978311722e-02,-7.896918468098448884e-02,-6.405792982730451612e-02,-4.496472156292113942e-02,-5.172828038426078440e-02,-5.816680066313163061e-02,-9.228725729958968393e-02,-1.213758044197980335e-01,9.582944092815655042e-04,-4.591258026781345342e-02,-6.808580046155120191e-02,-5.013065495676023720e-02,-3.923877020327737331e-02,2.316654675563454072e-02,-7.731853878387695556e-02,-4.863121895711566833e-02,-3.150723824361103403e-02,-1.350436798814525635e-02,-4.065801412772088869e-02,-4.746732564302302143e-02,5.862039146315899812e-03,-4.105171495259365283e-02,4.448443316089457922e-02,3.590743046594661175e-02,5.396087360756541412e-02,8.917727334331877753e-02,2.632692866075610552e-02,5.256636863505492058e-02,4.846693805780149383e-02,3.826364335169790687e-02,3.984898594904107139e-02,4.049737081308597830e-02,4.016583162386039990e-02,2.094389017878155526e-02,2.880006189124218602e-02,4.452493130764111767e-02,3.415301470733605321e-02,8.263172556871282992e-02,6.693165940378709156e-02,1.237051760066068713e-02,3.826789939197489110e-02,1.651153288589079365e-02,3.821869604709508123e-02,4.271036728610951710e-02,2.315336071400018667e-02,5.096866293784241969e-02,8.657806013485927488e-02,2.384998590741900168e-02,5.921664738207216977e-02,-1.437785656991170903e-03,-8.833589801409484979e-03,-9.775292571928448707e-03,2.330273218532648641e-02,-1.739810057675192801e-03,-3.919812935448881847e-02,-1.593354897695100009e-05,3.157754780088120605e-02,-2.297605907276361117e-02,-1.238227960579328484e-02,-4.284763619974748389e-02,-8.249826751239176803e-02,-4.132490827646494169e-02,-2.510599138599605568e-02,3.666477688898061443e-02,-6.612767355812745884e-02,-4.419465274220699819e-02,-2.317752177092858440e-02
3.850617221860380690e-02,1.396135286168754541e-01,-9.462268363286174822e-03,7.366198378119784285e-02,1.948472072475838368e-01,2.991175621373038870e-02,2.092296676200045696e-02,2.283783548770693950e-01,2.972044483726083430e-01,1.000000000000000000e+00,2.308168436829561021e-01,1.429991777289854604e-01,-9.657395531512652509e-02,1.268128054888590928e-01,2.941634787691116068e-02,-8.296491298642101608e-02,-2.188032460828606696e-02,9.342308601481698338e-02,5.862975216858207911e-02,7.892749271341015227e-02,4.613679178848464207e-02,3.454331703668592907e-02,-4.084997364333661091e-02,-9.636312288555377858e-02,-6.179734953933029018e-02,-2.327992253983292986e-02,-7.499655687512503388e-02,-1.634217450187647452e-03,-2.277778672810793284e-02,-2.692032463545865340e-02,-1.058105353626827630e-02,-2.689896999163190333e-02,-6.746429038683597612e-02,2.836839259118217535e-02,-4.300488869833545696e-02,-4.733451567414397043e-02,-3.752034297722901812e-02,-5.181598020132751475e-02,-4.723606340212722215e-02,-2.295716029738267480e-02,1.507025275826378956e-02,-4.134150397719595776e-02,-3.675367365336498077e-02,-5.970073535122593505e-02,-1.531623594790144406e-02,-1.030661360160092972e-02,-9.834206120888351610e-02,-9.031567624464148514e-02,-4.150380769865961994e-02,-2.923243857576898232e-03,-5.056624486962441045e-02,-3.978466837177763171e-02,1.365340730808886106e-02,-4.658955596570105162e-02,3.781724177946305804e-02,-2.248269324388583058e-03,4.174800396228545152e-02,5.883567501776934550e-02,5.042315944544167872e-02,5.276869157158031731e-02,6.064558281385033778e-02,5.507900749645961574e-02,3.682811067273121519e-02,1.363802764006743530e-02,4.426786505275883549e-02,-1.177055399581493356e-02,6.003027013390935251e-02,2.800871441240372628e-02,1.067689364951879966e-01,8.193981358455358632e-02,6.534796406416019943e-02,-3.411354900075200258e-02,1.944844666087265986e-02,-6.530387799177714281e-02,2.280961912699650332e-02,9.080342895650675428e-02,2.907171934591640597e-02,1.863985201572050318e-02,7.230423821868343925e-02,2.539820677234412571e-02,1.621720998899156205e-02,-4.388909951598369413e-02,-2.575335186538942750e-02,-7.966847640721611001e-02,-1.754215455984230870e-02,-3.742274632712690868e-02,-5.611357812450478572e-02,-2.184397939218153326e-02,3.367339533984103211e-02,3.167979068666239382e-03,-1.603905989726034029e-02,-1.922978155871582148e-02,-1.938848393430392045e-02,-1.332541137574143678e-02,4.164078495941477866e-03,1.824109665417628784e-02,-2.088646310530978267e-02,-1.319099642538575784e-02,7.962477714124609196e-03
3.539924531132764007e-02,-1.956305972946010066e-02,-7.772820362330008781e-02,-8.049743424352841237e-02,-3.132353332043798233e-02,-6.658757878564534882e-03,9.616594969747746524e-02,2.161717237053583512e-02,1.150860421678075868e-01,2.308168436829561021e-01,1.000000000000000000e+00,4.591050785448362315e-01,3.438449523415104681e-01,4.936977347800701743e-01,2.512185510256502163e-01,5.890181755736831164e-03,4.567578816976835404e-02,2.830110338898736422e-01,2.482731872742846291e-01,2.601362364354846135e-01,9.738095232033791571e-02,1.195204052048206012e-01,-3.988325538568616296e-02,-1.413037515168195368e-01,-3.075455540264094428e-02,-1.344677088743157500e-01,-8.111120696309814804e-02,-1.157067972153477675e-01,9.944697611561303940e-03,-1.511547831824179844e-01,-1.755716558281405215e-01,-1.685425913541656884e-01,-1.812402837040048009e-01,-8.141823542069948072e-02,-1.105281421849135387e-01,-1.027004233946411521e-01,-5.372665375434192148e-02,-5.391800500600241186e-02,-1.151996222680417847e-01,-3.583949861716888285e-02,-1.779886502512456614e-02,-4.430665195390980082e-02,-4.545838312315429036e-02,-7.704040241346267470e-02,-5.183384441530718839e-02,-2.009076214360116380e-02,1.038437979095765788e-02,-2.491897963927138318e-02,-2.049816094014287465e-02,3.695687248115273049e-02,1.910040748181054612e-02,1.206121998227294503e-02,3.439326289392705821e-02,1.454542620800883604e-02,6.430902370789755296e-02,3.827981748840767612e-02,-1.965738090879979444e-02,1.263026133532437791e-02,-4.240491386744883739e-02,1.005584199767113433e-02,2.829889089503085861e-02,5.241953092011945176e-02,-5.727480057712713846e-02,3.963747753577098742e-02,1.192468291025252855e-02,3.485386688067304561e-02,2.753384265912994528e-03,-2.280636302261147830e-02,2.349772659956299650e-02,6.308751331752712743e-02,1.739747281674484947e-02,-3.231013829363257352e-03,-4.884922834635267719e-02,-4.659728404428162274e-02,3.543035834814514760e-03,9.144690630137272680e-04,1.488010995299988114e-02,1.372777429210002634e-02,1.170705979713758810e-01,5.467398331932665778e-02,1.014702253612675548e-01,-3.604541286385980897e-02,-1.195797425471074524e-02,-4.154338639798965671e-02,-1.920651210794657726e-02,6.667647327063083718e-03,-4.738481874441183989e-02,-3.260312186985611649e-02,-2.003834397308960208e-02,-4.479340210405312328e-02,-3.229398808570405066e-02,-4.454135987487274628e-02,-1.171160406800487823e-02,-3.868649894743273615e-02,-4.046325300353999926e-02,-1.388606225409486604e-02,-5.336394175517873012e-02,-2.718636588527909709e-02,-2.621584211991887306e-02
-2.943509614285764586e-03,-5.597864859092638312e-03,-1.260403196974381468e-01,2.248562410694187436e-04,1.581679802663779333e-01,-6.564162930726979983e-02,8.876462568307664711e-03,1.084693778109922097e-01,2.432720982288145151e-01,1.429991777289854604e-01,4.591050785448362315e-01,1.000000000000000000e+00,3.991146212419504624e-01,6.546674107321249769e-01,5.485026285488526776e-01,9.721151430774947755e-02,1.343407640007936443e-01,2.287331596126885302e-01,2.424709308414305931e-01,1.789754562940398253e-01,4.229006902350276875e-02,7.484789683064436983e-03,-9.475150664732580330e-02,-2.183366529974627435e-01,-9.869713371198110541e-02,-2.693295841293424225e-02,-3.275323055315442020e-03,-8.661440056474735763e-03,1.979379604554548210e-03,-1.408351908890043136e-01,-1.675408990629015105e-01,-2.156587637746613106e-01,-2.352056477616108199e-01,-1.377717284681712895e-01,-1.528366090430418878e-01,-1.544600467494734453e-01,-1.295185936605916244e-01,-1.134383634827411946e-01,-9.193830764312761750e-02,-1.443091082857129726e-01,-9.298955510267480074e-02,-5.248861917239862340e-02,-1.191176305535642382e-01,-8.733148547819712115e-02,-5.506775461847844555e-02,4.463210979044979904e-02,6.910995039276486215e-03,2.468072112618141176e-02,6.184250919380449886e-03,5.667323689763813926e-02,7.774263237000814120e-02,2.599939230780250535e-02,4.190897498897814405e-02,4.021826021857079214e-02,7.373345083199341066e-02,4.337480663070020226e-02,-2.269239867813270528e-02,5.107664289262373036e-02,-6.574619159086943221e-02,-3.146410051570912129e-03,3.023062020878536024e-02,1.455029808452628151e-02,-9.823343396776002684e-03,6.268813030538540609e-02,3.558877269666421705e-02,3.487693385861956319e-02,-1.450279459515376596e-02,-5.820238280311412077e-02,1.641684434753614861e-03,6.960857043642762476e-02,5.090413050414297098e-03,2.670974304302018570e-02,-3.864023182369760723e-02,-1.547397858346410277e-03,2.412132928541575391e-02,1.322309681770902565e-02,9.045280670516638033e-03,3.916710731325515060e-02,1.189744530210495727e-01,4.102487565144248560e-02,8.600903558553443795e-02,-1.932909130592987135e-02,1.686922855346371583e-02,1.437656726859904040e-02,2.675940410351942272e-02,4.227974337045097009e-02,-1.792443775541840631e-02,-1.398460127321971523e-02,9.752949438100309842e-03,-3.596695820149970607e-02,-3.373988543880168667e-02,-4.279534344766897785e-02,-3.467645853007031431e-02,-5.310234411916348735e-02,-1.461903774240413782e-02,-2.284361735091789553e-02,-5.598175488718789422e-02,-4.334782372236475889e-02,-2.754212347209631859e-02
1.993328967128156493e-02,-5.858166905830793081e-02,-1.816023729808043802e-02,-5.687220813408239628e-04,-7.315679043733278042e-02,-3.136796126019393560e-03,-1.217418086312638606e-02,-1.614896119189695167e-01,1.190099999436204387e-03,-9.657395531512652509e-02,3.438449523415104681e-01,3.991146212419504624e-01,1.000000000000000000e+00,4.614546249438579717e-01,3.610762957510907922e-01,3.160711808092069308e-01,9.890216595913960129e-02,7.217958892575719598e-02,1.305815293535293464e-01,1.364812434050225454e-01,3.241521320725321287e-02,1.268711292315823913e-01,3.679994811285047102e-02,-1.612289021529438038e-01,-1.090293784117577283e-02,4.996349051140155928e-02,3.747777242049268182e-02,-7.789814857105121192e-03,8.622483972954335385e-03,-1.169583181105066511e-01,-1.052753977351332110e-01,-1.352903411418164004e-01,-8.354397767130095076e-02,-7.091754503619775163e-02,-1.339711368476046160e-01,-4.831921481568642041e-02,-6.091630540263952287e-02,-5.267128570199210158e-02,-6.285499549320958113e-02,-1.036488936330268174e-01,-9.646990307824446220e-02,-6.424802599790552238e-02,-9.869557592941953506e-02,4.112151291902519171e-03,-6.372786634185138854e-02,-7.485213274573637374e-03,5.318557144985925494e-02,9.875444414619935496e-02,3.960904197449849340e-03,8.248498580657802337e-02,1.107738827532351589e-01,2.031052467883232363e-02,3.253807744497242554e-02,3.261249394431645077e-02,4.795460651224509041e-02,5.295103330935870684e-02,5.332735876257396410e-03,1.987133734709899124e-02,-2.670263708146549883e-02,-1.272015480167179233e-02,-1.829102715117372074e-02,-9.231338784593376770e-03,-7.186295341874522624e-02,-1.408250758398000863e-03,-3.030858559604180519e-02,-5.906991131664689892e-02,-7.967724138226209285e-02,-2.037909717076162239e-02,-1.846988033989067565e-02,-2.115831627186957192e-02,-6.164366028214604554e-02,-5.887604514808471995e-02,-8.429621697493193400e-02,-5.910130161283032313e-02,-1.209197380851077253e-01,-6.524683244928633497e-02,-8.092488497968254590e-02,-1.110457003208993598e-02,8.180433454382937675e-02,-3.857782916449978977e-02,1.469507113071382154e-01,-3.676311620915698186e-02,-1.240680252064387500e-02,2.183117197681612096e-02,1.438147922491316011e-02,-1.909224221525460466e-02,-2.863397002319953075e-02,-5.746959154115088148e-04,-8.847056254526829144e-03,-1.893505446944654044e-02,1.822333789277081131e-02,-1.294485415533993926e-02,-3.675884594961503077e-02,-5.934464483999889184e-02,-4.047478338327129693e-02,-5.161757437521662106e-02,-4.860804562430857956e-02,-4.829152929657123255e-02,-5.276697132853545164e-02
2.427589621179412557e-02,9.212071030405276015e-03,-8.291802356337367452e-02,-8.592632845336912670e-03,1.074868527126608408e-01,-2.017814613250017847e-02,6.292022004371258803e-02,4.429101133026613901e-02,1.816200749856196062e-01,1.268128054888590928e-01,4.936977347800701743e-01,6.546674107321249769e-01,4.614546249438579717e-01,1.000000000000000000e+00,4.714112025243602511e-01,2.664061866741237461e-01,1.223701823208207945e-01,1.565706205605772172e-01,2.895295395498176383e-01,1.709426787596335096e-01,4.253144546174243701e-02,4.712515083403392979e-02,-3.253213610134669809e-02,-1.941318878250178348e-01,-2.058417964912036269e-02,1.961286896153929815e-02,7.340410473769563848e-02,3.961454182583915018e-02,8.963945115609611713e-02,-8.827717951669200591e-02,-1.318888463184256232e-01,-1.897668503525500316e-01,-1.955895552215344002e-01,-1.451573350272737373e-01,-9.493540374283102046e-02,-6.327379689972423282e-02,-7.986943311687305647e-02,-1.158007755314769266e-01,-1.129622306233422913e-01,-1.164994969270028990e-01,-5.834782231276405134e-02,-8.520621890268245680e-02,-1.167096896952847934e-01,-1.004913952255611087e-01,-6.304030748345264279e-02,1.969771537908758183e-02,-4.236253308039607257e-02,6.583292806660547523e-03,-2.286259913174736730e-02,4.009369467876099102e-02,6.582269914258274957e-02,1.533000075738155318e-02,2.359949085665091761e-02,7.752431130162655559e-03,6.894612716911492634e-02,3.056612675725885533e-02,-1.905483271672491277e-03,4.422335998431118492e-02,-4.113860970831187402e-02,8.800644772133010135e-03,2.473584439883424677e-02,7.788482588764333511e-03,-5.754896292186877094e-02,5.866349845426069298e-02,2.769119337770696923e-02,3.515510767152992683e-02,-1.434352775677927641e-02,-2.221228995635090436e-02,3.729124864353450253e-03,5.198853856161365916e-02,7.432742444103798869e-03,1.182267817272096046e-02,-6.961010407469768457e-02,-3.202192456652971919e-02,-1.344012028678941671e-02,-1.928301032920698085e-02,-1.356400192077325192e-02,1.729874852393891924e-02,1.146422692825748157e-01,2.191181043395148270e-02,1.150383778634115617e-01,-3.307862352907560421e-02,3.136139277478002668e-02,2.161026079931288243e-02,3.681490209793734925e-02,3.273836952960262892e-02,-3.506145076209628286e-02,-2.256867295201351112e-02,-2.887989523907264974e-02,-6.442109841163541628e-02,-9.252603601705386774e-03,-1.831769809198124238e-02,-1.265689834641726789e-02,-3.908734044573781291e-02,-1.573879853991088512e-02,-1.866545587748853763e-02,-4.647881841133711528e-02,-2.680036117145852617e-02,-2.003357975021639696e-03
2.138997431555306888e-02,-2.055661437629670643e-02,-8.318565179573422785e-02,2.621406673640755414e-02,1.014009014544062781e-01,-1.128618435111596041e-01,-7.502171223222642293e-02,2.940846488507119216e-02,7.863294432014690527e-02,2.941634787691116068e-02,2.512185510256502163e-01,5.485026285488526776e-01,3.610762957510907922e-01,4.714112025243602511e-01,1.000000000000000000e+00,2.727539495975749295e-01,2.946854027154708899e-01,2.090452754214157938e-01,3.288247768246785330e-01,8.714812125043358559e-02,-4.768256120633510703e-02,-2.977407626020493747e-03,-4.803817249499867104e-02,-1.663196411573933664e-01,-6.244170627953910674e-02,7.672188779424655818e-03,6.657061708562775348e-02,1.337323548300400726e-02,-2.930288081517403581e-02,-1.953523318178876922e-01,-1.456875673813586014e-01,-1.481732503126944878e-01,-1.698200082791357923e-01,-1.064570584418646493e-01,-1.346726126974309989e-01,-1.186277341937178598e-01,-6.547241896070576939e-02,-6.235077838011558737e-02,-7.550364359001059122e-02,-7.290275121438014039e-02,-1.160020252938649687e-01,-1.041514795501936042e-01,-1.467648827631539976e-01,-7.772753348177274813e-02,-9.405320319928434092e-02,5.966323110349809611e-02,7.052885740605729925e-02,4.265197028517167532e-02,4.749789041899342423e-02,8.545018563044150250e-02,7.217585700115576597e-02,4.828131253885249718e-02,6.490441217885892233e-02,6.444583372468680460e-02,6.956645874385619654e-02,3.272312559815732103e-02,-6.339627192663650768e-02,-1.823796213978787217e-02,-6.673273367315285531e-02,4.058944200422213294e-02,1.901444398324405455e-02,1.502359623071470966e-02,-3.205002194878727589e-02,5.620441937922841108e-02,-2.752936076264741322e-02,5.653933035587181731e-04,-9.098050583661039525e-02,-7.476834702605762717e-02,1.854780315854772516e-02,2.011973546558020950e-02,-5.806673456317495985e-02,-1.571904608414130891e-02,-7.370048350687927186e-02,-1.955676489362876552e-02,-3.465756193636299054e-02,-7.713832677177197457e-03,-3.976398753575412226e-02,2.635265329779408819e-02,7.430076670093911650e-02,5.222307423696972289e-03,7.903566927962649147e-02,-3.306449191831277445e-02,-2.084850361794921350e-02,1.524129247598686107e-02,-1.596522007754909087e-02,-1.143037241441743034e-02,-5.153570434188937954e-02,-4.422026532739974092e-02,-2.340948910485273621e-02,-3.983494619604793091e-02,-4.677990102732557109e-02,-3.379861089708446897e-02,-2.365287191923332727e-02,-7.650286204827720649e-02,-7.976109479699698690e-03,-4.066436124774407829e-02,-4.469013746286436967e-02,-3.092627308019622531e-02,-1.168621122592770900e-02
