1.000000000000000000e+00,2.872956247432635335e-01,5.306156822968278314e-02,-8.006895005498365636e-03,-9.532755062374522609e-03,-2.973628405274920602e-02,-7.878198256396790403e-03,-1.190331642391212301e-02,-9.369415962544199589e-03,-3.410438690154948133e-02,-1.420436878741810315e-02,-1.954247767623313106e-02,-2.621561465195743762e-02,-5.374126869596116372e-03,2.403737205386138540e-02,4.168061686242947178e-02,-1.592772438206246227e-02,2.233962509191372153e-02,-5.553396801610867989e-02,-4.034506797512519422e-02,2.099404959757892458e-02,5.709755830306609443e-03,-1.828696790665512023e-02,1.416735279953852678e-02,4.783050179800632344e-03,-3.700899372641369700e-02,-4.617222986844986277e-02,1.114242356825907894e-02,1.290741388048032186e-02,-6.283723217926330366e-03,1.959531772704486627e-02,2.282401908380559535e-02,-4.797556071810282242e-03,-2.042057809507288185e-02,4.647115600781681188e-04,-2.924781464392953167e-02,-2.034060891780985203e-02,-2.481787458622585971e-02,-2.898984321963955432e-02,-2.436683313373666851e-02,-2.068908376940998411e-02,-6.170872330671112876e-03,1.814798143025841623e-02,1.189507431441169487e-02,-1.794030715767313058e-02,-3.393712967211846149e-02,-1.353895814416549055e-02,1.655876308812101027e-03,4.232158944189489368e-03,1.518996777447686325e-02,1.367360647704985409e-02,8.713931857888679430e-04,-3.589487164820339598e-04,-9.247787131158443849e-03,1.796205579306171113e-02,1.375536462078252344e-02,6.240891370896184571e-03,7.149458814726469477e-03,-9.218662897012641980e-03,-7.362612283875861335e-03,1.405740715973200113e-02,1.348273245323312712e-02,2.938027283059581156e-03,4.420934590663120473e-02,4.024415006920065152e-03,2.030816249508394372e-02,5.488293612878955043e-03,-7.773557993031691982e-03,1.420855314175217821e-02,-1.643627252626092203e-02,-1.654586126238319702e-02,7.760869991606666671e-03,-1.388572726719251686e-02,-7.670269764696401212e-03,1.881025363389005056e-02,-1.173765867820397019e-02,8.896416361597523498e-03,6.500779382295780902e-03,6.213102462640571547e-03,-5.528127855774664541e-03,-5.830701751982404930e-03,-2.084842228898172931e-02,1.716219512566162161e-02,5.303237792968210768e-03,-1.147336247095141933e-02,1.510759617876375645e-02,3.563547594626806370e-02,4.881421039772232753e-03,-9.545394385238735457e-03,9.420051742084555729e-03,3.768328738442265624e-02,-4.771034235459352922e-03,-5.317429597587752105e-03,-3.426538267583761378e-03,-1.801316115004139226e-02,-1.560882648690286797e-02,-1.711841250892293456e-02,-2.187691239961910700e-02,-2.816239650807965747e-02
2.872956247432635335e-01,1.000000000000000000e+00,3.304885239753765913e-01,3.686744835658010144e-01,2.875618909593583017e-01,3.415613397570773646e-01,1.338344669384093633e-01,1.568975726559115880e-01,1.512064422544227849e-01,6.525287643718356845e-02,3.447992147631685073e-02,5.739285098707156557e-02,2.067162506568422618e-03,1.102168921486038674e-03,-4.861733943406607202e-03,1.127059589065615864e-03,-3.444931823600165532e-02,-5.610372620159272648e-03,-3.504890549343781664e-02,3.000171362918612958e-02,-1.514113899315937565e-03,3.862867033643412745e-02,4.191233242547835747e-02,2.660425066224265944e-02,2.910471093641929519e-02,-3.374021872223432333e-02,-3.273436480491779405e-02,3.759554599765827301e-03,2.324188665664341825e-03,-2.941933083071860550e-02,6.134947933754584040e-03,4.779151894545708053e-03,-2.070449635298241345e-02,-2.399501001175590592e-02,2.440246493893906323e-03,-5.583002302414020318e-02,-7.118099985281454989e-02,-5.710990411581954446e-02,-7.512640062159788024e-02,-3.286356893466158696e-02,-4.258921530619231427e-02,-2.787912585354590869e-02,-3.560024198733213047e-02,-3.223685370693359781e-02,-1.581458104773652423e-02,-3.526647870824209993e-03,4.496757357466204738e-03,1.749831962886864295e-02,2.958962707562872232e-02,-1.455378786148129634e-02,1.990010463318832648e-02,2.757093605502279610e-02,-1.131627809131467016e-02,-1.539533570129032226e-02,-6.389629827365515477e-03,-6.195925660366288258e-03,2.504076847953344218e-02,2.269159570128088943e-02,3.594602741438105570e-02,4.462028619468910023e-02,5.061360608588722637e-02,2.985560289206963536e-02,5.554637050140443649e-02,5.349895575488398947e-02,4.204196981412679918e-02,5.984835824938870841e-02,2.053969816090018066e-02,2.353385254247427824e-02,2.363021756446782862e-02,1.906811622889761221e-02,1.723066331137140111e-02,3.950952443213392312e-02,1.508473203394188576e-02,3.578120238194444636e-02,3.414706192651084660e-02,2.267628175863312112e-02,2.794705679075669413e-02,2.809088504534084166e-02,3.038494364393533667e-02,9.584983077405082388e-03,2.938153095766641090e-02,-1.987168967533870390e-03,3.849908028272468197e-02,9.308251687671230748e-03,-2.234023630605179792e-02,3.394489401992572403e-02,3.631549270940870322e-02,1.097315728088585178e-02,1.573059652705786557e-02,6.293451328567838989e-03,-9.361251444228318747e-04,1.581316390552370277e-02,1.319245125871143856e-02,-3.407725840214651230e-03,1.176022848366577167e-02,-1.181257180075494934e-02,1.460769552724349232e-02,4.349150557496747962e-03,3.669130628588186758e-03
5.306156822968278314e-02,3.304885239753765913e-01,1.000000000000000000e+00,5.309098817458121067e-01,-1.445137151514496246e-02,4.427405483291379507e-01,4.699508910931761430e-02,7.433738043548018815e-02,1.162976807689408004e-01,2.975492404482740424e-02,3.484482778801690356e-02,5.940614806008725352e-02,-3.367822871851301053e-02,3.602899319492652158e-02,1.359227420288956940e-02,3.617278447226791871e-02,-2.572342731345899844e-02,5.217649812796141401e-02,-2.052900514474903862e-02,2.582998143375959607e-02,3.073900200123610635e-02,2.477921665826390493e-02,1.066216037644664985e-03,4.037982580772932206e-02,2.979157610117959959e-02,-1.982658150107650258e-03,4.913229696999292344e-03,-2.935525950081576199e-02,-1.492212512536910535e-02,-1.585143675291173296e-02,4.626688462724688755e-03,-1.310527324825231169e-02,-3.672648577930322927e-02,-2.541140933438350985e-02,-1.970448847804103301e-02,-3.335297836304919328e-02,-3.292048623325855711e-02,-6.032133545217066573e-02,-3.755857701898456663e-02,-2.501676375111243703e-02,-3.718717944968313871e-02,-2.714316327906605639e-02,-6.016464202367699868e-03,-1.434230449594876312e-02,-1.721672585616703180e-02,-3.439308516362806628e-02,6.264330718324118315e-03,5.793717315300176904e-03,1.982356328657216768e-02,2.357827038650319937e-02,2.223465960510066872e-03,9.334793561991747493e-03,1.875580585110863882e-02,-1.156296195440219103e-02,-1.475225709528619859e-02,7.117945030329444773e-04,3.168735003867933359e-02,8.983698979324753267e-03,5.465896816038080114e-02,4.518437575951856494e-02,1.547955922500406784e-02,-2.017599975295963563e-02,1.494136063608765379e-02,2.239282142553526700e-02,1.039356253759428188e-02,1.918704895431270693e-02,7.350027169317167354e-03,7.179149520360952365e-03,2.205054273167706899e-02,1.810661935272957213e-02,3.894440321135816258e-02,3.184293295527482193e-02,1.784259357428719453e-02,3.904525578312886130e-02,2.896633825338916848e-02,2.359958603447922382e-02,3.821875617789439322e-02,1.236863589233437588e-02,2.741391800400702974e-02,2.329805060529327107e-02,6.697077420059090874e-03,1.627624747591607367e-03,1.249933009687468439e-03,1.084598661687437120e-02,-1.566959505208044556e-02,1.031668828066638821e-03,-3.296323974149808003e-03,-8.863854372790101743e-03,1.150334266537399695e-02,-2.439126324113016428e-02,-4.626821646149195666e-02,6.850083642992783016e-03,1.270553917964608974e-02,-2.411159654342540440e-02,-9.702276704674200197e-03,-2.325243388256424334e-02,-6.702622975605324919e-03,-2.952267519595320674e-02,-2.646536154946789801e-02
-8.006895005498365636e-03,3.686744835658010144e-01,5.309098817458121067e-01,1.000000000000000000e+00,4.330833615669062442e-01,4.336051839604367353e-01,8.065811569641397061e-02,1.429198692437415597e-01,1.823338688638544425e-01,5.939844256038002979e-02,2.058186153691589360e-02,5.173871468207771884e-02,-2.390172011620603221e-02,-6.027214331317326361e-03,2.214268148117231813e-02,1.718678186505247923e-02,-4.548318781792315413e-02,8.656424303557929897e-03,-2.752068147742249907e-02,4.081298867420850296e-02,1.738205822436776279e-02,2.224363669261478910e-02,1.978418335927673282e-03,-1.021148287365134660e-02,4.942557985567393869e-02,-2.614849173830540580e-02,-1.661770294603906115e-02,3.695759098939071629e-03,1.471594409287149859e-02,-1.106324034504261970e-02,4.684964414216361006e-02,2.688029145701622755e-02,-1.125972733229950971e-02,-2.334285430398090264e-02,-3.143495930864530913e-02,-5.460896052996518785e-02,-8.168138610172641367e-02,-8.266539036704184662e-02,-7.383605796523363962e-02,-6.131453701342311213e-02,-6.196289639280135736e-02,-3.721769761960159323e-02,-1.973423436585723320e-02,-4.902833393682842072e-02,-2.686883971494065035e-03,-1.990381358608635937e-02,2.847304929759901602e-03,-8.001932376115003520e-03,1.452726651113742801e-02,5.298647241405694992e-03,2.501403198693919199e-04,1.456683515705982195e-02,1.640188183149121279e-02,-2.580616361075960263e-02,1.001510261964474579e-03,1.862878432488765043e-02,3.636643415474111185e-02,-2.725067635196348498e-03,5.864479197545272027e-02,7.024013811582796585e-02,4.803787036208521238e-02,2.187612427761325903e-02,6.404100068066799489e-02,5.385277516087172422e-02,5.500418428230312989e-02,3.099483088709413872e-02,4.281038109990713270e-02,1.195205701416592568e-02,2.016061349246790410e-02,2.656674791213301315e-02,4.207974353952563529e-02,4.361198052449343637e-02,3.672068814137164489e-02,6.185690188777900195e-02,4.504591832549362934e-02,3.492878564317355994e-02,5.968573870585816565e-02,7.301797823036785054e-03,5.311248025790429178e-02,3.175414550672276542e-02,1.311328663953093519e-02,1.543224120869505535e-02,1.119366271459727724e-02,1.182211517925815802e-02,-7.621020590467289697e-03,1.862469898149250042e-02,8.980153629366148874e-03,3.521924327353689356e-03,-3.843211315006174922e-04,-2.304872277673285577e-02,-1.021582118383703927e-02,2.314468825146391573e-02,-1.326719168534340985e-02,-2.153292858872736526e-02,-5.603577005831460525e-03,-1.424328411800420725e-02,-1.193443797681503250e-02,-1.170899086047110307e-02,-1.615425121708355394e-02
-9.532755062374522609e-03,2.875618909593583017e-01,-1.445137151514496246e-02,4.330833615669062442e-01,1.000000000000000000e+00,2.557826128058719450e-01,1.598403315889942722e-01,1.809770419355717641e-01,1.985307212265698673e-01,8.270334814777195731e-02,2.697360601669663779e-02,6.460788960962958460e-02,2.929187547685502963e-02,-1.290453964356765189e-02,1.603197147724113800e-02,9.907859810899380393e-03,-1.289867148166713891e-02,-7.945981923149313467e-03,-1.719648227522052684e-04,3.105327004832704116e-02,-1.572175152034358675e-02,1.851631253896316234e-02,2.584904883442261728e-02,-4.515620554828591628e-03,4.996405978424663802e-02,-4.033349752625525753e-02,-2.730316329350563481e-02,5.480123025785803986e-03,6.864127933741559148e-03,-3.870928098481205698e-02,6.062736464349202312e-03,3.482794188794334500e-02,-7.341348167228306000e-03,-1.068337421860303914e-02,-1.079179961479078418e-03,-4.130798524742526623e-02,-4.684865969746870862e-02,-3.388186591179574020e-02,-7.143034596902129996e-02,-4.547728443990236430e-02,-4.966473739214342931e-02,-2.333580908596253820e-02,-5.250749772025869316e-02,-4.426937078163030448e-02,2.188614214994812068e-03,2.008559577064033055e-02,-1.796351601485703803e-02,-3.242437491430154306e-03,-1.449139200646391758e-03,-5.771765807139253579e-02,-9.557255946537993345e-04,9.414106081332118334e-03,-3.034704583770370806e-02,-2.109980916607596263e-02,-1.265050470886385859e-03,1.779836068329083629e-02,3.776364067582229506e-02,9.056779965834245091e-03,2.099414015711416337e-02,2.269878886933272485e-02,5.228567812296828349e-02,4.016158045520771408e-02,7.143523843543056473e-02,6.967495741915055718e-02,6.370485863629188339e-02,5.933571878623895846e-02,3.534915975981033076e-02,3.517672882904731430e-02,2.180092987260067242e-02,2.670641197818998322e-02,1.795228022070061158e-02,4.663931564783296846e-02,2.677746647758899937e-02,3.560346068685173865e-02,5.968776927460367476e-02,3.484171165748989329e-02,4.460687425342692997e-02,1.663269863887125583e-02,5.242532099591447337e-02,3.149432824658977836e-02,2.113681855256169251e-02,1.106800441936762677e-02,3.348291085294023001e-02,-1.963831129832311478e-02,-9.064633602374272750e-03,1.153622529681511653e-02,1.316743352827737246e-02,4.822837513057842695e-03,-1.304884832649922527e-02,-2.696829704967109841e-03,4.909758137543413468e-03,1.223199620674054425e-04,-1.836315064206634623e-02,-4.014786487371121981e-03,8.778548760466332000e-04,-8.176528202795166692e-03,-6.650285032435658897e-03,5.720291649851791047e-03,7.641493451930469680e-03
-2.973628405274920602e-02,3.415613397570773646e-01,4.427405483291379507e-01,4.336051839604367353e-01,2.557826128058719450e-01,1.000000000000000000e+00,3.907505549719177407e-01,3.349682536153206214e-01,3.347830908826199270e-01,2.271846015130891128e-01,9.859900276430291766e-02,1.256307872814777515e-01,3.417107128368591235e-02,4.177330910615592585e-02,1.362153463069108901e-02,-3.620005167393545303e-02,5.729913980317755465e-03,-1.243720876866737232e-03,5.439388402258801651e-03,3.104105828652435964e-02,-4.616326931830031649e-02,-2.236354589384812949e-02,2.611307940384640161e-02,-1.341069417202503909e-02,2.396862772464824001e-02,-1.387145268989216362e-02,2.707665598092027018e-02,1.531113086897432397e-02,-7.231559940441628035e-04,2.433351279723718411e-02,4.407851727136258280e-02,2.219158485568241412e-02,-1.047498282260351209e-02,-9.356773614179520263e-03,-1.203027787209084813e-02,-3.265423436756764719e-02,-4.019669312601138744e-02,-6.124328788388639505e-02,-4.340969978857350808e-02,-3.800790684183423529e-02,-3.502052416300707738e-02,-1.818483237495990487e-02,-2.602426123963785115e-02,-1.332470459895274822e-02,-2.563739971865764723e-03,-2.149535003423040224e-03,1.190658426613439014e-02,-2.010439063127175685e-02,1.486052886965000654e-03,-2.542718524087122373e-02,-1.847967726246230180e-02,9.225061061101373638e-03,-4.515937817416285950e-03,-1.725267001305715031e-02,-3.427923076032933503e-02,-1.993057320006545383e-02,2.169961988143866496e-02,1.334594069495139215e-02,6.609813110040294037e-02,5.848085928543787088e-02,3.890766091520170972e-02,-1.851451677496218293e-02,3.592366704157862883e-02,2.825600507448378790e-02,4.572040846698578742e-02,5.227477187309569062e-02,2.631453181154855270e-02,1.967249128027823146e-02,1.817273319266000595e-02,1.236227862765912518e-02,2.716685082647852731e-02,3.155501926878617053e-02,2.517537560995953758e-02,4.072118218439150367e-02,1.499784834699304827e-02,1.190607729814749556e-02,2.366167131087970610e-02,9.405825984400024639e-03,2.270373697502564569e-02,3.523376802461287982e-02,7.709772095592850628e-03,1.666267916862637644e-02,1.556454521495687950e-02,8.548016907815500151e-03,1.995865368764653675e-03,9.982928864638120070e-03,1.886420171153356529e-02,1.876724312145060594e-02,1.818882918648241989e-02,1.923039803045975072e-03,-2.206873213174201723e-02,3.206475471064527266e-02,4.420598780635722272e-03,-7.293548693128515913e-03,1.376542154091022277e-02,-5.853862456135731224e-03,2.269236907234669851e-02,3.546079148562795904e-03,9.070973030209008442e-03
-7.878198256396790403e-03,1.338344669384093633e-01,4.699508910931761430e-02,8.065811569641397061e-02,1.598403315889942722e-01,3.907505549719177407e-01,1.000000000000000000e+00,3.852880899498430378e-01,4.392581432041162137e-01,3.406516593953957117e-01,1.361586025495678531e-01,1.474284664213299512e-01,1.378941483977291493e-01,1.092134270031231147e-01,6.455229541533641369e-02,3.682733515489720194e-02,5.939187330932853282e-02,9.119253290893391747e-03,-2.797069152623088764e-02,-4.064936555050044364e-02,-1.094520550004924285e-02,2.635432699498672232e-02,3.567019957876006730e-02,-8.877199977157456193e-03,4.557905470432936645e-03,-7.899848835362204003e-02,-6.078209976568660355e-03,9.169690237638580127e-03,3.787957565334584137e-02,9.900888419757364334e-03,2.670237370347855466e-02,1.883076251271263366e-02,-2.200419341736476603e-02,2.765892521786929032e-03,-7.482471310794902922e-03,-6.119435590259088460e-03,-1.643390501673949039e-02,-2.028051961492890673e-02,-1.129513252898327498e-02,-4.293417824521384221e-03,-3.422524870115051243e-02,7.967050055766054795e-03,-8.508486966738466190e-03,3.775925682048390276e-03,1.037825555181128880e-02,-1.347817433124026340e-02,-1.043137560500508910e-02,-3.104740217247389713e-03,-3.128679178793516980e-02,-3.456947749034526562e-02,-1.198103773912623932e-02,-1.336996137230033084e-02,-2.290307196150788427e-02,-2.254582163659377136e-02,-3.802765720214345418e-02,-1.477283123380084386e-03,2.468984589109802022e-02,3.642861874194373850e-02,4.238974279588664934e-02,3.452667655065181501e-02,4.663508987437767900e-02,8.860683854268060211e-03,2.166363203152255404e-02,4.845776755610140679e-02,4.847315679264014437e-02,7.235119520986540986e-02,4.148187292019724776e-02,4.382569695497670614e-02,3.250393334961324682e-02,-6.087571471216659397e-03,-2.658745705103038141e-03,3.815364854888338153e-02,4.346240954069035926e-03,4.647976384250769588e-02,4.282215592760232892e-02,3.284858029898601178e-02,5.842680454724687861e-02,5.023823605614362309e-02,6.681683320624051681e-02,4.672953724993558072e-02,4.021109845635235241e-02,4.566781989535638464e-02,4.757037696693525858e-02,2.036342634794940931e-02,9.022807145450853494e-03,1.960598369758298140e-02,5.162468400470721780e-02,4.763369163978749266e-02,6.458504157918761035e-02,3.826301591208464831e-02,2.224207872229589517e-02,1.947570144869841327e-02,4.899257774531208011e-03,2.684969917802075903e-02,2.581851642286022569e-02,3.466678089555337572e-02,3.496642140504512691e-02,1.688197899862606743e-03,-9.674700795208638140e-03
-1.190331642391212301e-02,1.568975726559115880e-01,7.433738043548018815e-02,1.429198692437415597e-01,1.809770419355717641e-01,3.349682536153206214e-01,3.852880899498430378e-01,1.000000000000000000e+00,2.976531915664080707e-01,3.579298219750848831e-01,2.234779749762277057e-01,1.606984235383208948e-01,1.476202293254300635e-01,1.183111428709781587e-01,4.140145365462496313e-02,2.153003596340628475e-02,6.176939408415486193e-02,3.636762100178276679e-03,3.344638600221806757e-02,3.716585963938791749e-03,-3.167641850219971023e-02,2.685546954567636334e-03,5.642428318430274536e-02,-8.830452277056428934e-03,3.281708065079944059e-02,-4.632238704168699372e-02,-2.233722456664299916e-02,1.603272353709333034e-02,3.902644675047878958e-02,3.927799386358383354e-02,4.905149943990616546e-02,1.912126397424045859e-02,-1.456544084157447051e-02,-1.308191599625518377e-02,-4.741273177025286112e-02,-5.181961818783928364e-02,-6.349961548364131680e-02,-6.853091329430076317e-02,-5.016095161311134171e-02,-4.530052287878011397e-02,-4.643639353989348871e-03,-3.008172143586253927e-02,-3.890599533433238694e-02,-3.651769159050437946e-02,-1.352346177099221676e-02,-4.891346758029668958e-03,-2.543417132415070475e-02,-1.065471220344508391e-02,-2.611902590133476781e-02,-1.090783360817556419e-02,6.714438226092141193e-03,-5.089741457755469003e-03,-2.398865268244624888e-03,-4.206574668902138270e-02,-1.451220110621113772e-02,-1.640317197307765082e-02,2.093747366495878059e-02,2.635996981454212518e-02,4.972458414862548221e-02,6.091181181458508315e-02,6.456204313063942934e-02,2.162954213901210898e-02,5.601896153395013317e-02,4.297744544639125336e-02,6.281007392897304531e-02,6.958782986152646510e-02,3.552845891596667638e-02,5.063624797700108648e-02,-7.094830449012310726e-03,-2.484268609821821058e-02,-1.404944957524602300e-02,7.266221833309513198e-03,-1.193330926584071534e-02,1.861889421225000965e-02,2.293866264900075794e-02,1.963378452507697283e-02,3.025328607175755899e-02,2.943527644331326437e-02,3.333261021737095320e-02,2.681278730441597619e-02,3.130496231682466240e-02,2.797473436901781740e-02,1.042528296640124474e-02,1.991963928826942509e-02,-3.179248666732562359e-03,6.155335544621870665e-03,2.338587513630514467e-03,1.812936172810860475e-02,1.747844066290475673e-02,3.011120033769390872e-03,2.453102320965639890e-03,1.231775793329552499e-03,-2.723397568473294450e-02,-7.944601699509372004e-04,-4.247864246744706765e-03,5.694373048912441775e-03,1.292320232258552595e-02,9.932678249953008284e-03,3.060689406152757811e-03
-9.369415962544199589e-03,1.512064422544227849e-01,1.162976807689408004e-01,1.823338688638544425e-01,1.985307212265698673e-01,3.347830908826199270e-01,4.392581432041162137e-01,2.976531915664080707e-01,1.000000000000000000e+00,3.824246880702392715e-01,2.034297979959591995e-01,2.590761885712705714e-01,1.772852125830393366e-01,1.390834645058581787e-01,1.295280301744305973e-01,7.343370546856030356e-02,1.135567996261346857e-01,2.473274894980015751e-02,2.946560249178071730e-02,-2.058352379448389474e-02,-5.120886199715431880e-02,7.642453548688974037e-03,4.329466169546754284e-02,-2.633216131606268273e-02,2.372645683586118229e-02,-1.884222117969848453e-02,1.471647429720490848e-02,-1.334837687229865899e-02,1.378401254816522328e-02,-3.370423190341126363e-02,-6.702546971034017064e-04,6.949140074034769986e-03,-3.930962905266262991e-02,-5.447075786884381099e-02,-1.772252408872865628e-02,-3.051120030646250342e-02,-2.443615861329810623e-02,-2.501714009611797143e-02,-2.999382319368234379e-02,-1.622750177186889353e-02,-3.746330810462466382e-02,1.655523410377053584e-02,-1.716878864284912889e-02,2.152519632848951328e-02,1.494792376834715511e-02,-2.821029596722569865e-03,-4.601599495084273544e-03,1.090177171865847582e-02,-1.823300120794793533e-02,-5.016625843198047052e-02,-6.869286046346712547e-03,-6.809713226152879634e-03,-3.291557420327533706e-02,-4.365442543346631336e-03,-4.163244158717688964e-02,-3.692895122655830142e-02,1.393081356242086184e-02,1.809226592293148791e-02,4.392962808553110138e-02,3.940923191790762087e-02,5.519301782709443854e-02,-7.265393164350653944e-03,6.336473420260949063e-02,4.719412725818177695e-02,6.466997075450235666e-02,7.172568253644227843e-02,2.229498277445475865e-02,4.668110785918118399e-02,5.201083583617623768e-02,1.032834280376519233e-02,1.541485279505343557e-03,4.568114362770997472e-02,2.180949999239941220e-02,3.876168392697115078e-02,6.534968062787473164e-02,2.753698030590583101e-02,5.601037130334516473e-02,4.644619119762963960e-02,5.218125691782769110e-02,2.406143527148013952e-02,4.055296668184082964e-02,2.828930608277624437e-02,4.796004928047028354e-02,1.469726454093566240e-02,1.464909807065947582e-02,3.251003430465867344e-02,4.476610485430024960e-02,2.103234738924113917e-02,4.676528748560688370e-02,2.157667971289698935e-02,1.391566161866871626e-02,2.065074803158687203e-02,-2.008006256665170047e-02,-1.760401066769313322e-02,1.202520018171944829e-02,6.923820656685041215e-03,5.923926672714231040e-03,6.690245118749199756e-03,-1.000804949837022072e-03
-3.410438690154948133e-02,6.525287643718356845e-02,2.975492404482740424e-02,5.939844256038002979e-02,8.270334814777195731e-02,2.271846015130891128e-01,3.406516593953957117e-01,3.579298219750848831e-01,3.824246880702392715e-01,1.000000000000000000e+00,3.616390070437536242e-01,3.490703372374613367e-01,3.920922217110814900e-01,2.627923805805469915e-01,1.859802723197042373e-01,2.108486427623649795e-01,1.538701929871592322e-01,6.339938726979832406e-02,7.066318088365224070e-02,-4.519738070002798230e-02,-5.859709903327873365e-02,-1.565744394790809235e-02,6.791315591610942726e-02,8.864662477753953301e-03,2.321818479077956618e-02,-1.106454675319718320e-02,1.798561191480928592e-02,-1.340742402982780627e-02,4.014261053119248107e-02,1.920453713246532065e-02,1.023344250597322917e-02,-4.331133945908730715e-03,-3.916223820651650728e-02,-4.691579299468730951e-02,-4.349882691729987233e-02,-2.002493186436190079e-02,-1.265691298457892813e-02,-3.806196749023713771e-02,4.710532863739999576e-03,4.338234025038839765e-03,1.788050736682083100e-02,2.572245136909988988e-02,1.406678161809005352e-02,3.632830860328243455e-02,1.700956523524027597e-02,-3.493164681660111681e-02,2.291919116481730846e-03,1.794767205879441857e-02,-2.038234450774487755e-02,-3.810396163980548506e-02,-7.319254490390522325e-03,-2.016535568066083264e-02,-1.280698884609520957e-02,-3.490291014531197306e-02,-2.922005333156869195e-02,-1.773962014827949740e-02,-9.657919894699020652e-03,2.631931413208966203e-02,1.502582315651460228e-02,7.388995881125272336e-02,7.150604818655090233e-02,2.145816435270005845e-02,7.877595082505191304e-02,5.078401450983433679e-02,7.120057219369116397e-02,9.196384597988786769e-02,4.063316259283318577e-02,7.446088018949938159e-02,2.075744072715379751e-02,7.154537547081694926e-03,3.229653108996123623e-02,5.343706425229924339e-02,1.964545649020003545e-02,6.235375017553231730e-02,6.425140125138317782e-02,5.422548904019550836e-02,5.927807941165180033e-02,4.427382206831788347e-02,7.070505999987954093e-02,3.206321229182184512e-02,3.297254717680533909e-02,3.431271890410035608e-02,2.727372999129782510e-02,9.328152929137852739e-03,1.472252257266934601e-02,1.403841969811284347e-02,3.849185255384297843e-02,2.628329413766164468e-02,3.825423944064450937e-02,3.624764544591214249e-02,1.409235006565922287e-02,-1.807865815856735819e-04,-2.792641742840757876e-02,-2.023159183116461299e-02,-1.096447078306160734e-02,-1.475274295898900377e-02,-4.244124032120230247e-03,-5.358172925925771841e-04,9.798875020880587483e-03
-1.420436878741810315e-02,3.447992147631685073e-02,3.484482778801690356e-02,2.058186153691589360e-02,2.697360601669663779e-02,9.859900276430291766e-02,1.361586025495678531e-01,2.234779749762277057e-01,2.034297979959591995e-01,3.616390070437536242e-01,1.000000000000000000e+00,3.890958574012916560e-01,3.861245340038791385e-01,4.975659269099209081e-01,2.318102629196959752e-01,2.814779686287215976e-01,2.663927827681689675e-01,1.413790474871882974e-01,9.903217303472237887e-02,-1.047214002844442382e-01,-2.597343857750087151e-02,4.376728171731654460e-02,4.613001208351241722e-02,4.751433680828559547e-02,9.143284537740886328e-03,-1.820625022064640414e-02,3.555139918959583645e-02,-2.779877456711593586e-02,1.135743229124347442e-02,-1.875195958314943359e-02,-6.083724865152413674e-03,-3.052673857838739818e-02,-6.501489010307788530e-02,-5.053345727024537853e-02,-1.710821109547659008e-02,-2.165863906526825297e-02,2.259119771753044688e-03,-9.118385494099382621e-03,-3.020751005100298300e-02,-1.059037868234917468e-02,-5.024771478609372545e-03,5.198186426138721311e-02,1.315131825235347704e-03,3.471627267312257792e-02,4.527505026675248540e-02,1.357701516813271045e-02,-1.925586538837174844e-02,4.662208962482945751e-02,-1.945206312860103121e-02,-3.111370963930863709e-02,1.932544351056239909e-02,-6.261184563335012686e-03,-2.157104932871963671e-02,-4.574346555293977434e-02,-3.613810566961953019e-02,-1.012264360993253738e-02,-6.523230910407852925e-03,4.082214766036780518e-02,6.960560068491740415e-02,4.657168369595795360e-02,1.629141495786846569e-02,9.698532686361650834e-04,2.771600422835831384e-02,3.767754720069284909e-03,1.038742794771559466e-02,3.850179551982485515e-02,-1.878838243704780697e-02,6.557333042079876995e-02,2.803367901752326641e-02,5.899509910589158246e-02,6.499031989742378064e-03,3.355429572030676350e-02,4.265815959428975734e-02,2.599166136842869998e-02,3.966802798863343360e-02,3.108335198797358007e-02,1.665221197320908286e-02,1.951657278947039817e-02,5.389752782097758516e-02,-1.757506629687905983e-02,5.513616013938192617e-02,2.326187746166080011e-02,1.146800530982253728e-02,1.706893394516715776e-02,-6.704064539507384977e-03,3.360070244275914497e-02,3.385483311203097562e-02,4.554420293989051155e-02,5.940138250030251033e-02,3.530199437351024677e-02,-9.399622420398438122e-03,1.330995432173283019e-02,-2.976581774846901764e-03,1.056942552432305581e-03,-1.766039841182540787e-02,-1.918761609779962712e-02,3.168004964527107361e-03,-1.469531100993508657e-02,5.868068045035110779e-03
-1.954247767623313106e-02,5.739285098707156557e-02,5.940614806008725352e-02,5.173871468207771884e-02,6.460788960962958460e-02,1.256307872814777515e-01,1.474284664213299512e-01,1.606984235383208948e-01,2.590761885712705714e-01,3.490703372374613367e-01,3.890958574012916560e-01,1.000000000000000000e+00,3.616210575159004015e-01,3.730518110929529896e-01,3.657676653689491686e-01,2.037528580934245825e-01,3.363215391938930710e-01,1.649337859190340705e-01,2.373824219285209924e-01,-3.724462077311107427e-02,-7.028590486970807960e-02,-4.163170744125168493e-02,-2.529926309914162785e-02,3.009648607622069597e-03,2.160188630097263293e-02,-5.326909561880751459e-03,2.575380171163387660e-02,-4.177120987529600593e-02,2.471788726914293105e-02,-4.634875725566118404e-02,-2.863423220249305262e-02,5.053434094249224101e-02,-1.280865157148156942e-02,-4.831032014707376671e-02,2.396487551043133962e-03,-2.070575888973320150e-02,-2.108483536960467988e-02,-6.429545333350872999e-03,-1.360763423462848370e-02,1.297517312665700216e-02,2.484849254267791629e-02,5.771124738491319184e-02,3.515210350301353759e-02,4.973632296906460581e-02,3.780149780713056018e-02,-3.402222447007913209e-02,-1.494984775606949742e-02,4.385959999620690081e-02,-2.476547245280571411e-03,-3.394008959339122472e-02,-4.433333613040497077e-03,2.679734505653530788e-02,-3.345462633263816127e-02,-3.801934466885038832e-02,-3.942755088714770123e-02,-1.717200259885067262e-02,1.211339169704556129e-02,2.561380035457721735e-02,3.759067527893038274e-02,2.847677400402164050e-02,1.481746645404659335e-02,-2.359819732491726801e-02,3.695190006659655746e-02,-2.315604005987076386e-02,1.287761406542347643e-02,2.123404770383899645e-02,-5.340202376998092609e-02,3.156863262974359680e-02,2.188281275216539049e-02,-1.537669279231362526e-02,-2.980138555002260006e-02,-1.962066695792818311e-02,5.006005437839862460e-03,4.365913796197602552e-03,1.558496973350619388e-02,2.746226511127470692e-03,3.014180087476329116e-03,1.562232010626002712e-02,5.320538305585062466e-02,1.057690686376148471e-02,4.641749899038080662e-02,3.788962761070335805e-02,2.533148435058359474e-02,1.053575930812183925e-02,2.235508658266380927e-02,2.663334494155884455e-02,4.034351101235766207e-02,3.200730819725080417e-02,6.250062935240299766e-02,3.598379157862512112e-02,-1.427670812971687693e-02,3.081946887446657124e-02,5.170830817855263939e-03,-1.172240113599952796e-02,4.676873576335947510e-03,-2.538405823788159738e-02,9.044112946896392877e-03,-2.181638470596972482e-02,-1.048458418741179780e-02
-2.621561465195743762e-02,2.067162506568422618e-03,-3.367822871851301053e-02,-2.390172011620603221e-02,2.929187547685502963e-02,3.417107128368591235e-02,1.378941483977291493e-01,1.476202293254300635e-01,1.772852125830393366e-01,3.920922217110814900e-01,3.861245340038791385e-01,3.616210575159004015e-01,1.000000000000000000e+00,4.251575893463930278e-01,3.811924453459191731e-01,5.473340586078819792e-01,2.919575257048143690e-01,1.820694499634429309e-01,1.570817493221246253e-01,-1.033154198363913090e-01,-3.362170151892523301e-02,3.459999081661653542e-02,6.586927068563269705e-02,-5.457438463493827739e-03,-3.719721266467245890e-03,-9.039630657528956517e-03,6.824657530463314192e-02,-9.642967659913187495e-02,-5.935352101549517395e-02,-1.083796238209371876e-01,-1.180302493932527536e-01,-9.257371798339884827e-02,-8.425522813585364923e-02,-5.483513214945704567e-02,-1.289006569554117070e-02,-2.170661975520662285e-02,1.297702045543387174e-02,1.077817849320752410e-03,-1.212856406744353306e-02,-2.231121868748465933e-03,3.996448936851716011e-02,4.689617253628364235e-02,-5.301977507252274291e-03,7.068535591254287639e-03,5.131861023619594536e-02,2.788498857100809095e-02,7.135805068661750170e-03,2.585502576722341350e-02,7.517679587406391796e-05,-1.547562332065513524e-02,9.866390571208492888e-03,2.967465793646104858e-03,-1.700002480044607300e-02,-3.248238319344142616e-02,-1.000132856006683002e-02,-6.418298740158431305e-03,6.940153772446705895e-04,3.413690118609485208e-02,3.445089129600364952e-02,5.658307979839052176e-02,1.192651177991960361e-02,-2.473636214074641237e-02,1.205843760745695797e-02,-1.775929738912305697e-02,-2.735148907104378163e-02,-9.614369363347836624e-04,-3.021423484489157985e-02,5.283465694986287653e-02,1.302361158775993538e-02,4.601359072060767774e-02,2.024265003804165408e-02,3.192116003636995963e-02,5.572826501474347632e-02,5.676255365769784789e-02,5.279023088742086645e-02,6.063021260443279131e-02,4.850017205561062833e-02,5.812822523733159746e-02,7.663185984690308594e-02,3.074041928158204040e-02,5.941589683442196484e-02,4.229205608680394746e-02,3.129556543157924198e-02,2.253926373264290156e-02,3.587371925474164280e-02,2.232377053113543050e-02,4.619289936119250206e-02,3.017265996885795318e-02,4.948768290568397732e-02,2.047720262991773593e-02,5.623547271551337413e-03,6.660219935826070491e-03,-1.220968491195000699e-02,-1.445877025801407161e-03,-2.870694498004251576e-03,-1.172091289451373912e-02,7.918784438553639476e-03,-6.474179578580109215e-03,2.001444693781088274e-02
-5.374126869596116372e-03,1.102168921486038674e-03,3.602899319492652158e-02,-6.027214331317326361e-03,-1.290453964356765189e-02,4.177330910615592585e-02,1.092134270031231147e-01,1.183111428709781587e-01,1.390834645058581787e-01,2.627923805805469915e-01,4.975659269099209081e-01,3.730518110929529896e-01,4.251575893463930278e-01,1.000000000000000000e+00,3.342458383939368449e-01,4.197583820373043118e-01,3.892782409015003720e-01,2.050334407491293809e-01,1.018229696726000166e-01,-1.406652400698658600e-01,5.534088806613895409e-04,7.764710905105805250e-02,1.174111814271042720e-01,1.471159662173656402e-01,1.073788369615341770e-01,6.420595449212110339e-02,1.263556644561164566e-01,-8.131398914644244469e-02,-6.281082309124624884e-04,-2.900825280352822486e-02,-5.044282746467727840e-02,-8.130129934597998820e-02,-1.007958544482913249e-01,-6.288309262193535198e-02,-3.357022502068348485e-02,-3.975937061038830808e-03,9.266192818752754315e-03,4.497391744522358237e-02,8.576042178287791515e-03,7.918820446789856526e-02,4.388674353073402506e-02,1.000585673227446237e-01,5.315344491904491764e-02,7.108085861106859527e-02,9.913388924104878097e-02,1.518178375854990075e-02,3.726286053189623807e-03,4.432601082655344277e-02,-1.622504448622305931e-02,9.013729553042162251e-03,2.892356980273493028e-02,1.389956403491532724e-02,1.683871009022203796e-02,-9.179868391092055324e-03,-4.192300892989528176e-03,3.152077865647730671e-03,-1.298741000345467710e-02,1.390795330790837135e-02,1.550180596531435841e-02,2.653959540167006789e-02,1.519028821673439923e-02,4.780637774637663058e-04,1.426426353133598141e-02,-1.416436849745488814e-02,-1.467900338054535514e-02,3.063528540016510759e-02,-4.161196560175529913e-02,5.626518977075420369e-02,1.879001488801775380e-02,4.159517390938428927e-02,1.912306622729261635e-02,1.470584550690301993e-02,2.870352459297976361e-02,3.712217829761720739e-02,2.978026782111646911e-02,2.745881741830686479e-02,2.646824377973478609e-02,2.874071011407302798e-02,6.839666606231903367e-02,-2.118457550418206131e-02,4.485648980913641004e-02,-2.070765807495288848e-05,-3.118097713205748595e-03,2.010077582293025300e-02,-1.982102116825771448e-02,2.534512282829559648e-02,3.034470328041986159e-02,3.651848116121219484e-02,6.043293532583390165e-02,3.156118284653792322e-02,-9.221290690035922541e-03,-1.799073096446460185e-03,-1.138389154775268190e-02,-5.097721251744946440e-03,-5.030483054900112758e-03,-1.870965287047462663e-02,-4.817605564871742241e-03,-1.171221878250692031e-02,-6.566092814117648231e-03
2.403737205386138540e-02,-4.861733943406607202e-03,1.359227420288956940e-02,2.214268148117231813e-02,1.603197147724113800e-02,1.362153463069108901e-02,6.455229541533641369e-02,4.140145365462496313e-02,1.295280301744305973e-01,1.859802723197042373e-01,2.318102629196959752e-01,3.657676653689491686e-01,3.811924453459191731e-01,3.342458383939368449e-01,1.000000000000000000e+00,4.041323722751666292e-01,4.616537961254880695e-01,3.345054746111713051e-01,2.371485532281918940e-01,-2.656420871571510967e-01,-8.716220718248532395e-02,-7.519157678375389120e-02,-1.040986380603347444e-01,-9.224281746870074961e-02,-8.265955075308918654e-02,-9.000830445585132622e-02,4.606786762034330990e-02,-1.030103600211387943e-01,-8.245655432016348041e-02,-7.654222736918037118e-02,1.119217322546909102e-02,7.452353571124273324e-02,6.426080673250961217e-02,-4.283380821765393753e-02,3.074770071930929896e-02,6.216045700920232349e-03,2.802457676339712572e-02,3.236603918163533794e-02,-9.881279156204177821e-03,-2.451761160205337756e-02,-2.123618496645864485e-03,1.541978455803958044e-02,-1.251012784568746039e-02,4.618900810414935248e-02,-1.656147396917977133e-02,-2.087318344392809569e-02,-2.861645745935615173e-02,-1.943148855430905375e-02,-4.383805786614900640e-02,-5.518152870392804138e-02,-1.782633609469329652e-02,-2.629281770537149083e-03,-3.820690662365081036e-02,-5.354096159067077421e-02,-9.307882797965880833e-03,2.227263551889633805e-02,2.904341014867406826e-02,5.448419916833392024e-02,1.927709259860200391e-02,1.333774966427439881e-02,-1.649195022769206140e-02,-1.056156046977673076e-02,-3.066488452343997355e-03,-2.259356136976870336e-02,-2.783372887663248391e-02,-2.217601790909201620e-02,-3.196139429771674423e-02,-2.491865907183931500e-02,5.666438076424169107e-02,4.559183237473121014e-02,4.060547654898306880e-02,3.496536987660279344e-02,7.252340522361259978e-02,6.039847811795696908e-02,4.255683062131352529e-02,7.596342000556162433e-02,3.624402720672679351e-02,3.401825411380936942e-02,6.998394242634403684e-02,2.783870421518681512e-02,5.445948660429437982e-02,2.978740171898413766e-02,4.791418037346335118e-02,4.577213325403446664e-02,1.835048431483950193e-02,4.407765583024413764e-02,6.469076168159126894e-02,4.299303657196356515e-02,6.303207688252564223e-02,-6.865677173469416500e-03,4.565693430118460822e-03,2.453405292891115350e-02,3.429939015011719203e-03,-3.658983477442816212e-02,7.117736444531119321e-04,-2.461075798370836523e-02,-2.418196351487703066e-02,-4.237154584389994649e-02,-1.447967463787231367e-02
