1.000000000000000000e+00,3.158071953402558640e-01,4.083945639168538033e-01,4.123326540499289150e-01,9.581154271393657607e-02,3.452917958551615096e-01,1.396440503011718848e-01,2.896164903360432530e-01,2.398166662271465910e-01,-1.789035174520330063e-01,-4.685111611539946597e-02,-2.615008613661850001e-01,-2.728617120955140196e-01,-2.405967797641330730e-01,-3.273431844389058099e-01,-2.330026284469133291e-01,-3.988128494515875699e-01,-2.864795965643402928e-02,-2.668360688124656876e-01,-3.299322479457754143e-01,-9.169812790082426668e-02,3.409253587620256903e-02,2.117210220934285514e-01,1.823717691897477067e-01,8.442395378537831396e-02,1.989066078919532964e-04,1.198524669903650586e-01,7.238435373151773378e-02,6.466893866550839365e-02,8.373975170056500994e-02,1.050038646357100980e-01,9.270986357727617477e-02,8.239445195438480085e-02,3.726348530504667439e-02,4.398829876967260549e-02,9.701832122250593493e-02,3.394117103477400921e-02,2.827662467153086931e-02,1.194210594033898350e-02,6.832184102768890099e-02,-3.863874028391677679e-02,-4.491652423139786722e-03,-1.499464134651360379e-02,-3.861368863994035089e-02,-2.777724772917763985e-02,-2.025270514720267298e-02,-7.281556433238930981e-02,2.564592551401145316e-03,-9.067243762644897759e-03,-1.265290493002572091e-02,-7.640524488598024119e-03,-1.541456551047316534e-02,-2.262395922450054220e-02,5.115133705628210903e-02,-3.468091836032185377e-02,-6.353546468777979128e-02,-5.704313569901531961e-02,-5.647364039793552337e-02,-6.156116769511772030e-02,-1.748467623630309623e-02,-4.511615755549144152e-02,-3.654407357295148817e-02,-7.778100234586209083e-02,-2.149289268948395906e-02,-9.033681496623485740e-02,4.760792288267834751e-03,-2.883399730559325219e-02,-2.241231476422974201e-03,4.080597529903664394e-02,-1.299936821729426491e-02,3.650588583068931081e-02,9.589053815921053103e-02,2.895759840533764905e-03,1.866656560224007333e-01,1.196383305836466043e-01,1.148321580128376374e-01,1.897201999962367935e-01,1.272473638393434026e-01,1.421202806368767613e-01,1.333933460670859439e-01,1.017439130421270710e-01,-1.107163625505597493e-01,-1.326760286750933854e-02,6.251802469147384189e-02,6.686231263425433669e-02,-4.771268515140941052e-02,-6.659941127423224527e-02,-6.242092851050517338e-02,-7.035398174223764234e-02,-1.133586305637603320e-01,-1.231133046215459326e-01,-1.700530189842734130e-01,-1.212147683924184177e-01,-1.501757900428337955e-01,-8.650877710696261436e-02,-1.002851011852112367e-01,-1.155993522523212497e-01,-4.889970581400951422e-02,-5.116645363842238503e-02
3.158071953402558640e-01,1.000000000000000000e+00,3.490603785482469523e-01,2.613980225306917204e-01,3.689369952498140481e-01,4.920366504857279222e-01,4.418084039784366812e-01,4.545252808924600263e-01,1.000054373303181365e-01,-3.262018497339481127e-01,-3.834924724732783341e-01,-2.986537356114508102e-01,-3.853131887998439975e-01,-3.730146502416731846e-01,-1.718724888040724652e-01,-1.948658403642532233e-01,-2.722292121981397250e-01,3.206729565789874226e-01,-3.814897680898963334e-02,-1.461226163285119228e-01,-1.099503523608778705e-01,-7.920146044668399665e-02,2.753238648161378602e-02,8.506967316154558090e-02,1.463592122539333906e-01,3.090314659157568714e-02,1.514409090888925447e-01,7.928058122419585907e-02,6.482831633538652105e-02,5.219879032789367934e-02,1.042950743174063666e-01,8.546582833666006851e-02,8.390952899838383106e-02,5.185307700229586925e-02,1.157468773073740964e-01,7.041116197410111910e-02,-8.811908105980216510e-02,-3.098595307545210994e-02,3.153772341033196647e-02,2.743025287166155762e-02,-2.706150565240247191e-02,-1.572591072443910165e-02,-2.200715614013285318e-02,-2.754362240949836602e-02,-1.428809706453813659e-02,7.515448553546207056e-02,4.058510234849858206e-02,5.328492269934499009e-02,8.945196801839618017e-02,6.291209988125462393e-02,4.590897545238745159e-02,8.867260979210923877e-02,5.623038208086018896e-02,1.624971131760756526e-02,2.400037533034049195e-02,-3.725215391735278714e-02,-1.090000402118258133e-01,1.791166734933403700e-03,-1.311517424093051054e-01,-5.055438189196373444e-02,3.789078565604660914e-02,-5.287364912550766155e-02,-6.791331247829721085e-02,-9.764878434881714420e-02,-9.732512149774685817e-02,-5.317081640791157526e-02,-6.182099189875982226e-02,-9.436528844927713489e-02,-1.179285083879633676e-02,-1.011718411271736312e-01,1.907386882320141752e-02,-7.488066473575447080e-02,-1.557776600806642583e-02,3.964023109728057742e-02,9.267094241712676983e-02,7.448139521101251881e-02,4.076212171907846876e-02,6.131617698876695027e-02,-5.308208954712360407e-03,2.395989288964315862e-03,9.163430474029045369e-02,3.780285114801221202e-02,-2.522344338273384626e-02,-3.717786381615290764e-02,-4.109099922550007306e-02,-1.214644796745094346e-01,-6.143565703928718230e-02,-1.100316717584120529e-01,-6.760691091464710034e-02,-3.704629525907264520e-02,-7.353585946877687352e-02,-6.067328887981265212e-02,-2.815488758638419464e-02,-4.127695518738543068e-02,4.868355550900016482e-02,-2.799129447456568179e-02,-3.161964390269771802e-02,2.939126758488540270e-02,-9.436613255313733642e-03
4.083945639168538033e-01,3.490603785482469523e-01,1.000000000000000000e+00,7.500527196289290544e-01,5.971147643352730378e-02,5.966958878953203538e-01,1.430338963234754623e-01,4.606591355896932360e-01,1.673710300446084320e-01,-3.467216069285387614e-01,-1.994831614568861877e-01,-3.430405091706960063e-01,-5.601703545961571606e-01,-4.005542070747219463e-01,-4.892437736662770820e-01,-5.189432647207964378e-01,-5.426205678907027874e-01,-1.544233488867028936e-01,-2.705388003423760401e-01,-3.396973077740403912e-01,-5.457847530049993526e-03,1.335914263219121767e-01,2.652928361807990743e-01,2.379230026692180089e-01,1.694645815341427608e-01,3.797842145459458946e-02,1.437929209795596464e-01,5.065941517548544493e-02,9.335777390146185462e-02,6.363841450667265254e-02,-2.286960912810454688e-02,4.869184935915428503e-02,5.020112468451944782e-02,5.227235384037260540e-02,5.908586347548768630e-02,1.447569872072537178e-01,6.999608863701022032e-02,8.319634697909696064e-02,7.880872863323552802e-02,1.427009227992062645e-01,5.809431213904827501e-02,5.469006225693873180e-02,2.585236064841908363e-02,2.438117414585968395e-02,1.622520595999238152e-03,4.208083231206253411e-02,-3.245769462167800989e-02,-1.222401484549489464e-02,2.837437909285853155e-02,-1.792060981007077142e-02,-3.054224664257093949e-02,2.568494966050682490e-02,-4.310658946015692196e-03,3.924167547365159381e-02,1.734783602498749661e-02,-5.307764042515807079e-02,-7.687285099642481023e-02,-7.564959616892358296e-02,-8.485459340921210070e-02,-3.224082247513483657e-02,-2.924111855248161945e-02,-1.395758817435955278e-02,-5.404671961225818166e-02,-1.198362042375144404e-02,-7.177196853004942645e-02,-2.704028249237808851e-02,-9.893921497032803769e-03,1.006627096834218985e-02,5.105564908823329896e-03,-4.884151872351664286e-02,-1.424239392239070798e-02,4.167759556364791784e-02,1.229603167950153383e-02,1.186643952644000632e-01,7.088851885372968176e-02,1.194636047665936091e-01,5.903968139268243182e-02,9.701554781385349213e-02,1.007396139915632538e-01,2.572535767240850813e-02,1.244324926908774859e-01,-6.340945153457042127e-02,-1.109292349030334690e-01,2.275738975537004282e-03,-2.540762410575290661e-02,-1.298646632392191080e-01,-5.855986625680827812e-02,-9.618883954299445316e-02,-1.008098366535482293e-01,-8.593796439992212877e-02,-9.285849045378506694e-02,-1.267144797653757538e-01,-8.413220077055111323e-02,-9.019211891943944293e-02,-4.195817338878824604e-02,-3.579786273215066622e-02,-5.314457522155763974e-02,1.214891414935096066e-02,-4.532109448380864866e-03
4.123326540499289150e-01,2.613980225306917204e-01,7.500527196289290544e-01,1.000000000000000000e+00,-2.752741678325604929e-02,6.189527627290062339e-01,1.773955295259696252e-01,4.257113212488728426e-01,3.103410428227189044e-01,-2.042798878753098457e-01,-1.176364328504700962e-01,-4.025695605327859194e-01,-5.051204897514741665e-01,-3.378034793347193254e-01,-5.674080885558828724e-01,-4.562006468124947811e-01,-5.503895483336995742e-01,-2.427163846254629109e-01,-3.769742381385606245e-01,-3.258704193140599115e-01,2.112271143303104740e-02,2.056296077437312353e-01,3.051422486525596778e-01,1.604333699789791956e-01,8.405359698983108641e-02,-3.251604277452855435e-02,6.063006467587336162e-02,-1.067341200975063971e-02,3.245577537268080903e-02,1.165781907753789433e-02,-3.917712801105086712e-02,5.959798260577342521e-02,9.594624262624906752e-02,1.013465141318050794e-01,8.508189634883941976e-02,1.804295258188871598e-01,9.447871192812117014e-02,6.946943516332415580e-02,8.148301883420598635e-02,1.268465555191361505e-01,2.197361239043402192e-02,5.745741430304321384e-02,-5.107977436713525242e-03,-6.265669309359640088e-03,-3.695223752355120453e-04,-2.112329308833338706e-02,-8.750858970422707717e-02,-5.617289096518871677e-02,-2.274421401329154366e-02,-4.439016655449194715e-02,-7.163050911825749600e-02,-2.225286625426208670e-02,-1.683556034949376320e-02,5.613353112662066574e-02,2.142762013870513904e-02,-4.670568545875822264e-02,-5.719931595188014473e-02,-6.844452940569328847e-02,-6.189107341755586272e-02,-2.822396504183257663e-03,-1.660888993898454458e-02,2.108651210663294723e-02,-3.512681191601257913e-02,2.114036347733881660e-02,-2.805586189983299422e-02,1.075060201688938025e-02,6.177401572023283674e-03,7.950447977375597886e-02,6.111625211605636876e-02,4.597037338534058076e-02,2.844374876723887446e-02,1.135178203682954967e-01,8.501606998395450088e-02,1.391896484912978349e-01,8.202883285519127488e-02,1.200408509424074899e-01,8.249634962519986070e-02,5.342780406859916342e-02,1.148846809985063638e-01,9.172121885718360901e-02,7.890864727926498456e-02,-1.009818219979644188e-01,-4.405432917889830907e-02,3.398869625893785607e-02,4.018535646469134637e-02,-6.686059710555965208e-02,-4.704598250472482451e-02,-6.667296298312982983e-02,-8.767221602030647598e-02,-1.256177224850321683e-01,-8.956321618960468023e-02,-1.679613134730957025e-01,-8.331649275427872869e-02,-1.301589645929703276e-01,-5.949769387168831608e-02,-2.997675006646905935e-02,-9.131453080848839221e-02,-1.456532238791855179e-03,-2.168324865504126647e-02
9.581154271393657607e-02,3.689369952498140481e-01,5.971147643352730378e-02,-2.752741678325604929e-02,1.000000000000000000e+00,3.688725202019266791e-01,4.575704928467768662e-01,3.016999140017118108e-01,1.903509206380078755e-02,-3.212420554906472159e-01,-5.038123765191604431e-01,-3.394771426666347569e-01,-1.941941318274327533e-01,-4.657043779945609918e-01,-8.080705494419498924e-02,7.803146748617828532e-02,-5.915484588575081748e-02,4.005430806125756527e-01,-2.597670328209696414e-02,-9.885041070748351588e-02,-2.730767216317008805e-01,-1.934088043897004561e-01,4.607185403904860699e-03,1.026080711485880398e-01,1.903850922261930423e-01,1.037311757201332535e-01,1.262837830845082165e-01,1.138596357664650865e-01,1.211077847856346784e-01,1.005688065750013349e-01,3.859267012141295861e-02,1.510697652347079648e-03,-1.970994261924926411e-02,9.860041612989225296e-03,1.104061163286542031e-02,-2.990288966104049165e-02,-5.938808382551583748e-02,-5.889469664219177530e-03,-6.336708192017586651e-03,2.959236361351371553e-02,-1.486879374324442428e-02,-6.174384488382229919e-02,8.362753394295178652e-03,-2.697866517212133344e-02,-1.887943309144323595e-02,7.998738308994614299e-02,8.154800166895222191e-02,8.507342015596526530e-02,1.380832453774225310e-01,9.784650356403791494e-02,8.159300618973501507e-02,1.302815093693812654e-01,7.961289100409658925e-02,6.312578102204619013e-02,7.635455375040284265e-02,4.022431763662911997e-02,4.187861601532901802e-03,6.183191073749604028e-02,-4.537387392400631797e-02,-5.031272118682136169e-02,3.822296809847619548e-02,-9.206408506696346639e-02,-1.082450814326976346e-01,-1.426626784992260089e-01,-8.518046508452957466e-02,-9.106279071355555255e-02,-1.245289258301583435e-01,-9.930308068839124869e-02,-4.440167933987113763e-02,-1.178415974787285631e-01,3.022583016471896630e-02,-8.786461982169327389e-02,-3.270415201048188641e-02,-3.232392863896550728e-02,5.863288605853145957e-02,-5.029243188576296153e-02,7.971337369018602348e-02,5.661470972471373264e-02,3.174689208757566772e-02,2.849329260454904617e-02,7.851262430693133065e-02,5.550878028439956008e-02,3.740481894081367897e-03,-9.506388472709986770e-03,-5.115309878988247988e-02,-3.154426305998089125e-02,-7.616754605933080680e-02,-7.323382836489178427e-02,-5.923413737870479590e-02,2.328839151877937219e-02,-7.843868330760925267e-02,2.594492003021277998e-02,3.993560932899133109e-02,2.711688059966932060e-02,1.002240024305863508e-01,7.288467191204361928e-02,3.915684937078596495e-02,5.173078714388243404e-02,3.265127883065818692e-02
3.452917958551615096e-01,4.920366504857279222e-01,5.966958878953203538e-01,6.189527627290062339e-01,3.688725202019266791e-01,1.000000000000000000e+00,4.315725779609460022e-01,6.524696244529107902e-01,2.236946172955783518e-01,-3.802699092168291828e-01,-4.091351837109215017e-01,-4.766798600308439493e-01,-6.044618771223255749e-01,-4.984905859689412466e-01,-4.297551121010604325e-01,-4.139870189840192394e-01,-4.341804245728877465e-01,3.661145571928973996e-02,-2.414751838712261567e-01,-3.098536503689288679e-01,-1.168239158345298068e-01,2.522354273969805091e-02,2.378269196315155320e-01,2.004779788168334909e-01,1.808015066574121255e-01,4.000868793019847491e-02,1.091761771452626484e-01,5.961627223351531613e-02,8.930282795233088211e-02,7.157929024303309740e-02,2.247891044923541574e-03,5.931170886306990492e-02,6.234207404923121365e-02,2.838118702329545454e-02,9.120793895700572695e-02,1.097292715307307265e-01,-1.402770056152934791e-02,5.188179003234186931e-02,5.992766454180348951e-02,9.247365268012835982e-02,3.556906676783985061e-03,-7.922609622599640841e-03,-6.746169047137792578e-03,-1.452646286514156990e-02,2.401622308007237729e-03,5.544327890465602926e-02,1.118892942034691550e-02,9.273815198034128515e-03,8.461784651597734075e-02,2.720155823095507693e-03,-6.708720067278092433e-03,7.558135280970623704e-02,-5.017444210842150623e-04,1.450395698068020038e-02,3.869260873979155774e-02,-2.502313372470736305e-02,-8.993889691322126678e-02,-1.694004651806579539e-02,-1.073796987110588880e-01,-4.145891874856773296e-02,2.582744114409026015e-02,-5.208224727537263954e-02,-6.082347344930343069e-02,-7.300600097313239556e-02,-7.568752788653880514e-02,-2.162421492201701753e-02,-8.334272298435654869e-02,-9.867316671643096282e-03,1.213201333474593982e-03,-4.142739511442782019e-02,4.032520502638114318e-02,-2.465550367533738199e-02,5.317946896175214377e-02,8.865154275266913519e-02,6.122909044063700595e-02,8.779616141860838163e-02,4.502427695992099188e-02,5.099954257213858144e-02,4.595564530299579842e-02,3.731315512608733564e-02,1.216315692610675098e-01,-1.058193183430848822e-04,-4.648057559424269292e-02,-7.748947263729346474e-03,-5.788626180732175247e-02,-1.292998018068687582e-01,-1.123969407066201798e-01,-1.221203591295957624e-01,-1.041940770976800268e-01,-5.503831138956128549e-02,-8.942094941868994340e-02,-9.536009295640272831e-02,-1.780480925769768741e-02,-4.460538284687288330e-02,5.186586402987115874e-02,3.355265216878999118e-02,-1.992275938448305472e-02,5.453392982013362950e-02,2.790106176829820067e-02
1.396440503011718848e-01,4.418084039784366812e-01,1.430338963234754623e-01,1.773955295259696252e-01,4.575704928467768662e-01,4.315725779609460022e-01,1.000000000000000000e+00,3.611989734058062562e-01,1.750121013114721291e-01,-2.133421879623172146e-01,-4.488362751366873349e-01,-3.947619646633316326e-01,-2.615832903218322514e-01,-3.821142845684228351e-01,-1.395345804813911961e-01,-4.035802852008515268e-02,-1.761995870234172590e-01,2.473915223527800578e-01,-1.644922910927141546e-01,-1.431435320579530490e-01,-2.134022323167620028e-01,-1.281839014024137025e-01,9.090243453554638919e-02,3.997793575716597492e-02,7.190664908649130327e-02,-3.596540753419444347e-02,4.751811240688384903e-03,-1.863759117096687110e-02,6.420949333401029802e-02,-3.266425618883264399e-03,6.090990821956000084e-02,9.017494508493874295e-02,8.810455848887334407e-02,6.197691467090836459e-02,8.184309563429068013e-02,2.232638852934691262e-02,-1.138269760909657868e-01,-1.814604259669226269e-02,4.559877829472010896e-02,4.458093793311524757e-03,-1.878186086906792271e-02,-3.351768501198584826e-02,-1.872809082328743407e-02,-1.584158383922429358e-02,1.802682836298335686e-02,3.741175737326751100e-02,6.598614317057502343e-02,3.573889959306358194e-02,6.788066381727925203e-02,1.139128305068870528e-02,2.866005791666043773e-02,5.978693123350938693e-02,-5.345331776724688948e-03,3.663885477048828970e-02,3.248185931996588893e-02,-3.614729797676140277e-02,-7.744548055374880779e-02,4.407028242460284823e-02,-1.140888336554552324e-01,-7.870493922247874530e-02,4.523429892420891690e-02,-7.599716470554510050e-02,-5.559695597063035732e-02,-1.087160165950708662e-01,-2.763466866899978377e-02,-1.638348143104704016e-02,-9.567000067769454441e-02,-3.903052162281817929e-03,3.773836636747270740e-02,-1.219287731553808651e-02,6.809969212356310753e-02,-3.861915607407884893e-02,1.139553955827751625e-01,5.126495125978619560e-02,5.846574087902815103e-02,3.998710697639699940e-02,1.473052421906030640e-02,3.973108843416550510e-03,-5.467203866081944696e-02,2.974522021417365381e-02,8.457068039383931757e-02,9.870681098817392363e-02,4.546124848662526363e-02,8.320071780090412469e-03,-4.006884331636063890e-02,-5.528115427614813809e-02,-8.269210491092802984e-02,-1.381309025770965648e-01,-8.625300041767733350e-02,-1.424920589096965486e-02,-2.537901591063201900e-02,9.073268445625915293e-03,9.945553709414210741e-02,1.629992139791508476e-02,1.218898251116234815e-01,8.316141150814823635e-02,3.829225993077989970e-02,4.532121139821847222e-02,2.706511218600730212e-02
2.896164903360432530e-01,4.545252808924600263e-01,4.606591355896932360e-01,4.257113212488728426e-01,3.016999140017118108e-01,6.524696244529107902e-01,3.611989734058062562e-01,1.000000000000000000e+00,2.747375154691100718e-01,-3.763194874590839456e-01,-3.402739612170359029e-01,-4.887971877996761250e-01,-5.817411361101723077e-01,-3.875702982776115246e-01,-3.926422974006195110e-01,-4.238660997530334651e-01,-4.178031896751026597e-01,4.238587942236813483e-02,-2.479378107834331046e-01,-3.123268022942827793e-01,-9.294941239423966384e-02,-3.570655553183579075e-03,1.945290703468970372e-01,1.971056425859368522e-01,1.763437296251988418e-01,1.371824223323771588e-02,7.946211742776540521e-02,2.763239175160644642e-02,8.378159362828332957e-02,3.793663632364998456e-02,1.985486144082401760e-02,1.015853197609731945e-01,1.019329885650796935e-01,2.164163220320407949e-02,1.216703219562448868e-01,9.466704131858923177e-02,-3.998011064312778640e-02,5.789206638188395398e-02,7.430467581872299276e-02,9.395269348045098834e-02,2.437894412225716928e-02,-8.485343115851591567e-03,1.407317483644989625e-02,-4.925382967051222804e-03,2.138503523449172133e-02,9.418557247510363217e-02,4.597299911162740921e-02,3.848092783059177402e-02,1.199199161208390207e-01,6.126442037502932356e-03,1.231648998952647629e-02,1.112446078642702757e-01,-2.294522615739909809e-03,-1.764056232407163957e-02,1.123205923871380130e-02,-3.248257080973816074e-02,-1.068185837532065890e-01,-4.647737533979615782e-02,-1.125556604538259231e-01,-2.121752803232232823e-02,2.520693935947120653e-03,-1.972048179277819530e-02,-3.560286121338093052e-02,-5.517130853654618472e-02,-4.554036916226601034e-02,-2.871714987923042889e-02,-3.708012312038907327e-02,-8.714195323128151940e-03,-7.017417056936109225e-03,-6.614786413892899397e-02,-8.004951308866132056e-03,-2.385791731910077984e-02,4.042228091606785839e-02,6.004914327836641946e-02,7.579163107048711434e-02,9.845727834856096705e-02,5.557173759371780708e-02,4.760590492914065774e-02,1.281742043004687956e-02,7.040156694045509971e-03,1.028780336120924815e-01,8.728886931275067415e-03,-4.913582875393462945e-02,-3.234352824967758055e-02,-6.498896493893123461e-02,-1.374782768270480238e-01,-8.579051644709514979e-02,-1.341186410734631906e-01,-1.202319145025583097e-01,-5.273354477910757732e-02,-8.448223351051227514e-02,-9.755356502394341156e-02,1.602470060628800180e-02,-3.690684932458794532e-02,5.460406054838318202e-02,4.740061901254236792e-02,-2.392980674057822513e-02,5.747171434412049612e-02,2.349298991872602466e-02
2.398166662271465910e-01,1.000054373303181365e-01,1.673710300446084320e-01,3.103410428227189044e-01,1.903509206380078755e-02,2.236946172955783518e-01,1.750121013114721291e-01,2.747375154691100718e-01,1.000000000000000000e+00,2.055021277651908895e-01,6.187797795535297796e-02,-4.689651635591048917e-01,-1.952740679850972494e-01,-6.526041574981596149e-02,-4.101616777942760916e-01,-1.572856772680286397e-01,-2.853975758307561450e-01,-1.907445112782746588e-01,-3.991055655310473682e-01,-1.929573803750902483e-01,-7.690889753351642932e-02,8.253707073341286227e-02,2.215612125448957193e-01,2.074377716013129161e-02,-1.793296739877839330e-02,-1.314130706310517038e-01,-4.114374376616956180e-02,-8.720516980212651703e-02,-6.160780209257558926e-02,-6.039487037102574118e-02,-2.813197603774278757e-02,4.845675374217193326e-02,1.360391734920812778e-01,1.269483041930493938e-01,1.126291594514295946e-01,1.801104979149986129e-01,9.060124766703700483e-02,3.936946679053287754e-03,1.418500104231171927e-02,1.736347686667358975e-02,-9.764413509119108936e-02,-1.495141627577990621e-02,-7.597546994324715086e-02,-1.012306815184263464e-01,-1.556278718130264631e-02,-6.677659764563623201e-02,-9.902185507522023866e-02,-8.645507473607703941e-02,-2.519664560285811775e-02,-4.396550109348754121e-02,-1.031766371900187801e-01,-3.553153499599473464e-02,-3.836339908287211137e-02,5.174120195238419984e-02,-1.308245848132203251e-02,-6.409328591354858384e-02,-6.020702305761899131e-02,-6.288115116101374025e-02,-3.156500863227858222e-02,6.137331284229954192e-02,-1.012384871382301238e-02,6.496543298743964745e-02,2.809322208545865854e-02,6.441165301873957860e-02,4.935738467843406307e-02,9.591299980848223827e-02,5.250375889838197752e-02,1.136100884121165888e-01,1.169309698971205957e-01,1.357984198824813693e-01,6.535385339861092546e-02,1.784192309889943429e-01,1.685187892337714211e-01,1.097259997777054324e-01,8.655701304929309947e-02,9.787252297248927313e-02,1.199655633865633203e-01,9.634240526719966766e-03,4.860976213756645209e-02,1.547944679187784334e-01,-1.329683564784933658e-02,-7.015265773127705995e-02,9.434975169940884587e-02,7.620614890819824017e-02,9.563846079049223570e-02,4.616851227424749460e-02,-6.101723418468830290e-02,-2.853283820310699090e-02,-5.458229099495566505e-02,-4.212857013740694753e-03,8.862270583321235282e-03,-1.372626636119952392e-01,4.882882870525685759e-02,-7.988522629986337387e-02,1.388815017529268329e-02,4.609937883030026246e-02,-4.916827352467362938e-02,-2.180364980976859032e-02,-3.969312282905013839e-02
-1.789035174520330063e-01,-3.262018497339481127e-01,-3.467216069285387614e-01,-2.042798878753098457e-01,-3.212420554906472159e-01,-3.802699092168291828e-01,-2.133421879623172146e-01,-3.763194874590839456e-01,2.055021277651908895e-01,1.000000000000000000e+00,4.300953257204913061e-01,2.009767325348467415e-01,3.106648599604457939e-01,4.464520955328332708e-01,1.647361657297233550e-01,1.665383539357281339e-01,2.230999251075672374e-01,-2.583398113422415987e-01,-6.216562423992305630e-02,1.936762031498248104e-01,8.312204760835245620e-02,7.842567063528921301e-02,1.529364881469880014e-03,-1.714300886122716583e-01,-2.049725674687864208e-01,-1.085704778209960336e-01,-1.579148102793572483e-01,-1.067959823860453600e-01,-1.241289187701835051e-01,-7.094045481780229812e-02,-4.078190245101142447e-02,-3.592313145387376894e-02,3.297987150286916386e-02,3.587303811247495589e-02,-1.301985637579635043e-02,1.594891143982110973e-02,3.681442285173763818e-02,-6.031293224132153186e-02,-6.901622523631108230e-02,-7.352895505310995394e-02,-6.906055063628861734e-02,3.977453649358361071e-02,-7.346609037067262926e-02,-4.801660446792437725e-02,2.044166490741347597e-02,-1.023649738798370623e-01,-8.629640451182594985e-02,-1.195724699583040757e-01,-1.355701788638195571e-01,-6.433877338198785989e-02,-9.896947777431033821e-02,-1.231089443615778489e-01,-5.665130832391256088e-02,2.456572940332705721e-02,-4.532298192196337894e-02,-2.051457984465811409e-03,3.333364823903051805e-02,-1.328561769381512991e-02,4.562855026736766656e-02,3.150887676683464256e-02,-2.321821644337478813e-02,4.221745515954580114e-02,7.991494004442241395e-02,4.963818335108094448e-02,9.313841460639039893e-02,8.018392574045656029e-02,3.127949646541474532e-02,7.499515743979290328e-02,3.473954385761631597e-02,1.850778403659562865e-01,-3.114871038315040336e-03,9.584156991245482149e-02,9.740642535409775593e-02,-4.659735639776724919e-02,-9.434325619316082101e-02,-8.552920378822047309e-02,-7.793735462584232276e-02,-1.226618817230829966e-01,-8.276608332775267640e-02,5.879820073207158576e-02,-1.281710720682956439e-01,1.250544685104859480e-03,1.465363671693676872e-01,6.697608020675142881e-02,8.939194331551961192e-02,1.868640539321459459e-01,1.006437414091786581e-01,1.203332646501822922e-01,9.663793309037210788e-02,4.928357845052488279e-02,1.298977438307123977e-01,1.456805110246526397e-02,6.399539205709184331e-02,2.019124486821362655e-02,-9.673594304437383926e-03,2.263296194952491361e-02,5.415574015074023015e-03,-4.062671083156405710e-02,-3.191114193410066191e-02
-4.685111611539946597e-02,-3.834924724732783341e-01,-1.994831614568861877e-01,-1.176364328504700962e-01,-5.038123765191604431e-01,-4.091351837109215017e-01,-4.488362751366873349e-01,-3.402739612170359029e-01,6.187797795535297796e-02,4.300953257204913061e-01,1.000000000000000000e+00,3.987516377070617346e-01,3.578665274466052426e-01,6.278061632286593419e-01,1.243222115071054429e-01,1.010260685042699141e-01,1.723229149838256535e-01,-3.192478037548815428e-01,5.295564966387024397e-02,1.372474865317685200e-01,2.348021536668466469e-01,2.095162955079561962e-01,5.606986485258542985e-02,-4.598236067517580405e-02,-1.851953720081001009e-01,-1.263473005227931101e-01,-1.520651183154573816e-01,-1.320659445196207538e-01,-1.510452078925793029e-01,-9.613029016905016988e-02,-2.344684574660168414e-02,9.830591395161287008e-03,2.066598071235246220e-02,5.673393789412357890e-02,1.744528982478728285e-02,9.412368332508344593e-02,1.238369583946352104e-01,3.648943054075096809e-02,4.635886121649839160e-03,7.563051721690335419e-03,-3.273014217822076653e-03,9.582009060870304296e-02,4.958372931412140076e-03,1.429805101855798587e-02,3.669236031229596712e-02,-3.772404638223133405e-02,-8.416606276497200223e-02,-2.818916150488689001e-02,-7.995711361073781775e-02,-2.411739790041732973e-02,-3.413031382928279761e-02,-8.901743041984365445e-02,-3.220742912682818260e-02,-9.469652455992016993e-03,-6.126576862161790815e-02,-4.148353907681708030e-02,4.683563673556812718e-02,-8.529793889487460867e-02,9.630095387060139123e-02,3.312782419280355800e-02,-9.592732056786341943e-02,2.368969977753364667e-02,5.487021726327051367e-03,6.552152534928470939e-02,2.791512382030984438e-02,4.004946516543761437e-02,5.291872201658315289e-02,6.512984134271250503e-02,2.912626404363487242e-02,8.889672502779803753e-02,1.458624535665186469e-04,9.872843734889452660e-02,2.247088855916885147e-02,5.249008717942035135e-02,-7.591654693609646565e-02,3.521567233057106699e-02,-4.360344642004932575e-02,-4.962101425572820745e-02,2.135088612482714462e-02,2.375183600149655475e-02,-1.244125406740030776e-01,-7.506313305617223763e-02,1.362860870368963473e-02,-4.723057956150603261e-03,5.680093644325506785e-02,4.309731685356840702e-02,1.633860397137053277e-02,7.841424504782369687e-02,3.344582766744540192e-02,-3.342350272945201605e-04,6.386362464510572656e-02,-5.919514295923509334e-02,-2.565726401896444714e-02,-4.387126705450021535e-02,-8.563625231675146832e-02,-4.794911055135663708e-02,-6.363784313541416549e-02,-3.892762171945886307e-02,-5.461719908745636676e-02
-2.615008613661850001e-01,-2.986537356114508102e-01,-3.430405091706960063e-01,-4.025695605327859194e-01,-3.394771426666347569e-01,-4.766798600308439493e-01,-3.947619646633316326e-01,-4.887971877996761250e-01,-4.689651635591048917e-01,2.009767325348467415e-01,3.987516377070617346e-01,1.000000000000000000e+00,3.704887455922434292e-01,4.706201977668715286e-01,5.267279154938918628e-01,1.392512523084636356e-01,3.837186708720610184e-01,-7.027417253860968049e-02,3.806675815236973404e-01,3.022360114125393626e-01,2.093971417620925923e-01,7.419517861029127637e-02,-1.543387459173283516e-01,-7.308973691095208003e-02,-1.489851168781263502e-01,5.090112614600211111e-02,-7.844218785934700677e-02,2.761031865639519342e-02,-7.646718900216536996e-02,-1.474498361040615761e-02,4.754544421804392067e-03,-8.368109277353015518e-02,-1.353499718653878026e-01,-7.505301058836805206e-02,-9.327561337479023384e-02,-9.007938074026450304e-02,-1.380924643831823832e-02,-2.103779779725036339e-02,-5.689796330659056128e-02,-4.889988856172444720e-02,4.280679495184094158e-02,3.228979590681266276e-02,4.314982989306897360e-02,5.964718410613160243e-02,6.654645937661405816e-03,1.452613087490577971e-02,2.258091813278242585e-02,5.704697861297817335e-02,-7.124852281848722407e-03,6.927895803697380235e-03,7.219381269716473870e-02,5.026141260130195625e-03,5.624886816650761720e-03,-3.615328781371914685e-02,1.386835239614181078e-02,3.756450720942818011e-02,8.039165137410259065e-02,2.248487793687905731e-02,6.266651805911796491e-02,-8.149188869110325639e-02,-7.519525734372002612e-02,-8.502108476817209215e-02,-2.076501046710331477e-02,-3.673485639465497860e-02,-1.417553554090935329e-02,-3.866052706107817039e-02,-1.144927828939725813e-02,-4.345248312345145053e-02,-6.088000831236909521e-02,-4.853247226868093178e-02,-3.234185189080941020e-02,-9.506158804609629587e-02,-1.192687024040887528e-01,-8.614151056625259095e-02,-1.540504028562695860e-01,-9.008476949338903306e-02,-1.936526912038085968e-01,-6.206530996852741705e-02,-6.472391659654368190e-02,-1.380389023809646121e-01,-8.717718041382320482e-02,3.707374189019424504e-02,-6.263526577884792612e-02,-9.527089607396543869e-02,-5.871915056587526105e-02,-9.833692219100272428e-03,4.225637847941617758e-02,5.027529127465665826e-02,7.136726756797696913e-02,4.991752468574900403e-02,5.738650245197834954e-02,9.183905692671993914e-02,-2.955363289727092058e-02,4.991185532670412012e-02,-4.707613752949293962e-02,-4.121684282097719254e-02,8.022434951871847131e-03,-2.598577451654058776e-02,7.877378494451395610e-03
-2.728617120955140196e-01,-3.853131887998439975e-01,-5.601703545961571606e-01,-5.051204897514741665e-01,-1.941941318274327533e-01,-6.044618771223255749e-01,-2.615832903218322514e-01,-5.817411361101723077e-01,-1.952740679850972494e-01,3.106648599604457939e-01,3.578665274466052426e-01,3.704887455922434292e-01,1.000000000000000000e+00,5.112929967544460608e-01,4.143247437701034763e-01,6.659750936311590319e-01,5.666095144410087103e-01,8.153951389076299905e-02,2.674613534222082256e-01,3.711275665197371620e-01,6.323066685809788923e-02,-3.119119711595709152e-02,-2.099814670398490180e-01,-2.129970966686922651e-01,-1.928287415725115639e-01,-8.861368780564687908e-02,-1.396700588273641630e-01,-1.008823062644550322e-01,-1.852674323422306701e-01,-1.413922841214382553e-01,-3.495910559654109850e-02,-8.200083528300586289e-02,-3.983762033663606345e-02,5.018131813498923934e-03,-2.978543523898501480e-02,-7.075195041458356982e-02,1.561042875455739484e-03,-9.817342626760240665e-02,-6.845729116215229504e-02,-1.117913571412791907e-01,-6.076034188912170925e-02,5.070398058871280512e-03,-3.313581815292782062e-02,-3.009918605848382889e-02,-6.552301833430832986e-03,-8.800550638688015015e-02,-2.144495876313979102e-02,-4.766985147643394011e-02,-7.150828767759623283e-02,-1.458444445409610123e-02,-1.486402009213421034e-02,-7.583754245919255288e-02,-1.274988875251410921e-02,1.574888045535268680e-03,-2.100727387489774098e-02,6.740339789912999646e-02,1.043432827269701740e-01,6.102277570946978980e-02,1.357338569045641041e-01,2.332088091970895005e-02,3.058042582908787263e-02,-1.004030515913064033e-02,3.208357666585050227e-02,4.330555469103313654e-02,5.818215704538097846e-03,4.681092050106357844e-02,-3.320117287277643547e-02,3.929136033780642953e-03,2.606274672488326574e-02,4.240033326405050207e-02,4.221795967020879059e-02,1.990165986887245872e-02,2.138276358561747720e-03,-5.012619836818001107e-02,-8.271544144729603421e-02,-9.000784211237021493e-02,-2.865267462155652450e-02,-9.062262765422579580e-02,-4.893280215003353861e-02,2.421099816185268150e-02,-1.537423404802105154e-01,1.934406763793992262e-02,1.038376016296257837e-01,1.502428538585102611e-03,6.351984486953625442e-02,1.292315963840948989e-01,7.292505978233077002e-02,1.291098194014545508e-01,1.034535401910954278e-01,6.179588920265444152e-02,1.005356065768499840e-01,1.100517338969181080e-01,6.989558730149535160e-02,6.807417608851636104e-02,8.774868770130152262e-03,3.113731570712320249e-02,2.816336154711606213e-02,-3.212850757033001298e-02,-2.090549978453758867e-02
-2.405967797641330730e-01,-3.730146502416731846e-01,-4.005542070747219463e-01,-3.378034793347193254e-01,-4.657043779945609918e-01,-4.984905859689412466e-01,-3.821142845684228351e-01,-3.875702982776115246e-01,-6.526041574981596149e-02,4.464520955328332708e-01,6.278061632286593419e-01,4.706201977668715286e-01,5.112929967544460608e-01,1.000000000000000000e+00,4.140038197368403616e-01,2.354807028660507451e-01,4.536858638496498730e-01,-1.779654068436945791e-01,2.566385574702337302e-01,3.299119732996882992e-01,2.807012169480569974e-01,1.691304589818168613e-01,-9.103135558366848290e-02,-1.111358071657942981e-01,-1.617875479056214427e-01,-8.042068161631933665e-02,-1.573882766342547534e-01,-1.369216343786840151e-01,-1.970464152627866006e-01,-1.447947210136072971e-01,-6.068010962088812854e-02,-4.242444693585990800e-02,-2.569090587541236412e-02,-5.313033812026367146e-03,-1.810105450443988406e-02,2.152001832428856315e-02,3.319267502228001598e-02,-8.645492050425656119e-03,-6.603123416972285498e-03,-2.194768657743919466e-02,1.150407341588536615e-02,8.308782365822485472e-02,2.444878580019492487e-02,2.288001603297918837e-02,5.830622358114222192e-02,-1.867776107598762350e-02,1.417101459203948255e-02,1.004353796706874621e-02,-5.408440920592542250e-02,-2.368321321628961279e-02,1.217451450655045869e-02,-4.803240496614834959e-02,-2.295294474734070958e-02,-4.167661033903174994e-02,-4.823992789842385109e-02,9.165810546181946822e-03,5.755014596770931246e-02,-3.661597895741898478e-02,9.458229422304564871e-02,1.156238747125666773e-02,-6.639178061952759335e-02,1.235497591973642529e-03,4.282041546969964085e-02,5.751013549892876331e-02,3.304281277238754061e-02,4.344504324947350005e-02,1.750286865059949223e-02,1.551102690624782052e-02,-5.152950223183585393e-02,3.900265255451741686e-02,-3.473160002786256778e-02,-3.726194356581528228e-02,-3.119810890983177459e-02,-2.494944142735694079e-02,-1.787378972821653811e-01,-4.495501725268882115e-02,-1.819878844832270581e-01,-1.225431554082251906e-01,-7.075237759188487963e-02,-1.125436852034933932e-01,-1.639254264154967333e-01,-4.101187183482152276e-03,-6.846007824253763641e-03,-9.713936161444458595e-02,-2.337670074718934191e-02,3.554199315725793673e-02,5.420624112335697964e-02,1.002422591253248341e-01,9.050715984143130333e-02,5.042417132912252464e-02,9.387027191600028075e-02,5.204513339753243095e-02,3.636322138382800523e-02,4.142338429527497867e-02,-1.534127968039713033e-02,-5.315248286431350708e-03,8.815206415548055077e-03,-4.756912377183357757e-03,-9.456771517770818508e-03
-3.273431844389058099e-01,-1.718724888040724652e-01,-4.892437736662770820e-01,-5.674080885558828724e-01,-8.080705494419498924e-02,-4.297551121010604325e-01,-1.395345804813911961e-01,-3.926422974006195110e-01,-4.101616777942760916e-01,1.647361657297233550e-01,1.243222115071054429e-01,5.267279154938918628e-01,4.143247437701034763e-01,4.140038197368403616e-01,1.000000000000000000e+00,3.369604193363759381e-01,5.382380858933306644e-01,2.583587637829330430e-01,4.786266231225141388e-01,3.833341977703272341e-01,1.189680882907642873e-01,-3.047701942258812177e-02,-2.240994538172169093e-01,-9.453657663132394862e-02,-9.164605021181840283e-02,1.597083062992859376e-02,-9.374654544076295448e-02,-5.732410888175615282e-02,-6.269825590098064561e-02,-6.798901283904434933e-02,8.374140352789228789e-03,-4.674001062791108968e-02,-5.558034936752213190e-02,-1.123604537792776137e-01,-7.059942918585200566e-02,-1.517225919944610313e-01,-1.447094954909214082e-01,-3.800822691733660164e-02,-8.849405620458519750e-02,-9.660618349303823349e-02,7.333895812999450745e-03,-3.104645810525918925e-02,1.082425606262372476e-02,9.692408208231093406e-03,6.740392316210000456e-03,3.988559811808879696e-02,1.187054618289448693e-01,7.146776224868554850e-02,3.583655426631316560e-02,4.058435421584229846e-02,9.728915054931082385e-02,5.414120550474625648e-02,1.999480616304117470e-02,-2.179979402307600372e-02,7.781374421735914176e-03,5.809222783904578746e-02,4.645344203106735459e-02,5.308013596793805661e-02,6.027816661463690495e-02,-4.997351061983088677e-02,5.747843286896856842e-03,-7.579384721648008139e-02,4.029512262482917023e-02,-7.821306219964839490e-02,8.062965985650273431e-05,-3.814777778884503867e-02,-7.205731766966873286e-02,-1.226286090025186376e-01,-1.624098552435421505e-01,-1.581621256641431161e-01,-9.313367742090000734e-02,-2.345040883170251833e-01,-1.607098883035382175e-01,-1.365470480921222030e-01,-2.194218573965054653e-01,-1.449181325581410384e-01,-2.078115612236802467e-01,-1.140811060726589360e-01,-1.167947473668293074e-01,-1.800205760595612881e-01,-7.249952634762815706e-02,9.750937514869389977e-02,-3.615829763345674436e-02,-1.005339203045800406e-01,-1.173855128119070390e-01,-2.625821014000651391e-02,4.739622819800853697e-03,3.161882769666889137e-02,8.323683828665394413e-02,1.043848518439724898e-01,6.596303326972612069e-02,1.423195826312177448e-01,4.814094463626875098e-02,1.451529163559475699e-01,6.631007996855788067e-02,4.421831023437697988e-02,9.336271084539647658e-02,3.711566056053970664e-02,2.958525597916811939e-02
