1.000000000000000000e+00,5.053411722399049344e-01,4.710391486148132190e-01,5.658766861077147992e-01,3.414757572249343398e-01,3.707684885224890037e-01,2.655178803896138251e-01,2.031771550323503428e-01,2.492972570344694494e-01,1.488761982645580295e-01,1.781433568806276846e-01,1.847760244091751214e-01,1.204105640135011146e-01,1.272269075478410782e-01,1.335874016813235754e-01,1.126889884095623878e-01,1.025621461371195864e-01,1.014006646277907098e-01,1.027511718115432932e-01,8.958928117770158239e-02,1.026849764292342426e-01,8.807971287150112571e-02,7.502811840437054181e-02,7.546045632742705289e-02,6.018094206572710547e-02,4.695116729830516034e-02,5.916455610148843580e-02,4.700622227540622589e-02,6.370005439291422100e-02,3.641460584100270070e-02,4.998734880886273463e-02,5.451576300528497565e-02,5.678151589021246393e-02,3.741539394972030752e-02
5.053411722399049344e-01,1.000000000000000000e+00,5.477596398572391889e-01,6.571278218182609043e-01,5.522015332919451014e-01,2.836418926449025824e-01,2.169981040645500292e-01,1.417309216857747245e-01,1.956980459706799402e-01,1.047536226150514865e-01,1.210952224215487427e-01,1.484877393764970632e-01,8.291062428496148717e-02,8.797698129107189846e-02,1.079958100426967604e-01,7.941466973704741639e-02,5.755165187925134068e-02,8.031202271520848646e-02,7.412143647429435267e-02,4.383468302482350365e-02,3.000109721514029881e-02,4.639251403519873557e-02,2.336318616211341403e-02,1.907662259666948953e-02,2.891472582939240768e-02,2.824558093786786253e-02,2.934941027969886415e-02,2.180672944848792427e-02,5.903181377348386966e-02,2.881809860629374817e-02,4.747030031083163820e-02,4.071060590409444901e-02,4.988362938784982048e-02,1.723095322773514348e-02
4.710391486148132190e-01,5.477596398572391889e-01,1.000000000000000000e+00,5.295948110492854077e-01,6.093750237131337899e-01,4.040785234320866115e-01,3.209154393581511444e-01,2.292189546600260641e-01,2.655625005710655073e-01,1.741469205890449623e-01,1.726090717476297942e-01,2.095577110423313405e-01,1.306153060433175861e-01,1.228521254956250613e-01,1.553098531352168632e-01,1.373043143064048566e-01,9.065982183839148278e-02,1.103453165933088315e-01,1.197972514710193143e-01,7.221573588319195325e-02,4.897841243513056941e-02,7.587805989037109400e-02,5.162945580061407275e-02,3.479547356288522492e-02,1.799694305172060138e-02,3.859238942423143942e-02,1.321375981104901814e-02,1.882603983514818252e-02,7.616665748615681492e-03,1.999189015576072724e-03,3.611789466042492069e-02,2.787943802396711246e-02,3.259208893332748297e-02,3.362700432512232690e-02
5.658766861077147992e-01,6.571278218182609043e-01,5.295948110492854077e-01,1.000000000000000000e+00,5.402777335512058965e-01,5.613313848012123630e-01,3.727265201624166968e-01,2.099209101038888581e-01,3.305888100649469474e-01,1.758698831812977592e-01,1.740692217257099050e-01,2.422307038033043591e-01,1.251557663402017295e-01,1.337996070309717955e-01,1.964787865484366458e-01,1.165113777360305691e-01,1.104557720162554213e-01,1.550884685534118790e-01,1.137805778198048706e-01,9.413717299680278427e-02,1.055974522774125318e-01,1.061922935428166181e-01,7.493489114352616665e-02,9.123529407827575544e-02,7.148970555497563550e-02,7.233656309451524935e-02,8.057135323461298015e-02,5.844107021889437259e-02,8.948968337264560924e-02,4.900550781432833763e-02,6.649595811265539280e-02,6.764233428660891556e-02,7.367315771512293610e-02,3.926303562226104993e-02
3.414757572249343398e-01,5.522015332919451014e-01,6.093750237131337899e-01,5.402777335512058965e-01,1.000000000000000000e+00,3.589528905618780685e-01,3.790323923108042670e-01,2.912018629304698458e-01,3.052243293640345412e-01,2.512535044814191987e-01,1.877148441812333257e-01,2.538528968119285745e-01,1.657093227155994331e-01,1.336383509561637761e-01,2.004256170837091788e-01,1.691551368081916362e-01,1.159762223680628340e-01,1.598431673904042172e-01,1.582274317503322425e-01,9.868697203283353925e-02,8.344081783408015263e-02,9.953850808795455807e-02,7.291552577203633256e-02,4.580680038211205896e-02,1.305080982441855081e-02,2.687963874934440681e-02,3.941346968216263846e-02,1.914510434775207326e-02,5.489182310787728974e-02,2.932314275333816264e-02,5.800545304391983154e-02,2.760196744591783546e-02,4.310657376877845975e-02,1.862869126838147954e-02
3.707684885224890037e-01,2.836418926449025824e-01,4.040785234320866115e-01,5.613313848012123630e-01,3.589528905618780685e-01,1.000000000000000000e+00,4.765345412129457503e-01,4.409289771258583235e-01,4.996624976389540951e-01,2.801075257858958723e-01,3.997577285017917537e-01,3.622907370094421986e-01,2.136550863358033792e-01,2.885162176095223407e-01,3.003035180191696574e-01,2.234833252143914872e-01,2.426764197729041339e-01,2.413826141683761972e-01,2.145060146731936346e-01,1.959209546238326050e-01,1.734445849865576816e-01,1.970059378217976775e-01,1.703997807214737148e-01,1.123207706267836392e-01,5.255771409139010225e-02,4.337828268494036549e-02,7.879041843163483994e-02,3.998784390234725455e-02,5.631027239087987857e-02,3.044486830875600680e-02,3.596007538951632998e-02,5.348365652016382615e-02,4.321189943171863806e-02,2.960620735508434978e-02
2.655178803896138251e-01,2.169981040645500292e-01,3.209154393581511444e-01,3.727265201624166968e-01,3.790323923108042670e-01,4.765345412129457503e-01,1.000000000000000000e+00,5.369889139547318058e-01,6.834230959557301421e-01,5.626225850649724247e-01,3.432581128211598664e-01,5.039078889477721646e-01,3.194083155664921847e-01,3.089135950567448718e-01,3.893363134987163354e-01,3.143271540318476331e-01,2.852610175134078774e-01,3.196445689751749031e-01,3.005236398996770641e-01,2.276435675219247168e-01,2.441105220712906643e-01,2.521883560808929614e-01,2.175262005060441262e-01,1.739143171736521054e-01,4.627473532299172798e-02,6.195306634059506712e-02,1.207129990526372293e-01,4.358043918808369999e-02,8.850021344646728794e-02,6.525809012472878756e-02,6.398020769002490948e-02,4.299611511139256326e-02,5.367660588210346195e-02,2.399181779343963206e-02
2.031771550323503428e-01,1.417309216857747245e-01,2.292189546600260641e-01,2.099209101038888581e-01,2.912018629304698458e-01,4.409289771258583235e-01,5.369889139547318058e-01,1.000000000000000000e+00,5.850503787511596165e-01,6.469926103329234346e-01,6.897338551537789408e-01,4.555851764583199182e-01,3.811782034125865137e-01,4.915113306330197718e-01,3.612825938107627199e-01,3.488822478548772033e-01,4.164091847418152081e-01,2.840326789665011398e-01,3.295021038970177840e-01,3.352620843865647404e-01,2.052078828285157919e-01,2.550977099428852202e-01,2.804574729650634035e-01,7.525084455967125108e-02,-5.943330582895673710e-03,-2.100672852009977803e-02,7.322744260302002650e-02,9.889563619383858958e-03,5.265024125903768060e-02,4.469710655649545422e-02,2.140663528888086045e-02,3.684688743738624012e-02,4.431334008826066928e-02,-4.150178800359910318e-03
2.492972570344694494e-01,1.956980459706799402e-01,2.655625005710655073e-01,3.305888100649469474e-01,3.052243293640345412e-01,4.996624976389540951e-01,6.834230959557301421e-01,5.850503787511596165e-01,1.000000000000000000e+00,4.934022644503836541e-01,5.457267170376823850e-01,6.432932628950955856e-01,2.432357784343127383e-01,4.184410839521961467e-01,4.609893556376818413e-01,2.713203693115145421e-01,3.761327323988990501e-01,3.743529875509168936e-01,2.755549702658630085e-01,3.124389371735825094e-01,2.902328302779342284e-01,2.386095165578789867e-01,2.852756493068801524e-01,1.782583216397256309e-01,7.640109192309343933e-02,3.769009434067413511e-02,1.383518617486799440e-01,4.857655479265817616e-02,9.509961644886523457e-02,5.880789491879172270e-02,5.539155238779123330e-02,4.050252553642547104e-02,5.104438305278816840e-02,1.647128476124673155e-02
1.488761982645580295e-01,1.047536226150514865e-01,1.741469205890449623e-01,1.758698831812977592e-01,2.512535044814191987e-01,2.801075257858958723e-01,5.626225850649724247e-01,6.469926103329234346e-01,4.934022644503836541e-01,1.000000000000000000e+00,4.354459104032528116e-01,4.210166574809713902e-01,4.572656018145389023e-01,3.378269940434246443e-01,3.253637515895385079e-01,3.798774236751911726e-01,3.071703568473044266e-01,2.500612867277189899e-01,3.286162055755668110e-01,2.532764422885922517e-01,1.826921710078798222e-01,2.613916595362205664e-01,2.177561792652186468e-01,9.246356898055589635e-02,-2.374819017530076931e-02,-2.541501407616981231e-03,6.681107855305944143e-02,1.788308984910314328e-02,5.528698637391610965e-02,6.253128524822891554e-02,3.046611068126294647e-02,3.256068617390919101e-02,4.751580230804247629e-02,-2.173087212632555856e-03
1.781433568806276846e-01,1.210952224215487427e-01,1.726090717476297942e-01,1.740692217257099050e-01,1.877148441812333257e-01,3.997577285017917537e-01,3.432581128211598664e-01,6.897338551537789408e-01,5.457267170376823850e-01,4.354459104032528116e-01,1.000000000000000000e+00,4.761877004541218983e-01,3.763203344994901500e-01,6.490205190132175561e-01,3.818807604245244014e-01,3.785988934298825659e-01,5.212811041437582782e-01,2.937928059115805235e-01,3.487836730501785443e-01,4.062066505429359209e-01,2.350070149539134068e-01,2.483782368837825494e-01,3.340207057016403303e-01,7.605265678853616318e-02,-1.583534823781426653e-05,-4.316113410305797565e-02,8.534445852782650277e-02,8.005880291532763149e-03,6.736993971043919727e-02,5.522865252097103328e-02,2.661501145596840978e-02,5.394963669771681014e-02,5.011114798622773314e-02,-5.909848304926287009e-03
1.847760244091751214e-01,1.484877393764970632e-01,2.095577110423313405e-01,2.422307038033043591e-01,2.538528968119285745e-01,3.622907370094421986e-01,5.039078889477721646e-01,4.555851764583199182e-01,6.432932628950955856e-01,4.210166574809713902e-01,4.761877004541218983e-01,1.000000000000000000e+00,4.638855374491781536e-01,4.044064885591640568e-01,6.869290331806692240e-01,3.949195321243692547e-01,3.839941688232109129e-01,5.464612570186427876e-01,3.790005354726307951e-01,3.158667397627643036e-01,3.637246732429775808e-01,2.788586965009146046e-01,3.156947525735946947e-01,2.256149379098655594e-01,9.924922199573558979e-02,4.217002167696660281e-02,1.637351982945317863e-01,5.302578276059231183e-02,1.068455024982499085e-01,7.591515792046676925e-02,4.437584547330464257e-02,5.316571355071163241e-02,7.188586733223820135e-02,2.114303164982919009e-02
1.204105640135011146e-01,8.291062428496148717e-02,1.306153060433175861e-01,1.251557663402017295e-01,1.657093227155994331e-01,2.136550863358033792e-01,3.194083155664921847e-01,3.811782034125865137e-01,2.432357784343127383e-01,4.572656018145389023e-01,3.763203344994901500e-01,4.638855374491781536e-01,1.000000000000000000e+00,5.115927547548904109e-01,4.925983590431763370e-01,7.379975482068940051e-01,4.290742692459905139e-01,3.653964665219803232e-01,5.958342294894013458e-01,3.265881240426984911e-01,2.755126413320381218e-01,3.945927176649577928e-01,2.819228164889078236e-01,1.795775130095263739e-01,-1.681266719757093520e-02,1.098193012555300115e-02,1.090478723251562254e-01,4.422960469394723176e-02,8.627626735541465974e-02,8.542389472440234388e-02,3.901813210562357637e-02,6.029599525357232787e-02,6.254540862193348760e-02,8.967053528521824399e-03
1.272269075478410782e-01,8.797698129107189846e-02,1.228521254956250613e-01,1.337996070309717955e-01,1.336383509561637761e-01,2.885162176095223407e-01,3.089135950567448718e-01,4.915113306330197718e-01,4.184410839521961467e-01,3.378269940434246443e-01,6.490205190132175561e-01,4.044064885591640568e-01,5.115927547548904109e-01,1.000000000000000000e+00,5.128291617684834769e-01,4.508716884996561425e-01,7.730754521961297199e-01,4.027899408583895391e-01,4.145992650156731796e-01,6.069964864186897513e-01,3.508554657269116750e-01,3.092584770185894949e-01,4.900075789695444439e-01,1.411450197416163066e-01,4.191480086739911293e-02,-4.559884627877389129e-02,1.442190721004175669e-01,2.750843203843359591e-02,1.031623789897235105e-01,5.777340029096679486e-02,4.854993033736214325e-02,4.975959413629651301e-02,3.984086517714770931e-02,-5.784406180795123413e-03
1.335874016813235754e-01,1.079958100426967604e-01,1.553098531352168632e-01,1.964787865484366458e-01,2.004256170837091788e-01,3.003035180191696574e-01,3.893363134987163354e-01,3.612825938107627199e-01,4.609893556376818413e-01,3.253637515895385079e-01,3.818807604245244014e-01,6.869290331806692240e-01,4.925983590431763370e-01,5.128291617684834769e-01,1.000000000000000000e+00,5.250145187207931885e-01,5.079621825582635308e-01,8.005366071523650762e-01,4.900289155887199155e-01,4.080508658901644270e-01,5.428898378463871133e-01,3.481739613818189971e-01,3.695902975129544688e-01,3.769063293937923165e-01,1.758921754578071928e-01,1.105121472977895064e-01,2.688058778559401785e-01,1.334283718224955617e-01,1.744432716532647032e-01,1.096853802707095094e-01,8.952516316016634335e-02,9.634027768153209659e-02,1.045827360027873493e-01,4.935886732011481731e-02
1.126889884095623878e-01,7.941466973704741639e-02,1.373043143064048566e-01,1.165113777360305691e-01,1.691551368081916362e-01,2.234833252143914872e-01,3.143271540318476331e-01,3.488822478548772033e-01,2.713203693115145421e-01,3.798774236751911726e-01,3.785988934298825659e-01,3.949195321243692547e-01,7.379975482068940051e-01,4.508716884996561425e-01,5.250145187207931885e-01,1.000000000000000000e+00,5.172450059177309267e-01,4.180673180502781916e-01,7.902725338724720938e-01,3.945236318485801918e-01,3.419608473055455455e-01,5.120340531507645565e-01,3.276453534033552661e-01,2.456430614869680451e-01,-2.688967880555526851e-02,4.682514224119359997e-02,1.391060178678998893e-01,6.484836403192499599e-02,1.274489345404631602e-01,1.052587703698426858e-01,7.836062844830993246e-02,8.688651455823487302e-02,9.269210810298325609e-02,5.717454936055278714e-02
1.025621461371195864e-01,5.755165187925134068e-02,9.065982183839148278e-02,1.104557720162554213e-01,1.159762223680628340e-01,2.426764197729041339e-01,2.852610175134078774e-01,4.164091847418152081e-01,3.761327323988990501e-01,3.071703568473044266e-01,5.212811041437582782e-01,3.839941688232109129e-01,4.290742692459905139e-01,7.730754521961297199e-01,5.079621825582635308e-01,5.172450059177309267e-01,1.000000000000000000e+00,5.054188561591752560e-01,5.064493256291120460e-01,7.799019694961398796e-01,4.553214507203440231e-01,4.021188350047090743e-01,6.273262639778440786e-01,1.803327297691695030e-01,4.583245291852416220e-02,-7.309912005479020369e-02,1.585611329782359302e-01,1.471764241281231511e-02,1.184201036136421220e-01,5.914479300875527534e-02,7.219288155382237726e-02,5.906122474130778843e-02,5.645580905585231846e-02,1.933075447096984506e-02
1.014006646277907098e-01,8.031202271520848646e-02,1.103453165933088315e-01,1.550884685534118790e-01,1.598431673904042172e-01,2.413826141683761972e-01,3.196445689751749031e-01,2.840326789665011398e-01,3.743529875509168936e-01,2.500612867277189899e-01,2.937928059115805235e-01,5.464612570186427876e-01,3.653964665219803232e-01,4.027899408583895391e-01,8.005366071523650762e-01,4.180673180502781916e-01,5.054188561591752560e-01,1.000000000000000000e+00,5.164199458552496402e-01,4.267785491289601274e-01,6.706544314088296321e-01,3.791701193463987152e-01,3.887049952053788227e-01,4.879122627865006834e-01,2.596138819441238810e-01,1.621300148951617393e-01,3.467318143074646919e-01,1.899761987628235116e-01,2.084072230054802299e-01,1.198837190541585385e-01,9.188095054406641982e-02,1.226209491633354770e-01,1.200264075629717958e-01,7.232975576079393731e-02
1.027511718115432932e-01,7.412143647429435267e-02,1.197972514710193143e-01,1.137805778198048706e-01,1.582274317503322425e-01,2.145060146731936346e-01,3.005236398996770641e-01,3.295021038970177840e-01,2.755549702658630085e-01,3.286162055755668110e-01,3.487836730501785443e-01,3.790005354726307951e-01,5.958342294894013458e-01,4.145992650156731796e-01,4.900289155887199155e-01,7.902725338724720938e-01,5.064493256291120460e-01,5.164199458552496402e-01,1.000000000000000000e+00,4.809906099889058040e-01,4.372163137017662793e-01,6.502792040811427032e-01,4.026578139708042459e-01,3.286290003087869449e-01,2.283736472927163329e-03,7.713470230862537469e-02,1.943848739966619887e-01,8.258642311173404471e-02,1.630673757094616982e-01,1.262892985116380318e-01,9.365187771485694590e-02,1.179098582312078508e-01,1.215465227082924010e-01,7.323147124965956323e-02
8.958928117770158239e-02,4.383468302482350365e-02,7.221573588319195325e-02,9.413717299680278427e-02,9.868697203283353925e-02,1.959209546238326050e-01,2.276435675219247168e-01,3.352620843865647404e-01,3.124389371735825094e-01,2.532764422885922517e-01,4.062066505429359209e-01,3.158667397627643036e-01,3.265881240426984911e-01,6.069964864186897513e-01,4.080508658901644270e-01,3.945236318485801918e-01,7.799019694961398796e-01,4.267785491289601274e-01,4.809906099889058040e-01,1.000000000000000000e+00,5.121026321239742218e-01,4.465741793780176883e-01,7.745324418688537271e-01,1.522526260722178448e-01,2.754557490396020852e-02,-1.116106345378304887e-01,1.370502262573076169e-01,-2.075695524820493978e-02,9.821504279961539019e-02,2.458561011434388932e-02,5.671093103950900632e-02,2.602384543644777753e-02,2.206054897235058126e-02,3.808643169639855559e-03
1.026849764292342426e-01,3.000109721514029881e-02,4.897841243513056941e-02,1.055974522774125318e-01,8.344081783408015263e-02,1.734445849865576816e-01,2.441105220712906643e-01,2.052078828285157919e-01,2.902328302779342284e-01,1.826921710078798222e-01,2.350070149539134068e-01,3.637246732429775808e-01,2.755126413320381218e-01,3.508554657269116750e-01,5.428898378463871133e-01,3.419608473055455455e-01,4.553214507203440231e-01,6.706544314088296321e-01,4.372163137017662793e-01,5.121026321239742218e-01,1.000000000000000000e+00,5.272116519713965221e-01,5.005651023434997127e-01,7.322876939942514207e-01,3.780483224768031447e-01,2.592314195150513534e-01,4.820689923579266067e-01,2.716391075283988155e-01,3.176791677846233508e-01,1.808773396913717912e-01,1.602099530750055179e-01,1.868024127343833052e-01,1.575460506150117290e-01,1.140523519416848236e-01
8.807971287150112571e-02,4.639251403519873557e-02,7.587805989037109400e-02,1.061922935428166181e-01,9.953850808795455807e-02,1.970059378217976775e-01,2.521883560808929614e-01,2.550977099428852202e-01,2.386095165578789867e-01,2.613916595362205664e-01,2.483782368837825494e-01,2.788586965009146046e-01,3.945927176649577928e-01,3.092584770185894949e-01,3.481739613818189971e-01,5.120340531507645565e-01,4.021188350047090743e-01,3.791701193463987152e-01,6.502792040811427032e-01,4.465741793780176883e-01,5.272116519713965221e-01,1.000000000000000000e+00,5.114409625182473329e-01,4.494331869218781139e-01,-4.484714494606682755e-02,7.413972116267762702e-02,2.120464151958001142e-01,5.425969741991906042e-02,1.813054139244045515e-01,1.468549067951950560e-01,9.795922536175381834e-02,1.291351452438058989e-01,1.180589987663497875e-01,7.281531239471332462e-02
7.502811840437054181e-02,2.336318616211341403e-02,5.162945580061407275e-02,7.493489114352616665e-02,7.291552577203633256e-02,1.703997807214737148e-01,2.175262005060441262e-01,2.804574729650634035e-01,2.852756493068801524e-01,2.177561792652186468e-01,3.340207057016403303e-01,3.156947525735946947e-01,2.819228164889078236e-01,4.900075789695444439e-01,3.695902975129544688e-01,3.276453534033552661e-01,6.273262639778440786e-01,3.887049952053788227e-01,4.026578139708042459e-01,7.745324418688537271e-01,5.005651023434997127e-01,5.114409625182473329e-01,1.000000000000000000e+00,1.840128207947918371e-01,7.628553551156974644e-02,-1.090153955168993716e-01,1.831827145345744923e-01,-1.359475046636619312e-02,1.363110256628133621e-01,3.714975415085911004e-02,7.141648694802987807e-02,3.818812114949485942e-02,3.665410297177271876e-02,1.933537397763370608e-02
7.546045632742705289e-02,1.907662259666948953e-02,3.479547356288522492e-02,9.123529407827575544e-02,4.580680038211205896e-02,1.123207706267836392e-01,1.739143171736521054e-01,7.525084455967125108e-02,1.782583216397256309e-01,9.246356898055589635e-02,7.605265678853616318e-02,2.256149379098655594e-01,1.795775130095263739e-01,1.411450197416163066e-01,3.769063293937923165e-01,2.456430614869680451e-01,1.803327297691695030e-01,4.879122627865006834e-01,3.286290003087869449e-01,1.522526260722178448e-01,7.322876939942514207e-01,4.494331869218781139e-01,1.840128207947918371e-01,1.000000000000000000e+00,5.117013855480130324e-01,5.297377890929594324e-01,5.688327240508138649e-01,4.157870752188930763e-01,3.568831083534458881e-01,2.470209150428943623e-01,1.726837084822374080e-01,2.567132542826270347e-01,2.010726547366296357e-01,1.487369082798107034e-01
6.018094206572710547e-02,2.891472582939240768e-02,1.799694305172060138e-02,7.148970555497563550e-02,1.305080982441855081e-02,5.255771409139010225e-02,4.627473532299172798e-02,-5.943330582895673710e-03,7.640109192309343933e-02,-2.374819017530076931e-02,-1.583534823781426653e-05,9.924922199573558979e-02,-1.681266719757093520e-02,4.191480086739911293e-02,1.758921754578071928e-01,-2.688967880555526851e-02,4.583245291852416220e-02,2.596138819441238810e-01,2.283736472927163329e-03,2.754557490396020852e-02,3.780483224768031447e-01,-4.484714494606682755e-02,7.628553551156974644e-02,5.117013855480130324e-01,1.000000000000000000e+00,5.396614576852201139e-01,6.429029284873812866e-01,5.222237028557829008e-01,2.991304843770880018e-01,1.811875182387777394e-01,1.132450276758872748e-01,2.262100266542763916e-01,1.745403678825432903e-01,1.422577744699823898e-01
4.695116729830516034e-02,2.824558093786786253e-02,3.859238942423143942e-02,7.233656309451524935e-02,2.687963874934440681e-02,4.337828268494036549e-02,6.195306634059506712e-02,-2.100672852009977803e-02,3.769009434067413511e-02,-2.541501407616981231e-03,-4.316113410305797565e-02,4.217002167696660281e-02,1.098193012555300115e-02,-4.559884627877389129e-02,1.105121472977895064e-01,4.682514224119359997e-02,-7.309912005479020369e-02,1.621300148951617393e-01,7.713470230862537469e-02,-1.116106345378304887e-01,2.592314195150513534e-01,7.413972116267762702e-02,-1.090153955168993716e-01,5.297377890929594324e-01,5.396614576852201139e-01,1.000000000000000000e+00,4.922866605825924058e-01,5.641946468840115525e-01,3.187656502727515551e-01,2.933305577347835591e-01,1.646720113542700092e-01,2.756745988211743992e-01,1.950847448907533088e-01,1.427051917041778362e-01
5.916455610148843580e-02,2.934941027969886415e-02,1.321375981104901814e-02,8.057135323461298015e-02,3.941346968216263846e-02,7.879041843163483994e-02,1.207129990526372293e-01,7.322744260302002650e-02,1.383518617486799440e-01,6.681107855305944143e-02,8.534445852782650277e-02,1.637351982945317863e-01,1.090478723251562254e-01,1.442190721004175669e-01,2.688058778559401785e-01,1.391060178678998893e-01,1.585611329782359302e-01,3.467318143074646919e-01,1.943848739966619887e-01,1.370502262573076169e-01,4.820689923579266067e-01,2.120464151958001142e-01,1.831827145345744923e-01,5.688327240508138649e-01,6.429029284873812866e-01,4.922866605825924058e-01,1.000000000000000000e+00,5.668556374976424506e-01,6.180007502787417950e-01,4.355576027496170788e-01,2.844591736689550676e-01,4.404583571732652025e-01,3.186812851088354215e-01,2.184952407294151744e-01
4.700622227540622589e-02,2.180672944848792427e-02,1.882603983514818252e-02,5.844107021889437259e-02,1.914510434775207326e-02,3.998784390234725455e-02,4.358043918808369999e-02,9.889563619383858958e-03,4.857655479265817616e-02,1.788308984910314328e-02,8.005880291532763149e-03,5.302578276059231183e-02,4.422960469394723176e-02,2.750843203843359591e-02,1.334283718224955617e-01,6.484836403192499599e-02,1.471764241281231511e-02,1.899761987628235116e-01,8.258642311173404471e-02,-2.075695524820493978e-02,2.716391075283988155e-01,5.425969741991906042e-02,-1.359475046636619312e-02,4.157870752188930763e-01,5.222237028557829008e-01,5.641946468840115525e-01,5.668556374976424506e-01,1.000000000000000000e+00,3.552378628936447846e-01,3.853952940221612167e-01,2.578011303421245404e-01,3.202224520761157711e-01,2.611477951983887102e-01,1.756526402838048950e-01
6.370005439291422100e-02,5.903181377348386966e-02,7.616665748615681492e-03,8.948968337264560924e-02,5.489182310787728974e-02,5.631027239087987857e-02,8.850021344646728794e-02,5.265024125903768060e-02,9.509961644886523457e-02,5.528698637391610965e-02,6.736993971043919727e-02,1.068455024982499085e-01,8.627626735541465974e-02,1.031623789897235105e-01,1.744432716532647032e-01,1.274489345404631602e-01,1.184201036136421220e-01,2.084072230054802299e-01,1.630673757094616982e-01,9.821504279961539019e-02,3.176791677846233508e-01,1.813054139244045515e-01,1.363110256628133621e-01,3.568831083534458881e-01,2.991304843770880018e-01,3.187656502727515551e-01,6.180007502787417950e-01,3.552378628936447846e-01,1.000000000000000000e+00,5.369225927799334830e-01,5.489100780705488125e-01,5.535750498745399817e-01,4.137517655960432084e-01,3.261701117903622604e-01
3.641460584100270070e-02,2.881809860629374817e-02,1.999189015576072724e-03,4.900550781432833763e-02,2.932314275333816264e-02,3.044486830875600680e-02,6.525809012472878756e-02,4.469710655649545422e-02,5.880789491879172270e-02,6.253128524822891554e-02,5.522865252097103328e-02,7.591515792046676925e-02,8.542389472440234388e-02,5.777340029096679486e-02,1.096853802707095094e-01,1.052587703698426858e-01,5.914479300875527534e-02,1.198837190541585385e-01,1.262892985116380318e-01,2.458561011434388932e-02,1.808773396913717912e-01,1.468549067951950560e-01,3.714975415085911004e-02,2.470209150428943623e-01,1.811875182387777394e-01,2.933305577347835591e-01,4.355576027496170788e-01,3.853952940221612167e-01,5.369225927799334830e-01,1.000000000000000000e+00,5.364402390141101984e-01,6.090482158761015841e-01,5.500184593038695002e-01,2.660185976781030970e-01
4.998734880886273463e-02,4.747030031083163820e-02,3.611789466042492069e-02,6.649595811265539280e-02,5.800545304391983154e-02,3.596007538951632998e-02,6.398020769002490948e-02,2.140663528888086045e-02,5.539155238779123330e-02,3.046611068126294647e-02,2.661501145596840978e-02,4.437584547330464257e-02,3.901813210562357637e-02,4.854993033736214325e-02,8.952516316016634335e-02,7.836062844830993246e-02,7.219288155382237726e-02,9.188095054406641982e-02,9.365187771485694590e-02,5.671093103950900632e-02,1.602099530750055179e-01,9.795922536175381834e-02,7.141648694802987807e-02,1.726837084822374080e-01,1.132450276758872748e-01,1.646720113542700092e-01,2.844591736689550676e-01,2.578011303421245404e-01,5.489100780705488125e-01,5.364402390141101984e-01,1.000000000000000000e+00,4.907292979463676597e-01,5.594496454267992025e-01,5.180056808584015959e-01
5.451576300528497565e-02,4.071060590409444901e-02,2.787943802396711246e-02,6.764233428660891556e-02,2.760196744591783546e-02,5.348365652016382615e-02,4.299611511139256326e-02,3.684688743738624012e-02,4.050252553642547104e-02,3.256068617390919101e-02,5.394963669771681014e-02,5.316571355071163241e-02,6.029599525357232787e-02,4.975959413629651301e-02,9.634027768153209659e-02,8.688651455823487302e-02,5.906122474130778843e-02,1.226209491633354770e-01,1.179098582312078508e-01,2.602384543644777753e-02,1.868024127343833052e-01,1.291351452438058989e-01,3.818812114949485942e-02,2.567132542826270347e-01,2.262100266542763916e-01,2.756745988211743992e-01,4.404583571732652025e-01,3.202224520761157711e-01,5.535750498745399817e-01,6.090482158761015841e-01,4.907292979463676597e-01,1.000000000000000000e+00,5.561028243664567494e-01,3.755196916083346492e-01
5.678151589021246393e-02,4.988362938784982048e-02,3.259208893332748297e-02,7.367315771512293610e-02,4.310657376877845975e-02,4.321189943171863806e-02,5.367660588210346195e-02,4.431334008826066928e-02,5.104438305278816840e-02,4.751580230804247629e-02,5.011114798622773314e-02,7.188586733223820135e-02,6.254540862193348760e-02,3.984086517714770931e-02,1.045827360027873493e-01,9.269210810298325609e-02,5.645580905585231846e-02,1.200264075629717958e-01,1.215465227082924010e-01,2.206054897235058126e-02,1.575460506150117290e-01,1.180589987663497875e-01,3.665410297177271876e-02,2.010726547366296357e-01,1.745403678825432903e-01,1.950847448907533088e-01,3.186812851088354215e-01,2.611477951983887102e-01,4.137517655960432084e-01,5.500184593038695002e-01,5.594496454267992025e-01,5.561028243664567494e-01,1.000000000000000000e+00,7.129571020380104374e-01
3.741539394972030752e-02,1.723095322773514348e-02,3.362700432512232690e-02,3.926303562226104993e-02,1.862869126838147954e-02,2.960620735508434978e-02,2.399181779343963206e-02,-4.150178800359910318e-03,1.647128476124673155e-02,-2.173087212632555856e-03,-5.909848304926287009e-03,2.114303164982919009e-02,8.967053528521824399e-03,-5.784406180795123413e-03,4.935886732011481731e-02,5.717454936055278714e-02,1.933075447096984506e-02,7.232975576079393731e-02,7.323147124965956323e-02,3.808643169639855559e-03,1.140523519416848236e-01,7.281531239471332462e-02,1.933537397763370608e-02,1.487369082798107034e-01,1.422577744699823898e-01,1.427051917041778362e-01,2.184952407294151744e-01,1.756526402838048950e-01,3.261701117903622604e-01,2.660185976781030970e-01,5.180056808584015959e-01,3.755196916083346492e-01,7.129571020380104374e-01,1.000000000000000000e+00
