1.000000000000000000e+00,2.741660729965407217e-01,-2.296108258844113334e-02,-7.044820948658345183e-02,-9.857668381852015271e-02,-9.697095408256575788e-02,-6.441485813123984383e-02,-6.564542771603068538e-02,-5.365928711865028400e-02,-3.817721092638224484e-02,1.283193221356027222e-03,3.784043788047765453e-03,-1.107761866614946633e-02,4.236438245326057395e-02,2.643503674935063913e-02,-8.562365969290734648e-04,-1.455660368790349761e-02,4.006710926202375345e-03,-3.722725975406524640e-02,1.265217361879819417e-02,4.450647649051663046e-02,4.378831472624156174e-02,1.614977396173604418e-02,3.983347860139532098e-02,-5.036388333302427474e-03,6.125661018769782730e-03,-8.483575662572444970e-03,-3.690154752676578359e-02,-1.432454890233004693e-02,-1.127009090065386569e-02,-2.540666240574262352e-02,-1.602854127117666130e-02,-5.929700285055478776e-03,-2.988602301840072653e-02,-4.999865786137157146e-03,1.599255336594816029e-02,1.212254876289777482e-02,1.553821094122221844e-02,1.321346672242834468e-02,8.382325585770299819e-03,2.324186886170244437e-02,2.690399370929196302e-02,3.053012431425589437e-02,1.642409315938320527e-02,3.142832290732829742e-02,-1.086805559247048776e-03,-1.487358495060854893e-02,-7.278678556347335619e-03,1.587308533765331015e-02,2.615210745213587210e-03,-1.966914092734365488e-03,1.414822973406137073e-02,-4.288270364016287875e-03,-1.276338281569696156e-02,-2.923530843921220979e-02,-1.317801749609217449e-02,-2.729680523162866801e-02,8.128957876899866111e-03,1.812974336073870305e-02,8.908850257204592102e-03,3.130967148582304571e-02,1.998225793480677345e-02,1.983604257662169648e-02,8.619353864247444180e-03,-1.217833144639117937e-03,-4.793084708718705657e-03,-3.506938759859123261e-02,-5.947867095108641360e-03,4.514403285062321136e-03,3.105020524823618247e-02,-4.174450153091650156e-02,3.206670475351026950e-02,-9.670584809240986152e-03,-6.257360630692948393e-03,3.676068938309606099e-02,-1.687282104334100405e-02,4.939867825463684949e-03,3.342120422704206867e-02,1.008500532311269130e-03,2.810477751365979965e-02,-2.813378098119352980e-03,2.007365568687956986e-02,-2.166906914654813388e-02,-3.422433527322641528e-02,-1.307636705668220427e-02,2.028064097843655482e-03,-1.972822308219410528e-02,-2.400590511432436694e-02,-1.601816361717270723e-02,-6.977020566424559610e-03,2.440101468356227141e-02,-8.940819637754925933e-04,-9.125093161883793616e-03,4.104372010255686459e-02,2.310346154606751287e-02,3.403983605782530397e-02,2.872060564296980215e-02,6.373891725763802807e-03,-1.095656101514118873e-02
2.741660729965407217e-01,1.000000000000000000e+00,4.158670212412740042e-01,3.884800221229915418e-01,8.541696098665588210e-02,3.003684075332537784e-01,1.230979416720252989e-01,1.590585970116558945e-01,8.778567657979771677e-02,7.662557166556422696e-03,-4.985722698085792021e-02,-4.152792135306592608e-02,9.685161398110907595e-04,-4.745304669082341109e-02,3.244093292040193394e-02,-1.126610298568831662e-03,-3.814602671812476753e-02,1.094864007362872892e-02,-6.238376965278106395e-02,-1.406092251334317179e-02,-8.724278712620121140e-03,2.533089711079451051e-02,2.499681766333321231e-02,1.733104948696305783e-02,-4.363279965228587798e-02,-2.404820021692548673e-02,-2.235641278667653206e-02,-3.712529404152400958e-02,-3.639617083883532611e-02,8.542819643911181426e-03,-1.329508554529405633e-02,3.666550698243750770e-03,2.873572223278282947e-02,-1.635944528125317723e-02,2.385122263699452835e-02,1.573030214334731822e-02,1.468671143309062746e-02,3.171404480459408953e-02,6.320836844308756405e-03,3.765741976050026446e-02,3.561951424692818419e-02,4.577484912749634621e-02,4.915753384097927559e-02,4.234633065052528789e-02,5.575808013545803521e-02,-1.138591635966197842e-02,-3.116266321840131803e-02,-1.848390236974448196e-03,-9.751667307049825123e-03,-4.028709130078404754e-02,5.678252775712108215e-03,-2.578767108472111973e-03,-3.648015947154726463e-02,-4.585625756869466524e-02,-3.718035318981800091e-02,-4.403046158528481357e-02,-3.772654804485606195e-02,1.893573175397262817e-02,4.223963687238589670e-02,7.946425978321980789e-06,2.616692088226965640e-02,-3.924527249296223992e-03,-2.424414041618726603e-02,-4.437188184927839257e-02,-4.927878598052375797e-02,-5.625983141522484382e-02,-4.650232703823834607e-02,-3.094288688617567035e-02,-1.277943921459823856e-02,-2.436045943131043279e-02,-3.001188600594644276e-02,-1.220002056360394022e-02,-3.708204351764139706e-02,-1.007663320300968002e-02,8.669597405863932113e-03,-1.389471948513659912e-02,1.903910479139558562e-02,2.014314571778965876e-02,1.388298692287862415e-02,3.527929345085804858e-02,1.381153493571299871e-02,1.157897982245396570e-02,6.923119953439464680e-03,-5.074608350184519820e-03,-1.068451902726147082e-02,3.297549757542664328e-02,-1.394972834803056075e-02,-2.256960861156124057e-02,-1.885349524423290957e-02,7.179851006397957799e-03,2.511619461851896315e-02,1.681552890953505117e-02,-1.155047427194014209e-02,1.065326021184782694e-02,-6.534357811119735800e-03,9.401402266077201614e-03,-8.272104138216346964e-03,-4.297843070838913704e-02,-3.538077461425443576e-02
-2.296108258844113334e-02,4.158670212412740042e-01,1.000000000000000000e+00,8.006329159345371149e-01,7.714676170732948091e-02,4.982816688644654546e-01,1.597163523504797344e-01,2.621737895381131001e-01,1.663384925678512982e-01,5.893504645542737425e-02,-1.436137034851011317e-02,3.326394372974565000e-02,2.586184889077990448e-02,-1.790703168100825360e-02,9.618663905478821996e-02,5.264795888197962292e-03,-6.414528917620889066e-03,1.396886911456557759e-03,-4.219357540578196758e-02,2.400336946521186912e-02,2.896393285701477638e-02,4.168388696766803236e-02,-1.458396681839526504e-02,3.509069858647471778e-03,-7.462412505445339961e-02,-3.903229511260824375e-02,-2.927340123102465871e-02,-4.472573591499242468e-02,-6.358869934780596311e-02,3.208245403416228568e-03,-3.442206387354401070e-02,-2.477142295151464613e-02,4.315222173519842226e-03,-1.425573381842530629e-02,9.061324987788931321e-03,1.636980138002133711e-02,8.182512242023539523e-03,7.825334472840981409e-03,1.356687717373493765e-02,5.416057187823859059e-03,1.153989102226684119e-02,4.072452918035054936e-03,-7.274447425568359923e-03,1.275681166995635239e-02,1.506802776012822719e-02,-1.097001796477716472e-03,-4.231932732939495956e-02,-5.008499410526462414e-02,-5.010590232974233144e-02,-6.282462780510046640e-02,-2.192832120760002806e-02,-3.224334251539361790e-02,-5.761507667094242086e-02,-9.659925577892025661e-02,-5.852082659581957225e-02,-7.977975113649682370e-02,-9.218518218735671788e-02,5.329542161280866747e-02,4.847597847412966204e-02,-1.000541008922871400e-02,7.385767282022394353e-02,1.019671602323705788e-02,-2.675282077467933811e-02,-4.905703191864792256e-02,-4.520460674316539862e-02,-4.813362565002096000e-02,-3.051281493585880980e-02,-2.758568186555427834e-02,-6.908257397775581510e-02,-8.816553864666404339e-02,-7.171736855516502862e-02,-7.063447336943111388e-02,-7.414776176488367676e-02,-3.828731892843048601e-02,-3.297856223033106271e-02,-4.893038666243641061e-02,-3.883569662800136213e-02,-3.016437504820196694e-02,-3.879643968768004686e-02,-3.371115393519290987e-02,-1.756170880947790711e-02,-3.811421163455998296e-02,1.417331813295125489e-02,-5.199466670821765134e-03,-3.950950318296407408e-03,5.599138656213883958e-02,7.754873123042391181e-03,8.969951759068091682e-03,1.636306223746607919e-02,3.720265367117389643e-02,4.318336808937676269e-02,6.030225065567761111e-02,1.746127779511752118e-02,7.141719787924048768e-02,2.275166766789286227e-02,2.092767567075433377e-02,1.880881902633688152e-02,-7.958091410309947600e-02,-6.343207898243359566e-02
-7.044820948658345183e-02,3.884800221229915418e-01,8.006329159345371149e-01,1.000000000000000000e+00,5.332070704264157968e-02,5.843376541008260538e-01,1.894940284425371269e-01,2.954226911585690063e-01,2.100977564832858802e-01,8.061310911398060497e-02,-1.619243866766306023e-02,3.237276092004000294e-02,1.685132063092603660e-02,-2.530837989510804215e-02,9.826869137489263606e-02,-8.852786988330782958e-04,-1.777280228647888302e-02,-1.012108161060929108e-02,-3.286551161917649483e-02,1.808822566798730380e-02,3.168894623185838921e-02,4.506082002210182874e-02,-2.496201318308786596e-02,2.901407396396893986e-03,-7.869989267341943873e-02,-5.080094688260643199e-02,-2.941594609078693884e-02,-5.894538932230863892e-02,-7.877736024468842690e-02,-4.504559952862264779e-03,-4.266721083929251451e-02,-2.210134510847605593e-02,1.698285951412006802e-03,-1.205033839793527399e-02,1.186834687521029150e-02,2.180628748318530138e-02,1.449623697659324119e-02,2.156621789453543395e-02,1.868522275537225219e-02,1.810935409396178739e-02,2.289117840138583243e-02,2.200690888034554250e-03,-8.938136468145722012e-04,-1.549353096225991643e-03,1.294575179755036790e-02,-1.286076619986015190e-02,-5.768483790436455122e-02,-6.088450248607372994e-02,-6.345190825240697163e-02,-7.294938939494498287e-02,-3.355632093161529939e-02,-4.819925175173850329e-02,-6.324828625792348891e-02,-1.085902892792528773e-01,-6.623804567373298147e-02,-8.000760084865556065e-02,-9.703182583549478657e-02,4.586104013274613228e-02,4.827096866536819547e-02,-1.025385498189361304e-02,6.970864506692296680e-02,1.557287127024225074e-02,-2.837890781169628146e-02,-5.343016675574561308e-02,-4.788897881545300939e-02,-5.344467238769848999e-02,-1.920318928768393121e-02,-3.926561551045228138e-02,-8.331624851608214477e-02,-8.947343902361167001e-02,-7.092719500416050371e-02,-7.701892207725791195e-02,-7.441142588123428325e-02,-4.687045927724124011e-02,-3.846869733205113273e-02,-5.011153814457928318e-02,-4.465188927846206607e-02,-3.059908941104887842e-02,-4.144062528641302701e-02,-3.314411255332735257e-02,-5.539049390572614931e-03,-3.893112171681081812e-02,2.561787945910426120e-02,-1.431918225583742293e-04,1.409279553256212588e-03,6.652816525278142101e-02,7.785129263970099259e-03,1.717375980298455193e-03,1.004556706297814704e-02,5.243709377062004406e-02,4.607613570826068344e-02,4.657694301042302615e-02,1.511096382162267944e-02,7.209366556344982968e-02,2.466257213787078489e-02,2.103025873223349565e-02,1.933263165887336849e-02,-7.164799578519120971e-02,-4.431685648925356991e-02
-9.857668381852015271e-02,8.541696098665588210e-02,7.714676170732948091e-02,5.332070704264157968e-02,1.000000000000000000e+00,3.358223824271249214e-01,2.504090650958353259e-01,1.944213247817122292e-01,2.000050860105616612e-01,5.361810552068001223e-02,5.320991353854069572e-02,9.240049318870569017e-02,4.982535511924168076e-02,7.669611728140211977e-03,4.270306409432061273e-02,-8.798421360473398373e-03,2.369282306891464830e-03,2.812637270642271217e-02,3.237132462142525841e-02,7.323030527731284878e-02,-2.258302001483298085e-02,1.542340462734065332e-02,-7.446992161421253469e-03,1.819842949542179377e-03,-2.241702535339466784e-02,-4.116533485841916695e-02,-4.250014725924517595e-02,-2.347680166473503638e-02,-2.799720176416577166e-02,-3.355739457870843268e-02,-1.059676147636979225e-02,-3.850028502938331737e-02,-4.070678651136535459e-02,-4.965923109828961762e-02,-6.453208372808996729e-02,-6.506371416946533925e-02,-5.019501846784171079e-02,-4.020014631407985151e-02,-5.174474186191143493e-02,-3.895511473181938189e-02,-3.641518295700945881e-04,-1.972387418378532958e-02,-2.977212246810699570e-02,-4.177672930012665126e-02,-2.472762060709175758e-02,-6.535386193482522338e-03,-1.279331561635041643e-02,-1.777068446261590579e-02,-2.891325748484194560e-02,-2.940111337529555981e-03,1.407038629763991818e-03,-2.746004630624886839e-02,-5.305209569277043874e-03,-3.448196575156743660e-02,-2.315325266217533109e-02,-1.978919700937531445e-02,-1.662259321082765195e-02,1.327844646158901978e-02,-3.638853600938282695e-02,-5.123597240038493816e-02,1.783284602978954308e-03,1.764973923366251057e-02,2.556052529216444949e-02,4.506304787754034785e-02,1.957764602243367361e-02,4.541391485236226377e-02,3.388318111920272241e-02,5.690596722311204794e-03,-1.194236139051653434e-02,-6.782579597380927749e-02,-4.050750680869284054e-02,-8.803149313693880984e-02,-1.183813250798935318e-01,-6.462040961298665120e-02,-8.415090308642557415e-02,-6.643363187181783314e-02,-2.387924190582518813e-02,-6.266523069741593288e-02,1.415160124514180159e-03,-2.107434993026787926e-02,4.688551976789455400e-02,4.105375534741750182e-02,2.174207935557819285e-02,1.420929183552028033e-02,1.062515136591541190e-02,1.051068336488199771e-02,4.398711411745873101e-02,5.125683764219218091e-03,2.745124274957424278e-03,-1.361231640128527948e-03,6.718770028815429637e-04,5.270839786991376834e-03,-3.089414081316156895e-03,-1.943698465041415399e-02,-2.282046145607761339e-02,6.695167934107005420e-03,-1.305790650689156451e-02,-2.065660159586708844e-02,-8.270989408662561548e-03
-9.697095408256575788e-02,3.003684075332537784e-01,4.982816688644654546e-01,5.843376541008260538e-01,3.358223824271249214e-01,1.000000000000000000e+00,4.937014795146892898e-01,5.074344623717307323e-01,3.447751551031313921e-01,1.173192830907748424e-01,3.167939950384435210e-02,5.526993552999932141e-02,1.245593345808709319e-02,-4.087462166073960873e-02,3.843699792864163634e-02,-1.740735810887146170e-02,-8.171428345727703435e-02,-1.970667009769506983e-03,-3.482358408897975183e-02,-7.810588910898075103e-03,8.271295271160116619e-03,2.427546279300117626e-02,-8.617704805977849684e-04,-1.224298201985240739e-02,-7.261601444495534297e-02,-7.363339226494876322e-02,-5.646791819306744287e-02,-8.084449716258571006e-02,-1.012156726008397317e-01,-2.831075197672859589e-02,-5.974672910633847811e-02,-6.197558711494337985e-02,-2.421197211015951173e-02,-4.140231828393859531e-02,-1.925994488630054444e-02,-9.381790454522274947e-03,-1.119417345369885623e-02,1.532218123543401672e-02,-3.827966968223151748e-03,3.919062288550182079e-03,2.061537359339699754e-02,-4.559637216024216809e-03,3.740195916413753888e-03,7.420792535560347646e-04,-2.195166901749635510e-02,-5.678580911783312479e-02,-2.828483777994187862e-02,-4.938459562272854569e-02,-1.978055257619818971e-02,-8.648586880142102029e-02,-3.457633344929680885e-02,-3.009841914848141939e-02,-7.632230943225055964e-02,-1.090791559832022251e-01,-8.555999611558448570e-02,-1.012977905263535983e-01,-9.716695853561561902e-02,1.718102014436392877e-02,5.016682533359105578e-02,1.496698746278672318e-02,4.425963348298317390e-02,-6.492674054527079394e-03,-4.928790302135910295e-02,-6.829812155986703104e-02,-5.891193381154134767e-02,-9.206897136559184791e-02,-3.073263353778890941e-02,-3.964055121633809631e-02,-3.373111936676943812e-02,-9.569345399595031998e-02,-7.045880878322090257e-02,-8.726499292500206062e-02,-9.850858477401887303e-02,-4.085182259671362587e-02,-5.008950707489773918e-02,-5.041539264608844995e-02,-1.737825375373144507e-02,-2.282979018057290643e-02,2.548367050320994934e-03,4.977772914870024238e-04,5.296060101081668386e-02,6.225283277207825997e-03,3.030033508395076763e-02,2.129735520262920900e-02,-1.318339550398090441e-02,2.678019104082029339e-02,-2.168905513180087452e-02,-2.767052711556818728e-02,-2.759621761586418878e-02,5.670658620180185627e-02,5.636346442979429938e-02,-4.047264019471260611e-03,2.211920599402722801e-02,6.953136897770123559e-02,4.646992357874212692e-02,2.877122812925392986e-02,4.088641462777806851e-02,-6.174500295980474285e-02,7.204706831788146131e-03
-6.441485813123984383e-02,1.230979416720252989e-01,1.597163523504797344e-01,1.894940284425371269e-01,2.504090650958353259e-01,4.937014795146892898e-01,1.000000000000000000e+00,4.534836907966285358e-01,4.859715925812625459e-01,1.610705850433178099e-01,-2.720137176998807874e-02,8.376985854301145437e-03,-3.059021344893382566e-02,-8.704182379746444598e-02,-4.578384802851574731e-02,-1.033812568944105226e-01,-1.394088310409264675e-01,-7.532899559489683594e-02,-6.432041860829142144e-02,-6.284126873521636569e-02,9.791408971516464207e-03,2.871897446564573853e-02,1.817731680888367077e-02,9.088431070224783567e-03,2.068822127477990339e-02,-3.949098178549744625e-02,-2.691802205747187079e-02,-3.425314306667687214e-02,-7.090353657561861145e-02,-1.247156215707443706e-02,-1.938109612011317678e-02,-3.065256832651856722e-02,-1.464885215306363161e-02,-3.828086078431300332e-02,-2.121132384525413472e-02,-5.186622882847098269e-04,-1.562380014310794886e-03,1.625875175637133199e-02,-1.145664771805069218e-02,-1.423765391490514585e-02,-1.827483587441485272e-02,7.023644583258499552e-03,-2.551782576433554717e-02,-1.696876987785021079e-02,-1.027573777551461266e-02,-1.015285014788442665e-02,2.639982791215729485e-02,-1.002677570138625629e-02,2.420962222238202315e-04,-4.796098741644275881e-02,-2.054006188674071393e-02,3.233777820944595469e-03,-4.143962090121042913e-02,-3.412232930971135364e-02,-3.752688863081447140e-02,-7.479936757999192110e-02,-4.310919800263282586e-02,1.944584228350918279e-02,4.603117036919454619e-02,3.058514081208917393e-02,-8.155374719899837616e-03,-6.770778762996579325e-02,-5.037134762469152455e-02,-5.733876094431190201e-02,-5.334440734915349425e-02,-6.387850990043955623e-02,-4.093197628763365487e-02,-1.544241698363774378e-03,1.260080341198720373e-02,-6.755887954959174935e-02,-4.812036126172412193e-02,-5.595852699122606105e-02,-6.780993803057203118e-02,-9.052129041140860588e-03,-5.646995975376383620e-02,-5.526056783497463459e-02,-7.035506301284668619e-03,-3.322661855228924849e-02,3.459636668072603623e-03,2.358931606994376512e-02,3.455503609867251191e-02,2.980458001321644249e-02,4.886043727236689255e-02,7.788819449357406444e-02,5.655375562538025175e-02,3.149770108478339159e-02,4.083139948122117835e-02,4.107446113112542263e-02,1.512049861976818774e-02,5.363291099021924579e-02,-1.427224310248940801e-02,-3.124092934219688603e-02,1.156546637976460339e-02,9.889548090507025227e-03,2.101533064426844288e-02,-3.529885822184568311e-02,3.430475180478121701e-03,-5.914759263407804585e-02,1.159428587909273368e-02
-6.564542771603068538e-02,1.590585970116558945e-01,2.621737895381131001e-01,2.954226911585690063e-01,1.944213247817122292e-01,5.074344623717307323e-01,4.534836907966285358e-01,1.000000000000000000e+00,3.354091709733930116e-01,1.410022114482908928e-01,6.256271945946050017e-02,7.335810510385473715e-02,1.626763066977444591e-02,-4.158984128903157364e-03,4.621947809209077385e-02,-3.319846287994709932e-02,-7.664470106901825897e-02,-5.067579494593964923e-02,-8.320549733956324190e-02,-1.350129314007595185e-02,-3.413334367050404466e-02,-8.426644461830577748e-03,2.300187712460382769e-02,7.154733031565797645e-03,-2.051606487008297494e-02,-5.808418022794804153e-02,-4.690698073072126217e-02,-6.432625588260830474e-02,-1.204065479187874099e-01,-6.790836139010110462e-02,-7.120163649534239081e-02,-7.357921202100753399e-02,-2.532123729914506280e-02,-5.250101581657254379e-02,-1.256362704270619184e-02,-3.723784907526981464e-03,-3.158857593387170287e-02,1.291796458840141840e-02,-9.685954330890407180e-03,-3.163162611608550528e-02,-6.384667950552254216e-03,-1.892972702919112904e-02,-3.786359389329847086e-02,-9.346026417835478356e-03,-3.290073723862677740e-02,-1.014675125851553610e-03,2.182839786050860473e-02,3.173398078107758993e-03,-2.196506963038674014e-04,-1.654016531949991861e-02,1.739404442683545673e-02,1.058291834654849495e-02,-2.363816323802003100e-02,-6.123944095654819397e-02,-3.301731015242696798e-02,-4.864892460600626217e-02,-5.428319928322079130e-02,4.515763162257031837e-02,3.181287495528592208e-03,-3.636197214546599971e-02,3.657917707976736377e-02,1.485019904616550687e-02,-2.893468732414883685e-03,-4.707377693205547914e-02,-3.930474932453772996e-02,-6.640789966767951524e-02,-5.505643039993000920e-02,-6.515321317363224375e-03,-2.821711929332294810e-02,-6.123196556941385565e-02,-5.484625596119010321e-02,-4.979252816164883577e-02,-5.400590218936621861e-02,-3.397119245517846598e-03,-3.537736886060345587e-02,-3.151213591189361285e-02,5.157041051958500448e-04,-3.414766995761110008e-02,6.711977671996952922e-03,4.279424515324308821e-03,1.456497858343673221e-02,-3.070699334839339587e-02,4.356176239660691264e-03,8.050056231641424670e-03,2.925314594228701874e-03,-3.135163218219813477e-04,-1.015738897705537047e-02,-1.261893406647656736e-02,-9.330853988230738624e-03,2.932848520246495241e-02,3.659366268971503411e-02,2.722842326000050189e-02,2.276747042638688906e-02,3.674192465569246085e-02,-3.395629393180680557e-03,2.302243282899705742e-02,-6.874556199595456790e-05,-5.717124222925573651e-02,-1.733067541023477695e-02
-5.365928711865028400e-02,8.778567657979771677e-02,1.663384925678512982e-01,2.100977564832858802e-01,2.000050860105616612e-01,3.447751551031313921e-01,4.859715925812625459e-01,3.354091709733930116e-01,1.000000000000000000e+00,3.731730554426174185e-01,1.166323307054909775e-01,1.340178534807779653e-01,6.445054138785503983e-02,1.068157463077211849e-01,8.676736684355287887e-02,-2.582716508631335058e-03,-4.366855018247986497e-02,-2.935689959354218989e-02,-8.407004240239833448e-02,-6.715577548999628055e-02,1.120320007966245195e-02,-1.352242494792655833e-02,-1.762085424249726015e-02,-4.761240018829332107e-03,-6.323027246060098673e-03,-6.944189227677030618e-02,-2.057940977459125562e-02,-9.180129966464568858e-02,-1.341358902353288751e-01,-5.484631373249840292e-02,-9.444164094946466692e-02,-5.807040422825062581e-02,-3.803403449303253969e-02,-2.636970929873395236e-02,-1.020669176444117653e-03,-2.139171984213451838e-02,-3.190471599136689845e-02,-3.260830813733990585e-02,-3.031465336547163603e-02,-3.731807808157719397e-02,-2.200710353591005947e-02,2.145184853867204006e-02,-3.411663198124260162e-03,-2.856148326943342211e-02,3.695524697571100220e-02,7.592505755978655804e-03,-3.478576269580480745e-02,-2.581989150169696629e-02,-4.277603404891341943e-02,-4.198874203208820960e-02,-2.613846671008691891e-02,-1.093189238026784707e-02,-2.723967117127536544e-02,-2.412374991774217381e-02,-3.956726193936738883e-02,-4.951745989134134773e-02,-5.135246829018266790e-02,8.895192002345786659e-04,3.775393264575177543e-02,2.646891114632569930e-02,5.115288702553929916e-03,-6.768758100526110766e-02,-3.793042290210257850e-02,-4.580123686705667163e-02,-6.217379237634359374e-02,-3.341613110181681362e-02,-4.780631308296374310e-02,-1.776523383546911583e-02,-2.789705589693567550e-02,-7.864291544663780387e-02,-3.611910519662277219e-02,-6.137099366825533864e-02,-8.307808150829318339e-02,-1.730937059606798417e-02,-4.352751771979606471e-02,-3.534686027596960212e-02,-2.288823886079858518e-03,-3.279424512875734471e-02,-1.099518275489107244e-02,9.314407408715450615e-03,1.347607663832499705e-02,-7.798411090695168491e-04,3.127152471244015741e-02,3.182512094135563074e-02,1.486196624626073479e-02,3.898011045029679128e-02,1.991375584623697806e-02,1.007454570877562051e-02,2.016420447718618447e-02,4.706315538443504171e-02,1.759503055611476297e-02,7.208629061305755863e-03,5.664636711336094865e-03,3.154299256537788920e-02,4.259627976056108711e-02,1.667327229551119477e-02,2.855187159980231149e-02,-5.348198592002478130e-02,-2.553345785153733095e-03
-3.817721092638224484e-02,7.662557166556422696e-03,5.893504645542737425e-02,8.061310911398060497e-02,5.361810552068001223e-02,1.173192830907748424e-01,1.610705850433178099e-01,1.410022114482908928e-01,3.731730554426174185e-01,1.000000000000000000e+00,3.575541153707286202e-01,2.482375523026965347e-01,2.967966253960498957e-01,3.174398619289422463e-01,1.401987392956852985e-01,2.266221786478603561e-01,1.095738357715301120e-01,6.426528383178940762e-02,-1.040531157004931651e-01,-9.781272079464989333e-02,-3.857716465688515277e-03,-6.164593096532666044e-02,-8.357057652141162973e-02,-2.177238488079646234e-02,3.768795549778911069e-02,-5.847269318361419249e-03,2.499379534791643445e-02,-5.185366851722446324e-02,-6.275240941973346531e-02,-1.398333796992305179e-02,-7.369916056823308526e-02,2.139977438493235583e-03,-1.342249049686024091e-02,2.844538828108861966e-02,4.864204269922745016e-02,1.248090955413998400e-02,7.200257590302959129e-03,-6.326915838260269154e-02,2.758776890804040191e-02,-2.405833992350523212e-02,-2.485569287177382541e-02,1.981244829514748965e-02,-2.215819037001893685e-02,-1.327330867153168371e-02,2.318394837185446325e-02,-2.395624334301028543e-02,-2.047568032465416424e-02,4.507437176671315326e-02,-5.408860356997555359e-03,-9.346053921288498614e-03,2.457527420059893442e-02,-2.213261946236954464e-02,-2.496739179019581353e-02,-1.644397335648791272e-02,-6.017805916411773232e-02,-3.055692880241099238e-02,-7.020295460285877476e-02,-9.428927182841407087e-03,3.785457210613176957e-03,4.551690168994488271e-03,2.565266440409969331e-02,-1.955724108138571712e-02,-1.810143059141163663e-02,-6.833440483556536826e-02,-7.129372168220743378e-02,-4.883126340639296070e-02,-8.000328696800738937e-02,-1.404901294693569266e-02,-1.530011755139962931e-02,-7.314452578243241243e-02,-7.035727647965869802e-02,-7.514085776356159430e-02,-8.436109428013834066e-02,-1.234920624097759524e-02,-3.985376093891890292e-02,6.987594748282142595e-03,-6.214786804506027690e-03,-3.545140611073641090e-02,-3.356921839235383481e-02,-8.188590132161690377e-03,-6.823374090502978828e-02,-4.348144815521243906e-02,-5.570114792865368814e-02,-6.408849711277810404e-03,-1.504784157266802862e-02,1.035908301525460297e-02,1.686131827731137886e-02,1.185892836294292737e-03,1.964451865819544923e-02,4.046256102741320471e-02,2.824478302505077469e-03,3.228810006467743021e-02,3.452996183877763553e-02,4.458151674396362146e-02,2.318349536106313266e-02,3.399891667376856580e-02,2.781104349169292653e-02,-5.533410338085994334e-02,-3.750651052215221715e-02
1.283193221356027222e-03,-4.985722698085792021e-02,-1.436137034851011317e-02,-1.619243866766306023e-02,5.320991353854069572e-02,3.167939950384435210e-02,-2.720137176998807874e-02,6.256271945946050017e-02,1.166323307054909775e-01,3.575541153707286202e-01,1.000000000000000000e+00,4.723234167482116552e-01,4.905924657173895698e-01,5.971654457612071143e-01,2.100371000708868841e-01,3.551405283634719301e-01,2.642497536600574293e-01,1.304772637481659281e-01,-3.820346670314184873e-02,-5.654839204507969980e-02,4.651000181718837473e-02,-2.370121079202009567e-02,-1.168242740111406913e-01,-7.270955954048047287e-02,-1.787000327406559896e-02,-5.780775615919656052e-02,-4.959091725810507029e-02,-1.071347387031067466e-01,-8.188189086804735506e-02,-5.880583646286296345e-02,-6.270828314722218244e-02,-5.291528572963948192e-03,-3.476351480007137257e-02,-7.935219492346492381e-05,-5.743736624828576186e-04,-5.514513131899620446e-02,-4.928541980788316013e-02,-9.457033775971059042e-02,-1.531168888436523767e-02,-6.320798141467467990e-02,-1.899237974309644862e-04,-5.744658262207066532e-03,-6.728319696459849827e-03,-2.918995464050529523e-03,-1.117665414809578504e-03,-3.562345989167674601e-03,-2.754746185832573219e-02,1.025678112397239439e-02,-2.132144259676277062e-02,-2.494127768284822716e-02,-1.292719558482989008e-02,-4.395378960109685984e-02,-2.419557874270222148e-02,-2.958969875132481941e-02,-3.629837457633381531e-02,-1.379167535961582473e-02,-5.582695574790923210e-02,7.137821682868957483e-03,-9.238101839219905673e-03,1.047880608619538830e-03,3.408290623184159762e-02,1.845628962676657339e-02,-3.161094567397023606e-03,8.244853215718443012e-03,-1.949263152250023477e-03,-2.872926299488539584e-04,-2.626992724436839552e-02,2.124241352760697019e-02,-1.234603235915112188e-02,-3.678773081874225220e-02,-5.299097892806547277e-02,-2.379848779213901422e-02,-5.512647585711202142e-02,-2.095928655300897947e-02,-8.646127217839997756e-03,3.919583010061588636e-03,-7.799745773444367869e-03,1.198800338431977100e-02,2.817014592316620727e-02,5.702659553901106952e-03,3.225221649160206483e-02,-1.466288642743193531e-02,-4.132012960496448534e-02,-2.511946918821348143e-03,-6.272659902439363389e-02,-1.350296467170237005e-02,-6.249014147673583042e-02,-9.604688841238386010e-02,-7.945787017718144996e-02,-1.320564645738105114e-02,1.495976995465416251e-02,-2.524455824815753646e-02,-2.353541064456272577e-02,4.470736792166384727e-02,8.727402108392288624e-03,4.147183392689705178e-02,2.045202690657621503e-02,-1.232523209656391505e-02,-2.061496099111320701e-02
3.784043788047765453e-03,-4.152792135306592608e-02,3.326394372974565000e-02,3.237276092004000294e-02,9.240049318870569017e-02,5.526993552999932141e-02,8.376985854301145437e-03,7.335810510385473715e-02,1.340178534807779653e-01,2.482375523026965347e-01,4.723234167482116552e-01,1.000000000000000000e+00,4.390505209993673108e-01,4.835157500411277898e-01,4.128474189279441875e-01,2.357264819173302550e-01,2.895771295943288526e-01,1.426976975841836859e-01,3.998732511838152398e-02,1.132374493874711979e-01,9.571463284548439865e-02,2.150906777608505710e-02,-8.876725526211411144e-02,4.247965063362418164e-02,-2.115526677596028457e-02,-7.495414017760702874e-02,-1.077352984234342254e-01,-1.873857919980672360e-01,-1.089460156599637297e-01,-1.741211507241698930e-01,-1.028570529858047061e-01,-5.629415446487780889e-02,-8.440057470044966259e-02,-5.495410130603874121e-02,-3.317624698235634162e-02,-4.815353364639155670e-02,-7.168637864210150590e-02,-6.882332785772433958e-02,-2.832067982832322736e-02,-5.611647663305888156e-02,-1.006752609795546170e-02,-2.117382733735068915e-03,-3.571698813642139314e-02,-1.190931873517011089e-02,2.001334308905405521e-02,4.090963953243050705e-02,-1.585716364220358943e-02,3.380852324764999778e-02,-2.012846395128169499e-02,1.047880837634491448e-03,3.716613508289678958e-02,-2.954604319478333976e-02,-1.192464473053045197e-02,-4.452599092424988463e-03,-5.617787452940016524e-02,7.271796847443053741e-03,-5.672190054811526022e-02,-4.219969345716424736e-02,-1.620475158983684244e-02,1.739916384375422495e-02,1.948256418409497620e-02,-7.829779574011963214e-04,-2.342074680270978676e-02,1.261097144614402830e-02,-2.618681577372463862e-02,-3.112193065935398364e-02,-3.298071317922406098e-02,-5.133391847326563250e-03,-6.091545406495707526e-02,-6.408111905575618328e-02,-4.905517428596871399e-02,-5.762372472426802172e-02,-9.065898441236415473e-02,-4.686902417713709190e-02,-3.591924896732549138e-02,-4.778022924069824824e-03,-3.701762286206016633e-02,4.949383232733281339e-03,1.685282564828141302e-02,-2.730641072580393403e-02,2.115240010893643455e-02,-1.645929058920585566e-02,-4.847419232670244910e-02,-2.085985580050386812e-02,-6.819505815235750446e-02,1.283263519313848286e-02,-3.033638167888202258e-02,-6.543102343849267755e-02,-3.242590625460491788e-02,-3.523009783084819768e-03,6.422187331397358201e-02,4.865373875650073898e-02,1.017605076351612084e-02,4.858923052444553969e-02,5.504381770182915218e-02,8.063821445350725925e-02,6.117875272982502277e-02,1.382731791031863687e-02,-1.153149935459391387e-02
-1.107761866614946633e-02,9.685161398110907595e-04,2.586184889077990448e-02,1.685132063092603660e-02,4.982535511924168076e-02,1.245593345808709319e-02,-3.059021344893382566e-02,1.626763066977444591e-02,6.445054138785503983e-02,2.967966253960498957e-01,4.905924657173895698e-01,4.390505209993673108e-01,1.000000000000000000e+00,4.873412625603186221e-01,3.747904849851592113e-01,5.691064599402375634e-01,3.225505949547564644e-01,3.326738413165095665e-01,-5.324273378885938796e-02,-6.566217057970274995e-02,-7.799660959631238982e-03,-8.514743983987160814e-02,-1.533302419549462114e-01,-5.195611639600962450e-02,9.967968523105365242e-03,3.015994223952299987e-03,-4.714407839028645492e-03,-7.063131758643910463e-02,-5.746054709508760516e-02,-4.019165465663997183e-02,-1.933914896169141445e-02,3.771954077917654552e-02,-3.444542951391628416e-02,3.778229975474663854e-03,7.612754589188488151e-03,-5.238600120348523709e-02,-5.728830992049960963e-02,-1.021700404897263187e-01,-3.717812440168856425e-02,-6.756251041538720303e-02,-6.262324925088726645e-03,-2.269075916576276854e-03,-3.661995851779611261e-02,5.314685716045292919e-03,2.158962439581425027e-03,1.098759708440674721e-02,-9.229355308371460162e-03,6.741585791210812084e-02,2.619817118077049159e-02,-8.515722257688941241e-03,3.370694259685542288e-02,-1.007843508025071770e-02,-3.242258982735587991e-02,-1.700443392864239150e-02,-6.819292709257417096e-02,3.256940328460075813e-03,-7.822018834202529303e-02,-3.056567997707669571e-02,-2.029803881372230570e-02,-4.110346162729937997e-03,5.040565458311797864e-02,3.322077567258796549e-02,-6.190928667203299610e-04,-1.560582782041006374e-02,-7.893179426868039347e-03,-6.226551411000764980e-03,-7.474947582661700674e-02,1.808797065247333066e-02,-2.999478035122779551e-02,-7.153529395922668399e-02,-1.175254423270187115e-01,-6.710839041958709117e-02,-1.231511896881997692e-01,-4.584798945005370829e-02,-4.547717379820757910e-02,-1.864279869016048988e-02,-4.218603261867794746e-02,-1.697370655493643174e-02,-8.150989142911690272e-03,-2.701538293759835410e-02,2.183412910833744738e-02,-3.419201893831028127e-02,-4.588339976090419214e-02,3.935249524325704421e-03,-5.201624495806830839e-02,-4.657729267228205377e-04,-3.193193824939404707e-02,-3.971289456920978206e-02,-1.585385944462627816e-02,3.704959457142306938e-03,1.601998121779976691e-02,2.467115833294749108e-02,5.103983596361971048e-02,5.376193777710226718e-02,3.694979168336032932e-02,8.527438406139996319e-02,5.624141018391817792e-02,-2.462364166191080301e-03,-4.207576875753273049e-02
4.236438245326057395e-02,-4.745304669082341109e-02,-1.790703168100825360e-02,-2.530837989510804215e-02,7.669611728140211977e-03,-4.087462166073960873e-02,-8.704182379746444598e-02,-4.158984128903157364e-03,1.068157463077211849e-01,3.174398619289422463e-01,5.971654457612071143e-01,4.835157500411277898e-01,4.873412625603186221e-01,1.000000000000000000e+00,4.016763785694822397e-01,4.494042853762673650e-01,4.316157238836650367e-01,1.174220616648555676e-01,-1.711932349811854867e-02,6.713507723933809235e-02,1.175343928907059549e-01,1.138293798289376213e-02,-1.644989497889470520e-01,-2.954469847235104835e-02,-3.121994467932588668e-02,-7.523041304584027200e-02,-6.176704363564878425e-02,-1.373905948328358329e-01,-6.743019757995948049e-02,-6.458161884447620460e-02,-3.556947460040705417e-02,2.612337258445550023e-02,-9.195900195438928837e-03,-1.219085359391730398e-02,1.704455312050732335e-02,-8.768283386553755998e-03,-2.284656756542282827e-02,-8.339957919426173316e-02,1.809283871846665073e-02,-7.905975620609323462e-02,-3.957235590598957679e-03,-6.973823235803579441e-03,-2.628187269905367732e-02,-2.328473731433705965e-02,2.272568860570240920e-03,1.353091433331973792e-02,-4.458911602974006960e-02,8.863549965971159045e-03,-1.541351105989526883e-02,-4.966047579939460860e-02,-3.135438456958835468e-02,-5.313600567094684674e-02,-4.893935937469016256e-02,-5.976863383993730183e-02,-4.595521650993557305e-02,-1.399300668956524572e-02,-6.301713359309189799e-02,2.290233554092374873e-04,3.270309930680302679e-02,3.809211409209090071e-02,6.702778314954252470e-02,2.294617810037572966e-02,1.089899447598557253e-05,2.730111233506871127e-02,-1.143038204001343809e-02,-2.167840912554934441e-02,-5.904303248713108077e-02,-1.181460227100344061e-02,-5.970844912744806277e-02,-2.699503304167853376e-02,-6.731197760967655430e-02,-2.419180854495849367e-02,-8.523812300719248516e-03,-3.364633300138329675e-02,-2.580391849464746395e-03,8.178030258529507893e-03,-2.795142724965841291e-02,2.995129971245553621e-02,1.178396365662856028e-02,-6.010617001916484739e-05,3.084648226871098201e-02,-4.398925935002845691e-03,-3.497602750188556764e-02,-4.138695575054732179e-02,-3.886522467058051850e-02,-1.984075908374016359e-02,-7.752822597436785645e-02,-1.056155243772481239e-01,-6.654184794726519803e-02,-6.912489474105851760e-03,5.604925220024187249e-02,5.648934041025100404e-03,-1.756784794291244706e-02,5.360512513217655095e-02,3.866137515825163185e-02,3.671987576949704152e-02,3.609189502222307638e-02,-2.666367849757888056e-02,-3.553253450401015062e-02
2.643503674935063913e-02,3.244093292040193394e-02,9.618663905478821996e-02,9.826869137489263606e-02,4.270306409432061273e-02,3.843699792864163634e-02,-4.578384802851574731e-02,4.621947809209077385e-02,8.676736684355287887e-02,1.401987392956852985e-01,2.100371000708868841e-01,4.128474189279441875e-01,3.747904849851592113e-01,4.016763785694822397e-01,1.000000000000000000e+00,4.066094114069540577e-01,3.697833536901284912e-01,3.653843137062287583e-01,5.362031657948403141e-02,1.224895334792868440e-01,1.129701295301741015e-01,-2.252480219908087680e-02,-1.938412160063644196e-01,-3.210196679246980940e-03,-1.196028645312041949e-01,-1.222824673084849934e-01,-1.188002356385912395e-01,-8.757919456892378218e-02,-1.515870091892355387e-01,-7.481443356269482092e-02,-7.203763574781858747e-02,-1.417341503800980534e-02,1.286081817636507228e-03,-2.756881109561961848e-02,3.902744434308177968e-02,7.583116491625367661e-02,3.227677985232293989e-02,1.474534290500778902e-02,5.445938068225921608e-02,7.077516493185533053e-04,7.095146237823696592e-03,3.159840869416305487e-02,-1.660296164531430488e-02,-6.342573893881817138e-02,5.496618840467182299e-02,4.172635250287780317e-02,-4.277435479763406351e-02,3.997403993781423193e-02,-2.521849909057582648e-02,-5.483975938248750875e-02,1.513059195484965820e-02,-4.275292127680250381e-02,-8.431489527128310790e-02,-7.593770938176580554e-02,-1.120697425298965710e-01,-8.230917271423067449e-02,-9.192239114057226823e-02,-2.041898181162650483e-02,6.897272427177053578e-02,7.192289115459339632e-02,5.399946496011278491e-02,-4.699241675213984386e-03,2.869644180263958982e-02,-2.020937678708677535e-02,-2.472893320778036738e-02,-6.394509261377420706e-02,-7.973246964440129647e-02,-1.028785082455125136e-02,-8.719169411251369295e-02,-3.736578111166330429e-02,-1.152944092137326154e-01,-5.809204549418708896e-02,-8.454704563606627032e-02,-7.113325798821636126e-02,-5.204800464441820124e-02,-4.236852680153018608e-02,-6.489247043439026752e-02,-1.038193938935233571e-03,-5.170744301883471034e-03,-2.840076268204786217e-02,-1.069683522521474445e-02,-3.016654638461183134e-04,9.864939787793088662e-04,1.230536566124728823e-02,1.165979592171495320e-02,3.591093620494337224e-02,-7.059460562701411548e-03,2.589837314473499106e-03,2.538344500119475711e-02,2.614635103098858840e-02,3.055361327540192726e-02,4.669365128304425738e-02,5.087886240080424782e-02,6.182497068216753072e-02,9.522545419555580870e-02,7.837309150771185062e-02,9.286871711232932980e-02,-3.968919175148702405e-02,-5.292679653816383806e-02
