1.000000000000000000e+00,3.320850966721238806e-01,8.814163704669388810e-01,6.687354772030283667e-02,4.828029239420168484e-01,-4.152715034393218985e-01,2.801056500624793943e-01,-1.865022830166547796e-01,-7.117660231641960433e-02,2.671068869512278621e-01,-5.605958619353444972e-01,1.965011260877447263e-01,-1.917784516256046679e-01,3.886311940280395838e-01,-4.076519603797976732e-01,-2.762205398783951771e-01,-2.631487582794793112e-01,6.457353469641859967e-01,-3.177107788605671446e-01,4.299293257646836230e-01,-4.323142991302165172e-01,-7.416058741715664260e-01,-2.807176735060044059e-01,-2.638079561018372710e-01,2.748797369881517821e-02,-7.193197670717484948e-01,-1.851622263495659726e-01,-7.797420592978686615e-01,-2.506402563353932189e-01,-4.007099730510628732e-01,-7.756415036760281462e-03,-3.104969820390260926e-01,-3.752525641200804007e-01,-2.337931457446836836e-01,2.590120302530228846e-01,-4.041481876327371325e-01,-3.792621964728192241e-01,1.889875458790608517e-02,-8.573083396593524919e-01,-2.997249601403003116e-01,-6.755038465125297042e-01,-2.832518741193149753e-02,-5.827825916482149982e-01,-5.794161030696116654e-01,-2.983986774851650203e-01,-7.094032809162919007e-01,-6.798717225396628816e-01,-5.616424105127734157e-01,-5.981662678746044737e-01,-6.645202413840891609e-01,-7.456364927027665512e-01,-5.279605527611419546e-01,-4.120819703513147192e-01,-7.606953404830786303e-01,-6.116900999153104257e-01,-3.761381458325685490e-01,-7.294546456674317891e-01,-4.064264011203631566e-01,-8.022253515610082708e-01,-4.537426442305697027e-01,-5.236948042099871525e-01,-2.921910671043150276e-01,-2.008100210632328686e-01,-3.254279819442795207e-01,-4.192348542360868624e-01,-4.017548023402885971e-01,-5.189045159724014339e-02,1.815009229452288209e-01,-8.268185994842919273e-02,-4.798846585667668752e-01,3.630881366422716305e-01,6.630755015601935698e-01,2.091206511614382146e-01,5.752508590775442521e-01,3.159419944463621177e-01,2.530986852552515876e-01,-1.217363776885875895e-02,-1.428868217468161617e-01
3.320850966721238806e-01,1.000000000000000000e+00,8.659768780576851399e-02,-2.025540067844343317e-01,3.392580865960669878e-01,8.056910613109481700e-02,4.144083822089468794e-01,5.086720602842376149e-01,4.935165153800952220e-02,5.891916765282603219e-01,2.853756150644958800e-01,5.516843750193658469e-01,6.800307510431405911e-01,7.978273011652362579e-01,2.930079669522888119e-01,6.222495923202855383e-01,5.902227029992176410e-01,7.941579387314845473e-01,5.499825574452482657e-01,6.534619044570090240e-01,3.417460021781351664e-01,-1.259682321631800661e-01,-2.510204266195550774e-04,5.031512298618684431e-01,4.176980711410317459e-01,7.410116071185007813e-02,3.013088253614341072e-01,-1.406006467476028921e-01,6.851054764649435747e-01,-1.710277204760814740e-01,5.607100876134221146e-01,-1.457904439720993373e-01,4.682132631577364812e-01,3.543050922931211266e-01,8.764820622535705041e-01,5.142991202933874240e-01,-9.940420131531821357e-02,4.676068507692969778e-01,-9.053136788175267236e-02,6.787611159529172156e-01,-3.959477651048268765e-01,-4.184411875804083247e-01,-7.536922994308099533e-01,-1.062654420817553576e-02,-3.643302892768274237e-01,-2.509367642914486773e-01,-3.802049789091052623e-01,2.174531778234790047e-01,-1.027330228492794257e-03,2.288373919235900389e-01,-3.844252504848093555e-01,4.493361901461737258e-03,-1.714109242480706119e-01,-5.379387712173863134e-01,2.074700711744695975e-02,-2.620710077357412682e-01,-2.607090768593933738e-01,2.756020364611239115e-01,-4.094705448910037071e-01,-3.554389770705879692e-01,-6.620293084167716557e-01,-8.093337631070733895e-01,-6.314583404685247814e-01,-7.101012518203292379e-01,-8.011101612084727819e-01,-6.934891074703141145e-01,-5.255026875374446682e-01,-4.989276698738329130e-01,-7.241942564630522439e-01,-7.385993254683065334e-01,-5.431894234218370698e-01,-1.971997499759540473e-01,-2.536760941618627641e-01,-3.303886230412437786e-01,-1.361452773454822907e-01,-6.243878202202568506e-01,-7.482424258339634981e-01,-7.838440982028975768e-01
8.814163704669388810e-01,8.659768780576851399e-02,1.000000000000000000e+00,2.408215293244146127e-01,4.869697036019372538e-01,-4.617866913477998714e-01,2.554851892281958525e-01,-3.138129000670312752e-01,1.485896467300766924e-02,2.114004174198103325e-01,-6.692549274947230398e-01,1.074470994040825772e-01,-4.617602616277912131e-01,2.408093069010436849e-01,-4.919268576955808658e-01,-5.280113713195364600e-01,-4.406932914882289998e-01,4.837116428869426832e-01,-4.091071544882089461e-01,1.737909093086963674e-01,-4.840933555417199496e-01,-7.527032480170315898e-01,-2.026647959116097686e-01,-4.951370424083073041e-01,-2.065860882815772348e-01,-8.145924260773644843e-01,-4.009304287977634718e-01,-8.682603830537826139e-01,-4.813603994735372038e-01,-4.753625590465522244e-01,-2.390631412105427012e-01,-4.071400193646836918e-01,-5.563327761471386079e-01,-3.316808593773998837e-01,3.180572101303473509e-02,-5.989510288633663748e-01,-3.179551882300357124e-01,-2.615468115936568638e-03,-8.954791125389319761e-01,-5.059352544329309698e-01,-6.779731667976128806e-01,-6.511935397688997131e-03,-4.571786558634414188e-01,-7.216665418055910886e-01,-3.137704129399148667e-01,-7.439526133117779771e-01,-5.975676807235686949e-01,-6.646409783948379335e-01,-5.994395033498596259e-01,-7.709388136300174832e-01,-7.938224882545614758e-01,-6.682293361633294682e-01,-3.319267956920032847e-01,-7.187792058620866564e-01,-7.327833793179445721e-01,-4.505459438329624255e-01,-7.993196531957011963e-01,-5.415771292652464819e-01,-7.526455792384759702e-01,-4.244908384405331470e-01,-2.891416010548781834e-01,-1.033508445512711232e-01,-1.160189402250055707e-01,-1.758600592249719152e-01,-1.659018944547933916e-01,-1.708926531515227443e-01,1.812167151609427318e-01,3.789882702301343720e-01,2.173043548358082888e-01,-2.849971329877185044e-01,5.594487123894975600e-01,8.085969827676223742e-01,4.069910812640525899e-01,7.535716032076850146e-01,4.909474215052828105e-01,4.947259516329021167e-01,2.324270513887621292e-01,3.583171028202279673e-02
6.687354772030283667e-02,-2.025540067844343317e-01,2.408215293244146127e-01,1.000000000000000000e+00,6.688746106628526977e-01,4.062774104817102883e-01,6.716956783854926005e-01,2.442416594546308051e-01,7.281245694526562451e-01,4.406804918952713090e-01,9.686586498865194447e-03,3.629284892095689941e-01,-5.544958507314012852e-01,6.913609806161948035e-02,2.945989717613723413e-01,-4.571222188029229749e-01,8.440324732939225028e-02,3.996511021463557828e-02,1.168635437677850997e-01,-3.329126197006869181e-01,1.915674224599747955e-01,8.117219742602833910e-02,6.994930012328151037e-01,-4.597634367776609610e-01,-7.992049470469980710e-01,-3.342637496117996099e-01,-8.629187727920153428e-01,-4.386206575047141842e-01,-4.476902990335818733e-01,-6.876584774426768298e-01,-6.656785963073619250e-01,-7.736277683281993500e-01,-1.645359842738995382e-01,3.776173202396976292e-01,-3.779089998085188168e-02,7.851321046828414058e-03,5.155500261165635312e-01,3.727186290982896777e-01,-1.772979647820386029e-01,-2.051482629071179342e-01,-5.524838362238232436e-01,-5.262511774397078401e-01,-1.566006155035144509e-01,-6.983523713993360360e-01,-5.203670894342352637e-01,-3.867387412755892151e-01,1.447971623368475014e-01,-4.843431353543705548e-02,2.000901466208177548e-01,-1.608081031600934185e-01,-4.006129674700505960e-01,-4.284405827419571211e-01,5.576789045657764010e-01,-2.249857279777707497e-01,-4.413484504066498837e-01,-6.157943299716430730e-01,-3.304231022908192261e-01,-3.688469896039680562e-01,-1.393353563602017509e-01,-5.927372894145960247e-01,4.323468283513540733e-01,-9.011336157605924491e-02,-9.383675421107943613e-04,-3.607446985712726290e-02,3.988910395959520683e-01,1.591348156629856722e-02,6.478558064337587297e-01,5.195781955513522066e-01,5.277106628415573208e-01,-1.571991259613559899e-01,2.301263081179497905e-01,3.570324303046715775e-01,8.773207932239757145e-01,5.100400819099993877e-01,8.409317949060327591e-01,4.770844474928426782e-01,4.965225349998653170e-01,-4.485644533132127770e-02
4.828029239420168484e-01,3.392580865960669878e-01,4.869697036019372538e-01,6.688746106628526977e-01,1.000000000000000000e+00,2.271920632644371940e-01,8.967643855455176283e-01,3.795046488158625997e-01,4.474991967228225676e-01,7.094875661915419629e-01,-3.660809363428067786e-02,6.099503640338723720e-01,-1.054333156686277223e-01,5.017141477517094161e-01,2.487121430425875412e-01,-1.817940753258111830e-01,2.573809298975769932e-01,6.217997481095902668e-01,2.672680077882888527e-01,2.976822169844935972e-01,1.858193221144199547e-01,-3.111526960775292672e-01,5.066049595426447283e-01,-2.040357135252564014e-01,-4.554539816921669426e-01,-4.616235457810043408e-01,-6.621098325490760717e-01,-7.022276674032835730e-01,-1.218270272844287627e-01,-8.438233914070538688e-01,-2.537789553211219906e-01,-8.412931303378589076e-01,-1.907214744369731610e-02,4.111543828181642435e-01,4.714104145880104180e-01,9.781751196406471283e-02,1.855904106521455987e-01,4.386745691847725448e-01,-4.581784268794531489e-01,8.747871113372322760e-02,-7.486629848302667201e-01,-5.187187937913775304e-01,-6.422359403782076370e-01,-6.280418787458782459e-01,-7.005105516396855636e-01,-7.554642590000218982e-01,-3.828170117405066963e-01,-1.531180777595204656e-01,-7.203070577113715456e-02,-2.064505268472388855e-01,-7.273549702313281129e-01,-5.936659890310707066e-01,2.446906419345411809e-01,-7.154736693964711680e-01,-6.472629535034906123e-01,-7.963894321727744696e-01,-7.017190288560896105e-01,-2.448604761581238964e-01,-5.987481844428600430e-01,-8.535938188714863317e-01,-2.297665955995516762e-01,-5.444823221003431968e-01,-4.287132161017792042e-01,-5.983311247024380997e-01,-1.439955304439205774e-01,-4.914454535419573999e-01,1.775361257066458420e-01,1.790149837413650413e-01,-2.716900289777930688e-02,-6.007914299492678190e-01,2.944767022415626517e-02,4.484228219064552712e-01,5.771776873319899304e-01,4.134718570390710224e-01,6.747062250695997632e-01,2.298419063097253134e-01,6.720424423736474917e-02,-4.916725352910512603e-01
-4.152715034393218985e-01,8.056910613109481700e-02,-4.617866913477998714e-01,4.062774104817102883e-01,2.271920632644371940e-01,1.000000000000000000e+00,5.184861898853427853e-01,6.943585563284681017e-01,5.547368774565324401e-01,3.333361533031379831e-01,6.218554752467885249e-01,3.437207094022666221e-01,1.927607178026651269e-01,5.408251591889857990e-02,7.961572990843940323e-01,3.653623810905317071e-01,7.185332492147861183e-01,-9.356875101587264210e-02,7.112328650471884117e-01,9.959138559031061044e-02,8.096483466552908403e-01,7.109283920068559803e-01,7.342537430002938903e-01,4.662382409443981968e-01,-1.204879087634775359e-01,5.255604751121819573e-01,-1.523729205523202124e-01,3.721232560002034062e-01,3.233676226699622180e-01,-1.965678430716468472e-01,2.470309103235220766e-02,-2.897577207068186000e-01,6.783061485667655210e-01,8.416944695711636726e-01,2.536851436716595631e-01,6.446784005060058886e-01,8.032365208374638854e-01,3.372353623864829952e-01,5.525349996081804216e-01,3.753545575278465773e-01,-7.251315296229522180e-03,-5.033174502723146704e-01,7.816043158502808397e-02,1.138218563564900171e-02,-2.855468211033598269e-01,3.240120498948907968e-01,5.162362893706738953e-01,6.192845310101612322e-01,6.392094786942259521e-01,5.396799964088857537e-01,1.976568865253596485e-01,3.812447183048074950e-01,8.616785409194829271e-01,3.215890422721662256e-01,3.731778795565963702e-01,-2.099687808078607998e-01,3.954852431643208766e-01,3.446391261961029295e-01,4.270146583720846878e-01,-2.732805216628898526e-01,2.113700640815363296e-01,-2.533107212398286179e-01,-4.118966794743361345e-03,-1.435746761722113962e-01,1.091094434759796034e-01,-2.146179163967663894e-01,-7.204315536790069190e-03,-1.554824047973145662e-01,-7.471786775228000943e-02,-1.738454759544649508e-01,-5.232732332413654319e-01,-5.453459218149522281e-01,2.331145980750003455e-01,-3.288783103730483770e-01,1.220916233002457274e-01,-3.141563414117009012e-01,1.332746286702675143e-01,-2.180051397825373827e-01
2.801056500624793943e-01,4.144083822089468794e-01,2.554851892281958525e-01,6.716956783854926005e-01,8.967643855455176283e-01,5.184861898853427853e-01,1.000000000000000000e+00,6.313178850295878553e-01,6.086626036304662035e-01,7.837989514719453377e-01,2.746468224991945872e-01,7.237761917796258215e-01,4.438944262347991471e-02,5.350761927641499716e-01,5.506275419065720378e-01,4.090778204510478466e-02,5.492090196052527018e-01,5.732004756073881824e-01,5.370160609390658424e-01,3.100844632537333445e-01,4.878286593880017397e-01,3.091636909136731646e-03,6.964337834136982153e-01,5.272101976678732899e-02,-3.803072860171692882e-01,-1.625094619190672052e-01,-5.520411405536777005e-01,-4.545006867169295584e-01,9.523643442601435749e-02,-7.787233835323829068e-01,-1.411476842017493905e-01,-8.096664690162146405e-01,2.880285669912907576e-01,6.813419545502680252e-01,5.815906290620932451e-01,3.811763526480194120e-01,4.464353903703330850e-01,5.908754484945687446e-01,-1.750023846755809076e-01,3.007387765462106177e-01,-6.788864808832024700e-01,-7.220504417075273018e-01,-5.996791221024200258e-01,-5.270837880548762122e-01,-7.524726283258077464e-01,-5.312155068064391417e-01,-1.291144217686962525e-01,1.600243368378987674e-01,2.293164092276362143e-01,7.964981256004072252e-02,-5.531017872936206947e-01,-3.316887699235911424e-01,4.564251597407490424e-01,-5.382054250368235593e-01,-4.043425159504379640e-01,-7.233792468577608936e-01,-4.506387072733106791e-01,-6.994906948879503483e-02,-3.459328658566006021e-01,-7.979491347333247386e-01,-1.440402258634117805e-01,-6.600623432464589602e-01,-4.424767680180612950e-01,-5.887959308143779769e-01,-1.677681774269265402e-01,-5.248917743802120617e-01,1.121659167505251048e-01,3.750105043899470969e-02,-1.020786458500971272e-01,-6.374943355499770314e-01,-2.099601297094466912e-01,1.489698625881602234e-01,5.515150427342325745e-01,1.745514830427321307e-01,6.069026841783693449e-01,1.456406440328768433e-02,1.094321594994709587e-02,-5.764458755635950560e-01
-1.865022830166547796e-01,5.086720602842376149e-01,-3.138129000670312752e-01,2.442416594546308051e-01,3.795046488158625997e-01,6.943585563284681017e-01,6.313178850295878553e-01,1.000000000000000000e+00,5.604016169446806028e-01,6.192922422449588238e-01,6.773504581630196419e-01,6.016430693188103973e-01,5.017385536535711177e-01,3.611491542072339245e-01,7.179053945049740371e-01,4.845212763571530856e-01,7.889318928397538455e-01,3.086633917287814333e-01,8.393312093917780770e-01,3.069407365220894190e-01,7.772689051204534350e-01,5.338285364019476065e-01,5.154639355935060063e-01,5.432951926374561813e-01,6.903607193541094755e-02,4.276248857306769735e-01,-3.967676565289369323e-02,1.591499807932737487e-01,4.952405687596336814e-01,-4.141132966435693841e-01,1.933620939494711533e-01,-4.432576359731352222e-01,6.913422356652766387e-01,8.682311262525872486e-01,6.422733285526893710e-01,7.841730911470414789e-01,5.885562843126023180e-01,6.603153429784093253e-01,3.643887011629077244e-01,6.918639679073117499e-01,-2.446218565799511413e-01,-6.873538114612944838e-01,-3.678014152086340749e-01,-4.554395652935256528e-02,-6.400550490549142824e-01,5.241046015394322521e-02,2.461453712935412486e-01,6.818180080361585516e-01,5.590018426871478097e-01,5.724874803099495590e-01,-5.715492916338575646e-02,1.318636814855497497e-01,5.239207343511187442e-01,-1.113569304671345878e-01,1.798706872127968370e-01,-3.637554471772148079e-01,1.019443990506119502e-01,2.787046976300453505e-01,9.976223657107369247e-02,-3.182939555373160423e-01,-1.256920707578621510e-01,-6.505208725260684943e-01,-4.895946091382615273e-01,-4.911107425401485260e-01,-2.190583658589654870e-01,-3.578985293532364054e-01,-2.266654742870930495e-01,-3.566431704431892169e-01,-3.839350259106650842e-01,-3.580032157010184513e-01,-7.531326545533173489e-01,-5.225638891760512328e-01,8.121891969887398699e-02,-3.956793481995031780e-01,2.922257363066105111e-03,-4.156467636251630626e-01,-1.984428686384805129e-01,-6.181426422236473428e-01
-7.117660231641960433e-02,4.935165153800952220e-02,1.485896467300766924e-02,7.281245694526562451e-01,4.474991967228225676e-01,5.547368774565324401e-01,6.086626036304662035e-01,5.604016169446806028e-01,1.000000000000000000e+00,6.316399830323052855e-01,4.058178060136659049e-01,5.989230730639284461e-01,-2.333885633945528837e-01,2.883623916488908812e-01,4.909494517773299038e-01,-1.295750131562614371e-01,3.724011267029986305e-01,5.426655996551572186e-02,4.249420649334759159e-01,-2.658440566556983797e-01,4.874394661641449633e-01,4.535841567376560635e-01,7.456250321512890578e-01,-5.571297026961805759e-02,-5.074987429626938162e-01,7.383718342874628915e-02,-5.494130688239320381e-01,-1.649424568512133926e-01,-1.066314127828261321e-01,-5.790790160154148936e-01,-3.797383077639764903e-01,-6.100341307429220095e-01,1.746436086781636143e-01,5.852198808440761679e-01,2.122788685105394813e-01,4.021949694576175127e-01,7.586480089107868752e-01,7.119593245259566716e-01,1.066018821855306831e-01,1.755929882873471515e-01,-5.289553929137966737e-01,-7.827920963963194145e-01,-2.848485290487302035e-01,-5.764823327643183726e-01,-6.866337706837702948e-01,-8.375573521368617769e-02,4.079941430720703255e-01,3.332408471753918744e-01,5.364225403583635643e-01,2.179172450680608164e-01,-2.424786758520387775e-01,-1.112165034295898164e-01,5.644240319749553869e-01,-1.074647791747823794e-01,-1.249773966226724042e-01,-5.067741198883891629e-01,-5.871306413514886663e-02,-1.454475683911151951e-01,5.740309828117191870e-02,-3.336719837699705926e-01,4.045095184958759083e-01,-2.940613746049420274e-01,-2.278932930226759135e-01,-5.480213642080472569e-02,2.435100174808104145e-01,-1.458543915150888048e-01,3.903153478491711015e-01,1.876067281987207069e-01,2.558188039630029942e-01,-2.781023061891070292e-01,-1.471650657878994795e-01,-2.721672029786697394e-02,6.587573327235658471e-01,1.867091530560404389e-01,5.635888106373252437e-01,1.617084570737167826e-01,2.975818452489350507e-01,-2.538051331499209251e-01
2.671068869512278621e-01,5.891916765282603219e-01,2.114004174198103325e-01,4.406804918952713090e-01,7.094875661915419629e-01,3.333361533031379831e-01,7.837989514719453377e-01,6.192922422449588238e-01,6.316399830323052855e-01,1.000000000000000000e+00,3.965905885602083458e-01,9.293610314746432177e-01,2.224930537113463114e-01,7.885736657006120476e-01,4.524530961859016265e-01,1.778498089771756718e-01,5.573679717851487414e-01,6.831505514069310392e-01,5.827439281904613910e-01,2.257207264541000458e-01,4.836459566496318363e-01,5.694785094922437396e-02,5.218227437167736182e-01,1.861060330114218953e-01,-1.475743658234622002e-01,-7.888319769775316292e-02,-3.162858118935137353e-01,-4.071623295412958310e-01,2.641011596310950948e-01,-6.657055847709174579e-01,6.799202525169134592e-02,-6.043480087879683493e-01,2.997976237178960890e-01,5.705625322533278698e-01,7.373989393626039224e-01,5.190670928642685533e-01,4.151725002613415039e-01,8.389423752174012261e-01,-1.465577519154744046e-01,5.325603476705607076e-01,-7.085396838124840002e-01,-7.998397165976806056e-01,-8.158834727853093716e-01,-5.010087268880323297e-01,-8.397587044696812608e-01,-4.729610267838075810e-01,-1.535165679991667698e-01,2.630792229762541901e-01,2.305528118990258502e-01,1.896430316686574247e-01,-5.535447003119509102e-01,-2.956182949100677471e-01,1.973112537566472646e-01,-5.542515982708214883e-01,-3.281153328404567970e-01,-6.539571103393748697e-01,-4.106034729636867664e-01,-9.950883088936750276e-02,-3.875686762923792883e-01,-5.820056153065910065e-01,-2.360150646097592675e-01,-7.410891579297543830e-01,-7.301937691396420682e-01,-6.086075661218377508e-01,-2.979717700252833557e-01,-6.546777715478747650e-01,-3.663341348508244999e-02,-1.565127771739135976e-01,-3.142295200198762517e-01,-7.700782663737563150e-01,-3.232826957107751698e-01,1.243642509263279648e-02,3.285859457993892674e-01,4.125613609688904421e-02,3.982490955972869395e-01,-1.373877332176576538e-01,-2.253472819719338216e-01,-7.816174029483187180e-01
-5.605958619353444972e-01,2.853756150644958800e-01,-6.692549274947230398e-01,9.686586498865194447e-03,-3.660809363428067786e-02,6.218554752467885249e-01,2.746468224991945872e-01,6.773504581630196419e-01,4.058178060136659049e-01,3.965905885602083458e-01,1.000000000000000000e+00,5.241660787374559094e-01,5.810224495557458901e-01,2.506479318248792665e-01,7.946817604518957578e-01,5.737572240514088318e-01,7.644914732890032427e-01,-3.989873847928488565e-02,7.682894321561187789e-01,-7.673916591424152084e-03,8.101589601373689886e-01,7.683415899542302974e-01,5.510031421128903650e-01,6.326861637197324084e-01,1.253253957304851229e-01,8.004852075544170997e-01,2.317596384437534129e-01,5.736502526886273490e-01,6.295062940290538922e-01,5.115764753632334044e-02,2.943592576212748502e-01,-7.174605359988573371e-03,7.308702436940448521e-01,6.941799121518775761e-01,4.286035659632048689e-01,8.963169536278247085e-01,6.557114250390966292e-01,6.068771810975016612e-01,7.642739690124209506e-01,8.033911133126486748e-01,1.694088251777700616e-01,-5.971202304559264373e-01,-5.010770310814013917e-02,3.354375762369438685e-01,-3.118484576321048363e-01,4.653779960197335641e-01,5.757515642706221293e-01,8.579082884102642304e-01,7.794176187881376450e-01,8.727697587306068039e-01,3.935734913065551677e-01,5.445539730075735774e-01,3.894671169438360114e-01,2.636381426416534168e-01,5.072507081182968669e-01,1.500194104055935784e-01,5.088831004832555793e-01,5.167336964791924281e-01,4.968597830154327100e-01,6.903434100728272904e-02,1.187939291645318668e-01,-3.956018370644128201e-01,-3.381439396706932832e-01,-1.943924660024201612e-01,-5.004642697287254444e-02,-2.157627601159717579e-01,-2.414655987563019690e-01,-5.529796713766189642e-01,-3.848305709463792357e-01,-2.052853946345354341e-01,-7.067935068450528213e-01,-7.005132470567732028e-01,-1.552744124830413297e-01,-6.876032352988443730e-01,-2.349691373309264752e-01,-5.419813871154516294e-01,-3.151825020617557427e-01,-4.993081312972430519e-01
1.965011260877447263e-01,5.516843750193658469e-01,1.074470994040825772e-01,3.629284892095689941e-01,6.099503640338723720e-01,3.437207094022666221e-01,7.237761917796258215e-01,6.016430693188103973e-01,5.989230730639284461e-01,9.293610314746432177e-01,5.241660787374559094e-01,1.000000000000000000e+00,2.831326317570951878e-01,7.685514968871017816e-01,4.996876074347376129e-01,2.297393582363496389e-01,5.865633447668275879e-01,6.208885550182582369e-01,5.860546927172952669e-01,2.102319836597032754e-01,5.241857717836008179e-01,1.275923547124226676e-01,5.421188370108434018e-01,2.768562694411564329e-01,-8.409840872219351282e-02,3.370250209524865842e-02,-2.175116455117140635e-01,-2.921629108662927576e-01,3.289083903372417295e-01,-5.297879207659961232e-01,1.451451253210957193e-01,-4.879313742811255961e-01,3.787212380246211541e-01,5.953652891933862712e-01,7.268887750235396572e-01,5.915423050387946802e-01,4.639036296484729816e-01,8.455915089156276210e-01,-3.112517970211350210e-02,6.072981826315780873e-01,-5.946919270517549982e-01,-8.129293472343905869e-01,-7.556543071926544730e-01,-3.788577660503790190e-01,-7.880309915579609692e-01,-3.631737240924035048e-01,-8.277440865822985328e-02,3.699259262976087315e-01,3.058704911335211052e-01,2.965337944310983964e-01,-4.089153165092542230e-01,-1.690668581513679047e-01,1.762301291668151026e-01,-4.661913363883409267e-01,-2.598423599055501021e-01,-4.869778378261750973e-01,-2.556075586907012309e-01,-7.921961068474001055e-02,-2.504301003584315510e-01,-4.871717216782011084e-01,-2.116621727834866740e-01,-7.309275045722862796e-01,-7.500072485416823254e-01,-5.389455851265048114e-01,-3.001216833620368174e-01,-6.590821481993891506e-01,-8.387371741971445804e-02,-2.430418014882071986e-01,-3.807431191317544039e-01,-7.714825854361208046e-01,-3.584660057874110017e-01,-6.889844678966612623e-02,2.237456442628098230e-01,-6.245658849897618714e-02,2.967382971162402239e-01,-1.982992106048324654e-01,-2.725179237389450115e-01,-7.723311330853921408e-01
-1.917784516256046679e-01,6.800307510431405911e-01,-4.617602616277912131e-01,-5.544958507314012852e-01,-1.054333156686277223e-01,1.927607178026651269e-01,4.438944262347991471e-02,5.017385536535711177e-01,-2.333885633945528837e-01,2.224930537113463114e-01,5.810224495557458901e-01,2.831326317570951878e-01,1.000000000000000000e+00,4.093912054248161625e-01,3.703027234505700260e-01,8.318065919793311558e-01,6.172386344026493665e-01,3.341303975786519831e-01,6.097056984717076356e-01,5.650404305950819106e-01,4.851866041660103379e-01,2.531259866877219600e-01,-8.935561743618763986e-02,8.010783802469900738e-01,6.720961586734215398e-01,5.830675237401535815e-01,6.757402914831005525e-01,4.402429103465548832e-01,8.804479241815494905e-01,2.354920033329819251e-01,7.536121700794491396e-01,2.628475302987836049e-01,6.791322414109464134e-01,3.623341508317091120e-01,6.525236054229460736e-01,6.873800876214111177e-01,-5.960079464142030437e-03,2.378337590325242390e-01,4.297673725848403237e-01,8.296860504484402377e-01,2.590338209968997552e-01,-1.163692788218332191e-01,-2.643662495078313857e-01,5.855952464227904830e-01,-4.992364341771217406e-02,2.428759869632629298e-01,-5.899408138031474180e-02,5.327490616575631943e-01,2.219819326650124269e-01,6.065978186655294202e-01,2.106468857327439825e-01,4.253756592917876667e-01,-1.027164987021986081e-01,-1.784900789023304360e-02,4.690348414292407897e-01,2.025867450526120939e-01,2.317017523269354617e-01,6.221561400901675087e-01,6.908505086416866225e-02,5.289943035777366215e-02,-5.757600443895556364e-01,-5.294948819508780158e-01,-4.794965527341517042e-01,-5.052771308958745600e-01,-6.030459324245529551e-01,-4.789988332845426244e-01,-7.677091351833448263e-01,-8.091680942001795440e-01,-8.676228993332015804e-01,-3.390959786734406012e-01,-7.825542514807382055e-01,-6.320685243333392656e-01,-6.848333029258890647e-01,-8.013334085050689559e-01,-6.541117215536456087e-01,-8.042769344774554074e-01,-7.451902216236547805e-01,-6.157367200710940347e-01
3.886311940280395838e-01,7.978273011652362579e-01,2.408093069010436849e-01,6.913609806161948035e-02,5.017141477517094161e-01,5.408251591889857990e-02,5.350761927641499716e-01,3.611491542072339245e-01,2.883623916488908812e-01,7.885736657006120476e-01,2.506479318248792665e-01,7.685514968871017816e-01,4.093912054248161625e-01,1.000000000000000000e+00,2.183760949320659728e-01,3.587742915216730055e-01,4.734177323017667027e-01,7.768927407496699633e-01,4.401162915224817729e-01,4.102825832318610089e-01,2.899147444637954485e-01,-1.636857964732374437e-01,2.266418258285056997e-01,2.658143152803311704e-01,1.289196400951909127e-01,-1.080377438544751489e-01,1.875736208687525317e-02,-3.640272143944316419e-01,4.581278363667251607e-01,-3.503142420410781388e-01,3.414797573392448493e-01,-2.851180946260686855e-01,2.700215023106134482e-01,2.782956707238525285e-01,8.107462841557085964e-01,4.352755068864747612e-01,5.686448563810127949e-02,6.204807190007838313e-01,-2.438077872124761736e-01,5.402025216117916084e-01,-6.108541337566837370e-01,-5.409290727979778612e-01,-8.831509210640898777e-01,-3.172000673477645694e-01,-5.037784962253428755e-01,-4.292414351912995918e-01,-3.809064933217807258e-01,7.310803571723430150e-02,-3.252836775466381048e-03,9.745432424146389938e-02,-5.579046218805583379e-01,-1.846918736150222895e-01,-1.344965806940363329e-01,-5.993198976129274769e-01,-1.934834069658880884e-01,-4.427648275310920867e-01,-4.213593931862104625e-01,8.677847966061656704e-02,-5.179108442420502501e-01,-4.573921892885076668e-01,-4.830300688588023417e-01,-7.357973575649674469e-01,-6.869485901297818220e-01,-6.080868399135169744e-01,-6.233033281046291840e-01,-7.969402017178708331e-01,-2.749256289036134948e-01,-3.346419305544023892e-01,-5.267864446246494081e-01,-8.695330728275263432e-01,-2.898238114927702003e-01,3.684121896009986963e-02,1.711118435170819532e-02,-6.848675201489963504e-02,1.733882185773048257e-01,-3.717954680059084582e-01,-5.755512640674502745e-01,-7.838617104506497846e-01
-4.076519603797976732e-01,2.930079669522888119e-01,-4.919268576955808658e-01,2.945989717613723413e-01,2.487121430425875412e-01,7.961572990843940323e-01,5.506275419065720378e-01,7.179053945049740371e-01,4.909494517773299038e-01,4.524530961859016265e-01,7.946817604518957578e-01,4.996876074347376129e-01,3.703027234505700260e-01,2.183760949320659728e-01,1.000000000000000000e+00,5.209457017715821703e-01,8.760700245723591628e-01,8.992439184297006116e-02,7.980238299409180280e-01,1.024615519415750520e-01,8.390911067879612828e-01,6.399783701588378504e-01,7.090632482563760108e-01,5.086357122769279426e-01,-6.571668432327279485e-02,5.817582271578456421e-01,-3.244684930128315797e-02,3.865462863094728529e-01,5.230864361263786178e-01,-1.202796043222545547e-01,1.944305925608504348e-01,-2.320549732276814825e-01,7.679550070943542694e-01,8.323272403841466272e-01,4.659869962741901572e-01,7.788146165056861747e-01,6.351455805040679969e-01,4.903484423557640803e-01,6.082214209505267810e-01,6.485814476653988248e-01,-2.589814203663819842e-02,-6.881028382412149869e-01,-8.189194097375161741e-02,1.603423457459522139e-01,-3.147530816451059588e-01,2.636297698436937953e-01,4.455282532634612935e-01,7.706339863121249856e-01,7.159869231412931967e-01,7.036236482777041834e-01,1.718467754549559690e-01,3.997020796279210364e-01,6.051509988160946873e-01,1.962685827923936477e-01,3.488556272533739899e-01,-5.670778424090543862e-02,3.505805131465777325e-01,4.110792417418649980e-01,3.876367167561543536e-01,-2.465762359774336387e-01,1.358816170588946770e-01,-5.237431365246475456e-01,-2.152206157664209030e-01,-2.286012850745288705e-01,-3.878464304065218360e-02,-2.912721903425545822e-01,-6.990743140602616312e-02,-3.089775022481203171e-01,-2.319255201765970664e-01,-3.246841386450094458e-01,-5.839471917377423438e-01,-5.425793102682729963e-01,1.052061996050679682e-01,-4.849635820850505263e-01,7.256265934148861674e-02,-4.777265456335314520e-01,-1.925550927319785444e-01,-4.543086883659675501e-01
-2.762205398783951771e-01,6.222495923202855383e-01,-5.280113713195364600e-01,-4.571222188029229749e-01,-1.817940753258111830e-01,3.653623810905317071e-01,4.090778204510478466e-02,4.845212763571530856e-01,-1.295750131562614371e-01,1.778498089771756718e-01,5.737572240514088318e-01,2.297393582363496389e-01,8.318065919793311558e-01,3.587742915216730055e-01,5.209457017715821703e-01,1.000000000000000000e+00,7.661745625387169634e-01,2.673558599815357706e-01,6.758817721670500323e-01,5.308754003786785303e-01,5.920399387491450671e-01,3.874523762325331466e-01,-2.031834179276646377e-02,8.748183205842436916e-01,6.955666532504355404e-01,6.240985162075310955e-01,6.795109182304082118e-01,5.546659259038860812e-01,9.245756385400941690e-01,3.982817571293960079e-01,8.119308342404202294e-01,3.683427041571926130e-01,8.296156411484599813e-01,4.549183616933032970e-01,6.166521659620165519e-01,6.777428751181171496e-01,7.886955697510455998e-02,1.580618531299960716e-01,5.172914367508967270e-01,7.568388634952145644e-01,2.917024482943721408e-01,-1.751833613296416292e-01,-1.467143046603079093e-01,5.509640862731886024e-01,8.981296973197079592e-02,4.149526998583408233e-01,7.626943876514959142e-02,6.449820318449259737e-01,3.590312801217344640e-01,6.526075460415494689e-01,2.510553251656567619e-01,5.843779610641832711e-01,5.862746246644222337e-02,2.018332951839263145e-01,6.355759975023771435e-01,2.749498564492098285e-01,3.879765180713212191e-01,6.140511596371985847e-01,2.614305769129628976e-01,1.469332838870885394e-01,-4.111732461812017680e-01,-4.736618854162594205e-01,-2.822810226484004370e-01,-2.580158522062941384e-01,-6.320940533314240994e-01,-4.891774250913190070e-01,-7.161537284478280974e-01,-7.050664635826018323e-01,-7.779625135543480896e-01,-3.738986452208389322e-01,-7.816834501812494063e-01,-7.582835349605183684e-01,-6.181969611300044409e-01,-7.885086714682021380e-01,-6.019343454195095200e-01,-9.233621553758070144e-01,-7.306015413841132622e-01,-5.332346796467066774e-01
-2.631487582794793112e-01,5.902227029992176410e-01,-4.406932914882289998e-01,8.440324732939225028e-02,2.573809298975769932e-01,7.185332492147861183e-01,5.492090196052527018e-01,7.889318928397538455e-01,3.724011267029986305e-01,5.573679717851487414e-01,7.644914732890032427e-01,5.865633447668275879e-01,6.172386344026493665e-01,4.734177323017667027e-01,8.760700245723591628e-01,7.661745625387169634e-01,1.000000000000000000e+00,3.429615266486181202e-01,9.082162960978787947e-01,3.939918428440146170e-01,8.643999281081143904e-01,5.312216812385945897e-01,5.284445204590888512e-01,7.224188293213881229e-01,2.239194156301799465e-01,5.622544609483172140e-01,1.818493876815320265e-01,3.443926349337439463e-01,7.608209084425555657e-01,-8.334539995780322619e-02,4.821291957789965443e-01,-1.509557663880889411e-01,8.936590221025448866e-01,8.450015383413602699e-01,7.260829279862455188e-01,8.559282105548049469e-01,4.853778788285731394e-01,5.200663333496254870e-01,5.177102103537093436e-01,7.967112847551846011e-01,-7.490810836922091875e-02,-6.592388315994653913e-01,-3.120694005359024303e-01,2.009870898854725085e-01,-3.296622237496752983e-01,2.112681806975542365e-01,2.428344281054943266e-01,7.666785245453905384e-01,5.949847382389532591e-01,7.074300794628335387e-01,5.887609750796824609e-02,4.021840975889173775e-01,4.597679187012443380e-01,5.866760998559451823e-02,3.940032746431242350e-01,-9.555064680335546845e-02,2.659667462252268688e-01,4.933569528600796894e-01,2.302916584275574441e-01,-2.482857715966195478e-01,-1.818334076809558775e-01,-6.912306519051238940e-01,-3.805290541170727736e-01,-3.925814694441214225e-01,-3.967730427519476355e-01,-5.558079003956526432e-01,-3.697750133730822730e-01,-5.031458876213229514e-01,-5.306395354359328964e-01,-5.321714566915199951e-01,-7.621996429484569902e-01,-6.356115910798088020e-01,-1.084466716010611675e-01,-5.934548314978755901e-01,-1.140476004579496633e-01,-7.143821690455999240e-01,-4.733051217030633251e-01,-6.600636186475894451e-01
6.457353469641859967e-01,7.941579387314845473e-01,4.837116428869426832e-01,3.996511021463557828e-02,6.217997481095902668e-01,-9.356875101587264210e-02,5.732004756073881824e-01,3.086633917287814333e-01,5.426655996551572186e-02,6.831505514069310392e-01,-3.989873847928488565e-02,6.208885550182582369e-01,3.341303975786519831e-01,7.768927407496699633e-01,8.992439184297006116e-02,2.673558599815357706e-01,3.429615266486181202e-01,1.000000000000000000e+00,2.940479742171630551e-01,6.659812289321807022e-01,8.698540385698307065e-02,-4.896237697857863114e-01,-2.059401410186365022e-02,1.974386545794318271e-01,2.144408302055427762e-01,-3.674460151820231890e-01,-2.084976736451146437e-02,-5.802515675457446953e-01,3.279263122776814310e-01,-4.350347209584841113e-01,3.635444818061241978e-01,-3.607450379970150722e-01,1.962419088764804365e-01,2.297043588924984614e-01,7.992331975592482651e-01,1.631001855891448804e-01,-2.239488481812175746e-01,4.087796507377920441e-01,-4.860544504883084205e-01,3.841372035741245083e-01,-6.413004432667099852e-01,-3.973427276601329550e-01,-8.911464895933232100e-01,-3.492799089179620120e-01,-5.110917427473822272e-01,-6.655092238251610892e-01,-6.669009012785360735e-01,-7.445153062527043453e-02,-2.422404647286037771e-01,-1.181536864325985481e-01,-6.812775975249246718e-01,-3.765212353856802197e-01,-2.481021201337497151e-01,-7.562033101606675523e-01,-4.460604693612463256e-01,-4.855544788066301631e-01,-6.183062087453569111e-01,-1.674007903297214661e-01,-6.592555255844793072e-01,-5.617883625895264688e-01,-7.024531302282823741e-01,-7.541031501158375061e-01,-6.726523571679307034e-01,-7.166261918629805994e-01,-7.252567282641396718e-01,-7.164413799548677853e-01,-3.386164130315795218e-01,-1.798793400674151832e-01,-5.256604693814489471e-01,-8.244662208974711248e-01,-1.952369685076725259e-01,2.042753578093336742e-01,-7.160729219859745219e-03,7.684327203766588843e-02,1.555572144546779612e-01,-2.512658850140505606e-01,-5.011014911716422660e-01,-7.244740454239049221e-01
-3.177107788605671446e-01,5.499825574452482657e-01,-4.091071544882089461e-01,1.168635437677850997e-01,2.672680077882888527e-01,7.112328650471884117e-01,5.370160609390658424e-01,8.393312093917780770e-01,4.249420649334759159e-01,5.827439281904613910e-01,7.682894321561187789e-01,5.860546927172952669e-01,6.097056984717076356e-01,4.401162915224817729e-01,7.980238299409180280e-01,6.758817721670500323e-01,9.082162960978787947e-01,2.940479742171630551e-01,1.000000000000000000e+00,3.359696445546455079e-01,9.123589186153179265e-01,5.678654012402255535e-01,5.059268847021605175e-01,7.036774772039925407e-01,2.149861564613715914e-01,5.630306774197036956e-01,1.538152868838960630e-01,3.141773623787681990e-01,7.045711432064545310e-01,-1.579522120089267845e-01,4.209728630347153722e-01,-2.137660932014745219e-01,8.445259248203067504e-01,8.600407096722586520e-01,6.778390411009009853e-01,8.240147301817815073e-01,5.751402915675485339e-01,5.957448678968525480e-01,5.244200235737987992e-01,7.822291410393862332e-01,-8.915771020091951826e-02,-6.558639739587215356e-01,-3.116909292766253392e-01,1.201849280014053861e-01,-4.502727069062171794e-01,2.022248888183152959e-01,2.885014606259216907e-01,7.683589748595448521e-01,5.816226318379580373e-01,6.827161833886430387e-01,1.324754365656304403e-02,3.348510852651807035e-01,5.110382978427904233e-01,1.754904784407148449e-02,3.781936932992746581e-01,-1.696617735154572482e-01,2.163228934409264781e-01,4.919568647981162335e-01,2.261727712536372448e-01,-2.075948853693329321e-01,-1.427259364051366441e-01,-6.220331597674104707e-01,-4.555702300673335481e-01,-4.397027764124152305e-01,-3.293585841541310510e-01,-4.577404679007182620e-01,-3.542391052864726775e-01,-5.527936159712089070e-01,-4.983433586328704923e-01,-4.316169484125376710e-01,-8.093226075067352365e-01,-6.293560033222997951e-01,-7.876956882626423573e-02,-5.655111057284512022e-01,-1.222279165042470112e-01,-6.275926807023234355e-01,-3.606780771473811487e-01,-6.623314947556341314e-01
4.299293257646836230e-01,6.534619044570090240e-01,1.737909093086963674e-01,-3.329126197006869181e-01,2.976822169844935972e-01,9.959138559031061044e-02,3.100844632537333445e-01,3.069407365220894190e-01,-2.658440566556983797e-01,2.257207264541000458e-01,-7.673916591424152084e-03,2.102319836597032754e-01,5.650404305950819106e-01,4.102825832318610089e-01,1.024615519415750520e-01,5.308754003786785303e-01,3.939918428440146170e-01,6.659812289321807022e-01,3.359696445546455079e-01,1.000000000000000000e+00,1.782017754428363299e-01,-2.940640828777100202e-01,-2.070010385716536672e-01,5.585723334888581526e-01,5.828262455385838647e-01,-2.620869441532549735e-02,3.548519906142290070e-01,-1.466626987183137498e-01,5.129195117823862615e-01,-7.631482233483435906e-02,6.393044392560066624e-01,-2.125601409581709053e-02,4.668434525445495642e-01,2.814101948923939389e-01,6.342620483829792821e-01,1.810194305753523580e-01,-2.372091639628259307e-01,-3.790686878992267916e-02,-1.985118235433879497e-01,3.278357206287288994e-01,-1.495271436894936856e-01,-3.615537879264333482e-03,-4.425811422293610686e-01,1.232630350114823359e-01,-1.353531597555315547e-01,-2.398513176462899188e-01,-5.131136052377750500e-01,4.933608873046016474e-02,-1.980162594842908852e-01,2.355621840741370029e-02,-2.823494206044356303e-01,4.315944611785900442e-02,-9.992558101922062452e-02,-3.593493993063064940e-01,-1.256599009866795139e-02,-1.624392750363711224e-01,-2.462052594161505126e-01,2.084612557481987372e-01,-3.319727423050574666e-01,-2.901582756473721769e-01,-8.129058703517633155e-01,-5.455227202044072854e-01,-3.209966033381955741e-01,-5.696266940478851293e-01,-7.613470620924107646e-01,-6.367304071601429527e-01,-6.679505078635442628e-01,-4.284609993002401196e-01,-6.855841905292738847e-01,-5.330662592430475133e-01,-4.051257518481797271e-01,-1.446164302752811770e-01,-3.679595988056673095e-01,-2.139443092370739430e-01,-2.926103777220916968e-01,-4.804618364270474284e-01,-4.492153370471000384e-01,-4.746242414606015592e-01
