1.000000000000000000e+00,3.907032836358660943e-01,2.601596377193700071e-01,-2.662077982664173489e-02,1.175111583607643395e-01,1.703310650828748773e-01,2.274713156634418365e-02,1.452422357968342903e-01,-1.866872372010722203e-02,-2.064036072564100904e-02,1.008047428631013570e-01,2.348051030826276905e-02,6.479679391773247865e-02,1.517263644826901403e-01,1.771661759085991772e-01,1.285555918887566762e-01,3.079998632710543444e-02,5.939795072416887561e-02,1.285093104409695992e-02,6.469509985613312864e-02,1.930221381972180572e-01,2.495236326933060814e-02,-2.342325734689505376e-02,1.946353195130208769e-01,2.526743385775378353e-02,-5.356256159100784408e-04,4.631042652938290732e-02,1.230486622889404025e-01,4.212469765525109211e-02,-8.455221749864307024e-02,-2.063586221985203722e-03,-1.827438500749382078e-01,-1.395265533080806142e-01,-1.461905546074810103e-01,1.269445178653365661e-02,3.045332554155903877e-03,1.059442309428741125e-01,2.740856948387365016e-03,1.571023723058972976e-01,5.717511641189605004e-02,4.306601087414180934e-02,8.759023944925647953e-02,1.486098302572770036e-01,4.769662933826018109e-02,6.268468160649250977e-03,2.223525183619147125e-02,2.678610120788967042e-02,2.449018472930603735e-02,1.279656313360985342e-01,-2.085242959993748296e-03,-3.666991943753687699e-02,2.624028300412169570e-02,3.897386999855281808e-02,-2.306736233653285811e-02,-4.767073473972438524e-02,5.624607780829361803e-02,-2.527989127746821732e-02,3.976903275513053032e-02,-1.472696690694536292e-01,6.402823336539523007e-03,-2.121733942866523281e-01,-1.245827754139966909e-01,8.257970711921375218e-02,1.734379924120301453e-01,1.281967312275449078e-01,5.153928760552338451e-02,-1.988368968909152157e-01,-1.827167444952580710e-01,7.042853950482191872e-02,-3.338274802193738622e-02,-2.547005734708658320e-01,-6.518931070118187676e-02,9.412091942573064252e-02,-1.513779900988447558e-01,-2.362292497353611354e-01,-1.734978873096464369e-01,1.755493748163211021e-01,-1.782308482525128968e-01,-1.265773680209023311e-01,5.180714811352334775e-02,-2.541953031446671923e-02,-1.253843727877948858e-02,-2.402418469245725385e-01,-2.074254879643753699e-02,-9.043401224750352574e-02,2.272484197847702836e-01,1.769271461969949277e-01,-6.913435972286412212e-02,-1.737271409891157359e-01,1.786981842311151369e-01,9.266762950198394189e-02,-7.569599362424359046e-02,-1.719961906365768123e-01,1.780775547962193117e-01,-2.996037962004528127e-03,-2.996352258219417072e-03,2.097224098472909304e-02,-1.420403722833467053e-01,1.306324015789635806e-01,2.422602095103763287e-01,-1.340515869127502646e-01,-1.254444938184473834e-01,2.439505538337397306e-01,2.435788051279451361e-02,-2.223956816647219559e-01,2.690708660496905422e-03,2.185730117037178455e-01,-6.896915480115929642e-02,-2.212479027436047296e-01,-2.216135511518637843e-02,-7.829231496569225013e-02,-2.181796955653606818e-01,5.707379288837046566e-02,1.571970430924790607e-01,8.909581096460389427e-02,5.165796407846752480e-02
3.907032836358660943e-01,1.000000000000000000e+00,1.344749512452092788e-01,4.479188584028300640e-02,4.946561524723017689e-01,3.825080588451455488e-01,-5.132039949526253503e-02,3.439602871421771901e-01,-2.906998010219697878e-02,5.305380211342879127e-02,2.862493668955340409e-01,-5.118834526582765471e-02,7.493692474605667675e-02,4.172240140999101676e-01,4.221158182157841443e-01,3.756897123451529708e-01,2.254833589235270275e-01,-8.856113356806009527e-04,6.397649368048723140e-02,2.810449283439086510e-01,4.735361532114945593e-01,2.456477380332949823e-01,5.343815612979726376e-02,4.912036581555110915e-01,-4.267897292653154845e-02,2.294208609721901659e-01,7.890443626383696063e-02,2.172341347926890487e-01,2.861458306756852199e-01,-9.481030304000814812e-02,2.166284578640905456e-01,-2.438690818340434330e-01,-7.333144332800518861e-02,-2.393260427629213261e-01,-2.210526164547632275e-02,-8.175299497081332800e-02,9.704718514627495851e-02,5.598604750113293782e-02,2.024826018402806904e-01,7.230957368735987933e-02,8.607124725254487740e-02,2.102547126422047996e-01,4.013108675487044308e-01,1.226062829224307815e-01,5.050385061862397440e-02,-5.201395054141079444e-02,1.491514567462459140e-01,-6.734602763222519162e-02,1.982317014480233439e-02,3.196382533124366571e-02,-2.045983523030008855e-01,-8.403802919135376637e-02,-1.490239287607361129e-01,-1.281221050831672092e-01,-1.791488106802461289e-01,-1.501742730149515648e-01,4.746307805495642018e-02,-1.458758795093533511e-01,-1.078459045173150166e-01,-8.404076079844101377e-02,-4.760666122366132846e-01,-1.657947879511476319e-01,-4.340734903758430852e-02,2.039366692534092529e-01,2.634000384558687347e-01,-8.600002166818686289e-02,-2.814761933885229217e-01,-3.226933083309038164e-01,-1.013391334731001264e-01,-1.413563446958496228e-01,-3.637578842299108439e-01,-2.176201579293621513e-01,-5.874103627351432572e-02,-2.525211008159025106e-01,-3.720394908906560771e-01,-2.098813257838659796e-01,2.065092551072035820e-01,-2.143827481631969956e-01,-2.661352895209171399e-01,3.748082941168594945e-02,4.595087921058950420e-02,2.348058865640789417e-01,-2.738843393484500788e-01,1.972027399363208144e-01,-3.965425588138922486e-02,2.827188846097432040e-01,2.144606332460504694e-01,1.074319493949157933e-01,-2.069872808965967648e-01,2.138033707217809332e-01,3.322585494946538875e-01,4.417834797394189911e-02,-2.058791360875148191e-01,2.148649373817227703e-01,2.008209350501227453e-01,-1.195532714503855787e-01,-5.558492207172646693e-02,-1.183402610242756808e-01,1.454870377036223406e-01,3.764084914135964466e-01,-3.834830981582285081e-01,-3.245120616200007913e-01,3.838163895198502540e-01,-4.833221666685535295e-02,-5.358344472854567053e-01,-7.525566067556341276e-02,2.974707017278279686e-01,-2.296354555048303325e-01,-4.875026499436244110e-01,-2.188050136846664551e-01,-1.770042343987786870e-01,-4.478437462202040642e-01,-4.906726255526093483e-02,-3.792517465039167701e-02,8.128566750494634063e-02,4.925806645117299098e-02
2.601596377193700071e-01,1.344749512452092788e-01,1.000000000000000000e+00,1.343272067124749169e-01,-3.850693512651306993e-01,2.635832486167697941e-01,-1.313104372294385536e-01,8.798500368137429639e-02,-1.640824934751469732e-01,1.345623042087535637e-01,-8.077659094328919209e-02,-1.283756536377065050e-01,9.512629296681210378e-02,-1.279449535837250407e-01,1.862257152192447335e-02,-1.205876554371567988e-01,-4.213576412493898193e-02,-1.138154516617592010e-02,-1.077918780564895290e-01,-1.674804044802867264e-01,-9.882015863111198034e-03,-1.791052583888065319e-01,1.287213530361271951e-01,3.701735030979812907e-02,-1.359065412063306111e-01,-2.521543180052734229e-02,1.992949711841945915e-01,2.487914885872953841e-01,1.788781682678857940e-02,-6.614483494687185307e-03,9.370017836499107411e-02,-1.555378617434451383e-01,7.769424559838283839e-02,-1.709496946517338190e-01,-2.295579835221022158e-01,-3.570333187595976787e-02,-7.599616099131079050e-02,-8.487185895472279529e-02,5.984453854941133855e-02,-1.494628315841120270e-01,-1.476329223397901402e-01,4.935573589034719655e-02,9.105719928722112722e-02,1.366506831172278336e-01,1.351211105397774059e-01,-1.351838869415473432e-01,6.238597636699948906e-02,1.767263855282465435e-01,1.630248331456616018e-01,1.147293935887214872e-01,1.092564361009096818e-01,7.201546601742205012e-02,2.487862263811259633e-01,-1.065699015652527004e-01,-1.186486477370061882e-01,-7.540960884560752100e-03,1.316333156375912306e-01,7.751399679989305624e-02,-2.112140653495560016e-01,-5.255556264368481389e-02,-8.989125531984371031e-02,-1.860157082215143642e-01,1.120258974628211973e-01,-1.015223088574234434e-01,-6.326081708366794454e-02,1.040476379706760518e-01,-2.422044684250806157e-01,-9.424590847596708149e-03,2.582028960556935759e-01,-6.575631464340724042e-02,-2.144890080437127644e-01,1.489802142687376429e-01,1.832999927723100997e-01,-2.009684662030511160e-01,-1.000654059443861904e-01,1.042534369436832753e-01,-9.886716077022003613e-02,9.403887780403334673e-02,3.100875262723729042e-02,2.215452488179648072e-01,1.314806401712505513e-01,-1.888080753676262824e-01,-1.268659954811512114e-01,-1.120604953053430664e-01,-2.236801357654267519e-01,7.840630360608849547e-02,-9.648610218985059772e-02,-1.794576566920782490e-01,9.575699655492438123e-02,-9.575704340839230611e-02,-3.940757936956564879e-03,-2.339501122157479351e-01,9.884085915294135716e-02,-9.539467966834663804e-02,-1.044124688250920585e-01,1.922318645055692277e-01,-1.334224735737636613e-01,1.657734421777297129e-01,2.081833928886180074e-01,8.696655700613097062e-02,1.599118623401100947e-02,1.262003284236663525e-01,1.767117733859956408e-01,-1.312960806408411396e-01,3.094074586218155745e-02,1.809149033847209376e-01,2.158061027346965532e-01,-5.129609461392119207e-02,3.778045668549100122e-02,2.164919164269244189e-01,1.672124640634971571e-01,8.556523589113292083e-02,1.919968195300670033e-01,8.715999404471230783e-02,-4.832441522221180702e-02,8.175091373976459824e-03
-2.662077982664173489e-02,4.479188584028300640e-02,1.343272067124749169e-01,1.000000000000000000e+00,1.361853418695045323e-02,2.714864414719773619e-02,-9.994351839470418941e-01,1.152900716638522033e-01,2.035042875316090127e-01,9.994327330340541105e-01,3.426625069889702863e-02,-9.994578328669386780e-01,1.406689017279437459e-01,6.264401799104313273e-02,2.325393259181414429e-02,5.843463071640912949e-03,-3.175093780326431608e-02,-1.937768451347971210e-01,-9.244690966784043298e-03,-7.536272830308583803e-02,4.095198379900738539e-02,4.965274477845860179e-02,9.995449385066028647e-01,9.720887322065317748e-02,-9.995568490477177992e-01,1.438406428198503451e-01,2.290317390909093476e-01,2.094055525981524113e-01,9.949166408999064737e-02,1.149077013990821433e-01,1.447410095921234929e-01,4.379779730976227775e-02,1.564574463064287713e-01,7.781015220599804549e-02,-1.075950220789724104e-01,4.458412808762177854e-02,-4.700079360068647877e-02,-5.589520116844134273e-02,-5.987774254522367640e-02,-1.900520380045336161e-02,-9.311710710769627308e-02,-1.320909398407755786e-01,2.152502224989864821e-02,1.114877364015139094e-01,7.014096084562139455e-02,-9.994138335905382586e-01,-2.457768723469059419e-02,4.666206345432578201e-02,-5.534059774599633247e-02,1.158105163699294990e-02,-6.837841684543592702e-02,-1.271569612343728950e-01,-1.693997805600228057e-02,-1.899321821583120906e-01,-1.181653282806898603e-01,-1.188919208593299942e-01,9.995218622728104796e-01,-3.888205085092893282e-02,2.963605359965746852e-02,-6.567957981249125665e-02,-7.717365591844950468e-02,-5.425401008558178306e-02,-7.971412033844162137e-02,-5.001655111008660413e-03,-3.750715444891266487e-02,-1.134606753947106778e-01,-4.198256816004494046e-02,3.562086650921654496e-02,-5.803395249642660098e-02,-1.109024070177963145e-01,-1.807431074054270930e-03,2.225783960259469438e-02,-9.963942397561741104e-02,-9.075873309310308890e-02,2.118079025642382110e-02,2.410060305658405597e-03,-5.942617958287333031e-03,6.903965800607941242e-04,5.427827205649019687e-02,7.916884864993320448e-02,9.995967596616212036e-01,5.108840455192476676e-02,6.568462101847251378e-02,9.164590576346438866e-02,2.687150707977510600e-02,-6.192249276358068044e-02,-1.532318515202107066e-03,1.273036883600306701e-01,1.539239177629419392e-03,-3.400821193176487445e-03,1.151076535869906131e-01,5.602499472127226571e-02,6.677947804256400026e-04,-1.613173588789945483e-03,1.202714873407158963e-01,-1.114214748956637163e-02,-9.994275276439267275e-01,7.050507158688131826e-01,3.115636996427114183e-02,-8.038149123522016909e-03,-1.086067206993562850e-01,-2.381444751796596773e-02,3.140453892983914586e-02,-9.996084726061112979e-01,-8.824095565548864539e-02,2.799458631104792192e-02,4.165313180413935529e-02,-1.001443523091029020e-01,-2.058232113818844050e-02,-1.895973755157773352e-03,4.200683540895640278e-02,-1.306448015693747848e-02,1.381332947575848735e-01,1.728382063615150899e-01,9.028647670935296965e-02,1.102777882359356892e-01
1.175111583607643395e-01,4.946561524723017689e-01,-3.850693512651306993e-01,1.361853418695045323e-02,1.000000000000000000e+00,1.924758341452392496e-01,-1.409160926234992103e-02,2.985086109858144376e-01,-5.437378976251185797e-02,1.127607852416717509e-02,2.370192824101511886e-01,-1.230053857837595972e-02,1.467579467862959453e-01,4.317436522736113891e-01,3.991218752206208698e-01,4.242552081134071118e-01,9.180366227675282320e-02,-5.131502068365068753e-02,-3.411920968312016217e-02,3.288959583737255943e-01,3.855973601474584345e-01,1.211322057233442245e-01,1.606374785725832310e-02,4.648532013500400462e-01,-5.652134664633670647e-03,1.581069428447342828e-01,-4.235974736165241950e-02,-3.322833284775246476e-02,2.612004129921388640e-01,2.136156511642541000e-02,1.699759155859733861e-01,-1.042860524501662695e-01,1.116928011691629696e-01,-1.320141986786902977e-01,4.067836246451720511e-02,-1.840287872667920599e-01,5.080228493111808852e-02,5.415396128567104977e-02,1.402451741154443488e-01,1.621888144214681318e-02,1.536995298549803379e-01,1.289184881581098285e-01,2.814236068272272795e-01,-6.953297088634610712e-02,4.496218062994359471e-02,-9.167124484922590383e-03,2.114298285424210944e-01,-1.041729331743903170e-01,4.513707735699857421e-02,1.010625733149832089e-01,-1.653795422969281115e-01,-1.880464591111060957e-01,-3.592619101623814593e-01,-2.171146368340160643e-02,9.806683600267833423e-02,-8.162580337750637016e-02,1.048810504298325341e-02,-1.841816760666938613e-01,-1.607727445198814387e-01,-1.158553861791321027e-01,-4.472487078116464398e-01,-2.480433220439677844e-01,-1.423180940281879303e-01,2.425660477737009713e-01,1.322092467747371658e-01,-1.528029839299955839e-01,-3.029755482856892890e-01,-1.961143813298038274e-01,-6.618116400080786832e-02,-2.220588155744900039e-01,-3.109707187469381573e-01,-9.857911729030002790e-02,-8.439331834974098112e-02,-2.915259547680922880e-01,-2.528633986546968693e-01,-2.481392571619921994e-01,2.458798072445802507e-01,-2.540167450349125056e-01,-1.161711526773538811e-01,7.182712549284932246e-02,8.569386361563912508e-03,1.752649533034685847e-01,-2.759048244250094095e-01,1.871133819164141621e-01,-1.067184699814653775e-01,2.343961102221190640e-01,2.552855278939082928e-01,5.999303249802307586e-02,-2.486082489169176013e-01,2.545439586081805761e-01,3.635384098160747701e-01,-2.881343648344993763e-02,-2.469215168599545873e-01,2.560149093434958556e-01,2.269381073534915971e-01,-1.728512178829003099e-02,-1.430778615500827647e-02,-1.735446242165572528e-01,2.286075909900034953e-01,2.893586494855464597e-01,-4.224733733318575268e-01,-2.117743162384439215e-01,3.949225683226518235e-01,-1.234504816147395830e-02,-4.974035338247795868e-01,3.112244095582795272e-02,1.832498622174149883e-01,-2.406146926977295319e-01,-3.175949266847382102e-01,-1.444071293340995765e-01,-1.273828839000900881e-01,-3.305342548305854611e-01,-9.865512068585403915e-02,1.144593667769253260e-02,1.640570278439315577e-01,4.787761822040406678e-02
1.703310650828748773e-01,3.825080588451455488e-01,2.635832486167697941e-01,2.714864414719773619e-02,1.924758341452392496e-01,1.000000000000000000e+00,-2.442658004731891250e-02,1.803534571164265299e-01,-7.211784015634174760e-02,2.777135268820439887e-02,-1.356855562466297849e-01,-2.959063227476639232e-02,1.548116427101587367e-01,1.054987287483596103e-01,1.063466010314212118e-01,1.404637729152557191e-01,1.128213583218415639e-01,1.865332334727449679e-02,-2.118342540189535605e-01,-1.772863492256346873e-01,-2.812614853241276677e-02,-2.764168871452481469e-01,2.442655256904938121e-02,1.275680853650174584e-01,-3.224255633658681952e-02,-4.399634705558216896e-02,-1.191683341477477003e-02,1.238543612442699754e-01,9.768069419131986120e-02,-3.831872107752751916e-02,9.146302456670164782e-02,-2.602225800055650295e-01,3.926010080413512571e-02,-2.682746910784771788e-01,-2.280193358431269191e-01,-3.197621341339278167e-02,1.655948041439410032e-02,-1.508632901916686087e-01,1.212745128604518913e-01,-8.767685145259759838e-02,-1.030577161029175015e-01,7.454065458419743828e-02,2.195513855005384041e-01,9.729304796842382086e-02,9.570633275407322560e-02,-2.753046252926084903e-02,2.321077889152847462e-01,2.323146795649240481e-01,3.239059298045443014e-01,2.614419379248062447e-01,1.829359613320712397e-01,1.853799674771221262e-01,2.658157126304317580e-02,1.263683078089112566e-01,-8.548379236696702910e-02,-1.043384684355275621e-01,2.781900536711551936e-02,-1.092546803273689859e-01,-3.418535043917200200e-01,-1.232650614729073335e-01,-1.953012139742888453e-01,-3.424338800147859185e-01,-3.636080551272047323e-02,3.037214513045012609e-02,-1.554399783415669756e-01,2.581236789356137085e-03,-3.946006014745185309e-01,4.751408022306434498e-02,3.048199603742336450e-01,-2.340391323023825187e-01,-3.020343974131726172e-01,2.633479341607085633e-01,1.584122493215350536e-01,-3.790117459248593113e-01,-9.258527525836815486e-02,-2.990579993761364672e-02,3.455998266327427876e-02,-4.461028025064944086e-02,1.263508612308421875e-01,3.581250383151450278e-01,2.603909095870650392e-02,-1.562126021732997694e-01,-1.705805489672289899e-01,2.334154339720619781e-02,-3.984941430040972454e-01,2.535079653711631853e-02,4.463224192789613798e-02,-2.351373253445455391e-01,-4.380318160790079574e-02,4.287679831664529401e-02,1.685690011162415680e-01,-3.859881933631728046e-01,-3.917660592116488372e-02,4.494131035330213575e-02,-8.210610203624494133e-03,3.486046014249532532e-01,-2.619594286566311742e-02,-5.578067083852357270e-03,4.005324605690038786e-01,7.890077185717805919e-02,-1.785986119897758628e-01,2.143310449239909654e-01,3.573015913484576256e-01,-2.984025355312529965e-02,-1.109586188541682172e-01,3.217009089053149973e-01,1.978642554961532185e-01,-2.355202267223644175e-01,4.012394560602543410e-03,2.040747365694588478e-01,2.519353859609184676e-01,1.922331438590800523e-02,3.191636791091802539e-01,1.793901301526231451e-01,1.878309524837099564e-01,7.215298449825638394e-02
2.274713156634418365e-02,-5.132039949526253503e-02,-1.313104372294385536e-01,-9.994351839470418941e-01,-1.409160926234992103e-02,-2.442658004731891250e-02,1.000000000000000000e+00,-1.058774321499635351e-01,-2.047551966708782145e-01,-9.996163471504526665e-01,-3.305305446348890536e-02,9.993959615909447924e-01,-1.374097516195227353e-01,-5.816382267438232473e-02,-2.562443105126853415e-02,-5.466595514833901513e-03,3.014580896919500513e-02,1.914102848940747170e-01,5.545702831390622589e-03,7.035646445632764978e-02,-4.655218640449997058e-02,-5.813774862352405481e-02,-9.994243296634758300e-01,-9.422651106678173183e-02,9.993263164729391246e-01,-1.384200645639272753e-01,-2.243668929866149131e-01,-2.079306114306712916e-01,-9.209995679075895503e-02,-1.068440331336146104e-01,-1.364328479516603576e-01,-3.974586600403955117e-02,-1.446248157910706156e-01,-7.594515514460301042e-02,9.755088138517524488e-02,-4.801666392664372812e-02,3.982510930313005321e-02,4.948429023136789034e-02,5.534400612621762083e-02,1.155696984295542622e-02,8.239219617935061857e-02,1.267043075197751834e-01,-2.231491766472092075e-02,-1.097193084012617614e-01,-6.280640361026411378e-02,9.994766458998377567e-01,2.998394486754848987e-02,-3.888851669468542521e-02,5.612237162742067520e-02,-5.376195717512911344e-03,7.207158420601712800e-02,1.257793066196577214e-01,1.785816843722097189e-02,1.865332936066917968e-01,1.190216630870342546e-01,1.170145518075569879e-01,-9.995295836778652632e-01,3.218471192753209753e-02,-3.581841138098917909e-02,5.552175743312143252e-02,7.355650431016835800e-02,4.361399537710815982e-02,6.953862413151237765e-02,2.984400094659489782e-03,2.540708571291213844e-02,1.042476382929973383e-01,3.580967849205102943e-02,-2.458671073815535055e-02,6.036113269390434161e-02,9.861684115321139865e-02,3.428064573219748775e-03,-1.037387437568143729e-02,9.421366209784996781e-02,8.088252820120267472e-02,-1.289920653818057983e-02,-3.916444556013579299e-04,3.950237743609494832e-03,1.101526087017495881e-03,-4.277107983786803541e-02,-7.133198177099425719e-02,-9.993266847635056127e-01,-5.053211672686151734e-02,-5.935722873604201005e-02,-8.412402824833686843e-02,-3.480054828496271374e-02,5.207144346321840311e-02,-2.137262685943457053e-04,-1.253202743786940021e-01,1.198871996772197856e-04,1.534701007442067656e-03,-1.063542372315115087e-01,-6.178345567746801326e-02,1.040803344841317261e-03,-1.659038399143265526e-04,-1.127714520962433270e-01,2.186073164420811177e-02,9.997398873883733827e-01,-7.036886170870194634e-01,-2.148334211237791155e-02,-1.240541389323981264e-04,1.010195393235699401e-01,3.438792291977782467e-02,-2.833817635118175346e-02,9.992691184576744101e-01,8.836472798463890221e-02,-1.635248851018137120e-02,-4.594095686686534841e-02,9.027567828131594085e-02,2.944118207076774213e-02,5.400721725376578936e-03,-3.126588591564189584e-02,1.913518798119598005e-02,-1.313547326477522426e-01,-1.738559686670766991e-01,-8.846362387616676926e-02,-1.103268520996208563e-01
1.452422357968342903e-01,3.439602871421771901e-01,8.798500368137429639e-02,1.152900716638522033e-01,2.985086109858144376e-01,1.803534571164265299e-01,-1.058774321499635351e-01,1.000000000000000000e+00,1.540151567258974119e-01,1.110410701844825182e-01,4.026905744997370529e-01,-1.126984635937053614e-01,1.881791946267996063e-01,4.707248965931172258e-01,5.117072893747954820e-01,3.123465078574558795e-01,1.108654085873026773e-01,-6.605084213400917725e-02,-3.853718845243270935e-02,2.517076333978572333e-01,3.685823192150417538e-01,-8.298598818009812750e-02,1.192897738181658007e-01,6.151656900804628458e-01,-1.122774897002254413e-01,3.472763099336774184e-01,1.938319461666079546e-01,2.732524146901485484e-01,5.127115186622355214e-01,1.829941180422013647e-01,5.295847305056466947e-01,-4.991133322990452120e-02,3.075523402584985355e-01,-5.681026146567808716e-02,-2.029818962440092245e-01,-1.356254605501198973e-01,-1.935414296523901567e-01,-2.804592935474954363e-01,-8.217964174005215616e-02,-1.876873151904655534e-01,-2.330727407374536542e-01,8.300047654422497423e-02,4.014070939709289965e-01,2.827506201477757442e-01,3.872384205278576186e-01,-1.178476869571825625e-01,3.710924975348662280e-01,2.361976186357415408e-01,9.500634287231640718e-02,3.467937609053866055e-01,3.736171596330108841e-02,-1.214409921606156434e-01,-1.040122908631028048e-01,-2.025811594853497710e-01,-1.703114571199723648e-01,-3.329248223947198770e-01,1.099691799903944611e-01,-3.967724277409619416e-01,-4.643982235079135434e-01,-4.101347210337948912e-01,-6.578782917401673203e-01,-5.897511942842440513e-01,-3.269634829475540072e-01,2.206282919005245202e-01,-1.155422257085125942e-01,-3.393080719871410245e-01,-5.945800347840985989e-01,-1.061512977951428044e-02,6.832311613265618089e-02,-5.593368152481364985e-01,-4.365015383650830971e-01,1.910220910638672498e-01,-1.477195336720687202e-01,-6.586916998457958972e-01,-1.789602816183792910e-01,-2.276865876564845570e-01,2.245614044039928314e-01,-2.425647304529688630e-01,9.610518894566530412e-02,3.898315987935449534e-01,1.147490503295187647e-01,1.724885645497270525e-01,-2.271868058502760079e-01,4.117097072582496242e-01,-4.247774923333493269e-01,8.380693727942183091e-02,2.451020181808961917e-01,7.096159120817814581e-02,-2.401420989034919462e-01,2.384413466383003832e-01,6.346797005245266021e-01,-2.506200898379196129e-01,-2.367639975379944028e-01,2.437482571273761611e-01,4.135476871676211363e-01,2.876120721370866162e-01,-1.137090866131073297e-01,-8.895758840485874785e-02,5.516131433897371039e-01,2.053577336472780512e-01,-6.649757825800535205e-01,7.226070164307389979e-03,6.239491541018249432e-01,-1.193594395570704569e-01,-5.977432895002994240e-01,3.571000520390665844e-01,3.209167127863127855e-01,-5.964553440616733315e-01,-3.363511257557117440e-01,-6.673386707948833485e-02,1.389638391005818263e-01,-3.869243488477138726e-01,1.044542356205057226e-01,1.253859062140205982e-01,1.447398472833598126e-01,1.297628025610076119e-01
-1.866872372010722203e-02,-2.906998010219697878e-02,-1.640824934751469732e-01,2.035042875316090127e-01,-5.437378976251185797e-02,-7.211784015634174760e-02,-2.047551966708782145e-01,1.540151567258974119e-01,1.000000000000000000e+00,2.083274639382459437e-01,8.540564628368307876e-02,-2.069705385457937252e-01,1.156035515178884254e-01,3.488578387201387437e-02,4.846471433990415245e-02,-1.609514985615296823e-01,9.897968348364812041e-02,6.611733748037594560e-02,7.264465737569213155e-02,-1.096661690742856653e-02,-1.123181284769586424e-01,-5.628687572166970327e-02,2.113164425732854124e-01,9.505312975433177769e-02,-2.077920948245213506e-01,2.452187888883276823e-01,2.039414803531759690e-01,2.732594976326700453e-01,1.427424171766052130e-01,1.052964190315017340e-01,2.222568453919241405e-01,1.379469298045297304e-02,1.351167002540957542e-02,6.935962354910150951e-02,-2.487597209908065654e-02,5.644953810953099588e-02,-2.205865319047491946e-01,-3.483345351148146030e-01,-2.395763499903903748e-01,-1.194985598770618718e-01,-1.060446988895836773e-01,-9.707498425234564743e-02,1.048039070883353269e-01,2.300543031378268766e-01,3.071887027968331907e-01,-2.069226815929144647e-01,1.938878944899004586e-01,2.241790976131229907e-01,7.401979587605383125e-03,2.423963224953776530e-01,8.775009518138669751e-02,4.387679428905062046e-02,5.442232032506089806e-02,-9.386017669828686238e-02,-3.146986392578587921e-01,-3.452135409291377521e-01,2.036873206019815530e-01,-2.843912251175866879e-01,-8.780247725608396336e-02,-3.534727316870897584e-01,-1.224834402702087294e-01,-1.764972728010326397e-01,-3.412968371677233548e-01,6.388054986434746341e-02,-2.488815719845318131e-01,-3.756157447663858173e-01,-1.297610021015021924e-02,2.747680133773436340e-01,-1.819819753166916076e-01,-3.383945052658386410e-01,1.707222112290181504e-01,1.763797688172205336e-01,-3.465068012993739455e-01,-1.768731308580952233e-01,2.620288314823312481e-01,-6.928671506067705932e-02,6.143807265851096433e-02,-6.911924900429700092e-02,2.531157209823003407e-01,1.717564879900215780e-01,2.123671379085670663e-01,2.404530990013239167e-01,2.845371348662637523e-01,3.952737032694869090e-01,-6.513369149966502514e-02,-3.239376416602880449e-01,7.305345351943511034e-02,3.039115678413290000e-01,-7.464449506180119431e-02,6.453774375968840404e-02,3.286458029338326647e-01,6.376282281609943481e-02,-7.647811899150326609e-02,6.922412953294725113e-02,3.692791819954520660e-01,1.231261868980330770e-01,-2.017046514209781816e-01,9.550528819641751488e-02,1.135274371321600834e-01,-2.694194372208816302e-01,-2.748128642369388475e-01,1.325720204770733934e-01,-8.915405948025107580e-03,-2.129647233369206527e-01,-1.230820600930804948e-01,1.792758589852353479e-01,-1.406212059189277108e-01,-4.027343604304803315e-01,-1.153654644781053895e-01,-2.502963165760742070e-01,8.873968559033146297e-02,-1.616176407438989493e-01,1.613188733043902368e-01,1.728420979721850825e-01,1.375809661596587817e-02,7.128355356497678708e-02
-2.064036072564100904e-02,5.305380211342879127e-02,1.345623042087535637e-01,9.994327330340541105e-01,1.127607852416717509e-02,2.777135268820439887e-02,-9.996163471504526665e-01,1.110410701844825182e-01,2.083274639382459437e-01,1.000000000000000000e+00,3.938116181399829024e-02,-9.994812360292650855e-01,1.393033477299669143e-01,6.352864821921258565e-02,2.563891364345514956e-02,4.533365555170527743e-03,-3.048275597136602608e-02,-1.967277862689460199e-01,-7.910853529655675898e-03,-7.336452619909755724e-02,4.548011600906824714e-02,5.667060788032812074e-02,9.996089868171192938e-01,9.696656963146046970e-02,-9.994290686164627457e-01,1.447115211791441536e-01,2.308874662931960364e-01,2.101361033386348887e-01,9.792224506060932809e-02,1.114187256595786241e-01,1.433646702434557274e-01,4.194137701978162963e-02,1.489066786466742009e-01,7.586915013386746898e-02,-1.027655631995482849e-01,4.682982942743976057e-02,-4.757679728789697415e-02,-5.580306115555054569e-02,-5.997165982862481121e-02,-1.806579437239696009e-02,-8.811778878437223628e-02,-1.277781093147442038e-01,2.613978131584847320e-02,1.111032757009854516e-01,7.042958705299934286e-02,-9.994316314433261406e-01,-2.500511595251891581e-02,4.441023789990140164e-02,-5.715701351440127115e-02,1.051132417738258329e-02,-7.248817434982061936e-02,-1.295508944863515977e-01,-1.622386533183945573e-02,-1.938879054550149139e-01,-1.219958659114582233e-01,-1.188049628397020580e-01,9.994306950582320104e-01,-3.629927934810982942e-02,3.428001441990093795e-02,-6.188922714607264508e-02,-7.630043643852847668e-02,-4.891792487207344969e-02,-7.731376025554738407e-02,-4.333631005067344229e-03,-3.161080795255601095e-02,-1.128410804213121760e-01,-3.736142515754227456e-02,3.097694140031232932e-02,-6.375690883163040446e-02,-1.069368751415723795e-01,-2.685720969508898241e-04,1.506014179025795888e-02,-1.018228757587166106e-01,-8.600158150189170236e-02,1.881844963591919676e-02,1.652965808596620163e-03,-5.337283693329748606e-03,1.237703219832251460e-04,4.932270271427801472e-02,7.544130432822429566e-02,9.995596540293404386e-01,5.485400534862060196e-02,6.480629838641763230e-02,9.152757790473495247e-02,3.350233276800732712e-02,-5.820625253934361143e-02,-9.613238056407196483e-04,1.317096802965556368e-01,1.033061089058250840e-03,-2.835364498043644460e-03,1.140401763570134397e-01,6.277243106714473775e-02,8.647138256357279982e-05,-1.060738006576836603e-03,1.208938373283218876e-01,-1.861240105846902887e-02,-9.995757317665440178e-01,7.045418417123673338e-01,2.488108515268354012e-02,-5.851323687411708573e-03,-1.076475535546046469e-01,-3.076277098164532584e-02,2.826720410495509039e-02,-9.995140826274775403e-01,-9.041795997696244758e-02,2.124558389251245821e-02,4.149393061697130569e-02,-9.745841939807192711e-02,-2.652648340134612301e-02,-7.389135030571991787e-03,3.587092710353244340e-02,-1.703980983068551641e-02,1.334469449968237464e-01,1.708474813657209490e-01,8.751677258652043601e-02,1.104887737593661656e-01
1.008047428631013570e-01,2.862493668955340409e-01,-8.077659094328919209e-02,3.426625069889702863e-02,2.370192824101511886e-01,-1.356855562466297849e-01,-3.305305446348890536e-02,4.026905744997370529e-01,8.540564628368307876e-02,3.938116181399829024e-02,1.000000000000000000e+00,-3.104309379440776256e-02,-1.748707240099372229e-01,5.026442411508629249e-01,5.354912819589398021e-01,3.660218973641954920e-01,3.254398601686802478e-02,-1.390663859310833916e-01,2.222166566535312138e-01,2.797847052241641541e-01,5.402543812148616897e-01,3.624273182946829985e-01,4.070337911422101940e-02,5.467217314672888628e-01,-2.467942840098861709e-02,3.376019243060935926e-01,6.415399467156514268e-02,2.104163488930556325e-01,3.551482048007600367e-01,-4.533773961444748091e-02,3.479538555949565626e-01,-3.304005565923962690e-02,1.713877849773681183e-01,-2.091542958758895593e-02,5.243600523570983440e-02,-1.429384186274324786e-01,-1.555498460429687556e-02,-2.732352545053480519e-02,2.619318818747401814e-02,-2.225689821861301029e-02,-5.954508134218688964e-02,1.368360576648347815e-01,3.045772361744171208e-01,1.378198788080257364e-01,2.020136729343482707e-01,-3.597096388891733720e-02,1.563274899189053546e-01,-7.047519179041109028e-02,-1.082197072866489113e-01,6.246260119485633200e-02,-2.374580319624073621e-01,-1.084345285843606732e-01,-1.390810173595038446e-01,-2.046522240262391712e-01,-2.100437092201472844e-01,-2.526379459933046912e-01,2.945438828183781152e-02,-2.437534370123368155e-01,-3.673469367462896436e-03,-9.215207150750445719e-02,-4.991914460022774391e-01,-1.296825981386969806e-01,-1.421826653232608484e-01,2.719763983454431822e-01,3.019043291129250850e-01,-1.892681383741641743e-01,-2.035332804284411823e-01,-3.330971779121060794e-01,-2.656663493828627653e-01,-1.637921374712478506e-01,-2.848372486748723120e-01,-3.081571167227310504e-01,-2.069745339694197550e-01,-2.067973634896474733e-01,-3.533563567524999893e-01,-2.792268465940764277e-01,2.726874749438873424e-01,-2.795308446358278909e-01,-3.109766674339766168e-01,-1.210035817349920939e-01,3.150501727206625469e-02,4.053896200803778216e-01,-1.860661309177406852e-01,3.109944280326157329e-01,1.058705404298324187e-01,2.528590549841637780e-01,2.794166000773417036e-01,2.781425900382770156e-01,-2.724803152464026490e-01,2.779415308652352645e-01,4.097848010844765132e-01,2.032334336644417982e-01,-2.734296847302495892e-01,2.793632450560729064e-01,3.190636166431525811e-01,-2.385867721075834447e-01,-4.044241281619224276e-02,-1.785931980394947494e-01,6.586925511168972847e-02,3.537170955795290728e-01,-4.639321418282545406e-01,-4.287259352148238278e-01,3.264384974128417549e-01,-3.271257219536014699e-02,-6.046087014954407701e-01,-1.655147320873197603e-01,1.711216186119741967e-01,-2.264276209888593794e-01,-5.076680365973530451e-01,-4.416132281108699487e-01,-3.951996765893431296e-01,-5.041321490719252729e-01,-3.195117578172789741e-01,-1.640172173225116770e-01,2.752302021657171069e-02,8.548757791761049663e-02
2.348051030826276905e-02,-5.118834526582765471e-02,-1.283756536377065050e-01,-9.994578328669386780e-01,-1.230053857837595972e-02,-2.959063227476639232e-02,9.993959615909447924e-01,-1.126984635937053614e-01,-2.069705385457937252e-01,-9.994812360292650855e-01,-3.104309379440776256e-02,1.000000000000000000e+00,-1.387849261146867907e-01,-7.005841034831945813e-02,-2.115348835789864629e-02,-1.245210522801487064e-02,1.991073393926006546e-02,1.944823949937285190e-01,8.531316687361643891e-03,7.079284859636696126e-02,-4.138640394105679021e-02,-5.552743536747586223e-02,-9.996769497016744221e-01,-9.629607875449407162e-02,9.993983180643882802e-01,-1.472329650642183740e-01,-2.279387819109214564e-01,-2.045874754803853335e-01,-9.980203538692831999e-02,-1.164111664484209496e-01,-1.426495684538536257e-01,-4.621057853369652663e-02,-1.495274024996774420e-01,-8.067061118937904340e-02,1.053230567707006404e-01,-5.114310569763676206e-02,4.312769134517231706e-02,5.187778992611613571e-02,5.948435419032799265e-02,1.244338640569187145e-02,9.011761092255178573e-02,1.293520021385131391e-01,-2.282092448916392402e-02,-1.092504481316115272e-01,-6.418255782299327195e-02,9.994596757594803593e-01,3.020039520757594048e-02,-4.175778023023692803e-02,6.064207337435938150e-02,-5.131145090110139986e-03,7.482679159904516430e-02,1.302046150299044081e-01,2.228594755264000707e-02,1.912363339493327041e-01,1.204209529930865413e-01,1.160799033603655550e-01,-9.995100488827005636e-01,3.664794680994992726e-02,-3.566938263993416069e-02,6.492716568355727524e-02,7.482710619022270304e-02,4.854897511451447545e-02,8.174114182588489153e-02,4.844009982090098296e-03,3.525819263597761155e-02,1.167261075034436574e-01,3.505411308683725052e-02,-3.555757433638783577e-02,6.579652938139873841e-02,1.093557532909928132e-01,-3.930074695157935970e-03,-1.779571403313581421e-02,1.051278110411126149e-01,8.582519357891192635e-02,-2.385060600713607981e-02,-2.142067457465988804e-03,5.885618391441992114e-03,-6.381577707203993756e-04,-5.360885383924200720e-02,-7.670295792888723319e-02,-9.996191179157088991e-01,-5.498618604850392250e-02,-6.875155622580014780e-02,-9.523805483720401699e-02,-3.326612970139600223e-02,6.393080972583456423e-02,1.396781504813377232e-03,-1.336470963072414198e-01,-1.420891304568112998e-03,3.352626900813204455e-03,-1.156861534945656106e-01,-6.353947206807407377e-02,-4.691483235251997009e-04,1.538059469387474459e-03,-1.238243378481433121e-01,1.745932020839883678e-02,9.994547501563512126e-01,-7.048496132996546759e-01,-2.444105307942534208e-02,9.882131517825354372e-03,1.090235349752085303e-01,2.871033694498917321e-02,-2.645072336233804389e-02,9.995872781349504077e-01,8.995584261280301086e-02,-2.225359831953682005e-02,-3.968521924058313749e-02,9.932904237111128687e-02,2.344520511120537845e-02,4.855608565380503672e-03,-3.914736146934492261e-02,1.674505659913962108e-02,-1.350786525638741353e-01,-1.680502110646807379e-01,-8.698485037564925026e-02,-1.079209605518326592e-01
6.479679391773247865e-02,7.493692474605667675e-02,9.512629296681210378e-02,1.406689017279437459e-01,1.467579467862959453e-01,1.548116427101587367e-01,-1.374097516195227353e-01,1.881791946267996063e-01,1.156035515178884254e-01,1.393033477299669143e-01,-1.748707240099372229e-01,-1.387849261146867907e-01,1.000000000000000000e+00,1.424614156600242654e-01,3.795867750781782568e-02,-1.149547000334385505e-01,-1.324893304213144163e-01,-2.183273318836883581e-01,-2.896042727087607682e-01,1.548059268959678901e-02,-6.647921326196323810e-02,-3.401986934153045650e-01,1.400906338812214769e-01,2.473667525922589316e-01,-1.410957518430153157e-01,2.310026934010110111e-01,4.501070497618696598e-01,2.727402988309004517e-01,2.829057226893893495e-01,4.318657759222476189e-01,3.148080891364403722e-01,1.193976373672585439e-01,5.662515233846578816e-02,-7.009133537439481143e-02,-1.891515844596965978e-01,-2.322370644641994775e-01,-3.375722499983385694e-01,-1.928618217082248010e-01,-1.349417367452353522e-01,-3.021392863337891699e-01,-9.926730926179376177e-03,-1.401652818946879098e-01,6.563133638042928375e-02,5.977812958267074428e-02,3.080345664569377750e-01,-1.338130494364031253e-01,2.574024287623631335e-01,2.545396589222366224e-01,6.434002914828505781e-02,2.391298795588638337e-01,5.880248025238090509e-02,-1.132989810368865147e-01,-4.377978226642018772e-02,-1.530914844092983729e-01,9.558736007723613384e-03,-6.295767581156910819e-02,1.334643420125654345e-01,-2.180963176293124750e-01,-4.039022260962251698e-01,-4.466299896708062489e-01,-3.058479899010929648e-01,-5.149788634914922447e-01,-2.863251671417815225e-01,-6.017759866654918965e-02,-4.066310326272881692e-01,-2.732881352441854927e-01,-3.914450725357919714e-01,3.174481559993087010e-01,2.101174649754445345e-01,-4.673818022449330867e-01,-1.246949488351206253e-01,4.434861395198181899e-01,-6.914613464625529726e-02,-4.876271195448841911e-01,1.650091425631302899e-01,5.773581848048398718e-02,-5.818610194538401115e-02,4.521918009716514864e-02,3.981829771810745378e-01,4.634729292844829152e-01,1.402956334542240224e-01,-1.440281186389138213e-01,2.901867584391164961e-02,1.956810789073830659e-01,-3.865118228927328370e-01,-1.707643580491802204e-01,-4.333106774031288827e-02,-7.979185533859874460e-03,4.105704516451848252e-02,-4.993417347845931914e-02,3.351498840009334845e-01,-3.058017876690963255e-01,4.286840698064541683e-02,-4.506290284705040394e-02,2.371227438653628339e-01,4.312037064050734392e-01,-1.333857809709449727e-01,1.332368298196579537e-01,4.693785677778138377e-01,-1.490638703152580291e-01,-3.152526803421762391e-01,3.521881267249535874e-01,2.833155379065276369e-01,-1.435078312381889987e-01,-9.638685014311315635e-02,4.915243884739762259e-01,5.449820929317956281e-02,-3.638831640019150049e-01,1.498334978373512816e-01,2.624832540808694770e-01,3.698567045563317390e-01,-8.219376898654952301e-02,2.755257986840146667e-01,2.418561733308990380e-01,1.909957100838376998e-01,-5.830783397180775568e-02
