1.000000000000000000e+00,5.139046242169295065e-01,2.793391808989548752e-01,4.840836786084893630e-03,1.171396040257627206e-03,2.772221564559161910e-01,1.704700609780237242e-01,-8.973540906475561962e-02,1.044096274669539803e-01,3.057084502075783639e-01,5.320390677430526793e-02,-9.386266349687605315e-02,2.303932691084428219e-01,2.776548054507089192e-01,5.248272041274240629e-02,2.981555374935520586e-01,6.148992947176999679e-02,2.862892742717973449e-01,2.639677253664690637e-01,5.637899274917668874e-02,-3.553763954478930676e-01,3.186684258904794176e-02,2.828081921029231838e-01,-1.780410201492580169e-01,-3.058315736570946797e-01,-1.913933360726444710e-01,-3.393614139025184495e-01,-3.017250611877318467e-01,-2.386478309322471736e-01,2.138175845172563330e-02,-2.397681758166564370e-01,1.462592087360760074e-01,-1.442813325131237223e-01,1.137584753925050818e-01,-1.018537710669359247e-01,2.978657623409728880e-02,8.084299612304948757e-02,-9.200593246402614944e-02,2.964883816889808954e-01,-3.129159553733738136e-02,2.112400907216116230e-01,-5.429265272188938535e-02,3.721867475961185279e-02,-7.567459878792712202e-02,7.461980422980440952e-02,-5.261210069120418609e-02,-8.827614519018767147e-02,-3.317333463037079877e-01,-2.080121490810389606e-02,2.355395839133593017e-01,2.901805913372538723e-02,3.582028236575360292e-01,3.339562189416886429e-01,1.730243369773884488e-01,1.831405522998510449e-01,-3.126388660874154235e-01,-1.620973408321228215e-01,2.799303858093107333e-01,-2.963562136150074341e-02,-3.589756045078576485e-01,8.735894677960508170e-02,2.539843016655890517e-01,-2.523744820190988447e-01,-2.000333324095140142e-01,2.971297389054317062e-01,1.074186750898630666e-01,-3.371436694814841650e-01,-7.502813353239942695e-02,1.581775114481189792e-01,-1.622683425483893438e-01,-2.683492730257193704e-01,-1.722571290045618597e-01,-7.529370541312813137e-02,-3.059277349500659215e-01,-1.914140209045487040e-01,-8.212581009953143218e-02,1.657410548050675114e-01,-1.367245744959468268e-01,7.951535116329266906e-02,2.456605371067993940e-02,5.871551720110335104e-02,1.229075997066628873e-01,5.986614938406413511e-02,3.268114450623631484e-01,8.322303938533669176e-02,3.092577641845591363e-01,4.467972457757763555e-02,2.753708920180812370e-01,-1.346212365467439886e-01,-2.167213771500197186e-02,-1.206314191706272382e-01
5.139046242169295065e-01,1.000000000000000000e+00,1.709032328128224365e-01,3.481394759568416652e-02,3.385862316195450972e-01,3.927582271902507194e-01,4.242080692550986853e-02,5.886847693652971086e-02,4.273138420371451751e-01,2.996588134581242846e-01,-2.223177083849571870e-02,1.632226681799842372e-01,4.697447001325114058e-01,1.832106029368285316e-01,-1.427367780306110778e-01,4.047062484325528731e-01,5.054141477906119034e-02,2.446322822814512576e-01,4.942753441893966149e-01,-1.184734337880227056e-01,-4.377259930099136609e-01,3.273406121251719592e-01,3.815507411489953427e-01,-4.020822280569092411e-01,-2.716315842131873937e-01,-4.849277203060017860e-01,-4.094739992596734268e-01,-5.537692534917266762e-01,-4.293605838339160097e-01,-2.074424060671337389e-01,-4.623755649606687834e-01,5.771992725299576743e-02,-3.812073452074319357e-01,7.925051401772595372e-02,-2.706667264411048435e-01,1.254511907166235840e-01,-1.334553995212279520e-01,-2.025445755415052618e-01,5.499467153796675500e-01,2.435610937826692413e-01,2.371819199150977386e-01,-4.824768351396359345e-02,-2.061288551182989259e-01,-2.253011383228577524e-01,3.687765672560869290e-01,-1.057393920049271435e-01,2.329463539862202878e-02,-5.148157342897446975e-01,1.538445840859027636e-01,4.919330518899622251e-01,1.949314723602250110e-01,5.261010377495979329e-01,3.248738368110317132e-01,7.957235231909408346e-02,4.679537912501604002e-01,-2.985082273519756302e-01,-4.610397317473448053e-01,3.347688852552241912e-01,2.234679041949168277e-01,-5.160477151925736417e-01,-1.062012487144202155e-01,5.052785542588104084e-01,-1.197491480783489798e-01,-4.308217156239385059e-01,3.093146076537907074e-01,4.189666269552682620e-01,-3.579281421717344092e-01,-3.176759559853557513e-01,2.618776109977712929e-01,-1.355957026527647132e-03,-4.890447991915338188e-01,-4.002235481958678620e-01,-3.535202256923141162e-01,-5.256367232955726498e-01,-4.484920882072678805e-01,-2.488410946263349133e-01,1.042057187197043405e-01,-5.291634063483748734e-02,1.137413317762396014e-01,2.952371091667145286e-01,1.897074485520877096e-01,4.348171563258223515e-01,2.235274683307248711e-01,5.680353176202901366e-01,2.944836732382101196e-01,5.284403229286014358e-01,2.937598429281450541e-01,5.290215724265973085e-01,6.765560871513644214e-02,1.072174504437334586e-01,-2.059852762663081510e-02
2.793391808989548752e-01,1.709032328128224365e-01,1.000000000000000000e+00,8.466075803106012931e-02,-6.683965641222916476e-01,4.997530247099913892e-01,8.123548754739520206e-01,-4.534299937084153576e-01,-4.009217566596482984e-01,8.663172217016394949e-01,4.144734154572745632e-01,-7.376181325062225458e-01,1.023068488782019614e-01,9.374785094817180697e-01,2.476858056183781076e-01,3.247258406348138005e-01,1.485450376575246645e-01,8.421943967249042595e-01,1.240918242917861403e-01,5.811115307999692448e-01,-6.567690497365253899e-01,-6.161788930832212685e-01,5.547590923341776392e-01,1.621899653824916132e-01,-8.847989151167868771e-01,1.575701048815527916e-01,-7.008178029122529296e-01,-1.560377337677683052e-01,-1.742761895537856820e-01,5.775138638701395877e-01,-1.115922646696934362e-01,5.213133308252276832e-01,1.347329458337493402e-01,3.282817420585557033e-01,4.791802735788606299e-02,-2.842284441888794366e-01,5.305570317741620245e-01,-2.793904431863605264e-01,3.377244454928824968e-01,-5.076616692486894955e-01,7.264860292105347339e-01,-8.516099736564226863e-02,6.245909309215528227e-01,1.413161892626993155e-01,-4.074674960955519398e-01,3.973775983285093155e-02,-4.331404869401657698e-01,-3.907529443741186714e-01,-4.023156266422355243e-01,1.088795372057111202e-02,-2.685295373913860750e-01,4.800255442820546836e-01,8.514072059549020466e-01,6.105079449987959039e-01,-2.399886952474937496e-01,-8.493591974549968837e-01,3.006272587796429141e-01,5.314915301080507248e-01,-7.153520451234185451e-01,-5.226865232752629931e-01,6.619755275486194357e-01,4.887401220006108715e-02,-9.198088557897150519e-01,5.406154948188421350e-02,7.284461883389431458e-01,-4.337804486923381164e-01,-7.555995188698770848e-01,3.843727389128115957e-01,4.292932298180394263e-02,-8.636880914284930100e-01,-2.265543695932495383e-01,-2.623825103804043879e-01,5.095706324330381287e-01,-1.790993610618780429e-01,-1.424972542262554695e-02,4.197067304376801977e-01,5.524716792024864098e-01,-4.928579966936292300e-01,1.806122215609659853e-01,-5.212213827365815844e-01,-9.245200820411327014e-02,-3.812271434042682206e-01,-1.741157721853395235e-01,2.551839406233936125e-01,-2.510820118591377548e-01,2.574683618299330456e-01,-4.409527923235587732e-01,1.136275628833849638e-01,-7.637575727032990258e-01,-3.168363538695220250e-01,-4.835182392578166732e-01
4.840836786084893630e-03,3.481394759568416652e-02,8.466075803106012931e-02,1.000000000000000000e+00,2.660406937766152807e-02,-5.906661086937828875e-01,6.059344852696875172e-01,8.120760408448545187e-01,-3.851288176523806617e-01,-2.487667823094987241e-01,9.088225746616201972e-01,3.944072591962556329e-01,-5.589558149082538563e-01,1.419152369965778204e-01,8.353192102637788663e-01,5.970192580544279037e-01,9.639166321107308644e-01,3.208285115696757339e-01,4.556679101677839072e-01,7.090036940550883404e-01,1.815319133121940653e-01,8.191787124905307305e-03,6.308197692487667041e-01,5.794917423161409786e-01,-9.856661092020309323e-02,-3.480533560849145558e-01,-4.265438543548958350e-01,-2.836366322287056652e-01,-6.673117296097331730e-01,-5.234709383273332683e-01,-6.147942797130094839e-01,-7.454843118148617442e-01,-6.783771265567112296e-01,-8.746446870937524265e-01,-8.599368006291273625e-01,-8.897146304634783176e-01,-6.921615089030848100e-01,-9.201475340561475758e-01,-3.155621838794883116e-01,6.006685323847125169e-01,6.668384874745378887e-01,9.529908686337374979e-01,5.755452044591340410e-01,8.668946933596743953e-01,4.688768164926329085e-01,9.484188841921108448e-01,8.041740724980036559e-01,2.981556774114672015e-01,7.617764564012095008e-01,4.971509776560663618e-01,8.083261745062122472e-01,-4.504284937711754838e-02,-2.091791145577444680e-02,-6.503464716706528481e-01,-3.211218429991076206e-01,-3.412087010312130908e-01,-2.760214091402368730e-01,-5.622667962815206533e-01,-3.368452276512773347e-01,-2.586544206301125137e-01,-5.215870046827940643e-01,-4.166396945274055130e-01,-2.256014336706946011e-01,-5.679011702251336446e-01,-4.077727839465519200e-01,-1.679760742640536153e-01,-4.141428625069829561e-01,-5.125674170398188956e-01,-7.850736575016548091e-01,-5.904975027111074998e-02,-1.037659639966558994e-01,-7.670594436714773812e-01,-2.810680588731418461e-01,2.060234173494001619e-01,-5.946910508670276707e-01,6.500200298368553620e-01,7.922142438233369388e-01,7.820719693312303544e-01,9.630747939957241543e-01,4.700714077532695545e-01,8.981858753215287150e-01,2.550474955343944861e-01,8.457794536431261223e-01,1.674239076521924219e-01,7.302984967103129943e-01,4.041336277225789919e-01,5.691010213826341868e-01,3.753778056254820639e-01,-1.405793735410915124e-01,-4.630299333119881067e-01,-3.897964031932902446e-02
1.171396040257627206e-03,3.385862316195450972e-01,-6.683965641222916476e-01,2.660406937766152807e-02,1.000000000000000000e+00,6.679257399281694589e-03,-6.192708859924016540e-01,5.209778998688177065e-01,8.502468355939822864e-01,-4.050450941013166717e-01,-3.306219484686150345e-01,8.738679960228563637e-01,4.521652793396180869e-01,-5.932581052680763189e-01,-3.333680287095074357e-01,2.692055880229677900e-01,1.101206978963199107e-03,-4.027522424059291062e-01,5.508380333379320204e-01,-6.188142282485534773e-01,3.446832919565268744e-02,9.477965241289896259e-01,3.654756098534824721e-02,-6.095524101182736576e-01,4.159776914396874914e-01,-7.702147409234098019e-01,7.240593070418732680e-02,-5.734130200120584053e-01,-4.268508454631532167e-01,-7.975536438026239461e-01,-5.158838786546073862e-01,-4.269018497438796245e-01,-6.353756905523098020e-01,-2.409886370548395551e-01,-4.273912800694594782e-01,3.594774675796371111e-01,-6.611903725157428635e-01,-4.979332345048870928e-02,3.439166748407839203e-01,7.733243972936023614e-01,-3.102374443851466657e-01,7.920064305381703529e-02,-7.747083736438560297e-01,-3.486225650166229206e-01,8.510836357455662249e-01,-1.104749093186895709e-01,4.560260071273746219e-01,-2.842412374071321968e-01,5.879986237402815563e-01,6.332963795313716338e-01,5.242635896346551361e-01,2.413331015298199878e-01,-3.404670891893556428e-01,-4.672098608018834254e-01,7.787877133975736887e-01,3.449109234537559021e-01,-8.582310963002945936e-01,-7.908765725057063933e-02,8.867693057635789300e-01,-2.068529654295702680e-01,-7.513590748808455233e-01,5.612103932797022354e-01,6.480389415050629154e-01,-6.364641226927141293e-01,-2.891218391598872617e-01,9.060018525484075935e-01,1.899776856636772038e-01,-7.869739328118299238e-01,2.708646380630300166e-01,7.347552835223578604e-01,-4.752330564570056981e-01,-2.895405017659889446e-01,-8.616015000638992394e-01,-4.971106878734412038e-01,-5.872508873584832978e-01,-6.446284699810774788e-01,-2.880680991959252424e-01,4.304023013514940432e-01,3.985709323715711655e-02,8.527372000426658438e-01,3.712187876127315822e-01,8.962177217027834653e-01,4.792258111991858360e-01,4.987080170097245024e-01,6.307819990643919184e-01,4.625049320120355190e-01,7.836433691720847694e-01,5.863129755573899260e-01,7.444563825781909117e-01,3.484427683365772244e-01,4.024208023880283536e-01
2.772221564559161910e-01,3.927582271902507194e-01,4.997530247099913892e-01,-5.906661086937828875e-01,6.679257399281694589e-03,1.000000000000000000e+00,-1.145989967105260667e-02,-6.884174811684249384e-01,4.936336469560786422e-01,8.388016078484585858e-01,-4.471623468043169902e-01,-4.298924444723666860e-01,8.737978357099412952e-01,4.880905592791307535e-01,-5.828726043558265513e-01,1.549721136380575182e-01,-5.228491936295943665e-01,4.226401115896658012e-01,2.415835884509424936e-01,-3.361627201246873975e-01,-8.538347914325815635e-01,3.146915404301606212e-02,2.038756439166831691e-01,-7.121892918382201065e-01,-6.138708535716348447e-01,-1.696092259400449609e-01,-4.331501483158194943e-01,-4.205771179636568213e-01,-4.850190972956649332e-02,4.155177029109914932e-01,-8.481434194679254857e-02,8.008522128945902985e-01,1.482371631862868522e-01,8.141926546464268721e-01,3.415205721985970500e-01,6.025392409832823759e-01,5.760889153299486587e-01,3.119593660365265753e-01,8.765135316414737199e-01,-3.957571207777512146e-01,8.985400453666586573e-02,-7.179183019641930397e-01,-3.116468759078625528e-01,-7.349286561958158215e-01,-1.323204162946128581e-01,-7.254359727283850034e-01,-7.191081539928293465e-01,-8.835640156931801048e-01,-5.505191683353193310e-01,1.469031013638453786e-01,-4.829421431523601704e-01,7.700413643381873730e-01,7.205446570724354238e-01,8.025938100151068788e-01,5.675285547079859105e-01,-4.525018295788127975e-01,-1.272280773306579682e-01,9.535994104145664174e-01,1.191530091370422012e-01,-5.716858953242097696e-01,5.450041161143747148e-01,7.966608897958441515e-01,-3.802106577719325253e-01,-2.699444424158640304e-02,8.976562190938571772e-01,3.357736201099207896e-01,-4.153295258047592919e-01,1.898868097742563710e-01,8.213311911169642876e-01,-3.838610555506076771e-01,-5.685275016408602999e-01,2.830789160381210617e-02,1.192508393797974825e-01,-7.465268939166124218e-01,-4.558557754973017323e-02,-4.861156024783936935e-01,-1.516910823684399778e-01,-7.791885167331144002e-01,-4.555770823438209938e-01,-2.656275381558154125e-01,-4.661569176581791263e-01,8.330194855463560200e-02,-4.365249616341387306e-01,5.596659860792876362e-01,-3.226499295197791106e-01,3.628008006977651023e-01,-3.019517138628532993e-01,3.145389729663797818e-01,-1.841740508841117063e-01,2.429822020014775208e-01,-2.085651025773996581e-01
1.704700609780237242e-01,4.242080692550986853e-02,8.123548754739520206e-01,6.059344852696875172e-01,-6.192708859924016540e-01,-1.145989967105260667e-02,1.000000000000000000e+00,5.798796186557943211e-02,-6.501152724449864584e-01,5.060669468928384873e-01,8.508243376454622808e-01,-4.335019853802150047e-01,-3.398026583465750816e-01,8.123068716647918741e-01,7.081153070285346462e-01,5.041698492055011194e-01,6.425010503597076150e-01,8.145965524868626906e-01,2.335652971257190236e-01,9.003223283795760423e-01,-3.374293535289044632e-01,-5.835098067300367175e-01,7.136122704030499753e-01,5.502742429255005341e-01,-7.190916017095962953e-01,5.589992011460485910e-02,-7.163458531586063271e-01,-1.525776473031094094e-01,-4.095301214687364078e-01,2.391832213920440653e-01,-3.210403687496103387e-01,5.414298430943537480e-03,-1.711648717032672185e-01,-2.318420223357454124e-01,-3.708932398813579168e-01,-7.556870761717431328e-01,8.855240054985409615e-02,-6.884628730347581715e-01,-2.742252970840684118e-02,-1.475442910069568181e-01,9.096377444435326254e-01,4.669271990056781396e-01,8.868054275176827650e-01,6.513280410359003625e-01,-1.686178669122061768e-01,5.830799665905588292e-01,8.043624654621263359e-02,-3.443970435549301851e-02,5.084029624370605543e-02,1.656245489801877468e-01,1.778219388758871811e-01,2.452127234578702353e-01,6.151455704969338578e-01,1.252814754525998220e-01,-4.887074618720146368e-01,-8.184666884567487477e-01,2.072432592421783182e-01,4.923969379519672895e-02,-8.313054649240658733e-01,-4.514237974268546782e-01,2.863400043702548636e-01,-3.111093518949122894e-01,-8.590009277531575060e-01,-1.640893816062318489e-01,3.045712424173970256e-01,-5.554132879618448593e-01,-7.697736614331815996e-01,1.120121895985316252e-01,-4.652877096035027416e-01,-7.460018241023291807e-01,-1.184588635131087614e-01,-5.440607576738289985e-01,3.429134295070279115e-01,9.187460363309500611e-02,-2.313875921360268317e-01,7.654198664485429848e-01,8.729593968769751022e-01,3.560246291227424364e-02,6.558209424904718476e-01,-2.427295154195551752e-01,3.738895478844501685e-01,-2.796540909691091481e-01,2.700607859739486138e-01,1.670085206924165899e-01,1.247010733042746011e-01,3.090835053113671349e-01,-1.209006413953406106e-01,1.726091453671352027e-01,-7.263999376864008761e-01,-5.414749977222944599e-01,-4.134442190061858868e-01
-8.973540906475561962e-02,5.886847693652971086e-02,-4.534299937084153576e-01,8.120760408448545187e-01,5.209778998688177065e-01,-6.884174811684249384e-01,5.798796186557943211e-02,1.000000000000000000e+00,3.356782031865701565e-02,-6.423289263847642427e-01,5.389026496509334851e-01,8.358175931812739101e-01,-4.041268732759980553e-01,-3.800523072126804625e-01,5.366091987968426569e-01,4.520139686483650721e-01,7.653091792529040926e-01,-1.542528583806604958e-01,4.829792575568669921e-01,2.289866008680473963e-01,4.150305123180262346e-01,4.827955760325824963e-01,3.375060079947643232e-01,2.805370743929905819e-01,3.596561117459692869e-01,-5.535168166042094828e-01,-7.932086272468111265e-02,-3.284952541445149143e-01,-6.130996507682845431e-01,-8.716337216934425536e-01,-6.146590210406530641e-01,-9.456322692366863070e-01,-7.932031062357399742e-01,-9.325545883840867800e-01,-8.616763469880616144e-01,-5.624563749066445739e-01,-9.551757584293657510e-01,-6.946481262815100699e-01,-3.093033235812889248e-01,8.960156782955556176e-01,2.212920176030365449e-01,8.645147353424198489e-01,5.875567988852153922e-02,5.978088625522240962e-01,7.690773421352774530e-01,7.676948815427038220e-01,9.691747402259707211e-01,3.325798255065395281e-01,9.545409938840538899e-01,5.818199557834672353e-01,9.278162932968886389e-01,-1.612984476687214785e-01,-4.299363386980826762e-01,-9.087977823840158731e-01,1.402155266201436309e-02,1.201988604320266274e-01,-5.690809488937542682e-01,-7.057764610381483950e-01,2.107187590379690223e-01,-7.330827733645746414e-02,-8.898466121064299017e-01,-2.337330205285870210e-01,3.231327916610108320e-01,-6.669912482739337456e-01,-6.996943104828681204e-01,2.512109591822651034e-01,-1.695718302755794618e-02,-7.824392716019423766e-01,-6.159419057579793577e-01,4.740340137330238401e-01,-1.168277667177430174e-01,-6.282602187633797852e-01,-6.564711174165017704e-01,1.210140020133641803e-01,-6.515060826621406065e-01,2.275014463112972618e-01,3.858735579626688672e-01,9.598755131666046880e-01,7.629448206691139545e-01,8.159747330484192762e-01,8.985980939958632119e-01,5.897751176594676625e-01,9.122202182854883823e-01,1.723368553853385499e-01,8.812447895326163128e-01,3.646184202564087262e-01,8.538033075014154205e-01,4.273744014151205084e-01,3.603400634164018457e-01,-1.851007408311356739e-01,2.565236913949041075e-01
1.044096274669539803e-01,4.273138420371451751e-01,-4.009217566596482984e-01,-3.851288176523806617e-01,8.502468355939822864e-01,4.936336469560786422e-01,-6.501152724449864584e-01,3.356782031865701565e-02,1.000000000000000000e+00,1.436473051351649065e-02,-6.299896338884207747e-01,5.178416241123452446e-01,8.288413970219125071e-01,-3.534262302896733488e-01,-6.639889871729498516e-01,1.779494099821692654e-01,-3.785818785511042561e-01,-2.465095006846037828e-01,4.812041313086700134e-01,-7.962653985575415261e-01,-3.285007661179550897e-01,8.281466203393395009e-01,-1.063336294478806066e-02,-9.063944564364795342e-01,1.442032880147703089e-01,-6.627977823384474387e-01,-2.219867722788047837e-02,-6.010647370148267665e-01,-2.604270610715584411e-01,-4.309093829211589344e-01,-3.609872428602010630e-01,7.734531520384781145e-02,-3.630006294783812981e-01,2.667086526123258472e-01,-7.562114808713374381e-02,7.081320563232902376e-01,-2.201331061708618198e-01,2.515751417148245905e-01,6.860130901189628316e-01,4.020175752590870455e-01,-3.615559931955403816e-01,-3.840659595296798123e-01,-8.938605505554766406e-01,-7.426733183040110653e-01,5.941807172332935760e-01,-5.501634476315990785e-01,-3.224749137536737226e-02,-6.372896174983553319e-01,1.536439581042313984e-01,5.079757574677391530e-01,1.156562395770096147e-01,5.093879014753330825e-01,-1.612521085151836023e-02,2.538886433734329276e-02,9.475583965141128884e-01,1.907923514317699243e-01,-7.362350776580918188e-01,4.010379544746675018e-01,8.737667443613243989e-01,-3.470976563650750579e-01,-3.420164145711631076e-01,8.656255663561108760e-01,4.557528342749457839e-01,-4.525853602395050745e-01,1.694698166849935017e-01,9.401868773063224438e-01,8.206061980366524677e-02,-5.095733585371375884e-01,6.938696711937395456e-01,4.987653607434331393e-01,-6.060423393652271118e-01,-9.166003959546514812e-02,-6.462281384415677898e-01,-7.515055466794327010e-01,-4.105192606286793278e-01,-8.636628455387423964e-01,-4.529908477926931076e-01,-7.226948426262995440e-02,-3.204723871498447174e-01,5.453312718948429838e-01,-2.718005958384643247e-02,7.553044810526551300e-01,8.738807613016789932e-02,6.115188907071724689e-01,2.832603914889484931e-01,4.607817475995506507e-01,4.535380399594707290e-01,5.542286060236772949e-01,5.972637731715567666e-01,4.798072402726955565e-01,2.749050885602166705e-01
3.057084502075783639e-01,2.996588134581242846e-01,8.663172217016394949e-01,-2.487667823094987241e-01,-4.050450941013166717e-01,8.388016078484585858e-01,5.060669468928384873e-01,-6.423289263847642427e-01,1.436473051351649065e-02,1.000000000000000000e+00,2.766006501290948702e-02,-6.874707954264767107e-01,5.358802777285375241e-01,8.491857351732383652e-01,-1.483237457868208098e-01,3.058907212833821276e-01,-1.734904138726024447e-01,7.705241182950414158e-01,2.204446655721544190e-01,1.896117977978845903e-01,-8.785736938246714312e-01,-3.665798037829459122e-01,4.712332902412282309e-01,-2.819092735724409993e-01,-8.941413831631210840e-01,-3.050489925033090469e-03,-6.852354976423956634e-01,-3.363119843566024780e-01,-1.494816209697328313e-01,5.798343328674822050e-01,-1.292357571235673019e-01,7.531697104409055266e-01,1.522681784121718007e-01,6.341619983352253520e-01,2.004218520474651266e-01,1.396382726071085101e-01,6.313784909460538053e-01,-1.690894578981393115e-02,6.833844114266158787e-01,-5.185145927124044096e-01,5.087216747482773416e-01,-4.266478376902440584e-01,2.278498776358898192e-01,-2.981021826017818399e-01,-3.141371059024757884e-01,-3.559192309151937295e-01,-6.513528123311297380e-01,-7.267200789196781585e-01,-5.399802173646954806e-01,9.883123325418109728e-02,-4.181039977044527789e-01,7.257627358410776441e-01,9.300426976196951578e-01,8.111519737740008340e-01,1.588581482041197535e-01,-7.881399267401737463e-01,1.111779181289974244e-01,8.491103521027290046e-01,-3.873972779168310399e-01,-6.489343383236957363e-01,7.028336487468196392e-01,4.628628236733816625e-01,-7.884537553255571707e-01,4.114399653863566077e-03,9.403539670880993739e-01,-8.669292343862296246e-02,-7.107966244898864527e-01,3.286691099659490023e-01,4.644527594371442025e-01,-7.616953413463775080e-01,-4.699764814848925165e-01,-1.619593130158233640e-01,3.851808467362130006e-01,-5.226323435508500870e-01,-4.688402748623101551e-02,9.068375978603401485e-03,2.866255971124607171e-01,-7.151883307677777690e-01,-1.167125225194876048e-01,-4.612762672012475917e-01,-2.975739252675241309e-01,-1.843150078563447203e-01,-3.326124935228389479e-01,4.726752680119898353e-01,-3.203144552724087601e-01,3.704677649094429981e-01,-4.301084476212628793e-01,2.512192820613108890e-01,-5.776443455760782442e-01,-7.196365586161264372e-02,-4.129584518750116784e-01
5.320390677430526793e-02,-2.223177083849571870e-02,4.144734154572745632e-01,9.088225746616201972e-01,-3.306219484686150345e-01,-4.471623468043169902e-01,8.508243376454622808e-01,5.389026496509334851e-01,-6.299896338884207747e-01,2.766006501290948702e-02,1.000000000000000000e+00,1.881032557496893631e-02,-6.045154765663859342e-01,4.488201275593674544e-01,8.993719408017614159e-01,5.547405818636782504e-01,9.135581475170349020e-01,5.477836611075048712e-01,3.192000185857927219e-01,9.039073661645867785e-01,3.147108631951498620e-02,-3.255385622894410580e-01,6.785267731723768625e-01,7.018593059470462636e-01,-3.553834737502931662e-01,-1.154313300992356184e-01,-5.435803295706932436e-01,-1.608285648228417741e-01,-5.510573825352382826e-01,-1.894013207696697565e-01,-4.701550219593371160e-01,-4.884196030826053470e-01,-4.537057565467650377e-01,-6.864413292812741041e-01,-6.840574413850767366e-01,-9.528013328181644814e-01,-3.810467959046901498e-01,-8.857690790359692423e-01,-3.048438279967501385e-01,2.753732095096743104e-01,8.219276209021986190e-01,8.408976800016240150e-01,8.258204629844982936e-01,9.039588006739309733e-01,1.584607173272395142e-01,9.054408464370700127e-01,5.528666217849166342e-01,2.636090150369904128e-01,4.893008953438388597e-01,3.156922140616190697e-01,5.729729547221007468e-01,-3.107167510521632869e-03,2.223339829273242307e-01,-3.747407955695695181e-01,-5.176634399730858371e-01,-5.564416015479523026e-01,-1.994301565297298528e-03,-3.967555119340047121e-01,-6.478264373525625119e-01,-2.920736410456412080e-01,-1.821021386074611614e-01,-5.016007990870493538e-01,-5.316930394535264170e-01,-3.683659470934401714e-01,-1.699093129638366007e-01,-4.441575240657328338e-01,-5.699492013322127182e-01,-2.195970731298629020e-01,-7.727599053644147453e-01,-3.872142428233835143e-01,-3.101278973307580733e-02,-6.854136906804770835e-01,3.528661614531399676e-02,2.671501812848836588e-01,-4.150461940785465376e-01,8.212804841804508538e-01,9.005602851023594146e-01,5.255479446841251345e-01,9.108151534974872066e-01,1.377003456301918727e-01,7.239636595406453434e-01,-4.197199348065313446e-02,6.358291882309432541e-01,9.025663741556254338e-02,4.802648405999475067e-01,3.167099320090180914e-01,2.603799577956073530e-01,2.340225665601901317e-01,-4.437325046614011836e-01,-5.671063882537464851e-01,-2.152416319422169322e-01
-9.386266349687605315e-02,1.632226681799842372e-01,-7.376181325062225458e-01,3.944072591962556329e-01,8.738679960228563637e-01,-4.298924444723666860e-01,-4.335019853802150047e-01,8.358175931812739101e-01,5.178416241123452446e-01,-6.874707954264767107e-01,1.881032557496893631e-02,1.000000000000000000e+00,3.798497117020648885e-03,-6.688201231283759096e-01,4.968194019904303288e-02,2.883497977253431377e-01,3.468741424104085924e-01,-4.472818547594936689e-01,4.872181417039062046e-01,-3.093753956776711944e-01,3.539868903105242159e-01,8.317580908453400257e-01,7.403148723783870011e-02,-1.956601712644073232e-01,5.609411406318718374e-01,-6.867331825746058049e-01,1.363753181251159408e-01,-4.152865594356158208e-01,-4.795993880216602445e-01,-9.417625654349141007e-01,-5.370871442571661936e-01,-7.831500802308662967e-01,-7.333715852888781361e-01,-6.440506131172618609e-01,-6.456788042749905809e-01,-4.318130195211147132e-02,-9.002418040112949438e-01,-3.116925218897567129e-01,-4.937037717841220863e-02,9.211886233245409894e-01,-1.862202614512150078e-01,4.807356269885184608e-01,-4.786140996273231529e-01,9.340157752127760393e-02,8.803333023325713436e-01,3.157849518554872725e-01,7.912381835782383854e-01,1.017215095902136712e-01,8.434157960875031668e-01,5.987788566034135673e-01,7.720599454938180672e-01,-5.651992512739070079e-02,-5.522879675285272683e-01,-8.027675631316877336e-01,4.404376738561215920e-01,4.010479804921964209e-01,-7.666777803471225283e-01,-4.950564571592462326e-01,6.872054673134043723e-01,-3.355947226304801384e-02,-9.444875935087549967e-01,1.524478092293712894e-01,6.649783245661862185e-01,-6.553216799217269628e-01,-6.343509348156787242e-01,6.600237126065215953e-01,2.370224855056630442e-01,-8.518172808239060645e-01,-1.764325465059420617e-01,7.757389534486314187e-01,-2.438559469281014191e-01,-3.991669900548069916e-01,-8.542950577744360396e-01,-1.502651802901205091e-01,-6.084978831121271581e-01,-2.936425306813659208e-01,-6.684869827257594599e-02,7.818019796493520523e-01,3.589618813425549670e-01,9.286607591329847367e-01,6.457328822974246485e-01,8.103945829167756854e-01,7.230426984842258653e-01,2.810681696138693786e-01,7.983893912656956360e-01,3.577634837755957475e-01,8.981300233072480044e-01,4.795570256229659267e-01,6.972377843011137166e-01,1.451966936198082203e-01,4.211579471576873956e-01
2.303932691084428219e-01,4.697447001325114058e-01,1.023068488782019614e-01,-5.589558149082538563e-01,4.521652793396180869e-01,8.737978357099412952e-01,-3.398026583465750816e-01,-4.041268732759980553e-01,8.288413970219125071e-01,5.358802777285375241e-01,-6.045154765663859342e-01,3.798497117020648885e-03,1.000000000000000000e+00,1.172374338469152899e-01,-7.165491522449924933e-01,1.959202256300928147e-01,-5.190425898682214934e-01,1.386192772181885913e-01,4.087794105944401735e-01,-6.243794071528332434e-01,-7.075910238896776505e-01,4.562828370339646611e-01,1.283583430655625690e-01,-9.191011653372571644e-01,-3.102994411827850185e-01,-4.594990307795167039e-01,-2.878900881294975123e-01,-5.844094344534366270e-01,-1.743989768691416586e-01,2.833473800901774309e-02,-2.498088607090289681e-01,5.361407785383983660e-01,-1.051314402812720400e-01,6.424813032471843322e-01,1.651785840724939725e-01,7.412424143524573017e-01,2.389048457584102281e-01,3.172101439227687503e-01,9.099574013163717057e-01,-3.018402996806774166e-02,-1.250782084581909259e-01,-6.430236161088556113e-01,-6.619706473009497882e-01,-8.445870847481981025e-01,2.357952943716680183e-01,-7.358275942232312961e-01,-4.603525067691909833e-01,-8.876148432823354195e-01,-2.572451416448188755e-01,3.655697526657839536e-01,-2.341210403412788688e-01,7.520626065775141145e-01,4.433388266017144752e-01,5.099622121650756457e-01,8.533578550614622227e-01,-1.870578085467850815e-01,-4.713169186645568831e-01,8.042772426989656109e-01,5.323796396958503374e-01,-5.443152527219463632e-01,1.560978198052695165e-01,9.524068401544383278e-01,6.292065872248072929e-04,-2.620176755406441460e-01,6.484957728089885132e-01,7.068654732940127250e-01,-2.219916909137864547e-01,-1.561415069283062507e-01,8.727397731241980372e-01,1.949426621783350785e-02,-6.806782301681543190e-01,-4.070326445593779735e-02,-2.645185977739303307e-01,-8.607909872278711738e-01,-2.512786812969989847e-01,-7.526374975769294373e-01,-3.270788191198514827e-01,-5.188487348227600604e-01,-4.446700227334547395e-01,1.256189069531931934e-01,-2.976603268365523580e-01,4.537942672429176039e-01,-2.193918678424578161e-01,6.755998346067161320e-01,-4.552142295161546587e-02,4.749080933173954189e-01,5.580224320448057967e-02,4.938195064441566196e-01,1.996424519023069222e-01,4.020391062447323249e-01,1.286418607611841854e-02
2.776548054507089192e-01,1.832106029368285316e-01,9.374785094817180697e-01,1.419152369965778204e-01,-5.932581052680763189e-01,4.880905592791307535e-01,8.123068716647918741e-01,-3.800523072126804625e-01,-3.534262302896733488e-01,8.491857351732383652e-01,4.488201275593674544e-01,-6.688201231283759096e-01,1.172374338469152899e-01,1.000000000000000000e+00,2.953821065239950472e-01,4.170031618434884013e-01,2.088253703358930735e-01,8.835777415697998460e-01,2.235141743352472843e-01,5.818634626918329777e-01,-7.001625380738695226e-01,-5.480264938318500922e-01,6.316420968176412742e-01,1.240602245535532971e-01,-9.097910572468677071e-01,5.882391421948569149e-02,-7.703380900698285627e-01,-2.516064685474240781e-01,-2.717558818896622097e-01,5.062786811963094769e-01,-2.103403705616689878e-01,4.781806946499743693e-01,3.962096449668643661e-02,2.809890064577396096e-01,-4.008431514109821181e-02,-2.988221541029920658e-01,4.383949340994695576e-01,-3.427435901489673253e-01,3.800664631456592280e-01,-4.075766305358561326e-01,7.553207599399667238e-01,-3.169058929932377228e-02,6.156570169537601833e-01,1.603329309912563394e-01,-3.194063549172360683e-01,7.720970256316689317e-02,-3.760095030831472895e-01,-4.395432984003310728e-01,-3.298828240433908099e-01,1.089689181582459976e-01,-1.924553225329384831e-01,5.481066520925648167e-01,8.787879609424052996e-01,5.744035196072119209e-01,-1.832480826709436683e-01,-8.906731850955728058e-01,2.080304428672851147e-01,5.411548004803274914e-01,-6.824061514117069072e-01,-6.031822219724767287e-01,6.075668045832774977e-01,1.016802495660466127e-01,-9.425680595235924608e-01,-3.832691323802167593e-02,7.432599587187015411e-01,-3.858585613609312182e-01,-8.262917682998203173e-01,3.076143757460952921e-01,1.927727492963692002e-02,-8.504203023041726484e-01,-2.673452183305610186e-01,-3.471369144223958592e-01,3.901838677416486489e-01,-2.442291379500796666e-01,-1.100942039810927642e-01,4.131864585865241968e-01,6.235602702130613739e-01,-4.351101008582992091e-01,2.472668925742464718e-01,-4.373913333473921639e-01,-1.508983228695673015e-02,-2.981343159528890840e-01,-9.283513838740119206e-02,3.421733577126110926e-01,-1.614170816177071810e-01,3.518141988054952485e-01,-3.548351780826429769e-01,2.124977340382261382e-01,-7.650897870062648431e-01,-3.644427903155961768e-01,-5.041279218472144441e-01
5.248272041274240629e-02,-1.427367780306110778e-01,2.476858056183781076e-01,8.353192102637788663e-01,-3.333680287095074357e-01,-5.828726043558265513e-01,7.081153070285346462e-01,5.366091987968426569e-01,-6.639889871729498516e-01,-1.483237457868208098e-01,8.993719408017614159e-01,4.968194019904303288e-02,-7.165491522449924933e-01,2.953821065239950472e-01,1.000000000000000000e+00,4.846251427085929708e-01,8.653985810705664417e-01,3.897777656773214749e-01,2.218126404049467204e-01,8.085967657272856712e-01,1.725455094120051380e-01,-2.881246338439804044e-01,5.186152092663428581e-01,7.107394481817802534e-01,-1.936591944520838771e-01,-5.035154553414016021e-02,-3.775432071965805769e-01,-4.633876165543367176e-02,-4.455776144729214905e-01,-2.136574544893814487e-01,-3.631228603864620208e-01,-5.350258953298415721e-01,-3.810314078093857693e-01,-7.101172633869692330e-01,-6.045130873345719857e-01,-8.754055855144887710e-01,-3.748618221637002867e-01,-7.251331237951507136e-01,-4.806643454875312860e-01,2.410332350562981452e-01,6.129916211595884956e-01,8.215711908286483789e-01,7.789280321951373987e-01,9.098105644625592570e-01,1.137194615860296215e-01,8.832598947006901069e-01,5.722675859047511304e-01,3.833463950628361872e-01,4.864177913034559708e-01,2.221230669519598522e-01,5.501949599896520660e-01,-1.402953906164299824e-01,6.683204721254415448e-02,-4.404184211602656385e-01,-5.430756037717506812e-01,-3.861688831415086565e-01,3.437514818045266790e-02,-4.882647431111601932e-01,-5.679306393841055955e-01,-1.459321456505734416e-01,-2.325089736274316143e-01,-5.743616231804781203e-01,-4.052733741000284495e-01,-3.015410366561189215e-01,-2.978012252910144930e-01,-4.647941342837582646e-01,-4.265772529757849707e-01,-2.104952378213073572e-01,-7.655742511254458593e-01,-2.485843392584286549e-01,1.067669475468512041e-01,-4.745984595419238672e-01,-7.696511717906125670e-03,3.430507450740037934e-01,-3.034151517477599591e-01,7.347073374412302904e-01,8.103302056841221734e-01,5.696169862061742917e-01,8.339362964874658113e-01,1.352223319665479262e-01,6.661270157161403027e-01,-7.647513052858952165e-02,5.905626665693323174e-01,-3.452038857672887900e-02,4.381374881969957724e-01,1.952609496697917391e-01,2.473373313585867095e-01,1.199138132297599274e-01,-3.700999566841717825e-01,-5.432217615049207415e-01,-1.341015079024913959e-01
2.981555374935520586e-01,4.047062484325528731e-01,3.247258406348138005e-01,5.970192580544279037e-01,2.692055880229677900e-01,1.549721136380575182e-01,5.041698492055011194e-01,4.520139686483650721e-01,1.779494099821692654e-01,3.058907212833821276e-01,5.547405818636782504e-01,2.883497977253431377e-01,1.959202256300928147e-01,4.170031618434884013e-01,4.846251427085929708e-01,1.000000000000000000e+00,6.580755644530009718e-01,6.337521689032650229e-01,8.912154269259610073e-01,3.306018784551741918e-01,-5.412425689747278890e-01,3.004252035849788172e-01,9.026811835371029158e-01,-1.393619812758596643e-01,-5.421486447794811037e-01,-7.573143736838041651e-01,-8.550169787659998022e-01,-8.543658644491303189e-01,-9.323282754344965895e-01,-4.496211459378796071e-01,-9.195435821062951653e-01,-2.607478412196788109e-01,-8.115292462747958346e-01,-3.530244237401284901e-01,-7.856840087065173339e-01,-3.596325072154896718e-01,-4.304528301169378013e-01,-7.262113022744121071e-01,4.340103143274581798e-01,5.060207766644085892e-01,6.973840605685361904e-01,4.809919810765138082e-01,1.935895438149614622e-01,2.734940908144498639e-01,6.326377056399556942e-01,4.200162914943504355e-01,4.078143703999642100e-01,-5.136675379331396840e-01,5.418294260809436436e-01,8.729413091735154229e-01,6.439378223044416316e-01,7.013938248001512221e-01,5.249124780638421139e-01,-1.614008679093425214e-01,3.525247014936191414e-01,-7.011843289305589311e-01,-6.691269768739092072e-01,1.851849547387266204e-01,-3.240976825174152198e-02,-8.707546396512585440e-01,-3.241886470680682142e-01,3.707593988561152520e-01,-4.341828624035652395e-01,-8.673049739743905473e-01,2.377467543470725697e-01,3.372634030926427995e-01,-8.124157891299988998e-01,-6.498874786635869816e-01,-6.980293857121359913e-02,-1.997064072193159845e-01,-7.495188452325253214e-01,-8.347215635651210608e-01,-4.633921018243433165e-01,-5.765168544295548037e-01,-8.618281967439993529e-01,9.315056465313051315e-02,7.285530795977508411e-01,3.346241988491798769e-01,7.128609399929620727e-01,5.272760828106914932e-01,7.091698154603577331e-01,6.040237556496552696e-01,7.115513766843573062e-01,8.224766937126060107e-01,7.215677363592256643e-01,9.185396559223277801e-01,5.942054366713916957e-01,8.613835808137417782e-01,-1.306756679823272427e-01,-2.473943552560876058e-01,-1.008961801978712630e-01
6.148992947176999679e-02,5.054141477906119034e-02,1.485450376575246645e-01,9.639166321107308644e-01,1.101206978963199107e-03,-5.228491936295943665e-01,6.425010503597076150e-01,7.653091792529040926e-01,-3.785818785511042561e-01,-1.734904138726024447e-01,9.135581475170349020e-01,3.468741424104085924e-01,-5.190425898682214934e-01,2.088253703358930735e-01,8.653985810705664417e-01,6.580755644530009718e-01,1.000000000000000000e+00,3.892461117774041468e-01,5.100124051884113996e-01,7.216992959057219048e-01,1.030175821137581521e-01,6.435208697119056478e-03,6.912681739825784488e-01,5.441783732813503249e-01,-1.725207183511481279e-01,-3.840206892569725250e-01,-5.015564694007004221e-01,-3.415113078428262394e-01,-7.152951905431893520e-01,-5.081434253699462777e-01,-6.577588029262648739e-01,-7.049050675765563545e-01,-6.969518202830665698e-01,-8.418069199773647870e-01,-8.681024079884953615e-01,-8.761591483521526946e-01,-6.487909484305767194e-01,-9.204152981231994435e-01,-2.706122312148898645e-01,5.651192945518874744e-01,7.037500129720426489e-01,9.347947378923677775e-01,5.932199095148730228e-01,8.542978750779168795e-01,4.678878449352383839e-01,9.326085175957486983e-01,7.747776389192930768e-01,2.277625953446942852e-01,7.462101751882185274e-01,5.398689993086515093e-01,8.081749248251028916e-01,3.139315406406525955e-02,5.671564015558968469e-02,-6.055784700054994696e-01,-2.878209081366476241e-01,-4.121771256279547768e-01,-3.018986299754138902e-01,-4.975214990826352657e-01,-3.508669191138465426e-01,-3.361053519932494238e-01,-4.935429036800334512e-01,-3.685937466084172054e-01,-2.881783922459103531e-01,-6.066399872297926210e-01,-3.402587376180111756e-01,-1.530487016599307304e-01,-4.912198143730922006e-01,-5.225490141808591948e-01,-7.302400195412003248e-01,-9.830679507664452643e-02,-1.661504922607522083e-01,-7.704113510208814297e-01,-2.789020148828905143e-01,1.349107304692744036e-01,-6.246582211041001864e-01,6.204254779826705590e-01,8.296943691297026247e-01,7.445447882844683507e-01,9.733480927302322616e-01,4.604070022820080377e-01,8.994783092475745478e-01,2.697010352010346113e-01,8.482344307562144081e-01,2.313634383467476630e-01,7.375958324520779374e-01,4.672879596979896411e-01,5.667284518995975295e-01,4.253689741562891036e-01,-1.738477897804320826e-01,-4.670465265282466305e-01,-4.208950090041395364e-02
