1.000000000000000000e+00,4.811223913269101482e-01,7.032733575322382968e-01,-1.830796263635904308e-01,-5.631185485165997318e-02,6.205791211253259831e-01,2.233250352650220649e-01,-4.463205039982323097e-01,3.347467886417082039e-01,5.286870577547988503e-01,-3.151782671088731447e-01,-2.682774413315346385e-01,5.604900324936105127e-01,1.524689461505741861e-01,-4.855382114525111925e-01,-1.600348853163422458e-01,-2.721836834429293694e-01,3.790132086231471908e-01,1.532447275431665368e-01,-1.237099507413570998e-01,-5.969019125159694683e-01,-6.206829989408682580e-02,1.827614027826283127e-01,-4.222347167524435618e-01,-4.552432003259026527e-01,-8.297184350749790827e-02,-2.272802899741419302e-01,-1.899828976206058284e-01,3.342515356405084681e-02,2.854995555613779046e-01,-3.359179517721354400e-03,5.810839507572956864e-01,1.125164494729246345e-01,5.535588869917855703e-01,2.581966615228395989e-01,4.043572432624824575e-01,3.419503169828470579e-01,1.030758451248519891e-01,5.593580772880039076e-01,-2.706925230464717891e-01,1.578495233364375361e-01,-4.279913935891541121e-01,-3.678296646155668204e-02,-4.201411530891422386e-01,-3.301048248406006080e-01,-5.033748257914640867e-01,-3.995793829264750463e-01,-5.958100160845168913e-01,-2.617560918025619854e-01,-3.623051246153908833e-01,-2.164282934669780889e-01,5.070187500023113358e-01,4.780962743655446379e-01,5.346326804251855247e-01,4.041953928748021618e-01,-3.085434823159216577e-01,-2.474560651081787396e-02,6.511257800591140343e-01,4.246215197391819962e-02,-3.366901224568011330e-01,3.949365733556225999e-01,5.162848275563425293e-01,-2.506397346514798730e-01,7.685632623936359577e-03,5.697185069405437119e-01,2.439436244614451021e-01,-2.120088168211347601e-01,1.085896563381342217e-01,5.886170952857897598e-01,-2.504192801700901305e-01,-4.655399997216811414e-01,2.816700622670536766e-02,4.891631206223973028e-04,-5.520053135598248506e-01,-1.019987331820387949e-01,-8.955878793767844959e-02,-1.357825878158175738e-03,-4.952046954190902350e-01,-3.263540787948885913e-01,-2.211841746502017925e-01,-3.628736821379854871e-01,-5.433406282499596979e-02,-2.707818938069392334e-01,3.732916380467579676e-01,-2.760027690832096425e-01,1.843908533064899102e-01,-2.852694946314935920e-01,1.160578181862610136e-01,-1.415851166866111122e-01,2.168636556057650377e-01,1.768207137674661020e-02
4.811223913269101482e-01,1.000000000000000000e+00,2.566411682886143852e-01,-5.553793892136586752e-02,4.910997614515612564e-01,4.227560099972800245e-01,-8.350437147868103316e-02,1.854346133912278261e-02,7.561505318346016802e-01,1.058685936759326124e-01,-3.829844206811091611e-01,3.726247498849678541e-01,6.634133346855066726e-01,-1.572732918247189138e-01,-3.013065990586449305e-01,1.069154498456894031e-01,-1.400713332009562162e-01,1.272744630270281618e-01,4.727990369575342799e-01,-4.820173531582005455e-01,-4.576321089445665180e-01,5.266886016326052244e-01,2.225994745497042182e-01,-6.906294690140932779e-01,-1.422836639577479967e-01,-5.884213704892021779e-01,-2.352348347065046086e-01,-5.719831003513576873e-01,-2.974277131524994955e-01,-3.320179118201097568e-01,-3.614664568046751514e-01,2.089327183046204850e-01,-3.934385275701279272e-01,2.167871589952310718e-01,-1.649277357554620738e-01,5.234163752013707427e-01,-8.086928537035574516e-02,1.696016041129811136e-01,6.059359654394042005e-01,2.342497990740509406e-01,-1.132113174251981463e-01,-3.618742115644470458e-01,-5.926418331921102789e-01,-2.677833387157615985e-01,1.924765619453601695e-01,-3.868510791303623741e-01,1.288037839689740172e-01,-5.314660476200162575e-01,-9.969083323480762426e-02,1.308875889815025728e-01,2.192116043070645170e-01,6.558049218967068050e-01,3.295863280118508931e-01,1.926928541329736566e-02,7.523810921204642232e-01,-3.135940741858935649e-02,-5.832888982094196484e-01,4.418605996100298805e-01,5.740932511392036197e-01,-4.347930413224362356e-01,-2.066088866296901805e-01,7.188455488044279695e-01,1.845077325261327283e-01,-4.474111784249220070e-01,1.934306367001428495e-01,7.204624730498184748e-01,-1.031094773014569893e-01,-4.873777607668222100e-01,5.320962310264824024e-01,2.189381630933965595e-01,-6.574436077876172346e-01,-9.243481173891768266e-02,-5.146092096303287455e-01,-6.178466718485081666e-01,-4.060006136490121875e-01,-5.266094725381906816e-01,-1.449381610282908517e-01,-1.280772295193951249e-01,-1.621766896743564168e-01,4.023034443728176757e-01,7.552445760009079620e-03,5.490143844451478294e-01,1.449240185818429505e-01,6.146410270807184384e-01,2.242379013064840221e-01,5.118723024949592970e-01,3.077642706377111126e-01,5.272817522069287444e-01,2.983242748506876874e-01,3.274000402144727206e-01,8.046512421493563771e-02
7.032733575322382968e-01,2.566411682886143852e-01,1.000000000000000000e+00,1.338784998365474266e-01,-3.399418602513434307e-01,6.205292696103299477e-01,6.968942169627958538e-01,-3.672148716328493268e-01,1.594104353591483114e-01,7.986679309254066661e-01,6.167842490758212309e-02,-3.920024302799471894e-01,5.082820322184521400e-01,5.949844120604117492e-01,-2.652708799237045167e-01,2.536928675770444563e-02,5.351297335102064151e-02,7.872097315613351132e-01,3.765295886178979257e-01,2.774198948247955654e-01,-8.080812754223729577e-01,-2.618968624667702416e-01,5.805359481362488694e-01,-2.276228485493224929e-01,-8.289003957973151149e-01,-1.173632790060509523e-01,-6.314528108379814375e-01,-3.426450056039928582e-01,-2.461729060551742787e-01,3.650264140182814532e-01,-2.579370363884944117e-01,5.658848250588712769e-01,-1.858553378215442239e-02,4.585213188017902564e-01,6.184291378768967673e-02,9.694815738682045769e-02,1.951420502129095902e-01,-3.373736865768926507e-01,6.713930783805646119e-01,-1.862211615939762532e-01,6.261984897385617366e-01,-1.329004731843978493e-01,2.401739020298696570e-01,-1.499247518429764892e-01,-2.629397852142522640e-01,-2.638315058304418481e-01,-3.665641344357695175e-01,-5.505562720820031952e-01,9.981750139318973369e-02,-3.758276716008585594e-01,-4.213675482404916073e-02,4.048954133607457484e-01,8.207629224303613080e-01,6.467228015912606098e-01,2.656003956923046472e-01,-7.597874870852926454e-01,-7.900859125694353891e-03,7.534365133666550696e-01,-3.117979439850154244e-01,-6.540260544769898043e-01,5.423322083601783694e-01,4.795866075835493181e-01,-6.906559032011332366e-01,-1.500630854914569157e-01,8.189461666223762926e-01,7.361137936051893871e-02,-6.559898083293767002e-01,1.303960595381617182e-01,4.663581405921304879e-01,-6.568432615662027629e-01,-5.932774999600557431e-01,-3.621866782122644679e-01,-3.439300958348101567e-02,-6.290153778132715479e-01,-3.616412366475985629e-01,2.866852232764825481e-01,4.588853103768560926e-01,-4.343672584011470383e-01,8.296623128293927063e-04,-2.998052010794811095e-01,-1.565039667388242461e-01,-1.009143487389066729e-01,-6.454061547511742714e-02,5.525411112448757045e-01,-1.545653956251689387e-01,4.011639227719644429e-01,-3.030881409482228395e-01,2.616684324036068765e-01,-5.192094614724184209e-01,-7.968609710742172170e-02,-2.366085900577481471e-01
-1.830796263635904308e-01,-5.553793892136586752e-02,1.338784998365474266e-01,1.000000000000000000e+00,1.240672010810736116e-02,-5.625242443820469562e-01,6.284565558003298857e-01,8.258594381813837426e-01,-1.140829306822950251e-01,-2.093393955188914690e-01,7.633453352674696157e-01,5.081555147608490808e-01,-3.105706610348845098e-01,3.387939533599070852e-01,7.778466675702285782e-01,7.387939676371796383e-01,8.958317600368166378e-01,2.963789391091330994e-01,6.788393828060905744e-01,4.719840766367786045e-01,6.058535712345394092e-02,2.555256647355144128e-01,7.140386741637008150e-01,3.271379228376844472e-01,-1.563282526439697118e-01,-5.230155673305595387e-01,-6.119138789029670011e-01,-5.431494229875954982e-01,-8.292064754456927034e-01,-5.827906307446061307e-01,-7.901258911059284573e-01,-6.935711794966524790e-01,-7.645345468143875944e-01,-7.840792639563388677e-01,-8.957919559633091833e-01,-6.892226877389830975e-01,-8.884521378074331510e-01,-8.189187485938048683e-01,-6.376799384885599442e-02,7.984095271330673427e-01,5.323574823757513119e-01,8.404105587577390679e-01,2.099060310624535023e-03,8.818085192738872591e-01,7.971756958475236798e-01,8.128311795903061521e-01,7.644107871630169138e-01,4.507475305298040413e-01,8.442878084630216495e-01,6.619300116300839143e-01,8.504682711455371358e-01,-2.591470620285724058e-01,2.570108777417068335e-01,-5.538751865869052660e-01,-1.144013407095033907e-01,-4.102979508401963238e-01,-5.020020889841660949e-01,-3.383455480759439693e-01,-1.584014192293609624e-01,-5.128840138365972079e-01,-5.116067500674930102e-01,-1.388884407805725529e-01,-2.579889277656878255e-01,-7.369246911354999652e-01,-2.135434334458266858e-01,9.894405739908022218e-03,-5.770779132596096650e-01,-5.769366111599872893e-01,-5.649537538417092053e-01,-1.767598682269622135e-01,-2.056469054644450567e-01,-8.607387097497830597e-01,-5.778246406129552426e-01,1.134803343627420330e-01,-7.287383906139629497e-01,3.333415253362233543e-01,7.319891127344927417e-01,7.915029791514563984e-01,9.260628243344750654e-01,5.571637958106747668e-01,9.096915819673919712e-01,5.126746517622033927e-01,8.968413901067360250e-01,3.597556358884042016e-01,8.309678183555722075e-01,6.099420591167173944e-01,6.682109783238339151e-01,5.806266612560015972e-01,-1.554717270484682612e-01,-5.378467532699374720e-01,-3.756531093325714554e-01
-5.631185485165997318e-02,4.910997614515612564e-01,-3.399418602513434307e-01,1.240672010810736116e-02,1.000000000000000000e+00,-8.857025765457314861e-03,-5.814009119679441895e-01,3.785931404518247945e-01,7.562948627074940200e-01,-5.303861785060675071e-01,-4.614327239365153543e-01,7.871485789623799967e-01,3.741032347605994235e-01,-5.842009964298272573e-01,-1.270328080819736749e-01,1.974299749282767136e-01,-1.645120085128804199e-01,-4.582340402200256180e-01,3.759113049591052413e-01,-8.019235359304741628e-01,7.235824964897252798e-02,9.164750568596912172e-01,-1.123036644203956741e-01,-6.732623450154500144e-01,4.572858182053346487e-01,-6.850403903303905473e-01,1.214184808713999059e-01,-4.996723661199728994e-01,-2.510049602961448856e-01,-7.295204382323490222e-01,-3.143982489182286510e-01,-2.406060790919744286e-01,-5.236177164688626817e-01,-1.507984209400599351e-01,-3.268638193431496197e-01,5.213456608353019828e-01,-3.501973480366071811e-01,4.072215413848606080e-01,2.288256443118173167e-01,5.213748480709120559e-01,-5.911131221818195502e-01,-2.779905883042649850e-01,-9.256414236253807104e-01,-1.433545742097574183e-01,5.119955486691257773e-01,-2.013912811398831937e-01,4.968970301890572872e-01,-2.225628759477505103e-01,-1.236933161904126416e-01,4.977951388536968613e-01,3.878676475102380006e-01,5.203758609119748524e-01,-1.706298541249277323e-01,-5.002852351443901613e-01,7.190689526330097392e-01,4.877417044024430770e-01,-7.599692502989943144e-01,-4.535174580332724387e-02,9.296624609192869482e-01,-9.701734983436877124e-02,-7.087909520925219642e-01,5.167183479286628911e-01,7.365592339386274334e-01,-4.966251308771254536e-01,-4.187315918178773355e-01,8.354977168158946865e-01,3.329745627553817866e-01,-7.350517031244137023e-01,2.552356629714426783e-01,7.662249313496596326e-01,-3.601739381968804832e-01,1.088759733743520086e-01,-7.008642827401810882e-01,-2.873690934261305396e-01,-3.035258469929032477e-01,-8.697199290878747657e-01,-4.854394908637759132e-01,2.756860462444567506e-01,-1.249771863005167821e-01,7.662511523934034674e-01,2.043936105743953124e-01,7.791034021327252201e-01,2.960090804240930740e-01,3.732204466675706489e-01,4.637221033197108655e-01,3.905757103289648202e-01,6.580626509109411826e-01,4.916472116076159304e-01,7.583717011896337068e-01,4.570718166992918108e-01,2.857056189365201893e-01
6.205791211253259831e-01,4.227560099972800245e-01,6.205292696103299477e-01,-5.625242443820469562e-01,-8.857025765457314861e-03,1.000000000000000000e+00,3.853329417974830917e-02,-7.590311745787361453e-01,4.969469963762721543e-01,7.679880524800992703e-01,-5.558515782153015117e-01,-4.392121624042161221e-01,8.389859490878709414e-01,2.332684110385004617e-01,-7.654548587619083300e-01,-3.963753378309523567e-01,-5.659137071064644919e-01,4.549541237966233109e-01,6.815027595892628187e-02,-2.946790311749821201e-01,-8.210639605633529570e-01,-1.171731517003307271e-01,8.545236666864830521e-02,-6.588291865580532258e-01,-5.771196285792923319e-01,-2.033074483807604388e-02,-2.233470564845346784e-01,-1.778803076323607624e-01,1.745349897494453129e-01,4.773521972728940188e-01,1.167810437202931595e-01,9.195316862603483132e-01,2.719197047756869434e-01,8.953483295413626752e-01,5.059250763085213487e-01,7.104406073630762375e-01,6.462434139727796234e-01,3.131565473215724427e-01,7.989207772123962936e-01,-5.199295238136942832e-01,9.849896908437029419e-02,-7.526293648411911397e-01,-6.982492042425039735e-02,-7.549807957220893151e-01,-5.890714787525542784e-01,-8.363291622701380934e-01,-6.720992011840861702e-01,-9.093077136801737126e-01,-4.190436142477027559e-01,-6.252667690898440211e-01,-4.365751506312574581e-01,7.246018659031780995e-01,5.977026699726548653e-01,8.173999560203232262e-01,5.712674765053824544e-01,-3.366631121563037343e-01,5.087753093196746568e-02,9.432101101197440940e-01,9.695903664083921347e-02,-3.674946558690339593e-01,6.227907241314756259e-01,7.401568139802955359e-01,-2.857623953964179564e-01,1.430914438540203115e-01,8.185762003524542640e-01,3.511921036379769268e-01,-1.984592192755520179e-01,2.413876355352664593e-01,8.956139173127483089e-01,-2.953051988949629836e-01,-5.790495107685844633e-01,2.089928715629327249e-01,9.924279782807840511e-02,-8.128931430143094827e-01,-8.084394215890558857e-03,-2.141934401930220833e-01,-1.633854986731458903e-01,-8.633049353171070583e-01,-6.127375192008199800e-01,-3.865532745153473226e-01,-6.465540468969364074e-01,-1.521015914388403611e-01,-5.136363497057154781e-01,4.595633990030133509e-01,-5.081137497356733590e-01,1.605542686782436279e-01,-4.926652351564577703e-01,8.015551875566517825e-02,-1.895116103795806695e-01,4.325812316135125846e-01,7.495966991606453633e-02
2.233250352650220649e-01,-8.350437147868103316e-02,6.968942169627958538e-01,6.284565558003298857e-01,-5.814009119679441895e-01,3.853329417974830917e-02,1.000000000000000000e+00,1.413266678865137960e-01,-2.785814944027596995e-01,5.714125084020595935e-01,7.102312969099834339e-01,-2.358874536123539145e-01,-3.605224537107083044e-02,8.308227864216598535e-01,3.900356853661975931e-01,3.795436049598043260e-01,6.435980902886884181e-01,8.401464550392971908e-01,4.849180571728321509e-01,7.712240771563068087e-01,-4.738093590986909298e-01,-3.681147374538244477e-01,8.230663727760968440e-01,3.337766443832724250e-01,-7.732029604856027749e-01,-1.181188750091475143e-01,-8.095048964870815711e-01,-3.441532326533235375e-01,-5.629285013793656756e-01,1.512772183397728121e-01,-5.246305891714657665e-01,6.075196809454002679e-03,-2.804958724410153703e-01,-1.528971451666326364e-01,-3.902570919002513183e-01,-5.738191547154825045e-01,-2.853829576146716396e-01,-8.717616203961559007e-01,2.775630940323145501e-01,1.712905958411867768e-01,9.417980999314944368e-01,5.503534268200623858e-01,5.184233631131167641e-01,5.109072057846605341e-01,1.312201092535450198e-01,4.280157342424525946e-01,5.509498102754260829e-02,3.399238534809077145e-02,6.571918996145971192e-01,-8.155757606434764842e-03,3.395904853424920877e-01,-1.329015972676266810e-01,7.122101589346343520e-01,2.393656304901129739e-01,-2.016342367978025130e-01,-8.982346213616372310e-01,-1.116091453246893274e-02,2.557788878106109220e-01,-6.547376732198408877e-01,-6.680912343473525139e-01,2.900466000200723204e-01,-5.043562891894724440e-03,-8.668851352217263884e-01,-3.499829930679901335e-01,5.274561278806175757e-01,-2.827374553969908000e-01,-8.904371559746460107e-01,9.174348408414998574e-03,-1.771417804715456346e-01,-8.055384572081072392e-01,-3.364550250516769592e-01,-7.943899218236682991e-01,-9.617294513668823985e-02,-2.012861449602325326e-01,-5.493464695371043094e-01,7.271396842330251076e-01,9.226942487815229521e-01,1.029143026683255469e-01,6.294736013741453196e-01,-1.390849546971067718e-01,3.940523197368563935e-01,-5.005788356453346605e-02,4.064356588891217537e-01,4.074876017019043450e-01,2.384804966125818604e-01,4.624962294412516828e-01,-3.042914791544339831e-02,3.254983691962363146e-01,-7.165847731006956822e-01,-5.429625064886342001e-01,-5.018146404724707077e-01
-4.463205039982323097e-01,1.854346133912278261e-02,-3.672148716328493268e-01,8.258594381813837426e-01,3.785931404518247945e-01,-7.590311745787361453e-01,1.413266678865137960e-01,1.000000000000000000e+00,1.775818834928195866e-02,-6.405532654876106013e-01,5.620888803018093682e-01,8.133882507074418067e-01,-3.965621523042383578e-01,-7.523274790190323524e-02,7.903937700510572650e-01,6.945756547289938521e-01,7.499032486513572682e-01,-1.521227920279733248e-01,5.481825924609193823e-01,1.238131384943152585e-01,3.936908171128477574e-01,5.521353422241725983e-01,3.845199853916176913e-01,2.249658529808907237e-01,3.006495550998190547e-01,-5.918421775869513457e-01,-2.680684798214648112e-01,-4.744734026744488742e-01,-7.098834668627987954e-01,-8.484494128996671325e-01,-6.873198025360699459e-01,-9.115643076867985251e-01,-8.115747342918422369e-01,-9.285457919392523518e-01,-9.116578152421185299e-01,-5.358658284704868047e-01,-9.612461588884917418e-01,-5.066694864890362027e-01,-2.701847596465780099e-01,9.183847310185632162e-01,8.859140583334162988e-02,7.433220931022792577e-01,-3.153456279578963350e-01,8.216505528402676672e-01,9.471864152258415714e-01,7.909670713986614032e-01,9.586731972045052785e-01,5.756102832311431605e-01,6.870922840008467647e-01,8.747647221793939387e-01,8.740238663405811570e-01,-2.718047667912613097e-01,-1.421452540530230013e-01,-8.833745862591573239e-01,-3.431851238503311891e-02,5.599227221118312225e-02,-6.350199509963150302e-01,-6.199149377517667592e-01,2.091074070509561511e-01,-2.225113000200063529e-01,-8.518731154491793189e-01,-1.924100194151461274e-01,2.221059724345714192e-01,-7.278155210328227653e-01,-6.204800500408292896e-01,1.800895737094067028e-01,-1.787754235904481237e-01,-7.507345770220112957e-01,-6.316499376222575179e-01,2.879070055906202130e-01,-4.148697302387976960e-02,-6.081458925817738725e-01,-6.719988285766209657e-01,2.862770446872662244e-01,-5.863704035021765071e-01,-2.107992932753418799e-02,3.621102595124103263e-01,9.509318693362656116e-01,8.062258531091240910e-01,8.087780443883754167e-01,9.336027181189263668e-01,6.953372637248792509e-01,9.101483963226610907e-01,1.943056931746223459e-01,9.241885838211940651e-01,4.825633957569459009e-01,8.847671506709534617e-01,5.425811378493925474e-01,2.477676100753158916e-01,-3.448270560123623540e-01,-1.861760576658472721e-01
3.347467886417082039e-01,7.561505318346016802e-01,1.594104353591483114e-01,-1.140829306822950251e-01,7.562948627074940200e-01,4.969469963762721543e-01,-2.785814944027596995e-01,1.775818834928195866e-02,1.000000000000000000e+00,8.243986033644425809e-03,-6.070522476513194876e-01,5.217209549693229143e-01,8.329328591297781026e-01,-3.017108036100075719e-01,-4.436802889166572283e-01,1.562580206042432085e-01,-2.984406146324888875e-01,-5.958335077765128038e-03,5.237330023223240039e-01,-7.447025715757016329e-01,-4.717718207089924842e-01,7.484118976527200928e-01,1.390305996626855223e-01,-9.166713507347082901e-01,-3.376414223862640729e-02,-7.242012359619749429e-01,-1.894908634932458147e-01,-6.771011256294073855e-01,-3.063862550903940773e-01,-4.631125752345944813e-01,-3.884056007151830969e-01,2.292575462748535076e-01,-4.614170817607646802e-01,2.683141444579395518e-01,-1.658867815469249885e-01,7.442835066131993083e-01,-8.353235336633405006e-02,3.521617251356535805e-01,7.049350063453031501e-01,2.894658137132236075e-01,-3.040664481485472193e-01,-5.263038339843753022e-01,-8.406728584567294549e-01,-4.047247662467992058e-01,2.462060683582338871e-01,-5.242218239585292316e-01,1.737926484419215212e-01,-6.641137597538411264e-01,-1.715769054447401631e-01,1.845841504949021217e-01,2.610003292095894323e-01,8.316088930052966122e-01,3.008992605341309634e-01,-3.275734305615486675e-02,9.543917993235351283e-01,9.590077492292321815e-02,-7.360281586675564425e-01,4.907693062696859010e-01,8.149961663060126815e-01,-4.456545952262895849e-01,-3.244615243528393145e-01,8.900023691038674301e-01,3.765791069369885946e-01,-5.084053715468787038e-01,1.335181374608158111e-01,9.513903715938680783e-01,1.162477897678469360e-02,-6.082270838597184648e-01,6.757224202858320705e-01,4.055960917507230312e-01,-7.450622817011542942e-01,2.182713028564806784e-02,-6.645019909991936036e-01,-7.458947567683970048e-01,-4.391211254658757279e-01,-7.948336202336427903e-01,-3.399242790491827093e-01,-1.445695772913051513e-01,-2.868019670116274122e-01,5.451367201635469728e-01,-2.793674577615368193e-02,6.972455773517028943e-01,1.345270637867427010e-01,7.065804782324336397e-01,2.727070836744097670e-01,5.878349928809504243e-01,4.176474010535920489e-01,6.305538343198853202e-01,4.876690252840988893e-01,5.288387185383564004e-01,2.194214058414630519e-01
5.286870577547988503e-01,1.058685936759326124e-01,7.986679309254066661e-01,-2.093393955188914690e-01,-5.303861785060675071e-01,7.679880524800992703e-01,5.714125084020595935e-01,-6.405532654876106013e-01,8.243986033644425809e-03,1.000000000000000000e+00,2.449855557616284485e-02,-6.902108662658281713e-01,4.999685311479403205e-01,7.203503677536158278e-01,-3.707956177188262425e-01,-2.459696778621127122e-01,-1.179859735380724139e-01,8.218273005896542527e-01,1.181763489364735104e-01,3.352633142082662165e-01,-8.275345239114372253e-01,-5.278711957561522672e-01,4.202807012500220929e-01,-1.507790518046861206e-01,-8.853440670059044004e-01,1.605092045700195480e-01,-5.296441313685958940e-01,-1.071818175805654000e-01,-8.839391211677153498e-03,6.597126207911694351e-01,-1.800681977034102738e-02,7.760593108984189525e-01,2.642240365781811096e-01,6.623723708300461865e-01,3.347682240606797421e-01,1.417774912115846719e-01,4.946014961345701622e-01,-2.386967407090817561e-01,6.397939651594864996e-01,-4.987312586074134635e-01,6.383372360828687420e-01,-2.615524817161537507e-01,4.579665429005422284e-01,-3.235361926931406007e-01,-5.626443774125916564e-01,-3.949017023886509659e-01,-6.471096410028360779e-01,-6.070332342791610047e-01,-9.112368480381905292e-03,-6.380024271572393157e-01,-3.260928417693313430e-01,3.295405188589694001e-01,7.856256700170839435e-01,8.733538313182013235e-01,1.179304663750068288e-01,-7.633867201803204994e-01,2.814448178286531044e-01,8.269975677579317619e-01,-4.858491766230880193e-01,-5.084803801501347476e-01,8.156234878712751435e-01,3.893189167027405473e-01,-7.975703865761332167e-01,1.312627942890065569e-01,9.640619923164507332e-01,-1.204411407183516858e-01,-6.132162974189295790e-01,4.236404511137765727e-01,5.175703626241460187e-01,-7.911492604893689551e-01,-4.496545941636125310e-01,-1.935482625113593980e-01,2.702392718523189963e-01,-6.024599092457414429e-01,-1.213142248770316400e-01,4.083450048276058286e-01,3.972819975719339980e-01,-7.101472579940466545e-01,-1.711054889356233566e-01,-5.987321760070721810e-01,-3.967249994203621011e-01,-3.864671078667532567e-01,-3.201407718634731170e-01,3.866478176062684846e-01,-4.412259370982336004e-01,1.771335302530580580e-01,-6.018421775030194931e-01,2.767175830777397760e-02,-6.789044091497948852e-01,-2.382225342300190243e-02,-2.494882632546966961e-01
-3.151782671088731447e-01,-3.829844206811091611e-01,6.167842490758212309e-02,7.633453352674696157e-01,-4.614327239365153543e-01,-5.558515782153015117e-01,7.102312969099834339e-01,5.620888803018093682e-01,-6.070522476513194876e-01,2.449855557616284485e-02,1.000000000000000000e+00,2.887680594541552556e-02,-5.996867270010461937e-01,6.225580350930274287e-01,8.366886041795061901e-01,4.403776651990177760e-01,8.836192561992611827e-01,4.203331189591055228e-01,3.092777445302579142e-01,8.396325939840048047e-01,1.324610674125578369e-01,-2.809086374520350926e-01,5.974866284055160293e-01,7.156913653363436989e-01,-2.850776452572273967e-01,-3.115452639987045108e-02,-5.239409403871706505e-01,-1.276648610353496582e-01,-5.414292706369023822e-01,-1.180034328679592237e-01,-4.714105670565004735e-01,-5.475606400426321629e-01,-3.560407523289605414e-01,-6.697427025130531231e-01,-6.006832416448708578e-01,-9.323845243926107695e-01,-5.917494767404456457e-01,-9.140110084515601363e-01,-2.882580633998146902e-01,4.133756197623378870e-01,7.299585969496269477e-01,9.239342930461275083e-01,5.350515106541275934e-01,8.828977512254144733e-01,4.264657244308628914e-01,8.767783114595766314e-01,4.272574808277414538e-01,5.997454534587908226e-01,8.205969100112022740e-01,3.358543898730735888e-01,5.045793821069615159e-01,-5.890994886412994624e-01,2.049024702725099623e-01,-2.825842190540167054e-01,-5.678905537380715129e-01,-5.335806317883651229e-01,1.566439479657587980e-02,-3.796155107468783818e-01,-6.464046128708839101e-01,-2.951876805549848437e-01,-1.013407492352241257e-01,-5.005419437658624737e-01,-5.681521506483279138e-01,-3.309581079314861674e-01,-5.535682725689800021e-02,-5.117556275534174137e-01,-6.202612323870825284e-01,-8.885873581435879687e-02,-7.327312127098386529e-01,-5.139903172606407056e-01,1.285926029566797080e-01,-7.764485419146517353e-01,-7.450700351685361766e-02,3.580812058062315950e-01,-4.036527652005448830e-01,7.725614217304722642e-01,8.659093299391082965e-01,5.757680899607948710e-01,8.970209032395557447e-01,6.670189132303108726e-02,7.057451376449297431e-01,-1.186830600025167402e-03,6.305823863522839190e-01,1.398859741031973844e-02,4.708498500136362730e-01,2.432900765382550456e-01,2.245995659622795904e-01,1.735466869053285122e-01,-5.303821547412258530e-01,-7.066003809592167340e-01,-5.087859732857950013e-01
-2.682774413315346385e-01,3.726247498849678541e-01,-3.920024302799471894e-01,5.081555147608490808e-01,7.871485789623799967e-01,-4.392121624042161221e-01,-2.358874536123539145e-01,8.133882507074418067e-01,5.217209549693229143e-01,-6.902108662658281713e-01,2.887680594541552556e-02,1.000000000000000000e+00,2.977527166610469816e-02,-4.225842342865545609e-01,3.707459598057645245e-01,5.669248228147868440e-01,3.468209191615013176e-01,-3.481871609258329614e-01,5.733586199464408839e-01,-4.114708227415850850e-01,2.521502901711320521e-01,8.890616382615494917e-01,1.811775963447757598e-01,-2.896558670169193106e-01,4.382802845053043739e-01,-7.878425987638629779e-01,-1.028708331714714846e-01,-6.099296405606845495e-01,-5.940915071852377327e-01,-9.646835966304228016e-01,-6.188398828724551715e-01,-6.802252540964665029e-01,-8.188750435805419725e-01,-6.343586649136261357e-01,-7.482670095961996282e-01,1.198452927000509018e-02,-7.844648925479716928e-01,-5.646700196927376819e-02,2.119009617813032761e-03,8.653110637143127670e-01,-2.968595047377021734e-01,2.655900625572705787e-01,-7.681833268089881539e-01,3.941096004263341390e-01,8.808712247127661321e-01,3.370939701323924509e-01,8.784322947929479319e-01,1.961481547938809522e-01,3.387401553220741879e-01,8.275962163401132665e-01,7.739015626208960441e-01,1.616770169717812178e-01,-1.723737506708688250e-01,-8.281252604318346533e-01,4.364603390434200203e-01,3.172036386698643406e-01,-8.575017879285113942e-01,-3.808513703161978126e-01,6.985466808557374563e-01,-2.118530255717481492e-01,-9.412127162613118658e-01,2.221753452060141465e-01,5.749155271830055369e-01,-7.506833071067376961e-01,-6.073510442115316321e-01,6.389569848549625508e-01,8.286160829680308537e-02,-9.054619560103734921e-01,-2.014445979877904080e-01,6.270976789548398100e-01,-2.712606508590615362e-01,-3.057480588308369995e-01,-8.358991733498422061e-01,-2.444141343315516662e-02,-5.483833505676530828e-01,-5.474672882451228073e-01,-7.440548902016527744e-02,7.251201960446794770e-01,3.995958321114420064e-01,9.616296624573686946e-01,6.812621050231092434e-01,9.061290526067151685e-01,7.284080723229505727e-01,3.665715773852138426e-01,8.457476950200605303e-01,5.480041567197005969e-01,9.455246484373496241e-01,6.513359323232340570e-01,6.135413532239145651e-01,6.866746806162658812e-02,7.337640629806253811e-02
5.604900324936105127e-01,6.634133346855066726e-01,5.082820322184521400e-01,-3.105706610348845098e-01,3.741032347605994235e-01,8.389859490878709414e-01,-3.605224537107083044e-02,-3.965621523042383578e-01,8.329328591297781026e-01,4.999685311479403205e-01,-5.996867270010461937e-01,2.977527166610469816e-02,1.000000000000000000e+00,3.174296757891918036e-02,-6.585545272193485955e-01,-8.134659060068490100e-02,-4.280564758038194473e-01,3.299357068805718329e-01,3.988041319166181209e-01,-5.291976766510428920e-01,-7.824720317693174554e-01,3.439705893169804352e-01,2.129975241201528813e-01,-8.760767853148286877e-01,-4.157522898298809944e-01,-4.556190218020351179e-01,-3.183322588558010757e-01,-5.358449915011761489e-01,-1.423492259826333595e-01,5.055082838760761171e-03,-2.190316628115653863e-01,6.465617171760478232e-01,-1.513496237553384471e-01,6.378048438379547713e-01,1.422408863271493462e-01,7.756651572375845571e-01,2.799890521163825308e-01,2.924457660031642425e-01,8.868512066207574485e-01,-1.006447811505173928e-01,-2.855775470049571815e-02,-6.705586543688438761e-01,-4.840722716942736925e-01,-6.050728368576345773e-01,-1.663020694764292817e-01,-7.291703912114373409e-01,-2.640370556789655709e-01,-8.922822695251106939e-01,-2.632534191855462335e-01,-2.399116806786582290e-01,-5.255767534374920086e-02,8.768554018874544775e-01,5.813529682224097828e-01,4.584006744414390599e-01,8.594167274908596221e-01,-2.208367587641875684e-01,-4.082512907780594946e-01,8.377635029585260851e-01,4.690797334991359535e-01,-5.350587716477911426e-01,1.815023566944638234e-01,9.360295394116242562e-01,-2.364607328613550774e-02,-2.582390863089445432e-01,5.870411164523667846e-01,7.305427465812577292e-01,-1.964965534257960278e-01,-2.266335232683890921e-01,8.761769925582162388e-01,-7.758732398560347875e-03,-7.932790444825712495e-01,4.958632543784045194e-02,-3.468521544908028664e-01,-9.112491672282284627e-01,-3.187099165079493313e-01,-5.135955351546763747e-01,-1.977102593279776721e-01,-5.543613797615634109e-01,-4.450980708771091754e-01,9.496163784023974042e-02,-3.344716882315890150e-01,3.239422064021141856e-01,-1.637022495805266764e-01,7.147386965413098370e-01,-9.399201105468894812e-02,4.833250728553912801e-01,-2.769299845978364510e-02,4.434158340703700518e-01,1.142737512306656045e-01,4.953749629540550314e-01,1.290978302450615511e-01
1.524689461505741861e-01,-1.572732918247189138e-01,5.949844120604117492e-01,3.387939533599070852e-01,-5.842009964298272573e-01,2.332684110385004617e-01,8.308227864216598535e-01,-7.523274790190323524e-02,-3.017108036100075719e-01,7.203503677536158278e-01,6.225580350930274287e-01,-4.225842342865545609e-01,3.174296757891918036e-02,1.000000000000000000e+00,2.429244122238952142e-01,1.168072397374601556e-01,4.505940930682064138e-01,8.533114572823046196e-01,3.460600146244267594e-01,6.993784950627486285e-01,-5.497611668868707113e-01,-4.727073025162713549e-01,7.043114692951188971e-01,2.629145799726875232e-01,-8.220534239880548100e-01,1.491820382113574588e-02,-7.630928576831610410e-01,-2.466029311107205968e-01,-4.032457682526537357e-01,3.428217433683106163e-01,-3.745190500126328037e-01,2.164860657402473965e-01,-9.924332644424356531e-02,6.108625730951001281e-02,-1.777602262402428468e-01,-4.310416109079224234e-01,-4.706349046015383120e-02,-7.372347189096934983e-01,3.539581845534004456e-01,-5.005169704782657519e-02,9.057122990182581157e-01,3.629955182619314380e-01,5.878827001778594852e-01,3.051113856824490544e-01,-9.273601294008350371e-02,2.431323306453945787e-01,-1.580436036328946581e-01,-1.105052809171415962e-01,5.246460663281150572e-01,-2.072265326713319811e-01,1.320620930955752059e-01,-6.620056354664484444e-02,7.405541411820018016e-01,4.341055261431644996e-01,-1.917822487572394263e-01,-8.932065948985602466e-01,1.303437147621253900e-01,3.941436084263915118e-01,-6.899695148742417405e-01,-6.132141063447690277e-01,4.826769755447044563e-01,4.643782498347469312e-02,-9.095805693873846298e-01,-1.809572912682420043e-01,6.734203793817562511e-01,-3.215405481125796494e-01,-8.528450920963651649e-01,1.819059162251165651e-01,-3.493663909310981697e-02,-8.591818896643093062e-01,-3.208341550087128180e-01,-6.472220736779711325e-01,6.238874050271564498e-02,-2.918017611325480765e-01,-4.117080082328660184e-01,7.146334112137270322e-01,8.229675568410320663e-01,-1.448561333228782222e-01,4.430165397654797221e-01,-3.235927676709138834e-01,1.809145915278982664e-01,-2.045370614777021756e-01,2.075293940853402130e-01,3.688138658290954219e-01,2.891331438738838078e-02,3.585688500051528727e-01,-2.325941662403367971e-01,2.130733653480912371e-01,-7.851955434785382604e-01,-4.121236337798369065e-01,-5.006892412913773738e-01
-4.855382114525111925e-01,-3.013065990586449305e-01,-2.652708799237045167e-01,7.778466675702285782e-01,-1.270328080819736749e-01,-7.654548587619083300e-01,3.900356853661975931e-01,7.903937700510572650e-01,-4.436802889166572283e-01,-3.707956177188262425e-01,8.366886041795061901e-01,3.707459598057645245e-01,-6.585545272193485955e-01,2.429244122238952142e-01,1.000000000000000000e+00,4.489917155052619013e-01,8.657334407234863471e-01,7.099329301648484025e-02,3.069184667200178240e-01,5.543003863609755610e-01,4.031125193871490930e-01,4.951034088880044287e-02,4.112228321600233105e-01,6.183983769548198062e-01,8.957032052672629641e-02,-1.958009048823295961e-01,-3.068777959316629778e-01,-1.667034301793504647e-01,-5.518790896654828249e-01,-4.472736850355925053e-01,-4.874242019870371756e-01,-7.989781201560521851e-01,-5.062026091905690306e-01,-8.623971564848339488e-01,-7.213631769314320374e-01,-8.377535759579949337e-01,-7.640365853883366309e-01,-7.170303450593199512e-01,-4.359532976189056663e-01,6.203216164822690226e-01,3.934235961001016357e-01,9.037557411231222915e-01,2.104888430526165588e-01,9.064670717882240547e-01,6.597207300388402418e-01,9.215089548180599444e-01,6.934621558754533455e-01,7.343560519620287996e-01,7.481285403167180492e-01,5.901219992181641061e-01,6.525338536208101781e-01,-5.832750017070320592e-01,-8.392647513867704245e-02,-6.289246254096499955e-01,-4.579212422745774780e-01,-1.793847890466777617e-01,-1.988643792872402949e-01,-6.322959241112287021e-01,-3.056357213623988045e-01,-1.327283279892644274e-01,-4.693400794658504349e-01,-5.146477745446523810e-01,-1.673018969674892609e-01,-4.328249398314092944e-01,-4.234365031957845193e-01,-3.120419894471043731e-01,-3.350927431376031773e-01,-3.266644504361720380e-01,-8.072152149589717496e-01,-1.242455365249727772e-01,2.052725889359351408e-01,-6.534988215862467253e-01,-2.550820732023208470e-01,4.797190922780465994e-01,-3.847479462163935215e-01,4.623201138562959556e-01,6.139745600663040204e-01,8.065895939108566060e-01,8.756899136804976447e-01,3.735642899497881309e-01,8.234718014565135524e-01,2.491284076824480387e-01,7.434456701979981208e-01,-5.104265190690825821e-02,6.638673489334210309e-01,2.380251746103927424e-01,5.086092259462007270e-01,2.379132495351373444e-01,-1.945640910172674043e-01,-6.093753302018362072e-01,-3.852520221587609206e-01
-1.600348853163422458e-01,1.069154498456894031e-01,2.536928675770444563e-02,7.387939676371796383e-01,1.974299749282767136e-01,-3.963753378309523567e-01,3.795436049598043260e-01,6.945756547289938521e-01,1.562580206042432085e-01,-2.459696778621127122e-01,4.403776651990177760e-01,5.669248228147868440e-01,-8.134659060068490100e-02,1.168072397374601556e-01,4.489917155052619013e-01,1.000000000000000000e+00,5.396038172547080736e-01,1.385745414155940824e-01,6.206333009999353001e-01,1.539286668648430223e-01,7.363106351553436874e-03,4.141509559252490869e-01,5.262776595092953924e-01,4.971943057688649886e-02,-4.274918798986657859e-02,-5.870448827728941277e-01,-4.728844301506323622e-01,-5.922112920122535318e-01,-7.244226928074858352e-01,-6.294084432530785422e-01,-7.247931923359348660e-01,-5.749858356974615337e-01,-7.451074421754797505e-01,-6.288719010483762029e-01,-7.874364370908654154e-01,-3.772119283097290499e-01,-7.673858039947201171e-01,-5.339266597140621684e-01,5.258450144188470121e-02,7.576131750024297506e-01,2.714691887461758713e-01,5.628782405449312964e-01,-2.525675529700034949e-01,6.380291059320980507e-01,7.515217144490249357e-01,5.533972052819116083e-01,7.033654662118226097e-01,2.443922976258628976e-01,6.447395181672491704e-01,6.745888801578139304e-01,7.537637826987966250e-01,-3.986268970922631633e-02,1.860086941675377636e-01,-5.390762142482571351e-01,1.173287756821671524e-01,-2.257936736479505824e-01,-5.930904880404230806e-01,-2.385196304192166161e-01,1.132529810499979112e-01,-4.540627778498544931e-01,-5.681123912761371075e-01,6.007774770862917696e-02,-2.935560383884211477e-02,-7.145603121491790333e-01,-2.373031961844760673e-01,2.482728679007024097e-01,-3.944468259474073757e-01,-6.447935287586243902e-01,-3.248236510153453271e-01,4.941553040400797209e-02,-2.873086384346336120e-01,-6.283784116624127059e-01,-6.658640081495174057e-01,-2.641978656488164906e-02,-6.788949784023440293e-01,1.868350388314701793e-02,4.427372152908121139e-01,6.573548992607155528e-01,6.824974102415581889e-01,6.415550835524987949e-01,7.613405735871336955e-01,6.079822178565441604e-01,7.787198682645349868e-01,4.136118435097095314e-01,7.728467802047239710e-01,6.059615309020889296e-01,7.149757972017593000e-01,6.398870114512983376e-01,1.163731615318193552e-01,-2.470549100146510746e-01,-1.410842782620278235e-01
-2.721836834429293694e-01,-1.400713332009562162e-01,5.351297335102064151e-02,8.958317600368166378e-01,-1.645120085128804199e-01,-5.659137071064644919e-01,6.435980902886884181e-01,7.499032486513572682e-01,-2.984406146324888875e-01,-1.179859735380724139e-01,8.836192561992611827e-01,3.468209191615013176e-01,-4.280564758038194473e-01,4.505940930682064138e-01,8.657334407234863471e-01,5.396038172547080736e-01,1.000000000000000000e+00,3.767417181796679504e-01,5.742034344947614111e-01,6.507575017424459540e-01,9.212732412187218944e-02,5.744186159384079976e-02,7.137718911619815865e-01,4.996481277302178836e-01,-2.166659545796243702e-01,-3.632940323296704466e-01,-6.076678737229270766e-01,-3.993441872564945094e-01,-7.612032327778720520e-01,-4.349746165919516905e-01,-6.984735296836616092e-01,-6.652530560205576204e-01,-6.382988820279985598e-01,-7.741863010909219023e-01,-8.157618161389565969e-01,-8.130465962398708557e-01,-8.000876484361696406e-01,-8.862355708224005646e-01,-1.589274015841660448e-01,6.701253334147999619e-01,6.320330348547112953e-01,9.093430753874703898e-01,2.177753216713515794e-01,9.162986504562974366e-01,6.815568046111211142e-01,8.752219284588069748e-01,6.697740269632936894e-01,5.332644042662260109e-01,8.872233491983794185e-01,5.508019276088079730e-01,7.563748395662559521e-01,-4.011233541359024990e-01,2.406750278010235944e-01,-4.780044520447026546e-01,-2.964675031157579799e-01,-4.715058656523951619e-01,-3.263162090042813213e-01,-3.750162797051297403e-01,-3.552692601002959694e-01,-4.490052894623850488e-01,-3.747284058140800123e-01,-2.918966084138024386e-01,-3.945171967301401295e-01,-6.079542913331574816e-01,-1.602899412923550204e-01,-1.988387352444706546e-01,-6.257564594466461516e-01,-4.066160600579133977e-01,-6.711117606888471476e-01,-3.260049252314639046e-01,-6.842724594241045288e-02,-8.651138602487066231e-01,-3.813467526554061848e-01,2.226199309342899724e-01,-6.156036067015799862e-01,5.208757226126815576e-01,8.101434015033591729e-01,7.256597930437945765e-01,9.520673530297790732e-01,3.867778086651626479e-01,8.691768085198189331e-01,3.366340588530327138e-01,8.330394548053052795e-01,2.364545170011969066e-01,7.296239341582952953e-01,4.931778733873098397e-01,5.198959703534238308e-01,4.400659904252202659e-01,-3.352754219211214193e-01,-6.371801556559231194e-01,-4.845089484251576817e-01
