1.000000000000000000e+00,5.300010710828805260e-01,3.373910763797611234e-01,1.324457498226374597e-01,3.042143376076894903e-02,3.715567844448273288e-02,-5.961194950987522626e-03,-6.394450886906926680e-03,-2.025328171592700663e-02,-4.560550166889638241e-02,-5.245499813333789896e-02,-1.784034212981258378e-03,-1.945006566399756429e-02,-4.238265193009645854e-02,-5.011534371791539350e-02,-4.379049965041183212e-02,-3.293862711753794970e-02,4.038729653879490934e-03,3.042792655071784383e-02,5.159587921951065692e-02,5.586448573756073186e-04,1.591664940072083645e-02,-6.883914576468240856e-03,1.276197129011804807e-02,7.321560600734655991e-03,-1.768555428432494123e-02,3.230190809663299484e-03,2.674588774985118406e-02,-1.344462645460841807e-02,-6.903443618752611033e-02,-3.905223951531626436e-02,-4.828162026838497128e-02
5.300010710828805260e-01,1.000000000000000000e+00,5.750901419983323049e-01,2.010236304874056523e-01,2.263383369773710671e-02,2.044152207366444970e-02,-1.773276114519574051e-02,-1.893951506173599877e-02,4.905246545028594564e-04,-5.368217430635564141e-02,-7.123455432435028822e-02,-2.153136977852772999e-02,-5.846845296001548092e-02,-7.730346083861031059e-02,-6.907551681104991126e-02,-7.433099570490879493e-02,-5.755700176097970633e-02,-6.226985005666671458e-02,-1.152336684268501742e-02,1.701417414682285592e-02,1.033003414010376375e-02,3.027203225469150827e-02,4.314647167066044259e-02,2.739564230774039696e-02,3.891837192064556694e-02,-2.697374611077968040e-02,-1.521128371497519442e-02,-3.716476914007325796e-03,-3.537451960363952042e-02,-7.588972714505119732e-02,-4.484746507285363587e-02,-4.949490028263484054e-02
3.373910763797611234e-01,5.750901419983323049e-01,1.000000000000000000e+00,5.280390471197018432e-01,1.286464674987288503e-01,9.630409940164649796e-02,2.177123332153014720e-02,-1.969868547490937621e-03,6.978990720792495155e-03,-5.580554952110947792e-02,-1.104150142622127018e-01,-5.222392794735467719e-02,-8.104048310852703108e-02,-1.213663299841438309e-01,-9.213372550062479127e-02,-9.475853315103648089e-02,-7.150286238777939229e-02,-7.132696603057568641e-02,-9.547428952399204805e-03,-1.907449579028619446e-02,1.512659284688804180e-02,2.728752273339422885e-02,5.766949370385430346e-02,4.143336909064168627e-02,5.526599568396949047e-02,-1.946967304006149216e-02,-1.703491676491666884e-02,2.156785735412398985e-03,-1.796771169400747381e-02,-6.844827045683643529e-02,-4.154053715165383770e-02,-2.541001537088520557e-02
1.324457498226374597e-01,2.010236304874056523e-01,5.280390471197018432e-01,1.000000000000000000e+00,4.088676664993169951e-01,1.755244806482098296e-01,4.749195191119461035e-02,1.372999240289001117e-02,1.012684202363618377e-02,-3.221786258647820617e-02,-7.981105399956417434e-02,-2.866922354620697264e-02,-9.848429051214965813e-02,-1.320193653810481649e-01,-7.921957786972549931e-02,-9.715659905092831339e-02,-6.604360243715347301e-02,-8.027987979530162854e-02,2.621493915368035624e-03,-2.805125858570032410e-02,3.561018273957930122e-03,-1.093605905525494269e-02,2.354182249216949657e-02,1.526148634475327703e-03,3.479855985665669671e-02,-9.152920575741732437e-04,2.445619964770745936e-03,-2.378709530218484428e-02,-6.746447320853449225e-02,-8.126550389970112198e-02,-6.075970525810980849e-02,-3.808008673740190253e-02
3.042143376076894903e-02,2.263383369773710671e-02,1.286464674987288503e-01,4.088676664993169951e-01,1.000000000000000000e+00,4.819843843244747683e-01,1.339671115703366666e-01,4.608759997493999672e-02,1.195892676021008058e-02,-2.760379900816825605e-02,-8.161904947442039093e-02,-4.691719939579406910e-03,-6.598668867637494384e-02,-9.771170920364206924e-02,-6.020664057188293561e-02,-8.113818975689583712e-02,-6.401983778405281877e-02,-4.986798630478097433e-02,-2.380650371727389969e-02,-4.031037928462435221e-02,1.130624373252333073e-02,6.402148760721833483e-03,2.883664454075297520e-02,1.707016069111025672e-02,4.336167790985755860e-02,-9.864796084492004867e-04,-1.389841599871233756e-02,-4.168621313316584615e-02,-8.090801986262566303e-02,-6.184469342498841171e-02,-4.933544323012380162e-02,-4.076037919421584416e-02
3.715567844448273288e-02,2.044152207366444970e-02,9.630409940164649796e-02,1.755244806482098296e-01,4.819843843244747683e-01,1.000000000000000000e+00,4.830753117192859714e-01,2.036269302121438141e-01,5.092733177443447418e-02,-6.612512530253428266e-04,-4.441012483381704540e-02,-3.051995916451499119e-02,-9.533500546916306995e-02,-9.515888103713282531e-02,-1.061404298663189555e-01,-9.726842320328760172e-02,-4.913655645539154876e-02,-4.338795189061685209e-02,-5.332811487579745824e-02,-3.620271229692561404e-02,2.228756240464785029e-02,2.024891767429064932e-02,3.338296335126286762e-02,2.369157405830359456e-02,3.297297396024569116e-02,-4.038929507426410048e-02,-3.972449565819771017e-02,-3.148500401956780270e-02,-8.370269881350086982e-02,-6.109239137851051743e-02,-6.543846172250192272e-02,-7.686998715212284283e-02
-5.961194950987522626e-03,-1.773276114519574051e-02,2.177123332153014720e-02,4.749195191119461035e-02,1.339671115703366666e-01,4.830753117192859714e-01,1.000000000000000000e+00,5.052529483922876263e-01,1.987554529966786832e-01,1.465527976423806333e-01,5.917556220296401465e-02,-7.688633894858675497e-04,-7.878080992466311716e-02,-9.003961746585047166e-02,-8.764214182554053156e-02,-9.643253143609348266e-02,-5.504313780894257851e-02,-4.768107824682583235e-02,-8.225457020484833182e-02,-8.287531033676530379e-02,-6.440277078092755680e-02,-4.226278693310542289e-02,-7.020129474341898178e-04,3.072670458016294945e-02,2.147182296584152633e-02,-2.031295433076995074e-02,-4.423043699185000288e-02,-3.197647960777904447e-02,-3.435888178494884981e-02,4.763860837372760511e-03,-3.909074629661053041e-02,-5.941854140320308730e-02
-6.394450886906926680e-03,-1.893951506173599877e-02,-1.969868547490937621e-03,1.372999240289001117e-02,4.608759997493999672e-02,2.036269302121438141e-01,5.052529483922876263e-01,1.000000000000000000e+00,4.718061165083257680e-01,2.390709751253570214e-01,1.451684961313230438e-01,1.565724011964055029e-02,-1.011026279826918867e-01,-8.758034714326640158e-02,-5.512807116858410572e-02,-1.128275553964424582e-01,-4.908640561897069376e-02,-5.114841403180395846e-02,-1.026959662485101565e-01,-9.274443682977766279e-02,-8.279938462395446119e-02,-5.759847034356411349e-02,-1.700011582552017619e-02,7.072565550318350713e-02,5.480072252295189322e-02,3.328923647965137400e-02,-7.164311180536318824e-02,-1.103067335028481560e-01,-7.518161572048009944e-02,1.163800357013715023e-02,-3.481058027277085520e-02,-9.084750011302675232e-02
-2.025328171592700663e-02,4.905246545028594564e-04,6.978990720792495155e-03,1.012684202363618377e-02,1.195892676021008058e-02,5.092733177443447418e-02,1.987554529966786832e-01,4.718061165083257680e-01,1.000000000000000000e+00,4.891203221269853629e-01,2.030604721550481884e-01,1.065140262485547162e-01,1.577543309269181706e-03,-9.558771471936067243e-02,-3.983410442461726014e-02,-1.143851670611323729e-01,-8.360229999685643565e-02,-7.212376440225730378e-02,-9.256284656482126338e-02,-6.722214843964495479e-02,-4.652836475946215550e-02,1.708772600142327222e-02,1.668358932269006431e-02,6.667457451659722367e-02,5.044557815273074258e-02,3.394525315395424681e-02,-3.602788111443579883e-02,-1.203864274887622710e-01,-3.374517513052276152e-02,-3.982706098922494248e-03,-3.766292351144906458e-02,-7.339821951139442746e-02
-4.560550166889638241e-02,-5.368217430635564141e-02,-5.580554952110947792e-02,-3.221786258647820617e-02,-2.760379900816825605e-02,-6.612512530253428266e-04,1.465527976423806333e-01,2.390709751253570214e-01,4.891203221269853629e-01,1.000000000000000000e+00,5.209859408962248528e-01,1.114080583848182510e-01,2.054349869554060806e-02,6.169092640953970086e-02,2.984705934630509094e-02,-2.579261896641935059e-02,-2.011803504669519571e-02,-3.334322143913021758e-02,-1.136993313347596374e-01,-1.020137377596185141e-01,-8.669310985210178233e-02,-7.330113372766030796e-03,4.097066280439339708e-02,5.343565148327243663e-02,8.572897658723491882e-03,-8.586477542469422809e-04,-5.945665073878211859e-02,-9.469244343711694101e-02,-3.134640988448158389e-02,3.999111627605093922e-02,-3.924333593017208244e-02,-7.750478743802727277e-02
-5.245499813333789896e-02,-7.123455432435028822e-02,-1.104150142622127018e-01,-7.981105399956417434e-02,-8.161904947442039093e-02,-4.441012483381704540e-02,5.917556220296401465e-02,1.451684961313230438e-01,2.030604721550481884e-01,5.209859408962248528e-01,1.000000000000000000e+00,3.958668444252316787e-01,1.719586458969438181e-01,2.786257190990106269e-01,1.775596673525899061e-01,4.733604584585766883e-02,2.858493671758681465e-02,-1.783409124549694899e-02,-8.884635626693568322e-02,-8.438129756586049135e-02,-1.304126334694142297e-01,-6.976299467651124464e-02,-4.968814288037352866e-03,1.478227977712050917e-02,-2.586254848606134304e-02,4.689738343662762377e-02,-4.859110718594745332e-02,-3.342697073098772897e-02,-8.478732308692621400e-02,3.350035077112551579e-02,1.653894666555868684e-02,-6.757871302417679804e-02
-1.784034212981258378e-03,-2.153136977852772999e-02,-5.222392794735467719e-02,-2.866922354620697264e-02,-4.691719939579406910e-03,-3.051995916451499119e-02,-7.688633894858675497e-04,1.565724011964055029e-02,1.065140262485547162e-01,1.114080583848182510e-01,3.958668444252316787e-01,1.000000000000000000e+00,4.057670618059877055e-01,2.360144997874772110e-01,1.697764374615813032e-01,6.851321213528685505e-02,-3.498205384682968183e-02,-7.847180233229603119e-02,-6.332989831168696349e-02,-3.815350041881031967e-02,-7.438412768853334966e-02,-3.487697914454281067e-02,-2.820096141012590554e-02,1.712483977190969522e-02,5.293510752114451157e-02,8.396039265511752447e-02,2.053165287899189062e-02,-2.909937527970516899e-02,-3.632000233490061125e-02,-9.307894737437454047e-02,-7.164494447820990430e-02,-4.308028984791294896e-02
-1.945006566399756429e-02,-5.846845296001548092e-02,-8.104048310852703108e-02,-9.848429051214965813e-02,-6.598668867637494384e-02,-9.533500546916306995e-02,-7.878080992466311716e-02,-1.011026279826918867e-01,1.577543309269181706e-03,2.054349869554060806e-02,1.719586458969438181e-01,4.057670618059877055e-01,1.000000000000000000e+00,3.942833051153534774e-01,2.134598062591316070e-01,2.234909489945752781e-01,5.641713911629434725e-02,-1.124237361737513360e-02,-1.414408138718074859e-02,-1.883705221995998075e-02,-7.509435589045362902e-02,-8.508440727257167435e-02,-1.040145396403796552e-01,-4.901979414853530753e-02,-4.632827221492274300e-02,3.080151368501690343e-02,9.205801894616166825e-02,8.363012813037576376e-02,-1.577385758238055574e-02,-8.632941318650999563e-02,1.633130065449918920e-03,2.141744487224636617e-02
-4.238265193009645854e-02,-7.730346083861031059e-02,-1.213663299841438309e-01,-1.320193653810481649e-01,-9.771170920364206924e-02,-9.515888103713282531e-02,-9.003961746585047166e-02,-8.758034714326640158e-02,-9.558771471936067243e-02,6.169092640953970086e-02,2.786257190990106269e-01,2.360144997874772110e-01,3.942833051153534774e-01,1.000000000000000000e+00,4.646232514965342730e-01,3.054300934802284262e-01,1.560347351719436615e-01,6.657679186667112003e-02,1.633609980153675340e-02,1.221764979299043256e-02,-8.232220583496932531e-02,-9.062291518864706852e-02,-1.346963049844230043e-01,-5.430834046351120520e-02,-8.060402585593438862e-02,3.176484559379717278e-03,8.329570768360376742e-03,7.453472469183169968e-02,-4.277711828291684559e-02,3.312950203720443215e-02,2.716136374407425794e-02,6.741921236148151926e-03
-5.011534371791539350e-02,-6.907551681104991126e-02,-9.213372550062479127e-02,-7.921957786972549931e-02,-6.020664057188293561e-02,-1.061404298663189555e-01,-8.764214182554053156e-02,-5.512807116858410572e-02,-3.983410442461726014e-02,2.984705934630509094e-02,1.775596673525899061e-01,1.697764374615813032e-01,2.134598062591316070e-01,4.646232514965342730e-01,1.000000000000000000e+00,4.573571630430058321e-01,1.850022236242887530e-01,9.328980853930242401e-02,3.424189640576838500e-02,-1.353755532557389223e-02,-1.213619350048699974e-01,-1.428259816948074801e-01,-1.351277846136463290e-01,-5.718702515651868934e-02,-8.713960701317052804e-02,4.259294533673771248e-03,-2.783221580807491990e-02,-4.056637313879910695e-02,-5.197041574930612307e-02,4.651837828447797502e-02,-6.695700995846962794e-03,-1.105895449159284560e-02
-4.379049965041183212e-02,-7.433099570490879493e-02,-9.475853315103648089e-02,-9.715659905092831339e-02,-8.113818975689583712e-02,-9.726842320328760172e-02,-9.643253143609348266e-02,-1.128275553964424582e-01,-1.143851670611323729e-01,-2.579261896641935059e-02,4.733604584585766883e-02,6.851321213528685505e-02,2.234909489945752781e-01,3.054300934802284262e-01,4.573571630430058321e-01,1.000000000000000000e+00,5.233778717803926339e-01,2.786999079094199527e-01,1.093716479811371739e-01,3.925987894181676846e-02,-6.637085173434176255e-02,-1.549266562485941412e-01,-1.358193341253768338e-01,-6.747714519434783176e-02,-1.238622833839118226e-01,-7.758468422115992469e-02,1.086084970800286261e-03,1.338874646399904403e-02,5.546665054042445968e-03,6.167907739311150050e-02,-1.034376594686013673e-02,5.645258379358028544e-02
-3.293862711753794970e-02,-5.755700176097970633e-02,-7.150286238777939229e-02,-6.604360243715347301e-02,-6.401983778405281877e-02,-4.913655645539154876e-02,-5.504313780894257851e-02,-4.908640561897069376e-02,-8.360229999685643565e-02,-2.011803504669519571e-02,2.858493671758681465e-02,-3.498205384682968183e-02,5.641713911629434725e-02,1.560347351719436615e-01,1.850022236242887530e-01,5.233778717803926339e-01,1.000000000000000000e+00,5.528166292433289719e-01,1.605480582325833350e-01,2.612580232743874631e-02,-3.287708988650159259e-02,-1.052005419626347721e-01,-1.098873596760692739e-01,-1.237211868173090056e-02,-8.423029922450830931e-02,-7.631091011766530374e-02,-5.414776876834555969e-02,-3.308860740081620566e-02,-1.650627104329730963e-02,1.250459059301983755e-01,4.964887043955756862e-02,5.172848929487743747e-02
4.038729653879490934e-03,-6.226985005666671458e-02,-7.132696603057568641e-02,-8.027987979530162854e-02,-4.986798630478097433e-02,-4.338795189061685209e-02,-4.768107824682583235e-02,-5.114841403180395846e-02,-7.212376440225730378e-02,-3.334322143913021758e-02,-1.783409124549694899e-02,-7.847180233229603119e-02,-1.124237361737513360e-02,6.657679186667112003e-02,9.328980853930242401e-02,2.786999079094199527e-01,5.528166292433289719e-01,1.000000000000000000e+00,4.433760821967084875e-01,1.037905484707933590e-01,1.618554336535877464e-02,-8.829691061010978836e-02,-1.433318858130786522e-01,-3.944358246348528968e-02,-8.893042576369497576e-02,-8.843251130937143656e-02,-4.207455153789899094e-02,-1.647297448786433360e-02,6.377173197835071762e-04,1.192327533153461627e-01,3.241470436714657261e-02,2.713023972371143844e-02
3.042792655071784383e-02,-1.152336684268501742e-02,-9.547428952399204805e-03,2.621493915368035624e-03,-2.380650371727389969e-02,-5.332811487579745824e-02,-8.225457020484833182e-02,-1.026959662485101565e-01,-9.256284656482126338e-02,-1.136993313347596374e-01,-8.884635626693568322e-02,-6.332989831168696349e-02,-1.414408138718074859e-02,1.633609980153675340e-02,3.424189640576838500e-02,1.093716479811371739e-01,1.605480582325833350e-01,4.433760821967084875e-01,1.000000000000000000e+00,4.677506333669177452e-01,1.876321138000595912e-01,1.107295837137098901e-03,-9.338313510087226099e-02,-1.065029034093517291e-01,-1.464851311633342257e-01,-1.144394806478666871e-01,3.347966654103772671e-02,7.225921519779532343e-02,3.386939567294321857e-02,4.100694506026737740e-02,-3.807170576332321189e-03,3.976709457405410569e-02
5.159587921951065692e-02,1.701417414682285592e-02,-1.907449579028619446e-02,-2.805125858570032410e-02,-4.031037928462435221e-02,-3.620271229692561404e-02,-8.287531033676530379e-02,-9.274443682977766279e-02,-6.722214843964495479e-02,-1.020137377596185141e-01,-8.438129756586049135e-02,-3.815350041881031967e-02,-1.883705221995998075e-02,1.221764979299043256e-02,-1.353755532557389223e-02,3.925987894181676846e-02,2.612580232743874631e-02,1.037905484707933590e-01,4.677506333669177452e-01,1.000000000000000000e+00,4.851583248946246263e-01,1.636936680579797188e-01,-6.965590069640106852e-02,-5.977273742669944601e-02,-1.502155395536800830e-01,-1.189475603755195121e-01,2.400446527497915664e-02,9.486946802589932282e-02,3.534465930077619611e-02,2.456147359060052021e-02,-3.553746506202384251e-03,-8.087959801516171610e-04
5.586448573756073186e-04,1.033003414010376375e-02,1.512659284688804180e-02,3.561018273957930122e-03,1.130624373252333073e-02,2.228756240464785029e-02,-6.440277078092755680e-02,-8.279938462395446119e-02,-4.652836475946215550e-02,-8.669310985210178233e-02,-1.304126334694142297e-01,-7.438412768853334966e-02,-7.509435589045362902e-02,-8.232220583496932531e-02,-1.213619350048699974e-01,-6.637085173434176255e-02,-3.287708988650159259e-02,1.618554336535877464e-02,1.876321138000595912e-01,4.851583248946246263e-01,1.000000000000000000e+00,4.640169189296597940e-01,1.000789022685235619e-01,-6.194025848347623625e-02,-5.694435402937475521e-02,-9.382650248657067871e-02,9.569908680251511604e-03,6.449361526519765964e-02,7.763665359111221465e-02,7.763676325340942291e-03,-1.683048505649772583e-02,3.594021041006618955e-02
1.591664940072083645e-02,3.027203225469150827e-02,2.728752273339422885e-02,-1.093605905525494269e-02,6.402148760721833483e-03,2.024891767429064932e-02,-4.226278693310542289e-02,-5.759847034356411349e-02,1.708772600142327222e-02,-7.330113372766030796e-03,-6.976299467651124464e-02,-3.487697914454281067e-02,-8.508440727257167435e-02,-9.062291518864706852e-02,-1.428259816948074801e-01,-1.549266562485941412e-01,-1.052005419626347721e-01,-8.829691061010978836e-02,1.107295837137098901e-03,1.636936680579797188e-01,4.640169189296597940e-01,1.000000000000000000e+00,4.332419103873728083e-01,1.170882094469153090e-01,9.282091431145690630e-02,1.658678517993126753e-02,1.823802436137587218e-02,9.649835454714006736e-03,6.220531568111022785e-02,2.604917106865545923e-02,-8.439858292406177132e-03,1.722204474261461449e-02
-6.883914576468240856e-03,4.314647167066044259e-02,5.766949370385430346e-02,2.354182249216949657e-02,2.883664454075297520e-02,3.338296335126286762e-02,-7.020129474341898178e-04,-1.700011582552017619e-02,1.668358932269006431e-02,4.097066280439339708e-02,-4.968814288037352866e-03,-2.820096141012590554e-02,-1.040145396403796552e-01,-1.346963049844230043e-01,-1.351277846136463290e-01,-1.358193341253768338e-01,-1.098873596760692739e-01,-1.433318858130786522e-01,-9.338313510087226099e-02,-6.965590069640106852e-02,1.000789022685235619e-01,4.332419103873728083e-01,1.000000000000000000e+00,3.351934311993413629e-01,2.769272582433724983e-01,1.148798774689141072e-01,-1.366510248650634925e-02,-4.028610246534502365e-02,3.626062438017318371e-03,-1.844048861540681719e-02,-1.777755161196059239e-02,6.625645682795081037e-02
1.276197129011804807e-02,2.739564230774039696e-02,4.143336909064168627e-02,1.526148634475327703e-03,1.707016069111025672e-02,2.369157405830359456e-02,3.072670458016294945e-02,7.072565550318350713e-02,6.667457451659722367e-02,5.343565148327243663e-02,1.478227977712050917e-02,1.712483977190969522e-02,-4.901979414853530753e-02,-5.430834046351120520e-02,-5.718702515651868934e-02,-6.747714519434783176e-02,-1.237211868173090056e-02,-3.944358246348528968e-02,-1.065029034093517291e-01,-5.977273742669944601e-02,-6.194025848347623625e-02,1.170882094469153090e-01,3.351934311993413629e-01,1.000000000000000000e+00,5.097372983062982144e-01,2.021186964293176513e-01,-5.811653632426185684e-02,-9.779598571252309802e-02,-3.610797263987991501e-02,1.591375958675593505e-02,-2.310417508332683958e-02,-2.017452528182350421e-02
7.321560600734655991e-03,3.891837192064556694e-02,5.526599568396949047e-02,3.479855985665669671e-02,4.336167790985755860e-02,3.297297396024569116e-02,2.147182296584152633e-02,5.480072252295189322e-02,5.044557815273074258e-02,8.572897658723491882e-03,-2.586254848606134304e-02,5.293510752114451157e-02,-4.632827221492274300e-02,-8.060402585593438862e-02,-8.713960701317052804e-02,-1.238622833839118226e-01,-8.423029922450830931e-02,-8.893042576369497576e-02,-1.464851311633342257e-01,-1.502155395536800830e-01,-5.694435402937475521e-02,9.282091431145690630e-02,2.769272582433724983e-01,5.097372983062982144e-01,1.000000000000000000e+00,5.397471922733185767e-01,6.234158884171915604e-02,-1.014720051715569255e-01,2.140660180049876876e-02,2.106830970617817531e-02,-8.932445651727209321e-03,1.496792908089526059e-02
-1.768555428432494123e-02,-2.697374611077968040e-02,-1.946967304006149216e-02,-9.152920575741732437e-04,-9.864796084492004867e-04,-4.038929507426410048e-02,-2.031295433076995074e-02,3.328923647965137400e-02,3.394525315395424681e-02,-8.586477542469422809e-04,4.689738343662762377e-02,8.396039265511752447e-02,3.080151368501690343e-02,3.176484559379717278e-03,4.259294533673771248e-03,-7.758468422115992469e-02,-7.631091011766530374e-02,-8.843251130937143656e-02,-1.144394806478666871e-01,-1.189475603755195121e-01,-9.382650248657067871e-02,1.658678517993126753e-02,1.148798774689141072e-01,2.021186964293176513e-01,5.397471922733185767e-01,1.000000000000000000e+00,2.983244206038797586e-01,8.825590335501653713e-03,9.916439496168508172e-02,9.669682839002548269e-02,7.805112322899579458e-02,4.031947456588675510e-02
3.230190809663299484e-03,-1.521128371497519442e-02,-1.703491676491666884e-02,2.445619964770745936e-03,-1.389841599871233756e-02,-3.972449565819771017e-02,-4.423043699185000288e-02,-7.164311180536318824e-02,-3.602788111443579883e-02,-5.945665073878211859e-02,-4.859110718594745332e-02,2.053165287899189062e-02,9.205801894616166825e-02,8.329570768360376742e-03,-2.783221580807491990e-02,1.086084970800286261e-03,-5.414776876834555969e-02,-4.207455153789899094e-02,3.347966654103772671e-02,2.400446527497915664e-02,9.569908680251511604e-03,1.823802436137587218e-02,-1.366510248650634925e-02,-5.811653632426185684e-02,6.234158884171915604e-02,2.983244206038797586e-01,1.000000000000000000e+00,4.444739419004826719e-01,7.887473134675310193e-02,-4.346381696926038263e-02,1.698264970648392241e-02,6.695791754438798482e-02
2.674588774985118406e-02,-3.716476914007325796e-03,2.156785735412398985e-03,-2.378709530218484428e-02,-4.168621313316584615e-02,-3.148500401956780270e-02,-3.197647960777904447e-02,-1.103067335028481560e-01,-1.203864274887622710e-01,-9.469244343711694101e-02,-3.342697073098772897e-02,-2.909937527970516899e-02,8.363012813037576376e-02,7.453472469183169968e-02,-4.056637313879910695e-02,1.338874646399904403e-02,-3.308860740081620566e-02,-1.647297448786433360e-02,7.225921519779532343e-02,9.486946802589932282e-02,6.449361526519765964e-02,9.649835454714006736e-03,-4.028610246534502365e-02,-9.779598571252309802e-02,-1.014720051715569255e-01,8.825590335501653713e-03,4.444739419004826719e-01,1.000000000000000000e+00,2.499384531564285972e-01,-3.815125710076252424e-02,5.276679978161206985e-02,7.239495119922320643e-02
-1.344462645460841807e-02,-3.537451960363952042e-02,-1.796771169400747381e-02,-6.746447320853449225e-02,-8.090801986262566303e-02,-8.370269881350086982e-02,-3.435888178494884981e-02,-7.518161572048009944e-02,-3.374517513052276152e-02,-3.134640988448158389e-02,-8.478732308692621400e-02,-3.632000233490061125e-02,-1.577385758238055574e-02,-4.277711828291684559e-02,-5.197041574930612307e-02,5.546665054042445968e-03,-1.650627104329730963e-02,6.377173197835071762e-04,3.386939567294321857e-02,3.534465930077619611e-02,7.763665359111221465e-02,6.220531568111022785e-02,3.626062438017318371e-03,-3.610797263987991501e-02,2.140660180049876876e-02,9.916439496168508172e-02,7.887473134675310193e-02,2.499384531564285972e-01,1.000000000000000000e+00,4.148455159732191144e-01,1.698339010534176130e-01,1.450717408536076336e-01
-6.903443618752611033e-02,-7.588972714505119732e-02,-6.844827045683643529e-02,-8.126550389970112198e-02,-6.184469342498841171e-02,-6.109239137851051743e-02,4.763860837372760511e-03,1.163800357013715023e-02,-3.982706098922494248e-03,3.999111627605093922e-02,3.350035077112551579e-02,-9.307894737437454047e-02,-8.632941318650999563e-02,3.312950203720443215e-02,4.651837828447797502e-02,6.167907739311150050e-02,1.250459059301983755e-01,1.192327533153461627e-01,4.100694506026737740e-02,2.456147359060052021e-02,7.763676325340942291e-03,2.604917106865545923e-02,-1.844048861540681719e-02,1.591375958675593505e-02,2.106830970617817531e-02,9.669682839002548269e-02,-4.346381696926038263e-02,-3.815125710076252424e-02,4.148455159732191144e-01,1.000000000000000000e+00,4.286868718253055155e-01,2.074253461036228707e-01
-3.905223951531626436e-02,-4.484746507285363587e-02,-4.154053715165383770e-02,-6.075970525810980849e-02,-4.933544323012380162e-02,-6.543846172250192272e-02,-3.909074629661053041e-02,-3.481058027277085520e-02,-3.766292351144906458e-02,-3.924333593017208244e-02,1.653894666555868684e-02,-7.164494447820990430e-02,1.633130065449918920e-03,2.716136374407425794e-02,-6.695700995846962794e-03,-1.034376594686013673e-02,4.964887043955756862e-02,3.241470436714657261e-02,-3.807170576332321189e-03,-3.553746506202384251e-03,-1.683048505649772583e-02,-8.439858292406177132e-03,-1.777755161196059239e-02,-2.310417508332683958e-02,-8.932445651727209321e-03,7.805112322899579458e-02,1.698264970648392241e-02,5.276679978161206985e-02,1.698339010534176130e-01,4.286868718253055155e-01,1.000000000000000000e+00,4.709582681115431213e-01
-4.828162026838497128e-02,-4.949490028263484054e-02,-2.541001537088520557e-02,-3.808008673740190253e-02,-4.076037919421584416e-02,-7.686998715212284283e-02,-5.941854140320308730e-02,-9.084750011302675232e-02,-7.339821951139442746e-02,-7.750478743802727277e-02,-6.757871302417679804e-02,-4.308028984791294896e-02,2.141744487224636617e-02,6.741921236148151926e-03,-1.105895449159284560e-02,5.645258379358028544e-02,5.172848929487743747e-02,2.713023972371143844e-02,3.976709457405410569e-02,-8.087959801516171610e-04,3.594021041006618955e-02,1.722204474261461449e-02,6.625645682795081037e-02,-2.017452528182350421e-02,1.496792908089526059e-02,4.031947456588675510e-02,6.695791754438798482e-02,7.239495119922320643e-02,1.450717408536076336e-01,2.074253461036228707e-01,4.709582681115431213e-01,1.000000000000000000e+00
