1.000000000000000000e+00,6.888552731928652140e-01,8.978043813652593075e-01,6.755618700524752551e-01,8.599851483886493675e-01,4.249018893320627432e-01,6.938353990670205196e-01,7.947987428433918033e-01,6.029843647034534015e-01,4.731759263977526331e-01,7.285531778821803250e-01,4.231906571059130262e-01,1.681802480176778081e-01,-3.051267280078299171e-01,5.734324366727886479e-01,6.848760413251100410e-01,4.755967464033220016e-01,7.102844425709567977e-01,-1.692930598646525397e-01,7.842628638509054062e-02,5.691908309065180083e-01,-6.273973670476634679e-02,2.881326307397967523e-02,-4.817966159989303110e-01,2.249953031976510698e-01,-6.766109396951243138e-01,-3.176667886220972958e-01,-6.891665399272109971e-01,-6.486659149735076735e-01,-6.559668491014096769e-01,-6.619397949353353905e-01,-7.271802650520209355e-01,-1.654158091625365368e-01,-5.941808031078846808e-01,1.014160936970871646e-01,1.192106927950011414e-01,-7.050917914411433118e-01,-4.799480450677866550e-01,-7.113826739586961434e-01,-3.401654730308443786e-01,-5.530584381471161937e-01,-5.609551923196527679e-02,8.464492256992110775e-02,4.546478736459359515e-01,1.257552614333279917e-01,5.777392709136797144e-01,9.638010512562777965e-02,2.470082532912354356e-01,-4.536898380345711496e-02,-4.475994130470226651e-01,-5.693323566523302848e-01,-3.663972044113002480e-01,-3.898847416665380261e-01,-8.102441857875620768e-01,-2.909405195099347141e-01,-5.872023773772978572e-01,-6.249048333334137340e-01,-4.216063287932100279e-01,-5.204553808992039565e-01,-4.909427003629375785e-01,-2.595272979401990199e-01,-5.318620687307372696e-01,-3.671941388198788903e-01,-7.282529796664884147e-02,-4.333800185145529893e-01,-4.995299716000380363e-01,-2.356143169664979553e-01,-4.958763284620859024e-01,-3.869433938637543147e-01,-6.668904077223566373e-01,-3.937738670777164995e-01,-5.754465311270766659e-01,-1.273520598528573022e-01,-2.625429059510593355e-01,-5.009527283778150153e-01,-2.641270947483342901e-01,2.418994474043129339e-01,8.252256996144342882e-02
6.888552731928652140e-01,1.000000000000000000e+00,7.141938607254469940e-01,4.756120187369791141e-01,5.325301535616246973e-01,9.096805580155656323e-02,2.195578380819561692e-01,6.978225464319973703e-01,4.655134501389915358e-01,-2.563520751921480323e-02,5.875562122865217729e-01,5.516310049133684584e-02,-1.005634191442539432e-01,-2.519096957787414492e-01,5.109815886473587643e-01,8.183599654258099099e-01,-3.341170035381215569e-02,5.996151390287430827e-01,3.355029847492495554e-01,1.770198791242014458e-01,5.788474602977350392e-01,2.928965680224679402e-01,6.060346721362379618e-01,9.505568149336621198e-02,6.310488809952279343e-01,-2.610000231490141043e-01,2.415294451925088792e-01,-6.138463639483113798e-01,-7.515664509905244373e-01,-8.460597756484617982e-01,-3.304841642411382452e-01,-6.701644022374055876e-01,1.660150421995054415e-01,-1.594506168981170979e-01,3.142410387371133429e-01,5.452951795485316833e-01,-3.671641564908659783e-01,-1.089404159606198325e-01,-2.741270999486178361e-01,-4.859323350477781633e-01,-6.335064152675091709e-01,-3.472916452658755815e-01,-3.698117933310813843e-01,1.579649793947208725e-01,-3.488662826232199476e-01,2.448350128397136505e-01,-1.750915758519839271e-01,-2.062321104173825415e-01,-3.690431121353924815e-01,-7.466690504648499926e-01,-4.175649037175096501e-01,-5.448926601362402700e-01,-7.068364768375648977e-01,-7.373550724833026759e-01,-3.031160626173216022e-01,-7.039344200705224264e-01,-4.089957698882884518e-01,5.368490480528694681e-02,-2.793513525555114119e-01,4.752243256261997478e-03,2.536190458579006823e-01,-6.265576266083534851e-02,-2.393799828727706802e-01,-3.672291621565454411e-01,-7.326103308126215019e-01,-7.688193988606822904e-01,-3.487181094942177206e-01,-7.501237778220786190e-01,-7.187975397406222156e-01,-7.734869520106060214e-01,-5.997871636914923199e-01,-5.780711182598439191e-01,-4.114522057663965171e-01,-6.628673912462395013e-01,-6.027983421787541651e-01,-6.766935740015515011e-01,-2.496336391803930799e-01,2.123188971984907303e-03
8.978043813652593075e-01,7.141938607254469940e-01,1.000000000000000000e+00,4.722664092094547850e-01,8.311445533780419392e-01,2.393885913071470140e-01,7.419060582686564098e-01,7.712939290692162331e-01,7.355825983003679847e-01,5.230677069214525465e-01,7.158355213508771353e-01,5.545247485296164180e-01,1.968539647778147494e-02,-5.092175720732412536e-01,4.972449470025545604e-01,6.423893764632789827e-01,4.740185527407268506e-01,8.010292453825231807e-01,-1.786360359159573086e-01,-1.074897592483580466e-01,5.564245979113376928e-01,7.289274059336181555e-02,1.763070726806484009e-02,-3.656952438764446423e-01,2.620735452265731125e-01,-5.516399975015944257e-01,-3.763294790089600217e-01,-5.587760599278438489e-01,-7.467160646915763644e-01,-6.202766853492348575e-01,-7.019449419805867674e-01,-6.547058036551536286e-01,-9.310877275769388617e-03,-6.330603297177260780e-01,2.852115508647237729e-01,1.591935467349837874e-01,-6.500671249623111159e-01,-6.044116362695985956e-01,-6.931879856496072634e-01,-1.704556986768963334e-01,-4.940423504741824900e-01,1.052529398596317306e-01,1.010813213779499786e-01,6.065215795794737241e-01,2.237745630406747510e-01,7.111183559305142010e-01,2.450290879718638737e-01,2.925290479039667768e-01,-1.453251176746490902e-01,-4.725629164173602570e-01,-6.874795023344115741e-01,-4.850149474169780373e-01,-4.076114136165348012e-01,-8.103684124385266418e-01,-4.194759771580463537e-01,-4.899258241588518858e-01,-6.456761870688216831e-01,-4.537640286552549473e-01,-6.568951380803448314e-01,-4.662019647699457980e-01,-3.500674525017404837e-01,-4.927423154393594795e-01,-2.998200437988279288e-01,-2.135440693448574165e-02,-5.617346482561261789e-01,-5.732527933805707798e-01,-3.075036263063719022e-01,-5.260726233729604573e-01,-3.186553551933856698e-01,-6.590134709850440364e-01,-3.427076424569462931e-01,-5.601275783158832233e-01,-2.855492003605812901e-01,-2.736228790694565371e-01,-6.253574671268453677e-01,-3.203740417580509536e-01,2.925056230951204594e-01,2.596570937527808431e-01
6.755618700524752551e-01,4.756120187369791141e-01,4.722664092094547850e-01,1.000000000000000000e+00,7.161738435893206800e-01,8.307518344754403206e-01,3.640858800821909491e-01,6.666374309673062104e-01,1.007687602373262686e-01,2.579844923844113458e-01,7.116919477650823778e-01,1.329906467007467563e-01,6.108821129600008337e-01,2.202182842003619356e-01,7.788325659344904617e-01,6.839870651963461112e-01,3.375219138676155417e-01,3.434594067280323793e-01,-1.794360472274959539e-01,6.196169367098356418e-01,3.775079962664099065e-01,-4.813480731809926527e-01,1.929765176739983712e-02,-6.417676696747234288e-01,-8.032722091312308188e-02,-8.176782184278921228e-01,-1.028604194889015527e-01,-8.574580802719721229e-01,-3.106370015447086352e-01,-6.175549142074236997e-01,-5.231765468627835869e-01,-8.009608719089954532e-01,-5.794133565269388164e-01,-4.803949326866073788e-01,-4.407168293412523363e-01,-1.213718133693388324e-01,-7.037906040189390033e-01,-2.984874338253424783e-02,-5.455577293374811454e-01,-6.842152869467302834e-01,-4.541122619411337991e-01,-4.201035764810473472e-01,8.557635468694732572e-02,1.696343068026413131e-02,-2.570179838964981034e-02,2.342033468371131077e-01,-2.997190979290352830e-01,1.538249472061964940e-01,3.126037393787503560e-01,-2.139599025453268744e-01,-3.378343588428113775e-01,3.855228289847515387e-03,-7.446839288275899915e-02,-5.164398133788046241e-01,1.211249567404416583e-01,-5.447587402035914961e-01,-4.083276628898497851e-01,-1.695883936420103655e-01,-2.173311146249303494e-01,-3.539019780144533889e-01,-5.272568357237380349e-02,-5.449404894222186213e-01,-4.987563790678424258e-01,-1.371643652184058038e-01,-1.552089678586193455e-01,-3.661542396688304279e-01,-1.353534221433457807e-01,-2.429308726337230107e-01,-4.958658463091581980e-01,-5.105959466592089324e-01,-1.652433089915500419e-01,-2.000664170137914921e-01,3.817601606474837483e-01,-1.225794350744275757e-01,-2.452894203608965359e-02,-6.685884479196153862e-02,-1.419364793531069889e-02,-4.520291652589155107e-01
8.599851483886493675e-01,5.325301535616246973e-01,8.311445533780419392e-01,7.161738435893206800e-01,1.000000000000000000e+00,5.620357275506323580e-01,8.286222685024134949e-01,8.219007822973815047e-01,6.531338521122059815e-01,6.553929872446933036e-01,7.949548033538456071e-01,5.801947033665728615e-01,3.024318991501940279e-01,-3.160986851130725417e-01,6.498357246223256389e-01,6.209188810142682868e-01,6.151652750539157166e-01,6.683319274458550119e-01,-3.724062262746694052e-01,1.055803199630113570e-01,5.188940530170733645e-01,-2.242843604314503081e-01,-1.751705884374097355e-01,-6.384149619029928502e-01,2.092381965560238810e-02,-7.751345027463921733e-01,-4.929294736643072272e-01,-7.230306335739836721e-01,-6.193472099557184585e-01,-5.270229209117325286e-01,-7.548200764057010348e-01,-6.904232110869491512e-01,-2.666367857408357689e-01,-7.386338924557753760e-01,3.605954384496204423e-02,-5.850887592825630007e-02,-8.361480743891346323e-01,-5.945528024161204073e-01,-8.317322162250795348e-01,-2.819330893984955955e-01,-5.264480031352926082e-01,7.423815984857930206e-02,2.770508691480967345e-01,5.670541949316058039e-01,3.503501803818121485e-01,7.147957203302175433e-01,2.254865763597876660e-01,4.187841197578703323e-01,8.099464951793146350e-02,-3.059408284919299392e-01,-7.174193664485483124e-01,-3.600766716693082348e-01,-1.997377983299212234e-01,-7.471904392780586157e-01,-3.335918383898082151e-01,-4.724938151737592129e-01,-7.297242353513295754e-01,-5.802798559154453972e-01,-6.975681069746173524e-01,-6.226854234062370042e-01,-4.742414814219974017e-01,-6.719606964924327297e-01,-3.708472446102206721e-01,7.609139073918248786e-02,-3.503836815970906571e-01,-4.137209907606149706e-01,-2.538178486462243644e-01,-3.765362480538647638e-01,-2.992572765478429542e-01,-6.490587335298583227e-01,-2.186274017509244327e-01,-4.800077679029485234e-01,-1.212201591083544297e-03,-1.468951293312243112e-01,-4.650638047301885458e-01,-1.423243721086842606e-01,3.658365242196951472e-01,7.056723252239792410e-02
4.249018893320627432e-01,9.096805580155656323e-02,2.393885913071470140e-01,8.307518344754403206e-01,5.620357275506323580e-01,1.000000000000000000e+00,3.104951110069205655e-01,4.764731828437049344e-01,-1.112538521646087158e-01,3.324199194706760063e-01,5.789630417343114566e-01,1.767361096246699015e-01,7.371129022592126656e-01,3.154374988530015411e-01,6.856662611105296401e-01,4.219723314342040399e-01,3.206314811597629766e-01,1.356938426767213268e-01,-3.128465889285734769e-01,6.784324213279436799e-01,8.422516560558342136e-02,-7.119277099661182051e-01,-2.709078715928803227e-01,-8.086761625810195975e-01,-4.265265353947778615e-01,-8.046037411887932977e-01,-2.361801955720654322e-01,-6.554987706719644924e-01,-4.741427674984320662e-02,-3.270997333336227997e-01,-5.069032509509967532e-01,-6.372597515250373323e-01,-7.289861603070990625e-01,-5.453587657676055578e-01,-6.456265253423343342e-01,-4.272580493224278353e-01,-6.711430081566933659e-01,3.782939624415996432e-02,-4.846367889237838122e-01,-6.058139959335298030e-01,-1.757165135525620703e-01,-3.343159328077078274e-01,2.550488921717506963e-01,1.706703350396305240e-03,1.589135933969420544e-01,1.927540901253152472e-01,-3.055134035641536294e-01,2.598079807834074439e-01,5.645342331543879988e-01,9.773866093716772341e-02,-2.037737807068412399e-01,3.116444963977495486e-01,2.944054815207113873e-01,-1.769744885813411273e-01,3.417067526709570147e-01,-2.509270842015134395e-01,-2.214197449004120244e-01,-1.998923021068735317e-01,-1.735179168340189870e-01,-3.845904218763613325e-01,-2.175125247608261925e-01,-5.633793269265285897e-01,-4.018294791546213052e-01,3.798875377049409918e-02,1.544647013023958126e-01,-5.947660281282258349e-02,5.016864555876817539e-02,1.013499425908115092e-01,-2.030886993654472394e-01,-2.038537814148448646e-01,1.186660915224084095e-01,1.186033803106578133e-01,6.998223121751872000e-01,1.948084708261122733e-01,2.747124439633087944e-01,2.507128900345961808e-01,9.547139275600985409e-02,-5.655598789974776164e-01
6.938353990670205196e-01,2.195578380819561692e-01,7.419060582686564098e-01,3.640858800821909491e-01,8.286222685024134949e-01,3.104951110069205655e-01,1.000000000000000000e+00,5.875525165298743913e-01,7.396546837841656563e-01,8.356279810373491435e-01,6.044016527044280274e-01,7.610491052528932654e-01,1.803735542121827906e-01,-4.749247566549712474e-01,3.802703900657807834e-01,2.961497460168761031e-01,8.081402249482101396e-01,6.417672647471764913e-01,-6.056738455873650340e-01,-2.567240739028154861e-01,4.244260795861707347e-01,-1.887556547688690745e-01,-4.794246030795349389e-01,-6.174854812620689248e-01,-1.458200975973142632e-01,-6.355092426306413467e-01,-7.868888092948979063e-01,-4.317967546374834598e-01,-4.709995955296402137e-01,-1.920369011760770794e-01,-7.413408255491419352e-01,-3.920743084505570186e-01,-1.789488767569064886e-01,-7.692193715610907701e-01,1.793154564998559186e-01,-2.111486550326232836e-01,-7.229412183186479934e-01,-8.247853831348203046e-01,-8.623815422627713057e-01,1.084935233589454234e-01,-3.535436289336785776e-01,4.674411327694574791e-01,5.006478106106453385e-01,7.906396040643340895e-01,6.609683818157339186e-01,8.536222205492984827e-01,5.481771431066332356e-01,6.454615806296902791e-01,6.892091370584854659e-02,-9.211487047921770865e-02,-7.131873952150656892e-01,-3.163819391476163645e-01,-3.531663821184742591e-02,-6.026590169819234788e-01,-4.862867761750940820e-01,-2.093987947642937664e-01,-7.356973064628719028e-01,-8.011112204070189868e-01,-7.807794201639666198e-01,-7.793920307590018748e-01,-7.013325107270912406e-01,-7.166047671196418278e-01,-3.138893482811284108e-01,2.859806242407256782e-01,-1.749453496448180045e-01,-2.045019012483929310e-01,-2.298957102557562804e-01,-1.516531683837578082e-01,8.821669495810827155e-02,-3.996287014669892557e-01,-1.643625369073720491e-02,-4.365336540238917706e-01,-6.920262082299716289e-02,1.154753983188655936e-01,-4.664976580854427457e-01,7.959410931427746139e-02,6.777144051746722964e-01,3.762296414890156648e-01
7.947987428433918033e-01,6.978225464319973703e-01,7.712939290692162331e-01,6.666374309673062104e-01,8.219007822973815047e-01,4.764731828437049344e-01,5.875525165298743913e-01,1.000000000000000000e+00,6.404831035139879614e-01,3.746934232110755714e-01,7.953401079327013790e-01,3.542417225133990821e-01,1.493836780045864066e-01,-2.705933353903711702e-01,6.812279323905072737e-01,8.222217978756667378e-01,3.023438723691409535e-01,7.087213919656476513e-01,-9.900663692026722904e-03,3.134318948403546634e-01,6.075800003249191006e-01,-1.120622916013966908e-01,1.939436950430641626e-01,-4.340039377421864297e-01,3.237025742308543563e-01,-6.612380858287949525e-01,-1.754917465548622713e-01,-7.497153070365086824e-01,-7.587682999715406051e-01,-6.989914281201585755e-01,-6.696832906391039231e-01,-7.599976631525632298e-01,-1.315892301682538568e-01,-5.718860981225455387e-01,1.007830056431418819e-01,2.187980954010890489e-01,-7.687392477645844657e-01,-3.612612612897109776e-01,-6.687175641062303999e-01,-5.503336829938920705e-01,-7.024927316720079862e-01,-2.377084889917704114e-01,-2.993400046156416069e-02,3.888155944357830629e-01,-2.326345876516509176e-03,5.329145436320322782e-01,-8.214347858496780230e-02,1.356653429276997447e-01,-1.001558970774751034e-01,-5.806350108592018833e-01,-5.697823095873918442e-01,-4.422662802328166665e-01,-4.466782011637340788e-01,-7.193731571356131171e-01,-2.668922826753146182e-01,-7.136301274515522985e-01,-5.739522135762415989e-01,-2.661797340669743717e-01,-5.293630532744872941e-01,-3.724935377611798271e-01,-1.680745648012130500e-01,-3.899957688757740848e-01,-2.611218236783295343e-01,-1.173965002711911156e-02,-4.885621031174253726e-01,-4.872407772334425569e-01,-2.576831609025145853e-01,-5.517946173882817273e-01,-5.136663535085082000e-01,-7.990175387264891738e-01,-5.358404647318587566e-01,-5.919062181670534661e-01,-9.566964506667088863e-02,-4.306450612773716213e-01,-5.693316244665327375e-01,-4.115182615635431529e-01,1.236295583941889459e-01,1.363683371628545554e-02
6.029843647034534015e-01,4.655134501389915358e-01,7.355825983003679847e-01,1.007687602373262686e-01,6.531338521122059815e-01,-1.112538521646087158e-01,7.396546837841656563e-01,6.404831035139879614e-01,1.000000000000000000e+00,5.674752278018218021e-01,5.020308399683990341e-01,5.926977361275947986e-01,-2.815757530960813493e-01,-6.916743874206183751e-01,2.140070050582372763e-01,4.142508051284786719e-01,4.823544889925849288e-01,7.482806923191155368e-01,-1.899292106316486928e-01,-4.244218630328280839e-01,5.504314432250826394e-01,2.979342106149275304e-01,-3.068747953516895444e-02,-1.392384311395343521e-01,3.409974884667458239e-01,-2.721129027745748385e-01,-4.695923930402425284e-01,-2.886355863873659167e-01,-7.501920275649958114e-01,-2.683554082297560650e-01,-5.683830305263489757e-01,-2.659502911486768539e-01,2.813614553100099447e-01,-4.817641209725590512e-01,5.891406635944924641e-01,2.681138888898325079e-01,-4.682040420711895967e-01,-7.407169424648503142e-01,-6.167594224849847206e-01,1.188559091292625408e-01,-5.653972041960269035e-01,3.829036430939435909e-01,1.086476774999548672e-01,7.275438936627386388e-01,3.109932764323021792e-01,7.441700995102723537e-01,5.683778965326199417e-01,3.123896262323306861e-01,-3.958693761910526132e-01,-4.677504951435729752e-01,-6.920833699825004182e-01,-7.132725469840679455e-01,-4.164105047090415068e-01,-6.613373976533937215e-01,-6.949246853009100056e-01,-3.564903037507275441e-01,-6.462295611860292555e-01,-5.545053088823647114e-01,-7.333095784961254360e-01,-4.378346931294613831e-01,-4.342165427220072704e-01,-3.603427947759011429e-01,-7.270629742532271067e-02,1.974979143342524002e-01,-5.019132369993100085e-01,-3.715175622863974847e-01,-3.742645576328388901e-01,-5.028161530015152758e-01,-1.259151567491787749e-01,-6.454871215407133045e-01,-3.887126307545855641e-01,-6.699795405971550322e-01,-5.366178150605506181e-01,-3.466475235544627109e-01,-7.939436820551469820e-01,-3.877157904459340165e-01,3.797407988331422679e-01,5.745136003203394903e-01
4.731759263977526331e-01,-2.563520751921480323e-02,5.230677069214525465e-01,2.579844923844113458e-01,6.553929872446933036e-01,3.324199194706760063e-01,8.356279810373491435e-01,3.746934232110755714e-01,5.674752278018218021e-01,1.000000000000000000e+00,5.632969694452697462e-01,8.602589121256654092e-01,2.875363124407451232e-01,-4.617949622122853315e-01,3.670042044836291373e-01,9.666223796905554222e-02,8.137249149321066355e-01,3.965783121915846254e-01,-7.603503662447629319e-01,-2.099659827518230715e-01,2.474221104129951110e-01,-3.686146838759243871e-01,-6.868868823472664698e-01,-6.899013407160770051e-01,-3.996267591104753492e-01,-5.993522587592836626e-01,-8.735110590133576824e-01,-3.277089062466442271e-01,-2.955515800185715136e-01,2.516166627149643911e-02,-7.348482128870403862e-01,-2.713558832957735922e-01,-3.042851934190947127e-01,-7.940021124043746825e-01,-3.219612227728821385e-02,-5.020326343665744151e-01,-6.685953713968191270e-01,-7.928492971408952483e-01,-8.069217182913902553e-01,2.076849303065061159e-01,-1.503746565862534579e-01,5.926703407786606537e-01,7.218372789726309469e-01,7.301902198211169814e-01,7.985413777183016926e-01,8.193397053570992128e-01,5.696557462322500154e-01,7.953297916039110405e-01,3.330671839637502907e-01,2.293883521592513519e-01,-6.460733619440632847e-01,-1.305499513071630424e-01,2.480982469453756611e-01,-3.534964840610441139e-01,-3.523516509366192984e-01,5.748124892847829293e-02,-6.475142700438973886e-01,-8.040897096922785536e-01,-7.603068302854817384e-01,-7.917693396269910311e-01,-7.841024191523484621e-01,-7.473538304739237859e-01,-3.391609087644840703e-01,3.814544202572553444e-01,1.515946825182601654e-01,-6.411171688341082975e-02,-1.888532624309580410e-01,1.922586431691598527e-02,2.190674426913380157e-01,-1.892056492268356094e-01,2.662104266164920796e-01,-1.377737384975987189e-01,1.857785654936431885e-01,3.878168685939512583e-01,-2.189980764138705627e-01,3.500085167608593117e-01,7.676663636278656666e-01,3.798771735410259587e-01
7.285531778821803250e-01,5.875562122865217729e-01,7.158355213508771353e-01,7.116919477650823778e-01,7.949548033538456071e-01,5.789630417343114566e-01,6.044016527044280274e-01,7.953401079327013790e-01,5.020308399683990341e-01,5.632969694452697462e-01,1.000000000000000000e+00,5.566124038766085969e-01,4.251691214200188362e-01,-2.481124163137694849e-01,8.842906586362775379e-01,7.703181913707921602e-01,5.420880767798416100e-01,5.980007137886766966e-01,-3.291067100955219482e-01,3.457796150097217081e-01,5.200316975841610123e-01,-3.382307742178017884e-01,-4.192395093243311832e-02,-5.645293622241592812e-01,5.275310036254969581e-03,-7.786739724885911595e-01,-3.591463639403532082e-01,-8.630678388332353457e-01,-6.994185840245215058e-01,-6.701660866989443965e-01,-7.586421085762636851e-01,-8.007387686275038163e-01,-3.013242508775821338e-01,-7.229079175093856557e-01,-7.586766643424171230e-02,-6.565575262043241156e-02,-8.339312934758986717e-01,-4.074757193391704835e-01,-7.557596375587352089e-01,-4.732616638426229150e-01,-5.730178671238882471e-01,-7.166455637304285087e-02,2.217632252893122213e-01,4.704135443148291795e-01,2.206225851370326452e-01,6.360705114085537515e-01,-1.106042262728982629e-02,3.672231348305093901e-01,2.047088199913973949e-01,-2.896080674495595808e-01,-6.489242236642703832e-01,-2.878414719838100488e-01,-1.676081726115928316e-01,-6.711241747595269036e-01,-2.109284876953569920e-01,-5.354691749490411157e-01,-7.255187750729021889e-01,-3.972750665755858668e-01,-6.625831383460624169e-01,-5.766153635613953110e-01,-2.396220933207545978e-01,-5.992080862870040603e-01,-5.868434299847139490e-01,-6.157766009595836559e-02,-3.065292464430192099e-01,-5.880786409097658041e-01,-2.774285303647368583e-01,-4.442961248503409233e-01,-4.502936945893665222e-01,-6.740120524281069114e-01,-1.690307132279597613e-01,-3.132354723573040345e-01,1.314676940200138477e-01,-1.565584935127041222e-01,-3.668115068247907451e-01,-1.542460403157241700e-01,2.665554036148738426e-01,1.220037073230141773e-02
4.231906571059130262e-01,5.516310049133684584e-02,5.545247485296164180e-01,1.329906467007467563e-01,5.801947033665728615e-01,1.767361096246699015e-01,7.610491052528932654e-01,3.542417225133990821e-01,5.926977361275947986e-01,8.602589121256654092e-01,5.566124038766085969e-01,1.000000000000000000e+00,4.693557937656606116e-02,-7.255765987772222481e-01,3.079245353116698558e-01,1.555198227034513270e-01,7.171065061650828687e-01,4.982635476684927900e-01,-6.472561996343655366e-01,-2.926822188108771372e-01,4.071922596177713904e-01,-1.669557800019579319e-01,-5.374080515708321570e-01,-5.421918929594103931e-01,-2.158707622470549814e-01,-4.569500441267871915e-01,-7.854636038124075403e-01,-2.594419322925886617e-01,-4.365774244873317778e-01,1.572461350955883319e-03,-6.967426517196367852e-01,-1.992600092286285485e-01,-1.189864887306254365e-01,-8.072717390430920181e-01,1.427427677198141731e-01,-3.698103855504535353e-01,-5.915927409788489522e-01,-8.157112902736790572e-01,-7.185453916555838427e-01,2.326129319729053901e-01,-2.321442767714516908e-01,6.192772155211473395e-01,6.904059540992801836e-01,8.101085612956395732e-01,7.521425169104184461e-01,8.621539752652347399e-01,6.070782073776609389e-01,6.559689889109054928e-01,1.788438603291900575e-01,1.211847410991639534e-01,-6.789579226283758429e-01,-3.265101141321372080e-01,1.297294729224948429e-01,-4.220901464652124790e-01,-5.051919859116874578e-01,-7.167840991235747104e-03,-7.080631197632371032e-01,-6.337524337346628345e-01,-8.645151584070882578e-01,-6.667213039024370014e-01,-7.237214703277443650e-01,-6.096880950970501312e-01,-2.482817952567703268e-01,4.314342230571094894e-01,-1.207261347516155013e-02,-2.156377469904690314e-01,-3.780262596184312818e-01,-1.323513334993320079e-01,1.402946327238519808e-01,-2.555914027403259903e-01,2.240253019843322924e-01,-1.400912030358364146e-01,5.150005471174459032e-02,2.283915692947920961e-01,-3.248755761054143987e-01,1.750541559760457333e-01,6.423880436374236336e-01,4.541525226022377071e-01
1.681802480176778081e-01,-1.005634191442539432e-01,1.968539647778147494e-02,6.108821129600008337e-01,3.024318991501940279e-01,7.371129022592126656e-01,1.803735542121827906e-01,1.493836780045864066e-01,-2.815757530960813493e-01,2.875363124407451232e-01,4.251691214200188362e-01,4.693557937656606116e-02,1.000000000000000000e+00,5.984427136604303366e-01,6.362698500154019277e-01,1.226283890584787539e-01,4.343707926376614292e-01,-1.737754309376854100e-01,-5.392602553766221440e-01,5.767694944315636674e-01,-2.380818791196144535e-01,-8.786806251734277096e-01,-4.552938298033556985e-01,-6.530440013843950009e-01,-6.810781861677305260e-01,-6.595986496368914098e-01,-3.043957501863948645e-01,-5.277390339158859467e-01,2.245897619028059122e-01,-1.946681638599101760e-01,-3.037914900815442687e-01,-4.573199005132066453e-01,-7.363904521473289000e-01,-3.882833612119896416e-01,-7.135736039744728920e-01,-5.555854650600738909e-01,-4.871820011151905550e-01,6.342138533173588555e-02,-3.817931722948704198e-01,-2.877968866973088513e-01,1.928465355633408596e-01,-1.373384373103980483e-01,3.564898795495946016e-01,-1.101747270229543468e-01,2.286853416069729028e-01,5.685941563763879242e-02,-3.164987842365169501e-01,4.336081494429613326e-01,7.347999506263139802e-01,3.785334218142038520e-01,-1.022255849897618918e-01,5.700791823668234226e-01,5.076976607063169444e-01,4.003061741547057906e-02,5.048762040480381241e-01,4.615670796238538487e-02,-1.323230389530901663e-01,-2.400662066188478938e-01,-1.971849630441327092e-02,-4.798471853414233990e-01,-9.521027006122163849e-02,-5.289370790023376623e-01,-6.358455156721194435e-01,-2.255433117303597690e-01,3.759790823846930197e-01,7.145457537557865779e-02,3.199419777453379465e-01,3.772012822639588814e-01,-3.507769737155479336e-04,1.144986365666282313e-01,4.224359921174488108e-01,3.432540850984032166e-01,6.740868291754353869e-01,4.706846492256525627e-01,4.444847945805873168e-01,5.203711366194682109e-01,2.648280059319700341e-01,-3.845506942092815073e-01
-3.051267280078299171e-01,-2.519096957787414492e-01,-5.092175720732412536e-01,2.202182842003619356e-01,-3.160986851130725417e-01,3.154374988530015411e-01,-4.749247566549712474e-01,-2.705933353903711702e-01,-6.916743874206183751e-01,-4.617949622122853315e-01,-2.481124163137694849e-01,-7.255765987772222481e-01,5.984427136604303366e-01,1.000000000000000000e+00,7.883107977568952485e-02,-1.612960977263930284e-01,-2.636007661409905944e-01,-5.691301767653922372e-01,1.137486955929892379e-01,5.682769024295216687e-01,-5.101034257528769267e-01,-4.868247876846978350e-01,2.106591057859919652e-02,-3.227717792048537954e-02,-3.442417890784970069e-01,-4.105217811652000365e-02,3.445693127709610892e-01,-4.214617830078466049e-02,6.189739920651253779e-01,1.950683928172194936e-02,3.676813103756255696e-01,-5.151453838593150758e-02,-4.309922292497761487e-01,3.803896778125610001e-01,-6.207673558692274884e-01,-1.688315511099555688e-01,1.860183684854250230e-01,6.654083304393367815e-01,3.236782002890278287e-01,-2.979070898138687640e-01,3.637441173266332539e-01,-4.949586909409924296e-01,-2.234749436543568835e-01,-6.837591835686692709e-01,-3.600549001755158351e-01,-6.641223177615465101e-01,-6.415408120242758194e-01,-1.830458418829113698e-01,3.782901098269655926e-01,2.617951550368906588e-01,5.154727188563891227e-01,6.918563621003146480e-01,2.960155397229741747e-01,4.422319910827951506e-01,7.157749268187805214e-01,1.231461647906006152e-01,5.088878350650973825e-01,2.856665430808076334e-01,6.853355353174833686e-01,1.814382698806635552e-01,4.577409608053166212e-01,1.240445620260572646e-01,-1.885354142590942306e-01,-4.029660051992424163e-01,3.422887025284439555e-01,3.317471156067692828e-01,5.403889050914125747e-01,4.659931202765985603e-01,-1.265541840186458836e-03,3.586857849276944843e-01,1.589567008406037874e-01,3.642935119454993598e-01,4.438668096924762163e-01,2.477726717851244098e-01,6.173352034493853058e-01,3.156798075593220121e-01,-2.568915781015583821e-01,-5.890240031276863242e-01
5.734324366727886479e-01,5.109815886473587643e-01,4.972449470025545604e-01,7.788325659344904617e-01,6.498357246223256389e-01,6.856662611105296401e-01,3.802703900657807834e-01,6.812279323905072737e-01,2.140070050582372763e-01,3.670042044836291373e-01,8.842906586362775379e-01,3.079245353116698558e-01,6.362698500154019277e-01,7.883107977568952485e-02,1.000000000000000000e+00,7.359014490666158093e-01,4.125910559109570719e-01,3.703600310937790185e-01,-2.801745583554763885e-01,5.923845191819165912e-01,3.300725587982714093e-01,-5.217443872985118025e-01,5.175202524258795071e-04,-5.444984967364151496e-01,-1.048038642105097867e-01,-7.908618889952194753e-01,-2.012007345028454797e-01,-8.813990485534255459e-01,-4.863797433249004709e-01,-6.889942983429370171e-01,-5.982980997081502883e-01,-8.075083108716601954e-01,-4.495460097093164631e-01,-5.707531857926905206e-01,-3.118392452150791638e-01,-1.234814975811774074e-01,-7.515318945378157700e-01,-1.439339557647159873e-01,-6.081026538875952125e-01,-5.881661916976568261e-01,-4.252376607820161358e-01,-2.636269740839688458e-01,1.375896058502618091e-01,1.944171060602302992e-01,6.633009831987872473e-02,3.807658523671632045e-01,-2.878799855283926123e-01,2.859456122282629242e-01,3.616561946770707192e-01,-1.825345296476786894e-01,-4.628703536307449129e-01,-4.707004829319222372e-02,-7.370227427058582970e-02,-5.035298347071787139e-01,5.196914049554231252e-02,-4.740698282184890311e-01,-5.267653036747528272e-01,-2.376821095252751870e-01,-4.071841962296026685e-01,-4.885609271210882842e-01,-1.997523228445112486e-02,-5.223094778551921058e-01,-6.595031862698970127e-01,-2.361109586084463030e-01,-1.757331949083498213e-01,-5.110553147012382169e-01,-8.716298720927299903e-02,-2.958715400953924601e-01,-5.025480440017460193e-01,-5.456564442098998935e-01,-9.705598838842173504e-02,-1.300476733464150936e-01,3.102662930255310481e-01,-8.547189450759386242e-02,-1.278531272111897710e-01,-5.463448467064948438e-02,1.392379248320861906e-01,-2.066926423372300592e-01
6.848760413251100410e-01,8.183599654258099099e-01,6.423893764632789827e-01,6.839870651963461112e-01,6.209188810142682868e-01,4.219723314342040399e-01,2.961497460168761031e-01,8.222217978756667378e-01,4.142508051284786719e-01,9.666223796905554222e-02,7.703181913707921602e-01,1.555198227034513270e-01,1.226283890584787539e-01,-1.612960977263930284e-01,7.359014490666158093e-01,1.000000000000000000e+00,1.221851235479273490e-01,7.112060781162308221e-01,2.195466261935520857e-01,4.500495308289697571e-01,6.876914173923387441e-01,-1.492492747989857156e-02,4.516918121795298613e-01,-2.341392985648892699e-01,4.345648369833278735e-01,-5.510953822845415795e-01,8.889261837968023827e-02,-8.128293554091639006e-01,-7.408488635797104704e-01,-8.473152270310526646e-01,-5.506139750834028179e-01,-8.321898466689380269e-01,-1.434396768944243561e-01,-3.818656245046733733e-01,6.237716751713615754e-02,3.341324312810352581e-01,-5.768434617583602098e-01,-7.868803466339634178e-02,-4.640996636510482110e-01,-7.170379423607464719e-01,-7.786553243540371705e-01,-4.346356811410891363e-01,-2.365498917393047129e-01,1.828064622544438300e-01,-2.541852250028873716e-01,3.198942879362607350e-01,-2.703392448171011986e-01,-7.882717011897175108e-02,-1.831809605493916748e-01,-6.670404556007620833e-01,-4.513188792521643511e-01,-4.451045035254990179e-01,-5.174773785909232426e-01,-6.719201247240687014e-01,-2.098489733454264317e-01,-7.887050623052114240e-01,-4.752385759758993022e-01,-3.973749733589658495e-02,-3.482183909995923421e-01,-1.553299159615214309e-01,1.644675871375183562e-01,-2.287709856522273655e-01,-3.900406227045497554e-01,-1.602214604915714047e-01,-5.919539860283639099e-01,-6.962429852666490726e-01,-4.241694230864692106e-01,-6.311040408793362477e-01,-7.112012371083413775e-01,-8.438082691668806756e-01,-5.518107610081339764e-01,-5.139974759266179305e-01,-8.251326890463019093e-02,-5.744947323415421359e-01,-4.875901762040790732e-01,-5.625749850787710171e-01,-1.893481060289345097e-01,-1.699762919072144718e-01
4.755967464033220016e-01,-3.341170035381215569e-02,4.740185527407268506e-01,3.375219138676155417e-01,6.151652750539157166e-01,3.206314811597629766e-01,8.081402249482101396e-01,3.023438723691409535e-01,4.823544889925849288e-01,8.137249149321066355e-01,5.420880767798416100e-01,7.171065061650828687e-01,4.343707926376614292e-01,-2.636007661409905944e-01,4.125910559109570719e-01,1.221851235479273490e-01,1.000000000000000000e+00,4.318185746956036408e-01,-8.744679081839713541e-01,-2.356516011589195048e-01,2.649287501384615662e-01,-4.070536343625170139e-01,-6.715236171649744401e-01,-6.577466829703166873e-01,-4.422840057852786000e-01,-6.678161737549672683e-01,-8.557165165494221570e-01,-4.199905828975387667e-01,-2.150915789594021743e-01,-4.901860534297011740e-02,-6.185978857584119028e-01,-2.685076505032130134e-01,-3.358710613913630239e-01,-7.165949833546031433e-01,-4.382510668508458190e-02,-4.013314940351074278e-01,-5.976120258513772932e-01,-7.255052440669599312e-01,-8.051005938456112787e-01,2.153695612610657673e-01,-1.498231021104292904e-01,5.178770519312269061e-01,6.016531933576604319e-01,6.345480588640927122e-01,7.148952224441431635e-01,7.377613813503058893e-01,5.217971070503641950e-01,8.000719675857825841e-01,2.954873890634460154e-01,2.122410469816058409e-01,-5.880927757739627948e-01,-8.070688767514545836e-02,2.497420376249311624e-01,-4.213795358903099086e-01,-3.169683174150214611e-01,-8.541261436948331329e-03,-6.861149607125652805e-01,-7.647014006460509661e-01,-6.445576036999932645e-01,-8.602956391118173896e-01,-6.185896152874504894e-01,-7.633441368943822969e-01,-5.414194671711833884e-01,2.462979417852160791e-01,9.974044773006689180e-02,-9.817509421027273420e-02,-1.544757110816497858e-01,8.867267512393085804e-02,1.901644790670043439e-01,-1.754242331706314384e-01,2.845680335384114246e-01,-1.400186480287453905e-01,1.385511007765823088e-01,3.563246787807558547e-01,-1.855878844561534013e-01,3.308258508595605663e-01,7.012296503753528976e-01,3.200426595597490320e-01
7.102844425709567977e-01,5.996151390287430827e-01,8.010292453825231807e-01,3.434594067280323793e-01,6.683319274458550119e-01,1.356938426767213268e-01,6.417672647471764913e-01,7.087213919656476513e-01,7.482806923191155368e-01,3.965783121915846254e-01,5.980007137886766966e-01,4.982635476684927900e-01,-1.737754309376854100e-01,-5.691301767653922372e-01,3.703600310937790185e-01,7.112060781162308221e-01,4.318185746956036408e-01,1.000000000000000000e+00,-3.442035197794060530e-02,-1.479879582222573542e-01,7.295108108535366398e-01,2.091712214837582184e-01,1.119862023054381261e-01,-2.689352659531843992e-01,3.556548984083212628e-01,-4.591146931049547852e-01,-3.520624337312023844e-01,-4.803773946783290172e-01,-7.348202817373924445e-01,-5.077554503550231191e-01,-7.014651843891418492e-01,-5.642725841302769219e-01,1.445006011697716648e-02,-5.522605102964164292e-01,3.750996513130348542e-01,2.583924685216886785e-01,-4.955991084554651205e-01,-5.276100620637798055e-01,-6.217370536008876014e-01,-2.160859712328915549e-01,-6.766807847528505393e-01,6.646839313587259157e-02,-3.258976180477702461e-02,5.817791109908417857e-01,1.688166597113059941e-01,6.775913927092680478e-01,2.801807442433865702e-01,2.209452537836294750e-01,-3.783294153142005012e-01,-5.755952316800476698e-01,-6.439756273990413504e-01,-6.100086173352290420e-01,-4.310701065584667258e-01,-6.979667680850690781e-01,-5.323222680202388535e-01,-5.470539189757213094e-01,-5.713344466286891521e-01,-3.813072558119738331e-01,-5.890587126341307878e-01,-3.466488233156158061e-01,-2.729796817690865463e-01,-3.693976731629080024e-01,-2.316434389307105990e-01,1.974147639159042067e-01,-6.230375659662419352e-01,-5.247953315074185277e-01,-5.559263839004854324e-01,-4.813488782652861064e-01,-2.848252391303428555e-01,-7.396814153609077014e-01,-4.352436415307412987e-01,-6.296453051820148916e-01,-3.426350574512777580e-01,-4.060973511075555709e-01,-6.718435994639838649e-01,-4.597990062791907917e-01,1.435499628271475481e-01,2.288459234912007256e-01
-1.692930598646525397e-01,3.355029847492495554e-01,-1.786360359159573086e-01,-1.794360472274959539e-01,-3.724062262746694052e-01,-3.128465889285734769e-01,-6.056738455873650340e-01,-9.900663692026722904e-03,-1.899292106316486928e-01,-7.603503662447629319e-01,-3.291067100955219482e-01,-6.472561996343655366e-01,-5.392602553766221440e-01,1.137486955929892379e-01,-2.801745583554763885e-01,2.195466261935520857e-01,-8.744679081839713541e-01,-3.442035197794060530e-02,1.000000000000000000e+00,1.997639248148504743e-01,6.441869295370421244e-02,5.626405770136041484e-01,8.341988798055031129e-01,6.409290381404423309e-01,7.016341987682347403e-01,5.267229558179332694e-01,8.062115140309481509e-01,2.018651487283223689e-01,-7.688794073682835017e-02,-2.199251426350176397e-01,4.152332103916416828e-01,2.322115158959217607e-02,3.878932610762158562e-01,6.038453762377694600e-01,2.340671746717827018e-01,6.213270072549347267e-01,4.543090792411080270e-01,5.848868133190718854e-01,6.025120492245795711e-01,-3.537751569982261479e-01,-2.005855159507637375e-01,-5.756468921759176904e-01,-7.315654352015229511e-01,-4.485868080115774648e-01,-7.882005253339395834e-01,-5.594878593983007020e-01,-4.643382711738529012e-01,-8.174913594176260734e-01,-5.686290043389049531e-01,-5.500790350801993966e-01,4.139420279757597965e-01,-1.958602228474607965e-01,-5.518961667391326653e-01,9.419069695436646517e-02,8.095190672529221920e-02,-2.928574617824556414e-01,4.764860261919209861e-01,6.377733339774833698e-01,4.895077904929568402e-01,7.610012389068039340e-01,6.482192359931340242e-01,6.862514216740079886e-01,4.110642815289787255e-01,-2.533649441277506797e-01,-4.022800480096119791e-01,-1.489779088534865514e-01,-5.675892728126082781e-02,-3.426100096469635314e-01,-3.857346346957627459e-01,-1.844555076115221293e-01,-5.930070901374382419e-01,-2.206944993610523154e-01,-3.471750204028028475e-01,-6.162905570998991056e-01,-1.284633092032206048e-01,-5.967272102329337358e-01,-7.109590177149087697e-01,-2.416507175916919881e-01
7.842628638509054062e-02,1.770198791242014458e-01,-1.074897592483580466e-01,6.196169367098356418e-01,1.055803199630113570e-01,6.784324213279436799e-01,-2.567240739028154861e-01,3.134318948403546634e-01,-4.244218630328280839e-01,-2.099659827518230715e-01,3.457796150097217081e-01,-2.926822188108771372e-01,5.767694944315636674e-01,5.682769024295216687e-01,5.923845191819165912e-01,4.500495308289697571e-01,-2.356516011589195048e-01,-1.479879582222573542e-01,1.997639248148504743e-01,1.000000000000000000e+00,4.073604029220993100e-02,-5.949302219683505477e-01,2.204964934184472647e-01,-3.416132329472545415e-01,-1.061531902061150084e-01,-4.145335259067514100e-01,3.254734138235224616e-01,-5.316555265967578547e-01,5.714178354513260727e-02,-3.977349609371287897e-01,-1.351420034822451710e-01,-5.471323768561867640e-01,-5.571446713468929390e-01,-1.030220249770270879e-01,-6.577451164686417551e-01,-1.526452364799258943e-01,-3.413893700886715399e-01,5.125938391199038602e-01,-2.552480716577545938e-02,-7.919790318266668461e-01,-1.681373100673548004e-01,-6.860079334617104063e-01,-7.120063377706847829e-02,-4.106083002362608814e-01,-3.341798770682815611e-01,-3.011586665103058169e-01,-7.910785584925051905e-01,-1.912098924990561222e-01,4.158681947500970089e-01,-7.047631657202067801e-02,1.576300285284524538e-01,3.425863193553357333e-01,5.615785286224346529e-02,5.954451414962681766e-02,5.371232191729535810e-01,-3.584817515757339201e-01,1.055554334849421599e-01,3.049453448700156222e-01,2.489966255609480095e-01,7.844956609741945974e-02,3.706016136259576710e-01,-1.907548305452801130e-02,-3.014885057889574727e-01,-2.692585514845472483e-01,1.140882586275023119e-01,-9.106797241864614256e-02,1.480887547912894397e-01,1.168958679236184808e-02,-4.428842102393547031e-01,-1.660594278573822580e-01,-1.040493256512361742e-01,1.515480129408360854e-01,5.901073593090805369e-01,-3.534347108427442208e-02,3.432728384751893569e-01,3.530080672711453926e-02,-2.910008797649241141e-01,-6.460713891114154839e-01
