1.000000000000000000e+00,3.676199527751859986e-01,3.739512872333224935e-01,2.273384867942154219e-01,1.786817866026040036e-01,2.294421957296286785e-01,9.219072182637022550e-02,1.676999953110641997e-02,9.957547824627746569e-02,6.784623617664531370e-02,2.313598903483482169e-02,-3.926413138424109973e-03,1.591097268531518893e-02,3.197317867096974384e-03,-7.438938035331241379e-03,8.894196405857923704e-03,-4.745924291088211844e-02,-2.171839481431024968e-02,-5.519239702522357044e-02,-3.697613814502277718e-02,-3.870655570905211229e-02,3.198548255035009880e-03,-5.438292246517274775e-02,-3.479666015103666937e-02,-2.175717483269512531e-02,-1.855385771469548334e-02,-2.706027888964904204e-02,-3.832132367598948403e-02,-1.986863060216863611e-02,-7.474083896571547328e-03,-3.011356263983086881e-02,1.307463990503871833e-02,4.045036032128003500e-02,6.919379209406445984e-03,1.351599157436440997e-02,-5.996571189602499519e-03,-4.496361131149315127e-02,1.469725146373295453e-02,-1.747811700816275307e-02,-9.250365733785594763e-03,-3.804302283586197958e-02,-1.028168452661746418e-02,1.485094902457938584e-02,3.640361732878181350e-02,2.719791597859276891e-02,1.661252443336892412e-02,-6.618573817095940379e-03,-2.925175046735700723e-02,3.300977488460200317e-04,-3.449316195495152892e-02,4.153245308870137653e-03,-1.006481422831724711e-02,-1.723255371455695295e-02,3.486428839588569251e-02,2.862306545576209435e-02,5.360513802433691105e-02,-6.452847587325794172e-03,-1.235815327535166527e-02,3.665750945633016594e-02,-4.519735858343769397e-02,-3.366735317125101740e-02,3.249734275004631523e-02,4.524955100720711582e-02,2.129146186159471682e-02,-1.935630623268023640e-02,-2.500239770557768221e-03,4.049479682556273580e-03,-2.435034788211605516e-02,-4.905200175086810166e-02,-6.077751010003505996e-03,-3.728500235496059328e-02,-1.275024901440137588e-02,1.202370700133862909e-03,-8.981755530142836869e-03,8.555003952115371180e-03,1.938425204186435035e-03,9.600253802630052263e-03,-3.824735766732598879e-02,5.516769988617617167e-04,1.205153163022764816e-03,-3.353591069744236985e-02,-4.873446997610143827e-02,-3.084084139952145143e-02,3.328002124199903877e-03,2.231605151199788847e-02,4.152400640568285062e-02,7.484888537180617134e-03,1.578021872958776037e-02,1.494362289172448954e-02,-4.448756303343917909e-04,-1.846442943557586452e-02,-1.228077473042209385e-02,-5.535787411622793489e-03,6.625617828592509154e-03,-2.391160387091695316e-02,1.064049326022747238e-02,1.614689799250760421e-02,4.382336692270414474e-02,1.588170041838054408e-02,2.948650992754497935e-02,3.236306016554370280e-02,4.918618669622037282e-02,4.276695438684772338e-02,5.954008905811569025e-02,5.009040738379377800e-02,3.949486331764929387e-02,1.254511294203169459e-02,-5.512073755316555107e-03,3.457558105892207662e-02,1.972104349194270939e-02,5.389662273442543707e-03,1.808763937782486078e-02,-1.071031896136030725e-02,3.592480278315493807e-03,4.329117913627723163e-02,1.183782663009816383e-02,5.496398881133596204e-02,2.166490506380999714e-02,-2.406248837716228571e-03,5.858216384429249662e-02,5.533987930808150629e-02,1.516329022390856124e-02,3.648214740391639982e-02,-3.632414915609793321e-02,1.816069461148147116e-02,-1.779402671759660812e-02,-1.553181786064807349e-02,1.193245273437142269e-02,-3.376558727659581538e-02,-1.144073124018376263e-02,-3.025855260201812738e-02,2.327765172742986277e-02,1.295895466198159277e-02,-3.661744955636354187e-02,-1.114433526051531419e-02,6.113774830989847017e-03,-1.861169563232712570e-02,-4.388863389924173297e-02,1.616296620311169756e-03
3.676199527751859986e-01,1.000000000000000000e+00,4.976852728153374206e-01,5.247315862431943811e-01,1.769192758458152659e-01,2.152807265389231062e-01,6.172735980432571268e-02,4.017505825736417124e-02,9.058531992120613663e-02,4.404113139855223708e-02,-2.832388722176835266e-02,-2.861384355657196205e-02,-2.100610945123055490e-02,-5.630921986142416874e-02,-4.191308213063656141e-02,-1.285293665889364161e-02,-9.806713350872582613e-02,-7.533500757924302405e-02,-5.904013182348341604e-02,-6.010070475106765731e-02,-7.888740885175563045e-02,-1.721615184557526851e-02,-7.404885065930556787e-02,-6.573557533769085193e-02,-7.181944645119653359e-02,-3.760667614638715794e-02,-2.745400799219150159e-02,-5.171626747621064363e-02,-2.975438169396771304e-02,-1.858876465688845913e-04,-2.496183739644518632e-02,-1.828862474622562628e-02,-1.932848499783903357e-02,-2.396859557281451336e-02,1.527410523245341378e-02,9.931944567166752641e-03,-4.080488049960306202e-02,1.880192028536408627e-03,-1.058992271479043852e-02,-3.270658748853716956e-03,1.347658405466822936e-03,2.561361986281426861e-02,3.933976360378371034e-02,1.662730995668849909e-02,3.117822942312392653e-02,3.227013480855833033e-02,2.538044015968576872e-02,1.043716494925656969e-02,2.470834733378839132e-02,-4.567175097271377292e-03,4.255059755774658753e-02,-1.615616688612135296e-02,-1.738517066192100599e-02,1.546412775326388295e-02,2.860328027486213828e-02,2.565144716172551229e-02,-1.553999847108045174e-02,2.455554669206241533e-02,4.559314354800217926e-03,-1.470292699516297964e-02,-4.370729501916449655e-02,-1.784092759496731448e-02,-6.490274953619406401e-03,-4.244253927276663008e-02,-3.403344906576348528e-02,-2.441963528317509999e-02,-2.301794036510610569e-02,-3.271711859073406226e-02,-4.132812671714616859e-02,6.596061887697067180e-03,-5.656040905226440013e-02,-2.535036214291993065e-03,2.364440225316340183e-02,2.820694431450318507e-02,-4.161257643723723088e-02,-1.678221981413965253e-02,1.580980631385356036e-02,-3.000082991867477483e-02,4.094549891357030999e-03,4.702255443201378698e-02,3.950228156903703297e-02,-2.451156774198222019e-02,-1.488715975619841342e-02,2.372806196576204840e-02,2.373799619393427568e-02,7.524290372070488453e-03,3.606416640079484343e-02,3.927033453896321136e-02,2.065044450850922128e-02,5.207540203108832616e-02,5.790547474235634845e-02,2.270061856769685707e-02,-6.531032854397273400e-04,1.625000931668211038e-02,-4.288816984002161853e-03,3.045752663377796800e-03,-2.414142098502526645e-03,1.140859512860776213e-02,1.974508449042849598e-02,4.563079581559912473e-02,2.768478461541606581e-02,2.234585913500095750e-02,3.706153537475852244e-02,2.892438297264904312e-02,5.659091813639335194e-02,3.383793599405249958e-02,1.438639769086049250e-02,6.488878389180620897e-03,1.027073448846557886e-02,1.052496163561518136e-02,3.300008591015982096e-02,1.557216440803822592e-02,3.436510029238783182e-02,8.333025031903569177e-03,-9.897728699806374042e-03,5.032509153899883403e-03,-2.423512385120879260e-03,3.627746229504251376e-03,-3.452605126648195487e-03,-1.689940801854350081e-03,-2.106391807987686993e-02,-9.679690692305180366e-02,-2.658725411743071559e-02,-3.606302312936769672e-02,-2.866376737022673440e-02,-1.888613616987959778e-02,-1.039882874328065983e-02,-3.887680108753949204e-02,-1.136251327573566464e-02,3.647073092158197982e-03,-4.656286287911209562e-03,2.520408749476938173e-02,4.427656073645519497e-02,-2.799910112069917655e-04,9.812794000966902023e-04,-1.064871811208354530e-02,-2.589071498199525551e-03,4.325234152842286420e-03,-9.938033863906617013e-03
3.739512872333224935e-01,4.976852728153374206e-01,1.000000000000000000e+00,2.803075022109290937e-01,1.561332651740117428e-01,2.911914775345511019e-01,1.455202505924853840e-01,3.964734957618250288e-02,1.741463310255340555e-02,8.641607603643249036e-02,2.841535034886917555e-02,-1.410803100718463488e-02,1.834636299401659620e-02,-2.470908484719869583e-02,-5.459179439842421801e-03,-6.134807443048036560e-03,-7.352720131519993596e-02,-3.093720818549290999e-02,-6.079077797498059349e-02,-6.642355655738930997e-02,-3.875637136631198548e-02,-8.836446161993303725e-03,-7.820609813802882615e-02,-5.340049924421275823e-02,-9.558635808888932620e-03,1.065433508389229678e-02,-2.722658489310548352e-02,-2.265076140787728592e-02,2.166553408446732915e-03,-3.003270639720686305e-03,-1.542108567953746553e-02,-2.350904953041855344e-02,5.310618800567453064e-03,-1.359195872775112099e-02,1.902843491246338642e-02,1.913933663914687763e-02,-1.483995712985114110e-02,1.592116179395505760e-02,6.626220956104736555e-03,2.810852310357296602e-02,-4.150683187347701218e-03,1.604317932826767809e-02,5.517886776280159222e-02,5.277890471803883821e-02,5.846481436385300018e-02,3.706424534772260332e-02,1.345162563554454932e-02,-6.697233975752507791e-03,3.051001791982228817e-02,-3.304111669974880289e-02,1.314681672102004789e-02,-5.569059533343521939e-02,-5.250207156350760601e-02,2.425843772550129521e-02,-6.284370942712961573e-03,3.393212838611908699e-02,-1.325648565076031730e-02,9.148211424358516919e-03,2.206564924861884047e-02,-5.434810055742991114e-02,-4.935813159067616723e-02,1.639455949371723328e-02,1.585449835415544614e-02,-1.380907205193732633e-02,-2.787539312972495825e-02,-1.761784594926569039e-02,-2.395106192520532820e-02,-3.749960798111533905e-02,-6.860636151482688017e-02,-3.678773120481154679e-02,-7.658288768733623186e-02,-1.224338044140442852e-02,3.283532261208054609e-02,5.428617355459079002e-03,-1.732881743404582689e-02,-1.185272508774998582e-02,6.682639247133705107e-02,-1.636064160259174255e-02,-1.333650884203904478e-02,4.364597178689990503e-02,2.546016736596151686e-02,-3.726681065364826750e-03,2.641116080389934069e-03,4.922855735509829543e-03,2.610365414104051651e-02,4.397934558046408954e-02,2.702729729353016766e-02,-1.534801623429353154e-02,-5.537009056051494247e-04,1.753329567415351856e-02,-1.108621671446803278e-02,-1.090975235876076761e-02,1.643424224215391666e-02,3.011429193032120685e-02,-7.207758064744897684e-03,4.871784398835607433e-02,4.250254642575947150e-02,4.527782061577442091e-02,3.537714643996009434e-02,4.597793258269089467e-02,4.056537304268903465e-02,2.739519160919021840e-02,4.740911249622323936e-02,2.456975210377714339e-02,3.597671492740599913e-02,1.834424213868058109e-02,-7.281951683824711098e-04,-2.218531625188661580e-02,2.773057517729705674e-03,2.681559565958634150e-03,-5.489848868266689746e-03,2.883377771772416970e-02,1.091923602329718766e-02,7.660878822251518047e-03,1.459000838003532072e-02,8.225680140745249627e-03,3.705004225859594158e-02,1.836192928113476383e-02,2.538451559134537183e-02,5.057150826541666894e-02,7.407428251779906575e-03,6.499313207179251671e-03,1.363605265060975798e-02,6.432119585376799148e-03,3.963126601990401426e-02,2.001335027686733728e-02,2.071929931059376603e-02,4.001611787596139752e-02,7.174414865351509685e-03,-5.324262647020756162e-03,1.590904883456079402e-02,5.573986886169535193e-02,2.615012623919195020e-02,-9.492200683446474010e-03,2.396548316130625231e-02,1.465917378274904023e-02,2.967184832709357858e-02,8.252438190728511938e-03,1.801858142333032098e-02
2.273384867942154219e-01,5.247315862431943811e-01,2.803075022109290937e-01,1.000000000000000000e+00,3.187653904277644723e-01,3.381857002521723721e-01,1.455532201342470966e-01,-1.352128130780917876e-02,8.764901371857468371e-02,4.692558307573542475e-02,2.490326289765767975e-02,-2.536503933216558218e-02,-4.798621194363430174e-03,-1.557984903179030975e-02,-2.473376570793913570e-02,-6.505462129789069299e-03,-4.900473398369518951e-02,-3.789691265705203566e-02,-2.237007778054287549e-02,-5.084062170659742891e-02,-3.486139719802503617e-02,2.719365392967383957e-02,-6.339261804657833621e-02,-3.739944044218451724e-02,3.573202437460697850e-02,2.145198526156335064e-02,7.847220840570785089e-03,1.459743114539585119e-04,2.971526317073676718e-02,4.046286328657046349e-02,-8.672595773060834705e-04,3.210696126936243150e-02,6.867748825389844054e-03,1.101095585698698594e-02,3.159224363593694795e-02,3.491825080948627452e-02,1.167466760342029432e-02,2.723574088268868043e-02,-2.373383754612110388e-02,2.778929072564288640e-03,-1.913697201131099633e-03,3.978097894583584176e-02,2.579645972910146398e-02,-2.932962992181118236e-02,2.746085317955004532e-02,-8.346543093094712165e-03,5.210632449754615259e-03,4.020252981296696532e-02,4.748042996114940073e-02,3.570038361233473373e-02,5.930617204285034555e-02,4.447640970586756726e-02,4.147314724416045068e-02,7.419103658893667734e-03,2.034437740783541851e-02,2.736817050955484346e-02,-2.580817343085883495e-02,1.337783372317438019e-02,3.009042961292573721e-03,2.198166636997494691e-02,-3.640354113834900346e-02,-3.770700246813975948e-02,-6.247261151227977236e-04,-4.520640197523752291e-02,-5.022539694678269939e-02,-4.012501549535081591e-02,-4.379010964107948878e-02,-4.691877738905235462e-02,-4.206564569850053392e-02,-4.072572942790220196e-02,-7.098304129531100848e-02,-1.700084683882538417e-02,5.159521284133306105e-04,3.836109585481884202e-03,-2.798820729049465370e-02,2.030174695876903884e-02,-2.172660432599447800e-02,-3.600446379339326125e-02,4.838095535120525564e-02,3.871963690253397289e-02,-4.015212609930071609e-04,-3.030354850093636143e-02,-4.737270890340615492e-02,-9.540890416053184747e-03,2.542462793151340633e-02,6.989136763664520469e-03,2.785338272069442025e-02,3.526234427911100616e-02,4.836855240790644689e-02,7.490065937598035239e-02,5.662266122106857091e-02,2.734004552041183200e-02,-1.556250886513393418e-02,-1.133818590150985871e-02,-2.640163858071107109e-02,-1.183846910646251145e-02,-2.552486778144518950e-02,2.548146806012212967e-02,3.920580878877447800e-02,5.359049007276058679e-02,3.155480879086160206e-02,5.441586084225365173e-04,3.031069046136658854e-02,2.307580569264403025e-02,2.850538437564097832e-02,4.599887508684814136e-02,1.068877959052360813e-02,-2.008772123043611746e-02,2.386829636624531251e-02,2.495801259816599754e-02,4.775604082792653249e-02,1.522182181989806954e-02,4.247452899019351497e-02,1.066361628420815083e-02,6.075372119373819747e-03,1.914926139019750700e-02,-2.354831202549693969e-02,5.212306409506323700e-03,-1.793091534010059912e-02,-1.214742110130421701e-02,2.327642001518369710e-02,-7.690033010131409885e-02,-2.760509768742701407e-03,-8.518692266402359825e-03,-9.452176399257133932e-03,3.558614566418492279e-03,-1.082949790361499055e-02,-2.737532936828836888e-02,3.365293960963969960e-03,-1.304012104629672167e-02,-2.859325100376622006e-02,6.780325000547054830e-03,2.076672888892144506e-02,-9.609055098523789848e-03,-6.348146723709115896e-03,2.538951889267889155e-03,-1.354663850025446606e-02,-2.204406222976176485e-03,4.069317228666233764e-03
1.786817866026040036e-01,1.769192758458152659e-01,1.561332651740117428e-01,3.187653904277644723e-01,1.000000000000000000e+00,3.030935735601442138e-01,-4.111824110143082189e-02,-1.264436177762039148e-01,-5.639433710185974384e-03,-2.874405516007472530e-02,-1.646833876643561539e-02,-2.189137016071028216e-02,-1.752646532523173886e-02,-5.864010152350883354e-02,-1.832841136319417544e-02,-3.756195052055685130e-02,-2.535795995170405173e-02,-3.812114194709528836e-02,-2.887227764796371221e-02,-4.484545841709184494e-02,3.651424761418414766e-03,2.436927120091015447e-02,-1.063107972036957810e-02,-7.258016768238721717e-03,-1.374911324064318494e-03,1.324408364779167168e-04,-3.513982478755991578e-03,-1.298852896444027162e-02,-4.231651956372100773e-03,1.710510714510745170e-02,-1.271361905033431203e-02,-4.214617172036681271e-03,-5.679996126566040290e-03,2.222674236731912029e-02,1.893969423902615301e-02,4.060516793555974530e-02,2.458780640669932030e-02,6.443312073970190734e-02,4.914563249897636182e-02,2.385889155235341660e-02,1.061071753017675708e-02,6.184031263972655096e-02,2.319804551206303828e-02,-1.892673060929749365e-02,4.638483915138387481e-03,-4.774578553218379769e-03,3.959071236924174148e-02,5.339433281989972718e-02,4.096664545231348820e-02,2.334744885811182447e-02,3.510356010939730265e-02,2.100218607056045933e-02,9.784558992110994544e-03,-1.019969338132484075e-02,1.206101480008825964e-02,-1.005562908465604428e-02,-6.199907709575224607e-02,-2.220469219223214843e-02,-3.007634756732972120e-02,-4.431870059977140175e-02,-2.434685700174870834e-02,-6.549351012691822117e-04,-2.980425229280626170e-02,-5.370293487156239769e-03,-4.740236167280948570e-02,1.926934997982277659e-02,-5.139955594498306357e-02,-8.078858651622973508e-02,-4.418926289020796982e-02,-3.853508727312145860e-02,-5.343891351224389075e-02,-1.764224845604044469e-03,-8.022992791224080452e-04,2.679362015846746201e-02,-3.219322336044144056e-03,2.301224967087961773e-02,-2.837826545150036461e-02,2.938239025697615345e-02,2.095521841449336092e-02,-4.175365216493887033e-02,1.315645641615027263e-02,4.009722614697281209e-03,-2.872481103177185885e-02,-1.930890902995347977e-02,2.270626541725195846e-02,4.177187456986860420e-02,5.292868337342626107e-03,2.606934538874597015e-02,4.066736027632639194e-02,1.822917639759533137e-02,2.588245714378522438e-02,-1.109363741132372502e-02,-1.800888486770255842e-02,-3.411771440359159108e-02,-3.780948451935603472e-02,-3.097813333724078189e-02,-7.113699784028856832e-02,-6.995213901028673673e-04,-3.078866308189593618e-03,3.499695859423345573e-02,1.333532338576801091e-02,1.768123140095822707e-02,2.639446728610203921e-02,6.357140679028869257e-02,2.148264450543478643e-02,6.073524544626949725e-03,-4.627228695298891102e-03,-5.904946222665477529e-02,8.185540856240652863e-03,6.410379758026865139e-03,6.189585462442415142e-03,1.547697365066466428e-02,-1.857140902527365522e-02,3.638762045003495101e-03,-6.217388163070443341e-03,-3.024537049275399445e-02,-1.494459733245173845e-02,-3.605015795300574311e-02,-4.677693363474146049e-02,-1.196276226186110229e-02,-2.493060837956502518e-02,-6.670240060164658868e-02,2.039465547522839248e-02,-3.513814545565552283e-02,-3.355403625709203058e-03,-1.255657589241838609e-02,-1.703991220762667014e-02,-6.470557398007385774e-04,-1.514779898216725949e-02,5.366922866473448211e-03,-3.328900868020615023e-02,5.622638468484548319e-02,-5.124288081947131653e-03,1.157991271371475520e-02,-2.239690975737577625e-02,-3.554211033209661585e-02,-4.508064853764670588e-02,-3.007785246131017623e-02,-4.381159325862857279e-02
2.294421957296286785e-01,2.152807265389231062e-01,2.911914775345511019e-01,3.381857002521723721e-01,3.030935735601442138e-01,1.000000000000000000e+00,4.505478552590813646e-01,-5.909311763269070768e-03,9.487961880977362206e-02,1.883085753925177186e-01,1.219210721800322444e-01,1.232134917292073972e-01,9.714916591049445327e-02,1.414484806424065079e-02,4.132224917767566424e-02,4.691045787393919447e-02,1.276374399436264011e-02,2.231406104671917329e-02,3.941949675104358089e-04,-1.333781875112990782e-02,-2.603116071796507391e-02,1.960211457523273332e-02,-1.097284982564486998e-02,-1.167534393511973113e-02,3.982265564326665369e-02,8.847647538598517325e-02,1.498419789253946713e-02,1.839027272054688869e-02,2.733990826293649853e-02,3.248024675107555326e-02,-1.405125841238840691e-02,-2.287809986149986780e-03,-2.034073964381351990e-02,-1.434604770550838978e-03,4.939919142985593759e-02,4.514928058175480402e-02,7.907809986888638537e-03,2.538101035618016074e-02,1.833778827367872621e-02,1.889256564942553770e-02,-2.396005133830587594e-02,3.381679182729157435e-02,4.222887508795018785e-02,-1.154928411425483123e-02,2.842329704161425386e-02,-7.134138412582416953e-03,2.155853148099309835e-03,2.902726631586289088e-02,2.075985809987643260e-02,1.359943865530049804e-02,5.549861835911973351e-02,-2.512129968796764784e-02,-8.561627944390049275e-03,3.124439340773866799e-02,3.025367573896125747e-02,-7.977203811450556473e-03,-4.013456694215104120e-02,-3.712359172967832216e-02,-1.532722133999056373e-02,-2.664738163439275484e-02,4.748632714478207006e-02,3.562760616207436004e-02,-1.676852624611528328e-02,2.183267698626731659e-02,-1.198567497565106860e-02,6.346247998161662872e-03,-7.093971699566441365e-03,-1.903044857392799036e-02,-3.231556444932681682e-02,-1.416903448966824394e-02,-5.373711084243212172e-02,4.830699360858638582e-04,3.307821873179869060e-02,3.084862704389636917e-02,2.241653921865883331e-02,2.328569949011201345e-02,4.010321571764656479e-02,4.923758413677912366e-02,-1.537526236439013157e-02,-6.530465246678809899e-02,-2.779887715637681042e-03,2.116366278390315048e-02,-6.757972175954753136e-02,-4.691840616262287628e-02,-3.181138814596089909e-02,4.014872592639743762e-03,3.526334165214705524e-02,-6.712578672742430634e-03,-7.271264640728593819e-03,-1.119519648878630584e-02,-2.797602931697782888e-02,-1.603905081398124266e-02,1.904469775786164039e-03,2.162836922359875208e-02,-3.472738802375911760e-03,3.875794295861550998e-02,-1.609992929649543087e-03,6.599349173263931168e-02,-1.615738544048954048e-02,9.064041104214438926e-02,4.456352065322457395e-02,9.745511347881839759e-03,1.450989665035016044e-02,4.870945387805627330e-02,4.011236139523325500e-02,2.093023357007384525e-02,9.577652792610370433e-03,-2.345042308707376288e-02,1.789392151075519391e-03,-4.829020414071653541e-04,-3.729937788727776676e-02,-5.607617081747437449e-02,-6.425184149290190383e-02,-5.224948385815266633e-02,-2.395845853409089843e-02,-6.745367529429122100e-02,-3.051295828430903787e-02,-5.579337758348312803e-02,-5.830127610263631521e-02,-1.585550619087700355e-02,3.058857791610036791e-02,9.033487874876929349e-03,-7.485944122695378615e-03,-5.259090219383252829e-02,4.375871135680661772e-02,-2.450152288299527192e-02,-5.202179910716534655e-03,3.250057459544469785e-02,-4.963725082632756275e-02,-7.900545148440872578e-02,-5.754498145663116543e-02,3.564177001554057894e-02,-4.149372808392142592e-02,-4.741869871037303341e-02,-4.233385807049879629e-02,-1.378535975854028144e-02,-2.765386500569053801e-02,-4.972613260965188381e-02,-1.673988425937802558e-03
9.219072182637022550e-02,6.172735980432571268e-02,1.455202505924853840e-01,1.455532201342470966e-01,-4.111824110143082189e-02,4.505478552590813646e-01,1.000000000000000000e+00,2.546147388860034999e-01,8.378362652430697277e-02,3.256829850307058627e-01,2.411285474393740080e-01,2.020643132466085623e-01,1.699260559665022596e-01,6.352214433669657601e-02,7.529926754881499651e-02,8.353440673862987109e-02,4.833535143858743582e-02,8.658649627141574989e-02,1.692985203564148847e-02,1.782884248272195021e-02,-2.228586739592530383e-02,4.803675966658047317e-03,-4.888705332844292539e-02,-3.852289824138373925e-02,3.421316894096396860e-02,2.957377162863129849e-02,-1.472990168428320486e-02,1.160898101954728348e-03,1.507507863364695652e-02,-7.858182354712068760e-03,-5.811726302925333820e-02,1.452205714040380978e-02,-4.600741140968939852e-02,-1.826006383446781775e-02,5.466740305076276535e-02,2.071362490280561144e-03,2.022356225013147504e-02,-2.486285360774092776e-02,2.345627040386466175e-03,-8.200570027580504195e-04,-8.958013683693918233e-03,-1.215976835682611515e-02,6.915429944631934500e-02,-2.933751386706677598e-03,6.033362537231529849e-02,5.138478951607017287e-02,-2.526510287970976099e-02,6.679297458714533210e-03,4.737442845344515957e-02,2.209768407539038082e-02,4.335111832922020764e-02,-5.479893083704139023e-02,4.997329900302834027e-03,8.730164505787313400e-02,6.039443232139278528e-02,6.621184073179704754e-02,1.998031673568185541e-03,-3.511610423821077964e-02,1.922647289896158929e-03,-2.372221432314921413e-02,2.915129605053068396e-02,3.908170026382151718e-02,4.000178372454808035e-02,4.474472112183917188e-02,1.379338613808297510e-03,-9.504254430990342548e-03,4.807385977878129990e-03,5.878861158557583712e-03,-3.095074257432200732e-04,5.848629314908441491e-03,-1.657334897300729096e-02,3.708241498395154628e-02,3.158579738669751308e-02,2.730760973627861798e-02,4.103229067491348352e-04,7.729782070437266842e-04,1.466441500636643698e-02,2.557661613833048762e-03,-1.194089508330423502e-02,-5.805427365151862723e-02,-2.164643298391575460e-02,2.214497340420771773e-02,-5.007516426626933137e-02,-1.108016247782942117e-02,-2.045012782475525911e-02,2.421799045265148748e-02,3.060606587415237376e-02,2.031126359754887103e-02,-1.799761062637433850e-02,-3.298968717558269526e-03,-3.591720287828294861e-02,-1.328568757728834648e-02,1.318101929989209942e-02,3.620290801230363620e-02,9.517256922701142902e-03,5.942820512270457350e-02,1.052063905737642829e-02,9.057792848610525527e-02,3.528870763217252515e-02,9.530546716496618442e-02,5.727284872965295731e-02,1.041689685433146162e-02,4.457645001144168451e-02,5.610010742080178553e-02,2.182600808863201930e-02,-1.915653093661532497e-02,1.110399118906120605e-03,-1.285856530435098427e-02,-3.051689715388439944e-02,1.636602561524496194e-03,-7.817974783573577655e-03,-4.132535920023581999e-02,-4.656334036994966286e-02,-3.914876727756932961e-02,-2.866631969679838896e-02,-2.106944854410426615e-02,9.563042285851166419e-03,-1.305059971137836547e-02,2.866386660684730817e-02,-7.282747164431502274e-03,3.030602108853520937e-02,6.767920916563391343e-02,-2.756514532849466820e-02,-2.842388869331774134e-02,1.610059266318888266e-02,-1.671901469330200340e-02,4.823192527729796945e-03,-6.179285701954280799e-03,-3.609290937108554365e-02,-6.923250803698052791e-02,-4.689165595760794170e-02,1.479318118061365324e-02,-2.356778277022499382e-02,-3.876683126443580124e-02,1.261137437112548262e-02,3.882524404129317208e-02,7.102199406920453595e-02,3.780090574966753301e-03,6.509647200988502580e-02
1.676999953110641997e-02,4.017505825736417124e-02,3.964734957618250288e-02,-1.352128130780917876e-02,-1.264436177762039148e-01,-5.909311763269070768e-03,2.546147388860034999e-01,1.000000000000000000e+00,2.412118536491835996e-01,6.628933337595879771e-02,2.288248361526019625e-01,1.924408118143833835e-01,1.145087449766463428e-01,8.414878496268082819e-02,8.997277402826843462e-02,9.895866998244048918e-02,6.851679915227268380e-02,9.504115128607097673e-02,2.909102049202466275e-02,5.829283600994671077e-02,2.056284644257504179e-02,5.778076056782682768e-02,-2.257854606929974792e-02,3.323738580573847717e-02,2.476937123751502337e-02,-2.211584684617243224e-02,-7.650750793348561106e-04,2.052972103083953656e-02,-9.351681800117446833e-03,-1.921785797807141691e-02,-3.074386256563857098e-02,1.104439136509765933e-02,1.002784490392211354e-02,-2.892814918434461618e-02,5.256621208330632816e-02,1.513939950454135965e-02,3.842338162175177457e-02,-1.229738923983475854e-03,1.914546583674100674e-02,-5.229382732880941999e-03,-7.023340038689979484e-03,1.660594061177674691e-02,3.069346768382910651e-02,-2.323142827413408884e-02,4.426473990310812040e-02,2.501063186082155831e-02,-4.370947324679194668e-02,-7.678793618278535738e-03,3.303328780420517613e-02,-3.102791253030836097e-02,2.863276972277018634e-02,-2.931836838664829067e-02,3.384113884521105370e-02,3.940862918237524742e-02,2.872364069439421741e-02,3.536514561181764577e-02,-2.247757342878043199e-02,-2.554287147367848357e-02,-4.557141944599377680e-03,-1.703249634649886199e-02,6.323818464079877105e-03,9.357067053123332284e-03,2.468491505048096141e-02,3.533081330998128627e-02,1.774185549141854210e-02,-7.669723776751400865e-03,1.455449335159652094e-02,2.421026429444379530e-03,4.938008699347293251e-02,6.897357811635372593e-02,3.783956681785721060e-02,5.996483142221974844e-02,5.479481312342603105e-02,4.483679021149055560e-02,9.451284578968151967e-03,-3.036245538534767911e-03,1.838085367004898760e-02,-2.016850627946974520e-02,-1.128651577347572835e-02,-4.214806983589825667e-02,-3.147720691708329188e-02,-9.154878859182768308e-03,-8.665659436764101831e-02,-2.231244465265330712e-02,-3.408828850116173148e-02,2.479969368393541637e-02,9.501736932408312228e-03,2.125674170304623495e-02,1.679343779223367583e-02,8.789689430580381949e-03,1.943820586193891137e-03,8.971519640639484885e-03,1.601954971331653876e-02,5.688187147242157460e-02,-2.259395974487007073e-04,7.604596947228656201e-02,4.002323903947688222e-02,8.193549059098562126e-02,5.706303087342416008e-02,1.206831039094335145e-01,2.712822931933825052e-02,2.009721723297600710e-02,3.373769792409948148e-02,5.600308763044663934e-02,7.865414374745844858e-03,-2.990775886457685238e-03,4.019643135581244670e-02,1.076145896477744522e-02,4.114067705846934618e-03,1.735088984169455908e-02,-4.207839033816184772e-03,-6.498432945383576277e-03,-6.423326488833851905e-03,-2.681871580614937287e-02,-3.400741253544868614e-02,3.981819497942993419e-02,3.416547156510303662e-02,2.161066820106163910e-02,7.443722551030998447e-02,5.551520169149174594e-03,5.077554002631688712e-02,-6.492519398553376481e-04,1.184039922972155963e-03,6.668526516659063763e-02,-2.247463170976070693e-02,4.601257186060495746e-02,-1.334724564802208802e-02,-2.421489356993010780e-02,3.248182643948895054e-02,2.480973602228011068e-02,-3.953533155103299696e-02,-3.018409001618311410e-02,-1.490793929615584663e-02,-2.872823032844747798e-02,-1.616482785958785889e-02,3.069684344422593872e-02,5.358341432772745216e-02,6.131780015231502561e-03,4.445185305879660598e-02
9.957547824627746569e-02,9.058531992120613663e-02,1.741463310255340555e-02,8.764901371857468371e-02,-5.639433710185974384e-03,9.487961880977362206e-02,8.378362652430697277e-02,2.412118536491835996e-01,1.000000000000000000e+00,2.094166125319525951e-01,2.928662901846973768e-02,1.940317039632248608e-01,2.550337009026589774e-01,1.021277405875433142e-01,3.259366285110384953e-02,5.471729033575722240e-02,1.595129836846981937e-03,4.102775024075148991e-02,-4.078136501862048707e-02,2.084037725259190940e-02,1.589031772227840825e-02,3.357969814560982091e-02,-9.601959413526029580e-03,5.175015846437074074e-02,5.969402810370729590e-02,-2.283026774557915528e-02,6.791284073835612833e-03,6.608747842467761757e-02,-3.251609208992659039e-03,-1.290962829061745483e-02,-2.708526725298828625e-02,-1.061084380633895742e-02,-1.103737722464762788e-02,-2.284110657213361123e-02,-1.632450417470311665e-02,-3.011630576927044195e-02,-2.736963155467948133e-02,-3.089517766285044750e-02,-1.179778843113289850e-02,-6.327408704864376232e-02,-1.084502683966649950e-01,-4.243502260022155581e-02,-6.793683534075353747e-02,-2.080802990379773676e-02,-4.863015321758044213e-02,-4.548191675043970761e-02,-4.367517172396451208e-02,-2.736211624159518019e-02,-6.017388700511997618e-02,-1.433770180647249946e-02,6.212255632186031856e-02,1.388379511068422653e-02,7.466971501255317833e-02,4.504841667778673731e-02,5.721194796693428869e-02,5.335971275258997309e-02,-3.594561146185025480e-02,9.361993587922704321e-03,4.235958529342807172e-02,-4.306019867498078052e-02,-2.852335159544119522e-02,4.384623666933298164e-02,4.113040040961813554e-02,1.628925879898383139e-02,2.583537184230388223e-02,-6.742788182617314276e-04,1.120665975384335357e-04,-1.677181749522219925e-03,3.813444670393315722e-02,3.936687252326586534e-02,4.601037580681752864e-02,6.521507026495897141e-02,7.838927720977011127e-02,5.242034781888712386e-02,2.200062383297486657e-02,2.943086060374680655e-03,9.021801876457144487e-02,-1.265463499265512964e-02,-1.351019523588109505e-02,1.281436038719529352e-02,-9.610604094559539040e-03,-1.060327419696076648e-02,-3.248354124069890991e-02,-4.540467591111822104e-03,-1.624844646635763626e-02,-2.233895851932568913e-02,6.720388672862426249e-02,1.519771880454513086e-02,-1.238699994822543317e-02,4.474926513410833889e-02,5.573947260947938187e-02,4.260516872297276381e-02,6.814487452918546739e-02,6.551628068258236182e-02,5.408435071798292637e-02,2.979967364707638081e-02,3.259449388913070872e-02,3.935270136243344125e-02,2.988724695189293873e-02,4.128707551257219943e-02,8.373947702479131797e-03,2.726558077781102846e-02,3.119051519841453332e-02,1.567233230861213647e-02,-1.440134653296374842e-02,-1.181778569213839600e-02,3.112495849023092301e-02,1.747153254983914829e-03,-5.274164206930204114e-04,-1.435848834654443289e-02,-4.376432868863978226e-02,-7.759010292992191138e-02,-4.568047276949263602e-02,-5.462604285820739369e-02,-2.263686340640270675e-02,2.706136724878730870e-03,-2.201572684568276275e-02,-8.298877234850997667e-03,-3.969338189746850903e-02,-1.077790316730728969e-02,3.191858963459396487e-02,-5.694574654925488311e-02,-5.198756054777035202e-02,-3.043352813274367505e-02,-5.717122452491207873e-02,-5.377026640225852222e-02,-3.460868540905873841e-02,-3.876819880964100379e-02,-6.753639229923670551e-02,-2.298549658472812465e-02,-2.094926358983162373e-02,-2.715959565252830648e-03,1.242730353455980680e-02,-4.235794495834219360e-03,2.511815249697045907e-02,1.028969207968188221e-02,3.318211305879456910e-03,7.610866825894188094e-03,6.858504210163045463e-03
6.784623617664531370e-02,4.404113139855223708e-02,8.641607603643249036e-02,4.692558307573542475e-02,-2.874405516007472530e-02,1.883085753925177186e-01,3.256829850307058627e-01,6.628933337595879771e-02,2.094166125319525951e-01,1.000000000000000000e+00,3.337663818284811734e-01,1.093234957922911005e-01,3.015763881170015481e-01,1.007071733154831228e-01,1.047393043918998373e-01,1.034030787116187317e-01,4.191058792264785310e-02,8.208568164187406146e-02,-2.420965959392128858e-02,1.588792112338129753e-02,-5.528372012305813460e-02,-2.706896834458927259e-02,-3.556250098308821189e-02,-2.040748169595543379e-02,4.386185053559826796e-02,2.668689493217061767e-02,-2.134435331881617132e-02,5.360403072294011445e-02,3.707434104726009538e-02,5.980283805235760315e-03,-3.938064188067370852e-02,1.538887382855895665e-02,-6.230566364810734975e-02,-1.494099511845103576e-02,5.247965170547646586e-03,-2.579565746501788839e-02,5.767513363937589420e-03,-5.005312919156298251e-02,-4.987571430896725957e-03,-2.691505543552578580e-02,-5.040884704430821650e-02,1.429800224657422868e-02,3.564410919276802397e-02,-5.079047753987079097e-03,5.401520098189849413e-03,2.479805763637506211e-02,-2.775206894821517084e-02,-3.310067761630502980e-02,7.888270482736594799e-03,-1.297824439892359197e-02,1.046814226485182943e-02,-3.527957704325838245e-02,-1.473139263093680394e-02,2.557012802665372536e-02,3.064477101647657478e-02,5.970206432303361288e-02,-2.739689735197962852e-03,3.094184421973281487e-02,4.414186114514540710e-02,-3.266248998919075303e-02,-4.316297463817549834e-02,4.020761962417241514e-02,4.809003927157341762e-02,-7.717615355784657530e-03,1.280005567330910234e-02,2.249187348342367165e-02,-1.146620225753374606e-02,-1.948946341531154758e-02,-1.972217490111400143e-02,-1.984977692723667933e-02,-6.185892045828317830e-03,-8.268164555623390768e-03,3.136077371560363342e-02,-1.021288081516937181e-02,3.251236128315041548e-04,3.142990198942155478e-02,4.697297554782423751e-02,-1.278626106291282614e-02,-3.034440545744594708e-02,2.180537212627700790e-03,-2.445152070317449175e-02,-1.557815244967849025e-02,-2.948653689375005035e-02,-4.060629637325944424e-02,-7.823450942238959621e-03,3.603706776465835648e-02,2.305702942004994593e-02,-5.569949933908234507e-02,-5.422640140345614396e-02,-1.526423502027813434e-02,3.897634421329895967e-03,1.189318625433635057e-04,9.423726377432552551e-03,4.010523630579689719e-02,1.394269860122282489e-02,3.339092525298532899e-02,1.894676850192196157e-02,6.057468845065393931e-02,3.123078268687862896e-02,6.064739220724393864e-02,3.204988955118247274e-02,-1.571295385983624907e-02,1.953650486638347050e-04,1.554505372542638875e-02,2.658468444712516147e-03,8.343214155167342355e-03,4.365167758131582344e-03,2.945821106728401233e-03,1.102925217385411147e-02,2.994320440498974070e-03,-1.733005266273051834e-02,-2.275133976001263506e-02,-3.406052044356431413e-02,-3.479178869797383555e-02,1.845586912631745754e-03,-8.191714130795816132e-03,9.054895201160805332e-03,1.053203467788213152e-02,-1.539897018779423470e-02,1.182936737372028424e-02,4.110343248238601532e-02,3.630716112177832799e-02,9.718835650362054462e-03,-1.317889626763393655e-02,-5.286843923886791127e-03,2.613733552731842963e-03,4.679823788159077208e-02,-1.611029467263093776e-02,5.898127223983106772e-03,-2.840890581146550756e-02,8.311014397246845042e-03,-4.167119308190299180e-03,-3.023362944104989250e-02,-1.331155694933730017e-02,-2.398950983221473322e-04,3.620152846259441087e-02,3.294518855005280911e-02,3.894072355931185725e-03,3.544736612816115628e-02
2.313598903483482169e-02,-2.832388722176835266e-02,2.841535034886917555e-02,2.490326289765767975e-02,-1.646833876643561539e-02,1.219210721800322444e-01,2.411285474393740080e-01,2.288248361526019625e-01,2.928662901846973768e-02,3.337663818284811734e-01,1.000000000000000000e+00,3.150022740748283923e-01,2.204256449646506966e-01,1.432891308105189720e-01,9.540949173851560883e-02,1.459655678888724661e-01,8.346542073179252785e-02,1.065273144675906170e-01,2.692064109921556841e-02,2.569086807033336278e-02,4.220242712747557939e-03,2.671264300327513483e-02,7.460197486618422649e-03,3.242794629911026350e-02,6.394062582311786647e-02,4.697573965852304412e-02,3.828465989842975981e-02,6.806164435788970846e-02,4.243090709138621491e-02,3.724147910999878186e-02,2.332762354913603051e-02,4.104945758002905010e-02,-1.157242938070473029e-02,4.627006472198545717e-02,5.728323932269588359e-02,1.379124356299707421e-02,3.796257626991384609e-02,-3.997066456286786640e-03,-8.862375898223568901e-03,7.766036471708743713e-03,7.852601455509452058e-03,1.249412351115012677e-02,5.565149067559772150e-02,-8.544508764222677466e-03,4.315039485406806097e-02,4.065698930848231363e-02,1.561080929379572713e-02,1.957112135109062914e-02,8.799504106161294692e-02,1.016387897459473770e-02,-6.351619531712144121e-03,-4.386936416870233779e-03,3.078173045623484524e-02,1.440018600055574874e-02,4.920029447575061457e-03,2.212755362225855144e-02,2.655777014598847095e-03,-1.099455239996854254e-03,1.099664417455130730e-02,2.640443300250039024e-02,1.559857060935404896e-02,4.063315579016856666e-03,3.245353129629567623e-02,1.208680196618094026e-02,2.267604443175284812e-02,-2.069542094048673966e-03,1.945975719647438651e-02,2.258615533153607649e-02,4.948731316785905110e-02,6.977437392942764660e-02,3.146383953365896463e-02,3.612311794415547228e-02,5.283501807431681407e-02,5.058788621334838614e-02,8.444944990724383843e-03,2.834908475315688070e-02,1.652442671354754228e-02,2.020943692198240091e-02,-2.570500555268622964e-02,-3.026469330674904507e-02,-8.313099154044796893e-03,2.854395617060830753e-02,-5.042520550381848765e-02,-3.816486933553273064e-02,1.821067304300743239e-03,1.743994831119604488e-02,-2.639746335820607193e-02,-2.371301700275826874e-02,1.532370282887764341e-02,2.669050092296346849e-02,-1.393652546013315549e-02,4.044909555237799492e-03,-2.090065579505707288e-02,2.403629652210423004e-02,-2.771440470001918649e-02,2.905677222741492871e-02,2.453026116301069981e-02,4.596213036609594904e-02,8.699809853057943049e-03,6.829571200923115204e-02,2.681475490249730226e-02,-3.293501882132169462e-02,-1.404919284821478341e-02,1.232882217692541325e-02,1.188979130398051462e-02,3.827563902513037020e-02,8.687527476179034147e-03,-6.231878978251162091e-04,3.851610809202543617e-02,5.436296596876204895e-02,2.580797774159925527e-03,1.398396796093061799e-02,-1.969872059260863520e-02,-2.761417772001566531e-02,-1.709713440986992267e-02,-1.818779974045916376e-02,-3.713469121382208943e-02,-1.034516082914729851e-02,-2.837928199229327458e-02,-6.101815415213390596e-03,4.264055009000210228e-02,2.356686802995972344e-02,2.642502228432487207e-02,1.658718792897324185e-02,-3.306315379047208847e-02,6.132170982263416593e-03,8.316315593907681186e-03,-4.012644391374595859e-02,1.874594605796462560e-02,-8.714310550870501410e-03,-2.366517580665676232e-02,-6.900509090638491660e-02,-6.253958510894309930e-02,-1.673822390866428270e-02,-6.417869656402233614e-02,2.883087709101613341e-02,-1.067235184837084065e-02,4.192928220996244154e-03,2.200435250349538560e-02
