1.000000000000000000e+00,7.153025099894028127e-02,-5.314700477012302970e-01,4.194853864755712092e-01,7.729182135716030633e-01,-3.038831844677134519e-01,-3.313820518172032603e-01,7.406221630363907238e-01,3.981836403145683767e-01,-5.719211846140016542e-01,1.117591358708944910e-01,8.279340083328283750e-01,-6.812287108528512769e-02,-4.880506662758463121e-01,5.291367047928760003e-01,5.937885759652193896e-01,-4.140518548203420690e-01,-1.281418842115007450e-01,7.709151067535628954e-01,1.644587250919062327e-01,-5.398968574609765980e-01,3.090154039100252437e-01,7.153487842681590658e-01,-2.156502025167177927e-01,4.343653446900849757e-02,5.249865348205825510e-01,5.122075300721288249e-01,1.058511730693175584e-01,2.596129666428336202e-01,8.170334676645728267e-02,-3.764487356683066110e-01,-3.411010406785931481e-01,-4.670244004680897953e-01,-4.758217198864662656e-01,-8.197811274169299056e-02,-8.715634768617180894e-02,-4.769707733061334110e-01,-2.990338973721958782e-01,-1.796990655215326832e-02,-2.639240634321846080e-01,-4.771228932017316238e-01,-1.794527811348038959e-01,-3.133904344449946200e-02,-4.383677463473832359e-01,-3.987807835797507749e-01,-4.671997876562505175e-02,-1.873925150530575956e-01,-5.025984573528428090e-01,-2.736074298807634753e-01,1.519361430210288896e-02,9.074286993351207697e-02,-2.550280350478046354e-01,-1.254666796414373731e-01,1.144453151145311265e-01,-7.752373204478414659e-02,-2.661284533554285625e-01,1.112450708892752556e-02,1.077318335266883448e-01,-2.155712302880089803e-01,-1.714323489301183834e-01,1.211867681484783826e-01,-2.975439814057627766e-02,-2.593277915089183261e-01,-4.859570153301599055e-02,-8.697080587237926430e-02,1.731367219837053884e-01,1.070340759286918519e-01,-8.491285218345855090e-02,-2.942632182891659065e-01,1.592193269948596057e-01,2.814168009781666813e-01,-4.388540927303999917e-01,-2.001182143758313825e-01,4.575827363365994604e-01,-1.869317715452231340e-02,-4.859491811287490193e-01,1.621739664742602172e-01,4.118548383077366704e-01,-3.170911435393778954e-01,-3.381625462080338762e-01,4.085270221917667866e-01,1.452431912014262583e-01,-5.090734675746730886e-01,-2.861164075568427625e-02,4.644722461016322912e-01,-1.607879214145689073e-01,-4.601736203214162879e-01,2.855250139147911814e-01,3.436676267331716383e-01,-4.242197036550994227e-01,-2.780676390621725780e-01,4.466095442849168928e-01,7.938451416380530590e-02,-3.651184627937627547e-01,-2.034919729000928545e-01,4.308400396460199677e-01,-3.658188092914865103e-02,4.127510296594394945e-01,5.623416875186124653e-01,4.110342147737310881e-01,3.002536077176172213e-01,3.997307076733455644e-01,5.486503107402151969e-01,2.851598326999356114e-01,4.489614393683103999e-01,2.302989081887230061e-02,9.839130717203310728e-02,1.840309695554413205e-01,2.094803923157279313e-01,-2.200784540837308345e-02,-2.878331269573471962e-01,-1.758985288444999684e-01,4.875238586987507700e-02,-4.502122331609563211e-01,-4.981461875308443310e-01,-1.173216130048372746e-01,-6.672479823967698565e-01,-2.967760055827131649e-01,-5.472783008185758691e-01,-5.776071858896304478e-01,-1.304197306483219077e-01,2.531134644924841193e-01,1.962712140292362240e-01,-1.285920834697795202e-02,4.228403654312302140e-01,1.139690093537241121e-02,4.030490718604065430e-03,4.901662155113219455e-01,8.109695902405088253e-02,4.055568764308031815e-01,-7.392193545569804292e-02,1.155620415456138639e-01,3.567378003885514071e-01,7.823929052198785872e-02,1.841999853575129742e-02,1.464713155802876698e-01,-5.526701754173438813e-02,2.591917880739218472e-01,7.911546361089998036e-02
7.153025099894028127e-02,1.000000000000000000e+00,-2.544764689321169643e-02,-5.994454926853075571e-01,4.651952041283739514e-01,7.115023360304965072e-01,-4.240728032654035862e-01,-3.043505343200789137e-01,7.870168950067624181e-01,2.481808314928636849e-01,-6.105581432767822614e-01,1.884662242047695502e-01,6.462201749166970322e-01,-3.387733640876069430e-01,-4.747639578555832296e-01,5.672006660953258228e-01,3.566656688377103923e-01,-6.020793323422042320e-01,-6.412192612448605611e-02,7.009599879600120209e-01,-8.372327685032161793e-02,-5.525018138905090082e-01,3.510047001930075017e-01,5.650279216228066836e-01,8.253366575976052444e-02,-1.586291341210395722e-01,2.257390970135086383e-01,6.212716706894215457e-02,-1.175244585995350033e-01,3.459474169661474335e-02,6.868572911291775940e-02,3.822160153785214010e-01,2.423339588340254688e-02,9.873983240443010012e-02,-5.512118767207304648e-01,-2.499580599273303061e-01,3.414173686945877195e-01,-1.746949879409376294e-01,-5.872949266175461203e-01,8.448068279299542072e-02,3.063779332079837880e-01,-4.459515762204970257e-01,-4.357841771834172762e-01,2.995314449614742691e-01,3.846873763817511283e-02,-6.158669548611063194e-01,-1.434963728893333679e-01,3.683017336358310745e-01,-3.029357857452774083e-01,-1.528275776899999938e-01,2.079224041401283030e-01,-1.540040389475466065e-01,-4.730539351680402294e-01,3.073382395542881632e-02,1.687485387383004798e-01,-3.801694185456622188e-01,-3.305706797200793634e-01,2.118564513097273005e-01,-5.704426890235145958e-02,-4.953624062044778564e-01,-7.115680649095915133e-02,2.146969213854343639e-01,-2.764767047204947925e-01,-4.432517516981374639e-01,-2.380660318313364832e-01,-1.246991968695746605e-01,-3.372789892045279792e-01,-4.942678879260554159e-01,6.213075312725063748e-02,4.343365754674643475e-01,-3.008283526634880634e-01,-4.151593777557221476e-01,4.339697342972850258e-01,3.214302025529228723e-01,-5.150718221770829164e-01,-8.911191311220235944e-02,6.097158455043852898e-01,-3.619876657350364069e-02,-5.276524770341350923e-01,2.910040283379481951e-01,4.845878081330224352e-01,-4.199607440621491716e-01,-2.809954507995219841e-01,5.566108216461582714e-01,1.672557369828447105e-01,-5.609967423391640784e-01,7.044439487132826694e-02,5.882430219068390809e-01,-2.039548675442427461e-01,-4.693732439234321596e-01,3.861382159573605866e-01,5.235283641531208731e-01,4.725668555359347489e-01,7.943472933937097136e-02,1.925573558953338343e-02,4.290684295142268567e-01,6.239159027854942474e-01,3.614562886469281922e-01,2.128608972802730204e-01,5.649224585975580748e-01,2.575203205377250559e-01,-1.691336553929478348e-01,1.848222941358915183e-01,1.525753215851851918e-01,-2.933355028608862769e-01,-6.197900873077163419e-01,-4.446187462033799331e-01,-3.754325100215585298e-01,-5.206573402529969252e-01,-4.822337396313375324e-01,-3.417200285210352795e-01,-9.003892679766481444e-02,-2.159204109482928957e-01,-2.557021023519094258e-02,3.944882491185722206e-01,5.067726735978314023e-01,2.074390772116496001e-02,4.463725829562198433e-02,-3.332533718599688943e-01,2.272023701889064329e-01,-1.854026706541325453e-01,8.667722403793941266e-02,-1.690967152467559298e-01,-2.352277309786045961e-02,2.422439147917842053e-02,-4.432633679981045072e-01,5.688202252600067094e-02,2.327391277469721409e-01,-1.312234624702625883e-02,4.678290118745823678e-01,3.314610254384127708e-01,1.793386346522726493e-01,2.349833244462875836e-01,1.776373077447064019e-01,3.660357571466151816e-01,3.318431881168398268e-01,3.418748629858760490e-01,3.502851130995858764e-01,2.628750934259624916e-01
-5.314700477012302970e-01,-2.544764689321169643e-02,1.000000000000000000e+00,-1.675408214045963698e-02,-5.806822816311869584e-01,4.971347548100226721e-01,7.143114299022189639e-01,-3.985486765942556908e-01,-1.944623259464299536e-01,7.961190327071936412e-01,2.875891277942712043e-01,-5.351937366066233936e-01,3.898766708044272278e-01,7.122977276401999402e-01,-2.798480915993370455e-01,-3.151548572546186699e-01,6.933031236686806320e-01,3.651529416847191234e-01,-5.125439389831271120e-01,1.079794141041952732e-01,7.731279261486749821e-01,-3.732979897607716785e-02,-4.420908643600665600e-01,4.353483144403638150e-01,2.820966385943164401e-01,-2.887236922638796721e-01,-1.780623731918188624e-01,1.253383520344779067e-01,-8.044649408779405708e-02,-2.227077910698039565e-01,1.669881978105695053e-01,2.221620127717364168e-01,6.400141492543393040e-01,-3.135840955413709413e-02,-1.663761811848435967e-01,4.809102175799718770e-01,3.733436144072565521e-01,-2.815439934380704612e-01,7.518771217132161344e-02,6.048118737185612659e-01,9.228403079698921374e-02,-2.735065597884672184e-01,3.524726162934836426e-01,5.432013220619340554e-01,-1.865062577135174759e-01,-1.021887155196269797e-01,5.846936778479409069e-01,3.138616861730486041e-01,1.350077968017985297e-01,3.263825531744007358e-01,3.314242412358249235e-01,6.963412710121291704e-02,-3.473967917998838639e-01,9.702533453362852112e-02,3.362872217192202640e-01,-1.926991577842533387e-01,-2.710305679244026655e-01,3.032914614007958254e-01,1.683286548949753936e-01,-3.614582465416981694e-01,-2.807855803250385376e-02,3.872834526642422448e-01,-6.142145213918566438e-02,-3.764259025095808009e-01,1.144530871775689858e-02,-3.252404474960536307e-01,-3.069712730913848886e-01,-3.613317193887102263e-01,3.071279061101249083e-02,-1.863215006469423896e-01,-4.842450508116294960e-01,-6.450263886793612678e-02,1.263911056380791764e-01,-3.589827990667788793e-01,-3.923238313000229627e-01,8.961560813551781857e-02,-1.150946447994024256e-02,-4.736059499241556670e-01,-2.097821534367389773e-01,1.781465957812300438e-01,-2.647029493654280974e-01,-4.485788041119080916e-01,3.626790461860301962e-02,7.316363671074009589e-02,-4.364958977245623206e-01,-3.086249553068293183e-01,1.239106162011694712e-01,-1.022889303748810985e-01,-5.029617984947577503e-01,-1.054246611505712250e-01,1.337194564999649449e-01,-2.744002094805414460e-01,3.411018056392969844e-01,4.215257591927401570e-02,4.463464094541771399e-01,-4.706327218247808447e-02,-1.553030141346144546e-02,-5.056752367780972257e-01,-2.980861018969135356e-01,-3.225927855948199641e-01,-4.768751313108784418e-01,-5.916459068690663736e-01,-5.326789900407031819e-01,-5.046239012960446191e-01,-4.982240275327455281e-01,-1.258342979636807302e-01,-5.088978494136774111e-02,-2.252656535255362635e-01,-2.081443230223977980e-01,2.978694147878403475e-01,5.304216602012686854e-01,5.241066963857654581e-01,3.855574488505206232e-01,7.206809267086686788e-01,4.680041388052055273e-01,4.606280585140514194e-01,5.177796793054911806e-01,6.734494726256772257e-01,4.350643411267935967e-01,4.828754391189916673e-01,5.388670892132180201e-01,2.054859408543915911e-01,5.196398477263065863e-02,4.070087247664315733e-01,7.851093928244164133e-02,1.558030452964499213e-01,4.918033670817166247e-01,5.879814002634833198e-02,3.944224707481522874e-01,-6.109404557034441019e-02,1.439382953912663743e-01,1.442343100655687702e-02,1.802081659844871619e-01,2.075972488078786926e-01,-9.801086348640197787e-02,2.096351240204973876e-01,-1.868601049580765477e-02,-1.890558610032560538e-01,1.815208765378806544e-01
4.194853864755712092e-01,-5.994454926853075571e-01,-1.675408214045963698e-02,1.000000000000000000e+00,1.282570077812027242e-03,-5.830340008351413417e-01,4.647507218246763050e-01,7.229273952896237976e-01,-3.688488957145991676e-01,-2.675191034634702980e-01,7.760383078981462068e-01,3.163940571438581539e-01,-3.502860026852442910e-01,2.381094890477996329e-01,7.166102608791741213e-01,-8.044722253354712194e-02,-2.612984035994100340e-01,5.816692711962747619e-01,4.760986879078406009e-01,-3.399947296143646103e-01,2.127617409848079830e-02,7.141412031375637959e-01,1.342563820683836395e-01,-3.917532032791793406e-01,1.646983667243923644e-01,4.609513969785853926e-01,2.037599506492814572e-01,1.193877296317434750e-01,2.889808046085476367e-01,-9.795084857529498534e-02,-3.164544680318441272e-01,-5.021573367282095024e-01,-8.354793940851015788e-02,-5.523667498314009938e-01,2.619416253173402209e-01,4.057289640787648533e-01,-5.037023904007527086e-01,-3.132297576656370985e-01,4.962842358760132799e-01,4.433356861271747773e-02,-6.446383097906640547e-01,2.014944493576285509e-02,5.265620215363941981e-01,-3.307958091021031000e-01,-5.220769141375520839e-01,3.832467827890008727e-01,2.838205062821053115e-01,-5.850810822260532618e-01,4.305745453728403865e-02,3.366853841766789812e-01,1.187400442197558137e-01,-9.670577647514468078e-02,5.559631977747114817e-02,1.600797940098319105e-01,-1.720517825170143553e-02,-7.840019881443739680e-02,1.276027888445600278e-01,1.237679813112363553e-01,-7.695031080486326724e-02,1.520875185874703134e-02,1.763580695829047584e-01,2.924637667467359231e-02,-7.978342972686769397e-02,9.079182973984807614e-02,1.243104373912332361e-01,8.136503055493177206e-02,1.929685680071423493e-01,9.529694551969505878e-02,-3.197850312521750005e-01,-2.966641483380524358e-01,2.262011443962173851e-01,-1.364064650015426872e-01,-4.666673381281666866e-01,-2.154066480248136711e-02,1.613474504902646656e-01,-3.525304599458612409e-01,-3.355400609276163459e-01,1.511609371780074929e-01,-1.368408554402767048e-02,-4.592153954594282994e-01,-1.453962148830186263e-01,2.144456385990065606e-01,-2.517822049145286289e-01,-4.325627675092793001e-01,6.205691035426227908e-02,1.098684904460785483e-01,-4.290772593812653968e-01,-2.534642553659373632e-01,1.995967943135857903e-01,-9.759159126979111143e-02,-5.026476750614897737e-01,-1.444016484920756238e-01,-1.118926567866296157e-01,-3.969296754993634768e-01,4.197461347964637907e-02,3.236994502229118692e-02,-5.512784132721330055e-01,-1.997231352146823236e-01,1.991411649395175287e-01,-2.568040820494420506e-01,-2.034761224183741224e-01,1.573638171496461735e-01,6.064221682855226031e-02,-1.493939075915674819e-01,3.619761401999390116e-01,4.353998173935603733e-01,4.266451147631123986e-01,3.467583832076648331e-01,4.894073177087820414e-01,5.311887268896621217e-01,3.178149279151153972e-01,2.256450793098003782e-01,4.550036430891319927e-01,3.422235000483549172e-02,-5.025240730507687381e-01,-2.299050898852097458e-01,-3.436744867676548298e-01,8.174865571308020940e-02,-2.211349529265270539e-03,-4.444064930964249927e-01,3.452048933045901991e-01,2.990651121991784178e-01,3.588492478517053552e-01,2.498148191855915634e-01,4.419996939109563372e-01,4.611603635670411538e-01,2.512305066627120720e-01,3.269808731490774778e-01,3.280877810798579208e-01,-1.280114208882192524e-02,-2.545266247971814111e-01,-3.699077455009148335e-02,2.566757816050471153e-01,4.388797555517923166e-02,-3.354153598685057358e-01,1.744293565644975362e-03,-3.385225429307628930e-01,-1.389836492411991864e-01,-2.699022651775116396e-02
7.729182135716030633e-01,4.651952041283739514e-01,-5.806822816311869584e-01,1.282570077812027242e-03,1.000000000000000000e+00,-3.643735545757650213e-02,-6.041227336014226568e-01,4.922199327434309546e-01,6.949065698504096611e-01,-4.857760786775356388e-01,-2.677799922650482278e-01,8.071638225838323466e-01,1.531599661246679789e-01,-6.710484950355548595e-01,2.271867221728928465e-01,7.563434059942197862e-01,-2.948826607874615036e-01,-4.507660746724573841e-01,6.391661087030028332e-01,4.104314358761694814e-01,-6.020703074116532383e-01,-2.360066063369140044e-02,7.720374228403857897e-01,2.669585786419682340e-03,1.323354001998914425e-02,3.748404029936921456e-01,5.060228379949415212e-01,7.691415172857332672e-02,1.516631656347080803e-01,1.175817124983648820e-01,-2.896960733755690187e-01,-1.234591319590413877e-01,-4.716530937946411539e-01,-2.872153879639095519e-01,-2.705290554489508392e-01,-2.857618667554568392e-01,-2.706356800687936826e-01,-2.293323813124778510e-01,-2.980963551876342765e-01,-2.876261659205756049e-01,-2.221167934546127154e-01,-2.696144299630784391e-01,-3.014346672128040416e-01,-3.004298477043910731e-01,-2.246176655163493463e-01,-2.900531961293614236e-01,-3.342070481064070564e-01,-2.641609018078736049e-01,-3.685006520819704146e-01,-1.265592682074437592e-01,8.087416052428371416e-02,-2.767287865096996202e-01,-2.213997462868529109e-01,7.978285001430097945e-02,-6.234326837139544941e-02,-3.234937532456182985e-01,-7.296087591692677898e-02,1.060083416585791277e-01,-2.277023131861513061e-01,-2.640170479775173495e-01,6.901809225495711408e-02,-1.679630036157696987e-02,-3.058321242994306854e-01,-1.434394066489796393e-01,-1.730490722457397323e-01,1.511729642555387776e-01,-3.065772024796106603e-03,-2.007683946356010607e-01,-1.917725180492494963e-01,3.537299093500605451e-01,1.804216539728695223e-01,-4.862919381698914134e-01,2.524100996703126584e-02,5.587144010960262142e-01,-1.525560522220303916e-01,-4.073711168036229235e-01,3.958857180294172440e-01,3.906215900186107981e-01,-4.132250399827143705e-01,-1.518055508988921110e-01,5.729781386860217651e-01,2.180406683265054962e-02,-4.960151462625965735e-01,2.138845472538288550e-01,5.079095208767400171e-01,-2.921739370084689424e-01,-3.174530337271814773e-01,4.939961502846595409e-01,2.715123129365062393e-01,-4.807197077505760419e-01,-5.110491879651988395e-02,6.234352468526210833e-01,1.733616096713258559e-01,-2.358207422113856311e-01,-2.472282592550259506e-01,5.035719205313623492e-01,2.640246688631812666e-01,5.738132526912186337e-01,5.604901920456069053e-01,6.199283585835673183e-01,4.426182427588100654e-01,3.496767983444189487e-01,6.004975651761905731e-01,3.920601232907962030e-01,3.081403380005108272e-01,-2.328023338201672121e-01,-1.220402303589422782e-01,1.170092736532349874e-02,-3.657314994919749068e-02,-3.058412031504349482e-01,-4.906598860582903621e-01,-2.784395938444396701e-01,-1.636637627170507980e-01,-5.038072566566661470e-01,-2.925459766776890569e-01,3.454790235453131242e-02,-5.868309744795801031e-01,-3.445042739248396213e-01,-6.429285616623275912e-01,-4.173550700678434477e-01,-3.019744775895245037e-01,1.730324863563209303e-01,5.217059004697121444e-02,-1.136610063279008265e-01,2.961910506871737181e-01,-2.304324819866022944e-01,-9.046911538023728883e-02,4.418584923103772710e-01,-4.034471132481026734e-02,5.204083575958583507e-01,6.234027107477953245e-02,1.576454969767618897e-01,3.198878611575351472e-01,8.506390576777392298e-02,2.037638200912947062e-01,2.122112238469685552e-01,1.217623856753387024e-01,3.918318133515117929e-01,1.395927464719269040e-01
-3.038831844677134519e-01,7.115023360304965072e-01,4.971347548100226721e-01,-5.830340008351413417e-01,-3.643735545757650213e-02,1.000000000000000000e+00,-1.095711860207411806e-02,-5.914398195317669416e-01,5.239386123091372971e-01,6.782823447339739742e-01,-4.199907154948105958e-01,-2.328557493266376899e-01,7.471666638931091509e-01,1.169322156496201970e-01,-6.336043467347645120e-01,2.360104460056839382e-01,6.925769945258459792e-01,-3.293434745306119127e-01,-4.262979050895234767e-01,6.166007292750799174e-01,3.727762627201538503e-01,-5.459347156418865588e-01,-3.014475825346736235e-02,7.135945378268325756e-01,1.710869887389838140e-01,-3.675846332876282485e-01,2.159563289124710045e-02,1.000368064132752255e-01,-1.702623133854828663e-01,-6.710517869793400370e-02,2.033819791435373669e-01,4.918839453775651904e-01,3.897512339858682506e-01,1.558392845637536495e-01,-5.310740573500587480e-01,1.534257279833832303e-02,5.428697256324029885e-01,-2.192050377096950997e-01,-4.664588280169426060e-01,3.855980447395275235e-01,3.877850287132182383e-01,-4.686879704890296039e-01,-2.095627743715332281e-01,5.727512041329425596e-01,2.064919157659777377e-02,-5.605712126983578569e-01,1.710593903939697513e-01,5.422045620087777573e-01,-1.388155261261558859e-01,5.910925939776633282e-03,2.982138897396977573e-01,-4.532177714627910053e-02,-5.338005378766315090e-01,3.179274633181718851e-02,3.068020707288053872e-01,-3.506088054966920442e-01,-4.145755408356436300e-01,2.811458808810074483e-01,7.214606315999684549e-02,-5.467517525801371958e-01,-1.111168128306778968e-01,3.526454738387411192e-01,-2.041343865270929536e-01,-5.367885411719734989e-01,-1.897482003634640424e-01,-2.864197644891727790e-01,-4.477846237452010048e-01,-5.632505069492267369e-01,1.222100752539520274e-01,2.590398497391365185e-01,-5.190783527572937484e-01,-2.955059008157324696e-01,4.624210306738801290e-01,2.985123164059882289e-02,-6.047838389905828560e-01,5.719598947429607033e-02,4.823752875909598781e-01,-3.158940819599657113e-01,-4.764565594593230813e-01,3.906838667962950762e-01,2.175898725388267230e-01,-5.805056801773955666e-01,-1.213292529241990769e-01,5.113710201062595662e-01,-1.384375890106021023e-01,-5.767808282402835385e-01,2.055604997580106064e-01,4.009744592269128827e-01,-4.597580720185106551e-01,-3.573464248274691446e-01,4.402796061866839916e-01,2.382790669834300157e-01,5.303930710469462184e-01,1.610828049865689338e-01,2.533102268812006952e-01,2.588307146440355089e-01,5.286623324041810346e-01,7.192921642172732215e-03,-5.217978420596419697e-02,2.580622921755507115e-01,-4.469028733343408805e-02,-4.770957821741699245e-01,-1.874254894514684189e-01,-1.388722085727218947e-01,-5.496927259987269831e-01,-5.864183250907278877e-01,-4.262615216392006134e-01,-4.488893633519416282e-01,-5.756473320568037400e-01,-2.689257530327069934e-01,-6.989379229542976198e-03,1.805358566022682021e-01,-2.159779689542110775e-02,3.782053136072207611e-01,6.344751591304409466e-01,6.527273674655701408e-01,3.715110835221486218e-01,3.932693002163126783e-01,9.498027030681970018e-03,5.158627780642309757e-01,1.029743425323523809e-01,1.172026143157919170e-01,-1.660651561663974429e-01,1.563233006781904744e-01,-2.871436556325183617e-02,-3.163810634017468759e-01,2.634982554506669072e-01,1.284451124718325454e-01,1.447603342777642466e-01,2.933231402202458038e-01,3.620425542555016918e-01,1.473817615736622844e-01,2.172038132423267098e-01,2.374394140821386168e-01,2.743516988285192304e-01,3.458628207528991472e-01,2.946045007289267992e-01,1.674855056436070078e-01,2.887693668070994146e-01
-3.313820518172032603e-01,-4.240728032654035862e-01,7.143114299022189639e-01,4.647507218246763050e-01,-6.041227336014226568e-01,-1.095711860207411806e-02,1.000000000000000000e+00,-3.782074599202778220e-02,-5.158416070175714241e-01,5.235944458897838771e-01,6.794220200285467914e-01,-4.069884054545632734e-01,2.829235736230653261e-02,7.822281224368782260e-01,1.293052266565322406e-01,-4.556516366516514260e-01,4.011411737682391010e-01,6.680173535618355585e-01,-2.596591512439824223e-01,-2.163281198612247158e-01,6.824569369449781098e-01,3.566076019004062458e-01,-4.258260495204139184e-01,8.252495244276063235e-02,2.738969791374842866e-01,-5.235626164916892811e-02,-1.437186815261408401e-01,1.237729540786974558e-01,5.221063635378179330e-02,-2.238560750507354868e-01,2.616784367815060131e-02,-8.635903900869779104e-02,4.998974947448786010e-01,-2.324974773027651265e-01,1.014988377199754627e-01,6.025236345867798216e-01,5.230987489599257800e-02,-2.851613908874885417e-01,3.888865951066396986e-01,4.928608136861684641e-01,-2.174199644199514836e-01,-9.439232910549302802e-02,5.848967340671828996e-01,2.591387950672239260e-01,-3.333940137156005123e-01,2.102266840007128990e-01,6.179832681719602538e-01,-3.218873362726502874e-02,2.050869263913044360e-01,4.175210358043030534e-01,2.674917303728398532e-01,7.633212102009930000e-02,-1.441769007962049598e-01,1.267339281738797951e-01,2.380357057831163914e-01,-8.016409198526183721e-02,-9.511618484070112622e-02,2.415193080722050634e-01,1.383276257294281664e-01,-1.603883523715116666e-01,5.650662902121469933e-02,2.820605461686061521e-01,3.802474576445586708e-03,-1.636581710483593910e-01,1.221634848833462877e-01,-2.161041936380517225e-01,-9.747750434617633020e-02,-1.346779028946870349e-01,-9.297558549832207753e-02,-3.716626325181039414e-01,-2.483479565163916325e-01,9.386747704838573764e-03,-1.715405148951641423e-01,-3.944273303390667396e-01,-1.387637713675677342e-01,-2.347544196328746335e-02,-2.885773849351085385e-01,-3.375828488859426990e-01,-4.193692555761081159e-02,-8.651712009159608086e-02,-4.030678532307265249e-01,-1.950370199948453509e-01,2.099063137725549685e-02,-2.358206623790297940e-01,-3.961203429142328702e-01,-7.411473448224663307e-02,-5.892313517229830211e-02,-3.356823214047237602e-01,-3.089954399487048753e-01,1.375019073284749344e-02,-1.646641541917925056e-01,-4.279471220321796610e-01,1.170949203014862161e-01,-1.134002467671019615e-01,3.905617916320269223e-01,-1.509168468403800645e-01,-3.761249585671871953e-01,-5.930699752970224337e-01,-2.304175867800551947e-01,-5.146202061250384485e-01,-5.502969027783682909e-01,-3.993513845462871026e-01,-4.851353759908499375e-01,-5.081680680886192514e-01,-2.140609619897156923e-01,2.095520431590963961e-01,2.345904598009597164e-01,4.496922295201372793e-02,1.347545390635496443e-01,5.589597480434423948e-01,6.367240765387227608e-01,5.293133766300496257e-01,5.443389146647545918e-01,6.282386963303067118e-01,1.108511829795785220e-01,1.831989354634749045e-01,3.156679896693141973e-01,5.833379311026689606e-01,4.553474093968201131e-01,1.905073374849163004e-01,6.188757146929971809e-01,2.509732543939087734e-01,2.063332272694881897e-01,4.356035206295075235e-01,2.076092659799704254e-01,4.093963317592111406e-01,4.836823763860491621e-01,9.086976845441245565e-02,4.447156058123062361e-01,-1.887025283367346762e-01,-5.459860133946536909e-02,-5.899397934708006108e-02,1.611859293536360149e-01,1.311684798378813244e-01,-3.018541134053842612e-01,6.943008259910893321e-02,-2.273497763267800231e-01,-3.071733393235339671e-01,5.545668499031815996e-02
7.406221630363907238e-01,-3.043505343200789137e-01,-3.985486765942556908e-01,7.229273952896237976e-01,4.922199327434309546e-01,-5.914398195317669416e-01,-3.782074599202778220e-02,1.000000000000000000e+00,-3.619518430881825399e-02,-6.054762936293872633e-01,5.080466629521844801e-01,7.062563583304980463e-01,-3.328273405102914473e-01,-2.149073848930749264e-01,7.657174923167822111e-01,2.896173760723009249e-01,-4.920713551815820708e-01,2.387964436425370762e-01,7.617936374183825743e-01,-1.543637975777054638e-01,-3.852624729469793508e-01,6.025194730040841495e-01,5.056383846605264631e-01,-4.247477488183832306e-01,8.598358508803831401e-02,6.045219240499227764e-01,4.033975452869542067e-01,9.618257935502488865e-02,3.110474220143473190e-01,2.913932436524136545e-04,-4.152543537863195300e-01,-5.210983625194186564e-01,-3.893516243696810708e-01,-5.671151341696970549e-01,1.562781716963659584e-01,1.307512291876772592e-01,-6.070312745873620575e-01,-2.900949853987494498e-01,2.905501286237248681e-01,-1.987435348386182576e-01,-6.478099910342992596e-01,-2.680312966521757739e-02,2.557820161965898564e-01,-5.079251956360335551e-01,-4.872959927204372765e-01,2.377679412368556566e-01,-1.317411417337403627e-02,-6.602735493979677850e-01,-1.443622245327639553e-01,1.665654774678368977e-01,6.146702645246335250e-02,-2.096539852729255582e-01,3.847499121165991881e-02,1.494330827029275444e-01,-1.145243272591632000e-01,-1.544180766151962980e-01,1.433747976985075834e-01,8.159252772901513795e-02,-1.954407100464370939e-01,-1.029392976805904719e-02,1.858472999773592704e-01,-6.864862639742515260e-02,-1.788021621658515969e-01,1.051741630751973633e-01,3.436619483508326911e-02,2.025493926428344194e-01,2.311761990702353720e-01,8.099925736408757071e-02,-3.527088674824009895e-01,-7.500481884876260275e-02,3.699353810851739865e-01,-2.853950753019799391e-01,-4.156095867518267983e-01,2.749393026757679936e-01,1.671801296826080918e-01,-4.745019586870400374e-01,-1.324095579856191252e-01,3.843586419909345020e-01,-1.215868438843241556e-01,-4.875013154585779440e-01,1.525558457196747320e-01,2.914456586096061952e-01,-4.102597799167713721e-01,-3.033378229146266869e-01,3.402660604038125758e-01,5.263052299816520230e-02,-5.087947854047234486e-01,-5.136904124262172897e-03,3.823486567211339393e-01,-2.366450197510625297e-01,-4.675294362651610802e-01,1.793022921888939580e-01,-1.041316237701224445e-01,-4.287109246073422253e-01,-1.639325691633617410e-01,2.309815810748632459e-01,-3.515765054472176354e-01,1.674309297956272369e-01,4.455473132841621386e-01,9.700034540572709252e-02,1.026116643399509198e-01,3.919723304298129984e-01,4.016925848436073698e-01,1.416087783229162678e-01,5.243001114004270935e-01,2.989203844067677140e-01,3.129594046740346580e-01,3.447212093550719447e-01,4.379006201500159068e-01,2.594718482759517109e-01,-3.541433598969358221e-02,-2.399313345987664006e-02,2.402684244706999872e-01,-3.245297299815265712e-01,-6.411566829240463727e-01,-2.839428929728229356e-01,-6.492674111950573757e-01,-2.088096499039401588e-01,-3.385811644936618237e-01,-6.417522492543633605e-01,5.821226156071761942e-02,2.758211141378448250e-01,3.134957149264957499e-01,7.962634028598532254e-02,4.705388748607977623e-01,2.688576091852163397e-01,6.725859232299619128e-02,4.324250650071644886e-01,1.734136641945830948e-01,2.021369245367581335e-01,-2.199722468920988494e-01,1.805860039574092718e-02,2.995495382167180365e-01,2.119602947671987703e-02,-1.865433350237057086e-01,3.913908959751069561e-02,-2.336799900228211102e-01,7.125352568450636637e-02,-4.678793952917494579e-03
3.981836403145683767e-01,7.870168950067624181e-01,-1.944623259464299536e-01,-3.688488957145991676e-01,6.949065698504096611e-01,5.239386123091372971e-01,-5.158416070175714241e-01,-3.619518430881825399e-02,1.000000000000000000e+00,-2.581061130126571790e-02,-5.445664053342855748e-01,4.970190162196269079e-01,5.680039517976065433e-01,-5.148619061174685152e-01,-2.454329993088792683e-01,7.522880672658128764e-01,1.608308581894610789e-01,-6.125737775010111630e-01,2.298874137977718890e-01,7.026811898596141415e-01,-2.890364022634133723e-01,-3.968230226810113281e-01,5.894557700869397232e-01,4.288115318998338976e-01,7.272906325702534203e-02,4.183589833085033655e-02,3.944051716420738374e-01,9.832108953436632937e-02,-1.044111299858463057e-03,6.692208909103246339e-02,-8.544823649052904480e-02,2.203686131739493181e-01,-1.588028225219579870e-01,-8.462173501927551522e-02,-5.226073710195188182e-01,-2.630690604055135329e-01,1.264308336838295410e-01,-2.625803207952825402e-01,-5.354782444908214867e-01,-3.024017810868998707e-02,9.837767681690559596e-02,-4.609726147899450566e-01,-4.073064682064324593e-01,9.958726079603849590e-02,-1.088142905245123027e-01,-5.665705891091182833e-01,-2.044135251336780812e-01,1.407734529850560579e-01,-3.724630615299551195e-01,-1.353502747096783920e-01,2.071673052724047615e-01,-2.368560585228025317e-01,-4.626958305547260175e-01,6.545412805458497574e-02,1.107215496501388202e-01,-4.339800883524536634e-01,-2.896500005957518553e-01,2.198536738735992757e-01,-1.357525568248566239e-01,-4.997107444787232122e-01,-2.340905545777695676e-02,1.686009330406931517e-01,-3.441091399478763968e-01,-4.090204994325153387e-01,-2.561885723039488694e-01,-4.327628319007890273e-02,-2.592010859404798584e-01,-4.641679176098165160e-01,-4.805762440878223740e-02,4.520258933535135637e-01,-1.573242400535804497e-01,-5.249174463463273099e-01,3.177592717120514276e-01,4.604976166538956028e-01,-4.583722195786672504e-01,-2.537203872206219568e-01,6.067000700151058412e-01,1.253531237828847678e-01,-5.777307277142157416e-01,1.389011945021523531e-01,5.840729599961774765e-01,-3.115563224022251387e-01,-4.238100298218945849e-01,4.875545404187705545e-01,3.240518563076270619e-01,-5.398307445013335037e-01,-9.263945965071095079e-02,6.299005609962889940e-01,-4.277983804541109908e-02,-5.556073861975108219e-01,2.465854626289497031e-01,6.383191009063918786e-01,4.287650316305632869e-01,-5.874446720547159967e-02,-6.707296805135329332e-02,5.305790415345328359e-01,5.496033506129938129e-01,4.772334593210033615e-01,3.909724119164316725e-01,6.598197199579262096e-01,3.519028459584991331e-01,8.752479012367982147e-03,3.722045880699331177e-01,2.570652591710438917e-01,-8.393654046028546645e-02,-5.432260360667472421e-01,-3.702771538112625271e-01,-2.623749064352538518e-01,-3.896629866653699148e-01,-4.534672349588925733e-01,-4.292701025975829698e-01,-1.539952139090865202e-01,-1.916587311129148707e-01,-2.032187236965102839e-01,1.563806059971284412e-01,3.858754231688283354e-01,-2.245848217753872167e-01,-7.432828763193510824e-02,-5.027836048778669964e-01,-8.910673726888126978e-03,-2.262477269730602258e-01,1.650421635719014346e-01,-8.510310332625156682e-02,-3.555545709889721545e-02,1.677275794822339072e-01,-3.996663484077300210e-01,3.815072014896830205e-02,3.815399119920143689e-01,3.929172003295194719e-03,5.727254169925438676e-01,2.737341547730727243e-01,2.154736108056790611e-01,3.444466602308109970e-01,1.962969919280499742e-01,3.447831754649628988e-01,3.496072361504299897e-01,2.926602662316702408e-01,4.155200314410846252e-01,2.649248944647658033e-01
-5.719211846140016542e-01,2.481808314928636849e-01,7.961190327071936412e-01,-2.675191034634702980e-01,-4.857760786775356388e-01,6.782823447339739742e-01,5.235944458897838771e-01,-6.054762936293872633e-01,-2.581061130126571790e-02,1.000000000000000000e+00,-2.096954422833303272e-02,-5.924621494644767283e-01,5.717976132393114419e-01,5.969060117284654687e-01,-5.243014967796006953e-01,-2.143268690367932661e-01,7.948355910109804467e-01,1.345637377747460062e-01,-6.225281904544779366e-01,2.797860276120692213e-01,7.388649604642667512e-01,-2.823467216319142103e-01,-4.164454643074836371e-01,5.910164790554981451e-01,2.346136327155191048e-01,-4.223765204411511487e-01,-1.824169681398261078e-01,1.078374051507142717e-01,-1.577172638226683188e-01,-1.641006627648398941e-01,2.531175015605510170e-01,3.890180716871040056e-01,6.343243180518158830e-01,1.150496283782173612e-01,-2.982256237739644433e-01,3.240426311642571888e-01,5.220009560375851176e-01,-2.131672878877053645e-01,-1.280367676569770796e-01,5.700331007567206454e-01,2.839705114107127226e-01,-3.225597145051494752e-01,1.455165275968173799e-01,6.299373679930201364e-01,-4.225200249423295001e-02,-2.731002890151243423e-01,4.638917399212206805e-01,4.879700431886417333e-01,9.630890193908486774e-02,1.992912996150641436e-01,3.095672962042986809e-01,9.329448046432507746e-02,-4.104918911081323896e-01,3.648878344876565344e-02,3.584215573561045920e-01,-1.972587409599642072e-01,-3.492692847062200401e-01,2.736119841821541554e-01,1.906887467110849332e-01,-4.092769349464929207e-01,-9.799486338008733810e-02,3.938915061727426004e-01,-5.525595410747764780e-02,-4.453763461103720234e-01,-5.206190589083352360e-02,-3.616494962863929241e-01,-3.925963409478909205e-01,-4.330726848377524085e-01,1.266525053197763429e-01,-4.930539601669951116e-02,-5.702747362976212653e-01,-8.122447103676075364e-02,2.986452527026877135e-01,-3.035747228703799538e-01,-4.918114902090653384e-01,1.671345241085487876e-01,1.528805462706851748e-01,-5.084130496381599196e-01,-2.695655790767413906e-01,3.302470896213240970e-01,-1.619262337549247366e-01,-5.501589718303083743e-01,6.564497943039765415e-02,2.513973413193859585e-01,-4.243855567672825679e-01,-3.942703512121296106e-01,2.389995524316336217e-01,3.375478125045276029e-02,-5.645404150387983711e-01,-1.266056800091666101e-01,3.014418395188194211e-01,-1.681989467672405647e-01,4.041597758489668402e-01,1.586827084235639951e-01,4.236521827063977619e-01,-8.244247429415861930e-03,1.911447717586444439e-01,-3.944162276953662172e-01,-3.040061559485054410e-01,-1.728114493411120056e-01,-3.824130820402633635e-01,-6.315665403492295438e-01,-4.997908133527397267e-01,-4.232777363512211788e-01,-5.977936899471323340e-01,-3.036900975773295652e-01,-2.014965371719069920e-01,-3.317001504499657027e-01,-3.717686845126682016e-01,1.003151680917682698e-01,3.759537195931607068e-01,4.121920463907291499e-01,2.354831078978809056e-01,6.815877192064271339e-01,6.159958917585456328e-01,5.606351824851089072e-01,5.941754460727242115e-01,6.494069276558487314e-01,3.791165060106784224e-01,6.063524875752419607e-01,4.167799516723515452e-01,1.373193155885768790e-01,-6.979784541355593674e-02,3.249881379301893802e-01,-3.359664269664672243e-02,-2.319547410795924983e-02,4.218552175399707949e-01,-2.720360276951003155e-03,2.939824920020581156e-01,-3.845019938659230939e-03,2.415129658342545227e-01,5.568954644241842084e-02,1.371598411609963875e-01,2.145277385414997573e-01,4.135440874439990505e-02,2.334450936533266630e-01,1.105225303798642589e-01,-1.019331494055495807e-01,2.068722299512884277e-01
1.117591358708944910e-01,-6.105581432767822614e-01,2.875891277942712043e-01,7.760383078981462068e-01,-2.677799922650482278e-01,-4.199907154948105958e-01,6.794220200285467914e-01,5.080466629521844801e-01,-5.445664053342855748e-01,-2.096954422833303272e-02,1.000000000000000000e+00,-9.089845063033567124e-03,-3.050230231337951459e-01,5.415052265553036426e-01,5.829187907399654422e-01,-3.168476547317698455e-01,-4.773978198176458132e-02,7.356286573105521587e-01,2.047268920000239190e-01,-3.969149907936229127e-01,3.080810452643027442e-01,6.796356705975117318e-01,-1.357925985463461216e-01,-2.851213540354133880e-01,2.157245607299877466e-01,2.980935053856908490e-01,4.998754100166984821e-02,1.047228140344805963e-01,2.155869502294237572e-01,-1.589058802693860406e-01,-1.906906649411843624e-01,-4.049343977510275194e-01,1.513127434691324547e-01,-4.615745064268702014e-01,2.795945576658642739e-01,5.412699480569869159e-01,-3.395511119123365562e-01,-2.952941362313601936e-01,5.532092246581113981e-01,2.260545847603362968e-01,-5.389648191376038566e-01,2.890547629866408938e-02,6.347985602327196331e-01,-1.383693444449490828e-01,-4.773224560614627854e-01,4.088233153486435789e-01,4.577779935691589364e-01,-4.313063624492988746e-01,1.308025595657364426e-01,3.984332596509597146e-01,1.739803534597201273e-01,-1.208444708058995995e-02,2.426784284333199926e-02,1.561092122341495581e-01,7.567415615317701905e-02,-4.557126943818285564e-02,7.867689440819092273e-02,1.624688479983064926e-01,1.785085963766457062e-02,-6.022639441419455446e-03,1.458241082596847815e-01,1.194923172454575716e-01,-2.118311000246082820e-02,3.647296924746349506e-02,1.532869746319080739e-01,-3.285195130252224760e-02,1.190631606262043118e-01,5.291538892458166193e-02,-2.465107960958085875e-01,-3.949593767124897070e-01,7.436014248093866796e-02,-4.248777452358371010e-02,-4.251438123914388911e-01,-2.151130751446333755e-01,9.861818529744359463e-02,-2.345581886918135794e-01,-4.063240933912281583e-01,-4.119968750954525888e-02,2.428159301619555246e-02,-3.709415726491522292e-01,-3.171300414726115902e-01,9.611759544181276704e-02,-1.293289932723756808e-01,-4.414524929356010707e-01,-1.506948246453027329e-01,9.813703634538246956e-02,-3.080732093169348818e-01,-3.721727650240509999e-01,1.518375428018961006e-02,-3.550363233306587114e-03,-4.328573820591707921e-01,-3.329159144219440147e-01,-7.090938501095929436e-02,-3.052600636467895368e-01,1.890109872247545397e-01,-8.906799790407075867e-02,-5.731362723043229579e-01,-4.015942938514223126e-01,2.225866812931627872e-02,-4.364680830149161861e-01,-3.876638888790967519e-01,-4.598208503440041894e-02,-1.838464435565567434e-01,-3.057637615343986592e-01,1.724961184693995508e-01,4.239965317738075279e-01,4.197837430501779599e-01,2.801952360058217462e-01,4.160611965555705560e-01,6.220041840574445091e-01,5.049507360052167826e-01,3.608334542583214177e-01,5.498599363327366651e-01,2.788145345454439150e-01,-3.161147746615152188e-01,-1.167689025726874746e-01,-1.018620190014302290e-01,3.014860931961828583e-01,2.332124844606122127e-01,-2.351665874559804303e-01,5.086174573456062609e-01,2.933306125968377365e-01,3.397318948470912647e-01,3.454221064871667024e-01,3.779922791071486654e-01,5.210890755226729176e-01,3.630737935595189647e-01,2.233219401856862962e-01,3.983566836072242046e-01,-1.385549596880852330e-01,-2.100777474865132555e-01,-7.956476046667777802e-02,2.023303360734480805e-01,5.733943255014949114e-02,-3.886283371068237069e-01,-1.506044058180694596e-02,-3.524259251234558299e-01,-2.672527498516031885e-01,-3.336244166359388780e-02
