1.000000000000000000e+00,3.556014337682084081e-01,1.282707288488380837e-01,1.929672240578291231e-01,2.809098681178158127e-02,9.511487384187929106e-02,2.785538798502680546e-02,7.229710220451089631e-02,3.321732247814161015e-02,1.582004479589099177e-01,9.449905200757208190e-02,1.142750268589234341e-01,1.039203940251997998e-01,8.400602284291874833e-02,6.994912355749932642e-02,1.624177533785726643e-02,4.536505834576462504e-02,9.338321943086379945e-03,1.495674790070486079e-02,-3.335274614188347281e-02,5.227783227638059180e-03,-1.366252807559744688e-02,-3.204205172917828914e-02,-1.883318114551178410e-02,-1.656893188371006201e-02,5.457884224494652381e-02,-6.326168269078735057e-03,-5.117600709241069273e-02,-1.344106384121368167e-02,5.243343659171791765e-02,-3.243048112141916350e-02,-5.733024301576236659e-02,3.922853980628378257e-02,-5.231953095896857420e-02,-8.408777206195033882e-02,-6.107468423607557984e-02,-5.460919747920582601e-02,-5.317885526560735959e-02,-4.437586385669483463e-02,-4.217720598518916869e-02,-2.937579223859505123e-02,1.434765172146727774e-02,1.061649572057448560e-02,-1.053000081186658901e-02,1.347184438773850641e-02,-1.206078098602791047e-02,2.129778047786811887e-02,1.807718250168518018e-02,6.071575803584416953e-02,4.397639962458799179e-02,4.320949714700528244e-02,-2.542819119812779124e-02,-1.034778915761871143e-01,-5.725990427905603558e-02,-1.683486747249152843e-02,-1.690307591516285873e-02,-6.089228124280033488e-02,-2.910716761127761856e-02,2.694136935759296539e-02,-1.040975352788805208e-01,-6.480799297663469849e-02,2.924565444234904568e-02,-5.653283791787472312e-02,-8.526504633111996190e-02,-2.501485014500502008e-02,-4.249579796253431102e-02,-7.802433486999169054e-02,-4.202797391480499190e-02,-4.081727171891344486e-02,-3.968326436821650177e-02,-4.509417806985967919e-02,2.410958973023051219e-02,-1.241793803485463860e-03,1.594585896444326682e-03,-2.323158155160585242e-02,-2.338277083872275595e-03,4.340315278524608730e-03,9.823611667371300038e-03,-7.796167136875247795e-03,-1.485804912321680299e-02,-4.082580973476798020e-02,1.964671259781020779e-02,-9.302853632623385438e-02,-4.192246756075081182e-02,2.280727010238247938e-03,5.711729553705386687e-03,-2.609246593838082662e-02,1.793448347982480595e-02,1.331415193098242286e-02,-2.393971330393844868e-02,1.730027635253927887e-02,-5.250468795535216671e-02,2.943533275274394859e-02,-5.304395469927174894e-02,-5.987163698466817924e-02,-5.335809531923801224e-02,-3.054415723954409523e-02,-3.543403587165626367e-02,-2.319529930635926690e-02,-3.008176542739980294e-02,-6.575113703360717377e-02,-4.133468735924150650e-02,-6.677637469813905990e-02,-3.488282348336892852e-02,-3.648334217587093781e-02,-8.230119424146802682e-05,4.638326049635448783e-02,3.766515191666135881e-02,3.797709042648272915e-02,1.661074662249768449e-02,4.428670274871360224e-02,8.524573068126198305e-02,3.605992088647363286e-02,1.330423852275724461e-01,7.975954221846513759e-02,9.936571815339850788e-02,7.097613033478945843e-02,1.082820477015758870e-01,8.543368259088603145e-02,9.040323661519361620e-02,1.179650381467385774e-02,4.723508016848210721e-03,6.686077083512383112e-02,1.644086581384609017e-02,3.837227086529126224e-02,-7.210299940859428436e-03,-1.579256854296919726e-02,-3.804001220089507163e-04,-4.215465480090621608e-03,6.135600314755924878e-02,1.307621554564821799e-02,-2.671188609645102491e-02,-3.491018490022725074e-02,2.634206465015160800e-02,-4.619161698827766588e-02,-5.903335961378707031e-02,-8.709370914426398450e-03,-4.871403859357013866e-02,-1.714233269051493314e-02
3.556014337682084081e-01,1.000000000000000000e+00,2.959787752108223313e-01,2.647455022905928490e-01,2.024073707435497249e-01,3.035426175458208475e-01,1.570632895785365746e-01,6.094387244930207087e-02,-3.407768370157788357e-02,5.386724829940214843e-02,-3.251559997536011132e-02,2.795119569238560531e-02,7.371737297130413757e-02,-2.620858667694819788e-03,8.438460091158636253e-03,-5.615528253920130247e-02,-3.661071048209226767e-04,9.469047776439632608e-03,9.198316664171831900e-03,8.358957428872632045e-03,-3.106334250741004527e-02,-3.893395534717316447e-02,-4.814800281806294602e-02,-1.047431247377693386e-02,2.492519691007669125e-02,1.443978061248218578e-02,-3.786966887998801518e-02,1.381514996558193611e-02,-2.622587714894821734e-03,1.124091940437334583e-02,2.307645371366699727e-02,2.386139943685913062e-02,1.097278183840717965e-02,-5.381700305352843383e-02,-4.174252265177169630e-02,-5.723728379653177101e-02,1.269236370005820576e-02,-2.261483556458673827e-02,8.476655181802419947e-03,-3.663275067182524426e-03,1.371944094841010854e-02,2.835056120945132763e-02,4.091091998547867481e-02,5.146123174163027419e-02,1.052542179301198082e-02,3.329622023678266429e-02,3.922237344325512493e-02,-8.112168743090361275e-03,5.450053324369782959e-02,2.530139198189026994e-02,-3.319178250892763915e-03,1.550152419243650687e-02,-2.725325728117568638e-02,-3.982176004512517908e-02,-2.897161345222902182e-02,-2.532824310846104598e-02,2.806700629601801417e-02,-5.501330692548891260e-02,6.019993279675145414e-02,-2.372262647249086254e-02,-8.442601133908457511e-02,4.804888052558466821e-02,-2.455848614867762666e-02,-7.591127121506277553e-02,-3.038150432231441055e-03,9.193317067175533585e-05,-2.496033747623051247e-02,4.009897399360503115e-03,-2.971922537313740134e-02,-2.618659903817126960e-02,4.081300557968858822e-02,4.776803944873272284e-02,4.819753510823929915e-02,4.585667645933258485e-02,2.768291662120585944e-02,9.404156205865821239e-02,7.258158949892785927e-02,8.452980527224437934e-02,4.730634226939810921e-02,2.063753388948817366e-02,-4.393748291372068238e-02,1.643726018263957228e-02,-6.833075114830770846e-02,-1.017853893157601337e-02,1.975382641165228728e-02,4.621265902225331346e-02,2.496711601032388338e-03,2.161443076551900627e-02,3.237190273227083526e-02,1.495663174183085690e-02,1.027513725083525377e-02,9.472432304701581054e-04,-3.733394172193226813e-03,-4.777039244853975575e-02,-1.399763249651948468e-02,1.254807182288495207e-02,-2.770234208127536971e-02,-2.036408930764348896e-02,-1.889125136904676577e-03,-5.004515921561134006e-02,-5.522849159700875601e-03,-6.914986782822592215e-02,-1.517164732558936961e-02,2.125214259230287506e-02,-4.162576860230849524e-02,-6.543818660568598289e-02,-3.772916892309416403e-02,-3.425145159786470179e-03,-7.386388522679483704e-02,-8.037346727239756683e-02,-8.395906244619166792e-03,-3.879833699044603346e-02,-2.787363775282608591e-02,1.148100468609099672e-01,5.492358428980916030e-02,5.768407802907708076e-02,9.867820753720127347e-04,4.975717284477369773e-02,-2.035981938213849915e-02,3.390505135589047536e-02,-5.535637379169183053e-02,-1.706814519186154429e-03,-3.420786468360807048e-02,-9.793668253216486486e-02,-7.604683668616392389e-03,-4.744168746156697536e-02,2.652183696864018544e-03,1.666785155749322608e-02,-2.323482454039233706e-03,-3.943553184743588298e-03,-4.686023161002190324e-02,-8.816798183172612491e-02,-8.203804456858336536e-02,-6.638918003571268878e-02,-8.559989532687228841e-02,-2.779830810824908752e-02,-3.820103993222650346e-02,-2.465243872898069052e-02,-7.470719590488644757e-03
1.282707288488380837e-01,2.959787752108223313e-01,1.000000000000000000e+00,2.737658416523916505e-01,-1.544657865700007071e-01,1.929767720114838325e-01,1.303352916847946852e-01,5.748358484366151294e-02,6.970331998531723028e-02,1.487692377076729744e-02,-2.023710405457576633e-02,-5.752879567111721104e-02,2.695173386559568049e-02,-5.175854268045820133e-02,4.030577948982657678e-03,-8.534149054776550558e-02,-9.945036040733194749e-02,-3.149305977126753975e-02,-1.129166093476141434e-02,-1.367472511191995810e-02,-7.274555191750683991e-02,-8.810812562883833798e-02,-6.847466871451458881e-02,-3.932461961756157642e-02,3.448988153450822242e-02,1.005471260101159676e-02,2.401747237614982461e-02,-2.168629731141618125e-02,-3.907264393807770991e-02,6.000925829562459360e-03,-6.961312286242790203e-04,-6.095535102502493488e-03,-3.092544870462055756e-02,-8.674773880655260727e-02,-7.716813716094022071e-03,-3.433894677811792639e-03,4.833440453583307678e-02,3.225333675648730386e-02,5.927876741625055963e-03,3.817151547543422979e-02,4.502502465694030453e-02,2.503756746883475937e-02,-5.890683468123583677e-02,2.961278075865106038e-02,9.711863806863176019e-02,7.463433298524359272e-02,1.606956504391113955e-02,-6.200346900767025014e-03,6.385066139195223756e-02,-2.679191791907872128e-02,-3.075203987728506588e-02,6.336314873869869357e-02,3.102525217206916763e-02,-3.035306034638321493e-02,-2.268495574485349109e-02,3.431458143405006350e-02,-3.702411558083731208e-02,-2.930686195649680539e-02,5.550945129995283472e-02,-3.510394245845853411e-02,-6.785000373048445665e-02,-4.668773640150959345e-03,-3.424775615931474615e-02,-1.068543295091216455e-01,-5.746414949216641782e-02,-6.052782529738908596e-02,-7.193068591742454720e-02,1.273653038800844593e-02,-1.193448398802019958e-02,-4.378411832823721900e-02,-1.654687237775573014e-02,-4.129321631621806626e-02,4.693882393694603222e-02,3.412229808585308388e-02,1.536104517391233618e-02,4.672150869882166213e-02,4.429116899533640239e-02,8.895628581648885869e-02,4.325955585162542111e-02,3.294052413186656508e-02,-1.955177890768192844e-02,4.793948732168396704e-02,2.884420947648178718e-02,5.977438094828797094e-02,2.866722160310307757e-02,4.472699623049550266e-02,3.646702817440523881e-02,5.327077423454728428e-02,8.149009330003456619e-02,3.074280340645507009e-02,4.565385672771015563e-02,4.429716734687529772e-02,-1.389824038306759421e-02,-2.804027735990622522e-02,2.440943038872893031e-02,2.183922720296727418e-02,-8.785464918393621342e-03,-9.154390750699662252e-03,-5.246016652482104851e-03,-6.500086657665077317e-02,-4.042531865096054416e-02,-4.172529935392874784e-02,-2.497457258006756387e-02,2.529222885599180862e-02,-3.149773643400489986e-02,-5.867023589448443904e-02,-6.992079016808248892e-02,-2.502558246303765790e-02,-8.286057692781276240e-02,-5.692463169653233512e-02,-2.245259104321831872e-02,-6.422858365436133476e-02,-5.610464912633807838e-02,1.096318927937885374e-03,-1.706326793902944450e-02,-2.327740561298686367e-02,-2.765888552978905748e-02,1.619989478867508992e-02,6.097718960239638906e-03,9.023423529348569005e-02,-3.094435669479262806e-03,2.381192955938462794e-02,6.240360840088505189e-03,-4.163550836271940475e-02,-3.295211341822357198e-02,2.454533931466986590e-02,3.914749686915314913e-03,7.550189583755433087e-02,3.878830621663314354e-02,3.308983250092595307e-02,8.602050822759372758e-03,-1.567692930263131501e-02,-1.191529684602822374e-02,-4.600423607106027268e-02,3.428978827626290912e-03,1.992752986242828789e-02,-5.503593400529348061e-05,7.976821489501859444e-03,3.614534774015344676e-02
1.929672240578291231e-01,2.647455022905928490e-01,2.737658416523916505e-01,1.000000000000000000e+00,2.384503994922097803e-01,2.053965983166303466e-01,1.330710407197716605e-01,1.280671755961879932e-01,1.234049177061360275e-01,-1.968709552959081645e-03,1.934522822352633190e-02,-2.929412781462978690e-02,5.898793154703411978e-02,-9.107159959188279238e-03,9.700875239465843458e-02,4.179905514047162207e-02,2.652109555977838484e-02,-1.323418048444358237e-02,1.404546952667059534e-01,1.090167319639516637e-02,-4.111768128201643419e-02,-6.388904295735682408e-03,-2.356544164092592986e-02,-3.113847282640132275e-02,-6.040112330208347036e-03,6.154325486844033216e-02,-2.940137403993799831e-02,-1.056806148748557286e-02,-1.290871944895597735e-02,1.882407029560968087e-02,-5.683983410137102843e-02,-1.136356273718351628e-01,1.901833011849409383e-03,-1.388874284803657821e-01,-1.347790723598671081e-01,-5.995659427046114848e-02,-5.186669676657145595e-02,-5.616251674022738199e-02,-2.061683130248009518e-02,1.497664459228591725e-02,-2.768985600819854134e-02,1.510918432615597495e-02,1.017360205154767966e-01,8.900544502785893985e-02,8.207781213828113653e-02,7.576500170690458891e-02,9.320104017811266239e-02,1.707592882749188121e-02,6.007803642389745319e-02,2.037891055933498119e-02,-2.135544992211161133e-02,5.870082202975208246e-03,-4.268444589937798322e-02,-6.479799542518312194e-02,-1.065675511550434051e-01,-4.925099677866761477e-02,4.688389847909664454e-02,-3.934623439575659493e-02,1.608549790251276659e-02,-7.578065272639515279e-03,-3.838761512860481423e-02,-3.529299487690688159e-02,-8.106247213438714854e-04,-5.500346231077461040e-02,-6.667957927113256356e-02,4.246296593088059665e-03,-4.317473152776018369e-02,3.697954810510322571e-02,1.294751794021108647e-02,2.733336498817138041e-02,1.643175342645962489e-02,6.927328005640508157e-02,6.451437727453786242e-02,3.198037392473282448e-02,6.920899669760044448e-02,1.353813406071139036e-01,8.019055227873239655e-02,2.751806840601316723e-02,9.244530419842370006e-02,5.706962565625085804e-02,8.862339773466419712e-02,9.683305610260248275e-02,-2.334748918392671665e-02,-1.420546014551266403e-03,8.340486970920052076e-03,5.238020032959167516e-02,-5.353431420481683835e-03,-2.116173718087404048e-03,9.449284663063800549e-03,-6.022797918289596146e-03,2.557682608495901941e-02,-6.975458075819106207e-02,-5.432836748160285029e-02,-1.211174438160553674e-01,-1.033106595079101714e-01,-4.576673841310685553e-02,-8.889589192836748477e-02,-6.976350803190294048e-02,-1.277740856509616482e-02,-7.951470517657564796e-02,-1.092717172008214194e-01,-4.030338251300309010e-02,-4.380767824536278485e-03,3.446963480018019194e-02,-3.227330574732643897e-02,-6.881473310091998363e-02,-3.004612377597290149e-02,1.223440558215444472e-02,-2.445135039481528480e-02,-8.796884677118606277e-02,3.303223060295846537e-03,-6.250673842809216507e-02,2.463398203871323359e-03,1.160585179282562635e-01,6.926020612542913013e-02,4.143527331611551040e-02,5.423496661545836039e-02,5.291600641288161239e-02,7.327536612082101442e-02,5.573545486644389951e-02,-1.382555606584872504e-02,6.166926694716660245e-02,6.252454800562684545e-02,-8.963722353950787092e-02,4.758198427234852472e-03,3.425370082076203276e-02,1.910843859395972705e-02,7.570468197652049577e-03,3.621253797801605306e-02,5.851352986189308630e-02,-5.680344538864916942e-02,-2.926848379861058183e-02,4.617728187953468524e-03,9.244138086585104372e-03,3.940797528672644406e-04,-3.635693930065456159e-02,-1.751653492252682950e-02,-3.832425716949586225e-02,-4.911233264834784402e-03
2.809098681178158127e-02,2.024073707435497249e-01,-1.544657865700007071e-01,2.384503994922097803e-01,1.000000000000000000e+00,3.281525054271360320e-01,2.237666961184829259e-02,1.563639427926019621e-01,7.158247001825746025e-02,1.862634895964861495e-02,6.357395664828402460e-02,-4.339278237471284883e-02,4.070231456434954959e-02,1.083656920919791496e-02,4.929295342340989788e-02,-4.759896788428121667e-02,2.819408261347320158e-02,-1.997192800012347752e-02,1.820966684883834272e-02,-3.369027995017082056e-02,-1.110227914590087017e-01,-2.730725723402860350e-02,-6.130639174620024223e-02,-1.083701239646054360e-01,-7.386366051665470278e-02,-1.163526751276009949e-02,-9.909999177909804835e-02,5.077285475949024768e-02,9.539309854790697929e-02,-5.293231265977934794e-03,-5.475819009425234724e-02,3.140780662846059251e-02,8.619378077658759740e-02,-7.725879097828250441e-02,-7.106702369164244470e-02,6.136772778768366521e-02,-4.264248830833636955e-02,-8.252138474007100072e-03,-6.805255516798019814e-03,5.570113616970802373e-02,-4.487876945285908942e-02,1.859583310974925741e-02,3.093982171666372072e-02,-1.501695469897372862e-02,-2.795075293314632295e-02,7.264567221047951717e-02,1.287418419022223204e-01,5.400914728079052318e-02,5.557866633794059791e-02,2.566640133859308601e-02,-1.228271485829774551e-02,-2.450347619581857983e-02,1.229772772755397935e-03,-5.879090231750767892e-02,-2.774080536088208149e-02,-4.553951399401192507e-02,-2.173294802091103699e-04,-5.247788921506588156e-02,-4.647304011279226356e-03,3.405725233770325044e-02,3.192036368755392850e-04,-2.413626528179219077e-02,1.960930342105377065e-03,8.121209389031126824e-02,6.784580234949000310e-02,9.841116368883805199e-02,7.051386890688440823e-02,5.520251295303826855e-02,1.835273488998403688e-02,8.067383434431711978e-03,7.488809338875071497e-02,9.246888691838307806e-02,1.664815334967796601e-02,1.916809746290933439e-02,6.923266661801666388e-02,1.438304898646289021e-01,5.604715473442880430e-02,1.792447443982776722e-02,5.474769433165456445e-02,1.228993546114901837e-02,3.065632488372435280e-02,9.495294446967988966e-02,-3.450348962086312310e-02,-7.468843672960788493e-02,2.469236596045985138e-02,1.026881895995355141e-02,-4.511210733381700727e-02,-5.416065249405917909e-02,-4.886071672393325210e-02,1.650755486388614385e-02,1.254798532056870981e-02,-1.102993909334051012e-03,-4.848152338728291960e-02,-7.467234676847275820e-02,-3.628630257130616155e-02,6.353386938012296759e-02,-9.325336946022250162e-02,-2.639655801837216889e-02,-9.500554729844849777e-02,-6.364234242357094673e-02,-5.444175078889300357e-02,-3.208489471463894099e-02,1.578839950804925354e-02,1.171185249041793199e-02,2.186185475355069061e-02,1.240918426836233081e-02,-7.649833074110306413e-03,4.956413554252398629e-02,-5.125365493159774084e-03,-5.054436580932528816e-02,7.779835656656175491e-02,2.406349450458201977e-02,-1.184893698676824786e-02,6.091871127044677647e-02,4.414224817797057082e-02,3.222381154407611553e-02,3.314898010100504611e-02,-1.385448633812215273e-02,2.042731097420947411e-02,-6.035694970713800095e-02,-6.176643551713501684e-02,-3.731482386829441944e-02,2.006646331043161757e-02,-4.427074082568571711e-02,-4.426281308680918986e-02,6.646697690495419197e-02,4.872248512172377977e-02,8.342594131159142279e-02,2.967310315765194981e-02,-4.213992632437544780e-03,-7.424575987187822905e-03,8.013191053180801493e-02,5.581847647200504497e-02,5.383893910872456640e-02,3.303798214391771848e-02,6.852112223325508740e-03,1.081283961747727014e-02,2.882043694578964588e-02,4.087528245231863457e-03
9.511487384187929106e-02,3.035426175458208475e-01,1.929767720114838325e-01,2.053965983166303466e-01,3.281525054271360320e-01,1.000000000000000000e+00,3.944369853567982198e-01,1.287988230222458230e-01,1.557931397881047730e-01,6.438519159256143182e-03,3.455046580581212085e-02,1.296741331927184042e-02,4.684506854950593741e-02,-1.979397503518408319e-02,-2.014425384190741963e-02,-8.385317085917287638e-02,1.812311076282292766e-02,-1.428427970536977690e-02,-4.799995709580407582e-02,1.079339903821458814e-02,-3.916039339778150385e-02,1.626594793344469242e-02,7.284579564316362443e-02,1.600965080482670902e-02,-2.047997207700071043e-02,-6.726414288313546652e-02,-1.218704798830181762e-01,2.471334013221267167e-02,-1.982126034893312225e-02,-5.906030733435159441e-02,-2.970382779102866133e-02,-1.434851966592437696e-02,1.760069521675549850e-02,-7.728394659950033052e-02,-5.968310818019084696e-02,1.730642323702811028e-02,-1.469396117006432217e-02,-4.617415840407156774e-03,4.052641436495481309e-02,6.541356643804759063e-02,1.822140208570234218e-02,-1.697102033969257948e-02,-5.172194658442784421e-02,4.509284529641621048e-02,-2.476419741847505490e-02,6.929483291055275884e-02,1.233646711620224740e-01,-5.242296830184534767e-02,1.894945050121977365e-02,-5.791319214540258109e-02,-1.044235761823712055e-01,-1.140661666070032221e-02,2.914732979519660955e-02,-5.249859802398414155e-02,2.171493940583991630e-02,-5.231747902184818305e-02,-2.441247202033211203e-02,-1.116114502374262046e-01,-3.200481349563753797e-02,-1.377983098313478004e-02,-3.898269802633717168e-02,-1.028503080286949541e-02,-2.877267722987128865e-02,5.946230578009914936e-04,1.175667522007797609e-02,3.294108836978831834e-02,-4.673019223270460237e-02,4.179458985716069663e-02,1.603353063366559248e-03,2.475144851173140606e-02,9.254814030682620429e-02,8.526775942661875274e-02,9.637258836426816633e-02,-5.944487153755408614e-03,6.075172300929475994e-03,1.637762543748560173e-01,5.639783668094076191e-02,-1.485242128611937579e-02,4.028473382484147949e-03,-5.208220113727077272e-02,-8.113350344326275554e-02,3.364364500950552117e-02,-9.625853977587037202e-02,-6.318756351308471055e-03,7.945330927010640920e-02,8.875309846370091349e-02,1.872298613033372347e-02,4.627360022758977148e-02,-2.098021853764261589e-04,2.369303469482390498e-02,4.410950027472952673e-02,-1.532603416829330344e-02,-8.011741013553254354e-02,-1.029618354020454679e-01,-7.532229074316740269e-02,8.626546552409530139e-03,-1.063951442848681955e-01,-4.709069519276161409e-02,-3.924797380318799378e-02,-5.521850927102938539e-02,-3.386964963616728719e-02,-4.998698806910435027e-02,-1.624935146457871793e-02,6.546623752170732495e-03,-1.637855055894893008e-03,-1.659954803235917653e-02,-3.759568657558388233e-02,3.521699275366532017e-02,-2.858698591324744173e-02,-2.589561868286284832e-02,2.215778085651046170e-02,2.221125755264759249e-02,6.084296454617276167e-05,8.449871661589082594e-02,3.852101707288233673e-02,6.147572187077629535e-02,5.895929099193053524e-02,1.977730758016423007e-02,-1.487755803386449187e-02,-1.741579909667363832e-04,-6.671279261967875962e-02,-1.476794138218974484e-02,4.483673813208870207e-02,2.554507207447050121e-02,-1.544930614189845945e-02,6.031759536385675793e-05,2.424500640507616569e-03,2.696636171286574679e-02,3.322923892180152522e-02,7.771890684660709425e-02,-3.310230312091805294e-02,3.722384598502876535e-02,-1.093851532604873424e-02,-4.151998412270888061e-02,-1.463149269070770746e-02,-5.027355039865117128e-03,1.661428366473201345e-03,-6.152184269483852545e-03,1.864051642280818710e-02
2.785538798502680546e-02,1.570632895785365746e-01,1.303352916847946852e-01,1.330710407197716605e-01,2.237666961184829259e-02,3.944369853567982198e-01,1.000000000000000000e+00,2.092863483457721718e-01,1.302292812094972552e-01,-3.864505068558808654e-02,-1.248053202239666898e-01,-2.831271899199539963e-02,-2.573310535598004323e-02,-8.749629025992386455e-02,6.057398647574190054e-02,-2.753347983126992748e-02,3.305823905986995329e-03,2.487305765137575245e-02,-2.500465794037530845e-02,4.493351100636856083e-02,2.652419901507573063e-02,5.088436972102439171e-02,4.314240852570735280e-02,3.023659885338712827e-02,-1.523443192249826668e-02,2.472130973246346175e-02,-1.791777490338060039e-02,-5.806804581190637415e-02,-3.222658606168986306e-02,-4.839818463724278666e-03,-3.975780298183852896e-02,-9.120466191678304468e-02,4.139543942433211721e-02,-1.573256539003024812e-02,-5.661909464439948692e-02,5.348121927847115237e-02,2.261604815366920554e-02,-2.441753486590991090e-02,2.869747551718108275e-02,4.713308607638769937e-02,3.617539369820488987e-02,-1.000171369723086984e-01,-4.560965742734598982e-02,1.369578539934061118e-02,-6.355873118719135295e-02,-3.149322053532668114e-02,3.212694579983971233e-02,-1.103927666761618936e-01,-2.611328304940286130e-02,-1.633773752890027575e-02,-8.246402694796087229e-02,-1.893399264727629525e-02,-1.859918981860919987e-02,-6.739418007061565019e-02,3.278170759689430242e-03,-9.541425852654826512e-02,-7.524178420463994987e-02,-8.325951061973835277e-02,-1.942473897399638397e-02,-6.743956806239018165e-02,-4.797559116360120002e-02,4.745328270805339310e-02,3.183851899623958703e-02,-4.217363621992881173e-02,-1.182931484697790497e-02,3.330983360839458174e-02,-5.562059750247103085e-02,-1.391600197696974718e-02,3.343155921501846616e-03,2.144925973966577831e-02,3.929538031013152938e-02,1.864107578850463659e-02,6.065085444361732053e-02,2.338076479128176934e-03,-1.201012738056948630e-02,1.021216582019838781e-01,2.685183542041780572e-02,-7.912574128474035573e-03,-1.765363344513577390e-02,-6.962439112620615045e-02,-1.013663766458171162e-01,-3.496527186746378746e-02,-9.094214198542807659e-02,-1.163969112457179447e-02,9.108898396867189107e-02,8.412334282225600313e-02,-4.013362959791975416e-03,7.469122016311745271e-02,-2.283019905565479915e-02,1.258410671621694454e-02,-2.940509809889609374e-03,-2.226658966003229947e-02,-1.030264845573744883e-02,-3.458238851819111365e-02,-5.202293129571220051e-04,2.449894121581261408e-02,4.094273255703087012e-03,-2.565934263208966351e-02,2.497296315777908574e-02,-4.377634744039250042e-02,-3.927004431616613889e-02,3.200750141274335409e-02,-2.192544646431034833e-02,1.744913053634529823e-02,1.304401143449454049e-02,-6.649037163173015033e-03,2.128668878469023792e-02,2.502730253999299603e-02,3.368342481579812697e-02,3.240250622502202638e-02,1.690256301636249708e-02,-2.024763278080677492e-02,3.937351778666356439e-02,7.118623631793652429e-02,1.731975791940514042e-02,2.843457896040152769e-02,6.639404107014301726e-02,-1.350127118618354820e-02,-3.509157314864556898e-02,2.381348845806456269e-02,-7.218683267444211786e-03,4.080483156226594361e-03,-3.257176092990425337e-03,7.691458694057970447e-02,1.798149304993481440e-02,-3.419046251402883124e-02,9.603563395309063985e-03,-4.117853487498199933e-02,3.128911839284717958e-03,-2.914598005681637294e-02,-7.643853825986351991e-02,-3.656726788990225657e-02,-4.832002834382800871e-02,3.887436686558876781e-02,-2.696189526074790552e-02,-4.156070191090148469e-02,-4.868908351996750067e-02,-2.948457438791941138e-02,-3.616305721229456233e-02
7.229710220451089631e-02,6.094387244930207087e-02,5.748358484366151294e-02,1.280671755961879932e-01,1.563639427926019621e-01,1.287988230222458230e-01,2.092863483457721718e-01,1.000000000000000000e+00,2.010517672786984178e-01,4.475085960967785659e-01,1.805768883262669211e-01,1.266809828474740329e-01,-5.766714375656063069e-02,-1.516029722415866698e-01,5.151928534497956375e-03,-4.825518859761734197e-02,-7.172496208201133150e-02,-4.401586886870383769e-02,-8.371840334797325811e-02,-9.471981052027071690e-02,-7.508041867388087764e-02,-4.076906076793859052e-02,-7.332413065869138047e-02,-8.733021662504683591e-02,-1.178000880211807141e-02,6.195154437628539595e-02,-1.047297694458010006e-02,-8.582154035341638121e-02,2.867640272716727098e-02,7.792033615318083833e-05,-4.699669398810352172e-02,-5.204565234237910204e-02,2.633904017275901302e-02,-5.901060634789073722e-02,-7.550070567935576737e-02,2.712513373353716423e-02,1.392962917519069942e-02,-8.269472103931667373e-02,-4.786177936693668256e-02,-6.451110874990259592e-02,-5.839127451542604902e-02,-2.656806642092538959e-02,-1.256974148588263680e-02,2.442946847943601452e-02,-2.823448997046782219e-02,-2.380527836306525064e-02,4.966939868278381215e-02,6.546048948870313543e-03,8.728334990686339306e-03,-4.039510922359904337e-04,-7.269259940623840066e-02,-2.478405713054332785e-02,-7.877901167377655833e-02,-1.443143244976623218e-01,-1.180604592914115750e-02,-5.410843865345198178e-02,-1.211067160005055154e-01,-8.477218808145799145e-02,3.943526650072860275e-03,-9.200797518180083012e-02,-6.234760470056448928e-02,-5.984150197749788479e-03,2.527433358688646256e-02,-2.941053986772845796e-02,-4.166211837853735916e-02,-6.321643563129435150e-02,-7.310571239566840407e-02,-6.284589188319482378e-02,-5.440772832080474630e-02,-3.558747933589629514e-02,-2.676426430302241560e-02,1.252597963932150678e-02,-9.823348212647917480e-03,1.919978328245427286e-03,-8.148038065693164259e-03,3.932929762264848750e-02,1.598950436582867451e-02,-6.148592756413785027e-02,-1.774342047973057404e-02,-9.805221731460167511e-02,-8.305979157171421157e-02,-3.735109160273412249e-02,2.971832573736991716e-03,-4.062160958392222604e-02,3.516755938249757282e-03,-3.479854319955787145e-02,-1.136815039819593504e-02,6.856407253438562277e-02,-8.688362664762892124e-03,2.339627127720867242e-02,4.506742624409291326e-02,3.051190203762566347e-02,7.483302651421763589e-03,-1.694467490185861541e-02,2.734155261488402031e-02,8.665212540203391656e-02,-6.349140436000576260e-02,4.453095030071008847e-02,-7.458012488457604894e-02,9.291403919980135637e-03,3.405792477522492923e-02,-3.489483721885773960e-04,-2.487540852299677252e-02,5.890224540198565895e-02,7.646802565746219082e-02,1.000778059306259432e-01,9.024710420359334517e-02,1.255306973987127539e-01,7.464693242313723276e-02,7.194604639306004246e-02,5.383849102395834446e-02,1.084746193328969821e-01,2.664814546797571182e-02,4.718182085042409157e-02,2.308332829835687758e-02,5.283082571460435278e-02,2.035307720712034238e-02,1.029709125046177759e-02,7.753925721411339400e-02,3.087379730979020881e-02,8.993489075038473002e-02,4.948507911278562238e-02,3.576111046413436335e-03,1.247115665988762431e-02,4.454174073709257775e-02,2.032215877447860614e-02,2.777041155534405378e-02,2.045178592084131997e-02,4.183736341782384044e-03,6.837535358133225993e-02,3.044053690915182395e-02,1.375351997975825524e-01,4.637252000948789005e-02,4.285376689765908048e-02,2.424125933539001201e-02,4.914038324840164229e-02,1.389400792736380195e-02,-9.714917270129658222e-03,3.832851205993353244e-02
3.321732247814161015e-02,-3.407768370157788357e-02,6.970331998531723028e-02,1.234049177061360275e-01,7.158247001825746025e-02,1.557931397881047730e-01,1.302292812094972552e-01,2.010517672786984178e-01,1.000000000000000000e+00,2.153224229519440369e-01,3.670850330333804701e-01,2.619811487452361129e-02,3.567156596203157476e-02,4.485877364204876420e-03,9.064062631186158014e-02,-9.546885328643016247e-05,6.567630451496243860e-02,3.148925603777357612e-02,9.058872582724206146e-02,9.877751422536940051e-02,8.186018851139197083e-02,1.030045915400303914e-02,1.742622169391849427e-02,1.369878044698279451e-01,-7.235418786230645230e-03,-7.673787661467056098e-03,-9.760952987518160817e-03,-2.359642410704502341e-02,-3.308058421866712229e-02,-7.567899103361516722e-02,2.387097414310267868e-02,-6.714949353491915518e-02,-6.740967692135063638e-02,2.240610259944158730e-02,-9.090562174923022196e-03,-1.333409806129231753e-02,-1.925013896221972054e-02,-9.621857962319478597e-02,-6.266301583221334237e-02,1.228390796947050924e-02,4.214369843774348062e-03,-4.411036058990396719e-02,-2.571009158527290395e-02,-5.298142419055280883e-02,-4.807826240535644641e-02,5.990550320626769620e-02,7.909511688645487482e-02,-5.963234500918636327e-02,-1.752253899057899106e-02,-6.849002400600398555e-02,-9.466821774975486825e-02,-1.201442865338042537e-01,3.055139130540777959e-02,6.206590805769314489e-02,-1.412876869578157460e-02,-5.877577148330104251e-02,-1.472768229553536035e-01,-5.929960309666942181e-02,5.224120876501176652e-02,-1.187594877047929848e-01,-1.526707502422965101e-01,3.252808451731369153e-03,7.090799669806874955e-03,-4.506257369941242541e-02,-2.601913940149871290e-02,-4.808280168720256015e-02,-6.546010040093701299e-02,3.528588807855564252e-02,-5.616818595927744462e-02,-6.498782461091785236e-03,2.892642338946723249e-02,2.944968610087213626e-02,-2.851664226041982289e-02,-3.830905830366748005e-02,1.326184612956688574e-02,4.822429556761911179e-02,7.670195063432944105e-02,4.049577792442904389e-02,-1.111157381527461997e-02,-1.267958853575320254e-02,8.732297520695683768e-02,2.387329662818787369e-03,-8.845361920458816307e-03,-3.083048601295956814e-02,6.153855393312789718e-02,7.154564496046492139e-02,4.541364217945643295e-03,5.794020797418972940e-02,7.175211757388022527e-02,1.919312192784249083e-02,3.188692729606839443e-02,4.140332424215488472e-02,-3.265131103131990731e-02,-6.761770777392163423e-02,-5.517575692446580193e-02,3.244570308497476269e-02,-7.364451723346247813e-02,1.477514587974149314e-02,-1.312577785747540138e-02,1.388661028392413482e-02,2.027338086828118710e-02,-2.065904560878845803e-02,-2.820133931740941013e-02,5.520425905573426995e-02,4.379412677073501320e-02,5.008798532741640108e-02,3.182183844933410971e-02,4.233909771174924896e-02,2.588450743333719009e-02,-3.815873219633109104e-02,-5.283094350667085631e-02,-1.142480787660238306e-02,-5.174843202759369515e-02,-2.576630143445979987e-02,-8.816324646832407463e-03,3.347538762175892441e-03,8.601433115755124925e-02,-5.108485416773850089e-03,-1.328002687692659591e-02,8.414236380706087426e-02,1.676788942869972612e-02,5.506793501010407571e-02,-1.133921568592126741e-02,4.154460328548993664e-02,8.310341560891383594e-02,3.887794128012257711e-02,4.085672254500976458e-02,3.727577166347347502e-03,9.882678176474394768e-04,3.769860487933593407e-02,-6.554611661809600295e-03,-1.745883030360143723e-02,5.191931494768256550e-02,2.568975427249614932e-02,-7.202027685404789950e-03,-3.638858715654138404e-02,-2.203292080443190748e-02,-4.434187912770640172e-02,-6.306988201013336015e-02
1.582004479589099177e-01,5.386724829940214843e-02,1.487692377076729744e-02,-1.968709552959081645e-03,1.862634895964861495e-02,6.438519159256143182e-03,-3.864505068558808654e-02,4.475085960967785659e-01,2.153224229519440369e-01,1.000000000000000000e+00,4.528271219368285028e-01,4.100825464180685165e-01,1.497853266979199960e-01,4.793642393699613924e-02,5.946986613357755497e-02,-7.538507314028104582e-03,1.539996467832462600e-02,-4.109589068578588245e-02,-7.261681108537694496e-02,-1.045332524553313075e-01,-3.289118505408559351e-02,-8.038545503855769325e-02,-7.888134218844797263e-02,-5.044526911849644274e-02,1.511224652780196638e-02,-1.917981616479890947e-02,-3.439338175998012809e-02,-1.133659731951931204e-01,-1.355416550658523900e-02,-7.156374291116196495e-02,-8.618184562016671657e-02,-3.642828011183565223e-03,6.899767776362770999e-02,-2.254311898182914317e-02,-1.015606938483848976e-01,-3.602065066397136528e-02,-3.198139257996346352e-02,-1.700755848295333883e-01,-1.199192401083262610e-01,-8.320664301912635008e-02,-2.258754159552942703e-02,-9.079799795602789755e-03,-5.750928678345011008e-03,4.621805143185402781e-02,6.076152532915726073e-02,-7.744401675774639088e-03,5.804999732972562082e-02,7.591124203281703064e-02,6.373455281694639929e-02,2.578634333273509618e-02,-3.398630054262304773e-02,-9.613156994359031704e-02,-9.641761831498950330e-02,-1.012822998827167392e-01,-9.796609277665929705e-03,-6.030195455226983192e-03,-1.889799220031576632e-01,-1.142101498203081794e-01,6.746380610284494206e-02,-1.159847989402778695e-01,-1.153397941477764116e-01,-9.964208470236317339e-03,-4.270380858275580477e-02,-1.348275598983422197e-01,-6.765890521072896735e-02,-1.393207236349856548e-01,-1.791742557330583130e-01,-1.135376649307340974e-01,-1.058620392294987583e-01,-1.439134836443209109e-01,-6.632477936801219054e-02,-4.656175485518491974e-02,-8.427179512138942286e-02,-3.872335139233888668e-02,-3.255600676646789454e-02,-5.546321678034056568e-02,-2.456067765079241599e-02,-9.295276188984955001e-02,-1.088731878824978627e-01,-1.328672833363568340e-01,-3.264392036074623832e-02,-9.173185699653631231e-02,-4.699837421704295554e-02,-7.017635738414096380e-02,-1.553247428339323173e-02,1.504184053389355687e-02,2.298460301860670574e-03,1.474673582776915570e-02,-1.746133524039081286e-02,-1.110189628747893734e-03,2.206248979163980342e-02,5.590396288761729886e-03,8.022654578392815136e-03,-3.764877938600928037e-02,-2.983309284070235351e-02,6.215443100977272733e-02,-9.600199154996806594e-02,5.754649901451733274e-02,-1.049761713056888007e-01,3.716930549878157131e-02,7.686717118417343841e-02,-1.085499685023781809e-02,-3.875532861101934484e-02,1.585113929736551089e-02,6.069794010603084267e-02,8.424044068658421980e-02,7.966471459211385553e-02,9.605639137744904910e-02,4.678976640098990447e-02,8.436231902839171071e-02,4.560233821634305379e-02,1.159875929514673637e-01,3.227573114449387021e-02,8.050270124905871405e-02,3.943784706482756502e-02,1.251525400951862821e-01,7.695593464765154712e-02,9.974255204201047664e-02,1.468041220834576388e-01,9.885561511898048603e-02,1.180515223114278478e-01,1.267465532060719491e-01,1.164620621268999505e-02,-2.331950553834718273e-03,8.940689591861886165e-02,6.406101466078337192e-02,2.320784615771516804e-02,4.630586747958296417e-02,4.000531493947501183e-02,9.136140513010816699e-02,7.002904793352306145e-02,7.199385932813068267e-02,1.594073760397691749e-03,3.123081234728386675e-03,-3.302351770835268430e-02,-1.212385837955736075e-02,-2.495722341466306143e-02,-1.315988499376783555e-02,-1.144407887893856245e-02
9.449905200757208190e-02,-3.251559997536011132e-02,-2.023710405457576633e-02,1.934522822352633190e-02,6.357395664828402460e-02,3.455046580581212085e-02,-1.248053202239666898e-01,1.805768883262669211e-01,3.670850330333804701e-01,4.528271219368285028e-01,1.000000000000000000e+00,3.105492727932037123e-01,1.933193168831408015e-01,9.729117301487959224e-02,9.085630807468381143e-02,7.968109767127065993e-03,7.194214757040974517e-02,6.560902310939163706e-03,6.835726165545383259e-02,-9.573710014900832510e-02,9.739198907743328026e-02,9.033106370592980730e-03,-5.077521682543611331e-02,1.779315167152793753e-02,6.473585832672039408e-03,-2.556474497783469552e-02,-1.097637013254149129e-03,3.805989274865789057e-02,4.123822461567287767e-02,-1.490702613692269311e-03,2.352642190226920255e-02,-2.130156962439057333e-02,-1.653611672307777822e-02,-2.384766550758855592e-03,-7.520808057878161645e-02,-6.235118009374893133e-02,-4.502154321629269623e-02,-9.253809401876302021e-02,-7.219803100511743010e-02,-6.093583864336819854e-04,9.280470622867544733e-03,4.041589228180364306e-03,1.237589880487258327e-02,5.432370717903811652e-03,7.385626431153791138e-02,1.789191184967701270e-02,6.518547491960439977e-02,2.490831184574098314e-02,3.068616124149240940e-02,3.542038487693013535e-03,-4.400473750506650461e-02,-1.149164824856098444e-01,-7.264530872879972068e-02,-1.560958100009346948e-02,-2.523101350126150978e-03,-4.209864200251546562e-02,-2.145060510929759634e-01,-3.670940542751484348e-02,1.109989362314839495e-01,-1.366002237443476874e-01,-9.290839534370909369e-02,8.083226590453646693e-03,-2.159087910588700435e-02,-8.834907278700068756e-02,-7.252053276661758752e-02,-1.029107324809965807e-01,-1.023331839624198741e-01,-2.914699987874882700e-02,-6.507622965608184096e-02,-9.888092861703622061e-02,-4.875449235351864835e-02,1.545634209754202099e-02,-8.020878698263408935e-02,-6.026828818389467352e-02,-2.087467675029093528e-02,-3.824375830080216365e-02,-4.300000500436353817e-02,-5.890466152744334299e-02,-9.971796041802474808e-02,-6.606076638179765592e-02,7.400960442291006081e-02,-5.694941925103736563e-02,-5.365308772017791938e-02,-6.873954943703011744e-02,2.606891591640168176e-02,2.206962938831825288e-02,-3.331488807526279683e-02,3.124153739247300700e-03,3.472868340271241527e-02,-8.804938398557839510e-03,8.169238460403795143e-02,6.463691105447184893e-02,2.919486457428263973e-02,-7.781535140648117299e-02,-6.415261536467586900e-02,2.056957592808761337e-02,-1.291412668374804229e-01,4.581186564414149731e-02,-7.788785509914848693e-02,3.234109425499186868e-02,2.538878803903361209e-02,-5.993078556930030859e-02,-3.097311182992233333e-02,3.733433016378069451e-03,2.805356650208523303e-02,5.070120818663549633e-02,3.211051793086339146e-02,5.012816329375016644e-02,9.056517016202870682e-03,-2.319284995152225137e-02,-2.451186659704419554e-02,2.433238649068507689e-02,-9.581298230523511983e-02,3.434535796477855563e-02,9.697249775003649597e-02,1.052875635104056906e-01,1.123998374216371998e-01,1.364869515648882148e-01,1.098611697672198517e-01,1.935077975384720539e-01,1.598084150993231145e-01,1.173410843011111759e-01,4.824902780816747727e-02,1.622958817803264731e-02,1.082135796776904357e-01,6.803098434497832636e-02,-1.052424936745415332e-03,4.730108530619302198e-02,5.300987367842928399e-02,1.038681537213968498e-01,4.853822059089707430e-02,3.998277463450916613e-02,1.260219496271732659e-02,-1.945821936778928396e-02,-4.762625857582106388e-03,1.345467564619347127e-02,1.241661993813678380e-02,-2.189993332732721384e-02,-3.755809939251086166e-02
