1.000000000000000000e+00,3.968924619889013239e-01,2.679096841091377912e-01,3.054219737468290008e-01,1.027610784203682737e-01,1.517931943349481172e-01,1.386492107644816119e-01,3.383663421562887325e-03,8.173488983502194202e-03,3.625634490898601431e-02,8.458882663100288080e-02,6.489216726621224729e-02,1.157437390352403922e-02,-5.251015970824012696e-03,-2.962850468074654502e-03,-4.341834643409074601e-02,-5.657754345781842303e-02,-2.099085950983605592e-02,-3.779024400430244096e-02,6.095054718526346851e-03,1.082561778307406485e-02,-6.604654349932961854e-02,-4.681690002260940897e-02,-5.663276734423548786e-02,-8.003903888077248951e-02,-2.315630378899954586e-02,-1.060161491607774890e-02,1.308008526181801863e-02,-1.945986788848073912e-02,-3.826821486818114681e-02,9.942221637027766692e-03,3.225696346728644612e-03,-1.822906228511057131e-02,2.180689879083281060e-02,2.223032712087341135e-03,1.263961928733457751e-02,-5.940342904288032841e-03,2.221482399005466485e-02,-1.973921982005994932e-02,1.694384642433107227e-02,-5.511101282068712158e-03,-4.309207193773129801e-02,1.938085918777186431e-02,7.033676050637950421e-03,1.988466623241218548e-03,2.572273151414553385e-02,2.234109895487840225e-02,-6.753148304852694787e-03,-7.490427590239399046e-03,-9.394664218036296102e-03,-2.677717984671814169e-02,-2.360644472399982610e-02,1.326821337956358635e-02,-1.388446407789556067e-02,-5.653473958626160228e-02,-5.216010942008938826e-03,1.989833848179800233e-02,1.745455535346479310e-03,6.789301542386164817e-03,3.999340825655763737e-02,-6.554944222084017023e-03,-1.095850860975263082e-02,1.451330812982758699e-02,-1.413038655039973619e-02,-6.538930678631350857e-03,4.216605799149948652e-02,2.307341190503164538e-02,4.039558447218161152e-02,6.740754504938271593e-03,3.678174769201221495e-02,2.483559867355059937e-03,1.272244564561622604e-02,4.789090614623735774e-03,-3.223542182031029213e-02,6.559495243507152198e-03,-3.531028508213936937e-03,-3.400580522972135311e-02,-2.689527837565489077e-02,2.979412725840157108e-02,8.689461019438295478e-03,-5.921572092593242048e-03,6.647225013501024959e-02,4.877934938668850029e-02,2.909886638670623055e-02,-1.816092879189304746e-02,-1.850508214409525565e-02,1.709881697810090168e-02,-1.488161941202268898e-02,-3.765121868649901060e-02,-1.568922349302480715e-02,-1.361128701523011547e-02,-3.415899911071231670e-02,-3.355976177682635370e-02,-1.527756924712941888e-02,9.827050378351260412e-03,2.602377025320356044e-02,6.790591947796381644e-03,-8.030085906205255974e-03,2.286453659469895802e-02,1.733587652692841763e-02,2.053155366101634335e-02,-2.851227932502602494e-03,-1.409726348744457132e-02,5.349377916301404051e-05,1.829308972908502348e-02,-3.280770774115534388e-02,-4.346132582357545293e-02,-3.835378474212894611e-03,-4.046625402090667928e-02,-5.730233189282460393e-02,-5.498954066355001002e-02,1.237712552093786457e-03,-1.309666711833303802e-03,-4.866924554581471794e-03,-1.714177731570483768e-02,-3.002814611929725819e-02,2.761910598364386918e-02,-2.654000137043008647e-02,-1.924456945687038831e-02,7.363452114539786875e-03,-1.829218479983297325e-03,-2.498179337878992171e-02,-6.433565106503945363e-02,-1.773705503139014379e-03,-8.213888373197461568e-03,-1.512595864118485879e-02,1.068047161398835883e-02,1.745119192492410390e-02,-3.750719929528340685e-02,8.703881901029893176e-03,-2.342015260652287670e-02,-6.417381922851213283e-02,1.777458255766596606e-02,2.128167756336642180e-02,-1.319800404353129418e-03,4.116007516524589245e-03,3.507853172528135194e-02,3.627901131341877000e-02,-1.391352184762341491e-03
3.968924619889013239e-01,1.000000000000000000e+00,3.542350638289605835e-01,3.214368519028656945e-01,7.228182748023688486e-02,2.856802449086058848e-01,1.993703017715548753e-01,4.590606790113390540e-02,9.478665474694698834e-02,3.104050246731079876e-02,9.494117594620066214e-02,1.196609835039783298e-01,1.900835002244419605e-02,2.108864056202687520e-02,-3.730245292825874748e-03,1.995084887366523410e-02,-1.598026878539535178e-02,-5.836786185260084241e-03,-6.534691112383168854e-02,-7.752897297266181202e-03,2.258557628253885299e-02,-5.988750883158776989e-02,-7.531867121270599714e-03,-2.597868747746385695e-02,-4.368736739529528040e-02,-2.688974911396098053e-02,-1.183957749706174289e-02,2.649059883699009937e-02,-2.136091636560010984e-02,-4.041663002667808535e-02,-2.327266182667126274e-02,-7.050899009338971448e-04,-3.333469976488531022e-02,2.077025953549295478e-02,1.726644847760684665e-02,-1.618022424087450784e-02,2.723218672829088444e-02,3.186148895480731685e-02,-1.862395172952120703e-02,-3.292984547767545400e-03,1.209706298881567214e-02,-8.499737505264871873e-03,2.646938665117375827e-02,3.657654485516748100e-03,1.921435442107979332e-04,2.861564433159820980e-02,3.603835282166789611e-02,2.072474762149954190e-03,1.568841048987388090e-02,1.378892930699637288e-02,1.189786980228599994e-02,5.395171390448093816e-03,1.284824755810547864e-02,-4.264795381655611672e-02,-2.780736516394879607e-02,2.155505496799691497e-03,-2.312906792773886805e-02,2.184434412580676076e-03,2.225123313848706777e-02,2.237475097718306938e-02,-3.035621943942944795e-02,2.436175943348838080e-02,1.731205618410234029e-02,-2.740637167320498016e-02,-2.499445518595383442e-02,2.954621953319701982e-02,9.756855133678769484e-03,2.990172764916883275e-02,-5.824383410377161757e-03,2.386006615175695691e-02,-1.305303478357572669e-02,5.544720199303450336e-02,3.855094699249338869e-02,1.502523159629957222e-02,3.042359823469289667e-02,-3.278205030156349647e-02,-3.098121330155268957e-02,-4.843641831511201479e-02,-1.613117163281714908e-02,-5.211656751047824554e-02,-3.419822984875627025e-02,1.874708749404688235e-02,2.968087816724388275e-02,-6.133339089736989345e-03,-1.320426852731569969e-02,-4.564026401068414784e-02,-4.060618030636818643e-02,-1.215866980589818715e-02,-2.248610291955695575e-02,-5.901959133590729822e-02,-3.825851252780011064e-02,-3.206020827326980932e-02,-4.045477708758393742e-02,-2.183487474438591813e-02,8.731689624706381186e-03,-1.534087004244522913e-02,-7.701865331392290792e-03,-3.029500763421431615e-03,8.367950038708731400e-03,-2.860749103564671700e-02,-3.062503987781429321e-02,-2.179602750133726244e-02,-5.811351431255020600e-03,1.728600096098327835e-02,1.417602167594426282e-02,-1.827377812609051744e-02,-3.312197244939214108e-02,-2.819003562420955341e-03,-4.008478716318839702e-02,-4.372545718017061683e-02,-5.086750632526317040e-02,1.015052235281490439e-02,-2.753773304102553540e-02,-1.972551334789937258e-02,3.026861232909209068e-02,2.817099479871825254e-02,7.036279577987597511e-02,2.800521034292419859e-02,-1.350107885081776662e-04,4.322047744103275219e-02,1.244746780944318461e-03,-1.030303225590204798e-02,-1.860235146263956169e-02,8.961546047913389323e-03,-1.746848204515724298e-02,9.553196634296276871e-03,6.767796045145847532e-03,2.147993785059154268e-02,-1.112756371732793667e-02,1.328612176573899448e-02,-1.972121460239088797e-02,-5.791760613057635870e-02,7.504236454683260726e-03,-6.221905854816862924e-03,5.683251424034753765e-03,2.416313728740142894e-04,-6.382289854318497213e-03,1.556635395393299835e-02,6.217514878209569676e-03
2.679096841091377912e-01,3.542350638289605835e-01,1.000000000000000000e+00,2.927379366977811981e-01,-6.141042435814979966e-02,2.207261930975116804e-01,2.064443815550695283e-01,2.289921951123756461e-02,6.813225982528467450e-02,-1.017692806620197621e-02,1.717351667743277632e-02,9.386589015918797574e-02,3.443562389082007597e-02,-2.273541614922283682e-02,3.820668464403822410e-03,-7.806524599782537453e-03,-4.282962286791944240e-02,-5.380543646777321415e-02,-4.709046402731419806e-02,-3.289623160273933561e-02,-6.619702004431353599e-03,-8.838658848075858776e-02,-7.928795754359410641e-02,-6.315543531052361659e-02,-8.770152660253649479e-02,-4.457757771972766653e-02,-3.942555359287217009e-02,2.714619573809687672e-02,-3.839664050376155602e-02,-7.964017153578337171e-02,-2.846054724531834820e-02,-4.335562227725873151e-03,-5.386086204982026143e-02,2.578951058513532027e-02,-7.298298516916198152e-03,-1.469902584378975779e-02,1.379181191897475714e-03,1.308630132179776188e-02,-6.786469305424398281e-03,-1.089126278779879720e-02,-9.418417300020267419e-03,-1.024476291136264608e-02,-1.424030880641459842e-02,-1.652365623977449655e-02,-5.499217355314750533e-03,-9.191125529990188531e-03,-2.659440037459214964e-02,-3.824846563414045775e-02,-1.481457079817662115e-02,-6.309041747649019559e-03,1.294639656108124114e-02,-1.154638941159458025e-02,4.906008615320510413e-02,-2.859598043465010411e-02,-1.675971499865995876e-02,-1.361525969021773474e-02,-7.220293900755160588e-03,3.532643337726917854e-02,4.554766047851163159e-03,3.493124270219839095e-02,1.206877413959978225e-02,2.313100675527064373e-02,2.191250427247075708e-02,-2.744112637445378367e-02,9.808064630250454274e-03,7.626525060192351768e-02,7.597166170907490579e-02,6.845722037177845443e-02,1.021339842243441931e-02,5.265161041142398662e-02,-1.174635773122345399e-02,4.520766952498660868e-02,2.202841568316501325e-02,-1.050630520201228978e-03,-2.892111085845666674e-02,4.711465334928174355e-03,-5.328877243120482173e-03,-3.710922097835787220e-02,2.359532463049234322e-02,-3.423187281737708615e-02,-1.126747157297053152e-02,3.950468390275280878e-02,5.998925604278831925e-02,2.634085040810592998e-02,6.446148251790367704e-03,-5.535229239155172593e-02,-2.434500333355181512e-02,2.505324840782328054e-03,-1.267602062344487177e-02,-2.059352380280678879e-02,-3.563869485171642509e-02,-2.494844632825683750e-02,-3.129538562760376258e-02,-6.189729837777316855e-03,-1.041632344417029073e-02,2.102840588866048549e-02,-2.266847528224693112e-02,-2.654556028972038240e-02,2.198084963819173579e-02,-6.212926292125535476e-04,1.312195438534796352e-02,3.539414690797267754e-02,4.001359253575146463e-02,-1.228825671683887906e-02,-9.552160799892062820e-03,-2.172511366603645938e-02,-5.988691564451162005e-03,5.581290746948274623e-02,1.943753152404597770e-02,-2.632287845554179273e-02,-4.107113989402562393e-02,-1.905848685528892250e-02,-3.473876155484235256e-02,-1.924843776779956023e-02,3.064875128463917867e-02,9.693203537567971970e-03,4.290463772950960097e-02,1.843355907989075240e-02,3.808895579385464161e-03,4.016953781132565765e-02,2.162134593429642510e-02,-1.410022595959477612e-02,-9.612828494881078822e-02,-9.035151677025163308e-03,6.139002021828783746e-03,1.093726918105472103e-02,-5.744283198378915059e-03,4.421879578665643268e-02,-8.763944157618266603e-03,7.158336953506091310e-03,-3.731038628571146237e-02,-4.517465124313883862e-02,4.078732406328213975e-03,-1.020809531115949090e-02,-1.492315312329030612e-03,-6.752749080994893682e-03,2.943086892030216326e-02,5.530346316468819252e-03,1.042261298072513125e-03
3.054219737468290008e-01,3.214368519028656945e-01,2.927379366977811981e-01,1.000000000000000000e+00,3.354078854771273543e-01,4.671212060603249228e-01,3.287035184210897465e-01,1.317163967103211208e-01,9.240528776550870071e-02,6.884887840892404964e-02,1.423046660999996715e-01,9.490783416779920156e-02,6.335347757782196221e-03,3.810694480524298711e-02,-7.307669100164325762e-03,-4.045755331804199080e-04,-2.606382577447178064e-02,2.549139584544661205e-02,-5.223334632652522347e-02,-5.481489140834608365e-02,2.069774158271416725e-02,-1.197253711427164607e-02,-5.921328603064990315e-03,-1.218794740090291262e-02,-5.571529360136354830e-02,-7.827285002225792265e-03,-2.656822532062292491e-02,1.266842446982055503e-02,-1.022915350911350260e-02,-3.044663550555951406e-02,-2.342093047325088939e-02,-2.396523020201759419e-02,-9.977645758510143847e-03,5.717905151942116043e-02,2.576279840813493205e-02,3.304443715785442687e-02,-1.232569901708100747e-02,-4.395428560757179241e-03,-2.191800700134691800e-03,1.673456046272472214e-02,5.379207258831188165e-02,-1.431302719868509342e-02,-1.657797042747116700e-02,-5.219928244394563162e-03,4.798907219731759523e-03,1.786779566242576930e-02,5.473859261164828235e-04,1.012142581895774697e-02,2.209695004061173335e-02,1.573218332787599746e-02,2.272124689388382857e-02,-1.531823862100564738e-04,3.231366795783800760e-02,2.845406806130895347e-02,7.814081485511348638e-03,2.133544249250768007e-02,2.328219136083332919e-02,2.726610930114578904e-02,4.421848356996721519e-02,4.696138682430843481e-03,2.498975431533428417e-03,4.605638710686620063e-02,3.254018118520542180e-02,-5.661672634097378309e-03,2.486691245067273320e-02,1.975291498802662915e-02,2.669981654535429766e-02,4.229113156937260032e-02,1.588104380856707187e-03,5.850968909981350830e-02,1.957994685395313128e-02,3.195368846001134938e-02,1.022565564807508161e-02,-8.110144481816169981e-03,-1.389836158430622550e-03,6.356642204609269653e-03,-3.253532634918356731e-02,-3.647766546849663671e-02,2.979355666020660869e-03,-1.760605353743448925e-02,2.305562273392696218e-02,4.149019747708799360e-02,5.222360585764471153e-02,2.315329437243281163e-02,-4.298512048009014291e-02,-6.926899259177988349e-03,2.403738601682059439e-02,2.242566110349118388e-02,-2.079406610402186398e-02,-1.860753053082995698e-02,-3.027960340788701105e-02,-3.384631019300966565e-03,-2.028486734290978200e-02,-2.063020773292425711e-02,-9.479918645293140475e-03,6.050721092437261195e-03,-9.564635317967154493e-03,-4.203060047819009992e-02,6.192950788155056861e-03,-2.684818952106037080e-03,-1.513441545028986271e-02,-2.206074099198211680e-02,-1.544334872145647353e-02,-4.596065307317142440e-02,2.037798416353936090e-02,-2.060467932535406735e-02,-4.521572133407988393e-03,-1.094934811139168518e-03,-1.140776310682900530e-02,-3.500774193400139206e-02,-5.161418225888390193e-02,-1.518471859727895529e-02,1.234939323121404288e-02,-2.748427339202028086e-02,-2.536959199265579126e-02,1.003428313003276381e-02,2.970676022662833635e-02,-1.110893477486335143e-03,5.334121690635316125e-03,3.330136511419463236e-02,-1.115608521083894314e-02,-2.291769500215724495e-02,-5.760857652791224331e-02,-2.597212011557752803e-02,2.059083810470200768e-02,-4.091078074983682533e-02,1.218286689296740020e-02,6.444135759531159635e-02,-5.743337906841630702e-02,1.066784392953428785e-02,-1.399128889729018069e-02,-4.170801483098007106e-02,-3.260198744009380062e-02,-2.670708238354516442e-02,-2.612448096860063573e-02,-6.811892426763709388e-03,-4.099034487703502247e-03,-1.620828765451446957e-03,-2.121723012634587832e-02
1.027610784203682737e-01,7.228182748023688486e-02,-6.141042435814979966e-02,3.354078854771273543e-01,1.000000000000000000e+00,3.726944966446058549e-01,1.443671336905648084e-01,1.728214325188169864e-01,6.841619693485601061e-02,1.055199030394551457e-01,7.273841379541554075e-02,1.922879690386713894e-03,2.490379578753533496e-02,7.430696831213201570e-02,4.663645634860705269e-02,6.496931527743357582e-02,8.230740659990148922e-02,7.007980443557795813e-02,1.775847334893940546e-02,-3.881085668751249607e-02,4.345547949804928062e-02,4.577092050329016615e-02,1.548896804386389915e-02,-6.589112975076022796e-03,-1.989998808193606944e-02,-4.816212862940658437e-03,-1.677371169011086446e-02,1.923411001994909100e-03,1.302484879457995598e-03,-4.239561831579512913e-02,-1.461978193430240811e-02,-5.959049198503097756e-03,4.840915397432559580e-02,2.444535255640435320e-03,2.102094775754870595e-02,7.195261617108293650e-02,-1.358075069789728244e-02,-4.169538869077710902e-02,3.370852006874180268e-02,5.755012447980678569e-02,3.303188303377640328e-02,-2.767039618002999427e-02,-3.707076367687413190e-03,-2.797508253094881450e-02,-8.753527352769996037e-03,-4.253249848877303091e-02,-2.486890192152088966e-02,-3.510228901064262746e-02,1.489383477027195028e-03,-1.023216379024141989e-02,7.550697140784164152e-03,-3.944301536007584555e-03,-2.154333840243188858e-02,3.913179459545991501e-02,-3.731119347265669968e-03,5.743173739104773766e-03,3.569888872744126501e-02,2.557139634103450243e-02,3.296565187311593925e-02,1.172342353664031396e-02,-6.549943081541763704e-03,1.108469906589024112e-02,9.109110727501767936e-04,2.710568982335859883e-02,3.261888512857948931e-03,-2.605385100445769403e-02,-2.085777506455529021e-02,-4.542975243026117771e-02,-2.161208952613587891e-02,-2.859766477605285920e-02,-4.300065595857583550e-02,-4.589051509705210224e-02,-1.287827945365132253e-02,9.327164818216833464e-03,-3.838458942286310238e-02,2.002391071600202396e-02,1.541305483909016782e-02,-1.689512347876931733e-02,-9.925603554642054363e-03,-4.791345482353660812e-02,8.716470828070917859e-03,-1.915511054511385286e-02,-2.668403294617750082e-02,-7.716642194178102536e-03,-2.772795548254712583e-02,5.163272571960755147e-02,1.805891140693401467e-02,-1.365036608654389416e-02,1.597691897830978876e-03,1.186159708392826861e-02,-9.055506471914539406e-04,2.632024863410896420e-02,4.603918475477976682e-03,-3.477012276609078162e-02,-2.368912477653666721e-02,-3.294389156629404236e-02,-1.451526329822737556e-02,-3.041345006373213922e-02,6.059905586719093427e-03,-1.330866130135241812e-02,-3.864768515116999426e-02,-3.556276248421169628e-02,-2.313300318429411043e-02,-2.438066089355298005e-02,4.427021080236728801e-02,-3.342251289072381559e-03,6.596819879331961012e-02,1.141082055796787190e-02,6.373451449437828042e-02,-3.711751522270777086e-03,-1.728123965988630217e-02,2.703241097758256242e-03,5.870976063561793995e-02,-7.332592555862835551e-03,-5.452118538484369836e-02,2.652828586294606050e-02,-3.299459438258628419e-02,-1.986387935531245402e-02,-2.758461202579495439e-02,-2.036040621767865738e-02,-5.817377574757601200e-02,-4.543039424075155652e-02,-1.860107392865105111e-02,7.528290162396729726e-03,3.181384164587190005e-02,-4.425689515132209817e-02,-5.492784248055659034e-03,1.338409720781528860e-02,-4.185560702378270104e-02,-2.270819650700482001e-02,-2.384800298922622186e-03,-4.009642455426338029e-03,-1.609398729953473786e-02,5.026887736426832558e-03,-3.892138499478698527e-02,-3.225290582817483959e-02,-5.862500261641592075e-02,-2.448686525346100221e-02,-2.718176848727757097e-02
1.517931943349481172e-01,2.856802449086058848e-01,2.207261930975116804e-01,4.671212060603249228e-01,3.726944966446058549e-01,1.000000000000000000e+00,3.824198711693338470e-01,1.990557372466034702e-01,1.739187260809029467e-01,9.426536640855522065e-02,8.166190123926080069e-02,7.854591694984305872e-02,5.491472900315592237e-02,1.110943548317748497e-01,4.950380611512204820e-02,9.350944311107205198e-02,2.353836380679491525e-02,4.670145615138986128e-02,-3.183696926432447172e-02,-6.243110246745068453e-02,4.752485313184947463e-02,2.015613172365258304e-02,1.675284812522053954e-02,-2.388425479838949292e-04,-6.264750634203861135e-02,-2.203846886754805626e-02,9.594509372400625291e-03,9.634680598702895921e-03,-8.117469205584836034e-03,-4.491240891987211686e-02,-2.235196421058891804e-03,-1.709428866804612451e-02,-1.078769093408770210e-02,6.550664623403232301e-02,4.614305829166558820e-02,3.203558762025372070e-02,1.401372768380067593e-02,9.435552033108286774e-03,3.161118951003987626e-02,5.548135375346315706e-02,3.817694907344691690e-02,2.580945633802592728e-03,-1.985980937591809090e-02,-3.604309070343059834e-02,7.609334040239418935e-04,-1.346131790447426847e-02,-8.614977981152958583e-03,-4.463344906275433510e-02,-5.190751452148292117e-02,-1.823224330142064406e-02,4.762753446598120242e-03,2.804326980307397799e-02,-3.378081066420141054e-02,-4.597645847807743658e-02,-1.952815080565118919e-02,4.652758265336736504e-02,-2.147117943003759577e-02,-4.071594019382198532e-02,3.263514362205430230e-02,2.056949878393237938e-02,-3.469090188970138343e-03,3.042001858751614343e-02,8.564163020234199369e-03,3.830127371412694881e-03,1.387088927314803627e-02,3.496995097582363769e-03,1.779648972061812634e-02,6.840021379232718961e-03,2.701207671820736803e-02,3.044830078000513446e-02,-4.033735148106073337e-02,3.337897101603760214e-02,4.512382494507681877e-03,1.711847911410781242e-02,2.411479831311672505e-03,-6.965973685232411394e-02,-4.367510220553943306e-02,-7.165964829393710323e-02,-2.430263770296207590e-02,-6.128270652044830874e-02,8.520190528443678107e-03,2.607603897286205064e-02,5.545462038081628436e-02,2.534273384355086381e-02,-3.970159659864141294e-02,1.144625880212759780e-02,2.319434553515770103e-03,-1.759910822226797705e-02,-1.914412077139271071e-02,-3.264935896836033882e-03,-3.084958409451480851e-02,1.012097696086801391e-02,-2.529204202022329595e-02,-1.206908345871814461e-02,-3.517378740776183621e-02,-1.310930942726358690e-02,-3.487544794240636514e-02,-2.665397822434846520e-02,1.655537217503024947e-02,-3.160996030781686866e-02,-1.578671555294823819e-03,-1.794409693145169321e-02,-2.428463662679128388e-02,-1.541632386876893787e-02,4.152360412737551160e-02,1.227103163085254897e-02,5.481084684937824469e-02,2.426458652324125359e-02,3.847182335577375295e-02,-2.955356222743056940e-02,-3.593485562284246676e-02,-1.778687148626213743e-02,3.358732881246803692e-02,-2.242880547315150019e-02,-3.369919552988972361e-02,-6.423878042792752034e-03,-5.319593341275454142e-03,1.682948137369865132e-03,-4.367959995612451241e-02,3.611116175130530542e-02,-8.387220647606604546e-03,-6.772421961620335440e-02,-5.616023931639341910e-02,4.245007462026281070e-02,4.437879264179990513e-02,5.461240015718275137e-02,4.099629476438854114e-02,7.373643364368000219e-02,1.241342025295411045e-02,1.921508557059360342e-02,7.041224917388223120e-03,-4.729860286773167333e-02,1.181280180497813227e-02,3.527663511576870081e-02,2.155764368751179449e-03,-1.084557916137234533e-02,-5.608042895169246603e-03,1.297412036228921643e-02,5.658869782543033376e-03
1.386492107644816119e-01,1.993703017715548753e-01,2.064443815550695283e-01,3.287035184210897465e-01,1.443671336905648084e-01,3.824198711693338470e-01,1.000000000000000000e+00,3.095068877401296326e-01,2.437664668999173778e-01,2.404873079901917732e-01,1.512489385830121102e-01,1.233847880907995853e-01,1.426052031465309955e-01,1.070705157756019071e-01,6.665823769990117387e-02,6.045325065767916117e-02,2.724442092973661592e-02,4.769397408661084359e-02,2.312802597444983330e-02,-2.587909246154532564e-02,-2.801400921641759509e-02,-3.232928136992249072e-03,-3.002722683248097366e-02,-3.429838521145144037e-02,-6.564593814734422106e-02,-1.944659370347785396e-02,-1.672417789649608202e-02,1.222636350570010556e-02,-1.866098298361262148e-02,-4.002713865643747065e-02,-1.150804185742467303e-02,-2.771640597177237042e-02,-3.143533806535956515e-02,5.026194484002950713e-02,5.291111906074408289e-02,-3.892245262771541411e-03,-3.496538722679129463e-02,5.070597679887149656e-02,1.161540552957437446e-02,6.121371938892250855e-03,1.164789640261918759e-02,3.764884925959984929e-03,-4.073459833832878546e-02,5.949943788585890236e-03,1.097357387104462567e-02,-9.968979768946065016e-04,1.831084326173140417e-02,-1.726299270060334748e-02,2.197764136094966861e-02,2.078979322470927028e-03,2.982693472612990560e-02,6.913761973825768847e-02,-1.145091229728285691e-02,-1.431544181872912609e-02,-2.468432528673920531e-02,2.418141796094715884e-02,-9.125934988248669139e-03,-4.714203939042645175e-02,2.368056024843348355e-04,1.998477941317690007e-02,4.919291815045883504e-02,3.547107104630903285e-02,-1.112521319291183246e-02,-2.964712960926636776e-02,4.566406262726292048e-02,5.196104272486890691e-02,6.562168616396871212e-02,5.505305357295769975e-02,6.267806140981985186e-02,3.974072019517847082e-02,-2.265702375668389099e-02,3.453804773300458292e-02,2.382742608917214067e-02,2.461119630651177614e-02,-9.728458586146449677e-03,-7.148725402094804893e-02,-6.754384627368982714e-03,-3.165250801881849124e-02,-3.471781327955063973e-02,-2.531213623853302563e-02,2.200529536115977333e-02,2.419743312756461248e-02,8.378325516533398354e-02,5.618296167031912314e-02,-1.244864583194298970e-02,2.090597391024062550e-03,1.561515863309768069e-02,4.163905516554955444e-02,-2.666953431085971118e-02,-3.761010280417712015e-02,1.177527643274087384e-02,5.463177330009835048e-02,2.723562417137443195e-02,3.729191551487570644e-02,3.145703356885568708e-02,1.060597281199142719e-02,-2.835756865455094436e-02,-6.061204049424671197e-02,2.008732695835888094e-02,-2.717054811495710903e-02,9.618844391929483317e-03,-4.009044653176092182e-02,-1.929391081849022790e-02,9.714892250695562545e-03,3.926520948856714044e-02,-1.671319197119268407e-02,2.686698404302598903e-02,2.899507214144949122e-02,2.559864067136224941e-02,-3.421697777562723169e-02,-4.439760324437271033e-02,5.579523968546843283e-04,2.698670385109073339e-02,-2.342753390970528024e-02,-5.939188537331364058e-03,-3.452694026795421860e-03,2.721912141327138823e-02,4.147914209091911261e-03,-1.732497121858141143e-02,5.756831353201426194e-02,-3.062962599874771361e-02,-4.889301676198805346e-02,-5.826635738250596219e-02,1.526772485176705694e-04,-1.500365766494819210e-02,4.700182714123807282e-02,1.052755165406290064e-02,5.486795971809240585e-02,1.461296299612257175e-02,-8.065171619842926437e-03,2.861020644984880752e-03,-7.771468749084134431e-02,-3.694038508932884907e-02,2.608016474424543815e-03,-1.501666168143940203e-02,-3.033164690891582138e-02,-1.319521019728152854e-02,-2.117054784631215020e-02,-2.798999058511812341e-02
3.383663421562887325e-03,4.590606790113390540e-02,2.289921951123756461e-02,1.317163967103211208e-01,1.728214325188169864e-01,1.990557372466034702e-01,3.095068877401296326e-01,1.000000000000000000e+00,2.212853753478038477e-01,1.319563189159086436e-01,1.804093342286526847e-01,1.669780547753666466e-01,1.550133358956529428e-01,8.409645729658260516e-02,5.877222809964954137e-02,1.503993083256242036e-01,1.473932397574124198e-01,9.687325690150123958e-02,7.619775895233026064e-02,5.269985678695625342e-03,1.334284043006587865e-02,1.085461339258827693e-02,2.902401957414320680e-02,3.276809919510804969e-02,-1.557087412225195353e-02,9.508762368914763785e-03,-4.557814961665723925e-03,-2.118798304982492248e-02,1.952842894096427223e-02,-1.686017066528152156e-02,-1.972903623425928746e-02,-1.269721067615384863e-02,1.132173029527731509e-02,4.818685093423898808e-02,2.811771691664998948e-02,1.489035300402328198e-02,4.508034532960841431e-03,6.109031803327652672e-03,-1.225585680754695019e-02,4.515742057150536060e-02,5.654790390538651929e-02,-3.447560101694214802e-03,2.942136653687098605e-02,3.833237359428234153e-02,2.244024607581583328e-02,4.033685063810030225e-02,4.026967864882704390e-02,4.034871130413996559e-02,4.450316463096123248e-02,2.329570365859639364e-02,2.780437605180752919e-02,3.848093684281506371e-03,-1.345851870591604355e-02,-3.952999309466777994e-02,-7.290891609240413018e-02,-1.820703046208575759e-02,-2.794600470252529487e-02,-8.068350480406195901e-02,-5.750859818030981674e-02,-2.572973819432011061e-02,2.623930459944512697e-02,1.297191802329336792e-02,5.655589740378699250e-03,-2.758816045645323331e-03,-2.052971335702381047e-03,-1.420091186215633600e-02,-1.121605719695530426e-02,1.503809151790988030e-03,3.872294289506304776e-02,5.328625637648282294e-03,1.406572089492580217e-02,1.672189669065017072e-03,-6.941370173811892488e-03,-2.013040665647267352e-04,-7.981698155736400083e-03,2.343849869783151685e-02,1.457545304259887271e-02,-1.160422970144161549e-02,-5.320729016592353616e-02,-2.436924154402684076e-02,3.377731354122068264e-02,1.021229248612896823e-02,1.813503541907873773e-02,9.209821308470761067e-03,2.886934572173799514e-03,2.552087460842477132e-02,2.098250125941010860e-02,1.580959680786089882e-03,-4.653262017474099448e-03,1.610026828500428497e-02,9.773453717361331450e-03,1.374160822460855635e-02,2.497451653139104032e-04,-3.813090749764258547e-02,-1.306548259388208393e-02,-2.606517766200574376e-02,-9.863526017541411617e-02,-7.960702262130185669e-02,5.136398854370027856e-02,-6.925888491634761557e-02,1.249755846178412198e-02,1.820673027951838843e-03,-2.835132243140077446e-02,1.238152467527347525e-03,2.964361889501323372e-02,-7.673716876657303738e-03,3.835531877257870870e-02,2.328157107934684250e-02,3.282045884410166731e-02,-1.157457789683125592e-02,1.272680067828559081e-02,-1.582473641985687393e-02,1.399350022383225554e-02,2.459128475533176386e-02,-4.736018818708956357e-03,4.315508459198364247e-03,2.089737057712471452e-02,6.061393963620893138e-03,-1.940488202503936471e-02,3.991406552659472473e-02,-3.571686893119604272e-02,-1.346528132045409984e-02,-1.963566150644835070e-02,2.608674449433441567e-02,2.144107381611920146e-02,2.427432045222588722e-02,2.373734921784241905e-02,7.234294130863805350e-02,-9.268622823878077538e-03,-3.001859046901217062e-02,-4.140773682124357369e-02,-3.938874598942368986e-03,2.910580807613652454e-02,6.360945779661284112e-03,4.950876706136221432e-03,-7.954163686654188575e-03,-1.157101496847316030e-02,-3.055764713494079840e-02,-1.147274748203213658e-02
8.173488983502194202e-03,9.478665474694698834e-02,6.813225982528467450e-02,9.240528776550870071e-02,6.841619693485601061e-02,1.739187260809029467e-01,2.437664668999173778e-01,2.212853753478038477e-01,1.000000000000000000e+00,3.093020678487088393e-01,1.991994908936111919e-01,3.097099878132519302e-01,2.720306603619438435e-01,2.104747487907675796e-01,1.096458807265921487e-01,1.732555910204328087e-01,1.102978463306117096e-01,9.066759496011715658e-02,7.321248971943630432e-03,2.324270728993492983e-03,2.730605137135467750e-02,-2.901860859295844405e-02,3.512670915797946880e-02,1.186706597838619280e-02,-1.322328645465925372e-02,-2.489948935498971158e-02,-4.214109684951087426e-02,-3.503281343883505455e-02,-1.048933479209219685e-02,-3.672296658209427828e-02,-5.646257195471188206e-02,-2.080432286034849740e-02,-2.899210816346283609e-02,5.356195039534632218e-02,5.376753402521656372e-02,1.987553942106716834e-02,1.352926806922837878e-02,3.723299913935883276e-02,3.318940527244281652e-02,1.334002491053857750e-02,5.306600350695902081e-04,3.114273559010700336e-04,1.257335439672196790e-02,2.300862317235869911e-02,-8.405060840980260045e-03,1.003592697223615847e-02,-1.499267439954110343e-03,-3.704639488614223757e-03,-5.356517925798912755e-02,-4.199185416448465366e-03,-2.331821740586723785e-02,-1.764975696177849968e-02,-3.660199031822520405e-02,-3.887369656011653574e-02,-6.230558753603372690e-02,-1.000910061698158209e-02,7.955519081951399965e-03,-4.443093384434244897e-02,-5.773316931080398062e-02,-1.729252904879011177e-02,3.189279338572694345e-03,-8.754181082877435585e-03,-1.517856240566284320e-02,-4.375638567669241918e-02,-1.232071184150318986e-02,-1.186860602631848241e-02,-1.391205738932711766e-02,1.372347930149170683e-02,1.856510379670879562e-02,-8.443161814104084084e-04,-2.519543401545582678e-02,-5.804169720394308091e-03,-9.699671289720612072e-03,-1.247258232634398251e-02,-1.323933780188810139e-02,-9.718263579206085426e-03,-3.489400654373678301e-02,-2.638283373461989406e-02,-6.347659370213101782e-02,-5.979611614121117108e-02,1.505524792924408262e-03,-4.708043440029721638e-02,1.616424444600887342e-02,1.361439382716631528e-02,1.736575016210503350e-02,-2.411508377954739804e-04,-2.908491217904852696e-02,7.950019070282432487e-02,2.683724261449448728e-02,-3.302257257091994330e-02,9.904026540151888297e-03,4.279849771786429363e-02,2.913339356808539865e-02,3.159227181044100847e-03,1.785596641085222813e-02,-6.037805060439040312e-03,-5.656496159092432030e-02,-7.932523718425253667e-02,2.260676734573051003e-02,-7.290819828119199375e-02,-5.012776420267618660e-02,-5.112358302604735893e-02,-3.301221896808859829e-02,-1.415765022221412983e-02,2.182481611420784839e-02,-2.363848242092256996e-02,-4.676761188885054932e-02,-3.547672722894172626e-02,-6.064888654882963359e-02,-6.225131831853492753e-02,-3.334534413333047065e-02,-2.041657899295254083e-02,1.853023477991454920e-02,9.388249729350327949e-03,6.968479866866520919e-03,-4.122591609756640768e-02,2.323194820762127660e-02,-3.092568298144152475e-02,-5.109738604408185780e-02,-1.284910009389874340e-02,-7.130835488565001601e-02,-5.460136115290702141e-02,-3.597905095263246450e-02,-8.314289186751762373e-03,9.018660402826788594e-04,6.906295794019182664e-03,7.350463976352872471e-03,3.881343596691515241e-02,-5.784265637832721775e-03,-1.106511802252179398e-02,1.363723027824791578e-03,-5.886093613321743967e-02,-1.349964108892346033e-02,6.454181072136253375e-03,-1.108892860278918105e-02,-3.547432954560363755e-02,-3.235798934036715480e-02,-6.664203357395889760e-02,-2.650168373465104296e-02
3.625634490898601431e-02,3.104050246731079876e-02,-1.017692806620197621e-02,6.884887840892404964e-02,1.055199030394551457e-01,9.426536640855522065e-02,2.404873079901917732e-01,1.319563189159086436e-01,3.093020678487088393e-01,1.000000000000000000e+00,3.862601198153349236e-01,2.681236220602056797e-01,3.412209405577029675e-01,2.536010975582582705e-01,1.601480175513518844e-01,1.312070209182783220e-01,8.257226451660777677e-02,6.737599214233921940e-02,2.999889689611769106e-02,-2.063808390305403237e-02,-9.862468662507985206e-03,-3.051902882646145843e-02,-2.499527327435465546e-02,-3.724504117990545815e-02,-5.078050747253887165e-02,-5.497055970733898816e-02,-6.344495132833319340e-02,-4.103462497466209974e-02,-2.732118109515674700e-02,-6.418985508025018549e-02,-4.619292948246761510e-02,-3.024652883637362483e-02,-3.646402882654482813e-02,3.587282733159928572e-02,7.806805182412282496e-02,5.736116533381174776e-02,5.511638885098423674e-02,1.005282375621051189e-01,7.437332895675363709e-02,2.995440952771510554e-02,1.825465522992088252e-02,3.641528489403454000e-02,4.175387892277197116e-02,5.772209685912905314e-02,5.866004779678708932e-03,1.541111722309738453e-02,3.937054579980809460e-02,-2.736512940715993616e-02,2.763694913542310422e-02,2.794063078368960729e-02,-1.419985014900559429e-02,6.632225374749780092e-03,-8.634832583762283575e-03,1.780180024363234303e-02,-3.583197173775720668e-02,1.682633057600903259e-02,1.238290900273424349e-03,-5.262500165248759632e-02,-4.052019376229760994e-02,4.783283584346875034e-02,7.618120459848559678e-02,-6.336431403280848307e-02,-5.207105778835616899e-02,3.353042483290860111e-03,6.505019400694660170e-02,1.259218901543367360e-02,1.130986347328682105e-02,6.950612667312284316e-04,-1.847072913135296840e-02,-1.583863533154902456e-02,-4.569276465762417416e-02,1.779395473716169698e-02,2.760052835649970046e-02,3.632802049385480680e-02,-5.001756868323754823e-02,-5.200688542125354169e-02,2.870464748433855517e-02,1.948105397727183108e-02,-3.249811883738269042e-02,-1.689205684086608414e-02,-4.740457797832520540e-03,-1.995980238646918176e-02,5.721867096163314043e-02,3.431409226864742118e-02,-3.364364907473578383e-03,2.951491848330110163e-02,5.151025469061614251e-03,4.317974235011976664e-02,2.014093731413064275e-02,-4.991439424246268616e-03,3.934750714046755110e-02,7.478872686770647593e-02,3.711479878529168330e-02,4.885081978531977814e-02,8.578092326209035834e-02,3.095020656532104439e-02,-2.215496377752423224e-02,-4.832587814828484540e-02,5.230720024335139273e-02,-4.969090430101337497e-02,-3.002144373793557731e-03,-4.863595964936855143e-02,-5.077927370179799449e-02,5.111319208845192114e-02,1.069983379953183683e-01,3.206444189096750719e-02,5.575524781635565752e-02,4.131539301997983957e-03,7.048621017665253341e-02,2.057107506902651831e-02,-2.213638570584706630e-02,4.886493847174465388e-02,5.111697507054520362e-02,3.757192509838886557e-02,3.303573614141003256e-02,6.749881936378235043e-04,7.806163771674753948e-02,2.371967523553961468e-02,-4.181267179884653323e-02,2.322984469076837602e-02,-7.339434704561670353e-02,-6.678179770028377926e-02,-1.026409686792756348e-02,1.451220559867931990e-02,-3.319794002022796037e-02,1.048184770351629283e-02,-1.431831468092424793e-02,1.905754525133534594e-04,1.291928778837808135e-02,4.046917525675054056e-02,1.050651428118811424e-02,-4.055826556605432454e-02,2.926276104066861602e-02,8.009414090749093773e-02,6.263632207445089632e-03,4.005952352842107977e-04,-4.079977869447871941e-02,9.052022416775249141e-04,-1.953214451989966974e-02
8.458882663100288080e-02,9.494117594620066214e-02,1.717351667743277632e-02,1.423046660999996715e-01,7.273841379541554075e-02,8.166190123926080069e-02,1.512489385830121102e-01,1.804093342286526847e-01,1.991994908936111919e-01,3.862601198153349236e-01,1.000000000000000000e+00,3.330497368287628213e-01,3.254513637229962675e-01,1.322784280260435041e-01,8.039253779436286718e-02,1.262176662663043736e-01,5.293871032760001649e-02,1.101494993379440873e-01,8.145573995401367284e-02,1.648238807095189079e-02,6.268310262198416652e-03,-1.675440245373530437e-02,5.195091648786306915e-02,4.492430423001641387e-02,2.914760699602155988e-02,4.715446582950247323e-02,6.548039614701429804e-03,-1.245994991067275910e-02,3.190654806910450583e-03,-1.609364314859404801e-02,-3.325859861301153075e-02,-2.476637746721515113e-02,9.828042048036452795e-04,7.165941136514913934e-02,8.154994667707773925e-02,5.518457747403913982e-02,2.566426850976834609e-02,5.040319074420978457e-02,5.076200058044293140e-02,1.194645590895016402e-01,8.804065541741858125e-02,5.376242371972326031e-03,6.057079674657582513e-02,9.424547801536488356e-02,7.522651477160953101e-03,2.560828775000849322e-02,2.647639027193225691e-02,1.294730004412759060e-02,1.917254752098965231e-02,1.861433234078853013e-02,9.541702022253675461e-03,-5.981792205048480637e-02,3.127785176857381718e-03,-1.158037619802330595e-02,-5.868399070935587103e-02,-1.203762337289660325e-02,2.205971523465800194e-02,-7.074735034727741047e-03,-9.116060269010788086e-02,-1.331819343976254960e-03,9.447320997150964166e-04,-4.747385393458927738e-02,7.363194467336308530e-03,-1.020844757882786655e-02,1.779363599798216428e-02,1.626385924195922206e-02,1.136606001401208217e-02,3.029711545945974402e-02,-7.290495178849080646e-03,1.214073108937433615e-02,3.810856540695783945e-02,1.684662707846628846e-02,2.145743844495119623e-02,3.470265222928983762e-02,-1.608710733141005197e-02,-2.111827749186605263e-02,9.209270718095274519e-03,-1.668030164141845115e-02,-9.262887853831305168e-03,1.807764117733493209e-03,-5.723950570099647916e-02,-3.691480702723962115e-02,5.189020913527962742e-02,6.052870025709524045e-03,-2.053095131541657001e-02,-9.427768703035174780e-03,-1.238136956275092890e-03,1.041764468835536944e-02,-1.318689370396770692e-02,-1.217149121072415470e-02,-8.567655448094768297e-04,4.612119452893122945e-02,6.372391209027413253e-03,1.058666585553214891e-02,6.005440674490476055e-02,1.797071864252353796e-02,-3.174507259763818118e-02,-6.313796962698625670e-02,2.097773504695061783e-02,-6.445931924889891640e-02,-4.439129424088789078e-02,-7.775027826207719928e-02,-9.125145379675930757e-02,6.020819735354563870e-03,5.108165364429902849e-02,6.250000275521059440e-03,-4.248506163663924411e-03,-1.048303807010768970e-03,1.185306056421463541e-02,1.085616305504698807e-02,-3.250294837779140605e-02,2.597624904944648844e-02,1.532113295426237518e-02,3.590517506598610992e-02,5.767350873405033274e-02,4.095849358758613806e-02,8.926096859828674956e-02,4.763853081384079174e-02,1.449215717401288947e-02,2.660332019000698558e-02,-2.173051112418911135e-02,1.977271396043345925e-02,-2.049694196409392131e-03,2.569609005153026399e-02,1.184130358412837335e-02,4.977730757325772928e-04,2.910386544786053298e-02,2.244241878747159705e-02,-8.660287321868822413e-03,1.139754577924596661e-02,4.700132958105903737e-03,-6.326061327406745649e-02,3.486494971071507631e-02,3.057056366870095424e-02,4.020114899187349211e-02,2.922289423113113085e-02,2.487484105896500645e-03,-6.162507298909313327e-03,1.097872392645560767e-02
