1.000000000000000000e+00,3.387452518823292347e-01,3.950105540665208026e-01,3.110908125119685175e-01,1.933330323705407250e-01,4.060347863328826051e-02,1.361357698378926062e-01,1.863771912772485828e-01,1.270760764131242393e-01,9.968891091497418533e-02,1.147302998498547638e-01,1.025948418760595088e-01,5.608990163414878660e-02,6.764704190314738130e-02,3.316431083305917960e-02,-4.934911160621292467e-03,4.269857810722332836e-02,-2.518531251973045101e-02,4.454694810759358969e-02,1.105714254329761941e-02,5.896165844229622061e-02,6.835491104596777556e-02,-1.195802124847604800e-02,-3.684982151695912617e-03,-3.658863014596501484e-02,-4.894207683907553230e-02,1.673248456276615545e-02,-2.506836314465506546e-02,-2.575707047826809870e-02,-3.457483412758632219e-02,-3.244503383559689536e-02,-2.134228801268007319e-02,-2.148634400692827143e-02,-2.021000477949820226e-02,1.727870818207087253e-02,-4.480504771444169566e-03,1.563000551628667594e-03,3.584346503923887400e-02,4.416134558448244624e-02,2.793308894028643727e-02,4.755552629829377931e-02,1.121845290744365002e-02,-2.156191259413828623e-02,2.613073705298375390e-02,-2.498780021539287639e-03,-1.030738208116328998e-02,2.337548507418591229e-02,3.596824199064935917e-02,-2.412628345459685505e-02,1.055235376925099666e-02,1.580164944892728518e-02,2.965447608693482298e-02,1.804830451644719516e-02,2.369836599808957528e-02,2.972248100900880263e-02,-1.283780076453900840e-02,2.550026413406285969e-02,5.855646395298218926e-02,3.449512298993260423e-02,2.056419144656417008e-02,1.399102219190394118e-02,4.359734885301792470e-03,-3.649020008697767548e-02,-5.126083116544743329e-02,-4.553227501779869013e-02,-3.378493293790835877e-02
3.387452518823292347e-01,1.000000000000000000e+00,2.752021939549438301e-01,2.245964201898694446e-01,3.794752744866994876e-01,7.689928719125263545e-02,3.269790220441062129e-02,1.662754681923131195e-01,-4.677933559391040004e-03,7.522398436410413468e-03,1.054217519557150151e-01,1.564806384768572742e-02,3.115831785293680239e-02,1.086510426477632074e-01,1.179072177049281245e-03,-4.886358424690698254e-02,1.695490725542356594e-02,-4.530101372179086427e-02,2.983188324986131915e-02,2.119143933467161275e-02,6.440357224955964299e-02,6.339336061593546512e-02,4.015588830289777700e-02,3.382966430056098817e-02,-6.041412138570777940e-02,-2.290079248295094974e-02,-1.269133957408203998e-02,-2.518508975058949412e-02,-3.825548192254361879e-02,-1.799366040954736637e-02,-9.454920311842408137e-03,-2.924327585048563591e-02,-1.308909169912989175e-02,2.552655714440511120e-03,8.475489221219122127e-03,1.557865749622537252e-02,-1.576954258067623377e-02,1.467389693543389405e-02,3.314159124548964747e-02,-3.088963788158850809e-02,2.922727422881104403e-02,5.619008879862649741e-03,3.961405480218321840e-02,4.640056753422584779e-02,2.844108789764480949e-02,2.199716697997586377e-03,1.311416895251825768e-02,-2.780340819789817262e-03,-1.820750974083963636e-02,2.032654888248473443e-02,-8.281208170460054030e-03,-8.802113326217166425e-03,3.560432998142480220e-03,2.893014526170372552e-02,4.558513236740139446e-02,1.895592600362672533e-02,4.206938490822587778e-02,7.221816228959054840e-02,2.722096541403588171e-02,4.011492065841248955e-02,4.410629692886305214e-02,-1.013637255141351841e-02,-2.861885786383226368e-02,-3.947897170612876816e-02,-4.010614945599088460e-02,-2.195721033308628209e-02
3.950105540665208026e-01,2.752021939549438301e-01,1.000000000000000000e+00,2.576378812724082201e-01,3.596703868664930526e-01,3.058191213674880948e-02,2.751117899629231672e-02,1.669865583859155567e-01,7.370430845578870849e-02,-1.270288453142878228e-02,6.389173761864211376e-02,2.676303924458321021e-02,2.824602352918202317e-02,1.079130996606443398e-02,1.839926468374685625e-02,-5.420136672415602069e-02,1.940873621350158035e-02,-4.501702167464842474e-02,2.972103237236356152e-02,1.506633015501153069e-02,7.785298848483425405e-02,4.038581643613671501e-02,2.794677414352238209e-02,-3.778358352134781294e-03,-5.569106159164678715e-02,-5.650222705349507157e-02,-2.926726468341349710e-02,-3.265314164863411528e-02,-6.355135826566394794e-03,-3.148741925955989007e-02,-1.795317946969385292e-02,-2.288420006582016447e-04,-2.177174019955294137e-02,9.037038281402282394e-03,2.264529938668956646e-02,-1.017863899000159486e-02,1.682243967034707799e-02,1.786891527500879956e-02,2.299121788845688574e-02,1.539454843221474238e-02,1.799852240767096587e-02,1.554715058982870067e-02,1.193302393378383938e-02,3.157970882913221922e-02,1.567860746750724191e-02,-1.202930820880379441e-02,3.014576156398403491e-03,-9.901049910558753706e-03,-1.234338238039362975e-02,1.618207705860940163e-02,-1.866348711688258291e-02,8.293036774477052092e-03,4.420040015573185183e-02,2.644625514539980168e-02,6.470473999112824615e-02,-9.598572904947241802e-03,2.338857197724488867e-03,5.471869198997578870e-02,1.527563989188756438e-02,3.622099657179377041e-02,2.874286739731578971e-02,-3.580489856789148551e-02,-5.101858468861439344e-02,-3.212936836046756395e-02,-5.711161380748418226e-02,-4.560837198815064636e-02
3.110908125119685175e-01,2.245964201898694446e-01,2.576378812724082201e-01,1.000000000000000000e+00,2.093901956621527505e-01,1.779409458546757014e-02,3.087020529273001856e-01,3.165296497917746144e-01,2.314543408836178817e-01,2.510319990628359088e-01,1.776083304454064149e-01,2.267561390550688893e-01,1.033193891956511318e-01,1.052420703271013946e-01,6.797867213569478914e-03,-4.201280601712668178e-02,-3.820641988008612044e-02,-1.166487840796087867e-02,7.849009390113360907e-02,5.608363469494218045e-02,5.360016882270690619e-02,1.526326898590634751e-01,-2.007603795537022534e-02,-4.566870570999514295e-02,-1.363835249705973585e-01,-1.358258712592353146e-01,-3.469509599505442993e-02,-8.150785387788922476e-02,-6.167793764350669450e-02,-7.290421733399173043e-02,-7.211427032260160630e-02,-7.026000371740438732e-02,-5.642446910114483349e-02,-6.411383539806862764e-02,-2.685308294639293658e-02,-3.397265783241491810e-02,-3.011513875375307694e-02,-1.104623976552883240e-02,6.966295467539543318e-02,1.262628936127828221e-02,1.060238055767401405e-01,1.172014756352874609e-01,5.889164718937532628e-02,8.889901950775679074e-02,2.249134817695788713e-02,5.670525760328868486e-03,4.593805190602121002e-02,4.875831756954846635e-02,-2.310342753469852087e-02,1.871762264224959005e-02,3.009276800151581242e-03,5.488917266584706495e-02,5.160313382243485875e-02,5.570515138488166956e-02,5.865532658061718002e-02,-5.950076274734766510e-03,3.610874009881748919e-02,1.006455702852442763e-01,8.000669554571737674e-02,9.558249604138263633e-02,6.189759968973274074e-02,6.518022241247787858e-04,-5.106190881844909629e-02,-6.114765394734878595e-02,-6.381822159423423957e-02,-3.326589230831328292e-02
1.933330323705407250e-01,3.794752744866994876e-01,3.596703868664930526e-01,2.093901956621527505e-01,1.000000000000000000e+00,1.852798390402848050e-01,-4.186396376643206074e-02,2.556091311627955442e-01,-6.342979724798118724e-02,-8.227668565065812678e-02,1.524074353170903617e-01,-4.064062478116205884e-02,5.845637951038722829e-02,9.650034125662450279e-02,-1.220828260813851176e-03,-1.244892758579542319e-01,4.015631559772413900e-02,-9.000189546288694942e-02,3.948825084024282228e-02,8.894650421539887497e-02,1.347233799159024692e-01,8.469043563090254689e-02,9.384087322215516058e-02,3.326646132967225195e-02,-8.410510135745952187e-02,-6.785038254414542391e-02,-2.339079259605431407e-02,-5.242228222965825135e-02,-2.610853582050035558e-03,-2.261947604415855129e-02,-1.887923592372478185e-02,1.715443540326047969e-02,-4.161237902412715656e-02,-4.405715681404727066e-03,2.571847529846260985e-02,-3.521617641899269652e-02,-6.251836699424651207e-03,1.695368797440150940e-02,3.824764378584424862e-02,-1.380874963537571595e-02,1.218492323350985930e-02,9.447189804210767358e-03,3.544317542132911780e-02,5.161104525440581015e-02,5.767047241814825947e-02,1.906659697327660677e-02,3.386605731509486489e-02,-1.311421365828549339e-02,5.007792152248185906e-03,5.018467937131760453e-02,-3.761519815169755976e-02,7.558769525340424712e-03,2.453514778244013025e-02,3.195730422890976068e-03,9.320551797032211594e-02,3.876127963140186400e-02,1.509766127461756834e-02,1.003276643689012398e-01,9.070220375202549951e-03,6.981547970283041860e-02,6.778397818973426470e-02,-6.192688937488145806e-02,-5.177728158810666892e-02,-1.756867926610294894e-02,-5.300877151937481713e-02,-6.599843172254420132e-02
4.060347863328826051e-02,7.689928719125263545e-02,3.058191213674880948e-02,1.779409458546757014e-02,1.852798390402848050e-01,1.000000000000000000e+00,2.404378664982586844e-01,3.455737016688011365e-01,2.561502075125022815e-01,1.762022231958806640e-01,2.181191607994573678e-01,1.759168065986386753e-01,9.275187650557838170e-02,1.014532175100971295e-01,6.307253107135199488e-02,-2.354414109447660816e-02,5.887954125909166531e-02,-4.264755737869231622e-02,-3.040844149206177460e-02,1.338890462492265537e-02,1.218305842575497233e-01,5.427372682875691856e-02,-7.638227038951357802e-03,6.340382517777810520e-03,4.346982051533127001e-02,2.136952500872875416e-03,1.198584143672474372e-01,2.378784613096632250e-02,4.929612668670062259e-02,-1.913347459233352005e-02,-5.181853471769461541e-04,-3.801021618031850263e-02,-5.252146937788676473e-02,-6.509641463579438070e-02,-9.010494754094272238e-03,-4.513264460211360157e-02,-1.571119443504551128e-02,5.707312394795031191e-02,5.243634352493923428e-02,6.333707012939415737e-02,6.563592945988751259e-02,2.310098408641621595e-02,-3.508789516831437028e-02,2.738619939628140001e-02,-3.176177965227700017e-02,-5.504775045892802005e-02,2.847109788312275971e-02,3.425040616900809631e-02,-2.939374931548043371e-02,-1.250702693032245197e-02,4.360288032340850495e-02,1.937490543176339716e-02,3.126863393790442480e-02,4.053060331688344148e-02,2.379029936321716207e-02,3.269584429714243734e-02,5.191741886898587621e-02,6.980568105020404368e-02,1.842756742102049598e-03,4.137379538085730890e-02,3.253557804780877333e-02,-3.934224903390340367e-02,-9.698214299240538738e-02,-9.443260595217367603e-02,-5.690353951301498070e-02,-1.024892919283618836e-01
1.361357698378926062e-01,3.269790220441062129e-02,2.751117899629231672e-02,3.087020529273001856e-01,-4.186396376643206074e-02,2.404378664982586844e-01,1.000000000000000000e+00,3.520723832765941252e-01,3.962870925421038693e-01,6.505483078677076758e-01,3.192264476617446833e-01,4.887819374904106007e-01,2.747333562336414792e-01,2.403089038334756400e-01,8.945385822020875122e-02,7.784482532379520536e-02,-2.791543656137179460e-02,6.437041014515382242e-02,5.974692896620731331e-02,5.054180924171759043e-02,9.253047800490646346e-02,1.968455585921572992e-01,-2.722527187145667993e-02,-1.625744887955381246e-02,-1.051108777128742650e-01,-1.053627741859396449e-01,4.840512267473708052e-02,-6.079754145947728616e-02,-4.846363820980107567e-02,-1.037835593899924663e-01,-7.811217763177123741e-02,-8.868919021279514370e-02,-1.110624397563077376e-01,-1.192096189878462942e-01,-4.162091978294382710e-02,-4.700019161117860444e-02,-3.898888536881369576e-02,1.601130558652423541e-02,1.232195333771571311e-01,5.143493342658770479e-02,1.570287423127410265e-01,1.217833436226531674e-01,3.476566587011766657e-02,7.504572531982349470e-02,-3.836051522618521420e-02,-2.707176946366465428e-02,7.110685616059411740e-02,1.012221788656322563e-01,2.226174607783478528e-03,-1.539208194307994416e-02,5.473628325945860407e-02,1.081522523746629438e-01,8.790358377901508202e-02,5.759480865860318322e-02,3.398695127236326524e-02,-5.897180644241511614e-04,8.603493661955789740e-02,9.882664586439349197e-02,5.737212756264619545e-02,1.039902590381851233e-01,7.893247315193839542e-02,1.387864861549148975e-02,-8.170133570966454928e-02,-8.235754494633304446e-02,-5.667277402317132812e-02,-4.689323001082858905e-02
1.863771912772485828e-01,1.662754681923131195e-01,1.669865583859155567e-01,3.165296497917746144e-01,2.556091311627955442e-01,3.455737016688011365e-01,3.520723832765941252e-01,1.000000000000000000e+00,3.430768853649399097e-01,1.967486233461589740e-01,3.768917424928530657e-01,2.286994700184380724e-01,9.177042109870521547e-02,1.509044213212451802e-01,2.794099777305631555e-02,-1.210094024687613651e-01,6.573377713159893332e-02,-1.092207201750474699e-01,-1.227818590681504889e-02,2.624334628598957650e-02,1.112913237926071441e-01,1.323504490374989295e-01,1.387515748025387741e-02,-2.439437313905869903e-02,-7.675498464367794260e-02,-1.151336958352154466e-01,6.960518812341169592e-02,-5.902168943249955918e-02,-2.862637638406845611e-02,-9.072630057903399714e-02,-4.623530386022707550e-02,-8.671771387966518974e-02,-1.015701399520700238e-01,-9.712661312971382355e-02,-7.922156591168301454e-03,-8.060180985833795275e-02,-1.529814320268419077e-02,1.677904618842653017e-02,7.751436302732243877e-02,7.699822237515661916e-02,9.351757524876759542e-02,6.859514233342556278e-02,-7.720188011406205197e-03,7.767296043024396468e-02,1.594085210758421772e-02,7.671884075675717771e-03,1.399492957996532894e-01,8.018849593915794438e-02,1.752346077568762636e-02,5.471931515181520378e-02,6.698267554714325278e-02,7.628091029280069379e-02,9.644157597059153930e-02,1.210187602088249187e-01,9.126687756434155585e-02,4.970815442471764739e-02,1.370514702456708256e-01,1.858639443058522911e-01,8.302957424142425047e-02,1.189190018075506755e-01,4.684460565276888505e-02,-2.635217343449046401e-02,-1.123801929624884399e-01,-1.151510929221689072e-01,-1.085730082157707471e-01,-7.721068107119362367e-02
1.270760764131242393e-01,-4.677933559391040004e-03,7.370430845578870849e-02,2.314543408836178817e-01,-6.342979724798118724e-02,2.561502075125022815e-01,3.962870925421038693e-01,3.430768853649399097e-01,1.000000000000000000e+00,3.596363689155052668e-01,1.401315818004789659e-01,4.310465687599431273e-01,-5.654957490424330352e-02,-6.002986048004563301e-04,8.081047577674388416e-02,2.472518186124578882e-02,2.496124842753724704e-02,5.675071655684506278e-02,-3.998941592531543576e-02,-1.144474183309307919e-01,-5.818136045095913776e-03,3.734527306765962618e-02,-1.732897867011674864e-01,-1.387315329026536648e-01,-2.716013008505342718e-02,2.134779259611406174e-02,7.880122807898740089e-02,7.811224751679569922e-02,4.766306672999447158e-02,-6.792016754808723883e-03,1.193497285786965061e-02,-3.666655800167885337e-02,7.518838132686893501e-03,-1.643608750920597453e-02,2.655115281567040422e-02,-2.036074858364227483e-02,1.995109756857773101e-02,1.065383157014783248e-02,4.838765040462048722e-02,4.399378864510337939e-02,4.118217136506240744e-02,1.134225032214474377e-01,1.696525342243442036e-02,-8.509296513844793932e-05,-7.436366387183265814e-02,-2.781336297564591595e-02,2.065077495793039147e-02,1.203883444618338711e-02,-2.591734657422572162e-03,-4.282897725965244956e-02,5.295974112743209727e-02,5.461304576390244719e-02,6.899833491737408786e-02,1.139186429466911288e-01,1.503065257157941903e-03,1.170816653466308192e-02,1.035484060754831848e-01,7.050319942226968006e-02,6.740225552861259239e-02,4.825421254664240267e-02,2.692559247683514942e-02,-5.603171602426382323e-04,-8.327773245865614793e-02,-1.410519329033549374e-01,-9.405911088075100124e-02,-7.949337268651078536e-02
9.968891091497418533e-02,7.522398436410413468e-03,-1.270288453142878228e-02,2.510319990628359088e-01,-8.227668565065812678e-02,1.762022231958806640e-01,6.505483078677076758e-01,1.967486233461589740e-01,3.596363689155052668e-01,1.000000000000000000e+00,2.444838366830930088e-01,5.623904672113870795e-01,2.566646764204226216e-01,2.254068371411680205e-01,7.340848529262458677e-02,1.522550150897752086e-01,-7.393617550955529361e-02,1.375163792060630497e-01,5.942186163595610665e-02,1.175639984457606257e-02,3.339173926130106079e-02,1.721141950570508061e-01,-7.947604563516962040e-02,-4.184113376192757222e-02,-1.175965081378579080e-01,-4.663733929385874971e-02,4.609361015149102819e-02,-1.918948571839146355e-02,-6.034547949029588770e-02,-8.120223015531524702e-02,-5.070965339802607080e-02,-8.726047168469996951e-02,-6.290931041990925621e-02,-7.053937775639894381e-02,-9.034682910712160675e-03,5.250247388793730704e-04,-3.160727912391164685e-02,1.441682236912960290e-02,1.066625906422030839e-01,6.304029567462298561e-03,1.225219136595008390e-01,1.095256433691781106e-01,6.038656699833570146e-02,6.133423316879951792e-02,-5.563574925031463531e-02,-4.691859565220776740e-02,2.451906433104089969e-02,5.637153943519930543e-02,-2.413934683438633336e-02,-4.169638889441468904e-02,6.359401967053807114e-02,8.293253801650593560e-02,6.595053846055907998e-02,4.869693028808573521e-02,7.715645970986530038e-03,1.640697770832993561e-03,6.926478860069858190e-02,5.286353920595129874e-02,6.595719929599370979e-02,7.720409367140881884e-02,7.831287306225417910e-02,3.455818755115109414e-02,-6.237183551200953940e-02,-8.451820345999357109e-02,-4.930651003597587290e-02,-4.405246483404656049e-02
1.147302998498547638e-01,1.054217519557150151e-01,6.389173761864211376e-02,1.776083304454064149e-01,1.524074353170903617e-01,2.181191607994573678e-01,3.192264476617446833e-01,3.768917424928530657e-01,1.401315818004789659e-01,2.444838366830930088e-01,1.000000000000000000e+00,3.788992432046483505e-01,3.785843438595340449e-01,3.712041919951081792e-01,9.988658904065796096e-02,-7.909048204161439610e-03,1.197998617840745905e-01,-7.985419638590232627e-02,2.001888818997129074e-02,7.988313526060290826e-02,1.921847172601244269e-01,2.179621776475282879e-01,4.152687481501105699e-02,9.617106418506949847e-03,-9.501385864957397065e-02,-1.137130827051597987e-01,1.205366375256247402e-01,-7.628714626666677212e-02,-3.076094801179937721e-02,-8.120388426554003836e-02,-2.576876150448679376e-02,-5.364608652877391609e-02,-9.174930235399358924e-02,-9.998299539695593152e-02,-1.622752509826342823e-02,-3.017281727641652617e-02,-5.354716577910818148e-02,4.134747890556583066e-02,1.197710991220582999e-01,3.351615219093714154e-02,1.286512362079994531e-01,5.305829048924015634e-02,1.585362241024589058e-02,1.039021231737016354e-01,3.616292492084530880e-02,2.043112773212977379e-02,1.428220189094197290e-01,5.164793413046202264e-02,2.059939754785014565e-02,4.274875914574467750e-02,8.375573646682647755e-02,6.089911821515579110e-02,5.051559085460712029e-03,6.818053158959697102e-02,6.666944219666066929e-02,8.066627861338619698e-02,1.062657323872464588e-01,1.766500813358092559e-01,7.958469340086779531e-02,1.050175789809445759e-01,7.371515856647342657e-02,7.070114667592641714e-04,-1.373112829918383959e-01,-1.023710825549650066e-01,-9.650094782693803552e-02,-6.080877250222717356e-02
1.025948418760595088e-01,1.564806384768572742e-02,2.676303924458321021e-02,2.267561390550688893e-01,-4.064062478116205884e-02,1.759168065986386753e-01,4.887819374904106007e-01,2.286994700184380724e-01,4.310465687599431273e-01,5.623904672113870795e-01,3.788992432046483505e-01,1.000000000000000000e+00,2.425757716812279030e-01,2.136619998198297232e-01,2.039821090221226041e-01,1.221962607320118827e-01,2.974349300653626738e-02,1.043894256192689496e-01,8.771321711699392454e-02,2.157046830292503464e-02,9.256279239351880572e-02,2.003759232365019405e-01,-7.569844652456554635e-02,-4.758552518904374251e-02,-9.851285842215740107e-02,-5.051061231259192791e-02,6.663765544980415623e-02,-8.583143352117527519e-03,-2.312080470394726681e-02,-6.545395241139435882e-02,-4.532948951873991272e-02,-6.992046369377738491e-02,-4.976986607496362153e-02,-8.524436225476340889e-02,-1.892726066072796670e-02,-1.236134531371793285e-02,-5.941891113795804563e-02,2.767395080229797383e-02,1.406635364668414601e-01,2.823909925818197594e-02,1.272481893665778629e-01,1.240627827451679793e-01,6.018629432815297137e-02,6.045213936987769987e-02,-3.015444267240067686e-02,-1.780672166376994978e-02,4.752664009083960861e-02,6.740596250261031430e-02,2.122619386610203815e-02,-4.125367530144154193e-02,5.062432999818106821e-02,7.918028992787511100e-02,1.528251610993979284e-02,6.739061349032171577e-02,2.631261759825315270e-03,-7.996554251510293180e-04,8.574726237883545377e-02,1.029065801317927686e-01,6.870852008098844721e-02,7.834594978889772299e-02,8.915184591065307418e-02,2.082436788406864803e-02,-1.074929050097282873e-01,-1.105773266164451207e-01,-8.100047143084504464e-02,-3.910563676911820580e-02
5.608990163414878660e-02,3.115831785293680239e-02,2.824602352918202317e-02,1.033193891956511318e-01,5.845637951038722829e-02,9.275187650557838170e-02,2.747333562336414792e-01,9.177042109870521547e-02,-5.654957490424330352e-02,2.566646764204226216e-01,3.785843438595340449e-01,2.425757716812279030e-01,1.000000000000000000e+00,2.998333530220229082e-01,3.306931158724866759e-01,1.783045767133501214e-01,9.209731211160178399e-02,1.729414579005469216e-02,1.129674897974982661e-01,2.185901921948938398e-01,1.721323724785069897e-01,2.061121598210486627e-01,1.655312167016059488e-01,1.393698473126105397e-01,-3.616027988511105046e-02,-1.732090102795885156e-01,7.313305939841077685e-02,-1.810110497481814684e-01,-8.882228105564551890e-02,-8.133452666934863629e-02,-1.042895271855523998e-01,-2.851710442559743722e-02,-7.389351468373808740e-02,-1.697856661224946551e-01,-3.055480305501699287e-02,-3.369478639365254546e-02,-8.678001118722010465e-02,1.202003612899890939e-01,2.114930445051596830e-01,9.752638055968419761e-02,1.935714156782376849e-01,2.441329342455989676e-03,-1.783123102686486744e-02,6.374538667857969354e-02,4.693902660950308170e-02,3.047467188707967192e-02,9.093615902663862438e-02,8.580711276198188520e-02,7.034569521470089570e-02,1.590496771131882231e-02,-2.346772042532029381e-02,1.077799286842836546e-01,-5.002184106637789368e-02,-4.367471914109383874e-02,-1.030732357000016183e-02,-8.895292959034789906e-03,-4.693866932649952417e-02,7.213078913481479892e-02,-9.832465209540921375e-03,3.834593368572768168e-02,4.343358184887920193e-02,-1.385160497452896620e-02,-7.562957205214439205e-02,4.744349992145456552e-02,2.620541075001665138e-02,4.069510319100094753e-02
6.764704190314738130e-02,1.086510426477632074e-01,1.079130996606443398e-02,1.052420703271013946e-01,9.650034125662450279e-02,1.014532175100971295e-01,2.403089038334756400e-01,1.509044213212451802e-01,-6.002986048004563301e-04,2.254068371411680205e-01,3.712041919951081792e-01,2.136619998198297232e-01,2.998333530220229082e-01,1.000000000000000000e+00,1.864689260154838990e-01,1.039636535824538244e-01,1.659398422990355226e-01,1.115070356022468123e-01,1.818686464176515749e-01,1.796886776842207822e-01,1.617077066474147465e-02,1.698711016921104211e-01,7.424434398820703440e-02,1.286078590937042021e-01,-1.251226473085342017e-01,-1.649762974839634744e-01,-1.166170838599396020e-01,-2.342725533176796826e-01,-2.232464834328065639e-01,-1.548148797328181836e-01,-1.808768064865098890e-01,-1.635738545905720820e-01,-1.221587085178449938e-01,-1.752257269042178378e-01,-4.543091707130350598e-02,-2.546870606272142942e-02,-8.173178098148971282e-02,6.032422857314707204e-02,1.676172354652146479e-01,3.690883289317319765e-02,2.092012777196482209e-01,9.806312832795828494e-02,8.791071380158735349e-02,1.540925482418543102e-01,6.282337790439086744e-02,4.250150986154247953e-03,1.550974270609588312e-01,1.502515823202985046e-01,2.258529723577312048e-02,1.163291266370623661e-01,1.105333240723826160e-01,1.454116895768907680e-01,2.094173020837404239e-02,-5.300143134302791326e-02,-1.794020102214700582e-02,-3.480360700501189397e-02,7.524177013189055352e-02,9.360171902832221946e-02,-1.426034034658292884e-02,6.311584795588207064e-02,6.810514221383071054e-02,5.826755094750431935e-02,-2.573691620724414750e-02,-2.282881395161815222e-02,-8.360609849703312668e-03,-2.685891679522635009e-02
3.316431083305917960e-02,1.179072177049281245e-03,1.839926468374685625e-02,6.797867213569478914e-03,-1.220828260813851176e-03,6.307253107135199488e-02,8.945385822020875122e-02,2.794099777305631555e-02,8.081047577674388416e-02,7.340848529262458677e-02,9.988658904065796096e-02,2.039821090221226041e-01,3.306931158724866759e-01,1.864689260154838990e-01,1.000000000000000000e+00,2.535197760075167950e-01,4.095647088473620134e-01,2.022808486667009853e-01,1.803293380420704639e-01,1.611927358121476306e-01,-8.522382500574026895e-03,3.079033158815372428e-03,8.912774356959057842e-02,1.700435504472156967e-01,1.570777870755287187e-01,-3.567132844234664757e-02,4.467786639800645082e-02,-9.920332859237754319e-02,-9.969776013956259397e-02,2.174657319629940549e-02,-9.563761918437156673e-02,2.784272823987792456e-03,3.510421779511244816e-02,-1.571151810850379971e-01,7.367509488258852657e-02,-2.917725238490075090e-02,-3.876309352886789933e-02,2.070140961241435096e-01,2.155470010951004434e-01,1.752850065570888682e-01,1.447749243506133987e-01,-1.578129966055245512e-02,-1.915533594974301243e-02,3.742384815715119051e-02,2.943738220550358095e-02,1.447407661452119153e-02,6.625749514068575430e-02,1.001558339510977141e-01,9.262963003215197999e-02,1.200297247913244270e-02,2.294677593792269707e-04,1.061744024184404223e-01,-1.112137288281311587e-01,-5.653979931405454101e-02,-1.424847843796143709e-01,-1.178066477753505065e-01,-1.236006602362851869e-01,3.909181981744877521e-03,-1.278768259545106090e-01,-5.172508735013487541e-02,-5.684570633915602550e-02,6.865899839732497907e-03,-2.292209181357692666e-02,7.090628383720476435e-02,6.918808343142567041e-02,7.870248478278267512e-02
-4.934911160621292467e-03,-4.886358424690698254e-02,-5.420136672415602069e-02,-4.201280601712668178e-02,-1.244892758579542319e-01,-2.354414109447660816e-02,7.784482532379520536e-02,-1.210094024687613651e-01,2.472518186124578882e-02,1.522550150897752086e-01,-7.909048204161439610e-03,1.221962607320118827e-01,1.783045767133501214e-01,1.039636535824538244e-01,2.535197760075167950e-01,1.000000000000000000e+00,2.217003093044818407e-01,5.039081308243684720e-01,1.916824010286499458e-01,1.403966713291244506e-01,3.920365145719580807e-03,-5.854483137678337216e-03,-8.072235879010003501e-02,4.971280939277357945e-03,7.955017440977081578e-02,3.017099934951089635e-02,7.288283064823870838e-02,-5.540147830757648044e-03,-5.378296550195237058e-02,5.310695877399874976e-02,-2.599089853600856231e-02,-2.025294914960351633e-02,8.263083150531468080e-02,-3.103742874929665482e-02,1.108287751100836133e-01,6.261796871432470657e-02,4.574037980135942788e-02,1.766202804304072005e-01,7.688341584822612484e-02,5.500808691125557565e-02,5.567371889640788246e-02,-2.111121945239118405e-02,-5.058552909565304165e-03,-2.501283839400969718e-03,-4.314223571386221340e-02,-1.947456355421342891e-02,-4.256073046243398494e-02,1.093729675779723520e-01,2.629080019258869458e-02,-7.858153927895543400e-02,7.651650101058730946e-02,9.405172744144663088e-02,-9.525289817167564843e-02,-5.062615900309704736e-02,-2.015585809573809117e-01,-1.200231843335630155e-01,-7.371298143972575267e-02,-1.005895457789650060e-01,-4.952289916740100495e-02,-7.750266756348699049e-02,-1.195514713702907073e-01,-3.402005604318243670e-02,-5.593519993096465227e-03,6.967641767529990371e-02,7.303819624646157305e-02,9.409547789088255898e-02
4.269857810722332836e-02,1.695490725542356594e-02,1.940873621350158035e-02,-3.820641988008612044e-02,4.015631559772413900e-02,5.887954125909166531e-02,-2.791543656137179460e-02,6.573377713159893332e-02,2.496124842753724704e-02,-7.393617550955529361e-02,1.197998617840745905e-01,2.974349300653626738e-02,9.209731211160178399e-02,1.659398422990355226e-01,4.095647088473620134e-01,2.217003093044818407e-01,1.000000000000000000e+00,1.443213491987977715e-01,1.931085309202544564e-01,1.394516245778164298e-01,1.096759144509988800e-02,-6.630171403639215089e-02,2.634837667229984401e-02,9.940690268561012954e-02,1.798404466673905466e-01,1.770972745424889694e-02,3.497678172475552488e-02,-6.831890367530303598e-02,-8.325674534061644483e-02,-9.802473976636251821e-03,-5.822255880691387664e-02,-1.361055866552112956e-02,-2.712889419763637924e-03,-1.655317095423994855e-01,2.379235661906167407e-02,-6.853702177058219880e-02,-4.005314938720226647e-02,1.589013688420410353e-01,1.389203136764983748e-01,1.451459649742015412e-01,1.104272833795699044e-01,-9.463375607296957426e-02,-3.249365664724385150e-02,7.130228917859375570e-02,9.393139585633096533e-02,5.711139618069045049e-02,1.388460530288563588e-01,1.434277888246369703e-01,1.087802965111073911e-01,8.911322837603542768e-02,6.289434412947768338e-02,1.374232536890893641e-01,-1.097140554962835607e-01,-1.091027570683559128e-01,-1.257892302729838041e-01,-5.297135974448422685e-02,-3.214571057580348223e-02,5.389049805624582939e-02,-1.034732928574809835e-01,-8.219790335943383264e-02,-8.127222794306940279e-02,3.421892731809250948e-03,-5.681877951285858180e-02,2.771042041374072520e-02,5.304552874762609449e-02,4.858540469056032290e-02
-2.518531251973045101e-02,-4.530101372179086427e-02,-4.501702167464842474e-02,-1.166487840796087867e-02,-9.000189546288694942e-02,-4.264755737869231622e-02,6.437041014515382242e-02,-1.092207201750474699e-01,5.675071655684506278e-02,1.375163792060630497e-01,-7.985419638590232627e-02,1.043894256192689496e-01,1.729414579005469216e-02,1.115070356022468123e-01,2.022808486667009853e-01,5.039081308243684720e-01,1.443213491987977715e-01,1.000000000000000000e+00,3.231531917349146354e-01,2.506301257286315254e-01,-9.262515946004035161e-02,-8.452435834867927378e-02,-1.288147671815596806e-01,-1.018882832977242997e-01,4.987978323336660948e-03,-3.722449853303185646e-02,1.011558488987414003e-02,-7.763204750257350281e-03,-2.658166827236301683e-02,1.220426831525711457e-02,-5.478314077047184011e-02,-2.522339878901072238e-02,2.302532324775918154e-02,-4.528490196643839699e-02,4.028180447253394691e-02,2.748714153546937943e-03,4.954264510343303965e-03,9.301855654323142042e-02,7.040883794120859906e-02,8.146419161069973214e-02,1.001566726263528051e-01,7.942906082380976618e-02,2.435692237545346653e-02,2.117222957048804644e-02,-4.848426906128723568e-02,-9.315811865590022112e-02,-6.380476287197904550e-02,1.409398713481502807e-01,-1.330291303298592256e-02,-9.297635713567188598e-02,1.013217537777496291e-01,1.008050775336956778e-01,-3.538100188234611504e-02,-2.081690507868699802e-02,-2.133230417430614922e-01,-1.718234704335047380e-01,-3.778872192473026886e-02,-1.056508424021501552e-01,-1.617825776435389759e-03,-6.320427159165439845e-02,-1.032307900372036180e-01,-1.616656967337765788e-02,-3.068203562412139679e-02,1.784889660823404250e-02,5.309500360557914411e-02,3.764589951671973994e-02
4.454694810759358969e-02,2.983188324986131915e-02,2.972103237236356152e-02,7.849009390113360907e-02,3.948825084024282228e-02,-3.040844149206177460e-02,5.974692896620731331e-02,-1.227818590681504889e-02,-3.998941592531543576e-02,5.942186163595610665e-02,2.001888818997129074e-02,8.771321711699392454e-02,1.129674897974982661e-01,1.818686464176515749e-01,1.803293380420704639e-01,1.916824010286499458e-01,1.931085309202544564e-01,3.231531917349146354e-01,1.000000000000000000e+00,4.643139436615640880e-01,2.428136777344236039e-02,1.047639736346539785e-01,-8.593849770768521856e-02,8.298787245918990210e-03,2.950924303165811113e-02,-1.919616900133833959e-01,-1.674262681631576155e-01,-2.243395093004708907e-01,-2.407040116748866143e-01,-2.257870097672819709e-01,-2.504612816013562226e-01,-1.756277682862215916e-01,-1.429517087377266404e-01,-1.907642649332700890e-01,-6.622243562029447861e-02,-3.742941192692001567e-02,-7.407310533158352472e-02,8.388267508480902468e-02,1.892343232808149089e-01,1.277942773390327025e-01,2.685955733956445490e-01,1.004381587313038365e-01,6.660876362047281340e-02,1.913342158657382885e-01,1.324862881150919436e-01,1.178135007864200036e-02,1.425829531213288481e-01,2.287527812938859317e-01,2.139914046451615870e-02,8.499948742679634683e-02,1.367289936774239989e-01,2.132917136748633258e-01,-3.090658535886472297e-02,-1.189473111304345521e-01,-1.355341979686681686e-01,-1.581497232029924205e-01,1.427070620363610903e-02,2.465249250921030741e-02,-6.767261986699747191e-03,2.663963719176993400e-02,-4.984399428496796153e-02,3.632090368896151444e-02,-5.427421942326250692e-02,-3.521476535485265624e-02,6.579334077712563865e-03,-1.752189376077959923e-02
1.105714254329761941e-02,2.119143933467161275e-02,1.506633015501153069e-02,5.608363469494218045e-02,8.894650421539887497e-02,1.338890462492265537e-02,5.054180924171759043e-02,2.624334628598957650e-02,-1.144474183309307919e-01,1.175639984457606257e-02,7.988313526060290826e-02,2.157046830292503464e-02,2.185901921948938398e-01,1.796886776842207822e-01,1.611927358121476306e-01,1.403966713291244506e-01,1.394516245778164298e-01,2.506301257286315254e-01,4.643139436615640880e-01,1.000000000000000000e+00,2.387577997284135445e-01,1.362805606127505953e-01,1.912210890548544373e-01,5.523752736476883474e-02,-1.155093649985730747e-01,-3.540646066841592332e-01,1.161592140043798266e-02,-3.445400200960836434e-01,-2.330296838900746681e-01,-2.327521734496902361e-01,-2.681311055680414279e-01,-8.849125607661860460e-02,-1.752152788923680982e-01,-2.357829870063103961e-01,-6.297636890052563108e-02,-9.065204825330484828e-02,-8.615145408197420751e-02,1.180660740851032509e-01,2.375476694615240025e-01,1.452688587871247272e-01,2.675093138118710412e-01,4.997704138069290064e-02,5.584329035751302815e-03,1.836364426910172265e-01,1.482816368499082216e-01,-3.447911711386586042e-03,1.905342792721556044e-01,1.962178886436330982e-01,-2.805125892213883657e-02,7.315663299212744886e-02,4.479800476057767267e-02,1.205715686936412873e-01,-1.371161732335947625e-01,-1.652776777375642159e-01,-1.151418062026567241e-01,-9.424164891988748294e-02,-5.936417570364863061e-02,-1.412536911727167201e-02,-5.257975642298902408e-02,-2.423768699295205178e-02,-6.580235969172348875e-02,3.672133177536819615e-02,-6.964466431893120979e-02,3.831306325699752185e-02,7.114683506519597911e-02,2.848238873175101132e-02
5.896165844229622061e-02,6.440357224955964299e-02,7.785298848483425405e-02,5.360016882270690619e-02,1.347233799159024692e-01,1.218305842575497233e-01,9.253047800490646346e-02,1.112913237926071441e-01,-5.818136045095913776e-03,3.339173926130106079e-02,1.921847172601244269e-01,9.256279239351880572e-02,1.721323724785069897e-01,1.617077066474147465e-02,-8.522382500574026895e-03,3.920365145719580807e-03,1.096759144509988800e-02,-9.262515946004035161e-02,2.428136777344236039e-02,2.387577997284135445e-01,1.000000000000000000e+00,3.131598748997805326e-01,1.498884779082114149e-01,-2.916924194169824309e-03,-1.350128634405379779e-01,-1.194122937775054516e-01,1.924655152872640773e-01,-6.554096114653716609e-02,5.048834462350083874e-02,-1.944318639125141440e-02,8.930164173736136746e-02,6.163648483309707576e-02,-3.064600424934082676e-02,-5.638092744729938238e-03,1.200582767938745792e-02,1.210506397956496137e-02,-7.846620653213608318e-05,5.464490391438554112e-02,1.095966324398467834e-01,-2.942379453868951972e-02,5.334374605041982548e-02,-4.954820748081687626e-02,-4.008389779930730812e-02,6.350142409291768819e-02,1.015136533779483208e-01,3.816856902547074298e-02,1.382319729939924247e-01,-2.198034816960279039e-02,-6.760336597480934295e-02,2.395603590438030728e-02,-8.500455567464580697e-02,-9.485388601363234362e-02,-1.435426164561061091e-01,-4.007409289370991723e-02,7.794979229973365842e-02,1.257929901990410271e-01,2.091677404432762399e-02,9.117241748619786534e-02,4.955935027296159978e-03,5.176955356456608426e-02,2.880488459085692871e-02,2.646362503174433042e-02,-4.627188404428961982e-02,-2.222741623923800945e-03,2.267378117677228827e-02,-6.038164942007146277e-03
6.835491104596777556e-02,6.339336061593546512e-02,4.038581643613671501e-02,1.526326898590634751e-01,8.469043563090254689e-02,5.427372682875691856e-02,1.968455585921572992e-01,1.323504490374989295e-01,3.734527306765962618e-02,1.721141950570508061e-01,2.179621776475282879e-01,2.003759232365019405e-01,2.061121598210486627e-01,1.698711016921104211e-01,3.079033158815372428e-03,-5.854483137678337216e-03,-6.630171403639215089e-02,-8.452435834867927378e-02,1.047639736346539785e-01,1.362805606127505953e-01,3.131598748997805326e-01,1.000000000000000000e+00,2.582002016897227969e-01,3.062546534979924129e-01,-1.062490656919292259e-01,-6.711758473373802270e-02,2.213201810149689752e-02,-1.317626389526860842e-01,-1.932035937174229334e-01,-1.650053531323421308e-01,-4.049514170373261224e-02,-1.482640752540547446e-01,-1.407751692441420455e-01,-1.457409215893632481e-01,-1.307719372165410676e-01,-2.883772218380750013e-02,-1.279701232937477395e-01,-1.388713957791139382e-02,1.973991672347452930e-01,-2.896921910632608080e-02,1.640162451119259734e-01,-1.847382885840381447e-02,4.132046626482743790e-02,1.230809286793911050e-01,7.380107549329499583e-02,-1.123180251008578691e-02,1.991815537008466142e-01,1.036419147704703975e-01,-5.282316252233425213e-02,6.898384587730155282e-02,8.227902398628499092e-02,6.890520005381288449e-02,-4.571792826913154140e-03,6.050673910962313731e-03,1.092033466558168207e-02,-1.922404113102201386e-03,1.323243749778847400e-01,1.122822394555049175e-01,4.801695073591857182e-02,1.260681591816000258e-01,5.610749690801643264e-02,7.301529741459393541e-02,-3.447275409810280494e-02,-3.262813877921544314e-02,-3.133321913620479987e-02,5.799886446013768210e-02
-1.195802124847604800e-02,4.015588830289777700e-02,2.794677414352238209e-02,-2.007603795537022534e-02,9.384087322215516058e-02,-7.638227038951357802e-03,-2.722527187145667993e-02,1.387515748025387741e-02,-1.732897867011674864e-01,-7.947604563516962040e-02,4.152687481501105699e-02,-7.569844652456554635e-02,1.655312167016059488e-01,7.424434398820703440e-02,8.912774356959057842e-02,-8.072235879010003501e-02,2.634837667229984401e-02,-1.288147671815596806e-01,-8.593849770768521856e-02,1.912210890548544373e-01,1.498884779082114149e-01,2.582002016897227969e-01,1.000000000000000000e+00,5.126240092992194741e-01,-9.186050172868544250e-02,6.436317778044144296e-03,1.030631848423285146e-01,-1.474922121403100528e-01,-1.807982816233606738e-01,-5.037667374002934711e-02,1.085366546303026623e-03,-7.140208936238429116e-03,-8.570919793917507190e-02,-1.720690050052814113e-01,-1.512027870121441242e-01,-9.775029618402604481e-02,-1.926023203104382242e-01,-1.506230400148690987e-02,1.709789350092828786e-01,-9.847216006380081141e-04,6.047674896578135451e-02,-2.203737409174699735e-01,-9.508137272508581511e-03,2.876413319151771217e-02,9.571153075637683916e-02,-5.901630375378505433e-02,9.036700265199128224e-02,3.845604932550166638e-02,5.468579671743750356e-03,6.509326528403801271e-02,-8.947825163548374372e-02,-7.016646004873200448e-03,-6.246460294009947845e-02,-9.937666836872767473e-02,6.690381542932249091e-03,-1.790200423348920974e-02,-7.181300493252040784e-02,-2.511072372035566894e-02,-1.135154638479562855e-01,-1.701501526202834833e-02,6.375251864099526489e-02,2.772393237211305886e-02,-2.622979337120195931e-02,8.879936182708636494e-02,8.959477593804698881e-02,6.819445612503509391e-02
