1.000000000000000000e+00,3.591618306167080332e-01,4.259654140335292771e-01,-3.469991015374961907e-01,-2.376712373120151156e-01,5.022584085142446364e-01,1.014953500820415522e-01,-4.963459017537087958e-01,5.229477791294845357e-02,5.086818981639480430e-01,-1.940796847679324422e-01,-4.329965144517127773e-01,3.376907985379054011e-01,3.346914519877987604e-01,-3.653319314344631863e-01,1.187616695467657441e-02,-3.205655402958698108e-01,7.181813628343856892e-02,-2.745330769857716735e-01,-2.131691044829429893e-01,-2.533000074352206310e-01,-2.248574027369275030e-01,-1.541589388299105801e-01,-2.183143297000609273e-01,-2.283664967397462664e-01,1.724134663292786473e-01,-1.873490847602292675e-01,1.875150533663532404e-01,2.813903994018807642e-01,5.030951329272799200e-01,1.889900474875368941e-01,5.508016471777115175e-01,3.304133155075833495e-01,5.170256714958157973e-01,3.673031128622058494e-01,2.175951159540736313e-01,4.814818120426012094e-01,1.838313827856783989e-01,3.588164035657321338e-01,-4.190052766522244232e-01,9.088973032725131129e-02,-4.289745110808977913e-01,1.156170128438946398e-02,-3.173239740228331884e-01,-3.504187817027832885e-01,-3.949248419582538361e-01,-5.262875767237097380e-01,-3.288940019771152690e-01,-4.871816438549617101e-01,-2.080823267825742673e-01,-4.520611349806550883e-01,2.356943157554472479e-01,3.355005932719563599e-01,5.459716884529187686e-01,1.206287739624573030e-01,-2.331188181156416406e-01,2.374177179332312426e-01,4.913240773138989326e-01,-1.500835366371343349e-01,-1.351065393294442196e-01,4.945743105833983466e-01,2.496868748435085716e-01,-2.855288865963356848e-01,2.207213241147709670e-01,5.113880621990439801e-01,-5.966460042010977849e-02,-1.972083211976998207e-01,3.798064273529314638e-01,3.269800384291235429e-01,-4.125948282450013216e-01,-1.453852619465051399e-01,1.031028496472973649e-01,3.959603332479880722e-01,-1.948180171685568729e-01,1.997376233326850214e-01,3.405354158480988942e-03,-5.738183545023294030e-02,-5.368556865396004740e-01,-3.100526240696063751e-01,-4.123798135364949435e-01,-4.219308760533007074e-01,-2.379657725874569085e-01,-4.340548468870871202e-01,5.054057091821871628e-02,-4.631982871016906977e-01,-8.253385367326139532e-02,-4.300543400405007488e-01,1.844709498635490885e-01,-3.634080914786720351e-01,-1.077636481836489329e-02,-1.436972803280271160e-01
3.591618306167080332e-01,1.000000000000000000e+00,7.489114882399439121e-02,-4.523395367549872814e-01,4.947853054107373416e-01,7.937833013427351148e-01,-3.248447452260718182e-01,-2.803668583866899544e-01,8.109994160265416863e-01,4.659998622757788311e-01,-5.140994033429745480e-01,9.887437835980297796e-02,9.145687751094403461e-01,5.109557530948023729e-02,-6.109875178735839629e-01,3.756697828913458381e-01,-4.301199670826883481e-01,1.846155203738371886e-01,3.271424185538161500e-01,-6.375710679703265882e-01,-6.416305000808645298e-01,4.379626297888281061e-01,8.915328748408365978e-02,-8.889857201681022891e-01,-1.952824157250006298e-01,-5.433722276591790301e-01,-5.425051169629667713e-01,-4.709693602515218624e-01,-1.319008920759838777e-01,1.132067578338009500e-01,-3.306953202032248407e-01,5.268070716467875281e-01,-1.562255783788764063e-01,5.803838347185460433e-01,1.190424757521072463e-01,6.944550050151578890e-01,1.944880514006223637e-01,2.721012707729390523e-01,8.509937368059355967e-01,1.609243166359299385e-02,-1.142274476312858389e-01,-5.700210098768372369e-01,-5.950273419526947993e-01,-7.409137826404308402e-01,2.416623892508472093e-01,-6.743627971578779468e-01,-3.802844514987198110e-01,-8.646158745628983455e-01,-2.182762134265129328e-01,4.184729711860846191e-01,-1.699604919828495153e-01,6.967988466374854806e-01,5.355889083630340775e-01,3.935357595371237749e-01,8.443660746922652116e-01,-2.042420123065559201e-01,-4.415216780624441339e-01,7.686429493307680438e-01,4.837059175027967339e-01,-5.638044710560813355e-01,9.110309641633886069e-02,9.116652784785672647e-01,-4.238772431269509713e-03,-3.679507168467184286e-01,6.001097362298445370e-01,7.042318545497747717e-01,-3.003245938233767842e-01,-1.826916036146636613e-01,8.131081698793695134e-01,-1.358485964636511889e-01,-8.297931487237298898e-01,-8.961435397160338878e-02,-1.554735434274866213e-01,-8.571263905371618863e-01,-2.662760985241635625e-01,-5.960824943499775097e-01,-1.505404061298397100e-01,-4.710981547104129419e-01,-3.929500313517431120e-01,1.311774194198335186e-01,-2.905191071619918075e-01,4.735149889375221965e-01,-1.792349767988432596e-01,7.007015077429551431e-01,-9.852180099674717750e-02,4.451963039258719501e-01,5.710873288568557582e-02,6.923413690939200782e-01,4.667835314781543926e-02,6.234106725441382890e-01,2.075549886159465118e-01
4.259654140335292771e-01,7.489114882399439121e-02,1.000000000000000000e+00,3.090714949769403017e-02,-7.187814427435923470e-01,5.211423147426570424e-01,7.832104900601644104e-01,-5.280154205354726793e-01,-4.210152124846843202e-01,8.813767026929659743e-01,3.535106108333022079e-01,-7.897196228386371697e-01,9.231238871695879311e-02,9.443484007371186761e-01,1.010461013704697271e-02,2.630962723815116200e-01,4.352899981799479567e-02,5.271575642473148582e-01,-4.380383825798713215e-01,3.066591136059763634e-01,-4.814876032535233552e-01,-8.006336903256935367e-01,1.542510238763115660e-01,1.507047177169394681e-01,-7.688807266612818214e-01,4.368366643998339294e-01,-4.779636839480005950e-01,3.629317753436397398e-01,2.058346483285620754e-01,8.180782411064302373e-01,1.443838296581054226e-01,6.428562200951657424e-01,3.760334910944458375e-01,4.344737196343060881e-01,2.239981910698599088e-01,-3.150160997343838254e-01,5.461242077498431602e-01,-2.976809449543686426e-01,3.561992180649466433e-01,-5.441229718291392681e-01,7.099743113595393673e-01,-1.544817196576442619e-01,6.507365097698859513e-01,1.178773804151806437e-01,-6.023877440457825472e-01,-5.797527513686329126e-02,-5.860466925987862785e-01,-3.100018372942506262e-01,-5.299319752188190735e-01,-2.361592879243667176e-01,-4.538157788436085194e-01,3.054517370362049844e-01,5.907819039218297208e-01,7.461268452186091693e-01,-2.704843104837261758e-01,-7.582689987450624836e-01,5.305136998650668012e-01,5.755046528828485775e-01,-7.866990829277260566e-01,-3.435861946124605382e-01,8.549603893612297556e-01,6.639559701777715539e-03,-9.123301754189644397e-01,2.823497663539416003e-01,7.833046520232750387e-01,-5.497051877408769549e-01,-6.747774388260580070e-01,6.263541347273896553e-01,-6.016182657605709250e-02,-9.677346748421516986e-01,-1.593474968768328684e-02,-2.692600282772578124e-01,6.691703555553247806e-01,-5.106635442746147030e-02,1.203322191336199526e-01,6.304400229563081881e-01,4.817932936925365950e-01,-5.669710992846991315e-01,8.045935499445749928e-02,-7.085587745660416603e-01,-2.681457446215245732e-01,-5.789269663219018813e-01,-3.893514906807930553e-01,1.210418423140450887e-02,-5.813824830446912006e-01,-1.031590719423768803e-03,-6.710901038437979693e-01,2.951671136892830560e-01,-5.037858988057789533e-01,-2.936181177680156074e-01,-5.123096681429141208e-01
-3.469991015374961907e-01,-4.523395367549872814e-01,3.090714949769403017e-02,1.000000000000000000e+00,2.056546117088215581e-02,-5.882641173999704209e-01,6.198766919339878667e-01,8.064395596894124996e-01,-3.903570849609749871e-01,-2.443513910900164954e-01,9.228139844436547001e-01,3.921480434558623496e-01,-5.746831344531284635e-01,2.480051748428513114e-01,9.551773663717557650e-01,5.598669393673073591e-01,9.544055632445263004e-01,6.081179734832251604e-01,4.689735231137856508e-01,8.629916452004533500e-01,-1.669961948205022917e-01,-1.669679553313466180e-01,7.996180567970982977e-01,5.120762089124202276e-01,-4.396538728307380350e-01,-2.327428113924976394e-01,-3.210557957590365885e-01,-3.690551887313573420e-01,-7.410234352281087622e-01,-4.644856335622531418e-01,-6.106593781469840110e-01,-6.917538381091845601e-01,-6.735562815725307795e-01,-8.425231959946247740e-01,-8.814293488160201973e-01,-8.447925107701137470e-01,-7.624632213019426619e-01,-9.317250902354211606e-01,-2.569943531153547900e-01,6.638185425504515846e-01,6.709392858481535438e-01,9.491423418596992567e-01,5.903488627756303675e-01,8.745009899259768016e-01,4.620263346556277573e-01,9.294635238910561315e-01,7.666356304784331943e-01,2.308812702900241154e-01,7.723700634933878817e-01,4.802834105295693545e-01,7.857480090098466485e-01,1.706907458672910632e-02,1.043635593747470891e-01,-5.798354326914402224e-01,-3.422247403627616258e-01,-4.442556662510290799e-01,-3.017501063707931919e-01,-4.338118325001470987e-01,-3.824014762174129944e-01,-3.553725558258687411e-01,-4.037483967559079567e-01,-3.720229025081847607e-01,-3.577341272260079474e-01,-5.346581441411966118e-01,-3.115310755532779696e-01,-2.365758526020837749e-01,-4.598351708022483941e-01,-4.927830361933822068e-01,-7.962180614200300433e-01,-4.877306600893410726e-02,4.914451942036304755e-02,-7.985293326029125893e-01,-4.659038065338438894e-01,1.483134879790760086e-01,-6.592159790128017116e-01,5.994272940960798657e-01,8.362124482672895764e-01,7.734190612873311776e-01,9.796943135613532805e-01,4.540547888652575192e-01,9.185686067361007456e-01,2.199441676101164533e-01,8.395269552339119645e-01,1.947648813650122435e-01,6.956652312090184642e-01,5.213562764382486669e-01,5.318251162235642093e-01,1.672476770078321628e-01,5.844412137602897905e-01,-3.647469984662918968e-02,-1.331507838058634541e-01
-2.376712373120151156e-01,4.947853054107373416e-01,-7.187814427435923470e-01,2.056546117088215581e-02,1.000000000000000000e+00,-2.723980526757614935e-03,-6.324383483906618197e-01,5.311223162147763466e-01,8.501232616830257660e-01,-4.174921112956207492e-01,-3.198818883348847342e-01,8.810791077563923102e-01,4.484894455913762679e-01,-6.055705019791718380e-01,-1.146277510263832150e-01,3.430620335066901783e-01,7.034191253063091717e-03,-8.349475618903335131e-03,8.247126817480302519e-01,-4.148017053210938387e-01,-2.244640884937043612e-01,9.365008707989828096e-01,2.910481513667537712e-01,-6.496134066294693143e-01,2.639747261290044666e-01,-9.039023168143797138e-01,-2.101097727940052784e-01,-8.418565258007747465e-01,-5.897281229926493173e-01,-7.568802499482563118e-01,-6.529669962952463491e-01,-3.649474650647162588e-01,-7.176157331872335954e-01,-2.164807315855349912e-01,-4.525085665644203448e-01,4.771818286788612196e-01,-5.958788722226693313e-01,7.138389112987880702e-02,3.213919883138102174e-01,7.289584778435564960e-01,-3.784005810794149882e-01,4.699594310693219062e-02,-7.704651441200462969e-01,-3.459606527475250215e-01,8.802825421297797437e-01,-1.264511771123969786e-01,4.741907762072414267e-01,-3.808549889272274669e-01,5.687877095337047217e-01,7.464704339707695091e-01,5.558119443997053821e-01,3.480827468983528905e-01,1.759400276916485428e-02,-5.125628037408611615e-01,7.808609180236962821e-01,2.456129851143340481e-01,-9.223427073456984537e-01,2.667403862154513194e-03,8.733615690423365274e-01,-3.503026160208930762e-01,-7.772330731844117047e-01,6.033932988409150822e-01,5.732390046759116009e-01,-7.621623120919385208e-01,-2.540047255340261434e-01,9.289899342482803579e-01,9.124554900624567977e-02,-8.610495007873332218e-01,3.930016637738709129e-01,6.378885866609950162e-01,-6.625911321048354452e-01,-1.972348842682501990e-01,-8.631680139776762850e-01,-6.166448424923581806e-01,-5.998963004375800212e-01,-7.500494579623859792e-01,-1.569764089013259145e-01,3.854524459742192932e-01,2.023137672964294212e-02,8.692188835102245825e-01,3.594730658228574294e-01,9.534604682029476086e-01,5.174527341578183393e-01,6.622826291200503146e-01,6.773445814281585653e-01,5.961534169142346240e-01,8.100913793475165159e-01,4.160215277273608403e-01,6.875297993555274934e-01,7.331718021603491620e-01,5.304402952450379960e-01
5.022584085142446364e-01,7.937833013427351148e-01,5.211423147426570424e-01,-5.882641173999704209e-01,-2.723980526757614935e-03,1.000000000000000000e+00,-2.396233092787017696e-02,-6.902520153803719527e-01,4.904443713935943139e-01,8.410034301514673905e-01,-4.578362972918431084e-01,-4.268560463260605009e-01,8.705332553649273164e-01,4.327100107218497249e-01,-7.049997668109447835e-01,2.457301813356427556e-01,-5.576194661718505419e-01,2.243474543666821863e-01,-1.068618146752100678e-01,-5.540807568512327030e-01,-6.558375358215928763e-01,-2.873827411387900807e-02,-8.236632737043951547e-02,-7.148045437995991236e-01,-3.971859508100102354e-01,-1.150254833451283543e-01,-5.401261555694604199e-01,-6.116626062189800539e-02,2.115830406779309614e-01,6.137072643810816963e-01,4.935861480191135273e-04,8.918540036862343534e-01,2.587610724441679610e-01,8.698078044466369674e-01,4.414863967189147642e-01,5.850637091252562927e-01,6.218910478612785786e-01,3.102793978291913390e-01,8.653250810866340847e-01,-4.408849417283250971e-01,7.977756083758823225e-02,-7.536401731489680289e-01,-2.774051983496405027e-01,-7.240024780510571079e-01,-2.486892668513024374e-01,-7.779061599293243257e-01,-7.784056464480997306e-01,-8.453474060209952290e-01,-6.338655772623994489e-01,5.619463859082980683e-02,-5.640746459387643297e-01,6.532708373806200841e-01,6.455172316996965476e-01,8.138739563107559860e-01,5.770785192396399310e-01,-3.975886437046622368e-01,2.355909765782026460e-02,9.632591370254141028e-01,7.223257874966179659e-02,-4.804935575540198456e-01,5.996807404036551548e-01,7.705327197032872943e-01,-3.523015529533069512e-01,2.040334118852350428e-02,9.083117280864265730e-01,3.072618302248564803e-01,-4.218702967289934547e-01,3.118938737594026955e-01,7.815927484707780870e-01,-5.604719524076933190e-01,-6.234533562302396748e-01,2.533319237440265909e-02,3.444560443707614383e-01,-6.909021231069324420e-01,4.820239581465594891e-02,-2.899563273399075047e-01,-1.050030453767951677e-01,-8.361068219479613761e-01,-5.183558796497326204e-01,-3.787890291897480499e-01,-5.980473968922810357e-01,-9.544334589354608973e-04,-5.559055538047109613e-01,4.613582064684744743e-01,-5.514529087668333940e-01,1.779065851030331991e-01,-4.363352532375137094e-01,6.020498265085700851e-01,-3.752687178764388953e-01,3.119959008180905879e-01,-5.818503387914487901e-02
1.014953500820415522e-01,-3.248447452260718182e-01,7.832104900601644104e-01,6.198766919339878667e-01,-6.324383483906618197e-01,-2.396233092787017696e-02,1.000000000000000000e+00,5.208590551809723357e-02,-6.656987775813930641e-01,4.952935139532343989e-01,8.476536128793453750e-01,-4.323380127274318863e-01,-3.733919236417383991e-01,8.697411382376248890e-01,6.085336691617126981e-01,4.456565257818221881e-01,6.068908628738962641e-01,7.095889538616483305e-01,-1.484817356429762314e-01,7.974726798835291008e-01,-3.692870017874353983e-01,-7.884097936807933360e-01,5.311311865735930393e-01,5.277392994845088170e-01,-8.097065350964587349e-01,3.059555751995031159e-01,-4.635565837537191647e-01,1.638818829677643196e-01,-2.093021199607248140e-01,3.828746517958999118e-01,-1.578331116476478224e-01,5.993912121880969057e-02,-3.556731034055061330e-02,-1.933736320144295862e-01,-3.087330310833379388e-01,-8.036771254966667000e-01,-3.046143369210869197e-03,-7.707175695277140859e-01,1.357466977347600648e-02,-8.021353625341824667e-02,9.336055077033231786e-01,4.691424299495966510e-01,9.186679407655832241e-01,6.710401787319313360e-01,-2.680886410006341203e-01,5.508567089419657004e-01,2.077042824139617525e-03,1.124012470031790153e-02,2.416615464509569780e-02,2.842823816381427702e-03,8.338357252302742995e-02,1.430435570346138274e-01,4.388631868321029028e-01,2.213867396910066121e-01,-5.251001998460845810e-01,-8.024757429564126632e-01,3.271136696204509087e-01,1.058819607195332496e-01,-8.983794085567620158e-01,-3.723040156238163756e-01,4.472371051899399763e-01,-3.325544055073699212e-01,-9.089995352389982353e-01,-2.890086289441713696e-03,3.607562138947250641e-01,-6.681633063218451740e-01,-7.293972343311060369e-01,2.607033868502901530e-01,-5.959708613369996133e-01,-7.686711468561506777e-01,1.422306602743577952e-01,-6.223689295490373308e-01,3.052991541962600808e-01,1.709587667389937393e-01,-2.130365055781548722e-01,9.071857172040481698e-01,8.466744277543304387e-01,3.485752751195224375e-02,6.437613272960586164e-01,-3.393365688842046035e-01,3.200672456852475811e-01,-4.131825583517712563e-01,1.643963802107406280e-01,4.080031840056922050e-03,-7.563169183643672633e-02,2.063065587554623326e-01,-2.571107823270308845e-01,2.146161646627130215e-01,-9.452247113495769459e-02,-3.464716963703626251e-01,-5.065577674032402111e-01
-4.963459017537087958e-01,-2.803668583866899544e-01,-5.280154205354726793e-01,8.064395596894124996e-01,5.311223162147763466e-01,-6.902520153803719527e-01,5.208590551809723357e-02,1.000000000000000000e+00,4.138486264822385796e-02,-6.501357805690285430e-01,5.459352432654541731e-01,8.413272230896964299e-01,-4.080514030848769735e-01,-3.126925651020077135e-01,7.539957078440308047e-01,4.337327936250415239e-01,7.667453409086416594e-01,2.858545869174136667e-01,7.481295274593644518e-01,4.907936811022605705e-01,3.651680276660599408e-03,3.968606235248143821e-01,6.612787227606585772e-01,2.114045182769954123e-01,6.487272067150794130e-03,-5.721904621707759597e-01,-1.207545711172015174e-01,-6.404054339408750129e-01,-8.250816744165494487e-01,-8.812540941031524744e-01,-7.085764131868557136e-01,-9.078883179201580056e-01,-8.672988967381991543e-01,-9.135569182204819061e-01,-9.154647675920288830e-01,-4.575356217439727757e-01,-9.791364204155803552e-01,-6.284803361251635190e-01,-2.789605663784222589e-01,9.280805970072202316e-01,1.799749077170205436e-01,8.500839651578118161e-01,4.778972407755713303e-02,5.907815354973212640e-01,8.207585212748602643e-01,7.566690062434378028e-01,9.715856809511673742e-01,2.256961860111325324e-01,9.756306310840777707e-01,6.590963628534844965e-01,9.532336861596467648e-01,-3.045516709276599454e-02,-1.439636291710139904e-01,-8.902515322369933815e-01,5.907270795591392301e-03,-6.022115232497483699e-03,-6.702837358581078542e-01,-5.847456993416614290e-01,2.000079190435499477e-01,-2.347366379609193698e-01,-8.504473057883015219e-01,-1.696767347126621472e-01,2.015801093422798507e-01,-7.264612159836837391e-01,-6.265692053161519004e-01,2.375920166240951814e-01,-8.774849863165273822e-02,-8.492358035534871563e-01,-5.383797670758011522e-01,4.918120800350955779e-01,-1.054199093731354037e-01,-5.920966094969406512e-01,-8.461156046112126017e-01,1.357453081905664544e-03,-7.257361864671487695e-01,6.813465869699639188e-02,4.571151807087568963e-01,9.480826128104279382e-01,7.752270196431803040e-01,8.540986497761410279e-01,9.425517637177320829e-01,6.292820170126524060e-01,9.633148538204099331e-01,3.070847533182571309e-01,9.581702200220727494e-01,5.648217606119404488e-01,8.895538884762911325e-01,1.144890635288300512e-01,8.367362896745044187e-01,2.554904647543500551e-01,2.155348591751507226e-01
5.229477791294845357e-02,8.109994160265416863e-01,-4.210152124846843202e-01,-3.903570849609749871e-01,8.501232616830257660e-01,4.904443713935943139e-01,-6.656987775813930641e-01,4.138486264822385796e-02,1.000000000000000000e+00,9.654954705620926586e-03,-6.250828867355455731e-01,5.232550830772871864e-01,8.311016286685690702e-01,-4.033627159144375640e-01,-5.482850135532451041e-01,2.849931077052806905e-01,-3.855295918983436265e-01,-3.264579360739682662e-02,5.824459030210150656e-01,-7.301557531441030813e-01,-4.160301408690229574e-01,8.263753558455591008e-01,7.117169810383169870e-02,-9.301678487060993650e-01,1.550041501346242356e-01,-7.801640847733894990e-01,-3.297840622643646857e-01,-6.800512369006256330e-01,-2.891461441617526051e-01,-3.291321162215767870e-01,-4.494052810341266913e-01,1.580096442313690952e-01,-3.935207335475723323e-01,3.052620351255037612e-01,-5.597943519953312713e-02,7.930728748656669103e-01,-1.318250072288914831e-01,3.531599656960570099e-01,6.581369230118032654e-01,3.345817389399677877e-01,-4.185975483311378254e-01,-4.261189173227243887e-01,-8.796978027796845678e-01,-7.393141585430257345e-01,5.764739462365908729e-01,-5.811897631926794539e-01,-3.407571106872724076e-02,-6.970100781593919770e-01,1.024233885950352752e-01,5.764480290047214739e-01,1.161313762254466558e-01,5.492772158292985596e-01,2.429023339799492032e-01,-2.043081297635081228e-02,9.576716865690614311e-01,1.414421454138932721e-01,-7.290007558209422589e-01,4.541199451119540820e-01,8.507520809445985321e-01,-4.212607847782413040e-01,-3.632352157578197516e-01,8.858880313888796154e-01,4.239353589401061440e-01,-5.496700983196310952e-01,1.894927459782195234e-01,9.633375882963234327e-01,8.465291624368068970e-04,-5.300852353022966756e-01,7.869230527837411948e-01,3.414501624382482725e-01,-8.211351346678509300e-01,-1.316090137430629865e-02,-5.238632429409572078e-01,-8.242497523140099869e-01,-3.757330371235829691e-01,-8.680313082182397055e-01,-3.300373755264008890e-01,-1.340317220601405512e-01,-3.639294598828409777e-01,5.182197576841389708e-01,-9.119382154894756232e-02,7.794885980360731770e-01,7.566103313272379283e-02,7.128794915692264755e-01,2.417583825586303303e-01,4.856098213924897600e-01,4.306925336882904687e-01,5.595030296752749877e-01,3.390380153043888733e-01,7.572039897510897122e-01,4.547094131813276263e-01
5.086818981639480430e-01,4.659998622757788311e-01,8.813767026929659743e-01,-2.443513910900164954e-01,-4.174921112956207492e-01,8.410034301514673905e-01,4.952935139532343989e-01,-6.501357805690285430e-01,9.654954705620926586e-03,1.000000000000000000e+00,1.143655173022865672e-02,-6.840818320876890235e-01,5.243467087407893690e-01,8.311966710192183472e-01,-3.305852394119234150e-01,3.476924438258389705e-01,-2.229265796476679329e-01,4.946744083667654612e-01,-2.774332311793022421e-01,-7.640694183830305797e-02,-6.859266972201676360e-01,-4.984161432895832244e-01,1.104820847713676585e-01,-2.934685148396793952e-01,-7.233322148026882781e-01,1.659630495579778320e-01,-6.288832655634777336e-01,1.428107953779675088e-01,1.814658571359518968e-01,8.027351424817146253e-01,3.152466941723242738e-02,8.458180942559719862e-01,3.148532844893678906e-01,6.971501384676844770e-01,3.162274183918629689e-01,9.086726649355535146e-02,6.218489189626641434e-01,-7.036060013709632965e-02,7.000622012894359703e-01,-5.214034493006224347e-01,5.200452823940292513e-01,-4.556239279810049836e-01,2.660272234112976419e-01,-2.854797410631191301e-01,-4.590499619771937767e-01,-4.157857846577247551e-01,-7.384432400364160376e-01,-6.639061330696095498e-01,-6.189833861641179658e-01,-6.209348914994521768e-02,-5.319543811719673609e-01,5.713343223185302078e-01,7.355703966013668049e-01,8.681608942626174441e-01,1.568506028859037171e-01,-7.177766052882900150e-01,2.964861167074382409e-01,8.712718162999990579e-01,-4.486479264256023058e-01,-5.174770014103735605e-01,8.203702432544789369e-01,4.304843525207197041e-01,-7.726213205324670152e-01,1.304224116254041610e-01,9.710343262140955778e-01,-1.580078272512779602e-01,-6.849785651120247065e-01,5.072276470529482051e-01,3.595097368819498707e-01,-9.025279606066660687e-01,-3.755416895223290807e-01,-2.121751846425051213e-01,5.538068471656639735e-01,-4.278778050242428299e-01,4.110757619677744140e-02,2.472165140036559350e-01,2.916464183694177925e-01,-7.607415150446719121e-01,-1.755123596761149207e-01,-5.993872856542659111e-01,-4.323240501091398791e-01,-3.180703184224387137e-01,-4.851429150019674896e-01,2.984255725741380427e-01,-6.072802178967887654e-01,1.508082468498016804e-01,-6.048033589210612959e-01,5.458305741795790311e-01,-4.647563589659919336e-01,1.174378808457124217e-02,-3.426138591223575336e-01
-1.940796847679324422e-01,-5.140994033429745480e-01,3.535106108333022079e-01,9.228139844436547001e-01,-3.198818883348847342e-01,-4.578362972918431084e-01,8.476536128793453750e-01,5.459352432654541731e-01,-6.250828867355455731e-01,1.143655173022865672e-02,1.000000000000000000e+00,3.789211887507556997e-02,-6.254137611717215384e-01,5.282043375681015895e-01,9.205707171427096602e-01,4.930656785463725655e-01,8.964455223267683293e-01,6.577618980784866176e-01,1.805163946150749599e-01,9.483424575833592218e-01,-1.876041524972144880e-01,-4.984895585246172933e-01,7.081361470327407481e-01,6.471677078067599176e-01,-5.989171445825995921e-01,5.667514590261851781e-02,-3.348474982100024810e-01,-9.788118820253964569e-02,-5.269092319719673734e-01,-1.281736897984647738e-01,-4.016616719183965234e-01,-4.562490645744617379e-01,-4.067534830160188797e-01,-6.645443822523243727e-01,-6.844989605752898054e-01,-9.460155657861164524e-01,-4.868989826671363264e-01,-9.343406941737087967e-01,-2.496199100208024158e-01,3.661799583350417442e-01,8.284911002389884205e-01,8.480919319957306302e-01,8.302932513659130320e-01,9.117672373116662010e-01,1.353084501369332393e-01,8.851655819717544338e-01,5.119375580921659008e-01,2.465398062707017390e-01,5.058945600058086800e-01,2.436401719227550833e-01,5.336199441338745908e-01,-9.795134183794742058e-03,1.958030581303866757e-01,-3.011799132007867419e-01,-5.363874278301816734e-01,-5.989181034340079757e-01,1.115598285507020913e-02,-3.071878085152371929e-01,-6.825394036140748355e-01,-3.130639181814252603e-01,-6.042343167310989388e-02,-4.784239876870726160e-01,-6.149238081646916099e-01,-2.837219438222609025e-01,-1.020720934637985716e-01,-5.200363005179565734e-01,-5.643266054279842958e-01,-1.622384312068451684e-01,-8.393396406915860641e-01,-3.506624038429418944e-01,1.901251773841078629e-01,-7.457694512463880487e-01,-1.306170834276624837e-01,2.657914824271624954e-01,-4.621072123109119523e-01,8.301757580417069571e-01,8.953883668285804731e-01,5.396498598507952771e-01,9.225380002580263472e-01,1.118192314347892374e-01,7.319438992806761579e-01,-1.026700369027491316e-01,6.035453177628420374e-01,3.795569913369843673e-02,4.018328060691196413e-01,3.554060067102485787e-01,2.043715840666995021e-01,1.147875861089578814e-01,3.084854852279566018e-01,-2.452458140187826763e-01,-3.242716938427683271e-01
-4.329965144517127773e-01,9.887437835980297796e-02,-7.897196228386371697e-01,3.921480434558623496e-01,8.810791077563923102e-01,-4.268560463260605009e-01,-4.323380127274318863e-01,8.413272230896964299e-01,5.232550830772871864e-01,-6.840818320876890235e-01,3.789211887507556997e-02,1.000000000000000000e+00,8.988252351285412611e-03,-6.324567030087387964e-01,3.037827692244661204e-01,3.301639908450308414e-01,3.636005311903567350e-01,3.455560476596647446e-02,8.520956221918036810e-01,-2.734134841360286172e-02,-2.100035865759611667e-02,8.066061350636216654e-01,4.348168612402198430e-01,-2.501633722600067888e-01,2.773544501176176125e-01,-8.072775745413541815e-01,-7.393683390067733174e-02,-7.951129780596629670e-01,-7.294378762634512459e-01,-9.531073172421582473e-01,-6.933443060002044689e-01,-7.381116595457319907e-01,-8.445290276545709407e-01,-6.271252075273406890e-01,-7.062266047826598614e-01,7.636802221671180890e-02,-8.676725050200042588e-01,-2.108487780694041913e-01,-4.049262338924834032e-02,9.090590277778128891e-01,-2.337842749533739217e-01,4.600733745146229348e-01,-4.814067280541338700e-01,8.941203431654763667e-02,9.442618272625360465e-01,3.113268693095327944e-01,8.124406437569959838e-01,-2.374986993254462816e-02,8.515985256529894354e-01,7.326773927610312764e-01,8.197550340441500660e-01,1.001712934610355654e-01,-1.690425515684065849e-01,-8.221226643541542645e-01,4.417199163350175040e-01,2.611372440963801167e-01,-8.801622937972458649e-01,-3.870571559155216446e-01,6.774796040869280889e-01,-2.232143495212585149e-01,-9.555332060239024594e-01,2.176995656046872563e-01,5.523983052693633988e-01,-7.825289331460956177e-01,-5.739693061795241302e-01,6.804687099972556164e-01,1.281095771653305571e-01,-9.524597625057016348e-01,-5.192994927158135765e-02,7.330376525471690163e-01,-3.779346995548173993e-01,-3.325141580909842798e-01,-9.601963681275061946e-01,-2.963924247500662745e-01,-6.689816664702431526e-01,-4.573296624520610809e-01,5.183130912062088730e-02,7.520827393655785675e-01,3.669914199011576894e-01,9.747749900612397989e-01,6.815428467945093827e-01,8.845034825543535151e-01,7.937082272472945066e-01,4.757223881752334904e-01,9.064741719583995216e-01,5.695013589721302782e-01,9.567351830693479053e-01,2.078962299059781416e-01,8.390942339957490059e-01,5.433341399277318295e-01,4.618576073000122961e-01
3.376907985379054011e-01,9.145687751094403461e-01,9.231238871695879311e-02,-5.746831344531284635e-01,4.484894455913762679e-01,8.705332553649273164e-01,-3.733919236417383991e-01,-4.080514030848769735e-01,8.311016286685690702e-01,5.243467087407893690e-01,-6.254137611717215384e-01,8.988252351285412611e-03,1.000000000000000000e+00,4.258613155029495473e-02,-7.377906952478077152e-01,2.955534752705826773e-01,-5.565298693009532727e-01,1.137671899079163024e-01,2.415405124940833148e-01,-7.381351874810202496e-01,-6.210977434016687893e-01,4.262757559657268103e-01,-2.139692186933742427e-02,-9.398476506218208515e-01,-1.546332674825310893e-01,-4.846019971488296219e-01,-5.024076519973479371e-01,-3.958841448833765320e-01,-1.652446365663885752e-02,2.055555579394643118e-01,-2.322304070882107718e-01,6.374608923428224383e-01,-4.327004852522528533e-02,7.028912064238824753e-01,2.501287676819777261e-01,7.883473816466295414e-01,3.178886694811079994e-01,3.871558751142887833e-01,8.806844501834237837e-01,-9.862543980426238810e-02,-1.807690284437991068e-01,-6.972522218876884281e-01,-6.434044344308073038e-01,-8.446574732265602625e-01,1.486191129251041854e-01,-7.945849048366299128e-01,-5.030728051513241317e-01,-8.906957520870216749e-01,-3.428963155419340048e-01,3.349106259576243305e-01,-2.911491679090090212e-01,6.926003845765572597e-01,5.236917675691438179e-01,4.932160308852256425e-01,8.676244232106790077e-01,-1.622435772677846555e-01,-3.710760486412840176e-01,8.352125143214065295e-01,5.021426113289858550e-01,-5.139466043968721198e-01,1.769161119555762718e-01,9.468481377097379692e-01,1.446706696971495829e-02,-2.751276285972866775e-01,6.609813611429178337e-01,7.052835247552600162e-01,-2.549727700077671355e-01,-8.636195185473709290e-02,9.030296428531074948e-01,-1.612516466897365164e-01,-8.182393969759733654e-01,1.751441329557993851e-02,-6.346195021584068174e-02,-8.613306265599277589e-01,-1.628700845281424447e-01,-6.450364636186303180e-01,-2.488673549168977650e-01,-5.902853057079868737e-01,-5.209028443060045310e-01,3.854789951844313917e-02,-4.246238990800842994e-01,4.122975244832939312e-01,-3.088877049571663869e-01,6.594677250155089876e-01,-2.165123278740892498e-01,3.620419411770448570e-01,-4.373111056134117852e-02,6.654691797908705020e-01,-5.556923686000036361e-02,5.972828767034472630e-01,2.056880467937508283e-01
3.346914519877987604e-01,5.109557530948023729e-02,9.443484007371186761e-01,2.480051748428513114e-01,-6.055705019791718380e-01,4.327100107218497249e-01,8.697411382376248890e-01,-3.126925651020077135e-01,-4.033627159144375640e-01,8.311966710192183472e-01,5.282043375681015895e-01,-6.324567030087387964e-01,4.258613155029495473e-02,1.000000000000000000e+00,1.996010692802774600e-01,4.651321517194665356e-01,2.542140435907324081e-01,7.012475764333498951e-01,-2.354833180047848085e-01,4.478620146316978357e-01,-5.949097630398864078e-01,-7.471100278010212037e-01,3.876292099367832922e-01,1.649316432074232619e-01,-8.837994552175225671e-01,2.722466076125862333e-01,-6.244823437488893347e-01,1.722329101018351127e-01,-3.549345205931716402e-02,6.618231262233252865e-01,-8.364090370590888945e-02,4.874714928887895482e-01,1.436852458937487864e-01,2.523388468825466524e-01,-2.300771644826601556e-02,-4.445416694044628247e-01,3.274970512602797812e-01,-5.114468802258811397e-01,3.834652887015563283e-01,-3.242588873081536094e-01,8.500557729039024402e-01,4.574991929353833947e-02,7.050680885935148856e-01,2.597639401378185608e-01,-4.069169697965674959e-01,1.173416441071659239e-01,-3.909925266248883147e-01,-3.494767906120632150e-01,-3.135200323764382180e-01,-2.840111681506948121e-02,-2.304735595289308381e-01,3.943668538555408221e-01,6.663232433783007336e-01,5.987483203800867404e-01,-2.358689204231152747e-01,-8.795600750919478905e-01,3.561119461266339381e-01,5.317903295403449970e-01,-7.902934768343233829e-01,-5.083893010750969443e-01,7.119179311657912734e-01,2.766033113106986657e-02,-9.725362532130770177e-01,6.568561073820949892e-02,7.416440862142422707e-01,-4.964834783458695333e-01,-8.171495431293187561e-01,4.309078368492690325e-01,-1.749050510935618585e-01,-9.525563570512459721e-01,-1.145896108683736730e-01,-4.959010076714954751e-01,4.806024385222398831e-01,-1.253607977904474258e-01,-1.114752188364497021e-01,6.868652638240405617e-01,6.761972128756690292e-01,-3.830702780361790460e-01,3.028169646039755025e-01,-5.264942037879182246e-01,-3.324130544452365971e-02,-4.212819284474962345e-01,-1.556460529534278714e-01,1.654388134004224908e-01,-3.677953327832060859e-01,2.112000922641234790e-01,-4.777333657557244484e-01,4.289032514509057981e-01,-3.028865753516810644e-01,-2.013256775621839190e-01,-4.870544651416214843e-01
-3.653319314344631863e-01,-6.109875178735839629e-01,1.010461013704697271e-02,9.551773663717557650e-01,-1.146277510263832150e-01,-7.049997668109447835e-01,6.085336691617126981e-01,7.539957078440308047e-01,-5.482850135532451041e-01,-3.305852394119234150e-01,9.205707171427096602e-01,3.037827692244661204e-01,-7.377906952478077152e-01,1.996010692802774600e-01,1.000000000000000000e+00,3.686127935650481136e-01,9.295068126846104395e-01,4.695390644549070625e-01,3.076079428047880371e-01,9.076494995178593372e-01,3.017982801127332831e-02,-2.632131236339607105e-01,6.561697230713579021e-01,6.768134344262729529e-01,-3.236518302106304867e-01,-4.946336755514620792e-02,-1.273561200305037555e-01,-1.870971326039335969e-01,-5.951076547258509208e-01,-4.249587070670494682e-01,-4.302824219664088679e-01,-7.314375573268691033e-01,-5.294525917784920210e-01,-8.723668271443081323e-01,-7.800735839123689175e-01,-9.067169038988879270e-01,-6.989236278907091648e-01,-8.645659115638235637e-01,-4.488731655146949162e-01,5.580898183164417770e-01,6.009337746448236706e-01,9.599471480439563109e-01,6.638325828753198765e-01,9.439791995958428661e-01,3.263042279226693876e-01,9.725226302585571192e-01,7.558423156133643461e-01,4.305649340877762410e-01,7.161969948728030833e-01,2.943817188392816031e-01,7.145056454592872974e-01,-1.728715506026453352e-01,-5.394542066485873838e-02,-6.006175418464911875e-01,-5.197977705361933598e-01,-3.241118342403411789e-01,-1.364364430676032469e-01,-5.763077747400850992e-01,-4.578621041631254496e-01,-1.496956509330573948e-01,-3.671216984214129564e-01,-5.648067411054507048e-01,-3.044129412488700837e-01,-3.553754708667590245e-01,-4.293912924034651857e-01,-3.974572848323849605e-01,-3.113627854512905357e-01,-3.648405487786535728e-01,-8.957036440099073182e-01,-7.573487029374846580e-03,2.697368850424673448e-01,-6.522904402907112598e-01,-3.510564596038386886e-01,3.592570849012119982e-01,-4.862170506628097355e-01,6.714137120432970285e-01,7.507227631270142476e-01,7.836991842611282788e-01,9.377401007293064694e-01,3.486188843491916378e-01,8.575746788311167101e-01,5.655818053636772064e-02,7.634237692354773896e-01,-2.378411272065555568e-02,6.180152900770087276e-01,3.239242071518450561e-01,4.379466444644993239e-01,-4.442797275534844659e-02,4.864009614493003397e-01,-2.000697204684609987e-01,-1.680135434637050340e-01
1.187616695467657441e-02,3.756697828913458381e-01,2.630962723815116200e-01,5.598669393673073591e-01,3.430620335066901783e-01,2.457301813356427556e-01,4.456565257818221881e-01,4.337327936250415239e-01,2.849931077052806905e-01,3.476924438258389705e-01,4.930656785463725655e-01,3.301639908450308414e-01,2.955534752705826773e-01,4.651321517194665356e-01,3.686127935650481136e-01,1.000000000000000000e+00,5.396841271227790227e-01,8.496112746834026952e-01,6.820298362142034332e-01,3.054621459527775418e-01,-8.451853507183565428e-01,9.959576317233949372e-02,8.939523735426105899e-01,-2.970837486381937009e-01,-7.500526641417323281e-01,-6.543423787920539247e-01,-9.074452497142240226e-01,-7.359486547919464883e-01,-8.124337504737230153e-01,-2.033220576948692737e-01,-8.782392812577641816e-01,-7.491856355550451096e-02,-7.353394016141610035e-01,-2.142151774077270532e-01,-7.139092169891123607e-01,-2.407128676510084109e-01,-4.681898683148218443e-01,-7.127636133162968957e-01,5.960120193986859771e-01,5.671223209741322879e-01,6.759496840557962516e-01,3.751145901852107611e-01,1.441785311459831409e-01,1.942888448875752516e-01,5.686563401012353358e-01,2.782944382576205133e-01,2.943633214297383116e-01,-6.298336636475663219e-01,4.591857672340414753e-01,8.173469673652838940e-01,5.332284904707738082e-01,7.196796521216060061e-01,7.082281084253502224e-01,-7.333174163762209985e-02,3.999078254343115257e-01,-7.611879079619631172e-01,-6.121375535217838948e-01,3.876324387145117512e-01,-6.710507801068427147e-02,-9.329339515905328284e-01,-1.599576291542798290e-01,4.783915323020601629e-01,-5.195038910310963987e-01,-8.147630334182979217e-01,3.885129841149613794e-01,3.164101784905747339e-01,-8.500554038609708929e-01,-5.354254447924702287e-01,-4.546832523426750511e-02,-3.445764572812510806e-01,-7.140804521648000946e-01,-9.076899874784903899e-01,-4.819502705228149719e-01,-6.544765284935296634e-01,-8.700862252078970238e-01,1.481888368856593141e-01,7.648677733408811852e-01,2.187171779110461678e-01,6.121865844735532303e-01,4.396060674007084002e-01,5.832578791523810313e-01,5.490059444733036420e-01,5.873274491717974666e-01,8.412230262314406293e-01,4.853497394572649504e-01,9.258564691428089466e-01,4.566564490073179994e-01,8.644885678158772402e-01,5.326735330544244418e-01,4.843293230129089300e-01,-6.701219070590879942e-03
-3.205655402958698108e-01,-4.301199670826883481e-01,4.352899981799479567e-02,9.544055632445263004e-01,7.034191253063091717e-03,-5.576194661718505419e-01,6.068908628738962641e-01,7.667453409086416594e-01,-3.855295918983436265e-01,-2.229265796476679329e-01,8.964455223267683293e-01,3.636005311903567350e-01,-5.565298693009532727e-01,2.542140435907324081e-01,9.295068126846104395e-01,5.396841271227790227e-01,1.000000000000000000e+00,6.026883367230350119e-01,4.387688994032200029e-01,8.617469547280148801e-01,-1.670656923056825227e-01,-1.834541253166977748e-01,7.948135818366104388e-01,5.156116888498070150e-01,-4.470720483762152253e-01,-2.205234389867670730e-01,-3.217565801394348113e-01,-3.604243116677938730e-01,-7.268960970683990830e-01,-4.465803285005786605e-01,-5.945460616521108799e-01,-6.720118303837369078e-01,-6.531141745323250092e-01,-8.213905673734541724e-01,-8.580127667103757405e-01,-8.325350916999227913e-01,-7.377549914290142397e-01,-9.149747610293226252e-01,-2.501813315973549501e-01,6.402838793753130586e-01,6.651689925193888797e-01,9.259985676698671009e-01,5.892867177145885149e-01,8.600944449339724684e-01,4.414280478895317716e-01,9.142965882905730313e-01,7.438602361923376538e-01,2.286170555892173828e-01,7.490203155388518441e-01,4.633333309708313474e-01,7.640741865820181999e-01,2.745819147051223666e-02,1.093397947651095214e-01,-5.561659541981995858e-01,-3.483987867060951427e-01,-4.484749539673438257e-01,-2.901075046016993175e-01,-4.240308448822203147e-01,-3.929024016507826622e-01,-3.515509583380470593e-01,-3.839191600677535621e-01,-3.760787640942262477e-01,-3.666421792323033557e-01,-5.105117692269527385e-01,-2.949349401102128176e-01,-2.467130575545101456e-01,-4.570009123947629259e-01,-4.626506982882501173e-01,-7.748099859603500006e-01,-6.420718184764262482e-02,5.526334580166319954e-02,-7.769406668427485396e-01,-4.463808366466324173e-01,1.462340537050600131e-01,-6.421549043973676651e-01,5.951383782900908637e-01,8.232091066873329366e-01,7.494582630516104516e-01,9.590435604109158740e-01,4.346902839764862914e-01,8.953537616162344781e-01,2.036075243927894796e-01,8.184738767719773600e-01,1.856244820112479266e-01,6.802213616822583298e-01,5.077493162759125767e-01,5.141636265228622937e-01,1.617988671260405242e-01,5.705174314095267096e-01,-5.062126057487592590e-02,-1.478715928485153097e-01
