1.000000000000000000e+00,5.465430852891975944e-01,4.301480769260743187e-01,7.338183385467784703e-01,7.045711679243986669e-01,3.488185851051412989e-01,4.926903278663833929e-01,5.375238083815467860e-01,1.883624647718567247e-01,-4.481545753302770135e-02,-1.596449170114536131e-01,-2.687372420054993660e-01,-3.711321412017935528e-01,-4.039173318167612603e-01,-4.783325543427617843e-01,-4.145847686119668030e-01,-4.286716529716422808e-01,-3.796406898002076535e-01,-1.165774482134146472e-01,-1.326319569977609247e-01,1.528829736629010172e-01,3.836880729032331183e-02,2.127837050922154818e-02,6.732928192754594754e-01,1.861252638560801920e-01,1.580339239701328280e-01,7.312485985891533646e-01,-1.027402560478688220e-01,1.482624448175249299e-01,-5.441059973584182474e-01,-4.252369925115360161e-01,-2.477412667099230248e-01,-2.945587911901541567e-01,-4.989187482708511978e-01,-6.282311098491212276e-01,-1.673388648229958142e-01,-6.761553849548543882e-01,-4.724811917161041985e-01,-4.506588147194609539e-01,-3.696476703733659885e-01,8.401930113289902968e-02,-3.393966705825792740e-01,4.731180918453543049e-01,2.826929234738737584e-01,5.358922514450573660e-01,7.471253887300783880e-01,2.065749209148671772e-01,6.106348170654494201e-01,2.165230102378917776e-01,4.638867601168143451e-01,-3.588301568657971119e-01,1.166883778395684523e-01,4.093888502206488589e-02,-4.229291376920137346e-01,-4.771235434903978723e-01,-4.006073431331316770e-01,-4.234702231552551766e-01,-3.133766948313364553e-01,-4.480172191295466178e-01,-1.540571919453082028e-01,-2.570143481351835901e-01,2.584373762816392084e-01,3.321581267296256357e-01,6.351501856142672819e-01,3.540623327380256202e-01,-1.920347584376456140e-01,4.789863262522146559e-01,3.724512503158439181e-01,-1.656584547900219473e-02,4.090777075129235496e-01,3.518563975890082740e-01
5.465430852891975944e-01,1.000000000000000000e+00,4.798325618852675722e-01,2.776564278044352241e-01,7.712270148227428068e-01,5.158384084315934537e-01,1.201134402164751869e-01,3.620476752118466646e-01,1.405908790293094457e-01,7.327882619864853342e-02,-2.310957033241347047e-01,-3.641427680227797836e-01,-4.540428901113538473e-01,-5.307055272137251034e-01,-3.810389226291676645e-01,-4.677025162558842153e-01,-4.127620657087565648e-01,-4.092681320982025084e-01,-1.334555933690420582e-01,-1.263889800833917221e-01,2.789415729254821619e-01,2.580628883238742510e-01,5.935156633582213681e-01,7.517595276685336003e-01,6.399783234948297483e-01,5.820333282998136903e-01,6.925052527668998925e-01,4.316277802052530532e-01,4.817754364875833639e-01,-6.252780107940986154e-02,-4.872411745356824975e-01,-1.305713995435709984e-01,-5.161562669289758709e-01,-4.367124637915093532e-01,-7.277818892531137118e-01,-5.772709132615209127e-01,-4.890442261665646217e-01,-3.550420319932182101e-01,-6.099065168049283558e-01,-4.794296051782396817e-01,-4.618576554511361620e-01,-5.236750952366570067e-01,9.326018288223704433e-02,2.976446093074655019e-01,7.364018335531864468e-01,4.711512301215681209e-01,5.039463739241651918e-01,8.064577429772034067e-01,4.102185013375274081e-01,8.067100292154234520e-01,2.692703538604390157e-01,4.799673138787852733e-01,4.741871598899490836e-01,-6.516744746332804594e-02,-2.472506206344728952e-01,-3.662502824228152654e-01,-3.932353600706666175e-01,-5.751387933743170588e-01,-5.712930900183219585e-01,-4.633859128975346686e-01,-4.426684876974301686e-01,-2.088941281191414312e-01,1.528356023962177714e-02,1.436205462753239459e-01,7.704915702142374478e-02,1.318074544857740504e-01,7.487149164497559628e-01,3.293817271796592450e-01,3.276131979824754015e-01,4.647548254520489364e-01,3.443792275251295054e-01
4.301480769260743187e-01,4.798325618852675722e-01,1.000000000000000000e+00,3.803554767292155470e-01,4.425333603671033345e-01,7.954476868342809093e-01,5.820912391650466811e-01,2.854164190981275939e-01,5.364883001737579260e-01,2.835828901078619180e-01,2.379970589686048188e-01,-7.718246694530137009e-02,-2.028666233037929867e-01,-1.834714221027944347e-01,-1.708492175101456456e-01,-3.608291724212302487e-01,-1.730344899279429027e-01,-4.067981744499029051e-01,-2.614189014840539449e-01,-4.196997063451605725e-01,-7.468757393533871636e-02,-4.331848414694797200e-01,1.754379180551816353e-01,2.737630105463599861e-01,-1.703179927261165919e-02,6.444116490557681987e-01,5.319993026310257944e-01,2.517001567976982490e-01,-1.797862071757171804e-02,-3.611957596175419671e-01,-3.057834907919347867e-01,3.366574785608873466e-01,5.263533517027229464e-02,1.061876277825660325e-01,-4.982326989003918460e-01,4.303318792332824078e-02,-1.389571451118810641e-01,-2.334458584548283200e-01,-4.514627632820691905e-01,-6.253889196046010790e-01,-3.682959097977576146e-01,-6.834555740002160595e-01,-1.556845310787419445e-01,-3.395271933485781712e-01,3.854907624336970651e-01,1.112678604779766822e-01,-2.912761901062402847e-01,3.624002521270978106e-01,8.232486148971316364e-01,4.682889208259679581e-01,4.197289909052417251e-02,6.136439926950540968e-01,1.631169107605563995e-01,1.376700134567928335e-01,9.552695837191335637e-02,2.793718855654949221e-02,3.902065445068807897e-02,-2.118942446716253758e-01,-3.798661905977336328e-01,-3.245929200819024918e-01,-4.934036777180251243e-01,-7.501016338799160188e-02,1.361907854903934567e-01,1.188254894521026950e-01,-3.889541498935052966e-01,-5.668460213616334231e-01,2.593580588569370793e-01,-3.303142729814038114e-01,-2.096295855875308645e-01,1.839034141938656608e-01,-2.689726535700931887e-03
7.338183385467784703e-01,2.776564278044352241e-01,3.803554767292155470e-01,1.000000000000000000e+00,5.015854773297298008e-01,2.066269781655329929e-01,6.766504262428230110e-01,5.433919237109129385e-01,2.165794495461046965e-01,-6.754320124433556283e-02,-3.090848864683443803e-02,-1.004109322498055595e-01,-2.370669715050733317e-01,-2.342526338258960339e-01,-4.068701268944223126e-01,-3.260691546558993625e-01,-3.235144557430793544e-01,-3.325424331218265750e-01,-1.124120757201323428e-01,-1.657295621101015914e-01,4.388410292762529204e-03,-1.628424012548655986e-01,-3.388226047118638729e-01,4.766916486694241506e-01,-1.616776857675450429e-01,-8.541326389705866662e-02,6.191153305391000616e-01,-3.869335784069161677e-01,-1.289094277542841005e-01,-7.270700516734681651e-01,-3.184454909501102104e-01,-2.027368490735747542e-01,-7.292691035875464856e-02,-3.800555894087252473e-01,-4.306627862469796786e-01,1.452724968361152613e-01,-5.900585895271164283e-01,-3.919890951488315678e-01,-2.449476983599872260e-01,-2.615539218972865454e-01,3.523292235863492716e-01,-1.836572179609530786e-01,5.429919779795248092e-01,1.453744749075596421e-01,2.667841654700947585e-01,6.752676009780635979e-01,-6.484800065934737123e-02,3.435423265210540977e-01,1.171323686283047977e-01,1.694113509034481380e-01,-6.414851570632814637e-01,-8.368182911510196886e-02,-2.293482038989300975e-01,-5.053967040000417743e-01,-4.595968182259984047e-01,-3.127565915372430005e-01,-2.971196398423031626e-01,-7.896565900651777992e-02,-2.857134140235280118e-01,4.100736110537872570e-02,-1.210032218087066652e-01,4.769183029200284030e-01,4.620342789310050713e-01,7.609919268434409689e-01,3.608299951363382885e-01,-3.993265507736933895e-01,1.827159580975586672e-01,2.464108870320796674e-01,-2.763852297581057549e-01,2.284442571142918377e-01,2.053117961550675052e-01
7.045711679243986669e-01,7.712270148227428068e-01,4.425333603671033345e-01,5.015854773297298008e-01,1.000000000000000000e+00,4.294146824405043472e-01,2.536842551547869862e-01,5.126302909576542222e-01,1.295079337195645663e-01,-1.156211034521057064e-02,-2.668742704551076983e-01,-3.905154178081626792e-01,-4.903131811575476839e-01,-5.524282613001862963e-01,-4.912203169700367633e-01,-4.817381673782964446e-01,-4.746377785238506952e-01,-4.272585216248140361e-01,-1.150335399550223431e-01,-1.156337685450269798e-01,2.717075745739954695e-01,2.430068519273879957e-01,3.914885014727259027e-01,8.266932592304603311e-01,5.622941408197195123e-01,4.021659002295008278e-01,7.951140361552677671e-01,2.133424701008267976e-01,4.118328008476765389e-01,-2.738683134259631280e-01,-5.286281927952360959e-01,-2.594418481616423411e-01,-5.207655017062305935e-01,-5.722737564358584272e-01,-7.428014441650068189e-01,-4.916164960076245816e-01,-6.550558415684768487e-01,-4.180270050343541377e-01,-5.853750139898982185e-01,-4.439640098344394548e-01,-2.155092293114049540e-01,-4.251786216253069517e-01,3.404495564789990492e-01,3.878872264788545410e-01,7.029186761412270501e-01,6.630060847123715462e-01,4.736455414115304796e-01,8.144390095198567048e-01,2.887334019237817739e-01,7.420002579547309018e-01,8.686625557051015894e-04,3.232267707161245451e-01,3.250452478835751391e-01,-2.575336916214771565e-01,-4.181273229114497725e-01,-4.567597221609353553e-01,-4.735318729219563094e-01,-5.185008741966072865e-01,-5.549793419336533917e-01,-3.602969943596956992e-01,-3.550911810784564970e-01,-2.339685211394648516e-03,1.264999741976927661e-01,4.055692998562511198e-01,2.845910855063293332e-01,6.640199440171565270e-02,7.138118246041674775e-01,4.589422397463735481e-01,2.432090823118253087e-01,5.052963812772879315e-01,4.184403339068612504e-01
3.488185851051412989e-01,5.158384084315934537e-01,7.954476868342809093e-01,2.066269781655329929e-01,4.294146824405043472e-01,1.000000000000000000e+00,4.486598573184008565e-01,1.742537480763097779e-01,5.458884473087614042e-01,2.984003972445704034e-01,1.733665833741793449e-01,-1.489362898923076162e-01,-2.349664933822026291e-01,-2.392166288218117720e-01,-1.538190439094829776e-01,-3.386410113896148877e-01,-1.915988646355638036e-01,-3.721520556795538948e-01,-2.159677723626472201e-01,-3.798639371674406018e-01,-2.633167317001812446e-02,-3.631895353178997699e-01,3.332481575070271318e-01,2.741439982467440140e-01,1.267512859818197557e-01,7.638654195561532800e-01,4.829748654785059880e-01,4.086662272801763751e-01,8.002260428437550643e-02,-1.864023646969446835e-01,-2.934497978987270494e-01,3.568257681785413915e-01,-7.758783816222618139e-03,1.174066910993045720e-01,-5.054497239370705497e-01,-8.738148030751032025e-02,-8.256439223811713746e-02,-2.226691612492438521e-01,-4.852332396851094520e-01,-6.219447703806515459e-01,-5.019194423585994214e-01,-6.942757097037822733e-01,-2.470199252834089643e-01,-3.124838830187722238e-01,4.160828876721920921e-01,2.129183583543131988e-02,-1.781573890362028734e-01,3.841200342281683722e-01,7.960127538906174305e-01,5.501838689263958138e-01,2.416030428559953758e-01,7.047231529115980386e-01,2.777286082951981872e-01,2.445042393832537186e-01,1.433415381572119562e-01,4.619847471503276543e-02,5.136910370872146969e-02,-2.743803976222932151e-01,-3.828771888073721485e-01,-3.866456899752246379e-01,-5.064633465866155149e-01,-1.991784971842006091e-01,4.915404698242272982e-03,-4.560684044377988355e-02,-4.363117567674222874e-01,-4.085417441491586144e-01,3.308921868134376831e-01,-3.117399602577322071e-01,-7.281959853828964824e-02,2.623398109407621415e-01,2.133283855279494851e-02
4.926903278663833929e-01,1.201134402164751869e-01,5.820912391650466811e-01,6.766504262428230110e-01,2.536842551547869862e-01,4.486598573184008565e-01,1.000000000000000000e+00,3.460573994087007832e-01,4.870713991411965704e-01,9.928615447176100672e-02,2.417160436085648012e-01,4.412262292929026997e-02,-7.867151516311993165e-02,-4.547689933905697812e-02,-1.964866283474457631e-01,-2.453538261065522086e-01,-1.336376949449793738e-01,-3.344702729650702033e-01,-2.091976062130618819e-01,-3.435393417368377000e-01,-2.023272316061662246e-01,-5.288630442049693237e-01,-3.710197792028394059e-01,1.140594168816651127e-01,-4.105683377762849307e-01,1.250949989786550032e-01,4.345219213888720788e-01,-2.594711422464828221e-01,-3.259439194247362725e-01,-6.623965872390275011e-01,-1.681953591803001524e-01,1.591747436509691194e-01,2.456082325317208159e-01,4.471724188854994675e-02,-2.786352088160077844e-01,3.877371482359725507e-01,-2.308090924272779842e-01,-2.649811951576380720e-01,-1.757037054015401223e-01,-3.544341743750292761e-01,1.766813656180508674e-01,-3.341224699011489108e-01,1.884557737895049545e-01,-2.753619808401178704e-01,8.935718881235742150e-02,2.815088908906451248e-01,-4.531791376847562058e-01,7.045204110769062722e-02,4.105748576478927547e-01,3.873456928740436067e-02,-4.880997871870093041e-01,1.412790142600444387e-01,-2.579706460925864642e-01,-2.042042716042439532e-01,-1.133792052832806596e-01,-8.276847976857333242e-03,2.275093797573266366e-02,7.133836372267313153e-02,-1.574805100332551389e-01,2.720792945128385973e-02,-1.820938111498222878e-01,3.463785787458477650e-01,3.711464369758802340e-01,4.732001222952957886e-01,-7.542357627235984907e-02,-6.711146791463501460e-01,-5.599113541308188557e-02,-2.145874239307616893e-01,-4.612811164607316661e-01,6.115391275363504103e-02,-5.041849993901598159e-02
5.375238083815467860e-01,3.620476752118466646e-01,2.854164190981275939e-01,5.433919237109129385e-01,5.126302909576542222e-01,1.742537480763097779e-01,3.460573994087007832e-01,1.000000000000000000e+00,2.587701338425286712e-01,2.032303979241828207e-01,-1.036467338972488772e-01,-1.640493500240217395e-01,-3.383452100240172955e-01,-3.404126079507026059e-01,-4.795275521056107104e-01,-3.950133319844115198e-01,-3.891199413819454445e-01,-3.909236437141024312e-01,-2.152837390305873122e-01,-2.656441747333372350e-01,1.186271292644037190e-01,2.891708398031175159e-02,-3.186954777740111378e-02,4.670612270116749065e-01,1.161868924711537548e-01,5.097634502387324990e-02,5.131269756157534889e-01,-1.141893983348131886e-01,6.203785345840892584e-02,-4.537486550229940518e-01,-3.265633286320065443e-01,-1.701651545831898982e-01,-2.969290680707499797e-01,-3.908147674144082373e-01,-4.210474978608333418e-01,-1.034805634318550216e-01,-4.934788898716849781e-01,-1.851664733736543833e-01,-2.798085543437931477e-01,-1.943410242937082255e-01,8.663757049081166617e-02,-1.930042405403305517e-01,3.571165749534774836e-01,2.921230759993744819e-01,3.816140271259960692e-01,5.378586649878868142e-01,1.549715963187542345e-01,4.098232651018630657e-01,9.511243101451519188e-02,2.983256323082897898e-01,-2.871469870777529909e-01,4.058138523093225702e-02,1.267231055173602405e-01,-2.822205655489152254e-01,-3.202570740890368639e-01,-2.626682444595999644e-01,-3.372104022384672106e-01,-1.946894834431148746e-01,-3.210246806856484891e-01,-1.058460736491744214e-01,-1.865250889636373977e-01,1.976286132284587049e-01,1.634217939794546937e-01,5.019121389973181246e-01,2.816310153640776415e-01,-1.290511899982126343e-01,2.958705181796424388e-01,2.884910278628625702e-01,-2.106297031281552032e-02,1.861499612401277814e-01,2.157565547963457842e-01
1.883624647718567247e-01,1.405908790293094457e-01,5.364883001737579260e-01,2.165794495461046965e-01,1.295079337195645663e-01,5.458884473087614042e-01,4.870713991411965704e-01,2.587701338425286712e-01,1.000000000000000000e+00,3.980911990944807632e-01,4.228409464829769315e-01,2.806174886395016582e-02,-1.149587143602775058e-01,-9.735881743196361793e-02,-1.273029227619385528e-01,-2.669241927358655952e-01,-1.440296032335382226e-01,-3.145403853656801862e-01,-2.807712746387568403e-01,-4.958534051845506219e-01,-2.209344268031067093e-01,-4.620886326625357476e-01,-4.283970638188315527e-02,-1.006905068187735446e-02,-1.974040018445171740e-01,3.563514188056285947e-01,1.942792349548090602e-01,1.317523298240981244e-01,-1.084364637049830410e-01,-2.724025910823514307e-01,-1.472411420449620534e-01,3.080098958506378715e-01,1.555496004851071590e-01,2.349060133619163548e-01,-2.112065828820150482e-01,1.809232585607521426e-01,3.095524065054408233e-02,-9.904860032493849331e-03,-1.710760034583610201e-01,-3.999422110253084695e-01,-1.745307078413912971e-01,-3.996033905589577717e-01,-1.609116931547753537e-01,-3.483819131507302491e-01,9.754648424787110139e-02,-5.418388285219880030e-02,-3.634442892727579033e-01,3.833224607328786226e-02,5.156037663005429428e-01,1.316560337109304313e-01,-2.745892317459208004e-02,3.623225761687238755e-01,1.025308880431229953e-02,1.878805914321989290e-01,1.291639115501855284e-01,2.064018957163194501e-01,1.386494126347226352e-01,1.508617904311577301e-02,-1.654274739281895723e-01,-7.443592125896703049e-02,-2.386931381537215624e-01,1.270351956797307821e-02,-2.565968627056696913e-02,4.063866066475550765e-02,-3.539934458739035783e-01,-4.825305071517889677e-01,-2.366873941664504599e-02,-3.658299094744135727e-01,-2.589840856542353631e-01,7.780288265044769773e-03,-1.353663916525738864e-01
-4.481545753302770135e-02,7.327882619864853342e-02,2.835828901078619180e-01,-6.754320124433556283e-02,-1.156211034521057064e-02,2.984003972445704034e-01,9.928615447176100672e-02,2.032303979241828207e-01,3.980911990944807632e-01,1.000000000000000000e+00,2.137116812529910037e-01,8.189670374969648670e-02,-6.095757400882496901e-02,-1.044404615620723176e-01,-8.778050335195369813e-02,-2.444396434976626176e-01,-6.926800350010919871e-02,-2.219909696309364799e-01,-1.394351802569947507e-01,-4.265976736365581501e-01,-1.223618371433723012e-01,-2.563898532425352705e-01,9.559337938176673544e-02,-7.650636305140925963e-02,-4.017826347447173846e-02,2.799185401871119860e-01,9.198663760376542264e-03,1.708368304659431403e-01,-3.841655613921496348e-02,-3.129438104070939725e-02,-1.182264089213565794e-01,3.186678014915635404e-01,1.756182082571351027e-02,1.857388453146869844e-01,-1.870709092848701557e-02,4.236369748105175276e-02,1.788912410079251114e-01,2.576647617032052362e-01,-2.988640753621168988e-02,-1.790231774040953183e-01,-2.727453129713612312e-01,-2.542461162962054155e-01,-3.162826637002050245e-01,-2.067994161936369535e-01,2.621869907294332308e-02,-1.875948276133984904e-01,-1.861009970242692435e-01,-7.786451147295064823e-03,3.277278558410456344e-01,1.025254200415499362e-01,1.606224590518210427e-01,2.977744332560419149e-01,1.560935132712860662e-01,2.511512194987634006e-01,2.623785802416022661e-01,8.563245635222946350e-02,1.096891168871175770e-01,-1.682085201658171589e-02,-1.141190002247640944e-01,-6.602164621982213599e-02,-1.289384381825144366e-01,-1.777149166998402974e-01,-7.210554208159024314e-02,-1.281364467548158081e-01,-3.249968311292607548e-01,-1.787673115159724435e-01,2.499962985469199317e-02,-2.569228179491405140e-01,-4.017144586839413271e-03,-5.506804633157782319e-02,-7.592574657063758115e-02
-1.596449170114536131e-01,-2.310957033241347047e-01,2.379970589686048188e-01,-3.090848864683443803e-02,-2.668742704551076983e-01,1.733665833741793449e-01,2.417160436085648012e-01,-1.036467338972488772e-01,4.228409464829769315e-01,2.137116812529910037e-01,1.000000000000000000e+00,2.894750400321689510e-01,1.025328314886662096e-01,2.168211984769758960e-01,2.163010467914811275e-01,-6.099706798916938733e-02,2.131151218111255186e-01,-9.602967262142976523e-02,-2.520469415625843368e-01,-3.607794540140653594e-01,-3.596965925310283141e-01,-4.822922179035512569e-01,-2.303680340702403129e-01,-3.738372341244226571e-01,-3.999007622287151786e-01,8.207490376989853842e-02,-1.698998180419810655e-01,-5.536041189974686381e-03,-2.340673770201012749e-01,-8.052548398586016620e-02,1.018895968881571718e-01,3.180688332189202661e-01,3.557213025060728673e-01,4.737390059527041841e-01,1.812873962343465595e-01,3.645347146157433826e-01,3.229448754064334071e-01,1.914366187942245501e-01,1.184041031072135125e-01,-1.572119955424705062e-01,-1.890590375368468579e-02,-1.160042761715749243e-01,-2.509199647609731687e-01,-4.679356285376198854e-01,-2.484336307873571681e-01,-3.282879778359004130e-01,-4.969578928113607130e-01,-3.337420776888919693e-01,2.560315965186391596e-01,-2.250350528393043892e-01,-4.134950478749382236e-02,1.238316221893367292e-01,-1.911506422916224857e-01,2.385416743962653630e-01,3.129942004756127161e-01,3.584425086379067760e-01,3.488584978094158573e-01,2.217286816360975465e-01,1.620872901689580370e-01,6.696426470318964097e-02,4.540692351647789005e-02,1.367637941000394812e-02,-7.080315994848362937e-02,-1.398140985618752941e-01,-3.935728663353474377e-01,-4.167628077351053228e-01,-3.531851739016267921e-01,-4.911550252088112134e-01,-4.052140866409761899e-01,-2.933158111120183209e-01,-3.508025477432217820e-01
-2.687372420054993660e-01,-3.641427680227797836e-01,-7.718246694530137009e-02,-1.004109322498055595e-01,-3.905154178081626792e-01,-1.489362898923076162e-01,4.412262292929026997e-02,-1.640493500240217395e-01,2.806174886395016582e-02,8.189670374969648670e-02,2.894750400321689510e-01,1.000000000000000000e+00,4.640287938155290282e-01,2.288218831578772705e-01,2.051379020093871686e-01,5.374627652724815047e-03,2.297649650495707518e-01,-3.001122054403556477e-02,-1.209475862714875782e-01,-1.928217957150009931e-01,-3.521028884317467522e-01,-2.800736386859269955e-01,-3.242799898756622556e-01,-4.336986331187357435e-01,-3.962966735164929477e-01,-1.889642347088529573e-01,-3.237390560074934198e-01,-2.431800282977263361e-01,-3.843128306613481371e-01,-5.903365236493121788e-03,2.908020438277060804e-01,2.724949510367159489e-01,3.612665903438644910e-01,3.353727835561270965e-01,3.972320169550856983e-01,4.096448168558533554e-01,3.555125512894402595e-01,1.840026864248447969e-01,3.713090441565767286e-01,1.524189190630460822e-01,1.470824720490116200e-01,1.555965086345923454e-01,-2.430652665082478348e-01,-3.577482149882674212e-01,-4.323866473466371763e-01,-2.875719784140232660e-01,-3.542762861321092638e-01,-4.140260631399783064e-01,-5.974495997010667581e-02,-3.707320656492282818e-01,-1.139372002175993853e-01,-1.169276399883820289e-01,-2.377767481392027427e-01,4.713324475795589719e-02,3.197079775804763657e-01,2.357726686253202864e-01,1.993823152172106983e-01,2.963716378333509094e-01,2.112850279829723843e-01,2.208892730080623257e-01,1.618144808173156701e-01,6.123194325088675977e-02,1.394906731102821262e-01,-1.143617927745236851e-01,-1.730862275907856795e-01,-1.872914007962583338e-01,-3.991922234769826328e-01,-3.000673120744178912e-01,-3.204962256737865500e-01,-3.667921699893775256e-01,-3.304377655946927339e-01
-3.711321412017935528e-01,-4.540428901113538473e-01,-2.028666233037929867e-01,-2.370669715050733317e-01,-4.903131811575476839e-01,-2.349664933822026291e-01,-7.867151516311993165e-02,-3.383452100240172955e-01,-1.149587143602775058e-01,-6.095757400882496901e-02,1.025328314886662096e-01,4.640287938155290282e-01,1.000000000000000000e+00,3.581397965358784075e-01,3.674423284019363023e-01,2.075273056204820221e-01,2.593509666731223517e-01,1.017922121678227487e-01,-4.825469782480652087e-02,-2.954718094044529730e-02,-2.669066545857113892e-01,-2.390980304635817455e-01,-3.149419251644092754e-01,-5.216010382194841144e-01,-3.946412717833704953e-01,-2.531309408818451789e-01,-4.622806589278562472e-01,-2.597383604678027424e-01,-3.849154940212135556e-01,8.990412670256699157e-02,4.252446655182273161e-01,2.113818873314807778e-01,4.189268990070958432e-01,3.670244964918281672e-01,4.823170990936195834e-01,4.152582656564153818e-01,4.219412892325475894e-01,1.453721829366431961e-01,4.378225788293033105e-01,2.446796877721162944e-01,1.612785235266961659e-01,2.810306578145015388e-01,-2.506545783873918021e-01,-3.216127352074363843e-01,-4.713989607284572170e-01,-3.715667884079935090e-01,-3.341341961276606543e-01,-4.920013050207454053e-01,-1.395034127146672076e-01,-4.503922460875901534e-01,-6.590950079680227280e-02,-1.757583476154372659e-01,-2.238901855992377898e-01,5.833188401025924535e-02,3.097478108702654276e-01,2.922500731517762573e-01,2.373960608690667828e-01,3.132747796221498904e-01,2.809592492534194741e-01,2.191385314181972799e-01,2.438765035770385781e-01,5.200553198952619083e-02,1.095181659451266720e-01,-2.064755668911794351e-01,-1.585413440511857786e-01,-1.005544452928871513e-01,-4.501182388814045088e-01,-3.065072590336581637e-01,-2.408369074102291729e-01,-2.754667142480569653e-01,-2.692617021802274357e-01
-4.039173318167612603e-01,-5.307055272137251034e-01,-1.834714221027944347e-01,-2.342526338258960339e-01,-5.524282613001862963e-01,-2.392166288218117720e-01,-4.547689933905697812e-02,-3.404126079507026059e-01,-9.735881743196361793e-02,-1.044404615620723176e-01,2.168211984769758960e-01,2.288218831578772705e-01,3.581397965358784075e-01,1.000000000000000000e+00,4.303570341145414591e-01,3.434478901229635062e-01,5.301827874130019547e-01,2.156264808448792869e-01,-1.623026087252243954e-01,-3.485946827463671377e-02,-3.290086465275492977e-01,-3.135488409940542232e-01,-3.650924754825755070e-01,-5.803589671023717811e-01,-4.633930320301502537e-01,-2.597695423404973725e-01,-4.738796417699706054e-01,-1.993328014408324300e-01,-3.043948683436483171e-01,5.282219911171365245e-02,3.155201014435536355e-01,2.017680549254946276e-01,4.391944591444706947e-01,4.133080951731471497e-01,4.518366499158456007e-01,4.453129969842285485e-01,4.156390087745575057e-01,2.737588605322869295e-01,3.391580598752381714e-01,2.581144498874431426e-01,2.127976512481347116e-01,2.106973598435434580e-01,-1.871484849430976316e-01,-3.392787945902914215e-01,-4.668319077227892078e-01,-4.279583158247826646e-01,-4.345175607309070820e-01,-5.546644508916146465e-01,-1.094051430444498013e-01,-5.109146706701095386e-01,-9.984209450423811583e-02,-1.911514645183657601e-01,-2.910572277350002013e-01,1.756260245827639677e-01,2.556181004377445776e-01,3.372075456963683493e-01,3.749982185189326134e-01,4.147554653292488958e-01,4.012877866392862702e-01,2.332185091542936517e-01,1.746649093018016741e-01,8.728162837615795200e-02,-7.125723163819261408e-02,-1.994546508104597660e-01,-2.397269458329897573e-01,-1.985699929823593335e-01,-5.065403852841591226e-01,-3.574307249960574362e-01,-2.769767344272096588e-01,-4.123925016800398247e-01,-3.117657208381720557e-01
-4.783325543427617843e-01,-3.810389226291676645e-01,-1.708492175101456456e-01,-4.068701268944223126e-01,-4.912203169700367633e-01,-1.538190439094829776e-01,-1.964866283474457631e-01,-4.795275521056107104e-01,-1.273029227619385528e-01,-8.778050335195369813e-02,2.163010467914811275e-01,2.051379020093871686e-01,3.674423284019363023e-01,4.303570341145414591e-01,1.000000000000000000e+00,2.133352721782786898e-01,4.339475859768592292e-01,9.132676498257864817e-02,-9.381431709439978783e-02,-5.695259511738181429e-02,-2.472444269255138216e-01,-1.670164971527115516e-01,-9.154046143788278911e-02,-5.115998346420231879e-01,-2.437121029997736388e-01,-7.935696932779082169e-02,-4.538119165527663146e-01,-2.050780898298732585e-02,-1.631124647601858435e-01,2.752147029873870387e-01,3.000021948533255767e-01,2.127744662859596403e-01,2.871217609312141650e-01,4.342751946278508024e-01,4.350614933815610819e-01,2.315223275830285976e-01,4.984978865299296014e-01,2.703598104869223140e-01,3.302721555562024847e-01,2.132710087326727122e-01,-3.377379011925488173e-02,1.763267044768293823e-01,-3.625936004397149470e-01,-3.490145991570531292e-01,-4.097687708070752444e-01,-5.064621723128763797e-01,-2.771472368514443230e-01,-4.474181021159594485e-01,-5.863730000556236638e-02,-3.407236640250760340e-01,1.671703062800901640e-01,-5.415242497516081777e-02,-1.277444757833014755e-01,2.597765807841794228e-01,3.667049630478220190e-01,3.526434312214324907e-01,4.003547844932426325e-01,2.192621319024297410e-01,3.378115206485718947e-01,8.139991767542209544e-02,1.794652596539545175e-01,-1.336769760764545678e-01,-1.207333682276703346e-01,-3.967442171148243268e-01,-2.894163274424670917e-01,-2.724031251925310929e-03,-3.673067985580526496e-01,-3.418077040475894779e-01,-1.515768364744673191e-01,-3.599524188321086005e-01,-3.642679668052007935e-01
-4.145847686119668030e-01,-4.677025162558842153e-01,-3.608291724212302487e-01,-3.260691546558993625e-01,-4.817381673782964446e-01,-3.386410113896148877e-01,-2.453538261065522086e-01,-3.950133319844115198e-01,-2.669241927358655952e-01,-2.444396434976626176e-01,-6.099706798916938733e-02,5.374627652724815047e-03,2.075273056204820221e-01,3.434478901229635062e-01,2.133352721782786898e-01,1.000000000000000000e+00,2.645039825217901375e-01,4.247518288035256329e-01,1.756795468044629049e-01,2.444510296095072088e-01,-1.002228063601529884e-01,-7.183765470571451539e-02,-2.375271352787927670e-01,-4.614646939128823622e-01,-2.646425450777490362e-01,-2.958820419517814160e-01,-4.830711997746781616e-01,-8.047269555782460282e-02,-1.904662953775190792e-01,2.344324673007902871e-01,3.794166176291716153e-01,6.836935385156010792e-02,3.244638659265697278e-01,2.413962396053603299e-01,4.114978589233753703e-01,2.294156517663129280e-01,3.009617618417634310e-01,1.387621648400008678e-01,2.484935308375578744e-01,2.726798681403556079e-01,1.861035413337235878e-01,2.796039476502782950e-01,-6.827935481327937484e-02,-1.074253272182904978e-01,-3.367050967217875002e-01,-3.443346326250687484e-01,-1.783268423910249478e-01,-4.403715599405895187e-01,-2.673941869486837764e-01,-4.307370456282692550e-01,3.621555315884877543e-03,-2.797057174338404839e-01,-2.003827117814836745e-01,1.089603856037297258e-01,1.203044077892802682e-01,2.059451820227898577e-01,2.345991873835154007e-01,3.543032271199357264e-01,3.958148753573071943e-01,2.267715115509893742e-01,2.460321480209121114e-01,5.748451827720692242e-02,-1.272139013597518298e-01,-2.279103469739397203e-01,-4.891733017606222228e-02,5.736022094540977473e-02,-3.708161870047078090e-01,-1.664819761516413144e-01,-3.089945480241525558e-02,-1.229443764378376214e-01,-6.205741890247782472e-02
-4.286716529716422808e-01,-4.127620657087565648e-01,-1.730344899279429027e-01,-3.235144557430793544e-01,-4.746377785238506952e-01,-1.915988646355638036e-01,-1.336376949449793738e-01,-3.891199413819454445e-01,-1.440296032335382226e-01,-6.926800350010919871e-02,2.131151218111255186e-01,2.297649650495707518e-01,2.593509666731223517e-01,5.301827874130019547e-01,4.339475859768592292e-01,2.645039825217901375e-01,1.000000000000000000e+00,2.330751834229686514e-01,-1.614308123288560604e-01,-8.295813927115483488e-02,-3.961657855348505453e-01,-2.212505523290131393e-01,-1.864855972463569378e-01,-4.961223443840912517e-01,-2.947361827955459201e-01,-1.530811799411763985e-01,-4.190677112424361361e-01,-4.487470055800923258e-02,-1.762076258373636295e-01,2.052052617031081827e-01,2.628441655430407975e-01,1.830414182298254477e-01,3.083310224524390408e-01,3.849883785682267079e-01,4.005969834645625172e-01,2.596936740683426503e-01,4.116325228862193764e-01,3.012051205605955628e-01,2.741211835304296907e-01,1.655690603916563364e-01,8.111300033859870917e-02,1.825530081428891338e-01,-2.345817604081692209e-01,-3.090780989800931966e-01,-3.920466622349389474e-01,-4.492340641303685933e-01,-3.045049593400180332e-01,-4.558443556551699527e-01,-8.508718673097834251e-02,-3.666907002185441633e-01,7.114523401220738952e-02,-6.102250969727773811e-02,-1.921341286007771931e-01,2.617427339293488808e-01,2.789247677288447802e-01,3.008444957684945353e-01,3.533842735528209267e-01,2.914987934012572834e-01,3.419131592187284463e-01,1.126039794247779141e-01,1.645162102476778465e-01,-6.719576192928106151e-02,-1.653510176388459652e-01,-2.999039618755390268e-01,-2.449337695403946968e-01,-5.583287402031877206e-02,-3.774378424643154983e-01,-2.871698628790871899e-01,-1.064127643936916973e-01,-3.693041904235200290e-01,-2.675487490151772785e-01
-3.796406898002076535e-01,-4.092681320982025084e-01,-4.067981744499029051e-01,-3.325424331218265750e-01,-4.272585216248140361e-01,-3.721520556795538948e-01,-3.344702729650702033e-01,-3.909236437141024312e-01,-3.145403853656801862e-01,-2.219909696309364799e-01,-9.602967262142976523e-02,-3.001122054403556477e-02,1.017922121678227487e-01,2.156264808448792869e-01,9.132676498257864817e-02,4.247518288035256329e-01,2.330751834229686514e-01,1.000000000000000000e+00,2.547551442321492887e-01,3.382849529109803743e-01,-9.312351347229193277e-02,3.402121531078603628e-02,-1.539034949795120011e-01,-3.624114172174097148e-01,-1.541783058999069700e-01,-2.937454563890692372e-01,-4.469787916649055060e-01,-7.654683651354270146e-02,-1.295115692173300359e-01,2.541934296737070609e-01,2.954130860441234740e-01,3.905061404985427781e-02,1.684689071764233770e-01,1.695188086770999247e-01,3.792391097627333951e-01,1.324446874746914304e-01,2.482871506912752990e-01,1.481029190819250496e-01,2.735550521712647454e-01,2.881074132377880459e-01,1.911067881686522307e-01,3.345091923932808076e-01,-2.520189172164248245e-02,-4.031018569899721959e-02,-3.243902288978551818e-01,-2.721051363159945335e-01,-6.140896281431502957e-02,-3.537377411464111554e-01,-2.919491323552961815e-01,-3.610472988998683075e-01,4.616180767204261515e-02,-2.823052113583270906e-01,-1.836266988588911298e-01,1.088646696859452145e-01,5.790190238701235781e-02,1.642396637574777274e-01,1.456102779573545669e-01,2.729310997257726190e-01,2.799625650782325836e-01,2.493151349712325882e-01,2.096262248461795430e-01,-1.069997446246617398e-02,-1.178822614560873505e-01,-2.064777472534393421e-01,-3.632054758415582084e-03,1.301898658242476858e-01,-2.983825845103431629e-01,-7.813804044345507016e-02,2.299945560071633976e-02,-1.081868511960223378e-01,-2.848198637422644924e-02
-1.165774482134146472e-01,-1.334555933690420582e-01,-2.614189014840539449e-01,-1.124120757201323428e-01,-1.150335399550223431e-01,-2.159677723626472201e-01,-2.091976062130618819e-01,-2.152837390305873122e-01,-2.807712746387568403e-01,-1.394351802569947507e-01,-2.520469415625843368e-01,-1.209475862714875782e-01,-4.825469782480652087e-02,-1.623026087252243954e-01,-9.381431709439978783e-02,1.756795468044629049e-01,-1.614308123288560604e-01,2.547551442321492887e-01,1.000000000000000000e+00,2.952346899303910366e-01,1.670996280063566375e-01,1.319341944255655041e-01,-2.256107647885145784e-02,-6.002964863834676229e-02,2.188980242420119141e-02,-1.985060473925596980e-01,-1.524690383282046036e-01,-4.458220242001414979e-02,1.093150704270567843e-03,1.263406942113387554e-01,1.095779848867869666e-01,-1.639582742808456672e-01,7.321301117979094920e-03,-6.591408082601367402e-02,1.416002764100020017e-01,-4.197667177871557825e-02,4.080685361846103990e-03,-3.624812652288249976e-02,1.088465759717893722e-01,1.748958495409512204e-01,9.949302360517027488e-02,2.422204069164846651e-01,1.202106422578571449e-01,1.295662241629815803e-01,-8.114282432720781868e-02,-4.885930958738152370e-03,1.151037846826205302e-01,-7.149140424509629888e-02,-2.300203728235573619e-01,-1.222903361839925290e-01,-1.757611110161670653e-02,-1.785435521289777672e-01,-5.117102120022280765e-02,-1.696927468022905658e-02,-5.787464382464326679e-02,-7.511621983624822141e-02,5.220367791837190498e-03,1.882044449258956850e-02,1.119592020044585523e-01,1.090756109155137099e-01,1.239466608184385532e-01,5.981260602784555652e-02,-2.986852332090774234e-02,-6.499610300397701788e-03,1.600713171420753977e-01,1.649000697943591165e-01,-6.216786200620110642e-02,1.045004282922737532e-01,1.361071009182197589e-01,1.032201905113023649e-01,1.118399901015405956e-01
-1.326319569977609247e-01,-1.263889800833917221e-01,-4.196997063451605725e-01,-1.657295621101015914e-01,-1.156337685450269798e-01,-3.798639371674406018e-01,-3.435393417368377000e-01,-2.656441747333372350e-01,-4.958534051845506219e-01,-4.265976736365581501e-01,-3.607794540140653594e-01,-1.928217957150009931e-01,-2.954718094044529730e-02,-3.485946827463671377e-02,-5.695259511738181429e-02,2.444510296095072088e-01,-8.295813927115483488e-02,3.382849529109803743e-01,2.952346899303910366e-01,1.000000000000000000e+00,1.946695954249342275e-01,3.846790502961636715e-01,1.644298452679890041e-02,-6.236434664208342742e-03,1.282190941079076330e-01,-2.717131467096590702e-01,-1.824823549507112730e-01,-1.167842099136103401e-01,1.282895693206297372e-01,2.189652058489088560e-01,1.343013625460214855e-01,-3.012000995406535764e-01,-6.125256198686868797e-02,-1.460927138915771584e-01,1.336034988643180210e-01,-1.123400976532209078e-01,-2.971111825563901854e-02,-9.939245507135804902e-02,1.398454987184664100e-01,3.498182163630790265e-01,1.550703785357651354e-01,3.061278308745328802e-01,1.666488983066959362e-01,2.689051193663565820e-01,-1.013600617425131079e-01,4.723420685958251708e-02,2.677530987136164109e-01,-4.417481751595682404e-02,-3.702195571319663037e-01,-1.268067615872344733e-01,1.375667635216823448e-02,-3.053264825153593764e-01,-3.406200671364339322e-02,-1.698654645788474638e-01,-1.508027883867109620e-01,-1.092729767242805877e-01,-7.926043932047012464e-02,-1.572152180522119747e-02,1.235524997648270729e-01,9.097257470191173756e-02,1.432416433490369956e-01,4.509558806699148076e-02,4.972356428230084724e-02,-2.977869788893576161e-02,2.573981627949416540e-01,3.321326192313201475e-01,-1.690645259242265844e-02,2.511012084446248016e-01,1.700447086698161636e-01,7.556563046514616633e-02,9.551538910799459159e-02
1.528829736629010172e-01,2.789415729254821619e-01,-7.468757393533871636e-02,4.388410292762529204e-03,2.717075745739954695e-01,-2.633167317001812446e-02,-2.023272316061662246e-01,1.186271292644037190e-01,-2.209344268031067093e-01,-1.223618371433723012e-01,-3.596965925310283141e-01,-3.521028884317467522e-01,-2.669066545857113892e-01,-3.290086465275492977e-01,-2.472444269255138216e-01,-1.002228063601529884e-01,-3.961657855348505453e-01,-9.312351347229193277e-02,1.670996280063566375e-01,1.946695954249342275e-01,1.000000000000000000e+00,3.232667116441874655e-01,2.897732337619575160e-01,3.332865122620389253e-01,3.905837035839678784e-01,7.441792364355657996e-02,1.730209224064910012e-01,1.048271662843751062e-01,2.498876204064781892e-01,6.403538868427026409e-02,-1.568156204512440588e-01,-2.439706090642263514e-01,-3.431547374406154205e-01,-3.350225243823596877e-01,-2.219927677222243434e-01,-3.693859725430548857e-01,-2.343649579428823404e-01,-1.447564158610324392e-01,-1.557646436241632570e-01,3.677316964717466941e-02,-1.046216421756203940e-01,1.662701201494579811e-02,1.667178205578955241e-01,4.028134326777985663e-01,3.061625753788628224e-01,2.503277980577126582e-01,4.113375793343522213e-01,3.291370801529667767e-01,-7.867211535261170452e-02,2.721251287107591676e-01,1.416685230365339054e-01,2.117971075155919772e-02,2.575137816723718776e-01,-1.081992667355633764e-01,-1.959511412237060213e-01,-2.527992137699505704e-01,-2.333845598711599412e-01,-2.510142901389821879e-01,-1.256373174599760556e-01,-1.411582551335932301e-01,-1.063588388253071393e-01,-1.248507715712619259e-01,-1.170151025314528428e-02,5.312509690049953270e-02,2.012564254162243771e-01,3.033080706918778180e-01,3.008910015427512796e-01,3.209573692888920138e-01,3.075483655958101137e-01,2.287988468536213960e-01,2.080870058320670180e-01
3.836880729032331183e-02,2.580628883238742510e-01,-4.331848414694797200e-01,-1.628424012548655986e-01,2.430068519273879957e-01,-3.631895353178997699e-01,-5.288630442049693237e-01,2.891708398031175159e-02,-4.620886326625357476e-01,-2.563898532425352705e-01,-4.822922179035512569e-01,-2.800736386859269955e-01,-2.390980304635817455e-01,-3.135488409940542232e-01,-1.670164971527115516e-01,-7.183765470571451539e-02,-2.212505523290131393e-01,3.402121531078603628e-02,1.319341944255655041e-01,3.846790502961636715e-01,3.232667116441874655e-01,1.000000000000000000e+00,3.852019450782727117e-01,4.084912581804866494e-01,6.070841919179074120e-01,-1.318118687467280670e-01,7.410170923140338428e-02,1.408358079854103995e-01,4.761856600018196661e-01,3.237901561049441046e-01,-1.532008845612306824e-01,-4.757379992737447716e-01,-5.499676191750975107e-01,-5.136591412155578906e-01,-1.266876964160735808e-01,-5.917308204203428623e-01,-2.976126397874971352e-01,-4.116527230028941414e-02,-9.579042878604118738e-02,2.310441724419609044e-01,-4.910456211473025051e-02,2.403574086823471456e-01,2.459565857715889092e-01,6.493794656790918829e-01,2.857202514192303533e-01,3.110580323394382396e-01,7.345168070296312912e-01,3.645346925054839260e-01,-4.334820676194365285e-01,2.568954294197054455e-01,2.215252636095680350e-01,-1.889666613159138586e-01,2.859980435969272095e-01,-1.958924527130626592e-01,-3.137245549033655379e-01,-3.676733320346842193e-01,-3.885769230782600836e-01,-3.091779422024552026e-01,-1.084479161421778581e-01,-1.004528041652462955e-01,1.345768038203461747e-01,-1.110302534555604598e-01,-1.232801859493711238e-01,1.388319394871868721e-02,4.825826861543937585e-01,7.041113800101235221e-01,4.161962843756354391e-01,6.368562334176366413e-01,5.222875489721947595e-01,2.034573411791217867e-01,3.310696395792264712e-01
