1.000000000000000000e+00,3.263679869408112610e-01,2.015289772738247664e-01,2.054368218796159828e-01,2.803334882872134393e-01,1.022395176413270212e-01,-7.728479790153074125e-02,1.907670637150049309e-01,1.550845765981416213e-01,-7.796582221807493718e-02,-5.271673498119654189e-03,2.392939578335078199e-01,3.302340310825892938e-02,-9.239970442516981519e-02,1.366086651067523472e-01,1.887795737803886764e-01,-6.045550356953102722e-02,-1.445237544896804845e-02,2.166390262333044436e-01,6.448363366771291127e-02,-1.102360150148360418e-01,6.855810219916613768e-02,1.126962781703444300e-01,-4.827730981375695507e-02,2.385304203477195059e-02,1.280019642682522218e-01,4.336355663434277030e-02,3.634599026297691965e-02,6.193975321895081598e-02,4.148084064152553901e-02,-2.287320895503387047e-02,8.357636649987773558e-02,2.214538764523647438e-02,3.802639652184468255e-02,4.210888172286041814e-02,5.034241748391567184e-02,8.002220925758306291e-02,3.075874690726954075e-02,-6.823798336933591113e-02,-6.206870058912640487e-02,-6.804534735948804258e-02,-5.255526710543031305e-02,-1.098002338274866718e-03,6.485523830049130974e-03,-4.692359223738021973e-02,-2.617080941475418213e-02,-3.277898006940109521e-03,-5.757539595683786905e-03,-9.586464218127419175e-04,5.247937120794578247e-02,-1.065210081854286311e-02,-3.785663911799692222e-02,-4.551202453885564575e-02,-3.922827492833808050e-02,-1.533453955233526553e-02,-3.666353702275557125e-02,-5.660397856623387153e-02,-2.424687794593562151e-02,-1.613471762725377651e-02,-4.288580292177487929e-02,-2.217544150202681308e-02,-2.627946929941889914e-02,-2.253954143976865526e-02,-2.696838853192527058e-02,-8.878728343670772016e-02,-1.600468219822522714e-02,1.671554456432715330e-02,-5.686390333030464511e-02,-6.484030826930750613e-02,-6.997778862730401339e-02,-6.689336771828727213e-02,4.786277284925644082e-02,-3.515149716837089001e-04,-7.852354452019934261e-02,2.391139728081971561e-02,5.407647769025832052e-02,-5.375025794201497564e-02,-4.964785119798026392e-02,5.985115559221391990e-02,7.347006995058982803e-03,-6.023635311323605190e-02,1.569719801214752505e-02,6.023451910219804195e-02,4.392991948477842357e-02,4.443377150333902015e-02,2.260868373918169597e-02,1.089909664994835603e-02,-1.854455318181185905e-02,-3.497509836619486223e-02,-6.631724191431326298e-02,-4.510078540090191324e-02,-4.179863021473474022e-02,-2.246511087871758822e-02,-5.894796214187347089e-02,1.915772972084732809e-02,-1.430759185366088822e-02,-1.479420908975159418e-02,-1.124113829624940990e-02,1.805156580919478962e-02,-3.702711591983987027e-02,-6.045450228625989797e-02,-3.142705072002933281e-02,-4.151437562320870606e-02,-1.206835287387698213e-02,4.523851173413109134e-02,-2.670480313971799330e-03,-1.862203929276855588e-02,1.063949109485696348e-02,2.595366380114052032e-02,3.049837163250582184e-02,-1.137617120418827309e-02,-2.981836085636265302e-02,1.249493041789448942e-02,-2.122977639268189623e-02,-1.221811399665801226e-02,2.041057500733990324e-02,-2.874071599576743380e-02,-1.230705665792171562e-02,-9.606022243940849810e-04,-5.597167591995784452e-02,8.578018329702589637e-03,-9.770770433236826424e-03,-4.190315542513287084e-02,3.683250453672801128e-02,1.209057436207839481e-02,2.515837357230057275e-02,2.785977670080713037e-02,-3.152161251447465479e-02,1.169318612495410213e-02,-6.481816277865442080e-03,-3.534356200871185266e-02,-2.667045739857165296e-02,-2.845497778761427871e-02,-4.191675310504464069e-02,3.500604673125184974e-03,-2.319252929662249038e-02,-5.634421122737087034e-02,-1.824111388661351502e-02,-1.652035950605999434e-02
3.263679869408112610e-01,1.000000000000000000e+00,2.632348257540164660e-01,1.088610420814810076e-01,4.853108177674520518e-01,3.747344263190992564e-01,-2.884096238026524484e-01,2.604385310732391240e-02,4.373035933006602649e-01,-5.007214143997089709e-04,-2.247218204660518248e-01,3.633073111173107383e-01,2.263254644229747425e-01,-2.716810635630978465e-01,5.516039612379840251e-02,4.218747416644110237e-01,-2.209469943575154485e-02,-2.187135594281454098e-01,2.968745711607205795e-01,2.674755465084733275e-01,-2.271156782899775850e-01,-5.111172910012327236e-02,2.241417820171616448e-01,1.004114951288889585e-01,-1.127016572671544065e-01,5.619477213136979399e-02,1.877709390676336743e-01,3.859203634037866593e-02,-4.405380472765089289e-02,1.731834791267206769e-02,8.463029451264257597e-02,6.437282644475232629e-02,-3.840436512080751263e-02,1.427668811883991140e-01,3.251011350796771671e-02,5.110929325203626694e-02,7.839984262838534113e-02,5.205493064846248435e-02,-1.082979825683279829e-01,7.230559905613315186e-02,7.923001135025488362e-02,-4.171890307670506060e-02,-3.441495522135019913e-02,1.749710162412861925e-01,4.885904161926334088e-02,-5.160691466809786548e-02,7.769943835503505258e-02,9.188384582430200731e-02,-3.083868753403401150e-02,1.472938298940303309e-03,8.671148485828765462e-02,2.995298793051454078e-02,-8.894998753852441375e-02,6.461103140721770333e-03,1.009852489062718905e-01,-2.875665486181201366e-02,-8.150009907848508595e-02,6.236297116027169490e-02,6.804653848746640421e-02,-6.656115882070326450e-02,1.095207752687606638e-03,9.944837627710055583e-02,5.055311930930355205e-03,-4.828642954803375603e-02,9.627088183541913230e-03,6.178511275897544119e-02,5.924043473939660104e-02,1.743211094980368775e-02,3.045009705056396856e-02,-7.632667856949794383e-02,-5.821941092915478705e-02,8.785303630184859713e-02,1.894627945092812026e-03,-8.913695993396532347e-02,1.871221714334319469e-02,6.023638317303221107e-02,-6.444579690001164818e-02,-6.259767368135493726e-02,6.336341651301263811e-02,1.597626104800311392e-02,-6.692358504671723496e-02,-1.430455520130942230e-02,5.887305304915120552e-02,6.997423569809009536e-02,7.056401169789576489e-02,1.959112737085640793e-02,-2.618010564477739549e-04,-8.399842177058976234e-02,-1.314486418257794498e-01,-9.933609036817588056e-02,-1.227872098050285660e-01,-5.285584996318851841e-02,-3.026086432365720710e-02,6.445721218763252915e-03,3.840990100841581295e-02,-2.708564564300341981e-02,1.236977997956118930e-01,1.257725015641994182e-01,8.850664941074615211e-02,8.823881294886116999e-02,2.745356296768372215e-02,1.326940966278973566e-02,-1.440173593221651463e-02,-1.790473787785581885e-03,4.793060698587511652e-03,3.498603509795593369e-02,3.980694854149150613e-02,3.115911893219994871e-02,5.027177251423888688e-02,2.900753318166492123e-02,-2.386838421774171992e-02,-9.257461809085285043e-02,2.790214048466115038e-02,-3.469144582453273506e-02,-1.125639653436799753e-01,-5.996308517763259023e-03,-5.971784506454088509e-02,-1.358323459830265700e-01,-1.763356987781479132e-02,-6.658772623746896102e-02,-1.396797038739425456e-01,-1.849177570048417133e-03,-1.137029911451880176e-01,-2.361990282597919641e-02,-4.743971015774037930e-02,-5.124168370433505870e-02,-1.549807111895095020e-02,-4.070947233221237915e-02,-3.342954761301440009e-02,5.139309903609358410e-02,8.192216075509163586e-03,-2.205541953045253578e-02,-2.139955338752945121e-02,-1.484729494925800600e-02,-1.696456923171223846e-02,-1.019405897955183091e-02,-4.229401141664219932e-02,-2.852735861492408306e-02,-3.538073315194891974e-03
2.015289772738247664e-01,2.632348257540164660e-01,1.000000000000000000e+00,2.678941584004980725e-01,5.390517797846967364e-03,4.117679563806629917e-01,2.432817306409552349e-01,-1.643952769527557214e-02,2.470606965197930452e-02,2.086927279321402207e-01,7.308073459330000077e-02,-7.887785445033751452e-02,1.002726820128694435e-01,6.529106882836058223e-02,-1.088105056213863747e-01,3.624359703051647456e-03,1.307067361597565869e-01,-2.792308240053550245e-02,-9.137770809513649783e-02,6.850436322514852350e-02,6.576237945240326344e-02,-1.545069169254234820e-01,-1.151138297447749786e-01,1.054760594482860026e-01,4.790710439763833095e-02,-9.357973166938064746e-02,7.740639228126620789e-04,2.220688800308055766e-01,-5.640040546405385158e-02,-8.734506124373876690e-02,-2.161440897869649005e-02,3.896059154646812350e-02,2.527913804571362000e-02,1.381089226424522115e-02,6.332861099534997651e-02,-7.980634939882479129e-02,4.074777537266797978e-02,8.455680122530417897e-02,-7.266713249154113652e-02,-1.205208002629987590e-01,-1.495948518385030457e-01,-6.462120806852725274e-02,-4.058631813525783588e-02,-7.232313169358824123e-02,-1.081450529421938284e-01,2.613672380705889600e-03,5.006974776560370322e-02,-6.568205908435359452e-02,-1.209571540473284613e-02,1.238643294989498905e-01,-1.818061832266192057e-02,3.947453430119325646e-03,-8.506415718595563072e-03,-5.146457809805896760e-02,8.051601183596946917e-03,1.534641618954537753e-02,-3.914157296391902047e-02,-3.537280834685976177e-02,2.071950958942082865e-02,-7.952432658857878358e-04,-3.492776166431239143e-02,4.678170077192208946e-03,2.664047041420859741e-02,-4.707885695385752647e-03,-8.502690547549852929e-02,-2.859400616223146951e-02,5.065725312584791473e-02,8.616724533057813773e-02,-9.254385452145749702e-02,-4.242742547684819759e-02,-3.619363356972121054e-02,1.396444928993372525e-01,1.140893510759663637e-01,-5.573303327109463412e-02,-3.186890458488315925e-02,1.235295897434337403e-01,3.706191226449821741e-02,-8.153768335834266079e-02,5.546921414473719031e-02,1.234027275201333984e-01,-1.268233715999512318e-02,-3.913072595348119492e-02,1.122206084583785013e-01,1.854521180325616886e-02,1.388390914224968409e-01,9.782671925651877098e-02,-2.217096733325830960e-02,2.822892967496301239e-02,-1.648801340637004800e-02,-8.932620159339514643e-02,-1.522176313789803427e-02,4.959952947732122058e-02,-1.033155666277640362e-02,-8.389457585700341169e-02,7.882254920992427805e-02,-2.969945823422449893e-02,7.790587363232472085e-02,7.733475067563243266e-02,5.117942429650403774e-02,1.403238989530344351e-02,-2.199902225916863883e-03,-9.081683797494315147e-02,1.036892727350649177e-02,-4.915629187864113681e-02,7.207169437065888418e-02,8.076378915741293241e-02,-9.120298127018904716e-03,3.975039499511195257e-02,9.116915877664560908e-02,7.023672414440274014e-02,-9.727813590325746704e-03,5.946116456979631121e-02,4.888475084085271843e-02,1.047910203268856769e-02,4.624007754512018953e-02,6.547503803974155656e-02,4.094975195562873559e-04,4.879046976156996979e-02,7.790606699765714738e-02,1.100808638144995001e-02,2.104058696866203948e-02,9.471484385203231271e-02,8.168086699115063853e-02,1.510231828354924588e-01,1.049228097142587968e-01,1.227728580715374690e-01,1.065764129871337590e-01,5.160218465244711256e-02,1.302907036577891087e-01,1.005052533783641448e-02,9.664384290205416811e-03,-4.422834321443072647e-02,-4.056931777759143626e-02,-4.843003927608879183e-02,-1.246959900178848911e-02,-2.232244600954433680e-02,1.652841380564533044e-02,-1.405782790510124586e-02,-7.775405843267134062e-03
2.054368218796159828e-01,1.088610420814810076e-01,2.678941584004980725e-01,1.000000000000000000e+00,2.355660490266421880e-01,6.907632395850502906e-03,1.233050859460591842e-01,2.723428409598357969e-01,-1.304561534552418633e-01,-1.259136335107447213e-01,2.263162266678294399e-01,1.782777222311990595e-01,-2.263737074376908354e-01,4.709417636423635783e-02,3.246658744946661623e-01,-3.963942376203766216e-02,-1.881837512602132223e-01,2.355231272819293398e-01,2.078433557596459369e-01,-1.920509977268497204e-01,-3.926163195389680005e-02,2.319401209946179432e-01,1.968771693367504100e-02,-1.076260022457915522e-01,8.320449674008116581e-02,1.392893578299575497e-01,-8.538491579212789673e-02,8.606772907679736961e-02,2.037983474877071710e-01,6.960333603452500961e-02,2.391356659755930480e-02,1.688533382721357501e-01,8.644786452870671656e-02,5.654171889976646048e-02,1.953213874414527762e-01,1.470977680514851116e-01,-2.405076899537301680e-02,7.402739274658313995e-02,1.164748006326712798e-01,-2.890750405317950734e-03,-1.692518238817042886e-01,4.162980384155963443e-02,4.146895983098426719e-02,-3.066130854974710371e-02,-3.378451518402437320e-02,7.574233328943894006e-02,4.234819371080468520e-02,-3.962004944164784076e-02,7.171982998038545221e-02,1.656162515689208747e-01,3.973302101080146420e-02,-6.837518233857184380e-03,5.019639790222672759e-02,3.549053850855392322e-02,-6.486853853695773685e-03,2.115136306245678222e-02,5.067210596333187461e-02,5.989647231404959284e-03,1.604004738182385247e-03,6.264241532720979388e-02,4.006986925811965861e-02,1.097932763819991662e-03,3.655540238121314511e-02,6.568126639516226606e-02,4.055104370925756430e-02,1.440639447757294039e-04,3.150352496970160870e-02,2.746961177120176706e-02,-1.129194177272567073e-01,-1.061962558103226595e-01,-2.932249730740919824e-02,-1.817950996573509947e-02,-4.693025539728443336e-03,-8.292425477829722807e-03,-4.473751418035173261e-02,-5.326552348022929595e-02,1.131391000984789761e-03,-2.189880344914495874e-02,-6.043404371297277089e-02,-2.948965362389514844e-02,9.858373097559490136e-03,-2.838496587137171595e-02,-3.570859233227865331e-02,1.639468507147153267e-02,1.093886977113775333e-01,6.197833748650913299e-02,-1.140828771433808064e-01,-4.502436197472468871e-02,-3.844562559219889819e-02,-1.238473987211688165e-01,-1.476709394440905987e-01,-5.998219957880037388e-03,3.441305564659057764e-02,-9.430731122160235236e-02,3.749555514947353757e-02,-7.527526793729158450e-02,4.236980545218130972e-02,8.571061775903667315e-03,1.223678934746195851e-01,3.025753953002581834e-02,-5.693810208159722636e-02,-8.614890286239787476e-02,-5.384630471998805290e-02,-2.694848448825963930e-02,-2.648182650779657213e-02,7.464530157531411997e-03,3.327463045574230276e-03,7.109149212452032900e-03,1.192397257238835863e-02,-1.462282181173693574e-02,-5.762510750806030396e-02,-6.333182484348451324e-02,-3.272802205001522358e-02,-5.307861874193637447e-02,-4.936849024224825022e-02,-3.978502654064541844e-02,-7.919050389248663557e-02,-5.386119332228778839e-02,-5.440629948627066781e-02,-7.519342391012452664e-02,-6.304524316410053952e-02,-2.018111504048852953e-03,-1.207323910989430843e-01,4.117922892035977278e-02,-1.487297768025427382e-03,5.268259298628601844e-02,6.183581957117208899e-02,-7.174789427553963927e-02,1.640330393086152777e-02,2.153437911398079635e-02,-1.046041355999751364e-02,-8.734406701754347455e-03,-4.124634903449900247e-02,-3.699657066556252122e-02,-4.259181352392159281e-02,-4.423533016890184022e-02,-7.204897910635857557e-03,-1.252498346520094716e-02,-3.013448607755089131e-02
2.803334882872134393e-01,4.853108177674520518e-01,5.390517797846967364e-03,2.355660490266421880e-01,1.000000000000000000e+00,1.678922695711036472e-01,-4.542594901838088450e-01,3.771765318021922386e-01,4.881655132703604516e-01,-3.147363448674381226e-01,-9.480874157959680304e-02,6.375990276622177655e-01,7.303192490887630561e-02,-4.255323944983586126e-01,3.042798354820284712e-01,5.240789156943409521e-01,-2.589764975057983754e-01,-1.933051183318826860e-01,5.639265358773155601e-01,1.828875713489375443e-01,-4.097510302574795538e-01,1.076110278704501266e-01,2.314121583060315956e-01,-8.152454941838012392e-02,-7.655451974622429212e-02,2.021903524110611194e-01,1.330627881666572310e-01,-6.063254774927648305e-02,2.043629729123622521e-02,4.771509312712094580e-02,-2.583629042315360030e-02,-1.168113275427795509e-03,-1.114319768149503176e-01,-1.816478343701250289e-02,-3.783458019032711478e-02,8.438598831764985986e-02,3.174087930480890690e-02,-1.060545279590490997e-01,-1.542873506327141486e-01,8.197676159025677270e-03,-9.347064502626634087e-04,-8.492153164208525451e-02,1.263880854626295118e-02,1.334644440726267256e-01,-5.831036958457857383e-02,-4.746242837018471022e-02,2.293832097014395291e-02,1.886777078321236548e-02,2.990929269276291699e-02,-6.526806475109859021e-03,-3.906686100346856011e-02,5.685481628434683327e-02,-7.750333800102968129e-02,-1.299486936115814562e-01,3.539439520245445114e-02,1.052608818997815936e-02,-1.400310244673605986e-01,-7.015035461153439067e-02,5.799860361471914638e-02,-5.922244489703475806e-02,-1.092286237325850728e-01,1.126764713591252992e-02,1.387640485079407945e-02,-6.753668200106312247e-02,-9.590198247643585971e-02,3.231517105896301173e-02,4.144148150801828245e-02,-3.223948680190810712e-02,-1.498177850567485904e-02,-5.058053869723590917e-02,-8.459824210098179642e-02,4.562547268318112997e-02,2.929721968134968175e-03,-9.231962378853265927e-02,-1.251692262722398953e-03,5.874485628415664767e-02,-5.187864924069277017e-02,-7.846009201663385613e-02,5.733321477846343300e-02,3.754383326099656332e-02,-6.831623076987429488e-02,-4.394119705291877481e-02,5.689968335596417431e-02,4.035607092055931017e-02,9.710237082188866165e-02,-3.209842521895524270e-03,-8.500509108481131906e-03,-1.420217791847994682e-01,-1.480166544359304004e-01,-1.359034962566925409e-01,-1.339665811492461167e-01,-9.530280428491788580e-02,-4.658384350116780148e-02,-1.326489787937715735e-02,3.370495610986812274e-02,-1.413021286095833551e-02,1.384308571187410630e-01,1.413015181381043484e-01,1.286177527338121240e-01,1.456446721365372843e-01,9.455535628202366150e-03,3.618204442190790099e-02,6.258578206089761460e-03,-3.348784225797268171e-02,-4.630538688840145356e-02,-1.853588350029583423e-03,-9.313883184229636986e-03,6.407911437495404997e-03,-6.076876927599136544e-03,-2.127566686241939842e-02,1.616016907618592416e-02,-6.235429981847121633e-02,5.040550029562755607e-02,3.371722626904518488e-02,-9.357918495295103334e-02,3.686980780891088716e-02,-3.079583752598743195e-03,-1.390348046487726308e-01,-4.896367264606296503e-03,-1.897085184158794902e-02,-9.766449111803608696e-02,-4.937268803924289851e-02,-7.760801095527490590e-02,1.086065252722502247e-02,-2.733765244788456672e-02,-1.797469331059944539e-02,4.345890087889996145e-02,1.370333954367990723e-03,-3.301003262071435657e-02,1.153186124060933820e-01,4.033131280104348265e-03,1.264646161750737630e-02,4.503790791828920712e-03,-1.250355722465043562e-02,4.471480532702463637e-03,1.067792944121533950e-02,-1.779436002253709931e-02,8.894864004795282816e-03,3.386876698734562433e-03
1.022395176413270212e-01,3.747344263190992564e-01,4.117679563806629917e-01,6.907632395850502906e-03,1.678922695711036472e-01,1.000000000000000000e+00,1.137676503278657741e-01,-1.457259476218746297e-01,3.817911675185395870e-01,3.735141005043569606e-01,-1.828783584812253282e-01,-2.955248936706717997e-02,4.388453916437302649e-01,-7.037941194067426354e-02,-3.534191413325430409e-01,2.645143533467327890e-01,3.306055759948267059e-01,-2.999752700346657308e-01,-1.051694833608778079e-01,4.079352837582075342e-01,2.534673103963655180e-02,-3.409001237228267978e-01,-9.324204415327707121e-03,1.545055222905271919e-01,-7.090595380630729250e-02,-1.213345114678093667e-01,7.307619188332005467e-02,9.660737211677213054e-02,-1.714631029125166239e-01,-8.633733451522324076e-02,3.691053407622389010e-02,3.978331572024831203e-02,4.559969377804302037e-04,4.290329318389635854e-02,2.525533268783516916e-02,-1.698705565806463841e-02,9.782020696977283825e-02,8.163498963950790999e-02,-1.512984030913265554e-01,-8.515045670126591970e-02,-4.806244881451617740e-02,-1.415185831055170984e-01,-1.242118045224823025e-01,2.462768007395410921e-02,-9.692775793283915642e-02,-1.234179925407311584e-01,1.759587866728699532e-02,-4.006445384213560418e-02,-1.191742264240955723e-01,-3.006529039556602237e-02,2.324985133889467120e-02,7.272835052079487661e-02,-8.773435272220944658e-02,-7.369697273861521014e-02,1.107487863718004673e-01,1.529643413588340981e-02,-1.348437001102720245e-01,1.285518277901857853e-02,1.138293638088251208e-01,-8.175569385352761398e-02,-7.813084954308695262e-02,1.185264069826204164e-01,4.084709565042612955e-02,-1.221623546599381327e-01,-2.044022813643894473e-02,-6.998235323440452071e-02,2.193727897092403664e-02,1.071779348950318150e-01,1.130431407468006355e-01,3.070253099056023324e-02,-1.324283636714741474e-01,5.740185271074483425e-02,1.691762653182191378e-01,-7.163223661920706253e-02,-1.295612288854194882e-01,1.278425549630155811e-01,8.923361717103824031e-02,-1.235719359271030271e-01,-8.330092107108043667e-03,1.353297710785144603e-01,-4.123954813986386095e-03,-1.070601079053860455e-01,7.224163396690128081e-02,-4.292785322220067819e-03,4.643713342544069506e-02,5.993147021440298206e-03,4.722488679657958440e-04,1.805260148809799403e-02,-1.746032955040416335e-02,-2.467427793790319054e-02,8.473690777153651196e-03,5.652370031677307616e-02,-5.931482563429697069e-03,-1.089055942426726681e-01,8.922258215805559112e-02,-7.969509656143253240e-02,9.384797897072372219e-02,1.098483628819311303e-01,7.387375735198614679e-02,-1.837498953957399095e-02,-5.030811212451487963e-02,-9.423122058785453337e-02,3.655193844279455706e-02,-8.935591256859506948e-02,9.823938326313511049e-02,1.113467098664923244e-01,6.436002074852137378e-02,1.100301608341452686e-01,1.274418226724121639e-01,1.044459686151933686e-01,3.985778373033926902e-02,2.751737510232307379e-02,1.115005723943037347e-01,2.319723897548923650e-02,1.782993018401008573e-02,8.888607803063755530e-02,1.494477020456010975e-02,-4.977311983901234679e-03,1.079885787202783803e-01,2.330832873392399418e-02,1.909928716565189102e-02,7.244935662781697150e-02,8.512179722123196235e-02,1.301465284988334858e-01,6.257500719686183432e-02,1.188015117347733102e-01,8.185261505212360067e-02,8.632003238677024570e-02,1.293601902327855269e-01,8.613341285450722140e-02,4.313214405071953000e-02,-2.543886200333016212e-03,-1.470872419289757579e-02,3.311903287079300158e-03,-4.870969754099153948e-03,1.640446441406290951e-02,-1.303324539491951609e-02,-3.394668419412263938e-02,1.341542777743291032e-02
-7.728479790153074125e-02,-2.884096238026524484e-01,2.432817306409552349e-01,1.233050859460591842e-01,-4.542594901838088450e-01,1.137676503278657741e-01,1.000000000000000000e+00,1.346987551760715496e-01,-2.407552530234237653e-01,4.220381480710737598e-01,5.381966419510593180e-01,-2.775651487724570265e-01,4.248351914054909056e-02,4.441656902341196700e-01,-9.116070531280941192e-02,-2.913742207789953853e-01,3.095472702514845964e-01,2.911883680813452946e-01,-2.859789848578259130e-01,-3.868265164196402900e-02,4.085905727526221165e-01,7.702815537920291999e-02,-1.464553319342501159e-01,1.378586065864277621e-01,2.324958349118968481e-01,-5.467994670131920421e-02,-1.426468515452587182e-01,1.451315447181899254e-01,6.189250031741253683e-02,-6.469953131179330408e-02,-5.349563771712573246e-02,1.217426203673753655e-02,-1.652372984009821411e-02,-2.416714361232799591e-02,-3.506079387949278224e-03,-8.904254498617145130e-02,-1.313712970388774062e-02,-2.601445818746104047e-02,-4.787891622619524362e-02,-1.256253764416645491e-01,-8.705140756952005343e-02,-6.750507937814489989e-02,4.098053020876352842e-02,-9.297621384023073421e-02,-1.436613070105342560e-01,7.961587709593016815e-02,7.102986148792533871e-02,-1.493979199569435701e-01,-5.985673798306092447e-02,1.969913426781154733e-02,-2.633608331026566357e-03,-1.359217093577063870e-02,-6.134728720342470104e-02,-5.429563643396547942e-03,2.509023375638839287e-02,-4.778422438325149318e-02,-4.515923384416713898e-02,2.596448725280063596e-02,-5.755894134390940331e-03,-6.100035754685860512e-02,-6.263061135778119973e-03,3.385559267688015295e-02,-3.966655168540759308e-02,-6.941740929705830787e-02,-1.940439391747995207e-02,-1.229213722121861030e-01,2.774571126751982503e-02,1.616096829370095300e-01,2.119448069107557689e-02,8.254303446005566147e-02,6.863091789109656074e-03,8.049411710844308135e-03,1.399110251007968375e-01,6.422554283538005337e-02,-8.483604813258913135e-02,4.213117936468915165e-02,1.412931811028913520e-01,-8.821967794096493426e-03,-6.068729671812683746e-02,1.022560368667742303e-01,9.546861001612381992e-02,-5.611856707878870587e-02,-1.287526860749186805e-02,-7.330142972022463121e-02,-9.508862073218259450e-03,-2.355030988678299270e-02,-7.988233435394277021e-03,1.079536708679319779e-01,5.824695001712762443e-02,7.336527885740161403e-02,5.947356337973612461e-02,8.792253866400800977e-02,-5.870719301219061784e-03,-1.266991938040613608e-01,1.344012589232376764e-02,-7.753980583237779500e-02,-7.098580750852567789e-02,-7.758342636994852715e-02,-2.208256293413745491e-02,-1.115554481148845339e-01,-2.615194599020904606e-02,-9.634754159584910105e-02,-5.309517844052199370e-03,-3.862804311627486553e-02,1.024874717314706030e-01,3.086139545365883599e-02,-9.530291067889551382e-03,5.876799888956539542e-02,4.335351693455836292e-02,6.320602417344162172e-02,6.281373912704239781e-02,1.038383778634820037e-01,5.796713984501971478e-02,1.058279655323070834e-01,1.318855397469651247e-01,6.913373114570763034e-02,1.147477060062679632e-01,1.565670568635365578e-01,8.948923156921020916e-02,1.209467978800598947e-01,1.413777054767245411e-01,4.270784545560940559e-02,1.468958172736593848e-01,1.217330633280856861e-01,1.894325250971206631e-01,1.539730406056973311e-01,1.124256853318896798e-01,1.047522226370054682e-01,1.521262652273356053e-01,5.311750437536205682e-03,4.097510377272582660e-02,6.890690926686365847e-02,8.205095613048395131e-02,5.495874551690210774e-02,5.099278070236362009e-02,3.679698497476063118e-02,2.142562093113303118e-02,3.910155790185568248e-02,3.762440129556151452e-02
1.907670637150049309e-01,2.604385310732391240e-02,-1.643952769527557214e-02,2.723428409598357969e-01,3.771765318021922386e-01,-1.457259476218746297e-01,1.346987551760715496e-01,1.000000000000000000e+00,1.300016364432796112e-01,-4.225317218011223619e-01,4.751145599359493099e-01,5.117966422090580725e-01,-2.639549964307585372e-01,-1.764416703574004375e-01,4.565681784521612441e-01,1.656874165676913424e-01,-3.482645968086813815e-01,1.273019884162188697e-01,4.481173896245792543e-01,-1.501127013074908811e-01,-2.415053998259676649e-01,2.930804114418309458e-01,1.405626206597943018e-01,-2.547062922310261990e-01,9.380967963328927517e-02,3.065731543295669992e-01,-1.171760416751699840e-01,-1.125921650270448465e-02,1.233475429385511302e-01,1.259101553684639427e-02,-1.278714132640322576e-01,2.484105352233141259e-02,-7.242878887522440079e-02,-1.255172343874875196e-01,1.611530134406036208e-02,1.088226407162751902e-01,6.799046533563021799e-02,-1.022479477662991271e-01,-7.691382580545799708e-02,-8.251097073572764840e-02,-1.647574752460892744e-01,-1.030545978716461142e-01,6.623285824068803063e-02,-6.107770706318290527e-02,-1.716006700011692421e-01,4.457611778184687040e-02,8.126520502701715248e-03,-1.212219687896972653e-01,-1.398099899947610227e-02,-1.150073095943112333e-03,-1.093662709998922122e-01,3.734908953836380691e-02,-4.843035852686129045e-02,-1.472508054082460327e-01,-2.264367949601082952e-02,9.694811968802632962e-03,-1.209357246281116682e-01,-1.116832309661824757e-01,1.456907119141096982e-02,-3.108557391177100074e-02,-1.350413817225770974e-01,-5.249535594614058304e-02,1.904514187168319939e-02,-7.222422203567509247e-02,-1.500825818568208847e-01,-5.664582046896841222e-02,9.230374728154452924e-03,-1.524410705376121056e-02,-3.838471664843397246e-02,3.418658165113223901e-02,-2.423681406344428690e-02,4.129760745198057109e-02,4.503438216331863420e-02,-2.378078946590455808e-02,6.558783355688361898e-03,8.055312396461290769e-02,1.179550345207802664e-02,-5.748175169631512815e-02,5.305767659830858823e-02,8.302211561356355463e-02,-2.206595651917338946e-02,-3.962503583944745195e-02,7.415328898741979646e-02,1.524509283360916609e-02,8.836269874746408015e-02,2.408068659212346183e-02,3.118889572520058828e-02,-2.654853322564767332e-02,-3.875270511135592288e-02,-3.792604046338401980e-02,-5.314716744437104901e-02,2.176407300525293534e-02,-1.817268740608783337e-02,-5.031860214202796278e-02,3.826978071556525612e-02,-4.633816105464833024e-02,-1.086404511861128845e-02,-2.036534614188796263e-02,4.083199239808377873e-02,-4.002853650938717651e-03,-2.241019670813529721e-02,-5.131552079310292003e-02,-4.756507726595453345e-02,-1.332679959517181316e-02,6.305881613642311256e-02,2.606570257477014430e-02,-4.758133305791455159e-02,4.473774915031404620e-03,6.527251089342935020e-02,2.067201929657162124e-02,1.814979653398893222e-02,7.706021742975564803e-02,5.980909310266901285e-02,6.026983792101115595e-02,4.931854570742437438e-02,3.746603737839104831e-02,4.379720141404783856e-02,3.569937723053250023e-02,5.666728089137248146e-03,3.774550873018863578e-02,6.094385432916810813e-02,-5.222272570054475177e-02,1.590506316883523452e-02,8.486526512297012936e-02,9.286697235348426172e-02,1.269727478440866864e-01,1.124351470992166757e-01,5.820864686643277552e-02,1.075529556277292909e-01,9.132358975361579145e-02,5.454146381182303077e-02,1.043619563182190124e-01,1.080555725974081671e-01,6.987648185688973002e-02,6.961053423379248706e-02,4.204194262026705181e-02,1.222210591022076728e-02,8.131701447284679640e-02,3.402280838641753152e-02
1.550845765981416213e-01,4.373035933006602649e-01,2.470606965197930452e-02,-1.304561534552418633e-01,4.881655132703604516e-01,3.817911675185395870e-01,-2.407552530234237653e-01,1.300016364432796112e-01,1.000000000000000000e+00,9.191501686090222667e-02,-2.127717112661759447e-01,5.449809562303037369e-01,4.885207205252185547e-01,-4.547962108459200903e-01,-6.356655134383389083e-02,7.107327291460056040e-01,7.261038706960902533e-02,-4.576297480626798642e-01,3.834182659272575844e-01,5.382311042522559541e-01,-3.237849818956526904e-01,-1.652080347332552657e-01,3.148427952647678274e-01,1.124523911650184282e-01,-5.229286556419905641e-02,7.499588529224665567e-02,8.700737326451353504e-02,-1.269902266852090955e-01,-1.552663365551085750e-01,-4.430396890227837267e-03,2.200602755932873009e-02,-4.204166247555238267e-02,-1.286753907680648623e-01,3.099167790890085608e-02,-1.069691438637766084e-01,1.021448613839996342e-02,4.524662536215905140e-02,-1.229681862774925222e-01,-1.801411900126971555e-01,-5.727754170897857849e-02,8.573322635146682358e-02,-7.663647368945361582e-02,1.378861944022537547e-02,2.213194843099957065e-01,-1.445733049348936830e-02,-1.919233296426806415e-02,1.394089329720555048e-01,9.356893412736577362e-03,-1.470822069516217745e-01,-9.754120751194467198e-02,5.014680089927663065e-02,1.496666689196892719e-01,-1.771996066927800928e-01,-1.015067105273273484e-01,2.098208202840137759e-01,6.996667211140132755e-04,-2.283029394580684546e-01,5.573920898706358207e-02,1.909299826213070317e-01,-1.563828545476669274e-01,-1.179737790313159090e-01,1.971769315434497016e-01,2.407187840959338493e-02,-1.924862952881450928e-01,1.591505300113221083e-02,-2.810308336408106136e-02,8.731204806614446812e-02,2.029139686438543796e-02,1.626054125259201733e-01,4.684534234530002283e-02,-1.334997384027190037e-01,-8.426927365416453375e-02,1.172369162943220633e-01,1.374279061181770756e-03,-1.691978812021310563e-01,2.748178873309156667e-02,1.165430446615156740e-01,-8.933802218784818450e-02,-9.739951585946914070e-02,1.034930974681500526e-01,4.566474012662284643e-02,-1.560967711158801619e-01,-3.729663142312538565e-02,-4.377342879610555265e-02,-9.066169560692893814e-02,-8.162282526099787217e-02,-2.916889100991653522e-02,-1.214552800100203583e-01,-8.989126290124312135e-02,1.455040708989028923e-02,-8.913433917201152301e-02,-8.105758990517167306e-02,-1.289340480301188474e-01,-9.813118270859733094e-02,7.148703286049972946e-03,-8.715940301152591552e-02,8.085177506266462422e-02,9.718437496985130042e-02,8.017327112461160310e-02,7.500074904779985285e-02,-1.674063602331131440e-02,-2.255357878581201389e-02,5.151511281287945304e-02,-3.601510613858629334e-02,2.360025871270123379e-02,3.345493103698191778e-02,4.988086901570913667e-02,1.117615639970896968e-01,1.969252311178896001e-02,5.329359640421936495e-02,7.864898274521864296e-02,-6.305418061021743348e-02,6.762671783749238386e-02,7.351798860224574572e-02,-7.934333136605460635e-02,1.859780130872840456e-02,5.623299131442435761e-02,-1.442139484495027768e-01,-2.187496122576587307e-02,4.876924798742379719e-02,-8.707053103828996110e-02,-4.286032148886775861e-02,1.472147024096142655e-02,-5.573269764424433614e-02,1.479962550070225945e-02,2.342465549623836199e-03,-1.698632480690623336e-02,9.938158767836807739e-02,2.059478529629715088e-02,8.279828545614734137e-02,5.326255448858856212e-02,1.962691458392380045e-02,9.477516467582274007e-02,2.593140086748410220e-02,9.117130753392602149e-02,6.250096023945071744e-02,4.846926281908395251e-02,5.754425836659907839e-02,4.337347050684482036e-02
-7.796582221807493718e-02,-5.007214143997089709e-04,2.086927279321402207e-01,-1.259136335107447213e-01,-3.147363448674381226e-01,3.735141005043569606e-01,4.220381480710737598e-01,-4.225317218011223619e-01,9.191501686090222667e-02,1.000000000000000000e+00,1.556601921121487375e-01,-2.532221413925506148e-01,6.084796665732081777e-01,3.314314262742077966e-01,-4.232090070210692279e-01,8.072399766795221310e-02,6.517634726378098708e-01,-4.222557724842006949e-02,-3.159758929916565151e-01,4.455997025400059708e-01,4.106946014785483046e-01,-1.902893476116794824e-01,-9.968495720921184688e-02,4.463122758393702760e-01,1.258482049354420484e-01,-3.066958733623021405e-01,-2.788776297085863998e-02,5.488202469602424666e-02,-1.097124999646766630e-01,-1.166977866458920460e-01,7.147545716069951538e-02,7.969917520309330317e-03,-7.836523787128374385e-02,1.061101304798669348e-01,-7.415025584797710345e-02,-1.353642872761393334e-01,-3.778409420118571116e-02,-2.670824797956200536e-02,-9.233927403707430093e-02,-1.696558355047818323e-02,1.344243617569038651e-01,-4.401519758179812947e-02,-3.605530856789534999e-02,9.658709524285857828e-02,-4.679326792054746913e-04,1.125784361333859434e-03,1.593485966806692244e-01,-6.131494167335860973e-02,-1.070627262506946009e-01,-9.766973288178623647e-02,1.274709318671926883e-01,-1.431751611991700750e-02,-1.602156159618101650e-01,8.611896136835146820e-02,1.448590975012975235e-01,-1.246418741854735529e-01,-7.973935267563743434e-02,1.790701649115595262e-01,4.352381503326861051e-02,-1.713232066097766515e-01,5.574822158332198851e-02,1.780901413775978492e-01,-9.228281039251123863e-02,-1.119727200029374120e-01,9.826984052863342589e-02,-2.398718597580705436e-02,5.833270865046233378e-02,2.027213942256580193e-01,1.419202777357705947e-01,8.190402459300349935e-02,4.129836441445137313e-02,-5.533259618509257793e-02,1.090900384045535437e-01,1.264821146044877997e-01,-9.992953398470658111e-02,-3.387171726274608441e-02,1.512000547183050825e-01,7.586794268025441601e-02,-1.236939374433644601e-01,2.357145254051792524e-02,1.729635153563011951e-01,-2.995629827443322193e-02,-1.111695343666857932e-01,-8.879614728186455141e-02,-1.183408686244936669e-01,-1.441881243049075445e-01,-5.868089152320567908e-02,2.609471918802535803e-02,-3.536333071832593877e-02,3.098599460778021699e-03,-1.519810236054719085e-02,-4.432761594393568039e-02,-4.844484501083846234e-02,-6.295117148837262033e-02,2.664168004050768493e-02,4.703636181399534905e-03,4.390385373057150570e-02,6.010757912721689800e-02,6.228896321402507125e-02,-1.068040022883122962e-02,3.234192932753467142e-02,-4.804686309591293947e-02,4.249698785807008022e-02,-6.547389975771686355e-02,-7.775084177641568804e-03,3.480376655867620239e-02,3.494260693501106962e-02,5.655939639673440711e-02,3.145226225736031094e-03,1.638533600424096209e-02,9.932080188068281856e-02,-2.284135813231448139e-02,6.236419494167231431e-02,8.962538745758914793e-02,-2.608000031181242559e-03,4.376042498102418465e-02,9.025404515745620582e-02,-2.535326851859698999e-02,3.302214180399853927e-02,8.910046465644332059e-02,-4.748846315461233841e-02,2.166649175644309866e-02,1.797586975282099153e-02,-4.713916599211753072e-02,4.003498381006939666e-02,-4.731198366063516653e-02,-2.730095337786062754e-02,4.563260107213983063e-02,-9.151665320385882554e-03,-5.846054862073541553e-02,-4.090868461442272175e-02,-3.938734528776915989e-02,2.192707104325935727e-02,9.498036415529377899e-03,2.014783120507549624e-02,1.768909294776022101e-02,1.365005199508773255e-02,-1.284113885377582802e-02,2.135888490687300537e-02
-5.271673498119654189e-03,-2.247218204660518248e-01,7.308073459330000077e-02,2.263162266678294399e-01,-9.480874157959680304e-02,-1.828783584812253282e-01,5.381966419510593180e-01,4.751145599359493099e-01,-2.127717112661759447e-01,1.556601921121487375e-01,1.000000000000000000e+00,1.315945003969162530e-01,-1.336925521382258120e-01,1.670370983070543491e-01,1.900748019071282491e-01,-7.892009133465012483e-02,-8.365257340369655278e-03,2.306226079350688352e-01,7.625698767724252425e-02,-9.071364038785424688e-02,1.073578570826940470e-01,2.417691815518177023e-01,-1.123601179276234735e-01,-5.898673741945534982e-02,1.963089664026245462e-01,1.051383756063145256e-02,-1.997652890564218242e-01,-2.738216639342421627e-02,9.111996855332415990e-02,-9.820619479775620497e-02,-1.080217557214416813e-01,-2.739782672513327993e-02,-9.277610552865851734e-02,-1.008363443512375890e-01,-3.807307377290673062e-02,-3.486800655342877503e-02,-8.364564337968413352e-03,-9.200719692491983459e-02,-4.124547603359795395e-02,-2.329272959914791691e-02,-6.932763429569986646e-02,-5.621767674734520076e-02,8.253340482706328363e-02,-5.743717182379247388e-02,-1.237197865347195447e-01,1.152536901800529784e-01,7.840200368790604946e-02,-1.672653352983782815e-01,-6.130921136467498006e-03,-3.697209305102248933e-02,-7.671349715804673397e-02,-1.892017134806943390e-02,-6.535460765166750674e-02,-5.060379059064783885e-02,-1.823144253609376361e-02,-5.664009186611496799e-02,-6.464025419069639733e-02,-2.711173147610574166e-02,-3.693078838825062521e-02,-5.706218956828776334e-02,-4.430028227205986407e-02,-2.337561801411641715e-02,-6.536103277162984282e-02,-5.407828787607863591e-02,-7.504644376166412501e-02,-5.858513320968708471e-02,1.214518556528819751e-02,1.309038414392917071e-01,-2.370285937123417161e-02,5.562357650163216732e-02,8.651682906947064100e-02,1.432480306620217622e-02,4.877081007301904692e-02,7.735127562233608256e-02,9.989999567603932012e-03,1.474385228803471413e-02,5.989237358172338349e-02,5.215716400329662578e-02,-6.399936865058235280e-03,3.897119327018926799e-02,8.018360135437649361e-02,4.221369117756119081e-03,-1.997859054919120039e-02,-3.915112835921535223e-02,5.153530659061280467e-02,-5.317494662434682495e-02,-3.624533809549047164e-02,-2.758614569797197824e-02,-1.478810383976251856e-02,-8.131891777680411854e-03,-7.945878843991958929e-02,7.835058649696708538e-03,3.348035184625355182e-02,-3.183746579459907633e-02,4.263075617084659263e-02,4.358318648444865773e-02,-2.279153174622795732e-03,-4.248501281024769094e-02,2.203702606337249945e-02,1.134235569297149457e-02,8.220347566640896775e-02,-1.281306685192972958e-02,9.352708346685497526e-03,-1.347973508518944541e-02,2.568944076972099269e-02,-1.221739517829547976e-02,-5.316906552984231732e-02,-6.338879297513924649e-02,-2.382445952779920634e-02,-5.124803750240330968e-02,3.021797935564596305e-02,5.177796198769214070e-02,2.575621010765552499e-02,9.829520534121233277e-02,4.900129335743470121e-02,2.714609578663627204e-02,8.389523438388421517e-02,4.514129019262220349e-02,-6.576630648311656072e-03,8.424578559671654088e-02,3.665799144775473695e-02,1.953190134922648535e-02,2.253087351544877728e-02,2.801286630132918468e-02,1.095816254566893133e-01,3.925774687495330734e-02,9.159322416339005235e-02,4.675835996943407402e-02,4.567693129421379616e-02,6.837225932759708608e-03,1.948414795227990754e-03,4.851648453716154302e-02,8.404265003828693958e-02,3.627070002717748542e-02,3.759499805454941113e-02,3.118624326000901323e-02,2.243299719022158467e-02,5.973915838123586980e-02,3.745484232593004198e-02
