1.000000000000000000e+00,4.679128082848288406e-01,3.444265119248123841e-01,4.437906009334673385e-01,2.694254941437115303e-01,2.077475658847681428e-01,2.453831357288008830e-01,1.279328808262284456e-01,1.117636148652462191e-01,1.350966459049953161e-01,1.273730228743906734e-01,8.461672086380957192e-02,3.905569910464843503e-02,6.583333710929778482e-02,8.404701433270017619e-03,6.907603077867575936e-02,5.276319780169615170e-02,-2.116205239107960684e-02,-3.621303945904687238e-02,3.310675966109549034e-02,2.458189386376646510e-02,-2.727389695700194530e-02,1.436587690820586606e-02,2.710381596799492018e-02,-2.101614043598786299e-02,-1.678106444241768413e-02,-1.706957732023498681e-02,-2.579862059723310105e-02,-1.198426457306698764e-02,-2.499600758073346543e-02,-1.115168460868718077e-02,-3.175547985883987734e-02,-1.529369168704294846e-02,-2.284099582485350430e-02,-2.806604447631036447e-02,-1.778780471161263768e-02,2.487692631526341666e-02,4.029694425021933951e-02,-7.017713457974944502e-03,2.972897215471839542e-03,1.853253768640932692e-02,2.408251557156401365e-02,2.138833715656426882e-02,-1.412569419914483891e-02,1.820027126104506107e-02,-9.777322160829961945e-03,-4.279362757559117270e-02,2.548255112635659445e-02,3.557083237036186198e-03,-3.876260171155816725e-02,-1.079754144991893448e-02,-1.944222285914382021e-03,4.140093578906509086e-02,-1.909549829963106890e-02,-2.734158014973613049e-02,3.401841128829291485e-03,3.301490259576168873e-02,-6.935902404716648949e-03,2.668648980614710467e-02,-1.384400595567344830e-03,9.818335987968581161e-03,-5.182947834667482080e-03,1.050318323477989271e-02,2.350392792108461221e-02,3.582955046056707921e-02,2.417608583881082282e-02,-3.891499860307596342e-02,-1.829184429292524117e-02,-1.035418999447713581e-03,-1.739614090550503298e-03,-1.487819295371702044e-02
4.679128082848288406e-01,1.000000000000000000e+00,3.943245761773640501e-01,3.099956460717679385e-01,4.159426832017280584e-01,2.010487987327461701e-01,1.806897320622520564e-01,2.026243060608766688e-01,1.048848572638718529e-01,1.352570393972010732e-01,1.567902650457207447e-01,6.541973594540533010e-02,5.442382559696043454e-02,4.437432268960262577e-02,2.717276796898966673e-02,7.486027495733459103e-02,6.379689098344350218e-02,-1.386282634593230013e-02,-5.985691351590503861e-02,1.924067476104766861e-02,1.522621917651368131e-02,-3.095695898213038713e-02,-3.250077825711442017e-03,3.579360070973164332e-02,-1.256271597576447824e-02,-3.499935631227433369e-02,-1.321249987633649377e-02,-2.080929767865081700e-02,4.240772618120277585e-04,-1.940779080240117097e-02,-2.900557019282832411e-02,-3.479172446233300825e-02,-3.748543059288126506e-03,-3.380944182015434979e-02,-6.725249979374136461e-03,-2.741301292666421807e-02,3.099986756364920062e-02,4.986030645275694312e-02,-8.631102513752991409e-03,-1.193295575849501883e-02,3.731080643982643413e-02,3.555252240277687742e-02,-6.984701933618113652e-03,-2.446079167791831085e-02,3.225524315113183216e-02,-2.746718047775397777e-03,-6.460963920302018049e-02,1.420268885648437321e-03,4.151803968169220233e-02,-1.255147444468623918e-02,-1.015405880009495262e-02,-1.425488845566617001e-02,2.820922252491120732e-02,1.011467209492416391e-02,-1.355833127407088390e-02,-2.938642157129139204e-02,3.030884202847464876e-02,-1.927515369763030742e-02,2.665349147936654783e-02,-3.204548881476201871e-02,2.360211893982944523e-02,-2.591291262686858717e-03,2.284664403203036029e-02,5.806035901965567875e-02,4.990334712614759305e-02,3.814717274235464306e-02,2.170807577863467439e-02,6.867810811373230122e-04,3.664644030632134303e-03,2.061325056334932168e-02,-2.069794709874156133e-02
3.444265119248123841e-01,3.943245761773640501e-01,1.000000000000000000e+00,3.777696155676667500e-01,4.648943013363053822e-01,4.482612204050338001e-01,2.300778835465693561e-01,2.202269466992985425e-01,2.350107509876367406e-01,1.753380343551614040e-01,2.361906905668338941e-01,1.344123230661073143e-01,3.842269250870046504e-02,6.354624936504001120e-02,-1.499083004524779522e-02,7.781392383290737513e-02,3.195037145120269151e-02,-1.713279320215575080e-02,2.629276984307526706e-04,1.730342443250396794e-02,-1.142716622917152106e-02,-1.562266120420270459e-02,1.664328267192090316e-02,1.309955136030011187e-02,-3.841697967212381187e-02,-4.896123153634514974e-02,-6.749400871839616144e-03,-4.271207721321335776e-02,3.504393258372632495e-03,-3.631981811921675823e-02,-4.946587256115952264e-02,-5.041551549503719282e-02,-3.687283305298720559e-02,-4.269281071668180882e-02,-3.050660139194234788e-02,-3.711994444989220182e-02,2.696578018890365483e-02,6.490341019162679248e-02,-2.353588640970099427e-02,-2.391189309843744226e-02,4.245321587458556617e-02,1.538954488422913068e-02,4.907737471407149117e-03,-2.206249370868897455e-02,2.934507762376209472e-02,-5.506688511618475050e-03,-6.804451992549928607e-02,2.434977686383858232e-03,2.332694027267770073e-02,-1.154170872311469954e-02,3.776405536396221316e-03,1.166698564696143532e-02,7.183164052906777786e-02,6.365485069650271381e-03,-2.770816294093888729e-02,-1.435939588753089692e-03,6.290525059892576598e-02,7.345762987905855683e-03,6.901879461589620346e-02,4.828719173306892515e-02,-5.919792172530344287e-04,-1.056321230703005480e-02,1.383143139351036312e-02,3.593180841013372123e-02,1.238126682066709693e-02,1.209270887487283452e-02,-3.589992976198229380e-02,-1.651702288975730876e-02,1.990604613010614130e-02,6.950082690017470900e-03,-6.460085648005199806e-03
4.437906009334673385e-01,3.099956460717679385e-01,3.777696155676667500e-01,1.000000000000000000e+00,4.263447825887975440e-01,3.841146649976275307e-01,5.002044273823904597e-01,2.287227779979383591e-01,2.277839573611668555e-01,2.632483946783217843e-01,2.132061157476462798e-01,1.567826323469655447e-01,7.643975281266156274e-02,1.246131284553272656e-01,4.227538566936184933e-02,1.380779067815563477e-01,1.008024162459881107e-01,-9.693389739116637857e-03,-5.407333587156298166e-02,5.838987320139577691e-02,5.228022411217165405e-02,-5.588021617770166233e-02,2.645696008722624951e-03,6.405233268846018124e-02,-3.586884503349369036e-02,-4.959316600806574354e-02,-4.992206671672710233e-02,-4.262188224416921245e-02,-3.562433810018938996e-02,-7.268843756496981556e-02,-5.690916556074905597e-02,-8.515507151954745946e-02,-4.147058595077994514e-02,-6.030988677756786431e-02,-5.573993063759575400e-02,-6.929994810282850970e-02,9.080697974999996092e-03,8.474485355423123922e-02,-1.758863818625878983e-02,-4.700333680340173376e-02,5.313042102474903328e-02,5.286417576381572531e-02,-2.743223797462666144e-03,-2.648835607886454793e-02,7.184122296344327974e-02,9.015324752910763156e-03,-6.934643260902291495e-02,3.466787743759409263e-02,5.871858587012058345e-02,-4.068645289247437707e-02,2.724714245489996429e-03,3.221008341367619793e-02,5.727506110337465817e-02,-6.405632791708977536e-03,-2.527088731196348512e-02,4.958807884024323681e-02,9.067312060740327639e-02,2.186885612100821635e-02,6.461580025797400428e-02,-3.347161908522128249e-02,-2.168114020896652963e-02,-3.409333212879367414e-02,5.893635942967958424e-03,1.737544946908973001e-02,1.987531566606540526e-02,3.849502466314080103e-03,-6.126943141722582947e-02,-5.021072253134722940e-02,-4.589758546719293307e-03,9.729801048517125808e-03,-1.187553352315058770e-02
2.694254941437115303e-01,4.159426832017280584e-01,4.648943013363053822e-01,4.263447825887975440e-01,1.000000000000000000e+00,4.393719291099028590e-01,3.609035969733564442e-01,3.678840039511394600e-01,2.024947569369988931e-01,2.184842254920819071e-01,2.808039275230210241e-01,1.004551966576166661e-01,6.918409502723260607e-02,6.983350645203705021e-02,4.036284083748016560e-03,1.358047833963116346e-01,7.436524237986028019e-02,-1.400904642018410348e-02,-5.770435233057194524e-02,1.804766274042474139e-02,3.844649856452460324e-02,-4.283573063927217928e-02,-1.982817975381657386e-03,5.931739081243797562e-02,-1.232051928539043203e-02,-5.840466002689890385e-02,-2.271582701779497823e-02,-4.168646142519515790e-02,-3.361111853910361130e-02,-7.347515525803348380e-02,-8.038724539489026932e-02,-9.723426395132601929e-02,-5.525790482411432891e-02,-6.875007785594840215e-02,-6.467908404351210838e-02,-7.695982420576122363e-02,3.510830564156872113e-02,1.163272872730933549e-01,-1.624183321074901959e-02,-4.803881288869786548e-02,8.959563712075763187e-02,6.313946169906684003e-02,2.862034993501692826e-02,-1.923710686564551395e-02,9.355447814269135520e-02,-2.745634758255069766e-02,-9.145274985774859422e-02,4.157037515967740293e-02,5.794746576902459756e-02,-4.296256817158478764e-02,3.205794242009256043e-03,2.221953213571278146e-02,6.416704295644566625e-02,2.647497763171943047e-02,-2.877666019290359145e-02,1.216178028826493153e-02,8.988165056763584848e-02,4.488913612136134074e-03,8.835180987628166172e-02,-3.214409874685227996e-03,1.619320512690507891e-02,-7.371757852611220824e-03,3.315073374123737177e-02,5.514256920670094347e-02,4.518441065658576616e-02,3.041650256603525837e-02,-7.675976902123298959e-03,-2.930829511809192670e-02,3.034280579882458334e-03,1.328893086841578461e-02,-1.112358636505952035e-02
2.077475658847681428e-01,2.010487987327461701e-01,4.482612204050338001e-01,3.841146649976275307e-01,4.393719291099028590e-01,1.000000000000000000e+00,3.870425926636748559e-01,3.078348604132363220e-01,4.157814850366078896e-01,2.597729992875288385e-01,3.428570271133252190e-01,2.363686182395574320e-01,8.913058727744016529e-02,6.451057312690179624e-02,-7.959090695110360159e-02,1.005213953840329438e-01,-3.588744325818571390e-02,-6.850909543766811605e-02,-3.469674476018812931e-02,6.910818168881705491e-03,-3.413034954394897347e-02,-6.782966307370344450e-02,-1.538722008856383515e-02,-2.209977808945941952e-02,-1.111745361916528785e-01,-1.299521826746694031e-01,-7.360701519467457987e-02,-1.102690281266694022e-01,-8.336227137316412628e-02,-1.167851879088399325e-01,-1.221327241224028082e-01,-1.129296686703660513e-01,-1.237898338313732083e-01,-1.112346445075335644e-01,-1.220896696514285756e-01,-7.767732924750553325e-02,1.919843980386189142e-02,1.472280624670344595e-01,8.015618995470420033e-03,-5.831517099409365412e-02,9.014820502824388848e-02,7.937348798297481911e-02,6.345609400996825300e-02,-1.606525485221110133e-02,9.830357253503731185e-02,-6.472791060365233606e-02,-1.076826041231173370e-01,5.164839688566470050e-02,1.683613334313189755e-02,-5.038800507941816609e-02,4.624193596388320032e-02,2.518037747731711323e-02,1.125916595226917755e-01,4.789375692946242630e-02,-3.083164182536464806e-02,7.276817242696671795e-02,1.362131283701110418e-01,8.834241575473868180e-02,1.329070267895466062e-01,6.986853870445303150e-02,-2.106976627053940931e-04,2.975926909050334926e-02,6.360543102027638174e-02,4.351035944032792535e-02,8.171361313372394256e-03,-1.287411223085286119e-02,-7.798396662420373215e-02,-6.389791624523363800e-02,1.988879831810322699e-02,1.698302772193732366e-02,-2.451504552348436963e-02
2.453831357288008830e-01,1.806897320622520564e-01,2.300778835465693561e-01,5.002044273823904597e-01,3.609035969733564442e-01,3.870425926636748559e-01,1.000000000000000000e+00,3.240218003720110596e-01,2.734876733922048664e-01,3.595763181150794519e-01,2.148337147722765572e-01,2.436171846288643639e-01,1.064855247984539954e-01,1.386488895787297837e-01,4.268081121025554120e-02,1.448280981925453847e-01,8.985627493438486102e-02,-2.080587898840965955e-02,-3.596496184218194586e-02,7.982472438649626523e-02,6.836738952489190835e-02,-4.667192332249273101e-02,2.189322245933397748e-02,4.980024644818993595e-02,-7.767666496095469719e-02,-6.036957944595358616e-02,-8.483185217581752646e-02,-8.180905609870119111e-02,-7.675028810502974863e-02,-1.202430546331600680e-01,-1.096810970012626063e-01,-1.273458955434107476e-01,-8.798410403213320630e-02,-8.766877204942910562e-02,-9.052106639908964747e-02,-9.477125199365304953e-02,-1.441307405113504770e-03,1.311742051135748599e-01,-1.182640374779101063e-02,-8.400541769831497418e-02,8.439455277121747645e-02,8.861866976796056727e-02,2.476327990657756564e-02,5.527840673288549056e-03,9.700639618712249279e-02,2.829055080945405351e-03,-6.713748053575964436e-02,4.006369181252033423e-02,4.224538330355977200e-02,-5.533929833049269255e-03,4.656858482789407588e-02,3.710918095668674921e-02,6.878608704277944241e-02,-2.787111081837271784e-02,-3.297158152538708087e-02,7.041655410484731759e-02,1.102441128805212028e-01,5.948873038090682352e-02,7.850862528252502970e-02,-3.965539794374450810e-02,-4.154726073403214315e-02,-3.000004196417992500e-02,3.746939324238311459e-03,4.069854921754077932e-03,-3.753218950531214682e-02,-2.868927730875617949e-02,-1.216078318655481605e-01,-7.292464334788253955e-02,5.335349791786485850e-03,-7.652123491021591700e-03,4.123323114272970345e-03
1.279328808262284456e-01,2.026243060608766688e-01,2.202269466992985425e-01,2.287227779979383591e-01,3.678840039511394600e-01,3.078348604132363220e-01,3.240218003720110596e-01,1.000000000000000000e+00,3.581107682006248738e-01,4.954327967342219696e-01,4.778492583874363597e-01,2.382615190914589287e-01,1.707526369501561336e-01,1.139108355507154058e-01,3.341931048659452924e-02,1.998283926358191132e-01,9.199480469832539697e-02,-1.068270334879075321e-02,-7.477887472185748563e-02,1.385025856227560179e-02,6.570108415070455288e-02,-3.009672354149730417e-02,-4.608194129516069576e-02,4.903780192720978703e-02,-1.491235472944472777e-02,-1.200815270984601779e-01,-3.483599538874909002e-02,-5.573551509987825781e-02,-4.055177908804682985e-02,-2.586169823413640365e-02,-7.475589867924356535e-02,-5.511228681551984948e-02,-7.598717311090096016e-02,-7.879016534030978958e-02,-7.221009514199266954e-02,-7.957902036444945704e-02,5.876751059350435180e-02,1.493671093902011193e-01,-3.152604740699228771e-03,-3.689283203975204928e-02,1.244288580639353464e-01,8.300836388481026840e-02,-8.055953165412655173e-03,-7.304665814885021036e-02,1.028805093303758467e-01,-2.389375448083367812e-02,-1.174425193455292393e-01,3.693726323458294825e-02,1.136491562576811831e-01,-5.044845761953423852e-02,-2.565636912989652588e-02,3.994619728644550199e-02,9.516540393700145817e-02,5.002615856982989273e-02,-2.861410995653308493e-03,1.944293299978138920e-02,8.192347546792388968e-02,3.869031153947397050e-02,9.764206105280420767e-02,6.472908888601424521e-03,5.052193681734513941e-02,-3.307827160641929609e-02,7.071803808200523289e-02,8.165620203863843685e-02,5.418837682088636226e-02,2.501548412191591589e-02,-3.204380938391930556e-02,-3.347522932600274087e-02,-2.668383006039071539e-02,-2.085162086001552881e-02,-4.851110760482052475e-02
1.117636148652462191e-01,1.048848572638718529e-01,2.350107509876367406e-01,2.277839573611668555e-01,2.024947569369988931e-01,4.157814850366078896e-01,2.734876733922048664e-01,3.581107682006248738e-01,1.000000000000000000e+00,4.158606860932930194e-01,5.051207588439965424e-01,4.233901635177189093e-01,8.147936144555434357e-02,1.185386008051303175e-01,-9.779735667483292760e-02,8.809261965348018364e-02,-2.150075931999057346e-02,-5.330887514808593103e-02,1.252799065866008407e-02,2.940594923249154752e-02,-4.317841026462139464e-02,-3.478234530291215293e-02,8.398549548658013064e-03,-1.803304566153260749e-02,-1.132767130062542621e-01,-1.017947777748667709e-01,-7.301859976928348761e-02,-9.411037203017832975e-02,-6.909475294316427818e-02,-1.011021071132080368e-01,-7.222556701778876098e-02,-5.724242618027679252e-02,-1.301896993791149815e-01,-5.571627615680780493e-02,-1.308831204080712629e-01,-8.043096410026422116e-02,-6.466331544696027334e-02,1.193898252141003813e-01,6.320839939215325276e-02,-8.085673954467434421e-02,2.799921588163616082e-02,8.827093966374992273e-02,2.308361282517185087e-02,-2.435382208924627076e-02,5.986978500378848517e-02,-6.339074327430128941e-02,-7.519734550235700199e-02,3.429979919631732932e-02,2.799245867121129619e-02,-1.340266350336472359e-02,8.919688496664487931e-02,8.174934673557508746e-02,1.490393496792863925e-01,2.065981717330462805e-02,-2.740901395800586331e-03,6.447882433225406162e-02,1.285404547172152578e-01,1.160273667466535374e-01,1.263463450713082914e-01,3.794269345732599608e-02,-7.248907291910766659e-02,-8.112632594351216076e-04,5.221760150798980538e-02,2.075398945001621920e-02,-2.124032836466855452e-04,-1.827997235526175601e-02,-1.343533945767934612e-01,-7.580929203760752855e-02,1.868673738463090539e-02,-4.340454122174402379e-02,-6.941798867456507038e-02
1.350966459049953161e-01,1.352570393972010732e-01,1.753380343551614040e-01,2.632483946783217843e-01,2.184842254920819071e-01,2.597729992875288385e-01,3.595763181150794519e-01,4.954327967342219696e-01,4.158606860932930194e-01,1.000000000000000000e+00,4.178437627813126887e-01,4.256751517909062033e-01,1.812366345154326486e-01,2.801318853979208878e-01,1.306720716861458076e-01,2.407383192919130277e-01,1.703639460379644532e-01,-5.575510526487726347e-03,-7.052278758639066170e-02,1.204292176667690756e-01,1.617257914016110576e-01,-5.416485213332376814e-02,4.269328646029968422e-03,1.029163211416006252e-01,-4.204201742145273479e-02,-6.018524221561325632e-02,-9.869660033933930210e-02,-4.493537644857018704e-02,-4.681092491246993670e-02,-1.158628026893457064e-01,-6.506381004823985625e-02,-1.076912951762049597e-01,-9.430743932804168395e-02,-4.389342961056552639e-02,-1.082632800733028533e-01,-1.430652049851330876e-01,3.289414838154638195e-03,1.650065067972268928e-01,-2.734639184284654370e-02,-1.168938014999991726e-01,9.137856254498638586e-02,6.908661305224260418e-02,-4.414358428409473345e-02,-9.879191309330398463e-02,1.201833203933448807e-01,6.397068562545414616e-02,-9.311357443173615134e-02,2.464736355055490574e-02,1.027878542659821509e-01,2.404464105777994604e-02,8.413613093325187980e-04,7.348400067289240223e-02,5.855753274758437182e-02,-1.808598039736987115e-02,2.996420434286467104e-03,4.832273846409907564e-02,1.130155984431837346e-01,4.573939110572280975e-02,9.672724530262917508e-02,-5.797414862328767460e-02,-6.783652932023688520e-02,-7.220197490242559468e-02,-4.125271932470114117e-02,2.745580894908089542e-02,2.573024992018443230e-02,2.335273648763544138e-02,-7.477918712259110090e-02,-2.101759767996221398e-02,5.619154614858128810e-02,1.687432955542927937e-02,1.052031744520045588e-02
1.273730228743906734e-01,1.567902650457207447e-01,2.361906905668338941e-01,2.132061157476462798e-01,2.808039275230210241e-01,3.428570271133252190e-01,2.148337147722765572e-01,4.778492583874363597e-01,5.051207588439965424e-01,4.178437627813126887e-01,1.000000000000000000e+00,2.695513277092917992e-01,1.861828208187534806e-01,7.512475033299016725e-02,-4.580114509580135440e-02,1.949826019634483543e-01,2.276878565821605256e-03,-1.499129692971392508e-02,-6.603460078023629110e-02,-2.992272600750170083e-02,3.109533853590509822e-02,-3.455819036794924998e-02,-8.535581298038515119e-02,-9.352897996439421199e-03,-6.119465270161329740e-02,-1.620440264166640443e-01,-1.065887376586500124e-01,-5.223245079148469694e-02,-8.029275068560966233e-02,-7.690095363794310912e-02,-1.157941755576876036e-01,-8.820289661167968198e-02,-9.186228581492764111e-02,-1.171183343715814229e-01,-7.556354992197540643e-02,-1.141060266423154224e-01,3.791124538460284576e-02,1.522851354586394479e-01,-3.140755407197801108e-02,-7.444266979396343964e-02,1.199337951110896194e-01,6.362518225716415343e-02,-2.589179523097912689e-02,-9.609045989800819865e-02,9.460588615277433500e-02,-6.950277418135508353e-03,-1.225604650045975796e-01,3.957471886746184719e-02,1.276042780548989619e-01,-2.176860601394389055e-02,-1.007474900940485626e-02,4.614150534333288922e-02,1.473412315615181267e-01,8.641832998485664274e-02,-1.610648878687549052e-02,1.876530791690305712e-03,9.143781544879560352e-02,5.340482869000102994e-02,1.011729979959989506e-01,3.135116762863244394e-02,3.455325767315325231e-02,5.339940846110753127e-03,7.571407887451889196e-02,1.108184359422069998e-01,7.485223299876959946e-02,1.176559825467215527e-02,-2.292581688158138245e-02,-1.978174228380162950e-03,1.915916287857670833e-02,6.221462397550029007e-03,-9.550560131969500904e-03
8.461672086380957192e-02,6.541973594540533010e-02,1.344123230661073143e-01,1.567826323469655447e-01,1.004551966576166661e-01,2.363686182395574320e-01,2.436171846288643639e-01,2.382615190914589287e-01,4.233901635177189093e-01,4.256751517909062033e-01,2.695513277092917992e-01,1.000000000000000000e+00,2.757645898734397139e-01,2.855285016810855114e-01,4.520320272121730598e-02,1.471792130380897845e-01,9.995568284204166265e-02,-1.953525842798893228e-02,-2.939966179392537043e-02,1.057430698739719316e-01,7.045451355072300526e-02,-8.685562091874829416e-02,5.300474276287621585e-03,2.603655558643984749e-02,-1.155734278390496972e-01,-8.109859435398647509e-02,-9.436656187045998345e-02,-8.585322798479019801e-02,-9.203963813938795258e-02,-1.023376886229566268e-01,-5.420219734618999391e-02,-5.313482272714947774e-02,-9.442025755933433628e-02,-3.574016046468479757e-02,-9.325141352927372729e-02,-6.418579127464968392e-02,-3.061271536123751774e-02,9.450573089059954857e-02,4.043776111463400630e-02,-6.171686232169627112e-02,2.111934612820735163e-02,6.083475254164634471e-02,2.775880470576053485e-02,-1.958763285681226762e-02,4.905774819149616439e-02,-2.937749897436720686e-02,-3.495929645949293063e-02,2.592250972414588198e-02,-4.318225357269817044e-02,-1.640659416276730315e-02,8.628184208409467315e-02,1.956022746782720353e-02,7.588896972634889826e-02,-1.983705363242761061e-02,-5.874862164015592220e-02,7.875702024283472158e-02,1.074033028023371333e-01,9.304561037629990872e-02,6.628125553725550123e-02,2.195174413057626034e-02,-7.730858574509474890e-02,-1.053599551329800418e-02,3.069400589655595785e-02,-8.548861307742945323e-03,-1.455657435123437239e-03,2.151670300568573127e-02,-1.172100847754791175e-01,-6.257251052418232040e-02,5.554128902086069575e-02,6.109224963160886021e-03,1.725647904105223618e-02
3.905569910464843503e-02,5.442382559696043454e-02,3.842269250870046504e-02,7.643975281266156274e-02,6.918409502723260607e-02,8.913058727744016529e-02,1.064855247984539954e-01,1.707526369501561336e-01,8.147936144555434357e-02,1.812366345154326486e-01,1.861828208187534806e-01,2.757645898734397139e-01,1.000000000000000000e+00,3.974667497878721645e-01,3.154408458152412886e-01,4.024259069083470641e-01,2.606803585791196975e-01,4.662268645790818011e-02,-1.318309151117288136e-01,1.396547177287716379e-01,2.246777229514707597e-01,-1.065798255133705991e-01,-6.782961619961883071e-02,9.508572739708488764e-02,3.675967351413167439e-02,-5.703120671901037303e-02,-9.246143615013498185e-02,3.389959165796060242e-02,-8.632337142253115880e-02,-4.418770427442866161e-02,-4.899350914594339385e-02,-8.205121438553920898e-02,-1.991407196458832782e-02,-6.095148880960229304e-02,-4.846723113551570233e-02,-1.155947172114477201e-01,5.911969201200133195e-02,5.597771478894870978e-02,-1.103240770686216982e-01,-5.946935057025747040e-02,4.485502154572154621e-02,-6.706544326201351047e-02,-8.312088790597867149e-02,-1.411400783350232335e-01,2.928248103949641565e-02,1.557807410356175197e-02,-1.019264704238393715e-01,-1.054189398483484363e-01,4.055467085311027092e-02,1.218222795237601866e-02,-7.836968797140299314e-02,-6.461676536811802873e-02,3.587015493632591395e-02,8.377222106648538058e-02,1.451458031800151489e-02,2.224564347030345141e-02,1.202057746945116301e-01,4.388254091214185970e-02,8.782953275284313688e-02,-4.623667996464743413e-02,3.228397462629673670e-02,2.551730084167011178e-02,6.824345245757183764e-02,1.104758322263426629e-01,1.282018176222515793e-01,8.442688382543862835e-02,4.914662173543189044e-02,3.655457844319176530e-02,3.256008977468223542e-02,5.933112779374464379e-02,6.004878070323459160e-02
6.583333710929778482e-02,4.437432268960262577e-02,6.354624936504001120e-02,1.246131284553272656e-01,6.983350645203705021e-02,6.451057312690179624e-02,1.386488895787297837e-01,1.139108355507154058e-01,1.185386008051303175e-01,2.801318853979208878e-01,7.512475033299016725e-02,2.855285016810855114e-01,3.974667497878721645e-01,1.000000000000000000e+00,4.503320001003824902e-01,3.716073354844191545e-01,5.555360704798245619e-01,1.022783386428053054e-01,-6.630088547224263773e-02,3.540223827122437328e-01,3.434341130901596983e-01,-1.036067293848230014e-01,5.388592002027369626e-02,3.076672557041622014e-01,5.723552763459939519e-02,1.083118081790022252e-01,-7.908330027551371821e-02,4.766641947307208999e-02,1.657226686744261426e-03,-1.564859400537087497e-01,1.560420001151270435e-02,-1.466135432535349559e-01,-6.682036979572827939e-02,-7.688458199264602659e-03,-1.053107331716673783e-01,-1.809272647960541713e-01,-6.941670347947269393e-02,9.344188305041832565e-02,-6.315874611486795021e-02,-1.468229836494975571e-01,-4.869688387772012905e-03,-6.232864287740220999e-02,-1.012494723854962531e-01,-1.364532139758777574e-01,3.688170221711079694e-02,6.798044099975621146e-02,-3.950454425968277783e-02,-6.159970201981728594e-02,3.110578447293730134e-02,7.704043948108035833e-02,1.374033989183840246e-02,9.313942674990580151e-02,1.746419106146519448e-02,5.767294260775580016e-04,6.827680166513201698e-02,4.568050497065548332e-02,1.256645526491566855e-01,-4.840324158945619182e-02,4.020919976941523394e-02,-1.427876952939828303e-01,-1.710489399716486336e-01,-7.984091453128612514e-02,-4.600323687765554143e-02,2.510447622161645492e-02,8.308648304514057448e-02,1.247093312233891194e-01,-8.210231313878174619e-02,5.025545515580050193e-02,1.032802773156785009e-01,5.078648015323886100e-02,1.107926584484379556e-01
8.404701433270017619e-03,2.717276796898966673e-02,-1.499083004524779522e-02,4.227538566936184933e-02,4.036284083748016560e-03,-7.959090695110360159e-02,4.268081121025554120e-02,3.341931048659452924e-02,-9.779735667483292760e-02,1.306720716861458076e-01,-4.580114509580135440e-02,4.520320272121730598e-02,3.154408458152412886e-01,4.503320001003824902e-01,1.000000000000000000e+00,3.853966448714725712e-01,3.992853615571264059e-01,2.939377965482172228e-01,3.204633536827120738e-02,1.843277422812093225e-01,3.584235187134878209e-01,7.429452710110748259e-02,-1.821490316970485277e-03,2.130255468038166344e-01,2.094150926362350895e-01,1.796466627895786650e-01,7.868534987424716243e-02,1.826885080396311589e-01,9.982486850948074641e-02,5.188178235581992342e-02,1.556841900420983527e-01,2.787116913819298603e-02,1.181457539466832518e-01,1.353346370448224589e-01,7.743900221749713819e-02,-1.119612204747021666e-01,-1.879475579237914126e-02,-4.618956964507820590e-02,-1.084226768697027499e-01,-5.631331563892447850e-02,-6.954005655516952433e-02,-1.365461286991256074e-01,-1.959391093361947944e-01,-1.823372409940081373e-01,-4.856241296552423620e-02,1.090041674040250763e-01,-1.431129988876119960e-02,-1.416503590053047879e-01,-4.415122641375052517e-03,8.101311774819894285e-02,-1.040697298084891365e-01,-4.266467543430489673e-02,-1.149051430768778109e-01,-5.065752692350068698e-02,3.369936064858287256e-02,-1.680290640345144179e-02,1.991968850720289130e-03,-6.524438755651960908e-02,-5.240759371559920721e-02,-1.895523202649748995e-01,-4.724181731753569757e-02,-2.843397684395801775e-02,-2.497250749881541748e-02,8.067842653424706079e-02,8.201293692285968606e-02,7.029210194809670798e-02,7.333761050048262509e-02,1.016824220122250766e-01,6.404517890971722638e-02,1.086612991631410140e-02,8.409017603772740712e-02
6.907603077867575936e-02,7.486027495733459103e-02,7.781392383290737513e-02,1.380779067815563477e-01,1.358047833963116346e-01,1.005213953840329438e-01,1.448280981925453847e-01,1.998283926358191132e-01,8.809261965348018364e-02,2.407383192919130277e-01,1.949826019634483543e-01,1.471792130380897845e-01,4.024259069083470641e-01,3.716073354844191545e-01,3.853966448714725712e-01,1.000000000000000000e+00,3.350190035668620947e-01,2.742691900692061924e-01,-1.327028472873974241e-01,7.317051021100265396e-02,4.064546709800358482e-01,2.224197878014847959e-02,-1.274370244074040093e-01,1.669095675854237182e-01,2.071308927728622573e-01,4.432037046210752021e-03,1.682723237719267392e-02,1.299683103514640281e-01,-4.675891758023830586e-02,3.458626856716295883e-02,1.583496825943699060e-02,-3.788477146857176930e-02,5.616592274632285081e-02,-3.713515296197528875e-02,4.831348348825279665e-02,-1.327577091122522923e-01,1.351980168511204561e-01,7.461036529261934336e-02,-1.790568995352495307e-01,-1.865345792631268110e-02,1.129966510275775132e-01,-9.896487957544863878e-02,-1.257125034643002126e-01,-2.418020368115749996e-01,2.668271821862305826e-02,7.344234317240641574e-02,-1.526423030863930386e-01,-1.295910603268842776e-01,8.643015175577790921e-02,1.916397664789758898e-02,-1.842064148180667105e-01,-7.495164035042881090e-02,1.192651231575292056e-02,3.737432849347646635e-02,7.095704413293434619e-03,-5.592505333663975314e-02,5.732000605820552347e-02,6.055508906175872431e-03,4.536612546591267670e-02,-4.780060707469123427e-02,6.722107369194368909e-02,3.686295557047360172e-02,9.744362689590131688e-02,1.665160436479892481e-01,1.558945391679782688e-01,7.072509603932113087e-02,7.040533818316992154e-02,5.839563938834475831e-02,6.709711024368072985e-02,4.977100022028155962e-02,9.341089583139958186e-02
5.276319780169615170e-02,6.379689098344350218e-02,3.195037145120269151e-02,1.008024162459881107e-01,7.436524237986028019e-02,-3.588744325818571390e-02,8.985627493438486102e-02,9.199480469832539697e-02,-2.150075931999057346e-02,1.703639460379644532e-01,2.276878565821605256e-03,9.995568284204166265e-02,2.606803585791196975e-01,5.555360704798245619e-01,3.992853615571264059e-01,3.350190035668620947e-01,1.000000000000000000e+00,1.627196608144413636e-01,-8.601705450000037001e-02,4.941752174619056248e-01,4.906324048738362475e-01,-4.951562627840901815e-02,1.583438781550974284e-01,4.686285900730532417e-01,2.472670514096987349e-01,2.282050964508965663e-01,4.756165535383635040e-02,1.694276997690700171e-01,9.085441412998380983e-02,-4.219015176223712971e-02,1.171267681243752107e-01,-8.869494532150601351e-02,6.613129703801724768e-02,6.502525337531830929e-02,2.015424416836145496e-02,-1.887353711867497119e-01,-1.155734536791401187e-02,2.878864219455760497e-03,-1.744666785309822166e-01,-1.159953052895318498e-01,1.506184562040094495e-02,-1.586778343371794409e-01,-1.767679447858039321e-01,-2.039142616302603295e-01,-8.211494839536397083e-02,5.868481689583560090e-02,-6.891486135309041368e-03,-1.378147853163571857e-01,4.353859161542712047e-02,7.502080686612246085e-02,-8.963259967027649433e-02,3.454377354463795263e-02,-9.548061167729082754e-02,-3.136701035593687792e-02,3.846758175318353012e-02,-4.546417475577896328e-02,7.692377978166191344e-02,-9.186689474387051135e-02,-2.062206073518589242e-02,-1.769698855872090526e-01,-1.437848537855929976e-01,-5.044360067054801805e-02,-7.001405655241339787e-02,6.498028529055700775e-02,1.311477884398645488e-01,1.601021056780413676e-01,9.385432994496346881e-02,1.223928600223428281e-01,1.351558668596401502e-01,9.105892245571055310e-02,1.509392439179328971e-01
-2.116205239107960684e-02,-1.386282634593230013e-02,-1.713279320215575080e-02,-9.693389739116637857e-03,-1.400904642018410348e-02,-6.850909543766811605e-02,-2.080587898840965955e-02,-1.068270334879075321e-02,-5.330887514808593103e-02,-5.575510526487726347e-03,-1.499129692971392508e-02,-1.953525842798893228e-02,4.662268645790818011e-02,1.022783386428053054e-01,2.939377965482172228e-01,2.742691900692061924e-01,1.627196608144413636e-01,1.000000000000000000e+00,1.715909067769880170e-01,-2.026915658156529243e-01,5.368980625522656869e-01,4.358161887074977758e-01,-9.477224494781104347e-02,1.320027253925270261e-01,3.636894119307095274e-01,2.761763387597217512e-01,2.785563226559396588e-01,2.430110250700470154e-01,9.296941421106916237e-02,1.610784828032225946e-01,1.366194434400925806e-01,1.078766681260704130e-01,1.607635279762024139e-01,6.421628674517584900e-02,1.609706459200033468e-01,-2.310024023365460366e-02,8.641263214320195341e-02,-8.073602167227295068e-02,-1.545453901923287687e-01,7.865444925187452252e-02,-4.456854059356175034e-03,-1.898606883403162193e-01,-1.370992924079723618e-01,-1.692878239564949983e-01,-1.319861038844505896e-01,6.836916826655625723e-02,6.474332526300603796e-02,-1.701841396686849250e-01,-6.236188781385705593e-02,1.026410751345289418e-01,-6.275514775385927779e-02,-1.616215896457589563e-01,-4.978212054513592860e-02,5.960170512158946554e-02,-1.728248066299259422e-02,-1.562071143579593646e-01,-5.043661420992045369e-02,-1.044527232993835431e-01,-3.588243074844858077e-02,-1.538694820761610238e-02,-1.190004868256242659e-02,-3.090194133458378303e-02,-4.367903676494799760e-04,5.169736130155713760e-02,4.341717318008075747e-03,-4.054885508492037799e-02,8.860814734217836719e-02,3.651854576104830719e-02,7.217489353202442837e-02,-1.769492049487697907e-02,7.710289359634459050e-02
-3.621303945904687238e-02,-5.985691351590503861e-02,2.629276984307526706e-04,-5.407333587156298166e-02,-5.770435233057194524e-02,-3.469674476018812931e-02,-3.596496184218194586e-02,-7.477887472185748563e-02,1.252799065866008407e-02,-7.052278758639066170e-02,-6.603460078023629110e-02,-2.939966179392537043e-02,-1.318309151117288136e-01,-6.630088547224263773e-02,3.204633536827120738e-02,-1.327028472873974241e-01,-8.601705450000037001e-02,1.715909067769880170e-01,1.000000000000000000e+00,1.875690551671772566e-01,-9.606924743911279818e-02,4.991124330995690417e-01,4.403660993017280978e-01,-1.001711861408485088e-02,1.066177379133572967e-01,2.914300104055084772e-01,2.643785321276052591e-01,3.639556627526150528e-02,1.691497272565589405e-01,-1.142505568068467522e-02,1.483435217893077362e-01,6.163401116751998643e-02,-3.720747378913837750e-02,1.752246507416077570e-01,-6.629253661055395375e-02,-8.099755478668582698e-02,-1.823881362836889397e-01,-7.452448958648025257e-02,4.781969144944787573e-03,-1.448240169104786368e-01,-1.866915753763819241e-01,-6.778663574222067167e-02,-1.456724320453326726e-01,-6.454187847455254701e-02,-1.085622562475392489e-01,-1.484084612240141668e-02,1.130737925730741084e-01,-3.984391665485824408e-02,-4.706084678820765532e-02,1.212501416551574479e-01,1.333178850702686213e-01,4.734164608190664925e-02,6.180905422369987329e-02,5.030172776797536133e-02,-1.798213655485859930e-02,1.323114664059067171e-02,-7.755661642121379137e-03,9.100097944811827433e-02,7.844040910789235044e-02,5.649142546335549769e-02,-6.504315936111970675e-02,7.484219558877024114e-02,-9.227751815923608547e-02,-5.934990212652953290e-02,-1.276741022936670189e-01,-9.816291271666637008e-02,-8.981111364680563480e-02,-1.002709600280293212e-01,6.469191805393448291e-02,-2.008619698920192376e-01,-8.310571074727919616e-02
3.310675966109549034e-02,1.924067476104766861e-02,1.730342443250396794e-02,5.838987320139577691e-02,1.804766274042474139e-02,6.910818168881705491e-03,7.982472438649626523e-02,1.385025856227560179e-02,2.940594923249154752e-02,1.204292176667690756e-01,-2.992272600750170083e-02,1.057430698739719316e-01,1.396547177287716379e-01,3.540223827122437328e-01,1.843277422812093225e-01,7.317051021100265396e-02,4.941752174619056248e-01,-2.026915658156529243e-01,1.875690551671772566e-01,1.000000000000000000e+00,1.852958362421871785e-01,-8.832825233184170288e-02,5.264648337019496305e-01,4.251606377410586668e-01,2.386231416104226538e-02,2.152185492243219589e-01,-2.734745833847768495e-02,-2.726596328560378091e-02,7.215536723010208819e-02,-1.820073081987707009e-01,7.670824489466865348e-02,-1.516377527269573144e-01,-4.392178566799023048e-02,1.084623614297178379e-01,-9.487352489549193135e-02,-2.510900545992593158e-01,-1.088837892797627216e-01,6.447392719731244448e-02,-1.181144587352109948e-01,-2.291966449264235539e-01,-3.247892829422157485e-02,-7.654427454943985021e-02,-2.013319792479180137e-01,-1.125573483508267997e-01,-1.766215132288726994e-02,-1.954712488052711902e-02,4.448581128802560347e-02,2.158280426653617218e-03,4.505550403973641177e-02,2.053981522449035979e-02,4.577662110669315776e-02,1.567208762935820843e-01,-9.303295721799280382e-02,-2.450085681746789687e-02,3.852617987192918231e-02,1.147628986432705500e-01,1.051787345596557344e-01,6.800800966765915834e-02,2.825023892251578642e-02,-7.358941073089671214e-02,-1.708685479230442616e-01,-1.912141703672469439e-02,-1.241824459609540826e-01,-1.117368267257073770e-02,2.843110519191482596e-02,8.454678573502855121e-02,-8.033631791776020895e-03,4.083066111569182838e-02,1.476441327641354051e-01,5.928534825324512092e-02,1.221995995342912700e-01
2.458189386376646510e-02,1.522621917651368131e-02,-1.142716622917152106e-02,5.228022411217165405e-02,3.844649856452460324e-02,-3.413034954394897347e-02,6.836738952489190835e-02,6.570108415070455288e-02,-4.317841026462139464e-02,1.617257914016110576e-01,3.109533853590509822e-02,7.045451355072300526e-02,2.246777229514707597e-01,3.434341130901596983e-01,3.584235187134878209e-01,4.064546709800358482e-01,4.906324048738362475e-01,5.368980625522656869e-01,-9.606924743911279818e-02,1.852958362421871785e-01,1.000000000000000000e+00,1.265736648986957036e-01,-1.082353498441262704e-02,4.578969065377067049e-01,3.556374854181020839e-01,2.847928762399127289e-01,1.215286278548945581e-01,2.040573069836522646e-01,5.014069336478542416e-02,7.463679804557560304e-03,9.111868113323025320e-02,-5.808482483043918287e-02,8.940199261595413449e-02,1.296662568668869794e-02,8.607427543524051594e-02,-1.836548646855704070e-01,1.055575388365889572e-01,6.031065433736717413e-02,-2.319925479523377021e-01,-4.500469336844588331e-02,9.510191262482957375e-02,-1.574982083564918089e-01,-1.757398179946759453e-01,-2.160776634301822818e-01,-1.018164248323415316e-01,8.974588014051722296e-02,4.496992519934659566e-02,-2.164247488167980182e-01,-1.647779548623197129e-02,1.190175028312827343e-01,-7.288432607177751377e-02,-6.163441499370465176e-02,-1.084202027674244090e-01,2.304752098291924442e-02,6.783118747365812773e-02,-1.180912943151312261e-01,2.179695007795214023e-02,-1.341908026188352587e-01,-1.656930172280408897e-02,-1.208127869616973799e-01,-1.365106344728323484e-01,-5.121585187131249411e-02,-4.472809682269712067e-02,8.323566790315506392e-02,9.073261048518363459e-02,3.889830785296682913e-02,8.381302892726631704e-02,8.988057760293878540e-02,1.432364090085569697e-01,1.038464678703127086e-01,2.107306757904182370e-01
-2.727389695700194530e-02,-3.095695898213038713e-02,-1.562266120420270459e-02,-5.588021617770166233e-02,-4.283573063927217928e-02,-6.782966307370344450e-02,-4.667192332249273101e-02,-3.009672354149730417e-02,-3.478234530291215293e-02,-5.416485213332376814e-02,-3.455819036794924998e-02,-8.685562091874829416e-02,-1.065798255133705991e-01,-1.036067293848230014e-01,7.429452710110748259e-02,2.224197878014847959e-02,-4.951562627840901815e-02,4.358161887074977758e-01,4.991124330995690417e-01,-8.832825233184170288e-02,1.265736648986957036e-01,1.000000000000000000e+00,1.793169434844738286e-01,-1.397508372299867581e-02,3.176667205696945273e-01,3.130023658975678025e-01,3.933921334671043879e-01,1.340516380337759272e-01,1.648395624195928832e-01,1.547003883026202287e-01,1.763636952358461907e-01,1.727161571832034059e-01,1.069319227495009877e-01,1.585958266048560494e-01,1.078794060378227559e-01,8.906896649760961265e-03,-1.431607224566259530e-02,-9.541799443214520060e-02,-5.010919245905322977e-02,3.282452950381087309e-02,-1.099936574602866507e-01,-1.358945640748422667e-01,-1.429002937483360713e-01,-1.378766754938715866e-01,-1.945625286851939695e-01,-7.215118598794270643e-02,8.155310451158845342e-02,-1.247641961321092063e-01,-1.115254494900276838e-01,9.026254748336375033e-02,-2.762597358038131404e-02,-1.051333463425372788e-01,-5.438942593181941496e-04,4.187372527803027988e-02,-6.881728434312538167e-02,-8.306200391956444773e-02,-5.444436948348126831e-02,5.245425480584178790e-02,4.540243887372757275e-02,3.275026046056014190e-02,1.688037061386291103e-03,1.101099460816519632e-01,7.997058571037036047e-04,3.800966398404254099e-02,-5.014766030484040654e-02,-6.122473568685515843e-02,-1.036892216949683414e-02,-6.536727379101230084e-02,2.598218950399962604e-02,-1.705548339503985822e-01,-4.048893188408538013e-02
