1.000000000000000000e+00,4.067512154045943573e-01,3.946242490274886050e-01,1.202478713715469660e-01,1.274279552969847795e-01,2.531868504097153916e-01,1.362492958671276400e-01,5.535744163407840812e-02,1.254341956148676170e-02,-3.463677406163485212e-02,4.587632178099239344e-02,4.062154811501503260e-03,3.694544262281983932e-02,1.141205116845826067e-02,9.402294140873736564e-03,2.255134188058997152e-02,1.481326202705297336e-02,3.082152080977728845e-02,8.047588751671446924e-03,6.800077897624856246e-03,2.163516905879580079e-02,-1.943987408375353471e-02,4.771775133746103403e-02,6.816188477042503524e-02,3.700939261197443847e-02,2.537394606298384522e-02,5.018296450788510901e-03,3.577627937091373139e-03,3.390154404217833074e-03,-2.108718306633707885e-03,-2.896215837871222651e-02,-4.854605549352128402e-02,-3.692986368735817065e-02,-6.949369036770827734e-02,-8.454444268942182261e-02,-1.005887550297349456e-02,-3.398014773535570215e-02,-2.555652798423212885e-02,-3.475647677762837978e-02,-2.419527836892209488e-02,-2.348147429044248127e-02,-8.386286882992208605e-03,2.193624348765651697e-02,2.394045370779497237e-02,1.488731599733817551e-02,-5.098322580685026723e-03,1.219238837341915342e-02,2.656776651669501277e-02,1.982441870087777933e-02,5.123062902662751245e-03,-6.418896268023916753e-03,-3.078714081175826928e-02,-4.010772959599955695e-02,1.905337583853180042e-02,4.861920086595532264e-02,-4.142002593233708174e-02,-2.192422461218741792e-02,-9.238160857968953643e-02,-6.145940541828284059e-02,-9.488975768062960642e-03,-7.985037262895865184e-02,-1.723839332816518369e-02,-2.717906217119409745e-02,-5.472801474714550883e-03,-2.243509037446459256e-02,-4.223864382818931507e-02,-3.191303391757027708e-02,-6.396307702367286241e-02,-6.533720998625776495e-03,-3.550405962003027466e-02,1.467236550553313069e-02,-1.588824703678933664e-02,-6.780985859518284808e-02,4.582252222112718175e-03,-3.495602381757922233e-02,-3.405315608973288194e-02,-3.999589387510909394e-02,-4.640156093138526200e-02,-5.263465703597201839e-02,-5.020566829065490483e-02,-4.607940221735849079e-02,-1.395015311292991354e-02,3.409623175006160686e-03,3.263608443852189511e-02,3.404193187243240853e-02,4.197768110481602671e-02,4.390855934857265663e-02,2.630241934184303354e-02,8.891169039316042244e-02,3.341522188507951852e-02,1.751694696105167426e-02,3.731104340286992005e-02,2.210461249620853871e-02,1.956211525515082206e-02,4.741955485615642618e-02,-3.980481249683203576e-02,-5.491402967717615505e-03,-4.578243773220342511e-02,-1.795182615826357991e-02,-1.871079674926427391e-02,1.647161807681648627e-03,-1.915376790865473342e-02,1.909342096042841025e-02,-8.660555587958642179e-03,1.634442698785611506e-02,1.216222240847598252e-02,-5.245674672095546748e-02,-2.016974886044107379e-02,-2.798152145204067104e-02,2.640826079967775741e-02,7.324079849857022262e-02,5.336402749820605418e-02,8.471201460724871179e-02,-7.347275035419442019e-03,4.711063663172586347e-02,1.849494278382845386e-02,4.330948143269213596e-02,5.680000022332011567e-02,2.105192933052376161e-02,4.428664090841218093e-02,-2.846832748735844687e-02,-7.671089161903742008e-03,2.650126350690553204e-02,2.424608425311548104e-02,2.159620159844188522e-02,3.662941244710728877e-02,-2.262663063105227468e-02,4.000165055763183104e-03,2.921490703551391649e-02,1.619388075842483586e-03,2.341590147805414426e-02,2.464701267370368945e-02,3.182649129714437935e-04,-6.818146699196067986e-03,1.401602698003143535e-02,7.252041210538817152e-03,3.476191926988154296e-02,2.199044876538041801e-02,1.478817557434273025e-02
4.067512154045943573e-01,1.000000000000000000e+00,4.828296469776176547e-01,4.374896328078144991e-01,2.948637475846775935e-01,3.655675694927905672e-01,2.721808567657700850e-01,1.966226604764848562e-01,1.225686820463243176e-01,2.391330284890922503e-02,1.305276330793834205e-01,7.535142058944252486e-02,9.935140442109705039e-02,5.101902074415374383e-02,3.885040607537863094e-02,4.712883947446191296e-02,6.590103320225776384e-02,6.921453006084242465e-02,2.066854998645722020e-03,5.430604389250993751e-03,-5.523646201491635120e-03,-4.785800489640992805e-02,3.253315183325534293e-02,5.218756307157269153e-02,1.865996395413735756e-02,1.365916917828352041e-02,1.088225670815965059e-02,-5.794313420489924718e-03,4.979159933778443820e-03,-3.590018151238521388e-02,-4.673145192372178680e-02,-5.400914551315970369e-02,-6.190570057099736845e-02,-2.625446602272009725e-02,-4.200927132706842176e-02,1.257627055374372499e-02,1.108355512986854835e-02,-1.531611958249484880e-02,1.904941309882060389e-03,-3.790522319571077575e-02,1.386299915861770489e-02,-3.822477951586267242e-02,2.069673415340394715e-02,3.317764875979306626e-04,1.725242089752480543e-02,-2.249003188419254270e-02,-3.765916146367907086e-02,-6.631351518374395404e-02,2.450763809414210469e-03,-1.049110893371081599e-01,-4.996571490072097138e-02,-2.252755167919968937e-02,-1.230939730379496111e-01,-6.981778595429789791e-02,1.795290723169225278e-02,-1.418207714941198683e-01,-3.140465981056302786e-02,-1.860590532196929603e-01,-4.533126974793862118e-02,7.401815446970193280e-02,-7.692868580037527659e-02,3.551003883870548078e-02,1.755580469410083014e-02,5.269421940474779131e-02,-1.462608925782383530e-02,-2.548510488651771141e-02,-4.095843214484420902e-02,-4.110898745168927587e-02,1.449569894749610718e-02,2.228910430576541701e-02,4.179718543682726939e-02,-4.501683131581397934e-03,-4.337429000738274310e-02,3.548407201966218699e-02,-1.635234795978778716e-02,3.573156414918020329e-02,-6.743229953453200396e-04,-1.811817444295734172e-02,-3.145186789804027550e-02,-8.165298931311140707e-02,-1.100277961913270625e-01,-5.793325961585906597e-02,-3.429088138803042946e-02,3.089777109224849799e-02,7.135071610455492874e-02,6.268209753587236643e-02,3.127495566717398284e-02,1.564164186680720367e-02,5.675226094904523705e-02,5.764182251755130965e-02,-3.160369295224773993e-03,4.666457402132818261e-02,3.155812797444548096e-02,5.201569661021178403e-02,7.455574889446396625e-02,-2.035403067467330546e-02,-4.930304120636591625e-02,-6.340968878921214580e-02,-2.862782884898804059e-02,-3.270284114326558675e-03,9.179946635899141963e-03,-4.424929044796239996e-02,-3.162557376354987841e-03,-6.880223142651039833e-03,2.611399232922470212e-02,3.133389240004566534e-02,-3.706510618730327923e-03,-2.358769900553872936e-02,1.779976287419386335e-02,5.506244599137047335e-02,9.382157355979477142e-02,9.941202745407692887e-02,4.360340427612787589e-02,6.110761690107784083e-02,4.796676102822629295e-02,2.543575927658040404e-03,6.731148615051070483e-02,5.045448537123484872e-02,2.526408805003867858e-02,7.752490561830875648e-02,-5.770051346938664429e-03,-1.043665010134429624e-02,4.299091336562282928e-02,-1.513946947209477041e-02,4.430084888586228314e-02,3.644691909836804411e-02,-3.940432107980931103e-02,4.955912775762751771e-02,-2.141234764342194591e-02,-3.276126379519675447e-02,-6.026853343472941132e-02,-4.045724046835808690e-02,-7.365753722229108347e-02,-9.241606462419457713e-02,-4.946656409815532174e-02,-4.512988197226565357e-02,1.664072852425908127e-04,-3.113897911665855153e-02,-1.378483113446606588e-02
3.946242490274886050e-01,4.828296469776176547e-01,1.000000000000000000e+00,3.074735951874199569e-01,1.680778685534886630e-01,3.392471285456106767e-01,1.994878363493190199e-01,9.594443607030146703e-02,5.250490339474962742e-02,7.571644772560111314e-02,1.075452240122713871e-01,4.594724065843438371e-02,7.468159222442012635e-02,1.218040888694386405e-02,1.147725492382514756e-02,2.162530034479554636e-02,1.096861665972749533e-02,1.654745666859621864e-02,-7.722817189912053841e-03,-7.502484861127914871e-03,-1.381440077552986700e-02,-5.906030928359013582e-02,1.189160195951024200e-02,1.736826019076173275e-02,-1.978678658920986211e-02,-1.771484211223910143e-02,-3.371764624836762897e-02,-4.035555613392841773e-02,-2.372753724191905417e-02,-1.923979587187608919e-02,-1.733181828718515644e-02,7.943568564863870765e-03,-5.100529381802541840e-02,1.915726884057902812e-02,-3.635877988747356765e-02,6.268950132128837949e-02,3.132509982669343801e-02,2.703746616985686774e-02,5.240639973483554592e-02,-2.902295113421167038e-03,5.379672943513142541e-02,-2.172831346965026569e-02,-2.401374929682167231e-02,-5.162068130021772033e-02,2.934632452158284638e-02,4.424348526729825898e-02,4.000853108368291472e-02,2.099327136196583662e-02,7.239425709913825668e-02,8.220451036232126821e-03,-7.112521509268250608e-02,-5.019712121760804696e-02,-1.204745852919301280e-01,-3.750591281134537519e-02,-2.250709569121691137e-02,-2.523712245591639217e-02,3.525631802294403733e-02,-1.137603023195620927e-01,-6.231204361546621023e-02,3.725551104277498304e-02,-3.506182966916508714e-02,5.262609181248665419e-02,-6.750152507364224133e-03,7.357841581362575822e-02,5.811103118893611724e-02,4.468724567629375755e-02,4.377641505468092553e-02,-1.276992055500400340e-02,-6.016723280481538899e-03,-2.280570567340460542e-02,1.329278585749406154e-02,-4.850003381753780797e-03,-9.412400362177660712e-03,-4.936379345152832818e-03,1.934170167233616178e-02,2.171213389357155160e-02,-1.415029390472556832e-02,2.352954392634706848e-02,-3.279495506275730693e-02,-3.712533063609153167e-02,-1.706516367376474663e-02,1.269741744522876088e-03,-9.340945915253241055e-03,1.586279595479997417e-02,2.716903355335447204e-02,3.764522413847472271e-02,-2.076065365855002745e-02,4.811919617377063280e-02,1.734217873731400475e-02,3.915632914238602325e-02,-3.108564636994567629e-02,-3.659142872041473704e-02,-3.098965065337619396e-02,1.635828824541866837e-03,-7.049046083568222439e-03,-3.704523752452144186e-02,-6.605569552061775485e-02,-8.765524620024792157e-02,-9.865769792517834272e-03,6.014208757135522734e-03,3.790058031609128131e-02,2.456718105989285153e-02,5.929404915466200687e-02,4.144617222774624188e-02,6.675115691181041089e-02,5.762519050484403438e-02,6.116203553801161791e-03,-4.354423083914858196e-03,1.361677456125030307e-02,-1.286313564142077710e-02,5.466649773724784056e-02,3.448594994163628469e-02,1.387010053468851201e-02,8.415781371128800217e-03,4.526644921002635769e-02,7.364698580054312993e-03,-8.886101898091209456e-03,4.540750204879125118e-02,-2.986299657070765057e-02,2.155924906894336746e-02,-7.532721747877296758e-02,-7.879141549052112725e-02,-4.028110147519831791e-02,-6.846690524376805587e-02,-1.041502719059937687e-01,-4.280939780797399924e-02,-1.381720773737377950e-01,-8.767226034205412299e-02,-5.654900462696248187e-02,-5.969218655515354244e-02,-6.859690732263599988e-02,-7.822934147929154480e-02,-6.666939835810657689e-02,-9.966647314418668191e-02,-5.406796290403523275e-02,-3.215531889733112131e-02,7.933172142505438493e-03,-2.120804113491865303e-02,-1.385129475883578772e-02
1.202478713715469660e-01,4.374896328078144991e-01,3.074735951874199569e-01,1.000000000000000000e+00,3.539659632856649862e-01,4.210254571315679151e-01,3.046552032486560813e-01,2.141296332091700283e-01,2.044511314744891506e-01,1.150686978622573187e-01,1.219678139749094115e-01,6.092914210587143525e-02,8.126313196961969243e-02,-5.314504410008879381e-02,-3.560644245771923955e-02,-6.038462533434277996e-02,-1.273573617052426409e-02,2.205555890093714028e-02,-6.497598573239954378e-02,-6.225692435570002493e-03,-6.842667696485080220e-02,-9.306121749051281256e-02,-7.052459865796369132e-02,-5.464206387685217187e-02,-9.021520729680632122e-02,-9.095054031609911549e-02,-5.436917122379096579e-02,-5.483026027043255007e-02,-4.031175089305368692e-02,-1.049806935452427398e-01,-1.202644904294666445e-01,-5.233259029351010339e-02,-8.821916102659978220e-02,-9.279408213011169915e-02,-4.408077961766177638e-02,4.851325658851540074e-02,8.716032210031636474e-02,4.103127699995430533e-02,-1.037785205670857785e-03,-2.510613042722956872e-04,3.069566992632081701e-02,6.955531237017130441e-02,7.624004344611895467e-02,7.844622286203051242e-02,8.727994378430847799e-02,2.980300485778767869e-02,4.700412235483054230e-02,-9.928121304178362874e-03,5.985647147626538267e-02,-4.523785397533910263e-02,1.456815555644853238e-02,2.166922599322918322e-02,-1.008872712905861668e-01,-1.141570236018885492e-01,-1.002210714339173553e-01,-1.055200480513523165e-01,4.919709237742751068e-02,-1.462197124107771362e-01,-9.856069740691185757e-03,8.517647414204711220e-02,2.115411033494365642e-02,4.644549503860779388e-02,3.550333693525343365e-02,7.635185856637122410e-03,5.066616114336387755e-02,1.312372995108016145e-02,5.014724434828826682e-02,6.035981308167846088e-02,-2.520141852939578389e-02,2.638286398101518521e-02,-1.343073022028065319e-02,-8.257429104794664207e-04,3.008281598505376311e-02,5.778604918961768172e-02,4.629332776959355772e-02,1.044953549277885529e-01,6.750614227112050614e-02,6.158342035883815346e-02,5.085019243874473044e-02,-2.481529536202050495e-02,-3.724350700833662514e-02,-5.224267526637986145e-03,-3.023917859593836313e-02,-2.623968192039000807e-02,1.309513900485627467e-03,2.286068848352599409e-02,-5.271773857228860549e-02,-3.699715160265704128e-02,-2.033367297803688120e-02,-1.692596901506665747e-03,-8.571073331684407604e-02,-4.544547916027611573e-02,-3.986528758695897373e-02,1.888867566890405081e-02,-2.251307500426231317e-02,2.952648494688984646e-02,3.791255832205382703e-02,2.748230268561049905e-02,1.850928045087429918e-02,-7.950382640026861132e-04,2.730515317423627339e-02,-4.313270979615155265e-02,-2.335280537283068725e-02,-4.977495291082486423e-02,-1.261552684980386460e-02,-4.243722391998863697e-02,-7.712420048787560142e-03,-7.578118403534016972e-03,-1.904696167104635157e-02,1.376841158886396924e-02,4.227238337385388206e-02,4.916126051585197748e-02,3.134553757429183601e-02,4.546316567164307432e-02,9.807090296584391673e-03,7.464052199436839972e-03,4.874082796540173124e-02,3.503486648281758931e-02,3.076109901313379275e-02,4.974152257154622336e-02,-2.468657711363920343e-02,-1.935430763381153349e-03,4.964428268604859085e-02,6.589831752391185800e-03,1.461162612267726327e-02,2.033822380095517621e-02,5.113591824869248223e-03,-7.201371330086194303e-03,6.555020902616006187e-03,-4.747080312875702479e-02,-4.705515022419524962e-02,-5.670982966765877181e-02,-8.905862805649321368e-02,-9.168868388826494076e-02,-4.916468050498850467e-02,-6.004150335117332260e-02,6.038997397894267823e-03,-4.348259129350699748e-02,-1.370509509850588795e-02
1.274279552969847795e-01,2.948637475846775935e-01,1.680778685534886630e-01,3.539659632856649862e-01,1.000000000000000000e+00,2.946968933482591035e-01,2.525298801570980967e-01,2.616065020133939156e-01,2.054021952845761223e-01,1.149564263106871986e-01,2.084950435345950537e-01,1.203604840480948929e-01,1.193969039589359710e-01,7.732896004125548728e-02,4.005792075781864497e-02,4.660725172057950116e-02,5.892171325811162985e-02,3.964706295984450624e-02,6.699263542551737484e-03,2.018155261849645041e-02,3.454807578636746868e-02,-3.862997076313217509e-02,3.309484032180706053e-02,4.377860262094757787e-02,1.625740376803068085e-02,-4.755985881553708404e-03,1.224485136923628321e-02,-5.964218022230643318e-02,-4.341471233348275123e-03,-8.647196160568729195e-02,-9.301214587662524902e-02,-6.598332479404089845e-02,-8.609794554690967938e-02,-3.631593432045822356e-02,-5.906070910904644838e-02,3.708351770949907394e-02,5.193218868582898107e-02,-3.316263188324659102e-03,4.251013388689662588e-03,-6.832575719379352375e-02,-7.060400419692892948e-03,-1.462732396942898958e-02,2.221900676000252914e-02,2.358568500078846858e-02,7.131715738614528843e-02,4.894027783187057667e-02,-2.220729810202454538e-02,-7.650806327233930504e-02,-3.688658320300949867e-02,-1.008921257330370191e-01,-4.386241735697586977e-03,8.624687608161315383e-03,-7.948930874513618350e-02,-5.735383772791764062e-02,-7.576456598036733492e-03,-1.179814449300933127e-01,-4.334803285441771181e-02,-1.237083421019639501e-01,1.940105828208917721e-02,9.387230648063288330e-02,-1.981433839736810795e-02,1.264607562405978096e-02,-2.906872407439070952e-02,1.643725202620952095e-04,-3.625388162457976460e-02,-7.727935559547112476e-02,-4.272912186810553375e-02,8.443439461495649487e-03,3.688537801060939869e-02,5.085122874321964387e-02,8.809249416137680810e-02,4.978867740715863660e-02,4.130948695324473084e-03,4.726620901672777542e-02,1.056518838447210833e-02,5.288248726716338749e-02,3.354334951341187560e-02,-2.290967438916562821e-02,-1.998578052329863172e-02,-4.312558580158606242e-02,-4.847672067503301652e-02,-2.950891100039156403e-02,-6.904718279196194602e-03,6.583183215080729532e-03,3.527382735806935260e-02,3.997805940425329385e-02,1.611106669787398804e-02,-5.174708416924473503e-02,-5.468125792062131924e-03,-2.437229039552482287e-04,-2.813394383236814122e-02,2.882847834169804599e-02,4.116852120910302615e-02,8.375925747053337977e-02,7.510334964750403630e-02,6.017661393734839020e-02,1.109397992325884819e-02,-3.755904960562848199e-02,4.282156797898734567e-03,-1.952362688469081245e-02,-7.151426419673235189e-03,-2.345572754448146599e-02,-2.685489655339684534e-02,-3.142395861510351163e-02,3.979837716010499113e-03,1.279270308748338240e-02,-1.016799307341152009e-02,-2.560518338192195251e-02,-9.458796033040738765e-03,2.108483148565484105e-02,3.539395680949090212e-02,-1.329142891050454078e-02,-9.627476272548118885e-03,1.447765898585786325e-02,-1.020474503222669645e-02,-7.996858004983188606e-02,-1.556962481018862930e-04,-2.562608060432459284e-02,-4.324315167874632354e-02,4.857051826686994977e-02,5.650482468901896205e-02,-1.722839851356398194e-02,5.320847626405792591e-02,3.950532929819799977e-02,9.967133640490760671e-02,2.469017856758726030e-03,1.945732410883087987e-02,7.871558446795613728e-02,-4.263025693808585037e-02,-4.379188394630222081e-02,-5.689057583353368530e-02,-4.223752496483774987e-02,-1.017276405058184230e-01,-1.008192601486241069e-01,-7.449228445849917501e-02,-8.060688241356714356e-02,-3.301783303719382778e-02,-6.726730509169932815e-02,-5.761976272845765329e-02
2.531868504097153916e-01,3.655675694927905672e-01,3.392471285456106767e-01,4.210254571315679151e-01,2.946968933482591035e-01,1.000000000000000000e+00,5.184728117637770195e-01,2.620429075803522023e-01,2.427381269410456843e-01,6.311813945112307311e-02,1.342996640621738347e-01,5.894899001417511220e-02,4.585726305258625013e-02,-5.760062336358687946e-02,-4.323524169120900734e-02,-5.472623526682089679e-02,-1.750159264310647764e-02,9.472830813024719909e-02,3.295094193430193191e-02,3.149880393987392058e-02,3.543864835482520709e-02,-3.018089576908311936e-02,-2.245303247921336121e-02,-9.458737617917453364e-03,-4.310136046646702301e-02,-5.045480904481005474e-02,-6.504013794119524461e-02,-7.659360260079053906e-02,-7.811636394010022799e-02,-1.005190619519786832e-01,-1.037890814544227963e-01,-8.606093457680275005e-02,-1.091913990623987890e-01,-7.356235432380980876e-02,-5.305526250273673305e-02,6.487906727684451813e-02,4.719469515645758478e-02,2.254864097500445738e-02,-3.243349502555949171e-02,-6.003444682409560251e-02,-2.540560254995545553e-02,1.801638729223117505e-02,9.037412073720164918e-02,3.876211589550409425e-02,7.241846610742713741e-02,-1.575568457292734689e-02,-2.438219462521406047e-02,-2.162970481133995662e-02,4.319930306276661275e-02,-1.064576614312785913e-01,-7.471218895530834514e-02,-4.873582426883024676e-02,-1.560594809009936967e-01,-1.253081949549668568e-02,6.836964864456987478e-02,-9.577768308127863894e-02,1.322624710702569170e-03,-1.940147764176609890e-01,-1.089685675018016581e-01,3.703149447333536903e-02,-1.217664205054178189e-01,7.687756575690971039e-03,-5.149337540024529619e-02,1.376680283830585341e-02,1.030777078475699805e-02,-2.018472179032633138e-02,-2.599361120953238777e-02,-2.953154759440351773e-02,1.114357398568111696e-02,1.613355730062142682e-02,4.042400030648389542e-02,8.049187897351926455e-03,-3.726469830052343141e-02,1.979171242007158812e-02,5.428805492230121335e-03,-2.131207460909975704e-02,-4.576799879682926647e-02,-3.407202406584593224e-02,-5.634373245847132394e-02,-7.682544858778381225e-02,-8.839694408164096295e-02,-3.166643058450761827e-02,-2.076921080151342136e-02,8.840740065300396744e-03,3.182015647063465152e-02,2.506926285121015632e-02,4.471392752997552233e-02,3.126319348123647590e-02,8.276925255914349688e-02,1.718307199265997967e-02,-3.535911592651745476e-03,3.915596346978492820e-02,4.236645930974732022e-02,5.019689345459733831e-02,9.168598659951077146e-02,-3.768802837164555303e-02,-5.905329319284249173e-02,-9.012538616415707859e-02,-3.068661161099432017e-02,-2.693602886734993915e-02,8.119178869108517257e-03,-1.507341899822391140e-02,3.607495299358756680e-02,-7.092149125291810630e-03,4.884631749971542203e-02,2.419501885247441961e-02,-3.997428040281086198e-02,1.766998347858634785e-02,-3.158478127589599282e-02,5.993992808986513959e-02,1.319131693867374999e-01,1.251480442904426837e-01,1.196781494336846968e-01,7.445011931434769581e-02,6.928477232976039402e-02,4.422261975870984269e-02,9.102905233178019972e-02,7.542658957604361780e-02,3.997541803781515940e-02,1.015084420243902857e-01,-4.808215033247712628e-02,-8.265952378223976466e-03,9.916150937611573069e-02,-3.597499884901406153e-02,8.897198957979189637e-02,9.877996858791540657e-02,-1.938130992806934294e-02,8.519399041142686202e-02,1.796816069704826671e-02,-1.093489796538408589e-03,-2.616621861005655626e-03,-2.884341363846598325e-02,-5.663725055521150881e-02,-9.460948348687742149e-02,-3.639721732174307917e-02,-6.358854063057617356e-02,1.005612601832217741e-02,-2.988644378678267238e-02,-2.897679435718624949e-02
1.362492958671276400e-01,2.721808567657700850e-01,1.994878363493190199e-01,3.046552032486560813e-01,2.525298801570980967e-01,5.184728117637770195e-01,1.000000000000000000e+00,3.259999302229605322e-01,2.305771456198597025e-01,9.929085306718413162e-02,1.283569495356964851e-01,1.297972074822743675e-02,7.963668087557841668e-02,-8.396336591677914032e-03,-3.637023468021362282e-02,-9.374509184999190933e-03,1.103104035343163659e-03,6.351414370062306858e-02,2.485462461253826714e-03,-1.301828531574095692e-02,5.341638122244128130e-03,-2.281278776396541280e-02,-4.436506798215215930e-03,1.765501842874882960e-02,-9.356388960187519976e-03,-1.525852851275583816e-02,-2.647478795256686182e-02,-6.552695761574224564e-02,-5.239575956376490984e-02,-7.362847819299939145e-02,-4.453865498612376295e-02,-2.499975292980242264e-02,-6.602053591131226695e-02,-2.237729421077510814e-02,-1.491473855839040366e-02,8.148038093918939795e-02,8.867137150414737545e-02,4.739319719867461644e-02,-1.383026484288748040e-02,-4.776902916549705114e-02,-1.992426456565857956e-02,9.448651863474018600e-03,8.331646630794119213e-02,-1.525884674663438578e-02,5.013557111533481492e-02,-3.330838476645519436e-02,-1.121604387117276919e-01,-8.392209028433574025e-02,-6.959593185327488107e-02,-1.647384580044756186e-01,-6.218744917740293837e-02,-7.703688859270858835e-02,-1.178837689981423187e-01,4.403222659746948951e-03,5.724737632115814434e-02,-1.139231728650955261e-01,-6.499772744622819842e-02,-1.469131695407191185e-01,-6.499969971921294720e-02,-1.081985690068209757e-02,-1.374638050619322593e-01,-3.820754703036362970e-02,-6.826230013804743257e-02,-2.889482417883596638e-02,-2.690928820326325688e-02,-6.069483732092759848e-02,-2.266868561812885458e-02,-1.292985114093581425e-02,2.103253569887203120e-02,2.959112907154898969e-02,5.713938265569981634e-02,1.054087453536669411e-02,-2.006931001457637129e-02,3.043880186511822850e-02,1.343853642415489616e-02,9.129959392612579591e-03,-2.169904330256355179e-02,-5.433185354222248853e-03,2.419306385129802936e-02,-5.686542718728424678e-02,-4.126330036802106777e-02,-2.569170717992960359e-02,-9.109153250150903505e-04,1.878149095635892052e-02,3.891591962154904161e-02,-1.692686577091784619e-02,-1.206177195198418484e-02,-2.278093508834932307e-02,6.334272902045681719e-02,2.605421283520171702e-02,-1.918174782830064581e-02,5.345731735968791386e-03,3.232430476084549587e-02,-4.968595173342675413e-03,7.476288955605457642e-02,-6.799461254234230589e-02,-2.067796981753188337e-02,-7.558489845630267379e-02,-2.572412313002130427e-02,-5.601656580937076219e-02,-1.556147140947246321e-02,-4.305547383705399245e-02,-9.041382125670420836e-03,9.818961841562534251e-03,3.017441266992705248e-02,5.483086351405448700e-02,-1.939332165732573013e-02,1.251490761084297909e-02,-1.176840618054437841e-02,1.866361071095899368e-02,9.666469861080770332e-02,1.184684407371370540e-01,9.965581774426578165e-02,9.386840902272756970e-02,7.064044222091221681e-02,4.085542992094939874e-02,1.169031608915185594e-01,1.020441480670883083e-01,9.032107318963358833e-02,1.018527881413159447e-01,-3.022963771601247518e-02,3.467284251434598480e-02,1.554778392195182990e-01,5.081952766119804399e-02,1.231093701910852684e-01,1.304257413385147280e-01,1.323196219856206078e-02,1.301787464817153184e-01,3.760009049734637510e-02,6.436648361994312673e-03,-5.071220773811813652e-03,-5.433480215398223644e-04,-7.616594377502276803e-02,-9.339466986618094602e-02,-5.986463263680386754e-02,-7.703839075406752890e-02,-3.479071949691982246e-02,-2.918501185334632098e-02,-5.519636688468625846e-02
5.535744163407840812e-02,1.966226604764848562e-01,9.594443607030146703e-02,2.141296332091700283e-01,2.616065020133939156e-01,2.620429075803522023e-01,3.259999302229605322e-01,1.000000000000000000e+00,3.074306804950067140e-01,1.530749003873950742e-01,2.843682295379237890e-01,1.525161677446464914e-01,1.432897365683717117e-01,1.243579407580724071e-02,-3.736874949570913925e-03,-2.325233999385935973e-02,3.286667971143624606e-02,3.601541518190027463e-02,3.688688534965648552e-02,3.625781225013952058e-02,9.699404216208028923e-03,-5.232574734455662513e-02,-1.577505161073993432e-03,1.662010855156531575e-02,-1.269493217355113258e-02,-4.999713107224371123e-02,-4.901115272135864176e-02,-8.109533930984444416e-02,-7.345635648538452467e-02,-1.092227582878311093e-01,-1.003806101996768813e-01,-7.529506660553655917e-02,-6.425758349869152564e-02,-5.234771368724901175e-02,-4.648988529969666494e-02,-3.927162571084244491e-02,1.100995449796657831e-02,-4.903321771936883233e-02,-8.118786707445641015e-02,-8.536594663264585048e-02,-1.189523957132459231e-01,3.128358663462256495e-02,6.054084113476536355e-02,5.585807480032444622e-02,6.562983929684178264e-02,-4.785713382924433601e-02,3.901891073677146628e-03,-3.882367336347907621e-02,7.625189950598385003e-02,-6.619773303441979506e-02,-3.819113426016023521e-02,1.848625101144265800e-02,-1.059102947934612710e-01,-4.605965606432782522e-02,5.211136985150582185e-02,-1.091879066089288808e-01,1.772590485339526484e-02,-1.581442569475749738e-01,-3.371338205049105585e-02,8.207873107921549727e-02,-4.186546472131942587e-02,1.946514457344763679e-02,-2.902110302939468062e-02,-4.451388949852491499e-03,-7.116960542499370379e-02,-7.154527321343834290e-02,-7.195317695143738090e-02,-5.049691092223646677e-02,-5.167705065715725438e-02,-2.484471951663396252e-02,1.608167616392095975e-02,-5.705825825461335876e-02,-6.543780331158705055e-02,-2.058380296543612861e-02,-1.496995490006071232e-02,-7.324279081952878891e-03,-4.092807182153900686e-02,-2.074278860276156447e-02,-1.570346317736257338e-02,-7.493689836664174653e-02,-6.400299109338256076e-02,-2.978003931972141374e-02,-2.597841307927107116e-02,-1.159146181447466908e-02,-1.241472135180667763e-02,2.702455725127461531e-04,5.968007353269909332e-02,2.407551653488343088e-02,8.780291373958327983e-02,8.460288099430988973e-02,6.413385551979011723e-02,3.789079893412095751e-02,-1.113250273256320699e-02,3.988775431762111440e-02,4.582070801992309261e-02,1.747519452859163476e-03,-6.109091298824242261e-02,-3.751752906234086249e-02,-4.705984447771737605e-02,-4.190053260027427201e-02,-1.520993162737654600e-02,-3.878869243908917436e-02,-5.271243544534879102e-03,1.126335970639894641e-03,2.334264697414468667e-02,5.581233386060422547e-02,2.577978669238407960e-02,5.362798679443737948e-02,3.670622127853259697e-02,6.140541408979065252e-02,9.727407305468414866e-02,9.647365511465989807e-02,9.549812992434458803e-02,6.483962290166350728e-02,1.478040182119352668e-02,-1.522669357796730023e-02,4.190542950400012734e-02,3.851275772202543152e-03,3.254035040231254700e-02,3.340165199416219449e-02,-1.113713566014276580e-03,1.906423963946833958e-02,4.307386687714818280e-02,-4.900586245987063883e-02,9.432307471861325898e-02,6.051745910743586143e-02,2.542604942621792471e-02,9.529879380347403006e-02,2.250075065202416721e-02,1.848192124756334320e-02,-1.375324453312105032e-02,2.482032215105580558e-02,-2.816930791122440603e-02,-7.709330861215075992e-02,-1.948900869719303111e-02,-4.306332685699863772e-02,-1.992371009637645962e-02,-1.898397091794052152e-02,-2.176814625726428837e-02
1.254341956148676170e-02,1.225686820463243176e-01,5.250490339474962742e-02,2.044511314744891506e-01,2.054021952845761223e-01,2.427381269410456843e-01,2.305771456198597025e-01,3.074306804950067140e-01,1.000000000000000000e+00,2.234600060887175499e-01,8.502892329628768120e-02,1.232921342113063867e-01,1.021601239612346529e-01,2.394839996587071716e-03,-3.247014119936320747e-02,-4.775420674879936322e-02,-1.600128341634645887e-02,1.788246702973502952e-02,1.599317036724353519e-02,1.751159594148977983e-02,-2.901845903990340689e-02,-6.982338276609612038e-02,-3.243087044579785749e-02,-2.505611024328243189e-02,-2.464746787927399319e-02,-6.035655907305794571e-02,-2.053654920341378698e-02,-4.356366983225459788e-02,-2.263462800688768178e-02,-4.545687634029305091e-02,-4.360630689840153118e-02,-4.703839908105137552e-02,-1.293605018160744018e-02,-3.528621982990370193e-02,-1.657385257381112711e-02,-5.039119671407161528e-03,8.374108200435245730e-02,-1.908943488718779780e-02,-4.562179118079816992e-02,-3.718480593419857400e-02,-8.487721878232487582e-02,1.707226253940243715e-02,5.560578136052567871e-02,3.510715273413531762e-02,5.717232105714099150e-02,-3.462940804679579768e-03,2.054967386444789962e-02,-1.031127374919515727e-01,3.634829325916896087e-02,-4.029739120815657716e-02,9.339239870778373934e-03,8.425973965836976165e-02,-6.049720564907960785e-02,-1.129766754991564370e-01,-3.917675177878800902e-02,-1.380151240899064047e-01,-2.507577977945063888e-02,-1.090181364839832995e-01,9.657422575263301112e-02,9.131522789972812415e-02,3.048355572338339384e-02,2.168761542611393617e-02,4.399821895441229092e-02,-1.157936201197684199e-03,-3.267124298884489103e-02,-5.273422349647230445e-02,-4.516218997337972246e-02,1.947901047691785736e-02,1.104537561538100794e-03,1.117591792395581513e-02,3.694485116907915423e-02,5.557064738188260099e-03,2.157777106728553385e-02,8.582495601255595019e-02,9.241182566998694392e-02,9.260595296958619438e-02,3.889753500559580551e-02,3.128986849274165583e-03,5.283438072962126641e-02,-6.379631577070350723e-02,-5.662602822698828420e-02,-4.251469708204344555e-02,-8.543001691423211807e-02,-5.495015653621410090e-02,-2.021820143079195234e-02,1.752120029528079700e-02,1.311656927301682422e-02,-2.591205158244918802e-02,1.333457905177094262e-02,2.808034969110790799e-02,-9.910554298525466738e-03,2.373603382106017831e-02,3.725453522604412100e-03,8.754386614467363215e-02,3.721286753041718603e-02,7.075715912626873161e-02,9.084134784885879166e-03,8.742028803745480539e-03,-1.435790699889778060e-02,-3.350426302895758053e-03,3.833768607276435286e-02,1.348408763226347819e-02,8.825696027712406216e-03,-3.316239737782419872e-02,-1.194575813423799301e-02,-6.943812798054520632e-03,-1.884118240770247393e-02,-1.199792706056113968e-02,-1.600691577149917014e-02,7.156657135918381013e-03,-2.834826275688531738e-02,4.740217937702894194e-03,-3.179121400230940087e-02,-6.472428063211203321e-03,-1.574124255013972448e-02,-4.890471151544301120e-02,5.336044871249005957e-03,-1.345858708132190856e-02,2.458363482052318503e-03,-1.557916888300695316e-02,-2.599211526408320289e-02,-1.033155440795466978e-02,-1.990941015431314798e-02,-4.402806905191341408e-02,-2.154696964078916741e-03,-3.829435502684930964e-02,-2.543830742322862257e-02,-2.330248926923700337e-02,-3.736819119759558772e-02,5.322217082480539506e-03,-2.775636577083395035e-02,-5.252346718072572508e-03,-5.576937236579182500e-02,-7.738499526706618670e-02,-5.497314393014691297e-02,-4.611356494046139898e-02,-4.403055924882287586e-02,-4.939313739210644122e-02,-3.523415528981881789e-02
-3.463677406163485212e-02,2.391330284890922503e-02,7.571644772560111314e-02,1.150686978622573187e-01,1.149564263106871986e-01,6.311813945112307311e-02,9.929085306718413162e-02,1.530749003873950742e-01,2.234600060887175499e-01,1.000000000000000000e+00,4.186856624334741039e-01,2.777698182183969133e-01,1.810265862053413166e-01,9.788543898088730363e-03,-1.584725686396960473e-02,-1.486341679972998271e-02,-6.901409732740824456e-03,-6.394212006404258186e-02,-1.990399897014291999e-02,-8.091906540059982944e-02,-3.585672746502537728e-02,-1.208060932108486335e-01,-4.383131811466288441e-02,-5.214515656934205073e-02,-8.864294187832978678e-02,-8.215876975813213301e-02,-7.782199362797835585e-02,-8.911596929670734246e-02,-6.924185337518405647e-02,-1.026170150424325495e-01,-2.835187714854660312e-02,4.928481339762155224e-03,-3.627741678005796944e-02,-5.649318489076917554e-02,-1.166116483905070000e-01,-1.083312872952091610e-01,-1.503735541197949964e-02,-1.071953467148321765e-01,-4.805136290657887471e-02,-7.927335390157630446e-02,-4.463180284315543256e-02,-1.126901322598782181e-02,-4.223087721877526179e-02,-5.032216807871103120e-02,5.557152776300960245e-02,6.064852424186827767e-02,1.834356150368189955e-02,-4.638736573918078934e-03,1.280103666356240816e-02,2.987489721970674680e-02,-1.711924305830348630e-02,-8.483653555832556051e-03,-3.715836671932120500e-02,-5.117339673506372810e-02,-1.742348258701812216e-02,-1.667471924253951729e-02,3.436171596801283756e-02,-7.670183666376652332e-02,1.385542262141819039e-02,6.849156352647729762e-02,3.409580117945620881e-02,5.957129103172933982e-02,3.085614570952709829e-02,3.786994338935512072e-02,-2.500013455872330745e-02,-1.270624544427599936e-02,-6.201298024170227505e-03,1.235122868632945042e-03,-1.386321868499529320e-02,4.905157504211558189e-02,1.612560192167854234e-02,5.009312775398065340e-03,1.984933463384299865e-02,-3.101966512692530195e-02,1.890923786793940672e-02,6.961343896451131774e-02,2.162349797725872380e-02,9.209562058360480641e-02,8.351539168933846957e-02,-2.251323992740071958e-02,1.997645760643906865e-02,-3.033509224962710124e-03,1.306561204088050113e-02,-5.551246318151529559e-03,-2.002629222770271888e-02,-2.412345294352485903e-02,-3.625284959776566007e-02,-4.893645074222724434e-02,-2.242891294249134068e-02,-9.089554176877139360e-03,-2.583359660345160413e-03,-6.228789339728734581e-02,-6.014604052430271020e-02,-8.945194398615929909e-02,-5.899246830445700057e-02,-6.068097299898993907e-02,4.313835675366107028e-03,1.629970671223169090e-02,1.448567551155705534e-02,-4.057799405354976796e-02,2.570892627686265780e-02,-1.853441843247636417e-02,-3.737691280033736407e-02,2.350515686217507019e-02,-1.518622143627819214e-02,4.552734770116418500e-02,1.445233389470172713e-02,8.640713552320449312e-03,4.263757129031246068e-02,3.398285433727769866e-02,3.385797569557213310e-02,7.015231115057917431e-03,2.294543688679736779e-02,-1.916814101492915609e-03,5.261717050290440345e-02,-3.305871872582936272e-02,-1.128439097903838340e-02,4.015654728226204090e-02,-7.804528264290455652e-02,1.271393431274373161e-02,-1.058177563211522704e-01,-1.347794277708564137e-01,-5.678818194645500472e-02,-6.818645641911395827e-02,-8.661869963105033043e-02,-5.818769177204037579e-02,-1.057114084707109353e-01,-6.567530587978649692e-02,-5.602438665370739618e-02,-3.015934497131024777e-03,-3.085403558511556898e-02,3.925858963596622585e-03,-1.786478559251710591e-02,-7.854494730725344008e-04,-4.054668886061193328e-02,-4.718340666307091480e-02,-2.848726312184469978e-02,7.703101482401043983e-03,-4.433120173752958665e-02
4.587632178099239344e-02,1.305276330793834205e-01,1.075452240122713871e-01,1.219678139749094115e-01,2.084950435345950537e-01,1.342996640621738347e-01,1.283569495356964851e-01,2.843682295379237890e-01,8.502892329628768120e-02,4.186856624334741039e-01,1.000000000000000000e+00,3.133041945907688031e-01,1.884748041803587237e-01,6.327769443274494643e-02,4.744712923811059135e-02,5.398639721721659041e-02,6.449733251850413296e-02,-2.424941721095474900e-03,1.003253248261642971e-02,-5.748518620811479685e-02,-1.465325254483356224e-02,-9.634406858182689715e-02,-3.236164717441612076e-02,-2.588957556067711732e-02,-4.309470872691389953e-02,-6.071739962904541127e-02,-6.871766800794724961e-02,-1.049016835516391882e-01,-7.714660628297378975e-02,-1.363582439204061025e-01,-7.948318440011971353e-02,-2.549712232831671116e-02,-8.645529368006739379e-02,-8.347227141289019492e-02,-1.140520563725895831e-01,-5.911703842838079981e-02,-3.184277180658273004e-02,-7.490997648189706704e-02,-5.168410887261214171e-02,-8.432850091750608568e-02,-3.557319458588378142e-02,1.736721113729154317e-02,-5.134681949003352258e-02,-3.434447420924909011e-02,1.217703422415575137e-01,5.204665654744559944e-02,-1.073649522895828851e-02,-2.889257653036242379e-02,4.641833275984419936e-03,-2.834506434669785760e-02,-2.408099680373872176e-02,8.763735419909967836e-03,-6.858788969560093707e-02,-5.508260609671532249e-02,-1.668399017851836252e-02,-1.013141384287741115e-01,-2.888607199320556915e-02,-1.629693012418710896e-01,2.842087433780049726e-03,7.519538474676526474e-02,-4.596792103607526964e-02,3.267349599320484854e-02,-3.934223889366107729e-02,6.155629162054131881e-02,-6.565673074206121451e-02,-3.066624608509582739e-02,-2.386350653323311352e-02,-2.093328859906206513e-02,2.195088903382045372e-03,4.402044110986236963e-02,4.572122618563286001e-02,9.953494145096841023e-03,3.171408338448936971e-03,-6.447352771237448849e-03,-1.306089678249533134e-02,4.745191010155518779e-02,9.137958341858112843e-03,4.028049696516682043e-02,2.607114226155324635e-02,-4.771165293243358890e-02,-3.366619979408735919e-03,-1.757648814673926085e-02,1.027219026708115282e-02,1.440992808510744086e-02,1.400818455317115463e-02,-2.012083846151935945e-02,-8.820424065494235355e-03,-2.811276297690933068e-02,4.286911667398013610e-03,1.562230725419036688e-02,1.127860823565468920e-02,5.807307129121593893e-03,-1.515512301172465721e-02,-3.404599887810734558e-03,1.684672975743442894e-02,-2.307917307147101110e-02,-5.322806420410693823e-02,-1.299774476127285062e-02,3.999128210753891133e-03,-1.384554176514597073e-03,3.397137112264287523e-02,-7.562397971386307545e-03,-2.196183784398463359e-02,2.167735051434723295e-02,1.038328669246837803e-02,5.706797565510671189e-02,3.283589775379026909e-02,3.084429587985632049e-02,7.369974928024151939e-02,7.774905164942681746e-02,6.108149548450877292e-02,-1.960111468791435416e-03,5.513677162637783263e-02,4.985847171490079797e-03,1.772474627203270842e-02,-9.418729709903632397e-02,-3.448852661087509902e-02,-4.229102697625274770e-02,-1.217898909130595148e-01,4.274904378065447208e-02,1.777326271607530600e-03,-1.249595757369542093e-01,-2.341990691439884906e-02,-4.661196460385670648e-02,2.708097274332304030e-02,-1.706237169187454356e-02,-4.391256861695872621e-02,4.139175736934608274e-02,-8.010154739569222415e-02,-4.769568229013738947e-02,-7.188467274923060479e-02,-6.176584236392251848e-02,-5.563855615288159501e-02,-5.506262481484593824e-02,-4.384724702774792093e-02,-5.288365823165384894e-02,-2.454616216058471551e-02,-2.381341984391954075e-02,-4.296894959787588009e-02
