1.000000000000000000e+00,4.388901140764257525e-01,4.602312285301324857e-01,4.878334853310467567e-01,2.214385460863936839e-01,3.086123425841287848e-01,2.394851988509147378e-01,5.111949048981503929e-02,8.202501911664417111e-02,-3.464884311232026975e-02,9.191149033376737332e-02,-8.260710477502559990e-02,-2.229262083738362821e-01,-1.580462509045103547e-01,-1.240342755831241872e-01,-1.588787573041345047e-01,-1.943129639134419384e-01,-2.545691607193539124e-02,-4.759006525844820118e-02,-2.270208535550346726e-02,-1.917612018780488203e-01,-1.540504315184594020e-01,-1.975258957303605289e-01,-3.034802978220873526e-01,-2.425745379054206341e-01,3.644058200405127929e-02,-1.290508180805509109e-01,-2.390226678559536910e-01,-2.587637303543968703e-02,-9.250048806551831870e-02,3.294070127056774461e-02,-3.693351246928340288e-03,2.490942513829735860e-02,-2.271201841817529002e-02,6.272642851529577901e-02,-2.775050625139302909e-02,7.335127123367773949e-02,1.143237311221370761e-01,-2.413525364174473262e-02,1.474420956513095016e-01,7.612725947455637257e-03,-4.570869940051537628e-02,1.381767284129940543e-01,7.774105725015620361e-02,8.424897351178137206e-02,7.251166418730313479e-02,1.302310507931252748e-01,1.009757661776528453e-01,6.457199159736640159e-02,1.385373985632301630e-01,1.040935146414398854e-01,4.899338720849819723e-02,1.389891580648978942e-02,-1.712740417732430687e-01,-2.478906241537776056e-01,-2.452202989265678534e-01,-1.283936968694244785e-01,6.094972820054134904e-02,-1.163234924198422310e-01,7.959660067133450534e-02,1.875778081783486401e-02,-4.566533290371917880e-02,4.214065914071420116e-02,1.254890791912521286e-01,9.621885417971749732e-02,-1.235410681574584946e-01,-1.107775162475503755e-01,1.358643527355437863e-01,-2.193705982130968180e-01,-1.307323776308540186e-01,-2.003441926193115508e-01
4.388901140764257525e-01,1.000000000000000000e+00,4.543630892072232919e-01,3.616433567878071798e-01,4.024951241955271874e-01,2.470975600434727748e-01,2.298330748062406281e-01,1.882715035589719310e-01,1.555695726134045942e-01,1.185547055426835888e-01,1.085566825432200955e-01,-1.431974274100833271e-02,-2.492843828096741321e-01,-2.010609189972702437e-01,-2.546632879774742841e-01,-1.664666654459218409e-01,-2.553550445584468198e-01,-1.612937005877921881e-01,-1.638017240684697118e-01,-1.264149967711343135e-03,-1.895465643832929259e-01,-2.225897218166350555e-01,-2.865632587662200748e-01,-1.925379172718169607e-01,-2.367805850379901544e-01,-1.085268200298540042e-01,-2.037763656018194702e-01,-2.446366316047036971e-01,-8.940025694623557340e-02,-5.690614498851753744e-02,3.685146041323246469e-02,-9.798806710702225031e-02,4.170727217802863013e-02,-7.261467162216693472e-02,7.580587356538735777e-02,6.598632973486191766e-02,1.334955586240208214e-01,2.237735560000271295e-01,1.693663078769714336e-01,2.767540624269317906e-01,1.983904861913484974e-01,1.943658086707279742e-01,2.923033108771533883e-01,1.806784075513778176e-01,1.769632175319846845e-01,2.014355670238030249e-01,1.005650638803593788e-01,1.604556656759609234e-01,6.040754371629283859e-02,9.363514161865318930e-02,6.609512379620115230e-02,2.090501614994597773e-02,-4.875554691654205436e-02,-2.307751882934815091e-01,-2.783408466410698945e-01,-1.331005984985743074e-01,-1.183194850301417939e-01,8.121397853722048255e-02,-9.466342052582948918e-02,1.605907555639862483e-01,-6.845523890647280119e-02,-9.654095896490011430e-02,-2.680038193866026135e-03,-7.144447868633017895e-02,-1.491138184368725195e-01,-1.949877839273680691e-01,-2.992510319303332000e-01,-9.442624572711640074e-02,-2.469081382278654757e-01,-1.050291039402678206e-01,-1.262842074095072986e-01
4.602312285301324857e-01,4.543630892072232919e-01,1.000000000000000000e+00,3.827126193278355126e-01,3.493890447851229486e-01,5.209037232325863798e-01,1.729959795179556725e-01,1.553074548278863543e-01,1.028495072093519036e-01,3.730949006917531202e-02,9.917276554723715443e-02,-1.151131972064655257e-01,-2.880206409470466022e-01,-2.148067929634235318e-01,-1.299381589235175383e-01,-1.110910378533549181e-01,-2.260972963045893569e-01,-5.662291846952869495e-02,-3.674012161359822143e-02,3.071220079199124195e-02,-1.847710263752086746e-01,-1.246937778739401759e-01,-2.532671762712898622e-01,-3.020026546452664884e-01,-2.386300269802906771e-01,2.690642534677080769e-02,-2.433928427462241084e-01,-2.532023657380035320e-01,-1.891046806734050789e-01,-1.380705353879631558e-01,-2.568248193254285203e-02,-1.866737810777812645e-01,-3.872909193413911350e-02,-1.233147243291603246e-01,-6.911781045759446233e-03,-4.293813583344820856e-03,8.304908580140933638e-02,1.812485932831315871e-01,5.874647458941297667e-02,2.065780414704999901e-01,8.784619601480196660e-02,1.092067769727114029e-01,2.294152048660017540e-01,9.166803702787786057e-02,1.486787057324120143e-01,2.237484857009494066e-01,1.250616019330813566e-01,2.296843532611680394e-01,1.844970168635302055e-01,9.167689937944047129e-02,5.750524577217408506e-02,-2.143865644803714596e-02,-1.075578054603601869e-01,-2.918450435447594860e-01,-2.710352529520230203e-01,-2.125463892494379448e-01,-2.159788732352627139e-01,1.361284348121965249e-01,-8.093412650197158442e-02,2.428783004665518719e-01,6.133784634954654591e-02,-4.116598316835338306e-02,8.196947696976605857e-02,7.029736427052804548e-02,1.064789278041846921e-01,-9.668179291084540161e-02,-2.538856503584500657e-01,1.124385132284478617e-01,-2.238685745900028667e-01,-3.963457103824690603e-02,-2.102460310464936977e-01
4.878334853310467567e-01,3.616433567878071798e-01,3.827126193278355126e-01,1.000000000000000000e+00,3.703299801414092762e-01,4.691946989262344436e-01,4.471648710996184439e-01,1.846832083678154324e-01,2.465802267146572080e-01,8.047305022333636759e-02,1.806248939253100316e-01,-5.769643019912594484e-02,-2.878164442876927076e-01,-2.355148748400378300e-01,-1.818266561154762151e-01,-2.201912747048204999e-01,-3.058395007832391266e-01,-1.566134039006402967e-01,-1.679330576575513989e-01,-1.194610500474894005e-01,-1.957284597422169481e-01,-2.780497684386814550e-01,-2.839229677633272053e-01,-3.196601142885094338e-01,-3.769149845547541400e-01,-5.288388095456329763e-02,-1.792038271536366689e-01,-3.693834196579756091e-01,-7.824027008451807721e-03,-5.690965521412925943e-02,1.151662588162118139e-01,8.748773978161299147e-02,6.910903353702683993e-02,1.056460630578697074e-01,1.098698587714538877e-01,6.463536982001380493e-02,6.609946622073739619e-02,1.280536036524732857e-01,1.914344651219557908e-02,1.260180128990051884e-01,1.028492020794942868e-01,4.263274343962266538e-02,1.257099269229821348e-01,1.055527339724706970e-01,2.336465272645555855e-02,1.650007089413350614e-01,5.121226871302726746e-02,9.806011475229386987e-02,1.089199844352309460e-01,3.813733615916439779e-02,7.412454601364339146e-02,-8.648174222680174439e-02,-2.272345929420402366e-02,-2.045325088814340109e-01,-2.565978516857135849e-01,-2.499135341390680831e-01,-4.481096196411640808e-02,4.126307825359387671e-02,7.960355607817413276e-03,1.670305264433311065e-01,-2.106210392838701179e-02,4.267956320232998285e-02,1.720895477747503288e-01,1.040242223083774203e-01,-8.505878819560219739e-02,-3.215038233689002656e-01,-1.873875408378648522e-01,-2.300538199372666529e-02,-3.884226325332876817e-01,-2.920564596757820874e-01,-2.732217181589069455e-01
2.214385460863936839e-01,4.024951241955271874e-01,3.493890447851229486e-01,3.703299801414092762e-01,1.000000000000000000e+00,4.543600760397338845e-01,3.941244621358629407e-01,4.680162242996455668e-01,3.515582337580637207e-01,3.523362274288566742e-01,3.130796810237688743e-01,5.938521081716285205e-02,-2.372216319821978947e-01,-2.843521351847895229e-01,-2.547953433561011005e-01,-2.484144887181674588e-01,-3.823968885734048695e-01,-2.398022033585012480e-01,-3.221387231837083975e-01,-9.633684274877386822e-02,-2.050527296785499554e-01,-2.976348378455898058e-01,-2.820192533988637451e-01,-1.550232537385320686e-01,-2.988672793552644702e-01,-1.515449182885785784e-01,-3.614532297583878395e-01,-3.001440697836126326e-01,-1.723134753238212968e-01,-9.146699380490956599e-02,-6.595336239032313641e-02,-8.226444015060693782e-02,-2.576227159858910515e-02,1.477016872187197297e-03,1.422989628587459712e-02,6.842648372372996113e-02,-4.371072405909170143e-03,1.462062169107241072e-01,8.575007147902871663e-02,1.522439815900591686e-01,2.063716439841348782e-01,1.375396129141485957e-01,1.979060503629541390e-01,2.208351522912350984e-01,2.975282786739912866e-01,4.271006028068450866e-01,3.042670155394112119e-01,3.413096515475460002e-01,2.728288480945152972e-01,2.013913503167614472e-01,1.663338055059977727e-01,5.979719595650039021e-02,-2.448682671102925257e-02,-2.408867428277227662e-01,-3.330600974549775550e-01,-8.218067427052487550e-02,-1.806429776911685214e-01,-6.518371722712095265e-03,-1.715275509943748611e-01,1.904375519181380483e-01,-1.302764796454437268e-01,-2.030945008725330569e-01,3.171006229350596672e-02,-1.337653792094535728e-02,-1.896655868959362390e-01,-3.364958195878507419e-01,-3.505866989922251098e-01,-2.060495483107038506e-01,-3.460721652152525252e-01,-1.178601579640281144e-01,-1.441705690968883291e-01
3.086123425841287848e-01,2.470975600434727748e-01,5.209037232325863798e-01,4.691946989262344436e-01,4.543600760397338845e-01,1.000000000000000000e+00,3.673538510307099436e-01,2.632727586249618001e-01,3.070426750702154317e-01,1.211109041754127313e-01,2.252594959610260683e-01,-7.619291626117789817e-02,-2.597052498739144677e-01,-2.378177420429888889e-01,-1.451978453104292299e-01,-1.471943660784684194e-01,-3.171373733536611006e-01,-1.540032923961531797e-01,-1.442420692344958677e-01,-2.598894437654944087e-02,-1.487019696161553106e-01,-1.670429865813726211e-01,-2.278752160954141404e-01,-3.038657128163356758e-01,-2.698971804516301365e-01,-1.194898343584790967e-02,-3.113812174100395458e-01,-2.680360122879849594e-01,-2.010979295268243427e-01,-1.806768536311049445e-01,-6.284383878785634869e-02,-1.034903781893524999e-01,-7.212445342595259767e-02,-4.625263333331140758e-02,-3.940600646136800667e-02,-3.741181484203371516e-02,-2.596669029347885641e-02,9.399797722093310159e-02,-2.225223431640233410e-02,1.091098024768604041e-01,9.709400712306462400e-02,7.406347714104732916e-02,1.040142209432612513e-01,1.543340622135450368e-01,2.076118720946388829e-01,2.903129359364903794e-01,2.464451926409326754e-01,2.822238722680630585e-01,2.697165402064158335e-01,1.909438667475358009e-01,1.579000265829556826e-01,1.118737887643414530e-02,-6.638363636943106494e-02,-2.612706265384667215e-01,-2.859589739729425095e-01,-2.522238287248357302e-01,-2.302796766783878624e-01,7.951867652002533871e-02,-1.024817544624334331e-01,2.009419089037670081e-01,6.604546288307903967e-02,-7.028688415425615732e-02,8.844452248513008652e-02,1.257024150942700758e-01,4.702434071137874538e-02,-2.294645918066013646e-01,-2.475852388639632473e-01,3.759898944501470497e-02,-3.124350317444070102e-01,-9.153912090746955943e-02,-2.413321108600370857e-01
2.394851988509147378e-01,2.298330748062406281e-01,1.729959795179556725e-01,4.471648710996184439e-01,3.941244621358629407e-01,3.673538510307099436e-01,1.000000000000000000e+00,2.644812518266596579e-01,4.074576594702870591e-01,2.190539269865736938e-01,2.647038244829383880e-01,1.050470812245481722e-01,-1.454446143399870384e-01,-1.429374486205838846e-01,-1.238921969979635135e-01,-2.067368772329054583e-01,-2.393711406051395041e-01,-1.152331423549040890e-01,-2.042031963517421944e-01,-4.233375454538802068e-02,-7.412657650728408931e-02,-1.445444151139078925e-01,-1.950991715133722493e-01,-2.213334104650014067e-01,-2.737030531662580368e-01,-1.266815945952242881e-03,-1.466626649937639582e-01,-2.540813660894102877e-01,-7.655655918397487325e-02,-1.109392498983052255e-01,2.748404074295883763e-04,7.518183641781030560e-03,-3.185340409177238319e-02,2.779046053531599586e-02,-1.957672128597019463e-03,-6.004802485388893718e-02,-6.376622535577415596e-02,-2.798069741270065372e-02,-5.485416397801737981e-02,-1.277039821614259218e-02,-5.725975959672321113e-03,-2.075289627149679364e-02,-4.188420032701152540e-03,7.007430462290308026e-02,1.175203589528779485e-01,1.568327090844817417e-01,1.350762346920450774e-01,1.900574484014877497e-01,1.153288043852948447e-01,1.470897815446855494e-01,1.891432766889348804e-01,1.556693207265709151e-04,-1.697675017843682313e-02,-1.286301754246045037e-01,-1.914244929225286662e-01,-1.748983390969285345e-01,-1.212381176505134949e-03,1.091251445929940778e-01,1.731746731845938345e-02,1.565624955520815154e-01,7.362537259181785310e-02,-1.231410740545785081e-02,1.728001652774573127e-01,1.731536038024775459e-01,-4.945903292000135287e-02,-2.760535580032703051e-01,-1.016576267242057657e-01,1.019557535674570428e-02,-2.833637592221269763e-01,-2.250433118542434774e-01,-2.123654351448474031e-01
5.111949048981503929e-02,1.882715035589719310e-01,1.553074548278863543e-01,1.846832083678154324e-01,4.680162242996455668e-01,2.632727586249618001e-01,2.644812518266596579e-01,1.000000000000000000e+00,3.636810367141257716e-01,6.299721064066249321e-01,4.612875480347216617e-01,1.163564420023342760e-01,-1.183224674049189185e-01,-2.025269478628956843e-01,-2.212863113432596007e-01,-1.824663122610147570e-01,-2.791332039347589888e-01,-1.781032009032509633e-01,-2.710373917674311905e-01,-3.465416531154202201e-02,-1.431243382774688155e-01,-1.751391941692341525e-01,-2.490850157363168893e-01,-1.351539339165660214e-01,-2.404945553757429355e-01,-6.724485550855051341e-02,-2.753194656271347185e-01,-2.289649624505211978e-01,-1.318561268130731545e-01,-8.185202264735937094e-02,-8.488000959404495838e-02,-6.771811490878214268e-02,-8.167224183738175380e-02,2.495076345448796543e-02,-5.406833437349552879e-02,3.183982041135866026e-02,-7.703514888131773874e-02,7.303651724191084771e-02,3.551599585732509445e-02,4.753110385168976548e-02,1.235725212312871885e-01,6.026830358315325015e-02,1.145897637694035243e-01,1.278623644682040927e-01,2.294858014323802042e-01,3.745418151532181050e-01,1.886278126939369970e-01,3.052255779983700235e-01,2.559825953140004162e-01,8.077610885016815734e-02,1.223868251265321228e-01,3.695829030653786235e-03,-4.985968840447739525e-02,-1.893485748289139570e-01,-2.258375301900951704e-01,-4.759113368380706727e-02,-1.324566890038045563e-01,-1.558661310466836786e-04,-1.028290724101252468e-01,1.835964271935718595e-01,-1.025392319009266473e-01,-1.121706122912372455e-01,1.217422840965539932e-01,-1.016052500996000689e-03,-1.395462670972230645e-01,-2.528233199358926875e-01,-2.357541497912336026e-01,-1.442774022038275372e-01,-2.646464866270876182e-01,-9.257701556918605801e-02,-1.415714788330433849e-01
8.202501911664417111e-02,1.555695726134045942e-01,1.028495072093519036e-01,2.465802267146572080e-01,3.515582337580637207e-01,3.070426750702154317e-01,4.074576594702870591e-01,3.636810367141257716e-01,1.000000000000000000e+00,3.555681296296204219e-01,4.388887202101214302e-01,2.066584763945971404e-01,-9.235020594938853078e-02,-1.616382748621869869e-01,-1.957360394294390127e-01,-1.993843936133618266e-01,-2.788076105501841040e-01,-1.900176813225692984e-01,-2.763287051408498396e-01,-6.763259023724885188e-02,-1.430297149643041180e-02,-1.374800064669432498e-01,-1.668110521617122144e-01,-1.223050418569193720e-01,-2.070839356480136395e-01,-6.651487196729838347e-02,-1.511074575454072477e-01,-1.559864069804715869e-01,-3.581846447436842079e-02,-2.116834422043645941e-02,3.720635714111479586e-02,3.175629703788849373e-02,-3.855174518778860232e-05,7.066278943398124346e-02,-5.488985296249783430e-03,-3.196801456315107037e-02,-1.005761110448127743e-01,-1.333728126384817192e-02,-3.740225639277547365e-02,-4.872237766974556877e-02,3.754644089145120489e-02,-1.028254921972920378e-02,2.628419246743679202e-02,3.378374496062070548e-02,6.211133990748245876e-02,1.490829368492490314e-01,8.367050411468632265e-02,1.409802989195917677e-01,9.624521723210958946e-02,7.536339139241828022e-02,9.820755644553470776e-02,-1.660675308244763046e-02,-1.963964026239285385e-02,-1.229899371170078692e-01,-1.329591954647414975e-01,-5.231810405695858091e-02,-1.610710182302494548e-02,5.655353908348367126e-02,2.527802424195077502e-02,1.280812580293302638e-01,5.570942855864878529e-02,1.060967930021339441e-02,1.130713347003352437e-01,7.974739568839797621e-02,-9.527897544446486955e-02,-2.525483485821760632e-01,-1.141318979342173801e-01,-6.954135489400634085e-02,-2.295092491219797581e-01,-1.561253320767043151e-01,-1.102980673322377786e-01
-3.464884311232026975e-02,1.185547055426835888e-01,3.730949006917531202e-02,8.047305022333636759e-02,3.523362274288566742e-01,1.211109041754127313e-01,2.190539269865736938e-01,6.299721064066249321e-01,3.555681296296204219e-01,1.000000000000000000e+00,4.005581042404878223e-01,3.469556959184784684e-01,6.731530730856204181e-02,-9.890829077797964886e-02,-2.000726382870527120e-01,-1.010620358048611583e-01,-1.646203861784779343e-01,-1.622825500937681298e-01,-2.402504226773973239e-01,-3.930122570498204015e-02,-2.114160429786238193e-02,-1.412332010712945840e-01,-1.561519779194991686e-01,-2.154421003365218374e-03,-1.729527791244005186e-01,-5.257625990738950400e-02,-1.645487384120511154e-01,-1.507165197014197489e-01,-5.499899348838852703e-02,-3.142577091749468310e-02,-8.419757429585895958e-02,-4.844033709171500363e-02,-7.961582698251548629e-02,7.925247176137734453e-03,-6.864685281204141454e-02,-6.020483334696704464e-03,-1.263262459997397669e-01,-2.049281691878824391e-02,-1.803579364008622496e-02,-3.172828347875315813e-02,4.064726189167396780e-02,2.112761414534499935e-02,7.059898925135234260e-02,3.584085967011262086e-02,1.519701466112253208e-01,2.875359469296157600e-01,8.353256994254941448e-02,2.460454829446011571e-01,1.840362345978792946e-01,3.572989100548184388e-02,4.703602904018585468e-02,-5.159970208460378654e-02,-5.290827737222294352e-02,-1.397919016874515363e-01,-1.176772652675627251e-01,5.685224947839929294e-02,-6.115201110270016872e-03,2.492892707432190283e-02,7.106462953375692650e-03,2.236705767444842341e-01,-5.082841517472849041e-02,1.783070780927071045e-04,1.751745576573364716e-01,-4.441334868517448839e-03,-1.388368641222607613e-01,-1.897479160594117975e-01,-1.555709221863539882e-01,-1.278595224000016739e-01,-1.819763445716517658e-01,-9.400762593221560770e-02,-7.517662469803347569e-02
9.191149033376737332e-02,1.085566825432200955e-01,9.917276554723715443e-02,1.806248939253100316e-01,3.130796810237688743e-01,2.252594959610260683e-01,2.647038244829383880e-01,4.612875480347216617e-01,4.388887202101214302e-01,4.005581042404878223e-01,1.000000000000000000e+00,3.202751486396697711e-01,-1.139666801472551672e-01,-8.618964394935483414e-03,-8.375957345002972565e-02,-2.485798647969621744e-01,-1.678287947873712271e-01,-1.243787383593483453e-01,-1.872639140890789144e-01,-4.140129382695777183e-02,5.990494197201073900e-02,-1.216437475689897685e-01,-1.611559484891100236e-01,-1.345456137337970037e-01,-2.797950199612951327e-01,9.034269774010316931e-03,-2.036739718367752416e-01,-1.838203060088999807e-01,-9.415267013592711065e-02,-4.951538160394423904e-02,-3.224674795513367276e-02,-4.010107764457991608e-02,-5.100142080553374258e-02,5.427308394752222015e-02,-7.074041575155187722e-02,-6.874727231569903452e-02,-1.202186358552488343e-01,-2.083156331844494835e-02,-8.457543229922684369e-02,3.732111497426435307e-03,-9.103504061748621951e-03,-6.286171819015941298e-02,7.081383954439501513e-03,1.143642396850522505e-02,1.134038883250939600e-01,1.861894752312226176e-01,6.964732618040433976e-02,2.288366026089228844e-01,9.089034508664411982e-02,8.547473268405694768e-02,8.061634323768991639e-02,-5.845921912189995517e-02,-7.710381417340773924e-02,-1.919375714521965592e-01,-1.719541786610304934e-01,-6.532388221714467702e-02,-9.322814575095450876e-03,1.380753868009782503e-01,1.706546291817741604e-02,2.252001056763294762e-01,1.090684176222917329e-01,4.929396710864838993e-02,1.861337861636231106e-01,1.504295529332509429e-01,-3.783878876144559922e-02,-2.450809020635471847e-01,-1.022035009662772137e-01,-1.326215015010488545e-02,-2.561063618550605270e-01,-1.452591937665629884e-01,-1.527353144077992775e-01
-8.260710477502559990e-02,-1.431974274100833271e-02,-1.151131972064655257e-01,-5.769643019912594484e-02,5.938521081716285205e-02,-7.619291626117789817e-02,1.050470812245481722e-01,1.163564420023342760e-01,2.066584763945971404e-01,3.469556959184784684e-01,3.202751486396697711e-01,1.000000000000000000e+00,3.448962019768610499e-01,2.478391796492842858e-01,-2.727959070347086082e-02,-1.373757037303824022e-02,1.132987925101119342e-01,-3.852688854344673425e-02,-7.858277421247078509e-02,2.914128003894671595e-02,2.452560362318564058e-01,6.330912264452993876e-02,6.313103372302585059e-02,2.675691088233445383e-02,-4.338916001945343492e-02,1.203028229767439256e-01,8.243411721294546801e-02,9.637185794733070521e-03,7.627348288426644141e-02,-2.133908229884869112e-02,-3.236660319025237015e-02,-2.402541355985616384e-02,-9.255889388089233449e-02,-4.824420097825962012e-02,-1.230333294365726082e-01,-1.293618247201764881e-01,-1.719423217808440374e-01,-2.049968389180960304e-01,-1.754785837141144833e-01,-1.218862947970180410e-01,-1.868183186181925637e-01,-1.445851705348234761e-01,-5.201871866751161394e-02,-1.243436022125635754e-01,-1.704756075136818622e-02,-4.000730074031528388e-02,-1.549374942411300971e-01,8.861962321946283139e-02,-7.884568677693866434e-02,3.029213550596174601e-02,-8.083598910575104379e-02,-1.290195341060151601e-01,-8.510595631824427465e-02,-3.709148191065329836e-02,5.939649361634549707e-02,1.431665179571652291e-01,1.862628528296299824e-01,2.148428901301970284e-01,2.136619486356159392e-01,2.505542610084893207e-01,1.943980363350004681e-01,1.970054782282237016e-01,1.477797612755434309e-01,1.192878624414274585e-01,2.286667655742219418e-02,-4.138328485816686331e-02,4.643423109209296462e-02,7.242184945451043965e-02,-2.100467891397523809e-02,-1.322026634030974979e-01,-7.195974209535961619e-02
-2.229262083738362821e-01,-2.492843828096741321e-01,-2.880206409470466022e-01,-2.878164442876927076e-01,-2.372216319821978947e-01,-2.597052498739144677e-01,-1.454446143399870384e-01,-1.183224674049189185e-01,-9.235020594938853078e-02,6.731530730856204181e-02,-1.139666801472551672e-01,3.448962019768610499e-01,1.000000000000000000e+00,4.182913719157004273e-01,3.021435843920460274e-01,4.139018110854685295e-01,4.043266164288591424e-01,1.788919052172096569e-01,1.449646919612071483e-01,1.002715786382806645e-01,2.563591904625787121e-01,2.311812656144473788e-01,2.387946147066210556e-01,2.657256450296186304e-02,1.229807397842562905e-01,2.317336883532866154e-01,1.334450265422516269e-01,1.874885296747306196e-01,7.171776575458793657e-02,-9.103391727742916884e-02,-1.142518710620111788e-01,-3.096107433729149497e-02,-1.704649196043786508e-01,-7.978993266089899616e-02,-1.821976178498334042e-01,-1.900479082040526513e-01,-1.959641456304255791e-01,-2.747529001974064466e-01,-1.984049709619975510e-01,-1.996249358795127715e-01,-2.236035411239725157e-01,-2.146894282939760534e-01,-1.285938762508475608e-01,-1.575236833379617951e-01,-4.859399438515658864e-02,-1.881516893581043903e-01,-1.682087692504127541e-01,-3.828600485270731990e-02,-9.976841673250341769e-02,-1.943278423972111604e-02,-9.869823104563266170e-02,-4.654286895094216642e-02,-2.888191469693565661e-02,1.542273669447590534e-01,1.469559958983417958e-01,1.009433647684398472e-01,1.868529061043447126e-01,1.298297149656649219e-01,2.029339165529013833e-01,5.442843108813730929e-02,2.065869147502784609e-01,1.931898019913697029e-01,5.496893220491218951e-02,1.347414930743072725e-01,2.147666935157069301e-01,1.678969913635281752e-01,2.120132953854687863e-01,2.052723416306151683e-01,1.490115123046718837e-01,-9.528783539082014142e-03,-6.765312734638070924e-02
-1.580462509045103547e-01,-2.010609189972702437e-01,-2.148067929634235318e-01,-2.355148748400378300e-01,-2.843521351847895229e-01,-2.378177420429888889e-01,-1.429374486205838846e-01,-2.025269478628956843e-01,-1.616382748621869869e-01,-9.890829077797964886e-02,-8.618964394935483414e-03,2.478391796492842858e-01,4.182913719157004273e-01,1.000000000000000000e+00,4.363778912021892276e-01,2.492808298303826608e-01,5.964902322551631775e-01,2.386774031243176775e-01,2.338433660990534568e-01,1.842192289281447126e-01,2.961194396356153780e-01,2.529147715383284756e-01,1.584486451552097053e-01,-3.158112696931852231e-02,3.250791006715025855e-02,2.500400308785138415e-01,1.553209578974163729e-01,8.812100478538052728e-02,9.405750756845247806e-02,-6.546406325106148005e-02,-9.260473738588691217e-02,-4.007156965474234500e-02,-1.698241238860445090e-01,-9.068766442887354895e-02,-1.704079403859746766e-01,-2.253032046358948992e-01,-1.780408295091079340e-01,-2.402577350849768867e-01,-2.320845787132282123e-01,-1.042127715471581062e-01,-2.483229692617033024e-01,-2.650776931333998498e-01,-8.831586742167454873e-02,-2.174866516932903726e-01,-1.212060742929814416e-01,-2.250984065528966738e-01,-2.917821832991165931e-01,-9.013883715978757150e-02,-1.865456618575094538e-01,-7.814115377093643067e-02,-1.696518216981608151e-01,-1.337189369503428982e-01,-1.177060161319805204e-01,7.040013091459992878e-02,1.537714994912379174e-01,1.251629911608375945e-01,2.425988831621868902e-01,2.666920541358726582e-01,2.878029692389883487e-01,1.473646777142345321e-01,3.350970947484581131e-01,2.649745136323247152e-01,1.436293714081406658e-01,2.023463725808056501e-01,2.579039721096930693e-01,1.610754945753339329e-01,2.226183148028012815e-01,2.884133133982264563e-01,1.279718344165617638e-01,-2.425002897484303949e-02,-7.900731176162371916e-02
-1.240342755831241872e-01,-2.546632879774742841e-01,-1.299381589235175383e-01,-1.818266561154762151e-01,-2.547953433561011005e-01,-1.451978453104292299e-01,-1.238921969979635135e-01,-2.212863113432596007e-01,-1.957360394294390127e-01,-2.000726382870527120e-01,-8.375957345002972565e-02,-2.727959070347086082e-02,3.021435843920460274e-01,4.363778912021892276e-01,1.000000000000000000e+00,3.183890664933355374e-01,4.884959840578319556e-01,2.719364021773730822e-01,1.553012547032139035e-01,1.354638289745465629e-01,1.698527303652188625e-01,2.287709768372649111e-01,1.804576980884391169e-01,-8.127244692056420639e-02,2.867563771359795191e-02,2.178936726641517441e-01,7.309617889297324866e-02,9.651482932571901763e-02,2.960852823096563752e-02,-1.248396386741334463e-01,-5.091003529345797252e-02,-2.150835898367312038e-02,-1.219738492756263643e-01,-5.830345523684544312e-02,-1.154633885883755290e-01,-1.783678570863724278e-01,-1.631324193579787862e-01,-1.629318746591253420e-01,-1.861467953871221159e-01,-1.274078512741133318e-01,-1.546463720254869223e-01,-2.167238781900435174e-01,-1.454975367722169954e-01,-1.275435445980324933e-01,-6.131349096109506291e-02,-1.989036167133344524e-01,-1.337309924487293800e-01,-8.535275363527494719e-02,-1.034780890391556463e-01,-4.263888820376494915e-02,-6.267899538369565982e-02,-8.995671381127424981e-03,1.350650222483936250e-02,1.610147159722427890e-01,1.276629647708365789e-01,9.477128079995178478e-03,1.280487530673827812e-01,1.062930427695340518e-01,1.592834881728121266e-01,-2.144047127629988142e-02,2.320959517593157162e-01,9.065323939247582619e-02,4.426262830660226966e-02,1.873316783741673930e-01,2.665165491249187890e-01,1.311825374172359004e-01,2.082284284262943819e-01,2.728286052379506610e-01,7.314366502236900602e-02,-3.332866144143057513e-02,-9.675136352846006038e-02
-1.588787573041345047e-01,-1.664666654459218409e-01,-1.110910378533549181e-01,-2.201912747048204999e-01,-2.484144887181674588e-01,-1.471943660784684194e-01,-2.067368772329054583e-01,-1.824663122610147570e-01,-1.993843936133618266e-01,-1.010620358048611583e-01,-2.485798647969621744e-01,-1.373757037303824022e-02,4.139018110854685295e-01,2.492808298303826608e-01,3.183890664933355374e-01,1.000000000000000000e+00,3.490050982780578681e-01,1.439597545125747835e-01,1.647000620471710530e-01,3.051724458414157778e-02,1.414179288975877247e-01,1.679991211338653090e-01,1.643933974235230466e-01,-5.505131802757562420e-02,8.054213596774720263e-02,1.361658368673426267e-01,8.511290045151756467e-02,1.803663815075818300e-01,8.055110447064896262e-02,-1.138216069076821713e-01,-1.219165669343700090e-02,-5.310713739899500067e-03,-7.352755900377550002e-02,-4.832867889894019303e-02,-4.505896357885330605e-02,-1.076369158154703298e-01,-1.217102375767485922e-01,-1.208819169904707808e-01,-1.114524175821137303e-01,-1.107308233689363597e-01,-9.567853937977853496e-02,-1.405725475931243473e-01,-7.240971064327465789e-02,-1.123003022260901651e-01,-1.360961131860627393e-01,-1.619624428540518413e-01,-1.394975414832992366e-01,-1.185191614505610586e-01,-6.494528044899866570e-02,-9.767805865717490987e-02,-1.568194446828256039e-01,-3.684144655218068998e-02,1.230944813559638543e-02,1.207857919960637488e-01,1.563324124752620559e-01,7.646015363717359459e-02,1.050405205666872510e-01,1.293653294601814115e-02,1.757248174365434734e-01,1.296873159810765612e-02,1.005093522111530219e-01,1.709930813760232038e-01,-1.773529410321838737e-02,5.783622209998864894e-02,2.063681235283228443e-01,1.848391822202016255e-01,1.487298154669747241e-01,2.130816137285107548e-01,1.041502743979187684e-01,-1.945276003195641618e-02,-7.141557953010152504e-02
-1.943129639134419384e-01,-2.553550445584468198e-01,-2.260972963045893569e-01,-3.058395007832391266e-01,-3.823968885734048695e-01,-3.171373733536611006e-01,-2.393711406051395041e-01,-2.791332039347589888e-01,-2.788076105501841040e-01,-1.646203861784779343e-01,-1.678287947873712271e-01,1.132987925101119342e-01,4.043266164288591424e-01,5.964902322551631775e-01,4.884959840578319556e-01,3.490050982780578681e-01,1.000000000000000000e+00,3.021865411953398306e-01,3.772828177938413741e-01,1.612346463038029087e-01,2.859480410079541790e-01,3.244270933534015855e-01,2.642459841828596057e-01,6.080414601694603127e-02,1.700847209629693657e-01,2.637703301513081855e-01,2.620267405943315087e-01,2.197374748787120635e-01,1.586063271081021020e-01,-1.784399101465955831e-02,-6.464934394930531292e-02,-2.229859367439767162e-02,-1.465395359992118507e-01,-1.136605689393408447e-01,-1.523652736306495836e-01,-2.287598474533362181e-01,-1.703689061412205774e-01,-2.714424758404394011e-01,-2.047593905633440514e-01,-1.704808048731638048e-01,-2.563801591877917230e-01,-2.391457375874716518e-01,-1.523604067829302522e-01,-2.395173255002590595e-01,-1.858711369824577742e-01,-2.967187225997451883e-01,-3.123462604390909725e-01,-1.711198501891584844e-01,-2.046975963126429765e-01,-1.241839275090244610e-01,-1.909052325386788873e-01,-1.275418711329436017e-01,-7.440691048306587174e-02,1.461955685144737949e-01,2.397812255451011176e-01,1.518391274939419888e-01,2.428940797404549046e-01,1.922199282049426028e-01,2.814133332496939754e-01,6.592550211960487849e-02,2.718672241059242323e-01,2.598878964601162855e-01,7.587928782259463489e-02,1.315550920363847964e-01,2.700493616673985131e-01,2.906156677834743629e-01,3.101657896506342937e-01,3.073919117082984376e-01,2.523146906231804043e-01,2.555547705150274657e-02,1.177392612717115261e-02
-2.545691607193539124e-02,-1.612937005877921881e-01,-5.662291846952869495e-02,-1.566134039006402967e-01,-2.398022033585012480e-01,-1.540032923961531797e-01,-1.152331423549040890e-01,-1.781032009032509633e-01,-1.900176813225692984e-01,-1.622825500937681298e-01,-1.243787383593483453e-01,-3.852688854344673425e-02,1.788919052172096569e-01,2.386774031243176775e-01,2.719364021773730822e-01,1.439597545125747835e-01,3.021865411953398306e-01,1.000000000000000000e+00,3.694816762230121454e-01,4.788900787426060290e-01,1.467948893432978463e-01,4.141344154359848373e-01,1.930241354570648993e-01,-8.917607722116258073e-02,1.607484323289660177e-01,3.671840467321978996e-01,2.197905673554931272e-01,1.388493718878334171e-01,1.601359201163524842e-02,-2.160201088329408159e-01,-7.147418555537431162e-02,-1.506061237858168089e-01,-2.192596189217667357e-01,-1.267693364048790849e-01,-1.918835443379006411e-01,-2.522891942388164610e-01,-9.257303480446958666e-02,-2.596194499665308575e-01,-1.710553789255713497e-01,-9.970354273152221003e-02,-2.643746270793966291e-01,-1.486603947455890362e-01,-1.494816473362442777e-01,-8.066821825793063505e-02,-2.280294879073862385e-02,-1.711228461376000931e-01,-5.763545703563748707e-02,2.025271568108025829e-03,-6.167504737261057107e-02,5.254487473444776832e-03,5.363176067369704314e-02,-1.363606823889844562e-02,9.114798316639642628e-02,7.228599332327911853e-02,5.057508420083506318e-02,-1.243719871279264783e-01,-3.217136678363203411e-02,9.329731376195224413e-02,-1.261500603372403030e-02,-3.051313210726269015e-02,1.697231884124972556e-01,1.043142721420134422e-01,8.295465921183906022e-02,2.324670995179036748e-01,3.839620948758001306e-01,2.478005944953247663e-01,2.402084443309663031e-01,3.528087318877455303e-01,1.512752457009014506e-01,1.010841172527657261e-02,-1.578573155137411310e-01
-4.759006525844820118e-02,-1.638017240684697118e-01,-3.674012161359822143e-02,-1.679330576575513989e-01,-3.221387231837083975e-01,-1.442420692344958677e-01,-2.042031963517421944e-01,-2.710373917674311905e-01,-2.763287051408498396e-01,-2.402504226773973239e-01,-1.872639140890789144e-01,-7.858277421247078509e-02,1.449646919612071483e-01,2.338433660990534568e-01,1.553012547032139035e-01,1.647000620471710530e-01,3.772828177938413741e-01,3.694816762230121454e-01,1.000000000000000000e+00,2.752731852895264897e-01,1.860495432110872982e-01,4.055335513142138137e-01,1.972967534316828475e-01,-8.941150663808786203e-02,1.692856615712431401e-01,3.296920794825282108e-01,1.573654769575665857e-01,1.611689716560249785e-01,-3.279588523315241783e-02,-1.277931642042843541e-01,-1.500136866408206260e-01,-1.998979157578539556e-01,-2.129461356744297429e-01,-1.955108687086763164e-01,-1.533106724288078038e-01,-1.671939974012538466e-01,-1.973711320304932099e-02,-1.733093581609766454e-01,-7.452501047084340857e-02,-9.202545276739826363e-02,-1.849153903675230803e-01,-6.607548688224948452e-02,-9.389774215962867765e-02,-9.803243484318226175e-02,-4.508329275659622715e-02,-2.301400850215612193e-01,-1.749932927769527746e-01,-3.720155982614160167e-02,-1.599053533472566957e-01,-1.277968804160626443e-02,-6.344547931515456818e-02,-3.241778777639736653e-02,5.144742701576739130e-02,7.442434866560679319e-02,7.140097651579020710e-02,-9.615367202504719601e-02,3.121003386147827921e-02,1.933676983033318919e-01,6.640677851386522779e-02,1.203835639772332829e-02,2.421584098721039358e-01,1.595979446471136598e-01,3.947679146959402058e-02,1.543634860368006678e-01,3.379861393292185601e-01,2.705194338594579806e-01,1.549757395026359619e-01,3.055031755341999777e-01,1.683723739284026244e-01,8.481630314643884283e-02,-1.018032458856850259e-01
-2.270208535550346726e-02,-1.264149967711343135e-03,3.071220079199124195e-02,-1.194610500474894005e-01,-9.633684274877386822e-02,-2.598894437654944087e-02,-4.233375454538802068e-02,-3.465416531154202201e-02,-6.763259023724885188e-02,-3.930122570498204015e-02,-4.140129382695777183e-02,2.914128003894671595e-02,1.002715786382806645e-01,1.842192289281447126e-01,1.354638289745465629e-01,3.051724458414157778e-02,1.612346463038029087e-01,4.788900787426060290e-01,2.752731852895264897e-01,1.000000000000000000e+00,2.347152518383929798e-01,4.697428060797995131e-01,6.620594659088031853e-02,-1.915429230378923597e-01,7.056591195508186976e-02,3.427194815494336577e-01,8.221847572398668924e-02,2.593084882561172855e-03,-1.374029889103641766e-01,-2.798806592998931975e-01,-1.312060386857568650e-01,-2.081140305143795999e-01,-2.523006618912655430e-01,-2.109958379418867547e-01,-2.118926923010836239e-01,-2.314447861866459066e-01,-1.139147746181801285e-01,-1.872653234749724060e-01,-1.582163945268852956e-01,-4.340262826407776525e-02,-1.901503782514170071e-01,-9.477668575567398113e-02,-3.907994717602313040e-02,-5.995922192492815495e-02,6.840925585885324067e-02,-8.798635259749071347e-02,-1.166953319555953522e-01,1.048867570604741090e-01,-7.112893815370639750e-02,4.899104904583728021e-02,4.410049415956505264e-02,1.338162526305000134e-02,7.225473061463063423e-03,-4.717132722646517895e-02,-2.645116180390964800e-02,-2.710064179694612885e-02,-3.564237319338219023e-02,2.423088464333694736e-01,2.152386579894567317e-02,8.307191056663258688e-02,2.578556351201148900e-01,1.102357255028078437e-01,1.077470364036414441e-01,2.826410715384106709e-01,3.415852799959679942e-01,1.133566574143987232e-01,1.159802157418971386e-01,3.305374254145099777e-01,3.379040852285465635e-02,-1.446065748283951492e-02,-2.367904173654251654e-01
-1.917612018780488203e-01,-1.895465643832929259e-01,-1.847710263752086746e-01,-1.957284597422169481e-01,-2.050527296785499554e-01,-1.487019696161553106e-01,-7.412657650728408931e-02,-1.431243382774688155e-01,-1.430297149643041180e-02,-2.114160429786238193e-02,5.990494197201073900e-02,2.452560362318564058e-01,2.563591904625787121e-01,2.961194396356153780e-01,1.698527303652188625e-01,1.414179288975877247e-01,2.859480410079541790e-01,1.467948893432978463e-01,1.860495432110872982e-01,2.347152518383929798e-01,1.000000000000000000e+00,4.307830017461274918e-01,3.686369856299575032e-01,4.362976107991993480e-02,7.151865836787944797e-02,3.093619964703053782e-01,2.055266763356901061e-01,2.183246019216425471e-01,6.286994289965402993e-02,-1.020796548335092813e-01,2.832564077868832478e-02,-7.778602681740288960e-02,-1.321517085390012669e-01,-5.104811394273931630e-02,-1.799181587153678707e-01,-2.262662418978365064e-01,-2.225097198361340733e-01,-2.704703328253800221e-01,-2.482221380344272199e-01,-2.519308594249799471e-01,-2.572661770847493035e-01,-1.726873147923511376e-01,-1.871738213743372459e-01,-2.085421644713726375e-01,-1.320337047184474144e-01,-2.645802252194775495e-01,-3.168150591933316385e-01,-6.825230208329835513e-02,-2.429801119650129015e-01,-1.507624430510611235e-01,-1.800121720839134853e-01,-1.413095678488651974e-01,-9.993322811607315004e-02,8.097925822217169611e-02,1.686201994454076258e-01,1.666437465633487380e-01,2.473042405592469906e-01,2.476443609322729889e-01,3.381722554908088707e-01,1.475076165556528651e-01,3.427102388682179979e-01,3.466836232258564965e-01,1.503495981488204569e-01,2.402183476838667120e-01,1.818540721731117527e-01,1.283219867308870443e-01,3.322004779829533239e-01,2.813615760592331760e-01,8.038004555829289521e-02,-1.440410629938412568e-01,-9.180473717256054655e-02
-1.540504315184594020e-01,-2.225897218166350555e-01,-1.246937778739401759e-01,-2.780497684386814550e-01,-2.976348378455898058e-01,-1.670429865813726211e-01,-1.445444151139078925e-01,-1.751391941692341525e-01,-1.374800064669432498e-01,-1.412332010712945840e-01,-1.216437475689897685e-01,6.330912264452993876e-02,2.311812656144473788e-01,2.529147715383284756e-01,2.287709768372649111e-01,1.679991211338653090e-01,3.244270933534015855e-01,4.141344154359848373e-01,4.055335513142138137e-01,4.697428060797995131e-01,4.307830017461274918e-01,1.000000000000000000e+00,4.184257214259240465e-01,-6.948191683928890694e-02,3.724609759276722443e-01,5.206683226218381533e-01,2.519481247485516606e-01,2.921379082906601088e-01,-1.073912825638137641e-01,-2.772525631144314162e-01,-2.343832269466659679e-01,-1.874790484859542306e-01,-3.258188686986118188e-01,-2.694885507207570585e-01,-2.671744818224424667e-01,-2.690170901579068685e-01,-2.223038158840609790e-01,-3.435942652435827749e-01,-1.996342929489542117e-01,-2.485994873650034243e-01,-3.106097419384405423e-01,-1.578346825119927299e-01,-2.006438465350650069e-01,-1.312911854719341076e-01,-3.313040543857436598e-02,-2.654771828791388510e-01,-1.893809153803536482e-01,-8.199447944194757434e-03,-1.621107902117918387e-01,3.249533891713853040e-02,8.869938436160650086e-03,-2.924539674043459374e-03,4.666873427707448480e-02,1.244777070831835225e-01,1.558759894924711120e-01,-2.583765446776902647e-02,1.407227329244707149e-02,1.806099337274612304e-01,4.700307099024194496e-02,-6.347850494379569941e-02,2.812526354557742247e-01,1.185323252137946703e-01,-2.397464573904611092e-03,2.577784967639732971e-01,4.386059624940841228e-01,3.824496732365029739e-01,3.802151561842577188e-01,4.700756100619060129e-01,3.253357964180599304e-01,1.302182241701045629e-01,-1.308039295669351509e-01
