1.000000000000000000e+00,2.692058888886791901e-01,2.505104530174540600e-01,2.162722149340239874e-01,-1.059261684703635964e-01,-2.986507137743516296e-02,-6.632929706826361238e-02,-9.216836962504462716e-02
2.692058888886791901e-01,1.000000000000000000e+00,2.876814090840859595e-01,2.123239723898267817e-01,-9.253039482236619789e-03,-3.815303522259694269e-02,-6.264314923671807089e-02,-7.062253516176059120e-02
2.505104530174540600e-01,2.876814090840859595e-01,1.000000000000000000e+00,4.203870177858602397e-01,-6.671430587724740124e-02,-1.214500945912494988e-02,-1.431464143579449719e-02,-4.956882315560266067e-02
2.162722149340239874e-01,2.123239723898267817e-01,4.203870177858602397e-01,1.000000000000000000e+00,1.864493283763969389e-01,7.049633077093946099e-02,5.463186838461238370e-02,-4.147730423166220287e-02
-1.059261684703635964e-01,-9.253039482236619789e-03,-6.671430587724740124e-02,1.864493283763969389e-01,1.000000000000000000e+00,2.680229808372440736e-01,2.475850634330065969e-01,7.161356019102990689e-02
-2.986507137743516296e-02,-3.815303522259694269e-02,-1.214500945912494988e-02,7.049633077093946099e-02,2.680229808372440736e-01,1.000000000000000000e+00,4.261492838706069097e-01,5.885926170767671363e-03
-6.632929706826361238e-02,-6.264314923671807089e-02,-1.431464143579449719e-02,5.463186838461238370e-02,2.475850634330065969e-01,4.261492838706069097e-01,1.000000000000000000e+00,2.667864573323815436e-01
-9.216836962504462716e-02,-7.062253516176059120e-02,-4.956882315560266067e-02,-4.147730423166220287e-02,7.161356019102990689e-02,5.885926170767671363e-03,2.667864573323815436e-01,1.000000000000000000e+00
