1.000000000000000000e+00,4.071364027886990034e-01,4.392313395333058978e-01,3.971360212814738500e-01,2.990907374062045099e-01,2.422643485052486667e-01,3.156020531293046716e-01,2.601410351465606174e-01,1.418103682010555810e-01,2.055031147299696548e-01,2.639521528025441377e-01,1.479516309795771978e-01,1.652078761296885967e-01,2.420584151594299405e-01,1.472015929732766737e-01,1.555236920327967565e-01,6.390663938006113654e-02,1.766314769160418074e-01,6.593806940772750647e-02,-6.063874457978955801e-02,-1.760788487862389728e-01,-1.166337201828564624e-01,-7.719279084339250585e-02,-1.577408445631993394e-01,-1.451597135371770209e-01,4.275976385248383450e-03,-1.173429834263918781e-01,-9.899733902673588104e-02,-1.797881077073814893e-01,-1.769263525081468669e-01,-1.127909665694779712e-01,-1.422912665814363431e-01,-1.874784992020171737e-01,-7.071320112344978148e-02,-1.079529825870589460e-01,-2.331898665169576668e-02,-2.590586321179154036e-02,7.079094105905277268e-02,9.789336456192530844e-02,1.301964935845248972e-01,1.407239120843944424e-01,8.298516740302325223e-02,1.822943161385306293e-02,1.140756281379655956e-01,1.604003987694218591e-01,1.621507762222724747e-01,2.097579808021616532e-01,1.923930440114166585e-01,1.848414253728983270e-01,1.008485843211135990e-01,1.510565945465603410e-01,1.008307623726758806e-01,5.920561468053149590e-02,2.597803644640123491e-02,-8.013524904332343379e-02,-1.559355998790960263e-01,-1.028315755624633759e-01,-1.694655531416088545e-01,-1.793651466437642672e-01,-2.210803338235439175e-01,-1.669158785262532252e-01,-1.438529929568390930e-01,-2.601640717089739527e-02,3.562700825936520373e-03,-7.714799663218518955e-02,-1.755196474569724677e-02
4.071364027886990034e-01,1.000000000000000000e+00,4.152117397152124134e-01,3.394304130927036645e-01,4.310170904446125606e-01,1.796945507010791476e-01,2.336943438646623405e-01,2.509748535606804443e-01,5.676321743724768720e-02,1.050663261744045063e-01,2.138525758691446066e-01,7.019447447626654679e-02,9.482324447351335450e-02,1.999196895202825786e-01,1.131280180490621678e-01,1.253559683312080175e-01,6.813017104433168047e-02,1.332873282116877889e-01,7.111719829841831042e-02,-2.090508905557717304e-02,-1.290939938926446429e-01,-6.908608679074995651e-02,-3.157394164358367367e-02,-1.304968329017845430e-01,-1.062436058855548288e-01,-9.689646769352461622e-03,-1.109437702363947204e-01,-9.442233351920031881e-02,-1.748876861145885475e-01,-1.178042857323557679e-01,-9.473519393865983962e-02,-1.401075650240873327e-01,-1.235532086132208329e-01,-4.361023045452501468e-02,-9.673126468026638225e-02,1.949661550770894619e-02,-4.032565058116072826e-03,7.148788061430266794e-02,5.529010103419023520e-02,9.017049879811815660e-02,1.293417955804092023e-01,1.004797416702320895e-01,3.205127936969558167e-02,8.473476166871210524e-02,1.080691483929365621e-01,8.469135415574345627e-02,1.559460350539835505e-01,1.296350214655652144e-01,1.276382774196974101e-01,5.266764139249145021e-02,1.209988782695952669e-01,7.329514599683796539e-02,3.339108697346445526e-02,-5.025798146889263497e-03,-2.341458053495802660e-02,-8.930970460456515159e-02,-6.896704120005731076e-02,-1.224925284956955990e-01,-1.279838043524296753e-01,-1.937748813324329800e-01,-1.371868361861086349e-01,-8.629625028460356784e-02,7.222724385178163481e-03,3.304755342850499572e-02,-5.553846972937321463e-02,1.353440979039231482e-02
4.392313395333058978e-01,4.152117397152124134e-01,1.000000000000000000e+00,4.099897593062156731e-01,4.728020517250030030e-01,5.000681861809646023e-01,3.797948363065435928e-01,4.227152164922967081e-01,2.789212828731627569e-01,2.157672090857923608e-01,3.408880307182072800e-01,2.110473878023625960e-01,1.550569718731660551e-01,2.844105801508765574e-01,2.188472275020549584e-01,1.667103921484803519e-01,1.379829997317354451e-01,2.365307407704205778e-01,9.409258047346151510e-02,-8.606998906662446935e-02,-2.448392439109396135e-01,-9.546756188164938484e-02,-1.080689514371244164e-01,-2.333272048799574228e-01,-1.285585331423182431e-01,4.441836756378800960e-02,-1.176364748920311759e-01,-1.961205991324951603e-01,-2.443891713434118707e-01,-2.334795220698110130e-01,-2.040235397113219773e-01,-2.002854362633028906e-01,-2.175108648908437303e-01,-8.194803659168456433e-02,-1.295285263758463035e-01,-2.525184459806946793e-02,-3.126967787226557841e-03,1.030452237760567102e-01,1.025030691151961326e-01,1.152273620215394229e-01,1.580150273810889128e-01,8.611481269263740468e-02,-2.458826461705505752e-03,1.621669825144219923e-01,1.993221187462248245e-01,2.094478237090162398e-01,2.852408045864980868e-01,2.046898335063083441e-01,2.462189196127337887e-01,6.996609701735417852e-02,1.797573354433653625e-01,8.112771948841833447e-02,4.643176435884223408e-02,5.686029388463325479e-02,-3.206482639025484693e-02,-1.752409398533952278e-01,-1.108903256760617045e-01,-1.682085507415404246e-01,-2.232431912284116582e-01,-2.680702759971861915e-01,-1.576174646236672416e-01,-1.851720879438943090e-01,-5.639957971829528266e-02,-4.916807479515827167e-02,-1.391542343292803130e-01,-5.094783722815200006e-02
3.971360212814738500e-01,3.394304130927036645e-01,4.099897593062156731e-01,1.000000000000000000e+00,4.225402956671364674e-01,3.304916519437846589e-01,6.343573969528020218e-01,3.874427439633909565e-01,2.524542000872038172e-01,4.738012045919800519e-01,4.551779827197069972e-01,3.254195098696538446e-01,3.651353130317677720e-01,4.005525099966648628e-01,2.418051802866805211e-01,2.663791372581285621e-01,1.197362831569576402e-01,3.273930032937686918e-01,8.478614734255808527e-02,-1.280032740242915967e-01,-2.967328920000565362e-01,-2.108750088106629006e-01,-1.535812108394644382e-01,-3.094837953377048145e-01,-3.355563110436931007e-01,4.792330969567314136e-02,-2.002217428556928580e-01,-1.829287621077019810e-01,-3.488124984693837805e-01,-3.572260685048913587e-01,-1.935664038639092754e-01,-2.860632846310839916e-01,-4.041521065214693786e-01,-1.521530063373308927e-01,-2.706151548445822064e-01,-7.516543327639313432e-02,-1.533964595252412522e-01,9.502682498979447834e-02,2.142074004769045081e-01,2.519582063407960759e-01,2.250463348797035468e-01,1.441319297785170483e-01,3.665930622600390484e-03,1.924038292677632545e-01,2.516708639665974356e-01,2.636458869863969046e-01,4.269797257898757525e-01,3.410001056750860959e-01,3.738276871906501819e-01,2.739399863493487408e-01,2.461372809795732974e-01,2.985090388407309892e-01,2.104536587674333270e-01,9.397226548808493285e-02,-9.750675445897871718e-02,-3.146603599382312155e-01,-1.251669295789986647e-01,-3.135221198483703620e-01,-3.932615915349768621e-01,-3.883110195951255950e-01,-2.981485125160254213e-01,-3.501381139279911014e-01,-1.866889846395181352e-01,-8.579103937292380244e-02,-2.398197359050041333e-01,-1.310369374951075583e-01
2.990907374062045099e-01,4.310170904446125606e-01,4.728020517250030030e-01,4.225402956671364674e-01,1.000000000000000000e+00,3.410914966852294783e-01,3.367190694874202528e-01,4.868270328639314748e-01,1.050435357220796395e-01,1.069527503234077720e-01,3.469843401056622034e-01,8.796555947980098933e-02,9.234215457383328218e-02,3.264944988886041011e-01,2.029825809222932098e-01,2.184509045055548215e-01,1.541716693802224203e-01,2.128787886202668511e-01,1.403284856761950194e-01,-7.059448726867519584e-03,-2.030633293080941482e-01,-8.666664620491044968e-02,-3.693835778246017804e-02,-1.925138682898747122e-01,-1.410157778880109514e-01,-2.007130500011663349e-02,-1.651080136211922900e-01,-1.644289574910424989e-01,-2.784519908562587687e-01,-1.814157536912553992e-01,-1.475104747106068537e-01,-2.447339786775380166e-01,-1.951278771585499561e-01,-7.770111622205502777e-02,-1.562647049514526987e-01,3.269796162615749846e-02,-1.365949837024737178e-02,1.370006825799875150e-01,6.353400790755413252e-02,1.223263140882236977e-01,1.955201918474417100e-01,1.714303113609004503e-01,6.170219600351622286e-02,1.574385240854275503e-01,1.780503861227894502e-01,1.330002456876124284e-01,2.474083732943271052e-01,1.954459096870022061e-01,1.997583340248427763e-01,6.216170487705359460e-02,1.742881342399931477e-01,7.986940799406846980e-02,8.416565972556005332e-03,1.061386434443023150e-02,-2.295363403133501325e-03,-1.043420733169437842e-01,-1.150292928023782663e-01,-1.859628779902375573e-01,-1.864139260587045210e-01,-3.027672013885078228e-01,-1.561940994152630491e-01,-1.311848566495764090e-01,1.865913584314132789e-02,7.078708143184996027e-02,-8.550528404717505637e-02,-2.048467470608615615e-02
2.422643485052486667e-01,1.796945507010791476e-01,5.000681861809646023e-01,3.304916519437846589e-01,3.410914966852294783e-01,1.000000000000000000e+00,3.493073198864555251e-01,5.638550830405717473e-01,5.479976885395068109e-01,1.777027358784884492e-01,3.473213039773746513e-01,2.487847249467781408e-01,3.604458900434949487e-02,2.629011787714843895e-01,3.267226718418369535e-01,2.234931126660634204e-01,2.377093962996975618e-01,3.138113160169429539e-01,1.776077141715482477e-01,-4.994294294874175588e-02,-2.963326274718829367e-01,-6.023359177657759689e-02,-9.107482203643187113e-02,-2.520143679248708635e-01,-1.337588546020007096e-01,4.329386343450594699e-02,-1.418335244009249207e-01,-2.494055900912653667e-01,-2.724894708002990051e-01,-2.337206128758952672e-01,-2.422559040810350062e-01,-2.402097911483064285e-01,-2.065496129596546271e-01,-7.705475117768222082e-02,-1.533083038337405279e-01,-1.339866580706381045e-02,9.932117520251873555e-03,1.293928754366687472e-01,1.017281338441845817e-01,9.877317962666432027e-02,1.541370035994310272e-01,1.336719769506229671e-01,-3.970767750152232739e-02,2.573103971990678973e-01,2.259321749933910217e-01,2.571626230516497191e-01,3.175032811831128843e-01,1.402760285421593145e-01,2.700851974573728054e-01,-2.891263586017833037e-02,8.916916114671495641e-02,-4.168960270621523655e-03,4.491412560196646891e-02,8.623978706986101805e-02,3.154489059348059010e-02,-1.615282437670678417e-01,-1.886691047959453693e-01,-9.857793786291170479e-02,-1.717750795423089172e-01,-2.312332363688121284e-01,-9.018357280294722611e-03,-1.701957013260628204e-01,-3.350442150772203753e-02,-1.542004273990637553e-01,-1.815068744854657912e-01,-5.155948485930039737e-02
3.156020531293046716e-01,2.336943438646623405e-01,3.797948363065435928e-01,6.343573969528020218e-01,3.367190694874202528e-01,3.493073198864555251e-01,1.000000000000000000e+00,4.975919513255819826e-01,3.645883581692933029e-01,7.262809069223824521e-01,6.359538127749874148e-01,5.123559437562972274e-01,5.596202279197498575e-01,5.307594283847185679e-01,3.361569056089360741e-01,3.303094000078043435e-01,1.013777782801699306e-01,4.680265939717698775e-01,3.430640634362576435e-02,-2.829358231309231364e-01,-4.387925569520624847e-01,-2.945989947265270081e-01,-3.183192311785031925e-01,-4.527221170147534002e-01,-4.187103938794290992e-01,1.688624488364054987e-01,-1.575775391179439489e-01,-2.700595934407197252e-01,-4.287514344078828255e-01,-5.383264612906807356e-01,-2.940966152880373219e-01,-2.994589426686229960e-01,-5.565567631218403255e-01,-2.782066603211493794e-01,-2.764584798247171071e-01,-1.761499194022171089e-01,-1.718176052921881192e-01,1.921752669105076528e-01,3.350340747561358912e-01,3.321587558975682697e-01,2.330849970730025089e-01,1.056169285364530752e-01,5.899984113161080290e-02,3.098588251756860812e-01,3.893628894928862216e-01,3.963330316868434178e-01,5.950706261859531887e-01,4.877898483039974642e-01,5.493865809575630976e-01,3.809997725532729418e-01,3.790558795543377824e-01,4.110615338187049161e-01,2.153239048317321658e-01,1.401910360619212093e-01,-1.879662420181845983e-01,-4.891029761282029154e-01,-1.780237274465944486e-01,-4.181751368809576430e-01,-5.839815453254808553e-01,-5.381532766958321279e-01,-4.067978955734265489e-01,-5.249051887363768154e-01,-2.923619625051758208e-01,-8.368287768808155280e-02,-2.788774496386999258e-01,-2.320209240504766679e-01
2.601410351465606174e-01,2.509748535606804443e-01,4.227152164922967081e-01,3.874427439633909565e-01,4.868270328639314748e-01,5.638550830405717473e-01,4.975919513255819826e-01,1.000000000000000000e+00,3.957837501841156014e-01,1.254950529670738057e-01,5.781519429269982302e-01,2.016796441352757263e-01,9.016736936957150950e-02,5.220646093350888028e-01,3.794342020841313112e-01,3.830748496626045219e-01,2.436766305317569214e-01,3.974983478602196474e-01,2.499571535324074945e-01,-3.207696073147076055e-02,-4.035155798411134698e-01,-1.799308282682574867e-01,-6.401632711119523145e-02,-2.168181471940271721e-01,-3.078954060902568957e-01,-1.176304453641174169e-01,-2.370559471395347617e-01,-1.352637053839642611e-01,-3.601316181912617709e-01,-2.418934515962335996e-01,-1.234315198371576661e-01,-3.182908393598825048e-01,-3.005117848316457008e-01,-1.159619971334534955e-01,-2.497909316055370588e-01,-6.327308495432248936e-02,-5.784162285058178782e-02,1.348385397918329953e-01,8.319736072270461635e-02,1.757086063724078162e-01,3.295960095520418798e-01,2.636394411636472923e-01,8.034809149749554125e-02,2.796342095259950478e-01,2.921376716182262911e-01,3.409070135689015180e-01,3.448397324731216074e-01,2.741503030958145071e-01,3.343218532203415805e-01,-2.409093386603105777e-02,2.153562108439243117e-01,-3.537010881807108389e-03,2.980015571877438554e-02,1.434023969368905527e-01,1.809855756020469983e-02,-2.139891928753084038e-01,-3.250662802101745852e-01,-3.074005424116509344e-01,-2.524893880144410407e-01,-4.494260334958490311e-01,-1.610589058984877031e-01,-2.019730895222074385e-01,1.026576052214594748e-01,8.078902886071441525e-02,-1.596141777951393947e-01,4.911020032475442443e-02
1.418103682010555810e-01,5.676321743724768720e-02,2.789212828731627569e-01,2.524542000872038172e-01,1.050435357220796395e-01,5.479976885395068109e-01,3.645883581692933029e-01,3.957837501841156014e-01,1.000000000000000000e+00,3.860275600630884707e-01,3.079866012584358548e-01,5.391853178112726575e-01,7.586795475741130168e-02,1.673536576616587723e-01,5.191710850449153813e-01,2.663640153062141191e-01,3.751152547063328901e-01,4.289413339636121703e-01,1.814117875891496923e-01,-6.349163749187414219e-02,-2.491878733287325176e-01,4.983862849551325136e-02,-9.595929937813638122e-02,-3.806049690033002086e-01,-2.196766129309080939e-01,1.545614423715898633e-01,-2.577280215496513538e-01,-3.998013326996661121e-01,-4.004894903691956221e-01,-2.813223930213613055e-01,-4.035769920456289128e-01,-3.803524910115076985e-01,-2.907887819187990330e-01,-2.663675840404615691e-01,-3.028072985901764658e-01,-1.396105728774595101e-01,-1.639291126199348969e-01,1.314032438482171106e-01,2.453853094467861318e-01,1.313574814805352764e-01,1.829126143444686492e-01,1.417219405215523198e-01,-3.495111459455461922e-02,2.523712684796649564e-01,1.653698088046919590e-01,2.818745236532384513e-01,3.649381485335194131e-01,1.460259604957697965e-01,3.695431170225339512e-01,9.377482077335481947e-02,7.137851947133805330e-02,1.891983063150554367e-01,2.860418347737519462e-01,2.256999950577870673e-01,6.385471729119929218e-02,-2.872890268441483652e-01,-2.750157831121788354e-01,-8.630412490872537562e-03,-1.959277152622412310e-01,-3.072507159651722275e-01,4.620602200835650930e-02,-2.752652557630491104e-01,-2.153988296621372478e-01,-3.674497368237879535e-01,-3.619277386520285411e-01,-1.673143157644076395e-01
2.055031147299696548e-01,1.050663261744045063e-01,2.157672090857923608e-01,4.738012045919800519e-01,1.069527503234077720e-01,1.777027358784884492e-01,7.262809069223824521e-01,1.254950529670738057e-01,3.860275600630884707e-01,1.000000000000000000e+00,4.543330527948459263e-01,6.569027974830393690e-01,6.463572628948430765e-01,3.261244362291518817e-01,2.949718700094633994e-01,1.936247134909806211e-01,7.041699093234329854e-02,4.151475858701814681e-01,-6.477701200707874918e-02,-3.099342555572721092e-01,-3.045927714385049390e-01,-1.781254384213515618e-01,-3.449198351925544248e-01,-5.034299405072321099e-01,-3.361712935307266115e-01,3.234915863180888307e-01,-1.038850143437706902e-01,-3.482688898144726264e-01,-3.722444642147345606e-01,-5.394597760012538323e-01,-3.879294793042878942e-01,-2.444116442478746487e-01,-5.220317125688737070e-01,-3.042239853247531434e-01,-2.333588974870140775e-01,-2.073953062429651495e-01,-1.998719967382569240e-01,1.449135092522458312e-01,4.029460919807946739e-01,2.925675687079766218e-01,7.102025597580272076e-02,-6.119115431618051687e-02,-4.310623182966073774e-02,2.146171669852343089e-01,2.970489745580585095e-01,3.544734825461932637e-01,5.726635107304268724e-01,4.301816803504548981e-01,5.317743021270476822e-01,4.664695490690647928e-01,3.262903293280221551e-01,5.514107826267801160e-01,3.380607420635703408e-01,1.640492213933685550e-01,-1.926612389156405758e-01,-5.174105918046351116e-01,-5.569982546909847676e-02,-2.806908883248878106e-01,-5.784072245753502095e-01,-4.297278174296046971e-01,-3.619786760861518626e-01,-5.689331704133083756e-01,-4.856069004581662352e-01,-2.906230412827908727e-01,-3.450450623054426291e-01,-3.460284644391348197e-01
2.639521528025441377e-01,2.138525758691446066e-01,3.408880307182072800e-01,4.551779827197069972e-01,3.469843401056622034e-01,3.473213039773746513e-01,6.359538127749874148e-01,5.781519429269982302e-01,3.079866012584358548e-01,4.543330527948459263e-01,1.000000000000000000e+00,4.500128471632535709e-01,4.694529061143004611e-01,8.136221793913388511e-01,4.843517563004379745e-01,5.048437977250296305e-01,2.920935444425699634e-01,6.004410097926269341e-01,2.679167199512236253e-01,-1.597714455170153036e-01,-6.053983811048924135e-01,-3.063950110236358659e-01,-1.972586468022658468e-01,-4.086522302329462786e-01,-5.158984626472943313e-01,-5.052112693734808757e-02,-3.009749307877291336e-01,-1.667453205303725816e-01,-5.124785116430196075e-01,-4.974553254923201884e-01,-1.461583771253092690e-01,-3.784573561194443658e-01,-5.299183534065028400e-01,-2.220773236488580715e-01,-3.958929678428298460e-01,-1.878454572041843018e-01,-1.975462695330652829e-01,7.031172205989358326e-02,1.298674175654956908e-01,2.707384548905868993e-01,3.179418379700704733e-01,2.349427525391783733e-01,9.155134707616219281e-02,4.026369371728936719e-01,4.547024974781844198e-01,4.830817990768437875e-01,5.648018695562156966e-01,5.162563495575785977e-01,5.390709897563367159e-01,2.192796571310564602e-01,4.259792928599579476e-01,2.894611802440690829e-01,1.943203054839371391e-01,2.476790195138793838e-01,-1.057212582535851791e-01,-4.926404071134686258e-01,-3.419508698977430927e-01,-5.640319092584166194e-01,-6.107241105959226868e-01,-7.107518521974195425e-01,-3.820617087571713810e-01,-5.057572733714775781e-01,-8.584016047518475134e-02,4.079185676214583389e-02,-3.101586857630702632e-01,-1.022850136502495150e-01
1.479516309795771978e-01,7.019447447626654679e-02,2.110473878023625960e-01,3.254195098696538446e-01,8.796555947980098933e-02,2.487847249467781408e-01,5.123559437562972274e-01,2.016796441352757263e-01,5.391853178112726575e-01,6.569027974830393690e-01,4.500128471632535709e-01,1.000000000000000000e+00,4.413489331092430579e-01,2.158822639876040450e-01,6.398759237334438188e-01,2.434414908829277968e-01,2.931221771932954190e-01,5.023170929002400698e-01,2.438220081424648938e-02,-1.997920203423284857e-01,-2.441493949464413893e-01,9.740759776825171122e-04,-2.083839077034871923e-01,-5.152910794497217450e-01,-3.494351706498677324e-01,2.451216086514691750e-01,-3.015869458909715695e-01,-4.196376480020587718e-01,-4.814829822819021721e-01,-4.055042629620844719e-01,-4.178048021026427583e-01,-4.381979178547953380e-01,-3.826776329696714996e-01,-2.890221290914655183e-01,-3.934455370801911989e-01,-1.548437157962917476e-01,-2.014028913180813396e-01,1.865211120848060677e-01,3.796995966479739248e-01,2.188329205818989320e-01,8.255453978701363105e-02,-7.893932395735500651e-02,-6.424930252688991483e-02,3.323089254791558589e-01,3.077771629587836566e-01,3.788108585636023595e-01,4.641534412472356763e-01,3.566987319088287811e-01,4.143834292061209790e-01,2.765725605110768703e-01,1.235418187574973820e-01,3.956281338137753179e-01,5.011566301837595550e-01,2.711608104004902819e-01,-8.590325165612484881e-02,-5.255216447953346970e-01,-2.798022730327930918e-01,-9.990364877869539750e-02,-4.152029687357381427e-01,-4.042226108110582028e-01,-2.302973344175074100e-01,-5.152779312698126946e-01,-3.667597504692468036e-01,-4.389195851838596507e-01,-4.696000962492645203e-01,-2.008182034742828359e-01
1.652078761296885967e-01,9.482324447351335450e-02,1.550569718731660551e-01,3.651353130317677720e-01,9.234215457383328218e-02,3.604458900434949487e-02,5.596202279197498575e-01,9.016736936957150950e-02,7.586795475741130168e-02,6.463572628948430765e-01,4.694529061143004611e-01,4.413489331092430579e-01,1.000000000000000000e+00,4.341138193932140288e-01,6.497493442563744004e-02,2.659723060035810716e-01,-1.668420236518310118e-01,3.793109082953786126e-01,-8.062885907224989768e-02,-2.662801308204677531e-01,-2.678819657868937720e-01,-2.561793430335899679e-01,-2.944510101463580498e-01,-3.100310619620259556e-01,-3.043621543560534048e-01,2.454958028904285217e-01,1.279448747646270979e-02,-1.547812279098944865e-01,-2.791231867554748169e-01,-5.187739729589601057e-01,-2.247300357103693136e-01,-1.301943399975144244e-01,-5.100336828885919660e-01,-2.890008195840262917e-01,-1.997082014887236745e-01,-2.499086827673656086e-01,-1.810809747071281672e-01,1.305136460260669373e-01,3.817809609044177099e-01,3.547122008774600266e-01,-2.796626217078591187e-02,-1.907557200993632573e-01,-1.108549119964982732e-02,1.510861474986268382e-01,3.291352588445075611e-01,3.745403630125833661e-01,4.947773444146707500e-01,4.792742056554893937e-01,4.929976644809017094e-01,5.541814721659721332e-01,4.036007206749802068e-01,5.922177227529337173e-01,1.875584399458492812e-01,1.085266192039103100e-01,-3.375447620143563476e-01,-5.887817272485417197e-01,-1.751286576923049773e-02,-4.903759919281530100e-01,-6.158863810236253622e-01,-4.188441575523028648e-01,-4.037440042387566153e-01,-4.808616752839177111e-01,-3.589077220642681865e-01,-8.544579035885026264e-02,-1.387798638643460425e-01,-2.936958539418688674e-01
2.420584151594299405e-01,1.999196895202825786e-01,2.844105801508765574e-01,4.005525099966648628e-01,3.264944988886041011e-01,2.629011787714843895e-01,5.307594283847185679e-01,5.220646093350888028e-01,1.673536576616587723e-01,3.261244362291518817e-01,8.136221793913388511e-01,2.158822639876040450e-01,4.341138193932140288e-01,1.000000000000000000e+00,3.514685647906739541e-01,5.681728697848289489e-01,2.469963184600719175e-01,5.504935999844805528e-01,3.241359760686353675e-01,-8.213948233534146270e-02,-6.027762398677990463e-01,-3.588936098196051638e-01,-1.207631604981777712e-01,-2.728523203493167792e-01,-4.935562647173711293e-01,-1.624966795723249147e-01,-2.760258957971698512e-01,-5.389006095350649950e-02,-4.530488138497303918e-01,-4.467156784718588902e-01,-3.015232643656273748e-02,-2.973053664667593132e-01,-5.065807215615588666e-01,-1.847826629502149487e-01,-3.375680033128468094e-01,-1.875369379427105354e-01,-1.972867770816083832e-01,-1.338451763749521836e-02,1.961939842123042177e-02,2.778676929984564281e-01,3.542803587176944768e-01,2.795575312194237827e-01,1.122562917684628570e-01,3.140480010575372738e-01,4.318340754795720882e-01,4.452679931074131625e-01,4.854951529913184571e-01,5.162127739083667288e-01,4.915839300039693827e-01,1.985254180932599366e-01,4.550535259574469138e-01,2.529411316654248121e-01,7.438021051686868890e-02,2.279437710117117877e-01,-9.425573185643340568e-02,-4.172961945189098132e-01,-3.027566273387485296e-01,-6.757888029803085228e-01,-5.696284746443103231e-01,-7.090606943629497172e-01,-3.544571846638958634e-01,-3.892171857834061388e-01,1.407049214724232292e-02,1.834960115901015376e-01,-1.956577155811003443e-01,-6.598152531959804168e-02
1.472015929732766737e-01,1.131280180490621678e-01,2.188472275020549584e-01,2.418051802866805211e-01,2.029825809222932098e-01,3.267226718418369535e-01,3.361569056089360741e-01,3.794342020841313112e-01,5.191710850449153813e-01,2.949718700094633994e-01,4.843517563004379745e-01,6.398759237334438188e-01,6.497493442563744004e-02,3.514685647906739541e-01,1.000000000000000000e+00,5.334145349107247691e-01,6.293695316983580756e-01,6.220239463052505968e-01,3.717768293103055899e-01,7.712644081724338851e-02,-3.499475771500440979e-01,1.014059828812806548e-02,6.026632937989687827e-02,-3.550023814793468735e-01,-4.162433129080169714e-01,-1.087422060192071160e-01,-5.382833956471514414e-01,-3.044315927427754254e-01,-5.710779041430640302e-01,-2.738290585613619710e-01,-2.540599579040509481e-01,-5.426419358655376612e-01,-2.941850196021928987e-01,-3.060779257723881264e-01,-5.081514468618292257e-01,-1.393522216400094327e-01,-2.156663880099363440e-01,1.165738171995116812e-01,1.217762791460996891e-01,1.439589408239051738e-01,3.030028203725548819e-01,1.601543196585846207e-01,-7.283143817129682229e-03,4.181547224908858107e-01,4.162249006292764730e-01,4.332432652083337277e-01,2.829476335099779805e-01,3.369681182875017278e-01,2.901248238898281873e-01,-1.688657405774331545e-03,9.192939089164586797e-02,6.103225989337974361e-02,3.721696302263525213e-01,4.049756059489245663e-01,8.513085606719647536e-02,-4.101911926961552268e-01,-6.043996454652048600e-01,-1.903227604337498768e-01,-1.986468030192616308e-01,-5.223595273764288782e-01,-3.244101750760700759e-02,-2.856094064408834510e-01,1.962869962062990803e-02,-2.113833596322961805e-01,-3.882247326678048838e-01,5.706246123948986726e-02
1.555236920327967565e-01,1.253559683312080175e-01,1.667103921484803519e-01,2.663791372581285621e-01,2.184509045055548215e-01,2.234931126660634204e-01,3.303094000078043435e-01,3.830748496626045219e-01,2.663640153062141191e-01,1.936247134909806211e-01,5.048437977250296305e-01,2.434414908829277968e-01,2.659723060035810716e-01,5.681728697848289489e-01,5.334145349107247691e-01,1.000000000000000000e+00,3.839127720049893555e-01,6.998368302054397416e-01,5.269711902450721075e-01,2.154542029059559050e-01,-3.833087727480148366e-01,-1.538781806510725048e-01,1.982696579388764369e-01,-7.111508787932582787e-02,-4.466110501613809736e-01,-2.266964249861724290e-01,-4.321936074911626458e-01,-1.285756962762063804e-01,-5.358973639197522898e-01,-3.784420058435333800e-01,-1.396506188213102184e-01,-4.265331240212116293e-01,-4.531197525695345174e-01,-4.182255799640784422e-01,-4.535552859259143754e-01,-3.382375645055787361e-01,-2.918356677338211913e-01,1.955933416707768616e-02,9.563396143244543013e-02,2.751628732496149143e-01,3.528936776295157896e-01,1.552634416768208514e-01,-3.072634809218904211e-05,2.792628406240188488e-01,4.989472411597364876e-01,5.322006804799304103e-01,2.780472383217683086e-01,4.387809373125490797e-01,3.982267572539832656e-01,1.882448555295432868e-01,3.071012281645636444e-01,1.614411260526208147e-01,6.760941316874663487e-02,3.437309592665681035e-01,-8.254667241938640210e-02,-4.398546270328228536e-01,-5.915745905673388538e-01,-5.629894786774378712e-01,-2.018848445025674121e-01,-5.576567984556137780e-01,-1.277370161737149826e-03,-1.177186273928326199e-01,1.685275063902637593e-01,9.635162845037618939e-02,-5.259159668579610480e-02,4.987779633613508012e-02
6.390663938006113654e-02,6.813017104433168047e-02,1.379829997317354451e-01,1.197362831569576402e-01,1.541716693802224203e-01,2.377093962996975618e-01,1.013777782801699306e-01,2.436766305317569214e-01,3.751152547063328901e-01,7.041699093234329854e-02,2.920935444425699634e-01,2.931221771932954190e-01,-1.668420236518310118e-01,2.469963184600719175e-01,6.293695316983580756e-01,3.839127720049893555e-01,1.000000000000000000e+00,4.348938001431562062e-01,6.112986245144320652e-01,3.789171297362756152e-01,-2.287095857546041500e-01,2.454255780526304886e-01,2.854258398591473234e-01,-2.161942108999609369e-01,-2.265388762667746581e-01,-2.162278918620406387e-01,-4.980572718133678967e-01,-2.202175557162738551e-01,-4.515789087746595043e-01,-1.024389137835275548e-01,-1.704494921262940388e-01,-4.315872664052408658e-01,-1.356133257470519271e-01,-1.357853244082011523e-01,-3.885996872853264561e-01,-1.033706332611855350e-01,-2.621855266646225813e-01,-1.956298361784939155e-01,-1.507876470002844083e-01,-1.329613953657113323e-01,1.980411166844786020e-01,1.530949796719752454e-01,-1.995197382121925433e-01,1.312856802040839321e-01,1.055983523235214383e-01,2.833757070092160490e-01,1.691801784980500045e-01,5.825652217695587165e-02,2.197765074096794391e-01,-1.424035565261151659e-01,6.560277619059928789e-02,3.963442195003956739e-03,2.853195781974205980e-01,4.588810740556151790e-01,3.896445637280958607e-01,-1.108361154595551984e-01,-3.378365001564019310e-01,-6.777482009487428849e-02,-9.240534633187745539e-02,-3.361059586899892149e-01,2.179432635408896923e-01,-9.492858347638234717e-02,-2.683004399459082770e-02,-2.411356309391292918e-01,-3.437379095666879270e-01,-4.155832117685378385e-02
1.766314769160418074e-01,1.332873282116877889e-01,2.365307407704205778e-01,3.273930032937686918e-01,2.128787886202668511e-01,3.138113160169429539e-01,4.680265939717698775e-01,3.974983478602196474e-01,4.289413339636121703e-01,4.151475858701814681e-01,6.004410097926269341e-01,5.023170929002400698e-01,3.793109082953786126e-01,5.504935999844805528e-01,6.220239463052505968e-01,6.998368302054397416e-01,4.348938001431562062e-01,1.000000000000000000e+00,4.650249524319958749e-01,6.314358723544512449e-03,-5.222345142772230053e-01,-8.170591154332676465e-02,-1.692792318754948386e-02,-3.453129669557431503e-01,-4.369380144710722225e-01,3.821758398558278147e-02,-3.678528233743157405e-01,-2.907361671890654753e-01,-5.734012384707219967e-01,-5.438857251849242846e-01,-2.922212968573275615e-01,-4.293397218139581861e-01,-5.529849743763609604e-01,-4.504773175815686148e-01,-5.068526441224093793e-01,-3.602467437593235289e-01,-3.145774885579269986e-01,7.589434830830243950e-02,1.911936629300250434e-01,2.765117924358389545e-01,2.396986453098454428e-01,9.585963322630582095e-02,-1.908673077410559180e-02,3.235065424814609902e-01,4.738669822864797210e-01,5.747077205736161876e-01,4.487375441954362110e-01,4.596828956791003118e-01,5.306186016827365570e-01,2.770810157223708159e-01,3.682816526227025711e-01,3.060729873805091428e-01,1.887312319739691824e-01,3.999036494719422907e-01,-7.722793458230650665e-02,-6.068048265317589340e-01,-5.200765032616642136e-01,-4.655738806977249289e-01,-4.249361400524971910e-01,-6.005981212614235343e-01,-2.238887581480068431e-02,-3.434439077511799443e-01,-1.027588541756696561e-01,-1.269705548704182230e-01,-2.929798420858449326e-01,-1.270421160742562228e-01
6.593806940772750647e-02,7.111719829841831042e-02,9.409258047346151510e-02,8.478614734255808527e-02,1.403284856761950194e-01,1.776077141715482477e-01,3.430640634362576435e-02,2.499571535324074945e-01,1.814117875891496923e-01,-6.477701200707874918e-02,2.679167199512236253e-01,2.438220081424648938e-02,-8.062885907224989768e-02,3.241359760686353675e-01,3.717768293103055899e-01,5.269711902450721075e-01,6.112986245144320652e-01,4.650249524319958749e-01,1.000000000000000000e+00,5.795765102125840507e-01,-2.695229725579048052e-01,2.808127636510411862e-01,4.722248363252503078e-01,3.246282886656971095e-02,-1.613912148638469157e-01,-3.038982528059923083e-01,-4.539297788425419311e-01,-7.962161908032881763e-02,-3.933189526799595881e-01,-8.283060171868462940e-02,-6.583987755522578700e-02,-3.460377702143989653e-01,-1.447838472735973325e-01,-1.782539461026193539e-01,-3.330913565613554117e-01,-2.424888543220446446e-01,-2.260590789256964050e-01,-2.483131368275785233e-01,-2.238518436655925758e-01,-1.924517218768229121e-01,8.087266808081673697e-02,7.413009002950614323e-02,-2.490068821830765389e-01,-2.245895532210857512e-02,9.678708490962689703e-02,3.816312031515289305e-01,9.298259993637623955e-02,1.913411500488595290e-02,2.708022234988663457e-01,-8.001216335127012136e-02,2.474244565695411235e-01,-8.446987457782838965e-03,1.399096910738851715e-02,4.165888054902832649e-01,2.567205301962256492e-01,-9.799577852508674358e-02,-3.232494992687118263e-01,-2.618659277840567623e-01,-2.277606607246175988e-02,-3.071215653909230014e-01,2.916134374582816657e-01,1.062740860917624625e-01,2.155317983711192154e-01,1.978120291595573954e-02,-6.860166545538257110e-02,7.992346724096406618e-02
-6.063874457978955801e-02,-2.090508905557717304e-02,-8.606998906662446935e-02,-1.280032740242915967e-01,-7.059448726867519584e-03,-4.994294294874175588e-02,-2.829358231309231364e-01,-3.207696073147076055e-02,-6.349163749187414219e-02,-3.099342555572721092e-01,-1.597714455170153036e-01,-1.997920203423284857e-01,-2.662801308204677531e-01,-8.213948233534146270e-02,7.712644081724338851e-02,2.154542029059559050e-01,3.789171297362756152e-01,6.314358723544512449e-03,5.795765102125840507e-01,1.000000000000000000e+00,3.974538629409289370e-01,4.206524930946740626e-01,7.508053412126126647e-01,4.378349041833602406e-01,9.855874828460454984e-02,-4.221761793858718192e-01,-3.697500975134254131e-01,8.595678832344522124e-02,-1.087997537266875564e-01,3.065659870098839113e-01,7.991400573521745265e-02,-1.924022947751769519e-01,2.179953205597796040e-01,4.659500548956247573e-02,-1.144935331628750413e-01,-1.286562870562960254e-03,-1.198145133537004414e-01,-2.724103198697718775e-01,-2.589384849554104973e-01,-2.773507134387348527e-01,-6.991937863379477092e-02,-1.529066084229094014e-01,-3.313961774803989013e-01,-2.237731627172145910e-01,-1.133206478290256225e-01,7.734792656563993507e-02,-2.781957361821896790e-01,-2.114972490059259524e-01,-1.880763245533425831e-01,-2.666377755408754768e-01,-1.680567724186919631e-01,-1.898358202934457284e-01,-5.442801126635343420e-03,2.614521665663679384e-01,3.362788239277141877e-01,1.674981469068780870e-01,-1.261573841546587693e-01,-2.774662376232615163e-02,4.108608533498911419e-01,1.006449200022764001e-01,4.161544074818320782e-01,4.623532727942640808e-01,3.104790366786634448e-01,-5.321267440856780606e-02,1.591196846806151033e-01,2.106645309911412411e-01
-1.760788487862389728e-01,-1.290939938926446429e-01,-2.448392439109396135e-01,-2.967328920000565362e-01,-2.030633293080941482e-01,-2.963326274718829367e-01,-4.387925569520624847e-01,-4.035155798411134698e-01,-2.491878733287325176e-01,-3.045927714385049390e-01,-6.053983811048924135e-01,-2.441493949464413893e-01,-2.678819657868937720e-01,-6.027762398677990463e-01,-3.499475771500440979e-01,-3.833087727480148366e-01,-2.287095857546041500e-01,-5.222345142772230053e-01,-2.695229725579048052e-01,3.974538629409289370e-01,1.000000000000000000e+00,4.287813364051454856e-01,4.076195006435761048e-01,4.875685519617981578e-01,4.064140805449467653e-01,-2.883556614935681509e-02,7.928145133522376820e-02,9.642268933556089050e-02,2.981497886260597863e-01,4.910110642024254624e-01,7.948819666763591585e-02,1.289808109693338922e-01,4.561839888637376772e-01,1.960898388892757249e-01,2.248702871356301480e-01,2.104462941296659506e-01,8.533360984635271484e-02,-4.219272326471022738e-02,-1.329310508751040815e-02,-1.917309419513724689e-01,-3.135104264115284312e-01,-3.228835004973747425e-01,-1.348332281412746303e-01,-3.410331709557050117e-01,-3.800592722747531127e-01,-3.550301985422355533e-01,-4.603327603469729579e-01,-4.089844121101819385e-01,-5.025057289699133012e-01,-1.904978290647096895e-01,-4.623385833872861728e-01,-1.659334365262434274e-01,-1.581133511666965238e-02,-1.235365166406572346e-01,1.041052777731866358e-01,3.402257890650475236e-01,2.543310402077647026e-01,4.122502679173050133e-01,5.893358992377719652e-01,5.410946271905595628e-01,3.108377437397206178e-01,4.727712296603339692e-01,7.144272119054795311e-02,-1.641716105517616597e-01,2.329716340415332321e-01,9.990731913494374505e-02
-1.166337201828564624e-01,-6.908608679074995651e-02,-9.546756188164938484e-02,-2.108750088106629006e-01,-8.666664620491044968e-02,-6.023359177657759689e-02,-2.945989947265270081e-01,-1.799308282682574867e-01,4.983862849551325136e-02,-1.781254384213515618e-01,-3.063950110236358659e-01,9.740759776825171122e-04,-2.561793430335899679e-01,-3.588936098196051638e-01,1.014059828812806548e-02,-1.538781806510725048e-01,2.454255780526304886e-01,-8.170591154332676465e-02,2.808127636510411862e-01,4.206524930946740626e-01,4.287813364051454856e-01,1.000000000000000000e+00,4.447957684590086447e-01,1.032642615956375493e-01,3.527813920497011591e-01,9.133591896861162351e-02,-1.639118405444049409e-01,-1.988527150019573364e-01,-7.320271513225574955e-02,2.668682907599653209e-01,-1.673219386481926974e-01,-1.550298138095397571e-01,2.439811822134847485e-01,2.054185251384066380e-02,-7.613537112605424199e-03,-3.192155137788408453e-02,-5.322859979681664883e-02,-1.600721558135601574e-01,-1.109984476804024567e-01,-4.003626048655126168e-01,-3.569594525067288360e-01,-2.588866019497674809e-01,-2.243254127236059547e-01,-2.801822613657719563e-01,-3.968464146236075352e-01,-4.710814993213253282e-02,-1.840090167610260175e-01,-4.334834247123889317e-01,-9.820269322757016472e-02,-1.341249581353966547e-01,-1.378237416045245411e-01,-2.860878281394955286e-02,5.595622555963609968e-02,1.508140959040286111e-01,2.387137062029110190e-01,2.185036204136384108e-01,8.274365127201505077e-02,4.359542940164746749e-01,3.300188614787156194e-01,2.714649038884703325e-01,4.806828689973445812e-01,2.610472936091860485e-01,-4.408947035612574561e-02,-2.624229281311897255e-01,-8.857066530834764584e-02,-5.715155606810336936e-02
-7.719279084339250585e-02,-3.157394164358367367e-02,-1.080689514371244164e-01,-1.535812108394644382e-01,-3.693835778246017804e-02,-9.107482203643187113e-02,-3.183192311785031925e-01,-6.401632711119523145e-02,-9.595929937813638122e-02,-3.449198351925544248e-01,-1.972586468022658468e-01,-2.083839077034871923e-01,-2.944510101463580498e-01,-1.207631604981777712e-01,6.026632937989687827e-02,1.982696579388764369e-01,2.854258398591473234e-01,-1.692792318754948386e-02,4.722248363252503078e-01,7.508053412126126647e-01,4.076195006435761048e-01,4.447957684590086447e-01,1.000000000000000000e+00,5.341321233472675623e-01,2.478673816898755919e-02,-4.273295512404367558e-01,-4.340910576484754424e-01,1.145225430783795573e-01,-1.219017664157557579e-01,3.230389987170876887e-01,1.100003434800675556e-01,-2.167759302898839835e-01,2.145870250909759080e-01,4.624280102771363005e-02,-9.642253292848518287e-02,1.617298573104198472e-02,-9.073040270064228197e-02,-1.968720590782684077e-01,-1.989937502146580384e-01,-2.440230475009460553e-01,-6.600708740609829983e-02,-1.208128426067739264e-01,-2.257504520525444036e-01,-1.895405043870484474e-01,-1.453551047487707526e-01,3.482442512376919541e-02,-3.145767213180724053e-01,-2.317103523322761871e-01,-2.210369734692798627e-01,-2.438744961286576363e-01,-1.780473928122258132e-01,-2.161583212754145944e-01,-1.550679939065263864e-02,2.180323190091958963e-01,2.492688068983661409e-01,1.680196831355313114e-01,-1.705513039194758440e-01,1.140161176638814118e-02,4.307545327366193444e-01,1.356782019996134181e-01,3.849473413566241731e-01,4.636257390328274997e-01,3.645759061649071486e-01,4.890378714053070057e-03,1.646719964565844796e-01,2.716081917333523221e-01
