1.000000000000000000e+00,4.909734989750624279e-01,3.782206254856851357e-01,2.869932092965000181e-01,2.231274146038995931e-01,1.113633438684753091e-01,6.504174340636922902e-02,4.342912306229189390e-02,5.330513823349831287e-02,-6.054523585249620274e-04,-2.741820791421168552e-02,1.373752928769047046e-02,1.283928380411885478e-02,1.414102302305107577e-02,1.248588104495265000e-02,1.020263221452942515e-02,1.187044179885796830e-02,1.599190171519486794e-02,5.668796236886733571e-03,3.038328856065708634e-03,-1.019434084425252865e-02,-3.803188170211819780e-04,-4.025740811656731283e-02,-1.876640466752754408e-02,-3.330734622452836274e-02,-1.936068461168945556e-02,-3.040262507284587426e-02,-3.284096525501671929e-03,-1.135600638473290881e-02,-2.837110829533951231e-02,1.279044739590007827e-02,9.216462434876403903e-03,2.071470521185849248e-02,3.398083742527178725e-03,2.270373156888939523e-02,8.475161555730893748e-03,2.547652476482374249e-04,5.462886068593347279e-04,9.905266190589524442e-03,-1.305424790262565971e-02,-9.338695030535804076e-03,4.363253137077804066e-03,-1.446953745416399741e-02,-3.145901234995496926e-02,1.477559868207435666e-03,-1.018021653698288412e-02,-1.831748003666310021e-02,-1.099680145563060318e-02,-8.952123841809010718e-03,-1.592456557839017767e-02,-3.463340473731937180e-02,-1.591857427480489542e-02,1.538672433136314965e-02,-1.099325928644643430e-02,-2.356663657273512166e-02,-1.496120712649385068e-04,-4.562503075965741381e-03,1.503341007391876746e-02,2.115282691907110005e-02,-2.045729127047243856e-02,1.222521651771018777e-02,1.252817081462153335e-02,2.997447233434374220e-02,1.760034714410566026e-02,1.965308057148712484e-02,-2.479479397516252698e-03,1.666139900020075990e-02,1.523780892796803774e-02,6.000448106005837161e-03,-1.114927006802139730e-04,-1.966770715049926017e-03
4.909734989750624279e-01,1.000000000000000000e+00,3.743414385346625628e-01,3.359049779933686031e-01,2.812526595827944953e-01,1.320946127800274594e-01,1.187025208601126397e-01,7.014837357838740739e-02,8.639105592546432455e-02,1.969121878209018767e-02,-1.661199317580694043e-02,6.420108342021419758e-03,6.160156437871382347e-03,1.966058760981519507e-02,1.895767054143724858e-02,1.686255608049306090e-02,4.597842349154861695e-03,6.204218484629761728e-03,-1.566721338999292265e-02,-2.554352297700004590e-02,-1.635240167434673722e-02,-2.633698442100756293e-02,-5.859627013567077908e-02,-3.934312925611031103e-02,-5.940351366716817294e-02,-3.204424779901499792e-02,-4.121487506947777574e-02,-3.211201839343039155e-02,-2.764793743770421405e-02,-5.991345884712288156e-02,-1.620645645449540762e-02,-8.800459476168222966e-03,-6.826256494825122881e-03,-3.201276486883986548e-03,4.612377627732328067e-02,-1.417225280345258548e-02,-2.201887563448857305e-02,3.194648954132659618e-02,1.836692140794909250e-02,-4.280799609464500805e-02,-4.464075346475505045e-03,8.849369108691548108e-03,3.867126087595675423e-04,-1.532023233906775611e-02,1.111468531741103237e-02,7.266289203955318340e-03,-1.780606914269690366e-02,-1.200901555308330274e-02,3.359681268486119400e-03,-9.589916296614349814e-03,-3.552761740668052698e-02,-9.550402302611596742e-03,1.544605955585477523e-02,-2.639579228166643535e-03,-1.883707152168788770e-02,4.189659758605060458e-02,6.901223465597917592e-03,3.285414105039278360e-02,1.379610533041062369e-02,-1.213430896816452241e-02,-1.687399065436384626e-02,-1.402157847523379484e-02,1.569314201546114299e-02,1.182798119834091617e-02,7.936202929597487368e-03,-2.126718664716968979e-02,3.011848904092391532e-02,2.905599312111450255e-02,1.240348288326225540e-02,1.760364101071468582e-02,1.520648585170242088e-02
3.782206254856851357e-01,3.743414385346625628e-01,1.000000000000000000e+00,5.138283899444241465e-01,6.561091243171921494e-01,2.784604284736071356e-01,1.597859657786105947e-01,1.872154006615505684e-01,1.761926655311189527e-01,1.030472862785117572e-01,4.291531047819393402e-02,5.274755985800144015e-02,-1.083660061573664315e-03,1.189722996416053141e-02,2.967704012926684204e-02,2.750147295851842685e-02,1.757964828798583030e-03,2.007960884537359630e-03,7.460450615160042894e-04,-4.690815996546490035e-02,-7.225467154957802840e-02,-3.180423811897315628e-02,-5.251771355331376345e-02,6.184397351875051130e-03,-6.671130861525252642e-02,-4.237249590172818131e-02,-1.821793226828739495e-02,-2.507547045149305376e-02,-1.805700817137912209e-02,-3.530794986027025600e-02,3.044399667828680094e-03,4.502641710336053801e-03,-3.422993198700484494e-03,7.106155297204387253e-03,3.482710329847178016e-02,-2.009728310949586427e-02,-4.377756874768790052e-02,1.696732798162173261e-02,-2.274913108198228784e-02,-7.306147853325371810e-02,-6.515350452257413424e-03,1.854575989985511597e-02,-1.759628823281382190e-02,-3.994579720299295394e-02,5.315325384536279639e-03,1.591559368089597720e-02,-2.089854021242137927e-02,-2.360190274125428464e-02,1.345859606659994927e-02,-1.009819284593391209e-02,-3.364337294209588519e-02,-9.942344237021701406e-03,5.408714731500301881e-02,6.604153742265119788e-03,-3.111630135552674939e-02,2.857685184267123521e-02,1.577095535249431945e-03,3.731585642705067402e-02,2.757197784052660763e-02,-1.530159455846255741e-02,1.094760319289255455e-02,2.695992446430863984e-02,4.572636850286519727e-02,1.922891416156000816e-02,2.243447778522549355e-02,1.090950678189748016e-02,1.881481964098196888e-02,1.868206513675080283e-02,-2.232281545792016292e-02,2.350648685290784856e-02,3.005841505268366451e-02
2.869932092965000181e-01,3.359049779933686031e-01,5.138283899444241465e-01,1.000000000000000000e+00,4.135161512380163273e-01,3.507237657686098631e-01,3.331596093169620354e-01,2.229640459410805464e-01,2.538741985245022148e-01,1.046041100592704082e-01,8.457622411911332183e-02,5.131989661371545025e-02,-9.579821833398310948e-03,2.822453702878741783e-02,3.406625919402813535e-02,4.798698460883517314e-02,-4.717333765729771894e-03,-1.505583952892333190e-02,1.635349697437885400e-02,-3.145655612112761151e-02,-4.648533403713852458e-02,-2.728586749344726753e-02,-5.132543674742403444e-02,1.378376772005262749e-02,-3.848954520321506284e-02,-2.815108134098443654e-02,-1.192652331231466682e-02,5.957261614898724973e-03,-1.639607939395980882e-03,-1.665629917326575185e-02,5.826572140121244817e-03,9.651060958220727959e-03,3.676921853103230515e-03,-4.153039932491268092e-03,5.988508795108642840e-02,8.094602464091684574e-03,-3.292964733648243159e-02,-4.250747463184544571e-03,-2.259192409120633696e-02,-6.363507908571194860e-02,-2.891064762445207451e-02,8.745732012885752346e-03,-4.072608419077614061e-02,-4.323939991817794815e-02,1.413008844676112014e-02,4.832015570980487985e-03,-5.352546313424206420e-02,-1.901062583969277339e-02,1.116943844710422025e-02,-3.116793142939320096e-02,-4.293133229294530950e-02,-1.023020159917856220e-02,2.560664101435016285e-02,-2.592448168592642599e-02,-3.478773858495958632e-02,2.524204785125746045e-02,9.542844307723959141e-03,2.117470711596217137e-02,-8.330984218432958832e-03,-4.202616355688922750e-02,-3.540521412184707839e-03,2.363128615690599649e-02,3.745514608987892541e-02,2.592978313314482988e-02,3.562083725582960297e-02,2.640838526370237888e-02,1.960040825652136984e-02,3.508715016948973919e-02,2.666109612368329929e-03,2.045667525921326599e-02,1.456367622800047073e-03
2.231274146038995931e-01,2.812526595827944953e-01,6.561091243171921494e-01,4.135161512380163273e-01,1.000000000000000000e+00,3.706433284331511202e-01,2.490942661693794635e-01,2.728482706530255264e-01,2.557146913178315883e-01,1.884553248181086993e-01,1.009623184450559874e-01,1.158815978947483061e-01,5.501954379474781331e-03,2.339264397582533142e-02,4.750107829171390517e-02,4.264802542961829146e-02,9.351228178887501657e-03,-1.166732505677030816e-02,-5.532715434728417009e-03,-4.750513698469503721e-02,-1.026388729808788425e-01,-4.047928983191306090e-02,-7.087137290215929364e-02,-1.972755781284398977e-02,-6.580698849517183091e-02,-6.504114927261621382e-02,-4.257880777474618017e-02,-2.388101059266004716e-02,-4.150642031601124021e-02,-2.887366525525476846e-02,-6.366605169929506237e-03,1.385518852499494601e-02,-2.111400865203051300e-02,7.955899590388433237e-03,4.033048481936249430e-02,-4.535740511360294297e-02,-5.135089214375338634e-02,2.099031889293614603e-02,-2.843227194324722887e-02,-1.073580698104321524e-01,-1.413625229459113640e-02,1.274420868928437950e-03,-2.129218231820393173e-02,-4.032875885691650231e-02,-1.320550937094377118e-03,7.807443197164561002e-04,-2.082143373614466983e-02,-2.417906763657756003e-02,6.619437719171130351e-03,-1.422488341631318945e-02,-2.441870913990025829e-02,-8.530450758392132266e-03,4.952024488122362678e-02,2.272892008760647904e-03,-2.041468850579979816e-02,3.271992747249690553e-02,-1.800866041142843571e-02,2.356020491156169891e-02,-8.217788579916481331e-03,-2.715451117103477238e-02,-4.363509325329915575e-03,3.071542394128247075e-02,6.818311887224690060e-02,4.328702105224277452e-02,4.677548034531666538e-02,1.426190041810210425e-02,4.789952938401774440e-02,3.911187876852192935e-02,-4.411791127851966837e-03,6.571318196322656346e-02,5.132976104223770791e-02
1.113633438684753091e-01,1.320946127800274594e-01,2.784604284736071356e-01,3.507237657686098631e-01,3.706433284331511202e-01,1.000000000000000000e+00,4.427583396792151293e-01,3.825260251532595634e-01,4.220308516251158881e-01,1.868882868463828950e-01,1.220836564044334716e-01,1.040262034117014761e-01,1.370268548919498924e-02,8.908415681506529071e-02,1.000299129525643316e-01,8.873063940583425513e-02,5.636908200859318957e-02,-1.674045530370722040e-02,1.411044385298435878e-02,1.103614408016439889e-02,-6.983749708172162785e-02,-5.994859868657624082e-03,-4.398112906944261907e-02,-2.039266997326027314e-02,-3.074848939224557667e-02,-6.748747327081204561e-02,-2.950893686173811092e-02,-8.463347884788014960e-03,-5.604452730920940484e-02,-1.575686677309137132e-03,-1.378112135190990607e-02,5.379577483415301682e-03,-1.239812361751285730e-02,4.525517281270942903e-03,4.199623834847889675e-02,-2.483710581061481654e-02,-1.829994595393111961e-02,7.732855817732704751e-03,-2.420405959379275454e-02,-7.534519335859037048e-02,-4.383194215070504440e-02,-3.354811178278980371e-02,-2.519533435089158641e-02,-1.005917215323197215e-02,9.438374895275070467e-03,-2.978047377852072186e-02,-2.692002679547065430e-02,2.217163155676225156e-02,7.773430893164330266e-03,-2.245961812749185452e-02,1.332670518915916869e-02,8.175825282970755614e-03,1.531755440097995989e-02,1.399421505624344302e-02,2.077235496810942578e-02,3.039068469628765368e-02,1.666042059925605884e-03,2.168554671175816281e-02,-3.328380175493281246e-02,-3.879281300970711249e-02,-2.373098766752793770e-02,1.632455463693995024e-02,5.737806422719848864e-02,5.552794621721286739e-02,5.929290439721180556e-02,3.866970638985898004e-03,2.812285087846125992e-02,2.915599425027689748e-02,2.788444481834407782e-02,5.175097672080514188e-02,1.279410008258165775e-02
6.504174340636922902e-02,1.187025208601126397e-01,1.597859657786105947e-01,3.331596093169620354e-01,2.490942661693794635e-01,4.427583396792151293e-01,1.000000000000000000e+00,4.520154567313422467e-01,6.004609489948140588e-01,3.452235855424610755e-01,2.610535029575842825e-01,2.076402475823753979e-01,2.391940994407226739e-02,9.931105042469925981e-02,1.130192753354948981e-01,1.105121204765918824e-01,4.606733375642616674e-02,-1.994777592192113758e-02,5.151276630097775810e-02,5.812139883646373628e-02,-4.494479239755858752e-02,4.363246383802556888e-02,-5.312118019848067335e-02,1.089784785191561488e-02,3.519843988579872407e-02,-1.032877598065629413e-02,3.846363784896707249e-05,5.315105810758114641e-02,-1.823088425670810545e-02,2.108404140482675673e-02,-2.898974710435293922e-02,-4.285489705681919115e-03,-3.233153542205978448e-02,-2.402388222269588591e-02,6.523712449935219204e-02,1.521220464661951835e-02,-4.154186978610992231e-02,-1.616871964572642872e-02,-2.077313202233949108e-02,-8.850229328783693061e-02,-3.097754836188703134e-02,-2.765959124393653837e-02,-4.203387448355853928e-02,-2.648889837727877450e-02,2.879245453052720408e-02,-3.357303563244655453e-02,-6.057493391197299459e-02,2.906174267987107762e-02,1.694459574410070099e-02,-3.596132200295640985e-02,-1.511196773879468734e-02,7.690628621556959248e-03,-1.375122877129601393e-02,-4.442211171807027015e-02,-1.376687686151976432e-02,9.294738045917981528e-03,-1.985742690198714910e-02,1.167835440287064847e-02,-5.143142824077150121e-02,-3.369748913956286535e-02,-3.550210791347763878e-02,-1.137462991352268527e-02,2.634421614898317665e-02,3.820930735906349213e-02,2.875736146101333032e-02,2.056216331479813336e-02,4.625328739439510395e-02,6.976590810272627341e-02,6.894451907523278800e-02,5.276787402166248364e-02,-1.919594072497492893e-02
4.342912306229189390e-02,7.014837357838740739e-02,1.872154006615505684e-01,2.229640459410805464e-01,2.728482706530255264e-01,3.825260251532595634e-01,4.520154567313422467e-01,1.000000000000000000e+00,4.856130723339124322e-01,5.103623335535982797e-01,3.183948065720594855e-01,2.514504192248939729e-01,-2.233622267850747523e-02,6.916063033486394285e-02,1.311923914889039922e-01,9.236225068373044023e-02,2.365934524477514289e-02,-1.296897192936577979e-02,3.538272697846716469e-02,1.492912877258759444e-02,-6.646549026012056605e-02,-3.168307954703880169e-03,-3.577315300327946895e-02,3.426198789266725331e-02,6.527143795050778692e-03,-2.581896539950569169e-02,1.691290863326290472e-02,6.035773058054434009e-02,-3.056079635433137272e-03,7.682533934730463587e-02,1.611742082694958209e-02,7.177906322123420169e-02,2.476970633344878492e-02,2.428184287295497359e-02,4.295665621172922027e-02,-8.829802177563319393e-03,-2.592851332917118015e-02,-1.524004718838342133e-02,-4.968493023445773316e-02,-9.851699316761626524e-02,-6.024318959642239318e-02,-5.716244404493282805e-02,-5.742423989874630846e-02,-1.525261209951694463e-03,1.420066792565924559e-02,-8.051068338740846597e-02,-2.255228841694588426e-02,4.068336759804419556e-02,-1.917418640378433167e-02,-4.344140318694536540e-02,2.748675714923971836e-02,2.232576136990916879e-02,-8.690414066137944551e-03,5.967440941509171695e-04,4.014639927320545754e-02,6.409723059249730322e-04,-1.493552368514934961e-02,-1.967391011461727332e-02,-3.683073887088674642e-02,-2.032767262115640211e-02,1.327889803641852523e-02,1.530424522891488809e-02,4.784868385062072266e-02,5.013198634659667835e-02,4.887915746143694368e-02,1.027931442817365919e-02,3.214644320954752194e-02,2.865991294536350195e-02,2.403866149374925265e-02,1.882315039079258956e-02,7.646313690136560814e-03
5.330513823349831287e-02,8.639105592546432455e-02,1.761926655311189527e-01,2.538741985245022148e-01,2.557146913178315883e-01,4.220308516251158881e-01,6.004609489948140588e-01,4.856130723339124322e-01,1.000000000000000000e+00,2.859177453675520453e-01,2.125140189584919514e-01,1.393756102178483058e-01,-5.905691334768003488e-03,1.112208326441474354e-01,1.276327483037734134e-01,1.129694278324199774e-01,5.928607657575328538e-02,-2.224022219481747165e-02,4.911942658069873985e-02,8.641526334535656884e-02,-2.873131607375247962e-02,3.614641724680006662e-02,-4.493311281332504348e-02,2.426960436824161099e-02,2.010417614902833619e-02,-2.074351668780296740e-02,1.757269817550298832e-02,2.995947092445399099e-02,-1.314573890349450200e-02,3.130503974596184763e-02,3.780713253775788794e-03,2.613234591120965067e-02,-1.211382180225142359e-02,4.067657198401233853e-02,8.323156955628549514e-02,3.969706490618808703e-02,-2.572225113281001105e-02,5.421836184952252141e-02,-4.457977163947054837e-03,-8.714289138519036582e-02,1.577579904687530926e-02,5.326966308270501826e-03,1.116943666057618146e-03,-3.032067948361119938e-03,9.170224254505195821e-03,-5.624851103775369530e-03,-1.961154143595685365e-02,7.934583088554422736e-03,1.598712285475839198e-02,1.255273114305480164e-02,-1.726564461584521523e-02,-3.181126878097162436e-02,-1.317523858311903107e-02,-2.431530655057257545e-02,-3.707503746673043027e-02,-1.310807402169099703e-02,-5.773934488053243663e-02,-1.876403677022843441e-02,-8.904385174742422693e-02,-6.671213680905448140e-02,-6.132077414995762421e-02,-6.949346752553558007e-03,3.657425791322945624e-02,5.818891575130735738e-02,3.238001432631563981e-02,-1.725869483790908390e-02,4.494106768485609665e-02,7.144681964639357230e-02,3.422741347994980726e-02,5.078181061988515377e-02,-3.667328626779652739e-02
-6.054523585249620274e-04,1.969121878209018767e-02,1.030472862785117572e-01,1.046041100592704082e-01,1.884553248181086993e-01,1.868882868463828950e-01,3.452235855424610755e-01,5.103623335535982797e-01,2.859177453675520453e-01,1.000000000000000000e+00,5.020852990810511507e-01,5.830921855491297823e-01,1.194799591184898951e-01,9.336970047736332934e-02,9.694593508990946573e-02,5.128294804148445657e-02,5.799683755123184042e-02,1.708544907644870062e-02,3.984273742711508248e-02,1.705521330912638731e-02,-5.897397197427991372e-02,-1.316324051082166501e-03,-2.316629338839790858e-02,4.921131868852163943e-02,1.725478725529664553e-02,1.271506502913267479e-02,3.228925811204486768e-02,7.157781751694355932e-02,-2.117970246196656386e-02,6.424694116943815980e-02,6.144634656358902505e-03,3.937094984290916144e-02,-8.336276572343506025e-03,-1.259784457437580600e-02,3.367998065751786479e-02,-4.733258565858341343e-02,-4.580957343808605975e-02,-4.309734535552545848e-02,-5.523532328491646132e-02,-1.022594971502535366e-01,-7.475426970354039080e-02,-6.389619288007797326e-02,-5.791364272570793253e-02,-2.824024220627477724e-03,2.045763777243094286e-02,-7.734605154203656741e-02,-3.962785869285644774e-02,3.342870041773412376e-02,-1.955592580130567984e-02,-5.485090240277234325e-02,1.289255859385438595e-02,1.847703085184704969e-02,-8.111551588459220419e-03,8.907235362090957370e-03,4.688665057935600261e-02,8.315994790460677979e-03,-1.695486297245013194e-02,-3.049604853760946518e-02,-5.747958490288291450e-02,-3.232352149253464590e-02,2.171353556630521361e-02,-5.934450142704829692e-03,3.177113295155935963e-02,1.915610172236056549e-02,3.553322717022114330e-02,5.237021683265981331e-02,3.321569321398860214e-02,5.864726459467184405e-02,1.143007867383873111e-02,2.012409708051062299e-02,3.360996395849178559e-02
-2.741820791421168552e-02,-1.661199317580694043e-02,4.291531047819393402e-02,8.457622411911332183e-02,1.009623184450559874e-01,1.220836564044334716e-01,2.610535029575842825e-01,3.183948065720594855e-01,2.125140189584919514e-01,5.020852990810511507e-01,1.000000000000000000e+00,2.953647033915882125e-01,5.246179208469853306e-02,2.694707833854105214e-02,2.234318914945905912e-02,1.709291002889263417e-02,4.260838413867319707e-02,1.935336603588514240e-02,-2.080777283396004901e-02,2.428026708963961292e-02,-3.534304217460546016e-02,-2.735017755288535017e-03,-2.129396988515081315e-02,6.777249539449370364e-02,3.758368225631004284e-02,8.856939284913458582e-03,4.330318438458120867e-02,3.550459707636516998e-02,-3.114864384841176809e-02,2.161163042475880425e-02,7.741095844885688242e-03,1.029278943729878583e-02,-8.044653283966101201e-03,-2.911850446377488646e-02,3.780110754543729301e-02,-6.177473041840315232e-02,-7.777318431113529329e-02,-9.820579717513915063e-02,-1.033909361377070985e-01,-8.419403979328582421e-02,-9.452763580367044838e-02,-8.148919022720245431e-02,-8.412583501776242645e-02,-5.476081535022633666e-03,2.113093106317058892e-02,-6.748509972205099516e-02,-5.282446607010533174e-02,3.186473652003500578e-02,-1.349134309125557367e-02,-5.281532671939267315e-02,3.436204305600617723e-03,1.401837233996329306e-02,5.280187961437005952e-03,-1.941995644734718224e-02,2.431167253179716825e-02,1.577869046899138539e-02,-1.573686797542670629e-02,-5.560784703643240935e-03,-1.556260229751468133e-02,-1.932709803730548598e-02,4.473788187156717971e-02,1.448052549707115784e-03,3.121009715077677563e-02,3.785778253961531031e-02,8.215943123298069528e-02,9.359963207631159798e-02,3.243370829203603284e-02,6.669317649312080099e-02,-6.842379451270857484e-03,6.626609806069577724e-02,3.312858955243289799e-02
1.373752928769047046e-02,6.420108342021419758e-03,5.274755985800144015e-02,5.131989661371545025e-02,1.158815978947483061e-01,1.040262034117014761e-01,2.076402475823753979e-01,2.514504192248939729e-01,1.393756102178483058e-01,5.830921855491297823e-01,2.953647033915882125e-01,1.000000000000000000e+00,2.721883070864816179e-01,1.214323203263914241e-01,1.224013875770757764e-01,1.900197064992149160e-02,1.114772551462364369e-01,-1.063219335231708335e-02,1.274188360871895791e-02,3.032837225845766167e-03,-4.816874678359940598e-02,-1.433648081690165263e-02,-7.224918681093440986e-02,2.367223207077886679e-02,-4.828109243388047263e-03,2.007897726420947854e-02,1.870681755175726546e-03,3.451398236086638399e-02,-3.440935559824382511e-02,3.869604273802866590e-02,-5.130900692891419458e-03,2.609044869373683059e-02,-1.274796650879682185e-02,-4.154176632425249371e-02,3.579077076532894558e-03,-4.925066819509306415e-02,-3.069308672764844981e-02,-6.138622448059806447e-02,-5.090991363881713222e-02,-7.371546859712635458e-02,-6.783316208540396408e-02,-4.515016725683525245e-02,-4.164785011533043979e-02,2.682637220553680396e-02,2.546578286605254149e-02,-5.288656451402615893e-02,-3.682760462659183387e-02,4.198224084555567809e-02,-8.318993099503286040e-03,-4.441111395249533467e-02,3.047368034924436992e-03,2.015991571945831631e-02,4.840391297827045455e-03,1.214372870358109216e-02,3.117297130840166949e-02,1.562331778386234727e-03,4.123701945214994398e-03,-1.737059469961640262e-02,-3.897670221106250971e-02,-3.274295581664538740e-02,5.701829754802103384e-02,-8.904013442232976486e-03,4.035604393734278095e-02,1.732097250063670962e-02,2.277894920822420843e-02,4.799049701263442130e-02,2.425531620936446919e-02,4.750397437109814269e-02,2.132891630040355258e-02,2.604750477402868400e-03,1.530890024762789764e-02
1.283928380411885478e-02,6.160156437871382347e-03,-1.083660061573664315e-03,-9.579821833398310948e-03,5.501954379474781331e-03,1.370268548919498924e-02,2.391940994407226739e-02,-2.233622267850747523e-02,-5.905691334768003488e-03,1.194799591184898951e-01,5.246179208469853306e-02,2.721883070864816179e-01,1.000000000000000000e+00,2.549787642613070004e-01,1.161501878280194605e-01,-6.306240514912134221e-02,2.953253022420501694e-01,8.955019436361992546e-02,-6.583625832808370770e-02,4.422576918718049838e-02,1.078315547055777590e-02,3.022809550113031429e-02,-5.930414965927243570e-02,-6.684051978155777828e-04,-4.292021154459980427e-03,3.311315770344730718e-03,-3.008623246795979339e-02,1.570876668478047092e-02,-8.306914890156410700e-03,2.911758674660825871e-02,-2.281609725240458728e-02,-7.727347039445992341e-03,-2.451365593869781270e-02,-5.746577633330515744e-02,-3.292819590537014035e-03,-8.353781776033977757e-02,-7.242632817028576975e-02,-8.247392332533123871e-02,-7.361826410195351778e-02,-7.345190887461595930e-02,-5.767705490354856079e-02,-5.245617850171003377e-02,-2.541309654572298724e-02,5.448462929129104654e-02,1.294545822869791474e-02,-3.855268724726022833e-02,1.634141968254064492e-02,4.831692616561927139e-02,-9.168592400299303835e-03,1.149676953873181263e-03,2.801995547324144867e-02,-2.067924348113287999e-02,1.011017821453531924e-02,6.525173336385843570e-02,4.451362040416032700e-02,1.578543969447578077e-02,1.886471384982215185e-02,3.072998380714507538e-02,1.421977641548540037e-03,-9.002251254919024000e-04,-2.708782382217595538e-03,-5.571261262121933629e-03,-1.848512338871220739e-02,-3.247575025629407391e-02,4.606901305118409756e-03,5.843681381828230020e-02,1.652134851691112669e-02,5.834742021533666917e-02,7.919148724146569951e-03,-1.269205443597534559e-02,-1.015055266035907143e-02
1.414102302305107577e-02,1.966058760981519507e-02,1.189722996416053141e-02,2.822453702878741783e-02,2.339264397582533142e-02,8.908415681506529071e-02,9.931105042469925981e-02,6.916063033486394285e-02,1.112208326441474354e-01,9.336970047736332934e-02,2.694707833854105214e-02,1.214323203263914241e-01,2.549787642613070004e-01,1.000000000000000000e+00,4.740045983675116315e-01,4.382157819793409126e-01,5.940104014388584153e-01,7.290505023522765582e-02,9.014299774870851434e-02,2.793779092166773781e-01,1.488502367132719106e-01,8.687952739539772651e-02,7.509907960917562228e-03,5.977158428712219668e-02,1.128784756425865871e-01,1.110394342875815898e-01,2.760218798668506376e-02,1.129655466455688900e-01,2.757515589746829809e-02,4.963265434925965419e-02,-2.012124373319652132e-02,-5.406872271568310441e-03,-4.456320362583581808e-03,-4.499968861337930170e-02,-6.002377493492019531e-03,-3.208479721967211207e-02,-6.209457399735322791e-02,-6.531475802232458716e-02,-8.130848367335669069e-02,-9.857117296231521220e-02,-1.048755607685923352e-01,-7.078159817498551332e-02,-7.621162479878834661e-02,5.273295888792909475e-02,1.060549686285158257e-02,-8.412336571839726385e-02,-1.225398751132416621e-02,5.820962461718013486e-02,-3.425249933861871515e-02,-7.225472423227748131e-02,3.217404058535729833e-02,2.028951578072914902e-02,-3.978002205917930550e-02,1.522223788994257754e-02,6.036778245358272871e-02,-4.144740831333098771e-03,3.510749374336506051e-02,2.044148652280925252e-02,1.622166567777696966e-02,9.904332009240424464e-03,-1.880066849558642561e-02,-1.835776234752614991e-02,-2.898712577124607989e-02,1.509599279626823096e-02,2.035408738608540311e-02,7.143869654094010813e-02,3.736406775061561214e-02,3.763790567660819236e-02,5.359060931030440456e-02,-5.457537552507771283e-02,-9.065772316937743824e-02
1.248588104495265000e-02,1.895767054143724858e-02,2.967704012926684204e-02,3.406625919402813535e-02,4.750107829171390517e-02,1.000299129525643316e-01,1.130192753354948981e-01,1.311923914889039922e-01,1.276327483037734134e-01,9.694593508990946573e-02,2.234318914945905912e-02,1.224013875770757764e-01,1.161501878280194605e-01,4.740045983675116315e-01,1.000000000000000000e+00,4.134810138914504218e-01,3.534305603777411764e-01,-2.199215974661454520e-01,3.354674693468123053e-02,2.390738053052789691e-01,1.048589187515537417e-02,-2.650969651210267897e-02,-2.715830142657227331e-02,-5.493293315105801482e-04,3.939517304518814350e-02,3.466423696269443216e-02,9.616611769001217475e-03,6.916319494346359620e-02,5.252813127879753241e-02,9.883054132506637057e-02,1.726888447903406412e-02,-4.692597937421207240e-03,1.904086757255641152e-02,-2.983500143434148627e-02,2.095051774147325963e-02,1.442383125423101972e-02,-1.313208691307948643e-02,-2.772282078145153761e-02,1.556565781931488167e-02,-3.513220446545355785e-02,-4.412065037350901969e-02,-7.023405760237609770e-03,-4.340262160143700670e-02,2.834982695539290526e-02,5.108812945961858226e-02,-1.417115062159881277e-02,-2.636676212549397130e-02,4.013949603045853520e-02,3.824806711682703086e-02,-1.444305036053881129e-02,1.473750117519184721e-02,3.727974358815164951e-02,3.714081797020973852e-02,1.490143965025854909e-02,2.283830641994815183e-02,2.687583429266358556e-02,1.618613739202552290e-02,2.347138143119344503e-02,3.194903767849535930e-03,-1.783968051181436130e-04,-3.700654031661519683e-02,-4.083274531892341214e-02,-2.935275064224112870e-02,-5.426181933112026422e-03,-3.221821169621860714e-02,2.891411238551107668e-02,-5.841298680331563631e-03,8.231608233450534579e-03,1.403387010521632908e-02,-9.175232545684927632e-02,-1.113350707534964956e-01
1.020263221452942515e-02,1.686255608049306090e-02,2.750147295851842685e-02,4.798698460883517314e-02,4.264802542961829146e-02,8.873063940583425513e-02,1.105121204765918824e-01,9.236225068373044023e-02,1.129694278324199774e-01,5.128294804148445657e-02,1.709291002889263417e-02,1.900197064992149160e-02,-6.306240514912134221e-02,4.382157819793409126e-01,4.134810138914504218e-01,1.000000000000000000e+00,1.178195366171171099e-01,-1.148521677833628379e-01,2.506797688537906188e-01,2.721022288033883019e-01,8.887249495127567955e-02,1.025475139546096898e-01,2.484428428533284883e-02,8.740810721065235545e-02,1.294181323556435892e-01,1.017328959618222645e-01,7.010329239235191245e-02,1.449451512234420925e-01,6.339969914048720900e-02,1.124281637455354921e-01,1.504953988962866480e-02,5.969776182310732732e-02,5.962657901554206663e-02,1.025724098410716635e-02,2.742002786166841330e-02,2.199041035953904280e-02,1.177155913188286836e-02,-6.618593993231924877e-02,-3.008386036079056022e-03,-9.360093826672574030e-03,-4.619622656998598892e-02,-4.214691299322229773e-02,-7.608842837823079353e-02,-1.401544574677902368e-02,1.948009086683722899e-02,-4.474276677398628110e-02,-4.081678757661726803e-02,2.023641070156901103e-02,1.094329440389716452e-03,-7.748812368435920028e-02,-2.532214202367282646e-02,3.134371846020406888e-02,-2.891213731062882222e-02,-5.989552949182064268e-02,1.345797850266686017e-02,-1.135691123212647334e-02,-7.071055234047451260e-03,-1.283285715724025514e-02,3.968638492125768982e-03,-4.555744407631227150e-02,-3.245179063456324342e-02,-4.566881282523435268e-03,1.480226783403010629e-02,2.954749127682331986e-02,3.304562252754890406e-02,7.166444090516686793e-02,2.125221537051462384e-02,7.364658645418202011e-03,2.789722818258135936e-02,-8.769147011448756579e-02,-9.017422092050925153e-02
1.187044179885796830e-02,4.597842349154861695e-03,1.757964828798583030e-03,-4.717333765729771894e-03,9.351228178887501657e-03,5.636908200859318957e-02,4.606733375642616674e-02,2.365934524477514289e-02,5.928607657575328538e-02,5.799683755123184042e-02,4.260838413867319707e-02,1.114772551462364369e-01,2.953253022420501694e-01,5.940104014388584153e-01,3.534305603777411764e-01,1.178195366171171099e-01,1.000000000000000000e+00,1.827416486408594276e-01,-5.551953150844452650e-02,2.736540306892523144e-01,1.758874552816389880e-01,9.866377287296068666e-02,5.315796571142169386e-02,1.417967047859831041e-02,8.938790231615344195e-02,8.448870678240248677e-02,-8.355866028235648182e-03,6.594663945184786602e-02,2.446265570993540889e-02,3.619383264707013576e-02,-5.267899733520464353e-03,-2.573136147596517473e-02,-3.132319931481076375e-02,-6.185271474916595458e-02,-2.072184217341469653e-02,-7.277000113607021148e-02,-7.444803167748680062e-02,-6.701085502917471237e-02,-9.466184863731023913e-02,-1.160331906329328117e-01,-9.749423092877856911e-02,-7.398122404898722915e-02,-3.895863288998346191e-02,7.122265639816327543e-02,1.275343872640638358e-02,-7.740840898647637081e-02,6.021752876842799765e-03,4.816103992693896579e-02,-4.919459590577067443e-02,-4.228896197136596674e-02,4.378393118355996400e-02,3.751357094523311789e-03,-2.867675355028460535e-02,4.982739731762955704e-02,5.311542794635761011e-02,1.446032696822079945e-02,3.726284598460378322e-02,1.472744215575238526e-02,8.885278781486614930e-03,3.090019464017577586e-02,-8.484640990589036036e-03,-3.352900674274185422e-02,-2.426758900660365773e-02,3.944671330539732158e-03,1.080650377763470518e-02,5.525434930963941255e-02,4.368568054216419305e-02,5.628289269701217817e-02,6.693398412916252982e-02,-1.148993546899672660e-02,-5.466288335523354636e-02
1.599190171519486794e-02,6.204218484629761728e-03,2.007960884537359630e-03,-1.505583952892333190e-02,-1.166732505677030816e-02,-1.674045530370722040e-02,-1.994777592192113758e-02,-1.296897192936577979e-02,-2.224022219481747165e-02,1.708544907644870062e-02,1.935336603588514240e-02,-1.063219335231708335e-02,8.955019436361992546e-02,7.290505023522765582e-02,-2.199215974661454520e-01,-1.148521677833628379e-01,1.827416486408594276e-01,1.000000000000000000e+00,1.835431969254903706e-01,-4.712713593553371355e-02,1.600926726000720390e-01,1.246768497893723099e-01,6.335140662456514860e-02,3.105492933325462376e-02,8.380336458939556532e-02,5.725287176250284937e-02,1.373080439777494242e-02,4.587267634363496882e-02,-1.541024476772711455e-02,-3.301766598201835712e-02,-2.421567477599446440e-03,2.320705548068931201e-02,-1.526536825002692416e-02,1.854358178461728082e-02,-5.801430194803262191e-02,-1.511174168867117015e-02,9.435753010637462981e-03,1.926421409162397402e-02,-4.474784709762292395e-02,-1.392238842951071080e-02,-5.704423064918627551e-02,-1.081413310551746221e-01,-1.272895388568435517e-02,4.225515365106387831e-03,-8.396281957255927186e-02,-7.843135030651812722e-02,2.285418651297561887e-02,-2.996319044160287298e-02,-8.404564246241644221e-02,-4.916324327163862536e-03,4.416481445050594867e-02,-5.022593834129140261e-02,-5.541031357242227895e-02,4.036764899989123134e-02,2.386252082618287029e-02,-5.979612658677302406e-02,-7.305572830364399917e-02,-7.183242833272737715e-02,-4.668372093736600226e-02,-6.105627457700785882e-03,2.007950291184533095e-02,2.973112100580302050e-02,5.438981010360088159e-02,6.115139346565051648e-02,8.770305956561262606e-02,7.175189528075909262e-02,6.224961357848252802e-02,-1.179568635981773604e-02,3.664587578658195371e-02,1.690322452881767509e-02,2.773426673320001160e-02
5.668796236886733571e-03,-1.566721338999292265e-02,7.460450615160042894e-04,1.635349697437885400e-02,-5.532715434728417009e-03,1.411044385298435878e-02,5.151276630097775810e-02,3.538272697846716469e-02,4.911942658069873985e-02,3.984273742711508248e-02,-2.080777283396004901e-02,1.274188360871895791e-02,-6.583625832808370770e-02,9.014299774870851434e-02,3.354674693468123053e-02,2.506797688537906188e-01,-5.551953150844452650e-02,1.835431969254903706e-01,1.000000000000000000e+00,1.918131237299575409e-01,1.479006859397394846e-01,1.716651482388353578e-01,1.076165876421220635e-01,1.154004561126459466e-01,8.459202741503715761e-02,1.224744901078503451e-01,4.648100504902974439e-02,1.057814910137290371e-01,-1.279795943136476793e-02,4.972732862573366053e-02,8.308551856853925444e-03,2.568554813104829623e-02,4.239201055450578931e-02,-9.601700634810663576e-03,-2.088092990186697986e-02,4.697244190691319404e-02,3.297912350011195093e-02,9.962426681197636413e-03,-1.368409645710160806e-02,3.972701451317357975e-03,-1.920434340861026587e-02,-3.437721865222987533e-02,-1.124926517771034085e-02,-3.820239799637016598e-02,-3.710552883989209905e-02,-4.336970442657161334e-02,-2.795431720666117364e-02,-2.718415443412819377e-02,-1.000557958949144927e-02,-1.410756009782527381e-02,2.595521153165820244e-02,1.936488590976763111e-02,-8.165994596532152872e-03,-1.375759077171561859e-02,1.022493748793052576e-02,-2.650692291194773481e-02,-2.863356095224243308e-02,-2.665664978629264659e-02,5.649835708210228496e-04,-6.752979834215623763e-03,1.488420983886792892e-02,1.890596979674404390e-02,3.743479659550270899e-02,2.742659375679187134e-02,2.665895278345290983e-02,1.180268057137890021e-02,4.286685958640379032e-03,-6.639849990050160355e-02,7.248732555597919153e-03,-8.341534766038674609e-02,-4.998889030171219106e-02
3.038328856065708634e-03,-2.554352297700004590e-02,-4.690815996546490035e-02,-3.145655612112761151e-02,-4.750513698469503721e-02,1.103614408016439889e-02,5.812139883646373628e-02,1.492912877258759444e-02,8.641526334535656884e-02,1.705521330912638731e-02,2.428026708963961292e-02,3.032837225845766167e-03,4.422576918718049838e-02,2.793779092166773781e-01,2.390738053052789691e-01,2.721022288033883019e-01,2.736540306892523144e-01,-4.712713593553371355e-02,1.918131237299575409e-01,1.000000000000000000e+00,3.215083463279116982e-01,3.161659990077353988e-01,2.028681618788189533e-01,1.076743052817826923e-01,2.273398269252876192e-01,2.057981846145998939e-01,6.657206265919997368e-02,1.537756816196632070e-01,8.535724770608173195e-02,6.503999661910658814e-02,7.686977369759753764e-02,6.239188128421107454e-02,5.847478263765691631e-02,3.216371033696849985e-02,5.977162037818151141e-02,4.111618964765351852e-02,-1.287828302911138856e-03,-2.148315268942370404e-02,-2.722763482502709581e-02,-3.521513660217074487e-02,-2.922324981998881618e-02,-8.590673956752691021e-02,-4.705088174356486519e-02,2.746626641294297889e-03,-1.843200163328193378e-02,-9.803578728907590134e-02,-6.723062945449478911e-02,3.055932519745259337e-03,-3.283787324551350889e-02,-5.709580464477440054e-02,-2.547211312499915795e-02,2.328141939706693253e-03,-3.576868881402798378e-02,-7.075292285616543997e-02,-3.313617969214286557e-02,-6.049554356152514120e-03,-6.188532811630918784e-03,1.719283688848308178e-02,-2.505743085030088385e-02,-2.206923574807026500e-02,-5.773146050379945882e-02,-4.851632059061899982e-02,-5.595653072229960640e-02,-4.469801430067574244e-02,-1.852626515351236958e-02,6.016453584633608270e-02,4.611443001117637892e-03,4.800426650267871492e-02,7.754137981466550922e-02,-8.007488528050789311e-02,-9.408202716560964962e-02
-1.019434084425252865e-02,-1.635240167434673722e-02,-7.225467154957802840e-02,-4.648533403713852458e-02,-1.026388729808788425e-01,-6.983749708172162785e-02,-4.494479239755858752e-02,-6.646549026012056605e-02,-2.873131607375247962e-02,-5.897397197427991372e-02,-3.534304217460546016e-02,-4.816874678359940598e-02,1.078315547055777590e-02,1.488502367132719106e-01,1.048589187515537417e-02,8.887249495127567955e-02,1.758874552816389880e-01,1.600926726000720390e-01,1.479006859397394846e-01,3.215083463279116982e-01,1.000000000000000000e+00,3.120578790648609324e-01,2.037493407853736838e-01,3.029279530743445026e-01,2.607457335809755250e-01,2.678966007817001893e-01,2.403274429122070344e-01,1.819671133615627656e-01,1.654153185915145374e-01,9.629378873181068665e-02,6.091544338521919649e-02,1.218677848068110969e-01,8.055416540014279092e-02,8.119544172393197701e-02,2.858688455049157584e-02,3.082946652541073904e-02,6.966402904978906060e-03,-1.701410513482166497e-03,-4.880518927748622032e-02,-2.452731470923497775e-02,-5.762805347924197102e-02,-1.477851627193976780e-01,-3.104452541120199249e-02,8.921789690495321792e-03,-6.737241039902491790e-02,-1.103129213730052738e-01,-5.598297645938684827e-03,-4.160179420971153730e-02,-7.406514479227210845e-02,-2.154737542861856134e-02,-1.795021851425716505e-02,-5.888299590825784441e-02,-6.688243703822627229e-02,-2.276047698616925560e-02,-5.066895956190310170e-03,-6.027978657173835991e-02,-8.373743206754335339e-03,-2.170772358336659977e-02,4.852066401900813342e-03,-1.900736790794620504e-02,-1.959319988934495743e-02,-4.675744506590896743e-02,-8.430331231118678992e-02,-1.066999606069762851e-01,-1.068301181132070704e-01,-3.085497456905415131e-02,-6.841545472291046814e-02,-2.529754564570391509e-02,5.720375377709995858e-03,-7.925786123631881064e-02,-6.343514644761412413e-02
-3.803188170211819780e-04,-2.633698442100756293e-02,-3.180423811897315628e-02,-2.728586749344726753e-02,-4.047928983191306090e-02,-5.994859868657624082e-03,4.363246383802556888e-02,-3.168307954703880169e-03,3.614641724680006662e-02,-1.316324051082166501e-03,-2.735017755288535017e-03,-1.433648081690165263e-02,3.022809550113031429e-02,8.687952739539772651e-02,-2.650969651210267897e-02,1.025475139546096898e-01,9.866377287296068666e-02,1.246768497893723099e-01,1.716651482388353578e-01,3.161659990077353988e-01,3.120578790648609324e-01,1.000000000000000000e+00,2.311155439091107378e-01,7.566321499855803434e-02,2.352947826184134394e-01,1.220938509215815787e-01,4.354396363385041463e-02,1.244297459651950016e-01,6.068890755641179191e-02,4.719747419004002853e-02,2.385631474782469452e-02,5.576339614071224027e-02,6.649238992771237811e-02,3.416558398111769340e-02,3.588536511847701532e-02,6.375908481877080869e-02,1.161951659957488614e-02,4.773865981010433010e-03,3.267721309821650794e-02,-1.559430376403225967e-02,-8.594928039493405017e-03,-4.983571329688417373e-02,-4.472342515764436005e-02,1.391160423783937769e-02,2.810334242865520846e-02,-3.826892868325725700e-02,-2.799649105646498728e-02,3.500143291384955752e-02,1.734077182482171922e-02,-3.192185941390963261e-02,4.656806935318336116e-03,3.707195517715752842e-02,-6.828058340753320743e-02,-8.973735431493602699e-02,7.599808146348429466e-03,-2.064882449110753970e-02,-1.667756833956107396e-02,-1.362171112380980952e-02,-3.653473762346785142e-02,5.469000667777851148e-03,-5.168307466658553229e-02,-5.280161148021458167e-02,-5.644856963781957199e-02,-3.736912710202171251e-02,-5.114759465939489741e-02,-4.454643371579218580e-02,-1.870757728788267557e-02,2.837716611136905168e-02,6.870425202868697678e-02,-1.656516548053583310e-02,-6.784525993630853569e-02
