1.000000000000000000e+00,3.260223298345130138e-01,2.974004394030374532e-01,5.740617806619265906e-01,3.798124337026146380e-01,2.228687106231573567e-01,4.337221881203060514e-01,3.301307505735224246e-01,1.984432415911547565e-01,2.674407551635376024e-01,2.642088040361461609e-01
3.260223298345130138e-01,1.000000000000000000e+00,3.329452252250957867e-01,2.056330490285449564e-01,5.786483565354469949e-01,3.464792385112432926e-01,1.896227084774179117e-01,4.337008419996004061e-01,3.324142002907922722e-01,1.110247684944480062e-01,2.714874286654584412e-01
2.974004394030374532e-01,3.329452252250957867e-01,1.000000000000000000e+00,3.024697879541970447e-01,3.340583856435907495e-01,5.994528529072097323e-01,3.659668676332373249e-01,2.379420218725459002e-01,4.465959345293577520e-01,2.898119643272644708e-01,1.869770569906512858e-01
5.740617806619265906e-01,2.056330490285449564e-01,3.024697879541970447e-01,1.000000000000000000e+00,3.405706218275964536e-01,2.034752773644814550e-01,5.486121739700059452e-01,3.306734280809365267e-01,1.698233773552244308e-01,3.113545754707039981e-01,2.676742843905112190e-01
3.798124337026146380e-01,5.786483565354469949e-01,3.340583856435907495e-01,3.405706218275964536e-01,1.000000000000000000e+00,3.484059790303829507e-01,3.568846432873264418e-01,6.419665959643460207e-01,3.718246405380846165e-01,2.084420268965961887e-01,3.978009662888288833e-01
2.228687106231573567e-01,3.464792385112432926e-01,5.994528529072097323e-01,2.034752773644814550e-01,3.484059790303829507e-01,1.000000000000000000e+00,3.800153179309959106e-01,2.387852750426809612e-01,6.196561877058013312e-01,3.496619609471369183e-01,1.875807920129913264e-01
4.337221881203060514e-01,1.896227084774179117e-01,3.659668676332373249e-01,5.486121739700059452e-01,3.568846432873264418e-01,3.800153179309959106e-01,1.000000000000000000e+00,3.410608239264462105e-01,3.675974960255043444e-01,5.555065374674399425e-01,3.488204182113549545e-01
3.301307505735224246e-01,4.337008419996004061e-01,2.379420218725459002e-01,3.306734280809365267e-01,6.419665959643460207e-01,2.387852750426809612e-01,3.410608239264462105e-01,1.000000000000000000e+00,3.446027824655212290e-01,1.852936632066750355e-01,5.090993946032785766e-01
1.984432415911547565e-01,3.324142002907922722e-01,4.465959345293577520e-01,1.698233773552244308e-01,3.718246405380846165e-01,6.196561877058013312e-01,3.675974960255043444e-01,3.446027824655212290e-01,1.000000000000000000e+00,3.415215438084323596e-01,3.442994521239720052e-01
2.674407551635376024e-01,1.110247684944480062e-01,2.898119643272644708e-01,3.113545754707039981e-01,2.084420268965961887e-01,3.496619609471369183e-01,5.555065374674399425e-01,1.852936632066750355e-01,3.415215438084323596e-01,1.000000000000000000e+00,3.380808117844281147e-01
2.642088040361461609e-01,2.714874286654584412e-01,1.869770569906512858e-01,2.676742843905112190e-01,3.978009662888288833e-01,1.875807920129913264e-01,3.488204182113549545e-01,5.090993946032785766e-01,3.442994521239720052e-01,3.380808117844281147e-01,1.000000000000000000e+00
