1.000000000000000000e+00,2.870440310293339570e-01,1.093146448038343072e-01,1.774329479173697433e-02,-2.893133346247906898e-02,4.173200438603787837e-02,-1.137999171361959994e-01,-1.203041294105397681e-02,6.564251519066292839e-02,2.682234207695559716e-02,5.466143324034085371e-02,3.212359936774371316e-02,1.985400918109919352e-02,4.989406421031390010e-02,8.714634462521554659e-03,1.560610248796577039e-02,-2.737336113768157591e-03,2.521074377311850051e-02,-7.371280002521697931e-04,-1.895423215368690142e-02,1.749842723743448786e-03,-1.063762716407800322e-04,-1.409415797241342534e-02,2.163800348204225274e-02,1.821440305614942246e-02,-1.426483981116445296e-02,9.342724016804571791e-03,1.500996343832431161e-03,-1.346561413005593726e-02,-4.082955380022642460e-04,-1.866107213047237326e-02,-2.857493554858354934e-02,-1.382877919039613920e-02,-5.114516884842369672e-04,-3.535123128963990353e-03,-1.584261504419888847e-02,7.827290881561164981e-03,-1.313571600441157221e-02,-8.902426262815951036e-03,-3.663180596115504090e-02,-2.079781956401923620e-02,-1.054695876940376243e-03,-1.200576482609208746e-02,7.097253006396915531e-04,-1.168132627733197218e-02,-1.367505238092292692e-02,2.411347155767123995e-02,-9.611420214197216247e-03,9.662025881455245033e-03,8.904766672482109652e-04,-1.710929663948057913e-02,5.100093539109838356e-03,-8.613155519503900778e-03,2.529379362630966056e-03,1.407675999250173476e-02,1.081132784529646902e-02,-1.144568975530909846e-03,2.240351475267956388e-02,-2.274322547596528080e-03,-4.463483628624499537e-03,6.986210734348163517e-03,2.160088099913063178e-02,-1.252089449430326441e-02,-2.412754597221702588e-02,-2.731265804825753693e-02,-1.713295743721243020e-02,-2.279006276946523440e-02,-2.409533965485593371e-02,7.000890348536331804e-03,-3.759924017828326914e-02,-1.971944320456698110e-02,-2.547735474822424018e-02,-2.599713697955070499e-02,-8.374257946269671529e-03,-1.454834604204791743e-02,-1.242870627636453486e-02,2.802966245723294975e-02,-7.311252497916610575e-03,2.098460882263159660e-02,5.455464823253282358e-02,3.828256144848151635e-03,2.905212388310001934e-02,7.879733118405176165e-03,1.348943607551310320e-02,3.111913953573392996e-02,3.197766603632449037e-03,1.094071056449368896e-02,1.942146362847612523e-02,2.068082460702397665e-02,-9.842434756877545612e-03,1.047453684834933826e-02,9.731762833734437096e-03,6.178110765512811672e-03,1.701234763159641811e-02,3.148902810725720796e-03,1.257649639108688287e-03,3.962710759860879443e-03,5.111200319340421065e-03,-9.692984418887357068e-03
2.870440310293339570e-01,1.000000000000000000e+00,3.246884584850991962e-01,3.651220019472261047e-01,2.474168030253984241e-01,3.072226159621154751e-01,-3.608260106908568049e-02,2.281932251113138674e-02,1.899371462603751115e-01,-1.429523976942640405e-02,8.258918403705461930e-02,1.527386183516101781e-01,9.414095669217230344e-02,1.221505784941996492e-01,9.012572091161959176e-02,4.571432181855217963e-02,9.758513820004212011e-03,2.369939597158910241e-02,7.857451950083678069e-03,-3.889015793502943741e-02,-3.208232427165155082e-02,-3.096208505934099769e-02,-2.449860504908915604e-02,3.276269494053209164e-02,5.871924869812746028e-02,1.746958099147384808e-03,3.211179635321126380e-02,-3.273626443254645108e-02,-3.119090492541498269e-02,-2.910135919901369467e-02,-4.526027249703070549e-02,-3.984329254951446408e-02,-2.422736133542442369e-02,-5.012273551384777495e-03,-3.740225492942967495e-02,-2.952935894492743699e-02,-4.859698081110602579e-03,-3.679004706574201533e-02,3.881368995641604376e-03,-3.463075678558847487e-02,-2.361917421692523184e-03,2.979012397103606227e-02,2.309118898854268034e-02,6.382192011879282700e-02,7.358664347883195345e-03,-1.721706064904842889e-02,4.341501213521029717e-02,2.100607321121145815e-02,1.414058074647238893e-02,1.932308819250773760e-02,1.462779578282121309e-02,6.795958834271064071e-03,-1.209889063892345337e-02,-6.012651909965461856e-04,-2.647417434144395260e-02,-3.574109422041779616e-02,-3.739546801987373575e-02,7.274028062080910816e-03,-3.169457785373418907e-02,-3.227095864583308382e-02,-2.180412705964568723e-02,2.714205787490789334e-02,-3.251392057323058971e-02,-3.146934610068957000e-02,-3.345291915533849664e-02,-1.049146188693537724e-03,-3.449358453637145494e-02,-1.566136496854275001e-02,-2.428356752754354253e-02,-5.525051331211493916e-02,-2.788951025118728555e-02,-4.688869434936857733e-02,-4.355948685398700754e-02,-1.612453741455333045e-02,-2.842687434910296570e-03,-1.570918605175561020e-02,1.015212009243218576e-02,-2.157801326461064248e-02,7.836977036333826752e-03,-6.988124356025525105e-03,-3.639344761612366141e-02,4.290499139382951063e-03,-1.520920125184312133e-02,-2.241254261953132265e-02,5.024333335406921952e-02,-4.136292600776171613e-02,-8.416448729307685409e-03,1.814887175731077259e-04,8.070145841316218871e-03,5.096629209224934343e-03,1.725143618036565143e-02,-2.702451426972263347e-03,-2.676675231479608633e-02,-8.242575661295317366e-03,-1.349622627115751490e-02,-1.880274527935811568e-02,7.003488844308253074e-03,1.178460726227105286e-02,-9.510177157506136472e-03
1.093146448038343072e-01,3.246884584850991962e-01,1.000000000000000000e+00,4.778131327200360601e-01,-3.397372976558274416e-02,3.629252054887605605e-01,-1.897291884260528527e-01,7.178988434642049644e-03,3.102488048579839508e-01,8.689722767395183234e-02,1.638802645500453403e-01,2.349790662596557278e-01,1.391151300076390873e-01,2.037535524880480509e-01,1.085171845311047739e-01,1.074370941191470641e-01,9.546395998097149949e-02,6.963077091986313860e-02,2.266895626299248942e-02,-6.551079349454488887e-02,-2.399587028056433119e-02,-2.314143649051139673e-02,-6.781500566890102943e-02,1.348994576987135041e-02,4.394314015088836983e-02,1.794197237443775905e-02,1.428730621654680441e-02,-2.291984271473077386e-02,-1.890824971836603530e-02,-2.514365242538686360e-02,-3.152931253340320039e-02,-2.693869004216460986e-02,-3.533344256227106961e-02,1.017866289446770454e-02,-3.083574905777050276e-02,-3.528517566580387926e-02,-1.111745209032178466e-02,-1.634787342448641712e-02,-2.426937585899937438e-02,-2.042841520783480677e-02,3.446906361271582977e-03,5.622119535001079971e-02,6.135167898399128926e-03,5.580786005857482635e-02,3.842485346239338934e-02,2.332659370832600859e-02,2.782904653642220144e-02,6.052837058893885576e-03,8.884138885220263168e-03,1.477832016146556939e-02,-2.061346218566713004e-02,-1.082803886539717916e-02,-5.830648337777149907e-03,-3.091124795511284926e-02,-2.201327064350075066e-02,-4.454771174033015507e-02,-1.402482974017993898e-02,2.361519940379493837e-02,-6.937247692933978804e-02,-2.926329010133721376e-02,-1.126967609535814777e-02,2.678726577497625785e-02,-8.643769119001682572e-04,-1.052829632090565223e-02,-2.981279440174798220e-02,-1.052475546288365003e-03,-4.038287695267614441e-02,-8.944197635293492377e-03,-1.239649387010471546e-02,-2.279484944000121846e-02,-5.573658842223269683e-02,-1.380246242089486555e-02,-3.084129150376338502e-02,-4.346146241822267109e-02,-5.048863039982038302e-03,-5.998137164602715399e-02,1.548668738287277023e-03,-1.784464922949749108e-03,3.583013525218052553e-02,-2.054199552234293059e-03,-1.226513124870123525e-02,8.656482761265425763e-03,-5.094831178511936842e-02,-3.069286732615222196e-02,1.475281172563376077e-02,-8.652739825796623707e-02,-3.940337956758243471e-02,-3.226970643079948853e-02,-1.884692870008734811e-02,-1.105289312302538442e-02,3.099864149727653284e-02,-4.692251300389629204e-02,-6.259782153150157680e-02,-1.528555771529613999e-02,-1.948437605733055467e-02,-2.243438131573459796e-02,-2.515286741503250986e-03,-1.393470884377718405e-02,-2.950829998711239702e-02
1.774329479173697433e-02,3.651220019472261047e-01,4.778131327200360601e-01,1.000000000000000000e+00,3.649236996454659487e-01,4.438935509023378412e-01,-3.415095183489814945e-02,5.976669892093050551e-02,3.150808947778194202e-01,-2.978922380791425295e-02,9.466659366932596298e-02,2.547509609800577279e-01,1.632795317212130670e-01,1.840804996433473284e-01,1.542418690090332223e-01,1.167430931344854289e-01,8.483229988247593945e-02,1.914244215098417912e-02,4.004480360603764749e-02,-6.793288499322845675e-02,-7.127385864050964082e-02,-6.180734833658895616e-02,-1.346715010911904908e-03,3.706985797263592092e-02,7.694312080604359672e-02,3.798550846672194697e-02,3.204031708588838540e-02,-3.128078658750893526e-02,-6.008653183695434816e-03,-3.249313762617266760e-02,-3.748894545339986895e-02,-3.739691608360803249e-02,-4.740289332590202215e-02,-1.212988805601754143e-02,-5.274996350527032946e-02,-5.309937557210443748e-02,-3.788004148391982406e-02,-4.602816641359780414e-02,-1.196204194158229442e-02,-1.301073105397299902e-02,3.188619095656294866e-02,7.353748117489056213e-02,3.883695295692826677e-02,7.350237234225384664e-02,5.651740971535210850e-02,1.085066522929793026e-02,4.599016886820602584e-02,3.921018556761395740e-02,3.179002429368035787e-02,3.547192138177260312e-02,2.374443641953511222e-02,2.507177301602365321e-02,1.082978003932554348e-02,-2.436922256009983051e-02,-4.561595215725330194e-02,-6.661934629009923226e-02,-4.925079304983409623e-02,3.758018721793371722e-03,-6.617614752468324590e-02,-3.172975460236538564e-02,-2.086668696745307486e-02,3.444246971866676138e-02,6.762943779641794259e-03,5.855244313537830148e-03,-6.992423835955072740e-03,4.733493096377312803e-02,-2.100526657527277893e-02,6.224873718121264618e-04,-1.730758511253702864e-02,-4.212447662711507612e-02,-6.799924503848697732e-02,-4.550825545496645086e-02,-3.107359533064869492e-02,-5.898480546690206688e-02,-3.410751275916142772e-02,-4.377932269395724829e-02,-2.443861973335842777e-02,-3.246298898998631333e-02,-1.509924747306465309e-02,-5.615829765983012395e-02,-4.786196162387056779e-02,-3.500232102299138167e-03,-6.701513793240315708e-02,-4.226555990101730359e-02,2.251932413439975897e-02,-8.329997451697543354e-02,-5.465715855229570652e-02,-2.943524520123914565e-02,-2.739291284953691494e-02,-1.736011327579820365e-02,1.541132702126164593e-02,-4.934597265534881178e-02,-6.108753024045517066e-02,-2.047780241883741248e-02,-2.186602183533291680e-02,-3.497238823028336885e-02,-4.539563936926489449e-03,-1.057851174751602702e-02,-2.785243866483975636e-02
-2.893133346247906898e-02,2.474168030253984241e-01,-3.397372976558274416e-02,3.649236996454659487e-01,1.000000000000000000e+00,3.064771977381097745e-01,1.895486954783979772e-01,-5.967327331053177628e-03,1.358418119581075445e-01,-1.258119092205649270e-01,1.062715470680273833e-01,1.331118327603003082e-01,2.015760539914491778e-01,9.041051078933746987e-02,1.271643089467136278e-01,1.027583542838882286e-01,-2.193259536751182570e-02,-4.476988840404493020e-02,9.465825160384969822e-03,-1.634122559075990022e-02,-1.034999216303898045e-01,-8.832044928501454895e-02,4.698079375822018094e-02,2.597317428666144623e-02,7.081683109196057480e-02,3.554304582115531269e-02,6.680801532824769129e-02,3.082354281633553628e-02,3.331839615608885724e-02,1.549346444057046746e-02,-1.614351897325602692e-02,-3.841955937419394562e-02,-4.448978636064691849e-02,-3.296227443080351760e-02,-5.391977276557374105e-02,-4.719593010399442123e-02,-4.732951500940812267e-02,-5.434973141288793053e-02,1.276723668828065074e-02,-2.056800957517358752e-02,4.687740097565017139e-02,4.458542326755174368e-02,4.471773486054249347e-02,7.835713135073679725e-02,2.200485434494618003e-02,-8.218568303569274633e-03,4.496978904024749590e-02,4.485185128034308022e-02,1.841082456817962759e-02,4.935764901557117973e-02,5.866469257250342406e-02,2.670441286642981360e-02,5.658921854667691570e-03,3.302722271266776526e-03,-4.374115229875893268e-02,-3.480006820319357652e-02,-4.179346298328823206e-02,-1.068947378563807685e-02,-2.561626665292803320e-02,-8.081362235542868117e-03,-3.531193812113109232e-02,2.435664281740661241e-02,-1.792496635945856065e-02,3.300289763761580543e-03,1.537027280571169781e-02,5.059658807731190477e-02,6.080777893713102539e-03,2.322953352774075747e-02,-1.833028199660912891e-02,-2.369007602022433698e-02,-1.351159257280617511e-02,-4.176976863082410701e-02,-1.258691302362479475e-02,-1.004669337801694304e-02,-2.512027912180337524e-02,2.238615436113725390e-02,-2.898262211310577430e-02,-4.845829552977704707e-02,-5.370730132969148835e-02,-8.153906313898477698e-02,-8.672373203892537463e-02,-3.941629548474436667e-02,-4.531673636734932092e-02,-3.484856674779179125e-02,1.827301802233129852e-02,-5.782532179834883740e-02,-4.212234159003032385e-02,-5.377972156491099553e-03,-1.600766895006804774e-02,-2.740192922031411526e-03,-9.643311483312050000e-03,-7.127375971544296432e-03,-2.855463754937650339e-02,-3.979562143932904861e-02,-2.676040371324942685e-02,-6.040868090596610007e-02,-2.207605511634195411e-02,-5.365407947519370245e-03,-3.165820029623171022e-02
4.173200438603787837e-02,3.072226159621154751e-01,3.629252054887605605e-01,4.438935509023378412e-01,3.064771977381097745e-01,1.000000000000000000e+00,1.778431326433670689e-01,-4.030824162286315848e-02,3.417112849323171164e-01,-5.842627094394949039e-02,1.512377565571223770e-01,2.651071640934666851e-01,2.965148181723387677e-01,2.132008652661420423e-01,1.965316595540642364e-01,1.898567637107997919e-01,7.977839185584885418e-02,3.120577713863204039e-02,4.717713942557848900e-02,-4.675379879753632784e-02,-8.342993298940298841e-02,-7.322401606577443045e-02,1.949566894508357462e-02,4.399477483381779297e-02,1.060430200644529031e-01,5.368894977254862200e-02,5.216952022559409596e-02,1.626656482212159374e-02,1.345776483280022515e-02,2.130910866037493204e-02,-2.857216911439981310e-03,-2.582976988372097035e-02,-5.468663693568716344e-02,-3.677653425103677431e-02,-7.571273720888349601e-02,-7.262698146422091883e-02,-5.533035805616851044e-02,-6.274028778616450031e-02,-4.777150964858577209e-02,-7.134787108008458500e-02,-7.742377976876913502e-03,6.052077729423600144e-02,4.128720001192010686e-03,7.070674805550351827e-02,5.576644225140389710e-02,4.562413978829153727e-02,5.223157562073501431e-02,4.687532316788283610e-02,2.446045902113699183e-02,4.627725518868563287e-02,2.344985559740125208e-02,-1.019187748807720215e-02,9.085031534503903734e-04,-3.105028581603193685e-02,-4.400187380270593335e-02,-4.261569541047777882e-02,-8.138692826667701108e-02,-8.402764550916045488e-03,-6.845456280129219584e-02,-6.688158676284820803e-02,-3.212065981566535056e-02,3.708626692300597688e-02,-2.607801390673898916e-03,-1.318616938938771887e-03,-4.790444544720521766e-03,2.501509542999292429e-02,-3.920058917164052914e-02,4.846833144795103035e-03,-3.128986406075281307e-02,-5.819897970298463369e-02,-1.408235662618424408e-02,-3.978646538393082466e-02,-2.811586592651478186e-02,-2.919235010129930807e-02,-2.291979374195429395e-02,-2.081013888503009668e-02,-1.014207780468631692e-02,-2.123161162698617224e-02,-1.737181572311862279e-02,-4.487382679059567087e-02,-5.672031768313186284e-02,8.131473337643777693e-03,-8.429950735761147784e-02,-3.593678804646367742e-02,1.600100688985709591e-02,-9.802177140231700669e-02,-5.288930761349829729e-02,-2.557882883785551550e-02,-3.353434333299157993e-02,-1.934891069417105092e-02,6.023650032274524384e-03,-4.302423660289243085e-02,-7.217843054747750953e-02,-4.372275671451639895e-02,-2.896895017953886667e-02,-4.448780049704991607e-02,-3.329365586526392834e-02,-4.650196218332334347e-02,-7.125081637148161784e-02
-1.137999171361959994e-01,-3.608260106908568049e-02,-1.897291884260528527e-01,-3.415095183489814945e-02,1.895486954783979772e-01,1.778431326433670689e-01,1.000000000000000000e+00,1.724785881515386587e-01,-5.289011065551296048e-02,-2.123868041380070140e-02,-1.471060919329146288e-01,-7.971602774864861019e-02,6.566303905102360838e-02,-9.395660553521666125e-02,7.392067888625072913e-02,2.114855037194057069e-02,-3.416599717938838265e-02,3.285185717353894096e-03,5.878679064757661582e-02,6.687434027394632829e-02,1.707391956395918134e-02,4.037984252149428438e-02,9.424970589101286378e-02,3.228831106578747279e-02,3.153341862716182303e-02,1.885629593399029691e-02,3.655695126865230599e-02,1.133412978239023775e-02,1.179542147144825408e-02,2.767061305099657170e-02,4.245930518710811646e-02,2.425630207302854370e-03,2.797299214610110552e-04,-2.446693115183292550e-02,-1.993768206056297995e-02,-2.566940482945413715e-02,-6.238251522499795032e-02,-2.844142033603446959e-02,-5.291956242624969164e-02,-2.157607178152964184e-02,-1.015480487001471296e-02,-1.411232617000854382e-03,-2.728578938089581442e-03,-1.230228795960373704e-02,2.044351016178513891e-02,3.644312111376929453e-02,1.332048770112309426e-02,-2.126312154164745254e-04,8.449235986610890460e-04,-2.217113020736335982e-02,3.243005379080165888e-03,-3.102479889184035083e-02,-4.456782547596868649e-02,-2.773234630052740304e-02,-7.814991210002132649e-02,-4.822597974782944635e-02,-5.523134473373056408e-02,7.143175053954430639e-04,-3.240582287188890388e-03,-3.180321683796063365e-02,-4.208496570134279136e-02,-4.408168968001658500e-03,-4.614097113751899903e-02,-3.302557615062141905e-02,-4.315497534175446667e-03,9.639738146291864165e-03,7.425642433168453890e-03,-1.020491282144585926e-02,-1.515807464526304667e-02,-4.154667709607171543e-03,5.383695264628417937e-02,8.851830506976269761e-03,3.872133236237128989e-02,7.680246367459009349e-02,2.787715700026971791e-02,7.561764197172406166e-02,3.258428496575253158e-02,3.178453214917590502e-02,-4.348442897376646188e-02,-2.731627466930835069e-03,-3.749727948658523879e-02,3.728346386309197569e-02,-1.149027428137867554e-03,3.883161094956648351e-02,5.943412287794951412e-03,1.790860263738337788e-02,-2.285891242587738924e-03,-9.973666043221347463e-03,-1.534488716543172754e-03,1.337175450602349179e-02,-2.089159068706113523e-02,1.453696578538115486e-02,-9.310989697979166202e-03,-3.076278348202165017e-02,-1.670381682176843782e-02,-2.366625742719263154e-02,-3.423914993597654971e-02,-1.482397351090005387e-02,5.037681962232063576e-03
-1.203041294105397681e-02,2.281932251113138674e-02,7.178988434642049644e-03,5.976669892093050551e-02,-5.967327331053177628e-03,-4.030824162286315848e-02,1.724785881515386587e-01,1.000000000000000000e+00,1.472771640100734580e-01,3.217566082684703566e-01,-7.027895944540482609e-02,8.822960631220903849e-02,-9.782521083314051069e-02,6.295684215439466269e-02,6.533116099728514259e-02,-6.321403764024551009e-02,-4.205961252970150804e-02,3.491460339513845906e-02,3.159969330797302717e-02,7.285763818812597548e-02,5.744115718602291198e-02,6.634839020833928347e-02,3.806836901962953879e-02,6.583300475229240944e-02,2.528912048645723040e-02,-5.030482438819589355e-03,-1.037168142022569690e-02,1.017965934674209053e-02,4.773947672261072417e-02,-4.405142252648141382e-02,2.173348815935382747e-02,-1.931379221993501788e-02,-3.422113367939275119e-02,2.099815105781039151e-02,-6.576013757302864859e-02,-6.568456856642565511e-02,-5.655714866295794008e-02,-4.930608737703210537e-02,-4.838170369139386390e-02,2.861411716346349762e-02,3.444423822037663563e-02,4.687482093709426090e-02,3.414876785634597678e-02,4.696123072904545559e-02,2.324589571839532492e-02,-2.716721175162611912e-02,2.051143143458818152e-02,4.381091646985213472e-02,5.979726188477087895e-02,8.225897783885971568e-04,3.323316961664814218e-02,1.445836546439610570e-02,-3.629856783358544753e-02,1.528221020980109236e-02,-4.625611459396085368e-02,-6.298628935108969984e-02,-4.665842061618871717e-02,1.738224918449104983e-02,1.333742154539587247e-04,-5.774998655366621325e-02,-3.284181529988920017e-02,2.536917567256034498e-02,-5.368817753663451126e-02,-6.567668444361521307e-02,-5.471952413658719150e-02,-5.198265554213551964e-02,-3.250786423865692498e-02,-3.472005592666584095e-02,-8.414227325197729673e-03,-8.734364775053807262e-03,-1.256913386972600098e-02,-1.748972305951656050e-02,-9.437703994977623273e-03,2.196709509723860851e-02,2.416552800000159457e-02,2.985665761223607606e-02,1.545356383083630950e-02,4.297079187990733573e-02,-1.300003383494972159e-02,3.251024883000285665e-02,1.004003576866998627e-02,3.271692078265661663e-02,3.549662061174883171e-02,-4.613002413361030896e-03,6.830718946047899254e-02,2.378430358396070934e-02,1.898035257970471720e-02,6.839269393609907072e-03,2.394953196722225675e-02,-1.154096738729286017e-02,-1.356919268286933648e-02,2.465787248122479000e-02,1.133633294820915113e-02,-2.199799011211028832e-02,2.049450573114097729e-02,9.824220208811407229e-03,-3.376772658146132838e-02,-2.882259984888684012e-02,8.626210997214559667e-03
6.564251519066292839e-02,1.899371462603751115e-01,3.102488048579839508e-01,3.150808947778194202e-01,1.358418119581075445e-01,3.417112849323171164e-01,-5.289011065551296048e-02,1.472771640100734580e-01,1.000000000000000000e+00,2.662692583193160822e-01,2.461585748837370746e-01,4.173300863452175102e-01,2.146657156301657321e-01,3.495561678953704732e-01,1.933216741793937765e-01,1.587675585686183222e-01,8.115375717539349831e-02,3.518097511871818434e-02,-2.017469755158361223e-03,-4.183667811334071396e-02,-5.670065192985976332e-02,-4.551158741425240239e-02,-1.249859311543639537e-02,3.105383348468917365e-02,5.145188069634254457e-02,3.056365848865431195e-02,4.837271554429222603e-02,3.744390479117568060e-02,4.896521848169623110e-03,-2.666976910294179340e-02,-3.008079397133089916e-02,-6.507667196287067468e-02,-6.720162865693281307e-02,1.338901923805612022e-02,-8.280440975139406745e-02,-6.549547630082913630e-02,-3.536083194943764885e-02,-5.019670438835966558e-02,-3.272397595766511624e-02,-8.360033431903361387e-03,2.801478498513262916e-02,9.041667585751129999e-02,4.453789206378319654e-02,1.254926072975607598e-01,4.769092971702443284e-02,2.501381849727712676e-03,5.656855045770683293e-02,6.523430635623542195e-02,1.058402314951569466e-02,3.874195994069485477e-02,5.257159489405494740e-02,-5.379347291716958350e-03,-1.405652909242684559e-02,-2.339376249915501790e-02,-5.134423492806589745e-02,-2.347857873933377124e-02,-2.469735972738782218e-02,3.401987084859579152e-02,-1.212934199669396702e-02,-2.393037040257740139e-02,-2.722591088247956065e-02,2.995734033865743787e-02,-1.940721011425538059e-02,-6.064630254927850378e-02,-2.577292147159050001e-02,-5.599997110312292942e-02,-4.777123832081050375e-02,-1.693891743637501376e-02,-2.299283918987328479e-02,-5.697446289229421423e-02,-2.029610612002773901e-02,-5.233220345464621726e-02,-4.214434864941584563e-02,4.128347292721675551e-04,-2.622954956492880643e-02,-8.710334234107408938e-03,-8.702212485543566909e-04,1.208338404449102238e-03,1.317619845556786129e-02,-2.787754446133793376e-02,-3.919446063106732381e-02,-2.309214028217176397e-03,-6.775904952021689909e-02,-8.608977907439339938e-02,1.787101727517272087e-02,-1.025954218300976217e-01,-4.617505192860489605e-02,-2.169446407009411465e-02,1.432407715985694035e-03,-2.643374785226667786e-02,9.661077190530735839e-03,-1.869647491277836790e-02,-1.664373728378028619e-02,6.133006923396479597e-04,-1.224792981753289496e-02,-2.239561329692401140e-02,-5.606053535134119040e-03,-1.681200622825547789e-02,-4.592281415299602487e-02
2.682234207695559716e-02,-1.429523976942640405e-02,8.689722767395183234e-02,-2.978922380791425295e-02,-1.258119092205649270e-01,-5.842627094394949039e-02,-2.123868041380070140e-02,3.217566082684703566e-01,2.662692583193160822e-01,1.000000000000000000e+00,2.644659407194712153e-01,2.285239206864342343e-01,1.928342307833128266e-01,2.748065759079238446e-01,1.276958623612835797e-01,1.858096729497834554e-01,-2.090688602691594469e-02,5.215886602792809898e-03,4.185812916382681409e-02,1.316897442401289975e-01,3.318610267619142434e-02,5.395032120120413915e-02,5.504660067095041437e-02,5.128332493656317936e-02,-5.432051474732542580e-03,-2.217205283083965167e-02,5.071825034870780166e-03,1.308673371417824229e-02,1.692826884742723928e-02,-6.003368209002780259e-02,-4.160278341451735702e-03,-4.454893704709703833e-02,-7.512208545439483243e-02,-1.219735366798865156e-02,-9.414833229479692422e-02,-6.711090174805468822e-02,-3.696744082776807355e-02,-3.308716806691321816e-02,-6.143806920191353937e-02,4.926019845027205558e-03,1.912272995890324651e-02,7.742214873744156234e-02,1.298027342809075389e-03,1.099835705325737656e-01,3.653443786857715064e-02,2.257102911571658502e-02,4.020898784751548299e-02,5.480896176901685346e-02,4.651636166807891770e-02,7.335496624285503531e-02,4.450886902705137455e-02,1.944820108035268807e-02,5.433190976755140379e-03,-7.129956178189175665e-04,-5.698828051061222491e-03,2.436338356338482725e-02,-1.339455266452959682e-02,4.844077314125237038e-02,9.775921856749239178e-03,-4.762374799247320878e-02,-1.619077639693110304e-02,2.416870211184171668e-02,-5.249743948021463186e-02,-8.945623393099334797e-02,-3.713150571301700870e-02,-8.908984523208383910e-02,-4.340289335984148789e-02,-2.541934272691068978e-03,-1.557713175738242341e-02,-2.411143345256401907e-02,-2.579897954053212913e-02,-1.446094425110119007e-02,-3.053275521140474610e-02,1.225751098534353517e-02,2.071019797157998971e-02,2.493111503552397634e-02,2.856825107244582648e-02,5.314003976650088362e-02,1.045636064875627921e-02,4.114074754291122127e-02,-3.800673619492568860e-03,3.763205210837997777e-02,-3.847055934632190310e-02,-2.608906135457102204e-02,6.601362649052586185e-02,-7.020634070073170085e-02,-5.071641375270945391e-03,4.095505524103051215e-02,2.826260827262230130e-02,-3.353462424899472140e-03,1.493900303760116975e-02,3.285950259138090135e-02,-1.018991429018266783e-03,-5.265583563057221403e-03,1.240713956575105990e-02,5.187515370421059459e-03,-1.858485835413953638e-02,-3.143919341885739044e-02,-1.125843180742911419e-02
5.466143324034085371e-02,8.258918403705461930e-02,1.638802645500453403e-01,9.466659366932596298e-02,1.062715470680273833e-01,1.512377565571223770e-01,-1.471060919329146288e-01,-7.027895944540482609e-02,2.461585748837370746e-01,2.644659407194712153e-01,1.000000000000000000e+00,3.603851947518517673e-01,4.225904790698220004e-01,5.369797793598616309e-01,8.445346494385592984e-02,3.492230010397365247e-01,-3.159996363380197099e-02,-1.457387858430119754e-01,-3.263340973105983284e-02,-1.702600920756272215e-02,-1.097979182120913944e-01,-9.576186111113672850e-02,-1.817819476580585141e-03,4.635717045608760134e-02,6.507395080892966477e-02,3.475295454984753118e-02,8.112842574585810151e-02,1.418120983985707850e-01,6.146016417627585271e-02,6.531328489928306391e-02,6.457522163013018623e-02,4.073448545450093425e-03,-2.139395875821988383e-02,2.583646829014824703e-02,-4.562075120854380134e-02,2.710874902045770293e-02,2.836035251820639633e-02,2.635612875622499705e-03,4.343854585639487370e-02,4.430516577770267361e-02,6.579119750877866768e-02,1.223124789971713477e-01,6.643558167792423808e-02,1.291999774736430906e-01,1.045304452863577288e-01,1.118639458526614946e-03,1.980602473935275804e-02,7.795691029129339644e-02,1.609426097635064182e-02,6.943496361837446507e-02,8.161918113927624230e-02,1.777208430570723086e-02,5.640863361437729179e-02,1.754696381578793596e-02,3.757381862004788037e-03,1.449555827579237198e-02,-3.626536037899290299e-02,-1.742495403560915743e-02,-7.863146523505899765e-03,-9.145613087226021898e-03,-2.463723132221571147e-02,7.629971622198886312e-03,-1.638387376244598848e-02,-2.163692113525733304e-02,-2.485838888956648160e-02,-4.431650250582407774e-02,-1.890014948431686936e-02,1.177236883055111059e-02,-4.855315932933208789e-02,-7.329319952435119079e-02,-3.220119405394969436e-02,-6.436461223309312973e-02,-6.753867469636000431e-02,-2.754630936725831897e-02,-4.812916965974087941e-02,-6.906530244304408435e-03,-5.024606290301808498e-02,-2.425759560660129335e-02,-2.063913483264321821e-02,-7.545369254666936532e-02,-6.825759876000238313e-02,-3.170249038641161088e-02,-1.268775112541130068e-01,-9.390415215893713197e-02,-1.805940621630995960e-02,-1.527097421214263784e-01,-1.008186217501271242e-01,-3.899628216477166870e-02,-5.933984853299774376e-02,-6.823956940691944251e-02,-1.984798058811502314e-02,-3.307311690794673825e-02,-5.574057674481364133e-02,-2.717197318920490726e-02,-8.848025524373779455e-03,-3.882143286034336893e-02,-1.995758525740060768e-02,-3.809205716416403514e-02,-5.039174096009428616e-02
3.212359936774371316e-02,1.527386183516101781e-01,2.349790662596557278e-01,2.547509609800577279e-01,1.331118327603003082e-01,2.651071640934666851e-01,-7.971602774864861019e-02,8.822960631220903849e-02,4.173300863452175102e-01,2.285239206864342343e-01,3.603851947518517673e-01,1.000000000000000000e+00,3.756777088367072026e-01,4.963603981017874478e-01,4.203660471407864030e-01,2.052225375136161878e-01,2.790047558789943496e-02,7.807760842535517443e-02,1.127302730224685606e-01,-8.964699895978800459e-02,-7.185605044514840889e-02,-6.085747906266734952e-02,-2.634168083951810360e-02,7.986181087834384740e-02,9.566376548700039617e-02,7.571018703867594957e-02,3.883480700555561049e-02,2.936499621592931694e-02,-5.605396970008991869e-03,-6.318624641421052845e-02,-7.468681037120508681e-02,-9.754594943574558530e-02,-7.600211253409830392e-02,-4.630891420577185058e-02,-7.426795661949081584e-02,-1.423375575975081679e-02,-3.515341265742727428e-02,-6.917727864577764667e-03,-2.352721780879033636e-02,1.221167051328624249e-02,5.637144160870676685e-02,1.079024918565325841e-01,7.381605835097884705e-02,1.396967813229998412e-01,7.024492313496033535e-02,1.945961128270034049e-02,8.439467660066500565e-02,1.242370862434018230e-01,6.612180799232963979e-02,5.843673726713383143e-02,1.035414856328727429e-01,1.820767691158236071e-02,-1.105472291841693919e-02,9.751269205419032171e-04,-4.906591360142285863e-02,-3.979121611862350416e-02,-5.658706000163481881e-02,-9.453350873283130826e-03,-6.022265243818141628e-02,-3.331719693619419193e-02,-4.706325966999155841e-02,5.179512687281739164e-03,-4.344155413719687914e-02,-5.533997972276235439e-02,-6.016477091109541375e-02,-9.381288640832910475e-02,-8.469405021329087790e-02,-5.055871636571965949e-02,-6.416694460182190141e-02,-9.561476025832686687e-02,-4.435578056457159524e-02,-8.996817898190517804e-02,-5.246669532713937878e-02,-2.523097722689855715e-02,-6.048239069334911816e-02,-1.839983404332173195e-02,-4.325526032372563334e-02,-2.964065460642302530e-02,-1.328063776806816254e-02,-6.681491260408144173e-02,-8.876748575073017955e-02,-2.887504333572156121e-02,-1.246285509161224186e-01,-1.135429250702937598e-01,2.306372229156655393e-02,-1.442608173237301949e-01,-7.202391800920047993e-02,-3.301787157833089431e-02,-1.161609732590233000e-02,-3.050168139419296570e-02,-9.609275842924402608e-03,-1.748824228623713575e-02,-6.456205462992492539e-02,-1.887362313662547739e-02,-1.849278218439878718e-02,-4.707403590984877290e-02,-2.620694186679128207e-02,-3.388882952015533773e-02,-5.862643604418243948e-02
1.985400918109919352e-02,9.414095669217230344e-02,1.391151300076390873e-01,1.632795317212130670e-01,2.015760539914491778e-01,2.965148181723387677e-01,6.566303905102360838e-02,-9.782521083314051069e-02,2.146657156301657321e-01,1.928342307833128266e-01,4.225904790698220004e-01,3.756777088367072026e-01,1.000000000000000000e+00,4.286635964308879720e-01,3.065741911221004923e-01,5.742278417777291200e-01,1.104533644875270587e-01,6.839384591628213869e-03,1.250555003554749411e-01,2.097933221193601719e-02,-6.727857112569515796e-02,-3.184320960590054927e-02,6.644950169931609918e-02,1.236611844241332497e-01,8.716236105981782500e-02,5.821074620612169681e-02,9.995643118574748520e-02,4.416821207330582505e-02,1.019730089738622725e-02,-1.372233001338911927e-02,-2.742296366035238200e-02,-9.949301751007977312e-02,-1.129064315345144759e-01,-8.269388586556492005e-02,-1.174206425154022404e-01,-7.161246222528028227e-02,-7.198158682642412376e-02,-2.943654206506668772e-02,-8.564560439891411026e-02,-4.295621116434430314e-02,3.032208752206204394e-02,9.466790673005884282e-02,1.394362930424892372e-02,1.152336785755063292e-01,8.160297075227572472e-02,6.927395525489651873e-02,7.681724111726383197e-02,9.134139728399376379e-02,3.999520457830212095e-02,1.173493069664994365e-01,7.019654355349615182e-02,-7.781511728812370333e-04,4.867452529231397484e-02,4.953804818600370669e-03,-2.777752968232294339e-02,-3.409380193133494490e-03,-6.610589598917859799e-02,-6.399886005726634908e-03,-6.127643523519061414e-02,-4.119315056888769866e-02,-2.740389866545949252e-02,2.102470534156060389e-02,-1.427909460718107017e-02,-2.294793323542980087e-02,-1.331304932649987616e-02,-1.486690991841024996e-02,-3.929855582209392656e-02,3.994547872925238025e-02,-3.927165883261464485e-02,-3.249556845142220762e-02,4.793232983486490732e-03,-4.022449227568882651e-02,-3.974244642725138776e-02,-3.120873309238590340e-02,-3.874366936863107846e-02,-9.845909574584096793e-04,-2.890528429065110719e-02,-2.524291054604060544e-02,-1.086440819737560792e-02,-6.345972138764527370e-02,-1.135376311075552425e-01,-2.306560873230853806e-02,-1.133553596942276503e-01,-5.952327211874077623e-02,3.012775890988995259e-02,-1.441525344707343115e-01,-7.045160192479300865e-02,-1.154028283766399092e-02,-3.631320344981874698e-02,-2.664336114761309965e-02,-1.171310143308916009e-02,-2.983088774959373815e-02,-8.816036178734032447e-02,-3.456211995776440477e-02,-1.473468470889335337e-02,-6.422511832370320084e-02,-2.910522152764431422e-02,-4.788509720332418534e-02,-6.334052069494303105e-02
4.989406421031390010e-02,1.221505784941996492e-01,2.037535524880480509e-01,1.840804996433473284e-01,9.041051078933746987e-02,2.132008652661420423e-01,-9.395660553521666125e-02,6.295684215439466269e-02,3.495561678953704732e-01,2.748065759079238446e-01,5.369797793598616309e-01,4.963603981017874478e-01,4.286635964308879720e-01,1.000000000000000000e+00,2.987450573989716696e-01,4.049504220666245158e-01,3.661021971591254913e-03,-1.167318001389372473e-01,5.467619838443286279e-02,-7.494040012654235028e-02,-1.501925169083198341e-01,-1.436128618012602887e-01,-8.820137057590389518e-04,1.132672005919991565e-01,1.554708055284320378e-01,1.136946553973026824e-01,1.065465169000201634e-01,1.179705595807815505e-01,4.770575849274737157e-02,1.113632545530185945e-02,4.341356615658731322e-02,-2.769864370246016838e-02,-7.120915664139376711e-02,-1.513862753900199060e-02,-7.912173570060326844e-02,1.350991762141160075e-02,1.945640411584727975e-02,2.041438668380696209e-02,8.862063177527404120e-03,4.843674492284966160e-02,9.108879207089529140e-02,1.505315704062233084e-01,8.638787887635306084e-02,1.628423423735868569e-01,9.666491285790149157e-02,7.053854919213771099e-03,8.069951866109124905e-02,1.176341330854001610e-01,4.360683980219030170e-02,9.333989567970289725e-02,1.036679385550096366e-01,4.003072533044878733e-05,1.343633625768320128e-02,-2.499845803864018425e-03,-5.769372094418110525e-02,-4.826800839318056563e-02,-6.576355139336992339e-02,-3.192937669812655893e-02,-4.218301260115991241e-02,-2.806963467613737134e-02,-4.675274093629867844e-02,-5.024439634698847634e-03,-4.104820829187567910e-02,-6.087584000580885391e-02,-6.382254763624248262e-02,-9.486150047396652019e-02,-6.437472416821864163e-02,-2.441560597044752437e-02,-6.756501826546403022e-02,-7.837892547664294940e-02,-4.633573556606998545e-02,-9.520344169964355119e-02,-6.316884414388011793e-02,-3.168435329883469848e-02,-5.782659869093351862e-02,-6.223638075737988884e-03,-6.057863565009851542e-02,-2.274465247123368117e-02,-2.441536538560280453e-02,-8.323016956791606802e-02,-1.120000670069511428e-01,-6.339627541884425288e-02,-1.482531432733765475e-01,-1.243128325767405701e-01,4.635735403271792031e-03,-1.587287076493928140e-01,-8.366322598919166686e-02,-3.861140869149034399e-02,-3.431652430121954339e-02,-5.788509770376745051e-02,-7.974385073720314642e-04,-4.085408498602691174e-02,-5.229611898456933139e-02,-2.083527749238002144e-02,4.617977558650165730e-03,-4.915585199796021487e-02,-4.196669361590823349e-03,-3.123189833049845252e-02,-5.573019523926497909e-02
8.714634462521554659e-03,9.012572091161959176e-02,1.085171845311047739e-01,1.542418690090332223e-01,1.271643089467136278e-01,1.965316595540642364e-01,7.392067888625072913e-02,6.533116099728514259e-02,1.933216741793937765e-01,1.276958623612835797e-01,8.445346494385592984e-02,4.203660471407864030e-01,3.065741911221004923e-01,2.987450573989716696e-01,1.000000000000000000e+00,2.181265289682543518e-01,1.090699018035127393e-01,2.593005866046231844e-01,3.789940269515829629e-01,-7.847017399474580379e-02,-8.621816575956095519e-02,-5.459606717696226935e-02,-1.099446857479759003e-02,1.126481096380615721e-01,1.277237150298471402e-01,1.235499305430616396e-01,7.382235914059460946e-02,-9.474914738527129288e-02,-5.444726494933253141e-02,-1.642799964138537405e-01,-1.132897465407759485e-01,-1.093777675334474120e-01,-8.647208553488554272e-02,-6.929586375363125383e-02,-6.880699835101700135e-02,-1.151276170395467736e-02,-3.601233526717806388e-02,3.286346491945716514e-02,-5.840086202571800889e-02,-2.937874898295619180e-02,3.300209236442976785e-02,6.975844237078157595e-02,1.217311274784588920e-02,9.490137999735502594e-02,5.003440220080852124e-02,5.503287574458888554e-02,1.076274813849182471e-01,1.373662029181771937e-01,1.062046961765002046e-01,9.007287273813567585e-02,9.825658353953085900e-02,4.165437716053001227e-02,1.418121239899953578e-04,2.922104116834685003e-02,-5.919929361753326763e-02,-8.166291252085039476e-02,-9.037008649529133797e-02,-1.882671000147170814e-02,-1.104169550952808637e-01,-5.748729250094383736e-02,-8.152074030190489817e-02,-2.199363051784859746e-02,-7.470210680741300180e-02,-5.745635407790496835e-02,-7.653417130606458840e-02,-8.096546169954764449e-02,-7.751737186301033145e-02,-4.500443835271029230e-02,-5.038937792837599322e-02,-8.297093452072698549e-02,-1.771597077117985711e-02,-7.654158922065963655e-02,-6.742385671370064622e-03,-9.607560247112238022e-03,-3.305385327678306978e-02,3.604165397792099493e-03,-2.053015883942527903e-02,-3.148629780466755818e-02,-2.918826568205950753e-02,-5.066325827760166656e-02,-1.189706616738158973e-01,-1.458864913813627540e-02,-8.055802379578558270e-02,-3.430728161870531812e-02,6.280035631928546080e-02,-8.130079622517208393e-02,-3.436983215311451706e-02,-3.031673664917278188e-02,-5.589197696100755772e-03,2.386380526697880200e-02,1.083296211117493885e-02,-4.667954164877523293e-02,-5.465390646704973432e-02,-1.096084033116770037e-02,1.966877778775466545e-03,-4.977320355933541329e-02,-6.590236952205755401e-03,-1.227822527201033291e-02,-2.814291871730746977e-02
