1.000000000000000000e+00,4.078371667225266783e-01,3.797262004687774195e-01,3.946568652001201660e-01,2.549170541046782423e-01,2.145730099640470456e-01,3.322016420200320508e-01,1.718950228155875781e-01,1.584542537279866325e-01,2.822045301192748212e-01,1.803718452643316983e-01,1.630953773828009712e-01,1.609368960670607696e-01,1.545894150832783365e-01,1.379623494172387554e-01,1.088988079632038086e-01,-3.152200163566493823e-02,3.484372491690990864e-02,8.995843690767024725e-02,9.777916041802110769e-02,4.170112716422195130e-03,5.699567673890130332e-02,4.425924537344576304e-02,1.160853437220493896e-02,-3.605234778235161253e-02,4.747804444822121411e-02,4.574589733286424376e-02,4.642936557159207944e-03,2.959945384226315285e-02,8.601210912678779533e-03,3.926515003128626391e-02,4.084030108650631846e-02,1.340374159078547810e-02,2.056853674514877092e-02,4.328291123428883169e-02,1.905001019340519771e-03,-2.674571672625320612e-03,2.319960296474153985e-02,1.703335310264942129e-02,1.111123625759870975e-02,2.021848176139243863e-02,1.496079798054291733e-02,1.854234927563693999e-02,9.027467121156410382e-03,-1.015788876614159494e-02,-2.176855133754082138e-03,3.723502054725340293e-02,-1.673227773598877670e-03,2.446850400264569819e-02,5.365399302886752868e-03,2.674882893260201525e-02,4.257753401617525579e-02,-2.003009245547661063e-02,-2.365381680717246540e-02,-3.347176974376834396e-02,-2.558653270797476426e-02,2.059921426192755714e-03,-4.986270443015640777e-03,1.147674865207658386e-02,-3.933342285442249786e-02,-2.908879795220534192e-02,-6.367737761572449251e-03,-6.018501770533118966e-03,1.612559679817891778e-02,2.971113148191701844e-02,2.691112649662416936e-02
4.078371667225266783e-01,1.000000000000000000e+00,3.525491861132807880e-01,3.083046919404516251e-01,3.776880523860314254e-01,2.142126174875894629e-01,2.865468937203365374e-01,2.321149274482952607e-01,1.494826323266143508e-01,2.312527227595805590e-01,2.003609568313604039e-01,1.390640717624111455e-01,1.447463982514018421e-01,1.765438258993997089e-01,1.217124358518432009e-01,1.018683634331096904e-01,-1.580751649310885645e-02,2.964033246666600285e-02,7.440203310247986423e-02,9.387859103231165070e-02,2.682438330774921872e-02,5.958996889377637940e-02,5.413256030920615691e-02,2.829697934196484868e-02,-2.644392048653906868e-02,3.894779596625333462e-02,3.654126303492959832e-02,4.637562290835774322e-03,3.989512926743428445e-02,1.859989532535253134e-03,1.785594466046673545e-02,2.643293429881165765e-02,5.502020169697758277e-03,4.156941864273139969e-02,4.164832800011888936e-02,1.009467976812410128e-02,3.708510037584615473e-03,1.066696900562193531e-02,6.998488269298718499e-03,6.337084289324497292e-03,2.071328473761637010e-03,4.178632779864700428e-03,2.427665890385684658e-02,1.901451025542667123e-02,5.689194999800441070e-03,9.996596540449900065e-03,3.995265954775312212e-02,1.199542766601929648e-02,2.656504646752374382e-02,1.584046611597565712e-02,2.706283126059861460e-02,4.418625051262555642e-02,-1.208651651868438218e-02,-2.139700746956285649e-02,-3.613931030588866250e-02,-2.551302939948678003e-02,7.734556780969805388e-03,-1.019888292241337728e-03,1.542035725313128242e-02,-2.215849113131506190e-02,-2.123594798572434397e-02,2.422302226452717477e-02,3.154629760657656073e-02,3.667048592969452195e-03,2.024683198422153746e-02,3.571403188456943878e-02
3.797262004687774195e-01,3.525491861132807880e-01,1.000000000000000000e+00,3.442994176952425822e-01,3.748770617920227921e-01,4.405889495589973004e-01,2.964255649428816919e-01,2.078870337744604668e-01,2.740624497373004842e-01,2.654003819777842610e-01,1.689537248179671380e-01,1.880102622756879560e-01,1.211323328589063164e-01,1.556393993255625330e-01,1.745678529130689771e-01,8.931163128521373007e-02,-3.079467233568751461e-02,8.406207909234021669e-02,1.093848962621883220e-01,9.378549401910861449e-02,-1.519674186875361911e-02,3.049434203074973329e-02,4.550919364939661621e-02,1.375380640955379923e-02,-2.716595215936743260e-02,2.537923924073527335e-02,3.285966761039084416e-02,2.586583595668856539e-02,1.875486539337004044e-02,-3.149995823831928509e-03,2.883975075625030277e-02,3.599493134952135714e-02,1.122637301285753404e-03,4.380914253678078185e-02,3.131384061726517204e-02,2.392352453374268009e-02,8.673383530128162943e-04,-5.211511764194980134e-03,-3.173235895288411927e-03,-8.857799586635146244e-03,-1.381032683415482111e-02,-2.910843304435406856e-02,-1.952249423929095992e-02,-9.600108299056700836e-03,-2.694420678441457329e-02,1.067874707630273208e-02,3.154874012368940467e-02,-1.347662818360878534e-02,2.619582016226920662e-02,-1.117749680232820592e-02,2.208842645233365792e-02,4.624784705283745828e-02,-9.788394424037217406e-03,-1.378286674315706666e-02,-1.181183234046343823e-02,-4.089996907120420702e-03,2.356055209604670034e-02,2.147817853713019504e-02,2.549770490089941014e-02,-3.360210306747119652e-02,-3.847930182718274639e-02,1.109146835704458503e-02,-1.181706587287810993e-02,3.148475349861905997e-02,2.064682823036788351e-02,6.214550193697292169e-02
3.946568652001201660e-01,3.083046919404516251e-01,3.442994176952425822e-01,1.000000000000000000e+00,3.923290665902224861e-01,4.038886540742088194e-01,6.720934912252105597e-01,3.318826178827009032e-01,3.084568957554319479e-01,5.813118054712786975e-01,3.098495787069590612e-01,2.734212870862937628e-01,2.431872965043234414e-01,2.805537312595882682e-01,2.622056467717132078e-01,1.739256857806746048e-01,-5.291262629816192303e-02,8.375180357261118036e-02,1.927172486124593132e-01,2.010090999802017220e-01,2.347597461967787860e-02,1.285531359408702556e-01,9.852956618217134643e-02,6.492694402071114146e-02,-4.417032376653473591e-02,6.233941404656938301e-02,1.110298994219527935e-01,2.647130547335282275e-02,8.394646409972039702e-02,4.778976760147370800e-02,5.969726980158013979e-02,6.542812524667165897e-02,3.641029086043321567e-02,6.901247491295106617e-02,5.798451629651848321e-02,6.606945924191974170e-03,1.190877460682292568e-02,2.904267500459526124e-03,-6.520109506465602590e-03,-1.000740417639509397e-02,3.627992473755280254e-03,-5.093504840333090873e-04,6.640111849095020396e-04,-1.888303836958118986e-02,-1.615955908018110523e-02,3.012566846989865252e-02,5.821493945107571871e-02,-1.475691405312850972e-02,5.728242895014801217e-02,4.395787177733246481e-03,-9.342045205735035121e-03,5.324669616587900112e-02,6.247024496301692778e-03,-1.748656181470701829e-02,-3.031884391485712218e-02,-4.351356387688998933e-02,-1.876608589376090042e-02,-5.192642839547366440e-03,9.558475629906281953e-03,-5.171862465961939159e-02,-7.381505271596117135e-02,1.389087976579678023e-02,3.678581792016926560e-02,1.577745704733063414e-02,3.193310046851409456e-02,7.048423514369102361e-02
2.549170541046782423e-01,3.776880523860314254e-01,3.748770617920227921e-01,3.923290665902224861e-01,1.000000000000000000e+00,4.091665460813388999e-01,3.861441208812773640e-01,4.507124935208295935e-01,2.484779567519879995e-01,2.861430530704686670e-01,2.633068859092024816e-01,1.624337285554262877e-01,1.069604692897126313e-01,2.377535225506037242e-01,1.796117884063975489e-01,8.162836907338259784e-02,-8.838792140405801745e-02,6.313026111221513303e-02,9.041152345138118995e-02,1.235869615574965025e-01,3.635192173560472528e-02,7.832626302833446685e-02,7.456704749526928133e-02,4.865168370054962638e-02,-2.521026273738613890e-02,2.515055855993792930e-02,3.934529916863967192e-02,1.732637968682903401e-02,4.797155033531224494e-02,7.601152533712062301e-03,3.350776633167670132e-02,4.198702829385742019e-02,6.348950402648996516e-03,8.688939337014245368e-02,5.365273496026334160e-02,3.810741814499419428e-02,2.830766572670611117e-02,1.573291693002434183e-02,1.654212141670071898e-02,2.824257604952371686e-02,-9.210234862959099447e-03,3.024254629607035436e-03,1.540057673772272755e-02,3.676966355688969859e-03,-2.505710290824257960e-02,-1.363966829082222283e-02,2.865081746653069805e-02,-3.342286360616107677e-02,-4.793277078600356560e-03,5.244020451127709252e-03,-5.760700185904910064e-03,7.162330290038440572e-02,3.947380028227250731e-02,-5.202670575383424451e-03,2.138086014361232842e-02,-5.986439111024340412e-03,1.608646956671655470e-02,1.492718562262396187e-02,2.983581828896074428e-02,-1.432738662740681672e-02,-4.704116907446275614e-02,-3.669989229160859363e-03,9.223902632841431137e-03,1.243787242932232161e-02,6.932841137303967158e-03,5.840894073782472440e-02
2.145730099640470456e-01,2.142126174875894629e-01,4.405889495589973004e-01,4.038886540742088194e-01,4.091665460813388999e-01,1.000000000000000000e+00,3.453082093966968191e-01,3.197886962138432598e-01,4.776549847341994837e-01,3.183256206325824067e-01,1.615596517596538662e-01,2.203045235195918716e-01,1.161407970554023256e-01,1.586137003105761722e-01,2.148887412212421577e-01,7.455834588656778950e-02,-3.654047834967068947e-02,1.507770850458112766e-01,1.621766899171785126e-01,1.568756600758633157e-01,5.125219087589755890e-02,7.576289425827326118e-02,6.765997621657461603e-02,2.721634029177732311e-02,-4.873140421359400953e-02,3.236515781675248365e-02,5.650472499901331574e-02,3.309551671777519188e-02,6.542376295436606870e-02,3.395043217494304877e-02,4.404237909095944092e-02,7.117857287325740634e-02,3.784433978470895521e-02,6.053460951186580286e-02,7.867073236142166359e-02,3.755951449408248544e-02,3.874938142065251917e-02,1.202140282674185427e-02,2.900109430485285113e-03,-7.637089672625117613e-03,-1.307520554038077952e-02,-2.472242618235262826e-02,-2.096855707220700304e-02,-3.809835866563128504e-02,-6.412572569444317805e-02,-1.223940281016121755e-02,2.313523194872076777e-02,-6.116772924029593994e-02,1.618653285730013930e-03,-2.344332589922010907e-02,-1.845309805949671769e-02,5.167951824400167371e-02,-6.376373782698540812e-03,-1.113244260508546198e-02,1.799703926812422708e-02,-8.614950507618409021e-04,1.224601010232093980e-02,3.241244097009070985e-02,1.728201308250030752e-02,-2.134425480127865454e-02,-6.603916884495104889e-02,-2.692147278207191255e-02,-1.043072368076563596e-02,4.205120228406614841e-02,2.085741761282473850e-02,5.788620059287065411e-02
3.322016420200320508e-01,2.865468937203365374e-01,2.964255649428816919e-01,6.720934912252105597e-01,3.861441208812773640e-01,3.453082093966968191e-01,1.000000000000000000e+00,4.066373474573842794e-01,4.105816009189000582e-01,7.743922957091001757e-01,3.649854715468449085e-01,3.423496581127709049e-01,2.932114927224956924e-01,3.310988432668307557e-01,3.268826510088727044e-01,2.100542503414133400e-01,-5.434308505219620500e-02,9.749540136216035269e-02,2.290592146643963545e-01,2.312304009162341190e-01,2.385495027703959242e-02,1.524067383321243419e-01,1.222696351514153262e-01,8.668646891523051901e-02,-3.282077262251242855e-02,6.059419990378980131e-02,1.131005158210908329e-01,3.043299465649788524e-02,9.165134793644105771e-02,6.455424869351920891e-02,6.622995284347338307e-02,7.290041411301993735e-02,4.471111108867754924e-02,9.784779997664444506e-02,6.677171640664944507e-02,-2.734040834667478444e-03,1.300333996232181343e-02,1.289236488150483084e-02,-2.794784736542896145e-04,3.702659052656303434e-03,-9.814384754907722053e-03,-9.228384207362035161e-04,-1.615579995379258689e-04,-1.384892364574247248e-02,-1.349025832961872964e-02,2.264604816160099843e-02,5.339146079241745974e-02,-1.489015624630368739e-02,4.754686986315944525e-02,1.201316141615739984e-02,-5.202580973707737755e-03,6.449699786811001478e-02,1.701411698427142058e-02,-1.723118976253577850e-02,-2.860468287477260438e-02,-4.272970432144126279e-02,-1.341389299354812416e-02,-7.519072190087044104e-03,5.926497241807339098e-03,-3.740100773068331247e-02,-7.900941776454371845e-02,-1.671187775128813238e-02,2.230399569698367571e-02,1.589022353950148014e-02,4.212060732816854530e-02,6.808445636527864220e-02
1.718950228155875781e-01,2.321149274482952607e-01,2.078870337744604668e-01,3.318826178827009032e-01,4.507124935208295935e-01,3.197886962138432598e-01,4.066373474573842794e-01,1.000000000000000000e+00,4.268528961727884874e-01,2.673334540550976191e-01,3.947099869930057459e-01,1.767373288663010300e-01,5.458405651972417227e-02,3.741992067494133711e-01,2.251154515096586983e-01,2.759386071620427427e-02,-1.754664922322421716e-01,6.178460774442518649e-02,1.346614730929205639e-01,1.687516457884976340e-01,4.006191538329495483e-02,1.009333869116319227e-01,7.626963616156244574e-02,3.488408855049703050e-02,-8.068662290945036175e-02,-2.241670231541861152e-02,2.865126998595752747e-02,8.204408412324870267e-03,5.040096793880996517e-02,4.729360027766645047e-02,5.429114261245029244e-02,9.067187150375528859e-02,1.292354733900569208e-02,1.150394380354536894e-01,9.350080419430090162e-02,3.635392389081421472e-03,3.991567783973633959e-02,5.074657940871987044e-02,2.950481331543223368e-02,1.644869819141138445e-02,8.330464398241027926e-03,4.076432805364995499e-02,3.627630364361599663e-02,2.792863451151431087e-02,1.899790316643373139e-02,-1.625599661089874651e-02,5.771777236960759679e-03,1.659382400020759790e-02,-4.240514503694420290e-03,4.935287387803130588e-02,9.660702595886537123e-04,6.417310629887640339e-02,5.464410526810441898e-02,-4.295341702093647546e-02,-2.570086606619587793e-02,-4.060120812336629609e-02,-1.384692076947545251e-02,-5.487290631529756491e-02,1.554127770594887319e-02,-3.466200615071253922e-03,-7.308548806727638292e-02,-4.070371127017794605e-02,-3.712593955786024774e-02,-4.488025832329560483e-02,1.841768552999602931e-02,4.409886281206516073e-02
1.584542537279866325e-01,1.494826323266143508e-01,2.740624497373004842e-01,3.084568957554319479e-01,2.484779567519879995e-01,4.776549847341994837e-01,4.105816009189000582e-01,4.268528961727884874e-01,1.000000000000000000e+00,4.366391683569350590e-01,1.402904787073175619e-01,3.696145362891439801e-01,1.212729510355449319e-01,1.435219380351454022e-01,3.531360750154300954e-01,5.071919665529024679e-02,-4.426337112675079316e-02,1.963555898379863718e-01,2.173851029492170905e-01,1.858982848957185796e-01,5.045794027975403218e-02,1.138318614047210686e-01,4.057056420496590182e-02,3.364678000013700959e-02,-6.182758635986217860e-02,-3.425323184879096317e-02,6.675323693303727990e-02,6.040495943770333304e-02,4.048437963094456138e-02,5.831493021920447495e-02,6.511454923404101647e-02,9.017175718090490733e-02,3.870488449549440435e-02,7.566914571608167328e-02,9.149319311213165162e-02,-1.401860023402512348e-03,4.022204104524008256e-02,1.309763609715764582e-02,-6.209995999255779955e-03,-3.911085109186086296e-03,-2.158493638850333962e-02,-1.076697505388543412e-02,-1.481725035104178127e-02,-2.083003925213817650e-02,-3.579247252724946683e-03,-3.139314149883457028e-03,1.547437334496280618e-02,-1.494107426440370590e-03,1.817910715992884438e-02,2.312151769222189554e-02,2.936712402411651227e-02,1.361297615686114446e-02,-2.030684330080058386e-02,-2.677734694414680636e-02,-1.853648253889096653e-02,-2.510850291583410082e-02,8.045156852988396418e-03,3.818982668639833017e-03,-2.940948885178952792e-03,-2.561701152840945364e-02,-1.001726937166893955e-01,-7.108267177049727714e-02,-4.665345200492718863e-02,-2.422141943135225003e-02,1.299730628192972276e-02,4.330034160219985856e-02
2.822045301192748212e-01,2.312527227595805590e-01,2.654003819777842610e-01,5.813118054712786975e-01,2.861430530704686670e-01,3.183256206325824067e-01,7.743922957091001757e-01,2.673334540550976191e-01,4.366391683569350590e-01,1.000000000000000000e+00,3.020580187499883884e-01,3.904290983097144507e-01,3.433324224737379082e-01,2.762872107688871259e-01,3.467027420877309973e-01,2.450771198870109469e-01,-1.334377373053169738e-02,1.145416366242916623e-01,2.616833259904692288e-01,2.407087730786221513e-01,1.894123514426947555e-02,1.609306910245885125e-01,1.369624088236285342e-01,9.637380876213481884e-02,-2.643329962962879393e-02,7.528776880930147797e-02,1.231235864721027667e-01,4.753588918441596645e-02,8.626076533854955264e-02,6.135936747323858520e-02,6.074746079563934226e-02,6.752561807519424919e-02,5.207915535765593462e-02,8.587634984020643680e-02,6.559388794658983779e-02,-4.822027131066380402e-03,4.278920881781648859e-03,2.909742653515271730e-03,-2.082459248310089550e-02,-1.737436257045983645e-02,-2.897482299594047322e-02,-2.802866470018333320e-02,-1.759596906722868045e-02,-2.858695997882020057e-02,-2.229262754980482902e-02,2.035449820981478572e-02,4.925917990961941467e-02,-2.537140700920588118e-02,4.266454667489674030e-02,-8.292587951026293008e-03,4.139371153836952921e-04,4.216481472129852970e-02,-1.412596826630000899e-02,-1.018267059926602006e-02,-1.812601377256158053e-02,-2.456612977912888199e-02,-1.910631947760753650e-03,7.560548721353020120e-03,4.350512687805029033e-03,-3.238023246772973873e-02,-8.351434104122687496e-02,-1.875076868680024267e-02,2.132453893344234824e-02,1.434170770567605967e-02,2.644989042240156879e-02,6.003682151036197900e-02
1.803718452643316983e-01,2.003609568313604039e-01,1.689537248179671380e-01,3.098495787069590612e-01,2.633068859092024816e-01,1.615596517596538662e-01,3.649854715468449085e-01,3.947099869930057459e-01,1.402904787073175619e-01,3.020580187499883884e-01,1.000000000000000000e+00,4.188194478362048390e-01,4.503445396457087524e-01,7.593836724460578669e-01,3.999358538462558510e-01,3.404639744936360790e-01,-2.381245926958325820e-01,-2.584650676374146069e-02,2.272654686755097575e-01,2.611989826357779543e-01,-5.143990175601505233e-02,7.262217022797352872e-02,1.127385977580485227e-01,1.780726982089477634e-02,-6.306070111315362214e-02,9.481964060357010726e-02,8.939781788606068758e-02,1.274175895872024442e-02,9.078170156947421021e-02,4.223396015646184443e-02,5.327970446586611369e-02,8.091484522695228943e-02,5.086206567601640749e-02,7.966696217560569060e-02,8.595194648803844428e-02,3.087221722065380466e-02,1.554102980520308264e-02,1.915075822733655619e-02,-3.106897037148104428e-03,1.045335733374063922e-02,5.599680462887822452e-02,5.200939838023765222e-02,5.863725274817851996e-02,4.497504881443913777e-02,2.981751227195970563e-02,7.961111629599120984e-03,5.270582276144693962e-02,3.504184360256535485e-02,1.802309268699330003e-02,3.304137162157164131e-02,4.958085022949122039e-02,3.674712317148284835e-02,2.948766252212991698e-02,-7.558628228692657221e-03,-3.435735591168760650e-02,-6.741933708560890470e-02,-1.557090252787498436e-02,-4.347318126613721606e-02,5.574463227644182138e-03,-6.569120522403866513e-02,-5.558890900952448422e-02,-4.017216274576591861e-02,4.003423327623506327e-03,1.475471327418491699e-02,3.713187632236050750e-02,3.390959404317871878e-02
1.630953773828009712e-01,1.390640717624111455e-01,1.880102622756879560e-01,2.734212870862937628e-01,1.624337285554262877e-01,2.203045235195918716e-01,3.423496581127709049e-01,1.767373288663010300e-01,3.696145362891439801e-01,3.904290983097144507e-01,4.188194478362048390e-01,1.000000000000000000e+00,4.698640382612036537e-01,3.451977641272143682e-01,7.666364212378835585e-01,3.057086974751742070e-01,-4.216439507406750248e-02,3.203122353275808520e-01,4.770030393818570080e-01,3.965364150926621312e-01,3.667316420995051212e-03,2.235566730783747624e-01,1.593564132597484473e-01,1.278652921655377139e-01,-1.990037432590822594e-02,7.897617739861967356e-02,1.558114863032134811e-01,7.961775405397768235e-02,1.049354970432979095e-01,5.926022604080662809e-02,5.371154348362936620e-02,1.239612019938497733e-01,6.434529781001613324e-02,6.413213224032851545e-02,1.003601465635475115e-01,-7.328315615113037071e-03,1.788592622230730442e-02,-4.288797178720916287e-02,-5.557276365052020439e-02,-3.626206995768713887e-02,-2.809662683870933070e-02,-3.034325996983465792e-02,-1.878680344015499354e-02,1.416324297293435758e-02,1.426408120531416808e-02,2.688947531825883544e-02,8.810877713908472908e-02,1.366796983708697642e-02,6.397849343587928839e-02,7.197835378918293961e-03,8.325986271192285793e-02,4.177071130142016170e-03,-5.482882328733088700e-02,-1.431131021229075338e-02,-2.528932511767283120e-02,-4.001075670742507834e-02,1.015821939607046420e-02,2.790072726825043592e-02,5.609831197431398506e-03,-5.669787787706035559e-02,-3.982833888551211982e-02,-2.933544207304358137e-02,3.842308113872451580e-02,4.236317547549839357e-02,6.193831524000293492e-02,7.019802490002724493e-02
1.609368960670607696e-01,1.447463982514018421e-01,1.211323328589063164e-01,2.431872965043234414e-01,1.069604692897126313e-01,1.161407970554023256e-01,2.932114927224956924e-01,5.458405651972417227e-02,1.212729510355449319e-01,3.433324224737379082e-01,4.503445396457087524e-01,4.698640382612036537e-01,1.000000000000000000e+00,4.206387956951008755e-01,2.988869431324816528e-01,7.116660707903005312e-01,5.789763013695894966e-02,-1.257094140978383678e-01,3.578103937264507373e-01,2.155493011832151640e-01,-1.097516350023095277e-01,1.377873482283333006e-01,1.370297700966033316e-01,7.981569143114186637e-02,5.748242190954758711e-03,1.696160262144572051e-01,1.867238820208670935e-01,7.438271383205072307e-02,1.283770814872079447e-01,8.347778832159118145e-02,4.506421492254302635e-02,9.023508510602307187e-02,1.065586838033175388e-01,5.519382593145491511e-02,1.071032596819869731e-01,5.805462097264273841e-02,1.221396787508811747e-02,5.509406780061810180e-04,-5.371588023796793065e-02,-3.444548654164734242e-02,1.626932023109199654e-02,-3.685212842138760325e-02,1.122037236216947079e-02,-1.786868712470671161e-04,-1.371116438380989323e-02,-2.931988850307829658e-02,2.367971881531608438e-02,-1.329403161481147733e-02,2.330556005775096234e-03,-1.521949417296466524e-02,5.920090147993116447e-02,2.351752229982273859e-02,-8.239800928435117577e-02,-1.669692153022890330e-03,1.043544665177431607e-02,-6.497337586204196026e-03,4.948989203929719805e-02,1.295873126220501576e-02,4.895872067821380180e-02,-4.868894616581129209e-02,-7.152570462659831041e-02,-1.628389145775901384e-03,6.405623278180286317e-02,6.083913282624507646e-02,5.581086343976143782e-02,7.226408086279394356e-03
1.545894150832783365e-01,1.765438258993997089e-01,1.556393993255625330e-01,2.805537312595882682e-01,2.377535225506037242e-01,1.586137003105761722e-01,3.310988432668307557e-01,3.741992067494133711e-01,1.435219380351454022e-01,2.762872107688871259e-01,7.593836724460578669e-01,3.451977641272143682e-01,4.206387956951008755e-01,1.000000000000000000e+00,4.003917997847341592e-01,3.327916560401759094e-01,-3.220042218485080210e-01,-7.915256697825073795e-02,1.897972480600340350e-01,2.382859851798089512e-01,-6.402998646180511899e-02,2.980889239706269525e-02,8.297541087619396405e-02,-1.136474578159583741e-02,-5.803290472779762399e-02,5.282070918595171971e-02,4.127605232300469995e-02,-5.010513992011274200e-04,6.744611789457416462e-02,1.568043786632153380e-02,2.943771156454503060e-02,6.229343854244787787e-02,3.135020430581995921e-02,7.692741972168144760e-02,6.749061943094382399e-02,1.061596546827362625e-02,5.450527442623946325e-03,1.134991117982287780e-02,-5.357819681414174862e-03,8.270199404825460260e-03,3.830919823279483466e-02,4.650801726911456269e-02,5.622300448131103967e-02,3.729745651519050104e-02,3.192484185338432395e-02,2.167579459886132681e-02,4.158718525093026835e-02,4.090739198481656985e-02,3.087159882697571370e-02,3.151605421541096852e-02,5.006698796785129940e-02,2.733528729019060743e-02,3.375925715742352645e-02,-8.420586644438213600e-03,-4.946514480139922731e-02,-7.184684263408447347e-02,-2.155008110651291872e-02,-4.262665095436767027e-02,-1.193587103061628622e-02,-6.342900385351780967e-02,-3.592658231951471187e-02,-3.374616596807476082e-02,1.516738531847312485e-02,1.548918114322603116e-02,2.601296090114536483e-02,5.075928506689632996e-02
1.379623494172387554e-01,1.217124358518432009e-01,1.745678529130689771e-01,2.622056467717132078e-01,1.796117884063975489e-01,2.148887412212421577e-01,3.268826510088727044e-01,2.251154515096586983e-01,3.531360750154300954e-01,3.467027420877309973e-01,3.999358538462558510e-01,7.666364212378835585e-01,2.988869431324816528e-01,4.003917997847341592e-01,1.000000000000000000e+00,1.460808699278601519e-01,-1.653788529414932096e-01,4.274036167742519265e-01,4.766675366394025892e-01,4.330955392871962406e-01,2.756734909639497674e-02,2.143175645966772791e-01,1.418388235792860108e-01,1.038425904986556014e-01,-3.666222023271237945e-02,3.427564367399757450e-02,1.041775478769584734e-01,6.113383102633623833e-02,8.062823923773947132e-02,2.616039076684265746e-02,3.624803964603268841e-02,1.235171752912533755e-01,2.961742822754694082e-02,7.078493206813782357e-02,9.112870952733216623e-02,-2.678616155729399151e-02,2.532098079495103196e-02,-4.966256577469101846e-02,-4.818005080786695593e-02,-3.225943476128803611e-02,-3.198789156449534377e-02,-2.188466831738939897e-02,-1.877149435166436744e-02,1.731991951147000353e-03,1.243687122542207375e-02,4.132321190782632658e-02,7.752210517605663542e-02,1.123533855281069749e-02,7.083615375316998364e-02,3.014874075451273554e-03,6.081263864527330226e-02,-2.328002159013249205e-03,-2.570643888281996109e-02,-2.747431544671711384e-02,-4.500006900575537205e-02,-4.284996840092251263e-02,-1.118433456589963508e-02,3.274056691412714076e-02,-9.782380751302357375e-03,-4.992532827344337010e-02,-3.340798483549095588e-02,-3.826278315795970941e-02,2.926864432981897413e-02,3.378204301218043493e-02,4.867061612890613564e-02,9.460179930431998618e-02
1.088988079632038086e-01,1.018683634331096904e-01,8.931163128521373007e-02,1.739256857806746048e-01,8.162836907338259784e-02,7.455834588656778950e-02,2.100542503414133400e-01,2.759386071620427427e-02,5.071919665529024679e-02,2.450771198870109469e-01,3.404639744936360790e-01,3.057086974751742070e-01,7.116660707903005312e-01,3.327916560401759094e-01,1.460808699278601519e-01,1.000000000000000000e+00,1.235147204624563733e-01,-2.448000353772715465e-01,3.394651861256939851e-01,1.246915000697734477e-01,-1.758343817091901906e-01,9.037864507008837311e-02,1.602799459009518757e-01,8.387283668465213282e-02,1.498914741633347245e-02,1.785660645670398838e-01,1.834035809214686341e-01,6.768991902195578558e-02,1.158507208189088200e-01,6.017949117586352675e-02,5.037495649534123876e-02,9.095254051818421615e-02,9.173518851608863933e-02,6.354831055506372783e-02,1.129226102277803567e-01,5.350549327697185636e-02,-1.019287844187874090e-02,-9.934817971400337205e-03,-7.616241487151634293e-02,-7.055133290228228493e-02,2.516041605698968956e-03,-7.765324488627840804e-02,-1.586602006830079362e-02,1.227648544681133116e-03,-3.747228606223847874e-02,-3.658140269846828913e-02,1.776169460121805425e-03,-2.838040744002718468e-02,-1.071525871628503830e-02,-8.742531932842523279e-03,4.735677344089127272e-02,1.487268463233226701e-02,-7.213083363040856399e-02,-2.484146536825265349e-04,3.367587414009226565e-02,1.174320381771727824e-02,6.340056369283504634e-02,3.335067379923061653e-02,4.504793479558553276e-02,-4.028769888317749320e-02,-6.559283446465836998e-02,8.118449748203235283e-03,5.047493741642945092e-02,4.715115989448528250e-02,5.848396020775385035e-02,7.176429578283408366e-04
-3.152200163566493823e-02,-1.580751649310885645e-02,-3.079467233568751461e-02,-5.291262629816192303e-02,-8.838792140405801745e-02,-3.654047834967068947e-02,-5.434308505219620500e-02,-1.754664922322421716e-01,-4.426337112675079316e-02,-1.334377373053169738e-02,-2.381245926958325820e-01,-4.216439507406750248e-02,5.789763013695894966e-02,-3.220042218485080210e-01,-1.653788529414932096e-01,1.235147204624563733e-01,1.000000000000000000e+00,2.008925774066862568e-01,6.097139337441265239e-02,-2.387286821711502235e-02,7.504482846192930823e-02,7.869745284603085755e-02,1.054565639306178498e-01,1.278532448914588837e-01,3.821298112188591112e-02,4.471549683284303800e-02,-2.476681881093229735e-03,-3.670018844288793630e-02,-6.650017543039189738e-02,-6.756407379244740163e-02,-1.113326718608380062e-01,-9.505573619092565207e-02,-6.660703434549565538e-02,-4.912695869154389688e-02,-4.679681515147176424e-02,-6.166256747815295619e-02,-8.069422364744061049e-02,-1.039183792373408327e-01,-1.014646125630905837e-01,-7.601132459745520153e-02,-6.851234276370785081e-02,-6.408668922634083720e-02,-2.205598888551540959e-02,-6.137925368581798567e-03,-3.046414537953216414e-02,-1.424742219995442719e-02,1.345561996032898847e-02,-1.710339597643922155e-02,-1.190505486605267574e-02,-6.713381940411285338e-03,-1.255508353328327158e-02,-1.143608807697705197e-02,-1.994468026315443510e-02,4.219798138106767293e-02,4.199505222435435253e-02,-3.340591207086533732e-02,-6.809954504749546854e-03,3.708214111518633865e-02,-3.262258907696301974e-02,-1.894957659566033972e-02,-1.962359772834541133e-02,-1.952042084840996394e-02,-1.414912436396161509e-02,-1.147129182936495496e-02,-2.642825816215356449e-02,-2.823377596102950859e-02
3.484372491690990864e-02,2.964033246666600285e-02,8.406207909234021669e-02,8.375180357261118036e-02,6.313026111221513303e-02,1.507770850458112766e-01,9.749540136216035269e-02,6.178460774442518649e-02,1.963555898379863718e-01,1.145416366242916623e-01,-2.584650676374146069e-02,3.203122353275808520e-01,-1.257094140978383678e-01,-7.915256697825073795e-02,4.274036167742519265e-01,-2.448000353772715465e-01,2.008925774066862568e-01,1.000000000000000000e+00,3.048220086338741530e-01,3.181385760818286057e-01,1.804461906479645217e-01,2.065644516305505107e-01,9.263374789467451742e-02,9.578846870005698622e-02,-2.012109847597131490e-02,6.279932984082416689e-04,9.935005567430744977e-03,2.883624832801614038e-02,-2.368667777475613398e-02,-4.493583466704735574e-02,-6.404432643634028199e-02,1.796968669216763778e-02,-6.209593355998506425e-02,-1.826192500869176782e-02,-1.115766900917965730e-02,-2.051669368297770121e-02,-3.568415540653011031e-02,-7.713785901508339593e-02,-1.045708556632278241e-01,-8.155178119312132823e-02,-6.221972237369652325e-02,-7.097381567345287245e-02,-7.416050825940843916e-02,-5.122889491572019116e-02,-5.875036552215012059e-02,1.142169229475443158e-02,2.752965114035080263e-02,-6.119075970861564961e-02,2.599093444496851715e-02,-6.628433417709048148e-02,-2.482674465479838694e-02,-1.273637640938654093e-02,-2.837232902948009020e-02,-2.539292844175256719e-02,2.870596945029865038e-02,1.429017257248525047e-02,1.598673079327323637e-02,7.388254749630120133e-02,-1.851016183962618609e-03,-3.860512130278141718e-02,-3.588035446850553617e-02,-3.398546077026235596e-02,-3.391020322655796670e-02,2.036370402854271663e-02,1.223302150756455393e-03,3.357488622774397469e-02
8.995843690767024725e-02,7.440203310247986423e-02,1.093848962621883220e-01,1.927172486124593132e-01,9.041152345138118995e-02,1.621766899171785126e-01,2.290592146643963545e-01,1.346614730929205639e-01,2.173851029492170905e-01,2.616833259904692288e-01,2.272654686755097575e-01,4.770030393818570080e-01,3.578103937264507373e-01,1.897972480600340350e-01,4.766675366394025892e-01,3.394651861256939851e-01,6.097139337441265239e-02,3.048220086338741530e-01,1.000000000000000000e+00,5.749316755846025639e-01,1.246639505826591630e-02,4.010679352550260424e-01,2.379348785478465900e-01,1.451642163984422640e-01,-5.813513493270052596e-02,1.972676008016291671e-01,2.301950395711699626e-01,1.171324435933447650e-01,1.277529784877283747e-01,9.385854673822745242e-02,3.698499947413690786e-02,1.049598282184416032e-01,9.653075677545425171e-02,7.392649546019361417e-02,1.090719022020149032e-01,2.793514175201117569e-02,8.768524152053066081e-03,-4.124452534756461140e-03,-6.843455255364022660e-02,-6.475039006467625535e-02,-9.653040841891896359e-03,-6.697692894131626606e-02,5.191772043537071397e-03,9.458560558208480712e-03,-3.162022948669193645e-02,-3.502782855661670802e-02,5.301102584852401822e-02,-2.479063045439331911e-02,1.564519994549193327e-02,-2.878478391590507876e-02,4.586016768298275398e-02,3.152994145632526113e-02,-3.952639550014815095e-02,1.864863426863174259e-02,-6.201383108278191517e-03,-3.303543699181685223e-02,4.398603666223485642e-02,7.580845091116145129e-03,3.811654611688753552e-02,-3.994988810785146671e-02,-6.142302809905861999e-02,-1.739199628338620671e-02,3.377712887645805545e-02,4.144018568776484251e-02,4.800205579240614251e-02,3.969325267299243787e-02
9.777916041802110769e-02,9.387859103231165070e-02,9.378549401910861449e-02,2.010090999802017220e-01,1.235869615574965025e-01,1.568756600758633157e-01,2.312304009162341190e-01,1.687516457884976340e-01,1.858982848957185796e-01,2.407087730786221513e-01,2.611989826357779543e-01,3.965364150926621312e-01,2.155493011832151640e-01,2.382859851798089512e-01,4.330955392871962406e-01,1.246915000697734477e-01,-2.387286821711502235e-02,3.181385760818286057e-01,5.749316755846025639e-01,1.000000000000000000e+00,4.434638336746433152e-01,3.621891758435358821e-01,3.522185694391156141e-01,2.510456023518377600e-01,-1.236257048637001282e-01,1.763371963416477395e-01,1.467286679454165021e-01,-1.314416640028867773e-02,5.065330802329059967e-02,2.616018761059855577e-02,-1.028118646086616586e-02,7.227086040228175579e-02,3.943800145472631941e-02,6.612614374056349775e-02,7.049843669771425902e-02,-1.744110401659541149e-02,-3.460466181205917174e-02,-1.454946842971311868e-02,-1.781573088048989464e-02,1.653229561448567655e-02,5.168266158163761781e-02,1.014564096759449545e-03,6.119186060288264728e-02,4.138492229544811496e-02,1.689615281093175339e-02,-8.561288825110978037e-03,9.979424605998338249e-02,2.445491822522510503e-02,3.028974257606114467e-02,3.429720611782473283e-02,7.789407627701076808e-02,1.221889640054444892e-01,2.887386159898649649e-02,3.591496509791496095e-02,-1.695483893673835341e-02,-9.186597964562451257e-02,2.746086196646822450e-02,-2.289636623346077635e-02,1.680413558317685879e-02,-3.295726962863401027e-02,-3.611477230268273636e-02,-4.955966340171859968e-02,2.993450745431589302e-02,4.505744817306087113e-02,4.134196436205934272e-02,3.796179667638648753e-02
4.170112716422195130e-03,2.682438330774921872e-02,-1.519674186875361911e-02,2.347597461967787860e-02,3.635192173560472528e-02,5.125219087589755890e-02,2.385495027703959242e-02,4.006191538329495483e-02,5.045794027975403218e-02,1.894123514426947555e-02,-5.143990175601505233e-02,3.667316420995051212e-03,-1.097516350023095277e-01,-6.402998646180511899e-02,2.756734909639497674e-02,-1.758343817091901906e-01,7.504482846192930823e-02,1.804461906479645217e-01,1.246639505826591630e-02,4.434638336746433152e-01,1.000000000000000000e+00,3.540453381840119595e-01,3.208714463853895027e-01,3.341284998244987148e-01,-5.907503334380465043e-02,6.493881085047377433e-02,1.772332216124906110e-03,-7.727803510060669845e-02,-6.289151584975030684e-02,-4.051849119970769159e-02,-7.487470205336131668e-02,-8.111767638249665902e-02,-6.583452960040583890e-02,1.226560854771465564e-02,-7.745590537994108404e-02,-8.136963148303083537e-02,-8.572976145360906852e-02,-8.084152219701648545e-02,-2.966217523850692150e-02,5.892180555033783851e-02,1.520695079215733138e-02,-1.082156281098981855e-02,5.564233457791954024e-02,3.792092195458234005e-02,5.660612558431985658e-02,5.000338609559639748e-03,6.871077608978541640e-02,5.843619913260341553e-02,4.434828124804988426e-03,6.083016953122440118e-02,6.054535838973420375e-02,8.595303390441957903e-02,5.096829774118642742e-02,1.193522214175467624e-02,-1.638715305175793974e-02,-7.326373149373413551e-02,4.770796839727199992e-03,6.551152434880602856e-04,-4.779119034332431765e-02,4.465264789705845894e-03,6.559220681507020589e-02,-2.455013068440904320e-02,4.794886104743867339e-02,3.975212605556763951e-02,3.347459874125929824e-02,1.850772246675795943e-02
5.699567673890130332e-02,5.958996889377637940e-02,3.049434203074973329e-02,1.285531359408702556e-01,7.832626302833446685e-02,7.576289425827326118e-02,1.524067383321243419e-01,1.009333869116319227e-01,1.138318614047210686e-01,1.609306910245885125e-01,7.262217022797352872e-02,2.235566730783747624e-01,1.377873482283333006e-01,2.980889239706269525e-02,2.143175645966772791e-01,9.037864507008837311e-02,7.869745284603085755e-02,2.065644516305505107e-01,4.010679352550260424e-01,3.621891758435358821e-01,3.540453381840119595e-01,1.000000000000000000e+00,3.394398382690261284e-01,3.465277761441210025e-01,4.919834860780862573e-02,1.416066452879130300e-01,1.866188987860802895e-01,4.219960546740345042e-02,1.297795797895174019e-01,3.632503073775048691e-02,-9.619075871999197014e-05,1.113170657759442010e-02,1.588094504940062643e-02,5.205004954753698204e-02,1.980529449821817785e-03,-9.558942205815657012e-03,-3.535385362285162897e-02,-7.862979119173103826e-02,-6.789041405231102666e-02,-2.651672974524422674e-02,-5.447316013060924528e-02,-6.694386934394361277e-02,8.441713991728945488e-03,5.219325804634165206e-03,-4.174816405906216221e-03,3.917248624120464422e-03,6.736167707413209804e-02,-8.483742541652967983e-03,3.773987297511141592e-02,2.058297124386273581e-03,3.532445731517111498e-02,-9.923280280906630890e-03,-3.128220090609896975e-02,-3.934504321213914968e-02,-6.319078837034643181e-02,-3.415999320945376644e-02,1.015603998340154461e-02,3.252312757859632253e-02,-4.992084537645952169e-02,-2.045877195590411742e-04,4.753725916852616362e-02,4.970394532851164608e-03,6.938519445738472458e-02,7.124533121494577848e-02,4.829627290421371899e-02,3.447253932465410564e-02
4.425924537344576304e-02,5.413256030920615691e-02,4.550919364939661621e-02,9.852956618217134643e-02,7.456704749526928133e-02,6.765997621657461603e-02,1.222696351514153262e-01,7.626963616156244574e-02,4.057056420496590182e-02,1.369624088236285342e-01,1.127385977580485227e-01,1.593564132597484473e-01,1.370297700966033316e-01,8.297541087619396405e-02,1.418388235792860108e-01,1.602799459009518757e-01,1.054565639306178498e-01,9.263374789467451742e-02,2.379348785478465900e-01,3.522185694391156141e-01,3.208714463853895027e-01,3.394398382690261284e-01,1.000000000000000000e+00,5.975887485703188506e-01,-6.429598931875932233e-02,2.444420094899708018e-01,1.161869944315405551e-01,-5.854753875390192319e-02,9.048135139243825009e-02,-7.874962122775597262e-02,-1.844282124977514661e-02,4.646016787383402263e-02,-4.248625404472324701e-02,6.553802040550874008e-02,8.946549944977000984e-03,-1.626326131409705847e-02,-4.571131358316060656e-02,-2.608460426286988640e-02,-5.984641670035278221e-02,-5.338465190663354426e-02,3.709980026954573865e-03,-8.500081845927576207e-02,-2.173340329207791577e-02,-2.395787707966702887e-02,-3.322802459488848753e-02,-5.317851928354789268e-04,4.749909994812156339e-02,-4.226998718397441401e-02,-2.830818785253366807e-03,-3.018681326939527329e-02,-8.808095810773310845e-04,3.818049965958998648e-02,2.711244017736030160e-02,5.415903032171537693e-03,3.041591752191417572e-02,-4.942900922953731568e-02,-1.836744043420427200e-02,1.503713068770617944e-02,-3.991312318843680262e-02,-4.286209979070447484e-02,2.563110608927180595e-02,1.551536086819757000e-02,7.106528989557434062e-02,1.025947072169289681e-01,1.034035693608791190e-01,3.822433274486428112e-02
