1.000000000000000000e+00,3.818134041730355532e-01,3.467287642163800476e-01,1.510447644197797645e-01,1.613247315860931452e-01,4.485509425776711828e-02,8.423375790133091900e-02,1.049267343163998861e-01,7.044463951388225953e-02,5.861528580800740712e-02,3.375168850768877488e-02,-6.698466250730379309e-03,-2.156063185533382484e-02,1.230386190422568839e-02,-8.177570890910854096e-03,1.555751241629626559e-02,3.783749879611083937e-03,-3.691116757983715913e-02,4.256773361861470456e-02,1.518825459320709802e-02,-1.890372216524810120e-02,3.012963657249813007e-02,-2.993072793388226391e-02,1.872175501346693208e-02,-2.987502663618043716e-02,5.200072842495231246e-02,5.951554767927434014e-02,4.381358079491334129e-02,-1.091141412717645462e-02,1.313603951801202950e-03,3.521546162649654560e-03,5.969865064765669804e-03,-9.257238811534555800e-03,-2.831995803141668447e-02,-1.197316856347646098e-02,-4.757760602209723522e-02,-2.521005620688032342e-02,-5.923437212437400283e-03,-1.663241331860971020e-02,-1.480115248041466783e-02,-2.430333811989434864e-02,-3.396780469019177601e-02,-1.100222197966222587e-02,-7.968718435322726720e-04,-6.769843217357966909e-03,1.265688764980520999e-02,-8.000621831319667046e-03,-1.650898018488010030e-02,2.021374893968885811e-02,8.988411213277260406e-03,5.573596723424418566e-03,-1.990996551427556046e-03,5.058610216907399176e-02,1.762809150459605442e-02,-7.346776308960141499e-03,-1.108815544055290030e-02,2.849950243023526291e-04,2.434274256746495751e-02,1.834496665482582625e-02,-1.121949622986828047e-03,-7.310768537174050508e-03,6.936226313212020753e-03,1.551096018643024869e-02,1.805690154006088510e-02,8.808728835734072268e-03,-8.239492801393549998e-04
3.818134041730355532e-01,1.000000000000000000e+00,2.765730383771908829e-01,2.365043429251521279e-01,1.967767202994094022e-01,6.884767042403548698e-02,1.687298696646497009e-01,1.539583438734473952e-01,8.895256384447045028e-02,1.406182200354733070e-01,3.638280821616088345e-02,2.239316729275893023e-02,-4.513546242049291252e-02,2.905689461418396388e-02,1.301981382660843262e-02,-1.550950733449579962e-02,1.335791565515365327e-02,6.892800093958237166e-03,3.226064022739328491e-02,2.865382558903452684e-02,1.265372862326899668e-02,4.073777885333607768e-02,-7.117495061766874326e-03,6.124969113475852052e-03,-3.230745931162076756e-02,1.738044039705723826e-02,2.788955123741501674e-02,2.688696751631339818e-04,7.049038368773935526e-03,-9.687443451808702005e-03,3.589887741632642824e-03,1.478339160757021799e-02,8.022228404995911544e-04,-2.201874359240186749e-02,-2.030862402959250634e-02,-1.123772776935164606e-02,1.096122177652195974e-02,2.998616558226305413e-03,-8.586701263629682723e-03,-4.722854117597000134e-03,-1.229506127693592681e-02,-2.325729314994166071e-03,-1.742254207779586226e-03,1.637086443364598257e-02,6.841501241133790719e-03,8.536323031854312765e-03,2.465795935441291234e-02,-1.443158087585158858e-02,1.407156401279032257e-02,1.354992311293223319e-02,1.478812151465180337e-02,8.920187412572562480e-03,4.484257978137897588e-02,2.186635598882940429e-02,2.115648942886880907e-02,1.353148260645302631e-03,1.476878267901719777e-02,2.300061546577924360e-02,9.383409076535165899e-03,-1.327956499392616597e-02,-1.585120510466599825e-02,-2.215297508955733213e-02,1.005265738368682146e-02,4.713652510398803550e-03,1.516233351436982631e-02,1.181469311211754379e-02
3.467287642163800476e-01,2.765730383771908829e-01,1.000000000000000000e+00,2.563484579802181029e-01,3.133177889297675822e-01,1.444476957306185250e-01,1.890003950940299660e-01,1.605739258048826945e-01,9.071630841524626343e-02,1.473139170355522165e-01,5.863617900432922803e-02,3.019018752323390700e-03,-4.567591211391985873e-02,7.470372809439151940e-02,-9.605072237964457690e-04,3.729289363565595206e-02,6.120307435930688600e-02,-3.128622858477207724e-02,4.461551633239686093e-02,1.782123590195718726e-02,-1.163591077082859818e-02,3.703098013615183787e-02,-2.428852649018546639e-02,2.569495281851834345e-02,-1.640298622056080360e-02,4.346460575787908232e-02,5.327890247683573360e-02,5.355402893760667637e-02,-4.095241802654913353e-03,-3.800833718607452179e-03,7.113844966645383773e-03,1.824280329025511002e-02,-5.521659223030918329e-03,-2.988728380903893367e-02,-7.484494557223147354e-03,-2.578328319464237919e-02,-2.121229005284505642e-02,-2.392792068979729403e-02,-5.284662191046500535e-03,-1.757772547309839270e-02,-1.711225175076115310e-02,-1.394001872720476015e-02,2.161838093636357042e-03,3.273881658845191915e-04,-3.158107658543909783e-03,7.551566188934982250e-03,-1.196889984042090981e-02,3.508702682751917412e-05,1.732292384944122271e-02,1.365929430683645272e-02,-1.681001904720588400e-02,-8.487751964005218943e-04,4.106828696814462942e-02,1.719942792283862126e-02,-2.796745841970346529e-03,-3.324640507380344136e-03,-1.741447431704353302e-02,2.490230563986699230e-02,8.037337163047421351e-03,-9.494059066590928089e-03,-1.465863221476654613e-02,-1.097344927847255722e-02,1.750682598284885108e-02,1.915594270064899587e-02,6.084202804921776293e-03,3.886544984976323183e-03
1.510447644197797645e-01,2.365043429251521279e-01,2.563484579802181029e-01,1.000000000000000000e+00,3.459691754587064794e-01,1.656245489845591667e-01,4.322548223567928005e-01,3.405474940264077155e-01,1.998493658035900289e-01,3.263900935707665374e-01,4.324070071605846943e-02,4.071708677628844975e-02,-5.904763176779974365e-02,4.284055272080682097e-02,2.416824103778235019e-02,5.609560971405101043e-02,1.025269047956413881e-01,-1.617088696123825109e-02,4.493491979892547811e-02,3.029923132057263900e-03,-1.026435804718111265e-02,4.140728678465743079e-02,-3.779604863309137669e-02,1.282933179190518490e-02,-7.258696281076429391e-02,5.667059433731339024e-02,8.361687648511491322e-02,2.521043828771841674e-02,-3.031363151511018428e-02,-9.740654042470568361e-03,-1.449660281695157402e-03,3.577662967341686817e-02,-8.564691677931883518e-03,-4.936589853042918502e-02,-2.441412815723764673e-02,-4.744408840759808260e-02,-2.989523329548811684e-02,-1.867125895238015698e-02,-1.560485601193360413e-03,3.240685981952636657e-02,-2.056018216149534117e-02,-3.512761690968768842e-03,-1.161354668248580982e-02,1.673690567775901888e-02,1.745063097183172790e-02,2.036476083273795062e-02,7.044390461445363891e-03,2.874606279300753742e-02,1.618581557413014890e-02,-1.368278792576119434e-03,-9.726867270848720340e-03,1.983803854681552917e-02,3.222219414671814719e-02,1.604287624926160893e-02,1.510951891405532465e-03,-2.407875176694666483e-02,-2.213121414903316056e-02,4.379657519973694652e-02,8.686246958938746016e-03,-1.491444311750582223e-02,-2.991725183145912265e-02,-3.618514930031641041e-02,-3.209212657730878271e-02,1.539961233394290113e-02,8.692478239780110708e-03,3.968005527617588651e-02
1.613247315860931452e-01,1.967767202994094022e-01,3.133177889297675822e-01,3.459691754587064794e-01,1.000000000000000000e+00,3.021419625399501263e-01,2.321616002534646339e-01,2.208703963903522471e-01,3.372144524344159594e-02,1.708704436203388188e-01,8.573101412881606320e-02,-1.129411482291073875e-02,-5.301393162905157844e-03,8.214555815067542399e-02,-3.043458586099418578e-02,4.507319087673235941e-02,8.357978637732178806e-02,-3.813400919499666114e-02,1.186444144070209622e-02,-9.064301126908405962e-03,-1.650932361493257991e-02,2.984185811115766529e-02,-3.693825485274571802e-02,-1.359189489991572504e-03,-6.505404040777260088e-02,4.803429901373861000e-02,6.491080188239652105e-02,7.358991249475775598e-03,-1.306462350122883885e-02,2.246880113547373905e-03,-2.754344723279763055e-03,1.256389095435971048e-02,-2.158404240032832030e-02,-3.629720082102939893e-02,-2.734216423758597039e-02,-3.639561196580825414e-02,-2.919103765936740050e-02,-2.418226299561095083e-02,-1.486000507278542083e-02,9.809519234126134329e-03,-5.607027951198917046e-03,1.878738800525501813e-03,-4.903069259279599877e-03,-1.760292905486382812e-03,-4.499660336710438122e-03,1.535413564404193056e-02,3.679130646980028545e-04,1.101718212112399922e-03,6.302833786016017121e-05,-6.743974290328371389e-03,-2.694808566287520621e-02,-1.002692928823611463e-03,9.855827113631558320e-03,1.180339755354103612e-02,-8.192431251949724991e-03,4.562911748544476627e-03,-3.941693334581927721e-03,5.081001353140612159e-02,4.372910171922011341e-02,-4.916318426175095464e-03,-2.902229591080772789e-02,-6.288186582134655880e-03,-9.366995317287206413e-03,1.743065066119384079e-03,-7.893002202258891584e-03,1.625729674408146058e-02
4.485509425776711828e-02,6.884767042403548698e-02,1.444476957306185250e-01,1.656245489845591667e-01,3.021419625399501263e-01,1.000000000000000000e+00,2.811311890046408468e-01,1.277789982906892274e-01,4.294598223600930298e-02,2.483239271648791935e-01,3.614951450022679119e-02,6.390259410081322589e-02,-1.305923117107828622e-02,6.183149761817602341e-02,5.433936404739751064e-02,7.820591710706113753e-02,3.009447454405973429e-02,6.755941629012593430e-02,4.026628042025052340e-02,1.134811279492466546e-01,9.224426389203142784e-02,8.830393168356681644e-02,3.945016590300395171e-02,-3.649392639541514799e-02,3.008045804557876908e-03,9.636319656448996684e-03,-2.853908092304725114e-02,-4.828775721514658864e-02,1.785216986644780693e-02,-2.925218419591732455e-02,8.100594041815803448e-03,3.779363405402014209e-02,2.955129898521026768e-02,4.228174587799583654e-03,9.211453306770964189e-03,1.693005649222108222e-02,4.043359889818637365e-02,7.248057174694491102e-03,3.018954529042638946e-02,2.349472522982756426e-02,1.133714319163258051e-02,9.789920886645714013e-03,3.125767069849078018e-04,-5.610069591747837876e-03,-5.603823897516404043e-03,1.021590016734117735e-02,1.102775728232483279e-02,-1.527383786940126123e-02,1.006171563494109161e-03,2.590633218868914137e-02,-2.836931313130141609e-03,-4.174867741201180801e-03,1.088968892688645801e-02,-5.056666813392164846e-04,5.366078353233050269e-03,1.221865828511672740e-02,1.015668497693151401e-02,2.696766775334055385e-02,2.468394318492951947e-02,8.397680359313817663e-03,-3.653192968897463113e-03,2.318624946805677295e-03,-2.420439449187970771e-02,1.301831164454162436e-02,-1.265365109510083706e-02,2.397885602951724260e-02
8.423375790133091900e-02,1.687298696646497009e-01,1.890003950940299660e-01,4.322548223567928005e-01,2.321616002534646339e-01,2.811311890046408468e-01,1.000000000000000000e+00,4.409628750014724097e-01,3.701321048668013147e-01,6.693479482449290474e-01,2.069805592755162016e-01,2.430352627256026354e-01,-5.072815355428163947e-02,1.870458293375192316e-01,1.916369947059440304e-01,1.320929341430730486e-01,1.228203382909135999e-01,1.020464866726985415e-01,9.238174795971264286e-02,1.003329173883071163e-01,3.899566811015355711e-02,1.148517799529795713e-01,3.121646246589291837e-02,-1.209476651397988975e-02,-2.625042231578884888e-02,2.028625947073326233e-02,5.993736815835377929e-03,-1.399467007604872533e-02,4.363528455195517242e-02,-2.425876060862918251e-02,1.301774464966510420e-02,1.545301661659002901e-02,4.919419354060314969e-02,2.838506795503359728e-02,-2.128399682066332843e-02,2.743816630343156107e-02,5.613372076507881780e-02,2.596537819183045853e-02,3.015935426666838462e-02,1.016914935426070643e-02,6.430112643226740731e-04,2.848580306334088166e-02,1.821874648570201427e-02,2.128682491678170891e-02,3.199976960484265248e-02,3.001574697130636113e-02,2.760404342252292809e-02,3.272672036600197953e-02,3.826011184796720282e-02,2.250910998462124848e-02,2.228495914180385080e-03,4.681859458771822635e-02,4.207149246448316227e-02,3.197864812418935165e-02,1.039474466725352590e-02,-9.690752240629214864e-03,1.123324724483154395e-02,5.617897757448362533e-02,3.806878996898877335e-03,-1.432165262029089572e-02,4.353278271702157656e-03,-1.685011074986436999e-02,-3.166042743235482348e-02,1.257945242194404359e-02,1.065712735814590070e-02,3.743124694943734260e-02
1.049267343163998861e-01,1.539583438734473952e-01,1.605739258048826945e-01,3.405474940264077155e-01,2.208703963903522471e-01,1.277789982906892274e-01,4.409628750014724097e-01,1.000000000000000000e+00,3.838675497394085645e-01,2.160260836537328255e-01,3.595818203259561890e-02,-1.244504935880946933e-01,-2.814217012549581898e-01,-2.712389989841480862e-03,-7.184436170096240859e-02,5.387373070026511140e-02,8.116471605893571528e-02,-5.930878941245418950e-02,8.309682244618716435e-03,-3.149902653493895366e-02,-6.509648899592444804e-02,-3.234525861348300918e-02,-5.140833725555207095e-02,-7.544146451614634763e-02,-1.587365466613600493e-02,6.243597337547616977e-02,-1.690560985093121681e-03,-2.871368062370177957e-02,-3.015168714211415371e-02,-5.834188557962874389e-03,-1.257758735604646303e-03,1.292281763154694285e-02,1.219253216049052090e-02,-1.739996270416198712e-02,-1.330613664105975182e-02,-1.832838042905208381e-02,-2.295501406064355196e-02,-3.250800590762903397e-02,-2.004363276921749745e-02,3.936306831180310870e-03,-3.608339719343723467e-02,-2.613759844401146795e-02,-2.937065666026550739e-02,-2.894022632581065915e-02,-6.612442960765368798e-03,-1.985697821329770931e-03,-2.127601934333391703e-02,3.755845246621399795e-03,5.206201872294922636e-03,-2.112234622862357511e-02,-2.005746563993397041e-02,3.827748064607597311e-02,1.355053766865903231e-02,2.870798944947054124e-03,-1.526561681272590315e-02,-1.988045678987196765e-02,2.201413819060789659e-02,4.143086744838288260e-02,-3.427560893778427292e-02,-5.215859189169770593e-02,-3.408307987416522161e-02,-3.470372655525266054e-02,-2.202966148863791732e-02,-1.350856157326447288e-02,9.248473986745782416e-03,1.894007313872856854e-02
7.044463951388225953e-02,8.895256384447045028e-02,9.071630841524626343e-02,1.998493658035900289e-01,3.372144524344159594e-02,4.294598223600930298e-02,3.701321048668013147e-01,3.838675497394085645e-01,1.000000000000000000e+00,3.611027505629196277e-01,-3.236154673532347370e-02,1.993668704175221573e-01,-8.716633574862171774e-02,-6.397737075999296308e-02,2.203947973424172369e-01,1.284212803831316085e-01,5.261796945327103237e-02,2.913404348540118635e-02,6.278127522413261274e-02,6.200913495192463681e-02,-2.535236037438512793e-02,3.415862626453891604e-02,-1.472516413691957529e-02,-4.444285523504814400e-02,9.897158172257490907e-03,6.176390003037861981e-02,-1.953688992664299150e-03,1.224066591782532049e-02,2.832993292969933699e-02,3.268241670023959433e-02,4.967825876816010094e-02,6.399308176347702319e-03,5.853392626664068177e-02,1.015508713626341649e-03,-4.396957119910897827e-02,1.114192541410565125e-02,2.496772746576355392e-03,-1.609128099687353805e-02,-2.316974523523407034e-02,-6.918572354450197928e-03,-1.555380306370088804e-02,2.107474439708722364e-02,-6.419860151695351048e-03,-6.475604800476267124e-03,1.122798520024687920e-02,-5.649812970059786554e-03,5.938992174922293373e-03,1.276794015062482010e-02,4.417065756067676402e-02,2.238610799044350730e-02,3.253979343431988303e-02,5.856348945955396762e-02,3.904142722602469556e-02,1.997217168859691597e-02,1.631835575023593554e-02,1.376555578366728261e-02,3.030311072186829546e-02,2.545589758159829546e-02,-2.728214015258150979e-02,-9.292711033365213744e-03,-1.246376211601546609e-02,-2.847796112010009609e-02,-8.910903214709142359e-03,1.424665407777699760e-02,2.911242141400987443e-02,3.579271192061725653e-03
5.861528580800740712e-02,1.406182200354733070e-01,1.473139170355522165e-01,3.263900935707665374e-01,1.708704436203388188e-01,2.483239271648791935e-01,6.693479482449290474e-01,2.160260836537328255e-01,3.611027505629196277e-01,1.000000000000000000e+00,2.114707475685459193e-01,3.810884162734521352e-01,6.942625164840519891e-02,2.314306630869720771e-01,2.920157628779198600e-01,1.555412378903552328e-01,1.513813024047003242e-01,1.443647095067503439e-01,8.448808279645009245e-02,1.093239231805420153e-01,8.036364294235914807e-02,1.438598536442483034e-01,3.636748305902565148e-02,9.017937146077876749e-04,-2.849324038861419939e-02,2.166302800539873785e-02,2.313240511690402984e-02,2.448887942489326452e-03,8.234061869711450932e-02,1.196662859180073167e-02,6.149586460837655477e-02,3.873658876080143115e-02,8.766722508334484631e-02,2.829825261517393206e-02,-2.257744649422672306e-02,6.481366496152492218e-02,6.547639513842060111e-02,4.218697884985577601e-02,4.797824225913537022e-02,8.086951393698514970e-03,5.586827406541939808e-03,5.226647305745550642e-02,2.702631253350824131e-02,2.000777326886171367e-02,2.614050686648901334e-02,1.496031083774901523e-02,3.614083760594142408e-02,2.528015652440001801e-02,4.270711013217760865e-02,3.246663418956102776e-02,3.015712113260004493e-03,3.770878240515019436e-02,5.263834964420967960e-02,3.657991544249979132e-02,3.345250187904612316e-02,-2.730380525846089462e-03,1.571297673511021578e-02,3.181382762946336623e-02,6.773589212523467573e-03,1.039215590353411399e-02,4.985925060737165723e-03,-2.402280942008164222e-02,-2.884668255060860581e-02,2.399222288773670414e-02,1.344480489986541599e-02,2.873971638538148562e-02
3.375168850768877488e-02,3.638280821616088345e-02,5.863617900432922803e-02,4.324070071605846943e-02,8.573101412881606320e-02,3.614951450022679119e-02,2.069805592755162016e-01,3.595818203259561890e-02,-3.236154673532347370e-02,2.114707475685459193e-01,1.000000000000000000e+00,4.144909080058309381e-01,3.637688104502863062e-01,6.471525622268569089e-01,2.568921271149846031e-01,9.414198902419460696e-03,2.024242840410564459e-01,1.200685350982214628e-01,1.827831499530094966e-02,4.418508056472098683e-02,3.807185716259154501e-02,9.701333839533578252e-02,1.427691498245083068e-02,2.705789198487541184e-03,6.150019288568553399e-02,1.970138235103554084e-02,-6.457927843446091554e-02,3.050024322146400839e-03,1.367103169452660028e-01,5.255744955774319105e-02,6.533574930397750835e-02,-5.384776168350021569e-02,9.783834576616005918e-02,9.925883147532038597e-02,-5.545627441459790447e-02,7.894341405631956354e-02,1.142299449325994143e-01,1.009684292281725210e-01,5.193880073725316848e-02,5.108643825978378267e-02,1.329506399052342303e-02,3.471997104579042925e-02,1.313731481272479781e-02,8.544972920090349033e-03,1.555223882365787229e-02,3.413477017534546215e-02,4.499119375181724612e-02,2.239786071774535134e-02,7.564850694248469176e-03,3.026376175706295066e-02,-4.274203543915022253e-03,3.784954837558866803e-02,1.742970108758162481e-02,1.292684439299036925e-02,2.994048449741556518e-03,-1.356807016516359266e-02,1.542753054016595196e-02,1.994996097632611293e-02,2.312032761945658974e-02,-2.085403322854922914e-02,-3.037413648572294400e-02,-2.590330753768017857e-02,-4.141499757921276309e-02,6.397987009059161135e-04,-3.430219205681968309e-02,1.882774054555812898e-02
-6.698466250730379309e-03,2.239316729275893023e-02,3.019018752323390700e-03,4.071708677628844975e-02,-1.129411482291073875e-02,6.390259410081322589e-02,2.430352627256026354e-01,-1.244504935880946933e-01,1.993668704175221573e-01,3.810884162734521352e-01,4.144909080058309381e-01,1.000000000000000000e+00,4.171099788040675271e-01,4.102652484945643052e-01,6.541546977380569006e-01,1.750445026708942475e-01,1.242633754144260305e-01,2.398285129834172025e-01,1.103041580280983702e-01,1.993872123979550104e-01,1.221478955099696145e-01,1.908308952037520156e-01,1.112677598604312618e-01,3.271755400659934893e-02,5.662029605676544702e-02,-5.102648955996964136e-02,-7.910024764610827652e-02,-3.245367583194692929e-02,1.605811906107643128e-01,1.037499074303356236e-02,7.301066620508299410e-02,-2.301277766575990022e-02,1.489344710623276280e-01,1.323224046461653203e-01,-2.305739812641593653e-02,1.301002362907438814e-01,1.626378805449826825e-01,8.887409227946428680e-02,5.429261375530857608e-02,1.631574443038676103e-02,2.176795870682695852e-02,6.877583812126543406e-02,3.189791056612575199e-02,2.829141861742357281e-02,3.475691556244914215e-02,2.107349697203478658e-02,5.349481512834079744e-02,4.100599213463397563e-02,4.134682767861903863e-02,5.168376671541386608e-02,3.388842783401317671e-02,2.005792381077775230e-02,5.179866714323160676e-02,3.320985395788803030e-02,4.083360245455752019e-02,5.132094404909385774e-03,3.139649692090865953e-03,5.110934946067320975e-03,3.260771914082311040e-02,6.963438849166891931e-03,2.801567896704877918e-03,-1.532923687926207937e-02,-3.629564255078655821e-02,3.403687983772922792e-03,-2.128083424276818944e-02,-5.524199585016657116e-03
-2.156063185533382484e-02,-4.513546242049291252e-02,-4.567591211391985873e-02,-5.904763176779974365e-02,-5.301393162905157844e-03,-1.305923117107828622e-02,-5.072815355428163947e-02,-2.814217012549581898e-01,-8.716633574862171774e-02,6.942625164840519891e-02,3.637688104502863062e-01,4.171099788040675271e-01,1.000000000000000000e+00,4.010012199757554963e-01,3.270359460197252988e-01,1.249411498297124251e-01,2.316058693077818406e-02,1.459798993220512431e-01,1.085984338584114473e-02,6.984999203065840601e-02,6.609568106170610191e-02,1.365082972158703223e-01,6.418140627598344083e-02,3.927249659348351629e-02,1.057091223740650072e-02,-5.637457916154367532e-02,-4.578176956693530419e-02,-4.327503999087115895e-03,1.136997851902942225e-01,3.388655817977876544e-02,2.415003683804622242e-02,-5.580379419390125995e-02,6.114024054851230350e-02,9.229545486494966644e-02,-2.218922674648527923e-02,4.054296469131139780e-02,8.885898188862625946e-02,2.420037726681530110e-02,-7.442684710211152667e-03,1.578154320226434620e-02,1.979738972192928901e-04,4.120585074479704568e-02,3.774819426356448848e-02,8.300473633783188310e-03,1.369749641197977926e-03,-3.419417338146864792e-03,1.026504694560882724e-02,-1.526640951204426971e-02,2.315488581120679883e-03,2.701968470757417154e-02,-1.713201742319591520e-02,1.844292600004976456e-03,-1.405582734346569156e-02,-4.366978147145196554e-02,-7.294733709046222203e-03,-8.291880796191978403e-03,-6.593254809802897264e-03,-2.178295034633858512e-02,1.065036833243469989e-02,-9.954053160767518255e-03,-3.218101754453026736e-02,1.965997331176333116e-02,-5.052452523566108682e-03,2.026696250668444041e-02,-3.698113609895337193e-03,1.240437157756061823e-02
1.230386190422568839e-02,2.905689461418396388e-02,7.470372809439151940e-02,4.284055272080682097e-02,8.214555815067542399e-02,6.183149761817602341e-02,1.870458293375192316e-01,-2.712389989841480862e-03,-6.397737075999296308e-02,2.314306630869720771e-01,6.471525622268569089e-01,4.102652484945643052e-01,4.010012199757554963e-01,1.000000000000000000e+00,2.728385708773300999e-01,6.441670878433808367e-02,2.626368310880774493e-01,9.685545462433479968e-02,-4.598925532317108163e-04,3.427159790924982213e-02,5.444185945753102218e-02,1.033614919599457338e-01,2.003702020670033654e-02,-5.028729018253827281e-03,5.900015245343157022e-02,2.991534358639517076e-03,-6.207495883440953405e-02,-1.089683699360671949e-02,1.236468829443673617e-01,2.432173073562645879e-02,4.679139541921101264e-02,-3.628683877980284911e-02,9.235211630306397468e-02,1.092294200314693764e-01,-3.470559690659615060e-02,7.906912583751246615e-02,1.066465553987025333e-01,8.090073904545799777e-02,3.389846220785977526e-02,2.689119170821827401e-02,-1.108793635191310419e-02,3.183379848835363179e-02,3.746379434092134836e-03,8.013438697118617504e-03,-3.080495390136189782e-03,7.500058831943487610e-03,3.210567428144750490e-02,-3.220948556624932731e-03,-5.029184567065741497e-03,3.912037683777171149e-02,-1.477271516683562047e-02,2.052404015431191775e-02,1.811711516090478563e-02,1.902259673339967445e-03,-1.594396117688301039e-03,-1.223671376088782299e-02,-2.691607591293674554e-03,3.063768571552514391e-02,3.428604102523926528e-02,-3.052507851625174337e-02,-4.343057477547283135e-02,-2.612700871873832945e-02,-3.631973456136553674e-02,1.481770655933472257e-02,-1.065257101993135821e-02,2.062085413375895973e-02
-8.177570890910854096e-03,1.301981382660843262e-02,-9.605072237964457690e-04,2.416824103778235019e-02,-3.043458586099418578e-02,5.433936404739751064e-02,1.916369947059440304e-01,-7.184436170096240859e-02,2.203947973424172369e-01,2.920157628779198600e-01,2.568921271149846031e-01,6.541546977380569006e-01,3.270359460197252988e-01,2.728385708773300999e-01,1.000000000000000000e+00,1.538175664355643513e-01,1.563334941573223807e-02,2.209334922469411988e-01,1.795740338814476311e-01,2.369122974659411685e-01,6.962700747839997706e-02,2.250284772444249848e-01,1.255133476863691533e-01,5.764693332054912633e-02,6.034091890739672059e-02,-5.333682324592676355e-02,-7.728498313077093729e-02,-2.499322315042664701e-03,1.687260396750543678e-01,1.153229116942460289e-02,5.407179058110445774e-02,-5.040171790553141240e-02,1.283599803364846026e-01,1.395190918592650597e-01,-1.353062106786322334e-02,8.585972501393968059e-02,1.485522889262634871e-01,5.473156674096271018e-02,3.804941852380725603e-02,3.944542426872964594e-03,1.492315803292170590e-02,6.044367139072130690e-02,2.182001665786393804e-02,3.240337191381180426e-02,4.051572308895205060e-02,3.174125787250202391e-02,6.034443730021626234e-02,5.542508778128326513e-02,5.497846945525237949e-02,5.198798775708163983e-02,5.197483389483006921e-02,4.665689608978450947e-02,7.397956341773517797e-02,5.759766189935944941e-02,4.661249367706580410e-02,1.092028316047802955e-02,-1.059303369836957047e-02,1.166410330475422912e-02,5.106921287646425806e-02,-8.729007086772400678e-04,1.710122569835854922e-02,-1.519034040319498097e-02,-3.296398547952580221e-02,-2.515787042658086171e-04,-2.242796869183538017e-02,-1.904840741194927661e-02
1.555751241629626559e-02,-1.550950733449579962e-02,3.729289363565595206e-02,5.609560971405101043e-02,4.507319087673235941e-02,7.820591710706113753e-02,1.320929341430730486e-01,5.387373070026511140e-02,1.284212803831316085e-01,1.555412378903552328e-01,9.414198902419460696e-03,1.750445026708942475e-01,1.249411498297124251e-01,6.441670878433808367e-02,1.538175664355643513e-01,1.000000000000000000e+00,2.175466870412553211e-01,1.527360450839178596e-01,9.708019110233943871e-02,7.642676567335389415e-02,-3.476783197158976602e-02,3.294092368445158958e-02,9.312781039015206874e-02,5.003538784692840302e-03,-9.723133363707947563e-02,-1.058739906181600660e-01,1.766015529782032425e-02,-7.205478729058566179e-02,-2.132663074554866714e-02,-7.277056332143411188e-02,-1.863769011709428755e-02,4.036775820806461773e-02,3.414247807251191008e-02,6.293812617438167278e-02,8.394211816529299763e-02,9.695074481975768377e-02,6.858169077155534810e-02,-4.349230703192930036e-02,2.447681412930302960e-02,1.553004563216453353e-02,-8.057771356361952131e-03,3.951911760139674434e-02,2.113059980719281250e-02,-1.017704196714099354e-03,-1.527969023602504528e-02,-3.929942652374839550e-03,1.683914648457013243e-03,-3.492038594021052225e-03,2.710573161596656604e-03,-1.411922599070433368e-03,-2.590251472074850143e-03,-5.773103523657247688e-03,2.703387079790047290e-02,3.298653763774188775e-03,8.145145573605400494e-03,-1.603815221923256956e-02,-1.495594417666266246e-02,-2.041997126794473441e-02,-1.895099040757481507e-02,-1.723549041188797773e-02,2.451165417448340593e-03,1.912799060120679365e-02,7.140735900838388528e-04,1.134085698905152283e-02,-8.963417471145486773e-03,-1.417138263318109062e-02
3.783749879611083937e-03,1.335791565515365327e-02,6.120307435930688600e-02,1.025269047956413881e-01,8.357978637732178806e-02,3.009447454405973429e-02,1.228203382909135999e-01,8.116471605893571528e-02,5.261796945327103237e-02,1.513813024047003242e-01,2.024242840410564459e-01,1.242633754144260305e-01,2.316058693077818406e-02,2.626368310880774493e-01,1.563334941573223807e-02,2.175466870412553211e-01,1.000000000000000000e+00,1.473041044665372445e-01,4.501580561489928328e-02,2.933604043415521598e-02,5.404996495803329748e-02,2.422056766483496326e-02,-4.419325169592785291e-02,-4.644990890667803282e-03,-8.012494625056923447e-02,5.978112126557889178e-02,1.160936130808447458e-01,-3.139852487625753585e-02,1.364581297390279890e-02,-6.708274524480753280e-03,8.610666332692464009e-02,1.031604479260945229e-01,1.030703007298291035e-01,3.912875593059592441e-03,1.751138225712815105e-02,1.246523540657739626e-01,3.026815681270695127e-02,1.574062198944978230e-02,2.987061262583308799e-02,1.210902559592658655e-02,-2.507810083662217332e-02,1.922423987474295229e-02,1.033091629812019942e-02,-1.248007138090102310e-02,-1.539078175194840553e-02,-2.234824976854469722e-02,-1.834375754429908804e-03,-2.091116349840240266e-02,-3.588681169845056584e-02,-2.781867929848848287e-02,9.756530225066389591e-04,-1.779914120811453351e-02,-3.876477557629872533e-03,2.308241179352965144e-03,-8.257209407848466534e-03,-2.654861321199980875e-02,1.715481993850861628e-02,1.106875886787830887e-02,-2.131240644799940742e-02,-3.454899168477146287e-02,-5.436955077812772458e-02,-5.948296284060300421e-02,-4.199179030208208957e-02,7.946593396706821966e-03,4.443354033586682100e-03,-1.689550207332201834e-02
-3.691116757983715913e-02,6.892800093958237166e-03,-3.128622858477207724e-02,-1.617088696123825109e-02,-3.813400919499666114e-02,6.755941629012593430e-02,1.020464866726985415e-01,-5.930878941245418950e-02,2.913404348540118635e-02,1.443647095067503439e-01,1.200685350982214628e-01,2.398285129834172025e-01,1.459798993220512431e-01,9.685545462433479968e-02,2.209334922469411988e-01,1.527360450839178596e-01,1.473041044665372445e-01,1.000000000000000000e+00,2.059530579257661254e-01,4.135980926715076000e-01,3.079382878598240780e-01,2.593962254196245376e-01,1.090337165821099880e-01,4.786295880080046472e-02,-1.074905735883268515e-01,-1.021461772475957264e-01,4.588330279809730433e-02,-9.699992924186201515e-02,1.270959827270481124e-01,-2.619852224929226231e-02,9.390076908028555103e-02,8.356650962246507663e-02,1.696891941019772754e-01,1.049187235652851297e-01,6.903587155200005543e-02,2.312534689061172266e-01,2.090145466190351520e-01,8.345363190684543242e-02,1.144506983751964191e-01,2.536088434811099163e-02,1.070700347324173712e-01,9.357287263796498777e-02,8.693009855385241957e-02,6.573432630783909714e-02,5.168273731144584077e-02,5.057430204647885702e-02,5.119922392201294026e-02,1.968589733046030577e-02,1.550663561920992591e-02,2.145424440836288249e-02,5.337080095673590180e-02,3.664178218545537102e-02,4.233144907762272091e-02,2.461284554873692867e-02,5.143139324813020274e-02,-1.706964272858893083e-03,1.504351985515623748e-02,1.025850427760501308e-03,4.849049441966193051e-03,8.675966107270251942e-03,1.355227692165438501e-02,-1.351209309074502540e-02,-4.731468361511215887e-02,1.106066390298018377e-02,-2.750103278770951037e-02,4.689795637784942121e-03
4.256773361861470456e-02,3.226064022739328491e-02,4.461551633239686093e-02,4.493491979892547811e-02,1.186444144070209622e-02,4.026628042025052340e-02,9.238174795971264286e-02,8.309682244618716435e-03,6.278127522413261274e-02,8.448808279645009245e-02,1.827831499530094966e-02,1.103041580280983702e-01,1.085984338584114473e-02,-4.598925532317108163e-04,1.795740338814476311e-01,9.708019110233943871e-02,4.501580561489928328e-02,2.059530579257661254e-01,1.000000000000000000e+00,4.753775723120929886e-01,-2.064272997376620233e-01,4.065733531968382386e-01,1.497179464866425780e-01,3.213286601998490699e-01,-9.677489299325989225e-02,-1.210969292033316769e-01,1.867345142980827988e-01,1.850736812970422140e-01,5.784154178398179247e-02,-2.751524753070476795e-02,-6.012944454770016017e-02,-4.961772320577400447e-02,-4.749239750869415494e-02,7.462816259364464522e-02,1.226930004846297217e-01,-1.784961065282021642e-02,7.272027501980153630e-02,-7.879949165657691712e-02,-2.231484108405183686e-02,-1.577172186645867460e-02,3.476649933741099430e-02,2.061601808418408316e-02,2.808092204897690708e-02,2.132369724620144374e-02,2.335176253813940964e-02,5.617101481061333862e-02,2.957521936329761056e-02,1.690877460873764157e-02,4.161629965268249381e-02,3.931705377093627773e-02,3.389149394766007711e-02,1.115970469676988951e-02,4.769963668268645957e-02,4.179993143756358109e-02,1.167686300589578299e-02,-1.367046719646708604e-02,-4.246300767118274012e-03,-9.411429627601400338e-03,2.168507703689443941e-02,-5.262531232022791801e-04,4.421451128620443316e-02,3.003466863873567247e-02,-1.228926515653732190e-02,-6.154660922930285313e-03,-9.496888635868587156e-03,-1.514287872933792710e-02
1.518825459320709802e-02,2.865382558903452684e-02,1.782123590195718726e-02,3.029923132057263900e-03,-9.064301126908405962e-03,1.134811279492466546e-01,1.003329173883071163e-01,-3.149902653493895366e-02,6.200913495192463681e-02,1.093239231805420153e-01,4.418508056472098683e-02,1.993872123979550104e-01,6.984999203065840601e-02,3.427159790924982213e-02,2.369122974659411685e-01,7.642676567335389415e-02,2.933604043415521598e-02,4.135980926715076000e-01,4.753775723120929886e-01,1.000000000000000000e+00,3.371969650076208080e-01,3.788088390195434307e-01,1.976431180644083740e-01,1.618345410297031273e-01,-8.517028025362888277e-02,-1.302683890528616439e-01,9.081557753999007498e-02,3.617387722555618496e-02,9.661432030436400975e-02,-3.906802194651278620e-02,3.929510267942332158e-02,5.329021382768596438e-02,9.202457100525618383e-02,7.785660211449679791e-02,1.272521409813943405e-01,1.423208075652301063e-01,1.908232238249896184e-01,4.948249393061732865e-02,6.734198689277348659e-02,4.336192610861996921e-02,9.217389856153349048e-02,7.011834559740708073e-02,4.867669908537722301e-02,4.129364747684543396e-02,3.189348599047314020e-02,6.108063778779821568e-02,4.606745428430364386e-02,-4.801680558656220253e-04,4.616955463098794399e-02,6.173641038715663859e-02,5.950273445294154001e-02,2.366964354131033052e-02,6.363564336784892361e-02,4.757183188292802428e-02,2.792762795925257668e-02,-9.634235306520553405e-03,-1.574685521288138323e-02,-2.990549691518024078e-02,3.421300963072942524e-03,5.757679554352028613e-03,2.615667721901551723e-02,-4.324256785796522749e-03,-5.160905722092245379e-02,-2.075912142839425947e-02,-2.555615772883542899e-02,-1.447898384377380339e-02
-1.890372216524810120e-02,1.265372862326899668e-02,-1.163591077082859818e-02,-1.026435804718111265e-02,-1.650932361493257991e-02,9.224426389203142784e-02,3.899566811015355711e-02,-6.509648899592444804e-02,-2.535236037438512793e-02,8.036364294235914807e-02,3.807185716259154501e-02,1.221478955099696145e-01,6.609568106170610191e-02,5.444185945753102218e-02,6.962700747839997706e-02,-3.476783197158976602e-02,5.404996495803329748e-02,3.079382878598240780e-01,-2.064272997376620233e-01,3.371969650076208080e-01,1.000000000000000000e+00,2.181383820408397956e-01,1.069384014029716584e-01,-1.067459847078379570e-01,-2.321777544354964879e-03,-1.748939158904857030e-02,-2.446577670991434764e-02,-1.176700084033230759e-01,1.331803108225663723e-01,5.176306764500434449e-02,1.832668953794888977e-01,1.191112850346424668e-01,2.043758792829993287e-01,-1.538283383457058652e-02,-1.674360514889022822e-02,1.996532168484058400e-01,1.829322817542033686e-01,1.669179994424976055e-01,1.301033193765489260e-01,8.220508570070909904e-02,1.108175523283096292e-01,6.759438100902642743e-02,5.215924003132437620e-02,7.058299589368198512e-02,5.489900106748018399e-02,3.449991450891695677e-02,3.208570314447759669e-02,7.169839428794191893e-03,-9.901720562711451359e-03,9.673385130187849706e-03,2.366398622404289678e-02,1.475725340174488011e-02,1.098649686226898202e-02,-7.352916852285600957e-04,2.641175945338400735e-02,4.880110958928417578e-03,1.385941056626678429e-02,-3.901814770878565125e-02,-2.568342256815321981e-02,-3.289532450823893801e-03,-2.742267496585705164e-02,-1.010675441918872791e-02,-2.396045892133931432e-02,-4.657524589992943082e-03,-8.174140585850855553e-03,-7.643802424350605758e-04
3.012963657249813007e-02,4.073777885333607768e-02,3.703098013615183787e-02,4.140728678465743079e-02,2.984185811115766529e-02,8.830393168356681644e-02,1.148517799529795713e-01,-3.234525861348300918e-02,3.415862626453891604e-02,1.438598536442483034e-01,9.701333839533578252e-02,1.908308952037520156e-01,1.365082972158703223e-01,1.033614919599457338e-01,2.250284772444249848e-01,3.294092368445158958e-02,2.422056766483496326e-02,2.593962254196245376e-01,4.065733531968382386e-01,3.788088390195434307e-01,2.181383820408397956e-01,1.000000000000000000e+00,2.329726982808625613e-01,2.457074930438944982e-01,-7.874232230542184408e-03,-8.547032194347747858e-02,1.159277058668220228e-01,1.668676526977328767e-01,3.075088196975326871e-01,8.841861591437898127e-02,8.486422039903995795e-02,-1.104778120722934992e-01,9.957283655484608365e-02,1.074425249612701722e-01,-2.450642940367727882e-02,2.293166118677432072e-02,2.202689279021084467e-01,5.607970329584600899e-02,3.571330885130701016e-02,3.921031151184866531e-02,9.547285387426628078e-02,6.500009173053661327e-02,6.316914764649973757e-02,7.895619367742919004e-02,6.171351932082509012e-02,6.383065223040489122e-02,4.508147018681452067e-02,2.178150701802688757e-02,2.402441434561279621e-02,3.901547290695640824e-02,4.745116476896826113e-02,4.346656770875550330e-02,4.338426744839223026e-02,2.478575196578364573e-02,1.447793697095656716e-02,-3.135523573567366648e-03,4.780764244188539895e-03,7.754195993556446502e-03,2.458923958970489834e-02,3.648151814980660299e-03,2.358230824165205575e-02,3.759892675648069532e-02,1.964495577743467780e-02,-6.001104457388152687e-04,-3.546019924760502456e-02,-1.920444336351517442e-02
-2.993072793388226391e-02,-7.117495061766874326e-03,-2.428852649018546639e-02,-3.779604863309137669e-02,-3.693825485274571802e-02,3.945016590300395171e-02,3.121646246589291837e-02,-5.140833725555207095e-02,-1.472516413691957529e-02,3.636748305902565148e-02,1.427691498245083068e-02,1.112677598604312618e-01,6.418140627598344083e-02,2.003702020670033654e-02,1.255133476863691533e-01,9.312781039015206874e-02,-4.419325169592785291e-02,1.090337165821099880e-01,1.497179464866425780e-01,1.976431180644083740e-01,1.069384014029716584e-01,2.329726982808625613e-01,1.000000000000000000e+00,4.197498901336123023e-01,7.748245712942587737e-02,-6.749091382902342451e-01,-2.922167642163216450e-01,-7.030458897126320994e-03,1.564326651266249868e-02,-2.830381532808693423e-01,-2.557194823552058627e-01,-7.144050496276310724e-02,-6.366170540355969854e-02,2.898313292916822048e-01,2.149366300647984618e-01,8.122242949543907742e-02,1.811470058685559770e-01,-3.684432843008548369e-02,-7.579473314188209937e-03,-1.590159397435667770e-03,-4.288276789434659897e-02,-2.776636208422065058e-02,-4.878047520670564935e-02,-5.921877297017519304e-02,-5.305912747940037116e-02,-2.263366999808142516e-02,-3.090499649904813323e-02,-3.890029998246676002e-02,-1.466663360656623484e-02,3.084131526711352683e-02,1.320031700006952212e-02,2.416821557424593449e-03,5.374607920072371585e-04,-3.375831413580281104e-02,-9.188129619920928567e-03,-3.991061410773291684e-02,-4.608222119663419464e-02,-1.232633032145936253e-02,4.865007832271499300e-03,-9.770663659812002522e-03,1.474892651749063442e-02,3.311441978586907031e-02,1.996513822333158272e-02,-2.026889770906367856e-03,-3.934469703334352031e-03,-2.012553092731173693e-02
