1.000000000000000000e+00,4.010512127867222332e-01,3.012262544731295622e-01,2.808536936001734263e-01,1.890101566525829446e-01,1.967125045359253976e-01,2.039825477245256202e-01,5.580927831091253566e-02,5.452267441579389945e-02,5.629283170277718518e-02,3.462202881793990938e-02,2.159672653456943137e-03,-3.001682942528933681e-02,-5.862269890827506713e-02,-6.247448305592782219e-02,-1.369566064171811801e-02,-3.012654770526815989e-02,-3.973695965109260569e-02,-2.497205987744331376e-02,-5.007597301514074561e-02,-4.336912940923853127e-02,-3.878763889386348945e-02,-4.335434216188530782e-02,-1.124559550503578982e-02,-2.518503540499479262e-02,-2.060739486207622401e-02,-2.059131425950275901e-02,-1.739695059668557378e-02,-1.344427234416365087e-02,-2.776889508053922984e-02,3.286447245401718543e-03,-2.863678442622516473e-02,5.445277684510500468e-03,-1.562157167277467874e-02,-6.320603993547499640e-03,2.355019601069617552e-02,5.562794388561406386e-03,-3.641647040930943990e-02,1.891554021950998810e-02,-3.382463551330221543e-03,-4.371205578120144347e-02,-3.185870125137402979e-03,-3.921040222663575020e-02,-3.763690698957614794e-02,3.403858436098655682e-02,-6.337036459768645782e-03,1.820042531568736091e-02,1.995079459238103745e-02,2.163399664629534619e-02,2.413245755601330783e-02,-3.836574848440324221e-03,-1.160110642597978782e-02,5.044996072258469549e-02,4.641104203731531708e-02,4.878395640544626322e-02,4.923609200530060931e-02,2.136591387352936716e-02,2.618995752675996533e-02,7.832013496671383357e-03,-7.707617301908098505e-04,-2.289625105571370389e-02,-1.459793317471574751e-02,-1.740155386335712207e-02,-4.011777719867838632e-04,-4.489492679851194573e-02,9.397026679778692701e-03,1.084288998640586116e-02,-1.947335589981767992e-02,1.159405315918520668e-02,-6.918525001980296157e-03,2.617095420775806397e-03
4.010512127867222332e-01,1.000000000000000000e+00,3.079729960755419604e-01,2.458361119518575055e-01,4.005933949356869084e-01,2.441114008276652758e-01,1.870602305138290011e-01,1.207449737914401411e-01,7.134322361163325521e-02,6.712310320813204279e-02,6.769056888754941548e-02,-7.277767157117471901e-03,-4.802923593202504393e-02,-5.644278050625387011e-02,-9.001986796837044280e-02,-1.360869040874711743e-02,-5.359400735020970058e-02,-6.337407029014320570e-02,-5.635247353277269416e-02,-5.157549701341061082e-02,-2.106275742290950395e-02,-3.960933520230099092e-02,-4.266885788935528140e-02,-1.885307422407002734e-02,-4.409157266397478042e-02,-9.207201684751111642e-03,-1.667687630943264637e-02,-3.268179340719919168e-02,8.442908830411007806e-04,-3.733072349370043785e-02,-2.798870236825941413e-03,-3.729272133157622571e-02,-1.425183517578106030e-03,-1.238341660081495460e-02,-1.447963280462380604e-02,2.965295747518191527e-02,8.813598223482922017e-03,-3.818616380632144924e-02,2.195800411239186289e-02,-7.171363837662632877e-03,-4.103205775255801269e-02,8.925383525953362734e-03,-1.664751732125414885e-02,-3.356670278641495780e-02,1.171526792808540857e-02,-7.537653559429312831e-03,8.770186267519916937e-03,1.928550017157268717e-02,5.540169646852003554e-03,2.381932196592901826e-02,3.038792296538664339e-02,1.324830283031867666e-02,6.521680199467844163e-02,3.663403394851241085e-02,6.143803219343667993e-02,3.354071837612292162e-02,5.899263510281844633e-03,2.930801143822237345e-02,-2.922923918251905256e-02,-2.052432468178343183e-02,-3.157868438466619743e-02,-4.816562036565146671e-03,-2.289726435885656997e-02,-1.310114997023682608e-02,-2.284862697200610790e-02,4.799855602606938748e-03,5.174254967154659837e-03,-1.423700484627636771e-02,2.282157456254393577e-02,1.408363882568554413e-03,-2.262935521121646313e-04
3.012262544731295622e-01,3.079729960755419604e-01,1.000000000000000000e+00,3.078568539256115733e-01,3.225418077205217116e-01,4.128488344776160557e-01,1.673260648761728531e-01,9.592489257122727153e-02,1.336169527663623735e-01,8.584907550439410673e-02,8.176228491255105313e-02,4.406526683433041602e-02,-4.424012054967182278e-02,-6.849517582273577376e-02,-5.091911452806579391e-02,-8.838138240944091659e-03,-5.957468520456772609e-02,-2.460184921376696796e-02,-3.241367595779385408e-02,-4.384458683334940821e-02,7.212475469517382748e-03,-3.323609692382130387e-02,2.739305917890265570e-03,4.867275248524248824e-03,-3.109445014037079749e-02,2.157602262242066735e-02,-9.723353139634708861e-03,-2.074377810658057687e-03,2.574654322139728613e-02,-1.268171440023393168e-03,3.195323191014900425e-03,-3.555592180558873883e-02,4.532443550751580341e-02,5.892842852613590539e-03,-3.988089624760975810e-02,1.462507861065341468e-02,-5.261192868784245885e-02,-5.121227845440887855e-02,-1.081310102615127763e-02,1.202508350165942992e-02,-3.515798136712865174e-02,-3.997441935713498019e-03,-5.714161822291676310e-03,1.004625068583667348e-04,9.777667444705909552e-03,-6.384229477443033188e-04,1.452778307407694841e-02,3.028548137058744393e-03,-4.667140179775901808e-03,1.048326446318157898e-02,1.346339850268388032e-02,2.993754073140290559e-02,3.271728808360105378e-02,-5.828550648477598059e-03,3.473961076963823918e-02,-6.321681715314247073e-03,-3.126375162329206314e-02,-6.554522717247639012e-03,-4.922628924813853696e-02,-3.462981453353750766e-02,-1.954263411776233778e-02,-1.391941090353295170e-02,8.273573614004195789e-03,5.216003948525479300e-02,3.808893338797537942e-02,2.265857706349495154e-02,-5.011150614048951596e-02,-5.697305969243647572e-02,-4.366561034306189193e-02,-2.280025019719727347e-02,-2.124422210611789236e-02
2.808536936001734263e-01,2.458361119518575055e-01,3.078568539256115733e-01,1.000000000000000000e+00,3.506018604090955226e-01,3.162160672736565314e-01,3.656180537716635093e-01,1.582714991146247918e-01,1.885383851474817518e-01,1.386284532571012695e-01,1.158260599426700621e-01,3.691685658431610034e-02,-4.689271959095903802e-02,-5.568546617090016498e-02,-7.725391763297627390e-02,9.157432965400407257e-03,-2.215283345660441772e-02,-2.691010360263550866e-02,-1.782516929154108823e-02,-5.498528327510131958e-02,1.672365274139338493e-03,-2.707182700834082426e-02,-2.272720744355329753e-02,-1.399852107771556303e-02,-6.858328535924734792e-02,1.634482523227421061e-02,-1.726245850637852727e-02,-3.358451469679042678e-02,2.806026734092995426e-02,-1.985651182045377813e-02,-2.231634479246748237e-02,-5.255650235357875455e-02,1.674366883094881991e-02,-2.841213071226965717e-02,-3.718796729524873057e-02,1.305411450883260487e-02,-2.969947290550160185e-02,-2.765672108047011191e-02,1.185326140013163478e-02,2.641316342382838897e-02,-2.000486824617452725e-02,1.626358391236838036e-02,1.306447956190421797e-02,-1.049320407339612328e-02,-1.732544379705356838e-02,7.572340488560358289e-03,-3.885316822388015529e-03,2.419876834634274512e-02,-1.754177669413583759e-02,7.024243374456379252e-02,5.476437170327558279e-02,7.723545454332696181e-02,7.194938003826173434e-02,-4.351581417769789448e-03,5.722699041997166697e-02,-6.482901201252073281e-03,-3.093379149743167092e-02,-7.692557835244407533e-03,-7.973222109059137364e-02,-5.520496481170299868e-02,-4.637280528477915470e-02,-2.710013428743938621e-03,-8.760871938951640334e-03,2.486500146845497389e-02,-2.480021480623153043e-03,2.797458209041478114e-02,-2.247880445653517925e-02,-6.172846174885577436e-02,-1.531595988956124289e-02,-3.083664810950422289e-02,-2.054472092147726497e-02
1.890101566525829446e-01,4.005933949356869084e-01,3.225418077205217116e-01,3.506018604090955226e-01,1.000000000000000000e+00,3.765934120370779126e-01,2.921616710879271772e-01,2.434898968612559667e-01,1.618982870101410565e-01,1.167234162571274131e-01,1.841364189333843382e-01,7.724453027500438607e-02,-4.955264078212755219e-02,-4.769749527349562146e-02,-1.204532238202536409e-01,-2.237734408139269160e-02,-4.853783021447900109e-02,-9.163332382611545646e-02,-6.911713977161984546e-02,-3.963267416745584748e-02,2.366612983076219270e-02,-6.928974912639065085e-03,-1.991929502963714002e-02,1.758268952083859651e-02,-4.765870898724285792e-02,3.683278643187762325e-02,2.438444952944002209e-02,-2.997296995537434422e-02,5.872452097498531698e-02,-2.618158443040846314e-02,-2.666779350397036671e-03,-6.582386240289753165e-02,3.568639379180339050e-02,-7.860142933798478296e-03,-7.228226535601703362e-02,1.052831608523580390e-02,-4.473158607342973825e-02,-6.488681249460277745e-02,1.335792864172979195e-03,3.203030796241224804e-02,-4.219495916023236620e-02,2.309130766616114550e-02,4.807571766093667737e-02,-3.179165565196847079e-03,-4.462889654786011961e-02,-4.243437754109564974e-02,-2.953669756601661964e-02,-6.108298745145583977e-03,-2.989070496665286944e-03,2.955305093652020945e-02,8.851776839261615848e-02,3.617200876219447969e-02,6.066032894966696259e-02,-1.208735287487124402e-02,8.586687864170274020e-02,-1.996196520177124459e-03,-5.609547316742472846e-03,3.233192460171010335e-02,-8.940957282831304975e-02,-7.685465272022050376e-02,-4.420592279213814840e-02,3.616771907569777105e-03,1.304166734124355062e-02,2.802347927610157954e-02,6.127948448224678976e-03,3.767761959073794714e-02,-3.094658016417500823e-02,-5.414297709912208739e-02,-2.279877767210902739e-02,-1.579984838817267284e-02,-3.835021105017251408e-02
1.967125045359253976e-01,2.441114008276652758e-01,4.128488344776160557e-01,3.162160672736565314e-01,3.765934120370779126e-01,1.000000000000000000e+00,3.158401156344718963e-01,1.657589744938837983e-01,3.219390526717393342e-01,1.285523242924099252e-01,1.837289307716350184e-01,8.089465978561322101e-02,-2.880781172122958561e-02,4.706916800087968542e-04,-4.147382061745458898e-02,3.316250382489321219e-02,-8.304314003775086286e-03,-2.961151677512349756e-02,-1.259658174641328267e-02,-6.651523004288202590e-02,3.160703030705406397e-02,-5.178048128702629482e-02,1.198696275146931590e-02,-2.097979621461942140e-02,-5.294539745743492842e-02,2.573240333942453800e-02,-4.618975197530627436e-02,-2.340651826871260541e-02,1.036124627912674359e-02,-5.375718170564804284e-03,-1.335901076685142540e-02,-2.566316102880778285e-02,4.619632078760298188e-02,-1.938749217202391517e-02,-5.912299713072230456e-02,1.756840547039855219e-03,-3.632488091612959963e-02,-3.110919325035622213e-02,-6.764595370053240637e-03,2.302943895849769024e-02,8.730724629459052626e-04,1.763732522292152730e-02,2.699887284451689060e-02,3.402665022756758834e-02,2.715577002607213325e-03,8.223753615518926072e-03,1.141285442967975017e-02,-1.395243972480561881e-02,-3.535557625578376884e-02,3.095205718651699439e-02,6.558819293660363148e-02,7.969018496467315804e-02,4.789229255422269155e-02,-2.802205729265822530e-03,1.162664563942122573e-02,-3.791655368695913408e-02,-7.312162437127495140e-02,-3.961523938002519535e-02,-7.290882711301353847e-02,-3.482455367326275225e-02,-5.128526217483028032e-02,1.501746663319037051e-03,-7.559991957193794125e-03,3.247989631369276042e-02,1.705796325426940305e-02,4.984613156062267514e-02,-3.181164372153724718e-02,-7.862527979880071238e-02,-6.355808981934928104e-02,-7.631866694884908032e-04,-6.905304415565212406e-02
2.039825477245256202e-01,1.870602305138290011e-01,1.673260648761728531e-01,3.656180537716635093e-01,2.921616710879271772e-01,3.158401156344718963e-01,1.000000000000000000e+00,2.588127881497671035e-01,2.753482769362946003e-01,2.189583968119240831e-01,1.697078974748417457e-01,4.205354235242234756e-02,6.538319302895819439e-03,-5.500511747667088253e-02,-3.981107985976508473e-02,6.789212076592139600e-02,-1.211830531433828739e-02,-7.536560959339353924e-03,2.328273718083954946e-02,-7.115203830248581496e-02,1.207884874449344399e-02,-4.352389009226104166e-02,-2.934083011675773719e-02,-2.444919095677450596e-02,-7.167446854636337628e-02,1.446202160549944424e-02,-1.688577886898400340e-02,-4.290128235064486623e-02,1.382207899460452527e-02,-3.790677923640595887e-02,-3.064468110263634734e-02,-5.261675618822345135e-02,-8.643586331251335367e-03,-7.097095924832065583e-02,-5.028960446525198441e-02,-7.247412879112893544e-03,-2.668866819359532946e-02,9.919170903067856329e-04,4.225203711312400939e-02,5.848682862376707731e-02,4.927363696518281995e-03,3.683348921031209811e-02,2.874758135884648153e-02,-7.545376222054314512e-03,-3.300063082209345883e-02,-2.224873243570837933e-02,-1.513925285191630374e-02,6.786305253661186962e-03,5.204797309565806522e-04,6.882517564015551426e-02,9.872784597944259111e-02,5.916935479941829584e-02,7.350218493228562189e-02,-1.568080180499741710e-02,3.920081052963603208e-02,-3.509532925716850500e-03,-4.733700058737047578e-02,-1.500926965282466802e-02,-6.772523566749985569e-02,-2.472641192238505051e-02,-5.347051710147535108e-02,1.130519563280912984e-03,-1.927956345074352540e-02,-6.900411212635789576e-03,-2.739001089943074105e-02,4.778679394445610462e-02,2.474927989027829803e-02,-1.627468230638741062e-02,2.019086038502587027e-02,2.647846171535704965e-02,-9.060616562509353836e-03
5.580927831091253566e-02,1.207449737914401411e-01,9.592489257122727153e-02,1.582714991146247918e-01,2.434898968612559667e-01,1.657589744938837983e-01,2.588127881497671035e-01,1.000000000000000000e+00,3.809787789004293601e-01,4.717729165572891459e-01,5.083570189242766491e-01,2.112585724896328399e-01,4.714706048837348507e-02,3.113864962254496091e-02,-4.258310702969463762e-02,1.993033650831507048e-02,-1.349667674924495860e-02,-2.202542004196451214e-02,3.805619693807763687e-02,-2.753620773661447432e-02,8.046949348900052368e-02,-1.430054101139432120e-02,4.269785131909624443e-02,3.632357698092301967e-02,-2.138242606003037602e-02,5.506851551159588909e-02,4.691983867849451595e-02,1.562857752125699357e-03,5.456226766321640304e-02,1.697596789359443479e-03,3.356852075180573325e-02,-4.812191001633634585e-02,4.957031951006254239e-02,-1.001962263943299500e-02,-5.703886926492631598e-02,3.285161747507880231e-02,-4.128311117093577676e-02,-7.849259766901267588e-02,-2.221108807912986968e-02,3.361492305239792422e-02,-4.092011476221930899e-02,-1.001182430594655531e-02,3.480276916302506296e-02,-4.251893793028847096e-02,-8.831112330753908279e-02,-2.478894010359108599e-02,-7.203904464748785152e-02,-1.268404478753593079e-02,-1.130504308112788812e-02,2.713379870601558344e-02,6.437649794888415655e-02,3.824312784574768892e-02,2.973320050485637588e-04,-3.299021905237264907e-02,4.165797518999950905e-02,-2.705879404047464160e-02,-4.806408486185718282e-02,-3.642357325565465792e-02,-5.144212791345331021e-02,-3.504002392606762190e-02,1.227369636507109722e-02,2.707106756048219612e-02,5.442445966210696789e-02,6.592440881745098569e-02,5.267136258156962514e-02,3.894982720296760736e-02,-8.945195277030072722e-02,-8.044179398260409286e-02,-9.873150406712674632e-02,-4.868641007810687454e-02,-9.244644185073040699e-02
5.452267441579389945e-02,7.134322361163325521e-02,1.336169527663623735e-01,1.885383851474817518e-01,1.618982870101410565e-01,3.219390526717393342e-01,2.753482769362946003e-01,3.809787789004293601e-01,1.000000000000000000e+00,3.778669337515176974e-01,4.908446113635459018e-01,2.475850820235837857e-01,8.118666440520798389e-02,8.098583611205484312e-02,2.344029129353190216e-02,1.522573171134364300e-01,3.953313814045094493e-02,5.425139105622582558e-02,1.077793499898795915e-01,-5.582148469619142156e-02,8.048667715329757555e-02,-3.525477107273738281e-02,7.309944090335387945e-02,-2.949923854387618942e-03,-1.727669807599079704e-02,6.260547369845864685e-02,-2.986621003525537568e-02,8.241155311070939848e-03,2.986136933398027965e-02,1.346080678191693622e-02,2.673199814679033670e-03,-2.619829656162893025e-02,7.069034849615254967e-02,-2.519389064689643229e-02,-5.973026887735377599e-02,7.942006270341485027e-03,-7.058298761340794925e-02,-3.800142918254877794e-02,-1.107847376381164428e-02,4.568480181705020238e-02,-1.221115232385802272e-03,1.601073844917577996e-02,3.834993809314529017e-02,2.295075305617219966e-02,-1.335459821263463437e-02,-6.032342328909826891e-03,-2.620394815718416967e-02,-6.568253478257761457e-02,-9.372188173776128950e-02,3.384881645655114096e-02,8.355009444649247330e-02,1.074944762349821503e-01,-1.573390359900454089e-02,-5.721766206768506835e-02,-3.387777698319343472e-02,-7.510653434795407091e-02,-1.302239840999175058e-01,-9.794136983076418002e-02,-5.325255384411981679e-02,1.019526111251484700e-02,-4.187387326529321691e-02,4.837963896027497671e-03,1.977231575139220751e-02,6.197161862747536248e-02,7.276097903215451856e-02,6.332806794784136273e-02,-6.865015718241464227e-02,-6.028406942107861904e-02,-8.163628140744229322e-02,5.170882200106879760e-03,-7.276190316415916126e-02
5.629283170277718518e-02,6.712310320813204279e-02,8.584907550439410673e-02,1.386284532571012695e-01,1.167234162571274131e-01,1.285523242924099252e-01,2.189583968119240831e-01,4.717729165572891459e-01,3.778669337515176974e-01,1.000000000000000000e+00,2.934506540674757247e-01,2.307330985152537817e-01,8.872696863884503571e-02,-1.784125821446073262e-02,1.442083124882594450e-02,5.300566355674760088e-02,-1.015896155042648880e-01,5.346310314390072087e-03,4.019226956603525608e-02,-9.562077982373171081e-02,4.583179867400319699e-03,-6.212866447957041821e-02,4.186729886974982322e-03,1.313977384473568027e-03,-3.859000709275491742e-02,-3.595672532263666579e-03,-7.577426344148247613e-04,-3.269449307375508346e-02,-8.323202496377269180e-03,-1.416786171830838534e-02,8.668314877414455208e-03,-2.129039784464654972e-02,-5.314582489314338166e-03,-1.961394543248970793e-02,5.285067457771699083e-03,5.984709291554130006e-02,7.523126487047782085e-03,-5.638013043079784931e-02,-2.878370633224223377e-03,-1.042081414253027798e-02,-4.674099663697253021e-02,-9.530159744936416225e-03,-3.414973093460423742e-02,-4.594093790896761759e-02,-2.014141189258633266e-02,2.910890238915994632e-02,-5.989991130390506617e-03,3.439540212402496244e-02,-4.445058724129305992e-03,3.605969797775841756e-02,7.022276189306191074e-02,4.895031695096006136e-02,1.351643382745351500e-02,2.864518220901967824e-02,2.894427207226206444e-02,1.476180935920361724e-02,-4.507347903684884305e-02,-5.369221868594840560e-03,-1.982767183368028957e-02,6.505432741469061725e-03,-1.505952729852848629e-02,-2.022789586944804055e-02,8.227902267211885043e-03,3.342513451490773668e-02,4.278127806178870507e-02,-3.321053337910911951e-03,-7.990317202827294796e-02,-8.482054898137240950e-02,-8.841743368162260919e-02,-6.834136281004138391e-02,-9.915804364259452053e-02
3.462202881793990938e-02,6.769056888754941548e-02,8.176228491255105313e-02,1.158260599426700621e-01,1.841364189333843382e-01,1.837289307716350184e-01,1.697078974748417457e-01,5.083570189242766491e-01,4.908446113635459018e-01,2.934506540674757247e-01,1.000000000000000000e+00,3.051773233725102452e-01,7.576750431836472288e-02,7.516941935084277271e-02,-1.671161537736305658e-02,3.900990480606031374e-02,5.691596645415072930e-02,2.332094877099999061e-02,5.800303597191258653e-02,1.216981735324261862e-02,1.241573108602286035e-01,3.977906116991326152e-02,9.813984878831504000e-02,5.800918361685859781e-02,7.296454121493072507e-03,1.094095444630893976e-01,5.516135074943902261e-02,5.106207549140918955e-02,9.536460562052960499e-02,4.786866555185468469e-02,3.388522700447207936e-02,-3.999414505930770636e-02,9.776586751657859176e-02,-4.993365319954804447e-03,-1.015407552396503515e-01,-1.103291612697253864e-02,-9.362156848095763706e-02,-6.941849545348317829e-02,-5.140889956497241009e-02,5.583561650198661658e-02,-2.074887166721601020e-02,-1.405584658676508995e-02,6.324709777855595794e-02,-4.790780156643838217e-03,-8.368068305152570607e-02,-5.685844158112570573e-02,-8.233493591008056445e-02,-6.402547215584934726e-02,-2.795617335686554142e-02,4.117488542583996707e-03,6.264054489774785461e-02,3.168512596189626551e-02,-3.100142682619291823e-02,-8.874484049536432440e-02,2.353236348284958469e-03,-8.181089404910729668e-02,-7.009323736383347991e-02,-6.763952696134167830e-02,-7.847746167679323093e-02,-6.242210897247002510e-02,1.486324676011270551e-02,5.400908175561924818e-02,8.241341640122802625e-02,8.960923372627251082e-02,8.614135114059927323e-02,7.468008807775790292e-02,-8.776181892423803865e-02,-6.801769880724045647e-02,-8.696049000940413165e-02,-3.180398000422754445e-02,-5.358151961650011591e-02
2.159672653456943137e-03,-7.277767157117471901e-03,4.406526683433041602e-02,3.691685658431610034e-02,7.724453027500438607e-02,8.089465978561322101e-02,4.205354235242234756e-02,2.112585724896328399e-01,2.475850820235837857e-01,2.307330985152537817e-01,3.051773233725102452e-01,1.000000000000000000e+00,3.198221804860920670e-01,2.331362979655957901e-01,1.627421635011000178e-01,1.250026900450297573e-01,1.280125743559223650e-01,1.447574614892219447e-01,1.195510739179504456e-01,8.593457658581110659e-02,1.613789569536917823e-01,1.091720128464541001e-01,1.664933272030803824e-01,1.165384498953686704e-01,1.150713834312602490e-01,1.138344550387719173e-01,6.931484312059521535e-02,1.317285025027067069e-01,7.591242939506327725e-02,1.040842261711571737e-01,1.270460391454254212e-01,6.738522199971136439e-02,1.641470200275388092e-01,1.445588901194593823e-01,-6.528892328011054458e-02,-1.508391748674074023e-02,-9.533951039731972110e-02,-1.252725173130029845e-01,-1.291752548979933912e-01,-3.950678862247644640e-02,-6.740608852611548740e-02,-8.842986130313874871e-02,2.194355529678332709e-02,-7.391285487728658718e-03,-3.151523018756585692e-02,-7.674315961606055503e-02,-6.176844151654160842e-02,-1.233722696368977634e-01,-1.728826331680264478e-02,-1.230255248641992510e-01,-4.504208900754624878e-02,-3.052819200487642479e-02,-1.714916487952722335e-01,-8.089943714748328019e-02,-9.139449450527493968e-02,-1.530579559229776621e-01,-6.797044961742443325e-02,-1.496934363977745486e-01,-1.465825306133439719e-02,9.229031712974358759e-03,1.282502280646985182e-01,1.121030608200639100e-01,1.308138313492905602e-01,1.477100835982151639e-01,1.986971809494658125e-01,1.731091655490533260e-02,-1.849577932360209342e-01,-8.259543233487923186e-02,-1.389886445717837815e-01,-4.935638879691273823e-02,-5.454718845218950452e-02
-3.001682942528933681e-02,-4.802923593202504393e-02,-4.424012054967182278e-02,-4.689271959095903802e-02,-4.955264078212755219e-02,-2.880781172122958561e-02,6.538319302895819439e-03,4.714706048837348507e-02,8.118666440520798389e-02,8.872696863884503571e-02,7.576750431836472288e-02,3.198221804860920670e-01,1.000000000000000000e+00,2.936909105292885291e-01,3.390137913423038607e-01,2.778782097332220258e-01,2.389635469941211732e-01,2.554015439306834279e-01,1.322216410582286727e-01,6.412979854695051440e-02,1.096205944470271254e-01,9.141151069087284642e-02,1.483082891327739128e-01,6.816673445752678695e-02,9.509786564918391860e-02,6.459091430146475521e-02,3.406993800831162322e-02,9.492371553820865004e-02,1.661411087675617251e-02,5.209976323050907049e-02,1.242985136364523902e-01,8.506910313447813010e-02,1.181806266171028519e-01,1.825206800905964377e-01,-4.951672162042325583e-03,-4.091865955862320631e-02,5.975260032608177910e-03,-7.483006168428613103e-02,-7.627404673436505300e-02,-6.859597504648393129e-02,-5.740292215480066740e-02,-6.558540027887724277e-02,-6.765945447630186162e-03,3.344489201901347606e-03,-4.945651748720798074e-02,-4.593132510260320572e-02,-3.233804771656636351e-02,-1.068827884766503089e-01,-5.562865687466059250e-02,-9.779140104305246439e-02,-9.601419022822167693e-02,-3.622550757307026192e-02,-1.548640607871052954e-01,-2.659677878704947915e-02,-1.151240303474863752e-01,-1.151216274671955503e-01,-6.349370267617639174e-02,-1.273448827848130127e-01,5.420841633355972383e-02,7.357282124750495755e-02,1.151770210344280898e-01,9.981988863006545365e-02,1.127181831389714034e-01,9.431028121554109467e-02,1.631354360551139360e-01,-4.614159447638262190e-02,-1.263601471046458813e-01,-3.938613464024603300e-02,-9.152852150485268901e-02,3.279847577178875151e-02,-1.277739956798651551e-02
-5.862269890827506713e-02,-5.644278050625387011e-02,-6.849517582273577376e-02,-5.568546617090016498e-02,-4.769749527349562146e-02,4.706916800087968542e-04,-5.500511747667088253e-02,3.113864962254496091e-02,8.098583611205484312e-02,-1.784125821446073262e-02,7.516941935084277271e-02,2.331362979655957901e-01,2.936909105292885291e-01,1.000000000000000000e+00,3.934079537511516178e-01,3.261442794080655072e-01,5.365631490320590391e-01,2.501622074491913761e-01,2.516215143929997344e-01,1.561028284241018083e-01,2.134951404180268353e-01,8.679105223583395701e-02,2.841460942227048703e-01,4.617539613756102557e-02,1.599402291016881195e-01,1.365921777199366749e-01,-7.334199001691836355e-03,1.453425409798999868e-01,7.645159024478417886e-02,1.879108172302963731e-01,7.903271773671366462e-02,1.554304275544433345e-01,1.903174332570432836e-01,1.567840477990679882e-01,-8.081069975303253883e-02,-1.050511518530412719e-01,-9.093845304853974409e-02,-3.647267136516765124e-02,-1.286998067705305837e-01,-1.240913742205339461e-02,4.049725231541181913e-02,-4.961365013540651459e-02,8.601041201358423927e-02,1.101659865450835829e-01,7.697063486096079703e-03,-5.790168564736981188e-02,-1.502463397892631405e-02,-2.015848334473821224e-01,-1.680680967486661292e-01,-1.814185589205403737e-01,-1.399801220060215567e-01,-2.519807635249311263e-03,-2.700112605140204680e-01,-1.672844095388787422e-01,-2.679561567171144798e-01,-2.327172942300907155e-01,-1.874369495902900029e-01,-2.876941574465058937e-01,3.422535794488928973e-02,1.209339812247132162e-01,1.504220311273741228e-01,2.172581258706022256e-01,1.574146206574106865e-01,9.162937750666093339e-02,2.290895268615226466e-01,6.091048485475114571e-02,-1.164525579451317350e-01,3.727811872847816566e-02,-1.382148961072261206e-01,1.018277428822023378e-01,-1.380707635357717074e-02
-6.247448305592782219e-02,-9.001986796837044280e-02,-5.091911452806579391e-02,-7.725391763297627390e-02,-1.204532238202536409e-01,-4.147382061745458898e-02,-3.981107985976508473e-02,-4.258310702969463762e-02,2.344029129353190216e-02,1.442083124882594450e-02,-1.671161537736305658e-02,1.627421635011000178e-01,3.390137913423038607e-01,3.934079537511516178e-01,1.000000000000000000e+00,4.013184651372416756e-01,3.194317297587741522e-01,5.361108570357382419e-01,2.751662951630476917e-01,1.491573673759325203e-01,1.452934155108042413e-01,8.591830489484239552e-02,2.405190356844952027e-01,7.476473193384926275e-02,1.741806325266073430e-01,6.889383926876771480e-02,-9.341089663663981746e-03,1.455887685109211738e-01,-7.890646339953630642e-03,1.261442129183161509e-01,1.396470634288744517e-01,1.742673997998148983e-01,1.306477240919626803e-01,1.713456597613957910e-01,5.622826518408439306e-02,-4.558976187908175132e-02,-2.435693995540035017e-02,-4.703159715029407717e-02,-1.386078151547417703e-01,-8.325572663053067146e-02,-8.753255325957715396e-03,-1.250406767909469918e-01,-1.786312688787132161e-02,2.501936845279387547e-02,3.584332627860923378e-03,-3.239319058179877808e-02,3.085615685292285651e-02,-1.658493826803840165e-01,-1.172296036568287320e-01,-1.576534265550419422e-01,-1.584057648661612305e-01,-2.733418181304035285e-02,-2.909127237539527733e-01,-9.759822458374366183e-02,-2.584560070828027523e-01,-1.733132639572630418e-01,-1.339760377861545781e-01,-2.664262992488194426e-01,1.366678337064014259e-01,1.906692370015212468e-01,2.098232321458595728e-01,1.206616171384466418e-01,1.548355867813067110e-01,1.580680876059155637e-01,2.314152141012384700e-01,-8.255545767092207013e-03,-1.560573837741332792e-01,-1.085739741641198949e-02,-1.881759741351351212e-01,3.939762869774254654e-03,-7.207397100767802545e-02
-1.369566064171811801e-02,-1.360869040874711743e-02,-8.838138240944091659e-03,9.157432965400407257e-03,-2.237734408139269160e-02,3.316250382489321219e-02,6.789212076592139600e-02,1.993033650831507048e-02,1.522573171134364300e-01,5.300566355674760088e-02,3.900990480606031374e-02,1.250026900450297573e-01,2.778782097332220258e-01,3.261442794080655072e-01,4.013184651372416756e-01,1.000000000000000000e+00,3.311344381708080098e-01,4.337573945788016361e-01,4.407043460038073679e-01,1.719331706871708165e-01,2.100021406990559003e-01,9.774150575346442216e-02,3.009783692437105196e-01,5.955889943890638194e-02,2.152944007686823646e-01,1.299703195919885146e-01,-1.605759342650638771e-02,1.790455065802233903e-01,1.305628860058341036e-02,1.561118253686977209e-01,1.154968220693238373e-01,1.727686548454954174e-01,1.840009917521573668e-01,1.211140433231173291e-01,1.172685592350687298e-02,-8.493057385215832533e-02,-6.482099685720218996e-02,-2.832152860995225743e-02,-1.056010875478284039e-01,-4.809360547741365483e-02,1.975596028370960044e-02,-7.785768265317007109e-02,-2.611089784338900197e-02,3.120471046505078963e-02,7.001263144771099900e-02,-6.347713942878759064e-02,2.256087494982671887e-02,-2.225955179543724627e-01,-1.725077848369175604e-01,-1.886777185071053797e-01,-1.745403158299385082e-01,-7.671683455971918530e-02,-2.738814361687972876e-01,-1.855702831447551548e-01,-3.270371685210288204e-01,-2.004894295458120590e-01,-1.683383523151699979e-01,-3.596909613342700873e-01,1.515033751593246047e-01,2.522019195803503200e-01,2.239184980058571139e-01,1.448854745763180907e-01,1.752461673629229499e-01,1.857382606927201196e-01,2.432315322579776673e-01,9.486121724499112229e-02,-1.564819705436666375e-01,-1.150722186289170577e-02,-1.454504393990657674e-01,7.348156394969355965e-02,-1.354797146204352216e-02
-3.012654770526815989e-02,-5.359400735020970058e-02,-5.957468520456772609e-02,-2.215283345660441772e-02,-4.853783021447900109e-02,-8.304314003775086286e-03,-1.211830531433828739e-02,-1.349667674924495860e-02,3.953313814045094493e-02,-1.015896155042648880e-01,5.691596645415072930e-02,1.280125743559223650e-01,2.389635469941211732e-01,5.365631490320590391e-01,3.194317297587741522e-01,3.311344381708080098e-01,1.000000000000000000e+00,3.304366023035588684e-01,3.146041346877420097e-01,2.220848142394410418e-01,1.356603582231698801e-01,8.974501308624591167e-02,2.623386075722072830e-01,3.541120764551065891e-02,1.370639638695867468e-01,5.323649312345679618e-02,-2.309258853963617325e-02,1.269944363659176734e-01,2.869651494689614765e-02,1.298163825068672506e-01,1.054346680473166736e-01,9.645731565347333281e-02,2.059362333490263874e-01,1.531879085027552101e-01,-9.405532587470118167e-02,-9.056809870152889019e-02,-7.671765327712301574e-02,-2.242892902395761390e-02,-7.761103449325541803e-02,3.471015549975980941e-02,3.136924191658951866e-02,-3.767876902161966090e-03,7.722376092974372885e-02,9.026379266900662335e-02,3.048504316107324141e-02,-1.215660651631368938e-01,2.315415864922593103e-02,-1.345128124429998129e-01,-1.252508753613580939e-01,-1.442111336176665204e-01,-2.095584118506068350e-01,-7.196879222214207228e-02,-2.719199450592800771e-01,-2.725110502290665759e-01,-2.240453119357993794e-01,-1.267840366510171179e-01,-9.098695092538001961e-02,-2.586258232718838257e-01,1.505312050272311353e-01,1.978192244886397277e-01,2.089006344749639588e-01,1.823687254888439746e-01,1.638835409005377497e-01,1.396978183170457244e-01,1.491720554776205521e-01,9.429603817000446753e-02,-9.315105327344842812e-02,-5.584502595093662584e-03,-1.205478440108481986e-01,8.812863613225584147e-02,1.987733548332722144e-02
-3.973695965109260569e-02,-6.337407029014320570e-02,-2.460184921376696796e-02,-2.691010360263550866e-02,-9.163332382611545646e-02,-2.961151677512349756e-02,-7.536560959339353924e-03,-2.202542004196451214e-02,5.425139105622582558e-02,5.346310314390072087e-03,2.332094877099999061e-02,1.447574614892219447e-01,2.554015439306834279e-01,2.501622074491913761e-01,5.361108570357382419e-01,4.337573945788016361e-01,3.304366023035588684e-01,1.000000000000000000e+00,3.549490200728180889e-01,2.670760803811229600e-01,2.367944411630955870e-01,1.889144421069074431e-01,2.862671083401928662e-01,1.263495078432293195e-01,1.999058483821419818e-01,1.250362916097489951e-01,3.361093576066671168e-02,1.912666007351851716e-01,3.418766268015945714e-02,1.400345615712218772e-01,1.338057750763664011e-01,1.701588045323499665e-01,1.557609558296172980e-01,1.476277171751045614e-01,1.137130890247879320e-02,-8.355889958608585244e-02,-6.364349106508494780e-02,-4.457828892903466927e-02,-1.433206565483378103e-01,-5.175464765974299025e-02,7.820530200877293114e-03,-1.107234694664901015e-01,1.000257853317682369e-02,1.943642407243234907e-02,4.307395982978664065e-03,-1.008056273435107425e-01,4.955987050655873832e-02,-1.943682921953013010e-01,-1.107122273231282567e-01,-1.570992786628495896e-01,-1.642867428370813343e-01,-9.292820868014732560e-02,-3.152822966090531587e-01,-1.599697980110396656e-01,-3.390613833028576773e-01,-2.512812612205854723e-01,-1.826317872351946314e-01,-3.607889346338588599e-01,1.512861822742306572e-01,1.939769066697555333e-01,2.505515227513006593e-01,1.008269445978119822e-01,2.141106006580315579e-01,1.983329104136003496e-01,2.569965433871789218e-01,4.245950037834286817e-02,-1.577290517221907884e-01,-1.000666844598219196e-02,-1.621139372974660098e-01,1.315339317862435770e-02,-9.255520431278427620e-03
-2.497205987744331376e-02,-5.635247353277269416e-02,-3.241367595779385408e-02,-1.782516929154108823e-02,-6.911713977161984546e-02,-1.259658174641328267e-02,2.328273718083954946e-02,3.805619693807763687e-02,1.077793499898795915e-01,4.019226956603525608e-02,5.800303597191258653e-02,1.195510739179504456e-01,1.322216410582286727e-01,2.516215143929997344e-01,2.751662951630476917e-01,4.407043460038073679e-01,3.146041346877420097e-01,3.549490200728180889e-01,1.000000000000000000e+00,1.854670928938538799e-01,1.949214297125495821e-01,3.923923845679225947e-02,3.241231724080850807e-01,3.384065907210208335e-02,1.783382011811289192e-01,9.183871911222413198e-02,-6.756477287136853672e-03,1.523730484611552083e-01,2.536085468808646493e-02,1.500787078878071112e-01,1.806876635340148862e-02,1.061160589596217008e-01,1.612205001887307143e-01,5.190573309326202561e-02,-1.949415999632054738e-02,-7.493850573416958871e-02,-1.005516504350037199e-01,-6.764197346879255793e-03,-7.759088819208395660e-02,4.994014945584004245e-02,5.268760245919296842e-02,-3.950921801604811989e-02,5.035910901333338907e-02,3.806281261875876787e-02,3.929295106492573797e-02,-1.678200186855177342e-02,5.912674478781144646e-03,-1.823669111892404493e-01,-1.534355558907894435e-01,-1.462206422998559852e-01,-1.650041669765917318e-01,-2.027078336162254149e-02,-2.985309175870958787e-01,-2.881170623618890536e-01,-3.010294126912463897e-01,-1.688485828709948566e-01,-1.691529406759484655e-01,-3.312316355826847025e-01,1.855976334991618626e-01,2.532007036622566654e-01,2.441081715029282118e-01,1.821145016668441197e-01,2.188201707098917925e-01,2.309165217218117072e-01,2.515595493047524944e-01,8.460287920829490105e-02,-2.153781394271837568e-01,-4.400109132692493069e-02,-2.393365753076561464e-01,-1.674234946304867591e-02,-1.476476264696520435e-01
-5.007597301514074561e-02,-5.157549701341061082e-02,-4.384458683334940821e-02,-5.498528327510131958e-02,-3.963267416745584748e-02,-6.651523004288202590e-02,-7.115203830248581496e-02,-2.753620773661447432e-02,-5.582148469619142156e-02,-9.562077982373171081e-02,1.216981735324261862e-02,8.593457658581110659e-02,6.412979854695051440e-02,1.561028284241018083e-01,1.491573673759325203e-01,1.719331706871708165e-01,2.220848142394410418e-01,2.670760803811229600e-01,1.854670928938538799e-01,1.000000000000000000e+00,3.691470691205047672e-01,6.318599763812247083e-01,4.157825280770306442e-01,4.536993119711433819e-01,4.804216321682391322e-01,3.009183133337934302e-01,4.201244656232047125e-01,4.288188882623458209e-01,2.660149920292840808e-01,2.977997839759433107e-01,3.160125398320299261e-01,1.600684186086133998e-01,3.122638269433771208e-01,1.977227013943900491e-01,-9.497557598523351241e-02,-1.764246339997431468e-01,-2.113064723245577092e-01,-2.408759480026946287e-01,-3.370569691360386089e-01,-9.099316543090410492e-02,-1.630246614741544253e-01,-3.051202320657490086e-01,-8.303147677738693597e-03,-1.141193758298083838e-01,-1.357750484343716035e-01,-3.181339186837200961e-01,-2.544359694014767803e-01,-2.614954769975855187e-01,-4.185063229733131974e-03,-3.322402592234945939e-01,-2.452181273650407278e-01,-2.869718002957298286e-01,-4.040856729446175022e-01,-3.046968900633837962e-01,-2.770921253879462531e-01,-3.776398576114547434e-01,1.911490926954324820e-01,-2.408051803391172419e-01,2.186405935719175631e-01,9.107229491711202676e-03,5.332880896486967837e-01,3.232008061445877933e-01,4.185806472608269990e-01,2.724358977503557599e-01,3.088927341082362554e-01,1.698727358587722169e-01,-1.894533294474320673e-01,3.656533050973084092e-02,-1.857458634027255862e-01,-4.819834466716586135e-02,5.909126183397762216e-02
-4.336912940923853127e-02,-2.106275742290950395e-02,7.212475469517382748e-03,1.672365274139338493e-03,2.366612983076219270e-02,3.160703030705406397e-02,1.207884874449344399e-02,8.046949348900052368e-02,8.048667715329757555e-02,4.583179867400319699e-03,1.241573108602286035e-01,1.613789569536917823e-01,1.096205944470271254e-01,2.134951404180268353e-01,1.452934155108042413e-01,2.100021406990559003e-01,1.356603582231698801e-01,2.367944411630955870e-01,1.949214297125495821e-01,3.691470691205047672e-01,1.000000000000000000e+00,4.486980316636517419e-01,6.401918309386299688e-01,3.587872117081388201e-01,2.952264782921615871e-01,6.745494343643212432e-01,2.667340491993171470e-01,3.237589518659388377e-01,5.027540903033314024e-01,3.448280616197188508e-01,9.708554366674036762e-02,5.510329364261439683e-02,3.609272997807195238e-01,1.301951097901112298e-01,-2.890118176951572693e-01,-1.780998472559349455e-01,-4.294631253772082657e-01,-1.645287122438928440e-01,-2.504042312515319391e-01,2.020324405043263938e-01,5.243084637821228411e-02,-1.107580937197032017e-01,3.391810889544401575e-01,1.165402436144845622e-01,-1.163091068131626438e-01,-2.079595908855264297e-01,-2.153423667115279272e-01,-4.580002172258182958e-01,-1.458939031323001068e-01,-2.889829514618894590e-01,6.271462250091622975e-03,-1.847592339586099364e-01,-4.828879248169125060e-01,-5.165446270882998459e-01,-4.845549737896381881e-01,-7.395538999157861282e-01,-4.090995986451133049e-01,-5.447943043377200256e-01,-3.213717909161654673e-01,-2.778971313620922090e-01,2.718534243041540455e-01,4.381046129622032104e-01,4.735964031395425988e-01,2.439700652890084143e-01,4.379027370108938833e-01,4.542759465666793561e-01,-1.681420265355994537e-01,8.099037243287982024e-02,-1.595290466214989711e-01,2.944791895246902658e-01,5.652054538799398953e-02
-3.878763889386348945e-02,-3.960933520230099092e-02,-3.323609692382130387e-02,-2.707182700834082426e-02,-6.928974912639065085e-03,-5.178048128702629482e-02,-4.352389009226104166e-02,-1.430054101139432120e-02,-3.525477107273738281e-02,-6.212866447957041821e-02,3.977906116991326152e-02,1.091720128464541001e-01,9.141151069087284642e-02,8.679105223583395701e-02,8.591830489484239552e-02,9.774150575346442216e-02,8.974501308624591167e-02,1.889144421069074431e-01,3.923923845679225947e-02,6.318599763812247083e-01,4.486980316636517419e-01,1.000000000000000000e+00,4.339678391758745035e-01,6.388277116183141979e-01,5.015331598169823213e-01,4.484424164331621832e-01,6.056991840135900196e-01,4.841089240888661327e-01,4.196250069380288994e-01,2.733662347496202960e-01,4.039398336960201008e-01,8.952544225143668766e-02,2.917789238372404115e-01,2.390815839933548570e-01,-7.657735344991629944e-02,-9.625862828156939166e-02,-1.687047642458581187e-01,-3.742831835234709525e-01,-4.112081030873315779e-01,-1.427462859292816244e-01,-2.964286872644177340e-01,-4.316457638995226942e-01,-1.391915961385753117e-02,-2.223661294361035379e-01,-3.090004414569064162e-01,-3.262293710926730261e-01,-3.816658766974067585e-01,-3.030883417434355187e-01,5.927130658791517070e-02,-2.632006761245718196e-01,-1.750573722148217326e-01,-3.592853654275697250e-01,-4.211018753355103561e-01,-2.424464920576551441e-01,-1.958745810613320981e-01,-5.030680908722329203e-01,2.620931910017529343e-01,-1.712120691429586949e-01,1.157840986416201479e-01,-1.964299161944678407e-01,5.749581381120015822e-01,3.109153683726133544e-01,4.777894937790977958e-01,3.308426057566022926e-01,3.990362111132432776e-01,1.566324177474069379e-01,-2.695526089304073891e-01,-4.219291103222733846e-02,-2.461464000997776458e-01,-7.335787386145879718e-02,4.815296090823227571e-02
