1.000000000000000000e+00,3.877650414082933761e-01,7.016416123125669424e-01,-3.676747442070671945e-01,-4.425337868881150660e-01,6.688223202420924274e-01,3.202425018190889205e-01,-6.593494346150966523e-01,-2.028392117836131867e-02,7.736889238835836791e-01,-1.387923321880759620e-01,-6.483729609856820897e-01,3.998889447848430478e-01,5.866014760308558840e-01,-3.914123589928616420e-01,-1.052137665698144597e-01,-4.058822599250156982e-01,4.590135609268073957e-01,-2.414449986853391961e-01,7.378808679761547640e-02,-3.796909467533938209e-01,-5.826179282796818404e-01,-5.699602993586015340e-03,-1.663863529564876820e-02,-5.519220777176361281e-01,4.458710656034684527e-01,-2.787952908393389606e-01,1.550535273120107749e-01,2.523196937747448354e-01,7.515026073065330658e-01,1.685954154807133287e-01,7.057481559121580039e-01,3.934752973666971743e-01,6.005978960815967493e-01,3.857600948934902241e-01,4.065600970218231913e-02,6.326564394788530832e-01,5.910841978781315037e-02,5.780636659845819203e-01,-4.838053805731437618e-01,2.410642072246385881e-01,-4.713869777325190857e-01,2.393983413118809245e-01,-2.695002635385730927e-01,-5.213015508862376413e-01,-3.527191689010225617e-01,-6.577653841639112819e-01,-3.584046793533162689e-01,-6.453266491944154026e-01,-3.108092725718774041e-01,-6.223721586830275321e-01,3.417010814645310424e-01,6.375788151921999436e-01,7.536923774224872918e-01,-1.387071080984109694e-01,-4.672349527652317480e-01,4.396934758922259601e-01,6.139523041288053040e-01,-4.598392349220807862e-01,-2.096894045196682210e-01,7.629869479468409654e-01,1.979047965191566560e-01,-5.956695412267714040e-01,2.842108114884224213e-01,7.485309556593691127e-01,-2.231783968039955379e-01,-4.776577721680030919e-01,5.773104352648945614e-01,3.132585727522601560e-01,-6.769470610609139571e-01,-1.116182090592058307e-01,-6.296848495426454924e-03,5.714263055356824106e-01,-2.218388623723408781e-01,1.132218510684835228e-01,1.514401371236815674e-01,1.576226573386201590e-01,-6.737247740434143539e-01,-1.977286593099142342e-01,-5.985352495252598271e-01,-4.498364158144269598e-01,-4.073474732494119510e-01,-4.949875280725562487e-01,1.061465038134652566e-01,-6.323763751159326985e-01,-3.960860163254049243e-02,-6.797450196914746057e-01,-2.541853183144253681e-01,-5.399499429365938186e-01,-5.619670271547056763e-03,-2.671352939213446631e-01
3.877650414082933761e-01,1.000000000000000000e+00,8.546841613929008485e-02,-4.774246528596745587e-01,4.595702219956492862e-01,7.907710044024157670e-01,-3.297709680211876604e-01,-2.627878409328425202e-01,8.011985148636898701e-01,4.410903672913648599e-01,-5.336600252640624209e-01,1.008562252458715253e-01,8.970806358030870564e-01,2.755619635540193860e-02,-6.462454163437599819e-01,3.069259565188029448e-01,-4.832148517510047592e-01,3.069405516604959416e-01,3.976965995417739430e-01,-4.495679997677225481e-01,-7.736414994304625647e-01,2.170217877510418059e-01,2.419489938190717837e-01,-7.630285824644877923e-01,-4.968527449603732937e-01,-3.173685259032327788e-01,-4.037945539121190475e-01,-5.146255856984977006e-01,-1.561487517828130389e-01,2.040657577205826911e-01,-3.424970204270878504e-01,5.875603039590276966e-01,-1.707773396770405072e-01,6.053063409729022570e-01,1.358250609931726804e-01,6.211120311779886327e-01,1.511845193933455123e-01,2.597452520974681267e-01,8.009197764318233270e-01,1.591805583484699471e-01,-1.906301726440960964e-01,-5.228151458872599688e-01,-5.431873905441710892e-01,-6.923279428703005278e-01,2.017171618357300467e-01,-6.555222322304390392e-01,-4.037646412484812708e-01,-8.559974069695586163e-01,-2.690268734532779149e-01,3.476629288043460719e-01,-2.675942305646852315e-01,7.561808437877487465e-01,5.410962246299061418e-01,5.601349240604931445e-01,7.235796795820439442e-01,-3.106223661141961911e-01,-3.681045808444463607e-01,8.198623537304675635e-01,3.691459892565189804e-01,-5.610014998695662669e-01,1.872816411554341365e-01,8.830316969781671910e-01,-1.038823308741542023e-01,-3.644084213341695078e-01,6.257707845504010269e-01,6.628281591361212532e-01,-3.750690529639422732e-01,-9.622071534813589344e-02,8.417199261200765115e-01,-1.609213845595517112e-01,-7.823252015117045932e-01,-6.599130317139913215e-02,-1.228696242701058511e-01,-8.463205227332512015e-01,-3.430666645988970642e-01,-5.944079637111162606e-01,-9.333211531753292378e-02,-4.638097415056557371e-01,-3.629296405427495098e-01,1.076815843533669437e-01,-3.174055102818008622e-01,4.345822225760461732e-01,-2.251164040793884880e-01,7.273075548099364740e-01,-1.667877248789675360e-01,4.818024961228283831e-01,-7.826529569726232982e-02,4.209315648823076517e-01,-6.840495422277026970e-03,3.792521054828193461e-01,-5.608782723704309678e-03
7.016416123125669424e-01,8.546841613929008485e-02,1.000000000000000000e+00,4.504391189337615675e-02,-7.116074884611703899e-01,5.192738365047662175e-01,8.037534330949487327e-01,-5.041267063170932206e-01,-3.846004996977702151e-01,8.946524494806602501e-01,3.483014638607742075e-01,-7.536590068330332182e-01,1.151980589895124640e-01,9.516009406882679489e-01,1.480607805744462574e-02,7.603098845982238230e-02,-2.141786977873211956e-02,7.594204625453114810e-01,-1.955657633671690765e-01,5.697286973361612716e-01,-3.519234114475098818e-01,-8.873102674616344387e-01,2.580602490791620296e-01,4.092398873879918852e-01,-7.444418598247087848e-01,5.066204315704789796e-01,-5.241753300553653183e-01,1.497760257930648431e-01,4.346304009293718712e-02,7.711913998153752114e-01,3.209127382026167458e-02,5.184953026976224510e-01,2.785696985602488240e-01,3.096762499511229172e-01,9.800052686417554115e-02,-4.496680418997459627e-01,5.144690556222656364e-01,-3.931855687273753674e-01,4.967380844178142518e-01,-4.363508008251783532e-01,7.084522686781811185e-01,-1.126089698889430335e-01,7.023855308287398902e-01,1.777190200831428035e-01,-5.462734526039372263e-01,7.219268432813831515e-02,-4.559804624189789379e-01,-2.261071817493842395e-01,-4.885770450034613854e-01,-2.681107286357698460e-01,-4.399381562072469110e-01,3.346219145419582763e-01,7.873632296531690722e-01,6.575265157591962950e-01,-4.605119112985314733e-01,-7.719913302310059677e-01,5.396683985427135344e-01,4.538343820641725923e-01,-8.576085970316096319e-01,-3.411940837334478949e-01,8.179792922060352689e-01,-8.374711538070367389e-02,-9.452000116980985300e-01,2.341484103526468852e-01,7.497232114614622578e-01,-5.785059195200124016e-01,-7.504021936016082028e-01,5.754368826806384174e-01,-6.325598282530470184e-02,-9.659329207910886117e-01,9.533393438538180845e-03,-3.619683072177656835e-01,5.947652330948078880e-01,-3.649323405366777795e-02,-4.084100479319696664e-02,6.171232936614606812e-01,5.987424125697936583e-01,-4.680392236863324396e-01,2.441063529698546952e-01,-6.397984610418406826e-01,-1.286836156138330411e-01,-5.551537117627290963e-01,-2.356087395761951309e-01,5.172705106493785676e-02,-5.118674205206337202e-01,5.689385113189598248e-02,-6.752011509636517417e-01,-2.448103586882042493e-01,-8.809394717255445428e-01,-3.737250478502270878e-01,-5.378193372498255576e-01
-3.676747442070671945e-01,-4.774246528596745587e-01,4.504391189337615675e-02,1.000000000000000000e+00,1.293769668502800334e-02,-5.906597817717893495e-01,5.994338973047778074e-01,8.005616465996362452e-01,-4.221057517028299899e-01,-2.540331755263032232e-01,9.289188076492170820e-01,3.928358184095596117e-01,-5.927792113486756165e-01,2.584568199645507769e-01,9.510150430975385927e-01,6.006318494565680011e-01,9.722326491247789138e-01,3.510455408900565177e-01,4.645051962841192372e-01,7.897620283349975345e-01,8.555515345805426997e-02,-3.761473830482795627e-02,6.493276451719895981e-01,6.007282296921192533e-01,-1.125835176673613131e-01,-3.885180717591121824e-01,-4.281844247460201425e-01,-3.468005581025943584e-01,-7.254942251363050154e-01,-5.430398975331459654e-01,-5.725944357968517640e-01,-7.839760590541042795e-01,-6.587963272361136990e-01,-9.009335960710482816e-01,-8.945707501932469441e-01,-8.234357643572316476e-01,-7.444155300530830299e-01,-9.019224217808142763e-01,-3.654917648882305969e-01,5.835490028089879155e-01,6.958467095283192849e-01,9.658876202518928977e-01,5.503721324001852322e-01,9.041657502909196120e-01,4.879452119849500558e-01,9.467559863018873978e-01,8.453271085910393223e-01,2.547080103333873580e-01,7.980966065949387511e-01,5.001271670722022833e-01,8.284463191744997346e-01,-1.737560613506132154e-02,-3.448362731481281057e-02,-6.485286166464715452e-01,-2.672526798378905832e-01,-3.493637965582022109e-01,-3.240810676202857676e-01,-5.511863237152930806e-01,-2.831177290527197021e-01,-3.140119011300770979e-01,-4.828847801939223361e-01,-4.157525662136681288e-01,-2.495938131906639268e-01,-4.992583419782323784e-01,-4.108615279842205426e-01,-2.921502361663405600e-01,-2.969757954374833142e-01,-5.571117277825503589e-01,-7.332891030083992234e-01,-7.602200753617245621e-02,3.982497490275831165e-02,-7.736429457271839505e-01,-5.080703649417540602e-01,2.574577828870332485e-01,-5.592903096761840942e-01,6.090551754252978567e-01,7.525561295298300868e-01,8.419152490249709464e-01,9.589568575401936634e-01,4.947174222136297983e-01,9.486782401704997314e-01,2.223175779313136535e-01,8.958186522182611800e-01,7.520344185488841982e-02,7.496823454968518652e-01,4.301754547164547970e-01,5.797133357181751823e-01,4.014818806741425883e-01,-2.329981709129995138e-01,-5.964150788954226678e-01,-3.084521947672316244e-01
-4.425337868881150660e-01,4.595702219956492862e-01,-7.116074884611703899e-01,1.293769668502800334e-02,1.000000000000000000e+00,2.215652397746445401e-04,-6.573069084807091622e-01,5.580875800694380384e-01,8.282706981282796921e-01,-4.546998032296916681e-01,-3.151470639749409663e-01,8.922359955820828858e-01,4.266148081220461630e-01,-6.236496627388566916e-01,-1.346427208510037055e-01,5.025825879891829828e-01,5.173281629132674836e-02,-1.728408235661453574e-01,7.413948593193299130e-01,-4.868964900867998602e-01,-3.686258238288067646e-01,8.994452204777256821e-01,3.215691960790935111e-01,-7.296207416939783919e-01,1.044726420959152802e-01,-8.856998162263721719e-01,-1.440211025384035004e-01,-7.517566942068247826e-01,-5.250439422213689644e-01,-7.051612387600147969e-01,-6.093007595511723551e-01,-2.710884649730329055e-01,-6.969329130972307107e-01,-1.412581177878033389e-01,-3.865640681880717078e-01,5.294712522720976811e-01,-6.420206702523562070e-01,1.205827124040392273e-01,1.381455318642032248e-01,7.801874810487775536e-01,-4.149510033974670442e-01,8.688199127808310385e-02,-7.965681220688528574e-01,-3.326159297102867507e-01,8.612949421644804371e-01,-1.921195361337367513e-01,4.140742508224763974e-01,-4.623830058878813376e-01,5.399005444050039015e-01,7.712024649230417861e-01,5.155352233121467398e-01,3.994046260856145003e-01,-1.704065241766500038e-01,-3.432822145325000185e-01,8.963468142116914894e-01,1.805982190957877986e-01,-9.256836597109172615e-01,1.027666026904557744e-01,8.928970265561685382e-01,-3.778041983648189328e-01,-7.290675044638940117e-01,6.617103265012294067e-01,5.550808752115278244e-01,-7.577385318006791826e-01,-2.449558289075257633e-01,9.248215729869796453e-01,1.296136705055238314e-01,-8.203613157210851714e-01,4.568738420316974524e-01,6.036121135961450834e-01,-6.899619993658301365e-01,-1.341996603501866281e-01,-8.412874184012877343e-01,-6.058988819872459519e-01,-5.444744997823836030e-01,-7.445978782898947657e-01,-2.092330441263915430e-01,3.699189107507727670e-01,-6.422442996665966852e-02,8.543801738792308198e-01,2.728666065908990079e-01,9.504034374432026588e-01,4.198096101079858977e-01,6.477710887495694569e-01,6.268972381262889471e-01,5.943890592733380718e-01,7.576537729873807914e-01,7.715574742548972909e-01,5.982748031750495521e-01,3.633473307109650330e-01,2.827897285614465184e-01
6.688223202420924274e-01,7.907710044024157670e-01,5.192738365047662175e-01,-5.906597817717893495e-01,2.215652397746445401e-04,1.000000000000000000e+00,-1.489523704302066036e-02,-6.460905217299394154e-01,5.280265392756573473e-01,8.279964313395218323e-01,-4.732190030334313402e-01,-3.858366560359736130e-01,8.855529705743592217e-01,4.126927292013430892e-01,-7.225221279015119347e-01,1.171355793509170212e-01,-6.214314534173496218e-01,5.084773379383044078e-01,9.121855911310045029e-02,-2.662993143110275462e-01,-7.772213942105167250e-01,-2.512838838192067992e-01,1.443650725267724144e-01,-5.336226328045924339e-01,-7.055669124394120528e-01,9.962012943463816050e-02,-4.509162171715398459e-01,-2.306987203158259170e-01,8.575822845571769160e-02,6.623163909216818190e-01,-9.926434223821005431e-02,8.917700139765779577e-01,1.704856504820840002e-01,8.338749795924602637e-01,3.758433380076276475e-01,4.626128312728446379e-01,5.475271432178222542e-01,2.355088090618586982e-01,9.359171718706420506e-01,-2.344628144596996866e-01,1.923274443371389072e-02,-6.924395822853606219e-01,-2.138060045323371405e-01,-6.669656548924126627e-01,-2.316250641586512227e-01,-7.004222706460879744e-01,-7.387530344255563985e-01,-8.207460305823850444e-01,-6.397735346725804684e-01,8.329574294337688950e-03,-6.236213019860349371e-01,7.384590615362710553e-01,7.972573155528137612e-01,9.036324932252575159e-01,3.949470498571516219e-01,-5.176036898386109364e-01,6.186802100205460869e-02,9.783589964023012842e-01,-6.031214952898975717e-02,-5.096167726436650058e-01,6.560461042842549162e-01,7.336651631008331842e-01,-4.690107192944576453e-01,-3.789814413324646414e-02,9.364664409577589943e-01,2.978091179574514080e-01,-5.691534116999229509e-01,3.434738330807259321e-01,7.907102199908541129e-01,-5.652557166928714460e-01,-5.960656956876955181e-01,-2.738551264324889933e-02,3.179667628177703098e-01,-7.241316454329379537e-01,-1.388331030195329718e-01,-3.080854898220085070e-01,2.790003307835941387e-02,-7.869612677991673078e-01,-3.987152371666501383e-01,-3.507341192256399065e-01,-5.429437171336239931e-01,7.966323612139149246e-03,-5.100999989683312474e-01,5.567228529419812055e-01,-5.619404466967512501e-01,2.841702009708901300e-01,-5.301538493505085770e-01,1.007239319020365870e-01,-3.714370721011800436e-01,2.611644987598404355e-01,-1.886480323727536823e-01
3.202425018190889205e-01,-3.297709680211876604e-01,8.037534330949487327e-01,5.994338973047778074e-01,-6.573069084807091622e-01,-1.489523704302066036e-02,1.000000000000000000e+00,2.145729964510665819e-02,-6.681721084428362545e-01,5.176852538429864703e-01,8.256639002372860858e-01,-4.439416312329082515e-01,-3.629911175867110429e-01,8.865744999553757388e-01,5.880668763219440986e-01,2.860235864127584904e-01,5.365459324844789046e-01,7.192349715036444602e-01,-1.614622476300637058e-02,9.209480615463695452e-01,-9.258658524401081058e-02,-7.766863802138413986e-01,4.677891599272318013e-01,7.633198585669030978e-01,-5.572395895882455985e-01,2.875925385715141225e-01,-5.469648204374455425e-01,5.754460638739390677e-02,-2.774199256321366325e-01,3.262356228474885267e-01,-1.780160075031725908e-01,-6.666915306358243976e-02,-5.325462002064842992e-02,-2.943334700735324438e-01,-3.709046677528207714e-01,-8.745382369831388170e-01,3.405865153355219083e-02,-7.952699119572683717e-01,7.180578368411161261e-02,-1.079051921190209151e-01,9.394850348532389761e-01,4.681879254809011015e-01,9.342873547966074055e-01,7.067588028815627865e-01,-2.499378630267401202e-01,6.340707587803205980e-01,1.103460048506366559e-01,1.048419819957967236e-01,3.532898420107678100e-02,-4.771159796272063380e-02,8.880791034145668617e-02,1.145398341586158636e-01,5.141187076963652514e-01,1.149625832521651292e-01,-6.394421793348965544e-01,-7.282712633771319943e-01,3.544642580058794956e-01,-5.418819711632207742e-02,-8.985918377036200555e-01,-3.146150076521209149e-01,3.956531060589508764e-01,-4.368082908148865351e-01,-8.610505339061403918e-01,2.428888910553636191e-02,2.888160357101343667e-01,-7.347409490194639625e-01,-6.727479298484947412e-01,2.189428224554838265e-01,-5.633742751884647237e-01,-7.845623974147929447e-01,1.793261134937448043e-01,-6.466187812600795448e-01,2.643542613791513562e-01,2.573585014525849313e-01,-2.307584147705998845e-01,9.033581317280028333e-01,8.583805407241059671e-01,1.106777837133124387e-01,7.218449176776512433e-01,-3.035341978482113401e-01,4.074038700978129812e-01,-4.279716255560803151e-01,2.773432622679463666e-01,-6.486128272246455273e-02,-2.628353049371676825e-02,1.552372099636887548e-01,-2.559487884354685883e-01,-9.023263486231734853e-02,-8.205446099392929016e-01,-6.594661914447104145e-01,-5.791912793671666337e-01
-6.593494346150966523e-01,-2.627878409328425202e-01,-5.041267063170932206e-01,8.005616465996362452e-01,5.580875800694380384e-01,-6.460905217299394154e-01,2.145729964510665819e-02,1.000000000000000000e+00,4.439944709510226795e-02,-6.415526936282401893e-01,5.482021113125428169e-01,8.516959809605145759e-01,-3.847809502096311562e-01,-2.937806830408797309e-01,7.288576940824387229e-01,6.294834308360044428e-01,8.171289577647009583e-01,-1.051892033882882715e-02,6.815019555219082870e-01,3.061058439745160120e-01,6.208591269008858354e-02,5.424495113968752502e-01,5.523938381106656692e-01,1.241232727647620798e-01,1.782866277866795857e-01,-7.649809538649250396e-01,-2.296142332594388880e-01,-5.741954963917689225e-01,-7.764660092138495617e-01,-9.171215143913091783e-01,-6.751627057207313376e-01,-8.926436273067660521e-01,-8.519857779336138526e-01,-8.789173179065462582e-01,-8.854964496167733179e-01,-3.568856614124278903e-01,-9.780903127466019642e-01,-5.710697487066079825e-01,-4.114740814634100796e-01,8.665627953074743761e-01,2.079149966505907388e-01,8.511848550923601930e-01,-3.237782908465398207e-02,5.730139097152464611e-01,8.504020539028277481e-01,6.874855094304411773e-01,9.692550402961344069e-01,1.300163431692752392e-01,9.818375777934198467e-01,7.434877157272007375e-01,9.834789172082879505e-01,8.463273940353694541e-03,-3.339137536795525607e-01,-8.495297786471800450e-01,2.182184292312027984e-01,1.855944368788358875e-02,-7.358749355394491598e-01,-5.610678304740047695e-01,3.302829530469153507e-01,-2.701956063505485672e-01,-8.899385603918924526e-01,-9.868959890871616125e-02,2.758420184506717998e-01,-7.269664643864549580e-01,-6.523256051299823888e-01,2.443094264735061194e-01,3.710640377670455098e-02,-9.009661119633007864e-01,-4.287512742714872926e-01,4.392796619262514524e-01,-1.939210746857419065e-01,-5.586820877943265984e-01,-8.752291340340843107e-01,2.708874701529431425e-02,-6.194856453300835453e-01,5.970572366941592768e-02,3.547496966392231221e-01,9.546764785689850763e-01,6.826995533876907274e-01,8.831045397549202036e-01,9.030661722186135165e-01,6.653336673530259038e-01,9.421624808832931297e-01,2.549832589085855306e-01,9.781827242845675396e-01,5.258023591826479493e-01,9.334257354755164382e-01,6.556577312845807137e-01,2.840050303895124140e-01,-2.501582144434209565e-01,1.006853522633692141e-02
-2.028392117836131867e-02,8.011985148636898701e-01,-3.846004996977702151e-01,-4.221057517028299899e-01,8.282706981282796921e-01,5.280265392756573473e-01,-6.681721084428362545e-01,4.439944709510226795e-02,1.000000000000000000e+00,1.296387099802455596e-02,-6.406090716113280736e-01,5.125314325634859891e-01,8.424636467336156231e-01,-4.004350474285576778e-01,-5.958469751939526882e-01,3.550153360433762062e-01,-4.007097041158595996e-01,1.786114996919993059e-03,5.703199120815346523e-01,-6.679747040970626104e-01,-6.497135932161768324e-01,6.542114688708084991e-01,2.064442317417551909e-01,-9.472220944546240196e-01,-1.865510420633783861e-01,-6.255567419859787703e-01,-2.279117212846482887e-01,-6.597549647053306821e-01,-2.657719731249628681e-01,-2.098532815676673324e-01,-4.426602691306432136e-01,2.948706780822010209e-01,-3.867641205024008322e-01,4.012426573487259396e-01,3.386740424263084796e-03,7.917650543064175261e-01,-1.668086824026767112e-01,3.696435196671791767e-01,5.759032543644778679e-01,4.436674311779316149e-01,-4.702001656318834377e-01,-3.995238837179183600e-01,-8.594084482498169919e-01,-7.281911125357217740e-01,5.308709818103909406e-01,-6.330240815580590041e-01,-1.229988288002947516e-01,-7.783337930195108889e-01,3.257523650805931731e-02,5.536260475816797699e-01,1.314815964832691426e-02,6.462080078953695850e-01,1.973946614142746969e-01,2.136965942708809463e-01,9.656201904312068374e-01,1.190673480283006022e-03,-6.869664714005434547e-01,5.996257553570366605e-01,7.753907787918657979e-01,-4.695099146815981395e-01,-2.438963048252013321e-01,9.391206356601961014e-01,3.152668955373773008e-01,-5.552681121814375675e-01,2.646215829715901080e-01,9.533938493440582418e-01,-7.410821449622641277e-02,-4.363082872616858010e-01,8.501142494608150413e-01,2.824905624950241889e-01,-8.335456882421137248e-01,2.234451605436230115e-02,-4.739591751019173183e-01,-8.577633160656518152e-01,-4.079547375228102513e-01,-8.658135934286754765e-01,-3.053142214293663170e-01,-1.791789025118719625e-01,-4.016746389987039256e-01,4.738946604383162953e-01,-1.785687010718652046e-01,7.556704890321861434e-01,-3.185463341626744438e-02,7.610796144816072140e-01,1.471083248191451531e-01,5.344595538096204024e-01,3.020760314363101218e-01,6.111784469654781837e-01,3.892080013051967824e-01,5.256604965766312754e-01,2.156409472096853519e-01
7.736889238835836791e-01,4.410903672913648599e-01,8.946524494806602501e-01,-2.540331755263032232e-01,-4.546998032296916681e-01,8.279964313395218323e-01,5.176852538429864703e-01,-6.415526936282401893e-01,1.296387099802455596e-02,1.000000000000000000e+00,-4.097500622491680178e-03,-6.778267257773256116e-01,5.184072183149980306e-01,8.281353066302509225e-01,-3.435736246309116781e-01,1.189862322384958038e-01,-3.145690591431808403e-01,7.524299555955891172e-01,-7.115396781723624942e-02,2.426973318807803259e-01,-6.208580194885200410e-01,-6.981113797837803503e-01,2.499861336144099666e-01,1.987286862921689671e-04,-8.394622980889664410e-01,3.694100094416420399e-01,-5.740520919127245492e-01,-2.747366760245558912e-02,5.956062708357418023e-02,8.242948384718433719e-01,-3.978247412552027990e-02,7.745572987178335200e-01,2.546509655204516887e-01,6.082339800319492840e-01,2.385041807362921762e-01,-6.765459739840316844e-02,5.961628458544306897e-01,-1.485869119728970289e-01,7.895843952750478678e-01,-3.890826199068210256e-01,4.772375226090801448e-01,-4.079880836011743339e-01,3.519752412190101931e-01,-2.097744828639617753e-01,-4.604461794615476999e-01,-2.945884360076443387e-01,-6.552463297563451139e-01,-5.596739603016436249e-01,-6.267985696177427180e-01,-1.592832646495082605e-01,-5.868744926235172077e-01,5.919326698331800474e-01,9.122117951619703735e-01,8.722889305221631639e-01,-9.809874863598212757e-02,-7.658947084472503830e-01,3.723728428862476125e-01,7.814006870230921775e-01,-5.858073117331398239e-01,-4.846518305859717768e-01,8.513279869458358906e-01,3.136276116476731102e-01,-8.500282910877607900e-01,1.222645868856252621e-01,9.517262993581657726e-01,-2.241584224842018691e-01,-7.768583152875869757e-01,5.334722356831028689e-01,3.477393423566882413e-01,-9.093521009970786384e-01,-2.968823180886883129e-01,-2.610398714357565209e-01,5.344595638501759005e-01,-3.888770380905963164e-01,-1.070378096584565647e-01,2.499147741682623824e-01,4.129448783258297118e-01,-6.866977977685128076e-01,-2.922385542456715571e-02,-5.808488558828296400e-01,-3.426855675531814138e-01,-3.479823734060851215e-01,-3.963972715551573045e-01,3.183608422969564367e-01,-6.031044553944724385e-01,1.888071258355586146e-01,-6.941812457546970849e-01,-9.903779701297570071e-02,-7.597640037376679478e-01,-1.155508880468311961e-01,-4.473144542870750584e-01
-1.387923321880759620e-01,-5.336600252640624209e-01,3.483014638607742075e-01,9.289188076492170820e-01,-3.151470639749409663e-01,-4.732190030334313402e-01,8.256639002372860858e-01,5.482021113125428169e-01,-6.406090716113280736e-01,-4.097500622491680178e-03,1.000000000000000000e+00,5.386902572384816984e-02,-6.387414970765136202e-01,5.272626054173993326e-01,9.241498902001331617e-01,4.611991006728312636e-01,8.943733212900251139e-01,4.792124249727416352e-01,2.388022281518087653e-01,9.324719418074908228e-01,1.111645706102303566e-01,-3.684683673043586127e-01,5.732605995912035679e-01,7.867705890000911140e-01,-2.386550941936181058e-01,-8.933748398177039640e-02,-4.460384079623344045e-01,-1.330594503783527893e-01,-5.547375790488845437e-01,-2.356383557580018773e-01,-3.941716172899595860e-01,-5.960649488143388020e-01,-4.181812866614561530e-01,-7.648029640849944855e-01,-7.345453396435720483e-01,-9.551204713316131523e-01,-4.749148819138857003e-01,-9.277725764060629210e-01,-2.992609824206180491e-01,3.049004427831206732e-01,8.483901432127909370e-01,8.661052800890659542e-01,7.975207097159643377e-01,9.462556008958687981e-01,1.815928842026851564e-01,9.395034136493058963e-01,6.306375422369123740e-01,3.090677267329417499e-01,5.534087051473532970e-01,2.551859135649525712e-01,5.946526862850819439e-01,-5.675147345377736657e-02,1.225210685272719174e-01,-4.322372090161193947e-01,-5.201603552271467645e-01,-4.825534533084803734e-01,-1.498282193270811073e-02,-4.718680349695403287e-01,-5.933676358879585999e-01,-2.594981529273195364e-01,-1.662495765108578938e-01,-5.506473617676616028e-01,-4.990304675561769709e-01,-2.611304345401810334e-01,-2.173609255380482275e-01,-5.682123339818989649e-01,-4.184956734544055257e-01,-2.496852630428189890e-01,-7.964328218859983988e-01,-3.514235833475704562e-01,1.945682682926739571e-01,-7.455922616735747299e-01,-1.972567823748302418e-01,3.720248760368396468e-01,-4.057985260464266331e-01,8.280464562008018614e-01,8.384417568797181142e-01,6.340151478365381177e-01,9.460341214617956629e-01,1.751950718332168366e-01,8.068301269530194775e-01,-8.806772239158583426e-02,7.089271566268019464e-01,-6.833411113614676347e-02,4.852827574345326966e-01,2.776107749614615261e-01,2.724175602867050516e-01,1.662464081098893320e-01,-4.830404742312251476e-01,-6.964062972983192656e-01,-4.328117423451336432e-01
-6.483729609856820897e-01,1.008562252458715253e-01,-7.536590068330332182e-01,3.928358184095596117e-01,8.922359955820828858e-01,-3.858366560359736130e-01,-4.439416312329082515e-01,8.516959809605145759e-01,5.125314325634859891e-01,-6.778267257773256116e-01,5.386902572384816984e-02,1.000000000000000000e+00,1.929566298081802217e-02,-6.086837971194762886e-01,2.850269272302955459e-01,5.634554264931173062e-01,4.306038899657854135e-01,-2.015614657623678307e-01,7.516788172104864607e-01,-1.853248792388915156e-01,-1.149731586164848968e-01,8.628952032797372329e-01,4.045064889506161387e-01,-3.802439324589790282e-01,2.456614634245067319e-01,-9.121069194673787628e-01,-1.154822434189782393e-01,-6.986921315884235817e-01,-6.637726917083669465e-01,-9.290190234895926435e-01,-6.567421290765443898e-01,-6.528653201865823874e-01,-8.234313554064413010e-01,-5.481342660205400508e-01,-6.504743446053404821e-01,1.664176626168895889e-01,-8.880607797280686277e-01,-1.612835502782906105e-01,-1.981782440283834379e-01,8.949335939213829416e-01,-2.151600050210265569e-01,4.779641224842366976e-01,-5.326131057586974693e-01,8.073235983386992110e-02,9.457551783385522715e-01,2.257785530636819138e-01,7.566303789874748720e-01,-1.481584310887726907e-01,8.340523074754929711e-01,8.083266221662402939e-01,8.154838021562818007e-01,1.676573628170098529e-01,-3.634451585667303197e-01,-6.893154119007561809e-01,6.431841218017353423e-01,2.120804140761593515e-01,-9.238384093788690743e-01,-2.844118377242650375e-01,7.516380150371175795e-01,-2.838724492182028158e-01,-9.341426451646432927e-01,3.115960598608823462e-01,5.587167984391478992e-01,-7.879593242447764379e-01,-5.529326716768444561e-01,6.868520004363612985e-01,1.902372398462166547e-01,-9.522681772866502525e-01,3.955029709653100356e-02,6.663477287260842763e-01,-4.588480504275839755e-01,-2.931703981459778396e-01,-9.534317262485826339e-01,-2.999336674156934945e-01,-5.849138681647637616e-01,-4.479881215150363083e-01,-2.051761609472252737e-02,7.268843544657217492e-01,2.663798360389900144e-01,9.712186189301064143e-01,6.040249699016296825e-01,9.032352203084709208e-01,7.164081197516630750e-01,4.597630148103318826e-01,8.816706347341489725e-01,5.633955765438604102e-01,9.510079492992207228e-01,7.624244578645822390e-01,5.770969567977871639e-01,1.200839179908494564e-01,2.280052829183319973e-01
3.998889447848430478e-01,8.970806358030870564e-01,1.151980589895124640e-01,-5.927792113486756165e-01,4.266148081220461630e-01,8.855529705743592217e-01,-3.629911175867110429e-01,-3.847809502096311562e-01,8.424636467336156231e-01,5.184072183149980306e-01,-6.387414970765136202e-01,1.929566298081802217e-02,1.000000000000000000e+00,3.763335241314210572e-02,-7.701986889148718651e-01,2.426173606812490335e-01,-6.038668310717733023e-01,3.041714814961487545e-01,3.422375434240163550e-01,-5.228035421681221928e-01,-8.116265861457395703e-01,1.861831915203762400e-01,1.826359281398262091e-01,-8.269092418531727162e-01,-5.244259616360298359e-01,-2.557940791308300210e-01,-3.850132638057444101e-01,-4.758600815949408092e-01,-7.140466706917486528e-02,3.057794918170550491e-01,-2.787048618810404332e-01,7.111678019853484578e-01,-8.335001074007702959e-02,7.322647085350129093e-01,2.474070042279533088e-01,7.059325039391264323e-01,2.609780895578212023e-01,3.511477565538669299e-01,8.736420199266961006e-01,7.556684270004369874e-02,-2.441063965862721175e-01,-6.456771042278427464e-01,-5.841526747023048083e-01,-7.989259731947606635e-01,1.238800423312553523e-01,-7.718219938195713947e-01,-5.299023333715219275e-01,-9.077678238631478047e-01,-3.890076416897323974e-01,2.821604465369570436e-01,-3.893964915401850191e-01,7.853849129959272757e-01,5.891215205711166636e-01,6.738354102159854753e-01,7.458822516126764057e-01,-3.083394670264399395e-01,-3.117228474694262452e-01,9.173904020149223904e-01,3.701122161326784177e-01,-5.478986814811871442e-01,2.828352428071139735e-01,9.411708709868001899e-01,-1.182556275406131951e-01,-3.014532602506678205e-01,7.155704919376918438e-01,6.806889023827112917e-01,-3.809550435144762881e-01,-6.624762271965091258e-03,9.326129181571390925e-01,-1.974816802234171109e-01,-7.940449600113170803e-01,8.919807215071021839e-03,-4.222226870800389192e-02,-8.887002271706908596e-01,-2.852877839763831580e-01,-6.461913061204385134e-01,-1.539771209455177703e-01,-5.873183022524582908e-01,-4.685006551775777739e-01,2.224155265043371507e-02,-4.412986304047593622e-01,3.916156062707094043e-01,-3.445861524438780799e-01,7.319120318796654701e-01,-2.810240743352638293e-01,4.416299458418543322e-01,-1.780580818189159975e-01,3.692163718122535299e-01,-2.082966608218541141e-02,4.453885575545497022e-01,2.628995553416710318e-03
5.866014760308558840e-01,2.755619635540193860e-02,9.516009406882679489e-01,2.584568199645507769e-01,-6.236496627388566916e-01,4.126927292013430892e-01,8.865744999553757388e-01,-2.937806830408797309e-01,-4.004350474285576778e-01,8.281353066302509225e-01,5.272626054173993326e-01,-6.086837971194762886e-01,3.763335241314210572e-02,1.000000000000000000e+00,2.020849204750506667e-01,2.663300933391258840e-01,1.882299803450608877e-01,8.455144878975989764e-01,-2.110564064267461681e-02,7.054317659968908361e-01,-3.905418718933641453e-01,-8.303986606534333736e-01,4.432243063343564438e-01,4.706192249406661032e-01,-7.880774747969592209e-01,3.451402212300530015e-01,-6.562011596867555197e-01,-3.149423403439139454e-03,-1.692805748038192504e-01,6.104752556049906076e-01,-1.580467575873641950e-01,3.439274224915301326e-01,7.183724990556243639e-02,1.149033565844764793e-01,-1.326661323226790146e-01,-5.860740478481305527e-01,3.053213829427498527e-01,-5.895305093469148661e-01,4.558539125712435247e-01,-2.422762175433007537e-01,8.409013994149253657e-01,9.896083482258463682e-02,7.614355233677099211e-01,3.417631461547582239e-01,-3.689979484950410282e-01,2.556899975598641017e-01,-2.490285559430525930e-01,-2.345324754101690279e-01,-2.792341389677206465e-01,-8.553291118931741210e-02,-2.247840705332426192e-01,3.923166103271577554e-01,7.967928880008330328e-01,5.103263160991671210e-01,-4.346758496649084647e-01,-8.619341900947765645e-01,3.893252243192780182e-01,3.690023066385595407e-01,-8.550734705054455764e-01,-4.669912482853450508e-01,6.694709290805239688e-01,-1.013008530160922349e-01,-9.787756684019014441e-01,5.332137635064691100e-02,6.684229039937553685e-01,-5.640645930893135596e-01,-8.333482298312502312e-01,3.895894706160571985e-01,-1.750955147845855708e-01,-9.556101395500424811e-01,-5.747354138575384852e-02,-5.579000393830423343e-01,4.163830261635148022e-01,-5.284034457583521721e-02,-2.235772724126008082e-01,6.899923685335701551e-01,7.632252347258484670e-01,-2.666752281005028147e-01,4.525712591297028631e-01,-4.664874992569043033e-01,9.929677358375828267e-02,-4.244116479111912921e-01,-7.496762334645625143e-03,1.433723626058321099e-01,-3.041183094493336569e-01,2.193738647553435950e-01,-4.954733155000874412e-01,-8.213695927325469215e-02,-9.039572595243232644e-01,-4.756465841449679655e-01,-6.003196119703982925e-01
-3.914123589928616420e-01,-6.462454163437599819e-01,1.480607805744462574e-02,9.510150430975385927e-01,-1.346427208510037055e-01,-7.225221279015119347e-01,5.880668763219440986e-01,7.288576940824387229e-01,-5.958469751939526882e-01,-3.435736246309116781e-01,9.241498902001331617e-01,2.850269272302955459e-01,-7.701986889148718651e-01,2.020849204750506667e-01,1.000000000000000000e+00,3.921205277150928148e-01,9.454242474841878519e-01,1.880713987394519726e-01,2.499381753094135072e-01,7.878587081358765509e-01,3.166566524430011187e-01,-1.017297299434404834e-01,4.516979307643772534e-01,7.342232598453510839e-01,6.583928226529553451e-02,-2.138405560356607393e-01,-2.200228951913361652e-01,-1.176553467236594042e-01,-5.421790099080249226e-01,-5.077652436373470968e-01,-3.576470374499242100e-01,-8.272167865129753661e-01,-4.814625818692264136e-01,-9.273496588763374682e-01,-7.715043304572702931e-01,-8.693615898940645348e-01,-6.520725241037088615e-01,-8.168662673375950423e-01,-5.529684566446447791e-01,4.220596918337201631e-01,6.279153778610243597e-01,9.520828417541269406e-01,6.230158884483197879e-01,9.574901107270480383e-01,3.319619288752111985e-01,9.811802752125570182e-01,8.182237320786015511e-01,4.811162370737553928e-01,7.368984490767400697e-01,2.969675455491407323e-01,7.613522756444727202e-01,-2.556593631827641100e-01,-2.004896510714215263e-01,-7.077476905541353336e-01,-4.501453621346782619e-01,-1.860787944459260379e-01,-1.459799587064490312e-01,-7.116302032036363467e-01,-3.503744835827499182e-01,-7.662327831380870424e-02,-4.525660794778059715e-01,-6.232433389146124769e-01,-1.725853319317687540e-01,-2.892166384322039097e-01,-5.347160570854289086e-01,-4.546725356467381518e-01,-1.230190837261607162e-01,-4.189449944237770285e-01,-8.648703795604463229e-01,-1.242472662073461701e-02,2.845191025526756512e-01,-6.062922936375835237e-01,-3.708499485501033921e-01,4.810089037335633644e-01,-3.441110141454237215e-01,6.866901237178599793e-01,6.399758687789209866e-01,8.311240686751504292e-01,8.957635437154778391e-01,3.673154578305544704e-01,8.752762326324323716e-01,4.018222386670230323e-02,8.034594404020373171e-01,-1.710429624902851387e-01,6.648318894905222987e-01,1.970387470304391930e-01,4.973334184083396670e-01,1.937934076461179100e-01,-1.880806290396740132e-01,-6.078277367762477956e-01,-2.487627260934459072e-01
-1.052137665698144597e-01,3.069259565188029448e-01,7.603098845982238230e-02,6.006318494565680011e-01,5.025825879891829828e-01,1.171355793509170212e-01,2.860235864127584904e-01,6.294834308360044428e-01,3.550153360433762062e-01,1.189862322384958038e-01,4.611991006728312636e-01,5.634554264931173062e-01,2.426173606812490335e-01,2.663300933391258840e-01,3.921205277150928148e-01,1.000000000000000000e+00,5.710020303449001577e-01,6.501501271740076637e-01,9.131005142912630435e-01,3.778793323749206068e-01,-6.672052666855070591e-01,2.231137249110078102e-01,9.373840386833384164e-01,-1.340679295445141861e-01,-5.838727803696818208e-01,-7.693988044249475688e-01,-8.493769556202505067e-01,-9.033033094659752571e-01,-9.518962485476106794e-01,-4.265012349616890686e-01,-9.704439524215631163e-01,-2.924357833446755150e-01,-9.036638006474961848e-01,-3.906277260768670767e-01,-8.421386406746602660e-01,-2.524011711301251126e-01,-6.878416466027642562e-01,-7.019377144068282837e-01,3.741715781257247131e-01,8.191708555050527529e-01,5.292507015971915640e-01,5.371721685022465831e-01,1.968864523962591401e-02,2.828884740249126284e-01,7.622893166808366594e-01,3.723544916367768631e-01,5.399903115121111874e-01,-5.695491663415260808e-01,6.270206951770376236e-01,9.091044106686227977e-01,6.579127301920846271e-01,7.240595519789243539e-01,4.663517119825829615e-01,-1.783900862242966956e-01,4.594303947155030654e-01,-6.553957622661126248e-01,-7.514533188380505546e-01,1.980393864504733648e-01,1.039033767391197710e-01,-8.886812801846966092e-01,-3.800599662539527746e-01,4.337445818851854429e-01,-3.306248065179632212e-01,-9.203021670518184427e-01,1.406981509576669120e-01,3.698776633301854577e-01,-6.642843358506402840e-01,-7.274857699986962967e-01,4.449266725129286115e-02,-1.970861502912761853e-01,-7.328821855349914038e-01,-8.854385641623231384e-01,-7.092372480917352728e-01,-5.612253501199504502e-01,-9.545966810965853533e-01,3.737782592159118872e-02,6.961450352407384523e-01,4.789504715100340038e-01,6.675339393212483818e-01,6.771232251279091230e-01,7.190236057114048895e-01,7.068172404425868693e-01,7.640424657269314634e-01,8.083906501305526682e-01,6.770819128124176967e-01,9.518950562962430473e-01,5.887882577012979457e-01,8.783550494997561797e-01,-2.188048272841642272e-01,-2.498854528511939288e-01,-3.180388249440622150e-01
-4.058822599250156982e-01,-4.832148517510047592e-01,-2.141786977873211956e-02,9.722326491247789138e-01,5.173281629132674836e-02,-6.214314534173496218e-01,5.365459324844789046e-01,8.171289577647009583e-01,-4.007097041158595996e-01,-3.145690591431808403e-01,8.943733212900251139e-01,4.306038899657854135e-01,-6.038668310717733023e-01,1.882299803450608877e-01,9.454242474841878519e-01,5.710020303449001577e-01,1.000000000000000000e+00,2.905218551914307001e-01,4.709096789138984551e-01,7.546542165437311045e-01,1.251650484367685667e-01,2.239331221805034369e-02,6.242092270634337359e-01,5.839433699147880130e-01,-5.012797990192226910e-02,-4.173943327007795800e-01,-3.811225109022465807e-01,-3.456479683396675995e-01,-7.189957183483286496e-01,-5.959923698136605497e-01,-5.613950578282046466e-01,-8.240731176183675455e-01,-6.657192339938184933e-01,-9.239569415215467263e-01,-8.911472369156523410e-01,-7.932530831596014131e-01,-7.713886782015062504e-01,-8.664163002150201409e-01,-4.094117494495062015e-01,6.006946584422873103e-01,6.403480975475023262e-01,9.685987528052644180e-01,5.059106879559921444e-01,8.935128378834289453e-01,5.141401107737751941e-01,9.440584821221496004e-01,8.758426424829218737e-01,2.859368996153439091e-01,8.280451735807381475e-01,5.067910939976478790e-01,8.562640279295414825e-01,-5.479328013758285459e-02,-9.907101420763073096e-02,-7.000501233631796216e-01,-2.493951420094066007e-01,-2.855221420676117838e-01,-3.500922646986475706e-01,-5.940604432413407743e-01,-2.296579873948905171e-01,-2.764608285742999882e-01,-5.367868607108304824e-01,-4.244410636448823770e-01,-1.818835288006566409e-01,-5.014281972134273513e-01,-4.676112042590603313e-01,-2.644720095803692050e-01,-2.360663603606247274e-01,-5.817470608772904450e-01,-7.301422136482083047e-01,-8.191101922556605006e-03,5.695475796232302851e-02,-7.310603271089962663e-01,-5.372512844996397696e-01,2.702211156736786246e-01,-5.406051552774486790e-01,5.685978604837937933e-01,6.992200901166071292e-01,8.697824857123946929e-01,9.350653038873819600e-01,5.300770445165414735e-01,9.528944563207886187e-01,2.476815512069852343e-01,9.078723078935498902e-01,5.569447891451516364e-02,7.820060459034526845e-01,4.105575327523804385e-01,6.241742570656203526e-01,4.057523360086851549e-01,-1.703450946261964860e-01,-5.764303278735928293e-01,-2.732262210775242561e-01
