1.000000000000000000e+00,4.840341552350099774e-01,3.062722292923747980e-01,9.084156177171781588e-02,1.241216124495783391e-01,1.257943660191658264e-01,4.628084265147296150e-02,-8.140774454916519312e-03,3.511240245259383136e-02,3.087112147293655587e-02,3.625508987952075126e-03,1.412742979335796477e-02,3.021026900662471606e-02,2.850145774695813858e-02,9.651761483119962459e-03,-2.121059910842811383e-02,-1.880026741238301213e-02,-1.737014077482270519e-02,2.536026499147204377e-02,-1.962814433694294938e-02,-1.456037462620863449e-02,6.601968302685513532e-03,2.510491473706286114e-02,-4.618775943368962078e-02,-2.016979636268705772e-02,2.624440279010482879e-02,-1.930048450279001071e-02,-2.028126307334596548e-02,7.936713305269647639e-04,-9.863976934982349350e-04,-1.326309202950213227e-02,-2.289276835603033453e-02,-2.674411740260360798e-02,-7.952127088286483833e-03,-2.760436248954840910e-02,-1.065054397363893353e-02,-3.803295245004247038e-02,-4.544473344842004520e-02,4.411369193000859380e-04,-2.501198864985145973e-02,-3.312795568932726253e-02,-4.569002761848042077e-03,7.994149683682040541e-03,-2.604685006697950514e-02,-2.758868145029218927e-02,3.321365320004559044e-03,-1.994209836426186905e-02,-2.618908880305622841e-02,7.006065675808869871e-05,-1.366163691044261844e-02,3.267639237321073864e-02,5.493327239118991900e-02,-1.270960537560814670e-03,-3.024732756731174713e-03,1.033550650650250091e-02,1.314224220512849074e-02,-1.323982157336302213e-03,2.791204333705602988e-02,3.240254908151403435e-02,6.684995179443211158e-03,1.004290629326124937e-02,2.843191394295502966e-02,1.297914111313917471e-02,1.736037097054347195e-02,2.508836500830282507e-02,3.903460387285699607e-02,2.371402680746772032e-02,-7.403778537540032199e-03,6.307171417060903696e-04,2.813392283603704733e-02,3.010643916983497467e-02
4.840341552350099774e-01,1.000000000000000000e+00,2.703971378983453522e-01,1.726760484371143711e-01,2.035304186936723325e-01,1.573341716548745106e-01,6.085615125878197224e-02,-1.343496230685959844e-02,4.243242174439319087e-02,4.440830369109171477e-02,2.527470288250629332e-02,2.398391217757232102e-02,2.816320651612690823e-02,2.880799145957189597e-02,2.967586553257246448e-02,-8.741635633605856354e-03,3.411550087588552469e-03,2.969760493315755107e-03,2.358961234598987503e-02,-1.100729233847710410e-02,-3.666413306929832555e-02,-1.576910836278002086e-03,1.454300912984340770e-02,-2.432755364950771673e-02,-1.904312000403820052e-02,1.882141140516366273e-02,-5.798619696660037466e-03,5.452802469328419527e-03,-7.971667928425078126e-03,4.132253730521689809e-03,-1.697061859600619907e-02,-2.145294888119055055e-02,-1.858231188746612556e-02,-1.182832050011192564e-02,-1.109764881156118620e-02,1.382513109145525748e-02,-2.158220891748531545e-02,-6.584361144558215605e-03,3.333432051009289909e-02,-4.203166393341916697e-03,-1.796133846003547876e-02,2.734091515810633741e-02,2.081798236600087421e-02,-8.752375087662366687e-03,-6.358285497827086824e-03,2.363335556675778132e-02,-3.961420777023174321e-03,1.233160457789214317e-05,5.616883681199094126e-04,-7.123507619943930669e-03,1.100759543607087755e-02,3.144615401812068944e-02,1.963647972443353235e-02,1.319894501254622113e-02,-1.585946382147018080e-02,-4.337618121166047364e-03,-8.848429868128235634e-03,-3.027676089429189726e-03,1.749961962253822681e-02,1.062309097142202265e-02,1.602662975952469718e-02,-1.564605157583281655e-02,-1.340180028925552248e-02,-1.774733660768626139e-02,1.251297380689585063e-02,2.949695615107393847e-03,-3.098631432103407871e-02,-1.648927394452844725e-02,3.415350060075953049e-03,-2.524251058806899380e-03,1.122898014418433586e-02
3.062722292923747980e-01,2.703971378983453522e-01,1.000000000000000000e+00,3.389871163686785094e-01,2.409766528631480942e-01,2.117946766697260119e-01,1.470465155652960765e-01,1.187676845644031372e-02,9.161261595536988878e-02,1.258449931583825454e-01,1.023438880226051340e-01,8.232316599306746530e-02,8.228111359004572356e-02,4.693623415186472941e-02,3.253882474387326251e-02,2.325817134340904535e-02,4.845769558553532363e-02,1.620692990881342915e-02,5.419432595754891668e-02,-8.966445573700359759e-03,-2.637364760697197275e-02,-3.789026925916653705e-03,-7.854523020348757809e-03,-4.155756404636085088e-02,3.422746769551465035e-02,4.876654821051300964e-02,-3.254956765241995287e-02,1.566543098880253740e-02,2.410534413697389827e-02,4.343374759661558504e-02,2.459424692907330109e-02,-1.209329904831370033e-02,3.044178819303365591e-02,5.216757680022587754e-04,4.471910091311356167e-02,3.408463852165329738e-02,-3.360514847993414933e-02,-4.149019928913373623e-03,4.068926435963996641e-02,3.613189704857818971e-03,-5.064460510080337485e-02,5.837606266672137889e-03,2.621391775779895877e-02,-4.031009830896584156e-02,1.192524874215626120e-02,4.491339823107134283e-02,-9.414209129747134683e-03,-9.903635269768363072e-03,-1.350742084187222039e-02,-2.183742755805388389e-02,4.160060881488742389e-03,9.726607077747532332e-03,-2.945209253061136304e-02,2.683530294889780593e-02,-3.464512896535792280e-02,-4.304753363077915007e-02,-3.484964391857659632e-02,-2.420417836088739963e-02,2.126495433616564304e-02,1.188740232845220124e-02,-2.707419002640476871e-02,-2.826811453055890801e-03,-7.951375265311578372e-03,-1.467993232528289581e-02,-3.543386272658846647e-02,-2.025476085781079821e-02,4.952226945361757303e-03,4.829799716072390864e-02,-1.633651305633267853e-02,-1.866053977550139950e-02,-2.098111211289044667e-02
9.084156177171781588e-02,1.726760484371143711e-01,3.389871163686785094e-01,1.000000000000000000e+00,4.011784648179476109e-01,3.023227327999979952e-01,2.999766290619118592e-01,7.668843480728683437e-02,8.999143623705914419e-02,1.498304946890449130e-01,1.040247371336264215e-01,4.702772008804304016e-02,8.231493898547442845e-02,4.417343606798007638e-02,5.075654058787841538e-02,3.438025204970668325e-02,2.195342660132151846e-02,-1.027257458098213829e-03,4.731414938485232341e-02,1.185870351920651150e-03,-2.027791786649675229e-02,-7.831460686207568356e-03,1.808958633082626694e-02,-2.015855308714320851e-02,5.868555350599358698e-03,5.574254041622021816e-02,-1.890695411554395994e-02,1.029687017483509916e-02,6.053055798143833037e-03,4.679317856650800495e-02,-9.639067279362417175e-04,-5.212914058320097105e-02,1.401369341158567421e-02,-6.075379893814457019e-03,3.602282809481933967e-02,1.561743595199826216e-02,-4.307950579737814673e-02,-2.138641416076471173e-03,4.579122116483651944e-02,-1.660557823911719411e-02,-2.583710685712144531e-02,3.390785978780008758e-02,5.277098309907599788e-02,-1.522724401766656008e-02,2.271090380579797105e-02,3.841852793741298844e-02,-4.380489203492004928e-03,-1.721317188771068207e-03,-6.997875353979489572e-04,-9.649803537781414869e-04,3.455614617085138278e-03,1.604351784507503792e-02,-9.200710649572285682e-03,2.116272499904161761e-02,-5.508813572662282082e-02,-4.594263299044763771e-02,-1.278698071099912924e-02,-1.047388304621861034e-02,-4.713800467765975021e-03,-1.640253530868903201e-02,-1.011394769177281945e-02,-4.404365819733092532e-03,1.808214258754708981e-02,-8.195256412869303354e-04,-3.345892138577161862e-02,-2.218059172526364031e-02,-1.024630988056770197e-03,9.556333502844474581e-03,-2.024016576446950252e-02,3.003678716762538722e-03,-3.153142302178577050e-02
1.241216124495783391e-01,2.035304186936723325e-01,2.409766528631480942e-01,4.011784648179476109e-01,1.000000000000000000e+00,3.623598439734309617e-01,2.819707041482197862e-01,2.349252417583938546e-02,1.235841029346597258e-01,1.084054807583556407e-01,1.119613289512915305e-01,1.069886620213840456e-01,5.804697900792598481e-02,5.953592990627479264e-02,7.155650350305334251e-02,5.215524774089679017e-02,3.866902066775766006e-02,-1.440938394300907577e-03,3.852431140071803373e-02,5.010662786837349197e-02,-3.362757486214090763e-02,-1.332703998171883356e-02,2.166712143747159813e-02,1.412214865334711182e-02,4.003810724808428562e-03,2.022321601440891028e-02,-8.810274751689058104e-03,2.368866423826612028e-02,-6.304855694270960868e-03,2.342836353302245669e-02,-6.099382315643235705e-04,-2.669013555624079326e-02,2.194774181704567395e-02,9.860365460331079954e-03,2.853955849138175085e-02,2.189441548033410970e-02,-3.862098999069034366e-02,1.312893237606473952e-02,4.926552876051627089e-02,-1.392776165776870179e-03,4.555538413648566390e-03,3.717891685470881696e-02,1.386202388680172169e-02,6.490206581033345669e-03,3.125278389648110389e-02,8.757076019067121936e-03,-1.989329924171731948e-02,2.112681137459340372e-02,-5.439385077643394892e-03,-2.442877310855453774e-03,-3.991038197387587749e-03,-2.546592446038993540e-02,-5.559091463746378484e-03,1.767353347738948727e-02,-5.118123037447881024e-02,-3.670443549760199486e-02,-1.326754946279135386e-02,-9.517365445571869184e-03,2.304480254863334673e-02,-1.373243208520814884e-02,-5.507317882093903418e-03,1.298375422250206898e-02,3.399562590177016008e-02,-1.028821054722229948e-02,-1.952143637164197032e-02,-1.844953880401094953e-02,-1.693751344439906048e-02,-1.359953263805691905e-02,-3.228303729635430969e-02,-3.889730179098759011e-02,-4.389096588967093121e-02
1.257943660191658264e-01,1.573341716548745106e-01,2.117946766697260119e-01,3.023227327999979952e-01,3.623598439734309617e-01,1.000000000000000000e+00,3.724457419589455864e-01,2.200325728366467684e-02,2.168996780827739668e-01,2.707238924524611456e-01,1.567079998669533014e-01,1.324967194522941039e-01,7.790851608075202717e-02,1.049568853838203919e-01,8.818338347354612305e-02,7.734052639206594193e-02,9.290036950629153301e-02,-2.105116599223182811e-02,3.748230086792910670e-02,5.280970886765548600e-02,-1.698622860655336214e-02,-2.288649875441203102e-02,3.100585328671791666e-02,-1.560734768389771161e-02,-5.177881415778445851e-02,1.388681992267647852e-02,7.963611221182128816e-03,-8.260083933694624750e-05,-1.299244705152172857e-02,3.655894241843099524e-02,-5.323611865683215705e-02,-6.603035532299737775e-02,-1.761232722113520791e-02,-2.662112849264253178e-02,1.659380659474799489e-04,2.405417622445204726e-02,-5.439576941568066704e-02,-1.252597652450090047e-02,3.027623841371283875e-02,-1.188374679357891324e-02,-3.483424548870688725e-02,2.734564349176898945e-02,4.859569850786524953e-02,-2.981561580614807837e-04,2.713016792332209604e-02,-8.364048391064594565e-03,-2.949756972619040074e-02,-1.634250526680935955e-02,-2.839668646860038156e-02,9.766931944293425968e-03,3.087046438688569039e-02,-2.351664627498363525e-02,-1.165007798206428406e-02,2.706803090345157037e-02,-2.338598292894944475e-02,-2.109822020178401744e-02,-1.647193189299754265e-02,1.139525931559662482e-03,4.824400461361938452e-02,-4.018844545916932381e-02,-1.341539252383899643e-02,4.213084166294871896e-02,1.524674314222962228e-02,7.499109277790542635e-03,2.413294286858384818e-02,2.388003234240171010e-02,-1.428096399761990924e-02,-2.095663846365710542e-02,-4.324737341869944185e-02,-2.850078908931484578e-02,-2.690272946813414279e-02
4.628084265147296150e-02,6.085615125878197224e-02,1.470465155652960765e-01,2.999766290619118592e-01,2.819707041482197862e-01,3.724457419589455864e-01,1.000000000000000000e+00,1.729184239253067912e-01,1.035946046580921570e-01,1.822336598745629144e-01,2.318186636839801307e-01,1.341657424973230206e-01,1.207578253001478918e-01,9.670980405892563858e-02,1.276712301686013240e-01,8.366692706094447374e-02,6.733045806806120526e-02,8.686333637017245451e-03,-1.777297577615560798e-03,4.875300707027461350e-02,-2.929698206676982497e-03,-6.904551586517730655e-02,3.302626269192068115e-02,1.369663459099963905e-02,-1.800147913941723896e-02,1.101553736503072499e-02,-2.812912275637013092e-03,7.504884254162063652e-03,6.810782126730962997e-03,4.531404270773728427e-02,-2.359626307714562596e-02,-5.668465945272577883e-02,2.157846306368815109e-02,4.635575892072739748e-03,2.519684813940335083e-02,1.990573760380275753e-02,-5.297387304538150876e-02,-5.891510715083657194e-03,5.974417839127671437e-02,-2.168364624224012813e-02,-1.939786168959581336e-02,7.129524765988536072e-02,4.037297301739548039e-02,-3.743052307869631362e-02,1.053836426302714319e-02,1.189566265647800346e-02,-8.893627604535334422e-03,-3.287404830640143494e-02,-2.300807464121705503e-02,1.286674897771752056e-02,-1.887443346253858201e-03,-3.554476386468575447e-03,1.715525643389254409e-02,3.571535568587505538e-02,-7.092181659324024723e-02,-6.237405580713994979e-02,2.669763040494756504e-02,-3.617322766533015953e-03,-3.248090015960713572e-03,-4.488340793356495467e-03,2.767837621070969381e-02,-5.698542726391130422e-03,2.452340847494786924e-02,-7.641786267638501877e-03,-4.401579760278212516e-02,-5.135491408385044199e-02,-3.273183922998485623e-02,1.117855886863440909e-02,-1.420786054708587758e-02,-1.526684200346923453e-02,-5.183439948375803685e-02
-8.140774454916519312e-03,-1.343496230685959844e-02,1.187676845644031372e-02,7.668843480728683437e-02,2.349252417583938546e-02,2.200325728366467684e-02,1.729184239253067912e-01,1.000000000000000000e+00,2.780917266561778733e-01,1.950384375051681385e-01,1.982654893594179568e-01,1.005627706384030484e-01,8.431730393693981362e-02,9.260167611459226011e-02,8.167003090351153405e-02,6.236078313100496678e-02,2.225876809529486397e-02,-1.288985562923533265e-02,-7.488751847802773386e-03,9.112489031768632522e-03,7.780134762799028984e-03,-5.395022965997445415e-03,4.309504312636185108e-02,-2.296542359003605691e-02,-4.039798129630888662e-02,-1.533644439325731156e-02,1.283556091901858105e-02,-1.242795516656079041e-02,-3.620315015390301178e-02,-2.704782195346328022e-02,-1.052216666127669606e-02,2.253769428787278165e-02,-7.478338114408767355e-03,3.645170677398339165e-02,-1.093998780230096002e-02,2.758277414547890063e-02,1.693855166086411998e-02,3.235662963137023521e-03,1.232373569180264528e-02,1.162721917747269046e-02,2.445754196462975039e-02,2.733982480447921803e-02,-1.693640914847685183e-02,-2.458190363673402878e-02,3.348678826705364653e-03,-3.223350884732718857e-02,-2.647034279916585936e-02,4.353746015719195259e-05,9.425152173222981974e-03,-5.674300477042143812e-03,2.691946660102532279e-03,-2.111482780163321735e-02,-2.503606679520851627e-02,-6.984528573104392332e-03,-1.325291368339393504e-02,-5.241594670026151342e-02,-2.452941305975179370e-02,-4.452294931969316000e-02,-3.745521639727809188e-02,-2.949427043416604638e-02,-1.492907245150106900e-02,-1.394708444793141093e-02,9.801727577560825216e-03,-7.786654617604141931e-04,-5.335941286604012519e-03,3.731801437865510211e-03,-9.988539598684511092e-03,9.039071917025657751e-03,2.403215943056634732e-02,2.426417612700432908e-02,-1.377489899037885428e-02
3.511240245259383136e-02,4.243242174439319087e-02,9.161261595536988878e-02,8.999143623705914419e-02,1.235841029346597258e-01,2.168996780827739668e-01,1.035946046580921570e-01,2.780917266561778733e-01,1.000000000000000000e+00,3.388918206382775522e-01,3.971703730306531122e-01,2.117330887677230655e-01,1.125706831146668641e-01,9.031341393711397880e-02,8.630511434467268150e-02,2.970097706025742745e-02,2.284293526828136758e-02,-3.423773255710321761e-02,3.180453613474825553e-02,2.978215387059659266e-03,-3.416150343827895064e-02,6.870609474058463235e-03,1.305001987879182701e-02,-3.598517014970713940e-02,-2.913747845162028421e-03,1.827403966336221125e-02,-3.859200792346900721e-02,-1.008479357818505354e-02,3.805029851123840207e-02,2.235259131652534911e-02,-9.913967594744469911e-03,-3.790471333068955563e-04,-1.566840993180744794e-03,1.098726442070281986e-02,2.011583258620101150e-02,1.731919107110740236e-02,-3.207324282440041086e-02,-1.922078744690420844e-04,3.594221168669625710e-02,-9.447845599616512546e-03,-3.904707754346126852e-02,4.859562116495005218e-02,3.761435343766247885e-02,-1.277011448385225595e-02,3.341266653339562687e-02,1.466574113562349110e-02,-2.995497601986867389e-02,-1.095261319505051213e-02,2.034715488238715824e-03,-1.173827847773189353e-02,-3.336185680250656344e-02,-2.482850398082784779e-02,-8.667333747644903608e-03,-2.784288919073532251e-02,-2.851356154797004758e-02,-4.103265230715898854e-02,-2.822594851767372404e-02,-5.212305558069176697e-02,-4.063438421376599358e-02,-5.243984305231448595e-02,-7.420378877860600228e-03,1.368617545389471182e-02,8.173668796806185521e-03,-1.782537436543952039e-02,7.537753360643342782e-03,1.835201289980583142e-02,-2.820968804229465748e-02,6.414532901150695431e-03,1.924913852685676552e-02,-2.044706959869080701e-02,-8.902234990069868292e-03
3.087112147293655587e-02,4.440830369109171477e-02,1.258449931583825454e-01,1.498304946890449130e-01,1.084054807583556407e-01,2.707238924524611456e-01,1.822336598745629144e-01,1.950384375051681385e-01,3.388918206382775522e-01,1.000000000000000000e+00,4.111395305244722742e-01,2.811269431730968882e-01,1.653867001767382605e-01,1.527511711183345278e-01,6.530989295174301212e-02,7.000210900495432154e-02,9.567016184867423167e-02,2.547091380164950500e-02,3.886902149321216915e-02,1.579501931818835456e-02,2.342628435299683870e-02,3.486936241674025438e-02,1.932926121832757166e-02,-3.270394819468411957e-02,-7.380100789461338864e-03,7.653919020222964276e-02,-7.062904625026584365e-03,-3.163993277613925265e-02,2.482526440630532238e-02,5.685204776905301155e-02,-8.100158523388717446e-03,3.034296516078531167e-03,2.935489372549562187e-02,1.622522004641334045e-02,2.169271632395700436e-02,1.881714483746608005e-02,-1.093403604216529150e-02,1.182294586467086753e-02,-1.313157823354929067e-02,8.374288366574458853e-03,-1.319953395096501794e-02,-1.025194967557757630e-02,1.241186382660173018e-02,-2.479457397794037634e-04,-3.349066906832652568e-02,-3.527404752651069203e-02,-4.917843995844683319e-02,-3.998791288303341074e-02,-4.824122363114970863e-02,-4.378568803607596482e-02,8.580880833981171379e-03,6.133759863732772067e-04,-6.161329996288209682e-02,-5.285717900230687410e-02,-1.048285265329818895e-02,-4.636212342892602478e-02,-5.283475155196649953e-02,-2.929937430936158799e-02,-6.169826186969514306e-03,-5.737870050042202102e-02,-7.188011755330397413e-03,4.853282117488671304e-02,3.128418782147433796e-02,1.717519048226039124e-02,3.285439465109594309e-02,9.922087586130426753e-03,2.518378024804864349e-02,1.973481429473256110e-02,-2.010670854478675482e-02,9.533745382371804078e-03,-1.164031424944293736e-02
3.625508987952075126e-03,2.527470288250629332e-02,1.023438880226051340e-01,1.040247371336264215e-01,1.119613289512915305e-01,1.567079998669533014e-01,2.318186636839801307e-01,1.982654893594179568e-01,3.971703730306531122e-01,4.111395305244722742e-01,1.000000000000000000e+00,2.765101647831823550e-01,2.153632867368311665e-01,1.091688787311627662e-01,1.380709601040630286e-01,8.952842639595200158e-02,8.414026527136554690e-02,6.566804757151038785e-02,6.487146488296419156e-02,-1.656364480433912892e-02,-1.765312811842624161e-02,3.397518094225623897e-02,-2.218704290681667787e-02,-3.216007690401238850e-02,7.456093030428104229e-02,5.611440859240521967e-02,-2.269379211051097620e-02,4.909690551721917345e-02,7.061059594740722034e-02,4.034033171679822505e-02,2.825506862482175460e-02,2.404681503519162655e-02,3.511860737689299905e-02,6.259998476761487185e-02,5.595614410984427189e-02,3.669630400596373548e-02,-2.626722221190295331e-02,2.465003607487529710e-02,3.901892483553376367e-02,1.311836207482643298e-02,-2.341463627760698163e-02,1.462147852757290749e-02,4.622901971699650952e-05,-5.118639617529462116e-02,-2.267247908934494956e-03,1.986206537233558070e-02,-3.416885282825377762e-02,-5.269838730402645610e-02,-3.106297566200380555e-02,-2.167331584938051586e-02,-3.411166702779151044e-03,-8.018234064508616282e-03,-1.625937114641448286e-02,-4.764284422126646712e-02,-5.621655527887022691e-02,-6.102840636456154100e-02,-4.186923585283319066e-02,-5.350030665503099914e-02,-4.634821034490602815e-02,-3.190902005380640699e-02,-3.854626712401480054e-02,-4.339473011750641374e-02,-4.837262512859590718e-02,-3.951437421186198423e-02,-4.398728768140129641e-02,-2.450620770815488403e-02,-5.064019969475837268e-02,8.584586904415830375e-03,2.216218083644051415e-02,-3.347936555919889950e-02,-3.422432415442323156e-02
1.412742979335796477e-02,2.398391217757232102e-02,8.232316599306746530e-02,4.702772008804304016e-02,1.069886620213840456e-01,1.324967194522941039e-01,1.341657424973230206e-01,1.005627706384030484e-01,2.117330887677230655e-01,2.811269431730968882e-01,2.765101647831823550e-01,1.000000000000000000e+00,3.940741580016083878e-01,2.611810573535003899e-01,1.798622928051940295e-01,5.472966420617108967e-03,6.865347587175443800e-02,8.739733276282325714e-02,-5.325280642369108197e-02,-4.883702617680556884e-02,-1.086668777116652496e-01,-2.062602854878090031e-02,-2.063185512644532399e-02,-3.642308163705964500e-03,-1.530375526943922836e-02,-2.650454144390277517e-02,-2.287133156036951290e-02,1.122368223117443421e-02,4.296850574637538223e-02,6.374131119390392432e-03,8.187443244136499709e-02,6.393234322877699993e-02,9.280113426992102343e-02,1.011668488604279964e-01,4.406592023074391157e-02,1.311645315532040251e-02,3.501644722174551000e-02,5.321549727187158130e-02,1.089454298331283752e-02,4.153368183583919931e-02,1.239834620218511346e-02,-1.706717392898090407e-02,-1.164693724961714423e-03,-5.339563259582916221e-03,3.357350045771102104e-02,-7.343300199363070845e-03,-2.715559342084298070e-02,-2.259746326616620185e-02,-8.585587059879357108e-03,-2.763914284967454796e-02,-5.202979732653248554e-04,1.525189121071530637e-02,-2.517995403939618862e-02,-1.165616653049436451e-02,-8.099666036702040869e-03,-7.655193113972838526e-02,-5.162991321068912537e-02,-3.529128885489780931e-02,-1.478534542613581422e-02,-2.384366413872908083e-02,-2.900135900579328685e-02,-2.055042321152416793e-02,-3.487847279565474412e-02,-3.408094846585282833e-02,-2.498329238609306099e-02,1.326764178860003439e-02,-2.064530762296522964e-02,2.774321646697039748e-02,4.225024471838648155e-02,5.083020433477993677e-02,9.002013022036212814e-03
3.021026900662471606e-02,2.816320651612690823e-02,8.228111359004572356e-02,8.231493898547442845e-02,5.804697900792598481e-02,7.790851608075202717e-02,1.207578253001478918e-01,8.431730393693981362e-02,1.125706831146668641e-01,1.653867001767382605e-01,2.153632867368311665e-01,3.940741580016083878e-01,1.000000000000000000e+00,3.202129672473659761e-01,2.253123184380544097e-01,4.432391887282918948e-03,1.024167236593072350e-01,2.914088722978105603e-02,-6.563522374281266503e-02,-5.778941762653402175e-02,-4.297307406141849528e-02,-3.049892494476618907e-02,4.675805924995192486e-02,-3.504667619907100157e-02,-4.294553352383757155e-02,8.402415553550299232e-03,-1.770979545419405776e-02,-3.148984359908300890e-02,3.010706736590125152e-02,7.804649419825651635e-02,1.450654733655785122e-01,6.820937343738582570e-02,9.587220894320007403e-02,6.828154716654416534e-02,7.884867121364930176e-02,-8.730611393298205736e-03,-5.161429235758881098e-04,2.988941246022251350e-02,2.161823797849839884e-02,-6.907007593530634093e-03,1.045173276897010291e-02,-1.165487912788964152e-02,-2.382844275812336793e-03,-3.732531401271953209e-02,2.390279037704236970e-02,-5.208021373249567716e-03,-1.842463100366808354e-02,-9.220426966723370074e-03,1.270440621178062571e-02,-3.901669939210625909e-02,-6.028036858684237935e-03,3.928304483646180567e-02,-3.390584475164212103e-02,1.962996835887377209e-02,4.004600396224282204e-04,-1.000650274361889885e-01,-1.203394938052022162e-02,-1.009000427952701229e-02,-2.146934005273152743e-02,2.115203078837333758e-03,-1.851677477966225810e-02,2.354396147248775158e-03,-1.436729851766521335e-02,-1.584453527879543105e-02,-3.692276401620667864e-02,-9.249720624679061420e-03,-4.287769983936555451e-02,5.202750778706049378e-02,9.120776516873234374e-02,2.367486339124346209e-02,3.322300135554463046e-02
2.850145774695813858e-02,2.880799145957189597e-02,4.693623415186472941e-02,4.417343606798007638e-02,5.953592990627479264e-02,1.049568853838203919e-01,9.670980405892563858e-02,9.260167611459226011e-02,9.031341393711397880e-02,1.527511711183345278e-01,1.091688787311627662e-01,2.611810573535003899e-01,3.202129672473659761e-01,1.000000000000000000e+00,5.137757541001428674e-01,3.351628989851783702e-01,3.076434872771207085e-01,5.691414019182445411e-02,1.164170790285232529e-02,1.473448319853658262e-01,2.475533584768493424e-03,-5.325999474313036081e-02,1.016280838754142213e-01,3.528953017749214549e-02,-1.321387453405942491e-01,-5.828184848512535767e-04,6.082039901221179129e-02,-1.108616078038625469e-01,-4.743574486901361992e-02,5.877260664205130603e-02,7.697783814445252615e-02,1.646241178473283051e-02,9.320322055001895034e-02,9.285185219208322294e-02,9.230966880650173789e-02,6.901771722230340411e-02,1.369905240760131530e-02,3.007529909059112119e-02,5.713280922822375207e-02,5.011502566694380628e-02,4.530382285512476320e-02,-3.201532877857613674e-02,3.127096168924195507e-02,-1.709277947727689748e-02,1.166556449159516194e-02,-8.622387594460840165e-04,-4.188086597365646424e-02,-1.266488495298978209e-02,-5.173542978508631485e-03,-4.599007661503837913e-02,7.171354492809776070e-03,4.403130411949857798e-02,-3.316477992667180019e-02,-1.885821995898677786e-02,2.795863841418652629e-02,-1.048312568869254509e-02,-1.059255120558607460e-02,-1.881001268339801968e-03,-1.008532440277289111e-02,-2.574026579568418002e-02,2.811003565078082703e-03,-6.021686067439057863e-03,2.179881678474432025e-02,-2.960292387843091455e-02,-2.783598203202942642e-02,-1.123519572007310868e-02,-4.060686340086659685e-02,-3.438198202946122356e-02,2.920924645238968595e-02,1.328116369124883282e-02,3.601879675301753597e-02
9.651761483119962459e-03,2.967586553257246448e-02,3.253882474387326251e-02,5.075654058787841538e-02,7.155650350305334251e-02,8.818338347354612305e-02,1.276712301686013240e-01,8.167003090351153405e-02,8.630511434467268150e-02,6.530989295174301212e-02,1.380709601040630286e-01,1.798622928051940295e-01,2.253123184380544097e-01,5.137757541001428674e-01,1.000000000000000000e+00,3.284287887803173378e-01,3.212682207134772705e-01,7.060336576848251500e-02,4.747419974907877288e-02,1.130569422615309016e-01,-1.223981766344031706e-03,-7.592493550057405338e-02,4.894463433526566321e-02,2.410265679799763333e-03,-4.866879361156827011e-02,3.076386819100503794e-02,1.510464937870931298e-03,-6.179299192714046013e-02,4.458384842641731696e-03,6.603334844708044771e-02,8.896859423566327862e-02,-1.844309501200566345e-02,7.462932137103930885e-02,1.173553687344113666e-01,9.698873918434820773e-02,3.614150178121354473e-03,2.280857455910538165e-02,5.873578164393317147e-02,8.588023982496255371e-02,4.205174246937620763e-02,5.712160526772872005e-02,9.394033639810138447e-03,3.228118229461382493e-02,-2.452722629062916229e-02,-1.662185186687346189e-02,1.872521500339550601e-02,-2.257087789839509404e-02,-2.937149893510293108e-03,1.997024645203674537e-02,-1.828672442033135725e-02,3.624551775861540974e-03,3.138231461684226880e-03,1.624200817247454512e-03,-1.733746289859850256e-02,-2.356976521605867736e-02,-3.924570669356746561e-02,1.276774596790667717e-02,5.558372186598628702e-03,-3.169424685806732783e-02,2.093447290470425073e-03,1.633924481801227180e-02,-2.536729189236661478e-02,5.010336972643524532e-03,-2.716307963075355325e-02,-5.041191134642124261e-02,-5.424139326875011824e-02,-4.563085771550563080e-02,6.443064634520884269e-04,2.552022132837852147e-02,9.648912947571140417e-03,1.933755073239545180e-02
-2.121059910842811383e-02,-8.741635633605856354e-03,2.325817134340904535e-02,3.438025204970668325e-02,5.215524774089679017e-02,7.734052639206594193e-02,8.366692706094447374e-02,6.236078313100496678e-02,2.970097706025742745e-02,7.000210900495432154e-02,8.952842639595200158e-02,5.472966420617108967e-03,4.432391887282918948e-03,3.351628989851783702e-01,3.284287887803173378e-01,1.000000000000000000e+00,1.908458144862549832e-01,-1.020678532170851416e-01,1.410791833313753685e-01,2.009561705787526742e-01,4.276458783489144738e-02,-1.430376797900816122e-01,1.118523337538143841e-01,1.237051813160477270e-02,-1.245309506100017588e-01,5.957823036626862939e-02,1.167564357128549613e-01,-3.276641242544839350e-02,-2.208364636699767722e-02,7.500249868039721157e-02,-1.936935119157448537e-02,-2.302882968804044386e-03,4.541406767254060201e-02,5.794668506080256909e-02,6.666345145735999567e-02,3.109470438064382627e-02,2.491826916085577992e-03,4.466543889997939831e-02,5.602855107433456217e-02,3.159203675240947889e-02,1.307230578535607292e-02,2.076925500630177749e-04,1.055356653022254242e-03,-7.536207548969139913e-02,-3.661851240831492243e-02,-2.392795917278693965e-02,-7.881974479888703700e-02,-5.889507547649881075e-02,-3.877204348933708383e-02,-4.240389206070071387e-02,-1.876253552834044463e-02,9.233551769239942142e-03,-2.872798125291972648e-02,-3.188937054658461806e-02,-7.797951853632843246e-03,-6.244241120431562493e-03,-2.847842326108183594e-02,-2.608110712983613758e-02,-4.264794361777520665e-02,-6.108098958932294681e-02,1.193636940570227782e-02,1.218226742186409237e-02,8.288022371459721413e-03,-5.631663802334538511e-03,9.978716191437414854e-03,1.443317250548818188e-02,1.532690006536815107e-02,-7.472247163079131366e-03,-4.917087702754708439e-02,3.936208637783988190e-02,1.105562389148054964e-02
-1.880026741238301213e-02,3.411550087588552469e-03,4.845769558553532363e-02,2.195342660132151846e-02,3.866902066775766006e-02,9.290036950629153301e-02,6.733045806806120526e-02,2.225876809529486397e-02,2.284293526828136758e-02,9.567016184867423167e-02,8.414026527136554690e-02,6.865347587175443800e-02,1.024167236593072350e-01,3.076434872771207085e-01,3.212682207134772705e-01,1.908458144862549832e-01,1.000000000000000000e+00,2.183719046316885126e-01,1.300772323572434441e-01,3.214148729825844764e-01,1.304407668433991696e-01,1.844832224037595836e-02,9.970471487420129453e-02,1.286126153683570250e-01,4.035520406313597690e-04,9.453662126197963367e-02,1.343212887163746372e-01,4.450096438029872009e-02,2.632828577555273303e-02,1.728413040802992129e-01,1.349954114428680019e-01,-8.310682562563001530e-02,7.409569225127131398e-02,5.263641386875793360e-02,1.010541144921213580e-01,4.800264814822691878e-02,-1.947134201301777695e-02,2.574738575172992594e-03,5.298574835513877174e-03,2.076317411573899013e-02,2.843108951227779971e-02,-1.729498301673965815e-02,5.320070801140765193e-02,-2.567797230933903645e-03,2.223998793169340918e-02,1.753683673459072168e-02,-1.826510278384941080e-02,-8.712090537697118192e-03,-1.563189985245645383e-02,-1.924835452848239550e-02,1.157236285731813065e-02,-5.304711016969582832e-02,-5.022594917294821021e-02,1.191860514733171679e-02,1.085766450221007165e-02,-6.093449786298402171e-02,-6.002467085168568944e-02,-3.709930986715415796e-02,-2.060081576250890820e-02,-5.242044613869634856e-02,-7.609852066791900072e-02,-2.331935934133232483e-02,-1.134039585674656049e-02,3.649464494731371328e-02,-4.977515214633177615e-02,-9.662822650294412841e-02,-2.919664532226513495e-03,-9.886536206564372833e-03,-4.408995212738171104e-02,-3.320997496510888491e-02,-5.554633198840321778e-02
-1.737014077482270519e-02,2.969760493315755107e-03,1.620692990881342915e-02,-1.027257458098213829e-03,-1.440938394300907577e-03,-2.105116599223182811e-02,8.686333637017245451e-03,-1.288985562923533265e-02,-3.423773255710321761e-02,2.547091380164950500e-02,6.566804757151038785e-02,8.739733276282325714e-02,2.914088722978105603e-02,5.691414019182445411e-02,7.060336576848251500e-02,-1.020678532170851416e-01,2.183719046316885126e-01,1.000000000000000000e+00,1.765848337889834863e-01,-3.792772647959904986e-02,4.399260534920294147e-02,2.501559192229218520e-01,-6.731993406509825806e-02,7.709691115961042618e-02,2.322083437501656078e-01,9.180419678742253453e-02,5.900682428430886750e-02,1.679871922592904576e-01,1.202677920148787077e-01,1.008956978079730976e-01,1.888141753027116621e-01,1.059977293709468138e-01,1.254687910361352021e-01,1.042724174381450541e-01,1.295082886601297556e-01,7.993991397519326081e-02,1.224439263078334721e-02,6.675117172158186174e-02,3.956127212940507148e-02,2.455260510034822444e-02,-1.578655048032508515e-02,-2.193806046016198025e-02,-2.586881684761976538e-02,-2.462470858484291231e-02,-1.247261749707630554e-02,-2.727417648218053575e-02,-3.640991658363749994e-02,1.908153072513475690e-04,-5.045739013375370036e-02,-2.663346016647630612e-02,-4.965260625251263077e-02,-1.822915807618468234e-02,-9.788043667356541300e-03,-6.265867283657566844e-02,-5.047711300212343738e-02,-3.244957254607135771e-02,-1.009721018511930239e-02,-3.654506565736408315e-03,-6.350594864343339641e-02,-3.026610472611290792e-02,-4.048488484792679698e-02,9.927288904048727630e-03,-2.247510252086391824e-02,1.946608681689430964e-02,-8.198148649969040982e-03,-2.465136633883319509e-02,-2.428422982680714451e-02,4.266690478483172312e-04,-4.045447789097882801e-02,-3.550039108831552076e-02,-5.223465732764338149e-02
2.536026499147204377e-02,2.358961234598987503e-02,5.419432595754891668e-02,4.731414938485232341e-02,3.852431140071803373e-02,3.748230086792910670e-02,-1.777297577615560798e-03,-7.488751847802773386e-03,3.180453613474825553e-02,3.886902149321216915e-02,6.487146488296419156e-02,-5.325280642369108197e-02,-6.563522374281266503e-02,1.164170790285232529e-02,4.747419974907877288e-02,1.410791833313753685e-01,1.300772323572434441e-01,1.765848337889834863e-01,1.000000000000000000e+00,2.166368312734389123e-01,7.584628055405151503e-02,3.281853336105452490e-01,3.155374610014257120e-01,-1.178643697620898600e-01,3.435702161874829713e-02,3.916119129025317225e-01,2.116548596002233995e-01,-1.706494083915688006e-02,8.087662913187328162e-02,2.216706723603059925e-01,-2.368652271612881749e-02,-7.516275629076463183e-02,-5.447029484584556443e-03,-4.287367004527660452e-02,2.827057811998329173e-02,1.028896399810920043e-01,-1.579660591162266453e-02,-2.450178878231400528e-02,-1.781712589343363226e-02,2.095883267980868173e-02,-6.081795811809671826e-02,2.426478445779947993e-02,4.833836814522687875e-02,-5.790339191831917615e-02,-2.114984471033823712e-02,2.342722700784960130e-02,-6.448903611336087582e-02,-4.151318929047698864e-02,-5.180226764311873788e-02,-2.859615469304986266e-02,-4.823999474143551847e-02,-4.275372952402936577e-02,-1.230269982604991277e-02,-6.322886716585543465e-02,-3.495206525589503177e-02,7.312070826472633067e-02,-1.532490461876646892e-02,-2.187223624603923736e-02,1.794376184125757653e-02,-5.548777491574483078e-02,-1.200874270006952182e-01,2.391102699592021017e-03,-4.668487653558685974e-02,2.601496289636556509e-03,3.983738076218044238e-02,7.559481225112794911e-02,4.125333652944097179e-02,-2.259620620077947700e-02,-8.720954790749214924e-02,-7.862609383707813704e-02,-3.947030655606639099e-02
-1.962814433694294938e-02,-1.100729233847710410e-02,-8.966445573700359759e-03,1.185870351920651150e-03,5.010662786837349197e-02,5.280970886765548600e-02,4.875300707027461350e-02,9.112489031768632522e-03,2.978215387059659266e-03,1.579501931818835456e-02,-1.656364480433912892e-02,-4.883702617680556884e-02,-5.778941762653402175e-02,1.473448319853658262e-01,1.130569422615309016e-01,2.009561705787526742e-01,3.214148729825844764e-01,-3.792772647959904986e-02,2.166368312734389123e-01,1.000000000000000000e+00,2.482873096066607888e-01,-7.255172559072085858e-02,3.948906994722438668e-01,3.328775927599957885e-01,-2.213519178211999228e-01,-1.655258055704375911e-02,3.470974799199218475e-01,2.750228189282969901e-02,-1.590600533552118390e-01,9.357531181115960606e-02,-2.827969080400580607e-02,-9.466877625269849716e-02,-2.026091461971422578e-02,-1.601034155332103220e-02,8.091396396202012176e-02,9.186008333637914192e-02,3.603781011763543263e-02,4.238295145581476991e-02,8.985646823378433401e-02,7.242348915202002912e-02,8.561162342966306682e-02,1.039637792078038220e-01,9.898083882947363021e-02,-3.274885795721479281e-02,8.795951277890416697e-02,3.493389530366064477e-02,-3.230567016408734948e-02,2.663351599806122738e-02,3.806593825375300527e-02,7.238579898813205481e-03,5.576544575518547348e-02,-3.683076406827643506e-02,-3.003851633401741217e-02,-4.379291656342546718e-03,3.163286251426207507e-02,3.844165684090595364e-02,-5.033727531648998776e-02,-4.421872388934101374e-03,-1.045580038025546200e-02,-1.331696574705063807e-01,-7.379610215121455707e-02,-3.785412280957887315e-03,2.110517591573632043e-02,-4.410612548609174101e-03,-8.981310716083943171e-03,-8.999493343073435014e-02,5.264214908571913584e-03,-4.326945147607650505e-02,-7.867010025175891208e-02,-7.707181472053525884e-02,3.179260747632817186e-02
-1.456037462620863449e-02,-3.666413306929832555e-02,-2.637364760697197275e-02,-2.027791786649675229e-02,-3.362757486214090763e-02,-1.698622860655336214e-02,-2.929698206676982497e-03,7.780134762799028984e-03,-3.416150343827895064e-02,2.342628435299683870e-02,-1.765312811842624161e-02,-1.086668777116652496e-01,-4.297307406141849528e-02,2.475533584768493424e-03,-1.223981766344031706e-03,4.276458783489144738e-02,1.304407668433991696e-01,4.399260534920294147e-02,7.584628055405151503e-02,2.482873096066607888e-01,1.000000000000000000e+00,1.355206757350062574e-01,5.552466890572154562e-02,1.171186722899360544e-01,2.627457252407504051e-01,1.492046182337416205e-01,1.340854294334277441e-01,4.013018474750112974e-02,8.227880189477575212e-02,2.058097996347484915e-01,-4.044564112486654511e-02,-5.256090438584400809e-02,9.537457342648814757e-03,-5.726846357367450929e-02,6.024518565641615031e-02,9.732061998781385906e-03,-6.255126437381670901e-02,-6.050426616278373887e-02,-4.930524775839637691e-02,-7.678263720412718818e-02,-7.831233548978216996e-03,-2.859570220447153407e-02,-8.359160391452489375e-03,-2.937536887117467299e-02,-4.727885196826468739e-02,-7.542230117905239506e-02,-8.134211433550105064e-02,-4.932720727417637223e-03,-4.092588261387790360e-02,-1.427552038414768298e-01,-6.490668997071680213e-03,2.504671923338325570e-02,-1.593182917707490140e-02,-6.304222210903050183e-02,3.580676006082936930e-02,3.046402707865756079e-02,2.410713974322196854e-04,1.063780494209575975e-02,-2.975345002799507487e-03,1.812379133512612497e-02,-1.445499179762686770e-02,2.415482375560673578e-02,6.545970409278650814e-02,1.101195031075368966e-02,-3.150212076369227066e-02,-2.154807333273410855e-02,5.772957570800849036e-02,-7.764820664466345196e-03,-2.066035544490103446e-02,1.239951885944064885e-02,3.739875061104952492e-02
6.601968302685513532e-03,-1.576910836278002086e-03,-3.789026925916653705e-03,-7.831460686207568356e-03,-1.332703998171883356e-02,-2.288649875441203102e-02,-6.904551586517730655e-02,-5.395022965997445415e-03,6.870609474058463235e-03,3.486936241674025438e-02,3.397518094225623897e-02,-2.062602854878090031e-02,-3.049892494476618907e-02,-5.325999474313036081e-02,-7.592493550057405338e-02,-1.430376797900816122e-01,1.844832224037595836e-02,2.501559192229218520e-01,3.281853336105452490e-01,-7.255172559072085858e-02,1.355206757350062574e-01,1.000000000000000000e+00,7.619747244089859761e-02,9.098570088969305802e-02,4.172662376321446542e-01,2.665701043314782637e-01,1.421668330690672999e-01,1.691741200962065539e-01,1.501672967637935063e-01,1.392735324216605453e-01,4.404954175049920900e-02,-6.518464927656206220e-02,-6.093653394383977823e-03,5.501181595055519569e-02,-2.282817266255781664e-03,7.099142442422932964e-02,3.187501996261824910e-03,3.061588766564211916e-03,8.151063029243276262e-03,3.206379409647208689e-02,-1.364383882261406382e-02,9.972586481007808534e-03,1.286557580531433841e-02,3.355242868258079270e-02,-5.209543146028606381e-02,-8.121267470279852976e-03,-4.031138898553802974e-02,2.535647350053560692e-02,-3.794929749820798170e-02,-2.053609629332973398e-03,1.784697596385802741e-03,1.086176001179046339e-03,-6.037147297163416443e-02,-5.134389555499176139e-02,2.325644445932863874e-02,5.806818514015750152e-03,-4.733414173007385872e-02,-3.856204151877484776e-02,-5.091858327372490028e-02,-6.137731945950396922e-02,-1.114965188498702325e-01,-1.663467564933197168e-02,-4.867934199122989775e-02,3.830670538704756406e-02,2.324668351535476296e-02,1.585854189981370649e-02,5.823820821921128071e-02,-1.096630522272406399e-01,-1.442180999690104992e-01,-1.072705304662936454e-01,-6.245970255429352663e-02
