1.000000000000000000e+00,4.241178975175375898e-01,6.322299133512629954e-01,-4.471226833673954681e-01,-3.894266088998131203e-01,6.876749323307680406e-01,2.371367179861324781e-01,-6.850382213871625270e-01,3.579382344663052662e-02,7.417493819138943900e-01,-2.237972382666720550e-01,-6.294355383616165867e-01,4.423683626467785346e-01,5.112219516510583261e-01,-4.716356757644916131e-01,-1.487465874365652974e-01,-4.721166503758031374e-01,4.006488219822511021e-01,-2.351843933847397594e-01,-2.416869004885033659e-02,-3.933636884368592601e-01,-5.078578288559477683e-01,-5.024232393645870071e-02,-1.077880755852319850e-01,-5.104842189365108585e-01,4.212344524368158427e-01,-2.308715285119944671e-01,1.501480881894178554e-01,2.917146005745610560e-01,7.397563874126354966e-01,1.940565212390824579e-01,7.389155658047695807e-01,4.155955656928874142e-01,6.544372570368173214e-01,4.434946796287548287e-01,1.469876146008745332e-01,6.395765018808284852e-01,1.413687255256834419e-01,5.796246133677892542e-01,-4.961120704684757743e-01,1.574687142669697615e-01,-5.303503461169992717e-01,1.434193377893020760e-01,-3.592416956461486621e-01,-5.124991725335188431e-01,-4.390778607082526652e-01,-6.960822042628200812e-01,-3.824520544560561786e-01,-6.720458989020245966e-01,-3.134283967208294497e-01,-6.529360644488945153e-01,3.449361948923200805e-01,6.029589971728550601e-01,7.652087376695035914e-01,-7.103658747690340391e-02,-3.963627674332385054e-01,4.105639030588698613e-01,6.429284829124876088e-01,-3.676755769435294807e-01,-1.826790271153950485e-01,7.410795785846940875e-01,2.575628168315742816e-01,-5.181134516168454107e-01,2.877371803982245457e-01,7.419866113814507225e-01,-1.434438791799680091e-01,-4.252908160635486823e-01,5.741392472798673152e-01,3.810062092222703534e-01,-5.991531024922449600e-01,-1.275969976688577645e-01,6.887942520141648872e-02,5.573894710749129899e-01,-2.657961020859140322e-01,1.227384482844471880e-01,6.023231881537152027e-02,7.373906690229571625e-02,-7.049619301596238286e-01,-2.853852603210097483e-01,-5.816574591309865427e-01,-5.156599233863420340e-01,-3.670696246494929427e-01,-5.455002820289910348e-01,1.102877466212477953e-01,-6.508625369922464987e-01,-5.467573222814560430e-02,-6.688330590970047451e-01,-2.315176564814602211e-01,-4.336382845715187617e-01,3.169962153810031852e-02,-1.044975939853449998e-01
4.241178975175375898e-01,1.000000000000000000e+00,7.367487687353570236e-02,-5.093008518487424086e-01,4.985747378349557057e-01,8.201132464228830798e-01,-3.413671910070782967e-01,-2.846327150705993403e-01,8.450212996737024307e-01,4.500090109073240918e-01,-5.713128124749144998e-01,1.088553567874350481e-01,9.420312297269382018e-01,1.025722821029404104e-02,-6.825793687534612575e-01,3.443881117614620568e-01,-5.002299843561747172e-01,2.980699035163425492e-01,4.288597771837975858e-01,-4.993224788220806398e-01,-8.007013697642482164e-01,2.696908830915846766e-01,2.447349877235726057e-01,-8.211661076091807399e-01,-4.956165376147852464e-01,-3.566872691020780972e-01,-4.118771322208991670e-01,-5.482842530079213850e-01,-1.668545602410685669e-01,1.877595426469125528e-01,-3.642687057330499245e-01,5.958761874770576172e-01,-1.928375566928033635e-01,6.228249933036763553e-01,1.367650405907523958e-01,6.698036033595884398e-01,1.412580368013870991e-01,2.912078129154087036e-01,8.266209975107926544e-01,1.610890566168474425e-01,-2.143628676805057198e-01,-5.423593144184610804e-01,-5.879312374937085695e-01,-7.321569903419890002e-01,2.289253272014677154e-01,-6.910649532808403883e-01,-4.123543823039680367e-01,-8.915897495858978727e-01,-2.620557442040449825e-01,3.795506451463525610e-01,-2.637179158808602986e-01,7.863633274606260937e-01,5.412362935421402010e-01,5.699864639604077521e-01,7.751938737403866186e-01,-2.993718572701979941e-01,-4.099241105095551285e-01,8.454834728484122985e-01,4.206243898017314464e-01,-5.797904538831513133e-01,1.661110512558008623e-01,9.328748247984913755e-01,-7.723349812596402852e-02,-3.927135556645759418e-01,6.371098661316925149e-01,7.161521304321011305e-01,-3.706189864873951079e-01,-1.167569610802804692e-01,8.859429212821393618e-01,-1.379268211361461272e-01,-8.179756326907617892e-01,-5.279317139412546822e-02,-1.525059653042719621e-01,-8.851727124433501626e-01,-3.806317485747604534e-01,-6.425190321693614592e-01,-1.241651855168715984e-01,-4.716232095653505874e-01,-3.941273725801761052e-01,1.396297901832887212e-01,-3.259287057599818960e-01,4.849923089072109006e-01,-2.268757890192207305e-01,7.598721759532641729e-01,-1.577646545978029780e-01,5.103988845212213965e-01,-5.251068168408495884e-02,4.617312512882121300e-01,9.433910411760229597e-02,3.839891041293796992e-01,1.546107884531052468e-01
6.322299133512629954e-01,7.367487687353570236e-02,1.000000000000000000e+00,4.380438722631223997e-02,-7.032505152507544377e-01,5.180656805983433477e-01,8.139703229953925145e-01,-4.927372277256315547e-01,-3.851328278305538033e-01,8.937615031249935837e-01,3.594720282143031298e-01,-7.440954392922339844e-01,1.132743467593077674e-01,9.542734877428108442e-01,1.457860538363087155e-02,7.042269135608308916e-02,-1.653946920073482221e-02,7.762406932739734922e-01,-1.636584390414738965e-01,5.649546522579115271e-01,-3.866667545501141223e-01,-8.722516371189146245e-01,2.799013954917717317e-01,3.867776103560980894e-01,-7.613380606971051900e-01,4.873959984702639359e-01,-5.422746394626501987e-01,1.292608709542658052e-01,3.028930677157889648e-02,7.709815657258257682e-01,1.818037827272665080e-02,5.323004316275570247e-01,2.743101133993732788e-01,3.218282169534231740e-01,9.814769750101191848e-02,-4.316862253803921412e-01,4.809447587491842424e-01,-4.071337897252998439e-01,5.049123085649026565e-01,-4.217188295473930926e-01,7.203203598230016880e-01,-9.943332645311531159e-02,6.951267830652534396e-01,1.671845336599279419e-01,-5.421273846264955676e-01,6.055427597833909492e-02,-4.646721300445206815e-01,-2.504199267704683707e-01,-4.897308900228540818e-01,-2.539095086294509973e-01,-4.377162402939986374e-01,3.581139817058394681e-01,8.031916486057413263e-01,6.650019905043955681e-01,-4.430718540029793262e-01,-7.802787308500489516e-01,5.255380419824036142e-01,4.739751369017857763e-01,-8.452498248514720425e-01,-3.610085930949089583e-01,8.167213405076605426e-01,-6.179298885760623611e-02,-9.486295504321177186e-01,2.154123107789991387e-01,7.570351726812998283e-01,-5.598015651105314738e-01,-7.653584875642639451e-01,5.594345765450748909e-01,-4.247776533755345113e-02,-9.662617782889600937e-01,-4.485244909781577541e-03,-3.730905541506412959e-01,5.742335253343082702e-01,-3.548754521277352331e-02,-7.091900248773883031e-02,6.064713580189268205e-01,6.125615776577915117e-01,-4.646762477294471005e-01,2.437484120168030843e-01,-6.295524202535495162e-01,-1.383293493402806829e-01,-5.391396818822605796e-01,-2.391878048669966172e-01,6.459233127214235315e-02,-5.042067808711134802e-01,7.699912430757600845e-02,-6.654202841163890936e-01,-2.165583320513829735e-01,-8.682572794136840244e-01,-3.198032032246888035e-01,-4.308579981374733858e-01
-4.471226833673954681e-01,-5.093008518487424086e-01,4.380438722631223997e-02,1.000000000000000000e+00,1.295713976265004327e-02,-6.019292773530529050e-01,5.864124757624867845e-01,8.101522797256689445e-01,-4.153179424327380631e-01,-2.649304900440603294e-01,9.232802895504356178e-01,4.071891587528329581e-01,-5.905888760274093929e-01,2.493710637878509551e-01,9.530282488057837398e-01,5.770623395983589532e-01,9.712983404680486377e-01,3.412601385670531728e-01,4.614005537467019136e-01,7.883130755425880043e-01,9.124620901783948856e-02,-3.809913510381637836e-02,6.460927627145504060e-01,6.051660602037216563e-01,-1.086025070595831171e-01,-3.824245442286447472e-01,-4.223926762536379664e-01,-3.414134569243779671e-01,-7.213792837250300183e-01,-5.386921810404784461e-01,-5.651926087251173403e-01,-7.806948080808848722e-01,-6.481736817706158504e-01,-9.000569754515220788e-01,-8.892009244262005785e-01,-8.299126079900257524e-01,-7.541937101229075902e-01,-8.961190449005231873e-01,-3.579178299394743523e-01,5.958207985303962673e-01,6.825762916019350035e-01,9.663200594846041991e-01,5.568467231837146425e-01,9.067910530740600494e-01,4.796652437456256912e-01,9.489818516952230887e-01,8.404795549428520918e-01,2.552575445216855865e-01,7.931490388026853910e-01,4.900286491263398103e-01,8.252824196415194935e-01,-2.577797710822433280e-02,-3.724524421550285541e-02,-6.490337574066931126e-01,-2.698861470548936659e-01,-3.522120530508649483e-01,-3.132855860784490853e-01,-5.558352878297226907e-01,-2.910323052629140150e-01,-3.088635352014169611e-01,-4.776897820814609563e-01,-4.239370326029645586e-01,-2.505927507189064096e-01,-4.935544598379177916e-01,-4.166555070835045171e-01,-2.915821656498979175e-01,-2.948130550948798723e-01,-5.577806285700255273e-01,-7.300899918505745489e-01,-8.634706109184740741e-02,4.291096677345043048e-02,-7.721330164812068020e-01,-5.064036232727860964e-01,2.856971522976506916e-01,-5.356234782731515986e-01,6.065430835186895742e-01,7.457149286644120245e-01,8.420115896935488342e-01,9.586012841640564330e-01,4.853355681146132583e-01,9.431408525335400750e-01,2.063271550114821606e-01,8.909334531176629213e-01,7.568338331478653702e-02,7.488423990769711436e-01,4.209215200829310444e-01,5.764026737275317336e-01,3.891127165799479481e-01,-2.702890384478525143e-01,-4.617029754997580837e-01,-3.405231924216579054e-01
-3.894266088998131203e-01,4.985747378349557057e-01,-7.032505152507544377e-01,1.295713976265004327e-02,1.000000000000000000e+00,3.802001083235140300e-03,-6.519122657557897549e-01,5.423308105673874113e-01,8.351843834439133252e-01,-4.485472772792836738e-01,-3.268364042897023980e-01,8.852550595718432502e-01,4.380342197151315120e-01,-6.248919295344580460e-01,-1.361711086056135445e-01,5.251595246278543128e-01,5.567513376813533477e-02,-1.902262916623849442e-01,7.293579971832391262e-01,-4.950510542854000828e-01,-3.436965227009948776e-01,9.085284021007377087e-01,3.080646013609264489e-01,-7.231574064022138204e-01,1.206067779195191952e-01,-8.852292525021525638e-01,-1.346058444588242586e-01,-7.470890931964259130e-01,-5.238247638538632289e-01,-7.137581772933666580e-01,-6.093222889044961343e-01,-2.882493842222199620e-01,-7.045498939340572031e-01,-1.560110007987567660e-01,-3.958950869792055571e-01,5.190247726174427312e-01,-6.306766044419596096e-01,1.361591174444510832e-01,1.421700388778616153e-01,7.683234094358161181e-01,-4.231165478040555539e-01,8.227102452164365698e-02,-7.907700331814495609e-01,-3.241944216659504163e-01,8.656371957034884046e-01,-1.827181609270763785e-01,4.237266050281380259e-01,-4.510147058568354517e-01,5.506000719967627521e-01,7.728141643676648131e-01,5.239879141912162641e-01,3.869617770265622037e-01,-1.853960838587102866e-01,-3.518067165762400195e-01,8.937929521948677625e-01,1.856282579994208148e-01,-9.275117187488760573e-01,8.541334746765195940e-02,8.938772673663030188e-01,-3.693038156680144013e-01,-7.389241107144974841e-01,6.514266248043617535e-01,5.635937216559503415e-01,-7.550067260629760302e-01,-2.523176434372331745e-01,9.231719415847017274e-01,1.421285907657703906e-01,-8.196707027012756219e-01,4.492133711031556786e-01,6.029943253277059156e-01,-6.870649706541354096e-01,-1.279281481537203335e-01,-8.385132641462610392e-01,-6.012708440904228624e-01,-5.394110655447228453e-01,-7.429542454788119477e-01,-2.289631887862868254e-01,3.737258379524250884e-01,-6.603049976836866675e-02,8.599978331164871426e-01,2.896748183885262673e-01,9.514241213322468527e-01,4.303871135396989400e-01,6.471356985192080469e-01,6.313076822339017680e-01,5.896531847971548945e-01,7.665627729399647761e-01,7.655231071153382194e-01,6.373612219340715201e-01,3.640608013455798875e-01,3.091484647334739599e-01
6.876749323307680406e-01,8.201132464228830798e-01,5.180656805983433477e-01,-6.019292773530529050e-01,3.802001083235140300e-03,1.000000000000000000e+00,-8.636979679754977924e-04,-6.588895038115152314e-01,5.216069129417599815e-01,8.284944457992592382e-01,-4.745553111621316211e-01,-3.960133731517095357e-01,8.821617576256438609e-01,4.090896043411063054e-01,-7.301558924277929963e-01,1.246178300402350503e-01,-6.199806948516436433e-01,5.000954753093834748e-01,1.026434742917886889e-01,-2.868057161642484365e-01,-7.817621530315678191e-01,-2.250114551811174812e-01,1.399236203536641243e-01,-5.540268628642098792e-01,-6.957302937793938824e-01,8.617677956412098106e-02,-4.457539654003534468e-01,-2.361655496984162161e-01,8.687329725158884908e-02,6.530237620273559029e-01,-1.010674725788050232e-01,8.903923996241207561e-01,1.677994221826919485e-01,8.379452948548344882e-01,3.794590669698139629e-01,4.855296002723942794e-01,5.351830491162119507e-01,2.437554700006858699e-01,9.293853805376929289e-01,-2.487220008519714087e-01,2.008067872500690285e-02,-6.897592356985046136e-01,-2.261730670521326370e-01,-6.778600469797430028e-01,-2.289577744852719088e-01,-7.124335098113009357e-01,-7.424996372512833176e-01,-8.240439269440391623e-01,-6.355154446799337054e-01,1.637853601742453313e-02,-6.198588607085129265e-01,7.415396821926479864e-01,7.878846772389056508e-01,9.014895488529778289e-01,4.065051296732200559e-01,-5.019051310555695533e-01,4.857877127402453893e-02,9.798021280753776985e-01,-3.729810000319687402e-02,-5.072335953542633780e-01,6.435377077624302444e-01,7.446998383314860082e-01,-4.515899795302047437e-01,-4.350544799870078444e-02,9.323849151583569750e-01,3.117154414126808160e-01,-5.575621675664005350e-01,3.361953926939582615e-01,8.032278829228939321e-01,-5.481732617644383687e-01,-5.955560550958647337e-01,-1.661033422457319081e-02,3.058951259940886902e-01,-7.242793305452948083e-01,-1.651038413846202257e-01,-3.203770994365979230e-01,1.523343213401864155e-02,-7.845796059952251378e-01,-4.129792355234805923e-01,-3.371770967304796307e-01,-5.480992381001239533e-01,2.702131383136525608e-02,-5.135448851455796104e-01,5.522639344430522179e-01,-5.566695322452832606e-01,2.890762837278315067e-01,-5.147566639757087392e-01,1.197099941737524986e-01,-2.867206800450514681e-01,2.443452727431320026e-01,-7.186966413553874666e-03
2.371367179861324781e-01,-3.413671910070782967e-01,8.139703229953925145e-01,5.864124757624867845e-01,-6.519122657557897549e-01,-8.636979679754977924e-04,1.000000000000000000e+00,2.342530194753009859e-02,-6.550633349873564715e-01,5.284597014269903914e-01,8.227937528271526135e-01,-4.367591004507843655e-01,-3.461123771113257530e-01,8.937515426921320838e-01,5.742438431685655820e-01,2.672785471805960156e-01,5.252965622382066435e-01,7.404555280729255839e-01,7.266793399093930336e-03,9.140760891337834648e-01,-1.345960360561507807e-01,-7.754033851609251071e-01,4.870622855783645067e-01,7.390646083516476672e-01,-5.858389622051927148e-01,2.807424937617469252e-01,-5.679458724947992199e-01,4.070303321485326670e-02,-2.828155030724637253e-01,3.451644949744587243e-01,-1.859177093696925964e-01,-3.297088493255778685e-02,-4.555788721291730015e-02,-2.652675031227050839e-01,-3.587492042679745752e-01,-8.545249958710701144e-01,1.490040329510866797e-02,-8.004640443579127407e-01,1.017669222727612399e-01,-9.341506289520985773e-02,9.430174698089794916e-01,4.639471518773166103e-01,9.282634840237411478e-01,6.859034258122285177e-01,-2.576315714359228015e-01,6.114809917932959582e-01,8.429891133152220273e-02,6.875609530984820583e-02,1.577732725460005009e-02,-4.385299412465545194e-02,7.350135247588054921e-02,1.444381817468395057e-01,5.442913710551768869e-01,1.412450758089207892e-01,-6.207863485649919300e-01,-7.489361368859946966e-01,3.529824887666463407e-01,-1.854288868511617255e-02,-8.973538536979916991e-01,-3.384715437841095409e-01,4.143051747511258265e-01,-4.088643805742694926e-01,-8.767218976361159655e-01,1.309783684507013872e-02,3.127114204920533047e-01,-7.154858933791430342e-01,-6.970734367222241046e-01,2.148921791358543720e-01,-5.293405497954386529e-01,-8.035454358044502587e-01,1.576893466772810171e-01,-6.555930286179130206e-01,2.570897994578536516e-01,2.560049038415103118e-01,-2.426862731392598893e-01,8.888270565863984896e-01,8.695312187500346957e-01,9.586980448981181901e-02,7.140765961058781475e-01,-3.101703959492521645e-01,3.835142006798369918e-01,-4.264288074780642757e-01,2.595470781261599025e-01,-4.325117160239115577e-02,-3.468862828108942864e-02,1.708778142664739153e-01,-2.647687329909106935e-01,-7.499022286570916629e-02,-8.516284809185801219e-01,-5.404181041657287743e-01,-5.407035711449936777e-01
-6.850382213871625270e-01,-2.846327150705993403e-01,-4.927372277256315547e-01,8.101522797256689445e-01,5.423308105673874113e-01,-6.588895038115152314e-01,2.342530194753009859e-02,1.000000000000000000e+00,3.749905773012370686e-02,-6.440727538222769111e-01,5.495437473741359158e-01,8.504399553067666373e-01,-3.898134933655963974e-01,-2.914449721216023637e-01,7.408142032949636135e-01,6.185532784569295339e-01,8.246258410665476823e-01,-2.311776556986570169e-02,6.598443704391806497e-01,3.182407729773881200e-01,9.077747270616834396e-02,5.276973522303349817e-01,5.411196247121178304e-01,1.523035576046927186e-01,1.890151098554274101e-01,-7.461516026136219004e-01,-2.191540745636140763e-01,-5.555860167596051724e-01,-7.687781601347427607e-01,-9.117751272139448249e-01,-6.623224913463560126e-01,-9.033302056699993310e-01,-8.411435684411265878e-01,-8.935099276275015878e-01,-8.877357468772453242e-01,-3.861713366562761207e-01,-9.710317617855157568e-01,-5.679564798028061690e-01,-4.106519330220592678e-01,8.639951708954094478e-01,2.029807980216097596e-01,8.539839017504058383e-01,-6.726562322726736994e-03,5.942035643645177112e-01,8.369166664867346839e-01,7.074969953043898085e-01,9.734289371073870933e-01,1.500719434368326388e-01,9.816268486903743096e-01,7.260180959648352417e-01,9.838855563137629545e-01,-1.462725916479253561e-02,-3.433253803302646068e-01,-8.564610764090010431e-01,1.954435988585492279e-01,1.414383515943085090e-02,-7.140711488937434570e-01,-5.829680965975195805e-01,3.054275630941334918e-01,-2.555568082830622645e-01,-8.830820886530805769e-01,-1.280444642673684297e-01,2.684733229098824059e-01,-7.105286874923106843e-01,-6.618949318393325676e-01,2.233420496759980778e-01,4.235809766607825239e-02,-8.906657873329717479e-01,-4.477847405648047729e-01,4.214276574471215731e-01,-1.771073328470725849e-01,-5.583094793763405672e-01,-8.596510794706331282e-01,6.119973886956019821e-02,-5.874043637175485610e-01,7.710411819008304579e-02,3.491952102411698400e-01,9.573117146535108368e-01,6.927456637479145751e-01,8.675269361848386707e-01,9.126615770370616332e-01,6.369033192874385962e-01,9.455592210249407215e-01,2.436087837809015055e-01,9.751103120047217576e-01,5.071231067591241981e-01,9.256684178204929170e-01,6.288836041937971855e-01,2.508926288873021271e-01,-1.681030622352198134e-01,-4.910573922630742660e-02
3.579382344663052662e-02,8.450212996737024307e-01,-3.851328278305538033e-01,-4.153179424327380631e-01,8.351843834439133252e-01,5.216069129417599815e-01,-6.550633349873564715e-01,3.749905773012370686e-02,1.000000000000000000e+00,9.971090799723428266e-03,-6.419548128463796743e-01,5.104069770618725466e-01,8.421308578984507687e-01,-4.061373773215558591e-01,-5.894157710938268124e-01,3.874686180549808401e-01,-3.850477701454330659e-01,-1.656840988521013705e-02,5.725964790571799190e-01,-6.787226475280973004e-01,-6.276112089866894284e-01,6.795346875093094541e-01,1.990465415455260345e-01,-9.474262476512429476e-01,-1.646787453964926873e-01,-6.403211388914417102e-01,-2.192876262834389800e-01,-6.638597833020245531e-01,-2.737126979881576161e-01,-2.344034610616416714e-01,-4.513771654793035659e-01,2.657090655256455491e-01,-4.058963441684714790e-01,3.772082063989851686e-01,-1.503869276909010864e-02,7.871699540272478757e-01,-1.732160591607457001e-01,3.781196442887750919e-01,5.665399434378108889e-01,4.358284106812132519e-01,-4.721681519046390663e-01,-3.902396527379391467e-01,-8.600988588318431161e-01,-7.167645905827340069e-01,5.469953234991713487e-01,-6.198002796703896422e-01,-1.018290383443712366e-01,-7.649781849312987658e-01,5.748138038470982508e-02,5.678716232812307529e-01,3.569054253584807296e-02,6.352312339995225265e-01,1.742406062719191462e-01,1.927109104448405386e-01,9.690451632903930301e-01,1.486144356859628486e-02,-7.040069174017075104e-01,5.760993688469372431e-01,7.908380497121403341e-01,-4.628717770749281035e-01,-2.706375323174517455e-01,9.320230528442562390e-01,3.346825679628420147e-01,-5.637229371639321807e-01,2.466602308652058595e-01,9.587322379580633935e-01,-5.649233601190442600e-02,-4.495892372560530426e-01,8.402640659493197939e-01,2.978623199956739742e-01,-8.310173184320618356e-01,2.569860640060517634e-02,-4.872570073188010609e-01,-8.544839602420039038e-01,-4.244383986386892071e-01,-8.674406683614519498e-01,-3.222588812557370397e-01,-1.611699862653149795e-01,-3.999940647992608622e-01,4.966824254183361265e-01,-1.534692854564269626e-01,7.741947501296472245e-01,-1.123684178724621181e-02,7.585401774143681886e-01,1.659697319379314917e-01,5.386083504372831676e-01,3.286933161202978959e-01,6.227338292076219917e-01,4.685053838065935672e-01,4.875975250030119557e-01,3.200289207030664884e-01
7.417493819138943900e-01,4.500090109073240918e-01,8.937615031249935837e-01,-2.649304900440603294e-01,-4.485472772792836738e-01,8.284944457992592382e-01,5.284597014269903914e-01,-6.440727538222769111e-01,9.971090799723428266e-03,1.000000000000000000e+00,-1.475723906543858393e-03,-6.787407415379819176e-01,5.167475246049989535e-01,8.263752430628257262e-01,-3.513083113512353584e-01,1.145422654419551017e-01,-3.147157921100350864e-01,7.562675813927918211e-01,-4.827084037126933708e-02,2.259719837227615880e-01,-6.442308985561905343e-01,-6.755805415675348868e-01,2.577087562005588861e-01,-2.603995359725226957e-02,-8.437320286405470826e-01,3.532911071186977114e-01,-5.794057882125429604e-01,-4.047547198603739654e-02,5.590063624675584153e-02,8.217174891552070370e-01,-4.581746737485478671e-02,7.856053761595540585e-01,2.545530689991080120e-01,6.216870861050572961e-01,2.450120791303327106e-01,-4.086311114679221784e-02,5.720249830953481052e-01,-1.489970050948133951e-01,7.920652901464023676e-01,-3.904359996076801620e-01,4.817925346415217192e-01,-4.025622350124871129e-01,3.389275897931103843e-01,-2.254205638507260634e-01,-4.597075328393830373e-01,-3.118226090422572816e-01,-6.664687757792036038e-01,-5.764603073652976306e-01,-6.289284080562470569e-01,-1.496445478908072779e-01,-5.873859955267678457e-01,6.068525317610048431e-01,9.164322858161132457e-01,8.781172847388728497e-01,-8.117097343670913456e-02,-7.606222168500477165e-01,3.592219128882533918e-01,7.962792507355418437e-01,-5.655777095816508782e-01,-4.932128538396755579e-01,8.465745816251781797e-01,3.336978056472755805e-01,-8.417751257578043322e-01,1.110700219588876408e-01,9.554715163428053604e-01,-2.052313433883326543e-01,-7.778103835821501555e-01,5.227953346828190240e-01,3.702627511521389692e-01,-9.009027414910301124e-01,-3.046440731331800378e-01,-2.585941203821143786e-01,5.183997087931456749e-01,-3.878809746428099059e-01,-1.358802979536409550e-01,2.348357157777589688e-01,4.115748808157924654e-01,-6.868775744178434728e-01,-4.083023942096962455e-02,-5.703072398458961523e-01,-3.562527692494645848e-01,-3.303432805770795122e-01,-4.046555587704373513e-01,3.225471993732002551e-01,-5.988684054985684568e-01,2.007177847896577383e-01,-6.829289766122359495e-01,-7.420754649729836838e-02,-7.067455535874885841e-01,-8.562263599327891994e-02,-2.833819231445950937e-01
-2.237972382666720550e-01,-5.713128124749144998e-01,3.594720282143031298e-01,9.232802895504356178e-01,-3.268364042897023980e-01,-4.745553111621316211e-01,8.227937528271526135e-01,5.495437473741359158e-01,-6.419548128463796743e-01,-1.475723906543858393e-03,1.000000000000000000e+00,5.521276227476692999e-02,-6.370663207716227294e-01,5.325554288829632554e-01,9.218047527592031498e-01,4.286568276123676746e-01,8.874145966827441390e-01,4.846858718961993273e-01,2.346515730242443587e-01,9.373097798722385132e-01,1.024548053133791103e-01,-3.835502165366349026e-01,5.747523592190330044e-01,7.912459968903975405e-01,-2.501898135680712398e-01,-7.425484027669866649e-02,-4.489763232808662297e-01,-1.253418204452662332e-01,-5.461941511011902950e-01,-2.139921805993439119e-01,-3.831781275123427033e-01,-5.751097618772532671e-01,-3.969292032746885024e-01,-7.495224430461780996e-01,-7.197040723929600814e-01,-9.587928649146224558e-01,-4.791922467409985842e-01,-9.290932418211741428e-01,-2.838526341721014923e-01,3.093719608259984377e-01,8.465261158166512701e-01,8.626028994362863189e-01,8.105444137614969957e-01,9.437542005248386046e-01,1.603220248209731580e-01,9.341876368005836984e-01,6.103963941001396831e-01,3.012764021962799355e-01,5.332171222775039521e-01,2.381891807156085727e-01,5.778822694695809892e-01,-5.567852488234482228e-02,1.365309945811122028e-01,-4.165776438665640957e-01,-5.275655014774225382e-01,-4.959538469469787492e-01,5.852904430468678851e-03,-4.610805269060548328e-01,-6.120371096271750577e-01,-2.604409255071395424e-01,-1.435263547676997598e-01,-5.542452316574963955e-01,-5.149233334903187131e-01,-2.504967949259120918e-01,-2.075051437639856555e-01,-5.739356926335168474e-01,-4.294469061157086265e-01,-2.393290899203076583e-01,-7.876200630615809439e-01,-3.750226663402980720e-01,1.975130040369185158e-01,-7.472675447208837474e-01,-1.853490600219508400e-01,3.975568272968942329e-01,-3.851322909639723346e-01,8.315203587926653928e-01,8.432094344445840717e-01,6.212813432186571339e-01,9.447652418982335210e-01,1.526629846392696666e-01,7.885972956825043623e-01,-1.129544979726184589e-01,6.916733904139000799e-01,-6.828092484577080734e-02,4.713983452330365309e-01,2.687289084155887742e-01,2.538005583125771403e-01,1.514555458291741430e-01,-5.372453816997172504e-01,-5.624073116982134524e-01,-4.600824101744517280e-01
-6.294355383616165867e-01,1.088553567874350481e-01,-7.440954392922339844e-01,4.071891587528329581e-01,8.852550595718432502e-01,-3.960133731517095357e-01,-4.367591004507843655e-01,8.504399553067666373e-01,5.104069770618725466e-01,-6.787407415379819176e-01,5.521276227476692999e-02,1.000000000000000000e+00,1.837546353335935481e-02,-6.071152894952531742e-01,2.990438513989635005e-01,5.773243194218703467e-01,4.447797096297964048e-01,-2.161310192159870136e-01,7.362136955662683668e-01,-1.764683658327996230e-01,-8.288930223458759738e-02,8.596572398628575806e-01,3.956236998341278177e-01,-3.556343909378358314e-01,2.608593950202321987e-01,-9.053330901017185850e-01,-1.073499652550031908e-01,-6.888986962970621297e-01,-6.655033220894809309e-01,-9.373676326320309338e-01,-6.552461129986880684e-01,-6.771396671570832915e-01,-8.290687082117841333e-01,-5.737557513418665156e-01,-6.658944291195115772e-01,1.366939854162520784e-01,-8.826865881836365446e-01,-1.579761971036707235e-01,-1.999591557151487731e-01,8.928120004257600328e-01,-2.176620733759011828e-01,4.847585041420897634e-01,-5.120395224580619464e-01,1.051822131101677604e-01,9.472361308416233916e-01,2.509020288675897215e-01,7.740332504383129475e-01,-1.272705469065939787e-01,8.482420174044464911e-01,8.049363938640232696e-01,8.287692058445532695e-01,1.471332325697641275e-01,-3.788287010927078868e-01,-7.048733225019118143e-01,6.273345674671585437e-01,2.105244513411979324e-01,-9.170621293924339223e-01,-3.122058871745952424e-01,7.371900786159318875e-01,-2.732648375065415136e-01,-9.418948730876738340e-01,2.859870842649773759e-01,5.586363288428753959e-01,-7.822092555307046391e-01,-5.670613084772389012e-01,6.723095547970647790e-01,1.986537293128120274e-01,-9.517362327963344582e-01,1.707184498235586601e-02,6.581340819826851929e-01,-4.482717742591512122e-01,-2.958823867273974173e-01,-9.486888858649914491e-01,-2.792785501664149517e-01,-5.682645198485738458e-01,-4.328219554170765204e-01,-2.853325717885261958e-02,7.386968089022182271e-01,2.794529362672240058e-01,9.714411292851409252e-01,6.287192399203264115e-01,8.915502486311867036e-01,7.335213820647218386e-01,4.540505917001127489e-01,8.897555116834725553e-01,5.541760539261737506e-01,9.573843693378484287e-01,7.471314730094351653e-01,5.781627682983248029e-01,1.474932662244980153e-01,1.937300669567811051e-01
4.423683626467785346e-01,9.420312297269382018e-01,1.132743467593077674e-01,-5.905888760274093929e-01,4.380342197151315120e-01,8.821617576256438609e-01,-3.461123771113257530e-01,-3.898134933655963974e-01,8.421308578984507687e-01,5.167475246049989535e-01,-6.370663207716227294e-01,1.837546353335935481e-02,1.000000000000000000e+00,3.294443333785187361e-02,-7.683104336196928674e-01,2.714794833821609910e-01,-5.890977195228767060e-01,2.937773691154590416e-01,3.589925978375549387e-01,-5.382983172614197453e-01,-8.077164677743688959e-01,2.188755933143095023e-01,1.841426844395482598e-01,-8.409426119185590132e-01,-5.107469369127985992e-01,-2.794061295067719608e-01,-3.835301335390149391e-01,-4.894723144234041090e-01,-8.362090231704785714e-02,2.817536531798011668e-01,-2.931038715727461441e-01,6.912140209401339552e-01,-1.038588516151283808e-01,7.179330889725284992e-01,2.322181283817265351e-01,7.159206774478710233e-01,2.425604877785883517e-01,3.548762719487995043e-01,8.670145768144816856e-01,7.095188595679016719e-02,-2.409382715800495178e-01,-6.339162303185414959e-01,-5.932078011723521671e-01,-7.971323266954662978e-01,1.416407231362403762e-01,-7.686978786489507831e-01,-5.153220987817154208e-01,-9.073412242606011535e-01,-3.663168308163176068e-01,3.031007865294838011e-01,-3.682884555255462877e-01,7.870732817634702450e-01,5.736693801790956337e-01,6.582680097523035956e-01,7.593772373988889601e-01,-2.956191869955477336e-01,-3.365446638301196058e-01,9.066650672095402097e-01,3.948995821196670253e-01,-5.501411494104632149e-01,2.560070263082743214e-01,9.482060529295033291e-01,-9.846226249337708403e-02,-3.180318920391560500e-01,7.034708072085809061e-01,6.961431517415649362e-01,-3.690136748035766079e-01,-2.559652942945870799e-02,9.364728305471498038e-01,-1.793729194699961171e-01,-7.990444444884466924e-01,1.031624771487690308e-02,-6.410986936910384459e-02,-8.926086646366474531e-01,-3.188326857305233686e-01,-6.551967338770428029e-01,-1.654615152258936406e-01,-5.704494300224386416e-01,-4.707996828611196172e-01,4.983122090539382487e-02,-4.245007584119191435e-01,4.203716184341844131e-01,-3.285308922657734221e-01,7.348171932586368138e-01,-2.607243120481169130e-01,4.550998971264095250e-01,-1.477154704590154799e-01,3.966293216497596696e-01,7.210693430366735268e-02,4.089948742348247235e-01,1.714873191766930760e-01
5.112219516510583261e-01,1.025722821029404104e-02,9.542734877428108442e-01,2.493710637878509551e-01,-6.248919295344580460e-01,4.090896043411063054e-01,8.937515426921320838e-01,-2.914449721216023637e-01,-4.061373773215558591e-01,8.263752430628257262e-01,5.325554288829632554e-01,-6.071152894952531742e-01,3.294443333785187361e-02,1.000000000000000000e+00,1.985692181967002867e-01,2.414342233779087077e-01,1.862747383945856094e-01,8.509562431791837245e-01,-4.869200749507535640e-03,6.969356745358772365e-01,-4.129867903672193030e-01,-8.209361968724163683e-01,4.507873611634229949e-01,4.540086186697596671e-01,-7.966218402848538327e-01,3.405339432469596250e-01,-6.610092960544294849e-01,-8.965819792322301390e-03,-1.677165194560349126e-01,6.182424954996903477e-01,-1.564848402684216044e-01,3.619390279911645081e-01,8.300475752351246794e-02,1.319039305031463327e-01,-1.200384494288040393e-01,-5.675403389669581022e-01,2.814621271369450173e-01,-5.932231518311588125e-01,4.618000966162201792e-01,-2.395282937887501795e-01,8.446154643953960317e-01,1.042435044777006853e-01,7.582410862624588965e-01,3.295734075500248439e-01,-3.792274740526005439e-01,2.410515026224215596e-01,-2.665383047157054430e-01,-2.496615330467309712e-01,-2.901978105846567679e-01,-8.722222004993493427e-02,-2.325890631450098778e-01,4.027894138526617596e-01,8.060225890352437084e-01,5.204991966900764933e-01,-4.268166791677972527e-01,-8.630855581518476205e-01,3.899351812415696172e-01,3.844409417924066208e-01,-8.488965331692233107e-01,-4.729359406665040177e-01,6.760910206041309545e-01,-8.918106402865515203e-02,-9.795614832466378319e-01,5.034768084856494630e-02,6.738167079054890873e-01,-5.539339136654601869e-01,-8.376763215282189146e-01,3.852979156285650242e-01,-1.541970774647789533e-01,-9.601918294842020085e-01,-6.011086082402669617e-02,-5.575542583827746146e-01,4.089448234258041825e-01,-3.726731478982624191e-02,-2.354626833719306034e-01,6.815055882905763918e-01,7.666706767350955909e-01,-2.710467657536269059e-01,4.443828567656039064e-01,-4.690835972418886390e-01,7.924299220601965787e-02,-4.238444575009788218e-01,-2.231079372228522012e-02,1.444976346508514142e-01,-3.064929118253291174e-01,2.233084781376705186e-01,-4.953724235204843840e-01,-7.004675434644494492e-02,-8.952428996785659621e-01,-3.932397330753226727e-01,-4.937069772252062339e-01
-4.716356757644916131e-01,-6.825793687534612575e-01,1.457860538363087155e-02,9.530282488057837398e-01,-1.361711086056135445e-01,-7.301558924277929963e-01,5.742438431685655820e-01,7.408142032949636135e-01,-5.894157710938268124e-01,-3.513083113512353584e-01,9.218047527592031498e-01,2.990438513989635005e-01,-7.683104336196928674e-01,1.985692181967002867e-01,1.000000000000000000e+00,3.705486487995552913e-01,9.420339117887374103e-01,1.868191344420034039e-01,2.461877009609266254e-01,7.926309135492654034e-01,3.166584114715735310e-01,-1.107330236158600018e-01,4.525197437832019220e-01,7.407575713123598637e-01,6.237456671667911123e-02,-2.052531340775518298e-01,-2.195497456767776523e-01,-1.137091578726942415e-01,-5.387783767474073615e-01,-4.983861179277072617e-01,-3.515057345477831663e-01,-8.192699130782236105e-01,-4.706416158264213889e-01,-9.231081660061800642e-01,-7.656860870657519191e-01,-8.786493538027233541e-01,-6.579561415739475505e-01,-8.170131108222130623e-01,-5.434987824485942864e-01,4.368743527648773495e-01,6.189025975267448132e-01,9.520523887884371206e-01,6.312881256828064558e-01,9.598824655986910592e-01,3.229996246837567031e-01,9.830078859460208429e-01,8.122239172826163367e-01,4.784258190623484341e-01,7.283872140143214935e-01,2.860838813550532489e-01,7.545836230550946322e-01,-2.594040154138076426e-01,-1.955649060630460234e-01,-7.034851622516604674e-01,-4.540373218435242442e-01,-1.952347534184869227e-01,-1.330326725134396981e-01,-7.106193752726969182e-01,-3.636064356040059620e-01,-7.579225913242852719e-02,-4.416643494357078148e-01,-6.296750536070820914e-01,-1.807089455966887637e-01,-2.837675573240059923e-01,-5.349332163382579663e-01,-4.564957200814900307e-01,-1.280213640962523935e-01,-4.175187859192652229e-01,-8.644668293861879071e-01,-2.622844952075956831e-02,2.852872949798913593e-01,-6.094191299671185558e-01,-3.658403352878151216e-01,5.019376449674498586e-01,-3.197643324633885342e-01,6.879895881235412736e-01,6.416353563124375103e-01,8.286529309518902986e-01,8.987352875415237641e-01,3.540125196470496061e-01,8.684068348474952570e-01,2.180430703038498119e-02,7.974384508877768729e-01,-1.679062477396917330e-01,6.605399315607718425e-01,1.896631541731517712e-01,4.878843673499183020e-01,1.782832220750352470e-01,-2.474882634187004493e-01,-4.956161073894342350e-01,-3.360552304760994757e-01
-1.487465874365652974e-01,3.443881117614620568e-01,7.042269135608308916e-02,5.770623395983589532e-01,5.251595246278543128e-01,1.246178300402350503e-01,2.672785471805960156e-01,6.185532784569295339e-01,3.874686180549808401e-01,1.145422654419551017e-01,4.286568276123676746e-01,5.773243194218703467e-01,2.714794833821609910e-01,2.414342233779087077e-01,3.705486487995552913e-01,1.000000000000000000e+00,5.557822904748163095e-01,6.262096306328962525e-01,9.220387366424178666e-01,3.372425810114925704e-01,-6.696155365209751631e-01,2.599329604250315007e-01,9.253969033181522752e-01,-1.671878262501861612e-01,-5.706215843667843401e-01,-7.847585906938951972e-01,-8.392345437845565304e-01,-9.131769441515406038e-01,-9.485154077956491347e-01,-4.340146534654398813e-01,-9.713161716155295222e-01,-2.865745590798993159e-01,-9.044549234849030839e-01,-3.796689152969549008e-01,-8.348561546198463024e-01,-2.238235605632184766e-01,-7.023621627338649809e-01,-6.695387804686945277e-01,3.972883970499078710e-01,8.248069440750044334e-01,4.979325737520916006e-01,5.229310686285787435e-01,-2.898530946901200101e-03,2.594027582944354315e-01,7.679896364811035214e-01,3.503421920165853409e-01,5.286742735564184947e-01,-5.861017924075236918e-01,6.253616114995563802e-01,9.155353393279805907e-01,6.565785960648794495e-01,7.279496550535767829e-01,4.550162291826482797e-01,-1.741011535248063180e-01,4.882470889876883713e-01,-6.435601306842315683e-01,-7.655510154252342936e-01,2.041952909978536901e-01,1.323768504776389188e-01,-8.877329585408892942e-01,-3.908904517887316077e-01,4.541671304437505108e-01,-3.067593488348074326e-01,-9.284563562477066156e-01,1.384668909232805445e-01,4.057446989055503717e-01,-6.485931388239135620e-01,-7.408782674463881834e-01,7.821176428982765105e-02,-1.885230090573451478e-01,-7.506567501390497554e-01,-8.689717621130343961e-01,-7.220676358139680451e-01,-5.569077041098022818e-01,-9.540623950931325092e-01,2.753066699796265834e-03,6.583693329304788344e-01,4.726897294965987650e-01,6.415712545774636677e-01,6.895815895414595387e-01,7.095547695946211597e-01,7.222188028450245989e-01,7.556777774566764139e-01,8.237336923672206046e-01,6.801977222798564204e-01,9.553391224802877391e-01,6.032556153977783886e-01,8.851397693307767600e-01,-1.594000111826005817e-01,-1.141108356115903139e-01,-1.997513394801394560e-01
-4.721166503758031374e-01,-5.002299843561747172e-01,-1.653946920073482221e-02,9.712983404680486377e-01,5.567513376813533477e-02,-6.199806948516436433e-01,5.252965622382066435e-01,8.246258410665476823e-01,-3.850477701454330659e-01,-3.147157921100350864e-01,8.874145966827441390e-01,4.447797096297964048e-01,-5.890977195228767060e-01,1.862747383945856094e-01,9.420339117887374103e-01,5.557822904748163095e-01,1.000000000000000000e+00,2.935914019534999753e-01,4.777397252273944406e-01,7.548078425938172797e-01,1.164895610581750396e-01,2.130706977653206227e-02,6.319744956155050053e-01,5.815393769520045275e-01,-5.959216177300206280e-02,-4.180750578241034798e-01,-3.880624405107053754e-01,-3.510692538161133691e-01,-7.233395713412508199e-01,-5.882191555024435248e-01,-5.641766617084766899e-01,-8.137914044679390724e-01,-6.622497250209966602e-01,-9.177912736289445261e-01,-8.899429091243024059e-01,-7.984379828169496651e-01,-7.800349653107389036e-01,-8.643606003073754929e-01,-3.878256517679218862e-01,6.193217738255016869e-01,6.305495131921765584e-01,9.660996234782204262e-01,5.108417896634650512e-01,8.919762569018252485e-01,5.108202305254826436e-01,9.426912755394272203e-01,8.678880907466525185e-01,2.726223624780936272e-01,8.211178705611782425e-01,5.056984770496812942e-01,8.527527700770036745e-01,-4.825785740766636023e-02,-8.843396034455058841e-02,-6.918928454494478464e-01,-2.441735677335025168e-01,-3.005375188737693382e-01,-3.456052250306972939e-01,-5.863981529788349079e-01,-2.374066278721461976e-01,-2.852493487065301814e-01,-5.282434960862804063e-01,-4.208067558399097297e-01,-1.909758805919748170e-01,-5.052287914890004616e-01,-4.622667978927546550e-01,-2.573283609099401570e-01,-2.466658395520721914e-01,-5.857535113458047782e-01,-7.181005846639565426e-01,-2.616971570267456401e-02,4.686630148259482431e-02,-7.380890287679302553e-01,-5.376564570662842879e-01,2.854951817428076355e-01,-5.280663587085118182e-01,5.630510857170109018e-01,6.985929856038092245e-01,8.661652796447621983e-01,9.369169616368011599e-01,5.228524367194902212e-01,9.490439840204879518e-01,2.378257179337058269e-01,9.048106753720204232e-01,6.954739469849358091e-02,7.809834305831887535e-01,4.139406302020295358e-01,6.208153035895608296e-01,4.072575121046158042e-01,-2.130491761722241306e-01,-4.313604163879810049e-01,-2.920683608438181533e-01
