1.000000000000000000e+00,4.082994114658432538e-01,4.545371683697781995e-01,4.430996089666510707e-01,3.505217272006443396e-01,3.885708123169066552e-01,2.804359954115074327e-01,2.982014484083884281e-02,-2.605507259948842136e-01,-1.265237716275446067e-01,-2.761126721493430414e-01,-4.151459604041199403e-02,1.696444315757534294e-01,1.477145564292154656e-01,-6.965392478789102226e-02,3.309261156676555210e-02,7.733081208977350685e-02,-9.176248285513514957e-02,-3.487722137477731847e-04,1.775241755731181703e-01,1.170680833078640258e-02,1.223776872206902610e-03,1.340930138806739891e-01,1.308154650976320887e-01,6.055455085856940867e-02,2.265784167567652316e-02,1.246628706436818113e-01,-2.178118994269979264e-02,4.277215603440591429e-02,1.324179635757264106e-01,3.892047398559239646e-02,-1.315039756955366512e-01,-2.000658480111108806e-02,-7.547121606560701357e-02,-2.056533667416994560e-01,-5.661180457768002355e-02,-7.606513511382255455e-02,-1.435826183591653593e-01,-1.395074518531917163e-01,-9.744858622131044590e-02,1.039816352570753638e-01,7.484194657653812921e-02,1.975351942601724919e-01,4.169646872441120505e-02,3.749369790396270968e-02,1.721419516895213719e-01,9.806119754634401442e-02,-4.147359654072992757e-02,-4.844000073158408887e-02,8.643425080855436649e-02,6.045077744166000439e-02,-2.057011986264425593e-02,-5.865515497466655681e-02,4.664770983132265902e-02,-7.070274003776358396e-02,3.766831269176609126e-02,-7.517266398495304341e-03,-2.590898338941216572e-02,-9.929480416351962879e-02,-1.238572090882198440e-01,1.010045580978251450e-01,-2.381963100877459438e-01,-8.193410367822179241e-02,2.721383849544951050e-01,1.084761045938640867e-01,-6.154306664879689859e-02,-1.105759136064962261e-01,-1.046765734147562105e-01,-1.099782360907322620e-01,7.443736848911741699e-02,6.935046483474280321e-02,-1.331955197984509287e-01,2.907924750881107565e-02,-1.187399230856183430e-01,-6.661143230043049812e-02,6.109410062955978465e-02,-4.773126344894457196e-02,-1.383654943787874514e-01,-4.677319816583774131e-02,4.915389791600485031e-02,-1.379870876193412810e-01,-1.035797282035516714e-01,6.872868776606644303e-02,7.466904052168686634e-02,1.621693761704235126e-01,1.157745025556114887e-01,-7.731407308752087301e-03,8.830432006079726170e-02,-8.207111508788711429e-02,-1.161247861370274803e-01,3.502324854020931466e-02,2.466679961900265436e-02,6.730599502681752777e-02,1.348838775154599309e-02,-3.419920284825229972e-02,2.461274951280734494e-02,-4.761657927889005604e-02,1.455286962511643037e-02,7.845086824523958557e-02,2.095449981814251628e-01,1.635516181916028822e-01,-1.780548281101613367e-02,-9.915125515119607019e-03,-1.488734384673021105e-01,4.003629907313054070e-02,-5.780598133944520739e-02,3.722836027426348199e-02,-9.197444133762054316e-03,1.384738206408494543e-01,7.771639646426788117e-02,-3.115226153254815541e-02,-8.623412157561201330e-02,6.051518974875917493e-03,9.429398055346092933e-02,-6.173052651906735244e-02,-9.192430513515136015e-02,1.132459164889084574e-01,6.024909855316242652e-02,1.294160596737284064e-01,8.930033073736619309e-02,-9.828514994760581547e-02,-3.334096970902118706e-02,-1.172359243020156816e-01,-1.059634410313212843e-01,-1.352341924564475495e-01,-1.012006398763419801e-01,-1.227570167699726239e-01,-1.004325093719598966e-01,-2.470735300247009058e-03,-6.236725272945348175e-02,-4.675620385638100396e-02,-1.544786825731173270e-02,9.096057460365807035e-02,-7.585926247743798867e-02,-2.473277153107076784e-03,-9.234823524380250670e-02,-3.115976717183777112e-03,-8.760483162519552836e-03,1.906619811268549930e-02
4.082994114658432538e-01,1.000000000000000000e+00,3.502533147334075947e-01,5.448748122630890922e-01,3.464530859182938793e-01,4.208448927012711782e-01,1.916638292900458562e-01,-4.208596107089113830e-02,-3.870623680434549518e-01,-4.088288947268979567e-02,-3.174775252782052193e-01,1.733743351861081194e-01,2.900683675351878321e-01,2.905722861012691172e-01,8.950181961176373324e-02,1.405040364750778925e-01,2.204441123775105760e-01,5.455449586583047822e-02,1.061557737723688027e-01,2.667509774346951690e-01,7.649882175711933407e-02,7.072213954068494457e-02,1.751596878554148862e-01,9.558054408046211259e-02,-2.174348231908696319e-02,-9.197786574015284766e-02,6.301806837040491160e-02,-1.099802829799395587e-01,-7.912715324037102038e-02,4.407107827894340968e-02,-6.431063680374722591e-02,-1.984602158865576838e-01,-1.004729166929217293e-01,-1.479464693063262393e-01,-1.994335978920349917e-01,-1.215135263752099848e-01,-1.911390583503983498e-01,-1.240624600294219920e-01,-1.791965791874778127e-02,-1.229784933096070704e-01,1.020375141357220405e-01,-3.076895595958801036e-02,1.477634515823192107e-01,-3.397873111026381010e-02,-6.112986914544025346e-02,1.985094093042448216e-01,1.923263017651609674e-01,-3.050713415890936309e-02,3.592547433873913287e-02,2.436355689054022500e-01,2.066518221321564930e-01,6.921468130673896768e-02,8.032776467358275496e-02,2.256692383285383019e-01,-2.825500414967542420e-03,1.667174962123629811e-01,1.079251641661376770e-01,-1.884865303520896762e-02,-1.891615626622975554e-01,-1.214009404916851498e-01,-3.967328311020296947e-05,-3.608258640001037465e-01,2.188857434366241889e-02,3.464600804081480190e-01,-5.058750720519988170e-02,-1.537249755220939373e-01,-2.925931482268834261e-01,-6.129705506270474030e-02,-2.068740621506981459e-01,-7.867439931775152551e-02,9.053196345617776919e-02,-1.019848554274758873e-01,1.896636773583502689e-01,-7.190911716857988079e-02,-1.882217792810862711e-01,9.130166193731274749e-02,4.994451317600138301e-02,-1.952127009860714635e-01,-1.743528891286646454e-01,1.394885280349579815e-01,-6.250450644381415344e-02,-2.032798905126961542e-01,3.769416989680589303e-02,-3.915489640386731612e-02,1.854357008160144871e-01,1.756355409739071560e-01,5.614148208289388570e-02,2.358627093327644308e-01,-2.024421862733795374e-02,-1.473072085774285167e-01,1.360616865863239211e-01,1.539682949280321289e-01,9.162877175877558178e-02,-4.286521537633541587e-03,8.359166959569419575e-02,1.146034462354386663e-01,-3.375824650179563846e-02,-1.760858870600580384e-02,1.031723941366063102e-01,2.440813270533988832e-01,2.004327399771511364e-01,-1.578174520230845590e-01,-9.008869441241348919e-02,-1.960936801843232991e-01,-1.049136878574871978e-01,-5.332697871118842470e-02,-4.435382214743788937e-02,-1.576288222843543196e-01,9.441873238801490320e-02,2.901729480688914134e-02,-4.235314158429754477e-02,1.694176948287577991e-02,-2.151738231709259333e-02,2.180640374521556069e-01,4.703172533749433448e-02,-3.088564272348933576e-02,1.204926906275388399e-01,1.999552724821060112e-01,1.682468960111751788e-01,6.559539101217419510e-02,-1.623526454915872053e-01,-1.500045811395816220e-01,-1.509527390844084271e-01,-1.581919284206904364e-01,-2.271014287649690822e-01,-1.698191140043723291e-01,-1.567496472738026392e-01,-2.425939202383991522e-01,-1.271767957963647611e-01,-8.834909752130550020e-02,-1.491127547060951131e-01,3.271642840471762625e-02,8.075758060970417151e-02,-1.983394179568338245e-01,-2.593707149475944426e-02,-1.522743304332402070e-01,-2.379246733677593470e-02,7.994025899246907929e-03,9.059130403941594023e-03
4.545371683697781995e-01,3.502533147334075947e-01,1.000000000000000000e+00,3.089156446908936093e-01,3.036511393176169471e-01,3.777029019852880531e-01,2.155657402406366552e-01,-1.316881657855419330e-01,-2.048805710744477093e-01,-2.348326847179567634e-01,-1.926957717048721486e-01,-8.332149507750948036e-02,2.071361538386965184e-01,-8.738018405903883595e-03,-1.580949512634522713e-01,4.162685937176047180e-02,-8.099848481833273051e-02,-1.244815177441926241e-01,8.813228285151990249e-02,9.836903528098442373e-02,-7.341960022470654657e-02,7.316608367308018168e-02,-3.324544144241499844e-03,7.020983939012699626e-02,5.501533289016891787e-02,8.748576589424328018e-03,4.091029786381605166e-02,2.386549305973271681e-02,-1.950706832993429410e-02,5.050091422075789205e-02,9.724873463637181970e-02,3.271427173393563065e-02,-3.674261807709496008e-02,3.879169293657385581e-02,-1.204199340930127149e-01,-1.139369015519148265e-01,2.098394203644277783e-02,-2.214285695461055414e-01,-1.513814562909713834e-01,-2.041810870354746066e-01,-6.630773087673723365e-02,-4.268308248778577424e-02,8.892415853237563284e-02,9.016067109186674811e-02,-3.558410854261197936e-02,9.587926976848670790e-02,3.545869601545342115e-02,-1.082448160936430315e-01,-4.717916016448429201e-02,6.790274139512932072e-02,-7.221991430189578232e-02,-8.005954415871784080e-02,2.598474969461238640e-02,1.478851704355125564e-02,3.938032962550003929e-02,-2.070043492294988685e-02,-8.614491085238745738e-02,-3.878815695591090996e-04,1.055219658355428802e-01,3.832553095885138372e-02,1.977365437539894133e-01,-1.272721991947525222e-01,5.056721721150545662e-02,2.381369130683108903e-01,1.260104051103684009e-01,1.010388704684426903e-01,-1.225364175960749480e-01,-1.717663255556142465e-01,6.710883773945754138e-02,9.772534489662272617e-02,-1.233547799171913345e-01,-1.227069247494793069e-01,-1.066428522023277481e-01,1.759616186863630560e-03,-3.054654301337646205e-02,-1.420139739327505313e-01,-9.917629808227505783e-02,4.676370611224216906e-02,-6.841437903356605010e-02,-1.324856740107259734e-01,-5.156541984487574698e-02,2.402573629783104001e-02,-7.439408316068434057e-02,1.461978688534532611e-01,4.746376935850020462e-02,-3.490677646225930769e-02,-1.627929760823005056e-01,-7.230829929263286361e-03,5.551990143363116914e-02,-1.021475529303440266e-01,-1.453382435421593788e-01,1.058946574647705308e-02,-1.272523580092767628e-02,1.554593893047215292e-01,-2.689778285646566430e-02,-1.639178058624923551e-01,-7.231140733576260637e-02,-9.852546337332579451e-02,-2.741276313423340882e-02,7.296487544998100927e-02,1.412443275435344148e-01,7.143268246738607163e-02,1.401608719366150280e-01,2.650351320943727940e-02,1.230072969430204138e-01,1.030440719496823337e-01,1.598056950000049936e-01,-2.627065316799572642e-02,9.968359610417325267e-02,-4.326713835684253134e-02,-1.584873477825512189e-01,-1.203789758174084179e-01,-1.263250217435044065e-01,-4.622746373460685093e-02,1.787662206132510645e-02,-1.389042006033702481e-01,-5.641491332229638805e-02,-5.710779379912758053e-02,2.104268600846549708e-02,-4.337886962305429611e-02,-3.744190098259380511e-02,8.677703822250272580e-04,1.603944945567008923e-02,5.968244462482534193e-03,-3.196955572291501624e-02,3.862331732281878288e-02,-5.272325512972388106e-02,-1.056068716759187703e-02,8.312416397667324319e-02,1.002003752251075762e-02,1.400922703206181896e-01,3.793115097856867429e-02,1.682160402849820768e-01,6.883264983182660335e-02,1.428455590589248758e-01,8.143087455929849672e-02,1.335621765084444579e-01,1.067368299463624659e-01,7.913402389462979858e-02
4.430996089666510707e-01,5.448748122630890922e-01,3.089156446908936093e-01,1.000000000000000000e+00,4.005341582806170031e-01,6.488902874942749088e-01,4.818316361309211704e-01,2.234787650433356712e-02,-5.195239228866913583e-01,-1.677552155637441478e-01,-5.866336377717621398e-01,3.254341238880070070e-02,3.480784847084066880e-01,4.282991307662528113e-01,-4.185507284378985407e-03,4.095207175436385572e-02,3.183782007867656527e-01,-7.504557529408611982e-02,1.184800952661650350e-02,3.562863876535840579e-01,4.674854383381267520e-02,4.452883549442428895e-02,2.819374249957311562e-01,2.671435388212551332e-01,1.302733276256833328e-01,-2.953849903022553579e-03,2.747936946154103666e-01,-5.073100833228645634e-02,4.208167740281025526e-02,2.713975732946293240e-01,4.828840283031541822e-03,-3.285162728717953007e-01,-6.084202836199738285e-03,-2.168579327251406175e-01,-3.504493361826803710e-01,-5.885659277803498290e-02,-2.613278750162801867e-01,-1.493320790835850620e-01,-1.526886934025060982e-01,-1.183645542591003075e-01,2.796252555651925209e-01,1.754925510800426636e-01,4.144603231901094476e-01,8.048404254323024420e-02,1.369681076168461908e-01,4.226891389956666245e-01,2.594353478360107434e-01,-1.124029473497092091e-01,-8.763819049634172589e-03,2.374592822612131837e-01,2.644523891449373498e-01,4.382617985218303230e-02,-6.705914751801009266e-02,1.249735960949860947e-01,-2.369583957935546825e-01,1.013469399107681246e-01,1.422860638510705343e-02,-1.800926446587513552e-01,-3.116040372811000880e-01,-3.374500907046518172e-01,8.191253787445375301e-02,-5.433828624821861464e-01,-9.995050523260726183e-02,5.504135626787008961e-01,5.177289790722993529e-02,-2.623430478060369553e-01,-3.360455426989596983e-01,-1.012268749914667920e-01,-4.249672138445018676e-01,4.775948904156896574e-02,3.332422304518367073e-01,-2.300198339371517520e-01,2.454042267574243208e-01,-3.395179279065925204e-01,-1.973688166996969973e-01,3.297931902907085822e-01,-4.756392565041332732e-02,-4.584330276224041212e-01,-7.212279993947885715e-02,2.933840208068769773e-01,-2.854373994819867089e-01,-3.293193669323912220e-01,2.570130842363466672e-01,2.766358322192578531e-02,3.922477958267837073e-01,3.973328915150893814e-01,1.026345107418086683e-01,3.441822391087101529e-01,-2.425071196888265723e-01,-3.059108368130427635e-01,2.693520030785500619e-01,6.465741516514131315e-02,2.928808489945465277e-01,-1.022949527840772421e-01,-1.291140916423114404e-01,2.479428594599145663e-01,-1.618699039284359209e-01,1.899482893853868537e-01,2.982937235570474743e-01,4.460595779047714649e-01,3.841923019673991746e-01,-9.411146593948553629e-02,-1.328952769069355888e-01,-4.361505048467402279e-01,-1.492099462621982245e-02,-2.139102886955130400e-01,-1.026249479444366758e-02,-4.747360628978782027e-02,3.149863141048170889e-01,2.559487920982327913e-01,9.663047170557303653e-03,-1.701946264570332323e-01,7.926742412415159478e-02,3.376669543325000467e-01,-1.583719761825047312e-01,-1.858761640929235126e-01,3.382643943516377427e-01,2.671618951719946233e-01,3.865662822363715723e-01,2.341930960329267619e-01,-3.178885679509922402e-01,-1.656437851179804188e-01,-3.012293751882794690e-01,-3.518771306221157302e-01,-3.627847462486622487e-01,-3.228686747085474096e-01,-3.477080612082733002e-01,-3.183695993802850843e-01,-2.093190491031665657e-01,-2.829228673015309337e-01,-2.815189937079171645e-01,-9.672690668467136266e-02,1.193206261224735026e-01,-1.432767965742774430e-01,-1.084753950780303206e-01,-1.889217415443840697e-01,-4.687776997429381892e-02,-9.559918897654305636e-02,-1.115712691330155298e-01
3.505217272006443396e-01,3.464530859182938793e-01,3.036511393176169471e-01,4.005341582806170031e-01,1.000000000000000000e+00,3.859394554922519482e-01,9.584675992319557913e-02,-1.968999740758627451e-02,-3.475849466266713317e-01,7.653923638086291030e-04,-1.570638549671400097e-01,1.024112132510166667e-01,5.831147828938254563e-02,1.047711984628417470e-02,3.074366973335511052e-02,-5.965170933617217064e-03,2.211743383440121710e-02,1.542114129023173900e-02,3.147795392611367482e-02,1.427630724716448807e-01,-1.065345445571022273e-02,-6.796675896820968468e-03,7.507886954445752714e-02,4.427001123174827829e-02,-6.673335612939058914e-02,-4.565430200142868433e-02,8.259842412748701068e-02,-1.180161217267144957e-01,4.034065444197580501e-03,6.730863043867742201e-02,-2.970309031656070964e-02,-7.320905834342926466e-02,3.306103640126862447e-02,-4.841787823783714334e-02,-7.270018792675209118e-02,2.469169019096595016e-02,-3.588075957985834008e-02,-9.542167260079205404e-03,-7.003390749595062026e-02,-5.846931381911570080e-02,1.591031561685561369e-01,1.470629575070293849e-02,1.673593377572111796e-01,-4.737076529565854149e-02,-6.596768970352942518e-02,6.038266089939974685e-02,5.662463907577934552e-02,-1.696243207447865886e-01,-6.924930863359213262e-02,6.324653967019711054e-02,8.659826381524883543e-03,1.034797117963355134e-01,-1.704347468374334609e-02,1.551951549296520794e-01,-1.028961005687238466e-02,5.678707748590748616e-02,1.379495414198875780e-01,-5.532522440813780751e-02,-1.496650954725984306e-01,-1.078152053318925767e-02,7.826680351711169659e-02,-3.487290912222542061e-01,2.664253749971639412e-02,3.363955689618391420e-01,-7.843563772357395325e-02,-1.486785091935308445e-01,-2.403252772995579378e-01,6.381789489873872234e-02,-3.946869905819699875e-02,-7.065050106462361645e-02,4.969606622374373589e-02,6.386600112122245432e-02,7.207660426142473153e-02,1.604966193039270364e-02,8.294303383269812854e-03,7.300922345965016325e-02,7.284863724775809957e-02,-4.425364538869845654e-03,-3.273771281054472376e-02,3.710922867822998711e-02,1.107711187650757718e-02,-1.086816603945180842e-02,1.189104543257908479e-02,4.537236012220608578e-04,6.712330903714008867e-02,1.647970734156953970e-02,7.204074945364460913e-02,7.586580489670495531e-02,-3.105604079282397664e-02,4.591462529372651764e-03,4.816274232441673797e-02,4.962999642087622711e-03,-1.192486737956781756e-01,-3.345634567680633165e-02,1.184079941268091907e-01,-7.289540605816456631e-03,1.210813907324054389e-01,-3.838948110929868429e-02,-2.013888784487059130e-02,1.987118340063050714e-01,9.330487644964066685e-02,-1.284853825911085601e-01,-9.688552634216948678e-02,-1.098646884713124355e-01,-5.390651452546781075e-02,-5.238346578409586868e-02,-6.919740791327649854e-02,-3.222885436780517643e-02,-6.667391853844649441e-03,3.081307639697137765e-02,3.008117890723288612e-02,5.090883102352548872e-02,1.880495547884174570e-02,8.797932253265698666e-02,2.464174132536643344e-02,5.642626198912611968e-02,7.044941035468502144e-02,1.206216994639478512e-01,4.059551726638738200e-02,8.821383849430933233e-02,-2.877630833868717597e-02,-9.643958906460328717e-02,-3.639668140954611941e-02,-1.095502455393446845e-01,-5.361521487640003025e-02,-8.219346634604808577e-02,-4.020158801782465485e-02,-1.425431432983792490e-01,7.352788502255226677e-02,-6.818660462988783422e-02,-1.136543191493171873e-01,1.228232697294111830e-01,9.809812274826339162e-02,-1.202627510495142271e-01,2.471818483090706953e-02,-1.421365256631598462e-01,-9.479061242712623001e-03,-2.634538199973306474e-02,-8.290422089996250798e-02
3.885708123169066552e-01,4.208448927012711782e-01,3.777029019852880531e-01,6.488902874942749088e-01,3.859394554922519482e-01,1.000000000000000000e+00,4.803287769078102842e-01,-2.632781368460982985e-01,-5.146649565014118632e-01,-3.716759760377538746e-01,-6.332413170568783611e-01,-3.449348951193546148e-02,4.751086631187306786e-01,3.505068514772992638e-01,-1.663015771959192035e-01,1.242830066670681383e-01,2.208747107570697144e-01,-2.233861841939553949e-01,6.866595975109639205e-02,3.700100846972072532e-01,4.421808530300157247e-03,1.365344422447958284e-01,2.635402216031529909e-01,3.433796768844246672e-01,2.437424896857757206e-01,2.427933187132221352e-02,2.704373147867471516e-01,6.620249727765928349e-02,-7.525080355957967926e-03,2.899135058845656032e-01,1.174065571203991576e-01,-2.907117741407076461e-01,-8.607416642074947055e-02,-1.233533277913225756e-01,-4.289171412432737918e-01,-1.919111569779492488e-01,-2.379244073520480340e-01,-3.686966597693183689e-01,-2.260911733961253611e-01,-3.565033079698156082e-01,3.527541082475388334e-02,6.583480570237583429e-02,4.401702799525638587e-01,2.584622607244048687e-01,8.580186694046490481e-02,4.607451016509074293e-01,3.577645031581395685e-01,-1.093339699215910149e-01,8.919755794610888244e-02,2.968102770012364666e-01,1.288201135390158736e-01,-1.374469777634440282e-01,-5.017624139885500795e-02,1.177848575209973769e-01,-1.939466117060736905e-01,6.787075683845118779e-02,-1.830483946475405244e-01,-1.991492530293001162e-01,-8.324607928008365132e-02,-3.244293654103889146e-01,2.262053089410080153e-01,-4.747893091227675111e-01,8.091900319784471607e-02,6.104083185599380457e-01,1.288945690921927401e-01,-1.730260251119117992e-02,-3.764601510458367439e-01,-3.065327737617269954e-01,-3.409186903093830434e-01,1.659510140244218612e-01,1.692945178111835147e-01,-3.841760250605623650e-01,1.119001713640143808e-01,-3.384658306169106567e-01,-2.628883984701693155e-01,1.258974917049920372e-01,-1.604921606787765298e-01,-3.643940444804583123e-01,-1.793657719988881460e-01,4.498832951470515401e-02,-2.995080004829800968e-01,-2.434055128875775020e-01,8.904211506744699745e-02,1.982701603658390266e-01,3.863120453558560041e-01,3.332640462884379207e-01,-9.780196150666597976e-02,3.114294397791733671e-01,-1.531085844962293829e-01,-4.094824225060650913e-01,9.850805584644165003e-02,1.008371850414563203e-01,3.589582082253079398e-01,8.805274029912842082e-02,-1.958880576278942687e-01,5.935335273082783386e-02,-3.269373534191133412e-01,9.305731687806419183e-02,2.812685203600234218e-01,3.856787441792778326e-01,4.790983667095744525e-01,4.639129286851639833e-02,1.075694989428492843e-01,-3.273501423442034541e-01,1.397167132239797160e-01,-5.776891786581645621e-02,2.111883378213736118e-01,-8.981915663373865599e-02,4.368287522005681045e-01,1.811391721430628821e-01,-1.938855047987790847e-01,-3.400114307482254294e-01,-9.171858846364824847e-02,2.451984154937970617e-01,-1.310018141155124272e-01,-3.778991294403810097e-01,2.037632203491038241e-01,1.505062010336833678e-01,4.029596176825488429e-01,1.123658309629144425e-01,-3.784693044257716465e-01,-1.497593489110626008e-01,-2.346006160598080592e-01,-3.176340426967332320e-01,-3.249060582766120642e-01,-2.083544679866258242e-01,-3.526677423180851756e-01,-2.626104683552260011e-01,-1.074394976770885191e-01,-2.972810711441637443e-01,-1.058590492339989420e-01,-9.126029476732025469e-02,2.414573816901449677e-01,-3.005173995738172690e-02,6.911486034632230435e-02,-6.293861790664297129e-02,1.095181300404125813e-01,3.630204777223984547e-02,1.108493925255240632e-02
2.804359954115074327e-01,1.916638292900458562e-01,2.155657402406366552e-01,4.818316361309211704e-01,9.584675992319557913e-02,4.803287769078102842e-01,1.000000000000000000e+00,6.536963592815243917e-02,-2.004357962235553958e-01,-4.096905611715958018e-01,-5.852739712743015854e-01,-3.560077696993428353e-01,2.591660446017647890e-01,1.838894021705574366e-01,-3.179322883646970022e-01,-1.589262025898076636e-01,5.998268778873164925e-02,-3.869405924471207570e-01,-2.017259065316331645e-01,8.435326612393702350e-02,-1.997350734433411823e-01,-6.417522371695431882e-02,4.687227835277922583e-02,2.898634807072006381e-01,3.433943372315214626e-01,2.608687314296330162e-01,4.161849385482458974e-01,2.269695184683381550e-01,2.981198212396237168e-01,4.066423884161012858e-01,2.526760252064614298e-01,-8.994749793461306875e-02,1.952078589791458318e-01,6.533787212561890934e-02,-2.190939286033022626e-01,4.764098560886534384e-02,-2.143748202609547376e-02,-2.869688686714009784e-01,-4.168412696076544410e-01,-2.000168630303116590e-01,6.162419686575508482e-02,4.047745882526843642e-01,5.238511432470637219e-01,3.630180520973291247e-01,4.124378818717355788e-01,5.467857144253449597e-01,1.892690435661912030e-01,-2.558758943862963209e-01,-1.478965652286868410e-02,-8.040624267389016866e-03,-3.513846163169049436e-02,-3.071525678636075063e-01,-2.773414066186821181e-01,-2.481349877828593620e-01,-4.283993845070380724e-01,-2.040145127345173726e-01,-2.916357673963043129e-01,-3.009117762429496246e-01,-9.703002661080316338e-02,-2.563986523639997239e-01,3.664563706338367921e-01,-3.411548011043257778e-01,-3.000887035830695493e-01,4.902765315844910821e-01,4.131686117799729940e-01,-4.390335419601774924e-02,-1.189378799090425737e-02,-2.767683345419266194e-01,-2.883275658489338200e-01,3.769176537097532753e-01,3.112605609393686579e-01,-3.777699989424956883e-01,-7.546287953875506493e-02,-4.882789099341137695e-01,-2.357684512871481911e-02,2.162555009889405022e-01,-3.117960013894603422e-01,-3.747906258584562944e-01,1.338579638630214563e-01,8.008741473259589627e-02,-4.408387094892250446e-01,-1.032005787774141758e-01,3.067163223797803595e-01,2.758121930232442787e-01,2.969637319823633104e-01,3.805488136767112839e-01,-5.455774502857119179e-02,1.235895984985933838e-01,-3.739647118976401896e-01,-3.528888240271388921e-01,8.076242012027216866e-02,-1.381809992677374699e-01,3.781524427574762814e-01,-1.110075043729828216e-02,-4.376475849063773405e-01,9.007124172267760853e-02,-3.070519078965714410e-01,2.707938791514673538e-01,2.354284486363620865e-01,4.695424012304279526e-01,3.715877166221259187e-01,2.870280227519856342e-01,4.962854172747119957e-02,-3.601252732316235772e-01,3.372543789726164531e-01,-2.293800644403930222e-01,2.413678004115960285e-01,2.424109874236625717e-01,5.363727780098102027e-01,3.987768993892958358e-01,-5.173459213918186334e-02,-4.892816462924342025e-01,9.010200030929156612e-02,8.372663211746995959e-02,-4.013187427406192942e-01,-4.184930240496232412e-01,2.990173624105680328e-01,-2.784151276593686483e-02,3.595023457788206755e-01,2.650724992644380440e-01,-2.353811164797967592e-01,8.246122951137307977e-02,-1.961408949182902317e-01,-3.715101715521852421e-01,-2.221106579074124676e-01,-2.199345843471918749e-01,-4.037927638282288734e-01,-3.062640660573509241e-02,-6.142334928147522022e-02,-2.203947310941803683e-01,-9.261709039182162984e-02,-3.362562868413475625e-01,1.591745938995042520e-01,1.677102178318822800e-01,-1.134426117916986776e-02,-5.657027703064109597e-02,5.772787222065955959e-02,-6.976471956371727012e-02,3.182409666359338127e-03
2.982014484083884281e-02,-4.208596107089113830e-02,-1.316881657855419330e-01,2.234787650433356712e-02,-1.968999740758627451e-02,-2.632781368460982985e-01,6.536963592815243917e-02,1.000000000000000000e+00,2.199314283500412304e-01,5.521732685416375075e-01,1.910465923366663488e-01,-7.049050370367349050e-02,-4.630315009111934943e-01,-6.674234123193586998e-02,2.758751968051821879e-01,-2.943126232810399645e-01,4.391881928612585695e-02,2.038077746133455659e-01,-2.783449147940392776e-01,-1.501142432125436577e-01,-8.112083226022913374e-02,-3.211304513611340505e-01,-6.908885136763370793e-02,-2.818943927433757435e-01,-2.622039080760745211e-01,3.433259041126345695e-02,2.172793834926628129e-02,-2.438911061771422140e-01,1.947943958002159026e-01,-3.627350490528079285e-02,-2.420866222726918704e-01,4.235654325611137166e-02,3.689968996992106787e-01,-5.716146663468429229e-02,2.839567385296490332e-01,5.271382317958228647e-01,1.551377421837023818e-01,5.136709499243425903e-01,1.190732728181119054e-01,5.761869148198218715e-01,4.675277437268524072e-01,3.837160515565840035e-01,6.915853605924637826e-02,-2.555960992162808476e-01,2.011132773228005710e-01,-8.686225585857509923e-02,-3.129523382201013226e-01,-1.938759860445337657e-01,-3.361830980568834559e-01,-2.111926048187652005e-01,3.131677855955659201e-02,1.002245194633863551e-01,-1.528217945802402555e-01,-6.016202850524939721e-02,-1.060049360949458924e-01,-1.634341595625719151e-02,4.153744708138588648e-01,3.837367306300973335e-02,-4.854609204615455975e-01,1.799089044905218026e-03,-2.392165923579194775e-01,-1.885799293967969359e-01,-4.630919715952431792e-01,-1.333552767566271724e-01,-1.020383640788789376e-01,-5.058582940870172129e-01,1.909198654596911404e-01,5.241551980950425182e-01,-8.061841121602698543e-03,-2.204774760812245327e-01,3.089265897105091252e-01,4.522226154954542277e-01,1.633367588667311576e-01,9.175528822019732300e-02,2.971010456895412655e-01,3.615415525807824659e-01,2.118518502033182871e-01,1.472219400535275044e-02,3.429726743881195139e-01,3.933994205192734572e-01,1.225998977540000978e-01,6.124206224980641156e-02,3.214337167921288985e-01,-3.211983904834831427e-01,-1.736415316914033391e-01,9.267626210990184688e-02,4.409790613343014809e-01,-8.458887848244396601e-02,-2.378147303701458048e-01,3.357976017517665390e-01,3.162361983699575885e-01,-1.791587950354502357e-01,-2.263342161515000950e-01,-4.359769627461383412e-01,1.037624850814753419e-01,3.193945856107222037e-01,4.099161491205719487e-01,2.048414700114966625e-01,-2.422638799507580501e-02,1.170370449829514076e-01,-2.918812523273143777e-01,-1.896833925364307116e-01,-5.069140579388276002e-01,-2.130301954626977745e-01,-2.125410482722956129e-01,-4.199974242073998276e-01,-4.824909889374944805e-01,2.551782059990757578e-01,-2.032900541073637268e-01,2.680293805966851295e-01,4.917569224709718578e-01,2.772369761623034723e-01,4.635337242078647058e-01,1.498942674255558383e-01,-1.970317900873109762e-01,3.900079742367352775e-01,3.230512815708399543e-01,1.916069972006692046e-01,-5.635189108553383813e-02,4.036566348166499840e-01,1.905350462242772214e-01,6.736375450250195462e-02,-1.535258973134729921e-01,-9.686517901386505758e-02,1.437551517638317039e-02,-3.029301639042162875e-01,7.063838859823787231e-02,1.219615477807343626e-02,-1.648587381990986034e-01,-2.191896709899024756e-02,-2.680211564332816154e-01,-2.800825334252570187e-01,-3.532318876481794212e-01,-1.982483421607192653e-01,-4.814019504116079928e-01,-3.511367369558722196e-01,-4.523391150185552267e-01,-3.856838449959690274e-01,-2.006505444620976519e-01
-2.605507259948842136e-01,-3.870623680434549518e-01,-2.048805710744477093e-01,-5.195239228866913583e-01,-3.475849466266713317e-01,-5.146649565014118632e-01,-2.004357962235553958e-01,2.199314283500412304e-01,1.000000000000000000e+00,1.105839321570700612e-01,4.684907377739007117e-01,-2.320215295708239756e-01,-4.445732646700163437e-01,-4.418612576294158600e-01,-8.332415228760964299e-02,-1.973002714331645313e-01,-3.445311350878365042e-01,-4.691524352312335250e-02,-1.706078540129356835e-01,-4.389766109323627874e-01,-2.106806765676537130e-01,-1.639800347895729038e-01,-3.827502800850975939e-01,-3.256556329698561125e-01,-8.263739659406205140e-02,1.863876780373853459e-01,-1.554045732598937080e-01,8.395573072296583228e-02,1.932922215542462463e-01,-1.694819280446901721e-01,1.914460350116308635e-02,3.504553615244657694e-01,2.200680795377106536e-01,2.675855462987671296e-01,4.325482871159298526e-01,2.660794338556486394e-01,3.450994341137091914e-01,1.855238258967806808e-01,3.785093856278639451e-02,2.355772633369307700e-01,-1.564489283263543751e-01,1.676911198315348128e-01,-2.100559892643092119e-01,1.421690153603550819e-02,1.166669865489011332e-01,-2.757946585224805292e-01,-4.068885664019746273e-01,-1.515687769842640753e-01,-1.321727595474391503e-01,-3.707056289495103685e-01,-3.847187456095028657e-01,-2.252456447043026388e-01,-9.721894361954057373e-02,-2.867060904468372029e-01,8.489261710472610634e-02,-2.229588554942590339e-01,-1.425929901175642875e-02,1.486888588044217030e-01,2.001131737433883839e-01,3.484265348310160437e-01,5.963848518640618018e-02,3.729044653352679983e-01,-2.396350258721153537e-01,-3.962839657458601672e-01,1.446596597647586968e-01,1.158499328637487835e-01,4.837516072659595601e-01,1.223847984056050942e-01,4.047559920908304076e-01,7.171509050093152760e-02,-2.091706007447096949e-01,2.297882721503966830e-01,-3.025984896316876727e-01,2.224830336218740767e-01,3.168325401533496621e-01,-2.057758384978354005e-01,-5.935201391282057121e-02,3.712528106591777011e-01,2.630374603801390321e-01,-2.000346323139853832e-01,1.457448041499761482e-01,3.507012197971031142e-01,-5.314816434262119305e-02,3.246420745275562588e-04,-3.510658985889358874e-01,-2.759530142183137524e-01,-6.011289949104314800e-02,-3.657316973308930019e-01,3.476420592652124109e-02,2.509120742597609754e-01,-2.681185741311166715e-01,-2.127110556064837343e-01,-3.426032396341809338e-01,5.938160267767031431e-02,2.710991383459538523e-02,-2.734723154566015557e-01,2.266741727816211915e-01,-1.381242119953131342e-01,-3.257852751886591847e-01,-2.670307990706716206e-01,-3.188576331185025148e-01,2.418065497438134370e-01,8.441865320228125746e-02,3.049833921673507642e-01,1.667924070399167402e-01,7.464768294857693220e-02,3.136185674873986917e-02,2.221782335199579961e-01,-1.752050362719588805e-01,-3.387117650581810552e-02,8.984062391453946639e-02,2.010758008637346037e-02,5.845021735155115500e-02,-3.645850184272714234e-01,-5.645192805273703540e-02,1.151077512788198226e-01,-1.989631147832692237e-01,-2.971748139389550070e-01,-3.227624240088288188e-01,-1.730893935343460338e-02,3.277826850457355445e-01,2.584412707509500251e-01,3.171909587603522485e-01,2.322248213748144829e-01,3.941308894126088203e-01,2.462443018576917220e-01,2.677813380714538227e-01,4.382675160849969220e-01,2.180074952762734164e-01,2.083150934390543274e-01,3.293014835618006675e-01,-7.123763014957455730e-02,-1.466720248728508036e-01,1.360862451145856966e-01,-7.136886250682825117e-02,9.073446372408772859e-04,-1.311394064295989814e-01,-3.469198549697803668e-02,1.111040621860572009e-01
-1.265237716275446067e-01,-4.088288947268979567e-02,-2.348326847179567634e-01,-1.677552155637441478e-01,7.653923638086291030e-04,-3.716759760377538746e-01,-4.096905611715958018e-01,5.521732685416375075e-01,1.105839321570700612e-01,1.000000000000000000e+00,4.483002350411345316e-01,4.107318646247474780e-01,-3.834139077306859544e-01,6.148385291546840103e-02,6.005852810189004076e-01,6.810374316756512281e-02,2.285574359956838164e-01,5.706750323841098815e-01,7.528238533434788993e-02,4.924616763764026045e-02,2.047245420253152037e-01,-1.248675959332088137e-01,1.039308187978500025e-01,-3.564809522432454969e-01,-5.171156886774922468e-01,-3.183983043143874814e-01,-3.236124809087729259e-01,-4.910437679774122821e-01,-2.309659322156868422e-01,-3.793184394708561946e-01,-5.343473253453330241e-01,-1.127970413623216872e-01,2.193432752001674840e-02,-3.095432350920741538e-01,2.287373680767593176e-01,2.610289827462609624e-01,-3.926660436168336044e-02,5.582645572205822138e-01,5.037133086092582257e-01,4.870572667679137213e-01,3.930638443857791819e-01,-2.262676904143633150e-02,-1.883954542917974095e-01,-5.038294232544274776e-01,-2.043597693424273054e-01,-3.187277682711761595e-01,-1.952939204357572733e-01,5.486058708851840326e-02,-1.685702813506184949e-01,3.377625873268742807e-02,1.831819861128132776e-01,3.992119181619501189e-01,2.023713939451891042e-01,3.110650170487297972e-01,2.949913570150547448e-01,3.571298925258157286e-01,6.305125585000359578e-01,2.924600324113576510e-01,-4.434534547265189253e-01,1.694205848498014921e-02,-5.792288041247761754e-01,-1.359376737233018995e-01,-2.336901641244222214e-02,-2.859890389732737126e-01,-5.303081522313486396e-01,-5.039593294452945349e-01,-1.100392897267655212e-01,5.965194925946676330e-01,1.292182828640631859e-02,-6.037589726957822700e-01,7.321276912131265135e-02,5.733073437191730237e-01,4.156662945483375338e-01,4.157608100761653325e-01,2.766369918519263546e-02,2.070105274794521166e-01,5.525209441740637217e-01,1.382026281446925020e-01,-3.408573475360836269e-02,3.936895760300155311e-01,4.650164175986520321e-01,-1.061255010496943013e-01,-2.104205265988762230e-02,-5.782049696555329188e-01,-2.100426636284510595e-01,-7.957353914983229803e-02,4.203329253805137000e-01,7.921709557483330721e-02,1.321223016701086050e-01,3.903259381725775468e-01,3.169907548548933085e-01,1.498334479556776289e-01,-3.397572442079072608e-01,-3.399341625799812694e-01,4.858085076836198835e-01,3.069820922195520829e-01,4.798885354171314455e-01,-5.856859331329620361e-02,-2.205187688209849992e-02,-1.513386650231594854e-01,-3.633278899436595544e-01,-5.438436721451005429e-01,-5.059055984819208485e-01,-5.253603703832073618e-02,-5.892044437437343740e-01,-1.759258695610483036e-01,-6.104824764157058548e-01,-1.660044980728684061e-01,-5.109385124480352314e-01,-1.178882426698828340e-01,3.316986522893289324e-01,5.847347402675187045e-01,2.393127440976504927e-01,2.853736913591932711e-01,2.267145246084474597e-01,5.845876655509222308e-01,1.113465447101663897e-01,4.027751966523799299e-01,-1.799792886992626073e-01,1.248352424780493769e-01,1.346283138331111628e-01,-2.260810900629665332e-01,-1.275167237706126278e-01,1.051707359015191245e-01,-1.780198265343284000e-02,-1.769720366348613294e-01,2.726222221289696934e-01,-2.018571748438491853e-01,-2.078550297591252594e-01,-3.695523162097904147e-03,-3.017682650101628505e-01,4.071422311745279826e-02,-4.232653447590432605e-01,-4.047615144442956447e-01,-4.343996829011008698e-01,-3.467542625302014181e-01,-4.194317746807051384e-01,-2.600461616213849969e-01,-2.156026017366743930e-01
-2.761126721493430414e-01,-3.174775252782052193e-01,-1.926957717048721486e-01,-5.866336377717621398e-01,-1.570638549671400097e-01,-6.332413170568783611e-01,-5.852739712743015854e-01,1.910465923366663488e-01,4.684907377739007117e-01,4.483002350411345316e-01,1.000000000000000000e+00,6.145827513444974272e-02,-5.242487468002182682e-01,-4.963046192329339523e-01,2.172766312891826757e-01,-8.476615559010436396e-02,-3.384452868836497763e-01,2.968696171639184644e-01,-1.331408648916910728e-02,-4.009713304969283465e-01,-1.006171569560509321e-01,-1.764099336176379595e-01,-3.366348663574785238e-01,-4.566312424275861259e-01,-3.738694114722729278e-01,-1.190493726890729936e-01,-3.824937871207408357e-01,-1.615272023435444237e-01,-6.555672430656676875e-02,-4.042331935043426139e-01,-1.561353888493589859e-01,3.697654101311165786e-01,1.386757671736896513e-01,1.638231664603092830e-01,5.212995149526505889e-01,2.638476488960068145e-01,3.473804533269664319e-01,3.157050518722968047e-01,2.806093841572515069e-01,3.514451601104484069e-01,-6.905566649963748582e-02,-1.368084750557766738e-01,-4.880519666872909501e-01,-3.446839535181161485e-01,-2.063654737630555291e-01,-5.818524033336410772e-01,-4.980263158511207267e-01,-3.224451489629075879e-02,-1.927596344075335755e-01,-2.480996678927231691e-01,-1.781963356617164151e-01,1.490025435267606224e-01,1.241635758479140428e-01,1.123708707385476582e-02,3.706910588268089168e-01,-1.285052100860574302e-02,3.218112074186436633e-01,3.020868157042496671e-01,1.046682074059736428e-01,4.720222233870984829e-01,-2.342375801607697594e-01,4.041571638758867935e-01,5.236342916767325849e-03,-5.995174261356812639e-01,-2.369947023551943477e-01,1.806751364426098863e-02,2.982238469803398240e-01,4.046506451916561664e-01,5.253683771442957395e-01,-2.986528223316896602e-01,-3.243761339842500813e-01,5.532834046227358415e-01,-1.348448604424748176e-01,5.829627211444945445e-01,3.221616428937429388e-01,-2.699121375255332800e-01,2.722351182073723397e-01,6.109907952075054327e-01,1.324773229069059199e-01,-1.585989580344442096e-01,5.196491902761113391e-01,4.082256104557953624e-01,-2.428033736585841207e-01,-2.587484815661071358e-01,-6.170855103645948025e-01,-4.685189202378983730e-01,1.117325282685647653e-01,-3.904549237100989334e-01,2.886516416082091641e-01,5.527057264503785206e-01,-1.697681843359944154e-01,-6.253758391668363947e-02,-5.708204222225988778e-01,-5.778797528341051565e-02,3.796195045464683671e-01,-1.686758081413716748e-01,4.819773001010716484e-01,-2.419941314128396526e-01,-4.107496692968418683e-01,-4.746027892001410398e-01,-5.728778008672312794e-01,-1.490276020796793555e-01,-1.386759356675147936e-01,4.352545394686219149e-01,-2.284460682852325342e-01,1.121514614698095741e-01,-3.063996695936773706e-01,2.168187498966193255e-02,-5.730285519430483587e-01,-3.019183832119559097e-01,1.953919262490088904e-01,4.496480747672789158e-01,8.180740679735673537e-02,-2.843740777631160177e-01,2.265225052734541056e-01,4.972714159185316340e-01,-2.867220807247418124e-01,-1.452981281778250033e-01,-5.388458955634271019e-01,-1.136450916883647577e-01,4.775578780775231458e-01,1.301086628264559730e-01,2.906239417270606862e-01,4.233030767572764641e-01,4.003008788954324770e-01,2.482315984528613295e-01,5.086147999763250827e-01,2.744912272084942817e-01,1.610649355925495019e-01,3.428378488520587575e-01,2.147855681248982684e-01,1.163670064687653272e-01,-2.868291957376077894e-01,3.896126065227421137e-02,-6.736729457534711141e-02,5.856873505322682943e-02,-1.247468229265183970e-01,-4.463024735452774533e-03,7.543517962612637795e-02
