1.000000000000000000e+00,4.533122943882564315e-01,2.333440287386287226e-01,3.668434767427695281e-02,4.667796629524001428e-02,1.085278310591756140e-01,-5.825182132082560443e-02,-1.648195955513816480e-01,-2.431403860684081542e-01,-6.999257516455846539e-02,-1.381808839710002047e-02,8.362165914499429531e-02,1.303410093946938964e-01,1.670119751736884317e-01,6.177597008007618129e-02,2.701161921392085385e-02,-9.989712430072491059e-03,-1.253980473090584025e-01,-1.304703369100004284e-01,-4.310603769112304751e-02,1.497710106351390208e-02,-1.846669820200554368e-01,-1.588714160826659172e-01,4.774712157644914884e-02,9.754598168626696375e-02,7.432644030866999985e-02,6.309570937644767841e-02,1.598775247399795429e-01,-1.372925883432923322e-01,3.138665150306546581e-02,1.085375372531516558e-01,1.015107497200667119e-01
4.533122943882564315e-01,1.000000000000000000e+00,4.880620042231978983e-01,9.760157683841895471e-02,-6.545929775581983689e-02,-1.143139044536841814e-01,-2.805608711059375260e-01,-2.788465539310885366e-01,-2.175525433338787729e-01,-1.859320769232248594e-01,7.223111546808268224e-02,1.725300521571161150e-01,-1.041086427996758823e-01,1.189199964263822351e-01,8.194362711315855696e-02,-2.342938958864761168e-01,-2.295191312831649511e-01,-1.304097015402778670e-01,-1.473388787074512464e-02,-4.138299544055015072e-02,-9.239432838003133752e-02,-1.855562211718763399e-01,-9.339801864091575034e-02,1.323167086262765357e-01,-6.195255962316177645e-02,2.435576557422058919e-02,4.721924162579658329e-02,-7.346266230999121474e-03,-2.029013237400446035e-01,-1.491837110220201740e-02,2.366868408053107373e-02,1.278933065870291874e-01
2.333440287386287226e-01,4.880620042231978983e-01,1.000000000000000000e+00,5.287386069884592033e-01,-5.599754222521619029e-02,-1.138174285184041928e-01,-1.337993938146048722e-01,-2.249931335301093641e-02,6.783251875289025845e-02,-4.181266973863179137e-02,-2.918910360485583999e-02,-1.814947428974038046e-01,-2.982915343177086065e-01,-1.981007759829715165e-01,-2.357757210077702226e-01,-2.717452430034709154e-01,-6.709194746515770302e-02,7.971108208045833698e-02,1.576616163970306350e-01,1.861727365659624212e-01,3.284953285359169806e-02,-9.945325307270987125e-02,2.021878090451963844e-02,2.162551631857278361e-02,-1.097394150965504134e-01,-1.437318047219116046e-01,-1.823663392498715285e-01,-1.544050815067337656e-01,-1.387140153346546889e-01,-8.775473724241961149e-02,-1.078581633827763453e-01,-6.077508658061562402e-02
3.668434767427695281e-02,9.760157683841895471e-02,5.287386069884592033e-01,1.000000000000000000e+00,4.552409072987680938e-01,-3.984247707629197388e-02,5.903587080744439330e-02,-4.905781275091837881e-03,5.373804799291227730e-02,-1.068901192121614746e-01,-2.176401560889829334e-01,-2.372454234604542134e-01,-2.646408268780623407e-01,-2.821872480841918773e-01,-1.615367776706191083e-01,-1.911508049775201001e-01,-6.056263684981866291e-02,1.061017953803596314e-01,7.520436701471955310e-02,1.452458715264434153e-01,8.169038726506275272e-02,5.159732053403554702e-02,1.210082591416730691e-01,-6.250028719426853341e-02,-1.857725478706365452e-01,-2.323043455197065232e-01,-1.857809371859674707e-01,-2.168989859567740097e-01,-1.672137013395771088e-01,-1.761967283799385428e-02,-8.096316966435583573e-02,-1.449244979835897784e-01
4.667796629524001428e-02,-6.545929775581983689e-02,-5.599754222521619029e-02,4.552409072987680938e-01,1.000000000000000000e+00,4.647124899371374851e-01,3.085948036669514671e-01,-1.054423988335630585e-01,-1.076366324594320578e-01,-1.222123776974244486e-01,-2.521560011739468754e-01,-9.161820280576024600e-02,-1.126181855367709428e-01,-1.564435757468064236e-01,4.947393625200679872e-03,-4.922580888873714228e-02,-8.623914215688560647e-02,3.785093394093658886e-02,-7.779637022398082358e-02,-7.560911705123407600e-02,2.045429839577699027e-02,2.879465536704680501e-02,-2.880277803487150609e-02,-1.163257185036446206e-01,-1.024132048416262486e-01,-1.195196247374098603e-01,-8.533349132643225365e-02,-1.469820652734532829e-01,1.797848291850791692e-03,2.112346572309513337e-02,-5.723861509146093568e-02,-7.429655322730792377e-02
1.085278310591756140e-01,-1.143139044536841814e-01,-1.138174285184041928e-01,-3.984247707629197388e-02,4.647124899371374851e-01,1.000000000000000000e+00,5.668661551129200449e-01,-5.896618839910906622e-03,-2.393650718630774624e-02,8.022590502157554704e-02,-1.282714712484882280e-01,-7.848124263350143848e-02,-2.311008060086418292e-03,-1.273400595783762412e-01,-2.185833307883732202e-01,-5.881005566263047130e-02,-4.527688235311735226e-02,-1.041952652099658178e-01,-1.646223649682679591e-01,-1.579022568513597236e-01,-7.382990968168284818e-02,-7.896795705150691513e-02,-9.424948145943116973e-02,5.701983864856615021e-03,1.359566736762944372e-01,1.044611880133189397e-01,-1.473694467442643145e-02,-2.846383556048470362e-02,1.037217337563125091e-01,-9.782804435985795188e-02,-8.744005255030709578e-02,-2.651452262684159469e-02
-5.825182132082560443e-02,-2.805608711059375260e-01,-1.337993938146048722e-01,5.903587080744439330e-02,3.085948036669514671e-01,5.668661551129200449e-01,1.000000000000000000e+00,4.024760569616301908e-01,1.041890991500732666e-01,6.825715046170235945e-02,-2.228323584499403986e-01,-2.095270198108564741e-01,-1.409147245010609617e-01,-2.222942019924830925e-01,-1.377351546585795783e-01,6.115922810983686481e-02,-6.250514440136126226e-02,-6.283317952686039154e-02,6.989900671164324918e-03,-4.308821813900726855e-02,-5.684376267729158300e-02,-3.094321714301872389e-02,-1.226737074386113902e-01,-9.496622697251837220e-02,1.673450909293393643e-02,-3.759249519281482321e-02,-4.957981566975076110e-02,-2.903908894340574698e-02,1.728015561237455644e-01,-1.241361229523603102e-03,-4.830950019972782977e-02,-7.330928985397820730e-02
-1.648195955513816480e-01,-2.788465539310885366e-01,-2.249931335301093641e-02,-4.905781275091837881e-03,-1.054423988335630585e-01,-5.896618839910906622e-03,4.024760569616301908e-01,1.000000000000000000e+00,4.999716258388736123e-01,5.937062279676129373e-02,-1.123120098347170498e-01,-2.870079127065363056e-01,-1.751526674501197867e-01,-3.263839348568842724e-01,-1.742033749407862209e-01,1.469415550088197693e-02,-4.924221155961203134e-02,-7.629928871655498879e-02,6.836806011756470236e-02,1.692823242896384197e-03,-2.361361856819976096e-02,4.224907362109057117e-03,-7.086213783255151943e-02,-3.351061796220281691e-02,3.341140421983292835e-02,1.028518423683792531e-02,4.483944840301787478e-03,1.241125012294865132e-01,2.120027700371897583e-01,6.936813530653321291e-02,1.716890013425713749e-02,-2.960822102990734797e-02
-2.431403860684081542e-01,-2.175525433338787729e-01,6.783251875289025845e-02,5.373804799291227730e-02,-1.076366324594320578e-01,-2.393650718630774624e-02,1.041890991500732666e-01,4.999716258388736123e-01,1.000000000000000000e+00,4.127214686406403543e-01,1.369243411946267086e-01,-2.458441932074293124e-01,-3.030859562357061665e-01,-4.124165570187146579e-01,-3.742459947063126458e-01,-2.667426677288844417e-01,-1.391941467902190754e-01,-7.688101000336032553e-02,-5.523493242601751167e-03,2.324950408809476482e-02,-4.607801830369417928e-02,3.969237553582153494e-02,8.511095641593086070e-02,5.359611006262462313e-02,9.006113018135603054e-02,5.873376516020870075e-02,-6.960325337009090618e-02,-2.441179726685973814e-02,1.197261451940228455e-01,-9.836696869992972436e-02,-1.060173636065965264e-01,-8.825904326394459765e-02
-6.999257516455846539e-02,-1.859320769232248594e-01,-4.181266973863179137e-02,-1.068901192121614746e-01,-1.222123776974244486e-01,8.022590502157554704e-02,6.825715046170235945e-02,5.937062279676129373e-02,4.127214686406403543e-01,1.000000000000000000e+00,5.598406059006616475e-01,1.913140668890618915e-02,-8.793577843065893476e-03,-5.665048630047953004e-02,-3.831200079972455486e-01,-1.393837045856327062e-01,1.842401509306803437e-02,-1.254803569684978526e-01,-1.570851801359448574e-01,-2.507086142356343764e-02,-1.074640060498881083e-01,-1.626008686787197288e-01,-4.891223515824454082e-02,3.742649474830872514e-02,8.901647861572030418e-02,7.553620750833493769e-02,-6.765067772817554004e-02,-1.451846704836825264e-01,-5.938082025839604150e-02,-1.417728022224054862e-01,-1.789966045948539475e-01,-8.744832420237975967e-02
-1.381808839710002047e-02,7.223111546808268224e-02,-2.918910360485583999e-02,-2.176401560889829334e-01,-2.521560011739468754e-01,-1.282714712484882280e-01,-2.228323584499403986e-01,-1.123120098347170498e-01,1.369243411946267086e-01,5.598406059006616475e-01,1.000000000000000000e+00,4.666057145208337142e-01,1.359924938090307511e-01,1.637462554405663129e-01,-1.698041117410959422e-01,-2.008554481169841366e-01,-1.393238785620002917e-01,-2.618812304715510408e-01,-2.412099777722800376e-01,-1.926606892886566225e-01,-2.452723827428098802e-01,-2.695929097590606394e-01,-1.341886166983550788e-01,1.701226220451262650e-01,1.099454224031052862e-01,1.703961134378524644e-01,8.869754739027804757e-02,-4.911045588151576047e-02,-1.468912733447836627e-01,-1.202512003341168756e-01,-8.301157448454313248e-02,2.859433603374860952e-02
8.362165914499429531e-02,1.725300521571161150e-01,-1.814947428974038046e-01,-2.372454234604542134e-01,-9.161820280576024600e-02,-7.848124263350143848e-02,-2.095270198108564741e-01,-2.870079127065363056e-01,-2.458441932074293124e-01,1.913140668890618915e-02,4.666057145208337142e-01,1.000000000000000000e+00,4.192932899004050418e-01,3.892703373751918439e-01,2.075834880318080389e-01,-4.353699615567463432e-02,-1.496510513472804615e-01,-2.398280410333720747e-01,-2.860515477195973988e-01,-3.635344616508920379e-01,-2.663711880698859114e-01,-2.659022125780318713e-01,-1.585650445149985321e-01,1.887722937602497597e-01,8.350254764509082439e-02,1.734638339670041274e-01,1.986016574632234744e-01,2.264599436454619100e-02,-1.872081517501255343e-01,-6.075351876272506307e-02,1.947673203207840771e-03,8.436388069594787098e-02
1.303410093946938964e-01,-1.041086427996758823e-01,-2.982915343177086065e-01,-2.646408268780623407e-01,-1.126181855367709428e-01,-2.311008060086418292e-03,-1.409147245010609617e-01,-1.751526674501197867e-01,-3.030859562357061665e-01,-8.793577843065893476e-03,1.359924938090307511e-01,4.192932899004050418e-01,1.000000000000000000e+00,5.049504689284873837e-01,2.568911413882908890e-01,3.868987177362825935e-01,3.128359107701713659e-01,1.699392525800709139e-02,-2.255383394906335937e-01,-2.638122126749372631e-01,-1.783544722162609328e-02,-1.563108067853278271e-01,-1.595717815982436727e-01,-2.833525037659647208e-02,-2.122211895905409471e-02,-1.000010642684334358e-02,1.118174246478766537e-01,6.131091477936374129e-02,-1.474284529248358899e-01,-5.314154985941128145e-02,9.559521801840928368e-03,-1.207883349234779337e-02
1.670119751736884317e-01,1.189199964263822351e-01,-1.981007759829715165e-01,-2.821872480841918773e-01,-1.564435757468064236e-01,-1.273400595783762412e-01,-2.222942019924830925e-01,-3.263839348568842724e-01,-4.124165570187146579e-01,-5.665048630047953004e-02,1.637462554405663129e-01,3.892703373751918439e-01,5.049504689284873837e-01,1.000000000000000000e+00,4.768107808563278871e-01,3.952452993996778963e-01,2.508316220695069876e-01,-1.613970455892388758e-02,-1.540813567073564538e-01,-2.030879254481592344e-01,-1.956742081505088715e-01,-2.874090027179366791e-01,-2.440370430798473322e-01,4.629433213939858349e-02,-8.537917325171721916e-02,-4.235095139564696437e-02,9.339568621816170257e-02,2.211972579813794670e-04,-2.395479248480658907e-01,-3.057335512545541686e-02,5.236858923182705766e-02,6.931812214800352201e-02
6.177597008007618129e-02,8.194362711315855696e-02,-2.357757210077702226e-01,-1.615367776706191083e-01,4.947393625200679872e-03,-2.185833307883732202e-01,-1.377351546585795783e-01,-1.742033749407862209e-01,-3.742459947063126458e-01,-3.831200079972455486e-01,-1.698041117410959422e-01,2.075834880318080389e-01,2.568911413882908890e-01,4.768107808563278871e-01,1.000000000000000000e+00,5.173093144910304586e-01,1.786791606089362383e-01,1.349539998671433205e-01,4.331275609584857994e-02,-1.247139798056526167e-01,-1.092517698779419955e-01,-2.737364890522448260e-02,-1.810401369455146570e-01,-1.336057448470688858e-01,-2.398367155513375371e-01,-1.993484863152542863e-01,8.371303242847145942e-02,2.862175531454007327e-02,-1.155173772534347082e-01,1.423843693829839607e-01,1.508488271223658306e-01,4.611775726571416822e-02
2.701161921392085385e-02,-2.342938958864761168e-01,-2.717452430034709154e-01,-1.911508049775201001e-01,-4.922580888873714228e-02,-5.881005566263047130e-02,6.115922810983686481e-02,1.469415550088197693e-02,-2.667426677288844417e-01,-1.393837045856327062e-01,-2.008554481169841366e-01,-4.353699615567463432e-02,3.868987177362825935e-01,3.952452993996778963e-01,5.173093144910304586e-01,1.000000000000000000e+00,6.106501685001015645e-01,2.025044611484902168e-01,-2.784144996158283494e-02,-8.018626362623691717e-02,-1.383902180004272300e-02,-1.098098279607443301e-01,-2.052204135749508551e-01,-2.446040113311936104e-01,-1.728178893088941626e-01,-2.176592379598168148e-01,-3.755985557195664487e-02,5.566210724638708668e-02,3.582671514310678540e-02,1.142367682837354265e-01,6.501027945561234367e-02,-3.856062812816633129e-02
-9.989712430072491059e-03,-2.295191312831649511e-01,-6.709194746515770302e-02,-6.056263684981866291e-02,-8.623914215688560647e-02,-4.527688235311735226e-02,-6.250514440136126226e-02,-4.924221155961203134e-02,-1.391941467902190754e-01,1.842401509306803437e-02,-1.393238785620002917e-01,-1.496510513472804615e-01,3.128359107701713659e-01,2.508316220695069876e-01,1.786791606089362383e-01,6.106501685001015645e-01,1.000000000000000000e+00,5.530238799178531783e-01,-4.314616124669319423e-03,3.948884123302927492e-03,1.423871539045926948e-01,-7.183620583517884295e-02,-1.196611737345198712e-01,-2.962853085684046262e-01,-1.203756703372520775e-01,-2.457492686244411306e-01,-1.772805117728807889e-01,-4.195435208403328758e-02,2.469257529602813389e-02,2.876241552987655534e-02,-3.305415256099519111e-02,-1.737703061641023838e-01
-1.253980473090584025e-01,-1.304097015402778670e-01,7.971108208045833698e-02,1.061017953803596314e-01,3.785093394093658886e-02,-1.041952652099658178e-01,-6.283317952686039154e-02,-7.629928871655498879e-02,-7.688101000336032553e-02,-1.254803569684978526e-01,-2.618812304715510408e-01,-2.398280410333720747e-01,1.699392525800709139e-02,-1.613970455892388758e-02,1.349539998671433205e-01,2.025044611484902168e-01,5.530238799178531783e-01,1.000000000000000000e+00,4.470624850889562962e-01,2.294398791937815874e-01,2.866987752017758906e-01,2.102525824839405755e-01,2.811434305106143630e-02,-4.266085963720461227e-01,-2.968822659367833516e-01,-4.581399770359547707e-01,-2.459027985587050880e-01,-1.691810679803369688e-01,5.625058419198693260e-02,2.802409058871027647e-02,-3.878011306186160412e-02,-2.064840794269549862e-01
-1.304703369100004284e-01,-1.473388787074512464e-02,1.576616163970306350e-01,7.520436701471955310e-02,-7.779637022398082358e-02,-1.646223649682679591e-01,6.989900671164324918e-03,6.836806011756470236e-02,-5.523493242601751167e-03,-1.570851801359448574e-01,-2.412099777722800376e-01,-2.860515477195973988e-01,-2.255383394906335937e-01,-1.540813567073564538e-01,4.331275609584857994e-02,-2.784144996158283494e-02,-4.314616124669319423e-03,4.470624850889562962e-01,1.000000000000000000e+00,5.282984083900866823e-01,7.005028649043842925e-02,2.868083765624294679e-01,2.063388437526612607e-01,-1.755429832024972825e-01,-3.801274846299455001e-01,-3.914536061767147079e-01,-1.844073428650771507e-01,-2.629704519658083717e-01,2.912050385118897244e-02,4.273398138557314707e-02,-1.191952493443667466e-01,-1.275458008463662141e-01
-4.310603769112304751e-02,-4.138299544055015072e-02,1.861727365659624212e-01,1.452458715264434153e-01,-7.560911705123407600e-02,-1.579022568513597236e-01,-4.308821813900726855e-02,1.692823242896384197e-03,2.324950408809476482e-02,-2.507086142356343764e-02,-1.926606892886566225e-01,-3.635344616508920379e-01,-2.638122126749372631e-01,-2.030879254481592344e-01,-1.247139798056526167e-01,-8.018626362623691717e-02,3.948884123302927492e-03,2.294398791937815874e-01,5.282984083900866823e-01,1.000000000000000000e+00,4.710376696148777520e-01,4.105540018837989247e-01,3.838701142286225498e-01,-2.052134944390531235e-01,-1.266320238334387172e-01,-3.420374993403731412e-01,-4.782311614311801073e-01,-3.062172849619694270e-01,6.660588947713974584e-02,-1.540227155210822096e-01,-2.147090616779057382e-01,-2.468376101561373104e-01
1.497710106351390208e-02,-9.239432838003133752e-02,3.284953285359169806e-02,8.169038726506275272e-02,2.045429839577699027e-02,-7.382990968168284818e-02,-5.684376267729158300e-02,-2.361361856819976096e-02,-4.607801830369417928e-02,-1.074640060498881083e-01,-2.452723827428098802e-01,-2.663711880698859114e-01,-1.783544722162609328e-02,-1.956742081505088715e-01,-1.092517698779419955e-01,-1.383902180004272300e-02,1.423871539045926948e-01,2.866987752017758906e-01,7.005028649043842925e-02,4.710376696148777520e-01,1.000000000000000000e+00,5.244281951945984899e-01,1.864458989127255051e-01,-4.790600885380602580e-01,1.139256220185583673e-01,-2.897156767692581347e-01,-3.464200935997269193e-01,5.600899121119529839e-02,2.477330143847642496e-01,-7.259188112918724123e-02,9.871750602845261874e-03,-1.836456824488557071e-01
-1.846669820200554368e-01,-1.855562211718763399e-01,-9.945325307270987125e-02,5.159732053403554702e-02,2.879465536704680501e-02,-7.896795705150691513e-02,-3.094321714301872389e-02,4.224907362109057117e-03,3.969237553582153494e-02,-1.626008686787197288e-01,-2.695929097590606394e-01,-2.659022125780318713e-01,-1.563108067853278271e-01,-2.874090027179366791e-01,-2.737364890522448260e-02,-1.098098279607443301e-01,-7.183620583517884295e-02,2.102525824839405755e-01,2.868083765624294679e-01,4.105540018837989247e-01,5.244281951945984899e-01,1.000000000000000000e+00,5.488290267147313273e-01,-3.158174410401591858e-01,-1.624596304029925220e-01,-3.539212542101580761e-01,-2.245875103699476183e-01,-1.419769861331869609e-01,2.374357033546014017e-01,5.841254969372336459e-02,7.980052654702869674e-03,-1.773862903693541604e-01
-1.588714160826659172e-01,-9.339801864091575034e-02,2.021878090451963844e-02,1.210082591416730691e-01,-2.880277803487150609e-02,-9.424948145943116973e-02,-1.226737074386113902e-01,-7.086213783255151943e-02,8.511095641593086070e-02,-4.891223515824454082e-02,-1.341886166983550788e-01,-1.585650445149985321e-01,-1.595717815982436727e-01,-2.440370430798473322e-01,-1.810401369455146570e-01,-2.052204135749508551e-01,-1.196611737345198712e-01,2.811434305106143630e-02,2.063388437526612607e-01,3.838701142286225498e-01,1.864458989127255051e-01,5.488290267147313273e-01,1.000000000000000000e+00,2.406110165690011904e-01,-1.426078155419532034e-01,-1.991165822345952463e-01,-3.448464740822925201e-01,-4.143749731456218832e-01,-3.766975449356673583e-02,-1.685110849428283486e-01,-2.824783463297114161e-01,-2.277598340218543738e-01
4.774712157644914884e-02,1.323167086262765357e-01,2.162551631857278361e-02,-6.250028719426853341e-02,-1.163257185036446206e-01,5.701983864856615021e-03,-9.496622697251837220e-02,-3.351061796220281691e-02,5.359611006262462313e-02,3.742649474830872514e-02,1.701226220451262650e-01,1.887722937602497597e-01,-2.833525037659647208e-02,4.629433213939858349e-02,-1.336057448470688858e-01,-2.446040113311936104e-01,-2.962853085684046262e-01,-4.266085963720461227e-01,-1.755429832024972825e-01,-2.052134944390531235e-01,-4.790600885380602580e-01,-3.158174410401591858e-01,2.406110165690011904e-01,1.000000000000000000e+00,2.669187887808758264e-01,4.350458281071504230e-01,1.218927559254758125e-01,-4.198310952414141539e-02,-2.325416105873893413e-01,-1.404176992454955197e-01,-1.319412925450275387e-01,7.809680473289551395e-02
9.754598168626696375e-02,-6.195255962316177645e-02,-1.097394150965504134e-01,-1.857725478706365452e-01,-1.024132048416262486e-01,1.359566736762944372e-01,1.673450909293393643e-02,3.341140421983292835e-02,9.006113018135603054e-02,8.901647861572030418e-02,1.099454224031052862e-01,8.350254764509082439e-02,-2.122211895905409471e-02,-8.537917325171721916e-02,-2.398367155513375371e-01,-1.728178893088941626e-01,-1.203756703372520775e-01,-2.968822659367833516e-01,-3.801274846299455001e-01,-1.266320238334387172e-01,1.139256220185583673e-01,-1.624596304029925220e-01,-1.426078155419532034e-01,2.669187887808758264e-01,1.000000000000000000e+00,6.313463632708937734e-01,2.720438625992647325e-02,3.953857406932630436e-01,1.890358405692488253e-01,-1.698407121311114043e-01,2.279797171356708757e-02,3.360625258368133556e-02
7.432644030866999985e-02,2.435576557422058919e-02,-1.437318047219116046e-01,-2.323043455197065232e-01,-1.195196247374098603e-01,1.044611880133189397e-01,-3.759249519281482321e-02,1.028518423683792531e-02,5.873376516020870075e-02,7.553620750833493769e-02,1.703961134378524644e-01,1.734638339670041274e-01,-1.000010642684334358e-02,-4.235095139564696437e-02,-1.993484863152542863e-01,-2.176592379598168148e-01,-2.457492686244411306e-01,-4.581399770359547707e-01,-3.914536061767147079e-01,-3.420374993403731412e-01,-2.897156767692581347e-01,-3.539212542101580761e-01,-1.991165822345952463e-01,4.350458281071504230e-01,6.313463632708937734e-01,1.000000000000000000e+00,5.134689606467888190e-01,3.856722921308255447e-01,8.838204545498257181e-02,-7.555699264093000862e-03,9.342470395643051595e-02,2.392157625375348762e-01
6.309570937644767841e-02,4.721924162579658329e-02,-1.823663392498715285e-01,-1.857809371859674707e-01,-8.533349132643225365e-02,-1.473694467442643145e-02,-4.957981566975076110e-02,4.483944840301787478e-03,-6.960325337009090618e-02,-6.765067772817554004e-02,8.869754739027804757e-02,1.986016574632234744e-01,1.118174246478766537e-01,9.339568621816170257e-02,8.371303242847145942e-02,-3.755985557195664487e-02,-1.772805117728807889e-01,-2.459027985587050880e-01,-1.844073428650771507e-01,-4.782311614311801073e-01,-3.464200935997269193e-01,-2.245875103699476183e-01,-3.448464740822925201e-01,1.218927559254758125e-01,2.720438625992647325e-02,5.134689606467888190e-01,1.000000000000000000e+00,5.149980715370615636e-01,-6.367433627033666776e-02,3.831374388145575849e-01,3.814775018198958700e-01,3.874258107575956345e-01
1.598775247399795429e-01,-7.346266230999121474e-03,-1.544050815067337656e-01,-2.168989859567740097e-01,-1.469820652734532829e-01,-2.846383556048470362e-02,-2.903908894340574698e-02,1.241125012294865132e-01,-2.441179726685973814e-02,-1.451846704836825264e-01,-4.911045588151576047e-02,2.264599436454619100e-02,6.131091477936374129e-02,2.211972579813794670e-04,2.862175531454007327e-02,5.566210724638708668e-02,-4.195435208403328758e-02,-1.691810679803369688e-01,-2.629704519658083717e-01,-3.062172849619694270e-01,5.600899121119529839e-02,-1.419769861331869609e-01,-4.143749731456218832e-01,-4.198310952414141539e-02,3.953857406932630436e-01,3.856722921308255447e-01,5.149980715370615636e-01,1.000000000000000000e+00,3.386481505422878624e-01,4.377584565019290719e-01,5.071213550144711979e-01,3.120387000136147226e-01
-1.372925883432923322e-01,-2.029013237400446035e-01,-1.387140153346546889e-01,-1.672137013395771088e-01,1.797848291850791692e-03,1.037217337563125091e-01,1.728015561237455644e-01,2.120027700371897583e-01,1.197261451940228455e-01,-5.938082025839604150e-02,-1.468912733447836627e-01,-1.872081517501255343e-01,-1.474284529248358899e-01,-2.395479248480658907e-01,-1.155173772534347082e-01,3.582671514310678540e-02,2.469257529602813389e-02,5.625058419198693260e-02,2.912050385118897244e-02,6.660588947713974584e-02,2.477330143847642496e-01,2.374357033546014017e-01,-3.766975449356673583e-02,-2.325416105873893413e-01,1.890358405692488253e-01,8.838204545498257181e-02,-6.367433627033666776e-02,3.386481505422878624e-01,1.000000000000000000e+00,2.751926777006695746e-01,1.752577803651404476e-01,-1.959137609456793744e-02
3.138665150306546581e-02,-1.491837110220201740e-02,-8.775473724241961149e-02,-1.761967283799385428e-02,2.112346572309513337e-02,-9.782804435985795188e-02,-1.241361229523603102e-03,6.936813530653321291e-02,-9.836696869992972436e-02,-1.417728022224054862e-01,-1.202512003341168756e-01,-6.075351876272506307e-02,-5.314154985941128145e-02,-3.057335512545541686e-02,1.423843693829839607e-01,1.142367682837354265e-01,2.876241552987655534e-02,2.802409058871027647e-02,4.273398138557314707e-02,-1.540227155210822096e-01,-7.259188112918724123e-02,5.841254969372336459e-02,-1.685110849428283486e-01,-1.404176992454955197e-01,-1.698407121311114043e-01,-7.555699264093000862e-03,3.831374388145575849e-01,4.377584565019290719e-01,2.751926777006695746e-01,1.000000000000000000e+00,5.463853203507793577e-01,2.134991262016477653e-01
1.085375372531516558e-01,2.366868408053107373e-02,-1.078581633827763453e-01,-8.096316966435583573e-02,-5.723861509146093568e-02,-8.744005255030709578e-02,-4.830950019972782977e-02,1.716890013425713749e-02,-1.060173636065965264e-01,-1.789966045948539475e-01,-8.301157448454313248e-02,1.947673203207840771e-03,9.559521801840928368e-03,5.236858923182705766e-02,1.508488271223658306e-01,6.501027945561234367e-02,-3.305415256099519111e-02,-3.878011306186160412e-02,-1.191952493443667466e-01,-2.147090616779057382e-01,9.871750602845261874e-03,7.980052654702869674e-03,-2.824783463297114161e-01,-1.319412925450275387e-01,2.279797171356708757e-02,9.342470395643051595e-02,3.814775018198958700e-01,5.071213550144711979e-01,1.752577803651404476e-01,5.463853203507793577e-01,1.000000000000000000e+00,5.266977252249526176e-01
1.015107497200667119e-01,1.278933065870291874e-01,-6.077508658061562402e-02,-1.449244979835897784e-01,-7.429655322730792377e-02,-2.651452262684159469e-02,-7.330928985397820730e-02,-2.960822102990734797e-02,-8.825904326394459765e-02,-8.744832420237975967e-02,2.859433603374860952e-02,8.436388069594787098e-02,-1.207883349234779337e-02,6.931812214800352201e-02,4.611775726571416822e-02,-3.856062812816633129e-02,-1.737703061641023838e-01,-2.064840794269549862e-01,-1.275458008463662141e-01,-2.468376101561373104e-01,-1.836456824488557071e-01,-1.773862903693541604e-01,-2.277598340218543738e-01,7.809680473289551395e-02,3.360625258368133556e-02,2.392157625375348762e-01,3.874258107575956345e-01,3.120387000136147226e-01,-1.959137609456793744e-02,2.134991262016477653e-01,5.266977252249526176e-01,1.000000000000000000e+00
