1.000000000000000000e+00,4.322344961243072547e-01,5.643418180212651514e-01,-2.615439612427032379e-01,-2.403580446740308796e-01,5.640453998002179503e-01,2.084303850885976250e-01,-4.836688893689455870e-01,3.214396242271495147e-02,5.991718145360416248e-01,-1.096657986491690606e-01,-4.605667169252502524e-01,3.744745136465851276e-01,4.318053482504411456e-01,-3.237532917419774225e-01,-3.027914319935193221e-02,-2.924740442172170662e-01,4.026346382930569567e-01,-1.536466141563899192e-02,3.884902173117444485e-02,-5.200717800824175008e-01,-2.613654115417960444e-01,1.142089138631089129e-01,-2.319848997640494570e-01,-4.690033450231655965e-01,1.310926396975614638e-01,-2.712568109275929062e-01,-3.036299727521033984e-02,1.239457687656034118e-01,4.874012120148412675e-01,9.097521684956567933e-02,5.694977847066823307e-01,2.620972332009133265e-01,5.060688244678758219e-01,2.884193755996069530e-01,1.539898473677659696e-01,4.516236885425240488e-01,9.660279308456330705e-02,4.475135969334187447e-01,-3.701817667379230237e-01,1.972847350515697651e-01,-3.826575543349966524e-01,7.522107742694819632e-02,-2.864784406332301914e-01,-3.071954195621118822e-01,-3.463651586232114887e-01,-5.247305215860788019e-01,-4.019944838372792595e-01,-4.726360062813606544e-01,-1.023950943042203077e-01,-4.323001437408659497e-01,3.479997685545410113e-01,5.132843620019316155e-01,4.841325026432656831e-01,9.937946688338915313e-02,-3.333143215917930835e-01,2.306610977650724315e-01,5.397723852133200495e-01,-2.461225196891205225e-01,-2.479505946742235067e-01,5.421358424594645564e-01,2.600107294614033560e-01,-4.186084979296664788e-01,1.933730921341197673e-01,5.911739486875654537e-01,-1.005130161429088065e-01,-2.822214520510307190e-01,3.493544931549696919e-01,3.167328840083449837e-01,-5.129424679103576912e-01,-2.124739696834736236e-01,2.963754694671693842e-04,3.632938479359046346e-01,-2.684129976680193486e-01,1.351651174795201471e-01,9.610922919672840528e-03,4.830573385726679575e-02,-5.363053091693456009e-01,-2.226572037763024092e-01,-4.117303495647233746e-01,-3.515959044908161801e-01,-2.264069957882390849e-01,-3.634078565730713972e-01,1.628268767483730672e-01,-3.797160995906731507e-01,6.947298407649772634e-02,-3.969336374009533319e-01,2.614802035287640269e-02,-1.252983124378041768e-01,1.327479582442619988e-01,7.039505419324461333e-02
4.322344961243072547e-01,1.000000000000000000e+00,1.151587475908804475e-01,-3.401736339924867902e-01,5.133342070295957571e-01,7.119519358541679388e-01,-2.644773349767139403e-01,-2.190279238344207402e-01,7.575276217045845417e-01,4.146852429378323768e-01,-4.533621283415208425e-01,1.281754312477052793e-01,8.403754601206420149e-01,2.361524815056665130e-02,-5.748428562291445498e-01,2.938538769646880655e-01,-3.588547050445514142e-01,2.099378959456326688e-01,4.345689231116271478e-01,-5.369382432678316830e-01,-6.292875313512442670e-01,4.669806709592306815e-01,1.680203686864492063e-01,-8.218137088103956156e-01,-2.737911641662501006e-01,-4.923056528392290576e-01,-3.226976067421402639e-01,-5.713104731158317184e-01,-2.219819275909448719e-01,-2.148095981287115666e-02,-3.313721675571181802e-01,4.337176364877050050e-01,-1.763903233273974303e-01,4.702203541559129008e-01,3.826056340576953346e-02,6.098172727164775653e-01,1.021985758852223675e-01,2.129680542247142094e-01,7.718454681290147779e-01,1.198364890926706255e-01,-1.082851912426798235e-01,-4.740776838795170978e-01,-5.591604418505982110e-01,-6.711545092656864275e-01,3.068960894161808506e-01,-5.677215747319235284e-01,-3.294543426394895280e-01,-8.052472022472677571e-01,-1.479968988641895411e-01,4.113553651329659444e-01,-1.445158572909148453e-01,6.763051674174711536e-01,3.751932659970801942e-01,4.415888012333937240e-01,7.613703417824033703e-01,-1.882227197366042881e-01,-4.364406494106002898e-01,7.187731085773556572e-01,4.357957685688926830e-01,-5.568424472066149100e-01,8.855909265849912226e-02,8.504503610554854376e-01,-3.466714077137586503e-02,-3.317675186309659852e-01,5.510987441850115909e-01,6.513681074651124225e-01,-2.604092704622237298e-01,-2.499975889219955283e-01,7.146939720989428091e-01,-8.654239589110206132e-02,-7.793758507932694313e-01,-1.218685241254427176e-01,-2.322038989152328259e-01,-8.001356818199015786e-01,-2.942781125502590966e-01,-6.027086815719742141e-01,-1.145367830332954806e-01,-3.699189356093974257e-01,-2.706476955751404567e-01,1.687534838945673465e-01,-1.854293563887662866e-01,4.728594006728603083e-01,-9.014851422105793488e-02,6.855261298992034735e-01,2.412830881504144515e-02,5.101419571221131877e-01,1.350795588342943443e-01,5.070146952342362567e-01,4.666054516530849239e-01,5.262858978250186670e-01,3.869672451884943465e-01
5.643418180212651514e-01,1.151587475908804475e-01,1.000000000000000000e+00,5.481368734626299033e-02,-6.501106033824286534e-01,5.498091054631937258e-01,7.611285800266265333e-01,-4.856223817596423964e-01,-3.442013516196115175e-01,8.727986588622153041e-01,3.299460279111649519e-01,-7.347395250838353320e-01,1.807626951364572632e-01,9.091519223390845950e-01,-1.175916453067843599e-02,1.313315293450791621e-01,-8.497254960476686991e-03,8.226393640252761541e-01,4.612304381861734998e-02,5.398619702707395662e-01,-6.880388036246813943e-01,-6.429033260043898190e-01,4.562165937152513617e-01,8.177821215897834728e-02,-8.650502438343045108e-01,2.629016908743104231e-01,-6.102542729131689159e-01,-1.773093998687718525e-02,-3.319584847455027150e-03,7.052353439703237248e-01,1.326532875907106279e-02,6.055602642233588462e-01,2.454484518211672850e-01,4.210940193821177679e-01,1.522951979141280998e-01,-2.838909270279107444e-01,4.836904379154761124e-01,-2.899598750827428462e-01,4.544663209018715011e-01,-4.616271842353081301e-01,6.930274701424526951e-01,-1.431442637774982540e-01,5.828348058896308803e-01,6.517380640357238464e-02,-4.777870372578869040e-01,-5.265040802957327015e-02,-5.295513012993267044e-01,-3.717495242671803313e-01,-5.050128136878223595e-01,-1.047963706484070917e-01,-4.097514921868146143e-01,4.477332353100406670e-01,8.469359183409442826e-01,5.518120325722432051e-01,-2.338928402482782776e-01,-7.691410447767605962e-01,4.343409372895974951e-01,5.472166278525308902e-01,-7.494154112302220394e-01,-4.151168051868759923e-01,7.740377365220458827e-01,4.461238752183086659e-02,-8.999049046947302788e-01,2.242527568777714642e-01,7.815112520045238709e-01,-4.885986400340507352e-01,-6.549089249906654420e-01,5.359158752451780305e-01,-6.045491331952933950e-03,-9.381181658939375945e-01,-1.192277789270786287e-01,-2.967589502500277421e-01,5.675227644232553326e-01,-1.736376798885016226e-01,7.364610594843186420e-02,4.989041162223427639e-01,4.865071801707049337e-01,-5.411387190128146285e-01,9.051561547442610323e-02,-6.193145869041428719e-01,-2.037790749121285439e-01,-4.757462509928624961e-01,-2.809567819296865387e-01,1.462859532757075642e-01,-4.040147462824175695e-01,1.478143113578883616e-01,-5.491538680561844910e-01,6.001456915101899270e-02,-5.415309758242795590e-01,-5.143008343656538944e-02,-1.506774606415693385e-01
-2.615439612427032379e-01,-3.401736339924867902e-01,5.481368734626299033e-02,1.000000000000000000e+00,1.832911753765669241e-02,-5.647580230417404978e-01,6.360565194831847569e-01,8.141118089135006564e-01,-3.225674160044208483e-01,-2.224906042009296425e-01,8.915680431268639961e-01,4.086787927779060858e-01,-5.032751199151035415e-01,2.769193240378419185e-01,9.163810484160433978e-01,7.037684223358974256e-01,9.702131582017002875e-01,3.747328899709447825e-01,5.746848528042916016e-01,6.441171334597742826e-01,1.040780607932686314e-01,5.671413292233732500e-02,7.199687977290369911e-01,4.862269345170280865e-01,-1.984021478681019246e-01,-4.102889885268775072e-01,-5.213138550338144439e-01,-3.961801650580007439e-01,-7.609695752824782167e-01,-5.188965669492694444e-01,-6.763357502788029940e-01,-7.133769019601098327e-01,-7.421310569908791122e-01,-8.434799562824950581e-01,-8.924249722584929323e-01,-8.236161064824638611e-01,-7.762660673386562182e-01,-9.322458410512435290e-01,-2.296847084391328842e-01,6.631776129634776584e-01,6.725793852020996999e-01,9.412940713725935771e-01,5.613058687349039566e-01,8.441088845462250134e-01,5.012013213068629014e-01,9.212590486327809636e-01,7.893681230022965289e-01,2.013292765583562793e-01,7.735131273681191688e-01,5.760302981266647304e-01,8.217503041349700776e-01,1.117794942554467680e-01,8.613433123554674331e-02,-5.978027170604151008e-01,-2.703341262164171144e-01,-4.579368796561202326e-01,-3.732049880145775211e-01,-4.744481031766927259e-01,-3.038049930670844168e-01,-3.771352925128760303e-01,-4.928489735810173689e-01,-3.021170462036585347e-01,-3.180926749718806512e-01,-6.207726218448189615e-01,-2.789111617503253204e-01,-1.463768689522234323e-01,-5.440080555975483900e-01,-5.061939248763389632e-01,-7.883929774826081704e-01,-3.291052782891261408e-02,-1.999653529697977342e-02,-8.155034949553305879e-01,-4.790864776708931849e-01,9.565680417652569489e-02,-6.809423374838587950e-01,6.066874942310821472e-01,8.354212393829273386e-01,7.784640424703771489e-01,9.722783535259742482e-01,5.037699491758798054e-01,9.247151644244734348e-01,2.926748343625462656e-01,8.698505859857905698e-01,2.373751076367883184e-01,7.626218049467421434e-01,4.946575978840108689e-01,5.890500250878488719e-01,4.764816187576473294e-01,-3.661343465522695628e-01,-1.995045421533808150e-01,-4.041608461392882101e-01
-2.403580446740308796e-01,5.133342070295957571e-01,-6.501106033824286534e-01,1.832911753765669241e-02,1.000000000000000000e+00,-1.664391891116860081e-03,-6.111406202544790167e-01,4.863863263385903579e-01,8.475556145100460181e-01,-4.068516055129295372e-01,-3.551639480858863052e-01,8.555232167999553550e-01,4.360534361716685847e-01,-6.102578440508542590e-01,-1.829562392640574631e-01,4.194629967252015978e-01,3.173418066302035462e-02,-3.339509901229155142e-01,5.678056720562365545e-01,-6.901161156466576463e-01,1.813637516103279099e-02,9.618401864716886740e-01,4.895278580589081802e-02,-6.371086323395044326e-01,3.704326969235494649e-01,-8.071167854794606411e-01,5.484267688379292939e-03,-6.534568461578221799e-01,-4.770303965247112976e-01,-7.762547100740473383e-01,-5.582320837094324473e-01,-3.518434527837831505e-01,-6.285951270436610505e-01,-2.171117615225653386e-01,-4.129186151005475591e-01,4.876539523043218471e-01,-5.797073270471674311e-01,9.041046983750579413e-02,2.548227640502268021e-01,7.253226277720635773e-01,-4.155972931550093175e-01,2.440194959279866349e-02,-7.782303295242831709e-01,-3.594564215547029762e-01,8.486526457086892572e-01,-1.413689835359559499e-01,4.132848431456117022e-01,-3.623650335080187412e-01,5.536903685110570184e-01,6.694069489487797231e-01,4.981723724591958224e-01,3.018673153847320489e-01,-3.045427838521318487e-01,-2.557057445790514860e-01,7.802254621731367079e-01,2.767913613596724165e-01,-8.872106309087522957e-01,4.224016582544849047e-02,8.922233844033140571e-01,-3.101625319828114624e-01,-7.228494877366548055e-01,6.305523530936758547e-01,5.803488781379745332e-01,-7.086333875436605645e-01,-2.302099554701756978e-01,9.370938596407628607e-01,9.560728667921121471e-02,-8.443927538336113425e-01,3.724312908693874213e-01,6.717174617347397847e-01,-6.211036685035355998e-01,-1.623732624342007491e-01,-8.527342245158298084e-01,-5.621973425112507528e-01,-5.819172188171487514e-01,-7.322086728560716073e-01,-1.918431623152190013e-01,3.802945544306938763e-01,3.321995206528056965e-02,8.390723097048322643e-01,3.328037707920328825e-01,9.212670950832868577e-01,4.595686198849175397e-01,5.926698910566196021e-01,6.244708454388573360e-01,5.266572948842427326e-01,7.801244254217786223e-01,5.891222176764162599e-01,7.292364224200609257e-01,4.454058023748527217e-01,3.087029394733485366e-01
5.640453998002179503e-01,7.119519358541679388e-01,5.498091054631937258e-01,-5.647580230417404978e-01,-1.664391891116860081e-03,1.000000000000000000e+00,-1.081680415195012367e-02,-7.016613671045709433e-01,4.685498411007862352e-01,8.399712023863193933e-01,-4.594034986849095392e-01,-4.444618383553009533e-01,8.703611320021846787e-01,4.048440625077696642e-01,-7.372999060826009865e-01,3.388923182589127087e-02,-6.010970881028778745e-01,4.566077728365081079e-01,1.295920180514191777e-01,-3.190936944086643634e-01,-8.497740020047296339e-01,-3.393912260083414845e-02,1.141726679896824248e-01,-7.073488710336596208e-01,-5.925037611123782355e-01,-6.458915871625973970e-02,-3.750202246553732688e-01,-2.799894870706473027e-01,1.072419454761082830e-01,5.451800738424997794e-01,9.184874279903023492e-03,8.827986676982524372e-01,2.670526475287842150e-01,8.562866873540215806e-01,4.214535833803648157e-01,5.707972193273831429e-01,6.031416011747892103e-01,3.231318133352907851e-01,8.756372518559811802e-01,-3.938675739499020723e-01,5.808648225924416958e-02,-7.443200809004827390e-01,-2.833809763917777280e-01,-7.392440628503041955e-01,-2.136350717012447387e-01,-7.562859043406942039e-01,-7.950085965798795451e-01,-8.431300279405369302e-01,-6.467756163132397651e-01,3.356621295349204032e-02,-6.115850522229876463e-01,6.839597058851848432e-01,6.899534954589507940e-01,8.304457114753752700e-01,5.049133755623287367e-01,-3.883645689219286656e-01,5.200467724407734776e-02,9.709265424328451521e-01,1.544885682898971234e-02,-4.857318072589110192e-01,6.497202355357628578e-01,7.347376284472412200e-01,-3.935336814351194090e-01,1.017728809174071325e-01,9.073567973975066314e-01,2.551159509213705157e-01,-3.430207852246573985e-01,2.857486772903837791e-01,7.845952494012905509e-01,-5.500709035697056715e-01,-6.121685756158905534e-01,4.210480029358484866e-02,3.043893010801300147e-01,-7.045150216649068708e-01,6.462268218472676240e-02,-3.736827067167031169e-01,-1.107235908354899101e-01,-8.249111582075171478e-01,-4.839900557711292461e-01,-3.876086974889066394e-01,-5.662359181100390382e-01,-1.982244295232622397e-02,-5.192457496621376567e-01,4.809252601180089570e-01,-4.668205204075739911e-01,2.686578429873547336e-01,-4.047643429607746257e-01,2.284274438344550129e-01,1.678964486630705188e-01,4.033529852734668575e-01,3.169498867474545567e-01
2.084303850885976250e-01,-2.644773349767139403e-01,7.611285800266265333e-01,6.360565194831847569e-01,-6.111406202544790167e-01,-1.081680415195012367e-02,1.000000000000000000e+00,9.654313275704913544e-02,-5.989442871425938453e-01,4.945094840632567879e-01,8.359933979117002423e-01,-3.901284001368796606e-01,-2.946589143804633770e-01,8.701793306876882683e-01,6.000761119206085015e-01,4.259975065382591852e-01,5.880333685562820767e-01,8.157657994938632973e-01,2.598609283121036118e-01,8.847877333014404488e-01,-3.668100140914606899e-01,-5.749133491030917753e-01,7.197886661996993896e-01,4.920048119042322310e-01,-7.425004966856256772e-01,8.514025437864185253e-02,-7.037766313014698349e-01,-1.144862564734260291e-01,-3.693099350612810694e-01,2.872835281112092187e-01,-2.883621252851351624e-01,1.209041764747946154e-02,-1.693058415659585703e-01,-2.124145423991381232e-01,-3.673111208734246014e-01,-7.929546701389872387e-01,-5.283217578738307746e-02,-7.775311775670599168e-01,8.658679369760163835e-02,-3.594916578564880810e-02,9.390557109799311242e-01,4.879345546476870910e-01,8.800689853536212137e-01,6.411544333254286521e-01,-1.724984456684721112e-01,5.679968768093023312e-01,6.883726483306090715e-02,-2.787988844222112281e-02,4.351480058352660135e-02,1.451289551347889895e-01,1.441991074254779792e-01,2.816017910760717502e-01,6.454781074966288168e-01,3.341926768430460160e-02,-4.840449419154375099e-01,-8.230584963404449228e-01,2.331324284158864113e-01,3.805791726060611668e-02,-8.493344125851001181e-01,-4.241465245740055345e-01,3.344385626706899428e-01,-2.968539577821993070e-01,-8.836480382888716179e-01,-9.019023638300975587e-02,3.641762273065593525e-01,-5.990262255687442972e-01,-7.653170983809279848e-01,2.043936451676938160e-01,-5.728237276034445769e-01,-7.518588983727874098e-01,4.808617432130529029e-02,-6.558563778263244437e-01,2.447178113985850612e-01,7.269360153953433046e-02,-2.488021626294953104e-01,8.465727941794788380e-01,8.626528828528760018e-01,6.246413344282712027e-02,6.510263624561999363e-01,-2.575529319725262112e-01,3.723465267938478318e-01,-3.148214839729944758e-01,2.634070889782919589e-01,1.082991632155258926e-01,8.451554528150763412e-02,2.834465854392526074e-01,-1.475687585959124803e-01,2.042732539781786372e-01,-7.263564029729931981e-01,-2.544899371608050354e-01,-4.169561116099626541e-01
-4.836688893689455870e-01,-2.190279238344207402e-01,-4.856223817596423964e-01,8.141118089135006564e-01,4.863863263385903579e-01,-7.016613671045709433e-01,9.654313275704913544e-02,1.000000000000000000e+00,4.427770116733585615e-02,-6.321593471843844902e-01,5.522104105245532191e-01,8.299206105755835283e-01,-4.117429934933703461e-01,-2.632853448259106499e-01,7.435556301195013207e-01,6.317670593280646507e-01,8.327296385365433595e-01,-8.484910081564822626e-02,5.874286445712606497e-01,1.829592639456146808e-01,3.710816215529803008e-01,5.107952570597268371e-01,4.358662166487158318e-01,2.459905463336147236e-01,2.610984905715107440e-01,-6.253783121801430589e-01,-1.944656807323078551e-01,-4.670288695472322726e-01,-7.450234540877090916e-01,-8.895976788812044456e-01,-6.970376791077902423e-01,-9.243052439065772008e-01,-8.615870189811909441e-01,-9.313199833740466449e-01,-9.040987726218926435e-01,-4.795377282065937941e-01,-9.750116577416477748e-01,-6.526566982037238507e-01,-3.246836419500194748e-01,9.006135769389459478e-01,2.013121944002482233e-01,8.598596061606440522e-01,7.587135871543743137e-02,6.129397272309375921e-01,7.966083901687955882e-01,7.729633447392902923e-01,9.713052403824402603e-01,2.442337005293059859e-01,9.778356222372623918e-01,6.720997161008370746e-01,9.677098322275113906e-01,-2.360667668851745490e-02,-3.337828564078295646e-01,-7.836107443600937028e-01,3.021031721795590028e-02,-1.893528745445810860e-02,-6.798956897722974180e-01,-6.152775975521644902e-01,2.335267874548684897e-01,-2.172969724287566184e-01,-8.837033553039439493e-01,-1.414000022082908259e-01,2.163457610729724312e-01,-7.667004463048312513e-01,-6.009645876187773572e-01,2.706356362394746196e-01,-1.768977351367662654e-01,-8.216028787302018799e-01,-5.865996356402657375e-01,4.925715846790573171e-01,-1.003678117460679031e-01,-6.042360733347365009e-01,-8.137474427006785582e-01,3.402563623253988812e-02,-7.288331818360310743e-01,1.577027616273418420e-01,4.697091719297691870e-01,9.578166611381041529e-01,7.935341650321885432e-01,8.532471175654140483e-01,9.362355779131528166e-01,6.353918232885032991e-01,9.485789426296217242e-01,2.675162406864086684e-01,9.428100236112586519e-01,4.707533646581187892e-01,8.869715223913186009e-01,5.036647645481077129e-01,6.143351496169315723e-02,-5.470817444261699691e-02,-2.189857396771469900e-01
3.214396242271495147e-02,7.575276217045845417e-01,-3.442013516196115175e-01,-3.225674160044208483e-01,8.475556145100460181e-01,4.685498411007862352e-01,-5.989442871425938453e-01,4.427770116733585615e-02,1.000000000000000000e+00,1.176956903315074313e-02,-6.196367601329088037e-01,5.324421718279527260e-01,8.130635931163819885e-01,-4.127575859092464938e-01,-5.775633775376985968e-01,3.021602942673380920e-01,-3.354659419784506991e-01,-1.494066758795045691e-01,4.874723724963280214e-01,-8.158526086292260393e-01,-3.507476774934345509e-01,8.304932772672567465e-01,5.609239397070720293e-03,-9.140854999070588960e-01,1.077166928787129663e-01,-6.956725522674431783e-01,-8.771101251538974963e-02,-6.495032379995229199e-01,-2.883199699441288399e-01,-4.015316689862026278e-01,-4.113881340180048363e-01,1.388074080394962051e-01,-3.584613178817619428e-01,2.626390314515612556e-01,-8.530813565088335437e-02,7.658410427231706619e-01,-1.728131272753425651e-01,3.236390007877665842e-01,6.158109070466240009e-01,4.009633643006129677e-01,-4.228942518518086224e-01,-3.979167063604815979e-01,-8.735653285368962795e-01,-7.224107005009114957e-01,6.021115835195838262e-01,-5.480430715309895229e-01,-5.721674130145928960e-02,-6.952291734983114813e-01,1.319765049290371473e-01,5.387481703552281509e-01,9.047950860338999091e-02,5.372306218478984929e-01,6.748947499964095230e-03,1.840046274375619073e-01,9.370846873076356109e-01,1.383965051954959280e-01,-7.218504916177829189e-01,4.956464973253301709e-01,8.335455703762172375e-01,-4.313041516130094455e-01,-3.138553952418386972e-01,8.993757491747883526e-01,3.888369598788508075e-01,-5.126447674189326120e-01,2.061012813637256302e-01,9.552627617033732088e-01,5.581849317147873774e-03,-5.690116796669074661e-01,7.512115529326971464e-01,3.678749395542093570e-01,-8.054163459097948286e-01,-2.968150818685771908e-02,-5.734152866611402777e-01,-7.980133251629329960e-01,-4.092593961972130212e-01,-8.736633740674548676e-01,-3.141263069957889731e-01,-9.713806158028820414e-02,-2.857925762730377794e-01,5.223796329767288471e-01,-4.866612601472683486e-02,7.737666536793945671e-01,8.917462398559514170e-02,6.969373677576882198e-01,2.709250632253473179e-01,5.196928325063043808e-01,4.552153759077617878e-01,5.610239948921597053e-01,7.583593059356706911e-01,5.803076752432265728e-01,4.497706249215129848e-01
5.991718145360416248e-01,4.146852429378323768e-01,8.727986588622153041e-01,-2.224906042009296425e-01,-4.068516055129295372e-01,8.399712023863193933e-01,4.945094840632567879e-01,-6.321593471843844902e-01,1.176956903315074313e-02,1.000000000000000000e+00,1.751552468788166589e-02,-6.810673475273492095e-01,5.535050834945558496e-01,8.126567892771948687e-01,-3.481173156950228553e-01,1.450886930235515682e-01,-2.700926738842279184e-01,7.869828044778611753e-01,1.317660606659888101e-01,2.082358243762101879e-01,-8.833546535598757465e-01,-4.211605842344376960e-01,3.958130214280252690e-01,-2.967181068514008757e-01,-8.787830566999722537e-01,1.052845223507232753e-01,-6.207670499384539964e-01,-1.873358297186595023e-01,8.952556575589460178e-03,7.089462284467928921e-01,-2.814206133907631857e-02,8.149537550473237024e-01,2.540564552492977080e-01,6.759272149747703740e-01,2.689600969872928959e-01,7.619230205141076795e-02,5.829834553016735033e-01,-6.785257171990212444e-02,7.472982985951074353e-01,-4.647483550088598592e-01,5.131696539253808309e-01,-4.334638995370853065e-01,2.520461450496309097e-01,-3.051506811579615674e-01,-3.874902458390690474e-01,-3.838715239075965457e-01,-7.148254832085769728e-01,-6.772366411113774909e-01,-6.210936741785630932e-01,-1.358178622436538065e-02,-5.398685045618413225e-01,6.570731615778087065e-01,9.089977656589084409e-01,7.687744128511304620e-01,1.042578580807002608e-01,-7.238393072238005210e-01,2.819541127846534323e-01,8.409071095470089796e-01,-4.857422489490914042e-01,-5.478389658942612872e-01,8.104154371785980970e-01,4.052338760331309353e-01,-8.022953629360030092e-01,1.584615157116713857e-01,9.679135614647751407e-01,-1.815777063713431838e-01,-6.342704335516173852e-01,4.619429075312184718e-01,3.699875120802125217e-01,-8.950352709573043963e-01,-4.074735510614672096e-01,-2.185786546525504970e-01,4.980227922627750714e-01,-4.856182377241428649e-01,4.006130492008129484e-02,1.528113363397596569e-01,3.016696890901351957e-01,-7.367504837270189011e-01,-1.425401047835759272e-01,-5.719904040746220941e-01,-3.790719316533944783e-01,-2.925181259687917867e-01,-4.031386463147517141e-01,3.655675990316329393e-01,-4.602749422982946315e-01,2.684477759186804646e-01,-5.296873550151038890e-01,1.912104797787839428e-01,-2.779475548768303717e-01,1.653726357094573995e-01,4.493399472035641135e-02
-1.096657986491690606e-01,-4.533621283415208425e-01,3.299460279111649519e-01,8.915680431268639961e-01,-3.551639480858863052e-01,-4.594034986849095392e-01,8.359933979117002423e-01,5.522104105245532191e-01,-6.196367601329088037e-01,1.751552468788166589e-02,1.000000000000000000e+00,2.362654569332189869e-02,-6.008901470680734214e-01,5.609842540007502487e-01,9.136112987370670346e-01,5.335626648668609917e-01,8.917049292327350329e-01,5.451352542561648251e-01,3.544347800735967446e-01,8.800788517298739899e-01,2.022707407971623475e-02,-3.287489061295501003e-01,7.047343445614505653e-01,6.703248093497278237e-01,-3.994485601404026420e-01,-9.141468211077963257e-02,-5.556350395441294054e-01,-1.586168888488213857e-01,-5.544063015028430907e-01,-1.534799799621283656e-01,-4.471834232045152069e-01,-4.843486302498999918e-01,-4.600975264335713244e-01,-6.689105444293206304e-01,-6.785520262594608720e-01,-9.554389348054895814e-01,-4.792456596103475408e-01,-9.273444569400237647e-01,-2.449175641046493490e-01,3.284598378473309599e-01,8.363553340942816439e-01,8.507582394208851317e-01,8.397037432806723212e-01,9.073829129480364131e-01,1.389205843099309001e-01,8.987946013250812660e-01,5.439426115509528037e-01,2.645540187707549618e-01,4.851567654082950543e-01,3.073821317531359454e-01,5.579056463155221968e-01,5.347964298371971764e-02,2.689393974341578453e-01,-4.046104286763946289e-01,-5.353642404027985080e-01,-6.004118249101680904e-01,-1.020437032539546832e-02,-3.959081958238293009e-01,-6.560874429164520460e-01,-2.961851292286731829e-01,-1.385880114351391024e-01,-4.820155185361723049e-01,-5.842500445708946888e-01,-3.236117316935376298e-01,-9.912076165589556176e-02,-4.966583406234118536e-01,-6.101369496912686374e-01,-1.362371525948752327e-01,-8.571327216405254523e-01,-3.525401621488092330e-01,1.717598602016798259e-01,-7.395505256717285203e-01,-1.004807360971550767e-01,2.505565930750575654e-01,-4.336777290014032782e-01,8.558066176284557791e-01,8.922715871544332211e-01,5.416934031483038314e-01,9.031317463201210538e-01,1.264638786126281722e-01,7.284483372248385935e-01,-7.791551278596643704e-02,6.314039467691082708e-01,4.397160216621407575e-02,4.634717264435627149e-01,3.055976051902267732e-01,2.347843399406308040e-01,2.587926988347278301e-01,-6.394443327029059043e-01,-3.356200772688631151e-01,-4.961513671617526211e-01
-4.605667169252502524e-01,1.281754312477052793e-01,-7.347395250838353320e-01,4.086787927779060858e-01,8.555232167999553550e-01,-4.444618383553009533e-01,-3.901284001368796606e-01,8.299206105755835283e-01,5.324421718279527260e-01,-6.810673475273492095e-01,2.362654569332189869e-02,1.000000000000000000e+00,-6.645579125745073625e-03,-6.192554435813404368e-01,2.723883893953505386e-01,5.062867351142891215e-01,4.283690152023303943e-01,-3.626671557018442682e-01,5.776010252552111757e-01,-3.649937321281256919e-01,3.138679465928907453e-01,8.686856373269475906e-01,1.577482821048914186e-01,-2.261536882232253742e-01,4.785774758054383571e-01,-7.778872089541847279e-01,1.765370595243416843e-02,-5.686531066410186464e-01,-6.157078366754954457e-01,-9.714377051426696941e-01,-6.379911584926649670e-01,-7.481802104498755934e-01,-7.969832560569194424e-01,-6.476429471023091855e-01,-6.877800521869373851e-01,6.964977115125513263e-02,-8.691244917566864903e-01,-2.216163644553005851e-01,-1.094158729680430597e-01,9.044119751145710540e-01,-2.426661858213153555e-01,4.613727721617563171e-01,-4.738644917064240292e-01,1.037507142549440042e-01,9.200005332831054927e-01,3.162670730567387345e-01,7.894412574383137260e-01,-2.380007765660119897e-03,8.626612464658267587e-01,6.998530310530148846e-01,8.110243129827481301e-01,6.604225085371386028e-02,-4.739738316053698775e-01,-6.241052824239594621e-01,4.670962793612685182e-01,2.737224019426045540e-01,-8.780243568206661520e-01,-3.803551275112407870e-01,7.165444859286804746e-01,-1.941490254741523869e-01,-9.533327803072770834e-01,2.517221391941202868e-01,5.719526709847536639e-01,-7.885609536803395159e-01,-5.569762407334862830e-01,7.118678300425038685e-01,8.013137477919214657e-02,-9.405905415237549860e-01,-9.190466108974067183e-02,7.600847457560990783e-01,-3.533768368125679293e-01,-3.273008025238289265e-01,-9.490096651347146306e-01,-2.427593463439508548e-01,-6.756873570046565414e-01,-3.935042074168333404e-01,4.312595030402732732e-02,7.659203962194158777e-01,3.914042726539747052e-01,9.696309361413207872e-01,6.722248521342005789e-01,8.793868978192982411e-01,7.583467474508402972e-01,4.155499282066176248e-01,8.642439104944642514e-01,4.806507833897656901e-01,9.440533892873116395e-01,5.447848761613738322e-01,5.087003113707554425e-01,2.104052541252587893e-01,8.101135009728520353e-02
3.744745136465851276e-01,8.403754601206420149e-01,1.807626951364572632e-01,-5.032751199151035415e-01,4.360534361716685847e-01,8.703611320021846787e-01,-2.946589143804633770e-01,-4.117429934933703461e-01,8.130635931163819885e-01,5.535050834945558496e-01,-6.008901470680734214e-01,-6.645579125745073625e-03,1.000000000000000000e+00,5.358138065447342474e-02,-7.620705597573949053e-01,2.001344856787952431e-01,-5.418809077101439664e-01,2.323725545381341850e-01,3.548422289001769703e-01,-6.160206606174118971e-01,-7.375166608822223413e-01,4.125199299814355514e-01,9.848293398558756462e-02,-9.265347846806137877e-01,-3.379013808769180116e-01,-4.175000068953776400e-01,-3.063202119663120393e-01,-5.341479904583501526e-01,-1.017074911195754439e-01,1.338212047499348356e-01,-2.276063626995340761e-01,6.314583161479794260e-01,-3.238750782007907697e-02,6.743485443011748570e-01,2.065313654926264342e-01,7.491056267393745305e-01,2.819959826975558803e-01,3.528311927973701301e-01,8.877987510486926581e-01,-3.000196948359557317e-02,-1.622899086769516164e-01,-6.672902866988488224e-01,-6.242232429650559355e-01,-8.360269141629743661e-01,1.872972142588358591e-01,-7.552223534473471167e-01,-5.292092641831301902e-01,-9.096555921458087113e-01,-3.340826301069489968e-01,3.190148777259572688e-01,-3.310128681990889832e-01,7.314477488038532149e-01,4.577615506916082877e-01,6.260180468217610983e-01,8.115947115589209337e-01,-1.954929789538389362e-01,-3.527360137269790474e-01,8.824370793807357893e-01,4.362955106162135221e-01,-5.544804646957592897e-01,2.487500207345464953e-01,9.428077083925625601e-01,-6.489792085728143811e-02,-2.188959374782757927e-01,6.960443118267415352e-01,6.619769130207270313e-01,-2.407255098548282402e-01,-1.237051869155716688e-01,8.814959189255650029e-01,-1.714432285715579152e-01,-8.211952268642490615e-01,-1.122606255311788502e-02,-1.132966238845239393e-01,-8.737449753442787515e-01,-1.909576209525971624e-01,-6.816532164032905738e-01,-2.116187728983779659e-01,-5.680949538133398535e-01,-4.382239106087241209e-01,3.159435409035063480e-02,-3.706147543537995359e-01,3.987242527594734298e-01,-2.695675432065807176e-01,6.856872835594728377e-01,-1.434541808130126161e-01,4.613867047729899862e-01,-1.105995701750793654e-02,4.566625363228497547e-01,4.954330148868306138e-01,5.623550623955740901e-01,4.293621682259474159e-01
4.318053482504411456e-01,2.361524815056665130e-02,9.091519223390845950e-01,2.769193240378419185e-01,-6.102578440508542590e-01,4.048440625077696642e-01,8.701793306876882683e-01,-2.632853448259106499e-01,-4.127575859092464938e-01,8.126567892771948687e-01,5.609842540007502487e-01,-6.192554435813404368e-01,5.358138065447342474e-02,1.000000000000000000e+00,2.203765527819145642e-01,3.270887095241670206e-01,2.400412909118968541e-01,9.154851528172675001e-01,2.066760231466543418e-01,6.902472943287933926e-01,-6.633679918267354481e-01,-6.090518932381442374e-01,6.506089243816590706e-01,1.944706738547749003e-01,-9.179873324871675733e-01,1.376295740967206915e-01,-7.539055975170783075e-01,-1.388947761235716782e-01,-2.120862473503341283e-01,5.611183296682216159e-01,-1.754306299591538165e-01,4.202693372008180495e-01,4.198116279725151723e-02,2.038382891815514464e-01,-8.497087425186541920e-02,-4.869761875423171404e-01,2.751730872247589721e-01,-5.307483572829142515e-01,4.112005302210235413e-01,-2.796805279978967773e-01,8.640981922243218261e-01,9.697869395576212692e-02,7.153973852165362857e-01,2.723649061957734152e-01,-3.334602735380525762e-01,1.806925851239095104e-01,-3.217961267297095307e-01,-3.342794849900112553e-01,-2.985958361687988671e-01,5.875035684173528922e-02,-1.926451370271914931e-01,4.873489601722676978e-01,8.657785308773801036e-01,4.147959750713390292e-01,-2.921648748268234064e-01,-8.890462824796263597e-01,3.233939781572309768e-01,4.342900821592958205e-01,-8.157404193680494187e-01,-5.268804726451280507e-01,6.401920840177547367e-01,-1.696379961635676586e-02,-9.813744134608913816e-01,5.002532450536581465e-02,7.160668447181798291e-01,-5.125019792451610545e-01,-8.023975957431155326e-01,3.919843940368776813e-01,-2.006421034751414145e-01,-9.430322318363506540e-01,-1.420959765838602229e-01,-5.169318778130717051e-01,4.373941290473183918e-01,-1.698497727718700223e-01,-1.135126248527180970e-01,6.409699145921068375e-01,7.035682557020633832e-01,-3.346853153828204808e-01,3.431995320511267988e-01,-4.790349638763178874e-01,3.616900985513602645e-02,-3.807348133554455116e-01,-4.702548102183768536e-02,2.242515581061015062e-01,-1.960498107949135427e-01,2.910420407100751117e-01,-3.842293332676918194e-01,2.010230102720411693e-01,-6.295912508067335045e-01,-9.947794405742640955e-02,-2.589796112169810427e-01
-3.237532917419774225e-01,-5.748428562291445498e-01,-1.175916453067843599e-02,9.163810484160433978e-01,-1.829562392640574631e-01,-7.372999060826009865e-01,6.000761119206085015e-01,7.435556301195013207e-01,-5.775633775376985968e-01,-3.481173156950228553e-01,9.136112987370670346e-01,2.723883893953505386e-01,-7.620705597573949053e-01,2.203765527819145642e-01,1.000000000000000000e+00,4.477528658986442700e-01,9.357834837796401573e-01,2.167476946214632050e-01,2.840503002632510654e-01,7.461872144423544739e-01,3.461219863005443043e-01,-1.497980807631404121e-01,5.122367701947911911e-01,7.365923161204712688e-01,-4.641376082269816489e-02,-1.260729329670003396e-01,-2.887767968598802804e-01,-7.959643105940032715e-02,-5.234928162190839451e-01,-4.084710419261892711e-01,-4.091982198265217141e-01,-7.575144265583860781e-01,-5.259639834559078908e-01,-8.788373334803271097e-01,-7.363488188763666065e-01,-9.238803236159462973e-01,-6.663830030132198434e-01,-8.434894519090708753e-01,-5.083449207376412593e-01,4.813099321695639143e-01,5.919900654306590182e-01,9.584586280904056066e-01,6.925106487954351131e-01,9.643458603368310067e-01,2.749475196019046663e-01,9.848243741874751489e-01,7.759630039503844223e-01,4.993908165048365766e-01,6.862092152536852785e-01,2.940713035534806563e-01,7.243651691311809859e-01,-1.925613525183449415e-01,-8.567823214526147646e-02,-6.712323656265524185e-01,-5.363843968740292789e-01,-2.916921670650342024e-01,-1.154190230503524262e-01,-6.835788100082041963e-01,-4.325547410432681872e-01,-7.344036988233758334e-02,-4.330424782408521245e-01,-6.036719475093050846e-01,-2.486885507412135987e-01,-3.628316997683809775e-01,-4.552237196126898144e-01,-3.997198473964069798e-01,-3.361841167980584855e-01,-2.996031293507420146e-01,-9.403156983911751254e-01,3.051591085315926832e-03,3.140822043202537439e-01,-6.098914420934419267e-01,-2.799385557514512679e-01,4.175567602173949067e-01,-4.206085230823191634e-01,7.442048115807764486e-01,7.226023197707017731e-01,7.819385010143805603e-01,8.990393292400873371e-01,3.326242846230949568e-01,8.240465836456486448e-01,3.671699784445556225e-02,7.423199964912913229e-01,-9.367258023477417761e-02,6.058751391231939065e-01,1.878731422908563320e-01,4.180215955213509860e-01,1.717571760883454257e-01,-4.965611256804884355e-01,-3.799698549036257811e-01,-4.816636466395797789e-01
-3.027914319935193221e-02,2.938538769646880655e-01,1.313315293450791621e-01,7.037684223358974256e-01,4.194629967252015978e-01,3.388923182589127087e-02,4.259975065382591852e-01,6.317670593280646507e-01,3.021602942673380920e-01,1.450886930235515682e-01,5.335626648668609917e-01,5.062867351142891215e-01,2.001344856787952431e-01,3.270887095241670206e-01,4.477528658986442700e-01,1.000000000000000000e+00,6.802226247612090937e-01,5.771928588481555211e-01,9.471156419353112810e-01,2.099611992887951140e-01,-4.416758578769026111e-01,4.354091543876524861e-01,8.876183789651349576e-01,-1.943742691083285568e-01,-4.592412733495550015e-01,-8.287462886214443936e-01,-8.244286153113300486e-01,-8.940981910753227346e-01,-9.639019373506979571e-01,-5.278658842402879081e-01,-9.687619779747242976e-01,-3.434699666176804778e-01,-8.967905560753914873e-01,-4.488406684650572687e-01,-8.699002614228745767e-01,-3.266968126745414813e-01,-6.911382615524710449e-01,-7.728557295622217049e-01,4.343082375426950970e-01,7.641860515593374981e-01,6.068580101432835550e-01,5.504899711253241623e-01,1.108709474658188671e-01,2.911561902673517332e-01,7.562063740631732589e-01,4.547331964297857132e-01,5.110251140157727745e-01,-4.884116996978470904e-01,6.498832901986763000e-01,9.316738225744136681e-01,7.020709247504690609e-01,7.017029323470752589e-01,4.273855998976708315e-01,-2.033370714821583214e-01,3.568708546173795515e-01,-6.497836756080468401e-01,-7.427981934301315370e-01,1.406037308386864915e-01,4.061219130291798124e-02,-8.678197173318972224e-01,-4.075956868822914192e-01,4.124723777136979908e-01,-3.764543720313310859e-01,-9.070009792207872623e-01,2.021075565833493071e-01,3.886834140217563793e-01,-7.904247793573486724e-01,-7.079440001026219287e-01,-1.935423817899478149e-01,-1.296944677577980820e-01,-6.802881896492997127e-01,-9.322557936703831372e-01,-6.708484157129407377e-01,-5.918947535752585587e-01,-9.441068518219345451e-01,1.181801397392239217e-01,7.658935714688542840e-01,4.648728405151215659e-01,7.611774880543185073e-01,6.384770242812333185e-01,7.759322996858475374e-01,6.870126918575657493e-01,8.030388536458090698e-01,8.244061674485724245e-01,7.882845853434807815e-01,9.397462562599517844e-01,7.025006883589168805e-01,9.209975762556923407e-01,2.308229654784629912e-03,2.229086045971924446e-01,-1.175742128775936618e-01
-2.924740442172170662e-01,-3.588547050445514142e-01,-8.497254960476686991e-03,9.702131582017002875e-01,3.173418066302035462e-02,-6.010970881028778745e-01,5.880333685562820767e-01,8.327296385365433595e-01,-3.354659419784506991e-01,-2.700926738842279184e-01,8.917049292327350329e-01,4.283690152023303943e-01,-5.418809077101439664e-01,2.400412909118968541e-01,9.357834837796401573e-01,6.802226247612090937e-01,1.000000000000000000e+00,3.339545328251125600e-01,5.544756677893679653e-01,6.450544397086896975e-01,1.601286473801281363e-01,6.380470623471244662e-02,6.947670427265445481e-01,5.172881745058773850e-01,-1.512849077283429100e-01,-4.016064891951331428e-01,-4.841626123878930432e-01,-3.715140491306478387e-01,-7.523140310110282281e-01,-5.465189255658117196e-01,-6.609177423321984657e-01,-7.544427216568988515e-01,-7.414736911577572975e-01,-8.771241795683174525e-01,-8.948229407566850035e-01,-8.337583996865747249e-01,-7.941535500620514609e-01,-9.240382420574287936e-01,-2.781078923830143657e-01,6.714464249740831336e-01,6.454697470897217126e-01,9.602137451173345939e-01,5.596488455563727316e-01,8.650934329120145705e-01,5.047675850996040658e-01,9.449326967760458551e-01,8.225721580284819368e-01,2.498316085496194994e-01,7.982369131135098606e-01,5.627426635555938805e-01,8.439800359609007652e-01,6.553589101720644350e-02,3.631735997228179025e-02,-6.379456978686637303e-01,-2.929768297779592467e-01,-4.192473724839567706e-01,-3.718999888282911725e-01,-5.274454542804662971e-01,-2.934283123368657265e-01,-3.362633728668396049e-01,-5.254638978626283707e-01,-3.407653580079652023e-01,-2.818211442641001541e-01,-6.123595686385123749e-01,-3.303524482730765266e-01,-1.562778510968879930e-01,-5.070954690958495714e-01,-5.096658643210676409e-01,-8.133701588007420380e-01,5.328114135907871876e-03,1.933324703946175116e-02,-7.924817421630179215e-01,-4.855177333758684544e-01,1.358773445423860082e-01,-6.656648748142107719e-01,6.076007916808348064e-01,8.152943402363019842e-01,8.107902042905693607e-01,9.746674507179375890e-01,5.177046418386527238e-01,9.357993211304718173e-01,2.909784413149467674e-01,8.821179666309267864e-01,2.007756383881703910e-01,7.782242562018096832e-01,4.668326493275580247e-01,6.063697309581423944e-01,4.533600977299154233e-01,-3.684159694284291908e-01,-2.182947235904141303e-01,-4.173054914674321769e-01
