1.000000000000000000e+00,4.173099501560831315e-01,3.638297742035679905e-01,3.619546575840294489e-01,2.337087637205986224e-01,2.334507765444628902e-01,2.796169198711295767e-01,1.800333644290858792e-01,1.581558092538067894e-01,2.407092260948841544e-01,1.504430632564175974e-01,1.395881403347356275e-01,1.361744855924024167e-01,1.214057629319331699e-01,1.260759936900643641e-01,1.211450730887705801e-01,7.327983564217305235e-02,6.996261738743628222e-02,6.379602025726073544e-02,5.813243936092768460e-02,7.652316469942394180e-03,-4.855858016153064699e-02,-3.623780350780433923e-02,2.630058810150744109e-02,5.529093673370517187e-02,9.932074313015976791e-03,4.800058659813029316e-02,-2.502763025745588510e-02,-5.996782950045526084e-02,-3.997721621988024193e-02,-4.620663237638578807e-02,-4.588405360458337745e-02,-2.977026658492957362e-02,-2.788474973648839492e-02,-5.145724237679326352e-02,-4.029280622776980347e-02,4.140736209872643682e-04,2.377420490357621055e-02,4.919901105260008484e-02,3.271539927022606292e-02,5.085462267867232183e-02,8.074418389949471198e-02,2.620685859493409459e-02,6.179278693032632525e-02,1.057868525433498276e-02,1.858669605998477387e-02,3.592044446495096244e-02,1.763462850159113610e-02,3.870815401722098315e-02,6.084403795259040598e-02,9.322334512174465862e-03,4.874560970980068575e-02,-1.459561542826819797e-02,1.120238051350209985e-02,1.028956174054084871e-03,3.186213876204085221e-02,9.797419115898425759e-04,-3.278917632042314262e-02,6.008836939426091817e-02,3.580464561016875186e-02,-4.957167073463643325e-02,-2.732976584572539835e-02,1.481947055808718015e-02,2.454709395932159338e-02,-4.225435379334772923e-02,-1.749565408673530581e-02
4.173099501560831315e-01,1.000000000000000000e+00,3.337942334698366653e-01,2.906513062853334772e-01,3.329829350188578396e-01,2.261591712438514867e-01,2.434033528730620566e-01,2.319031606442899796e-01,1.538600247769753848e-01,2.049116279062326573e-01,1.670579582896239146e-01,1.287856054619206381e-01,1.327311210090576232e-01,1.348609995029130815e-01,1.145255168096978859e-01,1.154953812059689583e-01,7.698319154428308331e-02,7.509354940811507895e-02,5.739343338095750924e-02,5.323734023353503958e-02,1.853041378158647515e-02,-6.551139756319018792e-02,-2.641949779998455441e-02,3.742355281478062373e-02,4.888375296553001959e-02,-1.331775507251487661e-02,2.992276547121650379e-02,-5.710328827277601910e-02,-7.203485442165757924e-02,-6.338835534200500110e-02,-5.975200336184494088e-02,-5.887449194056650070e-02,-4.605263394720893882e-02,-2.906176737491333179e-02,-4.344235652070750631e-02,-4.006462039375924267e-02,6.430247554365097276e-03,9.249087904116586739e-03,3.716804220237350520e-02,1.832683643045773803e-02,3.283269055112778001e-02,8.035866306177766316e-02,2.548487764599761951e-02,5.423216228032366054e-02,8.958739842552219251e-03,1.997140483193888053e-02,4.428831313076441595e-02,2.357802843629917822e-02,5.233307360529752122e-02,6.856666433352930079e-02,2.109568558518764084e-02,3.685011389274776145e-02,-2.519901242028737415e-02,-9.599710594811213102e-04,5.764633704893439969e-04,2.297478555806441516e-02,6.918470980677575953e-03,-3.171744599023913758e-02,6.670525469416561937e-02,3.458947432067040195e-02,-6.759030278124777968e-02,-4.142744544198115331e-02,5.037017527831470776e-03,3.367748438089755714e-02,-3.605610505259011778e-02,-1.608234206349637777e-02
3.638297742035679905e-01,3.337942334698366653e-01,1.000000000000000000e+00,3.743856431573904242e-01,3.990367849992209615e-01,5.091664793595113148e-01,3.203237951456741062e-01,2.991591350406898053e-01,3.372585190890181051e-01,2.799413306532178014e-01,2.336162765752548554e-01,2.514060073253104322e-01,1.822251850601601109e-01,1.884498643576373034e-01,2.222620631892691934e-01,1.626559347785084264e-01,1.511214330771654402e-01,1.247435407549924574e-01,8.622903730720406223e-02,7.164772639137680088e-02,4.107687930612747423e-02,-5.945282244045704129e-02,-4.764917417271884864e-02,2.269618113057952913e-03,1.955322579345110737e-02,-2.039378732965028279e-02,4.650536683109802311e-02,-7.506482816563350702e-02,-8.267542110708663017e-02,-3.752388044470786332e-02,-5.123424257457842579e-02,-4.368577801742266203e-02,-2.885006758032217233e-02,-3.371044368495350330e-02,-4.743771501554232967e-02,-3.176191721508517946e-02,1.501830224304609787e-02,1.533104869224147411e-02,7.293113316729840645e-02,4.959347718410333367e-02,4.848189751250305685e-02,1.108641950578679175e-01,7.159352526706236342e-02,8.850112173902449642e-02,9.631429678733363295e-03,1.280547758584810007e-02,6.139740711831953579e-02,2.633343328204942185e-02,5.984161764810249501e-02,9.388047850130143424e-02,8.086637491459339189e-03,7.841034392554786792e-02,-9.857852875642917831e-03,1.092728315050593745e-03,-3.273339528090484646e-02,1.960494452992585929e-02,2.396385757135804928e-02,-5.171356766314477715e-02,6.286368391700106195e-02,6.639170192510859825e-02,-3.149959147953442645e-02,4.060510218072567630e-03,3.929690681210139258e-02,5.472505145893534484e-02,-3.263884238522041931e-02,-1.552755838308217569e-02
3.619546575840294489e-01,2.906513062853334772e-01,3.743856431573904242e-01,1.000000000000000000e+00,3.979857683712145211e-01,3.910849927657960579e-01,6.513444664133763995e-01,3.295540759321845536e-01,2.825210879358696081e-01,5.721688542198725136e-01,3.363737530805395726e-01,2.697597654363179664e-01,3.444368055725752220e-01,2.898333783891540727e-01,2.288067772579932546e-01,2.833286188284753204e-01,1.786219313508346784e-01,1.298589350831995948e-01,1.316104869450530068e-01,1.379464629878550952e-01,8.494622060317623402e-02,-8.111192922373926251e-02,-2.936453316717517123e-02,9.792655279350255537e-02,7.465296327230694362e-02,-3.874137753403788381e-02,8.086701514632285703e-02,-8.950047526895944794e-02,-1.497888941607396218e-01,-8.832296712204931732e-02,-9.786152540145155732e-02,-1.221910938940050095e-01,-5.757656601951568337e-02,-4.547508625493240642e-02,-1.149176815062264156e-01,-5.873784571330758347e-02,-7.440964430583021059e-03,1.865698973490933360e-02,6.846089162205457046e-02,6.134346550116739905e-02,7.024992542508944060e-02,1.157873529648745375e-01,4.863366583374183899e-02,9.725977194671692194e-02,5.496503233418523898e-03,2.372331633060296291e-02,7.218258173103130060e-02,3.008435414412494874e-02,9.134040934695948633e-02,1.179543269437419023e-01,8.228326270600858777e-03,9.293066057418668258e-02,-1.938616654821422557e-03,-1.024854734563569389e-02,1.977547887289432191e-02,8.909341289008246290e-02,5.352553035310962659e-02,-4.283938704996590602e-02,1.380654241528035397e-01,9.229967701392013946e-02,-1.150753884580334452e-01,-4.008160102459934482e-02,6.946673659400710854e-02,1.166389374584195504e-01,-7.880964639109737380e-02,-1.877293284812971749e-03
2.337087637205986224e-01,3.329829350188578396e-01,3.990367849992209615e-01,3.979857683712145211e-01,1.000000000000000000e+00,4.176642107834497852e-01,3.545639972708919396e-01,5.364357974205342661e-01,2.340859301654240054e-01,2.577963571558129496e-01,3.723336185431226353e-01,2.230920500874208623e-01,1.890183987709140034e-01,2.979887348314899098e-01,2.230487012502839206e-01,1.715496591119603509e-01,2.014661170224878173e-01,1.402478854548605269e-01,7.828537680684381772e-02,5.359841200477926532e-02,6.563333425071538052e-02,-5.160180307341265260e-02,-5.122860224056704354e-02,1.858985452712448583e-02,-1.052540938584078066e-02,-4.038342520988787848e-02,2.752540926660270587e-02,-8.844983673770666355e-02,-1.051974053141037369e-01,-5.583877485339538288e-02,-7.686461278581803447e-02,-1.065383812305704669e-01,-4.679920351195068079e-02,-5.859725101023980504e-03,-3.240180919368514795e-02,-5.049519825472800066e-02,8.966185819454142343e-04,-7.138400896617670341e-04,7.274642280224571933e-02,5.404040513425553000e-02,5.304514195798694376e-02,1.339778384952910184e-01,7.607431629796523875e-02,7.435435791343443512e-02,-4.513157091412629482e-03,-3.291569587547162057e-02,3.802812184163494730e-02,2.933336877807530413e-02,6.692583554756516284e-02,1.097938674286056820e-01,4.569990299142627672e-03,7.871695822695397304e-02,-1.593475662731558620e-02,2.124728036100384868e-02,6.789725295623991359e-03,3.140368201945407944e-02,4.575293176253869554e-02,-3.597082080706805532e-03,9.140037648971839623e-02,7.420333072871361513e-02,-3.572652146207151019e-02,1.079634807158419071e-02,5.842887939389554419e-02,3.136881500361735770e-02,-4.831223769956736330e-02,-1.168487592614727080e-02
2.334507765444628902e-01,2.261591712438514867e-01,5.091664793595113148e-01,3.910849927657960579e-01,4.176642107834497852e-01,1.000000000000000000e+00,3.610431186893029998e-01,4.010281937293879162e-01,5.572059067756855999e-01,3.118306991426406105e-01,2.706065812362937750e-01,3.488945513405956600e-01,2.118671543429793136e-01,2.225801266386606969e-01,2.916409656952111962e-01,1.957647449813859353e-01,1.600485137373776345e-01,1.561309306906423500e-01,8.865560631843834305e-02,8.338821214630136314e-02,1.427946688401123855e-02,-8.316554075294391168e-02,-6.458310314716315947e-02,-2.256331187286017299e-03,5.191701268231705552e-02,-1.383379176430841843e-02,3.707656337084720005e-02,-8.986089640172875703e-02,-1.055620498083282149e-01,-6.600643539242634361e-02,-7.142578892745227170e-02,-4.998894873234425995e-02,-5.537425276042163419e-02,-2.281424025809757061e-02,-5.330544266515259422e-02,-1.314134991643910698e-02,4.712590714520888818e-02,4.507868202177731098e-02,8.345217449600769721e-02,8.407964802742276533e-02,6.354913481425684962e-02,1.351935349298174216e-01,1.026923000473337760e-01,1.087941101716782266e-01,-1.803544998764766705e-02,7.706120980380191422e-03,5.414330162029389049e-02,5.066805104910877475e-03,3.976579213996891266e-02,9.157585857046660061e-02,-2.298345853595155919e-02,9.180620939920859647e-02,1.654308731259620038e-02,2.536021981005751307e-03,-2.428006753815469682e-02,2.548734127944924169e-02,4.870210703679651171e-02,-6.955435549280566954e-02,6.980146634858221122e-02,7.351491171158659743e-02,-5.871014793875515420e-02,-2.378036069748758197e-02,2.317953072307745235e-02,4.759502700262683433e-02,-4.628051139244637041e-02,-4.328237191373724563e-02
2.796169198711295767e-01,2.434033528730620566e-01,3.203237951456741062e-01,6.513444664133763995e-01,3.545639972708919396e-01,3.610431186893029998e-01,1.000000000000000000e+00,4.154810363070345902e-01,3.851671137914181031e-01,7.758577491217716338e-01,4.525877895283318408e-01,3.364696093591977299e-01,4.412197651924438246e-01,3.990693260793482522e-01,2.933390059671992511e-01,3.743710810718979820e-01,2.387940392541918200e-01,1.539319355430660008e-01,1.752112985313307725e-01,1.713037193542069070e-01,8.412327499224736549e-02,-1.208472714523748798e-01,-5.574095500526154989e-02,1.148637191402291646e-01,1.075355477523183972e-01,-3.863376103832053682e-02,1.016955132511623561e-01,-1.184281274522488020e-01,-1.887217279227887679e-01,-1.222158224863391929e-01,-1.448981623193996982e-01,-1.741232498159998587e-01,-8.138336818105745829e-02,-4.126974383646605377e-02,-1.241737779440182099e-01,-7.619388821372774512e-02,-2.782341082503928410e-03,4.028128278395775447e-02,1.075456575867234366e-01,6.707665368240106618e-02,9.877270550552812167e-02,1.723556744020097731e-01,5.920676910452132152e-02,1.128790079790332468e-01,7.549009661814064243e-03,2.012125217997969007e-02,6.559173602307274975e-02,4.234097753638085826e-02,1.229451499268928300e-01,1.432462526104303357e-01,3.209687868220993060e-03,1.226928252372094519e-01,8.566524333946419619e-04,5.631875507842993948e-03,4.635714475742135771e-02,1.139533487457173450e-01,7.371878035771405047e-02,-4.664786649641363553e-02,1.695326632039168557e-01,1.097604467320025534e-01,-1.472803068425099504e-01,-4.267584564206717418e-02,1.003035380531340504e-01,1.452011552101342973e-01,-1.008626128408859068e-01,-1.098942519029180720e-02
1.800333644290858792e-01,2.319031606442899796e-01,2.991591350406898053e-01,3.295540759321845536e-01,5.364357974205342661e-01,4.010281937293879162e-01,4.154810363070345902e-01,1.000000000000000000e+00,4.243460578886418255e-01,2.844151497390924321e-01,5.757394580363863756e-01,3.399546096949248031e-01,2.331349670488800652e-01,4.625198851576919901e-01,3.403014230109412952e-01,2.391431208557986687e-01,2.918575721094078257e-01,1.729536386360995825e-01,9.087696582669016476e-02,4.039465154224935323e-02,5.094249784024822841e-02,-6.395166091672203901e-02,-1.094633353201327070e-01,-1.674537294536019086e-02,-1.592657218709328526e-02,-6.999368832846876443e-02,-1.790440094019968287e-02,-1.377393760455398186e-01,-1.279867440844349169e-01,-7.224515963939197316e-02,-1.318240998186641366e-01,-1.145210131846673834e-01,-4.307486920047537415e-02,3.103562670731581374e-02,-3.647487070995100722e-02,-1.578498385962651129e-02,3.996517783980751970e-02,3.186946895451476386e-02,1.267483041769678076e-01,9.518848012021041693e-02,6.421985394307978823e-02,1.986938136357662699e-01,1.309144351578957199e-01,1.201545938698207749e-01,-1.678718590368990030e-02,-7.271128952804800649e-02,1.662598814442580938e-02,2.753219093594867425e-02,5.182248785499992544e-02,1.245182206117010498e-01,-4.084782733875700483e-02,1.446445269095764374e-01,1.149602712943886655e-02,3.360511085933579056e-02,-1.364227800619140220e-05,1.216057546821130812e-02,5.077058994523619972e-02,-3.414504355715163725e-02,7.480169325350027876e-02,1.333816482910781531e-01,-5.734238306767845510e-03,2.301017529757076394e-02,7.575944363096580314e-02,2.073338605139288596e-02,-1.013466613425334645e-01,-1.989651670891605384e-02
1.581558092538067894e-01,1.538600247769753848e-01,3.372585190890181051e-01,2.825210879358696081e-01,2.340859301654240054e-01,5.572059067756855999e-01,3.851671137914181031e-01,4.243460578886418255e-01,1.000000000000000000e+00,3.864975385861473267e-01,3.033399078157466011e-01,4.470192028266343209e-01,2.547141058906225997e-01,2.687250216437908623e-01,3.736260971134629516e-01,2.358489105328538671e-01,1.557180810397345294e-01,1.637378670979650341e-01,1.426954860572740291e-01,1.230131273433631850e-01,-1.337523921895385388e-02,-1.181275517055257462e-01,-8.729683931731187230e-02,9.669073086030302924e-03,1.272777575027416730e-01,4.603631796519925060e-03,4.113119595585042892e-02,-9.583503277888993921e-02,-8.886460192799480740e-02,-1.178958774553894862e-01,-1.195717408354366046e-01,-6.863443926456441746e-02,-1.050416806097498185e-01,-2.674119551208047497e-03,-2.375912295728800291e-02,-4.257929698459133119e-03,7.883436796450360440e-02,1.182704608902105520e-01,1.563007100128963878e-01,1.379383409494136237e-01,1.337211943051737906e-01,1.771658146649637833e-01,1.421947252948511098e-01,1.487108530402815876e-01,1.046608739277908595e-02,2.889126586579124356e-02,4.945479386999998561e-02,3.777266875067041008e-02,3.238880094846272734e-02,1.041045468030562249e-01,-3.718260413045146318e-02,1.098698533606169425e-01,1.288768692376015060e-02,-6.709227534130648464e-03,-2.866910177236882407e-02,2.604181708382311000e-02,6.868465788399980530e-03,-1.358564221741340172e-01,6.578900222944841780e-02,9.499256995336842480e-02,-8.275576842242753084e-02,-8.797367249930600208e-02,-2.719052669979007963e-02,4.116175820674052022e-02,-8.694105736826719666e-02,-9.765955265209445846e-02
2.407092260948841544e-01,2.049116279062326573e-01,2.799413306532178014e-01,5.721688542198725136e-01,2.577963571558129496e-01,3.118306991426406105e-01,7.758577491217716338e-01,2.844151497390924321e-01,3.864975385861473267e-01,1.000000000000000000e+00,3.935684040762305047e-01,3.868570478153307568e-01,4.995214011737330040e-01,3.730268454897188168e-01,3.134464953701205370e-01,4.120255430765067395e-01,2.333105013357420210e-01,1.689761017549101241e-01,2.161709791672151992e-01,2.167038701292000047e-01,8.300520597434259129e-02,-1.584628461613861450e-01,-6.324717841642518712e-02,1.288992070814940494e-01,1.487031598847018410e-01,-3.119840739592257342e-02,1.256911312573674444e-01,-1.264145514753290955e-01,-1.996810882933670317e-01,-1.446785038860752826e-01,-1.460774645537824545e-01,-1.683734044041902411e-01,-1.029925862232499295e-01,-7.754879800580595506e-02,-1.338823782466856127e-01,-7.916557847991124997e-02,5.325639726573751752e-03,7.721493536370657718e-02,1.246823974842349858e-01,9.051772940575456006e-02,1.396642913743340320e-01,1.771838344613989591e-01,6.571788254578254940e-02,1.353896385819457482e-01,2.789601288206811774e-02,6.193743868296024135e-02,8.620408347521194004e-02,6.181019589600093150e-02,1.258818496083811966e-01,1.503734639934358186e-01,6.898225531337792357e-03,1.069786517299029377e-01,-1.205579447265884077e-02,-1.694360681190465109e-02,4.074552208431323624e-02,1.258596551503531891e-01,7.789055440239280037e-02,-7.999047313878361598e-02,1.891631860371242035e-01,1.273836195728370591e-01,-1.762549058383334477e-01,-7.534462060945182338e-02,8.578089587977616448e-02,1.598905388915202452e-01,-1.157582446442556728e-01,-3.707411784497908341e-02
1.504430632564175974e-01,1.670579582896239146e-01,2.336162765752548554e-01,3.363737530805395726e-01,3.723336185431226353e-01,2.706065812362937750e-01,4.525877895283318408e-01,5.757394580363863756e-01,3.033399078157466011e-01,3.935684040762305047e-01,1.000000000000000000e+00,4.244960622868279576e-01,4.243679989867697455e-01,7.709542587838197347e-01,4.547751543209029856e-01,3.909142513054176815e-01,4.005392842693234479e-01,1.827619508021550432e-01,1.563888260737355818e-01,9.649907942170946051e-02,8.144881098855917545e-02,-1.188667469518162739e-01,-1.393042323579702368e-01,3.197867904851407067e-02,7.677362000466339716e-03,-9.949335681183572866e-02,4.802291499487029713e-02,-1.954989836905356437e-01,-2.190250381453738016e-01,-1.206395908118376437e-01,-2.204166903072709294e-01,-2.104817736301393682e-01,-6.177160970652727234e-02,1.623419866216949115e-02,-8.772099110439336711e-02,-8.338827511129569270e-02,-2.945881593542895929e-02,-1.665112347827195013e-02,1.380314765887898087e-01,1.019593939045682490e-01,5.361367735892236946e-02,2.423682257215173663e-01,1.316447516286568253e-01,1.392315516501188566e-01,8.634257368026084650e-03,-6.265668459717463334e-02,4.452383863600745811e-02,1.935905209188441833e-02,1.335502333597857194e-01,1.533623689898260534e-01,-3.136515371555204795e-02,1.935152161287488348e-01,1.575401045954502935e-02,8.000559282518017457e-02,6.930415443091751670e-02,9.743633846860777492e-02,9.396500919813959019e-02,-2.706442424137326871e-02,1.468119146404530673e-01,1.776696984077265895e-01,-6.323386932078819966e-02,3.818827356920923705e-02,1.684080919602144732e-01,1.095648031982151133e-01,-1.346208938138558908e-01,2.334537169220778086e-02
1.395881403347356275e-01,1.287856054619206381e-01,2.514060073253104322e-01,2.697597654363179664e-01,2.230920500874208623e-01,3.488945513405956600e-01,3.364696093591977299e-01,3.399546096949248031e-01,4.470192028266343209e-01,3.868570478153307568e-01,4.244960622868279576e-01,1.000000000000000000e+00,4.622366575774538577e-01,3.482870532548746345e-01,7.493799453225690188e-01,4.275479992673749674e-01,2.996636089032309602e-01,3.043053093143782140e-01,3.037339169022268970e-01,2.354561568150884687e-01,5.159596300804483726e-02,-1.938257412341880814e-01,-1.134804773866821825e-01,6.320896817839044557e-02,1.666011627884604052e-01,-1.029514558867607732e-01,6.245710770433088310e-02,-2.064804778957632370e-01,-2.414851690386213279e-01,-1.758823260525040344e-01,-2.513633893422325127e-01,-1.627051443061718894e-01,-1.554468527054381211e-01,8.473817948217955351e-03,-5.532931069676638725e-02,-7.523549797877734924e-02,2.438320118382971552e-02,7.663172672262105745e-02,2.154120785985093600e-01,1.814020589124563931e-01,1.592382122458780025e-01,3.075024157459403940e-01,1.650426998574632542e-01,2.009088810534244152e-01,3.069135055614782837e-02,7.354039979490471779e-02,1.401115515235636932e-01,6.753426791457156630e-02,1.244879321908284736e-01,1.982647013545651704e-01,-3.167779442472221096e-02,2.003482180656663003e-01,8.556424111219625497e-03,2.525009669066687057e-02,-5.335733678515230255e-02,4.189389627252618903e-02,6.657442213436116918e-02,-1.850820645587464564e-01,1.688711121822729089e-01,1.996163593762650401e-01,-1.470397961651742913e-01,-9.819700480181334235e-02,5.017812515914503446e-02,9.884807856138148885e-02,-1.531120450884049800e-01,-1.238084700237637448e-01
1.361744855924024167e-01,1.327311210090576232e-01,1.822251850601601109e-01,3.444368055725752220e-01,1.890183987709140034e-01,2.118671543429793136e-01,4.412197651924438246e-01,2.331349670488800652e-01,2.547141058906225997e-01,4.995214011737330040e-01,4.243679989867697455e-01,4.622366575774538577e-01,1.000000000000000000e+00,4.389675506850130304e-01,3.408351686376422940e-01,7.346766334478710414e-01,3.381793977053378919e-01,3.142036061573155181e-01,2.888551113115749858e-01,3.243581069520529714e-01,9.797677291006749722e-02,-2.806742110041608451e-01,-1.260111801959357958e-01,2.059896014012100041e-01,2.521626738383230815e-01,-4.159863010212325879e-02,2.135921112233102881e-01,-2.084684989753348150e-01,-3.368237754462880540e-01,-2.360054408384717750e-01,-1.773957210768640491e-01,-1.632275676058130842e-01,-1.779233889563797966e-01,-1.704752124348803410e-01,-2.229451330800060194e-01,-1.417856723409283426e-01,-8.849372836854162150e-02,-2.681033191289377768e-02,7.860100895095538387e-02,1.063464664997260251e-01,9.730762313695939802e-02,1.943199641587676219e-01,1.003524254053275166e-01,1.864425239094567310e-01,6.467148300556349594e-02,1.795663020343497840e-01,2.648162264530189991e-01,1.150347371420921555e-01,2.256656098409230149e-01,2.627992802395587857e-01,-2.409334851009373862e-02,2.388075406468082307e-01,2.894084326415986494e-02,-6.235013913170276562e-03,7.177965726535426999e-03,1.540065355007233516e-01,1.498726365412529626e-01,-1.690813983328223746e-01,3.398365621171828277e-01,1.886749008700611407e-01,-2.937061073147628210e-01,-1.259008780007915274e-01,1.485595864426857149e-01,2.723528782511515089e-01,-1.309963644199634014e-01,-4.037030520028016961e-02
1.214057629319331699e-01,1.348609995029130815e-01,1.884498643576373034e-01,2.898333783891540727e-01,2.979887348314899098e-01,2.225801266386606969e-01,3.990693260793482522e-01,4.625198851576919901e-01,2.687250216437908623e-01,3.730268454897188168e-01,7.709542587838197347e-01,3.482870532548746345e-01,4.389675506850130304e-01,1.000000000000000000e+00,4.448449487684020265e-01,4.083366920465049121e-01,4.714346411852757823e-01,1.639325241186197213e-01,1.960753008047300683e-01,1.450418645380401883e-01,6.319027051055776945e-02,-1.780491954538696298e-01,-1.465506377677088246e-01,5.284497568806317824e-02,1.452731601572185456e-02,-9.913075300877136065e-02,7.958713893288583974e-02,-2.148959042491623284e-01,-2.551548388020133395e-01,-1.347039811301531387e-01,-2.187417442108181842e-01,-2.494327196366396826e-01,-6.248540207644769084e-02,-4.411551053791140480e-03,-1.233288177091421967e-01,-8.669407072154539096e-02,-4.559532330591118537e-02,9.162881922783076838e-03,1.191320244213768947e-01,1.026748546726332229e-01,9.014957171030583971e-02,2.239859667314164915e-01,1.334246130842133282e-01,1.543349095747327815e-01,3.147719981247722176e-02,-3.607798069503023036e-02,3.672542509679594530e-02,4.229774799015673103e-02,1.367858162885098039e-01,1.434857226463692736e-01,-2.815956855635191186e-02,1.569988090094085187e-01,5.472280114758992613e-03,6.356680230990352509e-02,1.008772553230081193e-01,1.478689432120942060e-01,8.315924765602704383e-02,-2.274240190023364000e-02,1.821019299114817469e-01,1.804448449162315005e-01,-9.789344358128992951e-02,3.161988451283861273e-02,1.886329640447244327e-01,1.470743154395228458e-01,-1.297983590479090121e-01,2.743210328162919848e-02
1.260759936900643641e-01,1.145255168096978859e-01,2.222620631892691934e-01,2.288067772579932546e-01,2.230487012502839206e-01,2.916409656952111962e-01,2.933390059671992511e-01,3.403014230109412952e-01,3.736260971134629516e-01,3.134464953701205370e-01,4.547751543209029856e-01,7.493799453225690188e-01,3.408351686376422940e-01,4.448449487684020265e-01,1.000000000000000000e+00,3.421865852250874918e-01,3.804744197612311418e-01,2.651829919028823035e-01,3.216371744457922621e-01,2.136797478282577989e-01,5.955213675107150217e-02,-1.715142248656507662e-01,-1.309199802921905409e-01,2.385388575281673085e-02,1.031245958253256406e-01,-1.501612719612069602e-01,5.135034395149587483e-02,-2.150112363423287987e-01,-2.260956669952962073e-01,-9.225285139736670581e-02,-2.600503180967835837e-01,-1.933783122438694768e-01,-7.589933230919068685e-02,8.522865161602760642e-02,-2.846517211289631769e-02,-3.883529986566324615e-02,2.983741770297310136e-02,8.091097511821357391e-02,2.335443951986899969e-01,1.852056033901123278e-01,1.632812348622091347e-01,3.451325697922822400e-01,1.695209313765574100e-01,1.939301993528475265e-01,1.411709881727390113e-02,3.305878922682154147e-03,9.337529881897026207e-02,5.116275265848208020e-02,1.002612482851956838e-01,1.709555412309442801e-01,-4.125630269829339697e-02,1.751408369090973749e-01,1.425750216809090146e-03,4.744015280842339005e-02,-2.603012864877536289e-02,5.472018806020227666e-02,6.437349919964334422e-02,-1.217678869568024069e-01,1.441123823710592222e-01,2.034886104354667602e-01,-9.478399361374184595e-02,-2.705053782896593359e-02,1.083378000285083465e-01,9.398183197505173558e-02,-1.343617530691781636e-01,-7.211581227382209136e-02
1.211450730887705801e-01,1.154953812059689583e-01,1.626559347785084264e-01,2.833286188284753204e-01,1.715496591119603509e-01,1.957647449813859353e-01,3.743710810718979820e-01,2.391431208557986687e-01,2.358489105328538671e-01,4.120255430765067395e-01,3.909142513054176815e-01,4.275479992673749674e-01,7.346766334478710414e-01,4.083366920465049121e-01,3.421865852250874918e-01,1.000000000000000000e+00,3.549574918501561260e-01,4.465716254711152855e-01,3.407849389913831795e-01,2.896223475682243031e-01,5.595682950402469658e-02,-2.903701001246470903e-01,-2.203710795772029218e-01,1.100929468616753254e-01,2.386512164690101634e-01,-9.909022328190253415e-02,1.403759190146542934e-01,-2.616432197585937258e-01,-3.334297201612121953e-01,-2.408638393519014487e-01,-2.026978644301585808e-01,-1.703563813032108187e-01,-1.737252090665423743e-01,-1.537327412014604933e-01,-2.201735525341894095e-01,-1.207013169583912304e-01,-9.774633016431882870e-02,-1.367482450824501587e-02,1.202032988800306040e-01,1.411666057858878554e-01,1.254276546394410830e-01,2.398854041678055438e-01,1.303591202553251727e-01,2.145914175155605452e-01,1.097447050468245006e-01,2.054896063525755989e-01,2.823424425083170819e-01,1.731589977441906070e-01,2.565110202554115038e-01,3.262841113935265325e-01,1.070262012518678925e-02,2.708834641996393788e-01,-2.140495331592683764e-02,-1.657047239823784823e-02,-3.299694143102601535e-02,1.244185642665387170e-01,1.620194128262425481e-01,-2.006670022164930844e-01,2.939972115430853350e-01,2.900562523635872303e-01,-2.096466576430003059e-01,-1.151911873210854087e-01,1.482729499445282484e-01,2.248848807257609050e-01,-1.935742030310397266e-01,-5.554124602161418511e-02
7.327983564217305235e-02,7.698319154428308331e-02,1.511214330771654402e-01,1.786219313508346784e-01,2.014661170224878173e-01,1.600485137373776345e-01,2.387940392541918200e-01,2.918575721094078257e-01,1.557180810397345294e-01,2.333105013357420210e-01,4.005392842693234479e-01,2.996636089032309602e-01,3.381793977053378919e-01,4.714346411852757823e-01,3.804744197612311418e-01,3.549574918501561260e-01,1.000000000000000000e+00,3.227448527273299450e-01,3.338863225243076660e-01,1.677180443855943726e-01,2.288888471629722532e-01,-2.386191936566998129e-01,-1.586912318157199242e-01,-2.960974164535249472e-03,-1.259018279411059094e-01,-3.298778973066116560e-01,5.176189560083409996e-02,-3.452785246899245930e-01,-3.692152106015496038e-01,3.628341624701299575e-03,-1.732655160946518780e-01,-9.144939469215039585e-02,8.200040646968666594e-03,2.668041876736142182e-02,-1.337921059285711589e-01,-5.074129296524534927e-02,-6.803583850701193370e-02,-3.831419282330748854e-02,5.524900336815187496e-02,1.509042947534272039e-01,7.299791908385683259e-02,2.399322577645288945e-01,2.050370989575980019e-01,2.529130019046521571e-01,5.531312216561990597e-02,-4.763985309221341335e-02,1.738053601310043661e-01,1.160954467775150573e-01,8.965311773729747746e-02,2.111428803039945012e-01,-1.525056016776072110e-01,1.329146625521571146e-01,-2.457160863112219790e-02,-7.896923620406334776e-02,-1.374885711075506459e-02,1.675848610059852140e-01,1.975311595101526541e-01,3.097810855778539846e-02,2.620192183272415098e-01,3.134063692845207583e-01,-4.819018679461615356e-02,1.811574369175298349e-01,3.332136397917304649e-01,1.738987267844906426e-01,-7.112339206587124651e-02,7.113423526346891734e-02
6.996261738743628222e-02,7.509354940811507895e-02,1.247435407549924574e-01,1.298589350831995948e-01,1.402478854548605269e-01,1.561309306906423500e-01,1.539319355430660008e-01,1.729536386360995825e-01,1.637378670979650341e-01,1.689761017549101241e-01,1.827619508021550432e-01,3.043053093143782140e-01,3.142036061573155181e-01,1.639325241186197213e-01,2.651829919028823035e-01,4.465716254711152855e-01,3.227448527273299450e-01,1.000000000000000000e+00,2.798804467018434772e-01,9.019532801287029333e-02,6.618466072940647205e-02,-2.706992552006626251e-01,-2.549197316205288333e-01,-8.541337743767388191e-02,2.055675238353609977e-02,-2.742844059544771729e-01,-1.588692463421154943e-01,-3.750589391053778532e-01,-2.587055186048897171e-01,-2.529814077208915601e-01,-2.089406601112457351e-01,-7.697681404776322844e-02,-1.849061492871112988e-01,-1.042817267910317591e-01,-1.231078180018796570e-01,-6.288186494223928225e-02,-9.915734968096748259e-02,1.924294321237472044e-02,1.598789843354406215e-01,1.282912884278662180e-01,1.304111990312950553e-01,2.322330250857717049e-01,1.137651238842132956e-01,2.640764304786191730e-01,2.055195587416747682e-01,2.002942584499031453e-01,2.683374768986604986e-01,2.953298567736608038e-01,2.324030753919390235e-01,3.987703537907986706e-01,1.213747118881896569e-01,2.296894708725956691e-01,-1.609778971215649890e-01,-8.794220181577916406e-02,-2.351760609619721609e-01,-4.816346214461000863e-02,1.874596678633083380e-01,-2.124383563705811440e-01,1.061408207688201710e-01,3.817205453205833598e-01,-1.836149619510677377e-03,-1.092722474076311956e-01,3.148777738196071457e-02,6.598630258992917684e-03,-2.543953888805691177e-01,-1.848867933972821453e-01
6.379602025726073544e-02,5.739343338095750924e-02,8.622903730720406223e-02,1.316104869450530068e-01,7.828537680684381772e-02,8.865560631843834305e-02,1.752112985313307725e-01,9.087696582669016476e-02,1.426954860572740291e-01,2.161709791672151992e-01,1.563888260737355818e-01,3.037339169022268970e-01,2.888551113115749858e-01,1.960753008047300683e-01,3.216371744457922621e-01,3.407849389913831795e-01,3.338863225243076660e-01,2.798804467018434772e-01,1.000000000000000000e+00,5.631969200639124207e-01,-6.028609255554790575e-02,-4.326808272691960999e-01,-1.333255804780013321e-01,1.595332790136953227e-01,3.254280380364087399e-01,-4.740948108351510787e-02,2.115811487275023606e-01,-1.959888058147326584e-01,-1.666864293958861820e-01,-2.168877940222970480e-01,-1.684713145566832104e-01,-5.896266441165605443e-02,-1.883868756552724566e-01,-8.472986162523786502e-02,-5.519893172224309835e-02,-6.050562268038799096e-02,-2.904018783098518894e-02,1.131450948902935211e-01,1.700498667125219521e-01,1.363752527992147245e-01,2.416277580668261538e-01,2.149226024502043364e-01,9.205843580771640167e-02,1.820527136582466565e-01,2.135203412952081381e-01,2.858243070094680371e-01,2.289101003707542659e-01,2.312111614300982887e-01,3.667900643966804375e-01,2.891979462928411237e-01,9.715569554156763821e-02,2.221605003265305078e-01,-4.688549261836590099e-02,-1.104593694105126221e-02,-5.628289023837031169e-02,7.427811920514554647e-03,3.019422712482818655e-02,-2.974172486918655323e-01,2.556655076747060273e-01,2.138514126681170247e-01,-2.721587710982240060e-01,-2.667385477443918185e-01,-2.393955183450010432e-02,1.875172644390651344e-01,-1.693243911469760610e-01,-1.625295625171490899e-01
5.813243936092768460e-02,5.323734023353503958e-02,7.164772639137680088e-02,1.379464629878550952e-01,5.359841200477926532e-02,8.338821214630136314e-02,1.713037193542069070e-01,4.039465154224935323e-02,1.230131273433631850e-01,2.167038701292000047e-01,9.649907942170946051e-02,2.354561568150884687e-01,3.243581069520529714e-01,1.450418645380401883e-01,2.136797478282577989e-01,2.896223475682243031e-01,1.677180443855943726e-01,9.019532801287029333e-02,5.631969200639124207e-01,1.000000000000000000e+00,1.519597561798520513e-01,-2.886487210634496869e-01,1.984538975888851531e-01,4.923772305246637004e-01,3.597155630217998001e-01,2.322323111294894715e-01,4.732841878770093769e-01,7.321987198641680128e-02,-7.626277417504032097e-02,-1.427445271574383501e-01,3.233450626258986549e-02,-3.829474446847550700e-02,-1.279188284224530847e-01,-1.488388414556875428e-01,-8.036719168936283519e-02,-9.603800850136397227e-02,-7.331938739597518295e-02,7.892584884692077640e-03,-7.002034642084731600e-03,-5.116288269205173517e-02,6.019938441917743049e-02,5.612206380366723674e-02,-7.963565993010447708e-02,1.020262885101045833e-02,4.711179865510447401e-02,2.326611422537469553e-01,2.022281778619603176e-01,2.767096217843934350e-02,2.395864183959385829e-01,6.814446004783668298e-02,-3.327067540860173447e-03,1.243699770230948520e-01,9.153436163994996266e-02,4.192276691014254486e-02,1.392961641101934378e-01,1.403293909045594534e-01,4.256160993396861797e-02,-1.384683933740100681e-01,3.893493697990864644e-01,-1.029756248142253694e-01,-4.572799061668481602e-01,-2.375906474864361018e-01,2.154145608006552068e-02,3.665204260076352361e-01,8.023067526630567325e-02,-2.190444350518842842e-02
7.652316469942394180e-03,1.853041378158647515e-02,4.107687930612747423e-02,8.494622060317623402e-02,6.563333425071538052e-02,1.427946688401123855e-02,8.412327499224736549e-02,5.094249784024822841e-02,-1.337523921895385388e-02,8.300520597434259129e-02,8.144881098855917545e-02,5.159596300804483726e-02,9.797677291006749722e-02,6.319027051055776945e-02,5.955213675107150217e-02,5.595682950402469658e-02,2.288888471629722532e-01,6.618466072940647205e-02,-6.028609255554790575e-02,1.519597561798520513e-01,1.000000000000000000e+00,2.216481323373332146e-01,2.609709849291764749e-01,3.449624820609056286e-01,-1.764715257065367637e-01,-2.508114005034136618e-01,1.024670569013978738e-01,-1.517883220318650694e-01,-2.671070722836181854e-01,8.418848800552249101e-02,-8.437490097632184202e-03,-5.767984355788696033e-02,5.942523571313852032e-02,-1.501080342396771215e-03,-5.293486212789261236e-02,-1.320912844031714162e-01,-1.103180206881099329e-01,-2.131956414207784312e-01,-1.321905026579204279e-01,-3.835265730122562611e-02,-1.220133189703114934e-01,5.579697895136159769e-02,-1.267442003903517314e-02,3.119054592567923473e-02,-7.420651928533820996e-02,-1.666179376311351934e-01,7.560229688503718182e-02,-3.645770721942169501e-02,5.993551571678935701e-03,-3.618833063252384352e-03,-1.243831728988362417e-01,9.477250378466730175e-04,2.239267334015147826e-02,-5.704772797598144096e-02,8.943383641437795128e-02,5.960314253998344469e-02,1.403903888304107173e-01,1.747938779544833121e-01,2.422259033046118837e-01,6.976301204775509079e-02,-7.762749166379551147e-02,2.641788862968509899e-01,3.569512083084218079e-01,2.041385792708171887e-01,1.175070827904193815e-01,1.536303552262812400e-01
-4.855858016153064699e-02,-6.551139756319018792e-02,-5.945282244045704129e-02,-8.111192922373926251e-02,-5.160180307341265260e-02,-8.316554075294391168e-02,-1.208472714523748798e-01,-6.395166091672203901e-02,-1.181275517055257462e-01,-1.584628461613861450e-01,-1.188667469518162739e-01,-1.938257412341880814e-01,-2.806742110041608451e-01,-1.780491954538696298e-01,-1.715142248656507662e-01,-2.903701001246470903e-01,-2.386191936566998129e-01,-2.706992552006626251e-01,-4.326808272691960999e-01,-2.886487210634496869e-01,2.216481323373332146e-01,1.000000000000000000e+00,3.685883703711873016e-01,6.748399102485524992e-02,-3.517707643212018009e-01,4.648892196997635867e-02,-3.044282682473068574e-02,2.910378526172616720e-01,3.072734794399152314e-01,3.771082159338189355e-01,2.995508780247119751e-01,1.397936256450137693e-01,3.002828966459013538e-01,1.210077622401596747e-01,1.143606377731769125e-01,1.589554495986706395e-01,1.073350244484264221e-01,-1.003384957909852354e-01,-1.033394419636174399e-01,-8.734344710819799684e-02,-2.068692504145586697e-01,-1.229552052038138388e-01,-3.988305194616108967e-02,-2.009500353033190911e-01,-2.400316373872396214e-01,-3.182532467430606582e-01,-2.560216649596548377e-01,-2.317186785279244376e-01,-2.939432236449119329e-01,-2.561753909410879881e-01,-1.032384675590982820e-01,-1.648327082220531203e-01,1.006419208864300224e-02,1.052406030235106676e-01,9.750883672258132961e-02,1.886722068600873298e-02,-3.214194211120723760e-02,3.393662248139631687e-01,-1.598226879500497244e-01,-1.945236838033869153e-01,2.667224542486113514e-01,3.348794590680771455e-01,6.667864663575183426e-02,-1.491425522188966069e-01,1.664732223681280598e-01,1.967174794000034199e-01
-3.623780350780433923e-02,-2.641949779998455441e-02,-4.764917417271884864e-02,-2.936453316717517123e-02,-5.122860224056704354e-02,-6.458310314716315947e-02,-5.574095500526154989e-02,-1.094633353201327070e-01,-8.729683931731187230e-02,-6.324717841642518712e-02,-1.393042323579702368e-01,-1.134804773866821825e-01,-1.260111801959357958e-01,-1.465506377677088246e-01,-1.309199802921905409e-01,-2.203710795772029218e-01,-1.586912318157199242e-01,-2.549197316205288333e-01,-1.333255804780013321e-01,1.984538975888851531e-01,2.609709849291764749e-01,3.685883703711873016e-01,1.000000000000000000e+00,5.844251770751318631e-01,-1.325504677189674393e-02,2.333065457065958692e-01,3.381919089889990349e-01,4.044065423884536936e-01,9.900712091252375502e-02,1.820650738344007369e-01,3.042552269456503811e-01,-1.437361469038403970e-02,1.165980489639003997e-01,1.435850548998814785e-02,-2.053253105057804145e-02,-9.118405604039313272e-02,-1.086703787955659029e-01,-2.231815528504114965e-01,-2.910211820811502426e-01,-2.992104789802383369e-01,-2.906942653145614397e-01,-1.796077384643759434e-01,-2.661941746993696789e-01,-2.998339041008040162e-01,-2.909155608201097754e-01,-1.509827069603620620e-01,-8.778959527549359820e-02,-3.388353758276225758e-01,-1.635002675276763517e-01,-3.591726227876954614e-01,-1.851641368040736479e-01,-1.240426909023357588e-01,1.952445146931742481e-01,1.458320482440747523e-01,3.156203634865508145e-01,1.642457486295841040e-01,6.761288976389290273e-02,3.345679340909873956e-01,2.240265788844437167e-01,-4.765590275501684348e-01,-2.305869874025403277e-01,1.414696972781501472e-01,8.140235913602156259e-02,2.315762333836506315e-01,4.321349050832428706e-01,2.440643746524626123e-01
