1.000000000000000000e+00,2.932338397841273703e-01,1.423757937031286669e-01,1.882910710768138929e-01,1.474142844881599357e-01,8.498581854514190848e-02,-1.170155763626407053e-01,-1.639881570657967039e-02,-6.358113704489336271e-02,-5.869504487784350799e-02,-7.982791229011798606e-02,-5.621938709418981828e-02,-2.855317116055555021e-02,-9.321230677477831961e-02,-6.927961887253122376e-03,-9.713558503899145241e-03,-7.514202455305633854e-02,3.827298413091188151e-02,-4.011998235189090378e-02,-3.398810497281819915e-02,3.847231511309182755e-02,8.813424032803805763e-02,3.084412262936157487e-02,-5.342540260088450566e-02,-5.744374939784571005e-02,-3.409483689784975624e-02,-4.380841343575567898e-02,3.390235690844490418e-02,5.519876542861919255e-02,2.465793732319322348e-02,4.844585772896178866e-02,5.546435392901712114e-02,-7.184267870228730479e-03,1.815271535589599999e-02,-1.126000129559836561e-02,-4.915255520276966966e-02,-5.355992703316119277e-03,1.165320545902825793e-02,-3.583203200477289713e-02,1.700895743892257006e-02,-3.379538371119498313e-02,-5.428810512267898125e-02,4.242105424870898367e-03,-3.006932862537634379e-02,-6.656279650184188101e-02,6.919557490305534853e-02,-3.260837246853937055e-02,4.031522902909756567e-04,4.077843369459550893e-02,-3.683439471600531007e-02,1.291661147010133084e-02,3.310337029086207750e-02,-4.261520369563526894e-02,-5.456635865199718077e-02,-3.164156677153777408e-02,6.127267971497196014e-02,8.718203298974711024e-02,-3.358831504221410080e-02,9.634224548238805308e-02,-5.329001477879692639e-02,5.012070548078636362e-02,5.724962735487954674e-02,-5.866286716359374320e-02,4.698820113892748784e-02,-1.245364847583164090e-02,-1.337014859015926531e-02,2.462455226344724760e-02,5.008783426734261801e-03,3.528831442367485333e-02,7.378739880880172408e-02,5.047431227532565845e-02,7.674631268402565265e-02,7.500196877057670186e-02,1.602347671331211601e-02,-4.564069042974057064e-03,-7.121339447211012114e-03,4.011731799234263818e-02,-3.220798276924894538e-02,-1.920572852918794871e-02,5.540140253053178060e-02,-4.042188281268201816e-02,4.399740696933403944e-02,4.400166706630886937e-02,2.485264967404270456e-02,1.068652688729932083e-02,-3.327176111077898707e-02,-2.567860032232364975e-02,-1.287882776397506791e-02,2.660781610382466703e-02,4.969308848975848014e-02,4.269484625616925405e-02,7.265414459946262921e-03,1.197396574023611299e-01,7.084192704656158690e-02,1.063602091497859586e-01,5.218623217451576202e-02,7.003955574858851396e-02,7.806164271314385006e-02,2.958158748008493308e-02
2.932338397841273703e-01,1.000000000000000000e+00,3.302338013747475598e-01,4.736865416441037868e-01,4.095143122398671176e-01,3.598687322634100960e-01,-4.469392238717692645e-02,1.436718649384051139e-01,-1.118288565811757437e-02,5.929920834384609651e-02,-7.553085134825648916e-02,5.726608880998544648e-02,5.218025482054647335e-03,-7.188805704906864324e-02,6.340346248249328909e-02,9.143719643255499019e-03,-8.260358250504692967e-02,9.872827030969108519e-02,-3.304890030121536426e-02,2.991339181720859691e-02,9.423071842230006101e-03,5.442510842916151170e-02,6.121259625777771690e-02,-7.140363945180256376e-03,-7.312407769275103275e-02,3.347972231791137773e-03,-4.037451420124130164e-02,6.294911221553818950e-03,8.489748395042426288e-02,-3.936088790351979783e-02,-5.181700461593921093e-03,8.300677228559633081e-02,3.094031186183696103e-02,4.060013447505287504e-02,4.121769014263924891e-02,-9.779161922417546615e-02,-7.118835330002927508e-02,-4.105584171102341640e-02,-9.736058441230475979e-02,-3.813984982164409648e-02,-9.845687411887497908e-02,-7.255664440059636511e-02,-3.730118290736605252e-02,-5.884926751284118296e-02,-1.306958195603712125e-01,-1.111521624724870656e-02,-7.117818957669735935e-02,-5.701422818208950333e-02,3.432343290952970249e-02,-9.300070602505138007e-02,-6.672553710698843343e-02,-7.480277035953919462e-02,-7.697508106023291663e-02,5.216828779182254572e-02,-3.828044614467822349e-02,-8.735867888343028936e-03,9.235057108620921273e-02,1.003368572561965794e-01,1.324749386859847000e-01,7.406798505897611851e-02,1.382590304391307645e-01,7.327136283337566669e-02,3.936895427041671447e-02,1.202893518361706909e-01,-8.729176636304821282e-03,4.026214866188209535e-02,6.427765098139782973e-02,-2.311572572176436718e-02,4.183419222309582575e-02,3.226720168048149290e-02,5.246574310393603557e-02,1.477725211583035339e-02,4.403795078927464669e-03,-2.144219032937004152e-02,-2.574874927764140772e-02,4.275630730133597561e-03,-6.768451282565175753e-02,-3.584824481992099354e-02,-9.921649444694806419e-03,-6.360042912076392663e-02,-2.842167236123416263e-02,-1.479399423179360296e-02,-4.784456123890450108e-02,-4.316230620742055740e-02,-3.695628691050203973e-02,-6.560497502167965400e-02,-1.469548915565970643e-02,-4.037979065488251501e-02,-4.367081453375057376e-02,-1.492897297128647181e-03,6.426341671723202753e-02,-5.861804004733685639e-03,1.265334403219623219e-02,1.202867836889950082e-01,7.759609357021826637e-02,5.825943622664926658e-02,1.412539173452112551e-01,7.193731956822731199e-02,7.450011932671916914e-02
1.423757937031286669e-01,3.302338013747475598e-01,1.000000000000000000e+00,4.838917043297841780e-01,-2.465773144439901629e-02,3.805744372749980120e-01,1.563953545003772816e-01,1.607596682063206217e-01,7.550205632585231530e-02,8.303449544774572921e-02,-1.556417805552775396e-02,3.035626882498573126e-02,-4.455066419103989941e-03,-7.923995982238045757e-03,2.268360704055912350e-02,-3.273771855626367473e-03,-1.661471084819764188e-02,4.333747595367080062e-03,-5.482374192019042608e-02,3.669947602202911635e-02,5.755929397735608938e-02,3.837252665919893557e-02,1.167760168314496694e-02,-4.424885456580181925e-02,-1.008753461049125416e-01,-7.295363761928108648e-02,-1.309029191980463080e-01,-5.022026509243756459e-02,3.267676785540454820e-02,-4.567902625896266833e-02,-9.087768053997942810e-03,4.732678575582095586e-03,-8.084420749872816767e-03,1.499800879052580471e-02,-4.666877669615157598e-02,-6.891841944405342757e-02,-2.938801796005779260e-02,-1.723164280074879207e-02,-4.587216154654621264e-02,1.552948245975926955e-02,-5.797735179470560329e-02,-2.540404504434181938e-03,1.894454834673026458e-02,-2.790073521833636230e-02,-4.469894086282322904e-02,4.095431916691971708e-02,1.717870690926673674e-02,4.238987351210834337e-02,9.936814999387313940e-02,2.656796145437146511e-02,1.278878497005076810e-02,1.924572179764344297e-03,3.817501016733384350e-02,6.213246662379710156e-02,4.769807676766030236e-02,-1.099053187747268089e-02,-6.117515642809125825e-04,-7.457036014122121227e-03,3.780827424674371856e-02,-6.060398524117663333e-02,1.215843617711976667e-02,-5.656363152856977439e-02,-4.243733702730589918e-02,-4.952281767016163821e-02,-7.889774936312340947e-02,-3.652665746221628318e-02,-1.806238797581894220e-02,-8.225310178604859634e-02,-5.497779781890464734e-02,-2.995039719279256069e-03,1.199779255250822858e-02,5.807562750061256648e-03,-1.494512190815472374e-02,3.357958746160417257e-02,1.660097824666139504e-02,1.968844101882592096e-02,-2.278612223230853245e-02,-3.913910548100179437e-02,1.497559453846291147e-02,4.693118252857972870e-03,-3.796645651045885139e-02,4.018525935667800406e-03,-4.586622865804947796e-02,-2.093032844885753599e-02,-2.573952003732938795e-02,-1.408555643640009222e-02,6.121896508951284871e-02,-3.240215680986084645e-02,-6.917348158861374996e-02,-8.398940320767209200e-02,1.485808377798766150e-02,3.137380877315994882e-02,-1.988779709937146052e-04,-4.131090044097906339e-03,2.234545067214333599e-03,-2.154239756218355450e-02,7.558839216197785205e-02,2.322681778090608488e-03,3.914766371813539064e-02
1.882910710768138929e-01,4.736865416441037868e-01,4.838917043297841780e-01,1.000000000000000000e+00,3.077144831875210373e-01,3.677687339510084530e-01,2.487321932744412240e-02,6.673943750230235117e-02,-6.166248808097567202e-02,4.263392241364123009e-02,-8.567421249114434700e-02,-2.175257988572291273e-02,-3.648299814085396997e-02,-9.300437925980779841e-02,-4.400194163687543188e-03,-4.241737926201084169e-02,-8.536378118646863189e-02,3.534027245279923023e-03,-9.873385605138146337e-02,2.487693014227794486e-02,1.556366492916169252e-03,1.789189341565047484e-02,6.428909078901753199e-03,-2.742736334314353763e-02,-6.789273827410448325e-02,-2.539093098575135980e-03,-6.707517006443000640e-02,-1.089235189865825869e-02,5.326015891692034709e-02,-5.099324331185144110e-04,-1.328405414181700779e-02,3.228709287893595514e-02,1.011278339184974728e-02,8.373174164283398238e-03,-1.961270521820637248e-03,-7.164461218603915271e-02,-6.698166058320988159e-02,2.236883071008492416e-02,-6.273727666394035563e-02,8.776504243728475846e-03,-1.080567282962275645e-02,2.709307976756743577e-02,7.193720480409560025e-02,2.749633848293720970e-02,-4.943600170670477134e-02,8.024674361093228625e-02,2.936678447878603507e-02,7.407207601513393636e-02,8.251645369138166375e-02,4.351073877600807570e-03,-1.523550150011014973e-02,-7.303949691794618670e-03,-2.301109586227637147e-03,9.134157440868412303e-02,-1.441181167840280622e-02,-6.258065773403415077e-02,-1.474330982178970184e-02,-3.903995501282677555e-02,-1.582782284014974976e-03,-4.279862014080000610e-02,-1.067941041380471127e-02,8.638482714495703820e-05,-7.119748794653894819e-02,-4.184231109884666011e-02,-7.974467794332615322e-02,-7.740187507309992387e-02,1.172796336836369815e-02,-6.163992777216821539e-02,-4.367346725409115837e-02,2.466370378705094041e-03,-1.534021286051745481e-02,2.702272368632080424e-02,2.045470279711143410e-02,2.650976096329272017e-02,6.926727533091374400e-02,6.466609656259888345e-03,-3.349800656931389842e-02,-6.932943769776570009e-02,-8.469851230292205907e-03,1.337116454163518771e-02,-7.964904555771172567e-02,-3.887716308427165840e-02,-1.345506772164373893e-02,-1.531607985794015969e-02,6.354012211735943043e-03,7.567704005552905759e-04,4.281123614407591343e-02,1.555418731750667950e-02,-3.434666798742064958e-02,-1.979409157969385519e-02,-1.553825318773459190e-02,4.194137719542147952e-02,-6.940059948459974780e-03,1.656607932390901858e-02,4.048441905339148633e-02,-5.178751835282431430e-03,7.483775443555154561e-02,3.220007087573225485e-02,2.444328650015082857e-02
1.474142844881599357e-01,4.095143122398671176e-01,-2.465773144439901629e-02,3.077144831875210373e-01,1.000000000000000000e+00,3.491639739895369132e-01,-1.031683251765584813e-01,2.116334883065803807e-01,-3.322959871716479885e-02,5.387666675671615168e-02,-1.046800283320840075e-01,3.394158230007230520e-02,-3.115374216791748016e-02,-1.070288908133659178e-01,3.403649609269579490e-02,-4.857578903570047846e-02,-1.310335078829109046e-01,8.375311259780410245e-02,-7.807871781154253343e-02,-1.990359367053519055e-02,-5.465290875343481979e-03,4.554069281789066559e-02,8.243862631442462618e-02,-3.455630582435249148e-02,-7.357951104206877924e-02,2.298364145559690652e-02,-1.091701619045305251e-02,1.980985916950962766e-02,5.896205931196837197e-02,-2.307220822510134758e-02,-3.031009513204765884e-03,1.128912865146719097e-01,4.941115513825425354e-02,6.542971595901150763e-04,5.286417520564758166e-02,-1.053060878139242124e-01,-9.793383150699645767e-02,-8.522026071476045822e-03,-9.419459054922404984e-02,-3.220195578895200528e-02,-2.649673427226093697e-02,-6.395015289203621889e-02,-5.169701648310176534e-02,-1.587987252287279688e-02,-1.092254007636368623e-01,-1.196195768208708696e-02,-5.163504266418213196e-02,-6.631370262746473510e-02,3.006900079781183593e-02,-9.419748111460636564e-02,-9.327225327927628207e-02,-4.691002677895146633e-02,-1.014296158847136087e-01,-2.720026583238866987e-04,-1.012891745212659150e-01,-2.759477691523846976e-02,2.934901007598470987e-02,4.310634523453603373e-02,1.129466256635756755e-01,8.962154217697117231e-02,1.490410188189092433e-01,1.070956391723408979e-01,3.181404898493738614e-02,1.133928273886036509e-01,-3.988413606088209162e-02,5.151437669690221710e-03,6.991120045337677336e-02,-1.834235521112344627e-02,7.466385326922023169e-02,1.801191245428525323e-02,1.702865902519814026e-02,2.400034256602289959e-02,6.697833571044156664e-02,-3.665189096343197950e-02,-2.040316562219735095e-03,-4.062239027421069709e-02,-2.235529247274312473e-02,-4.970745310012062573e-02,-4.830492776635943869e-02,-1.762511502511723491e-02,-8.687260519686910987e-02,-2.654191810824702707e-02,-1.452958132247658511e-02,-1.472325100279383951e-02,-1.810873840915139948e-02,-4.753855904948444538e-02,-3.426165574128448021e-02,8.456478847921507225e-03,-2.625529455690901737e-02,2.720122564917104580e-02,1.522578849298182949e-02,-1.559757832545667459e-02,4.371296355959668201e-02,1.159868887594870945e-01,5.411793875108725921e-02,6.240657466601925302e-02,1.194336438541634821e-01,6.595589004826483970e-02,7.460405717475145082e-02
8.498581854514190848e-02,3.598687322634100960e-01,3.805744372749980120e-01,3.677687339510084530e-01,3.491639739895369132e-01,1.000000000000000000e+00,2.121532686407190949e-01,4.644528117725462146e-01,2.376169772446712347e-01,2.652289374265215383e-01,5.268592061046752095e-02,1.264000429593299946e-01,-1.390795288039411645e-02,1.030259746153154993e-01,9.028008754623143006e-02,-2.329794548861502390e-02,-3.897535857560024443e-03,2.766876324486134200e-02,-5.268609584272160307e-02,4.162103303470036236e-02,-9.819400448217925279e-03,-2.944557957055091157e-02,6.692309681215445616e-02,7.180853967745983238e-03,-7.464742824359396622e-02,-4.404349256114658412e-02,-3.391532857170960480e-02,-3.585904326138857762e-02,-1.499237503096054538e-02,-7.031295768544734703e-02,-1.862969046542372817e-02,4.244804701911179812e-02,3.605767067683642718e-02,-3.745059739817952621e-02,-1.962572890803057288e-02,-9.520052889117673611e-02,-1.085824749737475808e-01,-6.794395501322759989e-02,-1.555027580672637411e-01,-6.149562292912386791e-02,-1.320204581960653656e-01,-5.152626156302684418e-02,-6.937224451780114876e-02,-7.774130880389308607e-02,-5.465881019094715604e-02,-3.007156748986340722e-02,-4.352172060851548785e-02,-4.665785894728485816e-02,6.688626743570706690e-02,-6.692832984211104230e-02,-1.092235104677992952e-01,-1.108547839814224834e-01,-3.196400047209911610e-02,8.807009000339155458e-02,-1.034046683339031637e-02,-6.852997384987993823e-02,-5.706706040311713968e-02,4.709009547392220552e-02,5.697144361714105015e-02,5.611965445082794934e-02,1.181344803221334450e-01,-1.871778127716424919e-02,1.722473613271906928e-02,3.184123319963692161e-02,-1.166712329345121063e-01,-1.666290988628213107e-02,-4.266081405558164868e-02,-1.207937528300487284e-01,-3.316924812318451654e-02,-1.060134022288309746e-01,-2.262469880913906342e-02,-9.786795662962030629e-02,-2.089791210905524860e-02,-5.456742580811649312e-02,-3.409138051539457176e-02,1.122094875970197636e-02,2.751999945177959969e-03,4.885163761602373533e-02,-3.594361123945042508e-03,5.696964497510152541e-04,1.759431639182150106e-02,8.760983463316369957e-02,-1.623381932689313412e-02,1.001601656977864629e-01,-5.283171272269019531e-03,3.898956711744818587e-02,2.580671782700195635e-02,-3.266293516304225042e-02,-6.215562432852972385e-02,-5.910072419700671681e-02,1.249965390426556466e-02,-1.512469584021222842e-02,-2.960026493619870996e-02,7.045122413809308017e-03,-4.154714014192624483e-02,-2.310708524243944295e-02,1.102845695676779730e-01,-1.583039922647321365e-02,8.341667323726104089e-02
-1.170155763626407053e-01,-4.469392238717692645e-02,1.563953545003772816e-01,2.487321932744412240e-02,-1.031683251765584813e-01,2.121532686407190949e-01,1.000000000000000000e+00,2.923164982402401413e-01,3.471712360612148052e-01,1.682361967851670748e-01,1.227986555016647302e-01,3.508922125398478836e-02,4.249848155844952735e-02,1.488016336690630159e-01,-2.807002030535100598e-02,1.203129342646232745e-02,8.927776364611145210e-02,-6.920981006953344505e-02,1.834331431845124052e-02,6.975034825361565993e-02,2.717801519409772729e-02,-5.781749861856191192e-02,-5.302441369330493370e-02,1.529907648349289849e-02,-1.174033216895248397e-03,-8.548087261022636885e-02,-3.697545506733116577e-02,-1.042382310943858748e-01,-7.959889303321322773e-02,-5.101700879159089957e-03,-6.735431095457475315e-02,-1.000438199699685282e-01,-3.100855829796286128e-02,-6.369064878238599181e-02,-7.274003908013378095e-02,-4.761539345382103522e-03,-3.018221727189098966e-02,-1.271758505989088739e-02,-4.569835200268870801e-02,-3.450170228073959344e-02,-4.771343379583396077e-02,-3.116164833571755458e-02,-1.143301684288850623e-02,-4.016201568294030383e-02,-1.100469097166460221e-02,8.799329649116711602e-03,3.455185988243752310e-02,-3.719499275811814082e-02,1.340164741315930629e-02,3.217382359313010476e-02,-4.393584990582030669e-02,-4.035559497204643971e-03,6.131040339040407655e-02,1.255847629610049900e-02,5.075747896633135692e-02,-4.093423652079280356e-02,-1.495853613038198027e-01,-9.681486505446914789e-03,-1.573707637461839171e-01,-6.265226497821091423e-02,-1.038273899786907595e-01,-1.160325996057206682e-01,-1.712904507106756402e-02,-1.388847284136312532e-01,-4.031958786137720963e-02,-3.454101801932981525e-02,-2.992398720310770338e-02,-2.558569503330824016e-02,-7.855810774004985675e-02,-9.806500847457946812e-02,-6.869737470921331857e-02,-1.114266380799055628e-01,-1.094174012944930247e-01,-3.616831936746444515e-02,1.139826189104397279e-02,2.484084944224958583e-02,1.221576237895905838e-02,7.184061758442164547e-02,6.105235916096842137e-03,-2.382030533070707279e-02,5.890606083236994001e-02,-1.705360098892772652e-02,-1.729380288222339898e-02,4.412541382750244379e-02,3.221730441634967218e-02,6.972230236031742856e-02,8.750273870463770587e-02,1.803016751426367650e-02,-2.732167706273667604e-02,-5.502354201426200297e-02,-3.655876726562481277e-02,-1.927496223491014654e-02,-1.196043757856254663e-01,-1.505560633058815878e-01,-1.333366483626472476e-01,-1.060628623504505513e-01,-8.665622612638879119e-02,-1.637140071587547541e-01,-4.597010652847082629e-02
-1.639881570657967039e-02,1.436718649384051139e-01,1.607596682063206217e-01,6.673943750230235117e-02,2.116334883065803807e-01,4.644528117725462146e-01,2.923164982402401413e-01,1.000000000000000000e+00,3.168308360188393791e-01,3.511170690179468701e-01,1.569874640872752913e-01,1.913900592254445809e-01,-3.519311833940730501e-03,2.064501904460933901e-01,1.459237583774264102e-01,-2.384749131159212207e-02,9.224522285812307432e-02,5.148058038255054480e-02,5.022080395216603488e-02,7.186003766546594784e-02,-3.664379436812555818e-02,-6.664665117444824871e-02,5.542285792852321563e-02,2.538677681699700456e-02,-4.832457012183425521e-02,-6.973775820548543114e-02,-8.853044592594633104e-04,-3.944403934843822290e-02,-3.268913299378715248e-02,-9.654643252143775556e-02,-7.124946628836488494e-02,-2.193813040746333751e-02,-1.961907492827412794e-02,-7.828149186576915941e-02,-7.490802800940261907e-02,-1.243921929498129630e-01,-1.015895442009711463e-01,-4.972425853802072554e-02,-1.191761558353657824e-01,-9.126637450775663962e-02,-1.157606535403925413e-01,-7.074680714202274956e-02,-1.411240853658960737e-01,-5.149544243011161537e-02,-3.454018667811815935e-02,-1.033774455727910907e-01,-5.870302607241643933e-02,-1.352317813624127896e-01,1.333723057338202529e-03,-1.041609495862341056e-01,-1.285282772014492148e-01,-1.830783362888561694e-01,-7.015333108505443505e-02,7.270878510311590270e-02,-4.938875508290596801e-03,-1.132822560054548428e-01,-7.066780478508533081e-02,8.471264929884628203e-02,2.585617609871347644e-02,1.308701414208642833e-01,1.512840303062630842e-01,-2.808605991680020869e-02,1.033172015519528419e-01,7.891773502694363063e-02,-6.526069728149655469e-02,7.413852481587576704e-02,-5.233506662382157032e-02,-5.156610972101088874e-02,9.193739813497104132e-03,-1.192487408001235427e-01,-1.597441079064732677e-02,-1.855956200282805890e-01,-9.400299182240805240e-02,-1.281332417332385898e-01,-7.616274933006494940e-02,-1.135540400075462329e-02,2.276826266700593491e-03,1.077344105373378713e-01,4.697667628381125768e-03,-1.722340943944826799e-02,9.672079136954787881e-02,1.122496202150534972e-01,-6.816655625673267993e-02,8.583318464802332237e-02,-4.239100655257331540e-02,3.825428009112635808e-02,3.190430437741073599e-02,-5.249239430347511087e-02,-8.179904061091325396e-02,-6.805533458974998007e-02,9.676366067066177745e-03,-2.319969740950424825e-02,-6.660644055809859798e-02,1.612117362799732681e-02,-8.078701183577578770e-02,-5.264659186783907444e-03,1.266685924090746873e-01,-1.286879062329071739e-02,1.187104504322670645e-01
-6.358113704489336271e-02,-1.118288565811757437e-02,7.550205632585231530e-02,-6.166248808097567202e-02,-3.322959871716479885e-02,2.376169772446712347e-01,3.471712360612148052e-01,3.168308360188393791e-01,1.000000000000000000e+00,4.081000018176439426e-01,3.485151982371267887e-01,2.436564974306222042e-01,1.924826135516060910e-01,4.141754305244138568e-01,1.569475521762088432e-01,1.339177907202782347e-01,2.292193987532410437e-01,-1.545302040812609285e-03,1.283090659051560889e-01,-6.217393073359573502e-02,-1.133365451620218234e-01,-1.183455994123511212e-01,5.625997683372547381e-02,5.979553229538722703e-02,-8.181724713031073015e-02,-5.291249675474656716e-02,-4.367973385072963788e-03,-2.734087341576578109e-02,-1.107350377402246261e-01,-9.455522120202208836e-02,-6.378952942799917536e-02,-4.958952799313109255e-02,6.636951693659073198e-03,-6.660370248498435897e-02,-7.873988257201959551e-02,-4.679880986885261163e-02,-7.941064664877529877e-02,-1.185087754706028035e-01,-1.455044117418664573e-01,-1.250335346465785424e-01,-1.692301367422743841e-01,-4.996850584819128444e-02,-9.473144115639012264e-02,-1.540128763588801686e-01,-6.393075495411258691e-02,-9.491379377240938275e-02,-2.560579068449768403e-02,-4.772931754130094184e-02,-7.317474198516501008e-03,4.751052694179205838e-03,-1.085531988022256228e-01,-1.198142757304008627e-01,5.662222899077330729e-02,4.916416063729257130e-02,5.816898573380388515e-02,-3.019363770821199139e-02,-1.310753354356760103e-01,4.482141517953064369e-02,-7.619754728634797747e-02,8.172581603018272411e-02,-3.508897500368161199e-02,-1.417962295594732691e-01,1.111698227048983911e-01,-1.009580380530373245e-01,-8.511170793680526703e-02,-1.552848238896370990e-02,-1.795040275780231953e-01,-7.872940778219671143e-02,-1.257041882296807411e-01,-1.997219671686496500e-01,-1.483813636674877479e-01,-1.743840380233747378e-01,-1.056626948983428599e-01,2.369503602999648018e-02,-1.438121699671330612e-02,1.307286157557569772e-01,1.481165763577834416e-01,1.870942507922674636e-01,1.274877681015463837e-01,1.357526698694863920e-01,1.382036386859645805e-01,2.933146552056663595e-02,1.511038427941456021e-02,1.293324807149461297e-01,1.238488075187057919e-01,1.207370834410274874e-01,7.509813289444614015e-02,-2.475418474241427094e-02,-1.455113018980354334e-01,-1.677312970655860380e-01,-1.058303005414400477e-01,-1.614068810144170252e-01,-1.988484485369188259e-01,-1.976926653674770940e-01,-2.446371644456070693e-01,-1.223491417505659928e-01,-1.011038941006124486e-01,-1.677553148081316892e-01,-9.082956425193525890e-03
-5.869504487784350799e-02,5.929920834384609651e-02,8.303449544774572921e-02,4.263392241364123009e-02,5.387666675671615168e-02,2.652289374265215383e-01,1.682361967851670748e-01,3.511170690179468701e-01,4.081000018176439426e-01,1.000000000000000000e+00,3.173352740981508768e-01,3.002535489002048918e-01,1.663758719044683421e-01,3.974855510221078081e-01,2.014575660700007598e-01,9.524438310375690775e-02,2.227764242815359896e-01,-9.646116398056176280e-03,8.469884333403140952e-02,-2.425177264276577246e-02,-1.651596115891373617e-01,-1.766909108543327223e-01,2.988574384843608114e-02,7.352328625379933591e-02,6.246223453608634735e-02,6.108338687661701155e-02,9.849091292494444039e-02,1.764070077137789433e-02,-1.001472636213114747e-01,-8.517770747555908351e-02,-8.910082823473945701e-02,2.532091763579441893e-02,5.035607103014438923e-02,3.092865680474341308e-02,1.947251287379095364e-02,-4.258814088181159252e-02,-3.159748715237824246e-02,-7.695262069247818526e-02,-9.810775075757320607e-02,-7.512582217753877023e-02,-1.236390867730690207e-01,-4.828524000204293537e-02,-9.577338675434245163e-02,-1.382105218376480649e-01,-1.378490226236032956e-01,-1.319609142972057447e-01,-6.744878000684471908e-02,-8.721685939817516720e-02,5.936644927923913524e-03,-1.416693865427887111e-01,-2.272445007453992860e-01,-2.376105429917807488e-01,-8.523680036025138573e-02,7.182491977955669793e-02,-5.999286467262429645e-02,-1.718125019261606823e-01,-1.962553875582612462e-01,1.463010789056517179e-02,-1.164499245970833236e-01,1.023322962252531249e-01,6.969348678098674643e-02,-1.188160257306745682e-01,5.408575176281869151e-02,-1.957785582667876528e-02,-1.734261475288965404e-01,-2.437563817721109805e-02,-1.439649348715254240e-01,-1.601955531942073074e-01,-7.164032148969690095e-02,-2.638514342467639384e-01,-1.371164110065208885e-01,-2.098038779357233041e-01,-7.830541309407766659e-02,-9.889103889702843819e-02,-1.180140142530181589e-02,8.165724403420764749e-03,5.894444452364164949e-02,7.186238032311140222e-02,-1.455403242374559737e-02,4.956729169086034753e-02,3.705023613804917654e-02,1.079581291222674183e-01,7.860084884160417618e-02,1.398055374219592528e-01,5.081962687211031421e-02,1.501296594481427160e-01,3.738414419544680567e-02,-1.533700711394342213e-02,-4.328360037343909755e-02,-1.115164015857901536e-01,-7.293066344453384177e-03,-3.045379116087697235e-02,-1.845773322590919807e-01,-9.405744007531829931e-02,-2.297648761186970034e-01,-1.180472540318936725e-01,1.233314871014684969e-02,-1.082206186614033949e-01,4.401822081904607081e-02
-7.982791229011798606e-02,-7.553085134825648916e-02,-1.556417805552775396e-02,-8.567421249114434700e-02,-1.046800283320840075e-01,5.268592061046752095e-02,1.227986555016647302e-01,1.569874640872752913e-01,3.485151982371267887e-01,3.173352740981508768e-01,1.000000000000000000e+00,4.194382470188337542e-01,4.846434060065783478e-01,6.546853929681544226e-01,2.694001561847022552e-01,3.338652111255412391e-01,4.470604284774683523e-01,8.427045621367115769e-02,2.617365262008573001e-01,2.017509621203349146e-02,-1.837205794611558030e-01,-2.004793108739940932e-01,1.367240343734324112e-02,3.500345607726879082e-02,-3.851379534801271237e-02,-3.836791427200957755e-02,8.811299333135290054e-03,-1.230749839753196989e-01,-2.338547841431264096e-01,-1.878642467580673159e-01,-1.271379693661295884e-01,-1.220930616860092521e-01,-1.639816651389230853e-03,-1.747387157810088160e-02,-3.935427671931175653e-02,-5.353356385856137406e-02,-5.440456839735615530e-02,-1.832568323908228547e-01,-1.828035567373264003e-01,-1.343727449801791762e-01,-1.921073796392844257e-01,-1.308430851679210083e-01,-1.482445914714725921e-01,-1.563326538763232243e-01,-9.849836154013855150e-02,-8.813558854145726873e-02,-5.659996766108858074e-02,-3.813994141866845766e-02,-3.625197441693953082e-02,1.481999991862653285e-02,-3.353211070909983826e-02,-8.010968942941811000e-02,5.309665227245567026e-02,4.124859599612812344e-03,6.951602907600962222e-02,-7.122774689609600446e-03,-6.270113291570726666e-02,9.304662313098932547e-02,-8.122227576071947008e-02,1.048059722091188584e-01,-1.451052843190396291e-01,-9.849164784327389677e-02,1.298671049848987291e-01,-1.454625448950752353e-01,5.792463398169448233e-03,-3.404127168949740850e-02,-1.903475270783878126e-01,1.503713273130099213e-04,-1.513467374083082018e-01,-1.836125544890274131e-01,-1.909412883765333746e-01,-1.507650623731294492e-01,-1.535467747479214162e-01,6.412874594243403448e-02,-5.209023418938651256e-02,1.483650937818749849e-01,1.124233574566080446e-01,1.533505098708531911e-01,1.553678982285240928e-01,8.627201743798915134e-02,1.411362715951949287e-01,-2.891909424600989931e-02,-2.662383087144689492e-02,7.614032774610504650e-02,7.061578797511576522e-02,1.161447479394490390e-01,8.642863885385627942e-02,-3.816469371883360329e-02,-1.471838487751688518e-01,-1.315870887313722593e-01,-1.297252043266082233e-01,-2.492506899928166042e-01,-2.349244942463249441e-01,-1.762472531081423766e-01,-1.982060563347253224e-01,-4.291940713144224567e-02,-1.027673747764486223e-01,-1.161296221021031194e-01,-4.700624073576392843e-03
-5.621938709418981828e-02,5.726608880998544648e-02,3.035626882498573126e-02,-2.175257988572291273e-02,3.394158230007230520e-02,1.264000429593299946e-01,3.508922125398478836e-02,1.913900592254445809e-01,2.436564974306222042e-01,3.002535489002048918e-01,4.194382470188337542e-01,1.000000000000000000e+00,4.030178346365977937e-01,4.330482496753355059e-01,5.792314505112178269e-01,2.905316740416541421e-01,4.045875707444099856e-01,2.536525770207890829e-01,2.751634850052525061e-01,5.588395217452739316e-02,-1.451111964379102059e-01,-1.305286884831221850e-01,3.562747844702447014e-02,-4.616283344758500932e-03,-9.196676217694942090e-02,-3.683411738581934824e-02,1.347381538446261462e-02,-8.414358200150098832e-02,-1.290282117079046276e-01,-1.939766232963410497e-01,-1.037485679657323689e-01,-2.951060027078401468e-02,-1.038601805886779465e-02,-6.971500016439610703e-02,-4.448093737859147578e-02,-1.443561591764151997e-01,-1.918575556893978296e-01,-2.188458726102822938e-01,-2.626234659129041971e-01,-2.256310253492747331e-01,-2.738999549044323634e-01,-1.956696054380721583e-01,-2.655175624839444248e-01,-1.654275954306202723e-01,-1.586079015562006367e-01,-1.941190809148363450e-01,-1.414026498292410561e-01,-1.624010512401637962e-01,-6.436893549714518825e-02,-1.406775063525005920e-01,-2.044938830026403129e-02,-1.955267331073136938e-01,-8.796218818372561477e-02,1.536532076128607240e-02,-1.925007209715822246e-02,-3.788194146891701863e-02,6.441014224808257194e-02,1.858617838973886938e-01,1.548656689803711295e-01,2.817873385331592373e-01,1.069318758373285910e-01,1.180631367425303835e-01,2.707380647039603350e-01,1.375855420805368323e-01,9.616363190123555782e-02,1.444656826228341850e-01,4.167146307281164100e-03,7.883388354953155264e-02,4.057703179056458553e-02,-1.064223638856397341e-01,-5.262081531909737486e-02,-1.959763397351392822e-01,-1.631092366544409089e-01,-1.106345379051621031e-01,-1.412190534994221258e-01,9.533064027978536970e-03,-3.960237828961975237e-02,8.946367748382662299e-02,7.267574481025640409e-02,-5.221456577492353951e-02,1.238937009380498000e-01,5.458829869662482764e-02,-8.998581538706462712e-02,3.520634195149447560e-02,-3.840452668915261131e-02,-6.522861360884373190e-03,-5.107172262237686527e-02,-9.160956141572015876e-02,-9.709185628721284100e-02,-6.683497855470317550e-02,-8.494898918921913247e-03,-1.874796742093489121e-01,-1.456031676391993379e-01,1.603445894361520130e-02,-7.708061851796196851e-02,1.024716423086182299e-01,5.848416908703816391e-02,2.680647559370082089e-02,1.063764899636416295e-01
-2.855317116055555021e-02,5.218025482054647335e-03,-4.455066419103989941e-03,-3.648299814085396997e-02,-3.115374216791748016e-02,-1.390795288039411645e-02,4.249848155844952735e-02,-3.519311833940730501e-03,1.924826135516060910e-01,1.663758719044683421e-01,4.846434060065783478e-01,4.030178346365977937e-01,1.000000000000000000e+00,4.441295863902661178e-01,3.837629402630346465e-01,6.492480041516892619e-01,4.345441715297641005e-01,1.785804245431773796e-01,2.589980874938208610e-01,-2.097723150898385749e-02,-2.122575743138691018e-01,-2.154996784711753766e-01,-3.272765741383147631e-02,-1.078495522062158235e-01,-4.986864162804473949e-02,1.753478709693552517e-02,-1.040803940861011537e-02,-9.555217903690008119e-02,-2.431115439763044672e-01,-2.533005697234156361e-01,-1.652050092823500460e-01,-5.649932861874780443e-02,1.476661233990365397e-02,4.124671859401985580e-02,-1.061527574194411072e-02,-1.619081382229719535e-01,-1.523374981282086260e-01,-2.687513485630838028e-01,-2.450669662120011083e-01,-2.106998334945835993e-01,-2.768202615675523504e-01,-2.390858109681555932e-01,-2.643513837362753138e-01,-2.125164085931855185e-01,-1.617381698339832308e-01,-1.390483614974900306e-01,-9.471057861888373952e-02,-6.649471916192951915e-02,-7.154710004882423868e-02,-2.489131236297482952e-02,6.406921985713405487e-02,-4.328257397859669453e-02,-3.128552129099499476e-03,-1.169962229392675912e-01,5.651605707915461491e-02,1.059857867675571552e-01,9.902689233228952059e-02,1.646308029980877441e-01,1.080202037702426981e-01,1.689623056601848305e-01,-8.605698606755114721e-02,8.661079603013517592e-02,1.612319011169237593e-01,-1.027429630370503251e-03,1.496783023431747517e-01,5.116936298693016555e-02,-4.622658527788579830e-02,1.168504627413150393e-01,-1.300522927842600804e-02,-2.828386648244052629e-02,-1.368718660449610713e-01,-3.688708768957465328e-02,-1.594846584187350202e-01,3.609629511169669402e-02,-8.132968902970912073e-02,1.405874850350899152e-01,3.597803754931249570e-02,8.737699497798505355e-02,1.647951845223778466e-01,2.138164705119576653e-02,1.141057646219824917e-01,-1.011643263402315640e-01,-7.226351802996407170e-02,-9.822935657106422747e-03,6.992750838591475782e-02,-2.815345902451116961e-02,-3.502572149468430492e-03,-1.395664782722341908e-02,-1.146524103667359573e-01,-6.321662504334532584e-02,-1.210727221141995325e-01,-2.562360618240878685e-01,-1.661601494634089293e-01,-1.420464264478802363e-01,-9.042381153682597927e-02,3.120144664973961354e-02,-1.314676419256054218e-01,-5.468215996115336625e-02,-2.127808865041961456e-02
-9.321230677477831961e-02,-7.188805704906864324e-02,-7.923995982238045757e-03,-9.300437925980779841e-02,-1.070288908133659178e-01,1.030259746153154993e-01,1.488016336690630159e-01,2.064501904460933901e-01,4.141754305244138568e-01,3.974855510221078081e-01,6.546853929681544226e-01,4.330482496753355059e-01,4.441295863902661178e-01,1.000000000000000000e+00,3.917627739519213836e-01,3.532134413750483981e-01,6.052941302775669552e-01,1.157441603620198017e-01,3.850633255836270474e-01,2.690993650214205946e-02,-2.373349078076250340e-01,-2.222017316618569993e-01,2.972185206660015247e-02,1.045358508974292416e-01,2.065697407473017586e-03,3.378315419712939194e-02,9.308884329087978304e-02,-7.811053498251942229e-02,-2.937055813883833189e-01,-2.236818023749302942e-01,-1.513755511668368470e-01,-1.256415738977217089e-01,9.496527557453679838e-03,-2.495740314295258680e-02,-1.661540499403138527e-02,-2.097891677732975288e-02,-3.619916043410392748e-02,-1.819085599167449829e-01,-2.034694513073536937e-01,-1.499630327396958285e-01,-2.404914607557387396e-01,-1.520163858022623160e-01,-1.988183367247602362e-01,-1.987585718279978597e-01,-1.457753302316451005e-01,-1.239458674199590410e-01,-1.398894130164650140e-01,-8.404422007197112632e-02,-3.775136618198786376e-02,-6.820496393363596754e-02,-1.039097455095197436e-01,-1.555189965008812458e-01,-1.713867495424465856e-02,2.714624764837391194e-02,2.568750891240471207e-02,-7.439244636857331172e-02,-1.353252771343700644e-01,5.620158472253878462e-02,-8.039381698603868809e-02,1.334887718536305334e-01,-7.311736887007319607e-02,-1.334883662377641111e-01,1.425826528239018953e-01,-1.381875299442122673e-01,-8.391964880975040508e-02,-5.016987814658804140e-02,-2.342346514583960593e-01,-5.918698160005313180e-02,-1.791258940743697681e-01,-2.437392665957477944e-01,-1.918328647734173775e-01,-1.914425449451005457e-01,-1.363757144137222044e-01,2.701751993429002408e-02,-1.961212399238978707e-02,1.611943531464753721e-01,1.598369168900488635e-01,1.855366261964743746e-01,1.289458176096888453e-01,1.309691108153366867e-01,1.582628268862073806e-01,5.169240315024780513e-02,4.236185325696813914e-02,1.365118817673870721e-01,8.440379273623437040e-02,1.463867338289537301e-01,6.177580565164971643e-02,-8.493301787751209031e-02,-1.778688216110079212e-01,-1.799328716546936824e-01,-1.030256095183991888e-01,-2.217891958883498604e-01,-2.900011003078753480e-01,-1.705545283644640531e-01,-2.419911320524661680e-01,-9.747295161743220471e-02,-7.718828756807927238e-02,-1.514861813068339724e-01,5.317060797479592968e-03
-6.927961887253122376e-03,6.340346248249328909e-02,2.268360704055912350e-02,-4.400194163687543188e-03,3.403649609269579490e-02,9.028008754623143006e-02,-2.807002030535100598e-02,1.459237583774264102e-01,1.569475521762088432e-01,2.014575660700007598e-01,2.694001561847022552e-01,5.792314505112178269e-01,3.837629402630346465e-01,3.917627739519213836e-01,1.000000000000000000e+00,4.086890537064977735e-01,4.404020586271648607e-01,3.691836951425977453e-01,3.348712045422830852e-01,4.388387286718842956e-02,-2.120811070705074242e-01,-1.449949104693981083e-01,-1.403274286803596338e-02,-6.525161554866613922e-02,-7.518804176199975209e-02,9.478739468485956323e-04,2.452287222705326272e-02,-2.613307835783850244e-02,-1.365019127013372413e-01,-2.090806975842498250e-01,-8.189363218112007126e-02,2.948118182664799525e-02,-2.380600422490594670e-02,-5.856614335999116294e-02,-4.911429529092895679e-02,-2.100797237243949567e-01,-2.481775820173746649e-01,-2.421126831297121806e-01,-2.936868076381590198e-01,-2.738928061383282819e-01,-2.879796337155642871e-01,-2.407305003109947716e-01,-2.822415027476742888e-01,-1.517536947086505772e-01,-1.687379861370040535e-01,-1.950208429086730533e-01,-1.670124666605578290e-01,-1.502297527626346718e-01,-5.344518874949302084e-02,-1.377940757165354302e-01,-1.789203195136240820e-02,-1.748652374939802800e-01,-7.915085158746745786e-02,7.891141894823525994e-04,-2.418554439888993563e-03,-1.503679731677456423e-02,8.162094944787776085e-02,1.596924637808804781e-01,1.893200925353318576e-01,2.295137933839819233e-01,1.431374364924568043e-01,1.137181915408938399e-01,2.618332526187305276e-01,1.668079905998862966e-01,8.576428507339028950e-02,1.727915678378213749e-01,-1.636650691130363960e-02,6.130171839981431864e-02,8.528748167592813123e-02,-6.809925884407297403e-02,-1.985373591868409837e-02,-1.533557367441377162e-01,-9.867321352501910725e-02,-9.070385419111992586e-02,-1.143066112293707054e-01,5.050944101386013740e-02,-2.063148405450993472e-04,1.011486790262985380e-01,6.806564141013392299e-02,-2.683192945211056515e-02,1.416039389019835837e-01,8.132065843252420101e-02,-8.911959278936680551e-02,4.663193688586993180e-02,-3.839945920032059035e-02,-1.839135507119800395e-02,-8.161361405363197485e-02,-1.010071020317631352e-01,-7.919856227909678748e-02,-5.917512144099210808e-02,-1.399389995115157999e-02,-1.496382880921479641e-01,-1.150047714881349548e-01,2.345395190621812898e-02,-6.978157860479611285e-02,1.026870551800268400e-01,6.404173272891185154e-02,4.003777771875071528e-02,1.035936299926757953e-01
