1.000000000000000000e+00,2.249538872232629549e-01,-5.123123358031442254e-02,1.516650585987774913e-02,3.046162309470701879e-01,1.284863873930756351e-01,-9.362756526082630093e-02,1.510940073395547478e-01,2.922905915135891042e-01,-2.613596921700389250e-02,-4.234841835166173324e-02,2.698169550064875577e-01,1.524046014554975292e-01,-3.943806871971154010e-02,5.726862455234345978e-02,-3.943667933687493299e-03,1.267654671345013959e-02,-3.177153933583334172e-02,1.272140972567005479e-01,1.243052231419033114e-02,-9.729148023961935177e-02,-6.655660945828582864e-02,6.696373530508274718e-02,-1.316583229355698659e-01,-1.208717015513635640e-01,-1.161442724682484745e-01,-1.173594187366441138e-01,-2.931299073146089729e-01,-3.189494634391143446e-02,-6.151557145991237707e-02,6.896101103145013678e-02,1.034450274911674489e-01,5.344021334391679118e-02,1.794324906294059441e-01,8.121006111382034209e-02,5.797331886555432551e-02,-9.811871032696765915e-02,7.385251726184025034e-02,1.585305679725075023e-01,9.662703334264794580e-03,-1.128050756413766058e-02,1.218873007082591359e-01,-2.974462370096455852e-02,-7.366463806322662289e-02,5.891111481582105014e-02,-6.677511524372313489e-02,2.534050809215079511e-02,6.195240460011222638e-02,-4.233689688508698520e-03,-7.118852134282570299e-02,-9.030079125416812236e-02,-9.007054842747704015e-02,-2.787593624845507902e-03,-8.263647628221343355e-02,-1.452385103317545278e-01,6.495831035981813537e-03,-1.910305558349536387e-02,-9.854879345460826334e-02,-7.480044659028350917e-02,-4.539054922257891524e-04,-9.921859367423095655e-02,-8.120533404329531579e-02,6.614976655624487810e-05,2.319777177692245330e-03,-7.095610124737729285e-02,-5.890421520460303872e-02,-6.453270309527023296e-02,-1.217876361770156741e-02,5.369914016541061860e-03,1.607812765570728469e-02,-3.755772182866299463e-02,3.330188245316073603e-02,-5.398667780734155847e-02,-9.495991552636175170e-02,4.855721408458681804e-02,-4.026669632877868249e-02,-3.168745805904663038e-02,-1.068404118044450832e-02,2.506531014907794827e-03,7.660645383391909364e-04,-9.201734457755310348e-02,-1.044893283589634764e-01,-4.112109532754833208e-02,-5.553736650497580586e-04,-7.087375759558287719e-03,6.885473758675357547e-02,7.121559124007623143e-02,2.728069290035419966e-02,-3.987859553981507044e-02,1.906057321571670571e-02,9.228059762935682253e-02,-3.994703528190314052e-06,-2.717713185117365954e-02,2.842538604927579218e-02,2.926994849860090064e-02,1.481205085686810273e-02,2.750480037781019571e-02,4.275793344638350452e-02,1.875664313059642249e-02,1.267183127219277394e-01,1.327815014863259480e-01,8.849884563425433615e-02,9.271370309933871234e-02,8.317435807226414290e-02,1.652565110195524517e-02,4.697408214073533345e-02,-1.905703162580169030e-02,2.273864674907999026e-02,1.828689269931132316e-02,-1.191598573537437367e-01,-1.078038378273309394e-01,-3.473337274620459571e-03,-1.060186469719320151e-01,-9.922136926923019740e-02,-1.366220086631735886e-01,-1.081685883453308433e-01,-6.771835330541338405e-02,-9.513249948118528143e-02,-7.809684388084632556e-02,-2.768380539359831943e-02,-6.643200888484614153e-02,-1.429924775632397393e-01,-3.808614048789966955e-03,-1.389864941310892804e-02,-1.259259369914809690e-01,1.562212026694382860e-01,-6.490315142553244876e-02,-1.057502502868745836e-01,-1.575619485065669553e-02,-2.530054694770032531e-01,1.591738326402522552e-01,3.473408194222453449e-02,4.515976370240867843e-02,1.378965380181313089e-03,1.974953808646940367e-01,5.979773343863661189e-02,1.441263846321607922e-01,1.528151281254545579e-01,5.064681887107894825e-02
2.249538872232629549e-01,1.000000000000000000e+00,1.940753103096746774e-03,-5.823661782124749386e-01,4.767847132283617451e-01,6.501357238176647124e-01,-4.448547449706981571e-01,-2.189762496757608201e-01,7.779654409359340050e-01,1.687318375964772799e-01,-5.672438306242318928e-01,3.071259670605889780e-01,6.240574848356521542e-01,-2.417649175524781702e-02,1.017964836019699115e-01,2.557393283438664788e-01,2.064217615559432173e-01,-1.014213716999655679e-01,9.741567279986158845e-02,2.984666635559072856e-01,-1.187143522059116857e-01,-2.643162080716872642e-01,7.854095111841473756e-03,-1.124348836787075062e-01,-2.957737757842883730e-01,-2.642608289780691844e-01,-1.884321131356444246e-01,-2.253614095663917516e-01,-6.077836967241118798e-02,6.305825508158427462e-02,7.049130695727388873e-02,-1.464464451734453221e-01,2.474875697471544574e-03,1.014203805135383135e-01,-4.036877188824736229e-02,-2.276121769437703668e-01,-6.196228333795763404e-02,-2.746322345141449794e-01,-1.045814966678156460e-01,-1.876608722915642236e-01,-1.696187014132745918e-01,1.217663730761384677e-01,-4.589793712589030489e-02,-1.381951001701299253e-01,3.426316582595229088e-02,-1.642709273834505046e-01,-6.455878332151011867e-02,9.585005957066926319e-02,-1.060627302380527659e-01,-9.799752986162478530e-02,6.657396887189680201e-02,-2.811275973171304537e-02,-1.155945749425462132e-01,-3.258898470886693877e-02,6.686636549926315565e-02,-9.317631681457806681e-02,-1.380266337174715363e-01,-4.074324406759573247e-02,-4.758716227381377950e-02,-1.605151258237126621e-01,-1.180436888854312916e-01,-8.938866871874663611e-02,9.191945067619539111e-02,-1.161339797306004812e-01,-1.259388649747575362e-01,-4.245375693973706815e-02,-9.700433330973928792e-02,-1.096903862384803890e-01,-8.366777881623042867e-02,2.472843471825286049e-02,-1.433313947746207573e-01,-3.741718156914323329e-02,-4.922562293005142142e-02,6.640177303269093577e-03,8.235507233953556772e-02,-4.142482116615048976e-02,-8.319665773853797408e-02,3.448155912916645721e-02,5.497655682390624465e-02,2.581262364390533165e-02,-1.232400287834341766e-02,-7.125166971390045276e-03,2.147700998936388078e-02,2.579892114075698836e-02,-4.696953885499830644e-02,-7.824144709059023192e-03,-5.869084034817023676e-02,9.156627465383537778e-02,6.442625023197295908e-02,-1.007699102572189587e-01,-1.944230355018504094e-02,6.360786775091080425e-02,5.118903298357474485e-02,9.432329744141278172e-02,2.004565464493212046e-01,1.577006776918902509e-01,1.681063852314875484e-01,7.939499138203487405e-02,7.230205593698611766e-02,1.680823941028308233e-01,7.844384335734118363e-02,5.349153624722142314e-02,9.510235021852354864e-02,2.811152068551112798e-02,-1.952106091668426302e-02,-2.503530788647254438e-02,-5.575927313573368627e-02,-1.120950845741238155e-01,-1.859453469913758400e-02,-1.362620464271008802e-01,-1.426010137388808441e-02,5.455459135881462335e-02,1.665428121443673958e-03,1.763463002279508016e-02,5.562232887262352071e-02,1.401109879998997942e-01,6.723973914124209417e-02,5.171347644135258076e-02,1.260730505095241094e-01,3.433073928709229339e-02,6.893931232472258475e-02,2.717600624491888980e-02,-2.908591492224850070e-02,1.559257048896484643e-01,-9.229279031750740880e-02,-1.634103936873439189e-02,1.585281105049101136e-01,-2.191703880218036360e-01,-1.939834569526439345e-01,6.770559369512807457e-02,3.724490797548218324e-01,1.542275470298955509e-01,1.624280634462756945e-01,8.715593202356228253e-02,3.384267525054947545e-01,1.381864152377554611e-01,1.428071861893921712e-01,3.182666488479317657e-01,1.206290334062891517e-01
-5.123123358031442254e-02,1.940753103096746774e-03,1.000000000000000000e+00,-9.214800893512115412e-03,-5.583965269354472793e-01,5.532944130231474134e-01,6.281275777801803573e-01,-4.362905850268929409e-01,-1.645931698731926129e-01,7.750597830048423509e-01,1.787763172844654413e-01,-4.733858287475457560e-01,3.326735956134379002e-01,1.409547748110844545e-01,-1.140824553060882512e-01,-1.815256735169313573e-01,9.166904840578095348e-02,1.081454583997544516e-01,-2.707436949283036909e-01,6.326097350515583195e-02,3.225560449768050120e-01,8.395719611090637913e-02,1.800726264743052751e-01,2.043863389078910131e-01,7.365782763568375080e-02,3.800649510731694825e-02,-2.727348394245577429e-02,1.986468537169499282e-01,2.100553992467394382e-01,6.543782407720140359e-02,1.562114403078675162e-01,3.480805867957829924e-02,7.994301252415797476e-02,-9.395239650493516365e-03,-6.227923182254758300e-02,-4.653644659084085061e-02,-1.407403092297182697e-02,-1.151837278172833240e-01,-8.690011931086170927e-02,-1.723891537744523528e-01,-1.248619963238810776e-01,-1.306512664354796127e-01,-5.591421337595937902e-02,-1.944838639329836069e-02,-1.887659413530184405e-01,-7.732574088647202470e-02,-1.006503040666962834e-01,-1.357882228922441259e-01,-7.275519427798705918e-02,-5.199073599610602725e-02,3.026968792911022971e-02,-4.344317052261599532e-02,1.069150382041904740e-01,5.993160964810344271e-02,-7.247746405845569007e-02,5.978811150004258862e-02,7.655813431627192522e-02,1.260210581064450872e-02,2.660263192781080199e-02,7.279898819907067165e-02,4.019707976822609746e-02,5.439036699341090464e-02,-4.062245977300311256e-02,4.039806705888367155e-02,-2.831493072087121546e-02,5.185278735630623193e-02,-2.874752280666766774e-02,-8.628116312626116224e-02,-9.996334598873013455e-02,-1.476490004223142416e-01,-6.807970080982632399e-02,-7.645897296680576050e-02,-1.123852682705733658e-01,-1.358783569983102596e-02,-3.887615640968471870e-02,-6.461868193803753380e-02,5.427569157327748195e-02,-6.109524154901669474e-03,-9.897885331771595629e-02,-4.973946399883422825e-02,1.833793592902393729e-02,-5.843014178924107842e-03,4.463202609765817147e-02,-2.239184335854945904e-02,-3.747845013723697521e-02,-5.927365488078675804e-02,5.830260682361356611e-02,8.415531358780971305e-02,6.221009737412135088e-02,2.779362353129583019e-02,6.491395626482714121e-02,2.551383928192456352e-02,-9.967209570103391023e-03,-5.456992351601044899e-02,-8.266957684222349390e-02,7.352586168892616403e-02,-7.479224621466923351e-02,-6.586653504200552789e-02,7.510381371531832384e-02,-2.875666405177626853e-02,-5.587350765857310164e-02,-6.513284455132267725e-02,-1.115808496012783285e-01,2.889492752317900440e-02,-5.688453499831749860e-02,1.042356853799160515e-01,-4.020185429697909971e-03,2.422247435056086584e-02,4.382435038582856157e-02,9.248382412595941571e-02,1.071266390618035441e-01,2.700416340216211797e-01,3.994115889676284892e-02,1.889709144175730562e-02,-5.475550436866249288e-02,2.101224596392099048e-02,-4.481370821422529099e-02,-1.021009108964636286e-01,-9.091440349839976544e-04,-6.768462635601182886e-02,-1.157690170880617681e-01,3.626628667673618273e-02,-1.059846332776997885e-01,-1.213190488245201835e-02,6.577943453419710096e-02,-2.052365147288576219e-01,-3.582975994061989022e-02,1.277132928165552461e-01,-2.184820425884945461e-01,1.443172885221769182e-02,-4.849007016139892517e-02,8.874814858430767062e-02,1.489586528681794697e-01,1.292730295010830199e-01,5.173145608242539321e-03,2.483157948567361190e-02,-3.520595159404941998e-02,2.251858694486420006e-03,3.561079339682425831e-03
1.516650585987774913e-02,-5.823661782124749386e-01,-9.214800893512115412e-03,1.000000000000000000e+00,-2.199565026213948574e-02,-4.912695347062654982e-01,5.452729127358405536e-01,6.165913870920334272e-01,-4.263364468561342546e-01,-1.301276915262392087e-01,7.735342812733762008e-01,1.328758519564973983e-01,-4.261784088844991492e-01,1.696296680793442369e-02,5.369849195542419906e-02,-2.208953862576670257e-01,-1.623584547188038629e-01,7.866791198195091650e-02,-4.624616168511541670e-02,-2.460289100889545555e-01,2.792223644099352253e-02,2.163285342096424313e-01,1.310993356652739583e-01,1.051527143940936410e-01,1.591027133966102236e-01,2.320960881035531720e-01,8.126571181977160219e-02,9.035658028030746358e-03,1.383919435706356671e-01,-1.113610282940915297e-01,2.084439316275293538e-02,2.403376973047073872e-01,7.275826332605299374e-02,7.088044297435965035e-02,1.282696425518203565e-01,2.828788335338053850e-01,-5.320748147399134709e-02,2.596164126157054497e-01,2.262934353819635314e-01,8.435847427558297584e-02,1.197837838141142391e-01,4.741102641660258771e-02,1.032302636418040293e-01,7.463842264224673784e-02,1.064298005482117726e-01,1.108628591835569138e-01,5.013381681758651010e-02,3.491393078046160087e-02,9.932807854100474121e-02,4.793464434816558511e-03,-8.545878280436179641e-02,-1.931732115389191498e-02,2.086997874525006041e-02,-1.086276198440411234e-01,-1.152756296108697204e-01,6.061241095151904956e-02,-3.061577916203286898e-02,-2.813633025937035959e-02,4.914588368630321003e-02,2.481296676971134901e-02,-4.702856574825591690e-02,7.278972879189768430e-02,-9.162598108126435159e-02,8.208577991760994397e-02,5.731903169077220278e-02,-5.214168594050106603e-02,3.601526670896623011e-02,2.082863355748061987e-02,5.117550038691521391e-02,-6.291094799507222779e-02,-2.864008551133883501e-02,2.881506344804072098e-02,4.123622214621495280e-02,-6.655215305602359133e-02,-2.702492017540151018e-02,2.245107914636497101e-02,3.818882136545972972e-02,1.081455116366974827e-02,-4.558891660943124174e-02,1.609286300058634933e-02,7.087736328483104295e-03,9.525713010024394831e-04,5.641489060966197594e-02,1.954662716918536408e-02,5.012651314244880030e-02,3.555705900378758333e-02,9.167118666632212420e-02,-3.395747371492720962e-02,-1.339772888065413892e-01,8.757552910254953055e-03,5.854162519010525090e-02,-8.016130908136524791e-02,-6.137628192875396044e-02,-1.393755944420801973e-01,-1.068957656391908984e-01,-3.138137355274120410e-02,-1.338968142600596711e-01,4.068058827270707584e-02,2.336915506793779337e-02,-6.113327923305047346e-02,8.195333950553684854e-02,-5.044544488028383962e-03,2.569748443903929411e-02,1.016279438822406261e-01,6.701021930275931349e-02,5.168640722042768670e-02,7.917494926558531904e-03,5.015883505138574866e-02,-1.106588456002908366e-02,-1.973218085677170761e-02,-1.000229437937244920e-01,-5.846198288908046464e-02,-1.785279623647435809e-01,-1.129534678361873573e-01,-2.124584943049921404e-01,-2.773305015693605657e-01,-1.606329808396047554e-01,-2.218138461789427029e-01,-2.518959906574007035e-01,-1.643125541556109404e-01,-2.715923278502465066e-01,-2.086962240371388888e-01,-2.123898648982256443e-01,-2.465104251239902677e-01,-8.844624374606095685e-02,-1.505568791394865935e-01,-2.355143561637907945e-01,-6.066339600628468942e-02,-6.148351735964897868e-02,-1.495216690660160497e-01,-1.035847721946024785e-01,-1.150049127949575589e-01,-4.789811906007644671e-02,-5.543753987077687517e-02,-2.133488220333177032e-01,-1.538568013217208319e-01,-1.317380378721779988e-01,-2.150590474972608190e-01,-1.517500558057261195e-01
3.046162309470701879e-01,4.767847132283617451e-01,-5.583965269354472793e-01,-2.199565026213948574e-02,1.000000000000000000e+00,-6.578241426662748137e-02,-5.376160897443743591e-01,5.172699316403770453e-01,6.429139605366861465e-01,-4.569981832774573927e-01,-1.807189129997753274e-01,7.539226172939034187e-01,1.274479149005026957e-01,-1.172248288589565757e-01,2.214696483674249705e-01,2.219392850683940266e-01,3.711781278227065106e-02,-1.281033756337375262e-01,2.536659879014906416e-01,9.772079269823542857e-02,-3.357642260592896277e-01,-1.920119146790081333e-01,-2.188269794172641169e-02,-1.918454224288346777e-01,-2.614991253258240889e-01,-1.490449867507453729e-01,-1.396162091803759830e-01,-3.734171468128386628e-01,-1.046373739288447013e-01,-5.869028822992537753e-02,-1.702300376778707750e-03,1.249118968916672172e-02,8.656983234801319052e-03,1.846264082112312188e-01,1.029136144060787822e-01,1.939454031845067733e-02,-8.557366659525497687e-02,-8.521636965991201060e-03,1.338479926864721559e-01,-8.705934771972480973e-03,6.876526437891065414e-03,2.637080486351652819e-01,6.568031819005097638e-02,-6.433747700540652648e-02,2.517217450504768972e-01,-2.278671542298739416e-02,5.274906119076976097e-02,2.281580272753415128e-01,1.735332941855791122e-02,-5.274690547124350620e-02,-3.153342624426981426e-03,-1.060055029130725981e-02,-1.747219797120056206e-01,-1.479693157153667837e-01,4.412731476067403846e-02,-9.174685985401044575e-02,-2.121639180718711548e-01,-7.230155426116528783e-02,-3.418746904995281777e-02,-1.934936986011826510e-01,-1.921918027045490251e-01,-8.231048909252154655e-02,4.037961516596257072e-02,-9.073095625637897510e-02,-6.584828315468553572e-02,-1.293873269138030857e-01,-5.486123163950762383e-02,-3.115508784179600588e-02,2.931021372428624719e-02,9.199787585120361433e-02,-1.100032156496144470e-01,4.112864344617286200e-02,6.325921617925374385e-02,-2.836876559636960712e-02,1.062978883907221700e-01,1.807145275605315932e-02,-9.749728928616088752e-02,3.916010930192736356e-02,9.429150395329477519e-02,7.175481808893675872e-02,-1.832317126445827046e-02,-1.298976685916590490e-02,2.983713054921113481e-02,5.389188277632825375e-02,1.146623600676805084e-02,7.140873994892064924e-02,-2.866299788628220643e-02,1.428267464160593893e-02,-8.161277841123679155e-02,-1.155242464067980507e-01,-1.397107387300296384e-02,-6.989952318592719711e-03,1.040675740753381831e-02,2.733584332702806291e-02,1.748566572307561906e-01,7.814634869175074439e-02,1.282746964599549566e-01,1.553710183623288887e-01,2.497741379395443731e-02,1.574128548351548806e-01,1.960754390392689672e-01,9.418780871040501046e-02,2.007437034789159858e-01,9.069781646711806700e-02,7.958315291699799565e-02,-6.324714186245788961e-02,-5.581797597812056255e-02,-1.066102285858633730e-01,-7.101927155607475062e-02,-2.293858174150691931e-01,-1.772344276943318697e-01,-1.788534160475215018e-01,-1.703751617157509279e-01,-8.776864704752462831e-02,-6.490880121618429477e-02,-7.374463790768996663e-02,-2.072229991012271635e-02,-4.009806137159250411e-02,-6.207737208609066110e-02,-4.761925943245022552e-02,-5.058177555548630522e-02,-1.577193214693738132e-01,-1.175820784523231854e-01,-2.632843962827378231e-02,-2.256312595193388504e-01,5.914652744001512585e-03,3.705826028197614121e-03,-3.859956026964717068e-01,-1.017775948772453587e-01,-5.367159695693626831e-02,3.595305654508944571e-01,2.091666754948139431e-02,3.345469693937618005e-02,-3.314438012754754997e-02,2.004417651207817119e-01,1.616785903788735962e-02,9.263778995244714709e-02,1.701261080116591162e-01,2.143895053481458673e-02
1.284863873930756351e-01,6.501357238176647124e-01,5.532944130231474134e-01,-4.912695347062654982e-01,-6.578241426662748137e-02,1.000000000000000000e+00,-2.714806164600666247e-02,-5.358302885362625778e-01,5.078789054751935428e-01,6.321732249736403686e-01,-3.996720833171539256e-01,-1.145800105226219279e-01,6.993589243623518081e-01,2.619549680046694834e-02,-2.757655508495591296e-02,7.426877603053577692e-02,2.020751829813065004e-01,-3.260283013869488822e-02,-1.063686974187798839e-01,2.666617893026715369e-01,8.912813981902148464e-02,-1.588449795869007475e-01,1.184386594305127521e-01,4.469586151368252352e-02,-2.005325352127290406e-01,-1.975080933562298746e-01,-1.847315595104260244e-01,-5.052951440093834262e-02,8.662256048075908654e-02,8.712609689977959815e-02,1.462750250118976802e-01,-8.510530990782183558e-02,6.354405883582574244e-02,5.075847430614466999e-02,-6.579489851084799334e-02,-2.045043753412192356e-01,-4.028956416340138263e-02,-2.829008274303253523e-01,-1.233052397134598716e-01,-2.368703064933229963e-01,-1.789774920206623487e-01,1.797187093982524630e-02,-6.264707658073623286e-02,-8.881942602698983391e-02,-7.920765587086153747e-02,-1.473084381471855275e-01,-9.390415490799634834e-02,1.753170334994132119e-03,-1.092713519279324141e-01,-8.426515970786879750e-02,7.454950478484499710e-02,-4.961969897223810627e-02,-1.153214456713863578e-02,2.149492429802440235e-02,6.511209166207493522e-03,-3.245982189098638865e-02,-4.884211498787816713e-02,-1.987121692887943575e-02,-1.977624837536647029e-02,-7.264815836232603463e-02,-6.139945524870808746e-02,-4.970672743353487383e-02,3.305968676513269811e-02,-6.434348227405084497e-02,-1.027646259467503292e-01,7.064119781225172007e-03,-7.929067029793353261e-02,-1.072855253315063706e-01,-1.020818340674448377e-01,-5.912030888595683209e-02,-1.271937716941979879e-01,-5.866879506450697196e-02,-1.028458246623886879e-01,6.492814335467680074e-03,2.776749585345000479e-02,-8.342542936825916855e-02,-3.823802727134104074e-02,1.619091883232363221e-02,-2.099139852215383892e-02,-1.922963179299790742e-02,2.257734401666763608e-03,-1.271411800132802097e-02,3.361351693810617908e-02,1.032819309533355035e-03,-5.167751177827019371e-02,-4.024568338433209130e-02,-1.591802542925498110e-02,1.121083703536247117e-01,9.545086665098719003e-02,-4.776096698147955233e-02,2.137677361751593938e-02,6.796604916926128614e-02,3.716569387433534682e-02,7.068151005747053128e-02,9.531808859138880818e-02,1.392080243652963345e-01,9.967912149093965946e-02,1.198045060128600375e-02,8.699101634820248508e-02,1.105703886513771661e-01,2.365683469913102549e-02,1.024663175758109418e-02,3.237200292246732863e-03,1.616378252782422337e-02,-6.732154821970030845e-02,2.813383170859897961e-02,-5.312297543362136387e-02,-6.280424938223397313e-02,6.202266137027658867e-03,-4.593911412233588759e-02,6.526218921232594672e-02,1.980000466452016827e-01,5.503002089830800331e-02,4.588387865634283719e-02,3.896859811210149488e-02,1.294684052469502189e-01,4.711682106977151119e-02,8.772854763855432100e-03,1.102854027039076451e-01,7.920106521925788720e-03,1.625265577837409908e-02,6.655374445175456233e-02,-6.155140449299849326e-02,1.119754354508001593e-01,-2.847019156258185843e-02,-1.175707275242769273e-01,9.579002490265979552e-02,-6.835764728437895843e-02,-2.426411768000434899e-01,5.156021417159203230e-02,2.382944793033280606e-01,1.760122827122775901e-01,2.197712108314504864e-01,1.553175447473319759e-01,2.570819713883575330e-01,1.414488646122566695e-01,8.316607130623478172e-02,2.444208195454360133e-01,1.101909905781794791e-01
-9.362756526082630093e-02,-4.448547449706981571e-01,6.281275777801803573e-01,5.452729127358405536e-01,-5.376160897443743591e-01,-2.714806164600666247e-02,1.000000000000000000e+00,-2.651707180818452594e-02,-5.358253288676990689e-01,5.212639549243793802e-01,6.642410094078079474e-01,-3.936641477948377710e-01,-1.023640926328584777e-01,1.298407320043002966e-01,-1.255599195545453461e-01,-3.124712514222617310e-01,-3.012349172480115883e-02,1.350920806166929777e-01,-2.757239581571659381e-01,-1.491536725990354750e-01,2.924995680751281135e-01,2.366881230911500600e-01,1.838928682520301894e-01,2.185523595736609814e-01,2.063161527826563868e-01,2.278870209677350267e-01,6.742651222691352364e-02,2.033382496456938027e-01,2.299412014581556918e-01,-1.822102939181970485e-02,1.157926624623725753e-01,1.814148307085085565e-01,1.047453115921137129e-01,6.513831469816322439e-03,3.940470588988118084e-02,1.531905835232908464e-01,-2.695033324280246903e-02,1.098704845429673838e-01,7.027349695466221513e-02,-4.298472360143630600e-02,1.056508819372633037e-02,-1.150488183047240487e-01,2.233283764491759624e-02,4.177647020145604934e-02,-1.039903238395337159e-01,3.366286062728035544e-02,-5.636948113330152860e-02,-1.191258148911276959e-01,1.502557167366407563e-02,-7.059049496707851465e-03,-3.099111032125502832e-02,-3.347140430649738624e-02,1.221331288963810463e-01,2.243730044403115242e-02,-1.274512535165488736e-01,9.393006346866079881e-02,9.292057697181715925e-02,2.569551129374050835e-02,5.286789765627095822e-02,1.119497954930379485e-01,6.281188065642702434e-02,1.080201892578181722e-01,-7.654213106637181019e-02,1.126704828189263596e-01,4.325657264838562305e-02,3.342397319094725372e-02,1.797002192140046903e-02,-2.576619943201825455e-02,-2.139501292362411614e-02,-1.467806248050691764e-01,-2.210571574071509143e-02,-2.870184209555595028e-02,-6.818901008484100357e-02,-5.598529921489498601e-02,-6.734859574690539585e-02,-3.749043737846150665e-02,7.733772985269293798e-02,-7.990933579780383836e-03,-1.258836927429180241e-01,-4.142168003953879130e-02,7.439831395825003899e-03,-3.742846659338629461e-03,5.270733578353305193e-02,-2.576588440995371395e-04,8.930563527189893172e-03,-3.414694948766992116e-02,9.658692365679764913e-02,3.404787653595913594e-02,-1.606641746482987201e-02,5.064979830492997992e-02,8.318900495691379515e-02,-2.994267392169905340e-02,-6.241725604426958535e-02,-1.272868178019198604e-01,-1.711089319044326595e-01,1.335332393527093563e-02,-1.560590425934499648e-01,-4.510272779028413198e-02,5.486170810364370681e-02,-9.158828361507383164e-02,-2.825733262284753702e-02,-7.225396324151729666e-02,-9.208759450513359646e-02,6.579171083771209738e-02,-2.290545473659305956e-02,9.998673408169128640e-02,-1.842398854279178513e-03,4.642265252243485407e-02,2.135665865616535181e-02,9.155654574139560076e-02,3.976974901285318387e-02,1.738326012722354319e-01,-4.612879028427895045e-02,-5.815555894268101267e-02,-1.684163381550216332e-01,-1.583482189360305437e-01,-1.302307349355860400e-01,-2.145155906369854981e-01,-1.512119672544107452e-01,-1.388918257931240907e-01,-2.480072773001633091e-01,-9.935591418725772672e-02,-1.846562073166452544e-01,-1.677730401798184778e-01,3.027836899842038798e-02,-2.175474694117100205e-01,-1.856085239135972231e-01,1.316398408028091049e-01,-1.281091146231228550e-01,-8.930761390338673444e-02,-1.900871993849112818e-01,-5.650216790864980715e-02,4.205487959892493383e-02,1.955974593085119465e-02,-1.958676602994282312e-01,-1.040514654760712199e-01,-1.308831970507376985e-01,-1.865524769305590969e-01,-1.182295715352279925e-01
1.510940073395547478e-01,-2.189762496757608201e-01,-4.362905850268929409e-01,6.165913870920334272e-01,5.172699316403770453e-01,-5.358302885362625778e-01,-2.651707180818452594e-02,1.000000000000000000e+00,-4.028586226085384414e-02,-5.684857498479428672e-01,5.042827407563681419e-01,5.998005340811136676e-01,-3.963843577050382150e-01,-4.173963528598566286e-02,1.819755094128444328e-01,1.097780402806109237e-02,-1.221258179219633644e-01,-7.044609091282415074e-03,1.923021707386549650e-01,-1.569694799345747738e-01,-2.100722775821411981e-01,6.614467568527183927e-02,1.184798302055155121e-02,-8.337092737061470304e-02,2.283069575645396351e-02,1.354455777933215588e-01,5.817091135222855758e-02,-2.008162443758310656e-01,-5.448564794464461764e-02,-1.639396861554006379e-01,-5.620593439196269747e-02,1.601546716778717294e-01,-1.055301923427652555e-02,1.379054598622342087e-01,1.298048845673642204e-01,2.364149479828175915e-01,-7.383201865391926522e-02,2.329959188735798992e-01,2.362810889494853239e-01,1.244763447685775792e-01,1.066939932247945172e-01,1.410104836327562561e-01,6.288149228143077862e-02,-1.802986529569121366e-02,1.999364802101560312e-01,4.102680561057246711e-02,6.152280883508146753e-02,1.512634368109083416e-01,7.376550791312984356e-02,-4.681524937320938329e-02,-8.721589602371591921e-02,-7.583853543221634116e-03,-1.063729079127568311e-01,-1.507423962279280105e-01,-4.682306886617906144e-02,-2.366829979613905080e-02,-1.255811580484646750e-01,-3.576082503682461583e-02,9.312484701217113234e-03,-8.291814994903456970e-02,-1.083897814104240048e-01,2.552811274100951280e-02,-1.763734003634616007e-02,1.939950115229985977e-02,3.626307784884553326e-02,-9.324118744816671522e-02,2.510892383544958278e-02,2.703295513303421299e-02,4.923929546840004334e-02,2.230999694214792425e-02,-4.921266201102875854e-02,6.353180139871091037e-02,7.114366756972791139e-02,-7.285820868217042501e-02,4.109019091058493250e-02,2.916565431364531030e-02,-1.434550750147461223e-02,2.189144336266466220e-02,1.701761199275855785e-02,3.000399354894672105e-02,-2.594753051471470479e-02,-4.103026523413152993e-02,1.146641081873716987e-02,4.547365436635964625e-02,5.504477781546037590e-02,8.047779876042528147e-02,6.130826620863782939e-02,-1.629414629917300822e-02,-1.401153332820168906e-01,-4.212556411336278867e-02,4.330146252430152470e-02,-4.831359106999079389e-02,-2.970842132502245908e-02,-9.866460813404123731e-02,2.295870290700864277e-02,2.854978215753848844e-02,-4.302870009146626123e-02,1.321482326760006210e-01,2.351634426562409716e-02,4.936250334405129642e-02,1.723046327308188908e-01,5.455491513576023188e-02,1.369112824060184086e-01,1.248730020151703757e-01,1.099384836658429954e-01,-1.104656659514838615e-02,-1.688953812270211144e-02,-1.542629857850655317e-02,-5.400529429360783479e-02,-1.439354309627763062e-01,-1.983363962172825790e-01,-1.928338525979939322e-01,-2.335483936010626094e-01,-1.443527706317379034e-01,-1.907454150803807591e-01,-2.483539535120808384e-01,-1.424610330875158704e-01,-1.760803069096658346e-01,-2.212468993568677544e-01,-1.504054925488035599e-01,-1.889501297083082954e-01,-2.591796072107004356e-01,-1.612553315755133332e-01,-1.751574860868627959e-01,-1.571332465103880971e-01,-1.475814661386112663e-02,-1.106827996045463836e-01,-2.303506970871926351e-01,-1.545335878736590115e-03,-1.115557464678064298e-01,8.479803866373769594e-02,-1.262497255334386614e-01,-7.992379336099826592e-02,-1.105494094202078281e-01,-9.820019083625584899e-02,-1.346333137136950242e-01,-3.794106565052558083e-02,-9.965691430191760125e-02,-1.283527561342281964e-01
2.922905915135891042e-01,7.779654409359340050e-01,-1.645931698731926129e-01,-4.263364468561342546e-01,6.429139605366861465e-01,5.078789054751935428e-01,-5.358253288676990689e-01,-4.028586226085384414e-02,1.000000000000000000e+00,-3.491807414687812805e-02,-5.434182783075142131e-01,5.291061459357191410e-01,5.632994788687867294e-01,-7.876210821440732257e-02,1.366078937783606895e-01,2.699107977797037816e-01,1.780792453795423946e-01,-1.452276216327335057e-01,1.558425699734514447e-01,2.735702084858968042e-01,-2.279126016689327627e-01,-2.883862779660241182e-01,4.807909381835972530e-03,-1.647196335619579011e-01,-3.400874859199920497e-01,-2.503565288930798549e-01,-2.172737979676278852e-01,-3.263804275003328037e-01,-7.726384358331594981e-02,2.536738529356014071e-02,7.226087332484742998e-02,-8.202025475238645946e-02,2.322287630961566290e-02,1.589856391289731219e-01,2.987160527194534024e-02,-1.402947519342639948e-01,-7.505650657846961449e-02,-1.900959940405075044e-01,-1.034661844348283392e-02,-1.377518767375759678e-01,-1.179675565605914633e-01,1.976194479062265974e-01,-3.807273570744566099e-03,-1.275239219832930426e-01,1.298517935534261869e-01,-1.240414575482576970e-01,-3.135848291525974302e-02,1.632540315831695898e-01,-7.858498787363085714e-02,-9.917580647842577646e-02,5.326671775757597233e-02,-3.558908320674219333e-02,-1.391921854509730050e-01,-7.339770508898760260e-02,5.261588882791715105e-02,-1.007114318939267977e-01,-1.757133123756208781e-01,-5.209709097746070133e-02,-4.521646647312862338e-02,-1.868871172930200442e-01,-1.596639428721238485e-01,-9.233963579832477064e-02,7.229019920472389005e-02,-1.153769406446389645e-01,-1.176277203898881268e-01,-7.835777750581261747e-02,-8.989759821765022640e-02,-8.185659173058823512e-02,-4.369019752493836367e-02,5.638609628413549651e-02,-1.356068149478287799e-01,-2.182174145303972679e-03,-1.442316425588431594e-02,-6.774829444913524866e-03,1.144486757808104438e-01,-2.383012151876668511e-02,-9.871515581509168746e-02,3.821912767306075154e-02,7.994442104359214540e-02,4.326368533562210961e-02,-2.196887806119241990e-02,-2.045927037602100415e-02,1.057902372138134865e-02,3.537626007805882988e-02,-2.837626446403028121e-02,2.019189715283698991e-02,-5.404041495400710438e-02,7.129213962755127920e-02,2.159297020114395518e-02,-1.113551288026165681e-01,-2.099382211410600121e-02,4.958837703804633984e-02,4.811643993949536735e-02,9.378145171456181428e-02,2.017160625401255014e-01,1.482759761376291896e-01,1.786670717237047457e-01,1.124150200308112052e-01,5.786265782602709185e-02,2.017732756808165162e-01,1.426901183059782752e-01,7.822369200442015613e-02,1.562946139226151221e-01,5.532065102155876019e-02,9.726158774336994203e-03,-4.753279804431524008e-02,-6.208788757941058334e-02,-1.338494386534602731e-01,-5.891166450498747098e-02,-2.045639175440772117e-01,-8.580863134791033575e-02,-2.498443257030802389e-02,-7.050730132840830888e-02,-2.711365711867137415e-02,1.360426181296066177e-02,6.646792741493050272e-02,3.240815229125776353e-02,1.324042299433280528e-02,6.315462896011474203e-02,-1.228981031523842735e-02,2.669307163199339736e-02,-5.247479016008586850e-02,-7.625451415276392197e-02,7.736253040990073715e-02,-1.767740338725485583e-01,-3.177942224719400299e-02,9.246153095376559439e-02,-3.150402272659562630e-01,-1.845599971053813737e-01,2.043465008285380927e-02,4.172500806068982215e-01,1.193908360434215166e-01,1.564236475051144770e-01,6.413548425850285062e-02,3.333228520644427872e-01,1.183454061140013225e-01,1.490473295097730355e-01,2.964585444634994515e-01,9.988561759012679064e-02
-2.613596921700389250e-02,1.687318375964772799e-01,7.750597830048423509e-01,-1.301276915262392087e-01,-4.569981832774573927e-01,6.321732249736403686e-01,5.212639549243793802e-01,-5.684857498479428672e-01,-3.491807414687812805e-02,1.000000000000000000e+00,-2.109233355611244906e-02,-4.968031726012299698e-01,5.248174157214992031e-01,1.177824067526030000e-01,-1.588483540588967180e-01,-1.456553241676999122e-01,1.795500153732481896e-01,5.544651427384423431e-02,-3.087507745884054966e-01,1.333547404435002359e-01,2.984751720880207126e-01,1.037459684959984342e-02,1.784995627909903015e-01,1.786852716950820541e-01,-8.611982834326490505e-03,-1.340233010531988525e-02,-9.274298128561274390e-02,1.508755554359818563e-01,2.194339520495961482e-01,1.056814700294628484e-01,1.814923925474425104e-01,5.715699945871306926e-03,1.119484536397595403e-01,-5.490170792300911456e-03,-4.783947078145697751e-02,-1.058598783320848224e-01,-2.230597897665720711e-02,-1.633713831012958140e-01,-1.028440976518287808e-01,-2.034618126002286087e-01,-1.366200205198742357e-01,-9.039240196731121446e-02,-2.203077841438871518e-02,-2.724859197134477107e-02,-1.610803821637797340e-01,-6.657038127920912596e-02,-1.175956027796889319e-01,-1.228769326684440860e-01,-7.645510253913578858e-02,-3.889897429467448903e-02,5.222756357947732492e-02,-4.809928631286937428e-02,1.082719218161901364e-01,7.557979922763768954e-02,-6.939356721519293614e-02,4.393761848151973154e-02,7.242399448137475104e-02,2.126524799179371414e-02,1.455964722022497736e-02,5.306980229211308298e-02,3.866005623015279086e-02,3.868695478392747411e-02,-2.599320715891650924e-02,1.924355388646353457e-02,-4.973215208173038110e-02,4.980678470461175761e-02,-5.736645946488986431e-02,-9.955863680600762766e-02,-7.360474121341356590e-02,-1.339914559004195260e-01,-7.981886334418915319e-02,-9.101027162889430144e-02,-1.272516504926396730e-01,-2.845747257900343909e-03,-3.043848451831225252e-02,-7.514211569254451717e-02,1.307374649491615734e-02,1.042225292525541689e-03,-8.761266369845951973e-02,-2.608942735302626978e-02,1.355314316193184133e-02,2.029049150556561099e-02,5.638198169035257140e-02,-7.463226180100001640e-04,-3.717659553672918171e-02,-6.686426391224266352e-02,1.904724961403091860e-02,9.243664743943640072e-02,7.948398516543361825e-02,3.263837758765239668e-04,4.639498567275094493e-02,2.265805243099556360e-02,-1.188396059460713507e-02,-1.308051288722819963e-02,-6.151135541878190172e-02,7.943578066159748263e-02,-2.212992008186385681e-02,-6.725213898645027166e-02,7.785930246653231801e-02,-1.350271480843339041e-02,-7.065847944310553463e-02,-6.073223314798305295e-02,-9.222783458641906074e-02,2.866184664814387922e-03,-8.595170831758897068e-02,7.655344563781439626e-02,-2.367380186202981338e-02,-2.188005652481729568e-02,2.716263260231514126e-02,7.492386450292079503e-02,1.348596319117590370e-01,2.967740327618259011e-01,7.276751087626628922e-02,3.210026323660440661e-02,-2.593099351681002127e-02,5.218314186753102157e-02,-6.455602930835890527e-03,-7.682610236798555203e-02,4.213359267808489822e-02,-3.923473404724978769e-02,-9.829008247308064494e-02,4.757302732371371246e-02,-1.287433386139643088e-01,3.824835524874975034e-03,3.125163344221934536e-02,-2.169135735989594083e-01,-4.240284089647347598e-02,9.240070719508536312e-02,-2.238596135096553863e-01,1.594064230820077532e-02,5.891578418383476047e-03,1.016733259276235424e-01,1.897343990833993133e-01,1.310433718392271518e-01,7.227825326843936860e-02,6.122102476357229456e-02,-1.283657737785285843e-02,6.723927259123765876e-02,3.442103926202574882e-02
-4.234841835166173324e-02,-5.672438306242318928e-01,1.787763172844654413e-01,7.735342812733762008e-01,-1.807189129997753274e-01,-3.996720833171539256e-01,6.642410094078079474e-01,5.042827407563681419e-01,-5.434182783075142131e-01,-2.109233355611244906e-02,1.000000000000000000e+00,-2.939467907540406835e-02,-4.501841401930219422e-01,7.464815304332528267e-02,6.394359972033743060e-03,-2.786402091508068946e-01,-1.505195114156250291e-01,1.249921755988509936e-01,-1.096031647471524539e-01,-2.740406521253802019e-01,1.128190844449441371e-01,2.531022814246439712e-01,1.169192261946484374e-01,1.318064678735650086e-01,2.250711958456490525e-01,2.937946413985547678e-01,1.225657139243828270e-01,8.716772389897124718e-02,1.372657430960692038e-01,-1.171196323871516592e-01,2.871864018341405145e-02,2.339823651944401006e-01,6.801129777479422711e-02,5.434589726684901922e-02,9.305476387992409060e-02,2.689804990158953801e-01,-4.454608095357524833e-02,2.515600290940490646e-01,1.929925014896063107e-01,7.668230378229501376e-02,1.038898821463194871e-01,-3.451407206974684005e-02,5.350578670892783967e-02,3.911130173591025744e-02,1.182266562738907081e-02,8.406753400843040847e-02,1.441427099518955389e-02,-2.578315421549327510e-02,7.214262181488900749e-02,-8.478494310521549060e-03,-7.576624804293165261e-02,-8.563485837316444499e-03,4.687583188408661616e-02,-5.295010782235751862e-02,-1.044482851184944244e-01,7.934402678615382065e-02,2.472153236852556515e-02,1.498217382150441972e-02,6.475751994637163333e-02,7.192511117037567181e-02,1.294419287705921712e-02,1.207767555079971161e-01,-6.542325175152648165e-02,1.118168612514807564e-01,8.476780499735908636e-02,-7.103952271326784140e-03,5.393424118704956416e-02,3.393268616013926653e-02,4.068825661381750974e-02,-9.013859436544316428e-02,-1.271997212277069592e-02,1.243419604483100849e-02,-1.104603647612453256e-02,-8.118755699552884786e-02,-3.582952312126862215e-02,-3.102165415631123746e-03,5.876407766028567126e-02,-3.279362947651169851e-03,-7.982263844061514291e-02,-2.704896141447878793e-02,-1.291525134291992248e-02,-2.885281102145831333e-02,3.188740375041992231e-02,1.549132012119608034e-02,4.417154723895719282e-02,2.315722736655145830e-02,1.076334282641404350e-01,-5.006630751275447863e-03,-8.428061060843174135e-02,3.799867724497482668e-02,8.056714388353189427e-02,-5.216086474930240607e-02,-7.204901488439188761e-02,-1.674748655657948559e-01,-1.474282312265965122e-01,-1.349032352588730617e-02,-1.729273360526566439e-01,9.206709597050723518e-03,2.197444266651098210e-02,-8.451222785716498709e-02,3.606594138013366480e-02,-4.456559116116409758e-02,-3.006801896608480781e-02,1.013068255254480632e-01,5.815596181564833961e-02,7.576734158855223666e-02,1.530967818822022604e-02,5.182443534124016316e-02,5.880248023868472548e-03,3.066521560137006747e-02,-6.124456482869181095e-02,1.111975823900728313e-02,-1.418792841857597631e-01,-1.195982008188699458e-01,-2.323277344175379844e-01,-2.677130993474131637e-01,-1.729460522357702534e-01,-2.604303490733377302e-01,-2.543884456495689728e-01,-1.763834203565544656e-01,-2.914635429520099907e-01,-2.116967377897088776e-01,-2.102926057271896076e-01,-2.458740652682057937e-01,-5.489792578314824784e-02,-1.575348213750826509e-01,-2.098163578202640600e-01,5.957255772748189064e-03,-5.521309557554350544e-02,-1.223384149873595755e-01,-1.571325815079138988e-01,-1.388580301412683515e-01,-5.152536874831427360e-02,-7.723085348314502607e-02,-2.637539722247401741e-01,-1.907502190604439263e-01,-1.466444828071348516e-01,-2.514008709998398206e-01,-1.830567308362076040e-01
