1.000000000000000000e+00,2.309377142935032101e-01,-1.610475592449107235e-02,-9.521831743198788667e-03,5.934600434429887841e-03,-2.432217386515821145e-02,-1.731019237625553223e-02,3.216110875918245376e-02,-1.309498869993342383e-02,-1.255927368726964151e-02,-8.503013448876379013e-03,-7.067305751393598671e-03,-1.310330538094257044e-03,-7.744919276708517493e-03,8.544315004932658691e-03,1.341341229472642338e-02,1.386333232480262308e-02,5.504157549506413435e-03,5.642020978475177813e-03,1.100333562810362764e-02,2.478662564124756509e-02,2.591343135692810579e-02,2.159833936976235380e-02,1.458024383272814826e-02,3.125544485749103679e-02,1.478776628183486874e-02,-2.288408506724680467e-03,1.698782203233726792e-02,1.090935380270404223e-02,2.162169502266064747e-02,-8.394208381645350964e-03,-4.487085661960705900e-03,-6.347850978096550301e-03,3.000196378764692640e-02,-5.533841009242178484e-03,1.259458767616223468e-02,-2.720209525925214311e-02,9.836447984847012868e-03,5.477467744335222551e-03,-3.576368789134050374e-02,-1.828785446663867831e-02,1.097764288412851445e-02,-1.720078143105103693e-02,-2.284963103506527926e-02,-4.813743972207787901e-03,-1.760836469464003694e-03,1.406261250984468421e-02,-2.981783962725922249e-02,-3.057277247666638151e-02,-2.450889239622412383e-02,-3.504934257494232708e-02,-3.188020910382036166e-02,-1.746085799767755492e-02,-3.188301125612081482e-02,9.890267025357774369e-03,-6.929002301616548004e-04,8.905359650108921402e-03,-4.859697740217608190e-03,4.709047542288428631e-03,1.887708738261424310e-03,-3.532307570986821348e-03,2.147853877661121472e-02,2.300938527753090997e-03,1.943031834763464527e-02,-2.352632695585133663e-03,2.442028168248451796e-03,-4.029902464156927440e-03,5.964698542841326626e-03,1.716636031096989076e-02,-9.310090439489292213e-03,1.729327892585998810e-02,-5.563922721425729710e-03,-2.164494812461155437e-02,6.383314539681924325e-03,1.398725130874125047e-02,-2.228445064489301825e-02,-4.209271756524535224e-02,-5.395133431663992618e-03,-2.311393602657633994e-02,-3.605031770857835410e-02,1.066505972190729366e-02,9.313787136235270048e-03,2.389611830238403886e-02,-8.825865964824828117e-03,2.970086547754399731e-02,3.720712001412953412e-02,2.919131637577434407e-02,2.462665488161462982e-02,1.224665040486681844e-02,6.510567702464470363e-03,9.529492478372064050e-04,-4.750605276430298549e-03,-1.233360475752872830e-03,-1.008180328634473294e-02,-1.121703659863211317e-03,4.788234651828382656e-03,8.609185783432542899e-03,1.225967001256413058e-02,2.136757016380359114e-02
2.309377142935032101e-01,1.000000000000000000e+00,3.205381365436865138e-01,3.429496717729328958e-01,2.391631951061544414e-01,2.709657825320840319e-01,-1.232375527345316163e-02,6.379620112405251509e-02,1.101432673406303603e-01,5.211625209061180458e-02,2.461659040122536959e-02,9.708108037894147557e-02,4.552963915339658385e-02,4.100855726117334787e-02,7.651786062497244190e-02,3.288344387050769202e-02,4.140837245178365100e-02,3.800411255770787949e-02,3.648164822283725406e-02,6.181829355512573386e-04,1.595582524148346851e-02,2.108024000624464725e-02,8.230655515739232486e-03,1.561412998693056942e-02,2.925183047075551046e-02,1.213300198795763847e-02,-1.263397534915116499e-02,-3.512634631469194885e-02,1.696149753256477946e-02,-2.778212044239603690e-02,1.579447945454661925e-02,1.749608944588151860e-02,6.040466954041328988e-03,3.361084007343089625e-02,-3.143463197401245163e-02,7.460610698501065480e-03,6.140424230829669150e-02,-2.050181129372333211e-02,-2.682071606613662881e-02,5.198438472493818047e-02,-2.677666206592645842e-02,-1.549942020277930536e-02,-3.622144357800523989e-02,-2.175793233501310472e-02,-3.953902074237617553e-02,-5.122140386647136686e-04,4.227689761952342119e-03,-4.696880266783878821e-02,-1.958085298147225692e-02,8.863495912193932250e-03,-6.428787069616460903e-02,-2.768187147343716126e-02,2.128081978170278180e-02,-3.885044461959339529e-02,2.342491996240737839e-02,3.217823119910705361e-03,-3.904815906370383283e-02,3.199644844630240154e-02,1.684721671737809609e-02,2.167828965914762526e-02,5.542613876764102346e-03,-1.990982884818136376e-03,2.595005784407315372e-02,-2.501129654379994488e-02,2.074508068922659761e-03,-2.312788583997952077e-02,-3.897683983088721937e-02,-4.812004097147843523e-02,-1.271916160077043306e-02,-2.744902089833065051e-03,-2.369086033318106715e-02,2.838540709702346704e-02,2.681947512427587318e-02,3.080413486164721576e-02,1.619754697765878743e-02,3.656002210226918375e-02,-3.559186755074090266e-03,-5.223909191120167106e-03,7.476188171286390384e-03,-1.707753090730894721e-02,-1.211692002887606624e-02,-4.183582808208628073e-02,2.871465123783652554e-02,-2.919525002697728050e-02,-9.683941539571366483e-03,4.861649202109725315e-02,1.290078998188728433e-02,2.576558000439162568e-02,-4.431333114057192657e-02,3.886684841714291294e-02,6.724279819001413236e-03,-2.496720511374160914e-02,-4.177437719605324971e-03,1.811850406246671118e-03,1.653581207337862652e-02,6.032478748285479342e-04,3.727112690464537848e-03,2.494720476284020480e-02,7.389597294319000080e-03
-1.610475592449107235e-02,3.205381365436865138e-01,1.000000000000000000e+00,5.382147328116144713e-01,-3.597956884404323458e-02,3.572402307751985640e-01,4.678427117488918874e-02,-7.241035672191054040e-02,9.301025906454689351e-02,-5.288156713000585069e-02,-1.009899465445121894e-02,9.589585121534743503e-03,-1.058860542969502355e-02,-1.036944205299072941e-02,-9.817114516676573102e-03,-1.821074400428904921e-02,-2.683672316479174952e-02,8.924730954032429955e-03,-3.686649762337537023e-02,-6.441774039702658633e-03,3.331193243117604175e-02,3.645156920934788242e-02,1.703222283983253302e-02,3.398532370458907936e-02,5.387198275315241425e-02,-4.126323714241147446e-03,-1.627397816659696683e-02,-3.483812257427185144e-02,-1.838507291664338156e-02,-5.968145611034282594e-02,3.632825583329855890e-02,4.257085316541366765e-02,-6.557035299063043764e-04,2.168676994871199595e-02,-3.961713457552334949e-02,-2.107329430935186640e-02,3.280694210891082346e-02,-3.289166792215648949e-02,-1.652000679241072412e-02,7.393875099203815748e-02,-9.799689954331159553e-03,-1.949181513104575325e-02,6.634037596820266565e-03,-5.610418440047964909e-03,-5.073163072639536031e-02,3.207729550179857364e-02,1.045798450702181692e-02,-3.124213177936509961e-02,9.387790398100422443e-03,2.964921986700043074e-02,-3.703172899236188004e-02,2.332053108231540214e-03,3.260521572494510384e-02,-3.401500534479728194e-02,-2.512588464043517648e-03,8.192670960892538918e-04,-4.263562289820639617e-02,3.076919406216966149e-02,-3.227528640301683110e-03,-1.064966313348290547e-02,-9.961828571007446884e-03,-3.865501445672025332e-02,-1.031301267227682783e-02,-6.873330747793754414e-02,-1.025748492451212211e-02,-5.614570942660844499e-02,2.585220419630017419e-03,-2.352772845372728613e-02,-3.545981967874325264e-02,-1.729403247681365538e-02,-1.456243126339927529e-02,2.602137815317452293e-02,4.182849856469748884e-02,2.814503874779930928e-02,2.413237573826526941e-02,4.667519070197659325e-02,6.802315553461037168e-02,4.316885548070562711e-02,3.777053095930563154e-02,7.690760215121281163e-02,-1.792121736819167824e-02,-2.964478214948478019e-02,-1.018195600703261303e-02,1.081614268889748501e-02,-3.029478749800408946e-02,-7.830905057140005385e-03,1.376351695919543830e-02,-4.180632738488045987e-03,-5.849234475667680622e-02,2.115337027041884130e-02,-1.217118311394494237e-02,-1.777223861980387412e-02,8.206618665145196459e-03,9.450940819875937662e-03,3.242003390009012137e-02,3.080650091586988742e-03,1.718345919895017740e-02,1.548609862911851619e-02,1.595757218908165284e-02
-9.521831743198788667e-03,3.429496717729328958e-01,5.382147328116144713e-01,1.000000000000000000e+00,3.469760661676694058e-01,3.076679433085164894e-01,-1.077553175983027300e-01,-7.140801747942132280e-03,1.317497550982208443e-01,6.815372803255510814e-02,4.654489326187112586e-02,6.606692752999102081e-02,1.704081560699133649e-02,2.208394768613524892e-02,2.056319043920624631e-02,-7.950963973147249760e-04,-8.315603176733845194e-04,8.648318847341882748e-03,-2.827340342894892750e-02,-1.448704304485045648e-02,2.771358076940099932e-02,2.268373748220002539e-02,2.140669475911309919e-02,1.761086973203820905e-02,5.336561158426535167e-02,4.019396937279888504e-02,2.387732021759961937e-03,-1.303629876382125102e-02,-7.374646770761827952e-03,-1.454576764046607192e-02,4.109578921924914030e-02,6.906053450252719328e-02,2.433344865643157027e-03,2.717637013895988010e-02,-2.006514435548213855e-03,-3.294971639323213131e-02,-2.366291026508285725e-02,-2.765053933869020958e-02,3.033033242353384146e-02,3.502363031088417261e-02,-3.920281761723017760e-02,1.746570313177282438e-02,-1.949868387218700594e-02,-2.508313549276196611e-02,-1.032442742343771085e-02,-1.976471595916842044e-02,1.083639461050052433e-02,-7.530355148514467079e-02,-1.675196713015981997e-02,-2.960891038523756971e-02,-8.300529446736332195e-02,-1.913942092520749469e-02,-1.051777035518703871e-02,-9.992639496659214138e-02,2.194124144161069614e-02,-9.460055372450693750e-03,-1.602822179713706344e-02,2.625184347663310058e-03,-4.972700944191099474e-03,-3.838773757092891342e-02,-2.350671385005014685e-02,-4.871819269945931730e-02,-1.505491125589416418e-02,-3.369028084266036116e-02,-1.882963569815064228e-02,-2.913105443583382387e-02,-3.744932092435949295e-02,-2.331445161319450898e-02,1.772864113483144793e-02,-3.846121675244976775e-03,-6.098099301161545409e-03,1.704075779533305995e-02,2.107516400738745216e-02,6.368862966592022008e-03,2.805085029445555933e-02,1.930046916518832548e-02,1.849872497502759103e-02,1.581715900329709601e-02,-3.905196122379163328e-03,2.143936785420375718e-02,1.188023842633477260e-02,2.566324764300791095e-02,3.377517709248199079e-02,3.072973655304153673e-02,3.175042910287562831e-02,2.424765136198108947e-02,4.569278850161587191e-02,1.273122190862505630e-02,-9.215096036508496624e-03,5.041244010164150358e-02,3.134724031705238972e-02,1.522213745346260791e-02,5.035367527273804794e-02,2.520100044185195898e-02,4.470734301057986693e-02,-1.747864171250151661e-03,1.449147854482830955e-02,2.372114539942147757e-02,-1.905583067931274294e-03
5.934600434429887841e-03,2.391631951061544414e-01,-3.597956884404323458e-02,3.469760661676694058e-01,1.000000000000000000e+00,1.743250513364325016e-01,-1.775786561031486854e-01,2.244600784957006268e-01,1.709166856987379135e-01,9.793516118689903072e-02,1.063532133702169424e-01,5.746506416310275672e-02,2.252501580648360105e-02,6.304020205638492802e-02,2.189687116718037896e-02,-6.216974333115552614e-03,8.741251102972875248e-03,-3.713371948715524229e-02,-3.029049730120435269e-02,-8.886369024726809007e-02,-4.873489790592984428e-02,-7.317586451316453189e-02,8.502642956635633048e-03,-3.597229893425370195e-02,-1.462452044250376129e-02,6.892809306327654650e-02,2.027963043463617068e-03,2.806809214954846671e-02,6.437712429571269823e-02,9.105277454315904850e-02,7.147541610603207196e-02,4.943631157535562093e-02,-2.931038595602463576e-02,1.166633343104098858e-02,3.172334001361240552e-02,3.962981674413967870e-02,-1.091461138179312777e-02,3.251669911569570609e-02,6.952864114621248870e-02,-1.213002347395138354e-02,-2.797342769706932103e-02,4.398076394491732405e-02,-3.072789623633621989e-03,-3.533215294420618408e-02,2.075155243144315848e-02,-2.768220152532001321e-02,2.834196453339708766e-02,-7.957868847167542947e-02,-6.784644322154720353e-02,-7.534427841255482428e-02,-7.191049240007606203e-02,-6.354706320119747620e-02,-5.853311950383315032e-02,-8.641836775007726013e-02,6.860060723718861171e-03,-1.930722636532704317e-02,-2.315249323689080874e-02,-3.689350012262884726e-02,-3.853029337455280562e-02,-4.330622417210649999e-02,-3.394104049795412803e-02,-5.329765585933669142e-02,-2.642498203081009110e-03,1.729719422212660715e-02,3.513177560530782086e-03,-2.954999426815916805e-02,-3.682339649533472592e-02,-4.176134871840947449e-02,3.554487595856341275e-02,2.533295332775099828e-02,3.850633291197123144e-05,1.617636340437002621e-02,-1.474910104469267548e-02,-1.083826418152726047e-02,-1.705492858434183925e-02,-1.816925142411581710e-03,-4.073954402618557707e-02,-1.998239720929891397e-02,-1.546279338045176803e-02,-8.527568711209318475e-02,1.409564740933931526e-02,-1.348337022406928196e-02,4.227809643369161152e-02,1.294164820485537055e-02,-1.725275877775126962e-03,4.903946930842831287e-02,4.030139968674024270e-02,-3.619986351944233689e-03,-1.666010096212025213e-02,2.966129560717352398e-02,4.084482406660883830e-02,-3.347249466812331469e-03,3.253517790169431489e-02,7.911486710261365907e-03,-8.596645311434902154e-03,-2.534070246026156811e-02,-1.932982577582581518e-02,-1.095099540921091498e-02,-2.998535425761026871e-02
-2.432217386515821145e-02,2.709657825320840319e-01,3.572402307751985640e-01,3.076679433085164894e-01,1.743250513364325016e-01,1.000000000000000000e+00,1.506660255378476920e-01,-6.546977377891086136e-02,1.773332481812589789e-01,-5.333341870277747560e-02,2.471729660245475593e-02,1.339172409700981579e-02,-4.428483585918753518e-02,6.827159575897003875e-03,-4.282790779135045404e-03,-7.279382028773072333e-02,-3.119852117289892077e-02,-4.878509181739103251e-02,-7.382171920164597168e-02,-2.366215698912221485e-02,2.461696934027537975e-02,2.633765899172129527e-02,-1.871697852492337777e-02,7.154864633074472548e-03,6.273246843300413211e-02,9.193747141039998200e-04,2.488366594909889248e-02,-3.502337560969473462e-02,-4.582060245739917603e-02,-6.045444695686246622e-02,1.351689319609181497e-02,1.777839307595387511e-02,3.287813506110160572e-02,4.742249162465266531e-03,-8.611374373110584901e-02,2.567546481881036527e-02,9.321049221134494744e-02,-1.540513659988140653e-02,9.192737953970799361e-03,1.119708250026555524e-01,4.884010341077193312e-02,2.453899426035808379e-02,3.159043772700589198e-02,5.892825641179275098e-02,-4.980430896035896622e-03,1.302320842799621625e-02,6.084808006816617293e-03,8.146903613492624367e-05,9.833094247336316915e-03,4.269519207254180576e-02,-9.021374621530839355e-04,-6.016201889696247765e-03,4.337837578725178139e-02,-2.975416842409131860e-03,-1.191446191724462519e-02,3.839531247667496081e-03,-3.274072185701609738e-02,3.509239284270639081e-02,3.651013267309178439e-02,1.583133396896577866e-02,2.436375559803803745e-03,-1.711300425588829083e-02,9.044766467442365288e-03,-6.101402055624133292e-02,3.274606756751181468e-03,-3.701564706864692716e-02,-2.249408364279856590e-02,-3.549683152901159794e-02,-6.804851465232884811e-02,-3.855655321213648234e-02,-4.835438508049416662e-02,2.310568905900151765e-02,4.633275307225938333e-02,2.727604902698196540e-02,1.250278902014713076e-02,9.321106616010603474e-02,9.346971038775619967e-02,5.642001869471324066e-02,6.175819247336992307e-02,6.303937397472918203e-02,9.163859123735129675e-03,-1.397363943706256099e-02,8.821634902883845886e-03,3.470217305036228748e-03,-4.381616797835159033e-02,-9.286262486884114611e-03,-1.088928545996187790e-02,-3.957528153651365677e-02,-6.875174262109658152e-02,9.337655135708344128e-03,-1.913837509956841168e-02,-3.428488456017034919e-02,-1.067711340231046815e-02,-6.697851006716806256e-05,2.391636446904649854e-02,-2.251781047089699769e-02,2.412386918614015455e-03,6.315891505652821390e-03,-5.793797732945926877e-03
-1.731019237625553223e-02,-1.232375527345316163e-02,4.678427117488918874e-02,-1.077553175983027300e-01,-1.775786561031486854e-01,1.506660255378476920e-01,1.000000000000000000e+00,2.125491404558750297e-01,5.080314203149280394e-02,-1.106605623352314022e-01,-4.177708699007436771e-02,-7.866702300085862132e-02,-6.457804414109190316e-02,-3.092769194770524435e-02,-4.282814608371778714e-02,-7.130249993723065949e-02,-3.473809704731704168e-02,-6.522197941564932336e-03,-4.289538361234681435e-02,3.127838109740758293e-02,2.183221409675153296e-02,1.440500641775045026e-02,-3.116777313360241317e-02,8.692892555708726238e-03,2.867445055730323891e-02,-1.291938507065363076e-02,2.820986808382573013e-02,1.021598230828827530e-02,-2.780989607871759903e-02,-3.581042426106286619e-02,-7.505551801902837772e-02,-8.710289975552276687e-02,-7.159360977934318970e-02,-3.957879873560122413e-02,-4.582669382669011388e-02,3.272506061553392270e-02,3.353698768791338325e-02,-1.083753556450083554e-02,-6.593780072566222603e-03,5.902089090108036951e-02,1.655059061050502892e-02,-6.823751455954665812e-03,2.462101858085380054e-02,1.588322691878611345e-02,1.006222692414336824e-02,1.513148060327453373e-02,-2.332498940852979763e-02,5.856471156777319498e-02,6.759618972771191080e-03,4.575043381011381638e-02,6.646420216017780158e-02,-6.843131536702336780e-03,3.458243546673126639e-02,6.739363674036040475e-02,5.390609404662859844e-03,2.240797180218477222e-02,-1.562155926640070198e-03,-8.796702901486637069e-03,-1.324698825131190609e-03,1.876573764445798459e-02,-2.769730748169257559e-02,-1.529534034952933705e-02,-2.979096682666641099e-02,-4.765161166368199475e-02,-2.884433286889920983e-02,-5.244128571815386691e-02,3.046999450625207870e-02,4.381971995369742662e-02,-9.375661330974997820e-02,-2.843784170985749066e-02,-1.940744319132259657e-02,4.463432837305401912e-02,9.707592252579878844e-02,5.257668576879199335e-02,3.846761983007890989e-02,1.017737818221506885e-01,7.728456226016901243e-02,1.159739260925520404e-01,6.066097131652539720e-02,5.395102275301034284e-02,-2.104549596063783751e-02,-2.188201972552723806e-02,-5.129076564614732520e-02,-4.100161823013227097e-02,-6.393687766462559374e-02,-6.473349381988025009e-02,-6.031575546681405137e-02,-2.032678023486038030e-02,4.085065691448214360e-03,-4.555666034652389867e-02,-3.500873583786769799e-02,-7.194870895758563589e-02,-4.231344382442490254e-02,-6.838231232036865587e-03,-4.203723366442877613e-02,-9.250782023355434702e-03,2.872513624720126908e-03,-3.826428720786416438e-02,1.896087805477922328e-02
3.216110875918245376e-02,6.379620112405251509e-02,-7.241035672191054040e-02,-7.140801747942132280e-03,2.244600784957006268e-01,-6.546977377891086136e-02,2.125491404558750297e-01,1.000000000000000000e+00,2.064137929453313536e-01,8.319453093624445961e-02,1.982775427499581800e-01,1.204016352415449159e-01,1.256302675474373354e-01,1.838699169772378961e-01,9.556816796222114552e-02,7.760153219154770909e-02,1.040438327736567248e-01,1.643617141652085889e-02,1.680092773810874102e-02,-1.168410575803371237e-02,-5.088564278217357073e-02,-7.972235897479153233e-02,-1.556159385002130018e-02,-9.215851073274144989e-02,-4.956629244093029713e-02,-1.401061470679929033e-02,-6.339748603397588923e-03,2.168040103887253212e-02,1.925665159396459936e-02,4.206711715495268372e-02,-7.013143648838036578e-03,-7.834380961016225095e-03,-5.963159521325846202e-02,-6.391534340526941471e-02,1.471346671978800841e-02,1.747509496411928098e-02,4.212390510640469377e-02,9.007327362442507299e-03,-4.721996989087170332e-02,-6.923518947328476981e-03,6.018203668654013849e-03,-2.852129998625841864e-02,6.753927285655360324e-03,-1.001050453299660902e-03,5.014853512420388779e-03,3.160279327492294260e-02,-2.906610083478468678e-02,1.793411327892691781e-02,-3.300734676325150357e-02,-6.311840532770195350e-04,3.681375224764583953e-02,-5.318089785239873968e-02,-3.005677028401848930e-02,-1.319805134474921413e-02,-6.215808579783758947e-02,-6.957353061699055041e-02,-1.090365604565519675e-01,-4.096555891963640089e-02,-1.059125856772016455e-01,-1.127743507548320187e-02,-5.220386820572781028e-02,-1.255147736548084259e-01,2.647396765507193002e-03,-4.746180041353163966e-03,-5.880875517819481035e-02,-9.479520969836478794e-02,-2.678944643261349165e-02,-1.259858093268662223e-02,-6.209310701646655883e-02,3.886445609064258233e-02,-1.845571437495733061e-02,9.471985477478334081e-02,9.913037769116560260e-02,5.255727651290530156e-02,5.134962006111791488e-02,1.007517780621268177e-01,1.279465302290819576e-02,5.394616625306931923e-02,7.533536035659731123e-02,7.363016700285184013e-03,-8.164525634409543209e-02,-9.657094852158344678e-02,-5.000349276496320744e-02,-7.978462190894804185e-02,-1.162007365860211056e-01,-6.074872892992518730e-02,-5.661777560296375744e-02,9.029913755006363507e-03,-2.844408388283274983e-02,-5.097677554175162468e-02,1.906731738643564419e-02,-6.482031960863410269e-02,-3.436494863105483966e-02,-3.349634583294725659e-02,-5.594231584521682649e-02,-2.527785451813458276e-02,-1.765278942681235488e-02,-2.931503275546980605e-02,1.399631857234465149e-02
-1.309498869993342383e-02,1.101432673406303603e-01,9.301025906454689351e-02,1.317497550982208443e-01,1.709166856987379135e-01,1.773332481812589789e-01,5.080314203149280394e-02,2.064137929453313536e-01,1.000000000000000000e+00,2.406113003904516712e-01,2.326673238571582980e-01,1.526968352362599035e-01,2.057632981767900660e-01,2.298766455194257430e-01,1.068972697234813196e-01,1.318430104693071869e-01,1.576073646570855524e-01,-6.453425810664746749e-03,3.158562183408629431e-02,-3.387527776561271436e-02,9.908434898060338586e-03,-7.382378949520113781e-03,-3.066287780469491298e-02,-2.259444087378120400e-02,2.706699393662422362e-02,2.867394123244182760e-02,-2.704944506733411233e-03,-4.250482327165204521e-03,3.468028256889252314e-02,2.081579792979833948e-02,2.949255018327483213e-03,-8.648235800095827042e-03,-4.597937657636759490e-02,3.511472194852428147e-02,4.990363969883337275e-02,6.962460353990430895e-03,4.126076699002476783e-02,3.325478589959797362e-03,-3.305754621002514326e-02,2.279876358951776413e-02,-5.274721282725456338e-03,3.073654710220207614e-02,2.415497395634633518e-02,7.846062674388630878e-03,-7.190395128467863550e-03,3.491525335521775131e-02,-4.309046516981664826e-02,-8.671176667376927216e-02,-9.255110571870536762e-02,-5.239472532196588761e-02,-9.512150958447711246e-02,-1.186859902482595708e-01,-4.359526322953961169e-02,-1.025084515917767808e-01,-7.973251089306149231e-02,-9.389483160541518825e-02,-8.045733144969353934e-02,-9.877081956378526428e-02,-3.628950565466156075e-02,-5.617287374106491593e-02,-9.027140794668200852e-02,-6.943903467895146120e-02,-6.648277260777904485e-02,-1.624901820918034021e-02,-7.326290568117197442e-03,-4.877318534063504463e-02,1.314744623457615724e-02,-3.211019777862261088e-02,-4.639421112790309554e-02,6.895955168191966744e-02,1.867592881245429270e-02,4.801318494378597340e-02,3.926175687921335672e-02,2.084117472462074586e-02,5.061770204637553588e-02,5.261864933400361294e-02,4.503442241401548612e-02,7.752403911187781636e-04,6.876869908415345414e-03,-1.691711931887223200e-02,-2.814474951291088753e-02,1.860759332733375598e-02,2.387146595839307120e-02,-5.055150539858829783e-02,9.624770924407487563e-03,-2.744419400057705044e-02,-2.586693683826137707e-02,-1.190260576339668974e-02,-6.115484367925307085e-02,-1.451009841757402823e-02,-1.614353536872011746e-02,-5.623894878963527771e-02,-3.724931254837177130e-02,-2.363367107019900826e-02,-3.935812984734314394e-03,-2.699054412451689158e-02,-1.367461008248572986e-03,1.315679844929864943e-02,-2.980126660914084874e-02
-1.255927368726964151e-02,5.211625209061180458e-02,-5.288156713000585069e-02,6.815372803255510814e-02,9.793516118689903072e-02,-5.333341870277747560e-02,-1.106605623352314022e-01,8.319453093624445961e-02,2.406113003904516712e-01,1.000000000000000000e+00,3.279375495438957011e-01,3.793069185945247002e-01,4.209298211177779359e-01,3.246325304900540831e-01,2.510724950239158759e-01,3.075293698413581467e-01,2.382394647524806730e-01,8.779243123008707850e-02,1.446987700943892508e-01,2.603540147138021232e-02,-3.623851098816759011e-03,-5.994480382936204395e-03,-4.303527244763470649e-02,-6.761477448817143632e-02,-4.392227686722222080e-02,-6.378387780175778267e-04,-2.488025736830178428e-02,8.114269661519145360e-03,3.464648418198083141e-02,-1.614793750445310191e-02,-3.319643088963301902e-02,9.164712402726610946e-03,8.043069033745716204e-03,-1.573225987392136080e-02,5.516334806553720854e-02,-5.398190502807385938e-02,6.245281276498838158e-02,6.527470617732732648e-03,-9.524873903479166848e-02,-6.156632552967924478e-03,2.061032701889798160e-02,4.518149061914367159e-02,3.216186317589646987e-02,-2.440805368220195712e-02,-5.305277588141716488e-02,-1.246222184716410525e-02,1.923033125150298752e-03,-7.976819701682512365e-02,-8.535904100032284947e-02,-1.062949660472853608e-01,-8.607747987980834958e-02,-1.039792083607777445e-01,-1.081622530036722707e-01,-9.232952955801607131e-02,-3.284784212015354199e-02,-1.115801222305972257e-01,-7.997883820326665005e-02,-1.075623944689495237e-01,-5.441592631877304603e-02,-2.178025916253583869e-02,-8.978538164086891094e-02,-5.624808376022415179e-02,-4.335572362698104920e-02,-3.159757806681361830e-02,5.763721951568671377e-03,-1.064823267427310316e-02,-7.416688699488744978e-03,-4.428606095295403028e-02,2.740304819032882838e-02,1.351884291004211702e-01,7.029087993738818152e-02,8.175397482000597293e-02,5.641572906609753496e-03,3.821571156560526344e-02,1.073240216256700491e-01,1.718379474319515002e-03,3.328044860181080672e-02,-5.247771452772973660e-03,-2.921588272470874298e-02,-6.104003569526109813e-02,-5.198971506791597030e-02,2.872582394327140992e-02,3.653424359575532104e-02,-6.560575869718371367e-02,6.214083132321725211e-02,4.854220392737396660e-03,8.420693957671124621e-03,4.494830779281169808e-02,-1.787793621305290223e-02,1.808756273130151387e-02,2.266044286691479195e-03,-2.703737225582740315e-03,3.025356656120445353e-02,2.382413296958212426e-02,3.357043745804578344e-02,1.557560014131265970e-02,2.691970094306097433e-02,4.404506645675480836e-02,1.219864921933187536e-03
-8.503013448876379013e-03,2.461659040122536959e-02,-1.009899465445121894e-02,4.654489326187112586e-02,1.063532133702169424e-01,2.471729660245475593e-02,-4.177708699007436771e-02,1.982775427499581800e-01,2.326673238571582980e-01,3.279375495438957011e-01,1.000000000000000000e+00,4.089206916101654765e-01,3.410073018588435922e-01,6.613748122152460773e-01,2.339522997441526586e-01,1.697378369633201489e-01,3.777767667341094815e-01,2.143856401254234934e-02,9.871690529405106884e-02,6.287324404972240155e-02,1.005734052823888808e-02,3.190250323181499734e-03,2.836185940282092560e-02,-5.643206689957677019e-02,1.722502722697244470e-02,3.681435140904339241e-03,-2.804911407584513572e-02,-3.601021496123212040e-02,1.922965911732571476e-02,-5.884173863980093899e-02,-8.359344097371536331e-02,-4.227172355562087980e-02,-5.543209597755673068e-02,4.525314341098409660e-02,7.910103459450547325e-02,-5.294699606152811211e-02,6.696242696406347339e-02,2.305492983534098220e-02,-8.771494252572857586e-02,-2.591629721259974296e-03,7.816609665967162029e-03,3.689961396766493207e-02,3.680758243939137586e-02,-4.473697129777604031e-03,-2.593159266526225831e-02,4.727438729460517464e-02,-5.657302078092259559e-03,-9.262640613877823337e-02,-5.061939786833948018e-02,-3.606846080982690356e-02,-8.966415791948162406e-02,-5.192104186006039207e-02,-1.198495075628753376e-02,-7.730098834112951456e-02,-4.696864923241031442e-02,-5.836299997076251078e-02,-8.846055115568310367e-02,-5.063702302999414234e-02,-6.459285799588919408e-02,-1.946765917972468479e-02,-6.966035858487189258e-02,-6.110123424265037628e-02,-7.582025134532184574e-02,-1.815166717026301399e-03,-6.318098100962992597e-03,-3.409871266958915820e-02,3.539628649946452432e-02,-3.133720422750984475e-02,2.323579584362183564e-02,7.940983392699121901e-02,7.430238885092381451e-02,2.260815039939482324e-02,-2.590092936973916946e-02,3.245791328433554612e-02,4.063901024165543496e-02,1.450553615045598391e-02,9.832808338635132261e-03,3.214479362125111789e-02,-7.303593502511578073e-03,1.190854783512692965e-02,-2.391079411114612613e-02,1.536994397107492236e-02,1.102662157045791735e-02,-2.912186352620534796e-02,1.971198057892359357e-02,-3.417238368348086974e-02,2.235202360703996208e-02,1.889829934713425225e-02,-2.333473972730957732e-02,-1.534105822822862467e-02,3.534074365173953125e-02,-3.175988571806271504e-02,3.944048568248847628e-03,3.589764164324055901e-02,-1.086336589266312380e-02,8.516451021573780492e-03,3.168176872822581203e-02,1.241926853106718048e-02,7.187350699708174549e-03
-7.067305751393598671e-03,9.708108037894147557e-02,9.589585121534743503e-03,6.606692752999102081e-02,5.746506416310275672e-02,1.339172409700981579e-02,-7.866702300085862132e-02,1.204016352415449159e-01,1.526968352362599035e-01,3.793069185945247002e-01,4.089206916101654765e-01,1.000000000000000000e+00,4.224894895754086610e-01,4.475731199165535745e-01,6.211036315217598469e-01,3.107094780769987241e-01,3.902190035966179305e-01,2.465325251733967715e-01,2.372905501236534931e-01,9.398619343209012322e-02,6.698767530900008593e-02,6.260942553356420304e-02,1.485382300509432117e-02,-1.094599856116206492e-03,-2.026664151763271637e-02,-2.799631088868872238e-03,-8.357319204074725727e-02,-1.869592930595956326e-02,6.292854557763523371e-02,-5.765056841651715336e-02,-4.942733927600457405e-02,-6.111187860552028638e-03,1.115637587868144667e-02,2.877299177739618685e-02,3.668472255820048183e-02,-7.198318694582218902e-02,3.976013359920930329e-02,-6.160352038792984292e-02,-1.252700902185276965e-01,2.154734633168540678e-02,-5.407786779977508118e-02,-2.222101418871934991e-02,-2.252985713784714378e-02,-8.013274577129805842e-02,-2.854194073340089732e-02,2.780419171450354901e-02,-1.081786691933618594e-02,-6.628128406616010104e-02,-1.646019837595849578e-02,1.761905204405164391e-02,-7.721784641061289756e-02,-2.325568019857583713e-02,3.586779210077975510e-02,-1.167526238469334711e-02,1.054775950367730156e-02,-7.296022306749425090e-02,-9.470786821656568266e-02,-2.361521667681172956e-02,1.289899376831381370e-03,3.839832898524163374e-02,-4.822904484863928254e-02,-3.702373113320129444e-02,-2.944114068661985231e-02,-1.789284097459174425e-02,-1.608802008576335277e-02,-5.029243225615326329e-02,-1.903499574776279513e-02,-8.323968809241984179e-02,-1.581404718193909001e-02,9.564199272779333461e-02,4.438884202451444383e-02,6.207764316972953778e-02,2.328069375307621064e-02,6.093410255744126369e-02,6.554485191393515098e-02,5.778069800444868287e-02,-2.171779574284999140e-02,1.561368085153542855e-02,5.431822843179810040e-03,-3.082832177961280368e-02,-4.619442777519276733e-02,2.278662119217483503e-02,8.262291239926650155e-02,-7.509327173786781162e-02,1.881632089158263854e-02,1.835362028381163496e-02,-1.317432132966578524e-02,4.899196153532409809e-02,2.963926159962914416e-03,5.015733133762115964e-02,7.498803175619533912e-02,-4.116330974760614748e-03,-1.372912783768717726e-02,3.223157257979882701e-02,1.937558584153018307e-02,2.622194179787379689e-02,3.423008605933499510e-02,2.632780826256903364e-02,8.360476899443445437e-03
-1.310330538094257044e-03,4.552963915339658385e-02,-1.058860542969502355e-02,1.704081560699133649e-02,2.252501580648360105e-02,-4.428483585918753518e-02,-6.457804414109190316e-02,1.256302675474373354e-01,2.057632981767900660e-01,4.209298211177779359e-01,3.410073018588435922e-01,4.224894895754086610e-01,1.000000000000000000e+00,4.681577464785766085e-01,3.679507943063450304e-01,6.961318846293266249e-01,4.250237340423818067e-01,1.675041916353753046e-01,2.088350839726800245e-01,5.111306571236931551e-02,-1.554082016366187778e-02,-3.136555988127198019e-02,-2.336181868250481602e-02,-7.854640872041251942e-02,-8.465316143657855563e-02,-5.266640694701543030e-02,-6.462427687636353169e-02,4.189173598811342381e-02,5.001555710802176036e-02,-6.107728924468711768e-02,-3.244296130133512285e-02,6.723505366600463808e-03,1.726810118796502300e-02,4.850691683585043462e-02,6.276633903915417034e-02,-6.208320120172167167e-02,9.380900452202528550e-02,7.869623024314499268e-03,-1.294780984523484779e-01,-2.453387688291768301e-02,-1.925472444458223645e-02,-5.150652292349530009e-02,1.515432558524421568e-02,-6.312765961209998444e-02,-4.041627019876358265e-03,7.557711186226420685e-02,-3.942969936972805928e-02,-2.877623403194564874e-02,-7.690740329688779131e-02,-3.246470356792285905e-02,-2.871409478739652896e-02,-1.058163925446499037e-01,-4.209519494842177412e-02,-4.127095686342011766e-02,-6.528458994899195844e-02,-1.137372758339772194e-01,-1.237657905148065590e-01,-8.003106548852863267e-02,-7.794516547469389212e-02,-2.042474585261964341e-04,-1.121805776336974592e-01,-8.326955790824440429e-02,-5.096001780665362219e-02,-5.761137183133019368e-02,1.479788136619751560e-02,-1.732911884082483783e-02,2.657863433705435346e-02,-7.243613675841804878e-02,-1.132107441547676799e-02,1.642445498717002295e-01,1.005396261804683278e-01,1.300182476725968983e-01,3.242810099677599645e-02,6.092264608882208554e-02,1.226950950152696507e-01,3.296693659471303106e-02,2.546824673585925541e-02,-1.455534163782654968e-02,1.437844248759143941e-02,-3.894225672338063465e-02,-1.000599149655328479e-01,-2.688684145134065742e-02,2.537772015941234735e-02,-1.198084392126194525e-01,9.985719515239363867e-03,-4.273791894058043966e-02,-7.432353264271605517e-03,5.211766079892477671e-02,-4.016405194408280421e-02,8.439535494978384414e-03,5.371022169915708883e-02,-2.859384845844323807e-03,-9.552937519694378737e-03,3.016554965185085438e-02,6.942066809186203495e-03,3.075989933620354791e-02,4.521246653995130566e-02,6.061407778449936362e-02,2.550609375089606806e-02
-7.744919276708517493e-03,4.100855726117334787e-02,-1.036944205299072941e-02,2.208394768613524892e-02,6.304020205638492802e-02,6.827159575897003875e-03,-3.092769194770524435e-02,1.838699169772378961e-01,2.298766455194257430e-01,3.246325304900540831e-01,6.613748122152460773e-01,4.475731199165535745e-01,4.681577464785766085e-01,1.000000000000000000e+00,4.013439507093928826e-01,2.786460591916589125e-01,5.405405706267085719e-01,1.325447660231493796e-01,1.849473501302175971e-01,1.339582393204056532e-01,5.861494488093546562e-02,4.410821857565457027e-02,5.414581759311270365e-02,-1.745584380873668739e-02,1.911419739453804403e-02,-1.060017669795140956e-02,-6.033274795258666834e-02,-2.393407462654590853e-02,4.833849680367847956e-02,-5.082949141209205240e-02,-8.105993745061301770e-02,-3.678052743157085580e-02,-3.423616209344942235e-02,7.064281478875700238e-02,6.543275991668344449e-02,-9.463102577082906086e-02,6.296551930584076695e-02,3.093130524805032255e-03,-1.135321399537101011e-01,-1.693566366355947136e-02,-7.455252433066112371e-03,1.376522320978116297e-02,3.990126303617463899e-02,-2.155639405897927241e-02,-3.613959218775707888e-02,6.586207769227095388e-02,-2.758887237647804705e-02,-8.474913232409884978e-02,-5.767990211934973660e-02,-6.574181052489120811e-03,-7.618317892635675936e-02,-6.467087159821591213e-02,1.343984224136210610e-02,-4.494836092052107573e-02,-4.077068462456053671e-02,-5.733141281172975112e-02,-9.688367564093820772e-02,-3.403286251970787796e-02,-3.000411287818204736e-02,1.681980511701914108e-02,-6.457441807223089636e-02,-5.248249060881709366e-02,-6.737095885350524727e-02,-5.337361390921974147e-03,6.115431640345834682e-03,-3.607361736993732609e-02,3.484080030159235342e-02,-4.919431947861915844e-02,5.446559548444661336e-03,8.899293525395333970e-02,7.066670637897483342e-02,2.921194846191342565e-02,-2.388057452254781221e-02,3.003730273648732782e-02,4.535060027932400623e-02,9.403355911359035507e-03,-1.314104777846912195e-02,6.406574847593896928e-03,-1.718835761949925531e-02,4.059900624677504136e-03,-3.074952092574509410e-02,8.895662253213530365e-03,4.768126485831165884e-02,-4.757321036827674710e-02,2.109706601493316000e-02,-3.470170561782498497e-02,1.306270913786895110e-02,2.798199958940917123e-02,-1.122187934965998037e-02,-2.305144991813711311e-03,5.053877193189337813e-02,-3.523868438849684509e-02,-1.752146740139931894e-02,3.800774244040665273e-02,-2.211545142083914256e-02,9.997233323328436408e-03,3.802217624711909383e-02,1.868199464539868626e-02,1.574872854234869723e-02
8.544315004932658691e-03,7.651786062497244190e-02,-9.817114516676573102e-03,2.056319043920624631e-02,2.189687116718037896e-02,-4.282790779135045404e-03,-4.282814608371778714e-02,9.556816796222114552e-02,1.068972697234813196e-01,2.510724950239158759e-01,2.339522997441526586e-01,6.211036315217598469e-01,3.679507943063450304e-01,4.013439507093928826e-01,1.000000000000000000e+00,3.896218687799883895e-01,4.648400294517225917e-01,3.955867451305052906e-01,3.179895093805625295e-01,1.652845526884075822e-01,8.434048822687469082e-02,7.263574529403513114e-02,2.627575546727096631e-02,1.475771139255769313e-03,-4.023928772360714501e-02,-1.352837349439842650e-02,-7.479817538830048351e-02,2.880398734365765406e-03,8.244551614989333033e-02,-4.171463664932700821e-02,-1.657494478749159048e-02,3.447882476808141784e-04,3.167315346284077515e-02,2.551692553453193194e-02,1.595144192266902128e-02,-6.017991363154772538e-02,4.238432804850102847e-02,-1.195273886371084476e-01,-1.290248114227530440e-01,2.317455182542515341e-02,-8.492316644562179773e-02,-7.236534923002600761e-02,-6.330248563170182141e-02,-8.821611008815156973e-02,-5.123265105314746964e-02,2.251224003229085682e-02,-4.496396921566293836e-02,-2.405448534447030690e-02,5.758318213934876008e-03,8.472289749857955798e-02,-3.045524370320469576e-02,-7.827330348824792366e-03,8.218157957847077588e-02,6.231885657225677555e-02,2.566146120021772434e-02,-5.629123494093728891e-02,-1.062937911283520082e-01,2.861345172706143344e-02,3.699055018042305548e-02,7.306389181782889375e-02,-2.628030931281427618e-02,-2.059716683614079905e-02,-4.880240900359530086e-03,-1.165779985725064541e-02,-2.682298495490444828e-02,-6.176254640026437870e-02,-3.220656554362226476e-02,-7.329771480748915879e-02,-2.902265475246746870e-02,8.321819148126581578e-02,3.580379846970582758e-02,5.951491890178985805e-02,4.497409047161312484e-02,4.544590542565168922e-02,5.450052820659864738e-02,3.570418686658759222e-02,-6.327196164545620394e-02,-1.402615281965956771e-02,-1.345805753130100910e-02,-1.345081670514124660e-02,-4.766347923696095945e-02,-2.696868047637169651e-03,9.724212703224643928e-02,-7.415144364907209906e-02,-6.868415947274758744e-03,9.241547769679135660e-03,-3.653148496733760187e-02,6.031187708341407411e-02,9.983902488968417199e-03,5.647620248969627277e-02,1.040622807170896308e-01,3.752653006449706286e-02,-9.792054150002777249e-03,4.306346454870157991e-02,3.091062479900408971e-02,3.660655003865116719e-02,3.832016281183787954e-02,4.474588534319041272e-02,7.509760648221237844e-03
