1.000000000000000000e+00,2.229693883679582100e-01,-9.255708651779195884e-02,-9.833038053189557814e-02,-3.880511442154491175e-02,-1.244091097116623440e-01,-8.641242966717216367e-02,-1.522847035215256191e-03,3.748608984974098612e-02,-7.731479309752814499e-02,-1.034279687799235514e-01,-8.028874516419538809e-02,-2.505352906525915024e-02,-7.131342189935703513e-02,-8.678219574477993858e-02,2.205533466278822644e-02,-7.110986696432763932e-02,1.899103242451428974e-02,3.190796976357170023e-02,2.808535742287316533e-02,1.422144084109154896e-02,1.702429173980251828e-02,3.118012603126701573e-02,6.943815271551020962e-02,6.456528853360456177e-02,4.664806779711190565e-02,3.545595778549144594e-02,1.793979904262279351e-02,3.056062030768266768e-02,-2.748519393760806562e-02,-6.847097483908473614e-02,-1.417192217005798505e-02,-2.555560501238440807e-02,-6.652038886455742539e-02,-4.647840010471123579e-02,-8.449247436872621420e-02,-8.686115647464767719e-02,-9.000915199948419931e-02,-1.096633613994737744e-01,-5.803250596475150597e-02,5.289270576801837626e-03,-6.086417711985972478e-02,-8.226587844353917822e-02,-5.620805421790167622e-02,-2.435894251250082798e-02,3.560794535620489393e-02,1.638611741483432874e-02,-1.476498965734884122e-02,-1.858192433050844580e-03,7.862290155692963634e-02,4.380811284518690805e-03,3.800494114825887781e-02,1.009784648884153452e-01,5.673912744694321192e-02,7.986823334699574839e-02,9.187353075201869224e-02,5.855938856170550544e-02,7.370905676767842973e-02,1.641522111496461489e-02,-8.341065770499295207e-02,-1.056150096169011787e-02,-1.416081344249698649e-02,-5.183125413256315511e-02,-3.478843574208660694e-02,2.295817730044400970e-02,3.436034186265746887e-03,-2.546782854155721712e-02,7.833072801039014932e-02,5.577579488153793646e-02,3.469073296463128647e-02,3.153877256913501653e-02,5.812073827559434414e-02,5.995178619631665040e-02,4.424262591746083381e-05,-3.301780533932049955e-02,8.065923066827056231e-02,1.946177099712849759e-02,6.705575389131200603e-02,9.683929712027006254e-02,1.918464752970010061e-03,-4.429358716779731482e-03,7.530045024914680529e-02,1.234057102683081691e-02,3.601286935224985719e-02,-2.066153958464264292e-02,-2.155025300342230336e-03,1.090663825393790344e-02,5.933106492341239102e-02,3.924835689610066403e-02,-2.032055853851975208e-02,2.246386806101814682e-02,4.229525320850067473e-03,5.152889215314659238e-02,7.179691253013031904e-02,4.305584873253402722e-02,4.877794194008619466e-02,1.842869495984767250e-02,6.642000060709873921e-02,2.236609694206139962e-02
2.229693883679582100e-01,1.000000000000000000e+00,2.639495983487940012e-01,3.330544445509767693e-01,1.857053401418297112e-01,2.341915800855698115e-01,-6.324942824028276234e-02,8.690337169842092535e-02,1.711894352960155741e-01,8.433203819571047366e-02,-5.443797002428464593e-02,-5.009083667384330203e-03,-5.727347480335170937e-02,-5.673986874808607112e-02,-5.380199361069964992e-02,-1.172055629211055522e-01,-4.432541722645651910e-02,1.251645407630377384e-02,-2.886538971304423995e-02,-2.984789789344232183e-02,-3.720200496815449353e-03,-3.904798455766898824e-02,-5.396913944161228294e-04,-8.285381000731477028e-03,-2.114971507555848604e-02,-4.302370231403560702e-02,-7.227091896162395751e-04,5.133802349445609758e-02,4.369804705513720064e-03,6.200732138527174225e-02,8.473949957477312431e-03,1.603713087905070389e-02,-6.281538309882122272e-03,-6.731465800027389666e-03,3.992100886550363774e-04,-2.032291269334918563e-02,-4.937933265643353921e-03,-3.545912708263581486e-02,-3.034793088696543205e-03,-2.988937803614174354e-02,2.104169983446505660e-02,4.576490595682239371e-02,5.165518734354716118e-02,5.442339368929066667e-02,5.842710581690439831e-02,1.732095416309888808e-02,1.421052516502458764e-02,5.562941165038465252e-02,5.964708872371959208e-02,8.117411098350192644e-02,3.563835620476014238e-02,1.991146576114964650e-02,5.685465835499405735e-02,5.244382058023414755e-03,3.465622010407519438e-02,4.093269306320090201e-02,-5.561508778478389987e-03,-1.519656202113520843e-02,-3.991406724748291363e-02,-2.127659989385956296e-02,-4.051945622730431656e-02,-9.287967422706901177e-02,-4.729387521287817947e-02,7.953279715603638056e-02,3.903718020401047289e-02,-6.062253726182795927e-02,1.214147238232154979e-02,-1.256717150129617495e-02,1.117341191767244439e-02,3.361368649060582359e-02,-9.386085445459946231e-04,1.991095877340622912e-03,5.738395838352973455e-02,-2.076738181500120684e-02,5.223107925849060883e-03,8.165628530656474093e-02,1.144071173388537810e-01,7.413746409466731579e-02,6.045028538302770621e-02,-4.307291175209228967e-02,-3.079447897204103807e-02,5.485162225451272605e-02,-4.721440263216481088e-03,3.705732636966726362e-02,2.696411351210555377e-02,3.237802497721615352e-02,2.505796193547243141e-03,2.896119107929669145e-02,-7.017614718412147623e-03,-1.940746066939435036e-02,-1.748513874346354843e-02,2.992144344502737936e-03,-1.407405016187391949e-03,3.253348964002082677e-02,2.797328231577495342e-02,3.513703255719640567e-02,1.249681551904404699e-02,3.656471428870554374e-02,1.035761399751176925e-02
-9.255708651779195884e-02,2.639495983487940012e-01,1.000000000000000000e+00,7.851169649886297064e-01,8.299344138123018744e-02,5.734873097765943450e-01,9.926557275766344224e-02,1.008116197301510836e-01,1.144062627846022112e-01,-3.234472402332786573e-02,-1.793313117096954068e-01,-1.728465462727581392e-01,-1.047959018658738833e-01,-1.249345746508529059e-01,-1.632979622908843076e-01,-1.174024507013570473e-01,-1.186618264992322647e-01,3.780905418378557176e-02,-1.600489816712318339e-02,2.572378789059343029e-02,-5.575455342938839126e-02,8.293750819475659980e-03,9.096840132940263446e-02,9.842955311922031714e-02,1.033937483871977397e-01,-2.611690499492878847e-02,-5.188701896436573313e-02,-2.296330090293387596e-02,1.004102395078185217e-02,2.128987254135864329e-02,4.472276135101506400e-02,-2.489180501982956803e-02,-2.250148180490924021e-02,-9.765529237674595506e-03,-1.230845328515528525e-02,-2.353958806161801989e-02,-4.443143616126469381e-02,-6.750576063016235084e-02,3.912000221080114137e-02,-5.500496055852175520e-02,-1.478529444911377182e-03,1.477538522493672575e-02,2.672738654878329539e-02,4.993000859648595406e-03,1.868124805856570536e-02,5.973273514144280399e-02,6.780031100846872771e-02,4.850595077814850997e-02,8.071058759164796703e-02,2.190141100813983860e-02,-3.403154491489600308e-02,-3.584373966712806059e-02,2.967446174095057787e-02,1.534859181063932820e-02,3.960572625492399940e-02,7.879047119922934217e-02,3.987152725730757491e-02,5.613554140272644655e-02,2.669684721139002626e-02,5.099051000494207037e-02,5.747696583526788749e-02,-4.452121251108223654e-02,-3.090019459198505014e-03,7.987984442529676155e-02,3.456336146118790115e-02,4.616812172126836741e-03,-2.755954025944888988e-02,-1.455736502655182417e-02,1.623007886586678300e-02,-1.480800459647224274e-02,-8.974357963729685805e-02,8.786267312162332824e-03,-4.183704494018043035e-02,-2.723421898031033392e-02,-7.408688867004110945e-02,-5.042887876839829281e-02,5.394797883280771228e-02,1.253315663428251348e-01,-6.402815070796891161e-02,3.914711088770245900e-02,1.142876148755335025e-01,9.211958829254066061e-02,8.053855271981079367e-02,3.676411446204837924e-02,1.009060962447731573e-02,4.827834972560537258e-02,9.263912899957881669e-03,1.258891322844740181e-02,-7.852621952000727115e-03,-5.461938037272667107e-02,-1.451775213032988239e-02,2.028305536531030753e-02,-5.108180541434610700e-02,-5.923345260221182275e-03,-9.718539413125209386e-03,1.739202571893814706e-02,-3.873797572996166838e-02,2.758307366590675991e-02,1.229782500592050201e-02
-9.833038053189557814e-02,3.330544445509767693e-01,7.851169649886297064e-01,1.000000000000000000e+00,4.514729144648066406e-02,6.477079379066681408e-01,1.138582774301262202e-01,1.008341958299550922e-01,1.425199319339653103e-01,1.950630749352730980e-03,-1.707623134110174412e-01,-1.650390154473031223e-01,-1.307834231790439561e-01,-1.205736127367738747e-01,-1.664483870352111983e-01,-1.427714450241190092e-01,-1.069637587801121059e-01,5.126809535613703617e-02,-4.538270907141271626e-02,3.558744041345215936e-02,-2.639032035777188340e-02,2.421267849073626896e-02,7.506843555341008445e-02,7.546331356921245903e-02,7.548214335173869527e-02,-5.967536598500099848e-02,-5.206927196151181492e-02,-3.772490962367675005e-02,-1.994023556425482402e-02,3.424308455089141584e-02,5.975413270157470258e-02,-2.043690993413405099e-02,-2.143023462779199140e-02,-6.163143187771637048e-03,-1.212434901358746576e-02,-2.230651797316340890e-02,-3.119023629227111669e-02,-5.803636400918719962e-02,5.645938529087445035e-02,-5.217815845325251417e-02,-3.371193506568818769e-03,8.585535471113701911e-03,2.291247394867682030e-02,6.832914093023938207e-03,1.256997308764238978e-02,5.795461915671676345e-02,6.706930212802526825e-02,4.137889353089763134e-02,8.468152316297775095e-02,1.854255210680523167e-02,-5.003057073129741489e-02,-4.579926975817293078e-02,2.220655685563656043e-02,-1.497797090994138587e-03,3.398623699358081091e-02,7.158674268325054824e-02,3.381158023845030891e-02,6.229462340765614531e-02,3.609344213220955916e-02,5.653976369347255698e-02,5.449072405645725981e-02,-5.655325617979106712e-02,1.078215288973542046e-02,1.044223315999011220e-01,2.972893723858169648e-02,-1.910741970721523001e-03,-3.070298527414013628e-02,-1.543699242131654943e-02,1.441407767441093592e-02,-2.560860048845392534e-02,-8.383445047826196261e-02,2.114499715387508499e-02,-4.858144642849943073e-02,-7.980713142292962525e-03,-7.609639600851647590e-02,-6.714474668443748406e-02,6.355725690535937722e-02,1.302843572303119535e-01,-9.120622574009620842e-02,3.261188905467265337e-02,1.252317183785668642e-01,9.700589784722821185e-02,1.132310671471427055e-01,5.398660672720310277e-02,3.325533412743485184e-02,7.483589361466924661e-02,2.857806667081639468e-02,9.764383066672122427e-03,-1.458250429908140682e-02,-4.278912521273230823e-02,-3.960305487563349491e-02,-4.980897405769808107e-05,-4.650301906032489052e-02,-1.140046206441771952e-02,-9.270142285173726959e-03,1.338549557575886839e-02,-3.384383051326389502e-02,2.851554316601821737e-02,1.143519394639451285e-02
-3.880511442154491175e-02,1.857053401418297112e-01,8.299344138123018744e-02,4.514729144648066406e-02,1.000000000000000000e+00,1.623819825090488389e-01,-1.773425360814070428e-01,1.506963851853979908e-01,1.955632773979621153e-01,1.065943482993975122e-02,-2.191562009004245637e-02,-8.483981219235044863e-03,-1.135836971729138056e-01,3.046775255755214754e-02,-3.254149444994155344e-02,-9.707800247947874495e-02,1.857448963436428291e-02,-3.299394577848166477e-02,-5.909471063032369770e-02,-6.826036254951005355e-02,7.801228127073188238e-03,-8.962876962799595087e-03,1.066715730309567706e-02,-2.159802566769402840e-02,-1.060818028872147559e-03,2.946083639307359170e-02,3.564546290008711871e-02,4.693948269120371691e-02,-8.030691865643591054e-02,1.312808960556927952e-02,-4.217066439493672575e-02,-2.719465538486954756e-02,-1.839434108535840592e-02,5.313759795292365834e-02,2.410474079338624856e-02,5.805507479649278657e-02,7.682687926419928814e-02,9.394178487560946034e-03,4.321651903359577385e-02,9.391456681871584999e-02,4.318768782676507545e-02,-1.415814931797250778e-02,3.399261453978599801e-02,2.870046550289812037e-02,-1.806912969243123709e-02,-5.370093588603314094e-02,1.598261458646221822e-02,7.390720295800771826e-03,-2.447269111855377571e-02,-5.460902738426448577e-02,-5.278357613070298882e-02,-2.537686054409283784e-02,-5.965229089103982890e-02,-4.413459402793162845e-02,-1.702993173135639027e-02,-8.703816196305568659e-03,-4.705079272077816038e-02,9.248917511559310266e-05,-6.885828767854572374e-02,7.899622009863600802e-02,7.354645679201786412e-02,-7.182842349968189544e-02,3.313662951904895737e-02,6.464538402258303285e-02,-1.932023555664523452e-03,8.580365486547057371e-03,-2.670030090039366213e-02,-6.054200476786072982e-02,-4.650138782603050781e-03,-9.521149056371714173e-03,1.980672827484243267e-02,-2.619344311145605300e-02,-2.100454910133918787e-02,1.485206544667289769e-02,1.791320434330927192e-02,-3.645873450431362517e-02,5.015867946667101895e-02,1.969888909776978600e-02,-3.545066162064271914e-02,-7.704464655014289787e-02,7.805368081567251246e-03,-5.856398412585926694e-02,4.915763811605142891e-02,3.814082232378018800e-02,5.447609636369634550e-02,6.070478926877898029e-02,3.191790026816391374e-02,2.366187540741746670e-02,1.907205737426094505e-02,1.494543914323999932e-02,2.744043971666917936e-02,6.854120220874580782e-02,3.964099154940674274e-02,1.012458944262185218e-02,1.264042175479427980e-02,-1.600556247896921681e-03,3.050747455614111550e-02,6.739195667940166279e-02,3.705708614224203883e-03
-1.244091097116623440e-01,2.341915800855698115e-01,5.734873097765943450e-01,6.477079379066681408e-01,1.623819825090488389e-01,1.000000000000000000e+00,3.779804214055298983e-01,1.769534102602225989e-01,1.043798044739866066e-01,2.259032253917176922e-02,-4.126762022784453976e-02,-8.949683268537103609e-02,-7.113316211291356543e-03,1.110421310740258155e-02,-1.008470844451809095e-01,-8.130431904740936799e-02,2.804025038232643100e-03,9.805060322153015540e-02,-5.500678014888209927e-02,5.201894817281941391e-02,-5.527113241241318059e-02,3.375900693621110282e-02,9.199031986882041934e-02,1.384275580817593936e-02,5.215206709550977704e-02,-5.403850184959735348e-02,-9.697531875523342226e-02,-4.188379958969058736e-02,1.796686588533001616e-02,2.820029052702879499e-02,7.637203445591535245e-02,-2.816584152933815019e-02,-1.011795716675389619e-03,7.254042895870856100e-02,5.072816164763178752e-03,5.752950428470858524e-02,9.745468543515966794e-03,1.320005810383525439e-03,1.143003875199276737e-01,-2.677832876241397278e-02,-9.931181763372274110e-03,5.357004939384676229e-02,9.302325398649689825e-02,6.423312402180990366e-02,4.356692277259772289e-02,5.956537499137713049e-02,5.832566678953433892e-02,4.191027213446084365e-02,9.943625792859829560e-02,-9.308930483138990603e-03,-2.410096140883375565e-02,-5.957995727731092706e-02,-2.864853955698280774e-02,-1.451225582370720829e-02,-7.098855008590833175e-03,4.390843253169748883e-02,2.442188532145585581e-02,2.305369247818043338e-02,6.031331091936703928e-03,3.703838677312295408e-02,1.083188913029275655e-02,-5.705646767672583469e-02,-3.494989555594507635e-02,9.114218518238539901e-02,7.465165910447987829e-02,-7.784408892207457693e-03,1.100990827453878895e-03,-5.204393596375860714e-02,-2.491393982275328170e-02,-2.364903799484648420e-02,-1.024933796170739431e-01,6.115717495185887635e-03,-6.781034498203983296e-02,-3.833677166053331420e-02,-7.725649475672001498e-02,-1.199907832293780063e-01,-1.595006368119755713e-02,5.281336120000443973e-02,-1.239465091432314786e-01,6.118446649782521840e-02,8.909779571456599712e-02,3.895396798987188491e-02,4.555743967488720680e-02,-3.535623647940186963e-04,-3.299709631070485861e-03,-1.513969979844847352e-02,-2.056939890092497614e-02,-3.750979349425594134e-02,-4.865482539828175357e-02,-6.125441357252889296e-02,-2.850027964332406665e-03,-3.817456731933699301e-04,-7.073939088572417377e-02,-1.807453311459206527e-02,7.156809336939620389e-03,4.898936985935314903e-02,-2.649651624916486356e-02,4.073728799258685002e-02,9.113861797226497502e-03
-8.641242966717216367e-02,-6.324942824028276234e-02,9.926557275766344224e-02,1.138582774301262202e-01,-1.773425360814070428e-01,3.779804214055298983e-01,1.000000000000000000e+00,2.584765914812991450e-01,-4.167298877913969829e-02,7.156510458436872446e-02,1.462188246852105522e-01,3.572253594185662018e-02,6.422200120079794849e-02,9.731913096501880467e-02,2.698200795100236596e-02,3.777125008945969586e-02,8.715157201407297549e-02,8.808923932490035635e-02,-3.275099924947941221e-02,4.442706902017825449e-02,-9.957154509189961034e-02,-5.094431135103141134e-02,4.607090480549985712e-02,-4.192681820128411202e-02,-3.593312379051796790e-02,-2.199438295042206032e-02,-1.503224058348569085e-02,9.103587883471970718e-03,1.363610101480215442e-01,-1.269313050517026755e-03,1.440337791357965353e-03,2.813109812871846492e-03,8.752919057012278903e-02,1.043990904716491641e-01,3.940507840836015435e-02,1.119838629323004348e-01,5.402531532581729412e-02,8.353483116209188541e-02,1.223249953127672901e-01,-3.907073885877523911e-02,-7.285310421656403246e-02,5.290602533189869144e-02,8.235169727749110102e-02,6.831915163096928534e-02,4.028379344740670720e-02,3.585901007394404899e-02,-1.367181917319335374e-02,9.902001360934263932e-03,6.138779028534369075e-02,-5.821717199010418078e-03,4.054433513857907262e-02,-3.160466661021579804e-02,-3.377481194587699659e-02,4.228089243790288283e-03,-3.251643345694481269e-02,-7.120464903274818617e-03,1.767422971426599321e-02,-3.092570933590287757e-02,-8.699663656082845878e-03,-4.335853155513144652e-02,-7.973120873051363355e-02,3.614842623486396594e-02,-6.479076123722746217e-02,2.830254659258956557e-02,9.818111423534496562e-02,1.735571094823998295e-02,7.501400102653411894e-02,2.893751301772680157e-03,-3.301086458491364617e-02,-2.208792381879608017e-03,-1.017174758937535867e-01,2.736593734036093031e-02,-2.266193338479348049e-02,-9.760534647450871959e-02,-1.138487192148347205e-01,-1.238438282928461392e-01,-1.148956935332025447e-01,-2.821446590900541368e-02,-9.042938339894140976e-02,1.227809342555071653e-01,7.504984413539632360e-02,-8.750951284725680401e-03,-6.981560678664489039e-02,-6.304679060322364303e-02,-9.612301048528058833e-02,-1.040594121704970093e-01,-3.612482648363724014e-02,-6.032433735943081021e-02,-4.818703481403086714e-02,-6.034196066090473376e-02,-4.616741657563732358e-03,-6.979794284516746550e-02,-8.049391870282711359e-02,-3.060060434880201158e-02,-2.604963118966006907e-02,2.011590783097251534e-02,-3.576210442272751561e-02,4.369604703387485432e-03,1.749953994616490136e-02
-1.522847035215256191e-03,8.690337169842092535e-02,1.008116197301510836e-01,1.008341958299550922e-01,1.506963851853979908e-01,1.769534102602225989e-01,2.584765914812991450e-01,1.000000000000000000e+00,2.426018934553547113e-01,8.071697045360914924e-02,1.344759388012927714e-01,2.260675238198686654e-02,-1.294977878635886481e-01,3.139661950763734249e-02,-6.146585802415263644e-02,-1.287956021324329070e-01,1.094291241664566150e-02,8.992170426283621967e-03,-7.044433987596071534e-02,-7.534296517448121899e-02,-1.190405775566473062e-01,-1.307094281848888428e-01,-1.174628619576742819e-02,-9.296205130053030938e-03,-2.454294956018435517e-02,9.846918013498909966e-03,6.957329236137785311e-02,-1.185538053228920490e-03,5.931488733465975494e-02,-2.679918573346020544e-02,-4.443200773041455776e-02,2.721207234583670337e-02,1.201267627449506825e-01,1.078080283651102061e-01,6.636026337809410036e-02,1.021927332822079593e-01,8.670650198374507678e-02,3.005125587108825949e-02,6.114974931501266503e-02,1.470009364551805395e-03,-5.289969683971503661e-02,1.564724302546739720e-02,1.311772293533550182e-02,5.336525241028373945e-02,6.551281016115400625e-03,8.452930524565752807e-03,-4.857694866678081980e-02,-3.331770631660231630e-02,-1.252670386816864996e-02,-3.182092294227857002e-03,1.798924043391943173e-02,1.196061070561239489e-02,-2.152634563483726143e-02,5.382800163021387446e-02,2.993349758655203252e-02,-3.763220270354251853e-03,-1.506087870010808065e-02,-6.642842881398562660e-02,-1.019994415415819006e-01,-4.053699979407857784e-02,2.196298577814074365e-02,5.362085986904161633e-02,-7.340456364135461431e-02,8.818121213886087606e-02,1.250566605475587068e-01,4.484789686802578140e-02,8.294539286969859759e-02,1.648077585117756899e-02,2.899668387199709485e-02,5.372001732619524628e-02,-4.675520573221287474e-02,1.054032158187564669e-02,2.452320933324958485e-02,-8.970446050591436571e-02,-1.576268037856278503e-01,-1.275481521344125346e-01,-3.640023570290504967e-02,3.024528599169701293e-02,-3.105547940382678493e-02,8.347777736337954821e-03,9.717484876573775909e-02,-4.096968255199883238e-03,2.475570941274758685e-02,1.168905136527992501e-02,-4.266040798273768725e-02,1.456303751019683186e-02,3.144959706649008702e-02,4.814415934680035467e-03,-1.992494801582936348e-02,-5.820841914943106210e-02,3.438405932094215633e-02,1.108487644130311429e-02,-5.959542801516828914e-02,2.376360647345036534e-02,2.873909058789167470e-02,5.362939378825389708e-02,-1.204838837409605377e-03,2.812809801100796606e-02,3.023412877338945218e-02
3.748608984974098612e-02,1.711894352960155741e-01,1.144062627846022112e-01,1.425199319339653103e-01,1.955632773979621153e-01,1.043798044739866066e-01,-4.167298877913969829e-02,2.426018934553547113e-01,1.000000000000000000e+00,2.835077656275858393e-01,8.002981115971231907e-02,1.087916738560756741e-01,-7.824542072970093465e-02,1.167592076971810527e-01,-3.253780884927742756e-02,-1.216165562852328519e-01,9.077525490282532805e-02,-3.043671781708860366e-02,-1.187136279665669120e-01,-3.227432015557368805e-02,1.285724243982957235e-04,-6.741547028495301075e-02,-1.043433643284727985e-01,-8.841602321530467323e-02,-8.550182436754630300e-02,-5.239821690375601193e-02,5.354451777417191388e-02,4.180597136635346572e-03,-4.815085240560627172e-02,7.118773482422484367e-02,2.708937428698702729e-02,9.190255182623774388e-02,3.743975835694388077e-02,1.250732041641949011e-01,1.488817345577723439e-01,1.462594056645970253e-01,1.027616497053286115e-01,5.071290409370220881e-03,6.215987122317773866e-02,2.703606545866219651e-02,-2.076342604988164892e-02,-2.911410375126946212e-02,-1.180106874151596756e-06,-1.615749906054214299e-02,-1.191805339858635453e-02,4.690926592175540671e-02,3.735252198565829768e-02,2.007831145411564586e-03,4.416872051560692680e-02,-1.884302547631765481e-02,-2.920347007031105779e-02,-1.252354172979666148e-02,-1.427182755879794450e-02,-1.460309472029978906e-02,1.374509184581103327e-02,2.835924392677846573e-02,-2.467075920725941493e-02,-2.407119711784944105e-02,-1.199954871437956538e-01,2.836548051969466772e-02,4.146155991223113291e-02,-1.695494953738627131e-02,-2.451439840268618709e-03,1.691707945501622068e-01,7.993250446140756638e-02,2.129455110949074470e-02,7.537959949121611491e-02,-2.263331825889419377e-02,-2.104669361446378020e-03,-3.013126045783409809e-04,-7.246957745776742843e-02,-2.016030045673038867e-02,-2.685148588126687677e-02,-9.085799648294431985e-02,-9.055023610791905486e-02,-1.668300211300007552e-01,7.352508719221855470e-03,1.401743584998466552e-03,-7.547337519134790507e-02,6.585108961391177712e-03,9.212419384891097629e-02,2.808223626395196099e-02,8.115162621945050392e-02,1.094615371865344244e-01,6.017204132335962630e-02,9.435846745376397227e-02,6.871472147822121901e-02,3.450715961983152197e-02,4.347140484281275877e-03,1.445038110732821228e-02,2.555352741299843009e-02,3.089032167913682500e-02,-1.602364203094419626e-02,4.376560848468552534e-02,6.527810720100302166e-02,5.487953307647758239e-02,-5.432818324020354667e-03,1.019156090256702688e-02,3.872100147520254887e-02
-7.731479309752814499e-02,8.433203819571047366e-02,-3.234472402332786573e-02,1.950630749352730980e-03,1.065943482993975122e-02,2.259032253917176922e-02,7.156510458436872446e-02,8.071697045360914924e-02,2.835077656275858393e-01,1.000000000000000000e+00,1.855937370334535264e-01,1.021038949808545232e-01,-7.837401206631867956e-02,9.630980730789671929e-02,5.131580239358544265e-02,-4.114802232018593270e-02,8.760810193023463310e-02,-5.891250650695638302e-02,-4.325154792485325084e-02,3.608704759712604015e-02,4.077923581270323505e-02,-2.913093978319849717e-02,-8.956308261411666249e-02,-7.085664587184936636e-02,-2.031901552770556396e-01,-4.906735682818132160e-02,1.010584106433148367e-02,1.273552241163227773e-02,1.153920892376373609e-02,1.361990079296069578e-01,3.405623514230072396e-02,4.108028453486416848e-02,-6.743144494874783734e-02,4.218070907506874662e-02,4.066602037998090502e-02,5.835581963203044509e-02,4.383870176170374250e-02,5.533280800635621832e-02,7.023735974017027150e-02,1.090844078625508376e-02,8.209316418589329700e-02,7.327012106649188894e-02,5.560915026337605316e-02,5.276914318600221809e-02,5.750558472338075655e-02,-3.992661536203305495e-03,-8.521085273179046515e-02,1.882642766790582067e-02,2.197122993098589439e-02,5.708245303547893751e-02,8.412405021308827502e-02,4.109689804783147812e-03,2.133390778508614458e-02,2.330413147122413139e-03,-1.690244623342247732e-02,-2.203127002294477318e-02,-1.173687899026941081e-02,-8.117164956742034532e-02,-1.024911644213289882e-02,1.848601840641042257e-02,-1.436489309642731416e-02,-2.994068219537400835e-02,3.691745645654377628e-02,3.165773395149214936e-02,-6.958829188602168314e-02,-1.173126378787526236e-01,3.153068277972861932e-02,-9.032409840448171745e-02,-7.706974650873534005e-02,3.992460984501827910e-03,2.517964845653833557e-03,5.522185188646676172e-03,-1.183211901713724160e-02,-5.738715516341086342e-03,1.121034352506782537e-02,-4.549295366407556801e-02,2.946150825544884347e-02,1.696258093605026301e-02,-1.372779714470279480e-02,5.470901885507321177e-02,-2.577568066087700550e-03,1.255705369747361216e-02,2.105395419821087105e-03,6.069190351823149782e-02,4.456009497133653352e-02,3.080002838908824786e-02,1.595909337092835459e-02,-1.684968057793630528e-02,-5.086982424098167310e-02,-1.256551429372469199e-02,-1.936946393899035071e-02,-5.321434987453677740e-02,-5.128274775161442700e-02,-3.767547702565268025e-02,6.710375421351402530e-04,-2.661872606728578686e-02,-5.780793646699865923e-02,-5.547608666907560132e-02,-2.218308764781877496e-02
-1.034279687799235514e-01,-5.443797002428464593e-02,-1.793313117096954068e-01,-1.707623134110174412e-01,-2.191562009004245637e-02,-4.126762022784453976e-02,1.462188246852105522e-01,1.344759388012927714e-01,8.002981115971231907e-02,1.855937370334535264e-01,1.000000000000000000e+00,4.405908818648106018e-01,3.077434792603758740e-01,4.976850788507117818e-01,2.793129563600745824e-01,1.233539837259545885e-01,3.783202551159011717e-01,1.420690174420773388e-01,-5.489313933529119810e-02,9.579391948672223711e-02,-4.506437180307325263e-02,2.374447531252758467e-02,9.363718368840839856e-03,-1.985046542124089264e-01,-1.531116324267754181e-01,-9.938800323311290652e-02,-2.239920110579625076e-02,-3.443492809008630307e-02,4.449734665002286205e-02,-2.627474580795300177e-02,-4.077197357548455886e-02,-9.100191523019163231e-03,5.562229245098490593e-02,2.070338791036757109e-01,5.572105646058668482e-02,2.156920072865637084e-01,1.092651203614057182e-01,1.779017196884268015e-01,1.521815527648867905e-01,-2.254307680016279930e-02,-9.317656953264159825e-02,1.021386895807245010e-01,4.823998748818481702e-02,1.526703690915044986e-01,8.110201911096850957e-02,-3.824541833071679227e-03,-9.751913628729658168e-02,-4.483193723223739477e-03,2.338172119098069768e-02,4.628757860260651613e-03,1.000178897511540821e-01,4.388889050815653059e-02,-4.928024823570668900e-02,2.474454478567170504e-02,-8.281479520275542017e-02,-1.080650941265673404e-01,-3.784055570520648837e-02,-1.082473496128660700e-01,-9.354221458805926648e-02,-1.157642612107522007e-01,-8.862087201568007166e-02,1.582645642902237582e-02,-3.919636985816257052e-02,1.397979477370098721e-02,3.776061263775429971e-02,-5.910202466484683337e-02,1.294151502607651105e-01,5.130663736431836930e-02,-1.065146618645852333e-01,-8.064364267345205950e-02,-9.038860928570226216e-02,-2.880951420804162347e-02,-1.052198911957069605e-01,-1.153406806066579610e-01,-1.396149172318589954e-02,-1.798721454733047120e-01,-1.641359126558191994e-01,-1.605837791325497588e-01,-7.431111834931009019e-02,3.513846624609767016e-02,-9.396530863460575422e-02,-1.553334235913604866e-01,-7.505827399947542777e-02,-8.192422921124473123e-02,-3.602210141836466317e-02,-5.921890184447595878e-02,-4.706520380330955593e-03,-1.658786917075508877e-02,-4.736454362425727288e-02,8.956698715243021844e-03,4.634013855633964396e-02,5.636401420218451483e-04,-9.562190712593410247e-02,-2.346014385787312598e-02,-1.408679228432517180e-02,-5.676098007813180739e-03,-4.342956328218536798e-03,-3.054747081389962149e-02,1.401397187229737676e-02
-8.028874516419538809e-02,-5.009083667384330203e-03,-1.728465462727581392e-01,-1.650390154473031223e-01,-8.483981219235044863e-03,-8.949683268537103609e-02,3.572253594185662018e-02,2.260675238198686654e-02,1.087916738560756741e-01,1.021038949808545232e-01,4.405908818648106018e-01,1.000000000000000000e+00,4.159317375558875263e-01,6.301858040787843285e-01,4.376630089501682974e-01,1.441672686857964625e-01,5.374803420393660103e-01,-1.466038742995790650e-02,-2.516318603663542097e-01,9.073053079166200352e-02,-1.115113063943150157e-01,-1.387760473424045349e-01,-1.872293815392822580e-01,-2.821489960539851904e-01,-2.342306849864372875e-01,-1.584780345721213402e-01,-1.027878196681622329e-02,8.402211215009820766e-02,1.124056388961948427e-01,7.750693439262237860e-02,-2.412082009664646975e-03,1.026605888012835921e-01,1.457854735060593598e-01,2.376877668107191532e-01,1.558365795072649829e-01,2.746601067342266944e-01,1.992331331613763634e-01,2.501569062198357174e-01,1.822767261037366582e-01,8.065487355122753776e-02,-8.762933671527356472e-02,1.128112649801562978e-01,1.256931505021700590e-01,1.885405633142510917e-01,4.386179621966624503e-02,2.325319288751259358e-02,6.568267646467341493e-03,1.925383006829100782e-02,5.489899537714299643e-02,-1.083268285848368734e-01,6.900331862443652431e-02,-4.270140753939000167e-02,-1.769675196798002614e-01,-9.228953541712081599e-02,-1.192484411873910022e-01,-9.365930419201178025e-02,-9.783895535279696354e-02,-1.256402124597856551e-01,-2.047228346737039462e-01,-5.042414655911677673e-02,-5.532886343240715071e-02,-6.654945007294748791e-03,-6.067082914209246530e-02,8.472256284987293717e-02,8.262777369105572811e-02,2.174202999441560494e-02,1.131776819888799385e-01,-5.197428791297940137e-02,-3.163855400692656278e-02,6.715893216393978293e-02,-8.869111721324088315e-02,-1.127205326532385032e-02,2.651595299477554207e-02,-2.382253470912931159e-01,-1.184333352832252773e-01,-2.072841413048188697e-01,-1.618304515041417424e-01,-2.457355157232406495e-01,-3.206954540582182545e-02,-5.512566435544190117e-03,-1.600068762961019408e-01,-1.078346055182339419e-01,-1.227804978641409833e-01,-5.133250208829245181e-02,-4.624110198000896954e-02,-7.965774946805208312e-02,2.276326628454191964e-04,-5.321851232617874627e-02,-3.425637526762700946e-02,1.737502426165904446e-02,-2.043341059730447232e-02,4.022525217581588049e-03,-9.232576620232878228e-02,-7.392409141224781655e-02,-7.323464858312391662e-03,1.229536577742251953e-02,-5.471199960870477136e-02,-4.487683132279047388e-02,-2.417165019805830872e-02
-2.505352906525915024e-02,-5.727347480335170937e-02,-1.047959018658738833e-01,-1.307834231790439561e-01,-1.135836971729138056e-01,-7.113316211291356543e-03,6.422200120079794849e-02,-1.294977878635886481e-01,-7.824542072970093465e-02,-7.837401206631867956e-02,3.077434792603758740e-01,4.159317375558875263e-01,1.000000000000000000e+00,4.763876590879459472e-01,3.556742914724006499e-01,3.980948320768752935e-01,3.967696612297538783e-01,1.558753213280045513e-01,1.302251752147539710e-03,2.147588028691922446e-01,-1.188155455476661987e-01,4.292031236504517677e-02,-7.451457060956465095e-02,-1.366422679060864398e-01,-7.887322898871901300e-02,-5.193000142336380576e-02,-1.453696290737471475e-01,2.252117294471381662e-02,1.634550685004492743e-01,4.984153483819545039e-02,7.045707746422311775e-04,-1.100684193056541103e-02,4.263148116401890148e-02,1.379553216708755969e-01,-1.467583148992299830e-02,1.542492218414653893e-01,1.866188440030946971e-02,1.628954593581242727e-01,1.523673041234754888e-01,-6.648372378370071001e-03,-5.307877607654772067e-02,1.747559031538636620e-01,1.178669417567547312e-01,1.692233900305860350e-01,1.178298359376578619e-01,7.015810368700656219e-02,-8.344863399615255056e-03,5.190398885593781875e-02,1.270735614535367375e-01,5.666721421385274328e-03,1.045914252798057636e-01,-4.227655145033074394e-03,-3.473634601035706371e-02,-1.895656179233641894e-02,-9.271208024599844610e-02,-7.921476869766347351e-02,-6.320441537508700303e-03,-6.109255190882072195e-02,-9.442534252930583072e-02,-1.361889624077239624e-01,-2.009653048071838866e-01,-1.123472815581587625e-01,-1.984066028864530928e-01,-3.571761124142575766e-02,7.899437093339807536e-02,-1.297878953359356269e-01,1.334034882828654123e-01,2.094288225534244458e-02,-1.324958622242674022e-01,-3.285237566726528780e-02,-1.407736587718881049e-01,5.236878414481030419e-02,-7.763192155885889623e-02,-1.196871120731810151e-01,-1.011509778826435828e-02,-1.022547612553693364e-01,-2.499420117433192867e-01,-1.847116187269250698e-01,-5.699514210003057968e-02,-2.207667493777546537e-04,-1.563237294009579281e-01,-8.333238806060835890e-02,-1.437811400327944633e-01,-9.081813026907060993e-02,-5.568602339390951728e-02,-1.311214232085232412e-01,-8.457465186644877453e-02,-5.584487306083697755e-02,8.656740288431356498e-03,1.701534057591464963e-02,5.788908512167315057e-02,4.442674137754004660e-02,-4.112352092589618285e-02,-2.776038514232523693e-02,3.986383135396960598e-02,2.453292802049764770e-02,-2.228776483051181714e-02,-3.054203245143505274e-02,-1.241788603029888097e-02
-7.131342189935703513e-02,-5.673986874808607112e-02,-1.249345746508529059e-01,-1.205736127367738747e-01,3.046775255755214754e-02,1.110421310740258155e-02,9.731913096501880467e-02,3.139661950763734249e-02,1.167592076971810527e-01,9.630980730789671929e-02,4.976850788507117818e-01,6.301858040787843285e-01,4.763876590879459472e-01,1.000000000000000000e+00,4.746788357539333258e-01,2.914916806070665944e-01,6.750887321402688768e-01,1.906657832688374576e-01,-1.864536535503759918e-01,1.932049984392832931e-01,-1.520469182616829562e-01,-3.707561191076166884e-02,-8.340833737043996943e-02,-2.605893378058549703e-01,-1.589473374355634405e-01,-1.425383889231953138e-01,-7.323960517184922858e-02,3.375891992928248958e-02,5.843159541559643511e-02,6.696932611148709302e-02,1.205964373395253773e-02,6.988886353733118895e-02,1.184117179226054362e-01,3.164474423055679830e-01,1.329667163041758360e-01,3.120159506686445705e-01,1.694817146812784836e-01,2.283042689263574121e-01,2.193496827420469975e-01,3.582072041490837883e-02,-9.453837311996739212e-02,1.317732763185600897e-01,1.129561608202035855e-01,1.806335048043981317e-01,6.768698684320131886e-02,3.113278247010252409e-02,-1.202378507288868678e-02,4.113560042420916218e-02,9.367394761518486879e-02,-7.677331404842976936e-02,7.360130831512869121e-02,-3.510217991975009277e-02,-1.309728674962146733e-01,-4.267542429973417151e-02,-6.540123151545185198e-02,-6.402714962870079130e-02,-6.864742614927367426e-02,-7.325353322647594478e-02,-1.698806963428637351e-01,-8.725756425203157196e-02,-9.583678379980421769e-02,-5.268289373884912918e-02,-8.821436970658719234e-02,8.606664331594150730e-02,8.987847762304251864e-02,-5.063402776649616327e-02,1.430975790881139631e-01,-2.219011172591798392e-02,-1.192997966718206265e-01,-6.563312617679716021e-02,-1.790875872053171169e-01,-6.443903096502945349e-02,-1.292281183476997886e-01,-2.248144734465454264e-01,-6.303039516776381967e-02,-2.739649402301725933e-01,-2.381499284630867186e-01,-2.722311795508566279e-01,-1.407157392587362610e-01,3.713877623241083892e-02,-1.295767879045284510e-01,-1.455070748698751026e-01,-8.196679853325813947e-02,-5.182749508202252192e-02,-1.182090996883118812e-02,-7.601510616638212925e-02,-1.387424379461855116e-02,-7.515884938872470500e-02,-5.101013114437739221e-02,6.439357882105191562e-03,4.771674454858479929e-03,1.233636121897559688e-02,-9.803721947180302210e-02,-5.978766858641205995e-02,1.363972309922924534e-03,3.471834133370081676e-02,-4.203720199975925775e-02,-3.924965108308535455e-02,-1.285896562609775348e-02
-8.678219574477993858e-02,-5.380199361069964992e-02,-1.632979622908843076e-01,-1.664483870352111983e-01,-3.254149444994155344e-02,-1.008470844451809095e-01,2.698200795100236596e-02,-6.146585802415263644e-02,-3.253780884927742756e-02,5.131580239358544265e-02,2.793129563600745824e-01,4.376630089501682974e-01,3.556742914724006499e-01,4.746788357539333258e-01,1.000000000000000000e+00,4.379695930368465162e-01,5.561567662109705434e-01,6.674321513481496458e-03,1.732577270431147343e-02,5.774566649334612195e-02,-1.452634178426376321e-01,-5.447809421722048240e-02,-7.154481786667021836e-02,-2.834181199287548747e-01,-1.970474155290468932e-01,-1.194669512290425922e-01,-1.046510129092600022e-01,2.256542334747908829e-02,1.165590824922106278e-01,-1.840633319385444680e-02,-1.953263908260677306e-01,-1.604109932255889659e-01,-2.606278800837331586e-02,1.219485077330396544e-01,-2.024131038706176045e-03,1.773246885018266994e-01,8.087126522810297868e-02,2.299549404368075034e-01,1.874897285782170242e-01,4.843812070729790892e-02,-1.321737433920074645e-01,9.638844360544424061e-02,8.885387450833721890e-02,2.263498430740852607e-01,7.248254227056540044e-02,2.494678008012689296e-02,-9.607508683040116848e-02,-4.375231197366415831e-02,4.594742105244539049e-02,-7.967442279245301462e-02,6.798473168001560596e-02,-3.865105189643758959e-02,-1.490619244827122714e-01,-1.173865333168852276e-01,-1.744982182332075749e-01,-1.123092048920250885e-01,-7.092984288439062313e-02,-1.253103994823068501e-01,-2.061202601857324290e-01,-1.184735247078447656e-01,-1.339882891019063826e-01,2.770462721847580852e-03,-1.154941124618757559e-01,-9.351156460573941190e-03,9.254995727983396370e-02,-3.216331726840849364e-02,9.478558370400465283e-02,1.343698812557521556e-02,4.042742679141635501e-03,1.035716748003799315e-01,3.356589948694115727e-02,1.220848009183422567e-01,1.085770778014783500e-01,-1.153963183528022851e-01,-1.215619637607179143e-01,-1.060446747016407648e-01,-2.490443494460437002e-01,-2.580036369857899858e-01,-5.095688221830283610e-02,-1.259892631713363798e-01,-2.381183536024062963e-01,-1.552274682222586077e-01,-1.848792618697712997e-01,-1.100718867019965241e-01,-1.105240877804914840e-01,-1.126174503873122040e-01,-3.876000707385954952e-02,-5.004923612394304722e-02,-3.358958834430753743e-02,4.468630302487719419e-02,4.325696295221390791e-02,-2.587572835989794973e-03,-5.489381098647108659e-02,1.480281883233234251e-02,5.147070402175317472e-02,5.696054631729347006e-02,1.580274349193291905e-02,-2.325959995065574742e-02,-4.220311154028176526e-03
