1.000000000000000000e+00,2.993620947521423714e-01,8.474925685889171667e-02,6.532711659761900047e-02,-5.506649468832809126e-03,-4.652230831371217783e-03,-2.376840426336581519e-02,4.901922944941822236e-02,-6.969608269683974511e-02,-8.512992951825198995e-02,-5.212680815228355443e-04,-7.715877203476115276e-02,-2.547098987967865921e-02,2.720682446606374760e-02,-4.731332838370960053e-02,-5.613120680409394714e-02,8.463690394116092641e-02,6.232795681167828394e-02,1.065053734648571948e-01,7.715496063005015948e-02,1.322989036807038499e-01,1.407095865231308973e-01,1.127857682255685168e-01,1.247508486134173006e-01,8.202626363793043274e-02,-3.183887260881332337e-02,3.188010218691588599e-02,-8.533839973890172681e-02,-6.586405814369034051e-03,-2.409339813384729287e-02,2.436740755957846408e-02,-5.706228222056566879e-02,3.864145689445785958e-02,-1.291328724258556694e-02,-3.394547317284186960e-02,8.517732806958699943e-02,4.088982522047052842e-03,-1.435532808743628097e-02,-1.093129113545373288e-01,5.622970297774114445e-02,9.625167600744558016e-02,3.666301130065793140e-02,-4.400402222566630883e-02,-2.723110239444906724e-02,-1.080538882554148150e-01,-1.261176521047425655e-02,-6.930848781914940304e-02,7.972365726527172458e-02,-1.523763231272466309e-02,5.105906512915603379e-02,4.410049346633534290e-02,1.764243847265903678e-02,4.742406685981734316e-02,6.972318510912553502e-02,-9.214571690446017593e-02,-2.626112145591145280e-02,-2.496638203336401778e-03,1.728772583427135717e-02,-1.078544071406771672e-02,-1.019517255868256089e-01,-1.105076395703102621e-01,-6.369191708592178425e-02,-5.465435410998699395e-02,-3.850004373677369529e-02,-3.468484722410021537e-02,-7.892147658972399615e-02
2.993620947521423714e-01,1.000000000000000000e+00,3.275708697218801535e-01,1.060944883463490890e-01,1.590901083744796773e-01,-5.886802812591170747e-02,3.200042662083731060e-02,-1.130159598523680121e-02,-1.124884851749806750e-02,5.987303007781867581e-02,3.760431794443488962e-02,5.126638486043709475e-02,-2.425706809388951044e-02,2.636711209422093818e-02,4.582590164370289876e-02,-5.413530926517357705e-02,-4.262185487048981980e-02,-5.321111738675428360e-02,-2.283330755115908469e-04,-5.494919248137589141e-02,1.566335012284121309e-01,5.587969169411007714e-02,6.722546732127664126e-02,1.326278579403798452e-01,7.253549270300854723e-02,-2.261000222142705088e-02,4.260466472641503272e-02,5.909169774495167532e-02,1.900727003818089844e-01,-7.241143083154175097e-02,-1.319430878387856942e-01,-1.457355293794019568e-01,-7.794267752396319415e-02,-2.660382590208905385e-02,-5.403984969789075998e-02,4.245203041536856764e-02,-7.308513414647904716e-02,-7.011553146974294770e-02,-2.843616669045857803e-02,5.835734485718641062e-02,3.557709587255133976e-02,6.834985924964352699e-02,-8.950059120154051084e-02,9.925633264370110551e-03,-5.299218781568159481e-02,2.513593844924996018e-03,-8.713754468797609010e-02,-3.381035961977997550e-02,9.219805745713330336e-02,-6.583466741924835774e-02,-5.570266887784963705e-02,1.204297524589113544e-01,1.784983480556588328e-02,-1.583356544113515051e-03,1.085058730779095842e-01,1.705371920581122969e-01,-6.530567927180000454e-02,5.110064189074231544e-02,-5.570845460937767779e-02,1.476392133579834155e-02,-7.989281792199810772e-02,-2.130913317075614280e-02,-2.953779112521385045e-02,1.212561820251794181e-01,8.942048673202895870e-02,-4.799663016674611538e-02
8.474925685889171667e-02,3.275708697218801535e-01,1.000000000000000000e+00,3.059431858662892689e-01,4.898114310624364087e-01,2.224829132881508964e-01,2.950113343392221088e-01,2.544148239734515538e-01,3.034949022247190320e-01,2.772447369052730703e-01,-1.989610816418666273e-01,2.068367097440589400e-02,-2.830222716891083734e-01,-2.909447463580337456e-01,-2.805291034975179731e-02,-3.111324818682009163e-01,-3.664824289167901150e-01,-3.192419436699198143e-01,-3.798409415854942517e-01,-4.144263101237383173e-01,1.003534405497772675e-01,-2.025875375147437596e-01,-1.783921582916187798e-01,1.225802083111316582e-01,-1.105889466352668882e-01,1.189340828907376885e-01,3.260879251171747706e-01,3.146906969814750599e-01,3.861474158972363901e-01,2.492292445655752697e-01,1.662551616569970248e-01,4.210188718545416348e-02,2.033187404171275248e-01,1.330990130438230445e-01,1.478632025490499990e-01,1.563675073519066039e-01,1.579237594022734337e-01,-1.440200033780617561e-01,2.359485471551136387e-02,4.775800008199798663e-02,1.031832253054638243e-01,8.611349080828016589e-02,-3.067794442875070721e-02,5.780460808317000598e-02,4.229808965445263497e-02,7.356241389381731194e-03,-1.925503487892630816e-01,-2.370099149828152618e-01,-7.539539962863457678e-02,-2.863231157162044460e-01,-2.117511884388059984e-01,-9.641042093112123235e-02,3.270456629087048483e-02,-5.292457319169992236e-02,1.483164506592619114e-01,1.947678694170650038e-01,1.324937968256207320e-02,1.946021980405592683e-02,4.812643930734378933e-02,1.077169808132128065e-01,1.585215400379109268e-02,-9.898138320384233801e-02,-2.144861392020607285e-02,1.522290014452043483e-01,-1.171334372165024236e-02,3.366213344946600294e-02
6.532711659761900047e-02,1.060944883463490890e-01,3.059431858662892689e-01,1.000000000000000000e+00,3.897549191416659897e-01,4.838764294650944597e-01,5.063330004949450069e-01,5.551661358204162955e-01,3.292584983208325378e-01,1.857038975049974394e-01,-3.799964939821419141e-01,-3.183680658670751118e-01,-5.510246496219567414e-01,-3.867021375852749965e-01,-2.858082367088468634e-01,-4.957899471535845426e-01,-1.868047539391297918e-01,-1.576022407792934954e-01,-2.795584953046802990e-01,-2.299282232978802909e-01,-1.275063896387254314e-01,-1.350714766630169705e-01,-3.548431876616692793e-01,-1.386390098951648664e-01,3.108249132979614901e-02,3.181526732280646197e-01,1.890925018440024752e-01,3.824319920876207979e-01,2.223102380920455867e-01,1.842804658595145473e-01,2.222552916475947216e-01,8.625845156390965496e-02,8.865295307976867045e-02,-5.483944814684519470e-02,4.450367003636465646e-02,-6.537711714890014070e-02,2.977138586432676037e-02,-1.154693551293815568e-01,1.358505506119379591e-01,-3.963709860824874559e-02,2.595329186395809590e-02,7.958536468611565606e-02,1.315599405207070194e-01,2.667852150197460581e-01,2.942495688246526409e-01,1.171490543811036650e-01,-2.186150470677844515e-02,-1.946364704433890258e-01,-2.888496398447203406e-01,-3.477146384192130735e-01,1.462869844382044815e-01,-1.418592774380247612e-01,1.994683831129284435e-01,-2.301402727458655428e-02,-9.511613404136576300e-02,7.413578689180994052e-02,1.998252759603333095e-01,4.645473415965695706e-03,2.429186048079381155e-01,3.618370562300810001e-02,1.120938994844647429e-01,-1.184762982834616646e-01,7.064412815901766063e-02,-1.297097049933020703e-03,-9.444416159624319240e-02,7.042616545704549758e-02
-5.506649468832809126e-03,1.590901083744796773e-01,4.898114310624364087e-01,3.897549191416659897e-01,1.000000000000000000e+00,2.277513687914303475e-01,3.732207454474188446e-01,3.753043420200822822e-01,1.948752390558134151e-01,2.061629171213560929e-01,-1.845181682500109110e-01,-1.557093287796061376e-01,-4.119267496136065909e-01,-2.703226660503922907e-01,-1.213211395517886509e-01,-4.147679856348522875e-01,-4.065384694368107121e-01,-2.216867243558144629e-01,-3.730122495755836542e-01,-3.789826023312392045e-01,-3.256309710667281559e-02,-2.509087606958769201e-01,-2.114565130515917435e-01,7.288399184705705858e-02,-1.558296930624545329e-01,1.288204771059483500e-01,3.791461424946109826e-01,2.550447571657923906e-01,3.786913821381103218e-01,2.639458187341668927e-01,2.031533916512793525e-01,-3.642587749978384859e-02,1.880539143331609597e-01,1.144112582732836475e-01,9.133029116936119962e-02,1.550156671676043707e-01,2.184943277579667054e-01,-7.224236368395041408e-02,1.440458152010180293e-01,1.454552050560404541e-01,2.000387302942861212e-01,1.381929025368797692e-01,-4.159916217601715427e-02,1.333194980623679249e-01,1.168703635966261423e-01,1.423133624717994039e-01,-1.172071824626674530e-01,-2.858686339428740952e-01,-1.261347432027454252e-01,-3.491103947158477605e-01,-1.078313559193891102e-01,-2.203587147739478336e-01,4.064677628075254179e-02,-1.267129133786841777e-01,-3.889180815048837864e-02,1.662097326584938972e-01,1.712358170730431950e-01,-4.389707126460150148e-03,2.074252517811869811e-01,1.981733577502584054e-01,9.345941440589411453e-02,-1.151328213016001301e-01,7.624729798343721221e-02,1.639007572862364315e-01,-3.408768047921376804e-02,1.035700445804396963e-01
-4.652230831371217783e-03,-5.886802812591170747e-02,2.224829132881508964e-01,4.838764294650944597e-01,2.277513687914303475e-01,1.000000000000000000e+00,3.311435975699973389e-01,6.152828279713958848e-01,2.799245139251037018e-01,-7.352313871001282808e-02,-4.835679521853065155e-01,-5.023884115945225215e-01,-4.944521352236215805e-01,-3.964227873374422950e-01,-4.268323999839953586e-01,-3.491334826254696155e-01,-1.276837968074481799e-01,-2.444726889518310936e-02,-1.843065077683503084e-01,-1.331325479804326417e-01,-2.543235539285279012e-01,-1.859348330662352333e-01,-3.441419842702885812e-01,-2.901617876172229993e-01,-9.658058357360120583e-02,3.297408555183889423e-01,1.607290645319989775e-01,2.360000231773161927e-01,5.816229452257448695e-02,1.792373786921776513e-01,2.668456399101811205e-01,3.410333824465006103e-02,3.349621570945186810e-02,-5.812856618178825069e-02,2.909802389928693722e-02,-8.305353447416230495e-02,-7.031625906770357266e-03,-9.437401470292290651e-02,2.235666009243366184e-02,-1.675067222291837521e-01,-4.778291059092625720e-02,-2.087027813000037757e-02,2.940185398653598625e-01,3.772124475651751907e-01,2.394718931548755203e-01,8.618118836938989599e-03,3.949413379906455135e-02,-1.902258207939023227e-01,-3.728135297485720701e-01,-2.130598211459501234e-01,1.260266235983523997e-01,-4.336492162747596080e-02,2.322844275436559414e-01,9.963897489564041421e-02,-1.606167278869433390e-01,-6.890334233688709398e-02,1.516940505986809906e-01,-9.020503107362153050e-02,2.205218295807507278e-01,4.435241728501478770e-02,1.830549064647125634e-01,-7.503140634777908345e-03,9.341741856325727622e-02,-1.606476391981446691e-02,-7.399883399453910382e-02,1.419133531149407712e-01
-2.376840426336581519e-02,3.200042662083731060e-02,2.950113343392221088e-01,5.063330004949450069e-01,3.732207454474188446e-01,3.311435975699973389e-01,1.000000000000000000e+00,5.250985014711065935e-01,2.688371367273522106e-01,5.511966600929075755e-01,-1.281487002807091269e-01,-8.772134844268907050e-02,-7.016859597256054348e-01,-2.830090070374097211e-01,5.556136052716783430e-02,-5.816260634495001858e-01,-4.279601536000908757e-01,-2.261524093659329493e-01,-4.463085381128884532e-01,-4.078286711566808109e-01,-1.369572019730116441e-01,-3.179740412879464850e-01,-3.562368002211337981e-01,-8.449736181606584684e-02,-1.573584008515004629e-01,2.220643428774327077e-01,3.151337380096274621e-01,3.775298914499340963e-01,3.619518476811200980e-01,2.448865011584357432e-01,2.634651752398358138e-01,3.226628095808371094e-02,1.618889356281974223e-01,1.297400384785642458e-01,8.724660083966084834e-02,6.206001449394786540e-02,2.619108310287310282e-01,4.133128623025393578e-02,2.397738476593609391e-01,1.236967275685205148e-01,2.032406252150472381e-01,6.195633851678422621e-02,-3.247352083121170935e-02,1.044717799616098203e-01,1.790835539020015910e-01,2.244723478221624657e-01,1.513561679285321468e-02,-2.770633811018946568e-01,-7.958797988949270485e-02,-3.388262408372800238e-01,-8.484004598334321523e-02,-3.819088206638071026e-01,-4.859253969435911591e-02,-2.677116424311135057e-01,-1.673913192837586938e-01,1.199482001858664520e-01,2.070696692854170906e-01,-1.807114817554621167e-02,2.493445818089010391e-01,1.604221078781704612e-01,1.350288640782435212e-01,-8.698090833709529179e-02,1.682282689914371965e-01,1.843842654986934115e-01,1.682776862082723326e-02,2.078074802492791973e-01
4.901922944941822236e-02,-1.130159598523680121e-02,2.544148239734515538e-01,5.551661358204162955e-01,3.753043420200822822e-01,6.152828279713958848e-01,5.250985014711065935e-01,1.000000000000000000e+00,3.530251471816731046e-01,3.775026255519907392e-02,-5.842795502629123394e-01,-5.951751292169952245e-01,-7.269060189347680279e-01,-5.360121420015074856e-01,-4.548069129171201652e-01,-5.998647543346513622e-01,-2.925602546680731719e-01,-1.319690221031150357e-01,-3.393282665676402576e-01,-2.945641815266946684e-01,-1.762348765975325637e-01,-2.120438960033333708e-01,-4.048684003225493933e-01,-1.459030974992101548e-01,-6.672427320348320312e-02,3.788803356591916027e-01,3.530534607762112476e-01,3.654931559168025923e-01,2.413748419292466862e-01,3.091196191302153506e-01,3.711559385524804688e-01,5.797946329412294320e-02,1.801158953181038747e-01,1.824848187982070283e-02,5.771278769179307572e-02,4.727411725905211748e-02,1.420967543469883743e-01,-9.038145504630887284e-02,2.616844248812811788e-02,-6.344318324530323627e-02,1.477748752625849260e-01,1.193887484076604638e-01,2.242272714316463356e-01,2.987561450911515593e-01,1.795664212109615854e-01,4.583710920255340548e-02,-6.861965757227644902e-02,-1.871201121195750217e-01,-4.006693405323288326e-01,-3.773510245754048698e-01,8.655171181416944359e-02,-2.094303752594327828e-01,2.332580165703495023e-01,4.139992966835039090e-02,-1.853631090369184387e-01,-1.022786719839871919e-02,2.561800314276281298e-01,-2.725940064609182895e-02,3.047631481895851091e-01,7.530683509148441979e-02,1.327284375766924207e-01,-1.164620974967327388e-01,7.510738813989406570e-02,-8.813972432788650183e-03,-1.164208659371698401e-01,1.273176333674382321e-01
-6.969608269683974511e-02,-1.124884851749806750e-02,3.034949022247190320e-01,3.292584983208325378e-01,1.948752390558134151e-01,2.799245139251037018e-01,2.688371367273522106e-01,3.530251471816731046e-01,1.000000000000000000e+00,3.437237605823306730e-01,-6.756902523510736058e-01,1.648567632920611842e-02,-2.908029173923493138e-01,-6.958649838927194464e-01,-1.451304791716222786e-01,-3.937357268156223000e-01,-2.473875260356780958e-01,-4.159873040694721524e-01,-4.139805220503747218e-01,-3.699179688642034725e-01,5.203021415692295898e-02,-1.045321438244102424e-01,-3.325618881429173168e-01,-1.040685654844459955e-02,7.906681779825802669e-02,3.328244382022564340e-01,2.284076856115660470e-01,4.955637706108220741e-01,2.151710512512552131e-01,3.217615284741809356e-01,2.780943407957600644e-01,1.910064694084700476e-01,2.914603073459463567e-01,1.225486915837707413e-01,2.249788353241816974e-01,1.359168011499277962e-01,1.412414284884245808e-01,-2.516478588524323490e-01,-7.383135127338341652e-02,2.339124708159199401e-02,1.946974213417216049e-01,2.591073770381132069e-01,8.489200404737184957e-02,-5.153006468857830071e-03,1.292533514343690570e-01,-2.724976856911354856e-02,-2.550147557306048918e-01,-1.111403965836874758e-01,-3.001303273479642431e-01,-3.955446500563489787e-01,-6.606011739616581002e-02,-1.210483078937808488e-01,2.455825181780685040e-01,1.283777464468955909e-01,2.803350757069080768e-01,1.527147744175978983e-01,1.948290219070846485e-01,1.698701157990576971e-01,1.809878590103149720e-01,1.010047735668305295e-02,-2.760337199280280332e-02,-1.899047974615470091e-01,-1.424081139611578783e-01,-9.759640093646063108e-02,-1.936398237745300954e-01,-3.407317798626071509e-02
-8.512992951825198995e-02,5.987303007781867581e-02,2.772447369052730703e-01,1.857038975049974394e-01,2.061629171213560929e-01,-7.352313871001282808e-02,5.511966600929075755e-01,3.775026255519907392e-02,3.437237605823306730e-01,1.000000000000000000e+00,5.342833057753708370e-02,4.826722760818478175e-01,-3.234392628113060275e-01,-1.768188469504073934e-01,4.663032153568671401e-01,-3.280970692240933739e-01,-3.893395561794801285e-01,-3.575551723431930062e-01,-4.239951702840156211e-01,-4.095637676376157055e-01,5.161292345926048880e-02,-2.377038075464933953e-01,-1.762441282525700759e-01,7.942434715593237049e-02,-9.945319360832433064e-02,4.088109758922078146e-02,1.830440650213677189e-01,3.351407324111388975e-01,3.212852471027714540e-01,1.837867842831600318e-01,1.147659029405563857e-01,8.375948877450055396e-02,2.126334565485607508e-01,2.505755234718594626e-01,1.932910778956415387e-01,1.433968518766806921e-01,2.928710706544089826e-01,1.797815455021518211e-02,2.131810956979944549e-01,2.458313137282189809e-01,2.316089553654842315e-01,8.632998995054172453e-02,-2.442632108644334499e-01,-2.038101813493120862e-01,5.794858444452837681e-02,1.989892311585663431e-01,-6.598827468228392334e-02,-2.103131980787324995e-01,1.550144481941359009e-01,-2.550449607471571567e-01,-2.802114007248319716e-01,-3.534997445453781362e-01,-1.908049903010806403e-01,-3.200816287459561371e-01,1.246131226517433466e-01,2.531828816928120562e-01,1.013099289057255575e-01,9.331195073048496880e-02,9.475565207706367066e-02,1.375293374444003236e-01,1.033271575964532854e-02,-9.164558257249028062e-02,5.349391126063259005e-02,1.919557856226547787e-01,3.524203390767601668e-02,1.053733356580094788e-01
-5.212680815228355443e-04,3.760431794443488962e-02,-1.989610816418666273e-01,-3.799964939821419141e-01,-1.845181682500109110e-01,-4.835679521853065155e-01,-1.281487002807091269e-01,-5.842795502629123394e-01,-6.756902523510736058e-01,5.342833057753708370e-02,1.000000000000000000e+00,4.323029063211629719e-01,3.387664490473095147e-01,7.080555009686189116e-01,5.399448751962082627e-01,3.799021034513068162e-01,9.211736053524713363e-02,2.228204850503025525e-01,2.418692637647195109e-01,1.982118487990943978e-01,2.096446439763023292e-02,1.908536930522365324e-02,3.310734683656258448e-01,9.080523912491594851e-02,-1.221034322329866695e-01,-3.987563966716431985e-01,-2.156869773223952513e-01,-3.775443512085241426e-01,-8.846163279074258090e-02,-2.806660499264354014e-01,-3.070284060355739086e-01,-1.460305704291749163e-01,-1.947810185584487319e-01,2.481877706153485727e-02,-1.022179101880899277e-01,-4.469687026568923416e-02,-1.492241657528941938e-03,2.452211873605933679e-01,1.799300892894248050e-01,1.358950885169887823e-01,-9.637712028362907524e-02,-2.282608044697658212e-01,-2.825188505012214413e-01,-1.969552228553260731e-01,-1.298258082501378974e-01,1.215573166283024920e-01,2.031344124205915203e-01,2.447965351615064011e-02,4.708974491721476530e-01,3.303609782542413775e-01,-1.301866162289049278e-01,-2.789513351873873503e-02,-4.057365509961433081e-01,-3.107444008345867648e-01,-1.077238165997845970e-01,2.201517754892428833e-02,-1.901131996280884806e-01,-8.483625191616574190e-02,-1.984103841200319240e-01,4.818040971222906088e-02,-8.827857418452350613e-03,1.596885002875061965e-01,1.356176146267029925e-01,1.901850106739656210e-01,2.193245797098619110e-01,4.646549724385842101e-02
-7.715877203476115276e-02,5.126638486043709475e-02,2.068367097440589400e-02,-3.183680658670751118e-01,-1.557093287796061376e-01,-5.023884115945225215e-01,-8.772134844268907050e-02,-5.951751292169952245e-01,1.648567632920611842e-02,4.826722760818478175e-01,4.323029063211629719e-01,1.000000000000000000e+00,3.770687160618034772e-01,2.330369811870398600e-01,6.899419476555574970e-01,2.575632148675473521e-01,-4.509634140083883247e-02,-1.872745739283980526e-01,-4.469494268090590250e-02,-6.626068290842014596e-02,1.958653498030385187e-01,2.055529542638759311e-02,2.014995353196583072e-01,1.866901498015595129e-01,-3.181289159076955073e-03,-2.551490560117200546e-01,-1.470627992840056186e-01,-2.277272220037546840e-02,2.909485320571668712e-02,-9.925706655696817093e-02,-1.981122196436498617e-01,2.115991263304009898e-02,3.094482446814324911e-02,1.859924881628179372e-01,1.082371068623508709e-01,9.648721174256252864e-02,9.637127787888415120e-02,5.503501465000724957e-02,7.850417073130190604e-02,2.148729441715986899e-01,4.710918885871766271e-02,-3.394134945209004162e-02,-3.348411679232148885e-01,-3.836449215481430586e-01,-1.286711111628736082e-01,6.180651505498690329e-02,-2.142397077236247657e-02,1.800400064980870601e-02,3.925030851933082321e-01,9.833187497359661966e-02,-2.903636501020973593e-01,-6.788832971996884569e-02,-2.881039584709843004e-01,-2.146430204950390830e-01,2.759603427910470308e-01,1.847293164461709380e-01,-1.353886650039107797e-01,9.940351121594795392e-02,-1.749163010876345625e-01,5.898344249270059264e-03,-1.213990678388225802e-01,2.547245706615138688e-02,-6.299925241467990711e-02,1.072153651868497648e-01,8.840046109641652716e-02,-5.831691154968843271e-02
-2.547098987967865921e-02,-2.425706809388951044e-02,-2.830222716891083734e-01,-5.510246496219567414e-01,-4.119267496136065909e-01,-4.944521352236215805e-01,-7.016859597256054348e-01,-7.269060189347680279e-01,-2.908029173923493138e-01,-3.234392628113060275e-01,3.387664490473095147e-01,3.770687160618034772e-01,1.000000000000000000e+00,3.926350711693667450e-01,2.120979558970630674e-01,6.846395539382831297e-01,3.954234277971804268e-01,1.623731415987089977e-01,4.040338357820718040e-01,3.655117987989773831e-01,1.647781027497204343e-01,2.941204020447830692e-01,3.921143285832583425e-01,1.157241095673861714e-01,1.438383554855817703e-01,-2.876214232581053576e-01,-3.747235167037177295e-01,-3.678611767657883336e-01,-3.398285381060175414e-01,-3.038643841119114120e-01,-3.470306826372272502e-01,-5.254753435915267279e-02,-2.051577107227781638e-01,-9.083471650041211043e-02,-8.412104727008391791e-02,-5.979370397918374463e-02,-2.373266702757656499e-01,4.894165778245252764e-03,-1.574868145980178602e-01,-4.586191950841903703e-02,-2.014470727510506709e-01,-9.446192352958181215e-02,-9.089213291549798346e-02,-2.096363526282800649e-01,-1.960790071513047184e-01,-1.701098222349023692e-01,5.164990685559712677e-03,2.609831345070620645e-01,2.273107896310097853e-01,3.825655688439539848e-01,1.429763348493400150e-02,3.673670191289578613e-01,-6.608163283136682387e-02,1.531744649007975578e-01,2.322175350735049826e-01,-6.234940297308108614e-02,-2.593880452520463953e-01,3.959650028010876927e-02,-2.896994074869927993e-01,-1.480278596634565791e-01,-1.534613062422669483e-01,1.178014126101454284e-01,-1.583441562879394082e-01,-1.348065273367793360e-01,4.192845211001464817e-02,-1.838837470227955850e-01
2.720682446606374760e-02,2.636711209422093818e-02,-2.909447463580337456e-01,-3.867021375852749965e-01,-2.703226660503922907e-01,-3.964227873374422950e-01,-2.830090070374097211e-01,-5.360121420015074856e-01,-6.958649838927194464e-01,-1.768188469504073934e-01,7.080555009686189116e-01,2.330369811870398600e-01,3.926350711693667450e-01,1.000000000000000000e+00,3.733823811342154020e-01,4.820782897892346708e-01,2.370969968699849495e-01,3.519325550390764445e-01,3.952048375256634327e-01,3.531867408596576774e-01,-2.963211959514022720e-02,8.072154987682306215e-02,3.555663156033476158e-01,-6.208882534977053745e-03,-1.039890648248480154e-01,-3.970280949303789386e-01,-3.147455554305464975e-01,-4.936130850222723576e-01,-2.391482266675783175e-01,-3.572573435680714282e-01,-3.366127877223148435e-01,-1.741409723818901911e-01,-3.036543603630453836e-01,-7.938274047400986633e-02,-1.830968802767073411e-01,-1.429395083941700229e-01,-1.180344895251401599e-01,2.690884002517007767e-01,1.451915761331643295e-01,3.091933905094574817e-02,-2.226603788269542195e-01,-3.125216199737454459e-01,-1.864511644261158951e-01,-9.548481654488323589e-02,-1.408544270594689896e-01,6.423262910568146300e-02,2.967204557470052295e-01,9.919561068240892454e-02,4.366135616661521168e-01,4.649824273145426456e-01,-1.585728867892139890e-02,8.837262772010180678e-02,-3.793784806865994619e-01,-2.295481127808532140e-01,-2.032656641621916060e-01,-9.450308504108652363e-02,-2.265969550383447884e-01,-1.362150882002613750e-01,-2.171431021016425045e-01,5.884586322700406137e-04,3.097752234773812688e-02,2.376155076347148398e-01,1.641454586321069165e-01,1.480822415517660251e-01,2.432239447573137925e-01,5.016060849309677411e-02
-4.731332838370960053e-02,4.582590164370289876e-02,-2.805291034975179731e-02,-2.858082367088468634e-01,-1.213211395517886509e-01,-4.268323999839953586e-01,5.556136052716783430e-02,-4.548069129171201652e-01,-1.451304791716222786e-01,4.663032153568671401e-01,5.399448751962082627e-01,6.899419476555574970e-01,2.120979558970630674e-01,3.733823811342154020e-01,1.000000000000000000e+00,1.631737671813137391e-01,-1.026338773715796543e-01,-1.111007893308806060e-01,-2.701637826009302412e-02,-5.009531471179311940e-02,1.213279245406003737e-01,-4.402090521549888863e-02,1.971482484672530677e-01,1.376566380253074762e-01,-9.599026444527669621e-02,-2.955758823652547829e-01,-1.187907427383518288e-01,-8.472409820035702033e-02,6.876100948783731015e-02,-1.394134232160268716e-01,-2.145246481921391779e-01,-3.081386892051100890e-02,-1.541527852176224379e-02,2.192816275606790100e-01,9.120416588192037377e-02,7.309237235313342795e-02,1.483303133003818775e-01,1.749788740734466164e-01,1.994636039235818115e-01,2.851878480470064203e-01,6.218407239800882030e-02,-1.220283782098265518e-01,-4.022368383518028501e-01,-3.682857537930669389e-01,-1.373732978775351887e-01,1.607268000621274451e-01,8.663835614967371757e-02,-4.755282411818967381e-02,5.231802191845562611e-01,1.480011752876142228e-01,-3.456218501074430072e-01,-1.981985799273380533e-01,-4.440147857305749568e-01,-3.656557645405214552e-01,8.654544597984890897e-02,1.549033303713608090e-01,-1.432036881239479309e-01,2.864388062547098407e-02,-1.642077405357529329e-01,4.812946242788469081e-02,-6.830465288904073728e-02,5.958800607547938555e-02,5.088647200343122956e-02,2.341661209668397525e-01,1.733123063078367276e-01,3.240978298358162396e-02
-5.613120680409394714e-02,-5.413530926517357705e-02,-3.111324818682009163e-01,-4.957899471535845426e-01,-4.147679856348522875e-01,-3.491334826254696155e-01,-5.816260634495001858e-01,-5.998647543346513622e-01,-3.937357268156223000e-01,-3.280970692240933739e-01,3.799021034513068162e-01,2.575632148675473521e-01,6.846395539382831297e-01,4.820782897892346708e-01,1.631737671813137391e-01,1.000000000000000000e+00,4.095313444670681258e-01,3.435671434504437571e-01,4.726872247074078159e-01,4.486196792715719805e-01,-1.374290444595945015e-02,2.042511499730469693e-01,3.632892419103487258e-01,-4.798331179420200349e-02,2.999032114281437178e-02,-2.804864429894077249e-01,-4.247611335350049422e-01,-4.675474154414941408e-01,-4.271398111079239834e-01,-3.435059030486427023e-01,-3.579799842683656919e-01,-1.023222535092904867e-01,-3.331310678613410570e-01,-1.816793932501560571e-01,-2.042948020414913080e-01,-1.966394854415278448e-01,-2.990679094632963664e-01,1.228662857929983254e-01,-4.805997236150416629e-02,-1.357647871906277892e-01,-3.062496969039744110e-01,-2.186087207459332937e-01,-3.152756228809489025e-02,-8.814500853618495446e-02,-1.500811424615061951e-01,-1.371238826368466612e-01,1.668892100532239076e-01,2.555197839141071237e-01,2.451644423227317959e-01,4.746190157501069540e-01,9.743782997516346744e-02,4.135986317289403469e-01,-7.898877812315217850e-02,1.077629012116285701e-01,6.447959272221835680e-02,-1.485916884543269367e-01,-2.768389086241887509e-01,-1.071357365627461644e-01,-2.835270343946843519e-01,-1.193305533157180687e-01,-4.067758679523520576e-02,2.181863242171143413e-01,-2.578450338212729190e-02,-7.683187443368137692e-02,9.159842407143223286e-02,-7.859212234089135718e-02
8.463690394116092641e-02,-4.262185487048981980e-02,-3.664824289167901150e-01,-1.868047539391297918e-01,-4.065384694368107121e-01,-1.276837968074481799e-01,-4.279601536000908757e-01,-2.925602546680731719e-01,-2.473875260356780958e-01,-3.893395561794801285e-01,9.211736053524713363e-02,-4.509634140083883247e-02,3.954234277971804268e-01,2.370969968699849495e-01,-1.026338773715796543e-01,4.095313444670681258e-01,1.000000000000000000e+00,3.306148500992028838e-01,5.798926209512733632e-01,6.183778414489055075e-01,-1.386664177918948970e-02,4.791882484906816453e-01,2.565463507231452445e-01,-1.501073025314570986e-01,3.513681384745832026e-01,-3.641585437658113877e-02,-4.942116253950547544e-01,-3.783211681310624797e-01,-5.279683459190702699e-01,-4.582500791781317639e-01,-2.362520458997292572e-01,-1.212045034388894577e-01,-4.314191569282365135e-01,-2.683529106553413923e-01,-3.352724706828187906e-01,-3.082191704416321620e-01,-3.931940706926650431e-01,1.743334549891816798e-01,4.078727104696298206e-02,-9.310315836055184369e-02,-2.865470306155965541e-01,-1.412586731171573129e-01,-1.880028922241395312e-02,-2.407443777593872708e-02,-5.844039267811837468e-02,-6.230823145733696729e-03,2.062670277699865384e-01,4.227746436187942991e-01,1.044469538510452433e-01,4.250899679890647320e-01,4.076818069386858312e-01,4.335120897518789373e-01,2.337300951295431528e-01,2.079806415825969368e-01,-1.728030822295580776e-02,-2.253697544785132623e-01,-1.585758186976780060e-01,-1.430277370537600956e-01,-1.031109146636114970e-01,-1.821402967746373058e-01,-9.159798997853488278e-02,1.540585473376785142e-01,1.604290185497438820e-02,-2.488347737925611369e-01,-1.484751744129575099e-02,-5.767157845179222975e-02
6.232795681167828394e-02,-5.321111738675428360e-02,-3.192419436699198143e-01,-1.576022407792934954e-01,-2.216867243558144629e-01,-2.444726889518310936e-02,-2.261524093659329493e-01,-1.319690221031150357e-01,-4.159873040694721524e-01,-3.575551723431930062e-01,2.228204850503025525e-01,-1.872745739283980526e-01,1.623731415987089977e-01,3.519325550390764445e-01,-1.111007893308806060e-01,3.435671434504437571e-01,3.306148500992028838e-01,1.000000000000000000e+00,4.161634552006992505e-01,4.517511000697599366e-01,-4.672535176382467959e-01,-1.228994815590075951e-02,6.984468398164379865e-02,-3.577621286072100726e-01,-1.059222981168436301e-01,2.707551693481548977e-02,-2.364444325990407436e-01,-4.841148344698800732e-01,-4.089569058713313221e-01,-2.519515497979111229e-01,-1.847933458553265851e-01,-2.937146892275895316e-01,-3.868091699169565745e-01,-3.284835769130170502e-01,-3.791787377434176487e-01,-2.796119520897508703e-01,-2.494834976907229496e-01,2.338682814748438143e-01,1.920672409054572927e-01,-4.458150527487009240e-02,-1.639934826532922219e-01,-1.591682286157286297e-01,-1.172337096146058855e-03,1.856620016832079001e-01,3.844794821246030891e-02,1.559699017400831000e-01,2.645714002663094311e-01,1.220262861305445173e-01,1.152487728305810893e-01,4.127086504386554000e-01,3.266149260330085125e-01,2.616452286094550495e-01,7.707518820258242587e-02,5.304176449754115924e-02,-2.208483127505541932e-01,-1.277555567134517067e-01,-1.776035323788038509e-02,-1.485738118254547602e-01,7.151068696851592930e-03,4.354789108883672100e-02,1.131837590936846938e-01,1.326855984277849343e-01,1.179650803865999742e-01,-7.376477280977580819e-02,6.378765699218255994e-03,4.937268395125036374e-02
1.065053734648571948e-01,-2.283330755115908469e-04,-3.798409415854942517e-01,-2.795584953046802990e-01,-3.730122495755836542e-01,-1.843065077683503084e-01,-4.463085381128884532e-01,-3.393282665676402576e-01,-4.139805220503747218e-01,-4.239951702840156211e-01,2.418692637647195109e-01,-4.469494268090590250e-02,4.040338357820718040e-01,3.952048375256634327e-01,-2.701637826009302412e-02,4.726872247074078159e-01,5.798926209512733632e-01,4.161634552006992505e-01,1.000000000000000000e+00,7.641097636993875453e-01,4.503053962510345648e-02,4.479352420902362741e-01,4.895957067760371428e-01,-2.757425661937041791e-02,1.744376945365748721e-01,-2.653879555822841185e-01,-4.632334983862833044e-01,-5.716869733382224927e-01,-4.650916391894558410e-01,-4.738219712971954434e-01,-3.164241766887527785e-01,-1.345505237277442590e-01,-4.250846521580481374e-01,-2.540142874306264842e-01,-3.183060195120358538e-01,-2.625683378144736957e-01,-3.395621393223538509e-01,1.709794097613086539e-01,-7.804387908335612325e-04,-1.223711766614627855e-01,-3.423573702374104188e-01,-2.393500691902438748e-01,-8.540900892694103241e-03,3.379627499700573520e-03,-8.607494646034499763e-02,-6.905908863722692859e-02,2.441592949172601834e-01,3.359041618649582506e-01,1.706149894678119228e-01,4.819713306907339456e-01,2.856569355791351850e-01,3.724734117680379986e-01,3.201863439792617533e-02,1.124991770631310617e-01,-9.047251033260546305e-02,-1.633512730908485422e-01,-1.706883062895512004e-01,-9.791578416644669547e-02,-1.457380856923762291e-01,-1.196142143084340248e-01,1.322730383976558795e-02,2.051249288281312422e-01,4.315583889468223994e-02,-1.095350142003271715e-01,6.786723631003170609e-02,-4.823580939980882248e-02
7.715496063005015948e-02,-5.494919248137589141e-02,-4.144263101237383173e-01,-2.299282232978802909e-01,-3.789826023312392045e-01,-1.331325479804326417e-01,-4.078286711566808109e-01,-2.945641815266946684e-01,-3.699179688642034725e-01,-4.095637676376157055e-01,1.982118487990943978e-01,-6.626068290842014596e-02,3.655117987989773831e-01,3.531867408596576774e-01,-5.009531471179311940e-02,4.486196792715719805e-01,6.183778414489055075e-01,4.517511000697599366e-01,7.641097636993875453e-01,1.000000000000000000e+00,-1.038180094206101328e-01,4.966325549939654138e-01,4.317746649769861889e-01,-1.225441096250144551e-01,2.319277045613873656e-01,-1.742711320963755695e-01,-5.139249088690617251e-01,-5.420334891103009145e-01,-5.186041973258180837e-01,-4.990857709510232443e-01,-2.784838375051736370e-01,-1.481498435213708664e-01,-4.615617117517801238e-01,-2.778292564620429839e-01,-3.421889452463653392e-01,-2.926523798753076222e-01,-3.365272639921677578e-01,1.940834742214896935e-01,5.436625880398060495e-02,-1.192135902563928040e-01,-3.439099872409427938e-01,-2.489937220839914811e-01,-9.168525898012902281e-05,2.625018712722551259e-02,-4.251946941163008142e-02,-1.939979475971474743e-02,2.790991349577314762e-01,3.405276543201635198e-01,1.481427388125932110e-01,4.775011464923148985e-01,3.415334958093561579e-01,3.658549973323775850e-01,7.545241690282333824e-02,1.084064008108535926e-01,-1.030862422900816755e-01,-1.674302363525416171e-01,-1.073132886513083750e-01,-1.074468519457409538e-01,-6.362522208670935708e-02,-1.025254230509850678e-01,4.539198022824843248e-02,2.275368618154036682e-01,7.637333856225329842e-02,-1.327335762359404259e-01,5.562476999366558483e-02,-2.165438206691830750e-02
1.322989036807038499e-01,1.566335012284121309e-01,1.003534405497772675e-01,-1.275063896387254314e-01,-3.256309710667281559e-02,-2.543235539285279012e-01,-1.369572019730116441e-01,-1.762348765975325637e-01,5.203021415692295898e-02,5.161292345926048880e-02,2.096446439763023292e-02,1.958653498030385187e-01,1.647781027497204343e-01,-2.963211959514022720e-02,1.213279245406003737e-01,-1.374290444595945015e-02,-1.386664177918948970e-02,-4.672535176382467959e-01,4.503053962510345648e-02,-1.038180094206101328e-01,1.000000000000000000e+00,4.017250736944081857e-01,3.993465739252040070e-01,6.134824217658353396e-01,2.592325917096863219e-01,-3.465401006766203329e-01,5.864863676504128431e-03,5.498512382492453526e-02,1.729636702216320876e-01,-7.129858130895744273e-02,-2.505770773341755783e-02,2.308292248138080482e-01,1.657296010513762408e-01,2.241676580512298178e-01,1.809076439450742757e-01,2.022010530028264530e-01,4.446536084710363268e-02,-1.435664581660533734e-01,-3.054961492123107192e-01,-1.412326283094926180e-02,1.556102474722501766e-02,6.560129528808887611e-02,-5.933239459647379754e-02,-2.934072912066761352e-01,-2.651358628906157477e-01,-3.137970132345150320e-01,-2.171599163504171204e-01,1.737619278218640040e-01,3.867213152748637250e-02,-7.865587088262118720e-02,-2.373895946534634038e-01,5.230123812400015032e-03,-5.939543243209576689e-02,4.630577572943896797e-02,1.544518577767999834e-01,-5.359034331487372640e-03,-1.712929673223148597e-01,1.044246794306812331e-01,-1.902527911720457710e-01,-1.855818444818076729e-01,-1.962795515035325455e-01,-3.697035593463269404e-02,-1.415432374372974089e-01,1.213869957453062205e-02,7.259853236022721645e-02,-1.143040493516575690e-01
1.407095865231308973e-01,5.587969169411007714e-02,-2.025875375147437596e-01,-1.350714766630169705e-01,-2.509087606958769201e-01,-1.859348330662352333e-01,-3.179740412879464850e-01,-2.120438960033333708e-01,-1.045321438244102424e-01,-2.377038075464933953e-01,1.908536930522365324e-02,2.055529542638759311e-02,2.941204020447830692e-01,8.072154987682306215e-02,-4.402090521549888863e-02,2.042511499730469693e-01,4.791882484906816453e-01,-1.228994815590075951e-02,4.479352420902362741e-01,4.966325549939654138e-01,4.017250736944081857e-01,1.000000000000000000e+00,3.976881075765384965e-01,2.434662249946439039e-01,6.258677779770956962e-01,-1.268890064486501712e-01,-4.236129804998454706e-01,-2.032553358853206038e-01,-2.803027831150757265e-01,-4.734268047061057083e-01,-1.901488193545677330e-01,9.872358264422986460e-04,-2.773014291733061354e-01,-8.717615388396263154e-02,-1.851554477737750171e-01,-6.025590197201894510e-02,-2.339550887094209164e-01,7.063165079780159283e-02,-1.437395133178593909e-01,-4.459234210715393859e-02,-1.656187396804784939e-01,-4.582528524912070356e-02,-3.897890738816620071e-02,-1.799136920637431358e-01,-2.198492970450832973e-01,-1.763877633236610454e-01,2.128486079564752276e-02,4.449460346966496727e-01,9.419052989786093344e-02,2.417549536933507603e-01,1.978603717348418056e-01,3.252577692764795914e-01,1.883768979547929823e-01,1.609151568709393243e-01,4.168613502447088975e-02,-1.149991048903937219e-01,-1.322213576900828080e-01,2.032573728140924917e-03,-7.402371732178636421e-02,-2.158063044867080393e-01,-1.759530904106749727e-01,8.912163420922225576e-02,-5.329192349271380524e-02,-1.722695775828715081e-01,4.322245024498363314e-02,-8.537966043655613457e-02
1.127857682255685168e-01,6.722546732127664126e-02,-1.783921582916187798e-01,-3.548431876616692793e-01,-2.114565130515917435e-01,-3.441419842702885812e-01,-3.562368002211337981e-01,-4.048684003225493933e-01,-3.325618881429173168e-01,-1.762441282525700759e-01,3.310734683656258448e-01,2.014995353196583072e-01,3.921143285832583425e-01,3.555663156033476158e-01,1.971482484672530677e-01,3.632892419103487258e-01,2.565463507231452445e-01,6.984468398164379865e-02,4.895957067760371428e-01,4.317746649769861889e-01,3.993465739252040070e-01,3.976881075765384965e-01,1.000000000000000000e+00,4.417118365428577831e-01,5.014374238651030796e-02,-6.286159079051103493e-01,-3.110310625082699509e-01,-4.759263777868825707e-01,-1.471258877585119584e-01,-3.436105093741754213e-01,-2.623033184698592146e-01,-3.944101196021239375e-02,-1.573454097329914370e-01,8.903330724219694903e-02,-9.712762769131481899e-02,-8.960025483494699072e-03,-1.059130170043677682e-01,1.211119917274498387e-01,-1.321114094276501227e-01,2.059512854335215568e-02,-1.617643143563458341e-01,-1.619608164512798265e-01,-1.426806682702815299e-01,-1.961408401296824700e-01,-2.299107920992465581e-01,-1.366270385847720426e-01,1.199903896865215647e-01,2.126886525052750498e-01,2.417629981316305743e-01,2.995951596323817578e-01,-7.827313723726621320e-02,1.223200944457017297e-01,-1.820709123479477554e-01,-3.076241154864654825e-02,1.127492156385978507e-03,-5.863943514906748422e-02,-1.827799859542254546e-01,-2.374161244673450924e-02,-1.772892217845006835e-01,-6.539263959480831612e-02,-4.048660487897307730e-02,1.639977417259052828e-01,-4.967295923523559753e-03,4.132189903762397559e-02,1.426936073148467043e-01,-6.677459507771343894e-02
