1.000000000000000000e+00,2.849041842356941356e-01,2.845710666335856120e-01,1.790336691254046375e-01,2.118930375286302570e-01,1.560987841752375649e-01,1.606349790120693496e-02,1.697317568266291654e-01,2.841457135533757145e-02,-7.670181352575113076e-02,-1.287829035168041036e-01,-1.893735862529273839e-01,-1.398360879174472271e-01,-1.130639756991493744e-01,-1.712993694223176044e-01,-1.255401888311179770e-01,-3.930757429751216558e-02,-1.706398812884743210e-01,-2.492654242103806150e-02,-1.126109111814030915e-02,-1.573063112141851946e-02,-6.062795686596234024e-02,-1.023170764698307506e-01,-1.215537221910669846e-01,2.679513794164507801e-02,1.103183925047167002e-01,3.895866280507789131e-02,5.060393714468593152e-02,-1.922484265934910072e-03,1.262136268510573867e-01,6.797423012020602229e-02,3.336072392920202967e-02,3.093685592333899823e-02,1.248149298583687838e-01,2.818505595628322327e-02,1.181677818226816029e-01,8.983324449173738999e-03,-1.333692083325795433e-02,-4.661262135566351245e-02,-2.101994437212074615e-02,6.585080187818088959e-02,-6.296036356229432751e-03,-9.359390361480317277e-02,3.185961032905966495e-02,9.809118992598979403e-02,1.374953907366527339e-01,4.648069242555557395e-02,6.036781840608843736e-02,-8.442418091265438407e-02,5.370111546186772354e-03,1.109362205677711377e-01,-2.327504730476718034e-02,-2.596083820927851810e-02,-1.546275022722526545e-02,2.819885550471528876e-02,3.219580447668045353e-02,-1.309714909179533759e-01,-1.633126610233147646e-01,-7.071690235789919975e-03,-1.171799649712867014e-01,-5.859049299551859213e-02,-1.156939162227243849e-02,3.521589664494687716e-02,1.015460327151883890e-01,3.256499613049259473e-02,9.088479512593966581e-02
2.849041842356941356e-01,1.000000000000000000e+00,2.923122340383666473e-01,1.685791469199755810e-01,2.754273538060729165e-01,2.646098032801930677e-01,-9.324683589583394883e-02,1.521594607812336297e-01,9.216873639205586111e-02,-1.628097523328183582e-01,-2.417005205393364109e-01,-2.489040432995484609e-01,-1.717227055074218300e-01,-2.328367366246134884e-01,-1.887534229754547765e-01,-2.243571123576216797e-01,-9.414563051175227348e-02,-1.716992248398746257e-01,-3.410825556429891887e-03,2.868267673575670626e-02,-3.656065164312618382e-02,-4.673769937365177679e-02,-1.185481679935456029e-01,-8.883776669375995083e-02,4.333483333247803437e-02,1.855210694974669949e-01,6.630526716301869683e-02,1.002176510373637003e-01,-3.497735639060139956e-02,1.275427271076822466e-01,1.000028418776873901e-01,6.080305990631397484e-02,1.885814612470215149e-03,1.510184452187690318e-01,1.188394660004854636e-01,1.051307250304202995e-01,3.788166159945589861e-02,-4.521446643979118440e-02,-4.802005051336973029e-02,-6.001365167721742222e-02,6.177174890995124762e-02,-1.732017633736574608e-02,-5.756628995999487491e-02,4.122037470044430385e-02,7.361020698224840508e-02,6.217935781218734970e-02,-4.755285748249747646e-02,5.615770616015912375e-02,-5.994958989852004760e-02,-2.238221096649130673e-02,5.628286458233743017e-02,-5.317932681607601131e-02,6.612717642233538473e-02,9.115869151812831805e-02,-3.665791321995138380e-02,1.906861939469972275e-02,-1.762702037961585144e-01,-2.050146360137654888e-01,-3.115928735548431638e-02,-1.102036587312740096e-01,9.183724614207307291e-03,-2.429978384622174560e-03,-4.156920379670065585e-02,9.604047659791903335e-02,-2.387437413537885772e-02,2.592310238048629867e-02
2.845710666335856120e-01,2.923122340383666473e-01,1.000000000000000000e+00,1.854528884317553916e-01,2.461210112108594139e-01,2.614673956310871739e-01,1.269106832066555501e-01,2.344243050777871373e-01,1.501048544115659023e-01,6.888504952899547618e-02,-2.154035548187322735e-01,-1.444513643279818349e-01,-2.550624311980574377e-01,-1.930919086675614849e-01,-7.929821484037205548e-02,-2.157497470613103652e-01,-1.465979485724745179e-01,-2.168772368835137632e-01,-9.984196156891386731e-02,-1.499289758109546289e-01,-9.350880551076239111e-02,-2.084268944617840569e-01,-1.246188964362218154e-01,-9.722639912836969489e-02,-8.773104983490601083e-02,8.187843818350831748e-02,3.397097616766018430e-03,4.688225306252742641e-02,-4.211812141286080599e-03,1.065529111259029410e-01,1.342348273416883730e-01,7.083971214979087327e-02,8.828608645108232400e-02,2.171356481294364205e-01,8.876902548273413185e-02,1.243766900611358028e-01,1.000032345565955300e-01,-3.677505847388059385e-02,-1.134293888131344546e-01,-1.588647659588408034e-01,-2.512020013856429770e-02,-1.244943757089424369e-01,-1.157331607231419091e-01,7.334903552760863032e-02,1.643160664945486071e-01,1.801919282877441630e-01,-5.166518259464433077e-02,1.487242985195323386e-01,-4.603002462897360335e-03,-1.919273891428258452e-02,1.516645688721182106e-01,-3.108061784468615571e-02,1.045668246556662878e-01,1.042655069459459682e-01,5.099954075934787223e-02,5.721804717220770747e-02,-5.275533878667015841e-02,-1.668513457604418881e-01,-1.094470268924980644e-01,-1.664450986483732020e-01,-1.279470884192179803e-01,-4.749269812126286072e-02,-4.928938077608671642e-02,1.555213870929759296e-02,-5.423331937381839496e-02,2.782845890909113606e-02
1.790336691254046375e-01,1.685791469199755810e-01,1.854528884317553916e-01,1.000000000000000000e+00,1.124097258146192074e-01,-1.572625111571162859e-01,-1.664197291888097896e-01,1.136976914269394734e-01,6.160699762571057725e-02,-2.027348865185980842e-01,-1.257723080870072341e-01,-1.863764388718564535e-01,-2.827147645973692586e-02,-1.181775958808439636e-01,-1.569947338332878806e-01,-1.600004818044604149e-01,-7.247323158098671614e-02,-1.054883939322497910e-01,-4.924622357231358410e-02,6.712842321473186727e-03,1.843620104507262677e-03,-9.809384178619240044e-03,-9.305603456723396394e-02,7.428912405264892146e-04,9.941298059872762105e-02,1.857932523349268839e-01,4.112056314907300975e-02,1.108700837312329157e-01,-1.575898172100777608e-02,1.348403319849861837e-01,1.548622519526581254e-01,8.081076685086785449e-02,1.402669007511277710e-01,1.262978474545150553e-01,1.125056522455579189e-01,6.796769423208967598e-02,-2.352675868552503175e-03,6.982241714178507273e-03,-7.381479844536240238e-03,-3.004169646181147763e-03,2.750050566436641752e-02,4.052029980273370163e-02,-4.101392945286209263e-02,7.777708315608325429e-02,6.345038123378911321e-02,4.486343006504327907e-02,4.458783024450398147e-02,2.236298455349425979e-02,-2.051417957737931008e-01,7.976601375181764653e-02,-2.204540388833144821e-02,-1.318173034839425772e-01,-7.765429810433052693e-02,-1.227232290924093056e-01,-1.784375712243942147e-01,-2.094275493608262553e-02,-3.628401897821005306e-01,-2.431620963059815677e-01,1.065715416761496420e-01,-2.385333592445527538e-04,8.834626742421404499e-02,1.452523017811755690e-01,9.414074820620287054e-02,8.118246412547981683e-02,1.487513992615815267e-02,8.741787842926461438e-02
2.118930375286302570e-01,2.754273538060729165e-01,2.461210112108594139e-01,1.124097258146192074e-01,1.000000000000000000e+00,1.901333885940474089e-01,1.624883433579816516e-01,4.222372749255421942e-01,8.266704288362397915e-03,-6.372592189842941901e-02,-1.118029261677462166e-01,-2.652778990312147922e-01,-3.844704681647528877e-01,-9.358022542672873867e-02,-2.314927966405002369e-01,-2.099244921978979384e-01,6.861563161545081169e-02,-2.196360613001680784e-01,-1.259445133141446072e-01,-6.620401004091354402e-02,1.468639014681703651e-02,-7.851099473453675148e-02,-7.584588387848270608e-02,-5.331697243845347906e-02,8.884976061639451861e-02,4.876572933643859298e-02,-1.608030654496554190e-01,2.128383053945229544e-03,-9.150768409943270398e-02,-1.182751116518191425e-01,-6.852586863482261481e-02,1.621499334878034326e-01,5.944314457485502107e-02,2.133947628453958245e-01,2.054292056531675514e-01,1.502559434189332521e-01,2.192987638637113046e-01,1.078404464000026902e-01,-4.946808645343391680e-02,-1.142814943667115057e-01,-5.363243626564962591e-02,-1.471526200531061701e-01,-4.695241866240996986e-02,1.641395024664507873e-01,2.666625393900832197e-01,1.477476288166740537e-01,4.103980658211407034e-02,2.092847255503028914e-01,-6.499638519326365188e-03,7.779387211300371752e-02,1.218784390421307623e-01,1.416552052861717592e-01,1.116044938539304671e-01,6.056782615265709352e-02,-7.081911431252337075e-02,-1.333209116261759863e-01,-1.187393757863545035e-01,-2.818328459607263858e-01,-4.994774829647281172e-02,-2.575036225226779996e-01,-1.814884940739606989e-01,1.337150784352414690e-01,-1.530837520610151079e-03,6.113005138011373685e-02,-8.571745628194706729e-03,4.609245741017656273e-02
1.560987841752375649e-01,2.646098032801930677e-01,2.614673956310871739e-01,-1.572625111571162859e-01,1.901333885940474089e-01,1.000000000000000000e+00,2.780791437509492758e-01,4.463304055564871753e-01,3.107048895777769215e-01,1.205418496013716395e-01,-3.330343277191132878e-01,-1.970070742578669820e-01,-3.433663324234452197e-01,-3.342935914808779496e-01,-1.197942412915354859e-01,-2.782157571124169726e-01,-6.602004239235058358e-02,-1.818016277256962465e-01,-1.074784293021233128e-01,-1.745469874208169792e-01,-1.170706033361859910e-01,-2.435709800635378619e-01,-1.356455518084455358e-01,-5.170495014807770934e-02,-8.366406219357387652e-02,9.952435086783921470e-02,8.039711889098746789e-02,6.893758405153087299e-02,8.369852062613501731e-02,1.257155004056970948e-01,1.034402778191893801e-01,-7.895286075557549424e-03,-2.449597926401601150e-02,2.345260900799561177e-01,1.094252348659070645e-01,1.349913985480717671e-01,1.088265985139393321e-01,-8.808006979669659800e-03,-8.390063854642577923e-02,-1.555391631204705027e-01,-2.917382318147497891e-02,-1.344000413948917005e-01,-1.323471389128596520e-01,8.378801459134807561e-02,1.809439785518014432e-01,1.389891879681774411e-01,-9.205935605250430143e-02,1.597344399963645523e-01,2.156916314244634869e-02,-5.522751240015615071e-02,7.518498500818840413e-02,-5.717404615933499579e-02,1.443044187069176254e-01,2.245990517188002911e-01,1.447480813645303788e-01,1.517817903931701351e-01,-6.403422014154527830e-02,-1.864580802903300638e-01,-1.381631503720923138e-01,-1.988132361474225507e-01,-1.476501055529902684e-01,-1.878467239743540906e-01,-2.257723152328572347e-01,6.924529177285711733e-04,-7.297502369766299679e-02,-3.123595578761806379e-02
1.606349790120693496e-02,-9.324683589583394883e-02,1.269106832066555501e-01,-1.664197291888097896e-01,1.624883433579816516e-01,2.780791437509492758e-01,1.000000000000000000e+00,4.279451260217291275e-01,2.622303907516310151e-01,6.503513858692110405e-01,1.000412964861867454e-01,2.083788934517289138e-01,-2.880551908644489179e-01,3.953599360969668047e-02,2.393856940264502964e-01,-1.526768679269427664e-01,-5.610871720725368189e-02,-1.298424820927152890e-01,-2.024198890769391135e-01,-3.059866341897347630e-01,-1.169504843541289973e-01,-2.535459457802053396e-01,-1.563322377035558652e-01,-1.367066896904392814e-01,-1.850169167443735663e-01,-1.484856032753958388e-01,-5.096028100343542172e-02,-5.766591074990613103e-02,-2.862985277439576010e-02,-5.164233911314253245e-02,-1.040731814938746225e-01,1.175559998157891389e-02,-7.250881435301197164e-02,1.061443966361966529e-01,6.101767687256186290e-02,4.661561506098051838e-02,4.218273767050623180e-02,-1.333257790898690620e-01,-1.765632148396576451e-01,-1.359811379779379270e-01,5.466147813253822117e-03,-7.470112939356444992e-02,-1.013163792562158131e-03,6.146547444870133214e-02,2.228028742298579501e-01,1.633557420231704083e-01,1.780393279650327107e-02,2.866661685549736771e-01,2.952867333318226484e-01,6.258734942887458907e-02,2.215103479030386957e-01,1.710114549643072801e-01,1.841712067035046752e-01,2.379650508834187661e-01,1.963360170336153621e-01,-1.754604799510698157e-02,1.091419835250256182e-01,-7.730871832442214042e-02,-1.338651711965792579e-01,-6.117185554720891427e-02,-1.885945084627248525e-01,-1.231074539617438846e-01,-2.533662124871468579e-01,-1.408823744081335871e-01,-1.960325863112664935e-01,-9.278554681221183598e-02
1.697317568266291654e-01,1.521594607812336297e-01,2.344243050777871373e-01,1.136976914269394734e-01,4.222372749255421942e-01,4.463304055564871753e-01,4.279451260217291275e-01,1.000000000000000000e+00,2.922755010334801007e-01,1.314348289951209614e-01,-2.731217722674034176e-01,-3.036569721779027731e-01,-5.362309806737783902e-01,-2.580992059496750035e-01,-2.024094893265846462e-01,-3.738666238479226855e-01,-1.739912560416070550e-02,-2.569219033777676020e-01,-1.681797502135298494e-01,-1.317445452653466798e-01,5.804086962360997283e-03,-1.770379680926909283e-01,-7.857966027503272832e-02,-4.405981916811743671e-02,-9.986249774356819112e-03,4.371062544425933366e-02,-7.960480849913842416e-02,7.319899591571962794e-03,-1.590102814229385139e-02,-3.338578969285469628e-02,-3.905571745258172578e-02,1.145888623925895161e-01,3.052674464168007862e-02,2.477388895377423961e-01,1.881989291515576146e-01,1.252208153509368760e-01,1.483104612229026176e-01,3.298016592827683179e-03,-1.058989507696803528e-01,-1.312155475835511675e-01,-4.969374690588324733e-02,-1.047669922323726799e-01,-7.376243883911662302e-02,1.510868421333991796e-01,2.365299785871844140e-01,1.062521513003892443e-01,3.447142552537159343e-02,1.936838421800197718e-01,1.881677292906671489e-02,5.395710161962456036e-02,9.419024405581427617e-02,-4.415221961609453946e-03,1.437001021915346177e-01,1.779184094575618769e-01,9.990409534811676984e-02,2.597790891516068429e-02,-9.502519091492597769e-02,-2.515881798080072396e-01,-8.858509382860457748e-02,-2.289057842429327583e-01,-1.770201111761405821e-01,-5.353543643606113386e-03,-9.116808471924565949e-02,1.148152743455256716e-03,-4.883860791154584491e-02,5.421514173383081697e-02
2.841457135533757145e-02,9.216873639205586111e-02,1.501048544115659023e-01,6.160699762571057725e-02,8.266704288362397915e-03,3.107048895777769215e-01,2.622303907516310151e-01,2.922755010334801007e-01,1.000000000000000000e+00,2.615693406689244549e-01,-4.183039635543633339e-01,1.526320414312302698e-01,-1.873243120230577430e-01,-4.056823106074148866e-01,1.923149100164728287e-01,-1.579595496716784120e-01,-9.868640099433999280e-02,-6.294719615316778094e-02,-5.438456640749689264e-02,-1.692079623154947310e-01,-1.526625475813173649e-01,-1.641222462125312698e-01,-1.494637993904623929e-02,4.751007197640610968e-02,-1.164764131563212485e-01,-8.311407543137905307e-02,8.383127639428954170e-02,3.090568384535632984e-02,8.558963300205284230e-02,5.265397182114048974e-02,1.355181339963713871e-03,-9.013783760993722416e-02,-1.505438510240942884e-01,4.350098873486741430e-02,2.983847829955881339e-02,-2.262188204648499235e-02,2.890868679252112453e-02,-6.470589945434020163e-02,-3.518725428470317190e-02,-2.052752045088162558e-01,-6.403646650770500326e-02,-3.962179910402475330e-02,4.007720783306644580e-02,4.435603887157919117e-02,1.155407914322528935e-02,-1.000713010350611984e-02,-1.351603546787194243e-01,4.394640993330541784e-02,1.483969557817709783e-01,-4.949429621146946012e-02,-2.145728100320421980e-02,-1.745186041871049365e-01,1.259972493350622058e-01,2.157265102325861272e-01,2.256762084807109048e-01,1.927869508349957517e-01,6.506554115741285116e-02,-2.898816227208074817e-02,-1.533803327096409097e-01,-5.337458092267768905e-02,-1.370146484311033641e-01,-3.098759388833655093e-01,-2.515752941851151503e-01,-1.378818822536780619e-01,-1.639538395380858438e-01,-1.201757593462955132e-01
-7.670181352575113076e-02,-1.628097523328183582e-01,6.888504952899547618e-02,-2.027348865185980842e-01,-6.372592189842941901e-02,1.205418496013716395e-01,6.503513858692110405e-01,1.314348289951209614e-01,2.615693406689244549e-01,1.000000000000000000e+00,1.338067356185344559e-01,4.617362221432134151e-01,-7.824677443630205509e-02,9.512004019621812800e-02,4.551971693785128448e-01,-7.220369969250702187e-03,-9.484527236995284050e-02,2.059900380896402018e-03,-1.463880468796769641e-01,-2.917273838568983924e-01,-1.436375155942539450e-01,-2.252782041611392505e-01,-1.162331491841815528e-01,-1.221668372660294488e-01,-2.529593220706793932e-01,-2.241439118064837699e-01,9.116720135713345108e-03,-8.497960099914929344e-02,-1.234494445895098665e-02,-5.145951072553078820e-02,-1.057648223671225907e-01,-4.616946768946299240e-02,-1.022217113174800907e-01,-8.157796870067981349e-03,-9.729336065702818073e-03,-3.838685911961717268e-02,-2.561013417885949633e-02,-1.798112907709998043e-01,-1.685809919148367753e-01,-1.375022527869096400e-01,1.608776701127874811e-02,-4.603770003080825957e-02,6.311266354490852049e-02,9.438454709983270727e-03,1.070872582993988298e-01,8.962549245048789803e-02,-4.325537355248991467e-02,1.922978475811577270e-01,3.470221349547511491e-01,3.745917563202207090e-02,1.990434004306179394e-01,1.594884621778149547e-01,1.675205818339031705e-01,1.916047835228834595e-01,2.142216197508824693e-01,3.734158273501191755e-02,2.363361359637694004e-01,8.845589589067787140e-02,-1.369794697399757955e-01,6.825505901968748068e-02,-1.483047185460948658e-01,-2.202754009295334880e-01,-2.708384886831229910e-01,-1.918715133707436238e-01,-2.382802283510444263e-01,-1.790116503081130017e-01
-1.287829035168041036e-01,-2.417005205393364109e-01,-2.154035548187322735e-01,-1.257723080870072341e-01,-1.118029261677462166e-01,-3.330343277191132878e-01,1.000412964861867454e-01,-2.731217722674034176e-01,-4.183039635543633339e-01,1.338067356185344559e-01,1.000000000000000000e+00,3.783846913913184729e-01,3.715600430822028621e-01,7.180447533044594932e-01,3.029003011946769797e-01,3.151866842322271212e-01,9.630578566402989149e-02,2.809409443939243078e-01,8.167711812556412154e-02,-1.617527640798006525e-02,-1.056940299419512619e-01,1.011295277571745005e-01,-4.484498354076947579e-02,9.823540133799140567e-03,5.096219023351421414e-03,-1.318984387945182080e-01,2.043409150322193432e-02,2.761495293613682941e-02,5.159027358825424986e-02,-1.663594111654692273e-02,-1.113700925439754276e-02,-8.651531129960868260e-02,4.619425675526341382e-03,-2.424140537043271426e-01,-1.758099057755045103e-01,-1.433616687960354019e-01,-1.627790318547741033e-01,-1.868839033621008672e-02,7.319903779433335755e-02,1.894274301084639678e-01,6.834692622611467094e-02,1.360443428169735847e-01,1.262979038195642112e-01,-5.393050311606402414e-02,-5.208727493003418446e-02,3.257779315774440854e-02,1.298361580024713358e-01,-4.893651821441577900e-04,4.703010760367207915e-02,1.021422964263211247e-01,9.228684207673436279e-02,1.717710178833096180e-01,-1.394533952204741467e-01,-2.246272162502106762e-01,-1.420878505509180767e-01,-1.609386479350442545e-01,9.436777204254327700e-02,1.434544847298579173e-01,1.771882046724921334e-01,2.086504103170458424e-01,6.746234203119833017e-02,1.390357863763877766e-01,-6.362036442124591011e-03,-1.031871198581265497e-01,-5.228391543644193840e-02,-1.045935143920463245e-01
-1.893735862529273839e-01,-2.489040432995484609e-01,-1.444513643279818349e-01,-1.863764388718564535e-01,-2.652778990312147922e-01,-1.970070742578669820e-01,2.083788934517289138e-01,-3.036569721779027731e-01,1.526320414312302698e-01,4.617362221432134151e-01,3.783846913913184729e-01,1.000000000000000000e+00,3.494394323733107655e-01,3.095077900865214060e-01,6.883186740704992923e-01,3.224640227030841078e-01,-3.184418360400277648e-02,2.592443133610418671e-01,5.456008440010972488e-02,-1.469538679011795634e-01,-1.940880520693604172e-01,-1.088429030894426212e-02,1.740741182509443138e-02,7.137314442281130628e-03,-1.558779854877951343e-01,-3.004439714595793509e-01,1.035003449184739369e-02,-8.189712085085808224e-02,2.299924782877474719e-02,-6.952738083626071319e-02,-9.942796060995473528e-02,-1.599859374068231810e-01,-1.596758756324617723e-01,-2.471017803981635785e-01,-1.731601399847305101e-01,-1.830050556256386796e-01,-9.089864833560938606e-02,-7.726411534536717363e-02,1.065962091902279349e-02,-6.591978655549793342e-02,-3.627921917688473746e-02,3.010885912889282173e-02,1.728165030119993562e-01,-9.485264748041619121e-02,-1.112516452784672594e-01,-3.526712238368243796e-02,-9.760009449555878680e-02,2.591745840823788099e-03,3.128064484894836905e-01,4.659159501825313465e-02,5.478478044890110893e-02,1.188605299154825157e-01,1.927114034913327001e-02,-1.196687104837536840e-02,7.629222394246641670e-02,-7.088623546686699008e-03,3.070567300516488518e-01,3.033202038466693562e-01,-1.132505287196580203e-02,2.424414662578843749e-01,-4.622531712214361654e-02,-1.825759751900377093e-01,-2.105638377690007002e-01,-2.290916243812020359e-01,-1.834549081152817285e-01,-2.508758329833146727e-01
-1.398360879174472271e-01,-1.717227055074218300e-01,-2.550624311980574377e-01,-2.827147645973692586e-02,-3.844704681647528877e-01,-3.433663324234452197e-01,-2.880551908644489179e-01,-5.362309806737783902e-01,-1.873243120230577430e-01,-7.824677443630205509e-02,3.715600430822028621e-01,3.494394323733107655e-01,1.000000000000000000e+00,3.627599929607427942e-01,2.373763411412042890e-01,3.754434860100553384e-01,6.927411984792403166e-02,4.062302085441289456e-01,2.335759314719440816e-01,1.101524191920946472e-01,-1.332859132163451421e-01,1.881218538108313243e-01,3.850426489466719088e-02,1.342613498699890273e-01,6.631681507317695179e-02,-5.430710518988545593e-02,1.760921775602983519e-01,1.008882954333765597e-01,1.298952495011019281e-01,1.277794738053399937e-01,1.065780273099608960e-01,-2.210544646880615582e-01,-4.718305824955870698e-02,-3.400361542113238822e-01,-2.346090371763812077e-01,-2.326113029675675736e-01,-2.757185378581252233e-01,-1.246311660283960787e-02,1.922096777019456082e-01,2.005770129024690707e-01,8.550154898501025058e-02,2.303951041275112410e-01,1.768788600454414828e-01,-1.071615305288365350e-01,-3.126699592782260506e-01,-1.620788687760073010e-01,3.887974463163162975e-02,-2.547484263002058880e-01,-7.286255646458160429e-02,6.919308562337203594e-02,-1.259685886730457505e-01,-1.325944327545077461e-01,-1.974886974021408947e-01,-2.990311090059132315e-01,-1.951349409148759873e-01,-2.088418353505450478e-02,4.583191821669183041e-02,2.619232429455041200e-01,2.445925931648917917e-01,3.521742724995137186e-01,2.463161103745465930e-01,1.171977140059326031e-02,6.017434744739687778e-03,-9.171018061924718356e-02,1.070453683234028237e-02,-1.297196738535487115e-01
-1.130639756991493744e-01,-2.328367366246134884e-01,-1.930919086675614849e-01,-1.181775958808439636e-01,-9.358022542672873867e-02,-3.342935914808779496e-01,3.953599360969668047e-02,-2.580992059496750035e-01,-4.056823106074148866e-01,9.512004019621812800e-02,7.180447533044594932e-01,3.095077900865214060e-01,3.627599929607427942e-01,1.000000000000000000e+00,1.978501816186804263e-01,3.472747274740106138e-01,1.170650550305103593e-01,2.863685294828508532e-01,9.258020370659827969e-02,5.539584348736071445e-03,-9.677008785755525366e-02,1.266620307911747456e-01,-6.698855444308787765e-02,-1.987870437654323461e-03,4.335899010838785428e-02,-1.135951884999801403e-01,1.212627324812627291e-02,4.302158394427085114e-02,6.803208783353306699e-02,7.176815988948101162e-04,2.125903716901264562e-02,-8.055113976245648066e-02,4.241645990604570038e-02,-2.394893249363355126e-01,-2.139926590639492920e-01,-1.477638014373651165e-01,-1.914325412360282086e-01,-2.143005817684693823e-02,7.588313145631574164e-02,2.224081173107381737e-01,7.706465795012525100e-02,1.600002941413870283e-01,1.283060898362608782e-01,-4.892917621009877649e-02,-4.963619804909708000e-02,6.865631666196023164e-02,1.730172479267889640e-01,-1.707858322557342587e-02,-1.580301535750699982e-03,1.121777705987129642e-01,1.122412859065322482e-01,1.537365240827630319e-01,-1.801200639468938103e-01,-2.803826368450257345e-01,-1.571912747612378425e-01,-1.780592488745878499e-01,6.780170810918267899e-02,1.447941810697248033e-01,1.998222165553844298e-01,1.977913951803930703e-01,7.825964518095393507e-02,1.942741309614600120e-01,4.467848778747967459e-02,-9.369116520195952535e-02,-1.177978774365347550e-02,-6.668435866912704457e-02
-1.712993694223176044e-01,-1.887534229754547765e-01,-7.929821484037205548e-02,-1.569947338332878806e-01,-2.314927966405002369e-01,-1.197942412915354859e-01,2.393856940264502964e-01,-2.024094893265846462e-01,1.923149100164728287e-01,4.551971693785128448e-01,3.029003011946769797e-01,6.883186740704992923e-01,2.373763411412042890e-01,1.978501816186804263e-01,1.000000000000000000e+00,2.146334998803769434e-01,-1.482760276756845408e-01,2.022739909320032392e-01,3.347851711112254797e-02,-1.741267896983199892e-01,-2.059857532720585360e-01,-6.219291084119336205e-02,4.392029673837295062e-02,2.671368987744582313e-02,-1.865152046317328227e-01,-2.677685720860898400e-01,1.312291863613194824e-02,-7.428231805551657740e-02,2.711023274009304040e-02,-7.494930314197595367e-02,-7.961510434760168953e-02,-1.329875175822356481e-01,-1.385212862086417918e-01,-1.815922479848871007e-01,-1.395872032355129633e-01,-1.344344861674078850e-01,-2.359162102462669316e-02,-3.918552880163453378e-02,4.510906378152893838e-03,-1.138692239970289788e-01,-1.050266613366769436e-01,-2.750466928513323889e-02,1.070039634346088842e-01,-1.005464573804505518e-01,-8.096871939513609895e-02,-4.608090317127003233e-02,-1.816560080368181951e-01,1.947923817523881940e-02,3.211422230528041544e-01,-2.111517397934765602e-02,6.781231821855226646e-03,1.053094417849972514e-01,2.183048061270938603e-02,7.765830981976937220e-02,1.552098483263053275e-01,3.642886566822454292e-02,3.092850987764676485e-01,2.857059452689478807e-01,-7.694750597548333237e-02,2.192686499281600865e-01,-7.751398870875364500e-02,-2.281037805102254235e-01,-2.436486138435514925e-01,-2.341596512209018488e-01,-1.964350957653055452e-01,-2.426992875746907807e-01
-1.255401888311179770e-01,-2.243571123576216797e-01,-2.157497470613103652e-01,-1.600004818044604149e-01,-2.099244921978979384e-01,-2.782157571124169726e-01,-1.526768679269427664e-01,-3.738666238479226855e-01,-1.579595496716784120e-01,-7.220369969250702187e-03,3.151866842322271212e-01,3.224640227030841078e-01,3.754434860100553384e-01,3.472747274740106138e-01,2.146334998803769434e-01,1.000000000000000000e+00,2.182861821981020300e-01,3.979635370406515715e-01,3.068469703071154964e-01,8.394480269682100260e-02,-1.752690811633173806e-01,2.579424610924125338e-01,1.215572467046261290e-01,1.438516433467573463e-01,1.288715535572874660e-01,-2.670819778751421514e-01,-4.833831096813243078e-02,5.683144958142009179e-02,6.690669476951591199e-02,-1.015406528124676577e-01,4.755469192278267976e-03,-8.968138019597179933e-02,-1.962416766989975858e-02,-2.994871821213877516e-01,-3.095740460064788091e-01,-1.032379677152521352e-01,-8.406674732360135127e-02,1.355461729172229846e-01,2.002901340314454937e-01,9.995066234549875028e-02,-1.114073593351228159e-01,2.484177194084818269e-02,5.864570969798561795e-02,-2.471643238087668504e-01,-3.195872252926772461e-01,-1.203288660551228295e-01,-6.943387473952056244e-02,-2.536972536783298482e-01,4.209368912507718136e-02,-6.832443007438276927e-02,-1.485112160218020061e-01,-6.738494499401211091e-02,-2.437410552630220051e-01,-1.931745560559818553e-01,-5.738472818302943479e-02,-7.748727758983270375e-02,1.350320196255615779e-01,3.202819578108488940e-01,2.362288919789364838e-01,3.071788278544587691e-01,1.315001881890589253e-01,4.411811133157233361e-02,7.385122288576334744e-03,-1.672746817151821719e-01,4.133747025264149222e-02,-1.586026299892875080e-01
-3.930757429751216558e-02,-9.414563051175227348e-02,-1.465979485724745179e-01,-7.247323158098671614e-02,6.861563161545081169e-02,-6.602004239235058358e-02,-5.610871720725368189e-02,-1.739912560416070550e-02,-9.868640099433999280e-02,-9.484527236995284050e-02,9.630578566402989149e-02,-3.184418360400277648e-02,6.927411984792403166e-02,1.170650550305103593e-01,-1.482760276756845408e-01,2.182861821981020300e-01,1.000000000000000000e+00,2.878896104233027997e-01,3.185652261267153951e-01,1.506424666524467659e-01,-4.663215223864079773e-02,3.631851011707011856e-01,2.269361550893025103e-01,2.011063715973303856e-01,2.434400260486915823e-01,-2.045067375704156809e-01,-1.890701990188837223e-01,-4.414603055017460309e-02,-7.131127899127391589e-02,-2.714889108027752074e-01,-2.044411821125766693e-01,-8.403827208773185370e-03,-1.514926419684072822e-01,-7.813934757891791150e-02,-8.495000491221905980e-02,6.031299067314714601e-02,1.791961472725635829e-01,3.145222087796894495e-01,2.137675634771039890e-01,-2.710254769276895445e-02,-2.082201342935582900e-01,-1.579075697311646820e-01,-4.420560156160714682e-02,-2.243000331954846660e-01,-2.158812565857345378e-01,-1.166545386569289439e-01,-1.127013244443877682e-01,-2.296619313508451998e-01,-5.921031050956200581e-02,-5.617970849095689501e-02,-1.919568350327262307e-01,1.399038277750597539e-02,-8.797030865741513328e-02,-1.719152157650032098e-02,-1.348267610556947438e-01,-4.162319411680586584e-02,4.186684074102355740e-02,9.167742509929734107e-02,2.577235470833053599e-01,2.178479924649239785e-01,1.351683109492657631e-01,7.854227284237801088e-02,9.950459070758865820e-03,5.479906674941936034e-02,1.324306262072447449e-01,-1.071100925987066993e-01
-1.706398812884743210e-01,-1.716992248398746257e-01,-2.168772368835137632e-01,-1.054883939322497910e-01,-2.196360613001680784e-01,-1.818016277256962465e-01,-1.298424820927152890e-01,-2.569219033777676020e-01,-6.294719615316778094e-02,2.059900380896402018e-03,2.809409443939243078e-01,2.592443133610418671e-01,4.062302085441289456e-01,2.863685294828508532e-01,2.022739909320032392e-01,3.979635370406515715e-01,2.878896104233027997e-01,1.000000000000000000e+00,3.953200686877585968e-01,7.888554150881493809e-02,-2.613339555840343831e-01,3.496908257436727174e-01,2.597608223555712970e-01,4.580309607666541716e-01,8.495845340506835708e-02,-2.880945368858166544e-01,1.605638368770799518e-01,9.909517200854840724e-02,2.070632297879174688e-01,-1.082671978508378957e-01,-1.037789728704084508e-01,-2.979644890711074523e-01,-2.535109211799309592e-01,-4.658581904430431631e-01,-3.248068436173773832e-01,-3.030141394165490332e-01,-1.915567193322954831e-01,1.402011616878519051e-01,3.253271009614897569e-01,1.577671592601791739e-01,-8.137139196042623979e-02,1.609074324407029355e-01,2.843171145192832094e-01,-1.141111017695927016e-01,-3.818605567020102454e-01,-2.938614687110672197e-01,-2.960511764345234373e-02,-3.367650802485155914e-01,-6.124552056860748522e-02,2.775519763341434062e-02,-2.784055386401649290e-01,-2.203208125378372795e-01,-2.607894674807129665e-01,-2.260279657618138316e-01,-1.059769898450794584e-01,9.914621139447786502e-02,1.467844575209508728e-01,2.615539915390153181e-01,2.565353753831384753e-01,3.727887273116386457e-01,2.422686256863088305e-01,-4.007486112362921432e-02,-7.228430687174491887e-02,-1.318159385096049907e-01,-1.149911999691853419e-02,-1.818979144709599871e-01
-2.492654242103806150e-02,-3.410825556429891887e-03,-9.984196156891386731e-02,-4.924622357231358410e-02,-1.259445133141446072e-01,-1.074784293021233128e-01,-2.024198890769391135e-01,-1.681797502135298494e-01,-5.438456640749689264e-02,-1.463880468796769641e-01,8.167711812556412154e-02,5.456008440010972488e-02,2.335759314719440816e-01,9.258020370659827969e-02,3.347851711112254797e-02,3.068469703071154964e-01,3.185652261267153951e-01,3.953200686877585968e-01,1.000000000000000000e+00,4.776167509816157120e-01,-2.066317288344672043e-01,5.563935531760909603e-01,2.288825879840595268e-01,2.835903082027214084e-01,4.181680684748515509e-01,-8.946507618078991531e-02,-1.016269663386717981e-01,1.678800804386595680e-01,-1.474252755463339483e-02,-1.947358321049777463e-01,-4.956202446527939454e-02,-5.842882556644841269e-02,-1.359538861775052843e-01,-2.176827185184546931e-01,-3.983352416507119909e-01,4.347536845129879729e-02,-4.790572532678279843e-02,3.162108268590025362e-01,4.142250577039281456e-01,1.678587450149172655e-01,-1.939855266654946231e-01,4.878645732525985906e-02,-6.263744860306452722e-02,-4.129487485991430451e-01,-5.436959260747420419e-01,-2.519863107016861448e-01,-2.241101235202725972e-01,-5.257799261171027805e-01,-8.846830060905842841e-02,-1.769666984095317475e-01,-3.436165356274331062e-01,-2.652166876628969105e-01,-3.031762659096201018e-01,-1.604029273589324678e-01,-1.187554575547527663e-01,-4.635434157701909946e-02,2.372911544052620086e-02,2.214306584742301298e-01,3.457640592025118531e-01,3.553001417273058404e-01,3.052330740914151463e-01,1.359224268614155906e-01,1.287070182847617761e-01,1.139142072690156431e-02,2.214113821192039422e-01,1.422409864670701879e-02
-1.126109111814030915e-02,2.868267673575670626e-02,-1.499289758109546289e-01,6.712842321473186727e-03,-6.620401004091354402e-02,-1.745469874208169792e-01,-3.059866341897347630e-01,-1.317445452653466798e-01,-1.692079623154947310e-01,-2.917273838568983924e-01,-1.617527640798006525e-02,-1.469538679011795634e-01,1.101524191920946472e-01,5.539584348736071445e-03,-1.741267896983199892e-01,8.394480269682100260e-02,1.506424666524467659e-01,7.888554150881493809e-02,4.776167509816157120e-01,1.000000000000000000e+00,3.265610224303438502e-01,5.182956454716519668e-01,2.227102369200273380e-01,1.535117852563430522e-02,3.957994413856991134e-01,1.005349945743024553e-01,-2.398603597139919441e-01,6.749011425908249713e-03,-2.595845971049257073e-01,-2.455296408575807776e-01,-6.091531163016158934e-02,1.784800300160058750e-01,6.057587314818456414e-02,-9.372245082283242254e-03,-2.110640249807258229e-01,1.917866748266149890e-01,1.255253480942741112e-02,2.616818761635896218e-01,2.625533452868470952e-01,2.234250124835966411e-01,-1.325438400153485241e-01,3.148590098810083449e-02,-2.067025209681871145e-01,-3.684450888607914698e-01,-4.191154686838515775e-01,-2.063822612203569384e-01,-1.648296842414506691e-01,-4.784596021768729446e-01,-2.137796452407794146e-01,-2.551897289730948870e-01,-2.848345306611689276e-01,-1.215390705931045923e-01,-2.233334404709730048e-01,-1.317725084450966089e-01,-1.259311237797217098e-01,-9.667098539598206752e-02,-7.021205298042720866e-02,1.365092002397743920e-01,2.126145013101534142e-01,1.869117956561631433e-01,2.382134670595267567e-01,2.572399398557212447e-01,3.365428084489214822e-01,2.332763258513546323e-01,3.687041160100943404e-01,1.862606101903407085e-01
-1.573063112141851946e-02,-3.656065164312618382e-02,-9.350880551076239111e-02,1.843620104507262677e-03,1.468639014681703651e-02,-1.170706033361859910e-01,-1.169504843541289973e-01,5.804086962360997283e-03,-1.526625475813173649e-01,-1.436375155942539450e-01,-1.056940299419512619e-01,-1.940880520693604172e-01,-1.332859132163451421e-01,-9.677008785755525366e-02,-2.059857532720585360e-01,-1.752690811633173806e-01,-4.663215223864079773e-02,-2.613339555840343831e-01,-2.066317288344672043e-01,3.265610224303438502e-01,1.000000000000000000e+00,1.107981949872881983e-01,1.844569689699147863e-01,-2.870406329604037188e-01,-3.554116687944558484e-02,4.989041883216187301e-02,-3.621626664408030272e-01,-4.197672475351943433e-01,-4.309144752893934727e-01,-2.530540675028848385e-01,-2.308420852929032596e-01,3.040227154944502019e-01,1.508031874829309504e-01,2.436749401554083039e-01,2.311897375113505793e-01,2.335119007005469483e-01,1.830410823098673756e-01,-3.561470237265828426e-02,-2.113420645238623108e-01,-3.402941344140373442e-02,2.216527350897511389e-03,-1.379175831518360262e-01,-1.889464341524771107e-01,-4.671243334856318291e-02,6.700070170115196566e-02,9.740131674872951756e-03,4.646475189978360731e-02,-6.991555530014467203e-03,-1.144998120335547209e-01,-1.257483329041766407e-01,2.128771757065130860e-02,2.094138995293280403e-01,9.092899328135596593e-02,5.694891952277506691e-02,5.927070863272135975e-02,-2.625847151024190279e-03,-5.402350078304251312e-03,-1.641718462240599613e-02,-1.420800829680679556e-01,-1.073631573093780517e-01,-4.086832528434081180e-02,1.258855859644597286e-01,2.957917817579367448e-01,3.418085359658584177e-01,2.637375492112158382e-01,1.937054331670788054e-01
-6.062795686596234024e-02,-4.673769937365177679e-02,-2.084268944617840569e-01,-9.809384178619240044e-03,-7.851099473453675148e-02,-2.435709800635378619e-01,-2.535459457802053396e-01,-1.770379680926909283e-01,-1.641222462125312698e-01,-2.252782041611392505e-01,1.011295277571745005e-01,-1.088429030894426212e-02,1.881218538108313243e-01,1.266620307911747456e-01,-6.219291084119336205e-02,2.579424610924125338e-01,3.631851011707011856e-01,3.496908257436727174e-01,5.563935531760909603e-01,5.182956454716519668e-01,1.107981949872881983e-01,1.000000000000000000e+00,3.735270065777586135e-01,2.812904757395345845e-01,5.103025939552916501e-01,-1.567822715561413283e-01,-3.113846148882982723e-01,-1.361178209608560931e-02,-1.985035830232031728e-01,-3.533335066152571979e-01,-2.351869633754501976e-01,5.341138303578673446e-02,-1.098067311372830229e-01,-2.161684835946931504e-01,-3.085921428155463664e-01,6.093553370902220212e-02,4.356786253774762308e-02,3.593528036277323090e-01,3.761903308288358505e-01,1.773052209624979003e-01,-2.081405033955618100e-01,6.302558645707989887e-04,-5.089657825389666546e-02,-4.229755985112588212e-01,-4.968409794914090405e-01,-2.584163286215039879e-01,-1.351967469750726680e-01,-4.923421421713777835e-01,-1.312392612729834651e-01,-1.171316231624952853e-01,-3.373678676561460144e-01,-1.381917055103898118e-01,-2.552081512632070059e-01,-1.481902216329403776e-01,-1.664717080185419140e-01,-1.587197922249621029e-01,-7.093661452844149352e-05,1.791109685104827765e-01,3.048065216235673058e-01,2.986625247709883690e-01,3.202474268585014938e-01,2.608982890394654919e-01,2.581494232746417983e-01,1.378643408324581598e-01,3.200793898264966963e-01,6.564986807168114724e-02
-1.023170764698307506e-01,-1.185481679935456029e-01,-1.246188964362218154e-01,-9.305603456723396394e-02,-7.584588387848270608e-02,-1.356455518084455358e-01,-1.563322377035558652e-01,-7.857966027503272832e-02,-1.494637993904623929e-02,-1.162331491841815528e-01,-4.484498354076947579e-02,1.740741182509443138e-02,3.850426489466719088e-02,-6.698855444308787765e-02,4.392029673837295062e-02,1.215572467046261290e-01,2.269361550893025103e-01,2.597608223555712970e-01,2.288825879840595268e-01,2.227102369200273380e-01,1.844569689699147863e-01,3.735270065777586135e-01,1.000000000000000000e+00,4.534880755512663009e-01,-6.120493502648054543e-03,-4.681706764397471354e-01,-2.739383693593604452e-01,-3.623489912890394682e-01,-1.631770131472908836e-01,-4.182427818384980012e-01,-4.023374170174183750e-01,2.090635274278630166e-03,-1.237350257371360313e-01,-1.703459230290563786e-01,-6.072650453806426735e-02,-7.156404412817539418e-02,2.419415861038259896e-01,2.809382426245415898e-01,2.158171312111837048e-01,-1.614909195445125845e-01,-3.061256131048193940e-01,-2.245810691137756498e-01,-4.740453987899748492e-03,-1.708273490741332168e-01,-2.602028791278454545e-01,-3.319031004537639218e-01,-2.676331279013171027e-01,-2.882856366438126261e-01,3.264995534993071769e-02,-1.526707393645464483e-01,-2.981089636661591324e-01,-2.261748252566939468e-02,-5.724760334612364471e-02,4.507452177500310964e-02,1.871011629080960859e-01,2.164668863678977095e-01,3.477183931020711993e-01,2.954003319302113684e-01,2.678675569661300923e-03,1.068387050497019153e-01,-3.769926271976965088e-02,-1.579650515057836879e-01,5.412344400666686123e-02,8.913516139093390078e-02,1.646534137249940632e-01,-1.245367256920008464e-01
