1.000000000000000000e+00,3.049635052521103562e-01,2.927541535778837439e-02,3.476612075169788207e-02,1.664876188237310317e-02,-1.310043961265485932e-03,3.838123410645757211e-02,-6.847196254837681351e-02,-1.019767603917805660e-01,-1.168329980253240835e-01,-1.495510560446895731e-01,-1.702415799248074291e-01,-1.767395291285837888e-01,-1.432583856943202005e-01,-1.168313818976583485e-01,-1.551775288368066330e-01,-9.253304336235519678e-02,-7.538769093461684945e-02,-7.189304147306625759e-02,-3.701057421026770350e-02,4.175181609591673004e-02,3.251471901935375219e-02,-3.325572966948208732e-04,-3.525654600282281375e-03,-1.340955549641316240e-02,-9.471067327345195769e-03,-2.412252268796602483e-02,9.263638298414915428e-03,2.711839013407520496e-03,-2.036947507655037168e-02,-3.671687229248129895e-03,1.065823294490083131e-02,1.551686523215255013e-02,3.729661645685706291e-03,-3.029586745359420102e-02,-1.156199288780465281e-02,-6.511712975003616788e-02,-1.469478929780798811e-02,-2.857817584091511612e-02,-4.724984837781581737e-02,1.315200369060507898e-02,-1.115369913648972706e-02,2.882260034015042896e-02,-8.704264179974474311e-03,-4.043862636218412826e-02,-2.733999078533051567e-03,1.264257094528393327e-02,-1.236510077931676430e-02,4.340474074665268828e-02,2.598537140300022710e-02,-4.318156562615688490e-04,5.080198483103087748e-02,3.659270344828725180e-02,4.397954358228028764e-03,2.745878914107431970e-02,5.341150927757695559e-03,-2.303443864703689711e-02,-1.666344645546875142e-02,-1.314663244406622487e-02,-2.290371526639636834e-02,-4.602997416959490884e-02,-3.920938242570338496e-03,-4.979787313167303130e-03,-1.900478426448139885e-02,-4.341485295311062025e-03,-2.758472731995151653e-02,-8.833641998958098249e-03,4.614438433505215625e-02,-7.375079040857655463e-03,-9.688853133154248787e-03,3.287138354138657848e-02,-2.656485088609497613e-02,-3.943211201971784201e-03,6.806178326902409537e-02,3.448967692804363883e-02,5.430976132574816956e-02,6.950394442364776770e-02,6.542853821609065368e-02,-1.169420070322911044e-02,-3.779350934672794787e-02,5.752453547345056512e-02,2.447652934953321868e-02,-5.796930993375584013e-02,-9.009569371076340052e-03,-3.739126176493239723e-02,-3.712701621513921774e-02,-2.201711632630659263e-02,-3.689082982473904527e-03,-6.046970808462791974e-03,-5.810792415953526524e-02,-2.303827116028596758e-02,-4.929507480820178450e-02,-4.175708966253913190e-02,-2.278365513337893972e-02,-1.821603562596847345e-02,-2.475625237319048141e-02,-1.752262479993732178e-02,-2.208916851616905819e-02,-4.227410959401025486e-02
3.049635052521103562e-01,1.000000000000000000e+00,3.366280908027590169e-01,3.444585884767393802e-01,5.407332802665736765e-02,3.259347440153456121e-01,1.264455512055087938e-01,-2.150636808179501314e-02,-2.590682170683054897e-04,2.143396069583762900e-02,-8.485745990244106252e-02,-5.377431700043665622e-03,-7.040685969530852129e-02,-5.852566365921294672e-02,-5.741069181105202396e-02,-7.242209885338816988e-02,-2.508492429505866997e-02,-9.778358787665364371e-03,7.216009214216261708e-03,3.754693482848710240e-02,1.022174206944413966e-01,8.241518456561185146e-02,4.614276622626282270e-02,7.698397729351826035e-02,1.768303463474400067e-02,2.199306719480610683e-02,9.025383380900212082e-03,-2.246247700125354220e-03,2.789458401838118204e-03,-1.098817180742387226e-02,-1.954158290292012760e-03,-1.004559458034560808e-02,1.959967504762443261e-02,-1.142977718480260585e-02,-5.502173961649579371e-03,-7.739921441126931291e-03,-9.237467176542986380e-02,-1.219107848326463246e-02,-5.580648472904920637e-02,-4.991780024071523075e-02,-3.353231106397637495e-02,-1.838039150752035847e-02,-1.927652491941613672e-02,-2.280171890751095734e-02,-6.029794332745604286e-03,1.439220491125237089e-02,5.753313716138996545e-03,7.241865283748054674e-03,3.742093611782217749e-02,1.254831738854410295e-02,5.681335170866316786e-03,3.443785760040572741e-02,2.675719752241773400e-02,1.285620151951529649e-02,4.056863580519079471e-02,-1.601463008532055289e-03,1.376923261243290187e-03,-2.930687045638375853e-03,2.791884804813426959e-03,-5.341843596667650990e-02,-1.206882981128405349e-02,-3.888774281405323746e-02,-2.597188300358783258e-02,-3.210349117128400570e-02,-4.740423774209857194e-02,-5.879909373408258311e-02,-2.899984912810226259e-02,1.231309669609117162e-02,-3.886476209818862104e-02,-4.013536575839032200e-02,-2.765394644422990850e-02,-4.598205852008702132e-02,-2.966614972990479562e-02,-7.320806946755546371e-03,-1.873157039860112380e-02,-3.135873182633977518e-02,-1.545317801524271825e-02,2.562412434060852215e-02,-2.132588219243838901e-02,5.921691836183726187e-02,2.934732137602708360e-02,1.447626410556929547e-02,1.055486606549905539e-02,3.783603653713393800e-02,2.665526504284242149e-02,-5.141970820620867313e-03,-1.971500442295377568e-03,-2.546041026110667030e-02,-2.417849948648838690e-02,1.234759712908149168e-03,-7.474158124556901800e-06,-4.142887642678582533e-02,-9.224853410107142562e-03,-1.029897125383020737e-02,-5.165604053904929854e-02,-3.284205101926884057e-02,-3.424091560743969948e-02,-6.975329075699353287e-02,-4.332647954744759528e-02
2.927541535778837439e-02,3.366280908027590169e-01,1.000000000000000000e+00,8.226400298160438940e-01,1.344619508887724690e-01,5.668536014950767976e-01,1.488788447231240708e-01,-6.023155515853293590e-02,8.755221811247215769e-02,-4.108077153406684834e-02,-1.615121729087436730e-01,-6.351304726953956037e-02,-1.198716021088712391e-01,-1.967518003443728125e-01,-1.264225687153836264e-01,-1.040721035400538758e-01,-6.830451702685501336e-02,-4.882984551766542808e-02,-9.408520921605878495e-03,-3.521855544101908791e-02,9.310352530178751806e-02,9.009453932631895923e-02,5.104335182492709955e-03,5.864575627478797043e-02,-3.189041974135919250e-02,-2.507373530196368647e-02,1.735378693097975461e-02,8.979124579468351561e-03,-6.252343113520780760e-02,-1.497393128623342520e-02,1.512467684378366109e-02,4.655834672941673059e-03,8.584219935130659243e-03,8.882361577721292756e-03,1.445593280295454260e-02,-1.454057189296039179e-02,-6.054841818438277262e-02,-3.393064734172523272e-02,-8.381781541297439464e-02,-6.496869606945186726e-02,-2.895278358259422390e-03,-2.039227799377846956e-02,-6.209384312003898496e-03,-3.127593433563641279e-02,-1.621995090785277246e-02,1.133609457772537937e-02,-4.499871677856803580e-03,-3.019331551584669357e-02,2.828379784789596812e-02,-1.136717053131846948e-02,-3.072337804245306794e-02,1.508112748572379945e-02,7.363871733460933613e-03,-1.441291912359423527e-02,2.914390929197475250e-02,-2.645812753827350011e-02,1.635139107374437156e-02,-4.953506352254120892e-02,-9.509921140612808896e-03,-5.958245126425579241e-02,5.482829594137683324e-03,9.926721351188225531e-03,-1.691489489563164153e-02,-1.970837305072990070e-02,-3.019869705624857181e-02,-3.034570286557074226e-02,1.129757330480974081e-03,-8.868973042286700664e-03,-2.638108150822408154e-02,-1.084424003932107222e-02,1.687536601291102570e-02,-5.168618799610873865e-02,-7.405223600230979343e-03,5.985758228084332722e-02,1.863413424686995862e-02,4.250897406450188619e-03,-8.272230358836743513e-03,1.301595118583489218e-02,-1.098275247327648932e-02,1.041558485379003446e-01,1.640760524801230906e-03,-2.370630449447516403e-03,-2.144123842368447774e-02,-2.575634796960499587e-02,-1.792585674347826896e-02,4.239477738461362027e-02,4.462387708677376802e-02,1.590119726039090561e-02,-3.617645908931446663e-02,-5.055530449555822869e-02,-4.746089387702939408e-03,-4.980920606426408881e-02,-2.556237210691704106e-02,3.660974388226804870e-03,-4.696955210397387587e-02,-6.252939821508968210e-02,-1.688560624113229908e-02,-6.478543261741601111e-02,-6.147334668262136731e-02
3.476612075169788207e-02,3.444585884767393802e-01,8.226400298160438940e-01,1.000000000000000000e+00,6.408105707771696857e-02,6.296658772616871014e-01,1.673021910180456373e-01,-6.851174655929399837e-02,9.128310741129581907e-02,-2.184326990400412005e-02,-1.470921634323510974e-01,-5.412800086348364126e-02,-1.334798130072912536e-01,-1.920957741061050106e-01,-1.374790014153508821e-01,-1.074875206662258831e-01,-7.382504270022076376e-02,-6.195076146509776588e-02,-1.719293641790117441e-02,-5.041120227913247626e-02,8.072635935212008063e-02,7.589423683192787762e-02,-9.804279837196795341e-03,4.933262342574590981e-02,-3.385383746095944196e-02,-3.083630550397230621e-02,5.147925509659109430e-03,-7.238022058432564548e-04,-6.454752618945230891e-02,-3.112074585777458227e-02,8.459344203816915320e-03,7.899778918693624308e-03,1.581478230432152229e-02,2.590546070434510215e-03,1.513219423645510492e-03,-1.831321819199915532e-02,-7.096160346834251564e-02,-4.118733938766133001e-02,-8.128661501621105290e-02,-7.474934312911232781e-02,4.429766667490694573e-03,-1.531755733347247260e-02,-9.509965722430652841e-04,-3.351102692060673599e-02,-2.499100409853765789e-02,1.296156185972234184e-02,-3.063327613094878055e-03,-4.853150223067323465e-02,2.763343218404201024e-02,-4.990790967645238399e-03,-4.437255407022872716e-02,1.556135487399293652e-02,2.193261394043001522e-02,-2.024310921212197495e-02,4.157423883105150486e-02,-2.874794659074702760e-02,1.382626262481320006e-02,-4.096082471462193786e-02,-7.041471999401238517e-03,-6.195932621191089368e-02,1.444456192693049749e-02,6.555223119745346230e-03,-8.611674200262401865e-03,-3.297907366078818396e-04,-3.203714587345210529e-02,-1.496537738499626249e-02,3.103871793070585999e-03,3.346929198302896029e-03,-2.016306075784276425e-02,-3.598605148993217016e-03,2.945146077710939295e-02,-4.517279726140123464e-02,5.979469548745688055e-03,7.096956644276773696e-02,2.645088090540009471e-02,2.731056831092683757e-03,4.029029102125922246e-03,7.361483645383164437e-05,-7.307849965883647311e-03,9.376621251354472220e-02,8.454589931280866860e-03,-1.521635619087426637e-03,-2.222618068386043866e-02,-2.123914487648977806e-02,-1.576554448604054401e-02,3.568500548738139100e-02,2.794601131825211887e-02,1.028989265207446747e-02,-4.513864530909916101e-02,-6.688717970180831085e-02,-1.522682778001169419e-02,-5.946382811143961084e-02,-3.625346860389157960e-02,-4.712500170183334981e-03,-5.444980223929861418e-02,-7.847425817174466522e-02,-2.415220535788368400e-02,-7.396411957848186836e-02,-7.807431360329782077e-02
1.664876188237310317e-02,5.407332802665736765e-02,1.344619508887724690e-01,6.408105707771696857e-02,1.000000000000000000e+00,2.397982817188027693e-01,8.393764986568387487e-02,2.623675018670886261e-01,1.248477175413724438e-01,-4.292608886557275349e-02,-1.919244418086034354e-01,-5.320524663792581405e-02,-5.264090593600286028e-02,-8.673410508268961094e-02,-3.672498771057243483e-02,-4.649963348980807459e-02,-3.013924974461386331e-04,1.754978989664579547e-02,-3.802279846216519849e-02,-3.055969542048945706e-02,1.622067079741559836e-02,2.757220944312233080e-02,-7.189406460762311733e-03,-8.070774548749791444e-03,-5.226722281121809477e-02,-6.880091606765763312e-02,1.046561525147515423e-02,7.480448003992977435e-02,-4.451984811522739782e-02,-9.257604694874613585e-03,-7.108869051597101890e-03,-3.362475622326753510e-02,-4.514889793875002250e-02,-2.059474043512506472e-02,3.853054139231699982e-02,-2.352529894157293078e-02,1.373337013913330032e-02,4.056214806528726444e-03,-1.457827128128285667e-02,-2.968965104019213180e-02,1.151148658664003475e-02,-1.893981623965326766e-02,1.238545246762984796e-02,3.597145737124283343e-02,-2.326370347676535305e-02,-1.827079129816175374e-02,1.351623278468598068e-02,-4.133056775208400480e-03,-3.076741360175880031e-03,1.742408112455145347e-02,2.313290548058228452e-02,-1.126302528154244156e-02,1.044136581862050404e-02,2.331762840397433312e-02,-2.403329193470916253e-02,-6.088114610093482183e-03,2.410335358238712908e-02,-5.915439222775946415e-02,-3.301992846985865593e-02,3.756693408550987497e-03,-6.004125803572051001e-02,-2.373542246626278440e-02,-5.246843940566942727e-02,-4.494549570627198731e-02,-1.446135697626168247e-02,-3.383350429043097130e-02,-6.234942159727992206e-02,-2.766561488319547318e-02,1.681615409203446063e-05,2.878542832725644943e-02,1.919083935761096678e-03,-2.869627356665776716e-02,9.052814828824445881e-03,2.842041289971318149e-02,4.952161884967670388e-03,1.404770088365133590e-02,2.296622811173277059e-02,3.650368346505510238e-03,2.811647207602849599e-02,1.004312127434053431e-01,-5.185952370463140816e-03,-1.831901256669583866e-02,-2.956802709839025101e-02,-7.285242085117582533e-02,-5.332569452181602082e-02,3.650818443300534854e-03,8.743211860385802225e-02,-1.351236256856116862e-02,-4.512577666956830991e-02,-3.486282395312920255e-03,4.085267739879522297e-03,-3.064407495120120145e-03,-9.974950711668085362e-03,-2.318937679560758008e-03,1.490093301198345231e-02,-1.073873699227854799e-02,6.795721377287616306e-03,6.638955357254052933e-03,5.811654055714422090e-03
-1.310043961265485932e-03,3.259347440153456121e-01,5.668536014950767976e-01,6.296658772616871014e-01,2.397982817188027693e-01,1.000000000000000000e+00,3.439166671068555892e-01,1.150495645199264838e-01,1.504782600374907076e-01,1.098580283960019638e-01,-9.673493636582196353e-02,7.013156475874317286e-02,-5.601419971683693072e-02,-8.717489202613561139e-02,-9.098161990986490533e-02,-6.621140263088019784e-02,-1.815233595519473789e-02,-6.081094451259971834e-02,-2.760510174259362889e-03,5.112099048893192603e-03,8.100971034860776632e-02,6.766770099499931634e-02,8.350407629583707012e-03,7.141052277595255626e-02,-3.609559968987423317e-02,-2.158688117199109024e-02,1.790001682215789161e-02,3.631543522050252604e-02,-4.888481101770734277e-02,-2.224709068459393077e-02,-9.744432261927112732e-03,3.835143774676406415e-03,1.774174106006490628e-02,1.483669605562543473e-02,6.878287107500097655e-03,2.269921301030439556e-03,-9.170264647611350850e-02,-4.176794060487717258e-02,-1.052232969702830978e-01,-8.260656948825916002e-02,-2.325767912924291136e-02,-6.225474642548113613e-03,-1.414328088174605230e-02,-2.821299375879863375e-02,-2.382388442936961281e-02,1.352580331631050153e-02,-1.666517670164678958e-02,-4.534167967523290016e-02,2.842153965646816369e-02,-2.026293807980912923e-02,-3.457176921245352225e-02,9.665687684766138821e-03,1.005950441605708325e-02,-1.630015072164254369e-02,3.553446503910066140e-02,-9.786700118579440277e-03,2.501525912394348197e-02,-1.590704085198432760e-02,2.234983697486194604e-02,-4.069955727559437797e-02,-6.588994763693109546e-03,-1.116257404441343797e-02,-1.542267134018315312e-02,-2.034274475843169186e-02,-3.132807277492315190e-02,-3.120451816788049476e-02,-4.286483121081069436e-02,1.213955265540835049e-02,-2.476892683700448322e-02,-1.753225166106209959e-02,-7.907570824090077912e-04,-3.769715628831245974e-02,-1.023706605372558427e-02,3.312704978812792272e-02,2.393574142655154405e-02,8.597754768963031258e-03,-1.471777223496563772e-02,1.308134102288950086e-02,-1.416455401684889141e-02,1.161514476480334790e-01,1.168204867652128560e-02,-1.141240943859739808e-02,-6.169831621933013523e-03,-5.086163967084050309e-03,1.694937461909434492e-02,2.137820714361139685e-02,9.979921012812816017e-03,-2.858651321236070630e-02,-1.634119171364473502e-02,-2.343978670024504662e-02,-9.172851400858661464e-03,-6.237201205410006222e-02,-1.087790579722291322e-04,1.326871232883216310e-02,-5.845570153724768958e-02,-6.976049814683663031e-02,-1.906489294626865713e-02,-9.025003692435611125e-02,-6.474925838386692833e-02
3.838123410645757211e-02,1.264455512055087938e-01,1.488788447231240708e-01,1.673021910180456373e-01,8.393764986568387487e-02,3.439166671068555892e-01,1.000000000000000000e+00,2.009962174527517575e-01,2.629909603283279301e-02,-3.745357249328309934e-02,-8.319382787022895631e-02,-3.208573243497792049e-02,-8.764804302065021258e-02,-3.415099858244901448e-02,-3.840185200510696367e-02,-1.177169172951466614e-01,-1.126458138753004684e-01,-4.356667886302974246e-02,-1.013570904418353569e-01,-2.128657907292963447e-02,-1.179084298404138587e-02,-1.831868711204048816e-02,-3.508507356910096908e-02,7.197058527490865758e-04,1.180810965250481993e-03,-9.093350300041835171e-03,2.558978932711207868e-02,2.739349256734738974e-02,1.293040555698211740e-02,-2.189291764499228660e-02,-2.610991797045018881e-02,-2.864037930872977749e-05,-2.473729661079752257e-02,4.747691346077204284e-03,-3.751046400143855184e-03,-4.605479747915039446e-02,-5.705909322837495606e-02,-8.049119537807188085e-02,-6.163162372408438616e-02,-4.866248431874214964e-02,-3.914162648528862060e-02,-7.176776691289699084e-02,-7.430937816068190760e-02,-3.599478912511933776e-02,-3.814936447087011184e-02,-4.215051313900685520e-02,-2.356274258530585003e-02,-3.502139781955349029e-02,1.717520215921443426e-03,-4.466490597005245283e-02,-2.450373195038892810e-02,2.340546681613344532e-02,-7.838519919129637373e-03,-1.800290346566821645e-02,2.535555425425861653e-02,1.656901438542800198e-02,-2.637972715337334392e-02,-7.452095299336522309e-03,3.438303906205896626e-02,-5.103731254228054126e-02,-3.200663868107291032e-02,-2.785660462029768830e-02,-1.389949609364752973e-02,-5.411885291658033448e-02,-2.802557961298588612e-02,-3.301657025340985763e-02,-7.192730345701267569e-02,3.146265206740617854e-02,-8.823117985575097341e-03,1.491599219432721175e-02,2.809829480573854815e-02,-2.894688558088037017e-03,1.723021273725421770e-02,8.200423670184592284e-02,-2.234212358053416086e-02,3.181388011465979826e-02,2.143471326718748848e-02,1.157018715453430116e-02,5.069136858045243665e-02,4.577091446492016769e-02,2.850679749282644324e-02,-6.937012882334059327e-03,-3.714182317589382644e-03,3.312489731956016342e-02,8.054527285619009908e-03,-5.787912346245265016e-02,-2.685462179721926843e-02,-6.406196818813585103e-02,5.883402788316468126e-04,-3.080909259832007203e-03,-4.316690797686144332e-02,-4.667139917858875026e-02,-1.431008413400709778e-02,-7.311201075774952096e-02,-7.439661425708114784e-02,-7.211682385372945869e-02,-8.059369150984733998e-02,-7.757796915095369061e-02,-4.469798166161528113e-02
-6.847196254837681351e-02,-2.150636808179501314e-02,-6.023155515853293590e-02,-6.851174655929399837e-02,2.623675018670886261e-01,1.150495645199264838e-01,2.009962174527517575e-01,1.000000000000000000e+00,2.053598554818178157e-01,8.179512082674425533e-02,4.351498779973433234e-02,1.219889487495977864e-01,1.795875686313391784e-01,1.628064746254706263e-01,7.985361635417115300e-02,1.304041511135021481e-01,9.331635611729147128e-02,3.371012411047770441e-02,-5.911207642204174828e-02,-1.030261038701806887e-02,-5.826703862636903319e-02,-2.299084408061943113e-02,-5.377274905717607106e-02,-2.588721433654064125e-02,-2.502788769575878605e-02,-7.151588353649181162e-02,1.371912219700913323e-02,3.236023991963558888e-02,-2.226720361580115243e-02,-1.821248043975002770e-02,6.241304996592591907e-03,-3.652945910155459830e-02,-7.218162892065758951e-02,-1.601481496382759634e-02,3.111131392996637629e-02,-3.100326907541323812e-02,4.256107585080582539e-02,-3.733596632132522592e-03,2.749418346142896638e-02,8.710037729014474123e-03,-9.407457799390195677e-03,-5.349194023315384516e-02,-4.591718202474112664e-02,4.256766598043652816e-02,-2.757505691398958944e-02,-7.446943106110484600e-02,-1.892358075911017290e-02,-3.249319840291124695e-02,-4.644555376396414248e-02,5.122672126105553073e-03,-9.947534981564025436e-03,-5.840058656021543393e-02,1.953814245038595120e-05,5.404229398257848552e-03,-3.368848660662646793e-02,-9.758876799990653245e-03,2.111561072800332076e-02,-1.379663597068143607e-02,4.703165803011162549e-02,1.406578415703176217e-02,-3.336746216882050670e-02,-4.846254028596893443e-02,-1.023237418383031970e-02,-4.564643416294658640e-02,-1.095781968173568412e-02,5.763616706919337355e-03,-7.777437953029045503e-02,-5.566634567792155298e-03,3.843609382105728917e-02,3.538694089729783887e-02,1.226846845029721730e-02,-1.483203335825738177e-02,4.760542189664927412e-03,3.884914737146741379e-03,-6.335108270408212894e-02,-5.253188684142954396e-02,-4.317295304095428166e-02,-5.709572946853361253e-02,6.940215044598074812e-02,8.613611035442184094e-02,-1.025482268199251340e-01,-4.079962462852588373e-02,5.204779587105951705e-02,-2.545779221729347827e-02,2.378242150981486891e-03,3.134590805094101228e-03,5.675867118250808863e-02,-2.163792442535348096e-02,-4.022587850962831141e-02,3.707496844784119450e-02,-2.087537646520923329e-02,3.305457152979655866e-02,1.730859576948058989e-02,-2.598210919899123991e-02,1.198324911984719778e-02,-1.360278712375599837e-02,-1.543135046297832227e-02,1.385709549900295684e-02,-3.455942888430325443e-03
-1.019767603917805660e-01,-2.590682170683054897e-04,8.755221811247215769e-02,9.128310741129581907e-02,1.248477175413724438e-01,1.504782600374907076e-01,2.629909603283279301e-02,2.053598554818178157e-01,1.000000000000000000e+00,2.684753465105940706e-01,1.192936003186215455e-01,1.339958162914530737e-01,1.524568568165529103e-01,1.321510070037991424e-01,1.223427704740955718e-01,9.592206867779594359e-02,1.583082141133267950e-01,1.016979535643629390e-01,3.897049894607436393e-02,4.348177646910740546e-02,-7.781142240313926317e-02,-6.832749486121932059e-02,3.840639931552202596e-02,-3.634379870169729410e-02,-7.718703468241902566e-02,-1.848645329531536582e-02,-1.787751629109438556e-03,6.722492783720737664e-02,1.525978545334706529e-03,3.696762420376012437e-02,4.148926959281505622e-02,3.878835379173860894e-03,-1.615221866678813803e-02,-3.343204044784578444e-02,2.052949849353345041e-02,-1.212288168593428535e-02,5.237800104312778648e-02,7.348114552223563092e-03,5.887862352785840254e-03,5.378280066228903478e-03,3.502705322423966400e-02,2.266074969247043602e-02,1.057415000441295355e-03,5.354454703048851932e-02,3.207248249332385337e-02,3.516022585649431625e-02,3.743225149763415582e-02,1.738649150755835343e-02,-1.303118332762526026e-02,1.756008349431709137e-02,2.436871960353192285e-02,-1.280114792729775651e-02,1.285242133645145279e-02,3.458248919212633665e-02,1.994492615424895993e-03,2.855769547357632498e-02,6.697665353209565631e-02,1.810552208965983401e-02,4.388074585156727381e-02,3.350629155205410090e-03,-3.134315893535830760e-02,-3.896905611805312475e-02,-3.336717494486603902e-02,-5.958267646167218073e-02,-4.469424034096869391e-02,-3.487494221287952556e-02,-6.733806006347578532e-02,-4.234349086125846484e-02,2.285297745214029397e-02,-2.325949715335618243e-02,-4.864139157282873493e-02,-3.412334317917044973e-02,-4.162292223129594737e-02,-4.142522691221893483e-02,-3.732533750564704517e-02,-8.283573666263475965e-02,-6.993061017452743833e-02,-3.548805995721939638e-02,3.587650403937890642e-02,7.493230577731205266e-02,-4.372877669923166954e-02,-9.069442033834050620e-02,2.614278014893944846e-02,-2.640598467881635075e-02,4.239115511774706885e-02,1.631105508327767434e-02,1.558814029560941054e-02,-2.925238507232143584e-02,1.887649618339084373e-02,2.328501765192080020e-02,1.635863330734244753e-02,4.062687104606721444e-02,2.502780596234430513e-02,4.251669550118738344e-02,2.474335931225279429e-03,-5.029937684144029572e-03,3.613396741485921937e-02,-9.913402014471583631e-03,-2.268760453011053890e-02
-1.168329980253240835e-01,2.143396069583762900e-02,-4.108077153406684834e-02,-2.184326990400412005e-02,-4.292608886557275349e-02,1.098580283960019638e-01,-3.745357249328309934e-02,8.179512082674425533e-02,2.684753465105940706e-01,1.000000000000000000e+00,3.154229461836686732e-01,3.200840803662989287e-01,1.987853353779694687e-01,2.835684671926611555e-01,1.671952769831929198e-01,1.257572267628652152e-01,1.778377654623707060e-01,6.842476601532190839e-02,6.185713670447640783e-02,1.176338201642346121e-01,-2.382303328854865412e-02,-4.841492677490245866e-02,3.233963628068176055e-02,1.345127983558979355e-02,-4.743757532536341248e-02,2.323284346389688573e-02,-2.833173455742434704e-02,4.489450807586811004e-02,1.050129284049164391e-01,-1.222949227619242983e-02,1.527971282548388175e-02,2.383207497449732482e-02,1.381113805763075839e-03,-6.034060822114391959e-02,-1.045425539840829088e-01,2.916822086279258902e-02,1.649855710087939908e-02,7.156826909466670883e-02,4.795815275901688102e-02,-3.878145163817270369e-02,4.548925177301135769e-02,3.781942420692308710e-02,3.270514789063203032e-02,3.927524537639785068e-02,1.198799981471333417e-02,3.331901232024413878e-02,6.998325917297523215e-03,-9.080231573571229814e-03,-3.730392143258110579e-03,3.294836284394749709e-03,-1.044603134926722771e-02,5.346059265404895337e-03,1.876842501434027727e-02,-1.370385148011105114e-03,1.631986198229151350e-02,1.823435953527388978e-02,3.288917377064991959e-02,5.040108994492305261e-02,2.773025614547189668e-02,1.176605360571175013e-02,-6.573525114718774612e-03,-3.324367052008490170e-02,3.149165604299707100e-02,-3.278913558465493261e-02,-8.634433469830867305e-03,-1.437792408930905520e-02,-6.262011166657056871e-02,-8.086658570287095366e-03,-1.551281598528515826e-02,-6.484233131429743835e-02,-5.029647744403058229e-02,-3.224814458305449993e-02,-9.101839494866605096e-02,-4.910859130622360902e-02,1.067863633086833623e-02,-5.786705619304014642e-02,-9.959781157392178300e-03,-1.641872719909058531e-02,2.044493749824165610e-02,-3.500967469558454847e-03,-2.291615704837002623e-02,-5.178186643890836383e-02,-1.260354457755059974e-03,1.423565574655134315e-02,4.635111291364114872e-02,-2.799522185210890496e-02,-6.550541253975555867e-02,-5.383147903839399610e-04,6.267315989193063264e-02,-2.688010550456090483e-02,-8.066356960362466855e-03,2.173261024344909018e-02,-2.711845903328254440e-02,1.786026742889918958e-02,1.224084876926116033e-02,-2.309240070160224756e-02,1.777391094021333121e-02,4.357077022214026841e-04,-1.494321503743962880e-02
-1.495510560446895731e-01,-8.485745990244106252e-02,-1.615121729087436730e-01,-1.470921634323510974e-01,-1.919244418086034354e-01,-9.673493636582196353e-02,-8.319382787022895631e-02,4.351498779973433234e-02,1.192936003186215455e-01,3.154229461836686732e-01,1.000000000000000000e+00,4.474268106970039627e-01,4.017124726946729174e-01,6.652330383030244931e-01,2.805139573697967847e-01,2.387951220104266581e-01,3.167696453509473709e-01,1.555149335170569747e-01,1.363752985129957629e-01,1.608715569048969340e-01,-5.266596604077446869e-02,-5.302557936153463186e-02,3.751426650909913535e-02,-1.387785415214048100e-02,6.849318086492338364e-02,7.432829375719131326e-02,-4.394718048696981405e-02,-1.117884990327621952e-01,8.513424052997937974e-02,-1.528711720141039121e-02,7.576269587851859610e-02,5.906327644129633070e-02,4.073307455910857647e-03,-7.685966998120971616e-02,-4.225620170721534896e-02,3.055988242852755374e-02,5.408665772600276811e-02,6.223091471729134960e-02,6.496140014722739942e-02,8.088335185786503512e-02,-4.225721418072975535e-03,1.455265895904014721e-02,-4.743350944152650850e-02,2.090179898455932217e-02,6.381942482028794827e-02,1.368927681401016158e-02,9.594182336581732681e-03,3.963511336501359533e-02,-4.502047552388953496e-03,9.354557876620568993e-03,3.319580389176268048e-02,1.558712900804970491e-02,2.196178852680553961e-02,4.061800214748476773e-02,2.761608955892784489e-02,3.857927454855649557e-02,1.714825170075181746e-02,8.255155001502520462e-02,4.836800314025799935e-02,1.475843579020782136e-02,-3.437610238143632563e-02,-2.137698426792458348e-02,-6.149611382896285998e-03,-1.172983689417797862e-02,5.586027743124661986e-03,-3.048949448847924557e-02,2.279617065217257651e-03,-4.591837257238614439e-02,-3.128646892348540404e-02,-5.155253857522958810e-02,-1.086719942192566346e-01,-1.579781937044544629e-02,-3.509431290895776573e-02,-1.289803897225082208e-01,-4.670307304260758186e-02,-1.150933947394527923e-01,-1.047651716861277282e-01,-1.142568515108225990e-01,2.964644304236899522e-02,-3.913952508166271271e-02,-6.570691168568150442e-02,-5.901076641697236558e-02,1.146250667569197468e-01,1.215172921243016790e-01,1.267100651168623360e-01,-4.894980193032245908e-02,-6.874160985474481178e-02,-3.894252834587204337e-02,6.849687402718315776e-02,9.595372115566905280e-02,4.457908336029573620e-02,9.806228262954680419e-02,9.210905667333027513e-02,7.304974122772756040e-02,3.659061440152801270e-02,5.383728690358715457e-02,6.608963171984066909e-02,6.558098288955734045e-02,6.368977162536632042e-02
-1.702415799248074291e-01,-5.377431700043665622e-03,-6.351304726953956037e-02,-5.412800086348364126e-02,-5.320524663792581405e-02,7.013156475874317286e-02,-3.208573243497792049e-02,1.219889487495977864e-01,1.339958162914530737e-01,3.200840803662989287e-01,4.474268106970039627e-01,1.000000000000000000e+00,4.075676961706827250e-01,4.227963324423227864e-01,5.213042791110228391e-01,2.782866551144442258e-01,3.129336152159887252e-01,2.685689426756451281e-01,1.648888093416746026e-01,1.761348350839641863e-01,1.919706589175358647e-03,-8.333376644898008237e-03,2.974818045558078050e-02,2.277470284288319116e-02,2.942645576764940651e-02,1.932552766471184319e-02,4.422508841445708938e-02,2.033307567816253561e-02,4.463193082195182626e-02,3.229843999861092829e-02,-7.894039805401053406e-03,-3.740547683381532929e-02,-4.964894539887725750e-02,-1.231267238157381094e-02,-2.287922921525595982e-02,-1.673362910308595630e-02,3.105803609665830009e-02,-2.457384261796524087e-03,-1.367580340699419209e-02,4.590195545205214001e-02,-7.511663902844248342e-02,-2.908888594290037419e-03,-7.031034397233951183e-02,-1.533606826341560661e-02,4.781973820424368499e-02,-8.990597198467557838e-03,-5.587520355859076915e-02,2.934894047599980599e-02,-4.015612149677542930e-02,-5.731821025114452323e-02,1.068751790685576637e-02,-2.030842084528661218e-02,-4.468517633781333986e-02,1.312240480888789487e-02,-1.155578291326299530e-02,2.581948082754568011e-02,6.155222049997385869e-02,5.025439132547006998e-02,7.328308538680060324e-02,3.565886942094263767e-02,-4.386380095176599186e-04,-5.999746386707292302e-03,-9.847064722123859831e-03,1.755589095996979918e-02,3.665738452190547836e-02,-1.616539624231616568e-02,-5.055064461380527515e-05,-5.340355562525195277e-02,-4.134600087677441776e-02,-2.946760578068353606e-02,-7.848514110429335999e-02,1.067022196932447022e-02,-1.763448532908724192e-02,-1.116803599431792637e-01,-4.281572465643525977e-02,-9.901571583879562044e-02,-8.516388521420679980e-02,-1.084370495021911018e-01,6.439854745987480533e-02,1.185812207491715314e-01,-6.851651243046663620e-02,-2.696172086028204504e-02,1.299604032286550415e-01,8.507090690781411724e-02,1.132055985004128684e-01,-4.100368678252457738e-02,4.649265297845994911e-03,-7.255174137206966967e-02,2.976013688323578960e-02,9.678233261689740685e-02,3.269314542901779336e-02,3.735966834295374045e-02,9.073549077069630042e-02,4.568113640607170817e-02,4.678578156700660337e-03,4.467266573424916176e-02,3.229466083181740249e-02,2.328991190993216082e-02,7.888180022038820960e-02
-1.767395291285837888e-01,-7.040685969530852129e-02,-1.198716021088712391e-01,-1.334798130072912536e-01,-5.264090593600286028e-02,-5.601419971683693072e-02,-8.764804302065021258e-02,1.795875686313391784e-01,1.524568568165529103e-01,1.987853353779694687e-01,4.017124726946729174e-01,4.075676961706827250e-01,1.000000000000000000e+00,4.960891991419895675e-01,3.649976828169906318e-01,6.792098843738927361e-01,3.858586018712938381e-01,2.493848089836240012e-01,1.808382197810619041e-01,1.445047115485527389e-01,-7.063503800187535646e-03,1.515081839482543616e-02,4.242364401921861622e-02,1.747548459523305328e-02,8.777921462596474655e-02,3.207810813523285370e-02,1.076767735499484582e-02,-3.682829624284007092e-02,6.877732465549783736e-02,4.105402323333153664e-02,5.273393726271099341e-02,-6.146017325100133592e-03,-7.256923538366948090e-02,-9.531117933675771481e-02,2.393355250840003765e-02,4.835678349484519994e-02,1.345320838756684789e-01,7.977572990637973871e-02,1.044250377793858459e-01,1.274445398117356465e-01,-1.207474581482342359e-02,3.339986786495913879e-02,-6.640366786001439259e-02,5.262865324744420148e-02,1.027534590527052066e-01,-9.929026548604648339e-04,7.719843229684010197e-03,8.816129683657369931e-02,-1.862802720076950965e-03,2.486496787913935677e-02,6.988887455241729607e-02,1.041345857828841412e-02,1.970563573502055049e-02,6.923180280493995697e-02,7.784294611285335480e-04,8.755261199189914856e-03,5.209352587795238604e-02,4.226355608643546369e-02,6.274262390902175801e-02,-1.806820680036699475e-02,-3.375687016874289598e-02,-5.950028011169109649e-02,-5.853350957144204392e-02,-3.085137336749744705e-02,-2.587546003402660735e-02,-6.122983305361646977e-02,-2.873901602709969666e-02,-8.258438346638691252e-02,-3.421591610222537994e-02,-4.095779783169100491e-02,-1.331166710597060376e-01,-7.164185516028015455e-02,-4.651926244545523392e-02,-2.080227291211907692e-01,-1.346723097784556233e-01,-1.795492629326586598e-01,-1.861558761230946990e-01,-1.468178622029581715e-01,1.054619643071667487e-02,5.920952511892112191e-02,-1.572956734152242408e-01,-6.420474800357212075e-02,1.785443626520497873e-01,7.597964790873344698e-02,7.612490073971478477e-02,3.299307773522404397e-02,2.008020535919135402e-02,4.388933154189419289e-03,2.029658063997116790e-02,1.423508193989149184e-01,8.633149657672756216e-02,1.444053478301720039e-01,1.111480733020594053e-01,7.536280584992008369e-02,7.690555631247143753e-02,7.677630526011151868e-02,5.971049827461535897e-02,7.124076324481774802e-02,8.626362849760853269e-02
-1.432583856943202005e-01,-5.852566365921294672e-02,-1.967518003443728125e-01,-1.920957741061050106e-01,-8.673410508268961094e-02,-8.717489202613561139e-02,-3.415099858244901448e-02,1.628064746254706263e-01,1.321510070037991424e-01,2.835684671926611555e-01,6.652330383030244931e-01,4.227963324423227864e-01,4.960891991419895675e-01,1.000000000000000000e+00,4.242118251836140552e-01,3.011577212459415342e-01,4.632226564235270017e-01,2.506010274554246742e-01,1.713110624744247079e-01,2.483962836991544243e-01,9.366427327937187908e-03,2.458343198509842578e-02,8.948287590452273788e-02,3.515731168908961535e-02,1.219344592202004640e-01,8.730748050530365290e-02,-5.779017894516233489e-02,-8.882249579609818868e-02,1.324280955463561782e-01,-2.852324494627898541e-02,8.270232335805483004e-02,5.706446804657164945e-02,-1.369468579729012439e-02,-9.360612743213846121e-02,-2.992210080071891487e-02,5.697935044392258425e-02,4.578199603356125635e-02,7.495082774730699171e-02,7.812090520042336284e-02,7.993691926503940226e-02,-1.285288506411821734e-02,3.184988181843471239e-02,-5.109316770027234889e-02,4.418513823318195172e-02,6.508697915458176719e-02,-5.450315508685990747e-03,9.403997663975796964e-03,6.277595541024731662e-02,9.151713259830447644e-03,3.846785869899079641e-02,7.148887402409104252e-02,3.461380321871678628e-02,4.331259881645505017e-02,7.479060183098978909e-02,1.989985421408480698e-02,3.808645639415136203e-02,7.624256245841784692e-03,6.409800208490425144e-02,6.146615473165750049e-02,1.096549083907243614e-02,-6.347726393615962803e-02,-3.855832854511290209e-02,-2.363881427135081439e-02,-5.517519373316504688e-02,-1.868689677567252072e-03,-6.237465889408883024e-02,-4.054830638323134173e-02,-5.219542326130163085e-02,-3.776197882347807899e-02,-5.491505566776529873e-02,-1.343585499437982556e-01,-3.892192291679623384e-02,-4.633278798632026185e-02,-1.635932201582883383e-01,-7.792126164874096927e-02,-1.415491616270188879e-01,-1.524010953061890883e-01,-1.388684684122658275e-01,-4.448926925306067627e-03,-2.627188779582413647e-02,-8.661412487654128467e-02,-4.520975868041361700e-02,1.597464440579612066e-01,1.548440034723744807e-01,1.320287373320257751e-01,-1.232071136608138377e-02,-5.652559355503630062e-02,-1.496287465160313357e-02,8.328893565915915231e-02,1.476371906223636898e-01,6.611579107577766901e-02,1.143538974506908695e-01,1.081272039155428827e-01,6.975492516734303761e-02,4.115987269913123220e-02,5.586334142322206542e-02,5.871750370209478237e-02,6.494604341679137416e-02,7.215392435002837557e-02
-1.168313818976583485e-01,-5.741069181105202396e-02,-1.264225687153836264e-01,-1.374790014153508821e-01,-3.672498771057243483e-02,-9.098161990986490533e-02,-3.840185200510696367e-02,7.985361635417115300e-02,1.223427704740955718e-01,1.671952769831929198e-01,2.805139573697967847e-01,5.213042791110228391e-01,3.649976828169906318e-01,4.242118251836140552e-01,1.000000000000000000e+00,3.580835055476402906e-01,3.672471308483255537e-01,4.227460005160034728e-01,2.224987902697385111e-01,2.607513172387383449e-01,4.274286503803079867e-02,4.750946222646745126e-02,8.448286206856465974e-02,2.402906660710958306e-02,8.483260632278090407e-02,3.845274094426789913e-02,4.211477795455356721e-02,6.295009233664636099e-03,1.114889441235907691e-01,1.587291382688896246e-02,2.215683316764039193e-02,-1.687527182568779663e-02,-3.678576715948718434e-02,-2.857260215311725748e-02,-1.479700233996495556e-02,9.368824635695244263e-03,9.783989291100752758e-03,-1.732172420665512719e-02,-2.236840338067594067e-02,3.746266952878438139e-02,-4.862784335092610460e-02,3.467779271038224503e-02,-6.395190022031886634e-02,2.724019310284557863e-03,6.315446335513023868e-02,9.762627241869771891e-03,-2.307036373744112898e-02,8.355782858136233393e-02,6.440446356481714651e-03,7.435429010168783694e-03,8.188647769762860684e-02,3.008404026483193008e-02,-1.159148426538415648e-02,7.494871180164454361e-02,-2.606979575727932236e-02,2.161639337217389698e-02,3.128757543464130708e-02,3.048582550684787729e-02,5.106971036250905482e-02,-1.493835897695211003e-02,-6.424268669398564002e-02,-4.453279243421736505e-02,-5.697119713088812099e-02,-6.358360952368652397e-02,-1.129249991439060588e-02,-7.203573322326760342e-02,-5.350627279276213427e-02,-7.803192831995076073e-02,-5.896427748045107026e-02,-4.119697205152089009e-02,-1.230063034386725401e-01,-2.606975394790660323e-03,-4.410655727412395033e-02,-1.492480471696915056e-01,-5.479258858946790128e-02,-9.636495943069250947e-02,-1.429606250818583890e-01,-1.478241397548523406e-01,3.608709727388580667e-03,6.103133658151158741e-02,-3.847809341592053206e-02,-5.536651216300718728e-03,1.751469483289258555e-01,1.480010081027773594e-01,1.362289902858720703e-01,-4.299305198430158383e-03,-4.581407365746573840e-02,-6.144838092145670644e-02,7.606149725972556619e-02,1.299937289687562725e-01,7.571092163895622174e-02,5.976363185388471749e-02,1.002509391655944521e-01,5.167601227572860001e-02,4.381113689686753736e-03,3.103634676548919571e-02,3.671517420769891682e-02,1.664748403860847117e-02,7.578983707693499883e-02
