1.000000000000000000e+00,6.061944925092544595e-02,9.111108914442624107e-02,9.741114615921279973e-02,3.502310293728715801e-02,-2.505267235565195497e-05,1.297799445162756832e-02,4.477997448511346172e-03,-1.153813901382732621e-03,-1.434104272099380462e-01,-9.994466708447851122e-01,9.995378149903288989e-01,-8.755098596995307403e-02,-9.994778325089577198e-01,7.192068897792272542e-02,-1.916464586321516353e-02,-7.411563537138600444e-02,7.409657879057020280e-02,9.418765607391049732e-02,9.995146712315726711e-01,1.163499861974373953e-02,1.042157757587423295e-01,1.371864829668327512e-01,5.636093885972002365e-02,1.227768506533580967e-01,1.031400784619774941e-01,6.205463896625592474e-02,-1.711464946822862099e-01,9.867744520729959667e-02,-2.061417968761653646e-02,1.468753256903882441e-02,3.791729506322768367e-02,6.017335729128643618e-02,1.049505190892121298e-01,1.532470550429607895e-03,1.672638679050952523e-02,-9.186213460429672184e-02,-3.675108007382936557e-03,-2.607943398006505598e-02,3.046423378849946999e-03,-1.093327408939920135e-02,-5.647117498297838517e-02,-1.227189224772689408e-01,-1.974778799690701803e-01,-1.632339581998959177e-01,-1.231573412092768910e-01,-1.681116758478072961e-03,-2.021176744755639743e-01,-1.256930860379856241e-01,-9.994964896450690972e-01,5.525369833375921857e-02,1.853188705717610839e-03,9.994938917235915987e-01,1.404001653894616508e-01,1.079093408386362987e-02,9.447363842106083764e-02,-9.994584677597997402e-01,9.995558844411656096e-01,-7.065033322574441055e-01,9.994993471561595122e-01,6.676083838843929405e-03,9.163139648541736293e-02,-9.949905712613382747e-02,-8.890859730061764603e-04,-2.965342913291221880e-03,-3.142791938413194014e-02,1.130308257993422189e-01,2.032313595184765190e-02,-9.247786155531566299e-02,3.815443843385197403e-02,9.471312005325953354e-02,-5.112334264635642195e-02,-5.924450992188473597e-02,9.304163875213690427e-02,4.497032862770208861e-02,-8.772309886810240875e-02,4.579803819094463609e-03,9.616169849210648435e-02,-2.825969219810040359e-02,-9.089564291114486660e-02,4.098073972777382251e-02,7.258424698736930247e-02,8.839233131988308290e-02,2.137607132415433528e-02,1.139666976771734758e-01,-4.506856685735625284e-02,-9.513714482141126527e-02,8.253728381806438308e-02,6.862920237361365416e-02,-1.063526446220138255e-01,-4.784865069687305877e-02,1.085754714799950366e-01,-8.502604916920980960e-04,-1.270366534713261719e-01,1.832823318936865203e-02,-9.247855551051725742e-02,-1.926578603321543390e-02,1.864902364507252386e-02,-1.204266459513717025e-01,-6.711335964914269536e-02,7.433634546134289256e-02,8.022424916602320308e-03,-1.183042228708847537e-01,-4.265886986178512750e-04,4.458728954819320134e-02,-6.964421104352479241e-02,-9.229580413965951524e-02,2.828650515802469401e-02,1.861532436480556330e-02,-1.172612716678982786e-01,-8.721852520679712617e-02,-1.076947009997665655e-01,-1.127801263832116790e-01,-1.469661456489809725e-01,-1.212401696316923322e-01,-7.340678257695409936e-02
6.061944925092544595e-02,1.000000000000000000e+00,3.679721607148552232e-01,2.800131822508426516e-01,1.835997521543719646e-01,-9.693947252869268560e-02,2.222013332061655716e-02,1.008685120427676163e-01,-9.403897247935202874e-02,-1.504195145510120457e-01,-5.000063639389087933e-02,5.574719033512446492e-02,-4.020736435242526496e-02,-5.212439335840086951e-02,2.162503242442924412e-01,1.322354557309486922e-01,-8.956163304842851280e-02,5.456616653120941601e-02,2.591783945319167115e-01,5.422715891947981620e-02,1.533572989011873222e-01,2.181432618132422285e-01,3.233548999152563441e-02,1.027784348971647194e-01,2.347852289900519418e-01,-2.440852197417651623e-02,-1.768633929419728135e-01,-1.059363467078589943e-01,8.243996900900017744e-02,1.327357758678658350e-01,-1.593048458809932094e-02,1.570601346700886414e-01,1.524452271667450232e-01,1.460787679623805901e-01,-9.285490312082483877e-02,9.741616182322876405e-02,-9.292225570782224053e-02,-5.897072692485087753e-02,-2.270754858339439977e-02,-2.710310995383076113e-02,-4.271093079835033141e-02,-5.031672269775747108e-02,-7.846840922610791302e-02,-6.215974698266803905e-02,-6.751468540897315185e-02,-3.939896538315578595e-02,9.207674363908401050e-02,-8.545430958076861983e-02,-5.112733999126214436e-03,-5.206953898177944101e-02,-9.173911318322330172e-03,-9.663926006815676262e-02,5.016995109622550408e-02,7.597058362842331117e-03,3.073012598073277066e-03,2.200518244208199761e-02,-5.055332896984953556e-02,5.260158179236595205e-02,3.256827093601349227e-02,5.359626756794939884e-02,-6.362562144726086055e-02,1.212727085884631462e-01,4.513851586868501686e-02,6.650586305598783776e-02,1.971382093820174264e-01,-1.195458224210169985e-02,6.833402545024959418e-02,-1.728640426583496204e-01,-1.644299049817500302e-01,6.655145558382272175e-02,-3.274402443188077078e-02,-2.095392370918121860e-01,-6.700503248668748801e-02,6.909475608701579064e-02,-1.226344808825263755e-01,-1.864948653399572664e-01,1.386032608566061322e-02,-3.423871022843986891e-03,-1.798533518485355420e-01,-1.041372920447517225e-01,-2.967603955628038068e-02,1.365647881631266991e-01,-4.245056617730568610e-02,3.350802502854736270e-02,1.475032945098373183e-01,1.202343906687848574e-01,-1.088997089223458191e-02,1.523072994085896414e-01,1.543562225319044523e-01,-8.631663562790358943e-03,4.188875874734325488e-02,1.931485162528597810e-01,6.930415783723582746e-02,-2.333086433334436924e-02,8.850554656195076808e-02,-1.864680105151489131e-01,-1.800394771174843034e-01,-1.958214467500691836e-01,-1.532726928980016612e-01,1.078042592080297041e-01,-2.025961966644001730e-02,-2.141407209079466134e-01,-4.493350188321409283e-02,9.609721844134580526e-02,-1.341571043631121229e-01,-1.819800656344126299e-01,4.648170247430966767e-02,1.013125232666136711e-03,-2.090563870668949165e-01,-1.530460974773438787e-01,-1.626125647357095361e-01,-9.605267361154848360e-02,-1.551391080440115700e-01,-1.277652999688046187e-01,-1.234246495926844822e-01,-7.630953607639609504e-02
9.111108914442624107e-02,3.679721607148552232e-01,1.000000000000000000e+00,5.527264486940473009e-01,5.046671270834192091e-01,4.242633133605733242e-02,6.323104453866257302e-02,-3.831767615145971473e-02,4.514062636319515764e-02,-1.509120222438605774e-01,-7.942682132306348730e-02,8.519661398050067114e-02,-9.573384520659761199e-02,-8.183448186546503356e-02,2.448182932500884146e-01,9.718255328502957424e-02,-1.161446140611148148e-01,6.234056857851622696e-02,2.741834398173337850e-01,8.362006731400570270e-02,1.127173133340244743e-01,2.195471240754280906e-01,1.000124358009479991e-01,6.873009835389659594e-02,1.746219889768502453e-01,6.976811622082407238e-02,-8.300039631753726443e-02,-1.613133713261402924e-01,7.335464106711327148e-02,6.561104726361395578e-02,-1.711320481737725330e-01,1.544781311983891015e-01,1.212412908535286798e-01,2.102099212466669864e-01,4.538346772783050098e-02,5.415260353619487377e-02,-1.993076858510163807e-01,-1.651222024446383774e-01,-6.691042731868643290e-02,-7.119011862510961353e-02,-1.214637231967356096e-01,-9.137486475517997420e-02,-1.251594989610306796e-01,-4.531390474947372127e-02,-1.380000411351891554e-01,-1.532253805307000338e-01,-4.809927848098299180e-02,-1.147662480615949387e-01,-1.162018771211453527e-01,-8.389542644638504909e-02,1.057813219831559536e-02,4.459372071196247844e-02,8.235618055731866449e-02,2.051835999377924213e-01,1.319101073117194822e-01,2.237343153798618256e-01,-7.942505729631664513e-02,8.476737468969100520e-02,-8.793052535530578029e-02,8.307162556055902591e-02,-1.585749566855468827e-03,1.290409043878096296e-01,-4.735478901452096212e-02,2.172741024559592810e-02,7.416863628729268576e-02,-1.105709248650908888e-01,8.836945828387694768e-02,-3.075952005542737649e-02,-1.821369247503509259e-01,-3.121895363858353395e-02,7.120277656516638132e-02,-1.038348386260016382e-01,-1.562375845390281126e-01,4.539550078558612922e-02,2.864544926433970282e-02,-1.627678485896646710e-01,-9.150850838325998160e-02,7.572525035599986243e-02,-4.971941817652698187e-02,-6.890188634974504789e-02,1.039896522204447615e-01,1.801185965820448764e-01,6.486661487695632999e-02,9.522174594061448560e-02,1.103627958602957371e-01,-9.104640999772112969e-03,-5.930828014584765655e-03,1.794800953977513658e-01,5.463993798596061824e-02,-9.771690924348222507e-02,7.549919697862242374e-02,1.657209706228473522e-01,-4.609035472105176001e-02,-6.229418305695592906e-02,1.341198569332379964e-01,-1.138374770250657614e-01,-5.486866919005352339e-02,-1.383767084430570227e-01,-1.125736396896919872e-01,-1.240091145076639874e-02,-4.356791674984963197e-02,-1.022756536586679615e-01,-7.809745749652616253e-02,-3.945545780933969182e-02,-7.592252507038013687e-02,-8.366444343643729409e-02,-6.078239015779755838e-02,-6.484964590091832348e-02,-6.697094280619435291e-02,-1.773064299568332669e-01,-4.319098296455424479e-02,2.146121984813036121e-02,-9.390412812553154687e-02,-1.396536598408559260e-01,-1.281404094282449224e-01,-8.592408853511833422e-02
9.741114615921279973e-02,2.800131822508426516e-01,5.527264486940473009e-01,1.000000000000000000e+00,2.449376967656466952e-01,-3.709109533552173987e-02,3.139094636376594805e-01,4.594081025200760088e-02,-3.990769320576716128e-02,-7.169835231154245148e-02,-8.531197524986748604e-02,9.415650502438183134e-02,-1.589423064996121071e-01,-8.831406899924933163e-02,2.922086516494049047e-01,3.301300446973701869e-02,-7.329424975399281839e-02,2.209723296804092241e-01,2.206287364385731420e-01,9.264658094865103888e-02,-1.114748319698804190e-02,2.997729995504710976e-01,2.053791468062043657e-01,2.591521877213773251e-01,2.446154699095917928e-01,1.851850442827014664e-01,-4.368578168310648102e-02,-2.433663334380543539e-02,1.557329532723417120e-01,8.965383462399399706e-02,-1.389921713692594991e-02,1.519878226500681884e-01,3.048016254620079107e-02,1.840345869165041226e-01,-3.549385280801919951e-02,-6.239190522143186340e-02,-2.153242321125020120e-01,1.006046330412880239e-02,4.715415733541354626e-02,7.165972323148912804e-02,-2.503255463084274463e-02,-1.040088105495746429e-01,-1.727568064856026542e-01,-1.281838293713542243e-01,-1.533022768161363680e-01,-1.864799775430729667e-01,3.441694947620079631e-02,-1.627389435463874323e-01,-6.980158129430961977e-02,-9.471409564460106512e-02,1.663169458481159740e-02,-3.967694447095018034e-02,9.185836966149338312e-02,3.557375344847345938e-02,1.062483921537508008e-01,2.916841641548378189e-02,-8.907972670245734026e-02,9.456247181981457250e-02,-3.643455803259919301e-02,9.098197531639695690e-02,-1.834408203944337679e-01,1.728959634642766169e-02,-1.512680242641154527e-01,-1.112362492349312781e-01,5.190245038191774324e-02,-2.182732821119054700e-01,-1.478112955029907069e-02,-2.930207281132582095e-02,-2.114485941005519176e-01,-1.535808586911317497e-01,2.223949018201864733e-03,-8.301050327827237674e-02,-2.329004635426361047e-01,-7.686297616905045371e-02,2.948001979430057897e-03,-1.642659725225772416e-01,-1.963097314544753336e-01,-2.496953236196501960e-02,-4.532860269361682626e-02,2.005030441562073718e-02,1.125802387390044262e-01,2.513590596695683965e-01,4.361652270984313351e-02,2.543004972486664905e-01,5.660378051309938874e-02,-1.712265133637215844e-02,1.622133988089029255e-01,2.620574983194388086e-01,-3.119750302662771535e-02,-8.225888461295285947e-02,2.498561743620463516e-01,1.769813207999829663e-01,-1.454797959096737203e-01,3.624812894186996842e-02,2.919351928763501691e-01,-5.480197131692518542e-02,-1.474238835995125840e-02,-2.633379065556305521e-01,-2.748944523341493792e-02,-2.076693260541336711e-02,-2.415519377806066292e-01,-1.451007179421461013e-01,1.050728055173461017e-02,-1.032169114368173407e-01,-2.509233641099010703e-01,-4.719809454056538706e-02,1.691969873691696533e-02,-2.136103034658060063e-01,-1.909450650786318759e-01,-2.830203964185406540e-01,-1.758224541472898361e-01,-1.964083504452783790e-01,-2.032325693496430385e-01,-1.857234712535827392e-01,-1.353384048521834582e-01,-1.637119770194374047e-01
3.502310293728715801e-02,1.835997521543719646e-01,5.046671270834192091e-01,2.449376967656466952e-01,1.000000000000000000e+00,7.622702753275724212e-03,-6.018587182092344917e-02,-3.337160047180328369e-04,8.823096682171982855e-03,2.255552900485038523e-02,-3.180970279953589108e-02,3.539449780865325246e-02,1.781068385879484572e-01,-3.116977669027517009e-02,6.505486295335945190e-02,2.759704973436667430e-01,8.469180871287414203e-02,-1.163928596976334939e-01,1.874696919142416485e-01,3.727545701664893019e-02,1.873757027336169501e-01,4.921798357131599438e-02,-1.461696929402405698e-01,-2.314738136693241313e-02,1.191753663823048037e-01,-1.477180714517881688e-01,-2.198790137796055311e-01,-2.028081209971762944e-01,-7.702603957563264325e-02,2.430986133267707128e-01,-4.356591626070466933e-02,2.629698927068530590e-01,2.280292943437980668e-01,2.053705316883626952e-01,5.738150417719357389e-03,1.939740526355166750e-01,-1.146076697197131872e-01,-1.019452700125586947e-01,7.691311003375130018e-02,-3.312584892526171387e-03,9.589193920740183077e-03,-9.771856022121294671e-02,-1.390591152238830619e-01,-1.188371458234826344e-01,-7.385076965521164549e-02,-7.467988786951582081e-02,-5.828058376283833629e-03,-3.267991744460000542e-02,-9.163287063016506417e-02,-3.446809902434473660e-02,-8.287477011182138587e-02,4.416402879082137641e-03,2.829325114551565351e-02,1.014187379686854046e-01,-3.058723167806011098e-02,1.722120497470522593e-01,-2.828661310404832069e-02,3.264917760826589743e-02,-2.443588107673738338e-02,3.438652734760697105e-02,2.317810841643966682e-02,9.851432666498212420e-02,1.371938961945574076e-01,8.888877384353009725e-02,1.843687343051169103e-01,3.587409010207413818e-02,2.673460734526102167e-02,-1.714744796681614281e-01,-9.250024572197457218e-02,7.371223691241554632e-02,-6.228466777267811783e-02,-1.714838046264897387e-01,-1.210357169636690038e-02,5.309977066281724306e-02,-1.260149824504690763e-01,-1.259468074608534605e-01,5.052906998317271969e-02,-6.424951156749191677e-03,-1.587328438738149217e-01,-9.143395590678689289e-02,-6.178763009180612831e-02,6.929254897599053387e-02,-1.052635479812616542e-01,-5.402267621110715123e-02,8.598998861444827335e-02,1.671712090811042495e-01,-1.067192309481267143e-02,4.494609747983892289e-02,1.414292604614344195e-01,6.785997453733498552e-02,-5.785827549992105141e-04,1.035616068634003101e-01,1.244775789087730483e-01,2.928539709257724569e-02,-3.534610922435743336e-03,-1.442520867145460628e-01,-1.856849566729528445e-01,-1.495268281269313271e-01,-9.266202817527285918e-02,1.733729269876140289e-01,-1.206147428334346759e-02,-2.275394262104442067e-01,2.042775455354613537e-03,1.226951762315265371e-01,-8.689060791984343224e-02,-1.517260079652166249e-01,7.421117277463880335e-02,5.270422243058263401e-02,-1.377388574171325708e-01,-1.057231075796991326e-01,-6.841071337972431943e-02,5.782341607887876711e-02,-1.324123167837219228e-01,-5.728961873106146879e-02,-1.456077378184255366e-01,-2.915107054138714113e-02
-2.505267235565195497e-05,-9.693947252869268560e-02,4.242633133605733242e-02,-3.709109533552173987e-02,7.622702753275724212e-03,1.000000000000000000e+00,-1.349352766342192811e-01,-9.994351927219883303e-01,9.995383487137086131e-01,-1.471192495617989204e-01,-4.398959929198489015e-03,2.824417296420933554e-04,-9.641571347505503708e-02,-6.090968102758039480e-03,-6.275204344009158164e-02,-1.397043948573357822e-03,-1.628665596455393105e-01,-1.421147500352626381e-01,1.056876373362907948e-02,-6.045896170336192890e-04,9.145938688841541431e-02,-1.067485600195743761e-01,-4.805824598908750578e-02,-2.719150052762476233e-01,-9.516238241252664154e-02,-7.768926674924124531e-02,9.123146980428807618e-02,-1.750220871835012904e-01,-6.973757752719095260e-02,-9.004323241934895916e-02,-1.752018365802165967e-01,-7.629193527327314539e-02,-1.017809136106411910e-01,2.354111507666734743e-02,9.995737942080344940e-01,9.319731182124632585e-03,-2.890132075827692160e-02,-9.219479127863949852e-02,-1.712479857322847868e-02,-3.420159799691740998e-02,-9.106514187842799923e-02,-7.490189380331571667e-02,2.176107387189408007e-02,1.074371310544953023e-01,7.064381950569791069e-02,-2.497069553336984937e-02,-9.994523692670407300e-01,4.140132893114744500e-02,-5.003156738441486007e-02,-2.434231044164305701e-03,-7.653335844426938095e-02,9.994968697424467807e-01,1.224014023748947518e-04,7.802381491465779084e-02,5.891936982182537086e-02,1.724465556979063452e-01,2.359982502431433749e-03,1.117278512952559638e-04,-7.071928621301403206e-01,4.113971623376269995e-03,3.183351659373829801e-01,2.041022254684117243e-01,8.531326973484869292e-02,1.819351368255557877e-01,-1.085114328120094368e-01,1.339395566434038905e-02,1.501700482586388330e-01,1.686303705546531306e-01,-2.705524953760071087e-04,4.519027837881398058e-02,2.131886335613837613e-01,8.353287065098954911e-02,-2.757645462639687559e-02,1.363194234766644530e-01,1.993915117754949118e-01,3.473291321315751662e-04,1.426430997857044101e-02,2.124381658055955746e-01,1.072581654997641909e-01,-9.142516690769000864e-02,1.367461964612278758e-01,7.492837105809805817e-03,2.116688517917409418e-01,1.574641525473107623e-02,7.050892434937101882e-02,-2.219772563187893399e-01,-1.631703305277950877e-01,-1.783010263476272547e-02,-3.039413664352948533e-02,-1.753939570437420270e-01,-1.322894759942276621e-01,-3.865692497936203988e-03,-7.816016628330005322e-02,-1.963146265872995067e-01,-6.252487169448513182e-02,2.387976751046430937e-02,1.451907466499331723e-01,2.321598988015095844e-01,-6.435478935244885734e-02,-2.229590798853028633e-01,1.199471913277190965e-01,1.997798078886989237e-01,-1.882299210886645147e-01,-1.095752898485707755e-01,2.406532390576917313e-01,4.582313750356799276e-02,-2.389661495341474928e-01,5.416591368459285766e-02,2.125710903246363914e-01,-2.940749096030294274e-03,4.635077251780148760e-02,1.345960190824549430e-01,4.577304517171369019e-02,-1.213828065707640326e-02,6.817833673451355152e-03,3.600988121513645779e-03
1.297799445162756832e-02,2.222013332061655716e-02,6.323104453866257302e-02,3.139094636376594805e-01,-6.018587182092344917e-02,-1.349352766342192811e-01,1.000000000000000000e+00,1.438480644971205924e-01,-1.445066511132624965e-01,2.910739792199747433e-01,-1.445495102813923807e-03,7.993453578594216999e-03,-9.579363448946910664e-02,-1.564493892106693989e-03,2.403678740194115093e-01,-1.339136678113808931e-01,1.455204394105530374e-01,3.503809847997826910e-01,2.955017033678240118e-02,9.494602295016359855e-03,-2.413094026070509157e-01,2.570795071262409470e-01,2.617167484177124193e-01,4.054842994887865593e-01,1.042688322042390481e-01,2.535217152122390405e-01,8.919563208201775062e-02,2.436269222990453120e-01,1.698105311762676817e-01,7.363522279981477014e-02,1.352262823743887732e-01,1.177699308472310476e-02,-1.478540197419510038e-01,4.196223886215783017e-02,-1.382006952995611659e-01,-2.216565943358515256e-01,-1.302768985563463877e-01,1.476780532592517903e-01,8.368269833658098511e-02,1.217778335289163433e-01,7.239076277692685357e-02,5.281249400469130439e-02,-3.115688545610207499e-02,-1.025087999801578970e-01,-3.576499323627260751e-03,-1.590492639819245380e-01,1.387340511331780213e-01,-2.077022769503791277e-01,-4.715427103698580785e-02,-1.260908002271574763e-02,8.703386109948581251e-02,-1.403898642504119720e-01,1.323132513317688483e-02,4.139104487830762291e-02,7.027972629413192784e-02,-1.291842483475355574e-01,-9.400579559463254423e-03,1.244369591439008736e-02,9.037585559930053081e-02,4.723693907248416313e-03,-4.057723881723336312e-01,-2.814825754554787229e-01,-2.672721349297749738e-01,-3.697600061434301866e-01,-5.092505571866263320e-02,-2.298623783253501973e-01,-3.165602007022477737e-01,1.227697004342991928e-03,7.465370410462818067e-03,-3.348793504361228246e-01,-2.224826114114140385e-01,1.121218075126420438e-01,-1.357134698554582353e-01,-3.744143213871706788e-01,-6.104927751986193030e-02,8.922085896378492698e-02,-2.954946324833026550e-01,-3.030681304196818360e-01,9.924281897177368583e-02,3.240107504076419342e-01,6.219197948081730404e-02,9.688039650135145398e-02,-1.602209629118737377e-01,2.215532094280976416e-01,-2.625384667755413792e-01,9.579930044266352085e-02,4.283186299874142677e-01,1.274821379374150021e-01,-2.517034484256478466e-01,1.250932903346563541e-01,4.206349224679544196e-01,-6.995383515186899548e-02,-2.077266212949216428e-01,3.227560915716080614e-01,3.201297089720137601e-01,1.865762883342379219e-01,8.307119775023638630e-02,-3.144734345602423486e-01,2.545658043906970924e-01,8.087473772073922040e-02,-3.774408926994817781e-01,-9.196818561017386373e-02,3.182991475872233300e-01,-1.620337524063813761e-01,-4.033504728074161494e-01,1.866426976369023882e-01,2.447677305967004280e-01,-3.742206934931668894e-01,-1.978375275662727639e-01,-1.431044299276846843e-01,-4.484041356222007169e-02,-3.127261278714705273e-01,-3.822912901477622943e-02,-9.279727077007374203e-02,1.541819361363630861e-02,-7.513277553953730259e-02
4.477997448511346172e-03,1.008685120427676163e-01,-3.831767615145971473e-02,4.594081025200760088e-02,-3.337160047180328369e-04,-9.994351927219883303e-01,1.438480644971205924e-01,1.000000000000000000e+00,-9.994688747432101117e-01,1.414902354529446460e-01,9.604588474247598390e-05,4.339051683938558585e-03,9.145579104868513387e-02,1.641192620033331837e-03,7.487117625729423909e-02,7.182851697673043982e-03,1.610869292140455489e-01,1.466739596082874686e-01,-3.609042460515575132e-03,5.094314317973679465e-03,-8.620301941828342751e-02,1.178352229188769779e-01,5.380264785356051599e-02,2.822952149154976942e-01,1.085492263769945592e-01,8.039584202056386519e-02,-9.680770569849550533e-02,1.728471512231221918e-01,7.098565366028081192e-02,9.901023792063874673e-02,1.764657512324101507e-01,8.708529337681072957e-02,1.104084864644868103e-01,-1.392883398833456333e-02,-9.994000125837565474e-01,-4.770144885715580339e-03,2.081678479778611632e-02,8.970820018110080285e-02,1.848380417560177569e-02,3.435418551447645685e-02,8.827985201404353610e-02,7.062392299973879739e-02,-2.780555785932005072e-02,-1.099182172479074987e-01,-7.260772674275739469e-02,2.279517075668808027e-02,9.994085687235281235e-01,-4.394664599429581875e-02,4.980232594408851715e-02,-2.103010541562994311e-03,7.292787045272261515e-02,-9.995341549661613811e-01,4.269554375810208531e-03,-7.957951532629206626e-02,-6.261246829973120265e-02,-1.755820530029786053e-01,-6.792295115825856995e-03,4.328973804632616461e-03,7.040836336276197205e-01,3.819934943006924591e-04,-3.264271894103170646e-01,-2.012978300606437787e-01,-8.545286072328836524e-02,-1.812961471043153805e-01,1.194180681469499544e-01,-1.491295841248017028e-02,-1.482138329091920170e-01,-1.787341358646921119e-01,-8.706877941344072155e-03,-4.296581996660311931e-02,-2.164187902130021712e-01,-9.505752828863418824e-02,2.334800016760264427e-02,-1.343371907389509512e-01,-2.071858231138985484e-01,-1.048377380968495629e-02,-1.430798086992712131e-02,-2.146147212699112683e-01,-1.178010966550049610e-01,8.679345709331470760e-02,-1.386484233327049120e-01,9.269104727914207875e-04,-2.156867376695898730e-01,-1.168220335035861750e-02,-6.494281769704932095e-02,2.306079050982773049e-01,1.662945228606273196e-01,2.730170303151088426e-02,3.690427727065356128e-02,1.754532350999635781e-01,1.377207312651553828e-01,1.404082529212065562e-02,8.026747958771708602e-02,1.970964799302916959e-01,6.985673538905584623e-02,-3.281764179824990524e-02,-1.537549494273566797e-01,-2.439788263116391964e-01,5.754725600740887015e-02,2.288145857452016374e-01,-1.245664538966541057e-01,-2.142458822421988152e-01,1.878419591145164824e-01,1.145094399299455418e-01,-2.512992234992055263e-01,-5.519694556635765248e-02,2.435519004976052782e-01,-5.631154841606586525e-02,-2.257528605872062000e-01,-5.907193619468672358e-03,-5.521873547312342728e-02,-1.435266411205199377e-01,-5.337967075095227665e-02,6.900065900438317155e-03,-1.171176137314702999e-02,-7.126041759800525940e-03
-1.153813901382732621e-03,-9.403897247935202874e-02,4.514062636319515764e-02,-3.990769320576716128e-02,8.823096682171982855e-03,9.995383487137086131e-01,-1.445066511132624965e-01,-9.994688747432101117e-01,1.000000000000000000e+00,-1.500541615775876636e-01,-3.431777625638838917e-03,-7.118649697196424622e-04,-8.477737932499740392e-02,-5.094697242213632425e-03,-6.549151303961754655e-02,9.255513317278763960e-03,-1.644717364922423375e-01,-1.496404267669049215e-01,1.900597351107027183e-02,-1.584044062860435554e-03,1.010006394472217905e-01,-1.063491028459706278e-01,-5.709013271620402147e-02,-2.788223361361097385e-01,-9.308670878914890312e-02,-8.892170067609328488e-02,8.146950898403378105e-02,-1.835476891787011233e-01,-7.228016035226822456e-02,-9.006735745857395725e-02,-1.783476440461016499e-01,-7.651235684153412375e-02,-1.004635426861317099e-01,2.345888519660367655e-02,9.995063016565913783e-01,1.242100411988293629e-02,-2.689881982601407054e-02,-9.638136677380272632e-02,-2.241051183617619874e-02,-3.861614784348004620e-02,-9.264774143418942620e-02,-7.307229207322846198e-02,2.457578013077570817e-02,1.103936034383802278e-01,6.955624236141516592e-02,-2.251544083319988870e-02,-9.994282761002030169e-01,4.286533866564699868e-02,-4.832939539124778139e-02,-1.226935613852382732e-03,-7.131759675559437572e-02,9.995289014720851739e-01,-1.049820255843884192e-03,8.221947486418292039e-02,6.062974337998978253e-02,1.772751713787386885e-01,3.534057217365384109e-03,-9.933095840967927966e-04,-7.063656353411941202e-01,3.128005725237904561e-03,3.243219322374988334e-01,2.114461043053456890e-01,9.757261456929386401e-02,1.898452348150361513e-01,-1.005288755841735049e-01,2.445657546673544666e-02,1.490618853654575304e-01,1.601460082325418255e-01,5.582291984039505772e-03,5.372459482562040589e-02,2.063372582276723488e-01,7.918864426638023979e-02,-1.726710027317670745e-02,1.388751104384976509e-01,1.904627123272026601e-01,2.921461377689527853e-03,2.426789891447451303e-02,2.081323191832039898e-01,1.008224352975182203e-01,-9.359555631491553451e-02,1.261403871912350483e-01,-2.313611211446657469e-04,2.049589556702330895e-01,3.928700049480790372e-03,7.444057283181652884e-02,-2.148971110469967138e-01,-1.700768233950002151e-01,-2.456227147899139526e-02,-2.133965008294137766e-02,-1.678870676450917310e-01,-1.409664909160353863e-01,-4.758501490194560340e-03,-6.592285862573807331e-02,-1.958003022763065981e-01,-7.261762881369301925e-02,1.818200402525617376e-02,1.348934467266909853e-01,2.324204463072445381e-01,-6.791169093616801489e-02,-2.139558411011050487e-01,1.303333176884499400e-01,1.996109639765020760e-01,-1.874964393395629758e-01,-9.871676607559147498e-02,2.440688350940923568e-01,4.029228625196810964e-02,-2.335686232151303887e-01,6.437149874065806188e-02,2.117695831508782378e-01,3.583727512408218813e-03,4.664235952581073652e-02,1.386160629406142930e-01,4.686828823485449103e-02,-1.388027222704333978e-02,5.320342279757703588e-03,3.096479247484069768e-03
-1.434104272099380462e-01,-1.504195145510120457e-01,-1.509120222438605774e-01,-7.169835231154245148e-02,2.255552900485038523e-02,-1.471192495617989204e-01,2.910739792199747433e-01,1.414902354529446460e-01,-1.500541615775876636e-01,1.000000000000000000e+00,1.435242345740790071e-01,-1.534817012510251710e-01,5.790208137597098181e-01,1.558250850418465283e-01,-3.729100363885141656e-01,2.084935557796288585e-02,6.669669744078075002e-01,1.779601191831177709e-01,-3.366030018540736579e-01,-1.411835072954444881e-01,-4.403768302187056061e-01,-3.242626635611115526e-01,-1.768262649748032767e-01,2.067991555882499610e-01,-4.281059181514056955e-01,8.981708910157190640e-02,8.961529213497443358e-02,5.271916665196273444e-01,-7.427375510760234056e-02,-1.019354406674744529e-01,1.805713405509520864e-01,-1.393951247178071284e-01,-9.973819164189348663e-02,-1.859177564568896268e-01,-1.500327908973339286e-01,-4.661116560718409768e-02,1.903576505629957505e-01,1.718505632109915138e-01,1.076852075001606263e-01,5.072672921172737687e-02,2.176981179548033440e-01,1.993220302147421519e-01,9.558209749498419727e-02,-1.187081580821102988e-01,2.435336720886294992e-01,1.137273508100044711e-01,1.546669491770936156e-01,1.569854498481845217e-01,1.470994129494500036e-01,1.458091993984257650e-01,1.213740860986619041e-01,-1.502273709555937697e-01,-1.398562216272440928e-01,-6.807244980344760721e-02,5.195513405454521561e-02,-2.692847465867056478e-01,1.422990282013645580e-01,-1.437591900052483662e-01,1.988555861095374078e-01,-1.518825821997417391e-01,-3.955794070233800697e-01,-7.046724008531937145e-01,-2.164655895142499065e-01,-6.251409853299436659e-01,-3.768392868817174168e-01,-1.307016436572505935e-01,-7.268520509099305471e-01,2.052440984898711296e-01,5.121244380375740146e-01,-5.273286383630195751e-01,-4.572566816118380228e-01,5.698195436369489775e-01,1.554391752426577678e-01,-7.301744704556530907e-01,-9.176254268602244621e-03,6.383973934937626771e-01,-3.064091929372537160e-01,-5.567952988320158392e-01,4.653279251909841485e-01,7.358785914905884296e-01,-6.801743038179584866e-02,-3.837324470581067737e-01,-4.347515399603812392e-01,-6.869258974130448836e-02,-7.638698770067905430e-01,1.356224666197798356e-01,6.136822035705111755e-01,-4.297483024650420314e-01,-5.662919717496112115e-01,5.243283130066808129e-01,3.800807122876073141e-01,-6.756346168632288984e-01,-1.518655116912311365e-01,7.217120134520125241e-01,-7.223668304914587432e-03,6.623687531492739033e-01,2.593541148991151402e-01,-8.885289236221748099e-02,7.713485777520184827e-01,2.508239312082781169e-01,-3.734534345087803797e-01,2.025589851569032651e-01,7.321371002710541642e-01,-2.216821409232184736e-01,-2.776292359515956099e-01,6.285109630899966549e-01,4.679146934034322802e-01,-3.702165674970804288e-01,1.189458180765851636e-01,3.234611146476159549e-01,3.718282055652661344e-01,2.286124995141480126e-02,2.436014074733618695e-01,2.230931544448090664e-01,2.096935584499479699e-01,6.512949727904539243e-02
-9.994466708447851122e-01,-5.000063639389087933e-02,-7.942682132306348730e-02,-8.531197524986748604e-02,-3.180970279953589108e-02,-4.398959929198489015e-03,-1.445495102813923807e-03,9.604588474247598390e-05,-3.431777625638838917e-03,1.435242345740790071e-01,1.000000000000000000e+00,-9.994876435888548905e-01,7.648508551116775522e-02,9.998082484432988526e-01,-5.749737137050320301e-02,1.682769889158587662e-02,7.320307171975776184e-02,-6.176260989592447653e-02,-8.908044673657995738e-02,-9.996660326152913001e-01,-1.791213494378833190e-02,-9.234826524382172552e-02,-1.241776644892197135e-01,-4.286885988985297824e-02,-1.153864541657609183e-01,-9.094644281936851982e-02,-5.831631632999061815e-02,1.755618627187553460e-01,-8.902667021037877215e-02,2.430026321792433733e-02,-1.208570715837488721e-02,-3.383585645307162632e-02,-5.794147937355415001e-02,-1.008246395051863309e-01,-5.909874714430519808e-03,-1.905845296916755874e-02,8.669550726623924397e-02,6.025627754186477572e-03,2.700668887879980815e-02,-6.882695944749001125e-05,1.242313212388371224e-02,5.541877996479806223e-02,1.189372258888771600e-01,1.934138751137015333e-01,1.570506642990215918e-01,1.151242166401958006e-01,6.035115698814091413e-03,1.951815338535961286e-01,1.210884019671274875e-01,9.993610181650348645e-01,-5.689890895217240147e-02,-6.306910705151987789e-03,-9.995063252791374087e-01,-1.403911448201302925e-01,-9.076313980694005953e-03,-9.700140693470282738e-02,9.994381321727892065e-01,-9.995113680016322055e-01,7.096779048140265944e-01,-9.997045384983563876e-01,-1.741268736511099313e-02,-9.556337773913897715e-02,8.731914661618858653e-02,-7.926218790979707579e-03,1.460086458069806024e-03,1.768707026339459351e-02,-1.142400248675994601e-01,-1.774203019500739456e-02,8.214713256124345220e-02,-4.904887243243073042e-02,-9.257265278512856466e-02,5.067981805005174201e-02,4.558002641153808404e-02,-9.887004288627068704e-02,-4.120428746767558492e-02,8.125904584243712203e-02,-1.783131922795130886e-02,-9.660363089109230694e-02,3.052761696311104625e-02,9.454543657234545928e-02,-3.114534509629820688e-02,-5.985921226164243186e-02,-8.524592924640789215e-02,-6.862829747248318756e-03,-1.160113681620644766e-01,4.274602973042857662e-02,1.062735668054911181e-01,-6.984009879813259103e-02,-7.523300175900020370e-02,1.009413795156543364e-01,6.268019177302411316e-02,-1.025594399564626474e-01,-1.064288252126063990e-02,1.302523459787346682e-01,-2.232745818467101774e-03,9.418377036606728758e-02,2.350585544317321599e-02,-2.988807426942517720e-02,1.223584128171114893e-01,6.366845994379721763e-02,-8.892072093803017607e-02,-1.462643703999535159e-02,1.205070092558869210e-01,-8.908776206544717288e-03,-5.689641106268351206e-02,7.173225734487262417e-02,9.175708545679332750e-02,-4.232033608475292696e-02,-2.585929260376387470e-02,1.050750865923008037e-01,8.257466670910154627e-02,1.004507104609909524e-01,1.071209788574813970e-01,1.424384190253285276e-01,1.184604427286680001e-01,6.906081217897465374e-02
9.995378149903288989e-01,5.574719033512446492e-02,8.519661398050067114e-02,9.415650502438183134e-02,3.539449780865325246e-02,2.824417296420933554e-04,7.993453578594216999e-03,4.339051683938558585e-03,-7.118649697196424622e-04,-1.534817012510251710e-01,-9.994876435888548905e-01,1.000000000000000000e+00,-8.617367136322066912e-02,-9.997611196268539890e-01,7.960465979460575048e-02,-8.946517050496000795e-03,-8.049673391927411603e-02,7.024271626643828481e-02,1.050198849046339450e-01,9.996994508230212517e-01,2.305421530612338996e-02,1.123145071072634144e-01,1.349402836353006951e-01,5.778779348354197432e-02,1.343587918705735074e-01,9.657233599820293224e-02,5.177634932821650882e-02,-1.794749111408237008e-01,9.983237295008995371e-02,-1.433681363344975306e-02,1.520533535493327065e-02,4.445530290260994721e-02,6.610745355715187677e-02,1.096302344275010138e-01,1.834586391298879396e-03,2.173180457518901834e-02,-9.457513971910906647e-02,-5.882658807074541557e-03,-2.637467791017585050e-02,1.665050472948944064e-03,-1.208486236904452067e-02,-5.847542430696933691e-02,-1.236658492953043031e-01,-1.954424309088449718e-01,-1.637194404940164327e-01,-1.211078025120178453e-01,-1.947732290408338198e-03,-2.014193753321621427e-01,-1.239590509938749557e-01,-9.995055369731637995e-01,5.262551356754480159e-02,2.081806592816108116e-03,9.993697577395104226e-01,1.378753909882284023e-01,6.860720460397936628e-03,9.312345320129353232e-02,-9.994312120172328395e-01,9.995318787221394441e-01,-7.066149370081675762e-01,9.997865159275802771e-01,6.116889134685866980e-03,1.000717908854377447e-01,-9.032183680732785991e-02,7.570820563033170240e-03,1.116866209202796098e-02,-2.424607839528903144e-02,1.170086906786243219e-01,6.840815999012208985e-03,-9.684435927977377845e-02,4.807158943881041646e-02,9.005407962655231913e-02,-6.451090860965624785e-02,-5.568841334807193150e-02,9.963891851237068054e-02,3.348146519354300299e-02,-9.581517894817498382e-02,1.293773597470097153e-02,9.417531278376857495e-02,-4.202447432545063782e-02,-9.893580593472640905e-02,3.275592761855857654e-02,7.497622443753064470e-02,8.279384741100889733e-02,1.647828787428991942e-02,1.237520949273444026e-01,-3.466896542257996705e-02,-1.003063631746428652e-01,8.659090883614685430e-02,8.159666891984561354e-02,-1.038964476171126000e-01,-5.176053119338387687e-02,1.180635127577577825e-01,9.497960610548935798e-03,-1.297393749346383574e-01,1.653750979967927304e-02,-1.056162444138775275e-01,-3.299719623805540819e-02,1.165557905780653485e-02,-1.311612723182868367e-01,-5.846970945999041547e-02,8.002574074468743470e-02,-3.019124315680775557e-03,-1.215842311868243764e-01,1.142265728376372358e-02,4.090248667494769674e-02,-8.282073611449400352e-02,-8.771905966698194390e-02,3.566624666660451332e-02,8.169098136427145260e-03,-1.199251728062205730e-01,-9.597827856264315449e-02,-1.114961146469172076e-01,-1.188092421790506725e-01,-1.503818019461571898e-01,-1.258617933791439658e-01,-7.494467632576143346e-02
-8.755098596995307403e-02,-4.020736435242526496e-02,-9.573384520659761199e-02,-1.589423064996121071e-01,1.781068385879484572e-01,-9.641571347505503708e-02,-9.579363448946910664e-02,9.145579104868513387e-02,-8.477737932499740392e-02,5.790208137597098181e-01,7.648508551116775522e-02,-8.617367136322066912e-02,1.000000000000000000e+00,8.697499051118263991e-02,-5.284606557760023193e-01,4.339961592531192403e-01,4.954758362740142030e-01,-3.144476685420063977e-01,-3.052362134285913076e-02,-7.587636998333498195e-02,1.586310807551713498e-01,-3.323390010022923557e-01,-6.202284305965597433e-01,-1.455033382266530950e-01,-2.250588657693433914e-01,-4.909001183936557156e-01,-4.095576831397240158e-01,3.195005527832490977e-02,-3.279815853072882703e-01,2.997550147887513734e-03,3.983817562520311495e-02,-1.331264711726404953e-02,2.446260113932452115e-02,-9.736925066333966539e-02,-9.838875753732476137e-02,1.394787097957387034e-01,1.769805600877594753e-01,-4.544195322846156238e-02,-4.522134945307147713e-02,-1.173545520929121094e-01,7.482178284746258956e-02,1.465925404341212879e-01,1.190275816326897690e-01,1.884685185262103407e-02,2.393014024454361011e-01,3.493270979236855478e-01,1.029315627953172052e-01,2.923391419060886176e-01,3.342457993495064894e-01,9.186417971317711872e-02,1.873779426999604147e-01,-9.722419342824155375e-02,-8.607144089705828782e-02,2.092222089147089195e-02,1.495995096729476877e-04,-7.558982177866750696e-02,8.874678204297969941e-02,-8.718654643587800401e-02,1.248331906496003563e-01,-8.445136863470911748e-02,-6.317494797934219974e-02,-2.452178852268131481e-01,4.509192855315310999e-01,-6.456370267381066064e-02,1.605924249965080264e-01,5.074711109058440694e-01,-5.573280547376293637e-01,-3.340066023045845101e-01,6.547891873656092043e-01,1.213614042631037671e-01,-6.825325298166374788e-01,1.215615326826985781e-01,6.647341725666119361e-01,-3.409227655117599287e-01,-5.092956083171443771e-01,5.429748704865177134e-01,3.577751199263566884e-01,-6.114324868019004322e-01,-7.670104121432154420e-02,3.526808706970328555e-01,-6.423367146068355016e-01,-6.636078278833263955e-01,-6.885826820360404499e-01,-6.423749612557498878e-01,-3.447114299905140178e-01,5.239615181320553816e-01,9.735236569648675342e-02,-6.557341904528085630e-01,8.551843779266668499e-02,7.688705686827943531e-01,-1.838758644649847451e-01,-5.127039153895248669e-01,5.373871539882838499e-01,5.370660156372589755e-01,-5.298129030930596173e-01,1.558583977325660452e-01,-3.496005550840444731e-01,-2.911226964104618106e-02,3.429551901246863932e-01,6.515461743226638180e-01,2.446411640164154466e-01,3.209671326657125706e-02,5.567631501939159788e-01,4.512168653123007078e-01,-4.626454762972913304e-02,1.094700255300373598e-01,6.384917924000657052e-01,2.900911403493964813e-01,-2.787066828496855345e-02,5.617821605313232380e-01,2.304124596149982607e-01,1.286535642085613329e-01,2.199063648932391979e-01,1.535085600666521444e-01,6.367909890925557703e-02,5.045202068811592555e-02
