1.000000000000000000e+00,5.519482407093030396e-01,7.348174378010609020e-01,7.392868438685560317e-01,4.479517429880724433e-01,6.384005508156176401e-01,6.926150401659308953e-01,5.806031371453161949e-01,4.981326036469801988e-01,-1.495390918385051393e-01,3.923989330531020836e-01,-2.415184012982422301e-01,5.902632712982511798e-01,5.740554423377542959e-01,6.915846696225508294e-01,4.599970377562642709e-01,6.461714962315610045e-01,6.207825645570235196e-01,-1.519401199318725360e-01,3.228718127413667260e-01,-1.835579795324325247e-01,-4.978623667625913241e-01,-4.331949725480267466e-01,-6.915738029100679807e-01,-4.727536421423677582e-01,-7.385490551387140501e-01,-1.786723756216833381e-01,-7.074432000628412265e-01,-4.552615836802797467e-01,-6.877694500321914761e-01,-1.879545176935067952e-01,-6.432049777406779745e-01,-1.599515447119383149e-01,-1.358004751437519586e-01,3.299157419705112670e-01,5.571143595537998428e-01,-2.682219982388925894e-01,-1.982638155988364695e-02,-4.917532481905392827e-01,-3.190366701575320652e-01,-3.038554581452619294e-02,3.486111831707462416e-01,-1.616908535149582382e-01,-2.891759333852923497e-01,-1.851072889261358434e-01,5.742457168474850437e-01,2.429312884140774065e-01,-1.601733915245766304e-01,2.240048567428317219e-02,9.816518695676175466e-02,-5.244401247740505534e-01,-4.002578869899303671e-01,1.400900843786712091e-01,-5.046677805506553094e-01,6.623959460163411639e-02,-6.140879739670116466e-01,-3.533096629387492138e-01,-5.966232981447924244e-01,-2.395226481389731987e-01,-1.114752724256757727e-01,-2.802033723933271547e-01,-4.670430269440745685e-01,-2.559919629860205603e-01,-4.346975683499836873e-01,-2.528490960296024270e-01,-3.859022224920270749e-02,2.612880510863309080e-01,1.146491526335076053e-04,-1.692289050805393658e-01,-4.636435515658795525e-01,-3.403801759428369822e-01,-2.655727203665051439e-01,-1.548629932554286548e-01,-1.704155791413345666e-01,-2.391375580428153902e-01,-5.249281277233995846e-01,-2.925829833143165359e-01,-5.586450989176084958e-01
5.519482407093030396e-01,1.000000000000000000e+00,5.146784838396166739e-01,7.200393791780159702e-01,7.799884982280853585e-01,3.290810213991647859e-01,7.003183272829504036e-01,5.044955773364006024e-01,3.326520240485718038e-01,-5.254099682532017423e-01,-3.311564204932501872e-03,-5.879110429025778961e-01,3.792917675788320397e-01,6.420831435329683590e-01,3.928560098596595718e-01,5.540013238070570223e-01,7.823642185238450786e-01,3.278788872516769093e-01,-6.701888196893809324e-01,-3.852829446432036176e-01,-4.905271106784300783e-01,-2.541200291758245466e-01,-6.713243283368770520e-01,-6.399838244710622792e-01,5.557864066197411301e-02,-5.312433623899434076e-01,2.147218366673948053e-01,-7.040416866376191241e-01,-3.875030737758873856e-01,-5.072122046462668177e-01,3.583864900210488869e-01,3.023141228059450687e-03,4.277553942946066279e-01,4.240102565733409046e-01,5.712007195466201059e-01,7.706778530618483281e-01,3.082755399357215431e-01,1.582306625051749793e-01,-5.365041206037002297e-02,-2.202455262201888364e-01,-4.207361475481636859e-01,4.277845454352883214e-01,-3.321073528886205883e-01,-5.395310970761716535e-02,-1.693359635054580981e-01,5.179343159051165157e-01,5.869485381701670113e-01,-7.442658240858145147e-02,3.712841475457103607e-02,-4.534567432685604471e-01,-5.212885745792869008e-01,-7.837163978802533792e-01,-3.589542974138086318e-01,-8.393766314759295577e-01,-5.208977864532772228e-01,-4.633618955601417344e-01,-7.396867228347856482e-01,-6.986419286054120770e-01,-6.207808234819663928e-01,-6.257569627364059084e-01,-4.918696283204770370e-01,-5.358745896991149449e-01,-4.514241977924296489e-01,-4.173370810819144183e-01,-5.995308462661896876e-01,-4.774244772973084694e-01,-1.965852009769479825e-01,-4.200072907565509106e-01,-3.214797309346740795e-01,-4.601043859642773293e-01,-6.029150119266410979e-01,-7.148192971738436263e-01,-6.684611878799088247e-01,-4.899031391039093686e-01,-7.200916812956639212e-01,-5.661790621723847838e-01,-4.708100718975442162e-02,7.944913547599598280e-02
7.348174378010609020e-01,5.146784838396166739e-01,1.000000000000000000e+00,5.843060229882121037e-01,6.367820801281726117e-01,7.875569449564396862e-01,6.193005246585144841e-01,6.169512205907977664e-01,4.163217193351871348e-01,-6.773920410583259000e-02,4.574582093433355867e-01,-1.924195448821131374e-02,4.170814982351169209e-01,3.110624057903261797e-01,5.646368363085330078e-01,1.949203308926795442e-01,6.984690619801080524e-01,3.605694992689343348e-01,-4.346316274405073177e-01,3.241739209193887361e-01,-4.622719707557780833e-01,-8.003794888607252966e-01,-6.930573477382199199e-01,-6.225375632796090741e-01,-5.990030070924672323e-01,-6.809633841138723609e-01,-3.145223774734018374e-01,-5.649166517666783793e-01,-6.228535720608270321e-01,-6.612672454318562210e-01,-3.100615259279717595e-01,-5.861455067767856741e-01,1.470251782218844755e-02,-3.238492192407114723e-01,5.139444709423913737e-01,4.378160955100426910e-01,-3.555239182653481822e-01,-3.284799652420156146e-01,-5.987410264158437023e-01,-1.817065453121572902e-02,2.486615745580074144e-01,6.218772598980885080e-01,1.953353316355612157e-01,2.179356405902691321e-02,1.436106178813783552e-01,7.684990236314684919e-01,4.938768464782147816e-01,2.015372513488431286e-02,3.642282180804940483e-01,2.501635964560972591e-01,-3.819378253175752524e-01,-3.137517414176244079e-01,2.188807618322195780e-01,-3.568567321497734257e-01,1.265293223768979569e-01,-2.813363172804325685e-01,-4.210128361448461920e-01,-6.022916396999210553e-01,-3.587185418120041325e-01,-3.138309754282659902e-01,-3.552721810002263947e-01,-2.112897237523176930e-01,5.827583611330869329e-02,-1.024309808023128182e-01,-7.993846079107519431e-02,-5.145001850000325942e-03,3.060758503757254889e-01,2.133428499426269498e-01,3.640692804173865926e-02,-3.972649767906222262e-01,-2.632562426567043312e-01,-3.158790498851588024e-01,-2.272258711772327452e-02,-6.018443470203282269e-02,-1.689462596084461699e-01,-3.285125842106255689e-01,3.374498241317185065e-02,-5.245675213884237742e-01
7.392868438685560317e-01,7.200393791780159702e-01,5.843060229882121037e-01,1.000000000000000000e+00,5.719294296578634196e-01,6.168892571298779659e-01,8.137903971257477442e-01,5.171933204721448352e-01,6.031018149520767091e-01,-2.747015819405906889e-01,2.576603730798726621e-01,-3.597444730526598855e-01,7.262301652350118264e-01,7.730175764056583798e-01,7.863614445601946334e-01,7.531881865500473783e-01,7.786225214826009156e-01,7.706990024975955977e-01,-2.932767251145820264e-01,6.197203535614560777e-02,-1.884762613056971403e-01,-3.438267052162995996e-01,-4.332717554243426528e-01,-8.439382288270997901e-01,-2.746024848694616494e-01,-7.992027155477637868e-01,-1.628107155154081831e-01,-8.348550936706053971e-01,-3.371820698428863450e-01,-7.249290642297721021e-01,2.067713430702376384e-02,-4.435248352959811902e-01,-1.211019956191336649e-01,2.050644136722890032e-01,3.453439933121172922e-01,7.728900354518996041e-01,-4.111138511020935582e-02,2.570947433897764478e-01,-3.316209519417147589e-01,-5.803737268373856395e-01,-4.308513289650191536e-01,2.995878557693873456e-01,-5.025496933194845139e-01,-3.441817718112500368e-01,-4.483500410715332007e-01,5.656343916961261709e-01,2.417834252739910206e-01,-3.738391539491247584e-01,-1.949209330951093833e-01,-1.162748686755507160e-01,-7.420299137228583142e-01,-6.111733322717203265e-01,5.800812563668141658e-02,-7.214680095557964856e-01,-2.938992999632162872e-01,-7.082006716914434064e-01,-6.014821560116645482e-01,-7.862192345538193683e-01,-3.381247302564046597e-01,-3.257474191480891346e-01,-2.531343923749145297e-01,-6.875417885296868370e-01,-5.790930573953874116e-01,-6.733414513944669944e-01,-6.111806964909352047e-01,-3.335239420295120771e-01,-3.575576552913097700e-02,-3.784601239119847471e-01,-3.562552008091982580e-01,-5.963626974453679619e-01,-5.976086408422222052e-01,-6.000152790158286287e-01,-5.036674903352366117e-01,-5.112256940854005283e-01,-6.059246784443835798e-01,-8.121422623814262831e-01,-4.778167314860999326e-01,-2.695248827758991994e-01
4.479517429880724433e-01,7.799884982280853585e-01,6.367820801281726117e-01,5.719294296578634196e-01,1.000000000000000000e+00,5.127512181642276401e-01,5.973241676996475791e-01,6.380573696795479588e-01,3.193127133830103159e-01,-5.537297807332074440e-01,1.209973826476944958e-01,-4.471477624136104279e-01,2.119671525112193922e-01,3.532325368684828826e-01,2.636311730099663575e-01,2.202083473715021333e-01,7.766533276808222919e-01,1.251058080521781357e-01,-8.424314121927178878e-01,-3.009190326927312364e-01,-7.441347372640538804e-01,-5.404741739977813042e-01,-8.872541863170463339e-01,-5.654195248272662067e-01,-1.193946869068176070e-01,-4.809718152797399782e-01,1.802610072166005439e-01,-6.312279768561721571e-01,-6.503919368124952971e-01,-5.450168807044254438e-01,2.293350743880590015e-01,-5.159731275332385403e-02,5.138232788625427538e-01,2.354767735826836794e-01,8.131194869118446578e-01,7.110157811004212958e-01,1.639019852618080475e-01,-1.756115102300477848e-01,-2.403878987102576192e-01,8.999728592881946210e-02,-8.399222736873179773e-02,7.432700149750260943e-01,2.808754033853820553e-02,1.936419163267310006e-01,2.507341135594099435e-01,7.283829013460673130e-01,8.135678205333317647e-01,2.664474752585325179e-01,3.947565926961806304e-01,-2.114518199889092176e-01,-2.674074611613057595e-01,-6.477184876568333749e-01,-2.770882409050246520e-01,-7.060088673165558770e-01,-3.329051731517753687e-01,-3.003826472848376561e-01,-7.963716961639084602e-01,-6.017998239777363478e-01,-7.738878135541107373e-01,-5.960110753475075240e-01,-6.749829967245526419e-01,-4.099396744026223005e-01,-1.316833387139559330e-01,-1.383623623875611386e-01,-4.159934481029914921e-01,-5.094671990261632200e-01,-1.604033497051262080e-01,-2.099240609846342587e-01,1.010462930426118044e-03,-1.703729022531640935e-01,-3.095422684977279237e-01,-5.708186463985983616e-01,-5.421356615148301694e-01,-1.927240646609601760e-01,-6.477818515159413648e-01,-4.277817038301732211e-01,2.013140933734989257e-01,5.982336232355938560e-02
6.384005508156176401e-01,3.290810213991647859e-01,7.875569449564396862e-01,6.168892571298779659e-01,5.127512181642276401e-01,1.000000000000000000e+00,5.847491709497356638e-01,7.092405658610027031e-01,6.669506127576244614e-01,3.444494944218173121e-02,6.664300096048848543e-01,1.565745084309132507e-01,5.872630410285402114e-01,2.727500243727796758e-01,6.915419901023545091e-01,2.267818852047837896e-01,6.702937469501852874e-01,5.881221708563098005e-01,-2.670298621943635875e-01,5.511389795436683059e-01,-3.410219329712018133e-01,-8.363477186185405143e-01,-5.656194339327017540e-01,-7.232272004007367361e-01,-7.765992810627592169e-01,-7.862511444238777791e-01,-5.511247235943035339e-01,-5.836518698761894441e-01,-6.467344539017458871e-01,-7.811688898527543445e-01,-5.489965294481724545e-01,-7.441757505267458939e-01,-2.311655575740075574e-01,-4.298934879288291988e-01,4.200850691348702592e-01,4.013492757335113126e-01,-5.796936702947474984e-01,-3.468910802944738525e-01,-7.545286583713437523e-01,-2.424790003590522047e-01,2.325949685366180686e-01,5.642181881338729221e-01,1.146931387198159985e-01,2.370254075175923236e-02,3.508836406373475048e-02,7.442787810756466005e-01,3.134761080299036662e-01,-1.633002126330487455e-03,2.592031969008253833e-01,4.477519005009240050e-01,-4.389695347959632898e-01,-9.895837810248059307e-02,4.915453419365495291e-01,-2.118565722733375400e-01,2.223866762765391858e-01,-3.826833277312119974e-01,-2.661796083943341329e-01,-5.808649364776657942e-01,-2.757720895669795169e-01,-2.256430192241005439e-01,-3.311474019798946733e-01,-4.155763988426416367e-01,3.190292059563705485e-02,-2.460428705547484107e-01,-9.167972054867112863e-02,-6.555007650439806377e-02,3.496924846571774492e-01,1.560633482818073736e-01,1.169393570460220549e-01,-3.641422409069215993e-01,-1.553881085005323348e-01,-2.596184439898838736e-01,9.474366499384088980e-02,-3.094304240673049697e-02,-1.649441179882522868e-01,-5.068163907614428032e-01,-2.239973429891922441e-01,-5.587419377557183431e-01
6.926150401659308953e-01,7.003183272829504036e-01,6.193005246585144841e-01,8.137903971257477442e-01,5.973241676996475791e-01,5.847491709497356638e-01,1.000000000000000000e+00,6.171678696563231981e-01,6.702933918794018453e-01,-1.429920770975796340e-01,2.968841776188210768e-01,-2.590041390292237566e-01,7.018384042799614697e-01,7.509647729563737606e-01,7.454870116915305323e-01,6.959868529473728360e-01,8.007578679454415704e-01,6.661507391000361933e-01,-4.357334180108645150e-01,-4.019232282470904666e-02,-3.001904148862230004e-01,-3.934779390611434224e-01,-5.445312216259177163e-01,-9.002813027280788249e-01,-3.092984008962047504e-01,-8.551147377753891554e-01,-2.043306734135419134e-01,-8.944520740386298074e-01,-3.837883034433828833e-01,-7.461928403397017906e-01,1.785806612674950902e-02,-4.293937057070571495e-01,-2.422128213802369687e-02,1.638417518717999732e-01,4.380191404272081312e-01,7.682388919254355963e-01,-1.115329216855762973e-01,1.797495687067020564e-01,-3.610228831458131005e-01,-4.941622508938358083e-01,-3.591139571406181674e-01,3.675744960682272300e-01,-3.975249552564408817e-01,-2.472267561316803253e-01,-3.214150101931459447e-01,6.178393989222333849e-01,3.393630628577597452e-01,-2.478684623621427163e-01,-1.221766612752287207e-01,-3.848416234671702546e-02,-7.114669560434014883e-01,-5.730817940192581839e-01,-3.724404831175229941e-02,-6.492332231588123781e-01,-3.423601566721979905e-01,-5.407318948108421619e-01,-5.912480824929083889e-01,-7.498691153244836372e-01,-4.398170359300690446e-01,-5.001329053439045325e-01,-3.545417371545581120e-01,-6.412133986793207008e-01,-5.606876014832580246e-01,-5.403030722837619537e-01,-5.217592705512242857e-01,-2.651684226332172711e-01,3.797330669228217350e-03,-2.891862537375383679e-01,-2.638339526811033231e-01,-6.430023353462320790e-01,-5.494863045425949499e-01,-4.993075496691404824e-01,-4.231622330522221143e-01,-4.165492172011023841e-01,-5.561395969612763501e-01,-6.897945502130375939e-01,-3.255527262686270795e-01,-2.482880425308934824e-01
5.806031371453161949e-01,5.044955773364006024e-01,6.169512205907977664e-01,5.171933204721448352e-01,6.380573696795479588e-01,7.092405658610027031e-01,6.171678696563231981e-01,1.000000000000000000e+00,6.722314621432249337e-01,-2.546387631163491982e-01,4.886929284519870853e-01,-6.939678553430539409e-02,4.529253316030646959e-01,2.879985922337800486e-01,5.050713840084952722e-01,2.006031082801204013e-01,7.246816765807180261e-01,3.688530846979377609e-01,-5.362611815848437047e-01,1.623681533718089876e-01,-6.575790860162061824e-01,-7.104013780987217253e-01,-7.585418569027186919e-01,-6.862427758582413384e-01,-5.333276471140502295e-01,-6.930623495337274731e-01,-2.126234301330073573e-01,-6.924741253286568199e-01,-8.260047538321453331e-01,-8.066153641363289495e-01,-2.716756461612208629e-01,-4.633457542720172406e-01,1.522914038712658291e-01,-1.051614638007190849e-01,6.952508866909764551e-01,6.033553166295703152e-01,-2.888522387896557131e-01,-3.332089839953343846e-01,-6.006440105065856683e-01,-9.523434953009463078e-02,1.544738974733339820e-01,7.048472968612737866e-01,9.310084757555499302e-02,1.021222931037127496e-01,1.591873451124983518e-01,7.929364110959170597e-01,6.048548924017936868e-01,2.784018422903047907e-01,4.106801441929601726e-01,2.067698996219838048e-01,-3.447095539235939810e-01,-2.770619769128914722e-01,1.024775955442129849e-01,-4.276473916875877523e-01,-7.053742208487442933e-02,-4.182153311163712139e-01,-4.193878308600706983e-01,-5.150442271914471570e-01,-6.094957201812746250e-01,-4.605649064524185987e-01,-6.962201970720078847e-01,-4.593628641613257124e-01,-1.114983027854672855e-02,-2.278755323342729344e-01,-2.238808081980281084e-01,-2.653892220906579613e-01,2.271938342445802839e-01,3.307347563237272858e-02,1.582537272290195085e-01,-2.639115020641124576e-01,-1.470347618489684927e-01,-2.780221225012975417e-01,-1.775436482619927869e-01,3.143748011625761840e-02,-3.768716167829966324e-01,-4.343298720535698765e-01,5.763729221565985598e-03,-2.563443951206171856e-01
4.981326036469801988e-01,3.326520240485718038e-01,4.163217193351871348e-01,6.031018149520767091e-01,3.193127133830103159e-01,6.669506127576244614e-01,6.702933918794018453e-01,6.722314621432249337e-01,1.000000000000000000e+00,2.193787662517943382e-01,7.451352638683136353e-01,2.331927008827293646e-01,7.712606479213475197e-01,3.650384867346395112e-01,7.212988775930661012e-01,4.545163073133569598e-01,6.125697282913615815e-01,6.966956055777580037e-01,-1.766278520103595484e-01,2.726720013864230019e-01,-1.565395237804831086e-01,-4.329587713002961968e-01,-3.553754664505234251e-01,-7.739521983076241840e-01,-6.231309962023846571e-01,-8.057398307028716955e-01,-5.846962222970959466e-01,-7.364169791609822546e-01,-5.217349453397082115e-01,-8.381616118623639311e-01,-4.594380194925314909e-01,-6.296091612475374077e-01,-1.643306373859493019e-01,-1.993642018770004354e-01,3.301155214317101350e-01,5.346082166247287937e-01,-5.559010520514611198e-01,-1.612896299186944993e-01,-7.077255455434890985e-01,-5.416455019875960897e-01,-1.061256780730516075e-01,3.513239455109565812e-01,-2.050200516610562462e-01,6.298953648877354990e-03,-2.364306150399069217e-01,6.006015794122168128e-01,1.572189315904681528e-01,-1.795889529145077157e-01,-1.074384334067589319e-01,3.175436968778495572e-01,-5.234493541905507197e-01,-1.065794989924654657e-01,2.909286431332982481e-01,-2.664092860040231936e-01,-6.197628578351321860e-02,-3.899576256167064381e-01,-2.482528775219824679e-01,-5.398645826896167899e-01,-2.845042618098417853e-01,-2.951502624055411528e-01,-2.728512245574427619e-01,-6.925393750748326527e-01,-2.557076342948940706e-01,-5.047248899459509941e-01,-2.630925777090479811e-01,-1.532316445061535914e-01,3.709783965039078479e-01,-9.716960136699100137e-02,-5.737719366113210734e-02,-4.977954228689439597e-01,-2.406433814901225987e-01,-3.999713317636249266e-01,-1.068507023959292673e-01,-2.825665896751002881e-01,-4.003952579516382726e-01,-6.845454161569298757e-01,-4.474210101497999026e-01,-2.226122635531896099e-01
-1.495390918385051393e-01,-5.254099682532017423e-01,-6.773920410583259000e-02,-2.747015819405906889e-01,-5.537297807332074440e-01,3.444494944218173121e-02,-1.429920770975796340e-01,-2.546387631163491982e-01,2.193787662517943382e-01,1.000000000000000000e+00,5.288775835894383714e-01,8.017509202725555673e-01,1.870368616168207321e-01,-2.986487771683456471e-01,1.025856703095945205e-01,-1.182752732100409848e-01,-3.094493044435785989e-01,1.023355637100486215e-01,4.540974591971679297e-01,4.113434788620847216e-01,4.881043851702814851e-01,2.530596523283886248e-02,4.226138844005760675e-01,1.169828478442337255e-01,-4.095012508990196198e-01,-5.068524991408738384e-02,-6.667843310278819269e-01,1.850242153542611123e-01,1.457826389595860417e-01,-1.504462102627779352e-03,-6.074768797623502081e-01,-3.846098634256071569e-01,-4.301200496066154844e-01,-5.782231978202508893e-01,-4.573751042448249704e-01,-4.534188051912775297e-01,-6.698583926884593698e-01,-2.323266645527532759e-01,-3.818689530806972376e-01,-1.973946732334144749e-01,2.503677789833723133e-01,-2.958960894872461056e-01,1.776044690558310490e-01,1.516420517967240755e-01,-1.341727736451366060e-01,-1.526804628736833369e-01,-4.982258982331868036e-01,-2.703535559604526295e-01,-2.472425965712151952e-01,5.511571901913026039e-01,1.015176005512858637e-01,5.755983203519261515e-01,4.315093545747691328e-01,6.233830117369643098e-01,4.125265427016718278e-01,4.211620652898036554e-01,5.414947265673043519e-01,2.461714118119764094e-01,5.087140590075690527e-01,2.074086860739855764e-01,4.920259299945092257e-01,2.041080877571735119e-01,2.455050688711108431e-01,1.005036139615972934e-01,4.820140476874999469e-01,5.917769572391547994e-01,6.173733476362335271e-01,3.985656350348241173e-01,-5.344398752595709264e-04,-1.590065095310589094e-01,1.652657694833319646e-01,2.161109126490301513e-01,5.786913974110956538e-01,2.240718465942551432e-02,4.479175254217456770e-01,1.526835273375027335e-01,-1.659586435756257861e-01,-2.593414357558488370e-01
3.923989330531020836e-01,-3.311564204932501872e-03,4.574582093433355867e-01,2.576603730798726621e-01,1.209973826476944958e-01,6.664300096048848543e-01,2.968841776188210768e-01,4.886929284519870853e-01,7.451352638683136353e-01,5.288775835894383714e-01,1.000000000000000000e+00,6.242391091658062718e-01,5.269755788776715466e-01,-1.324631364049490834e-01,4.588109134019690005e-01,-2.987995259155783526e-02,2.888160547893770524e-01,3.985820272608985859e-01,3.699956915693183163e-02,5.400884736644215867e-01,-5.891257837654616941e-02,-5.394646030297406414e-01,-2.481863361847217175e-01,-4.069355801884614876e-01,-8.187903038459138916e-01,-5.679926204342015117e-01,-7.331344163109752010e-01,-3.665920441296304233e-01,-5.771742876571049896e-01,-6.567320888777228305e-01,-7.575700654931272204e-01,-7.101234508497235032e-01,-2.199310986218016295e-01,-6.092899383779780687e-01,2.135409254139772339e-01,1.583815678460424314e-01,-8.483465571061764576e-01,-5.742141736446186862e-01,-8.883394794598951094e-01,-1.986199746681057976e-01,3.630827852503302200e-01,3.863813947503172974e-01,2.639703499727609759e-01,2.596121129434291741e-01,8.667342174373615649e-02,5.364867889610602791e-01,8.387054906450408520e-02,-6.340140415636734417e-02,1.072955858675923024e-01,6.527067652171608669e-01,-8.672927891370708908e-02,3.039396605102028803e-01,5.044453829741241124e-01,1.689681007197445517e-01,3.326309407116779249e-01,-3.057897704178566545e-02,9.061464754456909076e-02,-1.867634293799914913e-01,-3.713845826756630858e-02,-1.801806042784353384e-02,-1.210766619489426349e-01,-3.071561010516471457e-01,2.418524728213046482e-01,-1.345688374685168331e-01,1.882504085963723761e-01,1.551964663831978120e-01,6.499554485692659034e-01,3.539230005512631339e-01,2.071490795894268822e-01,-2.037754347966164725e-01,1.526436079515926247e-01,-1.065410240218938737e-01,3.232514793318412294e-01,5.737596642026396992e-02,9.748843447295166276e-03,-3.471541251941034911e-01,-2.106869094489281502e-01,-4.071513240104148723e-01
-2.415184012982422301e-01,-5.879110429025778961e-01,-1.924195448821131374e-02,-3.597444730526598855e-01,-4.471477624136104279e-01,1.565745084309132507e-01,-2.590041390292237566e-01,-6.939678553430539409e-02,2.331927008827293646e-01,8.017509202725555673e-01,6.242391091658062718e-01,1.000000000000000000e+00,5.858800577587539027e-02,-5.663903218196096878e-01,3.643395776115322844e-03,-3.730580097277639284e-01,-3.367452237153308325e-01,-4.394919766082699270e-02,3.986806757354636188e-01,5.032977331282904032e-01,2.371060533525033154e-01,-1.502877013870509704e-01,2.647844410478815691e-01,1.863459959283431944e-01,-5.262433332483598125e-01,3.383485011581210044e-04,-7.289799997505769236e-01,2.816743509961259218e-01,-5.370583286549097946e-02,-3.678901190960411766e-02,-7.433515700744008914e-01,-3.386759381511006417e-01,-3.453395105072082916e-01,-7.024941139282573355e-01,-2.907136316087362560e-01,-4.816513633035349740e-01,-7.537311974791841562e-01,-4.903044069970626251e-01,-5.075175591622673732e-01,2.612279019747656278e-02,4.854180136206473484e-01,-4.577608501793601486e-02,3.985827930878795833e-01,3.163743604350123251e-01,1.184139963017058761e-01,1.021876750468327967e-02,-3.452965553100139084e-01,-1.083096392137976732e-01,6.787212160283834228e-02,6.989089564787386299e-01,2.453161287215860631e-01,7.322413479723162144e-01,5.991838431214818739e-01,7.494501032465259449e-01,5.110904026468732209e-01,4.232505834202445194e-01,5.384979308342142668e-01,2.837640178196538243e-01,3.737048205486552255e-01,2.477079016020708735e-01,3.247914027947105819e-01,2.729109845845963944e-01,4.698155769741260146e-01,2.642233607406405116e-01,5.912806380242100479e-01,4.799265315162495327e-01,5.805125664405390573e-01,5.345609293814101992e-01,3.150089038552907894e-01,3.547071098910740267e-02,4.328085462381252579e-01,2.997667365698377662e-01,6.826750284008422653e-01,2.847124829930305911e-01,4.493138511448963035e-01,2.156306166653105538e-01,2.299341053603550997e-02,-2.231605668349284921e-01
5.902632712982511798e-01,3.792917675788320397e-01,4.170814982351169209e-01,7.262301652350118264e-01,2.119671525112193922e-01,5.872630410285402114e-01,7.018384042799614697e-01,4.529253316030646959e-01,7.712606479213475197e-01,1.870368616168207321e-01,5.269755788776715466e-01,5.858800577587539027e-02,1.000000000000000000e+00,6.554739706087887585e-01,8.260174263341665268e-01,7.006339335877025398e-01,6.065242384128481934e-01,8.509355611556331800e-01,-5.788088684967605813e-02,2.579699542437637882e-01,6.832287722959624887e-02,-2.962557542342573180e-01,-1.852129073953165395e-01,-8.041098060335167830e-01,-5.270569277897859672e-01,-8.550099770305958913e-01,-5.548308540723113635e-01,-7.213736010277878030e-01,-2.490552969034929565e-01,-7.600028064947427220e-01,-3.343404336736648386e-01,-6.139485804713802342e-01,-4.036129963240982499e-01,-6.863705494370624105e-02,6.647339844845837065e-02,5.043146673640791500e-01,-4.567824503366217370e-01,1.675593447329762065e-01,-5.283868281430664782e-01,-7.213275692873596379e-01,-3.102357427071511520e-01,1.253865110999758115e-01,-4.144675541640572836e-01,-2.609337141053919562e-01,-4.742104904666111231e-01,4.353599077010875673e-01,-7.594167229240021688e-02,-3.796568414790907342e-01,-3.011291434208904771e-01,2.050643332430283905e-01,-6.681745158477272462e-01,-2.051742022915714336e-01,3.267461881549550418e-01,-3.526279962378457977e-01,-1.469605275602911265e-01,-4.345306801838734745e-01,-2.455328717930105320e-01,-5.710913113892315263e-01,-8.587872294192025469e-02,-2.762467355997135221e-01,-6.085253873744919662e-02,-6.482121740664207321e-01,-4.875055480896584026e-01,-7.152064337122892024e-01,-3.583072783451390908e-01,-7.748522060988709270e-02,2.257843941754837380e-01,-2.094819723434190872e-01,-2.896793585660911163e-01,-6.508803625059857989e-01,-4.396836752602480414e-01,-3.852196495768377416e-01,-1.729107951138373345e-01,-3.494407420706874268e-01,-3.457299913781792244e-01,-6.560479468138035175e-01,-5.069343522346488884e-01,-3.368809551688656256e-01
5.740554423377542959e-01,6.420831435329683590e-01,3.110624057903261797e-01,7.730175764056583798e-01,3.532325368684828826e-01,2.727500243727796758e-01,7.509647729563737606e-01,2.879985922337800486e-01,3.650384867346395112e-01,-2.986487771683456471e-01,-1.324631364049490834e-01,-5.663903218196096878e-01,6.554739706087887585e-01,1.000000000000000000e+00,6.527973263907709267e-01,8.832741539430468691e-01,6.368926677099560063e-01,7.097849512622933510e-01,-2.323061627929501050e-01,-1.519963565813192141e-01,-5.154211913588824939e-03,-3.790952674784977411e-02,-1.953007360311031226e-01,-7.316990280728947749e-01,3.659772945235270636e-02,-6.273246085728919619e-01,5.069555808966868388e-02,-7.075623279868795690e-01,2.593156640757808551e-02,-4.645890793141397856e-01,2.917065385344197459e-01,-2.084019530251573771e-01,-1.442650801377260983e-01,4.126266022987818971e-01,7.978808085565960995e-02,6.077005577826215532e-01,2.160120124821569010e-01,6.101351338006719693e-01,6.888670925530301914e-02,-6.530514406578167286e-01,-6.592711502908037424e-01,-5.812977379294383823e-02,-7.073010024311283672e-01,-5.368847084784237333e-01,-6.001071834062434718e-01,2.312164515720376845e-01,3.396994833974660566e-02,-3.561510014500992582e-01,-3.936751853166888249e-01,-3.963733295179972527e-01,-7.795384435190281236e-01,-6.708888188254796825e-01,-1.473379956282032111e-01,-7.189900917859239904e-01,-4.398184959881613620e-01,-6.231145978887437931e-01,-5.251280346014508549e-01,-6.768437060142304951e-01,-2.353345889860906925e-01,-3.628531302911748302e-01,-1.060251914818364782e-01,-5.893331617115432630e-01,-7.730901174500366402e-01,-7.109766099850185483e-01,-6.399701208994047485e-01,-2.803071393884699614e-01,-2.348589866702566475e-01,-5.535690251833423892e-01,-5.287415169878786347e-01,-6.466682864164371436e-01,-7.434539845677541336e-01,-4.988507774870852840e-01,-5.719440428865429915e-01,-5.441850102145625590e-01,-5.327872365109637132e-01,-6.291383313213434469e-01,-4.631934550913576198e-01,-1.498924338091202069e-01
6.915846696225508294e-01,3.928560098596595718e-01,5.646368363085330078e-01,7.863614445601946334e-01,2.636311730099663575e-01,6.915419901023545091e-01,7.454870116915305323e-01,5.050713840084952722e-01,7.212988775930661012e-01,1.025856703095945205e-01,4.588109134019690005e-01,3.643395776115322844e-03,8.260174263341665268e-01,6.527973263907709267e-01,1.000000000000000000e+00,6.784194890675571132e-01,6.679522809673730244e-01,8.789911797535279181e-01,-6.456330673930821273e-02,3.985490334780303900e-01,-2.217690712904003478e-02,-4.408182150608489502e-01,-2.419286028353233586e-01,-8.238278285646328802e-01,-5.852643449694936439e-01,-8.689210590660183531e-01,-5.427506512653546000e-01,-7.439861199370876310e-01,-3.043303353333811634e-01,-7.707906279271696803e-01,-3.494485048595835086e-01,-6.895216971358114622e-01,-4.345360134755941184e-01,-1.326182958959182534e-01,1.232986439746741741e-01,4.948573612557298218e-01,-4.083075498067563758e-01,1.705579383364529689e-01,-5.255159621671894321e-01,-6.564308649169273702e-01,-2.308819070648996385e-01,1.719488720021281336e-01,-3.862183406548492792e-01,-3.820960270403199188e-01,-4.280383829535400197e-01,5.120080819092942548e-01,-5.651650092930999084e-03,-3.258720754491368221e-01,-2.034573908119443331e-01,2.379183166658287440e-01,-8.061006378605557465e-01,-2.940262316215769278e-01,4.011979732213284411e-01,-3.699406118243715458e-01,1.192146552079750149e-02,-5.774047797782999591e-01,-2.915000595135601724e-01,-7.031355083163527420e-01,-1.255399852909324931e-01,-2.353869249382774254e-01,-1.122144346476107307e-01,-5.843649850808482205e-01,-4.295337456615296867e-01,-6.202761571402812812e-01,-3.213319668685836739e-01,-6.294747920949926578e-02,1.945879850713812809e-01,-1.613786709282535869e-01,-1.941492383420855561e-01,-6.279778944970720866e-01,-4.420131417678543895e-01,-3.401500517459750128e-01,-1.669978979893211590e-01,-3.201265510194789554e-01,-3.326197117131233782e-01,-7.179803609081150118e-01,-5.764719095484924782e-01,-4.982789633461183199e-01
4.599970377562642709e-01,5.540013238070570223e-01,1.949203308926795442e-01,7.531881865500473783e-01,2.202083473715021333e-01,2.267818852047837896e-01,6.959868529473728360e-01,2.006031082801204013e-01,4.545163073133569598e-01,-1.182752732100409848e-01,-2.987995259155783526e-02,-3.730580097277639284e-01,7.006339335877025398e-01,8.832741539430468691e-01,6.784194890675571132e-01,1.000000000000000000e+00,5.838137023133926906e-01,7.670938232155993797e-01,-1.235681536355575927e-01,-1.570531226415752268e-01,1.526701022670898245e-01,8.455912562794358489e-02,-6.222356742715842021e-02,-7.161752927285042203e-01,2.925728895551438918e-02,-6.192296718921204146e-01,-1.090545154606097217e-01,-6.695861853668919617e-01,1.022439533167500553e-01,-4.677725084037822612e-01,1.898231525503202566e-01,-2.102832391414825031e-01,-2.125509517373317392e-01,3.913472114577540850e-01,-5.193538009386443333e-02,5.414333449185504410e-01,1.426853226549194831e-01,6.534850802588099139e-01,3.448319352930533793e-02,-8.045163469577480964e-01,-7.466577045326091566e-01,-1.862996247642177416e-01,-7.934398534116871016e-01,-4.545365438994318219e-01,-7.259552044756182321e-01,1.394680653625237354e-01,-1.286694861142530788e-01,-5.153690847177736511e-01,-5.518393011886263411e-01,-3.589382416393880892e-01,-7.980683720126671155e-01,-5.758603882076723801e-01,-7.187847099836187914e-02,-6.172994500637607462e-01,-4.603374019264423467e-01,-5.551353628694299935e-01,-4.208069894313002379e-01,-6.221080543644422756e-01,-1.090479889405083780e-01,-3.462582152638741251e-01,4.270475430074931883e-02,-6.072960084658179936e-01,-8.139722255921489902e-01,-7.687696559273822228e-01,-6.219289601831938796e-01,-2.301706931585955906e-01,-1.359684627514138044e-01,-5.955318104079008190e-01,-6.195572606249607484e-01,-7.256338870835201682e-01,-7.469746834660643264e-01,-5.652402572644847911e-01,-5.086794671618227737e-01,-6.507359441423395952e-01,-5.423044223241663131e-01,-6.840762709440617595e-01,-5.629654689279205426e-01,-8.018093408972142011e-02
6.461714962315610045e-01,7.823642185238450786e-01,6.984690619801080524e-01,7.786225214826009156e-01,7.766533276808222919e-01,6.702937469501852874e-01,8.007578679454415704e-01,7.246816765807180261e-01,6.125697282913615815e-01,-3.094493044435785989e-01,2.888160547893770524e-01,-3.367452237153308325e-01,6.065242384128481934e-01,6.368926677099560063e-01,6.679522809673730244e-01,5.838137023133926906e-01,1.000000000000000000e+00,5.844809640174695176e-01,-7.018053327481458270e-01,-6.916084389456529646e-02,-5.315636196651494227e-01,-5.759897262691919817e-01,-7.538297303157380780e-01,-8.491901928027052460e-01,-3.438228011964863384e-01,-7.885877061667752042e-01,-1.358648778576144189e-01,-8.509974972438176799e-01,-5.996721518789857042e-01,-7.969559497910864154e-01,2.971717131573855999e-03,-3.724661461721622824e-01,1.684437779554071035e-01,1.493171395171591365e-01,6.166030775638552397e-01,7.624589082759511971e-01,-6.124541472504558409e-02,2.233736161973948545e-02,-3.899546253637395932e-01,-3.317032864951256488e-01,-2.382421947382078742e-01,5.438921833224742430e-01,-2.172157091124494177e-01,-7.183695470923313897e-02,-9.868102479164510277e-02,7.429325648756031075e-01,5.635956655676811478e-01,4.955252801646049116e-02,1.467461441232438546e-01,-8.854165037225993073e-02,-6.287737858326696294e-01,-6.252374176304287268e-01,-5.909311024707609994e-02,-7.152812538264601283e-01,-3.206425813337334674e-01,-4.426555921038362040e-01,-7.059472517076387232e-01,-7.840034315650383778e-01,-6.480846517730918244e-01,-6.422635473584649146e-01,-5.495925220185088333e-01,-5.754343222843171235e-01,-3.443271849444853872e-01,-4.556480590164883049e-01,-4.795787151443051122e-01,-3.391411792074788822e-01,2.182699761677367109e-02,-2.553264629258652496e-01,-2.216306262512912351e-01,-5.682523073406164915e-01,-5.635442903594386488e-01,-6.114620960687118245e-01,-4.650540349412860541e-01,-3.461295079529005947e-01,-6.291522553055630684e-01,-6.417441239316791224e-01,-1.518854025094019400e-01,-1.863873102098096979e-01
6.207825645570235196e-01,3.278788872516769093e-01,3.605694992689343348e-01,7.706990024975955977e-01,1.251058080521781357e-01,5.881221708563098005e-01,6.661507391000361933e-01,3.688530846979377609e-01,6.966956055777580037e-01,1.023355637100486215e-01,3.985820272608985859e-01,-4.394919766082699270e-02,8.509355611556331800e-01,7.097849512622933510e-01,8.789911797535279181e-01,7.670938232155993797e-01,5.844809640174695176e-01,1.000000000000000000e+00,8.379877101495634972e-02,3.557763907334980935e-01,1.818422328962038814e-01,-2.350514877176957396e-01,-6.051580059524355737e-02,-7.862751683519744184e-01,-4.518254853959590145e-01,-7.884517487703124328e-01,-4.662355733577931982e-01,-6.781885221392366381e-01,-1.213877594304228896e-01,-6.790733556369246138e-01,-2.808093141513222091e-01,-6.376319304207935801e-01,-5.138030428233156810e-01,-4.620540929609427694e-02,-4.105043190893686161e-02,4.552184301807960520e-01,-3.434216412273420338e-01,3.251156949957186848e-01,-3.873438516896868800e-01,-8.030477423507850210e-01,-3.996066940349548013e-01,-5.639572111681130651e-02,-5.542091677941879402e-01,-4.465629453389237669e-01,-5.841623175367166576e-01,3.181697920495576981e-01,-2.008247216025781934e-01,-4.525570041081563577e-01,-4.296580453751513429e-01,1.086097180265919032e-01,-7.807832372210977701e-01,-2.564889857273005003e-01,3.582387785565112059e-01,-3.622589417980098814e-01,-6.382530041448589153e-02,-5.856950487294232399e-01,-2.343254763845596667e-01,-6.173076939452015743e-01,-2.116995001388977463e-02,-1.026429710122169492e-01,4.689806997313954867e-02,-6.348951844484033158e-01,-5.522135551971429912e-01,-7.345588158474506413e-01,-4.025349175699783899e-01,-9.038524005984363563e-02,1.206739302192719049e-01,-3.014117390617053749e-01,-3.339808502005967017e-01,-6.360944600014772909e-01,-4.799519946209558352e-01,-3.469816376694934701e-01,-1.844342304690819168e-01,-4.097347898581726322e-01,-3.338567840036834045e-01,-7.537242390936554903e-01,-7.225083598463113432e-01,-4.227778936286710754e-01
-1.519401199318725360e-01,-6.701888196893809324e-01,-4.346316274405073177e-01,-2.932767251145820264e-01,-8.424314121927178878e-01,-2.670298621943635875e-01,-4.357334180108645150e-01,-5.362611815848437047e-01,-1.766278520103595484e-01,4.540974591971679297e-01,3.699956915693183163e-02,3.986806757354636188e-01,-5.788088684967605813e-02,-2.323061627929501050e-01,-6.456330673930821273e-02,-1.235681536355575927e-01,-7.018053327481458270e-01,8.379877101495634972e-02,1.000000000000000000e+00,4.883552240611914175e-01,8.030719902487304385e-01,4.318219976302392626e-01,8.373807295860197231e-01,3.933545562446949528e-01,-2.705932290066889040e-02,2.899686424461818124e-01,-2.481585619454607372e-01,4.682386680891476027e-01,5.676664403484705801e-01,3.770978751130311668e-01,-3.175383953492761369e-01,-1.512761083682399588e-01,-6.179257912564706245e-01,-3.138704906633020264e-01,-7.759845875897708467e-01,-5.547581073358568426e-01,-2.776154192561111622e-01,1.571935692982209254e-01,7.633611687701016835e-02,-2.073499450877632488e-01,6.084976130406633682e-02,-6.615914146301556942e-01,-1.289012918711035516e-01,-2.937311737532675715e-01,-3.428654946656180535e-01,-5.940865262561716431e-01,-8.270108821367173624e-01,-4.463754027171614180e-01,-4.568423524524401480e-01,2.467431207544786842e-01,1.422453849980846730e-01,5.701618276261689600e-01,4.211034522561186155e-01,5.882500297691529711e-01,4.326960890690092487e-01,2.717937901894022269e-03,7.145972560625252212e-01,4.372201526839514241e-01,7.890681336451030869e-01,7.679510858226202830e-01,7.152132199738318041e-01,2.016530112101284633e-01,2.525069710075320342e-02,-1.840193852645990655e-02,3.067602552128240179e-01,3.958909602249716664e-01,1.759704384588712811e-01,1.490481307151665380e-01,1.114106576279595175e-02,1.376684157481496140e-01,3.169768837552968677e-01,4.908112240886012279e-01,5.017826815263980444e-01,1.429148999126278186e-01,5.602923994999935431e-01,1.785770366172303725e-01,-4.013935887224737709e-01,-2.467245100434934391e-01
3.228718127413667260e-01,-3.852829446432036176e-01,3.241739209193887361e-01,6.197203535614560777e-02,-3.009190326927312364e-01,5.511389795436683059e-01,-4.019232282470904666e-02,1.623681533718089876e-01,2.726720013864230019e-01,4.113434788620847216e-01,5.400884736644215867e-01,5.032977331282904032e-01,2.579699542437637882e-01,-1.519963565813192141e-01,3.985490334780303900e-01,-1.570531226415752268e-01,-6.916084389456529646e-02,3.557763907334980935e-01,4.883552240611914175e-01,1.000000000000000000e+00,1.757343937444826865e-01,-5.201940965110649628e-01,1.369463597242062125e-01,-1.309923830923076238e-01,-7.559415260804563941e-01,-2.980915927109398789e-01,-6.375015725184896009e-01,6.373385876033577091e-02,-1.523063427406558257e-01,-2.519453104846887115e-01,-7.959586858466554116e-01,-7.314589474182286999e-01,-6.458950814136362739e-01,-7.237620857140043551e-01,-2.089377348787581079e-01,-2.927439677849253408e-01,-7.410864541868685818e-01,-3.693729131797432452e-01,-5.856900730708990421e-01,-7.880591754126746451e-02,5.427329291774974918e-01,4.356211565512621564e-02,2.913836430047548887e-01,-1.003654703626524480e-01,1.923211658363970997e-02,1.284911138995437074e-01,-2.988322202533462701e-01,-1.117548702307202130e-01,9.015732903538488385e-02,6.880014027137708599e-01,-1.091146357844862552e-01,5.036209196312090297e-01,7.915567010519791724e-01,4.432029519686152552e-01,7.187782157093114410e-01,-1.577514804127282677e-01,4.586534798234895849e-01,-5.817811345093302014e-03,3.785048348254323458e-01,4.013253610627227075e-01,2.067280407768899708e-01,6.709861202425870808e-02,3.370508837930603074e-01,4.767045069718280070e-02,4.271412077364111770e-01,4.166983025741656799e-01,5.236320183251238491e-01,4.944357126696404814e-01,2.921729071718192627e-01,-2.669696004516240034e-02,2.611430967535472436e-01,3.360860838398926909e-01,6.252870170881953404e-01,3.109830136961243552e-01,4.967251071126841944e-01,-2.204981800168723596e-02,-2.905175524203864601e-01,-7.239679990619410921e-01
