1.000000000000000000e+00,4.661786132579426867e-01,2.851667643883364356e-01,5.092074581661355515e-01,1.545829241697823930e-01,4.512588229720067290e-02,1.677832755757998062e-01,3.325886277982808559e-01,3.734341632512824111e-02,-1.123327918224403810e-01,-2.841893481328353760e-02,4.641135916678146289e-02,7.059859286421391045e-02,1.020153961867223402e-01,2.049519217113307257e-01,1.731783333367916955e-01,1.338329746814393983e-01,-2.904267479733285695e-02,5.517764449255957437e-02,1.019050524500649951e-01,1.274193027639529685e-01,3.198991016842883672e-02,5.992778089494305710e-02,5.672879537558534607e-02,-3.357027975756510588e-03,-1.286544305043442749e-01,-2.010470525609965153e-03,3.583651646479101699e-02,-1.162708906602909625e-01,-1.311827978641351249e-02,8.970850749494875542e-02,-1.057962434313832883e-01,-8.733750991133605590e-02,2.900664757447632414e-02,-9.123079895779760695e-02,-9.171977714765409961e-02,-2.352649916058138432e-02,-6.961450936919891253e-02,-3.140758915665307210e-02,3.016886241384057060e-02,5.317625112487950334e-02,-2.923817205665529828e-02,9.096421977140912996e-02,3.784818584542613829e-02,7.996232934826119632e-02,2.574458624403225260e-02,9.129967273224293134e-02,-2.226351531197046790e-02,-2.262438801976345351e-02,9.219389111385471736e-02,1.291224512039953753e-01,7.450353523345118467e-02,9.487505529177223118e-03,1.110554505847983348e-01,8.467691773770986974e-02,4.187167751526923304e-02,-6.942684514264982343e-02,3.789509980961858898e-02,-8.481318700609716266e-02,5.189365304724016803e-02,-9.125284776801682873e-02,-3.194939819159507005e-02,-3.837533253784898568e-02,-1.164055136678225910e-01,1.992207205764272640e-02,2.938499767945220928e-02,-1.083765572109483960e-01,-4.784093898710339160e-02,-2.588624011062752583e-02,-9.517667271586228994e-02,-9.958172193418693419e-02,-2.049366848750986889e-02,-4.215974002569310847e-02,-1.138211994004477423e-01,-7.232777939255148614e-02,-1.063509181064991281e-02,-7.444708423095831862e-02,-1.233732529528481225e-01,-1.861647115419329604e-02,8.203526105483889552e-02,-2.009469553721873400e-02,3.187580429177450103e-02,-8.011072907973737500e-02,7.482023755692038258e-02,-2.357232866899068580e-02,4.860415260116096592e-02,1.388338705443033227e-01,-2.967675729054356296e-02,3.053582906769131480e-02,8.386477220142521394e-02,-2.763589337029552159e-02,1.239529439103251481e-02,-1.156150088851260957e-02,1.178525885901186843e-01,1.103699039737424947e-01,-2.695102425276792515e-02,-3.540776815905465058e-02,-1.564592271073761698e-01,5.263236696321680480e-02,-2.835238781947852990e-02,-1.444979620393101738e-01,2.836364298838500025e-02,-2.804249824450143896e-02,3.132703809276198709e-02,-1.698066277623875575e-01,-2.461508510193520950e-03,1.221734623641382439e-01,-8.314392842495288427e-02,-1.417299941887354697e-01,8.235347999553159493e-02,3.103312400709591287e-02,-1.543615542983192354e-02,4.774721166422944002e-02,-3.041099285141662945e-02,3.203315104484530385e-02,2.232420082471573558e-02
4.661786132579426867e-01,1.000000000000000000e+00,4.689348298490521594e-01,5.086700666331752663e-01,5.484663285552049405e-01,1.133812897283193455e-01,4.060555182460180712e-02,3.431920403179766210e-01,3.158086173357568804e-01,-1.323406640637644072e-01,-1.058945509032550719e-01,8.904725570727110850e-02,1.998422891037520688e-01,6.054352844682396595e-02,2.695372235812245054e-01,1.919088269557433779e-01,1.042441109268553850e-01,-1.041808813949885171e-01,1.346772550985930739e-01,1.204503452162992011e-01,1.388161921585013281e-01,1.066575039617732035e-01,5.484499692630509515e-02,-2.751593957044857000e-02,6.134965090777182856e-02,-1.170521713816679160e-01,1.517333817692021782e-02,1.462311832460008454e-01,-1.233253135288584768e-01,2.770868693964104873e-02,7.509580297397597248e-02,-2.136761131385906121e-01,-1.753474699192452968e-01,1.003493689907141440e-01,-7.686080770811612450e-02,-2.360122254590944768e-01,-1.252018279465123007e-01,-1.259145154072262296e-01,-1.052681430707844978e-01,1.036010498490158444e-01,1.423710198592647025e-01,-1.012208415371710218e-01,1.538517801333660340e-01,3.373707629977720779e-02,2.155794660095273207e-01,1.279862783156482109e-01,7.732609349950518574e-02,1.792386887634273354e-02,3.701814378549116852e-02,1.765689617009307544e-01,2.012400680715060453e-01,7.033557400437528973e-02,8.841054899197184347e-02,1.187629537793243872e-01,1.222766417325443916e-01,-7.068517050544852187e-02,-1.788879190049033063e-01,-1.008167482955645358e-02,-7.130337602592034911e-03,9.189603875422919232e-02,-7.636444672971676173e-02,-1.043830136988943003e-01,-5.100112569793258804e-02,-1.547629914512506644e-01,1.117243389022758021e-01,1.050664857803179919e-01,-1.603544555036948149e-01,-1.542412053935177940e-01,-4.528259623811781848e-02,-8.210540144629098480e-02,-1.939096285669474895e-01,-9.990613268530118551e-02,-2.706490909961734026e-02,-1.397726252581010797e-01,-1.847776073704776034e-01,-4.733282523905642247e-02,-5.223859902983719883e-02,-2.070348108144454136e-01,-1.083480269455668610e-01,7.802312482890078060e-02,-1.001103063935037812e-01,1.069801286371308280e-01,-1.784144040439465395e-01,7.687718486345719582e-02,9.187872339040448200e-03,1.501982971503781628e-01,1.743110437246706002e-01,-1.046401313690189655e-01,1.069873024506318437e-01,1.625392038787723814e-01,-1.019490524909556356e-01,4.727220106623012535e-02,5.746350794008769219e-02,1.857263542275143786e-01,1.192767244403660359e-01,-9.005874475091264764e-02,-1.298237702530953830e-01,-2.765741796804024877e-01,2.808044362642647673e-02,-9.963283600978532772e-02,-1.782511356172798989e-01,9.999367515328848321e-02,-1.009882836125021166e-01,1.085804862490566403e-01,-2.698529588698997950e-01,-7.255388602255186115e-02,2.282100441165647309e-01,-5.704572419260240529e-02,-2.629686483974158495e-01,9.161924152417384726e-02,1.476045155749123317e-01,-1.678094734358626106e-02,9.631183420008312956e-02,-1.050687127638048196e-01,3.008656937566524595e-02,2.198786191140435567e-02
2.851667643883364356e-01,4.689348298490521594e-01,1.000000000000000000e+00,4.379551882241711214e-01,5.084600752657423284e-01,-1.191055270421395862e-01,-1.234926803721173028e-01,3.538262482282588106e-01,6.318315561775401934e-02,-2.416815388888464144e-01,-1.277838771166704412e-01,1.648398677458741135e-01,1.144787587595471612e-01,3.722254602195101264e-02,2.042490571985550174e-01,1.089990923818536378e-01,1.498247273708830374e-01,-1.257666182782113395e-01,3.587186286517618505e-02,6.143379548848997007e-02,1.159143808440627893e-01,1.305641574758275580e-01,1.508465479495659234e-01,1.663383305540772072e-01,1.573821336975136653e-01,-4.371810024932967081e-02,1.554973131182314783e-01,1.495390801465319719e-01,-6.001600387853529145e-02,1.498803533386502684e-01,5.253940685821557877e-02,-9.770068010424663718e-02,-1.295120492175973193e-01,1.236699116088079420e-01,-5.224795738760264208e-02,-1.847289367104679725e-01,-1.166606184324260331e-01,-1.646597598716374733e-02,-1.257833941067893757e-01,1.279128128277629284e-01,1.005104517764036642e-01,-1.244407972683744396e-01,1.316893179140736156e-02,-1.182111280835969058e-01,1.596364008149225855e-01,2.072591468876227583e-01,5.486011562949049541e-02,-3.276231561627361566e-02,1.127712529593637436e-01,6.432832856463932547e-02,1.623808884450472501e-01,-5.145825528366846507e-02,1.889599215705616009e-02,4.797002012872229881e-02,1.559937593080046592e-01,-8.724014563500900876e-02,-1.261719444968416315e-01,-1.187346760751641778e-01,-1.711996977798607156e-01,-6.492917374026604960e-02,-5.591664964117416814e-02,-1.296558810053996258e-01,-1.485862263652077131e-01,-1.065408790278337264e-01,5.399090118127775756e-02,1.255266516414815237e-01,-2.964712827867417924e-02,-6.186061660438950394e-02,-1.644876739543978394e-01,-1.025186821254968350e-01,-2.863362751105277479e-02,-9.923470529613521995e-02,-1.606929013011029472e-01,-6.458044337123278189e-02,-4.587366841924287592e-02,-1.398634067994767860e-01,-1.316217104807298754e-01,-5.931797772605653524e-02,-5.135730832457917339e-02,6.342847985775414837e-03,5.490943040911618750e-02,1.304595824400764659e-01,-1.319556888668161655e-02,1.979169999648931755e-01,7.244754540953363131e-02,8.436045627838358865e-04,1.200045691263442044e-01,-1.251599618636599354e-01,1.278230654916490128e-01,-9.491510420226435124e-03,-1.238067498841337599e-01,1.461723847485940364e-01,-4.832016954754740634e-02,4.677998100761458777e-02,1.907287092220331659e-01,-1.254025138812944751e-01,-6.963122834401164196e-02,-2.261695341950538674e-01,-3.213863150851314909e-02,-1.256261764683211657e-01,-1.738826247317577511e-01,1.244722976486846433e-01,-1.255547512079035477e-01,1.280001985674557585e-01,-2.188985479234016596e-01,-8.853838279483915163e-02,7.777678355091853513e-02,-1.007468664374141371e-01,-2.177049280677537668e-01,2.925017379748233535e-03,3.040418721402421073e-02,1.015014517904502672e-01,-4.166136236311409474e-02,-1.255672465882337052e-01,3.986089999341483475e-02,7.670263054378304024e-03
5.092074581661355515e-01,5.086700666331752663e-01,4.379551882241711214e-01,1.000000000000000000e+00,2.101956523857742565e-01,2.584660030300033398e-02,3.836583116652756975e-01,6.218299376309376347e-01,9.451490197818140926e-02,-1.560283313169012198e-01,-1.236579591852864091e-01,3.168314585302441089e-02,5.004231670323872061e-02,1.668551363586257552e-01,2.861101993889064721e-01,2.764328024662962013e-01,2.234183684585356322e-01,-1.272837945038201579e-01,1.157551657020461922e-01,1.029448889127563965e-01,1.854674455178372539e-01,1.298029664113530268e-01,4.518908810819455973e-02,5.313594172483821626e-02,-2.340289466325720658e-02,-2.837679849426704703e-01,-3.642969181085571606e-02,-1.047089246091101019e-03,-2.587747128198946700e-01,-6.075533627788828189e-02,2.454789459048563674e-02,-1.942561900801316743e-01,-1.727690030008906252e-01,1.264811785084789530e-01,-2.895790323406648159e-02,-1.469036254935673913e-01,-2.790689161652563227e-02,-1.140484810401587168e-01,-1.288141222467809321e-01,1.263696990085938776e-01,5.757017781625875519e-02,-1.253921021832253291e-01,1.888637548209362305e-01,6.688765595284405785e-02,1.332330160087537296e-01,8.731361067562349795e-03,2.796043297451084389e-02,-7.607772593840929354e-02,-9.783923513749055723e-02,1.399119575130415571e-01,2.557158256728084278e-01,1.730837750527222940e-01,3.992648019706653700e-02,2.386875325517494040e-01,1.771678207043951847e-01,1.043155878580671325e-01,-1.352486734313211314e-01,1.018023530254808934e-01,-1.505437232466123043e-01,1.430672406504817362e-01,-2.760833137157859760e-02,-1.310218463268466860e-01,-9.125582881764730814e-02,-2.497149751990118405e-01,-3.009267245280964828e-02,1.263536267734047258e-01,-2.014529975507166615e-01,-1.870283748133555121e-02,-3.127611484142999582e-02,-2.124186506944368558e-01,-1.515772258830035135e-01,2.454610118613571867e-02,-9.322575497711833858e-02,-2.330554958088640050e-01,-7.829946723035187406e-02,1.936157506923356919e-02,-1.717495428359999410e-01,-2.125337581901160788e-01,2.938952856948515158e-02,1.864382595432404754e-01,3.246608607463649480e-03,1.293427945256643008e-01,-1.134265935724204505e-01,1.582645958791475960e-01,-9.292430149634006709e-02,4.315588379429934757e-02,2.725593159671309551e-01,-1.280668399514820477e-01,1.269266767428609277e-01,1.310106253484558669e-01,-1.233890781599077252e-01,-1.394541454678622019e-02,-7.941449668724431810e-02,2.166777015920636484e-01,2.181123470540586584e-01,1.552027211728131129e-02,8.752321279234804088e-03,-2.616416908353698112e-01,1.344167615898080592e-01,-1.255043142846403725e-01,-2.808316485306903143e-01,1.264729402591767693e-01,-1.235696613410871558e-01,1.286780747904337219e-01,-2.937467151821020472e-01,5.281932281927559369e-02,1.950759098562984406e-01,-1.929653985109763270e-01,-2.138274452707955020e-01,1.727751392787743034e-01,7.106555795926389543e-03,-1.833531471907108579e-02,7.801941306162778200e-02,-1.281334312035641299e-01,-1.093503795556614302e-03,1.796915426365159121e-02
1.545829241697823930e-01,5.484663285552049405e-01,5.084600752657423284e-01,2.101956523857742565e-01,1.000000000000000000e+00,2.346158550972997914e-01,-1.061436592636118142e-01,2.735869084291335240e-01,4.445312334385351227e-01,-1.630604043341744303e-01,-1.407751297987793193e-01,1.575805959901986908e-01,2.623944361681747606e-01,-2.788210131543702314e-02,2.136563847314002507e-01,9.528072173776253040e-02,6.521726357548077169e-02,-1.352785654350465716e-01,1.561457703576800415e-01,1.652951724674424638e-01,1.441712866316585961e-01,1.404203850826145072e-01,1.447115380770650495e-01,3.816460638964645768e-02,2.285922310851388750e-01,-2.361304826302576196e-02,1.895291432863584757e-01,2.572098443267051837e-01,-6.610829129234026269e-02,1.898266478104227439e-01,9.088134324428977229e-02,-2.462201874550624670e-01,-2.072658111222533128e-01,1.296211817126284027e-01,-8.972466816993894534e-02,-3.455721538194588827e-01,-2.709099151483774226e-01,-1.270794422120035960e-01,-1.350908000087158167e-01,1.367900263478982192e-01,2.464923712707699222e-01,-1.319669105983686808e-01,9.524261027801778079e-02,-7.523605597896250441e-02,3.247218187707158199e-01,3.231693130236786282e-01,9.466476636776988141e-02,9.339796812990880381e-02,2.333687441834999821e-01,1.997477743832188901e-01,2.054854183098937803e-01,-7.788513155005910571e-02,1.220036305796580040e-01,1.752512876317330673e-02,1.939433622595765905e-01,-2.222213534662045853e-01,-2.557077740562002099e-01,-1.787108646806795653e-01,-7.721868658168443145e-02,-4.377216460790682440e-02,-9.364227144052750251e-02,-1.374658326681926779e-01,-1.683041260590289745e-01,-1.676111619305785394e-01,1.447687078754823498e-01,1.355211314324234473e-01,-7.038217418456724217e-02,-1.692407861120997503e-01,-1.998601853160512365e-01,-8.421177702850600466e-02,-1.118254842062657295e-01,-1.911050660591628314e-01,-1.529248360284770902e-01,-7.847174687998832721e-02,-1.547758340646021857e-01,-1.926987899317563480e-01,-1.090758585861990870e-01,-1.304246337374048714e-01,-1.526461541772566322e-01,-2.746499276642332208e-03,-1.616459572555802721e-02,1.419769070428016922e-01,-1.036040384565823369e-01,1.965034804536045232e-01,1.223902934951552890e-01,9.230723725960598980e-02,1.445623072733675518e-01,-1.335918576605753805e-01,1.399601234810276262e-01,6.039944964310099695e-02,-1.333849664790897893e-01,1.981310334520759719e-01,2.942199107733559083e-02,9.849107876823967600e-02,1.995391945271733636e-01,-2.066097491944552667e-01,-1.697578006351627977e-01,-3.466267561985298951e-01,-7.695258982999612918e-02,-1.326254751032624468e-01,-1.962919368020779320e-01,1.304177423110187417e-01,-1.351056253593990175e-01,1.401482104930660000e-01,-3.166763516838945747e-01,-1.719112614930460581e-01,1.750212817910732632e-01,-6.900461519673159461e-02,-3.391875630794666252e-01,8.081425447279058996e-03,1.500306419157294291e-01,8.662607028684507493e-02,3.486584950161588509e-02,-1.353744835819530867e-01,2.456663143646614297e-02,2.870728041644079326e-02
4.512588229720067290e-02,1.133812897283193455e-01,-1.191055270421395862e-01,2.584660030300033398e-02,2.346158550972997914e-01,1.000000000000000000e+00,2.421621323119707014e-01,-6.919555284377598703e-02,2.218893488883202647e-01,7.553809364471568422e-02,3.615131390419139973e-02,-5.409386766628010434e-02,2.781099036253524837e-01,1.039896026037098742e-01,4.850735176475039906e-02,3.851211475803301143e-02,-3.312462228113415008e-02,4.077791593675356152e-02,5.763410693897486753e-02,1.469089590669953871e-01,-3.205799979770647921e-03,-4.156786848009278584e-02,-1.864588088184148187e-02,-9.946183602579851402e-02,-8.127382686583758953e-02,-1.111439714483863778e-01,-1.344226969051650344e-01,5.087472064097899732e-02,-9.095217921922882365e-02,-1.675636137952074278e-01,-3.755542602890596382e-02,-1.968208087026810937e-01,-4.808004513131810403e-02,-4.267730197516847457e-02,3.429234512317012179e-02,-1.321982256514029619e-01,-4.623058286912639508e-02,-2.224956892300852807e-01,3.778626119853141507e-02,-4.261693662723885917e-02,1.477446547872366400e-01,4.187827736556567343e-02,1.954223755430589127e-01,2.291756562325730218e-01,1.125246142643494124e-01,-3.763008431303426632e-02,-3.527303729207049987e-02,1.562423101559244909e-01,-2.892939756858567066e-02,2.208981388084255981e-01,5.257496610715806096e-02,1.540903070839322875e-01,1.992203655618904334e-01,4.283023879972171211e-02,-6.851043634717760011e-02,-4.760823137287431561e-02,-1.363477597752085213e-01,1.194865568400497735e-01,2.167845161420146605e-01,1.879422579581020714e-01,3.990680972379220121e-02,4.335628084976679564e-02,1.240196214593661111e-01,-8.412002252491228294e-02,9.843503709045249572e-02,-3.834487678516731307e-02,-1.841552252262651512e-01,-1.585257949880581607e-01,1.189345207553470229e-01,2.055159957459505235e-02,-2.372624743107516754e-01,-5.115045465630478627e-02,1.518484848627390249e-01,-1.012904935828412151e-01,-2.213507433109315747e-01,7.244406256608486305e-02,9.496938405387708726e-02,-2.184698345123204932e-01,-1.179052289123277419e-01,8.335641798681750481e-02,-2.098858547926186480e-01,-4.084529311386893291e-02,-2.304431654821119946e-01,-1.181669080515708042e-01,-5.497057900213532522e-02,2.158703317497796537e-01,9.502631880603674974e-02,3.863597546106956743e-02,-3.821021115535602058e-02,2.369104175446459792e-01,3.982930117672327242e-02,-8.644705735000110525e-02,1.605041741963360580e-01,1.904505559841728479e-01,-6.064103724027684883e-02,-4.198607332887858805e-03,-1.278807525782182375e-01,-1.303460552615648693e-01,6.745458502555636005e-02,4.411166131022758313e-02,-3.658410136315681099e-02,-4.296966993249300842e-02,4.248418605661233305e-02,-3.688963117877933767e-02,-1.234243190909146970e-01,-1.464152820919007933e-02,2.386476532488265023e-01,4.744469217909581121e-02,-1.246058753623844884e-01,1.277754680829616685e-01,2.329352967564879695e-01,5.692031167194520208e-02,1.754244874751005323e-01,4.165030979769138858e-02,6.142919557213836340e-02,7.915741550582486297e-02
1.677832755757998062e-01,4.060555182460180712e-02,-1.234926803721173028e-01,3.836583116652756975e-01,-1.061436592636118142e-01,2.421621323119707014e-01,1.000000000000000000e+00,3.173320878533762435e-01,1.562048850877474082e-01,1.021951585171454041e-01,-9.382129503659196457e-02,-1.498068426000001008e-01,-5.314094173392499426e-02,5.023570515323851071e-02,3.352229539398383917e-02,1.820539919193961964e-01,1.060979923237790751e-01,-1.000265362426780991e-01,-2.755914877887053610e-02,-2.960360800525669439e-02,-3.056316832018535906e-02,9.648027881590741373e-02,-1.482969426172187355e-01,-1.563267596008076077e-01,-1.640267160542671909e-01,-1.894134738156785791e-01,-1.131921677856506381e-01,-1.699882678994157903e-01,-1.794755279909214518e-01,-1.285414710978661501e-01,-1.206709784311437578e-01,-6.609842817852021324e-02,-3.818788264442506825e-02,9.997124215266221803e-02,1.166756027462101941e-01,2.032900354139318549e-02,1.445801994190811651e-02,-7.685198736390766450e-02,-9.926923175670214483e-02,9.654839265732502451e-02,-7.091952938294636107e-04,-9.800729861979450008e-02,1.070612952302461146e-01,9.651436116013489830e-02,-3.126254008230370564e-03,-9.907099462016792646e-02,-1.177384759999138691e-01,-2.210329900135067291e-02,-1.187821762731657016e-01,1.848372962730861560e-02,3.937416743947839276e-02,1.243493941352258186e-01,-2.085929121268527420e-02,9.189406834476422647e-02,1.504642842088115169e-02,1.670775001589055730e-01,6.656707314586277069e-02,1.343434777902089705e-01,-1.253916060754922158e-02,1.029674832222283870e-01,1.199136811541860470e-01,-1.007020030510237807e-01,2.973371579568460108e-04,-1.176008344243883452e-01,-1.605690398302642707e-01,9.719227186575821187e-02,-1.185114760975257003e-01,1.477308242010055284e-01,9.828236591324429616e-02,-1.575997712406778939e-01,-2.667713650331966432e-02,1.930586869732557609e-01,-4.434687991427105867e-03,-1.654869658267392185e-01,8.270593642472655327e-02,1.636911736347531343e-01,-1.134590211848155450e-01,-7.817551167511431476e-02,1.673279464867344912e-01,1.996731444077677331e-01,5.246421353301271989e-02,9.629235231155619523e-02,8.210500332885563649e-03,1.625402813814913125e-02,-1.870486547197912353e-01,-7.368861381144689582e-02,1.494076279000882412e-01,-1.004293906731720809e-01,9.456604675236511548e-02,4.690502856634111428e-02,-9.636679663670583151e-02,-1.533825383135999920e-01,-1.289785470290303326e-01,1.094605015032052986e-01,7.223632251429537576e-02,1.863222254768004404e-01,1.712412344071789494e-01,2.522010589977768252e-02,1.761070214052676275e-01,-9.982623572462785699e-02,-1.179683766281601071e-01,1.020595656948716373e-01,-9.602100388698807387e-02,9.593864859566712811e-02,-3.097807929107311217e-02,1.967997177317268032e-01,2.131731489948840083e-02,-1.565539208761871637e-01,7.964464516663195826e-02,1.624437959836401157e-01,-3.325985128375284761e-02,-7.919089034740339761e-02,1.378019609183952499e-01,-9.724875578142440358e-02,-1.444910822371112298e-02,8.043607986327336312e-02
3.325886277982808559e-01,3.431920403179766210e-01,3.538262482282588106e-01,6.218299376309376347e-01,2.735869084291335240e-01,-6.919555284377598703e-02,3.173320878533762435e-01,1.000000000000000000e+00,2.790069501144601394e-01,-1.224838033943647653e-01,-1.464322666596169220e-01,1.105064812527538354e-01,6.118364758683809274e-02,1.723707291729839053e-01,3.364079209114796964e-01,3.081319583189310873e-01,2.320784729861496698e-01,-1.510947011229794856e-01,1.620109764590382806e-01,1.006073749245037924e-01,2.510098196235282519e-01,1.570177184729610043e-01,1.123445591686173667e-01,9.004184767246077581e-02,1.422362564343870872e-01,-2.831058316894655702e-01,1.112435032073544744e-01,1.164033884225475907e-01,-2.978606706002312476e-01,5.100741447453705640e-02,2.581315568369030051e-03,-3.141080956943845814e-01,-2.655038391105682960e-01,1.478374021917133463e-01,-6.762357884672360632e-03,-3.246807164150501412e-01,-1.784563084338297301e-01,-2.124068516542857443e-01,-1.529873818626051041e-01,1.506276033946758464e-01,2.223383749269284837e-01,-1.476011169784383903e-01,2.165115991227937187e-01,9.763005719707592081e-03,3.212645220093442999e-01,1.772056530529218521e-01,8.879655496909480764e-03,-6.741875743055129183e-03,2.610794548228493120e-02,2.346305982873914675e-01,3.436680074049305866e-01,1.215974138558122142e-01,1.575129520968827912e-01,2.527166923030869095e-01,3.285738925872532801e-01,-2.364928529916394268e-02,-2.965974569478177503e-01,-1.727582923767039674e-02,-2.851255238345091758e-01,9.787035074890439168e-02,-7.931821071987725166e-03,-1.564426791040148534e-01,-2.450884449513869023e-01,-3.759175625114327679e-01,-2.992638143427578390e-02,1.487063430403204600e-01,-1.988249528273105249e-01,-2.635743931221821990e-02,-1.660003798248893825e-01,-2.944890708993077033e-01,-1.338662837093596569e-01,-3.046432947031119109e-02,-2.324551180730181910e-01,-2.706433267166382661e-01,-7.382892509698557593e-02,-8.337356925177265288e-02,-2.845230379080984640e-01,-2.249128207929063095e-01,1.241490567741892169e-02,1.924493019839239039e-01,7.999230443574113780e-02,1.565093753999116655e-01,-9.148246877442547942e-02,3.156309767364329777e-01,-4.173415531444418097e-02,6.959132335133877065e-03,3.438991042253068953e-01,-1.496267314928608483e-01,1.518102286300805348e-01,9.112805456590444830e-02,-1.455773811055697531e-01,1.012422788445050958e-01,-1.369824541035975785e-01,2.244295467350729545e-01,3.619308020683656424e-01,-6.709077443306030175e-02,-1.023662249352408349e-02,-4.107894353505688323e-01,1.010823369680694805e-01,-1.489402173251556383e-01,-4.007601467207396184e-01,1.481706328048815746e-01,-1.476467500461078330e-01,1.530380234200945100e-01,-4.387992251024740997e-01,-3.546444381394273093e-03,2.209840658789676004e-01,-2.754501113080368158e-01,-3.549876518709165762e-01,1.735581503313000651e-01,-7.523663669040944746e-02,7.703484815654927653e-02,-1.500188493594111633e-02,-1.524471182177812856e-01,-1.213657305054494833e-03,1.429472135208191032e-02
3.734341632512824111e-02,3.158086173357568804e-01,6.318315561775401934e-02,9.451490197818140926e-02,4.445312334385351227e-01,2.218893488883202647e-01,1.562048850877474082e-01,2.790069501144601394e-01,1.000000000000000000e+00,1.597908840961737853e-01,-6.898823471228852922e-02,8.060500495404612775e-02,2.264471953883400446e-01,9.674956611288527963e-02,1.432769462701043717e-01,1.506996285403403857e-01,-1.230358425680741388e-04,-6.988420995926425405e-02,2.334445887885565896e-01,3.422942366634761091e-02,1.592263490497858036e-01,7.149266481508075033e-02,3.775290141780934111e-02,-2.033806482288254835e-01,1.623127791984206869e-01,-1.396129811687906175e-01,4.930013399771838306e-02,2.472884932842635275e-01,-1.485595464114436159e-01,4.919092258613755320e-02,-5.577216629431107353e-02,-3.964178548104429489e-01,-2.331266574466922814e-01,6.125825770879649024e-02,5.276976043167937169e-02,-4.407776476567678015e-01,-2.911857309657355786e-01,-3.456195435304917907e-01,-7.052186344016628250e-02,6.630881515420986028e-02,4.006139986139685139e-01,-6.327162024738955393e-02,2.381277896736875843e-01,1.234262968569337232e-01,4.495726896638658765e-01,2.436382408387727516e-01,-4.957899678374364655e-02,2.295123822818104509e-01,1.501073646703385833e-01,3.951480010469588522e-01,2.384294119684697566e-01,9.492723331188537839e-02,3.622838518824416099e-01,5.239055058087026262e-02,1.116179910050945218e-01,-2.704330634136456468e-01,-3.910797540257366922e-01,-7.772445670935582140e-02,6.539975677265333354e-02,1.401824874766766926e-01,5.428630818260885699e-02,-6.756720905496953200e-02,-8.959432371980489973e-02,-2.353083807195748278e-01,1.600184025484909511e-01,6.842706180144476902e-02,-2.119628568803941793e-01,-2.216228316807604404e-01,-5.930931896656831126e-02,-8.601901675482842569e-02,-2.666112367333388078e-01,-1.531215459018082370e-01,-2.125917186192526759e-02,-1.711572127591129422e-01,-2.693782686123714076e-01,-7.098918017376515399e-02,-4.278826566199873949e-02,-2.785679689031121398e-01,-1.774144769486689643e-01,9.651779043270154734e-02,-1.509530255461832837e-01,7.137184812378265242e-02,-2.596225618939126956e-01,7.889282656764459722e-02,2.685483280127037853e-02,2.224177774937316776e-01,2.126319526895955603e-01,-6.812184708290892898e-02,7.119198893941516837e-02,2.272292089762987521e-01,-6.520560138999384470e-02,7.318188939453526554e-02,1.129494679423451164e-01,2.447195580402733439e-01,1.326092972009887683e-01,-1.354119965097699552e-01,-1.952817785806333362e-01,-3.833141885112050229e-01,1.277318876089554751e-02,-6.217612227718775225e-02,-2.141153729360414926e-01,6.247886802762327163e-02,-6.393533891107888723e-02,7.299743267742417330e-02,-3.600467125940294277e-01,-1.186567163362803046e-01,3.223026138503963800e-01,-4.630458495556297183e-02,-3.693858647523394212e-01,1.227710576416249089e-01,1.970490925498628865e-01,8.898504880717306165e-02,1.089165489935996489e-01,-6.808547859140008651e-02,7.463269986657354582e-02,6.731137466496221744e-02
-1.123327918224403810e-01,-1.323406640637644072e-01,-2.416815388888464144e-01,-1.560283313169012198e-01,-1.630604043341744303e-01,7.553809364471568422e-02,1.021951585171454041e-01,-1.224838033943647653e-01,1.597908840961737853e-01,1.000000000000000000e+00,5.017240308272985505e-02,5.615555112962112433e-02,1.344243077938271635e-01,2.410770168278195402e-01,-1.423758867611543966e-01,6.637418065671719936e-02,1.589064680949925368e-01,4.274121901800771728e-02,4.014640094318142061e-02,-2.099441800970360261e-01,-1.253560804453595356e-01,-4.362855255722528081e-02,-2.575190130482626905e-01,-1.807827815399775662e-01,-7.197041753309871281e-02,-2.428967377438901454e-01,-9.464214326302561320e-02,-1.814815465255351645e-01,-2.530947893652691905e-01,-1.407336770710680141e-01,-1.556253623324579394e-01,-1.218808457290130182e-01,-1.992866309548826098e-01,-4.312662076498554459e-02,1.473798704516554037e-01,-3.799805406501509386e-02,1.238235023102319948e-01,-5.419461338958718455e-02,4.535831894496279021e-02,-4.342394145533694239e-02,-4.625674439308957026e-02,4.591662447267785135e-02,1.402004128755209578e-01,-2.879502309510095434e-02,5.981127392649800145e-02,-3.684107218912346243e-02,-1.491109397958926552e-01,-1.495874331323407691e-01,-1.372367676813966986e-01,3.503890175336222407e-02,1.626255818062667391e-01,1.507283815186719056e-01,9.853150617975110770e-02,1.549911081735912410e-01,1.299262215380748708e-01,3.984022869716274950e-02,-1.129732066492318276e-01,1.562288069760418840e-01,1.710187505436033123e-02,2.471637268418070410e-01,1.529343491688903989e-01,4.070800780831677901e-02,-1.361304450550878363e-02,-2.067435200157907993e-01,-2.122113593435805134e-01,-4.496886450769557730e-02,-2.371260544323612884e-01,1.678728055153750065e-01,1.501381358780404518e-01,-2.473795442797379063e-01,-1.099624513690751482e-01,2.547949718498821459e-01,4.256729073982557822e-03,-2.830538410106257508e-01,5.475726240143515694e-02,2.390827135687376148e-01,-1.624525691604828959e-01,-1.857699012554853424e-01,2.095647014905758221e-01,3.032146446615954227e-01,1.796248845811701869e-02,-4.468421159353708205e-02,-8.516446007026411136e-02,2.249906482843384500e-02,-2.844355502134348068e-01,-3.396045590527211472e-02,2.625120502647982357e-01,4.110825504484887788e-02,-4.773615252004580894e-02,1.277844514271718190e-01,4.598324547742757562e-02,-2.243243128530566233e-01,-1.555963975234165297e-01,2.246879286186903857e-01,1.264249941846439795e-01,2.487956273660929529e-01,2.029475768456271700e-01,-3.022217907644265608e-02,2.814693238550028953e-01,4.184050055454630046e-02,-2.152022245176813120e-01,-3.937258562599577072e-02,4.662745161268985056e-02,-4.613771595368892225e-02,-1.240660834820347114e-01,2.605864278979271309e-01,1.232002450120842224e-01,-2.296371297221529439e-01,3.135793740962473236e-02,2.966087973602081207e-01,2.201383040928100651e-02,2.109140724849985493e-01,1.213471451925538513e-01,4.574855620818015639e-02,2.147612250983046978e-01,1.711842109786441135e-01
-2.841893481328353760e-02,-1.058945509032550719e-01,-1.277838771166704412e-01,-1.236579591852864091e-01,-1.407751297987793193e-01,3.615131390419139973e-02,-9.382129503659196457e-02,-1.464322666596169220e-01,-6.898823471228852922e-02,5.017240308272985505e-02,1.000000000000000000e+00,-1.325329312827442929e-01,-8.068588232495273183e-02,6.515586655933516824e-02,-2.064864429468231677e-01,-1.378723702286447361e-01,-3.958814549727532328e-02,9.995903875125276006e-01,-1.806486053298382022e-01,-2.796698601365536427e-02,-1.174827997337339058e-01,-9.994643562588075847e-01,-2.442053923257587189e-01,-1.251472131378863761e-01,-2.534780029071776464e-01,-4.082385647656158745e-02,-2.808590959898004669e-01,-2.338787271097269027e-01,2.120110916581474658e-02,-2.599355466437926476e-01,-6.547387777947250020e-03,3.533440743071070145e-02,-3.721191459604996504e-02,-9.995700743191641147e-01,1.276053719518051837e-05,1.697588406441685460e-01,1.757300982430357594e-01,9.071300768790790947e-02,9.995441784069551971e-01,-9.995508470125927802e-01,-2.113153866320294227e-01,9.995995765825043122e-01,7.948067993928682740e-02,7.246942213944282396e-02,-1.642360928345141247e-01,-2.046574580049355385e-01,-6.086548287155467592e-03,-1.751487564715739909e-01,-2.262439189046438481e-01,-1.286012916708976772e-01,-3.391479649779435140e-02,9.590240633269317416e-02,-1.014787196940298702e-01,8.189288365006232306e-02,-1.211343362449166794e-01,1.520092334365287789e-01,9.518381819616726636e-02,2.655124822506462201e-01,2.734157808710371840e-01,1.724503340777723825e-01,9.553429448251599468e-03,9.993342939580424078e-01,3.415417648298961772e-01,2.887438592349956257e-01,4.628559640462812097e-02,-9.996853885310420518e-01,-5.202638516123089807e-02,-3.393096121913797419e-02,3.108593719570742486e-01,1.772477896607648207e-01,-1.122547937581449828e-01,1.002304290595588815e-01,3.302227480621955369e-01,4.055113592504675651e-02,-8.048379736710727095e-02,2.365023323422161261e-01,2.601100754555549233e-01,-4.312482641142537099e-02,-6.281309256946055256e-03,1.015249751755624083e-02,-2.270774918829546185e-01,-9.994569771599756125e-01,-1.411044079020429554e-01,-3.419507599863896297e-01,-1.294470130518657058e-01,1.522540708809216603e-01,-1.151808656466648401e-01,9.995755639073635734e-01,-9.996468110810031726e-01,1.510480157114407473e-01,9.997357490936300550e-01,-2.579847428448375224e-01,1.634267837923093214e-01,5.109225264189220378e-02,-3.128728425676821634e-01,1.706321505838238606e-01,-2.487338869147140939e-03,2.520544119263373184e-01,9.037347431928159647e-02,9.994835507701212984e-01,2.286805852079454304e-01,-9.994750661675205761e-01,9.996414067425573036e-01,-9.996112485853241303e-01,2.509081094548416546e-01,1.073083394230928966e-01,3.008271202960179774e-02,1.888102565268386379e-01,2.377012734346059530e-01,5.811519518351390690e-02,1.539276518362469037e-01,-2.778552856376852176e-02,6.292998893721985475e-04,9.995950339359581660e-01,-8.194196804022714498e-02,3.659239493490036577e-02
4.641135916678146289e-02,8.904725570727110850e-02,1.648398677458741135e-01,3.168314585302441089e-02,1.575805959901986908e-01,-5.409386766628010434e-02,-1.498068426000001008e-01,1.105064812527538354e-01,8.060500495404612775e-02,5.615555112962112433e-02,-1.325329312827442929e-01,1.000000000000000000e+00,1.848864666804001800e-01,1.867348124650489161e-02,6.357651466158720233e-02,-6.143950404691789907e-02,1.783312757216882205e-01,-1.330549196589275729e-01,4.347205555776674502e-02,2.699377199010025152e-02,-2.859930914081279529e-02,1.390120667443453806e-01,4.137349715489924834e-02,1.899246276010947143e-01,2.008151150469262569e-01,-8.940224145213129803e-02,1.561199430114682540e-01,1.602508783767585543e-01,-9.143482011120195041e-02,1.096604363889461392e-01,9.421510044134791262e-02,-8.830288356866723698e-02,-1.035095434713459300e-01,1.323423315525456001e-01,-9.484365191957105923e-02,-8.611775454565923082e-02,3.173871290179423876e-02,-7.930827912988001882e-02,-1.335327841227167411e-01,1.325157239824852062e-01,2.313343834627734283e-02,-1.316809387325671155e-01,8.347373646800652913e-02,-3.193665708153211463e-02,1.014127164469113412e-01,6.415241097968400752e-02,9.535753800786121726e-02,-4.349723605584202707e-02,6.694796197661308582e-03,1.042962690217817262e-01,1.931876131816677722e-01,5.899793820014422735e-02,1.000291101099024804e-01,1.142236336341422159e-01,1.529423585302789601e-01,-1.014909983478964606e-01,-1.763970510884032283e-01,-7.602724746842753900e-02,-1.956324943512313119e-01,4.821763745493811565e-02,-9.835178814544982828e-02,-1.378783555857168441e-01,-2.378085947716392923e-01,-2.195019137476548754e-01,5.295261734198768167e-02,1.316411668067506147e-01,-3.249493282589872162e-02,-4.956739421698902470e-02,-2.172333314384122804e-01,-1.480779515285366721e-01,-1.562875660193509264e-02,-1.059773041348767292e-01,-2.193756607934730929e-01,-8.727637211645097870e-02,-3.014889325944805631e-02,-1.697629324711577570e-01,-1.852684307820257337e-01,-6.528576569662170037e-02,-4.161082959663034431e-02,1.599299763676886518e-02,9.874220580851032769e-02,1.401483595459340759e-01,-7.094536825384363532e-03,2.456283153602579206e-01,7.657342832037600244e-02,-1.541645231034010494e-02,1.587896509337575757e-01,-1.316523311258797069e-01,1.352749308684575713e-01,-1.530088714895471748e-02,-1.307790263842716627e-01,1.726857254920079743e-01,-7.218938860950133152e-02,5.942589357253912768e-02,2.519498578868568095e-01,-1.483579311725388150e-01,-5.338770110671371694e-02,-2.872619566331578445e-01,-4.938699575172651735e-02,-1.341736544958481991e-01,-2.201550981787442074e-01,1.320704670514719903e-01,-1.340721200297004534e-01,1.350023748338736174e-01,-2.822993909900265996e-01,-1.033768636669622765e-01,9.098258061809524899e-02,-1.468295832350826335e-01,-2.735945296170973484e-01,2.690183702992032105e-02,-1.032023490538192534e-01,1.275502002183126482e-02,-2.519893495621481905e-01,-1.367686966550020755e-01,-9.705117140521110630e-02,-1.512953851687467155e-01
7.059859286421391045e-02,1.998422891037520688e-01,1.144787587595471612e-01,5.004231670323872061e-02,2.623944361681747606e-01,2.781099036253524837e-01,-5.314094173392499426e-02,6.118364758683809274e-02,2.264471953883400446e-01,1.344243077938271635e-01,-8.068588232495273183e-02,1.848864666804001800e-01,1.000000000000000000e+00,2.727654235763927182e-01,2.524668588979260830e-01,7.013307320109249399e-02,8.912651531698713436e-02,-7.854650237734081553e-02,1.416771969072208315e-01,-1.240571159578464887e-02,4.994752029149509935e-04,8.161023789035079523e-02,-9.470805253652028743e-03,4.858258679252260188e-03,8.267247154217224892e-02,-2.375851293293064215e-01,-2.111970757169924148e-02,9.316476632211917464e-02,-2.483412484031966849e-01,-5.785393743536635519e-02,3.078099593457850336e-02,-3.015586667424072775e-01,-2.306461735991047757e-01,7.530339542098542227e-02,-3.713585405768495690e-02,-2.490241991967701018e-01,2.561425132826659901e-02,-1.592733205392037055e-01,-7.924518876456441985e-02,7.738469456951602155e-02,1.170328347021928062e-01,-7.538894967433605598e-02,1.967249503364165153e-01,8.948987789540656379e-02,2.193785478377142939e-01,9.433539250796257880e-02,3.664151418946276495e-02,2.406350519118152786e-02,-2.300468222864077844e-02,2.704722651341395778e-01,2.794364067085094994e-01,1.840589359289576121e-01,2.424940385049934310e-01,1.694278905533890267e-01,9.979120941768154784e-02,-9.884562300498007936e-02,-3.129279925477459479e-01,5.971524374117304773e-02,2.800897185090371957e-03,2.525698435808597653e-01,-3.200880440914792568e-02,-7.953727028504828378e-02,-6.386964369930701879e-02,-3.033440687421891102e-01,1.938802700711426616e-02,7.880629963281095274e-02,-2.960341275400193428e-01,-1.080782831403378913e-01,5.174375099518042399e-03,-2.071170766645202832e-01,-2.789075296037031859e-01,-1.667823686571028030e-02,-3.434371951309884985e-02,-2.879669787946209647e-01,-2.020045124100902367e-01,4.314194310293771595e-02,-1.342587431554031485e-01,-3.320711413006020019e-01,-3.818706673782100436e-02,2.274618884651513906e-01,-1.121578984175420624e-01,8.093916596151884413e-02,-2.560420147104220390e-01,1.155962686868665240e-01,-1.120328681687971922e-01,1.705707854072639196e-01,3.259216896305778266e-01,-7.998226684032669342e-02,7.971610348877462837e-02,2.540565209075701936e-01,-7.570522332325065051e-02,-4.203684333744826113e-02,9.678651943307801583e-03,3.225024569110269135e-01,2.055482798576821757e-01,-1.110871531217390296e-02,-7.223675076193318556e-02,-3.531904236262894958e-01,1.555094054144133264e-01,-7.525242020694654366e-02,-3.110455821027118817e-01,7.630400638367294819e-02,-7.463259495392954301e-02,8.178193934757724270e-02,-3.854992664850665496e-01,2.280708517016925493e-02,3.388103165877593415e-01,-1.725881000227716955e-01,-3.119183730021939938e-01,2.666023760492842731e-01,1.518799756299276660e-01,2.567833484152481915e-01,1.550144880094836419e-01,-7.686048003705622800e-02,1.618845793640857067e-01,1.137643749767176804e-01
