1.000000000000000000e+00,3.102612743132984741e-01,-2.594383971260312213e-02,1.730880192720363753e-01,1.043795008004083091e-01,-4.872378499768856980e-02,1.470721920172617624e-02,1.146251016061911460e-01,6.717708140347983248e-02,-6.119996909496222548e-02,4.417412179077604556e-02,1.319559395113863443e-01,1.532437203981468904e-02,-1.316372230390761705e-02,4.354785716980640736e-02,1.068624155874778846e-02,-1.473994402127792175e-02,7.748120037847549581e-03,2.715541510239254455e-02,7.926456110038461109e-03,-1.132208052468258383e-02,1.789275709761939392e-02,2.229699015803832118e-02,-1.240489336647601810e-02,3.091913578874329609e-04,3.248404207847051250e-02,5.900716962249735915e-03,-1.202107588646733616e-02,1.460661634826212682e-02,1.769714295298080442e-02,5.264051456384275657e-02,9.872837590071219249e-02,1.191731301010522798e-01,9.296632145460061170e-02,8.127539840091196899e-02,-1.063911731437840041e-01,7.843640866315959581e-02,6.717004982979733752e-02,-1.122973297261528058e-01,-3.995295300569563779e-02,1.066588958909323176e-01,-2.926950055776361172e-03,-1.376335163344258317e-01,2.549700020414419344e-02,9.712905864113975662e-02,-9.662695545989530288e-02,1.491509020855324129e-02,1.355174969714847445e-02,-8.431059613284488941e-02,-3.861979302193706970e-02,-2.677506053082433484e-03,-3.235260744944450789e-02,-1.263942698382997110e-01,-6.186090362921393276e-02,1.402285333969964867e-02,-8.167756373255119495e-02,-1.078404343441055485e-01,6.662264936347054786e-03,-1.679423226796829607e-02,-1.181530803613305980e-01,-4.896481324741729785e-02,1.443474726636289306e-02,-6.384539403922567802e-02,-9.446546188474715111e-02,-3.998467109510962791e-02,8.906753519593919866e-02,4.660744679313432587e-02,8.890411681707426073e-02,3.766333152208157283e-03,6.074795167776708693e-02,1.216334629999536038e-02,3.871924646927238367e-02,1.439614560399356258e-02,-3.593000712326462065e-02,-7.624271198671368766e-02,1.725684581262268424e-02,3.048291409729477278e-02,-5.135813700662043846e-02,-4.204926594155578706e-02,3.463006359205463708e-02,-9.937972037785621632e-03,-5.867777389147365436e-02,-1.032465567726613756e-02,-1.515019449411988406e-01,3.839068538441745004e-02,6.983321554953303423e-02,5.163284961337409606e-02,-7.205183424274085036e-02,6.209801788173720249e-02,-2.123154116585337925e-02,-3.678098434983102794e-02,2.479491211575379425e-02,3.704705687756445348e-02,2.902257542030380402e-02,4.857527795294530604e-02,1.489153813325455817e-03,5.681729057094292434e-02,2.182595043537976370e-02,3.727852080497084941e-02,-3.893830738835108579e-02,-5.061357964233435813e-02,-1.015232237242389007e-01,-7.523928113493731640e-02,-5.930214357352078108e-02,-8.783313873122608473e-02,-9.668864177491205691e-02,-1.085628419292340996e-01,-9.826651181215581565e-02,-9.506111897297597757e-02,-1.307331148483501515e-01,-4.263710606058609964e-02,-7.907717708336738094e-03,-8.563273326894868531e-02,-7.308043328463995764e-03,9.806657408036317802e-02,7.258386600113908571e-02,1.407011791551682767e-01,1.313584475177609900e-01,5.859319149691327028e-02,1.364062665639235727e-01,1.510495414229482379e-02,5.438117096049200835e-03,9.721135544183591437e-02,4.183554410649956146e-02,-2.939454612669719843e-03,9.659363524811896695e-02,3.637727512329182178e-02,-3.102744202274808002e-02,4.555192122386324260e-02,3.792041329571989305e-02,-1.017809862146839411e-01,-1.416075480838754376e-03,-2.917828614173981552e-02,1.443224565995421954e-02,7.309054934847149070e-04,-1.326431542492366965e-02,-2.697936083782329422e-02,4.890448349906286601e-02,8.507539307114373589e-03
3.102612743132984741e-01,1.000000000000000000e+00,1.403108250201043350e-01,2.689571002128418077e-03,2.001649639945311254e-01,3.090212426759831321e-01,-1.101947596873440322e-01,-5.190351552834937543e-02,3.020247516732343929e-01,1.192546560506324432e-01,-9.643976049006862394e-02,1.496113862579571685e-01,1.783935445442421663e-01,-7.753998706071446589e-02,-1.452649730483547563e-01,9.060966223340893855e-02,9.354030444595538840e-02,-1.565693162615675871e-01,-6.133146933736327577e-02,1.630146486283083895e-01,-2.662047090181982739e-02,-1.804525467179984022e-01,6.424404639093225788e-02,1.171210311177593028e-01,-1.498458747830026805e-01,-8.634628588799826698e-02,1.563685860664213723e-01,1.273083881144507039e-02,-1.867845517605702110e-01,3.411043132990129040e-02,7.111140500557774913e-02,3.924227365101462528e-02,1.180901578237523591e-01,-4.264866025080660261e-02,1.539855578150999341e-02,-1.082330728159604238e-01,-8.020135525740357263e-02,9.036434430433568088e-02,-1.346903481860216214e-03,-1.381839458760434902e-01,-1.920855563933524315e-02,9.203366614408083068e-02,-7.566386438812951198e-02,-1.107365695938483108e-01,5.880777342064884977e-02,7.873318028339872793e-03,1.696870316192372261e-02,3.698686990980369627e-02,-1.357559378597603811e-02,-4.838005846052662734e-02,-2.091338403365645277e-02,4.076438892059815189e-02,-7.194540617843847574e-02,-9.744473255951745239e-02,2.899904639283528915e-02,2.536514630256567204e-02,-9.296995907709110218e-02,-5.021461775034281871e-02,5.036626819888569834e-02,-2.318680782825879166e-02,-9.755153879234375325e-02,-8.884406306933455288e-03,5.097408854736991402e-02,-4.253863493357668696e-02,-1.166243158085450704e-01,-6.072034899317711037e-02,-7.782363708428448323e-02,-4.766874334230810500e-03,5.765693940510725063e-02,-1.914272726119749940e-02,2.798775245286796651e-02,2.596703577777933689e-02,2.954995898500320864e-02,-1.544143029286317199e-02,6.559294906134367428e-03,5.922787977888503697e-02,1.004119519474056844e-02,-3.296211965119891837e-03,3.617374729014854323e-02,4.776454308476174582e-02,-7.436542399268911314e-03,-1.758075349992301202e-03,3.068136993183488703e-02,-6.145536424706181389e-02,1.094141318937889573e-01,1.289253014276370013e-01,2.658937290491648203e-03,-4.349926673213080908e-02,5.987333399667046918e-02,-5.413895363667421690e-02,-1.570112880709963743e-01,-1.289304222899226131e-02,-3.855100905703157804e-02,1.281720118528159071e-02,3.320034292404320381e-02,-6.408161093331060654e-02,3.633968669883146790e-02,5.963897199405121877e-03,-5.346282633455527039e-02,-1.027178762982178112e-01,-7.415022442313215500e-02,-1.261887024503163257e-01,-9.237271867785203094e-02,-4.562310399864191041e-02,-5.753517817391205075e-02,-9.603309173740820492e-02,-7.923907231180794819e-02,-1.516686463594490442e-01,-1.006278196343537573e-01,-1.373802375740272863e-01,-1.611634726223578479e-02,4.308290708667298491e-02,-4.286139665165600993e-02,4.841708286894792074e-02,6.513417323434686490e-02,7.936753448249410370e-02,-5.217440778184661079e-03,8.270845242005724074e-02,4.801136551032784971e-02,-1.956765264571379628e-02,-1.379214978035724765e-02,1.067340906738970113e-01,8.728643209256400914e-02,2.458070194134777398e-02,4.629048319514494220e-02,1.052462404961700959e-01,2.777243909834841568e-03,3.226321988072396174e-02,9.696048920066620627e-03,2.787331379636014822e-02,-1.518458249909232678e-02,5.156355766075026992e-02,-2.562031308756646322e-03,1.380070686460597475e-02,5.239404727357781927e-02,-3.777436447898093515e-03,3.554083978991099107e-03,1.839934064466054731e-02,3.119736356739099756e-02
-2.594383971260312213e-02,1.403108250201043350e-01,1.000000000000000000e+00,2.079929648426319111e-01,8.754422936794306609e-03,4.972479014440952527e-01,2.528626666517220789e-01,1.950271317018654332e-03,2.032285467992059891e-01,4.193700079511924472e-01,1.788481695962500229e-01,1.663349392616070843e-01,2.226246875456993624e-01,1.465954376034052375e-01,-2.704212783346863214e-01,-8.470947107175792745e-02,2.871881336749400604e-01,-3.344584151263046978e-02,-2.749859960747642051e-01,1.353533329971780552e-01,2.241010009484202536e-01,-2.223137537094743155e-01,-1.446555232062025076e-01,2.664192424594735153e-01,1.769162506234260232e-02,-2.767400166328548017e-01,7.189034415335184003e-02,2.353021019919761814e-01,-1.863905336807062385e-01,-1.773297137754459574e-01,-1.358707317663547798e-01,5.466808213603444912e-03,8.527889191840033745e-02,-9.784165331195796012e-02,-1.666254248387849524e-01,-1.148540413176616509e-02,-1.550540029275640219e-01,2.011748510082368106e-03,1.048977836320439533e-01,-1.081305460361346588e-01,-1.309367435478273056e-01,9.924822897723493964e-02,4.077469845486687144e-02,-1.566875711880611199e-01,-1.281978349457569763e-02,8.193406776895585664e-02,1.781766574665469977e-02,1.374277787081102375e-01,9.101961979810639647e-02,-3.549706290488249816e-02,2.498554810444627780e-02,1.960392591650827188e-01,-4.180053674751636923e-03,-1.149724139642357285e-01,1.414904032879117923e-01,1.436638987968979764e-01,-1.311060867271789387e-01,-5.331658529481232006e-02,2.070194356229269339e-01,2.195586628698862827e-02,-1.659584971843617862e-01,8.756081586952635387e-02,1.741071087662685868e-01,-8.590392322196882535e-02,-1.236209906101903983e-01,-1.428651836135490238e-01,-1.472559989482167819e-01,-1.142596923200335374e-01,4.931232794876472952e-02,-7.521011148163764259e-02,-2.837530172273826021e-02,-1.084287230037786140e-02,1.504101017205729252e-02,-2.583317013439206597e-02,1.708557401019983601e-01,1.122642710791730281e-01,-9.648307276933280885e-02,4.595520195085522897e-02,1.835031699306491904e-01,4.012113172426475319e-03,-5.843041729140362878e-02,1.199749211839074986e-01,1.443468614944040940e-01,1.106690229531677033e-01,1.273148062098026778e-01,3.411025600877561070e-02,-1.050813407404034006e-01,3.110636092156665242e-02,-8.942483005420479025e-02,-1.429193101506496255e-01,-1.116704082838799600e-01,-1.075922558714418192e-01,-1.101449470056203861e-01,-3.985280221412496049e-02,-9.414769045460157082e-02,-1.409736692517253309e-01,-4.568583874249062399e-02,-1.236944452685851542e-01,-1.023321268371639170e-01,-1.477929340358329624e-01,-1.451700608372668011e-01,-1.458354916776809784e-01,-1.466224442523748894e-01,-7.738182218007451374e-02,-7.867472446767253755e-03,-4.943593909516682400e-02,3.490912560721813607e-02,8.432584714162104367e-03,-4.333586963845566242e-02,5.216373802927957992e-02,1.583786798327722067e-01,8.774917947956059616e-02,1.332791253639819817e-01,1.221353697994898430e-01,6.194002727800636959e-02,9.291327411952089721e-02,-6.243232974098112537e-02,4.169192742604893587e-02,5.790881596012509985e-02,-9.273426474322350732e-02,1.028988910539664972e-02,2.160128262264014443e-01,8.941049271363274431e-02,5.026527982404413453e-02,2.022735906593338406e-01,1.191743857974829346e-01,4.401594521001010729e-02,1.941980671208138609e-01,1.010598517695823345e-01,4.588858064545925375e-02,9.914480230327550603e-02,9.512342161880428526e-02,6.564807830168906122e-02,6.649627618941721108e-02,1.006984647694364465e-01,6.648460234213222908e-02,8.433515891766767136e-02,3.797530701827207117e-02,8.158360817313534130e-02
1.730880192720363753e-01,2.689571002128418077e-03,2.079929648426319111e-01,1.000000000000000000e+00,1.861119683982204731e-01,3.406021284258909515e-02,5.920269069188318495e-02,1.786677705967530394e-01,4.973252052584468258e-02,1.372143049972540940e-01,1.635098692772427587e-01,1.590593464546752323e-01,9.683554804323848963e-02,2.028660396649676137e-02,-6.898764065504592313e-02,3.929517951058339453e-02,1.050787153414358410e-01,-3.399254668208569891e-02,-5.186627694851784348e-02,1.071731478012881156e-01,5.150849840083460834e-02,-7.822704093338696263e-02,2.285173422155366632e-02,1.045389394010793338e-01,-2.103243013004678016e-02,-4.965300911939827394e-02,8.927615442480202335e-02,6.490478062161056383e-02,-6.746888690355311302e-02,1.055191983127915130e-02,-1.112813437092250030e-01,1.665080013472593212e-01,1.477899488200486722e-01,1.938394486603681882e-02,5.990376205674000087e-02,5.308790676036043849e-02,6.757455166121386497e-03,5.714646154543989026e-02,5.322758759619031915e-02,6.907139396599555788e-03,3.396224439125906935e-02,7.656115645835628869e-02,2.661106537014166010e-02,1.229726098354464413e-02,8.597615120886067941e-02,6.155777436702468408e-02,9.226055252858303413e-02,1.245584877500073157e-01,5.096190914957818285e-03,-1.280900403315782645e-03,1.264024356032101559e-01,7.542418738406189704e-02,-1.514295292656822611e-01,-2.297976259809583061e-02,1.812021013812905035e-01,-4.273162338496398066e-02,-1.590217210930066905e-01,1.038762505530829300e-01,1.305914987227138058e-01,-1.462260001442176327e-01,-6.586765134414911127e-02,1.662624951304731979e-01,2.478684137097324474e-03,-1.809112690592169781e-01,-3.293480942932951877e-02,-6.300819066460699829e-03,-9.735226445286956909e-02,-7.179769312470700438e-02,-3.438889829160551859e-02,-1.434364875411005547e-01,3.225851291397667780e-03,-5.910311053427633882e-02,-6.159907445098330991e-02,-1.955068051855132771e-01,9.753164751677419197e-02,1.381425850534005462e-01,-1.866905947077942274e-01,-1.082918441738482535e-01,1.807162159439568150e-01,2.398855623163212956e-03,-2.060401373265728919e-01,3.932873926054900743e-02,1.529820238396709942e-01,4.414316024586195653e-02,2.111216391794388803e-01,9.544284614097350850e-02,-1.409353560852859635e-02,-8.367279522258187774e-02,-1.697121986878081801e-01,-1.047585605849418039e-01,-1.613442877832992617e-01,-1.233116299271934946e-01,-1.788312235169735309e-02,1.381032613626397565e-01,-2.205708757129665881e-02,2.028631754542859281e-02,8.907819483265619342e-02,-1.004115418306140151e-01,2.315280448829957691e-02,-2.824362505015111727e-02,-1.488373763059091248e-01,-1.752163508965735583e-01,-1.612706184128216702e-01,-9.824665217646523507e-02,-1.007756701016585404e-01,-1.578207506911183389e-01,-8.180838263397889609e-02,-2.761408285795662401e-02,-1.330041837143573213e-01,-2.245254372876007501e-02,4.582251311853739045e-02,7.865655348885167153e-02,8.334429590238455476e-02,4.599114429471257842e-02,1.518966785295992883e-01,4.219894325198522006e-02,6.038368221049333906e-03,1.370875624629767919e-01,-1.579626462278586885e-02,-4.657098870894121889e-02,-9.870817892944068472e-02,2.131140706296553722e-01,2.669554897812038141e-01,2.457759827879843484e-01,1.824950949285009116e-01,2.345122459769680701e-01,2.192201601736797900e-01,1.350378043468503375e-01,1.903365225449347164e-01,9.251070655871281023e-02,8.070781848592228913e-02,3.423413741948161393e-02,4.145697039665027783e-02,1.099275034724656180e-01,1.717788564229396839e-02,6.048562651790002909e-02,3.739893418863939056e-02,3.839182072668204104e-02,7.966118358219331785e-02
1.043795008004083091e-01,2.001649639945311254e-01,8.754422936794306609e-03,1.861119683982204731e-01,1.000000000000000000e+00,1.995702614188163415e-01,-4.285754384333224642e-01,4.081775654943506360e-01,4.770743815283493561e-01,1.749968240477640657e-01,1.213336625768701993e-01,2.546838356413954063e-01,3.251448079683609826e-01,-9.601757255124568000e-03,-1.496960508017882441e-01,1.835142729934602090e-01,2.242964568098501921e-01,-1.343188967451873217e-01,-3.644548969888208173e-02,2.834707805502591493e-01,6.034491543225122684e-02,-1.814568735378780662e-01,1.232108989279882966e-01,2.582323036452008336e-01,-9.357975490409756181e-02,-8.744009200581355501e-02,2.525756419310413725e-01,1.330275698534897078e-01,-1.803812483449146187e-01,6.755727452442104874e-02,-1.929886343462418608e-01,-3.799629150350904150e-02,5.255783294820561002e-02,-2.693155370482235855e-01,1.316131761511402879e-03,1.452694691585531550e-01,-1.642806921639389517e-01,-1.065500399602805209e-01,1.916344838852248322e-01,4.391304471654188663e-02,-2.184141346009691453e-01,3.408235908010542881e-02,2.061964062970253198e-01,-1.048211270572994847e-01,-1.381896775010166278e-01,1.456431559891203931e-01,7.130113509949598249e-02,1.254154422331561214e-01,1.123154672120951769e-01,5.737621358308304248e-02,1.126077327960701979e-01,9.731477124131818202e-02,-3.807973558683365456e-02,3.098127305023620770e-02,1.477907745039565290e-01,7.337514558050439728e-02,-5.376872294345502040e-02,5.860640028419761283e-02,1.511187880272173711e-01,-6.237702788696152141e-03,-4.571152846328260799e-02,1.269916435611176397e-01,9.233898212205107758e-02,-7.540346983245470314e-02,6.244499958781251150e-03,-1.410707213950847527e-01,-1.687744702111540207e-01,-1.782635035492875497e-01,-3.700697453717609331e-02,-2.042276969697975897e-01,-1.385619386104359196e-01,-1.714733070560097161e-01,-1.844687268129272251e-01,-1.972308979828384448e-02,2.338097610971691109e-01,-3.657641702016083823e-02,-2.222060346402059683e-01,1.233170768342335410e-01,1.952605327530786694e-01,-1.773247652274425601e-01,-9.679706546247719701e-02,2.338570502070377033e-01,3.756217016478657911e-02,3.591234256544936776e-02,4.140086017379879940e-02,-3.910830680373244411e-02,-1.844811661747373654e-01,-1.730007543874923781e-01,-8.073737255780638611e-02,-1.071076269139239062e-01,-1.165037920453897147e-01,-2.224568811215915098e-01,-1.854707989008344271e-01,-4.555544062022178625e-02,-1.810733644578925994e-01,-3.072964529227307454e-03,-7.907201473826028226e-02,-1.224138458807711438e-01,-3.465377377331167047e-02,-5.192758424207294388e-02,-3.289056676463966017e-02,-3.188775691212444169e-02,3.317083752123123341e-02,4.276693645828651830e-02,3.350759339842366430e-02,-2.258096386981164189e-02,2.103352661165240611e-02,3.681824216055586130e-02,-8.632076422299456500e-03,4.132252899583170602e-02,6.669894078622709555e-02,8.341621600894297273e-02,5.964862345671962524e-02,5.252795401049351054e-02,-3.461665926262941922e-02,-6.169101908608756735e-02,-1.914116342337956189e-01,-4.438716924789138513e-02,-1.456748944117162992e-01,-2.160230781731581062e-01,-1.118603114830735573e-01,2.170268212853948830e-01,8.859369096999096527e-02,2.282770439202322921e-01,1.987001027798906971e-01,4.482643952197841453e-02,1.485276709006266016e-01,2.245099641683066527e-01,1.180467999893711067e-01,1.554890927757613950e-01,6.601482272581379873e-02,1.296231894361266068e-01,-2.535550138508465418e-02,1.347444445526760071e-01,5.046283571659902767e-02,-9.065833379474260963e-04,9.674701481477024356e-02,5.150208454680098996e-02,3.899202097841127090e-02
-4.872378499768856980e-02,3.090212426759831321e-01,4.972479014440952527e-01,3.406021284258909515e-02,1.995702614188163415e-01,1.000000000000000000e+00,1.004255820397880472e-01,-5.213585088123859736e-04,5.695108590201224397e-01,4.519131932961947262e-01,1.171790466912099871e-01,3.243520767520442494e-01,3.686643357164027246e-01,1.156869905068567544e-01,-3.927037138157428164e-01,-6.717677670219265873e-02,3.530728720656413633e-01,-1.354386404697521806e-01,-3.582140123491125983e-01,2.110039235199201724e-01,2.203317039048447445e-01,-3.489113601213104654e-01,-1.588283860483633014e-01,3.425240559668849549e-01,-5.827886506184856708e-02,-3.886807072667494145e-01,1.323296676529154559e-01,2.668623964512102376e-01,-3.243832056271113706e-01,-2.144753426780570960e-01,-1.087285779987739454e-01,-1.189792599788035282e-01,1.467700621743512623e-01,-1.877800562151086261e-01,-2.336636747839504480e-01,-9.486543494615742866e-02,-2.555736258899610758e-01,-1.260542059749405509e-02,9.325542164854215554e-02,-1.834520990922538786e-01,-2.090405499183305149e-01,9.542287892825251916e-02,1.071962850387997435e-02,-2.517232528052740781e-01,-5.249390564442283497e-02,5.647960372858380068e-02,-6.107376002639749307e-02,6.696353398485031805e-02,1.650031177210262157e-01,-5.521933398820871169e-02,-1.204615109643879384e-01,1.976212450518474439e-01,6.731591826667757128e-02,-2.009702300934662622e-01,3.964232755103363343e-02,2.176248433045657182e-01,-1.109414731283216160e-01,-1.921174690921763351e-01,1.694409030897444379e-01,1.053975259192377056e-01,-2.319704608495835318e-01,-3.785296170735909238e-02,2.167414040675418874e-01,-3.713378950258883204e-02,-2.001490662690621203e-01,-2.257137732384218165e-01,-1.577723817001973339e-01,-6.821750631054915304e-02,1.798687040564329043e-01,-4.927788625099809028e-02,4.126527910735248994e-02,3.262166198058863518e-03,4.433644849342684158e-02,9.475081444121404017e-02,2.119493197079332925e-01,8.933322672523019703e-02,-2.046324036969901852e-02,1.520392987754977110e-01,1.974693136742352306e-01,3.458132752552049716e-02,4.309669490252653057e-02,1.905127929682992327e-01,1.051469890950158942e-01,6.130020384234208947e-02,1.334815652556738674e-01,1.212575683356199030e-01,-8.661376160010791914e-02,-3.318144489649724888e-02,-5.845796603607175679e-02,-1.195375555331637529e-01,-1.856542505773064455e-01,-1.754528245648957485e-01,-2.330729491284831423e-01,-7.745956709364917869e-02,-1.595830002183515062e-01,-2.299695487255510318e-01,-1.036225408410264698e-01,-1.969280992875265535e-01,-1.542667279227055432e-01,-1.988061606801205805e-01,-1.592513735885038029e-01,-1.547897529947067918e-01,-1.209853021212505542e-01,-6.114303728666303783e-02,-2.514927378495388291e-02,-7.883338280070639748e-02,4.479707069419296833e-02,-3.497769491435609446e-02,-7.194046483395774572e-02,3.617036556469298975e-02,1.515360155347610094e-01,9.268985873949366072e-02,1.164735148824336403e-01,1.806100225712448659e-01,8.942541460758282601e-02,1.434599393064074635e-01,-6.307472548529824419e-02,7.478955310396473433e-02,9.484888914032223173e-02,-1.168659656740110436e-01,6.453105520762064673e-02,3.127904601427964892e-01,9.750117435265463761e-02,3.938979327935420577e-02,2.528604862106023088e-01,1.178729538216406192e-01,3.678172086464440854e-02,2.292956368070465656e-01,9.701603630856278637e-02,3.870169222907708650e-02,5.227528952295163595e-02,1.538506062751647807e-01,7.840819866791801096e-02,9.431906849425544803e-02,1.247040369885698968e-01,3.949865891843005322e-02,8.783409940911655889e-02,3.557121381119116021e-02,6.955671008157558732e-02
1.470721920172617624e-02,-1.101947596873440322e-01,2.528626666517220789e-01,5.920269069188318495e-02,-4.285754384333224642e-01,1.004255820397880472e-01,1.000000000000000000e+00,8.566919979580793487e-02,-1.432600384396926774e-01,6.461698276339469804e-02,3.057497360618298132e-01,1.562915578511680781e-01,-3.014502495557430314e-02,2.881663054281266012e-01,-8.473606087369427164e-02,-3.813640349517777306e-01,1.027643169914762011e-01,2.232776636178299967e-01,-3.023729961838409475e-01,-2.281121792513997326e-01,2.729023327699575119e-01,1.966715936379988261e-02,-3.866392039395744051e-01,1.233316952297514035e-02,2.533811420134562953e-01,-2.397784165415301760e-01,-2.971931885214459945e-01,2.075031463143614530e-01,7.230167620252891947e-02,-3.696241533977557836e-01,4.784300770897222804e-03,-1.242159564982848741e-01,7.115419265721392716e-02,1.534705956039489061e-01,-2.714851656816862358e-01,-2.495382400198468686e-01,5.338470217345370888e-02,-1.470333135558623584e-02,-2.457794233172545528e-01,-1.119085596078301242e-01,7.244463767947052768e-02,-1.139323181715130445e-01,-2.556695159796320005e-01,-2.432150445940968811e-02,2.991388295754134063e-02,-2.341854277224819370e-01,-1.825996696581106415e-01,-8.516015938474709446e-02,-1.327200508557635668e-02,-1.523082076587244926e-01,-2.457435208002903548e-01,5.938595631718371348e-02,1.075679118313628835e-01,-2.240787337471897012e-01,-1.466981391471836316e-01,1.254983736052944776e-01,-3.202402849231429649e-02,-2.570391377474279815e-01,-1.860591684032266574e-02,1.147638188923010977e-01,-1.622833271298713964e-01,-1.993558037206334121e-01,9.083972121171032810e-02,5.199755965448404210e-02,-1.863880905349450945e-01,-1.280380671116813397e-02,1.173109568932619307e-01,1.856363649952138817e-01,2.215857701168020000e-01,2.286115450243984548e-01,1.541678236214527320e-01,1.351367189094023757e-01,2.206151926026928001e-01,1.751980244665095887e-01,-4.173556763675115300e-02,4.832732498407802529e-02,2.259510710437394876e-01,7.613074839100215929e-02,-4.287555115575356068e-02,1.482454280740403141e-01,1.977091803807668746e-01,5.957111079508167588e-04,2.480480629405349639e-03,-9.771556039071985222e-02,-1.417742622014236085e-02,6.684942614044345199e-02,1.138799995951056965e-01,1.203015692704292039e-01,2.930672044048009128e-02,2.601909596222000409e-02,8.135686864210581182e-02,8.594049280343135644e-02,2.533150551249887042e-02,-1.443876713352673369e-01,2.757997789068820579e-02,-2.434218797639352283e-01,-1.149172491812598534e-01,-4.913044605666502807e-02,-1.556280442141687870e-01,-1.629947184380776126e-01,-9.116467755598040013e-02,-5.864275649777696969e-02,-1.116871314606256299e-01,-1.210383489983681005e-01,-5.058033686125341932e-02,-5.083455257999517501e-02,2.403747189135962969e-02,-7.579484849044589023e-02,-4.954071170923862039e-02,1.250452083854320870e-02,9.151266591907121495e-02,4.063529976156374235e-03,7.950485165373057106e-02,6.266651146156006214e-02,6.310914696480376951e-02,2.272360479365861663e-01,1.987313769119694873e-01,7.431425217731908728e-02,2.847486186631123517e-01,2.125088626732712371e-01,2.530905789199042188e-01,-7.323562260950228046e-03,-7.264159785913289202e-02,-1.762068815104163300e-01,-9.058479860668914099e-03,5.266125484308713939e-02,-1.408378165043216446e-01,-6.640118840283770751e-02,-1.175792698886724275e-01,-1.207303372439003375e-01,-2.633212930869493346e-02,4.728031185214498500e-02,1.074480760918967714e-01,-6.211540305752343352e-03,8.960836570830148229e-02,4.482709782938755494e-02,9.741920285037111368e-03,4.169591344947888578e-02,3.462849082502018894e-02
1.146251016061911460e-01,-5.190351552834937543e-02,1.950271317018654332e-03,1.786677705967530394e-01,4.081775654943506360e-01,-5.213585088123859736e-04,8.566919979580793487e-02,1.000000000000000000e+00,2.302597652515044335e-01,6.334999683779939106e-02,5.033688756226485372e-01,3.652031373608218834e-01,2.333967197006714678e-01,2.965645212974145628e-01,-1.099503620800436343e-01,-1.783041538964589834e-01,2.770310354352767956e-01,1.691292196027272821e-01,-2.422055745107985214e-01,1.529954314879542095e-02,3.234353782504431063e-01,-4.386443912365266262e-02,-2.198953014639281611e-01,2.162008312265592258e-01,2.044567965950701005e-01,-2.265109111485896776e-01,-6.701757850993977916e-02,3.124481835563248100e-01,2.796101001640933104e-03,-2.498898662592013986e-01,-2.534726518021946373e-01,-2.308630394280343501e-01,9.302992497081847417e-03,-1.362488826851832868e-01,-2.382452315881655736e-01,2.639139271940331780e-02,-1.033075905869195454e-01,-2.116942762903697706e-01,1.648788589994626061e-02,4.596009808452850703e-02,-2.024139508565153678e-01,-1.265565177475480030e-01,8.055973034752916817e-02,-7.366379060314393046e-02,-2.015773362484193643e-01,-4.067720450227138573e-02,-2.514311365146233018e-02,6.188322275495572455e-02,4.229010934870979649e-02,-2.170818013413304201e-02,-1.449182729828432962e-03,9.797000839316205578e-02,7.333861338860010737e-02,-1.636767063371841191e-02,2.839091670383947497e-02,1.188804726504039400e-01,1.203440064136101183e-02,-5.891915847389918304e-02,8.605226692517425890e-02,9.116220077612194328e-02,-5.668578809587931228e-02,-3.636768841566140852e-03,1.056077045393511993e-01,1.073678017285558360e-02,-1.627111565556295728e-02,-1.200135641610693832e-01,-1.067871601983911949e-02,-3.251675123934770484e-02,5.475695574419999628e-02,-1.394513481153652687e-02,-1.217204001760482102e-01,-1.082919824177753509e-01,-7.822468707855664838e-02,1.462452386341901445e-01,2.065506922314372940e-01,-8.851218243390808482e-02,-6.407777870495001693e-02,2.366057082673403422e-01,1.231886385690596220e-01,-1.477458676585727826e-01,8.980909938004583148e-02,2.851841683245126546e-01,-1.267476115568085329e-02,-4.769108725508541813e-02,-4.552119444978038054e-02,-9.732914806132654528e-02,-1.187145947676062352e-01,-7.787444725130862611e-02,-8.798041187713320777e-02,-6.246941489074573500e-02,2.710502290595359631e-02,-1.466539058498231018e-01,-2.416231174290923156e-01,-2.617799606771785692e-01,-2.761117687946665344e-01,-2.363797163884107932e-01,-2.735830626767848939e-01,-1.993306061212447022e-01,-1.705662939796132593e-01,-1.861754328308434792e-01,-8.911784189031382586e-02,-1.855216271648675933e-02,-2.241982061923015329e-03,-6.952129759571584744e-02,-7.878673791889376221e-03,3.024795868186502552e-03,5.965529145246799975e-02,7.518852174019954870e-02,1.034532573685678289e-02,1.119471360723569564e-01,1.589741977969041931e-01,1.115538916734521852e-01,1.297987519417480029e-01,8.915473769765053236e-02,-4.070287249419461684e-02,1.033875042687717322e-01,-6.280266346401543187e-02,-1.211193631978319842e-02,7.444759000381459546e-02,-6.368310097043225482e-02,1.875365564075336666e-01,1.732978055633261905e-01,-4.924264464555511839e-02,9.624777220018904123e-02,2.198224212542874145e-01,6.201485718823482318e-02,3.004187099994167290e-02,2.157347475480117793e-01,-2.097387122071367460e-02,7.785755275451276824e-02,3.516908054178732868e-02,2.071658778193627704e-01,8.915087568612556357e-02,1.627189426055040966e-01,1.342724474859681438e-01,6.651390646041656363e-02,1.299427735138805606e-01,8.553009460228117034e-02,6.198417857614798437e-02
6.717708140347983248e-02,3.020247516732343929e-01,2.032285467992059891e-01,4.973252052584468258e-02,4.770743815283493561e-01,5.695108590201224397e-01,-1.432600384396926774e-01,2.302597652515044335e-01,1.000000000000000000e+00,2.485099952808071389e-01,9.560788877631855309e-02,4.701073270945518301e-01,3.737831300087801623e-01,1.200479541266894325e-03,-3.832312375456674580e-01,2.802343438070498127e-02,2.930997972681633201e-01,-2.223709030561045463e-01,-2.881682994653085306e-01,2.439502935915230930e-01,1.199233278958334453e-01,-3.579873040506863502e-01,-7.100614442956301731e-02,3.053711611539591808e-01,-1.415553781391914734e-01,-3.176420225568656330e-01,1.784801978168896186e-01,1.792238989969898444e-01,-3.370947619444205068e-01,-1.277463339674087817e-01,-1.126686849741786040e-01,-1.373648322360440377e-01,1.956928715042797751e-01,-1.985468960341706668e-01,-1.247318633163901902e-01,-6.506645135735415753e-02,-2.749207364245769836e-01,-2.084035514140782086e-02,1.252877649331477494e-01,-1.664710546080093445e-01,-2.183567953492821234e-01,1.056116839099314891e-01,4.055233458416772352e-02,-2.496237904531781182e-01,-5.228060417964289913e-02,9.361907500462966769e-02,-4.911726012819357667e-02,1.757027287865732534e-02,8.052562979923021114e-02,-3.072921504856221397e-02,-9.248939013325346847e-02,1.095227082085569598e-01,2.833153832929747803e-02,-1.483446313105705183e-01,4.343595274149185566e-03,1.419629552970008701e-01,-8.962479550439059195e-02,-1.640274028916416105e-01,9.597238942106864346e-02,6.617584191790450154e-02,-1.876622608094830058e-01,-6.234335686127408932e-02,1.399115241591049053e-01,-4.665523220878260019e-02,-1.638730847260136125e-01,-1.913609734140160890e-01,-1.050176394262016255e-01,-1.670691416229425769e-02,1.929297709465478128e-01,-4.335335822795410854e-02,3.879469243695064101e-02,-2.156278870039793003e-02,-1.486105890739497504e-03,8.101606049855124281e-02,2.122858174427294797e-01,6.973577540676646758e-02,-3.681889677139353612e-02,1.557875413008421861e-01,1.953791201729786209e-01,3.789989585232790299e-03,4.648707181245876480e-02,2.179266175723052201e-01,7.485955992433449002e-02,9.158038824879836601e-03,1.465166340341143292e-01,1.609958133210462050e-01,-1.037463479551715279e-01,-1.205583326551651208e-01,-1.010633171692908172e-01,-1.235414337511631100e-01,-2.015327722189817761e-01,-2.591864470405000898e-01,-2.587322941002453414e-01,-4.632135900428045044e-02,-1.781855327771786346e-01,-2.279912549337986816e-01,-1.116749965848956999e-01,-2.094850283503673360e-01,-1.277035990497125961e-01,-2.039173501595307469e-01,-1.749615944851272420e-01,-1.477237869301279427e-01,-8.513232627467400004e-02,-7.553995405030944355e-02,-6.867981978625041506e-02,-1.199450704082059560e-01,-1.950268168408813077e-02,-7.388033387263037710e-02,-1.262630222367381871e-01,-3.499977377788297817e-02,1.447267027104390258e-01,1.223736101955190669e-01,1.347706120591005696e-01,1.728455897882636982e-01,1.333291545396130262e-01,1.699250197095292791e-01,-4.718518249262473180e-02,1.592268035995777486e-01,7.363075355293226265e-02,-1.202308295485215867e-01,7.456677513234902244e-02,3.397290507943814819e-01,1.738232692807767932e-01,1.322620616962189022e-01,3.134979039144776825e-01,1.777100073544300163e-01,7.652855082786050311e-02,2.623107431453760574e-01,1.523178587823360852e-01,8.001591735171924291e-02,1.227395378254811376e-02,1.555692063833454819e-01,4.704450049362066122e-02,1.284468899942279030e-01,9.094704581646267938e-02,-4.482577018880434284e-03,1.048637954723964927e-01,2.426629788093380771e-02,2.990475705102269011e-02
-6.119996909496222548e-02,1.192546560506324432e-01,4.193700079511924472e-01,1.372143049972540940e-01,1.749968240477640657e-01,4.519131932961947262e-01,6.461698276339469804e-02,6.334999683779939106e-02,2.485099952808071389e-01,1.000000000000000000e+00,2.895793305427695752e-01,1.736444679129655055e-01,4.956289869734483156e-01,2.800831715227143359e-01,-3.104385965268135483e-01,3.502023265471530811e-02,5.331111390738940692e-01,6.544926796563960147e-03,-2.899067925105399124e-01,3.318045670490808452e-01,4.080069758376798639e-01,-2.379779199966947645e-01,-8.872927934162475050e-02,5.112654992014844524e-01,1.343919442983876333e-01,-3.248959026823739493e-01,2.143141237137291266e-01,4.745632012752843965e-01,-1.773530946456010060e-01,-1.792407511969735523e-01,-3.607460408191739409e-01,-1.340472725282060573e-01,-1.216063405423171984e-01,-3.827765178352817155e-01,-2.615530388713205867e-01,1.777062820546704836e-01,-1.174158331909476993e-01,-2.330563737279668091e-01,1.177080237204476826e-01,9.833286769035494423e-02,-2.623770503796784559e-01,-9.675162387524567642e-02,2.180868254326081557e-01,-6.582484911757330304e-02,-2.524362720429403906e-01,1.950069103455282296e-02,6.860276924628390394e-02,3.043508348488760396e-02,2.782546329729524981e-01,1.526830101836475218e-01,-2.015356969674646226e-02,1.137774261851732388e-01,1.701090589158468225e-01,1.205855743340965291e-02,2.861518735836205210e-02,2.037334400432881387e-01,8.256610721791154961e-02,-5.656512139149574847e-02,1.284178083731835895e-01,1.834454573481786033e-01,-2.363003944952032920e-02,7.828151830141402007e-03,1.781493917226528445e-01,9.713586307957715327e-02,-4.508453119824674428e-03,-2.378104998888145860e-01,-2.061137485429450356e-01,-2.395063193136233448e-01,-8.055644140818610938e-03,-5.803767711481443159e-02,-1.141838207331726668e-01,-1.580459284564102451e-01,-2.007585490498197678e-01,1.247572689654606326e-01,2.980012500035267853e-01,-1.056249263266991756e-01,-1.764071650930266189e-01,2.583935269443953242e-01,1.938473777077221738e-01,-2.168824394027263069e-01,-1.382145578884357018e-02,3.321985018351800711e-01,5.393512540319542192e-02,2.858534873337704174e-01,1.750090655563300845e-01,-7.910196819736568796e-02,-2.128727279597432964e-01,-1.303900912250186839e-01,-1.158852060553987873e-01,-2.648859404269766626e-01,-1.581001002446080217e-01,-1.972260670912509006e-01,-1.558640407230083846e-01,-2.035981473076329540e-01,-2.297445378912407465e-01,-8.012905325907820897e-02,-1.403210437504495978e-01,-1.926073364960118051e-01,-1.059692520644290176e-01,-1.242964749355572607e-01,-9.440160502428650291e-02,-9.441737303103718559e-02,-2.544743513277984703e-02,-5.408991636273965953e-02,5.291057858849830542e-02,-1.795888659647018951e-02,3.003624259827608611e-02,3.699842780308114365e-02,8.044406089527772821e-03,7.541332037075612615e-02,6.188952002818402104e-02,1.664539726000786174e-02,6.122545560310276719e-02,1.828923948739638941e-02,-8.669962737073520775e-02,-8.918848078315358419e-02,-1.829626413431863219e-01,-1.227428512081837342e-01,-1.314788192715743154e-01,-1.697392322332026693e-01,-1.658508731122331770e-01,1.680780613164688242e-01,5.610441983536464811e-02,2.429220889263289662e-01,1.952161804666826539e-01,1.091647158994139000e-01,2.115839311613349760e-01,2.321123327109600731e-01,-1.275783787276004756e-02,1.652575524570795706e-01,1.266575526033764110e-01,2.414793072354467773e-01,1.110415100683935785e-01,1.785272966507494563e-01,1.289131468819502135e-01,1.524461503986379862e-01,1.834995834843040352e-01,1.108089475777906396e-01,1.457559454882754457e-01
4.417412179077604556e-02,-9.643976049006862394e-02,1.788481695962500229e-01,1.635098692772427587e-01,1.213336625768701993e-01,1.171790466912099871e-01,3.057497360618298132e-01,5.033688756226485372e-01,9.560788877631855309e-02,2.895793305427695752e-01,1.000000000000000000e+00,3.313170071611199474e-01,2.309299028017912925e-01,6.405261947866088823e-01,-8.033776391400036798e-02,-4.386704127885657778e-01,4.182438101961833410e-01,4.593097760849434996e-01,-4.072246929938256876e-01,-1.411346678733949034e-01,6.327048171732394533e-01,8.393548017863843025e-02,-4.844646633215829445e-01,2.823369375201338904e-01,5.174201364824730920e-01,-3.406025520550256536e-01,-2.811762687831859120e-01,5.658489400639127309e-01,1.730530448327729787e-01,-5.035013941072337129e-01,-3.280805358942318617e-01,-3.398740754606809911e-01,-1.069792559253874148e-01,-1.088984317258857581e-01,-4.462603590774425477e-01,-1.473202431951675011e-04,9.338715466800739939e-02,-2.987776873646830755e-01,-1.948325253411392066e-01,1.677132629765126504e-01,-8.239292899655102642e-02,-3.275585119661875155e-01,-1.990024540319672644e-02,1.121524300213213865e-01,-2.215437586289480953e-01,-2.395893710399011334e-01,-8.539976639366531064e-02,-2.615082376456744420e-02,9.180652505246175710e-02,7.353675081908563754e-04,-1.085125756896964250e-01,3.725287519527807623e-02,1.433560550638495190e-01,-3.538759991370505481e-02,-7.360743912345460438e-02,1.441944839161838632e-01,7.647192239937850022e-02,-1.296965185167279211e-01,2.043767199659113354e-02,1.550824608392235571e-01,-3.464505888768451558e-02,-9.709499293042705981e-02,8.699829077108801878e-02,9.568492418110464970e-02,-9.220480184821524053e-03,-9.803100806446359006e-02,3.501227584513034313e-02,2.872044798796824852e-02,9.070045320127698152e-02,1.404693191222465276e-01,-4.335279362270417353e-02,-4.657536465130082681e-02,-3.589838446192370608e-02,2.847367217547737694e-01,1.300662502895006400e-01,-2.023374733953199889e-01,5.015665587484947896e-02,3.035726571342229896e-01,-9.985515854133261010e-03,-1.670995812081553511e-01,2.228651508888875588e-01,2.725611804873002142e-01,-1.545482491217525511e-01,-3.874645932596199049e-02,-2.293867486137814507e-02,-1.453239269558923019e-01,-7.490188399605321456e-02,-7.827246548419357353e-02,-1.331341455388646844e-01,-1.257728900589449028e-01,2.724871010484114162e-02,-1.562297217320584852e-01,-2.193941358800324815e-01,-3.613636000633439482e-01,-2.941850687650744423e-01,-2.653841613055888393e-01,-3.279478633087172801e-01,-2.419009033315399904e-01,-2.062474527488250275e-01,-1.713579846412979779e-01,-7.043698384305682736e-02,-2.035711856444210113e-02,8.081915703577715465e-03,-2.116836915418689874e-02,2.548123413699027173e-02,-1.181991991040218064e-02,8.334786732351547045e-02,9.453949746901910145e-02,-5.343324081748154243e-03,1.392888162272571118e-01,1.508510860098923323e-01,7.274717368346880764e-02,9.917178212405744486e-02,8.874394653752327999e-02,-4.491272747382595021e-02,8.879517013275416148e-02,-2.543596766025364372e-02,-2.094137951578883480e-02,8.017252115356508779e-02,2.250568269063417393e-02,1.852538578481307541e-01,1.003112097097629690e-01,-6.547267146727370202e-02,1.245073728085712012e-01,2.071416078317230292e-01,5.746353777238175087e-02,8.887701750727511341e-02,1.944596050824269062e-01,-9.337027141620836412e-02,3.392428568170771652e-02,6.454471234204774534e-04,2.214018891503264364e-01,1.117164648778169594e-01,1.568150413373913810e-01,1.007562612663711193e-01,8.543604401516873004e-02,1.097979844933016091e-01,6.585293339233566634e-02,5.619858294989256431e-02
