1.000000000000000000e+00,4.362447660537955851e-01,2.134667388323155668e-01,1.128740911918895973e-01,1.376312563461835059e-01,4.419180647830402153e-02,4.013670894842798209e-02,2.941155852781603824e-02,1.792827619340766482e-02,4.663901632438354622e-02,5.901112295610517339e-02,4.183506633910392958e-02,4.198966419478177003e-02,4.390991926358242536e-02,4.177191269612686580e-02,4.507695522525782122e-02,1.219862795971843328e-02,3.293391942354954166e-02,-8.163979199298520423e-03,-5.757605916569737484e-03,-2.358313501828359499e-02,4.142967839019779004e-03,4.265243144502346880e-03,2.520049050251371107e-03,1.404693016487008894e-02,3.375498746433595876e-02,3.958755739315372724e-02,2.092049706164008857e-02,1.316083340874519073e-02,3.596001191531267988e-02,3.758070119219573263e-02,3.182899369528591899e-02,-6.532409852753697822e-03,-1.203456079706257363e-02,2.400610870616008349e-02,-7.724837062133240416e-03,-1.128327393662337946e-02,-3.260226326812033781e-02,2.191926500531847163e-03,1.458576317130171919e-02,-2.128984481782494192e-02,-2.171787393570738869e-02,2.762633671099360127e-03,-3.685905793181762195e-03,-3.252119333671760724e-03,-2.707469158708507989e-02,-1.335438239635373253e-02,-1.421932398964693631e-02,-5.609189350797110646e-03,1.247591590268273126e-02,-2.364186631299863839e-02,-1.322187270288934652e-02,-2.312320004224580755e-02,-5.291019934950741931e-03,-2.062858252108425508e-02,-3.061506369377877887e-02,-3.194070138619108101e-02,-2.350762137556842990e-02,1.456888826722304783e-02,-4.224728173969963946e-03,2.419711557279725228e-02,-2.275428616538588064e-02,-5.112654591419762452e-03,-4.009155636568108999e-02,-2.549963895053198801e-02,1.426443496348136185e-02,-4.569057621428320760e-03,-1.936508623523197289e-02,2.447166529300844658e-03,-1.572660931180527855e-02,-1.227951330521277577e-02
4.362447660537955851e-01,1.000000000000000000e+00,2.534299542277334005e-01,1.996606896521913033e-01,2.192186511863438714e-01,1.200029556079095089e-01,4.727274139247785584e-02,6.254390149136884736e-02,6.200953537034398916e-02,9.591633752344347341e-02,4.413285361080110381e-02,2.741012781478081167e-02,3.691179096205516458e-02,2.058832854374790730e-02,3.033489572100590143e-02,3.759363586207008223e-02,-1.871218296343582846e-02,2.239241430641849759e-02,5.891130756823047439e-03,1.563414717466540121e-02,3.836575890516969681e-03,2.723240078330528557e-02,-1.735718195303572950e-02,-1.766776729770526758e-02,5.324396226968047124e-03,1.650464196096028055e-02,1.750936894397629381e-02,2.027446878024356802e-02,2.714942191201990401e-02,8.250121091046443839e-03,1.060579997616933196e-02,1.418211558470806356e-02,-1.047661521066227397e-02,-3.088051194376618264e-02,2.121967593916075298e-02,-1.245082376728708431e-02,-2.412037583597241228e-02,-2.844981501008960259e-02,1.588001882393738975e-02,3.573806670262338198e-02,-1.007082795712461662e-02,-1.494208954363162797e-02,8.907600667563216404e-03,6.446732520714661650e-03,9.175827581484299195e-03,-6.730163888470779530e-03,-5.447674409827014778e-03,-1.004358100170850768e-02,-5.982453224151921406e-03,1.062645765212229775e-02,-1.941124308381040817e-02,-1.104970082026639384e-02,-1.266662807837096172e-02,-2.209137906730018058e-02,-2.275242275008550891e-03,-2.986218767892290932e-02,-2.785011412151536594e-02,-1.840766561968235765e-02,3.581280236949764550e-03,-3.507302602014188836e-02,1.761075645430677100e-02,-9.268000584023978030e-04,-4.137327266307896413e-03,-2.648860389695438869e-02,-2.149988037087393299e-03,2.548668567279192831e-02,-1.298587824471682077e-02,-2.805028879286340648e-02,4.760003868389974142e-03,-1.655386365613423921e-02,-1.494408971319336268e-02
2.134667388323155668e-01,2.534299542277334005e-01,1.000000000000000000e+00,2.677866262349558046e-01,1.948292334028370321e-01,1.483648666785883363e-01,1.296668604764923960e-01,4.302518081495587676e-02,5.120322153612142518e-02,6.912045546187750578e-02,4.371191967351179680e-02,2.411507304809589261e-02,2.427880751228341308e-02,3.212118402831104502e-02,4.572060087027327718e-02,4.658051293220984851e-02,1.377069690609486821e-02,5.705751130864281789e-02,1.042098361796354664e-02,-1.663913130043257263e-02,-2.934907759942789740e-02,2.924480507262817823e-03,6.648382946826614064e-03,-2.090798430963287588e-02,-3.497509239152065547e-02,1.994810357627935238e-02,-1.905031328112955988e-02,8.564301630468382220e-03,1.618445197689644469e-02,1.650725559992177044e-02,1.399466817563480708e-02,-1.392551247823981290e-03,-2.357160419386022943e-02,-4.179619354310543794e-02,-3.681327201735095506e-03,-7.613591955954270886e-03,-1.131244475768630221e-02,-9.603314679382253527e-03,-4.427241779211427315e-03,-4.199503015896045703e-04,-5.406229780508569477e-03,8.034647963776965149e-03,-7.889393488511050809e-03,5.472244697558829515e-03,2.555644943920296064e-02,-1.587055485840221979e-03,-8.691910347898609834e-03,-2.285920399506274903e-02,1.141917947246407807e-02,1.025684964390960116e-02,-1.503288011348281189e-02,8.109320985263169385e-03,-6.214594358128373679e-03,-1.183303123366905713e-02,1.201316723156328672e-03,-2.274709457816536176e-02,3.986768511822337026e-03,-4.325678029609265896e-02,-2.081927784487879948e-02,-6.278448867104149608e-04,2.170124878394544266e-02,-1.536226287184904067e-02,1.161568460321163801e-02,-2.572312416930661733e-02,-2.488247188557355175e-02,4.484212256780174821e-03,-1.737831447347946458e-03,1.960636010969761880e-02,5.200786963456550949e-02,-1.172790543025561440e-02,-4.359437660625341618e-03
1.128740911918895973e-01,1.996606896521913033e-01,2.677866262349558046e-01,1.000000000000000000e+00,3.026116450688924320e-01,1.961392916958170918e-01,2.183852519345728660e-01,1.584437683457331214e-01,1.113614964253639150e-01,9.959046983546115950e-02,9.031241754157805224e-02,8.760775623719727068e-02,4.942520018359659179e-02,2.765620063548794583e-02,3.230843143638448961e-02,2.971210054235119691e-02,-3.207534736271770021e-02,7.737767303861552148e-02,1.544140739668121466e-02,3.094375126630669829e-03,5.267733820151712524e-04,5.482541445134847015e-03,-2.221248942677658128e-02,7.061374704324861924e-03,-9.793061789513023141e-03,4.776320920356758731e-02,1.653794896717727947e-02,2.699690773481775927e-02,6.596989669795678968e-02,3.825921250021442621e-02,6.472070118461753507e-02,4.468244291072327734e-02,4.422096449727105916e-02,4.655992511261854323e-03,4.248309392097365800e-02,3.193084783565833945e-02,-5.243153919410232372e-02,-3.752202768835249946e-02,3.610323038582238103e-02,2.810752330891462189e-02,-1.605834644563998090e-02,-1.889371154475118220e-02,2.399598379929350142e-02,1.881726404252102511e-03,9.593840801971441476e-04,8.862350174876621606e-03,-1.989842623912578545e-02,-2.399566172075166814e-02,-1.685689996913653996e-02,-8.445692484811272160e-03,-1.465960634085157130e-02,-4.152776522932651038e-02,-3.973559791773569050e-02,-9.996035868026524260e-04,-2.090362035009726838e-02,-4.187870411784110763e-02,-1.461211447046312402e-02,-3.625419723054011667e-02,-1.818952886563981325e-02,-1.059112483663096106e-02,6.110461107695524391e-02,1.144225497889842305e-02,-4.649415934740275258e-03,-4.206793282681149659e-02,-3.470306033999420031e-02,-3.366180904136062760e-03,-2.129649175374436626e-02,7.937666697809328672e-05,1.881037056106589153e-02,-4.300898856206996496e-02,-1.364319476963034121e-02
1.376312563461835059e-01,2.192186511863438714e-01,1.948292334028370321e-01,3.026116450688924320e-01,1.000000000000000000e+00,2.912875758681483518e-01,2.281366043049596892e-01,1.013211306602873479e-01,1.218443556635414732e-01,1.520495677258603684e-01,1.065043980278801983e-01,6.957585860444730728e-03,-1.680487633737509992e-02,3.865988963913634391e-02,9.881134636827175466e-02,9.217353113193037240e-02,4.699200860883032127e-02,9.396731388944196128e-02,8.441842874264063323e-02,3.945821146186151429e-02,4.274983463926116528e-02,2.958927724944241527e-02,-1.670052117402844039e-02,-1.160971175904115388e-01,-7.112203325722293856e-02,-1.824584912297788977e-02,-6.459020753307716245e-02,2.566009222208992177e-02,4.168584092392721430e-03,-2.061886957339928439e-02,1.893299297689359298e-02,-2.177434967968391519e-02,-2.138023514784343979e-02,-2.360683206679834931e-02,6.173499051953703319e-03,-2.232538635085804316e-02,-6.250657654141300590e-02,-3.810155863837871165e-02,-9.267290768776527757e-03,-2.159676542112343861e-02,-1.676443401888100260e-02,-1.811736229686847915e-02,-2.741121694362877101e-02,3.541701617387527676e-04,1.490963508373643713e-02,-1.125398768281889866e-02,2.260801082496132972e-02,-5.880627034096614671e-03,-2.247402721892961461e-02,3.008686099117617238e-02,6.346317956518005184e-03,-3.397184282967419255e-02,-7.975094506199508155e-04,8.231788614234111789e-03,-1.464470916527285671e-02,-3.090928636204115856e-02,1.426633891315097491e-02,-3.975773869886906065e-02,-3.646896250141160728e-02,-1.858598404833919360e-02,2.649122729778396676e-02,3.664766707580139476e-02,2.054979356925705491e-02,-3.314056182984864707e-02,-5.438258033164814279e-03,2.512095229099451169e-02,-2.820916727660083625e-02,-3.386746419352069243e-02,3.799102204747067252e-02,-2.392311169517474106e-02,5.184849597829163832e-03
4.419180647830402153e-02,1.200029556079095089e-01,1.483648666785883363e-01,1.961392916958170918e-01,2.912875758681483518e-01,1.000000000000000000e+00,2.297895646595683183e-01,2.703553573639115234e-02,1.795110836322860171e-01,2.080241078371805885e-01,9.460724004579806889e-02,5.480570580234522121e-02,-2.455251038433818589e-02,-9.350876789241201192e-03,3.246101388728788676e-03,8.178551175200243772e-02,-3.463659168308352160e-02,-1.382221350346321369e-02,-2.909779600241415437e-02,-4.952108069693694770e-02,7.006688555406381108e-04,-6.746954741985361492e-02,-6.187573584613262128e-04,-2.097092536453465383e-02,-2.644117314187475337e-02,6.474519999439394546e-02,-6.014485505463353782e-02,1.273302614487598072e-02,-3.522013347316853282e-02,-3.681078017536073416e-02,9.337224692445791549e-03,-4.580574285582444949e-02,6.025990126869338985e-03,-9.574729197624882310e-03,1.382815925691038492e-02,2.503256515292285461e-02,-5.350570922063431489e-02,8.540057393199587893e-04,-5.158673982321885197e-03,-2.828208717531916633e-02,1.222860376765831994e-02,2.080056111569961175e-02,-2.509619939928766849e-02,-1.104578526478098600e-02,4.931234876992419275e-02,3.432090736195541475e-02,1.081881866166044259e-02,5.145535567808692985e-03,-9.592533790792206333e-03,1.798227528695919147e-02,-1.349717083572343594e-02,-3.787814157555970118e-02,-1.023218204826511178e-02,1.722991018481011272e-02,1.971089321802985822e-02,-1.232308477254564182e-02,1.917507203168619320e-02,-4.690709093770878413e-02,-8.541485274681759909e-06,1.311143993000946084e-02,6.983979316247858338e-02,2.472996726997122099e-02,2.697716596693290614e-02,-4.783915549806524309e-02,1.629703705410046055e-02,5.507419910579746530e-02,-2.354197049866126740e-02,-3.633357159645077272e-02,3.116417893732518346e-02,-1.612570519824009160e-02,-2.132607488894601444e-02
4.013670894842798209e-02,4.727274139247785584e-02,1.296668604764923960e-01,2.183852519345728660e-01,2.281366043049596892e-01,2.297895646595683183e-01,1.000000000000000000e+00,2.090221066689127716e-01,-1.623429279609434409e-02,8.493118582630412861e-02,6.473809812607217440e-02,7.144332397180527816e-02,7.023966967307303244e-02,5.366487657883545898e-02,5.765447170702253654e-02,5.816964790634517046e-02,5.523423743272107278e-02,9.271076935775625361e-02,-6.322385998450720350e-03,1.633334920780043706e-02,-2.832948012584053654e-02,-4.600727526635352282e-03,-4.447408976182769258e-02,-1.783487623230080657e-02,-2.064823056145215999e-03,5.276189632772276816e-02,-2.640515873795560783e-02,5.133231661014172470e-02,-2.781104720147372505e-02,2.371759531866432166e-02,5.929191260669038066e-02,4.931666923907571110e-02,1.295556306455890143e-02,1.171233913002229718e-02,7.130799293517202375e-02,-8.018263752374899661e-03,-6.498153591644935390e-02,-5.062851738505706745e-02,1.152209881833628907e-02,2.224678743926169697e-02,-1.539052053344656598e-02,-1.245923208933423683e-02,5.711012812385998436e-03,1.439226360623897978e-02,2.768180179674198556e-03,-5.873341656876252849e-03,-2.181456606514672880e-02,-4.281913650492805146e-02,-1.039555018168443652e-02,2.465610440198927333e-02,-5.622158625693576134e-02,-4.649398012257614787e-02,2.991420173995586011e-03,1.516693210101702043e-02,-2.119760206128544142e-02,-5.049965000105129456e-03,-1.854077067141461990e-02,-1.512482955399581039e-02,2.300500110467569581e-02,5.936412322194639657e-02,6.596264107699710555e-02,-1.116136109701681631e-02,6.898215745199469916e-04,-5.444567506521711536e-02,-4.346132800914136868e-02,-2.303325657911294011e-02,-5.019443340955166005e-02,-3.394099294549300649e-02,1.066584635842689373e-02,-1.439979515876027918e-02,-1.617112748113719994e-02
2.941155852781603824e-02,6.254390149136884736e-02,4.302518081495587676e-02,1.584437683457331214e-01,1.013211306602873479e-01,2.703553573639115234e-02,2.090221066689127716e-01,1.000000000000000000e+00,2.628904324268812598e-01,1.624537830145931228e-01,1.928180790732613725e-01,9.486810924066980955e-02,1.246650296265378599e-01,5.185804679250252680e-02,4.526738636895965423e-02,-4.569634421178698364e-02,-2.986086610000481673e-02,9.493387951611473308e-02,1.454558866891476898e-02,5.033870565199601715e-02,-5.919606106269435786e-02,5.772898765658928538e-02,-9.188643612858246601e-03,1.766378522728866357e-03,3.778464943781117275e-02,7.609644468112294891e-02,3.175111560372412961e-02,5.065443031767771082e-02,2.344191048238303265e-02,3.181579640654242508e-02,6.856710099293110428e-02,5.355265031764008116e-02,2.864469974080018425e-02,4.067110495317500379e-02,9.426608422775017981e-02,4.718685167117827456e-02,-6.337348299119228978e-02,3.207383018344264758e-02,8.783063820863222515e-02,1.573405574338050672e-02,7.271530300572891237e-03,2.540599904332072403e-02,3.594103539574767386e-02,6.362940676968098855e-03,3.608224961481677762e-02,5.988746160560603354e-02,-2.474509888424817824e-02,-7.230539573269039247e-03,1.254638852273732078e-02,1.656219336977591758e-02,6.590991724586061327e-03,-2.324925383222800276e-02,-2.057206333002762483e-02,-4.101226344308925298e-02,-1.624000676639926477e-02,3.878266735055294068e-02,-4.506458142991953686e-02,-4.962527470451934784e-03,-1.276915406588638793e-02,-2.938840006498839516e-02,-1.222892435377417528e-02,-6.053357804633400369e-02,-6.519551224710619375e-02,-3.800581055929937863e-02,-4.650756496491698089e-02,-6.509388407032762336e-02,-4.342854151527331813e-02,-1.900853718359254291e-02,-3.019761025518595196e-02,-2.412871860639398749e-02,-2.826429113315841526e-02
1.792827619340766482e-02,6.200953537034398916e-02,5.120322153612142518e-02,1.113614964253639150e-01,1.218443556635414732e-01,1.795110836322860171e-01,-1.623429279609434409e-02,2.628904324268812598e-01,1.000000000000000000e+00,3.053783606473086665e-01,3.418739776838100597e-01,1.748256098456339169e-01,1.404936333740373355e-01,1.154475196116499375e-01,6.339694353020620954e-02,3.539343059997723806e-02,7.101199318560832106e-03,-7.692002541758454805e-03,6.453416301271058461e-03,4.100526307632430985e-03,-1.261166110291456026e-02,3.269802629102740166e-02,-1.206517759164720330e-02,-7.496775873929238665e-02,-5.357854735913988170e-02,1.616022171159344281e-02,-8.928862265493214823e-02,-4.619701106505762905e-02,-5.157162137935353968e-02,-2.746820922927842995e-02,-2.676195032331240078e-02,-3.725393588567905978e-02,1.563493262088731448e-02,9.513306102709057641e-04,-6.988745849129050260e-03,1.952731576236715547e-02,-5.270123018356166061e-02,3.140053527229904468e-02,4.970999875242727850e-02,-1.608255757814201076e-02,-1.101197779243254411e-02,3.705918605635757229e-02,2.199391579623292611e-02,-1.207622655999809023e-02,4.163988771161653002e-02,4.260990100214336745e-02,2.605631017498830082e-02,3.629640005369191152e-02,4.797530738359836316e-03,-8.501862020697637619e-04,4.838406257832267993e-02,-1.843383098489928887e-02,-3.168504704404630917e-02,-2.373503979721772530e-02,1.332169609829394509e-02,8.619087347066451202e-03,-9.589059815199701617e-03,-4.458999551805841594e-02,-3.438383217963193045e-02,-3.310520612022934545e-02,-8.434925100431749090e-03,-8.422726522347516107e-03,-7.674717497099066074e-03,-8.210682981714930231e-03,1.913997967951412693e-02,1.002174841211134031e-02,1.729488509319688366e-02,3.412237591486470129e-02,1.540161997232354120e-02,-1.652993896737475462e-03,-1.285752146751865249e-02
4.663901632438354622e-02,9.591633752344347341e-02,6.912045546187750578e-02,9.959046983546115950e-02,1.520495677258603684e-01,2.080241078371805885e-01,8.493118582630412861e-02,1.624537830145931228e-01,3.053783606473086665e-01,1.000000000000000000e+00,2.539522800483545173e-01,1.136456724912619787e-02,-7.784190481631639291e-02,1.398221858768202985e-01,8.981635951178484900e-02,1.562295313248339146e-01,1.492950859409741468e-02,3.089339228566767917e-02,1.508483933023904364e-02,-6.261494228973847522e-04,1.048270980510993405e-01,-1.974736868889567787e-02,-7.080027052313218883e-02,-9.987491584308627601e-02,-7.120807567942039062e-02,1.368251239183118986e-02,-1.392285972201112720e-01,-6.340325940679496231e-02,-4.141807156258905248e-02,-2.850710579611555329e-02,-2.841141522253344195e-02,-7.284893984684134849e-02,1.350161762297904904e-02,-1.664871284420726960e-02,-4.522516929455861097e-03,-2.521219313567586717e-02,-5.302274657140640390e-02,-2.654439831447268083e-02,9.959667405458552322e-03,-3.930465548948925553e-02,-8.151304126366545888e-02,1.524586886740689207e-02,1.896870106248411264e-02,-3.553648861818378690e-02,-8.728629634583994629e-03,-1.273131952963397345e-02,3.066461442671126678e-02,-2.492376517243152789e-02,-7.759083221949870761e-03,5.240943631056220464e-02,4.636576768344651683e-02,-3.150196496665302187e-02,1.599336903027235440e-02,5.617472034198389003e-02,1.327407529732091765e-02,-4.452244801468249052e-02,1.883435351812920780e-02,-6.537150531355924443e-02,-4.327746979605819055e-02,9.027606288266874432e-03,2.863587677633328693e-02,1.041045882904355173e-02,5.122465101464197118e-02,-4.545942768276180906e-02,3.486695121138162767e-02,9.985591246168921964e-02,3.936095036124884206e-02,-3.645772404941949318e-02,3.607610237310188150e-02,2.223275098460587851e-02,-1.147029451436100585e-02
5.901112295610517339e-02,4.413285361080110381e-02,4.371191967351179680e-02,9.031241754157805224e-02,1.065043980278801983e-01,9.460724004579806889e-02,6.473809812607217440e-02,1.928180790732613725e-01,3.418739776838100597e-01,2.539522800483545173e-01,1.000000000000000000e+00,2.581657919386538547e-01,1.835872030307051095e-01,2.957080524822525147e-01,2.581319669215828005e-01,1.769940898338568103e-01,8.738776721103463929e-02,1.158817273938055753e-01,1.396248313972713907e-02,-3.274150266944875209e-02,-6.778557811887561679e-02,-2.952967406387993834e-02,-8.341540345283954272e-02,-4.850246164810650268e-02,9.602761382402810394e-03,4.529186821612190411e-02,-3.491661509985170830e-02,4.715464364717428941e-02,4.014846255303800709e-02,2.713415757103378873e-02,-6.578402757267540028e-03,7.311771324436831809e-02,4.301575172429557975e-02,1.667584784566141995e-02,6.625372131044608356e-03,6.062253017866112322e-03,-3.127027369361015663e-02,-1.414687464641645014e-02,3.356265123609764728e-02,-2.294772206413771276e-02,-3.645667400032271549e-02,3.782316503021651219e-03,2.762106799929950340e-02,-5.921917012791071827e-02,-2.950920731840882619e-02,-1.394171517953106398e-02,-3.799463357231563226e-02,-7.199501371631013280e-02,2.763291299693773281e-02,2.919694880562538619e-02,-9.714707465055542196e-03,-7.929580900147384370e-02,4.907424902181807200e-03,-2.262368248926013500e-02,-8.570567905663144248e-02,-3.615169945985234699e-03,-7.485632190754073871e-03,-7.430390488020394146e-02,-2.768942779919544156e-02,2.625506092725782975e-02,4.809805725893594695e-03,-7.325661630095388344e-02,3.651988163197977810e-03,-2.261696128970921635e-02,-1.512475466265202420e-02,2.362954523029513892e-02,4.892723593474235938e-02,-3.401001399629128424e-02,3.754245366083886534e-03,5.881080262894469116e-04,6.419655788490771613e-03
4.183506633910392958e-02,2.741012781478081167e-02,2.411507304809589261e-02,8.760775623719727068e-02,6.957585860444730728e-03,5.480570580234522121e-02,7.144332397180527816e-02,9.486810924066980955e-02,1.748256098456339169e-01,1.136456724912619787e-02,2.581657919386538547e-01,1.000000000000000000e+00,3.293134166915386296e-01,2.457262172462916228e-01,8.200663338525274182e-02,-3.014605735690150876e-02,4.822067909739096575e-02,9.170495752373036824e-02,-3.908757876834841744e-02,-5.452979698340039427e-02,-1.886623033063260235e-01,3.736405700528765139e-02,2.310727868056074163e-02,3.572398892276482801e-02,6.267154324554440048e-02,1.274604396655750482e-01,6.144229749634277232e-02,7.163788717439406595e-02,3.411176942935283118e-02,6.057627578194701989e-02,4.214831940535650190e-02,6.950830607918202786e-02,8.678982086058895096e-02,3.660114025645214153e-02,3.184163022577927993e-02,3.855124237551098981e-02,-1.885875587263436889e-02,-1.892192265537982754e-02,8.054422530841319483e-02,4.761304464903141909e-02,-8.756858817879676488e-03,-3.668477139705670492e-03,7.767396057894424000e-02,1.401783016170232710e-02,-2.945097957138208614e-02,6.065225821201033346e-02,-4.061664600242007733e-02,-5.172787900172020996e-03,4.647976070813412269e-02,6.932074630622914874e-03,-5.341282802616439951e-02,-3.532798198613197604e-02,-5.463595127525091091e-03,-8.824269929655545464e-02,-3.624747110229348951e-02,3.934769835097308432e-02,-4.991273585042169808e-02,-4.066116943317021545e-03,3.789276033024920054e-02,5.309498076330280156e-04,-1.486320159150741893e-02,-1.016496195763669230e-01,-6.786040642916305043e-02,-3.968242326361079431e-02,-4.425809945172196058e-02,-5.082857193722086636e-02,-2.316782269573034597e-02,-1.014461174247716958e-02,-5.138246616307536735e-02,-1.895786197985828035e-03,-8.830186845350146072e-03
4.198966419478177003e-02,3.691179096205516458e-02,2.427880751228341308e-02,4.942520018359659179e-02,-1.680487633737509992e-02,-2.455251038433818589e-02,7.023966967307303244e-02,1.246650296265378599e-01,1.404936333740373355e-01,-7.784190481631639291e-02,1.835872030307051095e-01,3.293134166915386296e-01,1.000000000000000000e+00,2.092452083500234705e-01,1.536060210828275041e-01,-1.505810403606491210e-01,1.047016799262444342e-01,1.759520511702307721e-01,-6.811222855587488467e-02,-1.019925380434415219e-02,-1.673788349941574549e-01,5.269428003834899371e-02,-5.300190352019206949e-03,3.212686012285006359e-02,6.330245787963297011e-02,6.237124494381372092e-02,5.478363027548256714e-02,4.656629457619865936e-02,4.517333462430812158e-02,7.113767278132000771e-02,2.295451291307440064e-02,5.324991054659962419e-02,1.222201729654178934e-02,1.523046689114127862e-02,1.881800298261605137e-02,4.158489206084035189e-02,2.669569762276226971e-02,1.084499192513410995e-02,6.392477628829944247e-02,6.551878227557618450e-02,2.176407575346343132e-02,1.377954543310641513e-03,6.792233407889247676e-02,4.516997049950514237e-02,-3.659563655253727371e-03,2.663201275792092398e-02,-2.337068669395782686e-02,-2.506702613733539919e-02,1.325841266724918366e-02,1.787680851410013497e-02,-2.731089464379427012e-02,-5.013747325070332106e-02,-4.673421750899322408e-02,-6.657482202335041066e-02,-2.847336819496813429e-02,1.947682905426656105e-02,-6.237678310947414317e-02,1.961542846127411338e-02,9.321966430983676805e-03,-1.114909287963228128e-02,-2.495454473830635567e-02,-6.840257478276420833e-02,-5.816503400002579621e-02,-4.458007886661209673e-02,-6.764963271066179451e-02,-6.050189267056756137e-02,-3.683631434777247943e-02,2.646366249794338248e-03,-2.582170364623014372e-02,2.019275292336945166e-02,-2.612824563338516596e-03
4.390991926358242536e-02,2.058832854374790730e-02,3.212118402831104502e-02,2.765620063548794583e-02,3.865988963913634391e-02,-9.350876789241201192e-03,5.366487657883545898e-02,5.185804679250252680e-02,1.154475196116499375e-01,1.398221858768202985e-01,2.957080524822525147e-01,2.457262172462916228e-01,2.092452083500234705e-01,1.000000000000000000e+00,4.583094623578958249e-01,3.027290318922769008e-01,4.066185496428192381e-01,2.146877724661363784e-01,1.443485327718108946e-01,4.829172610685090322e-02,-7.423707313310524969e-02,1.361113314401423413e-01,-7.146317676513185002e-02,-1.346694640773518359e-01,-3.502301826986745342e-03,-2.718221741705735897e-02,7.448053777304053207e-03,2.728188777507476685e-03,1.773088027697827807e-02,4.686180362608743238e-02,-3.919176189587652431e-02,3.299406341981381968e-02,1.225964688954850161e-02,2.528481013706294217e-02,-5.130536991718427642e-02,-4.244230806071162820e-02,3.106804442572186700e-02,-1.376715762090722009e-02,-1.044957349408361970e-02,1.351122137066826552e-02,3.694887269431080417e-04,-4.068156580279785883e-02,1.945629237622414215e-02,2.254747866603910508e-02,-4.861040913055495599e-02,-1.544042085754373031e-02,-1.301866041164449588e-02,-4.488290246200357658e-02,1.421113427912086211e-02,1.088665332284084308e-03,-1.770477665352640853e-02,-2.647186173471054171e-02,5.238972406456508801e-03,-3.202321561088538465e-02,-4.273894689873362907e-02,3.203936235319670284e-02,-2.135456510772362065e-02,1.425053989465062919e-02,8.806283297040119751e-03,3.625180462704959139e-02,-5.037029342699352041e-02,-1.085646593029180595e-01,-3.141170808083026955e-02,-5.113309757734726957e-02,-6.672774433802750038e-02,-1.394664540184664507e-02,4.426624902385892235e-03,-5.013846908861011031e-02,-2.239948348623696517e-02,2.838144363256593292e-02,1.122800278440096340e-02
4.177191269612686580e-02,3.033489572100590143e-02,4.572060087027327718e-02,3.230843143638448961e-02,9.881134636827175466e-02,3.246101388728788676e-03,5.765447170702253654e-02,4.526738636895965423e-02,6.339694353020620954e-02,8.981635951178484900e-02,2.581319669215828005e-01,8.200663338525274182e-02,1.536060210828275041e-01,4.583094623578958249e-01,1.000000000000000000e+00,3.407183247629231304e-01,3.421363784481015191e-01,1.293150536557751418e-01,3.404568921459519976e-02,8.435949625905185545e-02,-1.930136219258930114e-02,3.468130586421928202e-02,-6.145854464522714639e-02,-1.621861398761140771e-01,-8.401466222457562583e-02,-1.221820844331953648e-01,-7.042601237675584491e-02,-1.658721690337154955e-02,-1.404113950383636261e-02,-2.388383162375081262e-03,-3.648782191712282574e-02,3.610211979437524116e-02,-4.977026860702975924e-02,-1.390656150705364344e-02,-2.331915454275073143e-02,-1.606159093454310668e-02,-2.456533603117174477e-04,2.190072626588274521e-02,1.473718554144966969e-02,2.143176017378430054e-02,6.373689094234319874e-04,-1.022018741702459578e-02,1.545241542979041045e-02,2.830978004938123835e-02,-4.618299659971868837e-02,-3.254434307440994684e-02,1.264746116059643072e-02,-1.751009476954966393e-02,2.280621910017912798e-02,3.519538518218533196e-02,-6.415567000527036372e-03,-3.349175906604221625e-02,-4.167874761112049485e-03,-1.762165985634570053e-02,-6.528251354327863076e-02,1.553071493756943630e-02,2.151588992552083690e-02,-2.612081615829120809e-02,-2.674992077162724122e-02,5.994513844646463807e-02,-3.876190401576700556e-02,-4.798186562279248973e-02,-2.223278113362347260e-03,-4.149746920099605524e-02,-5.685752313461635288e-02,-3.193138952873082054e-02,-7.422222002559419711e-03,-7.802807961142478252e-03,1.856925372392023363e-02,1.069704283688543631e-02,3.698187876529566986e-02
4.507695522525782122e-02,3.759363586207008223e-02,4.658051293220984851e-02,2.971210054235119691e-02,9.217353113193037240e-02,8.178551175200243772e-02,5.816964790634517046e-02,-4.569634421178698364e-02,3.539343059997723806e-02,1.562295313248339146e-01,1.769940898338568103e-01,-3.014605735690150876e-02,-1.505810403606491210e-01,3.027290318922769008e-01,3.407183247629231304e-01,1.000000000000000000e+00,1.996373760556515164e-01,8.931206608990255313e-02,1.392097570353609537e-01,1.062244240778348475e-01,1.359722404887920011e-01,6.937312951605560662e-02,-4.063588074051162347e-02,-1.430524223738123546e-01,-5.563266531578132945e-02,-4.535759364891743528e-02,-4.995658262391981103e-02,1.651585681455929738e-02,5.054386091888533362e-03,2.118660490490588064e-02,-5.045433590113260203e-02,5.810712174483144074e-03,1.506565872490813439e-02,-1.280627907952321294e-03,-3.162401364344534505e-02,-1.254154879909184263e-02,-2.572075041630565370e-02,-1.972435106975571617e-02,1.429786334662215726e-02,-2.268561289618278506e-02,-1.322730070272934953e-02,-4.667901309800206338e-04,1.303792912759744321e-03,4.839081949581754659e-03,1.658583079349030534e-03,-1.823235903591979845e-02,1.969520422745618237e-03,-7.552276712228078726e-02,-5.873854287820569862e-03,2.635653701207949992e-02,2.002678194461420674e-02,3.280872967704703911e-03,3.670412671738287197e-02,3.136767358601003867e-03,-3.678073550574503803e-02,-1.256466700631113549e-02,1.239451144560583737e-02,-7.506614532385334770e-02,-2.014147575317568398e-02,3.838251873086620525e-02,1.151389703976013479e-02,-3.143203311927638549e-02,2.644918757677329479e-02,-4.769449739078597539e-02,-3.012512680856346825e-02,2.069675226585004219e-02,2.854581869229166208e-02,-4.143767750241519887e-02,-1.283689999062405905e-02,3.358353099564250627e-03,1.277190982086127274e-02
1.219862795971843328e-02,-1.871218296343582846e-02,1.377069690609486821e-02,-3.207534736271770021e-02,4.699200860883032127e-02,-3.463659168308352160e-02,5.523423743272107278e-02,-2.986086610000481673e-02,7.101199318560832106e-03,1.492950859409741468e-02,8.738776721103463929e-02,4.822067909739096575e-02,1.047016799262444342e-01,4.066185496428192381e-01,3.421363784481015191e-01,1.996373760556515164e-01,1.000000000000000000e+00,2.758733634774711563e-01,2.625677333113144996e-01,1.488713654507547168e-01,-2.678510093874979930e-02,1.242068154074734698e-01,1.577854558211935765e-01,-8.423624528481898910e-02,-7.868517258615159715e-02,-8.796153604063579670e-03,4.647526037795568499e-02,4.190767521667672357e-02,3.918329614140360351e-02,3.114309373031989153e-02,3.155495447395685084e-03,4.507045774051522680e-02,5.006011782213959718e-03,1.800318028992449818e-02,9.319313014219699279e-03,-2.279757844227052119e-02,-2.782825983482296959e-03,-9.443869243228030300e-03,-4.116788367444863816e-02,4.194067199567170362e-02,9.859762194994179871e-03,-5.075222399408949731e-02,-9.930181870679830047e-03,4.328192330142579397e-02,-3.223603763120209270e-02,-4.639719132911623162e-02,-1.367816435575501532e-02,-9.267553778663459654e-03,-1.235151529134940508e-02,-1.473776534117646891e-02,-1.597625855353535657e-02,-4.999840996551560210e-03,-2.110713595824927763e-02,-2.996776849857794509e-02,-3.423095323993716188e-02,3.452545723409756323e-02,-3.114114187221724526e-03,-3.478018951330122573e-03,-2.028523842930429755e-02,3.980804893134313321e-02,-6.161736964761107410e-02,-6.049430722647921449e-02,-2.406512844851771762e-02,-2.515944809726220616e-02,-4.529242984199560035e-02,-3.005580989064846054e-02,-4.091682146076919963e-02,-4.773213426167095819e-02,-1.955337322469777317e-02,-2.970108724562462929e-02,1.543253907313057137e-02
3.293391942354954166e-02,2.239241430641849759e-02,5.705751130864281789e-02,7.737767303861552148e-02,9.396731388944196128e-02,-1.382221350346321369e-02,9.271076935775625361e-02,9.493387951611473308e-02,-7.692002541758454805e-03,3.089339228566767917e-02,1.158817273938055753e-01,9.170495752373036824e-02,1.759520511702307721e-01,2.146877724661363784e-01,1.293150536557751418e-01,8.931206608990255313e-02,2.758733634774711563e-01,1.000000000000000000e+00,1.810853400753721920e-01,1.416460448576944420e-01,-5.757777887082795448e-02,9.787525733435008257e-02,-3.058721776802719727e-02,-5.121702946878184393e-02,3.685476994812147966e-02,6.257078881589510366e-02,7.867755953394041379e-02,1.134622959886387727e-01,1.331168371833180153e-01,1.364350864791412099e-01,1.499749081281205876e-01,7.090875503245298861e-02,5.449734331800104581e-02,3.117075871479440402e-02,4.369667660349558364e-02,6.798442484771517746e-02,2.738555282474475563e-02,-9.411711673551844846e-04,-1.087089360765811259e-02,8.429376632815421821e-02,1.911787490456085328e-02,-4.417955360429263317e-02,2.515640944133890750e-02,2.447370417394308453e-02,2.337522096490031454e-02,1.228029725245579490e-02,-2.044396834203018876e-02,-1.414800975827057092e-02,2.509220060536592953e-02,2.277574480541652915e-02,-5.264594316680327318e-02,-6.135348239609231952e-02,-2.507438174668963696e-02,-5.491008329739122812e-02,-5.931049267002271724e-02,9.617038415411047203e-03,-4.773051895963562052e-02,-3.327761118259720680e-02,5.043460538650961986e-03,6.450991928461265179e-02,1.732321346585283250e-02,-5.539467691258859183e-02,-4.554591969275417762e-02,-5.305964946364452595e-02,-1.145114134581238369e-01,-1.007260161824672789e-01,-6.638724219062637488e-02,-2.516773525557454080e-02,-9.912664720509917204e-03,-6.703300766673351251e-03,2.342420303422985267e-02
-8.163979199298520423e-03,5.891130756823047439e-03,1.042098361796354664e-02,1.544140739668121466e-02,8.441842874264063323e-02,-2.909779600241415437e-02,-6.322385998450720350e-03,1.454558866891476898e-02,6.453416301271058461e-03,1.508483933023904364e-02,1.396248313972713907e-02,-3.908757876834841744e-02,-6.811222855587488467e-02,1.443485327718108946e-01,3.404568921459519976e-02,1.392097570353609537e-01,2.625677333113144996e-01,1.810853400753721920e-01,1.000000000000000000e+00,2.231901214818265144e-01,1.197077858356689062e-01,3.363220459444530297e-01,1.415158103709363013e-01,-3.016834781159309364e-01,-1.484092126192752825e-01,-6.453845300310299959e-02,-1.836637503521108133e-02,5.948317069682703545e-02,5.509824017354496284e-03,-2.742470509254513536e-02,4.371464276286404077e-02,-1.820535499554479589e-02,-1.220046403445320012e-02,-3.262885787502684681e-02,-2.968111386868005352e-02,-1.236945429670181090e-02,-3.690125819868169538e-02,-3.920903299474134268e-02,-4.934217978499590151e-02,-1.399351931343969548e-02,8.433074962443736292e-03,-5.005542836432142623e-02,-5.707109076241569795e-02,3.510659489057108701e-02,8.756152953281218232e-02,-3.972069306428517577e-02,-6.508520201495646834e-03,-1.382320422385104920e-02,1.183273196488737701e-03,7.555117002245222157e-05,3.338572720707030234e-03,1.058101814266095529e-02,7.948860729316624754e-03,1.228280745257287129e-02,-1.485289632719522142e-02,5.713031049632372356e-03,2.617410039061398436e-02,-2.351021072402532247e-02,-5.589776631221515107e-02,-1.228625399000553287e-02,-5.197131808320119145e-02,5.555025951427842654e-03,5.997359351616039953e-03,1.981837364113725464e-02,1.943814407096322886e-03,-1.889299854344068941e-02,1.706868464753065126e-02,-2.290179571807146597e-02,1.517466954271490601e-02,3.340951873880845802e-02,3.627840523191339789e-02
-5.757605916569737484e-03,1.563414717466540121e-02,-1.663913130043257263e-02,3.094375126630669829e-03,3.945821146186151429e-02,-4.952108069693694770e-02,1.633334920780043706e-02,5.033870565199601715e-02,4.100526307632430985e-03,-6.261494228973847522e-04,-3.274150266944875209e-02,-5.452979698340039427e-02,-1.019925380434415219e-02,4.829172610685090322e-02,8.435949625905185545e-02,1.062244240778348475e-01,1.488713654507547168e-01,1.416460448576944420e-01,2.231901214818265144e-01,1.000000000000000000e+00,1.401014856645878826e-01,3.222903961009361273e-01,2.028224501128104706e-01,7.342133103300460539e-02,-3.642214569240051492e-02,-1.485531008376712869e-01,6.679064832846863531e-02,8.684149673307998973e-02,5.462573410142788910e-02,4.922466844030503469e-02,1.147283977233579666e-01,7.280268087310265424e-02,4.471464920057031250e-02,7.840776034764210256e-02,7.727905554911020103e-02,4.830301157178113619e-02,-3.704354899702834436e-02,3.730294031811144662e-02,2.679209597149870975e-02,2.671507835947667733e-02,1.319051685137173809e-02,1.563081158658326600e-02,2.338155482516519890e-02,5.979280719318295911e-02,3.396978134436023228e-02,1.014474011110507237e-02,-1.253380912304427955e-02,2.988460677837297824e-02,2.174195425061318729e-02,-6.999400503575975430e-02,-2.608167085447234829e-02,6.768909049126030364e-02,-1.136673436629122118e-02,-8.086373566789360756e-02,-2.924527263184325751e-02,2.728535653460928412e-03,-2.750188755689070286e-02,-2.199061594600159111e-02,-7.255444169929538278e-02,-6.499091174040609598e-02,-9.112774087478482665e-02,-2.942022519952342333e-02,-5.288681401878917582e-02,1.790554440923998805e-02,-3.620588487887826945e-02,-1.063874659884634782e-01,-5.095613870801019712e-02,1.676368857073308113e-02,-9.678789480138121071e-02,-1.546492918029072905e-02,-1.344907700538377354e-02
-2.358313501828359499e-02,3.836575890516969681e-03,-2.934907759942789740e-02,5.267733820151712524e-04,4.274983463926116528e-02,7.006688555406381108e-04,-2.832948012584053654e-02,-5.919606106269435786e-02,-1.261166110291456026e-02,1.048270980510993405e-01,-6.778557811887561679e-02,-1.886623033063260235e-01,-1.673788349941574549e-01,-7.423707313310524969e-02,-1.930136219258930114e-02,1.359722404887920011e-01,-2.678510093874979930e-02,-5.757777887082795448e-02,1.197077858356689062e-01,1.401014856645878826e-01,1.000000000000000000e+00,4.762140979363110177e-02,-8.321452413511946922e-02,-8.542558480714382285e-02,-1.744139947388340106e-02,-3.687613514128115083e-02,-1.046336898636055363e-01,-4.425627110901275002e-02,-3.350775107643299416e-02,-4.730938570374736835e-02,5.837390299548727429e-02,-4.849495392813985700e-02,-4.408858341440029943e-02,-2.543148014676694865e-02,1.402067194768805668e-02,-2.889019024751137907e-02,-7.354503295395611873e-02,-3.400340203361471025e-02,-1.764535133883504345e-02,-5.603201688670832875e-02,-7.858128511248391179e-02,-7.826561894421385154e-03,-2.769354421151944481e-02,-1.437394707196082075e-02,3.937739918603828243e-02,-3.009828532725106198e-02,3.774266072220924112e-02,-3.915813277483064930e-03,-2.704425159698360323e-02,3.011233474444800426e-02,8.618989009718142080e-02,9.817508430520663354e-03,2.045825452029939248e-02,5.409573571252611346e-02,2.837185091349065172e-02,-4.643015749402190639e-02,7.431981358552041186e-03,-3.751755601982628696e-02,-9.554637389537516678e-02,-5.793803453819935945e-02,-2.864320395569218761e-02,6.836739644916421665e-02,4.948486622757275466e-02,5.762271575272514407e-02,6.915060999583580448e-02,4.529613573210432981e-02,3.804789359128192550e-02,5.257779232224374377e-02,8.543629067505114846e-03,2.165360395763226559e-02,4.912385010158684673e-03
4.142967839019779004e-03,2.723240078330528557e-02,2.924480507262817823e-03,5.482541445134847015e-03,2.958927724944241527e-02,-6.746954741985361492e-02,-4.600727526635352282e-03,5.772898765658928538e-02,3.269802629102740166e-02,-1.974736868889567787e-02,-2.952967406387993834e-02,3.736405700528765139e-02,5.269428003834899371e-02,1.361113314401423413e-01,3.468130586421928202e-02,6.937312951605560662e-02,1.242068154074734698e-01,9.787525733435008257e-02,3.363220459444530297e-01,3.222903961009361273e-01,4.762140979363110177e-02,1.000000000000000000e+00,-4.375354715834952474e-02,-2.143766873137875895e-01,9.746014065510182067e-02,-4.304114920469397781e-02,9.067439467078984572e-02,6.759064123052836714e-02,4.379414867234716208e-02,4.267382564892310132e-02,4.449243508775915096e-02,4.981566472096448511e-02,-5.784027639841505912e-03,9.557798534100249432e-03,-1.071049084643373867e-02,6.460785287038239670e-03,4.243319823573100946e-02,-4.188419973779976269e-02,-1.564616151067321076e-02,3.273656521063369323e-02,5.405480567311092555e-02,-5.259347746422957798e-02,-3.861359942303461967e-02,8.378710188392481106e-02,4.390465379187425549e-02,-6.407126923916750538e-02,-6.630040390035177311e-02,3.068756580926650102e-02,1.005570262598226919e-02,-4.154688357564547546e-02,-4.680526212496009114e-02,3.219462435780512388e-02,-1.005532379246315729e-02,-8.193903736580557262e-02,-2.915660948293049767e-02,1.436290179469939393e-02,-5.078136723164118453e-03,1.331156976874129858e-02,-5.365120454216856100e-02,-8.835476603316887168e-02,-8.259431153081435439e-02,4.468496201513398602e-03,-2.357392814493577265e-02,3.973819699610322415e-02,1.678333594048825317e-02,-5.652624574771659277e-02,4.488046518069167129e-02,2.179552840514407605e-02,-6.167776088858373945e-02,2.120441961655919472e-02,1.604067143859859088e-02
