1.000000000000000000e+00,5.151708592515685803e-01,6.670046454953926229e-01,5.996345494605481719e-01,6.510501682659941558e-01,6.598554826747371482e-01,5.827060178506091592e-01,7.484683386965557128e-01,5.845165030339978252e-01,3.812070930198972474e-01,4.397284082645679382e-01,-9.502085980497043671e-02,7.555340956284805065e-01,7.192095200528908494e-01,6.837876184458521189e-01,5.180816434111396029e-01,6.232985322357953439e-01,1.669246805191022531e-01,-4.962325387274609811e-01,-1.796549486693415909e-01,-2.099382596454024696e-02,5.765006789234917717e-01,1.978661005155724073e-02,3.012588539622078621e-01,-1.833493710544756850e-01,-5.113357649600980270e-01,2.008258784443322509e-01,-2.368042122054265231e-01,-2.044687378220541585e-01,-1.149866332940650826e-01,-4.857112166614000470e-01,-4.843053810819959448e-01,1.045927952081039808e-01,-4.589153176540297085e-01,3.185342349326208411e-01,1.008626205000547754e-01,-6.219830078967887310e-01,-2.801605148718874227e-01,-5.763162776532329001e-01,-7.167747263521793144e-01,-6.129443461050612107e-01,-5.943918910021083191e-01,-4.492821090707650455e-01,1.086608542292318708e-01,-5.123646325248150113e-01,-4.416158210680171808e-02,2.434469317994679138e-01,-5.020516899562750268e-01,-6.732418597117549863e-01,-7.990241218777066612e-01,-2.185007567532077921e-01,-4.205375954284200635e-01,-6.923741438620922839e-01,-6.263457723890303308e-01,-1.507107896785985224e-01,-6.557771184863915304e-01,-6.323011415755080966e-01,-4.039063463041799862e-01,-7.142339910442436768e-01,-6.009761366011767691e-01,-2.592296729328450455e-01,-7.103384722944278140e-01,-7.144603720969808780e-01,-2.826116575576865242e-01,1.498566551248283751e-01,-2.184087042144066404e-01,-2.291762257809941694e-01,-5.742234166315917099e-01,-1.818471241996895693e-01,-3.230610912466738149e-01,-6.694391908351500220e-01,-7.109696272486561996e-01,-9.770582930149455947e-02,-4.447695785632952981e-01,-5.583916337187503354e-01,-6.649283549971871654e-01,-2.885641409574454253e-01,6.119767870917635494e-02
5.151708592515685803e-01,1.000000000000000000e+00,5.088018973799106615e-01,8.579331301863948323e-01,6.943548974529322182e-01,5.118420090504813835e-01,7.069573767593873015e-01,4.092250292184447247e-01,7.451751848986799542e-01,1.895040048279852118e-01,3.445231773927590058e-01,-3.165544080739055577e-01,5.023136252439173166e-01,2.984232874678846015e-01,7.595938131094466250e-01,1.848833116316022096e-01,7.042421685836274259e-01,2.729564089250455794e-01,-6.100673236660367760e-01,-4.641880057870271248e-01,-4.664384886221430437e-01,1.463633430455666407e-01,-3.694849717914540643e-01,1.398343579614020823e-02,-5.743417299618058802e-01,-4.364731973988648650e-01,2.508747496981991731e-01,-4.661288998970983810e-01,1.038436826361307380e-01,-2.077328329931190376e-01,5.412622497676786160e-02,1.104822485694697543e-01,3.611570728461465651e-01,1.322044720470304524e-01,4.252776504511870947e-01,3.714836544943291297e-01,-3.480272926723659149e-02,4.148084512622392944e-02,-3.222823971557131628e-01,-6.370291505123040765e-02,-2.320709754463534946e-01,-3.759084948396890780e-01,-6.980046366868156715e-01,-2.240697539096675739e-01,-2.234102824317088787e-01,-8.706964846314897699e-02,5.963799764222166289e-01,-1.371957059143523727e-01,-7.243854808629078823e-01,-5.590756479664785727e-01,-5.272398541888636547e-01,-5.150812557760270360e-01,-4.008590654514129215e-01,-6.133608136561214952e-01,-3.057416177106043187e-01,-3.537437240404770478e-01,-1.908473937641067542e-01,-2.744330882326381782e-01,-4.700388143422774556e-01,-7.863942080891075936e-02,-3.407953073496736707e-01,-5.872584369907655200e-01,-4.533231338864727178e-01,-5.099592144421490891e-01,-9.852250185630311019e-02,-1.148554367884213750e-01,-5.761710261794541488e-01,-4.819938496683522366e-01,1.035612378608850442e-01,1.776196736638217533e-01,-3.678696694504831055e-01,-6.938350743903124451e-01,-6.304618522088748511e-01,-7.679712094744136630e-01,-4.208261084877217284e-01,-7.747676849060370907e-01,-5.813782639787949957e-01,1.735523484789127657e-01
6.670046454953926229e-01,5.088018973799106615e-01,1.000000000000000000e+00,3.703082312506774110e-01,8.120013965094953212e-01,3.080418737528337614e-01,6.853255575128924804e-01,5.084705906620865523e-01,5.962711881750437648e-01,6.000492943434511117e-01,7.671271617693352640e-01,2.657558029081195095e-01,8.130823592791465160e-01,3.258406437273538292e-01,5.799208066316079435e-01,5.827117905274399323e-01,7.298647405848623926e-01,3.135984555098749182e-01,-4.901024629662905641e-01,-1.733887461087563753e-01,-1.151525638783909289e-01,3.528507926931807592e-01,-7.026109438733592338e-02,-2.128653021708168391e-02,-4.508648267335325088e-01,-7.476277933601452874e-01,-1.183213399980708458e-01,-6.056099050178815890e-01,-4.987687828901025133e-01,-5.862864243008968357e-01,-5.065885562604215409e-01,-2.238633034412280676e-01,1.721042093344386792e-01,-4.818349517210919197e-01,4.403537603086178920e-01,-5.079888473555310008e-02,-4.730384738103723397e-01,-4.706470222688138860e-01,-5.700116040399278994e-01,-3.922352571739709526e-01,-7.425435918180710582e-01,-2.016410770650265416e-01,-3.801311795933369209e-01,3.490044866224655817e-01,1.605970583938875693e-02,4.060813982456757398e-01,5.583189491873798982e-01,-1.160293919291831705e-01,-3.974617996815300036e-01,-6.664395780609243536e-01,-3.937828532765556000e-01,-1.410736018605576736e-01,-4.311956769170219861e-01,-6.572177612290871496e-01,-6.214321766565142346e-02,-4.017893393040117278e-01,-5.994307421733624519e-01,-5.099510586406420520e-01,-6.037915664015035544e-01,-6.379774521134239373e-01,-5.756815374364557814e-01,-7.324766848686825593e-01,-3.508243519476015315e-01,1.680599914227400710e-02,5.030686573298169817e-01,1.931066722528150814e-01,-1.917512941858386805e-02,-1.715533866836839172e-01,2.422436360250861398e-01,-4.368041021008430697e-02,-3.532979507165727173e-01,-7.526128381190172467e-01,-3.942906367968894710e-01,-3.779465039329422127e-01,-7.139624383966698407e-01,-6.293090762768773772e-01,-8.384030372915016183e-02,4.254627868186358075e-01
5.996345494605481719e-01,8.579331301863948323e-01,3.703082312506774110e-01,1.000000000000000000e+00,5.656429960262085999e-01,6.922538866262615276e-01,6.348963530813612754e-01,5.162418012034872827e-01,6.804887136775752410e-01,8.689024887850675671e-02,2.289547190179592739e-01,-4.705282232330227354e-01,4.959286509723069281e-01,4.589526819336054442e-01,7.355781238650231924e-01,2.637355593799718956e-01,6.763010746529538597e-01,3.243201542795131065e-01,-5.544884706664805485e-01,-3.962384379351740482e-01,-4.203067372917520528e-01,1.828968074029317659e-01,-3.230640588086760578e-01,3.977630732762370974e-02,-4.839481564729982144e-01,-3.530124383942001565e-01,2.455590968666021279e-01,-3.171662826220850717e-01,1.639455410662736812e-01,-4.851575632436338353e-02,1.300813959800608925e-02,-9.273298763494838837e-02,2.226975445080102423e-01,5.892767564995721186e-02,2.630336204129379296e-01,3.426538565134724101e-01,-1.506179536167112087e-01,1.010999872474979272e-01,-3.137060727639309210e-01,-2.411542856639589394e-01,-1.992231751903225101e-01,-4.517273875691789620e-01,-6.315842482002435032e-01,-2.161175167857637969e-01,-3.603504021035324745e-01,-1.724068729668457589e-01,4.474434132328221070e-01,-2.454442796409204985e-01,-7.406796115810723169e-01,-6.506691183431106973e-01,-4.075841677243530747e-01,-4.743974607906584762e-01,-4.271511676255671519e-01,-5.037181151449713346e-01,-2.205309539695302634e-01,-4.161976553031180859e-01,-2.015197671278307623e-01,-2.673110790415853533e-01,-4.892687871349331585e-01,-1.051942566794202144e-01,-2.467242197379004021e-01,-5.797165829653332381e-01,-5.870974844560273853e-01,-5.494572195659598313e-01,-2.249410707155228839e-01,-2.940093751166985570e-01,-5.123556836517431101e-01,-5.032805665348325519e-01,-1.254709228954924323e-02,-5.832384026389163777e-03,-4.446697418793592593e-01,-6.450716606519093510e-01,-4.087987968876938827e-01,-6.447339876643688461e-01,-2.802454017971096611e-01,-6.724290533683694449e-01,-5.804352831032131288e-01,1.245656277004466954e-02
6.510501682659941558e-01,6.943548974529322182e-01,8.120013965094953212e-01,5.656429960262085999e-01,1.000000000000000000e+00,4.920690646329198836e-01,8.981228409905847032e-01,6.073428144456965994e-01,8.293101039056982593e-01,6.550546502470996346e-01,6.649707611745748759e-01,1.912638743190010204e-01,7.902142313997246870e-01,3.181446741077471607e-01,6.835158511944334769e-01,3.858234651048558228e-01,7.944717397308129758e-01,2.672696026864165852e-01,-5.915052487498281275e-01,-3.008179273093790074e-01,-2.763830491281471513e-01,2.378829830471524964e-01,-3.028962737154649032e-01,-5.385707763038055651e-02,-6.324837215966702120e-01,-7.106188145168905734e-01,6.744617621127111176e-03,-6.863671370962181051e-01,-3.943230304149806797e-01,-5.500519859571946224e-01,-3.665896223640946472e-01,-4.554776629366880797e-02,3.584142580691461188e-01,-2.928570531836265922e-01,6.196095066005167240e-01,2.175742355696704544e-01,-3.749838931615691040e-01,-4.209765694762139243e-01,-6.688450305910375038e-01,-2.771538510382738352e-01,-6.846936079937501196e-01,-2.507290169597938267e-01,-5.997576102109394292e-01,1.991995740856448427e-01,-2.186300243546986447e-02,3.210951771210984185e-01,7.191928525015710560e-01,-3.262213262200407832e-02,-5.222311800591192821e-01,-6.380992875813539245e-01,-5.971300815934141859e-01,-3.497070411142824131e-01,-4.578624852682885438e-01,-6.940515617740740106e-01,-1.697609574126577037e-01,-3.885830215048289293e-01,-4.405196532764776296e-01,-4.659734660446814281e-01,-6.579144414473903080e-01,-5.113700122506650292e-01,-6.170250371385316290e-01,-7.818784070067652525e-01,-4.252067685253173024e-01,-2.121627176278371996e-01,3.886834860514115642e-01,1.351352681440295411e-01,-2.657768327953409782e-01,-2.660792118261009476e-01,3.170738961948455503e-01,1.660022474673973902e-01,-3.100410270650926225e-01,-7.802834652574569541e-01,-5.671139472206244703e-01,-5.835024949777829484e-01,-8.071761997462881810e-01,-7.681470004514894256e-01,-1.920386697538097875e-01,4.394694822898224662e-01
6.598554826747371482e-01,5.118420090504813835e-01,3.080418737528337614e-01,6.922538866262615276e-01,4.920690646329198836e-01,1.000000000000000000e+00,5.367574277413156292e-01,8.040668797439955995e-01,6.478083961774416810e-01,2.681227538753986339e-01,1.988739959462842988e-01,-2.700431174715223204e-01,5.836944282390039707e-01,6.910988028061011423e-01,6.739327505975660770e-01,2.307052177459826270e-01,5.905007176417746972e-01,2.599366560758490374e-01,-4.365324928457338105e-01,-4.144630565997706184e-01,-2.311296178826537928e-01,2.407206702955207167e-01,-3.560403736146467990e-01,1.542321417747530288e-01,-2.957717683196826597e-01,-2.443342035655011180e-01,2.937121969030216384e-01,-1.052323029841779195e-01,6.964367645328838063e-02,1.223080569488497471e-01,-2.698259791754448189e-01,-2.099577848109898393e-01,3.178271204432687180e-01,-2.196182170842986281e-01,4.405301878113906389e-01,2.959366997341517092e-01,-4.243420846263460389e-01,-1.525582741968939116e-01,-6.860709074453814615e-01,-5.451036008892949924e-01,-3.327898293413296127e-01,-6.168485893752957416e-01,-6.147634532487860071e-01,-1.374147036254368404e-01,-4.925999545721540529e-01,-1.932240114331738035e-01,2.488773195683900985e-01,-3.222205675345735099e-01,-6.270908757557270841e-01,-5.938981578397923844e-01,-3.887032849666281487e-01,-4.282812443249459644e-01,-5.086875708105497162e-01,-5.114789868090242608e-01,-1.897972611818298794e-01,-4.697405790712849694e-01,-2.505558252205835057e-01,-2.469829614292418651e-01,-7.284039044486947390e-01,-3.317902322474650667e-01,-2.265034306166017475e-01,-6.894194877606539817e-01,-7.744185143246040681e-01,-4.787011424982811625e-01,-6.636520222587795337e-02,-3.664049164102778366e-01,-3.717319981847882482e-01,-4.677589051393321595e-01,-1.133584296637682454e-01,-7.861191785397875220e-02,-4.320784770927919016e-01,-5.106091217966421958e-01,-1.432013865106424866e-01,-4.412033164688142772e-01,-3.586063140496480450e-01,-5.980014276290499531e-01,-3.633417400890576743e-01,-1.554773277269046461e-01
5.827060178506091592e-01,7.069573767593873015e-01,6.853255575128924804e-01,6.348963530813612754e-01,8.981228409905847032e-01,5.367574277413156292e-01,1.000000000000000000e+00,5.536019095192175055e-01,8.263716001545232670e-01,5.791728856547272430e-01,5.994719090501104963e-01,1.403051659075265079e-01,7.081228978761006099e-01,2.032047321285452013e-01,6.878953796497068174e-01,3.198423983497565848e-01,8.017446576921473111e-01,3.259141311700123333e-01,-6.624488662919320037e-01,-2.821087628156566662e-01,-4.363783699644847025e-01,1.984772970995911656e-01,-3.552623047116777455e-01,-7.969293452415117385e-02,-6.827178987792218434e-01,-6.509701394946546538e-01,2.103450251558282649e-02,-6.656952163057400229e-01,-2.921880839282062770e-01,-5.041416867029365756e-01,-2.939228785061789306e-01,-3.513552490953370053e-03,3.516686621183331973e-01,-2.311825907856357443e-01,5.502305564382687919e-01,2.233996246489090565e-01,-2.938268129888507718e-01,-3.623616609368963681e-01,-5.818634552339553290e-01,-1.585725290594005021e-01,-6.084764839691392257e-01,-1.942220382256849009e-01,-6.346762191964874233e-01,1.898877795108054045e-01,1.584428159322005467e-02,3.354423094499633384e-01,7.825173041450093070e-01,3.608043305334970863e-02,-5.066679275791045045e-01,-6.446929674366306262e-01,-5.796622928216202952e-01,-3.258186416035218080e-01,-3.789314591916934649e-01,-5.665405135414579574e-01,-1.047804697287159359e-01,-3.704582976458027366e-01,-4.407082520609413856e-01,-4.559805089584691995e-01,-6.480987403882907394e-01,-4.400557890447017173e-01,-6.137459761167857186e-01,-7.410031487882220436e-01,-3.835129149707124374e-01,-2.197986642158094583e-01,3.106605927573929393e-01,9.585473944347605579e-02,-3.095897219146429014e-01,-2.192958651519627544e-01,4.112812862534671043e-01,2.137007956637718975e-01,-2.657583201676353979e-01,-7.628196977928167755e-01,-6.580913324265553754e-01,-5.964308787156186176e-01,-7.240935805763812905e-01,-7.156463831960430122e-01,-2.215442904050598238e-01,4.788889843898286869e-01
7.484683386965557128e-01,4.092250292184447247e-01,5.084705906620865523e-01,5.162418012034872827e-01,6.073428144456965994e-01,8.040668797439955995e-01,5.536019095192175055e-01,1.000000000000000000e+00,6.664771811801027956e-01,5.113976728367835012e-01,3.076072137935875195e-01,-9.977887155952748499e-03,6.932782319764058121e-01,7.099899381603377302e-01,5.454790065856621739e-01,3.715193858540697391e-01,5.515690752040774969e-01,1.411400624152326366e-01,-3.444691326765425554e-01,-2.680782030923550829e-01,1.148763608463732738e-02,3.394235548219907694e-01,-2.247658827671078774e-01,1.812780477731565643e-01,-2.502053212741746080e-01,-3.899059088006376905e-01,1.836860405532524110e-01,-1.775457176725848130e-01,-2.002130017750614333e-01,-6.448152737872155094e-02,-4.495421083787805583e-01,-3.184035242596495729e-01,2.283111186233594270e-01,-4.401014326164899293e-01,4.605135921551999911e-01,1.718509553244870758e-01,-6.788841924897888180e-01,-3.984854340040763776e-01,-8.021688900606315231e-01,-7.263570198795943345e-01,-5.659875025774049329e-01,-5.837915312708450433e-01,-4.479437739605420243e-01,1.017957410807487362e-01,-4.606790397997972408e-01,-2.723987249213583733e-02,2.126532667763572915e-01,-3.657612306414723125e-01,-5.476283055044856019e-01,-6.072087526747572683e-01,-3.128922304770611063e-01,-3.915624686750309724e-01,-5.811823750541450506e-01,-6.133597018498131437e-01,-2.470542273285689649e-01,-5.624136630570958362e-01,-3.562496242892188025e-01,-2.518679514397484387e-01,-6.949185665945207813e-01,-5.410791013350222389e-01,-3.215039439317626813e-01,-7.182627492105706501e-01,-7.605713063513660499e-01,-3.069206614066725125e-01,2.288496626719753457e-01,-2.419716936541606023e-01,-1.608722406343481848e-01,-3.984280642592342714e-01,-1.060794649765766234e-01,-2.292089776586359873e-01,-5.041392033975926612e-01,-5.549275436918787996e-01,-2.327535176521701096e-02,-3.152417561902855492e-01,-5.910685487462497001e-01,-5.584673897009277965e-01,-8.988129842430739314e-02,4.696222248288774853e-02
5.845165030339978252e-01,7.451751848986799542e-01,5.962711881750437648e-01,6.804887136775752410e-01,8.293101039056982593e-01,6.478083961774416810e-01,8.263716001545232670e-01,6.664771811801027956e-01,1.000000000000000000e+00,5.832755859043049496e-01,5.319638851359056453e-01,-3.691623518430214163e-02,7.258191071329331834e-01,3.770596348221305072e-01,7.879296001726646681e-01,1.645776004716014151e-01,7.628980482328292512e-01,1.864990554493133335e-01,-6.662601328950548130e-01,-4.545636305960581436e-01,-4.739791594484752957e-01,5.627560550092733371e-02,-5.482475971526218350e-01,-5.526127407295607780e-02,-7.114355919180915810e-01,-5.006692001709549533e-01,1.590999055106564475e-01,-5.769858849037706738e-01,-1.585276857556237318e-01,-3.492351864465683686e-01,-1.596339502071181804e-01,8.503433401927834590e-02,4.972421056656476934e-01,-9.275227128822417788e-02,6.650643048995421580e-01,3.782444941556155626e-01,-2.631798074342576177e-01,-2.333278025319982518e-01,-6.953863749513271575e-01,-2.191632166002167870e-01,-4.512970566465271394e-01,-3.206848850148841801e-01,-6.911594950039380292e-01,-1.532006559655759055e-02,-1.117518072496639231e-01,1.245588193156862422e-01,6.756309007519663012e-01,-2.757584190754941780e-02,-5.838107480550893680e-01,-5.509169328716819747e-01,-7.076297537330981102e-01,-4.148448454989316914e-01,-3.264862145079282518e-01,-6.601020141844741174e-01,-2.785750826572777616e-01,-3.402429923477028328e-01,-2.562118714246195417e-01,-2.829941563597188625e-01,-6.967702897944529905e-01,-3.063971364672983255e-01,-4.875192838080300572e-01,-7.858887698796336307e-01,-5.570292099068414604e-01,-4.611191397495418842e-01,1.931914335077858647e-01,-5.267582370429961525e-02,-4.386185922621250177e-01,-3.139548199069506773e-01,2.534859921849614284e-01,2.499855734755806469e-01,-2.833923956062841532e-01,-6.958560862667820812e-01,-5.477745602198124120e-01,-6.324403324218832445e-01,-6.612219710836072517e-01,-7.203154129738179590e-01,-2.647730100449419144e-01,2.758388680199579945e-01
3.812070930198972474e-01,1.895040048279852118e-01,6.000492943434511117e-01,8.689024887850675671e-02,6.550546502470996346e-01,2.681227538753986339e-01,5.791728856547272430e-01,5.113976728367835012e-01,5.832755859043049496e-01,1.000000000000000000e+00,5.778483195678512097e-01,5.865351603760212695e-01,6.658399858803566440e-01,1.553549563626639707e-01,2.703782733209300626e-01,3.216497708846542403e-01,4.596608562718590418e-01,-6.299503572595180345e-02,-3.988008382876798708e-01,9.096437107433262559e-02,-7.309846565718894351e-02,1.377509599742468838e-01,-2.268806574952056121e-01,-4.860126514315226548e-02,-4.587824148927822088e-01,-5.182856280969724283e-01,-1.046584700832124820e-01,-4.997181847236477625e-01,-5.875868917946812653e-01,-4.802722205922111409e-01,-5.230131389651897500e-01,-6.165629244155505090e-02,1.927029154289426893e-01,-5.412724827965983421e-01,5.214019646866939750e-01,-6.107457600841369183e-02,-4.990531309438793195e-01,-7.543476538977660351e-01,-6.911204249430701330e-01,-2.581510038568926579e-01,-6.443854846678562787e-01,-2.191278793863971411e-02,-2.340417851368563062e-01,4.415134763150633246e-01,1.991944268255301520e-01,4.993343470139490758e-01,4.724726150901499278e-01,9.552561752417078333e-02,-1.347031800222832365e-01,-3.609457786650579481e-01,-4.328421218153086225e-01,-4.027247503089396996e-02,-1.897092764301567536e-01,-4.570899718114553867e-01,-4.438045014280216777e-02,-1.613244159747843076e-01,-3.303769170562477764e-01,-2.516802755029985961e-01,-5.551861264111660477e-01,-5.538226340932339564e-01,-6.118381058754942536e-01,-5.585255052193708325e-01,-1.624338831996368637e-01,1.959048285392029354e-01,7.110353029433034155e-01,3.881754813786704728e-01,7.661413912091293021e-02,9.358117181718010602e-02,3.685560628358844903e-01,1.723123807827195708e-01,-6.857051788095180900e-02,-4.554503947085455362e-01,-2.687888469336713881e-01,-1.245649939801423967e-01,-7.318079237010185478e-01,-3.316470192478794266e-01,3.012007313563709321e-01,5.515934400040009011e-01
4.397284082645679382e-01,3.445231773927590058e-01,7.671271617693352640e-01,2.289547190179592739e-01,6.649707611745748759e-01,1.988739959462842988e-01,5.994719090501104963e-01,3.076072137935875195e-01,5.319638851359056453e-01,5.778483195678512097e-01,1.000000000000000000e+00,3.877786982026598661e-01,7.883559630968333121e-01,1.086695909049398001e-01,4.776593950401826771e-01,5.622197866160467683e-01,7.135138937033612683e-01,4.527121789336642776e-01,-3.509062240353010842e-01,-1.212704263137166505e-01,-1.296850601657248137e-01,1.423200631213526468e-01,-8.578362517443086088e-02,-3.569747846403898972e-01,-5.854773548471451372e-01,-8.173098633094864063e-01,-4.095925981502381852e-01,-7.856026117766937711e-01,-6.683877979712962158e-01,-7.476190133629923018e-01,-4.972665385557309969e-01,-2.161206697259976106e-01,1.239470111227278099e-01,-5.044142091641712344e-01,3.514721552075263378e-01,-1.291275815169900254e-01,-4.117583113036877851e-01,-4.259777731374055909e-01,-4.673852416411207189e-01,-2.386790329185533854e-01,-6.679644257784560502e-01,7.919634258073093847e-02,-1.684239352161107650e-01,4.806521862626046415e-01,3.161403728965749838e-01,6.112879979830231347e-01,5.928496866319099556e-01,1.756165708367285194e-01,-1.104426398645954460e-01,-5.209009915738742613e-01,-3.872333389293710626e-01,1.726183690472385124e-01,-1.918718503097793238e-01,-4.256779471936955606e-01,1.708932725664837893e-01,-1.104264720926178139e-01,-4.667439939719364994e-01,-5.036412094997446687e-01,-5.113128642795439216e-01,-5.434369954752097387e-01,-6.456132844218709366e-01,-6.038661229397244146e-01,-1.268719848651159998e-01,1.570396421171195989e-01,4.818998681868273404e-01,2.592507423501139163e-01,1.953801279948730041e-01,1.188017586319508878e-01,4.181759279164317666e-01,2.260260282329536186e-02,-8.671327148472103563e-02,-5.401564196211670055e-01,-3.097695030624796897e-01,-1.574727369040747615e-01,-5.306087370277901005e-01,-5.020535367144937089e-01,-1.014685557117215725e-01,3.622049998266543280e-01
-9.502085980497043671e-02,-3.165544080739055577e-01,2.657558029081195095e-01,-4.705282232330227354e-01,1.912638743190010204e-01,-2.700431174715223204e-01,1.403051659075265079e-01,-9.977887155952748499e-03,-3.691623518430214163e-02,5.865351603760212695e-01,3.877786982026598661e-01,1.000000000000000000e+00,1.156783774061511672e-01,-3.908346090661055094e-01,-3.284854921587959109e-01,4.163168070927483755e-02,-7.811990733953581845e-02,-1.278173359573411272e-01,9.690332805106159630e-02,3.056952030151489641e-01,1.874814729324833507e-01,-1.060111903622814461e-02,3.736048142040654385e-02,-1.162073807815339060e-01,-5.313409477356954153e-02,-2.750646585838653624e-01,-2.941837362497365937e-01,-2.599532891575518923e-01,-5.743116717393695891e-01,-4.795531377658442396e-01,-2.909461750260016744e-01,-4.827550536594384795e-02,5.485482477321975553e-02,-3.914154121269362574e-01,2.070999639047473861e-01,-1.661832384456353451e-01,-3.678771777011403121e-01,-4.824894846427160711e-01,-2.064516860956515099e-01,5.625123243226241333e-03,-3.348027044953644782e-01,2.723239253626365541e-01,2.128816641499234052e-01,4.799400225781134122e-01,4.217587597725940829e-01,5.365137836917632796e-01,1.700087546493602997e-01,3.136506277347106963e-01,3.874488665895022832e-01,1.157046900949841722e-01,-4.390991824473984562e-02,2.210568445625053779e-01,-9.454541048107424628e-03,-5.147319569186071392e-02,7.732473686269507318e-02,7.807387198941698192e-02,-1.187898727012901001e-01,7.879756527113790376e-02,-1.296874947504026050e-02,-2.396416346022561261e-01,-3.207402587705080466e-01,3.545045257518470577e-02,3.289656065103604976e-01,4.664038051267547780e-01,6.001780422236522305e-01,3.716883895169534879e-01,4.348644551781382650e-01,4.387958487444812428e-01,4.233597117174872637e-01,8.093128689280172650e-02,1.960716639141904805e-01,-6.257839083704624938e-02,-5.251901680844436870e-02,2.839783044309762694e-01,-4.081148193883621378e-01,1.579199985407390983e-01,5.590472278156333186e-01,5.515073887960431076e-01
7.555340956284805065e-01,5.023136252439173166e-01,8.130823592791465160e-01,4.959286509723069281e-01,7.902142313997246870e-01,5.836944282390039707e-01,7.081228978761006099e-01,6.932782319764058121e-01,7.258191071329331834e-01,6.658399858803566440e-01,7.883559630968333121e-01,1.156783774061511672e-01,1.000000000000000000e+00,5.650112787116668978e-01,7.124843845608734849e-01,6.422354579636860850e-01,8.357603812623835005e-01,3.366818222730156296e-01,-5.453591671873138091e-01,-1.776000685733201412e-01,-1.291666500408999163e-01,3.436087140747540181e-01,-1.416858521616366218e-01,-7.109935327213452727e-02,-5.306852889007916962e-01,-7.559372352966801101e-01,-1.219297764103665915e-01,-6.041774215811593907e-01,-5.200307420689486149e-01,-4.876181227146702546e-01,-6.247488762694152209e-01,-3.389868464771826351e-01,1.477879765307446025e-01,-5.892758635746946361e-01,4.488717073711365746e-01,-4.144468688925237454e-02,-5.846635414147860477e-01,-5.228007284740521232e-01,-7.224048174811797951e-01,-5.536866509365367950e-01,-7.573058784245452202e-01,-2.864269358764637841e-01,-3.919201346643964579e-01,3.529065605585247622e-01,-7.566967546059645555e-02,3.622820265172966847e-01,5.043594382684792876e-01,-1.643953451059818882e-01,-4.605533183400812858e-01,-7.481559132965928116e-01,-4.267765241701413914e-01,-1.056152509370406611e-01,-4.253311380581483725e-01,-6.154941518801153588e-01,2.118584667476669167e-02,-3.991610934103442254e-01,-5.789797020454058307e-01,-5.552190690901860348e-01,-7.765874517182750347e-01,-6.993306406688873933e-01,-6.080540865427273012e-01,-8.372840296797452453e-01,-5.200561137828769720e-01,-4.582556467997674077e-02,4.360142258318208119e-01,9.888103307680491671e-02,-3.308345198123609221e-02,-2.144379584312728904e-01,1.687271350498606159e-01,-9.708584720364303589e-02,-3.665534236087854558e-01,-6.954990131997369485e-01,-2.430593253318062974e-01,-3.401154053828675528e-01,-6.546152108518730195e-01,-6.800173290978515084e-01,-1.870333545320268243e-01,2.388615058085941933e-01
7.192095200528908494e-01,2.984232874678846015e-01,3.258406437273538292e-01,4.589526819336054442e-01,3.181446741077471607e-01,6.910988028061011423e-01,2.032047321285452013e-01,7.099899381603377302e-01,3.770596348221305072e-01,1.553549563626639707e-01,1.086695909049398001e-01,-3.908346090661055094e-01,5.650112787116668978e-01,1.000000000000000000e+00,5.508878483239403323e-01,3.658427421716590744e-01,3.835175094399890794e-01,-7.596713650110468660e-03,-2.848789847536872810e-01,-2.141639694275405681e-01,1.597175062118272870e-01,4.712836593202069935e-01,5.095867403501670029e-02,3.628075974662745007e-01,6.590156915520853365e-02,-1.756946558071553199e-01,3.250426108872486175e-01,1.021205052286281167e-01,-2.531721945341835686e-02,2.210772401143570598e-01,-3.986857498551581447e-01,-4.720436127076522714e-01,6.899872592077169187e-02,-3.318165150673398345e-01,2.121406219517353309e-01,1.359163921904287531e-01,-5.090267322510183545e-01,-1.319326543756323411e-01,-5.417779087352995182e-01,-8.036042617384473452e-01,-3.557517728411212499e-01,-6.818768391357707959e-01,-3.261017531733546582e-01,-1.306230225475126239e-01,-6.881402925541154625e-01,-3.493946614820038210e-01,-1.480346961431555364e-01,-6.275160106460732079e-01,-6.009450291309046399e-01,-5.551704032210337258e-01,-4.931588794366809081e-02,-3.505279316620250052e-01,-5.609631185353953775e-01,-4.920116168418422475e-01,-1.891254237081141654e-01,-5.646064904086335323e-01,-3.675049043482259137e-01,-2.675707648783839376e-01,-5.476360003772554608e-01,-4.636116032829578071e-01,2.358058023057363339e-02,-5.522111774451062827e-01,-7.878252565980995437e-01,-3.434306029985365050e-01,-3.831094844592840970e-02,-3.586048161876967399e-01,-2.479315002404550161e-01,-6.048051616306879819e-01,-4.956536317928494362e-01,-4.136539892139409758e-01,-6.132472205365410156e-01,-3.744573125520363477e-01,2.046534115404542442e-01,-2.893433558152800900e-01,-2.634404550073105034e-01,-4.518353124911751451e-01,-2.706277618167267640e-01,-3.278808415045834646e-01
6.837876184458521189e-01,7.595938131094466250e-01,5.799208066316079435e-01,7.355781238650231924e-01,6.835158511944334769e-01,6.739327505975660770e-01,6.878953796497068174e-01,5.454790065856621739e-01,7.879296001726646681e-01,2.703782733209300626e-01,4.776593950401826771e-01,-3.284854921587959109e-01,7.124843845608734849e-01,5.508878483239403323e-01,1.000000000000000000e+00,2.191874046840412704e-01,7.994272108324768089e-01,2.503333003533522727e-01,-7.717070754901559360e-01,-5.223927797561960240e-01,-5.011644617542275748e-01,2.527664371032710688e-01,-3.560445897807921201e-01,1.259067021918498508e-01,-5.320512719409609126e-01,-4.093948200924324432e-01,2.675221692725310296e-01,-4.014125254855447356e-01,1.023000901724370297e-02,-1.529080692525910112e-01,-1.702790330868207691e-01,-6.452137240730367040e-02,4.229478808350984886e-01,-8.408727327355619563e-02,5.225052814030053394e-01,3.296953928773209141e-01,-1.696173696961023047e-01,-3.362212984364827684e-02,-5.407741747446147551e-01,-2.998354029582330771e-01,-3.458626898740270184e-01,-4.575850452293295234e-01,-6.752366409924608348e-01,-1.661978076647581404e-01,-3.253743054606799134e-01,-9.830806342111227114e-02,4.823720970726788071e-01,-2.667872158639174041e-01,-7.061457993029595093e-01,-6.108845750881725101e-01,-5.242515725978312835e-01,-4.516024277747902049e-01,-4.500985647166521608e-01,-6.233989698650261868e-01,-1.959470186598134267e-01,-4.358040201562154992e-01,-4.454694304138578920e-01,-3.714455542398585886e-01,-7.372826773341737416e-01,-3.106911770534064310e-01,-2.925080610734659414e-01,-7.726597511889847780e-01,-6.788357439529439930e-01,-5.533067421874539038e-01,-3.891964609220396887e-02,-1.894235001149664199e-01,-5.533614428843190991e-01,-5.292302749493370539e-01,8.130522452466173305e-03,1.120228518501944770e-01,-4.123140125682535628e-01,-6.643819885345347842e-01,-4.368958864161986977e-01,-6.797815084841882793e-01,-4.489380531389275952e-01,-7.791122002341857034e-01,-5.316829482424848541e-01,2.214806649094503560e-02
5.180816434111396029e-01,1.848833116316022096e-01,5.827117905274399323e-01,2.637355593799718956e-01,3.858234651048558228e-01,2.307052177459826270e-01,3.198423983497565848e-01,3.715193858540697391e-01,1.645776004716014151e-01,3.216497708846542403e-01,5.622197866160467683e-01,4.163168070927483755e-02,6.422354579636860850e-01,3.658427421716590744e-01,2.191874046840412704e-01,1.000000000000000000e+00,5.420616059952376720e-01,4.988285278129410139e-01,-1.027208267850894252e-01,2.739864530653909336e-01,2.513392336173856934e-01,4.575392040995465148e-01,3.960019539528256693e-01,-1.606522228935180763e-01,-1.668045995330180165e-01,-7.321863203953732357e-01,-4.345147767795795035e-01,-4.256935042650898948e-01,-5.394743202046474728e-01,-3.970694547777139927e-01,-6.979427018616488620e-01,-5.986511650119747951e-01,-4.888368212935571000e-01,-7.208609844246215426e-01,-1.911029479413161036e-01,-5.061606623369032665e-01,-5.404924641993272827e-01,-5.135610024675019147e-01,-2.289066184473302901e-01,-4.996287602687742857e-01,-6.864087771277423977e-01,-7.221506346484392325e-02,6.562219996363276298e-02,5.774892530695477921e-01,9.393716364175462227e-03,4.520688274137973917e-01,1.841976508826834447e-01,-1.940114659617698245e-01,-1.838857362592014322e-01,-6.776934930665065027e-01,8.376355967123187696e-02,2.564117600353675308e-01,-2.576463350807513542e-01,-2.345933692518891722e-01,3.079617595179957590e-01,-2.781424822950854248e-01,-5.142812463578828597e-01,-6.245965560314101772e-01,-3.308567923594726290e-01,-6.835287948591886042e-01,-4.678323615166759541e-01,-4.308444608818047805e-01,-1.872512908487520833e-01,3.542755324269827311e-01,3.547543926446631302e-01,1.947144560923539935e-01,4.022024746608994783e-01,-1.763337006951786259e-02,4.012416232345281109e-02,-4.302610909376919923e-01,-3.027512044331620022e-01,-4.078460964178997616e-01,6.394770198734249511e-02,7.331911817674348353e-02,-2.451123351466145406e-01,-3.046168901842103982e-01,-1.032839597418655497e-01,9.581914574526634309e-02
6.232985322357953439e-01,7.042421685836274259e-01,7.298647405848623926e-01,6.763010746529538597e-01,7.944717397308129758e-01,5.905007176417746972e-01,8.017446576921473111e-01,5.515690752040774969e-01,7.628980482328292512e-01,4.596608562718590418e-01,7.135138937033612683e-01,-7.811990733953581845e-02,8.357603812623835005e-01,3.835175094399890794e-01,7.994272108324768089e-01,5.420616059952376720e-01,1.000000000000000000e+00,5.565437238461415914e-01,-6.515735540838033524e-01,-4.003831272170361166e-01,-4.456379168903650267e-01,1.553260385183381775e-01,-3.090987257365940821e-01,-2.436970523642911779e-01,-7.391215136124295038e-01,-6.924734166079915543e-01,-1.485287999142693716e-01,-7.220489925962136901e-01,-3.063634135457175001e-01,-5.194530307518954171e-01,-3.906575241152940858e-01,-8.708438363505960345e-02,2.597971094665605385e-01,-3.369656634382086069e-01,4.768487756669904654e-01,6.079299667437331606e-02,-3.199300717077757650e-01,-3.469348204042547734e-01,-5.859152578448477700e-01,-2.547399677413183516e-01,-5.827518248361006625e-01,-1.656190670741921056e-01,-5.151577199316411670e-01,2.464592369627743307e-01,3.764867038183786208e-02,3.638033723200046476e-01,6.822172235561821951e-01,3.163401076891355496e-02,-4.778827274761999755e-01,-6.968465490634774273e-01,-5.573716957119612125e-01,-1.335453917627864306e-01,-3.170204987792517581e-01,-5.492963109290848189e-01,6.369502469359902830e-02,-2.844091334079653643e-01,-4.252453748211644791e-01,-5.637836992121156854e-01,-6.954154728152580622e-01,-4.863070121163863280e-01,-6.593486728731106084e-01,-8.122239129685846493e-01,-4.496694560749070479e-01,-2.036188430881885336e-01,2.251650561637030257e-01,6.762214813437900096e-02,-1.794758031294227119e-01,-1.805698382842139682e-01,3.198469451307777156e-01,1.057184820586471036e-01,-2.266000937881013089e-01,-6.586995838521740865e-01,-4.406514720308722932e-01,-4.557133142357801536e-01,-5.172231177093582488e-01,-7.554165112954481787e-01,-4.118803271467274540e-01,1.900804906879538236e-01
1.669246805191022531e-01,2.729564089250455794e-01,3.135984555098749182e-01,3.243201542795131065e-01,2.672696026864165852e-01,2.599366560758490374e-01,3.259141311700123333e-01,1.411400624152326366e-01,1.864990554493133335e-01,-6.299503572595180345e-02,4.527121789336642776e-01,-1.278173359573411272e-01,3.366818222730156296e-01,-7.596713650110468660e-03,2.503333003533522727e-01,4.988285278129410139e-01,5.565437238461415914e-01,1.000000000000000000e+00,8.206306502161353489e-02,-3.269137006461566575e-01,-1.341229683886010493e-01,-6.285403815378697023e-02,-3.523668619358701765e-02,-6.007749151400895160e-01,-4.493202991763040610e-01,-5.790404052573290272e-01,-5.649797074588397416e-01,-5.521413810547229906e-01,-2.527034968451488117e-01,-4.580009190137465658e-01,-2.852387525937567503e-01,-6.093219448370907482e-02,-1.047174911007870274e-01,-2.552352840450418658e-01,-5.764959156934401294e-03,-2.535875929861801104e-01,-4.481857267375568415e-02,-1.233156901527046184e-01,-1.087891619501852730e-01,1.430899208207305970e-02,-3.397340648421043330e-01,1.819521449808928493e-01,-7.827776542876134502e-02,3.640696166773880194e-01,2.950155928998831056e-01,4.636536299327039257e-01,4.325851480555241158e-01,3.101215099832756450e-01,2.987450103062340434e-02,-3.792928150190290615e-01,-2.380786459692127988e-01,3.635798697665683643e-01,5.154249077030996495e-02,1.116966862734415471e-02,5.058069923794925593e-01,1.448079258899706290e-01,-1.525727630055011275e-01,-6.328698314782702505e-01,-2.414830548683427613e-01,-2.805038754840564752e-01,-5.230485314546524656e-01,-2.883173299579103732e-01,8.289265534672790939e-03,6.327883245698311121e-02,-2.511767586490451856e-02,2.599629748792684977e-02,2.578647511186736296e-01,2.630818798600332853e-01,4.084306553523932570e-01,2.302754669969092963e-02,1.241923592042898788e-01,-2.205729088855407083e-01,-1.974165625596767670e-01,-1.816924951508155223e-02,1.662254513678434673e-02,-3.673570504799701375e-01,-4.293910521470261643e-01,-1.108099627587555286e-01
-4.962325387274609811e-01,-6.100673236660367760e-01,-4.901024629662905641e-01,-5.544884706664805485e-01,-5.915052487498281275e-01,-4.365324928457338105e-01,-6.624488662919320037e-01,-3.444691326765425554e-01,-6.662601328950548130e-01,-3.988008382876798708e-01,-3.509062240353010842e-01,9.690332805106159630e-02,-5.453591671873138091e-01,-2.848789847536872810e-01,-7.717070754901559360e-01,-1.027208267850894252e-01,-6.515735540838033524e-01,8.206306502161353489e-02,1.000000000000000000e+00,1.950694826334832543e-01,6.565524432189012716e-01,-2.419410509388866815e-01,3.506877701584003582e-01,-3.144198068189263395e-01,4.694301045060585986e-01,2.081544661505680960e-01,-3.748700205983508948e-01,2.960166982141579362e-01,-8.801005887613699841e-02,1.060681943616225142e-01,5.367558508384005084e-02,3.560136241923324025e-03,-3.787823670672560983e-01,2.974219054698002546e-02,-4.562942172933717733e-01,-2.901150151927854859e-01,8.638079048367056090e-02,1.023853913125699205e-01,3.855143888221542192e-01,9.359394628934820937e-02,2.509203034683518130e-01,3.341498402319385552e-01,6.302187353223704935e-01,1.137088181583789104e-01,2.039662562661913314e-01,3.429256316035070307e-02,-4.908880257953701642e-01,2.041356313403425438e-01,5.971426048096977190e-01,4.646638946899860900e-01,4.403006865802734371e-01,4.969877510996978387e-01,3.602707210392832038e-01,5.523623734548933628e-01,2.973392232368942678e-01,4.321799504848776174e-01,4.436709235424267095e-01,1.257786469721366707e-01,6.045776508845583930e-01,1.885824327745258544e-01,2.322313761459525727e-01,6.189327745866357589e-01,4.610640173843430500e-01,3.795307326602511133e-01,-5.501628468562250879e-02,4.255621610200914333e-03,5.591567703880824247e-01,4.477321725296150579e-01,-1.196652178752407314e-01,-2.083474686922281993e-01,3.213361856336319766e-01,5.775318290553473899e-01,4.693254737385366138e-01,5.698523200225379393e-01,4.807228967614975979e-01,5.645197166850168813e-01,2.567995034320785797e-01,-3.174621618812724089e-01
-1.796549486693415909e-01,-4.641880057870271248e-01,-1.733887461087563753e-01,-3.962384379351740482e-01,-3.008179273093790074e-01,-4.144630565997706184e-01,-2.821087628156566662e-01,-2.680782030923550829e-01,-4.545636305960581436e-01,9.096437107433262559e-02,-1.212704263137166505e-01,3.056952030151489641e-01,-1.776000685733201412e-01,-2.141639694275405681e-01,-5.223927797561960240e-01,2.739864530653909336e-01,-4.003831272170361166e-01,-3.269137006461566575e-01,1.950694826334832543e-01,1.000000000000000000e+00,3.824121113261041982e-01,2.227600475609100017e-01,5.975250256622285372e-01,1.512702981610266340e-01,4.144128892701912648e-01,2.242776450580325365e-03,-1.705496642194984092e-01,1.956144837408868575e-01,-2.470173647103871550e-01,1.459220433097806191e-02,-2.571698866077745116e-01,-4.308827572068991696e-01,-6.881259776216283042e-01,-3.247261594210980040e-01,-5.876855488891226109e-01,-4.927820820673925462e-01,-1.323944219144971290e-01,-2.394841193748094010e-01,4.110164608295672206e-01,-5.053843543888353329e-02,-6.231486238094632174e-02,1.774723341496547979e-01,4.697805641564672396e-01,3.437146196003419418e-01,7.970375691266269602e-02,1.582905320392795911e-01,-3.970940998732999105e-01,-1.203615326788998602e-01,2.399866349096649032e-01,5.254603883221210109e-02,5.718859629171626491e-01,2.928598360148831903e-01,1.022531865702061282e-01,3.019761805467413573e-01,1.632486818526023564e-01,-5.016891057990718189e-02,-7.885390450292675824e-02,1.131468737056518375e-01,3.522187243980421378e-01,-1.056826633011558186e-01,8.804048401492278741e-02,4.069294085029007690e-01,3.509062035717886996e-01,6.071446347035166502e-01,2.290112933311374277e-01,3.305426191820263204e-01,4.514906338364793603e-01,1.623979984443498226e-01,-1.412448508788083645e-01,-3.502293800868143681e-01,-1.333322736538368469e-02,1.789955688209770024e-01,3.206565476974098106e-01,4.305485689572227659e-01,1.395266086628471347e-01,5.069202631443923135e-01,4.582942014446005907e-01,1.566760600460036512e-01
