1.000000000000000000e+00,4.835841263211028140e-01,3.828466967539194687e-01,3.283593291593235319e-01,2.077455739938849633e-01,1.558885088858268375e-01,7.347690882518959077e-02,5.402625342741166486e-02,5.073953041688195054e-02,2.306611686913978554e-02,4.244544771768121727e-02,1.923373065680506963e-02,4.503496921058726746e-04,-1.560755267584982078e-02,5.463911627736242442e-03,-1.598414515359787222e-02,-7.015720265456207826e-03,-1.311345025428044958e-02,-3.544713618875449529e-02,-1.614961938001228600e-02,-6.158634548327403951e-03,-1.303809865634897140e-02,-2.408453267899700670e-02,1.227834531125826870e-02,-1.071839029914533128e-02,-2.087077127057627643e-02,1.789432461315515130e-02,-1.212377982770999722e-02,1.330297115891468721e-02,1.339941118247327950e-02,4.319684944162480362e-04,6.247630491572211432e-03,5.485466226477552464e-03,4.986381207597505392e-04,5.596574556946975511e-03,-3.339899399741493025e-02,-9.326649227301569284e-03,-3.905983359382934460e-03,-2.993987105871117813e-02,-2.250514273258336778e-02,-3.870631254309879477e-02,-7.464588502330520361e-03,-2.811674768712896233e-02,7.795078246635660235e-03,-2.747553802180889571e-02,-2.879354859343914372e-02,-3.641864431534532626e-02,-3.659949326011646079e-03,1.253917970937355048e-02,-5.148642990380427123e-03,2.239098094399664431e-03,2.488267995641980576e-02,2.504645714151045033e-02,2.283917051460813627e-02,2.860375999509636238e-02,3.521773345083693135e-02,1.388901474447428938e-02,4.415672993140724173e-02,1.337699173654729665e-02,-1.269144668284392279e-03,4.713882525754330838e-02,2.655536152938977896e-03,-1.282777051783396370e-02,-4.324066104280733028e-03,-2.599099387416481735e-02,2.380058570163966387e-03,5.712455346923516787e-03,-2.339494911451933667e-02,-1.086895725214948732e-02,-2.944274063640131989e-03,-2.072666818332833533e-02
4.835841263211028140e-01,1.000000000000000000e+00,3.767653493161322031e-01,3.807075913331697259e-01,2.714786801829289220e-01,1.464071251440361154e-01,9.052224439436355741e-02,6.826736263833493856e-02,6.108488457411673928e-02,3.114228873464154959e-02,4.530936597731963222e-02,2.539360863905154239e-02,-6.325305622294187351e-03,-3.276914107152645306e-02,-2.130539571051803804e-02,-3.847037225006351424e-02,-9.738589224827044755e-03,-1.006104235350829997e-02,-3.831021983033128242e-02,-1.277775714245763493e-02,-7.358647599760177564e-03,-2.781428368586336217e-03,-1.556867629992447419e-02,5.755436500652260159e-03,-2.201669489236534119e-02,-2.764215108675543639e-02,-7.687891160158140088e-04,-3.585522984298241539e-02,7.532395914366434020e-03,4.642315327314082245e-03,-1.076340806109550054e-02,9.464474581147642659e-03,5.759943101771431567e-03,1.349197183499975528e-03,4.044803496660895163e-03,-4.018099931566037480e-02,-1.361272968765421705e-02,-1.496823123364292643e-02,-2.277976088240623448e-02,-1.680095297862138279e-02,-3.233161271375763895e-02,-4.336075501794330045e-03,-9.404288669066127385e-03,1.752908075944033250e-02,-8.465619481632541757e-03,-1.278025145309072408e-02,-1.325588765081102578e-02,4.121903114724111833e-03,1.434203746556581872e-02,1.192367138008169902e-02,2.162268308135007963e-02,3.179998698626363557e-02,1.484220454211733140e-02,1.713380632896243511e-02,2.222748876112292521e-02,1.580136461194055209e-02,-1.021178343840261141e-02,2.560379681387585024e-02,5.544001822406115221e-03,-4.058241664183425898e-04,5.700519429695530965e-02,-8.112940008211068019e-03,-2.065912355803263198e-02,-2.516721588470462873e-03,-2.918517524713264838e-02,-6.460766600396089347e-03,6.507278629324516998e-03,-1.524804975981466221e-02,1.078586182238617380e-02,6.082674142551841578e-03,3.764633489270748784e-03
3.828466967539194687e-01,3.767653493161322031e-01,1.000000000000000000e+00,4.781338662749226587e-01,6.019328927209381952e-01,3.235755542371662186e-01,1.917025429619002019e-01,1.974868681943407756e-01,1.632483862119934737e-01,1.047065800134233116e-01,1.063777998955790227e-01,7.153804602600687124e-02,9.191471429265814458e-05,-7.139852408488739366e-02,-2.482047973765366677e-02,-6.842098116776199057e-02,-2.661885123118796007e-02,-1.743303594003245416e-02,-4.738299043518590797e-02,-2.854263986116120991e-02,-2.381734127647720453e-02,-1.710209400116087866e-02,-2.962899043014825817e-02,1.688690892504066468e-02,-2.584107358028952389e-02,-2.966630126330280573e-02,-1.895410596984231514e-03,-4.483846369057437747e-02,-1.053569218024954894e-02,-2.085275986754282600e-03,-5.803809993959618829e-02,-2.824791698284916802e-02,-2.748328977852256341e-02,-7.353177113590857010e-03,-3.583393799840074029e-02,-2.589016215439267354e-02,1.215601829465881361e-03,-1.816217671827460509e-02,-2.408378226411232378e-02,6.736012131100224849e-03,-3.254721677408483477e-02,-1.567494153602199194e-02,-3.291014891312953744e-02,1.897609427154616640e-02,7.904565271143557809e-03,-2.867715440056270784e-02,-2.936898187195697424e-02,2.980908616697471730e-02,3.036854274516110480e-02,7.370088640064115758e-03,3.833066815503041042e-02,4.014144644555753955e-02,2.801395230786783361e-02,3.119809331236815184e-02,2.162908511937839534e-02,4.889803672143109431e-02,1.623065553778081302e-02,5.496332102089728638e-02,3.256083017392729512e-02,2.849653047371304097e-03,3.320096706986951085e-02,1.016072699090708048e-02,-2.087846021158881044e-02,1.577220770387388702e-03,-4.305515971534956687e-02,-6.347740794745096275e-03,1.085142716173312182e-04,-2.511321012186531337e-02,-5.758847146195699741e-03,3.843834422263679284e-03,-1.037381035823550443e-02
3.283593291593235319e-01,3.807075913331697259e-01,4.781338662749226587e-01,1.000000000000000000e+00,4.200234558417112463e-01,3.746452255782770080e-01,2.909560031633927624e-01,2.112536760605298880e-01,2.196479001515000695e-01,1.294812790373525979e-01,1.498540839100174493e-01,9.900122627516179385e-02,-2.432361938461563306e-03,-7.403475789140306906e-02,-1.848433852587003101e-02,-4.827081008201544732e-02,-3.557081361497043542e-02,-3.875995228594573266e-02,-4.507738944742459980e-02,-5.838084372476386175e-02,-2.089420401140111225e-02,-6.849667795820138516e-02,-6.286359661637398732e-02,-2.157147942654681280e-02,-3.657076393619216464e-02,-4.971183644274216468e-02,-1.125259401634176593e-02,-4.116333495640707441e-02,-1.189998567318446485e-02,1.065061466365321147e-02,-3.991886324400463482e-02,1.296419002184246751e-02,-9.583109769724745125e-03,-8.021069498021003805e-04,2.831081163053068925e-03,-2.488641295746792104e-02,1.289930177416290062e-02,-3.251712258539127959e-02,-8.442544609306663894e-03,4.941609479303755124e-03,-2.156526488874654576e-02,-1.634697856533102317e-02,-2.147345515684624326e-02,1.123104273997345762e-02,-8.902202030055619136e-03,-1.343425453121095854e-02,-3.552992056615397742e-02,-5.994505316308202519e-03,1.313079324661284991e-02,1.999882102800891416e-04,3.031197904827921674e-02,3.614639881834991186e-02,1.881286853730876688e-02,2.145095387548699370e-02,3.174088459683475916e-02,3.266857345419230119e-02,9.303150412078492471e-03,5.437740648262880117e-02,1.139922377006953938e-02,-2.564898008525553358e-02,4.617114906578510120e-02,1.094669552104382722e-02,-8.982897945449305754e-03,-3.057281823255859985e-03,-3.697417125001156019e-02,-6.535018506676383218e-03,8.671675970294511621e-03,-2.118901249536754919e-02,9.632093333792109829e-03,1.470364987492932089e-02,-1.667711957090877925e-02
2.077455739938849633e-01,2.714786801829289220e-01,6.019328927209381952e-01,4.200234558417112463e-01,1.000000000000000000e+00,4.015797879924823399e-01,3.268526930866785807e-01,2.914310119000818600e-01,2.583043126938176504e-01,1.883988526682570108e-01,1.722635684907747045e-01,1.263469129016690506e-01,1.514894542717903914e-02,-9.346090646432658744e-02,-4.613990552040952986e-02,-7.496064378109686122e-02,-4.974826777829304686e-02,-4.609681918047062177e-02,-6.320269833878724985e-02,-4.228119141060444897e-02,-1.804452093608835406e-02,-2.020239625484046564e-02,-2.440170299305765428e-02,1.150499876429494743e-02,-2.588048443117092756e-02,-1.542033122591920935e-02,3.211897626043229859e-03,-4.823778786344423003e-02,-1.334422770386205388e-02,-1.722783362651110137e-02,-5.227547948866578115e-02,-3.495916905401708075e-02,-4.472757803509561092e-02,-9.735306516079345052e-03,-5.246869575144227221e-02,-3.361564171857667899e-02,1.278354666442141482e-03,-2.921109657557622447e-02,-2.288998567200504000e-02,3.547140167920326791e-03,-1.863564448402586088e-02,-2.854427328397204228e-02,-1.128101165219010799e-02,2.921844873738235412e-02,2.586715622417115092e-03,-1.635082712774387284e-02,-3.250270570225343575e-02,3.263546734873531280e-02,9.788917209204769238e-03,-6.874151276599057246e-03,3.631017740128286708e-02,2.921551655145731771e-02,4.435072479408989042e-03,1.509939915320844886e-02,2.135953870204011437e-02,4.404281770282876540e-02,1.587748015232864560e-02,5.883619706805773286e-02,4.671543575744688259e-02,-1.678805733270466059e-03,3.959437780377029342e-02,-1.438251273305133499e-03,-2.161725683407492160e-02,1.319093675343428231e-02,-3.757969480623455510e-02,-1.293181220792841059e-03,2.050889695465434037e-02,-8.895168264484306156e-03,1.266056593249771135e-02,4.148144662520183122e-03,-8.807371824358133441e-04
1.558885088858268375e-01,1.464071251440361154e-01,3.235755542371662186e-01,3.746452255782770080e-01,4.015797879924823399e-01,1.000000000000000000e+00,4.160892601126627843e-01,3.531075747489388350e-01,3.676697711437283966e-01,1.664852815780036854e-01,1.943751179493055092e-01,1.359064765767331318e-01,4.780926727910973090e-02,-5.548325511815106054e-02,-2.051712203414973387e-02,-5.211172786723058253e-02,-3.335351322538911839e-02,-6.591845808090442127e-02,-7.344047096848838052e-02,-6.099542561650836414e-02,-1.377719518668339173e-02,-5.716799000523789531e-02,-4.720468265078046205e-02,-1.890823434294112981e-02,-5.565630336907508718e-02,-5.575839452445893740e-02,-3.230064582248155791e-02,-6.098887759874856151e-02,-3.985741253083156799e-02,-1.314579223138058646e-02,-6.228526918856823469e-02,-7.904369459534328624e-03,-3.497609706888599179e-02,-1.027915282975834683e-02,-1.128871964283676560e-02,-3.220443504647337030e-02,-3.173008620088218785e-03,-2.838896076116469158e-02,-2.560568679507172624e-02,6.855367057200612534e-03,-1.355634525780139051e-02,-9.704469610757089290e-03,-1.323148343682116826e-02,-2.113463909807728012e-04,-5.625398979615178242e-03,-1.441912680299582347e-02,-3.359383213246493194e-02,1.993085257374676081e-02,2.159076108338360903e-02,-1.619720188528825031e-02,3.157340530190751865e-02,2.957542821489525173e-02,6.505920538693530861e-03,8.579834594893254174e-03,2.081117358375413409e-02,4.593125136065841219e-02,1.473161182597374809e-02,5.962446700404305105e-02,5.073180946665473146e-02,4.818609726937737175e-03,5.558315654054042654e-02,-7.029456217412967519e-04,-1.752822111441967867e-02,-6.636865401945852075e-03,-4.237301674542302832e-02,1.898600667659717037e-02,2.677616462830508318e-02,-8.374740758961676801e-03,2.919025122415657911e-02,1.145460831466005303e-02,-3.622170756286038212e-04
7.347690882518959077e-02,9.052224439436355741e-02,1.917025429619002019e-01,2.909560031633927624e-01,3.268526930866785807e-01,4.160892601126627843e-01,1.000000000000000000e+00,4.339403192218000416e-01,5.513258544219720170e-01,3.298586479138721494e-01,2.971944152509630177e-01,2.454224949961472668e-01,7.983644145122739677e-02,-6.231901944320313719e-02,8.331524346622352223e-04,-5.273251937220489044e-02,-1.867138490137156340e-02,-5.227569043828032141e-02,-3.007567246782164028e-02,-5.074769832316883972e-02,-4.610099782667494714e-04,-4.431287237951669900e-02,-4.582878781690064018e-02,3.956670156030864943e-02,-1.151986193006952416e-02,-1.262146155164235034e-02,1.977478677443510885e-02,-4.673465478686306823e-02,4.007300480756864972e-03,-2.645680544163093572e-03,-3.145790246825802550e-02,-6.678866522613872579e-05,-6.209574496125289111e-02,-8.637106104429562517e-03,-4.965521154050446528e-02,-3.896478255354075826e-02,-2.270989330503692810e-02,-4.584401841890702045e-02,-5.060903169007114483e-02,2.338699182288383354e-04,-2.502935657335293371e-02,-3.931581143806114204e-02,-1.049837493180532690e-02,1.051041629890705174e-02,-1.810125656992045071e-02,-2.035007173292006574e-02,-1.402200344311934493e-02,-6.436717847127911875e-03,-1.350498413736776933e-02,2.596020636991460892e-02,3.826877508030754327e-02,1.852081411054782092e-02,-1.184353454536137516e-02,1.449024684906488614e-02,1.163127269729363408e-02,3.162908960288223631e-02,2.603876194471150748e-02,3.976883170940855722e-02,6.700843724676938673e-02,-1.216618182720901296e-02,2.418562451123003332e-02,-2.213597694230928694e-03,-2.269418893322993258e-04,1.235317497528294964e-02,-2.468431282458726644e-02,1.200950618948301921e-02,2.997119058038851674e-02,2.102098573983974053e-02,3.115834756879082290e-02,2.093461903679156785e-02,7.379715491030084881e-03
5.402625342741166486e-02,6.826736263833493856e-02,1.974868681943407756e-01,2.112536760605298880e-01,2.914310119000818600e-01,3.531075747489388350e-01,4.339403192218000416e-01,1.000000000000000000e+00,4.208427329922750371e-01,4.358630887105879315e-01,3.586068274803570488e-01,2.169889332040029484e-01,4.137941080819392686e-02,-2.993442723318092899e-02,-1.333865865617921490e-02,-9.502991641347604060e-03,-1.767184770404850447e-02,-5.774341433945614360e-02,-5.887390614745795919e-02,-5.030590711023103651e-02,-3.854993085072876136e-02,-3.664514951941353488e-02,-5.087148878871216445e-02,7.746953686862302277e-03,-5.142999586286271102e-02,-3.750218356886099447e-02,-4.106246648892337460e-03,-7.324571883553751550e-02,-3.532239393205290068e-02,-9.345333291483104085e-03,-3.824960490149395542e-02,1.367902746005928219e-02,-3.409107696863888232e-02,6.418916808243142758e-03,-3.527286520613118204e-02,-9.882583615695533091e-03,1.985821059822160273e-03,3.774143529584747785e-03,-2.476413260152299234e-02,3.073725953596915974e-04,-9.817726701653825896e-03,-3.600919266645182231e-03,4.314244917615844485e-03,8.627652210381545062e-03,-2.232417862373199755e-03,-4.671044110757810973e-03,-3.402908695877644718e-02,9.015710151494018415e-03,-1.040322721882841039e-03,-2.535889264640855609e-02,3.096532028859714375e-02,2.690733201754772971e-02,-1.220264656115301570e-02,-1.181746973672710525e-02,1.546621918138033763e-02,3.336267865407686189e-02,2.647267589847506972e-02,3.952275818607251662e-02,4.982172179732408113e-02,6.201815262693460579e-04,5.870400192120418109e-02,3.332069563853120014e-03,1.060801699088319283e-02,9.171316080253131067e-03,-2.606754236757332852e-02,1.811454545687996368e-02,-1.003425459878652123e-04,-8.664673797498715843e-03,5.079116355967148826e-03,8.109577712202794761e-03,-3.650204590403465042e-03
5.073953041688195054e-02,6.108488457411673928e-02,1.632483862119934737e-01,2.196479001515000695e-01,2.583043126938176504e-01,3.676697711437283966e-01,5.513258544219720170e-01,4.208427329922750371e-01,1.000000000000000000e+00,3.142869256830224667e-01,3.488475259007327023e-01,2.424304602093814431e-01,1.202338540557175567e-01,-1.191333316822715122e-01,-5.309215096700161535e-02,-7.900571388062835321e-02,-5.477436626643288758e-02,-5.943755492270195312e-02,-5.603577841204968740e-02,-7.975424962471235057e-02,-1.494226257056692660e-02,-6.283371973437865132e-02,-5.541851310271372899e-02,9.790811743410227433e-03,-3.196262617009269780e-02,-2.732668350562084125e-02,5.905606603511184697e-04,-4.496730209361358976e-02,-1.915588361285538652e-02,1.081284596403678895e-03,-1.745773557383618543e-02,1.068978321677224296e-04,-4.696242383938153270e-02,-1.437006289100285078e-02,-4.341942024877770007e-02,-3.231235365554470385e-02,-2.896030396477210916e-02,-5.958403380017276985e-02,-3.216259131014776590e-02,-1.006723030459182218e-03,-3.041064026075047597e-02,-3.510920922150187473e-02,-1.553001999458044312e-02,-6.553503360669311710e-03,9.349372705677849163e-04,-5.378223345778919938e-03,-2.575708324964421855e-02,3.234824162000464118e-03,-9.266907209676981949e-03,5.545153130269557876e-03,1.963661654064988854e-02,3.947394630880068575e-03,-7.130167635412936432e-03,9.026498440126946160e-03,8.421299477693761429e-03,3.432500499838283398e-02,2.527862039867100410e-02,2.789950075477774447e-02,5.439798220000695989e-02,-3.369668702797549032e-03,2.652061825540169213e-02,2.792062819654476252e-02,6.688781516397537125e-03,6.747790647453861396e-03,-1.153780766669319433e-02,1.980595982952465528e-02,2.699569069101468918e-02,3.299689374139620074e-02,2.629031047403925653e-02,1.986613951825719204e-02,1.733096668103818044e-02
2.306611686913978554e-02,3.114228873464154959e-02,1.047065800134233116e-01,1.294812790373525979e-01,1.883988526682570108e-01,1.664852815780036854e-01,3.298586479138721494e-01,4.358630887105879315e-01,3.142869256830224667e-01,1.000000000000000000e+00,4.329757615610723143e-01,4.423979424315749864e-01,1.128402739873328037e-01,2.468318261122077334e-02,2.089710341610835631e-02,5.136525853339403772e-03,2.906497359080604040e-02,-2.275574703469734894e-02,-3.029090991918618678e-02,-2.473436502011496646e-02,1.504550461548612855e-02,-1.283283966328723803e-02,-4.180322009104467385e-02,1.108396342442455502e-02,-1.905758868045696885e-02,6.326826896671827738e-03,7.106938318740600898e-03,-5.099126841183895809e-02,-1.625076924323146446e-02,-2.041813328008171367e-03,-3.077415843223634678e-02,1.971751208246159959e-02,-2.793535261749654358e-02,2.050334607729269176e-02,-4.212987479382485079e-02,1.908519248701549169e-03,-1.721219662565758382e-02,-1.254090666708645475e-02,-9.451520276067649357e-03,1.543095544749447344e-02,-1.213924822205147969e-02,-1.116117828711053576e-02,3.403511497610936520e-03,4.773114909715468930e-03,-2.077314317683133515e-02,-1.167049235083315699e-02,-3.206096180730878126e-02,8.556441441013985447e-03,-2.124128435749004021e-02,-1.009143217904194187e-02,2.226062965439589911e-02,1.346818179375927800e-02,-1.706693517149628428e-02,-1.096818814274094431e-02,4.935056845539890005e-03,3.484699017621096379e-02,1.954408950124107702e-02,2.977684861570465552e-02,4.835180175779199563e-02,1.303335732667287861e-02,3.993167117499220320e-02,-1.606108576271779095e-02,-1.076856237664025259e-02,1.015212133622478766e-02,-2.077069282985140666e-02,1.413174850576208973e-02,-7.474774763033631073e-03,-2.279577064791862926e-03,4.041722852970748917e-03,6.742520053726564107e-03,-1.129383452634021489e-03
4.244544771768121727e-02,4.530936597731963222e-02,1.063777998955790227e-01,1.498540839100174493e-01,1.722635684907747045e-01,1.943751179493055092e-01,2.971944152509630177e-01,3.586068274803570488e-01,3.488475259007327023e-01,4.329757615610723143e-01,1.000000000000000000e+00,2.788729066220335118e-01,3.157566012422261675e-02,-5.219741879702297083e-02,5.841245659334576984e-02,8.061266486436565598e-03,-3.684235543231886845e-02,-8.919731098184657814e-02,-1.791386627740102627e-02,-2.136124929057033744e-02,3.183730420774674719e-02,-2.588862150386987693e-02,-1.911602352337370136e-02,1.672194529573795344e-02,-3.044183124155980247e-02,1.946781081232106620e-03,9.084889259277717857e-03,-4.536610081058540384e-02,-1.764002582977347924e-02,-3.014903310538002285e-02,-5.915470800589283512e-02,1.152198719532001106e-02,-2.547718394815592577e-02,9.656435918194589477e-03,-9.528394952105287766e-03,-5.067910808172263609e-03,-3.453299833282624104e-02,-3.317892089865961958e-02,-3.040486679892446739e-02,2.016901079534193578e-02,-3.922782971886285691e-02,-2.474246918924096622e-02,8.761730713922220512e-03,6.801163848264811518e-03,7.188428974568180675e-03,9.408574456636288521e-04,-3.220742024226280059e-02,2.429823508613260588e-02,-2.044148067369800509e-02,-2.369346714553616229e-02,1.559348981183673183e-02,-3.510105824044811029e-03,-3.165190106916377505e-02,3.796449228830563356e-03,3.062161024423478740e-03,2.717788993089105890e-02,1.399577637236960707e-02,2.419854797289055018e-02,4.202794228669973903e-02,-1.253954445764787415e-02,5.488480771809172570e-02,1.321878494981488204e-02,1.230922961985660320e-02,1.252601773512986884e-02,-1.362077957464983419e-02,-2.111688223258683262e-03,9.355156618531340618e-03,2.134855852529366979e-02,6.762613559585304961e-03,4.091408600803482856e-03,9.401733095953662342e-03
1.923373065680506963e-02,2.539360863905154239e-02,7.153804602600687124e-02,9.900122627516179385e-02,1.263469129016690506e-01,1.359064765767331318e-01,2.454224949961472668e-01,2.169889332040029484e-01,2.424304602093814431e-01,4.423979424315749864e-01,2.788729066220335118e-01,1.000000000000000000e+00,2.135641282767748450e-01,4.667596359962755681e-02,1.231768291019429001e-01,1.637658066280340413e-02,6.599563185669057863e-02,-6.044486005440544152e-02,-1.040651910928541181e-02,1.373178986002313896e-02,2.795858445933080069e-02,5.855320146344356567e-03,-3.735124148580035858e-02,-1.359093905710206246e-02,-1.416758188031462008e-02,7.310034612007072601e-03,2.060423311266340422e-03,-1.485089734177124157e-02,2.056578172934628995e-02,2.658744377666402703e-02,3.256313608763886785e-03,7.253540804306717049e-02,2.289599988476987216e-02,6.224050164406049607e-02,4.094728176142372993e-03,1.928367889784866548e-02,2.523443689424479872e-02,-5.689063071068465628e-03,2.712930438453773838e-02,4.803623528680030924e-02,7.212068996438751253e-03,-8.121978829119264748e-03,-4.318295015065727084e-03,-2.028831508564659172e-02,-1.288763421976428340e-02,-2.440601159744943197e-02,-3.369860921955245697e-02,1.159032824785162855e-02,-3.046835413852248819e-02,-3.030475176008881610e-02,-2.159189445238853325e-03,1.382694353041197255e-02,-3.933745310976201337e-02,-2.802057848259304623e-02,-1.181977234331699385e-02,2.747138679429267719e-02,-1.797210931788362220e-02,4.294006697085723731e-03,4.042806345664538142e-02,-2.029736601341539798e-02,1.044187136004938454e-02,-2.053176768167527463e-02,-2.536110456298912644e-02,-1.338123265502557530e-02,-4.020948485504814013e-02,-3.129232799633921425e-02,-2.094739916135437280e-02,-3.476831902926328516e-02,-7.513238319284945045e-03,-7.522651138707561920e-03,-1.911864126414660955e-02
4.503496921058726746e-04,-6.325305622294187351e-03,9.191471429265814458e-05,-2.432361938461563306e-03,1.514894542717903914e-02,4.780926727910973090e-02,7.983644145122739677e-02,4.137941080819392686e-02,1.202338540557175567e-01,1.128402739873328037e-01,3.157566012422261675e-02,2.135641282767748450e-01,1.000000000000000000e+00,2.290130011952429823e-01,7.535379092065176698e-02,-8.279360951385747458e-02,2.449037233955062010e-01,1.025089279652949686e-01,2.141131579836369828e-02,3.573341886478745288e-02,5.015248304019111897e-02,-1.883399166972133873e-02,-6.964030941586028291e-03,-1.636942729644702207e-02,-3.540108498359195027e-02,1.755314780257329066e-02,-5.279008053194513862e-03,-7.128403499296014079e-02,-3.336141432942253682e-02,-2.281722739891670765e-02,-6.660321031245058053e-03,1.269959999264042363e-02,-2.815333830723762074e-03,3.881584163537799698e-02,1.294542566864562497e-02,-3.118426092297397253e-03,2.728209714887140300e-02,5.493853586333471289e-02,2.468556841771616869e-02,3.204039341121033696e-02,5.209182714488315435e-02,4.582500535270650488e-02,4.663003707620520105e-02,1.913258547539327739e-02,1.911255642355039197e-02,5.171804846441821479e-02,4.256938839601064929e-03,1.211051894107196408e-02,4.145781154259737394e-02,9.644651281572087440e-03,2.947919410533934772e-03,2.640608812406954400e-02,1.506369225206864379e-02,-3.279838039086448859e-02,-2.894921282208407984e-02,-2.473687298710708360e-02,-6.586471482309970427e-02,-3.409976607113690550e-02,-2.362207063789408326e-02,-3.697837573351571427e-02,-7.933698149112924577e-03,-1.955238167691899023e-02,-1.802631069088327098e-02,-1.781928679984694577e-02,-3.522070647870023663e-02,-5.069136296923280188e-02,-3.604573769530941552e-02,-9.816532066656091446e-03,1.633302868221063117e-02,1.992374275720769361e-02,1.714944752882388221e-02
-1.560755267584982078e-02,-3.276914107152645306e-02,-7.139852408488739366e-02,-7.403475789140306906e-02,-9.346090646432658744e-02,-5.548325511815106054e-02,-6.231901944320313719e-02,-2.993442723318092899e-02,-1.191333316822715122e-01,2.468318261122077334e-02,-5.219741879702297083e-02,4.667596359962755681e-02,2.290130011952429823e-01,1.000000000000000000e+00,4.582746540941366464e-01,4.107527919146246043e-01,5.569625622941644094e-01,1.996347937488811841e-01,1.942744557714525255e-01,2.190009486378869386e-01,2.150705655374308412e-01,1.385776035093711223e-01,6.949214010827939325e-02,5.590195825110610278e-02,2.685639828154858313e-02,5.327012790554134375e-02,3.939779962897679844e-02,-2.716025692177847541e-03,-1.995534513049183195e-03,7.475364919994694109e-03,1.308364804223346826e-02,8.510385211112735451e-03,-5.911294673380052336e-03,9.863007131149681417e-03,1.044200756536053064e-02,9.890213358034256885e-03,-3.856374801477560621e-03,3.012386466104157237e-02,1.889794486149992681e-02,2.431779650969653067e-02,1.926719843558255540e-02,4.945095465854618816e-02,4.769713511472138678e-02,1.464287176975813572e-02,9.259890531383879395e-03,3.506730402655712509e-02,-9.042836515452358156e-03,4.205739936436470039e-03,2.157318691989999065e-02,1.131038092632238694e-02,-1.393880464473814910e-02,3.236664529874186402e-02,2.445065447493801822e-02,-3.413968028723810694e-02,-9.609788505407801731e-03,2.284514482627257245e-02,-2.401933534280856208e-02,-9.096922901809201224e-04,-5.826704665100358727e-03,5.728828797398287202e-03,-2.052559121488670493e-02,-7.432142172240338573e-02,-7.509228117288824222e-02,-3.677551321166576404e-02,-4.750472562387179909e-02,-5.146291265462063502e-02,-5.909863835454650521e-02,-6.792784062978388104e-02,-1.716073603990904070e-02,-5.401122435448952458e-03,-2.282672355206469619e-02
5.463911627736242442e-03,-2.130539571051803804e-02,-2.482047973765366677e-02,-1.848433852587003101e-02,-4.613990552040952986e-02,-2.051712203414973387e-02,8.331524346622352223e-04,-1.333865865617921490e-02,-5.309215096700161535e-02,2.089710341610835631e-02,5.841245659334576984e-02,1.231768291019429001e-01,7.535379092065176698e-02,4.582746540941366464e-01,1.000000000000000000e+00,3.808366308207519757e-01,3.555274020731342133e-01,-1.094094245574193242e-01,1.232430160387343598e-01,1.716917122335023249e-01,1.854917181574896323e-01,1.215019098008999210e-01,7.345140485049968249e-02,1.152731325565182485e-01,1.088310635318953390e-01,7.110937047266699396e-02,1.230798322026940561e-01,6.569975197523719723e-02,6.419998434888361805e-02,7.616800249501196052e-02,6.346496259173310672e-02,7.359931606192987585e-02,5.499406481064867541e-02,6.473167352360359450e-02,4.021894111989737786e-02,5.008713613030177370e-02,1.703782593941583628e-02,4.383663995768629501e-02,2.119058554231988134e-02,2.638270800986455139e-02,6.619011455881239174e-03,-3.473140792102120001e-03,5.264200706561197700e-03,-2.234005659736478661e-02,1.241993771434690350e-02,1.606549022653448039e-02,-1.975030181518740505e-02,-3.145792091976342547e-02,-8.430785320160255614e-03,1.034189915987562824e-02,-3.707328911891494966e-02,-1.902630430613163129e-02,-2.141131259520252794e-02,-6.172320891272936594e-02,-4.394041273531223285e-02,1.260952388426057717e-02,-2.244853228743986379e-02,-8.044080953197956657e-03,-4.668071404333565960e-03,-4.176816337961940240e-02,-3.317999866690608812e-02,-5.007337143342930480e-02,-6.789376636275640253e-02,-4.083907298750701770e-02,-6.612877625744317811e-02,-5.810330916159921893e-02,-6.128060900678908990e-02,-9.228005877333442242e-02,-3.240303728822387791e-02,-2.933002715927558388e-02,-4.723136175761780825e-02
-1.598414515359787222e-02,-3.847037225006351424e-02,-6.842098116776199057e-02,-4.827081008201544732e-02,-7.496064378109686122e-02,-5.211172786723058253e-02,-5.273251937220489044e-02,-9.502991641347604060e-03,-7.900571388062835321e-02,5.136525853339403772e-03,8.061266486436565598e-03,1.637658066280340413e-02,-8.279360951385747458e-02,4.107527919146246043e-01,3.808366308207519757e-01,1.000000000000000000e+00,1.037985261448953755e-01,-6.663221241555095098e-02,1.619033774625006916e-01,1.631190962813775513e-01,1.767767079002885156e-01,1.055249561866051927e-01,6.912910750984693764e-02,9.141051732289223741e-02,8.785610287102442462e-02,6.477335083383267689e-02,7.282636329581812507e-02,6.269240786899041296e-02,5.217753213825460090e-02,5.327898743200805420e-02,1.875839053933823358e-02,5.977090756302375768e-02,4.275973250763925870e-02,4.090040278058294787e-02,3.859287058345784588e-02,2.428599408368278117e-02,-1.266696432278205040e-02,2.227096050895991872e-03,6.604399639656636199e-03,2.150771282616299046e-02,-3.367542445413018726e-02,-1.554148389352642476e-02,-1.671158764238227581e-02,-3.419586278047979933e-02,3.705530412055351927e-03,-7.732953705776739010e-03,-2.601294205163419415e-02,-2.473226912616333095e-02,-1.826136238590960695e-03,1.573203391496218184e-02,-5.593753795836520215e-02,-1.943242100716585435e-03,-2.485562414346800461e-02,-3.786788170458195435e-02,-1.503076119974271554e-02,2.246619198974176071e-02,1.838477313956898146e-02,8.222766162522590280e-03,-1.576180474253678805e-03,1.554388203960555340e-03,8.137263932275144718e-03,-4.134877369695446475e-02,-5.155570091209471517e-02,-2.741501791767719104e-02,-3.866449711699476016e-02,-3.447894830649689962e-02,-4.487781718293027550e-02,-6.460680519135948707e-02,-2.477997904355391107e-02,-1.603020543064249612e-02,-3.546436798628554293e-02
-7.015720265456207826e-03,-9.738589224827044755e-03,-2.661885123118796007e-02,-3.557081361497043542e-02,-4.974826777829304686e-02,-3.335351322538911839e-02,-1.867138490137156340e-02,-1.767184770404850447e-02,-5.477436626643288758e-02,2.906497359080604040e-02,-3.684235543231886845e-02,6.599563185669057863e-02,2.449037233955062010e-01,5.569625622941644094e-01,3.555274020731342133e-01,1.037985261448953755e-01,1.000000000000000000e+00,2.802982820003367959e-01,1.809603512008613468e-01,2.144742337576411029e-01,1.928347718468001459e-01,1.320265004067249226e-01,7.127227033360887531e-02,4.384107777439384679e-02,3.613316764031734851e-02,5.578688784497194686e-02,5.343470987607502193e-02,-1.028976092813126825e-02,-7.000467275351074208e-04,-4.423761885118690160e-03,2.448911220579767789e-02,5.978254017691226642e-03,-1.226656449302183580e-02,1.538660530623900576e-02,1.991788395555162822e-03,3.815331239565408240e-03,6.726640862004710543e-03,9.693208589312692428e-03,6.544727465046209407e-04,-3.327452827314363558e-03,1.904964570505705487e-02,4.978149219525649510e-02,3.424653497584579515e-02,2.204767045180895755e-03,1.442573708347464310e-02,2.967161082109351367e-02,-1.119051409764404079e-02,-3.723956676081376267e-03,2.285915926244046908e-02,1.584745309816967124e-02,1.041303205847882683e-02,5.907100428685231608e-02,2.777156710635600087e-02,-3.907433720181666820e-02,-1.492722273586368983e-03,1.190598830874394116e-02,-2.250081155583123771e-02,-1.041202997065613332e-02,-1.150924983065344624e-02,-1.827296814896631552e-02,-4.945894623802002399e-02,-5.590150906069205061e-02,-5.257265841562085151e-02,-1.002916562098784062e-02,-2.688254977965088416e-02,-3.580760471416481044e-02,-3.203408298219533046e-02,-4.039934939772017036e-02,-2.252709380631457911e-02,2.499765148866618832e-03,-1.683163881877234799e-02
-1.311345025428044958e-02,-1.006104235350829997e-02,-1.743303594003245416e-02,-3.875995228594573266e-02,-4.609681918047062177e-02,-6.591845808090442127e-02,-5.227569043828032141e-02,-5.774341433945614360e-02,-5.943755492270195312e-02,-2.275574703469734894e-02,-8.919731098184657814e-02,-6.044486005440544152e-02,1.025089279652949686e-01,1.996347937488811841e-01,-1.094094245574193242e-01,-6.663221241555095098e-02,2.802982820003367959e-01,1.000000000000000000e+00,2.306921240477472490e-01,1.228849272789516722e-01,9.136868194595000603e-02,1.204008041849256722e-01,3.736187590974728717e-02,-1.290889487236991130e-02,-5.648877833606527404e-04,6.431077998898590900e-03,-1.411993562414554267e-02,-2.236244014233250768e-02,-3.083193324923643244e-02,-4.626417043151923730e-02,-2.408090664287934959e-02,-6.069598024145966136e-02,-6.709632068883888967e-02,-3.749363726087273641e-02,-5.222359431410135422e-02,-5.065992546514850453e-02,-2.657933354478641402e-02,-1.977060971298285133e-02,-4.447536522410524412e-02,-5.668707673600639069e-02,5.965285477518982330e-04,8.817847668770769851e-03,4.372917255002609083e-02,4.162750210123589839e-02,-1.800240077976654474e-02,-2.081174852324931424e-03,3.075097346668557302e-02,2.074412447247721628e-02,8.661912591567247355e-03,7.555285783128941161e-03,1.033082461279162360e-02,2.115206805436916498e-02,2.351022389761282805e-02,-4.848918136957264778e-03,-6.331114877285286616e-03,3.561054651502749448e-03,4.922163599158898423e-02,-1.960182802580143560e-02,3.602953588741825836e-02,1.330638171111808536e-02,-5.123597818275985039e-02,-3.792131918104959479e-03,-9.887327072259009114e-03,-6.675643501563991930e-03,4.730380510346572642e-02,5.839695405799177896e-02,1.793479313994434179e-02,4.694461827479394500e-02,7.359890912470270358e-03,8.043549075609177090e-02,8.086602998951132604e-02
-3.544713618875449529e-02,-3.831021983033128242e-02,-4.738299043518590797e-02,-4.507738944742459980e-02,-6.320269833878724985e-02,-7.344047096848838052e-02,-3.007567246782164028e-02,-5.887390614745795919e-02,-5.603577841204968740e-02,-3.029090991918618678e-02,-1.791386627740102627e-02,-1.040651910928541181e-02,2.141131579836369828e-02,1.942744557714525255e-01,1.232430160387343598e-01,1.619033774625006916e-01,1.809603512008613468e-01,2.306921240477472490e-01,1.000000000000000000e+00,2.434353227845371392e-01,2.416457130833572220e-01,2.149578475471946581e-01,1.024824510981080655e-01,1.509058348370274083e-01,1.125116254545130562e-01,6.927996140398400005e-02,1.204007093156201358e-01,5.173693130460833844e-02,3.307938290720663366e-02,2.961474952658508381e-02,1.564330496330212580e-02,4.349145724573180716e-02,-1.113795634660774692e-02,2.748414012131847328e-02,-1.412020427969146695e-02,1.532582416059847727e-02,-6.161061517559137703e-03,2.842760428846240889e-02,-7.769887410527946334e-03,-1.162902914040767066e-03,1.100065385461682083e-04,-9.350144122016410334e-03,2.585005267579074464e-02,1.694253706888634511e-02,-1.566660242847735945e-02,-3.173844192002906600e-02,4.287725985539527634e-03,-8.757804056980988613e-03,-2.862313037630283621e-02,-3.586934555359141269e-02,-3.363985215434920489e-02,-1.881891482027773718e-02,-1.781552255720035907e-02,-2.376406113947403254e-02,-2.639142442112871884e-02,2.599278231453442528e-02,8.030616571380209609e-03,-7.186426238079356675e-03,5.490187798390567956e-04,-3.710206925944433548e-02,-5.658421938437637605e-02,-1.661730475759302939e-02,-6.250126488004451031e-02,-4.908063764949720242e-02,-2.670302156908142127e-02,8.789066558263187307e-03,-2.230792840664675217e-02,-1.431586918761201636e-02,-3.854616308759317971e-03,5.971401951246478601e-02,2.474910970941913285e-02
-1.614961938001228600e-02,-1.277775714245763493e-02,-2.854263986116120991e-02,-5.838084372476386175e-02,-4.228119141060444897e-02,-6.099542561650836414e-02,-5.074769832316883972e-02,-5.030590711023103651e-02,-7.975424962471235057e-02,-2.473436502011496646e-02,-2.136124929057033744e-02,1.373178986002313896e-02,3.573341886478745288e-02,2.190009486378869386e-01,1.716917122335023249e-01,1.631190962813775513e-01,2.144742337576411029e-01,1.228849272789516722e-01,2.434353227845371392e-01,1.000000000000000000e+00,3.808254966602662717e-01,6.033715225364828516e-01,2.606952243807744707e-01,1.674928284737112194e-01,2.241908698646223608e-01,1.941022017908083930e-01,1.187854003381581119e-01,1.421079964113857452e-01,1.128279099569282767e-01,6.283886842859401356e-02,5.271900541565213705e-02,1.050075009742968551e-01,5.720406906694196908e-02,8.128116225775330883e-02,4.068779143158858524e-02,6.371071222291063707e-02,3.093713937395118144e-02,6.518670969379214419e-02,4.603521254562326775e-02,5.794923101994891440e-02,4.329576140422867342e-02,4.807688421585941396e-02,1.045541019126341870e-01,4.640624335170138483e-03,3.473043662038682432e-03,1.027532909471318145e-02,-3.335780218686981713e-02,-4.345844145363714217e-02,-2.232582129545987448e-02,-1.977405014162846378e-02,-6.430442445182944777e-02,-7.751428819355381250e-02,-7.478438294140656029e-02,-1.168119014158048585e-01,-8.793332240239366826e-02,-8.644283577667266627e-02,-5.631491608006199828e-02,-8.988426085824728629e-02,-8.738574473146673571e-02,-4.140041780891681039e-02,-9.381881681270633211e-02,-6.206194150169785234e-02,-1.012175383916645299e-01,-1.348123848832456506e-01,-1.323603159100165128e-01,-6.171525127858444593e-02,-1.332775442232478624e-01,-9.158265348231935110e-02,-7.713383148895154584e-02,3.199797033004889157e-02,7.896054584003732099e-03
-6.158634548327403951e-03,-7.358647599760177564e-03,-2.381734127647720453e-02,-2.089420401140111225e-02,-1.804452093608835406e-02,-1.377719518668339173e-02,-4.610099782667494714e-04,-3.854993085072876136e-02,-1.494226257056692660e-02,1.504550461548612855e-02,3.183730420774674719e-02,2.795858445933080069e-02,5.015248304019111897e-02,2.150705655374308412e-01,1.854917181574896323e-01,1.767767079002885156e-01,1.928347718468001459e-01,9.136868194595000603e-02,2.416457130833572220e-01,3.808254966602662717e-01,1.000000000000000000e+00,3.510964000824174369e-01,2.832661480635206841e-01,3.265175028554231362e-01,2.606372411907541542e-01,2.834506772545058451e-01,2.222744799100242474e-01,1.649344363402492353e-01,1.792834252049244903e-01,5.419226711179571387e-02,8.853761535127407933e-02,1.010211672195707733e-01,3.916948610459383001e-02,4.729447376426282323e-02,2.503548612679312724e-02,-5.478098360912930440e-03,-4.553861938425429051e-02,1.292438417677127180e-02,-2.455938496714486427e-02,-3.201150422822583025e-02,-2.227543811334741636e-02,-6.446644413918001075e-03,3.112857958858046212e-02,-9.452182378542709276e-03,-2.434538420387889843e-03,-4.025504761225719152e-02,-6.329391612906339060e-02,-2.552591522698321666e-02,-3.245588087633818203e-02,-5.043431656089312348e-02,-4.522717477187281759e-02,-3.653421576478692312e-02,-7.345895140352060038e-02,-8.433142800160686736e-02,-7.323260613834017829e-02,-7.056843077189538238e-02,-4.706073655828783842e-02,-6.794916842999708384e-02,-6.120228663455914292e-02,-9.191563039189558360e-02,-9.369166363819061982e-02,-3.985041934182831369e-02,-1.052986681666626401e-01,-9.620765111003076742e-02,-1.169326767929874666e-01,-4.163846554425693763e-02,-1.003831991818381064e-01,-5.546375747727549932e-02,-1.854289301972728010e-02,4.559440995186388873e-02,7.653220507379607240e-02
-1.303809865634897140e-02,-2.781428368586336217e-03,-1.710209400116087866e-02,-6.849667795820138516e-02,-2.020239625484046564e-02,-5.716799000523789531e-02,-4.431287237951669900e-02,-3.664514951941353488e-02,-6.283371973437865132e-02,-1.283283966328723803e-02,-2.588862150386987693e-02,5.855320146344356567e-03,-1.883399166972133873e-02,1.385776035093711223e-01,1.215019098008999210e-01,1.055249561866051927e-01,1.320265004067249226e-01,1.204008041849256722e-01,2.149578475471946581e-01,6.033715225364828516e-01,3.510964000824174369e-01,1.000000000000000000e+00,3.053072428982543940e-01,2.507420126216808876e-01,3.382431319556176152e-01,2.241507448802583791e-01,2.382377303102322652e-01,2.367110453063173137e-01,1.667379462903507970e-01,1.279576084176860529e-01,1.051028393554420681e-01,1.315264997080626275e-01,7.919048871006359458e-02,1.099719654505638827e-01,5.839632020037958948e-02,6.713503876091349298e-02,2.557995744175873762e-02,8.310177886229037914e-02,3.720258392675002829e-02,5.259343637176751296e-02,5.709994243341286885e-02,4.668993464686847783e-02,1.006796762636204129e-01,1.736554961412940801e-02,-2.033802165469336069e-03,-3.723733028509565272e-03,-3.841173538476262694e-02,-2.567533591483733141e-02,-2.777863186925551287e-02,-3.763840619623101680e-02,-6.649159722242686810e-02,-8.290590891377555560e-02,-8.444922819125066926e-02,-1.199688680008582226e-01,-1.219798754313171640e-01,-1.131871773618780413e-01,-7.055947263144551895e-02,-1.246374492428107550e-01,-9.726037595485045872e-02,-3.174265692145557954e-02,-1.060307561043127428e-01,-9.881483220513852250e-02,-1.392569110976288049e-01,-1.525304033109387558e-01,-1.402659151939681104e-01,-5.355572486480641992e-02,-1.553995461102827269e-01,-1.386266139809437525e-01,-6.365364369786896681e-02,2.130878404114311397e-02,-1.941383119487329056e-02
