1.000000000000000000e+00,4.535557170750285638e-01,3.610764252367286153e-01,6.216158907403032674e-02,-9.252533869341548686e-03,1.889429099912767474e-01,1.380124517872003687e-01,-3.902464704153676273e-02,1.035850725963604752e-01,1.263949107185627189e-02,-1.036137446899543096e-01,1.860187726196847469e-01,1.409468198582439213e-01,-4.912479997290011835e-02,7.294413109146255861e-03,2.295964951934678089e-01,-4.553717319408397829e-02,-1.764645792925166601e-01,1.626637555516576017e-01,9.614474727961104528e-02,1.580036598224622280e-01,5.075907180479409357e-03,-1.243556369327848965e-01,8.814471843849266963e-02,1.280643676205935055e-01,-1.415166059848873559e-01,-2.262354413874992365e-01,-6.143611159531115612e-02,-2.868412684763035556e-02,-1.191150348913723178e-01,-6.337917907725945828e-03,4.635077678415237129e-02,1.418439147953080848e-01,5.552369509207962656e-02,-9.641753842563560023e-03,5.428966418050329423e-02,9.515193373663990983e-02,-6.651884334857988135e-02,-4.035859733634764024e-02,-1.903877052785831192e-01,-4.006428437954812072e-02,2.351021525971240100e-03,-2.753474961279338620e-02,2.368510988564830749e-02,1.124305553114177646e-02,2.162120513799155666e-02,3.466538398540574412e-02,1.032049591240683656e-01,9.725910366305189026e-04,4.489523235277370627e-02,1.056951604529068611e-01,9.932393963905432333e-02,5.598916049576391218e-02,8.087886960928444835e-02,4.065851331396718588e-02,8.334460771071940111e-02,-2.346085024901947355e-02,1.802502658115209266e-01,-2.055691249075234511e-02,1.244743646805436948e-01,-8.869543109118045721e-02,2.243474760639120602e-02,1.632829314053586278e-01,5.617778592018566469e-02,2.294360111052398399e-01,1.367567038695504944e-01,-7.170705456180258286e-02,-2.533474971987407787e-01,1.674763439160062428e-02,1.129546026560320077e-01,-1.957565954335383773e-01,-1.796853935972747007e-01,1.145030655142094955e-01,-4.369077318510329079e-03,-2.576255062842333077e-01,-5.091989381267906373e-02,1.317028315140844064e-01,-1.465741171546693367e-01,-2.200418584563959834e-01,-4.290614037944357612e-02,-2.158981802371686964e-01,-5.614517881444561903e-02,-2.021470717795088856e-01,-7.537496681340376259e-02,9.405743314543389688e-02,2.225366377886276725e-01,1.717490834136726693e-02,-3.454647701046208164e-02,1.691808273834456422e-01,1.817034773678024018e-01,-4.173654497572502203e-02,3.225042889905857524e-02,2.136717782056442860e-01,1.266821508373369431e-01,-7.777718684772146063e-02,-1.173498676024967574e-01,-2.445071629704866356e-01,-1.628027407851916908e-01,-2.200721810674927809e-02,2.584733367401449988e-01,-1.486629813734721174e-02,-2.202020660957875464e-01,1.046633914227107220e-01,2.273803035224107871e-01,-1.292886784486972362e-01,-1.520700879517743187e-01,2.161415612411818343e-01,1.192234922540099246e-01,-2.055047459477652161e-01,2.302024127380945459e-02,-8.414645030759693636e-06,7.608945156571297885e-02,-5.248246626334161086e-02,6.748973290748726261e-02,-2.080321612352369412e-02,-1.982482895401136216e-02
4.535557170750285638e-01,1.000000000000000000e+00,2.788735385799268607e-01,1.485461878464602314e-01,1.070437057412597370e-01,2.918179812806411255e-01,1.979984064231930518e-01,-7.655724517221955405e-02,1.992306180194532428e-01,-4.012881497791120911e-02,-1.404526707172858713e-01,2.308414061613384971e-01,2.870936875182265591e-01,-3.938270744584838196e-02,-2.704992892021883255e-02,2.734880247612435644e-01,3.767613672234776390e-02,-1.570156341696216651e-01,2.069420362062077134e-01,2.112499804031634509e-01,1.967312050705445070e-01,9.099264973815945554e-03,-2.107499822590332417e-01,1.440803484784851027e-02,1.300545075853926369e-01,-2.476254736005220336e-01,-2.733694561490678798e-01,-1.470004870972877187e-01,-1.644346310648094611e-01,-1.678164749187113780e-01,-2.488111474641734391e-02,-5.764177653355299913e-02,1.045718427718617810e-01,5.421578562287010516e-02,-3.678708291566126776e-02,-4.149282926138156413e-03,8.208216464724078787e-02,-1.621869298802988690e-01,-1.795099766740524960e-01,-1.864601054943359204e-01,-1.313761320032617863e-01,5.846482868597779187e-02,-3.151788213361957774e-02,3.163543201512343528e-02,1.035605316279199078e-01,1.297760373115165733e-01,8.388256087008991169e-02,8.655230884137250780e-02,6.564240589784590962e-02,6.475725188694592127e-02,8.286805315120567006e-02,6.066838000643010043e-02,8.704362308615792854e-02,1.284420273194228357e-01,1.100397769731935455e-01,2.027933931527604039e-01,7.196833032318321333e-02,2.152285686055304681e-01,2.620581371688383149e-02,2.160112319980101447e-01,-8.270146238191458665e-03,1.009635195507809363e-01,2.724486419138384963e-01,1.675854118525765546e-01,3.301875439094604237e-01,2.415042440822274816e-01,-7.235675896064072340e-03,-3.433461002872870149e-01,1.654631222589415807e-02,2.377864921752411154e-01,-2.080016488780769834e-01,-2.735157860145523423e-01,1.847390811107577357e-01,9.382858325661670718e-02,-3.332834745653266983e-01,-1.008532694461598128e-01,2.520637707732649724e-01,-1.180706029029725684e-01,-3.353543287919387716e-01,-1.501895574445733794e-01,-2.810914174036642232e-01,-7.881998669372122790e-02,-2.338531763569447197e-01,-1.700537765439232574e-01,1.889367796588935222e-01,3.081971640857138484e-01,-9.324093131259045264e-02,-6.657202573097889542e-02,2.986559944191589655e-01,1.941248746104130840e-01,-1.596041674544181332e-01,7.443287132987040644e-02,3.282527492471203345e-01,7.810459835999900013e-02,-1.786600149808918458e-01,-1.925311676509122993e-01,-3.458773527008313087e-01,-1.516962871562093640e-01,-9.871028593284050801e-02,3.240010291609399240e-01,7.785666521176659582e-02,-2.776016518712260961e-01,5.072312163932352763e-02,3.354110242111664753e-01,-6.827097703790722949e-02,-2.424993862883607632e-01,2.184488233825010173e-01,2.432460859874508441e-01,-2.218567576150712040e-01,-5.744396803578397104e-02,4.519472365943754538e-02,5.703423791397958797e-02,-1.456486910260919310e-01,-1.257541042011776390e-02,-8.286463255890197388e-02,-3.351211044131347655e-02
3.610764252367286153e-01,2.788735385799268607e-01,1.000000000000000000e+00,2.439430955135789003e-01,-4.205683703726724731e-01,2.133615157406754115e-01,4.332368549403987079e-01,-4.764653591729119814e-02,-1.952740094552555400e-02,-7.606150134202599444e-02,-1.684269413885603472e-01,3.283741048142275187e-01,3.074835611220673171e-01,-1.290740313440322529e-01,1.308525968250732197e-01,3.950432726675197626e-01,-7.135718901563495309e-02,-1.276318501016193985e-01,4.336983385690743598e-01,1.913104161764568045e-01,1.688041156061950709e-01,7.159926461049509472e-02,-2.645744001648006605e-01,1.677059801872717859e-01,2.742713464985102600e-01,-3.108544482497872519e-01,-4.940876098061073307e-01,-1.504921644236419387e-01,-7.675194227553266968e-02,-3.577311940879701613e-01,-7.066431199724555745e-02,-9.307977251683385855e-02,2.306816473051920002e-01,1.467658500233273433e-01,-1.038180021910069806e-01,-1.698061114035468583e-02,1.067506746813923629e-01,-2.963584198256099533e-01,-1.503463834966426160e-01,-3.062944220982647403e-01,-1.719686044074715814e-01,-4.558673121173073377e-03,-1.723546136473636664e-02,1.676395636269263634e-02,6.208329968445658320e-02,1.124759251905030899e-01,1.061077732234391169e-01,7.347417724055381461e-02,1.806002193049499605e-02,1.892429785610911519e-01,2.563008853588149005e-01,2.750327194994005020e-01,1.656636173336732409e-01,2.512738965383174428e-01,2.081818611394604390e-01,1.678088916655990914e-01,-3.272755919156947885e-02,3.602963741781681772e-01,-3.575896629276437665e-03,3.071583408645612856e-01,-1.625319357850842084e-01,5.048292240466757674e-02,3.413125172587351264e-01,1.158131311665969304e-01,4.079381896569896360e-01,2.242947537136495695e-01,-1.131032213054431329e-01,-4.572488532188183630e-01,-6.344777338598916495e-03,1.995935161540821345e-01,-3.321395474078092658e-01,-3.467352691050048508e-01,1.700228340260870885e-01,1.115346529689839432e-02,-4.413961826895968499e-01,-1.452737212722350346e-01,2.221002844006239874e-01,-2.325836122964594077e-01,-4.048344649101083270e-01,-1.139000174612688904e-01,-3.651012385642827818e-01,-1.795263325850210770e-02,-3.263467104070809643e-01,-1.091068195314912476e-01,1.782667605721848514e-01,3.833833789294038841e-01,3.295549802886230117e-02,-3.378246006878108526e-02,3.018645124340433861e-01,3.078040550549620558e-01,-5.631535959030706251e-02,8.946760008268588027e-02,3.593625739965801147e-01,1.910338478949001884e-01,-1.100058678644325466e-01,-2.411061022995200365e-01,-4.228773504815038775e-01,-2.987256139827836887e-01,-7.406935015812833589e-02,4.342133657652395007e-01,-2.932583200966141362e-02,-4.068203901856104476e-01,1.517555916660470738e-01,3.933685734932925171e-01,-2.368017813057503862e-01,-2.908898640464638863e-01,3.538773808558968725e-01,2.059320191575959302e-01,-3.798033175917134852e-01,-1.011848732957352018e-02,4.947612299232087563e-02,-8.325951479840254521e-02,-7.914577282035657746e-02,5.771465271448863316e-02,-6.175327934940353508e-02,1.579716652574200079e-03
6.216158907403032674e-02,1.485461878464602314e-01,2.439430955135789003e-01,1.000000000000000000e+00,8.346418448847416072e-02,-2.330492510259705441e-01,3.851309140294045252e-01,4.327040399795040737e-01,1.500452814231878762e-01,1.753005940117338957e-01,2.727546066703996977e-02,2.713049815865155034e-01,1.215133153460215831e-01,-3.873884127592926996e-01,-4.129242602611520735e-02,7.515143354171505141e-02,-2.347084618264234368e-01,-1.503864256043785375e-01,2.082550724622275751e-01,-1.619570029118312660e-02,4.606363491152773437e-01,1.024146314298782640e-01,1.769150657016129238e-02,4.416518907939041005e-01,3.412532615690481719e-01,-6.958719121896486323e-03,-2.949138819898102226e-01,3.440774190090457180e-02,2.486429191806231731e-01,-4.691896597705352140e-02,8.881737678927338620e-02,1.295011118312235643e-01,1.004077005126170347e-01,-2.536310897458904715e-02,9.499857245671564088e-02,1.118354121624862835e-01,5.722156195665677875e-02,-1.151396641482565486e-01,-4.298459284862266722e-02,-6.858101670845270781e-02,-9.415013787390484612e-02,-7.890461887352968884e-02,-1.427833777049880570e-01,1.435814838645217695e-01,-5.529871874748596566e-02,-4.709767093632291624e-02,-5.149413406679110433e-02,-6.548575662714040124e-02,-4.180145285384587184e-02,1.053442600049838140e-01,7.885400858430464954e-02,1.446911230053651021e-01,3.542611538240770380e-02,4.592780861284754407e-02,-2.404651658940196168e-02,7.757546459767641900e-02,-9.407997580809911164e-02,2.806457524332187647e-01,-1.431486151945211560e-01,5.088690022553963438e-02,-4.284625375172591011e-01,-1.246199554008741439e-01,6.374912601856179417e-02,-1.610173864211702222e-01,2.757183071452454226e-01,-3.760613639826068666e-02,-2.327419863552986634e-01,-3.285279536774957654e-01,-9.210992843806566077e-02,-6.161409198160563983e-02,-3.420554195007392551e-01,-2.479350309927790541e-01,-1.023910425583071312e-02,-1.836522700043834166e-01,-3.555653486633056359e-01,-1.245473085760132603e-01,-2.666381970102604804e-02,-3.156798638458253592e-01,-2.742317908655396708e-01,6.775912052685031939e-02,-2.246381457299809759e-01,6.593128509961618255e-02,-3.092901872923047857e-01,1.191476407964914552e-01,1.007982839166223638e-01,2.942927170458353170e-01,2.530566434692192446e-01,1.098442147923654744e-01,1.361210137993332514e-01,3.078558907114389287e-01,2.078360662669216652e-01,9.433023381771585281e-02,1.822932122161879387e-01,3.120640072858653080e-01,1.315672160768330545e-01,-1.651060577261904694e-01,-3.327031507790223497e-01,-4.763599546325216205e-01,5.712425876195093705e-02,3.872997440673852099e-01,-3.017761377900338715e-01,-4.014268298064316287e-01,2.638505485604963896e-01,2.190554759636828552e-01,-4.533174885741254601e-01,-1.886766375349749891e-01,4.024034182405987758e-01,-4.321354443393717049e-02,-4.804565799465925768e-01,7.389109638110757938e-02,8.002557867704632177e-02,2.307684768634180733e-02,2.357710496628658697e-02,8.488269265270914632e-02,-2.192466274188080433e-02,1.192746950830195565e-02
-9.252533869341548686e-03,1.070437057412597370e-01,-4.205683703726724731e-01,8.346418448847416072e-02,1.000000000000000000e+00,1.517429994572067065e-01,-3.500810137701330094e-01,2.190310688125886029e-01,4.894491178153309585e-01,1.129460866692491017e-01,1.235774670489203642e-02,-1.537214673322819247e-01,-2.589157361875648045e-01,-7.159006671328650706e-02,-3.455214518276933378e-01,-1.591762990400669431e-01,1.230425577982762059e-01,-1.741763112615777043e-01,-3.189133316496615134e-01,2.917464567716494123e-02,2.732385660816213369e-01,8.009517022870588088e-02,2.712046839553612365e-01,2.148710236981395405e-01,5.824680557384188245e-02,2.908710976783456803e-01,1.925016640391375988e-01,1.138248161250374479e-01,2.035834581235771434e-01,2.627461143349913431e-01,1.461674524960644428e-01,1.939941044955392768e-01,-1.455692972048283629e-01,-2.395757382859640128e-01,1.669190237984808090e-01,1.508321599375499478e-01,-3.387172149837827662e-02,2.266493979316438201e-01,1.687476568542220223e-01,1.787128310125218889e-01,1.930362014369024215e-01,1.074083879847229778e-01,-8.007066794635232798e-02,7.933719589661938909e-02,-8.853999714467540583e-02,-9.608944730031133974e-02,-1.023381611360343196e-01,-8.434264212097172808e-02,-1.019868682858851155e-01,-1.612133017940888813e-01,-2.334038058623755796e-01,-1.886920040750089400e-01,-1.271895659733100203e-01,-1.856463934195374532e-01,-1.858527831051928481e-01,-1.214500444165047960e-01,4.452666215885713041e-02,-1.360595360645880381e-01,-1.335761147488541134e-01,-2.865605377060058134e-01,-2.064463000152578498e-01,-1.134660823664639107e-01,-2.574440744553840865e-01,-1.997475255177332820e-01,-6.311841835460978156e-02,-2.432056330233774988e-01,-8.646539876933115321e-02,8.356882003315324603e-02,-1.172099739228433524e-01,-2.323700728368520985e-01,-6.164300788595455591e-03,5.844769382414001513e-02,-1.942028939612772398e-01,-1.777146998173900760e-01,6.607855169714853261e-02,-1.904925061581069431e-02,-2.460357137678766681e-01,-7.917022082240314507e-02,9.044119226319949356e-02,1.551056201626825615e-01,1.348127611373234336e-01,1.359208091941473684e-01,1.744322712432046923e-02,2.443881609211488171e-01,-6.080132260453041670e-02,-8.901199979874943602e-02,2.182385099679076956e-01,1.647957129882699767e-01,-1.441968113874545765e-01,4.435765883711693600e-03,2.677843018321865998e-01,3.757286518158159394e-02,-1.643204671892172231e-01,1.195326765120528628e-01,2.536673295902961978e-01,3.801963170811743786e-02,5.237495930402366606e-02,-2.082753602615405042e-01,1.037924031873198039e-01,-3.898302830598011220e-02,-2.701420857893815364e-01,-2.863774637640318158e-02,9.417848553604889206e-02,-1.476717266600547640e-01,-2.317731607709207498e-01,5.945019430531357091e-02,5.779099169184070267e-02,-2.345969812502905483e-01,-1.452034752155082209e-01,2.145022118030553634e-02,-2.850274000113692599e-02,5.600560940388946141e-02,-4.146384264613550003e-02,1.732122022536469394e-02,5.945417555891138739e-02,2.488057246868289815e-02
1.889429099912767474e-01,2.918179812806411255e-01,2.133615157406754115e-01,-2.330492510259705441e-01,1.517429994572067065e-01,1.000000000000000000e+00,1.846117680228954727e-01,-4.053733717937411662e-01,3.629128605620253190e-01,-1.125622608674947955e-01,-3.477051124227042433e-01,2.897819535373851937e-02,1.287172110977821866e-02,2.829935618643971904e-02,-2.129165085151069337e-01,3.686530858183851289e-01,2.631720345851710774e-01,-3.843676496618099181e-01,-6.140196722826486708e-02,3.230855461841146692e-01,1.200781718401576770e-01,3.047967410532841370e-01,1.090449319530544109e-01,1.169274233528973805e-01,2.662878273920556427e-01,3.255367577704881138e-02,-1.353534470834355519e-01,-2.027333754117436881e-01,1.132485274249510863e-02,-1.879513951891127466e-01,1.439619715478955009e-01,-6.201527453800552425e-02,1.293441536320610874e-01,-6.742871959348401001e-02,-1.469785923572706210e-01,4.796038910275263190e-02,-4.187079603450842569e-02,-1.089396235422823711e-01,-8.683247005298192281e-03,-1.441064993630093438e-01,-8.979835574705528900e-02,2.454686174749794517e-02,-3.342170249607049216e-03,1.472750798831929091e-03,7.194348099967645682e-02,8.588619570161984407e-02,-2.751796458709980173e-02,1.796434986222912589e-02,-9.882866822864373735e-02,-7.987047461176891017e-02,1.231076124942155105e-02,-2.903926931534701189e-02,-9.751624393186666961e-02,1.578961956227736829e-01,5.795532868222579709e-03,1.602755989354198163e-01,2.108495151639884213e-01,1.297669158461698946e-01,1.824208831162814903e-01,4.984456715078999789e-02,-4.796500085474757896e-02,1.809672074295671507e-01,1.906471309142029544e-02,1.060746338252335913e-01,2.046176563062264420e-01,-6.204664069760348205e-02,1.219785322150907653e-01,-1.517626919021878018e-01,-2.455748706888322419e-01,5.182561824372323295e-02,4.366773790560203594e-02,-2.367449372116842143e-01,-1.602894709950244967e-01,9.528044685764877619e-02,-6.484575076152589157e-02,-2.692387674066123449e-01,-4.368353034709179100e-02,6.462692124759666923e-02,-1.785630131351397254e-01,-1.499648416837381093e-01,4.283293095347440876e-02,2.406979972949113700e-01,5.635347475759520247e-02,1.534408377396595247e-01,2.203668741323333846e-01,-1.429638491891496201e-02,-2.521809654357120775e-02,2.354356517000121829e-01,1.448410382715585309e-01,-6.463707732630630254e-02,6.952330057553875176e-02,2.569571761870558801e-01,4.129365445088096359e-02,-6.624675406138610945e-02,1.272005936305357632e-01,-2.384917591117383939e-01,-1.793672102574258020e-01,-2.315447648333933406e-01,-1.859388502088581696e-01,6.370932572746128286e-02,-5.990928102326101984e-02,-2.325338910868742226e-01,-1.082526511460056573e-01,7.753345485349558142e-02,-1.338256330914715242e-01,-2.308541458565674942e-01,6.495659533595142879e-03,2.484831067854923262e-02,-2.324815883278293083e-01,-2.008691627505498623e-01,-1.407096401738329172e-01,-1.550613712936062538e-01,-2.103548655923401234e-01,-6.832848849287330439e-02,-2.882462113856482100e-02,1.781809238173212226e-02
1.380124517872003687e-01,1.979984064231930518e-01,4.332368549403987079e-01,3.851309140294045252e-01,-3.500810137701330094e-01,1.846117680228954727e-01,1.000000000000000000e+00,1.620283668611000316e-01,1.803932629272829991e-01,2.984381511240775109e-01,4.896519731165056150e-02,3.548408019867717589e-01,1.736714624518606309e-01,-4.261438169937723508e-01,-2.274910645128950734e-02,2.261499529004723785e-01,-2.575569443056440200e-01,-2.493584520774533297e-01,2.969813680749185947e-01,-2.775794020692507608e-02,2.324668271284620336e-01,7.901465938761716157e-02,-3.377150962233496645e-02,3.843814471453182446e-01,2.779511857593118251e-01,-5.336883978218876640e-02,-2.965092914652460165e-01,4.176141838394144268e-02,1.999643113695649121e-01,-1.575158870665538113e-01,-8.097261144249028042e-02,3.447992424050445176e-02,7.585550298600735042e-02,2.141711085555650929e-01,1.807972049682168014e-01,1.632303129685607757e-01,2.115491833515039388e-01,-1.823867927735290939e-01,-1.442690189892737174e-01,-2.879992855995212597e-01,-1.544085827848145076e-01,-1.181390388126045271e-01,-1.045342277844888736e-02,9.080649185330367038e-03,-8.827899989266911607e-02,1.411847102588483782e-01,-1.899961959193959687e-02,1.073039043291445366e-01,5.716578233745955862e-02,1.969827580511021303e-01,1.391643952901870651e-01,1.646256186509518216e-01,7.451347689177006961e-02,8.156320001228832550e-02,-4.074463115251794609e-02,1.045560768303209626e-01,-1.193327019101586839e-01,2.310216180192475321e-01,-1.731550955285532933e-01,4.725248316759302764e-02,-3.865786720014401934e-01,-1.484759100671514120e-01,8.607733172527205767e-02,-1.481313384131158206e-01,2.476571887899634561e-01,4.870861246125430394e-02,-2.881932320813540560e-01,-3.324820556739635502e-01,2.515178308798106735e-02,-3.821751484891136585e-02,-3.932979726737950710e-01,-1.907681031165258390e-01,8.437667789140708419e-02,-2.119234362365129687e-01,-3.805349158857622704e-01,-3.510934226928120322e-02,2.923550660203277918e-02,-3.758393286836504421e-01,-2.546685194326798740e-01,1.117312208462986761e-01,-2.778163537821712881e-01,2.990221409967553853e-02,-3.555032720222086606e-01,1.627466378325546220e-02,1.530009514040928456e-02,3.494799242889788937e-01,2.491586271290402443e-01,-2.347982015769719058e-02,1.066473923264421586e-01,3.696927350129318723e-01,1.477871215296965024e-01,-1.137053915207640771e-02,2.018271183869106977e-01,3.382187326180342013e-01,6.888763588932571291e-02,-8.821506016256498717e-02,-2.955457206277088411e-01,-3.978255060803198018e-01,1.105201744546096543e-01,3.859680285881365025e-01,-2.524931462644116054e-01,-3.280536477341607360e-01,3.044788951797552934e-01,2.332804051841915471e-01,-3.894849546578056931e-01,-1.200562351562681485e-01,4.236246738203460760e-01,-9.110082146142750928e-03,-4.004328878257704116e-01,1.195542456728172775e-01,1.607530952871517316e-01,-8.911569351046223775e-02,2.626523357990455734e-02,1.277971219410467818e-01,-2.007156763141015529e-02,-2.021294370898136291e-03
-3.902464704153676273e-02,-7.655724517221955405e-02,-4.764653591729119814e-02,4.327040399795040737e-01,2.190310688125886029e-01,-4.053733717937411662e-01,1.620283668611000316e-01,1.000000000000000000e+00,4.125529501585367131e-01,3.481614518823313853e-01,2.876630116418730232e-01,2.298307640258828721e-02,-2.115041828239230814e-01,-3.400135419685298421e-01,-1.620352104349367661e-01,-2.099741369782464617e-01,-7.469346640968799189e-02,3.876232749525516247e-02,-7.075550638695266015e-02,-2.061803440758596673e-01,1.679521262253063918e-01,1.620330065441114367e-02,2.430660242311273866e-01,4.894971142309535450e-01,8.463708000038355772e-02,2.879173787468230494e-01,7.297673806875092095e-02,3.408590814645676703e-01,3.087068882502828071e-01,1.773387589785540563e-01,-5.850979402432850141e-02,1.934120150887373990e-01,-1.911144161193045199e-01,8.720178650126254871e-02,3.432948519214543137e-01,1.547925177925041362e-01,8.451879413028826060e-02,1.022115429926633845e-01,2.260732867482051836e-02,4.874492716248608054e-02,8.197797402924421328e-02,5.522379733018547426e-02,1.839205849630125983e-02,-1.531786141083425583e-02,-1.626878878924148952e-01,-5.361297392555383623e-02,-2.971412052917648400e-02,1.969448632192540363e-02,7.061343115681618932e-02,9.817004322768263513e-02,-8.265741539496436474e-02,-1.661338477067031763e-02,-3.911407797526206265e-02,-2.448353905833294542e-01,-1.880255488868422253e-01,-2.233231490996354651e-01,-1.238117655484472779e-01,-1.261232368644584767e-01,-3.942558420009413256e-01,-3.365316119890419677e-01,-5.228326265227248859e-01,-4.068574072961284593e-01,-2.776307509465812950e-01,-4.695239783330993344e-01,-1.221579417467625189e-01,-3.177735919943745491e-01,-4.004353155732378045e-01,3.720102008537058691e-02,-4.590295849775322470e-03,-4.345477408107047967e-01,-2.679790978547590408e-01,1.443359630312240072e-01,-1.576392268243753947e-01,-4.741189431836538848e-01,-6.604223281527381306e-02,1.263904542509148299e-01,-3.465846775961457515e-01,-3.865745367842325364e-01,1.285877116136684428e-01,3.992633873904927189e-01,2.095217773945261264e-02,1.125791112027802882e-01,-1.945931545074379154e-01,3.027995073763232736e-01,-2.690325967771581839e-01,5.778344577110454405e-02,5.280186831871938047e-01,8.525539086893918483e-02,-2.901009084525353332e-01,2.588661213356966417e-01,4.841329378439904740e-01,-1.303501503075950863e-01,-1.950989482583423695e-01,4.237215780627163197e-01,3.717351100900307403e-01,1.756728981741614293e-01,6.394027702883363362e-02,-3.878616081383579051e-01,3.514768772409703756e-01,1.004074851031704352e-01,-5.383623225878626517e-01,-6.620174719551943920e-02,4.110771496684369475e-01,-1.686616635000799391e-01,-5.083516188607054564e-01,1.995138870626312622e-01,3.238481733069734636e-01,-4.203292776932942010e-01,-2.925735401082358855e-01,3.128758663457175127e-01,1.074098779963785222e-01,6.963579354692857326e-02,1.219174196912153896e-01,1.464639325511414847e-01,1.049382365520759412e-02,-1.803605738740643796e-02
1.035850725963604752e-01,1.992306180194532428e-01,-1.952740094552555400e-02,1.500452814231878762e-01,4.894491178153309585e-01,3.629128605620253190e-01,1.803932629272829991e-01,4.125529501585367131e-01,1.000000000000000000e+00,2.076548939716633124e-01,-9.673613347144616181e-02,-3.179389397142567963e-02,-2.564233358443464006e-01,-3.384634265710174672e-01,-5.444016270892779730e-01,5.603552934084670561e-02,2.357832759352962437e-01,-3.755912576748784426e-01,-2.028104786144379335e-01,2.041370275279232871e-01,3.627302491371789950e-01,3.433985919886928251e-01,3.895112700319892651e-01,5.298964428284909101e-01,3.477247237850712991e-01,3.633004674466583928e-01,2.000420398284346798e-02,8.093909874347610112e-02,3.200732087504022938e-01,7.417165894588026442e-02,9.307773836471802675e-02,1.616271545652524788e-01,-1.119272839496908284e-01,-1.059328263855055935e-01,1.980665441428307028e-01,2.902104900264576570e-01,1.054100874653342151e-01,5.341417362324375057e-02,6.721322666773710958e-03,-1.316183102802653548e-01,6.458528556427196865e-02,6.575633356273354047e-02,-3.986358958050643247e-02,3.758790746420849482e-02,-1.538878254657306266e-01,-1.126392101044637432e-02,-1.294257972407626411e-01,-2.734052243716660405e-03,-7.816383395123906175e-02,-4.476834792016885084e-02,-1.465935379431823615e-01,-9.336019846178722492e-02,-1.388754412316371145e-01,-1.267172425928531909e-01,-1.390367163244667637e-01,-6.753609646492520803e-03,1.735573488434633271e-01,-2.634808475058743674e-02,-1.467122011266478732e-01,-2.952690717679618548e-01,-4.819118263217482823e-01,-1.366161678665815393e-01,-2.771322068522641402e-01,-2.882520043077625438e-01,8.188614434360862171e-02,-3.970332265018990947e-01,-1.693175053705939515e-01,-7.808020101884000086e-02,-3.155537990555208339e-01,-3.444492826795039764e-01,-1.264910487637860292e-01,-1.153716584488493208e-01,-3.624293190967302070e-01,-2.937914568230507451e-01,-7.382983236895875045e-02,-2.014332388091290005e-01,-3.845693458908827078e-01,-2.239597427977483013e-01,-6.075132980351477530e-02,1.826157310988471283e-01,1.335246956620179948e-01,4.045518225780503907e-01,-4.513537581235189944e-02,4.693248283486584627e-01,1.688077482158382644e-02,-1.353089059880646997e-02,4.180941432503280653e-01,3.680530114554914634e-01,-1.118597017512264341e-01,9.514683820227207156e-02,5.099516980706074731e-01,1.934896511729028989e-01,-1.684193335803205738e-01,2.544675443317638841e-01,4.928265113707717693e-01,-1.162930153287727308e-01,-1.025493058401965307e-01,-5.743791289074293704e-01,8.778267072328686804e-02,1.036675425284359076e-01,-5.443412090310911777e-01,-2.935911430995538085e-01,1.968256996600108444e-01,-1.100786565843651782e-01,-5.741355209293812489e-01,-7.649820987777498915e-02,2.317347604818087436e-01,-3.622659441820468840e-01,-4.881321051943086076e-01,2.652971121453574777e-02,-9.672886172649623748e-02,-1.275346486523989131e-01,-1.307184947811167453e-01,9.901475253937595811e-02,2.121382381981770301e-02,1.152028410237369675e-02
1.263949107185627189e-02,-4.012881497791120911e-02,-7.606150134202599444e-02,1.753005940117338957e-01,1.129460866692491017e-01,-1.125622608674947955e-01,2.984381511240775109e-01,3.481614518823313853e-01,2.076548939716633124e-01,1.000000000000000000e+00,6.608916532523844145e-01,4.694383209983929994e-01,-1.268876399372915742e-01,-5.050735595336218742e-01,2.012310229111649584e-01,-1.548994279173118438e-01,-3.721298195618401583e-01,-9.238731374755586312e-02,-1.289344865230304116e-01,-5.127691240785033910e-01,2.145682682425593957e-02,-2.787461690565954942e-01,1.037258655513118161e-01,3.825749934596168189e-01,-1.529667245518213925e-01,2.331577558616942103e-01,1.371390810424136242e-01,4.838256235619181056e-01,2.779010921356265817e-01,3.473988177450635373e-01,-1.046772865101250755e-01,1.822913555673202624e-01,-2.957549542501026751e-01,8.643818038343854815e-02,4.256271919030424344e-01,2.941750615915781353e-01,7.558618115681882410e-02,2.179346755826238047e-01,1.153432247046242420e-01,1.735598348214134612e-01,1.462362543980638696e-01,8.120002993642118361e-02,-5.078620899485928458e-02,5.411008242723678446e-02,-1.793055215547736669e-01,8.623199373627245257e-02,-7.642475069734180892e-02,1.147548284033349242e-02,8.478382875479965886e-02,-6.262216062513446813e-02,-2.252137862444961447e-01,-1.027297391260552500e-01,-3.884003699495178902e-02,-3.185035974775433654e-01,-1.913419167253645192e-01,-1.635463755919816520e-01,-2.045182793286796363e-01,-9.609626188260385338e-02,-5.285703942037697223e-01,-3.809828783052898737e-01,-4.741963638939910020e-01,-5.649416638034330251e-01,-2.742248182343958174e-01,-5.607289751111486087e-01,-2.616167146625590356e-01,-1.878187653153466641e-01,-5.794993988126557749e-01,1.138860800182299460e-01,2.953677523546639483e-01,-4.629485423812103595e-01,-3.904811461463242317e-01,3.589297080985040522e-01,5.672568414086287536e-02,-6.030161039882085960e-01,-8.134805067106667953e-02,4.210991640131095393e-01,-2.721788161994205812e-01,-5.263564517931037523e-01,2.658801976276835011e-01,5.820513380662202252e-01,-8.259516023170652976e-02,-1.874946480307469465e-01,-3.285857754994381263e-01,1.155315739860116320e-01,-4.891290305916353165e-01,1.303677520182492111e-01,5.681594554886912896e-01,-1.876480276451139295e-01,-4.074597246734917300e-01,3.922943418028517759e-01,3.976446934467808281e-01,-4.133436457482294601e-01,-1.821466970113994610e-01,5.528606096652207702e-01,2.228277071916847374e-01,4.305007070143617720e-01,1.816449341881477830e-01,-1.987877127886256423e-01,5.740898379867787060e-01,1.015998574585647851e-01,-4.811061789359322161e-01,1.454434032247990394e-01,5.691376937275730574e-01,-1.841976385600886945e-01,-3.943477433158286694e-01,4.220165849252477397e-01,4.013241522778785986e-01,-3.966784328564574857e-01,-9.757266397640976252e-02,5.053717368668936283e-01,3.627582583231976909e-01,2.168547388683216559e-01,3.386202924072827525e-01,2.671879325805064931e-01,1.519598316511648894e-01,6.590740218271774753e-02
-1.036137446899543096e-01,-1.404526707172858713e-01,-1.684269413885603472e-01,2.727546066703996977e-02,1.235774670489203642e-02,-3.477051124227042433e-01,4.896519731165056150e-02,2.876630116418730232e-01,-9.673613347144616181e-02,6.608916532523844145e-01,1.000000000000000000e+00,1.768186346981047430e-01,-7.862400359942219030e-02,-2.134345498009443121e-01,1.813076503956779773e-01,-3.936756046284244359e-01,-2.256256571724064020e-01,3.489862606061414629e-01,-1.022048373963246881e-01,-4.264536543802627255e-01,-2.173337179865102442e-01,-3.656315524950216611e-01,-2.186936331974343242e-02,1.037335374970421442e-01,-2.844571731097610967e-01,1.030001153763980548e-01,1.860881599763499761e-01,3.800430688238987109e-01,2.683151510967373907e-02,2.991486990431866944e-01,-2.353111945674436212e-01,-7.052545202724788687e-03,-4.350673153277869742e-01,-5.508655313868644071e-04,3.124199050880298034e-01,3.539695051751183541e-02,-7.958921046023173518e-02,2.099817174993668656e-01,1.526452081210890044e-01,3.485193656884152946e-01,1.473950327753286160e-01,7.513968758347956689e-02,-8.454958157026716548e-02,9.059704366951001897e-02,-1.319572923567748080e-01,1.256187651327976551e-01,1.433304066065937965e-01,1.314808000752243911e-01,2.342829947057933071e-01,2.881882655980738325e-02,-1.795617734230814388e-01,-6.051214221538486759e-02,2.751127616557256725e-02,-2.968009813315483636e-01,-8.188132392610589227e-02,-2.369018170562736114e-01,-1.042751614134319188e-01,-2.202442858574069906e-01,-4.135794610841789787e-01,-2.567434658668317216e-01,-2.081895269934713188e-01,-4.404746838963590205e-01,-1.816953023752760910e-01,-4.011256361965852557e-01,-3.408398261380264915e-01,-1.198553469717185543e-01,-3.992972508906327267e-01,2.206932348916650632e-01,3.133658101780927296e-01,-3.458473117302959809e-01,-2.124913370990716699e-01,4.058718243075440379e-01,9.068540441980013633e-02,-4.283611308994655920e-01,6.194751906750653458e-02,4.260018767211342094e-01,-1.859111145872797688e-01,-3.208170441838923970e-01,3.343746816268653443e-01,4.426200314367653155e-01,-1.308917657681157865e-02,-2.176560047406546350e-01,-1.777586147616352641e-01,1.004416548369548717e-02,-4.686825430550358718e-01,1.978501739844258991e-02,3.715745780540479770e-01,-2.375457683685903432e-01,-3.913180926153753680e-01,2.306363827484662621e-01,2.284807861038755106e-01,-4.106993064099140334e-01,-2.083013840547175144e-01,3.513480981855284790e-01,1.012972386971535410e-01,4.456048632359081996e-01,2.878552542311653140e-01,4.763794747038025551e-02,4.726682186565426824e-01,-5.281306510900864171e-02,-2.715923050994161203e-01,2.892690934271263670e-01,3.870807315271531102e-01,-2.282771658508131740e-01,-1.384236928455707671e-01,4.360228396339037027e-01,1.831403953228933623e-01,-3.044645278293559021e-01,1.260932605854964417e-01,4.001016580459254013e-01,2.331000746415665403e-01,9.780749746440459136e-02,2.614708808187043432e-01,1.530181668280627683e-01,1.111172472683031043e-01,-8.140240133627582933e-03
1.860187726196847469e-01,2.308414061613384971e-01,3.283741048142275187e-01,2.713049815865155034e-01,-1.537214673322819247e-01,2.897819535373851937e-02,3.548408019867717589e-01,2.298307640258828721e-02,-3.179389397142567963e-02,4.694383209983929994e-01,1.768186346981047430e-01,1.000000000000000000e+00,5.408791292196701850e-01,-3.679924730793497356e-01,4.729353784131266059e-01,4.896069983892974986e-01,-2.694431664333478693e-01,-2.110095994414652731e-01,3.306472591810474815e-01,-8.357617633787967071e-02,1.800485329713553129e-01,-1.965508900377773427e-01,-3.956346631125564062e-01,2.108222807226891315e-01,1.189247161885200604e-01,-3.566584905870247013e-01,-4.825326852170587211e-01,3.876732229977825767e-02,-8.705214971069914764e-02,-1.951246482158838225e-01,-1.349925317173972794e-01,-1.176198585222309606e-01,1.043318034375088355e-01,1.620912747015711974e-01,-4.361816089566152022e-02,4.412067335621658315e-02,6.552996816985402762e-02,-2.588663522929620098e-01,-1.692111029322875271e-01,-1.359601038625116443e-01,-1.693633301587606499e-01,8.628111544516682552e-02,-6.949473967668684526e-02,7.255460642540888239e-02,1.776253469639491323e-01,1.814320658990127566e-01,7.141845146742388517e-02,6.175514429888406126e-02,1.448356475260269560e-01,1.621966323976412327e-01,2.163545293562237348e-01,1.911356385326125062e-01,2.160707713464299629e-01,1.332549934315003792e-01,2.100075492431018043e-01,2.246259852832176440e-01,-1.147650641733330423e-01,3.862173558115568617e-01,-2.329441382595027754e-01,2.493339745490129877e-01,-2.651102478589451028e-01,-1.738516295667003053e-01,3.743389225585568303e-01,-2.591381001492857120e-02,3.815329762610566444e-01,3.695533119467975247e-01,-3.911578636431886635e-01,-5.166795264727485071e-01,2.927807465916860141e-01,1.636045676593833875e-01,-6.152871644042201549e-01,-2.163740379969216754e-01,4.310562753162126559e-01,-1.895885163334000145e-01,-6.244649120615585192e-01,1.406012913617441240e-01,3.293628927958858754e-01,-5.234056879823937303e-01,-4.000405246264852055e-01,9.745348374486201282e-02,-5.745218102052069842e-01,-3.357005124281137731e-01,-6.106766252864171962e-01,-3.001919746438069803e-01,-1.453674927350472566e-02,6.183150026290554768e-01,1.510883574400745943e-01,-3.090469408701642107e-01,2.562590559858606287e-01,5.849089819625769016e-01,-9.340477326419453774e-02,-1.882352234112315004e-01,4.742302856894392571e-01,4.592628303145333546e-01,-2.592020810154634924e-01,-3.192994304253610194e-02,-4.444176033630697908e-01,-2.817364122423505757e-01,1.970508759431842949e-01,6.191260228312507330e-01,-8.086070831034848638e-02,-3.418287508946483699e-01,4.377250615907435916e-01,4.866985315376735621e-01,-2.831820472279686363e-01,-1.297044733705557396e-01,6.134221971013718022e-01,2.325929693515600416e-01,-3.669780433274806852e-01,2.051554199161774728e-01,3.899829966416422655e-01,1.993236315358190847e-01,1.620918019863613890e-01,2.328112454768293538e-01,4.186583287643663026e-02,3.032951528587717743e-02
1.409468198582439213e-01,2.870936875182265591e-01,3.074835611220673171e-01,1.215133153460215831e-01,-2.589157361875648045e-01,1.287172110977821866e-02,1.736714624518606309e-01,-2.115041828239230814e-01,-2.564233358443464006e-01,-1.268876399372915742e-01,-7.862400359942219030e-02,5.408791292196701850e-01,1.000000000000000000e+00,8.841498596811595001e-02,3.276793123686739806e-01,4.512538235762308947e-01,-7.902543508472833003e-03,1.412005486759035922e-01,5.591730165534667396e-01,3.056755381604648880e-01,2.178198667714507653e-01,-1.884765906774451549e-01,-7.453318463321730869e-01,-3.365014551529579845e-01,1.196262403688744674e-01,-7.899147931947063661e-01,-6.629515791943304537e-01,-4.575357282755472266e-01,-5.583245667499543430e-01,-4.846494642906838957e-01,-2.076080757263264465e-01,-3.393298300607702767e-01,2.671310232065893242e-01,1.778095487253013585e-01,-2.752989897519028673e-01,-3.240406165215877765e-01,-6.062555158573303127e-02,-4.896805941673773033e-01,-3.608195352082083085e-01,-2.263669250193655891e-01,-3.697556793854934742e-01,-3.084946329553857683e-02,-1.536199289537239047e-02,1.785512082032213524e-02,3.079594074706394347e-01,2.087005924038723981e-01,2.877739780237144607e-01,1.088919207808528161e-01,2.281140876773982418e-01,3.138464852911255765e-01,3.620464249958900149e-01,3.510906386595259443e-01,3.654993189790470831e-01,3.841715601512090128e-01,4.679476206776977398e-01,4.395882265105116593e-01,6.737966785404178593e-02,5.789207640711278025e-01,2.099167891539522601e-01,7.443699053570791424e-01,3.202828234306390742e-01,3.612217637450155783e-01,8.060171500483650497e-01,5.824134045547995076e-01,6.645767853382750223e-01,7.230641712966480172e-01,1.268514503390824333e-01,-6.905712165585037310e-01,1.765851389061111054e-01,7.232488953458124925e-01,-3.473506345646654170e-01,-5.461683166081734431e-01,5.862730527701001115e-01,4.092466740565280370e-01,-6.538066071252877087e-01,-1.414378844445179084e-01,7.679615739379752615e-01,-8.995947587008282231e-02,-6.903570807804081388e-01,-4.668530098849547616e-01,-6.663700611221640147e-01,-3.630565916431957030e-01,-4.340625371342732852e-01,-6.195483726239169320e-01,4.078305564665541394e-01,6.437059759800649594e-01,-4.530920915845995101e-01,-3.229426648278471701e-01,7.097640987568522020e-01,3.278006690387076372e-01,-6.277183308665216233e-01,8.713575398519500526e-02,7.883744395098510882e-01,-1.827083638361193946e-02,-6.632745505700413657e-01,-3.862008984133183387e-01,-6.723519321026436568e-01,1.532974784651902275e-02,-3.077265319977150471e-01,6.324667327888882085e-01,4.974913822949845743e-01,-4.570689098113968063e-01,-5.058530260234262582e-02,7.847199854212106862e-01,1.932487768376034420e-01,-5.139720263898214236e-01,2.986813496733714546e-01,7.453888843613585280e-01,-1.944496374157611840e-01,-2.498062227709960392e-01,2.662251439083112015e-01,5.674643902069479579e-02,-1.170274905327169240e-01,-2.073194980476302657e-02,-6.528924440738170798e-02,-5.195178287038360737e-02
