1.000000000000000000e+00,3.984630830510390576e-01,4.989363975937314843e-01,-4.825197835179627082e-01,-3.354582144136922239e-01,5.930697940147716674e-01,8.336138336208130661e-02,-6.594522919473847500e-01,3.141947884152021531e-02,5.924807695366482996e-01,-2.928763181169338758e-01,-5.749364146541134923e-01,3.847596709240405644e-01,3.524274542486298678e-01,-4.826207938696669975e-01,-2.422810728228877719e-01,-4.819845975773633939e-01,2.623701771569018071e-01,-2.630421326808980997e-01,-9.937782443118044207e-02,-3.700491929342807351e-01,-3.696024616410659713e-01,-1.190009129883197042e-01,-1.799469952674248585e-01,-3.775003198072648947e-01,3.388940347770555417e-01,-9.635149534852950615e-02,1.538401637187410687e-01,3.366639782649645807e-01,6.403093363537701865e-01,3.148726295299358324e-01,6.864403286034412854e-01,4.792596798291355875e-01,6.483960765172892549e-01,5.114222322828340106e-01,2.786027750044511864e-01,6.344972269819660893e-01,2.776050934065353859e-01,3.852388269957172651e-01,-5.670178758745418879e-01,5.952651612804866349e-02,-5.533225620591198934e-01,2.535777748834348172e-02,-3.905166123479618667e-01,-4.947063517835223467e-01,-4.865382280592936981e-01,-6.777287166292025322e-01,-3.320154709459272047e-01,-6.378230627556736865e-01,-3.194816479016315824e-01,-6.273264331988780418e-01,2.110384468855871221e-01,4.170741963444153932e-01,6.894948377049668897e-01,1.782164026646103697e-02,-2.488677133206212422e-01,3.863264885856809716e-01,5.547351782574191370e-01,-2.426449583609890936e-01,-7.291274083766779990e-02,6.541736014686629908e-01,2.050074658108840264e-01,-3.379122886093051115e-01,3.901398270019259540e-01,5.855832327683430094e-01,-1.297003720605239274e-01,-1.479378260437475834e-01,5.272225587312460160e-01,4.105924863553784832e-01,-4.739006733723054587e-01,-9.352602485798031107e-02,2.173442833998028012e-01,5.325617359559626784e-01,-1.859800846620861814e-01,3.189613097882424420e-01,1.518486238336898926e-03,-1.281573172395656102e-01,-6.791452936346740188e-01,-4.248129516810740247e-01,-5.580994026735692781e-01,-5.648519925079451554e-01,-3.687006517146831919e-01,-5.865653503262312496e-01,-1.294400139834913158e-02,-5.926302244539077835e-01,-1.510302740597631033e-01,-6.001641376876559741e-01,-2.087714468887083563e-01,-2.983193219254913764e-01,2.077601421924311562e-02,-1.943317338267503813e-03
3.984630830510390576e-01,1.000000000000000000e+00,7.887472491708873157e-02,-4.353789207829931174e-01,4.829635580958228092e-01,7.861260989396358090e-01,-3.078258648344821546e-01,-2.741957747457023920e-01,7.991672130574156707e-01,4.632066465858961646e-01,-5.006733979765312093e-01,9.115498186253916113e-02,9.032114218224331914e-01,5.323959898772697569e-02,-6.416480722702316841e-01,3.079971385382210269e-01,-4.063229023872544365e-01,2.431025735347007444e-01,4.444502912074128065e-01,-5.033307204045747163e-01,-7.427731256373202307e-01,3.707509101778799221e-01,2.345846398323698234e-01,-8.202413334061217087e-01,-4.004463797219900423e-01,-4.538045080562874145e-01,-3.865328509913382726e-01,-5.825919816586055955e-01,-2.184664719783536990e-01,8.606406979365961718e-02,-3.260830948476514113e-01,5.329781450763798611e-01,-1.512475382999778906e-01,5.696839818004758582e-01,9.282909378040817006e-02,6.606686974416348113e-01,1.667683249499350151e-01,2.259160769967054339e-01,8.568256952198608500e-01,3.619427773823570560e-02,-7.135961072906024660e-02,-5.340624250758614355e-01,-5.638325721407650981e-01,-7.090479678272781916e-01,2.442949195034280485e-01,-6.550281413980308942e-01,-4.011493058717237603e-01,-8.630974331681450229e-01,-2.255419205965751295e-01,3.946135660110940968e-01,-2.307539226714683811e-01,7.708809990987256500e-01,5.291894188762464868e-01,4.617470361001407841e-01,8.032516280311824408e-01,-2.754914291704646523e-01,-4.223986449086152284e-01,7.959326647503505159e-01,4.158920165318101825e-01,-5.939806299812954160e-01,1.567326431894485728e-01,8.968517841760917930e-01,-8.860120103129616453e-02,-3.251601710972095161e-01,6.198623202439437208e-01,6.798341301524133407e-01,-3.156607975977483438e-01,-1.874231998716378023e-01,7.952434257009455276e-01,-1.366838367702163382e-01,-8.201289057713040398e-01,-9.811525667189899269e-02,-1.727611062667152586e-01,-8.587663713575722779e-01,-2.938996336815237198e-01,-5.749923300026892337e-01,-1.120920966856682188e-01,-4.412334688505797908e-01,-3.588233952167225738e-01,1.297018936258473032e-01,-2.676892673751869456e-01,4.515218792724251529e-01,-1.783974881598835160e-01,7.002865920540628508e-01,-5.202958948304537562e-02,4.982474305105093482e-01,1.918088982011644308e-02,5.327232037120904762e-01,1.254800307708386076e-01,4.604360756707848723e-01,1.311385384064432391e-01
4.989363975937314843e-01,7.887472491708873157e-02,1.000000000000000000e+00,3.595332731007922639e-02,-7.250253787694829199e-01,5.162516107187823389e-01,7.882224054385362777e-01,-5.258876503385356838e-01,-4.231797669400052531e-01,8.820764830944760604e-01,3.506915223817418936e-01,-7.924057865114577659e-01,9.443095501853447649e-02,9.384794745967753871e-01,1.705953765901295840e-02,7.059773421295956197e-02,1.160485803290843207e-02,8.164104949003984091e-01,-1.375274506552590648e-01,5.684334288635115584e-01,-5.213238911820528010e-01,-8.117793553596911460e-01,3.464766640953450549e-01,3.031593721984698342e-01,-8.254639007830958386e-01,4.030546441279097003e-01,-5.590951117025236838e-01,7.838764754773057397e-02,4.292025258182944475e-02,7.572785887853531461e-01,8.916239105576545532e-02,5.924736508481837083e-01,3.280407828755547706e-01,3.867663952896122082e-01,1.821084186229515456e-01,-3.396526236051895520e-01,5.219319136592235342e-01,-3.325823178436690397e-01,3.460567429616950852e-01,-5.150933640672080704e-01,7.294936826047725420e-01,-1.245557651095620111e-01,6.748263816587068975e-01,1.559365632934915646e-01,-5.811563580704141030e-01,5.586940486353839455e-03,-5.320038257397748938e-01,-2.988427902586306972e-01,-4.771090610867293469e-01,-2.148530936052972795e-01,-4.281257683216954657e-01,3.050512827505271751e-01,7.734128622546113663e-01,6.512397638011074852e-01,-3.538545107663311207e-01,-7.917911483186939048e-01,5.173938676927388736e-01,5.165738922743514649e-01,-8.362773972463107830e-01,-3.468906224902463808e-01,8.243138650010769508e-01,-7.240977087167242698e-02,-9.296658640530913731e-01,2.991793008843839363e-01,7.665626423684910318e-01,-5.672494130066850770e-01,-6.697613065757950235e-01,6.228296219091030705e-01,-5.527023047346838608e-02,-9.718711765699760141e-01,-1.658457201530278910e-02,-2.890501899686486742e-01,6.369087921429050780e-01,-8.153242160048095044e-02,8.421622263448920453e-02,6.457652863165769253e-01,5.161121647786985900e-01,-5.438728553276511724e-01,1.231389668020881206e-01,-6.806963845380774591e-01,-2.163624528427677829e-01,-5.640524428640559806e-01,-3.294985324062598697e-01,4.978820689200183502e-02,-4.747535091135576257e-01,5.421938265227137926e-02,-6.485952311482165999e-01,-1.532611944133714932e-01,-8.407746746178900166e-01,-3.640870013149044571e-01,-3.734391099253098201e-01
-4.825197835179627082e-01,-4.353789207829931174e-01,3.595332731007922639e-02,1.000000000000000000e+00,2.124751333505592310e-02,-5.845607971993818097e-01,6.184465704336827852e-01,8.064444694783976519e-01,-3.943533599396798484e-01,-2.389201318033772059e-01,9.257169983285885584e-01,3.932093717269311561e-01,-5.702096243585855762e-01,2.773125590361140702e-01,9.420749030586982320e-01,6.569989601356382991e-01,9.779556674240510450e-01,3.636992236016567959e-01,4.983619613480175237e-01,7.531860699106421864e-01,8.571847662914550137e-02,-2.546092428456843762e-02,6.804544727735224452e-01,5.711823445647685737e-01,-1.589913215653361300e-01,-3.747249628777065134e-01,-4.695018790906106410e-01,-3.497020515138527519e-01,-7.215850680825939278e-01,-5.387171505991423803e-01,-6.338545994609681156e-01,-7.383120596344617814e-01,-7.025269425313239724e-01,-8.710598223671621732e-01,-8.866626916608577602e-01,-8.507694963869759652e-01,-7.734169061890474595e-01,-9.197158211499510960e-01,-2.978407145991448512e-01,6.734147060592775569e-01,6.451302203804925028e-01,9.618105592361667622e-01,5.792399515189980974e-01,8.826742335695947350e-01,4.775792995156095677e-01,9.376630659265574597e-01,8.079305349937421221e-01,2.350541310842128584e-01,8.116761246151403819e-01,5.289736317762596673e-01,8.302359207517130413e-01,1.484692441199913192e-02,4.437496420658067903e-02,-6.890923249634448577e-01,-2.739246787980398334e-01,-3.798101507288202949e-01,-3.429485520250117880e-01,-4.932794835203038186e-01,-3.141009697180101590e-01,-3.250046124319293517e-01,-4.838730102934563626e-01,-3.625823081237776746e-01,-2.963103571407035841e-01,-5.728234168693654427e-01,-3.184854058919727726e-01,-2.169775464224601158e-01,-4.628934973581407264e-01,-4.929373999022321762e-01,-8.071343797341219428e-01,-5.474265465314633039e-02,3.662863507524186796e-02,-7.994469763661771200e-01,-4.856291485908760253e-01,1.644572088016279243e-01,-6.499862256058109855e-01,5.929283168938336290e-01,8.173859469963526969e-01,7.960150135274350891e-01,9.794683942805005872e-01,4.850494406185116847e-01,9.324967277108638930e-01,2.645467991970970045e-01,8.695986643028247309e-01,2.012978107498193947e-01,7.506033360249375619e-01,4.752723289573815291e-01,5.851393392536863303e-01,3.787462942007899791e-01,-2.321928361885492731e-01,-4.634170384773647622e-01,-3.962123832166120629e-01
-3.354582144136922239e-01,4.829635580958228092e-01,-7.250253787694829199e-01,2.124751333505592310e-02,1.000000000000000000e+00,-4.260600265440318835e-03,-6.357122607200934583e-01,5.321690532294022224e-01,8.456624753883800194e-01,-4.252878534233022201e-01,-3.167157115140739054e-01,8.805148360678989317e-01,4.420550011158560499e-01,-5.993509403649350809e-01,-1.600209559495468503e-01,4.725769921479583413e-01,5.606148889926410028e-02,-3.064750492238526580e-01,6.896853525079561509e-01,-5.690445194485415081e-01,-1.644332203276532012e-01,9.567165164476640893e-01,1.983781768662615241e-01,-6.954421175468052940e-01,2.659897686566588537e-01,-8.604267040776595321e-01,-6.611769464238020921e-02,-6.965285939437764196e-01,-5.168141448696964568e-01,-7.633578416123858457e-01,-6.077020049855554884e-01,-3.392252642693627807e-01,-6.831488154321974093e-01,-1.972541278653006658e-01,-4.371075854746465095e-01,4.753805831989780240e-01,-6.025417736383159584e-01,7.687091794077013929e-02,3.131269293303434176e-01,7.258688574515839154e-01,-3.824617779961518305e-01,5.245257967221620549e-02,-7.781609545330933075e-01,-3.539786943076824732e-01,8.729495188718031651e-01,-1.643006439510687200e-01,4.299845215583746327e-01,-3.831667851408604997e-01,5.342649177550592432e-01,7.236088408194611965e-01,4.987179436537764188e-01,4.033542945746633746e-01,-1.652232879251726849e-01,-4.253529586205792024e-01,8.443805156754367047e-01,2.528477892599784727e-01,-9.146312527234380374e-01,4.388050799854817385e-02,8.946460739147225061e-01,-3.512068225992898696e-01,-7.362608733048576770e-01,6.588552554053983545e-01,5.552240783253625800e-01,-7.516096359614796718e-01,-2.339200568261257107e-01,9.376882307305445252e-01,8.632297775920003136e-02,-8.633317232384644102e-01,3.757488164941117370e-01,6.486838827411167685e-01,-6.570738641673836700e-01,-1.784940020572381159e-01,-8.625544536015390396e-01,-5.858910793688857366e-01,-5.844065326382481551e-01,-7.567269161455028037e-01,-1.724421239750007773e-01,4.005089042615500028e-01,5.558214155558809447e-03,8.607701577103924473e-01,3.370806837553815272e-01,9.430885037560783335e-01,4.784119264267903127e-01,6.290871160837531173e-01,6.513267021733754047e-01,5.704870904800035669e-01,7.831148442384551212e-01,7.270680470511324822e-01,6.811605148922594832e-01,5.018597527788850599e-01,2.406902900500597908e-01
5.930697940147716674e-01,7.861260989396358090e-01,5.162516107187823389e-01,-5.845607971993818097e-01,-4.260600265440318835e-03,1.000000000000000000e+00,-2.114823476377708511e-02,-6.883055089770233614e-01,4.962154754677067792e-01,8.379904029982330194e-01,-4.633412456456162398e-01,-4.295383028912631018e-01,8.752189240483692068e-01,4.149820686592040619e-01,-7.327545264899367750e-01,7.528967631876924693e-02,-5.715822382858199990e-01,4.716086448465188763e-01,1.203176326789241746e-01,-3.101551458652902493e-01,-8.254784543074983327e-01,-1.116842843102309329e-01,1.483737180847570225e-01,-6.216303054413626628e-01,-6.508841381946945948e-01,-3.296777428220881712e-02,-4.232174484919857815e-01,-2.936060142365896075e-01,6.373441946931644730e-02,5.834750709031301108e-01,-1.733328270254924641e-02,8.899729118702485176e-01,2.465209527831183356e-01,8.544487374419184045e-01,4.073401120237206130e-01,5.638880541895613385e-01,5.953300306928395180e-01,2.654410540072467128e-01,8.843784446483452522e-01,-4.135871191084215526e-01,1.188523759247803319e-01,-7.266971721482805568e-01,-2.536418831267860385e-01,-6.981114567283576156e-01,-2.357647657573238575e-01,-7.470110379201818640e-01,-7.828652712411781067e-01,-8.486758497367046239e-01,-6.272788895098742046e-01,3.761037527482567061e-02,-6.120323818523276671e-01,7.116576216078712713e-01,7.520787637063479636e-01,8.519239528209994194e-01,4.990511288188914096e-01,-4.785946025267138748e-01,3.543335410019775311e-02,9.778792318741447165e-01,-8.381842358117980174e-03,-5.143913811358067356e-01,6.520485912808013929e-01,7.299983230409818891e-01,-4.313088049516575762e-01,6.725207320392907751e-02,9.183199358643789889e-01,2.890837566320138552e-01,-4.251701868029431619e-01,3.021860495113692369e-01,7.878180111032710986e-01,-5.554991584559962892e-01,-6.230961490433183370e-01,1.440443096111393081e-02,3.170523244991045875e-01,-7.225717537855893546e-01,6.799676384000473070e-03,-2.784333714258008796e-01,-6.338509181060253406e-02,-8.140504566320968527e-01,-4.822226302836571388e-01,-3.704232639331045407e-01,-5.666154178507784023e-01,-1.506981791045508556e-02,-5.377089832641552825e-01,4.837026695227075179e-01,-4.816519610762146630e-01,2.596366505406965119e-01,-4.660719213577554920e-01,2.121163227320395916e-01,-2.564844837791814269e-01,3.103719097823605666e-01,2.370376540814138344e-02
8.336138336208130661e-02,-3.078258648344821546e-01,7.882224054385362777e-01,6.184465704336827852e-01,-6.357122607200934583e-01,-2.114823476377708511e-02,1.000000000000000000e+00,4.945003972868746572e-02,-6.662404898312371815e-01,5.020230934940917988e-01,8.424835265969669029e-01,-4.350866017544292030e-01,-3.646639770525568203e-01,8.818680539838361643e-01,6.087900967437807065e-01,3.554978093600660860e-01,5.871558280206304881e-01,8.011493425523510403e-01,8.582566820898537840e-02,9.242481549760495074e-01,-2.537697103447231761e-01,-7.131254324330357219e-01,5.972523506544610283e-01,6.669871762554145933e-01,-6.761901714916743744e-01,1.909802505635727898e-01,-6.311312076887373168e-01,-3.293613103999347425e-02,-3.133871457915630154e-01,3.024417807524798496e-01,-2.134413164249195360e-01,-1.806092595714359596e-03,-8.742338527262166759e-02,-2.406780294760464123e-01,-3.378763450225568121e-01,-8.188379322693588591e-01,-2.034584671971818165e-02,-7.830758423803552137e-01,-1.421796690379703403e-02,-5.829822106335761506e-02,9.290252478544530623e-01,4.905571980415509015e-01,9.263295355482504823e-01,6.977838700318895748e-01,-2.456908277406957553e-01,5.993184576146948217e-01,6.615808403469579380e-02,1.956340875844090124e-02,8.457444747088339876e-02,4.833346788055852689e-02,1.337950451964401710e-01,1.315866100069076061e-01,5.551620627919331419e-01,8.133149937506832516e-02,-5.475640297603988627e-01,-7.852291094808819816e-01,2.936453057843917414e-01,2.710681905978259976e-02,-8.915709325016283326e-01,-3.550949547316968880e-01,3.736437231869139119e-01,-3.859516559393635360e-01,-8.787227084010976741e-01,-1.520706171238106648e-02,3.439468734255277660e-01,-6.676643902129454355e-01,-7.258184937643519241e-01,2.608867195865777755e-01,-5.924250113942096663e-01,-7.770400922517971543e-01,1.322854514488489008e-01,-6.359808519259460002e-01,2.746665789656095868e-01,1.540635808346942359e-01,-2.309473856923855983e-01,9.119748910437152079e-01,8.569994127051233646e-01,5.682068062389884072e-02,6.693269739807468088e-01,-3.031525446465856422e-01,3.617824498313065851e-01,-3.759474671867242268e-01,2.245721581136693457e-01,3.811419999929324676e-02,2.790253520578870813e-02,2.171555275642184923e-01,-2.081768259933489684e-01,-3.186216456212013440e-03,-8.072916846376543276e-01,-6.051317321307335684e-01,-5.230222211142758759e-01
-6.594522919473847500e-01,-2.741957747457023920e-01,-5.258876503385356838e-01,8.064444694783976519e-01,5.321690532294022224e-01,-6.883055089770233614e-01,4.945003972868746572e-02,1.000000000000000000e+00,3.484196991727281367e-02,-6.489990159396589187e-01,5.515649642572720834e-01,8.425534760851215443e-01,-4.095998971417175727e-01,-2.848161692019728353e-01,7.320031452888635659e-01,6.176958337454503400e-01,8.117937735006799382e-01,-9.827548090667767577e-02,6.198913626787885267e-01,2.628026208942393915e-01,2.433608801743529226e-01,5.204499623428985311e-01,4.646298484072041712e-01,1.916745055587609214e-01,2.609907672843528315e-01,-6.635843434439455679e-01,-1.760964757398696956e-01,-4.755740227951179011e-01,-7.267628352490586030e-01,-9.192417512320928408e-01,-6.939587184612614479e-01,-9.215266728815192376e-01,-8.632768711146470153e-01,-9.156448777979575571e-01,-8.996681042467529199e-01,-4.550587420958948637e-01,-9.802345549719461149e-01,-6.040477241219518456e-01,-3.134642675121510069e-01,9.231509440199784366e-01,1.501681078479052689e-01,8.516259163145638578e-01,2.947997115742162152e-02,5.827504239373255679e-01,8.223619395993823078e-01,7.317051517636520286e-01,9.750003447516558674e-01,2.271100240259928127e-01,9.792571479915848087e-01,6.839318222506475253e-01,9.672783113855060177e-01,-1.977180142837611440e-02,-3.119629052017067750e-01,-9.236433841009138446e-01,1.068124285264013540e-01,6.279557789081567643e-02,-6.956464608673572636e-01,-6.034625797705152062e-01,2.790301655146865678e-01,-2.066278473739138200e-01,-8.947562358726178777e-01,-1.209201202968830519e-01,2.548467036168447497e-01,-7.603664911781188307e-01,-6.226255027994820335e-01,2.600082016760877912e-01,-9.226934338813297387e-02,-8.473735269349688126e-01,-5.558546486055964131e-01,4.910743840027117502e-01,-1.110413270225062560e-01,-5.801322546175001760e-01,-8.485545223768005130e-01,3.687637521325223128e-02,-6.988061622102157422e-01,5.709535345703022069e-02,4.245088546741404567e-01,9.618054055047924322e-01,7.556364163472040207e-01,8.656632960107630836e-01,9.290906870691896247e-01,6.559616301528081728e-01,9.553165976014680316e-01,2.873230673827227855e-01,9.547322325207866500e-01,4.973342791199075186e-01,9.179826066851490829e-01,5.363962116147091841e-01,2.999065626779313098e-01,-1.229435250281145919e-01,-1.232835077334079321e-01
3.141947884152021531e-02,7.991672130574156707e-01,-4.231797669400052531e-01,-3.943533599396798484e-01,8.456624753883800194e-01,4.962154754677067792e-01,-6.662404898312371815e-01,3.484196991727281367e-02,1.000000000000000000e+00,8.216178130303609245e-03,-6.286767446396690495e-01,5.147406412774797602e-01,8.318921722253341811e-01,-4.054281257574429143e-01,-6.014503482458004591e-01,3.113557101390221349e-01,-3.591633159179525303e-01,-1.455515915464972165e-01,5.456972697597857191e-01,-7.505961588652162453e-01,-4.810710595051698180e-01,7.814445833649049655e-01,1.013837781983199099e-01,-9.471937515383641593e-01,2.064695230715983282e-03,-6.808314406885157544e-01,-1.350305267314489688e-01,-6.469110717007915401e-01,-2.833793910382757519e-01,-3.248061574829361753e-01,-4.096473575047809290e-01,1.965038645137184292e-01,-3.577849857851595483e-01,3.290774218699802911e-01,-4.908347345986011079e-02,7.876633910096335622e-01,-1.382951352742774753e-01,3.414841523909062926e-01,6.709706389830604190e-01,3.339342239849318328e-01,-4.011336417757307427e-01,-4.197590146440464687e-01,-8.746536836423186578e-01,-7.422746159178065239e-01,5.664991400075979344e-01,-6.093908306970601263e-01,-8.975087981888894839e-02,-7.055841820714194856e-01,6.022241912769955158e-02,5.363329759577947220e-01,3.223093365530614596e-02,6.230474980257196815e-01,1.450097675342142400e-01,9.833832497520188232e-02,9.707950997212366762e-01,9.988855953223456374e-02,-7.063124594836998060e-01,5.137794796109278472e-01,8.224487753750499008e-01,-4.422386391630542812e-01,-2.848405273189525411e-01,9.192032212861165341e-01,3.619861270281836685e-01,-5.110975611853983969e-01,2.196176372993627890e-01,9.585940040786105065e-01,-7.214125033083725914e-03,-5.292835115997116535e-01,7.812674901755232160e-01,3.479158315229674558e-01,-8.152663897959173678e-01,1.096449562176338459e-03,-5.238890410219918525e-01,-8.158993273060255458e-01,-3.766541066828369977e-01,-8.680771032306869861e-01,-3.250199662497912367e-01,-1.249871942350449100e-01,-3.672824120699672013e-01,5.015914425868497339e-01,-1.075534642095899857e-01,7.527464291323020529e-01,3.687336596989056886e-02,6.922375807830298822e-01,2.290136516892908869e-01,5.023946507343466372e-01,3.792633355834720832e-01,6.361069802273949803e-01,5.273632726538429738e-01,6.406800116788925470e-01,2.913230696367088979e-01
5.924807695366482996e-01,4.632066465858961646e-01,8.820764830944760604e-01,-2.389201318033772059e-01,-4.252878534233022201e-01,8.379904029982330194e-01,5.020230934940917988e-01,-6.489990159396589187e-01,8.216178130303609245e-03,1.000000000000000000e+00,8.443989189167765488e-03,-6.903235582138205206e-01,5.265380710876438330e-01,8.219157246767110347e-01,-3.430170096912514288e-01,1.421740863996645010e-01,-2.478173161314702333e-01,7.893797652183813796e-01,3.228316359832322097e-02,2.148219859559987455e-01,-7.869783483642658339e-01,-5.455861144414431152e-01,3.489147592363281425e-01,-1.405614206783468989e-01,-8.831756864765227810e-01,1.859490735226887459e-01,-6.184479256228392341e-01,-1.569508313647388631e-01,1.724776749226302657e-03,7.445953130892768446e-01,-1.110736796276103749e-02,8.115127190458198969e-01,2.792696610143692859e-01,6.577267927354115695e-01,2.720368199146876997e-01,6.082092411444529195e-02,5.923043502926237380e-01,-1.173064464437053173e-01,7.002000589290223731e-01,-4.894590567573047224e-01,5.542553796907695451e-01,-4.203060646016507640e-01,2.964629148013054882e-01,-2.451256538986198719e-01,-4.404669271427131272e-01,-3.583334865662334834e-01,-7.068790259359112316e-01,-6.569394539454361803e-01,-5.824046029855498574e-01,-5.913854931431612727e-02,-5.431340515513254363e-01,6.002780253066117844e-01,9.034121342491580053e-01,8.276247904427745938e-01,6.338977200348956675e-02,-7.802280763911670913e-01,2.963510798390454060e-01,8.395432507752644824e-01,-5.232272566977517192e-01,-5.352550667380405747e-01,8.288841223924731105e-01,3.578885810443189208e-01,-8.263799243868565902e-01,1.672309341105428782e-01,9.664512347245300949e-01,-1.812338185555944781e-01,-6.843141485481519792e-01,5.017754570483664578e-01,3.630464848560219782e-01,-9.041800116896607786e-01,-3.741673373579055828e-01,-2.298960893195963195e-01,5.200335486732958756e-01,-4.605526774911988253e-01,-1.972367738641591511e-03,2.657599076814060601e-01,3.359299767268976167e-01,-7.324071610966698120e-01,-1.285548176644243090e-01,-5.779361086628095334e-01,-3.826362121940650729e-01,-3.177049609673538444e-01,-4.381098442723653230e-01,3.317748340548969388e-01,-5.003810652694271610e-01,2.252959633093415959e-01,-6.073877268215364111e-01,6.748595736579994508e-02,-6.662625746890485923e-01,-6.998678074880609890e-02,-2.378884100518095790e-01
-2.928763181169338758e-01,-5.006733979765312093e-01,3.506915223817418936e-01,9.257169983285885584e-01,-3.167157115140739054e-01,-4.633412456456162398e-01,8.424835265969669029e-01,5.515649642572720834e-01,-6.286767446396690495e-01,8.443989189167765488e-03,1.000000000000000000e+00,4.437443465020548400e-02,-6.244233584786662572e-01,5.446598765011112508e-01,9.219781138980899238e-01,5.193331944156882596e-01,9.045441390085017241e-01,5.370791088566199134e-01,2.884481155316829248e-01,9.228590416123744200e-01,3.644136911483942393e-02,-3.676022630309198624e-01,6.458938402154426051e-01,7.398733004029377502e-01,-3.378533505913645096e-01,-9.268193940056362878e-02,-5.118489515955921831e-01,-1.572033450179049219e-01,-5.518921026433609711e-01,-2.130922948658913185e-01,-4.416093530446024706e-01,-5.219062561506069287e-01,-4.515286579314096160e-01,-7.100534425274686035e-01,-7.017298080796706694e-01,-9.558828217647344916e-01,-5.050382625456347752e-01,-9.286534414064793186e-01,-2.955028805559893335e-01,3.846799454747525382e-01,8.028388008980710255e-01,8.677272800608468728e-01,8.231379052429856902e-01,9.300662480871763060e-01,1.584570256028082769e-01,9.158388324994451990e-01,5.761349379631328649e-01,2.601716580333912621e-01,5.643411280611778658e-01,2.974349155846716108e-01,5.973683384271922803e-01,-3.001421298492654502e-02,1.998305931434136151e-01,-4.469787074107970382e-01,-5.028954160768999149e-01,-5.365956162355114412e-01,-3.289019398431125563e-02,-3.911413206684941080e-01,-6.274276618917159487e-01,-2.787460849180306011e-01,-1.573748797556245027e-01,-5.002288158896686099e-01,-5.482023221231288046e-01,-3.190688768392402341e-01,-1.256696599900710420e-01,-5.053229674802857119e-01,-5.570253010957106898e-01,-1.668030805859096188e-01,-8.484055724860047887e-01,-3.504411884895603513e-01,1.818165563952594821e-01,-7.508978080059645066e-01,-1.590485389515685632e-01,2.743636861435531649e-01,-4.617340173309572582e-01,8.257908202887764837e-01,8.829669541567464197e-01,5.683103505812941991e-01,9.331996829680486716e-01,1.525183326409573492e-01,7.622712468573297206e-01,-5.419063457416636170e-02,6.541919182996784876e-01,5.317774692797224562e-02,4.811533566333766054e-01,3.239942127205610034e-01,2.689249467425630091e-01,1.656414108606928948e-01,-5.040972770806259051e-01,-6.060329540277565874e-01,-4.850549820251544575e-01
-5.749364146541134923e-01,9.115498186253916113e-02,-7.924057865114577659e-01,3.932093717269311561e-01,8.805148360678989317e-01,-4.295383028912631018e-01,-4.350866017544292030e-01,8.425534760851215443e-01,5.147406412774797602e-01,-6.903235582138205206e-01,4.437443465020548400e-02,1.000000000000000000e+00,4.213722744837522321e-04,-6.161077906203757948e-01,2.714011495831171739e-01,5.164794159044534538e-01,4.168496580793557560e-01,-3.542390584981754409e-01,6.646789013580837180e-01,-2.614931774076832971e-01,1.364280650289091956e-01,8.768978113261225449e-01,2.556207196021939576e-01,-3.072265300367073015e-01,4.146242480875039771e-01,-8.205406938358357216e-01,-1.060038074276923453e-02,-5.869910194895899824e-01,-6.131881598328686733e-01,-9.640901909601072850e-01,-6.514877136311894024e-01,-7.250073418737250641e-01,-8.154787988543653610e-01,-6.125686315748356536e-01,-6.832012183380679060e-01,7.875053374140708606e-02,-8.679627928635259559e-01,-1.899391555521810770e-01,-6.373620549628733478e-02,8.997712910728321578e-01,-2.549029299473680732e-01,4.601630149687757632e-01,-4.967269060591641416e-01,7.737297187976137358e-02,9.364979892410451034e-01,2.714667192153400466e-01,7.837907199768664457e-01,-2.160756650410809374e-02,8.267997497625426684e-01,7.269554273388435517e-01,7.942130284664763451e-01,1.310125695353138164e-01,-3.802159334831657911e-01,-7.796167853197529807e-01,5.342934608965964616e-01,3.059098285186899191e-01,-8.845928846128475742e-01,-3.687485688099458314e-01,7.343507928225150305e-01,-2.060149614454211409e-01,-9.517212387219958769e-01,2.791512014062421110e-01,5.735708955005967002e-01,-7.942355727949641508e-01,-5.622155218450953784e-01,6.954114747414328335e-01,1.251324019110467700e-01,-9.512508150568951271e-01,-7.306916449163422533e-02,7.405012634706900077e-01,-3.731915538177625336e-01,-3.122224898066778276e-01,-9.544847581874087439e-01,-2.540621208090598215e-01,-6.396751636421447174e-01,-4.671083520252242161e-01,2.130669792812833752e-02,7.639945270177226355e-01,3.434474858565460531e-01,9.705003262179943135e-01,6.551975229060457151e-01,8.872774867763877360e-01,7.604813796854322794e-01,4.390554988697087935e-01,8.720765745141564329e-01,5.105131198059826847e-01,9.525610813214565598e-01,6.457034045191988314e-01,6.408143771866819938e-01,2.584752733488611121e-01,1.294315129524056807e-01
3.847596709240405644e-01,9.032114218224331914e-01,9.443095501853447649e-02,-5.702096243585855762e-01,4.420550011158560499e-01,8.752189240483692068e-01,-3.646639770525568203e-01,-4.095998971417175727e-01,8.318921722253341811e-01,5.265380710876438330e-01,-6.244233584786662572e-01,4.213722744837522321e-04,1.000000000000000000e+00,3.788329912524625309e-02,-7.792510787452712195e-01,2.081278866650791148e-01,-5.489885827986697997e-01,2.138071416635828059e-01,3.605299420826754142e-01,-5.924611769770973257e-01,-7.665060060353950933e-01,3.438769422091765837e-01,1.425310041195534116e-01,-8.887676949940211957e-01,-4.017574460433023242e-01,-3.785783247065145352e-01,-3.315317315763623429e-01,-5.221822155016394573e-01,-1.067377724118013099e-01,1.929106637220006915e-01,-2.241041806023707506e-01,6.591383246519688655e-01,-3.258845258358451791e-02,7.070914096352288736e-01,2.304108738605060158e-01,7.683839677045724015e-01,2.982822631666848245e-01,3.481125687547361736e-01,9.032403375772102283e-01,-8.215543057667253068e-02,-1.406676922200391366e-01,-6.755677160291561067e-01,-6.208906153507343095e-01,-8.274985162108681180e-01,1.503317803650679463e-01,-7.889271743966483896e-01,-5.366199904776223217e-01,-8.997646858239773948e-01,-3.609402365987136596e-01,3.049136213405743701e-01,-3.666992043533578438e-01,7.692947186011059868e-01,5.428911445170456762e-01,5.836988505925655435e-01,8.235365721003538031e-01,-2.421624248033160121e-01,-3.494969996586100303e-01,8.801706615005060463e-01,4.309205728559768467e-01,-5.511244561635436634e-01,2.560792296387641720e-01,9.402308549455662412e-01,-7.504352760576248060e-02,-2.263841167085921813e-01,6.877938484785025564e-01,6.876884749733960245e-01,-2.678277089824759871e-01,-9.071775607642730554e-02,9.020198396190225454e-01,-1.607929717094928324e-01,-8.164300978018937949e-01,1.268732337857386705e-02,-7.843172523128297269e-02,-8.785755078246813010e-01,-1.922774882231067239e-01,-6.325541382429301640e-01,-2.137254608590666016e-01,-5.730029107428025181e-01,-4.963361056224026568e-01,3.244610675064348027e-02,-4.123546606003612447e-01,3.871985796706851612e-01,-3.186168621985239757e-01,6.651727357439357613e-01,-1.813453572768876088e-01,4.242856055893801659e-01,-9.134484306909083917e-02,4.665773498112666395e-01,1.208628735996052916e-01,5.348970415434614045e-01,1.718455189164797559e-01
3.524274542486298678e-01,5.323959898772697569e-02,9.384794745967753871e-01,2.773125590361140702e-01,-5.993509403649350809e-01,4.149820686592040619e-01,8.818680539838361643e-01,-2.848161692019728353e-01,-4.054281257574429143e-01,8.219157246767110347e-01,5.446598765011112508e-01,-6.161077906203757948e-01,3.788329912524625309e-02,1.000000000000000000e+00,2.161131950992401518e-01,3.220308184927037076e-01,2.564992596156620008e-01,9.187785894361061301e-01,9.483881717256145705e-02,6.953272920788005074e-01,-5.761819818795990145e-01,-7.156920676693617756e-01,5.759020543740791531e-01,3.404138756165542845e-01,-8.878736601324126454e-01,1.930054900321062916e-01,-7.330922719430604806e-01,-1.247865801768524713e-01,-2.202526282878810304e-01,5.570598861076722086e-01,-1.638178720132988098e-01,4.060519367661396539e-01,6.557479816754538393e-02,1.755763453706110644e-01,-9.364005945749447057e-02,-4.872831055547750534e-01,2.719978568175318023e-01,-5.677311510960353358e-01,3.605277252747446926e-01,-2.663548333018078140e-01,8.775845458103856966e-01,1.051435391456160273e-01,7.318765955871842088e-01,3.178397936485401476e-01,-3.595371525108965183e-01,2.016900109352884607e-01,-3.072089281135527705e-01,-3.373516000322149266e-01,-2.278136514235852284e-01,2.371798985697429196e-02,-1.773567683675245921e-01,4.072504476947637619e-01,8.234669299287857847e-01,4.659997958756223468e-01,-2.980560376449361004e-01,-9.065460203675813622e-01,3.153410817644369257e-01,4.517964388697709444e-01,-8.234190146037694280e-01,-5.190618090738375878e-01,6.482194646549885864e-01,-4.712439492387285322e-02,-9.825935864513997142e-01,5.401177606149483446e-02,7.152371233191224809e-01,-5.029000281540232375e-01,-8.235157241802638639e-01,4.040626768361273435e-01,-1.891491171736323917e-01,-9.505947640205053562e-01,-1.250518375602443499e-01,-5.359536885507805160e-01,4.200309249271131917e-01,-1.546170888551092193e-01,-1.697886756704735378e-01,7.059572762686991965e-01,7.250265465417596866e-01,-3.265231567420901482e-01,3.697557764149346782e-01,-4.689068177302542773e-01,4.901390295013749454e-02,-3.804754836804614126e-01,-6.412770451586963238e-02,2.152273852661036047e-01,-2.190012123960349832e-01,2.760171684768424338e-01,-4.238906798827445366e-01,5.625957504494653871e-02,-8.491848437932834059e-01,-4.201408846646286221e-01,-4.576358006321913918e-01
-4.826207938696669975e-01,-6.416480722702316841e-01,1.705953765901295840e-02,9.420749030586982320e-01,-1.600209559495468503e-01,-7.327545264899367750e-01,6.087900967437807065e-01,7.320031452888635659e-01,-6.014503482458004591e-01,-3.430170096912514288e-01,9.219781138980899238e-01,2.714011495831171739e-01,-7.792510787452712195e-01,2.161131950992401518e-01,1.000000000000000000e+00,4.216361160002676245e-01,9.310112962926555547e-01,2.147390685414723721e-01,2.403901960426359508e-01,7.924012124001711399e-01,3.269260294865710126e-01,-1.631408627840289227e-01,4.682927379556243719e-01,7.559616973782551375e-01,4.643005885742675781e-03,-1.352777576775557045e-01,-2.471010775696448336e-01,-7.266518379654156312e-02,-5.027728900504903065e-01,-4.553619196177772221e-01,-3.931186472530466824e-01,-7.770110272636794324e-01,-5.068056352486990379e-01,-8.981573542973509960e-01,-7.424748778461496279e-01,-9.226681731046673107e-01,-6.729151825126228337e-01,-8.219992058113070321e-01,-5.404742321667312943e-01,5.204567241475974715e-01,5.510699840768816804e-01,9.606702769497015293e-01,6.744142515085532752e-01,9.631820440283627160e-01,2.898861741920959467e-01,9.876070945627775099e-01,7.864060482944837949e-01,4.925815426290515719e-01,7.272775318950135404e-01,2.820676576229819710e-01,7.445075262629331503e-01,-2.567882181307280520e-01,-1.429714633581899708e-01,-7.112765514893288898e-01,-5.104593435069545437e-01,-2.171009489207920695e-01,-1.191280392492698459e-01,-6.743379004307485935e-01,-4.114898837780324725e-01,-5.385342808856254104e-02,-4.351455981246415972e-01,-6.134795384884175196e-01,-2.190144766215337546e-01,-3.409442485083848395e-01,-4.684038950768034115e-01,-4.281867203796784760e-01,-2.687237561245999773e-01,-3.177480303041966825e-01,-9.309800751971072375e-01,-8.675847230154095854e-03,3.239237938577202436e-01,-6.077617537332707931e-01,-3.190797150084015432e-01,4.389736566165861609e-01,-4.144704734854473549e-01,6.874634075954706436e-01,7.008725358763528979e-01,7.886013330431073109e-01,9.145766228985032775e-01,3.350317438631273959e-01,8.421011109765431657e-01,4.367538615297808513e-02,7.602059989021342501e-01,-8.654375270337000270e-02,6.171801235852640843e-01,2.058328254109105804e-01,4.561484220355592201e-01,1.128791048417837756e-01,-2.387811754807569742e-01,-5.500629682579503132e-01,-3.680337747046543151e-01
-2.422810728228877719e-01,3.079971385382210269e-01,7.059773421295956197e-02,6.569989601356382991e-01,4.725769921479583413e-01,7.528967631876924693e-02,3.554978093600660860e-01,6.176958337454503400e-01,3.113557101390221349e-01,1.421740863996645010e-01,5.193331944156882596e-01,5.164794159044534538e-01,2.081278866650791148e-01,3.220308184927037076e-01,4.216361160002676245e-01,1.000000000000000000e+00,6.691645660818208441e-01,5.822275475862472849e-01,9.355799751644862106e-01,3.256045063634332437e-01,-5.689215539819100220e-01,3.329288659796768579e-01,9.262835064150317654e-01,-1.472325108853162479e-01,-5.108838815293195168e-01,-8.209128426758297570e-01,-8.363930260918929216e-01,-9.044904815329009029e-01,-9.682996884095241841e-01,-5.145502317948611459e-01,-9.711948578495306350e-01,-3.170038057223654726e-01,-8.912590386162287937e-01,-4.192741737601016760e-01,-8.609613376222399195e-01,-2.943400775998746277e-01,-6.833664148174392050e-01,-7.615488179346198150e-01,4.486872493401670714e-01,7.613219738718230989e-01,5.992026215322661109e-01,5.399567297910412567e-01,8.457729015581338938e-02,2.898500370032102702e-01,7.450656023606884171e-01,4.019728835957844248e-01,5.094440434656649641e-01,-5.253062634661723740e-01,6.708385860370122966e-01,9.262523997827739608e-01,6.854866195799120820e-01,7.076706522299232027e-01,5.069096775859218695e-01,-3.306396939607878505e-01,4.484614283013070857e-01,-6.325368414540135653e-01,-7.638733369087044034e-01,1.841385885213870088e-01,6.635810214012922981e-02,-8.761237026494573810e-01,-3.944318378080441390e-01,4.285855783280799747e-01,-3.710852161829191753e-01,-9.106033339543252447e-01,2.013858592933914504e-01,3.968536724156332962e-01,-7.594401463318537493e-01,-7.039690620651419817e-01,-1.369175706505392776e-01,-1.565983241833240336e-01,-6.976049698042821046e-01,-9.239416383169306579e-01,-6.907641749326168812e-01,-6.013477640040478800e-01,-9.585691595424222777e-01,9.043263436832002511e-02,7.502383613967594789e-01,4.601063350181100464e-01,7.093994406351465942e-01,6.508312668586954119e-01,7.519948429345932883e-01,7.027055292129348318e-01,7.719167861732821878e-01,8.471761985904175951e-01,7.636067108680753002e-01,9.566090438167763610e-01,6.577269172409190290e-01,8.935479753912887180e-01,-1.224205825135878944e-01,-5.128391577248492955e-02,-2.981650621591072081e-01
-4.819845975773633939e-01,-4.063229023872544365e-01,1.160485803290843207e-02,9.779556674240510450e-01,5.606148889926410028e-02,-5.715822382858199990e-01,5.871558280206304881e-01,8.117937735006799382e-01,-3.591633159179525303e-01,-2.478173161314702333e-01,9.045441390085017241e-01,4.168496580793557560e-01,-5.489885827986697997e-01,2.564992596156620008e-01,9.310112962926555547e-01,6.691645660818208441e-01,1.000000000000000000e+00,3.531749318674261562e-01,5.223254702667785576e-01,7.318227819191526207e-01,8.047534764200070523e-02,7.229506643011217315e-03,6.864916865437011850e-01,5.477233052505902089e-01,-1.501998181632500928e-01,-4.062146789907663536e-01,-4.729124730457940906e-01,-3.734413542605130032e-01,-7.409978705344713035e-01,-5.655029762124557102e-01,-6.532958300459913437e-01,-7.483850329492657272e-01,-7.234488770477345287e-01,-8.740048122436731015e-01,-8.968723688952033868e-01,-8.296166740567932907e-01,-7.891319932510461044e-01,-9.119431195490486086e-01,-2.849539831171730708e-01,6.945363790182323971e-01,6.278909627460510512e-01,9.574849950661602493e-01,5.494662367638051270e-01,8.653210751643619636e-01,5.061332724689151519e-01,9.290133361931154354e-01,8.205203169018119302e-01,2.210222362474432711e-01,8.282647875099879986e-01,5.534798963829834495e-01,8.481252208155365402e-01,3.008299368621298112e-02,3.906043450874995687e-02,-7.030943370469121545e-01,-2.447372934835383429e-01,-3.711425765507520569e-01,-3.752767978600709542e-01,-4.914455422343217417e-01,-2.839394884789092077e-01,-3.371903310160614953e-01,-5.074793873682149625e-01,-3.403665327873791058e-01,-2.783245266761336656e-01,-5.953536214582406672e-01,-3.228594443656196411e-01,-1.852704917843151500e-01,-4.606716248610109865e-01,-5.150524643732150576e-01,-7.868467717166159892e-01,-3.520632388268050278e-02,1.548652302435452738e-02,-7.980446117489518043e-01,-5.130565946367828811e-01,1.428881146863498208e-01,-6.667868270317101054e-01,5.624599815862407759e-01,8.062170851896166557e-01,8.047158835726182513e-01,9.735332303634997020e-01,5.126094345371241534e-01,9.402325698051472447e-01,2.941425836802870064e-01,8.842191092369003913e-01,2.221801100918654737e-01,7.729038409213162542e-01,4.949466839104343374e-01,6.107260313962132869e-01,4.041332680168627789e-01,-2.142138190920637453e-01,-4.517944795131450531e-01,-3.894021050355955804e-01
