1.000000000000000000e+00,3.869243582042443674e-01,4.427779534213329704e-01,2.591127014423670327e-01,1.833057829791910898e-01,2.409863764067538272e-01,2.135163250227785359e-01,1.585938639967234554e-01,1.570477560836578967e-01,1.639382550272697192e-01,1.145978087557248531e-01,8.222195860576732296e-02,1.114869605579696804e-01,9.244932299578048629e-02,5.954143742038445208e-02,-9.423102888847527739e-03,7.203695444414427544e-03,7.317684090719875356e-02,1.697276097473213521e-02,1.409077194974582212e-02,1.741772789622295439e-02,2.831614325555349351e-02,1.023749954235920155e-02,1.895963633820338303e-03,4.548322972319774650e-03,1.056536899050929471e-02,2.090688842618725410e-02,-2.808001211942673554e-03,1.398470573018003107e-02,1.484676981375786069e-02,6.630015180055490870e-03,1.264318792998496074e-02,2.569721906651148413e-02,1.127113478924528407e-02,-4.626076772856565870e-03,1.815161775366110064e-02,6.417513144897081002e-03,2.166110889358270966e-02,9.401750242139810324e-03,-1.255935421396770033e-03,-2.348434268834120701e-03,-5.051358644681836277e-03,1.654176257806632896e-02,3.074515493193167442e-02,2.872449266613183103e-02,-8.526336477386852949e-03,-6.713554968910192579e-03,3.977476612894689616e-03,8.182751264281881362e-03,1.188250617772688283e-02,6.809794919874609734e-03,-1.260278905606827815e-02,4.507152161415660732e-03,-1.874282232568324309e-03,-3.931953696476693343e-03,6.325507481101132201e-03,5.862550539306304702e-03,1.285711857556275269e-02,6.442082453708732927e-03,-1.033854016511482309e-02,-1.831628602915891246e-02,1.476590487063239761e-02,1.361919722439219535e-02,8.900419208131674781e-03,6.449929462923135667e-03,5.675334012330465186e-04
3.869243582042443674e-01,1.000000000000000000e+00,3.248850046205278841e-01,2.422505653114593038e-01,2.855807415457370380e-01,2.036915855860599589e-01,2.585115948442198719e-01,1.784776036279694944e-01,1.074322104469770806e-01,2.073505619247585363e-01,1.420891877559490035e-01,7.898580279509721802e-02,1.565117781938911434e-01,1.161297020177573386e-01,5.666847361663485128e-02,-4.206525177088914214e-02,8.865514962065315988e-03,8.897841675417463014e-02,3.890721837548907075e-02,2.644109020052823680e-02,2.600448432947115654e-02,4.189475269203633834e-02,6.063357574705299097e-03,2.637957126221292768e-03,1.532630558183188663e-02,3.010692277658077315e-02,5.786442179511563227e-02,2.059143760907251874e-02,4.793862289024760498e-02,3.928439364370000381e-02,1.398150459310630242e-02,4.417769673331224667e-02,3.900072713308739419e-02,1.864782905980437791e-02,1.302953463702544168e-02,3.756218926114330420e-02,1.632330810577882485e-02,1.615524489377801604e-02,5.795465769007201312e-03,3.041706780666142331e-03,-1.763767260513516427e-02,-2.690870883638150912e-02,1.652663411907662888e-02,1.239103780794683848e-02,1.561950419197696491e-02,-1.322600144627309252e-02,-2.318246433039136689e-02,7.373483436707866170e-03,2.322026400853097541e-02,2.884509819037522095e-06,9.249775046891180186e-03,3.504542251761380220e-03,2.572545741336777856e-03,2.836662958273362348e-03,-5.271497957022765711e-03,8.305515709661375531e-04,3.263303248561830357e-03,1.170823606297854980e-02,-1.555847194580288646e-02,-2.876623174727025931e-02,-2.271895438081434140e-02,8.580323612795752453e-03,1.618303874450652269e-02,1.056524725371810886e-02,1.755854713987467855e-02,2.777467486199272292e-03
4.427779534213329704e-01,3.248850046205278841e-01,1.000000000000000000e+00,3.375057134397564385e-01,3.492357336181103888e-01,3.980603208732141907e-01,3.398602348517876237e-01,2.715817576810596878e-01,2.307194480664770120e-01,2.573726375026982871e-01,2.005884742336122573e-01,1.194336267814062602e-01,1.856681338312623775e-01,1.653671157024366178e-01,9.626933434661327782e-02,-3.695425283024600382e-02,1.663282002715446573e-02,1.101114325252024739e-01,3.606998583482341758e-02,3.110022000843715509e-02,6.174209953918250761e-03,4.429558211834989240e-02,1.864034339524501746e-02,4.546586093990052750e-03,2.734323373290241041e-03,1.646639337764524771e-02,3.046377846447323803e-02,1.078696268521729153e-02,3.126417186285147115e-02,2.200538061024931435e-02,1.238156801012781950e-02,2.093672783650024627e-02,3.894326867791432500e-02,2.917433765901074685e-02,-4.136509482457787282e-03,3.037255898334921198e-02,2.710977274018917414e-04,6.604555701071703963e-03,-7.088074383086189270e-03,2.591958168069060514e-03,-7.591607481369581564e-03,-1.836627039375599360e-02,1.292360742032760794e-02,2.228485954673677452e-02,2.971243879710103869e-02,1.646942239136938097e-03,-7.148625183399474892e-03,2.377202212620815880e-02,2.783272172737271885e-02,2.401929343474039705e-02,2.397418054288226463e-02,1.073272638311975960e-02,2.289634678739670484e-02,1.503218588887855582e-02,1.733551604712608996e-02,2.953059848916156013e-02,1.156676173541008878e-02,2.734924089972582892e-02,2.388070429853268034e-02,9.681873632175147862e-03,-8.842434992177652248e-03,1.545763944605962371e-02,1.634828376415082066e-02,1.815491408307395860e-02,2.060669577730030524e-02,1.757260142867300701e-02
2.591127014423670327e-01,2.422505653114593038e-01,3.375057134397564385e-01,1.000000000000000000e+00,3.501728361236237097e-01,4.184691946323955691e-01,5.695123324634844275e-01,2.020768645004939468e-01,3.584200631327818520e-01,4.844556111270248988e-01,2.720415085797530663e-01,2.503039606460302768e-01,3.384275366254129724e-01,2.206440746211565385e-01,2.061594121769453891e-01,-4.749288567977510284e-02,3.117800295679463290e-02,1.607220444892153155e-01,5.258670826954289779e-02,4.837402964614967438e-02,2.163710423786452744e-02,7.717968429600946534e-02,4.725110079191611329e-02,2.561438247030567092e-02,2.793941200663916779e-03,3.904326726300668543e-02,4.161264484693739940e-02,4.490626243366559710e-03,5.381866489109744800e-02,2.450773477439402437e-02,2.600245063005337393e-02,4.696922769019011568e-02,1.791136174244108842e-02,7.707364238307363828e-03,1.943842375412606349e-02,3.220000361638829939e-02,-7.164557804555223008e-03,1.148612664171928983e-02,-1.316222630562810698e-02,4.608286345240708050e-03,-2.452334213776546836e-03,-5.028380142124671236e-03,2.523445382669903952e-02,1.939442170987112565e-02,1.088862371738995305e-02,-3.481769795950992192e-03,1.702515211303139413e-03,-1.360350467483453177e-03,3.477251991074511994e-02,2.031453735581376097e-02,2.068958564655607249e-02,2.841567240195543020e-02,9.544574469323942670e-03,2.749599402040500858e-03,4.515692708807654901e-03,1.763342834353837096e-02,2.098693773261331094e-02,4.100939432016754288e-02,2.331196327817811314e-03,-2.873009877595122594e-03,-2.602882634589563562e-03,4.865077315685193901e-03,1.657165458496420371e-02,9.725929079261882992e-03,1.853962830632861769e-02,-5.004428316749522446e-03
1.833057829791910898e-01,2.855807415457370380e-01,3.492357336181103888e-01,3.501728361236237097e-01,1.000000000000000000e+00,3.899435693228224253e-01,5.322156175188557103e-01,4.231037602410776532e-01,1.476772434882612228e-01,4.174813142733269089e-01,3.314268729815145753e-01,1.422357805843401379e-01,3.379322340431933913e-01,2.686403849214001882e-01,1.136174661152883764e-01,-9.141734267568606132e-02,5.875214339168705752e-02,1.454902710209839134e-01,3.611998498644942990e-02,3.049611491305156963e-02,-5.571701057790354183e-03,6.570746768832541607e-02,4.945245914466369491e-02,4.271138827990746817e-02,1.837137217870136660e-02,5.464348342248874502e-02,5.662867793673759254e-02,2.263097384015072197e-02,5.600716206576834139e-02,4.596213760673181076e-02,3.359027230849494228e-02,5.645099991885258600e-02,3.312098080735419864e-02,2.644915882836746182e-02,3.433131322625271320e-02,4.609740394036162398e-02,1.241044204287354395e-02,5.831744686848280325e-03,-3.135517197685846417e-03,1.709201772328466234e-02,-1.279987798969791507e-02,-3.569204138514138480e-02,1.120721695479295899e-02,1.787599885313614217e-02,1.284644651980370797e-02,-1.402403691160441883e-02,4.710025832313548440e-03,1.243990141073474456e-02,5.308516486560885955e-02,2.449638811788436288e-02,2.022316861996376405e-02,2.676379512724135976e-02,1.928065456824115675e-02,5.579567315001668533e-03,1.784315098714393810e-02,2.561185299192570569e-02,4.906344176702813822e-03,3.505232105881987692e-02,2.177775560892327572e-02,1.264919626674801054e-02,-1.056378264637067212e-03,1.335029300474196642e-02,2.046441613753821956e-02,1.377015475216758315e-02,6.918522455133341471e-03,-2.099525862055783010e-02
2.409863764067538272e-01,2.036915855860599589e-01,3.980603208732141907e-01,4.184691946323955691e-01,3.899435693228224253e-01,1.000000000000000000e+00,4.250946714568964446e-01,4.610672041286553724e-01,4.842516015382098415e-01,2.901077492686820469e-01,3.080649864270624261e-01,2.085318990811494411e-01,1.942968416677403609e-01,2.602963466212179222e-01,1.450930646099102272e-01,-2.016021449721831782e-02,9.677764644287104034e-02,1.594100881079652809e-01,5.381154845109304558e-02,5.018813618532446535e-02,1.787825924261788463e-02,5.610923067146737081e-02,1.100847475230649214e-02,-7.497167623766891331e-03,4.484174034762263006e-03,3.646503861636194409e-03,2.625946394266446410e-02,5.322466987434038704e-03,3.360580027960727301e-02,2.750918739396266202e-02,1.834012482780601749e-02,2.525671837688822988e-02,2.681259872876187722e-02,2.326748622023464344e-02,1.354247266551710481e-02,2.898438577597170496e-02,-4.580402724527816126e-03,9.809884295901580634e-03,-1.034514224750406573e-02,8.397880493804979474e-03,-4.670657862822195569e-03,-1.675484907364893292e-02,1.663132280947231256e-02,1.741565713575317711e-02,1.523188689289840976e-02,-1.058058034578634489e-02,-5.256815557791043141e-03,1.616412266436619005e-02,2.093066817806239419e-02,2.401972058591642090e-02,1.517040605885694449e-02,3.695604885934517924e-03,1.916254210453512477e-02,-2.586274290939783935e-03,8.201617555032804027e-03,-8.055800825053137035e-03,-8.909430262454045776e-03,2.072787440156524056e-03,-3.189779871564176091e-03,-2.345657779037219753e-02,-1.189413849790831382e-02,5.520627241919786460e-03,1.354913687075588562e-02,-4.399039679661269527e-03,6.465719746551449112e-03,7.768348608966410725e-03
2.135163250227785359e-01,2.585115948442198719e-01,3.398602348517876237e-01,5.695123324634844275e-01,5.322156175188557103e-01,4.250946714568964446e-01,1.000000000000000000e+00,4.285278756258235067e-01,3.867956658304238515e-01,6.920672551580977494e-01,4.328854077101430553e-01,2.973293136993387376e-01,5.003548957657135698e-01,3.468724422488811410e-01,2.413493737785017967e-01,-1.113797641770946228e-01,4.810050183072049623e-02,2.150854625874676629e-01,7.281290774969592650e-02,6.002703878352438210e-02,-3.958651627708857645e-03,9.437934179184095940e-02,7.119255289218433258e-02,5.299078400515018494e-02,1.986784254904791144e-02,8.005084419225194647e-02,8.337097826224174058e-02,2.890269375318494163e-02,7.647060289505805408e-02,4.816013658187943969e-02,4.613911586115734820e-02,6.927577680497440382e-02,3.616093650667761422e-02,3.594499985907131240e-02,4.047271833506091432e-02,5.149818584729828203e-02,1.046204353687222796e-02,1.157009306077698765e-02,-6.285521059250002984e-03,2.120653341994388139e-02,-1.961603776463530929e-02,-2.839176751320501499e-02,3.477222994472740220e-02,3.503390781907009949e-02,2.220672505718138817e-02,-1.242738848798794100e-02,1.362996528860120973e-02,1.787156163950573418e-02,4.627901299851941430e-02,1.777135389394393292e-02,3.661373730666354909e-02,4.366719971041850556e-02,2.529871567226598186e-02,5.621055993032458148e-03,8.639375584646614026e-04,1.379685139785544017e-02,6.471380817392585576e-03,4.261369707960458580e-02,2.021629307798214915e-03,7.310024817519176522e-03,1.238035891043520048e-02,1.936114313563981268e-02,2.994669196994935098e-02,1.322907510610036447e-02,1.642471212742396131e-02,-1.788772506054201947e-02
1.585938639967234554e-01,1.784776036279694944e-01,2.715817576810596878e-01,2.020768645004939468e-01,4.231037602410776532e-01,4.610672041286553724e-01,4.285278756258235067e-01,1.000000000000000000e+00,3.814880141641706079e-01,2.690702620997734718e-01,4.263658967813167555e-01,1.236331506449823703e-01,1.918813701722547616e-01,3.467875426486183854e-01,3.606970362221488535e-02,-7.293844474439847847e-02,1.428007662821630663e-01,1.427951679201401314e-01,4.085604437682033296e-02,4.125068627348593003e-02,-1.631896645224956664e-03,5.058956492667335963e-02,1.425707245204192904e-02,4.576561224413928236e-04,3.241539362494839233e-02,3.087985761832172729e-02,7.310161617270764800e-02,3.774853444418564685e-02,5.136648308151678388e-02,5.616191709058451775e-02,3.859287167409510000e-02,4.371725234708380425e-02,4.022409782803949146e-02,1.233550445158291403e-02,7.758869276375474425e-03,2.410728095368698531e-02,-9.465355124116238070e-03,1.764620757718514399e-02,-1.083447834707568745e-02,1.735116537539700687e-02,-2.552627538568600848e-02,-4.265130023469489162e-02,1.258545203146509660e-02,3.186007169450687238e-02,2.231100172762345846e-02,-1.676696033947800563e-02,-4.891210107794408384e-04,3.016210644059272653e-02,5.468249975893102466e-02,2.954755895768118590e-02,3.764448782267906801e-02,2.106367766667502708e-02,3.061521864626525966e-02,1.177777313113256147e-02,7.687986390895789647e-03,-2.967526113107589979e-03,-7.494614170030721410e-03,-9.933560393805669630e-03,3.056906003504769251e-02,-1.662878098520310195e-04,7.912490533430308656e-05,2.202191584601953175e-02,3.941546342550356768e-02,1.643207918616139754e-02,8.627271931160966634e-03,3.517136752879851044e-03
1.570477560836578967e-01,1.074322104469770806e-01,2.307194480664770120e-01,3.584200631327818520e-01,1.476772434882612228e-01,4.842516015382098415e-01,3.867956658304238515e-01,3.814880141641706079e-01,1.000000000000000000e+00,3.545229054820805414e-01,3.362444093764115904e-01,3.483189726813172293e-01,1.915528161708265620e-01,2.876648893823204323e-01,2.185104332032264673e-01,7.827544697455788084e-03,1.312690177251319423e-01,1.762070480353867541e-01,8.546588428147121330e-02,7.712676104560005352e-02,4.602824291688036723e-02,7.708871953580408165e-02,2.721105666393957082e-03,-1.494132634437562654e-02,2.081692260313137977e-02,2.020681802808013336e-02,4.868622264296171981e-02,2.735356459737292231e-02,4.714098888034402163e-02,4.336988917727482851e-02,4.823837130106588267e-02,2.682511955802331996e-02,2.689222910543303049e-02,-2.693459535041208431e-03,1.046823492116336768e-02,3.835333354640620140e-02,-1.047618963423384286e-02,-6.930446441698495316e-03,-4.622898365755683837e-03,7.367786794063199175e-03,-3.134923290767760960e-03,-1.406589082452896003e-02,9.337104074689862518e-03,2.609463544568780755e-02,2.892625235483871782e-03,-1.946746305907175525e-02,2.510898199028217207e-03,-1.559441196393693578e-03,8.458446934621352206e-03,9.616393814674438142e-03,1.141076861336151604e-02,1.228136324898176750e-02,-2.862532756714655877e-03,-6.418437887569644878e-05,2.953746308658667784e-03,-1.975935827618600232e-02,6.082708662634855011e-03,-9.106280796074640903e-04,2.821370059495424774e-03,-3.828121276857696792e-02,-1.056974493225636483e-02,4.510461052241418987e-03,1.235730125720978928e-02,-1.368712146911402368e-02,6.814582510207317818e-03,9.623116377240059638e-03
1.639382550272697192e-01,2.073505619247585363e-01,2.573726375026982871e-01,4.844556111270248988e-01,4.174813142733269089e-01,2.901077492686820469e-01,6.920672551580977494e-01,2.690702620997734718e-01,3.545229054820805414e-01,1.000000000000000000e+00,4.296896832127602983e-01,4.203776124833841776e-01,5.747663468790872310e-01,3.509833048639520725e-01,3.442264499042526626e-01,-9.799347728152957293e-02,3.726929343804411682e-02,2.395970904123741752e-01,8.779007597794005746e-02,7.880566966672888918e-02,4.229850582929482739e-03,1.064714255100971674e-01,7.676369244041192363e-02,6.258322427352629169e-02,8.242501040051201239e-03,9.259512411384905606e-02,9.246758546258239397e-02,2.841668850352893974e-02,9.077641855897319867e-02,5.313199065036280921e-02,5.410419202483168072e-02,8.147156488479717629e-02,4.316993248134057271e-02,4.939350978396234854e-02,6.367196642189908162e-02,7.471369504168641484e-02,2.098828186427522530e-02,-7.655527230462963462e-03,-7.423787769335494884e-03,1.361521135658244966e-02,-2.532229346769972189e-02,-3.477132183678666860e-02,4.163999958449480371e-02,4.054169004727393305e-02,1.866873710142071680e-02,-1.045034587852431383e-02,2.685076760317821332e-02,1.092964626250838775e-02,3.590111810266836956e-02,1.214511559457877830e-02,2.367745004128174457e-02,6.075124901264320615e-02,1.835163644627856028e-02,5.959810192071551653e-03,8.341562514087711919e-03,1.079071874742689244e-02,-1.716380124456519081e-03,4.259041482446046523e-02,-1.108837831919022923e-02,1.613232016154585299e-03,8.889262459253539916e-03,6.213553465500824650e-03,2.262016916374753189e-02,1.172395387106999268e-02,1.860226705111767825e-02,-1.392346066502417844e-02
1.145978087557248531e-01,1.420891877559490035e-01,2.005884742336122573e-01,2.720415085797530663e-01,3.314268729815145753e-01,3.080649864270624261e-01,4.328854077101430553e-01,4.263658967813167555e-01,3.362444093764115904e-01,4.296896832127602983e-01,1.000000000000000000e+00,3.764099324896566512e-01,3.993875254084032211e-01,6.476304090408016023e-01,1.890516293823664706e-01,-1.376958831666796612e-01,2.696344589053286112e-01,2.926653768013441348e-01,1.229486499732456162e-01,1.191876627329486321e-01,-1.315738841699218113e-02,1.213417960331916595e-01,3.448377587025407837e-02,9.722987252287132801e-03,9.582096250074240845e-03,7.683359107276521716e-02,1.128272679739152212e-01,5.417880947985096590e-02,1.045516903555467197e-01,8.784290172711538280e-02,7.280455500794653922e-02,7.608331270925239309e-02,6.495123763228474734e-02,2.792009257205892159e-02,4.632888279174006418e-02,7.364723227710404108e-02,3.084062517646155369e-02,-1.181145894620230785e-02,6.619346615857238381e-03,3.295466331326202258e-02,-1.997814064372476633e-02,-4.411028985559813098e-02,2.401773744421748652e-02,3.567589404028807115e-02,2.253322719064992236e-02,-3.320555997873436693e-02,-1.178262406633438092e-02,2.502600709153126116e-02,2.003150040827464742e-02,-1.061995863185121597e-02,2.341686872335772829e-02,4.405385808975466333e-02,1.505685093792904182e-02,-3.929990024059579375e-03,3.815666393833510184e-03,3.490026692328040189e-03,-1.888436922759693937e-02,1.460398231082416128e-02,8.070222096363875372e-03,1.126266749280005648e-02,1.093778312092773784e-02,5.255896959176276084e-03,2.006698084911989061e-02,8.148807474924055910e-03,9.931570034785701037e-03,-3.063373063989113364e-03
8.222195860576732296e-02,7.898580279509721802e-02,1.194336267814062602e-01,2.503039606460302768e-01,1.422357805843401379e-01,2.085318990811494411e-01,2.973293136993387376e-01,1.236331506449823703e-01,3.483189726813172293e-01,4.203776124833841776e-01,3.764099324896566512e-01,1.000000000000000000e+00,4.056581073364520229e-01,3.201819088825104687e-01,5.860415444881352798e-01,6.279540397054950152e-02,6.308202066087897908e-02,2.845836452048385312e-01,1.790941670090600291e-01,1.706445822109367016e-01,4.934454001762283992e-02,1.616771656522968670e-01,4.443339955009701497e-02,6.056916960071627963e-03,-4.836760467824426785e-02,4.649045684813403467e-02,7.976989482989645108e-02,3.432432962315772745e-02,7.969892966042856075e-02,7.331934013499416536e-02,5.850487057707386834e-02,7.577227831493327237e-02,6.138559887888378475e-02,1.318004597472567825e-02,5.564529736562708051e-02,9.741648206163225354e-02,4.843100380417375561e-02,-3.295187516766284741e-02,6.450966545378978775e-03,1.135960338604049408e-02,-9.223934006866330026e-03,-2.778874563084499788e-02,7.554529373219921913e-03,6.707569869881874897e-03,1.221794677838532878e-02,-8.521226806154016606e-03,8.299450474980946818e-03,-8.894656692886882335e-03,-1.958101573516330546e-02,-2.549926311949732294e-02,-3.275150954772274720e-02,1.621380434109395349e-02,-1.903171571677273952e-02,-2.539926642503332471e-02,1.263268355618249288e-02,2.916761995199702081e-03,-7.799596490818667776e-05,2.314676302521852247e-02,3.680892001276457950e-03,-3.024734176878053973e-02,-1.341983010927076496e-02,-6.668503573828712082e-04,1.664771552403768173e-02,-2.657019524453339485e-02,4.709499248281017077e-03,-1.627970579548110655e-02
1.114869605579696804e-01,1.565117781938911434e-01,1.856681338312623775e-01,3.384275366254129724e-01,3.379322340431933913e-01,1.942968416677403609e-01,5.003548957657135698e-01,1.918813701722547616e-01,1.915528161708265620e-01,5.747663468790872310e-01,3.993875254084032211e-01,4.056581073364520229e-01,1.000000000000000000e+00,3.600586748615764443e-01,4.830665497735777136e-01,-1.831749290484092629e-01,-7.655150031937164867e-02,2.453576802754261210e-01,4.678971859602348154e-02,4.226505364016330812e-02,-2.363265107492235756e-02,8.069515085566804358e-02,9.928543871961256762e-02,8.382416678574437785e-02,9.972020044785600851e-04,1.203324982787621344e-01,9.476955863271499525e-02,2.125266680624336019e-02,1.114939486324892093e-01,6.075609497681771359e-02,6.185705855810484655e-02,9.835639799773271408e-02,4.360180157614814561e-02,4.417096817714593476e-02,7.670728204709398312e-02,7.999710779046173559e-02,4.009667146571509189e-02,-1.514594108173657021e-02,2.064250862771347967e-03,1.136054577056844379e-02,-2.345740142966104558e-02,-1.965241447746599382e-02,4.724476621354480738e-02,5.675011176226570780e-02,6.073845111377095679e-02,1.133020958398223317e-02,4.771791523875039409e-02,4.198988854813268806e-02,5.031641422672417097e-02,2.529001630093867178e-02,4.611478750037965174e-02,8.262064059745688471e-02,3.545221843842146642e-02,1.176520404804943555e-02,2.882927649641647827e-02,2.709828914937961394e-02,-1.441401039113942087e-02,3.540146184952246838e-02,-1.316216631811932200e-02,2.008997090718390912e-03,7.427206494534718297e-03,-1.120374401743114146e-02,2.616126931167512062e-02,1.612214351237884619e-02,2.140717646171056907e-02,-1.433025236767807194e-02
9.244932299578048629e-02,1.161297020177573386e-01,1.653671157024366178e-01,2.206440746211565385e-01,2.686403849214001882e-01,2.602963466212179222e-01,3.468724422488811410e-01,3.467875426486183854e-01,2.876648893823204323e-01,3.509833048639520725e-01,6.476304090408016023e-01,3.201819088825104687e-01,3.600586748615764443e-01,1.000000000000000000e+00,1.424451764700135625e-01,-1.803963681124465812e-01,3.826442888860919767e-01,3.294673545779136514e-01,1.329615432761478144e-01,1.267586096251941130e-01,-7.580601154479869614e-04,1.060214997892301447e-01,-1.135433263888997171e-03,-3.209801098630121752e-02,-1.035794679641609522e-03,4.881599908410706734e-02,1.088900111403448140e-01,5.126423641257992631e-02,7.306569290890167767e-02,8.304475837665116489e-02,6.449315839652301763e-02,5.220480114700859486e-02,6.450454207664652051e-02,3.219599359118251181e-02,4.156144105026095270e-02,5.346122730422689373e-02,2.270372079738560214e-02,-1.715158621017294494e-02,-1.339771631919286230e-03,2.063137701646891586e-02,-2.715215984573839114e-02,-2.894347076793824317e-02,3.201719043521277647e-02,5.659696260063429990e-02,3.736868974693295653e-02,-2.448029684365516517e-02,4.763668003137555194e-04,2.828594664157638508e-02,1.695562065664580828e-02,-4.114495746466400976e-03,2.349178348737203728e-02,3.569612066443235421e-02,1.806731398335444452e-02,1.687536515714522850e-04,-2.089659077099870112e-03,1.676306500123723488e-03,-4.440762860232507631e-02,-2.444737467033122891e-03,-3.127998758182946897e-05,1.490807587128029424e-02,1.751497798326813113e-02,5.529676007141427936e-03,2.309492279553026703e-02,5.042901028951406184e-03,1.790395154534910743e-02,-3.068636522844316906e-03
5.954143742038445208e-02,5.666847361663485128e-02,9.626933434661327782e-02,2.061594121769453891e-01,1.136174661152883764e-01,1.450930646099102272e-01,2.413493737785017967e-01,3.606970362221488535e-02,2.185104332032264673e-01,3.442264499042526626e-01,1.890516293823664706e-01,5.860415444881352798e-01,4.830665497735777136e-01,1.424451764700135625e-01,1.000000000000000000e+00,8.743534840835762156e-02,-1.359584231042894886e-01,2.157597761094482425e-01,1.372848329316578297e-01,1.280822126805559180e-01,4.338922824424723546e-02,1.154224369422751639e-01,4.010671668560140957e-02,2.305544199755952747e-02,-4.164626091766814725e-02,5.575886796487452418e-02,6.219238637677091536e-02,8.821173766974230515e-03,7.866778871272180063e-02,5.231272087059033599e-02,4.344707425060577444e-02,8.317717127461340954e-02,4.057796385597293304e-02,2.912835933009059672e-02,6.791951674354143598e-02,8.900165109182059386e-02,5.185665282693906891e-02,-3.800760384634283701e-02,1.666088277406049117e-02,2.408074923242742651e-02,8.542716659616282279e-03,5.810124137777024009e-03,1.542795514889002892e-02,2.152816454982297775e-02,4.679793512243860670e-02,3.206109601657809727e-02,4.060520642450914097e-02,2.262597951822482856e-02,-1.060177353243435538e-02,2.845151254031682599e-03,-9.554362974845284628e-03,2.090443073904603433e-02,-3.752326636835727654e-03,-1.343433752406927514e-02,2.075725350270775371e-02,4.308869832102661841e-03,-9.657282995175289070e-03,1.533070296972471880e-02,-9.105997678782690868e-03,-2.951789169863594520e-02,-2.214518464548601712e-02,-7.616834590456605762e-03,1.289872495079963551e-02,-2.134386223899209858e-02,1.209477246959982620e-02,-1.478897895595868324e-02
-9.423102888847527739e-03,-4.206525177088914214e-02,-3.695425283024600382e-02,-4.749288567977510284e-02,-9.141734267568606132e-02,-2.016021449721831782e-02,-1.113797641770946228e-01,-7.293844474439847847e-02,7.827544697455788084e-03,-9.799347728152957293e-02,-1.376958831666796612e-01,6.279540397054950152e-02,-1.831749290484092629e-01,-1.803963681124465812e-01,8.743534840835762156e-02,1.000000000000000000e+00,1.541696679588940022e-01,1.165018461843557174e-01,2.021740710250914397e-01,1.644303049265001815e-01,3.968152794744974482e-02,9.570436817123248452e-02,-3.671637272144781527e-02,-2.856652390482694939e-02,-2.465563625265106140e-02,-6.127771622707361976e-02,-2.289337517086716470e-02,-3.213571610105762488e-03,-1.131862014489158543e-03,7.240476452960176341e-03,1.331697065767823394e-02,7.373108362580008297e-03,7.836567781778496986e-03,-2.199664914720748845e-03,7.507390054279586104e-03,2.722962736200995951e-02,3.415352763008851905e-02,-6.105427289632810650e-04,2.274357224656857121e-02,4.415180851275841978e-02,3.950447217862024241e-02,3.312068250676036135e-02,-2.902403247973037517e-02,-2.253073400472440854e-02,4.366765739854410258e-03,3.292993003985083406e-02,2.160902054243445461e-02,5.976867012800148385e-03,3.214556433756705217e-02,1.770309964209899542e-02,-1.323146929696472282e-02,1.807853537852813610e-03,6.529422379423552476e-03,7.856557705342137252e-03,4.151636118352727833e-02,2.008918741671892813e-02,-7.384119985777570436e-03,-1.373518876329059279e-02,2.168892799638874602e-02,-1.998521551997679488e-02,-1.992425627588400097e-02,-6.248210305459563595e-03,-2.446674320311302553e-02,-3.968724377828367761e-02,-1.840267188368655341e-02,-2.304771219988402745e-02
7.203695444414427544e-03,8.865514962065315988e-03,1.663282002715446573e-02,3.117800295679463290e-02,5.875214339168705752e-02,9.677764644287104034e-02,4.810050183072049623e-02,1.428007662821630663e-01,1.312690177251319423e-01,3.726929343804411682e-02,2.696344589053286112e-01,6.308202066087897908e-02,-7.655150031937164867e-02,3.826442888860919767e-01,-1.359584231042894886e-01,1.541696679588940022e-01,1.000000000000000000e+00,2.054009975674533639e-01,2.145500450549029658e-01,2.068302721052621973e-01,1.391840248797894530e-02,1.066253764369523294e-01,-7.891191513182636841e-02,-7.178673516440903235e-02,2.902055051765278088e-02,-3.603818452242991965e-02,3.847777006090846025e-02,4.946815179574968330e-02,1.361956415381133240e-02,2.783458376080610516e-02,5.295593145703788446e-02,8.430850369974375938e-03,6.048841203412202994e-03,-1.131580037183572626e-02,-2.555187597769585303e-02,-1.871865161232568256e-02,-1.929701048438135433e-02,5.511035806173306996e-03,-2.118217786653809123e-02,-6.559646470914918745e-03,-2.643120771907146033e-02,-4.426879285261589581e-02,-1.363508924344181139e-02,-1.059335765192191865e-02,-3.096768940549394361e-02,-3.243479350670110117e-02,-1.398545067410227917e-02,-2.690231713588657828e-02,-7.500443143818440531e-03,-2.228645337465494369e-02,-1.370456021032439610e-02,-8.525909383397830762e-03,2.576911939661005995e-03,2.217765495660947250e-04,1.435406320889902679e-02,1.494662445330064739e-02,-1.075889033544161211e-02,3.365401217793288248e-03,2.605964434601766924e-02,2.396920887051361485e-02,1.384276230223965669e-02,-1.069099966040929633e-02,-1.092218605142274666e-02,-3.573055719159052949e-03,1.752966164000926627e-02,9.356080874301024933e-03
7.317684090719875356e-02,8.897841675417463014e-02,1.101114325252024739e-01,1.607220444892153155e-01,1.454902710209839134e-01,1.594100881079652809e-01,2.150854625874676629e-01,1.427951679201401314e-01,1.762070480353867541e-01,2.395970904123741752e-01,2.926653768013441348e-01,2.845836452048385312e-01,2.453576802754261210e-01,3.294673545779136514e-01,2.157597761094482425e-01,1.165018461843557174e-01,2.054009975674533639e-01,1.000000000000000000e+00,3.311398744709707631e-01,2.873016546400114501e-01,6.636391575323365155e-02,2.049187950294895921e-01,-2.155024162720896308e-02,-6.000121617781167815e-02,-1.166519808385390322e-01,-6.135061998603183464e-03,3.057080455572868533e-02,-6.924282198800753340e-04,5.309636139939250682e-02,1.713394580535879813e-02,9.032657460627363868e-03,4.418761154800112528e-02,1.422512024424077469e-03,-3.934553367061017354e-03,8.319968391013033218e-03,3.222305337756069948e-02,-8.425162717167913526e-03,3.353662039566417509e-04,1.529509838516964490e-03,4.310920871752017824e-02,3.655174619807842820e-03,3.444633215573474766e-02,4.582653176789715233e-02,5.408406284089121996e-02,7.476739125607086145e-02,5.421719455666247633e-02,3.474188468405608327e-02,6.477529419278718614e-02,5.459416735415341393e-02,2.973944532735679422e-02,4.886893977507626025e-02,5.745590937322974517e-02,4.779448725300954048e-02,4.382497115845743543e-03,-6.095523490058638895e-03,2.219096235403186790e-02,-2.148698816069593079e-02,1.106784135469690393e-02,5.502553944354287782e-03,2.287336337896278288e-03,9.632679856985024505e-03,-2.007747179541923693e-03,-2.781791201309712774e-02,-1.865689510408385932e-02,-2.897980008607521640e-02,-2.106116307993345302e-02
1.697276097473213521e-02,3.890721837548907075e-02,3.606998583482341758e-02,5.258670826954289779e-02,3.611998498644942990e-02,5.381154845109304558e-02,7.281290774969592650e-02,4.085604437682033296e-02,8.546588428147121330e-02,8.779007597794005746e-02,1.229486499732456162e-01,1.790941670090600291e-01,4.678971859602348154e-02,1.329615432761478144e-01,1.372848329316578297e-01,2.021740710250914397e-01,2.145500450549029658e-01,3.311398744709707631e-01,1.000000000000000000e+00,7.296595681021282864e-01,8.810474566802911633e-02,5.283520047366873085e-01,-3.453165952768205010e-02,-9.738398628187983075e-02,-1.035150836598692226e-01,-4.666924813099623814e-02,8.057700575307594204e-02,6.801351925834135670e-02,9.066936248835116841e-02,1.335645082322742538e-01,8.030670856444420413e-02,9.531604897620303551e-02,1.105405337638563495e-01,9.001269052060867012e-03,-1.710398060483239030e-02,9.866777565048814869e-02,8.307275297531617475e-02,-2.375912295942458896e-02,4.061920451160553475e-02,5.128412141324497492e-02,3.424839418689223924e-02,6.513803444903455697e-02,3.217748544541551570e-02,3.787314972133297430e-02,1.234025953720481981e-02,3.452236727133538990e-02,1.946511241976862580e-02,4.134277213677142390e-03,-3.397265291525578424e-03,-1.973855655382655838e-02,-1.428100519321881708e-02,-3.269906696858007871e-03,-4.714571857250628856e-03,-6.260249701329868377e-04,-2.694070046224097265e-02,1.764276763939538056e-02,-9.456694917623870850e-03,9.799450712334735816e-03,3.120500722739511651e-02,3.566396110875010017e-02,9.832920817733976221e-03,7.798631575655198302e-03,-1.317764681091859215e-02,-5.004691002257660769e-04,-1.898966473711126771e-02,-5.947663098264025124e-03
1.409077194974582212e-02,2.644109020052823680e-02,3.110022000843715509e-02,4.837402964614967438e-02,3.049611491305156963e-02,5.018813618532446535e-02,6.002703878352438210e-02,4.125068627348593003e-02,7.712676104560005352e-02,7.880566966672888918e-02,1.191876627329486321e-01,1.706445822109367016e-01,4.226505364016330812e-02,1.267586096251941130e-01,1.280822126805559180e-01,1.644303049265001815e-01,2.068302721052621973e-01,2.873016546400114501e-01,7.296595681021282864e-01,1.000000000000000000e+00,4.241688097314125910e-02,6.589020634167561674e-01,1.715229397407913928e-02,-6.734576193410629630e-02,-8.787543351763490995e-02,-1.563238172686626584e-02,1.116385115687642399e-01,9.639417264866036172e-02,1.239679679803628726e-01,1.492253564040943448e-01,1.116013811859805915e-01,1.146947548746063417e-01,1.151141679335288687e-01,-1.354544778119485746e-02,-8.528942450470977654e-03,1.110305556085215278e-01,9.916916010010136395e-02,-2.918717403319427001e-02,4.123047480217954114e-02,4.783436883343211710e-02,4.746896703593342370e-02,6.484237371658249649e-02,2.731612519219331348e-02,3.836794774566006788e-02,1.623028148060185610e-02,4.062303528545022080e-02,1.169517145110954455e-02,8.279642198597676750e-03,-8.810502501189327457e-03,-3.617200374115967648e-02,-3.318292790695361733e-02,-8.539177224662845844e-03,-1.868246711660919920e-02,-3.352839815661974848e-03,-2.605607391969411504e-02,2.369644896839387740e-02,-5.894583033983231274e-03,1.731598048084229471e-02,3.822609378895665960e-02,3.759855338681196424e-02,5.449585086970099371e-03,-2.476949222749143774e-03,-1.855782493605733982e-02,-2.837219634679127595e-03,-2.128956433425222700e-02,-4.978136058024090933e-03
1.741772789622295439e-02,2.600448432947115654e-02,6.174209953918250761e-03,2.163710423786452744e-02,-5.571701057790354183e-03,1.787825924261788463e-02,-3.958651627708857645e-03,-1.631896645224956664e-03,4.602824291688036723e-02,4.229850582929482739e-03,-1.315738841699218113e-02,4.934454001762283992e-02,-2.363265107492235756e-02,-7.580601154479869614e-04,4.338922824424723546e-02,3.968152794744974482e-02,1.391840248797894530e-02,6.636391575323365155e-02,8.810474566802911633e-02,4.241688097314125910e-02,1.000000000000000000e+00,1.155793268191982748e-01,-1.765495691090644415e-01,-1.845525554505125232e-01,-1.336872893700614406e-01,-7.373720617459190996e-02,6.023727940953290533e-02,5.441229250950781887e-02,-2.875381613570170136e-02,5.205385798314693391e-02,1.719156382112748543e-02,-3.190724911984793577e-02,6.160206087273890907e-02,2.055097045245254245e-02,-1.206097936048656540e-02,3.702133485801699462e-03,1.102228261590534886e-02,-1.494718913302856694e-02,4.829867617446945301e-04,9.614406429240364427e-03,-1.039568775669700608e-02,-1.691293597953110947e-02,-5.046528321310305397e-03,-1.047687235353226588e-02,-3.574214986110528774e-03,-3.256581471950539819e-02,-3.803439333271736028e-02,-5.341019717946511071e-03,1.494382563403995855e-02,3.309225252895644370e-03,-2.487838781594090692e-02,2.187907025002813755e-02,-7.191860397506348807e-04,1.838147168738776815e-02,1.088019843650944209e-02,-4.064707586628818307e-03,2.043401418010610312e-03,2.130876534458054500e-02,-2.824167528016542292e-02,-2.286162756817822217e-02,-3.078114279993933097e-02,1.156119124780152080e-02,-1.337087524016898968e-02,-1.019029490655947237e-02,-1.711453873613550183e-02,-2.317482784987544308e-04
2.831614325555349351e-02,4.189475269203633834e-02,4.429558211834989240e-02,7.717968429600946534e-02,6.570746768832541607e-02,5.610923067146737081e-02,9.437934179184095940e-02,5.058956492667335963e-02,7.708871953580408165e-02,1.064714255100971674e-01,1.213417960331916595e-01,1.616771656522968670e-01,8.069515085566804358e-02,1.060214997892301447e-01,1.154224369422751639e-01,9.570436817123248452e-02,1.066253764369523294e-01,2.049187950294895921e-01,5.283520047366873085e-01,6.589020634167561674e-01,1.155793268191982748e-01,1.000000000000000000e+00,2.051356310989421450e-01,6.206110962245100365e-02,-6.789667954250734605e-02,9.818246496319887884e-02,1.914646319724576662e-01,1.378656384410493763e-01,2.213886228557105096e-01,2.118662800119795742e-01,1.706970773398820695e-01,1.886217302092993708e-01,1.489250626899935592e-01,-3.703589565238555453e-02,3.273074140153552081e-02,1.342657850653374840e-01,1.538967754172475833e-01,-6.427326442278251915e-03,7.747645866525515457e-02,7.191191908993800619e-02,4.613675183558690884e-02,5.652112645387338125e-02,3.150386635504565797e-02,4.237803130140215674e-02,1.565462967282576015e-02,3.670863479126348222e-02,4.235983843052382701e-03,9.573485889252150716e-03,-1.506643731281225203e-02,-3.773338241623720724e-02,-5.713730513601017469e-02,-2.251168875663729033e-03,-2.919239964835368753e-02,-2.592868521912464110e-03,-1.321565169313108391e-02,1.454457835681980185e-02,1.456200158771240281e-02,1.886821360796225519e-02,3.002693244218878135e-02,3.652163394733198148e-02,4.709867768094751390e-03,3.070540104039114638e-03,-1.535222299605818082e-02,1.725892565432089959e-03,-2.072941591473097603e-02,-3.023029757948566317e-03
1.023749954235920155e-02,6.063357574705299097e-03,1.864034339524501746e-02,4.725110079191611329e-02,4.945245914466369491e-02,1.100847475230649214e-02,7.119255289218433258e-02,1.425707245204192904e-02,2.721105666393957082e-03,7.676369244041192363e-02,3.448377587025407837e-02,4.443339955009701497e-02,9.928543871961256762e-02,-1.135433263888997171e-03,4.010671668560140957e-02,-3.671637272144781527e-02,-7.891191513182636841e-02,-2.155024162720896308e-02,-3.453165952768205010e-02,1.715229397407913928e-02,-1.765495691090644415e-01,2.051356310989421450e-01,1.000000000000000000e+00,5.138976326929658445e-01,1.795134433258760431e-02,4.271292726008223406e-01,1.779240585858908874e-01,1.479832075346067810e-01,3.005701059045738366e-01,1.243569729923047207e-01,1.812628022272450845e-01,2.284163685252889875e-01,5.078298913286134753e-02,-7.337933834762716545e-02,9.574969250198572812e-02,8.944689699950202078e-02,1.392626978014654127e-01,3.322625464683507529e-02,6.493563274685476561e-02,4.823669170210634349e-02,2.107214924337420456e-02,-5.074766988514059322e-03,7.314181550820567437e-03,1.527431278882002141e-02,-1.761173252810120660e-02,-3.474832388681863699e-02,3.971775695214001256e-03,-1.262903652574069203e-02,3.513055528736200826e-03,-3.216601411181779519e-03,-2.215113663661834320e-02,3.560957099246763596e-02,-1.363342371346820854e-02,-3.781704759613954518e-03,1.237395157060190536e-02,-2.934264522677434983e-03,5.722243419958371151e-03,8.568681345368488883e-03,3.307779501062853289e-02,8.274379760412543805e-03,1.287173313458835240e-02,-1.827693540310365919e-02,-1.859601454032062387e-03,8.088286836258310949e-03,6.567763383954621469e-03,-9.987388534795051814e-03
1.895963633820338303e-03,2.637957126221292768e-03,4.546586093990052750e-03,2.561438247030567092e-02,4.271138827990746817e-02,-7.497167623766891331e-03,5.299078400515018494e-02,4.576561224413928236e-04,-1.494132634437562654e-02,6.258322427352629169e-02,9.722987252287132801e-03,6.056916960071627963e-03,8.382416678574437785e-02,-3.209801098630121752e-02,2.305544199755952747e-02,-2.856652390482694939e-02,-7.178673516440903235e-02,-6.000121617781167815e-02,-9.738398628187983075e-02,-6.734576193410629630e-02,-1.845525554505125232e-01,6.206110962245100365e-02,5.138976326929658445e-01,1.000000000000000000e+00,4.018642795411896396e-01,4.878926764314807096e-01,1.909001411220580535e-01,1.250526445394073982e-01,2.694622614714680675e-01,1.023417751664550679e-01,1.313650004351460399e-01,2.045642331698741267e-01,3.151314745963926939e-02,-1.216996920704015335e-02,1.090386409166156090e-01,6.988231996920035716e-02,9.316509359265547074e-02,1.592977282302212444e-02,4.605943940221061267e-02,5.558792239898920073e-02,2.595637576019541384e-02,-2.156883438292442768e-03,1.246467515344836137e-02,9.910585794332417084e-03,-6.481882409235900817e-03,-1.742230605108986002e-02,2.226871484809317056e-02,-5.913395364315018367e-03,8.870562896063109368e-03,1.804429629455848311e-02,2.244502051178625876e-02,5.611280896682430130e-02,2.831202394447488932e-02,1.941223824268575524e-02,4.159949450281155009e-02,2.790335418541048038e-02,1.015800047045813462e-02,1.053841767998816778e-02,2.060440425763902447e-02,9.878947126340319185e-03,2.970592151274947107e-02,-2.204168006111641501e-02,-4.373335475964718055e-03,6.083813797482049562e-03,2.229816535986093445e-02,-5.587726946125905376e-03
