1.000000000000000000e+00,1.402063298244438927e-01,-3.164085100943572759e-02,6.280159251586184821e-01,4.971306176128766352e-01,-9.437947760019099741e-02,7.505121033932758701e-02,-3.478484311429315134e-01,1.532970926775353293e-01,4.567666203143163628e-01,3.137266718143758015e-01,3.264175870220598075e-01,5.879861890492649179e-01,4.621239388972002704e-01,3.104087240733392483e-01,5.907147262206940280e-02,6.060228135543639372e-01,-6.627195117027118165e-02,-6.925626460668256046e-01,1.671876129548014733e-01,2.340917211615330951e-01,-5.860978470487634429e-01,-3.266045525221044632e-01,3.802898098900428514e-01,-4.578788379261064523e-02,-6.042761699190092317e-01,1.073998871595849836e-01,4.589189126498889326e-01,1.440836746698041793e-01,1.691958093448580891e-01,7.061118899241404512e-02,-3.491717200998878390e-01,-3.425218137376379590e-01,4.412710111870670748e-01,7.078370192360852187e-01,5.397629459289378095e-01,-3.143734516350152886e-01,2.344428553549539329e-01,7.652053847454897140e-01,1.892443009726257064e-01,-2.609464397240306432e-01,5.230591583391915877e-01,5.982569981963430372e-01,-1.462142146545491739e-01,-5.888750606260756415e-01,-2.444249361776907048e-01,3.763829897224136439e-02,-2.239844374106308988e-01,-2.036032998784832303e-03,-4.541434864823507556e-01,-4.113716039140185021e-01,-5.430490802661914751e-01,-5.849325804048031152e-01,-1.091847619140973585e-01,3.366497041353120334e-01,-3.279166798326585419e-01,9.848582082592162446e-02,3.338362345775464646e-01,-5.979898520928278449e-02,-1.660190178062551924e-01,-7.444026131322690754e-01,-2.944567141570038626e-01,-5.654367532566615395e-01,-6.147838848368628595e-01,-4.254955473594565496e-01,-4.819671303855557754e-02,-4.107585495694152655e-01,-5.145978543279999817e-01,-4.776272168456529577e-01,-3.826241230739896859e-01,-3.177921821674646874e-01,-6.823336683625512711e-01,-4.159419782659596887e-01,1.384874614129505688e-01,-5.109570860650602953e-01,-2.993314043146035330e-01,-3.083326423791786230e-01,-2.878420500508322433e-01
1.402063298244438927e-01,1.000000000000000000e+00,3.582730689402228302e-02,-5.796420387996973345e-01,5.220198552793806623e-01,7.416460936609238219e-01,8.662189089284189070e-02,4.440042866444606773e-01,2.344986925834518787e-01,1.638970569416728085e-01,-4.121809460044827400e-01,1.664401848635403136e-01,-2.989623457344426152e-02,2.881942646991333401e-01,1.952356480117539705e-01,7.996383484861122604e-01,5.323932121758324643e-01,5.076575606403049834e-01,-1.510817386212361946e-01,5.395508769884396205e-01,6.044864983385761503e-01,-1.629239218384634716e-02,7.212152768394791691e-02,5.844629981802681451e-01,2.491999962861632945e-01,-6.272111528863087704e-02,4.651109178992969828e-01,3.749638048878872199e-01,3.485444439220746204e-01,8.596616782845264426e-01,2.207838425128273163e-01,4.043718280015528577e-01,-1.037313501351391082e-01,6.091815026848237391e-01,-1.291738907445562357e-01,6.525102383398007078e-01,6.065400417074753303e-01,-4.111627726102176084e-01,-8.266695801414684908e-02,8.196735170574817042e-01,6.443479651120434526e-02,-5.382266624572723535e-01,4.736510250566003388e-01,6.926160202558212520e-01,3.305122054041573221e-01,5.894656442497709925e-01,5.026613596821333241e-01,3.586104772616531822e-01,2.863175108519335210e-01,3.434789318344180220e-01,-2.145300880261767629e-01,-1.698801569854793136e-01,-3.308486083295106295e-01,-4.291189626872300433e-01,-3.917776739846072220e-01,-2.061932881294522568e-01,-1.278266331679924483e-01,-2.160698918715464323e-01,-3.604798106908741473e-01,-1.047295303185578202e-01,-1.408136281722500993e-01,-6.543026968510599062e-01,-4.851358694236453384e-01,-8.360507720180555824e-02,4.385916756273211536e-01,-1.854176265702933979e-01,-3.020550725178528517e-01,1.248134896914560726e-01,-3.280131571109667216e-02,-4.740051520223981796e-01,2.319117397555765236e-01,2.717213070397931918e-01,-6.555683287226582445e-01,-3.216294031788958230e-01,-4.919455485204040635e-01,-4.682926442780736553e-01,-2.754313137718032364e-02,-1.704265601366789229e-01
-3.164085100943572759e-02,3.582730689402228302e-02,1.000000000000000000e+00,2.901475063882190050e-02,-5.787194713890692066e-01,5.293501387338183095e-01,7.516321688284882674e-01,3.655201430101582272e-01,3.305834704065573892e-01,2.734715199148454734e-01,4.909874285778423886e-01,4.945678261375592299e-01,-7.020906360487195151e-03,2.008892095662448141e-01,-7.092438822732249903e-01,4.881431914097972280e-02,2.262715496990934660e-01,6.895178853880995495e-01,3.365475752583426683e-01,6.969919688790451318e-01,-4.708249605878291888e-01,-4.431675295059049335e-01,7.781802967977086150e-01,1.970666549308066617e-01,-7.989690508365107080e-01,1.203325678858412212e-01,7.256257313899922012e-01,-2.250946663035499062e-01,-7.807057999768388656e-01,-3.863707825643922927e-02,-8.109304399375788508e-01,-4.364787036977492707e-01,-6.417366765466921974e-01,-4.403698089294847962e-01,-4.866011388351749178e-01,-3.204168995629529393e-01,5.374847843376836520e-01,7.076621380772518677e-01,-3.591656935108292203e-01,-4.543679611678840685e-02,8.571137124889077752e-01,1.629433963366478666e-01,-4.210430557834384246e-01,4.421829592381256169e-01,4.685568479941775721e-01,3.729972279988520989e-01,1.974448896024887379e-01,-4.626146258556941837e-01,-5.983199190730433825e-01,-3.555026195851410109e-01,-3.842311618145844432e-01,-5.217354341427585807e-01,-3.183595968886109712e-02,-6.173938850011890800e-01,3.079317436400684782e-01,5.437884029431533373e-01,7.996613326839238090e-01,4.448770626403776851e-01,4.492108155965350291e-01,4.796364647389371183e-01,1.332088497168958108e-01,3.136169162158794488e-01,1.652608985882979553e-01,2.594460624705134388e-01,-2.122031330804142468e-01,-5.429214570809519635e-01,1.137416924647311062e-01,5.102437152869624543e-02,-4.379715313608222860e-01,8.901586638684376440e-02,2.271205274271816676e-01,-5.235460543023256336e-02,6.936935430801771836e-03,7.024840237928607900e-01,2.184595614320956891e-01,-5.484638257325327171e-01,-4.256305881650604417e-01,-3.249096013613325673e-01
6.280159251586184821e-01,-5.796420387996973345e-01,2.901475063882190050e-02,1.000000000000000000e+00,3.508968099639072497e-02,-5.314244941739165728e-01,4.144844596936903686e-02,-5.234755107950138653e-01,-3.308744394887086493e-02,2.760730457635542923e-01,5.579487664066520303e-01,1.839563068445411176e-01,4.927408480271893154e-01,2.550048372065946145e-01,8.564130468863435930e-02,-4.802035762383562445e-01,1.619480327213700110e-01,-3.187626290445746968e-01,-4.579395857784421264e-01,-1.906068844521161820e-01,-2.693687855829987599e-01,-5.336151733593751390e-01,-2.816141007313884836e-01,-6.493290586843099288e-02,-2.883274804412792602e-01,-4.836563183174124592e-01,-1.734014815078214478e-01,1.255492456980011606e-01,-1.929159105801623586e-01,-4.666594701321830629e-01,-1.667483345561348862e-01,-6.005519388678662862e-01,-2.608871578266595548e-01,-1.089855311278770111e-01,6.029214074157654979e-01,-2.908300282024446973e-02,-6.231570594149541398e-01,5.431956442971105359e-01,6.504307842270110607e-01,-3.913241041663892417e-01,-1.640100098815319984e-01,8.205699431715465231e-01,1.371369733609766606e-01,-5.405443720053990653e-01,-6.552505077557411184e-01,-5.165638127966504234e-01,-3.598602165552693966e-01,-4.821293831597586732e-01,-2.389510800006696689e-01,-6.601976211401006100e-01,-2.495666022092307978e-01,-4.043889293825652653e-01,-2.733185852653075565e-01,2.017354528626112975e-01,6.187697995676891827e-01,-9.452644766186289738e-02,2.400580479029447156e-01,5.142560855554654253e-01,2.562998374112915867e-01,-2.800180404943519719e-02,-4.740231297717708014e-01,2.416481100558438289e-01,-7.210567072390323962e-02,-4.610506003755605597e-01,-6.202089755427960815e-01,1.597619468760447985e-03,-2.093128490626202654e-01,-4.820307934192522015e-01,-3.725634171564179975e-01,3.973653224026295339e-02,-4.968444968037357690e-01,-7.386573298377777652e-01,1.301210131903392242e-01,4.177306764107930892e-01,-6.228410495214815185e-02,5.190731749269963946e-02,-2.200420356128311994e-01,-1.459092236783422758e-01
4.971306176128766352e-01,5.220198552793806623e-01,-5.787194713890692066e-01,3.508968099639072497e-02,1.000000000000000000e+00,6.229873583051747515e-02,-3.852598155208187269e-01,-5.595868160652642254e-02,-6.221868021344798688e-02,1.152711423872592733e-01,-4.009285749231845664e-01,-9.568761264308038583e-02,1.985163148245459031e-01,2.733577264514954752e-01,7.051486789964926949e-01,4.476417825827518904e-01,4.663538447051218672e-01,-1.755259039140140143e-01,-6.367335532823051869e-01,-7.272631257056620668e-02,6.840261190964621596e-01,-4.004262241006837503e-02,-5.704888195319217647e-01,3.660665016793518411e-01,5.614415440941736835e-01,-4.193535856614878932e-01,-1.308870539109825704e-01,5.671165617710829387e-01,7.341061056923717798e-01,5.382790658907701253e-01,6.850731271122368904e-01,3.226372268029301660e-01,1.767687097553602149e-01,8.128247319280266225e-01,5.707036315363249734e-01,8.347488477829968501e-01,-1.651885974988674399e-01,-5.072989146365733948e-01,5.745331103108158866e-01,5.876176742045008394e-01,-6.179621735875316935e-01,-1.162396581611347818e-01,8.420332274325076360e-01,3.706927670157475485e-02,-4.109067016328581956e-01,6.232270679970799976e-02,8.442391356419028103e-02,3.338757091964053014e-01,6.500920252629741602e-01,2.497760834822454201e-01,-1.102554412375753717e-01,-1.267952725072159226e-01,-4.855913550722348870e-01,1.294424995652178889e-01,-1.229533782010958642e-01,-6.098274733101868295e-01,-4.711785525652993356e-01,-1.696761659922466636e-01,-4.912158977834206186e-01,-5.317360797474169898e-01,-5.563570889103633954e-01,-7.031021840444292570e-01,-6.302916160650423594e-01,-5.687861631219569558e-01,2.341811453886606664e-01,2.299014342191736393e-01,-5.539421150821007833e-01,-3.004660072467100762e-01,2.867332783621883222e-02,-4.226623262876152420e-01,-2.935460923175873260e-01,-1.905767136278235518e-01,-6.000959372587236773e-01,-5.028791406074253345e-01,-6.203440296541626875e-01,-7.162466104984224757e-02,9.238058973077850622e-02,-7.221271104544448038e-02
-9.437947760019099741e-02,7.416460936609238219e-01,5.293501387338183095e-01,-5.314244941739165728e-01,6.229873583051747515e-02,1.000000000000000000e+00,5.396013107522557029e-01,7.371734223186381385e-01,3.544292186487368324e-01,2.675158952676517932e-01,-1.013537774717929857e-01,4.093913411607667530e-01,-1.065564402595786664e-01,3.833338494688844911e-01,-2.450513048963542939e-01,6.796449243636616400e-01,5.011057274063664968e-01,8.123498905094690414e-01,1.000342159864028718e-01,7.114514588511084980e-01,2.497235303227014758e-01,-2.159404766322169100e-01,4.959873069541050339e-01,6.101251808051258996e-01,-1.904640085055629151e-01,6.573093488033902691e-03,7.761522289448631318e-01,2.275289376629620886e-01,-1.718592371008641484e-01,5.953451804826480620e-01,-2.713942700736917679e-01,1.369675579039834057e-01,-4.295551842702955425e-01,2.043553461010563510e-01,-5.132803745275803520e-01,2.969153170745955639e-01,8.401587089882837089e-01,8.191380480755025909e-03,-3.746568064937614850e-01,6.648944438443303850e-01,5.322619821289800157e-01,-4.364886491547181335e-01,1.246057821839649110e-01,8.491306161636105188e-01,6.148090966513997113e-01,7.951784043187840600e-01,5.138092770968439860e-01,7.848622055358349392e-02,-3.456016542241815981e-02,1.876260343057819802e-01,-4.238445564263714771e-01,-3.459731529267848216e-01,-2.254920319641964266e-01,-6.157057768873647197e-01,-1.677919509217583593e-01,1.200397531520183136e-01,3.025998313540090856e-01,6.009638012599934770e-02,-8.662450172330526943e-02,2.423234497580876445e-01,8.364594122327299874e-02,-3.261189416967165688e-01,-1.710745833490125989e-01,2.049165362563712678e-01,3.791447577251134127e-01,-4.970799281613209608e-01,-2.148052479736378417e-01,2.902486188881349682e-01,-1.204036898559093932e-01,-3.184534784674836194e-01,2.556091265163203397e-01,3.689387043891682594e-01,-4.654465536905137424e-01,1.063437692510679766e-01,-1.927234869810483253e-01,-5.601291310895694098e-01,-1.880552302700044809e-01,-1.595653927310087539e-01
7.505121033932758701e-02,8.662189089284189070e-02,7.516321688284882674e-01,4.144844596936903686e-02,-3.852598155208187269e-01,5.396013107522557029e-01,1.000000000000000000e+00,5.553227371363990139e-01,6.833824875194297599e-01,5.734799087606885504e-01,4.711538171599334857e-01,7.905235147635676363e-01,4.747149805059650701e-02,3.971874471180123489e-01,-5.604508516943703667e-01,2.321908957465439460e-01,3.683292152681658660e-01,6.709732666966577996e-01,1.382382642690515862e-01,6.714947454977117092e-01,-1.259347336223547442e-01,-4.995734181362647131e-01,6.506733356635937549e-01,5.298510852335723831e-01,-5.248931573944954909e-01,-5.723431703166675238e-02,8.049437276969017008e-01,1.375627463185806199e-01,-6.642470041244720180e-01,3.086377905080609375e-03,-7.169257773345082407e-01,-3.371469510237570244e-01,-8.195110955491567983e-01,-2.412706215381087704e-01,-4.446747814210465499e-01,-1.526668428419571122e-01,5.464299540152917078e-01,6.477934615196915269e-01,-2.758095213461637663e-01,1.540576207587452673e-01,7.460591620396130885e-01,8.915390204315815081e-02,-2.097382956164934031e-01,5.314987791845203757e-01,4.426406677739007645e-01,4.409516637655968574e-01,4.841079114348849632e-01,-2.798244308541463776e-01,-4.215283705153697880e-01,-3.146013077890519871e-01,-5.454873214879959464e-01,-5.192717015602053010e-01,-2.324867219451849654e-01,-6.523391147682714442e-01,1.685713326108695120e-01,3.229667243089830442e-01,6.877456852467610515e-01,3.173667307490609657e-01,5.585160052027666328e-02,4.528214339382320985e-01,1.363429931019458641e-01,1.608760353182075165e-01,1.318350385618582699e-01,2.530837177823089257e-01,-1.835625239360886285e-01,-5.304331693085141408e-01,5.485977100100617593e-02,1.316650576685617635e-01,-5.989780854284032507e-01,-2.584427245547569751e-01,8.045503866314268615e-02,-5.656814268676760293e-02,-1.730825811785669313e-02,6.480875800202320347e-01,2.592177966969228323e-02,-5.265020096768464608e-01,-5.607245067329991173e-01,-4.512773484511384964e-02
-3.478484311429315134e-01,4.440042866444606773e-01,3.655201430101582272e-01,-5.234755107950138653e-01,-5.595868160652642254e-02,7.371734223186381385e-01,5.553227371363990139e-01,1.000000000000000000e+00,4.055937454569744638e-01,1.339052332140069079e-01,-1.921841659326419816e-01,3.306555005787819024e-01,-3.711077135327169318e-01,1.780306517923725129e-01,-3.138239067570479657e-01,5.527568048537688794e-01,2.372624965913232575e-01,6.266026880011236200e-01,2.363578313013674492e-01,4.755068126359959790e-01,2.072149232937386121e-01,9.050661227590461877e-03,4.919447915374958735e-01,4.842255276113090479e-01,-4.418768331836842034e-02,1.686909124198685550e-01,6.327965315815936576e-01,1.680757440937533376e-01,-2.102770914030653027e-01,3.038804989481763141e-01,-2.465297795306337358e-01,2.927460846476456213e-01,-3.044018261310476592e-01,-3.593182295661761019e-03,-6.468547529410738628e-01,4.207760865273189183e-02,7.426457717476627751e-01,1.431507606175219010e-03,-5.235525667876710365e-01,5.003164886597860628e-01,4.814709595974391854e-01,-5.242773823826104573e-01,-6.822757854443066428e-02,7.311852723395064757e-01,6.828119048603071839e-01,7.020833177456092811e-01,5.253003725807723345e-01,1.562890171291765884e-01,8.686087659561340935e-02,3.224574537118333750e-01,-2.487161642147079632e-01,-9.689877319202087891e-02,-2.553828272315022963e-02,-4.946295271882819589e-01,-2.569925479292181070e-01,2.178410261122844804e-01,2.529269971065991052e-01,-1.333578490897570357e-01,-1.998713850541772308e-01,1.179080309237382634e-01,3.368322765047241929e-01,-1.189967926337995446e-01,1.572084970926556358e-01,2.355136388060305175e-01,4.346531828809180875e-01,-2.757269084423997763e-01,-1.230845607151115906e-01,2.960135937032388198e-01,-2.589623308376057600e-02,-2.213156335819322917e-01,1.365612457472220598e-01,4.446692249594966229e-01,-1.303849409518961222e-01,1.108242655822514328e-01,-4.440766847506098097e-02,-3.554696566259638590e-01,-1.818266345804019635e-01,3.293395117715497422e-02
1.532970926775353293e-01,2.344986925834518787e-01,3.305834704065573892e-01,-3.308744394887086493e-02,-6.221868021344798688e-02,3.544292186487368324e-01,6.833824875194297599e-01,4.055937454569744638e-01,1.000000000000000000e+00,6.636134080589850548e-01,1.533794487816869945e-01,7.083895327266928055e-01,4.544860983132550242e-02,3.339164680642179861e-01,-2.190107265516727242e-01,4.330412927525582045e-01,3.682755009522553635e-01,4.612306779743668983e-01,-4.379008932316055813e-02,5.307957802175716777e-01,2.819858385761451203e-01,-2.697910475966281418e-01,3.115310888604088668e-01,5.817215230925135705e-01,-3.438526262560027275e-02,-1.051044131296190454e-01,5.457272869173732666e-01,3.772780036999556774e-01,-1.801821512264324410e-01,2.804124248765922922e-01,-2.601644963218455731e-01,-1.415648128323267023e-02,-6.460330091103875239e-01,1.418061766487326014e-01,-2.624648330866560242e-01,1.473064230022252952e-01,4.599855125464294425e-01,2.552810862224404453e-01,-1.475555265915204917e-01,3.590620565519067053e-01,4.252822837561688885e-01,-1.199992797878012274e-01,6.279127772126173734e-02,5.430030135361377797e-01,3.478900140265148710e-01,3.998494845961886313e-01,6.125999516632265607e-01,1.285929560101400360e-01,-1.266271545612248917e-01,-1.697485924053429296e-01,-4.371655828180369685e-01,-3.559885488501129402e-01,-3.838078823082098912e-01,-5.124247306307228023e-01,-1.646482402670150225e-01,-3.200449070461241358e-02,2.503853843533651591e-01,3.046212347939051754e-02,-3.060488803141749314e-01,2.460651890819979537e-01,6.622747223098628122e-02,-1.784182558593108980e-01,-1.431671952613713765e-02,3.969396660560842865e-02,-1.164680512765919884e-01,-3.044815410709265646e-01,-1.788753228761073497e-02,1.422117085763799083e-01,-5.245367832386248486e-01,-5.252252158457667575e-01,-2.303332288002649456e-02,-4.557382749611820633e-02,-1.396518414946848474e-01,2.646795742653990091e-01,-2.109666875467524350e-01,-3.336619173819800888e-01,-3.248421052037939738e-01,2.591712256701732275e-02
4.567666203143163628e-01,1.638970569416728085e-01,2.734715199148454734e-01,2.760730457635542923e-01,1.152711423872592733e-01,2.675158952676517932e-01,5.734799087606885504e-01,1.339052332140069079e-01,6.636134080589850548e-01,1.000000000000000000e+00,4.969199535599422846e-01,8.304610717651560448e-01,5.692619333720144725e-01,7.377351884565018780e-01,7.317074186010504022e-02,3.135436151245791225e-01,6.613363259599153166e-01,3.397672139811575565e-01,-4.850125263113405638e-01,4.120828013834366144e-01,3.409750647026346115e-01,-6.458358449741201657e-01,2.374757500196679558e-03,7.232606430354175941e-01,-1.323675551160599928e-01,-5.948502170397417244e-01,4.973352952342313671e-01,6.646144249372952784e-01,-1.235635216495878236e-01,2.976708276482433191e-01,-2.158049938201459517e-01,-3.824223039201684049e-01,-8.065936636756979583e-01,3.494149882369475546e-01,1.581916481066470426e-01,3.831571921664148062e-01,1.597900655369186851e-01,3.675528618723184482e-01,3.324369703836122514e-01,3.483772087430461739e-01,2.112584690699093326e-01,2.911800368822209939e-01,4.060392854397505968e-01,3.050507718253773204e-01,-1.024028907474377886e-01,2.446352162694682697e-01,4.147087614020296686e-01,-8.323867096732949500e-02,-1.649157074974244852e-01,-4.516415013229899134e-01,-7.051849731058427162e-01,-5.838355633300739145e-01,-7.270622251966777361e-01,-3.747689303626521862e-01,2.187517134963395948e-01,-3.795772779439093303e-01,2.577333445327375516e-01,3.877124357347733752e-01,-2.929330454451010146e-01,3.035462389747722867e-01,-3.352799867926281041e-01,-3.420792209812397733e-01,-2.304193489992002186e-01,-6.398096842026089470e-02,-3.157419861246875126e-01,-4.173907125157481079e-01,-1.578994461566256557e-01,-4.146766430785849000e-02,-6.695896711961181191e-01,-6.524462444559927521e-01,-2.670996160091871352e-01,-3.056192727684834964e-01,-3.746092215392124447e-01,2.012671296378280017e-01,-2.162254614925755158e-01,-2.015250710551375057e-01,-2.744658536388114300e-01,4.063189331065612114e-02
3.137266718143758015e-01,-4.121809460044827400e-01,4.909874285778423886e-01,5.579487664066520303e-01,-4.009285749231845664e-01,-1.013537774717929857e-01,4.711538171599334857e-01,-1.921841659326419816e-01,1.533794487816869945e-01,4.969199535599422846e-01,1.000000000000000000e+00,5.253556183739783725e-01,5.388602551888206360e-01,3.628730319256600612e-01,-3.700094388231386922e-01,-4.223647479077439759e-01,1.489044483427776899e-01,1.467859216937858202e-01,-9.431992888784572482e-02,1.805677065205606724e-01,-4.861652001452401728e-01,-6.591488547681644272e-01,2.222170082612717479e-01,5.372511488340844799e-02,-6.865264529749044442e-01,-3.420912468747301927e-01,2.639487971178031134e-01,1.110506989900447890e-02,-6.162250698764858425e-01,-3.656466939853399434e-01,-6.613060145978812976e-01,-8.294966454231046393e-01,-6.477365160602268634e-01,-3.929048947856894625e-01,1.229998514991450381e-01,-3.022340613935411979e-01,-1.542447247632676155e-01,8.275452595795887989e-01,2.370403227162690418e-01,-4.022154789585005719e-01,3.950148209185422865e-01,7.664539933056482290e-01,-1.962932341228590394e-01,-2.185708047075318738e-01,-2.557718654403690617e-01,-2.469058415163512266e-01,-1.083425356599865275e-01,-6.101191326425262629e-01,-6.639352077498956728e-01,-7.616952778909809041e-01,-4.196256466552764075e-01,-5.110286559285853736e-01,-3.036493163834884101e-01,-1.844177447488790644e-01,6.592862289641933105e-01,1.583068863409511362e-01,6.470864243767660007e-01,7.079383888143536696e-01,4.155489964896270094e-01,5.303141296600346610e-01,-2.107199070884992753e-01,3.702708309185587798e-01,5.540399977794536850e-03,1.362387907129047060e-01,-6.718031624921104727e-01,-3.256080580436487848e-01,2.525370612888349631e-01,-2.434249573045483561e-01,-6.136464176708865681e-01,6.783613450809176937e-02,-6.587046133704409223e-02,-4.773829054074378853e-01,7.458171157453902245e-02,5.768396478758953672e-01,3.486410981872448134e-01,-7.703029735795323407e-02,-3.454471196744787753e-01,-5.849280314861967506e-02
3.264175870220598075e-01,1.664401848635403136e-01,4.945678261375592299e-01,1.839563068445411176e-01,-9.568761264308038583e-02,4.093913411607667530e-01,7.905235147635676363e-01,3.306555005787819024e-01,7.083895327266928055e-01,8.304610717651560448e-01,5.253556183739783725e-01,1.000000000000000000e+00,3.992302373608234700e-01,6.830778181196830445e-01,-2.067091337079286217e-01,3.522245460158328068e-01,6.237213429223592565e-01,5.745317304338549702e-01,-2.667136977272457909e-01,6.261925784169756204e-01,1.855823092525029916e-01,-6.752339812554030152e-01,2.902075183313211348e-01,7.411655701838973931e-01,-3.374555636157786087e-01,-4.274809122715330090e-01,7.099604033074869980e-01,4.970556046823301766e-01,-4.054547330510263614e-01,1.775184458131045806e-01,-5.085030995991960401e-01,-4.386525230957153965e-01,-8.749600078297280481e-01,9.027835715222963520e-02,-9.368055142585381134e-02,1.836748909497083193e-01,3.500100882383929135e-01,5.280230728210294489e-01,9.589781146864952144e-02,2.975875877181139439e-01,4.773961946165157788e-01,2.306594314157814629e-01,1.620654069471682557e-01,4.217736217246092489e-01,1.291574782403770161e-01,3.322488311454319665e-01,4.853390341473844960e-01,-1.775142674200563542e-01,-3.653072596286985885e-01,-4.574027913899726960e-01,-7.177269911499122301e-01,-5.998478587348142765e-01,-5.558751838662144840e-01,-5.011366618252428573e-01,2.202195777809463906e-01,-9.461802111085378109e-02,4.609885777687737218e-01,3.973015611220052090e-01,-1.779187508193011136e-01,5.120110298848358221e-01,-1.366167468752538250e-01,-1.034193293713426276e-01,-1.268058977177032032e-01,6.680576592088818821e-02,-3.100705205167952339e-01,-5.683903516860565608e-01,-7.190235302996840494e-02,6.460968389528963518e-02,-7.497248200770297855e-01,-5.923114035192293958e-01,-7.773690141902701856e-02,-1.806398870125409395e-01,-2.244079802017946434e-01,4.421510091372822249e-01,-1.667551606309790324e-01,-4.363559558923487125e-01,-4.869944146132048068e-01,4.937220124794307677e-03
5.879861890492649179e-01,-2.989623457344426152e-02,-7.020906360487195151e-03,4.927408480271893154e-01,1.985163148245459031e-01,-1.065564402595786664e-01,4.747149805059650701e-02,-3.711077135327169318e-01,4.544860983132550242e-02,5.692619333720144725e-01,5.388602551888206360e-01,3.992302373608234700e-01,1.000000000000000000e+00,7.194429062112449591e-01,4.136180098948489259e-01,-1.009059023293100710e-01,4.894118955977419527e-01,-7.627124807458862676e-02,-6.887885005351349621e-01,-2.164340513198622154e-02,1.622800035950486830e-01,-7.087706986570934120e-01,-4.406401734081517030e-01,3.532433561066070093e-01,-1.632199094356839020e-01,-8.070369884314904096e-01,1.424244085323703342e-02,5.099875021680457809e-01,6.684102859835296118e-02,7.934776110942225180e-02,-8.131684022831980885e-02,-5.956180273792156532e-01,-4.041609646881689777e-01,2.782371642091903685e-01,5.722692167321379308e-01,3.340830120398503023e-01,-3.400018506020119347e-01,2.802168696033442430e-01,6.788481926125013999e-01,1.485311310114471178e-02,-1.772182469481720091e-01,6.527014946120409666e-01,4.681355756338629326e-01,-2.628939318839897399e-01,-6.057663724308252062e-01,-2.816496340639658147e-01,-1.407222824944882600e-01,-3.190822826771778087e-01,-2.706698248698038434e-01,-6.264768147810145793e-01,-5.142322989586659565e-01,-4.366065779079866815e-01,-5.720682165842564393e-01,7.633451462888603267e-02,4.968742319785519057e-01,-4.843533476732746479e-01,6.352126532114461821e-02,5.432802417591687805e-01,-4.211219670586489189e-02,2.972413286117703834e-01,-5.687099743871314450e-01,-2.209182285193550810e-01,-3.663782261119225558e-01,-1.877498763843669094e-01,-4.929753820703570710e-01,-3.123603245543264406e-01,-1.305864465031237320e-01,-1.610151358255987597e-01,-4.077439282737160275e-01,-4.116035118824898920e-01,-3.668003980184761925e-01,-4.785077956892043738e-01,-3.193740407442994811e-01,4.471671103707681311e-02,-1.842389009149975054e-01,5.668036950716349304e-02,-4.328511433295359478e-02,3.077336193290440211e-02
4.621239388972002704e-01,2.881942646991333401e-01,2.008892095662448141e-01,2.550048372065946145e-01,2.733577264514954752e-01,3.833338494688844911e-01,3.971874471180123489e-01,1.780306517923725129e-01,3.339164680642179861e-01,7.377351884565018780e-01,3.628730319256600612e-01,6.830778181196830445e-01,7.194429062112449591e-01,1.000000000000000000e+00,2.691553751832748698e-01,3.426358393450976147e-01,7.851010004871804560e-01,3.641039289698395631e-01,-6.562610473289065549e-01,3.277959790193259448e-01,3.971573300374280913e-01,-7.538362360096998449e-01,-1.689573544879527656e-01,7.883068785968232461e-01,-1.306205555839331789e-01,-7.861290716716146099e-01,4.652737244333439715e-01,7.568279788235591221e-01,-3.959038191115966249e-02,3.092794307276513499e-01,-1.754473290078061298e-01,-3.941146969308504944e-01,-6.550688323285274173e-01,4.033503261418237007e-01,1.992487673063561282e-01,5.032437781881428096e-01,1.413036800502158463e-01,2.401596663381331542e-01,4.155944069262977325e-01,4.546263810978666275e-01,9.904191641448685524e-02,2.926030165842453123e-01,5.448181089824767342e-01,2.728099113592263314e-01,-1.743247337968968358e-01,2.669839483227269827e-01,2.152229916726187964e-01,-1.422633145736924287e-01,-1.134026050525295953e-01,-4.025062609617635068e-01,-7.361905956771894743e-01,-5.710295851535784895e-01,-6.777187795145968030e-01,-2.169921102804965862e-01,3.209500081897536106e-01,-4.504634252463133870e-01,1.588626312437556309e-01,4.388641782548374781e-01,-2.826254116484133716e-01,3.034387505695996246e-01,-3.847806417344026286e-01,-3.610256567130538663e-01,-2.650493295668009397e-01,-1.427842936038364596e-01,-1.392032869171153375e-01,-5.353184484315198777e-01,-4.138345661752689808e-01,4.134663286847290592e-02,-4.459429011723567426e-01,-6.323215562180747318e-01,-4.062587009558768503e-01,-2.245389170564913162e-01,-4.304753362746777667e-01,1.337840508785168581e-01,-3.574784837244930347e-01,-2.039610196000937181e-01,-1.418069835676154522e-01,2.680130579183290576e-02
3.104087240733392483e-01,1.952356480117539705e-01,-7.092438822732249903e-01,8.564130468863435930e-02,7.051486789964926949e-01,-2.450513048963542939e-01,-5.604508516943703667e-01,-3.138239067570479657e-01,-2.190107265516727242e-01,7.317074186010504022e-02,-3.700094388231386922e-01,-2.067091337079286217e-01,4.136180098948489259e-01,2.691553751832748698e-01,1.000000000000000000e+00,1.975367993838806624e-01,2.263215413425860023e-01,-5.012034933652188551e-01,-6.715125158594563715e-01,-4.450986835100137484e-01,6.651201883444696206e-01,4.071051409517423975e-02,-8.327997765917736217e-01,1.934926317135152452e-01,6.849654948644725572e-01,-5.032896613237349825e-01,-4.615064319296909301e-01,5.570213617988425403e-01,8.191632217613507017e-01,3.117357617020417582e-01,7.374780679606894873e-01,2.078171503970395462e-01,3.185475284507208737e-01,6.789062081562172724e-01,6.334694636593479755e-01,6.235932717458323449e-01,-4.239241490632778553e-01,-5.758950414718667643e-01,5.899725447616692708e-01,3.291457836613936316e-01,-7.742635465215209623e-01,-1.122735444264423565e-02,7.450687419669876910e-01,-2.563253657855447676e-01,-5.664758068217574660e-01,-1.754260796413238399e-01,-1.108794256485348823e-01,3.319259487212916082e-01,5.405396304826335374e-01,1.382618067193075728e-01,-1.663420181111761181e-02,1.461371563148408659e-01,-3.289800604976731435e-01,4.660621600704896728e-01,-1.153475686786974985e-01,-7.994808044321338736e-01,-7.122597081760981830e-01,-1.773503948320449830e-01,-5.304277717674791282e-01,-3.748523650647480054e-01,-4.466045320282619469e-01,-5.808565953706958940e-01,-3.445916172391090826e-01,-3.546039135245369067e-01,1.018518186870901315e-01,1.915061875279269188e-01,-3.555326831363174733e-01,-6.180108789811013942e-02,2.065532043917379379e-01,-3.766949338336231801e-01,-3.887203023636390253e-01,-1.129910526818422439e-01,-3.256268182715750803e-01,-6.056591799082283734e-01,-4.516591964465377917e-01,2.953787534074213128e-01,3.248545300589979479e-01,1.758118694967478746e-01
5.907147262206940280e-02,7.996383484861122604e-01,4.881431914097972280e-02,-4.802035762383562445e-01,4.476417825827518904e-01,6.796449243636616400e-01,2.321908957465439460e-01,5.527568048537688794e-01,4.330412927525582045e-01,3.135436151245791225e-01,-4.223647479077439759e-01,3.522245460158328068e-01,-1.009059023293100710e-01,3.426358393450976147e-01,1.975367993838806624e-01,1.000000000000000000e+00,5.585279687941546722e-01,5.489943055911100656e-01,-1.577839925601006443e-01,5.582880054527358249e-01,6.943360994864001823e-01,-3.226243617314140250e-02,9.533611926128654490e-02,6.905997910337461354e-01,3.097441863261298223e-01,-7.165716218192705322e-02,5.325859577709602943e-01,4.819088847192696812e-01,2.880435428862407332e-01,7.976729856048998535e-01,2.102701790849684504e-01,4.267618412240928305e-01,-1.980621057905445903e-01,5.718111574623864213e-01,-2.002700326279326370e-01,6.040116523421544814e-01,6.092851337058965422e-01,-3.546745619619873224e-01,-1.242406135116938953e-01,8.197821483368317175e-01,1.122125901636774614e-01,-5.676179738531687002e-01,4.422583949184497598e-01,7.197825701050301062e-01,3.676710251737618229e-01,6.433518761514399609e-01,6.735532670555519630e-01,4.872884776544320062e-01,3.566748463336381625e-01,3.616682310558692603e-01,-3.418140450137379105e-01,-1.539194150610994072e-01,-3.552816992793070283e-01,-4.343088765253386718e-01,-4.312118516416781344e-01,-2.739465125589261030e-01,-1.554465434333163198e-01,-2.703943520905084386e-01,-5.187423806583767449e-01,-7.227402701413530861e-02,-5.420727586084942567e-02,-6.377031026591651885e-01,-3.608331851874086449e-01,-1.085573186798409889e-01,4.292325011693560732e-01,-1.964293807620518528e-01,-3.212138891888033920e-01,1.691854073362184518e-01,-1.081661213678816874e-01,-5.797368503774603665e-01,1.403485486110017111e-01,3.074798161672902541e-01,-5.961877916144365797e-01,-2.579929143834324701e-01,-5.001278340109703846e-01,-4.468133198161628461e-01,-1.300284093809968566e-01,-1.295322676607160162e-01
6.060228135543639372e-01,5.323932121758324643e-01,2.262715496990934660e-01,1.619480327213700110e-01,4.663538447051218672e-01,5.011057274063664968e-01,3.683292152681658660e-01,2.372624965913232575e-01,3.682755009522553635e-01,6.613363259599153166e-01,1.489044483427776899e-01,6.237213429223592565e-01,4.894118955977419527e-01,7.851010004871804560e-01,2.263215413425860023e-01,5.585279687941546722e-01,1.000000000000000000e+00,4.797488540319608252e-01,-6.912209148437861161e-01,5.611799250286658713e-01,5.082766919539164485e-01,-6.917022739992538805e-01,-8.593691811035875094e-02,8.586508550700092668e-01,-8.281226146288361845e-02,-6.794231396774262910e-01,5.547488049044079217e-01,7.392293659697443120e-01,7.867148669935382366e-02,5.593396569321056333e-01,-3.727607856104028783e-02,-2.024154796466864914e-01,-5.932575679319210815e-01,5.972346426439690825e-01,2.665589259108552267e-01,7.210554724531572646e-01,2.224362340292830587e-01,1.375587509759649552e-01,4.544269303638886481e-01,6.356511388725002432e-01,5.465700078647639515e-02,1.443424070166495488e-01,6.629481889784302195e-01,4.163443610155642127e-01,-1.193614463788669339e-01,3.647936149983707632e-01,3.254127251101934237e-01,-6.174230714323170055e-02,7.181024160564213055e-02,-2.216607990400401018e-01,-6.739423032595904806e-01,-6.459960980654287921e-01,-7.201532253699999275e-01,-3.563307630686474714e-01,1.958740395804131340e-01,-4.167734426174614093e-01,1.515629443096525863e-01,3.098324091130651436e-01,-3.246905161383689675e-01,4.224233306333582960e-02,-5.191502652494339731e-01,-5.393185852483602938e-01,-4.362051047804841875e-01,-3.600267968220843273e-01,-2.059891695090058927e-02,-4.391844667262750357e-01,-5.816020542255715409e-01,-1.365623032610438770e-01,-4.920614050713441601e-01,-6.962620480089021235e-01,-3.533014657814855242e-01,-3.045704410861923006e-01,-6.104838363943801971e-01,8.408666523434162043e-02,-5.770084634861305517e-01,-4.655100364820428105e-01,-2.412094235335008052e-01,-2.197292383199997146e-01
-6.627195117027118165e-02,5.076575606403049834e-01,6.895178853880995495e-01,-3.187626290445746968e-01,-1.755259039140140143e-01,8.123498905094690414e-01,6.709732666966577996e-01,6.266026880011236200e-01,4.612306779743668983e-01,3.397672139811575565e-01,1.467859216937858202e-01,5.745317304338549702e-01,-7.627124807458862676e-02,3.641039289698395631e-01,-5.012034933652188551e-01,5.489943055911100656e-01,4.797488540319608252e-01,1.000000000000000000e+00,1.732606765648667391e-01,8.641418878345339394e-01,2.396611205284314081e-02,-3.930376010595299507e-01,6.388287308798842323e-01,5.636929244172738107e-01,-4.761252779190559559e-01,-2.437213547964026724e-03,8.561015975474735029e-01,1.255680725052405466e-01,-4.569765140824231242e-01,4.267097994665252636e-01,-5.651577320360839929e-01,-1.253659819822674493e-01,-6.000830837562293185e-01,-3.517735859518507369e-02,-5.727646781944425447e-01,8.397120784092299006e-02,7.971538357066941805e-01,3.152463298881106879e-01,-4.010633347597383214e-01,4.271128122099248081e-01,7.473147416894782014e-01,-2.163913106107252238e-01,-1.142239713182591349e-01,7.620100042763743309e-01,6.273201084048211085e-01,6.902461694159850447e-01,4.633679449225967528e-01,-1.085110753325291277e-01,-3.194588485066118255e-01,-4.524317913200612967e-02,-4.790297960431953439e-01,-4.725093958985648879e-01,-2.182047092844245639e-01,-6.444244274803724304e-01,1.659889897536102540e-02,2.791591652383947908e-01,5.215579789101031372e-01,2.282827542782647490e-01,3.730645041714807791e-02,4.630880489043786574e-01,1.665364789761109854e-01,-9.328516696514688178e-02,-1.683693154577796045e-02,2.512233198678902046e-01,1.483710080584352553e-01,-6.359426077898634455e-01,-8.874948526497777879e-02,2.864841465979892088e-01,-3.517741411103543214e-01,-3.074510598394509242e-01,2.648621897196736796e-01,2.416620650421334171e-01,-3.013696653584478358e-01,3.368802185488870005e-01,-5.250083249093325660e-02,-5.731006051514778710e-01,-2.785751980386689808e-01,-2.283240185294089508e-01
-6.925626460668256046e-01,-1.510817386212361946e-01,3.365475752583426683e-01,-4.579395857784421264e-01,-6.367335532823051869e-01,1.000342159864028718e-01,1.382382642690515862e-01,2.363578313013674492e-01,-4.379008932316055813e-02,-4.850125263113405638e-01,-9.431992888784572482e-02,-2.667136977272457909e-01,-6.887885005351349621e-01,-6.562610473289065549e-01,-6.715125158594563715e-01,-1.577839925601006443e-01,-6.912209148437861161e-01,1.732606765648667391e-01,1.000000000000000000e+00,1.014695960688738324e-01,-5.618987213925593638e-01,5.552286966616419850e-01,7.011267081831006331e-01,-5.209047675685791745e-01,-2.642128951597115805e-01,8.776247742785098227e-01,1.135449598236079605e-01,-7.780821664585330089e-01,-4.572455882991201537e-01,-2.686852407310324486e-01,-3.661427421921621961e-01,2.090073008405850530e-01,1.959445231540837551e-01,-6.815283650289712947e-01,-7.462456466160719559e-01,-7.206235562086830138e-01,4.163509628750710623e-01,9.567940674689880132e-02,-8.427701890025217635e-01,-3.395433544904603029e-01,5.420471750572526393e-01,-3.722082398196365216e-01,-8.211603153872947258e-01,1.779946556451270367e-01,6.485006534019032154e-01,1.522361959236177009e-01,7.610095655160493966e-02,2.198778269503286545e-02,-2.277156141842556769e-01,2.842882641555522505e-01,4.462007206189083086e-01,3.626280922665099937e-01,6.554469769223234543e-01,-2.193116984164216465e-01,-2.889765354818930043e-01,7.437025363963946090e-01,2.662965634522215241e-01,-2.608376921704406715e-01,3.972179640438002202e-01,1.682840712656636095e-01,6.595409192828624034e-01,4.947998626551824430e-01,4.013005398628082809e-01,5.712016172669633907e-01,1.723241106510872422e-01,9.236640607614865495e-02,5.998972751433936379e-01,2.741163340653789970e-01,2.257184946883011023e-01,6.124385400089910059e-01,6.726070790584409709e-01,4.650203379567630080e-01,4.092185246789205588e-01,2.085934368127914385e-01,5.399963275141070884e-01,-5.255642159543361114e-02,-7.833284744076482453e-02,-1.364417823438957532e-02
1.671876129548014733e-01,5.395508769884396205e-01,6.969919688790451318e-01,-1.906068844521161820e-01,-7.272631257056620668e-02,7.114514588511084980e-01,6.714947454977117092e-01,4.755068126359959790e-01,5.307957802175716777e-01,4.120828013834366144e-01,1.805677065205606724e-01,6.261925784169756204e-01,-2.164340513198622154e-02,3.277959790193259448e-01,-4.450986835100137484e-01,5.582880054527358249e-01,5.611799250286658713e-01,8.641418878345339394e-01,1.014695960688738324e-01,1.000000000000000000e+00,4.443299739079793059e-02,-4.116053671073081621e-01,6.603285018796184458e-01,5.733737460277251730e-01,-4.666108380184936233e-01,3.958356338718301698e-02,8.729423839341999836e-01,1.023985110851176744e-01,-4.245137356641678905e-01,4.408846453935158505e-01,-5.041243190213907654e-01,-1.604461084498392809e-01,-6.439538802634398040e-01,6.378716620469948584e-02,-3.636094843129032417e-01,1.961311683387515770e-01,7.039347721991452422e-01,3.509478686085667487e-01,-2.400360132533004842e-01,4.472060167821862442e-01,6.763515326433874320e-01,-1.357032801509176212e-01,-3.369974757793892713e-03,7.201607061572938839e-01,4.819666219499951221e-01,5.814416577540560960e-01,5.152691083152269869e-01,-1.298596879915990543e-01,-2.861098273649854140e-01,-1.319835299127535000e-01,-4.656711865520102300e-01,-5.540002277324466151e-01,-3.152812338567934636e-01,-7.363551656852496130e-01,9.499674294988635567e-03,2.571026185937733133e-01,5.347636290668441594e-01,2.067311796117025924e-01,3.107492080187044745e-02,3.108595109177238469e-01,-1.689049091311146250e-02,-1.242305722110941257e-01,-2.165178820088855260e-01,5.575584725831309735e-02,-3.781687554416898051e-02,-4.939926794441624747e-01,-7.734408969136882805e-02,2.552470944336135764e-02,-5.642151252740342793e-01,-3.354743962022404546e-01,2.851525097593685110e-01,6.952950176304570178e-03,-3.556798581082296073e-01,3.860540648229900396e-01,-1.876671253268757944e-01,-7.584407211095154366e-01,-4.751604322065449693e-01,-3.653707709277304594e-01
