1.000000000000000000e+00,3.797545454161965761e-01,4.169832401585339965e-01,2.597003951952709389e-01,2.069861625428695007e-01,1.091410435901866427e-01,1.413909106482130751e-01,8.561200243772591756e-02,9.505530463693431797e-02,1.690506462990052361e-01,4.820890953218903013e-02,1.300724855137263825e-01,-5.094848540849179763e-02,7.967581264659677476e-03,1.276859430387404237e-01,4.574178845673221305e-02,8.990820479725075698e-02,4.635945480573947647e-02,3.043552365776957050e-02,1.372506253544290844e-02,-6.248988099756362657e-02,-4.194896960548918224e-02,-4.260756354149837499e-02,-8.635276534033894946e-02,1.122489877905204561e-02,5.138455250066542579e-02,6.490688134373667761e-02,7.431291938143114173e-02,4.359042262431536002e-02,9.636000092380778842e-03,5.601844462850789214e-02,-6.097914004831820126e-03,-4.895410871874421831e-03,1.896143988074514702e-02,2.433628530783812048e-03,2.001495693278297280e-02,9.381692627538703796e-03,-2.744460586380247959e-03,-4.076935243691468674e-02,-7.998457604277056654e-02,-4.996518792183201468e-02,-6.292098672359816569e-02,-2.389739472365620676e-02,1.663495059449465741e-02,3.829049265414773834e-02,5.038898325644521059e-02,3.981488431335194166e-03,3.142307596221313032e-02,-3.541459383412563777e-02,-4.552432475097629994e-02,-3.932964290939949120e-02,3.987495849822063169e-03,-3.642563391525840966e-02,-4.858384792301507701e-03,2.293224282706929351e-02,-1.993626572115036414e-03,1.113140955791530259e-02,-1.277218340941468910e-02,-7.773870670199577691e-03,-1.485784567786459752e-02,-4.881100439030874785e-04,3.834882550048465504e-03,-1.725730384282577606e-02,3.182486926372778135e-02,4.161922997441509786e-02,-1.775136142515752052e-02
3.797545454161965761e-01,1.000000000000000000e+00,2.951811095179675548e-01,2.498968909128329585e-01,3.657701859900819863e-01,9.593734873128055562e-02,4.596321520133742761e-02,1.011645843426216412e-01,-1.500947405969241776e-02,6.763101148773781324e-02,3.514466678812747796e-02,2.875473495554422068e-02,-1.291416332324852034e-01,1.923313438541449788e-02,3.580145605098435796e-02,1.802867654510966616e-02,7.625467614901967894e-02,8.543475461093130718e-03,4.118317951940335397e-02,4.884683894286956894e-03,-8.265535480072833119e-02,-4.296309414481520872e-02,-2.066495758415408043e-02,-7.626976324604506363e-02,-8.031540532902533072e-03,6.563607978220248329e-02,8.728311172742206359e-02,8.359811812928827357e-02,3.042591561556904842e-02,-2.066231079260905795e-02,4.080007836809990129e-02,2.836187233971838514e-02,7.753296782958423589e-03,2.915141823839964216e-02,2.998089897930118417e-02,5.809474647203702324e-03,3.388472222733034112e-02,5.978506912549952888e-03,-4.919496051491337868e-02,-6.358267445751331071e-02,-5.337913507283717496e-02,-5.926776459175394501e-02,-1.307188069111929994e-02,3.413125224589732415e-02,4.705773305646584331e-02,5.763929144695617568e-02,6.653707737940599276e-03,3.763630042733537989e-02,-2.194449456113698599e-02,-2.212172186946360572e-02,-3.042895535441829738e-02,7.499114094642755739e-03,-3.785319087567279306e-02,-3.214308515067651213e-03,1.920475543674330515e-02,1.725705366466966269e-03,8.093579069821051769e-03,-7.423593241771244550e-03,-1.807828193471706577e-02,-8.652451045468871962e-03,-2.951922851938247258e-02,7.955953835461731030e-03,-2.375361774695764015e-03,3.538176782267174469e-02,3.502643282868130037e-02,-2.209283466148368943e-02
4.169832401585339965e-01,2.951811095179675548e-01,1.000000000000000000e+00,2.669305345938663421e-01,3.154239072188889659e-01,1.659015710843994296e-01,1.276467000416393605e-01,1.365698605201171867e-01,1.153455760628562810e-01,1.377065686783482124e-01,-1.152720642463157530e-01,2.003521558721856402e-02,-2.003021117019800623e-01,-1.314066933652979496e-01,2.624766053071676819e-02,-9.634760473423720217e-02,1.177974824270432153e-02,7.617920602818155883e-03,9.689508641792301050e-03,-3.916575062647208866e-03,-5.840994475340363645e-02,3.228149824551291430e-02,1.833935232941556054e-02,-6.550101130405300287e-02,-2.995699532507853369e-02,-1.330907434072380220e-02,6.538894955657997832e-02,1.706653479614106753e-02,1.692976076491031767e-02,6.442214991313043732e-03,3.426296429839977096e-03,-2.038730255258353399e-02,-4.512807071982602447e-02,-1.267946904393442258e-02,-3.307414650720736510e-02,-1.487457679819896052e-02,-3.868566671495777404e-02,-5.060698930684931485e-02,-6.565444840826145656e-02,-5.388219600976058843e-02,-7.870730447312046518e-02,-6.202634137216735122e-02,-5.414274423337189258e-03,2.690314826276300059e-02,7.143272788779229856e-04,1.907793528467433344e-02,1.249590295174260457e-02,-2.393405521536333055e-02,-8.581088322361835052e-02,-4.410551744867154816e-02,-7.795835406970277881e-02,1.734872772521929563e-02,-2.094073634820713820e-02,2.396363728089502543e-02,6.310573040231320929e-02,3.916270508249097143e-02,2.293960664102012020e-02,1.583583687618103988e-02,-4.704412017441195193e-02,-5.304553699086131391e-02,-3.736641564855339853e-02,-1.965217098540997590e-02,-2.254132383760005034e-02,3.513815603184051312e-02,-7.346199906697284399e-03,-1.274209901987486022e-02
2.597003951952709389e-01,2.498968909128329585e-01,2.669305345938663421e-01,1.000000000000000000e+00,2.164738484459232393e-01,2.210804278203828618e-02,3.826057075368469174e-01,3.724599200722459869e-01,2.864680874233574426e-01,2.905110224948953546e-01,-1.057273789130069447e-01,9.363344798195759322e-02,-2.346195591084488385e-01,-1.520088732312852575e-01,8.311762894409366331e-02,-6.685455259112879633e-02,3.327669074030863150e-02,1.098967513250106998e-01,1.863109800578059694e-02,1.592045857587209151e-02,-9.109904659856403464e-02,2.178679135035497053e-02,-6.708701780682953253e-03,-4.830481025261826322e-02,-1.683544787045495802e-02,-1.690605007874054072e-02,7.474022867928417635e-02,7.954446746990007392e-04,3.158665686021495944e-02,2.156227331991454610e-02,5.342192413526026390e-02,1.825036142947849410e-02,-4.628816967732721221e-02,4.230759834898827759e-02,-1.390767888510432114e-02,1.327533502003167866e-02,2.208343182788321396e-02,-2.320664157807236783e-02,-4.233372172868662964e-02,-3.322712469308419792e-02,-6.051127926738852914e-02,-2.491155004823629102e-02,2.102183245061195818e-02,2.681199170884038946e-02,1.287001856846337750e-02,1.724681449170226838e-02,-2.005402856799020500e-02,3.260027923776785946e-03,-2.806389933322485722e-02,-1.819584532003120855e-02,-6.223821021332638648e-02,2.402228132991515025e-02,-2.055238488276096148e-02,2.563985486111072104e-02,2.452043808736501657e-02,-8.088225421145124952e-03,3.686165978138964544e-02,6.927993828565064995e-03,-6.982081397668959966e-02,-5.865261201451835160e-02,2.626184510420827983e-02,2.533922854669593688e-02,-1.322365841789345693e-02,2.544484207978068430e-02,2.890939368401763878e-03,-1.295777671158958137e-02
2.069861625428695007e-01,3.657701859900819863e-01,3.154239072188889659e-01,2.164738484459232393e-01,1.000000000000000000e+00,1.689927589536621699e-01,-9.646761259942659983e-02,1.672209891909415269e-01,-1.001765767302747745e-01,-6.596780216895949123e-02,-7.793787076013651560e-02,-1.705098945585751813e-01,-3.208670785504140754e-01,-6.397635995332735803e-02,-1.450641061048418834e-01,-9.376732852532575213e-02,1.029923513437544340e-02,-9.347198990238193839e-02,-9.156973650914295229e-03,-5.386737342056507893e-02,-6.817082017844289243e-02,-3.656127642311213927e-02,2.027858353697455443e-02,-1.051619351267348568e-01,-6.504558317516002941e-02,2.873540349423768514e-02,1.031716169826456531e-01,4.044063361819798252e-02,5.937945417290570183e-02,-2.711440348587780547e-02,2.739598352598361652e-02,3.217194267949766845e-02,6.146926380291789505e-02,7.740525211122563365e-02,3.889183037929522246e-02,3.766718665356953710e-02,1.251121048635560513e-02,-8.869652246402556783e-03,-2.373946321435881079e-02,-4.472440754351104941e-02,-1.642865199547751884e-02,-5.617532159700366207e-02,3.386728176602723378e-02,2.922554946467047915e-02,3.569409156348604152e-03,6.111391684896947535e-02,1.134881911596610782e-02,-4.027129791957988897e-02,-7.760565438521073445e-02,-2.925610510875997425e-02,-4.599975160287322201e-02,-8.104356970982740452e-03,8.526460232749749624e-03,4.810082801789209578e-02,7.207020903335170647e-02,6.008627824515278687e-02,-3.746896590740340536e-04,5.731671233748752287e-02,-7.365039593247735272e-02,-3.932466588913137440e-02,-3.874585095501281024e-02,-2.686384124928250725e-02,-1.526177799195103761e-02,4.896210323167303480e-02,-1.829560483591133324e-02,2.976069070644800710e-02
1.091410435901866427e-01,9.593734873128055562e-02,1.659015710843994296e-01,2.210804278203828618e-02,1.689927589536621699e-01,1.000000000000000000e+00,2.660138740212747988e-01,1.904040197310060134e-01,2.129984222308181629e-01,2.436803415882751178e-01,-1.028015934464843323e-01,-1.145999524589407480e-02,-5.402434389433994483e-02,-1.332175355001753159e-01,-1.671632504541900946e-02,-3.209477908899747989e-02,-4.063016021035639053e-02,-1.286021849520908866e-01,-1.278655277560846459e-01,-1.263528172981936704e-01,9.886286333540691973e-02,7.368486268359421276e-02,2.874961953541258289e-02,-1.512869988276643318e-01,-5.762436572732018009e-02,-4.140347377416910696e-02,-6.941009267681457449e-03,-2.880394124412979581e-02,3.642465567648733166e-02,3.474059642990268842e-02,-7.336084847386568561e-03,-5.538863969182684227e-02,-3.745252430815708411e-02,-2.557973731680016766e-02,-8.173019023834003638e-02,2.135065092009073850e-02,-9.320511561634302333e-02,-1.023233916123690856e-01,-3.982642136130323113e-02,4.417428910751977633e-02,4.319251693154016469e-02,4.897306989803888039e-02,1.164378958814336479e-01,9.777415177824448633e-02,3.583754897864477318e-02,1.113129861113051483e-01,1.184691909072677490e-01,-3.952085465673284975e-02,-7.305153010260612145e-02,6.308181678090779565e-02,-9.491936848608540506e-03,9.447996888491684564e-02,1.404492100056037029e-01,1.800215695816109740e-01,1.823420241338764847e-01,1.646429911415417668e-01,1.304506245534694242e-01,1.707403148211487642e-01,-4.397513034644912056e-02,-1.070457857963569709e-01,-7.961904884473199051e-02,-8.437015589332623466e-02,-8.635430831922691342e-02,1.420517097804687573e-02,-1.066269934186421103e-01,2.960433598636512051e-03
1.413909106482130751e-01,4.596321520133742761e-02,1.276467000416393605e-01,3.826057075368469174e-01,-9.646761259942659983e-02,2.660138740212747988e-01,1.000000000000000000e+00,3.746303475165633778e-01,4.744684381016405772e-01,6.657985596867456168e-01,1.810875753428287192e-03,3.102222478839062880e-01,-9.274009786690486090e-02,-1.180525748743270903e-01,2.619599782243842157e-01,6.965579338327598097e-03,8.191973425860187008e-02,1.307580154502289704e-01,-2.507554908859783993e-02,-4.281651053541099539e-02,-3.830685186859180552e-02,3.707234215206169081e-02,-8.352569742176652046e-02,-5.099627449793420891e-02,8.713508213277106063e-02,2.485958896176322652e-02,1.221372517553543507e-02,1.265528186008592869e-02,2.535334885900416765e-02,4.539911434736996348e-02,4.916370956711092061e-02,4.832989606264818938e-03,-7.474937870367126536e-02,1.736475913141146896e-02,-4.318197453577551220e-02,4.472017370230652045e-02,1.629280364231616707e-02,-4.050020070001952854e-02,-5.041198149537430562e-02,-4.096649258011646200e-02,-7.962741237902931646e-02,-2.146329417891275348e-02,1.887216039461419789e-02,5.319500382757275103e-02,4.900994157864257267e-02,2.113789169170320753e-02,-4.557912682957770099e-03,5.094774939298481187e-02,1.037645274112469589e-02,-1.186249451280260020e-03,-8.759740636506514744e-02,1.787198950653205720e-02,-3.241312793861375607e-02,1.924441809437643647e-02,7.213808156226310386e-02,-5.981391494175598844e-03,2.554494254042185761e-02,1.322054182004115883e-02,-6.458012312010733003e-02,-2.042199661545082701e-02,5.036505514690275964e-02,5.943526985674462554e-02,3.128258100357562271e-02,8.318431796224666497e-02,4.222991495227063768e-02,1.427748115188894572e-02
8.561200243772591756e-02,1.011645843426216412e-01,1.365698605201171867e-01,3.724599200722459869e-01,1.672209891909415269e-01,1.904040197310060134e-01,3.746303475165633778e-01,1.000000000000000000e+00,3.745143611892510216e-01,1.669856482164206457e-01,-3.310665897122306855e-01,-2.046217314151704547e-01,-4.660015632317130452e-01,-2.739093637587814989e-01,-2.003634015253241141e-01,-2.303325745307129302e-01,-5.815041736259146665e-02,-5.204120368382371409e-02,-4.427446491941745832e-02,-5.000006338447129939e-02,5.541836084828281883e-02,1.320884393505655230e-01,1.313184261846012946e-01,-5.783880620169783160e-02,-1.598913043452619698e-01,-1.674575844023767079e-01,-4.101481136465204985e-02,-1.645125455149927807e-01,-1.599002523067046336e-02,8.009047866743397798e-04,-5.631786052350271771e-02,-1.461572927840307365e-03,-2.239131751808545734e-02,5.792568124644208866e-02,-6.315197141980008477e-02,3.758527807830818607e-02,-8.934146252258239052e-02,-7.360787060945055138e-02,-2.388988879964009521e-03,6.072305924440364600e-02,1.006658423545991193e-01,9.815666971467956747e-02,1.515181303175253402e-01,6.392490389701378783e-02,-1.917973510967373521e-02,6.038524115192277913e-02,3.109347933955990823e-02,-8.266370916251929157e-02,-3.176440443461306384e-02,5.254400977152096780e-02,-6.760406163975769822e-02,2.022633674586682070e-02,7.677975559355793012e-02,9.623415900399140410e-02,1.256952523948785538e-01,1.260243153396199411e-01,6.308750855014165493e-02,1.285248775185615366e-01,-5.027559406181387330e-02,-7.042040178584181576e-02,-3.835402630712578254e-02,-5.257144843096039910e-02,-1.860804956120149650e-02,6.094064520682369868e-02,-1.321376531254397912e-01,7.918076532402508472e-02
9.505530463693431797e-02,-1.500947405969241776e-02,1.153455760628562810e-01,2.864680874233574426e-01,-1.001765767302747745e-01,2.129984222308181629e-01,4.744684381016405772e-01,3.745143611892510216e-01,1.000000000000000000e+00,2.678054896362815906e-01,-3.973674309956772843e-01,9.944405894223926068e-02,-1.185452894427519166e-01,-4.383070791955030465e-01,7.674309512151020196e-02,-6.708478041652661539e-02,-1.191324067945311593e-01,-1.855379883836010988e-03,-1.487704918474269944e-01,-1.142656886999774690e-01,3.654393357689809246e-02,1.782166991842596415e-01,-5.377386838363493182e-02,-1.038243990484685741e-01,1.516396529781116956e-02,-8.774955665850633912e-02,5.276780264384544478e-02,-8.383823955869731948e-02,1.027538568664549262e-01,1.450521231994971183e-01,1.441213513870563401e-01,-4.985260670231792673e-02,-3.503461832627964567e-02,4.075857621304072170e-02,-8.848140482729460743e-02,3.232077037696842042e-02,-2.650567107910547018e-02,-9.780137818658039828e-02,-5.538807667154025532e-02,9.905119748468286037e-03,1.753463920212773933e-02,8.631483583697173445e-02,1.010474441210588437e-01,8.332739818579479318e-02,4.894873018100861367e-02,8.663449876179797615e-02,5.977607923521306016e-02,3.339574044502904848e-02,1.016196049211284987e-02,6.027914022122424220e-02,-2.612182060041204693e-02,1.121142257865284375e-01,7.501554913407861014e-02,1.174645691909130957e-01,1.013254912406116731e-01,7.627264902680740144e-02,1.090836876032970221e-01,9.347957411892821034e-02,-6.046793293467457586e-02,-1.118560236659177365e-01,-6.378087744035078506e-03,-3.415658634953026851e-02,-6.170970656237550339e-02,-7.294817994250312604e-03,-8.726116243753993806e-02,-2.557184187937294392e-02
1.690506462990052361e-01,6.763101148773781324e-02,1.377065686783482124e-01,2.905110224948953546e-01,-6.596780216895949123e-02,2.436803415882751178e-01,6.657985596867456168e-01,1.669856482164206457e-01,2.678054896362815906e-01,1.000000000000000000e+00,1.439370236355257127e-01,4.925345778840518607e-01,5.465275472317945860e-02,3.294304311371123312e-02,4.251190384105427711e-01,1.140254410078043457e-01,1.847363503109277494e-01,2.063387957758427149e-01,4.046910254102424609e-02,2.203742623568168829e-02,-8.469965102953867786e-02,-3.326754142631243444e-02,-1.174558635734326700e-01,-4.482709218999217371e-02,1.400293390293511908e-01,9.387858590197417641e-02,1.863136089567020426e-02,9.496568127912240198e-02,-6.751365999118346707e-03,1.698269311904125264e-02,3.585550321113600836e-02,1.744630942721285549e-02,-9.681008738999656582e-02,-8.332397964552385947e-03,-1.326862708427648495e-02,2.532301352648705720e-02,5.295242792724100256e-02,-9.940616316444500153e-03,-5.615350358064095243e-02,-9.558695910724224198e-02,-1.232231775578552097e-01,-9.110764380753566538e-02,-5.726739557582331136e-02,1.395291173636058722e-02,4.803035055086111310e-02,6.127276237902224039e-03,-4.363216317861205729e-02,7.994107961011569230e-02,1.151735905425619808e-02,-4.562999948186387267e-02,-8.783977168482873243e-02,1.279297460550618201e-02,-8.789530533321587846e-02,-3.582230530753673786e-02,3.280753151944695856e-02,-6.503279555564292491e-02,-4.934584915046367343e-03,-4.454022539183103563e-02,-5.909815135161064492e-02,2.108180171734565581e-02,7.420993540195630622e-02,1.091380554359728527e-01,5.132590492205461180e-02,9.257942491587975442e-02,1.258489426772367026e-01,-7.207660446258133159e-03
4.820890953218903013e-02,3.514466678812747796e-02,-1.152720642463157530e-01,-1.057273789130069447e-01,-7.793787076013651560e-02,-1.028015934464843323e-01,1.810875753428287192e-03,-3.310665897122306855e-01,-3.973674309956772843e-01,1.439370236355257127e-01,1.000000000000000000e+00,4.106116226578180317e-01,3.919296992037041294e-01,6.701986956054384326e-01,3.924470741889314884e-01,2.784836062171393567e-01,3.755717572682679695e-01,1.807806276341915597e-01,2.342900259494407889e-01,1.747507029301668680e-01,-8.475984260720385854e-02,-2.209456908420376064e-01,-9.648588244485460652e-02,5.275752484232046347e-02,1.364175787371868231e-01,1.761226921546963919e-01,-4.740998686606261170e-02,1.550186700623233937e-01,-6.767366931208722292e-02,-1.221698061299178600e-01,-1.813970643282006962e-04,1.153291670454370671e-01,6.038013151292676017e-02,-1.529379062513422372e-03,1.278636855573643261e-01,2.692305565997783062e-02,1.210876750306945915e-01,1.471158409651779353e-01,3.745120036636152838e-02,-7.649724768079579906e-02,-8.226300637981902308e-02,-1.426784887202746932e-01,-1.282166010104798526e-01,-3.693178713885719722e-02,6.281722336473223589e-02,-2.893970990338764690e-02,-4.080769478840547831e-02,1.053553428586438412e-01,5.764589937982074475e-02,-7.357692941658139363e-02,4.552305782903589421e-02,-6.195103846238442236e-02,-1.042430545220546095e-01,-1.203712860299261250e-01,-1.140704307127483053e-01,-1.301522366825824950e-01,-5.900731951215187204e-02,-1.134628398894078766e-01,8.376304329952832806e-02,1.560313830124906986e-01,7.741502521790177838e-02,1.054566942328244855e-01,7.368084889191928166e-02,2.621346148499794498e-02,1.863460554934170121e-01,-1.283047328274763109e-02
1.300724855137263825e-01,2.875473495554422068e-02,2.003521558721856402e-02,9.363344798195759322e-02,-1.705098945585751813e-01,-1.145999524589407480e-02,3.102222478839062880e-01,-2.046217314151704547e-01,9.944405894223926068e-02,4.925345778840518607e-01,4.106116226578180317e-01,1.000000000000000000e+00,3.765212360814595427e-01,2.558372790486369563e-01,6.867699065085861587e-01,2.925718320902471192e-01,2.688290603623183506e-01,2.719567682739433834e-01,8.169090234125976624e-02,8.022915919086927306e-02,-1.307789993564349718e-01,-9.334795464385897690e-02,-2.358766165697918638e-01,-3.056343769014517207e-04,2.784680556641103699e-01,2.007899855806532796e-01,4.421316399431048094e-02,1.889768456098103733e-01,4.833891684528722477e-02,5.268084281563909649e-02,1.737067270048512357e-01,4.915068956545615847e-02,-2.060860412057653746e-02,1.865266313563557557e-02,5.190626397407660519e-02,5.272828220021029411e-02,1.402360373425383111e-01,7.092533560838329421e-02,-4.454859313669612408e-02,-1.458641892103343107e-01,-1.476879943775781245e-01,-1.605337774369305359e-01,-1.454847826972402169e-01,-1.548053467201899319e-02,9.530376754754517343e-02,8.197543254282081563e-04,-4.261019688511814840e-02,1.668543573547288383e-01,5.196701088285653886e-02,-9.185398574452995069e-02,-2.040547004425313088e-02,1.495739709341800672e-02,-1.511627509966035898e-01,-1.251712769960817706e-01,-7.891841519644812730e-02,-1.579708038847538742e-01,-4.269691914740627453e-02,-1.431795928627015435e-01,-7.228237945857900887e-03,7.285527048478335210e-02,9.952337159359529728e-02,1.591011658294692044e-01,7.434462597589311383e-02,4.989379268882355306e-02,2.222523748745493521e-01,-4.336114230399069208e-02
-5.094848540849179763e-02,-1.291416332324852034e-01,-2.003021117019800623e-01,-2.346195591084488385e-01,-3.208670785504140754e-01,-5.402434389433994483e-02,-9.274009786690486090e-02,-4.660015632317130452e-01,-1.185452894427519166e-01,5.465275472317945860e-02,3.919296992037041294e-01,3.765212360814595427e-01,1.000000000000000000e+00,3.364304309232035162e-01,3.944881612220818012e-01,3.392533491123041478e-01,1.208071446978835062e-01,9.596720878710135461e-02,9.398482914341632632e-02,7.108935443041042301e-02,-4.525115152448096201e-02,-6.412548736381572245e-02,-1.183402628720706395e-01,8.145693920038438174e-02,2.042614041926013313e-01,1.304576223565748483e-01,6.945995624028176302e-03,1.337798321683341396e-01,-3.353886720097655049e-03,2.886724302990101299e-02,9.261878899234068929e-02,3.262171744292110404e-02,-3.346972022813914094e-02,-3.276430221304731105e-02,4.813627427393597780e-02,3.351339773566937991e-03,1.178806443174642421e-01,6.976702713181862081e-02,4.246626967747865050e-02,1.852312683330000279e-03,-4.616090991252749798e-02,-4.745889016801419641e-02,-7.937332814661886282e-02,5.438645298458616526e-04,8.960174773915652313e-02,-1.756454925900615902e-03,5.510722792350516985e-02,1.433019423795051372e-01,8.290221042819363728e-02,2.244931697716400290e-02,1.244500400235865056e-01,7.398766201491528693e-02,1.712929035405231235e-03,-4.824981943077454039e-02,-1.013362028243374319e-01,-8.419439296151418062e-02,1.762226381971272043e-02,-7.647182880210742772e-02,1.185734257369701061e-01,6.557882190341439432e-02,2.719769710255611275e-02,5.459099276228494835e-02,-7.318282581296507196e-03,-8.272376394796523980e-02,1.073419916304486632e-01,-9.332593822716064857e-02
7.967581264659677476e-03,1.923313438541449788e-02,-1.314066933652979496e-01,-1.520088732312852575e-01,-6.397635995332735803e-02,-1.332175355001753159e-01,-1.180525748743270903e-01,-2.739093637587814989e-01,-4.383070791955030465e-01,3.294304311371123312e-02,6.701986956054384326e-01,2.558372790486369563e-01,3.364304309232035162e-01,1.000000000000000000e+00,2.582050694676672475e-01,2.386074675615714180e-01,3.968487390423284245e-01,1.448798312572219527e-01,2.708659964674042242e-01,1.802845333204318445e-01,-7.589067661245511853e-02,-2.349263437949016264e-01,-3.522826956081995947e-02,8.015192608521910789e-02,7.173220721722065041e-02,1.441394649767284153e-01,-8.816096539264116350e-02,1.240005473794879715e-01,-9.953370728529221945e-02,-1.923711131951078013e-01,-7.849477607902186072e-02,1.495097573847723738e-01,9.448588176886388301e-02,2.596051761758174595e-03,1.592496232195409755e-01,4.317871504746104150e-02,1.131513158639190358e-01,1.720996648858352518e-01,6.886033158670970544e-02,-6.124420103575110852e-02,-4.474511308995385295e-02,-1.377979258918488326e-01,-1.363259735092748892e-01,-6.647711439610154427e-02,2.901459513738909729e-02,-4.741122118374147681e-02,-3.400479109853145332e-02,7.416200860153029928e-02,4.640182550838211489e-02,-7.920784892245145981e-02,3.956498559890641448e-02,-9.611733738678396310e-02,-1.119835482908004831e-01,-1.330835368752760761e-01,-1.006100029975971338e-01,-1.147963277741461535e-01,-6.389739298231802977e-02,-8.859361245987248945e-02,9.347888301382713261e-02,1.804372016412317259e-01,4.968054757434363367e-02,9.794549740377393732e-02,9.594638513532534330e-02,3.352851071933254934e-02,1.691388438369984815e-01,2.070521972158413659e-02
1.276859430387404237e-01,3.580145605098435796e-02,2.624766053071676819e-02,8.311762894409366331e-02,-1.450641061048418834e-01,-1.671632504541900946e-02,2.619599782243842157e-01,-2.003634015253241141e-01,7.674309512151020196e-02,4.251190384105427711e-01,3.924470741889314884e-01,6.867699065085861587e-01,3.944881612220818012e-01,2.582050694676672475e-01,1.000000000000000000e+00,2.933212945579745101e-01,3.030767595440124751e-01,2.927023541090586489e-01,9.216932524255684600e-02,7.379750434855326946e-02,-1.712399067303031208e-01,-1.438363303875966892e-01,-2.601931919809997718e-01,-7.777168536457267599e-03,2.964051078152384888e-01,2.489187774560262800e-01,7.201153975851931621e-02,2.323280079037118584e-01,7.591090987549584113e-02,3.863817647015853340e-02,1.908788440196216851e-01,7.452469360758953720e-02,-9.760457963142416676e-03,3.281789202660520544e-02,8.073594707806626414e-02,8.532947773188379048e-02,1.691976912010980660e-01,9.922381316683048791e-02,-3.601354526034859782e-02,-1.716842806367178120e-01,-1.479033335894814893e-01,-1.809296003924877050e-01,-1.815551520287414788e-01,-3.955734295966156083e-02,8.967043245230003901e-02,2.475780701249856702e-03,-5.084229958735649035e-02,1.695841105621602452e-01,2.041791347772614618e-02,-1.268254649067948880e-01,-5.012793783247136703e-02,3.111562272995866915e-04,-1.896223202057024937e-01,-1.498544858293038018e-01,-7.862974593317213767e-02,-1.796841411171657132e-01,-5.751206423180066363e-02,-1.774381167764418898e-01,-2.355123605493482722e-02,8.955386457815109336e-02,1.021807076548092857e-01,1.918835528498233078e-01,9.045386815955248905e-02,7.911641564873503341e-02,2.527578071644787649e-01,-4.024082250893498691e-02
4.574178845673221305e-02,1.802867654510966616e-02,-9.634760473423720217e-02,-6.685455259112879633e-02,-9.376732852532575213e-02,-3.209477908899747989e-02,6.965579338327598097e-03,-2.303325745307129302e-01,-6.708478041652661539e-02,1.140254410078043457e-01,2.784836062171393567e-01,2.925718320902471192e-01,3.392533491123041478e-01,2.386074675615714180e-01,2.933212945579745101e-01,1.000000000000000000e+00,3.008941450146864205e-01,2.644154788600721062e-01,2.485510795929357364e-01,1.193185519003072403e-01,-1.826636993750705429e-01,-1.928046706681042777e-01,-1.833597116329452048e-01,1.059725737144823210e-01,2.480885522388935616e-01,2.468265102092316587e-01,5.469617280650882624e-02,2.539430747023890822e-01,-1.668824156018941518e-02,-5.089715372038810387e-02,1.597784223297658290e-01,1.348142438946735855e-01,6.715005027282230921e-02,2.991815366086602451e-02,8.342816419234416747e-02,3.441759168680790654e-02,1.811475025010380879e-01,9.335018041680201439e-02,-8.161053559993027354e-03,-1.811287683556842554e-01,-1.347788804117327210e-01,-1.532490009435599210e-01,-1.538759581412549038e-01,-3.857337640591148448e-02,2.244247307401305014e-02,-6.212517920287447676e-02,-9.042694403001048931e-02,1.291853383630438556e-01,9.167571032095850336e-02,-1.353728460350240304e-01,4.209576838410256094e-02,-2.259058662073060164e-02,-1.439971862855420892e-01,-1.614690877157885784e-01,-1.745987690393694114e-01,-1.818665521383014405e-01,-5.173247827224280310e-02,-1.499624688515962811e-01,9.959711350650192474e-02,1.845587225614769289e-01,1.485519865567416220e-01,1.751602511949399976e-01,1.255653845691516168e-01,-1.041253509998104655e-02,2.551846178089230421e-01,-5.240337710346082596e-03
8.990820479725075698e-02,7.625467614901967894e-02,1.177974824270432153e-02,3.327669074030863150e-02,1.029923513437544340e-02,-4.063016021035639053e-02,8.191973425860187008e-02,-5.815041736259146665e-02,-1.191324067945311593e-01,1.847363503109277494e-01,3.755717572682679695e-01,2.688290603623183506e-01,1.208071446978835062e-01,3.968487390423284245e-01,3.030767595440124751e-01,3.008941450146864205e-01,1.000000000000000000e+00,2.938430578366033608e-01,4.829246398794307948e-01,2.763820191267200022e-01,-3.068285138169655757e-01,-4.231569032297445854e-01,-4.501486353437313820e-02,1.338010093548040458e-01,1.196930969893267999e-01,3.516852169884558954e-01,-3.792149669249768318e-02,3.151551583126201428e-01,-6.310808145739392992e-03,-3.530140165556700516e-01,-1.224287349815254659e-02,4.132828628622368106e-01,2.674945929411924328e-01,1.895680364853340738e-01,3.562571214684829846e-01,2.327812516118848707e-01,2.562115584907536103e-01,3.250112506874453522e-01,9.474695671018396048e-02,-1.865937549004747231e-01,-4.652839793022635340e-02,-1.972773409108901088e-01,-2.600187107624480354e-01,-2.285667852321913440e-01,-8.209811062579470964e-02,-1.011607634183312732e-01,-2.955566901325655249e-01,2.220578999262114508e-02,1.508790555339764236e-02,-3.355089377756089175e-01,-2.337744500979417328e-01,-3.076434857753622687e-01,-4.114282327163281128e-01,-3.374287624276458564e-01,-4.149142193750125773e-02,-2.144456787991170232e-01,-2.901037285770549645e-01,-2.526822695436097277e-01,-1.167064285368840243e-01,2.605927492673114076e-01,2.061326338571307648e-01,3.623663090176644785e-01,3.538454488724886993e-01,2.998485219846174776e-01,3.986640723021717680e-01,2.400877063916629917e-01
4.635945480573947647e-02,8.543475461093130718e-03,7.617920602818155883e-03,1.098967513250106998e-01,-9.347198990238193839e-02,-1.286021849520908866e-01,1.307580154502289704e-01,-5.204120368382371409e-02,-1.855379883836010988e-03,2.063387957758427149e-01,1.807806276341915597e-01,2.719567682739433834e-01,9.596720878710135461e-02,1.448798312572219527e-01,2.927023541090586489e-01,2.644154788600721062e-01,2.938430578366033608e-01,1.000000000000000000e+00,3.337335032433038640e-01,4.816146068191822227e-01,-1.965095250403473270e-01,-6.216378306695679451e-02,-1.223802199345674774e-01,1.881037206522159777e-01,2.071286587235872112e-01,1.604294018306605951e-01,1.507523938782595607e-01,2.762710980919580450e-01,-8.493442560327389701e-02,3.532812605115678156e-02,1.725943091769456816e-01,9.133919798867286277e-02,-1.446826480809547955e-01,2.738459057421073917e-03,5.248566656729117957e-02,-3.885079184788301637e-02,2.381832723550927622e-01,8.430387353819937535e-02,-1.223446893818276315e-01,-2.889334216731719862e-01,-2.518992686342365617e-01,-2.662785266765288483e-01,-2.577484565943007899e-01,-6.913974442916634433e-02,1.047732032327233775e-01,-1.100381682443294512e-01,-1.576956336780256929e-01,2.416345151901343469e-01,7.698898274971319178e-02,-1.853909031748616487e-01,1.773444104666786064e-02,6.557907707424586764e-03,-2.470191406227643660e-01,-2.427151340094254317e-01,-2.778943676674443530e-01,-3.849918410112275757e-01,-9.812013662202505315e-02,-2.810705717206800625e-01,5.229785398052726186e-02,1.226187762633853678e-01,1.775860404925478364e-01,2.045323699447608723e-01,5.671009415515661928e-02,-5.515394334995100262e-02,3.392137633226424698e-01,-1.661911735141745616e-01
3.043552365776957050e-02,4.118317951940335397e-02,9.689508641792301050e-03,1.863109800578059694e-02,-9.156973650914295229e-03,-1.278655277560846459e-01,-2.507554908859783993e-02,-4.427446491941745832e-02,-1.487704918474269944e-01,4.046910254102424609e-02,2.342900259494407889e-01,8.169090234125976624e-02,9.398482914341632632e-02,2.708659964674042242e-01,9.216932524255684600e-02,2.485510795929357364e-01,4.829246398794307948e-01,3.337335032433038640e-01,1.000000000000000000e+00,5.451324017971351799e-01,-1.569754362614010634e-01,-2.461858245243363497e-01,2.613275804506052791e-01,4.223568249618877002e-01,-4.444552539965846566e-02,3.370795999570962848e-02,-2.015756245431964966e-01,5.647067621787594388e-02,-3.157524960307102613e-01,-3.885482240379609653e-01,-1.949720639454288196e-01,3.119347919530918167e-01,1.665971516690635534e-01,-2.989708789823040946e-02,2.998925122528917075e-01,1.540962893112346119e-02,1.389570044931769666e-01,3.124260567929412202e-01,2.554055775288535113e-01,-1.864809758896594782e-02,-9.240473585955003011e-02,-6.506028206251607271e-02,-2.454651424276971805e-01,-2.593034599057180145e-01,-1.912278061374071414e-01,-3.038881887943031268e-01,-2.848689229037794646e-01,-5.127420416276066290e-02,2.180932224184431167e-01,-1.642388420166392971e-01,4.508595710746420709e-02,-3.133586323292192333e-01,-2.349785584004960293e-01,-3.191305193899552362e-01,-2.477140791271274511e-01,-1.627261262486235649e-01,-2.383911735975366430e-01,-2.219020592009444959e-01,1.163700375501559858e-01,2.838054492838862353e-01,2.389835943401911467e-01,1.613468627680017808e-01,2.627439193164420872e-01,5.541989215685816416e-04,2.168373362073728050e-01,1.640843671614245491e-01
1.372506253544290844e-02,4.884683894286956894e-03,-3.916575062647208866e-03,1.592045857587209151e-02,-5.386737342056507893e-02,-1.263528172981936704e-01,-4.281651053541099539e-02,-5.000006338447129939e-02,-1.142656886999774690e-01,2.203742623568168829e-02,1.747507029301668680e-01,8.022915919086927306e-02,7.108935443041042301e-02,1.802845333204318445e-01,7.379750434855326946e-02,1.193185519003072403e-01,2.763820191267200022e-01,4.816146068191822227e-01,5.451324017971351799e-01,1.000000000000000000e+00,6.953712184477063574e-02,-9.567402203912329928e-02,2.156075531192155892e-01,4.071382755495166483e-01,-1.252534053833457596e-02,-1.124963319820282970e-01,-1.525798314216861573e-01,-6.166077025443694954e-04,-4.225202357318503799e-01,-1.660471902505784858e-01,-1.546082587023449306e-01,5.129692108579737148e-02,-6.733262065888737102e-02,-2.138961266228248670e-01,1.183619178205997935e-01,-1.768530758474264608e-01,9.246560221723440498e-02,1.819643918025757590e-01,1.021741305220993934e-01,-8.267166129147629494e-02,-2.348225197695865685e-01,-1.330708562055049615e-01,-2.777214603923205960e-01,-1.850618278307897269e-01,-7.962383932393769792e-02,-2.747961884948343370e-01,-1.952281547300453723e-01,8.269434149807192158e-02,2.571600380278123432e-01,-5.397849956835118479e-02,1.848686163620043843e-01,-1.283122137550974928e-01,-1.522523185953663094e-01,-2.736795061863816492e-01,-3.436562057342475995e-01,-2.253068829304278320e-01,-1.336178187210627644e-01,-2.087157885572852589e-01,2.026403719447355534e-01,1.828148568830548493e-01,1.821497551392881054e-01,2.737710973594616876e-02,6.295952816295452559e-02,-1.976201636461806799e-01,1.400956958316494083e-01,-5.941813367743307289e-02
-6.248988099756362657e-02,-8.265535480072833119e-02,-5.840994475340363645e-02,-9.109904659856403464e-02,-6.817082017844289243e-02,9.886286333540691973e-02,-3.830685186859180552e-02,5.541836084828281883e-02,3.654393357689809246e-02,-8.469965102953867786e-02,-8.475984260720385854e-02,-1.307789993564349718e-01,-4.525115152448096201e-02,-7.589067661245511853e-02,-1.712399067303031208e-01,-1.826636993750705429e-01,-3.068285138169655757e-01,-1.965095250403473270e-01,-1.569754362614010634e-01,6.953712184477063574e-02,1.000000000000000000e+00,2.539252157961358058e-01,2.377598138483666690e-01,-8.438581089567316618e-02,-3.002942130905254525e-01,-4.960917900975389538e-01,-3.262765206165257892e-01,-5.017624757275954694e-01,-3.281067945342192593e-01,1.853941069087867641e-02,-3.193046902974624457e-01,-2.899478797875110758e-01,-1.001865789696852888e-01,-3.638429752756257574e-01,-2.154242312219890598e-01,-2.901227282958684928e-01,-3.504024595215757265e-01,-1.718933724243695005e-01,9.657109421074931699e-02,2.723587419456778846e-01,9.459871808816593119e-02,2.445909610935789458e-01,1.890133248176236180e-01,4.433240432039265572e-02,-1.103344896272166198e-01,-7.030668046620228151e-02,1.767870363068812511e-01,-1.776650368108109168e-01,1.555176858095093095e-01,3.426011510235568713e-01,3.040485251767726660e-01,6.674752634988395661e-02,3.370950982368616788e-01,2.002463247768928312e-01,-2.398184230280966944e-02,2.626040064100044202e-01,1.928423031960560807e-01,2.333086888680707127e-01,2.043919763870553630e-01,-5.187020125012491850e-02,-5.628637573768541930e-02,-3.421852570796137805e-01,-1.813702255857571888e-01,-2.233451833673911480e-01,-3.120021911376041901e-01,-2.876576883155271616e-02
-4.194896960548918224e-02,-4.296309414481520872e-02,3.228149824551291430e-02,2.178679135035497053e-02,-3.656127642311213927e-02,7.368486268359421276e-02,3.707234215206169081e-02,1.320884393505655230e-01,1.782166991842596415e-01,-3.326754142631243444e-02,-2.209456908420376064e-01,-9.334795464385897690e-02,-6.412548736381572245e-02,-2.349263437949016264e-01,-1.438363303875966892e-01,-1.928046706681042777e-01,-4.231569032297445854e-01,-6.216378306695679451e-02,-2.461858245243363497e-01,-9.567402203912329928e-02,2.539252157961358058e-01,1.000000000000000000e+00,9.046682613089308822e-02,-1.218538215415417014e-02,-3.383598380595172813e-03,-4.296536149526015147e-01,1.366909658786212012e-01,-2.346034961849435274e-01,-4.047905320130540385e-02,3.773077278019699721e-01,9.555766256512092383e-02,-3.432587162261112046e-01,-3.534573863200555222e-01,-2.375368857900777009e-01,-3.980303086062640383e-01,-3.219329599227587213e-01,-2.418346520673778366e-01,-3.637864980347201849e-01,-1.605131012512273636e-01,1.263673430894399208e-01,-3.644556112196796309e-03,1.434057684455621873e-01,1.970686073240693337e-01,1.930184547302286058e-01,1.159741451904857529e-01,1.247260740904818643e-01,2.965404585821439509e-01,6.753717920126423024e-02,2.925658274831730021e-02,3.187098824411438991e-01,2.684502811140362932e-01,3.531176955423712127e-01,3.420940008440678248e-01,3.001018392140726854e-01,-3.611407989155396552e-03,1.351706818893407824e-01,3.094226239630648578e-01,2.194231663965840184e-01,1.691374712609983177e-01,-2.390433032546478154e-01,-1.614589761869416329e-01,-2.842991027312715135e-01,-3.184281582217097784e-01,-2.801420553324208140e-01,-2.968957944430830054e-01,-2.502893985113832098e-01
-4.260756354149837499e-02,-2.066495758415408043e-02,1.833935232941556054e-02,-6.708701780682953253e-03,2.027858353697455443e-02,2.874961953541258289e-02,-8.352569742176652046e-02,1.313184261846012946e-01,-5.377386838363493182e-02,-1.174558635734326700e-01,-9.648588244485460652e-02,-2.358766165697918638e-01,-1.183402628720706395e-01,-3.522826956081995947e-02,-2.601931919809997718e-01,-1.833597116329452048e-01,-4.501486353437313820e-02,-1.223802199345674774e-01,2.613275804506052791e-01,2.156075531192155892e-01,2.377598138483666690e-01,9.046682613089308822e-02,1.000000000000000000e+00,3.135849810392250525e-01,-5.813301602949297875e-01,-4.058398050376867960e-01,-3.657936030069779965e-01,-3.956569305828460670e-01,-3.370721436642735158e-01,-2.894488927176831483e-01,-4.296628881279791479e-01,2.945700730194590611e-02,8.001273730048928667e-02,-1.594197579731871928e-01,-5.475144365113462398e-03,-1.497200171105105004e-01,-2.307621363531267844e-01,1.508628578795742636e-02,2.151305831086677001e-01,2.927278298982921023e-01,1.481031720399059171e-01,2.598544936253731619e-01,1.037058602288900566e-01,-8.346121615062930543e-02,-2.290173632978368679e-01,-1.555420701773192749e-01,-2.619545591595414530e-02,-2.737573895478865316e-01,8.884608891994039137e-02,1.646597835153111589e-01,1.322062386892096930e-01,-1.401650875607504954e-01,1.921198473448079425e-01,7.882107491345631545e-02,2.505384419788529021e-02,2.480267508380925578e-01,3.639694947109564649e-02,1.567482175186013793e-01,1.393016968777550935e-01,3.274609813746195974e-02,-1.550652179479451937e-03,-2.153985078270170828e-01,-2.005352392876525933e-02,-1.017823632224960362e-01,-2.641842118914863868e-01,1.046587967141050651e-01
