1.000000000000000000e+00,5.286611012315945990e-01,4.973132878968222759e-01,-3.965571236121567256e-01,2.014925062102004560e-01,1.290577328327040529e-01,-3.609255178620043858e-01,-6.685472128561874561e-01,-2.363852867191458262e-01,-3.509574986644192207e-01,6.343389726355043445e-02,-2.395107116189524876e-01,-4.671694479815852730e-01,3.333213936809465427e-01,6.747181006317715113e-01,8.502803424282794065e-02,-1.203425589832977510e-01,5.058978411732725222e-01,5.186944413665391940e-01,-1.031428899580699304e-01,1.146211801553945753e-01,6.614551692962031826e-01,3.221872386629844875e-01,5.283093680183815755e-01,1.623571281740833760e-01,8.595573210599975755e-02,3.381689781901635605e-01,3.598846530194099724e-01,8.460426140260550454e-02,3.788770019415108048e-01,3.981978027966515121e-01,3.852009978854655792e-01,-1.922942414443888637e-01,6.596740987304491322e-01,-2.575898470071976698e-01,2.588737649481825387e-01,5.001413744795721872e-01,-1.778239324788253584e-01,1.955509798638674357e-01,-4.118435864609098496e-01,5.916993697697312538e-01,-1.135856548630725382e-01,4.113759675563575247e-01,3.421397685335266468e-03,4.776896621336441662e-01,2.744467271337406866e-01,3.773954624154814419e-01,2.303382072114245130e-02,5.166131558269003721e-01,4.507138897722423043e-01,2.906225656925607304e-01,5.874332880547806779e-01,6.440316622001368563e-01,5.462775195785403159e-01,6.370414304404705685e-01,5.515276910649361541e-01,5.184730676453793707e-01,-4.203397999801544160e-01,-4.897513683391827577e-01,5.616251375946306190e-01,2.053544370408162678e-01,-7.296016407590013575e-01,-1.996518134684228951e-01,-1.056422291474138769e-01,8.780328820388383360e-02,-2.945377440803310098e-01,-5.188208119265779183e-01,-6.504436431469180491e-01,-3.071177458196175936e-01,2.002058797165363058e-01,4.678718026547589726e-01,7.422307456660467428e-01,2.416516995508236343e-01,7.061387776783784043e-01,2.502841328052959335e-01,-4.994996407251747206e-01,1.253562683018275836e-01,2.376424294149143690e-01
5.286611012315945990e-01,1.000000000000000000e+00,1.944312976053388584e-02,-2.386971283590856863e-01,6.197575946784995155e-02,5.032412797189450560e-01,-5.138441215597998601e-01,-6.032656857466803801e-01,-5.940078489307522025e-01,-1.249916988635998288e-01,-5.360473409538407674e-02,-1.824820383993843165e-01,-7.047285923487526249e-01,-7.118309769084539551e-02,7.443148491176001524e-01,-3.230877580553870310e-01,-5.297749228971632141e-01,6.566432097030554527e-01,4.693741730946867641e-01,-6.326357598725365072e-01,-5.102937126666119705e-02,8.085163256548765220e-01,-1.487587349223103150e-02,8.012444615102264356e-01,1.041234271128477218e-01,-5.103890862428568376e-01,2.621423503938280497e-01,7.781013188329847230e-01,2.986474543807506876e-01,-1.566226683752675736e-02,1.725628504549191478e-01,-7.156165304974540509e-02,-2.038369336191812875e-01,5.049234538599138844e-01,3.678713565086255688e-01,6.152449905919746831e-01,5.439861885881674963e-01,2.705264952929861688e-01,3.882625088194943119e-01,-4.573293364956859119e-01,6.944809356935767453e-02,-4.845557710499794335e-01,-2.382816396649067303e-01,-2.569221983304158519e-01,3.542353183319806309e-01,-1.820738593945673833e-01,-1.276099786299178529e-01,-5.302284177116328712e-01,1.050170869044115968e-01,6.053505391939563163e-01,5.078905929066424019e-01,3.266900288748691428e-01,4.373230535457540147e-01,-9.911709706773809414e-02,2.077125854033889385e-01,3.549901008301156180e-01,6.208613193094184579e-01,-1.336822144883793029e-01,-1.770987760482195805e-01,5.659467823334877190e-01,4.422386467143218924e-01,-3.658019743267879043e-01,2.288878889074707004e-02,-4.921191984871859937e-01,1.231163113454722263e-01,4.612242268780421539e-01,9.357167157111236089e-02,-2.649397870619840667e-01,6.330957696927781708e-02,1.398085770633366622e-02,4.588055673154533415e-02,4.924849433607452198e-01,2.294489298865732829e-01,4.660807143814746922e-01,7.545454440268412055e-02,-6.816375918187624894e-01,-2.289973840924372506e-02,-1.704824971336290074e-01
4.973132878968222759e-01,1.944312976053388584e-02,1.000000000000000000e+00,3.196441032429764850e-01,6.101881721145393511e-01,2.084275506582961290e-01,3.224301917725556632e-01,-2.677871287466995764e-01,3.056125246906633008e-01,6.516227679051575516e-02,4.251479456891283371e-01,2.663098943097670923e-01,1.452934054414346254e-01,4.244612658938106686e-01,3.370466330449867903e-02,-1.260986351470777256e-01,4.939902249937209722e-01,4.370132028479719599e-01,-1.807405776989350898e-01,1.069084655538129758e-01,6.158299179075205076e-01,2.264948155995772927e-01,-7.408047386852283089e-02,1.250953752275477671e-01,-4.458721648470111432e-01,2.901561957733641561e-01,6.464788970126392753e-01,1.461325401320139328e-01,-5.541049073722069673e-01,-6.126557859641851289e-02,-2.376626630924638106e-01,-1.124445406645402101e-01,-4.406443583594808477e-01,-5.567234438907378569e-02,-4.633303701859794455e-01,-1.164714760958492912e-01,-1.743927410256190524e-01,-5.669849739670494992e-01,2.463591998367549996e-01,2.615489925010675565e-01,6.241382895526957908e-01,3.754978046222318677e-01,2.454559143120004783e-01,4.925425472336197874e-01,5.425813688963401216e-01,5.547693489199749806e-01,5.317414153887222161e-01,2.468752322996508597e-01,3.433134599498405826e-01,-2.133743801033446963e-01,-2.229523562302316575e-01,7.446421218506743545e-02,3.876720436472116393e-01,3.989720184081287369e-01,2.031542510643514488e-01,4.447212022823683886e-01,2.263192651290205359e-01,1.111821098442998951e-01,-4.972252263174911091e-01,-1.189348888014240546e-01,2.608743114924531592e-01,-2.699608714271163890e-01,-5.161853382618166730e-01,-1.299699863982557713e-01,-5.043949702074581598e-01,-4.316138057410032758e-01,-2.418009927438072026e-01,-3.212339967293766918e-01,-4.875395196334951220e-01,-2.775553902088882530e-01,4.902402172896224569e-02,1.211958005528422505e-01,4.031974282359868100e-01,4.801922052884706749e-01,-1.884462138953556798e-01,-5.218681454475664061e-02,3.910138390499060534e-01,1.768727021529441501e-01
-3.965571236121567256e-01,-2.386971283590856863e-01,3.196441032429764850e-01,1.000000000000000000e+00,5.902011532012348960e-01,5.428844044450888973e-01,7.249230482952847554e-01,4.620137239113703553e-01,1.810717405183665529e-01,7.815453188624365000e-01,3.753761174649573040e-01,7.585595069899496723e-01,3.251143896525969246e-01,-1.455411931381626334e-01,-5.645128916294543941e-01,-6.716525372880587375e-01,5.003770384308895425e-01,2.884342323501773442e-01,-8.285715158743671704e-01,-2.351847438503320564e-01,6.614715035478127003e-01,-2.126180011515447776e-01,-7.880832693921652199e-01,-2.338300635463120836e-01,-8.747122636984265842e-01,-1.211629307600000927e-01,5.027923860417058410e-01,6.559751475387491648e-02,-7.566617708924360253e-01,-6.941137137671785640e-01,-7.585461253150209693e-01,-7.421699250909435941e-01,-4.998698255598873486e-01,-6.213871503988196432e-01,3.560027142857467852e-02,-1.729181973584152307e-02,-5.385545795340304087e-01,-2.297794233820241172e-01,4.052544597878628974e-01,5.768352586501046542e-01,-2.905326686035519454e-02,2.302767746147440509e-01,-4.561028151382320317e-01,3.640067353777322046e-01,2.409055116529182083e-01,2.128452935066119378e-01,1.441806847383030610e-01,1.598092441836689373e-02,-1.977250764887065193e-01,-4.179666161096856625e-01,-4.229157074841684016e-01,-6.054644243991083030e-01,-4.037644973639307744e-01,-3.554483297108640971e-01,-6.696414941831593248e-01,-1.724756071176513500e-02,6.646508421705099590e-02,8.456083337229441943e-01,-2.441538304595669562e-02,-6.085859802490970472e-01,4.422082558956322851e-01,5.579734530742483933e-01,-3.479213435939339516e-01,-4.655354940226418825e-01,-7.631248075701725364e-01,1.709247223894263257e-01,5.459568042489224560e-01,3.438506346279722736e-01,-1.364040998376124803e-01,-7.437695476266670269e-01,-7.227792919540826366e-01,-5.602869770459084631e-01,4.801810335943287877e-01,-1.560011888928988233e-01,-7.732715151749658400e-01,9.131776546614098211e-02,1.084324255193634262e-01,-4.646841363611575737e-01
2.014925062102004560e-01,6.197575946784995155e-02,6.101881721145393511e-01,5.902011532012348960e-01,1.000000000000000000e+00,4.744730344558166779e-01,5.929257291781694361e-01,-1.888389708652840615e-01,2.987650485523860588e-01,5.143594683203273066e-01,7.724520256596461021e-01,7.370377792109085169e-01,2.765637852346549685e-01,4.990688251958957933e-01,-7.929822364035780946e-02,-3.643157368090304549e-01,6.158667324120826736e-01,5.935281898134510126e-01,-4.021072958174317091e-01,-2.172681397520263152e-02,8.537187597506251668e-01,1.961000865285051353e-01,-3.747923339264670473e-01,1.501294102873868518e-02,-7.456178712791496910e-01,2.323676823039391715e-01,7.767997647575791698e-01,1.609630094226381924e-01,-7.381651022873307877e-01,-1.564836075431128848e-01,-5.614972211341539010e-01,-3.380634194508719825e-01,-6.590848888699932795e-01,-3.175819889079152802e-01,-3.918628940613784750e-01,-1.418527300092506938e-01,-4.730992934643447057e-01,-6.947390561546132881e-01,4.210765259032185348e-01,5.837226529107619744e-01,5.851778038896654488e-01,5.004564694294361127e-01,-3.007501004839175859e-02,6.770410948494880454e-01,6.625659992764453277e-01,5.557880271058940336e-01,5.077690035211309683e-01,1.458965601783349664e-01,3.698896225883900879e-01,-1.641163471057912049e-01,4.833407551254199908e-03,1.122056169221348140e-02,8.979782730653014522e-02,8.709465476920309757e-02,-6.365655734263715726e-02,5.431774208810276061e-01,4.596516883303327639e-01,5.081477939777150343e-01,-5.680016157623913875e-01,-2.927613797736851597e-01,5.934122329056936707e-01,-6.310520917917696038e-02,-6.370051055391050543e-01,-4.890887536303369365e-01,-7.622349317460213047e-01,-2.454708093953509029e-01,-7.291970160861873350e-03,-3.338506785773389107e-01,-6.940411672491061390e-01,-6.840019102736595302e-01,-1.805520040032473628e-01,1.654102388360300865e-02,8.026134826516592158e-01,5.430640603611287531e-01,-6.437686976971860320e-01,-3.881882540729613557e-02,5.364076196784838269e-01,-2.136935760472944562e-02
1.290577328327040529e-01,5.032412797189450560e-01,2.084275506582961290e-01,5.428844044450888973e-01,4.744730344558166779e-01,1.000000000000000000e+00,9.391396583222579031e-02,-8.490993044734114481e-02,-4.814049305549082947e-01,5.155356597615470271e-01,1.419847219065250576e-01,4.008609488857151071e-01,-4.551137805484725685e-01,-3.043619990782578943e-01,2.024313352952969436e-01,-8.299646473529938007e-01,-1.270984385371221326e-01,7.669763709765095028e-01,-2.314893618014259025e-01,-7.742646325229680659e-01,4.106979962400786888e-01,5.161442270004685806e-01,-6.827814650539574259e-01,5.019204855344716609e-01,-5.798732976315815746e-01,-6.139077955313665402e-01,5.429219484203590129e-01,7.067146961707541086e-01,-2.879220091929501901e-01,-5.427508877263127474e-01,-3.268710630102446002e-01,-6.217765625017267483e-01,-6.368541002069711965e-01,3.791605287818365644e-02,3.915739486326723084e-01,5.900523900959291357e-01,1.180968846939632333e-01,1.250845689227934598e-01,7.049928692780337292e-01,-1.284336970475219962e-02,5.948386081568837573e-03,-3.486389827158734578e-01,-5.428888967100228280e-01,-4.607255203688473411e-02,4.474312163227472383e-01,-5.519743453390336951e-02,3.535782472401712700e-02,-4.444540183042771098e-01,1.106681028003041927e-03,2.940749597484241806e-01,1.027332195431291256e-01,-1.838484328532859202e-01,-8.807722262843216410e-02,-4.078119452323482053e-01,-3.719358492613911160e-01,1.742965613690275473e-01,5.236596717829568037e-01,4.933980741225346689e-01,-1.901312135608564102e-02,9.242793989506999097e-02,6.204282668224603281e-01,1.639001073115792795e-01,-1.077309344949479164e-01,-7.149576295715674989e-01,-3.986599386959347457e-01,5.204136362737827870e-01,4.739917337504369055e-01,7.319772515883177233e-02,5.485955600936721910e-02,-5.457543893628536980e-01,-5.895927704410057757e-01,1.935424327863825497e-02,5.838832344700798371e-01,1.955599244803584713e-01,-5.455156410733996708e-01,-6.091723663485941742e-01,-7.288739403501816316e-02,-6.267983696593664167e-01
-3.609255178620043858e-01,-5.138441215597998601e-01,3.224301917725556632e-01,7.249230482952847554e-01,5.929257291781694361e-01,9.391396583222579031e-02,1.000000000000000000e+00,5.309400740471816871e-01,5.474708106761285720e-01,6.894604098308356743e-01,4.917556395561700766e-01,7.792306808981469546e-01,6.849520684601819731e-01,1.970824282707538122e-01,-7.392805617239061045e-01,-2.789481729220389394e-01,7.911671912856380606e-01,-1.136158818366347044e-02,-8.271079424698636329e-01,2.440798668959135165e-01,6.708641134043533683e-01,-5.140952393811475396e-01,-5.118579630551778337e-01,-6.223171770718692875e-01,-7.507561868971481811e-01,3.285631055917359045e-01,3.731535101579687708e-01,-3.926041225905160803e-01,-8.318430795104836406e-01,-4.195688327191534062e-01,-6.436512673096914661e-01,-4.285539185990028255e-01,-2.546314351425585376e-01,-6.663272432593501104e-01,-3.157493041190800320e-01,-4.112474571777885446e-01,-6.876168824270143531e-01,-4.754999678073160152e-01,5.590794828502936020e-02,6.812399821070698192e-01,1.317156791620177902e-01,5.639263285535303094e-01,-5.807496939021194321e-02,5.413628502605469794e-01,1.527599648187108472e-01,4.007894392817716311e-01,2.619579477215870367e-01,2.262026573880996927e-01,-1.520272687980958604e-01,-5.995224119209264790e-01,-4.848787376610722566e-01,-4.774050879466497643e-01,-4.261788569438380581e-01,-5.556750563981466273e-02,-4.324760610647434556e-01,-2.897132386479339683e-02,-1.611751077235702434e-01,6.668502881547319072e-01,-1.032791932794580592e-01,-7.255431319888000496e-01,2.126703324451530153e-01,4.634761131069694007e-01,-3.909034570792744301e-01,-1.925443200982773218e-01,-6.831562268009778727e-01,-2.390537547835410725e-01,2.779216905577875929e-01,2.578973178338953010e-01,-3.284122981347223913e-01,-6.742540047760607891e-01,-4.638532979071557372e-01,-5.856531334974688363e-01,3.697607982420175743e-01,-1.270974229307771652e-01,-6.444357652166600170e-01,4.442753551175797622e-01,1.854388309202127938e-01,-1.520381616227674260e-01
-6.685472128561874561e-01,-6.032656857466803801e-01,-2.677871287466995764e-01,4.620137239113703553e-01,-1.888389708652840615e-01,-8.490993044734114481e-02,5.309400740471816871e-01,1.000000000000000000e+00,1.018035045009119538e-01,5.077629331094973830e-01,-2.740887659111338470e-01,2.840195192093988297e-01,3.769754782842099083e-01,-5.225865102826500186e-01,-8.103217140867060575e-01,-2.373904932524114608e-01,1.912030850515546165e-01,-4.669181917968974194e-01,-6.871271721118643594e-01,2.382623408581928739e-02,-2.591677404584113303e-02,-7.186833942049150048e-01,-4.912948692897555758e-01,-6.380628132335002256e-01,-2.901373121418909795e-01,-1.171947865394550037e-01,-3.297332338272302987e-01,-4.299630326661363910e-01,-2.704961452622925977e-01,-5.219664116674807008e-01,-3.904083828430642278e-01,-4.202994669005632455e-01,9.354470856047687743e-02,-5.219024408024253159e-01,2.099709746655609721e-01,-9.004512267801703662e-02,-3.250565635451297397e-01,2.483143989811259778e-01,-3.103422288042139571e-02,2.478512014470655722e-01,-5.243532522344394042e-01,-7.238666044849091825e-03,-3.297198415694908014e-01,-8.875822844426174696e-02,-4.144930469003566542e-01,-2.417948598966369322e-01,-1.635726407565868679e-01,1.040743650081221300e-01,-5.191775381985843651e-01,-4.541945869041525419e-01,-5.414064474468924804e-01,-6.648047228786285734e-01,-8.033893631454447348e-01,-4.414580042620233069e-01,-6.843413598783291141e-01,-6.751018164661977128e-01,-5.396863093181443194e-01,5.124573432487150582e-01,5.956811254220387708e-01,-5.518036981497025373e-01,-1.525573060853601948e-01,8.076375963095000499e-01,2.140151708186763257e-01,4.409320595446925006e-02,-1.409730511723246704e-01,1.685693831207582261e-01,5.045912315516525304e-01,7.455636334258566311e-01,3.746336502470316576e-01,-3.099644056590665220e-01,-6.352392403331166282e-01,-8.004075489726144577e-01,-1.755114964692350288e-01,-7.858904404600867144e-01,-3.527558417399951352e-01,3.765358200353785545e-01,-4.063406366040790418e-01,-4.299879714701709266e-01
-2.363852867191458262e-01,-5.940078489307522025e-01,3.056125246906633008e-01,1.810717405183665529e-01,2.987650485523860588e-01,-4.814049305549082947e-01,5.474708106761285720e-01,1.018035045009119538e-01,1.000000000000000000e+00,4.936284487824260658e-02,6.081651178976430483e-01,3.569265349694510370e-01,8.634091692294442177e-01,6.409067198189140058e-01,-5.146467448693968771e-01,3.839585883575941661e-01,7.923987011695158289e-01,-3.221704015983090086e-01,-3.797746073956950741e-01,7.659963843867659827e-01,4.121759056981078584e-01,-5.501486707768320494e-01,1.578118091814910695e-01,-6.672181847442645308e-01,-2.283417427165365665e-01,7.686757356804958530e-01,1.420842501798465773e-01,-6.681508409786941494e-01,-5.112215971002890269e-01,1.567942946297861684e-01,-2.861722249629148895e-01,1.124090824689239626e-01,1.657939455395643635e-01,-5.662442202582560480e-01,-6.208697413514628893e-01,-8.422180323119283774e-01,-7.439797593792560892e-01,-6.676917354347257083e-01,-4.593088907932915133e-01,6.959980332153341553e-01,2.698477859225330566e-01,8.341637751941874956e-01,3.560040706983399472e-01,6.404588210001117554e-01,1.173591857790144688e-02,5.101457358077373661e-01,2.722940738534636029e-01,5.156275586217686779e-01,1.363164127008146820e-01,-6.731039461724320772e-01,-2.677438660608444376e-01,-8.143668269265000315e-02,3.649860430755794832e-02,3.593560560268833082e-01,4.889498819838459381e-02,1.384636493268308899e-01,-3.747159600275954405e-01,1.053785279882217540e-01,-3.561104775954930801e-01,-6.379674872423591880e-01,-2.120878573136123768e-01,3.215042539495561319e-02,-4.510241865555896790e-01,3.765831238877507259e-01,-3.680258243972253651e-01,-5.992819935988676905e-01,-2.732889515948580539e-01,-1.311481645812692942e-01,-5.031857276801267043e-01,-1.338473150283364943e-01,2.152025787371477095e-01,-2.850975800821664019e-01,5.092169109513947772e-02,4.010784840998606049e-02,-1.371709122585422214e-01,7.610093807598724558e-01,5.537978452962480924e-01,4.809808939204025524e-01
-3.509574986644192207e-01,-1.249916988635998288e-01,6.516227679051575516e-02,7.815453188624365000e-01,5.143594683203273066e-01,5.155356597615470271e-01,6.894604098308356743e-01,5.077629331094973830e-01,4.936284487824260658e-02,1.000000000000000000e+00,3.985335242998332972e-01,8.602506215361471753e-01,2.531088053590347386e-01,-2.000401419088362887e-01,-5.359133935316958697e-01,-7.231684635272837003e-01,4.217253248496670714e-01,3.049104449565969710e-01,-8.065736320461841524e-01,-3.266703390390092165e-01,6.193239754778967487e-01,-2.064457495492313388e-01,-8.329437017905075846e-01,-2.899391519371138370e-01,-8.241925088381253373e-01,-1.883836881659453344e-01,3.812964791908187157e-01,3.742286687252773664e-02,-6.865719156509084709e-01,-6.734248922088975631e-01,-6.630311959761170382e-01,-6.963492371725794605e-01,-4.628149079521729492e-01,-4.603249401695237997e-01,1.267077719592341056e-01,7.762550322994057894e-02,-4.308358042510984087e-01,-1.303309495084075398e-01,4.296623463659942077e-01,4.708294565479381744e-01,-8.860864484073208147e-02,1.232789566857064451e-01,-4.899199606140419716e-01,3.003974669844701184e-01,2.848557268821114152e-01,1.340621157230921789e-01,1.625196542368369801e-01,-1.477406086100622462e-01,-1.424268949158117858e-01,-1.646096823831024458e-01,-2.318208134900857365e-01,-5.547652047917337459e-01,-5.362621376870068124e-01,-3.915779544715476401e-01,-6.698451648835173078e-01,-4.268447160901243931e-02,1.590750118812986613e-01,8.636395980450598531e-01,3.031266801759298704e-02,-5.330167651819157637e-01,5.385451466453596847e-01,5.695182723020396631e-01,-2.751954652454467465e-01,-6.036796756060189839e-01,-6.397664471194894897e-01,2.778387885752258146e-01,5.733057375753402019e-01,3.283136929153786521e-01,-5.360080538433725783e-02,-7.828226816162413559e-01,-7.518089350841545837e-01,-5.043626508182346146e-01,5.555209706786143897e-01,-1.831522491642406936e-01,-8.340850997174976689e-01,3.768094472655829363e-02,-1.385589193429707933e-02,-6.056291298559580705e-01
6.343389726355043445e-02,-5.360473409538407674e-02,4.251479456891283371e-01,3.753761174649573040e-01,7.724520256596461021e-01,1.419847219065250576e-01,4.917556395561700766e-01,-2.740887659111338470e-01,6.081651178976430483e-01,3.985335242998332972e-01,1.000000000000000000e+00,7.133124279149777314e-01,5.095910887077449436e-01,7.059318489770921579e-01,-1.456509184642715282e-01,-1.015845266523836971e-01,7.320507314427400214e-01,3.723724947129727902e-01,-3.589181390727573806e-01,2.652944881997891247e-01,7.933496877557705274e-01,8.462130913656438699e-03,-1.581634284700703941e-01,-1.860286091680643517e-01,-5.634580773050973379e-01,4.551354138888384915e-01,6.177777651198305131e-01,-9.213427759495004810e-02,-6.514883831792577240e-01,4.582083335202438018e-02,-4.537981625399532537e-01,-1.453872848363598203e-01,-3.836071697460696761e-01,-3.717068035619631727e-01,-5.183920564101589523e-01,-4.521259307951934203e-01,-6.429322982644490869e-01,-7.863473325766359157e-01,1.021576838404573556e-01,7.086164433860459022e-01,5.455230177969397909e-01,7.030746466239999881e-01,8.650291231515064294e-02,8.094282638049745682e-01,5.630720271188107695e-01,6.430995856431112045e-01,4.699714424774724675e-01,2.295562984530568063e-01,4.472876242418151738e-01,-2.499156981940263977e-01,7.919319136517399826e-02,6.289511476226643250e-02,1.935489225069343400e-01,2.453118119769955308e-01,1.802166652029005278e-02,6.008936382721399294e-01,2.967300430458034155e-01,3.821958360877499850e-01,-6.955939065532236176e-01,-4.558816673788028129e-01,4.123263292016868808e-01,-1.500980792609384051e-01,-7.267165501474559530e-01,-2.438156141273020716e-01,-6.796992356989683959e-01,-3.424245789472155632e-01,-1.504752430278683828e-01,-4.432225722867743634e-01,-7.113555701952614108e-01,-4.881223104157215720e-01,5.019112210170591226e-02,3.301286099241121375e-02,6.767114675647649680e-01,4.973341565300350431e-01,-5.185923242604585370e-01,2.418000641605361767e-01,7.716293694600683262e-01,2.149950177881269908e-01
-2.395107116189524876e-01,-1.824820383993843165e-01,2.663098943097670923e-01,7.585595069899496723e-01,7.370377792109085169e-01,4.008609488857151071e-01,7.792306808981469546e-01,2.840195192093988297e-01,3.569265349694510370e-01,8.602506215361471753e-01,7.133124279149777314e-01,1.000000000000000000e+00,4.850839901944641319e-01,2.065421446683335105e-01,-5.004860589296702411e-01,-5.324306167906193155e-01,6.927205442641741762e-01,3.488697552696548576e-01,-7.670815570377478299e-01,-5.221469474695664831e-02,8.189180887995015645e-01,-1.991051825955552912e-01,-6.580538453101348884e-01,-3.535335898747064554e-01,-8.649375552443949733e-01,1.423968636420391010e-01,5.746681909879389760e-01,-7.861761419120370797e-02,-8.361514933955825901e-01,-4.500079871651757601e-01,-7.235716910422412829e-01,-5.610988256710420785e-01,-5.003183333305610825e-01,-5.502409808466345309e-01,-1.724011209217532758e-01,-2.091158803775368946e-01,-6.416734910954110527e-01,-4.758213419011425027e-01,3.098472157046077702e-01,6.921081068355627863e-01,1.822655123775677177e-01,4.524498207296537844e-01,-2.581299487991411956e-01,5.739935069002586321e-01,3.902371220946911912e-01,3.671498826176758934e-01,3.430864905853526214e-01,4.580301610676996982e-02,5.582733295550042912e-02,-3.087949977587349792e-01,-1.858657163836787973e-01,-3.867006403218981592e-01,-3.358145643073864872e-01,-1.699310716773310692e-01,-4.687214340588082284e-01,1.912518409489456506e-01,1.839112760770166000e-01,7.927715913284822946e-01,-2.719302632187475810e-01,-6.178867722340378732e-01,5.140989722011177765e-01,3.746283542270644196e-01,-4.866673155564255615e-01,-5.085762187236597676e-01,-7.857151769583387013e-01,-9.415678865075485446e-03,3.884671468788828408e-01,7.985319203131042987e-02,-4.335947926975975975e-01,-8.387441180931327622e-01,-5.140460821428508575e-01,-3.828678806486034425e-01,6.862622299511880186e-01,7.968988188307417342e-02,-8.394403757234767394e-01,1.972430381773978281e-01,3.120133221783684130e-01,-3.071459893981257072e-01
-4.671694479815852730e-01,-7.047285923487526249e-01,1.452934054414346254e-01,3.251143896525969246e-01,2.765637852346549685e-01,-4.551137805484725685e-01,6.849520684601819731e-01,3.769754782842099083e-01,8.634091692294442177e-01,2.531088053590347386e-01,5.095910887077449436e-01,4.850839901944641319e-01,1.000000000000000000e+00,4.762189218479561670e-01,-7.511584045723100900e-01,2.841626690477253026e-01,8.129271143646854547e-01,-4.422105593256577261e-01,-5.780676419366334029e-01,7.248601379122961985e-01,3.912535499985134169e-01,-7.414064102569333237e-01,-1.607742083731714469e-02,-8.041510013637811483e-01,-3.050223078096423457e-01,6.875060728502020435e-01,3.748862226637228456e-02,-7.385060691865165117e-01,-5.457271968196915068e-01,4.198345400855398382e-03,-4.787099078722026890e-01,-4.208995800250441705e-02,1.642778537960244700e-01,-7.479433242944575344e-01,-5.219334210041807198e-01,-8.466470745224474737e-01,-8.536990532490984496e-01,-5.879816385630934894e-01,-4.287692053880867160e-01,7.869547375411568568e-01,9.475679279576268432e-02,8.235986339914324050e-01,2.099584292821182752e-01,6.191304420039160927e-01,-1.099511948741762890e-01,4.108472482336257836e-01,1.934881230098250415e-01,4.940418830297999553e-01,-1.145093919048545753e-02,-7.415894295396169289e-01,-3.115930463162507325e-01,-2.685121645507551058e-01,-2.509865945315978841e-01,1.477523885378571600e-01,-1.847018174216491226e-01,-7.545990229642592084e-02,-4.722813200374321174e-01,3.248678291477188340e-01,-1.533005357565477844e-01,-7.869793631012138579e-01,-1.953771593088751979e-01,3.161516837060844853e-01,-3.745823068550989676e-01,3.108379925710463287e-01,-4.370864756435327014e-01,-5.052340942918815969e-01,-5.243640607808756904e-02,1.324239452780526238e-01,-4.003998118058812450e-01,-2.712652039081376310e-01,4.015514651674913227e-03,-5.412280814199706969e-01,9.594275028230420804e-03,-2.099599735527896416e-01,-2.641721564468428873e-01,8.471972081957033218e-01,4.189592639404399188e-01,3.554173522498916271e-01
3.333213936809465427e-01,-7.118309769084539551e-02,4.244612658938106686e-01,-1.455411931381626334e-01,4.990688251958957933e-01,-3.043619990782578943e-01,1.970824282707538122e-01,-5.225865102826500186e-01,6.409067198189140058e-01,-2.000401419088362887e-01,7.059318489770921579e-01,2.065421446683335105e-01,4.762189218479561670e-01,1.000000000000000000e+00,1.348941953127480997e-01,4.547430443879844075e-01,5.958933611110642792e-01,1.329380843694619174e-01,1.331338618781133798e-01,6.174884640185817064e-01,4.565925559625812480e-01,7.029164610319388329e-02,4.479095091489447844e-01,-1.329668532801904224e-01,-5.858753537602323647e-02,7.485018854551098721e-01,4.201593257616692001e-01,-2.682283117474386636e-01,-3.193568090137668958e-01,5.188462348846361039e-01,-4.332097476731201768e-02,3.941410660916774833e-01,-9.214793570962026559e-04,-1.073621268538495904e-01,-7.007390507387855072e-01,-6.261654405988897887e-01,-4.064888031733725482e-01,-7.741396972318967951e-01,-2.957231153449833561e-01,4.235816208334857724e-01,6.456778341233982976e-01,7.227815826715329184e-01,5.729577605288468378e-01,6.208340317814456943e-01,3.701386334301685621e-01,6.256923906862362772e-01,3.552351953544275465e-01,3.564513300805540741e-01,4.851360149784503251e-01,-1.968684437842775359e-01,2.509942765732137149e-01,4.946125999953382979e-01,5.208982140862856713e-01,5.820143339966080687e-01,5.531593773579428497e-01,6.085925009948512932e-01,1.722891218107161782e-01,-1.887025829488306883e-01,-7.318315624291871213e-01,-1.141938151404297830e-01,4.690783484347983007e-02,-5.207034198044234730e-01,-5.570549606178087920e-01,1.575989686199485429e-01,-2.815081984727061948e-01,-6.933646915702398328e-01,-5.824508599412284715e-01,-6.448327051048776681e-01,-7.645279294663881453e-01,-1.486945032481104892e-02,5.833570961264710197e-01,3.209233712013488393e-01,2.853653625985194120e-01,6.390490614820711901e-01,3.064465870825523741e-02,3.253563571270144950e-01,7.113927184198407527e-01,6.924340040752390291e-01
6.747181006317715113e-01,7.443148491176001524e-01,3.370466330449867903e-02,-5.645128916294543941e-01,-7.929822364035780946e-02,2.024313352952969436e-01,-7.392805617239061045e-01,-8.103217140867060575e-01,-5.146467448693968771e-01,-5.359133935316958697e-01,-1.456509184642715282e-01,-5.004860589296702411e-01,-7.511584045723100900e-01,1.348941953127480997e-01,1.000000000000000000e+00,9.823187928452117856e-02,-5.930631873137923726e-01,5.036349036261597023e-01,8.434737881315148567e-01,-3.507779423881317027e-01,-2.488659628956417791e-01,8.703066599574985629e-01,4.341736700406133576e-01,8.219200064852775212e-01,4.292312175318112599e-01,-2.503851999828085040e-01,1.421735161837994477e-01,6.297608547974361537e-01,5.182935679151265962e-01,4.122428148577879092e-01,5.225934457160182900e-01,3.591392051304548860e-01,-9.015169721656884905e-02,7.270161625662920901e-01,1.653928298635101712e-01,4.801644643702309700e-01,6.678092076800359322e-01,1.747099683803748638e-01,1.828432780565292237e-01,-5.893765729455363589e-01,2.467516713917139726e-01,-4.432962588524362313e-01,1.401662027634304197e-01,-3.195113995109850613e-01,2.776449269911418494e-01,-1.258778758527610564e-01,-7.223603100209967376e-02,-3.383261146319649915e-01,3.055023683749303887e-01,6.892078233158236422e-01,5.981588181133369320e-01,6.836590122400509895e-01,6.449196489688121536e-01,1.597767784703750804e-01,6.140263421809502020e-01,4.228808410898959869e-01,5.698406757110278109e-01,-5.692313547646433713e-01,-2.654971630250536063e-01,8.282451539087352099e-01,1.614251122339196709e-01,-6.930492860613185480e-01,1.202414271236484644e-01,-1.614855234996388778e-01,4.056691567155875644e-01,1.219923361370115061e-01,-3.363347258200744538e-01,-5.321022349373843996e-01,-4.679136725108062889e-02,3.632427784368344459e-01,4.609399796178421660e-01,7.844217246994951154e-01,6.946053928108375519e-02,6.015893769433853233e-01,4.133325495926875037e-01,-6.456683594197455411e-01,2.198320549284981176e-02,1.585463317722000109e-01
8.502803424282794065e-02,-3.230877580553870310e-01,-1.260986351470777256e-01,-6.716525372880587375e-01,-3.643157368090304549e-01,-8.299646473529938007e-01,-2.789481729220389394e-01,-2.373904932524114608e-01,3.839585883575941661e-01,-7.231684635272837003e-01,-1.015845266523836971e-01,-5.324306167906193155e-01,2.841626690477253026e-01,4.547430443879844075e-01,9.823187928452117856e-02,1.000000000000000000e+00,1.803147408242495447e-02,-6.545745621488365806e-01,5.334502769853474158e-01,8.130327752353255777e-01,-4.641780906198234580e-01,-2.621930728440061698e-01,8.893432390833327927e-01,-2.444555520043882879e-01,7.113464724013565110e-01,6.272806273819278022e-01,-4.698932209418154593e-01,-5.481516883453427802e-01,4.160215666199293394e-01,7.500360719040839452e-01,4.293617262304593174e-01,7.458058113480076079e-01,5.425996998129744009e-01,9.405266178921706244e-02,-4.840672902145302658e-01,-5.318980074193410124e-01,6.405766491670743853e-04,-1.931165372971768712e-01,-6.521206831238129942e-01,-7.325888940390655468e-02,1.643839394171728863e-01,3.486467110566676686e-01,6.479509829036368407e-01,8.377756440724380693e-02,-3.465824973270267284e-01,8.859670888188084237e-02,-9.879062642478677117e-03,4.241518577338322382e-01,1.657951356542008980e-01,-1.613278032994568678e-01,1.076775703057450684e-01,4.470703517676932193e-01,3.339902046400758384e-01,5.196682401580405841e-01,6.260550813927974190e-01,3.569678673955530013e-02,-3.694379572122687416e-01,-7.173118989993443329e-01,-1.282419393552115261e-01,1.541362766870379708e-01,-6.378414419809598224e-01,-4.460561033420261667e-01,1.164992358506975328e-01,7.396454481522990454e-01,4.706696964125584581e-01,-5.848789240629179709e-01,-6.483557968545029526e-01,-3.149259211269642700e-01,-1.486800761227077827e-01,6.289268029075179012e-01,7.749316441351652429e-01,2.636461287027525580e-01,-5.108264428115887323e-01,8.892875034235867004e-02,6.856659980649938424e-01,4.225247798523272813e-01,2.075988380226098107e-01,8.026439093408400671e-01
-1.203425589832977510e-01,-5.297749228971632141e-01,4.939902249937209722e-01,5.003770384308895425e-01,6.158667324120826736e-01,-1.270984385371221326e-01,7.911671912856380606e-01,1.912030850515546165e-01,7.923987011695158289e-01,4.217253248496670714e-01,7.320507314427400214e-01,6.927205442641741762e-01,8.129271143646854547e-01,5.958933611110642792e-01,-5.930631873137923726e-01,1.803147408242495447e-02,1.000000000000000000e+00,-2.476244431764387105e-03,-6.530061490412040204e-01,5.632889957258220281e-01,7.787992473755583900e-01,-4.449961497816687928e-01,-1.783958356675044987e-01,-6.094086766529829280e-01,-6.033984911940698526e-01,6.881931140065373764e-01,4.716579852736537681e-01,-5.201130585489409652e-01,-8.275342901640767579e-01,-4.557066404130863391e-02,-4.993739983912202085e-01,-9.302438116408555391e-02,-1.500165951389244579e-01,-5.705694916627405133e-01,-6.585370112008036569e-01,-7.002700168065192354e-01,-7.633339536978832607e-01,-7.853472493740398797e-01,-1.587527526599864236e-01,7.600079330931038823e-01,4.495343940685960216e-01,8.441608322043397949e-01,2.878125953577582163e-01,7.656790477446254739e-01,2.991933343408804680e-01,7.072439676073275505e-01,4.726069811837654289e-01,4.718169439415652033e-01,2.145381708387638364e-01,-5.698414485640626026e-01,-3.105182114401882076e-01,-1.842682494336195242e-01,-5.083943059838869766e-02,3.219734305298341259e-01,-7.807766332216382887e-02,2.742923302327429091e-01,-1.166647649438241063e-01,4.339782916452887274e-01,-4.672281680154295458e-01,-7.162234378801147772e-01,1.358227197404087705e-01,1.041947633853156918e-01,-6.529766923009837631e-01,1.583089266300768266e-02,-7.179062146595919236e-01,-6.030121132029647724e-01,-1.451953328371820562e-01,-1.352777873786758234e-01,-6.098270238581270375e-01,-4.467673752489357275e-01,-4.056539549990848675e-02,-3.149042863452204410e-01,3.897033591246433781e-01,1.463218245381950333e-01,-4.822451314522777643e-01,5.870161979628244486e-01,5.314877835373911230e-01,2.603293351859069515e-01
5.058978411732725222e-01,6.566432097030554527e-01,4.370132028479719599e-01,2.884342323501773442e-01,5.935281898134510126e-01,7.669763709765095028e-01,-1.136158818366347044e-02,-4.669181917968974194e-01,-3.221704015983090086e-01,3.049104449565969710e-01,3.723724947129727902e-01,3.488697552696548576e-01,-4.422105593256577261e-01,1.329380843694619174e-01,5.036349036261597023e-01,-6.545745621488365806e-01,-2.476244431764387105e-03,1.000000000000000000e+00,1.568701342088388642e-02,-6.341537617392710713e-01,5.840250428614951472e-01,7.819450067530576698e-01,-3.793137291798954203e-01,6.293276063582267099e-01,-4.973726991815156095e-01,-3.242760121398103323e-01,7.749590732157746187e-01,7.307766130828812212e-01,-3.155305843153722312e-01,-2.179101193545241733e-01,-1.795116780771915388e-01,-3.113557156503179435e-01,-6.122776463304282490e-01,2.603978567748612138e-01,1.329994234594209512e-01,4.617086711524229226e-01,1.683762151327708734e-01,-1.657934027275273225e-01,6.145723201705698413e-01,-3.557479455695011089e-02,3.850195846083543927e-01,-1.790474351400896114e-01,-2.136726693265439680e-01,1.082269204278868829e-01,7.189205803689905361e-01,2.254721435542073049e-01,2.328813287753209449e-01,-3.641929590535587513e-01,2.913309568159349605e-01,4.338394557179091060e-01,3.096408883112604649e-01,2.047952688932724308e-01,3.335840747026967423e-01,-6.585319416406935911e-02,6.408066600036002591e-02,5.557705242751793673e-01,7.836739641876897533e-01,2.796637354239748241e-01,-4.458347969574313896e-01,2.556704376841902882e-01,7.495558293723308951e-01,-2.617648335398567450e-01,-3.748501824205556221e-01,-7.305317112374619670e-01,-4.181746998631863943e-01,2.072316058003892403e-01,9.138408165495215396e-02,-3.528652531229968803e-01,-3.062908564979670012e-01,-4.180499646844759165e-01,-1.811774275429108572e-01,3.559915792233159237e-01,7.018127200533980092e-01,6.054935945783812556e-01,-4.234702361700649620e-01,-6.048772361855112578e-01,1.816107543103802346e-01,-3.074680620999850622e-01
5.186944413665391940e-01,4.693741730946867641e-01,-1.807405776989350898e-01,-8.285715158743671704e-01,-4.021072958174317091e-01,-2.314893618014259025e-01,-8.271079424698636329e-01,-6.871271721118643594e-01,-3.797746073956950741e-01,-8.065736320461841524e-01,-3.589181390727573806e-01,-7.670815570377478299e-01,-5.780676419366334029e-01,1.331338618781133798e-01,8.434737881315148567e-01,5.334502769853474158e-01,-6.530061490412040204e-01,1.568701342088388642e-02,1.000000000000000000e+00,4.855109487781815621e-03,-6.078979359954617134e-01,5.691583667428806725e-01,7.648242835345510082e-01,5.883260862735382180e-01,7.924897106468714592e-01,-4.683264303926263500e-02,-2.581606706210598512e-01,2.839852042000793886e-01,7.606022539248065151e-01,6.328631866683228635e-01,6.910977300962125591e-01,6.191179949751061118e-01,2.528093240944322972e-01,6.891967772103508860e-01,5.490364541055939990e-02,2.576860293947695890e-01,6.659825043066469608e-01,2.479630385739070297e-01,-1.552242684714222887e-01,-6.504298252579927553e-01,1.174476456497223209e-01,-3.644963148579777878e-01,3.388551320156861779e-01,-3.978176542674154992e-01,-7.271536770854099274e-02,-2.302752654050907455e-01,-1.758848444788373155e-01,-1.439630758572790215e-01,2.179452240194581225e-01,5.407991323284744301e-01,5.206050103827118969e-01,7.078030216051497403e-01,5.960230350143709277e-01,2.835738062503589951e-01,7.390463867511458673e-01,2.241956498685228616e-01,2.308815964489808470e-01,-8.500950691653189617e-01,-1.125157441977043399e-01,8.277621702424456940e-01,-2.456841354239809316e-01,-7.069081806538894952e-01,3.281621096586591624e-01,2.454841183851606545e-01,6.938237754200327068e-01,-4.617121051853778635e-02,-4.904135427475374565e-01,-4.683395049405993937e-01,6.069590567414237525e-02,6.653755568045527369e-01,6.895296517137093906e-01,7.417212785345402848e-01,-3.155408423949961905e-01,3.998881146367195827e-01,7.377467903277044048e-01,-3.836389258395456192e-01,-5.711589524300560855e-02,4.137838097927452052e-01
-1.031428899580699304e-01,-6.326357598725365072e-01,1.069084655538129758e-01,-2.351847438503320564e-01,-2.172681397520263152e-02,-7.742646325229680659e-01,2.440798668959135165e-01,2.382623408581928739e-02,7.659963843867659827e-01,-3.266703390390092165e-01,2.652944881997891247e-01,-5.221469474695664831e-02,7.248601379122961985e-01,6.174884640185817064e-01,-3.507779423881317027e-01,8.130327752353255777e-01,5.632889957258220281e-01,-6.341537617392710713e-01,4.855109487781815621e-03,1.000000000000000000e+00,2.432986305517240622e-04,-5.723439062193040883e-01,5.874105132784828154e-01,-6.216171481137414689e-01,2.483636526611459061e-01,8.743793379880454575e-01,-2.044003962685808917e-01,-7.998895784982635870e-01,-1.120844150984430243e-01,5.265040977788212340e-01,5.210205170310441142e-02,5.147631700086332529e-01,4.082017591112632182e-01,-3.016763964539358467e-01,-7.164749977957369786e-01,-8.403793821381702056e-01,-4.534873294775396135e-01,-5.334166302267784321e-01,-6.564952932734675617e-01,3.763579139232597903e-01,2.870063556909344116e-01,7.384674505418901136e-01,6.412993791734403759e-01,4.570511193327512767e-01,-2.078648512944762106e-01,4.112867684848729444e-01,2.078412080344468060e-01,6.193299183785159201e-01,1.783458275676052529e-01,-5.115895137853393448e-01,-1.534274179349734979e-01,1.658603018447401822e-01,1.469513592677186564e-01,5.458938079646780128e-01,3.771595257524759104e-01,7.763035535991787139e-02,-4.650573368371253014e-01,-3.102603400078421392e-01,-2.679391544372394240e-01,-3.362129458909429713e-01,-5.088530171204456165e-01,-2.055941445521345667e-01,-2.079668228659937168e-01,6.561534931924695169e-01,5.225991210823706726e-03,-7.713771592413003475e-01,-5.430804856229523025e-01,-2.268921693690152952e-01,-3.806489750015752960e-01,2.706877891447131423e-01,5.453493270932731063e-01,-6.289521405249476338e-02,-2.700877826890683009e-01,3.196914149696575280e-02,2.871984117422452520e-01,7.268010164727922717e-01,4.097031354816196846e-01,7.623308926104616079e-01
