1.000000000000000000e+00,3.125764277288781146e-01,6.675995287236970166e-02,-3.351014144937113082e-02,-4.438078376074752751e-02,-7.304013255132731086e-02,-5.090891054490858519e-02,-4.883699044782686960e-02
3.125764277288781146e-01,1.000000000000000000e+00,2.125025567095939760e-01,6.846817282979022860e-03,-4.386955665749847633e-02,-7.350507219823471106e-02,-5.211801547201078133e-02,-4.140549814463081318e-02
6.675995287236970166e-02,2.125025567095939760e-01,1.000000000000000000e+00,2.052932892530342224e-01,5.037323734891491211e-02,-4.145090883451418157e-02,-5.596033781437594057e-02,-5.028971952922352967e-02
-3.351014144937113082e-02,6.846817282979022860e-03,2.052932892530342224e-01,1.000000000000000000e+00,2.283392092670643858e-01,5.046684159968038708e-02,-4.818962104077343517e-03,-2.463689625328370145e-02
-4.438078376074752751e-02,-4.386955665749847633e-02,5.037323734891491211e-02,2.283392092670643858e-01,1.000000000000000000e+00,1.769721309334536252e-01,5.161883722918453321e-02,1.343983204780858920e-03
-7.304013255132731086e-02,-7.350507219823471106e-02,-4.145090883451418157e-02,5.046684159968038708e-02,1.769721309334536252e-01,1.000000000000000000e+00,2.352104541555797013e-01,1.388926535050983846e-01
-5.090891054490858519e-02,-5.211801547201078133e-02,-5.596033781437594057e-02,-4.818962104077343517e-03,5.161883722918453321e-02,2.352104541555797013e-01,1.000000000000000000e+00,2.859076796505374829e-01
-4.883699044782686960e-02,-4.140549814463081318e-02,-5.028971952922352967e-02,-2.463689625328370145e-02,1.343983204780858920e-03,1.388926535050983846e-01,2.859076796505374829e-01,1.000000000000000000e+00
