1.000000000000000000e+00,3.974299497083970678e-01,3.943223814644674086e-01,4.401160508231082846e-01,2.783226896318679588e-01,2.700584237833842938e-01,2.086646659934750792e-01,2.335359421086566634e-01,3.037785131441885778e-01,2.284726059710371904e-01,2.080847777828186418e-01,2.010964148617057912e-01,-1.086200142715940953e-01,-1.753421881818730821e-01,-1.110501305994072985e-01,-1.834369207326952966e-01,-2.624851600794888551e-01,-2.470732390355683261e-01,-2.403977720517128380e-01,-2.871376751620569046e-01,-9.000350000044231302e-02,-1.493646695980812289e-01,1.373174605898750712e-02,-2.785949398243957598e-01,-2.382556633290481285e-01,-2.745857959327834275e-01,-3.483082226771265777e-01,-5.660522988361308544e-02,-2.098322611755067957e-01,-1.536267900227441807e-01,2.879935245823184858e-02,1.345865907031777442e-01,5.310345676560475348e-02,7.790477461091518951e-02,9.949967487264363419e-02,-6.543022972239882773e-02,-1.237812103137049882e-02,2.779028782716882473e-01,1.774933544388632711e-01,2.571680341646419565e-01,6.028012132200465806e-02,-3.315067215139706758e-02,1.240045649437957337e-01,8.874204870588282834e-02,-7.385369801509439336e-02,-1.147689929018099603e-02,-1.482168956239892921e-01,-1.625458204417870867e-01,-1.543826430262615901e-01,-8.608626650545057879e-02,-1.778538783502263410e-01,-3.267551096752394080e-02,-1.238625848489550707e-01,-1.142180200297899725e-02,-1.116607684614129709e-01,-2.039234458456835875e-01,6.758119688696423433e-02,1.500133572039125118e-01,-1.537115182763602594e-01,-7.435356119944275255e-02,2.271833935966301454e-01,1.147670476110327492e-01,2.813587195383871475e-01,1.275470200486306938e-01,1.540244332832207963e-01,1.509397231826489216e-01,9.159008713354925557e-02,2.249286070183078180e-03,-1.213157051665328806e-01,1.457522365230370237e-02,-1.138556811501981875e-01,-6.359096373070617647e-02,-9.872016069042909361e-03,2.566219242306710946e-01,-1.013473961232792342e-03,-2.005556765211331804e-01,1.256811327217522423e-01,2.049798396892200114e-01,-1.351191979116604935e-01,-1.052719294944789302e-01,2.328405567608899107e-01,8.148682523762079688e-02,-2.138068696928966950e-01,5.092069344400249054e-02,1.545609945554590192e-01,2.014829070038682002e-01,1.641086764798708464e-01,5.979450607928599865e-02,-3.078513888596575918e-02,-4.026020760941922266e-02,-1.631363275518451228e-01,-2.526756411874536146e-01,-1.781947435509205202e-01,-1.047977483793514214e-01,-2.086150342001303615e-01,6.573426183043498683e-02,-5.289678228236131124e-02,-9.793846862627408889e-02,5.323531074743647479e-02,1.721281723689971621e-01,-8.456243019191582791e-03,6.621560119229150110e-02,-1.384269963341114573e-01,-1.673110731624289915e-01,-1.687507981290749248e-01,1.097435088566559441e-01,-1.088488055256251197e-01,-1.332893976421533067e-01,-2.574822769128470856e-01,-8.796047906085732726e-02,1.935073139054346858e-01,-9.668422774755686122e-02,1.296029211377071055e-01,7.462755428830465665e-02,-2.695630620180838183e-02,2.063852088534167406e-01,2.003231428621322641e-01,1.701285286996876145e-01,1.142946702790874625e-01,6.517058142257707576e-02,1.551029387558487960e-01,1.472479942004435993e-01,1.578510447601637057e-01,6.929391383074944011e-02,1.794096146899107902e-01,1.228389834644909445e-01,8.736024750224812008e-02,1.788307608318747410e-01,1.249057048472898418e-01,6.629542689606375550e-02,1.117868912628131733e-02,-3.625631367943025346e-02,1.054805559809095933e-02,-1.324174682268556939e-02,3.964111268163234003e-02,-7.394549187411801616e-03,6.999373195166425088e-02,-3.205782450315187299e-02,3.728215729285606211e-02
3.974299497083970678e-01,1.000000000000000000e+00,3.904261062783974667e-01,4.844965096735542875e-01,3.150143923637458432e-01,7.590057807193824335e-02,1.531160757279861062e-01,1.804957049848808504e-02,3.107327555327669133e-01,1.371451142537327139e-01,-2.366878848237962546e-02,1.071583225929940205e-03,-2.305337484348329025e-01,-1.599966997097779509e-01,-1.821833481641675634e-01,-9.756079960309976817e-02,-2.630259028929489706e-01,-2.882800650943713183e-01,-2.604837389355420946e-02,-2.345587808460671830e-01,-3.373495477857316877e-02,-2.693775218277574268e-01,5.589403151552628513e-02,-1.153610679497054370e-01,-7.690537704315238143e-02,-1.837879350618083496e-01,-1.302865884395670304e-01,6.132797176487325003e-02,-1.504712976617664788e-01,2.681573331241418612e-02,2.391269090092485450e-01,1.427769290398345770e-01,9.215526754335956472e-02,2.964089139527988359e-01,9.824687710430747567e-02,-1.039224468029478418e-02,-2.411706973206840521e-01,1.645917795490194346e-01,2.902451222035789535e-01,2.112420252639045093e-01,2.010175819192252522e-01,7.964991902117007916e-02,1.893411189382297466e-01,1.544469289791438604e-01,-2.867335641562526044e-02,7.848945610568830444e-02,1.834274889508796108e-02,-5.388108239280021972e-02,-5.413228870512368750e-03,-6.820581871133291063e-02,-2.374008754149056766e-01,-1.454680334979242817e-01,-1.875459505643555236e-01,-1.449676433409771703e-01,-8.405309503343773303e-02,-2.747917026232383764e-01,-3.675937951866073417e-02,4.013939072730138280e-02,-2.462333743531447683e-01,-2.004424557694677311e-01,1.447765162518873383e-01,-1.018153202339509983e-01,1.586697379875456060e-01,-7.112154839148701613e-02,4.015268992286117646e-03,4.703225440759942200e-02,1.294572522031098571e-01,1.069868583282969354e-01,-1.154628447226960647e-01,9.510307962173669694e-02,-9.250065708145556453e-02,2.326258992355183242e-02,1.033361245210617264e-02,1.235783403986992907e-01,-1.620494013799093636e-01,-2.197372337871487391e-01,9.071423492848479375e-02,4.391172099464162037e-02,-2.644316401004876416e-01,-1.007288786629707555e-01,1.277174835587662483e-01,-8.983111871805031512e-02,-3.115475483559453918e-01,-2.069004394797712906e-02,-7.639883418793394498e-02,3.104981476817234715e-02,2.199543576923791988e-01,-8.211779917022410391e-02,9.708891797174155902e-02,-2.047270298942465566e-02,-9.318129120114489183e-02,-2.244691577892210799e-01,-2.726567727501825744e-01,-2.931700506249625415e-01,-3.178633397644837766e-01,-1.298284205141815861e-01,-1.670455098971668773e-01,5.363907278902367570e-02,6.826723744032074659e-02,3.154270053870040780e-01,1.537278580495358704e-01,3.070797096105808491e-02,-2.567022391868218900e-01,-1.450046443096133508e-01,-1.553278727769916712e-01,2.176423560699518867e-01,-1.506061317429006202e-02,-2.790923082615888728e-01,-1.639090513835375351e-01,-2.531604696743241512e-01,1.523958022663088330e-01,-3.583615843126903427e-02,2.275154364529740070e-01,-1.153846846935273687e-02,1.135887104375234435e-01,9.130919827010794410e-02,2.283696201538615023e-01,9.704527771593506047e-02,8.515150511134546990e-03,3.298634618066727947e-02,9.038455002120736326e-02,1.253466147121977681e-01,1.386052527431650694e-01,1.635050271068295424e-01,1.910787831341815568e-01,1.888904709892462175e-01,1.481940756667811943e-01,1.978944243747480514e-01,2.106020968360691470e-01,1.309929927465747213e-01,1.376032162759407984e-01,2.016533683264255979e-03,8.527303668421706839e-02,7.530753320886302005e-02,1.138647981366743139e-01,7.303898651326991287e-02,1.493575784168989784e-01,2.900804436860836971e-02,8.688737496565654417e-02
3.943223814644674086e-01,3.904261062783974667e-01,1.000000000000000000e+00,2.679448747243908802e-01,2.356585849526465770e-01,-1.325470299231112058e-02,1.145150543730678455e-01,2.436447941325518840e-01,2.716795287169214146e-01,4.156764843759155337e-01,6.177840241785868131e-02,3.085284203329026198e-01,-1.613045606091899897e-01,-2.553281757950300879e-01,4.464140922372927117e-02,-1.017858910046827992e-01,-4.131348015139523211e-01,-1.282037982443420543e-01,-6.209650340597941409e-02,-3.554458528169031073e-01,1.536656533820317250e-01,-5.644966256819695244e-02,3.288296464584026246e-01,-5.482477743978389018e-04,-8.919267276926506893e-02,-3.433843830605006198e-01,-1.797644265478376413e-01,-1.687437254166698208e-01,-3.206354786734980644e-01,-3.268450115509725640e-01,-1.126104558188036064e-01,-2.557273162910963377e-02,-2.268826484776075847e-01,-8.700657336631738639e-03,-4.066071282616606081e-02,-2.910560087876750690e-01,-1.046742594028066964e-01,2.917002816496976902e-01,7.681053860610972950e-02,1.410443462195554998e-01,-4.654415862505469070e-02,-9.230662386318631840e-02,-7.519373232069527860e-03,-9.428608073444443016e-02,-2.476792023987691715e-01,-1.013847767293537122e-01,-1.758338355516956830e-01,-6.962739004066319237e-02,-1.962382588356959834e-01,-1.634406467089035420e-01,-1.422011477627336262e-01,1.794771732339263751e-02,4.143854307903208772e-03,1.541832659024059728e-02,9.933091268490001902e-02,-1.374507287633241204e-01,2.753248274218070279e-01,3.686660099338902319e-02,-2.794193849111887284e-01,1.306061221036277087e-01,2.991225934324421298e-01,2.778807360737827956e-02,2.521185820624063378e-01,2.926811189857724815e-01,4.812333664846787235e-02,3.138564868137894148e-01,2.466909537739773450e-01,1.849076235562797377e-01,9.050173964855227904e-02,2.587209938178967605e-01,1.549822048524635443e-03,1.920713397498737540e-01,3.389131030486828844e-01,3.386540692327064672e-01,-1.806371447428234411e-01,-4.078930202628044260e-02,4.165704470752948363e-01,1.410463766831519528e-01,-2.336992429322137799e-01,1.768909335370362768e-01,4.202247263718975057e-01,-8.953997795276823213e-02,-1.568087764749523383e-01,3.484768456409741977e-01,1.969990924534838483e-01,9.408123165981099878e-02,-3.701060562184669851e-03,-2.136573960979101239e-01,-2.116564254599331008e-01,-1.564140974786542015e-01,-3.486070580995208612e-01,-2.637396511751519679e-01,-3.088979737094248446e-01,-5.326859898830170470e-02,-3.365662674040439950e-01,-6.454884092383844640e-02,9.108987206064825259e-02,1.715597421958820479e-01,3.366614784175930297e-01,3.198867333819642722e-01,1.892030560311087628e-01,3.103715095632420540e-01,-1.712101918875975348e-01,8.274370725515614242e-03,-3.589394035022406837e-01,-2.097156127814425470e-03,-2.737237880587490291e-01,-2.994414849333402739e-01,-2.618551888929950278e-01,-3.014046507683838527e-01,-5.971562948946013485e-03,-3.167313912704788348e-01,1.846139600685079915e-02,-2.136629438150237648e-01,-1.482901954949069900e-01,8.882568648867756808e-03,2.424102147755975989e-01,1.722773933179247083e-02,-1.410762985422673796e-02,4.548643575061718514e-02,3.592292501019606760e-02,6.419988875604369649e-02,7.461260119896169496e-02,7.589864237603385910e-02,6.128958170007178796e-02,9.222997763152213091e-02,5.851354149395195797e-02,8.777233657666133615e-02,1.415802427551140219e-01,1.108010052891315357e-02,1.130944783466783371e-01,-5.485353353491524697e-02,-2.890887653316635136e-02,1.860411762941078379e-02,7.435999842397738799e-03,7.881574151830736397e-02,5.068097508769753290e-02,-2.854719619681836407e-02,5.090919836608979315e-02
4.401160508231082846e-01,4.844965096735542875e-01,2.679448747243908802e-01,1.000000000000000000e+00,3.718751673101479693e-01,5.174266029611059858e-01,3.916912641949988894e-01,9.944683609895572929e-02,3.138588916899534009e-01,1.220248091798771389e-01,1.719637520868388947e-01,-1.498555976971777288e-02,-2.392004270607601124e-01,-1.478344695458956026e-01,-2.986607189550647967e-01,-1.752791856836639628e-01,-2.696785286265562798e-01,-4.591745212315283542e-01,-2.618109877849957301e-01,-3.681992067315517092e-01,-2.365607223380660762e-01,-2.936534134038966681e-01,-7.309018966878651213e-02,-3.259131405568143625e-01,-1.970013001414492870e-01,-1.693732197734889589e-01,-2.977407956287372315e-01,-3.718673924684558901e-02,-1.507614105624363599e-01,-6.904223214155094657e-02,1.106818896573333461e-01,2.230490217436331135e-01,8.062654042981405589e-02,2.209968997384297862e-01,2.116500473243353719e-01,8.619773616825369966e-02,-7.579868099748807153e-02,2.791394779701813489e-01,3.145229690747848306e-01,3.154147855600009098e-01,2.138038060026332954e-01,3.582902286040740014e-02,1.921953348170392373e-01,2.375013779322424357e-01,-7.244935918838280725e-03,7.767717948346429535e-02,3.900001981958786581e-03,-1.636085858217243283e-01,-5.607512974925850380e-03,-3.836233444199423862e-03,-2.306405116119637777e-01,-1.207105183506746449e-01,-2.355416530258561680e-01,-1.298481729728155343e-01,-1.739353413458916697e-01,-2.906803465016190025e-01,-3.273184304027045716e-02,2.260979474496964403e-01,-1.885012187535794748e-01,-2.559462946795497684e-01,2.264754051269202983e-01,9.724960443707444946e-02,2.771289614963904357e-01,-1.860475775193937836e-02,1.411103621952449760e-01,9.054333178698797946e-02,1.145314363236912686e-01,3.684742696633939302e-02,-1.507161886429647379e-01,3.635969544488676548e-03,-2.029715019717623081e-01,-9.220427639298191258e-02,-1.146463484139837452e-01,2.091541916547056124e-01,-5.234076700446016472e-02,-3.384654470255114567e-01,5.200417791309173976e-02,1.876524468368743759e-01,-2.301409418013740105e-01,-2.258901615706627453e-01,1.771578171852339068e-01,5.589138058011117183e-02,-3.317947310866951605e-01,-4.759888329197251022e-02,3.603023870228605485e-02,7.981014217671965338e-02,2.782249730928789688e-01,3.876421434518303316e-02,9.425164372279365432e-02,2.720095187861328728e-02,-5.988808898032352279e-02,-2.511841603091453101e-01,-1.480990120670060972e-01,-1.886467583240468981e-01,-2.296049993220973251e-01,6.878031089923868080e-02,-1.445543782489444873e-01,-1.167630545287070970e-01,1.586587070845967354e-02,2.332802543664211914e-01,6.069906678626594415e-02,2.803602407872160529e-02,-2.559858478782116031e-01,-2.716937424977673987e-01,-1.822867979461212651e-01,1.981000679074283455e-01,-9.915291217206610719e-02,-2.141934474839627955e-01,-3.131380878496643483e-01,-1.313899532918695323e-01,2.095653309186319979e-01,-2.762123644244221521e-02,2.046794202835316989e-01,9.788249165253026796e-02,1.042581471549048622e-01,2.267970127378130807e-01,2.007079491928029646e-01,2.190782760411949526e-01,9.591591894220172221e-02,7.079103173793781234e-02,1.958805693713567275e-01,1.537567205829464823e-01,1.284905702642938907e-01,1.896017138979146366e-01,1.742313566459479934e-01,1.865243271350409959e-01,1.498486661367593176e-01,1.293296230577488659e-01,1.581825896622753025e-01,7.439189306899186838e-02,3.455863401604201274e-02,-5.283638458550410366e-02,2.526599834141892917e-02,-1.661107598669282065e-02,8.872249070862808784e-02,1.260683766588685615e-03,9.678913360906876706e-02,-2.814980440410742076e-03,4.369302676438766020e-02
2.783226896318679588e-01,3.150143923637458432e-01,2.356585849526465770e-01,3.718751673101479693e-01,1.000000000000000000e+00,3.749823380142389695e-01,1.836062579574298526e-01,1.073565487642419297e-01,2.099142578069648490e-01,1.581581610310027197e-01,4.711944185527627144e-02,1.668812254780754067e-01,9.745361108718113632e-03,-3.118360038878023599e-01,-2.301187120830157917e-01,-3.024999322398635448e-01,-3.420898860530458552e-01,-3.329276671049208880e-01,-3.488952126635266326e-01,-4.016603952480614081e-01,-1.861992615450464295e-01,-1.696339646671474466e-01,2.436252656148282236e-01,-1.723317729042932733e-01,-2.648949385162658321e-01,-1.943213291835116929e-01,-3.032137679806804487e-01,-2.734158708910974234e-01,-2.429927519736860553e-01,-1.318152143137624466e-01,-4.523511067520299966e-02,1.670066555406093389e-01,-6.621914220720942490e-02,3.579258917405660906e-02,1.652315338735154959e-01,-1.240769530078186383e-01,1.280625286712147939e-02,2.967336136148258086e-01,7.201029161543753832e-02,2.442623095000224787e-01,1.959393021801040385e-02,-8.807222043175325088e-02,6.843016092777449294e-03,-8.744465925946017654e-03,-1.598422364391998973e-01,-8.411427966771285736e-02,-1.999289648943831099e-01,-1.806841809725499570e-01,-2.065877058174032943e-01,-8.866878320142758396e-02,-9.444814355942221518e-02,7.511040282150509284e-02,-2.534972326955846691e-02,5.903328504147846434e-02,3.150553916572695293e-03,-1.209468869385752487e-01,1.206642018358656115e-01,1.925390042666089985e-01,-1.600919900383349359e-01,-7.324358315681966936e-02,2.549974728518633049e-01,1.973931702340135652e-01,2.765195890364142151e-01,1.366308147992651989e-01,1.507036835558590304e-01,1.968200595586064305e-01,2.122530731426394146e-01,6.337823590067563628e-02,-1.566779141937490460e-01,1.074720203813546784e-02,-2.295731983480984451e-01,-2.636011910439062939e-02,9.599178313530172535e-02,4.188549397314004774e-01,-1.089358706926550485e-01,-2.852432920140919315e-01,3.084667946910370495e-01,2.870436102895545516e-01,-2.885125588953207920e-01,-7.621563553607105246e-02,4.168673670852506841e-01,4.872585307048183517e-02,-2.857492630293310687e-01,1.896321377921391105e-01,2.551839418861481246e-01,1.834824969103336645e-01,1.608145206178759890e-01,1.469469577369410945e-02,-3.383948016759927291e-02,5.036003225284134410e-02,-2.336017923676552144e-01,-2.998480974692773193e-01,-2.055448930145424569e-01,-3.052657672004539455e-02,-2.232922236816117789e-01,1.338385760530413360e-01,2.432300609519796528e-02,-8.019790925198512499e-02,2.124803687265173213e-01,2.521040323944847561e-01,3.622448658671297700e-02,2.551221010971990721e-01,-1.616383344978177261e-01,-2.016811617623744113e-01,-3.760904029520166225e-01,2.692837624231473118e-02,-3.314049656761179907e-01,-2.204183820273341587e-01,-3.895018262787215413e-01,-3.207973193848490112e-01,1.324644619836781723e-01,-2.354971710041346422e-01,8.847861023471197128e-02,-4.481140771119746652e-02,-8.326321005276973719e-02,1.941213624556514250e-01,2.731046925564754591e-01,1.821825811852133548e-01,1.010000414763815302e-01,3.068989365741537842e-02,1.172922112017360519e-01,8.426630547226289514e-02,1.206322076279956468e-01,1.722219133742852182e-01,1.443244215750827952e-01,1.775469598676506222e-01,1.559527847730044769e-01,1.232943370843356118e-01,1.769470136556889339e-01,6.356393516774384855e-02,5.570069846194274088e-02,-4.978860889829133524e-02,-5.353229544671064127e-02,-5.893761357623816116e-02,2.994655344410447270e-02,-1.771120341435647796e-02,4.436654229442375807e-02,-4.799192510099728470e-02,-5.250234146670884963e-03
2.700584237833842938e-01,7.590057807193824335e-02,-1.325470299231112058e-02,5.174266029611059858e-01,3.749823380142389695e-01,1.000000000000000000e+00,3.815825317377398163e-01,1.994115007782281401e-01,2.345254127583115411e-01,-1.491068097866976236e-02,2.262906005989692437e-01,5.579495408650726046e-02,-2.556740690168713553e-02,-2.048992137167146288e-01,-3.775225786962193575e-01,-3.197468885184747145e-01,-1.466278135351689882e-01,-3.661405950978736112e-01,-4.383257589747150962e-01,-2.572871765048436177e-01,-4.146600220809906201e-01,-2.486029181182284609e-01,-1.418582207441254628e-01,-3.903107034041894408e-01,-3.295213334773495761e-01,-9.433332722651549540e-02,-3.424990128301555470e-01,-1.638142419572787278e-01,-1.101797867727465768e-01,-4.135166497477425762e-02,3.160612749234836122e-02,2.913061494313698430e-01,1.315483358672782654e-01,4.791885172511254481e-02,2.447592148799404843e-01,1.821461872368013157e-01,2.258480038481130991e-01,2.449299010712361890e-01,1.481900612655180915e-01,3.261957054419302726e-01,1.277392681881692471e-01,-2.976445168282333339e-02,6.717869252810930447e-02,2.053968915864001488e-01,2.364451154774139391e-02,-2.249858711005015693e-02,-7.542771012407167852e-02,-2.402819452853484639e-01,-8.105442217890591883e-02,7.597859037579045294e-02,-4.046644030352776478e-02,4.985207946119259853e-02,-1.146617831112934360e-01,1.231526412292536024e-02,-2.169237683179647547e-01,-1.372107953793371693e-01,-1.938285000777643236e-02,3.536226170941732527e-01,4.687203020961565325e-02,-1.789658254742183541e-01,1.851468897994641427e-01,3.220926571071975886e-01,2.954975141461957944e-01,6.671945077584304218e-02,2.818547625983884308e-01,9.417976344081396833e-02,6.220758474431217072e-02,-9.117425564279077466e-02,-2.547523681270822959e-01,-2.320074706370540418e-01,-2.890301069120233546e-01,-1.816514476577945347e-01,-1.785095458505775723e-01,2.837135778697784660e-01,1.008061434249637039e-01,-2.818949842838779918e-01,8.681749712848858824e-03,2.983369646768172512e-01,-7.209415168858879230e-02,-2.420193470814687997e-01,1.863459724605932288e-01,2.412552626755401497e-01,-1.663294330839967250e-01,-9.134710362765408043e-02,2.021062235953393904e-01,1.219116735154501252e-01,2.748002277445793506e-01,2.289337247804255071e-01,1.102274791544048671e-01,1.131629681785872032e-01,1.791488180127169538e-02,-1.549026181394489721e-01,3.744011962723572950e-02,-8.792210168453358510e-02,-4.521518062395556842e-02,2.361625676919860417e-01,-1.180128039622371228e-01,-2.745827466292399821e-01,-9.148145307492612510e-02,5.565053948070818046e-02,-1.655048864994407287e-01,1.347948780808378398e-02,-1.179551868733115377e-01,-3.336064460295700140e-01,-1.324062018226995763e-01,9.476629574675494994e-02,-1.572454799274720927e-01,-1.529237847092607301e-02,-3.516061165643120101e-01,3.690331663314915661e-02,2.793036101303866814e-01,2.870843789015747535e-02,1.714595686733884905e-01,2.272384258353208619e-01,8.802218381701895633e-02,3.248213597177269096e-01,1.145586546054038757e-01,2.665291785585565676e-01,2.083199943961771272e-01,1.148699262441248564e-01,1.973624200827658604e-01,1.665237639937963698e-01,1.149246499756213097e-01,1.533551653897506639e-01,1.472066550696141674e-01,1.474776475471884785e-01,1.397348299821385420e-01,7.142238907626824451e-02,9.808563048359893177e-02,2.875616430402477483e-02,-1.286936915635984724e-01,-1.338572474637158005e-01,-5.278650843587033570e-02,-1.490741008324353578e-01,4.110993950488159299e-02,-9.170924004364551518e-02,3.616700021306203106e-02,-4.969169499727643657e-02,-3.078366361076900412e-02
2.086646659934750792e-01,1.531160757279861062e-01,1.145150543730678455e-01,3.916912641949988894e-01,1.836062579574298526e-01,3.815825317377398163e-01,1.000000000000000000e+00,3.444511107868382105e-01,3.064592250896284176e-01,2.115743612138999696e-01,1.767478899221777977e-01,-3.459896506154983703e-02,-3.671843922334076527e-01,-2.708999744733575077e-01,-4.434393777479170295e-01,-1.914430359583523533e-01,-2.399218666736998296e-01,-4.501796168089534644e-01,-2.411972599109624693e-01,-3.582080133681363465e-01,-1.726329181813420488e-01,-3.600263174515530573e-01,-8.694526181526748831e-02,-1.527210925648471163e-01,-3.366258564615506876e-02,-6.954898872613790584e-02,-2.499279410917042976e-01,-3.790190528622867407e-03,-3.388968557397726428e-02,1.459479499463816644e-02,1.835261871069329698e-01,3.013294829008891784e-01,5.995886897444590441e-02,2.566528483652878445e-01,2.135501429936801365e-01,8.824541480424441531e-02,-9.661172718646435231e-02,2.827264858203203945e-01,3.608020572526971503e-01,3.488266537899187281e-01,2.419535668202269785e-01,2.048864843762703697e-02,2.191035119955562771e-01,2.632886356491296875e-01,-2.525002630119102878e-02,1.096051520096573972e-01,2.244555570952853560e-02,-1.461085007050977880e-01,-2.418882661202599420e-03,-1.231251814295441366e-02,-2.361535255952372792e-01,-9.996124475029675993e-02,-2.014735973930461832e-01,-1.192152640429664789e-01,-1.523494467220229964e-01,-3.108231877114022157e-01,7.563432941424029856e-05,2.383693735267057023e-01,-2.129510604115570638e-01,-2.503184385560608405e-01,2.245013865396130459e-01,4.151472293060051028e-02,3.151274630265745724e-01,-4.051670858040569423e-02,9.561779377023327253e-02,8.496395576905850511e-02,1.403324004821056292e-01,1.335200665532414732e-01,-1.196214356047914790e-01,6.960058685328530947e-02,-2.394574264563951727e-01,-2.931335144897494801e-03,-4.692253682114287672e-02,2.686624421527796791e-01,-1.428405691993783755e-01,-3.315545360170278344e-01,1.341675036616036543e-01,1.685802661309509509e-01,-3.171141688175546092e-01,-1.773616801765809659e-01,2.393837382507803535e-01,2.086022830170187331e-02,-3.618409689829986675e-01,-4.146214363706011985e-02,2.909447846368214130e-02,6.641882905151834382e-02,2.404267119354512316e-01,2.492135303807095290e-03,1.253010898886248170e-01,2.583170427928034932e-02,-7.064491854557500283e-02,-2.706277778972168702e-01,-2.871563885776782787e-01,-2.333609252104626164e-01,-3.394071649667687041e-01,-1.283789398051096431e-01,-1.902179687164833322e-01,5.886410057462173467e-02,7.375544923480496784e-02,3.521142522737085723e-01,1.611322149640833923e-01,2.818585043194667822e-02,-3.632324312813844935e-01,-2.984590958808923666e-01,-1.841387408153032645e-01,2.731324841925020785e-01,-8.987744615368344070e-02,-3.176076927044337861e-01,-3.312428422418521867e-01,-1.338488059795647500e-01,2.391660954629467317e-01,-2.700122111394958821e-02,2.710230276526853777e-01,8.537882249756137409e-02,1.474151099500825568e-01,2.345905938613666308e-01,2.793319138955769887e-01,1.553561604719012335e-01,1.018910491986703137e-01,7.625949003213423893e-02,1.688659612435721435e-01,1.845513641006564787e-01,1.727088881396688369e-01,2.817078522366373572e-01,2.433502692556440417e-01,3.195869701841376753e-01,2.833762827091216296e-01,2.133830071921432592e-01,2.896507067784387379e-01,1.873169979329800394e-01,1.027083366718698487e-01,-4.530703864036842582e-02,4.637553341362064818e-02,3.792588411163810153e-02,1.336030512045305874e-01,5.688172380902842967e-02,1.449968612989856742e-01,5.527920673997351736e-02,6.002769465300158980e-02
2.335359421086566634e-01,1.804957049848808504e-02,2.436447941325518840e-01,9.944683609895572929e-02,1.073565487642419297e-01,1.994115007782281401e-01,3.444511107868382105e-01,1.000000000000000000e+00,4.120440299054496380e-01,5.109321407114078006e-01,4.591323893112072008e-01,4.041201399048966469e-01,5.052957868258042134e-02,-3.178090241018932671e-01,-2.563501202058439121e-01,-4.341167846094161620e-01,-2.579928396766990595e-01,-2.004278135167312791e-01,-4.138185426750471407e-01,-2.796465728265403738e-01,-2.434848551306208753e-01,-1.189477245875118078e-01,9.033590066683423736e-02,-3.239769405394592461e-01,-3.513414932070517693e-01,-2.776772522940897936e-01,-3.778145137902933492e-01,-2.479655989931882354e-01,-2.723663539582342752e-01,-1.864334246502123149e-01,-4.226286956362201169e-02,1.912131973753201375e-01,2.126719247104160229e-02,-3.026571365394911412e-03,1.780569494860022861e-01,-9.586422503740633927e-02,2.268680954832257846e-01,3.102811144838313329e-01,3.686982380848412288e-02,2.821915550910549797e-01,-1.105204491102335053e-03,-1.093890880263289206e-01,-8.114807905022845824e-02,5.209954031209161618e-02,-1.454312600026529956e-01,-1.853422543356459951e-01,-2.254515254927844936e-01,-2.576700896603936197e-01,-2.308755185763318729e-01,-1.449224243237908286e-02,-9.076877929162939507e-02,9.086934816822582472e-02,-9.726696992360467364e-02,4.099743457666968349e-02,-1.539862062512705743e-01,-1.582697052529813686e-01,2.165775862003452845e-01,2.872607810329433908e-01,-4.117486877590210981e-02,4.153324837012590393e-02,2.918855611426457997e-01,3.140194373336191447e-01,3.769976685715036857e-01,2.640813563462401370e-01,3.122866331807120921e-01,3.088778413286433766e-01,8.788184405431653801e-02,-4.269135798765324313e-02,-1.691549248286928486e-01,-1.177223010948434262e-01,-2.479203457695078328e-01,-1.670643096965114260e-01,-7.180208653525441131e-02,4.260611171182420165e-01,1.822393460964601419e-01,-2.806458549848066530e-01,9.629516176170924147e-02,4.380654387366679225e-01,-4.936399652626821677e-02,-2.380312550367902347e-01,3.395408738615312561e-01,3.245363787814867784e-01,-2.008927384283087647e-01,4.166135669713936715e-03,3.247321021634114735e-01,2.402007898748282355e-01,2.309469124425574948e-01,1.695514866069220417e-01,2.966177353378656248e-02,8.493554639574432685e-02,-8.397223395710080862e-02,-2.695890271601162902e-01,-1.322636882810678260e-01,-5.937786231011337595e-02,-1.518103063406328890e-01,1.454504170112679851e-01,-7.645315003112598817e-02,-1.802533886854644496e-01,2.109134601120961350e-02,1.487950794490640882e-01,-1.795123807279157824e-01,1.452557535526939614e-01,-1.061522344620898783e-01,-2.950776529038910412e-01,-2.586074899806378724e-01,2.049910986499778667e-02,-3.035086900737233861e-01,-6.541586375964644762e-02,-3.982669458286443587e-01,-2.972898698869426079e-02,3.082367321642088820e-01,-1.704383088736854124e-01,1.276372658444871189e-01,1.278331538593686090e-01,-8.959441468845209811e-02,3.549094492292543257e-01,2.760666809304028746e-01,3.160002770516250337e-01,2.306877917807179934e-01,1.851358109172809296e-01,2.814579646162935767e-01,2.164965051498548843e-01,1.871062393383380873e-01,1.908523207096340657e-01,1.842421995158504133e-01,1.835173773541752540e-01,2.251499398547857356e-01,1.277600920859381373e-01,2.126342946931941702e-01,8.029214707033924259e-02,4.913432547687930640e-02,-6.221654070904412970e-02,-8.014671523212568705e-02,-4.393680258480948952e-02,-1.573312376102230584e-02,-1.247521813992867254e-02,2.745143597166127872e-04,-5.989875925512168353e-02,-9.053685501333530797e-03
3.037785131441885778e-01,3.107327555327669133e-01,2.716795287169214146e-01,3.138588916899534009e-01,2.099142578069648490e-01,2.345254127583115411e-01,3.064592250896284176e-01,4.120440299054496380e-01,1.000000000000000000e+00,3.205853950252685047e-01,3.110209224024186314e-01,2.312621969929354593e-01,-7.827884854518495084e-02,-2.347170025696935780e-01,-2.854288862553875927e-01,-3.600392830990159498e-01,-2.293128287779816754e-01,-3.639344398585326323e-01,-3.113154412945118854e-01,-2.256400703249433759e-01,-2.683503498252164943e-01,-2.973904635707060318e-01,-5.588058102682517264e-02,-3.516931938138137537e-01,-2.793045020590614880e-01,-2.469161579165730924e-01,-3.028032633958027131e-01,-8.661397277798379979e-02,-2.039751366345361749e-01,-1.038069905817344957e-01,1.122818408514774102e-01,1.786642223124631224e-01,8.267218154071481750e-02,1.757797715127957239e-01,1.612501430573541616e-01,7.110585996100167450e-02,2.221399966230392167e-02,1.737760646562325761e-01,1.802183301017288852e-01,2.973720974588087151e-01,1.503751709973660533e-01,1.311960965074416077e-02,2.080270104477678628e-02,1.752731094382303789e-01,-6.172256444234317657e-02,-8.581609194872828750e-02,-7.198335753309097196e-02,-2.048961334487863217e-01,-1.218506583896642043e-01,7.615521995447419035e-03,-1.383592657072664489e-01,-2.397390962206268419e-02,-1.951445823954626457e-01,-6.119462485163004034e-02,-2.108156023556208569e-01,-2.482089732448821140e-01,2.948125698272709844e-02,2.589933610244978812e-01,-6.222890861026119519e-02,-1.834419176569777876e-01,1.752835602652215163e-01,1.401838252577007060e-01,2.725000300994065983e-01,5.663978687888921587e-02,2.091992910624719815e-01,1.041743270744972250e-01,7.258315079429611405e-02,2.534061038790121761e-02,-2.045358443624953892e-01,-1.717931096971396510e-02,-2.666932505043596024e-01,-1.338458612059824915e-01,-1.576629244484242520e-01,2.966397208541151076e-01,9.761282943454635194e-03,-3.731740317151177599e-01,2.870288274410975546e-02,2.939396987934919103e-01,-2.071604431763718890e-01,-2.869731351469422820e-01,2.216445732268984559e-01,1.470677486047661520e-01,-3.497243129839225917e-01,-1.316468866961102713e-01,9.605646121829061745e-02,8.162934389031011040e-02,3.752945555477015249e-01,1.105950265317680314e-01,2.385163829684941450e-01,9.471913209187064753e-02,8.609430331347560014e-03,-1.982283850026795302e-01,-2.061166393249104223e-01,-3.083548111729182972e-01,-2.047375363028091089e-01,-6.788028539045593002e-02,-3.007596400802175496e-01,-6.883527374590177328e-02,-1.209802108071629662e-01,2.452427825303518383e-01,-6.709520170813500217e-02,-2.386609473101001383e-02,-2.361661809657959188e-01,-3.374917222958196406e-01,-1.567777426890561987e-01,2.320898246967310063e-01,-7.609808663183863231e-02,-1.520873166418444111e-01,-2.826289643202374302e-01,-5.790403707076397649e-02,3.528514114442385941e-01,6.966455325844211899e-02,3.346142399783672561e-01,2.245762758142836601e-01,2.112594781544349931e-01,3.123171485864210117e-01,2.386200617239666866e-01,1.873307243263301891e-01,1.722005827131960487e-01,1.089938293175684719e-01,1.875485535438141393e-01,2.419133080074980791e-01,1.873563015108713481e-01,2.442476374715328302e-01,2.434628918865736347e-01,2.184586676072251543e-01,2.295490932601564060e-01,1.917913330697221530e-01,2.224906827560733658e-01,1.781532117099965118e-01,8.301194842967690724e-02,-7.068575601684268239e-02,1.737902807946329134e-02,-2.950322542052981334e-02,9.523961236275259312e-02,6.872277725495914980e-02,1.306114077051803435e-01,-3.607316511609710927e-03,4.969336967820103812e-02
2.284726059710371904e-01,1.371451142537327139e-01,4.156764843759155337e-01,1.220248091798771389e-01,1.581581610310027197e-01,-1.491068097866976236e-02,2.115743612138999696e-01,5.109321407114078006e-01,3.205853950252685047e-01,1.000000000000000000e+00,1.891996327118579957e-01,3.594829081023296347e-01,-7.334316408503227525e-02,-2.667495729679581484e-01,-1.089915766205044739e-01,-2.372881328063892181e-01,-2.820410027723606050e-01,-1.373382770315721702e-01,-1.898974229902951061e-01,-2.466920295766296956e-01,5.784933992710904714e-03,-9.550047468121165839e-03,2.216829834073074379e-01,-8.068429722232083046e-02,-1.570444192289216778e-01,-2.872249969602786446e-01,-2.513191879062512957e-01,-1.134331350970524815e-01,-2.924551381114718906e-01,-2.500697550112710998e-01,-4.748629949929984023e-02,9.793217586791377882e-02,-1.032293815230476280e-01,2.142517599216295712e-02,7.571899956381568375e-02,-2.200738980497145281e-01,5.157893694877731944e-02,2.827914517033740527e-01,4.417406163795821461e-02,1.846650675908521888e-01,-6.001521533413624321e-02,-1.082078406115532521e-01,-2.459148666767562580e-02,-3.331368103261114072e-02,-1.800954553484987175e-01,-9.453324000061334720e-02,-1.743969098530198658e-01,-9.846400431513707696e-02,-1.766962471784078170e-01,-1.242800397438660470e-01,-1.290691340798447995e-01,5.674334621722084554e-02,-2.593009670067050309e-04,3.089641816625316242e-02,1.155976231101534663e-02,-1.242234657819513560e-01,2.361589891843700328e-01,1.167680761913954118e-01,-1.671065400362649889e-01,1.076488173887190508e-01,2.583566311778312530e-01,1.367184686732519916e-01,2.550762804543578732e-01,2.617696373728484183e-01,1.575245326831417048e-01,3.036389539443627439e-01,1.702947906644987075e-01,1.184243768347933157e-01,-1.108978969737416630e-02,1.075729849357202478e-01,-1.136659202514040679e-01,-1.088163478320027140e-02,1.122856803479575227e-01,3.339177711464260678e-01,-3.696982433000953194e-02,-1.809771055266567730e-01,2.409948096917859106e-01,2.504417362119293333e-01,-1.852414640331949136e-01,-4.081261676153655205e-02,3.568007837516604108e-01,7.258709745327190932e-02,-2.233223071587261965e-01,1.783874770840941093e-01,2.226064806723788703e-01,2.071431444341461370e-01,7.223701357111526888e-02,-1.669641067615786414e-02,-7.619303786976078241e-02,-2.802591010107358116e-02,-2.031647170865246155e-01,-2.080511908948702582e-01,-2.402106292556809575e-01,-5.128376947242749978e-02,-2.519915651366769205e-01,-4.029161680435541792e-02,-3.320204345452644566e-03,3.577259571075251665e-02,1.665444070441408353e-01,2.243010338760252353e-01,-1.232954220354080983e-02,2.132346336010189636e-01,-9.829716889330773755e-02,-1.247254785492775131e-01,-3.067868628888561489e-01,9.006314874999692133e-03,-2.753433618017268603e-01,-1.529103000311263783e-01,-2.953858004212475130e-01,-1.662070757378042718e-01,1.279913714166891758e-01,-2.303056645692297955e-01,7.933467953681343221e-02,-5.821028801391772006e-02,-1.504179641450933691e-01,1.787401589036245464e-01,3.142836529550331326e-01,1.615245535700863266e-01,1.476845649269204475e-01,1.445634100678269418e-01,1.656511047534727221e-01,1.390682516641298938e-01,1.648577240867974136e-01,1.563340448593742715e-01,1.594128438393621061e-01,1.659445647081081721e-01,1.566685656969608598e-01,1.487646393566377512e-01,2.079774544713158535e-01,4.812529777509447215e-02,1.756040812613032243e-01,1.537688590715951577e-02,-7.172582000649779799e-02,3.676176558507896625e-02,-9.899607771318739285e-03,8.266087083328270413e-02,1.683348089104149542e-02,6.286238027130662716e-03,4.797146843958340762e-02
2.080847777828186418e-01,-2.366878848237962546e-02,6.177840241785868131e-02,1.719637520868388947e-01,4.711944185527627144e-02,2.262906005989692437e-01,1.767478899221777977e-01,4.591323893112072008e-01,3.110209224024186314e-01,1.891996327118579957e-01,1.000000000000000000e+00,3.551466054637689163e-01,2.083855583884267892e-01,-3.189393036593310415e-02,-5.298052953789722519e-02,-2.586538719187120861e-01,-8.729486943514293273e-02,-2.264099729913843506e-01,-4.322982524765630052e-01,-1.695146141868372480e-01,-2.479398999275972126e-01,-1.696756097546856315e-02,-2.163965114366970394e-02,-4.607899011053058769e-01,-3.667728933008462811e-01,-3.392953479368667202e-01,-3.906377281202409457e-01,-2.203532496747585834e-01,-2.184517449460411653e-01,-2.229222512567819448e-01,-1.534022058218521278e-01,5.943550604340455679e-02,2.114612022593210031e-02,-1.027048468160279698e-01,5.469519047895380487e-02,-2.999312026067309234e-02,2.838478154018661548e-01,1.938532043294854679e-01,-6.035324145253141703e-02,2.277208534730275902e-01,-6.004672434115175539e-02,-1.594713882809072891e-01,-1.143954703998552869e-01,1.635175094237730289e-02,-1.112009469095886216e-01,-2.238369599511406960e-01,-2.661548583784853483e-01,-3.052741062219402335e-01,-2.257504918537121541e-01,9.317115707362386492e-03,-3.561269746664071784e-02,9.827507894588309589e-02,-1.821697242601539313e-01,2.553573750073938678e-02,-2.048309824176572091e-01,-1.041487567996064317e-01,1.611832287377825967e-01,2.619418353089602025e-01,-9.262515770191079995e-03,2.303985013730111206e-02,2.481301874435717369e-01,3.364127768010808373e-01,2.614287072289758207e-01,2.246786780151296681e-01,3.236345593558298539e-01,2.213901650047625513e-01,-3.629853132148498640e-02,-1.342196183519949459e-01,-1.541731569340749342e-01,-2.075411014670125176e-01,-1.895473163651955339e-01,-2.273010150461631240e-01,-2.219445457334301985e-01,2.322969321059907000e-01,3.253750794321681461e-01,-1.649020966744275951e-01,-1.166039562606788899e-01,3.607026510279002784e-01,1.499602444316757988e-01,-2.459240718653445956e-01,1.163166592472358596e-01,3.471731995329350728e-01,-6.041305040823211764e-02,-1.195275741425835397e-01,2.396170700384139540e-01,1.476067637678223909e-01,1.577002936437381653e-01,2.405209002673199536e-01,6.111726789769305473e-02,1.696989000533161429e-01,8.649725066421168340e-02,-1.392322840860372446e-01,9.443410795230301746e-02,7.538942201073814409e-02,5.096692759959557673e-02,3.102829801843114410e-01,-3.578185554505422528e-02,-3.509709401883016056e-01,-1.371451869942041379e-01,-7.604166746600389548e-02,-3.180018704799003060e-01,7.393362897132833844e-02,7.644343703273281943e-02,-2.167508388618088200e-01,-5.719682831090792952e-02,-4.894933610589216610e-02,-1.833706812601446634e-01,1.136012376913586586e-01,-2.414662395956533592e-01,8.525763344947340228e-02,2.136600819428130515e-01,-8.149964659212166618e-02,-1.277602112362935353e-02,2.016823982629470935e-01,-7.672164154108442047e-02,3.124506321248334828e-01,8.173956258428816124e-02,2.743751194127349580e-01,1.377024772946367492e-01,5.167857499516687048e-02,1.858498964087115513e-01,9.406308962256013095e-02,8.595557954036757431e-02,8.279363021431354608e-02,4.516811067871342317e-02,3.437788867338382320e-02,7.443593370479266447e-02,-4.446252459088692599e-02,1.867845204788850036e-02,2.710910339979411346e-02,-5.902821224351190166e-02,-3.914246076704273186e-02,-2.319906688729228214e-02,-9.496656009762674544e-02,-4.515756905134504090e-02,-1.224284581755838430e-01,-8.914786602104081414e-02,-9.128734350186989976e-02,-9.365405704583744384e-02
