1.000000000000000000e+00,3.827506218518194614e-01,4.309662698990213148e-01,3.305974139458137118e-01,2.383650674455140006e-01,1.862614372135988072e-01,2.242697742082370438e-01,2.141207183665850000e-01,1.644159541421822690e-01,1.663639546756147392e-01,7.684313216611306230e-02,9.110780054166443820e-02,2.590232487750145779e-02,3.302533578447102575e-02,8.415087486062997058e-02,2.842071133014708803e-02,6.735114665461180462e-03,3.394813897221773957e-02,3.324519614688613983e-02,5.757358282390070969e-02,1.980583830412923144e-02,2.000788032544172784e-02,4.351962851871998827e-02,2.347559708354064051e-02,-2.461820237334234537e-02,7.677174251345422924e-03,4.110444428588475030e-02,5.423694316408322197e-02,-1.663047346352172816e-04,-3.473832134319589093e-02,-2.587996430632117165e-02,2.316288093881599744e-02,-5.833440129629316896e-04,1.306896648819336725e-02,2.411861719273872967e-02,4.862116771264011518e-03,1.483458823089925729e-02,1.033397094721470906e-02,-4.645478623798876897e-03,-5.907514761959516310e-03,1.100903802070905650e-02,3.075965778260190617e-02,1.123260101325596408e-02,7.230150332033036340e-04,-2.203485840213954133e-02,5.948731320340357176e-03,1.941432913645666988e-02,-2.703537535954505036e-02,6.036454830854452204e-03,-5.712221695464563426e-05,-7.242548189681168903e-03,6.917243122548180807e-03,-3.215703699561055229e-03,-1.333430025587572371e-02,-2.719216596905565594e-02,-8.938042763311037850e-03,-8.884154785155038217e-03,2.396573924925762822e-02,-1.233592989824302925e-02,-8.058819599679011361e-03,-5.292510720846682094e-04,-8.306970383062274935e-03,7.571919562534250824e-03,2.986142209011636781e-03,1.661117092151557020e-02,9.911111110910295063e-03
3.827506218518194614e-01,1.000000000000000000e+00,2.935013323308305333e-01,2.888964911273058656e-01,3.462263978238150908e-01,1.268518384334897109e-01,1.628708828538509568e-01,1.991777212261974239e-01,3.624716861929151712e-02,1.295743909741627065e-01,7.811710336542644628e-02,3.268845269209667836e-02,5.463900065282377427e-03,5.717887595593524469e-02,3.768352033922489630e-02,1.080032960048520584e-02,-1.112994289346489092e-02,1.305821871955047467e-02,2.209930222677355949e-02,4.969564936198833660e-02,9.586395982806396321e-03,-1.069670373407255459e-02,2.173268313661151641e-02,-1.530739709691967577e-02,-3.415233053751143971e-02,2.094642204224449536e-02,2.589213278678987110e-02,4.145146785366078321e-03,-3.696737325621764214e-02,-2.627502055381857049e-02,-4.050491901182419474e-02,8.824743990106281161e-03,-2.647683898114661441e-02,-1.173141933525122596e-03,3.493643618804807794e-04,-7.188502243117129986e-03,-6.603874385153786497e-03,-3.264617792401669494e-03,-6.278836572532839159e-03,-2.388822090656512673e-02,4.885429656709415307e-03,-3.694420041756374309e-03,-2.272811294445650776e-02,-1.859879056644229978e-02,-1.066413026114244877e-02,1.122059504605652305e-03,-3.689422833960434491e-03,-1.762565283698673199e-02,1.014971463309167175e-02,-2.006386020701180287e-02,-2.746660748088519330e-02,-1.770633846975035869e-02,-2.942175163752947659e-02,-1.847574220819105800e-02,-8.341905659882299998e-03,2.328428725569809538e-03,1.991512795717922946e-02,3.215617538927691144e-02,-3.064831511214681221e-04,1.757463697196402774e-02,2.047093117637275098e-02,2.109408247815942189e-02,-4.996661350017083357e-04,-3.504904157044629455e-04,1.631007448154231723e-02,1.823570034790720053e-03
4.309662698990213148e-01,2.935013323308305333e-01,1.000000000000000000e+00,2.866175234051287490e-01,3.726292647984031370e-01,2.577163616036211580e-01,1.867753698625526926e-01,2.728890994719289087e-01,1.871419446840856537e-01,1.211134959341208378e-01,6.837539828014385646e-02,5.653025763441316132e-02,-1.324851274282809986e-02,4.560996277614415978e-02,6.388323112084426381e-02,-1.318090574411240638e-03,-4.302579098663306643e-03,1.438945214415852068e-02,6.977017999285592929e-03,2.926746126172070570e-02,-5.538550082373516585e-03,1.404917746004105510e-02,4.855726241142545307e-02,-1.068059395538424258e-02,-1.986565742429373740e-02,4.520536508864497066e-02,1.837897957193234885e-02,2.770766578070424369e-02,-3.034768880665878257e-02,-5.573453129482643792e-02,-5.729786500571078939e-02,3.196708988475538415e-02,-2.428690621662399005e-02,-1.296270979536970390e-03,1.697149557007237436e-02,-2.041539536881978312e-02,-8.544134712832364420e-03,-8.510336338287926281e-05,-7.549968033427146251e-03,-1.846502154641135179e-02,-6.986049758782787722e-03,7.410989769043706092e-03,-2.355390778631355139e-02,-1.438629397614908829e-02,-2.249975685633635522e-02,9.353872990134392065e-03,1.400348399916251721e-02,-4.725910402668926508e-02,3.045025352843842847e-02,1.252757971975478404e-02,-1.217189010105757321e-02,-2.007261049143534842e-02,-2.616887760526178178e-02,-2.404834761652065861e-02,-4.649850976832058114e-02,-3.932944633373678875e-03,1.183961815707400148e-03,3.879591572041293096e-02,4.858839948975166891e-03,1.006437212313195106e-02,-5.090633229606570526e-03,-7.943612740237594380e-03,2.434704446426895832e-02,2.037313273671131214e-02,1.857351702463488213e-02,1.892308183150159459e-02
3.305974139458137118e-01,2.888964911273058656e-01,2.866175234051287490e-01,1.000000000000000000e+00,2.924101482217732473e-01,2.351362380762549720e-01,5.217529076715392566e-01,3.587488759251923898e-01,3.149584779066076923e-01,4.192365194858620470e-01,1.651919962971012401e-01,2.224444726925459970e-01,7.428076037202731297e-02,8.419766807509540540e-02,1.921514415362074735e-01,7.112679338119899664e-02,4.750014273441385826e-02,6.409026056750041778e-02,4.708205060028110983e-02,8.381837581308393403e-02,-4.540294566590617580e-03,-1.983617688075152083e-02,3.808282437802049114e-02,2.607541402637965702e-02,-3.468333510785919643e-02,2.388635401732972993e-02,4.511503456087233299e-02,5.481461670318379248e-02,6.588417144061322825e-03,-5.835820554628395884e-02,-4.080718028234548572e-02,2.620620430956992902e-02,3.919444595244839756e-03,-3.319606030270672373e-03,1.296088405515682419e-02,7.305627096199094998e-03,7.596517945041188213e-03,-1.913298510063101039e-03,-4.951821443567497316e-03,3.848687354146462531e-03,-5.517802986935524227e-03,2.391922349515250915e-02,-1.747668984277784762e-02,-1.883469468998302115e-02,-4.941709531145704187e-02,-2.503069583973036374e-02,1.452064228578759351e-02,-4.912264228625001089e-02,-8.827804976948058768e-03,-1.495968214111043602e-02,9.937603431535864049e-03,4.326879571070570661e-03,-1.295509919054332881e-02,3.199892409279632508e-03,-2.781464120933025558e-02,-1.889705686973192078e-02,-2.180343589898509765e-02,4.230202280868028408e-02,4.275018399414792260e-03,-2.214726211534386036e-02,-2.557573256306600040e-02,8.472476249700924486e-03,1.685121817555948476e-02,1.201614068821899375e-02,4.630609102026048141e-02,3.312924521383395216e-02
2.383650674455140006e-01,3.462263978238150908e-01,3.726292647984031370e-01,2.924101482217732473e-01,1.000000000000000000e+00,2.918514541170542653e-01,1.466269361547125061e-01,3.560767232522258907e-01,4.525869247010719243e-02,7.960310604396192424e-02,1.021646632972384450e-01,-3.618935678197934130e-02,-9.118734008894550935e-02,7.135606179431655538e-02,-2.957956383917482654e-02,-6.864169431945775501e-02,-2.298612321819528889e-02,-4.387342394112141164e-02,-1.385839894638478224e-02,1.289048764496840589e-02,-4.133986625734396153e-02,-1.335813976069987787e-02,3.042883826433859934e-02,-5.386405363325872525e-02,-1.173974382037068498e-02,6.222732779949500387e-02,-1.692237370195002338e-03,-1.925546807636434668e-02,-6.041941577241808498e-02,-5.043494822456080079e-02,-8.385729608513754763e-02,2.287925891394111330e-02,-6.869995116518787248e-02,-2.084233375378454628e-02,-1.094756559634160742e-02,-3.952955804644375098e-02,-1.879788293379463029e-02,-1.956730929506040467e-02,-3.311018055742655231e-02,-2.438686886992700101e-02,-1.387322344922285212e-02,-2.583056298047343990e-02,-2.885217439949568780e-02,-2.467166570399205797e-02,-3.699957476404090034e-02,6.239947471610271697e-03,-1.471431036995464242e-03,-2.265730270586276476e-02,7.233920788280230607e-02,2.018558107478674382e-02,-1.912638277018587421e-02,1.599164164020960496e-02,-1.187224608195366037e-02,-3.911476086570179339e-02,-4.279809830898412965e-02,-6.070048104452918300e-03,-2.081882487303075499e-02,1.264766491557890553e-02,-7.022021211033859477e-03,-2.709035030602055007e-03,-2.393474729600540696e-02,2.380761038408782393e-02,4.584078056589472455e-02,3.133925375630289972e-02,4.327484006612169337e-02,3.093191839821267386e-02
1.862614372135988072e-01,1.268518384334897109e-01,2.577163616036211580e-01,2.351362380762549720e-01,2.918514541170542653e-01,1.000000000000000000e+00,2.978828639806529455e-01,2.985901012831111978e-01,3.969799248083518695e-01,2.485729319400279413e-01,1.341826907283240333e-01,1.889734998680222822e-01,-1.344804513227913778e-02,6.300925600706322460e-02,1.450590179799037260e-01,2.206647088500766560e-02,-2.455161388625371616e-02,4.045687339198815458e-02,1.019679474251733095e-02,3.881750550108913761e-02,-3.027646431834669742e-03,5.674950984960527162e-02,7.910405816148041724e-02,1.131636506859294219e-02,-2.576288588518609382e-02,1.074181675287397275e-02,3.248405921819118997e-02,4.615848048433993100e-02,1.217245312317294381e-02,-5.275625462144081790e-02,-3.097343821638634878e-02,4.781358977963966889e-02,9.542670990920900514e-03,1.691270025834526458e-02,-4.178366329657683294e-03,-2.176273121911402250e-02,2.152356125583797242e-02,-8.311777882301902773e-03,-3.024629585506191654e-02,-7.904117215245960379e-03,-9.373497663146086387e-03,2.766122707478635076e-02,-1.743367017257628146e-02,-9.194071477543384885e-03,-1.757552535219401510e-02,-6.679289068462183551e-03,3.489704375197956454e-02,-4.244746681920734399e-02,7.989743212429414876e-03,4.601312323741547916e-02,-1.919672367583280179e-02,3.268527286763502765e-02,-1.329508402131493461e-02,-3.659828245651650797e-02,-3.547479406891626552e-02,-3.021968856784787091e-02,-9.718591024521543165e-03,9.245306180291465795e-03,9.931204110020517336e-04,6.855688340004243916e-03,-3.942050230597816257e-02,1.094165293516359203e-02,6.205137732026413250e-02,5.214596442401608217e-02,4.240582326069106817e-02,6.579158566314094458e-02
2.242697742082370438e-01,1.628708828538509568e-01,1.867753698625526926e-01,5.217529076715392566e-01,1.466269361547125061e-01,2.978828639806529455e-01,1.000000000000000000e+00,3.752684827354347274e-01,4.440013393926294238e-01,6.605874075631334996e-01,2.607182141427207833e-01,3.498788078929961354e-01,1.858532762544834460e-01,1.425439548480433305e-01,2.807922416429192158e-01,1.471913244575783486e-01,7.390131252033318998e-02,1.365976147248250117e-01,9.127043472861282036e-02,1.497145964070762669e-01,4.764443751905894468e-03,-3.628312104132212779e-02,1.020460308715966657e-01,8.226031790909021923e-02,-6.503186425257731496e-02,3.588363445311792662e-04,9.328905152764659092e-02,8.865152812186551101e-02,4.123364768411524189e-02,-3.860170813615584201e-02,-4.510138324586882019e-03,5.496521241345669190e-02,2.107551194380860235e-02,2.874447723935363505e-02,-3.807708656313160862e-04,1.835227913650772785e-02,3.056806767596688054e-02,-2.487659105469664390e-03,-1.219096339892984139e-02,-3.223611110342957352e-03,1.431314239408761069e-02,5.122218711235577981e-02,-4.128318543064112521e-03,2.754304465315854378e-03,-1.852366289589904222e-02,7.370254755850860762e-03,4.767141612600791362e-02,-9.523964886900533611e-02,-2.506753466260380758e-02,-1.419677754851429025e-03,6.051375468747332079e-03,1.020238897327701774e-02,5.095411805743434858e-03,1.926221948964713980e-03,-2.375773172343713033e-02,-1.911807968441923966e-02,-2.668860394844671871e-02,2.717795528552144346e-02,-9.117708817160266946e-03,-4.553884459648489813e-02,-4.077496382251283302e-02,9.221307669336044691e-03,3.507031934148817365e-02,2.654541486844055193e-02,5.888396552479591151e-02,4.229282817201585748e-02
2.141207183665850000e-01,1.991777212261974239e-01,2.728890994719289087e-01,3.587488759251923898e-01,3.560767232522258907e-01,2.985901012831111978e-01,3.752684827354347274e-01,1.000000000000000000e+00,3.867239128881885257e-01,1.635302606322384666e-01,8.760823551706084511e-02,-2.586806311167030512e-02,-1.938147165566392882e-01,7.079091485425707819e-02,2.241710302210721348e-03,-8.212849574040023692e-02,-3.647575744575770520e-03,-7.242293288445715571e-02,-2.844182350586374475e-02,2.934225213990037761e-04,-8.618697552651141680e-02,-2.540857731641845210e-02,6.290421926249352425e-02,-2.396507862494443725e-02,-1.934975397311869752e-02,7.604125931320669662e-02,3.099611329815584251e-02,1.204101299135513364e-02,-3.280135959984129684e-02,-2.862963110618670093e-02,-6.563066148910839948e-02,1.871746326722927012e-02,-4.933616376769911493e-02,-8.888997874687399811e-03,-1.772828431749219960e-02,-2.082474202181434919e-02,9.798756754916474864e-04,-5.463161526905275719e-03,-2.267766843601741814e-02,-5.710879494050030702e-02,-3.737213025440659642e-02,-3.461563026287278050e-02,-3.809763257884143245e-02,-1.452259015764122661e-02,-2.732099877993833525e-02,-2.062802202178822333e-02,2.023341096635113828e-02,-5.186847604656440874e-02,5.771865917466625613e-04,2.678133793923224981e-03,-3.826654913678952108e-02,9.072974579195883238e-03,-3.251353239858473243e-02,-2.720944167196666374e-02,-1.658665322421669711e-02,-1.066560693117682944e-02,1.492358124617669014e-02,3.305294992922489655e-02,-7.704707055065494574e-03,-4.371023541076011348e-02,-4.813673685587364914e-02,-7.845061267762319657e-03,2.581675204061834039e-02,2.950890683847139095e-02,4.029781788900355100e-02,4.055403298934816270e-02
1.644159541421822690e-01,3.624716861929151712e-02,1.871419446840856537e-01,3.149584779066076923e-01,4.525869247010719243e-02,3.969799248083518695e-01,4.440013393926294238e-01,3.867239128881885257e-01,1.000000000000000000e+00,3.198146550475292060e-01,-3.294720761558189714e-02,2.800110034950054061e-01,-1.965588876169406182e-02,-9.840835619778047494e-02,2.301740146473659765e-01,2.945254360009755268e-02,-2.857172248310423102e-02,5.568976366441457521e-02,-2.427945458997455772e-02,2.184688402679813707e-02,1.909959772340408257e-02,4.959428147162886491e-02,6.561995280098496808e-02,6.737568362773549424e-02,1.209306258064936877e-02,1.851016422619664037e-02,2.801688956706670924e-02,9.894228724093206973e-02,2.450840192558511460e-02,-8.192439301941695229e-02,-3.481160216566808047e-02,6.132933015288719036e-02,5.327090070321508636e-02,1.402397774126823253e-02,2.641417094899765894e-02,8.784957497784930819e-03,1.955995513088972307e-02,3.414163615211708407e-03,-1.681475914753839673e-02,-1.985187124015801857e-02,-6.167991186645067729e-03,4.726412922274051548e-02,-2.182853628187850920e-02,-5.960621661651907890e-03,-1.182119965172595717e-02,-7.974881319175397554e-03,4.021883835286888670e-02,-6.221474090677609620e-02,-2.514734319270218316e-02,3.298854423478267406e-02,-9.861452720019843812e-03,2.465185721273978857e-03,-1.364526093253860470e-02,1.891481139142788329e-02,-2.342437686448865450e-02,-1.676891890403456320e-02,1.164439409854807397e-03,3.453599524639699991e-02,-2.635410423493102922e-03,-3.831437500347415620e-02,-3.851531947107854348e-02,-2.068446280603400411e-02,2.701416812725570063e-02,2.347264384262442299e-02,3.291522054158779048e-02,4.436506058152473592e-02
1.663639546756147392e-01,1.295743909741627065e-01,1.211134959341208378e-01,4.192365194858620470e-01,7.960310604396192424e-02,2.485729319400279413e-01,6.605874075631334996e-01,1.635302606322384666e-01,3.198146550475292060e-01,1.000000000000000000e+00,2.616769176204461478e-01,4.778736446111531699e-01,2.972492739726442790e-01,1.626971884550669489e-01,3.712008263104841777e-01,2.482198959692862583e-01,1.208859980163600467e-01,2.224510156637204694e-01,1.470947907240152119e-01,1.998536493419318105e-01,4.642835800307325983e-02,-3.082154322407659047e-02,1.096712870812551754e-01,1.119501156969710670e-01,-9.286610392804871272e-02,-5.070667861745783989e-02,1.101314261088930380e-01,1.061355407871845263e-01,8.232548682922828653e-02,-4.252753275219223195e-02,2.366427408932694071e-02,6.426969314402204703e-02,4.880141181973862707e-02,4.127733821139783349e-02,9.520327933824060049e-03,3.211263904796458207e-02,2.834145730504990593e-02,-2.021444764640777542e-05,-7.929852749922205318e-03,-1.123942417675565485e-02,1.366036208890464287e-02,5.657789873537841241e-02,-1.451616725084742222e-03,-1.258052703335243733e-03,-1.202737253654787009e-02,3.056716029585628339e-02,4.845239950102748355e-02,-6.954890914201984631e-02,-1.336696384441477675e-02,4.347683632173822595e-03,1.572854934919826935e-03,1.120612174871158002e-02,9.121113406972056886e-03,4.722390434918627075e-03,-3.332457331573275561e-02,-3.555181543425738749e-02,-3.601734431147597670e-02,1.405050588323336451e-02,5.221965229903897422e-03,-3.119433802201721992e-02,-3.314068228455843701e-02,1.822142111318567070e-02,4.111014457357442531e-02,3.252456446883447705e-02,5.924769867246150457e-02,4.411913713690167327e-02
7.684313216611306230e-02,7.811710336542644628e-02,6.837539828014385646e-02,1.651919962971012401e-01,1.021646632972384450e-01,1.341826907283240333e-01,2.607182141427207833e-01,8.760823551706084511e-02,-3.294720761558189714e-02,2.616769176204461478e-01,1.000000000000000000e+00,3.956586766133865507e-01,3.564786818437015725e-01,6.665313784893882598e-01,3.917909647438276299e-01,2.677561742230886166e-01,2.969465937165062797e-01,2.319954760938287563e-01,2.760055551071365354e-01,2.680229736202498492e-01,-1.575268905746626466e-03,-1.156798317378846808e-01,7.524721311266806267e-02,1.246038692589703095e-01,-1.129723743079997927e-01,-6.172611969351324279e-02,1.309866781754114862e-01,9.145979394368780602e-02,1.437993714819233715e-01,2.533941655239824176e-02,1.203107563310188838e-01,7.724470960615981152e-02,5.935829244344825034e-02,8.119663365632430463e-02,2.248355382550571574e-02,4.418641523287246409e-02,5.727086831646569648e-02,1.695299737533677645e-02,-1.112126199812445322e-02,-1.004790456333994747e-02,1.388583439193775623e-02,4.481401343510808648e-03,7.273742997649025599e-03,-5.435070265915995999e-03,-1.733976945063147018e-03,2.818580076512689284e-02,2.053094343476983066e-02,-4.863790169446884082e-02,-2.754169231800331769e-02,3.666127192576646571e-02,1.536688036822040845e-02,4.240031158454480448e-02,4.469249758537877093e-02,4.770974182236192157e-02,3.776358829489332575e-02,4.069818909131023982e-02,1.579455033956317714e-02,5.560378675862248654e-02,6.246800486835719576e-03,-1.278050088768390054e-02,2.900793568026792738e-03,2.717761399269985091e-03,4.011439914474121404e-02,1.985781402879772256e-02,4.039263640970395391e-02,1.442185416468362222e-02
9.110780054166443820e-02,3.268845269209667836e-02,5.653025763441316132e-02,2.224444726925459970e-01,-3.618935678197934130e-02,1.889734998680222822e-01,3.498788078929961354e-01,-2.586806311167030512e-02,2.800110034950054061e-01,4.778736446111531699e-01,3.956586766133865507e-01,1.000000000000000000e+00,3.670007428577863329e-01,2.599137651075841826e-01,6.584522126140287535e-01,3.389820465498202262e-01,2.068855817179805490e-01,3.540436349127021876e-01,2.082913853776644508e-01,2.835999485732787484e-01,1.102453659778099421e-01,-2.058719148907461535e-03,1.294268181233806381e-01,2.273287549516392614e-01,-8.253166796212732526e-02,-1.251865166316223077e-01,1.414853152865217234e-01,1.925788477580138158e-01,2.013980642516322861e-01,-5.499208274274863112e-02,1.250246151835602559e-01,1.461130597190872238e-01,1.704216585312343935e-01,1.123122246060959534e-01,8.529711242533936921e-02,1.035283986517479410e-01,8.647886229100648636e-02,5.490923127023315115e-02,1.018357466607053979e-02,1.658041859052409900e-04,4.904229731333625136e-02,8.375820503313845256e-02,2.901885425865678714e-02,1.359750320423532520e-02,1.127540625462357046e-02,3.493099705683795630e-02,7.943600221438225362e-02,-2.648012995923376342e-02,-2.623260937558278064e-02,3.366075888950768868e-02,-2.612867416082819295e-03,2.024561276805063662e-02,2.846082401552611774e-02,2.907025145506309666e-02,2.144596306314354092e-02,2.005970936662109568e-03,-1.191441890293894017e-02,5.433356179467181690e-02,1.576023441445587037e-02,-2.021662117991807409e-02,-6.996068978794767711e-03,1.123634131411127947e-03,3.232898393218797822e-02,2.120648393513589747e-02,2.602269523342199201e-02,1.475813395722419367e-02
2.590232487750145779e-02,5.463900065282377427e-03,-1.324851274282809986e-02,7.428076037202731297e-02,-9.118734008894550935e-02,-1.344804513227913778e-02,1.858532762544834460e-01,-1.938147165566392882e-01,-1.965588876169406182e-02,2.972492739726442790e-01,3.564786818437015725e-01,3.670007428577863329e-01,1.000000000000000000e+00,3.215093998130621467e-01,3.402036792823920353e-01,4.913914260963554992e-01,1.846452473541136674e-01,3.664177019446350769e-01,2.522969511604536419e-01,2.413007067576470044e-01,1.548131392756807168e-01,-3.502133496220193737e-02,4.028530189680046281e-02,1.470124216593627353e-01,-7.337536462731381048e-02,-1.426811514525722357e-01,7.787619175713440811e-02,9.116113229437849963e-02,1.494861939099072778e-01,1.304001911237040283e-02,1.221788195622904999e-01,4.698552510851733421e-02,1.018631753443208221e-01,5.415753339387690407e-02,3.030675429885959157e-02,5.566821565031612740e-02,3.442051290442767891e-02,2.303153243131122324e-02,-6.888294315217578269e-03,-9.701988250082326307e-03,4.052300605552416890e-02,4.549308521136370687e-02,4.760035014818652516e-02,4.249632229009223106e-02,2.293678308642571953e-02,4.139814278494803601e-02,5.291283864937412762e-02,-3.492549098648366906e-02,-3.623153882920784191e-02,1.021810603203206040e-02,8.273112825163034256e-03,-4.283321343650351755e-03,1.036111360193736793e-02,2.877685943532103802e-02,-1.559135984935441747e-02,-9.598155735482179207e-03,-1.866531828545938548e-02,2.630820375384702176e-02,2.179982913304221240e-02,-1.189975646603832170e-02,-2.032619818150161947e-02,5.649099901645731475e-03,3.366354003762339619e-02,1.843177075977923962e-02,2.574287923128731892e-02,1.644475018841758812e-02
3.302533578447102575e-02,5.717887595593524469e-02,4.560996277614415978e-02,8.419766807509540540e-02,7.135606179431655538e-02,6.300925600706322460e-02,1.425439548480433305e-01,7.079091485425707819e-02,-9.840835619778047494e-02,1.626971884550669489e-01,6.665313784893882598e-01,2.599137651075841826e-01,3.215093998130621467e-01,1.000000000000000000e+00,3.016023077064983737e-01,2.443097672358529315e-01,3.276395379922055762e-01,1.869773279542111810e-01,2.899708014117505783e-01,2.532219503637102020e-01,-3.379281219955294902e-02,-1.428287824150331065e-01,6.386284346921616839e-02,9.173394004352242170e-02,-1.129528321178673717e-01,-5.649467840330475027e-02,1.148973342818584431e-01,5.405582957649364417e-02,1.069254441607161016e-01,5.243520147323488256e-02,1.158961303242096730e-01,5.033287583308294205e-02,2.132909547434667236e-02,6.851729211866984526e-02,1.102620303715158047e-02,2.594388287109526681e-02,4.617494967144322032e-02,-2.172309857942122165e-03,-2.364327427159975542e-02,-1.618716688269997844e-02,2.370280037478767268e-03,-1.733389640022147890e-02,3.238752829749180079e-03,-8.776309319770543528e-04,5.803669455309918256e-03,3.602870624424313328e-02,1.070142604380787572e-02,-4.504895763196630626e-02,-1.915059165878285966e-02,4.061016517021272254e-02,1.594359942346693440e-02,5.070778752055750405e-02,5.840130808232560367e-02,4.782606011044096550e-02,3.572045511751867353e-02,2.989634325682649640e-02,1.353640277796762208e-02,4.284777488039434590e-02,5.304096535644565492e-03,-2.182345140848601303e-02,5.875943672067711170e-03,1.675095776814425428e-03,2.830237256971031984e-02,-2.901722955355835482e-03,1.931816599156611566e-02,-6.301940790542207883e-04
8.415087486062997058e-02,3.768352033922489630e-02,6.388323112084426381e-02,1.921514415362074735e-01,-2.957956383917482654e-02,1.450590179799037260e-01,2.807922416429192158e-01,2.241710302210721348e-03,2.301740146473659765e-01,3.712008263104841777e-01,3.917909647438276299e-01,6.584522126140287535e-01,3.402036792823920353e-01,3.016023077064983737e-01,1.000000000000000000e+00,3.046610612905796822e-01,2.571389147880271953e-01,3.357399625650915875e-01,2.214792429282628483e-01,2.892939867646058261e-01,6.739440537346162718e-02,-3.933797521449874240e-02,1.327711849476541361e-01,2.357654103780745525e-01,-7.682421000941346001e-02,-1.191883885436827023e-01,1.440653918627746721e-01,1.978563000842610275e-01,2.040470391202560130e-01,-4.750955797713728168e-02,1.333999922288967299e-01,1.452949188499388644e-01,1.692680694414726017e-01,1.146844615898128805e-01,8.806147511248789417e-02,9.631717493131372598e-02,9.400365605501111166e-02,5.966223687020802413e-02,8.354050851952718459e-03,7.117610285239558661e-04,4.944566625237736823e-02,7.731335585726330228e-02,3.675625971526929464e-02,1.783432925910843209e-02,2.757216331636036522e-02,5.135753951586360250e-02,8.697259668148769884e-02,-2.483036164567557769e-02,-9.441332906993045102e-03,5.594866645466353705e-02,8.644465419422642932e-03,3.148669560705393694e-02,2.469577195684049750e-02,2.012426392681550963e-02,1.809617750649437917e-02,-8.843493034234851946e-03,-1.596091831647112116e-02,4.464755370406812279e-02,2.242961239313960922e-02,-2.075908202398434044e-02,-9.538169860779552658e-03,-6.561961023708947835e-03,2.103812569059070742e-02,2.187515921419702376e-03,2.092869475549668026e-02,6.415260463144299491e-04
2.842071133014708803e-02,1.080032960048520584e-02,-1.318090574411240638e-03,7.112679338119899664e-02,-6.864169431945775501e-02,2.206647088500766560e-02,1.471913244575783486e-01,-8.212849574040023692e-02,2.945254360009755268e-02,2.482198959692862583e-01,2.677561742230886166e-01,3.389820465498202262e-01,4.913914260963554992e-01,2.443097672358529315e-01,3.046610612905796822e-01,1.000000000000000000e+00,2.095600389256287721e-01,4.967462902060416075e-01,3.098191344767495803e-01,3.052814217268464692e-01,2.287434346823129794e-01,-4.348500847114131901e-02,4.314643218320592111e-02,1.877204443837470760e-01,-7.650816530556425743e-02,-1.731875455645654482e-01,8.949914200342194703e-02,1.258377187867814329e-01,1.603937652619404908e-01,6.255277787709830582e-03,1.375594323133417229e-01,3.890306637758327718e-02,1.438689455054544819e-01,8.893696679787871373e-02,6.037425746096229673e-02,8.259834738817749267e-02,5.261873683330681867e-02,4.794325932487811248e-02,5.991155922791940695e-03,1.271579281009895326e-02,5.119699932022254291e-02,3.881847947892969053e-02,5.300500297871418853e-02,3.293006651641684768e-02,2.258814528931105473e-02,3.616854093744865939e-02,5.526601011140556269e-02,-2.265704167834604182e-02,-1.554684620994231832e-02,3.499722272432793154e-03,2.317671394049439660e-03,1.417805349073336663e-02,2.559684942293636092e-02,1.590422530214436955e-02,-2.590297166231417714e-04,-1.107723879236053015e-03,1.938476169391146683e-02,5.246269477839762135e-02,3.297205924407518862e-02,-8.988394953288325259e-03,-2.418780348295938507e-02,2.548894661447159704e-02,5.836883312576025135e-02,1.390834418916911917e-02,3.425482231093424090e-02,1.211675563276407193e-02
6.735114665461180462e-03,-1.112994289346489092e-02,-4.302579098663306643e-03,4.750014273441385826e-02,-2.298612321819528889e-02,-2.455161388625371616e-02,7.390131252033318998e-02,-3.647575744575770520e-03,-2.857172248310423102e-02,1.208859980163600467e-01,2.969465937165062797e-01,2.068855817179805490e-01,1.846452473541136674e-01,3.276395379922055762e-01,2.571389147880271953e-01,2.095600389256287721e-01,1.000000000000000000e+00,2.730808737988261181e-01,4.054674053089782348e-01,3.488029670605339860e-01,-9.893677059495736836e-02,-2.219962855983055039e-01,8.270357550830578774e-02,1.768814091969878044e-01,-1.617806870656112728e-01,-9.720331453414364498e-02,1.642243937583465208e-01,1.154434380482504824e-01,1.915656839361834785e-01,7.955581661981671326e-02,1.800616627021657812e-01,7.691405918304024258e-02,6.886767163131018998e-02,1.345463147814592864e-01,5.641414628902875067e-02,8.763408231948843774e-02,8.938270642436976776e-02,4.388872474744846125e-02,2.646462039590653445e-02,1.303781357861035634e-02,4.144222481839590633e-02,2.804333552293421586e-02,1.620330560447828458e-02,-6.502486125676182165e-03,-1.194935301779292969e-02,2.397437781798341869e-02,1.892624266585146015e-02,-5.835326432389156132e-02,-3.873567571928077796e-02,3.881157079018786316e-02,1.367054732306291487e-03,4.047897156079839631e-02,3.112950006515158990e-02,2.318562880102458326e-02,5.208847559739355343e-02,2.384095311081025834e-02,-2.226058506633372784e-03,2.747426805727488583e-02,-5.202134749281774398e-03,-3.068562733493633218e-02,-1.559847264666085198e-02,-2.074066718133577361e-02,1.796161332063968968e-02,-8.263844614402920258e-03,1.779899188679481131e-02,-2.101505236984290564e-02
3.394813897221773957e-02,1.305821871955047467e-02,1.438945214415852068e-02,6.409026056750041778e-02,-4.387342394112141164e-02,4.045687339198815458e-02,1.365976147248250117e-01,-7.242293288445715571e-02,5.568976366441457521e-02,2.224510156637204694e-01,2.319954760938287563e-01,3.540436349127021876e-01,3.664177019446350769e-01,1.869773279542111810e-01,3.357399625650915875e-01,4.967462902060416075e-01,2.730808737988261181e-01,1.000000000000000000e+00,3.618193169103425810e-01,4.844195774102873497e-01,3.045132589489223940e-01,-2.030911617568019814e-02,1.315413780934252819e-01,3.614530971007545723e-01,-1.016032502417582861e-01,-2.527503253694258767e-01,1.749099906468116195e-01,2.325027512482504277e-01,2.560368547327975808e-01,-4.670854605656259845e-02,1.780118918072773615e-01,1.276355696801717010e-01,2.460735862888554781e-01,1.428070626596683879e-01,1.202411862621158983e-01,1.562146855952625535e-01,1.195377472767913257e-01,1.046993041206136787e-01,2.915644243540605959e-02,1.270270246535630358e-02,7.504103079889001826e-02,6.992939563765654398e-02,5.240548845462231209e-02,4.689741394129329916e-02,1.990777139437847898e-02,2.644636934913990184e-02,7.440577121340406774e-02,-3.599336911579268522e-02,-1.981829945066180751e-02,2.628852849449572759e-02,-1.540535541167414521e-02,7.813862575892289997e-03,2.439269118088380553e-02,3.172575458766672268e-02,8.261905372906011569e-03,1.179936115069603157e-02,2.332447773003285332e-02,4.375692554514734600e-02,7.015979370660256273e-03,-3.423932573841535071e-02,-2.330123441194604725e-02,7.155487283198258552e-03,4.755572230649279114e-02,8.308334581172813552e-03,1.360253669190648884e-02,1.397410884277776192e-03
3.324519614688613983e-02,2.209930222677355949e-02,6.977017999285592929e-03,4.708205060028110983e-02,-1.385839894638478224e-02,1.019679474251733095e-02,9.127043472861282036e-02,-2.844182350586374475e-02,-2.427945458997455772e-02,1.470947907240152119e-01,2.760055551071365354e-01,2.082913853776644508e-01,2.522969511604536419e-01,2.899708014117505783e-01,2.214792429282628483e-01,3.098191344767495803e-01,4.054674053089782348e-01,3.618193169103425810e-01,1.000000000000000000e+00,5.195874648269788176e-01,-4.373516203432654958e-02,-3.518194406674078900e-01,6.174466563220585430e-02,1.592197308660014410e-01,-2.771392558188797151e-01,-1.852979622546319372e-01,2.017503961871301432e-01,3.642101770048783438e-02,1.945853190819749057e-01,1.766882796217966178e-01,2.377684518902831168e-01,3.012512103962003765e-02,3.418043349381662960e-02,1.238337707214715450e-01,1.550834799516013530e-02,2.430662210643173143e-02,6.418823988867200514e-02,-2.242250270336815926e-02,-2.593405395920270889e-02,-8.417091301243776261e-03,3.422471711178082243e-02,3.519652635627227438e-02,5.166629101598759627e-02,2.503244193230663717e-02,2.769135318586229619e-02,5.154022359405245612e-02,5.401282889890249989e-02,-2.764705509952830251e-02,3.615513329930383681e-03,8.294893174538049696e-02,2.070433780063014526e-02,6.918202991254550349e-02,4.025923531834917773e-02,6.292261681363155168e-02,3.554956475515410469e-02,7.845984536403675241e-03,9.162852915257698599e-03,3.858257813121202667e-02,1.330638646627259856e-03,-3.003638188446017959e-02,-4.175812707203453884e-03,-1.003390505222113982e-02,4.484838677091776415e-03,-1.921954255789514246e-02,9.842229365065449306e-03,2.972432968095583411e-03
5.757358282390070969e-02,4.969564936198833660e-02,2.926746126172070570e-02,8.381837581308393403e-02,1.289048764496840589e-02,3.881750550108913761e-02,1.497145964070762669e-01,2.934225213990037761e-04,2.184688402679813707e-02,1.998536493419318105e-01,2.680229736202498492e-01,2.835999485732787484e-01,2.413007067576470044e-01,2.532219503637102020e-01,2.892939867646058261e-01,3.052814217268464692e-01,3.488029670605339860e-01,4.844195774102873497e-01,5.195874648269788176e-01,1.000000000000000000e+00,1.367153611240346789e-01,-2.765604918546198943e-01,2.914864037064796021e-01,3.521825327482213663e-01,-3.761913266169020220e-01,-2.030312256727867248e-01,3.900221526651209136e-01,2.051121453894961255e-01,2.862620800193080850e-01,2.479405853002414686e-02,1.978330171455697784e-01,1.841028763140120650e-01,1.242875005459248006e-01,1.844022338200976829e-01,1.099006521522521013e-01,1.076588499765403217e-01,1.610141159792282395e-01,7.285943869029344599e-02,5.634962156380342140e-03,8.059417606560604838e-03,9.293298639371361247e-02,7.308294535647200107e-02,7.627636958855560367e-02,4.173634224012598426e-02,3.097589677944923361e-02,3.860181963523759419e-02,6.953276323853042895e-02,-2.281184173505148780e-02,-9.268442886644179951e-03,7.781316825241971213e-02,1.261645395681258892e-02,5.802601900755473968e-02,3.374954463138270244e-02,4.794793774968637845e-02,4.338584659250808301e-02,1.251339299286836383e-02,1.377852926169927800e-02,4.317017587991357763e-02,2.714094809368994624e-02,-2.738504313597383763e-02,-2.413614308618951265e-02,-1.201499948804919324e-02,2.721948636177689770e-02,5.561957072796281341e-03,8.262939732896771444e-03,-5.663892772215201737e-03
1.980583830412923144e-02,9.586395982806396321e-03,-5.538550082373516585e-03,-4.540294566590617580e-03,-4.133986625734396153e-02,-3.027646431834669742e-03,4.764443751905894468e-03,-8.618697552651141680e-02,1.909959772340408257e-02,4.642835800307325983e-02,-1.575268905746626466e-03,1.102453659778099421e-01,1.548131392756807168e-01,-3.379281219955294902e-02,6.739440537346162718e-02,2.287434346823129794e-01,-9.893677059495736836e-02,3.045132589489223940e-01,-4.373516203432654958e-02,1.367153611240346789e-01,1.000000000000000000e+00,1.572344519787413075e-01,-2.829440239361723577e-02,1.893562998974315792e-01,3.197733710229229420e-02,-1.881009257345298002e-01,1.312992948505701044e-02,8.278453329307332298e-02,8.772740456108767126e-02,-1.059708996657964530e-01,1.384310947269211563e-02,3.936639734054973860e-02,1.522950430988463943e-01,1.652969822041244416e-02,1.076929068437574161e-01,7.766239353171071336e-02,6.470814425759605082e-02,7.603039969319683178e-02,3.163315775330796664e-02,3.227503041313749960e-02,6.567788952865977192e-02,6.354625311006986688e-02,3.843563280399322352e-02,3.388603979554152823e-02,2.196522183691191135e-02,2.481742396706892312e-02,3.352075850823402203e-02,3.369900307158950337e-02,8.544516041611846177e-03,-2.926810384081055330e-02,-2.081232514333458770e-03,-4.676666243423664021e-02,2.472149736548467057e-03,-1.259633879552517211e-02,-2.261245400353291066e-02,-1.741295521543220759e-02,-1.756118420034902608e-02,3.603774007090827791e-02,7.570161049258048759e-03,3.170061762475417932e-02,1.390006755944180744e-02,5.305253761705011617e-02,3.263625431365322488e-02,-2.735532564227088816e-03,-2.223919872619928989e-02,-1.176519843715864537e-02
2.000788032544172784e-02,-1.069670373407255459e-02,1.404917746004105510e-02,-1.983617688075152083e-02,-1.335813976069987787e-02,5.674950984960527162e-02,-3.628312104132212779e-02,-2.540857731641845210e-02,4.959428147162886491e-02,-3.082154322407659047e-02,-1.156798317378846808e-01,-2.058719148907461535e-03,-3.502133496220193737e-02,-1.428287824150331065e-01,-3.933797521449874240e-02,-4.348500847114131901e-02,-2.219962855983055039e-01,-2.030911617568019814e-02,-3.518194406674078900e-01,-2.765604918546198943e-01,1.572344519787413075e-01,1.000000000000000000e+00,1.415347115906290254e-01,1.165882358139360558e-02,2.072956272330368221e-01,-6.295310124605935954e-03,-1.620802312587905636e-01,4.646343576697770095e-02,-9.946441566417987823e-02,-2.021687004552399358e-01,-1.784303662304155824e-01,4.701938559873266449e-02,4.366933305365447437e-02,-5.771101352972533155e-02,3.101438744945321166e-02,-1.150872051422778194e-02,-2.827170945644803118e-02,3.107031367388725374e-02,2.070910108573915942e-02,-1.747780242660400968e-02,-1.407175850077324250e-02,2.044466308895141228e-03,-4.774015019654071629e-02,1.410965371931225320e-03,-4.104651667145319850e-03,-1.530553948741548466e-02,-5.959642410188957691e-03,-1.187177977231583829e-03,4.201222125672033660e-03,-5.833163580030052003e-02,-5.547325950595101418e-02,-5.596726630026995636e-02,-2.416038363708192596e-02,-1.109120243466488361e-02,-1.711671519145617146e-02,4.369686708649231366e-02,2.298599635387635429e-03,2.631394640813964486e-02,4.406573491223629048e-03,4.784725717601640005e-02,6.098102556520935968e-02,5.760320644915999100e-02,3.161861683967863434e-02,-1.158706907971561798e-02,-2.537025381405829186e-02,-7.278537623457576218e-03
4.351962851871998827e-02,2.173268313661151641e-02,4.855726241142545307e-02,3.808282437802049114e-02,3.042883826433859934e-02,7.910405816148041724e-02,1.020460308715966657e-01,6.290421926249352425e-02,6.561995280098496808e-02,1.096712870812551754e-01,7.524721311266806267e-02,1.294268181233806381e-01,4.028530189680046281e-02,6.386284346921616839e-02,1.327711849476541361e-01,4.314643218320592111e-02,8.270357550830578774e-02,1.315413780934252819e-01,6.174466563220585430e-02,2.914864037064796021e-01,-2.829440239361723577e-02,1.415347115906290254e-01,1.000000000000000000e+00,3.797282863475700543e-01,-3.357880495902129114e-01,-1.503374182233421508e-01,4.226991339589186714e-01,2.884557457279521286e-01,2.721217452278851257e-01,-1.268859239071003231e-01,7.642660307647694551e-02,2.992246581203702460e-01,1.468622420705331388e-01,2.000214994313980199e-01,1.579546381682657707e-01,1.291984096827574757e-01,1.745143801625122781e-01,1.315647771213085682e-01,4.741172558601086662e-02,-7.272689177649099140e-03,8.171116879710291214e-02,6.256868839014183281e-02,3.904338319591515311e-02,6.870915322167735206e-02,6.964046595463641021e-02,2.703440224703512057e-02,4.443377816260124513e-02,-2.896857649034793435e-04,-3.739704623095484182e-02,3.185590440582733787e-03,-4.959185213867722819e-02,-1.062479447881351825e-02,-4.972797650051082995e-04,3.464770459150335463e-02,7.314781978589224298e-02,6.166244905677095017e-02,4.486864744962945628e-02,8.758153226535871083e-02,6.190761761120378709e-02,2.786331551197936823e-02,3.641735679623974570e-02,1.715056187172247495e-03,1.192885851304704460e-02,-2.740813950448671779e-02,-4.028128952068022600e-02,-3.703564203435252833e-02
