1.000000000000000000e+00,4.870130621991193842e-01,4.500868017980144686e-01,2.073534518309521346e-01,1.063478627747775906e-01,3.603560796230810548e-02,-1.486908130263586147e-01,-1.579106892000281259e-01,-8.367658685331806623e-02,-6.486752540564716396e-02,-4.230878756706411142e-02,2.329449321662892605e-02,-2.687802582035346902e-02,1.192838597164951400e-02,-3.881545833797634543e-02,-1.352037599530038145e-02,3.992604895926375741e-02,9.587598593534299440e-02,4.360226057940798372e-02,-1.175941330623502500e-02,-7.681392770573436390e-02,-5.709058613316578268e-02,-4.089049335321095352e-02,-4.651777936759694809e-02,1.568078929956511283e-02,-4.638340050033762374e-02,-2.500314650039512157e-02,-1.842630607441464799e-02,-7.378955327932337771e-02,-2.797743270359162593e-02,-4.843634824507320191e-02,-2.432133586881345816e-02
4.870130621991193842e-01,1.000000000000000000e+00,5.582019967225341217e-01,1.308324881661615535e-01,-1.704348691463622445e-02,-8.028629549878035787e-02,-2.533471243070382628e-01,-2.030142149202605328e-01,-1.642279996883974080e-01,-1.957239672952779119e-01,-9.821135490904041310e-02,2.803070552079387628e-02,-9.213308418016595558e-02,-5.939947893304077520e-02,-3.364528961400437002e-02,2.636003560210102223e-02,2.216964363107690877e-02,1.019111798693407012e-01,5.723666405458822937e-02,2.331056479158844993e-02,-3.219429444955841657e-02,-2.455771984270196245e-02,-5.828205759355810367e-02,-1.019157156236832479e-01,1.518934515848421353e-02,1.071998811712501602e-02,8.848059442902445060e-02,4.886691533032707507e-02,-1.441658711978630091e-03,1.920614840723654237e-02,-5.569076627921940026e-02,-5.272446483905612186e-02
4.500868017980144686e-01,5.582019967225341217e-01,1.000000000000000000e+00,5.381962704004430442e-01,1.149453982065280488e-01,-1.442283377999077909e-01,-3.676147176359655933e-01,-3.023458783846676989e-01,-2.176030869225057118e-01,-2.094743740653587649e-01,-6.927991582008093119e-02,1.586246851790835619e-02,-6.663074474467058084e-02,-5.479804440736192606e-02,-1.497874502301111549e-02,3.843776436598234092e-02,5.886470881179464015e-02,1.575536762296318449e-01,1.159082344174045404e-01,4.291228509448789114e-02,-6.138627986270872583e-02,-3.037321029543990636e-02,-8.884587220742691527e-02,-8.140639473949942695e-02,5.800787263289234989e-03,3.855790255135636575e-03,1.737692719816573070e-02,1.547960370005730703e-02,2.596660168211999131e-02,6.130832591000082848e-02,-7.711535984284162253e-03,-9.940170915807755928e-03
2.073534518309521346e-01,1.308324881661615535e-01,5.381962704004430442e-01,1.000000000000000000e+00,4.037201125987618378e-01,5.569658329181350481e-03,-2.259665005472530908e-01,-3.232317043618963548e-01,-1.784955836688567887e-01,-1.685053784303835733e-01,-4.913586722124338446e-02,-2.199907415934211196e-03,-5.866292706488148573e-02,-4.110604456908921456e-02,-6.976271938712209908e-02,-1.443883292823963486e-02,3.183544549810179286e-02,7.467789154043207034e-02,1.147379266839426426e-01,1.039513744659877476e-01,-2.253638858296080211e-02,-1.440519902091176932e-02,-6.324650495071006129e-02,-4.126751694212029559e-02,-4.861334224297476914e-02,-3.653578022742723364e-02,-1.202862237841387499e-03,-8.775314661646249625e-02,-3.330348836053561440e-02,7.845682576240178840e-02,6.361572554844512062e-02,2.960836548765409526e-02
1.063478627747775906e-01,-1.704348691463622445e-02,1.149453982065280488e-01,4.037201125987618378e-01,1.000000000000000000e+00,5.527413351163256161e-01,1.698625019149417603e-01,-1.231767180335447409e-01,-2.642790620809574217e-04,-6.830223853834491154e-02,-7.720629761155112236e-02,-1.235087171648269547e-02,-3.188037631546354611e-02,-1.120384531916557291e-01,-3.974589197144356989e-02,-3.380921085485027316e-02,2.272520846782106682e-02,2.669615720620590466e-02,3.339944599648730916e-02,3.323948220091364064e-02,-5.301947566730400713e-02,-1.924895772282412057e-02,-7.558277607207349036e-02,-8.182051260247978630e-02,-5.800024213535993206e-02,-1.721146972176614831e-01,-3.371324102217061747e-02,-2.573876390514231657e-02,-9.585372468432953874e-02,-2.409537134790301974e-02,4.448010804323027957e-03,5.482278911706333496e-02
3.603560796230810548e-02,-8.028629549878035787e-02,-1.442283377999077909e-01,5.569658329181350481e-03,5.527413351163256161e-01,1.000000000000000000e+00,5.773931404314492921e-01,8.593401235534778304e-02,2.338775125181518921e-01,1.274207599939910507e-01,-5.883733860903862106e-02,-5.193313129810638723e-02,-5.950161626452626917e-02,-1.353244394197346268e-01,-9.640310967568289924e-02,-1.480494066605905212e-01,-1.107678655944768220e-01,-6.372746467958682881e-02,-5.699530109330016442e-02,-6.752360883489252896e-02,-4.131402303172410084e-02,-4.886395683932081083e-03,-1.735334704638033174e-02,1.426841701334266794e-03,-5.883258019581431159e-02,-1.707782319239722069e-01,-2.662226794371048977e-02,-1.696029715299194468e-02,-1.038311990931599649e-01,-7.177859266768925328e-02,-2.798044540723318516e-03,6.740881442858256967e-02
-1.486908130263586147e-01,-2.533471243070382628e-01,-3.676147176359655933e-01,-2.259665005472530908e-01,1.698625019149417603e-01,5.773931404314492921e-01,1.000000000000000000e+00,4.271103323070151170e-01,3.531219081063062259e-01,2.825873914502226025e-01,1.419239533332796420e-02,-6.755284669536608388e-02,-1.708489834967811052e-02,-1.401203358089780082e-01,-1.379802023260299493e-01,-1.800872437331849929e-01,-1.567322483216223583e-01,-1.520215664735969641e-01,-6.882123394620202894e-02,-1.670026575604241503e-02,-3.438679355044041192e-04,1.218613234700836358e-02,-3.475961417830525021e-03,7.312876956983489773e-02,-1.116393917684877337e-03,-1.296169537484362366e-01,-1.178872757500110807e-01,-5.287760827349310272e-02,-5.335429325062352596e-02,-8.973695379777804626e-02,-7.128888362452338867e-02,-6.142163783876893914e-03
-1.579106892000281259e-01,-2.030142149202605328e-01,-3.023458783846676989e-01,-3.232317043618963548e-01,-1.231767180335447409e-01,8.593401235534778304e-02,4.271103323070151170e-01,1.000000000000000000e+00,5.495571648087682615e-01,1.854455907012256544e-01,1.032850726427907324e-02,-6.593655252115304677e-02,5.658062077061102452e-02,-7.190428135297879941e-02,6.403649791506345682e-03,-5.026090565574509172e-02,-7.666482294055577962e-02,-9.172961845397918645e-02,-8.135813712096624795e-02,-7.001505669091416528e-02,-4.709747731334343324e-02,-3.636852283475047742e-02,4.131633888653769501e-03,-2.213700694961116128e-02,-7.832858720292728075e-03,8.461268002824443024e-03,1.511146966482886621e-02,1.434190852487823020e-01,7.316200084656564184e-02,3.937907170471655754e-02,2.194967654274790000e-02,7.424137786233644953e-03
-8.367658685331806623e-02,-1.642279996883974080e-01,-2.176030869225057118e-01,-1.784955836688567887e-01,-2.642790620809574217e-04,2.338775125181518921e-01,3.531219081063062259e-01,5.495571648087682615e-01,1.000000000000000000e+00,4.742925561879209884e-01,1.574359387675684507e-01,-4.791215290944989685e-02,1.312358324344695126e-01,-5.126106863421817789e-02,-5.290801103656708748e-02,-9.042919101581774199e-02,-9.047427916958564187e-02,-1.311541930248574239e-01,-1.491997736171495614e-01,-1.433471537313469046e-01,-7.280719251203131293e-02,-1.365614278979024598e-01,-2.870449252698724016e-02,-3.324790328589582317e-02,-7.370944623960046238e-02,-6.708702044428949129e-02,-2.460704357082409838e-03,7.223751693268214147e-02,-5.937282193637050121e-02,-1.724870989890552736e-02,-1.044514830402961530e-02,-7.387316177503713659e-03
-6.486752540564716396e-02,-1.957239672952779119e-01,-2.094743740653587649e-01,-1.685053784303835733e-01,-6.830223853834491154e-02,1.274207599939910507e-01,2.825873914502226025e-01,1.854455907012256544e-01,4.742925561879209884e-01,1.000000000000000000e+00,5.302783224746701052e-01,5.706695499463993598e-02,2.890349912336013793e-01,1.360808041711583094e-01,-3.486668837688709083e-02,-2.196717873203284446e-02,-4.338207204342626327e-02,-1.292644938365360152e-01,-1.415546135580509901e-01,-1.414775010221249185e-01,-1.258021777015313480e-01,-1.987572589901144271e-01,-5.854725468446295850e-02,6.090183226284584528e-02,-2.437145340132177221e-02,-6.107823755083791745e-02,-1.529496923562169708e-01,-1.128642617745933933e-02,-4.873479054943227751e-02,-1.046619060428253395e-01,-2.909147917377931727e-02,1.923714875972162494e-02
-4.230878756706411142e-02,-9.821135490904041310e-02,-6.927991582008093119e-02,-4.913586722124338446e-02,-7.720629761155112236e-02,-5.883733860903862106e-02,1.419239533332796420e-02,1.032850726427907324e-02,1.574359387675684507e-01,5.302783224746701052e-01,1.000000000000000000e+00,4.784290472993671384e-01,4.496666847121225663e-01,3.682759510559922567e-01,8.282864501632922205e-02,1.836088919893420421e-02,-1.007402939951621973e-01,-1.948571398025551737e-01,-1.242532872668018484e-01,-7.007826183616595872e-02,-1.118994747601763234e-01,-2.234813563040705109e-01,-9.757074418195782473e-02,-1.446056436294246642e-02,-6.580310778146214457e-02,-4.854700382904837686e-02,-1.346270643093409047e-01,-1.136571442674928212e-01,-1.347240053861608333e-01,-9.895656140351415109e-02,-3.746320055089735063e-02,-4.732152261298088608e-02
2.329449321662892605e-02,2.803070552079387628e-02,1.586246851790835619e-02,-2.199907415934211196e-03,-1.235087171648269547e-02,-5.193313129810638723e-02,-6.755284669536608388e-02,-6.593655252115304677e-02,-4.791215290944989685e-02,5.706695499463993598e-02,4.784290472993671384e-01,1.000000000000000000e+00,4.167494284827760187e-01,2.877008379639684477e-01,1.160081735166451217e-01,5.416791067801531023e-02,-7.125260048560272397e-02,-1.421589742813721136e-01,-1.146150194832492170e-01,-4.959926798689091865e-02,-1.539565068375680912e-01,-1.796291879944569569e-01,-9.881589118159897489e-02,-8.108989226000933720e-03,9.250818363977500111e-03,-1.200968102685278649e-01,-1.079109940098734038e-01,-1.184175096061005905e-01,-1.427715114671528340e-01,-1.078677618152426437e-01,-9.326465052533204625e-02,-6.744808843335303727e-02
-2.687802582035346902e-02,-9.213308418016595558e-02,-6.663074474467058084e-02,-5.866292706488148573e-02,-3.188037631546354611e-02,-5.950161626452626917e-02,-1.708489834967811052e-02,5.658062077061102452e-02,1.312358324344695126e-01,2.890349912336013793e-01,4.496666847121225663e-01,4.167494284827760187e-01,1.000000000000000000e+00,4.495947709535792480e-01,1.615203826003955012e-01,1.449746381339860613e-01,7.097693999064880188e-02,-1.883793810866483398e-01,-1.918625386217776285e-01,-9.206828979460647544e-02,-1.445680650052293126e-01,-2.711229484892534458e-01,-1.620839697810867730e-01,-4.741337434597085732e-02,-1.029011055235218713e-01,-1.859421794665686301e-01,-2.088707857207969809e-01,-1.562043399367671614e-01,-1.382942573266542907e-01,-1.137886279485022106e-01,-5.952495257762873554e-02,-4.254783400004534533e-02
1.192838597164951400e-02,-5.939947893304077520e-02,-5.479804440736192606e-02,-4.110604456908921456e-02,-1.120384531916557291e-01,-1.353244394197346268e-01,-1.401203358089780082e-01,-7.190428135297879941e-02,-5.126106863421817789e-02,1.360808041711583094e-01,3.682759510559922567e-01,2.877008379639684477e-01,4.495947709535792480e-01,1.000000000000000000e+00,3.997014029680235336e-01,1.761811505846608006e-01,1.157848554968649163e-01,3.044339724429854285e-03,-1.364656412723206369e-01,-1.264840113604730198e-01,-1.341919199987037792e-01,-2.478918884171105452e-01,-1.490840175077964846e-01,-6.183663946987567189e-02,-6.801076626580546125e-02,-8.818918047687306083e-02,-1.136665115850594987e-01,-1.613615473086978946e-01,-1.205735103689868637e-01,-7.507950594870747840e-02,-5.634345534879980910e-02,-7.709887029944892389e-02
-3.881545833797634543e-02,-3.364528961400437002e-02,-1.497874502301111549e-02,-6.976271938712209908e-02,-3.974589197144356989e-02,-9.640310967568289924e-02,-1.379802023260299493e-01,6.403649791506345682e-03,-5.290801103656708748e-02,-3.486668837688709083e-02,8.282864501632922205e-02,1.160081735166451217e-01,1.615203826003955012e-01,3.997014029680235336e-01,1.000000000000000000e+00,3.952036123864835493e-01,2.085824488795105236e-01,1.496244056333882744e-01,1.722116892905416544e-02,-1.031968444468265161e-01,-1.849861174387143203e-01,-1.665750349121204454e-01,-1.569396802908528676e-01,-1.387509337723848157e-01,-1.310331782521605704e-01,-1.059784593296151239e-01,2.610871368494557809e-02,-2.996949273695987889e-02,-6.544290658383510040e-02,-4.208092517657942983e-02,-4.373946118382254084e-02,-4.403512731629503907e-02
-1.352037599530038145e-02,2.636003560210102223e-02,3.843776436598234092e-02,-1.443883292823963486e-02,-3.380921085485027316e-02,-1.480494066605905212e-01,-1.800872437331849929e-01,-5.026090565574509172e-02,-9.042919101581774199e-02,-2.196717873203284446e-02,1.836088919893420421e-02,5.416791067801531023e-02,1.449746381339860613e-01,1.761811505846608006e-01,3.952036123864835493e-01,1.000000000000000000e+00,4.816347284734980860e-01,2.140589398451167580e-01,5.740513695130364941e-02,-4.562329536209361325e-02,-2.001068861064609905e-01,-2.765422293015560307e-01,-3.004703397451496949e-01,-2.113380695632935957e-01,-5.719248814733696173e-02,-3.289739031406017835e-03,-4.107395948338490171e-02,-4.255319450618961358e-02,8.990436880879686121e-03,-4.000441172801220968e-02,-1.686284478026929892e-02,-3.453584510158205084e-02
3.992604895926375741e-02,2.216964363107690877e-02,5.886470881179464015e-02,3.183544549810179286e-02,2.272520846782106682e-02,-1.107678655944768220e-01,-1.567322483216223583e-01,-7.666482294055577962e-02,-9.047427916958564187e-02,-4.338207204342626327e-02,-1.007402939951621973e-01,-7.125260048560272397e-02,7.097693999064880188e-02,1.157848554968649163e-01,2.085824488795105236e-01,4.816347284734980860e-01,1.000000000000000000e+00,5.620445040407090476e-01,4.505517566361373627e-02,-6.914851953698791798e-02,-7.089507363853680966e-02,-1.944729702383135306e-01,-2.902507553835732002e-01,-2.000832069881680608e-01,-8.609244245983380117e-02,-4.901039796916373259e-02,-8.152049302323492730e-02,-9.327129043175436118e-02,-8.721475190105196229e-02,-3.576350726514253286e-02,-5.900158085468491104e-02,-6.020754120507038759e-02
9.587598593534299440e-02,1.019111798693407012e-01,1.575536762296318449e-01,7.467789154043207034e-02,2.669615720620590466e-02,-6.372746467958682881e-02,-1.520215664735969641e-01,-9.172961845397918645e-02,-1.311541930248574239e-01,-1.292644938365360152e-01,-1.948571398025551737e-01,-1.421589742813721136e-01,-1.883793810866483398e-01,3.044339724429854285e-03,1.496244056333882744e-01,2.140589398451167580e-01,5.620445040407090476e-01,1.000000000000000000e+00,3.966176185239745355e-01,2.544722370572533726e-03,-1.077776539041658543e-01,-2.277375997953700604e-01,-3.545308024832153904e-01,-2.653482713573566687e-01,-1.152193954338652793e-01,-4.622695475601207304e-02,-3.757214493221035234e-02,-1.074143633882411637e-02,-9.171293071745379236e-03,6.595090607497130358e-03,-3.348702310937969051e-02,-2.086687777774673923e-03
4.360226057940798372e-02,5.723666405458822937e-02,1.159082344174045404e-01,1.147379266839426426e-01,3.339944599648730916e-02,-5.699530109330016442e-02,-6.882123394620202894e-02,-8.135813712096624795e-02,-1.491997736171495614e-01,-1.415546135580509901e-01,-1.242532872668018484e-01,-1.146150194832492170e-01,-1.918625386217776285e-01,-1.364656412723206369e-01,1.722116892905416544e-02,5.740513695130364941e-02,4.505517566361373627e-02,3.966176185239745355e-01,1.000000000000000000e+00,4.283594253573765887e-01,6.992005472817468259e-02,-1.301936390009087452e-01,-3.002792575943750708e-01,-2.190062863580526931e-01,-1.759057763439629551e-01,-2.191956390805912050e-02,4.111981696868501068e-02,-2.910904460513437462e-03,-1.450770228190171283e-02,5.185878938140576350e-02,3.381318140039497877e-02,2.277476099405802493e-02
-1.175941330623502500e-02,2.331056479158844993e-02,4.291228509448789114e-02,1.039513744659877476e-01,3.323948220091364064e-02,-6.752360883489252896e-02,-1.670026575604241503e-02,-7.001505669091416528e-02,-1.433471537313469046e-01,-1.414775010221249185e-01,-7.007826183616595872e-02,-4.959926798689091865e-02,-9.206828979460647544e-02,-1.264840113604730198e-01,-1.031968444468265161e-01,-4.562329536209361325e-02,-6.914851953698791798e-02,2.544722370572533726e-03,4.283594253573765887e-01,1.000000000000000000e+00,3.850362392367198683e-01,4.988176683350423884e-02,-1.456165218906981806e-01,-1.464192351270064973e-01,-1.224360766733430389e-01,-6.175494756957505826e-02,-8.150179773552262974e-02,-1.581604983319675195e-01,-6.946679566519083082e-02,1.114955268994414925e-05,1.724039696200695831e-02,2.959648916939161545e-02
-7.681392770573436390e-02,-3.219429444955841657e-02,-6.138627986270872583e-02,-2.253638858296080211e-02,-5.301947566730400713e-02,-4.131402303172410084e-02,-3.438679355044041192e-04,-4.709747731334343324e-02,-7.280719251203131293e-02,-1.258021777015313480e-01,-1.118994747601763234e-01,-1.539565068375680912e-01,-1.445680650052293126e-01,-1.341919199987037792e-01,-1.849861174387143203e-01,-2.001068861064609905e-01,-7.089507363853680966e-02,-1.077776539041658543e-01,6.992005472817468259e-02,3.850362392367198683e-01,1.000000000000000000e+00,4.989120135015383539e-01,1.426920919361303330e-01,-1.076489256582952199e-02,-1.890316786214473743e-01,-6.903284410672469451e-02,3.646237827637992951e-02,-3.676657388934344295e-02,-3.605804988792411792e-02,1.263107390977739330e-01,5.778439752697558246e-02,3.998894761306301393e-02
-5.709058613316578268e-02,-2.455771984270196245e-02,-3.037321029543990636e-02,-1.440519902091176932e-02,-1.924895772282412057e-02,-4.886395683932081083e-03,1.218613234700836358e-02,-3.636852283475047742e-02,-1.365614278979024598e-01,-1.987572589901144271e-01,-2.234813563040705109e-01,-1.796291879944569569e-01,-2.711229484892534458e-01,-2.478918884171105452e-01,-1.665750349121204454e-01,-2.765422293015560307e-01,-1.944729702383135306e-01,-2.277375997953700604e-01,-1.301936390009087452e-01,4.988176683350423884e-02,4.989120135015383539e-01,1.000000000000000000e+00,5.102420943132229825e-01,2.185121442774260458e-01,1.121194618078996952e-01,-3.177814309441281959e-02,9.604781270360104872e-02,4.072209490420380246e-02,1.359752063754717522e-01,1.152890282140207612e-01,8.904130675277073526e-02,1.393882280331681933e-01
-4.089049335321095352e-02,-5.828205759355810367e-02,-8.884587220742691527e-02,-6.324650495071006129e-02,-7.558277607207349036e-02,-1.735334704638033174e-02,-3.475961417830525021e-03,4.131633888653769501e-03,-2.870449252698724016e-02,-5.854725468446295850e-02,-9.757074418195782473e-02,-9.881589118159897489e-02,-1.620839697810867730e-01,-1.490840175077964846e-01,-1.569396802908528676e-01,-3.004703397451496949e-01,-2.902507553835732002e-01,-3.545308024832153904e-01,-3.002792575943750708e-01,-1.456165218906981806e-01,1.426920919361303330e-01,5.102420943132229825e-01,1.000000000000000000e+00,4.872048583633730168e-01,9.639469738168487956e-02,3.955744647108130722e-03,4.723589065603001069e-02,1.306502276605971957e-01,1.616841045759214723e-01,6.107965071720362210e-02,9.699158904771267020e-02,5.422942754688799688e-02
-4.651777936759694809e-02,-1.019157156236832479e-01,-8.140639473949942695e-02,-4.126751694212029559e-02,-8.182051260247978630e-02,1.426841701334266794e-03,7.312876956983489773e-02,-2.213700694961116128e-02,-3.324790328589582317e-02,6.090183226284584528e-02,-1.446056436294246642e-02,-8.108989226000933720e-03,-4.741337434597085732e-02,-6.183663946987567189e-02,-1.387509337723848157e-01,-2.113380695632935957e-01,-2.000832069881680608e-01,-2.653482713573566687e-01,-2.190062863580526931e-01,-1.464192351270064973e-01,-1.076489256582952199e-02,2.185121442774260458e-01,4.872048583633730168e-01,1.000000000000000000e+00,4.794774697324191148e-01,1.094500711734194137e-01,-7.717331309173880438e-02,-2.910271650321560183e-02,1.097379096578031676e-01,-7.103157805585766371e-02,-3.148552931655804188e-02,1.888384199105214850e-02
1.568078929956511283e-02,1.518934515848421353e-02,5.800787263289234989e-03,-4.861334224297476914e-02,-5.800024213535993206e-02,-5.883258019581431159e-02,-1.116393917684877337e-03,-7.832858720292728075e-03,-7.370944623960046238e-02,-2.437145340132177221e-02,-6.580310778146214457e-02,9.250818363977500111e-03,-1.029011055235218713e-01,-6.801076626580546125e-02,-1.310331782521605704e-01,-5.719248814733696173e-02,-8.609244245983380117e-02,-1.152193954338652793e-01,-1.759057763439629551e-01,-1.224360766733430389e-01,-1.890316786214473743e-01,1.121194618078996952e-01,9.639469738168487956e-02,4.794774697324191148e-01,1.000000000000000000e+00,4.803256007331991317e-01,-5.792437822553943294e-02,-3.607119005251436389e-02,8.926127230189320749e-02,-1.136627760475528992e-01,-1.476211249656104174e-01,-1.553003582022516316e-02
-4.638340050033762374e-02,1.071998811712501602e-02,3.855790255135636575e-03,-3.653578022742723364e-02,-1.721146972176614831e-01,-1.707782319239722069e-01,-1.296169537484362366e-01,8.461268002824443024e-03,-6.708702044428949129e-02,-6.107823755083791745e-02,-4.854700382904837686e-02,-1.200968102685278649e-01,-1.859421794665686301e-01,-8.818918047687306083e-02,-1.059784593296151239e-01,-3.289739031406017835e-03,-4.901039796916373259e-02,-4.622695475601207304e-02,-2.191956390805912050e-02,-6.175494756957505826e-02,-6.903284410672469451e-02,-3.177814309441281959e-02,3.955744647108130722e-03,1.094500711734194137e-01,4.803256007331991317e-01,1.000000000000000000e+00,3.383972840889689637e-01,1.808732467508189778e-01,1.467631665200762048e-01,6.979835482338962727e-02,3.864443630905650684e-02,-2.434539643791530650e-02
-2.500314650039512157e-02,8.848059442902445060e-02,1.737692719816573070e-02,-1.202862237841387499e-03,-3.371324102217061747e-02,-2.662226794371048977e-02,-1.178872757500110807e-01,1.511146966482886621e-02,-2.460704357082409838e-03,-1.529496923562169708e-01,-1.346270643093409047e-01,-1.079109940098734038e-01,-2.088707857207969809e-01,-1.136665115850594987e-01,2.610871368494557809e-02,-4.107395948338490171e-02,-8.152049302323492730e-02,-3.757214493221035234e-02,4.111981696868501068e-02,-8.150179773552262974e-02,3.646237827637992951e-02,9.604781270360104872e-02,4.723589065603001069e-02,-7.717331309173880438e-02,-5.792437822553943294e-02,3.383972840889689637e-01,1.000000000000000000e+00,5.287105033242337493e-01,6.627131980538893130e-02,4.059851942476830899e-01,3.384557828851402772e-01,1.312639418576101447e-01
-1.842630607441464799e-02,4.886691533032707507e-02,1.547960370005730703e-02,-8.775314661646249625e-02,-2.573876390514231657e-02,-1.696029715299194468e-02,-5.287760827349310272e-02,1.434190852487823020e-01,7.223751693268214147e-02,-1.128642617745933933e-02,-1.136571442674928212e-01,-1.184175096061005905e-01,-1.562043399367671614e-01,-1.613615473086978946e-01,-2.996949273695987889e-02,-4.255319450618961358e-02,-9.327129043175436118e-02,-1.074143633882411637e-02,-2.910904460513437462e-03,-1.581604983319675195e-01,-3.676657388934344295e-02,4.072209490420380246e-02,1.306502276605971957e-01,-2.910271650321560183e-02,-3.607119005251436389e-02,1.808732467508189778e-01,5.287105033242337493e-01,1.000000000000000000e+00,4.211403466649484284e-01,4.342902768765262156e-01,3.994951131537424760e-01,1.852349809955731452e-01
-7.378955327932337771e-02,-1.441658711978630091e-03,2.596660168211999131e-02,-3.330348836053561440e-02,-9.585372468432953874e-02,-1.038311990931599649e-01,-5.335429325062352596e-02,7.316200084656564184e-02,-5.937282193637050121e-02,-4.873479054943227751e-02,-1.347240053861608333e-01,-1.427715114671528340e-01,-1.382942573266542907e-01,-1.205735103689868637e-01,-6.544290658383510040e-02,8.990436880879686121e-03,-8.721475190105196229e-02,-9.171293071745379236e-03,-1.450770228190171283e-02,-6.946679566519083082e-02,-3.605804988792411792e-02,1.359752063754717522e-01,1.616841045759214723e-01,1.097379096578031676e-01,8.926127230189320749e-02,1.467631665200762048e-01,6.627131980538893130e-02,4.211403466649484284e-01,1.000000000000000000e+00,3.432484631589256541e-01,2.146454020788339245e-01,1.348464767351708338e-01
-2.797743270359162593e-02,1.920614840723654237e-02,6.130832591000082848e-02,7.845682576240178840e-02,-2.409537134790301974e-02,-7.177859266768925328e-02,-8.973695379777804626e-02,3.937907170471655754e-02,-1.724870989890552736e-02,-1.046619060428253395e-01,-9.895656140351415109e-02,-1.078677618152426437e-01,-1.137886279485022106e-01,-7.507950594870747840e-02,-4.208092517657942983e-02,-4.000441172801220968e-02,-3.576350726514253286e-02,6.595090607497130358e-03,5.185878938140576350e-02,1.114955268994414925e-05,1.263107390977739330e-01,1.152890282140207612e-01,6.107965071720362210e-02,-7.103157805585766371e-02,-1.136627760475528992e-01,6.979835482338962727e-02,4.059851942476830899e-01,4.342902768765262156e-01,3.432484631589256541e-01,1.000000000000000000e+00,5.387941316204891695e-01,2.015032853548264502e-01
-4.843634824507320191e-02,-5.569076627921940026e-02,-7.711535984284162253e-03,6.361572554844512062e-02,4.448010804323027957e-03,-2.798044540723318516e-03,-7.128888362452338867e-02,2.194967654274790000e-02,-1.044514830402961530e-02,-2.909147917377931727e-02,-3.746320055089735063e-02,-9.326465052533204625e-02,-5.952495257762873554e-02,-5.634345534879980910e-02,-4.373946118382254084e-02,-1.686284478026929892e-02,-5.900158085468491104e-02,-3.348702310937969051e-02,3.381318140039497877e-02,1.724039696200695831e-02,5.778439752697558246e-02,8.904130675277073526e-02,9.699158904771267020e-02,-3.148552931655804188e-02,-1.476211249656104174e-01,3.864443630905650684e-02,3.384557828851402772e-01,3.994951131537424760e-01,2.146454020788339245e-01,5.387941316204891695e-01,1.000000000000000000e+00,4.775899818475622949e-01
-2.432133586881345816e-02,-5.272446483905612186e-02,-9.940170915807755928e-03,2.960836548765409526e-02,5.482278911706333496e-02,6.740881442858256967e-02,-6.142163783876893914e-03,7.424137786233644953e-03,-7.387316177503713659e-03,1.923714875972162494e-02,-4.732152261298088608e-02,-6.744808843335303727e-02,-4.254783400004534533e-02,-7.709887029944892389e-02,-4.403512731629503907e-02,-3.453584510158205084e-02,-6.020754120507038759e-02,-2.086687777774673923e-03,2.277476099405802493e-02,2.959648916939161545e-02,3.998894761306301393e-02,1.393882280331681933e-01,5.422942754688799688e-02,1.888384199105214850e-02,-1.553003582022516316e-02,-2.434539643791530650e-02,1.312639418576101447e-01,1.852349809955731452e-01,1.348464767351708338e-01,2.015032853548264502e-01,4.775899818475622949e-01,1.000000000000000000e+00
