1.000000000000000000e+00,4.918707899571035935e-01,3.619730689950969027e-01,5.629965531873908358e-01,1.636706978384085964e-01,5.582498268362505456e-02,2.120577608102884037e-01,3.192480078599919668e-01,9.923987210710943918e-02,3.776915907450532905e-02,2.218526521794658146e-01,5.373493597572238240e-02,1.812826179215580591e-01,6.785464640589286209e-03,1.347252373895239941e-01,1.716795256011277859e-01,1.469802145315691755e-01,1.556579304789318108e-01,7.606523542796708726e-02,-2.817796902374961401e-02,-9.678556022002891834e-02,-7.254994678576924538e-02,6.146601349534624309e-02,1.711216358356736078e-02,-7.646902642237245196e-02,4.613974000167407608e-02,-4.987126616690962244e-02,-7.362212404426224377e-02,7.138732238745887360e-02,1.121706893318682730e-01,4.756158717329933561e-02,-1.176063281121269288e-01,-8.729395104158599317e-03,-1.654770191601764862e-01,1.439996847628983480e-02,-5.778258231127944566e-02,-3.507929892392747800e-02,-6.563794950778609194e-02,3.663106651573527078e-03,-8.931971132612171599e-03,-4.623121035296947484e-02,1.639704536471319474e-01,-1.500382379229714402e-02,-2.264698693058153287e-03,-1.717628833056100354e-02,-2.780050125018620685e-02,-4.840859309167621499e-03,2.959644927316860269e-02,8.024051604680877345e-03,-6.701201506969595373e-04,6.139177081280208087e-02,2.475008009088426955e-02,3.897554176903372802e-02,9.602149922988193614e-03,5.646384142273874751e-02,4.209835745678457142e-02,1.126825325484402812e-01,-8.879297857412409012e-02,-2.825666686132867218e-03,-1.440638925653584534e-01,-4.078199257373232856e-02,-4.815928419377726866e-02,-1.959322453407181808e-01,-2.063170187913399567e-01,-1.734612930773088146e-01,-2.138134112479024018e-01,-8.814288699025077389e-02,1.612836767781914982e-01,-4.569587874900172403e-02,-2.290033590523208040e-01,2.783601258005770698e-02,1.422234905408544803e-01,-1.550574805819423529e-01,-1.695372312631217293e-01,1.246223288566048332e-01,4.792693742386770067e-02,-2.245286487839835143e-01,-4.298057588954350833e-02,1.840357461652349369e-01,1.545280038579632531e-01,1.627245635754517583e-01,5.643490899070408018e-02,7.224994190833794461e-02,1.750888599717066174e-01,-1.335806123032337589e-01,-1.367361414835558675e-01,1.944736645906195716e-01,8.874755822267334227e-02,-2.016035022358444451e-01,-3.358179790661037362e-02,2.224567756341067903e-01,-4.034662894974238440e-02,-2.101753250145213248e-01,8.294839271416670767e-02,2.139673176989648207e-01,1.133252009388954346e-01,1.659443781784149530e-01,-7.363180376217876022e-02,1.457634166330841474e-01,-9.935998526910296003e-02,-2.112979130616853551e-01,7.901261944040480212e-02,8.977456457072650886e-02,-2.042124881331921216e-01,-1.269700814057480864e-01,1.541778389336764532e-01,-1.830234107024973286e-02,-2.487802972639187038e-01,3.671562822353865302e-04,-1.933663509126684263e-02,1.042842848739192890e-01,7.389045113073198058e-04,1.739813781278158611e-02,2.618655766306193441e-02,2.333122932529182320e-02,-1.914905778027336733e-02
4.918707899571035935e-01,1.000000000000000000e+00,4.543708987041857328e-01,5.081712861541862747e-01,5.305047406273369903e-01,1.551072432924826272e-01,1.575789456264690969e-01,3.693266406820349679e-01,2.007067420188683726e-01,-2.266088707934191607e-02,1.448763347877988494e-01,4.772199538629618570e-02,1.859996945589835193e-01,-2.885506208107063188e-03,7.773365975255204507e-02,1.730472930146954857e-01,1.300346650247227176e-01,3.346365731307297114e-02,4.596268060488779145e-02,-4.882047363784880294e-03,-2.372697355306908895e-02,-4.630966351554027111e-02,1.011135628811448382e-02,7.323286638244034044e-03,-5.754773090345146475e-02,-1.241493413246800952e-02,-4.507782773800465131e-02,-8.939873235085440961e-02,-5.890300567868756582e-03,-2.258917533473435088e-02,-3.124003636534766065e-02,-1.013164526902790435e-01,4.581629001995832229e-02,-1.405823189376615434e-01,1.136320866995826039e-02,-4.618014630949169447e-02,-3.987906504911156030e-02,-8.794477783272336424e-02,2.850356162547710431e-02,-6.718797830026837503e-02,-9.033731769959668645e-02,1.398560442996224229e-01,3.032883561373822187e-02,5.131056780982079513e-02,1.862827453852713630e-02,-4.342734496974519592e-04,4.741348873304863931e-02,-2.653541790086253946e-02,-4.487082301869225022e-04,2.981199842633999730e-02,6.431125818609649547e-02,3.987831758941114135e-02,3.153315078424615003e-02,5.824814858618559965e-02,5.078104439844453172e-02,6.085154600761096683e-02,6.154390203640160151e-02,-5.358603250162873900e-03,1.175769827319566793e-02,-8.664455190099883131e-02,-4.507582559154837444e-03,-8.990462645754704329e-03,-1.142935447083857359e-01,-1.428697731587646180e-01,-1.291363637727624136e-01,-1.608991026121974754e-01,-4.647661234870334446e-02,1.250440065049310823e-01,-4.474541553939725275e-02,-1.629463763393761977e-01,3.843611477787926139e-02,1.025318254849238303e-01,-1.215186117287525569e-01,-1.103075094670472739e-01,1.035242117824860114e-01,2.781566416330500530e-02,-1.617949153167524412e-01,-8.191130716808707468e-03,1.334385061648666326e-01,1.035061809812564543e-01,1.209307168471951549e-01,3.652253968766101117e-02,7.902661328751386938e-02,1.287085090706663881e-01,-8.075705671244320927e-02,-1.167451610085116082e-01,1.226251777056726611e-01,7.858418051479000577e-02,-1.396966156208552523e-01,-4.518731397172909281e-02,1.565733466588615230e-01,-1.205440553031192873e-02,-1.595248664969778629e-01,4.016153090727603986e-02,1.560266615781857324e-01,7.542412643629450852e-02,1.232200072186608736e-01,-4.757265693790207334e-02,9.489277801970871784e-02,-8.100627783488899281e-02,-1.462769077404638407e-01,5.910997705460024898e-02,4.931571486725459807e-02,-1.521406992059591290e-01,-8.218077121101728666e-02,1.025151587576540319e-01,-2.675464701748132834e-02,-1.741943044393774176e-01,2.631677119455207246e-03,9.888412202361373388e-03,6.164985766767183684e-02,6.863056986527201267e-03,-4.911374676689665708e-03,-9.578351055525614194e-03,-2.118755976254504611e-02,-4.051484543579576825e-02
3.619730689950969027e-01,4.543708987041857328e-01,1.000000000000000000e+00,4.280962952047021597e-01,5.375989925547774995e-01,4.377711666626234177e-02,6.751378740156190050e-02,3.874551668728245524e-01,1.090545300652758232e-01,-8.738230651536819937e-02,1.403733108415980424e-01,1.087599756217791508e-01,8.231739969173400284e-02,-3.929290564126870777e-02,1.142257852742814134e-01,1.445749741586085380e-01,4.671249906230858645e-02,3.177851166366701952e-02,4.747589675208802734e-02,-9.724354330621715059e-03,-5.218632946239240566e-03,-3.096985762295215855e-02,8.231381569247300800e-02,1.025878164040180777e-03,-4.638877220583666194e-02,6.884229051268567212e-02,-2.454003886883551755e-02,-1.867108780856659156e-02,3.238137985050678486e-02,-5.306462919289460164e-03,-2.729333876412052759e-02,-2.824271969910508578e-02,4.947919808292346872e-02,-1.100939958658812834e-01,2.917238414711876074e-02,3.872740764221520868e-04,-2.122684464908238325e-02,-6.400562289177701147e-02,-4.854011115214610511e-03,-2.326837775729334590e-02,-3.145405603400788092e-02,1.095889331881539919e-01,3.368835643528762802e-02,2.877097505163266414e-02,8.473205387467744668e-03,-2.593935944198828836e-02,-2.762549680757289336e-02,-3.500971002294753914e-02,-8.104327345169189817e-03,-6.699660415332064911e-02,3.586680794334827505e-02,1.147362608930619504e-02,3.419057656991370681e-02,7.153978559732973586e-03,-2.262330741599945239e-02,-6.802737744722358107e-03,3.379132206482279854e-02,-5.501699475470171047e-02,9.849410810976351460e-03,-1.060452416987593266e-01,-9.314299547105915969e-03,-3.491462237314743589e-02,-1.366290697556600264e-01,-5.126839884433914002e-02,-1.067324766891297877e-01,-1.389739426798671240e-01,5.903686782527590299e-02,1.304324079459971142e-01,-8.656457175231146994e-02,-9.343892495735897641e-02,1.237300183072396753e-01,6.665699309145602103e-02,-1.325207150609490625e-01,-1.001320698328595285e-02,1.474205483107562664e-01,-2.567681680005276523e-02,-1.280342891199725830e-01,8.821196514475992956e-02,1.221014786703841781e-01,1.159573213969525111e-02,1.670457147426035738e-01,6.540588306934680407e-02,1.390699278001403805e-01,1.223095073462273641e-01,-1.672622345786595188e-02,-1.595808183982349582e-01,3.013781802089404716e-02,1.010294482538478533e-01,-1.010649427904382891e-01,-1.246001281315621267e-01,8.778010885199213909e-02,3.182960153373272372e-02,-1.489690515638883994e-01,-6.019310680535068514e-02,1.094497943138209861e-01,3.850682952019003624e-02,1.236596612775324316e-01,1.923985227070875575e-02,4.755222473001110423e-03,-1.368963753307323727e-01,-5.294340895655663681e-02,6.667810763077379466e-02,-5.918758805062728640e-02,-1.473615930184955791e-01,7.728065009356929402e-03,5.628423691650348559e-02,-1.214672201294736409e-01,-1.150824259583358017e-01,4.445017491208327204e-02,-4.488011062095793174e-02,3.098776491374842859e-02,2.056444845382758915e-02,-3.766563092980428767e-02,-6.479366332794152250e-02,-4.577656718004260300e-02,-4.630138254010702364e-02
5.629965531873908358e-01,5.081712861541862747e-01,4.280962952047021597e-01,1.000000000000000000e+00,2.792223523019221609e-01,1.467086754141367355e-01,4.335402441554598307e-01,4.924952961668028206e-01,1.660444866453186230e-01,1.931969277995915918e-02,2.564784085366071942e-01,2.201010280551267753e-02,1.642326323009341282e-01,1.968905362008238971e-02,1.193269713484354094e-01,1.515500875489065036e-01,1.460847994093966429e-01,1.628310354437597918e-01,1.361132645953159748e-01,-6.941510620294234941e-03,-1.020123160170930132e-01,-4.230179202062765709e-02,6.522154505687302595e-02,1.143551128672648867e-02,-4.586476545089598206e-02,3.838300929419099367e-02,-5.633686569920033638e-02,-2.510717546779110340e-02,5.304226860546189248e-02,1.097941034533853888e-01,9.710652200036733184e-02,-8.244796831489158151e-02,-1.089334501811128376e-02,-1.702621911836156299e-01,-1.112078153132529251e-02,-7.402552110092959492e-02,-5.886599637041788763e-02,-9.258486462272975948e-02,2.489706202497877705e-02,-5.128406278267203661e-02,-1.140903220422328779e-01,1.681620346628197316e-01,-6.338000339051595711e-02,-5.458691773949414516e-02,-2.262790162074014913e-02,1.343029012261084607e-02,-1.967850218371109544e-02,3.369355929741731787e-02,4.961587849407812778e-02,2.531739656659749357e-02,8.950782391952265271e-02,6.178705949922989188e-02,3.989633490293590518e-02,-4.033321015358333483e-02,3.731396567387321173e-02,2.706449227103787172e-02,8.992205112539915224e-02,-7.387662165817615589e-02,3.143508407056243986e-02,-1.130917974494929229e-01,-3.814566878113286041e-02,8.788744032054703753e-03,-1.842647638556415834e-01,-1.945714699710457130e-01,-1.698120874865166885e-01,-1.933649639505060636e-01,-8.400730800324737735e-02,1.554833047788645450e-01,-3.096217752663521505e-02,-2.111260882952029905e-01,2.697782411029525651e-02,1.395540520742748758e-01,-1.361058261509197065e-01,-1.564464699631777089e-01,1.220322986491833711e-01,5.220162127996357676e-02,-2.038802229285328615e-01,-3.570359334216505198e-02,1.790317968458870201e-01,1.436587074545441767e-01,1.504293546409112281e-01,4.028361929580031447e-02,7.652465583358965262e-02,1.562808550929534745e-01,-1.289284728609851605e-01,-1.343719992646087713e-01,1.722300748841626705e-01,7.524736095085469978e-02,-1.906635754348161571e-01,-3.574368427566905482e-02,1.993889494223256287e-01,-4.272874549435989877e-02,-1.974940275236624077e-01,7.449986265974392619e-02,1.918194325774838505e-01,1.165717279099487275e-01,1.564083316985867278e-01,-5.460613917044895155e-02,1.451006189107545141e-01,-9.890601612732342895e-02,-1.904041418279614484e-01,8.979910033036911376e-02,8.071498653660238998e-02,-1.965058734630010240e-01,-1.051721987857671958e-01,1.553377244144833191e-01,-2.866927739080348328e-02,-2.413083696925494570e-01,2.475024773478154416e-02,-8.547486363507777671e-03,5.943774811812078257e-02,-1.023135863530007759e-02,1.556401292346016110e-02,-3.841832364898117467e-05,1.025935381929169062e-02,-5.963229444553723446e-02
1.636706978384085964e-01,5.305047406273369903e-01,5.375989925547774995e-01,2.792223523019221609e-01,1.000000000000000000e+00,2.777662700024823850e-01,3.419238956687842279e-02,3.777139578601028114e-01,3.308759750034833691e-01,-9.001277941318241993e-02,4.797105495105037642e-02,1.592784681363338534e-02,1.683211035596093308e-01,3.663109507159816036e-02,8.980153641666379152e-03,9.667125754764248347e-02,7.057469601397081682e-02,-7.445187378661045907e-02,-4.765695808973521852e-02,-3.363804332436758429e-03,4.542895076333826332e-02,-8.685757670221738724e-02,-1.488747877118237750e-02,-4.341153591253250205e-02,-9.541522016276705875e-02,-4.461797982533792506e-02,-7.524434266949064920e-02,-8.427698380402624811e-02,-3.585153313529490515e-02,-7.794110881145518976e-02,-5.995013172030824039e-02,-6.808269313709273962e-02,9.815022308261767137e-02,-8.539133254010337903e-02,1.226463022986077310e-02,1.387004391905251842e-02,-1.060152074745934932e-02,-5.638532205314774476e-02,5.365912924337301604e-02,-4.515732965420361095e-02,-5.827161142509895003e-02,8.582612756851454305e-02,7.999202857230347519e-02,7.483915502862108216e-02,5.515762520897236378e-03,-1.730120104637704673e-02,1.641813295644552195e-02,-8.486064670786838682e-02,-3.258903000269388478e-02,-7.965854225458059851e-03,1.541171979744402482e-02,4.352608914137778146e-02,1.702449828925515357e-02,4.187722988438142419e-02,5.914652807060716277e-02,1.606981290467688478e-02,-3.666300750625987089e-03,3.772669123056009849e-02,2.093290488671283034e-02,-2.833056510116889817e-02,1.658908648069078520e-02,5.230384751104480076e-03,-5.308748903386278223e-02,-2.010900041922528483e-02,-1.362839477859433268e-01,-8.164350404230724667e-02,3.971558994091866496e-02,1.515572320303787690e-01,-1.280962143673874737e-03,-7.285023603364870759e-02,1.075284447711644248e-01,1.189295434843669064e-01,-5.801985637864606055e-02,-1.738533688748959347e-02,1.485246500562134586e-01,5.201696813690023791e-02,-7.716433515371558249e-02,8.280207299014576139e-02,1.313395033374913645e-01,4.368999390674939420e-02,1.062848634898184152e-01,-2.387125200457794819e-02,1.236887909264383634e-01,3.570284596658355319e-02,-5.538172345831279125e-02,-1.382677940403129746e-01,9.389512719197567201e-04,1.852444559395639498e-02,-1.095500737711492117e-01,-9.480898741789296758e-02,3.110190111838142049e-02,-3.194068029896515726e-02,-1.291373271323358607e-01,-5.515010267678870093e-02,4.068961856818601591e-02,9.257009393634237082e-02,1.500970577212304979e-01,9.290818996082336745e-02,4.385881128316772987e-02,-1.302478648718996268e-01,-1.331261570112602342e-02,1.261384161818019101e-01,-4.169795735858094349e-02,-1.292493117205160968e-01,6.703771881070760830e-02,9.368800887297185076e-02,-1.055789728386250376e-01,-7.139593585029573031e-02,1.093514410321613506e-01,7.882924545197969590e-02,7.467021799966395978e-02,9.695208565919678778e-02,-1.784663287520254701e-02,-4.917841463484419300e-03,-3.080271428197343606e-02,-1.137491926134901257e-02
5.582498268362505456e-02,1.551072432924826272e-01,4.377711666626234177e-02,1.467086754141367355e-01,2.777662700024823850e-01,1.000000000000000000e+00,3.112861517749281881e-01,1.124393035699761956e-01,4.115134882995536980e-01,2.341564362537056077e-01,1.438766061645611050e-01,-7.627266047869764309e-02,2.317302129387844856e-01,1.695937380678116391e-01,-7.466661925023205908e-03,4.650558564345493723e-02,1.789831635129078558e-01,4.125240313906817363e-02,-9.740119520851589496e-02,3.039234140960050956e-02,-2.768255696167061519e-02,-1.498996540274547817e-01,-4.378012880279378433e-02,-4.480921739816419620e-03,-1.491187177750115667e-01,-3.929761100865811901e-02,-7.093628151538576565e-02,-1.355170887504310306e-01,2.656898377202732142e-02,-6.290893329826238896e-03,3.173791693558522704e-03,-3.080246859368566265e-02,3.980865038889445234e-02,-4.761882831589737963e-02,7.992037035351005902e-02,-2.990240214940701954e-02,2.288547266972013050e-02,-2.254173069457622233e-02,4.231781294327049969e-02,-2.874194008485325344e-02,5.757913163835952537e-03,4.789043047126914643e-02,1.252554564728069753e-01,1.371331025955837557e-01,-6.067990842357236236e-02,5.294889414503105990e-02,1.951307435340520618e-02,3.898827772818795612e-02,5.451246318061059304e-02,3.697335358567685904e-03,2.839364481208913812e-02,3.888871584037964513e-02,-9.428064737313697485e-02,6.018878337982479926e-02,5.881714847122028467e-02,-2.205646606190034276e-02,-5.072824805024422207e-02,-1.719889852872589706e-02,-8.920954039484924047e-02,-6.005194915825695645e-02,-1.468517186338923718e-02,-9.943345134323221257e-02,-5.360930968411704856e-02,-2.757030565501693287e-02,-1.300263311051688964e-01,-8.320943208373390854e-02,2.250347158112483287e-02,1.395718146994328057e-01,1.175540057791125737e-04,-8.347432191925190093e-02,9.087071162964763249e-02,1.124611069078652326e-01,-6.190296754628420856e-02,-3.668112422662897498e-02,1.369449435019213790e-01,4.790096188559439527e-02,-9.324701370185582705e-02,5.880645184185059882e-02,1.324280354021870887e-01,5.665792898154332902e-02,9.941341777619609743e-02,2.652339691619598049e-03,9.838261446518942188e-02,4.882793040002061935e-02,-6.057543212130576948e-02,-1.202139396182667075e-01,1.042219073044008126e-02,1.517771429245037482e-02,-1.053250814997718499e-01,-7.935756566888925445e-02,4.063295667018083923e-02,-2.808852290056835371e-02,-1.216291281743284297e-01,-4.213515224964957395e-02,5.281404017723796696e-02,9.865071674008406288e-02,1.386612654292943558e-01,7.491359953542525707e-02,7.255335594704802327e-02,-1.246436184825743115e-01,-4.668541748274276232e-02,1.233449785590313014e-01,-1.740824084227165364e-02,-1.335621116169487810e-01,3.894389219213585662e-02,1.052807409994778037e-01,-8.421844698252943517e-02,-9.859217462113852026e-02,1.055750059988627004e-01,5.618963007445723634e-02,4.053308435948954624e-02,7.082480627550313823e-02,1.306423030865478362e-02,1.101368430885569238e-01,6.244469145712096964e-02,7.590064417259461023e-03
2.120577608102884037e-01,1.575789456264690969e-01,6.751378740156190050e-02,4.335402441554598307e-01,3.419238956687842279e-02,3.112861517749281881e-01,1.000000000000000000e+00,3.565132107626537428e-01,2.453733132612433698e-01,1.657630161533717450e-01,2.379922665544216831e-01,-9.876004432221403839e-02,2.098024455664137256e-01,1.630842564183811461e-01,1.071763954277368119e-01,9.322702862123882772e-02,1.796047683544533535e-01,1.773782928864004182e-01,2.655945296365127065e-02,-3.276033931111869274e-02,-1.334646399312197640e-01,-6.801756947432104072e-02,9.946301031393328662e-02,1.249905720010793531e-01,-5.624350861773484006e-02,9.701370692696907605e-02,-7.437379519111210653e-03,-7.527268803616909976e-02,1.230468406568028389e-01,1.189985858298700377e-01,8.630666104644338366e-02,-8.967747151314093071e-03,-5.354769015313200209e-02,-7.559220819674887515e-02,8.548773904327865159e-02,7.799723551970619978e-03,4.866951265244701119e-02,-1.381382277925606236e-02,7.532094403666632354e-02,2.059820891328973183e-02,-4.425841171219137976e-02,7.785068371963269063e-02,3.560923227778182293e-02,-5.588616900604916060e-02,1.603491531441795029e-02,5.385448877664800356e-03,-4.565610494425200588e-02,2.575173210966600484e-02,1.035651407711074383e-02,-2.417426072187287001e-02,4.051271074510610221e-02,-3.342326742657251298e-02,-2.659696838776149860e-02,-6.419251800151243303e-02,-5.339446848966597492e-02,-6.001667413396767625e-02,-1.237400485483158667e-02,-1.217733354462021550e-01,-1.064616554877218096e-01,-1.945219172653925577e-01,-1.170323730081768709e-01,-1.247497642425781372e-01,-2.293818705946239211e-01,-2.225809539127201475e-01,-2.164322310554223638e-01,-2.060210359098596233e-01,-1.222441595418696375e-01,1.924842051598565085e-01,6.846366118267497788e-03,-2.496897165394903750e-01,1.458321322439859978e-02,1.937193280234227599e-01,-1.276379396473954486e-01,-2.028729276153453387e-01,1.399721811577633312e-01,1.036610955862192068e-01,-2.311122868923197460e-01,-6.766530173620965982e-02,2.255606068085308225e-01,1.971158292664767220e-01,1.597042792938044298e-01,2.380561611262351288e-02,6.185054233111324240e-02,1.568388848679315439e-01,-1.744041396379474584e-01,-1.452521263087844239e-01,1.970785757731005616e-01,4.899579481505492856e-02,-2.352273917187789054e-01,-2.452944895048543572e-02,2.186093344679672090e-01,-8.562634284070329282e-02,-2.235828605098572897e-01,9.738613765685846801e-02,2.004350400515808039e-01,1.665577336348690873e-01,2.000923962693121894e-01,-3.540014712617827602e-02,2.111460499788115897e-01,-1.147428691690928620e-01,-2.284153029439613403e-01,1.392788685531713144e-01,1.211056393477059484e-01,-2.331799176422214848e-01,-1.091857887013240325e-01,2.125027205180277101e-01,-1.680705285939544658e-02,-2.795323682223997408e-01,6.150075582990393447e-02,2.692119498520046533e-02,3.819736853182610636e-02,-6.831623245357668073e-02,1.161051350259241152e-02,7.006066859090344032e-03,7.003110551527290395e-02,-6.912587264528304021e-02
3.192480078599919668e-01,3.693266406820349679e-01,3.874551668728245524e-01,4.924952961668028206e-01,3.777139578601028114e-01,1.124393035699761956e-01,3.565132107626537428e-01,1.000000000000000000e+00,3.246818383730828983e-01,-7.103474289540868958e-02,3.877858101052149009e-01,1.251979292869044580e-01,2.224384782488405266e-01,8.852982638550617456e-02,1.318426042061446590e-01,1.447162688485074400e-01,1.455075525255453972e-01,1.338886242526504122e-01,6.043531952058207868e-02,-3.377731647089596972e-02,-6.846458318264857235e-02,-6.775700022993387528e-02,1.165589681849353715e-01,5.295748935518864581e-02,-5.832290395373841696e-02,1.013831846073652149e-01,-5.445321383984620678e-02,-6.208833901248148740e-02,1.009490604366969496e-01,2.244399229007903313e-02,7.028265317106290044e-02,-3.599030470570773604e-02,8.381990157590317458e-02,-1.619233681966529559e-01,8.208459603089954260e-02,4.937897095128766095e-02,-1.439572190199379063e-02,-2.203538225283570642e-02,1.215792184005164839e-01,1.778693395712076242e-02,-6.108781697552468498e-02,1.619245623149658808e-01,5.873051877181086067e-02,-3.261952926208701309e-02,-2.881040390216007066e-02,-5.493418919207356844e-04,-6.115688865429673438e-02,-6.816683998585247595e-02,2.924249278721633913e-02,-8.216471960670948538e-02,-1.664187043125498616e-02,-4.268379407279992988e-02,4.399693254641588724e-02,-1.184788061482554139e-01,-4.962426992201095233e-02,-5.145064794447685996e-02,3.716989606857725587e-02,-9.309273835993578383e-02,-4.552383010229051757e-02,-1.959494898536852103e-01,-6.123487883111905505e-02,-9.135646268461940223e-02,-2.525011214137600768e-01,-1.955212653180617988e-01,-2.678490469223585579e-01,-3.333893464967364606e-01,5.785160896010767446e-03,2.920688167965744264e-01,-1.381846520160095182e-01,-2.942170780164226063e-01,1.766620208750391829e-01,1.968482497067321202e-01,-2.849438232486540823e-01,-1.449138076795787322e-01,2.832233080413048554e-01,8.239014813389764630e-03,-3.332205384517261115e-01,7.969094483065024270e-02,2.906742195600966472e-01,1.374701590831486631e-01,3.250395481913670448e-01,1.251106968638316941e-01,2.351871252880395891e-01,2.826736260464655648e-01,-1.065640151214782005e-01,-2.997142365038526490e-01,1.596061479965442398e-01,1.988649628566148964e-01,-2.619257807162033158e-01,-1.897486471334308145e-01,2.615688871670975302e-01,2.719717428796331049e-02,-3.356646953532129718e-01,-2.899845980126804570e-02,2.930267902221670995e-01,1.195847318177726826e-01,2.707553191051365604e-01,-1.145050688430830285e-02,1.246846211892302936e-01,-2.553585409076250534e-01,-2.281622046385540503e-01,1.550066952580169410e-01,-7.250084389992823147e-03,-3.389058645821130256e-01,-8.265352222986382946e-02,1.869644657510662611e-01,-1.618074839703022572e-01,-3.247980728543124473e-01,6.229421181432461679e-02,-5.809316885681578557e-02,8.020989331776370856e-02,8.738381930834971528e-03,-1.619134993158086872e-02,-2.813733712765111722e-02,-6.961220278309445536e-03,-6.375888853056793648e-02
9.923987210710943918e-02,2.007067420188683726e-01,1.090545300652758232e-01,1.660444866453186230e-01,3.308759750034833691e-01,4.115134882995536980e-01,2.453733132612433698e-01,3.246818383730828983e-01,1.000000000000000000e+00,1.866930793705294245e-01,3.121658474147764317e-01,1.703772042235511194e-02,2.678786350724638998e-01,1.714480492388306687e-01,9.813389546215296744e-02,1.855744092738454976e-01,1.712939675057815470e-01,7.218593502455661337e-02,-2.301852570404222184e-02,8.975619974215776065e-02,1.130669525982511969e-01,-1.318601447543699678e-01,9.740761287904318999e-02,-5.315756034951957948e-02,-1.037052605979644215e-01,6.519987932044643553e-02,-1.387285893911248680e-01,-8.404141860893547811e-03,1.379505523929304978e-01,9.819512673905093914e-02,2.445333826661580667e-01,1.588186523105940273e-02,1.523388099797258755e-01,-1.408003320512552295e-02,-1.381826435165051797e-02,1.537999219317441255e-02,1.907781545221887707e-03,8.037211390262788413e-02,1.515689525134867044e-01,6.773705908611442339e-02,5.036291186593137154e-02,1.612671807902760213e-02,8.674114953937331340e-02,1.592018869271910608e-02,-1.002034511512255588e-01,-1.129723616728971064e-01,-1.712370197927676752e-01,-6.655365934225776492e-02,-1.085031983037208630e-01,-1.363168018280531968e-01,-8.213032843356428414e-02,-5.808725301493985332e-02,-1.236033638282972996e-01,-1.064431841173699433e-01,7.236832844759329142e-02,-1.183156893251586239e-01,-5.962694742872330644e-02,-1.062169267978050335e-01,7.868723497616442186e-03,-1.044983811933994922e-01,-9.357774265606891295e-02,-4.021104001371652442e-02,-2.216445137627509054e-01,7.492730983579679906e-03,-2.890481830088724724e-01,-2.289202157288047212e-01,2.088033055083827194e-01,3.552771456595277266e-01,-1.192082635260805906e-01,-1.352196243255072150e-01,3.567680404555884088e-01,1.997427918508174194e-01,-2.299762369248956329e-01,5.600896688312113209e-02,3.969726946255873745e-01,-7.084720623789427310e-03,-2.106611430823090714e-01,2.950607632943366698e-01,2.987996894934057401e-01,-1.519082639836739912e-02,3.459800832777840118e-01,6.995397324937072114e-02,3.711920848620812174e-01,1.608165324875218960e-01,-2.195149219761886525e-02,-3.725719258919490962e-01,-7.977105437969783663e-02,1.403530496397649707e-01,-1.962380033372392307e-01,-3.341654212058217110e-01,4.998074179288321955e-02,4.505937577467348382e-02,-3.130104333225871005e-01,-2.421870631750703551e-01,1.259837586339790927e-01,1.268679451490010712e-01,3.049940929554786351e-01,2.269490937843507972e-01,2.585637482980230120e-02,-3.958520742537420811e-01,-8.419711370815492974e-04,2.826125578433830166e-01,-2.108627236455954124e-01,-3.327596278704315069e-01,1.883311182210265500e-01,1.641107108665134928e-01,-3.544744671635977618e-01,-1.640531276983109021e-01,2.709332319193948901e-01,-8.458794367644800749e-02,6.998779326748229279e-02,5.174942904864830023e-02,-8.193015602916070561e-02,2.677025584385568646e-02,-2.465868349651840000e-02,-4.266459035936723265e-02
3.776915907450532905e-02,-2.266088707934191607e-02,-8.738230651536819937e-02,1.931969277995915918e-02,-9.001277941318241993e-02,2.341564362537056077e-01,1.657630161533717450e-01,-7.103474289540868958e-02,1.866930793705294245e-01,1.000000000000000000e+00,3.094806081281543109e-01,2.348602958528075435e-01,2.293848675167723672e-01,1.087321099604543623e-01,3.532907854070588827e-01,3.389009825139185916e-01,3.979865298311862642e-01,3.739372285881533697e-01,1.892190268837400380e-01,2.558296072213668837e-01,6.442001412084308321e-02,-5.708505616843010527e-02,2.969775249321666144e-01,9.103239252999170694e-02,-1.612629730605432549e-02,1.956412856828207425e-01,-1.547741610923248357e-01,-8.063975798496338110e-02,2.467704133546367307e-01,1.537885552671794942e-01,1.378324838179096345e-01,-5.848231140013589180e-02,4.946581675531657590e-02,-1.204069523476384573e-01,1.463519435014823955e-01,1.160705218486244618e-02,1.049804724718157584e-01,-2.236735478145901457e-02,1.129536260084865323e-01,7.582828155305835691e-03,5.353537355001451725e-02,1.191099759699634081e-01,6.921450634439915706e-02,3.028836207716341378e-02,-1.388776721416777882e-01,-1.401597895744894628e-01,-6.480764493536660120e-02,3.086047177202885794e-02,-1.019600383281516337e-01,-8.383527292929245089e-02,-6.734897559240816955e-03,-1.132136128592145380e-01,-1.143191513298798950e-01,-3.720232370901361413e-02,6.469906906389261136e-02,-8.445727410926498480e-02,5.073393716879876642e-02,-2.398093614400329809e-01,-1.543861518431907491e-02,-3.225327303083266317e-01,-9.665885251245669163e-02,-1.301122069832098271e-01,-3.924346936771404559e-01,-2.277201960603802700e-01,2.231070158032007981e-03,-3.941538283443528079e-01,5.358419443524613246e-02,4.710586199371146615e-02,-3.996301156836420954e-01,-2.517628560916195246e-01,1.215150733144003681e-01,-1.045393795855381336e-01,-4.342974269138226151e-01,-8.615669197188688400e-02,1.065110642484657366e-01,-2.828289492902938407e-01,-3.703679186316405914e-01,2.805411642520104498e-02,6.334892493729325780e-02,9.085333981244536486e-04,2.755824913518921115e-01,4.205074925268902919e-01,1.669639513391823482e-01,4.659685913155606207e-01,1.358205294800640395e-01,-1.935951715470747847e-01,1.841247078227978562e-01,4.444255859760403160e-01,-5.278103272153384512e-02,-1.856495434295266089e-01,3.783113583553917025e-01,3.166427458727595901e-01,-2.338312212485136876e-01,-3.129648711102852449e-02,4.393625616952518409e-01,-1.857091827315259236e-01,3.255813095016969055e-02,-3.598868741685458117e-01,-5.268633409008043056e-02,-9.178730120149437843e-02,-3.448390719310858721e-01,-2.014408162942552261e-01,-1.190142026951996647e-02,-2.057387281019109337e-01,-3.546938307187030848e-01,-9.848794905359416207e-02,-3.654384355017314262e-02,-3.187735548042393563e-01,-3.226988205671536547e-01,-3.432600920655174970e-01,-1.121717180839462563e-01,-3.503825393686219036e-01,-2.680386668885791357e-01,-4.449073207994620055e-02,-2.004851954553368565e-01,-1.429814828377169167e-01
2.218526521794658146e-01,1.448763347877988494e-01,1.403733108415980424e-01,2.564784085366071942e-01,4.797105495105037642e-02,1.438766061645611050e-01,2.379922665544216831e-01,3.877858101052149009e-01,3.121658474147764317e-01,3.094806081281543109e-01,1.000000000000000000e+00,2.981396408261581810e-01,2.791901199084018126e-01,-4.212373412060753386e-02,2.221270433086211527e-01,2.692562694861180272e-01,2.727188690521372139e-01,4.616947749688731784e-01,5.775867282727890212e-02,2.680172040199779900e-03,2.594456340108989081e-02,2.410668582140879784e-02,4.221560574337728799e-01,3.705131307399918139e-01,5.720927171367045511e-02,4.533420515919707738e-01,9.799678901052116808e-02,2.762060410513536915e-02,4.202795775799255673e-01,1.187330164206341215e-01,3.034573676653602448e-01,1.359636791388158135e-03,2.072925409153731080e-01,-1.601457354849900039e-01,1.696143627829483913e-01,1.239226674684836826e-01,1.159441774862872698e-01,1.013742665211427169e-01,2.276122349249598831e-01,1.386055836612343217e-01,1.352192243536309846e-01,1.628845383229850508e-01,9.674015311074155021e-02,-2.558914001900993579e-02,-6.354904978918304859e-02,-9.768141075281024099e-02,-1.880450977455045969e-01,-4.214847161471563936e-02,-9.587385019285103727e-02,-2.061372912564238546e-01,-9.781114169510729539e-02,-2.237041776745072319e-01,-1.230287896561561706e-01,-2.626899354331862502e-01,-9.357292784437507005e-02,-2.989038216466011200e-01,-1.198736787106715468e-01,-4.465732058738752230e-01,-2.573900213500342482e-01,-4.995294234573616210e-01,-4.214327981939370305e-01,-3.612372281511079253e-01,-5.471049013677670159e-01,-4.454848176238180302e-01,-3.145902010503317525e-01,-5.527517859316490867e-01,-1.146528593885392383e-01,3.279356898403161802e-01,-2.589409603632384371e-01,-5.139378026010630318e-01,1.207067008777334971e-01,2.145359123028081627e-01,-4.720951845303148486e-01,-3.286317489176069917e-01,2.796852159041693930e-01,-3.439638652105828781e-02,-5.593539854722897608e-01,-4.718267016323145907e-02,3.575967180413034963e-01,2.742235360710282288e-01,4.185047693788235268e-01,2.822339232434625811e-01,2.032190579712459533e-01,4.978945956241564441e-01,-1.611378424483030924e-01,-3.133890328597410679e-01,3.892373044148512151e-01,3.402417509640478510e-01,-3.615967391151928556e-01,-1.509806974418443082e-01,5.277476801573321996e-01,6.983965010270690166e-02,-4.625232205893460846e-01,1.170046652983079277e-01,5.520107158243419132e-01,1.059976921997253796e-01,2.850962907760219989e-01,-2.476588524857390172e-01,2.304343311290467655e-01,-2.375885549159719168e-01,-4.989685870219141561e-01,6.769925973685361753e-02,1.410112266993628349e-01,-4.493748689091922599e-01,-3.543411064773562824e-01,2.265125823788578519e-01,-5.669662024177528348e-02,-5.539468782356127274e-01,-1.091520663909348043e-01,-2.486139250020355240e-01,1.884769518179734149e-01,-2.114329059727857174e-01,3.528978798362277652e-03,2.451719993587270566e-02,-1.049409824421624650e-02,-4.583046240580312264e-02
5.373493597572238240e-02,4.772199538629618570e-02,1.087599756217791508e-01,2.201010280551267753e-02,1.592784681363338534e-02,-7.627266047869764309e-02,-9.876004432221403839e-02,1.251979292869044580e-01,1.703772042235511194e-02,2.348602958528075435e-01,2.981396408261581810e-01,1.000000000000000000e+00,8.270798710684237887e-02,-3.021046176453350274e-01,4.722402418871395890e-01,3.747702799357578995e-01,7.647685880410971804e-02,2.221434568840908175e-01,3.025504429555373465e-01,2.953506707428215639e-01,2.223978743487682874e-01,2.293882023701184492e-01,3.721642558427458169e-01,1.722902022275791534e-01,2.779847596623872819e-01,3.564356718373246635e-01,8.852914983154379358e-02,2.215148009160507747e-01,2.437735187740826814e-01,-8.229863330828092460e-02,7.768760198274084205e-02,1.757800597166911949e-01,2.346519202365572598e-01,-1.069834990454065493e-01,8.329768492225700371e-02,4.367339589118870297e-02,3.459532185814126470e-02,4.256865064525182374e-02,-1.110473318574741602e-02,-1.745474147098823037e-02,9.299275424687439284e-02,1.072287730516966742e-01,7.916870543868607946e-02,2.406389182988932091e-02,-3.870519202759750005e-02,-7.362999337073251882e-02,-1.500265047863946488e-01,-3.874546056305002567e-02,-7.495339269990054787e-02,-2.248083172828916898e-01,-5.556235421695381732e-02,-2.885150551735655156e-01,-1.688968600793824271e-01,-2.394250132171246159e-01,-2.329785340849491182e-01,-9.993260008278533058e-02,-5.094664248284523633e-02,-1.688659430842956166e-01,2.490040664727639561e-02,-2.041320649275207566e-01,-1.423462929749358397e-01,-4.819401878489689567e-02,-2.448793725644913266e-01,-4.848587438308839953e-02,2.968295754802021680e-01,-2.965092121632761923e-01,2.069146206594814352e-01,-2.087592489587707656e-01,-5.810112310589029549e-01,-3.804241245079830608e-02,1.158521539098911618e-01,-4.192290899610478516e-01,-4.478815343495643475e-01,1.257908584236938077e-01,-6.704224920625093120e-02,-5.459856379398636550e-01,-2.206765744116730987e-01,9.016068078156108667e-02,-2.195064122252816663e-01,-2.546455921127571131e-01,1.758828194792000088e-01,5.864866990064352414e-01,8.861258683476951059e-02,4.686673903231933780e-01,3.983011407578533891e-01,-4.758917414104076038e-02,5.836877563017317527e-02,5.574844869104857992e-01,2.255926591742311582e-01,-1.872383721158216163e-01,2.799723699859643089e-01,5.454347873392237922e-01,-3.582190851549776900e-02,-1.217686807610221938e-01,3.943794319275614746e-01,-4.923404594126273293e-01,-2.340039937339286891e-01,-5.036056121785177364e-01,-3.589300214155990987e-01,5.532868362514135191e-02,-2.041183869254193928e-01,-5.010077751150282532e-01,-1.507352403058001833e-01,2.222703755683314367e-02,-3.900915901438651856e-01,-4.152006540206780172e-01,-1.089496121571085184e-02,-1.137884405530438098e-01,-5.483969327749687039e-01,-5.131298604507095185e-01,-1.950718386743167942e-01,-2.948021995162902198e-01,-2.995405612350385272e-01,-9.700595362954410328e-02,-2.307708211438880275e-01,-1.474558076071870172e-01
1.812826179215580591e-01,1.859996945589835193e-01,8.231739969173400284e-02,1.642326323009341282e-01,1.683211035596093308e-01,2.317302129387844856e-01,2.098024455664137256e-01,2.224384782488405266e-01,2.678786350724638998e-01,2.293848675167723672e-01,2.791901199084018126e-01,8.270798710684237887e-02,1.000000000000000000e+00,2.252273389825736050e-01,1.487876064747733762e-01,3.691740684246279103e-01,3.339045486495186843e-01,1.114298028550423231e-01,-5.722957286607883304e-02,-9.847518378392633442e-02,-2.052905799950646704e-01,-4.364114345804731565e-01,-7.799996304136984360e-02,-1.379275625431609226e-02,-4.255417843730464056e-01,-5.090395760040389989e-02,-1.780001787780861877e-01,-3.866895714707558884e-01,3.043938027705955437e-02,1.349204635783273210e-01,-1.650065781148925270e-02,-2.290088507605499424e-01,-7.381459717742336335e-02,-5.184288762216923002e-02,-7.038741334738152222e-02,-1.912843401809472543e-01,-9.168235188871413921e-02,-9.871940408886469009e-02,6.217784456694219752e-02,4.150742699133601332e-02,2.220790159711152206e-02,4.781158655368657889e-02,1.205257677642384145e-01,1.211683033487926525e-01,9.092399722815394658e-02,6.339173176097305518e-02,1.879060415492434244e-01,7.738863123593418825e-02,1.107039269048696872e-01,1.634543300603857052e-01,2.254552571625619284e-01,1.317176530338902696e-01,2.235781548882231212e-02,1.608028865468463520e-01,1.599320739841916805e-01,1.626600751534465830e-02,1.555738450942084905e-01,-4.282231322907070759e-02,-1.503307288843417910e-01,-3.882487509368490741e-01,-8.053946021188844451e-02,-2.887299671869495432e-01,-3.328051378973933550e-01,-4.922543141590073335e-01,-4.090475730870056226e-01,-4.288429394867341871e-01,-2.950812630850156437e-01,3.558807022378497331e-01,1.707573152788288001e-02,-5.365953418879836345e-01,-3.571069308432891359e-02,3.937134634547519996e-01,-2.475140351896319979e-01,-4.734124219369015285e-01,2.270363467319118644e-01,2.434462200882148708e-01,-4.747739316038612212e-01,-2.027617907367998962e-01,4.404283939076960031e-01,4.499075568417590931e-01,2.765314612197042887e-01,-8.774071920883827133e-03,8.916373610758214496e-02,3.153082832471134633e-01,-3.930762806016742106e-01,-2.701541602086781069e-01,4.856517601188233280e-01,1.186994569253781995e-01,-5.054403942811916961e-01,1.488250479665356556e-02,5.058450343954473682e-01,-1.929431177899599559e-01,-4.573587326897317062e-01,2.831630097241030208e-01,4.393819138016964443e-01,3.639989173405296929e-01,3.989259239751077879e-01,-1.676962365279700273e-01,4.305885555367093831e-01,-1.431409951128790881e-01,-5.113386928085352778e-01,2.137108512943556027e-01,3.217083934503186526e-01,-4.305943134524017890e-01,-3.056883455355248747e-01,4.219378253037372462e-01,7.456222025479368465e-02,-5.561814170003542834e-01,1.578954752165813782e-02,1.602094118670087941e-01,3.950662619309862067e-01,1.000262749089523839e-01,1.896926757468966329e-01,2.582767380423938164e-01,1.791526586268278320e-01,1.127979137543599214e-01
