1.000000000000000000e+00,4.451719263192870923e-01,3.126818664986517060e-01,3.353049970517030798e-01,1.863974692354246343e-01,1.985776542010421475e-01,1.246273920013488273e-01,4.639008193526539259e-02,6.751205604373709812e-02,3.353894207849523329e-02,2.697117200600812614e-02,5.057667028572104123e-02,5.494390933958084866e-02,2.922767079519862643e-02,3.381838196198407032e-02,4.425228640453932050e-02,3.494634092926848790e-02,3.764677968872277847e-02,1.853781350951485413e-02,5.525375542288734482e-02,1.137745559023194304e-02,1.340639045849527193e-02,-2.950780273842378357e-02,8.549350413097766763e-03,-3.899065877199454910e-02,2.122847694104421437e-02,-2.340654042271160182e-02,4.058253652242845705e-02,4.541024592830914669e-02,-4.181196151446749804e-02,-3.009894928971674349e-02,2.794414168785493494e-02,2.270835886546676216e-02,-4.142156583379952989e-03,1.640286430860522782e-02,-1.486507810503149424e-02,-2.474419507804748522e-02,-4.425445713023665878e-02,-2.976199434342339124e-03,-2.970691171240048833e-02,-1.500360740225281306e-02,1.734128151414330091e-02,-2.111304300445471932e-02,4.640801142511237140e-03,3.594141024980892357e-02,3.090992119786241561e-03,-1.289748793840442796e-02,2.910474756593008777e-02,2.448256037558718332e-02,-1.351916621980524778e-02,-6.896260317544511929e-03,2.362770490869833817e-02,9.495245815963166205e-03,8.593443499139577849e-03,1.871063365429450134e-02,2.231841610713185611e-02,-3.801424950746009127e-03,-3.667219925093381794e-02,-6.138006450341198378e-02,-3.532725075020451411e-02,-4.464189625659020083e-02,-1.941474648975173231e-02,2.415968548586750267e-02,3.329476928378486550e-02,3.549496121796101578e-02,4.815564774116693619e-02,3.741904583899752224e-02,9.146074862671950065e-03,3.814036617533220902e-02,-8.282023537573134780e-04,-1.896763371199452347e-02
4.451719263192870923e-01,1.000000000000000000e+00,3.584103722492419375e-01,2.828846544746949077e-01,3.602989699144976687e-01,1.723578752861687491e-01,9.201626894602563111e-02,1.226778963320164090e-01,7.564589511095617946e-02,7.191076329789794497e-02,6.171488415941354944e-02,6.106842575772069431e-02,5.916109175569788520e-02,2.699625596931213428e-02,3.608300863303151584e-02,5.326138466987852260e-02,3.377883246037055587e-02,5.989102495471869403e-02,6.733129985268339161e-03,5.383821938341703389e-02,3.335078450551842016e-02,9.072452710904880049e-03,-4.263512405235897473e-02,-5.391310197490251435e-03,-5.206403871261750665e-02,1.168470593624383949e-02,-2.154339449751244140e-02,6.146521549103380749e-02,3.616505838247745241e-02,-3.833808279021780341e-02,-3.479446878187305182e-03,6.324792073992205332e-02,3.474722783639714457e-02,2.478551626466845084e-02,3.251458044370922340e-02,-2.318366044145988777e-02,-2.914308554993734826e-02,-4.966199460472891722e-03,3.259914387360669796e-02,-4.097882711598260959e-03,1.560853282834530342e-02,3.805255823325438824e-02,-3.951502571688374904e-02,-2.736263201636231560e-02,4.176467526963140858e-02,1.233718754665895367e-02,-4.326588955956998245e-02,1.394584194717397863e-02,4.642272854371362611e-02,-3.001376251490026070e-02,-4.206720440362944624e-02,1.759855934275992087e-02,2.931658266325993124e-03,5.345050870488613111e-03,5.519768256347491395e-03,1.527807084882762748e-02,-8.517820791925772086e-03,-6.720052956739444583e-02,-6.125891809870622623e-02,-3.862748680063657347e-02,-4.665827345496154077e-02,-7.792693638010533136e-03,-1.649750564860177904e-02,1.318790686989277684e-02,1.668731687871236394e-02,3.996897064006108696e-02,3.361379637488076666e-02,1.326969922392582345e-02,8.099445905261060813e-03,-1.542176245807980704e-02,-3.120595322102680258e-02
3.126818664986517060e-01,3.584103722492419375e-01,1.000000000000000000e+00,3.434213852639116937e-01,3.046982437656342024e-01,3.994046483230167532e-01,1.704839359151647804e-01,6.670873942148478064e-02,1.070395331318813870e-01,2.738864746919338067e-02,7.099277144799896744e-02,4.504906042036011665e-02,4.202067427623009527e-02,1.496183452775230911e-02,5.600018526235193278e-02,2.825005189826275409e-02,2.435001712103926352e-02,5.744073038075684506e-02,1.657706390965800469e-02,8.786668066749252215e-02,5.319905773219698458e-02,-8.414093268007574017e-05,-6.861288185132369266e-02,-4.039578920583514199e-02,-8.904590589763844433e-02,-2.122340777728612404e-02,-4.568744752384034519e-02,5.387093117676402393e-02,8.913001447987806136e-02,-5.397834913980970734e-02,-2.427328721388297833e-02,6.656015969797801635e-02,5.763597438011947016e-02,-1.100500807725653118e-02,7.214895529883683101e-02,-3.148682458816855906e-02,-9.651951661658540738e-02,-4.708606115293001437e-02,2.497229456464400421e-02,-2.100525780855501054e-02,-7.438483325773828994e-03,5.600923548176669348e-02,-3.673646449825267862e-02,-8.920585684626969672e-03,7.215967880048901328e-02,2.697118149891844160e-02,-3.652190599846937002e-02,3.534033064632347010e-02,6.733862010750162053e-02,-7.860210187514985597e-03,-2.344442101035497036e-02,4.549066083534174243e-02,5.277526956396186991e-02,3.219190183718149967e-02,2.977965388139818328e-02,2.281969224930125925e-02,-2.717215446645600621e-02,-6.120987015188711355e-02,-2.656807814732737444e-02,-3.316139810525384896e-02,-6.819583626495763495e-02,-6.382661622014643155e-02,-4.091337003779406400e-02,-2.797596275025535789e-02,-1.539595348521545851e-02,2.089121756041054448e-02,-2.087233960973542898e-02,-1.556190870751305438e-02,8.922316338650688669e-03,-1.351552049283711449e-02,-3.927077751343831247e-02
3.353049970517030798e-01,2.828846544746949077e-01,3.434213852639116937e-01,1.000000000000000000e+00,3.257866859060364884e-01,2.789613774846568250e-01,3.060882720636376453e-01,1.641642166863739594e-01,1.501023609748963483e-01,9.010780671155282917e-02,9.975112724420329147e-02,4.016640447212088683e-02,6.320633893511715118e-02,4.578252622707871394e-02,7.772014251304334986e-02,7.487271795019601051e-02,4.335928611617959755e-02,9.395998756036311184e-02,5.261141808607870674e-02,7.253495763013911857e-02,5.003855379601906267e-02,2.088250062033100707e-02,-3.076045526853367351e-02,-3.234611347350759697e-02,-4.765623395989684874e-02,-2.238496848698819791e-02,-4.913532202318778019e-02,3.728958903359347321e-02,5.416281231685540765e-02,-4.204009543318501518e-02,-9.562727056297223860e-03,7.202144381001562845e-02,9.166211339893605425e-02,4.946744006201994615e-02,2.270422788129314307e-02,-7.207932032104517883e-02,-3.179662967983774152e-02,-1.071587458928770394e-02,5.872016443126037988e-02,2.521468698363455926e-02,1.880691239257534231e-02,7.207951900564571468e-02,-2.769793538572292227e-02,-4.187797056118384986e-02,6.431100360010533201e-02,5.284936617433226569e-02,-5.155019476572381132e-02,6.376075466470472637e-03,7.449477981188308562e-02,1.210468268401469370e-03,-4.371923164684175106e-02,3.179314437893094453e-02,2.389909933629834685e-02,3.984492466716593739e-02,1.060096670379726859e-02,5.759818260911797605e-02,-1.101756115070525073e-02,-9.002191196045111754e-02,-7.109439412142576353e-02,-9.155023657294771022e-02,-8.325628689800519677e-02,-4.710473894529406541e-02,-2.193058254380448116e-02,-2.879573904619900371e-02,-2.873430699261642247e-03,3.658329133445864523e-02,-1.995194932615815611e-02,8.375479416620821085e-03,3.158553213572007357e-02,-1.797112152548642136e-02,-1.754924056207769062e-02
1.863974692354246343e-01,3.602989699144976687e-01,3.046982437656342024e-01,3.257866859060364884e-01,1.000000000000000000e+00,3.661236336026007510e-01,2.234437716106705829e-01,3.542502872158552751e-01,1.953998048826743050e-01,1.879894928201691906e-01,2.222721861023595202e-01,8.825447010338538512e-02,4.616972363982828342e-02,-7.389018349449485643e-03,2.896003194196875019e-02,5.468355091214690405e-02,-1.630833495381131884e-02,6.741294336156467004e-02,-3.063297090596715441e-03,3.573794667844646528e-02,7.609793626068869776e-02,-5.010861853606319444e-02,-6.190760958936155495e-02,-8.304344955484697921e-02,-8.975668442557363513e-02,-2.477103564307353567e-02,1.452551289421300830e-02,5.809291550501093082e-02,4.591732243388384205e-02,4.331851177609570558e-03,2.495752421372075466e-02,7.075996373113353777e-02,4.122873282783675458e-02,2.981565786356618619e-02,5.312838467264419801e-02,-2.546048233221176460e-02,-5.253580257408519555e-02,-2.325263465369596660e-02,4.438446741725858569e-02,-7.621334371497949164e-03,-1.640413432949954300e-02,2.584449569673003336e-02,-7.464587673491968056e-02,-1.724645418871510391e-02,7.137545168754881597e-02,-9.830429481009551537e-03,-7.406354572543491499e-02,2.371886412579755563e-02,6.105121238823896929e-02,-5.175844024952992034e-02,-4.558516721194924570e-02,5.856854422465290061e-02,3.719561912592839192e-02,1.860791364285815236e-02,4.223269324923750734e-02,2.639640556810951902e-02,1.169001670244590625e-02,-1.061056635745676047e-01,-3.726829401326603453e-02,-4.763907135156057737e-02,-5.847330103134239926e-02,-5.851440671711060498e-02,-3.759159012014274409e-02,-1.827885670142580937e-02,3.117571519125230187e-03,3.481388846520846320e-02,3.021734831130676747e-03,1.710499228833252394e-02,2.256423928422535488e-02,-3.619053160160264765e-02,-5.068624259595577025e-02
1.985776542010421475e-01,1.723578752861687491e-01,3.994046483230167532e-01,2.789613774846568250e-01,3.661236336026007510e-01,1.000000000000000000e+00,3.450710413322595760e-01,1.300920651476057677e-01,2.684340324027111868e-01,4.066273865122739528e-02,1.649210841699088603e-01,2.882958976930685355e-02,4.146737786825897831e-02,-2.473175945142966348e-02,1.708242856106444510e-02,2.255476998831645180e-02,-2.927208458171159239e-02,6.609761341873762741e-02,-1.026010491729636813e-02,2.105229608752262269e-02,1.043867121349245988e-02,-3.013953018290589994e-02,-6.736715794237256583e-02,-8.959362193194052998e-03,-7.039161046721452430e-02,3.106205845799430570e-02,1.851122300560060531e-03,7.530057028044312428e-02,2.823060893183214001e-02,-5.384208236943744535e-02,1.568993113578019682e-02,6.011338274855443364e-02,2.483977402042765112e-02,1.211164614890805451e-02,5.945079358565946021e-02,6.342729434945738355e-03,-6.777502641865852662e-02,-1.472759726987772286e-02,8.767533530032444247e-03,-7.223049423601518929e-03,1.832177399603834161e-02,2.771857609191396427e-02,-1.380031344280066921e-02,-1.476497671443898624e-02,2.534775390859653199e-02,1.461642584593753416e-02,-1.537102340394899333e-02,4.832853333472083950e-03,2.917034088249237031e-02,1.428742078697783306e-03,-1.967647025971932043e-02,1.358683692564944395e-02,2.534690368211288056e-02,1.298414654153236258e-02,4.135727902945808554e-02,-1.399822310128861005e-02,-2.768374789766131147e-02,-5.731297814545069369e-02,-4.377649468641888614e-02,-1.396556636723789678e-02,-5.797491437657736196e-02,-8.827745697991526419e-02,-1.599531986262043431e-02,-2.046994580901393887e-04,6.016434111031670161e-03,1.143784450071197445e-02,1.562316657435014640e-02,5.545319794343677583e-03,2.624458669449397999e-02,-1.977391046444701428e-02,-1.475850387653925358e-02
1.246273920013488273e-01,9.201626894602563111e-02,1.704839359151647804e-01,3.060882720636376453e-01,2.234437716106705829e-01,3.450710413322595760e-01,1.000000000000000000e+00,2.338431633069695259e-01,2.914944849877877942e-01,1.412833821321539118e-01,1.706495458501611218e-01,5.853794990362745643e-02,2.214155708629338484e-02,-3.471008960081449490e-02,-3.598307383354893557e-02,-3.509910634867251245e-02,-5.495537505708997933e-02,2.248555237550007441e-02,-1.265847800373416654e-02,-2.073443569237351167e-02,-2.769380227390710533e-02,-4.878928106390673786e-02,-3.559856736311608344e-02,-3.520107091479219349e-03,-2.632817030328846522e-02,5.045626638753465676e-02,3.755421507627080407e-02,3.732471183581938245e-02,-2.060263360654876821e-02,-1.127100504553502948e-02,4.383432906445047794e-02,1.945194798152857091e-02,-2.302973756010091508e-02,-1.917043356810997287e-02,1.610417443780568988e-02,5.035383444884661969e-02,-2.366456321992922024e-02,-1.519300814451051210e-02,-3.171382121210034738e-02,1.028629544287819678e-02,-1.572281621412951070e-03,-3.632352577015159761e-02,-1.534482017870039509e-02,1.941030548875899214e-03,-2.319457988240840665e-02,-3.059736939952023907e-02,2.170016004507545251e-03,1.130812671430564062e-02,-3.841271731882551360e-02,-1.897947336325695594e-02,2.938271463268150949e-03,-1.315669093643652421e-02,2.874995491904290719e-03,-4.003951698385015297e-05,5.866610828767968716e-02,3.165888957645211083e-02,-7.386766143426709216e-03,4.604166792656404304e-04,-4.564678065823321584e-02,1.091436853613787393e-03,8.327253583562474340e-04,-3.610089604749799896e-02,4.179832086063373087e-02,4.758211738473599323e-02,3.424096312026382594e-02,6.590987168693099307e-02,4.671978783062640667e-02,3.274866629117230421e-02,4.419737071943435902e-02,7.759582979173456838e-03,-1.352499365850573336e-02
4.639008193526539259e-02,1.226778963320164090e-01,6.670873942148478064e-02,1.641642166863739594e-01,3.542502872158552751e-01,1.300920651476057677e-01,2.338431633069695259e-01,1.000000000000000000e+00,3.718041352189018767e-01,4.803316610888927474e-01,5.149965361501220862e-01,1.484190164594771377e-01,1.129447790806242247e-01,-2.456054179258019415e-02,-2.363782191707856570e-02,5.866171438740857419e-02,-3.627996589472890637e-02,8.259060611572341393e-02,9.973508115876292789e-04,-3.519456838903278761e-02,9.861552067498512153e-02,-8.064500034317163835e-02,-2.040287508011968953e-02,-1.241638428315039178e-01,-5.996684687773317507e-02,-8.049703811056826974e-02,4.173222506391802838e-02,-3.437894564499796579e-02,3.378576569049776546e-02,1.227099661038017070e-01,2.505774240949763115e-02,-1.607012201670332888e-02,-3.917737122064584437e-02,-4.879501760415198321e-03,-8.213339511771429111e-03,1.622262219381129938e-02,1.000825155684640505e-02,-4.700373774855735876e-02,5.430865355817282754e-03,-2.330177716705391852e-02,-6.682369025191614575e-02,-1.268191326317443879e-03,-9.220336900097485244e-02,3.017107255332134377e-02,8.350501951832445258e-02,-4.619758507334410791e-02,-5.605205753871293772e-02,9.170895460008703093e-02,3.506006350098073154e-02,-7.569589995889358658e-02,-6.258276458007425505e-03,8.815507937075756084e-02,6.199775540740687374e-02,8.112595049866855312e-02,6.882504976004633068e-02,5.467666609624154128e-02,8.517997423728931872e-02,-4.622096686507819359e-03,1.820422224455192292e-02,-7.113321048991800774e-03,-1.107611338386413173e-02,-3.230225054640126908e-02,-4.058946592157993121e-04,-4.307554830438638932e-02,-3.580027263128156972e-02,4.990550104823664353e-03,-6.461003941013757079e-02,2.243154243356757296e-02,-2.157082439549094441e-03,-5.554054032305363875e-02,-2.550397297446389475e-02
6.751205604373709812e-02,7.564589511095617946e-02,1.070395331318813870e-01,1.501023609748963483e-01,1.953998048826743050e-01,2.684340324027111868e-01,2.914944849877877942e-01,3.718041352189018767e-01,1.000000000000000000e+00,3.842461788231326669e-01,4.772696618190123696e-01,2.009822263926348551e-01,1.056684438813517563e-01,-2.243746124830733185e-02,1.633271366297505550e-02,2.583086003609801062e-02,-3.305655819399253015e-02,8.016875991432022286e-02,-1.445368017562640838e-03,-3.448569211366953047e-02,4.613465650449819627e-02,-6.350885898325539514e-02,-2.050843301002748878e-02,-5.489463956326192523e-02,-3.631813233775579852e-02,-2.454968957599350243e-02,3.690591207849534816e-02,4.183114754644323523e-03,3.098812476651655046e-03,4.724026906917276614e-02,2.957173147480428657e-02,2.463743158798244876e-02,-3.050601253301787538e-02,7.979601866624403544e-03,2.762531858624962117e-02,4.230202981801408496e-02,-4.465798873141991858e-03,-1.194029415856972046e-02,-5.419059156577798846e-03,-3.406992695234907585e-03,-2.323314230423391760e-02,6.245676628090593777e-03,-5.171014368695292518e-02,6.155315645739754815e-03,5.368248290348011376e-02,-1.916924490484388927e-02,-2.912437718443598722e-02,5.233787123128334079e-02,2.406913217000267863e-02,-4.247342722554064282e-02,-5.929828701666447002e-03,3.572031526854738820e-02,6.454505002493614307e-02,4.850456908058124739e-02,8.268344462620867696e-02,1.423907411704307402e-02,4.708970795437245754e-02,-1.710807195527892788e-02,-3.601502014606883240e-02,-7.168082687996405605e-03,-3.213859780540025829e-02,-6.069646318677351243e-02,1.953508637939878334e-02,-1.753992786645136928e-02,-2.501539373139045550e-02,1.428968191441004404e-03,-3.548386350632252301e-02,2.280536988076067514e-02,3.940769292811583530e-02,-3.648107473959804475e-02,1.990884231927180989e-02
3.353894207849523329e-02,7.191076329789794497e-02,2.738864746919338067e-02,9.010780671155282917e-02,1.879894928201691906e-01,4.066273865122739528e-02,1.412833821321539118e-01,4.803316610888927474e-01,3.842461788231326669e-01,1.000000000000000000e+00,3.653593151807258410e-01,2.964799338077395707e-01,9.593488460901079817e-02,-2.686123706751918083e-02,4.917436187378570848e-03,1.092224778813112585e-02,-2.422337595599368190e-02,5.930785914885824961e-02,-1.309619363323403368e-02,-3.046023688032238521e-03,7.251911606683401901e-02,-6.759747151415440580e-02,-4.968980399668361525e-02,-8.300888505477770074e-02,-6.370266195028720380e-02,-3.854640308331667986e-02,2.111341556645692299e-02,2.412387098322307799e-02,5.227499768295548049e-02,8.279954479554692270e-02,4.328045891528739531e-02,3.496002122919825844e-02,-2.658593580085961972e-02,2.619125211935941985e-02,6.060811288048983253e-02,4.953106232442112261e-02,-5.746814314584024891e-03,6.697212987723460444e-03,-2.628915090892949315e-03,-9.137283139873686802e-03,-1.445895612232586669e-02,9.083479580054266977e-03,-8.363922200230426707e-02,-2.126211385435240048e-02,5.486116192013120590e-02,-3.019852448008866416e-02,-7.815519811499348213e-02,3.595303249409199237e-02,2.509656436478662975e-02,-6.333302262948301009e-02,-5.601339876684473945e-02,2.447906782728922689e-02,3.374058508390997274e-02,5.454964546263799119e-02,3.925460876011959560e-02,1.419648451395869038e-02,7.878798827221693279e-02,-1.884956984584814504e-02,-4.116713124491955256e-02,-3.976416596880796156e-02,-4.319075939959520632e-02,-6.796211357164368139e-02,-3.669580025142439583e-02,-6.727230741242190559e-02,-2.929260666860834458e-02,8.520871410494283704e-02,-5.779199022268637770e-02,5.010933348995283421e-02,3.570024502804000632e-02,-4.797103663161246534e-02,2.007450591075992871e-02
2.697117200600812614e-02,6.171488415941354944e-02,7.099277144799896744e-02,9.975112724420329147e-02,2.222721861023595202e-01,1.649210841699088603e-01,1.706495458501611218e-01,5.149965361501220862e-01,4.772696618190123696e-01,3.653593151807258410e-01,1.000000000000000000e+00,2.587284370323593152e-01,1.523397033746931584e-01,1.047270328043894971e-02,-5.700066072310810972e-02,8.203663482194609169e-02,-8.792963602419977612e-03,7.203919957039446598e-02,3.810348490367483458e-03,-6.459102788440225507e-02,9.340112530024277659e-02,-9.507151120136951572e-02,-7.191663416321014170e-03,-1.229037840372218249e-01,-4.612505638559610821e-02,-6.880131675332501473e-02,7.676686335479640522e-02,-5.546800154885851708e-02,2.282454961896070514e-02,1.493129912454359276e-01,3.268770850155503643e-02,-3.612434988264612290e-02,-5.328858566998379703e-02,-2.299516994758171728e-02,-1.515156913841707656e-02,4.124751448005800625e-02,1.800536318745834044e-02,-5.436822877369675705e-02,-3.009718436607017322e-02,-1.484498165505928995e-02,-8.013852157231321494e-02,-1.494076897719490843e-02,-7.322603970057703360e-02,4.989311257490243456e-02,7.499658974411817225e-02,-4.960283842010704963e-02,-2.312904382786221819e-02,9.165772703342028871e-02,1.991664694681380410e-02,-6.120157682344484762e-02,2.997025148460910962e-02,7.724584313598840957e-02,7.826753504964768793e-02,8.507931720712826051e-02,8.162032742961466969e-02,6.164509953321607727e-02,8.324441612385606593e-02,3.837684925082519849e-02,5.035461832676680488e-02,3.599015970186954239e-02,1.443163071680911812e-02,-4.018592668373589805e-02,9.168294254406243043e-03,-4.223204625084445857e-02,-2.972285957585727931e-02,-1.657107351902828820e-03,-7.717939751089873679e-02,2.322942084765748996e-02,-5.564955529898815700e-03,-5.019287446021878513e-02,-3.989908443460956494e-02
5.057667028572104123e-02,6.106842575772069431e-02,4.504906042036011665e-02,4.016640447212088683e-02,8.825447010338538512e-02,2.882958976930685355e-02,5.853794990362745643e-02,1.484190164594771377e-01,2.009822263926348551e-01,2.964799338077395707e-01,2.587284370323593152e-01,1.000000000000000000e+00,3.016530020318551886e-01,2.801281799048530030e-01,2.650972040000413102e-02,1.400622194895303485e-01,1.893645421389921479e-01,6.458849559940192664e-02,1.010373001425823314e-01,6.192841844450677063e-02,7.573955066240455059e-02,5.908458377544761192e-02,6.845689239722956010e-02,-3.575772940553913204e-02,2.687532267047973433e-02,-7.896008002981191876e-02,-6.126608914753172569e-02,-6.380015158691511312e-02,4.673331247452500170e-02,5.532019876668812369e-02,-6.394048057949583419e-02,-3.194393174472872493e-02,-8.494674095457645235e-02,-2.451639008844704037e-02,-1.372605502588874343e-02,8.112479373643691205e-02,3.174405893323976185e-02,-2.554718948859988070e-02,-2.711874742398582682e-03,7.798441452814250385e-02,-1.130006388642594561e-02,2.009697914421108150e-02,2.610805601580584029e-02,2.039076948788154722e-02,6.080470498067252517e-03,2.767404840911584507e-02,2.870291454117821980e-02,9.843876397412382184e-03,1.059183324950538699e-02,4.622281832301567556e-02,1.872756632655254300e-02,-7.412302714689289473e-03,7.577503538428102814e-02,2.011143050743322003e-02,6.148844568691114870e-02,2.805923586629035724e-02,2.889762876454402690e-02,4.295760891159088740e-02,-2.040418705869416309e-03,3.927429763924340420e-04,2.110900166472066616e-02,-9.620144065519631998e-03,1.439728067715990469e-02,-1.690694470919395023e-02,-8.575171372038323248e-03,2.427433959112982806e-02,-8.752876287745615935e-02,7.678919215057722347e-02,-1.235951955026474980e-02,-9.029452093166691340e-02,-4.238461646334178157e-02
5.494390933958084866e-02,5.916109175569788520e-02,4.202067427623009527e-02,6.320633893511715118e-02,4.616972363982828342e-02,4.146737786825897831e-02,2.214155708629338484e-02,1.129447790806242247e-01,1.056684438813517563e-01,9.593488460901079817e-02,1.523397033746931584e-01,3.016530020318551886e-01,1.000000000000000000e+00,4.177809860318030255e-01,3.307957295951621246e-01,4.869300962200938110e-01,3.297432882760083506e-01,3.064086032736721421e-01,2.387473785736407006e-01,1.574822075680595845e-01,2.444810684396243883e-01,1.316741921143075311e-01,1.043714514697763190e-01,-1.262855134508977795e-01,-4.785167031639902613e-05,-2.278916641381097952e-01,-1.686595135545403967e-01,-1.471400484128062292e-01,1.775633497329961730e-01,1.263591204944499724e-01,-1.815697047796659414e-01,-3.456909306699998408e-02,-3.017029706829314761e-02,1.019202217280458372e-01,-8.866993877097298360e-02,-1.366783764673872026e-02,1.393372710244697721e-01,5.072158723197502106e-02,1.682978798816434085e-01,1.552424522902979553e-01,9.887836005461177191e-02,1.671224885207504840e-01,5.389795521398425132e-02,-1.041189800616450778e-01,4.694228897069348955e-02,1.659000725682794330e-01,-3.297335915086438418e-02,-6.799778245673833432e-02,1.403291142758965604e-01,9.698183147738194398e-02,-1.018235445021263563e-01,-1.743754746723680422e-03,1.071305209909665795e-01,3.544189445799082738e-02,-1.332501407980320705e-02,-4.121175356450558491e-02,-6.096547328147747247e-02,-3.203052421319550758e-02,-1.339267513308728917e-02,-7.930369756897925893e-02,2.208085560451072960e-02,4.859228370793129692e-02,8.181608454625792504e-02,-2.512204496926010930e-02,-5.061383272084813562e-02,-1.583144291323440589e-02,-9.581979836224673031e-02,-1.169597004145540983e-03,-1.463021066905170753e-01,-1.440938697161421034e-01,-1.166992411824638309e-01
2.922767079519862643e-02,2.699625596931213428e-02,1.496183452775230911e-02,4.578252622707871394e-02,-7.389018349449485643e-03,-2.473175945142966348e-02,-3.471008960081449490e-02,-2.456054179258019415e-02,-2.243746124830733185e-02,-2.686123706751918083e-02,1.047270328043894971e-02,2.801281799048530030e-01,4.177809860318030255e-01,1.000000000000000000e+00,4.228550078864891648e-01,3.736648971427192767e-01,7.141814617991382175e-01,3.451224661056117027e-01,3.886302024647876330e-01,3.864051097903515863e-01,2.044329763611593964e-01,3.662003373671618989e-01,2.192990820097783788e-01,-5.742811323748543174e-03,1.169806382449809640e-01,-2.422596217982171118e-01,-3.818499001949957061e-01,-1.438997235234092953e-01,1.603008418328550067e-01,-8.325640025679661993e-02,-3.175428559576710663e-01,-1.553175010489401923e-02,-1.287746752993842447e-01,9.801779736926512221e-02,-6.703203923045870927e-02,1.416709050617702137e-01,2.027120313817326880e-01,1.057475728377972740e-01,2.691064338972962711e-01,2.019369778385668723e-01,1.912315252725543535e-01,2.645140634687838666e-01,1.395362656334193929e-01,-1.518895409998140822e-01,4.873024015912190421e-02,2.877273518322135959e-01,-1.138832030517699517e-02,-1.346167000514155165e-01,2.115438887294193993e-01,1.988632216805120145e-01,-1.350557347808639674e-01,-2.297399882549405747e-02,1.487583700192865455e-01,9.001996621614269389e-02,-1.612144130008920026e-02,-1.280673769079518076e-01,-8.250137294041492986e-02,4.291263485919701026e-02,-4.211823206757847604e-02,-6.799528272687924146e-02,1.802526995820569883e-02,1.873601899094330323e-02,9.715620234033890690e-03,-9.882661050508705081e-02,-1.178388938028777366e-01,-7.746246707417565880e-02,-1.851748297747461136e-01,-3.499967001293641505e-03,-1.338370007029346942e-01,-1.768775096075767272e-01,-1.501848897467973898e-01
3.381838196198407032e-02,3.608300863303151584e-02,5.600018526235193278e-02,7.772014251304334986e-02,2.896003194196875019e-02,1.708242856106444510e-02,-3.598307383354893557e-02,-2.363782191707856570e-02,1.633271366297505550e-02,4.917436187378570848e-03,-5.700066072310810972e-02,2.650972040000413102e-02,3.307957295951621246e-01,4.228550078864891648e-01,1.000000000000000000e+00,4.171438630634359268e-01,4.310036318331014749e-01,4.849363530662021415e-01,2.072624652945409540e-01,3.476854464963841096e-01,3.123934271108378402e-01,2.439393759780441595e-01,-1.745246464659204466e-02,-1.067679327151957042e-01,-1.206153702270343908e-01,-2.395982657748905731e-01,-3.480668524228579530e-01,2.468329885460297801e-02,3.156812947221241394e-01,-8.604421798758728201e-02,-1.636897634287408088e-01,2.246928739353116766e-01,1.093140057406471188e-01,3.192564902520371173e-01,6.344383444320517151e-02,-6.666324219586744482e-02,1.445105321467954063e-01,2.578622163463324957e-01,3.486322775741436675e-01,2.267796069455000896e-01,3.119837591681774991e-01,2.990115256915458763e-01,8.980321751700397204e-02,-3.011804847191389412e-01,3.135544819008134754e-02,3.078653186019381094e-01,-1.270546913988118698e-01,-2.476879463095693346e-01,2.357995798397324316e-01,1.640293256356439022e-01,-2.869185813039420996e-01,-1.093967483437908311e-01,3.721859722198234827e-02,-2.953402156066854689e-02,-1.408564132184960127e-01,-1.635473947205462464e-01,-1.689879739127282399e-01,-1.539126899798727022e-01,-1.379449340555207459e-01,-1.964961845158492981e-01,-8.814253483807471534e-02,-7.804527389686859162e-02,-7.121558976646706618e-02,-1.595745179571569361e-01,-1.297208239048981970e-01,4.236932806638432636e-02,-1.289147547564171159e-01,-2.122886184747937478e-03,-5.435455491406668976e-02,-1.255548253443898310e-01,-3.038978974819028442e-02
4.425228640453932050e-02,5.326138466987852260e-02,2.825005189826275409e-02,7.487271795019601051e-02,5.468355091214690405e-02,2.255476998831645180e-02,-3.509910634867251245e-02,5.866171438740857419e-02,2.583086003609801062e-02,1.092224778813112585e-02,8.203663482194609169e-02,1.400622194895303485e-01,4.869300962200938110e-01,3.736648971427192767e-01,4.171438630634359268e-01,1.000000000000000000e+00,3.627098109080244548e-01,4.660492972420223201e-01,3.650009085255703223e-01,1.774624398198204611e-01,3.894960714956413050e-01,1.131896170548258723e-01,1.351599244512329823e-01,-2.797289824766953092e-01,-5.293148656664432850e-02,-3.916053274523884631e-01,-2.118873313784501444e-01,-2.865122002142700408e-01,2.662321195404011576e-01,2.012451883151342436e-01,-2.976001997946400301e-01,-9.155209261153594846e-02,-2.738416498862283888e-02,1.783562271570273694e-01,-2.154719915537683661e-01,-7.620314662171148723e-02,2.566440639019602621e-01,2.891914247004865809e-02,2.616817136386184739e-01,1.271786482079172165e-01,7.307686008432609515e-02,2.352268416584984423e-01,5.088259843813618295e-03,-1.109451767646580378e-01,1.465998240902372241e-01,1.883061191181252536e-01,-8.816174653821635954e-02,-1.792813958967686902e-02,2.389562463015233174e-01,6.577759859223535066e-02,-1.439278446586230165e-01,7.973440772601049498e-02,1.117407384290465266e-01,8.855935100908401969e-02,-5.608682376385475121e-02,-1.900995105552667069e-02,-1.834785326755328239e-02,-1.848611760294982878e-02,6.185478116997626674e-02,-4.145263156947420063e-02,3.475975861997036842e-02,6.787040420507907401e-02,9.386775054374256466e-02,-3.779419635368021918e-02,-1.349525578712998386e-03,6.865411415045465961e-03,-1.411989848553962534e-01,-4.212363678614248347e-02,-1.475727090718379209e-01,-1.233928449355253254e-01,-1.748036026014388733e-01
3.494634092926848790e-02,3.377883246037055587e-02,2.435001712103926352e-02,4.335928611617959755e-02,-1.630833495381131884e-02,-2.927208458171159239e-02,-5.495537505708997933e-02,-3.627996589472890637e-02,-3.305655819399253015e-02,-2.422337595599368190e-02,-8.792963602419977612e-03,1.893645421389921479e-01,3.297432882760083506e-01,7.141814617991382175e-01,4.310036318331014749e-01,3.627098109080244548e-01,1.000000000000000000e+00,3.961101720848061447e-01,5.057873544731424920e-01,5.133614789407775492e-01,2.276283873727728835e-01,4.861025288185837900e-01,2.900359555087140828e-01,2.840580175281762557e-02,1.721185021342997168e-01,-2.808410890770717261e-01,-4.955438596208131541e-01,-1.620559549313480563e-01,2.055916162914697420e-01,-1.407674715851973679e-01,-4.111172080660505102e-01,-9.889021494909472354e-03,-1.477064370526169901e-01,1.009408059245462397e-01,-8.466526212295284737e-02,1.740192555688842013e-01,2.340224789849060238e-01,1.121422451886432137e-01,3.303882148749107128e-01,2.242171706611144621e-01,2.344943605465017455e-01,3.397146348209338362e-01,1.711349228230928943e-01,-1.821822786588406240e-01,7.493231890260135253e-02,3.561663027414756488e-01,-1.984047960490268464e-02,-1.539764675020784124e-01,2.708294828195039750e-01,2.396667585696140856e-01,-1.717813930695664959e-01,-2.869508159132062863e-02,1.629174808723207191e-01,8.466712579474981737e-02,-3.527844492655884956e-02,-1.775294082850917554e-01,-1.087158390847103029e-01,4.914031900371210876e-02,-4.824452293873584402e-02,-9.381091138048014422e-02,3.561792229611610017e-02,1.447470940176918963e-02,1.188348212124882772e-02,-1.103979417816667308e-01,-1.343302465396027656e-01,-9.043967724482677994e-02,-2.159875558649939076e-01,-3.787272545768826781e-03,-1.459874163134178560e-01,-2.005018706003531270e-01,-1.580758008202992893e-01
3.764677968872277847e-02,5.989102495471869403e-02,5.744073038075684506e-02,9.395998756036311184e-02,6.741294336156467004e-02,6.609761341873762741e-02,2.248555237550007441e-02,8.259060611572341393e-02,8.016875991432022286e-02,5.930785914885824961e-02,7.203919957039446598e-02,6.458849559940192664e-02,3.064086032736721421e-01,3.451224661056117027e-01,4.849363530662021415e-01,4.660492972420223201e-01,3.961101720848061447e-01,1.000000000000000000e+00,4.137869953526103206e-01,3.406249589568678959e-01,4.939955921200133160e-01,2.092112525411906898e-01,2.767904492740473274e-02,-2.968063041714461558e-01,-1.788292281186735222e-01,-4.474343314657531767e-01,-3.947244572643066052e-01,-1.463864168010192979e-01,4.481065986939173351e-01,4.293069495193770069e-02,-3.275191787610997052e-01,1.184982619372005747e-01,2.916452641327068121e-02,3.796044276682562502e-01,-8.875834974336833938e-02,-6.234461129021535986e-02,2.914385762198166696e-01,2.018002847676837463e-01,4.211906424266269600e-01,2.040145565337443678e-01,2.284828765181358134e-01,3.634126128242684550e-01,-6.131084215920201003e-02,-2.978789201218381422e-01,1.957483121793051895e-01,2.697665148901611243e-01,-2.609593010826992687e-01,-1.378464951752064183e-01,3.528820930155759927e-01,5.037433601757368429e-02,-3.237898023640458089e-01,5.199675843441117773e-02,6.445603167783940657e-02,5.642562308102931634e-02,-1.277567207904383439e-01,-1.259402438496919907e-01,-1.142639555249165134e-01,-1.018673318407157108e-01,-3.430142895711776191e-02,-1.072498902115357200e-01,-5.674101004439074253e-02,-6.448427237557710634e-02,-1.982845141094122937e-02,-1.578567499542207209e-01,-9.474516727626249024e-02,4.413931618704261539e-02,-1.599331633145309739e-01,-9.648496223281484430e-02,-1.198369364144963867e-01,-9.026469466954627208e-02,-1.318425071886941968e-01
1.853781350951485413e-02,6.733129985268339161e-03,1.657706390965800469e-02,5.261141808607870674e-02,-3.063297090596715441e-03,-1.026010491729636813e-02,-1.265847800373416654e-02,9.973508115876292789e-04,-1.445368017562640838e-03,-1.309619363323403368e-02,3.810348490367483458e-03,1.010373001425823314e-01,2.387473785736407006e-01,3.886302024647876330e-01,2.072624652945409540e-01,3.650009085255703223e-01,5.057873544731424920e-01,4.137869953526103206e-01,1.000000000000000000e+00,4.190409579625213876e-01,3.084648441261654273e-01,4.528817659973412568e-01,4.267234047589543722e-01,-1.605636296659892492e-01,1.870482229383486072e-01,-5.064427340184203263e-01,-4.731269703209307065e-01,-4.505409935342499783e-01,2.741783041819301769e-01,7.599931016599444089e-02,-6.127855407837510260e-01,-2.629089195826817549e-01,-1.770835333465425876e-01,8.883604544103775730e-03,-3.014608080612234953e-01,6.386100229303692810e-02,2.877037651417430064e-01,-1.101392541242972034e-01,3.064320884125562028e-01,1.211630055259504263e-01,6.185552387941972707e-02,3.773093878234884402e-01,1.069477010626122826e-01,-3.162981611272372429e-02,2.227258744268665880e-01,3.169553320735313817e-01,-5.852748806460560289e-03,1.179392571092214084e-02,3.300838294900021452e-01,1.877223280724578114e-01,-4.236014085603305446e-02,1.659624393647393670e-01,2.449752559895479465e-01,1.767403737136462316e-01,3.530586177280835292e-02,-6.529692690199379035e-02,-2.768384642314870164e-02,1.422843719121321404e-01,1.124838103987093607e-01,4.012366891090253518e-02,1.201947254645993335e-01,1.035464341443932540e-01,1.352686850626035053e-01,-5.546759656995813720e-02,-5.604387530961974645e-02,-1.172765589291842048e-01,-2.470290810167387885e-01,-9.945214734952061153e-02,-2.076695092482557792e-01,-2.123506439161803039e-01,-3.387119599055968822e-01
5.525375542288734482e-02,5.383821938341703389e-02,8.786668066749252215e-02,7.253495763013911857e-02,3.573794667844646528e-02,2.105229608752262269e-02,-2.073443569237351167e-02,-3.519456838903278761e-02,-3.448569211366953047e-02,-3.046023688032238521e-03,-6.459102788440225507e-02,6.192841844450677063e-02,1.574822075680595845e-01,3.864051097903515863e-01,3.476854464963841096e-01,1.774624398198204611e-01,5.133614789407775492e-01,3.406249589568678959e-01,4.190409579625213876e-01,1.000000000000000000e+00,3.138836542424470744e-01,5.262705450011155861e-01,-3.052403908407261626e-02,-9.076367284260653326e-03,-1.146544391616131919e-01,-2.522471996659922944e-01,-6.504725084461576712e-01,1.433812836544769431e-01,4.823454304346391219e-01,-3.677964001248964498e-01,-3.764890285106536338e-01,3.478853831367260119e-01,1.824771908299899215e-01,2.468580285700772980e-01,1.773562622915190456e-01,-3.572106102547621675e-02,1.294561838661145020e-02,1.714530297080660293e-01,4.335406479265135893e-01,2.257009323639591891e-01,3.467110925830325097e-01,4.279299358972090128e-01,1.375851506594530371e-01,-3.504563011104996906e-01,8.658588657166896296e-02,4.414751878838293342e-01,-1.454574502195407626e-01,-2.883877764386315601e-01,3.523200919174915846e-01,2.512258373927644395e-01,-3.325067678666452919e-01,-1.159953771951576229e-01,5.185287924849899671e-02,1.401942705881161454e-02,-1.567465984143579238e-01,-2.065006648018710700e-01,-2.222496243078634637e-01,-1.864470081157141856e-01,-1.916701175260139001e-01,-2.285239433285768118e-01,-1.711567590954551354e-01,-1.703596122989547434e-01,-1.004239968229401064e-01,-2.174080652722325813e-01,-2.671109002334398630e-01,-9.913605016493573507e-02,-1.556775823682598203e-01,-7.639795880000500861e-02,-1.079918347702775727e-01,-1.829648055919170513e-01,-8.838833775330387499e-02
1.137745559023194304e-02,3.335078450551842016e-02,5.319905773219698458e-02,5.003855379601906267e-02,7.609793626068869776e-02,1.043867121349245988e-02,-2.769380227390710533e-02,9.861552067498512153e-02,4.613465650449819627e-02,7.251911606683401901e-02,9.340112530024277659e-02,7.573955066240455059e-02,2.444810684396243883e-01,2.044329763611593964e-01,3.123934271108378402e-01,3.894960714956413050e-01,2.276283873727728835e-01,4.939955921200133160e-01,3.084648441261654273e-01,3.138836542424470744e-01,1.000000000000000000e+00,6.182848729594155740e-02,-9.843228756352110156e-03,-5.761038328817700283e-01,-2.984599867200015133e-01,-6.314491457328863522e-01,-3.019132628394324280e-01,-2.469086309642968269e-01,6.058017913037950786e-01,3.078910099616693485e-01,-3.762082134214500551e-01,7.581110860909329174e-02,5.381806934928962810e-02,1.459820513072584980e-01,-1.873579244948066908e-02,-1.068381726648175434e-01,6.156152680366755447e-02,-4.153639340691867715e-02,2.848316111776497683e-01,9.146392378701312387e-02,4.630191499678495970e-02,3.397447711050701757e-01,-9.650280969690649968e-02,-1.409938598389662012e-01,2.904929621680771845e-01,2.145598185370559963e-01,-2.057193060968814935e-01,2.467923185182033935e-02,3.891836332075121474e-01,2.123119624905779601e-02,-2.060856428456013245e-01,1.864232090476365122e-01,2.014645866237572414e-01,2.203138255489288100e-01,-3.878426470358124767e-03,4.370722596782049968e-02,3.435865293489667738e-02,-8.088509859191400642e-02,1.214868983514431622e-01,-9.572913824386944381e-02,-3.452889851120267972e-02,-5.070157060524987935e-02,-6.866076815608830597e-02,-2.523068008919041594e-01,-2.068282467987841156e-01,-2.756796821975152079e-02,-2.605454416718453459e-01,-1.746401477470006791e-01,-1.917915482941218164e-01,-1.944307336540634645e-01,-1.834741392003017002e-01
1.340639045849527193e-02,9.072452710904880049e-03,-8.414093268007574017e-05,2.088250062033100707e-02,-5.010861853606319444e-02,-3.013953018290589994e-02,-4.878928106390673786e-02,-8.064500034317163835e-02,-6.350885898325539514e-02,-6.759747151415440580e-02,-9.507151120136951572e-02,5.908458377544761192e-02,1.316741921143075311e-01,3.662003373671618989e-01,2.439393759780441595e-01,1.131896170548258723e-01,4.861025288185837900e-01,2.092112525411906898e-01,4.528817659973412568e-01,5.262705450011155861e-01,6.182848729594155740e-02,1.000000000000000000e+00,4.318845062158416237e-01,3.600344665770733865e-01,3.986465748755348426e-01,-1.571918977920976901e-01,-7.001819069879527957e-01,-1.103508820090346454e-01,1.238422360858908999e-01,-3.628245057069275914e-01,-4.771332120491426632e-01,2.274435496125771367e-02,-2.331145469628914321e-02,7.044245606416528471e-02,-2.089401714984280220e-02,8.951215562694235517e-02,1.308822464120083795e-01,1.079075207685893933e-01,3.658953915071591623e-01,2.841680978537181046e-01,2.812270038370214276e-01,3.866484810674282180e-01,3.496904762662543797e-01,-1.504629952044929664e-01,-9.717768415872287888e-03,4.746089557037637130e-01,1.285708388803383506e-01,-2.150680167694930811e-01,2.544289584886529343e-01,3.895209179233954377e-01,-9.726851309049419636e-02,-9.203217172711816718e-02,1.488837263966387159e-01,1.199947580514623517e-02,-5.587085730256003552e-02,-2.425199009963500407e-01,-2.535641046162375178e-01,-1.648815953941387344e-02,-1.599909997054342337e-01,-1.343949454008356303e-01,-1.369892059713516061e-02,-3.656864934602566813e-02,2.297441296274946657e-02,-1.014099684735367685e-01,-2.026329884116627733e-01,-1.706040442538477031e-01,-1.806324217708696611e-01,1.311588414916272372e-01,-5.202590801065925391e-02,-1.600078036535620141e-01,-1.059347002611088495e-01
