1.000000000000000000e+00,5.110658415845452662e-01,4.738253646534984487e-01,5.854776923391924459e-01,3.589228911074522910e-01,4.256219001325454165e-01,2.887309334707588993e-01,2.401355368082070951e-01,2.958214567731441424e-01,1.988140619623789684e-01,2.055113922251337044e-01,2.645564065009583521e-01,1.735513737960305836e-01,1.939260943837679829e-01,2.097739436261665813e-01,1.333976153485919303e-01,1.530975242082426580e-01,1.477254302027488919e-01,1.468792404955259479e-01,1.488344845018611251e-01,1.519673691111927127e-01,1.308240277040097488e-01,1.614715929647401182e-01,1.234330643372863884e-01,8.356809418405980461e-02,8.743897519867370460e-02,1.196072708668793338e-01,9.909383853918482532e-02,3.844048178588497372e-02,4.842244599237461450e-02,3.852443629737979658e-02,3.431923044469146339e-02,4.055997708270209917e-02,3.371172430536327480e-02
5.110658415845452662e-01,1.000000000000000000e+00,5.400780788562236090e-01,6.825579285488629910e-01,5.839748378769971104e-01,3.616765387190104541e-01,3.131098493263053673e-01,2.663331244767244144e-01,3.195238223782373432e-01,1.950387372154692989e-01,2.412217612083052409e-01,2.635842045479305229e-01,1.789791813486119043e-01,2.464592828713283723e-01,2.272228467831485799e-01,1.544748274734676075e-01,1.894178406342392484e-01,1.646306216179042048e-01,1.518762976351086813e-01,1.847139170420194487e-01,1.637909048669342338e-01,1.306026547440705121e-01,1.915838989219963429e-01,1.087409703132185268e-01,6.401283600973295407e-02,4.848884651081000752e-02,1.158021101785419865e-01,7.694909493292625968e-02,5.832814079104245431e-02,6.568932355719024618e-02,5.432013006829802121e-02,6.497874139745918320e-02,6.966264417174446166e-02,4.353544204045467492e-02
4.738253646534984487e-01,5.400780788562236090e-01,1.000000000000000000e+00,5.618097971971718341e-01,6.457417326071330788e-01,4.714559682341504243e-01,3.813806122158307499e-01,3.466039369912099488e-01,3.807398533412662545e-01,2.374852740681409613e-01,2.744702649985322762e-01,3.184291677738357307e-01,2.199787147163795309e-01,2.788632172435697165e-01,2.506003813917489498e-01,1.805994911033534100e-01,2.063678779684611775e-01,1.959294004380481014e-01,1.851922603174890047e-01,1.950614774694137132e-01,1.828793844672766677e-01,1.607177892158656585e-01,2.004879524757175735e-01,1.131980475629335431e-01,5.321050060950838906e-02,6.426786806448739342e-02,1.196384145882840033e-01,9.639665940631030050e-02,4.426167543621849915e-02,6.578268310948058584e-02,3.405086816163656327e-02,3.706647515636322249e-02,4.844225245834427734e-02,2.104681959946765046e-02
5.854776923391924459e-01,6.825579285488629910e-01,5.618097971971718341e-01,1.000000000000000000e+00,5.398991305681525299e-01,6.002630953626538757e-01,4.504822000130546122e-01,3.198907787035026873e-01,4.267168242902483200e-01,2.630441774196997096e-01,2.735367348045840141e-01,3.398675704874606907e-01,2.127851601548033100e-01,2.624465315242773822e-01,2.636810635794841762e-01,1.735844501036124810e-01,2.100155639290383347e-01,1.863538263989734378e-01,1.761068779716834232e-01,1.935062230248816295e-01,1.805681076597965007e-01,1.458954845524274013e-01,1.978186386530048635e-01,1.237381882781030812e-01,7.506689890781573227e-02,6.738359017957354369e-02,1.271664926378760774e-01,9.620957852890156536e-02,4.518840585596646531e-02,5.870179055106376081e-02,2.502141556194839925e-02,4.274559542649218613e-02,3.962818407588299813e-02,3.667350632744621058e-02
3.589228911074522910e-01,5.839748378769971104e-01,6.457417326071330788e-01,5.398991305681525299e-01,1.000000000000000000e+00,3.685301642260716548e-01,4.056683333537125513e-01,3.640528212846450562e-01,3.761526082098112234e-01,2.466105042548554505e-01,2.599809081756762619e-01,2.981996444412308711e-01,2.289383654970897353e-01,2.655139820265754458e-01,2.147118928576516594e-01,1.864850042683635634e-01,2.051319270649181736e-01,1.755379059961602872e-01,1.870946391509160089e-01,1.941614541500580604e-01,1.681127165653699407e-01,1.724546886210227004e-01,2.017976356284624240e-01,9.605596339293025199e-02,5.985996304827919529e-02,5.042273181570432194e-02,1.297478804662609841e-01,8.615428502226163410e-02,5.435498074779058358e-02,5.624662975002438919e-02,4.546171050636862998e-02,3.752398432256854460e-02,5.444881582359571009e-02,3.312797210983821350e-02
4.256219001325454165e-01,3.616765387190104541e-01,4.714559682341504243e-01,6.002630953626538757e-01,3.685301642260716548e-01,1.000000000000000000e+00,4.724689989045599003e-01,4.671440211404405130e-01,4.766804488797979356e-01,3.120122872319364138e-01,3.322413248232881089e-01,3.727788277624397573e-01,2.429811142626008558e-01,3.148248046979089110e-01,2.788180144495396307e-01,2.170188466729585375e-01,2.631937492088063935e-01,1.915937441569741662e-01,2.293120280658937360e-01,2.174608409398320619e-01,1.696951681075197227e-01,1.913616924682360609e-01,2.073267978754609331e-01,1.112981155132525962e-01,5.616675226973273649e-02,7.984723484449002262e-02,1.077891867105607304e-01,8.907956442459760704e-02,2.809436259146482623e-02,4.498146374689224875e-02,-1.863337141298127345e-02,8.298220317139535368e-03,7.815460913937163565e-03,9.553800749804842660e-03
2.887309334707588993e-01,3.131098493263053673e-01,3.813806122158307499e-01,4.504822000130546122e-01,4.056683333537125513e-01,4.724689989045599003e-01,1.000000000000000000e+00,5.489110856303831554e-01,6.950948418541142981e-01,5.177496145769860947e-01,4.001132664247083470e-01,5.239837388620304237e-01,3.871319898185137665e-01,3.686927403769619249e-01,3.703673236379056988e-01,3.033825908631607171e-01,3.006999945261619733e-01,2.638554588002204881e-01,2.968637228204048517e-01,2.540870582771572184e-01,2.377752628513229993e-01,2.537825012411705217e-01,2.422321927953284826e-01,1.569595910244737935e-01,9.694972723142904203e-02,8.216446555207797264e-02,1.376057112649003156e-01,1.076631984671694992e-01,7.999461511833327876e-02,3.377057557524401621e-02,1.513235773351051354e-02,1.768238134459931138e-02,-2.956813692433894487e-03,2.618964101746143122e-02
2.401355368082070951e-01,2.663331244767244144e-01,3.466039369912099488e-01,3.198907787035026873e-01,3.640528212846450562e-01,4.671440211404405130e-01,5.489110856303831554e-01,1.000000000000000000e+00,4.973102617732250152e-01,4.057577129977625319e-01,5.112690330099737279e-01,4.188809456557280320e-01,4.033743187369835947e-01,4.985970418272979710e-01,2.891017055085446374e-01,3.326496878192647388e-01,3.461415502668818145e-01,2.366617906003335159e-01,3.329699438811393741e-01,3.047232512442285546e-01,2.217766296376463553e-01,2.828944497825926496e-01,2.746714222979511066e-01,1.347856292451679594e-01,6.880060221053709013e-02,7.505633613877234211e-02,1.304892245973512388e-01,1.011485417127668957e-01,8.006153182889416686e-02,1.433390977119509448e-02,-1.659473661428774449e-03,5.431976036567677524e-03,4.158303386528850072e-03,2.124538268968662741e-02
2.958214567731441424e-01,3.195238223782373432e-01,3.807398533412662545e-01,4.267168242902483200e-01,3.761526082098112234e-01,4.766804488797979356e-01,6.950948418541142981e-01,4.973102617732250152e-01,1.000000000000000000e+00,4.969947339333588565e-01,5.502195568658141411e-01,6.830061407901303339e-01,2.865537683428507898e-01,4.355813146051534246e-01,4.502507749660198955e-01,1.944537344801581247e-01,3.161021990623711364e-01,2.747826925064461578e-01,2.110417756103731002e-01,2.635067616440177618e-01,2.463942998748780422e-01,1.802732763151302375e-01,2.562676279325942219e-01,1.505591141176717551e-01,7.025877043400505229e-02,7.743814218092859303e-02,1.250237656828185329e-01,1.132928817074909666e-01,6.538986428466200818e-02,8.301798991578406006e-02,3.179821842339521087e-02,5.703433802179194712e-02,1.782872475672025656e-02,3.149243187501529068e-02
1.988140619623789684e-01,1.950387372154692989e-01,2.374852740681409613e-01,2.630441774196997096e-01,2.466105042548554505e-01,3.120122872319364138e-01,5.177496145769860947e-01,4.057577129977625319e-01,4.969947339333588565e-01,1.000000000000000000e+00,4.597349204067167627e-01,4.560995646989108865e-01,4.473212377599621870e-01,3.298197743280401606e-01,3.237207766949359855e-01,3.091075910393798476e-01,2.137362191113071908e-01,1.959513954224144094e-01,3.050877139320276044e-01,1.922070505837807086e-01,2.017281575223487666e-01,2.802343052309778648e-01,2.048055241686770056e-01,1.699528343135397745e-01,1.080817635050467240e-01,7.302537051478079355e-02,1.535247773197681576e-01,1.255763149972913550e-01,8.572902597344196629e-02,6.348976097608755031e-02,2.529037808355188988e-02,4.175650440729415658e-02,3.900028289576584761e-02,4.187980926468252985e-02
2.055113922251337044e-01,2.412217612083052409e-01,2.744702649985322762e-01,2.735367348045840141e-01,2.599809081756762619e-01,3.322413248232881089e-01,4.001132664247083470e-01,5.112690330099737279e-01,5.502195568658141411e-01,4.597349204067167627e-01,1.000000000000000000e+00,4.763369750792186830e-01,3.967856639476046721e-01,6.095852062672653116e-01,3.381445462849863026e-01,2.655488802502392054e-01,4.702339551700557840e-01,2.025843484868565247e-01,2.669374225867363060e-01,3.736623751071400101e-01,1.960334172456447976e-01,2.310324356574822435e-01,3.296762778777808101e-01,9.191808718919963761e-02,1.790624204679514692e-02,2.720080672953762574e-02,8.867284502668944246e-02,5.833643207102083561e-02,5.278194295219413440e-02,4.744662586655872677e-02,1.043604233009663880e-02,1.871513795556233387e-02,7.388998156450918113e-03,5.106368789652324450e-03
2.645564065009583521e-01,2.635842045479305229e-01,3.184291677738357307e-01,3.398675704874606907e-01,2.981996444412308711e-01,3.727788277624397573e-01,5.239837388620304237e-01,4.188809456557280320e-01,6.830061407901303339e-01,4.560995646989108865e-01,4.763369750792186830e-01,1.000000000000000000e+00,4.998771254275763409e-01,5.137582787679341179e-01,6.730033947706867137e-01,3.388006337021585712e-01,3.172382715768778394e-01,4.169122319586577863e-01,3.479694791470567816e-01,2.785231667096078612e-01,3.628831767007517639e-01,3.118396477244955167e-01,2.915266904834610262e-01,2.796536222126035920e-01,1.195689444403418428e-01,1.476579606589254468e-01,1.974561340000190734e-01,1.755438504016755830e-01,1.179134578436795283e-01,1.144488460524625550e-01,5.197725020803559831e-02,1.044864429238929748e-01,2.981149964873111569e-02,6.514978489773746995e-02
1.735513737960305836e-01,1.789791813486119043e-01,2.199787147163795309e-01,2.127851601548033100e-01,2.289383654970897353e-01,2.429811142626008558e-01,3.871319898185137665e-01,4.033743187369835947e-01,2.865537683428507898e-01,4.473212377599621870e-01,3.967856639476046721e-01,4.998771254275763409e-01,1.000000000000000000e+00,5.136920523865350363e-01,4.469363863411698334e-01,7.399327174218608416e-01,4.107723583506239784e-01,3.251318859077750867e-01,6.368295063203271988e-01,3.561203399825766946e-01,3.180877092691414831e-01,5.297184681883017054e-01,3.283443448275297216e-01,2.574332823837665596e-01,6.552778369706536987e-02,1.088957949762312666e-01,1.954824362453551900e-01,1.118290172353307715e-01,1.353944731161302317e-01,6.181556897580068460e-02,4.233822453674464942e-02,5.188670564821251663e-02,4.382478785720907155e-02,4.210420269451786018e-02
1.939260943837679829e-01,2.464592828713283723e-01,2.788632172435697165e-01,2.624465315242773822e-01,2.655139820265754458e-01,3.148248046979089110e-01,3.686927403769619249e-01,4.985970418272979710e-01,4.355813146051534246e-01,3.298197743280401606e-01,6.095852062672653116e-01,5.137582787679341179e-01,5.136920523865350363e-01,1.000000000000000000e+00,4.852447389689487633e-01,4.537325352785887556e-01,5.680445853092953579e-01,3.270883202468701234e-01,4.326104164049623391e-01,4.799425363834022296e-01,3.352001924999037374e-01,3.600015775416470221e-01,4.165117127222702220e-01,2.172239324908854519e-01,6.218709165638099112e-02,1.155653656897844411e-01,1.886164980023671833e-01,1.310044951150108883e-01,1.114398486714510417e-01,8.093032457689844361e-02,4.423408872524835916e-02,6.932434137039850119e-02,3.641608258022796529e-02,4.924886241843625528e-02
2.097739436261665813e-01,2.272228467831485799e-01,2.506003813917489498e-01,2.636810635794841762e-01,2.147118928576516594e-01,2.788180144495396307e-01,3.703673236379056988e-01,2.891017055085446374e-01,4.502507749660198955e-01,3.237207766949359855e-01,3.381445462849863026e-01,6.730033947706867137e-01,4.469363863411698334e-01,4.852447389689487633e-01,1.000000000000000000e+00,4.621974584798019259e-01,4.205288155905466674e-01,5.767259167722941227e-01,4.310673492388413797e-01,3.482804978457033629e-01,4.905650312938046320e-01,3.706638291482762804e-01,3.519967025285830609e-01,3.657318455543033253e-01,1.645172111813113791e-01,1.733312542002261869e-01,2.453914216237438606e-01,2.066611115685969557e-01,1.462316340353575217e-01,1.081543576782479088e-01,6.033941959021463936e-02,1.018465960067105047e-01,4.369000539254321719e-02,4.817957483766868720e-02
1.333976153485919303e-01,1.544748274734676075e-01,1.805994911033534100e-01,1.735844501036124810e-01,1.864850042683635634e-01,2.170188466729585375e-01,3.033825908631607171e-01,3.326496878192647388e-01,1.944537344801581247e-01,3.091075910393798476e-01,2.655488802502392054e-01,3.388006337021585712e-01,7.399327174218608416e-01,4.537325352785887556e-01,4.621974584798019259e-01,1.000000000000000000e+00,5.214203939909772823e-01,4.267846765644872642e-01,8.169615509692310651e-01,4.491321603767062243e-01,4.071685674629150764e-01,6.569338100234675126e-01,4.042082865146903181e-01,3.295890953688250802e-01,9.972808925939100066e-02,1.402882088803166227e-01,2.301557622214234211e-01,1.277673616802436629e-01,1.381976321017127918e-01,4.793993106799453868e-02,2.367690938452943553e-02,4.895616230402117380e-02,5.302322203030550990e-02,3.299054964349334984e-02
1.530975242082426580e-01,1.894178406342392484e-01,2.063678779684611775e-01,2.100155639290383347e-01,2.051319270649181736e-01,2.631937492088063935e-01,3.006999945261619733e-01,3.461415502668818145e-01,3.161021990623711364e-01,2.137362191113071908e-01,4.702339551700557840e-01,3.172382715768778394e-01,4.107723583506239784e-01,5.680445853092953579e-01,4.205288155905466674e-01,5.214203939909772823e-01,1.000000000000000000e+00,5.074656154553877085e-01,5.102310738668689449e-01,7.983894030043826584e-01,4.441990811046878651e-01,4.073141557874918051e-01,6.471828970914571544e-01,1.945188624116656884e-01,-2.334302892486293107e-02,3.423511658380835876e-02,1.488255230026569731e-01,3.362987959013932771e-02,1.035108270474603409e-01,5.047643695928014790e-02,1.708689397623786715e-02,3.012712259330957432e-02,2.395412165052477824e-02,3.756477275689426402e-03
1.477254302027488919e-01,1.646306216179042048e-01,1.959294004380481014e-01,1.863538263989734378e-01,1.755379059961602872e-01,1.915937441569741662e-01,2.638554588002204881e-01,2.366617906003335159e-01,2.747826925064461578e-01,1.959513954224144094e-01,2.025843484868565247e-01,4.169122319586577863e-01,3.251318859077750867e-01,3.270883202468701234e-01,5.767259167722941227e-01,4.267846765644872642e-01,5.074656154553877085e-01,1.000000000000000000e+00,5.137213783928055166e-01,4.405893782693031113e-01,7.841054858640837955e-01,4.388978443558547160e-01,4.359488098139571721e-01,5.819338748729304678e-01,2.845526510153707500e-01,2.317894113860537730e-01,3.888807414821875419e-01,2.180291057261669052e-01,2.103616963020283059e-01,8.783473955384207832e-02,4.869161144094852345e-02,1.224834359877035039e-01,5.853963894820906483e-02,6.281152474238073380e-02
1.468792404955259479e-01,1.518762976351086813e-01,1.851922603174890047e-01,1.761068779716834232e-01,1.870946391509160089e-01,2.293120280658937360e-01,2.968637228204048517e-01,3.329699438811393741e-01,2.110417756103731002e-01,3.050877139320276044e-01,2.669374225867363060e-01,3.479694791470567816e-01,6.368295063203271988e-01,4.326104164049623391e-01,4.310673492388413797e-01,8.169615509692310651e-01,5.102310738668689449e-01,5.137213783928055166e-01,1.000000000000000000e+00,5.238720085372612356e-01,5.097908676107395509e-01,7.967609642236588297e-01,4.637223697543854661e-01,4.025984099117216330e-01,1.110051421689789292e-01,1.828530320153864686e-01,2.750474102894103212e-01,1.669063691874783095e-01,1.626046376094371915e-01,6.421386942346357651e-02,3.853863035537440779e-02,7.147134699195881180e-02,7.461940609070212560e-02,5.506484985042787994e-02
1.488344845018611251e-01,1.847139170420194487e-01,1.950614774694137132e-01,1.935062230248816295e-01,1.941614541500580604e-01,2.174608409398320619e-01,2.540870582771572184e-01,3.047232512442285546e-01,2.635067616440177618e-01,1.922070505837807086e-01,3.736623751071400101e-01,2.785231667096078612e-01,3.561203399825766946e-01,4.799425363834022296e-01,3.482804978457033629e-01,4.491321603767062243e-01,7.983894030043826584e-01,4.405893782693031113e-01,5.238720085372612356e-01,1.000000000000000000e+00,5.123143596799721866e-01,4.234066090076811228e-01,7.863282380184799525e-01,1.855532935948329132e-01,-5.396888210829354354e-02,2.531807763439201248e-02,1.536227769070024896e-01,5.133495490220814361e-02,1.267873549062066285e-01,6.668345946088125031e-02,4.789685658942991614e-02,5.819452140098520243e-02,4.763064622036004142e-02,3.030772510936329336e-02
1.519673691111927127e-01,1.637909048669342338e-01,1.828793844672766677e-01,1.805681076597965007e-01,1.681127165653699407e-01,1.696951681075197227e-01,2.377752628513229993e-01,2.217766296376463553e-01,2.463942998748780422e-01,2.017281575223487666e-01,1.960334172456447976e-01,3.628831767007517639e-01,3.180877092691414831e-01,3.352001924999037374e-01,4.905650312938046320e-01,4.071685674629150764e-01,4.441990811046878651e-01,7.841054858640837955e-01,5.097908676107395509e-01,5.123143596799721866e-01,1.000000000000000000e+00,5.205538984539264113e-01,5.269458018167083591e-01,7.364916661844813639e-01,3.291036328284305812e-01,3.099417660536024632e-01,4.927158512844975746e-01,2.785116242283116050e-01,2.794432700398511438e-01,1.374242319387361522e-01,1.084016558662776603e-01,1.740669517927045939e-01,9.994437151838407585e-02,1.039909049737322011e-01
1.308240277040097488e-01,1.306026547440705121e-01,1.607177892158656585e-01,1.458954845524274013e-01,1.724546886210227004e-01,1.913616924682360609e-01,2.537825012411705217e-01,2.828944497825926496e-01,1.802732763151302375e-01,2.802343052309778648e-01,2.310324356574822435e-01,3.118396477244955167e-01,5.297184681883017054e-01,3.600015775416470221e-01,3.706638291482762804e-01,6.569338100234675126e-01,4.073141557874918051e-01,4.388978443558547160e-01,7.967609642236588297e-01,4.234066090076811228e-01,5.205538984539264113e-01,1.000000000000000000e+00,5.190066501181825886e-01,4.512175084905327149e-01,1.332487078398096603e-01,1.958504493232512689e-01,3.002177375840265339e-01,1.600711385450963864e-01,1.700608815915530536e-01,5.851207954200733641e-02,3.824018169853968252e-02,7.924209000715085049e-02,5.711884517329809258e-02,6.264630827657802215e-02
1.614715929647401182e-01,1.915838989219963429e-01,2.004879524757175735e-01,1.978186386530048635e-01,2.017976356284624240e-01,2.073267978754609331e-01,2.422321927953284826e-01,2.746714222979511066e-01,2.562676279325942219e-01,2.048055241686770056e-01,3.296762778777808101e-01,2.915266904834610262e-01,3.283443448275297216e-01,4.165117127222702220e-01,3.519967025285830609e-01,4.042082865146903181e-01,6.471828970914571544e-01,4.359488098139571721e-01,4.637223697543854661e-01,7.863282380184799525e-01,5.269458018167083591e-01,5.190066501181825886e-01,1.000000000000000000e+00,2.559173426384291905e-01,3.257834145527573055e-02,6.170715761182651166e-02,2.286494341305859990e-01,1.075563733255597149e-01,1.437336557775343027e-01,7.545981568133378059e-02,4.180248799395162168e-02,7.797584720573159933e-02,4.197178642126815629e-02,3.411961969936820604e-02
1.234330643372863884e-01,1.087409703132185268e-01,1.131980475629335431e-01,1.237381882781030812e-01,9.605596339293025199e-02,1.112981155132525962e-01,1.569595910244737935e-01,1.347856292451679594e-01,1.505591141176717551e-01,1.699528343135397745e-01,9.191808718919963761e-02,2.796536222126035920e-01,2.574332823837665596e-01,2.172239324908854519e-01,3.657318455543033253e-01,3.295890953688250802e-01,1.945188624116656884e-01,5.819338748729304678e-01,4.025984099117216330e-01,1.855532935948329132e-01,7.364916661844813639e-01,4.512175084905327149e-01,2.559173426384291905e-01,1.000000000000000000e+00,5.317525077876238404e-01,5.642406478001499304e-01,5.872003470920059698e-01,4.114436226816620135e-01,3.317466001183231872e-01,1.687537059908904569e-01,1.219159606665739110e-01,2.141439933218272640e-01,1.099601746780521083e-01,1.355155068485039138e-01
8.356809418405980461e-02,6.401283600973295407e-02,5.321050060950838906e-02,7.506689890781573227e-02,5.985996304827919529e-02,5.616675226973273649e-02,9.694972723142904203e-02,6.880060221053709013e-02,7.025877043400505229e-02,1.080817635050467240e-01,1.790624204679514692e-02,1.195689444403418428e-01,6.552778369706536987e-02,6.218709165638099112e-02,1.645172111813113791e-01,9.972808925939100066e-02,-2.334302892486293107e-02,2.845526510153707500e-01,1.110051421689789292e-01,-5.396888210829354354e-02,3.291036328284305812e-01,1.332487078398096603e-01,3.257834145527573055e-02,5.317525077876238404e-01,1.000000000000000000e+00,5.181134287897438684e-01,5.116941542448820712e-01,4.690356147201168446e-01,1.626535047850356797e-01,5.065393731758559281e-02,3.622818460966086007e-02,7.519881101896336295e-02,1.619925139084198856e-02,5.956942158063623788e-02
8.743897519867370460e-02,4.848884651081000752e-02,6.426786806448739342e-02,6.738359017957354369e-02,5.042273181570432194e-02,7.984723484449002262e-02,8.216446555207797264e-02,7.505633613877234211e-02,7.743814218092859303e-02,7.302537051478079355e-02,2.720080672953762574e-02,1.476579606589254468e-01,1.088957949762312666e-01,1.155653656897844411e-01,1.733312542002261869e-01,1.402882088803166227e-01,3.423511658380835876e-02,2.317894113860537730e-01,1.828530320153864686e-01,2.531807763439201248e-02,3.099417660536024632e-01,1.958504493232512689e-01,6.170715761182651166e-02,5.642406478001499304e-01,5.181134287897438684e-01,1.000000000000000000e+00,4.799309694140978522e-01,5.812163467688107321e-01,2.702345803960095605e-01,2.620779357810444354e-01,1.520621975602086395e-01,2.459679772048690705e-01,1.336289519545706406e-01,1.392121333446824927e-01
1.196072708668793338e-01,1.158021101785419865e-01,1.196384145882840033e-01,1.271664926378760774e-01,1.297478804662609841e-01,1.077891867105607304e-01,1.376057112649003156e-01,1.304892245973512388e-01,1.250237656828185329e-01,1.535247773197681576e-01,8.867284502668944246e-02,1.974561340000190734e-01,1.954824362453551900e-01,1.886164980023671833e-01,2.453914216237438606e-01,2.301557622214234211e-01,1.488255230026569731e-01,3.888807414821875419e-01,2.750474102894103212e-01,1.536227769070024896e-01,4.927158512844975746e-01,3.002177375840265339e-01,2.286494341305859990e-01,5.872003470920059698e-01,5.116941542448820712e-01,4.799309694140978522e-01,1.000000000000000000e+00,5.669269807298525921e-01,5.626963178800304943e-01,3.461399478211975578e-01,2.288033598865394924e-01,3.510365748110585438e-01,2.142495769362028069e-01,2.161219525536337005e-01
9.909383853918482532e-02,7.694909493292625968e-02,9.639665940631030050e-02,9.620957852890156536e-02,8.615428502226163410e-02,8.907956442459760704e-02,1.076631984671694992e-01,1.011485417127668957e-01,1.132928817074909666e-01,1.255763149972913550e-01,5.833643207102083561e-02,1.755438504016755830e-01,1.118290172353307715e-01,1.310044951150108883e-01,2.066611115685969557e-01,1.277673616802436629e-01,3.362987959013932771e-02,2.180291057261669052e-01,1.669063691874783095e-01,5.133495490220814361e-02,2.785116242283116050e-01,1.600711385450963864e-01,1.075563733255597149e-01,4.114436226816620135e-01,4.690356147201168446e-01,5.812163467688107321e-01,5.669269807298525921e-01,1.000000000000000000e+00,3.198254803076344688e-01,3.405268498939504340e-01,2.104010738608608766e-01,2.903378698291247950e-01,1.870682989033679300e-01,1.670190944076767325e-01
3.844048178588497372e-02,5.832814079104245431e-02,4.426167543621849915e-02,4.518840585596646531e-02,5.435498074779058358e-02,2.809436259146482623e-02,7.999461511833327876e-02,8.006153182889416686e-02,6.538986428466200818e-02,8.572902597344196629e-02,5.278194295219413440e-02,1.179134578436795283e-01,1.353944731161302317e-01,1.114398486714510417e-01,1.462316340353575217e-01,1.381976321017127918e-01,1.035108270474603409e-01,2.103616963020283059e-01,1.626046376094371915e-01,1.267873549062066285e-01,2.794432700398511438e-01,1.700608815915530536e-01,1.437336557775343027e-01,3.317466001183231872e-01,1.626535047850356797e-01,2.702345803960095605e-01,5.626963178800304943e-01,3.198254803076344688e-01,1.000000000000000000e+00,5.242491642589715006e-01,5.276727542991048736e-01,5.892915731920925770e-01,3.966633947392589898e-01,4.057827449615933890e-01
4.842244599237461450e-02,6.568932355719024618e-02,6.578268310948058584e-02,5.870179055106376081e-02,5.624662975002438919e-02,4.498146374689224875e-02,3.377057557524401621e-02,1.433390977119509448e-02,8.301798991578406006e-02,6.348976097608755031e-02,4.744662586655872677e-02,1.144488460524625550e-01,6.181556897580068460e-02,8.093032457689844361e-02,1.081543576782479088e-01,4.793993106799453868e-02,5.047643695928014790e-02,8.783473955384207832e-02,6.421386942346357651e-02,6.668345946088125031e-02,1.374242319387361522e-01,5.851207954200733641e-02,7.545981568133378059e-02,1.687537059908904569e-01,5.065393731758559281e-02,2.620779357810444354e-01,3.461399478211975578e-01,3.405268498939504340e-01,5.242491642589715006e-01,1.000000000000000000e+00,5.562981600531144988e-01,6.461265070526968080e-01,5.407166328543177025e-01,3.478840801032459518e-01
3.852443629737979658e-02,5.432013006829802121e-02,3.405086816163656327e-02,2.502141556194839925e-02,4.546171050636862998e-02,-1.863337141298127345e-02,1.513235773351051354e-02,-1.659473661428774449e-03,3.179821842339521087e-02,2.529037808355188988e-02,1.043604233009663880e-02,5.197725020803559831e-02,4.233822453674464942e-02,4.423408872524835916e-02,6.033941959021463936e-02,2.367690938452943553e-02,1.708689397623786715e-02,4.869161144094852345e-02,3.853863035537440779e-02,4.789685658942991614e-02,1.084016558662776603e-01,3.824018169853968252e-02,4.180248799395162168e-02,1.219159606665739110e-01,3.622818460966086007e-02,1.520621975602086395e-01,2.288033598865394924e-01,2.104010738608608766e-01,5.276727542991048736e-01,5.562981600531144988e-01,1.000000000000000000e+00,5.354558593233157415e-01,5.324054387119615539e-01,4.597465175216239874e-01
3.431923044469146339e-02,6.497874139745918320e-02,3.706647515636322249e-02,4.274559542649218613e-02,3.752398432256854460e-02,8.298220317139535368e-03,1.768238134459931138e-02,5.431976036567677524e-03,5.703433802179194712e-02,4.175650440729415658e-02,1.871513795556233387e-02,1.044864429238929748e-01,5.188670564821251663e-02,6.932434137039850119e-02,1.018465960067105047e-01,4.895616230402117380e-02,3.012712259330957432e-02,1.224834359877035039e-01,7.147134699195881180e-02,5.819452140098520243e-02,1.740669517927045939e-01,7.924209000715085049e-02,7.797584720573159933e-02,2.141439933218272640e-01,7.519881101896336295e-02,2.459679772048690705e-01,3.510365748110585438e-01,2.903378698291247950e-01,5.892915731920925770e-01,6.461265070526968080e-01,5.354558593233157415e-01,1.000000000000000000e+00,5.164236398492410007e-01,5.898803095016215137e-01
4.055997708270209917e-02,6.966264417174446166e-02,4.844225245834427734e-02,3.962818407588299813e-02,5.444881582359571009e-02,7.815460913937163565e-03,-2.956813692433894487e-03,4.158303386528850072e-03,1.782872475672025656e-02,3.900028289576584761e-02,7.388998156450918113e-03,2.981149964873111569e-02,4.382478785720907155e-02,3.641608258022796529e-02,4.369000539254321719e-02,5.302322203030550990e-02,2.395412165052477824e-02,5.853963894820906483e-02,7.461940609070212560e-02,4.763064622036004142e-02,9.994437151838407585e-02,5.711884517329809258e-02,4.197178642126815629e-02,1.099601746780521083e-01,1.619925139084198856e-02,1.336289519545706406e-01,2.142495769362028069e-01,1.870682989033679300e-01,3.966633947392589898e-01,5.407166328543177025e-01,5.324054387119615539e-01,5.164236398492410007e-01,1.000000000000000000e+00,4.696480286478588173e-01
3.371172430536327480e-02,4.353544204045467492e-02,2.104681959946765046e-02,3.667350632744621058e-02,3.312797210983821350e-02,9.553800749804842660e-03,2.618964101746143122e-02,2.124538268968662741e-02,3.149243187501529068e-02,4.187980926468252985e-02,5.106368789652324450e-03,6.514978489773746995e-02,4.210420269451786018e-02,4.924886241843625528e-02,4.817957483766868720e-02,3.299054964349334984e-02,3.756477275689426402e-03,6.281152474238073380e-02,5.506484985042787994e-02,3.030772510936329336e-02,1.039909049737322011e-01,6.264630827657802215e-02,3.411961969936820604e-02,1.355155068485039138e-01,5.956942158063623788e-02,1.392121333446824927e-01,2.161219525536337005e-01,1.670190944076767325e-01,4.057827449615933890e-01,3.478840801032459518e-01,4.597465175216239874e-01,5.898803095016215137e-01,4.696480286478588173e-01,1.000000000000000000e+00
