1.000000000000000000e+00,4.118673765115593577e-01,5.986828121635049405e-01,-2.100300988728269758e-01,-2.224608844485192749e-01,5.478218010107982483e-01,2.348794847438752664e-01,-4.154188583034586491e-01,4.521431818062812691e-02,5.850402739458038237e-01,-5.740947462612460556e-02,-4.088510655078221867e-01,3.635928127743390803e-01,4.385391861911288047e-01,-2.682262474136239971e-01,4.772564216461119835e-02,-2.250735301552256595e-01,4.227002143815811741e-01,2.019814949481792826e-02,7.672427306332284258e-02,-5.038895953410652551e-01,-2.566126256280695239e-01,1.743263634430580467e-01,-1.828025892626911342e-01,-4.969963443153573301e-01,9.669714254828890021e-02,-3.296385592506599349e-01,-1.080113732060765108e-01,5.220331904041918686e-02,4.397243145576695822e-01,2.830548555352744786e-02,5.169612304431503436e-01,1.904067967606950795e-01,4.484180062899668084e-01,2.131747219722762987e-01,1.089021146528343920e-01,3.831406424513450482e-01,2.646861035783512270e-02,4.522035925121838940e-01,-3.055067426228278982e-01,2.473621312227171631e-01,-3.187955774763935324e-01,9.657474007526055393e-02,-2.395132067827984435e-01,-2.480148232761700544e-01,-2.908753706993156274e-01,-4.638847696006885846e-01,-4.096659640289693205e-01,-4.071186930673957316e-01,-4.427344692978941315e-02,-3.671653416988965857e-01,3.702902515915270643e-01,5.195264633455555225e-01,5.320478943135636962e-01,8.469927632883607338e-02,-4.080173700436626749e-01,1.649844478443789342e-01,5.227134635516641481e-01,-2.486466738649458219e-01,-2.956828613134376837e-01,4.933702063156603645e-01,2.634756143491996938e-01,-4.353618161006971299e-01,1.291147086351685513e-01,5.787949959717776371e-01,-7.331002731425720342e-02,-3.326116236905184986e-01,2.900965835885622734e-01,2.785418787947953057e-01,-5.119400804115437076e-01,-2.520136706232500301e-01,-7.711584670341588288e-02,3.160517190275746180e-01,-2.846371023313155058e-01,6.912214883408009103e-02,3.316712731954478410e-02,1.107814355624390651e-01,-4.781317617223772021e-01,-1.515576925595872593e-01,-3.545165143277698716e-01,-2.795264344139604118e-01,-1.759305493821758382e-01,-2.887496873320023472e-01,2.005231518149395709e-01,-3.114544246679705197e-01,1.228265808457811720e-01,-3.415017518972637833e-01,7.508098717679484446e-02,-1.967280660569346862e-01,5.953183004442468007e-02,-6.309327619395767306e-02
4.118673765115593577e-01,1.000000000000000000e+00,1.202192793796083847e-01,-3.189278974419768042e-01,4.990674801579490505e-01,6.664517383743768786e-01,-2.762191518789418043e-01,-1.687330523046120245e-01,7.309046307506853468e-01,3.755292066543570728e-01,-4.105894730950300775e-01,1.580500196240159916e-01,7.874790494577813549e-01,5.701213221519606592e-03,-5.249879837707961405e-01,3.104866940865050884e-01,-3.084448804663407762e-01,2.178463107027242829e-01,4.251593012098192070e-01,-4.820879602185448864e-01,-6.018087491634200870e-01,4.306924106851202083e-01,1.909563403960007899e-01,-7.581042212561163174e-01,-2.861296121590889419e-01,-4.681799849574272976e-01,-3.192253359143033542e-01,-5.696106821951333332e-01,-2.387018715462289609e-01,-4.456718066979754866e-02,-3.331491422387322099e-01,3.786488391524889807e-01,-2.000614351672403424e-01,4.116815179125779545e-01,-2.872152026133049929e-04,5.551278565733681614e-01,5.984010654776770327e-02,1.761573818933429014e-01,7.166034232847604546e-01,1.480296963755652340e-01,-9.073458709064539940e-02,-4.116951225909662448e-01,-5.243631455606148073e-01,-6.096539702879152367e-01,3.195261963156954543e-01,-5.072636905704256405e-01,-2.794198160130835218e-01,-7.585804406057427007e-01,-1.054092416833881385e-01,4.139484078631606723e-01,-9.774424989102929728e-02,6.807308558114991692e-01,4.093994724470422786e-01,3.220830911042103506e-01,7.428602991486326079e-01,-2.180617360993986342e-01,-4.594316562910233381e-01,6.602659775128572051e-01,4.201528040107492812e-01,-5.367078688585738000e-01,5.337731754424646785e-02,8.003029740697635841e-01,-2.995960474463363679e-02,-3.413941807476375545e-01,4.979158071477927106e-01,6.367055837137474139e-01,-2.517292890568401109e-01,-2.761314035605603734e-01,6.597321388770672757e-01,-6.412471973454085539e-02,-7.519232525505765707e-01,-1.497847780148184038e-01,-2.492225559728177275e-01,-7.621184721375756643e-01,-3.027658103494708652e-01,-5.625777888928917836e-01,-8.281510369294761698e-02,-3.165594740422726927e-01,-2.212549688851691010e-01,1.909993228233900220e-01,-1.350983708345087075e-01,4.758972155665426307e-01,-5.512873721251200509e-02,6.543858450294623985e-01,5.637123654586739113e-02,4.977124057714612526e-01,1.482820008002102008e-01,4.926850031565776500e-01,3.394840595157861407e-01,4.193978748217042640e-01,1.763075803813525799e-01
5.986828121635049405e-01,1.202192793796083847e-01,1.000000000000000000e+00,6.704360121876094813e-02,-6.008368218644289938e-01,5.364213210497635886e-01,7.347634459439293941e-01,-4.378903074437371923e-01,-3.302602255536886688e-01,8.392448818880868799e-01,3.491872304492956158e-01,-6.879262987413716779e-01,1.752047504399403821e-01,8.856574461721417046e-01,1.068795672258103686e-02,1.691519717126167555e-01,1.599153653627436236e-02,7.926140959595856517e-01,3.370802855094166134e-02,5.408850581828401616e-01,-6.340154858916342562e-01,-6.327117016898697877e-01,4.569806292856161134e-01,1.360513883034939198e-01,-8.377726508616519796e-01,2.418562899386775544e-01,-6.190697382523265846e-01,-7.334809590369686938e-02,-3.519094245459213760e-02,6.596528113712816221e-01,-1.556362637564832896e-02,5.605242340487260888e-01,2.023179952558012140e-01,3.819291747392911662e-01,1.128803699948829758e-01,-2.969879559699855620e-01,4.299759685806273657e-01,-3.117429614852539332e-01,4.516183819383600695e-01,-4.143796236499253105e-01,6.918858552023355868e-01,-1.129350989068364508e-01,5.721623809555854701e-01,8.358339617431542745e-02,-4.312018256875391198e-01,-2.583691272054409668e-02,-4.819247785915005133e-01,-3.636013820943732600e-01,-4.536107824756889229e-01,-8.144131526991241210e-02,-3.765817972632122257e-01,4.021533909589543043e-01,7.963481486062267134e-01,6.372033879880841800e-01,-2.296206689851956473e-01,-7.835477541234580068e-01,3.828469611750910939e-01,5.283683172711346465e-01,-7.236625143710854191e-01,-4.245439795772656399e-01,7.255214503839574336e-01,4.532095241175058270e-02,-8.780725046846057369e-01,1.900434179754532937e-01,7.558986373145175630e-01,-4.539681149657415760e-01,-6.610844318055023594e-01,4.869835888849879391e-01,-2.026243210823856430e-02,-9.103698431331677110e-01,-1.389224100566339160e-01,-3.292355240974963460e-01,5.296249953228391316e-01,-1.796330216077705877e-01,4.148275474528483053e-02,4.912345887305569203e-01,4.996751651103277236e-01,-4.900145235098252727e-01,1.211494425535494801e-01,-5.732804776073499031e-01,-1.674451242673497542e-01,-4.354649592786310475e-01,-2.350218483605588105e-01,1.621518024971375926e-01,-3.550163296197769158e-01,1.659706622210729843e-01,-5.042314902355693462e-01,7.265996342534544739e-02,-6.149704406289622227e-01,-1.679996745477832232e-01,-3.403387322876688104e-01
-2.100300988728269758e-01,-3.189278974419768042e-01,6.704360121876094813e-02,1.000000000000000000e+00,2.961466998344885679e-02,-5.573850844685355188e-01,6.286007819769310334e-01,8.005009538916130207e-01,-3.697166719849178107e-01,-2.184103148574221553e-01,9.112033982738665383e-01,3.781924519380089889e-01,-5.238746670627257851e-01,2.949102399525992957e-01,9.207803809239567538e-01,6.786632670546960400e-01,9.665276808122942320e-01,3.866732498448375299e-01,5.460191645124268245e-01,6.780574534565068090e-01,9.509802879186629587e-02,2.529072940906219522e-02,7.103702165511102118e-01,5.058155043017006358e-01,-1.869567052812670382e-01,-4.000190440638011768e-01,-5.071780794990764507e-01,-3.618703500243926063e-01,-7.372656602075741139e-01,-4.903811918749023668e-01,-6.554438552385036809e-01,-7.023122034670271630e-01,-7.167510058040263976e-01,-8.380871600071284622e-01,-8.736912821588579403e-01,-8.406152603006581403e-01,-7.560744416466028683e-01,-9.315396483011849638e-01,-2.404450700797707841e-01,6.291489436328971951e-01,6.862973626491800649e-01,9.392187277781601784e-01,5.865369341148396476e-01,8.581667328245917714e-01,4.686769559638583327e-01,9.269794853237585119e-01,7.766836453361346537e-01,2.172890222622555212e-01,7.551909579870929035e-01,5.425483795824767030e-01,7.929951765217977400e-01,5.340052279482605108e-02,9.039867780557303556e-02,-6.169153607979104281e-01,-2.793746386129344894e-01,-4.210828333012940350e-01,-3.242716386793748629e-01,-4.709526364121313091e-01,-3.325646588179992369e-01,-3.577518508182949142e-01,-4.692175982173132920e-01,-3.301675365505416515e-01,-3.341450388323385923e-01,-5.898966059679058294e-01,-2.723881889464876416e-01,-1.886100649928422746e-01,-5.398087270628105783e-01,-4.729561360377977364e-01,-8.097722205412188901e-01,-4.950438805418135718e-02,9.310080299166949985e-03,-8.017421469523452471e-01,-4.467845267916973895e-01,1.136075973246022247e-01,-6.567773179263850514e-01,6.335085195535823388e-01,8.384931473214843889e-01,7.662865487655751151e-01,9.673192675915875949e-01,4.736446404630006990e-01,9.104558213840296954e-01,2.560019171718234676e-01,8.510567637522141737e-01,2.160524377745984270e-01,7.391553214657444748e-01,4.744697139053697943e-01,5.661809178706033174e-01,4.600785649529543497e-01,-3.435470430005104214e-01,-2.932013010712542500e-01,-3.402329004299626813e-01
-2.224608844485192749e-01,4.990674801579490505e-01,-6.008368218644289938e-01,2.961466998344885679e-02,1.000000000000000000e+00,1.194267570165412004e-03,-6.139850633542747183e-01,5.214266911176971275e-01,8.468909625969992527e-01,-4.040873386542268020e-01,-3.187403686270965375e-01,8.755812669090798916e-01,4.281356114328517815e-01,-5.957850480938264859e-01,-1.546869824019559692e-01,4.519722031302433329e-01,7.558469279685849085e-02,-2.736164670886832018e-01,6.246820302378347511e-01,-6.495621822642687615e-01,-4.211858646044289861e-02,9.616481696299506998e-01,1.086688842033498859e-01,-6.632555038096272781e-01,3.221178866694414666e-01,-8.309086465495868490e-01,-2.254966640928200358e-02,-6.603640662999324951e-01,-5.144290822720805068e-01,-7.889394625557131224e-01,-5.915921147776203037e-01,-3.705326953051785721e-01,-6.597753287711916048e-01,-2.432109409855480464e-01,-4.497540410876907924e-01,4.577038845199865591e-01,-6.050762842591330681e-01,5.076381747128460437e-02,2.484118517373501422e-01,7.529998533399079319e-01,-3.812455279581027368e-01,6.396325323902400661e-02,-7.585055096189919910e-01,-3.295006843236035765e-01,8.676383025896695633e-01,-1.084286983920208502e-01,4.357404203562063039e-01,-3.710782982207049829e-01,5.768151518143472822e-01,7.058036433365121320e-01,5.378715582626643066e-01,3.742365186745554295e-01,-2.066348229671702841e-01,-4.536919225490984586e-01,8.172153183507596674e-01,2.527322553276379891e-01,-9.092893458589712541e-01,3.383422531810010431e-02,8.797769089771731998e-01,-3.373106378213152623e-01,-7.354311967214426371e-01,6.299418753933146986e-01,5.548668126006325307e-01,-7.407096026405459721e-01,-2.328550701010531909e-01,9.319494303182914718e-01,6.930522957176085685e-02,-8.655851038290536259e-01,3.484213811822797768e-01,6.621363250497289688e-01,-6.340337673612649327e-01,-2.011430410408867608e-01,-8.707253898623952271e-01,-5.713818630990247227e-01,-6.139766095519949562e-01,-7.081034011581461840e-01,-1.509954204033826519e-01,4.020038835319118542e-01,7.418770439574980113e-02,8.562895491421748106e-01,3.716066078645085535e-01,9.382160155133342228e-01,4.897823000108514901e-01,6.112557475524145190e-01,6.524713230439618261e-01,5.586297688762954516e-01,7.962600896811546924e-01,6.218446494676879155e-01,7.146872178348294691e-01,4.490204628956933619e-01,3.077798625659122211e-01
5.478218010107982483e-01,6.664517383743768786e-01,5.364213210497635886e-01,-5.573850844685355188e-01,1.194267570165412004e-03,1.000000000000000000e+00,-1.640349021867117812e-02,-6.739594025487523066e-01,4.828676318118266808e-01,8.364440362170438847e-01,-4.395742423676811117e-01,-4.208899611788803341e-01,8.729928924945463686e-01,3.998517501000187768e-01,-7.257216885368671377e-01,6.941798547797825569e-02,-5.824685994081565399e-01,4.698051204889485133e-01,1.298694908269027726e-01,-3.028284719013922821e-01,-8.457457146575325657e-01,-5.445688247922741976e-02,1.346530345364188586e-01,-6.741541630154862519e-01,-6.210632824928430384e-01,-5.402339574668966332e-02,-3.996544279335805250e-01,-3.261751865605403422e-01,8.175496937504109218e-02,5.297843354216489331e-01,-7.910443284411079398e-03,8.655418854685783536e-01,2.395849463919088596e-01,8.382616072207853541e-01,3.942479775836179590e-01,5.592615094101208717e-01,5.767495855745546907e-01,3.062720611420906569e-01,8.817675331826839713e-01,-3.637974756884793659e-01,6.361227723670719036e-02,-7.254185194352857913e-01,-2.833789565736887228e-01,-7.271660124517727031e-01,-1.880199065957743054e-01,-7.392330093152115200e-01,-7.752452218099313841e-01,-8.492111069850687421e-01,-6.237895133705833040e-01,5.466766113790939852e-02,-5.866145753752161074e-01,7.118973947328743890e-01,7.241144149509796124e-01,8.353278166395161630e-01,5.216064463268086371e-01,-4.486236695404450803e-01,1.914676925589776837e-03,9.678604746325053521e-01,2.343705644697979124e-02,-5.051257227263382665e-01,6.313464974807937446e-01,7.421759245644239389e-01,-3.976292696355789302e-01,7.866282537303551092e-02,9.014657315955445505e-01,2.805095573625020489e-01,-3.586748470950020806e-01,2.534912237267366031e-01,7.766321225789589722e-01,-5.463697927754804784e-01,-6.325292068582379912e-01,1.239025188396761408e-02,2.878348745459777258e-01,-7.125691912558713703e-01,4.024829112999178671e-02,-3.729597810360953947e-01,-9.290410731545770129e-02,-8.037772955341471182e-01,-4.598762501657866486e-01,-3.657948582318865660e-01,-5.387687012808325404e-01,4.434170215079082447e-03,-4.947235071054953970e-01,4.947381016998316783e-01,-4.412279852812076020e-01,2.832928738926864254e-01,-3.938789918713118676e-01,2.318397650119823072e-01,3.969628076951756124e-02,3.368369908108135302e-01,7.357908712805927287e-02
2.348794847438752664e-01,-2.762191518789418043e-01,7.347634459439293941e-01,6.286007819769310334e-01,-6.139850633542747183e-01,-1.640349021867117812e-02,1.000000000000000000e+00,7.846436101084862391e-02,-6.512695780216966046e-01,4.924253067012315799e-01,8.521205184550668665e-01,-4.255866983812710558e-01,-3.217620597731303822e-01,8.825991277861360285e-01,6.039390041215831895e-01,3.976612078947430184e-01,5.739815902947714710e-01,7.967493410063229975e-01,1.903978995501919014e-01,9.127884311385529026e-01,-3.271443002350392093e-01,-6.259584602551045984e-01,6.848717192838130741e-01,5.601895326492400962e-01,-7.161082069098045899e-01,1.233489939467901503e-01,-6.847223386678664703e-01,-9.395267710625529456e-02,-3.339577034841483827e-01,3.175850754113442864e-01,-2.525144679528706360e-01,2.012819715447796906e-02,-1.364459816973177253e-01,-2.071853404664753817e-01,-3.417113025943039895e-01,-8.090185218560086433e-01,-3.187884766989479424e-02,-7.670639951930968703e-01,7.327951787639866432e-02,-7.304994044096919936e-02,9.393098769403980253e-01,4.792062666618116529e-01,9.045247724317473370e-01,6.547065496096021731e-01,-2.086191489667653109e-01,5.722194100835141795e-01,5.683736497002134930e-02,1.000245892912002884e-03,2.509516883499005729e-02,9.474415826705645527e-02,1.060934496886638961e-01,1.851739651384011198e-01,6.023954249923291204e-01,1.406164895172027918e-01,-5.225293525115358717e-01,-8.051522473870474927e-01,2.766934721687935861e-01,3.533623382643404781e-02,-8.765972546213768313e-01,-3.925292093365090329e-01,3.570763865293424266e-01,-3.337354399451839537e-01,-8.898813319624764295e-01,-4.675544627518522789e-02,3.641010929395466778e-01,-6.372954505696883931e-01,-7.534674838077715098e-01,2.395459323413139663e-01,-5.947518159488780487e-01,-7.640615265423830182e-01,8.680927636461853447e-02,-6.346324940125223080e-01,2.849684209123270473e-01,1.033920114624800879e-01,-2.136342263913652006e-01,8.696257899724199047e-01,8.541597234429887386e-01,5.356367398626557530e-02,6.397506110522039879e-01,-2.914696392548576376e-01,3.510605377838541541e-01,-3.580430690115173897e-01,2.414715347546995683e-01,7.374846390526626494e-02,5.699177230744461448e-02,2.451271612134785227e-01,-1.773278636020471644e-01,1.639311358451088496e-01,-7.711180306752092317e-01,-3.959830342601993736e-01,-4.903025489681751004e-01
-4.154188583034586491e-01,-1.687330523046120245e-01,-4.378903074437371923e-01,8.005009538916130207e-01,5.214266911176971275e-01,-6.739594025487523066e-01,7.846436101084862391e-02,1.000000000000000000e+00,4.163266760230104058e-02,-6.322752835516548542e-01,5.504409102046130542e-01,8.309651043207517684e-01,-4.042953095209940173e-01,-2.608243122332629671e-01,7.389608299513893419e-01,6.286147378536905972e-01,8.355885143058584541e-01,-6.491087389227535864e-02,6.153760181519664085e-01,1.878146420033666719e-01,3.279961474969204649e-01,5.306570067745906005e-01,4.487865119610051634e-01,2.020158696759614680e-01,2.636916408251896993e-01,-6.578361774474299484e-01,-1.882876565229642529e-01,-4.529037404059944594e-01,-7.493398749186154228e-01,-8.922888533246171594e-01,-7.080590702359287336e-01,-9.220958944108508248e-01,-8.649666312001053070e-01,-9.294775852306996766e-01,-9.057422083491590836e-01,-4.738221780336168143e-01,-9.754114655070764694e-01,-6.528041130842675566e-01,-3.220517491964539625e-01,9.011627160416643134e-01,2.044997875050920955e-01,8.599652324319256858e-01,6.695490924004955657e-02,6.081287033962852195e-01,8.014652868068951053e-01,7.701781423698617068e-01,9.702531847780632157e-01,2.333551656306433741e-01,9.782266358898132896e-01,6.811952234983970067e-01,9.691628136599720333e-01,-1.799317925840202004e-02,-2.992906916081352620e-01,-9.015555911383833498e-01,6.995004807023805227e-02,2.394201334546291679e-02,-6.704030554467147462e-01,-6.057972549032919485e-01,2.407257636013603597e-01,-2.216066102194967080e-01,-8.862258227345372052e-01,-1.333026762190333558e-01,2.166487839520073455e-01,-7.735471871175535474e-01,-5.974235855156153630e-01,2.673852553221692796e-01,-1.750716124658222295e-01,-8.232029386903519930e-01,-5.852968065879738946e-01,4.980941628206726479e-01,-1.046102794744253744e-01,-6.014465543127199831e-01,-8.221409032279538565e-01,2.012039401025411678e-02,-7.353801679456783980e-01,1.523393244441540173e-01,4.696215478611998062e-01,9.551047229461012700e-01,7.918395553819158605e-01,8.593279615239667324e-01,9.367444463927364628e-01,6.400063478306007303e-01,9.499030209501616584e-01,2.796592638024371635e-01,9.451219329551728832e-01,4.846657427582559685e-01,8.959640865612715777e-01,5.261479829820913112e-01,1.433753277896560596e-01,-6.251913525812383132e-02,-7.807023188736743335e-02
4.521431818062812691e-02,7.309046307506853468e-01,-3.302602255536886688e-01,-3.697166719849178107e-01,8.468909625969992527e-01,4.828676318118266808e-01,-6.512695780216966046e-01,4.163266760230104058e-02,1.000000000000000000e+00,1.301558493712481369e-02,-6.204610952098185139e-01,5.290045136638094059e-01,8.105239382895315092e-01,-4.216604034044228455e-01,-5.894223972246898091e-01,2.901204725641950977e-01,-3.422980690396424941e-01,-1.312405744201194102e-01,4.910430553717876068e-01,-8.122129829455805305e-01,-3.803267708757274157e-01,8.126683814222243063e-01,1.082324055268627828e-02,-9.336623848477018095e-01,7.749514781011555831e-02,-6.687806272908433103e-01,-7.640424845200242954e-02,-6.318131289130890504e-01,-2.761935017459766772e-01,-3.905836530941051987e-01,-3.939613032037822538e-01,1.441335310207387532e-01,-3.457262973032810272e-01,2.705535070043437740e-01,-7.296709750595170574e-02,7.739987828572859607e-01,-1.612675730013634068e-01,3.393244686789568809e-01,6.009465027706921703e-01,3.963228758639073535e-01,-4.387558180101499006e-01,-4.023760052424059652e-01,-8.812806741513432573e-01,-7.299140353841899742e-01,5.936495153006280390e-01,-5.556441632238378059e-01,-6.682220397037177961e-02,-6.912525847242380062e-01,1.182520461963674357e-01,5.324024719647532100e-01,9.197388926964662759e-02,5.889380495457803288e-01,8.148021383845482912e-02,4.331442028532703908e-02,9.660013135620985070e-01,1.283021661383123568e-01,-7.298616166862542665e-01,4.913006379080824826e-01,8.394925157825535722e-01,-4.195606612835731664e-01,-3.083616171540355388e-01,8.974309427485133162e-01,3.942092653697334415e-01,-5.026506764447105091e-01,1.962740628392726505e-01,9.569401783806903428e-01,2.458364490514533193e-02,-5.659392179748845564e-01,7.555203716809916203e-01,3.746743859676858746e-01,-7.962901202363212860e-01,-1.708433876088139014e-02,-5.630855157821476054e-01,-7.933548456402157445e-01,-3.944427559862413446e-01,-8.799037911319140814e-01,-3.269827701823723731e-01,-1.048629621511146109e-01,-2.969544677046607184e-01,5.140701725962535384e-01,-5.764815232565958375e-02,7.682290218248264413e-01,7.563654720113041630e-02,6.830471306741426885e-01,2.578316424270877261e-01,5.051282104934663453e-01,4.342948881768886604e-01,5.435399092702370982e-01,7.053873672297880093e-01,5.848267488422554949e-01,3.673268150669288246e-01
5.850402739458038237e-01,3.755292066543570728e-01,8.392448818880868799e-01,-2.184103148574221553e-01,-4.040873386542268020e-01,8.364440362170438847e-01,4.924253067012315799e-01,-6.322752835516548542e-01,1.301558493712481369e-02,1.000000000000000000e+00,2.063335530549707461e-02,-6.813836769817372963e-01,5.584107451410638134e-01,8.068329719742957096e-01,-3.545179709980663674e-01,1.548871451668979438e-01,-2.782863304471986376e-01,7.814204696852175003e-01,9.512299875037723285e-02,2.158337014581069302e-01,-8.630927559697851859e-01,-4.551182796997319535e-01,3.835205345511917829e-01,-2.499906025925053843e-01,-8.846478555922129283e-01,1.329932423695897314e-01,-6.266749251637462326e-01,-2.192603828501922258e-01,1.239202422033297557e-02,7.135176669432924390e-01,-1.938825678106194730e-02,8.161235426427103645e-01,2.539494087004308676e-01,6.770891608034109721e-01,2.694954756072184265e-01,7.836621664714545077e-02,5.794132813582144603e-01,-6.045501550931857426e-02,7.553960247009071649e-01,-4.614269077494004834e-01,5.024903711317100230e-01,-4.390660974913523362e-01,2.475845704393562774e-01,-3.068766329395685166e-01,-3.839568124033423402e-01,-3.869603736883706069e-01,-7.159725816807420706e-01,-6.770415649413747960e-01,-6.201071737862757782e-01,-2.307857298657847375e-02,-5.479314252109245276e-01,6.354998094413802923e-01,9.090694842719667657e-01,8.527628878448466621e-01,1.085864315568847299e-01,-7.611739063619510359e-01,2.574492258812467460e-01,8.485146075342752114e-01,-4.793805593546025534e-01,-5.483164358260570470e-01,8.098196543273444847e-01,4.070674607571981296e-01,-8.000549605303125533e-01,1.640257449012893221e-01,9.692287970962299992e-01,-1.662709495416387073e-01,-6.344745538947964558e-01,4.536085520978449526e-01,3.708204377649045869e-01,-8.933617535260278686e-01,-4.111414607195498783e-01,-2.207037661834508613e-01,5.012663305497763178e-01,-4.862508537772208816e-01,4.110176853667746322e-02,1.468883951684770706e-01,2.970681570139773742e-01,-7.360824849665392744e-01,-1.444487704110016257e-01,-5.711688687724200131e-01,-3.779436737590854412e-01,-2.902975120662171782e-01,-4.055759362963514136e-01,3.647275914829923860e-01,-4.603406379549618288e-01,2.600842689704804811e-01,-5.383566718800391060e-01,1.726205864055805894e-01,-3.960152062110587901e-01,5.992328868745687431e-02,-1.841525801237700599e-01
-5.740947462612460556e-02,-4.105894730950300775e-01,3.491872304492956158e-01,9.112033982738665383e-01,-3.187403686270965375e-01,-4.395742423676811117e-01,8.521205184550668665e-01,5.504409102046130542e-01,-6.204610952098185139e-01,2.063335530549707461e-02,1.000000000000000000e+00,2.437066109148528989e-02,-5.842502445217213625e-01,5.660003280292718042e-01,9.084586450413471015e-01,5.441313808376040395e-01,8.902373480543668283e-01,5.505058349311195975e-01,3.544323226881876954e-01,8.867714299163607095e-01,7.546650784161651644e-03,-3.210127444052299217e-01,7.060949021871244513e-01,6.688704274917470771e-01,-3.828247039260223583e-01,-1.231009425767328053e-01,-5.617896412884431090e-01,-1.782849579623839720e-01,-5.633703167077719343e-01,-1.572936795829978640e-01,-4.631806789086258536e-01,-4.804764984106061343e-01,-4.702622412169146782e-01,-6.673137539364500936e-01,-6.854438001406939485e-01,-9.512078358846925985e-01,-4.865409216437805440e-01,-9.313946494609480764e-01,-2.235900810969618513e-01,3.316369927832666376e-01,8.435940007046490718e-01,8.465167220954994409e-01,8.322141340934764431e-01,9.032336855079499127e-01,1.497372973890344627e-01,8.952649872680146226e-01,5.447160539315898387e-01,2.476137893336853024e-01,4.920642586649686123e-01,3.133926389704074777e-01,5.492901696549478130e-01,1.146293135517626773e-02,2.555757272617072973e-01,-3.667187107384866085e-01,-5.107796118649005068e-01,-5.766672337269380666e-01,-1.036018823106890814e-02,-3.737873051529121415e-01,-6.489910490850531177e-01,-3.100182086888600419e-01,-1.418961539709924502e-01,-4.686363234289510626e-01,-5.876245975770437724e-01,-3.320535075613378351e-01,-8.426547654909397056e-02,-4.899298969776325618e-01,-6.220095217707607427e-01,-1.439102862764092827e-01,-8.548168407742064989e-01,-3.531646727421789422e-01,1.569231570121174535e-01,-7.456448570866712755e-01,-1.118042021783042655e-01,2.301599946361593541e-01,-4.487683821944135620e-01,8.498328285453461417e-01,8.973624013747112382e-01,5.407722349484846980e-01,9.052601611929128600e-01,1.357106508462669059e-01,7.322559510081958489e-01,-6.881550000336215944e-02,6.370363268763231668e-01,6.646547941504951651e-02,4.717208118137761197e-01,3.240275582669635002e-01,2.494988922425016575e-01,2.807256446945922690e-01,-6.001138002432352403e-01,-4.195060684083901648e-01,-4.533924102450252458e-01
-4.088510655078221867e-01,1.580500196240159916e-01,-6.879262987413716779e-01,3.781924519380089889e-01,8.755812669090798916e-01,-4.208899611788803341e-01,-4.255866983812710558e-01,8.309651043207517684e-01,5.290045136638094059e-01,-6.813836769817372963e-01,2.437066109148528989e-02,1.000000000000000000e+00,-6.678863178529503841e-03,-6.203413327671077893e-01,2.674333093838138775e-01,4.963809027929806938e-01,4.315692182534002219e-01,-3.384176170061679589e-01,6.084933606122522320e-01,-3.601731228451701128e-01,2.666622148921709567e-01,8.819047968468189946e-01,1.737218957497893013e-01,-2.757321628703409688e-01,4.662773714262478664e-01,-7.931110335524044208e-01,2.775429182460165817e-02,-5.417211523826490627e-01,-6.147019875758338303e-01,-9.697776101810573479e-01,-6.396004465596680788e-01,-7.461131847356632374e-01,-7.941787038981285018e-01,-6.449909139193366059e-01,-6.845695059791243597e-01,7.396841842693807623e-02,-8.646542505006912238e-01,-2.184724409687639757e-01,-1.190276660031372447e-01,9.030888522573041755e-01,-2.438233118001764121e-01,4.638597842992043252e-01,-4.799112911975788043e-01,1.001820583666306053e-01,9.182490733262286264e-01,3.142860754445863658e-01,7.861755310534996877e-01,-6.252113120269700564e-03,8.572924763152555139e-01,7.058553623395933396e-01,8.169226881426758791e-01,1.015250948712776574e-01,-4.146171853647054317e-01,-7.955737264184720159e-01,5.044778818430432077e-01,3.051525956144409690e-01,-8.688883535443953088e-01,-3.802180664338003502e-01,7.206898659688864006e-01,-1.911504281939620242e-01,-9.527596603354023808e-01,2.537254816522322431e-01,5.731954345509246984e-01,-7.904927125024203693e-01,-5.611327837192754409e-01,7.051858450170932491e-01,8.999688876654397818e-02,-9.387332983633281946e-01,-9.180103834448435918e-02,7.663268799031365264e-01,-3.497263652844258552e-01,-3.205054655900511640e-01,-9.507038797838009980e-01,-2.480630722487636164e-01,-6.739331482242408855e-01,-3.959719122750387510e-01,4.024006683030829923e-02,7.625292002313263096e-01,3.878886202581021125e-01,9.695714159120778497e-01,6.697686174843595630e-01,8.788439147117094175e-01,7.547081441018178571e-01,4.161571625804020291e-01,8.606015846208265874e-01,4.851291119218103520e-01,9.427663267644567080e-01,5.563531076576997414e-01,5.663597534176136872e-01,2.414219212750175481e-01,1.927395752570407461e-01
3.635928127743390803e-01,7.874790494577813549e-01,1.752047504399403821e-01,-5.238746670627257851e-01,4.281356114328517815e-01,8.729928924945463686e-01,-3.217620597731303822e-01,-4.042953095209940173e-01,8.105239382895315092e-01,5.584107451410638134e-01,-5.842502445217213625e-01,-6.678863178529503841e-03,1.000000000000000000e+00,5.270486002792553609e-02,-7.633419496044973052e-01,2.095889749909164990e-01,-5.375249537369568564e-01,2.551179112696102536e-01,3.492614783155084668e-01,-5.983662710279813446e-01,-7.529513942386264480e-01,3.784903608778109607e-01,1.114838653118127715e-01,-9.107051500543184019e-01,-3.763885533883882806e-01,-3.855774400544842995e-01,-3.161810897665757181e-01,-5.465856106295673422e-01,-1.039219937252485182e-01,1.412365720062056240e-01,-2.209707645860767289e-01,6.307438688471549426e-01,-3.322745055043798551e-02,6.723727000271628729e-01,2.033890302240432268e-01,7.436589299357176941e-01,2.805254953914626537e-01,3.527599290093307305e-01,8.833201545652963338e-01,-2.348181884110821932e-02,-1.653674748866210409e-01,-6.617601824392943533e-01,-6.209641448074337822e-01,-8.310947940968786973e-01,1.876123549169877447e-01,-7.503177914847980468e-01,-5.296973459968942199e-01,-9.083358459014656550e-01,-3.367855593019417615e-01,3.200081372076144515e-01,-3.230029386751861464e-01,7.728885009382457927e-01,5.233434358184994029e-01,5.611487285829711569e-01,8.304652265470283679e-01,-2.417075357068155794e-01,-3.777710958899943017e-01,8.807435318441836358e-01,4.349040935478725722e-01,-5.570140728332295676e-01,2.511285148451448124e-01,9.408407138886816234e-01,-7.157513924335512367e-02,-2.181902454046567019e-01,6.924553868867054929e-01,6.690472540601788420e-01,-2.409566597448702663e-01,-1.311296845252307997e-01,8.762450402858465992e-01,-1.733267396171762620e-01,-8.205147504185490437e-01,-1.909328024626890871e-02,-1.075561261936241603e-01,-8.725691778795610087e-01,-1.900880650165986674e-01,-6.786985992221343800e-01,-2.073500439876696799e-01,-5.663321279467217195e-01,-4.321741074952343831e-01,2.881661089632367792e-02,-3.644083652040414623e-01,3.990005333528459097e-01,-2.698213644461643912e-01,6.810445603723147556e-01,-1.440566430990563862e-01,4.560943046352364805e-01,-2.647726584860026627e-02,4.416245350474802267e-01,3.779088501575640358e-01,5.153264594540706289e-01,2.295763129554601323e-01
4.385391861911288047e-01,5.701213221519606592e-03,8.856574461721417046e-01,2.949102399525992957e-01,-5.957850480938264859e-01,3.998517501000187768e-01,8.825991277861360285e-01,-2.608243122332629671e-01,-4.216604034044228455e-01,8.068329719742957096e-01,5.660003280292718042e-01,-6.203413327671077893e-01,5.270486002792553609e-02,1.000000000000000000e+00,2.232300015496729573e-01,3.377771509176369369e-01,2.382923937878208276e-01,9.056556166462922386e-01,1.700272526287267827e-01,7.047115832758271692e-01,-6.382357823024693566e-01,-6.352234393999186546e-01,6.365988997422959983e-01,2.451638167644153987e-01,-9.046082315397928619e-01,1.476767135453630475e-01,-7.570709160755138001e-01,-1.683743305017744163e-01,-2.118213080606503040e-01,5.605347218020155786e-01,-1.734442857527879467e-01,4.150238770748946315e-01,3.812475927046792695e-02,1.977804845804418954e-01,-8.949746038652828251e-02,-4.918406582619078704e-01,2.653657868156644728e-01,-5.306315652286757167e-01,4.178852530178658875e-01,-2.762065433213412025e-01,8.608536019294338315e-01,9.747846437727704372e-02,7.154067787166488168e-01,2.783937553842694701e-01,-3.276381995297960037e-01,1.850283655855669285e-01,-3.160148608325326069e-01,-3.306023937760876330e-01,-2.897945124662903438e-01,4.921266528215890307e-02,-2.008573616524712280e-01,4.328354969723255952e-01,8.413237268502749000e-01,5.126983045346450441e-01,-2.903250414902511789e-01,-9.021883551102876098e-01,3.095975813745575067e-01,4.404814553824872303e-01,-8.121568869843540650e-01,-5.262288033399068476e-01,6.347009799994385304e-01,-2.090927688082697133e-02,-9.794164212934330926e-01,5.371710959260617840e-02,7.168863206784309439e-01,-5.062814622006200915e-01,-8.056242425042789979e-01,3.848977247993312645e-01,-2.085773573362648403e-01,-9.401573465645994832e-01,-1.419658740679514142e-01,-5.203019737889528207e-01,4.360479774438044687e-01,-1.688357217668658983e-01,-1.172466992670148228e-01,6.411479007110709727e-01,7.034723057404597135e-01,-3.273613635275731126e-01,3.467071265878200470e-01,-4.741211976101362691e-01,4.162998980970403912e-02,-3.796277878504564218e-01,-4.281263254415414166e-02,2.259648615000113270e-01,-1.902229605326946349e-01,2.873997661764035039e-01,-3.820975807424430437e-01,1.914202509170248034e-01,-7.023833105023212786e-01,-2.329158772939740885e-01,-4.150796960667317292e-01
-2.682262474136239971e-01,-5.249879837707961405e-01,1.068795672258103686e-02,9.207803809239567538e-01,-1.546869824019559692e-01,-7.257216885368671377e-01,6.039390041215831895e-01,7.389608299513893419e-01,-5.894223972246898091e-01,-3.545179709980663674e-01,9.084586450413471015e-01,2.674333093838138775e-01,-7.633419496044973052e-01,2.232300015496729573e-01,1.000000000000000000e+00,4.403723968686986678e-01,9.333548450616162562e-01,2.108496494701031787e-01,2.815001418769209063e-01,7.497938169241296080e-01,3.425562050852709595e-01,-1.366038908652905115e-01,5.047157561648554225e-01,7.285635838608277570e-01,-1.687369281777946484e-02,-1.528647717086165370e-01,-2.774167405202833114e-01,-6.976252170413194120e-02,-5.190790680567586302e-01,-4.106216170964493428e-01,-4.124493071080330697e-01,-7.575059686159910655e-01,-5.235958258024071554e-01,-8.788802397341449746e-01,-7.329501822243571496e-01,-9.221628257947372953e-01,-6.664769117337449034e-01,-8.417387302712288077e-01,-5.071515597201905479e-01,4.741719337874094053e-01,5.933234704509107171e-01,9.561527091236340370e-01,6.894836841280047590e-01,9.637968084164708626e-01,2.737359000214441007e-01,9.836219651489532811e-01,7.765537818075251009e-01,4.991809320019773843e-01,6.888212149454160382e-01,2.880151535058637080e-01,7.138261357354805936e-01,-2.425892163424208658e-01,-1.133501448114584143e-01,-6.642083367863228505e-01,-5.292785437758963374e-01,-2.426548990045735710e-01,-9.483231479069186010e-02,-6.778899588089231099e-01,-4.302893869958737127e-01,-6.837843397344280094e-02,-4.349357429605649750e-01,-6.058575558521531734e-01,-2.444658126857473801e-01,-3.596111407775329227e-01,-4.527037271589422485e-01,-4.103059893696916482e-01,-3.327365351032444130e-01,-2.929148213754146357e-01,-9.431299228953188285e-01,7.901023106598322257e-03,3.186547727030166199e-01,-6.004877504831110935e-01,-2.830289498201865039e-01,4.144647791924023217e-01,-4.211527851952606705e-01,7.434678862771724184e-01,7.191933438274594748e-01,7.821763878993647223e-01,8.947919891805918846e-01,3.339832784886112571e-01,8.194553916913792646e-01,3.272352533429825905e-02,7.412778403335165134e-01,-9.024487197814426431e-02,6.059428894499460094e-01,1.908749430668006120e-01,4.276905508018933877e-01,1.838350149527507582e-01,-4.143677892476052560e-01,-4.186264222813849689e-01,-3.543181115977337425e-01
4.772564216461119835e-02,3.104866940865050884e-01,1.691519717126167555e-01,6.786632670546960400e-01,4.519722031302433329e-01,6.941798547797825569e-02,3.976612078947430184e-01,6.286147378536905972e-01,2.901204725641950977e-01,1.548871451668979438e-01,5.441313808376040395e-01,4.963809027929806938e-01,2.095889749909164990e-01,3.377771509176369369e-01,4.403723968686986678e-01,1.000000000000000000e+00,6.794567370843653809e-01,6.120101195463842902e-01,9.475468247235309116e-01,2.383983931749451002e-01,-4.873953466042645899e-01,4.121528586009904904e-01,9.020355255531127270e-01,-2.012420228280964729e-01,-4.803898654994944728e-01,-8.319223996547475686e-01,-8.283059928359419732e-01,-9.006342775624135433e-01,-9.646307538799090420e-01,-5.150538283331180800e-01,-9.692759066998007933e-01,-3.334570037739644777e-01,-8.950910739685260520e-01,-4.416802385432034850e-01,-8.676389103930807201e-01,-3.260614947263690278e-01,-6.876184882050579983e-01,-7.704853989370707978e-01,4.427808237492459331e-01,7.600703708049101337e-01,6.104561844564903028e-01,5.476572531126500110e-01,1.079267871601762852e-01,2.884214693285698794e-01,7.552934871939724903e-01,4.515426427315814562e-01,5.022355961276886438e-01,-5.013108349443196055e-01,6.433422816427110114e-01,9.297028902698213360e-01,6.931794171138069283e-01,7.033722664622327203e-01,4.961796308275203682e-01,-2.976056944673251548e-01,4.097330794929024411e-01,-6.467243038529121302e-01,-7.468170906267037612e-01,1.613129580220009629e-01,4.209232111300842405e-02,-8.748082436246628069e-01,-3.997143970460359519e-01,4.183347151265940367e-01,-3.876344557611573483e-01,-9.043133660788094108e-01,2.135099836384064531e-01,3.865565797315129171e-01,-7.940794871692400392e-01,-7.079989536452585552e-01,-1.964387919364882218e-01,-1.343105221291044094e-01,-6.843491704356930994e-01,-9.342722069147240127e-01,-6.648917283542151724e-01,-6.052696428502811754e-01,-9.453999124889296279e-01,1.174726595255788375e-01,7.686762331551968419e-01,4.575898533470968421e-01,7.599128452393218991e-01,6.341014619864051571e-01,7.742103922804491889e-01,6.853567451410790268e-01,7.970786377290377533e-01,8.336107652638257148e-01,7.839021053033669029e-01,9.466849922508289161e-01,6.927002401698680867e-01,9.259289672809580818e-01,-2.898395612096694648e-02,1.104787069443973757e-01,-1.789865562057386394e-01
-2.250735301552256595e-01,-3.084448804663407762e-01,1.599153653627436236e-02,9.665276808122942320e-01,7.558469279685849085e-02,-5.824685994081565399e-01,5.739815902947714710e-01,8.355885143058584541e-01,-3.422980690396424941e-01,-2.782863304471986376e-01,8.902373480543668283e-01,4.315692182534002219e-01,-5.375249537369568564e-01,2.382923937878208276e-01,9.333548450616162562e-01,6.794567370843653809e-01,1.000000000000000000e+00,3.359682708943114160e-01,5.594485164851970005e-01,6.514398424641875129e-01,1.435457046845484974e-01,7.777201951733628271e-02,6.950589310986199365e-01,5.028544858042985899e-01,-1.293590274115737349e-01,-4.330975858899190900e-01,-4.747893353465450494e-01,-3.692226206380146425e-01,-7.539974048237363391e-01,-5.529002972769458957e-01,-6.698899716785663427e-01,-7.584985985146880383e-01,-7.467667250581250249e-01,-8.805550439128745355e-01,-8.977290028212163708e-01,-8.304291948556528080e-01,-8.012667898392716870e-01,-9.234547805637244311e-01,-2.756299823836854124e-01,6.730634856488483253e-01,6.452018667381533845e-01,9.614841897166920281e-01,5.506638873570415260e-01,8.641385708347467665e-01,5.122705824935611663e-01,9.454020841180132972e-01,8.277671146066325480e-01,2.452771635985525611e-01,8.059330784508563772e-01,5.640073538967534938e-01,8.402390581614210818e-01,2.874885705392807300e-02,3.368775567409881821e-02,-6.770637560807066802e-01,-2.666636167862141971e-01,-3.723513170702930086e-01,-3.632386898007003984e-01,-5.195423420805487247e-01,-2.843338003924010815e-01,-3.358642765026721433e-01,-5.335609767366630285e-01,-3.380834315165942017e-01,-2.758375085175574504e-01,-6.158968458382615419e-01,-3.298622947640716396e-01,-1.570541159837919865e-01,-5.039953534726367979e-01,-5.141987140265417144e-01,-8.161519664968699406e-01,1.576331697081449074e-02,1.784981039170952313e-02,-7.889496523851508014e-01,-4.957417776461183756e-01,1.254376252239471912e-01,-6.722829777595460410e-01,6.017638125407436256e-01,8.132041206095923513e-01,8.157438291795587881e-01,9.740765720527088112e-01,5.272304185205808347e-01,9.372888699717033534e-01,2.963684878134011935e-01,8.864728607346772371e-01,2.103951904854930166e-01,7.843959262926162301e-01,4.755333180843433483e-01,6.206055317959578987e-01,4.712749751466344672e-01,-2.996493306327560613e-01,-2.817424240449338813e-01,-3.252715779141667762e-01
