1.000000000000000000e+00,5.392224222197222749e-01,4.064475732128211560e-01,1.117933770863741016e-01,-2.379105204928607872e-02,-2.179921165413788511e-02,-8.372128113788009085e-02,-7.018386845321958334e-02,-7.382332259536661390e-02,-4.802310631836036875e-02,1.347187497660344742e-02,2.818945309019548276e-02,-1.763776279343854184e-02,5.285927924583416065e-02,1.366732586973177892e-02,3.312745076716969161e-02,4.708767958940606596e-02,7.045829445433361704e-02,4.337137743027079384e-02,-1.902233600888093498e-02,1.606892062070552430e-03,-3.640600920393449735e-02,-5.754062298730083097e-02,-3.852043458494662509e-02,-1.170961660783913748e-02,-3.075115607137608037e-02,-2.311171416174561191e-02,-8.283449804677157913e-02,-7.255495677200336779e-02,-2.450389304918963035e-02,-2.392911242452273532e-02,-4.658636709162107536e-02
5.392224222197222749e-01,1.000000000000000000e+00,5.919446983692955300e-01,2.134610533610509786e-01,2.183389443000811198e-02,7.624149293826351474e-03,-3.606589788283457582e-02,-6.763527965548751797e-02,-7.894488355809677060e-02,-9.110395663903439467e-02,-3.555621761684261278e-02,1.325311677611085148e-02,-2.720537039500081286e-02,1.966141645679060634e-02,1.952955982252405076e-02,6.080083387933123140e-02,8.898717918410926908e-02,5.207707619288235584e-02,1.817831557366908490e-02,-1.816201371503157330e-02,-2.866012953794971896e-02,-5.501813922508860116e-02,-5.246481309442711100e-02,-2.160709580265887664e-02,-2.125943083143881640e-02,-6.571690462741044958e-02,-7.607849401068519923e-02,-8.552401834466258346e-02,-1.153454580355569442e-01,-9.621811417580859727e-02,-6.007875247012401526e-02,-8.956612122654544761e-02
4.064475732128211560e-01,5.919446983692955300e-01,1.000000000000000000e+00,5.498128979672106675e-01,1.450814985339314023e-01,2.917396052398214118e-02,-3.423605306867803788e-02,-8.705383320309134643e-02,-7.019943944330457597e-02,-1.003200948779820606e-01,-6.281415969663840804e-02,-1.055625334223987341e-02,4.135628561652080447e-03,2.091916046378429483e-02,3.894959175437471416e-02,5.405641276200459644e-02,6.012180422292637272e-02,5.987464228039118472e-03,-2.350393964576080047e-02,-4.335931846877742746e-02,-8.678749107622614478e-02,-4.779240183190558433e-02,-5.013376076671680059e-02,-2.002483106692577730e-02,-5.402670840655716955e-02,-7.883970295066911049e-02,-1.193700188206898438e-01,-4.813922344963834227e-02,-1.096320937177273636e-01,-1.363642346974287822e-01,-8.006642650927381366e-02,-1.131510570660383685e-01
1.117933770863741016e-01,2.134610533610509786e-01,5.498128979672106675e-01,1.000000000000000000e+00,4.249852298752783142e-01,1.398771510589276734e-01,5.332741983793792134e-02,-4.688474624630643850e-02,-5.436783127478713937e-03,-6.960228607622728769e-02,-1.015194450494213280e-01,-4.171452717909800850e-02,2.177795037124683267e-03,-4.953119980432131586e-02,-2.689220159758986834e-03,1.457163730156993756e-02,1.716725042382936245e-02,-5.402792166992442108e-02,-8.213179288624483654e-02,-6.550707311144429723e-02,-1.120783504703028177e-01,-2.318419181256232975e-02,-1.920906114914044255e-02,-3.710286104162760501e-02,-4.755951530589004606e-02,-3.964105262433714055e-02,-9.067485718191518884e-02,-8.042533292702597550e-03,-3.929857536327396178e-02,-1.153654387868480874e-01,-5.009745313678184292e-02,-8.511724453798021062e-02
-2.379105204928607872e-02,2.183389443000811198e-02,1.450814985339314023e-01,4.249852298752783142e-01,1.000000000000000000e+00,5.046782053708845917e-01,2.613300264279759255e-01,9.863886785958939085e-02,8.648064154623093247e-02,2.656941824349032255e-02,-4.199375817301358865e-02,-3.530788231823211998e-02,-2.665614666772072802e-02,-2.780399411708769572e-02,-4.529931318389859157e-02,-6.597777873898755426e-03,3.131315890973664084e-02,-1.809493292346157564e-02,-1.089892660218139964e-01,-1.407304294610888518e-01,-1.151741431216640743e-01,-3.546165071980760669e-02,-7.205044566214045820e-02,-1.566433119854497569e-02,4.853213714061830816e-03,-1.141833736389379073e-02,-7.055572996172994327e-02,8.527979419604533179e-03,-3.829069264790969582e-03,-7.104893636860853956e-02,-6.071529695301359358e-02,-7.559321917957391446e-02
-2.179921165413788511e-02,7.624149293826351474e-03,2.917396052398214118e-02,1.398771510589276734e-01,5.046782053708845917e-01,1.000000000000000000e+00,5.365228720445247568e-01,2.876338123448004547e-01,1.106853580914748808e-01,4.850370131405449571e-03,-4.955459750920711975e-02,-8.892692503941147797e-02,-1.051249962495917623e-01,-8.268686929905941230e-02,-1.196048253859381544e-01,-1.019822226659211628e-01,-4.660239722363553050e-02,-5.440326965033442930e-02,-1.184602479325242985e-01,-1.007951064836617172e-01,-5.578551826067736086e-02,9.868557077477432479e-03,-2.666689061017866666e-02,-2.486768239893625415e-02,2.578040055375594927e-02,3.559039531342904350e-02,-2.734303659828390617e-02,1.979996236473495486e-02,4.045270948573938957e-02,-3.894317055880622269e-02,-6.463608654652729102e-02,-5.770993466567504726e-02
-8.372128113788009085e-02,-3.606589788283457582e-02,-3.423605306867803788e-02,5.332741983793792134e-02,2.613300264279759255e-01,5.365228720445247568e-01,1.000000000000000000e+00,5.159994896031441236e-01,1.914107192711775873e-01,-3.409235373127512438e-03,-1.053115129291519597e-01,-1.340023323199809324e-01,-1.120413098151822745e-01,-1.215090119683745751e-01,-1.308307915551855938e-01,-1.317647540464046696e-01,-3.261958024758985358e-02,-3.138814304683226059e-02,-7.787418425611843109e-02,-5.821181707213764905e-02,-2.954345698939857615e-02,1.782977102320355486e-02,3.506910755120682538e-02,-1.423006936245261971e-02,-2.981401220856409826e-03,2.857673804930700376e-02,-5.575167719835468633e-02,-6.202187913755930794e-03,1.100007821265307738e-02,-2.982096545814444041e-02,-6.417477324812602413e-02,-5.008168025101864679e-02
-7.018386845321958334e-02,-6.763527965548751797e-02,-8.705383320309134643e-02,-4.688474624630643850e-02,9.863886785958939085e-02,2.876338123448004547e-01,5.159994896031441236e-01,1.000000000000000000e+00,4.704371797908429298e-01,1.111795207370517569e-01,-9.015449826956167811e-02,-1.916065403360113495e-01,-1.661881955762662955e-01,-1.839434234051882389e-01,-1.715718787042047055e-01,-1.885957660679140335e-01,-7.140615703932853831e-02,-3.832916748873394647e-02,-3.700646272722799002e-02,-1.260738538014495591e-02,6.483321422694729441e-02,7.260162727827063067e-02,5.305224315436227189e-02,-1.453851128175723609e-02,7.098047389803489524e-03,4.283732254719144206e-02,-8.643092598957600320e-03,1.643632083108261671e-02,3.236041670945256910e-02,-8.252187951487521822e-03,-5.421025400977414616e-02,-2.626330829438299971e-02
-7.382332259536661390e-02,-7.894488355809677060e-02,-7.019943944330457597e-02,-5.436783127478713937e-03,8.648064154623093247e-02,1.106853580914748808e-01,1.914107192711775873e-01,4.704371797908429298e-01,1.000000000000000000e+00,4.538453404592445728e-01,2.485688427655951757e-02,-1.139443022620008211e-01,9.083413841558767368e-03,-1.139091308259002899e-01,-1.206997805598877954e-01,-1.444012864087720338e-01,-8.303914347907517812e-02,-6.557920822123808335e-02,-2.412503872706230762e-02,-1.799159822528829597e-02,2.852408860600143259e-02,5.488743119576783291e-02,2.060843115146526391e-02,-8.567400808575190152e-02,-6.948814251234192163e-02,-1.314703994241113623e-02,-4.581634853090692933e-02,-1.710285011481996534e-02,1.190555324358264985e-02,6.311062866516706574e-03,-1.608475273533383973e-02,-1.277531217415907132e-02
-4.802310631836036875e-02,-9.110395663903439467e-02,-1.003200948779820606e-01,-6.960228607622728769e-02,2.656941824349032255e-02,4.850370131405449571e-03,-3.409235373127512438e-03,1.111795207370517569e-01,4.538453404592445728e-01,1.000000000000000000e+00,5.186978886053076332e-01,1.902952709841872481e-01,2.614311869838952807e-01,1.377472995438173697e-01,2.457391572012111378e-02,9.193833748148244958e-03,-3.930397165674481830e-02,-9.708017990083640802e-02,-7.510119006137518094e-02,-9.496265553492248823e-02,-3.633603641486046754e-02,-3.240033621543007142e-02,-5.315900979046091906e-02,-1.208274365662179439e-01,-4.456596046566391189e-02,-1.479529412592949129e-02,-1.078393388263844226e-02,-4.381061551325490105e-02,2.300152741051749578e-02,2.318993918072174629e-02,-4.801088391436397068e-02,-1.287157199341286071e-02
1.347187497660344742e-02,-3.555621761684261278e-02,-6.281415969663840804e-02,-1.015194450494213280e-01,-4.199375817301358865e-02,-4.955459750920711975e-02,-1.053115129291519597e-01,-9.015449826956167811e-02,2.485688427655951757e-02,5.186978886053076332e-01,1.000000000000000000e+00,5.114414715633821551e-01,3.848994934736925666e-01,4.155265520280618796e-01,1.795417773204812106e-01,1.535849052276425375e-01,4.792439700268875946e-02,-2.583291323530419528e-02,-7.092164667760963992e-02,-1.161801408769409932e-01,-9.887268370065029066e-02,-1.324077892534238909e-01,-1.307535597548114270e-01,-1.495395477638368775e-01,-5.110217009168442626e-02,-7.312222185711809985e-02,-2.352246577366070429e-02,-7.444365406964092990e-02,-1.252739761521065934e-02,-2.731559838953630248e-02,-5.738381561569267514e-02,-2.447513092134769030e-02
2.818945309019548276e-02,1.325311677611085148e-02,-1.055625334223987341e-02,-4.171452717909800850e-02,-3.530788231823211998e-02,-8.892692503941147797e-02,-1.340023323199809324e-01,-1.916065403360113495e-01,-1.139443022620008211e-01,1.902952709841872481e-01,5.114414715633821551e-01,1.000000000000000000e+00,5.031926141191239710e-01,4.324183695839395880e-01,3.099860144861519284e-01,2.251598523216838399e-01,7.756714009013949973e-02,-9.789958936497417455e-03,-8.190065055606952915e-02,-1.109812714500154895e-01,-1.069871301494215582e-01,-1.504203544578051333e-01,-1.682013576607347127e-01,-1.166010052821773169e-01,-4.512829757285290871e-02,-8.655279819870906333e-02,-7.433867956535182564e-02,-1.099576134434041008e-01,-7.729099293850572039e-02,-6.975638020852710508e-02,-5.109504755523566061e-02,-4.129974140849300424e-02
-1.763776279343854184e-02,-2.720537039500081286e-02,4.135628561652080447e-03,2.177795037124683267e-03,-2.665614666772072802e-02,-1.051249962495917623e-01,-1.120413098151822745e-01,-1.661881955762662955e-01,9.083413841558767368e-03,2.614311869838952807e-01,3.848994934736925666e-01,5.031926141191239710e-01,1.000000000000000000e+00,4.622533317070668391e-01,3.411169125939419455e-01,3.079713357160826503e-01,1.223992190669861285e-01,-2.835210921245494287e-03,-4.398127184256611644e-02,-1.097848875214185449e-01,-1.501195741096011116e-01,-1.401610630287961345e-01,-1.310807301354956489e-01,-9.652016914619084009e-02,-6.831797166363795526e-02,-1.026680095707553364e-01,-1.027560724396777009e-01,-1.047065548473957719e-01,-1.104897242836784116e-01,-7.649208248624124462e-02,-6.825040057522009651e-02,-6.775128975744323934e-02
5.285927924583416065e-02,1.966141645679060634e-02,2.091916046378429483e-02,-4.953119980432131586e-02,-2.780399411708769572e-02,-8.268686929905941230e-02,-1.215090119683745751e-01,-1.839434234051882389e-01,-1.139091308259002899e-01,1.377472995438173697e-01,4.155265520280618796e-01,4.324183695839395880e-01,4.622533317070668391e-01,1.000000000000000000e+00,4.825735056699612113e-01,3.607483800548492159e-01,2.056945662356442772e-01,8.302116112283984550e-02,-5.712050706117972193e-02,-1.158968377401433797e-01,-1.293101512889679450e-01,-1.790935471851217708e-01,-1.399007543318882274e-01,-8.827862275787237700e-02,-7.372130636204433929e-02,-1.284435762639555834e-01,-6.166151818731550188e-02,-5.385521918772508826e-02,-7.954273256452723539e-02,-5.721933715970239920e-02,-5.024940055714339354e-02,-4.906318402025473119e-02
1.366732586973177892e-02,1.952955982252405076e-02,3.894959175437471416e-02,-2.689220159758986834e-03,-4.529931318389859157e-02,-1.196048253859381544e-01,-1.308307915551855938e-01,-1.715718787042047055e-01,-1.206997805598877954e-01,2.457391572012111378e-02,1.795417773204812106e-01,3.099860144861519284e-01,3.411169125939419455e-01,4.825735056699612113e-01,1.000000000000000000e+00,4.535388045660863621e-01,1.383114440805686962e-01,-4.805644416479349545e-05,-5.614627031885391362e-02,-1.079175341877610106e-01,-1.080508839018740758e-01,-1.114073713127118614e-01,-1.067498654853306223e-01,-2.592803824605387220e-02,-6.436922468742366232e-02,-1.008263832692404549e-01,-1.002390574844095883e-01,-1.469320909244149070e-02,-7.869515370148023881e-02,-7.072200947787633807e-02,-6.478795128483851896e-03,-3.973210433370100159e-02
3.312745076716969161e-02,6.080083387933123140e-02,5.405641276200459644e-02,1.457163730156993756e-02,-6.597777873898755426e-03,-1.019822226659211628e-01,-1.317647540464046696e-01,-1.885957660679140335e-01,-1.444012864087720338e-01,9.193833748148244958e-03,1.535849052276425375e-01,2.251598523216838399e-01,3.079713357160826503e-01,3.607483800548492159e-01,4.535388045660863621e-01,1.000000000000000000e+00,5.297939751774164430e-01,2.008830281702730647e-01,1.998649371836803967e-02,-7.828646910207183451e-02,-1.542848640340130362e-01,-1.839984533626383423e-01,-1.412587917768109158e-01,-1.936947688471114815e-02,-1.176107799822194953e-02,-6.087782888251565272e-02,-1.117821318237934985e-01,-1.019835572148220654e-01,-9.185919027252884006e-02,-6.188911781576084126e-02,-8.634728792193036018e-02,-7.553625899025361023e-02
4.708767958940606596e-02,8.898717918410926908e-02,6.012180422292637272e-02,1.716725042382936245e-02,3.131315890973664084e-02,-4.660239722363553050e-02,-3.261958024758985358e-02,-7.140615703932853831e-02,-8.303914347907517812e-02,-3.930397165674481830e-02,4.792439700268875946e-02,7.756714009013949973e-02,1.223992190669861285e-01,2.056945662356442772e-01,1.383114440805686962e-01,5.297939751774164430e-01,1.000000000000000000e+00,5.195261859073951882e-01,1.324935606056669712e-01,-3.040940211341651087e-02,-1.437883572259068266e-01,-1.865925085708627917e-01,-1.796512336732820347e-01,-3.639308248821146452e-02,-1.703712258720383593e-02,-2.661054889064518383e-02,-9.798871199087474948e-02,-1.086105155049271603e-01,-6.543017840871377666e-02,-4.332008201174615547e-02,-8.516052273696543551e-02,-8.451912603714520356e-02
7.045829445433361704e-02,5.207707619288235584e-02,5.987464228039118472e-03,-5.402792166992442108e-02,-1.809493292346157564e-02,-5.440326965033442930e-02,-3.138814304683226059e-02,-3.832916748873394647e-02,-6.557920822123808335e-02,-9.708017990083640802e-02,-2.583291323530419528e-02,-9.789958936497417455e-03,-2.835210921245494287e-03,8.302116112283984550e-02,-4.805644416479349545e-05,2.008830281702730647e-01,5.195261859073951882e-01,1.000000000000000000e+00,4.674393080697900049e-01,1.583943582601978484e-01,6.105675546953947402e-02,-7.695108594841519600e-02,-1.293595836138963506e-01,-7.220533618729750580e-02,-4.654458399656152129e-02,-5.213299780158400787e-02,4.305191033365452641e-03,-5.823727646391235052e-02,-5.424750937528514255e-02,2.440827847963283198e-02,1.747922410856464839e-02,-8.520266572636927757e-03
4.337137743027079384e-02,1.817831557366908490e-02,-2.350393964576080047e-02,-8.213179288624483654e-02,-1.089892660218139964e-01,-1.184602479325242985e-01,-7.787418425611843109e-02,-3.700646272722799002e-02,-2.412503872706230762e-02,-7.510119006137518094e-02,-7.092164667760963992e-02,-8.190065055606952915e-02,-4.398127184256611644e-02,-5.712050706117972193e-02,-5.614627031885391362e-02,1.998649371836803967e-02,1.324935606056669712e-01,4.674393080697900049e-01,1.000000000000000000e+00,4.964255828199251597e-01,2.601927504846504036e-01,5.130402191826830688e-02,-4.617621858410025926e-02,-4.648452803299908676e-02,-9.838023387588964996e-02,-8.763794346646669453e-02,4.911014135234283151e-02,-8.377442190012998960e-03,-4.978025941167935758e-02,4.733778289869586958e-02,9.546722069519147924e-02,7.381144870718739370e-02
-1.902233600888093498e-02,-1.816201371503157330e-02,-4.335931846877742746e-02,-6.550707311144429723e-02,-1.407304294610888518e-01,-1.007951064836617172e-01,-5.821181707213764905e-02,-1.260738538014495591e-02,-1.799159822528829597e-02,-9.496265553492248823e-02,-1.161801408769409932e-01,-1.109812714500154895e-01,-1.097848875214185449e-01,-1.158968377401433797e-01,-1.079175341877610106e-01,-7.828646910207183451e-02,-3.040940211341651087e-02,1.583943582601978484e-01,4.964255828199251597e-01,1.000000000000000000e+00,5.054369902890479826e-01,1.553700450682362066e-01,4.409747805737877085e-02,-2.607276604391547958e-02,-7.040433913398469468e-02,-4.776908682019143093e-02,7.137222345757693320e-02,5.494092518518192692e-02,8.183434383667611417e-03,6.779158093537793195e-02,7.120947438191535528e-02,8.170559768825341740e-02
1.606892062070552430e-03,-2.866012953794971896e-02,-8.678749107622614478e-02,-1.120783504703028177e-01,-1.151741431216640743e-01,-5.578551826067736086e-02,-2.954345698939857615e-02,6.483321422694729441e-02,2.852408860600143259e-02,-3.633603641486046754e-02,-9.887268370065029066e-02,-1.069871301494215582e-01,-1.501195741096011116e-01,-1.293101512889679450e-01,-1.080508839018740758e-01,-1.542848640340130362e-01,-1.437883572259068266e-01,6.105675546953947402e-02,2.601927504846504036e-01,5.054369902890479826e-01,1.000000000000000000e+00,4.695335059882627671e-01,1.064606742870329303e-01,3.429074650332163132e-02,-2.009046901444208957e-02,-2.283901830551596582e-02,1.059333228775447139e-01,7.763960654082727175e-02,2.134464230505687433e-03,7.502398487022451934e-02,9.799853878616143765e-02,8.307405949295762482e-02
-3.640600920393449735e-02,-5.501813922508860116e-02,-4.779240183190558433e-02,-2.318419181256232975e-02,-3.546165071980760669e-02,9.868557077477432479e-03,1.782977102320355486e-02,7.260162727827063067e-02,5.488743119576783291e-02,-3.240033621543007142e-02,-1.324077892534238909e-01,-1.504203544578051333e-01,-1.401610630287961345e-01,-1.790935471851217708e-01,-1.114073713127118614e-01,-1.839984533626383423e-01,-1.865925085708627917e-01,-7.695108594841519600e-02,5.130402191826830688e-02,1.553700450682362066e-01,4.695335059882627671e-01,1.000000000000000000e+00,4.220631605393642127e-01,2.280155363495088849e-01,1.066629323422290943e-01,5.354112757899099490e-02,7.448658101073817039e-02,1.063678314164087507e-01,-2.230600736077687635e-02,1.153369290949595588e-02,8.053646752636864359e-02,5.117901737321699923e-02
-5.754062298730083097e-02,-5.246481309442711100e-02,-5.013376076671680059e-02,-1.920906114914044255e-02,-7.205044566214045820e-02,-2.666689061017866666e-02,3.506910755120682538e-02,5.305224315436227189e-02,2.060843115146526391e-02,-5.315900979046091906e-02,-1.307535597548114270e-01,-1.682013576607347127e-01,-1.310807301354956489e-01,-1.399007543318882274e-01,-1.067498654853306223e-01,-1.412587917768109158e-01,-1.796512336732820347e-01,-1.293595836138963506e-01,-4.617621858410025926e-02,4.409747805737877085e-02,1.064606742870329303e-01,4.220631605393642127e-01,1.000000000000000000e+00,3.879175409608371372e-01,2.086357352670993037e-01,1.049395875338138828e-01,5.669914743766019810e-02,1.069521594656987901e-01,2.148067772921662469e-02,-3.710853845781445642e-02,3.840805412895707122e-02,4.226938360007209683e-02
-3.852043458494662509e-02,-2.160709580265887664e-02,-2.002483106692577730e-02,-3.710286104162760501e-02,-1.566433119854497569e-02,-2.486768239893625415e-02,-1.423006936245261971e-02,-1.453851128175723609e-02,-8.567400808575190152e-02,-1.208274365662179439e-01,-1.495395477638368775e-01,-1.166010052821773169e-01,-9.652016914619084009e-02,-8.827862275787237700e-02,-2.592803824605387220e-02,-1.936947688471114815e-02,-3.639308248821146452e-02,-7.220533618729750580e-02,-4.648452803299908676e-02,-2.607276604391547958e-02,3.429074650332163132e-02,2.280155363495088849e-01,3.879175409608371372e-01,1.000000000000000000e+00,5.118219713279634764e-01,2.308913338564007323e-01,3.193828056051909586e-02,1.648276740342871291e-02,-8.360597953658730971e-03,-6.326056408053195440e-03,3.069819024501459215e-02,5.411713321199821368e-03
-1.170961660783913748e-02,-2.125943083143881640e-02,-5.402670840655716955e-02,-4.755951530589004606e-02,4.853213714061830816e-03,2.578040055375594927e-02,-2.981401220856409826e-03,7.098047389803489524e-03,-6.948814251234192163e-02,-4.456596046566391189e-02,-5.110217009168442626e-02,-4.512829757285290871e-02,-6.831797166363795526e-02,-7.372130636204433929e-02,-6.436922468742366232e-02,-1.176107799822194953e-02,-1.703712258720383593e-02,-4.654458399656152129e-02,-9.838023387588964996e-02,-7.040433913398469468e-02,-2.009046901444208957e-02,1.066629323422290943e-01,2.086357352670993037e-01,5.118219713279634764e-01,1.000000000000000000e+00,5.522826107600081746e-01,1.200109591306141171e-01,-9.159710316572158839e-02,5.034763700903074901e-02,5.617991113013277860e-02,-1.559094636872917009e-02,-5.243264406422779196e-03
-3.075115607137608037e-02,-6.571690462741044958e-02,-7.883970295066911049e-02,-3.964105262433714055e-02,-1.141833736389379073e-02,3.559039531342904350e-02,2.857673804930700376e-02,4.283732254719144206e-02,-1.314703994241113623e-02,-1.479529412592949129e-02,-7.312222185711809985e-02,-8.655279819870906333e-02,-1.026680095707553364e-01,-1.284435762639555834e-01,-1.008263832692404549e-01,-6.087782888251565272e-02,-2.661054889064518383e-02,-5.213299780158400787e-02,-8.763794346646669453e-02,-4.776908682019143093e-02,-2.283901830551596582e-02,5.354112757899099490e-02,1.049395875338138828e-01,2.308913338564007323e-01,5.522826107600081746e-01,1.000000000000000000e+00,3.617143730376182198e-01,1.618885374120150687e-04,1.444413194061057448e-01,1.572151816577154193e-01,2.119688682693414775e-02,3.032405213833063232e-02
-2.311171416174561191e-02,-7.607849401068519923e-02,-1.193700188206898438e-01,-9.067485718191518884e-02,-7.055572996172994327e-02,-2.734303659828390617e-02,-5.575167719835468633e-02,-8.643092598957600320e-03,-4.581634853090692933e-02,-1.078393388263844226e-02,-2.352246577366070429e-02,-7.433867956535182564e-02,-1.027560724396777009e-01,-6.166151818731550188e-02,-1.002390574844095883e-01,-1.117821318237934985e-01,-9.798871199087474948e-02,4.305191033365452641e-03,4.911014135234283151e-02,7.137222345757693320e-02,1.059333228775447139e-01,7.448658101073817039e-02,5.669914743766019810e-02,3.193828056051909586e-02,1.200109591306141171e-01,3.617143730376182198e-01,1.000000000000000000e+00,3.916325756145494497e-01,4.769819789530534843e-02,1.510162445286128419e-01,1.054476828966398327e-01,1.023843566212289807e-01
-8.283449804677157913e-02,-8.552401834466258346e-02,-4.813922344963834227e-02,-8.042533292702597550e-03,8.527979419604533179e-03,1.979996236473495486e-02,-6.202187913755930794e-03,1.643632083108261671e-02,-1.710285011481996534e-02,-4.381061551325490105e-02,-7.444365406964092990e-02,-1.099576134434041008e-01,-1.047065548473957719e-01,-5.385521918772508826e-02,-1.469320909244149070e-02,-1.019835572148220654e-01,-1.086105155049271603e-01,-5.823727646391235052e-02,-8.377442190012998960e-03,5.494092518518192692e-02,7.763960654082727175e-02,1.063678314164087507e-01,1.069521594656987901e-01,1.648276740342871291e-02,-9.159710316572158839e-02,1.618885374120150687e-04,3.916325756145494497e-01,1.000000000000000000e+00,2.627536202033089463e-01,8.983981107912592315e-03,6.495000267426563612e-02,6.612249561819240340e-02
-7.255495677200336779e-02,-1.153454580355569442e-01,-1.096320937177273636e-01,-3.929857536327396178e-02,-3.829069264790969582e-03,4.045270948573938957e-02,1.100007821265307738e-02,3.236041670945256910e-02,1.190555324358264985e-02,2.300152741051749578e-02,-1.252739761521065934e-02,-7.729099293850572039e-02,-1.104897242836784116e-01,-7.954273256452723539e-02,-7.869515370148023881e-02,-9.185919027252884006e-02,-6.543017840871377666e-02,-5.424750937528514255e-02,-4.978025941167935758e-02,8.183434383667611417e-03,2.134464230505687433e-03,-2.230600736077687635e-02,2.148067772921662469e-02,-8.360597953658730971e-03,5.034763700903074901e-02,1.444413194061057448e-01,4.769819789530534843e-02,2.627536202033089463e-01,1.000000000000000000e+00,4.235343854186493506e-01,1.295993658149640626e-01,1.158912310542813684e-01
-2.450389304918963035e-02,-9.621811417580859727e-02,-1.363642346974287822e-01,-1.153654387868480874e-01,-7.104893636860853956e-02,-3.894317055880622269e-02,-2.982096545814444041e-02,-8.252187951487521822e-03,6.311062866516706574e-03,2.318993918072174629e-02,-2.731559838953630248e-02,-6.975638020852710508e-02,-7.649208248624124462e-02,-5.721933715970239920e-02,-7.072200947787633807e-02,-6.188911781576084126e-02,-4.332008201174615547e-02,2.440827847963283198e-02,4.733778289869586958e-02,6.779158093537793195e-02,7.502398487022451934e-02,1.153369290949595588e-02,-3.710853845781445642e-02,-6.326056408053195440e-03,5.617991113013277860e-02,1.572151816577154193e-01,1.510162445286128419e-01,8.983981107912592315e-03,4.235343854186493506e-01,1.000000000000000000e+00,4.066669540794368709e-01,2.724157504681989916e-01
-2.392911242452273532e-02,-6.007875247012401526e-02,-8.006642650927381366e-02,-5.009745313678184292e-02,-6.071529695301359358e-02,-6.463608654652729102e-02,-6.417477324812602413e-02,-5.421025400977414616e-02,-1.608475273533383973e-02,-4.801088391436397068e-02,-5.738381561569267514e-02,-5.109504755523566061e-02,-6.825040057522009651e-02,-5.024940055714339354e-02,-6.478795128483851896e-03,-8.634728792193036018e-02,-8.516052273696543551e-02,1.747922410856464839e-02,9.546722069519147924e-02,7.120947438191535528e-02,9.799853878616143765e-02,8.053646752636864359e-02,3.840805412895707122e-02,3.069819024501459215e-02,-1.559094636872917009e-02,2.119688682693414775e-02,1.054476828966398327e-01,6.495000267426563612e-02,1.295993658149640626e-01,4.066669540794368709e-01,1.000000000000000000e+00,4.851671527235116854e-01
-4.658636709162107536e-02,-8.956612122654544761e-02,-1.131510570660383685e-01,-8.511724453798021062e-02,-7.559321917957391446e-02,-5.770993466567504726e-02,-5.008168025101864679e-02,-2.626330829438299971e-02,-1.277531217415907132e-02,-1.287157199341286071e-02,-2.447513092134769030e-02,-4.129974140849300424e-02,-6.775128975744323934e-02,-4.906318402025473119e-02,-3.973210433370100159e-02,-7.553625899025361023e-02,-8.451912603714520356e-02,-8.520266572636927757e-03,7.381144870718739370e-02,8.170559768825341740e-02,8.307405949295762482e-02,5.117901737321699923e-02,4.226938360007209683e-02,5.411713321199821368e-03,-5.243264406422779196e-03,3.032405213833063232e-02,1.023843566212289807e-01,6.612249561819240340e-02,1.158912310542813684e-01,2.724157504681989916e-01,4.851671527235116854e-01,1.000000000000000000e+00
