1.000000000000000000e+00,3.872320761259481769e-01,2.515429120679890662e-01,-1.744045482025013971e-02,-6.447783811625683315e-02,2.627090814380003431e-03,1.991234983161114733e-02,1.069196862135730897e-01,6.516199750242593347e-02,-3.298575467496242444e-03,-1.044064299706136748e-02,7.056362732995265230e-03,-9.967723336627085096e-03,-2.884730796609472417e-02,-2.252547415193307048e-02,-4.444782172727785446e-02,-4.369697358358432676e-02,-6.245443014999277342e-02,-4.544528067603020860e-02,-5.099563751295402292e-03,-2.916216097217781689e-02,-4.914587925158647036e-02,-2.741972094411858699e-02,-1.061151672535029684e-02,-1.618120777702716437e-02,-2.134012790250364514e-02,-2.723951325649250077e-02,-7.994422673442308155e-03,-3.256779705936652808e-02,8.494280152150295721e-03,-8.850828338399180026e-03,-1.260848067856804033e-02
3.872320761259481769e-01,1.000000000000000000e+00,5.642106338167375279e-01,1.290797018455085154e-01,-1.194225982854895118e-01,5.689053044556213469e-05,-9.725189317074876827e-02,1.292413303117701147e-02,-7.368590844681426055e-02,-6.336996686679909063e-02,-7.248794291146951063e-02,-4.244314577657428561e-02,-4.494308890176117177e-02,-3.808308523855285371e-02,-5.297864059688202343e-02,-5.286288671759093588e-02,-6.655176597593261134e-02,-6.723554678465865075e-02,-4.171898807988973917e-02,-2.033496417385107988e-02,1.651185879388445202e-02,-1.101289625482556028e-03,-6.736342022928185590e-03,3.438594397112522405e-02,1.456010229881449583e-02,-2.159686860377805356e-02,-3.875638220234772779e-02,-2.067512916619680674e-02,-3.216533282350569206e-02,1.243027502343748043e-02,-1.419257875326128751e-02,-2.440056076258235312e-02
2.515429120679890662e-01,5.642106338167375279e-01,1.000000000000000000e+00,5.159613811038813447e-01,-6.014740907658413030e-03,-8.517104879359441161e-02,-1.177144587446125185e-01,1.947943110907576075e-02,-4.185306265399708209e-02,1.798498013450834307e-02,-2.090418726486260870e-02,-3.874042476493372994e-02,-3.559054314314957605e-03,-3.977258517685523798e-02,-3.709395564845153342e-02,-5.618599264326291226e-02,-7.182343864174513259e-02,-9.291031367818092246e-02,-2.904658687657844102e-02,-3.908216528625043100e-04,-5.560653007694305733e-03,-1.238624444870936418e-02,-4.250067971216880264e-02,1.480729260661730121e-02,1.438369629531112068e-02,-1.797575179445666527e-02,-4.227093926495043008e-02,-2.410341309445840699e-02,-1.291463787831235131e-02,1.552093005575158439e-03,-2.294112998606697394e-03,-2.517325212303233792e-02
-1.744045482025013971e-02,1.290797018455085154e-01,5.159613811038813447e-01,1.000000000000000000e+00,3.199959080617197360e-01,-3.849849874582528947e-02,-6.831991782935716018e-02,-2.401274951931336651e-02,-1.300130444830661751e-02,3.829473717699847374e-02,-2.266798562296223549e-02,-1.007881661398486901e-02,5.931377385106842079e-03,-1.098741536015604382e-04,7.739058774851853735e-03,-1.820125408134183609e-02,-3.506870381131847042e-02,-5.113367009860673301e-02,-2.318873927401363219e-04,9.169084957855531959e-03,-1.246529150259948707e-03,-2.132157457114436556e-03,-4.848935140054802528e-02,-1.288858568253923274e-02,1.529520255167274821e-02,-2.309708522424440413e-02,-2.427178468455294322e-02,-2.106526998560791231e-02,-1.755130774759255247e-02,-4.916540220221991830e-02,-4.649024460184868895e-02,-4.632357025104097414e-02
-6.447783811625683315e-02,-1.194225982854895118e-01,-6.014740907658413030e-03,3.199959080617197360e-01,1.000000000000000000e+00,3.876628463184099149e-01,1.109627838561718371e-01,2.897185965077059625e-02,5.258774779935800059e-02,1.672738482181992687e-03,-2.598561795418679460e-02,-6.098086098869364043e-03,2.917878005228972688e-03,3.434257550509200313e-02,4.288314772840374350e-02,2.547784419375514336e-02,1.621738461806882664e-02,-1.004439559111197644e-02,5.613834422350419233e-04,-5.039550156821627144e-03,1.097961227137168178e-02,-3.578221308825838085e-03,-4.346962151102521515e-02,-7.814358761376347801e-03,2.042678110062748353e-02,-7.882798205039717732e-03,-3.682306384647910519e-02,-1.346725456704962222e-02,-1.194219617073817574e-02,-2.367591476818625348e-02,-2.988405588559133602e-02,-3.815488298176791804e-02
2.627090814380003431e-03,5.689053044556213469e-05,-8.517104879359441161e-02,-3.849849874582528947e-02,3.876628463184099149e-01,1.000000000000000000e+00,4.188103369150620869e-01,1.193393764529218498e-01,9.655231439702886831e-02,4.223461349126265280e-02,7.559495628048472880e-03,-1.689568683773079102e-02,-3.830346308708335035e-02,-2.360620187570207362e-02,2.241085208360630437e-02,-8.334669433864724808e-03,-2.660905748079832669e-02,-1.099056235822853597e-02,-2.489287970689168031e-02,-2.453098345695900202e-03,1.025575187701588745e-02,-7.785601394819642758e-03,-1.644712661923509707e-03,2.135215608619094041e-02,1.646030467217570251e-02,7.563759513768946417e-03,-3.322942847485837320e-02,-1.937503656325566953e-02,-6.687906990184906697e-02,-3.261086220981608552e-02,-2.322432937743686837e-02,-2.803096055353094737e-02
1.991234983161114733e-02,-9.725189317074876827e-02,-1.177144587446125185e-01,-6.831991782935716018e-02,1.109627838561718371e-01,4.188103369150620869e-01,1.000000000000000000e+00,3.016646770903416153e-01,3.048722265141939891e-01,1.279437418303955298e-01,8.170739960045977912e-02,6.311629188227552145e-02,-1.191592319512348348e-02,4.182990164440172909e-02,4.461742112420596929e-02,2.919166942382014213e-02,1.528134410681263522e-03,-2.770431066252919752e-02,-4.840336740065421042e-03,2.518772101144069187e-02,-2.867128597721882791e-02,-1.892774551986755802e-02,-4.941156639170265347e-02,-2.080392711735421646e-02,8.081229328409898771e-03,-1.097713350063652185e-02,-1.691088226459849450e-02,-2.082093428214345718e-02,-1.228776626360764818e-02,-7.621875412516931902e-02,-6.304760220064670184e-02,-5.339450886425881754e-02
1.069196862135730897e-01,1.292413303117701147e-02,1.947943110907576075e-02,-2.401274951931336651e-02,2.897185965077059625e-02,1.193393764529218498e-01,3.016646770903416153e-01,1.000000000000000000e+00,5.327161804245029719e-01,1.009648957594364849e-01,7.305566623284864836e-02,9.046120653981711002e-02,-5.073039209951203665e-02,5.765283062568868876e-03,-2.108520994073756830e-02,-3.399189770868828869e-02,-4.062645233813397955e-02,-4.189425993115580144e-02,-6.963480936454115311e-02,-7.359311880957446206e-02,-5.890509205168552309e-02,-6.076720729550312561e-02,-3.728313972209024857e-02,3.228167264635961251e-03,-1.280073572305253683e-02,-1.705321178088108763e-02,-1.434781197549534273e-02,-3.657538571652770715e-02,2.737447556364885209e-03,-2.640465897175606202e-02,-2.145164129405622774e-02,-3.005939918491847343e-02
6.516199750242593347e-02,-7.368590844681426055e-02,-4.185306265399708209e-02,-1.300130444830661751e-02,5.258774779935800059e-02,9.655231439702886831e-02,3.048722265141939891e-01,5.327161804245029719e-01,1.000000000000000000e+00,3.573660938092634853e-01,2.094159536292029555e-01,1.376422194507366525e-01,-2.107272544605107503e-02,2.835202390021555538e-02,-2.637649825857949284e-02,-3.837265924933406375e-02,-4.252219051423298396e-02,-3.461663210632894699e-02,-3.467801310641235868e-02,-4.801603703646509236e-02,-6.871593549855013749e-02,-7.248300781580986618e-02,-7.956552189233924433e-02,-1.353089142705558509e-02,-3.917250415373826314e-04,-9.035871873267639631e-03,1.442009211119805144e-02,-3.212853634309267153e-02,-8.352812384443125812e-04,-5.691707645987067327e-02,-6.543410421390616349e-02,-6.664216988596713409e-02
-3.298575467496242444e-03,-6.336996686679909063e-02,1.798498013450834307e-02,3.829473717699847374e-02,1.672738482181992687e-03,4.223461349126265280e-02,1.279437418303955298e-01,1.009648957594364849e-01,3.573660938092634853e-01,1.000000000000000000e+00,4.887088453591316162e-01,1.566519208587396905e-02,3.914460793882634099e-02,2.680341036390610290e-02,4.501954456495574353e-02,-1.845769437121097187e-02,-1.569790100546906292e-02,-4.384918107410071264e-02,-5.372595004183935291e-03,-1.034780201383531106e-02,-4.559686200003033180e-02,-3.795376168218023150e-02,-4.968340457612326067e-02,-1.872546762499670064e-03,7.343430680991032411e-03,2.356807787749120101e-02,3.779013691681965686e-02,-1.098816730858091610e-02,-2.272259499145583086e-05,-2.524038706377004782e-02,-4.073797241708427413e-02,-1.857430849406117510e-02
-1.044064299706136748e-02,-7.248794291146951063e-02,-2.090418726486260870e-02,-2.266798562296223549e-02,-2.598561795418679460e-02,7.559495628048472880e-03,8.170739960045977912e-02,7.305566623284864836e-02,2.094159536292029555e-01,4.887088453591316162e-01,1.000000000000000000e+00,3.603021789716902012e-01,1.132508698273018422e-01,1.447129509400911784e-01,6.803728276407844389e-02,7.064942317145651851e-02,4.339494503514007562e-02,-3.084896979025188168e-02,-2.831150869681013649e-02,9.910007077045800486e-03,-2.732921036056377984e-02,-4.540453146514768917e-02,-1.391562107489035909e-02,-2.872716593547442257e-02,-2.910771500328331388e-02,-1.947505975079989737e-02,5.941042922687340272e-02,2.986737127415224624e-02,2.841774355691262244e-02,-2.416562705946852241e-02,-2.894764199085221590e-02,5.879657351032217989e-03
7.056362732995265230e-03,-4.244314577657428561e-02,-3.874042476493372994e-02,-1.007881661398486901e-02,-6.098086098869364043e-03,-1.689568683773079102e-02,6.311629188227552145e-02,9.046120653981711002e-02,1.376422194507366525e-01,1.566519208587396905e-02,3.603021789716902012e-01,1.000000000000000000e+00,3.042461905781702614e-01,2.202988945475249372e-01,1.170783212875669277e-01,1.373827008543284378e-01,8.343395716334489620e-02,5.905151733453763629e-04,-2.360404843733809876e-02,-2.780804650276499229e-02,-3.254189378728091636e-02,-3.638543692373212568e-02,-7.647541087119759211e-03,5.587276393243547495e-03,-8.811972301217246839e-03,-3.741372417680820933e-02,2.752073845603292268e-02,1.933640148764809857e-02,-1.855591668839074240e-02,-6.668134192601259114e-02,-6.755116977485703389e-02,-3.491673758315402137e-02
-9.967723336627085096e-03,-4.494308890176117177e-02,-3.559054314314957605e-03,5.931377385106842079e-03,2.917878005228972688e-03,-3.830346308708335035e-02,-1.191592319512348348e-02,-5.073039209951203665e-02,-2.107272544605107503e-02,3.914460793882634099e-02,1.132508698273018422e-01,3.042461905781702614e-01,1.000000000000000000e+00,3.991486575084982613e-01,2.849477600289236356e-01,2.568649972357537337e-01,1.247514806820568395e-01,4.122814745644408016e-03,-4.336746444510181098e-02,4.484391574605822023e-03,-4.182056219122756019e-02,-5.757893927575271492e-02,-1.228475302686401517e-02,-4.658148916284322177e-02,-2.524888555661426379e-02,-5.425366642187516575e-02,-2.595155009137907823e-02,-1.658346929636291683e-02,-3.848502703057699904e-03,-5.233827657445121878e-02,-3.823623553748823484e-02,-1.091822890511332488e-02
-2.884730796609472417e-02,-3.808308523855285371e-02,-3.977258517685523798e-02,-1.098741536015604382e-04,3.434257550509200313e-02,-2.360620187570207362e-02,4.182990164440172909e-02,5.765283062568868876e-03,2.835202390021555538e-02,2.680341036390610290e-02,1.447129509400911784e-01,2.202988945475249372e-01,3.991486575084982613e-01,1.000000000000000000e+00,4.522846414478690624e-01,4.066589396843491300e-01,2.481757892573640267e-01,9.387418784103679359e-02,4.269603455598555697e-02,-1.487044144258167777e-02,-1.885417850052273272e-03,-3.063701198382538793e-02,-1.897237300291135589e-02,3.954810817064270852e-03,-1.006759339398921073e-02,-5.667741964087118223e-02,-2.087429502985856805e-02,-2.400634880615940339e-02,2.065811916886167027e-02,-3.156001726351944509e-02,-3.579223774497000687e-02,-3.766343476805968787e-02
-2.252547415193307048e-02,-5.297864059688202343e-02,-3.709395564845153342e-02,7.739058774851853735e-03,4.288314772840374350e-02,2.241085208360630437e-02,4.461742112420596929e-02,-2.108520994073756830e-02,-2.637649825857949284e-02,4.501954456495574353e-02,6.803728276407844389e-02,1.170783212875669277e-01,2.849477600289236356e-01,4.522846414478690624e-01,1.000000000000000000e+00,4.697973625052441760e-01,2.508313251100778851e-01,1.069491992716545686e-01,2.553754527806166574e-02,1.193289841747544044e-02,-3.012396595703310982e-03,-1.939024359665282929e-02,-3.693276942833472604e-02,-1.965814321924302596e-02,8.089609849567682906e-03,-9.991258565633783992e-03,-4.352718605996772072e-02,-6.717252147983206190e-02,-4.556287058068024531e-02,-7.851284195738712779e-02,-1.968933113735422263e-02,7.373158882291533552e-03
-4.444782172727785446e-02,-5.286288671759093588e-02,-5.618599264326291226e-02,-1.820125408134183609e-02,2.547784419375514336e-02,-8.334669433864724808e-03,2.919166942382014213e-02,-3.399189770868828869e-02,-3.837265924933406375e-02,-1.845769437121097187e-02,7.064942317145651851e-02,1.373827008543284378e-01,2.568649972357537337e-01,4.066589396843491300e-01,4.697973625052441760e-01,1.000000000000000000e+00,5.272806430428494950e-01,1.847631477974198411e-01,2.314296261643252958e-02,-1.972793694875529802e-02,-1.748818726348365729e-02,-3.915624984575744039e-02,-1.550440218104686720e-02,1.817019039650230594e-02,-1.557766762970581517e-02,-1.925283469346102810e-02,2.783424519113373088e-02,-2.564016602337923501e-02,9.407527461849537727e-04,-3.581085760062276135e-02,-4.619717550825965663e-02,-7.307378898707703532e-03
-4.369697358358432676e-02,-6.655176597593261134e-02,-7.182343864174513259e-02,-3.506870381131847042e-02,1.621738461806882664e-02,-2.660905748079832669e-02,1.528134410681263522e-03,-4.062645233813397955e-02,-4.252219051423298396e-02,-1.569790100546906292e-02,4.339494503514007562e-02,8.343395716334489620e-02,1.247514806820568395e-01,2.481757892573640267e-01,2.508313251100778851e-01,5.272806430428494950e-01,1.000000000000000000e+00,5.006943089553459458e-01,6.963375168434728091e-02,-4.118322763046961682e-02,-3.667438493636540620e-02,-5.350332261865182321e-02,-1.483855681898540828e-02,-2.340259738825358968e-02,-5.850796855450299955e-02,-2.552689181452801742e-02,4.490545569743677190e-02,2.555987646785366080e-02,4.212535432954780251e-02,8.828259482746248984e-03,5.927095735996173141e-03,-7.778850490259913526e-04
-6.245443014999277342e-02,-6.723554678465865075e-02,-9.291031367818092246e-02,-5.113367009860673301e-02,-1.004439559111197644e-02,-1.099056235822853597e-02,-2.770431066252919752e-02,-4.189425993115580144e-02,-3.461663210632894699e-02,-4.384918107410071264e-02,-3.084896979025188168e-02,5.905151733453763629e-04,4.122814745644408016e-03,9.387418784103679359e-02,1.069491992716545686e-01,1.847631477974198411e-01,5.006943089553459458e-01,1.000000000000000000e+00,3.294175065895896815e-01,2.302424288718328289e-03,5.569628984532883770e-02,9.791064547581272703e-02,2.471874303723170865e-02,-3.722231637266507076e-02,2.395492012440852454e-05,2.358847048008676228e-02,6.340835096849452030e-04,2.925390970443302735e-02,3.745283929038948495e-02,3.218555680726392643e-02,2.215147890636541897e-02,2.046381236372053075e-02
-4.544528067603020860e-02,-4.171898807988973917e-02,-2.904658687657844102e-02,-2.318873927401363219e-04,5.613834422350419233e-04,-2.489287970689168031e-02,-4.840336740065421042e-03,-6.963480936454115311e-02,-3.467801310641235868e-02,-5.372595004183935291e-03,-2.831150869681013649e-02,-2.360404843733809876e-02,-4.336746444510181098e-02,4.269603455598555697e-02,2.553754527806166574e-02,2.314296261643252958e-02,6.963375168434728091e-02,3.294175065895896815e-01,1.000000000000000000e+00,3.935044369411693221e-01,2.508466730985440402e-02,1.242498687007986546e-01,-2.249240007041461431e-02,5.049468186587503099e-02,9.388939793671753631e-02,6.338680868279029934e-02,-1.592896593368002198e-02,-4.118098717143005988e-02,-3.799342626547623069e-03,-1.364475604363702375e-02,-3.924915286710015105e-02,-2.318495015366697429e-02
-5.099563751295402292e-03,-2.033496417385107988e-02,-3.908216528625043100e-04,9.169084957855531959e-03,-5.039550156821627144e-03,-2.453098345695900202e-03,2.518772101144069187e-02,-7.359311880957446206e-02,-4.801603703646509236e-02,-1.034780201383531106e-02,9.910007077045800486e-03,-2.780804650276499229e-02,4.484391574605822023e-03,-1.487044144258167777e-02,1.193289841747544044e-02,-1.972793694875529802e-02,-4.118322763046961682e-02,2.302424288718328289e-03,3.935044369411693221e-01,1.000000000000000000e+00,2.860948269804971522e-01,1.065441610636851250e-01,-4.968076576434769798e-03,-3.165006613699538479e-02,-2.152769458212673570e-02,3.348904673985814845e-02,1.726404413850479713e-02,-2.366114482948649886e-02,-3.376666257278095051e-02,-2.621746606099969318e-02,-2.514230099152578446e-02,-3.179515030663129099e-02
-2.916216097217781689e-02,1.651185879388445202e-02,-5.560653007694305733e-03,-1.246529150259948707e-03,1.097961227137168178e-02,1.025575187701588745e-02,-2.867128597721882791e-02,-5.890509205168552309e-02,-6.871593549855013749e-02,-4.559686200003033180e-02,-2.732921036056377984e-02,-3.254189378728091636e-02,-4.182056219122756019e-02,-1.885417850052273272e-03,-3.012396595703310982e-03,-1.748818726348365729e-02,-3.667438493636540620e-02,5.569628984532883770e-02,2.508466730985440402e-02,2.860948269804971522e-01,1.000000000000000000e+00,4.208455121766736529e-01,1.841488847611923441e-01,-1.553946518521620405e-02,5.718143822621259836e-02,2.291102625953625460e-02,5.356776506925425840e-02,2.046960526906544883e-02,-5.262204270504099168e-02,3.162321032264548554e-02,8.510023987414509772e-03,-1.445562287811736311e-02
-4.914587925158647036e-02,-1.101289625482556028e-03,-1.238624444870936418e-02,-2.132157457114436556e-03,-3.578221308825838085e-03,-7.785601394819642758e-03,-1.892774551986755802e-02,-6.076720729550312561e-02,-7.248300781580986618e-02,-3.795376168218023150e-02,-4.540453146514768917e-02,-3.638543692373212568e-02,-5.757893927575271492e-02,-3.063701198382538793e-02,-1.939024359665282929e-02,-3.915624984575744039e-02,-5.350332261865182321e-02,9.791064547581272703e-02,1.242498687007986546e-01,1.065441610636851250e-01,4.208455121766736529e-01,1.000000000000000000e+00,4.300000297139889294e-01,1.301728749469285573e-01,1.769811534618981053e-01,9.586953423237902505e-02,5.530695001284333806e-02,-1.347603728427959613e-03,3.729055305306578846e-03,4.555870344434329033e-02,4.169517675911139747e-03,-2.474785220071300251e-02
-2.741972094411858699e-02,-6.736342022928185590e-03,-4.250067971216880264e-02,-4.848935140054802528e-02,-4.346962151102521515e-02,-1.644712661923509707e-03,-4.941156639170265347e-02,-3.728313972209024857e-02,-7.956552189233924433e-02,-4.968340457612326067e-02,-1.391562107489035909e-02,-7.647541087119759211e-03,-1.228475302686401517e-02,-1.897237300291135589e-02,-3.693276942833472604e-02,-1.550440218104686720e-02,-1.483855681898540828e-02,2.471874303723170865e-02,-2.249240007041461431e-02,-4.968076576434769798e-03,1.841488847611923441e-01,4.300000297139889294e-01,1.000000000000000000e+00,3.371872373842061954e-01,1.832672688138372585e-01,8.429684073672799594e-02,9.719669414720885636e-02,5.255401329340241706e-02,-1.450488757052776799e-03,3.481806504852467260e-02,4.001777188311001626e-02,3.954216191333231184e-02
-1.061151672535029684e-02,3.438594397112522405e-02,1.480729260661730121e-02,-1.288858568253923274e-02,-7.814358761376347801e-03,2.135215608619094041e-02,-2.080392711735421646e-02,3.228167264635961251e-03,-1.353089142705558509e-02,-1.872546762499670064e-03,-2.872716593547442257e-02,5.587276393243547495e-03,-4.658148916284322177e-02,3.954810817064270852e-03,-1.965814321924302596e-02,1.817019039650230594e-02,-2.340259738825358968e-02,-3.722231637266507076e-02,5.049468186587503099e-02,-3.165006613699538479e-02,-1.553946518521620405e-02,1.301728749469285573e-01,3.371872373842061954e-01,1.000000000000000000e+00,4.395865519252505904e-01,2.489553579935118444e-01,9.967764793267976098e-02,-1.213392133738430863e-02,-5.039936849316936640e-02,-4.045774277721515301e-03,-4.369410716948863432e-02,4.988270005144370550e-03
-1.618120777702716437e-02,1.456010229881449583e-02,1.438369629531112068e-02,1.529520255167274821e-02,2.042678110062748353e-02,1.646030467217570251e-02,8.081229328409898771e-03,-1.280073572305253683e-02,-3.917250415373826314e-04,7.343430680991032411e-03,-2.910771500328331388e-02,-8.811972301217246839e-03,-2.524888555661426379e-02,-1.006759339398921073e-02,8.089609849567682906e-03,-1.557766762970581517e-02,-5.850796855450299955e-02,2.395492012440852454e-05,9.388939793671753631e-02,-2.152769458212673570e-02,5.718143822621259836e-02,1.769811534618981053e-01,1.832672688138372585e-01,4.395865519252505904e-01,1.000000000000000000e+00,5.008633987112803831e-01,8.666406619084315865e-02,-5.201108978327384502e-02,-4.747156823695664052e-02,1.516656834238084596e-02,-2.222745619274435133e-02,-3.576238354097362876e-02
-2.134012790250364514e-02,-2.159686860377805356e-02,-1.797575179445666527e-02,-2.309708522424440413e-02,-7.882798205039717732e-03,7.563759513768946417e-03,-1.097713350063652185e-02,-1.705321178088108763e-02,-9.035871873267639631e-03,2.356807787749120101e-02,-1.947505975079989737e-02,-3.741372417680820933e-02,-5.425366642187516575e-02,-5.667741964087118223e-02,-9.991258565633783992e-03,-1.925283469346102810e-02,-2.552689181452801742e-02,2.358847048008676228e-02,6.338680868279029934e-02,3.348904673985814845e-02,2.291102625953625460e-02,9.586953423237902505e-02,8.429684073672799594e-02,2.489553579935118444e-01,5.008633987112803831e-01,1.000000000000000000e+00,2.988832198511269245e-01,7.327894253370578585e-03,-2.414579103191347165e-02,8.228997428104214973e-02,4.811826008487245926e-02,7.142695681121810115e-03
-2.723951325649250077e-02,-3.875638220234772779e-02,-4.227093926495043008e-02,-2.427178468455294322e-02,-3.682306384647910519e-02,-3.322942847485837320e-02,-1.691088226459849450e-02,-1.434781197549534273e-02,1.442009211119805144e-02,3.779013691681965686e-02,5.941042922687340272e-02,2.752073845603292268e-02,-2.595155009137907823e-02,-2.087429502985856805e-02,-4.352718605996772072e-02,2.783424519113373088e-02,4.490545569743677190e-02,6.340835096849452030e-04,-1.592896593368002198e-02,1.726404413850479713e-02,5.356776506925425840e-02,5.530695001284333806e-02,9.719669414720885636e-02,9.967764793267976098e-02,8.666406619084315865e-02,2.988832198511269245e-01,1.000000000000000000e+00,3.761152900418209821e-01,-3.185499674365258049e-02,1.643756726478578234e-01,1.032863582874200825e-01,4.886233122651528066e-02
-7.994422673442308155e-03,-2.067512916619680674e-02,-2.410341309445840699e-02,-2.106526998560791231e-02,-1.346725456704962222e-02,-1.937503656325566953e-02,-2.082093428214345718e-02,-3.657538571652770715e-02,-3.212853634309267153e-02,-1.098816730858091610e-02,2.986737127415224624e-02,1.933640148764809857e-02,-1.658346929636291683e-02,-2.400634880615940339e-02,-6.717252147983206190e-02,-2.564016602337923501e-02,2.555987646785366080e-02,2.925390970443302735e-02,-4.118098717143005988e-02,-2.366114482948649886e-02,2.046960526906544883e-02,-1.347603728427959613e-03,5.255401329340241706e-02,-1.213392133738430863e-02,-5.201108978327384502e-02,7.327894253370578585e-03,3.761152900418209821e-01,1.000000000000000000e+00,2.490191821918791293e-01,1.795582864352069374e-01,9.451604786736321484e-02,4.473310470822203233e-02
-3.256779705936652808e-02,-3.216533282350569206e-02,-1.291463787831235131e-02,-1.755130774759255247e-02,-1.194219617073817574e-02,-6.687906990184906697e-02,-1.228776626360764818e-02,2.737447556364885209e-03,-8.352812384443125812e-04,-2.272259499145583086e-05,2.841774355691262244e-02,-1.855591668839074240e-02,-3.848502703057699904e-03,2.065811916886167027e-02,-4.556287058068024531e-02,9.407527461849537727e-04,4.212535432954780251e-02,3.745283929038948495e-02,-3.799342626547623069e-03,-3.376666257278095051e-02,-5.262204270504099168e-02,3.729055305306578846e-03,-1.450488757052776799e-03,-5.039936849316936640e-02,-4.747156823695664052e-02,-2.414579103191347165e-02,-3.185499674365258049e-02,2.490191821918791293e-01,1.000000000000000000e+00,2.586716104551514128e-01,-1.230483203576671243e-03,-2.823200239180337009e-02
8.494280152150295721e-03,1.243027502343748043e-02,1.552093005575158439e-03,-4.916540220221991830e-02,-2.367591476818625348e-02,-3.261086220981608552e-02,-7.621875412516931902e-02,-2.640465897175606202e-02,-5.691707645987067327e-02,-2.524038706377004782e-02,-2.416562705946852241e-02,-6.668134192601259114e-02,-5.233827657445121878e-02,-3.156001726351944509e-02,-7.851284195738712779e-02,-3.581085760062276135e-02,8.828259482746248984e-03,3.218555680726392643e-02,-1.364475604363702375e-02,-2.621746606099969318e-02,3.162321032264548554e-02,4.555870344434329033e-02,3.481806504852467260e-02,-4.045774277721515301e-03,1.516656834238084596e-02,8.228997428104214973e-02,1.643756726478578234e-01,1.795582864352069374e-01,2.586716104551514128e-01,1.000000000000000000e+00,4.378939953447344990e-01,2.524756709104449826e-01
-8.850828338399180026e-03,-1.419257875326128751e-02,-2.294112998606697394e-03,-4.649024460184868895e-02,-2.988405588559133602e-02,-2.322432937743686837e-02,-6.304760220064670184e-02,-2.145164129405622774e-02,-6.543410421390616349e-02,-4.073797241708427413e-02,-2.894764199085221590e-02,-6.755116977485703389e-02,-3.823623553748823484e-02,-3.579223774497000687e-02,-1.968933113735422263e-02,-4.619717550825965663e-02,5.927095735996173141e-03,2.215147890636541897e-02,-3.924915286710015105e-02,-2.514230099152578446e-02,8.510023987414509772e-03,4.169517675911139747e-03,4.001777188311001626e-02,-4.369410716948863432e-02,-2.222745619274435133e-02,4.811826008487245926e-02,1.032863582874200825e-01,9.451604786736321484e-02,-1.230483203576671243e-03,4.378939953447344990e-01,1.000000000000000000e+00,3.466602298206290511e-01
-1.260848067856804033e-02,-2.440056076258235312e-02,-2.517325212303233792e-02,-4.632357025104097414e-02,-3.815488298176791804e-02,-2.803096055353094737e-02,-5.339450886425881754e-02,-3.005939918491847343e-02,-6.664216988596713409e-02,-1.857430849406117510e-02,5.879657351032217989e-03,-3.491673758315402137e-02,-1.091822890511332488e-02,-3.766343476805968787e-02,7.373158882291533552e-03,-7.307378898707703532e-03,-7.778850490259913526e-04,2.046381236372053075e-02,-2.318495015366697429e-02,-3.179515030663129099e-02,-1.445562287811736311e-02,-2.474785220071300251e-02,3.954216191333231184e-02,4.988270005144370550e-03,-3.576238354097362876e-02,7.142695681121810115e-03,4.886233122651528066e-02,4.473310470822203233e-02,-2.823200239180337009e-02,2.524756709104449826e-01,3.466602298206290511e-01,1.000000000000000000e+00
