1.000000000000000000e+00,3.967716682419729080e-01,4.005535983205094075e-01,5.355971413495242972e-01,6.943046902132428422e-02,3.944451209504732936e-01,1.232450058801393272e-01,-3.108861579549122567e-01,-1.003256189930508413e-01,-2.671562521477259255e-01,-3.455138947072972089e-01,-4.512337831935005206e-02,1.218611200278844203e-01,1.379338738694975697e-01,9.916152289303294121e-02,3.107673514895876177e-01,-2.562865221026903728e-01,1.000282454365478829e-01,6.120951545023542266e-03,-2.553631516319750938e-01,-3.150675181306290540e-01,-3.111538606611234936e-01,-3.059397418303184124e-01,-1.605369128614504981e-01,-1.896403981930289695e-01,7.325505272079153862e-03,1.134873402906322049e-01,-2.254565389124328981e-02,1.605330021272025898e-01,2.081726219534716094e-01,8.431885669333653854e-02,2.924058185103728946e-01,1.799566820566335101e-01,1.359176439300054662e-01,2.663821030404539547e-01,2.140264026248095697e-01,1.221849534326530790e-01,7.683653110132471209e-02,1.298685258329538572e-01,-8.552348794404951438e-02,-6.659026429774433931e-02,-1.647152017028006010e-01,-5.206716908826204693e-02,-2.470028182862854527e-01,-3.381698913293357811e-01,-1.757767461869696179e-01,-4.713836318468165865e-01,-2.523680777224993066e-01,-2.379916315406216676e-01,-3.439957687309030399e-01,-2.151456779969171951e-01,-1.944574360055696116e-01,9.914640480808632750e-02,2.619090561624970448e-02,-3.332056308960542057e-01,1.601122166694425586e-01,-1.315023599265165433e-01,3.655094209750112122e-01,3.044624571106898103e-01,3.470066275488868923e-01,3.899544360349140315e-01,3.620013021766689265e-01,4.604248934378782354e-01,2.500230751957148723e-01,3.270896421121147757e-01,1.483316694446130679e-01,2.076193255301994958e-02,-1.324071691957498242e-01,-2.378002374156198279e-02,-5.532799274393242206e-02,1.610689981678282631e-02,1.976797631308139375e-02,1.120360936074301554e-03,5.273782501281928936e-02,6.710053854546489671e-02,2.380179316290517710e-02,4.790585453702598043e-03,2.171227017124594330e-02,1.110412363145963088e-01,-4.271327534431805517e-02,-1.457572592966576708e-01,2.900424376878431992e-02,-1.944000857333912091e-01,-8.460393248897479790e-02,-1.196235609750997686e-01,-2.554312617584561518e-01,-2.252772684132766934e-01,-2.596505574622282597e-01,-1.016131542255903908e-01,-1.489081370034284757e-01,-3.471881908792689986e-01,-3.221920454587428040e-01,-3.661479595618203353e-01,-3.938067301468821113e-01,-4.194312448101231716e-01,-2.970331739943511407e-01,-3.632156069048867453e-01,-3.582734276647752125e-01,-3.245137567041861404e-01,-3.100084100543583632e-01,-2.266999229263895188e-01,-4.461186555030691170e-02,1.268719569803714309e-01,9.320893619445533296e-02,1.069615563834001859e-01,1.805541610265930519e-01,1.768096059691769140e-01,-4.423282308701411173e-04,5.769928127328802225e-02,1.027852700890185128e-01,1.717108569341524171e-01,-7.611864662538956293e-03,8.243296895592958085e-03,1.531911866383812992e-01,1.114112959088327248e-01,5.242307050651476980e-02,1.809853242883872060e-01,-1.727746102095371189e-02,3.497751353244339390e-01,-1.709107725367064665e-02,-6.328527151284493724e-02,2.416042090250530017e-01,3.020846845728260566e-01,1.815354233216092128e-01,5.639778807726631982e-01,2.229859802886227094e-01,2.542721125101340962e-01,5.969555180122297910e-01,4.609783499264881734e-01,3.468003707494770049e-01,4.792765599435399038e-01,2.250315577907875120e-01,1.589025379483185729e-01,3.767764955074792144e-01,3.839634502390878307e-02,2.699650324691525993e-01,6.330940604597978805e-02,1.013150415862416540e-02,2.068154948900044199e-01
3.967716682419729080e-01,1.000000000000000000e+00,3.721953571324922438e-01,6.717104068769975678e-01,5.665498586435266937e-01,4.165555249931029991e-01,-7.300860003209189153e-02,-3.320320131933444663e-01,-1.672952754260021158e-01,-4.257190487820365909e-01,-3.739136740457726371e-01,-3.688738178224448827e-01,-1.754060353504665326e-01,-1.195839048302518859e-01,3.846402543572303712e-01,5.455272507735206555e-02,-2.249658495245727141e-01,2.397373741975601658e-01,-2.399764687610382030e-01,7.762649582251605895e-02,-4.601279638592754018e-01,-2.862943123880775653e-01,-3.512637840634485475e-01,-4.529484050288240526e-01,-2.765494807840315761e-01,-1.646082224854070186e-01,-6.967871367562442075e-02,1.305928148702090348e-02,1.624850747881855240e-01,-1.223437742883431295e-02,-8.290714211064934003e-02,2.240467979393084494e-02,2.162102659870473662e-02,-2.109359061305924321e-01,7.286933512681025016e-02,2.108797664941149119e-01,1.403314188721943578e-01,1.616792243029772091e-01,8.704062023294689698e-02,5.760448736993641766e-02,4.781551487568297398e-02,-1.147424139989064173e-01,8.785941356212766118e-02,3.931310210469841915e-02,-1.718484817883545179e-01,3.114294026568723561e-01,-7.187917329347937034e-02,-1.020331452995788118e-01,2.490474400590912130e-01,-1.320631863743728165e-02,-2.267849742650039357e-01,1.181014207862121912e-01,1.625018530755385493e-01,4.199684000975121290e-01,-1.030237307552239572e-02,4.255420375909004793e-01,9.200671366509227678e-02,3.771720295369939135e-01,1.495030772712018230e-01,4.850527751803676013e-01,3.565443469548152944e-01,2.197119501771047367e-01,3.468229109353229700e-01,-1.590701513003595913e-01,7.015184539964703855e-03,-1.348080526731230445e-02,-8.350162713555424332e-02,1.423930149134282298e-03,-1.619787732847525197e-01,-1.537256855268396838e-01,-4.445306598805100207e-02,-1.875114764268745460e-01,-8.381588929214625616e-02,-4.547005200203614594e-02,7.723839057402212549e-02,8.776422250872280284e-02,1.280975301437454750e-01,2.181245294000646595e-01,1.473648969873238013e-01,1.843005550669992998e-01,1.035017930457459434e-01,2.149580822426429561e-01,-1.397880000163570155e-02,6.329370783180980620e-02,1.029710637020290554e-03,-2.656606334304381090e-01,-3.807765517014866652e-01,-2.672355088154775293e-01,-2.754074101444263789e-01,-4.823535943067421838e-01,-4.181874255301842869e-01,-4.707323636732514416e-01,-1.964628578682917348e-01,-5.260965200542161435e-02,-4.317707363813428900e-01,-2.078748728339138152e-01,-1.210249035767886200e-01,-2.609754338504067794e-01,-1.636874971846012661e-01,-1.534599520734300504e-01,-2.099453946929552839e-01,-1.065756924265593014e-01,1.848373865848012554e-01,1.104162411521645432e-01,1.909598306880725127e-01,2.762092831542765081e-01,2.056973380076401181e-01,7.036138896286382727e-02,2.712602075789536937e-01,1.281218100993219977e-01,4.696415995626229689e-02,-1.183155982627321912e-01,6.647069506697532437e-02,-6.170579373745273266e-03,-2.460832714005176947e-01,-1.508183030959547588e-01,-2.774537722953856339e-02,-4.230198850694404933e-01,1.382891211754412597e-01,-2.872083105624435584e-01,1.450950641649344786e-01,1.524688088797822860e-01,5.129774991043211108e-01,3.916840195650059253e-01,5.621582076852902343e-01,8.812220832060896347e-02,6.149707014067391508e-01,4.107709867125873271e-01,4.762228012363692309e-01,5.957361113831408650e-01,2.685323217678200480e-01,-1.928327154183576420e-01,-2.591236262666111734e-01,8.995895134371162394e-02,-2.550424602592928358e-01,-9.315470023542246625e-02,-1.478246239769505643e-01,-3.176326831423811337e-01,-8.927863669956283277e-02
4.005535983205094075e-01,3.721953571324922438e-01,1.000000000000000000e+00,4.705168879827118511e-01,3.594622662863229401e-01,6.786374979744850267e-01,2.252741392807587617e-01,7.854371240491089812e-02,1.447537022209645918e-01,-7.415702799861426803e-03,-1.366565034434692183e-01,3.276513752110970373e-02,-1.745442104118176962e-01,-4.120015890315030793e-01,-2.162703154544251272e-01,-2.561000511143410319e-01,-6.822795573882824982e-01,-3.637063937939944425e-01,-4.831873491355649364e-01,-4.231226961642038931e-01,-5.511836444794205869e-01,-2.916449508874787155e-01,-4.555569168735780772e-01,-2.262300500937364789e-01,-1.080214022851432865e-01,-1.039676841396199730e-01,1.143026110192619099e-01,2.519286827204353374e-02,2.982011353473689730e-01,2.374090970170365245e-01,1.424629355680305798e-01,1.340832161402008837e-01,2.664438433836477937e-01,-9.248818347894902786e-03,1.878242567705972199e-01,2.171474226380847306e-01,3.077072836427167668e-01,1.277499399851056983e-01,7.476793501077780291e-02,3.054027391211543499e-02,1.608719853039485004e-01,8.695298673231829922e-02,3.433342127950992362e-01,-1.515812327993819320e-02,1.458664551072279547e-01,1.758400051044583801e-01,-1.660903634316404087e-01,1.118387171107777245e-01,1.504687452439066042e-01,-1.530260368804289665e-02,-3.970205633220612595e-01,1.629835456131806855e-03,-2.397476897164235177e-01,2.045279971216548143e-01,-3.056234624280498857e-01,3.343356689646603264e-01,2.574633731331227304e-01,3.804108351098007268e-01,6.768799721584591034e-02,3.010470153377483027e-01,3.795022528876009216e-01,1.099901821395029844e-01,2.729433725712111514e-01,2.128172052254850566e-01,-4.253277128774950178e-02,1.655089980681999917e-01,5.947453788406908450e-03,1.547667742140008129e-01,2.225555594426392447e-01,1.440423424352469672e-01,1.945461835812413720e-01,1.645043169734349553e-01,1.358680517319888204e-01,5.786721401270546183e-02,1.036606979183199856e-01,-4.390065205052502695e-02,-5.638919871233094572e-02,-9.302804474268103196e-02,-2.079794061381720627e-02,-9.346658081316432110e-02,-4.352930729020125511e-02,3.118435173501202598e-02,-2.625226261422292651e-01,-1.089964438779170847e-01,-6.976296263236521356e-02,-3.793966160644243746e-01,-2.627259540371173485e-01,-2.873028598946188450e-01,-4.214698655010649109e-01,-2.232665657791166880e-01,-3.503601560661996905e-01,-1.422170405805939231e-01,9.262878528663538724e-02,-1.305065038706126890e-01,-3.164400451140971238e-01,1.374624055199065165e-01,-1.447281242696828174e-01,-2.517336001550748992e-01,1.085393870428526079e-02,-2.013161066920032272e-01,-1.809102562387700508e-01,-4.298350956950623691e-02,1.343166695403297806e-01,1.952220362173394397e-02,5.599695463455430650e-02,4.711906006667868074e-02,-1.341584292989147185e-02,-2.206809430900511793e-01,-2.133987924141628537e-02,-2.078831327641446347e-01,-2.133242906410625361e-01,-2.848416776700621877e-01,-1.651041316168971318e-01,-2.648815332345103579e-01,-2.471245203633137821e-01,-2.853225022337614325e-01,-1.371257680415040037e-01,-2.902295384503176812e-01,4.749137706352156429e-02,5.584427591893220688e-02,4.046609151684524286e-01,5.091734988638954018e-01,4.592484782904652230e-01,-1.759986896253395994e-02,3.347510440196740933e-01,-3.118597010895242660e-01,7.340648080305442469e-02,4.874613189326474916e-01,1.752234924609478439e-01,4.583860869277793237e-01,5.542878680881524467e-01,3.016159859895249928e-01,-6.654856595556052357e-02,1.733221012791163473e-01,1.780971500922090001e-01,1.305336281847883917e-01,2.109182296802825096e-01,2.706931172951811820e-02,1.026386887445950025e-01
5.355971413495242972e-01,6.717104068769975678e-01,4.705168879827118511e-01,1.000000000000000000e+00,3.888972170833668307e-01,5.587466437994720314e-01,1.179996893076844799e-01,-3.063786081210184697e-01,-1.348131822362051979e-01,-4.213301351555325258e-01,-4.587536343728026433e-01,-2.955704474958920636e-01,-1.069996010965943156e-01,-8.618166993833384359e-02,2.117633799547733453e-01,1.582810316854875443e-01,-4.249371382608843062e-01,2.281791432478087189e-01,-1.876105169722039889e-01,-1.117804329535723312e-01,-4.727712298818005365e-01,-2.778181729882153728e-01,-3.577043319749276806e-01,-3.902873695173126323e-01,-2.684061017543538652e-01,-1.327834663197230980e-01,3.125670460856264793e-02,-4.921763631394671101e-02,2.060974321329180625e-01,8.081290989424391724e-02,-4.263550567186739915e-02,1.535353454670572160e-01,1.505499406440969912e-01,-4.766665761565182236e-02,1.931521755272309349e-01,2.669162040069384401e-01,1.267045366134422479e-01,1.709229972540162734e-01,1.592441393134192695e-01,2.250885994440545573e-02,-4.790433904877938048e-02,-1.218351608480394421e-01,1.931910580259945179e-02,-1.263865481739476770e-01,-2.632061941837439134e-01,8.349715861098311320e-02,-2.967159232473975394e-01,-1.572013610589601540e-01,7.234170659385218138e-02,-1.956628778800652280e-01,-3.387163806337800120e-01,-8.053661514735334370e-02,1.128233535912587515e-01,2.465348545557686233e-01,-2.475119812887224546e-01,3.584022763435618653e-01,-1.813227759561004265e-02,4.963609804000964076e-01,3.158844027511088504e-01,5.247855821825052614e-01,5.144936246653313283e-01,4.323095045359997002e-01,5.032045548198469387e-01,8.721744188962055055e-02,1.815684325925609188e-01,1.384211723187805110e-01,1.909830202629961152e-03,-1.079236460502803474e-01,-1.245479481701153440e-01,-1.494123688932358640e-01,1.860008842961380707e-02,-1.290621829125222220e-01,-4.109465145317309914e-02,2.241796367157756348e-02,1.268604894464435140e-01,1.148892770153031040e-01,1.769377455208933914e-01,1.559276598186416229e-01,1.577872618019437179e-01,5.762503037265456762e-02,-6.988489946180236057e-02,1.301067634305017040e-01,-1.849560943453422701e-01,-6.256235976252129405e-02,-9.103225822610437612e-02,-3.526807507255202978e-01,-3.566525328759624358e-01,-3.656825058033093545e-01,-2.650963974846309856e-01,-3.954283372347047187e-01,-5.303678804046275674e-01,-4.365228053290500787e-01,-2.824762574377319702e-01,-3.256365609640370917e-01,-5.429880284921002609e-01,-2.730431561276506769e-01,-3.455493874461810222e-01,-4.090595254957560822e-01,-2.633517689664295336e-01,-3.337155618526469469e-01,-2.795982441070972713e-01,-9.899885096561618358e-02,1.747788986100227704e-01,1.346404156230223970e-01,1.702744184604655930e-01,2.875183579471676243e-01,2.477788682205413762e-01,5.046284475630474775e-02,2.074294943542750735e-01,1.590331358516024474e-01,1.194434452770130328e-01,-6.156465484778660124e-02,1.084152534378994559e-01,7.432169730088149240e-02,-8.159748141403026789e-02,-3.691610498333981749e-02,8.505205028104181886e-02,-2.602426694542814833e-01,3.047807163022161481e-01,-1.721164388472116169e-01,7.016843738924453955e-02,2.505410241942785388e-01,4.543715865753038541e-01,2.483089334281656790e-01,6.630345920943507831e-01,1.574210073301070545e-01,5.107547033045147788e-01,6.107737459422971638e-01,6.070223988545598859e-01,5.763489269970412110e-01,5.176027588951915837e-01,3.347143118807155426e-02,9.025577365064547941e-03,3.227400184711951003e-01,-1.298297192021505286e-01,1.437584481220766375e-01,-5.327075510162027766e-02,-1.912705268517086998e-01,1.110669110350724631e-01
6.943046902132428422e-02,5.665498586435266937e-01,3.594622662863229401e-01,3.888972170833668307e-01,1.000000000000000000e+00,4.432815558597434369e-01,-1.222052636876795190e-01,-2.555239280005987962e-02,1.367848886379512130e-01,-2.530755533514015276e-01,-3.551136084164543266e-02,-3.372727243449370471e-01,-3.394471560716323388e-01,-4.357115962386634012e-01,1.440849524830584982e-01,-3.644591554037459602e-01,-3.139178261189903285e-01,-7.220656223280230712e-02,-4.989964263241020714e-01,7.769018195722814102e-02,-3.566883618905362652e-01,-9.345520118735997639e-02,-2.644668179171582034e-01,-2.589078772322480626e-01,3.472798559412996339e-02,-1.171332932555950029e-01,-8.972573115383532250e-02,1.373142062834897814e-01,1.541466735746153394e-01,-3.186636389049207069e-02,-9.547742749809805252e-02,-1.760407189569269393e-01,-3.444397865689423355e-02,-3.127168235417013276e-01,-1.025771873307799176e-01,3.902225587189395856e-02,1.523456514067577927e-01,7.305473886539311235e-02,-9.806035012267275142e-02,3.801886261239089543e-02,1.730931775533205708e-01,1.750508061261399177e-03,3.105418471633329958e-01,1.703002721930879093e-01,1.749071351547170083e-01,5.468644866440888208e-01,3.389900871088967205e-01,1.858772193503644976e-01,5.126875209073658013e-01,3.464091288416434877e-01,-2.785492461365292674e-02,4.474635121436092433e-01,1.142058750037760889e-01,5.132228001087592029e-01,2.551645208149250776e-01,4.822022677198795626e-01,3.381341646470752416e-01,2.781324309489967561e-01,-8.713493075825219647e-02,3.557189927821507447e-01,1.029170168642004057e-01,-9.180165523294414598e-02,1.122930550214440437e-02,-3.607443512860147306e-01,-2.915306843730095521e-01,-2.387683837626802807e-01,-2.368005077693700333e-01,8.667035578603680956e-02,-9.761489672638965290e-03,-1.043102415408216493e-01,2.984978887591221292e-02,-1.455225653165448385e-01,-6.294847500780974270e-02,-1.193169839417793088e-02,8.091618283257955013e-02,5.664200353701935586e-02,6.871456346279231076e-02,2.050156062773270671e-01,6.678408783248972191e-02,2.319511283668569679e-01,2.835947838896005768e-01,2.245380221296348344e-01,8.856991750802310770e-02,7.255190745653783413e-02,2.952271749795874756e-02,-2.256764893620935297e-01,-3.324306585770464006e-01,-1.791818116066556665e-01,-3.087260299269200536e-01,-4.652994585155505458e-01,-2.709118717014537547e-01,-2.537863339720630718e-01,1.816860371589009704e-01,3.200198678288972975e-01,-1.557035071271951898e-01,1.527358419138554746e-01,2.557015788483221197e-01,5.949420474126340913e-05,1.322582730139637286e-01,1.016884189336678401e-01,-5.670496514975022911e-02,-8.078102414981033763e-02,8.820078464625219494e-02,5.801648539482388151e-02,1.296724450352431945e-01,1.405183693910322384e-01,-6.036754744053529631e-02,-3.315836868468092363e-02,1.487477027922698425e-01,-1.473369973264986588e-01,-2.337576247761297688e-01,-2.436358411125776335e-01,-1.143331884779110602e-01,-3.046313279357888426e-01,-4.730838213391612701e-01,-4.563114302061036520e-01,-3.130417036258120178e-01,-5.728233387387623443e-01,-2.683640868099913535e-01,-2.167831628498496088e-01,4.569583118746357031e-01,1.477646581578871687e-01,3.692411777138105422e-01,2.422896933456513413e-01,1.625388318226831941e-01,-3.031216598550204866e-01,3.587734898143470907e-01,4.544518059174028346e-02,1.233368674892972167e-01,5.504193651042276203e-01,5.821236709065714249e-02,-2.765823708061679875e-01,-5.250411566138288855e-01,-1.771505949714606287e-01,-1.955515941187176421e-01,-2.757137940303179824e-01,-1.160380773656095460e-01,-3.182183275920937304e-01,-2.188997934206222407e-01
3.944451209504732936e-01,4.165555249931029991e-01,6.786374979744850267e-01,5.587466437994720314e-01,4.432815558597434369e-01,1.000000000000000000e+00,3.051490232419741822e-01,8.287714450366717722e-03,1.399478257596915021e-01,-1.184725636595536091e-01,-2.022550652635861368e-01,-4.715159034552700301e-02,-2.112699683687687124e-01,-4.292564252117091472e-01,-1.542072206170841675e-01,-2.315186184055957608e-01,-6.617601035460203285e-01,-2.258711912352064921e-01,-3.891858441809836200e-01,-3.693482621479928785e-01,-5.415859487274483630e-01,-2.705208106190552519e-01,-4.136949264219997868e-01,-2.074714373934078149e-01,-5.104777248031184406e-02,-8.984247013898602474e-02,8.365038846374976689e-02,3.325629943097364871e-02,2.886203784514205228e-01,1.516802790801084211e-01,1.323350288211841766e-02,6.244071021231941548e-02,2.124870837543938740e-01,-9.053733945275624362e-02,1.027271044759224677e-01,1.603367815993272938e-01,2.546456974639390025e-01,1.089590976185348115e-01,1.148884647920844770e-02,3.633268523043761689e-02,2.404286606679174321e-01,1.131127957266423872e-01,3.667596589113409911e-01,5.895012282801943837e-02,9.914922743290360829e-02,1.825117154452192969e-01,-1.399100082524525612e-01,7.274364932195036271e-02,1.972569832477247542e-01,-4.130931222862790214e-02,-4.096535844494147982e-01,-3.968471722642359471e-03,-1.754496305130184564e-01,2.647228392947870712e-01,-2.832187054907723267e-01,3.586848482165628793e-01,2.477472387139011412e-01,3.975592478349825876e-01,2.830222802229204887e-02,3.414399750708940751e-01,4.341155960120531287e-01,1.450375856680194697e-01,3.500457111961899903e-01,2.168862287138662304e-01,-5.902887535074597541e-02,1.858434861195472632e-01,5.660081630301668637e-02,1.254470537947697528e-01,1.822701728953348699e-01,1.983038292576707884e-01,2.197458772787192760e-01,1.500642803508863421e-01,1.608147751303871109e-01,3.995154806379304369e-02,1.068550435481076255e-01,2.894122701517445103e-03,-1.917613125707329919e-02,-9.291615663815894210e-02,2.853313954562957527e-02,-6.744693048077655961e-02,-5.295528377680992771e-02,4.554563404125552828e-02,-2.558058558165705598e-01,-9.787428758189906097e-02,-6.781392324710014408e-02,-4.119672678881508565e-01,-2.973007414606416710e-01,-2.909484558835447321e-01,-4.500904572481755350e-01,-3.331278296635591940e-01,-4.087561114416818908e-01,-2.560521658872340622e-01,4.767868858242694380e-02,-1.938391871432550428e-01,-4.074731974973196391e-01,5.617117826171402761e-02,-1.641907585622059407e-01,-3.353394606467536287e-01,-2.292643073090516390e-02,-2.505923049155213134e-01,-2.495410216946304383e-01,-6.523553453687966353e-02,1.748632376251273435e-01,5.365687526497280729e-02,3.621146503608457801e-02,1.198527908397927361e-01,3.906961110870021264e-02,-2.092201484280896695e-01,-3.485521054533190135e-03,-1.778225836414769334e-01,-1.378565649933114479e-01,-2.142036313045363738e-01,-9.182913440621426338e-02,-1.826919061984162707e-01,-2.151793543604046954e-01,-2.545021433378360509e-01,-1.164695198071847432e-01,-3.003446778813071982e-01,6.975095607831725830e-02,-2.299900249690918497e-02,3.979805983168737682e-01,4.687676694605816818e-01,4.576508089721976202e-01,4.206047185950067061e-03,3.883285905036195640e-01,-3.046096478131780083e-01,1.023197990361212617e-01,5.050127455753212757e-01,2.340042859752086424e-01,4.880579325166185534e-01,5.976116399620476916e-01,2.780019325515924455e-01,-7.128444687013797687e-02,2.064605381629561198e-01,1.561411347985840192e-01,1.552430134118652494e-01,2.302486533717849337e-01,-3.469933217366689970e-02,1.208339669653677728e-01
1.232450058801393272e-01,-7.300860003209189153e-02,2.252741392807587617e-01,1.179996893076844799e-01,-1.222052636876795190e-01,3.051490232419741822e-01,1.000000000000000000e+00,3.063917629609866911e-01,-4.466323008708276976e-02,1.591540570482891104e-01,1.026811847828502239e-02,1.908465629178983936e-01,-8.240852290352368437e-02,-2.332404972507272634e-01,-3.890007344822599133e-01,-1.774069218027183870e-01,-3.778058902339579972e-01,-2.354103628568616768e-01,-6.865407076538419806e-02,-3.475522734323786000e-01,-1.261399566142627215e-01,-1.610657504693973618e-01,-8.888727761860736043e-02,7.158316801101416438e-02,1.449788563444487643e-01,1.745674721328084600e-01,1.525400569768691761e-01,8.479803460480363209e-02,1.630961957726273226e-01,1.276483870001468290e-01,-6.688591136435974305e-03,-1.629913547240079488e-02,1.489706116377247647e-01,1.823078695462230711e-02,-2.684728000756026259e-02,-8.568983178153902203e-02,-5.313300818559155841e-02,-6.258295268779266729e-02,-5.424539782595484000e-02,-8.433499565606647139e-03,1.509123986506998860e-01,2.298356090387721762e-01,2.008691761941832077e-01,5.592566321449669864e-02,1.983573448978879494e-01,-1.155246262100755872e-01,-6.046024535819102819e-02,1.656495382234659530e-01,5.030939726261036277e-02,-7.041036183121014702e-02,-3.711047389629305027e-01,-2.502393171386172455e-01,-2.177903523274833109e-01,-1.083992837361713868e-01,-3.760844463487825196e-01,-1.608578993035192535e-03,4.286386127133334778e-02,1.616370305590680567e-01,1.793360016790390976e-01,1.614814968505870127e-02,2.940721963165860986e-01,3.190812351785557999e-01,5.378066805993832189e-02,2.245367664915330075e-01,5.314678295630568400e-02,1.453576780056842488e-01,2.499949914248490168e-01,2.020410185577827672e-02,-5.495331359159352780e-02,9.782400922649589492e-02,3.591024729027226386e-02,5.428919509825562428e-02,1.001548365874219554e-01,1.200882873534901557e-01,1.639008415803335228e-01,6.328420046482115258e-02,6.628181837450998481e-02,-1.000770777103690418e-01,6.739796582190288321e-02,-1.878258590215551582e-01,-1.418135687250137167e-01,-8.808001930613613972e-02,-2.304067653266725635e-01,-1.700571582846761576e-01,-1.901955103747677567e-01,-2.104355157836430845e-01,1.095928537567843197e-01,-1.814790386730247285e-01,-4.218631124040907177e-02,1.258228816277900952e-01,-2.620678658152894580e-01,4.937118896708792698e-02,3.827672750190150297e-02,-2.815011737275379677e-01,-1.261849178137770255e-01,2.184206741010536260e-02,-2.257182859402567798e-01,-1.746017147633079913e-01,-8.817451975872907244e-02,-2.599629502737874631e-01,-2.162203527606991471e-01,-9.150655412319949611e-02,1.510010889247510001e-02,-8.099069214064559888e-03,8.822964127319636585e-02,1.523307535065600293e-01,1.151706100487087520e-01,-7.747789605625653164e-02,5.326440925513704905e-02,-3.885590116370562022e-03,-3.985564095160120529e-02,-1.023187224155895497e-01,-9.237112264556110106e-03,3.641850791666000303e-04,3.481183058884566861e-02,6.872057062826132656e-02,-7.001009813508654589e-02,7.058085723795174370e-03,2.945379599450804672e-02,-7.200998483036331888e-02,8.211051052621226587e-02,9.687390698678176315e-02,6.286953144320772680e-02,-1.797378168361904172e-01,8.437823530624306845e-02,-1.439908491566304349e-01,-1.543714627414876917e-01,1.598620903918208380e-01,1.399452284837173766e-01,-1.223293206766523644e-01,1.737718120654508647e-01,1.841608303858038587e-01,3.609087084085852992e-01,3.389466804946743295e-02,2.059495452797573678e-01,2.834424658415273246e-01,1.247713368749929080e-01,2.677616418081243399e-01,1.997545163614665165e-01
-3.108861579549122567e-01,-3.320320131933444663e-01,7.854371240491089812e-02,-3.063786081210184697e-01,-2.555239280005987962e-02,8.287714450366717722e-03,3.063917629609866911e-01,1.000000000000000000e+00,4.482810820138480312e-01,5.433349883030995642e-01,4.280087875347552417e-01,2.007789803239297677e-01,-2.197273902081046948e-01,-4.256441538427171989e-01,-6.170785202162172300e-01,-5.252344805782789283e-01,-3.296401648858541811e-01,-5.294897700167047194e-01,-3.003791482927263834e-01,-2.633428588388692648e-01,5.763803231736427252e-02,8.106005813968553131e-02,6.322360378183437823e-02,2.474802055143352775e-01,3.535876045271867940e-01,1.489387443355480733e-01,5.323412292057606854e-02,1.249694023909712071e-01,9.262273614644504771e-02,8.342436137390835116e-02,7.511275704015589472e-02,-1.702448740243418523e-01,6.680557827421443329e-02,5.585710168376017276e-02,-1.383958235473702614e-01,-2.163252755808779682e-01,-1.348037291187461351e-01,-1.619369189073301962e-01,-8.635017105934759962e-02,2.568384490942841186e-02,8.655709266847060046e-02,2.872764877688972485e-01,2.750542297628420507e-01,1.126408399949294370e-01,5.557018666221097414e-01,9.193209012632440336e-02,3.285092101502982143e-01,4.229842820053070218e-01,2.622173983834664712e-01,2.962623095129939821e-01,-1.258678824981576128e-01,1.833818750987930013e-01,-3.440223804260253981e-01,-1.024854315048609049e-01,-4.373124513349624376e-02,-2.366456890171553945e-02,2.962314877741369923e-01,-3.346779262318442388e-02,-7.094847019878719463e-02,-1.845445446162951031e-01,-8.435194077086789755e-02,-1.349597240066938986e-01,-3.778528838976537574e-01,-1.389372811845202222e-03,-3.512410199678289713e-01,-1.045227055401777433e-01,-1.342291400769890682e-02,2.189686382027605238e-01,2.681615395905018739e-01,1.165069473963710051e-01,1.929652975001866777e-01,1.816349942126796180e-01,9.349683990121175625e-02,1.584395303103414976e-01,1.359215761092761598e-01,4.943549061960895996e-02,2.849152220056358487e-02,-1.264470569846187498e-01,-1.668747699221270475e-01,-1.952043758622814262e-01,5.486478675830191304e-02,-1.383479455994296448e-01,-1.382481671120327771e-01,-1.407233901779721130e-01,-1.083584533350459705e-01,-1.371646512886952329e-01,1.587663058965896601e-01,-1.201342983940308605e-02,-4.270225806312941824e-02,2.251685838086942559e-01,4.551652727282724104e-02,4.080503184229078983e-01,5.358876534666964231e-01,2.087906450864921715e-01,2.806409654224592543e-01,5.115583969668806574e-01,1.940347451915030164e-01,2.132244287303042274e-01,3.249028365174487232e-01,1.034476771481443874e-01,6.137629988230065142e-02,5.796570864882797519e-02,-3.750887847266488190e-02,-5.556657963596378647e-02,-9.069829339332201312e-02,-1.467794801687183348e-01,-2.502976652300363258e-01,-2.516185676075080591e-01,-1.420028727478870045e-01,-3.231859812986710989e-01,-3.639048178320292704e-01,-2.609508883130048362e-01,-2.645999252077670949e-01,-3.769070155715980586e-01,-2.274252278601935906e-01,-2.796849165937388415e-01,-3.066980428975861761e-01,-1.004653831522758917e-01,-4.113314840225048008e-01,1.612244049835433735e-01,3.622503441726999673e-01,9.151779676536239694e-02,-1.818439551850024316e-01,-3.457249762919441527e-01,-4.310337489859070725e-01,-4.492719845191290307e-01,-4.074976733880621982e-01,-3.147504765373724256e-01,-3.364027301713440332e-01,-2.861098550443004762e-01,-1.847094495859754049e-01,3.326913351086961679e-02,6.188883878861826948e-02,-2.530548431014760236e-01,2.465788203969649928e-01,-9.907846247230893411e-02,1.185160745223117068e-01,2.003727971787371553e-01,-4.444337068936426299e-02
-1.003256189930508413e-01,-1.672952754260021158e-01,1.447537022209645918e-01,-1.348131822362051979e-01,1.367848886379512130e-01,1.399478257596915021e-01,-4.466323008708276976e-02,4.482810820138480312e-01,1.000000000000000000e+00,2.426585367200064791e-01,2.191736191854239402e-01,-2.085327603458855469e-02,-2.048011789989142295e-01,-2.391340200431603391e-01,-3.660042398996307123e-01,-2.509897212149185819e-01,-2.538520574539049335e-01,-3.577012598693428136e-01,-3.349066986895083975e-01,-1.964792038825317888e-01,2.198925561566517084e-02,1.354146512029531513e-01,3.079586654324545369e-02,2.064555973667276390e-01,2.363123839576296292e-01,8.996240101673487477e-02,2.150276755596207748e-02,4.694052418359768303e-02,4.494913761814889330e-02,9.136119603333231476e-02,8.964921167410798419e-02,5.082710850083618781e-02,1.442524794954292700e-01,1.375106308811987199e-01,-2.295086657523842319e-02,-1.410092575294426553e-01,-4.412408409815064304e-03,-1.656342173461478329e-01,-2.436634227067051295e-02,-8.063406218452091878e-02,-1.176557387009644767e-03,6.486627604395737989e-02,1.723564231210673592e-01,-8.793710558909918762e-02,2.599812944830115491e-01,-2.399870555435609093e-03,1.628480857184011477e-01,1.835745531381834939e-01,9.691672140549237313e-02,1.128733469703989828e-01,5.021642474813035883e-02,3.070910278126910420e-01,-9.688678468936194610e-02,-6.300980025593524991e-02,1.343972978313133851e-02,-1.296808228931716628e-02,2.127641290636541893e-01,-1.957158952887877446e-02,-1.307818311380429255e-01,-5.547134747540803656e-02,-1.354619373782021963e-01,-2.242854984387335771e-01,-1.531001759508334448e-01,6.868795158892396224e-02,-1.607867901690144541e-01,-1.080314039381189382e-02,-1.766132789160224925e-01,8.551801982931370172e-02,3.733363849623573816e-01,8.255995885902445153e-02,2.337074367313492496e-01,1.863446342675441625e-01,4.886783696305781882e-02,1.231687825505304312e-01,-7.100865059325231488e-02,-9.979065681477484323e-03,-4.636979852018190129e-02,-8.863546896816297538e-02,-2.160230023389570764e-01,-1.122897129107185976e-01,6.880452981935514245e-02,-9.380408127681338915e-02,-1.403860559200303393e-01,-1.164689672787981856e-01,-9.492024699830011597e-03,-1.052667562762669290e-01,2.768046563941410285e-02,-1.513521478597145385e-02,-8.185416649486694507e-03,8.317558119861351296e-02,6.885054266553602975e-02,2.755372159555843914e-01,3.628022770417592135e-01,1.985316927729906811e-01,2.103925213185328102e-01,3.722176448801544635e-01,2.521319177020154845e-01,2.023925890752237278e-01,2.670967540160428810e-01,1.780781796389963312e-01,1.231485702705647778e-01,3.277051012699447319e-02,-9.234805231912918133e-02,-5.124266544772399651e-02,-1.239408732128696594e-01,-1.754219147661619793e-01,-2.876812871428217067e-01,-2.014388429472007414e-01,-1.677287920863795301e-01,-3.730450964500096056e-01,-2.825103479051502831e-01,-1.770994680200044802e-01,-2.471770257822146766e-01,-3.263302859782815091e-01,-1.584747780429090203e-01,-3.450971475443352365e-01,-2.639177392435562153e-01,-7.748572781797749554e-02,-3.433700212974242216e-01,2.568880656638066751e-01,3.499098950154499454e-01,1.713799894391550005e-01,-1.519689947339835090e-01,-1.879916624714624840e-01,-2.459626150140519218e-01,-3.310776863037873663e-01,-2.630763022191213718e-01,-1.222782739965662668e-01,-2.706409384117618999e-01,-4.060161340063423580e-02,-1.185025672403268449e-02,1.190351734265771566e-01,-5.747879899428481876e-02,-2.691381235544467246e-02,2.483333279670925098e-01,-3.996833456824103875e-02,1.658735385697887310e-01,1.423963755025836331e-01,2.102457430580323763e-02
-2.671562521477259255e-01,-4.257190487820365909e-01,-7.415702799861426803e-03,-4.213301351555325258e-01,-2.530755533514015276e-01,-1.184725636595536091e-01,1.591540570482891104e-01,5.433349883030995642e-01,2.426585367200064791e-01,1.000000000000000000e+00,4.686395575638700461e-01,5.670496860377234327e-01,8.773134416211605946e-02,-2.464224077506613486e-01,-6.375639616774025908e-01,-3.365660061747516307e-01,-1.867232248679086271e-01,-5.573781356359290839e-01,-1.061413374326056619e-01,-3.207915647350160215e-01,5.909367987560697200e-02,-2.036784211934711611e-02,1.446828987429925675e-02,2.457428690133776628e-01,2.165989447705829185e-01,1.415082284968197379e-01,7.316874727965635983e-02,9.016760196623584134e-02,3.622916459078413115e-02,8.852411549987403150e-02,6.803473082984283493e-02,-7.151555929580716287e-02,7.811955696749364741e-02,1.089618208474159994e-01,3.762378662101887455e-02,-6.475678621905800458e-02,2.589395657583147894e-02,-1.957638742008181720e-02,-4.885024706433411384e-02,4.673039927856222076e-02,7.939082365447185097e-02,1.315268444807286830e-01,2.347084455122532554e-01,7.533035428589630877e-02,4.848927929155396055e-01,-1.004851571439303731e-01,1.516589563437727717e-01,3.534239630967043744e-01,1.214376231643264636e-02,2.046389522093808588e-01,-3.175114902520138199e-02,1.824776067644738251e-02,-4.786117711944268827e-01,-3.300794043612615414e-01,-1.429973434084982897e-01,-2.496762065063061753e-01,8.828920840077709997e-02,-2.249507491860457953e-01,-1.253879001295891138e-01,-2.551219475600599584e-01,-1.666982159048269185e-01,-1.157954464700766684e-01,-3.680258183326564070e-01,8.907981735952029412e-02,-3.245671089784915586e-01,-5.353845616767655829e-02,1.161485093039624911e-01,3.341867654681377475e-01,3.097323142590407974e-01,2.837428032557002822e-01,2.054837733340258710e-01,2.611482123199447281e-01,2.074678664109319004e-01,1.289258446442974326e-01,9.696106972212417685e-02,-1.831148963159595633e-02,-1.323539103800618344e-01,-2.564212271805946242e-01,-2.234554384099279312e-01,-3.138472264357294317e-01,-6.255265935818554723e-02,-2.865036239486372649e-01,-1.863294817664490899e-01,-1.112749309760663191e-01,2.907257247028512993e-03,-1.070710173752023250e-02,1.764141602536007936e-01,1.884245609801029897e-01,6.966223487690169358e-02,3.139588586360557154e-01,3.097424234335347526e-01,5.276060758190125322e-01,4.863038594712484897e-01,1.250793651306116305e-01,4.309223315924511910e-01,4.516281080822547311e-01,1.625391950905312188e-01,2.661321425324093548e-01,2.788651308976433651e-01,8.433310041368156929e-02,1.300316071631798520e-01,1.278109437438892382e-01,-9.663249846673815924e-02,-2.134419710785006863e-01,-1.870032395948967030e-01,-2.614485133064247124e-01,-3.209737847134980782e-01,-3.065994166324598202e-01,-2.323706174768568611e-01,-3.512463121831438939e-01,-3.449373280880759784e-01,-2.171926992086617991e-01,-3.670447944004374685e-01,-2.329251680369933963e-01,-9.774964225732954426e-02,-1.504507602758443918e-01,-9.345429248888743878e-02,7.630645897594544314e-02,-2.660929319845821706e-01,2.587503537623494498e-01,2.412828133656796659e-01,1.630584064256504206e-01,-1.669402033628675508e-01,-3.922081829522668928e-01,-4.584384513962236340e-01,-3.660449267821911379e-01,-4.900061092858470913e-01,-2.902720546636254340e-01,-4.137656050000510510e-01,-3.622063565271645413e-01,-1.617712968993992029e-01,1.037379314454388163e-01,4.663278233313834092e-02,-2.773976909759634513e-01,2.668997995931772782e-01,-7.644537039385874977e-02,1.607842513971314002e-01,2.426578500553753792e-01,-4.434221727477057756e-02
-3.455138947072972089e-01,-3.739136740457726371e-01,-1.366565034434692183e-01,-4.587536343728026433e-01,-3.551136084164543266e-02,-2.022550652635861368e-01,1.026811847828502239e-02,4.280087875347552417e-01,2.191736191854239402e-01,4.686395575638700461e-01,1.000000000000000000e+00,2.507040945318160796e-01,-1.866421751178309607e-01,-3.117537856154597997e-01,-4.516954871062657806e-01,-4.281785153477944972e-01,-4.513941424367607508e-02,-4.149290690810988891e-01,-2.109527839373341318e-01,-4.602743840982314455e-02,1.866482638395951521e-01,1.623397790943940378e-01,1.490184043817973092e-01,3.096746105586321018e-01,3.566580954900402389e-01,1.469632842333453149e-01,4.726103110002338042e-02,1.818666386742406327e-01,-4.483061091985100083e-02,2.977133411272833013e-02,6.213204776130386991e-02,-2.032990579048628010e-01,-2.990228437772447095e-02,2.798376808949337713e-02,-1.514121492413150194e-01,-2.498139514702768793e-01,-6.523213058258536812e-02,-1.733550260402829113e-01,-2.314527210560929638e-01,-1.287318228449590707e-01,5.407073029857051988e-02,1.762547563951159246e-01,2.099287528956660931e-01,1.063728887645552373e-01,4.397498377401771741e-01,1.268994096232713142e-01,3.907197874396826087e-01,3.261467812119758780e-01,1.443786997595840615e-01,3.411637933211815743e-01,2.661480009879729214e-01,3.383159157719906607e-01,-1.259540722077360786e-01,-3.815416357734025682e-02,2.435963296352370022e-01,-4.671416079519266629e-02,1.064603676178574043e-01,-1.755821452220017176e-01,-1.432928968472566844e-01,-1.738190297527447692e-01,-3.564825644386860892e-01,-2.678679137497803620e-01,-4.558390118607308916e-01,-2.242389906731291904e-01,-3.177224105275371357e-01,-2.655651031441997323e-01,-1.047907427458410895e-01,1.031756458296500534e-01,9.623539453503460184e-02,1.923915090890798360e-02,-3.647485404648947299e-02,8.220710639878027470e-02,-6.047647173658227300e-03,6.810307183137524756e-02,1.036053989048923013e-01,-4.283194504533657104e-02,-4.861297131521425535e-02,-9.405493742380538480e-02,-6.061755030095392766e-02,-2.079734168987477580e-02,1.832229266384269584e-01,-5.685603322895403655e-02,9.292017617700312759e-02,5.067725519740961387e-02,4.814617703992973147e-02,1.002545924458276422e-01,6.287690066144621670e-02,1.383479046418036318e-01,4.900148292314155524e-02,1.399846890392422993e-01,3.023637407028599289e-01,3.307209346822567730e-01,4.135757950199608346e-01,4.214395750161127330e-01,4.007774655706398681e-01,4.354193907129813024e-01,3.790779182889176258e-01,3.468589981136705469e-01,3.113541733541030920e-01,2.482631320400355834e-01,1.496661031852664359e-01,7.932420718932745030e-02,-1.418219635851025728e-01,-7.675473872152220600e-02,-1.318883481664048507e-01,-2.097605478458911266e-01,-2.774569048074352340e-01,-1.279410503017732736e-01,-1.197804925480542571e-01,-2.389552023857335061e-01,-3.035390219783214993e-01,-1.797376522244530650e-01,-2.684011242141355891e-01,-2.328240997361023246e-01,-2.310507722194872771e-01,-2.406063470117549008e-01,-1.655015255633348892e-01,-4.805950711884849486e-02,-5.014541295896275397e-01,1.213607148416778747e-01,2.757221702684898856e-01,-7.166943445093106047e-02,-2.542157628334996700e-01,-1.703181914052599721e-01,-5.211917484605808060e-01,-2.986435937251958883e-01,-3.854794952900083005e-01,-4.596214389647503840e-01,-4.498658760547305513e-01,-2.909030580883343320e-01,-3.091113189375876980e-01,-4.602501666593087487e-02,-1.105758922756286261e-01,-3.374538773588895979e-01,1.581068331575375963e-01,-2.015674370602213161e-01,4.464366648609811167e-02,1.762075165134573684e-01,-1.479426903997081710e-01
