1.000000000000000000e+00,4.361176113677083799e-01,6.134032596975502738e-01,-3.118326782134973052e-01,-3.266482193452321381e-01,6.079326145304048135e-01,2.365748499245410585e-01,-5.636838330638880290e-01,-9.831867328211322046e-03,6.664251891728962818e-01,-1.180842536907172613e-01,-5.508698478342083371e-01,3.853952287970566770e-01,4.852515550771975272e-01,-3.532708334019119545e-01,-7.708488771040621079e-02,-3.457416316165987658e-01,4.253930456618718048e-01,-7.003379615737057029e-02,6.871600815931117046e-02,-5.560705956377240966e-01,-3.411883721928293256e-01,9.395473227290017382e-02,-2.167266919135024950e-01,-5.209097300023916022e-01,2.157126298451766122e-01,-2.775468827819284612e-01,1.452365894967716162e-02,1.941985277208361782e-01,5.875307501666846566e-01,1.556609819151345553e-01,6.469411081956111254e-01,3.381703407167478415e-01,5.772636044609606998e-01,3.568142571457156853e-01,1.442189273469034749e-01,5.385139829787782828e-01,1.272169114261769152e-01,4.649620113978270020e-01,-4.628758466412276062e-01,2.144048535798699640e-01,-4.246098699302887081e-01,1.216745992552476091e-01,-2.990055957942889808e-01,-3.982793595825755983e-01,-3.859756271058462085e-01,-6.048217841470495681e-01,-4.158873322419099905e-01,-5.576926058028215394e-01,-1.579642995654430282e-01,-4.899260483477350658e-01,3.707090095924389095e-01,5.648520096756824982e-01,5.847189848494217523e-01,-4.761627546753416373e-02,-3.498660860572604947e-01,3.428944651321541581e-01,5.789571580740318080e-01,-3.209338979432872496e-01,-2.267269619414993831e-01,6.390934605397917689e-01,2.350051036398012605e-01,-4.767252120279940053e-01,2.699057617444578505e-01,6.492409179531549723e-01,-1.652436903650708333e-01,-2.985099606754820778e-01,4.417204427069275074e-01,3.237779128452361044e-01,-5.939287712323478852e-01,-1.848776990082238170e-01,2.560104802829941961e-02,4.663296053221650528e-01,-2.520539117635578474e-01,2.017303824725097672e-01,4.644419728012479792e-02,4.804683926623418144e-02,-6.123050963123199963e-01,-2.648762702212879572e-01,-5.070104541898416972e-01,-4.236239546766820130e-01,-3.010741371852484471e-01,-4.418532443126313436e-01,1.253045442081167082e-01,-4.681546372480575036e-01,2.989767768425496616e-02,-4.890967557562514445e-01,-2.223168742890532790e-02,-1.611973987433016064e-01,1.693977077646367513e-01,1.267566673399670441e-01
4.361176113677083799e-01,1.000000000000000000e+00,1.070176050862995387e-01,-3.218402308653151578e-01,4.883286212640144397e-01,7.035277331899328912e-01,-2.424688822756142226e-01,-1.899922012163507423e-01,7.354325681292623873e-01,4.393482866788731567e-01,-3.967072128894840732e-01,1.301171897811402578e-01,8.248675863397596508e-01,7.092781411278709092e-02,-5.371376628799024999e-01,3.329178687227280498e-01,-3.255087916244808754e-01,2.382380845436317951e-01,4.563648926108372916e-01,-4.907516949080350521e-01,-6.444985959628747318e-01,4.477137178234637527e-01,2.152107370057667890e-01,-7.945812182152319769e-01,-3.192036283843035505e-01,-4.905122991276220645e-01,-3.592600500108652506e-01,-5.950335768446298745e-01,-2.505820421073954862e-01,-1.197612902368259610e-02,-3.678412039651601795e-01,4.210623156557616875e-01,-2.099863606124392490e-01,4.456003917856330432e-01,2.566026953307240770e-03,5.686755523915195676e-01,9.369301966761564571e-02,1.674351091704279759e-01,7.835547053413491891e-01,1.339062347435650280e-01,-5.933794796166481228e-02,-4.509795537836058799e-01,-5.169708324065461769e-01,-6.270542912177407002e-01,3.084528472878381722e-01,-5.245845744142422218e-01,-3.013822235512654824e-01,-8.166635972456229853e-01,-1.222838686274544118e-01,4.417822783925165475e-01,-1.101641008158574797e-01,6.765360074874365859e-01,3.618882522607730912e-01,4.984323414696638088e-01,6.941153827838341117e-01,-2.310987608064367094e-01,-4.032807356977064495e-01,7.315807411723844744e-01,3.829544704990882620e-01,-5.940067889206542828e-01,1.027212094053222280e-01,8.401255304872206064e-01,-9.307428709556185564e-02,-3.536192696969449045e-01,5.742042752911661330e-01,6.297722071964758639e-01,-3.166197589432553361e-01,-2.479114690957306411e-01,6.866134666230119254e-01,-1.334650029179022812e-01,-7.936020748037894146e-01,-1.766408751078359929e-01,-2.295622397180976937e-01,-8.115321882742162485e-01,-3.220984325677439530e-01,-5.591835796355426602e-01,-4.970844594140454847e-02,-3.743487277712114758e-01,-2.196837795052921649e-01,1.660676743160750535e-01,-1.458268990852935876e-01,4.787611431354497626e-01,-5.547120954385333785e-02,7.045756696924673212e-01,4.818393963307224248e-02,5.370679137627855093e-01,1.472508619924912387e-01,5.362681503657464877e-01,4.094122215270427634e-01,4.834707294061257876e-01,3.270697549756604317e-01
6.134032596975502738e-01,1.070176050862995387e-01,1.000000000000000000e+00,5.654090790796218596e-02,-6.825160620831521863e-01,5.277961686317821366e-01,7.722670241612228370e-01,-4.961155224487533433e-01,-4.119706865034803989e-01,8.696123810812280697e-01,3.620334484387787710e-01,-7.740548101836031147e-01,1.342272515457129112e-01,9.284795621671290133e-01,1.800512635439478759e-02,1.023195326825463158e-01,-9.225189847782070199e-03,8.222433531364635728e-01,7.104668061737097820e-03,5.787128188598421596e-01,-6.682130500063990786e-01,-6.927755913795374809e-01,4.340930768696124598e-01,1.310544010083142807e-01,-8.637341954611060801e-01,3.208623473274202498e-01,-6.052458012588702863e-01,2.490938431730443936e-02,3.780174788923475887e-02,7.473667757520701116e-01,5.864078313034107315e-02,6.078249430714185442e-01,2.832738236555775724e-01,4.177566325931234559e-01,1.693740035358048124e-01,-3.335607573636690248e-01,4.970001521198580408e-01,-2.927177871873210546e-01,4.227295765499572977e-01,-5.030262260924185380e-01,7.074304761408952702e-01,-1.177620985377987178e-01,6.375893385727671170e-01,1.103067453726276348e-01,-5.309546856582818553e-01,-3.480134301821789095e-02,-5.397505431371418805e-01,-3.257553566165681258e-01,-5.298310320276048424e-01,-1.343238085756722489e-01,-3.853458541760654277e-01,4.364921789167520161e-01,8.433051775912177028e-01,5.328173567348721829e-01,-3.865502200880066574e-01,-7.497601488896730171e-01,5.161641503995001434e-01,5.132121644790708093e-01,-8.082406735325694536e-01,-3.691261426932745948e-01,8.026930368399737281e-01,-2.308968574151430697e-02,-9.204113543246927875e-01,2.691690097426013839e-01,7.671071363970983770e-01,-5.509021944310108498e-01,-6.561624465384536808e-01,5.752758269896358634e-01,-5.926249029758468012e-02,-9.634498748015356551e-01,-5.735009897854627392e-02,-2.894920278803629343e-01,6.299054285988122670e-01,-1.199796736499661870e-01,1.136501791666243572e-01,5.502453811662660899e-01,4.980097556682124837e-01,-5.314641232920043201e-01,9.578344938959967858e-02,-6.652384567281207639e-01,-2.186522323410280133e-01,-5.266533422974235545e-01,-3.074514390843842149e-01,9.255904308260992641e-02,-4.384368204112555345e-01,1.165518361035175199e-01,-5.882212291614152821e-01,1.149175631155153338e-02,-5.929513230276878266e-01,-8.069784002680956136e-02,-1.132005170065587818e-01
-3.118326782134973052e-01,-3.218402308653151578e-01,5.654090790796218596e-02,1.000000000000000000e+00,2.127141676306283993e-02,-5.732679235798588957e-01,6.370554448588436891e-01,8.064683486874886231e-01,-3.710895914814020813e-01,-2.246049967102281275e-01,9.196038999794653446e-01,3.747283706171646300e-01,-5.435649912279444385e-01,3.023459793857388722e-01,9.334968544234539811e-01,6.877327001567536957e-01,9.761373969496000003e-01,3.929383748355466111e-01,5.526090334416532412e-01,6.718942453068830201e-01,1.142765058309073156e-01,2.062118736559745077e-02,7.234812470147651275e-01,5.174774179547783071e-01,-2.086218810115730848e-01,-3.916598247859587323e-01,-5.236183580435852525e-01,-3.691947778385075707e-01,-7.472884213714613422e-01,-4.883671663691125930e-01,-6.481437895161045182e-01,-7.106523055361875230e-01,-7.123188912235235426e-01,-8.462386345978800684e-01,-8.811783843003780925e-01,-8.409531799212297543e-01,-7.711493571920368106e-01,-9.415738003359277464e-01,-2.436239424717116797e-01,6.380841386806587190e-01,6.921184822361176048e-01,9.489220128448314640e-01,5.822446330410765425e-01,8.687685102750181132e-01,4.691324970793881999e-01,9.389367671110009361e-01,7.806912001474033413e-01,2.432421236632998085e-01,7.530344321094571969e-01,5.437938426158261951e-01,8.209686261410815700e-01,7.373218996867962616e-02,5.181815415621640608e-02,-6.367867517866753202e-01,-2.214756924971573449e-01,-4.854552768629920578e-01,-3.595313945361264252e-01,-4.742916805933162783e-01,-3.335391290185714674e-01,-3.589201804182947653e-01,-4.737144734847335004e-01,-3.390554117061387873e-01,-3.298789490854557860e-01,-5.925930861917090287e-01,-2.901679288753434838e-01,-1.878663742723069296e-01,-5.291897799714440076e-01,-4.874960650002165830e-01,-8.121771997313447233e-01,-3.799606250825447035e-02,2.265819244769472218e-02,-8.041582432330754981e-01,-4.446433760843341854e-01,1.175352026695983404e-01,-6.641677062050269642e-01,6.380255557512960474e-01,8.409604772482219825e-01,7.825867248648324948e-01,9.764006026129150584e-01,4.737197119300162185e-01,9.160307651388860384e-01,2.453205924346022471e-01,8.531799896856341325e-01,2.058237939224532853e-01,7.386872698698246920e-01,4.755815666737303049e-01,5.607675056691622251e-01,4.520769274020461914e-01,-4.002354200401853079e-01,-3.798950450496620945e-01,-4.235097187012019093e-01
-3.266482193452321381e-01,4.883286212640144397e-01,-6.825160620831521863e-01,2.127141676306283993e-02,1.000000000000000000e+00,-9.421172745012374068e-04,-6.122303967280982029e-01,5.182836685848619673e-01,8.602066898583353716e-01,-3.876719158767493179e-01,-3.206892018663419774e-01,8.757547975672714813e-01,4.389879048647138959e-01,-5.798975379063630031e-01,-1.650807451783095348e-01,4.621253923972216682e-01,6.291224860398880736e-02,-3.113000223401126143e-01,6.020458012369580558e-01,-6.709767041351872852e-01,2.295868339103266688e-03,9.681484207476174220e-01,1.015829820104059839e-01,-6.350755025150649491e-01,3.363709034909444506e-01,-8.396030696573197893e-01,-1.920308442509049626e-02,-6.880183235741951231e-01,-5.226116027169798173e-01,-7.894942633718452507e-01,-6.087598070999490352e-01,-3.666670148847130384e-01,-6.722030882164159449e-01,-2.384737153783264285e-01,-4.482547428570468617e-01,4.830465174447683974e-01,-5.913345217423081612e-01,5.257569582636895111e-02,2.748017837074451797e-01,7.535314514581906709e-01,-3.795065389463095351e-01,2.778242549357596430e-02,-7.740297105103699504e-01,-3.445145559336363350e-01,8.742446502855818480e-01,-1.099720618957695933e-01,4.439458520123957253e-01,-3.835627701509426446e-01,5.876306457831503849e-01,7.000283356048139227e-01,5.054946257234782525e-01,2.815179747624088624e-01,-3.377903888981427794e-01,-2.141141020730167321e-01,8.649220222408948722e-01,2.234491079338954134e-01,-9.125241196583097070e-01,7.281719537354922056e-02,8.812073457983929936e-01,-3.624761154562014531e-01,-7.271800744849615805e-01,6.536516904937392791e-01,5.456388067634814210e-01,-7.465942620142901331e-01,-2.084470785590457342e-01,9.456228617062584219e-01,5.905213403359050456e-02,-8.599877294687964246e-01,3.762055154329424500e-01,6.461838065931679864e-01,-6.581660680076737435e-01,-2.089521672140616515e-01,-8.763339654040901427e-01,-5.926020255827139094e-01,-6.202196576238571124e-01,-7.199988696752087636e-01,-1.487182745137031470e-01,3.723599026369721621e-01,7.151742109310949003e-02,8.578416217383033615e-01,3.712774974393245886e-01,9.459783191389163903e-01,5.017479254841410441e-01,6.310470390180250577e-01,6.612836264971136968e-01,5.574337482026068269e-01,8.066363669989720098e-01,6.314081470133251495e-01,6.838464242477954036e-01,3.790276321074161348e-01,2.185250579940032356e-01
6.079326145304048135e-01,7.035277331899328912e-01,5.277961686317821366e-01,-5.732679235798588957e-01,-9.421172745012374068e-04,1.000000000000000000e+00,-2.454676501116438356e-02,-6.933163347928711362e-01,4.676068392708402910e-01,8.475743820369701087e-01,-4.508661488849941557e-01,-4.371088623257435857e-01,8.760469937658085238e-01,4.082712035379839621e-01,-7.324437901190815614e-01,4.121338721025415153e-02,-6.060969264488764718e-01,4.440852960325879506e-01,1.339179124359961559e-01,-3.206247859021210123e-01,-8.513274453381720619e-01,-2.987277178984227427e-02,1.100029870866296583e-01,-7.090447823148853246e-01,-5.943364658762644304e-01,-5.214737637757372452e-02,-3.740611331406776263e-01,-2.878644320238509802e-01,1.124027222252443198e-01,5.505300400261653460e-01,8.672717858383852205e-04,8.800164795099788551e-01,2.533592549762887502e-01,8.521926776632223755e-01,4.140340429169988568e-01,5.614757434875073949e-01,6.070747648283766340e-01,3.240592703727421253e-01,8.783973436575496230e-01,-3.936409934594335969e-01,5.831830830291023088e-02,-7.430340728609700074e-01,-2.732165457463683333e-01,-7.267548173642441878e-01,-2.159748114975964250e-01,-7.522297796059721486e-01,-7.844342215839956722e-01,-8.537077064961986483e-01,-6.372656256463161695e-01,5.442176658446480630e-02,-5.807472252507340782e-01,6.910950613868908077e-01,6.731718264819063213e-01,8.680063692285574506e-01,4.030907951845043580e-01,-3.713646604522823913e-01,9.469984306348037950e-02,9.720806050317259972e-01,-1.767259961689278316e-03,-4.885342193230108321e-01,6.555956120363616302e-01,7.312955029882374225e-01,-4.086866802072487426e-01,9.642213675880710599e-02,9.152575855425159057e-01,2.547076123641019429e-01,-3.656117805051501968e-01,2.886368712806034464e-01,7.742854643542506077e-01,-5.691818913498447596e-01,-6.187368415369041141e-01,2.284036444786763029e-02,3.138260539209309363e-01,-7.024846849583930020e-01,6.577736888552099259e-02,-3.681749258439790395e-01,-9.638948575747034730e-02,-8.329619722889201050e-01,-4.751807192203862384e-01,-3.891464441582712097e-01,-5.575151304411416486e-01,-4.278140345295086515e-03,-5.128987808954791339e-01,4.861584370080932471e-01,-4.609266887863192608e-01,2.756190440469393765e-01,-3.985144683952091538e-01,2.284028199413572491e-01,1.279564846243705090e-01,4.693814652967018275e-01,3.230127281245742110e-01
2.365748499245410585e-01,-2.424688822756142226e-01,7.722670241612228370e-01,6.370554448588436891e-01,-6.122303967280982029e-01,-2.454676501116438356e-02,1.000000000000000000e+00,7.948390891378248613e-02,-6.593731365819581747e-01,4.835410141937894757e-01,8.547766780312533452e-01,-4.304909474424172822e-01,-3.386847968779395091e-01,8.818413398004070203e-01,6.166501487193333242e-01,3.926042239403854106e-01,5.795079871699935214e-01,8.162745849117023500e-01,2.215017955821378948e-01,9.063719322687693314e-01,-3.463866104770010890e-01,-6.144335209044340385e-01,6.935657792784575282e-01,5.269502697348935616e-01,-7.343807890525640980e-01,1.291063104309174980e-01,-6.942356324146613522e-01,-7.239491796282566949e-02,-3.291561006785682642e-01,3.259761055920442629e-01,-2.376812339117775064e-01,1.743918495107979472e-02,-1.242602332662848114e-01,-2.102666902672914173e-01,-3.442507616990591601e-01,-8.204386394225381407e-01,-4.339789225376772946e-02,-7.702804221996922829e-01,5.878609916591358980e-02,-7.454784323560811887e-02,9.423405922851642025e-01,5.021388934289248152e-01,9.103285390063258209e-01,6.706819175098899244e-01,-2.195658670108420751e-01,5.756300988602448543e-01,5.223573326373038422e-02,2.336415092251231326e-02,1.234821580052559466e-02,1.084785571936147663e-01,1.608004277154948536e-01,2.612620385475061258e-01,6.252262913862703941e-01,-1.404500595099611622e-02,-5.500258886490368981e-01,-8.114047434017509497e-01,2.848032522097662667e-01,1.512021220853531495e-02,-8.855391319715546494e-01,-3.771929624429817829e-01,3.567613163936930731e-01,-3.535757656593710996e-01,-8.857162791879537034e-01,-4.477229050323698611e-02,3.421909065183446064e-01,-6.492676776967371000e-01,-7.450252895065198055e-01,2.325022813261377885e-01,-6.116747483952453823e-01,-7.539420836705392759e-01,1.115176127441360049e-01,-6.320639913852863501e-01,2.969519102123652221e-01,1.166666115857008523e-01,-2.107419774671377977e-01,8.792397301833732026e-01,8.558921178600756852e-01,7.303185429321198963e-02,6.436207900884581834e-01,-2.974708570170697119e-01,3.505980361639750575e-01,-3.682789830632023365e-01,2.298418717597697225e-01,5.646229071566578883e-02,4.596222613384828154e-02,2.517749609898755070e-01,-1.857582257486873056e-01,1.562363270304500118e-01,-7.554996914333829139e-01,-3.599300519831560297e-01,-3.749902833150617343e-01
-5.636838330638880290e-01,-1.899922012163507423e-01,-4.961155224487533433e-01,8.064683486874886231e-01,5.182836685848619673e-01,-6.933163347928711362e-01,7.948390891378248613e-02,1.000000000000000000e+00,4.966650421527511738e-02,-6.341028693559731533e-01,5.514037732318727292e-01,8.291108020698798597e-01,-4.140536966803449737e-01,-2.583565886920976551e-01,7.365993318971227888e-01,6.354453911729043281e-01,8.336916931004231257e-01,-7.826157495517850615e-02,5.929334659183936873e-01,1.760769966671709985e-01,3.698211088989223350e-01,5.163662815916901794e-01,4.489351552558693559e-01,2.378842899035822633e-01,2.550654142287986370e-01,-6.457322268692827771e-01,-1.936533177678191886e-01,-4.722361966818504619e-01,-7.566558785192538661e-01,-8.909372498330987433e-01,-7.017882316980047497e-01,-9.252134522897044189e-01,-8.615667879591081268e-01,-9.313983174188404934e-01,-9.048702170774586273e-01,-4.578645517596463543e-01,-9.792638514554196094e-01,-6.542042182759986169e-01,-3.155848618656739712e-01,9.066140255937823467e-01,2.028786259928196944e-01,8.469779383609452594e-01,5.235817621974943326e-02,6.033080344723688038e-01,8.043229357784843492e-01,7.747804120459411692e-01,9.733824648166374827e-01,2.514236978942304690e-01,9.781829070362635381e-01,6.657896330527399709e-01,9.571768917368496110e-01,-5.603732676416361275e-02,-3.781407953532724409e-01,-7.981856876248357713e-01,1.659675104617621966e-01,-4.824750712694046706e-02,-7.156526555947829715e-01,-5.909832906275165332e-01,2.488210123026812493e-01,-2.292618676222319407e-01,-8.872747085242134180e-01,-1.285492831862978802e-01,2.231321348103003921e-01,-7.720380846858188040e-01,-6.035933864827869311e-01,2.790771867362569214e-01,-1.605088985874555674e-01,-8.321362757419394907e-01,-5.698798232142460174e-01,5.065579992188816716e-01,-1.044679052497776428e-01,-5.988091906371335593e-01,-8.246038307880854124e-01,1.608898832224082281e-02,-7.390273577761710122e-01,1.471853513900150123e-01,4.646041643156252343e-01,9.533901211303796863e-01,7.914631354579979572e-01,8.594671806034297479e-01,9.378471388795158736e-01,6.316116386244620129e-01,9.510446952415617661e-01,2.751531586092853532e-01,9.450497440435701169e-01,4.740594764921765569e-01,8.897285212649888031e-01,5.137212225100652452e-01,6.329724922846338697e-02,-1.998806050656644073e-01,-2.594805720413496664e-01
-9.831867328211322046e-03,7.354325681292623873e-01,-4.119706865034803989e-01,-3.710895914814020813e-01,8.602066898583353716e-01,4.676068392708402910e-01,-6.593731365819581747e-01,4.966650421527511738e-02,1.000000000000000000e+00,1.102511323841820837e-02,-6.195206230912009282e-01,5.393600408408013580e-01,8.078341876260289878e-01,-4.177900935237203739e-01,-5.860596664036322734e-01,2.901630447485623043e-01,-3.476345359511943678e-01,-1.837194221823056361e-01,4.734219981521307630e-01,-8.285637055041636945e-01,-3.300828640501096145e-01,8.324041584277770411e-01,-5.632090652418922892e-03,-9.107759727599529231e-01,1.166482511689967971e-01,-6.804594199966828016e-01,-5.552354254185865035e-02,-6.379368120493563721e-01,-2.766389799081426237e-01,-3.991449888718233141e-01,-4.118406389828015990e-01,1.322412463833178009e-01,-3.630687871850648007e-01,2.594248883313376997e-01,-7.700975716409361183e-02,7.827801022827931554e-01,-1.526313834450361839e-01,3.386003697081717001e-01,6.055232305725868347e-01,3.966539725536073480e-01,-4.386614465166656651e-01,-4.223629938227205227e-01,-8.844379344578664481e-01,-7.275246274204372199e-01,5.984133094237304995e-01,-5.452421330789498644e-01,-4.291768427194649071e-02,-6.921203827420904231e-01,1.418129674337195723e-01,5.307072593830872709e-01,7.740328048683030315e-02,4.843506494398184259e-01,-5.994414554539609363e-02,2.472181799477056185e-01,9.442005553488631575e-01,1.514406378728196390e-01,-6.962882327148750550e-01,5.059040078497117898e-01,8.323194361664655316e-01,-4.278110798882952537e-01,-3.091864017609740611e-01,9.014274252579808078e-01,3.900017712857210550e-01,-5.078565242510940658e-01,2.052500679915129633e-01,9.559259854411208401e-01,1.608272424733756673e-02,-5.560759814926151678e-01,7.611228799346771989e-01,3.640547221237183662e-01,-8.065108390988579012e-01,-2.612480781792774626e-02,-5.688675877559156158e-01,-7.950685331644136156e-01,-3.947723399209739359e-01,-8.812010983441032064e-01,-3.208295166749998706e-01,-1.231695990538154012e-01,-2.919316590475761752e-01,5.199697954416154788e-01,-4.893822128671134614e-02,7.794839150436093655e-01,9.374837885136702575e-02,6.913009427062473122e-01,2.727912158867553116e-01,4.996333828279950207e-01,4.562168732399446425e-01,5.515776731931115728e-01,7.227956881789596721e-01,5.702857190727974590e-01,3.902752239775792442e-01
6.664251891728962818e-01,4.393482866788731567e-01,8.696123810812280697e-01,-2.246049967102281275e-01,-3.876719158767493179e-01,8.475743820369701087e-01,4.835410141937894757e-01,-6.341028693559731533e-01,1.102511323841820837e-02,1.000000000000000000e+00,1.367822872919624913e-02,-6.794728997452214037e-01,5.622041587707191646e-01,8.074752122471523519e-01,-3.507616256905518592e-01,1.454408092654830842e-01,-2.856348730051493368e-01,7.751145973686779378e-01,1.345184868620038776e-01,1.954465028937301119e-01,-8.879718244435946817e-01,-4.125836127876608694e-01,3.800644001681486306e-01,-3.088310410131033246e-01,-8.736977184498160298e-01,1.170308431473745941e-01,-6.199166918787210045e-01,-1.932043979360882902e-01,2.322834753054887902e-02,7.185876844114428286e-01,-2.319781191406593626e-02,8.181537704205290584e-01,2.523705450940763595e-01,6.797425348935161038e-01,2.686647342504281943e-01,7.404204185356205725e-02,5.830234087104577689e-01,-5.607229840218339034e-02,7.524410456315344664e-01,-4.689043858470643977e-01,5.030805275947566324e-01,-4.327525563978316114e-01,2.518613927261123542e-01,-2.990914775913997570e-01,-3.929227355478684403e-01,-3.921698287625423052e-01,-7.152708763691518756e-01,-6.820917943728688204e-01,-6.229374702341289316e-01,4.237079819127289801e-03,-5.000775910411657810e-01,6.766415428012860778e-01,8.953595436967854981e-01,7.748077121677846568e-01,4.104997321202337283e-03,-6.989600453370999888e-01,3.207234593826940872e-01,8.411892485208183334e-01,-4.933710789279839859e-01,-5.396131993015953476e-01,8.149774439455111930e-01,4.001635644337062647e-01,-8.041495352521789153e-01,1.597909374567993146e-01,9.684866554682939332e-01,-1.778156719253543017e-01,-6.449023561143992778e-01,4.591072119704591170e-01,3.612877705426750241e-01,-8.994547396614066548e-01,-4.051487985840777628e-01,-2.249222990738345418e-01,5.107279238133182186e-01,-4.837469387203710558e-01,4.534143259272580689e-02,1.489822663511428114e-01,3.024317264942646410e-01,-7.384372577512996472e-01,-1.452535226214741459e-01,-5.745526180992408527e-01,-3.808901208731386157e-01,-2.818115186502394565e-01,-4.109226127014328211e-01,3.653816908550177600e-01,-4.649889025615872029e-01,2.759610036698117441e-01,-5.285145477338542008e-01,1.849777681382235028e-01,-3.015109186780509098e-01,2.040715918643537796e-01,9.212433785515561357e-02
-1.180842536907172613e-01,-3.967072128894840732e-01,3.620334484387787710e-01,9.196038999794653446e-01,-3.206892018663419774e-01,-4.508661488849941557e-01,8.547766780312533452e-01,5.514037732318727292e-01,-6.195206230912009282e-01,1.367822872919624913e-02,1.000000000000000000e+00,1.978363131448425752e-02,-5.993523333005416065e-01,5.664359441630335557e-01,9.152894071857639036e-01,5.460248372513967219e-01,8.942417865673765176e-01,5.667396314042320027e-01,3.700752581838722133e-01,8.773994843506816022e-01,5.571713752393356658e-03,-3.210139329774804318e-01,7.159907576237349858e-01,6.576036744102448095e-01,-4.071876190092630909e-01,-1.132543449035894045e-01,-5.757426799968322628e-01,-1.742259524207725729e-01,-5.655643366077547363e-01,-1.513186421999354048e-01,-4.484369516975759695e-01,-4.824861102015970404e-01,-4.590064598216336833e-01,-6.685108004927087233e-01,-6.874215483926058301e-01,-9.511268745720246054e-01,-4.999871458812728542e-01,-9.344727783112598551e-01,-2.295684216393761856e-01,3.359910138248674571e-01,8.439495229267797161e-01,8.594342288359079207e-01,8.269640472820118937e-01,9.102192463089738839e-01,1.453298829196204567e-01,8.979053404188022114e-01,5.396126338795008692e-01,2.709362274942836990e-01,4.801556055956311408e-01,3.178079850424201380e-01,5.857357918829784182e-01,6.621694768970882994e-02,2.577185601302771079e-01,-4.605255434760420208e-01,-4.743461400860083388e-01,-6.222871022667505470e-01,-3.701117920000111805e-02,-3.822656815761161231e-01,-6.473428378973199449e-01,-3.033982997339356169e-01,-1.441830556455576950e-01,-4.784613187794924949e-01,-5.796836410052468302e-01,-3.313333503125703294e-01,-1.041695640849526622e-01,-4.892604585670867201e-01,-6.076790419741490146e-01,-1.578025606125486868e-01,-8.572820662255462576e-01,-3.384547110853616814e-01,1.732871540410975131e-01,-7.416549634374481892e-01,-1.064771118164533764e-01,2.350164222398996583e-01,-4.510273527946204175e-01,8.520628112283721300e-01,8.947478930136842923e-01,5.578409038383894680e-01,9.069611840788247559e-01,1.331769444022097848e-01,7.318811669127576192e-01,-7.980809326640277146e-02,6.278496944567463212e-01,5.291006122927265076e-02,4.631849659774685546e-01,3.264514122260738782e-01,2.384790281979952409e-01,2.698175644074831681e-01,-6.325155397248074518e-01,-4.574486292090720330e-01,-4.665199855396178763e-01
-5.508698478342083371e-01,1.301171897811402578e-01,-7.740548101836031147e-01,3.747283706171646300e-01,8.757547975672714813e-01,-4.371088623257435857e-01,-4.304909474424172822e-01,8.291108020698798597e-01,5.393600408408013580e-01,-6.794728997452214037e-01,1.978363131448425752e-02,1.000000000000000000e+00,-8.624421800481138142e-03,-6.168552724271003651e-01,2.586252388449323258e-01,5.002850401515864798e-01,4.220087161327998881e-01,-3.722568321432974114e-01,5.717466147283506439e-01,-3.752921165458277253e-01,3.216119798359288739e-01,8.707915363013307708e-01,1.631897867824948778e-01,-2.302924809310875898e-01,4.763110737800054784e-01,-7.854662090877233549e-01,3.448591038708231915e-02,-5.641949907421025534e-01,-6.184899777416108524e-01,-9.702669767599854111e-01,-6.406945390050143851e-01,-7.472929407735042773e-01,-7.956600542584520985e-01,-6.444692691317999156e-01,-6.794895097460663669e-01,9.707933790209678782e-02,-8.571695304533819559e-01,-2.144447427215883939e-01,-1.063022291864486601e-01,9.041066988388493098e-01,-2.487155208406303386e-01,4.351647945434233278e-01,-4.968164055589651684e-01,8.794149384362655308e-02,9.221436832547423856e-01,3.155937512309519022e-01,7.926684556070513477e-01,9.760748549577977608e-04,8.634578050741967825e-01,6.848678395941898422e-01,7.810368504159165282e-01,1.494085055311506795e-02,-5.300687754842902111e-01,-5.964983365521755454e-01,5.877899638067550780e-01,2.547927007463578475e-01,-8.967802546236367522e-01,-3.545160279003944925e-01,7.283719743859800033e-01,-2.031376003436984878e-01,-9.503328183518496841e-01,2.661458669264383792e-01,5.765309279467235593e-01,-7.877043502632540273e-01,-5.547620850948635773e-01,7.181790512694014028e-01,9.900082910669909253e-02,-9.374966189601460220e-01,-6.813946117698291283e-02,7.662052007392263775e-01,-3.598733423476462856e-01,-3.177322200040262890e-01,-9.544701793206055163e-01,-2.561547752119231469e-01,-6.740162741130695245e-01,-4.062258269390391363e-01,3.350999713589147139e-02,7.450623506066446078e-01,3.830316524793268007e-01,9.698085164844875150e-01,6.684155438430695595e-01,8.758391007982316845e-01,7.599885905397210095e-01,4.187563811211185150e-01,8.639454664922980864e-01,4.698512239761261644e-01,9.427822067068051259e-01,5.478583885823966604e-01,5.010612894473687184e-01,1.106967536844732092e-01,1.203466219471633139e-02
3.853952287970566770e-01,8.248675863397596508e-01,1.342272515457129112e-01,-5.435649912279444385e-01,4.389879048647138959e-01,8.760469937658085238e-01,-3.386847968779395091e-01,-4.140536966803449737e-01,8.078341876260289878e-01,5.622041587707191646e-01,-5.993523333005416065e-01,-8.624421800481138142e-03,1.000000000000000000e+00,5.608414328543540051e-02,-7.688955050862963381e-01,1.895432874435937221e-01,-5.595100694004007114e-01,2.058128399878611237e-01,3.418683020104472670e-01,-6.241781295203667757e-01,-7.287258044474691498e-01,4.082494450565066768e-01,8.327949857720716442e-02,-9.253685826578172957e-01,-3.356868740079391178e-01,-3.912965300582831318e-01,-2.848646296493094754e-01,-5.242185046091411005e-01,-8.203886022354511809e-02,1.489213301478589102e-01,-2.229363784757217304e-01,6.342918444327788619e-01,-3.263868631503916845e-02,6.779788507399546749e-01,2.163099546888831992e-01,7.547897611125488071e-01,3.057863108107657379e-01,3.685813021560164215e-01,8.840040651741524202e-01,-4.298754129509198274e-02,-1.732553764050675793e-01,-6.871498230426731357e-01,-6.221579432541368693e-01,-8.345414697629511824e-01,1.734012226440574955e-01,-7.572449316698083299e-01,-5.241873844144728789e-01,-9.129649618892282659e-01,-3.330250770882644540e-01,3.181257688115364801e-01,-3.275931670201824852e-01,7.054070433131216511e-01,4.136843402800256531e-01,6.869742505762767015e-01,7.468690933896849904e-01,-1.760459585870935428e-01,-3.017213017148645537e-01,8.909592030660400397e-01,4.200182994603259279e-01,-5.483144671477599985e-01,2.642660371401314712e-01,9.385387664658305651e-01,-7.545750411589893791e-02,-2.093166930923961722e-01,7.038220173967952853e-01,6.560260535630922929e-01,-2.453732140145675478e-01,-1.050834582982841658e-01,8.825477780947725837e-01,-1.891276934127918419e-01,-8.200566662298504061e-01,-1.364285210086972622e-02,-9.404311386794333982e-02,-8.672837261946282350e-01,-1.719854841934226330e-01,-6.820218905069789228e-01,-2.117032834117053008e-01,-5.956178099037076068e-01,-4.436388180908489298e-01,1.914468059374023826e-02,-3.750727385094861921e-01,4.019096919985201133e-01,-2.737913054746060060e-01,6.790889041033593143e-01,-1.500529687094128428e-01,4.470926293518752148e-01,-1.760479885073830755e-02,4.427709525381217093e-01,4.486180101306961321e-01,5.933107974146982766e-01,4.066186798982842632e-01
4.852515550771975272e-01,7.092781411278709092e-02,9.284795621671290133e-01,3.023459793857388722e-01,-5.798975379063630031e-01,4.082712035379839621e-01,8.818413398004070203e-01,-2.583565886920976551e-01,-4.177900935237203739e-01,8.074752122471523519e-01,5.664359441630335557e-01,-6.168552724271003651e-01,5.608414328543540051e-02,1.000000000000000000e+00,2.285293396318070769e-01,3.396485461178387899e-01,2.386891280507446866e-01,9.214836999897640935e-01,2.212408246880405160e-01,6.856323056807163141e-01,-6.728869604035777607e-01,-5.987208449580454506e-01,6.487802879434512171e-01,1.842179325858450678e-01,-9.180829754822086297e-01,1.326680218783268805e-01,-7.692452656770824015e-01,-1.544586834740809544e-01,-2.129183979731988918e-01,5.646101800260685533e-01,-1.760603285568570486e-01,4.167836990989918777e-01,3.617140124190149075e-02,1.989764666667792892e-01,-9.782491805721210687e-02,-4.963816596988308016e-01,2.559301291674959122e-01,-5.341776918733707191e-01,4.194637214019922844e-01,-2.740983747230469336e-01,8.668529189073033159e-01,1.134666018077248040e-01,7.155541383893813112e-01,2.874122548245060527e-01,-3.303892024210361433e-01,1.820781141797450930e-01,-3.181213899695652936e-01,-3.310860178512717300e-01,-2.966055092065705279e-01,8.268428320461077008e-02,-1.377476194218129890e-01,5.146395534095338231e-01,8.553809924608880566e-01,3.785962414242516338e-01,-3.479032105138093467e-01,-8.835898481001793758e-01,3.355362023532243443e-01,4.334339664119027935e-01,-8.197070825196721700e-01,-5.247117238231668868e-01,6.351748634212097677e-01,-2.428097881572745947e-02,-9.816468391516736114e-01,4.250464746474035688e-02,7.092210139462578056e-01,-5.084665836792982008e-01,-8.136201002365612833e-01,3.738925271556245433e-01,-2.173474761368006380e-01,-9.383623636152486069e-01,-1.372902808585070300e-01,-5.293935184168773178e-01,4.404601897520408760e-01,-1.729314530454470478e-01,-1.239329156285109979e-01,6.431930435851470618e-01,7.122802267302146273e-01,-3.172389476361666683e-01,3.517670181711070043e-01,-4.732760534602108993e-01,4.437567347715169752e-02,-3.720701417548237799e-01,-4.807811289718367381e-02,2.288820916692293761e-01,-1.937800535760818565e-01,3.120911288430883168e-01,-3.764614471739055612e-01,2.046681233085309581e-01,-6.416441619178128164e-01,-1.289009606646224215e-01,-1.975543741443266665e-01
-3.532708334019119545e-01,-5.371376628799024999e-01,1.800512635439478759e-02,9.334968544234539811e-01,-1.650807451783095348e-01,-7.324437901190815614e-01,6.166501487193333242e-01,7.365993318971227888e-01,-5.860596664036322734e-01,-3.507616256905518592e-01,9.152894071857639036e-01,2.586252388449323258e-01,-7.688955050862963381e-01,2.285293396318070769e-01,1.000000000000000000e+00,4.494751324604840947e-01,9.385111101238646780e-01,2.387394957706507337e-01,2.856947796470261647e-01,7.512639752454488562e-01,3.384071375642470625e-01,-1.558477178005396035e-01,5.218331304659517000e-01,7.355828037435251376e-01,-5.424843601632554219e-02,-1.388528762809312644e-01,-3.022499624204728064e-01,-8.137388517059397641e-02,-5.282947809279773255e-01,-4.007145927972198263e-01,-4.005188648193697132e-01,-7.520369123448267246e-01,-5.127706508094724835e-01,-8.751535160806334090e-01,-7.345370108571499523e-01,-9.201154884088847963e-01,-6.769853239637279030e-01,-8.491966437556526248e-01,-5.015378560981517131e-01,4.790315954502833429e-01,6.005075749339775504e-01,9.631284814534256666e-01,6.854869221732695639e-01,9.646634908904728745e-01,2.714435614037504774e-01,9.844038357617578283e-01,7.652762778542177013e-01,5.135442226840776225e-01,6.736345168115872584e-01,2.847929162603300424e-01,7.260526603844986715e-01,-1.991523645597557401e-01,-9.419104196679706220e-02,-7.139539086280612956e-01,-4.515834783591786139e-01,-3.184151832977472063e-01,-1.436933518617492522e-01,-6.727752113937743861e-01,-4.275540599219696536e-01,-7.427790332331514478e-02,-4.318415577971902453e-01,-6.056837688095074723e-01,-2.446247453005845063e-01,-3.588965399267376455e-01,-4.602300557085324817e-01,-4.037900074040916554e-01,-3.242182733794130023e-01,-3.077187646031629975e-01,-9.388968397396909582e-01,1.541474980150810831e-02,3.248049625505632365e-01,-6.007742205936954516e-01,-2.792880789455889912e-01,4.095945516839208378e-01,-4.277915002682214363e-01,7.465133925708420382e-01,7.200721601524839866e-01,7.927525366555869812e-01,8.974485391101665321e-01,3.292070568233254613e-01,8.189909745189070112e-01,1.865479068857791439e-02,7.328634007685049800e-01,-9.602702155606747392e-02,5.971971087354740471e-01,1.931202023615161412e-01,4.103940444823682698e-01,1.737987842501549640e-01,-4.827510112265188114e-01,-5.044072850276317688e-01,-4.691807411589284937e-01
-7.708488771040621079e-02,3.329178687227280498e-01,1.023195326825463158e-01,6.877327001567536957e-01,4.621253923972216682e-01,4.121338721025415153e-02,3.926042239403854106e-01,6.354453911729043281e-01,2.901630447485623043e-01,1.454408092654830842e-01,5.460248372513967219e-01,5.002850401515864798e-01,1.895432874435937221e-01,3.396485461178387899e-01,4.494751324604840947e-01,1.000000000000000000e+00,6.754399193834671467e-01,5.761251719053867015e-01,9.493478486999509247e-01,2.074884225984152397e-01,-4.405733706314754472e-01,4.340776049784195734e-01,8.943799580176934327e-01,-1.963578124206785125e-01,-4.684707914125731398e-01,-8.305578444464498666e-01,-8.208738382176906656e-01,-8.966667429125578792e-01,-9.632315881205025798e-01,-5.125018254536627405e-01,-9.670894800158389426e-01,-3.456116121536056407e-01,-8.961712974037168156e-01,-4.525121254378625668e-01,-8.718234003441075464e-01,-3.166005195523689530e-01,-6.916613188140590118e-01,-7.732522556788850032e-01,4.397159108636857772e-01,7.615387518530445377e-01,6.114766052301902066e-01,5.412197421014161014e-01,9.965841739858982695e-02,2.998296301523327156e-01,7.506619782230788962e-01,4.631257616882688000e-01,5.182611031072981156e-01,-4.737703072734387733e-01,6.499189686468715976e-01,9.321828374770018133e-01,7.237945813748639656e-01,6.640838349927437045e-01,3.518103150717732941e-01,-2.059411384491617869e-01,4.177171797704998801e-01,-6.703547854184871424e-01,-7.338385051178402119e-01,1.657921021319108124e-01,3.299032669980252880e-02,-8.724199215769327109e-01,-4.000626039077764817e-01,4.088048311967452109e-01,-3.831485293111730472e-01,-9.057292171290142191e-01,1.992351193397304820e-01,3.843562313892561755e-01,-7.855872807019775861e-01,-7.120193870226236843e-01,-1.944479713531681031e-01,-1.293682511029069504e-01,-6.726105676135966105e-01,-9.370914483160841524e-01,-6.606362148740810847e-01,-6.000684002746669021e-01,-9.448648175526014326e-01,1.202473903536769168e-01,7.714253406020210591e-01,4.564319286520333030e-01,7.652662073519820307e-01,6.338107098178883403e-01,7.799258940016458030e-01,6.812603680637104864e-01,8.012753436093686954e-01,8.235590932484850857e-01,7.850788706086145874e-01,9.426349234913394826e-01,7.003494950976312250e-01,9.205206253918425396e-01,-3.825659750203250220e-02,7.127457534083891932e-02,-1.382416191015291562e-01
-3.457416316165987658e-01,-3.255087916244808754e-01,-9.225189847782070199e-03,9.761373969496000003e-01,6.291224860398880736e-02,-6.060969264488764718e-01,5.795079871699935214e-01,8.336916931004231257e-01,-3.476345359511943678e-01,-2.856348730051493368e-01,8.942417865673765176e-01,4.220087161327998881e-01,-5.595100694004007114e-01,2.386891280507446866e-01,9.385111101238646780e-01,6.754399193834671467e-01,1.000000000000000000e+00,3.376410381424440610e-01,5.482611451825558646e-01,6.451794222348654628e-01,1.695303530079240728e-01,6.061958029744238946e-02,6.950333732654646601e-01,5.231346970955390585e-01,-1.467355023762055566e-01,-4.094407660961858486e-01,-4.808741972542762699e-01,-3.667314157613395520e-01,-7.520410251614836339e-01,-5.426903256551663945e-01,-6.485377765572672981e-01,-7.600145902443722346e-01,-7.297083476049979200e-01,-8.822213908361437040e-01,-8.931592747675221045e-01,-8.258933612696461868e-01,-8.066761049447317422e-01,-9.239016856910209352e-01,-2.820651796472028461e-01,6.712010230600218286e-01,6.438364949444282948e-01,9.625419348661850005e-01,5.457741224851764272e-01,8.701737037861433377e-01,5.016981249928020858e-01,9.504718068926591990e-01,8.234132059315537600e-01,2.771308368240547049e-01,7.932813576811554857e-01,5.502142228199813356e-01,8.532177679836115969e-01,3.327560160617506341e-02,-7.766845794336849421e-03,-6.815460903169195950e-01,-2.033443187295336241e-01,-4.363918583782829264e-01,-3.940042268913024892e-01,-5.212782912780687949e-01,-2.853379543683453035e-01,-3.274154523842469633e-01,-5.307473520497634212e-01,-3.505270072992588415e-01,-2.680530778069085684e-01,-6.057103847978524414e-01,-3.485797813774961229e-01,-1.601316122079670390e-01,-4.825362170541417917e-01,-5.195965038463233876e-01,-8.145313317147059307e-01,2.761082832555674521e-02,3.815156090115055798e-02,-7.786911837671092185e-01,-4.856683049056211288e-01,1.355514093284120591e-01,-6.681407451549240539e-01,6.068766077222893518e-01,8.069889268125006732e-01,8.237697117952607062e-01,9.728301263988288206e-01,5.183072929622172254e-01,9.339079645582247791e-01,2.752831188464221479e-01,8.755026525506254265e-01,1.898090984664786984e-01,7.729835182121397308e-01,4.620132789037492693e-01,6.025135981701789101e-01,4.461189539442855789e-01,-3.724583892714364297e-01,-3.850390573234238611e-01,-4.254371451749262567e-01
