1.000000000000000000e+00,3.890492529794835064e-01,3.164863872418711699e-01,2.117196695913445004e-01,2.053243058671747889e-01,4.624391935847999013e-02,1.241419860462213975e-01,5.524183320445321538e-02,4.345316976743179155e-02,1.373556038956768865e-01,9.122949876177816053e-02,8.421710826894349133e-02,-7.993936285887617496e-03,9.880563622246085753e-02,3.015478108376201671e-02,7.258694736245577261e-02,-2.369892032833224860e-02,-2.575556675230763343e-03,4.340373373802014489e-02,4.302170235788656261e-02,1.362730305694441826e-02,-2.016458517195005018e-02,-1.699261046278437159e-02,2.145897421956110065e-02,3.389857849135824441e-02,3.721734891783669980e-02,3.475308508734423207e-02,2.423693530116589195e-02,6.538837952603057668e-02,3.607703025759947252e-02,2.101688217396576602e-02,-3.687715421804046989e-02,-1.249893545659155197e-02,4.206965782299669498e-02,-1.096293990235179885e-02,1.118271402179787585e-02,2.856083931305944401e-02,4.550695008953786931e-03,2.711853336219124250e-02,3.811006134316387295e-02,1.479377897302644983e-02,1.713422274723737718e-02,3.299954657891163764e-03,6.105731013250289413e-03,5.962237009122650991e-03,2.464237801137444256e-02,2.140289740958878015e-02,8.580669561323521488e-03,5.102031739972562535e-04,1.874000654757724746e-02,2.637027224147499987e-02,8.585487489807891448e-03,1.839683494448507081e-02,6.144543380897648198e-03,-7.668986248538125008e-03,2.048466674965678490e-03,2.557851125345712850e-03,-4.139219891903743107e-03,-9.268971177780400625e-03,-7.530907196692578770e-03,-1.042787984594179505e-02,-6.815152165779018653e-03,-1.580191243132861995e-02,-1.525755805208587126e-02,7.580239885834367565e-03,5.612547220043554623e-04
3.890492529794835064e-01,1.000000000000000000e+00,2.775415854646959279e-01,2.224995207400524144e-01,2.492984749001493916e-01,3.022881764860886611e-02,1.225764436743751185e-01,1.075657777261198184e-01,3.990425360376125691e-02,1.274364321705740710e-01,7.611834066162763424e-02,4.682917883057119424e-02,-2.496737331862117562e-02,8.030453207597045007e-02,1.979651658295675937e-02,6.302014986467788238e-02,-2.654169907493066430e-02,-2.614717861474766605e-02,3.592035769184009908e-02,5.409275773552061489e-02,2.948953470361346738e-02,-3.058711934073612276e-03,-8.116193561660489881e-04,2.333830790167592747e-02,2.881465613492323330e-02,3.768300486831411417e-02,1.567213031077378110e-02,6.812561353195484976e-03,5.578888058154064106e-02,2.855995885612054239e-02,2.588331119208008360e-02,-3.283141120222088372e-02,1.495430066175702268e-02,5.356041409679052068e-02,8.081132698135512493e-03,1.922445664439214816e-02,4.137818740213289326e-02,1.952967182761957896e-02,3.458650116610405278e-02,3.360617820310091153e-02,5.353311343823114431e-03,2.177475299538847442e-02,1.700666177145140553e-02,1.852713895371478972e-02,2.294802458917909876e-02,3.234445891137436441e-02,1.320103225480167945e-02,2.751096302508476352e-02,9.550484978945582293e-03,2.001888116778908697e-02,2.328984976167249032e-02,2.890987063334292742e-02,2.536914483483834401e-02,9.441218139807409926e-03,-3.782463050580406848e-03,-9.888179544486390415e-03,-4.716640259744367750e-03,5.646306238928104106e-03,-1.021308993802362217e-02,5.897820537599686788e-03,-2.580454049110758249e-03,-1.058785663599806290e-02,-2.588416359976820208e-02,-1.469464866469548728e-02,-1.532750626733954576e-02,-7.505220870302514898e-04
3.164863872418711699e-01,2.775415854646959279e-01,1.000000000000000000e+00,2.623087782946414981e-01,2.506105306420984835e-01,7.564152873650570319e-02,1.939941689602011909e-01,7.253196914516306382e-02,5.088100240813726860e-02,2.099542285547263687e-01,8.155327287303275330e-02,7.571239108269647855e-02,-5.201797564448432110e-02,9.117047588376657463e-02,1.161426216843897130e-02,7.282502679705528392e-02,-4.165786250710348804e-02,-3.935498388644526752e-02,2.056052173655366008e-02,4.631726539686641803e-02,2.939117001699271745e-02,1.740476756821161125e-02,-9.856248494928693260e-03,2.207669925998231517e-02,1.167912992766668816e-02,2.402396817807635199e-02,2.622271596976246191e-02,1.703168089481887568e-02,4.660556817959421450e-02,5.474921412436682677e-02,4.349603853255454289e-02,-1.945754913712326173e-02,1.697750836941865071e-02,5.869372605797239240e-02,8.017240877502782373e-03,2.228783532334518286e-02,4.222907653074290529e-02,4.816488936971240566e-04,-2.076305392262523756e-03,1.498240315129808001e-02,8.167173915912692705e-03,6.339583952395463906e-03,8.039861771896625320e-03,1.683158597565828293e-02,-1.321153480209839599e-03,1.138050534375036928e-02,2.969689805915901731e-02,1.259919203873837400e-02,1.295740703577550126e-02,4.252174704876054284e-02,3.821394251055201807e-02,1.576608741524932258e-02,2.184609816834506141e-02,3.580982991282440162e-03,-1.163928916598032902e-02,3.113042277602598570e-04,-5.441888202074145371e-03,1.686363025364969598e-02,1.289557702427409150e-02,-7.882779449010817374e-04,2.853986890068608423e-02,7.270044725208943057e-03,-4.357961958021321167e-04,1.949260252593066137e-02,7.960718564317008361e-03,1.029560859196513613e-02
2.117196695913445004e-01,2.224995207400524144e-01,2.623087782946414981e-01,1.000000000000000000e+00,3.187086555750357486e-01,1.494556045039114878e-01,4.490829386456138272e-01,3.191857333645821138e-01,1.910911015897138188e-01,3.662800929333922539e-01,1.129921465755684556e-01,1.294642050337697636e-01,-6.080751544790059110e-02,1.212335454020999764e-01,1.136528595879329057e-02,9.478454319625700952e-02,-3.252283971573975002e-02,-7.365074289463034718e-02,4.149857227537441517e-02,9.647332957128326725e-02,7.109565767896142141e-02,2.550270281143285703e-02,-6.193988080449007796e-03,3.032556280958765768e-02,6.493295148553287349e-03,5.645404346355654968e-02,5.441179223142457444e-02,2.147046627332589372e-02,8.018248073512515561e-02,6.515429734272745743e-02,5.205898572732035184e-02,-5.956153620089735951e-02,2.377724050043403606e-02,4.160583643425221079e-02,-1.254001296125442297e-02,-4.728037218588759805e-02,-2.060545862586213393e-03,-2.349014885927624627e-02,-2.047248059005642856e-02,-2.797325959438883361e-02,-2.055534835896953919e-02,-6.856659561462684046e-04,-1.380914762104209874e-02,-2.029892102182433242e-03,-8.534394465958258791e-03,2.383695094458455899e-02,2.157089104762421189e-02,9.203677325826503317e-03,-3.124543680344039204e-02,-6.460286343495667328e-05,1.153344841474894349e-02,4.276477142086917288e-02,5.267030502612674806e-04,-6.562936847772891935e-03,-4.613343032576074434e-03,1.281525785782097228e-02,1.298507146909707970e-02,-1.365261531173917126e-03,4.042913508453867093e-03,-1.195107163286994803e-02,-2.099359853070127332e-02,-1.826900247688686627e-02,-4.102991432401674465e-02,-9.166900814389925684e-03,1.195689648485195010e-02,1.499001611471977545e-02
2.053243058671747889e-01,2.492984749001493916e-01,2.506105306420984835e-01,3.187086555750357486e-01,1.000000000000000000e+00,2.610748499280867718e-01,2.379721875371414164e-01,1.862800686664435601e-01,6.850349024932210484e-02,2.285633415481646002e-01,6.340614535957642128e-02,3.857785625692299741e-02,-8.127618869779267008e-02,6.249524563902215946e-02,-5.161987383891246742e-03,1.184293143583665664e-01,4.719263365290710111e-02,6.276736626033859942e-03,4.750145271552438930e-02,6.384711570361262245e-02,2.230962304562289500e-02,8.813870828880226299e-03,3.015040461829533031e-02,4.651794093192544027e-02,2.204883706710185701e-02,4.355843264128473474e-02,4.754758050244208695e-02,-1.601999546009070380e-02,7.255768545193246044e-02,4.542642535842018187e-02,2.996058746504911066e-02,-6.307508316463765474e-02,-1.116767063976380550e-02,5.172867706587293973e-02,-8.334991542826438241e-03,-1.600611942884933719e-02,7.944557186227312745e-03,-4.395055378463040563e-02,-7.937984374533827922e-03,-1.091487452311140985e-02,-7.288762170411825121e-03,1.614339796903277099e-02,1.190414035517302349e-02,4.701643071460904176e-03,-4.468629857871014681e-03,-7.574237190212378124e-03,1.568267840496722276e-03,4.211652474883427098e-05,3.758144476405209707e-03,3.836647271788841407e-02,1.628281777313275724e-02,3.070694651860690627e-02,3.890155795084324075e-02,8.025913401926199758e-03,-1.027325780484952822e-02,-2.358346134411611755e-02,-1.991054891921004155e-02,4.542269917623691262e-03,-7.526090815706300285e-03,-3.149900360619241335e-02,-2.112521871765845119e-02,1.301692884828041866e-02,-5.936842932113330432e-03,3.088674352581885843e-02,2.706661113076734917e-02,1.403299499337982113e-02
4.624391935847999013e-02,3.022881764860886611e-02,7.564152873650570319e-02,1.494556045039114878e-01,2.610748499280867718e-01,1.000000000000000000e+00,2.177504819939251324e-01,6.387728314671452245e-02,-4.956314344674893346e-02,2.317249679491658609e-01,3.345192306200159976e-02,3.024164149365435664e-02,-4.230784109417748211e-04,4.518750314200368351e-02,-9.118172196090251758e-02,5.863527486639798919e-02,1.222456902907228804e-01,-2.036970265716448250e-02,-2.821248955212351042e-02,-7.471371536210802411e-03,1.482249801171467603e-02,-2.149898759992858663e-02,-4.655479008767805793e-02,-4.849012864890326659e-03,5.277739113845693331e-02,2.140106440430991630e-02,4.060111115579862623e-02,1.149060178099968986e-02,6.007148248531028745e-02,9.810874250468167718e-03,-2.174264951230624535e-02,-6.138613136359666322e-02,-4.312245807637772599e-02,2.632705902959436503e-02,-1.794192054982811715e-02,-4.098306285320950371e-02,-3.584425820548664543e-02,-5.258193014888927486e-02,-3.764724481820918428e-02,1.106411065205367868e-02,-2.304729367432134871e-02,6.252211287162232067e-03,-1.383661792572651178e-02,-1.705248074812963643e-02,-1.868168093451138406e-02,-2.985409144707007120e-02,-2.736780878804981679e-02,-2.399643313764448019e-02,-2.165543283067715083e-02,-2.564160265475714032e-02,-4.366572925625016033e-02,-2.225694967506558139e-02,-1.162988654262958783e-02,-1.629539399115239803e-02,-3.959623831659162679e-02,-3.057858094530295154e-02,-4.343803673340197041e-02,-2.759693679430681376e-02,-2.214331572985860086e-02,-3.232825096742625998e-02,-1.606975172077277844e-02,2.645387588665186474e-02,2.071870664300443088e-02,1.195115980921930381e-02,-1.598298797221245696e-02,-8.987495445620568083e-03
1.241419860462213975e-01,1.225764436743751185e-01,1.939941689602011909e-01,4.490829386456138272e-01,2.379721875371414164e-01,2.177504819939251324e-01,1.000000000000000000e+00,4.138822592610930662e-01,3.785150909554484411e-01,6.694198123948160717e-01,1.313200326518595140e-01,2.460441532804402420e-01,-5.667306419011647334e-02,1.680269473804539559e-01,7.790231309988755737e-02,1.747963351647206509e-01,-3.575466975230968264e-02,-1.190191382017992405e-01,6.904185896800169031e-02,9.745065982094368306e-02,4.221101511437026950e-03,6.031832929192824932e-02,2.859135869220411075e-02,5.947612366766849568e-02,-1.984385457500867887e-03,4.117684021320737464e-02,4.735553443764213555e-02,-3.898100257201921482e-03,6.929215298911040044e-02,6.116751183975794454e-02,5.166059010698090953e-02,-7.951280640077851292e-02,4.480897068503979230e-02,5.169593466520817221e-02,-1.740848652385768719e-02,-3.650665571866764519e-02,9.979426407643231245e-03,-1.089528711509428613e-03,6.688026493380928687e-03,8.979277204573067606e-03,-7.965588705156128810e-03,1.965052250788031085e-02,4.418771647600414423e-03,2.279541542770096782e-02,2.293352720303694012e-02,1.343254658327146418e-02,1.214249870697077863e-02,3.088173097816866372e-02,2.539088175757849223e-06,6.707384197153112675e-03,-2.411373282546609882e-03,6.480424522917228869e-02,-1.206085601377972043e-02,5.129919100118487214e-04,2.146892435761488162e-03,2.438703028023840591e-02,-5.705914280597923667e-03,7.296916487332629625e-03,-5.033468210787981831e-03,7.325340978783209710e-04,6.560451540392549415e-03,7.651403885451469288e-03,-2.356784995113598777e-02,-1.841921030839067941e-02,-9.620471169367863715e-03,2.660642978796637012e-02
5.524183320445321538e-02,1.075657777261198184e-01,7.253196914516306382e-02,3.191857333645821138e-01,1.862800686664435601e-01,6.387728314671452245e-02,4.138822592610930662e-01,1.000000000000000000e+00,3.650318391005819008e-01,2.233484190824684967e-01,-8.126384087656636501e-02,-1.418312193559139733e-01,-2.910929999221668618e-01,-2.994276368817220743e-02,-1.207277048361664502e-02,4.792257150701828561e-02,4.762546415451652387e-02,-1.616214840333689284e-02,4.371363772761426014e-02,7.504364212590407257e-02,2.181206312334153536e-03,-3.898647637539962713e-02,-1.508345751567451501e-02,-1.559743432807195358e-02,2.474441317031548550e-03,4.496142034620529554e-02,1.898570160998386269e-02,1.666546871117035450e-02,2.566552336724110123e-02,-2.887808392813811381e-02,-3.726084813156481379e-02,-2.562772802870871142e-02,-7.678854599865327264e-03,-3.424343644268900561e-02,3.962089269376628878e-03,-1.372051350149588317e-02,4.684287427876075716e-02,1.907511459020273456e-02,1.695465138412091330e-02,8.003519479823984970e-03,4.438942319878565884e-03,1.701643975964863345e-02,1.959528993378643110e-03,3.266061882912086461e-02,2.336958556788532732e-02,4.248573160841153176e-03,3.931480283620504557e-02,1.283486493866092294e-02,1.679843196484090070e-02,2.230709339184757875e-02,3.484479619904751191e-02,6.137672573909586093e-02,-1.568199529115522385e-03,7.403394767877770691e-03,2.020558873150846146e-02,2.731101825086676427e-02,-1.127421472812473180e-03,3.427938487114388227e-02,2.550954587061880774e-02,1.793000921017690735e-02,-1.265520411205058298e-03,-1.618719110541406775e-03,-1.200024591980579890e-02,2.583162361192104309e-02,3.090953651943575964e-02,4.631733018683591163e-02
4.345316976743179155e-02,3.990425360376125691e-02,5.088100240813726860e-02,1.910911015897138188e-01,6.850349024932210484e-02,-4.956314344674893346e-02,3.785150909554484411e-01,3.650318391005819008e-01,1.000000000000000000e+00,3.232168711468490496e-01,-1.710003268313340652e-01,1.926881725755358044e-01,-7.703227440375746971e-02,-1.014099385330560349e-01,6.453021742963925556e-02,1.473978338770081005e-02,2.778373452252454537e-02,6.441811819488363865e-03,5.033835988215997273e-03,6.496068725649944975e-02,6.199115092102433153e-03,5.689485496018207439e-02,5.168111156062438552e-03,1.724460678436686920e-02,-4.865633623338758845e-02,-2.386148797974864746e-02,1.009833000047780788e-01,1.102563444059593972e-01,6.571229944403639278e-02,4.876128410824843995e-02,2.387392617653088384e-02,-2.531672258683967391e-02,4.018118451011497283e-02,-1.617499175709714507e-02,-3.567061353154393072e-02,1.755883425527096989e-02,3.650769822080484478e-02,-7.599584352469839930e-04,1.057790006373243719e-02,2.178538322323557864e-03,4.036445012738692963e-04,2.888246739151040590e-02,8.598422070523553673e-03,3.995867907726798757e-02,2.037352640250055316e-02,-1.806436482155385301e-03,1.131725279962916483e-02,1.525447388614960785e-02,1.598594652144941577e-02,-6.455944522722210921e-03,-8.552426112391266558e-03,5.938052012221138598e-02,-1.083511681821744919e-02,2.842916822774079573e-04,6.854542998452575753e-03,2.283526304613925362e-02,1.425844449063436159e-02,3.797052062669099490e-04,1.313283246592305414e-02,1.683247287126221278e-02,2.322117086652216236e-02,-4.408121414082192234e-03,-1.470043128655149425e-02,-4.697722355383209501e-03,-5.296725247287176370e-03,3.754236139500699565e-02
1.373556038956768865e-01,1.274364321705740710e-01,2.099542285547263687e-01,3.662800929333922539e-01,2.285633415481646002e-01,2.317249679491658609e-01,6.694198123948160717e-01,2.233484190824684967e-01,3.232168711468490496e-01,1.000000000000000000e+00,1.972163539435997925e-01,4.104097114113232081e-01,4.790394617857318682e-02,2.596708710616334459e-01,1.401037510663540320e-01,2.202658583502668799e-01,-1.020091246134683799e-01,-1.389966381577891208e-01,1.093315803038360512e-01,1.378337311968593215e-01,3.134317176893675755e-02,1.078413822391537658e-01,2.047509068050407111e-02,5.143621245219763549e-02,-4.963078454390021377e-03,3.381438321162143906e-02,4.763158992781126727e-02,-1.348377162004424194e-02,7.963280290098306846e-02,7.827707233508671147e-02,6.581497141707801091e-02,-8.599510244587624253e-02,5.110418328414990247e-02,6.474288320328343282e-02,-1.786756836059790257e-02,-3.659854817776855927e-03,7.345217547251186446e-03,-1.352730091381113345e-02,1.351689077788373328e-02,8.962729737093817414e-03,-1.344961980586887457e-02,3.146592298530920956e-02,1.022833645818876404e-02,1.243189493177173158e-02,1.925282484582329159e-02,1.952840303596624708e-02,4.233069714382893881e-03,2.514977121598909945e-02,-2.436898049314328851e-02,-1.005213171746100094e-02,-2.266613417931553562e-02,2.973827667195286933e-02,-1.798231809261930866e-02,-8.869525400984304420e-03,-9.006740089287141107e-03,-1.857882326459820322e-04,-3.608055545101050005e-03,-1.828094005899256677e-02,-3.173093384670819250e-02,-1.760746647301697498e-02,-1.631450967808487865e-03,-3.100317521045095094e-03,-2.581750937100353929e-02,-2.391562502030021922e-02,-1.504589265811945645e-02,1.298756766815202524e-02
9.122949876177816053e-02,7.611834066162763424e-02,8.155327287303275330e-02,1.129921465755684556e-01,6.340614535957642128e-02,3.345192306200159976e-02,1.313200326518595140e-01,-8.126384087656636501e-02,-1.710003268313340652e-01,1.972163539435997925e-01,1.000000000000000000e+00,4.278609840298224776e-01,3.488232127445487496e-01,6.658688842825039034e-01,3.222533988030982788e-01,1.955963001780684496e-01,-4.387933941521751091e-01,-1.133746964505220750e-01,2.036722239335350126e-01,1.302913054605958632e-01,-5.612805583066420717e-02,9.073234402160018641e-02,2.068902419231818599e-02,-3.496526046157498197e-03,3.304988133208665302e-02,8.883284158726525992e-02,-5.624381510759508124e-02,-9.807907199392852660e-02,1.196609143580057953e-02,-1.932501084599039937e-02,3.805593183241303551e-02,-1.630855664391178683e-02,5.949922071256779493e-02,6.255026921962855702e-02,1.607405593607047836e-02,-1.621010845680700974e-02,1.607153309996903526e-04,-2.101623599178131969e-03,2.420213692646484144e-02,3.939957516332081439e-02,2.989735095473132313e-03,-1.751884618487802373e-02,-4.614615818237240846e-03,-1.226220936640623135e-02,-2.422365365711787177e-02,1.685283473279643868e-02,2.380904282262126526e-02,-6.008240657709647790e-03,-1.996557612691951186e-02,-1.229173995969831332e-02,-1.532257270018779101e-02,-6.658506975339063653e-03,1.875194143565048904e-02,-1.079279070386798302e-02,-3.670087222592474663e-02,6.117173781523429360e-03,1.258574271712304196e-02,1.384913979968293131e-03,1.806456271875557518e-02,2.000463387975743787e-02,-6.349667383709792050e-03,2.602547144810476304e-02,3.297075472496229214e-03,-3.887143810568270946e-03,1.210163646144451696e-02,8.602934742960808776e-03
8.421710826894349133e-02,4.682917883057119424e-02,7.571239108269647855e-02,1.294642050337697636e-01,3.857785625692299741e-02,3.024164149365435664e-02,2.460441532804402420e-01,-1.418312193559139733e-01,1.926881725755358044e-01,4.104097114113232081e-01,4.278609840298224776e-01,1.000000000000000000e+00,3.964809630784251748e-01,4.276501564012321621e-01,4.144804507457794385e-01,2.038030863773491741e-01,-2.762101103453336592e-01,-2.501003656892395247e-02,2.704333655206350162e-01,2.407740529565158827e-01,7.805127921680341668e-03,2.586478269096047500e-01,4.633547413878045390e-02,2.547315223638718651e-02,-9.725128060765003690e-02,5.055778819301800370e-02,7.557111525780629835e-02,2.340965299298438523e-02,9.468380962666363143e-02,9.097998109038628323e-02,1.186421268893629727e-01,-2.802000050458987312e-02,1.195410982263997446e-01,4.830054492616638051e-02,-4.733293067967245943e-03,3.529938642077686678e-02,1.900008712184630272e-02,-7.614632662726502667e-03,3.548351857961117017e-02,1.743089712602011870e-02,-9.781568041978712640e-04,2.377521606652514136e-02,1.361692055627071636e-02,-6.405210965218139513e-03,-1.269425528326297015e-02,2.438524070957489437e-02,2.241212614217256288e-02,7.188445840286699501e-03,-3.202503753665012637e-02,-3.076407257593544858e-02,-5.376360667229540535e-02,1.043898347101272772e-03,-1.173465716647464040e-02,-2.894599387392420009e-02,-5.078245631867253640e-02,-1.624821126007140737e-02,3.335385103636196152e-03,-3.511691672462061153e-02,-2.813943595312948243e-02,1.483904215348014199e-02,9.667004791137488728e-03,1.893332544624226274e-02,-3.688779698594783687e-03,-4.620947735922453087e-02,-2.166304385223880372e-02,-2.034662689986263193e-02
-7.993936285887617496e-03,-2.496737331862117562e-02,-5.201797564448432110e-02,-6.080751544790059110e-02,-8.127618869779267008e-02,-4.230784109417748211e-04,-5.667306419011647334e-02,-2.910929999221668618e-01,-7.703227440375746971e-02,4.790394617857318682e-02,3.488232127445487496e-01,3.964809630784251748e-01,1.000000000000000000e+00,3.153151164073767498e-01,1.947010488441311138e-01,2.642249080569424868e-01,-1.996547884795177308e-01,-1.393472154076673963e-01,1.767940459283988963e-01,3.445103773091792720e-02,-1.434805801077739529e-01,1.646150590540399195e-01,7.531076902814651253e-02,-1.385594123790005912e-02,-1.152243302924638169e-01,-8.001588158607945978e-02,4.610910246604515636e-03,-3.183784205933263417e-02,-1.933816941286945271e-02,-2.652190110288834071e-02,-1.294528699306734133e-03,4.539329195781476034e-03,3.651614280203027002e-02,-9.644285741642657714e-03,-2.944746606405602984e-02,-2.894497175310093047e-03,-2.248264790569047891e-02,-2.456246449724404715e-02,8.322642599131711144e-03,-9.943622512607566688e-03,-2.206832234687398572e-02,-1.183374109948495331e-02,4.649857113897216607e-03,-5.002120104668961176e-02,-6.994974984436863608e-02,-1.914447468077104877e-02,-3.281906632328714796e-02,-3.497118807477862801e-02,-2.994834736219388616e-02,-4.157595200659357226e-02,-6.038866779691838549e-02,-3.569620049440789394e-02,-1.293398253238621856e-02,-3.769566041773651094e-02,-2.860981574272230057e-02,-4.222087513917238862e-03,6.787357203789486310e-04,-2.803201207821031868e-02,1.230147755394620825e-02,4.402747509717388347e-03,-1.878498821643936195e-02,-1.602226961078570544e-02,5.891529794088635943e-04,-4.203685892377811290e-02,6.349865437011549887e-03,-1.350274808359396700e-02
9.880563622246085753e-02,8.030453207597045007e-02,9.117047588376657463e-02,1.212335454020999764e-01,6.249524563902215946e-02,4.518750314200368351e-02,1.680269473804539559e-01,-2.994276368817220743e-02,-1.014099385330560349e-01,2.596708710616334459e-01,6.658688842825039034e-01,4.276501564012321621e-01,3.153151164073767498e-01,1.000000000000000000e+00,2.910687108360919262e-01,2.734899056761882497e-01,-4.691589305306285151e-01,-1.946524084877387928e-01,2.237037409748835193e-01,1.499056366216548197e-01,-6.111884883012299458e-02,6.974196732472422167e-02,1.716873400051156795e-02,-8.077715230130217902e-03,4.611033802429820999e-02,8.119778096903323972e-02,-5.550673205079480893e-02,-1.089357545146359685e-01,4.353065063256911921e-02,-2.492623237277731552e-03,5.148089475213390998e-02,-3.638302668262791834e-02,6.465035558647695690e-02,6.200463421419599719e-02,2.063468395607686440e-02,4.883171775986168070e-03,2.458245738003549813e-02,1.012609121383230108e-02,3.534908155138921648e-02,3.422177556450271829e-02,1.377303434895926944e-02,2.560139126327941501e-03,1.856013407617650504e-02,1.000353935775329453e-02,2.516038501338691002e-03,3.719140432068594737e-02,5.231669251096596196e-02,3.162961220628946607e-02,-1.801983674791031095e-02,3.688204387932905032e-03,4.058568784686690002e-03,-1.186248230200778351e-03,9.403815611641790431e-03,-2.383715690215021041e-02,-3.766852117229060187e-02,-9.326250501717923622e-03,7.724328858330009422e-03,5.360889725021883434e-03,-3.229269701817760480e-03,1.104178393700097106e-02,-5.979821838673303296e-03,3.055389245417733379e-02,5.883393722832701463e-03,-8.744631070562067579e-03,2.440095596635561900e-02,1.329573048857125676e-02
3.015478108376201671e-02,1.979651658295675937e-02,1.161426216843897130e-02,1.136528595879329057e-02,-5.161987383891246742e-03,-9.118172196090251758e-02,7.790231309988755737e-02,-1.207277048361664502e-02,6.453021742963925556e-02,1.401037510663540320e-01,3.222533988030982788e-01,4.144804507457794385e-01,1.947010488441311138e-01,2.910687108360919262e-01,1.000000000000000000e+00,1.452202150039525776e-02,-3.822915026458361676e-01,3.499970119570409155e-01,4.851433338109304438e-01,4.182349791543024664e-01,1.240069830974613319e-02,3.120803534320825690e-01,5.281503027991638760e-02,5.529219253898978031e-02,-1.006611502533280161e-01,1.662366042477221584e-01,5.583242778785864335e-02,-2.678795560742937634e-02,6.483273139379340522e-02,3.421488736779674383e-02,1.010963861625056026e-01,1.023051279407910345e-02,8.985337657445179038e-02,8.424391696543680197e-02,3.957938893091957067e-02,6.735588575847999138e-02,6.352123660595997146e-02,6.044328467611648908e-02,8.312738790197292393e-02,6.162380387965090550e-02,3.294511168375888893e-02,3.606162326992753270e-02,2.600479106933554357e-02,6.096582791662044643e-03,-2.236351632534529232e-03,4.796050902649861419e-02,4.755323867554193951e-02,1.789226488088828393e-02,5.209580148768630341e-03,-2.292901074324655425e-02,-9.837084146641101451e-03,2.429048744953487757e-02,-1.571432835587204891e-03,-1.614652180161418524e-02,-4.573704826266736245e-02,-1.647548645420688490e-02,6.236224516129437213e-03,-1.917498600719996435e-02,-2.928534500957998606e-03,3.401152710286278746e-02,-4.345623608134239427e-05,1.222971734374592168e-02,-1.748616506373647803e-03,-6.185299899729545213e-03,4.020919007018521583e-03,4.243149722815676983e-03
7.258694736245577261e-02,6.302014986467788238e-02,7.282502679705528392e-02,9.478454319625700952e-02,1.184293143583665664e-01,5.863527486639798919e-02,1.747963351647206509e-01,4.792257150701828561e-02,1.473978338770081005e-02,2.202658583502668799e-01,1.955963001780684496e-01,2.038030863773491741e-01,2.642249080569424868e-01,2.734899056761882497e-01,1.452202150039525776e-02,1.000000000000000000e+00,1.928029898206901419e-02,-4.018892881732879507e-01,3.542355052163930762e-01,8.304128566622089036e-02,-1.952641452999906158e-01,1.358482138246144555e-01,1.900877687816740214e-01,8.923727832016564721e-02,-4.666320170199759337e-02,-4.423739758636881236e-02,-3.130305577304111353e-02,-1.198056834133200826e-01,7.100246150092232034e-02,2.120467695213490086e-02,4.293144379346141432e-02,-7.108584535431039519e-02,4.738161755943939152e-02,4.880538474155656642e-02,4.106784147097324164e-04,-9.867069749001981110e-03,1.259766580868576513e-02,1.676587251700891595e-02,2.021474499332573393e-02,-2.027733129330442155e-02,-1.720936095056976520e-02,2.399941019279660387e-02,3.332892002804829345e-03,-9.339445298108397381e-03,-3.833498918843569660e-03,-3.293571922148975581e-03,2.430456580345932011e-03,2.286369080014652444e-02,4.269480375412984530e-03,1.614854346563211404e-02,-2.160389783838344985e-02,9.816717353516428782e-03,-2.205537055826993151e-02,-3.242309007590337550e-02,-9.489659986727516650e-03,-2.833437926975611310e-02,-1.841304745509844340e-02,-1.964668492261298013e-02,7.102261334386332330e-03,-4.527569257576352646e-02,-6.515373214370250021e-02,-4.116955504060752780e-02,-1.210801873755671353e-02,-1.872097287499151219e-02,8.813891544987280044e-03,-1.968960238008544365e-03
-2.369892032833224860e-02,-2.654169907493066430e-02,-4.165786250710348804e-02,-3.252283971573975002e-02,4.719263365290710111e-02,1.222456902907228804e-01,-3.575466975230968264e-02,4.762546415451652387e-02,2.778373452252454537e-02,-1.020091246134683799e-01,-4.387933941521751091e-01,-2.762101103453336592e-01,-1.996547884795177308e-01,-4.691589305306285151e-01,-3.822915026458361676e-01,1.928029898206901419e-02,1.000000000000000000e+00,7.940596074451214403e-02,-9.796623846364517496e-02,-9.332488260438458194e-02,6.547626322433879043e-03,-3.030859628539705683e-02,9.498748798770402513e-02,9.436936993913741523e-02,-3.244848081229495529e-02,-6.412508060369437324e-02,4.366425658552543221e-02,3.140258381649408542e-02,1.553670827146916116e-03,7.562402655615594986e-03,-1.388620250431560517e-02,1.209425985080330238e-02,-3.305396155447459100e-02,-4.384162996764721931e-02,-8.818587199089742215e-03,-2.271115498982612113e-02,-8.348065210122523547e-03,1.902894393982695886e-02,-1.011578058518342212e-02,-8.128683341999318884e-03,1.164835430198716583e-02,1.772234024505858763e-02,1.898617878906745660e-02,1.618194648762236176e-02,3.420146852644148638e-02,9.028040285347529656e-03,6.104897964425478468e-04,-6.705295919948103811e-03,5.789175894718416246e-03,4.837889178463074778e-03,-1.019945496137391813e-02,-7.905174402642980644e-03,-3.880096221569467874e-02,-2.235287097995892341e-02,-9.817916580320480355e-03,-3.045217751532657002e-02,-9.071775041009434368e-03,-2.586320081096589452e-02,-2.459562899345775835e-02,-4.101017112644313872e-02,-3.031636518622519288e-02,-1.010898452953512203e-02,9.203145274601616868e-03,1.360414293212396748e-03,-1.136835289929962432e-02,-1.643936490285383481e-02
-2.575556675230763343e-03,-2.614717861474766605e-02,-3.935498388644526752e-02,-7.365074289463034718e-02,6.276736626033859942e-03,-2.036970265716448250e-02,-1.190191382017992405e-01,-1.616214840333689284e-02,6.441811819488363865e-03,-1.389966381577891208e-01,-1.133746964505220750e-01,-2.501003656892395247e-02,-1.393472154076673963e-01,-1.946524084877387928e-01,3.499970119570409155e-01,-4.018892881732879507e-01,7.940596074451214403e-02,1.000000000000000000e+00,1.735312301440026239e-01,2.224961024693125622e-01,8.823515593358249864e-02,1.690262010494186229e-01,-3.811169793259936572e-02,7.304092323014156098e-03,-1.012149832230310187e-01,1.228491577600216711e-01,7.159217635943215807e-02,5.601574945155991803e-02,5.937831220355719100e-03,1.027476929540728154e-02,5.083061494138796377e-02,7.446047075090247991e-02,2.711722124734770520e-02,1.982547792750018884e-02,2.228228082312960767e-03,4.971820961976546743e-02,1.686786614255372449e-02,2.197132407989423747e-02,4.386013367151333359e-02,5.918355261207614015e-02,3.084064067958630292e-02,1.603894605981013091e-02,1.470939240153027253e-02,-2.628272223543298529e-03,-1.627327261346474957e-02,2.430932962166579281e-02,2.566349871541302383e-02,-4.656270260887850759e-02,2.938749697701757962e-03,-2.325040643553076547e-02,-1.730182447389397651e-02,-2.330949655911319571e-02,5.118767583611632307e-04,-1.140257272752504816e-03,-4.531931535557386093e-02,-2.086390738981735646e-02,1.466592043205667238e-02,-1.752880443402719465e-02,-1.169590594451517217e-02,5.089346292018990386e-02,3.110480446856594972e-02,6.388802471787359549e-02,3.196033889845458636e-02,1.641693623614005199e-02,-8.073329612902659796e-03,-1.033104208828345902e-02
4.340373373802014489e-02,3.592035769184009908e-02,2.056052173655366008e-02,4.149857227537441517e-02,4.750145271552438930e-02,-2.821248955212351042e-02,6.904185896800169031e-02,4.371363772761426014e-02,5.033835988215997273e-03,1.093315803038360512e-01,2.036722239335350126e-01,2.704333655206350162e-01,1.767940459283988963e-01,2.237037409748835193e-01,4.851433338109304438e-01,3.542355052163930762e-01,-9.796623846364517496e-02,1.735312301440026239e-01,1.000000000000000000e+00,4.575777828767077504e-01,-9.435999214880420871e-02,3.501346749198052111e-01,1.291360841261545711e-01,4.657409811391913929e-02,-1.193432988089179608e-01,1.345683923826954675e-01,3.408802143328783230e-02,-8.263723816737611472e-02,1.012684466390098292e-01,3.536586769541423536e-02,9.821615005798811637e-02,-3.550462649586175971e-03,7.412936420810911642e-02,6.184250139149971570e-02,2.840944308938283744e-02,5.397554011080982900e-02,5.946532606139611626e-02,5.690729816365785315e-02,8.165907518568459034e-02,2.925476778414137086e-02,2.683554794258339107e-02,5.698764614458551314e-02,3.856186832359720373e-02,8.643491114653494706e-03,8.574218787723665580e-03,3.544908785435440385e-02,3.632263994219148140e-02,9.948975991173518788e-03,-1.465720855818480103e-03,-1.894227073465302308e-02,-2.720990695919128094e-02,-2.558691268498614405e-02,-6.167931522947453504e-02,-7.521354145131085855e-02,-6.502387456507065233e-02,-5.008644702579609365e-02,-2.770647498390407804e-02,-2.415910075275841395e-02,8.206402907318874340e-03,-4.791152808319332386e-03,-2.941176361153292548e-02,-9.338914809401885602e-04,7.379022387867046479e-03,-8.828997924643755546e-03,1.228284675798690072e-02,4.483246259986747168e-03
4.302170235788656261e-02,5.409275773552061489e-02,4.631726539686641803e-02,9.647332957128326725e-02,6.384711570361262245e-02,-7.471371536210802411e-03,9.745065982094368306e-02,7.504364212590407257e-02,6.496068725649944975e-02,1.378337311968593215e-01,1.302913054605958632e-01,2.407740529565158827e-01,3.445103773091792720e-02,1.499056366216548197e-01,4.182349791543024664e-01,8.304128566622089036e-02,-9.332488260438458194e-02,2.224961024693125622e-01,4.575777828767077504e-01,1.000000000000000000e+00,2.988144228969126237e-01,3.496823643178245122e-01,-3.249521258606649643e-02,-9.182107928642975134e-03,-7.224728089352379368e-02,2.513732882184802064e-01,1.394233869009602889e-01,4.409909468895200496e-02,1.526581462819290858e-01,1.205235081468885860e-01,1.611911330353269778e-01,-2.328766151045887425e-02,1.117591078865453752e-01,8.883703184314033219e-02,5.345819929844603663e-02,5.578448167461196039e-02,1.120887222057026095e-01,6.604619449535212294e-02,4.525872355325703117e-02,3.667314477693937175e-02,4.673142533255685016e-02,5.331103507679309239e-02,3.782094808530817032e-02,3.080401714113080100e-02,1.842448683231029047e-02,5.600929277294992154e-02,7.595602824318721524e-02,1.889099227111036561e-02,-4.381692448875769419e-02,-4.611111467213056120e-02,-3.088598711883734985e-02,-2.108185329852773487e-02,-8.565944908263316282e-02,-8.624172906499336100e-02,-7.156802672772782925e-02,-5.607220776950667951e-02,-4.385251045046242163e-02,-1.607615827437371483e-02,-1.087302002765913773e-02,-2.730221454932414346e-02,-1.121354930752255404e-02,1.207783322620654834e-03,1.523564690501622368e-02,2.894252892440201102e-03,2.486639307254796382e-03,2.868455430147616534e-03
1.362730305694441826e-02,2.948953470361346738e-02,2.939117001699271745e-02,7.109565767896142141e-02,2.230962304562289500e-02,1.482249801171467603e-02,4.221101511437026950e-03,2.181206312334153536e-03,6.199115092102433153e-03,3.134317176893675755e-02,-5.612805583066420717e-02,7.805127921680341668e-03,-1.434805801077739529e-01,-6.111884883012299458e-02,1.240069830974613319e-02,-1.952641452999906158e-01,6.547626322433879043e-03,8.823515593358249864e-02,-9.435999214880420871e-02,2.988144228969126237e-01,1.000000000000000000e+00,1.397454783324227623e-01,-1.569220558738961269e-01,-3.488060895595548883e-02,-3.574996767059379632e-02,1.304587245145498731e-01,1.515689431536635101e-01,1.912675917425273320e-01,1.339660759092872189e-01,2.396700909727620399e-01,1.928741078013221644e-01,-2.750046723761142078e-02,1.086778978076048952e-01,3.783083840923287533e-02,2.074909091424211732e-02,3.731847270006227735e-02,3.707561853177346323e-02,4.356861052321933658e-02,-4.615383640784338597e-03,7.563262295078084646e-03,5.343885242999952406e-02,3.548682004483771912e-02,9.706783105442155085e-03,2.592952080738696041e-02,4.227303498431548429e-02,2.911714015570124325e-02,3.704743292763112289e-02,1.755460916974251745e-02,-3.254885842079974223e-02,-1.069321211471946712e-02,-1.949998475387835356e-02,-4.915875829162768412e-02,-5.398981298558475778e-02,-3.836100651486411273e-02,-3.700294655819772599e-02,-2.413523282715336962e-02,-2.917091869376423063e-02,-2.058680930546560872e-02,-2.530602619318020330e-02,-8.894441976051849913e-03,4.640074883780447154e-04,6.267154728436268377e-03,-5.198307766248089386e-03,-1.985816308114696921e-02,-3.215459061558346987e-02,-2.455362801445794621e-02
-2.016458517195005018e-02,-3.058711934073612276e-03,1.740476756821161125e-02,2.550270281143285703e-02,8.813870828880226299e-03,-2.149898759992858663e-02,6.031832929192824932e-02,-3.898647637539962713e-02,5.689485496018207439e-02,1.078413822391537658e-01,9.073234402160018641e-02,2.586478269096047500e-01,1.646150590540399195e-01,6.974196732472422167e-02,3.120803534320825690e-01,1.358482138246144555e-01,-3.030859628539705683e-02,1.690262010494186229e-01,3.501346749198052111e-01,3.496823643178245122e-01,1.397454783324227623e-01,1.000000000000000000e+00,2.302810502312463703e-01,1.809358051642145082e-01,-2.199669743059997074e-01,1.995505922963942969e-02,9.622330173881911419e-02,4.336970057938353135e-02,8.970252302495325403e-02,1.600343973444473822e-01,1.835854862347393035e-01,3.315179877943561643e-02,1.318730730116369487e-01,5.681307100473025756e-02,5.080076971078820863e-02,9.773588239335131989e-02,4.536312767777753163e-02,1.517777439693636203e-02,4.185121438720245529e-02,4.057526186132337509e-02,4.454964502590584574e-02,6.128665512716459374e-02,2.679993049512937459e-02,1.588665437765750255e-02,9.195456343676690694e-03,8.273115941988547217e-03,6.367227825639543322e-03,1.256512340583672976e-02,-8.785904286172303498e-03,-2.330278905688447366e-02,-7.678859052138779784e-02,-2.571191498497239075e-02,-7.265908219092472031e-02,-5.788667231838709459e-02,-4.986171035681433161e-02,-4.884383220377919166e-02,-3.770449896943109391e-02,-7.605660409020560675e-02,-4.057785572128697060e-02,-4.514060343081109823e-03,-1.634538103980459275e-02,-4.418056836748467456e-03,-2.031075917761221428e-02,-4.324267598206601310e-02,-2.259972201892876051e-02,-4.293384940092278418e-02
-1.699261046278437159e-02,-8.116193561660489881e-04,-9.856248494928693260e-03,-6.193988080449007796e-03,3.015040461829533031e-02,-4.655479008767805793e-02,2.859135869220411075e-02,-1.508345751567451501e-02,5.168111156062438552e-03,2.047509068050407111e-02,2.068902419231818599e-02,4.633547413878045390e-02,7.531076902814651253e-02,1.716873400051156795e-02,5.281503027991638760e-02,1.900877687816740214e-01,9.498748798770402513e-02,-3.811169793259936572e-02,1.291360841261545711e-01,-3.249521258606649643e-02,-1.569220558738961269e-01,2.302810502312463703e-01,1.000000000000000000e+00,4.798195964865859531e-01,-1.604392596923479852e-01,-9.395629425189976069e-02,-2.052183332570846896e-01,-2.000732712452370221e-01,-8.155623679190340813e-02,2.408206837626199887e-02,9.117263887938559241e-02,4.066290902614273783e-02,8.612669077117338090e-02,4.969519636298148912e-02,-1.584408338819825665e-02,-3.670855030048131296e-02,-5.904823585028887850e-02,-4.031465703759449376e-02,-1.759228402244803965e-02,-4.474685713946748890e-03,-2.208863016790045541e-02,5.262188675625970209e-03,1.726001872822121794e-02,1.714058130508199157e-03,-1.929389537681749575e-02,-2.466750132822674579e-02,-2.912971693347324656e-02,-7.865709977901837874e-03,2.239609083980383455e-02,-8.541235458688270846e-03,-3.094597021166401590e-02,-5.100096491639780245e-03,-2.204718258117921784e-02,-1.340635703537336812e-02,1.780619057834946159e-02,-1.840140755287933416e-02,-9.363937961133026594e-03,-3.637612054199158146e-02,-1.562301754176730062e-02,2.793141495167017051e-03,-1.035147866834021380e-02,-4.064991765432859894e-03,9.409101779677599836e-03,1.504959043955324781e-02,2.210772392858599902e-02,-9.350613091272563966e-04
